,2009,2010,2011,2012,2013,2014,2015,2016,2017,2018,2019,2020,ups,downs,end_day_sum,avg
01-02,-17.999998092651364,-9.689998626708984,5.040000915527344,18.59999847412108,8.710006713867188,21.929992675781307,-6.8599853515625,-61.57998657226557,14.610000610351477,-14.3699951171875,17.889999389648438,-24.780006408691406,6.0,6.0,03-02,-4.041664282480874
01-03,-20.1299991607666,-8.790000915527344,5.390007019042969,18.59999847412108,8.449996948242188,21.40997314453125,0.8900146484374432,-58.199996948242045,14.610000610351477,-19.110000610351562,21.550003051757812,-24.499999999999986,7.0,5.0,03-03,-3.319166978200277
01-04,-21.14999961853027,-7.399997711181641,5.8600006103515625,20.419998168945327,7.4799957275390625,19.910003662109318,-2.199981689453182,-57.35998535156247,9.839996337890625,-28.699981689453153,11.889999389648438,-24.809997558593736,6.0,6.0,03-04,-5.518329143524177
01-05,-20.98999977111816,-7.529994964599595,7.230003356933594,19.23999786376953,4.519989013671875,28.839996337890568,-3.160003662109432,-59.69998168945315,8.1199951171875,-32.040008544921875,10.699996948242188,-31.199996948242173,6.0,6.0,03-05,-6.330833911895762
01-06,-21.030000686645504,-7.859996795654311,9.079994201660156,18.159996032714858,4.5500030517578125,25.709991455078068,0.41998291015625,-55.82998657226565,8.30999755859375,-31.52998352050784,9.489990234375,-30.189994812011705,7.0,5.0,03-06,-5.89333391189576
01-07,-20.67000007629394,-7.809997558593757,10.020004272460938,17.409996032714858,5.1999969482421875,28.80999755859375,-1.71002197265625,-45.14999389648443,7.8600006103515625,-28.209991455078125,6.6999969482421875,-29.55999755859375,6.0,6.0,03-07,-4.759167512257897
01-08,-20.49999809265137,-7.319999694824219,9.099998474121094,15.860000610351562,4.399993896484375,26.010009765625,-5.220001220703125,-40.790008544921875,7.4600067138671875,-27.91998291015625,3.8899993896484375,-29.519996643066406,6.0,6.0,03-08,-5.379164854685466
01-09,-20.800001144409176,-7.549999237060547,8.610000610351562,16.95999908447267,4.0399932861328125,27.170013427734432,-11.589996337890568,-33.15998840332031,8.600006103515625,-32.57998657226557,0.2899932861328125,-36.540000915527344,6.0,6.0,03-09,-6.379163901011133
01-10,-18.300001144409176,-6.869998931884773,8.260002136230469,16.19000244140625,3.649993896484375,29.519989013671875,-11.17999267578125,-40.47999572753906,10.930007934570227,-36.70999145507807,-1.589996337890625,-39.459999084472656,5.0,7.0,03-10,-7.169998327891034
01-11,-15.470001220703121,-6.040000915527344,8.030006408691406,14.450004577636705,2.32000732421875,33.19001770019523,-17.03997802734375,-39.92999267578125,11.589996337890653,-37.44999694824219,-1.1199951171875,-49.39999771118164,5.0,7.0,03-11,-8.072494188944505
01-12,-14.100000381469723,-4.930000305175781,6.450004577636719,14.900001525878906,1.600006103515625,34.37001037597648,-14.329986572265568,-44.10000610351568,12.259994506835938,-37.17999267578125,0.8600006103515625,-48.85999679565429,6.0,6.0,03-12,-7.754997094472256
01-13,-14.089998245239254,-4.910003662109375,6.4600067138671875,16.87000274658203,0.589996337890625,34.87001037597648,-10.519989013671818,-35.399993896484375,10.649993896484375,-20.010009765625085,-0.2299957275390625,-55.13999938964843,5.0,7.0,03-13,-5.904998302459725
01-14,-12.170000076293942,-3.990001678466797,6.569999694824219,14.620002746582045,0.6699981689453125,30.05999755859375,-4.339996337890568,-48.179992675781335,17.82000732421875,-25.44000244140625,2.910003662109375,-54.870002746582024,6.0,6.0,03-14,-6.361665566762288
01-15,-9.770000457763672,-2.8899993896484375,6.1100006103515625,16.170005798339858,1.7400054931640625,32.3800048828125,3.800018310546818,-39.67999267578128,15.529998779296875,-27.740005493164062,3.44000244140625,-55.9000015258789,7.0,5.0,03-15,-4.734163602193202
01-16,-11.55999946594238,-3.150001525878892,8.049995422363281,15.700004577636719,0.4600067138671875,23.180007934570312,-5.379974365234375,-37.100006103515625,15.550003051757812,-27.740005493164062,2.30999755859375,-67.20999908447266,6.0,6.0,03-16,-7.240830898284911
01-17,-9.290000915527344,-1.5699996948242188,9.279998779296875,15.700004577636719,1.720001220703125,21.699981689453068,-3.959991455078125,-41.27000427246094,15.550003051757812,-27.930007934570312,0.0,-63.40000534057617,5.0,7.0,03-17,-6.9558350245157925
01-18,-7.630001068115234,-1.05999755859375,9.279998779296875,14.47000122070311,2.0399932861328125,27.06001281738284,-4.3699951171875,-44.6300048828125,13.930007934570312,-27.69999694824216,-0.1100006103515625,-75.73999786376953,5.0,7.0,03-18,-7.871665000915524
01-19,-7.319999694824219,-1.05999755859375,10.020004272460938,16.450004577636705,-0.5099945068359375,33.30000305175784,-0.6199951171875,-44.6300048828125,14.8699951171875,-32.730010986328125,1.089996337890625,-80.9799976348877,5.0,7.0,03-19,-7.676666418711343
01-20,-7.319999694824219,-0.9399948120117188,9.650001525878906,16.38000488281253,-0.339996337890625,29.68000793457034,-0.6199951171875,-39.6300048828125,14.45999145507821,-31.99999999999997,1.2299957275390625,-89.23999786376953,5.0,7.0,03-20,-8.224165598551417
01-21,-8.840000152587884,1.3199996948242045,9.489997863769531,15.819999694824219,-0.8800048828125,29.68000793457034,-2.260009765625,-43.25,15.989990234375,-34.17001342773432,-2.290008544921875,-89.23999786376953,5.0,7.0,03-21,-9.052503267923983
01-22,-8.819999694824222,2.75,10.200004577636719,15.989997863769531,-0.8800048828125,22.470001220703125,-2.029998779296875,-40.52000427246094,10.739990234375,-35.07000732421869,-2.290008544921875,-89.01000213623048,5.0,7.0,03-22,-9.7058359781901
01-23,-8.309999465942393,4.029998779296889,10.959999084472656,16.669998168945312,-1.1699981689453125,38.329986572265625,-4.089996337890625,-35.089996337890625,12.319992065429688,-34.00000000000006,-5.32000732421875,-86.4200038909912,5.0,7.0,03-23,-7.674168904622399
01-24,-4.740001678466797,4.3300018310546875,10.779998779296875,14.959999084472656,-1.029998779296875,36.779998779296875,-6.0,-35.06999206542969,14.659988403320312,-32.709991455078125,-3.2100067138671875,-79.85000228881836,5.0,7.0,03-24,-6.758333841959636
01-25,-5.100002288818359,4.0500030517578125,10.879997253417969,14.319999694824219,-0.589996337890625,38.689987182617244,-6.44000244140625,-35.06999206542969,13.610000610351477,-32.4800109863281,-13.150009155273438,-74.63000106811523,5.0,7.0,03-25,-7.159168879191081
01-26,-5.130001068115234,3.8800048828125,10.919998168945312,15.540000915527315,0.3799896240234375,36.53999328613281,-10.389984130859375,-39.27999877929685,21.220001220703125,-46.840011596679545,-14.649993896484375,-63.6400032043457,6.0,6.0,03-26,-7.620833714803048
01-27,-6.810001373291016,3.7400016784667898,12.099998474121094,15.580001831054688,0.6999969482421875,30.569992065429744,-4.489990234375,-36.47999572753906,21.439987182617216,-34.260009765625,-8.779998779296875,-67.1400032043457,6.0,6.0,03-27,-6.152501742045078
01-28,-7.880001068115234,4.630001068115234,13.610000610351562,16.33999633789061,0.6999969482421875,26.639999389648494,0.160003662109375,10.800003051757812,15.25,-37.3900146484375,-7.6999969482421875,-68.82000350952148,8.0,4.0,03-28,-2.805001258850094
01-29,-6.430000305175781,4.660003662109375,12.970001220703125,15.529998779296875,1.9600067138671875,27.580001831054744,-1.269989013671875,11.980010986328097,16.520004272460938,-37.3900146484375,-6.75,-71.18000411987303,7.0,5.0,03-29,-2.651665051778154
01-30,-5.25,3.3699989318847656,12.870002746582031,14.729995727539048,4.4900054931640625,24.28001403808588,6.920013427734375,4.479995727539148,17.150009155273438,-35.470001220703125,-8.5,-69.63000106811523,8.0,4.0,03-30,-2.5466639200846344
01-31,-7.349998474121087,2.979999542236328,14.319999694824219,13.829994201660156,2.1100006103515625,34.57000732421869,8.480010986328125,6.210006713867244,16.949996948242188,-37.54000854492193,-5.1999969482421875,-66.31999969482422,8.0,4.0,03-31,-1.4133323033650764
02-01,-4.3899993896484375,2.979999542236328,12.799995422363281,13.619995117187472,5.1399993896484375,36.720016479492216,4.730010986328125,9.400009155273523,14.94000244140625,-35.2099914550781,-6.350006103515625,-66.28999710083008,8.0,4.0,04-01,-0.9924971262613838
02-02,-5.209999084472663,2.5400009155273438,9.489997863769531,13.590003967285142,5.470001220703125,36.83000183105466,4.730010986328125,21.670013427734375,22.900009155273466,-37.050003051757784,-4.910003662109375,-66.93999481201172,8.0,4.0,04-02,0.2591698964436849
02-03,-3.2199974060058665,9.299999237060547,8.050003051757812,10.389999389648438,4.94000244140625,36.150009155273466,0.970001220703125,21.260009765625,20.860000610351562,-30.779998779296875,-5.5,-69.54999542236328,8.0,4.0,04-03,0.2391694386800154
02-04,-4.6899986267089915,10.94000244140625,9.419998168945312,10.599998474121094,3.510009765625,35.20001220703125,3.92999267578125,22.589996337890625,23.839996337890597,-32.58000183105469,-1.5500030517578125,-71.36000061035156,8.0,4.0,04-04,0.8208335240681942
02-05,-3.9099998474121094,8.990001678466797,6.2599945068359375,11.22000122070311,2.660003662109375,37.68000793457031,14.849975585937557,33.899993896484375,24.479995727539034,-31.30999755859375,-2.0299987792969603,-75.80999755859375,8.0,4.0,04-05,2.2483317057291594
02-06,-3.0999984741210938,9.159996032714844,5.799995422363281,11.22000122070311,3.260009765625,7.779998779296818,19.269989013671818,30.970001220703097,23.769989013671932,-34.0,-0.4000091552734375,-78.20999908447266,8.0,4.0,04-06,-0.3733355204264406
02-07,-2.0500030517578125,10.139999389648423,6.180000305175781,11.260002136230455,4.279998779296875,-2.389984130859318,23.58001708984375,26.25999450683591,25.149993896484432,-39.279998779296875,17.639999389648438,-79.42999839782715,8.0,4.0,04-07,0.11166842778524237
02-08,-2.240001678466797,9.919998168945312,6.94000244140625,9.79000091552733,1.2700042724609375,-11.57000732421875,25.1199951171875,30.720001220703097,24.5,-30.670013427734347,12.789993286132812,-72.28000259399413,8.0,4.0,04-08,0.3574975331624349
02-09,-2.240001678466797,10.759998321533203,6.75,8.72000122070314,1.6300048828125,-11.779998779296932,25.8800048828125,37.34001159667969,24.720001220703153,-34.91999816894531,13.240005493164062,-67.87000274658202,8.0,4.0,04-09,1.0191688537597656
02-10,-0.2700004577636719,11.569999694824219,6.94000244140625,8.480003356933594,0.9000091552734375,-2.920013427734432,19.55999755859375,32.36000061035159,24.009994506835938,-41.96998596191406,12.100006103515625,-67.87000274658202,8.0,4.0,04-10,0.24083423614501834
02-11,0.3100013732910156,10.199996948242188,6.470001220703125,7.4300003051757955,2.8000030517578125,-8.820007324218864,19.350006103515568,31.979995727539062,19.85000610351571,-37.839996337890625,11.360000610351562,-68.12000274658202,9.0,3.0,04-11,-0.4191662470499722
02-12,-0.06999969482421875,11.099998474121094,4.6100006103515625,4.3800048828125,3.899993896484375,-11.420013427734432,14.489990234375,32.620010375976506,10.52999877929696,-42.41999816894531,7.4300079345703125,-69.05999755859374,8.0,4.0,04-12,-2.8258336385091156
02-13,7.849998474121094,10.699996948242188,3.9200057983398438,4.8000030517578125,3.899993896484375,-25.63999938964841,14.21002197265625,19.209991455078097,10.52999877929696,-40.38999938964852,7.05999755859375,-62.77999877929686,9.0,3.0,04-13,-3.8858324686686188
02-14,11.15999984741211,10.599998474121108,4.370002746582031,3.339996337890625,6.1399993896484375,-33.72998046875,16.470001220703125,16.909988403320312,8.949996948242188,-44.18000793457031,8.770004272460938,-64.25,9.0,3.0,04-14,-4.62083339691162
02-15,9.40999984741211,13.080001831054688,5.099998474121094,2.9499969482421733,2.459991455078125,-32.15998840332034,16.839996337890625,27.649993896484347,7.769989013671875,-32.699996948242216,7.7199859619140625,-64.68000030517578,9.0,3.0,04-15,-3.046669324239103
02-16,10.069999694824219,13.080001831054688,5.75,5.3600006103515625,0.989990234375,-26.57000732421875,17.970001220703125,27.649993896484347,7.489990234375028,-38.699996948242216,-10.790008544921875,-64.09000015258789,8.0,4.0,04-16,-4.31583627065023
02-17,10.069999694824219,13.270000457763672,4.900001525878906,4.699996948242173,2.6999969482421875,-26.57000732421875,17.970001220703125,22.729995727539062,-0.1299896240234375,-34.02000427246094,-11.300003051757812,-65.97999954223633,7.0,5.0,04-17,-5.138334274291993
02-18,10.6500015258789,12.0,4.700004577636719,5.580001831054673,2.160003662109375,-26.57000732421875,19.33001708984375,17.050003051757784,-0.9500122070311647,-32.99000549316406,-11.300003051757812,-65.97999954223633,7.0,5.0,04-18,-5.52666632334391
02-19,15.0,9.990001678466804,7.1399993896484375,7.6699981689453125,2.160003662109375,-23.33001708984375,18.0,10.410003662109318,-1.4600067138671875,-30.96000671386716,-11.300003051757812,-66.84000015258789,7.0,5.0,04-19,-5.29333559672038
02-20,14.620000839233402,10.059997558593757,7.290000915527344,7.3699951171875,4.3300018310546875,-20.160003662109375,12.27001953125,4.1100006103515625,1.17999267578125,-30.96000671386716,-9.889999389648438,-70.05999755859376,8.0,4.0,04-20,-5.819999853769936
02-21,13.449998855590824,11.11000061035157,7.290000915527344,7.3699951171875,6.2899932861328125,-37.890014648437585,20.0,0.7299957275390625,1.17999267578125,-25.979995727539034,-6.470001220703125,-64.30000305175781,8.0,4.0,04-21,-5.601669788360599
02-22,14.030000686645511,11.059997558593757,7.290000915527344,7.109992980957031,6.0500030517578125,-42.08998107910156,25.239990234375,7.029998779296875,0.7700042724609375,-27.160003662109375,-11.459991455078125,-62.22999954223633,8.0,4.0,04-22,-5.363332271575927
02-23,12.960000991821293,12.229999542236328,7.420005798339844,5.810005187988281,9.530014038085938,-44.53999328613273,28.709991455078125,11.459991455078125,18.199996948242188,-32.769989013671875,-13.539993286132812,-62.75,8.0,4.0,04-23,-3.9399975140889416
02-24,11.030000686645508,11.819999694824219,9.669998168945312,6.5199966430664205,10.990005493164062,-44.21998596191406,32.139984130859375,7.16000366210929,14.700012207031335,-37.87001037597656,-11.269989013671875,-62.040000915527344,8.0,4.0,04-24,-4.2808321317036935
02-25,9.970001220703125,17.43000030517578,11.900001525878906,5.9199981689453125,10.420013427734375,-43.40000915527344,31.869995117187557,-10.0,14.099990844726591,-40.290008544921875,-9.489990234375,-57.06999969482422,7.0,5.0,04-25,-4.886667251586907
02-26,9.000001907348636,21.299999237060554,11.760002136230469,5.1399993896484375,10.210006713867188,-43.19999694824219,30.510009765624943,-6.699996948242159,16.24000549316409,-41.55999755859378,-9.75,-54.260002136230455,7.0,5.0,04-26,-4.2758307456970215
02-27,12.800001144409176,20.109996795654297,12.170005798339844,6.7700042724609375,8.100006103515625,-42.96998596191406,28.92999267578125,-6.230010986328097,15.559982299804659,-38.28999328613284,-8.470001220703125,-47.30999755859375,7.0,5.0,04-27,-3.235833326975507
02-28,14.289999008178711,18.789997100830078,13.910003662109375,7.340003967285142,7.5,-48.989990234375,22.399993896484375,-8.45001220703125,19.349990844726534,-36.86000061035159,-19.020004272460938,-45.47999572753906,7.0,5.0,04-28,-4.601667881011969
02-29,0.0,0.0,0.0,7.4900054931640625,0.0,0.0,0.0,-7.2100067138671875,0.0,0.0,0.0,-44.68000030517578,1.0,2.0,04-29,-3.7000001271565757
03-01,13.799997329711914,18.560001373291016,15.090003967285156,8.029998779296903,8.30999755859375,-43.260009765625,20.089996337890625,-10.58999633789071,14.709991455078068,-31.38999938964841,-16.80999755859375,-38.470001220703125,7.0,5.0,04-30,-3.4941681226094636
03-02,14.10999870300293,17.660003662109375,14.739997863769531,9.580001831054673,9.510009765625,-38.34001159667966,18.339996337890625,-11.430007934570284,16.600006103515682,-28.24000549316409,-14.319992065429688,-31.13000106811524,7.0,5.0,05-01,-1.9100003242492622
03-03,15.129999160766598,16.270000457763672,12.650001525878906,6.890007019042969,12.840011596679688,-36.30001831054685,21.42999267578125,-15.680007934570312,5.0,-28.720001220703097,-12.289993286132812,-24.740001678466804,7.0,5.0,05-02,-2.293334166208899
03-04,14.969999313354489,16.47999572753907,13.779998779296875,7.45000457763669,11.510009765625,-45.2300109863281,22.3900146484375,-12.91000366210946,8.029998779296847,-28.470001220703097,-15.819992065429688,-25.750003814697273,7.0,5.0,05-03,-2.7974991798400954
03-05,15.839998245239261,14.699996948242188,15.199996948242188,8.06999969482419,11.479995727539062,-42.1000061035156,14.600006103515625,-17.139999389648438,10.449996948242216,-32.52000427246091,-14.6099853515625,-24.139999389648438,7.0,5.0,05-04,-3.3475003242492627
03-06,17.780000686645504,17.15999984741211,12.610000610351562,9.619995117187486,10.830001831054688,-46.46002197265625,19.429992675781193,-18.86000061035159,8.820007324218722,-35.839996337890625,-11.819992065429688,-26.229999542236335,7.0,5.0,05-05,-3.580001036326102
03-07,15.940000534057614,16.299999237060547,12.0,8.519996643066378,14.05999755859375,-48.88999938964844,20.3800048828125,-19.210006713867188,9.220001220703097,-36.1300048828125,-11.020004272460938,-16.68000030517578,7.0,5.0,05-06,-2.959167957305913
03-08,16.039999008178707,15.40999984741211,12.489997863769531,6.01000213623044,16.099990844726562,-44.03001403808594,20.510009765625,-11.889999389648438,8.080001831054659,-41.529998779296875,-9.790008544921875,-17.68000030517578,7.0,5.0,05-07,-2.523334980010991
03-09,16.32000160217284,14.729999542236335,12.839996337890625,3.5100021362304688,14.839996337890625,-45.19001770019523,16.480010986328125,-12.44000244140625,5.75,-42.16999816894534,-14.94000244140625,-19.310001373291016,7.0,5.0,05-08,-4.131667931874588
03-10,13.490001678466786,13.900001525878906,13.419998168945312,2.690002441406236,15.669998168945312,-50.53001403808594,22.339996337890625,-7.819992065429574,7.290008544921903,-38.95999145507807,-18.089996337890625,-19.850002288818366,7.0,5.0,05-09,-3.870832443237291
03-11,12.120000839233388,9.389995574951172,12.05999755859375,2.05999755859375,16.519989013671875,-51.71000671386719,19.630004882812443,-7.740005493164006,9.53997802734375,-36.309997558593665,-19.020004272460938,-13.569999694824226,7.0,5.0,05-10,-3.9191708564758247
03-12,9.40999984741211,8.75,12.739997863769531,1.7900009155273438,17.529998779296875,-52.21000671386719,14.65997314453125,-11.569992065429688,12.389984130859318,-34.179992675781165,-17.930007934570312,-1.3199996948242188,7.0,5.0,05-11,-3.3283370335896785
03-13,12.120000839233395,11.880004882812486,13.57999420166017,0.23999786376953125,17.449996948242188,-42.63002014160148,19.129974365234375,-10.479995727539062,10.739990234374943,-28.75,-21.07000732421875,-2.329998016357422,7.0,5.0,05-12,-1.6766718228658017
03-14,11.299999237060554,12.360000610351548,14.849998474121094,0.7099990844726705,18.599990844726562,-42.169998168945256,12.05999755859375,-10.269989013671903,13.029998779296818,-26.449996948242188,-21.779998779296875,6.909999847412109,8.0,4.0,05-13,-0.904166539510093
03-15,10.950000762939453,13.880004882812486,12.910003662109375,-0.5,19.350006103515625,-39.170013427734375,7.350006103515625,-6.099990844726591,13.00999450683588,-21.57000732421878,-23.419998168945312,4.36000061035157,7.0,5.0,05-14,-0.7458327611287535
03-16,8.580001831054688,12.300003051757812,11.680000305175781,2.3299942016601562,19.479995727539062,-37.790008544921875,8.41998291015625,-2.7399902343750284,6.010009765624972,-21.039993286132812,-29.459991455078125,0.9500007629394531,8.0,4.0,05-15,-1.773332913716639
03-17,6.920001983642578,11.790000915527344,12.290000915527344,1.4899978637695312,20.659988403320312,-40.75001525878906,8.829986572265625,-3.4799957275389772,-1.5399932861328978,-20.40000915527341,-26.919998168945312,6.190000534057617,7.0,5.0,05-16,-2.076669534047442
03-18,6.6100006103515625,11.689994812011733,10.650001525878906,1.6599960327148438,22.069992065429688,-46.99000549316406,5.079986572265625,-7.1299896240234375,0.3100128173827841,-21.990005493164006,-26.30999755859375,14.450000762939457,8.0,4.0,05-17,-2.4916677474975546
03-19,8.439998626708988,5.8600006103515625,8.339996337890625,1.1100006103515625,21.899993896484375,-43.37001037597656,6.399993896484375,-5.260009765625,0.5200042724608522,-20.170013427734347,-26.449996948242188,14.000001907348626,8.0,4.0,05-18,-2.3900033632914277
03-20,7.379999160766612,6.529998779296861,6.849998474121094,0.94000244140625,22.44000244140625,-59.28999328613284,3.029998779296875,0.5399932861328125,-6.3499908447265625,-18.0,-22.92999267578125,10.63000106811523,8.0,4.0,05-19,-4.0191651980082215
03-21,5.029998779296868,5.340003967285142,7.1100006103515625,0.26000213623046875,20.860000610351562,-46.589996337890625,5.83001708984375,2.3300018310546875,-1.0999908447265625,-17.100006103515625,-23.69000244140625,13.810001373291016,8.0,4.0,05-20,-2.3258307774861673
03-22,5.590000152587891,6.069999694824219,6.350006103515625,-3.7900009155273153,20.6199951171875,-40.87998962402352,6.260009765625,2.30999755859375,-2.67999267578125,-9.79998779296875,-18.910003662109375,11.630001068115234,7.0,5.0,05-21,-1.4358304341634163
03-23,4.900001525878906,5.7699966430664205,6.530006408691406,-4.730003356933594,22.0,-42.61999511718756,5.350006103515625,2.8300018310546875,-8.259994506835938,-4.919998168945398,-21.0,13.060001373291016,7.0,5.0,05-22,-1.7574981053670353
03-24,5.260002136230469,6.0499954223632955,6.30999755859375,-4.199996948242173,23.260009765625,-38.259994506835994,5.790008544921875,-6.330001831054659,-8.6199951171875,-9.55999755859375,-17.279998779296875,2.0700035095214844,6.0,6.0,05-23,-2.9591639836629233
03-25,5.290000915527344,4.159996032714844,6.6299972534179545,-3.339996337890611,21.410003662109375,-36.11000061035156,9.739990234375,-4.6299896240234375,-5.159988403320341,-9.509994506835909,-19.050003051757812,5.570003509521484,6.0,6.0,05-24,-2.083331743876139
03-26,4.390003204345703,5.689994812011719,5.05999755859375,-2.5999984741210795,21.089996337890625,-30.139999389648494,8.339996337890625,-5.7599945068359375,-7.2199859619140625,-7.4499969482421875,-24.919998168945312,6.530002593994141,6.0,6.0,05-25,-2.249165217081709
03-27,2.4399986267089915,5.680000305175781,5.290000915527344,-1.7900009155273438,19.319992065429688,-30.84001159667963,1.45001220703125,-1.3600006103515625,-5.7199859619140625,-4.3199920654296875,-26.0,6.5900001525878835,6.0,6.0,05-26,-2.4383322397867793
03-28,4.629997253417969,4.849998474121094,5.3899993896484375,-0.989997863769517,17.139999389648438,-30.290008544921818,0.30999755859375,1.8000030517578125,-6.989990234375,-7.099990844726591,-27.330001831054688,7.749999999999993,7.0,5.0,05-27,-2.5691661834716766
03-29,5.739997863769524,5.020004272460952,5.489997863769531,-2.3000030517577983,18.07000732421875,-23.57000732421875,-2.25,0.06999206542971592,-7.6199951171875,1.9400024414062216,-33.05000305175781,15.119998931884759,7.0,5.0,05-28,-1.445000648498534
03-30,6.319999694824212,5.410003662109389,4.040000915527344,0.12000274658203125,21.260009765625,-19.560012817382812,2.279998779296875,-3.1200103759765625,-11.169998168945312,5.899993896484403,-32.779998779296875,17.690002441406243,8.0,4.0,05-29,-0.3008340199788388
03-31,3.3600006103515625,5.420001983642592,3.2099990844726562,0.6100006103515625,22.660003662109375,-19.150009155273438,6.029998779296875,-7.160003662109375,-3.3800048828125,5.1300048828125,-34.04998779296875,18.34000015258789,8.0,4.0,05-30,0.08500035603841265
04-01,4.180000305175788,5.1200027465820455,6.080001831054702,1.8400039672851562,20.760009765625,-19.25999450683588,7.70001220703125,-9.069992065429688,-6.290008544921875,1.8899993896484375,-34.05999755859375,20.950000762939453,8.0,4.0,05-31,-0.013330141703280063
04-02,1.6699981689453125,6.8800048828125,9.520004272460938,0.3899993896484375,21.290008544921875,-18.580001831054688,6.3900146484375,0.34999084472647723,-8.180007934570284,5.3000030517578125,-33.470001220703125,20.709999084472656,9.0,3.0,06-01,1.0225009918212844
04-03,2.0999984741210938,5.670005798339844,9.730003356933594,-0.23000335693357954,22.720001220703125,-9.5,1.329986572265625,7.4799957275390625,-9.199996948242188,7.100006103515625,-37.41999816894531,19.840002059936523,8.0,4.0,06-02,1.6350000699361178
04-04,3.1800003051757884,3.3400039672851562,8.590003967285156,0.3600006103515625,22.949996948242188,-6.6400146484375,0.44000244140625,7.9099884033203125,-9.839996337890625,5.8300018310546875,-39.18000793457031,18.74000167846679,9.0,3.0,06-03,1.3066651026407878
04-05,3.4000015258789062,5.430000305175781,9.050003051757812,-0.410003662109375,21.739990234375,4.399993896484318,1.519989013671875,12.6199951171875,-9.129989624023523,0.8900146484375,-39.61000061035156,18.59000015258789,9.0,3.0,06-04,2.3741661707560104
04-06,2.8500022888183594,4.449996948242202,8.669998168945312,-4.009994506835966,18.979995727539062,1.0400085449218182,2.29998779296875,8.159988403320312,-11.710006713867188,4.149993896484403,-41.75,24.009998321533203,9.0,3.0,06-05,1.428330739339189
04-07,3.0400009155273438,4.6699981689453125,6.529998779296875,-4.729995727539077,21.610000610351562,1.260009765625,0.760009765625,12.060012817382841,-13.199996948242188,5.689987182617273,-35.62001037597656,19.599998474121094,9.0,3.0,06-06,1.8058344523112062
04-08,3.8699989318847656,7.319999694824219,4.8600006103515625,-3.409996032714858,18.529998779296875,1.4700012207031818,0.0,8.330001831054688,-11.150009155273352,9.75,-37.45001220703125,14.459999084472656,8.0,4.0,06-07,1.381665229797374
04-09,-0.9599990844726562,3.6500015258789062,3.2400054931640625,-1.0699996948242472,19.259994506835938,-7.389984130859318,-4.209991455078125,19.75,-7.400009155273352,16.009994506835938,-36.31001281738281,15.949996948242195,6.0,6.0,06-08,1.709999720255544
04-10,-0.5400009155273438,1.1800003051757812,3.5999984741210938,1.9799957275390483,17.360000610351562,4.580001831054545,-5.399993896484375,18.910003662109403,-9.419998168945284,11.8800048828125,-35.57000732421875,24.520000457763672,8.0,4.0,06-09,2.7566671371459877
04-11,0.529998779296875,1.709999084472642,3.5200042724609375,1.5599975585937358,19.800003051757812,19.82000732421875,-5.19000244140625,17.089996337890625,-0.09999084472653408,16.460006713867188,-33.57000732421875,30.269996643066392,9.0,3.0,06-10,5.991667429606118
04-12,2.049999237060547,1.3600006103515625,4.209999084472656,-0.9100036621093892,20.5,15.479995727539091,-7.170013427734375,19.38999938964841,-0.6599884033203125,12.620010375976562,-38.1099853515625,27.689998626708984,8.0,4.0,06-11,4.70416768391927
04-13,3.5699996948242188,1.459999084472642,3.7600021362304688,0.48000335693357954,20.560012817382812,14.159988403320341,-0.990020751953125,8.649993896484375,7.099990844726648,16.400009155273466,-27.689987182617188,20.729999542236328,10.0,2.0,06-12,5.682499249776214
04-14,5.319999694824219,-1.0200042724609375,4.5800018310546875,-1.6100006103515625,21.490005493164062,15.270004272461023,-1.360015869140625,8.130004882812557,2.850006103515568,11.639999389648438,-26.29998779296875,20.139999389648438,8.0,4.0,06-13,4.927501042683926
04-15,4.659999847412109,0.1699981689453125,2.7399978637695312,-1.0400009155273153,22.6400146484375,9.680023193359432,-2.490020751953125,0.8300018310546875,5.880004882812415,13.979995727539062,-26.36999511718753,22.029998779296875,9.0,3.0,06-14,4.392501513163246
04-16,4.040000915527351,2.5199966430664062,3.1399993896484375,-1.4600067138671733,20.930007934570312,2.970001220703182,0.70001220703125,-2.07000732421875,7.77999877929679,13.679992675781222,-25.86000061035159,14.569999694824219,9.0,3.0,06-15,3.4116662343343047
04-17,4.05999755859375,1.25,4.180000305175781,-3.5500030517578125,21.470001220703125,18.140014648437585,6.879974365234375,-6.020004272460966,4.800003051757642,12.649993896484347,-26.910003662109403,14.229999542236328,9.0,3.0,06-16,4.264997800191229
04-18,4.150001525878906,3.2399978637695312,3.4399948120117188,-3.25,22.01000976562497,25.610000610351562,-0.160003662109375,-7.0500030517578125,5.309997558593665,10.619995117187443,-22.220001220703125,14.369998931884766,8.0,4.0,06-17,4.672499020894354
04-19,1.8100013732910156,3.8499984741210938,3.2899932861328125,-0.7400054931640341,17.719985961914062,29.439987182617244,-2.199981689453125,-3.6699981689453125,2.6699981689452272,14.80999755859375,-20.949996948242216,16.59000015258789,8.0,4.0,06-18,5.218331654866534
04-20,1.7900009155273438,2.7999954223632812,0.279998779296875,0.510009765625,13.860000610351562,28.279983520507812,-1.91998291015625,-9.970001220703125,-10.580001831054688,23.009994506835938,-22.789993286132784,14.099998474121094,8.0,4.0,06-19,3.2808335622151716
04-21,1.2099990844726562,2.8499984741210938,-3.05999755859375,2.2299957275390625,14.879989624023438,28.539993286132812,-7.15997314453125,3.949996948242216,-4.610015869140597,25.680007934570312,-23.240005493164062,14.619998931884766,8.0,4.0,06-20,4.657498995463058
04-22,2.279998779296875,-2.6100006103515625,-2.3700027465820312,3.75,13.769989013671875,30.990005493163977,-10.629974365234375,1.229995727539034,-3.459991455078068,26.70001220703128,-23.80999755859378,13.90999984741211,7.0,5.0,06-21,4.145836194356278
04-23,3.2399978637695312,-6.239997863769531,-0.7300033569335938,3.6399993896484375,12.30999755859375,30.669998168945312,-8.6400146484375,-3.099990844726591,-2.769989013671932,28.8800048828125,-26.080001831054716,8.389999389648445,6.0,6.0,06-22,3.297499974568676
04-24,1.0799980163574219,-7.269996643066406,2.4199981689453125,4.4199981689453125,12.879989624023438,29.930007934570256,-4.730010986328125,-3.8899993896483807,-1.92999267578125,31.300003051757812,-27.86000061035159,6.999999999999993,7.0,5.0,06-23,3.6124995549519827
04-25,-0.3899993896484375,-9.80999755859375,1.4499969482422017,2.7899932861328125,6.899993896484375,39.27999877929693,0.80999755859375,-3.8999938964844034,-4.07000732421875,32.569992065429716,-15.789993286132841,6.010002136230462,7.0,5.0,06-24,4.654165267944339
04-26,-1.8400001525878906,-9.33999633789064,1.0399932861328267,0.5200042724609375,5.7400054931640625,44.739990234375,-0.510009765625,-1.67999267578125,-3.389984130859318,32.6199951171875,-19.660003662109375,7.24000167846679,6.0,6.0,06-25,4.623333613077803
04-27,-1.7400016784667969,-8.01999664306642,-0.7000045776367045,-0.8800048828125,3.720001220703125,45.07998657226568,-1.29998779296875,-2.9199981689453125,-0.8699951171875,32.139999389648466,-23.600006103515625,4.04999923706054,4.0,8.0,06-26,3.7466659545898504
04-28,-1.25,-7.790000915527358,-1.8399963378906108,0.3300018310547159,5.660003662109375,45.80999755859375,1.010009765625,0.4100036621094034,11.6199951171875,31.69000244140628,-23.650009155273466,-2.1599998474121165,7.0,5.0,06-27,4.986667315165206
04-29,-1.5600013732910156,-10.079994201660156,-5.650001525878906,1.569992065429716,9.919998168945312,40.88999938964841,2.760009765625,-10.169998168945227,7.430007934570398,29.050003051757784,-22.69000244140625,-9.5,6.0,6.0,06-28,2.664167722066255
04-30,-1.2099990844726634,-11.15999603271485,-4.7099990844726705,3.8899993896484375,6.589996337890625,38.8500061035156,6.660003662109375,-16.420013427734347,6.479995727539034,26.800003051757784,-24.720001220703125,-3.950000762939446,6.0,6.0,06-29,2.2583328882853126
05-01,-1.2600021362304688,-14.200000762939453,-3.67999267578125,3.330001831054716,7.9199981689453125,39.27999877929682,4.360015869140625,-15.360000610351562,9.120010375976534,26.550003051757784,-21.19000244140625,-3.5100021362304545,6.0,6.0,06-30,2.6133356094360294
05-02,-0.6399993896484375,-17.76000213623047,-3.1099929809570312,2.710006713867216,7.5300140380859375,43.02000427246094,-9.1099853515625,-9.0,6.700012207031165,30.600006103515597,-17.319992065429716,-0.6300010681152344,5.0,7.0,07-01,2.7491725285847886
05-03,-0.8100013732910227,-17.84000015258789,-0.5199966430664062,4.470001220703153,7.0800018310546875,41.08000183105469,-8.6199951171875,-7.279998779296847,8.330001831054659,40.91999816894523,-16.42999267578125,-1.220001220703118,5.0,7.0,07-02,4.096668243408199
05-04,-0.8100013732910227,-16.979999542236328,0.09000396728515625,8.589996337890625,7.529998779296875,44.72001647949219,-8.6199951171875,-6.92999267578125,4.44000244140625,36.17999267578128,-11.300003051757812,-1.220001220703118,6.0,6.0,07-03,4.640834808349612
05-05,-0.9099998474121165,-16.09000015258789,0.8300018310546875,9.449996948242202,7.529998779296875,44.72001647949219,-8.75,-6.419998168945341,2.629989624023409,34.09999084472659,-11.300003051757812,-0.2200012207031179,6.0,6.0,07-04,4.630832672119139
05-06,-1.19000244140625,-12.569995880126953,3.279998779296875,11.08999633789064,6.8499908447265625,45.88002014160148,-4.720001220703125,-7.940002441406278,-0.66998291015625,37.34999084472659,-7.649993896484375,1.4099998474121165,6.0,6.0,07-05,5.926668167114253
05-07,-0.5999984741210938,-11.979999542236328,3.779998779296875,11.300003051757827,6.019989013671875,51.22001647949219,-5.25,-7.5,0.8700256347655682,36.139999389648494,-4.5,-1.7599983215332031,6.0,6.0,07-06,6.4783363342285165
05-08,-3.3400001525878906,-20.28000259399414,4.970001220703125,11.930007934570312,5.1699981689453125,45.44001770019523,-7.579986572265625,-9.620010375976562,1.9200134277344318,33.49000549316409,-3.5699920654296875,-3.479999542236328,6.0,6.0,07-07,4.5875043869018555
05-09,-2.2099990844726634,-21.350002288818366,5.1699981689453125,12.200004577636719,3.660003662109375,48.37998962402344,-5.480010986328125,-7.690002441406222,-0.9299926757811363,31.36000061035159,-1.100006103515625,0.7900009155273438,6.0,6.0,07-08,5.233331998189303
05-10,-3.7000007629394602,-20.17000198364257,4.330001831054673,10.610000610351577,5.1300048828125,36.67001342773443,-2.420013427734375,-8.779998779296847,0.7200012207032387,31.33999633789071,-0.7400054931640625,-1.0200004577636719,6.0,6.0,07-09,4.330833117167178
05-11,-4.9300003051757955,-20.649997711181634,3.05999755859375,8.720001220703082,7.809997558593778,34.27999877929693,-7.69000244140625,-8.990005493164006,3.229995727539091,32.550003051757784,4.3899993896484375,-0.529998779296875,7.0,5.0,07-10,4.270832379659025
05-12,-4.580001831054695,-22.17000198364257,3.8600006103515625,10.079994201660128,7.7299957275390625,33.95001220703125,-2.980010986328125,-4.850006103515653,12.700012207031307,34.720001220703125,5.6899871826171875,2.0200004577636648,8.0,4.0,07-11,6.3474985758463545
05-13,-2.210002899169929,-20.259994506835938,5.950004577636719,9.250007629394531,6.6699981689453125,32.57000732421875,-4.04998779296875,-0.6100006103515625,11.190002441406335,33.9100036621094,5.6199951171875,5.430000305175781,8.0,4.0,07-12,6.955002784729014
05-14,-2.2000007629394602,-11.729999542236328,4.569999694824219,8.239997863769531,5.4900054931640625,35.53001403808594,-3.3599853515625,5.350006103515625,14.470001220703153,32.80000305175781,3.0800018310546875,0.520000457763679,9.0,3.0,07-13,7.730003674825035
05-15,-1.1899986267089915,-14.739997863769531,3.3499984741210795,8.069999694824219,4.0800018310546875,39.009994506835966,4.449981689453125,8.1300048828125,15.419982910156335,34.38999938964841,2.470001220703125,3.3400001525878906,10.0,2.0,07-14,8.898330688476568
05-16,-2.0499992370605398,-12.089996337890618,3.809997558593764,8.6199951171875,10.250000000000028,35.449981689453125,3.67999267578125,4.3899993896484375,15.209991455078267,32.57000732421875,0.2400054931640625,-3.8600006103515554,9.0,3.0,07-15,8.01833120981854
05-17,-2.8899993896484304,-12.049999237060547,5.2999954223632955,8.500000000000014,12.429992675781335,38.80998229980466,4.41998291015625,-1.410003662109375,22.079986572265682,33.589996337890625,3.95001220703125,-4.300003051757805,8.0,4.0,07-16,9.035828590393079
05-18,2.6000022888183665,-10.860004425048828,5.039993286132827,10.979995727539062,10.430007934570312,35.96998596191409,-0.45001220703125,-3.20001220703125,29.910003662109375,33.410003662109375,6.910003662109375,-1.0500030517578054,8.0,4.0,07-17,9.974163691202804
05-19,2.0400009155273438,-11.590000152587905,4.400001525878892,9.49999237060544,8.340011596679688,35.40000915527352,-0.8800048828125,7.069992065429773,28.970016479492188,6.279998779296875,7.6399993896484375,1.1299972534179759,10.0,2.0,07-18,8.191667874654144
05-20,2.729999542236328,-9.929996490478509,2.730003356933608,9.069999694824219,8.480010986328097,37.14001464843756,0.029998779296875,6.7599945068359375,23.80000305175784,12.75,7.6300048828125,-0.3000030517578054,10.0,2.0,07-19,8.407502492268888
05-21,7.979999542236321,-13.929996490478523,5.9200057983398295,7.87999725341794,7.220001220703097,32.780014038085994,4.949981689453125,6.0200042724609375,23.72999572753909,13.459991455078153,3.910003662109375,1.1699981689453125,11.0,1.0,07-20,8.424166361490888
05-22,7.680000305175774,-13.220001220703125,9.150001525878906,7.019996643066378,9.070007324218722,31.079986572265682,2.05999755859375,9.1300048828125,25.259994506836023,13.409988403320312,5.6800079345703125,0.45999908447265625,11.0,1.0,07-21,8.898331960042325
05-23,7.389999389648445,-12.869998931884766,10.660003662109375,6.279998779296847,10.339996337890625,21.790008544921932,4.910003662109375,9.740005493164034,27.319992065429744,11.349990844726591,16.07000732421875,-9.29999923706054,10.0,2.0,07-22,8.6400006612142
05-24,8.220001220703125,-12.810001373291016,10.430000305175781,5.479995727539091,7.1599884033203125,18.139999389648494,1.82000732421875,5.340011596679659,25.819992065429744,13.290008544921847,8.220001220703125,-7.149997711181641,10.0,2.0,07-23,6.996667226155606
05-25,7.869998931884766,-11.979999542236328,10.330001831054688,3.370002746582003,5.729995727539148,19.409988403320312,3.94000244140625,2.180007934570284,-7.0,19.949996948242188,10.669998168945312,-6.849998474121094,9.0,3.0,07-24,4.801666259765628
05-26,7.869998931884766,-12.150005340576186,4.470001220703111,-0.6800003051757812,7.27999877929679,19.110000610351562,3.94000244140625,16.800003051757784,-7.5,23.479995727539062,13.009994506835938,-6.849998474121094,8.0,4.0,07-25,5.731665929158517
05-27,7.289997100830078,-16.1500015258789,3.9300003051757812,-1.7300033569335938,7.5099945068359375,19.110000610351562,-0.589996337890625,16.020004272461023,-2.0,22.619995117187585,15.269989013671875,-9.420001983642578,7.0,5.0,07-26,5.154998143514011
05-28,10.680000305175781,-14.000003814697266,5.430000305175781,-0.7800064086914205,7.5099945068359375,18.699996948242188,-15.730010986328125,8.19000244140625,-0.07998657226565342,26.30999755859375,15.269989013671875,-4.240001678466797,7.0,5.0,07-27,4.771664301554359
05-29,9.979999542236328,-9.75,6.480003356933594,-0.7800064086914205,9.409988403320312,14.8800048828125,-23.920013427734375,10.80999755859375,-3.3899993896483807,26.30999755859375,15.279998779296875,-1.9200019836425781,7.0,5.0,07-28,4.44916407267253
05-30,7.850002288818345,-9.69000244140625,5.25,0.6699981689452983,10.319992065429688,14.52001953125,-30.1400146484375,11.279998779296875,-3.3899993896483807,22.899993896484375,15.990005493164062,-6.040000915527337,8.0,4.0,07-29,3.2933327356974313
05-31,7.319999694824212,-10.10000228881836,5.25,2.4799957275390625,14.669998168945398,5.870025634765682,-26.330017089843807,11.279998779296875,-2.3700103759764772,23.329986572265653,21.3699951171875,-6.880001068115227,8.0,4.0,07-30,3.8241640726725428
06-01,7.63999938964843,-10.10000228881836,6.3899993896484375,8.41000366210939,17.990005493164034,7.200012207031364,-24.290008544921932,10.850006103515625,-0.9399871826172159,17.44000244140622,20.949996948242188,-4.470001220703118,8.0,4.0,07-31,4.755835533142089
06-02,7.4199981689453125,-12.189998626708984,7.1399993896484375,10.30999755859375,19.550003051757812,9.6300048828125,-25.369995117187557,9.349990844726534,3.2100067138671875,13.070007324218665,21.169998168945312,-4.319999694824219,9.0,3.0,08-01,4.914167722066229
06-03,7.969997406005859,-14.55999755859375,8.479995727539062,8.529998779296875,23.75,12.989990234375,-26.149993896484432,8.019989013671903,4.919998168945227,12.870010375976477,20.319992065429688,-9.739997863769531,9.0,3.0,08-02,4.783331871032698
06-04,7.520000457763665,-11.130001068115234,10.009994506835923,6.899993896484375,21.1199951171875,12.769989013671818,-22.67999267578125,1.6800079345703125,3.3600006103514772,13.54000854492179,14.19000244140625,-10.029998779296882,9.0,3.0,08-03,3.9374999999999787
06-05,7.75,-6.959999084472656,7.680000305175781,5.579994201660156,24.199996948242188,3.9500122070313637,-20.380004882812443,-3.8600006103515625,3.9300079345702272,9.479995727539062,16.020004272460938,-15.979999542236328,8.0,4.0,08-04,2.6175006230672273
06-06,9.139999389648438,-7.029998779296868,7.709999084472642,3.2399978637695455,24.919998168945284,-6.890014648437557,-22.110015869140568,-4.1299896240234375,0.18000793457022723,3.220001220703125,13.8699951171875,-21.149997711181634,7.0,5.0,08-05,0.08083184560139145
06-07,9.520000457763672,-5.129997253417969,7.350006103515611,4.450004577636761,24.74000549316409,-5.690002441406307,-19.71002197265625,-3.289993286132841,2.199996948242159,4.519989013671875,12.939987182617188,-22.549995422363267,7.0,5.0,08-06,0.7791649500528935
06-08,10.119998931884759,-5.6599960327148295,7.430000305175767,4.489990234374986,28.54998779296875,-8.5,-19.950012207031307,-1.4699859619140625,-2.019989013671932,5.209991455078125,15.779998779296875,-20.759994506835923,6.0,6.0,08-07,1.1016658147176006
06-09,8.599998474121087,-5.30999755859375,2.55999755859375,5.489990234374986,28.15998840332034,-9.1400146484375,-17.970001220703182,-3.3099975585937784,-2.089996337890682,5.720001220703125,17.129989624023438,-18.179996490478516,6.0,6.0,08-08,0.9716634750366099
06-10,7.079998016357415,-6.380001068115227,1.7699966430664062,7.849990844726548,26.970001220703125,-7.82000732421875,-24.149993896484432,6.769989013671903,-5.4199981689453125,7.789993286132784,16.860000610351562,-11.21999740600586,7.0,5.0,08-09,1.674997647603347
06-11,7.090000152587891,-7.970001220703125,-5.239997863769531,8.119995117187543,26.040008544921875,-8.930023193359432,-31.160003662109432,9.980010986328125,-8.94000244140625,8.319992065429773,15.470001220703125,-2.270000457763672,6.0,6.0,08-10,0.8758316040039075
06-12,8.979999542236321,-4.579998016357429,-2.0100021362304688,7.5499954223632955,24.889999389648438,-6.83001708984375,-31.389984130859318,7.470001220703153,-11.949996948242188,5.979995727539148,15.540008544921903,-5.9399986267089915,6.0,6.0,08-11,0.6425002415975095
06-13,11.139999389648438,-7.369998931884766,-3.7600021362304688,7.970001220703153,25.78999328613284,-7.6300048828125,-29.220001220703125,5.810012817382841,-13.849990844726562,6.279998779296989,14.899993896484375,-3.5699996948242188,6.0,6.0,08-12,0.540833473205583
06-14,10.510002136230469,-10.149997711181634,-4.8000030517578125,4.940002441406236,28.22000122070321,-10.8699951171875,-31.470001220703125,9.760009765625057,-10.869995117187415,4.139999389648466,13.919998168945341,-1.9500007629394531,6.0,6.0,08-13,0.11500167846681997
06-15,11.34000015258789,-12.139995574951165,-4.05999755859375,2.3699951171875,27.879989624023438,-16.0,-29.929992675781193,10.790008544921903,-27.829986572265625,-4.1699981689453125,12.039993286132784,-3.020000457763672,5.0,7.0,08-14,-2.7274986902872667
06-16,13.680000305175781,-12.749996185302727,0.12999725341796875,2.4900054931640625,28.92999267578125,-12.549987792968864,-27.890014648437443,13.389999389648438,-32.259994506835966,-6.110000610351534,14.479995727539034,-5.240001678466797,6.0,6.0,08-15,-1.975000381469733
06-17,13.700000762939453,-13.040000915527344,1.2300033569335938,4.340011596679716,26.569992065429688,-11.389984130859432,-28.170013427734318,11.80999755859375,-35.00000000000006,-2.040008544921875,12.149993896484347,-2.75,6.0,6.0,08-16,-1.8825006484985398
06-18,16.700000762939453,-12.430000305175781,1.9700012207031108,4.160003662109375,25.550003051757812,-11.649993896484432,-32.34997558593744,14.270004272460938,-30.960006713867244,-2.839996337890625,12.600006103515625,-1.6699981689453196,6.0,6.0,08-17,-1.3874959945678775
06-19,16.029998779296875,-11.970001220703125,1.5100021362304688,2.6399993896484375,26.660003662109375,-8.430023193359318,-28.929992675781193,11.050003051757784,-28.790008544921932,-3.860000610351591,13.169998168945341,0.4399986267089915,7.0,5.0,08-18,-0.8733352025349905
06-20,14.95000076293946,-9.389999389648445,0.6000061035156392,2.75,26.610000610351562,-15.889984130859432,-34.17999267578125,2.910003662109375,-29.480010986328068,-6.0399932861328125,14.309997558593778,-0.390003204345696,6.0,6.0,08-19,-2.769997914632157
06-21,15.270000457763672,-9.990001678466797,-2.549995422363267,6.020004272460909,29.919998168945312,-15.220001220703182,-32.010009765625,3.7000122070311647,-30.32000732421875,-1.5899963378905966,1.5700073242187216,-2.120002746582017,5.0,7.0,08-20,-3.109999338785819
06-22,13.959999084472656,-7.450000762939453,-1.5799942016601562,8.07000732421875,27.69000244140622,-14.389984130859318,-36.92999267578125,3.7100067138671875,-36.65000915527352,1.410003662109375,2.069992065429659,-1.7800025939941264,6.0,6.0,08-21,-3.489164352416998
06-23,15.40999984741211,-7.920001983642564,-6.010002136230483,7.179992675781222,29.44000244140622,-12.739990234375,-35.6099853515625,0.6999969482420738,-39.97999572753909,5.569992065429574,-3.720001220703125,-3.0100021362304545,5.0,7.0,08-22,-4.2241662343343345
06-24,15.310001373291016,-8.310001373291016,-6.339996337890625,7.219985961914006,29.269989013671875,-13.079986572265682,-34.82000732421875,7.0,-39.76000976562503,6.139999389648409,3.6000061035156534,0.18000030517579546,7.0,5.0,08-23,-2.7991682688395287
06-25,15.049999237060547,-7.3100013732910085,-7.430000305175767,8.039993286132784,27.329986572265625,-13.80999755859375,-37.339996337890625,14.139999389648409,-38.02999877929693,5.589996337890597,3.6500091552734943,-2.6100006103515696,6.0,6.0,08-24,-2.7275009155273495
06-26,16.360000610351562,-7.159999847412109,-4.399993896484361,6.800003051757784,23.069992065429688,-10.739990234375,-43.73001098632818,15.130004882812472,-40.080001831054744,8.229995727539091,2.6900024414062784,0.31999969482420454,7.0,5.0,08-25,-2.7924998601277764
06-27,16.18000030517578,-8.919998168945312,-2.5999984741210795,4.4799957275390625,22.17999267578125,-15.890014648437443,-44.40000915527344,11.820007324218722,-39.12998962402338,10.479995727539091,-1.770004272460909,-0.11999893188476562,5.0,7.0,08-26,-3.9741684595743685
06-28,15.079998016357415,-8.229999542236328,-3.6300048828125,3.7799987792968466,21.270004272460938,-15.899993896484432,-44.05001831054685,10.759994506835938,-41.77000427246088,1.4900054931641478,-9.550003051757784,0.26000213623047586,6.0,6.0,08-27,-5.874168395996084
06-29,14.959999084472656,-4.6699981689453125,-4.200004577636719,3.4900054931640625,21.149993896484375,-14.899993896484432,-33.64001464843756,4.399993896484375,-35.2200012207031,3.7299957275390625,-15.289993286132812,-0.7900009155273438,5.0,7.0,08-28,-5.081668217976895
06-30,15.130001068115241,-4.590000152587891,-6.129997253417969,2.350006103515625,16.029998779296875,-15.670013427734432,-34.13000488281256,4.440002441406278,-34.66999816894534,2.5400085449219034,-20.67999267578125,-0.20000076293946023,5.0,7.0,08-29,-6.298332532246914
07-01,15.009998321533203,-4.770000457763672,-4.739997863769531,1.4400024414062784,16.41999816894534,-19.310028076171932,-35.04998779296881,2.849990844726591,-34.55001831054682,2.1399993896484375,-20.51999664306642,1.1799964904785156,6.0,6.0,08-30,-6.6583369572957345
07-02,17.500000000000007,1.6300010681152344,-3.5400009155273438,1.789993286132784,17.100006103515653,-15.370025634765682,-31.890014648437557,5.130004882812415,-34.59001159667963,4.4600067138671875,-24.170005798339858,2.80999755859375,7.0,5.0,08-31,-4.92833741505942
07-03,16.799999237060547,2.099998474121101,-3.0100021362304688,1.5799865722655966,16.520004272460966,-19.220001220703182,-33.649993896484375,7.0200042724609375,-33.14001464843744,5.669998168945284,-24.569999694824233,3.1399993896484375,7.0,5.0,09-01,-5.063335100809736
07-05,12.979999542236328,4.799999237060554,-2.4199981689453125,2.0199890136718466,16.379989624023438,-14.649993896484432,-43.49999999999997,10.900009155273438,-34.19000244140631,2.9000091552733522,-25.5,1.3799972534179616,7.0,5.0,09-03,-5.741666793823259
07-06,13.59000015258789,4.799999237060554,-2.6199951171875,1.25,11.839996337890597,-14.980010986328239,-40.38999938964835,8.970001220703097,-29.240005493164062,-1.4100036621093466,-23.760009765624986,2.259998321533203,6.0,6.0,09-04,-5.8075024286905945
07-07,15.080001831054688,3.6199989318847585,-4.409996032714844,1.4700012207031534,12.8800048828125,-15.820007324218864,-43.4499969482421,7.350006103515653,-30.670013427734432,-5.589996337890625,-24.66000366210939,4.069999694824219,6.0,6.0,09-05,-6.677500089009608
07-08,16.310001373291023,2.8499984741210938,-5.350006103515639,2.5300140380859943,14.990005493164006,-13.429992675781364,-38.18000793457023,9.229995727539062,-30.860015869140682,-7.270004272460909,-23.3800048828125,3.579998016357422,6.0,6.0,09-06,-5.748334884643559
07-09,15.560001373291023,2.3899993896484375,-5.69000244140625,2.6700134277344034,15.070007324218722,-13.100006103515682,-39.93000793457023,-0.4900054931640341,-36.54000854492193,-5.319992065429716,-24.67999267578125,6.1699981689453125,5.0,7.0,09-07,-6.990832964579266
07-10,16.86000061035157,4.930000305175781,-5.5,3.5,16.13000488281247,-12.259979248046932,-45.16998291015625,2.69000244140625,-35.66000366210943,-4.509994506835994,-24.610000610351562,3.790000915527351,6.0,6.0,09-08,-6.650829315185564
07-11,17.06999969482422,3.240001678466804,-3.3300018310547017,4.510009765625,10.360000610351534,-13.389984130859432,-53.660003662109375,5.30999755859375,-38.94000244140625,-3.3999938964844034,-20.980003356933608,7.13999938964843,6.0,6.0,09-09,-7.172498385111503
07-12,17.31999969482422,3.2600021362304688,-2.1100006103515625,10.150009155273409,8.919998168945227,-22.129974365234318,-46.64001464843744,2.529998779296875,-39.88998413085943,-6.180007934570341,-23.64000701904297,5.69999694824218,6.0,6.0,09-10,-7.72583198547364
07-13,20.15999984741211,0.6100006103515554,-2.569999694824247,8.960006713867188,12.8699951171875,-32.93998718261713,-52.46000671386719,6.2700042724609375,-48.52000427246094,-6.5500030517578125,-20.990005493164062,4.680000305175767,6.0,6.0,09-11,-9.206666628519693
07-14,21.0,0.5700035095214844,-3.1399993896484233,9.389999389648466,15.879989624023438,-19.3699951171875,-53.19999694824219,4.75,-49.82000732421875,18.580001831054688,-17.740005493164062,5.120002746582017,7.0,5.0,09-12,-5.665000597635903
07-15,15.509998321533203,2.489997863769524,-4.5200042724609375,9.120010375976591,17.199996948242188,-16.529998779296932,-48.33000183105469,-4.5099945068359375,-42.8800048828125,18.75999450683591,-14.650009155273438,1.870002746582017,6.0,6.0,09-13,-5.539167722066249
07-16,12.240001678466797,5.879997253417976,-4.279998779296861,8.910003662109432,19.289993286132812,-15.960021972656364,-50.409988403320284,5.190002441406278,-40.46000671386716,24.569992065429688,-15.3800048828125,1.0,7.0,5.0,09-14,-4.117502530415849
07-17,12.53000259399414,7.050003051757805,-4.340003967285142,9.339996337890653,19.149993896484403,-22.149993896484432,-48.739990234375,2.1100006103515625,-39.61000061035156,18.099990844726562,-15.370010375976562,2.740001678466797,7.0,5.0,09-15,-4.932500839233398
07-18,11.49000167846679,6.020000457763679,-1.8500061035156108,10.529998779296932,19.270004272460938,-12.760009765625,-50.75,1.910003662109375,-39.53999328613281,17.38999938964841,-23.30999755859378,6.210002899169915,7.0,5.0,09-16,-4.615832964579264
07-19,12.94000244140625,6.909999847412109,-5.0800018310546875,9.790008544921847,17.300003051757812,-20.000000000000057,-46.230010986328125,-1.1999969482421875,-41.069992065429744,16.16999816894534,-17.830001831054688,4.24000167846679,6.0,6.0,09-17,-5.338332494099944
07-20,15.65999984741211,6.55999755859375,-6.590003967285156,10.360000610351591,16.300003051757642,-20.759994506836023,-48.26000976562497,-1.8099975585937216,-19.75,8.399993896484347,-19.790008544921847,6.930000305175774,6.0,6.0,09-18,-4.395834922790542
07-21,14.829998016357429,6.5,-1.1400070190429688,14.799995422363281,20.990005493163977,-22.99000549316412,-45.17001342773435,-13.450012207031193,-20.539993286132812,12.75,-21.330001831054688,4.779998779296875,6.0,6.0,09-19,-4.1641696294148804
07-22,15.180000305175788,7.319999694824212,-2.6100006103515625,14.269996643066406,21.990005493163977,-24.259994506835938,-47.29000854492185,-16.600006103515653,-23.05999755859378,13.490005493164091,-21.830001831054688,4.479999542236328,6.0,6.0,09-20,-4.910000165303555
07-23,13.639999389648438,6.6399993896484375,-3.5500030517577983,15.639991760253906,20.440002441406335,-23.960006713867188,-28.98999023437503,-14.340011596679688,-25.09999084472659,14.1300048828125,-24.169998168945312,2.740001678466797,6.0,6.0,09-21,-3.906666755676266
07-24,13.479999542236328,6.009994506835923,-0.1699981689453267,16.68999481201172,20.210006713867188,-22.389984130859318,-22.449981689453125,-16.63999938964841,-29.720001220703153,14.990005493163977,-26.42999267578125,1.9599990844726634,6.0,6.0,09-22,-3.704996426900232
07-25,12.75,4.849998474121094,-2.730003356933608,15.739997863769545,19.139999389648438,-24.32000732421875,-11.009994506835909,-14.75,-31.6400146484375,11.300003051757812,-25.919998168945312,1.2399978637695312,6.0,6.0,09-23,-3.7791684468587214
07-26,12.969997406005866,4.739997863769531,-3.7800064086914205,14.080001831054688,17.990005493163977,-25.220016479492216,-14.6199951171875,-17.3699951171875,-28.330001831054773,13.650009155273409,-28.67999267578128,-0.220001220703125,5.0,7.0,09-24,-4.565833091735862
07-27,11.479999542236335,4.680000305175781,-2.5500030517578267,11.610000610351562,16.819992065429716,-22.240005493164062,-12.160003662109375,-17.839996337890625,-24.900009155273523,21.350006103515625,-28.25000000000003,-1.8899993896484304,5.0,7.0,09-25,-3.657501538594571
07-28,12.010002136230469,5.090000152587891,-5.220001220703139,9.729995727539062,18.66999816894534,-18.650009155273438,-15.970001220703068,-15.77999877929696,-24.29000854492179,19.740005493164062,-30.800003051757812,-1.0499992370605398,5.0,7.0,09-26,-3.876668294270827
07-29,11.69000244140625,4.979999542236328,-6.799995422363281,10.479995727539062,17.5,-19.97999572753912,-18.010009765624943,-14.629989624023409,-24.039993286132812,17.990005493164062,-29.670005798339858,-3.459999084472649,5.0,7.0,09-27,-4.495832125345864
07-30,10.319999694824226,7.86999893188478,-3.6299972534179545,9.210006713867188,15.940002441406222,-22.409988403320256,-18.49000549316409,-16.69000244140625,-22.5,14.1300048828125,-29.890007019042983,-2.1800003051757812,5.0,7.0,09-28,-4.859999020894366
07-31,8.069999694824219,7.9300003051757955,-2.519996643066392,10.990005493164062,11.740005493164034,-19.200012207031307,-15.740020751953182,-14.660003662109375,-21.56999206542966,14.330001831054688,-29.040000915527358,-2.3600006103515625,5.0,7.0,09-29,-4.335834503173836
08-01,7.400001525878906,7.400001525878906,-4.329994201660142,12.620010375976562,7.949996948242216,-10.949996948242102,-23.929992675781307,-13.919998168945312,-20.00999450683591,13.660003662109375,-28.259994506835938,-1.6800003051757741,5.0,7.0,09-30,-4.504163106282543
08-02,8.240001678466797,7.220001220703125,-2.0,13.490005493164034,6.169998168945284,-10.599990844726506,-22.199996948242244,-8.379989624023438,-20.58000183105466,11.150009155273466,-29.339996337890625,-2.1199989318847585,5.0,7.0,10-01,-4.079163233439127
08-03,7.620002746582031,7.290000915527337,-2.029998779296861,12.660003662109403,6.4300079345703125,-13.289993286132784,-14.419982910156364,-8.110000610351562,-19.3800048828125,8.57000732421875,-24.0,-2.959999084472649,5.0,7.0,10-02,-3.4683297475179073
08-04,7.240001678466797,5.3899993896484375,2.9000015258789062,12.080001831054716,9.320007324218778,-18.919998168945256,-16.819976806640682,-6.350006103515625,-17.720001220703097,9.92999267578125,-26.090003967285156,-1.5600013732910156,6.0,6.0,10-03,-3.3833319346109954
08-05,6.64000320434571,4.140003204345696,4.529998779296889,12.440002441406278,8.889999389648438,-16.110000610351562,-16.579986572265625,-7.839996337890625,-15.270004272460938,5.6299896240234375,-29.010002136230455,-3.3500022888183594,6.0,6.0,10-04,-3.8241662979125928
08-06,4.189998626708977,4.290000915527344,6.4199981689453125,12.730010986328153,9.279998779296847,-15.469985961914062,-7.1199951171875,-6.010009765624972,-13.220001220703125,9.089996337890625,-30.359992980957017,-1.8600006103515696,6.0,6.0,10-05,-2.3366651535034157
08-07,1.640003204345696,-0.46000289916991477,7.359992980957031,10.370010375976591,10.469985961914062,-12.699996948242188,-0.8099975585938637,-10.199996948242188,-13.259994506835938,7.020004272460966,-30.090003967285142,-0.8300018310546804,5.0,7.0,10-06,-2.624166488647464
08-08,3.6399993896484375,1.1599998474121165,9.27999877929686,10.100006103515597,6.3300018310546875,-10.330001831054659,5.529998779296932,-6.6300048828125,-9.739990234375,6.490005493163977,-32.72000122070311,-0.37000274658203125,7.0,5.0,10-07,-1.4383325576782244
08-09,3.049999237060547,0.22999954223633523,6.050003051757798,11.399993896484375,11.850006103515568,-13.309997558593807,5.3699951171875,-4.119995117187528,-6.7299957275390625,4.970001220703097,-29.84000396728517,-1.2900009155273438,7.0,5.0,10-08,-1.0308329264323077
08-10,3.5400009155273438,3.020000457763672,7.800003051757798,12.740005493164062,9.290008544921903,-19.569992065429744,8.029998779296932,-2.460006713867216,4.489990234375,3.1699981689453125,-27.120002746582045,-0.5200004577636719,8.0,4.0,10-09,0.2008336385091122
08-11,4.1699981689453125,5.79999923706054,6.8600006103515625,10.990005493164062,8.809997558593835,-13.800003051757898,10.279998779296932,-5.8899993896484375,3.5800018310546875,2.0599975585937216,-31.339996337890625,-2.1399993896484375,8.0,4.0,10-10,-0.05166657765706203
08-12,3.3400001525878906,6.220001220703125,5.239997863769531,9.1199951171875,7.309997558593835,-8.669998168945398,8.739990234375,-10.100006103515625,3.80999755859375,-0.10000610351556816,-31.580001831054688,-1.0699996948242188,7.0,5.0,10-11,-0.6450026830037388
08-13,1.3600006103515554,6.480003356933594,5.319999694824247,6.479995727539091,6.259994506836023,-12.120010375976534,10.489990234375,-6.290008544921875,4.17999267578125,-6.660003662109403,-34.02000427246094,1.2999992370605469,8.0,4.0,10-12,-1.4350042343139535
08-14,1.4300003051757741,7.69000244140625,5.130004882812528,4.6299896240234375,8.619995117187585,-20.79998779296875,6.339996337890568,-6.82000732421875,2.3899993896484375,-10.729995727539062,-31.69000244140625,0.7799987792968821,8.0,4.0,10-13,-2.7525005340576123
08-15,5.539997100830071,9.099998474121094,6.510002136230483,4.809997558593778,20.669998168945312,-22.540008544921875,7.67999267578125,-6.800003051757841,-1.649993896484375,-9.930007934570312,-34.290000915527344,1.4900016784667969,7.0,5.0,10-14,-1.6175022125244134
08-16,4.979999542236321,11.180000305175781,6.970001220703125,2.1599884033203125,21.0,-29.839996337890568,4.489990234374943,-3.5800018310546875,-3.8199920654296875,-23.30000305175784,-16.139999389648423,3.0500030517578196,7.0,5.0,10-15,-1.9041674931844088
08-17,6.879997253417962,8.5999984741211,7.8799972534179545,0.3699951171875,25.78999328613284,-25.18998718261716,5.339996337890682,4.559997558593722,-2.8800048828124716,-24.509994506835966,-13.99999237060544,5.210002899169929,8.0,4.0,10-16,-0.16250006357827887
08-18,6.55999755859375,9.200000762939453,7.1500015258789205,2.710006713867216,24.03999328613284,-25.779998779296818,3.170013427734432,4.52999877929696,9.589996337890682,-29.97000122070304,-12.839996337890582,6.94000244140625,9.0,3.0,10-17,0.441667874654172
08-19,7.869998931884766,11.509998321533203,11.139999389648438,3.410003662109375,25.639999389648494,-26.610015869140682,8.089996337890682,9.630004882812472,7.620010375976506,-27.259994506835852,-13.329994201660128,6.600002288818359,9.0,3.0,10-18,2.025834083557136
08-20,9.190002441406236,11.759998321533217,8.720001220703125,2.800003051757784,23.889999389648494,-28.260009765625,11.54998779296875,5.910003662109375,5.790008544921847,-28.849990844726477,-7.540000915527344,9.150001525878906,9.0,3.0,10-19,2.009167035420743
08-21,9.820003509521499,11.900001525878892,10.3800048828125,2.760009765625,24.06001281738284,-16.070007324218665,18.940002441406364,10.530014038085938,7.230010986328097,-29.419998168945312,-14.860008239746122,11.810001373291023,9.0,3.0,10-20,3.9233373006185044
08-22,10.979995727539048,9.739997863769531,9.050003051757812,1.9400024414062216,24.82000732421875,-6.299987792968864,33.02000427246094,14.240005493164062,5.5,-28.8699951171875,-12.169998168945312,8.639999389648438,9.0,3.0,10-21,5.882502873738594
08-23,9.989997863769545,6.650001525878899,6.019996643066406,8.419998168945341,28.779998779296875,-4.300018310546818,33.93998718261719,13.25,7.5500030517578125,-13.940002441406222,-7.040000915527372,6.1699981689453125,9.0,3.0,10-22,7.957496643066413
08-24,9.720001220703125,8.409999847412102,4.220001220703125,5.839996337890625,31.279998779296875,2.790008544921932,28.879989624023438,16.55999755859375,9.900009155273409,-20.75,-2.7000045776367188,3.020000457763672,10.0,2.0,10-23,8.097499847412111
08-25,10.820003509521491,7.720001220703118,6.799995422363267,5.1100006103515625,30.990005493164062,3.399993896484432,28.529998779296847,4.410003662109318,17.34999084472659,-31.029998779296903,-3.0699996948242188,2.6399993896484304,10.0,2.0,10-24,6.9724995295206655
08-26,10.94000244140625,8.729999542236328,8.08999633789061,4.1699981689453125,31.990005493164062,2.399993896484432,18.119995117187557,1.300003051757784,15.650009155273438,-33.51000976562506,-3.709999084472642,3.69000244140625,10.0,2.0,10-25,5.654999732971194
08-27,5.8999977111816335,6.909996032714844,8.659996032714858,3.779998779296875,37.11000061035156,3.170013427734432,30.660003662109432,7.680007934570426,16.120010375976562,-40.06001281738284,1.6800003051757955,3.0700035095214844,11.0,1.0,10-26,7.056667963663755
08-28,3.319999694824226,7.469997406005859,6.680000305175781,4.690002441406222,36.7200012207031,8.53997802734375,33.6199951171875,5.089996337890739,12.1400146484375,-39.660003662109375,1.520004272460966,1.6599998474121094,11.0,1.0,10-27,6.8158321380615305
08-29,3.989997863769524,5.420001983642571,8.569999694824219,4.340011596679716,37.100006103515625,8.8599853515625,37.730010986328125,4.070007324218835,12.180007934570312,-41.980010986328125,-15.730003356933594,1.5900001525878906,10.0,2.0,10-28,5.5116678873698
08-30,2.9099998474121094,3.729999542236328,8.040000915527344,5.600006103515653,38.77000427246094,8.75,36.3599853515625,2.1800079345703125,10.730010986328125,-36.529998779296875,-18.149993896484403,-0.06999969482421875,9.0,3.0,10-29,5.193335215250651
08-31,0.75,4.270000457763679,7.4499969482421875,5.1200103759765625,36.849990844726534,16.170013427734375,41.079986572265625,-1.6999969482421875,7.089996337890625,-39.529998779296875,-15.260002136230455,-1.3500022888183594,8.0,4.0,10-30,5.078332901000976
09-01,3.1700019836425852,1.029998779296875,12.139999389648452,3.6199951171874716,39.349990844726534,12.290008544921875,45.86999511718747,-7.630004882812585,6.6500091552734375,-36.29998779296881,-18.069999694824205,-1.4300003051757741,8.0,4.0,10-31,5.057500521341945
09-02,2.5600013732910227,-1.5600013732910085,14.450004577636719,3.9299926757812216,38.7099914550781,12.290008544921875,42.75999450683585,-6.069992065429716,4.970001220703125,-35.319992065429716,-19.260002136230455,-2.3100013732910156,7.0,5.0,11-01,4.5958337783813334
09-03,2.359996795654297,-0.2799987792968679,11.73000335693358,4.339996337890597,38.7099914550781,13.1300048828125,41.089996337890625,-8.610000610351562,4.229995727539034,-30.720001220703153,-19.260002136230455,6.729999542236321,8.0,4.0,11-02,5.287498474121085
09-04,-0.7299995422363281,1.1299972534179545,9.470001220703125,4.339996337890597,36.59999084472659,21.239990234375057,46.80999755859375,-11.339996337890597,6.6999969482421875,-30.720001220703153,-20.540000915527344,3.4300003051757812,8.0,4.0,11-03,5.532497723897301
09-05,-0.4199981689453125,1.539997100830071,10.69000244140625,4.1999969482421875,39.08999633789054,21.380004882812557,40.90002441406244,-13.050003051757812,6.6999969482421875,-32.67001342773435,-26.989997863769517,8.580001831054688,8.0,4.0,11-04,4.995834032694495
09-06,1.440002441406243,2.6099967956542898,10.69000244140625,4.0099945068359375,37.350006103515625,25.399993896484375,43.07000732421869,-13.050003051757812,5.8199920654296875,-30.459991455078125,-24.900001525878892,10.70000076293946,9.0,3.0,11-05,6.056666692097977
09-07,0.720001220703125,2.6099967956542898,8.520004272460952,2.239990234375,36.63999938964835,21.65997314453125,44.35000610351557,-15.669998168945312,10.190002441406278,-32.11000061035156,-26.699996948242188,9.980003356933587,9.0,3.0,11-06,5.202498435974111
09-08,0.720001220703125,2.589996337890625,10.650001525878906,2.25,37.11000061035156,27.569976806640625,44.35000610351557,-17.20999145507821,11.269989013671875,-31.6300048828125,-25.15000152587892,9.980003356933587,9.0,3.0,11-07,6.04166475931802
09-09,-2.1199989318847656,1.7800025939941406,12.870002746582031,2.260009765625,40.290008544921875,38.37998962402344,50.16999816894531,-8.860000610351562,11.5,-30.010009765625,-25.37999725341797,11.0,8.0,4.0,11-08,8.490000406901041
09-10,-0.1399993896484375,1.19000244140625,12.159996032714844,1.170013427734375,37.28001403808594,24.809997558593807,47.36997985839841,-12.700012207031278,10.529998779296875,-24.720001220703125,-28.62999725341797,13.389999389648445,8.0,4.0,11-09,6.809165954589844
09-11,0.29999923706053977,-1.3800010681152273,12.889999389648423,1.44000244140625,35.96000671386719,32.110015869140625,44.32000732421875,-14.940002441406278,10.419998168945341,-24.899993896484347,-31.719993591308594,13.419998168945312,8.0,4.0,11-10,6.493336359659832
09-12,2.0699996948242188,-1.8300018310546804,10.079994201660142,1.650009155273409,29.399993896484375,25.699981689453068,44.82000732421875,-9.169998168945341,8.0,-30.709991455078125,-29.290000915527315,23.009994506835923,8.0,4.0,11-11,6.144165674845369
09-13,2.7399978637695312,-1.1300010681152273,10.139999389648423,0.4099884033203125,36.770004272460966,33.959991455078125,45.660003662109375,-6.089996337890625,7.149993896484403,-30.44000244140628,-25.829994201660156,22.8699951171875,8.0,4.0,11-12,8.017498334248863
09-14,2.2599983215332102,-0.09999847412110086,7.650001525878892,1.410003662109375,39.570007324218835,33.25,42.82000732421875,-5.8899993896484375,9.040008544921875,-33.22000122070301,-24.909996032714872,22.8699951171875,8.0,4.0,11-13,7.895835558573417
09-15,0.80999755859375,-0.9899978637695312,5.160003662109375,0.2400054931640625,39.08999633789074,32.20001220703125,38.300018310546875,-5.610000610351591,9.449996948242188,-42.41999816894531,-24.189994812011733,24.839996337890625,8.0,4.0,11-14,6.406669616699225
09-16,-1.9099998474121094,0.1399993896484375,6.909996032714858,-0.220001220703125,43.41999816894537,32.960006713867216,40.33001708984372,-2.759994506835909,7.1100006103515625,-40.84999084472659,-25.769996643066435,22.14999771118164,7.0,5.0,11-15,6.792502721150719
09-17,-3.5699996948242188,-1.1199989318847656,5.700004577636719,-2.1199951171875,38.729995727539034,35.19001770019531,35.47000122070315,-5.239990234375,9.080001831054688,-46.37998962402341,-24.230003356933594,21.699996948242188,6.0,6.0,11-16,5.267503420511884
09-18,-3.4399986267089844,-2.599994659423814,5.5400009155273295,-1.589996337890625,37.729995727539034,34.910003662109375,34.69000244140625,-5.899993896484375,7.5,-47.1199951171875,-23.730003356933594,22.829998016357415,6.0,6.0,11-17,4.901668230692542
09-19,-1.5800018310546804,-2.99999618530272,4.020004272460923,-2.959991455078125,40.84001159667966,39.209991455078125,31.15000915527341,-5.329986572265625,9.539993286132812,-47.75999450683591,-24.110000610351562,24.099998474121094,6.0,6.0,11-18,5.343336423238116
09-20,-1.6100006103515554,-3.5799980163574077,0.6399993896484517,-3.259994506835966,39.36000061035159,39.400009155273466,28.49998474121091,-3.0299987792969034,14.160003662109375,-49.90000915527341,-26.74000549316402,24.099998474121094,6.0,6.0,11-19,4.836665789286301
09-21,-1.9300003051757741,-2.420001983642578,3.200004577636733,-2.5500030517578125,39.55999755859378,40.520004272460966,31.71000671386716,-4.9199981689453125,9.520004272461023,-50.65000915527344,-24.499999999999986,24.099998474121094,6.0,6.0,11-20,5.136666933695488
09-22,-2.1499977111816406,-2.3100013732910156,3.240005493164091,-0.6399993896484375,38.86000061035156,39.139999389648466,35.32000732421875,-0.5099945068358522,7.590011596679574,-51.840011596679716,-25.76000213623044,25.55999755859375,6.0,6.0,11-21,5.5416679382324245
09-23,-0.6599998474121094,-0.9599990844726562,4.290000915527344,-0.6399993896484375,35.74000549316406,36.15998840332031,32.860015869140625,0.6100006103515057,7.279998779296875,-51.840011596679716,-28.08000183105466,27.229995727539055,7.0,5.0,11-22,5.165832837422683
09-24,-0.8300018310546804,-3.629997253417976,1.269996643066392,-0.9499969482421591,33.88999938964844,32.56999206542969,32.05000305175784,17.220001220703125,7.279998779296875,-52.31001281738273,-25.529998779296875,26.87999725341797,7.0,5.0,11-23,5.659165064493826
09-25,0.029998779296875,-4.4599990844726705,1.269996643066392,-1.699996948242159,35.05999755859378,41.739990234375,27.30999755859375,17.220001220703125,6.4499969482421875,-50.56001281738273,-26.65999603271483,27.199996948242188,8.0,4.0,11-24,6.074997584025076
09-26,1.1800003051757812,-4.4599990844726705,0.6500015258789205,-0.4300079345702841,31.960006713867188,36.740005493164034,36.19000244140625,21.67999267578125,4.910003662109375,-46.700012207031165,-26.479995727539077,25.939998626708984,8.0,4.0,11-25,6.764999707539882
09-27,1.1800003051757812,-4.4300003051757955,-0.45999908447264204,-1.720001220703125,33.990005493164034,35.24000549316406,36.19000244140625,19.649993896484375,3.979995727539034,-40.24000549316409,-22.009994506835938,25.939998626708984,7.0,5.0,11-26,7.275833447774244
09-28,1.6899986267089844,-3.9000015258789062,1.349998474121108,-1.1199951171875,31.350006103515625,35.24000549316406,35.980010986328125,18.909988403320312,1.1999969482420738,-41.3800048828125,-22.730003356933594,25.939998626708984,8.0,4.0,11-27,6.877499898274731
09-29,0.8499984741210938,-3.720001220703125,-0.19000244140625,-1.3600006103515625,31.350006103515625,33.61997985839844,34.25001525878906,22.100006103515625,0.4700012207030966,-36.88999938964844,-22.730003356933594,26.37999725341797,7.0,5.0,11-28,7.010833104451495
09-30,1.4699974060058594,-0.8100051879882812,0.3800048828124858,-1.9799957275390625,29.25,36.309982299804716,26.470001220703182,20.160003662109375,-2.25,-44.02999877929696,-22.0800018310547,27.21999740600586,7.0,5.0,11-29,5.842498779296872
10-01,2.9199981689453125,-2.009998321533203,8.319999694824219,-1.279998779296875,26.360000610351534,41.93998718261719,24.049987792968807,15.139999389648409,1.9100036621094034,-38.269989013671875,-19.989997863769545,25.75999832153321,8.0,4.0,11-30,7.070832570393883
10-02,2.809997558593757,-0.6499977111816406,9.299995422363267,-1.6399993896484375,26.790008544921875,40.69999694824219,16.179992675781307,11.810012817382784,9.510009765625,-33.96998596191406,-17.069999694824247,23.87999725341797,8.0,4.0,12-01,7.3041690190633135
10-03,0.8900032043457031,-0.339996337890625,14.330001831054688,-1.9300079345703125,29.160003662109375,34.00999450683591,11.080017089843693,11.880004882812472,7.4600067138671875,-37.42999267578125,-15.619995117187528,22.279998779296875,8.0,4.0,12-02,6.314169883728016
10-04,1.4000015258789062,2.7400054931640767,13.390007019042969,-0.9099884033203125,24.399993896484432,32.139984130859375,13.390014648437443,16.069992065429688,7.5,-38.8800048828125,-16.96999359130858,22.279998779296875,9.0,3.0,12-03,6.379167556762698
10-05,0.3000030517578054,1.1200027465820455,11.47000122070314,-1.529998779296875,23.94999694824216,33.519989013671875,9.600006103515568,12.5,12.570007324218722,-30.970001220703097,-16.680000305175753,22.279998779296875,9.0,3.0,12-04,6.510833740234372
10-06,0.890003204345696,2.0500030517578267,9.150001525878906,-1.290008544921875,25.0,31.980010986328125,9.760009765625,14.129989624023438,7.80999755859375,-29.05999755859372,-20.08999633789061,23.199996948242188,9.0,3.0,12-05,6.127500851949059
10-07,0.40000152587889914,3.05999755859375,10.25,-1.510009765625,25.099990844726534,38.24000549316406,7.100006103515568,9.780014038085938,11.949996948242188,-30.3699951171875,-18.579994201660156,22.429996490478516,9.0,3.0,12-06,6.487500826517734
10-08,-0.4799995422363281,3.6299972534179688,7.9200057983398295,-0.970001220703125,25.580001831054602,32.470016479492216,1.8399963378905682,14.610000610351562,6.279998779296875,-40.55999755859372,-14.360000610351577,20.789997100830078,8.0,4.0,12-07,4.729167938232412
10-09,0.2200012207031321,3.1999969482421875,6.0100021362304545,0.9000091552734375,27.080001831054602,36.66000366210943,4.100006103515625,18.3800048828125,3.639999389648466,-38.39999389648443,-14.119995117187514,20.579998016357415,10.0,2.0,12-08,5.687502861022942
10-10,-1.80999755859375,3.1199951171875,6.2300033569335795,3.5400085449218466,21.050003051757812,41.269989013671875,3.8599853515625,24.720001220703125,3.270004272460966,-31.839996337890597,-14.629997253417969,20.699996948242188,9.0,3.0,12-09,6.623332977294923
10-11,-1.1999969482421804,3.4799957275390625,6.419998168945298,4.4000091552734375,25.149993896484375,43.70001220703125,3.149993896484375,25.25,5.059997558593778,-24.550003051757812,-17.290000915527315,20.699996948242188,9.0,3.0,12-10,7.855833053588872
10-12,-0.1699981689453125,2.0699996948242188,5.040000915527344,5.1200103759765625,20.199996948242188,42.47000122070307,1.0899963378905682,25.22999572753909,12.30999755859375,-33.08000183105466,-17.12999725341797,20.699996948242188,9.0,3.0,12-11,6.9874998728434194
10-13,0.3899993896484375,-0.01000213623046875,9.509994506835923,3.909988403320284,21.639999389648438,42.67001342773443,4.279998779296875,33.029998779296875,2.1900024414062216,-31.330001831054688,-18.610000610351562,19.139995574951165,9.0,3.0,12-12,7.234165509541827
10-14,-1.5099983215332031,0.44000244140625,9.549995422363295,6.119995117187472,18.05999755859375,38.02000427246102,3.4299926757811363,22.42999267578128,5.509994506835966,-32.16999816894531,-17.05999755859375,16.979995727539055,9.0,3.0,12-13,5.816664695739746
10-15,-1.640003204345689,1.4899978637695028,10.349998474121094,6.089996337890597,19.80999755859375,38.61001586914068,1.9800109863281818,24.15000915527341,9.569992065429716,-30.970001220703125,-18.219993591308608,16.539997100830078,9.0,3.0,12-14,6.480001449584965
10-16,-3.1200027465820455,1.1299972534179972,9.540000915527344,5.3899993896484375,18.209991455078097,25.860015869140597,-10.059997558593864,26.229995727539062,5.229995727539091,-33.68000793457031,-17.729995727539062,14.199996948242188,8.0,4.0,12-15,3.433332443237294
10-17,-3.5999984741210795,1.199996948242216,7.389999389648452,6.000000000000028,18.899993896484375,14.600006103515682,-10.08001708984375,23.540008544921903,7.05999755859375,-32.09001159667969,-14.419998168945327,14.96999740600586,8.0,4.0,12-16,2.7891645431518683
10-18,-3.829994201660142,0.9899978637695455,5.729995727539077,-0.970001220703125,19.789993286132812,21.44000244140625,-12.08001708984375,18.91999816894534,5.6199951171875,-47.61999511718753,-13.489997863769545,14.96999740600586,7.0,5.0,12-17,0.7891645431518578
10-19,-3.3499984741210795,3.1500015258789062,7.059997558593764,-0.2299957275390625,16.020004272460938,17.529998779296818,-6.77001953125,15.210006713867216,3.489990234375,-43.0,-15.769996643066406,14.96999740600586,7.0,5.0,12-18,0.6924988428751627
10-20,-2.3600006103515767,6.239997863769538,6.810005187988281,1.3600006103515625,15.5,21.83001708984375,-7.69000244140625,26.61000061035159,0.44000244140616473,-46.78001403808594,-14.939994812011719,17.439998626708984,8.0,4.0,12-19,2.0383342107136997
10-21,-2.0900039672851562,6.86999893188478,5.010002136230483,1.7599945068359375,21.550003051757812,14.739990234375,-2.6300048828125,28.8800048828125,7.8899993896484375,-47.68000793457031,-14.319999694824205,20.589996337890625,8.0,4.0,12-20,3.3808310826619503
10-22,1.3700027465820312,5.8300018310546875,1.8500061035155966,2.8799896240234375,21.839996337890625,14.1300048828125,-25.429992675781307,24.470001220703097,5.520004272460909,-49.21000671386719,-13.950004577636705,19.6199951171875,9.0,3.0,12-21,0.7433331807454321
10-23,4.380004882812507,6.530006408691406,4.080001831054673,3.8199920654296875,20.839996337890625,16.94000244140625,-28.92999267578125,24.849990844726534,7.819992065429716,-46.729995727539034,-13.310005187988281,20.589996337890625,9.0,3.0,12-22,1.7399991353352882
10-24,4.850002288818345,7.1399993896484375,4.770004272460923,4.209991455078125,15.199996948242188,16.0,-24.390014648437443,27.18998718261716,7.349990844726591,-40.17999267578125,3.0600051879882812,22.499996185302734,10.0,2.0,12-23,3.974997202555341
10-25,4.560001373291016,7.1399993896484375,6.75,5.69000244140625,16.029998779296875,16.390014648437557,-21.220001220703125,29.779998779296847,11.329986572265653,-48.3800048828125,6.4899978637695455,22.499996185302734,10.0,2.0,12-24,4.754999160766608
10-26,4.560001373291016,9.189994812011726,4.8600006103515625,5.3800048828125,16.910003662109375,16.390014648437557,-21.220001220703125,30.79998779296875,14.559997558593778,-44.77000427246094,4.5,22.499996185302734,10.0,2.0,12-25,5.3049996693929105
10-27,5.63999938964843,10.879997253417969,1.2000045776367188,3.2599945068359375,22.279998779296875,16.670013427734432,-19.8499755859375,31.119995117187585,17.949996948242188,-51.54000854492185,4.680000305175781,24.159996032714844,10.0,2.0,12-26,5.537501017252619
10-28,7.79999923706054,12.200004577636712,0.769996643066392,3.5699920654296875,20.6300048828125,9.250000000000057,-24.569976806640625,27.830001831054688,27.520004272460966,-56.13999938964841,4.199996948242173,25.439998626708984,10.0,2.0,12-27,4.875001907348639
10-29,7.599998474121094,9.95999908447265,3.2999954223632812,2.0,18.1300048828125,13.130004882812557,-19.500000000000057,29.169998168945312,26.169998168945312,-48.92001342773435,7.009994506835923,17.159996032714844,10.0,2.0,12-28,5.43416468302409
10-30,9.50000381469728,10.490001678466804,3.1100006103515625,2.0,18.770004272460938,7.230010986328125,-19.1099853515625,29.240005493164062,25.949996948242188,-49.90000915527344,8.199996948242173,17.659996032714844,10.0,2.0,12-29,5.261668523152671
10-31,9.139999389648438,10.320003509521491,1.4799957275390767,2.0,18.240005493164148,7.769989013671875,-20.279998779296875,24.100006103515625,26.69000244140628,-54.5,10.330001831054688,13.949996948242188,10.0,2.0,12-30,4.103333473205578
11-01,9.099998474121094,10.549999237060554,3.7399978637695312,-0.2299957275390625,21.369995117187557,9.5,-18.120025634765625,26.83000183105466,24.220001220703125,-55.63000488281247,9.85000610351561,13.949996948242188,9.0,3.0,12-31,4.594164212544762
11-02,9.099998474121094,10.139999389648438,2.5199966430664062,0.95001220703125,18.589996337890767,9.5,-18.120025634765625,28.540008544921875,24.17999267578122,-52.94999694824219,8.580001831054688,13.949996948242188,10.0,2.0,01-01,4.58166503906251
11-03,7.239997863769538,9.069999694824219,1.1699981689453125,0.8400115966796875,20.489990234375085,5.029998779296875,-20.290008544921875,28.520004272460938,25.76000976562497,-56.09999084472656,8.360000610351548,11.829998016357415,10.0,2.0,01-02,3.493334134419762
11-04,7.959999084472656,8.239997863769531,1.7600021362304688,1.5800018310546875,23.369995117187585,8.77001953125,-21.57000732421875,29.449996948242188,22.789993286132784,-55.839996337890625,9.869995117187514,12.549995422363288,10.0,2.0,01-03,4.077499389648444
11-05,6.19000244140625,8.079998016357422,1.2699966430664062,5.8600006103515625,22.899993896484375,2.860015869140625,-22.339996337890568,24.710006713867188,24.639999389648438,-50.53999328613281,8.319999694824247,10.579998016357415,10.0,2.0,01-04,3.5441684722900457
11-06,5.4599952697753835,9.999996185302734,0.1900024414062642,5.8499908447265625,19.719985961914062,1.069976806640625,-21.3800048828125,29.22000122070321,29.3800048828125,-52.15998840332031,8.549995422363295,10.529998779296875,10.0,2.0,01-05,3.8691628774007243
11-07,5.209999084472656,9.53000259399414,-1.629997253417983,6.9399871826171875,24.88999938964838,1.760009765625,-25.020019531250057,33.99000549316406,30.350006103515625,-57.44999694824219,7.0800018310546875,-0.1399993896484233,8.0,4.0,01-06,2.9591665267944243
11-08,5.339996337890611,8.15999984741211,-2.3600006103515625,8.480010986328125,20.84001159667966,-3.589996337890568,-22.680023193359375,36.22999572753906,30.46000671386716,-61.470001220703125,2.4799957275390483,-0.1399993896484233,7.0,5.0,01-07,1.81249968210856
11-09,5.669998168945327,8.610000610351562,0.45000457763671875,8.779998779296875,13.660003662109432,-7.16998291015625,-26.550018310546875,30.459991455078125,36.139984130859375,-46.559997558593835,2.839996337890611,-0.1399993896484233,8.0,4.0,01-08,2.182498296101887
11-10,5.000000000000014,7.909999847412109,2.0400009155273438,11.639999389648438,10.55999755859375,-5.03997802734375,-27.3900146484375,26.030014038085938,39.31001281738281,-42.00999450683594,2.2099990844726562,0.0,8.0,4.0,01-09,2.5216697057088227
11-11,5.479999542236335,8.300003051757812,0.590003967285142,12.44000244140625,13.3599853515625,-4.329986572265625,-24.550018310546875,24.600006103515625,39.09999084472656,-39.19999694824219,2.1699981689453125,0.0,8.0,4.0,01-10,3.1633323033650718
11-12,6.799999237060547,9.019996643066406,2.680000305175753,12.800003051757812,13.839996337890597,-3.279998779296875,-28.790008544921818,26.789993286132812,43.75999450683588,-35.59999084472656,1.4499969482421733,0.0,8.0,4.0,01-11,4.12249851226806
11-13,7.159999847412109,9.799999237060547,3.4499969482421733,13.260009765625,9.509994506835966,3.699981689453125,-29.339996337890625,24.45999145507821,47.88999938964838,-37.169998168945284,3.029998779296875,0.0,9.0,2.0,01-12,4.645831425984706
11-14,6.200000762939453,10.02999496459961,5.189994812011719,15.160003662109375,7.699996948242159,5.290008544921875,-34.02001953125,23.800003051757784,45.919998168945256,-31.639999389648466,4.1399993896484375,0.0,9.0,2.0,01-13,4.814165115356434
11-15,5.090000152587891,11.609996795654297,5.349998474121108,15.529998779296903,9.150009155273409,10.47998046875,-29.850006103515568,24.46000671386716,47.49999999999994,-30.66999816894534,8.620002746582017,0.0,9.0,2.0,01-14,6.439165751139318
11-16,5.070003509521484,12.009998321533203,6.869995117187514,15.8699951171875,2.6100006103516193,6.66998291015625,-38.550018310546875,23.88999938964841,46.75999450683588,-30.569992065429688,7.619995117187514,0.0,9.0,2.0,01-15,4.854162851969401
11-17,5.100002288818359,12.59000015258789,10.079994201660156,15.350006103515625,7.420013427734347,0.489990234375,-35.899993896484375,17.050003051757784,49.2699890136719,-24.839996337890597,7.349998474121108,0.0,9.0,2.0,01-16,5.3300005594889335
11-18,5.420001983642578,12.009998321533203,11.55999755859375,14.279998779296875,5.100006103515597,-0.6300048828125,-39.110015869140625,18.069992065429716,51.69999694824219,-25.36999511718747,8.379997253417983,0.0,8.0,3.0,01-17,5.117497762044274
11-19,6.7500038146972585,10.549995422363274,10.65000152587892,15.55999755859375,5.8000030517578125,0.75,-37.480010986328125,8.889999389648438,33.40000915527344,-24.23999023437497,9.639999389648438,0.0,9.0,2.0,01-18,3.355834007263186
11-20,7.590003967285156,9.590003967285156,12.860000610351562,15.869995117187472,8.919998168945312,-3.459991455078125,-30.3699951171875,1.339996337890625,33.59001159667969,-23.76998901367196,11.959999084472656,0.0,8.0,3.0,01-19,3.6766694386800034
11-21,3.5999984741210938,9.44000244140625,14.09000396728517,16.079986572265625,10.360000610351562,-5.450012207031193,-34.3800048828125,2.959991455078125,34.420013427734375,-27.259994506835938,11.879997253417983,0.0,8.0,3.0,01-20,2.9783318837483796
11-22,5.209999084472656,8.699996948242188,14.709999084472642,15.599990844726562,11.690002441406278,3.3499755859375,-33.69000244140625,-1.5,36.450012207031335,-26.039993286132812,9.6199951171875,0.0,8.0,3.0,01-21,3.6749979654948
11-23,5.089996337890625,8.669998168945312,16.01000213623047,15.279998779296875,14.07000732421875,7.079986572265625,-38.69000244140625,-3.4300079345703125,33.91999816894534,-25.089996337890625,7.510002136230469,0.0,8.0,3.0,01-22,3.3683319091796897
11-24,4.579998016357422,6.819999694824219,16.769996643066406,15.650009155273438,11.909988403320284,8.720001220703125,-38.480010986328125,-4.470001220703125,39.80000305175784,-28.42999267578125,6.4499969482421875,0.0,8.0,3.0,01-23,3.276665687561035
11-25,4.459999084472656,8.319995880126953,15.40999603271483,16.930007934570312,19.1199951171875,10.34002685546875,-39.42999267578125,-4.1399993896484375,40.40000915527338,-30.259994506835938,6.220001220703139,0.0,8.0,3.0,01-24,3.947503725687658
11-26,2.1200027465820312,7.939998626708984,12.389999389648438,17.220001220703125,21.220001220703125,10.550018310546875,-36.72000122070321,-3.489990234375,39.330001831054744,-27.229995727539062,5.569999694824247,0.0,8.0,3.0,01-25,4.075002988179524
11-27,-0.3899993896484375,10.329998016357422,14.099998474121094,17.839996337890625,20.30999755859375,8.55999755859375,-36.30999755859375,-5.829986572265625,38.03999328613281,-20.08999633789054,4.68000030517581,0.0,7.0,4.0,01-26,4.270000139872242
11-28,-0.7400016784667969,10.229999542236328,14.739997863769531,17.139999389648438,13.680007934570227,12.670013427734375,-41.46000671386719,-4.77999877929679,33.87998962402341,-25.850006103515625,4.889999389648423,0.0,7.0,4.0,01-27,2.866666158040361
11-29,-0.5700035095214844,10.189998626708984,13.760002136230483,15.399993896484375,7.460006713867102,19.040008544921875,-37.25000000000003,-1.4500122070311647,26.279983520507812,-22.069992065429688,0.48999786376953125,0.0,7.0,4.0,01-28,2.60666529337565
11-30,-0.43000030517577414,9.879997253417969,8.729995727539062,15.55999755859375,2.0200042724609375,13.1400146484375,-40.05000305175781,-1.5200042724608522,13.580001831054688,-22.649993896484403,-0.5499954223632955,0.0,6.0,5.0,01-29,-0.1908321380615193
12-01,-0.9399986267089773,6.799995422363267,6.869995117187514,14.82000732421875,5.9499969482421875,8.490020751953125,-42.36000061035156,-6.4799957275390625,27.820007324218693,-20.290008544921875,1.1300048828124858,0.0,7.0,4.0,01-30,0.1508353551228788
12-02,0.15999984741212359,5.290000915527344,5.5500030517578125,13.55999755859375,5.0099945068359375,7.110015869140625,-38.56999206542969,3.639999389648409,18.340011596679688,-21.240005493164062,3.490005493164034,0.0,9.0,2.0,01-31,0.19500255584716442
12-03,-0.700000762939446,3.0699996948242188,4.9199981689453125,11.029998779296875,3.9599914550780966,8.649993896484375,-82.25,4.7899932861328125,16.419998168945312,-19.490005493164062,6.900001525878892,0.0,8.0,3.0,02-01,-3.5583359400431345
12-04,-1.7000007629394531,2.779998779296875,5.8199996948242045,11.25,3.8600006103515625,14.269989013671818,-84.43000793457031,4.9900054931640625,18.49000549316412,-9.300003051757841,5.3899993896484375,0.0,8.0,3.0,02-02,-2.381667772928877
12-05,0.8199996948242188,4.3000030517578125,6.029998779296889,10.709991455078125,7.529998779296875,10.589996337890625,-76.29998779296884,7.0,24.160003662109432,-7.5800018310546875,3.5999984741210938,0.0,9.0,2.0,02-03,-0.7616666158040376
12-06,1.2599983215332031,7.6100006103515625,7.940002441406264,14.69000244140625,-9.039993286132812,13.199981689453125,-88.56999206542969,3.2299957275390625,26.80000305175784,-9.550003051757812,-2.470001220703139,0.0,7.0,4.0,02-04,-2.9083337783813454
12-07,-5.5,7.69000244140625,7.720001220703139,13.789993286132812,-10.110000610351591,16.959991455078125,-88.15998840332031,-3.1100006103515625,24.659988403320312,0.8899993896484375,-4.82000732421875,0.0,6.0,5.0,02-05,-3.332501729329428
12-08,-6.11000061035157,7.3300018310546875,10.330001831054688,12.279998779296875,-9.160003662109375,14.0,-87.44999694824219,-13.889999389648466,16.860000610351562,2.0200042724609375,-3.0100021362304688,0.0,6.0,5.0,02-06,-4.733332951863609
12-09,-7.1399993896484375,8.649993896484375,11.870002746582017,13.1300048828125,-11.639999389648438,15.230010986328182,-85.38999938964838,-4.05999755859375,4.5,2.5000000000000853,1.4399948120117188,0.0,7.0,4.0,02-07,-4.24249903361001
12-10,-10.209999084472656,6.670005798339858,12.950004577636719,12.529998779296875,-13.080001831054688,15.029998779296818,-82.75000000000006,-4.110000610351506,7.19000244140625,0.8700103759765625,2.9199981689453125,0.0,7.0,4.0,02-08,-4.332498550415043
12-11,-8.060001373291016,8.91000366210936,12.910003662109375,10.319992065429688,-9.5,1.7200012207030682,-80.88000488281244,-5.490005493164006,12.470001220703125,1.7100067138671875,1.3699951171875,0.0,7.0,4.0,02-09,-4.54333400726318
12-12,-9.089996337890625,8.150001525878892,14.3800048828125,10.349990844726562,12.579986572265625,0.08999633789068184,-86.24998474121091,-4.840011596679574,8.410003662109375,0.510009765625,-2.440002441406236,0.0,7.0,4.0,02-10,-4.012500127156559
12-13,-9.929996490478516,8.340003967285142,15.19000244140625,9.740005493164062,14.209991455078068,-9.3699951171875,-92.8699951171875,-6.919998168945227,12.75,-13.300003051757812,-4.130004882812486,0.0,5.0,6.0,02-11,-6.357499122619626
12-14,-10.739997863769531,8.270004272460923,17.340003967285142,9.979995727539062,19.360000610351562,-3.04998779296875,-87.8899841308594,-4.230010986328068,4.310012817382784,-8.8599853515625,-5.559997558593764,0.0,5.0,6.0,02-12,-5.089162190755212
12-15,-10.510002136230469,8.480003356933594,16.329994201660156,7.959991455078125,25.259994506835994,-2.839996337890568,-85.8899841308594,-2.7400054931640625,0.8600006103516478,3.9300079345703125,-5.309997558593764,0.0,6.0,5.0,02-13,-3.705832799275703
12-16,-10.989997863769531,7.639999389648423,14.930000305175781,6.8600006103515625,27.860000610351562,1.0700073242188637,-91.19998168945315,-1.8000030517578125,1.0699920654296875,7.8600006103515625,-4.3700027465820455,0.0,7.0,4.0,02-14,-3.422498703002925
12-17,-10.150001525878906,8.459999084472656,15.969993591308608,6.8600006103515625,28.3800048828125,-3.230010986328068,-86.9599914550781,-3.1500091552735228,-0.9600067138671022,8.230010986328125,-5.200004577636733,0.0,5.0,6.0,02-15,-3.4791679382324148
12-18,-10.050003051757827,9.149993896484375,17.430000305175795,6.4600067138671875,22.330001831054688,-10.529998779296818,-86.49000549316406,-1.57000732421875,2.8300018310546875,9.1300048828125,-5.819999694824247,0.0,6.0,5.0,02-16,-3.9275004069010393
12-19,-10.54000091552733,8.419998168945312,17.819999694824247,5.3400115966796875,25.5,-4.589996337890625,-87.88000488281253,-0.3899993896484375,5.199996948242216,10.660003662109375,-5.450004577636733,0.0,6.0,5.0,02-17,-2.992499669392901
12-20,-10.22000122070311,7.769996643066406,15.59000396728517,4.3000030517578125,28.899993896484432,-2.84002685546875,-83.03999328613284,-0.769989013671875,2.900009155273409,15.1300048828125,-7.800003051757827,0.0,6.0,5.0,02-18,-2.5066668192545563
12-21,-10.409999847412095,7.160003662109375,14.90000152587892,6.05999755859375,24.239990234375,-5.220001220703125,-78.11999511718756,-3.1099853515625,0.2700042724609375,17.910003662109375,-8.639999389648438,0.0,6.0,5.0,02-19,-2.9133316675821965
12-22,-10.119998931884766,7.269996643066406,14.880004882812528,8.790008544921875,28.05999755859375,-6.58001708984375,-81.29000854492188,-1.089996337890625,-11.340011596679688,28.75,-10.970001220703125,0.0,5.0,6.0,02-20,-2.8033355077107722
12-23,-10.45999526977539,7.819999694824219,13.940002441406264,8.32000732421875,24.82000732421875,-6.860015869140625,-85.9400024414062,-2.2299957275390625,-5.9600067138671875,30.3699951171875,-10.110000610351562,0.0,5.0,6.0,02-21,-3.024167060852045
12-24,-9.15000152587892,7.779998779296875,14.069999694824247,6.1500091552734375,26.470001220703125,-7.33001708984375,-80.77001953125,1.329986572265625,-6.0699920654296875,28.959991455078125,-9.629997253417955,0.0,6.0,5.0,02-22,-2.349170049031573
12-26,-7.529998779296882,5.69000244140625,14.680000305175795,7.720001220703125,28.930007934570312,-8.720001220703125,-67.25001525878906,6.1599884033203125,-11.050003051757812,21.740005493164062,-7.270004272460923,0.0,6.0,5.0,02-24,-1.4083347320556623
12-27,-8.700000762939453,5.55999755859375,14.680000305175795,7.6699981689453125,24.800018310546818,-11.730010986328125,-71.68000793457031,6.1599884033203125,-10.830001831054688,19.160003662109375,-8.75,0.0,6.0,5.0,02-25,-2.805001258850101
12-28,-8.290000915527344,5.7299957275390625,16.31000518798828,10.0,26.25,-15.160003662109375,-67.38002014160148,11.29998779296875,-12.529998779296847,24.239990234375,-11.97000122070311,0.0,6.0,5.0,02-26,-1.7916704813639217
12-29,-8.25,5.5,17.299995422363267,10.669998168945312,25.430023193359375,-14.890014648437557,-69.53999328613273,13.169998168945312,-11.389999389648409,24.209991455078125,-16.940002441406236,0.0,6.0,5.0,02-27,-2.060833613077795
12-30,-8.660003662109375,5.930000305175781,18.04000091552733,10.8800048828125,25.230010986328125,-10.420013427734432,-66.00999450683591,16.309997558593665,-9.669998168945312,24.470001220703125,-19.75,0.0,6.0,5.0,02-28,-1.1374994913737086
12-31,-8.509994506835923,7.319999694824219,19.319999694824205,12.990005493164062,22.350006103515625,-9.589996337890682,-63.97000122070315,13.760009765624886,-12.94000244140625,23.19000244140625,-21.259994506835966,0.0,6.0,5.0,03-01,-1.4449971516927274
