,2010,2011,2012,2013,2014,2015,2016,2017,2018,2019,2020,ups,downs,end_day_sum,avg
01-02,0.0,1.2000007629394531,1.6700000762939524,1.8700008392333949,-1.2300014495849574,0.7999992370605398,-0.43000030517578125,0.5900001525878906,-0.29000091552734375,3.8699989318847656,2.829998016357422,7.0,3.0,03-02,0.9890904860063032
01-03,0.0,1.2000007629394531,1.6700000762939524,1.8700008392333949,-1.2300014495849574,0.7999992370605398,-0.43000030517578125,0.5900001525878906,-0.29000091552734375,3.8699989318847656,2.829998016357422,7.0,3.0,03-03,0.9890904860063032
01-04,0.0,1.2000007629394531,1.6700000762939524,1.8700008392333949,-1.2300014495849574,0.7999992370605398,-0.43000030517578125,0.5900001525878906,-0.29000091552734375,3.8699989318847656,2.829998016357422,7.0,3.0,03-04,0.9890904860063032
01-05,0.0,1.2000007629394531,1.6700000762939524,1.8700008392333949,-1.2300014495849574,0.7999992370605398,-0.2099990844726598,0.5900001525878906,-0.29000091552734375,3.8699989318847656,2.829998016357422,7.0,3.0,03-05,1.0090905969793142
01-06,0.0,1.2000007629394531,2.4399986267089915,1.8700008392333949,-1.2300014495849574,0.7999992370605398,-0.04999923706055043,0.5900001525878906,-0.29000091552734375,3.8699989318847656,2.829998016357422,7.0,3.0,03-06,1.0936359058726914
01-07,0.0,1.2000007629394531,2.4399986267089915,1.8700008392333949,-1.2300014495849574,0.7999992370605398,1.0300006866455043,-0.20000076293945312,-0.29000091552734375,3.8699989318847656,2.829998016357422,7.0,3.0,03-07,1.1199994520707561
01-08,0.0,1.3499984741210973,1.4200000762939524,1.8700008392333949,-1.2300014495849574,-1.2600021362304759,2.0399990081787145,-0.20000076293945312,-0.29000091552734375,3.8699989318847656,2.5,6.0,4.0,03-08,0.9154538241299722
01-09,0.0,1.409999847412113,1.4200000762939524,1.8700008392333949,-1.2300014495849574,-1.2600021362304759,2.0399990081787145,-0.20000076293945312,-0.29000091552734375,2.3600006103515625,2.990001678466797,6.0,4.0,03-09,0.828181526877664
01-10,0.0,1.409999847412113,0.6500015258789098,1.6800022125244176,-1.0200004577636648,-1.2600021362304759,2.0399990081787145,-0.20000076293945312,-0.1399993896484446,1.5900001525878906,2.25,6.0,4.0,03-10,0.636363636363637
01-11,0.0,1.409999847412113,0.6500015258789098,1.6800022125244176,-1.0200004577636648,-1.2600021362304759,2.0399990081787145,-0.20000076293945312,-1.2299995422363281,1.5900001525878906,2.25,6.0,4.0,03-11,0.5372727134011022
01-12,0.0,1.409999847412113,0.6500015258789098,-1.7399978637695241,-1.0200004577636648,-1.2600021362304759,2.0399990081787145,-0.20000076293945312,-1.0399971008300781,1.2099990844726562,2.25,5.0,5.0,03-12,0.20909101312810885
01-13,0.0,1.409999847412113,0.6500015258789098,-1.7399978637695241,-1.0200004577636648,-1.2600021362304759,2.0399990081787145,-0.20000076293945312,-1.270000457763679,1.2099990844726562,2.25,5.0,5.0,03-13,0.18818161704323605
01-14,0.0,1.409999847412113,0.6500015258789098,-1.7399978637695241,-1.0200004577636648,-1.2600021362304759,2.0399990081787145,-0.4500007629394531,-1.3599967956542898,1.2099990844726562,2.25,5.0,5.0,03-14,0.15727285905318053
01-15,0.0,1.409999847412113,0.6500015258789098,-1.7399978637695241,-1.0200004577636648,-1.2600021362304759,2.0399990081787145,-0.4500007629394531,-1.3599967956542898,1.2099990844726562,2.25,5.0,5.0,03-15,0.15727285905318053
01-16,0.0,1.409999847412113,0.6500015258789098,-1.7399978637695241,-1.0200004577636648,-1.2600021362304759,2.0399990081787145,-0.4500007629394531,-1.3599967956542898,1.2099990844726562,2.25,5.0,5.0,03-16,0.15727285905318053
01-17,0.0,1.409999847412113,0.6500015258789098,-1.7399978637695241,-1.0200004577636648,-1.2600021362304759,2.0399990081787145,-0.4500007629394531,-1.3599967956542898,1.2299995422363281,2.25,5.0,5.0,03-17,0.1590910824862416
01-18,0.0,1.409999847412113,0.4899997711181676,-1.7399978637695241,0.059999465942386365,-1.2600021362304759,2.0399990081787145,-0.4500007629394531,-1.8399982452392543,1.2299995422363281,2.25,6.0,4.0,03-18,0.1990907842462729
01-19,0.0,1.409999847412113,0.4899997711181676,-1.7399978637695241,0.059999465942386365,-4.2200012207031214,2.0399990081787145,-0.4500007629394531,-1.8399982452392543,1.2299995422363281,-10.739997863769531,5.0,5.0,03-19,-1.2509089383211978
01-20,0.0,1.409999847412113,0.4899997711181676,-1.7399978637695241,0.059999465942386365,-4.2200012207031214,2.0399990081787145,-0.4500007629394531,-1.9299983978271449,1.2299995422363281,-15.119998931884762,5.0,5.0,03-20,-1.657272685657845
01-21,0.0,1.4600009918212855,0.4899997711181676,-1.7399978637695241,0.059999465942386365,-4.2200012207031214,2.0399990081787145,-0.4500007629394531,-2.299999237060547,1.2299995422363281,-15.119998931884762,5.0,5.0,03-21,-1.6863635670055024
01-22,0.0,1.4600009918212855,0.4899997711181676,-1.7399978637695241,0.0,-2.9599990844726456,2.0399990081787145,-0.4500007629394531,-2.299999237060547,1.2299995422363281,-15.119998931884762,4.0,6.0,03-22,-1.5772724151611306
01-23,0.0,0.7700004577636648,0.4899997711181676,-1.80999755859375,0.0,-2.9599990844726456,2.0399990081787145,0.3899993896484375,-2.069999694824226,1.2299995422363281,-15.119998931884762,5.0,5.0,03-23,-1.5490906455300064
01-24,0.0,0.7700004577636648,0.4899997711181676,-1.80999755859375,0.7399997711181641,-2.9599990844726456,2.0399990081787145,1.0500011444091797,-2.069999694824226,1.2299995422363281,-12.419998168945312,6.0,4.0,03-24,-1.1763631647283377
01-25,0.0,0.7700004577636648,0.7800006866455114,-1.7099990844726634,0.6700000762939418,-1.3199977874755895,2.0399990081787145,1.0500011444091797,-2.599998474121101,1.2299995422363281,-12.419998168945312,6.0,4.0,03-25,-1.046362963589757
01-26,0.0,0.7700004577636648,0.7800006866455114,-1.7099990844726634,0.6700000762939418,-1.3199977874755895,2.0399990081787145,1.0500011444091797,-2.9199981689453125,0.11999893188476562,-12.419998168945312,6.0,4.0,03-26,-1.1763629913330091
01-27,0.0,0.7700004577636648,0.7800006866455114,-1.7099990844726634,0.6700000762939418,-1.3199977874755895,2.0399990081787145,1.8199996948242223,-2.9199981689453125,0.11999893188476562,-14.989997863769531,6.0,4.0,03-27,-1.3399994590065705
01-28,0.0,0.470001220703125,0.7800006866455114,-1.7099990844726634,0.6700000762939418,-1.3199977874755895,2.0399990081787145,1.6199989318847692,-2.9199981689453125,0.11999893188476562,-16.880001068115234,6.0,4.0,03-28,-1.557272477583452
01-29,0.0,0.470001220703125,0.7800006866455114,-1.7099990844726634,0.6700000762939418,-1.3199977874755895,2.0399990081787145,1.6199989318847692,-2.9199981689453125,0.11999893188476562,-16.880001068115234,6.0,4.0,03-29,-1.557272477583452
01-30,0.0,0.470001220703125,0.7800006866455114,-1.7099990844726634,0.6700000762939418,-1.3199977874755895,0.6800003051757848,1.6199989318847692,-2.9199981689453125,0.22999954223632812,-16.880001068115234,6.0,4.0,03-30,-1.6709086678244853
01-31,0.0,0.470001220703125,0.7800006866455114,-1.990001678466804,0.6700000762939418,-1.3199977874755895,0.6800003051757848,1.6199989318847692,-2.9199981689453125,0.22999954223632812,-16.880001068115234,6.0,4.0,03-31,-1.69636344909668
02-01,0.0,0.470001220703125,0.7800006866455114,-2.4300003051757812,0.6700000762939418,-1.3199977874755895,0.6800003051757848,1.6199989318847692,-3.469999313354492,0.22999954223632812,-16.880001068115234,6.0,4.0,04-01,-1.7863634282892398
02-02,0.0,0.470001220703125,0.7800006866455114,-2.3600006103515554,0.6700000762939418,-1.3199977874755895,0.6800003051757848,1.6199989318847692,-2.659999847412106,0.22999954223632812,-16.880001068115234,6.0,4.0,04-02,-1.706363504583184
02-03,0.0,0.810001373291005,0.7800006866455114,-2.3600006103515554,0.6700000762939418,-1.3199977874755895,0.6800003051757848,1.6199989318847692,-2.659999847412106,0.22999954223632812,-16.880001068115234,6.0,4.0,04-03,-1.6754543998024678
02-04,0.0,0.810001373291005,1.0799999237060511,-2.3600006103515554,0.6700000762939418,-1.3199977874755895,0.029998779296875,0.6399993896484375,-2.659999847412106,0.22999954223632812,-16.880001068115234,6.0,4.0,04-04,-1.796363657171077
02-05,0.0,0.7600002288818253,1.0799999237060511,-2.0999984741210938,0.6700000762939418,-1.3199977874755895,1.0200004577636719,0.6399993896484375,-2.659999847412106,0.22999954223632812,-16.439998626708984,6.0,4.0,04-05,-1.6472722833806834
02-06,0.0,0.7600002288818253,1.0799999237060511,-2.0999984741210938,0.6700000762939418,-1.3199977874755895,3.4800014495849574,0.6399993896484375,-2.659999847412106,0.22999954223632812,-16.93000030517578,6.0,4.0,04-06,-1.4681814367120936
02-07,0.0,0.7600002288818253,-0.12999916076660512,-2.0999984741210938,0.6700000762939418,-1.3199977874755895,3.4800014495849574,0.6399993896484375,-2.659999847412106,0.22999954223632812,-16.93000030517578,5.0,5.0,04-07,-1.578181353482335
02-08,0.0,0.9400005340576065,0.04999923706053977,-2.0999984741210938,0.6700000762939418,-1.3199977874755895,3.4800014495849574,0.6399993896484375,-0.24000167846679332,1.2400016784667969,-11.630001068115234,6.0,4.0,04-08,-0.7518178766424028
02-09,0.0,0.8700008392333878,0.04999923706053977,-2.0999984741210938,0.6700000762939418,-1.3199977874755895,3.4800014495849574,0.6399993896484375,-0.05000114440917969,1.2400016784667969,-11.630001068115234,6.0,4.0,04-09,-0.7409087094393669
02-10,0.0,1.6700000762939453,0.04999923706053977,-2.0999984741210938,0.6700000762939418,-1.3199977874755895,4.310001373291012,0.6399993896484375,-0.05000114440917969,1.2400016784667969,-11.630001068115234,6.0,4.0,04-10,-0.5927269675514931
02-11,0.0,1.6700000762939453,-0.0400009155273473,-2.0999984741210938,0.6700000762939418,-1.3199977874755895,4.310001373291012,0.6399993896484375,-0.05000114440917969,1.2400016784667969,-11.630001068115234,5.0,5.0,04-11,-0.6009087996049374
02-12,0.0,1.6700000762939453,-0.0400009155273473,-2.0999984741210938,0.6700000762939418,-1.3199977874755895,4.310001373291012,0.6399993896484375,-0.05000114440917969,1.2400016784667969,-11.630001068115234,5.0,5.0,04-12,-0.6009087996049374
02-13,0.0,1.6700000762939453,-0.0400009155273473,-2.0999984741210938,0.6700000762939418,-1.3199977874755895,4.310001373291012,0.6399993896484375,-0.6800003051757777,1.2400016784667969,-11.630001068115234,5.0,5.0,04-13,-0.658181450583719
02-14,0.0,1.6700000762939453,-0.0400009155273473,-2.0999984741210938,0.6700000762939418,-1.3199977874755895,4.310001373291012,0.6399993896484375,-0.6800003051757777,1.2400016784667969,-8.690002441406257,5.0,5.0,04-14,-0.39090884815563015
02-15,0.0,1.6700000762939453,-0.0400009155273473,-2.0999984741210938,0.6700000762939418,-1.3199977874755895,4.310001373291012,0.6399993896484375,-0.6800003051757777,1.2400016784667969,-8.690002441406257,5.0,5.0,04-15,-0.39090884815563015
02-16,0.0,1.6700000762939453,0.2899990081787074,-2.0999984741210938,0.6700000762939418,-1.3199977874755895,4.310001373291012,0.6399993896484375,-0.6800003051757777,1.2400016784667969,-8.690002441406257,6.0,4.0,04-16,-0.3609088550914434
02-17,0.0,1.6700000762939453,0.2899990081787074,-2.0999984741210938,0.6700000762939418,-1.3199977874755895,4.310001373291012,0.6399993896484375,-1.9300003051757777,1.2400016784667969,-10.060001373291009,6.0,4.0,04-17,-0.5990905761718753
02-18,0.0,1.8700008392333878,0.2899990081787074,-2.0999984741210938,0.6700000762939418,-1.3199977874755895,4.310001373291012,1.6499996185302734,-1.9300003051757777,1.2400016784667969,-10.060001373291009,6.0,4.0,04-18,-0.48909048600630456
02-19,0.0,1.9400005340576065,0.2899990081787074,-2.0999984741210938,0.6700000762939418,-1.3199977874755895,4.310001373291012,1.6499996185302734,-0.23999786376952414,1.2400016784667969,-10.060001373291009,6.0,4.0,04-19,-0.32909029180353433
02-20,0.0,2.1700000762939453,0.2899990081787074,-2.0999984741210938,0.6700000762939418,-1.3199977874755895,4.670000076293942,1.4699993133544957,-0.23999786376952414,1.2400016784667969,-10.060001373291009,6.0,4.0,04-20,-0.2918177517977625
02-21,0.0,2.1700000762939453,0.2899990081787074,-2.0999984741210938,0.6700000762939418,-1.3199977874755895,4.670000076293942,1.4699993133544957,-0.23999786376952414,0.0,-10.060001373291009,5.0,5.0,04-21,-0.4045451771129258
02-22,0.0,2.1700000762939453,0.2899990081787074,-1.029998779296882,0.6700000762939418,-1.3199977874755895,4.670000076293942,1.4699993133544957,-0.23999786376952414,0.0,-10.650001525878903,5.0,5.0,04-22,-0.3609088550914424
02-23,0.0,2.1700000762939453,0.2899990081787074,-1.029998779296882,0.6700000762939418,-1.3199977874755895,4.629999160766598,1.4699993133544957,-0.6399993896484375,0.19000244140625,-12.120000839233402,6.0,4.0,04-23,-0.5172724290327612
02-24,0.0,2.1700000762939453,0.2899990081787074,-1.029998779296882,0.6700000762939418,-1.3199977874755895,4.629999160766598,1.4699993133544957,-0.6399993896484375,0.19000244140625,-12.120000839233402,6.0,4.0,04-24,-0.5172724290327612
02-25,0.0,2.4500007629394496,0.2899990081787074,-1.029998779296882,0.6700000762939418,-1.3199977874755895,4.629999160766598,1.4699993133544957,-1.2899990081787216,-0.7599983215332031,-12.120000839233402,5.0,5.0,04-25,-0.6372724012895096
02-26,0.0,1.4300003051757777,0.2899990081787074,-0.09000015258789062,0.6700000762939418,-1.3199977874755895,4.629999160766598,1.4699993133544957,-1.2899990081787216,-0.7599983215332031,-12.120000839233402,5.0,5.0,04-26,-0.6445452950217533
02-27,0.0,1.4300003051757777,0.2899990081787074,-0.09000015258789062,0.6700000762939418,-1.3199977874755895,4.629999160766598,1.4699993133544957,-1.2899990081787216,-0.7599983215332031,-13.539999008178714,5.0,5.0,04-27,-0.7736360376531454
02-28,0.0,1.4300003051757777,0.2899990081787074,-0.09000015258789062,0.6700000762939418,-1.3199977874755895,4.629999160766598,1.4699993133544957,-1.2899990081787216,-0.7599983215332031,-13.299999237060547,5.0,5.0,04-28,-0.7518178766424028
02-29,0.0,0.0,0.2899990081787074,0.0,0.0,0.0,4.629999160766598,0.0,0.0,0.0,-11.179998397827152,2.0,1.0,04-29,-0.5690909298983496
03-01,0.0,1.4300003051757777,0.2899990081787074,-0.09000015258789062,1.3900012969970632,-1.3199977874755895,4.629999160766598,1.4699993133544957,-1.2899990081787216,-0.7599983215332031,-10.869998931884762,5.0,5.0,04-30,-0.4654541015625023
03-02,0.0,1.4300003051757777,-0.4799995422363317,-0.09000015258789062,1.3900012969970632,-1.3199977874755895,4.629999160766598,0.4099998474121094,-1.2899990081787216,-0.7599983215332031,-10.869998931884762,4.0,6.0,05-01,-0.6318175575949955
03-03,0.0,1.4300003051757777,-0.4799995422363317,-0.09000015258789062,1.3900012969970632,-1.3199977874755895,3.5499992370605433,0.1399993896484375,-1.2899990081787216,-0.7599983215332031,-10.869998931884762,4.0,6.0,05-02,-0.7545448650013342
03-04,0.0,1.4300003051757777,-0.4799995422363317,-0.09000015258789062,1.3900012969970632,-1.3199977874755895,2.819999694824215,0.36000061035155895,-1.2899990081787216,-0.7599983215332031,-10.869998931884762,4.0,6.0,05-03,-0.8009083487770803
03-05,0.0,1.4900016784667933,-0.4799995422363317,-0.09000015258789062,1.3900012969970632,-1.3199977874755895,2.819999694824215,0.36000061035155895,-1.2899990081787216,-0.7599983215332031,-11.5,4.0,6.0,05-04,-0.8527265028520096
03-06,0.0,1.4900016784667933,0.5399990081787074,-0.09000015258789062,1.3900012969970632,-1.3199977874755895,2.819999694824215,0.36000061035155895,-1.2899990081787216,-0.7599983215332031,-10.759998321533203,5.0,5.0,05-05,-0.69272648204457
03-07,0.0,1.4900016784667933,0.5399990081787074,0.09999847412108664,1.3900012969970632,-1.3199977874755895,2.819999694824215,0.36000061035155895,-1.2899990081787216,0.01000213623046875,-11.899997711181644,7.0,3.0,05-06,-0.7090901461514602
03-08,0.0,1.4300003051757777,0.5399990081787074,0.09999847412108664,1.3900012969970632,-1.3199977874755895,2.819999694824215,0.36000061035155895,-0.19999885559083808,-0.12999725341796875,-11.899997711181644,6.0,4.0,05-07,-0.6281811107288756
03-09,0.0,1.4300003051757777,0.5399990081787074,0.09999847412108664,1.3900012969970632,-1.3199977874755895,2.819999694824215,0.4500007629394531,-0.3900012969970881,-0.07999801635742188,-13.269998550415039,6.0,4.0,05-08,-0.7572723735462578
03-10,0.0,1.4300003051757777,0.5399990081787074,0.09999847412108664,1.3900012969970632,-1.3199977874755895,2.819999694824215,1.2600002288818395,-0.22999763488769887,-0.07999801635742188,-13.269998550415039,6.0,4.0,05-09,-0.6690902709960963
03-11,0.0,1.4300003051757777,0.5399990081787074,0.09999847412108664,1.3900012969970632,-1.3199977874755895,2.819999694824215,1.2600002288818395,-0.22999763488769887,-0.07999801635742188,-13.269998550415039,6.0,4.0,05-10,-0.6690902709960963
03-12,0.0,1.4300003051757777,0.5399990081787074,0.09999847412108664,1.3900012969970632,-1.3199977874755895,2.819999694824215,1.2600002288818395,1.25,-0.07999801635742188,-13.269998550415039,7.0,3.0,05-11,-0.534545031460851
03-13,0.0,1.4300003051757777,0.5399990081787074,0.09999847412108664,1.3900012969970632,-1.3199977874755895,2.819999694824215,1.2600002288818395,1.3399963378906108,-0.07999801635742188,-13.269998550415039,7.0,3.0,05-12,-0.5263635461980681
03-14,0.0,1.4300003051757777,0.5399990081787074,0.09999847412108664,1.3900012969970632,-0.869998931884755,2.819999694824215,1.2600002288818395,1.3399963378906108,-0.07999801635742188,-12.149997711181644,7.0,3.0,05-13,-0.38363630121404735
03-15,0.0,1.4300003051757777,0.5399990081787074,0.09999847412108664,1.3900012969970632,-0.869998931884755,2.819999694824215,1.2600002288818395,1.8199977874755753,-0.07999801635742188,-12.149997711181644,7.0,3.0,05-14,-0.3399998057972324
03-16,0.0,1.4300003051757777,0.5399990081787074,0.09999847412108664,1.3900012969970632,-0.869998931884755,2.819999694824215,1.2600002288818395,2.2699985504150426,0.9300003051757812,-13.96999740600586,8.0,2.0,05-15,-0.37272713401100915
03-17,0.0,1.4300003051757777,1.769998550415039,0.09999847412108664,1.3900012969970632,-0.869998931884755,2.819999694824215,1.2600002288818395,2.39999961853027,1.0100021362304688,-0.9799995422363281,8.0,2.0,05-16,0.9390910755504251
03-18,0.0,1.4300003051757777,1.769998550415039,0.09999847412108664,1.3900012969970632,2.0900001525878906,2.819999694824215,1.2600002288818395,2.39999961853027,1.0100021362304688,3.4000015258789027,10.0,0.0,05-17,1.6063638166947776
03-19,0.0,1.4300003051757777,1.769998550415039,0.09999847412108664,1.3900012969970632,2.0900001525878906,2.819999694824215,1.2600002288818395,2.39999961853027,1.0100021362304688,3.0799999237060476,10.0,0.0,05-18,1.5772727619517908
03-20,0.0,1.4300003051757777,1.769998550415039,0.09999847412108664,1.3900012969970632,2.0900001525878906,2.819999694824215,1.2600002288818395,2.770000457763672,1.0100021362304688,0.379999160766598,10.0,0.0,05-19,1.3654545870694228
03-21,0.0,1.4300003051757777,1.769998550415039,0.09999847412108664,0.6500015258788991,2.0900001525878906,2.819999694824215,1.2600002288818395,2.770000457763672,1.0100021362304688,0.379999160766598,10.0,0.0,05-20,1.2981818806041352
03-22,0.0,2.1200008392333984,1.769998550415039,0.0,0.7200012207031214,2.0900001525878906,2.819999694824215,0.42000007629394887,2.9599990844726562,1.0100021362304688,0.379999160766598,9.0,1.0,05-21,1.299090992320667
03-23,0.0,2.1200008392333984,1.769998550415039,0.0,0.7200012207031214,2.0900001525878906,2.819999694824215,0.42000007629394887,2.9599990844726562,1.0100021362304688,0.379999160766598,9.0,1.0,05-22,1.299090992320667
03-24,0.0,2.1200008392333984,1.769998550415039,0.18999862670898438,0.7200012207031214,0.4499988555908345,2.819999694824215,0.42000007629394887,2.9599990844726562,1.0100021362304688,0.379999160766598,10.0,0.0,05-23,1.167272567749024
03-25,0.0,1.850000381469723,1.769998550415039,0.18999862670898438,0.7200012207031214,0.4499988555908345,2.819999694824215,0.620000839233402,2.9599990844726562,1.0100021362304688,2.9499988555908168,10.0,0.0,05-24,1.394545295021751
03-26,0.0,1.850000381469723,1.769998550415039,0.18999862670898438,0.7200012207031214,0.4499988555908345,2.819999694824215,0.620000839233402,2.9599990844726562,1.0100021362304688,2.9499988555908168,10.0,0.0,05-25,1.394545295021751
03-27,0.0,1.850000381469723,1.769998550415039,0.18999862670898438,0.7200012207031214,0.4499988555908345,2.819999694824215,0.9500007629394531,2.9599990844726562,1.0100021362304688,3.3099994659423793,10.0,0.0,05-26,1.4572726162997158
03-28,0.0,1.850000381469723,1.769998550415039,0.18999862670898438,0.7200012207031214,0.4499988555908345,2.819999694824215,0.9500007629394531,3.510000228881836,1.0100021362304688,2.9899997711181676,10.0,0.0,05-27,1.4781818389892585
03-29,0.0,1.850000381469723,1.769998550415039,0.18999862670898438,0.7200012207031214,0.4499988555908345,2.819999694824215,0.9500007629394531,2.7000007629394496,1.0100021362304688,2.9899997711181676,10.0,0.0,05-28,1.404545523903587
03-30,0.0,1.850000381469723,1.769998550415039,-0.06999969482421875,0.7200012207031214,0.4499988555908345,2.819999694824215,0.9500007629394531,1.9099998474121058,1.0100021362304688,2.9899997711181676,9.0,1.0,05-29,1.3090910478071736
03-31,0.0,1.510000228881843,1.4699993133544993,-0.06999969482421875,0.7200012207031214,0.4499988555908345,2.819999694824215,0.9500007629394531,1.9099998474121058,1.0100021362304688,2.9899997711181676,9.0,1.0,05-30,1.2509092851118628
04-01,0.0,1.510000228881843,1.4699993133544993,-0.29000091552733664,0.7200012207031214,0.4499988555908345,2.819999694824215,0.9500007629394531,1.9099998474121058,1.0100021362304688,2.9899997711181676,9.0,1.0,05-31,1.230909174138852
04-02,0.0,1.510000228881843,1.4699993133544993,-0.29000091552733664,0.7200012207031214,0.4499988555908345,0.3599987030029297,0.9500007629394531,1.9799995422363246,1.0100021362304688,3.719999313354492,9.0,1.0,06-01,1.0799999237060574
04-03,0.0,1.510000228881843,1.4699993133544993,-0.29000091552733664,0.7200012207031214,0.4499988555908345,0.3599987030029297,0.9500007629394531,1.9799995422363246,1.0100021362304688,3.7799987792968786,9.0,1.0,06-02,1.0854544206099106
04-04,0.0,1.510000228881843,1.4699993133544993,-0.29000091552733664,0.7200012207031214,0.4499988555908345,0.3599987030029297,0.9500007629394531,1.9799995422363246,1.0100021362304688,-2.049999237060547,8.0,2.0,06-03,0.5554546009410537
04-05,0.0,1.510000228881843,1.4699993133544993,-0.29000091552733664,0.7200012207031214,-1.9600009918212784,0.3599987030029297,0.9500007629394531,1.9799995422363246,0.0,-2.5699996948242188,6.0,4.0,06-04,0.19727256081321248
04-06,0.0,1.510000228881843,1.5599994659423864,-0.29000091552733664,0.7200012207031214,-1.9600009918212784,0.3599987030029297,0.9500007629394531,1.7800025939941442,0.0,-2.5699996948242188,6.0,4.0,06-05,0.18727285211736763
04-07,0.0,0.7100009918212855,1.5599994659423864,-0.29000091552733664,0.7200012207031214,-1.9600009918212784,0.3599987030029297,1.9200000762939453,1.7800025939941442,0.0,-2.5699996948242188,6.0,4.0,06-06,0.20272740450772533
04-08,0.0,0.7100009918212855,1.5599994659423864,-2.190000534057617,0.7200012207031214,-1.9600009918212784,0.3599987030029297,1.9200000762939453,1.7800025939941442,0.0,-2.5699996948242188,6.0,4.0,06-07,0.030000166459518016
04-09,0.0,0.7100009918212855,1.5599994659423864,-2.190000534057617,0.7200012207031214,-1.9600009918212784,2.1099987030029297,1.9200000762939453,1.7800025939941442,0.0,-5.509998321533196,6.0,4.0,06-08,-0.07818152687766174
04-10,0.0,0.7100009918212855,1.5599994659423864,-2.190000534057617,0.7200012207031214,-1.9600009918212784,2.1099987030029297,1.9200000762939453,1.7800025939941442,0.0,-5.509998321533196,6.0,4.0,06-09,-0.07818152687766174
04-11,0.0,0.7100009918212855,1.5599994659423864,-1.9899997711181605,0.7200012207031214,-1.9600009918212784,2.5599994659423864,1.9200000762939453,1.7800025939941442,0.0,-1.1699981689453054,6.0,4.0,06-10,0.37545498934659316
04-12,0.0,0.7100009918212855,1.2299995422363317,-0.8800010681152344,0.7200012207031214,-1.9600009918212784,2.5599994659423864,1.9200000762939453,1.7800025939941442,0.0,-1.9399986267089773,6.0,4.0,06-11,0.37636392766779314
04-13,0.0,0.7100009918212855,1.2299995422363317,-0.8800010681152344,1.9799995422363281,-1.9600009918212784,2.5599994659423864,1.9200000762939453,1.7800025939941442,0.0,-1.9199981689453054,6.0,4.0,06-12,0.4927274530584185
04-14,0.0,0.7100009918212855,1.2299995422363317,-0.8800010681152344,1.9799995422363281,-1.9600009918212784,2.5599994659423864,0.9099998474121094,1.639999389648434,0.0,-1.9199981689453054,6.0,4.0,06-13,0.3881816864013688
04-15,0.0,0.510000228881843,1.2299995422363317,-0.8800010681152344,1.9799995422363281,-1.9600009918212784,2.5599994659423864,0.9099998474121094,1.639999389648434,0.0,-0.549999237060554,6.0,4.0,06-14,0.4945451563054878
04-16,0.0,0.510000228881843,1.2299995422363317,-0.8800010681152344,1.9799995422363281,-1.9600009918212784,2.0200004577636754,0.9099998474121094,1.2099990844726456,0.0,-1.1399993896484446,6.0,4.0,06-15,0.3527270230379978
04-17,0.0,0.510000228881843,1.2299995422363317,-0.8800010681152344,2.1100006103515625,-1.9600009918212784,2.0200004577636754,0.9099998474121094,1.2099990844726456,0.0,-1.3799991607666051,6.0,4.0,06-16,0.3427271409468227
04-18,0.0,0.510000228881843,1.2299995422363317,-0.8800010681152344,2.1100006103515625,-1.9600009918212784,2.0200004577636754,0.9099998474121094,-0.48000335693360796,-0.3800010681152344,-0.9799995422363317,5.0,5.0,06-17,0.19090860540216684
04-19,0.0,0.28000068664550426,1.2299995422363317,-0.8800010681152344,2.1100006103515625,-2.9200000762939347,2.0200004577636754,1.090000152587887,-0.48000335693360796,-0.3800010681152344,-0.9799995422363317,5.0,5.0,06-18,0.09909057617187435
04-20,0.0,0.28000068664550426,1.2299995422363317,-0.8800010681152344,2.1100006103515625,-2.9200000762939347,2.0200004577636754,1.090000152587887,-0.0800018310546946,-0.3800010681152344,-0.9799995422363317,5.0,5.0,06-19,0.13545435125177557
04-21,0.0,-0.7700004577636683,1.2299995422363317,-0.8800010681152344,2.1100006103515625,-2.9200000762939347,2.0200004577636754,1.090000152587887,-0.0800018310546946,-0.3800010681152344,0.4899997711181676,5.0,5.0,06-20,0.173636002974078
04-22,0.0,-0.7700004577636683,1.2299995422363317,-0.8800010681152344,2.1100006103515625,-2.9200000762939347,2.0200004577636754,1.0100002288818324,-0.0800018310546946,-0.3800010681152344,0.4899997711181676,5.0,5.0,06-21,0.16636328263716393
04-23,0.0,-0.7700004577636683,1.2299995422363317,-0.8800010681152344,2.1100006103515625,-2.9200000762939347,2.0200004577636754,1.0100002288818324,-0.0800018310546946,-0.3800010681152344,1.3500003814697301,5.0,5.0,06-22,0.2445451563054878
04-24,0.0,-0.7700004577636683,1.2299995422363317,-0.8800010681152344,2.1100006103515625,-2.9200000762939347,2.6900005340576207,1.0100002288818324,0.5699977874755895,0.5699996948242188,1.1100006103515625,7.0,3.0,06-23,0.4290906732732619
04-25,0.0,-0.7700004577636683,1.2299995422363317,-2.899999618530284,2.1100006103515625,-2.9200000762939347,2.7600002288818395,1.0100002288818324,0.5699977874755895,0.5699996948242188,-1.0100002288818324,6.0,4.0,06-24,0.05909070101651408
04-26,0.0,-0.7700004577636683,1.2299995422363317,-2.899999618530284,1.9199981689453232,-2.9200000762939347,2.7600002288818395,1.0100002288818324,0.5699977874755895,0.5699996948242188,-0.9699993133544922,6.0,4.0,06-25,0.045454198663886884
04-27,0.0,-0.7700004577636683,1.2299995422363317,-2.899999618530284,1.9199981689453232,-2.9200000762939347,2.7600002288818395,2.0699996948242188,-0.5100002288818253,1.2099990844726562,-0.9699993133544922,5.0,5.0,06-26,0.10181791132146953
04-28,0.0,-0.7700004577636683,1.2299995422363317,-2.899999618530284,2.0299987792968786,-2.9200000762939347,2.7600002288818395,2.3400001525878906,-0.5100002288818253,1.2099990844726562,-1.279998779296882,5.0,5.0,06-27,0.10818169333718201
04-29,0.0,-0.7700004577636683,1.2299995422363317,-2.899999618530284,2.0299987792968786,-2.9200000762939347,2.7600002288818395,3.269998550415039,-0.5100002288818253,1.2099990844726562,-1.279998779296882,5.0,5.0,06-28,0.19272700223055914
04-30,0.0,-0.40000152587889914,1.2299995422363317,-2.899999618530284,2.0299987792968786,-2.9200000762939347,1.5799999237060618,3.269998550415039,-0.560001373291005,1.2099990844726562,-1.1000003814697266,5.0,5.0,06-29,0.13090844587846526
05-01,0.0,-0.40000152587889914,1.2299995422363317,-2.899999618530284,2.0299987792968786,-2.9200000762939347,1.5799999237060618,3.269998550415039,-0.560001373291005,1.2099990844726562,-1.1000003814697266,5.0,5.0,06-30,0.13090844587846526
05-02,0.0,-0.40000152587889914,1.2299995422363317,-2.899999618530284,2.2799987792968786,-2.9200000762939347,1.5799999237060618,3.269998550415039,-0.560001373291005,1.2099990844726562,0.03999900817871449,6.0,4.0,07-01,0.2572720267555963
05-03,0.0,-0.40000152587889914,1.2299995422363317,-2.899999618530284,2.2799987792968786,-2.9200000762939347,1.5799999237060618,3.269998550415039,-0.560001373291005,0.5799980163574219,0.03999900817871449,6.0,4.0,07-02,0.19999920238148405
05-04,0.0,-0.40000152587889914,1.2299995422363317,-2.899999618530284,2.2799987792968786,-2.9200000762939347,1.5799999237060618,3.179998397827145,-0.560001373291005,0.5799980163574219,0.03999900817871449,6.0,4.0,07-03,0.19181737032803914
05-05,0.0,-0.40000152587889914,1.2299995422363317,-2.899999618530284,2.2799987792968786,-2.9200000762939347,1.5799999237060618,2.3699989318847585,-0.560001373291005,0.5799980163574219,0.03999900817871449,6.0,4.0,07-04,0.11818105524236765
05-06,0.0,-0.40000152587889914,1.2299995422363317,-2.899999618530284,2.2799987792968786,-2.9200000762939347,1.5799999237060618,2.3699989318847585,-0.560001373291005,0.5799980163574219,1.4099998474121094,6.0,4.0,07-05,0.24272658608176717
05-07,0.0,-0.40000152587889914,2.200000762939453,-2.899999618530284,2.2799987792968786,-2.9200000762939347,1.5799999237060618,2.3699989318847585,-0.560001373291005,0.5799980163574219,1.4099998474121094,6.0,4.0,07-06,0.3309085152365964
05-08,0.0,0.6899986267089915,2.200000762939453,-2.899999618530284,2.2799987792968786,-2.9200000762939347,2.8900012969970703,2.3699989318847585,-0.560001373291005,0.5799980163574219,1.2299995422363246,7.0,3.0,07-07,0.5327268080277886
05-09,0.0,0.6899986267089915,2.200000762939453,-2.899999618530284,2.2799987792968786,-3.369998931884769,2.8900012969970703,2.3699989318847585,-2.039999008178704,0.5799980163574219,0.10999870300292969,7.0,3.0,07-08,0.25545432350852243
05-10,0.0,0.6899986267089915,2.200000762939453,-2.899999618530284,2.2799987792968786,-3.369998931884769,2.8900012969970703,2.3699989318847585,-2.039999008178704,0.5799980163574219,0.10999870300292969,7.0,3.0,07-09,0.25545432350852243
05-11,0.0,0.6899986267089915,2.200000762939453,-2.899999618530284,2.2799987792968786,-3.0999984741210973,2.8900012969970703,2.3699989318847585,-2.489999771118171,-0.43000030517578125,0.3599987030029297,6.0,4.0,07-10,0.16999990289861344
05-12,0.0,0.6899986267089915,0.9700012207031214,-2.899999618530284,2.2799987792968786,-3.0999984741210973,2.8900012969970703,2.3699989318847585,-1.8400001525878906,-0.43000030517578125,0.3599987030029297,6.0,4.0,07-11,0.11727263710715424
05-13,0.0,0.6899986267089915,0.9700012207031214,-2.899999618530284,2.2799987792968786,-3.0999984741210973,2.8900012969970703,2.3699989318847585,-1.8400001525878906,-0.43000030517578125,2.179998397827145,6.0,4.0,07-12,0.2827271548184465
05-14,0.0,0.6899986267089915,0.9700012207031214,-2.899999618530284,2.2799987792968786,-3.0999984741210973,2.8900012969970703,2.3699989318847585,-1.8400001525878906,-0.5100021362304688,2.5,6.0,4.0,07-13,0.30454531582918903
05-15,0.0,0.6899986267089915,0.9700012207031214,-2.899999618530284,2.2799987792968786,-3.0999984741210973,2.8900012969970703,2.1599998474121094,-1.8400001525878906,-0.5100021362304688,2.5,6.0,4.0,07-14,0.2854544899680391
05-16,0.0,0.6899986267089915,0.9700012207031214,-2.899999618530284,2.2799987792968786,-3.0999984741210973,2.8900012969970703,2.1599998474121094,-1.8400001525878906,-0.5100021362304688,2.5,6.0,4.0,07-15,0.2854544899680391
05-17,0.0,0.6899986267089915,0.9700012207031214,-2.899999618530284,2.2799987792968786,-2.9799995422363317,2.8900012969970703,2.1599998474121094,-1.8400001525878906,-0.5100021362304688,2.5,6.0,4.0,07-16,0.2963634837757451
05-18,0.0,0.6899986267089915,0.9700012207031214,-2.899999618530284,2.2799987792968786,-2.9799995422363317,2.8900012969970703,2.5900001525878764,-1.8400001525878906,-0.5100021362304688,2.5,6.0,4.0,07-17,0.3354544206099057
05-19,0.0,0.6899986267089915,1.3400001525878906,-2.899999618530284,2.2799987792968786,-2.9799995422363317,2.8900012969970703,2.5900001525878764,-1.8400001525878906,-0.5100021362304688,2.5,6.0,4.0,07-18,0.36909068714488474
05-20,0.0,0.6899986267089915,1.3400001525878906,-2.899999618530284,2.2799987792968786,-2.9799995422363317,2.8900012969970703,2.5900001525878764,-1.8400001525878906,-0.5100021362304688,2.5,6.0,4.0,07-19,0.36909068714488474
05-21,0.0,0.6899986267089915,1.3400001525878906,-3.0899982452392685,2.2799987792968786,-2.9799995422363317,2.8900012969970703,2.5900001525878764,-1.8400001525878906,-0.5100021362304688,2.1399993896484375,6.0,4.0,07-20,0.3190907565030168
05-22,0.0,0.6899986267089915,1.3400001525878906,-3.0899982452392685,2.2799987792968786,-2.9799995422363317,2.8900012969970703,2.5900001525878764,-1.8400001525878906,-0.5100021362304688,2.459999084472649,6.0,4.0,07-21,0.34818163785067247
05-23,0.0,0.9499988555908239,1.3400001525878906,-3.0899982452392685,2.2799987792968786,-2.9799995422363317,2.8900012969970703,2.5900001525878764,-1.8400001525878906,-0.5100021362304688,2.459999084472649,6.0,4.0,07-22,0.3718180222944754
05-24,0.0,0.9499988555908239,1.3400001525878906,-1.0100002288818324,2.2799987792968786,-2.9799995422363317,2.8900012969970703,2.2600002288818253,-0.6699981689453125,-0.5100021362304688,2.459999084472649,6.0,4.0,07-23,0.6372725746848357
05-25,0.0,0.9499988555908239,1.3400001525878906,-1.0100002288818324,2.2799987792968786,-2.9799995422363317,2.8900012969970703,2.5399990081787074,-0.9500007629394602,-0.5100021362304688,2.8099994659423793,6.0,4.0,07-24,0.6690904443914234
05-26,0.0,0.9499988555908239,1.3400001525878906,-1.0100002288818324,2.2799987792968786,-2.9799995422363317,2.8900012969970703,2.5399990081787074,-0.9500007629394602,-0.5100021362304688,2.8099994659423793,6.0,4.0,07-25,0.6690904443914234
05-27,0.0,0.9499988555908239,1.3400001525878906,-1.0100002288818324,2.2799987792968786,-2.9799995422363317,2.8900012969970703,2.5399990081787074,-0.9500007629394602,-0.5100021362304688,2.8099994659423793,6.0,4.0,07-26,0.6690904443914234
05-28,0.0,0.9499988555908239,1.3400001525878906,-1.0100002288818324,2.2799987792968786,-2.9799995422363317,2.8900012969970703,2.469999313354492,-0.9500007629394602,-0.5100021362304688,1.760000228881836,6.0,4.0,07-27,0.5672723596746271
05-29,0.0,0.9499988555908239,1.3400001525878906,-0.7899990081787145,2.2799987792968786,-2.9799995422363317,2.8900012969970703,2.469999313354492,-0.9500007629394602,-0.5100021362304688,1.7000007629394496,6.0,4.0,07-28,0.5818179737437845
05-30,0.0,0.9499988555908239,1.3400001525878906,-0.7899990081787145,2.2799987792968786,-2.9799995422363317,2.8900012969970703,2.469999313354492,-1.020000457763679,-0.5100021362304688,2.229999542236328,6.0,4.0,07-29,0.6236360723322082
05-31,0.0,0.9499988555908239,1.3400001525878906,-0.7899990081787145,2.2799987792968786,-2.9799995422363317,2.8900012969970703,2.469999313354492,-1.020000457763679,-0.5100021362304688,2.229999542236328,6.0,4.0,07-30,0.6236360723322082
06-01,0.0,0.9499988555908239,1.3400001525878906,-0.7899990081787145,2.2799987792968786,-2.9799995422363317,2.8900012969970703,2.469999313354492,-0.8200035095214986,-0.5100021362304688,2.229999542236328,6.0,4.0,07-31,0.6418176130814973
06-02,0.0,0.9499988555908239,2.100000381469723,-0.7899990081787145,2.2799987792968786,-0.5699996948242188,2.8900012969970703,1.5,-0.730003356933608,-0.6100006103515625,2.75,6.0,4.0,08-01,0.8881815130060357
06-03,0.0,0.9499988555908239,2.100000381469723,-0.7899990081787145,2.2799987792968786,-0.5699996948242188,2.8900012969970703,1.5,-0.730003356933608,-0.6100006103515625,2.75,6.0,4.0,08-02,0.8881815130060357
06-04,0.0,0.9499988555908239,2.100000381469723,-0.7899990081787145,2.2799987792968786,-0.5699996948242188,1.6800003051757848,1.5,-0.730003356933608,-0.6100006103515625,2.75,6.0,4.0,08-03,0.7781814228404642
06-05,0.0,0.029998779296878553,2.100000381469723,1.110000610351566,2.2799987792968786,-0.5699996948242188,1.2700004577636754,1.5,-0.730003356933608,-0.6100006103515625,2.75,7.0,3.0,08-04,0.8299995769153938
06-06,0.0,0.029998779296878553,2.100000381469723,0.9099998474121094,2.2799987792968786,-0.5699996948242188,1.1700000762939524,1.5,-0.730003356933608,-0.6100006103515625,-1.5900001525878906,6.0,4.0,08-05,0.4081812771883875
06-07,0.0,0.029998779296878553,2.100000381469723,-0.19999885559081676,2.2799987792968786,-0.5699996948242188,1.1700000762939524,1.5,-0.730003356933608,-0.6100006103515625,-2.440000534057617,5.0,5.0,08-06,0.22999954223632812
06-08,0.0,0.029998779296878553,2.100000381469723,-0.19999885559081676,2.2799987792968786,-0.5699996948242188,0.7199993133544957,1.5,-0.730003356933608,-0.6100006103515625,-2.579999923706051,5.0,5.0,08-07,0.17636316472833807
06-09,0.0,0.029998779296878553,2.100000381469723,-0.19999885559081676,2.2799987792968786,-0.5699996948242188,0.7199993133544957,1.5,-0.9399986267089844,-0.6100006103515625,-1.8099994659423793,5.0,5.0,08-08,0.22727272727272857
06-10,0.0,0.029998779296878553,2.100000381469723,-0.19999885559081676,1.0200004577636719,-0.5699996948242188,0.7199993133544957,1.5,-0.9399986267089844,-0.6100006103515625,-1.8299999237060511,5.0,5.0,08-09,0.11090920188210324
06-11,0.0,0.029998779296878553,2.100000381469723,-0.19999885559081676,1.0200004577636719,-0.5699996948242188,0.899999618530277,1.5,0.8400001525878906,-0.6100006103515625,-0.9400005340576136,6.0,4.0,08-10,0.36999997225674813
06-12,0.0,-2.640001296997063,2.100000381469723,-0.19999885559081676,0.8899993896484375,-0.5699996948242188,0.899999618530277,1.5,0.8400001525878906,-0.6100006103515625,0.46999931335448863,6.0,4.0,08-11,0.24363621798428686
06-13,0.0,-2.640001296997063,2.100000381469723,-0.19999885559081676,0.8899993896484375,-0.5699996948242188,0.899999618530277,1.5,1.270000457763679,-0.22999954223632812,0.6599998474121094,6.0,4.0,08-12,0.334545482288709
06-14,0.0,-2.640001296997063,2.100000381469723,-0.19999885559081676,0.8899993896484375,-0.5699996948242188,0.899999618530277,1.5,1.270000457763679,-0.22999954223632812,0.6599998474121094,6.0,4.0,08-13,0.334545482288709
06-15,0.0,-2.640001296997063,2.100000381469723,-0.19999885559081676,0.8899993896484375,-0.5699996948242188,0.899999618530277,1.5,1.270000457763679,-0.22999954223632812,-0.1399993896484375,5.0,5.0,08-14,0.2618182789195684
06-16,0.0,-1.8700008392333949,2.100000381469723,-0.19999885559081676,0.8899993896484375,0.3899993896484375,0.899999618530277,1.5,1.270000457763679,-0.22999954223632812,-0.1399993896484375,6.0,4.0,08-15,0.41909096457741607
06-17,0.0,-1.8700008392333949,2.100000381469723,-0.19999885559081676,0.8899993896484375,0.3899993896484375,0.899999618530277,1.5799999237060547,1.270000457763679,2.1800003051757812,-0.1399993896484375,7.0,3.0,08-16,0.6454545801336128
06-18,0.0,-1.8700008392333949,2.100000381469723,-0.19999885559081676,0.8899993896484375,0.3899993896484375,0.6900005340576172,1.5799999237060547,0.6500015258789134,2.1800003051757812,-0.1399993896484375,7.0,3.0,08-17,0.5700002150102105
06-19,0.0,-1.8700008392333949,2.100000381469723,-0.19999885559081676,0.8899993896484375,0.3899993896484375,0.6900005340576172,1.5799999237060547,0.6500015258789134,2.1800003051757812,-0.1399993896484375,7.0,3.0,08-18,0.5700002150102105
06-20,0.0,-1.8700008392333949,2.100000381469723,1.819999694824233,0.8899993896484375,0.3899993896484375,0.5799999237060547,1.5799999237060547,0.6500015258789134,2.1800003051757812,-0.1399993896484375,8.0,2.0,08-19,0.7436363913796185
06-21,0.0,-1.8700008392333949,2.100000381469723,1.819999694824233,0.3600006103515554,0.3899993896484375,-0.09000015258789062,1.5799999237060547,0.6500015258789134,2.1800003051757812,-0.1399993896484375,7.0,3.0,08-20,0.6345455863259069
06-22,0.0,-1.8700008392333949,3.460000991821289,1.819999694824233,0.3600006103515554,0.3899993896484375,-0.15999984741210938,1.5799999237060547,2.220001220703125,1.5400009155273438,-0.1399993896484375,7.0,3.0,08-21,0.8363638791170996
06-23,0.0,-1.8700008392333949,3.850000381469723,1.819999694824233,0.3600006103515554,0.3899993896484375,0.3199996948242223,1.5799999237060547,2.220001220703125,2.299999237060547,-0.1800003051757777,8.0,2.0,08-22,0.9809090007435205
06-24,0.0,-1.8700008392333949,3.850000381469723,1.819999694824233,0.3600006103515554,0.3899993896484375,0.3199996948242223,0.4300003051757848,2.25,2.2900009155273438,-0.1800003051757777,8.0,2.0,08-23,0.8781818043101933
06-25,0.0,-2.239999771118164,3.850000381469723,1.819999694824233,0.25,0.3899993896484375,1.3100013732910085,0.4300003051757848,2.25,2.2900009155273438,-0.2199993133544922,8.0,2.0,08-24,0.9209093614058067
06-26,0.0,-2.239999771118164,3.850000381469723,1.819999694824233,0.25,0.3899993896484375,1.5,0.4300003051757848,2.25,2.2900009155273438,-0.2199993133544922,8.0,2.0,08-25,0.9381819638338968
06-27,0.0,-2.239999771118164,3.850000381469723,-0.6300010681152202,0.0,0.3899993896484375,1.5,0.4300003051757848,2.3000011444091797,2.2900009155273438,-1.3599987030029297,6.0,4.0,08-26,0.593636599454014
06-28,0.0,-2.239999771118164,3.850000381469723,-0.6300010681152202,0.0,-2.6499996185302734,1.5,0.4300003051757848,2.3000011444091797,3.0600013732910156,-1.5200004577636719,5.0,5.0,08-27,0.37272748080167034
06-29,0.0,-2.239999771118164,3.850000381469723,-0.2700004577636612,0.0,-2.6499996185302734,1.5,0.4300003051757848,2.3000011444091797,3.0600013732910156,-1.5200004577636719,5.0,5.0,08-28,0.4054548090154484
06-30,0.0,-2.239999771118164,3.850000381469723,-0.2700004577636612,0.0,-2.6499996185302734,1.5,0.4300003051757848,2.3000011444091797,3.1199989318847656,-1.5200004577636719,5.0,5.0,08-29,0.41090913252397115
07-01,0.0,-2.239999771118164,3.850000381469723,-0.2700004577636612,0.0,-2.6499996185302734,1.5,0.5700016021728551,2.3000011444091797,3.1199989318847656,-1.5200004577636719,5.0,5.0,08-30,0.42363652316006845
07-02,0.0,-3.3299999237060547,3.850000381469723,-0.2700004577636612,0.0,-2.6499996185302734,0.18999862670899148,0.25,2.3000011444091797,3.1199989318847656,-1.340000152587887,5.0,5.0,08-31,0.1927271756258894
07-03,0.0,-3.3299999237060547,2.8799991607666016,-0.2700004577636612,0.0,-2.6499996185302734,0.18999862670899148,0.25,2.3000011444091797,3.1199989318847656,-1.340000152587887,5.0,5.0,09-01,0.10454524647106017
07-05,0.0,-3.3299999237060547,2.8799991607666016,-0.2700004577636612,0.0,-2.6499996185302734,0.18999862670899148,0.25,2.3000011444091797,3.1199989318847656,-2.2999992370605433,5.0,5.0,09-03,0.017272602428091425
07-06,0.0,-3.3299999237060547,2.8799991607666016,-0.2700004577636612,0.0,-2.6499996185302734,0.18999862670899148,0.25,2.3000011444091797,3.1199989318847656,-2.2999992370605433,5.0,5.0,09-04,0.017272602428091425
07-07,0.0,-3.3299999237060547,2.8799991607666016,-0.2700004577636612,-0.3800010681152415,-2.6499996185302734,0.18999862670899148,0.25,1.4399986267089773,3.1199989318847656,-2.2999992370605433,5.0,5.0,09-05,-0.09545499628240348
07-08,0.0,-3.3299999237060547,2.8799991607666016,-0.2700004577636612,-0.3800010681152415,-2.9200000762939453,0.18999862670899148,0.25,1.4399986267089773,3.1199989318847656,-2.5499992370605433,5.0,5.0,09-06,-0.14272776517001
07-09,0.0,-3.3299999237060547,2.8799991607666016,-0.2700004577636612,-0.3800010681152415,-2.9200000762939453,-1.2000007629394496,0.25,1.4399986267089773,3.1199989318847656,-2.5499992370605433,4.0,6.0,09-07,-0.269091346047141
07-10,0.0,-3.3299999237060547,2.8799991607666016,-0.2700004577636612,-0.3800010681152415,-2.9200000762939453,-1.2000007629394496,0.25,1.4399986267089773,3.1199989318847656,-1.8299999237060476,4.0,6.0,09-08,-0.20363686301491413
07-11,0.0,-3.3299999237060547,2.8799991607666016,-0.2700004577636612,-0.3800010681152415,-3.0400009155273438,-1.2000007629394496,0.25,1.4399986267089773,3.1199989318847656,-1.840000152587887,4.0,6.0,09-09,-0.2154551419344812
07-12,0.0,-3.3299999237060547,2.8799991607666016,-0.2700004577636612,-0.3800010681152415,-3.0400009155273438,-1.2000007629394496,0.45999908447264914,1.0499992370605469,3.1199989318847656,-1.840000152587887,4.0,6.0,09-10,-0.23181880604137042
07-13,0.0,-3.3299999237060547,2.8799991607666016,-0.2700004577636612,-0.3800010681152415,-3.0400009155273438,-1.2000007629394496,0.029998779296882105,1.0499992370605469,3.1199989318847656,-2.1899986267089773,4.0,6.0,09-11,-0.30272778597744837
07-14,0.0,-1.0499992370605504,2.5100002288818324,-0.2700004577636612,-0.3800010681152415,-3.1599998474121094,-1.2000007629394496,0.029998779296882105,1.0499992370605469,3.1199989318847656,-2.1899986267089773,4.0,6.0,09-12,-0.1400002566250875
07-15,0.0,-1.0499992370605504,2.5100002288818324,-0.2700004577636612,-0.3800010681152415,-3.1599998474121094,-1.2000007629394496,1.3500003814697372,1.0499992370605469,3.1199989318847656,-2.1899986267089773,4.0,6.0,09-13,-0.020000110973009747
07-16,0.0,-1.0499992370605504,2.5100002288818324,-0.2700004577636612,-0.3800010681152415,-3.1599998474121094,-1.2000007629394496,1.1700000762939524,1.0499992370605469,3.1199989318847656,-2.1899986267089773,4.0,6.0,09-14,-0.036363775079899276
07-17,0.0,-1.0499992370605504,2.5100002288818324,-0.2700004577636612,-0.3800010681152415,-2.9200000762939453,-1.2000007629394496,1.010000228881843,1.0499992370605469,3.1199989318847656,-2.1899986267089773,4.0,6.0,09-15,-0.029091054742985213
07-18,0.0,-1.0499992370605504,2.5100002288818324,0.5499992370605575,-0.3800010681152415,-2.9200000762939453,-1.2000007629394496,1.010000228881843,1.0499992370605469,3.1199989318847656,-2.1899986267089773,5.0,5.0,09-16,0.04545437205921649
07-19,0.0,-1.0499992370605504,2.5100002288818324,-1.2700004577636754,-0.3800010681152415,-2.9200000762939453,-1.2000007629394496,1.010000228881843,0.6699981689453125,3.1199989318847656,-1.4399986267089773,4.0,6.0,09-17,-0.08636387911709872
07-20,0.0,-1.3099994659423828,2.5100002288818324,-1.2700004577636754,-0.3800010681152415,-2.9200000762939453,-1.2000007629394496,0.7300014495849609,2.1500015258789134,3.4300003051757812,-1.4399986267089773,4.0,6.0,09-18,0.027273004705256006
07-21,0.0,-1.3099994659423828,2.5100002288818324,-1.2700004577636754,-0.3800010681152415,-2.9200000762939453,-1.2000007629394496,-21.71999931335449,2.0800018310546946,3.4300003051757812,-1.4399986267089773,3.0,7.0,09-19,-2.01999976418235
07-22,0.0,-1.25,2.5100002288818324,-1.2700004577636754,-0.3800010681152415,-2.9200000762939453,-1.2000007629394496,-21.71999931335449,2.0800018310546946,3.4300003051757812,-1.7899990081787074,3.0,7.0,09-20,-2.0463634837757456
07-23,0.0,-1.25,2.5100002288818324,-1.2700004577636754,-0.3800010681152415,-1.9500007629394531,-1.2000007629394496,-21.71999931335449,2.0800018310546946,3.4300003051757812,-1.4699993133544886,3.0,7.0,09-21,-1.9290908466685899
07-24,0.0,-1.25,2.5100002288818324,-1.2700004577636754,-0.3800010681152415,-2.4099998474121094,-1.2000007629394496,-21.71999931335449,2.0800018310546946,3.4300003051757812,-1.4699993133544886,3.0,7.0,09-22,-1.9709089452570132
07-25,0.0,-1.25,2.5100002288818324,-1.2700004577636754,-1.5,-2.4099998474121094,-1.2000007629394496,-21.649999618530273,2.0800018310546946,3.4300003051757812,-1.4699993133544886,3.0,7.0,09-23,-2.0663634213534263
07-26,0.0,-1.25,2.5100002288818324,-1.2700004577636754,-2.059999465942383,-2.4099998474121094,-1.2000007629394496,-21.649999618530273,2.0800018310546946,3.4300003051757812,-1.4699993133544886,3.0,7.0,09-24,-2.1172724637118248
07-27,0.0,-1.25,2.5100002288818324,-1.2700004577636754,-2.059999465942383,-2.4099998474121094,-1.2000007629394496,-21.649999618530273,2.0800018310546946,4.990001678466804,-3.8500003814697266,3.0,7.0,09-25,-2.191817890514026
07-28,0.0,-1.25,1.75,-1.2700004577636754,-2.059999465942383,-2.4099998474121094,-1.2000007629394496,-21.649999618530273,1.990001678466804,4.990001678466804,-3.8500003814697266,3.0,7.0,09-26,-2.269090652465819
07-29,0.0,-1.25,1.75,-1.2700004577636754,-2.059999465942383,-2.4099998474121094,-1.2000007629394496,-21.649999618530273,1.990001678466804,4.990001678466804,-3.8500003814697266,3.0,7.0,09-27,-2.269090652465819
07-30,0.0,-1.25,1.75,-1.2700004577636754,-2.059999465942383,-2.4099998474121094,-1.739999771118164,-21.649999618530273,1.990001678466804,5.090000152587898,-3.8500003814697266,3.0,7.0,09-28,-2.309090701016512
07-31,0.0,-1.25,1.75,-1.2700004577636754,-2.059999465942383,-2.4099998474121094,-1.739999771118164,1.2000007629394567,1.990001678466804,5.090000152587898,-3.8500003814697266,4.0,6.0,09-29,-0.23181793906471818
08-01,0.0,-1.25,1.75,-1.2700004577636754,-2.059999465942383,-2.4099998474121094,-1.739999771118164,1.2000007629394567,1.990001678466804,5.090000152587898,-4.0,4.0,6.0,09-30,-0.24545426802201575
08-02,0.0,-0.3299999237060547,1.75,-1.2700004577636754,-2.059999465942383,-2.4099998474121094,-1.3299999237060547,1.2000007629394567,1.990001678466804,4.989997863769538,-4.64999961853027,4.0,6.0,10-01,-0.19272717562588618
08-03,0.0,-0.3299999237060547,1.75,-1.2700004577636754,-2.059999465942383,-2.4099998474121094,-1.2299995422363317,1.1900005340576172,1.990001678466804,4.989997863769538,-4.64999961853027,4.0,6.0,10-02,-0.1845453435724422
08-04,0.0,-1.629999160766598,1.75,-1.2700004577636754,-2.059999465942383,-2.4099998474121094,-1.2299995422363317,1.1900005340576172,2.3400001525878906,4.989997863769538,-3.7999992370605433,4.0,6.0,10-03,-0.19363628734241767
08-05,0.0,-1.629999160766598,1.75,-1.2700004577636754,-2.059999465942383,-2.4099998474121094,-1.2299995422363317,1.1900005340576172,2.3400001525878906,3.8400001525878977,-3.6599998474121094,4.0,6.0,10-04,-0.2854543165727092
08-06,0.0,-2.4599990844726562,2.8500003814697266,-1.2700004577636754,-2.059999465942383,-2.4099998474121094,-1.2299995422363317,1.1900005340576172,2.3400001525878906,3.8400001525878977,-2.6999988555908274,4.0,6.0,10-05,-0.17363600297407736
08-07,0.0,-3.029998779296875,2.8500003814697266,-1.2700004577636754,-2.059999465942383,-2.4099998474121094,-1.2299995422363317,1.1900005340576172,2.3400001525878906,3.8400001525878977,-3.869998931884769,4.0,6.0,10-06,-0.3318178003484556
08-08,0.0,-3.029998779296875,2.8500003814697266,-1.2700004577636754,-2.840000152587887,-2.4099998474121094,-1.2299995422363317,1.1900005340576172,0.5600013732910156,3.8400001525878977,-3.869998931884769,4.0,6.0,10-07,-0.5645450245250355
08-09,0.0,-0.35999870300293324,2.8500003814697266,-1.2700004577636754,-2.840000152587887,-2.4099998474121094,-1.2299995422363317,1.1900005340576172,-0.779998779296875,4.649997711181648,-3.869998931884769,3.0,7.0,10-08,-0.3699997988614172
08-10,0.0,-0.35999870300293324,2.8500003814697266,-0.05999946594238992,-2.840000152587887,-2.4099998474121094,-1.2299995422363317,1.1900005340576172,-0.779998779296875,4.649997711181648,-4.35999870300293,3.0,7.0,10-09,-0.3045451424338604
08-11,0.0,-0.35999870300293324,2.8500003814697266,-0.05999946594238992,-2.840000152587887,-2.4099998474121094,-1.2299995422363317,1.1900005340576172,-0.779998779296875,4.649997711181648,-4.35999870300293,3.0,7.0,10-10,-0.3045451424338604
08-12,0.0,-0.35999870300293324,2.1000003814697266,-0.05999946594238992,-2.840000152587887,-2.4099998474121094,-1.2299995422363317,1.1900005340576172,-0.779998779296875,4.649997711181648,-3.559999465942383,3.0,7.0,10-11,-0.299999757246538
08-13,0.0,-0.35999870300293324,2.1000003814697266,-0.05999946594238992,-2.840000152587887,-2.4099998474121094,-1.0200004577636719,2.289999008178711,-0.779998779296875,4.649997711181648,-3.559999465942383,3.0,7.0,10-12,-0.18090907010165128
08-14,0.0,-0.35999870300293324,2.1000003814697266,-0.05999946594238992,-2.840000152587887,-2.4099998474121094,-1.0200004577636719,2.289999008178711,-0.779998779296875,2.2399978637695384,-3.559999465942383,3.0,7.0,10-13,-0.39999996532093396
08-15,0.0,-0.35999870300293324,2.1000003814697266,-0.05999946594238992,-2.840000152587887,-2.4099998474121094,-1.0200004577636719,2.289999008178711,-0.15999984741210938,2.2399978637695384,-3.559999465942383,3.0,7.0,10-14,-0.34363642605868255
08-16,0.0,-0.35999870300293324,2.1000003814697266,-0.05999946594238992,-2.840000152587887,-2.4099998474121094,-1.0200004577636719,2.289999008178711,-0.15999984741210938,2.55999755859375,-3.559999465942383,3.0,8.0,10-15,-0.3145455447110269
08-17,0.0,-0.35999870300293324,0.7399997711181605,-0.05999946594238992,-2.840000152587887,-2.4099998474121094,-0.9099998474121094,2.289999008178711,-0.6500015258789062,2.55999755859375,-3.559999465942383,3.0,8.0,10-16,-0.47272751548073605
08-18,0.0,-0.35999870300293324,0.35000038146972656,-0.05999946594238992,-2.840000152587887,-2.4099998474121094,-1.6999988555908203,2.289999008178711,-0.6500015258789062,2.55999755859375,-3.559999465942383,3.0,8.0,10-17,-0.5800000971013856
08-19,0.0,-0.35999870300293324,0.35000038146972656,-0.05999946594238992,-2.840000152587887,-2.4099998474121094,-1.5099983215332067,2.289999008178711,-0.6500015258789062,2.55999755859375,-3.559999465942383,3.0,8.0,10-18,-0.5627273212779662
08-20,0.0,-0.35999870300293324,0.6099987030029226,-0.05999946594238992,-2.840000152587887,-2.4099998474121094,-1.3199996948242152,2.289999008178711,-0.6500015258789062,1.7999992370605469,-4.190000534057617,3.0,8.0,10-19,-0.6481820886785343
08-21,0.0,-0.35999870300293324,0.6099987030029226,-0.05999946594238992,-2.840000152587887,-2.4099998474121094,-1.3199996948242152,2.230001449584961,-0.6800003051757812,1.80999755859375,-4.190000534057617,3.0,8.0,10-20,-0.6554546356201182
08-22,0.0,-0.35999870300293324,0.6099987030029226,2.390001296997063,-2.840000152587887,-2.4099998474121094,-1.3199996948242152,2.230001449584961,-0.6800003051757812,1.80999755859375,-3.700000762939453,4.0,7.0,10-21,-0.3881818597966984
08-23,0.0,-0.35999870300293324,0.6099987030029226,2.390001296997063,-2.840000152587887,-2.4099998474121094,-1.5099983215332067,2.230001449584961,-0.6800003051757812,1.80999755859375,-3.5,4.0,7.0,10-22,-0.3872725746848383
08-24,0.0,-0.35999870300293324,0.6099987030029226,2.0300006866455043,-2.840000152587887,-2.4099998474121094,-1.5099983215332067,2.230001449584961,-0.6800003051757812,1.80999755859375,-3.4600009918212926,4.0,7.0,10-23,-0.4163636294278248
08-25,0.0,-0.35999870300293324,0.6099987030029226,2.0300006866455043,-2.840000152587887,0.6299991607666016,-1.7199993133544993,2.230001449584961,-1.6800003051757812,1.80999755859375,-3.2999992370605504,5.0,6.0,10-24,-0.23545455932617382
08-26,0.0,-0.35999870300293324,0.6099987030029226,2.0300006866455043,-2.840000152587887,0.6299991607666016,-1.7199993133544993,2.0900001525878906,-1.6800003051757812,1.80999755859375,-3.2999992370605504,5.0,6.0,10-25,-0.2481819499622711
08-27,0.0,-0.35999870300293324,0.6099987030029226,2.0300006866455043,-2.840000152587887,0.6299991607666016,-1.7199993133544993,2.0900001525878906,-1.6599998474121094,1.75,-3.5299987792968714,5.0,6.0,10-26,-0.2727270993319438
08-28,0.20000076293946023,-0.35999870300293324,0.6099987030029226,2.0300006866455043,-2.840000152587887,0.6299991607666016,-1.7199993133544993,2.0900001525878906,-1.6599998474121094,1.75,-3.429998397827152,6.0,5.0,10-27,-0.24545426802201833
08-29,0.20000076293946023,1.8800010681152202,0.6099987030029226,2.0300006866455043,-2.840000152587887,0.6299991607666016,-1.7199993133544993,2.4100017547607457,-1.6599998474121094,1.75,-2.4699993133544957,7.0,4.0,10-28,0.07454577359286028
08-30,0.20000076293946023,1.8800010681152202,0.6099987030029226,2.0300006866455043,-2.840000152587887,0.6299991607666016,-1.7199993133544993,2.4100017547607457,-1.6599998474121094,1.75,-3.020000457763672,7.0,4.0,10-29,0.02454566955566245
08-31,0.20000076293946023,1.8800010681152202,0.6099987030029226,3.2199993133544993,-2.840000152587887,0.6299991607666016,-1.7199993133544993,2.4100017547607457,-1.5799980163574148,1.75,-4.139999389648434,7.0,4.0,10-30,0.03818217190829223
09-01,0.20000076293946023,1.8800010681152202,0.6099987030029226,3.2199993133544993,-1.0499992370605469,0.6299991607666016,-1.7199993133544993,2.4100017547607457,-1.5799980163574148,1.75,-4.139999389648434,7.0,4.0,10-31,0.20090952786532315
09-02,0.20000076293946023,1.8800010681152202,0.6099987030029226,3.2199993133544993,-1.0499992370605469,0.6299991607666016,-0.32999992370605824,2.4100017547607457,-1.5799980163574148,1.75,-4.139999389648434,7.0,4.0,11-01,0.32727310874245413
09-03,0.20000076293946023,1.8800010681152202,0.6099987030029226,3.2199993133544993,-0.6699981689453054,0.6299991607666016,-0.32999992370605824,2.4100017547607457,-1.5799980163574148,1.75,-4.889999389648441,7.0,4.0,11-02,0.2936368422074755
09-04,-0.129999160766598,1.8800010681152202,0.6099987030029226,3.2199993133544993,-1.2099990844726456,0.75,-0.32999992370605824,2.4100017547607457,-1.5799980163574148,1.75,-4.709999084472656,6.0,5.0,11-03,0.2418186881325468
09-05,-0.129999160766598,1.8800010681152202,0.6099987030029226,3.2199993133544993,-1.2099990844726456,0.75,-2.789999008178711,2.4100017547607457,-1.5799980163574148,1.6400032043457031,-4.2799987792968714,6.0,5.0,11-04,0.0472736358642591
09-06,-0.129999160766598,1.8800010681152202,0.6099987030029226,3.2199993133544993,-1.2099990844726456,0.75,-2.789999008178711,2.4100017547607457,-1.1899986267089844,1.6400032043457031,-3.659999847412113,6.0,5.0,11-05,0.139091665094549
09-07,-0.129999160766598,1.8800010681152202,0.6099987030029226,3.2199993133544993,-1.2099990844726456,0.75,-2.789999008178711,2.4100017547607457,-1.1899986267089844,1.6400032043457031,-3.1299991607666016,6.0,5.0,11-06,0.1872735456986864
09-08,-0.129999160766598,-0.3999996185302841,0.6099987030029226,3.2199993133544993,-1.2099990844726456,0.75,-2.789999008178711,2.4100017547607457,-1.1899986267089844,1.6400032043457031,-3.1299991607666016,5.0,6.0,11-07,-0.01999924399635944
09-09,-0.129999160766598,-0.3999996185302841,0.6099987030029226,3.2199993133544993,-1.2099990844726456,0.75,-2.789999008178711,1.0900001525878906,-1.1899986267089844,1.6400032043457031,-2.7800006866455114,5.0,6.0,11-08,-0.10818134654651988
09-10,-0.129999160766598,0.1000003814697159,0.6099987030029226,3.2199993133544993,-1.2099990844726456,0.75,-2.629999160766598,1.0900001525878906,-1.1899986267089844,1.6400032043457031,-3.2100009918212926,6.0,5.0,11-09,-0.08727229725230791
09-11,0.37000083923339844,0.3500003814697159,0.6099987030029226,3.2199993133544993,-1.2099990844726456,0.5100002288818359,-2.629999160766598,1.0900001525878906,-1.1899986267089844,1.6400032043457031,-2.90000152587891,7.0,4.0,11-10,-0.012726870450106535
09-12,0.37000083923339844,0.3500003814697159,0.6099987030029226,2.3999996185302805,-1.2099990844726456,0.5100002288818359,-2.629999160766598,1.2700004577636754,-1.1899986267089844,1.6400032043457031,0.8499984741210902,8.0,3.0,11-11,0.2700004577636722
09-13,0.37000083923339844,0.3500003814697159,0.6099987030029226,2.3999996185302805,-1.2099990844726456,0.5100002288818359,-2.629999160766598,1.4300003051757848,-1.1899986267089844,1.6400032043457031,2.0799999237060476,8.0,3.0,11-12,0.3963642120361328
09-14,0.37000083923339844,0.3500003814697159,0.6099987030029226,2.3999996185302805,-1.2099990844726456,0.5100002288818359,-2.629999160766598,1.4300003051757848,-2.3899993896484375,1.4399986267089844,2.0799999237060476,8.0,3.0,11-13,0.26909099925648083
09-15,0.37000083923339844,-0.32999992370605113,0.6099987030029226,2.3999996185302805,0.24000167846680398,0.5100002288818359,-2.629999160766598,23.880001068115234,-2.3199996948242188,1.4399986267089844,1.3299999237060476,8.0,3.0,11-14,2.318181991577149
09-16,0.37000083923339844,-0.38999938964843395,0.6099987030029226,2.3999996185302805,0.24000167846680398,0.5100002288818359,-4.309999465942379,23.880001068115234,-0.490001678466804,1.2700004577636719,1.3299999237060476,8.0,3.0,11-15,2.3109092712402344
09-17,-1.6499996185302699,-0.38999938964843395,0.6099987030029226,2.3999996185302805,0.24000167846680398,-0.45999908447265625,-4.309999465942379,23.880001068115234,-0.490001678466804,1.2700004577636719,1.3299999237060476,6.0,5.0,11-16,2.0390911102294926
09-18,-1.6499996185302699,-0.38999938964843395,0.6099987030029226,2.3999996185302805,-0.09999847412108664,0.0,-4.180000305175781,23.880001068115234,-0.490001678466804,1.2700004577636719,1.3299999237060476,5.0,6.0,11-17,2.0618182095614346
09-19,-1.6499996185302699,-0.38999938964843395,0.6099987030029226,2.3999996185302805,1.0200004577636719,0.0,-4.180000305175781,23.880001068115234,-0.490001678466804,0.9599990844726634,1.3299999237060476,6.0,5.0,11-18,2.1354543512517754
09-20,-1.6499996185302699,-0.38999938964843395,0.6099987030029226,2.3999996185302805,1.5799999237060547,0.0,-4.180000305175781,23.880001068115234,-0.490001678466804,0.9599990844726634,1.3299999237060476,6.0,5.0,11-19,2.186363393610174
09-21,-1.6499996185302699,-0.38999938964843395,0.6099987030029226,1.5400009155273473,1.5799999237060547,0.0,-4.180000305175781,23.880001068115234,-0.490001678466804,-0.6000022888183594,1.3299999237060476,5.0,6.0,11-20,1.9663633866743597
09-22,-1.6499996185302699,-0.38999938964843395,0.6099987030029226,1.5400009155273473,1.5799999237060547,0.0,-4.180000305175781,23.880001068115234,-0.490001678466804,0.02000045776366477,1.3299999237060476,6.0,5.0,11-21,2.022727272727271
09-23,-1.6499996185302699,-0.38999938964843395,0.6099987030029226,1.5400009155273473,1.5799999237060547,0.0,-4.180000305175781,23.880001068115234,-0.490001678466804,0.07999801635741477,3.7100009918212855,6.0,5.0,11-22,2.2445453297008156
09-24,-1.6499996185302699,-0.38999938964843395,0.6099987030029226,1.5400009155273473,1.5799999237060547,0.0,-4.180000305175781,23.880001068115234,-0.490001678466804,0.07999801635741477,3.7100009918212855,6.0,5.0,11-23,2.2445453297008156
09-25,-1.6499996185302699,-0.38999938964843395,0.6099987030029226,1.5400009155273473,1.5799999237060547,0.0,-4.180000305175781,23.880001068115234,-0.490001678466804,0.07999801635741477,3.7100009918212855,6.0,5.0,11-24,2.2445453297008156
09-26,-1.6499996185302699,-0.38999938964843395,0.6099987030029226,1.5400009155273473,1.5799999237060547,0.0,-3.760000228881836,23.880001068115234,-0.490001678466804,0.07999801635741477,3.860000610351559,6.0,5.0,11-25,2.2963634837757443
09-27,-1.6499996185302699,-0.38999938964843395,-0.6499996185302734,1.5400009155273473,1.5799999237060547,0.0,-3.760000228881836,1.0300006866455043,-0.490001678466804,0.18000030517577414,3.860000610351559,5.0,6.0,11-26,0.11363653703169292
09-28,-1.6499996185302699,-0.38999938964843395,-0.6499996185302734,1.5400009155273473,1.5799999237060547,0.0,-3.760000228881836,1.0400009155273438,-0.490001678466804,0.18000030517577414,3.860000610351559,5.0,6.0,11-27,0.11454564874822379
09-29,-1.6499996185302699,0.9099998474121094,-0.6499996185302734,1.5400009155273473,1.5799999237060547,0.0,-3.760000228881836,1.0400009155273438,-0.490001678466804,0.18000030517577414,4.510000228881829,6.0,5.0,11-28,0.29181827198375226
09-30,-1.6499996185302699,0.9099998474121094,-0.6499996185302734,1.5400009155273473,1.5799999237060547,0.0,-3.760000228881836,1.0400009155273438,-0.6700019836425852,-0.5699996948242259,4.510000228881829,5.0,6.0,11-29,0.20727278969504487
10-01,-1.6499996185302699,1.2600002288818395,-0.6499996185302734,1.5400009155273473,1.5799999237060547,0.0,-3.760000228881836,1.0400009155273438,-0.6700019836425852,-0.5699996948242259,3.25,5.0,6.0,11-30,0.12454553083939954
10-02,-1.6499996185302699,1.2600002288818395,-0.6499996185302734,1.5400009155273473,1.5799999237060547,0.0,-3.260000228881836,1.0400009155273438,-0.6700019836425852,0.5799980163574148,3.25,6.0,5.0,12-01,0.2745453227650032
10-03,-1.6499996185302699,1.2600002288818395,-1.75,0.13000106811523438,2.360000610351559,0.0,-3.260000228881836,1.0400009155273438,-0.6700019836425852,0.5799980163574148,3.25,6.0,5.0,12-02,0.11727263710715458
10-04,-1.6499996185302699,1.8299999237060582,-1.75,0.13000106811523438,2.360000610351559,0.0,-3.260000228881836,1.0400009155273438,0.6699981689453054,-0.22999954223633523,3.25,6.0,5.0,12-03,0.21727284518155088
10-05,-1.6499996185302699,1.8299999237060582,-1.9400005340576136,-1.0799999237060511,2.360000610351559,0.0,-3.260000228881836,1.0400009155273438,0.6699981689453054,-0.22999954223633523,3.25,5.0,6.0,12-04,0.08999997919256005
10-06,-1.6499996185302699,1.8299999237060582,-1.9400005340576136,-1.0799999237060511,2.360000610351559,0.0,-3.260000228881836,1.0400009155273438,0.6699981689453054,-0.22999954223633523,3.25,5.0,6.0,12-05,0.08999997919256005
10-07,-1.6499996185302699,1.8299999237060582,-1.9400005340576136,-1.0799999237060511,2.360000610351559,0.0,-3.260000228881836,1.0400009155273438,0.6699981689453054,-0.22999954223633523,3.7399997711181605,5.0,6.0,12-06,0.13454541293057465
10-08,-1.6499996185302699,1.8299999237060582,-1.9400005340576136,-1.0799999237060511,2.360000610351559,0.0,-3.260000228881836,1.0400009155273438,0.6699981689453054,-0.22999954223633523,3.7399997711181605,5.0,6.0,12-07,0.13454541293057465
10-09,-1.6499996185302699,1.8299999237060582,-1.1900005340576136,-1.0799999237060511,2.360000610351559,0.0,-3.260000228881836,1.0400009155273438,0.6699981689453054,-0.22999954223633523,3.7399997711181605,5.0,6.0,12-08,0.20272723111239283
10-10,-1.6499996185302699,1.8299999237060582,-1.1900005340576136,-1.0799999237060511,2.360000610351559,0.0,-3.260000228881836,-0.05999755859375,0.6699981689453054,-0.22999954223633523,3.7399997711181605,4.0,7.0,12-09,0.10272736982865703
10-11,-1.6499996185302699,1.8299999237060582,-1.1900005340576136,-1.0799999237060511,2.360000610351559,0.0,-3.260000228881836,-0.05999755859375,0.6699981689453054,-0.5499992370605469,3.7399997711181605,4.0,7.0,12-10,0.07363648848100142
10-12,-1.6499996185302699,1.8299999237060582,-1.1900005340576136,-1.0799999237060511,2.360000610351559,0.0,-3.260000228881836,-0.30999755859375,0.6699981689453054,-0.5499992370605469,3.7399997711181605,4.0,7.0,12-11,0.05090921575372869
10-13,-1.6499996185302699,1.8299999237060582,-1.1900005340576136,-1.2800006866455043,2.360000610351559,0.0,-2.9500007629394567,-0.30999755859375,0.6100006103515554,-0.5499992370605469,3.7399997711181605,4.0,7.0,12-12,0.05545477433638107
10-14,-1.6499996185302699,1.8299999237060582,-1.1900005340576136,-1.2800006866455043,2.360000610351559,0.0,-1.6100006103515625,-0.30999755859375,0.6100006103515554,-0.5499992370605469,3.7399997711181605,4.0,7.0,12-13,0.17727297002618964
10-15,-1.6499996185302699,1.8299999237060582,-1.1900005340576136,-1.2800006866455043,2.360000610351559,0.0,-1.6100006103515625,-0.30999755859375,0.29000091552734375,-0.5499992370605469,4.370000839233395,4.0,7.0,12-14,0.20545491305264624
10-16,-1.6499996185302699,1.8299999237060582,-1.1900005340576136,-1.2800006866455043,2.360000610351559,0.0,-1.6100006103515625,-0.22999954223632812,0.29000091552734375,-0.5499992370605469,4.370000839233395,4.0,7.0,12-15,0.21272745999423004
10-17,-1.6499996185302699,1.8299999237060582,-1.4499988555908097,-1.2800006866455043,2.360000610351559,0.0,-1.220001220703125,-0.22999954223632812,0.29000091552734375,-2.6800003051757812,5.020000457763668,4.0,7.0,12-16,0.09000015258789192
10-18,-1.6499996185302699,1.8299999237060582,-1.4499988555908097,-1.2800006866455043,2.360000610351559,-3.729999542236328,-1.220001220703125,-0.17000198364257812,0.29000091552734375,-2.6800003051757812,5.020000457763668,4.0,7.0,12-17,-0.24363639137961518
10-19,-1.6499996185302699,1.8299999237060582,-1.4499988555908097,-1.2800006866455043,2.360000610351559,-3.729999542236328,-1.220001220703125,-0.17000198364257812,0.29000091552734375,-2.6800003051757812,5.020000457763668,4.0,7.0,12-18,-0.24363639137961518
10-20,-1.6499996185302699,1.8299999237060582,-1.4499988555908097,-1.2800006866455043,2.360000610351559,-3.729999542236328,-2.0499992370605398,-0.17000198364257812,1.2900009155273438,-2.6800003051757812,4.819999694824215,4.0,7.0,12-19,-0.2463635531338759
10-21,-1.6499996185302699,1.8299999237060582,-1.4499988555908097,-1.2800006866455043,2.360000610351559,-3.729999542236328,-2.0499992370605398,-0.17000198364257812,1.2900009155273438,-2.6800003051757812,4.780000686645508,4.0,7.0,12-20,-0.2499998266046675
10-22,-1.7199993133544922,1.8299999237060582,-1.4499988555908097,-1.2800006866455043,2.360000610351559,-3.729999542236328,-2.0499992370605398,-0.17000198364257812,1.2900009155273438,-2.6800003051757812,5.010000228881829,4.0,7.0,12-21,-0.23545438593084034
10-23,-1.9200000762939524,1.8299999237060582,-1.4499988555908097,-1.2800006866455043,2.360000610351559,-3.729999542236328,-2.0499992370605398,-0.17000198364257812,1.2900009155273438,-2.6800003051757812,4.909999847412109,4.0,7.0,12-22,-0.26272721724076575
10-24,-1.4400005340576207,3.039999008178711,-1.4499988555908097,-1.0900001525878906,2.360000610351559,-3.729999542236328,-2.0499992370605398,-0.17000198364257812,1.2700004577636719,-2.6800003051757812,4.909999847412109,4.0,7.0,12-23,-0.09363642605868155
10-25,-1.4400005340576207,3.039999008178711,-1.4499988555908097,-1.0900001525878906,2.360000610351559,-3.729999542236328,-2.0499992370605398,-0.17000198364257812,1.2700004577636719,-2.6800003051757812,4.909999847412109,4.0,7.0,12-24,-0.09363642605868155
10-26,-1.4400005340576207,0.7999992370605575,-1.4499988555908097,-2.2799987792968857,2.360000610351559,-3.729999542236328,-2.0499992370605398,-0.17000198364257812,1.2700004577636719,-2.6800003051757812,4.909999847412109,4.0,7.0,12-25,-0.405454462224786
10-27,-1.4400005340576207,0.7999992370605575,-1.4499988555908097,-2.2799987792968857,2.360000610351559,-3.729999542236328,-2.0499992370605398,-0.17000198364257812,1.2700004577636719,-2.6800003051757812,5.4600009918212855,4.0,7.0,12-26,-0.35545435818758814
10-28,-1.4400005340576207,0.7999992370605575,-1.4499988555908097,-2.2799987792968857,2.360000610351559,-3.729999542236328,-2.0499992370605398,-0.17000198364257812,1.2700004577636719,-2.6800003051757812,6.579999923706048,4.0,7.0,12-27,-0.2536362734707916
10-29,-0.9600009918212926,0.7999992370605575,-1.4499988555908097,-2.2799987792968857,0.5699996948242188,-3.729999542236328,-2.0499992370605398,-0.17000198364257812,1.2700004577636719,-2.6800003051757812,6.610000610351559,4.0,7.0,12-28,-0.3699999722567462
10-30,-0.6300010681152344,0.7999992370605575,-1.4499988555908097,-2.2799987792968857,0.3800010681152308,-3.729999542236328,-2.329999923706051,-0.17000198364257812,1.2700004577636719,-2.6800003051757812,6.440000534057614,4.0,7.0,12-29,-0.3981817418878722
10-31,-0.6300010681152344,0.7999992370605575,-1.4499988555908097,-2.2799987792968857,0.3800010681152308,-3.729999542236328,-2.329999923706051,-0.17000198364257812,1.2700004577636719,-2.5700035095214844,6.010000228881829,4.0,7.0,12-30,-0.4272729700261893
11-01,-0.6300010681152344,0.7999992370605575,-1.4499988555908097,-2.2799987792968857,0.3800010681152308,-3.729999542236328,-2.329999923706051,-0.17000198364257812,0.4099998474121094,-0.8100013732910156,6.010000228881829,4.0,7.0,12-31,-0.34545464949174326
11-02,-0.6300010681152344,0.7999992370605575,-1.4499988555908097,-2.2799987792968857,0.3800010681152308,-3.729999542236328,0.12999916076660156,-0.17000198364257812,0.4099998474121094,-0.8100013732910156,6.010000228881829,5.0,6.0,01-01,-0.12181836908513849
11-03,-0.6300010681152344,0.7999992370605575,-1.4499988555908097,-2.2799987792968857,0.3800010681152308,-3.729999542236328,0.12999916076660156,0.11999893188476562,0.4099998474121094,-0.8100013732910156,5.39000129699707,6.0,5.0,01-02,-0.1518181887539944
11-04,-0.6300010681152344,1.1700000762939524,-1.4499988555908097,-1.8499984741211009,0.3800010681152308,-3.729999542236328,0.12999916076660156,0.11999893188476562,0.4099998474121094,-0.8100013732910156,4.860000610351559,6.0,5.0,01-03,-0.1272726925936609
11-05,-0.6300010681152344,0.6700000762939524,-1.4499988555908097,-1.8499984741211009,0.3800010681152308,-3.729999542236328,-0.030000686645511365,0.6399993896484375,0.4099998474121094,-0.8100013732910156,5.29000091552734,5.0,6.0,01-04,-0.10090897300026634
11-06,-1.1300010681152308,0.6700000762939524,-1.4499988555908097,-1.8499984741211009,0.3800010681152308,-3.729999542236328,-0.030000686645511365,0.6399993896484375,0.4099998474121094,-0.8100013732910156,4.980001449584957,5.0,6.0,01-05,-0.17454528808593717
11-07,-1.1300010681152308,0.6700000762939524,-1.4499988555908097,-1.8499984741211009,0.3199996948242152,-3.729999542236328,-0.030000686645511365,0.6399993896484375,0.4099998474121094,-0.8100013732910156,1.2300014495849574,5.0,6.0,01-06,-0.5209090492942113
11-08,-1.1300010681152308,0.4200000762939524,-1.4499988555908097,-1.8499984741211009,0.3199996948242152,-3.9500007629394496,-0.030000686645511365,0.6399993896484375,0.4099998474121094,-0.8100013732910156,1.2300014495849574,5.0,6.0,01-07,-0.5636364329944951
11-09,-1.1300010681152308,0.4200000762939524,-1.4499988555908097,-1.8499984741211009,0.3199996948242152,-4.110000610351559,-0.030000686645511365,0.6399993896484375,0.4099998474121094,-0.9199981689453125,1.2300014495849574,5.0,6.0,01-08,-0.5881815823641684
11-10,-1.1300010681152308,1.1000003814697195,-1.4499988555908097,-1.8499984741211009,0.3199996948242152,-4.110000610351559,-0.030000686645511365,0.6399993896484375,0.4099998474121094,-0.9199981689453125,0.0,4.0,7.0,01-09,-0.6381816864013675
11-11,-1.1300010681152308,1.1000003814697195,-1.4499988555908097,-1.8499984741211009,0.3199996948242152,-4.110000610351559,1.6499996185302699,0.6399993896484375,0.4099998474121094,-0.5900001525878906,0.0,5.0,6.0,01-10,-0.4554545662619854
11-12,0.8899993896484375,1.1000003814697195,-1.4499988555908097,-1.8499984741211009,-1.1300010681152344,-4.110000610351559,2.4400005340576136,0.6399993896484375,1.9199981689453125,-0.5900001525878906,0.0,5.0,6.0,01-11,-0.19454557245427945
11-13,0.6800003051757777,1.869998931884762,-1.4499988555908097,-1.8499984741211009,1.2700004577636719,-4.389999389648441,2.4400005340576136,0.48999786376953836,0.09000015258789773,-0.4200019836425781,0.0,6.0,4.0,01-12,-0.1154545870694244
11-14,0.6800003051757777,1.869998931884762,-1.4499988555908097,-1.8499984741211009,1.2700004577636719,-4.389999389648441,2.4400005340576136,0.48999786376953836,0.09000015258789773,-0.1100006103515696,0.0,6.0,4.0,01-13,-0.08727264404296907
11-15,0.6800003051757777,1.869998931884762,-1.4499988555908097,-2.0599994659423935,1.2700004577636719,-4.389999389648441,2.3100013732910156,0.48999786376953836,0.09000015258789773,-0.1100006103515696,0.0,6.0,4.0,01-14,-0.1181817488236864
11-16,0.6800003051757777,1.869998931884762,-1.4499988555908097,-1.2000007629394602,1.2700004577636719,-4.389999389648441,2.3100013732910156,0.48999786376953836,0.09000015258789773,-0.1100006103515696,0.0,6.0,4.0,01-15,-0.040000048550692474
11-17,0.6800003051757777,1.869998931884762,1.970001220703132,-1.2000007629394602,1.2700004577636719,-4.389999389648441,2.3100013732910156,0.48999786376953836,0.42000198364258523,-0.1100006103515696,0.0,7.0,3.0,01-16,0.30090921575372837
11-18,0.6800003051757777,1.869998931884762,1.970001220703132,-1.2000007629394602,1.2700004577636719,-4.389999389648441,2.3100013732910156,0.48999786376953836,0.42000198364258523,-0.1100006103515696,0.0,7.0,3.0,01-17,0.30090921575372837
11-19,0.6800003051757777,1.869998931884762,1.970001220703132,-1.2000007629394602,1.2700004577636719,-4.389999389648441,2.3100013732910156,0.55999755859375,0.42000198364258523,-0.7300033569335938,0.0,7.0,3.0,01-18,0.2509089383212
11-20,0.6800003051757777,1.869998931884762,1.970001220703132,-1.2000007629394602,1.2700004577636719,-4.389999389648441,2.5600013732910156,0.55999755859375,0.42000198364258523,-0.7900009155273438,0.0,7.0,3.0,01-19,0.26818188753995
11-21,0.6800003051757777,2.0300006866455043,3.229999542236328,-1.2000007629394602,1.2700004577636719,-4.389999389648441,2.5600013732910156,0.55999755859375,0.42000198364258523,-0.7900009155273438,0.0,7.0,3.0,01-20,0.3972728035666716
11-22,0.6800003051757777,2.0300006866455043,3.229999542236328,-1.2000007629394602,1.2700004577636719,-4.389999389648441,2.1400012969970703,0.55999755859375,0.42000198364258523,-0.7900009155273438,0.0,7.0,3.0,01-21,0.3590909784490402
11-23,0.6800003051757777,2.0300006866455043,3.229999542236328,-1.2000007629394602,1.2700004577636719,-4.389999389648441,2.1400012969970703,0.55999755859375,0.40000152587891336,-0.7900009155273438,0.0,7.0,3.0,01-22,0.35727275501597916
11-24,0.6800003051757777,2.0300006866455043,3.229999542236328,-2.2800006866455114,1.2700004577636719,-4.389999389648441,2.1400012969970703,0.55999755859375,0.40000152587891336,-0.7900009155273438,0.0,7.0,3.0,01-23,0.2590909437699745
11-25,0.6800003051757777,2.0300006866455043,3.229999542236328,-2.220001220703125,1.2700004577636719,-4.389999389648441,2.1400012969970703,0.6499977111816406,0.40000152587891336,-0.7900009155273438,0.0,7.0,3.0,01-24,0.27272727272727243
11-26,0.6299991607666051,2.5100002288818324,3.299999237060554,-2.220001220703125,1.2700004577636719,-4.389999389648441,2.1400012969970703,0.4199981689453196,0.40000152587891336,-0.04000091552734375,0.0,7.0,3.0,01-25,0.3654544136740961
11-27,0.6299991607666051,2.5100002288818324,3.299999237060554,-0.8100013732910121,0.00999832153319602,-4.389999389648441,1.4799995422363281,0.4199981689453196,0.5800018310546946,-0.04000091552734375,0.0,7.0,3.0,01-26,0.33545407381924847
11-28,0.6299991607666051,2.2199993133544886,3.299999237060554,-0.8100013732910121,0.00999832153319602,-4.389999389648441,1.4799995422363281,0.4199981689453196,0.5800018310546946,-0.04000091552734375,0.0,7.0,3.0,01-27,0.30909035422585357
11-29,0.6299991607666051,2.2199993133544886,3.299999237060554,-0.8100013732910121,0.00999832153319602,-4.389999389648441,0.9799995422363281,0.4199981689453196,0.5800018310546946,-0.04000091552734375,0.0,7.0,3.0,01-28,0.2636358087713081
11-30,0.6299991607666051,2.2199993133544886,3.4899997711181676,-0.8100013732910121,0.00999832153319602,-4.389999389648441,0.9799995422363281,0.7599983215332102,0.5800018310546946,-0.04000091552734375,0.0,7.0,3.0,01-29,0.31181768937544485
12-01,0.6299991607666051,2.2199993133544886,3.4899997711181676,-0.8100013732910121,0.00999832153319602,-4.389999389648441,0.9799995422363281,1.0799980163574219,1.690002441406257,1.8500022888183594,0.0,8.0,2.0,01-30,0.6136361902410337
12-02,0.6299991607666051,2.2199993133544886,3.4899997711181676,-0.8100013732910121,0.00999832153319602,-4.389999389648441,0.2100009918212855,1.0799980163574219,1.690002441406257,1.8500022888183594,0.0,8.0,2.0,01-31,0.5436363220214844
12-03,1.1999988555908203,2.2199993133544886,3.4899997711181676,-0.8100013732910121,0.00999832153319602,-4.389999389648441,0.2100009918212855,1.0799980163574219,1.5800018310546946,1.8500022888183594,0.0,8.0,2.0,02-01,0.5854544206099074
12-04,1.1999988555908203,2.2199993133544886,3.4899997711181676,-0.8100013732910121,0.00999832153319602,-4.389999389648441,0.2100009918212855,1.0799980163574219,1.5800018310546946,1.8500022888183594,0.0,8.0,2.0,02-02,0.5854544206099074
12-05,1.1999988555908203,2.2199993133544886,3.4899997711181676,-0.8100013732910121,0.00999832153319602,-3.0300006866455114,0.2100009918212855,1.0799980163574219,1.5800018310546946,1.8500022888183594,0.0,8.0,2.0,02-03,0.7090906663374464
12-06,1.1999988555908203,2.2199993133544886,3.7700023651123082,-0.8100013732910121,0.00999832153319602,-3.0300006866455114,0.2100009918212855,1.0799980163574219,1.5800018310546946,1.8500022888183594,0.0,8.0,2.0,02-04,0.734545447609641
12-07,1.1999988555908203,2.2199993133544886,4.2100009918212855,-0.8100013732910121,0.00999832153319602,-3.0300006866455114,0.2100009918212855,1.3299980163574219,1.5800018310546946,1.8500022888183594,0.0,8.0,2.0,02-05,0.7972725954922754
12-08,1.1999988555908203,2.2199993133544886,4.14000129699706,-0.8100013732910121,0.00999832153319602,-3.0300006866455114,0.2100009918212855,1.3299980163574219,1.6399993896484446,1.8500022888183594,0.0,8.0,2.0,02-06,0.7963633103804139
12-09,1.1999988555908203,2.2199993133544886,3.879999160766598,-0.8100013732910121,0.00999832153319602,-3.0300006866455114,-1.3199996948242223,1.3299980163574219,1.6399993896484446,1.4099998474121094,0.0,7.0,3.0,02-07,0.5936355590820303
12-10,1.1999988555908203,2.2199993133544886,3.879999160766598,-0.610000610351559,0.00999832153319602,-2.3799991607666016,-0.3400001525878906,1.3299980163574219,1.6399993896484446,1.4099998474121094,0.0,7.0,3.0,02-08,0.7599993619051844
12-11,1.25,3.429998397827145,3.879999160766598,-0.610000610351559,0.00999832153319602,-3.3700008392333984,-0.3400001525878906,1.3299980163574219,1.6399993896484446,1.4099998474121094,0.0,7.0,3.0,02-09,0.7845446846701879
12-12,1.0699996948242188,3.25,3.879999160766598,-0.610000610351559,0.00999832153319602,-3.3700008392333984,-0.3400001525878906,1.3299980163574219,1.9599990844726562,4.030002593994141,0.0,7.0,3.0,02-10,1.0190904790704893
12-13,1.1399993896484375,3.25,3.879999160766598,-0.610000610351559,0.00999832153319602,-3.3700008392333984,-0.3400001525878906,1.25,1.9599990844726562,4.030002593994141,0.0,7.0,3.0,02-11,1.0181815407492891
12-14,1.1399993896484375,3.25,3.879999160766598,-0.610000610351559,0.00999832153319602,-4.200000762939453,-0.7299995422363281,-1.1699981689453125,1.9599990844726562,4.030002593994141,0.0,6.0,4.0,02-12,0.6872726787220341
12-15,1.1399993896484375,3.25,3.879999160766598,-0.610000610351559,0.00999832153319602,-0.470001220703125,0.30999946594237926,-1.3599987030029261,1.9599990844726562,4.030002593994141,0.0,7.0,3.0,02-13,1.1036361347545272
12-16,1.1399993896484375,3.25,3.879999160766598,-0.610000610351559,0.00999832153319602,-0.470001220703125,0.30999946594237926,-1.3599987030029261,1.9599990844726562,4.030002593994141,0.0,7.0,3.0,02-14,1.1036361347545272
12-17,1.2099990844726598,3.25,3.879999160766598,-0.610000610351559,0.00999832153319602,-0.470001220703125,0.30999946594237926,-0.7299995422363281,1.9599990844726562,4.030002593994141,0.0,7.0,3.0,02-15,1.1672723943536925
12-18,1.2099990844726598,3.25,3.879999160766598,-0.610000610351559,0.00999832153319602,-0.470001220703125,0.30999946594237926,-0.7299995422363281,1.9599990844726562,4.030002593994141,0.0,7.0,3.0,02-16,1.1672723943536925
12-19,1.2099990844726598,3.25,3.879999160766598,-0.8000011444091726,0.00999832153319602,-0.470001220703125,0.30999946594237926,-0.7299995422363281,1.9599990844726562,4.030002593994141,0.0,7.0,3.0,02-17,1.1499996185302732
12-20,1.2099990844726598,3.25,3.879999160766598,-0.8000011444091726,0.00999832153319602,-0.470001220703125,0.30999946594237926,-0.7299995422363281,1.9599990844726562,4.030002593994141,0.0,7.0,3.0,02-18,1.1499996185302732
12-21,0.7299995422363281,2.0400009155273473,3.879999160766598,-0.8000011444091726,0.00999832153319602,-0.470001220703125,0.30999946594237926,-0.7299995422363281,1.9599990844726562,4.030002593994141,0.0,7.0,3.0,02-19,0.9963633797385473
12-22,0.7299995422363281,2.0400009155273473,3.879999160766598,-0.8000011444091726,0.00999832153319602,-0.470001220703125,0.30999946594237926,-0.7299995422363281,1.9599990844726562,4.030002593994141,0.0,7.0,3.0,02-20,0.9963633797385473
12-23,0.25,2.0400009155273473,3.879999160766598,-0.8000011444091726,0.00999832153319602,-0.470001220703125,0.30999946594237926,-0.7299995422363281,1.9599990844726562,4.030002593994141,0.0,7.0,3.0,02-21,0.9527270577170629
12-24,0.25,2.0400009155273473,3.879999160766598,-0.8000011444091726,0.7399978637695241,-0.470001220703125,0.5900001525878906,0.5200004577636719,1.9599990844726562,4.030002593994141,0.0,8.0,2.0,02-22,1.1581816239790483
12-26,0.18000030517578125,2.0400009155273473,3.879999160766598,-0.8000011444091726,0.7399978637695241,-0.470001220703125,0.5900001525878906,0.5200004577636719,1.9599990844726562,4.030002593994141,0.0,8.0,2.0,02-24,1.1518180153586648
12-27,0.18000030517578125,2.0400009155273473,3.879999160766598,-0.8000011444091726,0.7399978637695241,-0.43000030517578125,0.5900001525878906,0.5200004577636719,4.060001373291016,2.270000457763672,0.0,8.0,2.0,02-25,1.1863635670055042
12-28,0.18000030517578125,2.0400009155273473,2.8099994659423864,-0.8000011444091726,0.7399978637695241,-0.43000030517578125,0.5900001525878906,0.22999954223632812,4.060001373291016,2.270000457763672,0.0,8.0,2.0,02-26,1.0627271478826357
12-29,0.18000030517578125,1.6700000762939524,2.8099994659423864,-0.8000011444091726,0.7399978637695241,-0.43000030517578125,0.5900001525878906,0.22999954223632812,3.8699989318847656,2.270000457763672,0.0,8.0,2.0,02-27,1.011817758733577
12-30,0.18000030517578125,1.6700000762939524,1.8700008392333949,-0.8000011444091726,0.7399978637695241,-0.43000030517578125,0.5900001525878906,-0.29000091552734375,3.8699989318847656,2.270000457763672,0.0,7.0,3.0,02-28,0.8790905692360621
12-31,0.18000030517578125,1.6700000762939524,1.8700008392333949,-1.2300014495849574,0.7399978637695241,-0.43000030517578125,0.5900001525878906,-0.29000091552734375,3.8699989318847656,2.270000457763672,0.0,7.0,3.0,03-01,0.8399996324018999
