,2009,2010,2011,2012,2013,2014,2015,2016,2017,2018,2019,2020,ups,downs,avg
01-02,-28.824940618337695,-24.31122515685701,-4.1388496808641655,-5.245308330474633,23.638667181197217,13.71118264260657,1.5400336478126357,-3.2527053912689357,-19.34197693795154,6.761273703821296,-30.232981761585464,-0.9667040988668871,4.0,8.0,-5.8886279000640505
01-03,-33.85947928992242,-21.447035300818545,-17.434510915823722,-5.245308330474633,22.617023549181333,13.47269104014116,7.178970070359497,-0.32414621934344134,-19.34197693795154,8.08013360483276,-27.133438896169505,-4.044527353360295,4.0,8.0,-6.456800414945778
01-04,-32.37663699679998,-21.36862501469398,-15.5073823181368,-4.906057106177799,19.576486165869763,13.678231395298447,6.666661495447814,-0.9513413031022125,-21.093858071092136,8.923882395684988,-32.574930936966936,-3.5106813252476847,4.0,8.0,-6.953687634993044
01-05,-32.044204505328025,-20.63696987448193,-16.47094661698026,-4.460967371170146,19.574106173958885,15.418175838025503,5.51389484224452,-3.234570799390063,-24.399537141117854,9.895916049181057,-33.429444361071226,-1.9244509116358406,4.0,8.0,-7.183249889813781
01-06,-30.83877165597525,-19.84075137467005,-19.041840104498185,-9.366072919538537,19.98716080479746,14.531085636502436,8.719306159257913,-6.034241236098752,-23.489729251986518,-0.6666664185562754,-33.429444361071226,0.36578833832225216,4.0,8.0,-8.258681365292896
01-07,-24.962327229753793,-22.918018517414122,-20.14697446967707,-5.580487063886552,18.558049414247456,14.211889586114351,7.675343415292016,-9.426120195855676,-19.83893823854602,0.22562351550331716,-33.11758780542353,0.3135347598923486,5.0,7.0,-7.917167735792273
01-08,-60.50000190734863,-26.651580488600572,-26.889390297417126,-6.960229289309994,17.795683284903877,13.041498269731274,3.647238244773987,-9.533581127772896,-19.401888884412287,1.2599695469131402,-38.67313688350748,0.4703021398385229,5.0,7.0,-12.699593116017349
01-09,-58.1335005570002,-29.204152925102928,-24.824501408480216,-5.996624551421356,16.09670968026588,11.894673717544755,0.6004609822525826,-10.529202149870006,-19.83893823854602,2.2328572708828665,-36.767351951918606,0.3148443173753494,5.0,7.0,-12.846227151168158
01-10,-71.39785071202557,-30.255810050077216,-23.915107095482004,-8.220715459780001,16.91810782471663,11.92966894187688,-0.5905281924215152,-9.567818347832777,-20.351381076734278,6.060604770050732,-37.68615268391242,-0.3061926648841257,3.0,9.0,-13.948597895542138
01-11,-56.27450685844536,-32.06790502959876,-23.851754362010304,-7.46057904569206,16.61638501212071,12.173644470894866,-0.3565943518350511,-10.272195422697255,-20.029282128741727,1.404541265361808,-37.99855503471921,-10.694550387348333,3.0,9.0,-14.067612656059223
01-12,-59.081838138432765,-28.389533031941365,-24.10516529589702,-7.194640190866748,15.962539870732265,12.253566169086074,0.18503488051026704,-7.63233727871782,-19.617565892475987,-2.7058386587008174,-33.20387829116114,-6.229875052595638,3.0,9.0,-13.31329424253839
01-13,-62.40851817092241,-28.86112172248377,-24.082274085874495,-4.580573318235947,16.14515478328798,11.758424767967853,0.16962315025415658,-3.925595298347831,-18.80786962301278,-1.6220756405996322,-32.898909310978844,-8.763079648331962,3.0,9.0,-13.156401176439807
01-14,-56.087821033081184,-30.227595798370547,-22.46805562539459,-0.9628674099327375,16.053950124307526,11.392406977992971,-1.5420200825433446,-4.767105460201728,-14.341785314640587,-2.8083231775866433,-35.427131068394516,-8.511049309434815,2.0,10.0,-12.474783098106682
01-15,-46.55065071527349,-26.06817246790311,-21.426356116006538,2.0549784699185816,16.2497303074661,10.523107454617785,1.3385462749930166,-2.8769100922112054,-14.117806304119382,-1.182149630766391,-35.893753700365785,-8.27839567949681,4.0,8.0,-10.518986016595603
01-16,-37.64045533771538,-35.06815876326281,-18.810682448896827,0.542007465227847,16.358495231836013,9.214386689833146,-1.1506597061805235,-5.775076628617018,-12.683062522142164,-1.182149630766391,-35.92964142941877,-20.222073533479893,3.0,9.0,-11.86225588446523
01-17,-18.16728696989275,-35.57213673051413,-18.52299867524712,0.542007465227847,15.710559474835058,8.652062172273695,2.2295457913210743,-5.049396876868288,-12.683062522142164,0.39960318511336884,-37.022494660819824,-9.725734321805666,5.0,7.0,-9.100777722376575
01-18,-11.28951312366854,-31.041115172029638,-18.52299867524712,-0.40649784547147894,12.936758361121065,8.662620536891367,1.0150064788016668,-5.150391602447442,-10.348170457840638,1.2987020507230553,-37.569954482582695,-4.4906327909653605,4.0,8.0,-7.908848893559647
01-19,-6.685903455686211,-31.041115172029638,-18.825657486839642,1.851848249574993,3.1763432956676754,9.881547047588016,3.8552130398434006,-5.150391602447442,-8.998206981889519,1.7955142205441526,-35.465842305273256,10.262946018659724,6.0,6.0,-6.278642094357313
01-20,-6.685903455686211,-27.434478974634324,-16.81601297817453,2.1453451794564904,5.93743523275051,9.528830049638728,3.8552130398434006,-3.516007792649795,-8.278104587203112,1.2223350962602988,-37.046490902659635,-46.22177052083846,5.0,7.0,-10.275800884491387
01-21,-13.323705764467883,-23.069521825813048,-14.319463955614806,5.859168317847861,7.142852563388489,9.528830049638728,4.296642448914433,-0.8821953354867804,-9.116893145182429,0.779826144239861,-35.906700962847204,-46.22177052083846,5.0,7.0,-9.602744332185102
01-22,-17.26250854921785,-21.764136506907764,-12.019502447928202,6.497906794362132,7.142852563388489,8.896582598617934,1.6383772846517528,-4.623005773587327,-11.297708598014896,1.0261485446443341,-35.906700962847204,-47.18255719445893,5.0,7.0,-10.404521020608128
01-23,-23.614073833301923,-20.892728290325646,-11.603307698874179,7.200203924761247,9.390751153986045,8.082484270403002,2.264858196387792,-4.812473324207938,-12.35813276642562,1.9695442945587844,-37.51581209564536,9.21115343314242,6.0,6.0,-6.056461061295114
01-24,-10.640302510525215,-19.57929160733942,-10.780139679604387,7.9513070352066615,7.033897544830182,9.284212431229218,3.038079068428172,-5.306181511307158,-12.484231035204143,2.2012546452558728,-34.29183816281896,2.0500352276282934,6.0,6.0,-5.126933212851741
01-25,-23.03664675734262,-23.904190520326534,-11.17730106867795,8.702410145652074,9.758148189478865,8.699589791844625,2.04610682669189,-5.306181511307158,-11.965812788113325,-0.5534093752245165,-35.68449639288048,-9.320386868078732,4.0,8.0,-7.6451808606903215
01-26,-19.34992058203485,-17.10179494526572,-11.744679119570035,5.487149902488334,10.875947838732635,8.823532457836377,1.4068073012921412,-6.109720163576417,-10.568092452710129,-1.1818348275358157,-34.85641973878864,-6.32672035099537,4.0,8.0,-6.720478723343958
01-27,-17.369222872180234,-17.005984369152323,-10.872027706021195,5.217389993230044,12.109941484324803,7.990862144847023,2.422042411689872,-5.27846708573725,-11.461516553548904,-1.8964644344810453,-34.564779077888225,-9.789392701371073,4.0,8.0,-6.708134897190708
01-28,-18.232605663866323,-15.862882282498447,-5.376650890135201,8.369816757002518,12.109941484324803,8.980210023190109,2.3495216662642657,-4.974434624145594,-11.802034634353834,-2.98739344982685,-33.79322044718693,-13.884561068781762,4.0,8.0,-6.25869109416777
01-29,-8.36219995356677,-12.732777786953415,-3.3480882814271316,6.1461303765119295,11.717293326021881,10.304409372194861,2.9322639177484726,-5.610420099152823,-10.66294379196766,-2.98739344982685,-31.696825284750616,-12.40249758531441,4.0,8.0,-4.725254103373544
01-30,-8.695648400638085,-8.685712541852679,-3.692387560952285,5.8979091807481385,12.27526080105648,9.135570703451759,5.59898008757378,-3.6272220442962992,-11.128244724891085,-2.4520842469075492,-31.75057690374132,-5.131912079431179,4.0,8.0,-3.5213389774900272
01-31,-21.55308958230982,-5.572820316413209,-2.4410296544068335,4.549064158241829,10.13289261540032,11.000759792144741,5.600672224238829,-1.126870569643587,-12.529786450729668,-2.5038866633743413,-32.492450911440876,-8.330215116941698,4.0,8.0,-4.605563372936193
02-01,-19.968716698469088,-5.572820316413209,-5.622598158357023,0.7934489311331647,10.533904292851748,12.636526468050867,2.600408870289694,-0.1970334050841854,-6.895582724826285,0.23724689650998268,-31.424013854406958,4.6983159928950675,6.0,6.0,-3.1817428088188517
02-02,-17.87909676882253,-5.372997601585369,-7.185964926965181,-4.432430782833615,12.55384396284056,13.52852631826148,2.600408870289694,-0.18389517233583247,-8.334504817992032,3.1700761883738866,-27.400103401322824,1.5329547355071593,5.0,7.0,-3.1169319497153833
02-03,-18.03278880745961,-4.040851815784005,-5.297126360441228,-8.718366654930232,12.32002878519467,13.91629470993303,1.2713159018975835,0.3940567886330936,-11.502412219165793,2.764736913568217,-29.894180837504326,-3.453830115040999,5.0,7.0,-4.189426975924968
02-04,-15.676226404622486,1.5802338741378992,-7.142858634254895,-5.893330891927084,12.211697152952338,12.630793079534877,2.6870854919823923,-0.35605517149787863,-9.804485241793465,4.914135583846841,-28.310103777042002,-2.3443048202467307,5.0,7.0,-2.9586183132441826
02-05,-8.003856633227983,-0.5555555555555556,-6.146765337138459,-7.469548753843217,9.719936341062848,13.572498690515367,5.592560249561443,4.087403830897321,-9.851860483795551,6.535188939405802,-27.682925030035772,-4.6170328687226165,5.0,7.0,-2.068329717573031
02-06,-8.989843668400157,0.7313785996662127,-7.751510753241229,-7.469548753843217,9.246296440461789,10.226396670937858,9.123145062534398,1.8346139972149857,-10.136984764203277,5.649341408445101,-25.34842340692865,-6.618180708451704,6.0,6.0,-2.4586099896506575
02-07,-5.689904003116873,0.57713279897087,-8.888891008165148,-6.387010992212545,11.277885688919248,8.005640707761078,9.222571081895852,-0.1604529283501014,-10.757028476729444,7.638314172922906,-26.492468101830696,-4.1814327919468655,5.0,7.0,-2.152970320990143
02-08,-10.730262517698405,1.5388013565864658,-9.55555174085827,-8.281454656052139,7.3414021233933395,7.342381766612129,6.803195976765289,-0.6990244343694637,-9.891854017720636,11.600202053333545,-23.271617142019927,-3.9191555051577525,5.0,7.0,-2.643578061432152
02-09,-10.730262517698405,-0.9672424938978682,-9.361108144124369,-9.032968433776634,9.82367834830973,9.083789155314284,8.62329352498283,0.1613156977639792,-11.12709281889247,11.674625730331115,-23.393319422163895,-6.848574096633975,5.0,7.0,-2.6744887892071403
02-10,-3.8748172834787313,-1.648713942244194,-10.225052289120333,-7.759104757889097,9.347964469785246,9.59352115751973,8.51327536700265,-0.9006562366480466,-13.11850126614447,11.872144187096842,-25.304561690214978,-6.848574096633975,4.0,8.0,-2.5294230317474464
02-11,-4.421268425741836,-5.2808954474631316,-15.343009467029365,-11.03131284428573,13.01883050138979,8.970562846380874,8.141931293476716,-4.986370513118349,-12.494696561255717,12.89490632163702,-20.542441908252986,-7.625589463439477,4.0,8.0,-3.2249461389751826
02-12,-2.5603804819455176,-2.680143252272414,-13.060537577226771,-14.213951984640207,11.80400503827364,8.160719418288648,8.562220513021183,-3.0978244926167466,-12.240573125531165,14.830574837295195,-23.137457919699248,-9.504875871033454,4.0,8.0,-3.094852074840571
02-13,0.8283493279689993,-0.04332854815811523,-14.765287059483882,-13.609644343960102,11.783761422851976,3.056841174436013,4.2459756900468895,-5.57713171607391,-12.240573125531165,15.240349672762695,-21.96550984837584,-3.513555383020518,5.0,7.0,-3.04664606137808
02-14,10.100129578477587,3.691346047134383,-14.439716744930188,-11.66960954522014,10.907234571532497,1.962697273676461,6.4367138483804025,-6.299765842903736,-12.155866705874622,13.396374937421228,-23.00287613102458,4.656592285316773,7.0,5.0,-1.3680622023344944
02-15,2.594344927433484,5.15505933934517,-13.503541337682845,-11.787178917036412,12.069316037784782,2.829426100523227,6.00260883916832,-6.0775031226387455,-12.014674977891667,11.593063268016161,-27.137790672013377,0.7895611788975687,7.0,5.0,-2.4572757780078613
02-16,6.2216203939740256,5.15505933934517,-12.08510162137079,-15.604909298942943,6.85845493392949,2.6878236601786547,7.517827043907784,-6.0775031226387455,-12.779855853148964,11.292600649415231,-31.58432173741197,-0.3095448409949428,6.0,6.0,-3.225654204479833
02-17,6.2216203939740256,5.463133954481051,-10.46901181448601,-19.744273502101827,7.609595241378201,2.6878236601786547,7.517827043907784,-7.415667484304386,-15.439604750446257,16.550895042483564,-32.169746199255286,-5.66329021990057,6.0,6.0,-3.7375582195075876
02-18,5.54042323043179,7.853406238143886,-8.845409213255763,-17.96828739027566,4.774079179849812,2.6878236601786547,6.861622914827133,-8.106978159357316,-13.238572627081352,16.689285698675615,-32.169746199255286,-5.66329021990057,6.0,6.0,-3.465470240584921
02-19,6.879499561112558,12.156778749904081,-7.97976999272753,-15.426597874267978,4.774079179849812,2.6716284909715635,6.657183644402076,-6.372417581492456,-13.698056175059106,17.98753254070511,-32.169746199255286,-5.234252982838576,6.0,6.0,-2.479511553224645
02-20,8.68597192280956,14.6729547104543,-11.423596506140047,-18.525069311583334,4.134694591682659,2.231200141412084,5.137181575478936,-7.8263325304112925,-13.969142578076097,17.98753254070511,-28.55920434447293,-3.3858936357300315,6.0,6.0,-2.5699752853225903
02-21,6.384939218048406,14.873604417304445,-11.423596506140047,-18.525069311583334,5.317107796514297,0.8225779379567792,5.199136580188413,-7.247977360498077,-13.969142578076097,18.492133559475025,-1.782044044980471,3.387197458828416,7.0,5.0,0.12740559725314643
02-22,7.9078177422731475,15.023475089287599,-11.423596506140047,-15.486724966641093,-0.6415591375184015,0.30644939791770526,5.418292225987497,-8.395886447803234,-14.544172052362683,10.731488269289589,-1.3226199926030766,5.5102073692165305,6.0,6.0,-0.5764024174247057
02-23,9.180041551979953,17.918622924107307,-9.8579227188161,-21.344242544074017,2.764783154346023,2.2303065804914377,4.646762375094347,-8.507082164991749,-7.8251010649197035,6.7937632207059435,4.910861442828105,7.357245658279217,8.0,4.0,0.6890032012525632
02-24,2.4509854336876034,17.586068176073976,-6.852003889041482,-19.34620513026312,5.212043799317588,0.7227705756081666,3.8747321237955443,-9.368915255819084,4.412600980113419,6.0844566010775845,5.577822466617088,7.924130185452529,9.0,3.0,1.5232071722183178
02-25,5.614974148371816,16.55951626102903,-10.138379463591725,-22.34499192801671,4.225063783894096,0.5460972723320784,2.9278981668671147,-3.08710845311934,-3.0725868906887834,6.311345172890524,6.390729325888684,10.15756910717414,8.0,4.0,1.1741772085859103
02-26,6.3877647572416025,20.07286002090371,-10.5472105824265,-19.269906625520008,4.3652390170669,-4.3848371600294955,-0.452221071908181,1.1977723869059194,-1.6259007557405205,6.410261868886272,8.311258826066105,10.601199064865268,7.0,5.0,1.755523312192589
02-27,7.78416710027,18.457944950434975,-7.321771850664637,-16.857226318122734,5.126146633942053,-4.800652117678389,1.713547007224794,-0.4047465587598066,0.0,9.125192719877875,8.327818653843872,19.219089836973673,7.0,5.0,3.3641258381118058
02-28,12.555653649931688,22.017877803536916,-6.066385905211826,-16.09498025662145,5.184586868360546,-6.534461033568406,1.6619291812304993,0.5804286420711128,6.481605417464982,9.653093863182303,9.657170283036043,22.2895025208021,9.0,3.0,5.115501752851209
02-29,0.0,0.0,0.0,-12.34241867235567,0.0,0.0,0.0,0.868123544256954,0.0,0.0,0.0,19.761875827316246,2.0,1.0,0.6906317249347942
03-01,16.885314908274914,22.071456577450014,-1.8770469883347674,-9.413137277241418,7.086935347660899,-5.626725026319989,2.7121981532491626,-2.0256321164184423,3.992887021213223,0.392159600449112,9.583671725526159,21.572524780644077,8.0,4.0,5.446217225512744
03-02,17.235567768588517,20.2336007334283,9.657234491713877,-0.11435367653177056,7.721316608129956,-6.368382763374347,-1.719079988700535,-1.3917626298440007,4.476782914597195,-6.137120944969361,7.946246180872859,27.38502046051267,7.0,5.0,6.577089096201948
03-03,16.308466104252012,20.182067594704343,11.129078416029992,-4.6975878144731125,8.430172819985437,-10.08957479372783,-1.1607419098821385,-0.194443596733941,3.584337721383651,-16.037735849056602,9.107285222075056,26.25492765158308,7.0,5.0,5.2346876305116625
03-04,16.0977655647448,19.724208511921844,11.080859639391148,-6.862454266785304,6.326817090611995,-12.354242714553381,0.07345786681852218,-1.6687482785854544,-1.1102886248951593,-18.178322286789285,8.326445072643747,24.559788438188722,7.0,5.0,3.8346071677260167
03-05,27.536231633670877,19.89851301469896,18.35275081004232,-6.067819691667587,5.843242924574515,-11.188107066828444,-1.3329368790643836,1.1251108030762895,1.2292096245333757,-17.61330832514439,8.326445072643747,7.968449530025247,8.0,4.0,4.5064817875467105
03-06,31.69543957082208,23.070098228964973,18.48228404950191,-4.6995891768343485,7.495468750036016,-15.625546923445082,2.8421863414319253,0.09587685628827303,-2.6913259029235,-18.665133200705306,8.111680070100183,3.2246792898106875,8.0,4.0,4.444676496087317
03-07,40.38461522786419,20.106893079431686,18.39597427250149,-5.651402695545484,7.680057549863749,-15.150986501072339,3.8116636675581654,1.2990515083230085,-3.0672092166661944,-19.908203605177015,7.849370086542222,9.596862176814831,8.0,4.0,5.445557129203192
03-08,45.76205217073262,19.944603411684785,17.04605303015006,9.69528723969806,9.037437654077033,-14.295624481303085,3.5087777502198576,0.4330171694410028,-2.6913259029235,-17.456355817508356,11.103947581571047,5.129161283577835,9.0,3.0,7.268085924118115
03-09,43.59078015573776,20.590953299512258,16.437266503766246,8.876034042407884,7.100955117459182,-15.376530672371477,3.998210284920272,1.069013395420154,-5.238100986231087,-13.832206656834378,10.065089670818717,6.459948284026952,9.0,3.0,6.978451036552709
03-10,38.1318217794383,21.68051957091102,16.995007526186328,8.415218614646825,6.362158826131174,-15.174818836894818,3.77442760759577,0.0546087583991041,-3.955489498136369,-13.839711834581115,7.283137576716947,2.5286063568993438,9.0,3.0,6.021290537276042
03-11,39.22361499723653,19.992414020256692,15.55263117740029,7.294059365291177,7.512594647130896,-15.279723010300284,3.2522756152117123,-0.8899254076278694,-7.376187721464049,-15.044247332995994,6.641395449948832,4.798815908963215,8.0,4.0,5.47314314242093
03-12,34.46028247406823,9.748700205535824,16.515663711387283,5.633442258189839,7.3111801743312625,-14.632865070358156,-0.742421005711411,2.0303195124044273,-7.037818854084164,-14.449759305379036,6.427161348491693,17.76997154751649,8.0,4.0,5.252821416366024
03-13,31.274133207610337,12.510842565901765,18.867924528301888,2.7258546847937883,7.411883569142799,-15.428469058646515,-0.21525121106665715,3.105756077114287,-9.017272655296308,-13.129187771007775,8.17402613633405,10.326184884989509,8.0,4.0,4.717202079847597
03-14,24.436391535979244,14.909320893762207,17.540272317295415,4.205604653772158,5.831795654617144,-12.98135045735154,-1.8750051608900726,2.1891929007865287,-9.23124084877859,-14.947371049360807,8.80677164339244,4.670085700789539,8.0,4.0,3.629538982001139
03-15,23.293825155442672,17.937766978390364,15.724882203788908,1.6886627403133365,8.052051768807925,-11.904768546808574,-1.242235522325716,1.513517225110853,-10.622034106413437,-13.538873093747153,11.205517086853087,1.893320425540485,8.0,4.0,3.666802692912729
03-16,17.639316789253634,18.242826398295684,15.520326259513334,-2.501373888660146,7.516205507693245,-14.834212788609646,-0.5415986215439529,1.6081114073057432,-15.172197473339649,-15.075571071560626,8.89837166725193,-0.6161277219869082,6.0,6.0,1.7236730386343864
03-17,12.549365930051277,15.415900546331079,14.70063810895203,-7.910407936819876,9.675503167919604,-16.72876405633407,0.6920401324279924,0.8344585748538043,-15.335416638150637,-17.30284867189997,10.224881984156026,-17.15832410581638,7.0,5.0,-0.8619144136940936
03-18,8.775778497829522,15.969276998062359,13.08699545564536,-8.960781679842825,9.406624173810311,-18.30761700384588,-2.241609502642017,1.3839846476285833,-14.631098368611498,-17.53058219421305,10.859435054671811,28.099332833966027,7.0,5.0,2.1591449093715585
03-19,14.385661542623835,13.101431619940119,8.263156288548538,-10.382836074778245,6.747366049542161,-17.846374958153017,-0.9687057237856456,2.618510199640772,-15.695839631857694,-16.75988948339801,11.887552652014307,-15.604276733944383,6.0,6.0,-1.6878536878006052
03-20,16.622221204969602,10.406192589343272,10.339507066167238,-11.136891541672084,5.536814743642348,-18.515877299033797,-2.332450370359024,-0.3042788133094624,-18.742928725995885,-16.239155701894752,11.148592171420043,-6.553130110199004,5.0,7.0,-1.6476153989101252
03-21,9.385668570028011,7.159902855576919,10.592461888495217,-11.97796149346285,6.976745759607771,-19.506079997913837,-3.1029420740464153,-0.7362116891569016,-16.416228408961192,-16.528447342388255,8.348335998334496,12.325504718398523,6.0,6.0,-1.1232709346240428
03-22,9.424310959144986,4.379886222285266,10.259040338049262,-7.294660935637226,7.183291700289442,-16.978800122663415,-3.5139482289340696,-0.2639289443594673,-15.317504363264211,-13.841160466132985,8.236268009846375,6.871608118420898,6.0,6.0,-0.9046331427462624
03-23,5.641938893159938,3.329612689311278,9.592207020940721,-9.904437024460904,4.041822521687495,-19.53421161590826,-4.439153104213578,-0.5278578887189346,-14.783442616454352,-15.458090493395032,7.8702157443033,9.042739365015274,6.0,6.0,-2.0940547090610875
03-24,15.148821913546026,6.70391061452514,10.012739631021098,-13.20700494097838,3.7320929705679453,-21.042044170009408,-3.381505087645962,-2.704984612765251,-13.551039675018362,-11.613272906315673,9.020705920816251,6.481805436556819,6.0,6.0,-1.1999812421416467
03-25,12.527763954466678,3.5787548052187166,7.606733053911293,-17.275750876654538,2.333195610740349,-21.20658524136189,-2.7111571120041305,-2.122639761973058,-11.003285093841912,-10.747399184802433,8.479340608454923,9.431296809122232,6.0,6.0,-1.759144369060314
03-26,10.21768601076302,0.808132712353603,4.1633511878569,-20.965743541574643,0.9619345371099928,-20.109681959557655,-3.128267822785761,-3.210881835847136,-12.571425664992558,-11.294920345073798,8.280988961211905,2.2606831569120156,6.0,6.0,-3.7156787169686765
03-27,9.390743216789337,-3.943929297681518,4.112494809066229,-18.099693612057415,1.432666300031011,-19.06763500000732,-3.8211921126151562,-1.1404257281889256,-11.94948678320271,-10.115991023746798,7.752063845799963,7.079497983465753,5.0,7.0,-3.197573950195629
03-28,7.748538582445887,-4.916065226748071,4.112494809066229,-17.788171871015244,0.7163370537171203,-20.15787677890806,-5.9958460673911755,-1.7837402115194787,-13.101820444634138,-12.207640521616145,6.958676172682077,-5.349075926385752,4.0,8.0,-5.14701586919223
03-29,15.491068627001022,-4.290820510903895,4.430878826729017,-15.264802986920008,3.541750856948251,-19.312213880444006,-5.199585816810471,-4.300332720513186,-12.628256026348689,-13.367558012739316,3.5738716979271152,-3.887652819818499,4.0,8.0,-4.267804397157722
03-30,16.16474592941981,-7.365912029536213,3.263464014468505,-11.431196506705414,3.4462301854287336,-17.988185840692843,-4.3846829586172795,-5.268248858782037,-12.312554442987347,-9.647278331727088,4.761119198227305,1.2855995211049598,5.0,7.0,-3.2897416766999084
03-31,15.057571434979122,-7.10369365444445,1.3266118817146242,-15.065970618052354,4.467957738266474,-19.096657608339818,-1.1692532492947452,-4.853432177878828,-10.255204863939165,-9.521996114689665,6.712925230703923,4.458912358743686,5.0,7.0,-2.920185803519266
04-01,13.551813446774105,-7.270558239786864,2.7932940484126587,-12.309076626176088,3.292997128420599,-20.325203812354133,-5.320081097722935,-6.313204054817794,-8.585701232612935,-8.673469976197788,4.572466777879329,9.064279293196522,5.0,7.0,-2.960203695415444
04-02,8.955227629660573,-3.5337242683011962,1.7557857002739905,-13.73975921011588,3.550884588267321,-20.867214760914592,-9.415108182702516,-3.3310753355461507,-9.130837349966866,-6.283492280225923,6.404755613801018,7.547489581080333,5.0,7.0,-3.173922356224157
04-03,9.134826007422676,-7.916760224524277,3.400468879483803,-12.071578389075503,3.6699037487024704,-16.86464848863221,-9.157343937641281,-2.4432806376940857,-6.295835824389625,-8.686011291672989,5.249257525683414,4.983169735913782,5.0,7.0,-3.0831527413686524
04-04,16.475246920443997,-9.222942222067102,1.8602198859159025,-9.463144726623787,2.54991285162381,-14.349699355109774,-11.945557534540866,-5.1536418347763515,-6.2499941706951265,-10.57106109070872,4.636959784402873,6.183017156891419,5.0,7.0,-2.937557027936977
04-05,16.771902030024105,-2.77903727471782,3.3218176043559935,-8.510635584190133,5.304398965977161,-14.933046147481043,-10.14297336749894,-3.0591170318848135,-5.9749325899182155,-12.260817851790478,-0.6324768066406371,7.026142456626375,4.0,8.0,-2.1557312997615377
04-06,17.001179538630304,-2.6195846724600242,4.331652994547388,-5.644918261864222,5.250595572280487,-15.101967985698273,-8.994788947546944,-2.5079229743389724,-6.752599216078561,-11.533514584578773,0.4096290797776967,8.989121706231348,5.0,7.0,-1.431093145924879
04-07,20.779223606265592,-3.6218681032404767,4.459773220439081,-3.2631335469986333,3.562757250743118,-14.596677563941348,-6.165300514629088,-0.27323030870907933,-4.019577511233044,-11.187666361260343,0.7146537014993247,11.484325420033128,5.0,7.0,-0.1772267259193141
04-08,18.536005953389832,0.20183931886052536,3.542002102378017,-4.003585610146388,1.4072854086723416,-16.791660165795246,-8.279966392035004,-0.08158493044168841,-3.8501028650869724,-11.006513091268562,3.1535295035334547,6.222007935326859,6.0,6.0,-0.9125619027177359
04-09,16.51940465224523,-9.396779115738335,0.4186478320213104,-1.0743401897092002,1.9246695179002615,-17.450157737423222,-7.583293593310149,2.4891725966838965,-3.2281611364699883,-10.149095943442434,4.630706913738329,-2.6046615623604845,5.0,7.0,-2.1253239804887323
04-10,9.495665591422025,-13.22050362798571,0.8613541506903923,1.7421559176712091,-2.2144033559230993,-12.180745651677897,-1.6974379503966477,2.568263638367128,-3.8501028650869724,-11.442433907129969,0.8630712991928163,1.927935255278485,6.0,6.0,-2.2622651254648534
04-11,6.206616872068167,-13.582678495732683,-0.8194431210195752,1.2195069270984076,1.5850740632197287,-10.424502066892133,-2.4848399497256644,2.9094774984752,-4.085229470426988,-13.9752161844584,2.7431043928105376,5.569080613862063,6.0,6.0,-2.094920743393445
04-12,13.808631736778743,-13.975308265215086,0.6781516470998599,0.7252683236049519,0.8391571935016601,-11.021359703019206,-2.8652023273277525,3.569506468388727,-5.6723004221112285,-12.811389083979188,4.8467346994124645,5.179519836543264,7.0,5.0,-1.3915491580268988
04-13,39.55263338590924,-18.39506361219618,0.3955902573125991,2.549977676669054,5.626599463555857,-10.961601384405197,-0.8441301685095765,3.367456993449141,-2.1764503121465513,-14.596826125265276,5.566279107088359,0.1448111832312681,7.0,5.0,0.8524397053910615
04-14,44.21052430805407,-20.22221883138019,-0.8162142569403228,-2.4053009384545923,3.1886943303435356,-11.562049073219153,-0.37840509342869544,3.1957964260362335,-3.579681582896744,-23.93786420077628,5.808727454447361,1.2389387592260124,5.0,7.0,-0.43825439158239704
04-15,42.052630374306126,-18.322607584094193,-5.279952510506741,0.8442419613163933,2.3412006029893337,-11.399711131629573,-2.022994335860163,1.4677926123655913,-1.556748396704309,-23.08550587318029,8.538484755654316,6.242962144577933,6.0,6.0,-0.015017281730464349
04-16,43.6105462842052,-17.953526406012703,-2.2995091003389256,-0.7692371068025887,1.5472278869287193,-11.562049073219153,-2.448266158455469,2.6648765485975985,-2.822755688293487,-25.39291705868858,8.94359870859007,-1.2775227770892712,4.0,8.0,-0.6466278283815494
04-17,41.62766173334849,-18.422884065418284,-0.11252015860985776,-2.988172068131376,4.478829012171244,-12.298498511362906,-0.9577042436720615,4.275318631980441,-2.499642831883828,-25.601212092756136,9.068245040744985,-7.463685533908576,4.0,8.0,-0.9078554239581557
04-18,41.71351714285189,-15.38984832254907,-3.4292365893879135,-0.29586476649592097,6.824505779995184,-12.298498511362906,-4.147812780420512,2.821820109903471,-2.0854149977480154,-27.58946317220853,3.98649667052531,-5.568446473077208,4.0,8.0,-1.288187159164518
04-19,42.80084163885242,-17.38529190966633,-0.23249587738871014,3.3362582696433836,2.678754864411128,-12.768280313227029,-2.7529853981102264,2.297768243141695,-1.8425951666408578,-25.3112068422804,4.680990595774603,-3.6615133800892914,5.0,7.0,-0.6799796062983016
04-20,43.9206578338376,-17.66197840918236,-3.4873605587350855,3.8571384974888394,0.08125313000060566,-12.481859944549845,-2.615547796529073,3.3324318577770926,-1.5373559170724052,-21.422002512107415,-1.1052502907725394,-6.789604582496916,4.0,8.0,-1.3257898910284585
04-21,42.99330413514366,-17.86949548274568,-1.403212211226767,4.541456749348223,2.997437359901474,-11.893160387539096,-2.853318684533214,7.280093503208264,-0.4659068509440608,-20.63173113495705,-1.1224487346525742,-8.918691632415387,4.0,8.0,-0.6121394476176842
04-22,42.19474314666343,-18.353707851530235,2.9978001493145503,7.600671066515169,3.016566555936184,-14.094931230460533,-2.0211035693978188,3.156186076550386,-3.005226157615012,-19.540436308325543,0.6350285213005644,-9.589272547162524,6.0,6.0,-0.5836401790176154
04-23,42.48383269182597,-27.437324030714493,4.183648079526434,5.919720398010697,0.5126224960033063,-12.362386740632736,0.029162378817854412,5.3000290009749005,-3.788759968937784,-24.61335180005576,-0.0668464495744269,-19.22414056186016,6.0,6.0,-2.42198287555135
04-24,41.65161132812501,-31.381349219288623,5.619476944457024,3.494088541290895,1.5378599669192627,-11.2015972302232,-1.6548111478423826,6.754288208434592,-5.8165454421737435,-24.91513162036498,-0.935831169557225,-24.167561497481042,5.0,7.0,-3.417958528142035
04-25,40.89473925138775,-31.04098113368924,4.183648079526434,1.5015894938636234,0.6015625496008324,-10.806916337409696,-0.49964091202464406,6.778557172911302,-7.3228871129575905,-25.04715669433677,-4.385081636892212,-16.413121913817374,5.0,7.0,-3.4629740994864657
04-26,42.29188041844839,-32.41313370659023,1.303992187798752,-2.7156069620789935,0.0802349088352228,-10.777798091157495,0.9566689471843692,5.854800890274696,-9.067850745609714,-18.30659444133784,-3.445365558301989,-20.129078225977523,5.0,7.0,-3.8639875315426964
04-27,43.32576714830546,-38.45787641924303,0.13584093966944058,-1.0982690314262922,-2.315189583242774,-10.618830796314462,-0.5714307512555803,5.581578039890834,-5.990511223716828,-13.877788925983007,-3.254535245665413,-19.794748192497753,3.0,9.0,-3.9113328367899505
04-28,40.37345817843445,-38.55307136234533,0.21510626327359444,1.9291626195690126,-1.716136300761709,-10.440540831709207,-1.6571480887276786,8.964466640762673,-2.095331073747574,-0.6838917449196551,-5.624669881965645,-22.560440124084817,4.0,8.0,-2.654086308851824
04-29,40.121123132321664,-36.79560519195954,0.054423014322916664,0.0879987655107056,-3.6625568927578533,-9.670489812182861,2.7714320591517856,7.972863803687691,0.20682432353230246,0.7676462246460298,-8.98571195553405,-32.37084058500693,7.0,5.0,-3.291907759522345
04-30,45.305918979683284,-33.76969770951705,-0.15914471453467424,-0.1470245640269865,-4.465024797887756,-5.96346348004638,6.474004720086935,3.252463418929303,-1.3807681768929527,-0.1133384488996779,-10.37786606626509,-5.288133782855547,3.0,9.0,-0.5526728851855492
05-01,43.2839590407076,-32.30804947695476,-0.45224306532387426,1.8817977689908092,-2.119346967762967,-2.603232931918052,3.186103519774861,2.908668881580817,1.0111295920453944,1.7000334992973951,-9.437709774721819,0.9324830201177565,7.0,5.0,0.6652994254860969
05-02,40.804451451727346,-34.5510913012426,1.4356644010492359,1.146719814453792,-1.1878400932915085,0.4517781494005158,1.8917742621226907,3.8451571046647106,-1.3335341304172381,1.2278007707648495,-5.770929765746261,3.9410541689620526,8.0,4.0,0.9917504027039655
05-03,40.44286313751998,-36.44067679196331,1.2790437507225372,-19.716615244345373,-2.718482638480002,0.620690707502694,3.1557617941402305,4.835765153079144,2.5351638067057505,0.5342468614998629,-7.483110564834887,7.445927594941991,8.0,4.0,-0.4591185361259489
05-04,40.44286313751998,-31.380143641365986,1.3834575176069845,-17.906910754517273,1.7100827096744635,0.962201659707903,3.1557617941402305,3.6757034019223047,5.240172684189896,-0.2842480763321133,-8.063133795023605,7.445927594941991,8.0,4.0,0.5318111860387311
05-05,34.538053667517254,-31.113807569486358,0.6264726438619272,-17.66972773601614,1.7100827096744635,0.962201659707903,3.4597558284574643,4.522942082235962,3.2168838175315275,0.45480704260914984,-8.063133795023605,11.804526270271523,9.0,3.0,0.3707547184450894
05-06,37.057778147154295,-27.651337032943207,0.9384791569956733,-10.495547466433404,1.494619361177329,1.8900382721623914,2.967578166502344,6.130313317995449,2.9368820346716062,1.849778905080669,-7.363224210578058,10.549776162859171,9.0,3.0,1.6920945678870218
05-07,38.409435872700506,-14.940239100590128,-1.2847448513588098,-7.560967440267924,2.27182021266519,1.7182130358953176,4.596704670638554,5.861373479553019,4.65049224762823,2.830193405710967,-4.141810773844557,6.95964447843596,8.0,4.0,3.2808429364305276
05-08,31.698309944167796,-15.299997329711932,-1.8992382579823937,-6.260155726480635,1.0561952492499602,3.123917158257204,4.4933885861342615,8.90259106849061,1.3659958274517725,3.8475800558938644,-3.425945455874218,3.7117887982704314,8.0,4.0,2.609535826488894
05-09,34.058929227488825,-16.259140561263465,-0.1295988457426491,-4.390240826273732,1.352446449859818,1.8471041705268278,3.1162319286390545,7.673081288713673,1.0541931708364982,3.3481341607684,-3.087766651915309,7.099424491623389,8.0,4.0,2.9735665002717777
05-10,32.11259893686817,-11.374062066718436,-3.032654518962545,-2.9891367163686486,1.2846234314909617,-1.0830343612621383,2.8435993252414478,6.648337813052367,2.850776855894178,5.484160686510168,-4.140232853190966,4.735425288279951,7.0,5.0,2.778366818402876
05-11,30.59513965586081,-14.513398559958684,-1.3737655628369005,2.4403320597216656,2.257424533957302,-0.8057558567667221,2.1917418031784344,7.523115340680321,4.196439809038904,7.289820029244195,-3.7825886397155943,6.48470129721791,8.0,4.0,3.5419338258018036
05-12,31.628950300645897,-18.7394309348643,-0.35796314871798474,5.5436520791785675,5.186324801606084,-1.16999366426816,1.5804347150989324,7.090156411648809,3.8403916101844278,9.233204262478004,-4.981039929071089,9.13151428965384,8.0,4.0,3.998850066131086
05-13,36.32299432090823,-19.78208749290057,0.05129637574422194,3.05112858098402,5.747562312247085,1.4108735545319704,0.8945854731641063,8.36752869749835,3.1424713013056307,9.201265883526233,-4.333673746160077,11.397848308833332,10.0,2.0,4.622649464140211
05-14,34.20597829814669,-14.473056493994783,0.7832878408265245,2.054978889924103,3.4943632875334267,3.0110117552668187,-0.8415953575123665,8.592119669959159,0.7892326130509867,8.606340544171598,-5.8753001754381975,7.514056825016123,9.0,3.0,3.9884514747458404
05-15,35.13980717578784,-16.658524483620536,-0.39630523626431774,2.9991615292900646,3.7807897319448656,1.8385558148115666,0.25033984563707695,8.949748884810882,3.463338239612396,8.783429771472157,-6.6289805773888695,9.347205370970826,9.0,3.0,4.239047172255329
05-16,35.33792956122039,-11.406576887062783,1.7580152528716249,4.248816580427244,3.3339682683186314,1.2720802569192062,-0.6661686571611154,9.027607298495353,4.351758838999471,8.181339909176847,-5.911927582126107,-0.10225182852584835,8.0,4.0,4.11871591762941
05-17,35.58669709479196,-11.928756435458038,-0.517065050055555,4.4194361703664935,4.225092662766295,-0.6043372960033621,0.8457302647548903,11.678472376391413,6.806209943096067,8.522524269063423,-2.8053359824359485,3.578457905453113,8.0,4.0,4.983927160227562
05-18,37.40987968883075,-8.015003820955428,-0.801451320695916,5.707264373424516,8.819217624768367,-1.6340453759244298,1.018918456094776,12.057174044699341,5.454821084473814,9.683098721612994,-3.9252923589696636,5.4563002275371915,8.0,4.0,5.935906778741358
05-19,37.38317680851535,-4.874623670756298,-5.9093322869850375,4.827973458006028,8.466781030345976,-2.49908950183176,1.411926687623235,13.195540820714632,3.7942024937896104,7.1529761831995,-3.8534639422770973,10.993081785990503,8.0,4.0,5.84076248886122
05-20,39.89319153457067,-6.197040603946636,-1.7105303312602798,6.130272639141947,8.449926690675664,-0.3078561484739148,2.285298056136799,11.48225278040039,3.387264413735864,5.734320295087366,-2.9814904824742245,8.868504814911644,8.0,4.0,6.252842804875441
05-21,42.73347183793663,-7.629223575472749,0.10596269013865894,7.7957028666731345,8.744477221439666,0.9416886024419715,3.516015972531118,12.015788498795636,3.3287896355667894,6.004664337415347,-4.283755952457211,3.1339458188281633,10.0,2.0,6.367293996153097
05-22,47.072478164867924,-2.6335085960918185,2.001040714458704,10.994623840606383,10.051544762790016,-0.7957074350312161,5.111962784972811,11.502664182040636,3.9248129478970863,5.269765895608716,-3.6668940494645175,3.096594403552612,9.0,3.0,7.660781468017277
05-23,43.704450607868495,-0.4774427449356228,2.153611342339872,13.709683290918772,6.442057594866584,-2.1068182901301777,4.407205577816014,11.57947377043412,5.263157894736842,5.735796218724987,0.2047763396064925,0.8995227355187173,10.0,2.0,7.62628952814709
05-24,44.458223155145134,-3.4406526741928922,2.205506664832252,9.587140675654865,6.465353637209284,-3.5204700170597603,3.9609604683189645,9.7694080399778,4.736844399817905,4.930211158747003,-4.188126521974877,1.7499594652311816,9.0,3.0,6.392863204308906
05-25,44.55445848391473,-2.482187688174334,2.205506664832252,7.150992679910785,5.4825019580439704,-2.2323831142587567,3.906584680284101,10.33970194474828,3.679684386284153,4.213793115925742,-9.700830907082864,-2.0447363578908506,8.0,4.0,5.422757153878099
05-26,44.55445848391473,-3.0965892817784675,4.859524805140023,3.608545098224051,6.87956297490979,-2.0642989016613154,3.906584680284101,7.013973134835933,3.669176603618421,2.845608623134544,-8.093492484654059,-2.0447363578908506,8.0,4.0,5.169859781506408
05-27,44.10891319090162,-0.600189607714917,2.3636359673041802,1.7941194422104572,5.0074504472824755,-2.0642989016613154,3.156409495782883,9.430957021171523,2.553129322953988,2.036287077928502,-7.493494502138043,-7.392519140153107,8.0,4.0,4.408366651155688
05-28,44.909307068288335,7.805947563262151,1.4690714072998559,-0.39086312289764386,5.0074504472824755,-1.1143528990687859,4.706391442928614,7.454342352145524,3.1454124858216836,1.0841155720648363,-7.493494502138043,-2.4806243933366274,8.0,4.0,5.341891951804364
05-29,46.221066661068654,11.103937404488928,1.4436745554879618,-0.39086312289764386,6.161580971847377,-1.7396095080053589,4.974482182941123,6.712586991581104,3.8322226125681245,1.0841155720648363,-5.082394150259511,-3.664925509213813,8.0,4.0,5.887989555139314
05-30,42.522194799472665,10.603760675745443,0.49453054597633817,0.871909547398627,6.053850350803396,-3.1983722265779244,7.498589457942748,5.096190736229302,3.8322226125681245,-1.1401880567318925,-5.263155802255953,-6.254379082521217,8.0,4.0,5.0930961298374715
05-31,38.50462943134534,8.077430717277686,0.49453054597633817,3.688519693095543,6.60536760609819,0.036677898792237734,6.666674653660356,5.096190736229302,1.267345131806217,17.489264877875303,-0.9316786129349832,-5.809493804577545,10.0,2.0,6.7654549062203335
06-01,39.03910884541947,8.077430717277686,2.056213270381246,7.960889762172821,4.646312884901533,-0.2759339762646676,7.759593980140539,7.542359956768384,2.5426217958768196,12.459806921124143,-3.6991153143148505,-5.295144327352944,9.0,3.0,6.901178709677516
06-02,38.82182213231824,2.314190326236402,0.05306568981801837,6.439077916808911,4.519561479323074,8.21687341011458,6.25000067273868,0.8264471352506362,-11.91898454585378,13.135926810687867,-2.8977898940533926,-6.250004139211553,9.0,3.0,4.959182249514807
06-03,38.65282237877238,0.1790866792849718,3.5742713064777436,3.575514967776937,1.4117670994178781,8.351572883392173,5.262409526065846,-0.027209294578802296,-17.327591468547954,13.666248272174467,-4.122977920651722,-8.541670336767575,8.0,4.0,3.7211870077346956
06-04,37.875895611678025,6.933568636993536,4.427846820731316,3.271160515243555,3.1372519100413743,7.947468040428726,4.698271141891305,-2.0712510879946704,-15.143832163643417,13.774230276267357,-4.4428647230534555,-4.859251861678362,8.0,4.0,4.629041093075441
06-05,39.47054859039977,10.23777608683602,-0.05585159730987686,3.9598201257963326,5.254902559168198,4.30695046206997,5.060777932951685,-5.239180548258474,-16.563894838508226,13.633517090094491,-7.073039825588273,-9.803917415347076,7.0,5.0,3.5990340518587125
06-06,42.4712239918204,10.059565826372962,-2.7530912778207686,1.176470201904198,3.016149553356028,5.180025784191399,6.422144483942474,-4.613634783299725,-17.266183336647302,12.961227383037718,-11.338699210564158,-16.545490214648577,7.0,5.0,2.3974757001370537
06-07,42.281405621081795,13.987343575285449,-3.211938000829432,6.71177128830738,1.456982998873241,5.576272738181939,5.255044798102231,-4.698555792185065,-16.563894838508226,13.498538237627491,-13.167453358468117,-15.440015577741335,7.0,5.0,2.9737918074772796
06-08,40.4281211201161,14.261607423239669,-1.4912545847203387,12.32216009555353,1.0704539229794832,5.847556517736376,6.4997885588831865,-5.06650724047427,-15.817963758375747,13.913850968161157,-17.084196023273318,-12.920962816468274,7.0,5.0,3.4968878486131296
06-09,35.17392550994086,14.556964775859168,-10.513210242609988,15.13141238319497,-0.9132477842454902,6.117291976375105,6.845522217354716,-5.370853305209289,-12.139851324363145,21.264368074548155,-13.887866914736138,-12.457037955778482,6.0,6.0,3.6506181175275376
06-10,7.5650706985600475,12.889163647027901,-6.192243354658503,14.848957623754272,-0.4346991069945311,6.066731487805858,4.978562571799242,-7.510226777167288,-15.551924609855995,20.668149197203046,-16.05675551459131,-6.786942802679007,6.0,6.0,1.2069869216836444
06-11,1.1776527749939556,7.349425842047319,-11.04373124879346,15.669372516130494,2.0944504258200056,6.572297802241966,4.081630041343128,-10.401188235632876,-17.70782125432687,19.67828773072409,-16.35548561785807,-4.607003333550428,7.0,5.0,-0.2910093797383953
06-12,3.825962815145349,11.104216013461558,-3.510860707370412,12.905680349443308,2.9440854781614663,6.471285403725917,4.71711421030629,-10.92863441020783,-18.656598769752108,19.12206561623706,-19.828227519763796,-1.7153503790952644,7.0,5.0,0.5375615083576281
06-13,6.437875282327746,10.17550954822061,-4.068204002202779,14.300201790141509,0.03977815880917304,6.296672097366201,8.652519455586265,-13.296738300141165,-17.195636959964897,20.610336683179025,-11.888490632653836,-1.5312129273754305,7.0,5.0,1.5443841827743687
06-14,6.811385309913683,5.5372373896003015,-6.341606079963266,12.40707603393117,1.1546844946110992,7.2537100634393035,11.411001742405368,-15.202807170374216,-17.565076462100453,23.292826459869463,-13.977711656977498,-1.088962206120847,7.0,5.0,1.1409798265195092
06-15,7.297101947379712,3.0542725574893015,-2.93149725782264,10.46303437355479,2.2632507719328383,6.3373103447245045,8.247991846493969,-13.47971346610201,-16.21305590821391,22.220637761968806,-8.166272813374018,-1.4970553039980017,7.0,5.0,1.4663337378361117
06-16,5.534870914775556,4.702262071136757,-0.22961543055984335,12.036077991683763,0.4247554415569933,6.432945689706829,7.002497977302499,-17.65339623624348,-19.062026950139682,23.941120909636545,-5.678346380534474,-3.364171529576801,7.0,5.0,1.1739145390620551
06-17,3.648550973689856,5.799309145413358,-7.4468098297894265,11.46562453027519,-0.8604756343545804,6.194689403717215,6.877942255430981,-13.903830943203758,-14.437612269445795,25.208250789219832,-10.254970388180144,-0.3364184362872616,6.0,6.0,0.9961874663737885
06-18,4.0942872020311984,5.297867132312967,-5.41238059407033,11.92257788873488,-3.892640151043548,5.701154815883398,6.758228391120065,-18.274194494814097,-15.010849816978608,23.845937357916842,-10.23621872675933,1.9110452354186742,7.0,5.0,0.5587345199793429
06-19,1.8241732922102651,8.174329022278691,-8.42415477490536,9.006455944430442,-3.91313213209059,6.068338260083108,7.068660539479417,-19.33754233621924,-15.010849816978608,23.150720432541704,-12.185976718045884,8.079644249508695,7.0,5.0,0.37505549685772
06-20,2.2130741040762483,8.412636382228362,-8.552054081180493,10.632255308089718,-3.658279566004664,5.012831936579826,6.823619623029973,-19.05586871822749,-14.14259693942676,26.279196596729843,-12.069289726505387,1.2024068267535528,7.0,5.0,0.25816097884522754
06-21,4.928699425915297,8.39282090965719,-10.203477145508504,13.988708652489509,-5.346573955226805,5.435707187020684,5.9983813642918316,-20.912662880221927,-11.955257530603566,28.40138471662792,-9.668452016529177,-0.1523618639797903,6.0,6.0,0.7422430719943885
06-22,7.722195924258159,8.154878855924172,-8.552054081180493,12.560023399123784,-4.410521284530553,4.625665260145443,5.77077414240634,-20.944140886045837,-15.2820554553953,31.89174124513215,-7.2373301631077425,-0.20325022023027486,6.0,6.0,1.1746605613749872
06-23,5.488106166785085,9.106638819293837,-15.35358774980552,10.92588343894112,-4.322035768120398,4.412780624063233,4.385249754410251,-23.058970700013333,-15.984932892535456,29.104377926399412,-8.392128493394315,2.8963398678114376,7.0,5.0,-0.06602325051372056
06-24,3.7639612082900826,5.718138688726547,-16.59263790063851,9.226343267532627,-6.303976690157143,4.27541484667819,5.838036792690231,-22.11282597284763,-15.709405882745727,30.351947453883955,-8.311687227105837,2.625337420435069,7.0,5.0,-0.6026128329381791
06-25,4.26843565382483,6.610817953346173,-18.964973580302814,8.86906589866899,-6.930049882602542,4.120881622100406,3.1687313300922884,-18.713990370310075,-14.457225464994444,29.57859613424958,-5.881258031919192,0.7903164806721272,7.0,5.0,-0.6283876880978894
06-26,9.105426498304627,1.229125214344517,-15.009158532214292,10.548413522385896,-4.92227718980672,4.130805119126892,6.283926756570231,-17.361857114606988,-13.231856513267068,28.54849518740855,-2.6159551159477115,0.6859912818697593,7.0,5.0,0.6159232595139749
06-27,11.387585208586362,0.0,-14.242426554361979,10.75833698020123,-5.928766934278517,1.048831863741322,4.535906271772426,-17.16348779144509,-11.458679514883816,29.177259362262237,-5.195532357334409,3.2974281923517688,6.0,6.0,0.5180378938842946
06-28,14.73253179709759,0.3276372364807904,-13.909091371478457,11.381250605123311,-6.315565876172522,-0.20732365181464624,2.110251426103106,-16.748618960053065,-14.151889021788557,28.87773359882121,-10.806144401159141,2.538410872829846,6.0,6.0,-0.18090147883421157
06-29,16.638548490740938,1.9892311800306075,-16.09091325239702,9.933247382959845,-8.011167165420279,1.3101930436720846,3.6319949367388866,-17.885677723036107,-14.328501870179295,28.330840111074373,-3.5530288993978485,0.8326217102367549,7.0,5.0,0.23311566208524503
06-30,17.144659568422735,3.346595648245449,-21.238942320908144,3.596350544689856,-10.454650261038225,2.126220650052499,2.374223084308796,-18.81203251899922,-13.612218682707308,27.351701115795095,-3.7927369549545795,-2.922686941885792,6.0,6.0,-1.2411264224149032
07-01,15.942635703315327,4.9692346368387295,-17.20958302569962,5.299241023091137,-9.755567984449488,1.7887235717463403,2.232902463757412,-20.73846670297476,-14.569966445594885,27.144022427470638,-0.9350665203936688,-4.010196553172992,6.0,6.0,-0.8201739505054855
07-02,20.91762760042817,8.696647463731425,-14.983313448004878,6.385198934429873,-9.51549681228842,2.227471704710764,3.962776819725068,-23.515068460042908,-15.347676173641492,27.42066448572613,-1.5930704224161256,0.28470636669214056,7.0,5.0,0.4117056715874787
07-03,19.405227179741527,6.460744372377059,-15.157964629457554,3.8311114071580685,-8.118728165603486,1.3331034816162173,5.814439199699961,-24.443763622455826,-16.48553179946491,26.688360537840243,-3.186147450368642,-2.251722719513206,6.0,6.0,-0.5092393507025456
07-05,15.858838990892016,9.82042133368714,-14.186743904326498,4.09173765579541,-5.127664774156074,0.8015027721608283,5.008417166052362,-24.11999237761094,-12.606582390411338,25.07458421402284,-4.592284000512344,-6.325352019639925,6.0,6.0,-0.5252597778372105
07-06,17.408468176174946,9.82042133368714,-16.204822121934523,-0.26889565074236704,-6.900927615798951,0.8184200246299884,7.449431799932174,-22.46709692063891,-9.96488067702484,21.9221689752955,-3.291092822823613,-3.0133719121262166,5.0,7.0,-0.391014784280806
07-07,19.776365571274535,5.864973249859193,-17.801203950601536,0.9023358541246819,-6.810493451436176,0.8015027721608283,7.70913988070783,-22.390581118426827,-10.05448901761439,22.35422913582603,-3.1821334820761207,-0.4570855919393709,6.0,6.0,-0.27395334567844304
07-08,21.53036519055755,6.115031458894015,-19.01710523849023,2.379084568397672,-6.092440375718842,0.5286452282065901,8.32422589180276,-23.77654070495458,-7.731126173287979,22.639454951902636,-1.8393155282799598,-2.336213095047894,6.0,6.0,0.060338847831811315
07-09,23.78864754138124,4.61678994231716,-21.6645482655548,4.476848281322261,-9.369754290212255,0.8867675020055662,9.048663771473574,-24.743537385085965,-7.713590918823058,22.375425787915955,-0.676729797709857,0.6433063654620903,7.0,5.0,0.13902404454099276
07-10,22.911114162868923,9.863495646944815,-22.520790008421972,6.932716996403625,-10.021009686286034,1.940249030818679,7.831157192138432,-25.0115137482466,-13.708990693082207,22.402730167115507,-1.3014054938391286,-4.819704049269383,6.0,6.0,-0.45849587357127836
07-11,23.603794695167103,8.370639330621396,-16.946562555910067,7.879257659329482,-8.90041669631235,3.1153710233967233,8.020151407739597,-23.21536272911693,-11.011860097794134,22.907848162862617,0.3627553751714275,-3.6565971957359484,7.0,5.0,0.8774181982849099
07-12,23.507068016721238,10.376536004378567,-15.572514424797232,9.038699128201166,-11.646841679871336,3.647886779209057,8.332201365484533,-23.699330789509606,-14.086934730469803,22.052819173480863,-1.0544522496823283,-3.9319894734352885,6.0,6.0,0.580262259975819
07-13,26.782465706055337,6.1514915816947155,-18.10687116084208,9.60256615853941,-14.10042214653657,2.596952984052967,8.456427410690644,-23.805198442135854,-18.836419352030276,22.647420671388794,1.0438001539847768,-3.9319894734352885,7.0,5.0,-0.1249813257144519
07-14,26.49969577191145,6.589321620230856,-16.13914619399965,12.86266831798047,-14.005018272511476,2.2924686827807035,7.060575985677128,-23.44504722242922,-20.545187657493223,24.106421752365964,2.708608399817237,-7.899396310297183,7.0,5.0,0.007163739502755136
07-15,24.358711305689017,11.237643831870704,-22.81835599249912,11.774780265024818,-14.339622732044552,3.2823951793040282,6.897958943125702,-25.219132452298364,-23.584375495684316,23.562051686592856,3.616663614908854,-10.042511646447947,7.0,5.0,-0.939482791038194
07-16,24.66403145964343,12.197250554766665,-21.734923319480387,12.07611749267097,-13.899373086103633,4.098646292641717,4.512708588549562,-20.84078018177248,-20.895788539408226,23.208705372193073,3.5500017801920456,-6.975484794188899,7.0,5.0,-0.0032406983580136974
07-17,22.707335375392905,12.390521003204245,-20.108175734835942,10.856307832934693,-13.878404247381434,6.3431538977776185,3.767446462670921,-23.604750374082304,-21.18379626762244,24.36437966023212,2.733332316080729,-8.847770659199112,7.0,5.0,-0.3717017279023332
07-18,20.594690818447816,12.052332442310156,-17.858262374959388,9.246159454339175,-12.494793716791698,6.947550833217756,3.7539019353475247,-23.96390627803852,-21.110494241324,24.146840787664676,2.8997515231925384,-18.170873340729123,7.0,5.0,-1.1630918464435904
07-19,22.28515561990208,12.390521003204245,-20.137374363899504,12.699564539482347,-7.3587924677176915,5.34899896979089,4.234097713033548,-23.245140067470963,-21.861829525183783,25.38545260035016,6.153355987194218,-10.64788388534331,7.0,5.0,0.4371771769451865
07-20,23.75933710953531,10.51057859282579,-20.324703041944282,13.907289477508133,-9.114798257790428,3.7967866512519217,3.9101703096309772,-23.352201276940608,-22.275489799606348,24.83203144737449,7.149898854719286,-11.190783737771138,7.0,5.0,0.13400969406609242
07-21,22.72465435472299,13.074134943465337,-21.27070626458024,18.089386049339378,-7.0168500733261165,4.342426493715676,4.356651415448227,-20.042708784277583,-28.254584295100578,25.383559971639546,5.897046764643543,-12.153233483149641,7.0,5.0,0.427481424378378
07-22,22.59052962457135,5.805614016519405,-18.09816503691717,19.77767682994594,-8.894714974879012,3.137179547163925,4.410772526996555,-24.545592477769087,-30.95095628234811,25.383559971639546,5.944055300025055,-7.982637116909647,7.0,5.0,-0.2852231726634376
07-23,21.328011046944955,3.0775858372090408,-24.23951266661512,18.951806201962043,-10.52843326588239,2.9776613700835233,5.20285817944286,-19.138544660191542,-29.14116819658747,24.347220526801205,4.545453679344035,-11.548805180247374,7.0,5.0,-1.1804889273113528
07-24,21.227906692859737,4.891525501008858,-24.638613180435,20.44923101364821,-8.35013964653655,5.174508654871774,3.7643237148367064,-20.062644338548914,-26.763576737147414,24.972221586439343,4.012653666844341,-9.812186473630412,7.0,5.0,-0.42789912881577696
07-25,16.76771254036584,4.598640742909747,-30.50790391684601,22.180634030507775,-9.741183633634824,6.96594303332867,3.9934831998396607,-20.367869833658215,-27.538758730001483,25.694444444444443,3.60013643993961,-12.583828347353537,7.0,5.0,-1.4115458358465272
07-26,17.424812640644554,2.965124633624953,-30.474273504174803,19.962512644899057,-6.986547774123044,5.247611638227219,2.644625632643385,-19.41078988246717,-28.449613835818706,10.174858418159536,4.039739039345559,-13.954884522206692,7.0,5.0,-3.068068739270512
07-27,14.913810969674143,3.5080399385824967,-29.229730105994182,19.640853310545047,-4.168314213500502,1.8538563148583482,3.4821834423914058,-17.376992133862952,-31.66601460733105,14.088398546916508,5.439330543933055,-18.031433231282033,7.0,5.0,-3.12883426875581
07-28,20.472592438801733,6.159951556769307,-26.34930849180642,16.423107703122213,-3.068803165572402,1.5704020263891405,4.3424828067752514,-9.429208151383483,-18.6995106964863,12.136728755182915,4.204814448091626,-18.5277067233013,7.0,5.0,-0.8970381244514763
07-29,19.77532962995663,4.714169899353985,-20.902691211549204,15.442388492846328,-2.7674880743317876,1.8772579185607474,3.2090755097488612,-8.356666612318216,-11.796451052207175,11.413418026321253,5.801933259078811,-19.106695093365424,7.0,5.0,-0.05803494232543294
07-30,23.119263255268063,8.174162362890447,-18.78961442608294,15.640366303834242,-2.631063024729944,-7.202162010601566,5.3576317546310195,-8.218768903900408,-11.624328371730655,9.815340479604972,5.068357683775344,-18.29534073865997,6.0,6.0,0.034487030358216764
07-31,23.261345582812304,6.581655354255704,-16.682229791989183,18.14563373010592,0.6041733872421825,-6.1887476258528205,4.301948571356618,-7.848096088330572,-9.890112431663562,9.261364085861475,6.185393652529412,-11.621150253481938,7.0,5.0,1.3425981810704617
08-01,23.26964663650342,7.739186286244565,-18.30230686861574,18.403186089528848,0.6188352359114766,-7.1324636989487376,0.33107721181142713,-8.445641648314815,-11.974232362626068,9.147730542362158,9.51514143796474,-11.025789275796374,7.0,5.0,1.012030798835408
08-02,21.645502926356475,8.279487582628985,-13.000949100034243,15.658526353148657,1.6840862068418065,-7.7232052344025925,0.31733353515579155,-5.181190697393827,-10.610084157514159,11.133906882358744,6.5671116779968175,-9.495144445919296,7.0,5.0,1.6062817941019294
08-03,20.31074287911251,8.461224935332332,-10.034706040505066,8.422519707864124,1.4387108855417416,-9.46196350601669,2.272420260030982,-5.810130209249664,-11.866011430086251,12.642117873736822,9.045740750241247,-12.46509787810315,7.0,5.0,1.079630685658245
08-04,20.572815875082444,4.28109634953043,4.571080924916361,11.415015506692077,3.890755802428661,-10.136270927961966,3.4762609011436663,-6.410640917594463,-17.229597504565525,4.971296554689113,6.2676540877741385,-13.542084160713335,8.0,4.0,1.0106152076184667
08-05,23.043800038446893,2.1527240803376455,1.2773782542539733,10.545543487242723,2.836611137862565,-10.45360930749109,2.1912657106652493,-5.227554548000023,-15.442703637278083,5.697607735247708,5.3316718631258375,-16.07499296251493,8.0,4.0,0.48981182099153947
08-06,18.48447591154203,7.743223498107343,-4.5378733450472675,10.647519194380497,4.746600010460092,-10.770954807978377,2.746053167630125,-1.784634386205889,-14.857249432828896,4.220180561982182,2.6747502693007488,-15.261448633988161,7.0,5.0,0.3375535006128687
08-07,20.32276793650713,2.3424875538955012,4.4817053278878065,10.943910556917961,4.292739054297022,-7.915901199202733,2.5047827303751413,-2.560195420386946,-13.010535642427145,4.940014220717884,4.493581268694248,-20.903491058921546,8.0,4.0,0.8276554440295273
08-08,21.848087827053522,7.797902942029767,5.1755476526565936,10.077523762276018,4.934771488884496,-6.835895809173022,3.8802810518925113,-1.9233746720272873,-10.940672892568381,6.111505891755654,-0.7428879463926978,-18.57542213028316,7.0,5.0,1.7339472638420015
08-09,23.230772752028244,8.40908842966901,-1.7251806266032423,10.976726167935476,4.7952973081583545,-7.5276575925586755,3.9820011280079033,-1.4387469259420675,-10.053591878297413,3.6923422327349193,1.49388374827092,-19.14594834113826,7.0,5.0,1.3907488668554313
08-10,22.620666697278892,9.356058140322052,-1.180385529181856,12.295264931026473,4.475631767190161,-7.9388214779965995,5.850297990764364,0.6815037960947141,-11.361102173739091,2.7785494675269873,2.1418329949471735,-19.337351838649642,8.0,4.0,1.698512063798635
08-11,22.31052197613888,13.806820115274663,-8.840993375344684,12.710914350736392,3.7822341928340686,-5.125021140147351,2.9186666323579766,0.3982265777065115,-12.500000901734412,0.7716653726728481,3.445218245592927,-19.859436829646405,8.0,4.0,1.1515679347034513
08-12,21.903468121028315,11.15399230670814,-9.196516303707266,11.192491516030927,2.966674860439459,-4.096473485181602,6.265396849274668,0.5044357081797545,-9.83576544651344,1.5180532941151306,3.7699133948942074,-19.37751340103936,8.0,4.0,1.3973464511857447
08-13,22.200772527757632,16.593324321863083,-7.54541686521417,11.677671369173252,4.7582377729987035,-4.202871001129729,5.475580937183804,5.117171524681681,-9.456258937119502,0.9899645091030852,1.504422078090444,-17.36800280764136,8.0,4.0,2.478716285812243
08-14,22.471024672946456,15.205001931545564,-8.178437080182364,12.246758549376493,5.9718714760806,-6.6340470973036165,5.022428757293378,3.9200969338726894,-10.13723137447064,-0.6874741879856291,5.592920083915238,-20.647214108427512,7.0,5.0,2.012141546388389
08-15,24.19039819978432,14.163410897425099,-3.774135469472993,11.791487068497652,8.692347951658093,-6.234097194907941,5.612054155768957,3.790038688570252,-9.588284935890066,1.113715317752781,5.397219116919997,-18.269800128100893,8.0,4.0,3.0736961390004383
08-16,22.957966557567623,13.43843845993909,-0.8915281529179784,11.232627873625658,11.815132632531405,-5.501791643009972,4.314623142186105,4.647310027324236,-9.588284935890066,-2.525895769069372,4.729127540270738,-21.781580837914525,7.0,5.0,2.737178741220245
08-17,23.09518790989313,13.213208074557297,-0.7726547094901275,8.782852188750638,12.244141469186525,-2.5073979088577754,3.8495997470854326,4.421715628165169,-6.8298060502242945,-3.417722021555669,2.1567231777553086,-24.698043517894387,7.0,5.0,2.461483665614271
08-18,20.898471826047984,13.231980853197742,2.9792292428749723,10.099140791534325,11.353385016744154,-0.5980835122749347,4.693702115037098,1.4415004671117853,-8.063622406065814,-1.7959933023666812,3.543586195364548,-23.011243506296196,8.0,4.0,2.897671148409082
08-19,18.50385652087523,15.358234458070566,7.9708015831717605,10.057663089093555,12.650493829820983,0.2563252301871759,4.923910964705148,1.75033874255437,-6.635069903666031,-1.5592933663401258,4.2055307537218765,-22.948772079784526,9.0,3.0,3.711168318534165
08-20,15.761092664602556,13.612366035153844,2.221534454626027,10.757603790284705,12.576404342353348,0.47846680981993805,7.756544790715365,2.1182556102846624,-8.655274580618887,-0.5144134821838101,5.226114948108574,-24.83207804915548,9.0,3.0,3.0422181111659037
08-21,11.830987883001933,15.879827655454672,5.119763214670398,12.428474424021282,14.206337738829259,2.3529437409729517,6.816743911030086,2.2671908644154493,-7.339449541284404,-2.3148761620315197,5.155727979538254,-21.176231645039078,9.0,3.0,3.7689533386316065
08-22,10.940306499386594,15.484126724810254,4.201938391950719,12.771797188719065,13.518999752910071,2.186342511061403,10.544769354847494,2.3711772866468452,-8.513760347978785,-1.191278219437573,5.855540145474788,-26.14966195993308,9.0,3.0,3.501691444038149
08-23,10.277555279350624,14.223197654207812,0.906901557291282,11.638338607509443,14.669350288224273,4.188046326249518,11.432115370443755,1.2463895476716762,-9.688071154673178,-1.2086319356133988,8.83640055454949,-27.401308496757164,9.0,3.0,3.26002363320451
08-24,8.228759411182141,15.277501959898403,0.24184349040631206,7.1410883643887955,15.499087726546973,5.732899625873887,10.094395155598363,1.0791899598607344,-10.398676861432786,0.5000037115973396,1.245612428899397,-29.173794728793958,10.0,2.0,2.1223258536687997
08-25,4.628677168789954,14.99900705563425,3.595369640914001,7.954548560069561,15.713251342205044,4.645798450378249,12.322207252582405,0.19811776496652403,-11.804009807481707,0.3786325772168009,-0.17797168759999232,-28.167807156607,9.0,3.0,2.0238184300890074
08-26,2.4480609472628507,14.695200765957933,3.5566114500382864,5.479451922232041,15.529749137281144,3.1795721267175803,10.93769055481881,1.0503918644571737,-13.071779013688648,-0.23129002577593538,1.245612428899397,-25.96317837432498,9.0,3.0,1.5713411486563045
08-27,2.282451475138078,11.423368005996155,4.434779070425725,6.66332657670657,17.398404097283915,2.3723268917740232,12.886975021044101,0.860636669082315,-15.43280376047468,-4.141928744213917,1.4736844782243697,-27.58547020912937,9.0,3.0,1.0529791309881074
08-28,3.6089914197242265,13.271986658389256,3.370450607215545,4.984964817251912,16.87227760753977,4.305439064223463,13.883569119816674,0.4095201604984615,-13.897737532248817,-3.845068282220307,-1.3157894736842104,-29.08893772510645,8.0,4.0,1.0466388701166265
08-29,1.3619477092057637,12.249124269303566,8.238238406155157,3.882763797986143,14.520201003725031,4.634903579481285,13.519735447844614,-0.06095841794130602,-13.129803739217877,-4.240882231545121,7.703463075051788,-30.307800914790324,8.0,4.0,1.53091099877156
08-30,-1.3141138784959905,13.572447297395417,8.377406375353912,6.838676521683973,15.203729214144962,4.103986801496725,13.456880982181074,0.6857734818673995,-12.024727583884056,11.180816268233361,6.004964470307677,-29.928317188663783,9.0,3.0,3.0131268968017237
08-31,-6.935119510537653,13.429794566073713,7.598106092537589,5.611217350986948,15.51108014150099,4.866179928220579,12.5886973139845,0.42670892558901213,-13.236114776955748,10.673334522692421,7.99093926091136,-33.48676405426193,9.0,3.0,2.0865049800618145
09-01,-0.15659886718000943,10.35255359272653,17.812348670598137,2.2239237107332324,15.268818233432802,4.850742851031997,12.79667159021171,3.188318388079028,-15.597360042960023,9.74951154639129,7.376646784811516,-31.71461113310378,9.0,3.0,3.0125804437310353
09-02,-2.035793807338334,10.648238084245184,21.00376223933938,1.7467256610459738,13.390733381312275,4.850742851031997,10.496690024337713,1.9369383559800173,-18.3323712725163,14.733175635571955,4.723617518904328,-35.94936399910906,9.0,3.0,2.267757889400427
09-03,0.0,-7.477520049502605,17.628459550891016,7.697873389052079,13.390733381312275,4.866969548516588,3.4591187109602073,3.651687230915516,-13.188431988705855,13.007454304223852,4.723617518904328,-23.721430968882448,8.0,4.0,2.0032108856404127
09-04,-3.512217724677887,-9.00219193854643,11.167941321953624,7.697873389052079,12.804545995472816,7.4085846333323895,3.8994972506424883,2.6296162082855474,-13.042678574285684,13.007454304223852,3.46733612792387,-26.644294505888755,8.0,4.0,0.8234555406239924
09-05,-2.3984456344629557,-10.320988407841435,14.636807371220376,5.670845926636836,13.027783552060088,13.052543464496688,5.646601944782525,0.5038195893964694,-13.042678574285684,13.30334731679452,2.2623673188319877,-19.64399391297496,8.0,4.0,1.891500829554538
09-06,0.919929802554531,-12.06421244582568,14.636807371220376,3.517222701778057,11.474499643447047,14.808872760869022,5.367921096367568,0.5038195893964694,-7.082410652857781,11.632381196244681,0.9587422954184904,-19.290084302146578,9.0,3.0,2.1152907547055166
09-07,1.8230807121811337,-12.06421244582568,10.567993022291413,-0.7210270811249897,13.609257807339938,16.382646629573294,3.648013589259872,-0.9465690787511928,-4.542891211093673,11.530120114246047,1.4003742612523873,-21.002998862212987,7.0,5.0,1.6403156214279635
09-08,1.8230807121811337,-14.572364005369067,24.899979790813827,-3.065037402188398,9.383887702254889,15.949333001814695,3.648013589259872,-1.5328020121768602,-4.253289203235399,10.617347754593007,2.3232544907331607,-21.002998862212987,7.0,5.0,2.0182004630389896
09-09,-2.568878914460611,-16.030915500700168,26.28067754547646,-0.8780502691501525,12.694065320437357,16.856200796611112,3.517262452058166,2.3426905607232507,-1.8462074402423398,11.023435303664316,0.273037289382824,-21.002998862212987,7.0,5.0,2.555026523465602
09-10,2.504822762114149,-17.062579935687033,26.14908552198438,-5.322129178062431,12.6210042875107,17.115300389695435,4.88687634630212,-0.28405209020775357,-2.137810545777678,13.485234744026354,-1.433447396690367,-16.554624623358738,6.0,6.0,2.8306400234874283
09-11,4.8377903269812945,-20.924832034076275,26.845952641239183,-4.023422454646437,12.876710935270404,16.72680040330417,5.518562922919766,-0.38910825713548775,-3.72164792259455,14.101369131354993,-2.3890811643914533,-16.3221815418725,6.0,6.0,2.761409415529426
09-12,7.477842039274055,-20.272362732640694,22.84149965540533,-4.379936849130036,10.560622674563957,17.38883075707137,3.793997586047538,0.9596951035916034,-6.028301223402025,14.49662180649914,-4.069661540517985,-0.8903327756145893,7.0,5.0,3.4898762084289725
09-13,5.879040137936697,-20.02564454690006,21.796463351236802,-7.26517688257879,10.53381121579354,20.9920993426056,4.787095592867944,3.174370912915099,-5.776312334604332,13.368478308965006,-8.493534614943572,2.5029307676448025,8.0,4.0,3.456135104244895
09-14,6.3014191487104965,-19.56410530285956,20.303558413135224,-4.2711049841802256,11.737427167081094,21.079584141503567,4.93429746911899,3.454900120044983,-4.248364215734695,13.157897844791522,-6.0854433676081845,2.5029307676448025,8.0,4.0,4.108583100137335
09-15,4.263273744974931,-20.02564454690006,19.476019356713405,-7.965286934977767,12.440274266683327,22.061238923508753,4.457612679774114,2.4549941204508983,0.19249718450379674,12.929385509755326,-6.438069130509963,-4.125930065573408,8.0,4.0,3.3100304257002797
09-16,2.4121184116850274,-20.676990138842566,21.122678369624506,-10.130206341337905,14.127038425098046,23.318759341210786,4.779694606022189,5.239535835960391,4.802745186080461,12.206856692263447,-8.681673187018772,-3.6175250506413374,8.0,4.0,3.7419193458420215
09-17,0.07604011785237859,-25.81339780401033,23.078815970540763,-15.074832423203658,12.443593026479055,22.88136229527549,3.6618615979722318,1.9590858101462396,5.949914914510847,11.192210814843499,-7.2347253843846,-1.759877858076551,8.0,4.0,2.613337589828781
09-18,-2.8511322738654905,-31.69812026928679,24.855633998350573,-17.496599469866073,13.953483599217925,20.15804471715973,4.729728992918918,1.097935919784916,5.754715541623674,11.192210814843499,-7.288320586670201,-2.0336349783724414,7.0,5.0,1.6978288338198542
09-19,0.7148251866176899,-34.23076528063909,21.788130970316438,-16.299324295147745,12.748936290284346,19.013792104474774,5.299710870081732,2.6372702797972445,4.433959385134153,12.40875587217441,-8.365089020677043,0.8603805865473811,9.0,3.0,1.7508819124136907
09-20,0.7521653320486512,-35.38376393397709,22.038570190715756,-12.582433334114853,11.700050508728854,19.250733902399624,5.482085860221342,3.3866529684271263,2.6415123129790685,13.422341421091833,-10.29949484517768,0.8603805865473811,9.0,3.0,1.772400080824167
09-21,-0.7444157171063133,-34.96813211007933,25.5447049461137,-18.295271953172616,11.052540735182175,18.657244894614067,7.477688791079908,3.6316424055803322,5.665990986458131,15.931259618135174,-8.71543121419123,0.8603805865473811,8.0,4.0,2.1748501640967812
09-22,-1.546099222614347,-32.69603543133931,24.500123535949356,-10.283961223002283,8.956833954868275,17.194245702071157,8.759584325041164,2.54298823798905,7.0853149168145375,15.869131855018587,-8.537694510584728,2.053185861541257,8.0,4.0,2.824801500146059
09-23,1.450655335726871,-27.877799408732308,22.153005383447393,-10.283961223002283,7.610881390696972,20.057551980876227,7.967822498688563,3.5536603471564363,4.789870673435825,15.869131855018587,-9.854753944659326,5.436055558224336,9.0,3.0,3.4060100372397755
09-24,-9.371860319770068,-33.03278867931213,19.15983932933245,-11.915888104987756,6.625298425732462,20.287767588663456,6.330405152809937,6.822614239348193,4.789870673435825,12.51815560399821,-8.439051671439188,1.3492347183106368,8.0,4.0,1.2602997463435017
09-25,-9.96176474088042,-31.015893646529825,19.15983932933245,-10.61786112145166,6.35152305911004,20.341188473735006,7.495939455205307,6.822614239348193,7.241192946472711,13.232446134487756,-10.277624959215913,-0.9581573803576816,7.0,5.0,1.4844534824379967
09-26,-11.160087581352757,-31.015893646529825,18.638827736378946,-10.877462556894892,5.981819846413352,19.742995925382132,9.00076006618399,8.679040278789408,7.098160556125975,14.769972365150219,-12.595495373320063,0.6843928007397261,8.0,4.0,1.5789192014221838
09-27,-11.160087581352757,-31.832965086108455,17.16937275128076,-15.654699413847837,6.294215769043427,19.762673976399846,9.00076006618399,8.36517106377168,5.632042747525959,11.915661915239081,-8.168136564482774,0.6843928007397261,8.0,4.0,1.0007002036993868
09-28,-12.421481778423516,-33.48697970835567,18.303687068560137,-12.131483143875684,5.080111423615629,19.762673976399846,8.920717176539156,8.870087484003031,4.758470460401922,11.669060506280204,-5.133282511928671,0.6843928007397261,8.0,4.0,1.2396644794963427
09-29,-10.091192524646345,-34.27331622443041,9.215849979502813,-17.53454409096898,5.080111423615629,18.9193220083231,8.933274667801633,10.2821509841836,4.129525936609835,14.846168444584269,-5.133282511928671,-0.7039511432306205,7.0,5.0,0.3058430791179883
09-30,-8.247213415738011,-32.330026578834655,8.463244030614433,-18.3520610335217,6.038209267775468,20.2072552319799,7.11144150413822,12.274074115236171,7.878258746603249,17.186592969826865,-6.7093201421522295,1.9554165270530217,8.0,4.0,1.2896559352483943
10-01,0.18348655247254214,-37.214412225846864,23.13414202824677,-18.415420117013998,3.6409525494423756,20.69578493759935,7.2032286189986845,12.307690439650427,9.792234128858807,18.99035459330654,-3.546615355850926,3.5197482568310234,9.0,3.0,3.357597867224561
10-02,-7.03774638518988,-39.57159271891691,24.12658401682408,-17.264455721535274,4.6863707562610015,20.517290023973505,8.331241711289533,10.672783375793873,11.598793659249726,18.366423325192137,-2.5228538370518963,4.771213640653425,8.0,4.0,3.0561709872119436
10-03,-8.982297834672938,-44.415278902310604,27.608699978862532,-17.398286653665114,5.805880761602408,18.873199760950165,4.016774000590025,8.560358209106402,11.148192080453954,19.625641239131358,-0.23610107187722434,1.9945257527127176,8.0,4.0,2.2167756100736407
10-04,-5.363041075429895,-44.71069167526516,20.772951622821896,-17.2284602533151,5.903337598192567,18.98604174024184,3.4151933467932585,9.25182552604946,9.69625790410136,16.904024127860062,1.0507571443536863,1.9945257527127176,9.0,3.0,1.7227268132597244
10-05,-3.757875900915194,-53.27293656321428,20.193237444993265,-20.851405650737398,4.9909918157904,20.6420035995542,3.1302051411648475,8.684827812652179,10.006692955480823,14.877003979267101,-0.3975446694913753,1.9945257527127176,8.0,4.0,0.5199771431047737
10-06,-5.626651398578993,-54.29572575560433,21.812409879637634,-20.624159032613438,5.5863903619092525,18.938392388689213,3.027582684728741,10.044090288804847,11.185757045689373,14.179278867009618,0.5548551360663007,2.4638215419851064,9.0,3.0,0.6038368339769437
10-07,-4.793826187885348,-54.64041268401137,23.80132489216234,-20.395457658304778,3.636698892678192,19.247174762713048,1.1032721539714647,10.038507878461816,7.976490446441298,11.521576853223447,-0.09007936096157768,2.6202584446239325,8.0,4.0,0.002127369426038491
10-08,-2.7573882044353857,-65.27273004705255,22.301984902233666,-21.41491401770453,4.331145273595783,17.085726189665554,-0.23189938006502775,9.600433744060314,5.484650448917762,7.092562888538952,-1.4411873103002524,1.4861132784585958,7.0,5.0,-1.9779585195072595
10-09,2.954630697886006,-67.14811880565982,22.468957992879037,-19.33897268047444,5.135236313240191,17.162163013588017,2.033381642299272,10.405318047913207,1.3323760645814362,6.388423793083711,-1.7834655168468265,1.5056716209494623,9.0,3.0,-1.5736998180467292
10-10,2.4733695163456204,-67.30237526226782,22.727270664025127,-19.994535844816326,3.621729666274348,17.374975997022926,-1.37457278255002,12.24782433664586,0.9902758876382793,6.887718872588233,-0.42933427051595224,0.9972591466953402,8.0,4.0,-1.8150328394095308
10-11,0.8318829881987783,-66.68709043591244,23.17944210461621,-19.00758708923611,2.062422064670919,15.492957339632524,-0.46670377431773313,13.341142464813727,1.6024475602765555,11.12372252867133,-0.4075116014044215,0.9972591466953402,8.0,4.0,-1.4948013919412757
10-12,1.3092035486233133,-64.66441245305134,19.919083390534123,-19.933655693021983,0.20426517877648312,18.540147099181684,-2.906976686877333,13.458289367247843,-0.5139478370953404,8.44708328437658,-0.3245587957937356,0.9972591466953402,7.0,5.0,-2.1223517042003635
10-13,2.887947708240136,-63.28531117138093,15.852119195132722,-19.410791014035205,-0.2986185926544226,17.614061019608336,-1.5116255114725294,15.531085929715879,1.4040854405930114,4.353526884110741,-0.21613640290953115,3.8521729452775184,7.0,5.0,-1.9356236308145232
10-14,2.7146705519684677,-60.8335820543927,16.84874692423235,-20.205090717471798,-1.129097282103542,15.207445063124158,-1.020672997355439,17.052980084189574,1.1531520534206081,5.161878860576616,-0.18004766379673778,6.100897475795246,7.0,5.0,-1.5940599751510998
10-15,3.022079796344526,-56.313061752381685,20.46625804316047,-20.43876965678848,-0.11291188178429631,13.598113749727277,-1.6855346603427377,16.7047426207542,0.07286141059300502,8.562109175234394,-1.6204495793049594,6.843957844685576,7.0,5.0,-0.9083837408418928
10-16,6.279460858025653,-55.80545879674946,18.85327751178577,-20.383228255244678,-1.5995526883350664,12.384042421723176,-3.332466235789978,16.556455676651822,0.2545443448153409,8.348998762674173,-2.3226519522197155,5.905358806818761,7.0,5.0,-1.2384349621536834
10-17,5.9166067366089905,-45.37720011809767,15.378588791064644,-21.327410894610622,-0.7432209738889702,11.937200769131575,-3.9307517520398174,14.911825195065468,2.109090631658381,7.396256919608635,-1.9846247171374372,6.452873047410557,7.0,5.0,-0.771730530435522
10-18,3.598920255646391,-45.66638340993623,12.793727960287308,-17.73207656833307,-1.3140901632631028,10.530209047906412,-5.356903957711874,14.782159128468352,0.9090909090909091,6.701695663221089,0.13978336012110157,6.452873047410557,8.0,4.0,-1.1800828939243468
10-19,4.771860065296596,-44.984377518673206,13.629236318508287,-12.058905113040213,0.4336857206451843,9.943353908131082,-3.4996719310971245,14.691391892561667,-0.3873092581054093,5.164678767579482,3.389830508474576,6.452873047410557,8.0,4.0,-0.20444613269237735
10-20,5.475280108296779,-42.85309013797194,14.907959672013178,-11.823200798599478,-0.10900719039927209,9.943353908131082,-4.536616890183693,15.742160938889704,2.638234695422907,0.47107145240870135,4.362413658869537,7.371921202108528,8.0,4.0,0.1325400515821693
10-21,7.585547489573765,-39.70671797682049,13.353870394529215,-11.823200798599478,-0.2000305370010015,8.46750171456649,-2.9811994515538403,15.14016363034979,4.032837436311086,3.0291176544444625,3.748735519996961,8.642937469099744,8.0,4.0,0.7741302120747249
10-22,4.810862422774579,-39.83602085971866,9.377461842505808,-12.319640715647349,-0.45462810032591067,9.511032936736761,-6.252448606403115,15.866358828872432,2.129211951588668,0.8978903426407786,5.116518965782924,8.486508025782998,8.0,4.0,-0.22224108045084057
10-23,6.6602483804792945,-36.51591832074936,10.621758124860778,-9.378460509310761,-0.23640161747600147,9.017002440842289,-9.453267380630779,16.859151001475293,2.5724673261163096,1.5009417118164512,3.748735519996961,9.855301086584529,8.0,4.0,0.43762981366708403
10-24,10.325687891414121,-34.971024409956435,12.146677876650353,-10.765807865854756,-1.9117593229024743,8.483406095884874,-7.29870486569095,16.691819676813072,4.565218157488807,5.1996847225929965,-3.72784947110134,12.964413662971715,7.0,5.0,0.9751468456924984
10-25,10.869964987154438,-34.971024409956435,13.11434037648641,-8.969351724636269,-0.7414102225472341,8.730043429823178,-7.494147918930288,17.0691820060682,3.2789879497723238,-11.126297132574175,-3.759015627360246,12.964413662971715,6.0,6.0,-0.08619288531069842
10-26,10.869964987154438,-33.397743421752956,8.505220559343215,-8.440107661590677,-1.1934897947879095,8.730043429823178,-7.494147918930288,17.45911604203518,3.0978243855763257,-12.055767158732694,-6.110541496488888,12.964413662971715,6.0,6.0,-0.58876786544828
10-27,13.22420225852255,-35.44024376158005,-1.5024195205254898,-15.01526514211464,0.39160060432192023,9.660262031961416,-7.416077157140314,15.572323589204991,4.714946774782153,-14.02968990388159,-8.665846999592045,12.710207425844642,6.0,6.0,-2.1496666500163712
10-28,17.785540479888514,-33.686490759489516,-2.626826152376469,-17.794196325268956,2.321525239658735,8.936478131584872,-6.34920272529991,15.460777473858798,6.868719748290177,-18.90787703541035,-8.608576394073522,15.037150407681791,6.0,6.0,-1.7969148259129863
10-29,19.224554407608522,-14.774575425848479,2.0139395520680576,-14.60176659728262,2.600805820659292,8.951252336431747,3.2086224835213297,17.401392241066883,6.482979566466837,-13.44198551722225,-7.8882674330732385,10.148609090049234,8.0,4.0,1.6104633770371095
10-30,18.737811954291526,-10.247448472346113,3.557808806783976,-14.60176659728262,4.712865630636899,6.814812554253483,2.450853023612753,18.838490086547036,6.297361925437878,-20.072427704340825,-4.884052500744576,12.592879748865512,8.0,4.0,2.0164323713095773
10-31,19.20391102378272,-6.995563062141327,-0.18479327574028706,-14.60176659728262,2.6010603115018562,2.1552290184978657,1.5628912541017372,16.4422459053382,2.038970210668763,-17.690481663575692,-6.242151645266956,7.723896773723865,7.0,5.0,0.5011206878006766
11-01,18.807019685444065,-6.467536827186485,7.1013790009380475,-14.922479371643702,4.634363115621546,1.678379263106202,2.4725316079672677,17.31932942756071,1.9126625651671736,-16.379668064196288,-4.997301322883239,7.723896773723865,8.0,4.0,1.5735479878015972
11-02,18.807019685444065,-5.194805194805195,3.3262991042812757,-11.351058721098411,2.5021994166437223,1.678379263106202,2.4725316079672677,19.085852415931043,3.879461895013911,-16.19767555003897,-6.543230846232608,7.723896773723865,8.0,4.0,1.6824058208280146
11-03,16.08771608586897,-3.5584387841162926,-12.170011827776717,-12.788080390398523,0.8955758259027706,0.37791006496739654,2.759739053372034,19.407040984223034,6.358280526110713,-15.000000526891878,-5.763739274567664,7.4501321941058825,7.0,5.0,0.3380103275666438
11-04,15.31578867059005,-4.589314749042646,-7.975308397231394,-9.316268234637848,2.191970780376339,-1.4970911825716249,4.495502487270211,18.354587627284438,4.922181485021791,-16.39871879926362,-7.0048765316295505,8.760265146078888,6.0,6.0,0.6048931918537533
11-05,7.4371289310533895,-2.0328449718719317,-7.528815618044954,-10.917636068605487,6.752695272108554,-0.9738345046892845,2.5327647691175645,16.52314778184368,5.926584868444509,-15.462489850926858,-8.015891840280503,6.922176296004996,6.0,6.0,0.09691542201280619
11-06,4.0764361189555185,0.7435920910957532,-4.116042082928658,-13.322276545516464,3.217252438823571,-2.5151718741604947,0.16618289305106818,20.16947289798528,4.5768259987477995,-15.989458718215177,-5.795268315299092,8.232301788655922,7.0,5.0,-0.04634610906708122
11-07,3.9716340742277723,-0.9124047668201695,-4.45273851133245,-8.540630532128123,3.3831223293858406,-3.866021656133725,-3.2579405071554843,21.32439187163449,4.849258839535323,-19.28996798637945,-2.8191491304452057,3.3633188135142627,5.0,7.0,-0.5205939301747434
11-08,3.389228468310637,-0.07755630573989643,-5.4477576744922676,-5.9664614995085365,0.899309345382871,-12.30936160871228,-0.9741941451929239,21.406725084511567,6.30221782447392,-19.60481746652357,-2.0328091163099105,3.3633188135142627,5.0,7.0,-0.9210131900238441
11-09,2.7473492853761337,-0.6204701703102549,0.02488093542450095,-5.051040278774193,0.302326463327843,-16.25321527107823,1.691873560137517,20.33638434346238,6.304034530155656,-14.383009331720306,-0.2622337573093633,3.3633188135142627,7.0,5.0,-0.14998340648283767
11-10,4.399348192957504,-0.8273001352107009,-2.84697236283841,-4.760627997735871,0.6732765107441538,-14.938679911849452,0.6664914963343799,20.873561157670316,4.748808414212048,-13.236082254434534,-0.20967837295928193,0.0,5.0,7.0,-0.45482127192582045
11-11,3.9683949344052083,2.9291843106139246,-7.911234084470148,-3.78907373312181,2.010134119183641,-15.066091649209218,0.512681253133484,16.132558094951808,15.247938378251469,-8.699597203959847,-0.3675167775915307,0.0,6.0,6.0,0.413948136848915
11-12,6.9520615426142225,5.224268511901649,-7.835316942057739,-1.6874291367009426,1.2235636674384078,-16.51537282270947,2.444895167831211,15.809401408972542,14.404564643157459,-10.214271952462061,-0.03500255158787276,0.0,6.0,6.0,0.8142801280331174
11-13,6.645232674388328,5.163600493141314,-5.6191465259608515,0.31152370316387146,-0.7166576716890638,-11.898849329634706,3.8961072368159053,16.167875644205846,10.916808384717303,-9.307219481343589,2.0301012597179984,0.0,7.0,4.0,1.465781365626863
11-14,5.088374503709642,5.115089713683056,-6.366257327077377,4.595016710096974,3.4008923062891383,-11.198890381573735,3.5723204970178455,15.942911880496755,9.83022201278447,-8.058363715012677,3.29882613220834,0.0,8.0,3.0,2.1016785277185366
11-15,2.3691476537230147,5.308835668334372,-8.881329229676966,1.6601800319445033,2.908775681744198,-10.103495978626828,1.20727481022015,16.674805121465855,10.016980259816487,-10.658227267201312,1.6699592891168524,0.0,8.0,3.0,1.0144088367383604
11-16,2.726443983283726,7.095453694852651,-4.610956826459549,2.6621835509340803,1.6418955287212549,-10.086498292813909,-2.3163917202898205,15.357408455412482,8.607809106077196,-13.137151391457383,2.0320845287978373,0.0,7.0,4.0,0.8310233847548806
11-17,2.68984662334733,7.88667720398076,-3.5106109952032956,-1.2956724488804372,2.048190461208073,-8.230825048652575,-2.5138140936138114,15.576974566421379,9.524598478936039,-13.821892965437305,1.8045419228200397,0.0,6.0,5.0,0.846501142077183
11-18,4.135410929787921,6.431854104479864,-4.396468527009775,-1.532467928799716,2.999826787901265,-7.441156627823736,-4.724922583940657,14.154971209391725,11.928232391830035,-13.431059171938662,1.593553113633175,0.0,6.0,5.0,0.80981447479262
11-19,8.81976131792376,6.656466899498437,-3.0079138357554482,-1.664497729387068,5.232656878535926,-5.542902977155472,-3.3298218840707627,12.542623852002386,10.334044317905832,-13.40111144990432,1.4324069094312295,0.0,6.0,5.0,1.5059760249187084
11-20,9.539416802029518,5.572515697770751,-6.376022081587745,-0.1820538190773949,6.61325613518034,-5.041761232734054,-4.185145816933118,11.942126232620582,8.910060253341303,-9.057302355210476,2.6141434634938587,0.0,6.0,5.0,1.695769439907797
11-21,4.969536533897238,5.234931677856023,-5.371124748840018,1.4824439103096916,6.255323476195169,-4.3902514478695425,-5.078493902522481,10.078881651349768,6.502840871771203,-9.585426909159334,3.9033130971094225,0.0,7.0,4.0,1.1668311841747616
11-22,8.422018628601634,5.476306171929754,-4.696360902286605,0.3120908439628126,6.273374100397501,-3.5340540274072665,-4.049119909053149,8.250912408497657,7.255098921311761,-10.430422166222291,3.2326815621449767,0.0,7.0,4.0,1.376043802656399
11-23,5.830188967146963,6.062143034052557,-0.16194702976133174,1.18587025938564,7.276720254265063,-4.4689408662341,-5.691920869303527,7.7000141660093915,6.066300767756696,-8.962997735731735,1.5777333665234312,0.0,7.0,4.0,1.3677636928424208
11-24,6.886795331846993,5.221597872397691,1.7774173675229794,4.394207744911195,8.618969112630303,-4.950801315155574,-5.599036005740317,6.270542579208019,6.940915008131164,-10.052498646833712,1.4029495582681062,0.0,8.0,3.0,1.7425882172655707
11-25,7.452831628187647,7.108153249583611,1.5620813464030354,14.841631810086767,9.253143169961717,-3.859166821800033,-5.174464315196322,7.382889989758218,3.846152619405289,-11.56046648009141,2.0465769957065136,0.0,8.0,3.0,2.741613599333753
11-26,8.346365266808473,6.172518890238412,-8.8194241862228,12.728962537692565,8.32782696200525,-5.811806159422202,-7.2245324699345606,5.973314340559265,2.920816403185488,-10.255066134795737,3.493294868693787,0.0,7.0,4.0,1.3210225265673283
11-27,7.6968502089260165,9.142124877267852,-9.707373871878984,13.33178728866485,7.2207516504144005,-2.010810293454656,-4.81325090563942,6.078721135551953,2.6908108791369756,-13.371030929241426,2.8581491234339795,0.0,7.0,4.0,1.593060763598462
11-28,9.394936503688694,9.466698684557215,-10.609933839622117,13.37815978407026,8.187326060235362,-0.3394883497175025,-3.4995342164935237,5.643851745146346,0.6261616702137615,-15.89535150585756,1.4393534794698963,0.0,7.0,4.0,1.4826816679742356
11-29,4.13172526688835,9.926377019542794,-12.056737588652481,14.813126348629769,7.44470452280267,-0.10297100818996198,-2.71576175807397,7.370800587055674,-1.4046336338028786,-14.868998460118533,0.4079452605161452,0.0,6.0,5.0,1.0787980463831315
11-30,4.053223345104608,12.94744491786247,-17.446812839372782,14.052665580842575,8.188586766692298,-1.144477239048146,-3.526780340197312,9.510706739110427,0.33355698130963723,-13.002800333356513,1.7051493738577506,0.0,7.0,4.0,1.305871912733751
12-01,0.7574185126756499,13.125154224561808,-15.944483246824712,13.35527972773126,7.190634267425974,-1.069361653234113,-2.8819614462055383,8.600933781739183,0.6507581973343586,-9.84330876437319,5.239728242019008,0.0,7.0,4.0,1.5983993202374738
12-02,-0.7778937154246683,14.427991695337797,-13.066435331497924,13.740642740752767,5.820465446144799,-3.178374174143256,-2.579285615965445,9.360590579585764,0.15090568998817214,-11.591832167437287,3.9902832432604147,0.0,6.0,5.0,1.358088199216761
12-03,-2.85656309697076,12.304015245001771,-17.453622161009807,13.191995731852577,5.22654304277031,-1.009951413460595,-2.1719119380891265,5.940218224351537,-0.37080296513779587,-11.546304915973938,3.070785004348107,0.0,5.0,6.0,0.3603667298068567
12-04,-8.32128588458048,12.878173373759253,-15.7938507587696,13.027096571508318,7.144067644104335,0.8928549127512635,-3.480972047717063,7.111718793576942,-0.3200785457469339,-6.228752763619294,3.695352343285696,0.0,6.0,5.0,0.8836936365460364
12-05,-10.53628226417651,15.502460831497059,-11.410298015228483,13.757361714081389,7.620821414284501,-0.24084906214032292,-3.0020987836576527,2.215805541359433,2.3247996191472096,-7.833540366999511,3.918870346059537,0.0,6.0,5.0,1.0264209145188874
12-06,-10.74589630678463,16.734904322165033,-11.650234449819624,14.787425812597558,5.9399125913693664,2.0617019095213776,-3.0156065989113983,1.337349794100368,6.435309392766523,-6.315364667249766,2.4710563877130207,0.0,7.0,4.0,1.5033798489556522
12-07,-12.163893915273034,16.811676565226456,-12.023466643669325,16.65899332428002,6.494185915189192,3.3801546420525055,-3.6133427371848206,-0.7342404780860712,7.457107982502039,-4.7901808426944665,4.065044513048737,0.0,6.0,5.0,1.795169860449269
12-08,-10.307293968089382,16.504607115483804,-2.1997989188531744,14.801785632631672,7.869978150171414,1.974468258615611,-4.549646399756922,-0.15567606945639081,5.006061688141988,-3.543788942671602,3.0250036436062677,0.0,6.0,5.0,2.3688083491519407
12-09,-10.840798015771307,16.675175701586245,-4.199342015364518,17.15328565599871,6.866138432474777,-1.6923981284424867,-2.0704202253906003,0.0,0.7510697115483005,-4.052396211764674,5.131714072839968,0.0,5.0,6.0,1.976835748142868
12-10,-16.734503633882927,16.449558596183667,-2.618990026454076,17.585659300356642,7.33309907670075,-0.5492914834166216,-2.128781575643443,-3.142185928491255,1.6829065546499469,-5.9902784861668845,5.029077442270892,0.0,5.0,6.0,1.4096891530088909
12-11,-17.19336746805941,16.071426312360444,-3.663186406519396,18.130242611977856,8.094085662187773,0.17638559362140885,-2.5462259803674483,-2.5647718829834996,-0.4343135826214371,-6.893685787693929,4.9948652320811995,0.0,5.0,6.0,1.1809545253319635
12-12,-18.865819580749534,16.582143327969465,-1.8495418883047823,18.28908878852935,7.6685557565541265,-1.3205241018574339,-2.5630731211891224,-3.3722604982261983,0.6514600191618605,-10.86865882767111,4.621417313573583,0.0,5.0,6.0,0.7477322656491839
12-13,-15.915526507121017,16.433826724760152,0.1749555055256084,17.741202191244355,7.987061212377289,-1.6255180041761648,-3.446890135583808,-3.188558370775364,0.4705000532580353,-6.757869417952331,2.6700675428490093,0.0,6.0,5.0,1.2119375662004805
12-14,-15.138407754988867,10.439422712361274,4.2739294081708135,17.586436483846544,4.66838780377197,-1.5033073518716622,-2.3581192779539153,-1.194073839445542,-1.4975722186057392,-7.523768923016918,0.21985636016727214,0.0,5.0,6.0,0.6643986168696026
12-15,-12.370236155656473,10.617222297637685,1.982207902269294,15.735564398502323,5.320787972210731,-1.0929715788779677,-0.9725597930691837,-0.7503158845567045,-3.169278117604757,-3.1944486829969616,0.9402306252164541,0.0,5.0,6.0,1.0871835819228701
12-16,-13.754317830433907,10.61255174891425,-1.2217244374635214,16.896235946549755,6.155674059645134,-0.43419810084165505,-2.784444491426536,2.420267395221093,-3.700962187484603,-1.0197144376353298,2.6402615749311686,0.0,5.0,6.0,1.3174691033313206
12-17,-11.483558317141082,12.709776573786177,1.500651508813875,16.915306365632738,6.6644060095356545,-0.43419810084165505,-2.065018787867453,0.9811305399960693,-4.202309757397151,-1.9903975401616678,1.6501650580520142,0.0,6.0,5.0,1.6871627960339604
12-18,-10.885811003036613,11.204760636258214,-0.21057650124497296,16.915306365632738,6.749193589704457,-1.2876188030589102,1.0251764087153707,0.906345919657023,-1.9836217242112062,-4.680856188790079,2.2772232477980707,0.0,6.0,5.0,1.6691268289520071
12-19,-15.618311884707675,10.472378911483098,-0.10518253171523295,17.28253117291479,7.7497025610028345,-2.973183818247126,-1.4760184332130843,0.7814408190127522,0.0,-2.429655881310287,1.2871267309189278,0.0,5.0,6.0,1.247568970511583
12-20,-17.020356341293976,9.339404665825842,-1.4988159692882066,17.603851784870333,9.180489749747336,-2.461774576128254,-1.182656430913024,-0.4033367015243019,-0.4549590473684039,-0.4255390452731527,4.003955116430599,0.0,4.0,7.0,1.390021933757066
12-21,-17.401699649475454,8.301693036289638,-3.2605882678645606,17.551491646991572,7.048309758979155,-3.3626411284960414,0.07785824097402798,-0.20166835076215095,-1.5104604273585631,1.9360203579016662,7.072854859059349,0.0,6.0,5.0,1.3542641730198863
12-22,-18.118619104415465,6.833705550350964,-2.1036105112717447,19.3858826828476,6.522459681314724,-2.6344022003131453,0.2595340703068629,0.705819995515062,0.5173968233269728,9.140355055314124,7.6011049673095865,0.0,8.0,3.0,2.3424689175237954
12-23,-21.029764418611265,6.808399749394364,2.098083423260608,21.26230961305412,6.538014082966079,-3.691217642702921,-2.3228665614299935,-0.9741071891381502,1.6820126958907384,11.32832760486689,7.224397141589843,0.0,7.0,4.0,2.4102990415950267
12-24,-23.273605586797746,6.039927743444109,2.284583991022058,21.787459619376662,4.691398546315413,-3.3848966970179224,-0.9405949256514967,-3.2074258054373064,-0.4886001917565526,8.8380136195817,7.175475452995303,0.0,6.0,5.0,1.6268113138395186
12-26,-31.860038190881557,3.25266716126372,-0.5108478683199684,19.608714505526432,5.903753303715779,-5.646151029146634,-1.7440278563877587,-2.044812301196209,-1.110707630533929,4.445622867021568,10.49927888810977,0.0,5.0,6.0,0.06612098743093438
12-27,-36.51096289106786,1.8738429556866876,-0.5108478683199684,18.53856831848333,7.708573018508632,-6.492514603484184,-1.6397627713683651,-2.044812301196209,-0.9104151796616894,-20.252522677218707,10.533932462067455,0.0,4.0,7.0,-2.4755767947975733
12-28,-35.960117083043365,-1.1084771454425593,3.243934631584074,26.835284701683687,9.674808945758052,-5.63721979258544,-0.8388358288700051,0.8815981839667808,5.5977063192571705,-19.62987603809781,6.894829383398749,0.0,6.0,5.0,-0.8371969768658883
12-29,-35.295510455466534,-1.6099250994398666,3.0189691713845765,23.249011751787396,9.83526569441169,-4.606842321341766,-1.7793613630512535,-7.034121817606201,10.292208294861243,-26.512199541993446,4.580280346800347,0.0,5.0,6.0,-2.1551854449711514
12-30,-33.08805666577361,-0.7884342787800869,2.763945753408887,23.13651512855794,14.094470432074496,-3.241302043656532,-0.8642606793826474,-17.803588956198528,9.991943334684821,-29.162147706204962,4.106772360676882,0.0,5.0,6.0,-2.571178610049445
12-31,-28.29791831364559,1.6153873541416084,-1.1791299887262585,22.52005433326813,12.95583696832105,-1.4255656616793753,-6.9738907357572195,-14.576786629936795,7.302907096894449,-29.185479788959107,5.219026880104325,0.0,5.0,6.0,-2.668796540497899
