,2009,2010,2011,2012,2013,2014,2015,2016,2017,2018,2019,2020,ups,downs,end_day_sum,avg
01-02,-15.80999755859375,-6.25,10.95999908447267,-1.25,6.260002136230469,-8.449996948242202,-5.900001525878906,-5.409996032714844,-3.970001220703139,-15.660003662109375,9.389999389648452,-27.300003051757827,3.0,9.0,03-02,-5.282499949137371
01-03,-19.040004730224602,-5.739997863769531,11.52999877929689,-1.25,7.230003356933594,-9.019996643066406,-2.1800003051757812,-2.720001220703125,-3.970001220703139,-16.589996337890625,11.010002136230469,-27.670005798339858,3.0,9.0,03-03,-4.867499987284343
01-04,-18.930004119873047,-5.930000305175781,11.870002746582031,-1.0599975585937358,6.400001525878906,-9.180000305175781,-2.9199981689453125,-1.7099990844726562,-3.940002441406264,-16.06999969482422,11.209999084472656,-24.01000213623047,3.0,9.0,03-04,-4.522500038146973
01-05,-17.380004882812493,-6.4900054931640625,12.02999877929689,0.6600036621093892,7.739997863769517,-8.699996948242188,-2.9199981689453125,-2.470001220703125,-3.9499969482422017,-16.26000213623047,9.860000610351562,-26.209999084472656,4.0,8.0,03-05,-4.507500330607096
01-06,-18.06999969482421,-6.5,13.5,1.3000030517577983,8.180000305175781,-9.589996337890625,-2.8699951171875,1.0699996948242188,-3.2899932861328267,-15.379997253417969,11.02999877929686,-22.06999969482422,5.0,7.0,03-06,-3.557498296101891
01-07,-14.680000305175774,-6.25,12.559997558593764,-0.1699981689452983,8.720001220703125,-10.639999389648438,-2.779998779296861,4.510002136230469,-2.6699981689453125,-14.879997253417969,11.269996643066392,-20.52999877929689,4.0,8.0,03-07,-2.9616661071777326
01-08,-17.779998779296875,-5.1699981689453125,12.599998474121108,-0.6399993896484233,9.209999084472642,-8.860000610351562,-5.680000305175781,5.8000030517578125,-4.029998779296861,-14.69000244140625,11.760002136230469,-19.169998168945327,4.0,8.0,03-08,-3.0541661580403634
01-09,-14.549999237060547,-6.239997863769531,13.359992980957031,-0.02999877929686079,8.930000305175781,-8.44000244140625,-4.659996032714858,9.900001525878906,-6.2299957275390625,-14.0,10.260002136230469,-20.319999694824247,4.0,8.0,03-09,-2.668332735697431
01-10,-12.540000915527337,-6.579994201660156,11.729995727539062,0.40000152587889204,8.08999633789064,-5.9300003051757955,-1.9300003051757528,7.970001220703125,-5.349998474121094,-14.82000732421875,8.490005493164034,-21.120002746582017,5.0,7.0,03-10,-2.6325003306070958
01-11,-9.040000915527337,-6.9199981689453125,10.30999755859375,1.69000244140625,6.839996337890625,-3.410003662109375,-2.9699935913085795,12.050003051757812,-6.319999694824219,-19.220008850097685,9.080001831054702,-35.99000549316406,5.0,7.0,03-11,-3.6583340962727857
01-12,-9.599998474121087,-6.450004577636719,9.690002441406236,5.05999755859375,5.8800048828125,-4.739997863769517,-2.339996337890611,10.669998168945312,-6.120002746582031,-16.3800048828125,11.90000152587892,-31.68000030517578,5.0,7.0,03-12,-2.8425000508626272
01-13,-10.599998474121087,-5.840003967285156,6.900001525878906,3.4800033569335938,5.400001525878906,-3.5999984741210938,-0.659996032714858,11.489997863769531,-5.769996643066392,-15.219993591308594,12.180000305175781,-33.6300048828125,5.0,7.0,03-13,-2.9891656239827467
01-14,-8.470001220703118,-5.560005187988281,7.099998474121094,3.279998779296875,5.510002136230469,-3.9199981689453125,-0.3600006103515625,8.47000122070311,-6.930000305175781,-15.549995422363281,12.949996948242188,-33.27000427246092,5.0,7.0,03-14,-3.062500635782877
01-15,-7.369995117187507,-5.510002136230469,7.4500045776367045,4.470001220703111,4.919998168945327,-3.529998779296875,-0.25,10.910003662109375,-8.919998168945312,-16.879997253417983,12.549995422363267,-33.09999847412108,5.0,7.0,03-15,-2.938332239786787
01-16,-8.829998016357422,-6.1100006103515625,7.8800048828125,3.970001220703111,4.3899993896484375,-4.380004882812486,-3.5,12.750000000000014,-7.4000015258789205,-16.879997253417983,13.269996643066406,-40.62999725341797,5.0,7.0,03-16,-3.7891664505004896
01-17,-5.369998931884773,-5.6999969482421875,6.160003662109389,3.970001220703111,5.260002136230483,-5.19000244140625,-3.3400039672851705,12.759994506835938,-7.4000015258789205,-17.230003356933608,12.639999389648438,-32.160003662109375,5.0,7.0,03-17,-2.9666674931844104
01-18,-3.0,-5.010002136230469,6.160003662109389,3.8600006103515483,4.440002441406264,-5.290000915527344,-3.3000030517578125,13.889999389648438,-7.060005187988281,-16.009994506835938,10.939994812011719,-43.61000061035158,5.0,7.0,03-18,-3.6658337910970054
01-19,-1.7200012207031392,-5.010002136230469,6.540000915527358,3.0999984741210938,3.2199935913085795,-4.1200027465820455,0.2299957275390767,13.889999389648438,-7.720001220703125,-15.900001525878878,13.54000091552733,-42.619995117187514,6.0,6.0,03-19,-3.0475012461344413
01-20,-1.7200012207031392,-3.4800033569335938,9.52999877929686,3.3899993896484375,3.5499954223632812,-5.160003662109361,0.2299957275390767,16.419998168945312,-7.9199981689453125,-18.66999816894534,12.94000244140625,-58.25999832153322,6.0,6.0,03-20,-4.095834414164229
01-21,-4.640007019042983,-1.4799957275390625,9.020004272460923,3.6899948120117188,4.439994812011719,-5.160003662109361,-1.4600067138671733,15.839996337890625,-7.7299957275390625,-18.05999755859378,12.35000610351561,-58.25999832153322,5.0,7.0,03-21,-4.28750069936117
01-22,-2.8199996948242188,0.39000701904296875,11.090003967285142,2.0699996948242045,4.439994812011719,-5.2300033569335795,-4.1699981689453125,14.150001525878892,-7.349998474121094,-15.519996643066435,12.35000610351561,-57.85000228881836,6.0,6.0,03-22,-4.0374987920125385
01-23,-6.1100006103515625,-0.09000396728515625,11.1300048828125,0.900001525878892,5.339996337890611,-2.8799972534179545,0.18000030517578125,15.550003051757798,-7.0,-13.980003356933594,13.300003051757798,-55.709999084472656,6.0,6.0,03-23,-3.280832926432295
01-24,-2.1399993896484517,0.21999359130859375,11.3800048828125,1.19000244140625,4.839996337890625,-0.6600036621093892,-2.959999084472642,14.610000610351562,-7.980003356933608,-14.349998474121094,12.34999847412108,-52.459999084472656,6.0,6.0,03-24,-2.9966672261556027
01-25,-2.319999694824233,-0.6200027465820312,11.400001525878906,0.18000030517578125,4.9800033569335795,-0.5800018310546875,-4.680000305175753,14.610000610351562,-8.84999847412108,-16.949996948242173,9.8699951171875,-56.169998168945305,5.0,7.0,03-25,-4.0941664377848275
01-26,-1.5900039672851562,-0.220001220703125,10.840003967285156,-1.2399978637695312,4.1399993896484375,0.6599960327148438,-3.209999084472642,11.379997253417969,-8.680000305175753,-18.209999084472628,10.720001220703125,-43.839996337890625,5.0,7.0,03-26,-3.2708333333333273
01-27,-2.3899993896484375,0.23000335693359375,10.629997253417955,2.4000015258789062,4.94000244140625,1.279998779296875,-2.5900039672851705,12.209999084472656,-5.800003051757827,-13.129997253417969,11.959999084472642,-41.120002746582045,7.0,5.0,03-27,-1.7816670735677143
01-28,-4.090003967285156,0.5600051879882812,13.40999603271483,4.42999267578125,4.94000244140625,0.8700027465820312,1.9599990844726562,7.6699981689453125,-5.540000915527344,-13.819992065429688,10.620002746582031,-41.85000610351565,8.0,4.0,03-28,-1.7366669972737665
01-29,-0.45000457763671875,2.30999755859375,11.110000610351562,3.6299972534179688,3.7700042724609375,1.7099990844726562,2.25,8.379997253417969,-4.650001525878906,-13.819992065429688,10.959999084472656,-41.10000610351565,8.0,4.0,03-29,-1.3250007629394556
01-30,-1.6199951171875142,1.6500015258789062,12.440002441406264,2.4799957275390625,4.530006408691392,1.2200012207031108,1.75,9.389999389648438,-3.75,-10.569999694824219,9.77999877929686,-35.02000427246094,8.0,4.0,03-30,-0.6433327992757197
01-31,-3.4899978637695312,1.720001220703125,13.080001831054702,2.769996643066392,5.0400009155273295,6.8700027465820455,0.840003967285142,10.029998779296875,-3.279998779296875,-10.689994812011719,8.3699951171875,-38.36000061035155,8.0,4.0,03-31,-0.5916659037272135
02-01,-3.0500030517578125,1.720001220703125,11.790000915527358,3.0999984741210938,2.3199996948242188,7.7700042724609375,-1.0799942016601705,9.959999084472656,-2.9300003051757812,-13.470001220703125,4.809997558593736,-34.33000183105469,7.0,5.0,04-01,-1.1158332824707042
02-02,-1.9899978637695312,0.850006103515625,11.52999877929689,3.159996032714858,4.410003662109361,7.8600006103515625,-1.0799942016601705,14.010002136230469,-4.430000305175781,-4.540000915527344,5.200004577636719,-33.81999969482422,7.0,5.0,04-02,0.09666824340820312
02-03,-3.339996337890625,2.0900039672851562,10.180000305175753,1.7099990844726562,3.8000030517577983,8.209999084472656,-4.549995422363281,10.629997253417969,-6.199996948242173,-0.3800048828125284,5.190002441406264,-37.720001220703125,7.0,5.0,04-03,-0.86499913533529
02-04,-3.2999954223632812,4.459999084472656,11.209999084472656,1.6300048828124858,2.5800018310546733,8.519996643066406,-3.3699951171875,10.610000610351562,-5.1800003051757955,2.209999084472642,4.1500015258789205,-38.290000915527344,8.0,4.0,04-04,-0.3974990844726598
02-05,-2.94000244140625,5.510002136230469,10.569999694824219,0.470001220703125,1.9700012207031108,9.830001831054688,-4.5199966430664205,11.380004882812514,-4.319999694824219,1.8600006103515483,4.409996032714844,-41.720001220703125,8.0,4.0,04-05,-0.6249993642171248
02-06,-4.4199981689453125,7.530006408691406,11.669998168945312,0.470001220703125,1.8699951171875,7.7700042724609375,-4.3300018310546875,7.44000244140625,-4.340003967285156,-2.6999969482421875,5.010002136230483,-33.369995117187486,7.0,5.0,04-06,-0.6166655222574846
02-07,-4.529998779296875,7.75,11.0,0.30999755859375,3.0500030517578125,6.75,-3.5100021362304688,6.680000305175781,-2.75,-0.80999755859375,6.5699996948242045,-33.83000183105467,7.0,5.0,04-07,-0.27666664123535156
02-08,-6.0199966430664205,7.2400054931640625,10.920005798339858,0.37999725341795454,1.8799972534179688,5.649993896484389,-1.8899993896484375,8.849998474121094,-2.94000244140625,4.9899978637695455,8.839996337890625,-29.400001525878906,8.0,4.0,04-08,0.7083326975504569
02-09,-6.0199966430664205,6.060005187988281,12.420005798339858,-0.7700042724609517,2.1699981689453267,6.1100006103515625,-3.7699966430664062,11.919998168945312,-2.970001220703139,1.260002136230483,9.73000335693358,-28.87000274658203,7.0,5.0,04-09,0.6058343251546212
02-10,-2.720001220703139,6.620002746582031,12.240005493164034,-0.529998779296875,3.0,7.409996032714858,-3.5199966430664062,11.799995422363281,-4.190002441406236,2.0,8.590003967285142,-28.87000274658203,7.0,5.0,04-10,0.9858334859212216
02-11,-2.8600006103515767,5.930000305175781,13.210006713867173,-2.8899993896484375,4.0,5.519996643066406,-3.3199996948242188,11.800003051757812,-4.480003356933594,4.8699951171875,8.540000915527315,-30.290000915527344,7.0,5.0,04-11,0.8358332316080682
02-12,-1.3799972534179545,8.489997863769531,10.830001831054673,-4.930000305175753,3.1399993896484375,7.069999694824219,-3.910003662109361,10.900001525878906,-4.94000244140625,5.269996643066406,6.769996643066392,-31.12000274658203,7.0,5.0,04-12,0.5158322652181013
02-13,-0.5,7.44000244140625,7.2300033569335795,-5.430000305175753,4.1100006103515625,4.180000305175753,-5.8699951171875,10.430000305175767,-4.94000244140625,5.959999084472656,5.919998168945298,-25.68000030517578,7.0,5.0,04-13,0.23750050862629854
02-14,1.8000030517578267,7.220001220703125,6.8600006103515625,-5.540000915527315,5.2399978637695455,3.5499954223632812,-5.900001525878906,12.700004577636733,-3.5499954223632812,5.6200027465820455,7.829994201660142,-25.770004272460938,8.0,4.0,04-14,0.8383331298828184
02-15,0.40000152587890625,7.590003967285156,7.470001220703139,-4.050003051757798,4.9800033569335795,5.9899978637695455,-3.5600051879882812,12.790000915527344,-3.5999984741210938,6.700004577636719,0.4100036621093892,-25.329994201660142,8.0,4.0,04-15,0.8158346811930386
02-16,0.5199966430664062,7.590003967285156,7.149993896484389,-3.9300003051757812,0.6500015258789062,7.590003967285142,-1.9899978637695312,12.790000915527344,-1.7099990844726562,7.779998779296875,0.8300018310546733,-25.629997253417955,8.0,4.0,04-16,0.9700005849202474
02-17,0.5199966430664062,7.7400054931640625,7.709999084472642,-5.8800048828125,1.0900039672851705,7.590003967285142,-1.9899978637695312,9.290000915527344,-4.230003356933594,9.719993591308608,1.8600006103515483,-27.749999999999986,8.0,4.0,04-17,0.4724998474121094
02-18,0.5799942016601562,7.969993591308594,7.519996643066392,-6.900001525878892,-1.1100006103515483,7.590003967285142,-0.02999877929686079,11.25,-5.5500030517578125,10.479995727539062,1.8600006103515483,-27.749999999999986,7.0,5.0,04-18,0.4924983978271496
02-19,-0.75,6.6999969482421875,4.180000305175781,-4.7900009155273295,-1.1100006103515483,6.7000045776367045,1.8100051879882812,10.730003356933594,-6.040000915527344,12.839996337890625,1.8600006103515483,-28.249999999999986,7.0,5.0,04-19,0.32333374023437617
02-20,0.94000244140625,8.360000610351562,5.0800018310546875,-5.0200042724609375,-0.18000030517575283,7.230003356933594,0.5100021362304688,9.879997253417983,-7.489997863769531,12.839996337890625,0.8899993896484375,-29.819999694824233,8.0,4.0,04-20,0.26833343505859614
02-21,0.9300003051757955,9.090003967285156,5.0800018310546875,-5.0200042724609375,0.599998474121108,11.0,2.4300003051757812,11.680000305175781,-7.489997863769531,14.760002136230455,1.1299972534179688,-21.84000396728517,9.0,3.0,04-21,1.8624998728434246
02-22,1.9399986267089915,8.959999084472656,5.0800018310546875,-4.1100006103515625,-0.05999755859375,10.08999633789061,1.8700027465820312,12.870002746582017,-6.149993896484361,13.819999694824219,0.470001220703125,-21.139999389648438,8.0,4.0,04-22,1.9700009028116856
02-23,0.8100013732910227,9.879997253417969,3.1300048828125,-5.839996337890611,3.029998779296875,9.849998474121094,1.6399993896484375,16.77999877929686,-6.139999389648452,9.72000122070314,2.279998779296861,-23.06999969482422,9.0,3.0,04-23,1.8391669591267898
02-24,-1.5299987792968892,9.580001831054688,5.779998779296889,-6.560005187988281,3.94000244140625,10.54000091552733,1.5400009155273438,16.42000579833983,-5.230003356933608,8.980003356933594,2.399993896484361,-20.269996643066406,8.0,4.0,04-24,2.1325003306070918
02-25,0.25,9.089996337890625,6.029998779296861,-7.189994812011719,4.739997863769531,9.72000122070311,0.9199981689453125,16.099998474121094,-5.819999694824219,7.94000244140625,-1.3400039672851705,-16.269996643066406,8.0,4.0,04-25,2.0141665140787723
02-26,2.3600006103515767,10.3699951171875,3.6699981689453125,-6.5999984741210795,3.3199996948242188,9.180000305175753,2.910003662109361,17.66000366210939,-5.019996643066406,8.120002746582031,-1.6600036621093608,-13.599998474121094,8.0,4.0,04-26,2.5591672261556
02-27,5.889999389648452,9.779998779296875,5.0,-5.779998779296861,1.6299972534179688,8.610000610351562,3.190002441406264,18.069999694824233,-5.6699981689453125,9.110000610351562,-1.8000030517578125,-7.329994201660142,8.0,4.0,04-27,3.3916670481363993
02-28,7.7900047302246165,7.420005798339844,5.220001220703125,-5.760002136230469,1.3600006103515767,8.65999603271483,3.7999954223632955,18.849998474121094,-6.4199981689453125,10.800003051757812,-1.6800003051757812,-6.329994201660156,8.0,4.0,04-28,3.642500877380373
02-29,0.0,0.0,0.0,-5.270004272460952,0.0,0.0,0.0,20.409996032714844,0.0,0.0,0.0,-6.879997253417969,1.0,2.0,04-29,0.6883328755696603
03-01,8.369998931884759,7.810005187988281,6.069999694824219,-3.540000915527358,3.1399993896484375,10.890007019042969,5.220001220703139,17.720001220703125,-7.799995422363267,12.180000305175781,-4.930000305175781,-6.67999267578125,8.0,4.0,04-30,4.037501970926921
03-02,9.939998626708977,7.3000030517578125,5.5,-3.410003662109361,3.8300018310547017,11.1300048828125,5.8300018310546875,16.709999084472656,-7.8899993896484375,14.980003356933608,-4.4000015258789205,-1.9699935913085795,8.0,4.0,05-01,4.7958345413208034
03-03,9.829998016357422,7.4900054931640625,4.619995117187528,-2.7600021362304545,4.520004272460966,10.680000305175781,6.569999694824219,14.870002746582031,-6.850006103515597,11.959999084472656,-2.0600051879882812,0.23000335693360796,9.0,3.0,05-02,4.924999554951995
03-04,8.279998779296868,9.209999084472656,5.690002441406236,-1.0500030517578125,2.779998779296889,10.199996948242188,6.569999694824219,14.25,-7.25,11.709999084472656,-4.310005187988281,-3.9099960327148295,8.0,4.0,05-03,4.347499211629232
03-05,9.639999389648452,7.1399993896484375,5.169998168945298,-2.2900009155273438,2.339996337890625,11.089996337890625,6.3299942016601705,12.639999389648452,-7.80999755859375,12.33999633789061,-5.4800033569335795,-5.190002441406236,8.0,4.0,05-04,3.8266646067301466
03-06,8.60000228881836,8.19000244140625,3.1599960327148295,-1.8199996948242188,1.7999954223632812,10.090003967285142,5.4899978637695455,10.650001525878906,-6.4499969482421875,11.83999633789061,-5.720001220703111,-5.879997253417969,8.0,4.0,05-05,3.3291667302449532
03-07,8.4000015258789,6.120002746582031,1.6699981689452983,-2.4300003051757812,3.4800033569335795,9.639999389648438,4.370002746582017,9.919998168945312,-5.089996337890639,11.650001525878892,-5.560005187988281,10.770004272460923,9.0,3.0,05-06,4.411667505900057
03-08,7.470001220703118,5.5500030517578125,0.910003662109375,-4.040000915527358,4.919998168945298,9.520004272460938,4.050003051757798,11.849998474121094,-2.8899993896484375,12.66000366210939,-4.350006103515639,12.220001220703125,9.0,3.0,05-07,4.822500864664709
03-09,9.83000183105468,5.8899993896484375,2.5400009155273438,-5.849998474121094,4.519996643066406,9.1300048828125,4.0,7.769996643066406,-5.2300033569335795,8.30999755859375,-5.220001220703139,9.3800048828125,9.0,3.0,05-08,3.7558333079020176
03-10,6.33000183105468,6.230003356933594,3.540000915527358,-6.690002441406236,4.30999755859375,10.390007019042969,5.039993286132827,7.479995727539077,-4.819999694824219,8.150001525878892,-5.350006103515639,5.069999694824219,9.0,3.0,05-09,3.306666056315106
03-11,6.88999938964843,3.2099990844726562,2.9499969482421733,-7.160003662109375,4.629997253417969,11.72000122070311,4.409996032714858,7.279998779296875,-2.6699981689453125,9.779998779296875,-6.1200027465820455,7.0200042724609375,9.0,3.0,05-10,3.4949989318847625
03-12,4.580001831054709,3.3799972534179688,3.2899932861328267,-8.220001220703125,5.1100006103515625,10.580001831054688,5.150001525878906,6.089996337890611,-4.269996643066406,11.930000305175781,-6.400001525878906,16.37999725341797,9.0,3.0,05-11,3.966665903727215
03-13,7.469997406005859,6.319999694824219,3.559997558593764,-9.41000366210936,5.0,10.639999389648423,7.029998779296861,7.009994506835923,-2.8499984741210938,12.260002136230469,-7.1699981689453125,12.050003051757812,9.0,3.0,05-12,4.325832684834797
03-14,5.060001373291023,6.129997253417969,1.4599990844726847,-8.91000366210936,3.6399993896484375,10.930000305175781,4.230003356933608,6.8799972534179545,-0.8600006103515625,13.59000396728517,-3.409996032714858,23.670005798339858,9.0,3.0,05-13,5.200833956400559
03-15,6.250003814697273,6.489997863769531,1.0299987792968892,-6.6699981689453125,3.5500030517578125,10.169998168945298,4.43000030517581,6.870002746582031,-2.3799972534179545,13.240005493164091,-3.319999694824247,21.400001525878906,9.0,3.0,05-14,5.08833471934001
03-16,5.159999847412131,6.079994201660156,2.75,-7.589996337890639,3.720001220703139,10.779998779296875,4.569999694824247,5.739997863769531,-1.6500015258789062,14.439994812011719,-5.439994812011719,19.0,9.0,3.0,05-15,4.7966661453247115
03-17,2.790000915527358,5.3899993896484375,0.5200042724609659,-8.759994506835966,5.8700027465820455,11.349998474121094,4.529998779296889,5.230003356933608,-1.720001220703125,16.5,-4.239997863769517,18.009994506835938,9.0,3.0,05-16,4.622500737508144
03-18,1.5100021362304972,4.159996032714844,-0.4100036621093608,-9.799995422363295,3.8800048828125284,10.180000305175795,1.0,3.0499954223632812,-0.8100051879882812,15.850006103515625,-3.739997863769517,33.64999771118164,8.0,4.0,05-17,4.876666704813647
03-19,0.7200012207031392,2.8499984741210938,-3.5400009155273295,-10.599998474121108,3.5500030517578267,11.22000122070311,3.6999969482422017,5.849998474121108,-0.410003662109375,15.669998168945341,-3.1399993896484375,32.660003662109375,8.0,4.0,05-18,4.8774998982747455
03-20,1.1699981689453125,3.2700042724609375,-4.779998779296861,-8.980003356933594,2.660003662109389,8.299995422363281,1.0,4.309997558593764,-2.9600067138671733,15.059997558593778,-2.5500030517577983,29.770004272460938,8.0,4.0,05-19,3.8558324178059977
03-21,-3.120002746582003,2.3899993896484375,-2.3300018310546733,-7.810005187988281,2.420005798339858,7.550003051757827,0.7300033569335938,3.6199951171875284,-3.340003967285142,12.519996643066435,-5.059997558593764,38.330001831054666,7.0,5.0,05-20,3.8249994913737067
03-22,-3.2900009155273295,2.1399993896484375,-2.3700027465820312,-5.209999084472656,2.2399978637695312,7.099998474121108,-0.9000015258789062,4.559997558593764,-3.690002441406236,15.760009765625014,-2.5699996948242188,35.4000015258789,6.0,6.0,05-21,4.097499847412115
03-23,-3.940002441406236,1.8300018310546875,-2.6200027465820312,-7.900001525878906,4.599998474121094,6.650001525878906,-0.6699981689453125,6.470001220703139,-2.700004577636733,14.879997253417969,-2.0500030517578125,38.77999877929687,6.0,6.0,05-22,4.444165547688803
03-24,-3.7600021362304545,2.6699981689453125,-1.509994506835909,-8.14999389648439,5.7600021362304545,8.310005187988281,1.0500030517577983,5.0,-1.4700012207031108,14.019996643066406,-1.5500030517578125,26.449996948242188,7.0,5.0,05-23,3.9016672770182304
03-25,-4.489997863769531,-0.20000457763671875,-4.209999084472656,-8.519996643066406,4.75,7.07000732421875,-0.4199981689453125,5.1100006103515625,-0.15999603271482954,12.879997253417969,-2.3199996948242188,23.730003356933608,5.0,7.0,05-24,2.7683347066243513
03-26,-4.959999084472656,0.0500030517578125,-4.669998168945298,-8.839996337890625,3.9499969482421875,6.450004577636719,0.0,4.699996948242173,-0.01000213623046875,13.349998474121122,-3.559997558593736,16.62000274658203,6.0,6.0,05-25,1.9233341217041051
03-27,-4.430000305175781,-1.7900009155273438,-3.7700042724609375,-8.040000915527344,4.7399978637695455,6.4900054931640625,1.209999084472642,5.5100021362304545,-0.05999755859375,14.039993286132841,-2.220001220703125,23.260002136230455,6.0,6.0,05-26,2.91166623433431
03-28,-2.3600006103515625,-2.660003662109375,-2.7900009155273438,-6.8899993896484375,6.1100006103515625,5.1299972534179545,-2.0100021362304688,7.089996337890625,-0.9499969482421875,16.599998474121122,-2.4499969482421875,18.330001831054688,5.0,7.0,05-27,2.762499491373699
03-29,-1.1399993896484233,-3.6800003051757812,-4.1200027465820455,-7.849998474121094,5.790000915527344,4.4599990844726705,-3.6100006103515625,6.4499969482421875,-1.8499984741210938,14.659996032714872,-5.309997558593736,21.35000610351561,5.0,7.0,05-28,2.0958334604899123
03-30,-2.2300033569335938,-3.75,-4.760002136230483,-7.150001525878892,5.839996337890639,3.92999267578125,-3.7900009155273438,6.519996643066406,-1.55999755859375,14.370002746582045,-6.2300033569335795,21.95000457763672,5.0,7.0,05-29,1.9283320109049515
03-31,-2.6699981689453125,-4.279998779296875,-4.239997863769517,-9.440002441406236,6.819999694824219,3.6099929809570312,-1.8700027465820312,6.3699951171875,-2.260002136230483,9.950004577636719,-6.630004882812472,21.44000244140625,5.0,7.0,05-30,1.3999989827473993
04-01,-3.7300033569335938,-5.1399993896484375,-4.959999084472656,-8.060005187988281,5.8799972534179545,3.5199966430664062,-1.6800003051757812,7.239997863769517,-3.0800018310546733,9.15000152587892,-8.17000579833983,25.340003967285156,5.0,7.0,05-31,1.3591651916503917
04-02,-4.5,-3.3000030517578125,-5.0200042724609375,-10.670005798339844,6.489997863769517,3.1699981689453125,-2.040000915527358,8.589996337890625,-3.740005493164034,12.920005798339858,-8.160003662109375,14.750000000000014,5.0,7.0,06-01,0.7074979146321638
04-03,-3.8100051879882812,-3.7900009155273438,-3.3199996948242188,-9.510002136230483,7.709999084472642,3.279998779296875,-3.9199981689453125,7.569999694824219,-4.3199996948242045,10.330001831054688,-7.120002746582031,16.58999633789064,5.0,7.0,06-02,0.8074989318847656
04-04,-0.6800003051757812,-5.370002746582031,-5.740005493164077,-7.970001220703139,7.040000915527344,3.9899978637695455,-4.290000915527358,7.699996948242173,-5.180000305175781,10.680000305175781,-9.420005798339844,12.400001525878906,5.0,7.0,06-03,0.2633317311604782
04-05,-0.5400009155273295,-3.5300064086914062,-6.8400039672851705,-6.440002441406236,5.230003356933594,4.870002746582031,-4.339996337890625,8.459999084472642,-5.159996032714844,7.0100021362304545,-12.569999694824219,14.300003051757798,5.0,7.0,06-04,0.037500381469724196
04-06,-1.6299972534179688,-3.75,-6.170005798339858,-7.079994201660142,6.279998779296861,5.210006713867173,-4.75,6.2900009155273295,-5.0200042724609375,9.08999633789061,-10.690002441406264,16.790000915527344,5.0,7.0,06-05,0.3808333079020123
04-07,-0.1399993896484233,-3.2400054931640625,-7.81999969482419,-6.9099960327148295,5.150001525878892,5.010002136230469,-6.370002746582031,5.739997863769531,-5.75,6.279998779296889,-9.379997253417983,16.26000213623047,5.0,7.0,06-06,-0.09749984741210582
04-08,-0.2200012207031392,-3.75,-8.660003662109375,-7.0,3.7600021362304545,4.5499954223632955,-4.4900054931640625,4.3300018310546875,-6.2399978637695455,6.75,-9.029998779296875,11.199996948242188,5.0,7.0,06-07,-0.7333342234293644
04-09,0.5599975585937358,-8.220001220703125,-8.099998474121094,-3.6899948120117188,2.9300003051757812,3.25,-5.559997558593764,5.9300003051757955,-5.260002136230469,7.399993896484361,-7.8899993896484375,11.970001220703125,6.0,6.0,06-08,-0.5566666920979841
04-10,1.3899993896484233,-9.080001831054688,-8.30999755859375,-1.6499938964844034,1.9300003051757812,6.8299942016601705,-5.32000732421875,8.080001831054702,-5.660003662109375,4.529998779296861,-7.839996337890611,15.89999389648439,6.0,6.0,06-09,0.0666656494140625
04-11,1.5999984741210795,-9.410003662109375,-7.830001831054673,-1.1499938964844034,-0.3600006103515767,7.160003662109361,-6.0800018310546875,7.849998474121108,-5.200004577636719,4.1299972534179545,-5.309997558593736,18.329994201660142,5.0,7.0,06-10,0.31083234151203953
04-12,2.209999084472642,-9.639999389648438,-4.2300033569335795,-2.1999969482421875,1.759994506835966,5.670005798339844,-6.0800018310546875,5.579994201660142,-5.200004577636719,7.7299957275390625,1.7200012207031108,16.6199951171875,7.0,5.0,06-11,1.1616649627685547
04-13,2.239997863769503,-9.419998168945312,-3.8600006103515625,0.05999755859375,6.120002746582017,6.639999389648423,-4.6699981689453125,5.489997863769531,-2.0999984741210938,6.520004272460923,2.1500015258789062,12.669998168945312,8.0,4.0,06-12,1.8200003306070904
04-14,3.6399993896484233,-9.790000915527344,-3.649993896484361,-1.599998474121108,4.879997253417983,6.4800033569335795,-7.0099945068359375,4.8299942016601705,0.23000335693359375,6.8600006103515625,1.029998779296875,12.970001220703125,8.0,4.0,06-13,1.5725008646647136
04-15,3.5200042724609233,-7.4199981689453125,-6.5699996948242045,-0.7700042724609659,3.4000015258789062,4.879997253417983,-8.580001831054688,4.75,1.8700027465820312,6.380004882812486,0.05000305175779829,15.090003967285156,8.0,4.0,06-14,1.3833344777425094
04-16,5.970001220703125,-6.69000244140625,-5.569999694824219,-1.3800048828125284,2.959999084472642,3.3499984741210938,-9.04000091552733,3.400001525878892,1.959999084472642,6.370002746582017,-0.9799957275390767,9.3800048828125,7.0,5.0,06-15,0.8108336130777923
04-17,6.659996032714844,-7.1399993896484375,-3.9000015258789062,-3.490005493164091,5.160003662109361,2.4300003051757812,-9.239997863769517,2.5800018310546733,0.43000030517578125,5.6100006103515625,-0.07999420166017046,5.220001220703125,7.0,5.0,06-16,0.35333379109700047
04-18,7.210002899169915,-6.089996337890625,-6.089996337890625,-3.260002136230483,6.07000732421875,3.020004272460966,-11.0,1.9300003051757528,0.9199981689453125,3.25,1.0500030517578125,7.660003662109375,8.0,4.0,06-17,0.3891687393188459
04-19,6.009998321533196,-6.370002746582031,-6.989997863769531,-0.5900039672851705,4.379997253417969,4.299995422363267,-10.25,0.12999725341795454,2.3699951171875,2.8000030517578267,-1.090003967285142,10.459999084472656,7.0,5.0,06-18,0.4299980799357079
04-20,4.960002899169915,-7.100006103515625,-9.39999389648439,1.8100051879882812,4.650001525878906,4.590003967285199,-10.52999877929686,-1.0600051879882812,1.450004577636733,1.7300033569335795,-0.5100021362304688,7.970001220703125,7.0,5.0,06-19,-0.11999861399332386
04-21,3.9500045776367188,-6.970001220703125,-8.699996948242173,1.0199966430664205,4.9499969482421875,6.040000915527358,-9.97000122070311,-0.3300018310546875,3.4599990844726562,2.3899993896484375,1.029998779296875,9.900001525878906,8.0,4.0,06-20,0.5641663869222052
04-22,5.0800018310546875,-5.879997253417969,-8.25,1.6199951171875284,3.9300003051757812,6.279998779296875,-9.739997863769517,-0.4400024414062642,1.529998779296875,1.9599990844726562,0.9899978637695312,7.099998474121094,8.0,4.0,06-21,0.3483327229817732
04-23,2.900001525878892,-7.150001525878906,-7.5099945068359375,1.1899948120117188,3.0199966430664062,5.589996337890639,-9.720001220703125,1.0999984741210795,0.5500030517578125,1.7099990844726562,0.8700027465820312,5.139999389648423,9.0,3.0,06-22,-0.19250043233235914
04-24,1.459999084472642,-6.8699951171875,-5.8300018310546875,0.5999984741210795,2.220001220703125,7.690002441406264,-10.40000152587892,1.729995727539034,-1.4400024414062642,2.75,4.6100006103515625,3.619995117187486,8.0,4.0,06-23,0.011665980021151748
04-25,0.34999847412107954,-8.589996337890625,-6.349998474121094,-0.2200012207031392,-0.5600051879882812,8.349998474121108,-9.409996032714858,0.7799987792968608,-2.2400054931640767,2.5699996948242188,6.379997253417969,1.8799972534179688,6.0,6.0,06-24,-0.5883344014485724
04-26,0.549995422363267,-10.329994201660156,-7.680000305175781,-6.200004577636719,-1.1100006103515625,7.249992370605469,-9.610000610351577,0.0,-1.5900039672851705,-1.6300048828125,7.8300018310546875,1.7300033569335795,4.0,8.0,06-25,-1.7325013478597053
04-27,0.3099975585937216,-7.970001220703125,-7.900001525878906,-5.759994506835966,-4.5,6.040000915527344,-10.430000305175795,-1.55999755859375,-1.0200042724609233,-1.5200042724609517,7.19000244140625,-2.0699996948242188,3.0,9.0,06-26,-2.4325002034505268
04-28,-0.26999664306642046,-8.360000610351562,-9.449996948242202,-7.479995727539077,-3.870002746582017,5.499992370605469,-11.85000610351564,2.0400009155273295,-1.6999969482422017,-2.5,5.9199981689453125,-2.2700042724609375,3.0,9.0,06-27,-2.857500712076829
04-29,-1.8399963378906392,-11.459999084472656,-11.54000091552733,-5.6100006103515625,-3.1699981689453125,5.2599945068359375,-12.460006713867188,-0.279998779296875,-1.779998779296875,-0.9499969482421875,6.209999084472656,-6.980003356933608,2.0,10.0,06-28,-3.71666717529297
04-30,0.7700042724609233,-11.3800048828125,-9.279998779296875,-3.9899978637695455,-3.8600006103515767,5.709999084472656,-12.72000122070314,-2.9499969482422017,-1.8499984741210938,0.8899993896484375,3.870002746582017,-2.7900009155273438,4.0,8.0,06-29,-3.131666183471687
05-01,-0.9200057983398438,-12.870002746582031,-7.8300018310546875,-5.6999969482421875,-2.1199951171875,5.979995727539048,-10.44000244140625,-1.6800003051758097,-1.6399993896484375,1.1399993896484375,6.120002746582017,-2.9800033569335938,3.0,9.0,06-30,-2.7450008392334033
05-02,0.1999969482421875,-14.470001220703125,-6.900001525878906,-4.459999084472656,-3.3300018310546875,5.6399993896484375,-11.629997253417983,0.11000061035154829,-1.0800018310546875,0.510002136230483,6.730003356933608,-3.7700042724609233,5.0,7.0,07-01,-2.704167048136392
05-03,-0.43000030517578125,-14.970001220703125,-4.8899993896484375,-2.529998779296861,-5.150001525878892,5.190002441406222,-11.849998474121094,2.0999984741210938,-2.44000244140625,-0.34999847412110796,7.1700057983398295,-2.209999084472642,3.0,9.0,07-02,-2.529999415079754
05-04,-0.43000030517578125,-12.900001525878906,-3.4000015258789062,1.779998779296875,-4.1699981689453125,5.179992675781222,-11.849998474121094,2.8300018310546875,-0.6899948120117188,0.9000015258789062,6.439994812011719,-2.209999084472642,5.0,7.0,07-03,-1.543333689371746
05-05,0.5,-12.330001831054688,-1.3400039672851705,2.190002441406236,-4.1699981689453125,5.179992675781222,-11.529998779296875,2.0,-1.6699981689452983,1.4899978637695455,6.439994812011719,-3.6599960327148438,6.0,6.0,07-04,-1.4083340962727888
05-06,-1.8600006103515625,-9.339996337890625,-0.04000091552732954,2.5500030517577983,-4.099998474121094,5.569992065429659,-11.479995727539077,2.970001220703125,-2.3499984741210938,-0.6900024414062358,4.529998779296875,-0.8199996948242188,4.0,8.0,07-05,-1.2549997965494815
05-07,-1.460006713867216,-9.619995117187486,0.0,4.060005187988281,-3.8899993896484375,4.30998992919919,-11.480003356933594,3.8000030517578125,-0.37999725341798296,-0.20999908447264204,4.660003662109375,-5.019996643066406,4.0,8.0,07-06,-1.2691663106282587
05-08,-5.959999084472656,-12.580001831054688,1.0300064086914205,4.5300064086914205,-4.209999084472656,5.1399993896484375,-12.77999877929686,3.220001220703125,-2.059997558593736,-1.839996337890625,5.430000305175781,-7.160003662109375,5.0,7.0,07-07,-2.269998550415034
05-09,-3.8600006103515625,-12.330001831054688,0.9900054931640625,5.5900039672851705,-4.55999755859375,6.160003662109347,-12.590003967285156,4.230003356933594,-0.45999908447264204,-3.9899978637695312,2.159996032714858,-4.800003051757827,5.0,7.0,07-08,-1.954999287923177
05-10,-5.299999237060547,-10.44000244140625,0.720001220703125,2.6699981689453125,-2.720001220703111,5.230003356933608,-12.090003967285156,3.3100051879882812,-1.8799972534179545,-4.840003967285185,1.5500030517578267,-7.0600051879882955,5.0,7.0,07-09,-2.5708335240681954
05-11,-5.220001220703118,-10.25,2.8199996948242045,2.379997253417983,-1.6100006103515767,4.659996032714858,-13.800003051757798,3.44000244140625,-2.3899993896484375,-5.6999969482421875,3.159996032714858,-7.020004272460952,5.0,7.0,07-10,-2.4608345031738263
05-12,-6.410003662109368,-10.610000610351562,3.829994201660142,2.5199966430664205,0.4199981689453125,6.1500015258789205,-14.0,0.9300003051757528,-2.470001220703139,-4.4000015258789205,2.909996032714858,-4.75,6.0,6.0,07-11,-2.156668345133465
05-13,-5.319999694824226,-8.509994506835938,3.5,1.9399948120117188,0.0500030517578125,5.540000915527344,-14.139999389648438,4.029998779296889,-3.80999755859375,-2.8000030517578125,5.0,-2.3499984741210938,6.0,6.0,07-12,-1.405832926432291
05-14,-4.7699966430664205,-5.9900054931640625,2.7600021362304688,2.909996032714858,-2.0999984741210938,4.970001220703125,-14.669998168945327,3.0999984741210938,-3.7299957275390483,-6.870002746582031,3.8000030517577983,-7.310005187988281,5.0,7.0,07-13,-2.3250001271565766
05-15,-4.47999572753907,-5.8800048828125,2.7399978637695312,3.9499969482421875,-0.11000061035157671,6.440002441406236,-13.6199951171875,4.489997863769531,-2.9599990844726562,-6.220008850097656,3.3000030517577983,-3.9300003051757812,5.0,7.0,07-14,-1.356667200724288
05-16,-3.590000152587912,-4.5,3.4399948120117188,4.75,1.0099945068359233,5.290000915527344,-12.050003051757812,4.3600006103515625,-3.3600006103515625,-6.040000915527372,4.629997253417983,-7.150001525878892,6.0,6.0,07-15,-1.100834846496585
05-17,-3.029998779296889,-4.680000305175781,4.67999267578125,4.8899993896484375,0.6399993896484517,6.309997558593736,-11.099998474121108,5.900001525878906,-0.8099975585937642,-5.200004577636733,5.4600067138671875,-4.2000045776367045,6.0,6.0,07-16,-0.09500058492025094
05-18,-1.4599990844726705,-3.7999954223632812,2.2299957275390625,7.550003051757827,-0.09999847412109375,6.309997558593736,-12.41000366210939,6.590003967285142,-1.040000915527358,-3.8199996948242188,4.8800048828125,-3.660003662109361,5.0,7.0,07-17,0.10583368937174124
05-19,-1.2900009155273438,-3.5499954223632812,0.799995422363267,7.089996337890639,-0.6599960327148295,7.940002441406236,-10.77999877929689,6.849998474121108,-2.0799942016601705,-6.389991760253906,3.920005798339858,-0.7300033569335938,5.0,7.0,07-18,0.09333483378092448
05-20,-0.6399993896484375,-0.55999755859375,3.620002746582017,7.7399978637695455,-0.43000030517578125,8.389999389648438,-11.010002136230483,7.239997863769531,-1.9100036621093892,-7.459991455078125,3.3000030517578125,-4.1100006103515625,5.0,7.0,07-19,0.3475004831949846
05-21,0.4199981689453267,-2.9800033569335938,4.860000610351548,8.189994812011719,-1.590003967285142,6.7299957275390625,-11.009994506835923,6.7099990844726705,-2.4000015258789205,-7.839996337890625,2.8000030517578125,-3.6800003051757812,6.0,6.0,07-20,0.017499287923179452
05-22,0.6800003051757812,-1.44000244140625,6.110000610351548,8.559997558593736,-0.5800018310546875,6.450004577636761,-11.739997863769531,6.660003662109389,-1.6600036621093892,-6.6999969482421875,3.5699996948242188,-3.089996337890625,6.0,6.0,07-21,0.568333943684897
05-23,-0.02000427246095171,-0.34000396728515625,5.729995727539048,8.879997253417955,0.06999969482421875,7.019996643066392,-10.349998474121108,6.2099990844726705,-1.80999755859375,-7.169998168945341,6.809997558593736,-8.030006408691392,6.0,6.0,07-22,0.5833314259846935
05-24,0.5899963378906108,-1.2700042724609375,4.8300018310546875,8.77999877929686,1.4600067138671733,8.449996948242159,-9.389999389648438,5.399993896484389,-1.7600021362304688,-4.94000244140625,6.3300018310546875,-1.9100036621093608,7.0,5.0,07-23,1.3808320363362594
05-25,0.2799987792968608,-0.40000152587890625,3.8499984741210938,10.330001831054673,0.5999984741210938,9.740005493164091,-9.77999877929686,3.8199996948242188,-0.48000335693360796,0.07999420166017046,7.0,-2.2600021362304545,8.0,4.0,07-24,1.8983325958251978
05-26,0.2799987792968608,0.6199951171875,6.069999694824219,7.709999084472685,0.8300018310547017,11.040008544921875,-9.77999877929686,3.8899993896484375,-1.470001220703125,-0.05999755859375,7.5100021362304545,-2.2600021362304545,8.0,4.0,07-25,2.031667073567712
05-27,1.3700027465820312,-0.9199981689453125,5.760002136230469,6.060005187988281,-0.05999755859373579,11.040008544921875,-9.59999847412108,3.6400070190429688,-0.8600006103515625,2.4599990844726562,8.23000335693358,-2.8600006103515625,7.0,5.0,07-26,2.021669387817384
05-28,2.0800018310546875,-0.350006103515625,3.1899948120117188,5.819999694824247,-0.05999755859373579,11.360008239746094,-10.299995422363281,2.0699996948242188,0.3300018310546733,3.5100021362304688,8.23000335693358,0.1399993896484375,9.0,3.0,07-27,2.1683343251546234
05-29,1.7600021362304688,2.3300018310546875,2.6599960327148438,5.819999694824247,0.8800048828125284,12.530006408691406,-12.400001525878906,1.6800003051757812,1.0600051879882812,3.5100021362304688,9.770004272460938,-1.5699996948242472,10.0,2.0,07-28,2.3358351389567082
05-30,-0.3600006103515483,3.0100021362304688,0.7199935913085795,8.43000030517581,2.6500015258789205,10.780006408691435,-13.489997863769517,1.260002136230483,1.0600051879882812,-0.26000213623046875,10.25,-1.75,8.0,4.0,07-29,1.8583342234293703
05-31,-0.8700027465820455,3.2699966430664062,0.7199935913085795,9.959999084472642,4.809997558593764,11.030006408691406,-10.229995727539048,1.260002136230483,1.6399993896484517,-0.3500061035155966,9.870002746582031,-3.6800003051757812,8.0,4.0,07-30,2.2858327229817745
06-01,-2.089996337890625,3.2699966430664062,3.1399993896484375,12.849998474121108,2.0800018310546875,10.209999084472628,-9.379997253417955,1.1300048828125284,1.8400039672851562,2.1200027465820312,8.240005493164077,-2.720001220703125,9.0,3.0,07-31,2.5575014750162794
06-02,-2.2299957275390767,1.4300003051757812,3.9099960327148295,13.239997863769531,1.69000244140625,10.319999694824219,-9.330001831054688,1.2600021362304688,5.010002136230483,5.5699996948242045,8.349998474121108,-4.620002746582017,9.0,3.0,08-01,2.883333206176758
06-03,-1.1399993896484375,2.1099929809570312,3.0199966430664062,13.0,1.8000030517578125,9.979995727539077,-8.919998168945312,1.8199996948242188,6.0,4.009994506835923,7.1200027465820455,-7.1100006103515625,9.0,3.0,08-02,2.6408322652181
06-04,-2.0900039672851562,4.930000305175781,5.699996948242173,13.919998168945312,2.9300003051757812,10.180000305175781,-8.360000610351562,-2.05999755859375,7.589996337890639,3.1299972534179545,5.809997558593764,-10.010002136230469,8.0,4.0,08-03,2.639165242513021
06-05,0.09999847412107954,6.450004577636719,3.7699966430664205,14.010002136230483,4.319999694824219,5.720008850097656,-13.109992980957031,-1.5800018310546875,7.2699966430664205,2.6599960327148438,5.459999084472656,-16.869995117187514,9.0,3.0,08-04,1.516667683919272
06-06,0.8199996948242188,7.310005187988281,3.0800018310547017,10.699996948242202,5.850006103515611,3.7099990844726705,-14.819999694824219,-0.55999755859375,6.290000915527344,2.010002136230483,0.05999755859373579,-18.430000305175767,9.0,3.0,08-05,0.5016676584879592
06-07,0.8300018310546875,7.6699981689453125,3.290000915527358,8.860000610351562,3.25,3.7999954223632386,-15.209999084472656,-2.7099990844726562,6.69000244140625,-3.1999969482421733,-0.75,-16.749999999999986,7.0,5.0,08-06,-0.35249964396158856
06-08,0.20999908447265625,8.0,2.8100051879882812,10.28000640869142,1.2999954223632812,0.5899963378906108,-16.389999389648438,-2.4799957275390625,5.430000305175781,-2.3899993896484375,-3.5500030517578267,-16.04000091552733,7.0,5.0,08-07,-1.0191663106282551
06-09,-0.40000152587890625,8.229995727539062,-4.390007019042969,11.39999389648439,0.4499969482422017,1.3600006103515483,-16.389999389648438,-2.4199981689453267,3.7099990844726562,-3.259994506835966,-2.910003662109389,-14.330001831054688,5.0,7.0,08-08,-1.579168319702152
06-10,-0.43000030517576704,4.900001525878906,-2.05999755859375,12.039993286132827,0.6399993896484517,0.39000701904296875,-17.800003051757812,-1.4700012207031108,1.7399978637695312,-2.379997253417983,-3.19000244140625,-10.3800048828125,5.0,7.0,08-09,-1.5000006357828741
06-11,-2.6500015258789062,4.670005798339844,-8.680000305175781,12.229995727539062,1.8800048828124858,0.5500030517578125,-15.930000305175795,-0.900001525878892,2.30999755859375,-3.6800003051758097,-2.0699996948242188,-1.9000015258789062,5.0,7.0,08-10,-1.1808331807454462
06-12,-3.1699981689453125,5.1100006103515625,-5.529998779296875,11.40000152587892,3.3600006103515625,-0.45999908447265625,-16.120002746582045,-0.779998779296875,2.8499984741210938,-3.200004577636733,-1.090003967285142,-5.589996337890625,4.0,8.0,08-11,-1.101666768391927
06-13,-1.8499984741210795,4.8600006103515625,-8.360000610351562,12.010002136230483,1.4099960327148438,0.5999984741210795,-13.400001525878906,-1.9599990844726562,2.760002136230483,-3.190002441406264,2.3199996948242188,-1.5,6.0,6.0,08-12,-0.5250002543131499
06-14,-3.1399993896484375,2.9499969482421875,-10.029998779296875,10.709999084472642,2.220001220703125,-0.8299942016601278,-13.510002136230469,-1.1399993896484375,4.290000915527344,-3.980003356933608,1.6100006103515483,-1.6100006103515625,5.0,7.0,08-13,-1.0383332570393893
06-15,-2.3600006103515767,1.899993896484375,-7.840003967285156,9.22000122070311,0.5800018310546733,-1.449996948242159,-12.5,-0.48999786376951704,3.779998779296875,-0.7000045776367188,0.1600036621093608,-0.5100021362304688,5.0,7.0,08-14,-0.8508338928222668
06-16,-1.159996032714858,2.1800003051757812,-5.3600006103515625,9.819999694824219,1.279998779296875,-0.9399948120116903,-13.25,0.3300018310546875,0.8800048828125,-3.529998779296889,1.0,-3.30999755859375,6.0,6.0,08-15,-1.0049985249837239
06-17,-0.11000061035157671,1.75,-3.30999755859375,9.860000610351562,0.8300018310546733,-1.2300033569336222,-12.97000122070314,0.5900039672851562,1.25,-3.3899993896484375,-3.6500015258789205,-0.8199996948242188,5.0,7.0,08-16,-0.9333330790201894
06-18,0.09999847412110796,1.8800048828125,-0.8100051879882812,9.110000610351562,0.530006408691392,-2.6800003051757812,-14.400001525878906,0.15999603271484375,1.1100006103515625,-8.02999877929689,-5.190002441406264,-2.120002746582017,6.0,6.0,08-17,-1.6950003306070975
06-19,0.5699996948242188,1.9899978637695312,-1.7700042724609375,8.510002136230455,1.5500030517577983,-5.030006408691406,-13.480003356933594,0.01000213623048296,-0.6200027465820312,-7.599998474121108,-5.1500015258789205,-0.2799987792968608,5.0,7.0,08-18,-1.775000890096031
06-20,0.829994201660142,2.0499954223632812,-2.2300033569335938,8.940002441406264,2.3000030517577983,-6.239997863769531,-17.05999755859375,-0.3899993896484375,0.35999298095703125,-7.349998474121108,-7.330001831054673,-0.8199996948242188,5.0,7.0,08-19,-2.2450008392333998
06-21,1.1800003051757812,1.3199996948242188,-3.9099960327148438,13.300003051757812,0.9499969482421733,-6.679992675781264,-16.849998474121094,-1.019996643066392,2.349998474121108,-4.92999267578125,-9.120002746582017,-3.9599990844726562,5.0,7.0,08-20,-2.2808316548665353
06-22,2.4000015258789205,3.0400009155273438,-3.3899993896484375,12.22000122070314,1.8400039672851562,-5.349998474121108,-19.37999725341797,-0.06999969482421875,1.4700012207031108,-7.2999954223632955,-7.600006103515611,-5.1999969482421875,5.0,7.0,08-21,-2.276665369669596
06-23,2.200004577636733,4.779998779296875,-6.1200027465820455,13.439994812011719,1.470001220703125,-5.4899978637695455,-19.17999267578125,-0.8899993896484375,1.4800033569335938,-4.8600006103515625,-8.78000640869142,-5.050003051757798,5.0,7.0,08-22,-2.2500000000000013
06-24,2.4400024414062784,5.0099945068359375,-4.6100006103515625,12.900001525878906,0.879997253417983,-4.2800064086914205,-18.35999298095703,0.4199981689453125,1.6399993896484375,-4.669998168945327,-7.0300064086914205,-1.25,6.0,6.0,08-23,-1.4091676076253254
06-25,1.75,4.9900054931640625,-5.599998474121108,13.069999694824219,0.25,-3.7399978637695455,-19.099998474121094,1.5800018310546733,2.220001220703125,-3.69000244140625,-5.760002136230483,-4.400001525878906,6.0,6.0,08-24,-1.5358327229817756
06-26,3.7800064086914205,5.090003967285156,-1.5699996948242188,11.200004577636705,-0.45000457763670454,-2.989997863769503,-22.839996337890625,1.3199996948242188,2.470001220703125,-5.2400054931640625,-6.050003051757827,-1.3799972534179688,5.0,7.0,08-25,-1.388332366943357
06-27,3.8800048828125,3.8199996948242188,-1.3100051879882812,9.580001831054688,-0.4199981689453125,-3.25,-24.569999694824205,1.8399963378906392,2.5400009155273438,-7.0800018310546875,-5.379997253417969,-0.470001220703125,5.0,7.0,08-26,-1.7349999745686826
06-28,3.7700042724609375,4.1100006103515625,-2.7600021362304688,7.8300018310546875,1.19000244140625,-2.710006713867159,-26.670005798339844,0.5699996948242472,2.3300018310546875,-7.560005187988281,-9.260002136230455,-1.5400009155273438,6.0,6.0,08-27,-2.5583343505859317
06-29,4.209999084472656,5.709999084472656,-3.69000244140625,6.510002136230483,-0.2400054931640625,-2.300003051757784,-23.60000610351561,-1.2200012207031108,3.3199996948241903,-7.419998168945298,-9.099998474121108,-2.8899993896484375,4.0,8.0,08-28,-2.559167861938473
06-30,4.839996337890625,6.209999084472656,-6.879997253417969,5.870002746582031,-0.2700042724609233,-1.9100036621093466,-23.3800048828125,-2.94000244140625,3.9000015258789062,-3.9000015258789062,-9.009994506835938,-4.450004577636719,4.0,8.0,08-29,-2.660001118977861
07-01,4.569999694824233,5.8499984741210795,-7.239997863769531,6.489997863769531,2.7299957275390767,-1.8999938964843466,-23.0,-2.8300018310546875,1.4599990844726847,-4.3899993896484375,-8.009994506835938,-2.8400039672851562,5.0,7.0,08-30,-2.4258333841959576
07-02,6.5800018310546875,7.620002746582031,-6.380004882812528,5.940002441406236,2.659996032714858,-1.589996337890625,-18.230003356933608,-1.5199966430664205,1.5599975585937642,-4.029998779296875,-6.099998474121094,-3.399993896484375,5.0,7.0,08-31,-1.4074993133544957
07-03,6.540000915527344,6.220001220703125,-6.720001220703139,4.430000305175753,2.7299957275390767,-2.550003051757784,-14.339996337890625,-1.870002746582017,1.4300003051757955,-4.510002136230469,-6.519996643066406,-2.94000244140625,5.0,7.0,09-01,-1.508333841959633
07-05,4.3400039672851705,9.209999084472656,-6.2800064086914205,5.770004272460923,-0.1399993896484375,-1.020004272460909,-16.579994201660156,-2.9899978637695312,3.1100006103515483,-3.7600021362304688,-6.0200042724609375,-5.489997863769531,4.0,8.0,09-03,-1.654166539510091
07-06,3.9000015258789062,9.209999084472656,-6.2400054931640625,5.8600006103515625,-0.8099975585937358,-2.9300003051757812,-16.709999084472656,-4.0,3.910003662109375,-4.330001831054673,-5.879997253417969,-5.379997253417969,4.0,8.0,09-04,-1.9499994913736955
07-07,5.340000152587891,7.319999694824219,-7.75,7.700004577636719,-0.6899948120117188,-2.6100006103515625,-17.209999084472656,-2.470001220703111,4.130004882812528,-7.529998779296861,-7.3300018310546875,-3.1199951171875,4.0,8.0,09-05,-2.018331845601395
07-08,5.260002136230462,6.359992980957031,-7.370002746582031,6.760002136230469,-0.37999725341795454,-2.0399932861328125,-15.500000000000014,-4.55999755859375,5.720001220703139,-7.119995117187472,-6.349998474121094,-3.1599960327148438,4.0,8.0,09-06,-1.8649984995524058
07-09,4.959999084472656,5.6100006103515625,-8.0,6.30999755859375,-2.4099960327148438,-3.529998779296875,-15.720001220703125,-4.459999084472656,6.400001525878892,-7.0699996948242045,-6.099998474121094,0.45000457763671875,5.0,7.0,09-07,-1.9633324940999348
07-10,6.930000305175788,6.150001525878906,-8.800003051757812,6.889999389648452,-2.0400009155273438,-3.4499969482422017,-16.150001525878906,-2.9599990844726562,8.75,-8.669998168945312,-8.190002441406236,-2.9500045776367188,4.0,8.0,09-08,-2.0408337910970036
07-11,6.520000457763679,5.200004577636719,-5.120002746582031,5.9199981689453125,-2.399993896484361,-1.0699996948242188,-17.93000030517578,-2.510002136230483,8.669998168945298,-4.599998474121094,-7.790000915527344,-3.470001220703125,4.0,8.0,09-09,-1.5483331680297858
07-12,8.040004730224616,5.400001525878906,-5.099998474121094,8.0,-2.849998474121108,-3.0499954223632812,-17.76000213623047,-3.9000015258789205,7.900001525878906,-9.02999877929689,-7.720001220703111,-6.430000305175781,4.0,8.0,09-10,-2.208332379659019
07-13,7.89000320434571,4.019996643066406,-5.799995422363281,7.989997863769517,-2.4599990844726562,-4.079994201660156,-19.68000030517578,-3.7700042724609517,7.670005798339844,-9.44000244140625,-6.3300018310546875,-5.370002746582031,4.0,8.0,09-11,-2.4466663996378597
07-14,7.3300018310546875,4.1999969482421875,-6.2599945068359375,7.180000305175781,-1.6699981689452983,-4.9799957275390625,-20.630004882812486,-2.5799942016601562,6.339996337890639,-8.5,-3.8700027465820312,-8.319999694824219,4.0,8.0,09-12,-2.646666208902991
07-15,5.760002136230469,4.319999694824219,-11.0,7.400001525878906,-0.7600021362304688,-4.9799957275390625,-19.319999694824205,-5.760002136230469,8.30999755859375,-7.9600067138671875,-4.44000244140625,-8.860000610351562,4.0,8.0,09-13,-3.107500712076822
07-16,6.55999755859375,7.319999694824219,-10.319999694824219,7.700004577636719,-0.20000457763673296,-6.6100006103515625,-18.81999969482422,-3.839996337890625,8.27999877929686,-7.19000244140625,-3.480003356933608,-10.209999084472656,4.0,8.0,09-14,-2.5675004323323605
07-17,5.629997253417969,7.25,-10.300003051757812,7.0500030517578125,-0.43000030517578125,-6.250000000000028,-17.360000610351562,-6.659996032714844,9.970001220703125,-6.120002746582031,-2.8600006103515625,-9.5,4.0,8.0,09-15,-2.465000152587893
07-18,5.400001525878906,7.510002136230469,-8.92000579833983,6.600006103515639,-1.5800018310546875,-7.7299957275390625,-17.17000579833983,-7.6699981689453125,10.459999084472656,-5.739997863769531,-3.2600021362304688,-7.9799957275390625,4.0,8.0,09-16,-2.506666183471676
07-19,5.989997863769531,7.209999084472656,-10.17000579833983,7.720001220703139,-2.7700042724609375,-7.049995422363267,-15.770004272460923,-7.620002746582031,9.720001220703125,-5.369995117187514,-3.5400009155273438,-8.919998168945312,4.0,8.0,09-17,-2.547500610351559
07-20,6.80999755859375,6.1100006103515625,-9.79000091552733,8.059997558593764,-2.9499969482421875,-6.329994201660128,-13.92000579833983,-7.1699981689453125,9.819999694824247,-4.889999389648452,-1.1899948120117188,-6.709999084472656,4.0,8.0,09-18,-1.8458328247070241
07-21,6.1999969482421875,7.040000915527344,-10.169998168945298,9.190002441406236,-2.69000244140625,-6.569992065429659,-14.8800048828125,-5.8899993896484375,11.379997253417955,-3.8199996948242045,-1.4199981689453267,-12.830001831054688,4.0,8.0,09-19,-2.038333257039387
07-22,6.5099945068359375,5.6100006103515625,-9.34000396728517,9.020004272460923,-1.2099990844726562,-7.860000610351591,-14.490005493164077,-7.82000732421875,11.990005493164034,-3.200004577636733,-1.129997253417983,-12.480003356933594,4.0,8.0,09-20,-2.0333347320556747
07-23,4.0800018310546875,4.94000244140625,-9.389999389648438,8.650001525878892,-1.4400024414062642,-9.160003662109375,-13.52999877929686,-5.029998779296875,13.139999389648423,-1.8199996948242045,-1.6399993896484375,-12.22000122070314,4.0,8.0,09-21,-1.9516665140787783
07-24,4.209999084472656,5.279998779296875,-10.30999755859375,10.299995422363295,-0.5500030517578267,-10.710006713867188,-12.860000610351562,-5.370002746582017,13.170005798339844,-4.339996337890611,-2.3600006103515625,-11.919998168945298,4.0,8.0,09-22,-2.1216672261555956
07-25,3.2000045776367045,5.129997253417969,-13.830001831054688,10.54000091552733,-2.319999694824247,-8.77000427246098,-11.050003051757812,-3.440002441406264,11.980003356933608,-5.389999389648423,-1.9699935913085795,-14.739997863769531,4.0,8.0,09-23,-2.5549996693929096
07-26,3.779998779296861,4.629997253417969,-13.300003051757812,9.580001831054688,-2.6399993896484517,-9.750007629394545,-11.889999389648438,-3.0500030517578267,11.25,-4.529998779296889,0.5999984741210938,-15.510002136230469,5.0,7.0,09-24,-2.5691680908203183
07-27,2.5200042724609233,3.9499969482421875,-11.360000610351548,8.540000915527315,-0.6500015258789062,-10.180007934570298,-13.019996643066406,-2.6300048828125284,10.360000610351562,-4.8400039672851705,0.6699981689453125,-19.090003967285156,5.0,7.0,09-25,-2.977501551310226
07-28,3.0300064086914205,3.69000244140625,-14.860000610351562,7.959999084472656,-1.6800003051757955,-10.840003967285156,-16.279998779296875,-1.80999755859375,9.169998168945298,-5.209999084472642,-0.4900054931640767,-17.160003662109375,4.0,8.0,09-26,-3.706666946411134
07-29,4.25,2.5200042724609375,-14.009994506835938,7.1100006103515625,-2.0999984741210938,-10.019996643066378,-17.12999725341797,-3.2600021362304688,8.799995422363281,-4.459999084472642,-0.7200012207031108,-18.12000274658203,4.0,8.0,09-27,-3.928332646687821
07-30,3.0100021362304688,3.910003662109375,-13.889999389648438,6.4800033569335795,-1.7099990844726562,-10.129997253417969,-16.139999389648438,-0.3300018310546875,8.32999420166017,-5.880004882812486,-0.829994201660142,-14.469993591308594,4.0,8.0,09-28,-3.470832188924151
07-31,1.1900024414062642,2.279998779296875,-11.83999633789061,6.720001220703111,-1.8199996948242188,-8.560005187988281,-10.780006408691406,-0.12999725341796875,8.259994506835966,-4.3199996948242045,0.40000152587892046,-12.110000610351562,5.0,7.0,09-29,-2.559167226155593
08-01,1.2999954223632812,3.0799942016601562,-13.639999389648438,5.800003051757798,-2.9500045776367188,-6.430000305175781,-9.830001831054688,3.0400009155273438,6.669998168945327,-3.440002441406236,-0.579994201660142,-10.879997253417969,5.0,7.0,09-30,-2.321667353312172
08-02,0.5100021362304688,3.4799957275390625,-11.709999084472685,7.949996948242202,-2.309997558593764,-7.619995117187486,-9.349998474121094,2.5600051879882812,6.9899978637695455,-1.290000915527358,-2.1300048828125,-12.909996032714844,5.0,7.0,10-01,-2.152499516805014
08-03,0.029998779296875,2.6199951171875,-11.020004272460966,5.439994812011719,-2.489997863769517,-8.849998474121065,-6.720001220703125,1.5400009155273438,8.190002441406264,-1.7700042724609233,-0.1399993896484233,-12.80999755859375,5.0,7.0,10-02,-2.165000915527339
08-04,0.01999664306640625,2.2600021362304688,-2.4499969482421875,5.940002441406236,-2.6699981689452983,-10.519996643066378,-6.3300018310546875,0.8799972534179688,7.3899993896484375,0.08999633789063921,-2.729995727539034,-14.489997863769531,6.0,6.0,10-03,-1.8841660817464134
08-05,0.6399993896484375,1.9800033569335938,-5.0200042724609375,6.650001525878892,-3.1599960327148295,-7.30999755859375,-5.150001525878906,2.4099960327148295,7.650001525878906,0.43999481201171875,-6.449996948242173,-15.199996948242188,6.0,6.0,10-04,-1.8766663869222004
08-06,-0.44000244140625,3.2199935913085938,-0.37000274658203125,4.830001831054673,-2.30999755859375,-8.080001831054688,-6.850006103515625,1.25,8.040000915527344,1.009994506835966,-7.089996337890611,-17.050003051757812,5.0,7.0,10-05,-1.9866682688395159
08-07,-1.3600006103515625,2.0199966430664062,1.2300033569335938,4.190002441406236,-2.5,-8.540000915527344,-2.1999969482421875,0.06999969482420454,7.8000030517578125,0.12999725341798296,-6.80999755859375,-15.610000610351562,6.0,6.0,10-06,-1.7983328501383475
08-08,0.15999603271482954,4.099998474121094,4.410003662109375,4.0,-4.819999694824219,-10.150001525878906,-1.8600006103515625,1.030006408691392,7.230003356933594,1.4300003051758097,-10.080001831054688,-17.030006408691406,7.0,5.0,10-07,-1.7983334859212239
08-09,1.329994201660142,4.599998474121094,1.2600021362304688,4.520004272460952,-4.3700027465820455,-9.620002746582031,1.0999984741210938,0.910003662109375,6.69000244140625,2.4199981689453267,-8.569999694824219,-17.43000030517578,8.0,4.0,10-08,-1.4300003051757812
08-10,1.2799987792968608,4.849998474121094,4.090003967285156,3.9499969482422017,-3.930000305175753,-11.69000244140625,2.2300033569335938,2.0900039672851562,8.470001220703125,1.9900054931640625,-8.290000915527315,-15.950004577636719,8.0,4.0,10-09,-0.9091663360595655
08-11,2.5699996948242188,6.760002136230469,0.5400009155273438,4.3400039672851705,-5.0699996948242045,-9.760002136230455,2.3400039672851562,0.779998779296875,7.799995422363281,2.399993896484389,-9.840003967285142,-15.840003967285156,8.0,4.0,10-10,-1.0816675821940045
08-12,1.790000915527358,6.4499969482421875,-1.4599990844726562,4.0800018310546875,-5.670005798339844,-9.139999389648423,1.3300018310546875,0.10999298095703125,9.0,4.379997253417983,-8.41000366210936,-16.94000244140625,7.0,5.0,10-11,-1.2066682179768833
08-13,2.9199981689452983,6.540000915527344,-0.900001525878892,-0.8300018310546733,-6.3700027465820455,-9.650001525878892,4.060005187988281,1.2100067138671875,10.090003967285142,0.15999603271485796,-9.25,-14.599998474121094,6.0,6.0,10-12,-1.3849995930989571
08-14,4.1300048828125,6.0,-1.5,-0.870002746582017,-5.920005798339844,-12.449996948242173,3.5800018310546875,0.2700042724609375,10.620002746582031,0.01999664306640625,-4.5999984741210795,-16.349998474121094,6.0,6.0,10-13,-1.4224993387858038
08-15,7.080001831054702,6.129997253417969,-1.3199996948242188,-0.12000274658201704,-3.8700027465820455,-12.209999084472656,5.5099945068359375,-0.6199951171875,10.760002136230469,4.659996032714858,-2.3600006103515767,-16.259994506835938,5.0,7.0,10-14,-0.2183335622151681
08-16,7.480003356933608,5.959999084472656,-0.3600006103515625,-0.26000213623045454,-2.209999084472642,-14.270004272460923,5.149993896484375,-0.4700012207031392,12.490005493164062,0.7699966430664062,0.34000396728514204,-17.3699951171875,6.0,6.0,10-15,-0.2291666666666643
08-17,8.870002746582045,5.900001525878906,0.09999847412109375,-0.5900039672851562,-0.0800018310546875,-16.520004272460923,6.529998779296875,-0.06999969482421875,13.220001220703125,-0.03000640869139204,-1.129997253417983,-17.81999969482422,5.0,7.0,10-16,-0.13500086466471117
08-18,8.519996643066406,6.629997253417969,4.550003051757827,0.3000030517578125,-0.5100021362304688,-17.030006408691392,6.319999694824219,-2.7600021362304545,12.680000305175781,-0.8099975585937642,-1.0,-14.680000305175781,6.0,6.0,10-17,0.1841659545898461
08-19,7.299995422363267,8.060005187988281,7.180000305175781,1.5699996948242188,0.5,-18.36000061035155,8.849998474121094,-1.2399978637695312,14.34999847412108,-0.23999786376951704,-2.1999969482422017,-13.44000244140625,7.0,5.0,10-18,1.0275001525878895
08-20,8.069999694824219,8.55999755859375,5.309997558593764,2.660003662109375,0.8700027465820312,-18.22000122070311,11.480003356933594,-0.5800018310546733,14.44000244140625,-0.45999908447265625,-1.019996643066392,-11.299995422363281,7.0,5.0,10-19,1.6508344014485725
08-21,7.079994201660142,9.430000305175781,9.649993896484403,3.1999969482421875,1.4600067138671733,-16.870002746582017,15.529998779296875,-0.15000152587889204,12.370002746582031,-0.650001525878892,-2.769996643066392,-12.19000244140625,7.0,5.0,10-20,2.1741657257080127
08-22,6.900001525878906,7.739997863769531,8.939994812011719,3.029998779296875,1.2299957275390625,-15.309997558593764,17.909996032714844,0.32999420166017046,11.790000915527344,-1.6299972534179688,-2.3800048828125,-15.919998168945312,8.0,4.0,10-21,1.8858318328857422
08-23,6.269996643066406,8.969993591308594,4.9099960327148295,3.3600006103515625,0.12000274658203125,-16.349998474121108,17.8699951171875,0.589996337890625,11.540000915527344,-0.6299972534179688,-0.4400024414062642,-15.519996643066406,8.0,4.0,10-22,1.7241655985514288
08-24,6.209999084472656,10.239997863769531,4.650001525878892,1.3699951171874716,0.9800033569335938,-12.75,17.209999084472656,0.06999969482420454,10.759994506835966,-0.8700027465820455,0.8700027465820455,-16.329994201660156,9.0,3.0,10-23,1.8674996693929014
08-25,6.319999694824219,9.949996948242188,7.430000305175781,1.0099945068359233,1.8000030517578125,-13.839996337890625,19.310005187988295,-0.01999664306639204,10.409996032714844,-3.1399993896484375,2.0600051879882812,-15.259994506835938,8.0,4.0,10-24,2.1691678365071625
08-26,5.8800048828125,10.919998168945312,8.680000305175781,-2.350006103515639,1.2900009155273295,-14.25,16.240005493164062,-0.01999664306642046,11.169998168945298,-6.9499969482421875,2.2400054931640767,-13.909996032714844,7.0,5.0,10-25,1.5783348083496058
08-27,6.290000915527344,9.620002746582031,7.529998779296889,-2.0200042724609375,1.3199996948241903,-14.639999389648438,13.980003356933608,-1.3899993896484233,11.47000122070311,-10.139999389648438,2.1500015258789062,-11.510002136230469,7.0,5.0,10-26,1.0550003051757812
08-28,6.0,11.090003967285156,5.760002136230483,-2.6399993896484375,-1.6800003051758097,-12.559997558593764,10.809997558593736,-1.280006408691392,10.680000305175753,-9.650001525878906,1.1500015258789062,-13.05999755859375,6.0,6.0,10-27,0.3850002288818312
08-29,5.5099945068359375,11.370002746582031,8.02999877929689,-2.090003967285142,0.18999481201171875,-13.539993286132841,7.779998779296875,-0.8600006103515625,10.580001831054673,-10.010002136230469,0.06000518798828125,-12.989997863769531,7.0,5.0,10-28,0.3358332316080717
08-30,6.649993896484375,10.529998779296875,8.3699951171875,-1.220001220703125,0.15999603271484375,-12.520004272460938,6.709999084472656,-0.5099945068359659,10.709999084472642,-8.229995727539077,0.9499969482421875,-14.419998168945312,7.0,5.0,10-29,0.5983320871988885
08-31,5.9499969482421875,10.229995727539062,7.930000305175781,-2.4500045776367188,0.3600006103515767,-10.41000366210939,8.800003051757812,0.6100006103515483,10.81999969482419,-6.930000305175781,2.2100067138671875,-17.050003051757812,8.0,4.0,10-30,0.8391660054524704
09-01,7.4099960327148295,7.540000915527344,10.450004577636719,-0.26000213623046875,0.9499969482422017,-10.400001525878906,11.599998474121094,-0.29000091552734375,4.779998779296861,-9.940002441406264,1.8600006103515483,-16.20000457763672,7.0,5.0,10-31,0.6249987284342412
09-02,7.849998474121094,6.9900054931640625,13.229995727539062,-0.04000091552734375,-0.25,-10.400001525878906,11.730003356933594,2.8899993896484375,4.949996948242202,-8.020004272460952,0.09000396728515625,-16.31000518798828,7.0,5.0,11-01,1.0591659545898438
09-03,9.6199951171875,4.599998474121094,9.440002441406236,-0.980003356933608,-0.25,-10.720001220703125,11.629997253417969,2.3199996948242188,6.449996948242202,-7.220001220703139,0.09000396728515625,-13.479995727539062,7.0,5.0,11-02,0.9583326975504534
09-04,7.5800018310546875,4.399993896484375,6.470001220703125,-0.980003356933608,-0.5599975585937642,-9.600006103515597,14.209999084472642,4.0500030517578125,6.4599990844726705,-7.220001220703139,-0.8899993896484375,-12.430000305175781,6.0,6.0,11-03,0.9574991861979155
09-05,6.159996032714844,5.099998474121094,8.930000305175781,-0.5299987792968892,-1.4100036621093892,-7.4500045776367045,18.12000274658203,2.9599990844726562,6.4599990844726705,-7.269996643066406,-1.5,-6.819999694824219,6.0,6.0,11-04,1.8958326975504558
09-06,6.219993591308594,5.649993896484375,8.930000305175781,-1.5699996948242188,-3.1999969482421733,-9.430000305175781,21.300003051757812,2.9599990844726562,4.1100006103515625,-4.060005187988281,-2.0500030517578267,-7.230003356933594,6.0,6.0,11-05,1.802498499552409
09-07,5.799995422363281,5.649993896484375,5.25,-5.6299972534179545,-4.120002746582031,-10.83999633789061,19.93000030517578,2.510002136230483,3.529998779296889,0.1300048828125,2.1800003051757812,-7.200004577636719,8.0,4.0,11-06,1.432499567667648
09-08,5.799995422363281,5.4499969482421875,7.7199935913085795,-4.7699966430664205,-3.7700042724609233,-9.159996032714858,19.93000030517578,1.269996643066392,4.209999084472642,4.459999084472642,2.5500030517577983,-7.200004577636719,8.0,4.0,11-07,2.207498550415032
09-09,5.9499969482421875,7.779998779296875,11.239997863769545,-3.5999984741210938,-1.0800018310546875,-8.129997253417983,21.849998474121094,3.5100021362304688,4.5200042724609375,4.4199981689453125,0.5100021362304688,-8.260002136230469,8.0,4.0,11-08,3.225833257039388
09-10,5.790000915527344,6.160003662109375,11.80999755859375,-6.449996948242173,-1.8700027465820455,-7.229995727539077,18.889999389648423,4.599998474121094,4.720001220703111,6.389999389648452,-1.9499969482421875,-6.010002136230469,7.0,5.0,11-09,2.9041671752929665
09-11,6.779998779296875,5.5500030517578125,12.949996948242188,-6.669998168945298,-2.779998779296875,-5.3000030517578125,18.23999786376953,5.040000915527344,4.150001525878906,5.850006103515639,-1.3799972534179688,-6.540000915527344,7.0,5.0,11-10,2.9908339182535832
09-12,6.620002746582031,4.30999755859375,8.3699951171875,-6.970001220703111,-3.9799957275390625,-3.8600006103515767,16.550003051757812,5.3899993896484375,4.1800003051757955,5.080001831054702,0.470001220703125,2.1100006103515625,9.0,3.0,11-11,3.1891670227050803
09-13,7.299995422363281,5.9199981689453125,8.349998474121094,-10.689994812011719,-2.9499969482422017,-6.3199996948242045,17.460006713867188,8.209999084472656,2.4899978637695312,3.059997558593764,-0.5699996948242188,5.779998779296875,8.0,4.0,11-12,3.1700000762939466
09-14,7.470001220703125,5.659996032714844,6.970001220703111,-11.410003662109375,-3.0,-5.799995422363281,16.42000579833983,9.220001220703125,2.7900009155273153,2.1300048828125284,-3.3100051879882812,5.1699981689453125,8.0,4.0,11-13,2.6925004323323543
09-15,6.8800048828125,5.959999084472656,6.239997863769517,-11.209999084472656,-4.0800018310546875,-6.589996337890611,15.020004272460923,8.290000915527344,2.5500030517578267,-0.12000274658204546,-3.160003662109389,6.1100006103515625,7.0,5.0,11-14,2.157500584920245
09-16,6.060005187988281,7.0399932861328125,7.420005798339844,-11.860000610351562,-3.9900054931640625,-7.30999755859375,13.17000579833983,8.800003051757812,2.040000915527358,-2.160003662109389,-1.8400039672851705,3.9000015258789062,7.0,5.0,11-15,1.7725003560384092
09-17,5.4499969482421875,6.980003356933594,7.459999084472656,-14.639999389648438,-4.25,-7.069999694824219,10.449996948242188,8.549995422363281,1.7299957275390767,-1.790000915527358,-1.6100006103515625,3.6699981689453125,7.0,5.0,11-16,1.2441654205322266
09-18,5.3000030517578125,4.959999084472656,4.55999755859375,-14.470001220703125,-5.730003356933594,-7.690002441406236,10.94000244140625,10.919998168945312,1.259994506835966,-2.4099960327148295,-1.9000015258789062,4.25,7.0,5.0,11-17,0.8324991861979214
09-19,6.55999755859375,2.5800018310546875,2.340003967285142,-14.099998474121094,-5.880004882812472,-8.48000335693358,13.360000610351577,10.30999755859375,0.11000061035157671,-3.790000915527358,-1.7000045776367188,6.159996032714844,7.0,5.0,11-18,0.6224988301595088
09-20,6.7599945068359375,2.55999755859375,3.2600021362304545,-16.22999572753905,-4.860000610351548,-7.739997863769517,12.94000244140625,10.650001525878892,0.07999420166015625,-2.470001220703111,-3.6800003051757812,6.159996032714844,7.0,5.0,11-19,0.6191660563151066
09-21,6.8699951171875,2.7099990844726562,6.780006408691392,-15.400001525878892,-4.959999084472642,-8.019996643066392,14.120002746582031,8.72000122070314,-1.9000015258789062,-2.0699996948241903,-6.349998474121108,6.159996032714844,6.0,6.0,11-20,0.555000305175786
09-22,6.290000915527344,3.2099990844726562,9.910003662109375,-13.430000305175781,-3.459999084472642,-7.019996643066392,14.959999084472656,8.139999389648452,-2.5800018310546875,-3.200004577636733,-8.450004577636705,6.930000305175781,6.0,6.0,11-21,0.9416662851969436
09-23,7.549995422363281,5.279998779296875,7.869995117187486,-13.430000305175781,-3.5199966430664062,-6.589996337890639,16.089996337890625,9.979995727539077,-3.269996643066392,-3.200004577636733,-7.560005187988281,10.510002136230469,6.0,6.0,11-22,1.6424986521402982
09-24,6.629997253417969,3.8199996948242188,4.170005798339858,-14.22000122070311,-2.489997863769517,-5.930000305175781,13.94000244140625,11.400001525878906,-3.269996643066392,-6.520004272460952,-6.400001525878892,10.659996032714844,6.0,6.0,11-23,0.9825000762939501
09-25,6.109992980957031,3.3699951171875,4.170005798339858,-13.370002746582017,-2.0699996948242188,-3.370002746582017,11.310005187988281,11.400001525878906,-2.8199996948242045,-7.270004272460952,-6.170005798339858,10.629997253417969,6.0,6.0,11-24,0.9933319091796898
09-26,7.040000915527344,3.3699951171875,4.9300003051757955,-12.740005493164034,-0.02999877929686079,-2.8899993896484375,14.240005493164062,11.84000396728517,-2.3499984741210938,-5.849998474121108,-1.3900070190429688,8.529998779296875,6.0,6.0,11-25,2.058333079020187
09-27,7.040000915527344,1.6699981689453125,2.8799972534179688,-13.099998474121108,1.3899993896484375,-2.9600067138671733,14.240005493164062,11.639999389648452,-2.279998779296889,-4.900001525878906,0.02999877929686079,8.529998779296875,8.0,4.0,11-26,2.014999389648436
09-28,7.3300018310546875,0.8700027465820312,4.6800003051757955,-11.08999633789064,2.239997863769517,-2.9600067138671733,15.580001831054688,8.47000122070314,-1.7099990844726705,-8.680000305175781,-0.2200012207031392,8.529998779296875,7.0,5.0,11-27,1.9200000762939442
09-29,8.1199951171875,0.470001220703125,-0.6399993896484375,-12.260002136230483,2.239997863769517,-4.400001525878892,15.099998474121094,9.730003356933594,-0.989997863769517,-9.409996032714844,-0.2200012207031392,10.55999755859375,6.0,6.0,11-28,1.5249996185302723
09-30,8.599998474121094,1.8799972534179688,-0.29999542236328125,-13.870002746582045,1.279998779296875,-3.1699981689453125,12.470001220703125,8.080001831054688,-1.8400039672851562,-9.180000305175781,-0.80999755859375,10.459999084472656,6.0,6.0,11-29,1.1333332061767567
10-01,10.830001831054688,0.100006103515625,5.8899993896484375,-11.669998168945312,1.4599990844726562,-1.5,12.53000640869142,8.050003051757798,-0.9800033569335795,-6.25,1.7799987792968608,12.040000915527344,8.0,4.0,11-30,2.6900011698404946
10-02,10.029998779296875,0.3800048828125,7.510002136230469,-12.379997253417969,1.9499969482421875,-2.0,8.819999694824233,6.889999389648423,-0.25,-6.5999984741210795,5.5,11.269996643066406,8.0,4.0,12-01,2.5933335622151703
10-03,8.650001525878906,-0.339996337890625,12.94000244140625,-10.55999755859375,4.1699981689453125,-8.83999633789061,7.290000915527344,9.110000610351562,-0.6399993896484375,-7.169998168945327,4.9199981689453125,9.760002136230469,7.0,5.0,12-02,2.4408346811930337
10-04,9.669998168945312,1.3899993896484375,11.339996337890625,-11.360000610351562,4.310005187988281,-6.359992980957031,8.450004577636719,10.290000915527358,-0.40000152587890625,-6.099998474121108,3.279998779296861,9.760002136230469,8.0,4.0,12-03,2.855834325154621
10-05,9.340003967285156,-0.69000244140625,8.159996032714844,-11.809997558593764,4.4699935913085795,-4.069999694824219,6.220001220703125,9.32999420166017,0.40999603271482954,-6.389999389648452,3.5400009155273153,9.760002136230469,8.0,4.0,12-04,2.3558324178059835
10-06,8.170005798339844,-1.19000244140625,7.220001220703125,-12.95999908447267,4.649993896484361,-4.379997253417969,3.2600021362304688,11.110000610351562,2.480003356933608,-5.899993896484389,2.6299972534179545,10.159996032714844,8.0,4.0,12-05,2.104167302449541
10-07,8.220001220703125,0.9800033569335938,7.2900009155273295,-13.66000366210939,3.899993896484361,-2.30999755859375,2.1299972534179688,10.730003356933594,3.1299972534179688,-4.1699981689453125,3.680000305175753,8.680000305175781,9.0,3.0,12-06,2.383333206176752
10-08,6.510002136230469,0.9499969482421875,4.620002746582017,-12.450004577636733,5.0399932861328125,-4.2399978637695455,-1.0600051879882812,9.269996643066406,2.6800003051757812,-7.599998474121108,5.2300033569335795,7.239997863769531,8.0,4.0,12-07,1.3491655985514264
10-09,5.30999755859375,1.2399978637695312,6.160003662109361,-12.19000244140625,5.639999389648452,-2.230003356933608,0.1399993896484375,8.77999877929689,1.9000015258789062,-9.580001831054702,3.8000030517577983,8.459999084472656,9.0,3.0,12-08,1.452499389648435
10-10,4.5,2.5900039672851562,6.3199996948242045,-7.279998779296889,4.720001220703139,-3.019996643066392,-1.4599990844726562,10.459999084472642,0.8099975585937642,-5.360000610351577,1.7400054931640625,7.9499969482421875,8.0,4.0,12-09,1.83083407084147
10-11,3.0900039672851562,2.4300003051757812,6.9199981689453125,-6.6100006103515625,4.620002746582031,-5.229995727539077,-2.2999954223632812,11.400001525878892,0.279998779296875,-2.5199966430664062,1.8600006103515767,7.9499969482421875,8.0,4.0,12-10,1.8241678873697904
10-12,3.3899993896484375,2.3000030517578125,6.739997863769531,-5.080001831054702,4.7599945068359375,-5.019996643066392,-1.1399993896484375,12.29000091552733,0.48999786376951704,-2.279998779296889,1.120002746582017,7.9499969482421875,8.0,4.0,12-11,2.126666386922196
10-13,2.9899978637695312,2.470001220703125,4.459999084472656,-5.8600006103515625,5.0800018310546875,-7.1699981689453125,-0.779998779296875,14.379997253417969,0.7599945068359375,-2.0,1.7099990844726562,9.05999755859375,8.0,4.0,12-12,2.0916659037272134
10-14,1.5999984741210938,2.75,3.779998779296875,-5.080001831054702,3.5199966430664062,-4.9199981689453125,-2.160003662109375,14.729995727539077,0.29000091552735796,-1.4700012207031108,0.0500030517578125,9.510002136230469,8.0,4.0,12-13,1.8833325703938826
10-15,0.7299957275390625,3.4199981689453125,4.459999084472656,-4.739997863769531,3.9499969482421875,-4.409996032714844,-1.4199981689453125,15.790000915527344,-0.4499969482421733,-1.3199996948241903,-0.07999420166017046,8.949996948242188,6.0,6.0,12-14,2.073333740234377
10-16,0.9500045776367188,3.8899993896484375,5.010002136230483,-6.0099945068359375,2.9399948120117188,-6.149993896484389,-4.849998474121094,16.05999755859375,-0.1999969482421733,-1.8899993896484375,1.1200027465820312,9.569999694824219,7.0,5.0,12-15,1.7033348083496105
10-17,-0.40000152587890625,3.899993896484375,1.9199981689453125,-7.099998474121094,1.4700012207031108,-9.420005798339844,-0.6999969482421875,14.599998474121094,-0.29000091552734375,-1.6699981689452983,3.4599990844726705,11.180000305175781,6.0,6.0,12-16,1.4124991099039725
10-18,-0.29000091552734375,3.529998779296875,-2.4199981689453267,-6.739997863769531,0.25,-10.629997253417955,2.730003356933608,14.169998168945312,1.779998779296875,-1.5299987792968892,3.220001220703139,11.180000305175781,7.0,5.0,12-17,1.270833969116212
10-19,0.2299957275390625,5.220001220703125,-1.709999084472642,-5.559997558593736,0.40000152587890625,-9.790000915527315,3.410003662109361,13.69000244140625,1.3300018310546733,-4.30999755859375,2.75,11.180000305175781,8.0,4.0,12-18,1.4033342997233096
10-20,0.8600006103515625,3.9900054931640625,-3.720001220703125,-4.059997558593736,-1.0800018310547017,-5.470001220703111,3.4500045776367045,15.180000305175753,1.0900039672851562,-4.7600021362304545,1.9899978637695312,10.779998779296875,7.0,5.0,12-19,1.5208339691162098
10-21,0.9199981689453125,4.80999755859375,-4.6699981689453125,-2.6399993896484233,1.779998779296875,-9.069999694824219,4.110000610351548,16.77999877929689,0.7699966430664205,-7.470001220703139,1.9400024414062358,11.589996337890625,8.0,4.0,12-20,1.5708325703938801
10-22,-0.5100021362304688,3.9399948120117188,-6.549995422363281,-2.829994201660142,0.9599990844726562,-7.980003356933594,-1.0800018310547017,16.98999786376953,0.9099960327148438,-9.379997253417969,0.75,9.05999755859375,6.0,6.0,12-21,0.3566659291585286
10-23,0.220001220703125,3.9300003051757812,-2.5999984741210938,0.5300064086914205,1.4700012207031392,-7.160003662109361,-1.430000305175767,17.289993286132827,1.9599990844726562,-5.569999694824219,0.5699996948242045,9.889999389648438,8.0,4.0,12-22,1.591666539510096
10-24,2.0500030517578125,4.3600006103515625,-0.839996337890625,0.20000457763671875,2.660003662109361,-2.9800033569335938,0.470001220703125,17.25,1.6599960327148438,-2.3799972534179688,0.549995422363267,11.519996643066406,9.0,3.0,12-23,2.876667022705076
10-25,2.0400009155273438,4.3600006103515625,0.9300003051757812,-0.5800018310547017,2.19000244140625,-2.9899978637695312,1.5,17.14000701904297,2.4499969482422017,-6.599998474121094,1.0100021362304688,11.519996643066406,9.0,3.0,12-24,2.747500737508138
10-26,2.0400009155273438,4.0800018310546875,-1.339996337890625,-0.8000030517578267,1.8699951171875,-2.9899978637695312,1.5,16.72000122070314,2.4499969482422017,-6.549995422363281,1.1999969482421875,11.519996643066406,8.0,4.0,12-25,2.47499974568685
10-27,0.9000015258789062,4.920005798339844,-3.5400009155273438,-0.5299987792968608,1.8899993896484233,-1.0699996948242045,2.5699996948242188,17.990005493164062,11.279998779296875,-4.720001220703125,1.8499984741210938,12.949996948242188,8.0,4.0,12-26,3.707500457763673
10-28,1.5999984741210938,5.4799957275390625,-3.3300018310546733,-1.6100006103515625,2.599998474121108,-3.180000305175753,0.4799957275390625,14.949996948242188,10.590003967285156,-7.940002441406264,1.8599929809570312,15.580001831054688,8.0,4.0,12-27,3.0899982452392614
10-29,-0.9099960327148438,8.080001831054688,2.4499969482422017,-1.7799987792968608,2.010002136230483,-3.190002441406236,3.9199981689453267,13.669998168945312,11.590003967285156,-1.5400009155273438,2.2099990844726705,13.659996032714844,8.0,4.0,12-28,4.1808331807454495
10-30,0.8899993896484375,8.670005798339858,2.9300003051757955,-1.7799987792968608,3.2099990844726847,-3.7299957275390767,1.1700057983398438,13.470001220703125,11.16000366210936,-3.4599990844726562,3.9799957275390625,12.959999084472656,9.0,3.0,12-29,4.122501373291019
10-31,1.1299972534179688,9.740005493164048,0.909996032714858,-1.7799987792968608,4.849998474121108,-6.699996948242202,-4.599998474121094,13.160003662109375,9.66000366210936,-4.260002136230469,4.459999084472656,10.30999755859375,8.0,4.0,12-30,3.073333740234375
11-01,0.5699996948242188,9.920005798339858,3.8799972534179688,-2.94000244140625,7.220001220703111,-3.4599990844726562,-3.7099990844726562,11.430000305175781,9.650001525878892,-1.8499984741210938,4.090003967285142,10.30999755859375,8.0,4.0,12-31,3.759167353312172
11-02,0.5699996948242188,9.22000122070314,1.4199981689453125,0.1499938964843608,7.1300048828125,-3.4599990844726562,-3.7099990844726562,12.520004272460938,10.22000122070311,-5.410003662109375,-1.2699966430664205,10.30999755859375,8.0,4.0,01-01,3.140833536783852
11-03,0.5100021362304688,8.670005798339858,-0.1699981689452983,-2.740005493164034,6.1300048828125,-3.6699981689453125,-6.8899993896484375,12.520004272460938,10.59000396728517,-10.29000091552733,-1.720001220703125,10.720001220703125,6.0,6.0,01-02,1.9716682434082102
11-04,0.9300003051757812,6.459999084472656,1.0400009155273438,-1.0500030517577983,6.810005187988281,-2.260002136230483,-5.519996643066406,13.040000915527344,8.150001525878892,-10.150001525878892,-1.0599975585937358,10.69000244140625,7.0,5.0,01-03,2.256667455037436
11-05,0.410003662109375,6.269996643066406,-1.3199996948242188,1.1999969482422017,6.460006713867173,-3.940002441406236,-4.460006713867173,10.849998474121108,10.540000915527344,-8.25,-1.4300003051757528,10.319999694824219,7.0,5.0,01-04,2.220832824707037
11-06,-0.5400009155273438,7.139999389648423,2.6500015258789205,0.029998779296875,3.7700042724609375,-6.349998474121094,-4.069999694824219,11.0,11.469993591308594,-8.20999908447267,0.6100006103515767,11.30999755859375,8.0,4.0,01-05,2.4008331298828125
11-07,1.399993896484375,6.799995422363281,2.4599990844726562,2.8799972534179545,4.2299957275390625,-6.220001220703111,-3.470001220703125,10.970001220703125,11.26999664306642,-10.18000030517581,-0.45999908447265625,3.05999755859375,8.0,4.0,01-06,1.8949979146321603
11-08,1.9599990844726562,6.639999389648423,1.3199996948242188,4.049995422363267,3.159996032714858,-9.839996337890625,-2.7099990844726562,10.529998779296875,11.839996337890625,-10.790000915527344,0.08000183105470171,3.05999755859375,9.0,3.0,01-07,1.6083323160807292
11-09,1.9699935913085938,7.880004882812486,5.900001525878906,4.660003662109375,2.9399948120117188,-9.889999389648438,-6.25,10.180000305175781,10.870002746582045,-8.690002441406264,-0.20999908447267046,3.05999755859375,8.0,4.0,01-08,1.8683331807454404
11-10,1.2900009155273438,6.270004272460923,3.5999984741210938,3.8199996948242188,3.9899978637695312,-9.979995727539077,-7.160003662109375,9.51999664306642,10.720001220703125,-5.1299972534179545,-1.75,-0.6100006103515625,7.0,5.0,01-09,1.2150001525878906
11-11,1.1199951171875,4.600006103515611,1.259994506835966,3.3300018310547017,2.2099990844726562,-10.5,-6.120002746582017,10.199996948242188,11.299995422363281,-5.620002746582031,-3.1100006103515625,0.0,7.0,5.0,01-10,0.7224985758463577
11-12,1.910003662109375,5.749999999999986,3.3199996948242045,3.6100006103515625,3.2900009155273438,-9.70999908447267,-6.840003967285156,9.25,10.609992980957031,-4.120002746582031,-3.2600021362304545,0.0,7.0,5.0,01-11,1.1508324940999326
11-13,1.529998779296875,5.5500030517578125,2.8899993896484517,4.260002136230469,3.2000045776367188,-6.039993286132827,-6.5500030517578125,8.370002746582031,11.430000305175781,-2.0800018310546875,-4.580001831054673,0.0,7.0,5.0,01-12,1.4983342488606783
11-14,2.2699966430664062,6.970001220703125,1.5999984741210938,7.040000915527344,3.7300033569335795,-8.110000610351562,-10.680000305175795,9.340003967285156,11.740005493164062,-2.4500045776367188,-4.449996948242173,0.0,7.0,4.0,01-13,1.416667302449543
11-15,1.8000030517578125,7.589996337890639,4.5,8.84999847412108,0.9500045776367188,-9.870002746582045,-9.299995422363295,6.970001220703125,12.210006713867173,-3.5,-4.199996948242202,0.0,7.0,4.0,01-14,1.3333346048990837
11-16,1.19000244140625,9.969993591308608,6.719993591308608,9.330001831054688,-1.3099975585937642,-11.550003051757798,-10.119995117187514,7.5800018310546875,14.090003967285156,-6.5199966430664205,-1.8899993896484233,0.0,6.0,5.0,01-15,1.457500457763673
11-17,0.9900054931640625,9.989997863769545,7.689994812011719,8.5,-0.9899978637695455,-11.849998474121094,-9.699996948242188,7.809997558593736,17.860008239746122,-7.6999969482421875,-2.25,0.0,6.0,5.0,01-16,1.6958344777425143
11-18,0.8800048828125,8.629997253417983,7.0900039672851705,9.090003967285142,-1.379997253417983,-11.569999694824219,-10.879997253417969,6.960006713867173,18.8800048828125,-7.299995422363267,-2.4200057983398438,0.0,6.0,5.0,01-17,1.4983355204264324
11-19,2.4600067138671875,8.239997863769531,10.42999267578125,9.620002746582031,-2.879997253417983,-12.569999694824219,-9.5,6.199996948242173,17.289993286132812,-8.019996643066406,-0.31999969482424717,0.0,6.0,5.0,01-18,1.7458330790201775
11-20,2.7800064086914062,9.3800048828125,11.05999755859375,10.41000366210936,-2.8199996948242188,-13.409996032714858,-3.5400009155273438,6.099998474121094,17.639999389648438,-4.6999969482421875,-1.2099990844726705,0.0,6.0,5.0,01-19,2.640834808349606
11-21,0.4900054931640625,9.900001525878906,11.169998168945312,9.870002746582031,-4.279998779296875,-15.910003662109375,-6.340003967285156,5.7600021362304545,17.19000244140625,-6.1699981689453125,-2.6399993896484517,0.0,6.0,5.0,01-20,1.5866673787434873
11-22,0.94000244140625,9.520004272460938,10.410003662109375,8.5,-5.1999969482421875,-12.46999359130858,-8.5,5.31999969482419,16.449996948242188,-2.1999969482421875,-1.739997863769517,0.0,6.0,5.0,01-21,1.7525018056233723
11-23,-0.589996337890625,11.220001220703125,13.080001831054688,9.269996643066392,-4.449996948242173,-11.1199951171875,-11.029998779296875,4.940002441406236,15.079994201660142,-1.6399993896484375,-2.799995422363267,0.0,5.0,6.0,01-22,1.8300011952718087
11-24,-0.8799972534179688,10.040000915527344,14.639999389648438,10.25,-3.3799972534179545,-9.42999267578125,-12.3699951171875,4.5800018310546875,14.790000915527301,-0.6100006103515483,-5.06999969482419,0.0,5.0,6.0,01-23,1.8800017038981132
11-25,-1.4899978637695312,10.659996032714844,14.599998474121094,10.920005798339858,-3.309997558593736,-7.989997863769531,-11.889999389648452,4.599998474121094,16.970001220703153,-2.6400070190429688,-5.479995727539048,0.0,5.0,6.0,01-24,2.079167048136398
11-26,-1.9300003051757812,11.729995727539062,11.240005493164077,10.020004272460966,-2.3499984741210938,-6.9499969482421875,-9.319999694824233,4.8899993896484375,15.430007934570312,-3.5900039672851562,-4.8899993896484375,0.0,5.0,6.0,01-25,2.0233345031738303
11-27,-3.5800018310546875,12.409996032714844,10.950004577636719,11.630004882812528,-1.9899978637695312,0.04999542236326704,-6.830001831054702,5.8700027465820455,15.800003051757812,-3.8199996948242188,-5.1699981689453125,0.0,6.0,5.0,01-26,2.943333943684897
11-28,-3.4899978637695312,12.389999389648438,11.960006713867188,9.430000305175795,-4.050003051757798,-2.0200042724609517,-10.430000305175781,6.739997863769517,14.940002441406236,-6.75,-4.029998779296861,0.0,5.0,6.0,01-27,2.057500203450521
11-29,-3.8899993896484375,12.949996948242188,10.340003967285156,9.709999084472656,-6.150001525878892,-2.850006103515639,-7.1999969482421875,7.900001525878892,14.209999084472656,-5.339996337890611,-5.279998779296861,0.0,5.0,6.0,01-28,2.03333346048991
11-30,-4.340003967285156,13.669998168945312,4.910003662109375,10.509994506835966,-5.909996032714844,-3.470001220703111,-8.029998779296875,5.680000305175753,11.659996032714858,-5.720001220703111,-6.410003662109361,0.0,5.0,6.0,01-29,1.045832316080734
12-01,-5.3600006103515625,11.94000244140625,4.7599945068359375,11.379997253417969,-5.5,-8.020004272460938,-9.19000244140625,3.2600021362304545,11.680000305175739,-8.5,-5.680000305175753,0.0,5.0,6.0,01-30,0.06416575113932055
12-02,-5.030006408691406,10.25,2.2699966430664205,12.549995422363281,-6.339996337890625,-10.30999755859375,-6.959999084472656,0.7900009155273438,7.6399993896484375,-8.839996337890625,-6.430000305175753,0.0,5.0,6.0,01-31,-0.8675003051757777
12-03,-4.720001220703125,8.480003356933608,0.5900039672851562,11.789993286132827,-6.519996643066406,-10.0,-2.9300003051757812,-1.4300003051757812,4.390007019042969,-7.6599960327148295,-5.519996643066392,0.0,4.0,7.0,02-01,-1.1274986267089797
12-04,-5.9499969482421875,9.980003356933594,0.3000030517578267,12.489997863769545,-5.769996643066406,-9.279998779296875,-3.2399978637695312,-1.9000015258789062,4.510002136230469,-4.229995727539034,-6.56999969482419,0.0,4.0,7.0,02-02,-0.8049983978271413
12-05,-4.589996337890625,11.270004272460938,-0.029998779296875,11.27999877929689,-4.650001525878892,-8.34000396728517,-1.9899978637695312,-2.25,4.959999084472656,-2.900001525878892,-4.930000305175781,0.0,3.0,8.0,02-03,-0.18083318074544033
12-06,-3.720001220703125,11.530006408691406,-1.5699996948242188,8.700004577636705,-10.66000366210939,-0.7400054931640341,-6.040000915527344,-1.760002136230483,5.739997863769531,-1.2600021362304688,-10.870002746582045,0.0,3.0,8.0,02-04,-0.8875007629394555
12-07,-4.959999084472656,10.180000305175781,-1.7299957275390625,9.510002136230483,-12.199996948242188,2.7299957275390767,-2.6599960327148438,-3.440002441406236,5.940002441406264,2.8800048828125284,-11.020004272460923,0.0,5.0,6.0,02-05,-0.397499084472648
12-08,-3.5500030517578125,10.340003967285156,1.4400024414062358,8.239997863769545,-12.509994506835938,1.5499954223632955,-1.8199996948242188,-2.9599990844726562,-1.339996337890625,4.799995422363281,-10.450004577636705,0.0,5.0,6.0,02-06,-0.52166684468587
12-09,-3.8499984741210938,10.659996032714858,1.25,8.849998474121108,-13.819999694824219,1.3399963378906108,-2.9799957275390625,-2.2399978637695455,-7.799995422363267,4.540000915527358,-7.020004272460923,0.0,5.0,6.0,02-07,-0.9224999745686814
12-10,-6.049995422363281,10.080001831054688,3.5999984741210938,8.950004577636719,-14.140007019042969,3.4899978637695312,-4.510002136230469,-4.1699981689453125,-3.2399978637695312,3.9399948120117188,-7.6100006103515625,0.0,5.0,6.0,02-08,-0.8050003051757812
12-11,-6.5800018310546875,9.290000915527344,3.7600021362304688,8.170005798339858,-12.580001831054688,4.399993896484389,-3.5600051879882812,-5.760002136230469,-5.129997253417969,3.4099960327148295,-5.950004577636719,0.0,5.0,6.0,02-09,-0.8775011698404936
12-12,-7.1300048828125,9.369995117187486,3.690002441406264,7.8300018310546875,-9.72000122070311,7.230003356933608,-3.3400039672851562,-5.569999694824219,-4.3899993896484375,3.259994506835909,-9.319999694824247,0.0,5.0,6.0,02-10,-0.674167633056643
12-13,-5.950004577636719,7.869995117187486,3.1399993896484375,7.109992980957031,-7.849998474121108,9.569999694824219,-6.410003662109375,-5.839996337890625,-4.6399993896484375,2.290000915527358,-9.01999664306642,0.0,5.0,6.0,02-11,-0.8108342488606795
12-14,-6.510002136230469,7.860000610351548,6.230003356933608,7.819999694824219,-8.52999877929689,9.319999694824219,-6.290000915527344,-4.379997253417969,-7.229995727539077,3.75,-9.569999694824219,0.0,5.0,6.0,02-12,-0.6274992624918644
12-15,-6.620002746582031,8.229995727539048,6.700004577636733,6.959999084472656,-6.6399993896484375,9.120002746582031,-9.72000122070314,-4.790000915527315,-6.230003356933594,4.5,-8.150001525878906,0.0,5.0,6.0,02-13,-0.5533339182535796
12-16,-7.1399993896484375,7.639999389648452,4.4199981689453125,7.819999694824219,-8.19000244140625,8.280006408691392,-10.400001525878892,-5.029998779296889,-5.719993591308608,6.270004272460923,-7.319999694824219,0.0,5.0,6.0,02-14,-0.7808322906494164
12-17,-6.029998779296875,7.9599990844726705,6.6599960327148295,6.849998474121094,-6.709999084472642,3.9600067138671875,-7.5,-3.7399978637695312,-6.409996032714858,7.120002746582017,-6.55999755859375,0.0,5.0,6.0,02-15,-0.36666552225748816
12-18,-5.1699981689453125,8.14999389648439,6.769996643066392,5.430000305175781,-9.569999694824219,0.9500045776367188,-6.819999694824219,-5.1300048828125,-6.069999694824247,9.830001831054702,-6.5100021362304545,0.0,5.0,6.0,02-16,-0.6783339182535807
12-19,-6.489997863769531,7.5399932861328125,5.279998779296875,5.6199951171875,-11.19000244140625,-2.0699996948242188,-3.80999755859375,-5.0800018310546875,-6.2099990844726705,11.739997863769531,-6.089996337890611,0.0,4.0,7.0,02-17,-0.89666748046875
12-20,-4.510002136230469,7.8600006103515625,1.3300018310546875,5.1500015258789205,-10.269996643066392,0.75,-4.430000305175781,-5.379997253417983,-7.260002136230483,14.589996337890625,-8.019996643066406,0.0,5.0,6.0,02-18,-0.8491662343343099
12-21,-4.660003662109375,7.430000305175781,-0.43000030517578125,6.0,-9.319999694824205,0.37000274658203125,-0.9300003051757812,-5.340003967285156,-11.190002441406264,13.950004577636719,-10.25,0.0,4.0,7.0,02-19,-1.197500228881836
12-22,-4.650001525878906,6.7400054931640625,-1.3099975585937642,6.330001831054702,-10.090003967285142,-1.5899963378906392,-1.9599990844726562,-6.1999969482421875,-12.450004577636719,18.360000610351577,-10.09000396728517,0.0,3.0,8.0,02-20,-1.4091663360595703
12-23,-4.200004577636719,5.980003356933594,-0.9800033569335938,7.290000915527358,-9.200004577636705,-3.509994506835966,-5.500000000000014,-7.739997863769531,-13.840003967285156,18.319999694824247,-9.59000396728517,0.0,3.0,8.0,02-21,-1.9141674041748047
12-24,-3.80999755859375,7.049995422363267,-1.3199996948242188,6.3600006103515625,-9.91000366210939,-3.029998779296889,-5.3199996948242045,-7.8899993896484375,-15.0,19.290000915527358,-9.599998474121108,0.0,3.0,8.0,02-22,-1.9316666920979841
12-26,-4.80999755859375,10.199996948242173,-0.48000335693359375,6.529998779296861,-10.20999908447267,-4.650001525878906,-1.5400009155273438,-7.8400039672851705,-16.92000579833983,12.889999389648438,-10.79000091552733,0.0,3.0,8.0,02-24,-2.30166816711426
12-27,-5.7299957275390625,12.14999389648436,-0.48000335693359375,6.470001220703111,-12.550003051757812,-5.459999084472656,-5.4499969482421875,-7.8400039672851705,-16.490005493164034,9.819999694824219,-11.290000915527315,0.0,3.0,8.0,02-25,-3.070834477742512
12-28,-5.430000305175781,11.07999420166017,1.5400009155273438,9.510002136230455,-10.080001831054688,-5.3600006103515625,-5.090003967285156,-7.5300064086914205,-15.69000244140625,10.739997863769531,-15.139999389648438,0.0,4.0,7.0,02-26,-2.6208349863688163
12-29,-4.870002746582031,10.89999389648436,0.8799972534179688,5.400001525878906,-9.260002136230469,-4.739997863769531,-5.980003356933594,-6.8000030517578125,-12.60000610351561,10.830001831054702,-19.139999389648438,0.0,4.0,7.0,02-27,-2.948335011800129
12-30,-5.310005187988281,10.430000305175781,2.6800003051757812,6.819999694824219,-8.72000122070311,-4.529998779296875,-4.819999694824219,-7.579994201660156,-12.980003356933594,11.150001525878892,-21.80999755859375,0.0,4.0,7.0,02-28,-2.889166514078776
12-31,-4.879997253417969,10.849998474121094,-0.7400054931640909,8.510002136230469,-9.400001525878892,-3.5999984741210938,-4.659996032714844,-6.099998474121094,-13.970001220703125,11.290000915527344,-22.47000122070314,0.0,3.0,8.0,03-01,-2.930833180745445
