,2009,2010,2011,2012,2013,2014,2015,2016,2017,2018,2019,2020,ups,downs,end_day_sum,avg
01-02,-5.049999713897707,-0.06999969482421697,0.9500007629394531,2.6100006103515625,1.029998779296875,3.0799999237060547,-0.15999984741211293,-3.5,3.740001678466797,-5.3300018310546875,5.620002746582031,-4.310001373291023,6.0,6.0,03-02,-0.11583316326141446
01-03,-5.909999847412109,-0.23999977111816406,0.7999992370605469,2.6100006103515625,0.7199993133544957,3.4099998474121094,-0.4899997711181605,-2.54000091552734,3.740001678466797,-4.9199981689453125,5.779998779296875,-5.729999542236328,6.0,6.0,03-03,-0.2308332125345857
01-04,-5.949999809265137,0.02000045776367365,1.029998779296875,2.4200000762939453,0.6899986267089844,3.2599983215332067,-0.47000122070312145,-2.1100006103515625,2.9600028991699148,-4.069999694824219,5.299999237060547,-4.94000244140625,7.0,5.0,03-04,-0.15500044822692857
01-05,-5.809999942779541,-0.14999961853027166,0.9799995422363281,2.409999847412113,0.75,3.619998931884769,-0.8500003814697266,-2.200000762939453,3.299999237060554,-3.6699981689453196,5.3899993896484375,-4.870002746582024,6.0,6.0,03-05,-0.09166705608367787
01-06,-6.8700003623962385,-0.10999965667724432,1.4099998474121094,2.4400005340576207,0.9699993133544922,3.7299995422363317,-0.7999992370605433,-2.0500011444091832,3.1399993896484304,-3.2999992370605398,5.520000457763672,-3.0100021362304688,6.0,6.0,03-06,0.0891664425532032
01-07,-5.860000133514404,-0.25,1.3400001525878906,2.6100006103515625,1.1599998474121094,3.720001220703125,-1.0799999237060547,-0.75,3.450000762939453,-2.7999992370605398,5.290000915527344,-1.6800003051757812,6.0,6.0,03-07,0.42916699250539203
01-08,-6.730000019073489,0.3299999237060529,1.2099990844726598,2.540000915527351,1.4400005340576172,3.89999961853027,-1.0200004577636683,-0.2800006866455078,3.5300025939941406,-2.4900016784667898,4.560001373291016,-1.1100006103515625,7.0,5.0,03-08,0.49000004927317414
01-09,-6.0399999618530265,0.39999961853027344,1.4599990844726598,2.7600002288818395,1.2999992370605469,3.5900001525878764,-1.8999996185302699,-0.5599994659423828,2.729999542236321,-2.2600021362304616,4.25,-2.170001983642578,7.0,5.0,03-09,0.2966662247975665
01-10,-4.710000038146973,0.5,1.2899990081787145,2.2899990081787145,1.2299995422363246,2.779998779296875,-1.7400016784667969,-0.889999389648434,2.3699989318847585,-1.6599998474120952,3.8500022888183594,-2.990001678466797,7.0,5.0,03-10,0.19333291053772092
01-11,-3.510000228881837,0.5299997329711914,1.2199993133544922,2.1399993896484375,1.3400001525878764,2.509998321533203,-1.6500015258789098,-0.75,2.6099967956542898,-1.3800010681152415,4.040000915527344,-6.6699981689453125,7.0,5.0,03-11,0.0358328024546278
01-12,-3.2300004959106463,0.6899995803833008,1.0200004577636754,1.9600009918212855,1.1900005340576172,2.9499988555908203,-1.9500007629394531,-0.43000030517578125,1.720001220703125,-0.8699989318847656,4.849998474121094,-5.369998931884766,7.0,5.0,03-12,0.21083339055379216
01-13,-3.070000648498537,0.3299999237060547,0.6399993896484375,1.989999771118164,1.1299991607666051,2.9499988555908203,-1.8799991607666051,-0.25,1.2399978637695312,-1.0200004577636719,5.509998321533203,-8.110000610351555,7.0,5.0,03-13,-0.045000632603962774
01-14,-2.090000152587894,0.8499994277954084,1.0700016021728516,1.7299995422363281,1.2700004577636683,2.7899990081787074,-1.9500007629394531,-0.5100002288818253,0.9300003051757812,-1.25,6.039997100830078,-7.950000762939446,7.0,5.0,03-14,0.07749962806701705
01-15,-1.6400003433227521,0.8500003814697266,0.9899997711181676,2.2399997711181676,1.1599998474121058,2.479999542236328,-1.0799999237060511,0.2700004577636719,0.6399993896484375,-1.1700019836425781,5.569999694824219,-7.7800025939941335,8.0,4.0,03-15,0.21083283424377575
01-16,-2.0199995040893555,0.3499994277954084,0.8500003814697266,2.2600002288818324,1.4700012207031214,2.029998779296875,-1.25,0.020000457763671875,1.2900009155273509,-1.1700019836425781,5.259998321533203,-11.380001068115227,8.0,4.0,03-16,-0.1908335685729976
01-17,-1.4700002670288086,0.6700000762939418,0.3099994659423828,2.2600002288818324,1.7700004577636683,2.4600009918212855,-0.8400001525878871,0.030000686645497154,1.2900009155273509,-1.470001220703125,5.040000915527344,-7.369998931884773,8.0,4.0,03-17,0.22333359718322576
01-18,-0.8999996185302734,1.0199995040893572,0.3099994659423828,2.0,1.7099990844726598,1.9099998474121058,-0.7899990081787074,0.3500003814697301,1.1100006103515696,-1.1399993896484375,4.8100013732910085,-13.969999313354492,8.0,4.0,03-18,-0.2983330885569247
01-19,-0.28999996185302734,1.0199995040893572,0.7199993133544922,2.0500011444091797,1.2200012207031286,2.3699989318847656,-0.2099990844726527,0.3500003814697301,0.9099998474121094,-0.6000022888183594,4.630001068115234,-12.989999771118168,8.0,4.0,03-19,-0.06833330790201748
01-20,-0.28999996185302734,1.3400001525878942,0.7700004577636719,2.4200000762939418,1.130001068115238,1.8799991607666016,-0.2099990844726527,1.55999946594239,0.7099990844726562,-1.4000015258789062,3.8699989318847656,-16.139999389648438,8.0,4.0,03-20,-0.3633334636688221
01-21,-1.1499996185302734,1.4800004959106445,0.9300003051757812,2.1500015258789027,1.2700004577636719,1.8799991607666016,-0.1700000762939453,2.0199985504150426,-0.06999969482420454,-2.0,3.75,-16.139999389648438,7.0,5.0,03-21,-0.5041665236155181
01-22,-1.779999732971195,1.390000343322754,0.7399997711181641,2.0100002288818324,1.2700004577636719,1.5200004577636719,0.17000007629394176,1.4699993133544922,-0.259998321533196,-2.1800003051757812,3.75,-15.720001220703125,8.0,4.0,03-22,-0.6349999109903974
01-23,-2.730000495910642,1.5099992752075178,0.7899990081787109,2.0,1.5,1.520000457763679,1.3700008392333984,1.5100002288818395,-0.37999725341796164,-2.5900001525878906,3.8100013732910156,-15.45000076293945,8.0,4.0,03-23,-0.5949997901916486
01-24,-1.6000003814697248,1.3800001144409162,0.34999847412109375,2.0799999237060547,1.4099998474121023,2.0799999237060582,0.9699993133544957,1.6900005340576207,-0.15999984741211648,-2.470001220703125,4.329998016357429,-16.850000381469716,8.0,4.0,03-24,-0.5658338069915759
01-25,-2.1800003051757812,1.3800001144409162,0.22999954223632812,1.779998779296875,1.2299995422363281,2.219999313354503,0.6800003051757812,1.6900005340576207,0.24000167846679688,-2.9599990844726562,3.3400001525878906,-17.199998855590817,9.0,3.0,03-25,-0.7958331902821846
01-26,-2.270000457763672,1.5400009155273438,0.05999946594238281,1.25,0.9899997711181641,2.36999893188478,0.2700004577636683,0.9500007629394531,0.7400016784667969,-3.25,3.1800003051757812,-14.829998016357422,9.0,3.0,03-26,-0.7499996821085603
01-27,-2.039999961853029,1.5,0.14999961853027344,1.2800006866455043,0.8500003814697266,2.2899990081787216,0.030000686645507812,1.489999771118164,0.8799972534179759,-2.4099998474121094,3.69000244140625,-13.029998779296875,9.0,3.0,03-27,-0.4433332284291575
01-28,-2.810000419616699,1.6700000762939453,0.7299995422363317,1.9600009918212784,0.8500003814697266,1.9699993133544886,0.4099998474121094,0.9599990844726598,0.3299980163574219,-2.279998779296875,3.740001678466797,-12.560001373291016,9.0,3.0,03-28,-0.41916680335998596
01-29,-1.3499994277954084,1.7399997711181658,0.5200004577636719,2.100000381469723,0.9700012207031214,2.129999160766598,0.15999984741211293,0.0400009155273473,0.31999969482421164,-2.279998779296875,3.44000244140625,-12.920001983642578,9.0,3.0,03-29,-0.42749969164530494
01-30,-1.6200003623962411,1.4700002670288086,0.3899993896484375,1.8199996948242223,1.2200012207031214,1.8699989318847656,0.870000839233402,0.4500007629394496,0.23999786376953125,-2.2099990844726562,3.1200027465820312,-12.44000053405762,9.0,3.0,03-30,-0.4016665220260624
01-31,-2.640000343322754,1.6000003814697266,0.5799999237060582,1.639999389648441,1.4500007629394531,1.75,2.25,1.0300006866455043,-0.04000091552734375,-2.589996337890625,2.7899971008300852,-11.229999542236328,8.0,4.0,03-31,-0.2841665744781485
02-01,-2.3700003623962376,1.6000003814697266,0.7199993133544957,1.5199985504150426,1.2000007629394531,2.0100002288818395,1.7399997711181676,0.9400005340576101,0.5799980163574148,-1.220001220703118,2.6999969482421804,-11.30999946594238,9.0,3.0,04-01,-0.15750054518381695
02-02,-2.3100004196166983,1.3199996948242205,0.7600002288818395,1.409999847412113,1.2600002288818253,1.880001068115238,1.7399997711181676,1.3299999237060511,0.5699996948242188,-0.8300018310546875,2.470001220703132,-11.05999946594238,9.0,3.0,04-02,-0.12166666984557988
02-03,-2.6800003051757804,1.4899997711181623,0.5,1.2299995422363352,1.2099990844726598,1.9100017547607422,1.0599994659423864,1.4899997711181605,0.4500007629394531,-0.529998779296875,2.740001678466804,-13.770000457763668,9.0,3.0,04-03,-0.40833314259846826
02-04,-2.6599998474121085,1.9799995422363263,0.7199993133544957,1.7299995422363317,1.1900005340576172,1.4300003051757848,1.2299995422363352,1.5600013732910085,0.3900032043457031,-0.18000030517578125,2.9200019836425852,-14.389999389648427,9.0,3.0,04-04,-0.33999951680501067
02-05,-2.130000114440918,1.8200006484985334,0.6599998474121129,1.689998626708988,1.5300006866455078,1.5600013732910156,0.6299991607666051,2.030000686645508,0.5699996948242188,0.020000457763671875,2.6199989318847656,-14.70000076293945,10.0,2.0,04-05,-0.30833339691162004
02-06,-2.4700002670288086,2.619999885559082,0.75,1.689998626708988,1.5799999237060547,1.3199996948242152,1.4400005340576172,3.100000381469737,0.40000152587890625,0.31999969482421875,3.0699996948242188,-14.519998550415032,10.0,2.0,04-06,-0.05833323796590021
02-07,-2.530000686645508,3.1499996185302734,0.75,1.7899990081787145,1.8999996185302805,1.2000007629394531,2.139999389648434,3.069999694824233,0.7200012207031179,0.29000091552734375,2.799999237060547,-15.199998855590817,10.0,2.0,04-07,0.006666660308839371
02-08,-3.3400001525878915,2.7900009155273473,0.7600002288818359,1.6199989318847727,1.7900009155273438,1.019998550415039,1.5499992370605398,3.3099994659423935,-0.18000030517578125,1.220001220703125,3.029998779296875,-14.879999160766602,9.0,3.0,04-08,-0.10916678110758345
02-09,-3.3400001525878915,3.0400009155273473,0.6599998474121129,1.5200004577636719,2.010000228881836,1.1099987030029368,1.7399997711181605,4.040000915527344,0.09000015258789062,-0.1399993896484375,3.0900001525878906,-13.459999084472656,9.0,3.0,04-09,0.030000209808350498
02-10,-2.1999998092651376,2.9500007629394567,-0.1700000762939453,1.5000000000000036,1.8999996185302734,0.8499984741211009,1.5300006866455078,4.170000076293949,0.14000320434571023,-0.5500030517578125,2.7099990844726634,-13.459999084472656,8.0,4.0,04-10,-0.0525000095367405
02-11,-2.359999656677247,3.0399990081787074,-0.44000053405761363,1.159999847412113,2.0799999237060582,0.8799991607666051,1.909999847412113,5.389999389648441,0.3099975585937571,-0.3600006103515625,3.009998321533203,-13.849998474121094,8.0,4.0,04-11,0.0641661485036235
02-12,-1.5900001525878888,3.3499994277954084,-0.23999977111816762,0.5,1.8199996948242223,0.5399990081787109,0.5,5.84999847412109,0.4499969482421875,-0.4600028991699219,3.25,-13.759998321533203,8.0,4.0,04-12,0.017499367396036487
02-13,-0.18000030517578303,3.2100000381469727,-0.2600002288818324,0.5499992370605469,2.010000228881836,0.22999954223632812,0.610000610351566,5.670000076293945,0.4499969482421875,-0.8100013732910156,3.079998016357422,-12.749998092651367,8.0,4.0,04-13,0.15083289146423384
02-14,1.3200006484985352,3.5600004196166957,-0.28999900817871094,0.8699989318847656,2.6599998474121094,-0.1800003051757777,0.44000053405762074,6.019998550415043,0.2999992370605469,-0.6000022888183523,3.1499977111816406,-12.099998474121094,8.0,4.0,04-14,0.42916631698608515
02-15,0.5900001525878906,3.34999942779541,-0.10999870300293324,1.0,2.7300014495849503,-0.1400012969970632,0.3899993896484375,6.119998931884766,0.4199981689453125,-1.0400009155273366,3.140003204345703,-13.39000129699707,8.0,4.0,04-15,0.25499987602233887
02-16,1.1599998474121094,3.34999942779541,-0.10999870300293324,0.9300003051757812,1.620000839233402,0.18999862670899148,-0.0400009155273402,6.119998931884766,0.04999923706053977,-0.7199974060058665,2.8500022888183594,-12.130001068115227,8.0,4.0,04-16,0.27250011761983267
02-17,1.1599998474121094,3.239999771118164,0.28999900817871094,0.5,2.0,0.18999862670899148,-0.0400009155273402,6.209999084472653,-0.1699981689453196,-0.6100006103515625,1.6400032043457031,-14.710000991821286,8.0,4.0,04-17,-0.025000095367431346
02-18,1.1899995803833008,2.6800003051757812,0.7299995422363281,1.4799995422363246,1.8100013732910227,0.18999862670899148,-0.5500011444091797,5.989999771118164,-0.55999755859375,-0.20999908447266336,1.6400032043457031,-14.710000991821286,8.0,4.0,04-18,-0.026666402816771868
02-19,1.8999996185302734,2.340001106262209,0.5400009155273438,1.909999847412113,1.8100013732910227,0.10999870300292969,-0.27999877929687855,6.010000228881843,-0.779998779296875,-0.4399986267089844,1.6400032043457031,-13.859998703002926,8.0,4.0,04-19,0.07500084241231446
02-20,2.0399999618530256,2.3400001525878924,0.9600009918212891,1.6999988555908239,1.9400005340576207,1.0300006866455078,-0.8500003814697266,5.170000076293938,-0.75,-0.4399986267089844,1.7800025939941406,-14.700000762939453,8.0,4.0,04-20,0.01833367347717285
02-21,1.009999752044676,2.629999160766607,0.9600009918212891,1.6999988555908239,1.9000015258789027,1.0099983215332067,-0.8599987030029368,5.360000610351559,-0.75,0.3500022888183594,1.1000022888183594,-13.649999618530273,9.0,3.0,04-21,0.06333378950754771
02-22,1.4100003242492676,2.97999954223633,0.9600009918212891,2.0499992370605504,1.8499984741210902,0.9500007629394496,-0.6599998474121129,5.010000228881836,-0.9800033569335938,-0.18999862670898438,1.7099990844726562,-14.220001220703132,8.0,4.0,04-22,0.07249963283538714
02-23,1.1600003242492676,3.130000114440916,1.2400016784667969,1.5100002288818324,1.9000015258788991,0.9700012207031179,-0.4399986267089879,4.85000038146973,-1.009998321533196,-0.4099998474121094,1.4899978637695312,-14.94000053405762,8.0,4.0,04-23,-0.045832832654318555
02-24,0.569999694824217,2.9700002670288086,1.8099994659423828,1.6800003051757777,2.0900001525878906,1.0100002288818324,0.2900009155273473,4.709999084472656,-1.1200027465820384,-0.4900016784667969,2.0699996948242188,-14.260002136230476,9.0,3.0,04-24,0.11083277066548503
02-25,0.8100004196166992,3.07999897003174,1.7000007629394531,1.760000228881836,2.3000011444091797,0.7899990081787145,0.24000167846679688,4.239999771118168,-2.240001678466797,-0.049999237060546875,2.3400001525878906,-13.110000610351562,9.0,3.0,04-25,0.15500005086263094
02-26,1.1100001335144043,3.270000457763672,1.2299995422363281,2.189998626708981,1.9500007629394567,0.8199996948242223,0.39999961853027344,4.930000305175778,-1.9799995422363281,0.009998321533203125,2.5300025939941406,-12.069999694824226,10.0,2.0,04-26,0.36583340167999207
02-27,1.9500002861022931,3.630000114440916,1.4300003051757812,2.6499996185302734,1.6400012969970739,1.0200004577636719,0.5399990081787109,5.720001220703125,-2.5400009155273438,0.779998779296875,2.770000457763672,-9.649997711181634,10.0,2.0,04-27,0.8283335765202846
02-28,1.640000343322754,2.9800004959106428,1.6499996185302734,2.760000228881836,1.5599994659423793,0.3999996185302699,0.5100002288818324,5.869998931884766,-2.0900001525878906,0.8499984741210938,2.5100021362304688,-8.680000305175781,10.0,2.0,04-28,0.8299999237060535
02-29,0.0,0.0,0.0,2.6100006103515625,0.0,0.0,0.0,6.009998321533196,0.0,0.0,0.0,-9.51999855041505,2.0,1.0,04-29,-0.0749999682108576
03-01,1.7899999618530273,2.9800004959106428,2.1199989318847656,2.0600013732910085,1.3400001525878906,0.5600013732910156,0.3499984741210902,5.049999237060536,-2.240001678466797,1.1799964904785156,2.529998779296875,-9.029998779296875,10.0,2.0,04-30,0.7241662343343082
03-02,2.3500003814697266,3.15000057220459,2.270000457763672,1.869998931884762,1.3299999237060547,0.6900005340576172,-0.030000686645511365,4.6199989318847585,-1.9899978637695455,1.4599990844726562,1.7600021362304688,-8.209999084472656,9.0,3.0,05-01,0.7725002765655494
03-03,2.390000343322754,2.890000343322752,2.3299999237060582,1.409999847412113,1.510000228881836,0.6400012969970739,-0.04999923706055043,4.0299987792968786,-2.3400001525878906,0.7999992370605398,2.2999992370605398,-8.279998779296882,9.0,3.0,05-02,0.6358334223429352
03-04,2.250000476837158,3.510000228881836,2.4699993133544957,1.7199993133544993,1.3600006103515625,0.28000068664551137,0.3299999237060547,3.8000011444091726,-1.6800003051757812,1.4499969482421804,2.44000244140625,-10.139999389648438,10.0,2.0,05-03,0.6491667826970419
03-05,3.209999561309819,2.0900001525878906,2.159999847412113,1.4799995422363352,1.1400012969970703,0.17000007629394887,0.06999969482421875,4.409999847412109,-1.7599983215332031,1.259998321533196,2.3100013732910156,-9.170000076293945,10.0,2.0,05-04,0.6141667763392139
03-06,2.4800004959106436,2.2999992370605433,2.04000091552734,1.5499992370605469,0.9500007629394531,0.6499996185302841,1.1799983978271449,3.8899993896484375,-2.279998779296882,0.759998321533196,2.5400009155273438,-9.339998245239258,10.0,2.0,05-05,0.5600000222523995
03-07,2.5799999237060547,1.659999847412113,1.8000011444091797,1.3299999237060582,1.260000228881836,1.0300006866455078,1.0300006866455078,4.3899993896484375,-2.3600006103515696,0.450000762939446,2.029998779296875,-6.9400024414062464,10.0,2.0,05-06,0.6883331934611
03-08,2.3199996948242205,1.5900001525878906,1.5500011444091797,1.2099990844726598,0.9899997711181747,1.3700008392333984,0.24000167846679688,4.719999313354489,-1.55999755859375,0.8400001525879048,2.270000457763672,-7.280002593994141,10.0,2.0,05-07,0.6883335113525413
03-09,2.5699996948242205,1.489999771118164,1.720001220703125,1.2100009918212784,0.9899997711181605,1.380001068115238,0.3600006103515625,4.579999923706055,-0.48999786376953125,1.0499992370605469,1.6700019836425781,-7.740001678466797,10.0,2.0,05-08,0.7325003941853835
03-10,1.3699998855590847,1.4600000381469727,1.8600006103515625,1.3200016021728516,1.3599987030029297,1.0300006866455078,0.2700004577636754,5.060001373291023,0.3000030517578196,1.2199974060058594,0.6100006103515625,-9.040000915527344,11.0,1.0,05-09,0.5683336257934588
03-11,1.0900001525878942,0.5100002288818359,1.4099998474121094,1.470001220703125,1.9200000762939453,0.5900001525878906,0.5699996948242188,4.479999542236328,0.32999801635741477,0.9799995422363281,0.6599998474121094,-6.299999237060554,11.0,1.0,05-10,0.6424999237060538
03-12,0.11999988555908203,0.13000011444091797,1.5599994659423793,1.4600009918212926,1.9800014495849574,0.5900001525878906,0.5099983215332031,5.049999237060547,0.18999862670898438,0.9500007629394531,0.0,-2.4400005340576136,10.0,2.0,05-11,0.8416665395100912
03-13,1.0599994659423828,1.1800003051757812,1.9799995422363246,0.9500007629394531,1.8400001525878942,1.100000381469723,0.8299999237060511,4.819999694824219,0.4500007629394531,1.1800003051757812,-0.529998779296875,-5.3899993896484375,10.0,2.0,05-12,0.7891669273376459
03-14,1.5200004577636719,1.260000228881836,1.6999988555908168,0.9300003051757884,1.6399993896484375,1.0100002288818395,0.2100009918212855,4.009998321533203,0.7400016784667969,1.1000022888183594,-0.5,1.3500003814697266,11.0,1.0,05-13,1.2475002606709802
03-15,1.5799999237060547,1.6400012969970739,1.8399982452392578,0.8199996948242081,1.8099994659423828,1.1899986267089915,0.5900001525878871,3.999998092651378,0.09000015258788352,1.5600013732910085,0.3699989318847656,-0.3699989318847656,11.0,1.0,05-14,1.259999752044677
03-16,0.7300004959106445,1.3200006484985405,2.3799991607666016,0.639999389648441,2.1700000762939418,0.7199993133544957,0.3400001525878871,3.679998397827145,0.270000457763679,0.75,0.20999908447265625,-1.909999847412113,11.0,1.0,05-15,0.94166644414266
03-17,0.15999984741210938,0.970001220703125,2.25,0.3499984741210973,2.260000228881829,0.9200000762939489,0.2899990081787074,3.389999389648434,-0.10999679565429688,0.6200027465820241,0.43000030517578125,-2.8899993896484375,10.0,2.0,05-16,0.7200004259745268
03-18,-0.4499998092651367,1.1600008010864293,1.970001220703125,0.0699996948242223,2.4200000762939418,0.46000099182128906,-0.2900009155273473,2.6700000762939453,0.09000015258788352,-0.01999664306640625,0.4099998474121094,0.2600002288818324,9.0,3.0,05-17,0.729167143503824
03-19,0.869999885559082,0.8300008773803711,1.8599987030029297,-0.05000114440917258,2.5100002288818324,0.9500007629394531,0.0,3.3400001525878906,-0.1100006103515696,-0.4399986267089844,1.1700019836425781,-0.889999389648441,7.0,5.0,05-18,0.8366669019063308
03-20,1.0799999237060538,0.7700004577636719,1.8199996948242188,0.09000015258789773,2.3700008392333984,0.8299999237060511,-0.8700008392333984,2.720001220703118,-0.299999237060554,0.15999984741210938,1.2900009155273438,-0.19000053405762074,9.0,3.0,05-19,0.8141668637593575
03-21,0.9700002670288068,0.3000001907348615,2.1299991607666016,0.10000038146973012,2.1300010681152415,1.0300006866454972,-0.7899990081787145,2.5800018310546875,-0.1100006103515625,0.3400001525878906,0.920001983642571,3.4300003051757777,10.0,2.0,05-20,1.0858338673909491
03-22,0.8500003814697248,-0.01999950408935547,2.0799999237060547,-0.620000839233402,2.1999988555908168,1.010000228881836,-0.8099994659423864,2.4000015258789062,0.009998321533203125,0.470001220703125,1.2999992370605469,3.0100002288818324,9.0,3.0,05-21,0.9900000095367418
03-23,0.4099998474121094,0.1099996566772461,2.520000457763672,-1.1700000762939453,2.85000038146973,1.0200004577636719,-0.639999389648441,2.760002136230465,-0.4900016784667969,1.2800025939941406,0.7600021362304688,3.5,9.0,3.0,05-22,1.0758338769276934
03-24,0.9899997711181658,0.1099996566772461,2.0699996948242188,-1.1400012969970597,3.270000457763672,1.0699996948242188,-0.35000038146972656,2.510000228881836,-0.3099975585937571,1.0499992370605469,0.9000015258788991,1.1299991607666051,9.0,3.0,05-23,0.9416666825612388
03-25,1.0799999237060565,-0.8599996566772479,1.3600006103515625,-0.9800014495849503,2.5599994659423793,0.9200000762939418,0.059999465942386365,2.8800010681152344,0.45999908447265625,1.0999984741210938,0.9200019836425781,-0.6700000762939418,9.0,3.0,05-24,0.7358332475026458
03-26,0.7199993133544922,-0.7299995422363299,0.8699989318847656,-0.6900005340576065,2.6999988555908168,1.0,0.29000091552734375,3.1399993896484375,0.6700019836425781,1.7999992370605469,0.4099998474121094,-1.6599998474121023,9.0,3.0,05-25,0.7099998792012543
03-27,1.2800002098083505,-0.8099994659423828,0.9799995422363281,-0.8299999237060511,2.6999988555908168,0.9899997711181641,0.11999893188475852,3.6100006103515554,0.7999992370605398,1.6699981689453125,0.3600006103515625,-2.030000686645508,9.0,3.0,05-26,0.7366663217544538
03-28,1.4200000762939453,-0.8000001907348651,1.2299995422363281,-0.5499992370605504,2.5399990081787074,0.6900005340576172,-0.8299999237060547,3.950000762939453,0.80999755859375,0.9700012207031179,0.5300025939941335,-2.540000915527351,8.0,4.0,05-27,0.6183334191640193
03-29,1.8400001525878906,-0.5900001525878888,1.3600006103515625,-0.5200004577636719,2.2999992370605575,1.0400009155273402,-0.9200000762939453,3.3700008392333984,0.8899993896484304,0.9900016784667969,0.3900032043457031,-0.31999969482423296,8.0,4.0,05-28,0.8191671371459951
03-30,1.4499998092651367,-0.7200002670288068,1.1700000762939418,-0.75,2.1700000762939524,1.2399997711181605,-0.75,3.4600009918212926,0.5799980163574148,1.8199996948242188,0.3300018310546875,0.049999237060546875,9.0,3.0,05-29,0.837499936421712
03-31,1.1799998283386204,-0.5500001907348615,1.4300003051757812,-1.210000991821289,1.930000305175792,0.9899997711181605,-0.23999977111816762,3.430000305175785,-0.09000015258789062,1.9199981689453125,-0.07999801635742188,-0.20000076293945312,6.0,6.0,05-30,0.7091665665308641
04-01,1.1199998855590811,-0.6500005722045863,1.6700000762939418,-0.9899997711181712,1.2899990081787216,1.119998931884762,-0.1399993896484375,3.3600006103515625,-0.48000335693359375,1.9699974060058594,-0.6300010681152273,2.510000228881836,7.0,5.0,05-31,0.8458326657613124
04-02,1.1000003814697266,-0.05999946594238281,1.639999389648434,-1.710000991821289,1.340000152587887,1.0899982452392578,-0.7600002288818324,3.7399978637695312,-0.7400016784667969,2.7699966430664062,-0.9000015258788991,2.2800006866455043,7.0,5.0,06-01,0.8158324559529623
04-03,0.880000114440918,-0.3900003433227539,2.0399990081787074,-1.6700000762939453,1.3599987030029297,1.3299999237060547,-1.5400009155273438,3.599998474121101,-0.5300025939941406,2.4199981689453125,-1.0800018310546804,1.7600002288818288,7.0,5.0,06-02,0.6816657384236656
04-04,0.8299999237060547,-0.7799997329711914,1.5100002288818324,-1.2900009155273402,0.35000038146971946,1.4599990844726598,-1.2700004577636719,3.4399986267089844,-0.7099990844726562,2.2199974060058594,-1.1499977111816406,1.7099990844726527,7.0,5.0,06-03,0.5266664028167719
04-05,0.75,-0.5399999618530273,1.4200000762939453,-1.149999618530277,-0.030000686645507812,1.6800003051757848,-1.889999389648434,3.4699993133544886,-0.5400009155273438,2.3400001525878906,-1.2199974060058594,2.09999847412109,6.0,6.0,06-04,0.5325000286102292
04-06,1.0700006484985334,-1.0699996948242188,1.4200000762939453,-1.409999847412113,-0.350000381469723,1.6000003814697301,-2.25,3.229999542236328,-0.410003662109375,2.6700019836425852,-1.3699989318847727,3.9200000762939453,6.0,6.0,06-05,0.5875000158945721
04-07,1.880000114440917,-0.7100009918212926,1.8199996948242188,-1.389999389648441,-1.010000228881836,1.6800003051757848,-1.6599998474121058,3.3699989318847656,-0.5500030517578054,3.3700027465820312,-1.1500015258789062,2.5,6.0,6.0,06-06,0.6791663964589443
04-08,1.480000495910641,-0.5699987411498988,1.7200012207031214,-0.9699993133544957,-1.2099990844726527,1.590000152587887,-1.8500003814697266,3.0200023651123047,-0.9399986267089915,3.3000030517578125,-0.3899993896484375,0.8700008392333984,6.0,6.0,06-07,0.5041677157084136
04-09,0.8000001907348633,-2.0199995040893555,1.409999847412113,-0.5,-1.0999984741210902,1.850000381469723,-1.3299999237060476,2.309997558593743,-1.0099983215332102,3.1300010681152344,-0.00999832153321023,-1.0100021362304688,5.0,7.0,06-08,0.21000019709269116
04-10,0.01999950408935547,-2.3500003814697266,1.620000839233402,0.15999984741211293,-1.279998779296875,2.6300010681152344,-1.5400009155273438,2.6499977111816406,-0.9799995422363352,2.9399986267089844,-0.30999755859375,1.430002212524414,7.0,5.0,06-09,0.4158335526784261
04-11,-0.12000083923339844,-2.159999847412111,1.399999618530277,0.11000061035156605,-1.3400001525878906,2.4800014495849574,-1.5500011444091832,3.1299972534179616,-1.1199989318847656,3.0400009155273438,-0.20999908447265625,3.059999465942383,6.0,6.0,06-10,0.5599999427795402
04-12,-0.18000030517578303,-1.9200000762939453,1.4200000762939418,-0.39999961853027344,-1.5900001525878764,2.1900005340576136,-1.610000610351566,2.7799987792968643,-0.779998779296875,3.150001525878899,-0.5100021362304688,1.760000228881843,5.0,7.0,06-11,0.3591666221618645
04-13,-0.28999996185302734,-2.2700004577636683,1.4499988555908203,0.21999931335449574,-0.9899997711181605,2.0,-1.3299999237060618,2.6799983978271413,-0.5499992370605469,2.7199974060058665,-0.7999992370605469,-0.07999992370605113,5.0,7.0,06-12,0.22999962170918842
04-14,0.4400005340576172,-2.059999465942383,1.0200004577636754,-1.0200004577636648,-1.2299995422363317,1.8700008392333949,-1.2799987792968786,2.780002593994144,-1.3699989318847656,2.470001220703125,-0.8199996948242259,-1.3400001525878942,5.0,7.0,06-13,-0.0449992815653489
04-15,-0.12999916076660156,-0.9000005722045916,0.18000030517578125,-0.7999992370605433,-1.4400005340576172,1.5400009155273402,-0.8499984741211009,2.5699996948242223,-0.5200004577636719,3.029998779296875,-0.470001220703125,1.239999771118164,5.0,7.0,06-14,0.2874999841054276
04-16,-0.6899995803833008,-0.2300004959106463,0.5799999237060547,-0.9200000762939418,-1.8199996948242152,0.8099994659423828,-0.47000122070312145,2.5100002288818395,-0.3100013732910156,2.8500022888183594,0.7399978637695312,-0.14999961853026988,5.0,7.0,06-15,0.2416664759318047
04-17,-0.8900003433227504,-0.26000022888183594,0.9299983978271484,-1.3500003814697301,-1.630001068115238,1.0200004577636683,-0.3099994659423828,2.4600009918212926,-0.19000244140625,2.4500007629394602,1.2099990844726562,0.1999988555908203,6.0,6.0,06-16,0.30333288510640494
04-18,0.32000064849853693,0.12999916076660156,0.35999870300293324,-1.139999389648441,-0.6400012969970703,0.7600002288818395,-0.6500015258788991,2.5000019073486364,0.029998779296875,2.6800003051757812,0.8100013732910156,1.639999389648441,9.0,3.0,06-17,0.5666665236155208
04-19,0.24000072479248225,-0.14999961853026988,-0.06000137329101207,-0.5,-0.7799987792968714,0.4899997711181605,-0.5,2.3100013732910156,0.0,2.9199981689453125,0.8100013732910156,2.8199996948242188,6.0,6.0,06-18,0.6333334445953377
04-20,0.010000228881837714,-0.4399986267089844,-0.4899997711181605,-0.35000038146971946,-0.6500015258788991,0.5900001525878906,-0.30000114440917613,2.6600017547607386,-0.18000030517578125,2.720001220703125,1.3699989318847656,1.7600002288818395,6.0,6.0,06-19,0.558333396911623
04-21,-0.3900003433227539,-0.7899990081787074,-0.5200004577636719,-0.020000457763671875,-0.35000038146971946,0.879999160766598,-0.5,2.6700000762939347,-0.31999969482421164,3.1599998474121094,1.0900001525878906,2.479999542236328,5.0,7.0,06-20,0.6158332029978437
04-22,-0.1400003433227539,-1.0699996948242188,-0.4499988555908203,0.0999984741210973,-1.0900001525878906,0.8599987030029297,-0.720001220703125,2.170000076293949,0.5200004577636719,3.2800025939941335,1.3199996948242188,1.8000011444091832,7.0,5.0,06-21,0.5483334064483646
04-23,-0.21000003814697266,-1.3700008392333984,-0.15999984741210938,-0.20000076293945312,-1.279998779296882,0.8199996948242152,-0.11999893188476918,1.4499969482421804,0.3899993896484304,3.740001678466797,0.7399978637695312,1.279998779296875,6.0,6.0,06-22,0.42333292961120367
04-24,-0.4900007247924787,-1.6700000762939453,0.010000228881835938,-0.629999160766598,-1.4899997711181712,1.0699996948242188,-0.6700000762939453,1.4099998474121094,0.09000015258789062,3.299999237060547,0.4699974060058594,0.7299995422363281,7.0,5.0,06-23,0.17749969164530421
04-25,-0.1700000762939453,-2.630000114440916,-0.03999900817871449,-1.0900001525878906,-2.3299999237060547,1.270000457763679,-0.7600002288818324,1.279998779296875,-0.17000198364257812,3.240001678466797,0.8899993896484375,0.8099994659423935,5.0,7.0,06-24,0.024999856948854166
04-26,-0.3900003433227539,-2.5799999237060547,-0.23999977111816762,-1.4000015258789027,-1.7299995422363281,1.0799999237060582,-1.1700000762939453,1.1300010681152344,0.3899993896484375,2.8800010681152344,-0.34999847412110086,1.0,5.0,7.0,06-25,-0.11499985059102406
04-27,-0.11999988555908025,-1.9300003051757812,-0.4599990844726598,-1.3899993896484375,-1.8199996948242188,1.0599994659423793,-1.5400009155273438,0.990001678466804,0.39999771118165484,2.7099990844726634,-0.01000213623046875,-0.04000091552733309,4.0,8.0,06-26,-0.17916703224181849
04-28,-0.2699995040893537,-1.9300003051757812,-1.2299995422363317,-1.4200000762939453,-1.350000381469723,1.090000152587887,-1.3799991607666016,1.7700004577636719,0.8300018310546875,2.9500007629394602,-0.5800018310546875,-0.5300006866455078,4.0,8.0,06-27,-0.17083319028218544
04-29,-0.8299999237060529,-2.8500003814697266,-1.3400001525878977,-1.5,-1.0200004577636754,0.9600009918212855,-1.0,1.579998016357429,0.3500022888183594,2.8100013732910156,-1.6599998474121094,-1.3500003814697266,4.0,8.0,06-28,-0.48749987284342494
04-30,-0.9799995422363317,-1.3099994659423846,-1.159999847412113,-1.3899993896484375,-1.2000007629394567,1.0100002288818288,-0.9799995422363281,0.6500015258789134,0.18999862670898438,2.2099990844726562,-2.1999969482421804,0.2700004577636754,5.0,7.0,06-29,-0.40749963124593114
05-01,-0.1700000762939453,-2.0999994277954084,-1.0399990081787145,-1.6999988555908239,-1.0500011444091832,0.2099990844726598,-1.1899986267089844,1.1199989318847656,0.01000213623046875,1.5600013732910156,-2.3400001525878906,0.7700004577636612,5.0,7.0,06-30,-0.4933329423268649
05-02,-0.5199995040893537,-2.6699991226196254,-0.7899990081787145,-1.4599990844726598,-0.8999996185302699,0.43000030517578125,-2.0599994659423793,1.7000007629394531,0.09000015258789062,1.75,-1.75,2.079999923706051,5.0,7.0,07-01,-0.3416662216186522
05-03,-0.3000001907348633,-2.989998817443846,-0.6700000762939418,-0.6000003814697301,-1.2299995422363317,0.21999931335448863,-1.9699993133545028,2.220001220703125,0.6100006103515696,1.5400009155273366,-1.7299995422363281,2.110000610351559,5.0,7.0,07-02,-0.23249959945678875
05-04,-0.3000001907348633,-2.3499994277954155,-0.43000030517578125,0.15999984741212359,-1.2000007629394496,0.36000061035155895,-1.9699993133545028,1.720001220703125,0.049999237060546875,1.6399993896484375,-1.7400016784667969,2.110000610351559,6.0,6.0,07-03,-0.1625000635782882
05-05,-0.03999996185302912,-2.279999732971193,-0.18000030517578125,-0.020000457763668322,-1.2000007629394496,0.36000061035155895,-1.180000305175792,1.5499992370605398,-0.270000457763679,1.4200019836425781,-1.7400016784667969,2.450000762939453,4.0,8.0,07-04,-0.0941667556762716
05-06,-0.2899999618530291,-1.6899995803833026,0.10999870300293324,0.2599983215332031,-0.8299999237060476,0.35000038146971946,-1.2999992370605575,2.270000457763672,-0.22999954223632102,1.2900009155273438,-1.1300010681152344,2.9099998474121094,6.0,6.0,07-05,0.14333327611287405
05-07,0.3000001907348633,-1.6599998474121112,0.44000053405762074,0.4899997711181605,-1.1999988555908168,0.7000007629394496,-1.1499996185302734,1.8699989318847656,0.19000244140625,1.5400009155273438,-0.06999969482421875,2.350000381469723,8.0,4.0,07-06,0.31666715939839635
05-08,-1.4099998474121094,-2.9099998474121094,0.5900001525878906,0.3400001525878871,-1.7600002288818324,0.620000839233402,-1.4300003051757777,2.1399993896484446,-0.05999755859375,1.779998779296875,-0.11999893188476562,1.7600002288818395,6.0,6.0,07-07,-0.03833309809366714
05-09,-0.6400003433227539,-3.309999465942383,0.7299995422363281,0.35000038146971946,-1.8999996185302699,0.4699993133544922,-0.8700008392333984,1.9099998474121094,0.0800018310546804,1.80999755859375,0.20000076293945312,1.3699989318847656,8.0,4.0,07-08,0.016666491826374436
05-10,-1.1700000762939453,-2.4200000762939453,0.3099994659423828,0.36999893188477984,-2.0499992370605504,0.46000099182128906,-0.3400001525878906,2.1399993896484375,-0.18000030517578836,1.6100006103515696,-0.4799995422363281,0.01000022888183949,6.0,6.0,07-09,-0.14499998092651248
05-11,-1.4200000762939453,-2.5,0.5900001525878906,0.2700004577636683,-2.1400012969970703,0.5500011444091655,-0.32999992370605113,2.950000762939453,-0.7900009155273509,1.9099998474121165,-0.13000106811524148,-0.3600006103515625,5.0,7.0,07-10,-0.11666679382324396
05-12,-1.4799995422363281,-2.880001068115238,0.6599998474121058,0.7000007629394531,-1.8400001525878906,0.5400009155273402,-0.7099990844726527,2.0699996948242116,-0.3400001525878906,2.340000152587905,0.04000091552734375,1.3599987030029297,7.0,5.0,07-11,0.03833341598510742
05-13,-0.630000114440918,-2.990000724792484,0.46999931335449574,0.4200000762939453,-1.8100013732910156,1.010000228881836,-0.4599990844726527,3.0,-1.4300003051757741,2.270000457763679,0.26000213623046875,2.899999618530277,7.0,5.0,07-12,0.2508333524068214
05-14,-1.1099996566772425,-1.890000343322754,-0.1399993896484375,0.3100013732910156,-1.9000015258789027,0.8099994659423828,-1.0399990081787216,2.6599998474121094,-1.3899993896484375,2.2000007629394602,0.04000091552734375,3.1700000762939418,6.0,6.0,07-13,0.14333359400431314
05-15,-0.8499999046325692,-1.7799997329711896,-0.08999824523925781,0.5900001525878906,-2.0600013732910156,1.1199989318847692,-1.1599998474121094,2.9000015258789134,-1.1599998474121094,2.8400001525878906,0.060001373291015625,4.619998931884766,6.0,6.0,07-14,0.41916684309641616
05-16,-1.2799997329711896,-1.4200000762939453,-0.3899993896484375,0.7100009918212855,-0.9799995422363317,0.6000003814697372,-0.9700012207031214,3.1500015258789134,-0.9599990844726562,3.2600021362304688,-0.7700004577636719,2.010000228881836,5.0,7.0,07-15,0.2466671466827406
05-17,-0.9600000381469727,-1.5900001525878906,-0.35000038146972656,2.070001602172855,-1.2299995422363246,1.3099994659423828,-0.5699996948242223,3.770000457763686,-0.7700004577636719,3.589996337890625,-0.7999992370605469,1.8700008392333949,5.0,7.0,07-16,0.5283332665761323
05-18,-0.5799999237060547,-1.1199998855590803,-0.6599998474121094,2.809999465942383,-1.6599998474121094,1.3199996948242188,-0.6700000762939418,3.9099998474121165,-0.45999908447265625,3.4399986267089844,-0.44000244140625,2.219999313354492,5.0,7.0,07-17,0.675832986831666
05-19,-0.46000003814697266,-0.8000001907348633,-1.2600002288818324,2.6100006103515625,-1.960000991821289,1.4300003051757848,-0.6499996185302699,4.239997863769538,-0.26000213623046875,2.9399986267089773,-0.6500015258789062,2.6399993896484375,5.0,7.0,07-18,0.6516660054524749
05-20,-0.019999504089357245,-0.039999961853027344,-0.620000839233402,2.9200000762939418,-1.4699993133544957,1.4200000762939489,-0.8199996948242152,3.6999969482421875,-0.30999755859375,2.5800018310546875,-0.9500007629394531,2.14999961853027,5.0,7.0,07-19,0.7116667429606113
05-21,0.25,-0.7700004577636701,-0.3699989318847656,2.5500011444091832,-1.8899993896484375,1.370000839233402,-0.3699989318847585,3.6599998474121094,-0.75,2.3899993896484375,-1.0900001525878835,1.360000610351566,6.0,6.0,07-20,0.5283336639404319
05-22,0.4099998474121094,-0.3100004196166992,-0.15999984741210938,2.390001296997074,-1.1799983978271449,1.139999389648441,-0.5300006866455078,3.6300010681152344,-0.15999984741211648,2.3400001525878906,-1.1100006103515625,2.0100002288818395,6.0,6.0,07-21,0.705833514531454
05-23,0.5500001907348633,-0.09000015258789062,0.23999977111816762,2.10000038146973,-0.7099990844726527,1.0799999237060582,-0.39999961853027344,3.8199996948242188,-0.37000274658203836,1.6399993896484375,-0.2800025939941335,-1.1499996185302628,6.0,6.0,07-22,0.535832961400352
05-24,0.3400001525878906,-0.1900005340576172,0.12999916076660512,1.739999771118164,-0.7800006866455078,0.75,-0.4699993133544922,3.349998474121101,-0.5,2.109996795654297,-1.2400016784667969,-0.9800014495849503,6.0,6.0,07-23,0.3549992243448911
05-25,0.35000038146972656,-0.19999980926513494,-0.12000083923339488,1.7000007629394496,-0.5300006866455078,0.9500007629394496,-0.3299999237060547,3.009998321533203,-0.3500022888183594,1.2999992370605469,-0.8400001525878906,-0.680000305175767,5.0,7.0,07-24,0.35499962170918886
05-26,0.35000038146972656,-0.40999984741211115,-0.039999008178707385,1.1099987030029297,-0.4900016784667969,1.0,-0.3299999237060547,2.9699974060058594,-0.17999649047851562,1.1100006103515625,-0.2800025939941406,-0.680000305175767,5.0,7.0,07-25,0.3441664377848321
05-27,0.7400007247924805,-0.6100006103515643,-0.010000228881832385,0.8699989318847692,-1.1900005340576172,1.0,-0.5,2.729999542236328,0.15000152587890625,1.1000022888183594,0.0,-1.0499992370605469,6.0,6.0,07-26,0.2691668669382736
05-28,0.6499996185302734,-0.18999958038330078,-0.25,0.8299999237060476,-1.1900005340576172,1.25,-0.8199996948242223,3.0600013732910085,0.11999893188477273,1.1500015258789062,0.0,-1.0799999237060511,6.0,6.0,07-27,0.29416680335998474
05-29,0.6399993896484375,0.6700000762939453,-0.35999870300293324,0.8299999237060476,-0.5499992370605469,1.0300006866455114,-0.3099994659423828,2.9900016784667827,0.0,1.1500015258789062,0.5500030517578054,-0.6900005340576136,7.0,5.0,07-28,0.4958340326944966
05-30,0.6100006103515625,0.6700000762939453,-1.269998550415039,1.5500011444091655,0.11999893188476918,0.7200012207031179,-0.5900001525878871,3.1000022888183523,0.0,0.3500022888183594,0.539997100830071,-1.5699996948242116,8.0,4.0,07-29,0.35250043869018377
05-31,0.5800008773803711,0.6099996566772443,-1.269998550415039,1.860000610351566,0.4600009918212855,0.5799999237060547,-0.5599994659423828,3.1000022888183523,-0.20999908447265625,0.2599983215332031,1.029998779296875,-0.8899993896484446,8.0,4.0,07-30,0.4625004132588691
06-01,0.37000083923339844,0.6099996566772443,-0.7399997711181641,2.2899990081787145,0.19000053405761008,0.3800010681152379,-0.39999961853027344,3.2600021362304688,-0.5499992370605398,-0.15000152587891336,0.8400001525879048,-0.9400005340576101,7.0,5.0,07-31,0.4300002257029232
06-02,0.4500007629394531,0.36999988555908025,-0.6499996185302734,2.289999008178711,0.1400012969970703,0.35000038146972656,0.21999931335448863,3.720001220703125,-0.1999969482421946,-0.5100021362304688,0.9899978637695455,-1.3299999237060476,8.0,4.0,08-01,0.4866667588551847
06-03,0.13000011444091975,0.18999958038330078,-0.5300006866455078,2.389999389648441,-0.37999916076660156,0.43000030517578125,0.5799999237060547,4.1399993896484375,-0.17000198364257812,0.029998779296875,0.6899986267089915,-3.1500015258789027,8.0,4.0,08-02,0.3624993960062676
06-04,0.21000003814697266,1.1800003051757812,-0.4400005340576172,2.2699985504150426,0.28000068664551137,0.35000038146972656,0.5900001525878906,4.6300010681152415,-0.1100006103515625,0.5099983215332031,0.470001220703125,-3.229999542236328,9.0,3.0,08-03,0.5591666698455823
06-05,0.28999996185302734,2.0,-0.8999996185302734,1.8499984741210973,0.4799995422363281,-0.8000011444091797,1.0,4.1800003051757955,-0.549999237060554,0.5799980163574219,-0.29000091552734375,-4.170001983642575,7.0,5.0,08-04,0.3058327833811454
06-06,0.7200002670288086,1.8199996948242223,-1.2800006866455078,1.3799991607666016,0.2700004577636719,-0.6400012969970703,1.3199996948242223,4.170001983642585,-0.47999954223633523,0.75,-1.0,-6.149997711181641,7.0,5.0,08-05,0.0733335018157965
06-07,1.7100000381469727,2.020000457763672,-1.4900016784667969,1.9399986267089844,0.03999900817871094,-0.6000003814697266,1.0400009155273438,3.8300018310546875,-0.5099983215332102,0.720001220703125,-0.8199996948242188,-5.739997863769535,7.0,5.0,08-06,0.17833367983500073
06-08,2.270000457763672,1.8299999237060565,-1.2700004577636719,1.7000007629394496,0.129999160766598,-1.0,1.3000011444091832,3.3500022888183665,0.3400001525878906,0.94000244140625,-1.25,-6.239997863769535,8.0,4.0,08-07,0.17500066757202162
06-09,2.3299999237060565,1.5900001525878906,-2.2100009918212926,2.350000381469723,0.029998779296871447,-1.0400009155273438,1.360000610351566,3.249999999999993,0.48999786376953125,1.1300010681152344,-0.5500030517578125,-4.939998626708995,8.0,4.0,08-08,0.31583293279011854
06-10,2.439999580383301,0.670001029968267,-2.0799999237060547,2.200000762939453,0.14999961853026988,-0.8500003814697301,1.0799999237060618,3.0600013732910156,-0.5400009155273438,0.8899993896484375,-0.4200019836425781,-3.099998474121101,7.0,5.0,08-09,0.2916666666666665
06-11,2.229999542236328,0.4099988937377912,-3.9900007247924805,2.090000152587887,0.38999938964844105,-0.720001220703125,1.2800006866455114,3.3600006103515625,-0.779998779296875,0.8199996948242188,-0.40000152587889914,-0.8299999237060582,7.0,5.0,08-10,0.32166639963785854
06-12,2.829999923706051,0.6700000762939418,-2.25,1.8699989318847656,0.6000003814697266,-0.8400001525878906,1.5799999237060547,3.6399993896484446,-1.1399993896484375,0.26000213623046875,-0.75,-2.129999160766612,7.0,5.0,08-11,0.36166683832804275
06-13,2.5900001525878924,0.25,-2.4300003051757812,1.989999771118164,-0.2099990844726669,-0.30999946594238637,1.8400001525878906,3.920001983642578,-1.3499984741210938,0.4399986267089844,-0.2700004577636719,-1.3299999237060547,6.0,6.0,08-12,0.4275002479553212
06-14,2.3400001525878924,-0.2700004577636719,-2.779998779296875,1.3199996948242223,-0.36000061035156605,0.19000053405762074,1.9200000762939382,3.970001220703125,-1.4699974060058594,0.5100021362304688,-0.4099998474121165,-1.289999008178711,6.0,6.0,08-13,0.30583397547403895
06-15,2.880000114440916,-0.6599998474121094,-2.20999908447266,1.039999008178711,-0.5900001525878942,0.1100006103515554,1.960000991821289,3.9300003051757812,-1.4199981689453125,-0.029998779296875,-1.25,-1.6700000762939524,5.0,7.0,08-14,0.1741670767466208
06-16,2.960000038146971,-0.3800010681152379,-1.4399986267089844,0.9599990844726562,-0.9899997711181641,0.6399993896484375,1.80999946594239,3.790000915527351,-1.5,-0.5099983215332031,-0.7899971008300781,-2.85000038146973,5.0,7.0,08-15,0.14166696866353398
06-17,3.1900005340576154,-0.4699993133544922,-1.3299999237060547,0.75,-1.0,0.5399990081787074,1.610000610351566,3.8400001525878906,-0.7900009155273366,-0.5499992370605469,-1.0699996948242116,-1.7900009155273509,5.0,7.0,08-16,0.24416669209798222
06-18,3.0000000000000018,-0.5599994659423846,-0.8899993896484375,1.0100002288818395,-1.3000011444091797,0.25,1.1599998474121094,3.9500007629394602,-1.0200004577636719,-0.3899993896484304,-0.7900009155273366,-1.8699989318847692,5.0,7.0,08-17,0.21250009536743342
06-19,2.6600008010864276,-0.6199998855590803,-1.1000003814697301,0.8900012969970703,-0.5600013732910085,-0.22999954223632812,1.7100009918212855,3.6500015258789134,-1.0400009155273366,-0.5100021362304545,-1.0200004577636648,-1.3699989318847692,4.0,8.0,08-18,0.20500008265177705
06-20,2.239999771118164,-0.18000030517578125,-1.0699996948242188,1.1900005340576207,-0.31999969482421875,-0.25,2.34999847412109,3.260002136230476,-0.9099998474120952,-0.9700012207031179,-0.7599983215332031,-1.9799995422363281,4.0,8.0,08-19,0.21666685740153233
06-21,2.710000038146971,-0.1100006103515625,-1.239999771118164,1.7700004577636719,-1.4300003051757812,0.0699996948242152,2.4399986267089773,3.299999237060547,-0.6100006103515554,-0.8600006103515696,1.049999237060554,-2.2000007629394496,6.0,6.0,08-20,0.4074995517730711
06-22,2.5699996948242188,0.8499994277954084,-1.1900005340576136,1.649999618530277,-1.760000228881836,0.0699996948242152,2.3299999237060476,3.4300003051757812,-0.6599998474121094,-1.020000457763679,1.6800003051757812,-2.5599994659423935,7.0,5.0,08-21,0.4491665363311748
06-23,2.7899999618530273,0.7999992370605469,-1.510000228881836,1.7100009918212926,-1.2800006866455043,0.19000053405761363,2.7399997711181605,2.6500015258789062,-0.9500007629394531,-1.0,1.3699989318847656,-2.75,7.0,5.0,08-22,0.3966666062672933
06-24,2.5199995040893537,0.75,-1.879999160766598,1.7700004577636719,-1.460000991821289,0.21000099182129262,3.110000610351559,2.690002441406257,-0.6200027465820312,-1.4200019836425852,1.3400001525878906,-1.709999084472667,7.0,5.0,08-23,0.44166668256123787
06-25,2.880000114440918,0.3699998855590856,-1.989999771118164,1.9300003051757812,-1.9300003051757848,0.1800003051757848,2.9499988555908168,3.3999977111816335,-0.7800025939941406,-1.6300010681152415,1.9099998474121094,-2.7800006866455114,7.0,5.0,08-24,0.3758327166239406
06-26,3.260000228881836,0.6600008010864276,-1.7099990844726598,2.010000228881836,-2.2600002288818324,0.7200012207031214,2.1000003814697266,3.2999992370605398,-0.4900016784667969,-1.4900016784667969,2.9899978637695312,-2.489999771118157,7.0,5.0,08-25,0.5499997933705646
06-27,3.159999847412106,0.6400003433227557,-1.7099990844726598,1.8999996185302734,-2.390001296997074,0.09000015258789418,1.2999992370605433,3.019996643066399,-0.3299980163574219,-0.8899993896484375,2.700000762939446,-2.289999008178711,7.0,5.0,08-26,0.43333331743875947
06-28,3.169999122619627,1.0100011825561577,-1.8299999237060582,1.370000839233402,-1.610000610351559,0.040000915527350855,0.21999931335448863,2.549999237060547,-0.15000152587890625,-1.0200004577636719,1.720001220703125,-2.3599987030029297,7.0,5.0,08-27,0.25916671752929776
06-29,3.4299993515014613,1.5800008773803746,-2.0799999237060582,0.8500003814697195,-1.5699996948242188,0.06000137329102273,1.0799999237060511,1.9699974060058594,-0.15000152587890625,-1.7099990844726491,1.7599983215332031,-2.8799991607666016,7.0,5.0,08-28,0.19499985376993814
06-30,3.210000038146971,1.9000005722045952,-2.5499992370605504,0.5100002288818395,-1.5900001525878906,0.1500015258789098,0.9899997711181747,1.4599990844726562,0.17000198364257102,-1.5799980163574148,1.3800010681152415,-2.9099998474121094,8.0,4.0,08-29,0.09500058492024947
07-01,2.9899997711181623,1.9299993515014666,-2.8800010681152415,0.5200004577636719,-1.6599998474121094,0.01000022888183949,0.4500007629394531,1.1400032043457031,-0.5400009155273366,-0.9699974060058594,1.470001220703125,-3.1599998474121094,7.0,5.0,08-30,-0.058332840601602896
07-02,3.619999885559082,2.3799991607666016,-2.4599990844726562,0.5,-2.0300006866455114,-0.15999984741211293,0.7399997711181676,1.4900016784667898,-0.7400016784667898,-0.9899978637695312,0.8600006103515625,-2.9200000762939524,6.0,6.0,08-31,0.02416682243347079
07-03,3.2899999618530273,2.6299991607666016,-2.600000381469723,0.2699985504150426,-1.8099994659423864,0.030000686645507812,0.7900009155273473,1.479999542236321,-0.18000030517577414,-1.2399978637695312,0.470001220703125,-3.029998779296875,7.0,5.0,09-01,0.008333603541056908
07-05,2.7100000381469727,3.4499988555908203,-2.3699989318847656,0.3199996948242152,-1.7899990081787074,-0.030000686645511365,-0.42000007629394176,1.690002441406243,0.06999969482422586,-1.4300003051757812,1.1399993896484375,-3.7399997711181676,6.0,6.0,09-03,-0.03333322207133005
07-06,2.5500001907348633,3.4499988555908203,-2.509998321533203,0.2999992370605504,-2.0299987792968714,0.03999900817871094,0.19000053405762074,1.9200019836425781,0.7700004577636719,-1.7299995422363352,1.2600021362304759,-3.7399997711181676,8.0,4.0,09-04,0.039167165756226176
07-07,3.0799999237060547,2.559999465942383,-2.64999961853027,0.3299999237060547,-2.369998931884762,0.09000015258787641,-0.3400001525878871,2.460002899169929,0.8999977111816406,-1.4099998474121165,1.1300010681152415,-2.3800010681152415,7.0,5.0,09-05,0.1166667938232419
07-08,3.3299999237060547,2.589999198913574,-2.85000038146973,0.44000053405762074,-2.189998626708995,0.0,-0.35000038146972656,1.6899986267089844,2.0900001525878906,-2.1500015258789134,1.3400001525879048,-2.0100002288818395,6.0,6.0,09-06,0.16083312034606875
07-09,3.439999580383299,2.5399999618530273,-2.7800006866455114,0.399999618530277,-2.4899997711181747,0.01000022888182528,-0.42000007629393465,2.0400009155273438,1.6500015258788991,-1.8400001525879048,1.1699981689453196,-2.1100006103515625,7.0,5.0,09-07,0.13416655858357526
07-10,3.849999904632571,2.6500005722045916,-2.6700000762939418,0.6800003051757848,-2.5199985504150497,-0.27999877929687855,-0.21000099182128906,2.020000457763672,1.700000762939446,-1.770000457763679,0.9499969482421946,-1.9799995422363281,6.0,6.0,09-08,0.2016667127609245
07-11,3.569999694824217,2.3299989700317365,-1.8099994659423828,0.7899990081787145,-3.3800010681152344,0.049999237060546875,-1.3199996948242223,2.490001678466804,1.6599998474121094,-1.7000007629394602,1.279998779296875,-2.1800003051757812,7.0,5.0,09-09,0.14833299318949353
07-12,3.8799991607666,2.3100004196166974,-1.8600006103515625,0.5599994659423864,-2.8400001525878906,-0.5699996948242188,-0.8699989318847692,2.25,1.4300003051757812,-1.6999969482421804,1.7399978637695312,-2.770000457763672,6.0,6.0,09-10,0.13000003496805856
07-13,4.109999656677244,1.9500007629394531,-1.5599994659423828,0.09000015258789062,-2.6599998474121236,-0.6199989318847692,-0.8299999237060618,2.0,1.1700019836425852,-1.7299995422363281,1.5200004577636719,-2.89999961853027,6.0,6.0,09-11,0.04500047365824248
07-14,3.7899999618530273,2.1200008392333984,-1.139999389648441,-0.4500007629394531,-2.7000007629394567,-0.8899993896484375,-1.230001449584961,1.7700004577636648,0.8699989318847656,-1.3799972534179616,1.7000007629394531,-2.760000228881829,5.0,7.0,09-12,-0.02499985694885254
07-15,3.4099998474121094,2.0599994659423846,-2.2800006866455043,-0.4500007629394531,-2.5699996948242188,-0.8999996185302734,-1.1300010681152415,0.5500030517578196,0.9199981689453125,-1.1899986267089773,1.9799995422363352,-3.109998703002926,5.0,7.0,09-13,-0.2258332570393861
07-16,3.510000228881834,2.829999923706053,-2.220001220703125,-0.379999160766598,-2.269998550415039,-1.0100002288818395,-0.9899997711181712,0.6100006103515625,0.5,-1.25,2.1899986267089915,-2.60000038146973,5.0,7.0,09-14,-0.08999999364217182
07-17,3.6100006103515625,2.769999504089359,-2.2400016784668004,-0.6899986267089773,-2.7600002288818324,-0.8299999237060582,0.09000015258789418,-0.6800003051757812,0.6299972534179688,-0.8900032043457102,2.4899978637695384,-2.989999771118164,5.0,7.0,09-15,-0.12416736284891676
07-18,3.4099998474121094,2.7599992752075195,-1.970001220703125,-0.31999969482421875,-3.2900009155273473,-1.889999389648441,-0.06999969482421875,-0.5999984741210938,1.0699996948242188,-0.7000007629394602,2.2700004577636648,-1.8300018310546875,4.0,8.0,09-16,-0.09666689236958999
07-19,3.6399993896484375,2.7899999618530273,-2.1800003051757812,0.5300006866455007,-3.0599994659423793,-2.219999313354492,0.38999938964844105,-0.5699996948242188,0.47999954223633523,-0.9299964904785156,2.259998321533203,-1.75,6.0,6.0,09-17,-0.05166649818420351
07-20,4.340000152587891,2.5699996948242188,-2.5799999237060582,0.8899993896484375,-2.9099998474121094,-2.1399993896484375,0.6599998474121094,-0.7599983215332031,1.2000007629394531,-0.37999725341796875,2.2699966430664062,-1.2700004577636719,6.0,6.0,09-18,0.1575001080830889
07-21,4.550000190734863,2.6700000762939453,-2.5,1.1000003814697301,-2.960000991821289,-2.289999008178711,0.7299995422363281,-0.7599983215332031,0.8899993896484446,0.11999893188475852,2.259998321533203,-1.4399986267089844,7.0,5.0,09-19,0.19749999046325714
07-22,4.539999961853027,1.8300008773803729,-2.3599987030029332,1.0200004577636754,-2.3199996948242188,-2.4899997711181605,0.5900001525878906,-0.529998779296875,0.8299980163574219,0.0,2.1599998474121094,-1.7399997711181676,6.0,6.0,09-20,0.12750021616617854
07-23,3.880000114440918,1.7599992752075195,-2.9299983978271484,0.75,-2.3599987030029297,-2.539999008178711,1.1599998474121094,-0.720001220703125,0.9399986267089844,-0.7399978637695312,1.6000022888183594,-2.3800010681152344,6.0,6.0,09-21,-0.13166634241739908
07-24,3.9300003051757812,1.739999771118164,-2.8999996185302734,0.9899997711181605,-1.6599998474121094,-2.8100013732910227,0.4899997711181676,-0.7099990844726562,0.9399986267089844,-0.7299995422363281,1.3199996948242188,-2.9300003051757812,6.0,6.0,09-22,-0.1941668192545579
07-25,3.2799997329711914,1.6299991607666016,-3.529998779296875,1.029998779296882,-1.9400005340576172,-2.5799999237060476,0.8800010681152202,-0.1100006103515625,0.9700012207031179,-0.779998779296875,1.1599998474121165,-3.5799999237060582,6.0,6.0,09-23,-0.2974998950958255
07-26,3.619999885559082,1.5900001525878906,-3.4200000762939418,0.28000068664550426,-2.4300003051757777,-2.8299999237060547,0.3900012969970632,-0.040000915527336645,1.0900001525878906,-0.31000137329102273,0.9799995422363281,-3.4400005340576207,6.0,6.0,09-24,-0.37666678428649963
07-27,2.880000114440916,1.5900001525878906,-2.510000228881836,-0.0699996948242223,-2.079999923706051,-3.1000003814697266,0.8299999237060547,-0.15000152587890625,1.170001983642571,0.3400001525878906,1.2999992370605398,-4.659999847412109,6.0,6.0,09-25,-0.3716666698455824
07-28,2.9099998474121076,1.6500005722045916,-3.4499988555908203,-0.06999969482421875,-2.14999961853027,-3.3199996948242188,0.7999992370605504,0.31999969482421875,0.5499992370605398,-0.6800003051757741,0.9599990844726491,-5.340000152587876,6.0,6.0,09-26,-0.6516667207082101
07-29,3.1199998855590803,1.260000228881836,-3.1700000762939453,-0.43000030517578125,-1.7000007629394496,-3.120000839233402,0.639999389648441,-0.26000213623046164,1.0,-0.7099990844726562,1.3799972534179616,-5.289999008178711,5.0,7.0,09-27,-0.606667121251424
07-30,2.279999732971193,1.8800001144409144,-2.539999008178711,-0.46999931335450285,-1.6500015258789098,-3.0900001525878906,0.3099994659423899,-0.06999969482421875,1.460002899169929,-1.1599998474121094,1.229999542236321,-4.949998855590817,5.0,7.0,09-28,-0.564166386922201
07-31,2.190000534057617,1.010000228881836,-2.049999237060547,-0.569999694824233,-1.130001068115238,-2.75,0.0,-0.6300010681152344,1.0700035095214844,-1.7000007629394531,1.529998779296875,-4.54999923706055,4.0,8.0,09-29,-0.6316665013631203
08-01,2.3400001525878906,0.9799995422363281,-2.420000076293949,-0.4499988555908345,-1.389999389648441,-2.2600002288818324,-1.109998703002944,-0.5600013732910156,1.0100021362304688,-2.1800003051757812,2.6100006103515625,-3.320001602172855,4.0,8.0,09-30,-0.5624998410542835
08-02,1.9200000762939453,0.9400005340576136,-1.9600009918212926,-0.6699981689453125,-1.0900001525878906,-1.959999084472667,-0.8799991607666051,-0.1100006103515696,1.4500007629394602,-2.0300025939941406,2.0800018310546875,-3.8700008392333984,4.0,8.0,10-01,-0.5149998664855975
08-03,1.8299999237060565,1.1200008392333913,-1.5799999237060582,-0.7900009155273402,-1.2600002288818395,-2.229999542236328,-0.8299999237060618,-0.10000228881835938,0.48999786376953125,-1.75,3.1800003051757812,-3.6900005340576136,4.0,8.0,10-02,-0.46750036875407003
08-04,0.8400001525878924,0.9200000762939418,-0.06999969482421875,-0.8400001525878906,-1.0,-2.139999389648434,-0.5500011444091832,-0.9600028991699148,0.8499984741210938,-2.0600013732910156,2.8499984741210938,-4.1000003814697195,4.0,8.0,10-03,-0.5216673215230295
08-05,0.2799997329711932,1.139999389648434,-0.35000038146972656,-0.5599994659423793,-0.8299999237060547,-1.7399997711181605,-0.8100013732910227,-0.7000007629394602,1.1700019836425781,-2.0,2.819999694824226,-3.6000003814697195,4.0,8.0,10-04,-0.43166677157084105
08-06,0.3100004196166992,1.3100013732910156,0.38000011444091797,-0.07999992370605824,-0.7299995422363281,-1.6999988555908168,-1.3999996185302805,-1.9900016784667969,1.2400016784667898,-2.420001983642578,2.1200027465820384,-3.4600009918212926,5.0,7.0,10-05,-0.5349996884663909
08-07,-0.46999931335448863,1.2700004577636754,1.1899995803833008,0.06999969482421164,-0.8500003814697266,-1.8699989318847692,-1.210000991821289,-2.0,1.7999992370605398,-2.1800003051757812,1.990001678466804,-2.5100002288818253,5.0,7.0,10-06,-0.39749995867411236
08-08,0.8099994659423793,1.2999992370605504,1.0600004196166992,0.1800003051757777,-1.1499996185302628,-1.8700008392333984,-0.6199989318847692,-2.229999542236328,2.039997100830071,-2.1100006103515625,1.4599990844726562,-3.379999160766605,6.0,6.0,10-07,-0.37583359082539936
08-09,0.75,1.2799987792968786,-0.6800003051757812,0.32999992370605824,-1.2299995422363246,-1.9300003051757812,-0.5,-2.5099983215332102,2.3999977111816335,-2.2800025939941406,2.129997253417976,-3.4799995422363352,5.0,7.0,10-08,-0.4766672452290856
08-10,0.7299995422363263,1.6999988555908203,-0.5,0.3400001525878906,-0.8699989318847656,-2.1800003051757812,-0.23999977111816762,-2.7900009155273438,2.729999542236328,-1.7700004577636719,2.1100006103515625,-3.8199996948242223,5.0,7.0,10-09,-0.3800001144409187
08-11,0.9799995422363263,2.219999313354492,-0.7600002288818359,0.15999984741211293,-1.1099987030029261,-1.7299995422363281,-0.3199996948242152,-2.5100021362304688,2.5300025939941335,-1.1100006103515625,1.5800018310546875,-3.860000610351566,5.0,7.0,10-10,-0.32749986648559587
08-12,0.43999958038330256,2.4599990844726562,-1.5400009155273438,0.12000083923340199,-0.8799991607666051,-1.6499996185302628,-0.36000061035156605,-2.549999237060547,1.9300003051757741,-1.25,1.69000244140625,-3.4799995422363246,5.0,7.0,10-11,-0.42249973615010533
08-13,0.9899997711181623,2.5599994659423846,-1.3999996185302734,0.22999954223632812,-0.47999954223633523,-2.179998397827145,-0.4200000762939524,-2.2099990844726562,1.9300003051757741,-1.6300010681152273,1.2299995422363281,-2.7100009918212855,5.0,7.0,10-12,-0.34083334604899146
08-14,1.25,2.449999809265135,-1.6499996185302734,0.4399986267089844,-0.4699993133544993,-1.960000991821289,-0.4099998474121058,-2.759998321533203,2.0900001525878906,-1.5900001525878835,1.5100021362304616,-3.2000007629394496,5.0,7.0,10-13,-0.358333190282186
08-15,2.3199996948242205,2.550000190734858,-1.360000610351559,0.17999839782714488,0.8999996185302734,-2.3000011444091797,-0.4799995422363281,-2.4699974060058594,2.319999694824226,-1.75,0.9499969482421804,-2.7200012207031214,6.0,6.0,10-14,-0.1550004482269287
08-16,2.0699996948242205,2.6699991226196307,-1.1499996185302663,0.13000106811523082,1.9400005340576207,-2.549999237060547,-0.3499984741210902,-2.1699981689453125,2.3400001525878906,-3.0699996948242045,0.4399986267089915,-3.5900001525878906,6.0,6.0,10-15,-0.27416634559631053
08-17,2.560000419616699,2.2299995422363317,-1.1800003051757777,0.07999992370604758,2.2000007629394496,-2.2199993133544957,-0.7999992370605504,-1.779998779296875,2.5800018310546804,-2.9899978637695312,-0.2999992370605469,-3.729999542236328,5.0,7.0,10-16,-0.27916598320007474
08-18,2.0900001525878924,2.159999847412113,-0.720001220703125,0.44999885559081676,2.030000686645497,-2.2900009155273438,-0.8899993896484375,-0.7900009155273438,3.200000762939453,-2.6500015258789134,-0.15999984741210938,-3.5099983215332067,5.0,7.0,10-17,-0.09000015258789225
08-19,2.2300004959106445,2.6300010681152344,0.1700000762939453,0.629999160766598,2.6100006103515625,-2.2900009155273438,-0.7800006866455078,-0.9400024414062571,2.9099998474121165,-2.0600013732910227,0.04999923706055398,-3.149999618530263,7.0,5.0,10-18,0.16749962170918842
08-20,1.6099996566772479,2.189999580383299,0.04999923706054332,0.5199985504150391,2.130001068115231,-2.410001754760742,0.07000160217285512,-1.3299980163574219,3.0600013732910156,-2.4500007629394602,0.3600006103515696,-3.090000152587887,8.0,4.0,10-19,0.05916674931844076
08-21,0.5,2.619998931884769,0.6200008392333984,0.4599990844726598,2.3100013732910156,-2.3400001525878906,0.9799995422363317,-0.6100006103515554,2.760002136230476,-2.029998779296875,0.3899993896484446,-3.380001068115231,8.0,4.0,10-20,0.19000005722046195
08-22,0.8599996566772479,2.239999771118164,0.4099998474121094,0.2999992370605504,2.3600006103515625,-2.0200004577636754,3.159999847412113,-0.5900001525878906,2.9200019836425852,-1.8199996948242188,0.48999786376954546,-4.120000839233402,8.0,4.0,10-21,0.3491664727528909
08-23,0.5099992752075213,2.7899990081787145,0.12999916076660512,0.4799995422363281,1.7600002288818395,-1.3400001525878942,3.2399997711181676,-0.4900016784667969,2.6300010681152415,-2.200000762939453,1.0,-3.8400001525878906,8.0,4.0,10-22,0.38916627566019857
08-24,0.5099992752075213,2.8099994659423864,0.12999916076660512,0.34999847412110086,1.600000381469716,-0.889999389648441,2.8700008392333984,-0.20999908447265625,2.470001220703125,-1.7000007629394602,1.0900001525878835,-3.969999313354492,8.0,4.0,10-23,0.4216667016347239
08-25,0.5,2.4399986267089844,0.48999977111816406,0.3299999237060476,1.7999992370605504,-0.7299995422363281,3.950000762939453,-0.3999977111816406,1.4300003051757884,-2.4500007629394602,1.0,-3.8999996185302734,8.0,4.0,10-24,0.37166674931844046
08-26,0.23999977111816584,2.4899997711181676,1.120000839233402,-0.11999893188476918,1.75,-0.75,3.0900001525878906,-0.3100013732910156,1.7400016784667969,-2.1599998474121165,1.3700027465820384,-3.3799991607666016,7.0,5.0,10-25,0.4233338038126632
08-27,0.6300001144409197,2.3900012969970668,1.1199989318847656,-0.19999885559083452,1.7700004577636719,-0.8400001525878871,2.770000457763672,-0.6599998474121094,1.4500007629394531,-2.040000915527351,1.75,-3.4400005340576136,7.0,5.0,10-26,0.3916668097178128
08-28,0.32000064849853516,2.4899997711181676,0.6099987030029332,-0.2099990844726669,1.8400001525878906,-0.4099998474121094,2.529998779296875,-1.0100021362304688,1.3800010681152415,-2.6500015258789062,1.6599998474121165,-2.9799995422363317,7.0,5.0,10-27,0.2974997361501064
08-29,0.41000080108642756,2.220001220703125,0.8899993896484375,-0.18999862670899503,1.7899990081787074,-0.8400001525878906,3.0400009155273438,-1.1000022888183594,1.5800018310546946,-2.6300010681152344,1.0499992370605469,-3.260000228881836,7.0,5.0,10-28,0.2466666698455806
08-30,0.10000038146972834,2.1300010681152344,1.0300006866455043,-0.21999931335450285,2.4400005340576136,-0.7600002288818395,3.090000152587887,-1.0900001525878906,1.020000457763679,-2.0099983215332102,0.5900001525878906,-3.9200000762939453,7.0,5.0,10-29,0.2000004450480124
08-31,-0.46999931335448863,1.9099998474121058,0.7999992370605469,-0.29999923706055753,2.409999847412106,-0.6099987030029297,3.1100006103515625,-1.3000030517578125,0.3100013732910156,-3.4099998474121094,0.720001220703125,-4.670000076293945,6.0,6.0,10-30,-0.12499984105428179
09-01,-0.019999504089353692,1.3100013732910156,2.0400009155273438,-0.5799999237060582,2.2600002288818324,-0.639999389648441,3.5799999237060547,-1.6299972534179688,0.6200027465820241,-2.0999984741210866,0.9000015258789134,-4.219999313354489,6.0,6.0,10-31,0.12666773796081557
09-02,0.14000034332275568,0.75,2.4700012207031286,-0.8900012969970739,2.369998931884762,-0.639999389648441,2.969999313354492,-1.9500007629394531,0.9000015258789062,-2.0900001525878906,1.5800018310546875,-4.219999313354489,7.0,5.0,11-01,0.11583352088928207
09-03,0.26000022888183416,0.6499996185302663,2.1800003051757777,-0.6499996185302805,2.369998931884762,-0.6900005340576065,2.570001602172848,-1.5,1.1100006103515625,-2.1300010681152415,1.5800018310546875,-4.489999771118164,7.0,5.0,11-02,0.1050001780192038
09-04,-0.11999988555908025,1.1599998474121094,1.5300006866455043,-0.6499996185302805,2.189998626708995,-0.2399997711181605,3.3199996948242223,-2.1699981689453125,1.2099990844726562,-2.1300010681152415,1.3700027465820241,-4.219999313354489,6.0,6.0,11-03,0.10416690508524562
09-05,-0.5299997329711932,0.9099998474121094,1.5799999237060511,-0.6099987030029368,2.190000534057617,-0.7100009918212891,3.6100006103515625,-2.6599998474121094,1.2099990844726562,-2.44000244140625,1.3600006103515625,-2.7199993133544886,6.0,6.0,11-04,0.09916663169860766
09-06,-0.4199991226196289,0.6400012969970703,1.5799999237060511,-0.5400009155273438,2.110000610351566,-0.09000015258789062,3.3400001525878906,-2.6599998474121094,1.1599998474121094,-2.740001678466804,1.1800003051757884,-1.7600002288818395,6.0,6.0,11-05,0.15000001589457165
09-07,-0.39999961853027344,0.6400012969970703,0.7199993133544922,-0.3400001525878906,1.9899997711181747,-0.09000015258789062,4.079999923706058,-3.1300010681152415,0.9899978637695241,-3.1000022888183594,1.6700019836425781,-1.3699989318847692,6.0,6.0,11-06,0.13833316167195608
09-08,-0.39999961853027344,0.6599998474121094,1.0599994659423828,-0.2199993133544922,1.569999694824233,-0.04999923706055043,4.079999923706058,-2.759998321533203,1.1200027465820312,-2.940002441406243,1.2400016784667969,-1.3699989318847692,6.0,6.0,11-07,0.1658337910970067
09-09,-0.630000114440918,1.210000991821289,1.6100006103515625,-0.049999237060546875,1.069999694824233,0.0,4.040000915527351,-1.240001678466804,1.0600013732910156,-2.740001678466797,1.1500015258789134,-1.2399997711181712,6.0,6.0,11-08,0.3533335526784273
09-10,-0.4600000381469709,1.3400001525878906,1.659999847412113,-0.5599994659423828,1.110000610351566,0.2700004577636683,3.680000305175785,-0.9000015258789062,1.4500007629394531,-2.3700027465820384,0.9700012207031321,-0.860000610351559,7.0,5.0,11-09,0.4441665808359792
09-11,-0.28999996185302734,1.0699996948242152,1.8600006103515625,-0.5599994659423828,0.9799995422363281,0.1800003051757777,1.6900005340576136,-0.8100013732910227,1.0200004577636719,-2.5600013732910227,0.69000244140625,-1.3799991607666051,7.0,5.0,11-10,0.15750018755594652
09-12,0.010000228881834161,0.28000068664550426,0.9500007629394531,-0.6300010681152379,0.8400001525878871,1.029998779296875,1.2999992370605469,-1.0800018310546875,1.4399986267089844,-2.5,0.40000152587890625,1.3300018310546875,9.0,3.0,11-11,0.2808332443237294
09-13,-0.06999969482421875,0.22000122070312145,0.9700012207031286,-1.4599990844726527,0.4099998474121094,1.620000839233402,1.6100006103515625,0.20999908447265625,1.3100013732910156,-2.4800033569335938,1.2300033569335938,2.85000038146973,9.0,3.0,11-12,0.5350004831949878
09-14,0.050000190734861505,0.23000144958496094,0.7000007629394531,-1.8099994659423828,0.2600002288818253,0.9300003051757812,1.6800003051757777,0.12999725341796875,0.9200019836425781,-2.4300003051757812,1.19000244140625,3.1100006103515625,10.0,2.0,11-13,0.4133338133494046
09-15,-0.17999935150146662,0.20000076293945312,0.3400001525878906,-1.6700000762939453,0.020000457763668322,0.8099994659423793,1.220001220703118,-1.4000015258789062,1.4099998474120952,-2.789997100830071,0.7000007629394531,3.029998779296875,8.0,4.0,11-14,0.14083361625671195
09-16,-0.8800001144409197,0.0999984741210902,0.5100002288818359,-1.7999992370605469,0.15999984741210938,0.7299995422363246,0.9500007629394496,-2.25,1.779998779296875,-3.029998779296868,1.1200027465820241,2.549999237060547,8.0,4.0,11-15,-0.004999876022339904
09-17,-0.8400001525878888,0.04000091552734375,0.2999992370605469,-2.4300003051757777,0.21000099182128906,0.879999160766598,0.4899997711181676,-1.5799980163574219,1.9200019836425781,-3.2700004577636648,1.1300010681152273,3.3299999237060547,8.0,4.0,11-16,0.01500034332275435
09-18,-0.7399997711181641,-0.7000007629394531,0.4699993133544922,-2.350000381469723,-0.43000030517578125,1.409999847412113,0.6300010681152202,-1.6599998474121094,1.5100021362304688,-3.1500015258789062,1.229999542236321,4.329999923706055,6.0,6.0,11-17,0.04583326975504439
09-19,0.1700000762939453,-1.2299995422363281,0.25,-2.0799999237060476,-0.14999961853027344,1.129999160766598,0.4599990844726669,-1.3400001525878835,1.4000015258789062,-2.410003662109375,1.9800033569335938,4.8899993896484375,7.0,5.0,11-18,0.25583330790202
09-20,-0.10000038146972656,-1.0599994659423864,0.220001220703125,-1.8300018310546875,0.2899990081787145,1.2000007629394567,0.4499988555908345,-1.3500022888183523,1.4000015258789062,-2.999999999999993,1.5800018310546804,4.8899993896484375,7.0,5.0,11-19,0.22416655222575077
09-21,0.39000034332275213,-0.9499988555908239,0.8500003814697266,-1.5900001525878906,0.21999931335448863,1.0699996948242152,0.6299991607666122,-1.950000762939446,1.6399993896484375,-2.950000762939453,2.020000457763672,4.8899993896484375,8.0,4.0,11-20,0.3558331330617273
09-22,0.050000190734861505,-0.9099998474121129,1.4799995422363281,-1.239999771118164,-0.22999954223632812,0.75,1.1199989318847692,-2.229999542236328,1.6299972534179759,-2.099998474121101,2.2099990844726562,4.75,7.0,5.0,11-21,0.4399998188018797
09-23,0.7899999618530273,-0.4099998474121094,1.2499999999999964,-1.239999771118164,-0.610000610351559,1.0200004577636719,0.6800003051757777,-2.129997253417976,1.4000015258789062,-2.099998474121101,1.9300003051757812,5.969999313354489,7.0,5.0,11-22,0.5458338260650617
09-24,0.9600000381469727,-1.2000007629394496,0.15999984741210938,-0.8400001525878906,-0.5400009155273402,1.239999771118164,1.180000305175767,-2.5999984741210938,1.4000015258789062,-2.4399986267089915,2.270000457763672,6.039999008178707,7.0,5.0,11-23,0.46916683514912777
09-25,1.0599994659423828,-1.1000003814697266,0.15999984741210938,-0.4799995422363281,-0.9899997711181605,1.1000003814697266,1.7600002288818324,-2.5999984741210938,1.7600021362304688,-2.4099998474121094,1.8500022888183594,5.479999542236328,7.0,5.0,11-24,0.4658338228861491
09-26,0.9099998474121076,-1.1000003814697266,0.28000068664551137,-0.44000053405760653,-0.17000007629395242,1.19000053405761,2.8099994659423935,-2.029998779296875,1.2999992370605398,-1.9599990844726562,0.3400001525878906,4.60000038146973,7.0,5.0,11-25,0.4775001207987472
09-27,0.9099998474121076,-1.2299995422363281,-0.2099990844726527,-0.5900001525878906,-0.2999992370605504,1.2699985504150497,2.8099994659423935,-1.4699974060058594,1.6899986267089844,-1.8799972534179688,1.1499977111816406,4.60000038146973,6.0,6.0,11-26,0.5625001589457214
09-28,0.869999885559082,-1.1999988555908203,0.1600017547607493,-0.4300003051757777,-0.25,1.2699985504150497,2.6399993896484446,-1.5399971008300781,1.4399986267089844,-2.1800003051757884,0.8899993896484446,4.60000038146973,7.0,5.0,11-27,0.5225001176198351
09-29,1.2899999618530273,-1.1599998474121058,-0.6199989318847656,-0.2899990081787074,-0.25,1.010000228881843,2.409999847412106,-0.75,1.5,-1.6599998474121094,0.8899993896484446,5.149999618530273,6.0,6.0,11-28,0.6266667842865005
09-30,1.3800001144409162,-0.7000007629394496,0.029998779296871447,-0.21999931335448863,-0.5399990081787074,1.2800006866455043,2.3600006103515625,-0.40999984741209516,1.309997558593757,-1.6000022888183594,1.0699996948242188,4.969999313354489,7.0,5.0,11-29,0.7441662947336849
10-01,1.9399995803833008,-0.8400001525878871,1.5699996948242188,-0.4200000762939453,-0.7999992370605469,1.19000053405761,2.45999908447266,1.1300010681152344,0.8699989318847656,-1.0,1.4000015258789062,4.35000038146973,8.0,4.0,11-30,0.9875001112620039
10-02,1.4299993515014648,-1.0700016021728551,1.4099998474121094,-0.7000007629394567,-0.9699993133544922,1.8799991607666051,2.180000305175785,1.6300010681152344,0.7199974060058665,-1.0600013732910156,1.4300003051757741,3.6399993896484375,8.0,4.0,12-01,0.8766661485036215
10-03,1.2700004577636719,-1.25,2.059999465942383,-1.1800003051757777,-0.4100017547607422,1.9200000762939453,1.4599990844726562,1.0900001525878835,0.6499977111816548,-0.6399993896484375,1.4900016784667969,3.6399993896484375,8.0,4.0,12-02,0.8416663805643726
10-04,1.4600000381469744,-1.1300010681152308,1.25,-1.1900005340576207,-0.5300006866455114,1.6199989318847656,1.8599987030029297,1.0999984741210866,0.09000015258790484,-0.7099990844726562,1.0600013732910156,3.6399993896484375,8.0,4.0,12-03,0.7099996407826746
10-05,1.6000003814697301,-1.1599998474121058,1.3799991607666016,-1.1800003051757848,-0.7000007629394496,1.6599998474121094,1.0599994659423793,1.3299980163574148,0.0,-0.14000320434570312,0.5699996948242259,3.6399993896484375,7.0,5.0,12-04,0.6716659863789879
10-06,1.6599998474121094,-1.139999389648434,0.6099987030029297,-1.1199989318847692,-0.75,1.6199989318847656,0.9400005340576101,1.1599998474121094,0.4799995422363281,-0.720001220703125,1.2000007629394531,3.7399997711181676,8.0,4.0,12-05,0.6399998664855954
10-07,1.680000305175783,-1.0999984741210902,1.25,-0.9300003051757848,-0.5,1.8699989318847656,0.6800003051757777,1.4399986267089844,0.22999954223632102,-0.55999755859375,1.2999992370605469,4.079999923706055,8.0,4.0,12-06,0.7866667111714674
10-08,1.0500001907348633,-1.1999988555908168,0.5399990081787109,-0.8099994659423899,-0.2600002288818395,1.4199981689453125,0.23999977111817472,1.1500015258789062,-0.3699989318847656,-1.3199996948242188,1.8299980163574219,3.8299999237060547,7.0,5.0,12-07,0.5083332856496178
10-09,1.2799997329711896,-0.6800003051757812,0.5299987792968786,-0.770000457763679,-0.4899997711181605,1.4300003051757848,0.6599998474121058,1.7299995422363281,-0.29000091552734375,-1.1800003051757812,1.7199974060058594,4.409999847412109,7.0,5.0,12-08,0.6958328088124591
10-10,0.8000001907348615,-0.8400001525878906,0.7299995422363317,-0.8799991607666051,-1.3600006103515625,1.730001449584961,0.3199996948242152,2.6100006103515625,-0.29000091552734375,-0.799999237060554,1.9500007629394602,4.270000457763668,7.0,5.0,12-09,0.6866668860117587
10-11,0.6199998855590803,-1.2900009155273438,0.9799995422363317,-0.8100013732910085,-1.4899997711181712,1.7099990844726527,0.22999954223632812,3.1599998474121094,-0.45000076293946023,1.0900001525878835,2.25,4.270000457763668,8.0,4.0,12-10,0.8558329741160059
10-12,0.5200004577636719,-1.3900012969970668,0.6900005340576172,-0.46999931335448863,-1.5100002288818288,1.9499988555908203,-0.19999885559082387,2.8699989318847656,-0.17000198364257102,0.529998779296875,2.779998779296875,4.270000457763668,7.0,5.0,12-11,0.8224995930989595
10-13,0.7700004577636719,-1.5100002288818395,0.6100006103515625,-0.7899990081787216,-1.4099998474121094,1.9799995422363317,-0.3299999237060618,2.25,-0.11999893188477273,-0.15999984741210938,2.6300010681152344,5.1399993896484375,6.0,6.0,12-12,0.7550002733866353
10-14,0.2799997329711932,-2.10000038146973,0.48999977111816406,-0.8299999237060547,-1.9500007629394496,1.6499996185302805,0.12000083923339844,2.6200027465820312,-0.43000030517579546,-0.34999847412108664,1.9099998474121094,5.279998779296875,7.0,5.0,12-13,0.5575001239776612
10-15,0.31999969482421875,-1.7099990844726562,0.47000122070312855,-0.9899997711181641,-1.7800006866454972,1.7200012207031286,-0.6500015258789027,2.8899993896484375,-0.299999237060554,-1.0400009155273438,1.7700004577636719,5.180000305175778,6.0,6.0,12-14,0.49000008900960373
10-16,1.0499992370605487,-2.119998931884769,0.21000099182129262,-1.1700000762939453,-2.3600006103515625,1.5100002288818253,-0.8000011444091797,2.4899978637695312,-0.02000045776367898,-1.6300010681152344,1.5600013732910085,5.75,6.0,6.0,12-15,0.3724997838338197
10-17,1.0900001525878906,-2.2999992370605504,0.20000076293945668,-1.0599994659423864,-2.799999237060547,1.3199996948242223,-1.439998626708988,1.4099998474121165,-0.17000198364257812,-1.2400016784667969,0.5300025939941335,5.85000038146973,6.0,6.0,12-16,0.11583360036214192
10-18,0.9200000762939453,-2.4599990844726616,-0.37000083923339844,-1.4599990844726598,-2.8299999237060582,0.5799999237060547,-1.2999992370605469,0.69000244140625,0.12999725341796164,-0.6299972534179688,-0.17000198364257812,5.85000038146973,5.0,7.0,12-17,-0.08749977747599418
10-19,1.3500003814697283,-2.0799999237060565,-0.15999984741210938,-1.4200000762939489,-2.4800014495849503,0.6000003814697266,-0.7199993133544957,0.6700019836425852,0.48999786376953125,-1.3100013732910156,0.030002593994154836,5.85000038146973,6.0,6.0,12-18,0.06833346684774
10-20,1.700000762939455,-2.629999160766607,0.12000083923339844,-1.279998779296882,-1.930000305175767,1.0499992370605433,-0.7999992370605504,0.03999710083008523,1.309997558593757,-1.9599990844726562,-0.35999679565428977,5.569999694824219,6.0,6.0,12-19,0.06916681925455877
10-21,1.700000762939455,-2.519999504089359,-0.26000022888183594,-1.1099987030029297,-1.2800006866454972,0.5999984741210902,-0.43000030517578125,0.09000015258789062,1.55999755859375,-1.7700004577636719,-0.18999862670897727,5.69999885559082,5.0,7.0,12-20,0.17416644096374614
10-22,1.27000045776367,-2.4900007247924787,-1.1900005340576172,-1.090000152587887,-1.4799995422363317,0.43999862670897727,-0.7300014495849609,-0.15000152587890625,0.9799995422363281,-1.8500022888183665,-0.09999847412109375,5.149999618530273,4.0,8.0,12-21,-0.1033338705698661
10-23,1.5899991989135742,-2.170000076293949,-1.0200004577636719,-0.6400012969970703,-1.4300003051757812,0.21999931335448863,-0.9400005340576172,0.0,0.589996337890625,-2.1400032043457102,-0.4700012207031321,4.869998931884769,4.0,8.0,12-22,-0.12833444277445624
10-24,1.8299999237060547,-2.0399990081787145,-0.9699993133544922,-0.560001373291005,-1.9099998474121058,0.47000122070312145,-0.6299991607666016,-0.5499992370605469,0.8799972534179688,-2.260002136230476,0.3000030517578125,5.409999847412109,5.0,7.0,12-23,-0.0024998982747395835
10-25,2.09999942779541,-2.0399990081787145,-0.4599990844726598,-0.060001373291015625,-1.8200016021728551,0.8299999237060547,-0.5699996948242152,-0.1999969482421875,0.9499969482421804,-3.0800018310546733,0.529998779296875,5.409999847412109,5.0,7.0,12-24,0.13249961535135904
10-26,2.09999942779541,-1.7700004577636719,-0.7399997711181641,0.25,-1.4500007629394567,0.8299999237060547,-0.5699996948242152,-0.10999679565429688,1.1499977111816406,-1.8500022888183523,0.529998779296875,5.409999847412109,6.0,6.0,12-25,0.3149996598561611
10-27,2.4099998474121094,-1.6800003051757812,-1.6000003814697266,-0.2900009155273402,-1.2800006866455043,1.0,-0.6199989318847585,0.2700004577636719,0.45999908447265625,-2.1800003051757884,0.3600006103515625,6.069999694824219,6.0,6.0,12-26,0.2433331807454433
10-28,2.9799995422363263,-1.2000007629394531,-1.1900005340576172,-0.1800003051757777,-1.3299999237060547,0.8499984741210902,-0.639999389648434,-0.5799980163574219,1.0399971008300852,-3.6800003051757884,0.3699989318847656,6.819999694824219,5.0,7.0,12-27,0.2716662089029949
10-29,2.6800003051757795,-1.2100009918212855,-0.9300003051757812,-0.24000167846679332,-1.1800003051757812,0.8799991607666016,-0.25,-0.6599998474121094,1.4499969482421946,-2.440002441406257,0.18999862670897727,6.579999923706055,5.0,7.0,12-28,0.4058324495951333
10-30,3.0500001907348615,-1.2500000000000036,-0.8999996185302734,-0.24000167846679332,-1.289999008178711,0.46999931335448863,-0.059999465942386365,-0.7299995422363281,1.5,-2.450000762939453,-0.4900016784667969,6.469999313354489,4.0,8.0,12-29,0.3399997552235911
10-31,3.1400003433227557,-1.2999992370605469,-1.3199996948242188,-0.24000167846679332,-1.3099994659423828,0.6300010681152379,-0.6700000762939453,-1.0499992370605469,1.2900009155273438,-2.4099998474121023,0.2700004577636719,5.559999465942379,5.0,7.0,12-30,0.21583358446757103
11-01,2.75,-1.269998550415039,-0.6700000762939453,-0.4300003051757848,-1.6499996185302805,0.1700000762939453,0.2999992370605469,-0.3800010681152344,1.19000244140625,-1.8899993896484375,0.27000045776366477,5.559999465942379,6.0,6.0,12-31,0.32916688919067205
11-02,2.75,-1.019998550415039,-0.7199993133544922,-0.5500011444091797,-1.8199996948242223,0.1700000762939453,0.2999992370605469,0.1100006103515625,1.3700027465820312,-1.2599983215332031,0.05999755859375,5.559999465942379,7.0,5.0,01-01,0.4125002225240066
11-03,2.6399993896484357,-0.75,-1.0499992370605469,-0.5,-1.8800010681152308,0.20000076293945312,0.5699996948242188,0.06999969482421875,1.2999992370605469,-1.8199996948242188,-0.1100006103515696,4.60000038146973,6.0,6.0,01-02,0.2724998792012531
11-04,2.6199998855590803,-1.0600013732910156,-0.5100002288818359,-0.19000053405761363,-2.1399993896484375,0.20000076293945312,-0.17000007629394887,0.4900016784667969,1.0400009155273438,-1.4899978637695384,0.15999984741210938,4.20999908447266,6.0,6.0,01-03,0.26333355903625444
11-05,2.229999542236328,-1.6399993896484375,-0.649999618530277,-0.05999946594238281,-1.7199993133544957,0.15999984741211293,-0.29000091552734375,0.4600028991699219,1.0600013732910156,-2.6800003051757884,0.5900001525878906,3.9300003051757777,6.0,6.0,01-04,0.11583375930786015
11-06,1.9799995422363281,-0.7999992370605469,-0.4300003051757848,-0.22999954223632812,-1.2199993133544957,0.03999900817871449,0.4400005340576172,0.6500015258789062,0.6499977111816406,-2.8800010681152344,0.6800003051757741,4.70999908447266,7.0,5.0,01-05,0.29916652043660424
11-07,1.1899995803833026,-1.029998779296875,-0.23999977111816762,0.2800006866455078,-0.6800003051757777,0.6300010681152379,0.1100006103515625,1.4300003051757884,0.2599983215332031,-3.249999999999993,0.2999992370605469,1.779998779296875,8.0,4.0,01-06,0.06499997774760091
11-08,1.3599996566772479,-0.9799995422363281,-0.4400005340576172,0.9200000762939453,-0.15999984741210938,0.7399997711181605,0.20000076293945312,1.3400001525879048,0.6899986267089844,-3.4399986267089844,0.6699981689453125,1.779998779296875,8.0,4.0,01-07,0.22333312034607036
11-09,1.3199996948242205,-0.1900005340576172,0.4699993133544922,1.1200008392333984,0.010000228881843043,0.6899986267089773,0.05000114440918324,1.6100006103515696,-0.020000457763671875,-2.75,0.9500007629394531,1.779998779296875,9.0,3.0,01-08,0.41999991734822695
11-10,1.3999996185302734,-0.13000106811523438,0.7099990844726562,1.260000228881836,0.01999855041504972,0.9699993133544886,-0.2600002288818324,2.3800010681152344,-0.35000228881834516,-2.6500015258789062,-0.3800010681152344,0.2600002288818324,7.0,5.0,01-09,0.2691659927368182
11-11,1.2799997329711932,-0.10999870300292613,0.279998779296875,0.9799995422363281,-0.15999984741209516,1.6599998474121094,-0.3299999237060476,2.8899993896484446,-0.7399978637695312,-1.9200019836425781,-0.9500007629394531,0.0,5.0,7.0,01-10,0.23999985059102658
11-12,1.7100000381469709,-0.09000015258789062,1.0499992370605433,1.1200008392333984,0.07999992370606179,1.7800006866455114,-0.9399986267089915,1.80999755859375,-0.9699974060058594,-1.6100006103515625,-0.45999908447265625,0.0,6.0,6.0,01-11,0.2900002002716063
11-13,1.1899995803833026,0.39000129699706676,1.5200004577636683,1.25,-0.05999946594237926,1.570001602172848,-1.2600002288818253,2.1699981689453125,-1.5699996948242259,-1.3699989318847656,-0.8800010681152273,0.0,6.0,6.0,01-12,0.24583347638448125
11-14,1.010000228881836,0.46000099182128906,1.6700000762939453,1.8800010681152308,-0.129999160766598,1.7700004577636719,-1.1599998474121094,1.9300003051757812,-1.710002899169929,-1.1299972534179688,-2.0,0.0,6.0,5.0,01-13,0.2158336639404291
11-15,0.8500003814697266,0.6599998474121058,1.5,2.0500011444091832,0.3700008392333949,2.0200004577636683,-1.4799995422363281,2.0100021362304688,-1.3000030517578196,-0.1399993896484375,-2.1300010681152273,0.0,7.0,4.0,01-14,0.3675001462300613
11-16,1.2100000381469727,1.1899986267089808,1.7199993133544922,2.120000839233402,0.4000015258789098,1.9499988555908203,-1.6599998474121094,1.690002441406243,-1.740001678466804,-0.4500007629394531,-2.1300010681152344,0.0,7.0,4.0,01-15,0.35833319028218497
11-17,1.4800004959106445,1.019998550415039,1.9099998474121094,1.8299999237060547,0.5600013732910227,2.0200004577636683,-1.649999618530277,1.0600013732910156,-1.9399986267089844,-0.45999908447265625,-2.2900009155273438,0.0,7.0,4.0,01-16,0.2950003147125244
11-18,0.9899997711181658,0.8599987030029261,1.8199996948242223,1.9400005340576172,0.870000839233402,2.15000152587891,-1.8299999237060547,1.2699966430664062,-2.299999237060547,0.009998321533203125,-2.4599990844726562,0.0,8.0,3.0,01-17,0.2766664822896329
11-19,1.2899999618530273,0.9600009918212891,2.3199996948242188,1.6299991607666016,1.3199996948242188,2.470001220703125,-1.9500007629394425,1.6199989318847656,-2.0999984741210938,0.31999969482421875,-2.6499977111816406,0.0,8.0,3.0,01-18,0.43583353360494065
11-20,1.1400003433227557,0.8999996185302734,2.6499996185302734,1.2299995422363281,1.7000007629394496,2.780000686645508,-2.379999160766612,1.8699989318847656,-1.7999992370605469,0.6599998474121094,-2.3699989318847656,0.0,8.0,3.0,01-19,0.5316668351491282
11-21,0.9499998092651385,0.8700008392333984,2.909999847412106,1.279998779296875,1.149999618530284,2.1200008392333984,-2.75,2.049999237060547,-2.1599998474121094,0.5099983215332031,-1.3699989318847656,0.0,8.0,3.0,01-20,0.46333320935567296
11-22,1.3500003814697301,0.46000099182128906,2.789999008178704,1.090000152587887,1.5300006866455114,2.160001754760742,-2.5900001525878906,1.4799995422363281,-1.80999755859375,0.2999992370605469,-1.2599983215332102,0.0,8.0,3.0,01-21,0.45833381017049063
11-23,1.0299997329711932,0.5900001525878906,3.2199993133544886,0.9099998474121094,1.1800003051757848,1.8700008392333949,-3.7999992370605504,1.4900016784667898,-2.4599990844726562,0.55999755859375,-1.44000244140625,0.0,8.0,3.0,01-22,0.2624998887379954
11-24,1.0699996948242188,0.050001144409176135,3.1900005340576207,0.8299999237060476,1.8200016021728551,1.8300018310546875,-3.6299991607666016,1.0699996948242116,-2.359996795654297,0.25999832153321023,-1.2600021362304759,0.0,8.0,3.0,01-23,0.23916705449422113
11-25,1.0,0.15999984741210938,3.15000152587891,1.0999984741210902,2.180000305175785,2.090000152587894,-3.619998931884769,1.5799980163574148,-1.9599990844726634,0.3699989318847656,-1.6800003051757884,0.0,8.0,3.0,01-24,0.36416657765706234
11-26,1.1599998474121076,0.28999900817871094,2.969999313354492,0.8699989318847621,2.469999313354492,1.5500011444091797,-3.5199985504150426,1.7099990844726491,-1.549999237060554,0.30999755859375,-1.8600006103515625,0.0,8.0,3.0,01-25,0.36666631698608204
11-27,0.9099998474121076,0.6500015258789098,2.8899993896484375,0.7999992370605433,2.270000457763672,1.2199993133544957,-2.45999908447266,1.490001678466804,-1.6699981689453196,0.25,-2.200000762939453,0.0,8.0,3.0,01-26,0.3458336194356281
11-28,0.42000007629394887,0.7700004577636754,3.190000534057617,1.0,2.350000381469723,1.1599998474121094,-2.5100002288818395,1.0900001525878906,-1.2299995422363281,-0.3500022888183594,-1.3199996948242188,0.0,7.0,4.0,01-27,0.38083330790201825
11-29,0.2599992752075213,0.9400005340576207,3.3500003814697266,0.9899997711181676,2.100000381469723,1.6300010681152344,-1.7700004577636719,0.5900001525878906,-1.079998016357429,-0.049999237060546875,-1.6899986267089915,0.0,7.0,4.0,01-28,0.4391671021779371
11-30,0.30000019073486506,1.1199989318847656,2.700000762939453,1.0800018310546875,1.8000011444091655,1.8700008392333949,-2.309999465942383,1.1300010681152415,-0.9900016784667969,-0.14999771118164062,-1.520000457763679,0.0,7.0,4.0,01-29,0.4191671212514228
12-01,0.1100006103515625,0.9999999999999964,2.950000762939453,1.1499996185302734,2.1200008392333984,1.4900016784667933,-2.7099990844726562,1.3699989318847656,-1.8300018310546875,-0.030002593994140625,-1.9899978637695384,0.0,7.0,4.0,01-30,0.3025000890096017
12-02,-0.029999732971193183,1.4799995422363246,3.10000038146973,1.0299987792968786,1.960000991821289,1.4500007629394496,-1.9099998474121058,0.7600021362304688,-2.0799980163574148,0.26999664306640625,-1.6299972534179759,0.0,7.0,4.0,01-31,0.36666703224182146
12-03,0.06999969482421875,1.3199996948242116,2.6599998474121094,0.7799987792968786,2.0100002288818395,1.4900016784667933,-1.3400001525878906,0.6599998474121094,-2.1499977111816335,0.589996337890625,-2.259998321533203,0.0,8.0,3.0,02-01,0.31916666030883817
12-04,-0.3400001525878906,1.2700004577636719,2.8400001525878906,0.5900001525878942,1.7600002288818395,1.4099998474121023,-1.1200008392333984,0.9399986267089844,-1.7700004577636648,1.3499984741210938,-2.359996795654297,0.0,7.0,4.0,02-02,0.3808333079020188
12-05,0.1099996566772461,1.1300010681152344,2.960000991821289,0.4699993133544993,2.160001754760742,0.6999988555908168,-1.5799999237060476,0.31999969482422586,-1.1700019836425781,0.45999908447265625,-1.9799995422363281,0.0,8.0,3.0,02-03,0.29833324750264634
12-06,0.39000034332275213,1.0900001525878906,2.9700012207031214,0.1800003051757777,2.3199996948242223,0.23999977111816762,-1.9699993133544886,-0.259998321533196,-1.25,0.6200027465820312,-3.1199989318847727,0.0,7.0,4.0,02-04,0.10083397229512547
12-07,0.22000026702881037,1.25,2.7700004577636683,0.4799995422363281,2.0299987792968714,0.9200000762939489,-2.129999160766598,-1.1399993896484304,-2.279998779296882,0.9200019836425852,-3.229999542236328,0.0,7.0,4.0,02-05,-0.015832980473835523
12-08,0.4000005722045916,1.7000007629394531,3.2000007629394496,0.4899997711181747,2.510000228881829,0.75,-2.039999008178711,-1.0699996948242188,-3.0400009155273366,1.779998779296868,-2.6100006103515696,0.0,7.0,4.0,02-06,0.17250005404154414
12-09,0.5,2.0699996948242223,3.329999923706051,0.1499996185302841,2.379999160766598,0.5100002288818324,-1.610000610351559,-0.4500007629394531,-4.169998168945305,2.0800018310546875,-2.299999237060547,0.0,7.0,4.0,02-07,0.20750013987223426
12-10,-0.009999275207517755,1.7999992370605433,3.440000534057617,0.10000038146973722,2.2799987792968786,0.479999542236321,-1.3400001525878906,-0.6000022888183594,-4.469997406005852,1.6300010681152344,-2.1500015258789062,0.0,6.0,5.0,02-08,0.09666657447815045
12-11,0.07999992370605291,2.0799999237060547,3.3400001525878906,0.1400012969970703,2.8199996948242188,1.1399993896484446,-1.5599994659423864,-0.920001983642571,-4.439998626708977,1.8199996948242116,-1.4300003051757812,0.0,7.0,4.0,02-09,0.25583330790201897
12-12,-0.630000114440918,2.0699996948242188,3.5100002288818324,0.3000011444091797,3.0799999237060582,1.0699996948242152,-2.680000305175792,-0.020000457763671875,-4.569999694824219,2.5100021362304688,-0.710002899169929,0.0,6.0,5.0,02-10,0.3274999459584536
12-13,-0.880000114440918,2.1700000762939418,3.7700004577636683,0.5900001525878906,3.4599990844726562,1.2800006866455114,-3.410001754760742,0.3800010681152344,-4.849998474121094,2.779998779296875,0.4099998474121094,0.0,8.0,3.0,02-11,0.47499998410542776
12-14,-0.7899999618530273,2.350000381469723,3.7800006866455043,0.8500003814697266,3.4900016784667933,1.489999771118164,-3.5400009155273473,1.4599990844726491,-6.079998016357422,3.020000457763672,0.7799987792968679,0.0,8.0,3.0,02-12,0.5675001939137753
12-15,-0.619999885559082,2.510000228881834,3.2099990844726562,0.7899990081787216,3.460000991821289,1.110000610351559,-3.6800003051757884,2.120002746582024,-5.180000305175788,4.349998474121094,1.1699981689453054,0.0,8.0,3.0,02-13,0.769999901453652
12-16,-1.050000190734865,3.0299997329711914,2.809999465942383,1.0499992370605575,3.8000011444091832,1.090000152587887,-4.2600002288818395,2.4199981689453054,-5.399997711181641,4.109996795654297,1.0799980163574148,0.0,8.0,3.0,02-14,0.7233328819274895
12-17,-1.0,3.300000190734865,3.470001220703125,0.8599987030029439,3.25,0.6400012969970703,-3.9699993133544993,2.5100021362304688,-5.049999237060547,4.279998779296875,1.4699974060058594,0.0,8.0,3.0,02-15,0.8133334318796801
12-18,-1.0599994659423828,2.8500003814697266,3.1500015258789062,0.6899986267089915,2.60000038146973,0.5400009155273402,-5.009998321533207,2.6599998474121094,-5.25999832153321,4.090000152587891,1.2999992370605469,0.0,8.0,3.0,02-16,0.5458337465922035
12-19,-1.0500001907348615,2.670000076293949,3.020000457763672,0.6700000762939489,3.090000152587894,1.239999771118157,-5.010000228881832,2.5400009155273438,-4.680000305175788,4.170001983642585,0.48999786376953125,0.0,8.0,3.0,02-17,0.5958333810170499
12-20,-0.7200002670288086,2.670000076293949,2.8500003814697266,0.3400001525878942,2.7100009918212926,0.5300006866455078,-4.670000076293945,2.3899993896484375,-4.289997100830085,4.540000915527337,1.0999984741210938,0.0,8.0,3.0,02-18,0.6208336353301999
12-21,-0.6100006103515625,2.5399990081787145,2.799999237060547,0.25,2.600000381469723,0.6300010681152344,-4.760000228881832,2.9399986267089844,-4.069999694824226,4.270000457763672,2.1699981689453125,0.0,8.0,3.0,02-19,0.7299997011820473
12-22,-0.880000114440918,2.2399997711181676,2.4099998474121094,0.18999862670898438,2.5600013732910085,1.1400012969970739,-4.819999694824219,3.5999984741210938,-4.209999084472663,6.05999755859375,2.1199989318847656,0.0,8.0,3.0,02-20,0.8674997488657628
12-23,-0.9800004959106428,2.159999847412113,2.6700000762939453,0.6999988555908168,2.6400012969970703,0.9700012207031286,-5.170000076293938,3.279998779296882,-4.5,6.30999755859375,1.2699966430664062,0.0,8.0,3.0,02-21,0.7791661421457943
12-24,-0.9300003051757812,1.8200016021728551,2.840000152587887,0.5699996948242188,2.6900005340576207,1.1000003814697301,-4.930000305175778,3.349998474121101,-4.4399986267089915,6.1699981689453125,1.2599983215332031,0.0,8.0,3.0,02-22,0.7916665077209482
12-26,-0.9099998474121112,1.5300006866455114,2.1499996185302734,0.6300010681152344,2.719999313354492,0.9899997711181605,-4.070001602172848,4.470001220703125,-5.229999542236335,4.930000305175781,1.2700004577636719,0.0,8.0,3.0,02-24,0.706666787465413
12-27,-1.0600004196166974,1.2500000000000036,2.1499996185302734,0.5100002288818395,2.680000305175785,1.0699996948242223,-3.910001754760742,4.470001220703125,-5.280002593994141,4.829998016357422,0.720001220703125,0.0,8.0,3.0,02-25,0.6191662947336846
12-28,-0.9000005722045898,1.2999992370605469,2.5699996948242188,1.0400009155273473,2.8400001525878906,0.3400001525878871,-3.7700004577636683,4.790000915527344,-5.090000152587891,5.24000167846679,0.09000015258790484,0.0,8.0,3.0,02-26,0.704166809717815
12-29,-0.5100002288818342,1.269998550415039,2.700000762939453,0.5,3.0600013732910085,0.3899993896484375,-4.7399997711181605,4.219997406005852,-4.510002136230469,4.8600006103515625,-1.0600013732910085,0.0,7.0,4.0,02-27,0.5149995485941568
12-30,-0.5500001907348633,1.1000003814697266,2.940000534057617,0.850000381469723,3.0300006866455007,0.3599987030029297,-4.64999961853027,3.9099998474121165,-4.490001678466797,4.6699981689453125,-2.100002288818345,0.0,7.0,4.0,02-28,0.4224995772043876
12-31,-0.2799997329711932,1.6999988555908203,2.5700016021728516,1.1599998474121058,3.2899990081787074,0.7299995422363281,-4.1399993896484375,4.040000915527344,-5.260002136230469,4.430000305175781,-2.370002746582024,0.0,7.0,4.0,03-01,0.48916633923848457
