,2009,2010,2011,2012,2013,2014,2015,2016,2017,2018,2019,2020,ups,downs,end_day_sum,avg
01-02,-0.44499993324279785,2.119999885559082,3.0199985504150426,1.7299995422363281,0.30999946594238637,-1.7700004577636719,0.5499992370605433,-0.19000053405761896,-0.48999977111816406,-1.0100002288818364,-0.2799999713897705,-0.009999999776482579,5.0,7.0,03-02,0.29458298208192
01-03,-0.5399999618530269,2.2400007247924805,2.939998626708988,1.7299995422363281,0.7099990844726598,-1.8099994659423864,0.9699993133544922,-0.370000362396242,-0.48999977111816406,-0.9300000667572026,-0.2999999523162842,-0.009999999776482579,5.0,7.0,03-03,0.34499980928376334
01-04,-0.8599998950958252,2.4700002670288086,3.1299991607666016,1.3199996948242188,0.7700004577636683,-1.760000228881836,0.8400001525878906,-0.15000057220459162,-0.34999990463256747,-0.7000000476837154,-0.38000011444091797,-0.009999999776482579,5.0,7.0,03-04,0.3599999141879377
01-05,-0.9200000762939449,2.6649999618530273,2.1700000762939453,2.940000534057617,1.0400009155273438,-0.639999389648434,0.7000007629394567,0.15999984741210938,-0.17999982833862305,-0.5099999904632568,-0.48000001907348633,-0.01999999955296516,6.0,6.0,03-05,0.5770835662260657
01-06,-1.085000276565553,3.0299997329711914,2.7800006866455114,3.030000686645508,0.8899993896484375,-1.5200004577636719,1.0400009155273473,0.05000019073486328,0.010000228881835938,-0.5099999904632582,-0.48000001907348633,-0.009999999776482579,7.0,5.0,03-06,0.6020834239510201
01-07,-1.1850001811981197,3.3400001525878906,2.980001449584961,3.2300004959106463,0.8099994659423793,-1.4600009918212855,0.3800010681152379,0.8100004196166992,0.03999996185302823,-0.4900000095367445,-0.5699999332427979,-0.009999999776482579,7.0,5.0,03-07,0.6562501581696177
01-08,-1.234999895095826,3.5450000762939453,1.3500003814697301,3.070000648498537,0.6399993896484375,-1.0900001525878906,0.37000083923339844,1.320000171661377,0.0,-0.4400000572204603,-0.6600000858306885,-0.009999999776482579,6.0,6.0,03-08,0.5716667763578398
01-09,-1.1500000953674308,3.2649993896484375,2.4200000762939418,3.82999897003174,0.5900001525878871,-0.5900001525878906,1.0999994277954137,1.8200001716613796,0.010000228881836826,-0.3400001525878906,-0.630000114440918,-0.009999999776482579,7.0,5.0,03-09,0.8595831585116688
01-10,-1.4800000190734854,3.300000190734865,2.1300010681152344,3.6199989318847674,0.1399993896484375,-0.4099998474121129,0.600000381469723,1.8299994468688974,-0.2999997138977051,-0.21000003814697266,-0.5600001811981197,0.0,6.0,6.0,03-10,0.7216666340827941
01-11,-1.5450000762939444,3.2699995040893572,2.0400009155273438,3.6299991607666016,0.11000061035155895,0.3199996948242152,0.39999961853027344,1.6699995994567898,-0.3299999237060547,-0.25999999046325684,-0.4500000476837158,-0.01999999955296516,7.0,5.0,03-11,0.7362499221538502
01-12,-1.7450001239776602,3.2899999618530273,2.0400009155273438,3.329998970031733,-0.5399990081787109,-0.28000068664550426,0.4200000762939453,1.739999771118164,-0.25,-0.12999987602233976,-0.5799999237060551,-0.01999999955296516,5.0,7.0,03-12,0.6062500063950815
01-13,-1.7450001239776602,3.1399993896484375,2.0050010681152344,3.8500003814697283,0.10000038146972656,-0.19000053405761363,0.10000038146972656,2.129999637603759,-0.26000022888183594,0.039999961853027344,-0.690000057220459,-0.01999999955296516,7.0,5.0,03-13,0.7050000214949255
01-14,-1.1099998950958252,3.020000457763672,2.4249992370605504,3.9300003051757777,0.1600017547607422,-0.28999900817871094,0.3299999237060547,1.9000000953674316,-0.3900003433227548,0.05999994277954057,-0.6699998378753662,-0.01999999955296516,7.0,5.0,03-14,0.7787502193823457
01-15,-1.6749999523162842,2.65000057220459,2.0550003051757812,4.190000534057617,0.29000091552734375,-0.6599998474121094,-0.19999980926513672,2.019999980926513,-0.37000036239624023,0.06999993324279785,-0.7199997901916504,-0.01999999955296516,6.0,6.0,03-15,0.6358335400000215
01-16,-1.7200000286102304,2.505000114440918,2.575000762939453,4.020000457763672,0.5600013732910156,-0.17000007629394176,-1.1299991607666016,2.0399999618530256,-0.37000036239624023,0.06999993324279785,-0.809999942779541,-0.009999999776482582,6.0,6.0,03-16,0.6300002527423203
01-17,-1.6699998378753667,2.5299997329711914,2.854999542236328,4.020000457763672,1.4799995422363246,-0.019998550415042615,-0.6700000762939435,1.7299995422363281,-0.37000036239624023,0.1100001335144043,-1.2000000476837158,-0.009999999776482582,6.0,6.0,03-17,0.7320833397097881
01-18,-1.4399998188018803,2.7899999618530273,2.854999542236328,3.190000534057617,1.129999160766598,0.13999938964844105,-0.3899993896484375,2.050000190734865,-0.26999998092651367,0.10000014305114746,-1.1800000667572021,-0.009999999776482582,7.0,5.0,03-18,0.7470833055364591
01-19,-1.529999971389771,2.7899999618530273,3.3850002288818324,3.1000003814697266,1.090000152587887,0.26000022888183594,-0.2699995040893537,2.050000190734865,-0.23999977111816406,0.25,-1.1200001239776611,-0.009999999776482582,7.0,5.0,03-19,0.8129168145048119
01-20,-1.529999971389771,2.760000228881836,3.035001754760742,2.85000038146973,1.110000610351559,0.3800010681152344,-0.2699995040893537,2.3300004005432147,-0.8400001525878906,0.05999994277954146,-1.2100000381469724,-0.009999999776482582,7.0,5.0,03-20,0.7220837267426156
01-21,-1.4300000667572021,2.720000267028807,2.950000762939453,2.9000005722045863,1.1499996185302699,0.3800010681152344,-0.18000030517578125,2.950000286102295,-1.1399998664855957,0.009999990463256836,-1.190000057220459,-0.009999999776482582,7.0,5.0,03-21,0.7591668558306984
01-22,-1.5299999713897705,2.074999809265135,2.9699993133544957,2.919999122619629,1.1499996185302699,0.4000015258789027,-0.6899995803833008,3.750000000000001,-1.369999885559082,-0.07999992370605513,-1.190000057220459,-0.009999999776482582,6.0,6.0,03-22,0.6995833309677737
01-23,-1.0900001525878906,2.140000343322754,2.700000762939453,2.810000419616699,1.2999992370605469,0.6700000762939453,-0.25,2.9200000762939453,-1.6599998474121094,-0.14999985694885298,-1.119999885559082,-0.009999999776482582,6.0,6.0,03-23,0.6883334311035773
01-24,-1.0799999237060547,2.260000228881836,2.760000228881836,2.3500003814697266,0.12000083923339488,1.2400016784667933,-0.25,2.8999996185302734,-1.5900001525878906,-0.1399998664855966,-1.1299999952316282,-0.009999999776482582,6.0,6.0,03-24,0.6191669198063506
01-25,-1.0799999237060547,2.265000343322754,2.66500091552734,2.3000011444091797,0.5100002288818359,1.2600002288818395,-0.15000057220459162,2.8999996185302734,-1.6300001144409197,-0.20000004768371582,-0.9600000381469727,-0.009999999776482582,6.0,6.0,03-25,0.6558334819662072
01-26,-1.125,2.125,2.1750011444091797,2.5699996948242188,0.4799995422363246,1.0400009155273473,0.2999992370605469,2.749999523162842,-1.299999713897705,-0.2799999713897705,-0.7899999618530287,-0.009999999776482582,7.0,5.0,03-26,0.6612500341919559
01-27,-1.2350001335144043,1.6949996948242205,-0.20499992370604758,2.5699996948242188,0.6399993896484375,-0.2399997711181605,0.08999919891357422,2.4499998092651367,-1.3199996948242214,-0.09000015258789062,-0.7999999523162855,0.0,5.0,7.0,03-27,0.29624984661738146
01-28,-1.0,0.6849994659423793,1.784999847412113,2.8100013732910156,0.6399993896484375,-0.2600002288818395,0.75,1.4000000953674316,-1.4999999999999991,-0.1100001335144043,-0.8999998569488534,0.0,6.0,6.0,03-28,0.35833332935969003
01-29,-0.6700000762939453,0.569999694824217,1.6750011444091726,2.659999847412113,0.8399982452392578,-0.25,-0.5799999237060582,1.7899994850158674,-1.4999999999999991,-0.1100001335144043,-0.8799998760223384,0.0,5.0,7.0,03-29,0.2954165339469902
01-30,-1.244999885559082,0.6749992370605469,2.125,2.1100006103515625,1.0799999237060511,0.03000068664550426,-0.6500005722045898,1.9799995422363281,-1.4800000190734854,-0.029999971389770508,-0.7799999713897701,-0.009999999776482582,6.0,6.0,03-30,0.31708329838390104
01-31,-0.934999942779541,0.7599992752075178,2.7849998474121094,1.649999618530277,0.6399993896484375,0.0400009155273473,-0.42000007629394354,0.7299995422363281,-1.3399996757507315,-0.019999980926513672,-0.8600001335144047,-0.009999999776482582,6.0,6.0,03-31,0.2516665649600333
02-01,-0.7599999904632568,0.7599992752075178,2.679998397827152,1.760000228881836,0.10999870300292969,1.8299999237060547,-0.2999992370605451,0.4499998092651367,-1.3499999046325684,0.0,-0.7699999809265146,-0.009999999776482582,6.0,6.0,04-01,0.36666643541927163
02-02,-0.9049999713897705,0.75,3.054998397827152,2.050001144409176,0.11999893188476562,1.8299999237060547,-0.2999992370605451,0.5500001907348642,-1.4799995422363272,0.19999980926513672,-0.779999971389771,0.0,7.0,5.0,04-02,0.4241666396458947
02-03,-0.9749999046325684,0.6700000762939435,2.3050003051757777,1.8799991607666051,0.05999946594238281,2.8500003814697266,-0.9399995803833008,0.5399999618530273,-1.4399995803833008,0.2899999618530278,-0.7699999809265137,-0.009999999776482582,7.0,5.0,04-03,0.37166668893769367
02-04,-0.7950000762939449,0.9099998474121094,2.5450000762939418,2.9099998474121094,0.05999946594238281,2.210000991821289,-0.7299995422363281,0.15000009536743342,-1.5399999618530256,0.18000006675720215,-0.7400000095367432,-0.009999999776482582,7.0,5.0,04-04,0.4291667334424953
02-05,-0.7950000762939453,0.9349994659423828,2.8349990844726562,2.6700000762939453,0.23999977111816406,2.409999847412106,-1.0,0.5700001716613778,-1.510000228881836,0.21000003814697266,-0.7300000190734863,-0.009999999776482582,7.0,5.0,04-05,0.48541651091848786
02-06,-1.0149998664855957,1.0649995803833008,2.9949989318847656,2.6700000762939453,-0.15999984741211293,2.279998779296875,-1.3800001144409162,-0.11999988555908203,-1.6100001335144043,0.30999994277954146,-0.7599999904632568,-0.009999999776482582,5.0,7.0,04-06,0.3554164560822148
02-07,-1.2000000476837158,1.6299991607666016,2.9949989318847656,2.780000686645508,0.07999992370605469,1.3799991607666051,-1.25,0.07999992370605469,-1.5199999809265137,0.2799999713897705,-0.5399999618530269,-0.009999999776482582,7.0,5.0,04-07,0.3920831473854684
02-08,-1.1649999618530273,1.984999656677246,3.020000457763672,2.8000011444091797,0.13999938964844105,0.3600006103515625,-1.0900001525878906,0.26999998092651456,-1.3299999237060547,0.5399999618530273,-0.3199999332427983,-0.009999999776482582,7.0,5.0,04-08,0.4333334358719491
02-09,-1.1649999618530273,1.8999996185302734,2.8199996948242223,2.719999313354492,0.04999923706055043,0.6800003051757848,-0.9799995422363281,0.4400000572204599,-1.3499999046325701,0.5399999618530269,-0.6000001430511479,-0.009999999776482582,7.0,5.0,04-09,0.42041655303910447
02-10,-1.1649999618530273,2.1999998092651385,2.9800014495849503,3.4300003051757795,-0.10000038146972656,0.8000011444091832,-1.0299987792968714,0.3899998664855966,-1.4199998378753667,0.3299999237060538,-0.6200001239776616,-0.009999999776482582,6.0,6.0,04-10,0.4820836178647971
02-11,-1.1250000000000009,2.369999885559082,2.3199996948242188,3.360000610351566,0.25,0.4899997711181605,-0.6099996566772461,0.3300004005432138,-1.3199996948242179,0.34000015258788974,-0.5900001525878911,-0.009999999776482582,7.0,5.0,04-11,0.4837500842598577
02-12,-1.1749999523162855,2.529999732971193,2.60000038146973,3.1300010681152344,0.20000076293944957,0.43000030517578125,-1.419999122619629,-0.039999961853027344,-1.3599998950958252,0.3299999237060538,-0.630000114440918,-0.009999999776482582,6.0,6.0,04-12,0.3820835940229395
02-13,-0.9150002002716051,2.3199996948242188,2.5300006866455114,2.9600009918212855,0.09000015258789062,-0.570001602172848,-1.6900005340576172,-0.5199999809265137,-1.3599998950958252,0.4399998188018803,-0.7100000381469731,-0.009999999776482582,5.0,7.0,04-13,0.2137499245194102
02-14,-0.6700000762939453,2.3649997711181623,2.5100002288818395,2.9000005722045863,1.0200004577636648,-0.9599990844726562,-1.9399995803833008,-0.46000003814697266,-1.419999837875367,0.4899997711181636,-0.589999914169312,-0.009999999776482582,5.0,7.0,04-14,0.269583522497365
02-15,-0.5299999713897718,2.8950004577636737,2.5599994659423864,3.2700004577636683,0.36000061035155895,-0.9000015258789027,-2.0199995040893555,-0.26999998092651367,-1.3799998760223389,0.5700001716613774,-0.49000000953674316,-0.009999999776482582,5.0,7.0,04-15,0.3379166913218796
02-16,-0.5750000476837158,2.8950004577636737,2.034999847412113,2.7600002288818395,-0.5400009155273509,-0.6600017547607422,-2.0199995040893555,-0.26999998092651367,-1.3299999237060547,0.5499999523162833,-0.5400002002716064,-0.009999999776482582,4.0,8.0,04-16,0.1912498466360073
02-17,-0.5750000476837158,2.8400001525878906,0.9949989318847656,1.9099998474121094,-0.4099998474121094,-0.6600017547607422,-2.0199995040893555,-0.5900001525878897,-1.6399998664855957,0.5199999809265132,-0.7300000190734859,-0.009999999776482582,4.0,8.0,04-17,-0.030833523254841493
02-18,-0.33500003814697266,3.130000114440918,1.1750011444091797,2.1400012969970668,-0.75,-0.6600017547607422,-1.8499994277954137,-0.7199997901916504,-1.9199998378753684,0.42000007629394487,-0.7300000190734859,-0.009999999776482582,4.0,8.0,04-18,-0.009166519623250546
02-19,-0.0699999332427983,3.385000228881834,1.4300003051757848,2.3800010681152273,-0.75,-0.4400005340576172,-1.8899993896484375,-0.6500000953674316,-2.1599998474121103,0.40000009536743075,-0.7300000190734859,-0.009999999776482582,4.0,8.0,04-19,0.07458348991349284
02-20,0.25,3.25,1.3700008392333984,2.319999694824215,0.020000457763675428,-0.639999389648434,-2.2699995040893537,-0.75,-2.059999942779542,0.40000009536743075,-0.6899998188018794,-0.009999999776482582,6.0,6.0,04-20,0.09916686934108569
02-21,0.25,3.5349998474121094,1.3700008392333984,2.319999694824215,-0.05999946594238281,-0.4899997711181605,-2.150000572204595,-0.9899997711181632,-2.059999942779542,0.44000005722045854,-0.6899998188018794,-0.009999999776482582,5.0,7.0,04-21,0.122083424745748
02-22,0.08499979972839355,3.6300001144409197,1.3700008392333984,1.8699989318847656,0.020000457763671875,-0.2899990081787074,-2.380001068115238,-0.9800000190734846,-2.0,0.5600001811981201,-0.5799999237060547,-0.009999999776482582,6.0,6.0,04-22,0.10791669211660852
02-23,1.6349997520446786,3.5050001144409197,2.2399997711181605,0.5499992370605504,0.9799995422363281,-0.5699996948242116,-2.9500007629394567,-0.950000286102294,-1.8799998760223389,0.8899998664855957,-0.6099998950958248,0.0,6.0,6.0,04-23,0.2366664807001756
02-24,1.1649999618530282,3.5100002288818377,2.2600002288818395,1.0499992370605469,1.489999771118164,-0.8299999237060511,-2.979999542236328,-0.8800001144409171,-1.940000057220459,0.839999914169312,-0.5499999523162842,0.0,6.0,6.0,04-24,0.2612499793370574
02-25,1.424999952316285,3.8049993515014666,1.4650001525878906,0.12000083923339844,1.6599998474121094,-1.0599994659423864,-2.969999313354492,-1.4499998092651367,-1.8899998664855957,0.839999914169312,-0.5299999713897705,0.0,6.0,6.0,04-25,0.11791680256525672
02-26,1.744999885559082,4.064999580383301,1.1500015258788991,0.6599998474121129,1.5200004577636683,-2.1299991607666016,-2.9399995803833026,-1.119999885559082,-1.8999998569488525,0.8099999427795423,-0.3299999237060556,0.0,6.0,6.0,04-26,0.12750023603439262
02-27,1.7000000476837158,4.080000877380371,1.6500015258788991,0.9099998474121129,1.1499996185302699,-3.039999008178711,-3.2399988174438423,-1.2300000190734863,-1.7999999523162842,0.7599999904632582,-0.2799999713897705,0.0,6.0,6.0,04-27,0.05500034491221106
02-28,2.0550000667572017,3.77500057220459,2.350000381469723,0.639999389648441,1.2800006866455043,-3.4599990844726527,-3.549999237060547,-1.1100001335144043,-1.5299999713897705,0.6700000762939471,-0.2200000286102295,0.0,6.0,6.0,04-28,0.0750002264976503
02-29,0.0,0.0,0.0,0.9099998474121129,0.0,0.0,0.0,-1.0299997329711923,0.0,0.0,0.0,-0.009999999776482582,1.0,2.0,04-29,-0.010833323777963496
03-01,2.4350001811981197,4.02500057220459,2.690000534057617,1.7399997711181605,0.6900005340576207,-3.5200004577636683,-3.8399991989135724,-0.8499999046325692,-1.5200002193450928,0.589999914169312,-0.059999942779541016,-0.009999999776482582,6.0,6.0,04-30,0.1975001486328745
03-02,3.0099999904632564,3.9049997329711914,2.770000457763672,1.7199993133544922,1.039999008178711,-3.729999542236328,-4.2699995040893555,-1.0699996948242196,-1.619999885559082,0.6400001049041748,-0.14999985694885298,-0.009999999776482582,6.0,6.0,05-01,0.18625001035009817
03-03,3.3299999237060547,3.6750001907348633,1.2399997711181605,1.6399993896484375,1.2999992370605469,-3.5,-4.140000343322754,-1.4200005531311035,-1.559999942779541,0.559999942779541,-0.09999990463256836,0.0,6.0,6.0,05-02,0.08541647593180308
03-04,3.3900001049041744,3.8150005340576207,0.17000007629394887,1.6700000762939453,0.9099998474121058,-4.620000839233402,-4.00000095367432,-1.5400004386901855,-1.6299998760223384,0.6000001430511475,-0.09999990463256836,-0.009999999776482582,6.0,6.0,05-03,-0.11208343583469615
03-05,3.674999952316284,3.3350000381469744,0.6599998474121058,1.7699985504150355,1.060001373291012,-3.739999771118164,-4.560000419616699,-1.5700001716613796,-1.4699997901916504,0.6600000858306885,-0.09999990463256836,-0.009999999776482582,6.0,6.0,05-04,-0.024166684132070387
03-06,3.7049999237060547,3.3500003814697283,1.2399997711181605,1.9299983978271449,1.1400012969970703,-3.6000003814697195,-4.069999694824222,-1.5700001716613796,-1.5899999141693115,0.6400001049041748,-0.009999990463256836,-0.009999999776482582,6.0,6.0,05-05,0.09624997697149669
03-07,3.7249999046325684,2.710000038146976,0.8099994659423793,1.1700000762939418,1.0200004577636754,-3.8000011444091797,-4.45000076293945,-1.6800003051757812,-1.5499999523162833,0.5900001525878906,-0.1699998378753662,0.0,6.0,6.0,05-06,-0.1354168256123857
03-08,3.6500000953674316,2.4050006866455114,-0.2600002288818324,1.5200004577636754,0.9300003051757848,-3.569999694824215,-4.560000419616696,-1.689999580383299,-1.5600001811981201,0.5099999904632568,-0.2999999523162842,0.0,5.0,7.0,05-07,-0.24374987681706553
03-09,3.755000114440918,2.369999885559084,0.029998779296875,0.7999992370605433,1.2099990844726598,-4.3500003814697195,-4.560000419616696,-1.5299997329711914,-1.4500000476837158,0.5699999332427979,-0.29999995231628374,0.0,6.0,6.0,05-08,-0.2879169583320607
03-10,3.820000171661377,2.4000005722045916,0.2700004577636683,0.8500003814697301,1.6499996185302734,-4.39000129699707,-4.359999656677246,-1.5599999427795401,-1.3099997043609624,0.5199999809265123,-0.31999993324279696,0.0,6.0,6.0,05-09,-0.20249994595845533
03-11,4.020000219345093,2.5,0.6000003814697301,0.8500003814697301,1.9099998474121094,-3.790000915527351,-4.380000114440918,-1.6100001335144043,-1.2899999618530265,0.49000000953674316,-0.30999994277954057,0.0,6.0,6.0,05-10,-0.08416668574015289
03-12,4.125000000000001,1.5850000381469709,1.100000381469723,1.3899993896484375,1.2700004577636719,-3.8800010681152415,-3.1499996185302734,-1.519999980926512,-1.3099999427795401,0.5899999141693129,-0.19999980926513672,0.0,6.0,6.0,05-11,-1.986821548024172e-08
03-13,4.265000104904175,2.300000190734865,1.6099987030029297,1.129999160766598,1.2099990844726562,-4.159999847412109,-2.1000003814697266,-1.4800000190734837,-1.1399998664855948,0.5699999332427996,-0.2200000286102295,0.0,6.0,6.0,05-12,0.1654164195060733
03-14,4.484999895095825,3.0249996185302734,1.84000015258788,1.2999992370605433,0.5300006866455078,-3.7000007629394496,-2.4600000381469727,-1.7400002479553205,-1.1599998474121094,0.5599999427795423,0.04000020027160689,0.0,7.0,5.0,05-13,0.22666656970977725
03-15,4.615000009536744,3.6049995422363317,1.319999694824208,1.5400009155273438,1.0400009155273509,-3.5499992370605504,-2.799999237060545,-1.429999828338623,-1.1599998474121094,0.579999923706056,-0.009999990463256836,0.0,6.0,6.0,05-14,0.31250023841857905
03-16,4.539999723434449,3.5799999237060582,1.040000915527333,1.4200000762939418,1.0599994659423828,-3.8099994659423864,-3.0399999618530273,-1.75000047683716,-0.8600001335144043,0.19000005722045898,-0.09999990463256836,0.0,6.0,6.0,05-15,0.18916668494542307
03-17,4.309999704360963,3.3199996948242223,0.6299991607666016,0.9799995422363317,1.3400001525878906,-4.590000152587894,-3.3200006484985334,-2.8899998664855957,-0.5299999713897705,0.09000015258789018,-0.04999995231628418,0.0,6.0,6.0,05-16,-0.05916684865951497
03-18,4.399999856948853,2.969999313354494,-0.36000061035155895,0.889999389648441,1.8900012969970703,-4.710000991821289,-3.440000534057617,-4.039999961853027,-0.6100001335144043,0.16000008583068803,-0.039999961853027344,0.0,5.0,7.0,05-17,-0.24083352088928145
03-19,4.475000143051147,2.914999961853029,-1.029998779296882,0.8099994659423864,1.8700008392333984,-4.8300018310546875,-3.390000343322752,-2.5199999809265137,-0.7200000286102295,0.19000005722045854,0.04999995231628396,0.0,6.0,6.0,05-18,-0.18166671196619685
03-20,3.630000114440918,2.7749996185302734,-1.4799995422363317,0.7900009155273438,1.8300018310546875,-5.229999542236335,-3.609999656677246,-2.380000114440918,-0.7699999809265137,0.24000000953674316,0.029999971389770508,0.0,6.0,6.0,05-19,-0.3479163646698007
03-21,3.755000114440918,2.5450000762939453,-0.9699993133544957,0.8999996185302734,1.8799991607666051,-4.920000076293945,-3.7200002670288086,-2.6000003814697257,-0.5399999618530273,0.32999992370605513,0.08000004291534402,0.0,6.0,6.0,05-20,-0.2716667552789052
03-22,3.8899998664855984,2.25,-0.7000007629394531,0.23999977111816406,1.7900009155273473,-4.940000534057617,-4.660000801086426,-2.579999923706054,-0.25,0.3100001811981201,-0.1100001335144043,0.0,5.0,7.0,05-21,-0.3966667850812271
03-23,3.5900001525878924,2.130000114440918,-0.7600002288818359,0.4200000762939453,1.8100013732910227,-5.969999313354492,-4.840000152587891,-1.7200002670288077,-0.630000114440918,0.3599998950958252,-0.11999988555908159,0.0,5.0,7.0,05-22,-0.477499862511952
03-24,3.5900001525878924,2.125,-1.3100013732910227,0.3599987030029297,1.7700004577636754,-6.329999923706051,-4.939999580383299,-2.3499994277954084,-0.6400001049041752,0.13000011444091752,-0.20000004768371582,0.0,5.0,7.0,05-23,-0.6495834191640214
03-25,3.6350002288818377,1.3249998092651385,-2.5799999237060582,0.11999893188476562,1.7600002288818395,-6.110000610351559,-5.3899993896484375,-3.25,-0.4400002956390381,0.17000007629394487,-0.3700000047683716,-0.009999999776482582,5.0,7.0,05-24,-0.9283334123902017
03-26,3.115000247955324,0.7049999237060565,-1.840000152587887,0.20999908447265625,1.6000003814697266,-4.829999923706051,-4.460000038146971,-3.1599998474121094,-0.05000019073486328,0.35000014305114746,-0.36000001430511475,0.0,5.0,7.0,05-25,-0.7266666988531738
03-27,2.6349997520446804,0.7550001144409197,-1.4600009918212855,0.36000061035155895,1.8199996948242188,-4.530000686645504,-4.3899993896484375,-3.3899998664855957,0.1399998664855957,0.37000012397766113,-0.26000010967254683,0.0,6.0,6.0,05-26,-0.6625000735123946
03-28,3.0050001144409153,0.6649999618530273,-1.4899997711181605,0.9099998474121094,1.8299999237060547,-3.8700008392333984,-4.909999847412108,-3.619999885559082,0.1399998664855957,0.3400001525878906,-0.23999989032745317,0.0,6.0,6.0,05-27,-0.6033333639303841
03-29,3.684999942779541,0.36500072479248225,-1.939998626708988,0.8799991607666016,1.6200008392333949,-3.959999084472667,-4.460000038146973,-2.369999885559082,0.11999988555908203,0.3100001811981201,-0.4500000476837154,0.0,6.0,6.0,05-28,-0.516666412353517
03-30,3.3400001525878915,0.28000068664551137,-2.5999984741210973,1.0699996948242223,1.720001220703125,-3.340000152587887,-4.309999465942383,-2.0900001525878906,0.17999982833862216,0.75,-0.4900000095367427,0.0,6.0,6.0,05-29,-0.45749972263971905
03-31,3.1650002002716073,0.185000419616701,-2.6199989318847656,0.4799995422363281,2.140001296997074,-3.9099998474121094,-4.430000305175781,-1.7200002670288104,0.20999956130981356,0.9800000190734859,-0.5600000619888299,-0.009999999776482582,6.0,6.0,05-30,-0.5074998644801474
04-01,3.310000181198121,0.2300004959106463,-2.6299991607666016,0.8199996948242188,1.7900009155273438,-3.9099998474121094,-4.309999465942383,-1.8499999046325692,0.27999973297118963,0.9000000953674299,-0.5800000429153438,0.0,6.0,6.0,05-31,-0.4958331088225047
04-02,3.205000162124631,0.619999885559082,-2.8699989318847656,0.6499996185302734,1.8500003814697266,-4.930000305175781,-4.029999732971193,-1.440000057220459,0.1599998474121076,0.660000085830688,-0.5900000333786011,0.0,6.0,6.0,06-01,-0.5595832566420244
04-03,3.920000076293946,0.4300003051757795,-3.1199989318847656,0.8899993896484375,1.8500003814697266,-5.1399993896484375,-3.8400001525878906,-1.5,0.25999975204467596,0.7699999809265137,-0.6200000047683716,0.0,6.0,6.0,06-02,-0.5083332161108655
04-04,3.5850002765655518,0.18999958038330078,-4.190000534057617,0.9600009918212891,1.6200008392333984,-4.579999923706055,-4.5500001907348615,-0.8400001525878906,0.23000001907348633,0.7400000095367432,-1.1200001239776611,0.0,6.0,6.0,06-03,-0.662916600704193
04-05,3.9600002765655518,0.8000001907348651,-4.350000381469727,0.38999938964844105,1.360000610351559,-3.5300006866455007,-4.350000381469727,-1.0399999618530273,0.3299999237060547,0.5800001621246338,-1.2000000476837158,0.0,6.0,6.0,06-04,-0.587500075499216
04-06,3.924999952316284,0.23500061035156428,-4.350000381469727,0.15999984741210582,1.7900009155273402,-3.69000053405761,-3.8400001525878906,-1.2300000190734872,0.5900001525878915,0.5199999809265137,-1.1499998569488525,0.0,6.0,6.0,06-05,-0.5866666237513223
04-07,3.8899998664855957,-0.11999988555908025,-5.530000686645497,0.3400001525878871,1.8000011444091797,-3.969999313354492,-4.0,-0.49000024795532227,0.649999856948853,0.4700000286102295,-1.0799999237060547,0.0,5.0,7.0,06-06,-0.6699999173482252
04-08,3.87999987602234,-0.3850002288818377,-5.850000381469727,0.3400001525878871,1.460000991821289,-4.2899990081787145,-4.1100006103515625,0.030000209808350498,0.7199997901916495,0.48000001907348633,-1.1499998569488525,0.0,6.0,6.0,06-07,-0.7395832538604742
04-09,3.6850001811981197,-1.2749996185302734,-6.670000076293952,0.9599990844726491,1.610000610351566,-4.409999847412113,-4.039999961853027,-0.36999988555908025,0.8399996757507315,0.5200002193450928,-1.1299998760223389,0.0,5.0,7.0,06-08,-0.8566666245460522
04-10,3.5950002670288077,-1.3849992752075213,-6.770000457763675,1.1899986267089808,1.2600002288818395,-2.9099998474121094,-4.09999942779541,-0.1700000762939453,0.7399997711181632,0.5099999904632568,-1.1599998474121094,0.0,5.0,7.0,06-09,-0.7666666706403102
04-11,3.825000286102295,-1.4549999237060565,-7.35000038146973,1.3599987030029297,0.7999992370605504,-2.7999992370605504,-3.9200000762939453,-0.05000019073486417,0.7799999713897705,0.5200002193450928,-1.250000119209289,0.0,5.0,7.0,06-10,-0.7950001259644832
04-12,4.329999923706054,-1.3699998855590803,-7.280000686645511,0.6099987030029332,1.1700000762939489,-2.8400001525878906,-4.0199995040893555,-0.11000013351440519,0.75,0.3799998760223393,-1.2799999713897705,0.0,5.0,7.0,06-11,-0.8050001462300616
04-13,4.405000209808347,-1.4149999618530238,-7.2600002288818395,1.5200004577636719,2.329999923706062,-3.0499992370605504,-3.8299999237060547,-0.30000019073486417,1.059999942779541,0.4099998474121098,-1.059999942779541,0.009999999776482582,6.0,6.0,06-12,-0.5983332586474717
04-14,4.265000104904173,-1.9450006484985352,-7.579999923706055,1.6099987030029332,2.0,-3.369998931884769,-3.75,-0.6900000572204572,1.4799997806549086,0.5400002002716064,-1.0699999332427979,0.009999999776482582,6.0,6.0,06-13,-0.7083333921618759
04-15,4.3100001811981175,-1.3949995040893555,-7.380001068115234,1.8599987030029332,1.9300003051757848,-3.6099987030029297,-3.75,-0.48000001907348633,1.4300000667572035,0.75,-1.1399998664855957,0.009999999776482582,6.0,6.0,06-14,-0.6220833254046734
04-16,4.9049999713897705,-0.7299995422363281,-6.979999542236332,1.8699989318847656,1.7999992370605433,-3.7399997711181676,-2.030000686645508,-0.9800000190734846,1.3300001621246351,0.8600001335144047,-0.9500000476837163,0.0,5.0,7.0,06-15,-0.38708343108495136
04-17,5.1000001430511475,0.439999580383299,-6.139999389648441,1.6299991607666051,2.139999389648434,-4.200000762939457,-1.8200006484985352,-1.1499996185302725,1.2000000476837172,0.9600000381469731,-0.9400000572204594,0.0,6.0,6.0,06-16,-0.23166684309641575
04-18,5.409999847412109,0.6549997329711914,-6.20999908447266,1.6900005340576172,2.409999847412106,-4.3300018310546875,-1.9000005722045863,-0.8499999046325675,1.440000057220459,0.9800000190734872,-1.3900001049041748,0.009999999776482582,7.0,5.0,06-17,-0.17375012161210193
04-19,5.220000267028809,0.25500011444091975,-6.149999618530273,2.5,2.1999988555908168,-3.770000457763672,-1.7700004577636719,-0.6100001335144043,1.3400001525878906,2.5399999618530273,-1.2700001001358037,0.009999999776482582,7.0,5.0,06-18,0.041249881964176706
04-20,5.164999961853027,-0.02999973297118963,-6.5000000000000036,2.520000457763672,2.75,-3.6300010681152344,-1.5799999237060511,-0.6199998855590829,1.2599999904632568,2.440000057220459,-1.1300001144409184,0.009999999776482582,6.0,6.0,06-19,0.0545833118570348
04-21,5.330000162124634,-0.125,-6.590000152587891,3.5100002288818324,2.9700012207031214,-3.590000152587894,-1.3499994277954084,-0.2999997138977051,1.380000114440917,3.470000028610229,-1.1100001335144047,0.0,5.0,7.0,06-20,0.29958351453145254
04-22,3.7800002098083487,-0.4549999237060529,-6.270000457763672,3.840000152587887,2.8000011444091832,-3.30999946594239,-0.7799997329711896,-0.36999988555908203,1.2300000190734863,2.9300000667572017,-1.1100001335144047,0.0,5.0,7.0,06-21,0.190416832764943
04-23,3.510000228881836,-1.8500003814697266,-6.440000534057614,3.8199996948242188,2.2900009155273473,-3.0499992370605504,-0.3000001907348615,0.010000228881833273,1.2100000381469718,3.2900002002716033,-1.1700000762939453,0.0,6.0,6.0,06-22,0.11000007390975941
04-24,3.070000171661377,-2.8400001525878924,-4.930000305175778,3.2800006866455043,2.120000839233402,-2.2900009155273473,-0.3900003433227557,-0.1100001335144043,1.25,3.2900002002716033,-1.190000057220459,0.0,5.0,7.0,06-23,0.10499999920527085
04-25,2.5199995040893537,-3.205000877380371,-5.7200012207031214,3.0300006866455043,1.5200004577636612,-1.9000015258789098,0.0,-0.21000003814697,1.2599999904632568,3.320000171661373,-1.0299999713897705,0.009999999776482582,6.0,6.0,06-24,-0.033750235258292606
04-26,2.244999885559082,-3.2350006103515643,-6.2200012207031214,1.4799995422363317,1.8500003814697195,-2.180000305175785,0.019999504089353692,-0.329999923706052,1.1600000858306885,3.020000219345094,-1.100000023841858,0.009999999776482582,7.0,5.0,06-25,-0.2733335387893024
04-27,1.804999828338623,-2.930000305175783,-6.920000076293945,1.909999847412113,1.4099998474121094,-2.4799995422363317,-0.26000022888183594,-0.410000324249264,1.239999771118165,3.470000028610227,-0.9400000572204585,0.009999999776482582,6.0,6.0,06-26,-0.34125010094915825
04-28,1.424999713897705,-3.180000305175783,-5.760000228881836,1.6700000762939489,0.8299999237060547,-2.039999008178711,0.02999973297118963,-0.3399996757507324,1.0,3.580000162124634,-0.9200000762939449,0.009999999776482582,7.0,5.0,06-27,-0.3079166404592494
04-29,0.8499999046325684,-3.4900007247924822,-4.980001449584957,1.5900001525878906,0.4099998474121094,-1.8299999237060511,0.46000003814697266,-0.669999599456788,1.230000257492065,3.7200000286102295,-0.8600000143051143,0.009999999776482582,7.0,5.0,06-28,-0.2966667902655896
04-30,0.780000209808347,-3.3299999237060582,-3.1299991607666016,1.5499992370605504,0.14999961853027344,-2.0599994659423793,1.1999998092651367,-1.2400002479553196,1.27999997138977,3.2900002002716064,-0.9099999666213989,0.009999999776482582,7.0,5.0,06-29,-0.20083330990746587
05-01,1.3550000190734863,-3.310000419616699,-2.9300003051757812,1.5199985504150426,0.5399990081787145,-2.3000011444091832,0.9499998092651367,-1.0999999046325657,1.2599999904632564,3.25,-0.9099999666213989,0.0,6.0,6.0,06-30,-0.13958369692166603
05-02,1.5449995994567853,-3.2300004959106445,-2.7800006866455043,1.4200000762939524,1.110000610351559,-2.0699996948242188,0.5600004196166992,-1.1400003433227512,1.0999999046325684,3.190000057220459,-0.8799999952316284,0.0,6.0,6.0,07-01,-0.09791671236356032
05-03,1.8600001335144025,-3.185000419616699,-3.360000610351559,1.4200000762939453,1.0,-2.520000457763672,-0.31999969482421875,-1.1400003433227512,1.2200000286102295,3.240000009536744,-0.9299999475479126,0.009999999776482582,6.0,6.0,07-02,-0.2254167688079174
05-04,1.8600001335144025,-2.545000076293947,-2.9300003051757777,2.0200004577636754,1.8700008392333949,-2.220001220703125,-0.31999969482421875,-1.0300002098083496,1.1499998569488525,2.8400001525878915,-0.9200000762939453,0.009999999776482582,6.0,6.0,07-03,-0.017916678606221998
05-05,1.9349999427795392,-2.2400007247924822,-2.970001220703118,1.9200000762939453,1.8700008392333949,-2.220001220703125,-0.21000003814697266,-0.8500003814697275,0.9999997615814213,2.8500001430511497,-0.9200000762939453,0.009999999776482582,6.0,6.0,07-04,0.01458309171721354
05-06,1.829999923706053,-2.3600006103515625,-3.0300006866455114,1.9499988555908203,2.25,-1.4400005340576207,-0.21000003814697266,-0.929999828338623,-0.3899998664855957,2.9999997615814222,-0.8200000524520874,0.009999999776482582,5.0,7.0,07-05,-0.011666922985266281
05-07,2.320000171661376,-1.4200000762939418,-2.4700012207031214,2.2600002288818324,1.8099994659423864,-1.3999996185302699,-0.23000049591064453,-0.9700002670288086,-0.34999990463256836,2.5600001811981214,-0.8000000715255742,0.0,4.0,8.0,07-06,0.10916653275489896
05-08,1.619999885559082,-2.244999885559084,-2.2499999999999964,2.2600002288818324,1.5499992370605504,-0.14000129699707387,-1.1000003814697248,-1.1500000953674316,-0.4499998092651367,2.5900001525878906,-0.8100000619888306,0.0,4.0,8.0,07-07,-0.01041683554649353
05-09,1.87500047683716,-2.460000038146976,-1.9300003051757777,1.720001220703125,1.8299999237060476,-0.2999992370605504,-0.5,-0.920000076293948,-0.42999982833862305,2.490000247955321,-0.7600001096725468,0.0,4.0,8.0,07-08,0.051250189542769276
05-10,1.7149996757507324,-2.0799999237060565,-2.4399986267089844,1.9499988555908203,1.789999008178711,-0.7600002288818359,-0.7999992370605487,-0.9600000381469762,-0.5999999046325684,2.4999999999999987,-0.7099999189376831,0.009999999776482582,5.0,7.0,07-09,-0.032083361564825684
05-11,1.5849995613098127,-2.804999351501465,-2.6700000762939347,2.029998779296875,2.8300018310546875,-0.639999389648441,-1.0199995040893555,-0.6999998092651394,-0.8999998569488521,3.0399999618530273,-0.6000000238418579,0.009999999776482582,5.0,7.0,07-10,0.013333510141819974
05-12,1.4549994468688938,-3.384999275207523,-2.7399997711181605,2.229999542236328,3.0400009155273438,-0.4500007629394496,-0.680000305175783,-0.16000032424926758,-0.7300000190734877,3.419999837875366,-0.6299999952316284,0.009999999776482582,5.0,7.0,07-11,0.11499994077409288
05-13,1.5299997329711887,-3.189999580383301,-2.0399990081787145,-2.0499992370605433,3.2900009155273438,-0.19000053405761363,-0.4399995803833008,-0.03000020980834961,-0.6699998378753658,3.539999723434449,-0.6700000762939453,0.009999999776482582,4.0,8.0,07-12,-0.07583314102763912
05-14,1.7699995040893564,-2.1999998092651367,-2.2700004577636683,-1.4200000762939453,3.010000228881836,0.5900001525878942,-0.3099994659423846,-0.080000400543212,-0.869999885559082,3.2200000286102295,-0.7200000286102295,0.0,4.0,8.0,07-13,0.05999998251597146
05-15,2.3999996185302717,-2.094999313354494,-2.380001068115231,-1.3299999237060547,2.4599990844726562,-1.0599994659423793,0.31999969482421875,0.009999752044677734,-1.0,3.1500000953674316,-0.7300000190734863,0.009999999776482582,6.0,6.0,07-14,-0.020416795431325536
05-16,2.5150003433227557,-0.969999313354494,-2.54000091552734,-1.25,4.030000686645508,-1.5300006866455078,-0.15000057220458984,-0.14000034332275124,-0.8900001049041748,3.120000123977661,-0.7799999713897705,0.0,3.0,9.0,07-15,0.11791660388310803
05-17,2.5450000762939453,-0.9349994659423828,-2.0900001525878906,-1.3400001525878906,3.6999988555908168,-1.5200004577636719,-0.26000022888183594,-0.28000020980834694,-0.8400001525878906,3.2200000286102295,-0.9099999666213989,0.0,3.0,9.0,07-16,0.1074998478094736
05-18,2.744999885559082,-0.7049999237060547,-2.6000003814697266,-1.4400005340576172,4.139999389648434,-1.590000152587887,-0.5600004196166974,-0.05999994277953924,-0.7999999523162842,3.0400002002716064,-0.9600001573562627,0.009999999776482582,4.0,8.0,07-17,0.101666500947128
05-19,2.6100001335144016,-0.4099998474121094,-2.3099994659423793,-1.3099994659423828,4.09999847412109,-1.779998779296875,0.38000011444091975,-0.23000001907348544,-0.9000000953674312,3.100000143051148,-1.1400001049041752,0.009999999776482582,5.0,7.0,07-18,0.17666675724710032
05-20,2.9099998474121076,-0.049999237060546875,-1.3299999237060547,-1.3199996948242223,4.04999923706054,-0.75,0.5599994659423846,0.43000030517578125,-0.9699997901916504,3.149999856948853,-1.100000143051148,0.009999999776482582,6.0,6.0,07-19,0.46583332695687724
05-21,3.4349999427795384,-0.11999988555908025,-1.0400009155273402,-1.0399990081787145,4.090000152587887,-0.38999938964844105,0.9099998474121076,0.5100002288818377,-1.0899999141693115,3.4999997615814205,-1.0199999809265137,0.009999999776482582,6.0,6.0,07-20,0.6462500699174893
05-22,3.1550002098083523,-0.4049997329711932,-0.9500007629394531,-0.7999992370605504,4.100000381469723,-0.9500007629394531,1.1700000762939435,0.3699998855590829,-0.9900000095367432,3.459999799728393,-0.8500000238418579,0.009999999776482582,6.0,6.0,07-21,0.6099999852788939
05-23,3.0450000762939453,-0.17000007629394887,-0.8500003814697266,-0.889999389648441,4.29999923706055,-1.1700000762939347,0.6700000762939453,0.4200000762939453,-1.380000114440918,3.2799997329711905,-0.7300000190734863,0.0,5.0,7.0,07-22,0.5437499284744268
05-24,3.1949996948242188,-0.23499965667724787,-1.2299995422363281,-1.389999389648441,3.75,-2.1199989318847727,0.6400003433227539,0.6500000953674316,-1.570000171661377,2.7100002765655513,-0.7400000095367432,0.009999999776482582,6.0,6.0,07-23,0.3058335590176274
05-25,3.1499996185302734,-0.14499950408935547,-1.2000007629394531,-1.4300003051757812,3.3699989318847585,-1.7899990081787145,0.5500001907348651,0.880000114440918,-1.6299998760223389,2.319999933242798,-0.6799999475479127,0.009999999776482582,6.0,6.0,07-24,0.2837499487213783
05-26,3.1499996185302734,0.15499973297118963,-1.1700000762939453,-1.8199996948242188,3.0900001525878764,-1.7799987792968786,0.5500001907348651,0.5799999237060547,-1.5399999618530273,2.529999971389772,-0.669999957084656,0.009999999776482582,7.0,5.0,07-25,0.25708342669531564
05-27,3.494999408721923,0.14500045776367365,-1.5200004577636719,-2.1700000762939453,3.3500003814697195,-1.7799987792968786,0.3999996185302752,0.37999963760376065,-1.4200000762939453,2.3100001811981214,-0.6999999880790712,0.009999999776482582,7.0,5.0,07-26,0.20833335894470364
05-28,3.730000019073489,0.7849998474121112,-1.6200008392333984,-1.5599994659423828,3.3500003814697195,-1.2099990844726562,-0.26000022888183594,0.34999990463256747,-1.4000000953674316,2.1800000667572044,-0.6999999880790712,0.0,5.0,7.0,07-27,0.30375004311402626
05-29,3.1050000190734854,1.25,-1.8400001525878906,-1.5599994659423828,3.7000007629394496,-0.30999946594237926,-0.8400001525878906,0.2799997329711914,-1.3399999141693115,2.1800000667572044,-0.6800000071525573,0.009999999776482582,6.0,6.0,07-28,0.32958345192795013
05-30,3.314999580383301,1.0600004196166992,-3.6200008392333984,-1.3899993896484375,6.170000076293945,-0.5099983215332031,-0.6599998474121112,0.25,-1.3399999141693115,2.420000076293946,-0.3999999761581421,0.009999999776482582,6.0,6.0,07-29,0.44208348868414754
05-31,3.3999996185302734,1.2899999618530273,-3.6200008392333984,-0.9899997711181605,5.54000091552734,-0.23999977111816406,-0.969999313354494,0.25,-1.4399998188018799,1.75,-0.41999995708465576,0.009999999776482582,6.0,6.0,07-30,0.3800000854146976
06-01,3.9549999237060547,1.2899999618530273,-2.549999237060547,-0.6299991607666016,5.129999160766598,-0.5,-0.5199995040893572,-0.4099998474121094,-1.6700000762939453,1.489999771118164,-0.3600000739097595,0.009999999776482582,5.0,7.0,07-31,0.43625007647400055
06-02,3.5799999237060547,0.6799993515014631,-1.7199993133544957,-1.470001220703125,4.809999465942383,-4.489999771118164,-0.7199993133544922,-0.9899997711181641,-2.869999885559082,1.2599999904632568,-0.3400000333786011,0.009999999776482582,5.0,7.0,08-01,-0.18833338143304035
06-03,3.6150002479553223,0.6500005722045916,-1.0499992370605469,-1.460000991821289,4.719999313354496,-4.329999923706055,-1.2299995422363281,-1.2000002861022958,-3.200000047683716,0.9700000286102295,-0.37000006437301636,0.009999999776482582,5.0,7.0,08-02,-0.2395833275901771
06-04,4.1999998092651385,2.520000457763672,-0.5,-1.6100006103515625,4.709999084472656,-4.050001144409173,-0.8699998855590838,-0.9700002670288104,-3.100000023841858,1.2300002574920654,-0.4399999976158142,0.009999999776482582,5.0,7.0,08-03,0.09416647333030943
06-05,4.484999656677247,3.3699998855590856,-0.470001220703125,-1.6100006103515625,5.049999237060547,-4.109998703002933,-0.6900005340576172,-1.0700001716613787,-3.3300000429153442,1.2200002670288086,-0.37000006437301636,0.009999999776482582,5.0,7.0,08-04,0.2070831415864328
06-06,4.62999963760376,2.784999847412111,-0.4099998474121058,-2.2299995422363246,5.160001754760742,-4.030000686645504,-1.010000228881836,-1.0399999618530291,-3.4499999284744263,1.1800000667572021,-0.3699999451637268,0.009999999776482582,5.0,7.0,08-05,0.10208343047027875
06-07,4.669999599456785,2.304999351501465,-0.3099994659423828,-2.739999771118164,5.059999465942383,-4.199998855590824,-0.5399999618530256,-1.239999771118164,-3.350000023841858,1.4600002765655513,-0.4700000286102295,0.009999999776482582,5.0,7.0,08-06,0.054583401264001595
06-08,4.230000019073486,2.375,0.2700004577636719,-2.3199996948242188,4.880001068115231,-4.179998397827152,-0.26000022888183594,-1.3599996566772452,-3.569999933242798,1.299999952316285,-0.5199999809265137,0.009999999776482582,6.0,6.0,08-07,0.07125030038878277
06-09,3.7250003814697275,2.289999961853024,-0.5399999618530273,-2.2399997711181676,4.890001296997056,-3.679998397827152,-0.16000080108642578,-0.7600002288818377,-3.6299997568130493,1.429999828338623,-0.5499999523162842,0.009999999776482582,5.0,7.0,08-08,0.06541688321158075
06-10,3.6500000953674343,1.1399993896484375,-1.119999885559082,-2.1700000762939453,4.620000839233395,-3.469999313354492,-0.35000038146972656,-0.809999942779541,-3.5700000524520874,1.2899999618530273,-0.5899999737739563,0.0,4.0,8.0,08-09,-0.11499994496504473
06-11,2.0349998474121094,-0.23000049591064453,-2.6000003814697266,-2.20999908447266,4.950000762939457,-3.1499996185302734,-1.9699993133544922,-0.15999984741211026,-3.5200001001358032,1.3299999237060547,-0.5799999833106995,0.009999999776482582,4.0,8.0,08-10,-0.5079165242301922
06-12,1.8800001144409162,-0.02999973297118963,-2.2899999618530273,-2.45999908447266,5.020000457763672,-2.8999996185302734,-1.639999389648441,-0.23000001907348722,-3.4100000858306885,1.1200001239776611,-0.5100000500679016,0.009999999776482582,4.0,8.0,08-11,-0.45333310387407805
06-13,1.4499998092651367,-0.15499973297118963,-2.5500001907348615,-2.469999313354492,4.6399993896484375,-2.529998779296875,-1.1199998855590838,-0.3299999237060556,-3.31000018119812,1.0099999904632564,-0.10999995470046997,0.009999999776482579,4.0,8.0,08-12,-0.45541656436398625
06-14,1.4449996948242188,-1.4049997329711896,-3.390000343322752,-3.149999618530277,4.380001068115231,-3.270000457763672,-0.9200000762939471,-0.16000032424926758,-3.180000066757202,-0.7200002670288086,-0.18000000715255737,0.0,2.0,10.0,08-13,-0.8791666775941853
06-15,1.984999656677246,-1.619999885559082,-3.3200006484985334,-3.5900001525878906,4.159999847412113,-3.409999847412113,-0.8599996566772479,-0.46000003814697266,-3.119999885559082,-0.7599997520446777,-0.3500000238418579,0.0,2.0,10.0,08-14,-0.9454166988531748
06-16,2.174999237060547,-1.2200002670288104,-2.3899993896484375,-3.569999694824215,4.25,-3.6700000762939453,-0.9899997711181623,-0.5600004196166992,-3.1900001764297476,-1.940000057220459,-0.38999998569488525,0.0,2.0,10.0,08-15,-0.957916716734568
06-17,2.229999542236328,-0.875,-2.850000381469723,-3.600000381469723,4.020000457763672,-3.809999465942383,-1.180000305175783,-0.4400000572204581,-3.330000162124634,-1.6599998474121094,-0.4100000262260437,0.0,2.0,10.0,08-16,-0.992083385586738
06-18,2.1750001907348615,-0.18999958038330078,-2.6100006103515625,-3.4400005340576136,3.7999992370605504,-3.850000381469723,-1.4299993515014666,-0.8000001907348606,-3.2500001192092896,-1.989999771118164,-0.4300000071525574,0.0,2.0,10.0,08-17,-1.001250093181927
06-19,2.4149999618530273,0.48499965667724787,-3.140000343322754,-3.7700004577636683,3.9699993133544886,-3.6399993896484375,-0.8500003814697266,-0.910000324249264,-3.28000009059906,-1.4499998092651367,-0.4300000071525574,0.0,3.0,9.0,08-18,-0.88333348929882
06-20,2.560000419616701,0.9600000381469727,-3.130000114440918,-3.75,3.840000152587905,-3.8799991607666016,-0.7300004959106463,-0.910000324249264,-3.2600001096725455,-1.8099999427795384,-0.4500000476837158,0.0,3.0,9.0,08-19,-0.8799999654293043
06-21,2.9800004959106463,0.9799995422363281,-4.640000343322754,-3.0300006866455043,3.7899990081787145,-3.129999160766605,-0.7100000381469727,-0.7899999618530265,-3.3000000715255737,-1.3200001716613787,-0.3699999451637267,0.0,3.0,9.0,08-20,-0.7950001110633211
06-22,2.555000305175785,1.3450002670288068,-3.84999942779541,-3.0799999237060547,4.059999465942383,-3.059999465942383,-1.130000114440918,-0.6900000572204608,-3.3499999046325692,-1.7699999809265092,-0.5399999618530273,0.0,3.0,9.0,08-21,-0.7924998998641964
06-23,2.8299999237060565,1.375,-4.13000011444092,-3.1800003051757884,4.159999847412113,-2.969999313354492,-1.1499996185302717,-0.5999999046325684,-3.140000104904175,-1.7200002670288086,-0.5299999713897705,0.0,3.0,9.0,08-22,-0.7545833190282187
06-24,3.2699999809265154,0.8850002288818342,-4.619998931884769,-3.5100002288818395,3.880001068115238,-2.6700000762939453,-0.869999885559082,-0.11000013351440341,-3.3600001335144043,-1.4800000190734863,-0.559999942779541,0.0,3.0,9.0,08-23,-0.7620831727981571
06-25,3.204999446868899,1.3099994659423864,-5.490000724792479,-3.8099994659423864,4.460000991821293,-3.110000610351566,-1.0299997329711914,0.07999992370605558,-3.3500001430511475,-1.619999885559082,-0.5799999237060547,0.0,4.0,8.0,08-24,-0.8279167215029394
06-26,2.9700002670288086,1.3250007629394531,-4.880001068115234,-3.729999542236328,4.880001068115238,-2.979999542236328,-1.359999656677246,0.07000017166137695,-3.3700002431869507,-1.7599997520446777,-0.6399999856948853,0.009999999776482582,5.0,7.0,08-25,-0.7887497933891909
06-27,2.9100008010864276,1.0550003051757812,-4.89000129699707,-3.689998626708988,3.679998397827152,-3.3500003814697266,-1.2299995422363281,0.3000001907348633,-3.4199999570846558,-1.3299999237060547,-0.5600000619888306,0.009999999776482582,5.0,7.0,08-26,-0.8762500079659122
06-28,2.575000762939455,1.155000686645506,-5.090000152587891,-4.079999923706055,4.090000152587876,-3.3600006103515625,-1.5900001525878906,0.15999984741210938,-3.399999976158142,-1.1500000953674325,-0.5800000429153442,0.009999999776482582,5.0,7.0,08-27,-0.938333292026074
06-29,2.4750003814697283,1.0750007629394513,-5.239999771118168,-3.5500011444091797,3.2199993133544957,-2.880001068115231,-1.1700000762939453,0.20000028610229492,-3.519999861717224,-0.9600000381469744,-0.550000011920929,0.009999999776482582,5.0,7.0,08-28,-0.9075001023399332
06-30,2.159999847412111,1.030000686645506,-6.119999885559084,-3.3899993896484375,2.180000305175785,-3.2100009918212855,-0.28999996185302734,0.2199997901916504,-2.0600000619888306,-1.049999713897705,-0.5899999737739563,0.0,4.0,8.0,08-29,-0.9266666124264394
07-01,1.7799997329711914,0.8099994659423793,-6.479999542236328,-3.369998931884762,2.0699996948242188,-3.5100002288818324,-0.21000003814697266,0.3899998664855966,-2.069999933242798,-1.119999885559082,-0.5799999833106995,0.009999999776482582,5.0,7.0,08-30,-1.023333315271884
07-02,2.260000228881836,1.0299997329711932,-6.340001106262209,-3.0999984741210938,1.6900005340576136,-4.89999961853027,0.26000022888183416,0.5399999618530273,-2.0799999237060547,-1.0299997329711914,-0.6800000071525574,0.009999999776482582,6.0,6.0,08-31,-1.0283331813601158
07-03,1.7949991226196271,0.8999996185302752,-6.000000953674318,-3.409999847412106,1.2999992370605575,-5.300001144409173,-0.34999942779541016,0.4699997901916504,-2.059999942779541,-0.5900001525878906,-0.7099999785423279,0.009999999776482582,5.0,7.0,09-01,-1.1620836399185144
07-05,1.319999694824217,1.1999998092651385,-6.650000572204588,-3.7099990844726562,1.8000011444091797,-5.159999847412113,-0.4699993133544922,0.4200000762939444,-1.9600000381469724,-0.5999999046325684,-0.6899999976158142,0.009999999776482582,5.0,7.0,09-03,-1.2074998361058535
07-06,1.4349994659423828,1.1999998092651385,-6.970000267028807,-3.479999542236328,0.4799995422363281,-5.030000686645508,-0.7099990844726562,0.19000005722046076,-1.9900000095367434,-1.0900001525878915,-0.6800000071525574,0.009999999776482582,5.0,7.0,09-04,-1.386250072934975
07-07,1.5950002670288104,0.8199996948242188,-6.210000038146974,-3.469999313354492,0.8899993896484375,-5.260000228881836,-0.4099998474121076,0.18000030517578036,-2.0199999809265123,-1.059999942779541,-0.6600000262260437,0.0,4.0,8.0,09-05,-1.300416643420855
07-08,1.7250003814697301,1.005000114440918,-5.910000801086426,-3.690000534057617,0.9199981689453125,-5.380001068115231,-0.18999958038330078,-0.40000009536743164,-2.0000000000000004,-1.299999713897705,-0.6899999976158142,0.0,3.0,9.0,09-06,-1.3258335938056305
07-09,1.5100002288818377,1.0099992752075213,-5.699999809265135,-3.2600002288818324,0.7099990844726562,-5.569999694824222,-0.23999977111816406,-0.5999999046325692,-2.0300000905990605,-1.6700000762939462,-0.6600000262260437,0.009999999776482582,4.0,8.0,09-07,-1.3741667511252063
07-10,1.300000190734865,1.3649997711181658,-5.739999771118164,1.019998550415039,0.45999908447265625,-3.450000762939453,-1.239999771118164,-0.6799998283386239,-1.9900000095367434,-1.7899999618530291,-0.6199999451637268,0.0,4.0,8.0,09-08,-0.947083537777265
07-11,0.8549995422363263,0.5749998092651385,-5.369999885559084,0.38999938964844105,-1.0200004577636754,-3.5400009155273438,-1.2299995422363281,-0.7899999618530291,-1.7899999618530271,-1.4700002670288095,-0.5800000429153442,0.009999999776482582,4.0,8.0,09-09,-1.1633335244841876
07-12,0.6149997711181623,0.46999931335449396,-5.259999275207521,0.6900005340576136,-1.0299987792968786,-3.589998245239258,-1.1299991607666016,-0.8800001144409189,-1.6599998474121092,-1.4200000762939453,-0.4999999403953552,0.009999999776482582,4.0,8.0,09-10,-1.1404163183954863
07-13,0.6049995422363263,-0.655000686645506,-5.099999427795412,0.7600002288818395,-0.8400001525878942,-4.179998397827148,-1.3899993896484375,-0.7300000190734899,-1.669999957084656,-1.4700002670288086,-0.5399999618530273,0.009999999776482582,3.0,9.0,09-11,-1.2666665407208109
07-14,0.5749998092651367,-0.6900005340576172,-5.340000152587889,0.4799995422363281,-0.18000030517578125,-4.399999618530273,-1.2799997329711914,-0.5000000000000009,-1.649999976158142,-1.4999999999999982,-0.41999995708465576,0.009999999776482582,3.0,9.0,09-12,-1.2412500771073003
07-15,0.375,-0.37000083923339844,-5.849999427795408,0.5300006866455078,-0.3400001525878942,-4.329999923706058,-0.9799995422363299,-0.7200002670288086,-1.7000000476837158,-1.3700003623962411,-0.26999998092651367,0.0,2.0,10.0,09-13,-1.252083321412405
07-16,0.21000003814697266,0.5450000762939435,-6.079999923706058,0.6499996185302734,-0.2999992370605504,-4.14000129699707,-1.280000686645506,-0.980000019073489,-1.6600000858306885,-1.380000114440918,-0.09000003337860107,0.0,3.0,9.0,09-14,-1.2087501386801411
07-17,0.05499935150146662,1.2150001525878906,-5.849999427795414,0.6599998474121129,-0.25,-3.529998779296875,-1.2799997329711932,-1.0100002288818377,-1.6200001239776611,-1.429999828338623,-0.12999999523162842,0.0,3.0,9.0,09-15,-1.0974998970826468
07-18,-0.4250001907348633,1.8549995422363281,-5.259999275207521,0.3799991607666051,-0.43999862670899503,-4.0,-1.25,-0.9600000381469744,-1.5,-1.7799997329711905,-0.2799999713897705,0.009999999776482582,3.0,9.0,09-16,-1.137499927698325
07-19,-0.33500003814697266,2.029999732971193,-5.349999427795408,1.1000003814697266,0.5499992370605469,-3.7300014495849574,-1.219999313354494,-0.8199996948242196,-1.5999999046325684,-1.6800003051757812,-0.2800000309944153,0.009999999776482582,4.0,8.0,09-17,-0.9437500677692391
07-20,-0.33500003814697266,1.7950000762939489,-5.449999809265135,0.8899993896484375,0.6599998474121129,-3.5,-1.0199995040893555,-0.869999885559082,-1.4999998807907107,-1.739999771118164,-0.21000003814697277,0.009999999776482582,4.0,8.0,09-18,-0.9391666344987842
07-21,-0.4849996566772461,1.8599996566772479,-5.820000648498537,0.6899986267089844,1.970001220703118,-3.5200004577636683,-0.9899997711181641,-0.7400002479553214,-1.4499999284744263,-1.7699999809265137,-0.30000001192092907,0.0,3.0,9.0,09-19,-0.8795834332704547
07-22,-0.4399995803833008,1.194999694824217,-5.600000381469727,0.8699989318847692,2.3400001525878977,-3.8500003814697266,-0.8999996185302752,-0.7500000000000009,-1.3599998950958252,-1.6700000762939444,-0.39000004529953014,0.0,3.0,9.0,09-20,-0.8795834332704539
07-23,-0.46000003814697266,0.8149995803833026,-5.460000038146973,1.029998779296875,2.61999893188478,-3.8600006103515625,-0.619999885559082,-0.5599999427795401,-1.3799998760223389,-1.820000171661377,-0.40000003576278687,0.009999999776482582,4.0,8.0,09-21,-0.8404169422574327
07-24,-0.5200004577636719,0.6850004196166992,-5.529999732971193,1.3799991607666016,2.359998703002937,-4.719999313354496,-0.28999996185302734,-0.11000013351440341,-1.3499999046325684,-1.6000003814697266,-0.3700000047683717,0.0,3.0,9.0,09-22,-0.8387501339117683
07-25,-0.7100000381469727,0.47500038146972656,-5.9300003051757795,0.7699985504150391,0.0,-4.810001373291012,0.1099996566772461,0.48999977111816495,-1.369999885559082,-1.4700002670288095,-0.2900000214576721,0.0,4.0,8.0,09-23,-1.0612502942482624
07-26,-0.6049995422363299,0.43000030517578125,-5.710000991821287,0.610000610351559,1.1999988555908239,-5.719999313354496,-0.05999946594238281,0.559999942779541,-1.4300000667572021,-0.9500000476837158,-0.3500000238418579,0.0,4.0,8.0,09-24,-1.0020833114782972
07-27,-0.7299995422363299,0.619999885559082,-3.9300003051757795,0.9699993133544957,1.3200016021728551,-6.389999389648441,0.1900005340576172,0.5899996757507324,-1.4700000286102295,-0.4400000572204599,-0.28999996185302734,0.0,5.0,7.0,09-25,-0.7966665228207903
07-28,-0.8149995803833026,0.3900003433227539,-3.800000190734858,1.4300003051757848,1.1000003814697301,-6.8399991989135795,0.5,0.5,-0.20000004768371604,-0.1700000762939453,-0.3100000023841858,0.0,5.0,7.0,09-26,-0.6845831722021098
07-29,-1.3699998855590838,0.14499950408935725,-3.5900001525878906,1.2600002288818395,0.5200004577636754,-6.579998970031744,0.05000019073486328,0.7699999809265163,0.019999980926513672,-0.15000009536743164,-0.21999996900558472,0.0,6.0,6.0,09-27,-0.7620832274357475
07-30,-1.7150001525878924,-0.35500049591064453,-2.970000267028805,1.060001373291012,0.8400001525878906,-2.5899991989135795,-0.2700004577636701,0.6800003051757804,0.019999980926513672,-0.08999967575073153,-0.24000000953674316,0.0,4.0,8.0,09-28,-0.4691665371259058
07-31,-2.119999885559082,-0.06500053405762074,-2.7000007629394496,1.0500011444091761,0.9300003051757777,-3.3000011444091797,-0.36999988555908203,0.630000114440918,0.060000061988830344,0.2000002861022958,-0.20999997854232788,0.0,5.0,7.0,09-29,-0.49125002324581196
08-01,-2.3999996185302734,0.32499980926513494,-3.1700000762939418,1.2000007629394496,0.6899986267089844,-3.3299999237060547,-0.48999977111816406,0.6500000953674316,-0.039999961853027566,-0.05999994277954013,-0.2800000309944153,0.0,4.0,8.0,09-30,-0.5754166692495347
08-02,-2.494999885559082,0.32499980926513494,-3.1999988555908168,1.9200000762939418,1.0699996948242188,-3.390000343322754,-0.5199995040893555,0.75,0.19000005722045876,0.019999980926513672,-0.3699999749660492,0.0,6.0,6.0,10-01,-0.4749999120831491
08-03,-2.7200002670288086,0.9099998474121094,-3.260000228881836,0.8500003814697266,1.8699989318847692,-3.660000801086426,-0.3899993896484393,0.7199997901916504,0.41999995708465576,0.2699999809265119,-0.3499999940395355,0.0,6.0,6.0,10-02,-0.44500014930963516
08-04,-2.760000228881834,1.3900003433227557,-1.989999771118164,0.5699996948242223,1.8899993896484375,-3.780000686645506,-0.8599996566772496,0.6800003051757812,0.34999990463256836,0.25,-0.35999998450279236,0.0,6.0,6.0,10-03,-0.38500005751848176
08-05,-2.320000648498535,1.9249992370605433,-2.1700000762939453,0.3299999237060547,1.3999996185302699,-3.800001144409178,-1.1399993896484393,1.3400001525878924,0.3999999761581421,0.05000019073486239,-0.2999999821186065,0.0,6.0,6.0,10-04,-0.35708351184924497
08-06,-1.755000114440918,2.50000095367432,-1.4799995422363281,0.5799999237060547,1.3899993896484446,-4.300001144409178,-1.1900005340576154,1.380000114440918,0.43999993801116943,0.1700000762939453,-0.270000010728836,0.0,6.0,6.0,10-05,-0.2112500791748353
08-07,-1.900000572204588,1.1599998474121094,-0.5599994659423828,0.5100002288818324,1.6599998474121058,-4.140000343322756,-1.3400001525878888,1.3400001525878906,0.4099999666213989,0.309999942779541,-0.22999998927116388,0.0,6.0,6.0,10-06,-0.23166671146949178
08-08,-1.109999656677246,1.4300003051757812,-0.25,0.5499992370605469,1.7399997711181676,-4.510000228881836,-1.4600000381469727,1.1999998092651367,0.36000001430511475,0.26999998092651367,-0.24000000953674316,0.0,6.0,6.0,10-07,-0.16833340128262808
08-09,-0.8899993896484375,1.3950004577636683,-0.5600004196166992,0.8400001525878906,2.0699996948242223,-3.8999996185302734,-1.7799997329711932,1.2699999809265137,0.25,0.18000030517578125,-0.2600000202655792,-0.009999999776482579,6.0,6.0,10-08,-0.11624988246088241
08-10,-0.9799995422363281,1.5200004577636683,-0.30000019073486506,0.2999992370605469,1.1700000762939453,-4.369999885559082,-1.4499998092651367,1.369999885559082,0.3099999427795408,0.019999980926513672,-0.23999997973442078,-0.009999999776482579,6.0,6.0,10-09,-0.22166665224358484
08-11,-0.9749994277954102,2.7700004577636683,-0.5300006866455078,0.2899990081787074,0.600000381469723,-4.300000190734865,-1.6499996185302734,1.2900004386901855,0.5099999904632571,0.34999990463256836,-0.2599999904632568,0.0,6.0,6.0,10-10,-0.1587499777476003
08-12,-1.5149993896484375,2.600000381469725,0.06999969482421875,1.3099994659423828,0.6400012969970703,-4.160000801086424,-1.7100000381469727,1.2300000190734846,0.5500000715255737,0.07999992370605469,-0.23999997973442078,0.0,7.0,5.0,10-11,-0.09541661292314545
08-13,-1.2449998855590803,3.1649999618530273,0.35000038146972656,0.9499988555908203,0.5500011444091832,-3.9000005722045916,-1.8500003814697248,1.130000114440918,0.5700000524520876,-0.029999732971191406,-0.20000001788139343,0.0,6.0,6.0,10-12,-0.04250000665585154
08-14,-0.7950000762939453,3.1149997711181676,0.21000003814697088,0.9799995422363281,0.7800006866455114,-4.550000190734858,-2.1399993896484375,1.0900001525878915,0.5600000619888306,-0.309999942779541,-0.17999997735023499,0.0,6.0,6.0,10-13,-0.10333327700694306
08-15,-0.07499980926513672,3.4200000762939453,0.4600000381469709,0.8199996948242188,1.119998931884762,-4.3199996948242205,-3.0199995040893537,1.1100001335144043,0.48000001907348633,0.019999980926513672,-0.3700000047683716,0.0,7.0,5.0,10-14,-0.029583344856898435
08-16,-0.07499980926513672,3.9650001525878906,0.9899997711181623,1.060001373291012,1.5400009155273473,-4.340000152587887,-3.3899993896484357,1.2200002670288077,0.5099999904632568,-0.17999982833862127,-0.4300000071525575,0.0,6.0,6.0,10-15,0.07250027358531988
08-17,0.19999980926513672,3.489999771118166,0.9799995422363263,0.7900009155273402,1.7300014495849503,-4.039999961853024,-3.5199995040893537,1.2200002670288077,0.5,-0.18000030517578391,-0.3400000035762787,0.0,7.0,5.0,10-16,0.06916683167219058
08-18,-0.2200002670288086,3.4700002670288104,1.0300006866455114,0.8799991607666051,1.6600017547607422,-3.9399995803832955,-3.5399999618530273,1.0699996948242188,0.440000057220459,-0.1699995994567871,-0.3700000047683716,0.0,6.0,6.0,10-17,0.025833517313004723
08-19,0.2049999237060529,4.060000419616703,1.449999809265135,1.1000003814697301,1.9400005340576172,-4.009999275207518,-3.119999885559082,1.059999942779541,0.4099999666213989,-0.11999988555908203,-0.36000001430511475,0.0,7.0,5.0,10-18,0.2179168264071151
08-20,-0.039999961853027344,3.6449995040893537,0.7399997711181623,1.1800003051757884,1.840000152587887,-4.099999427795408,-3.020000457763672,1.1100001335144034,1.190000057220459,-0.2199997901916504,-0.3700000047683716,-0.009999999776482582,6.0,6.0,10-19,0.16208335679645347
08-21,0.029999732971193183,3.6450004577636754,1.6099996566772443,1.5100002288818395,2.119998931884762,-4.279999732971193,-3.059999465942381,1.130000114440917,1.119999885559082,-0.46000003814697266,-0.3400000333786011,0.0,7.0,5.0,10-20,0.25208331147829716
08-22,-0.005000114440919745,3.4099998474121094,1.5,1.8099994659423864,2.650001525878899,-4.629999160766602,-2.6800003051757812,1.2400002479553214,1.1099998950958252,-0.32000017166137695,-0.4099999964237213,-0.009999999776482582,6.0,6.0,10-21,0.3054167695033048
08-23,-0.1900005340576172,3.5550003051757812,0.8900003433227557,1.7000007629394531,2.340000152587905,-4.380000114440916,-2.710000038146971,1.25,1.1299999952316284,-0.630000114440918,-0.4000000059604645,-0.009999999776482582,6.0,6.0,10-22,0.2120833960361795
08-24,0.0149993896484375,3.825000762939453,0.9000005722045916,0.9300003051757812,2.319999694824215,-4.340000152587889,-3.1100006103515607,1.0199999809265137,1.2600001096725462,-0.570000171661377,-0.5199999809265137,-0.009999999776482582,7.0,5.0,10-23,0.14333332500730966
08-25,0.34999942779541016,3.7250003814697283,1.5200004577636737,0.9500007629394496,2.6700000762939453,-4.720000267028809,-2.7499999999999982,1.2200002670288095,1.3200000524520874,-0.5199999809265137,-0.5399999916553497,-0.009999999776482582,7.0,5.0,10-24,0.2679167655296626
08-26,0.4499998092651367,4.515000343322756,2.3999996185302734,1.1800003051757812,2.4200000762939453,-5.19999980926514,-3.1700000762939435,1.1700000762939444,1.7100000381469727,-0.48000001907348633,-0.4999999850988388,-0.009999999776482582,7.0,5.0,10-25,0.3737500314600765
08-27,0.49499988555908203,5.394999504089354,2.3499994277954084,1.1800003051757812,3.4599990844726562,-4.869999885559086,-3.1999998092651367,1.2100000381469727,1.8299999237060547,-0.4200000762939453,-0.46000002324581146,-0.009999999776482582,7.0,5.0,10-26,0.5799998645670706
08-28,0.18000030517578125,5.909999847412109,2.0100011825561577,1.1599998474121058,3.5699996948242223,-4.670000076293949,-3.2899999618530265,0.8199996948242188,1.7100000381469727,-0.34999990463256836,-0.4700000137090683,-0.009999999776482582,7.0,5.0,10-27,0.5475000545072061
08-29,0.3249998092651367,5.405000686645504,2.300000190734865,0.8899993896484375,2.889999389648434,-5.069999694824215,-3.690000534057618,0.5799999237060547,1.7200000286102295,-0.440000057220459,-0.49000000953674316,-0.009999999776482582,7.0,5.0,10-28,0.3674999269035953
08-30,0.3800001144409162,4.920000076293945,1.9600000381469744,0.9400005340576172,3.840000152587887,-5.229999542236328,-4.2300004959106445,0.6500000953674316,1.7000000476837156,-0.3899998664855948,-0.46000002324581146,-0.009999999776482582,7.0,5.0,10-29,0.3391667609103022
08-31,-0.14499950408935547,4.824999809265135,2.6099996566772443,1.0699996948242188,4.069999694824219,-4.789999008178711,-4.090000152587891,0.6999998092651376,1.5499999523162842,-0.559999942779541,-0.5300000011920929,-0.009999999776482582,6.0,6.0,10-30,0.3916666673806804
09-01,-0.06999969482421875,4.619999885559082,3.2200002670288086,1.470001220703125,4.3600006103515625,-4.909998893737791,-3.75,0.8299999237060538,1.4300000667572021,-0.2800002098083496,-0.5799999982118607,-0.009999999776482582,6.0,6.0,10-31,0.527500264812261
09-02,-0.1849994659423846,4.3199996948242205,3.539999961853022,1.0200004577636719,3.8499984741210938,-4.909998893737791,-3.510000228881836,0.8899998664855957,1.3200000524520874,-0.18000030517578125,-0.619999997317791,-0.009999999776482582,6.0,6.0,11-01,0.46041663472230204
09-03,0.35000038146972656,3.9699993133544957,2.9699993133544957,0.8299999237060547,3.8499984741210938,-4.679999351501463,-3.3600006103515625,1.2699999809265137,1.1499999761581425,0.2199997901916504,-0.619999997317791,-0.009999999776482582,8.0,4.0,11-02,0.4949997661945728
09-04,0.39999961853027344,4.515000343322754,2.8799991607666016,0.8299999237060547,3.8199996948242188,-4.269999504089354,-3.320000171661378,1.3200001716613787,1.2500001192092896,0.2199997901916504,-0.5900000259280205,-0.009999999776482582,8.0,4.0,11-03,0.5870832600630822
09-05,0.24499988555908203,4.624999046325684,3.3500003814697266,0.3999996185302699,3.2700004577636754,-4.069999694824219,-3.390000343322754,1.3299999237060547,1.2500001192092896,0.5900001525878915,-0.5799999758601189,-0.009999999776482582,8.0,4.0,11-04,0.5841666309473416
09-06,0.5500001907348633,5.214999198913571,3.3500003814697266,0.46999931335449574,2.889999389648441,-3.940000534057617,-3.310000419616699,1.3299999237060547,1.2100000381469724,0.8400001525878906,-0.6000000163912773,-0.009999999776482582,8.0,4.0,11-05,0.6662498015599949
09-07,0.11999988555908203,5.214999198913571,2.9800004959106463,0.5699996948242152,2.4500007629394602,-3.9300012588500994,-3.390000343322754,1.4400000572204599,1.2699998617172243,1.010000228881836,-0.5599999949336052,-0.009999999776482582,8.0,4.0,11-06,0.5970832157569628
09-08,0.11999988555908203,5.319999694824215,3.489999771118166,1.1700000762939453,2.590000152587894,-3.900000572204588,-3.390000343322754,1.4899997711181667,1.2600001096725464,0.9299998283386213,-0.5699999965727329,-0.009999999776482582,8.0,4.0,11-07,0.70833319813634
09-09,0.13000011444091797,5.979999542236328,3.8100004196166974,1.4300003051757812,2.10000038146973,-3.3100004196166974,-3.130000114440918,2.000000000000001,1.3199999332427979,0.9800000190734846,-0.5699999965727329,-0.009999999776482582,8.0,4.0,11-08,0.8941666820707422
09-10,0.6700000762939471,5.280000686645508,3.890001296997074,0.7100009918212891,1.4400005340576172,-3.0899991989135724,-3.009999752044675,2.4499998092651376,1.5,0.7499999999999982,-0.6900000013411045,-0.009999999776482582,8.0,4.0,11-09,0.8241670369170614
09-11,0.5799999237060529,4.7399997711181605,4.060001373291019,0.6599998474121094,1.6000003814697301,-3.1600008010864276,-3.139999866485594,2.690000057220459,1.440000057220459,0.6200003623962411,-0.8399999774992466,-0.009999999776482582,8.0,4.0,11-10,0.7700000940822068
09-12,1.1350002288818342,4.270000457763668,3.220001220703125,0.5400009155273438,1.1399993896484446,-3.130000114440916,-3.4599995613098145,2.7699999809265146,1.4000000953674316,0.630000114440918,-0.660000029951334,0.0,8.0,4.0,11-11,0.6545835581297679
09-13,0.8600006103515625,4.254999160766598,2.9900007247924805,-0.5300006866455078,1.260000228881836,-2.929999351501463,-3.6599998474121094,2.8000001907348633,1.3600001335144043,0.690000057220459,-0.6599999777972698,-0.009999999776482582,7.0,5.0,11-12,0.5354167702607809
09-14,1.1199998855590838,3.6149997711181605,2.400000572204588,-0.07999992370605469,1.7000007629394496,-3.299999237060547,-3.929999828338623,2.75,1.2299998998641974,0.7899999618530273,-0.7299999818205833,-0.009999999776482582,7.0,5.0,11-13,0.4629168235696847
09-15,1.0299997329711932,3.4399995803832955,2.4700002670288104,0.2700004577636719,1.1800003051757848,-3.059999465942383,-3.960000514984129,3.009999752044675,1.3899999856948853,1.1399998664855957,-0.7199999801814556,-0.009999999776482582,8.0,4.0,11-14,0.5149999988886218
09-16,1.0299997329711932,3.355000495910641,2.6599998474121094,0.1800003051757848,2.0100002288818395,-3.29000091552734,-4.160000324249268,3.310000419616699,1.369999885559082,1.369999885559082,-0.7299999818205833,-0.009999999776482582,8.0,4.0,11-15,0.5912499649760631
09-17,-0.025000572204589844,2.7300004959106428,2.6400003433227504,0.1600017547607422,0.6999988555908345,-3.270000457763672,-3.989999771118164,3.1700000762939453,1.3999998569488525,1.1599998474121103,-0.640000008046627,-0.009999999776482582,7.0,5.0,11-16,0.3354167017775285
09-18,0.40000057220458984,2.7749996185302734,2.689999580383301,-0.019998550415042615,0.3299999237060547,-3.2500009536743164,-4.299999713897705,2.8099999427795384,1.369999885559082,1.059999942779541,-0.549999974668026,-0.009999999776482582,7.0,5.0,11-17,0.275416689459234
09-19,1.385000228881836,2.4950008392333984,1.9600000381469727,-0.17999839782714844,0.6999988555908203,-2.8499994277954137,-4.34999942779541,2.979999542236328,1.3899998664855957,1.2100000381469735,-0.5399999842047691,-0.009999999776482582,7.0,5.0,11-18,0.34916684761022504
09-20,1.5550003051757795,2.450000762939453,2.029999732971193,0.7699985504150426,0.3900012969970703,-2.3299999237060547,-4.309999465942383,2.5299997329711914,1.3599998950958252,1.2400000095367432,-0.4899999722838402,-0.009999999776482582,8.0,4.0,11-19,0.4320834103661282
09-21,1.5700006484985352,2.660000801086426,2.4300003051757795,0.43000030517577414,0.1999988555908203,-2.4600000381469727,-4.429999351501465,1.929999828338623,1.1500000953674316,0.8600001335144052,-0.5100000128149986,-0.009999999776482582,8.0,4.0,11-20,0.31833346420898967
09-22,1.4650001525878924,2.705000877380371,1.6199998855590803,1.75,0.25,-2.5,-4.260000228881836,1.8899998664855957,1.1600000858306885,0.7300000190734854,-0.5100000128149986,-0.009999999776482582,8.0,4.0,11-21,0.357500053786983
09-23,1.5900001525878924,4.500000953674315,1.3500003814697248,1.75,0.3699989318847656,-1.8299999237060547,-4.510000228881836,1.3900003433227512,1.1800000667572021,0.7300000190734854,-0.5100000128149986,-0.009999999776482582,8.0,4.0,11-22,0.500000056965897
09-24,0.880000114440918,3.9399995803833043,0.3299999237060547,1.9500007629394531,0.5900001525878906,-1.3800001144409162,-4.5,0.6299996376037598,1.1800000667572021,0.46000003814697354,-0.4899999722838402,-0.009999999776482582,8.0,4.0,11-23,0.2983333491720264
09-25,0.8100004196166992,2.9900007247924822,0.3299999237060547,2.1200008392333984,1.1700000762939453,-0.44999980926513494,-4.510000228881836,0.6299996376037598,1.2200000286102295,0.4400000572204599,-0.5800000056624413,-0.009999999776482582,8.0,4.0,11-24,0.34666680529092786
09-26,0.630000114440918,2.9900007247924822,0.4099998474121094,2.319999694824226,0.39999961853027344,-0.1100006103515625,-3.9200000762939453,0.7799997329711923,1.2200000286102295,0.37999963760375977,-0.4899999722838402,-0.009999999776482582,8.0,4.0,11-25,0.38333322837328
09-27,0.630000114440918,3.510001182556154,0.1400003433227539,2.8199996948242223,0.7099990844726562,-0.05000019073486328,-3.9200000762939453,0.8299999237060547,1.1799999475479128,0.03999996185302912,-0.36000000685453415,-0.009999999776482582,8.0,4.0,11-26,0.45999999825532295
09-28,0.3299999237060547,3.1200008392333984,0.6099996566772461,2.6700000762939453,0.030000686645500707,-0.05000019073486328,-3.809999942779541,0.809999942779541,1.2299998998641968,-0.12999963760375888,-0.369999997317791,-0.009999999776482582,7.0,5.0,11-27,0.36916677141562054
09-29,0.4250001907348633,3.1200008392333984,0.38000011444091797,2.8000011444091726,0.030000686645500707,0.15999984741210938,-3.7800002098083496,0.5199999809265137,1.0700000524520874,-0.3600001335144043,-0.369999997317791,-0.009999999776482582,8.0,4.0,11-28,0.3320835429864613
09-30,0.6500005722045898,2.855001449584961,0.9800004959106445,3.1800003051757777,0.3199996948242223,0.43000030517578125,-3.910000324249266,-0.05999994277954279,1.1099998950958252,-0.4099998474121094,-0.35999999567866325,-0.009999999776482582,7.0,5.0,11-29,0.3979168840063115
10-01,0.625,2.754999160766598,1.6000003814697266,3.4300003051757777,0.299999237060554,0.5500001907348615,-3.6299996376037615,-0.46000003814697266,1.0399999618530273,-0.309999942779541,-0.3500000052154064,-0.009999999776482582,7.0,5.0,11-30,0.4616666344615317
10-02,0.2650003433227539,3.0450000762939453,1.75,3.6700000762939453,0.7899990081787216,0.30000019073486506,-3.7400002479553223,-0.5799999237060529,0.9600000381469727,-0.11000013351440341,-0.41000000759959226,-0.009999999776482582,7.0,5.0,12-01,0.4941666183682792
10-03,-0.5299997329711914,2.9349994659423864,2.1499996185302734,3.4200000762939453,0.030000686645507812,0.6100006103515625,-4.189999580383301,-0.7200002670288077,0.9200000762939453,-0.23000001907348633,-0.3800000064074993,-0.01999999955296516,6.0,6.0,12-02,0.3329167440533642
10-04,-0.47500038146972656,2.770000457763672,1.2299995422363281,3.2600002288818395,-0.6399993896484375,0.4099998474121094,-4.0399999618530265,-0.6800003051757804,0.9500000476837158,-0.15000009536743164,-0.35999998822808266,-0.01999999955296516,5.0,7.0,12-03,0.18791666689018452
10-05,-0.08500003814697443,2.5,0.9200000762939453,4.090000152587887,-0.30999946594238637,0.12999916076660156,-4.119999885559082,-0.5399999618530265,0.8099999427795412,-0.18000030517578036,-0.3499999977648258,-0.01999999955296516,5.0,7.0,12-04,0.23708330653607787
10-06,-0.305000305175783,2.534999847412113,0.5100002288818359,3.5699996948242223,-0.3799991607666051,-0.5600004196166992,-3.8000001907348615,-0.3300004005432138,0.580000042915344,-0.3099999427795401,-0.3399999961256981,-0.009999999776482582,4.0,8.0,12-05,0.09666661654288598
10-07,-0.2150001525878924,2.7099990844726562,0.4400005340576172,3.55999946594239,-0.30999946594238637,-0.09000015258789062,-4.130000114440918,-0.5600004196166983,0.7699998617172241,-0.4499998092651367,-0.3399999961256981,-0.009999999776482582,4.0,8.0,12-06,0.11458323632056537
10-08,-0.6850004196166992,2.7250003814697266,0.06000041961669922,3.2199993133544957,0.26000022888183594,-0.1599998474121076,-3.549999713897704,-0.36999988555908114,0.7699998617172241,-0.7299997806549072,-0.3199999853968621,-0.009999999776482582,5.0,7.0,12-07,0.10083338106051147
10-09,-0.36499977111816406,2.1450004577636683,0.4099998474121094,2.1999988555908203,0.21999931335448863,-0.3400001525878906,-2.9800000190734863,-0.3899998664855966,0.7399998903274536,-0.45999979972839355,-0.3399999961256981,-0.009999999776482582,5.0,7.0,12-08,0.06916656329606903
10-10,-1.2150001525878924,2.6800003051757777,0.4700002670288068,2.559999465942383,0.4799995422363281,-0.34000015258788885,-2.0500001907348633,-0.5,0.7199999094009397,-0.35000014305114746,-0.3099999949336052,-0.009999999776482582,5.0,7.0,12-09,0.1779165713426963
10-11,-1.6550006866455078,2.5550003051757777,0.6100006103515625,2.3400001525878906,0.3499984741210902,-0.7299995422363281,-1.3400001525878906,-0.46000003814697354,0.7299998998641968,-0.26999998092651545,-0.30000000447034836,-0.009999999776482582,5.0,7.0,12-10,0.15166658644253928
10-12,-1.5250005722045898,2.25,0.3600006103515625,2.1999988555908203,-0.1000003814697159,-0.09999942779540838,-0.9899997711181623,-0.48000001907348633,0.5900001525878908,-0.5799999237060534,-0.36000000685453415,-0.009999999776482582,4.0,8.0,12-11,0.10458329304432006
10-13,-1.5250005722045898,1.7049999237060547,0.4099998474121094,2.520000457763672,-0.9099998474120952,-0.14999961853027344,-0.6199998855590803,-0.6100001335144043,0.8399999141693115,-0.5199999809265128,-0.36000000685453415,-0.009999999776482582,4.0,8.0,12-12,0.06416667485609791
10-14,-1.8000001907348633,1.7499999999999964,0.6799993515014666,2.5800018310546875,-1.540000915527333,-0.4499998092651367,-0.4899997711181623,-0.8299999237060547,0.9899998903274536,-1.5200002193450928,-0.37000000663101673,-0.009999999776482582,4.0,8.0,12-13,-0.08416664693504483
10-15,-1.625,1.7049999237060547,1.319999694824217,2.75,-1.470001220703125,-0.5500001907348651,-0.2999992370605469,-0.5199999809265137,0.9699999094009404,-1.690000295639038,-0.34000000543892384,0.0,4.0,8.0,12-14,0.02083321645234996
10-16,-1.8249998092651385,1.5999984741210866,1.3100004196166992,2.529998779296875,-1.75,0.18000030517578303,0.22999954223632635,-0.46000003814697266,0.9299999475479126,-1.7400000095367432,-0.34999999590218067,-0.009999999776482582,6.0,6.0,12-15,0.05374980128059711
10-17,-2.0399999618530256,1.7849998474121058,1.369999885559082,2.4499988555908168,-1.3100013732910085,0.26999950408935547,0.8299999237060547,-0.039999961853027344,0.14999985694885254,-1.6400001049041748,-0.3199999947100878,0.0,6.0,6.0,12-16,0.12541637305791195
10-18,-2.079999923706053,1.5799999237060511,0.5,2.789999008178711,-0.8500003814697301,0.1300001144409162,0.15999984741210938,-0.059999942779541016,0.2200000286102295,-1.8799998760223389,-0.3200000040233135,0.0,6.0,6.0,12-17,0.015833232862253393
10-19,-2.155000686645508,1.8150005340576172,0.6099996566772443,2.690000534057617,-0.6499996185302699,0.4300003051757795,0.34999942779541016,-0.1700000762939453,0.19999980926513672,-1.8899998664855948,-0.16000000759959218,0.0,6.0,6.0,12-18,0.08916666762282459
10-20,-1.9700002670288104,1.6700000762939453,0.6500005722045898,2.779998779296875,-0.5699996948242152,1.1400003433227521,0.3799991607665998,-0.48000001907348544,0.059999942779541016,-2.06000018119812,-0.1500000078231096,0.0,6.0,6.0,12-19,0.12083322539304686
10-21,-2.175000190734865,1.4599990844726562,-0.35999870300292613,2.659999847412113,-0.75,1.1000003814697248,0.7799997329711896,-0.36999988555908203,-0.24000000953674316,-2.0500001907348633,-0.1500000078231096,0.0,4.0,8.0,12-20,-0.00791666175549214
10-22,-2.244999885559082,0.12000083923339488,-0.74999904632568,2.689998626708988,-1.1000003814697301,1.4800004959106445,0.9399995803833026,-0.3600001335144043,-0.019999980926513672,-2.2699999809265132,-0.12999999709427357,0.0,4.0,8.0,12-21,-0.13708332196498893
10-23,-1.994999885559082,-0.4549999237060547,-0.3699989318847621,2.4599990844726562,-0.8500003814697301,1.739999771118164,1.3499994277954093,-1.4800000190734854,-0.15000009536743164,-2.3099999427795406,-0.1700000036507845,0.0,3.0,9.0,12-22,-0.18583340834205345
10-24,-1.2749996185302734,-0.6849994659423828,-0.21999931335448863,2.4599990844726562,-1.350000381469723,1.6999998092651367,1.8500003814697275,-1.5799999237060556,-0.26999998092651367,-2.3699998855590816,-0.15999999828636646,0.0,3.0,9.0,12-23,-0.15833327438061373
10-25,-1.2749996185302734,-0.6849994659423828,0.11999893188476207,2.1000003814697266,-1.5,1.8199996948242188,2.0299997329711923,-1.1899995803833017,-0.15000009536743164,-2.740000009536743,-0.17999999411404133,0.0,4.0,8.0,12-24,-0.13750000189368952
10-26,-1.2749996185302734,-0.1800003051757777,-0.1700000762939453,2.5500011444091797,-2.139999389648441,1.8199996948242188,2.0299997329711923,-0.9499998092651376,0.009999990463256836,-2.680000066757202,-0.12999999709427357,0.0,4.0,8.0,12-25,-0.0929165583414336
10-27,-1.329999923706053,0.30500030517578125,-0.9200000762939453,2.270000457763672,-1.7800006866455114,2.239999771118164,2.5699996948242188,-0.6099996566772461,0.12999987602233887,-2.5700000524520874,-0.12999999709427357,0.0,5.0,7.0,12-26,0.014583309336254846
10-28,-0.8050003051757812,-0.1649990081787145,-0.3800010681152308,2.520000457763672,-1.6900005340576136,1.7999992370605469,2.429999351501465,-0.6499996185302717,0.2799999713897705,-2.25,-0.12999999709427357,0.0,4.0,8.0,12-27,0.07999987388029739
10-29,-1.1900005340576172,-0.25,0.44000053405761363,1.9500007629394531,-1.9800014495849574,1.9199991226196271,2.4099998474121094,-1.2699999809265137,0.4200000762939453,-2.049999952316284,-0.08000000007450582,0.0,5.0,7.0,12-28,0.026666535530239194
10-30,-0.7549991607666016,0.6999988555908168,0.3600006103515554,1.9500007629394531,-1.4699993133544886,0.9499998092651349,2.5900006294250497,-1.5199999809265137,0.6800000667572021,-2.1499998569488525,-0.04000000096857548,0.0,6.0,6.0,12-29,0.10791686844701502
10-31,0.14499950408935547,1.1800003051757812,-0.21999931335449574,1.9500007629394531,-0.10000038146972301,0.9600000381469727,2.359999656677248,-1.75,0.850000143051147,-2.549999952316284,-0.04000000096857548,0.0,6.0,6.0,12-30,0.23208339683090662
11-01,-0.1999998092651385,1.2199993133544922,-0.12999916076660156,2.260000228881836,0.06999969482421875,0.9099998474121094,2.2699995040893555,-1.800000190734865,0.75,-2.7900002002716064,-0.04000000096857548,0.0,6.0,6.0,12-31,0.20999993554626872
11-02,-0.1999998092651385,1.1100006103515625,-0.6000003814697266,1.960000991821289,-0.12000083923340199,0.9099998474121094,2.2699995040893555,-1.809999942779541,0.8100001811981201,-2.81000018119812,-0.04000000096857548,0.0,5.0,7.0,01-01,0.12333333166316107
11-03,-0.5050001144409197,0.5200004577636754,-0.7099990844726598,1.4799995422363246,-0.20000076293946023,1.0,2.189999580383301,-1.849999904632571,0.7400000095367432,-2.569999933242798,-0.04000000096857548,0.0,5.0,7.0,01-02,0.004583315768588318
11-04,-0.0749998092651385,-0.45999908447265625,-0.5799999237060547,1.8299999237060547,-1.1500015258789098,0.9900007247924822,2.2699995040893555,-2.1999998092651376,0.4600000381469713,-2.370000123977661,-0.04000000096857548,0.0,4.0,8.0,01-03,-0.11041667389993914
11-05,-0.399999618530277,-0.18000030517578125,-0.1500015258789098,2.210000991821289,-1.2900009155273438,0.9600000381469709,2.2300000190734837,-2.3899998664855957,0.6200001239776611,-2.440000057220459,-0.029999999329447743,0.0,4.0,8.0,01-04,-0.07166675959403412
11-06,-0.27499961853027344,0.2350006103515625,-0.620000839233402,1.9500007629394531,-0.8000011444091797,0.5900001525878906,1.940000057220459,-2.059999942779541,0.5399999618530273,-2.4900002479553223,-0.029999999329447743,0.0,5.0,7.0,01-05,-0.08500002060706446
11-07,-0.8100004196166974,0.045000076293948865,-0.21000099182129262,2.6700000762939453,-0.14999961853026988,0.689999580383299,1.8300004005432147,-2.1999998092651376,0.3599998950958252,-2.260000228881836,-0.029999999329447743,-0.009999999776482582,5.0,7.0,01-06,-0.006250086550910898
11-08,-1.0050001144409162,1.0049991607666051,-0.3800010681152379,2.8600006103515625,-0.6900005340576136,0.39000034332275213,1.5199999809265137,-2.440000057220459,0.4199998378753662,-2.2899999618530273,-0.020000001415610317,-0.009999999776482582,5.0,7.0,01-07,-0.053333483636378944
11-09,-1.3699998855590803,1.4749984741210973,0.45999908447265625,3.0100002288818395,-1.4099998474121058,0.050000190734861505,1.6299996376037598,-2.5199999809265146,0.3600001335144034,-2.2100000381469727,-0.009999999776482586,-0.009999999776482582,6.0,6.0,01-08,-0.0454168335224184
11-10,-1.0950002670288086,1.4899997711181676,-1.3199996948242188,2.4300003051757812,-1.4699993133544922,0.7100000381469709,1.8299999237060547,-2.949999809265135,-0.009999990463256836,-2.5199999809265137,-0.009999999776482586,0.0,4.0,8.0,01-09,-0.24291658479099443
11-11,-1.35499954223633,1.4149990081787145,-1.4300003051757812,2.600000381469723,-1.840000152587887,1.0799999237060547,2.0999999046325684,-3.2900004386901855,-0.04999995231628285,-2.429999828338623,-0.009999999776482586,0.0,4.0,8.0,01-10,-0.26750008342787596
11-12,-0.5949993133544922,2.4599990844726527,-1.2100000381469709,2.6499996185302734,-1.3199996948242223,0.8400001525878906,1.6999998092651367,-3.3100004196167,-0.14999985694885254,-2.4599997997283936,-0.020000001415610317,0.0,4.0,8.0,01-11,-0.11791670493160737
11-13,-0.9650001525878906,2.510000228881836,-0.9999999999999982,2.7399997711181605,-2.149999618530277,0.9399995803833008,1.630000114440918,-3.000000476837158,-0.2799999713897705,-2.68999981880188,-0.009999999776482586,0.0,4.0,8.0,01-12,-0.18958336192493683
11-14,-1.4049997329711932,2.6000003814697266,-1.0100002288818324,2.759998321533203,-3.0399990081787145,0.25,1.4800000190734837,-2.9700002670288086,-0.309999942779541,-2.479999780654908,-0.009999999776482586,0.0,4.0,7.0,01-13,-0.34458335318292227
11-15,-1.4250001907348633,2.6000003814697266,-1.0599994659423828,2.4600009918212855,-3.0100002288818324,1.0699996948242188,1.4099998474121094,-2.6100001335144016,-0.2799999713897705,-2.279999971389771,-0.019999999552965164,0.0,4.0,7.0,01-14,-0.26208325382322056
11-16,-1.2749996185302734,2.8799991607666016,-0.3299999237060547,2.6199989318847727,-3.4499988555908203,1.3899993896484375,1.0199999809265146,-2.7799997329711914,-0.08000016212463379,-2.0999999046325684,-0.009999999776482586,0.0,4.0,7.0,01-15,-0.17625006117547484
11-17,-1.444999694824217,2.924999237060547,0.6599998474121094,1.8199996948242152,-3.350000381469723,1.1599998474121094,0.9800000190734872,-2.6700000762939453,-0.009999990463256836,-1.8599998950958243,-0.009999999776482586,0.0,5.0,6.0,01-16,-0.15000011601174842
11-18,-1.4600000381469727,1.3449993133544922,0.9600000381469762,1.6900005340576136,-2.9799995422363246,1.2899999618530273,1.0999999046325692,-2.5500001907348633,-0.1900000572204581,-1.8099999427795401,-0.009999999776482586,0.0,5.0,6.0,01-17,-0.2179166682374969
11-19,-0.8949995040893555,1.2749996185302699,1.1400003433227521,1.4200000762939418,-3.0300006866455043,1.3299999237060547,1.2000002861022958,-1.6799998283386222,-0.31999993324279785,-1.7199997901916495,-0.009999999776482586,0.0,5.0,6.0,01-18,-0.10749995786075812
11-20,-0.6100006103515625,1.1350002288818324,1.109999656677246,1.2199993133544886,-3.14999961853027,0.6400003433227521,1.4900002479553223,-1.6299996376037589,-0.3600001335144043,-1.4499998092651376,-0.009999999776482586,0.0,5.0,6.0,01-19,-0.13458333490416452
11-21,-0.2800006866455078,0.9449996948242188,1.9399995803833008,0.9200000762939418,-2.369998931884762,-0.31999969482421875,1.2000002861022958,-1.7300000190734854,-0.40000009536743164,-1.4000000953674334,-0.009999999776482586,0.0,4.0,7.0,01-20,-0.12541665711129704
11-22,-0.05500030517578125,0.4149990081787145,1.859999656677246,1.1099987030029297,-2.779998779296875,-0.26000022888183594,1.0600004196166992,-1.880000114440918,-0.5,-1.3400001525878906,-0.019999999552965164,0.0,4.0,7.0,01-21,-0.1991668160383897
11-23,-0.025000572204589844,-0.10500144958495738,1.9699993133544922,0.9799995422363281,-2.9500007629394496,-0.5500001907348651,0.7800002098083496,-1.830000400543213,-0.38000011444091797,-1.2300002574920654,-0.019999999552965164,0.0,3.0,8.0,01-22,-0.2800003901744878
11-24,0.27499961853027344,-0.05000114440917258,1.7999992370605469,1.149999618530277,-3.1700000762939418,-0.6399993896484375,0.6700000762939453,-1.830000400543213,-0.2200000286102295,-1.179999828338623,-0.019999999552965164,0.0,4.0,7.0,01-23,-0.26791685974846163
11-25,0.5,0.08499908447265625,1.8099994659423828,0.8699989318847727,-3.19000053405761,-0.8499994277954102,0.28999996185302734,-1.7100000381469727,-0.3299999237060547,-1.2799997329711914,-0.019999999552965164,0.0,5.0,6.0,01-24,-0.3187501843397804
11-26,0.7899999618530273,0.2999992370605469,1.609999656677246,0.7199993133544957,-3.4799995422363317,-0.6399993896484375,0.36999988555908203,-1.3400001525878906,-0.25999999046325684,-1.3499999046325684,-0.030000001192092896,0.0,5.0,6.0,01-25,-0.2758334105213483
11-27,0.9350004196166992,0.4200000762939453,2.0699996948242188,0.3400001525878906,-2.600000381469723,-0.6300010681152344,0.700000286102294,-1.4099998474121094,-0.26999998092651323,-1.3000001907348633,-0.030000001192092896,0.0,5.0,6.0,01-26,-0.14791673670212402
11-28,1.2599992752075195,0.514999389648441,2.1199989318847656,0.09000015258789062,-2.1500015258789027,-0.9000005722045898,0.3299999237060547,-1.3699998855590803,-0.20000004768371538,-1.4000000953674316,-0.03999999910593032,0.0,5.0,6.0,01-27,-0.1454170377304149
11-29,1.3999996185302734,1.0049991607666016,1.9699993133544922,0.9499988555908168,-2.7400016784667933,-0.6599998474121094,0.48000001907348633,-1.25,-0.12000012397766069,-1.440000057220459,-0.03999999910593032,0.0,5.0,6.0,01-28,-0.037083728238940204
11-30,1.829999923706053,1.1149997711181605,1.5699996948242188,0.7600002288818395,-2.670000076293949,-0.4499998092651367,0.7799997329711914,-1.1099996566772452,-0.04999995231628418,-1.239999771118165,-0.03999999910593032,0.0,5.0,6.0,01-29,0.041250007227062735
12-01,1.775000572204588,1.279998779296875,1.5300006866455078,1.0900001525878906,-2.64999961853027,-1.1100006103515625,0.6300001144409171,-1.440000057220458,0.15000009536743164,-1.2100000381469713,-0.03999999910593032,0.0,6.0,5.0,01-30,0.0004166730990015083
12-02,1.385000228881836,3.6050014495849574,1.239999771118164,0.8900012969970703,-2.6599998474121094,-0.8299999237060547,0.7100000381469727,-1.0999999046325657,0.020000219345092773,-1.2300000190734863,-0.03999999910593032,0.0,6.0,5.0,01-31,0.16583360917866222
12-03,2.7650003433227557,2.049999237060547,1.169999122619629,0.649999618530277,-2.5900001525878906,-0.1400003433227539,0.19999980926513583,-1.0199999809265154,-0.059999942779541016,-1.3299999237060547,-0.05000000074505806,0.0,5.0,6.0,02-01,0.1370831488942109
12-04,2.5249996185302734,1.5499992370605504,1.6300001144409144,0.6599998474121094,-2.6599998474121094,1.25,-0.09000015258789062,-1.1600003242492694,-0.06999993324279785,-1.0499999523162842,-0.05000000074505806,0.0,5.0,6.0,02-02,0.21124988390753652
12-05,2.680000305175783,1.6550006866455078,1.5199995040893555,1.0000000000000036,-3.369998931884762,0.9700002670288086,-0.5299997329711914,-1.1500000953674325,-0.06999993324279785,-1.1500000953674316,-0.05000000074505806,0.0,5.0,6.0,02-03,0.12541683111339874
12-06,2.689999580383301,1.2800006866455078,1.1700000762939453,1.2299995422363281,-4.04999923706055,1.0999994277954084,-0.6300001144409189,-1.130000114440917,-0.039999961853027344,-1.0900001525878906,-0.05000000074505806,0.0,5.0,6.0,02-04,0.03999997768551067
12-07,2.7699995040893572,0.7450008392333984,1.1099996566772479,1.7400016784667969,-5.020000457763672,1.739999771118164,-0.619999885559082,-1.0199999809265137,0.17999982833862305,-0.8799998760223389,-0.019999999552965164,0.0,6.0,5.0,02-05,0.060416756508251325
12-08,3.2100000381469727,0.8700008392333984,1.0199995040893572,1.6100006103515625,-4.380001068115234,1.5299997329711914,-1.3299999237060547,-0.75,-0.1699998378753662,-1.0100002288818368,-0.019999999552965164,0.0,5.0,6.0,02-06,0.048333305555085415
12-09,3.0799999237060547,1.5199985504150426,0.7900009155273402,1.4300003051757812,-4.579999923706051,0.8999996185302717,-1.680000305175783,-0.7200002670288077,-0.309999942779541,-1.0200002193450937,-0.019999999552965164,0.0,5.0,6.0,02-07,-0.05083344535281261
12-10,2.895000457763672,1.8050003051757848,0.2500009536743182,1.8299999237060582,-3.770000457763672,0.9499998092651367,-1.950000286102295,-0.9099998474121094,-0.4099998474121098,-0.9900002479553232,-0.019999999552965164,0.0,5.0,6.0,02-08,-0.026666603051125375
12-11,2.7200002670288086,1.8100013732910192,0.14000034332275568,1.7699985504150426,-3.139999389648434,0.5599994659423828,-2.4200000762939453,-1.0,-0.37999987602233887,0.009999990463256836,-0.009999999776482579,0.0,6.0,5.0,02-09,0.005000054060172084
12-12,3.0450000762939453,1.784999847412113,0.11999988555908381,1.6000003814697301,-3.45999908447266,1.119999885559082,-2.5799999237060547,-1.190000057220459,-0.35999989509582564,0.18000006675720215,-0.009999999776482579,0.0,6.0,5.0,02-10,0.02083343189830622
12-13,3.130000114440918,1.9850006103515625,0.12999916076660156,1.6000003814697266,-3.85000038146973,0.9200000762939453,-2.75,-1.25,-0.31999993324279785,0.44000005722045854,0.0,0.0,6.0,5.0,02-11,0.0029166738192237065
12-14,2.829999923706053,1.7999992370605433,0.06999969482421875,1.739999771118164,-4.090000152587898,0.9699993133544886,-2.6999998092651367,-1.6700000762939453,-0.5699999332427979,0.41999983787536666,0.0,0.0,6.0,5.0,02-12,-0.1000001827875786
12-15,2.8699998855590803,2.004999160766598,-0.04000091552734375,1.5300006866455114,-3.779998779296875,0.5500001907348633,-2.0299997329711914,-1.4500002861022958,-0.41999983787536577,0.6100001335144047,0.0,0.0,5.0,6.0,02-13,-0.012916624546051173
12-16,2.945000648498535,1.625,-0.36000061035156783,1.5799999237060618,-3.7199993133544957,0.25,-2.219999313354492,-1.6500000953674316,-0.3800001144409171,0.6500000953674316,0.0,0.0,5.0,6.0,02-14,-0.10666656494140632
12-17,2.965000152587889,1.9349994659423864,-0.3100004196166992,1.6900005340576207,-3.7999992370605504,-0.46000003814697266,-2.3099994659423846,-1.690000057220459,-0.4900000095367436,0.7300000190734868,-0.009999999776482579,0.0,4.0,7.0,02-15,-0.1458332546365758
12-18,3.25,2.3400001525878906,-0.25,1.8099994659423828,-3.6199989318847656,-0.619999885559082,-2.5099997520446786,-1.630000114440917,-0.5399999618530269,0.7200000286102299,-0.009999999776482579,0.0,4.0,7.0,02-16,-0.08833324986820412
12-19,2.6099996566772443,2.2900009155273438,-0.619999885559082,1.7800006866455078,-3.2999992370605504,0.3399991989135742,-2.6800003051757812,-1.6700000762939453,-0.7599999904632564,0.9399998188018799,-0.009999999776482579,0.0,5.0,6.0,02-17,-0.089999934813629
12-20,2.5299997329711914,2.815000534057617,-1.0,1.9599990844726562,-3.4899997711181605,0.3000011444091797,-2.0300002098083496,-0.5500001907348642,-0.6299998760223384,1.2899999618530278,-0.009999999776482579,0.0,5.0,6.0,02-18,0.09875003419195642
12-21,2.5850000381469744,3.0450000762939453,-1.1499996185302734,2.0799999237060582,-3.7600002288818324,0.43000030517578125,-1.7100000381469735,-0.45000028610229403,-0.6299998760223384,1.0900000333786009,-0.009999999776482579,0.0,5.0,6.0,02-19,0.12666669410343048
12-22,2.5850000381469744,3.375,-1.4599990844726562,1.8600006103515625,-3.429998397827145,0.2600002288818395,-1.8899993896484384,-0.49000024795532404,-0.6500000953674321,0.7599999904632568,-0.009999999776482579,0.0,5.0,6.0,02-20,0.07583363773301292
12-23,2.565000534057619,3.4600009918212855,-0.8199996948242223,1.7800006866455114,-3.64999961853027,-0.15999984741210582,-1.599999427795411,-0.19000005722045898,-0.7799999713897701,0.630000114440918,-0.009999999776482579,0.0,4.0,7.0,02-21,0.10208364250138442
12-24,2.3899993896484375,3.77500152587891,-0.19000053405761363,1.010000228881836,-3.7399997711181676,0.30999946594238637,-1.5200004577636719,0.09999990463256836,-0.8400001525878902,0.5899999141693115,-0.009999999776482579,0.0,6.0,5.0,02-22,0.15624995948746864
12-26,1.6100006103515625,3.409999847412113,0.07999992370605824,1.5799999237060547,-3.9899997711181676,0.4700002670288086,-1.3899998664855984,0.059999942779541016,-0.880000114440918,0.3899998664855957,-0.009999999776482579,0.0,7.0,4.0,02-24,0.11083338580404727
12-27,1.7350006103515625,2.540000915527351,0.07999992370605824,1.3099994659423828,-3.8199996948242188,0.36000061035156605,-1.4199995994567889,0.059999942779541016,-1.1400001049041748,0.31999993324279785,-0.009999999776482579,0.0,7.0,4.0,02-25,0.001250166911632859
12-28,1.7300004959106445,2.0599994659423864,0.6599998474121094,1.2900009155273509,-3.75,0.3899993896484375,-1.4899997711181658,0.28999996185302734,-1.0400002002716064,0.1099998950958252,-0.009999999776482579,0.0,7.0,4.0,02-26,0.02000000001862719
12-29,2.0749998092651385,2.0200004577636754,1.4799995422363281,0.18000030517578125,-3.5200004577636648,0.37999916076660156,-1.3999996185302734,0.2199997901916504,-0.9900000095367418,-0.09999990463256836,-0.009999999776482579,0.0,6.0,5.0,02-27,0.027916589596620356
12-30,1.9499998092651385,2.5900001525878906,1.1300010681152344,0.3199996948242223,-2.4500007629394496,0.28999900817871094,-1.2899999618530273,0.0,-1.1500000953674316,-0.2999999523162833,-0.009999999776482579,0.0,5.0,6.0,02-28,0.08999991339321019
12-31,1.8450002670288068,3.3199996948242188,1.7299995422363281,0.6900005340576207,-1.5,0.43999958038330256,-0.4400005340576172,-0.21000003814697266,-1.1000001430511475,-0.34999990463256836,-0.009999999776482579,0.0,5.0,6.0,03-01,0.36791658323879073
