,2009,2010,2011,2012,2013,2014,2015,2016,2017,2018,2019,2020,ups,downs,end_day_sum,avg
01-02,-6.479999542236328,-1.7000007629394531,2.5600013732910156,-0.6499996185302663,-0.22999954223633168,-10.430000305175781,0.2700004577636719,1.1800003051757884,-1.5499992370605469,-4.25,-0.4499969482421875,-1.579998016357429,3.0,9.0,03-02,-1.9424993197123206
01-03,-6.640000343322754,-2.0,2.4700012207031214,-0.6499996185302663,-0.2600002288818324,-10.079999923706055,1.0400009155273438,1.6100006103515625,-1.5499992370605469,-4.099998474121094,-0.1399993896484375,-3.80999755859375,3.0,9.0,03-03,-2.009166002273559
01-04,-6.830000877380371,-1.6200008392333984,2.4899997711181605,-0.9899997711181605,-0.18999862670898793,-9.429998397827148,1.0400009155273438,1.9200000762939489,-1.5,-4.450000762939453,-0.7400016784667969,-1.8400001525878906,3.0,9.0,03-04,-1.8450000286102295
01-05,-6.660000801086426,-0.9400005340576172,2.3700008392333913,-1.3199996948242152,-0.20000076293945312,-8.920000076293945,0.7600002288818324,1.8199996948242188,-0.5999984741210938,-4.75,-1.7099990844726562,-2.6399993896484446,3.0,9.0,03-05,-1.899166504542034
01-06,-6.560000419616699,-0.5300006866455078,2.9300003051757884,-1.9899997711181605,0.4200000762939453,-9.170000076293945,0.7299995422363246,1.5,-0.8500022888183594,-3.75,-2.25,-1.1700019836425781,4.0,8.0,03-06,-1.724167108535766
01-07,-6.390000343322754,-0.7399997711181658,3.280000686645508,-1.9599990844726562,0.9300003051757812,-8.610000610351562,0.7299995422363246,1.9300003051757777,-0.14999771118164062,-4.049999237060547,-2.3499984741210938,-0.9099998474121094,4.0,8.0,03-07,-1.5241661866505947
01-08,-7.459999084472658,-0.4200000762939453,2.8400001525878906,-2.1999988555908168,1.0200004577636719,-7.660001754760742,0.5399990081787145,2.679998397827152,-0.25,-3.1500015258789062,-2.05999755859375,-1.0800018310546875,4.0,8.0,03-08,-1.43333355585734
01-09,-6.5699996948242205,-0.3099994659423828,3.1500015258789062,-2.309999465942383,1.4400005340576172,-8.170000076293952,1.3700008392333984,2.6599998474121023,-0.9500007629394531,-2.049999237060547,-1.8499984741210938,-2.240001678466797,4.0,8.0,03-09,-1.3191663424174005
01-10,-6.770000457763672,-0.039999961853027344,3.0699996948242188,-2.2500000000000036,1.5199985504150355,-8.309999465942383,1.8500003814697301,2.4600009918212855,-1.75,-2.5,-2.5699996948242188,-2.539997100830078,4.0,8.0,03-10,-1.485833088556926
01-11,-6.380000114440918,0.1999998092651385,2.8399982452392543,-1.989999771118164,1.409999847412113,-7.0,1.730001449584961,2.5100002288818324,-1.75,-3.299999237060547,-1.9799995422363352,-3.55999755859375,5.0,7.0,03-11,-1.4391663869222011
01-12,-6.280000686645508,0.6399993896484375,2.919998168945309,-1.6700000762939453,1.189998626708988,-6.759998321533203,1.9400005340576207,2.5200004577636683,-0.75,-2.700000762939453,-1.7700004577636719,-4.149997711181641,5.0,7.0,03-12,-1.2391667366027832
01-13,-6.430000305175781,0.5699996948242205,2.4799995422363317,-1.0900001525878906,1.0,-6.4899997711181605,2.1700000762939453,3.6499996185302734,-0.40000152587890625,-1.5,-1.6800003051757812,-4.969997406005859,5.0,7.0,03-13,-1.0575000445048006
01-14,-5.760000228881836,0.6499996185302734,2.079999923706051,-0.6900005340576207,1.0499992370605469,-6.220001220703118,2.1900005340576207,2.8799991607666016,0.5499992370605469,-1.6499977111816406,-1.5499992370605469,-5.13999938964843,6.0,6.0,03-14,-0.9675000508626294
01-15,-5.180000305175781,0.6999998092651385,2.379999160766605,-0.5300006866455078,0.6000003814697266,-6.14000129699707,3.4099998474121094,3.680000305175785,0.5999984741210938,-2.5,-1.9899978637695312,-6.149997711181641,6.0,6.0,03-15,-0.9266666571299228
01-16,-4.500000000000002,0.6999998092651367,2.1700000762939453,-0.7600002288818359,0.6200008392333984,-6.420000076293945,3.1399993896484375,3.319999694824215,1.25,-2.5,-2.6399993896484375,-10.090000152587884,6.0,6.0,03-16,-1.3091666698455808
01-17,-3.8800001144409197,0.75,2.2999992370605504,-0.7600002288818359,0.8699989318847621,-6.5100002288818395,4.2600002288818395,2.9600009918212855,1.25,-3.3500022888183594,-2.8400001525878906,-8.860000610351562,6.0,6.0,03-17,-1.1508336861928308
01-18,-3.3299999237060547,1.1099996566772443,2.2999992370605504,-1.4599990844726562,1.2900009155273473,-6.170000076293945,4.430000305175778,3.4200000762939453,0.5499992370605469,-2.200000762939453,-3.4199981689453196,-11.040000915527337,6.0,6.0,03-18,-1.2099999586741128
01-19,-3.3000001907348633,1.1099996566772443,2.7799987792968786,-1.3799991607666087,1.060001373291012,-6.069999694824219,4.879999160766602,3.4200000762939453,0.9000015258789062,-3.200000762939453,-2.890003204345703,-7.029998779296875,6.0,6.0,03-19,-0.8100001017252612
01-20,-3.3000001907348633,0.9499998092651349,2.760000228881836,-1.5499992370605469,0.8500003814697266,-6.550001144409183,4.879999160766602,3.5900001525878906,0.8499984741210938,-3.1000022888183594,-3.8800010681152344,-8.069999694824219,6.0,6.0,03-20,-1.0475004514058435
01-21,-3.9700002670288086,0.8999996185302734,3.179998397827145,-1.0799999237060511,1.4200000762939489,-6.550001144409183,4.600000381469727,4.10000038146973,0.8999977111816406,-2.4000015258789062,-4.19000244140625,-8.069999694824219,6.0,6.0,03-21,-0.9300007025400795
01-22,-3.2899999618530273,1.5300006866455078,3.5299987792968714,-0.7999992370605469,1.4200000762939489,-6.370000839233402,4.079999923706051,4.0800018310546875,-0.5,-2.700000762939453,-4.19000244140625,-8.299999237060547,5.0,7.0,03-22,-0.9591667652130133
01-23,-3.4999999999999982,1.5900001525878924,3.3499984741210938,-1.1000003814697266,1.3199996948242223,-5.800001144409183,4.909999847412109,3.9800014495849574,-1.1000022888183594,-2.8999977111816406,-3.8600006103515625,-8.020000457763672,5.0,7.0,03-23,-0.9275002479553223
01-24,-3.2599992752075178,1.6199998855590856,3.3099994659423793,-0.9600009918212891,1.1700000762939418,-4.729999542236328,4.79000091552734,3.9899997711181605,-1.0499992370605469,-2.5,-2.479999542236321,-8.400001525878913,5.0,7.0,03-24,-0.708333333333334
01-25,-3.6099996566772443,1.2899999618530291,3.1200008392333984,-1.1800003051757812,1.7699985504150426,-4.210000991821289,4.620000839233398,3.9899997711181605,-1.5,-3.4000015258789062,-2.5199966430664062,-8.349998474121094,5.0,7.0,03-25,-0.8316664695739743
01-26,-3.289999961853024,1.2699995040893572,2.8800010681152344,-0.9300003051757812,1.8099994659423828,-4.39000129699707,4.650001525878903,3.3799991607666016,-0.9000015258789062,-3.549999237060547,-1.7099990844726562,-6.180000305175781,5.0,7.0,03-26,-0.5800000826517739
01-27,-3.6800003051757795,1.6399993896484375,3.0599994659423793,0.019998550415039062,1.6799983978271484,-4.630001068115234,4.85000038146973,3.939998626708988,-0.6499977111816406,-1.8499984741210938,-1.4900016784667969,-7.689998626708984,6.0,6.0,03-27,-0.4000002543131506
01-28,-4.570000648498535,1.760000228881836,3.450000762939453,0.14999961853027344,1.6799983978271484,-5.370000839233395,5.320001602172855,3.4500007629394602,0.25,-2.3999977111816406,-1.1500015258789062,-7.879997253417969,7.0,5.0,03-28,-0.4424997170766183
01-29,-3.9099998474121094,2.3600006103515625,3.519998550415039,0.18000030517578125,1.7199993133544922,-5.380001068115234,4.9999999999999964,2.4099998474121094,0.8999977111816406,-2.3999977111816406,-0.8500022888183594,-7.349998474121094,7.0,5.0,03-29,-0.316666920979818
01-30,-3.8299999237060547,1.9300003051757812,3.4299983978271413,0.3800010681152344,2.029998779296875,-5.649999618530277,5.820001602172852,3.2699985504150426,0.5999984741210938,-3.0999984741210938,-1.470001220703125,-7.270000457763672,7.0,5.0,03-30,-0.32166687647501685
01-31,-4.230000495910646,1.7300004959106445,3.8499984741210938,0.1600017547607422,1.9400005340576136,-4.559999465942379,5.809999465942379,3.7099990844726562,0.5499992370605469,-2.5,-1.9199981689453196,-6.720001220703125,7.0,5.0,03-31,-0.1816666920979828
02-01,-4.100000381469728,1.7300004959106445,3.5000000000000036,-0.25,1.9200000762939418,-3.690000534057617,5.829999923706055,3.9599990844726562,0.40000152587890625,-2.799999237060547,-2.529998779296875,-3.290000915527351,6.0,6.0,04-01,0.056666771570840734
02-02,-3.5900001525878924,1.7400007247924787,3.369998931884769,-0.2199993133544922,1.6200008392333984,-3.7800006866455043,5.829999923706055,4.340000152587891,1.4499969482421875,-2.549999237060547,-2.490001678466797,-2.720001220703125,6.0,6.0,04-02,0.24999960263570178
02-03,-3.5000000000000018,2.260000228881834,3.2800006866455114,-0.6700000762939453,1.55999946594239,-3.659999847412106,5.579999923706055,4.850000381469727,1.2000007629394531,-2.0,-2.8400001525878906,-5.75,6.0,6.0,04-03,0.02583344777425219
02-04,-2.929999351501465,2.0399999618530273,3.530000686645508,-0.5500011444091726,1.520000457763679,-3.6700000762939418,5.289999008178711,5.099998474121097,0.6500015258789062,-0.5999984741210938,-2.75,-5.959999084472649,6.0,6.0,04-04,0.1391668319702172
02-05,-2.8199996948242205,2.070000648498535,3.279998779296875,-0.5500011444091726,1.6000003814697301,-3.3799991607666016,4.659999847412109,5.420000076293942,1.0,0.2999992370605469,-2.6199989318847727,-6.680000305175781,7.0,5.0,04-05,0.18999997774759914
02-06,-2.8799991607666016,2.469999313354494,2.840000152587894,-0.5500011444091726,1.3900012969970739,-3.370000839233395,4.809999465942383,4.79000091552734,0.34999847412109375,0.5,-2.990001678466797,-8.220001220703125,7.0,5.0,04-06,-0.07166703542073434
02-07,-2.699999809265135,2.789999961853029,2.8599987030029332,-0.40999984741210227,1.5699996948242188,-3.6700000762939453,5.069999694824215,4.70000076293945,0.3999977111816406,0.5999984741210938,-3.1399993896484304,-9.009998321533203,7.0,5.0,04-07,-0.07833353678385298
02-08,-2.8899993896484357,2.7699995040893572,2.549999237060547,-0.3199996948242152,1.289999008178711,-3.600000381469723,5.009998321533207,4.409999847412109,0.6499977111816406,0.8999977111816406,-3.1699981689453125,-7.69000244140625,7.0,5.0,04-08,-0.0075007279713936725
02-09,-2.8899993896484357,2.760000228881836,2.5999984741210938,-0.7599983215331996,1.7999992370605469,-3.480001449584961,5.369998931884766,4.19999885559082,0.2999992370605469,-0.09999847412109375,-4.009998321533203,-7.620002746582031,6.0,6.0,04-09,-0.15250031153360957
02-10,-2.179999351501465,2.7699995040893572,2.3199996948242188,-0.8699989318847621,1.4699993133544886,-3.4500007629394496,5.350000381469723,4.420000076293945,-0.09999847412109375,-0.049999237060546875,-4.319999694824219,-7.620002746582031,5.0,7.0,04-10,-0.1883333524068195
02-11,-2.299999237060545,2.6000003814697266,2.1700000762939453,-1.1000003814697266,1.7099990844726491,-3.5400009155273438,5.510000228881836,4.450000762939453,0.0,0.5500030517578125,-3.3600006103515625,-8.130001068115234,6.0,6.0,04-11,-0.11999988555908248
02-12,-2.0799999237060547,2.350000381469725,1.7399997711181676,-1.3999996185302699,1.7099990844726491,-3.0,5.260000228881836,3.6700000762939453,0.75,0.7000007629394531,-3.1599998474121094,-8.020000457763672,7.0,5.0,04-12,-0.12333329518636083
02-13,-1.199999809265135,2.060000419616699,1.3600006103515625,-1.260000228881836,1.6399993896484375,-4.060001373291012,5.420000076293949,3.7099990844726562,0.75,0.75,-3.7299995422363352,-11.209999084472663,7.0,5.0,04-13,-0.4808333714803064
02-14,-0.8000001907348633,2.4899997711181623,1.1800003051757812,-1.289999008178711,1.9899997711181676,-4.430000305175781,5.729999542236328,4.340000152587887,0.5999984741210938,0.4500007629394531,-4.060001373291016,-8.65999984741211,7.0,5.0,04-14,-0.20500016212463393
02-15,-1.25,2.9899997711181623,1.25,-1.1999988555908203,1.7199993133544922,-4.979999542236328,5.930000305175781,4.7899990081787145,0.5499992370605469,0.5,-4.4399986267089915,-10.220001220703118,7.0,5.0,04-15,-0.3633333841959634
02-16,-1.1099996566772479,2.9899997711181623,1.0799999237060547,-0.8699989318847656,0.5499992370605504,-5.0,5.770000457763672,4.7899990081787145,0.3500022888183594,0.3999977111816406,-5.149997711181641,-10.380001068115234,7.0,5.0,04-16,-0.5483332475026446
02-17,-1.1099996566772479,2.9200000762939418,0.7200012207031214,-1.3099994659423828,0.9599990844726598,-5.0,5.770000457763672,0.38999938964844105,-0.25,1.7999992370605469,-4.369998931884766,-12.470001220703121,6.0,6.0,04-17,-0.9958333174387612
02-18,-0.9600000381469744,2.1299991607666016,1.0,-1.2800006866455078,0.4599990844726598,-5.0,5.550001144409183,0.4800014495849574,0.3500022888183594,1.5499992370605469,-4.369998931884766,-12.470001220703121,7.0,5.0,04-18,-1.0466665426890052
02-19,-0.5500001907348633,2.0800008773803746,0.9799995422363281,-0.9900016784668004,0.4599990844726598,-4.790000915527344,3.45999908447266,1.2900009155273438,0.40000152587890625,1.3999977111816406,-4.369998931884766,-12.930000305175778,7.0,5.0,04-19,-1.1300002733866366
02-20,-0.630000114440918,2.069999694824217,0.9699993133544957,-1.4500007629394531,0.8799991607666016,-1.0100002288818395,2.6100006103515625,0.2999992370605469,0.5,1.3999977111816406,-4.520000457763672,-10.039999008178704,7.0,5.0,04-20,-0.7433337370554601
02-21,-0.7399997711181641,2.290000915527342,0.9699993133544957,-1.4500007629394531,0.2699985504150426,-0.2199993133544922,2.9099998474121094,0.28999900817871094,0.5,1.0499992370605469,-2.720001220703125,-8.89999771118164,7.0,5.0,04-21,-0.4791668256123856
02-22,-1.0699996948242188,2.4200000762939435,0.9699993133544957,-1.3999996185302734,0.12999916076660156,0.220001220703125,2.8600006103515625,0.5300006866455043,0.3999977111816406,-1.4500007629394531,-1.7099990844726562,-9.530002593994148,7.0,5.0,04-22,-0.6358335812886563
02-23,-1.0600004196166974,2.609999656677246,1.0400009155273509,-1.5899982452392543,0.8000011444091797,0.19000053405762074,2.8299999237060547,1.2100009918212926,-0.2999992370605469,1.0,-1.0200004577636719,-11.600000381469734,7.0,5.0,04-23,-0.4908329645792633
02-24,-1.449999809265135,2.619999885559082,-0.2700004577636719,-1.1700000762939453,1.0200004577636719,0.6599998474121094,3.260000228881836,1.0300006866455043,0.6500015258789062,-0.15000152587890625,-0.75,-11.100000381469734,6.0,6.0,04-24,-0.4708333015441902
02-25,-1.6199998855590803,2.949999809265135,-0.3600006103515625,-1.8199996948242188,1.5200004577636719,0.8299999237060547,3.2700004577636754,0.3099994659423828,0.8999977111816406,-0.7000007629394531,-0.3000030517578054,-10.549997329711914,6.0,6.0,04-25,-0.46416695912678946
02-26,-1.4600000381469709,3.760000228881834,-0.5300006866455078,-1.3900012969970739,1.6099987030029297,0.5799999237060547,3.0,0.9799995422363317,1.0999984741210938,-0.9000015258789062,0.20999908447266336,-10.249998092651374,7.0,5.0,04-26,-0.27416714032491046
02-27,-1.0200004577636719,2.8999996185302734,-0.4900016784667969,-1.1000003814697266,1.3699989318847656,0.43000030517578125,3.5200004577636683,0.889999389648434,1.7999992370605469,0.5999984741210938,0.4699974060058665,-9.540000915527344,8.0,4.0,04-27,-0.014167467753092447
02-28,-1.2200002670288068,2.6000003814697266,-0.25,-0.5699996948242188,1.4799995422363246,0.43000030517578125,2.0499992370605504,1.3400001525878906,2.6000022888183594,1.5999984741210938,2.8199996948242188,-9.790000915527344,8.0,4.0,04-28,0.257499933242798
02-29,0.0,0.0,0.0,-0.0400009155273473,0.0,0.0,0.0,1.3799991607666016,0.0,0.0,0.0,-12.559999465942383,1.0,2.0,04-29,-0.9350001017252607
03-01,-0.9899997711181641,2.710000991821289,-0.15999984741210938,0.6700000762939418,1.25,0.5599994659423864,2.6200008392333984,0.9499988555908274,1.5499992370605469,2.4000015258789062,1.9599990844726562,-11.15999984741211,9.0,3.0,04-30,0.19666671752929746
03-02,-0.8400001525878906,3.010000228881836,-0.0699996948242152,0.8999996185302663,1.3200016021728516,0.529998779296875,2.25,0.639999389648441,1.1499977111816406,2.25,1.4099998474121094,-8.90999984741211,9.0,3.0,05-01,0.3033331235249837
03-03,-0.6499996185302734,2.6300010681152344,-0.3699989318847692,0.9599990844726598,1.6000003814697266,0.8999996185302734,2.25,0.8299999237060618,1.2000007629394531,1.2000007629394531,1.7399978637695312,-8.110000610351555,9.0,3.0,05-02,0.3483333587646496
03-04,-0.8199996948242188,2.929999351501465,-0.3600006103515625,1.1099987030029297,1.1900005340576172,0.3900012969970703,2.5300006866455114,1.820001602172848,2.5999984741210938,1.3499984741210938,0.9000015258789062,-9.579998016357422,9.0,3.0,05-03,0.338333527247111
03-05,-0.25,2.1299991607666016,0.31999969482421875,1.3400001525878906,0.5699996948242188,0.6400012969970703,0.6700000762939453,1.3900012969970703,2.8999977111816406,0.6499977111816406,1.44000244140625,-9.629999160766602,10.0,2.0,05-04,0.1808333396911621
03-06,-0.3299999237060547,1.989999771118164,0.22999954223632812,1.5799999237060511,0.05999946594238281,2.820001602172855,1.2599983215332067,1.2900009155273509,3.0999984741210938,0.9499969482421875,1.5400009155273438,-10.510002136230465,10.0,2.0,05-05,0.331666151682537
03-07,0.39999961853027166,1.6299991607666016,0.06999969482421875,1.6900005340576172,0.3299999237060618,2.200000762939453,-0.2899990081787074,1.220001220703125,3.200000762939453,0.049999237060546875,2.1499977111816335,-9.040000915527347,10.0,2.0,05-06,0.300833225250244
03-08,0.10999965667724432,1.3199996948242188,-0.24000167846679688,1.1400012969970703,0.779998779296875,1.3200016021728516,-0.3699989318847692,1.4200000762939418,3.9000015258789062,-0.25,2.270000457763679,-9.210000991821293,8.0,4.0,05-07,0.1825001239776607
03-09,0.4800004959106463,1.0500001907348633,-0.15999984741210938,0.31999969482421875,1.210000991821289,0.8299999237060547,-0.22999954223632812,1.3700008392333949,4.200000762939453,-0.5,2.079998016357422,-9.850002288818356,8.0,4.0,05-08,0.06666660308837906
03-10,0.0900001525878924,0.8100004196166974,-2.879999160766605,0.1800003051757848,1.610000610351559,0.8400001525878871,-0.11000061035155895,2.0300006866455043,3.0,-1.2000007629394531,1.4599990844726562,-9.260002136230465,8.0,4.0,05-09,-0.28583343823750845
03-11,-0.009999275207517755,0.23000049591064275,-3.2399997711181605,0.7199993133544957,1.6599998474121094,0.5999984741210902,-0.31999969482421875,1.7700004577636719,2.200000762939453,-1.4500007629394531,1.4300003051757812,-8.440002441406246,7.0,5.0,05-10,-0.40416685740152936
03-12,0.5900001525878924,-0.10000038146972479,-3.3599987030029332,0.1100006103515696,1.8499984741210973,0.3299999237060476,-0.7000007629394496,2.15000152587891,2.549999237060547,-1.1499977111816406,1.3400001525878906,-4.139999389648445,7.0,5.0,05-11,-0.04416640599568655
03-13,0.4200000762939453,0.6099996566772461,-3.1999988555908274,-0.04999923706054332,1.7999992370605504,1.2299995422363281,-1.0699996948242152,2.15000152587891,2.75,-1.0,1.2099990844726562,-5.560001373291016,7.0,5.0,05-12,-0.059166669845580465
03-14,0.6899995803833026,0.6400003433227521,-3.389999389648441,0.1800003051757848,2.930000305175785,1.5799999237060547,-1.5900001525878977,1.75,2.700000762939453,-0.14999771118164062,0.720001220703125,-4.049999237060554,8.0,4.0,05-13,0.16750049591064364
03-15,0.6199998855590838,0.7600002288818377,-3.1800003051757812,-0.0400009155273402,2.629999160766598,1.8599987030029297,-1.620000839233402,2.1099987030029297,2.049999237060547,-0.2999992370605469,1.9099998474121165,-4.869998931884773,7.0,5.0,05-14,0.16083296140034994
03-16,0.4299993515014666,0.7100000381469744,-3.3099994659423864,-0.12000083923339844,2.5499992370605504,1.6499996185302734,-1.6400012969970703,1.6499996185302699,1.8499984741210938,0.0,1.0300025939941335,-6.049999237060554,7.0,5.0,05-15,-0.10416682561238726
03-17,-0.12000083923339844,0.3500003814697301,-3.0900001525878906,-0.3600006103515696,2.819999694824226,0.7999992370605469,-1.8100013732910085,1.7600002288818324,0.9000015258789062,-0.8499984741210938,1.0900001525878835,-10.060001373291016,6.0,6.0,05-16,-0.7141668001810709
03-18,-0.15000057220458984,0.5,-3.3199996948242188,-0.1100006103515696,2.85000038146973,0.6999988555908203,-2.2600002288818324,1.279998779296875,1.7999992370605469,-0.7999992370605469,0.970001220703125,-9.020000457763672,6.0,6.0,05-17,-0.6300001939137777
03-19,0.21000003814697443,0.05999946594238459,-4.020000457763672,-0.32999992370605824,3.0600013732910156,1.1800003051757848,-1.6800003051757777,2.1099987030029297,1.9500007629394531,-0.20000076293945312,1.9599990844726562,-8.90999984741211,7.0,5.0,05-18,-0.384166797002156
03-20,0.43000030517578125,0.23999977111816584,-4.090000152587891,-0.6100006103515625,2.4900016784667933,0.6900005340576172,-2.8600006103515625,1.3499984741210902,1.3500022888183594,-0.9000015258789062,2.270000457763672,-7.319997787475575,7.0,5.0,05-19,-0.5799997647603349
03-21,1.3899993896484375,0.07999992370605469,-3.9499988555908168,-0.3099994659423828,2.7399997711181605,0.3099994659423828,-2.4799995422363317,2.009998321533203,2.75,-0.6000022888183594,2.5699996948242045,-5.680000305175785,7.0,5.0,05-20,-0.09750032424926935
03-22,1.7599992752075178,0.2200002670288086,-3.769998550415039,-0.4500007629394531,2.660001754760742,1.0799999237060547,-2.760000228881836,2.0,3.3500022888183594,0.5,2.4599990844726562,-5.700000762939453,8.0,4.0,05-21,0.11250019073486313
03-23,1.829999923706053,0.1900005340576154,-3.7299995422363246,-0.9399986267089844,2.0900001525878906,0.6200008392333984,-2.470001220703125,2.34999847412109,3.200000762939453,1.0,2.1599998474121094,-5.050001144409183,8.0,4.0,05-22,0.10416666666666607
03-24,2.1800003051757795,0.5200004577636719,-4.010000228881836,-0.8400001525878906,1.9300003051757812,0.6399993896484375,-2.3000011444091832,2.1000003814697266,3.549999237060547,0.3999977111816406,2.1499977111816406,-7.219999313354496,8.0,4.0,05-23,-0.07500044504801506
03-25,1.860000610351559,-0.10000038146972656,-4.239999771118164,-0.8699989318847656,1.5100002288818395,0.8199996948242188,-2.3300018310546875,1.8999996185302699,3.5,0.14999771118164062,2.029998779296875,-5.710000991821293,7.0,5.0,05-24,-0.12333377202351947
03-26,1.9300003051757795,-0.5,-4.219999313354496,-0.7099990844726598,1.6400012969970739,1.0599994659423828,-2.2400016784667933,1.720001220703125,3.799999237060547,0.14999771118164062,1.8100013732910156,-6.420000076293949,7.0,5.0,05-25,-0.1649999618530278
03-27,2.25,-0.7800006866455078,-4.189998626708984,-0.7399997711181676,1.6000003814697301,1.0599994659423828,-2.5100002288818395,2.370000839233395,3.5,0.6999969482421875,1.470001220703125,-5.930000305175781,7.0,5.0,05-26,-0.10000006357828835
03-28,2.5500001907348633,-0.8299999237060565,-4.0399990081787145,-0.9400005340576207,1.3999996185302805,1.4200000762939418,-3.4799995422363246,2.2700004577636648,2.8500022888183594,0.2999992370605469,1.5699996948242188,-10.029998779296868,7.0,5.0,05-27,-0.5799996852874757
03-29,2.9800004959106463,-0.4700002670288086,-3.9499988555908168,-0.7500000000000036,1.7899990081787145,1.350000381469723,-3.6999988555908168,1.8299999237060511,3.1500015258789062,0.14999771118164062,1.5200004577636648,-9.699998855590813,7.0,5.0,05-28,-0.483333110809326
03-30,2.90000057220459,-0.2700004577636719,-4.369998931884769,-0.3099994659423828,2.119998931884769,1.409999847412113,-3.5799999237060476,1.5799999237060511,2.3000030517578125,0.9500007629394531,0.8400001525878906,-8.439998626708977,7.0,5.0,05-29,-0.4058328469594308
03-31,2.770000457763672,0.18999958038330078,-4.3899993896484375,-0.5,2.4699993133544957,1.4899997711181605,-3.600000381469723,1.94000053405761,2.3999977111816406,0.9500007629394531,0.9800033569335938,-9.009998321533203,8.0,4.0,05-30,-0.3591663837432864
04-01,2.260000228881836,0.10999965667724787,-4.570001602172852,-0.5399990081787145,2.0099983215332067,1.5799999237060476,-3.29000091552734,1.7899990081787074,2.799999237060547,0.09999847412109375,0.5100021362304688,-5.979999542236328,8.0,4.0,05-31,-0.2683336734771733
04-02,1.6599998474121112,0.6800003051757812,-4.349998474121087,-0.9699993133544957,2.069999694824215,1.4599990844726491,-3.839998245239258,1.9099998474121094,2.75,0.7000007629394531,0.8600006103515625,-5.340000152587891,8.0,4.0,06-01,-0.20083300272623741
04-03,2.109999656677246,1.0100002288818342,-4.109998703002926,-0.9699993133544957,2.109998703002926,1.0,-4.2399997711181605,1.8999996185302805,2.8999977111816406,-0.7000007629394531,0.7700004577636719,-4.740001678466793,7.0,5.0,06-02,-0.24666698773701912
04-04,2.489999771118164,0.26000022888183416,-4.409999847412102,-0.4500007629394567,1.8600006103515625,1.0400009155273438,-4.440000534057614,1.9399986267089915,2.549999237060547,-1.5999984741210938,0.6300010681152273,-6.409999847412109,7.0,5.0,06-03,-0.5449999173482255
04-05,2.6000003814697266,0.5200004577636719,-3.9700012207031214,-0.22000122070312855,2.0799999237060547,0.8699989318847621,-4.260000228881829,2.029998779296882,3.200000762939453,-1.7000007629394531,0.8899993896484375,-5.869998931884766,7.0,5.0,06-04,-0.3191669782002758
04-06,2.770000457763672,0.19999980926513672,-3.9899997711181605,-0.3299999237060547,1.8700008392333949,1.1499996185302734,-3.630001068115231,2.3199996948242223,3.8999977111816406,-1.1000022888183594,2.1499977111816406,-4.670000076293949,7.0,5.0,06-05,0.05333272616068552
04-07,2.9600000381469727,0.2200002670288086,-3.879999160766598,-0.26000022888183594,1.4400005340576136,0.8099994659423828,-3.5699996948242223,1.9699993133544922,4.4499969482421875,-0.5999984741210938,2.1499977111816406,-4.739999771118168,7.0,5.0,06-06,0.07916641235351503
04-08,2.7300004959106445,0.3599996566772443,-3.860000610351559,0.020000457763668322,1.3800010681152273,0.6900005340576207,-3.9300003051757812,1.9300003051757812,3.200000762939453,-0.5,2.0999984741210938,-1.4800014495849574,8.0,4.0,06-07,0.21999994913736964
04-09,2.300000190734865,-0.02999973297118963,-3.6899986267089844,0.2700004577636683,1.7100009918212855,0.6599998474121094,-4.090000152587891,2.5799999237060582,3.1500015258789062,-0.2999992370605469,2.4099998474121094,-3.6300010681152344,7.0,5.0,06-08,0.11166699727376302
04-10,2.4000005722045916,-0.4200000762939453,-3.6199989318847727,0.5699996948242116,1.470001220703125,1.8299999237060547,-4.209999084472656,2.2900009155273438,4.0,-0.9000015258789062,1.4500007629394531,-0.8999977111816406,7.0,5.0,06-09,0.3300004800160716
04-11,2.4000005722045916,-0.2700004577636719,-3.5799999237060582,0.4300003051757777,1.0900001525878906,2.049999237060547,-4.590000152587887,2.659999847412113,3.25,-1.0499992370605469,1.2599983215332102,-1.049999237060554,7.0,5.0,06-10,0.216666618982951
04-12,2.5,-0.4400005340576172,-3.200000762939453,-0.149999618530277,1.6299991607666051,2.1000003814697266,-4.779998779296875,2.029998779296882,3.549999237060547,-0.6500015258789062,1.279998779296875,-1.7799987792968892,6.0,6.0,06-11,0.17416636149088482
04-13,2.4000005722045916,-0.8699998855590803,-3.020000457763672,0.37000083923339844,2.75,1.8199996948242188,-4.5100002288818395,1.5799999237060547,5.100002288818359,-1.0999984741210938,1.2999992370605469,-2.989999771118171,7.0,5.0,06-12,0.23583364486694278
04-14,2.8500003814697283,-1.3699998855590803,-3.070001602172855,-0.07999992370605469,2.3800010681152344,1.5699996948242188,-4.710000991821293,1.389999389648441,4.799999237060547,-1.2000007629394531,1.3800010681152344,-2.8299999237060547,6.0,6.0,06-13,0.0924998124440511
04-15,2.710000038146976,-1.2699995040893555,-3.4799995422363317,0.05999946594238281,1.9799995422363246,1.5900001525878906,-4.550001144409183,1.2299995422363281,3.799999237060547,-1.7999992370605469,1.2599983215332031,-0.7399997711181676,7.0,5.0,06-14,0.06583309173583896
04-16,2.670000076293947,-0.9600009918212926,-3.3700008392333984,-0.2199993133544922,1.5699996948242152,1.5400009155273438,-4.05999946594239,0.9500007629394531,4.099998474121094,-1.75,0.4799995422363281,-3.20999908447266,6.0,6.0,06-15,-0.188333352406821
04-17,2.7800006866455096,-1.2699995040893555,-3.270000457763672,-0.5099983215331996,2.069999694824215,1.5699996948242188,-3.7000007629394496,0.7399997711181641,4.0,-1.5,0.3600006103515625,-5.040000915527344,6.0,6.0,06-16,-0.31416662534077916
04-18,2.6599998474121094,-0.9399995803833026,-3.310000419616699,-0.049999237060546875,2.8600006103515625,1.3299999237060547,-4.469999313354489,0.4500007629394531,3.950000762939453,-1.3499984741210938,0.7700004577636719,-3.5799980163574254,6.0,6.0,06-17,-0.13999938964843764
04-19,2.75,-1.0499992370605469,-3.300000190734867,0.129999160766598,2.5900001525878906,1.5999984741210973,-4.309999465942379,0.46000099182128906,3.8500022888183594,-1.1999969482421875,1.1699981689453125,-3.1999988555908203,7.0,5.0,06-18,-0.04249962170918783
04-20,3.719999313354494,-1.2700004577636719,-3.589999198913574,0.23999977111816406,2.529998779296875,1.9799995422363281,-4.409999847412109,0.21999931335449574,3.200000762939453,-0.7000007629394531,1.2199974060058665,-3.679998397827145,7.0,5.0,06-19,-0.04500031471252308
04-21,4.049999237060549,-1.3999996185302734,-3.7200002670288086,0.6999988555908203,2.9300003051757777,2.049999237060547,-4.3600006103515625,0.5500011444091761,3.3999977111816406,-0.7000007629394531,1.4199981689453125,-1.610000610351559,7.0,5.0,06-20,0.27583273251851387
04-22,4.039999961853027,-0.9699993133544922,-3.9800004959106463,0.9399986267089844,2.7899990081787074,2.079999923706051,-4.329999923706055,-0.20000076293945668,3.049999237060547,-0.049999237060546875,1.2999992370605469,-2.110000610351559,6.0,6.0,06-21,0.21333297093709236
04-23,4.720000267028807,-0.850000381469723,-3.6700000762939453,0.8799991607666016,2.569999694824215,1.6100006103515625,-4.120000839233398,0.22999954223632812,2.200000762939453,-0.4500007629394531,1.029998779296875,-1.5599994659423864,7.0,5.0,06-22,0.21583310763041133
04-24,4.890000343322752,-0.5799999237060547,-3.5400009155273438,0.4500007629394567,2.069999694824215,1.3400001525878906,-4.409999847412109,0.5100002288818359,2.1500015258789062,0.09999847412109375,0.5800018310546804,1.0699996948242188,9.0,3.0,06-23,0.3858335018157952
04-25,5.289999961853024,-0.7899990081787109,-3.690000534057617,0.15999984741210938,1.7800006866455078,1.8799991607666016,-3.090000152587894,0.4200000762939453,1.9500007629394531,0.2999992370605469,-2.1899986267089844,1.2199993133544922,8.0,4.0,06-24,0.2700000603993728
04-26,5.329999923706053,-0.9499988555908203,-3.729999542236328,-0.42000007629394176,2.189998626708988,1.6900005340576136,-3.099998474121101,-0.030000686645511365,1.25,-0.049999237060546875,-1.7399978637695312,1.439998626708988,5.0,7.0,06-25,0.15666691462198848
04-27,5.5500001907348615,-0.6499996185302734,-3.970001220703125,-0.46999931335448863,1.6999988555908203,1.5300006866455043,-3.0599994659423864,-0.0699996948242223,1.6000022888183594,0.049999237060546875,0.0,0.8499984741210902,6.0,6.0,06-26,0.25500003496805723
04-28,5.319999694824219,-0.7600002288818359,-4.300000190734865,-0.4799995422363317,1.8799991607666016,1.3500003814697195,-3.6300010681152344,0.5799999237060476,1.1500015258789062,0.1999969482421875,-0.049999237060546875,-0.5500011444091832,6.0,6.0,06-27,0.05916635195414033
04-29,5.170000076293945,-1.3999996185302717,-4.22999954223633,-0.12999916076660867,1.4699993133544922,1.3800010681152308,-3.260000228881836,-1.7700004577636683,0.7999992370605469,0.4499969482421875,-0.8899993896484375,-2.8000011444091832,5.0,7.0,06-28,-0.43416690826416104
04-30,5.4499998092651385,-0.7799997329711932,-3.9099998474121094,0.25,1.1900005340576172,1.0100002288818324,-1.379999160766598,-2.470001220703118,1.25,-0.4500007629394531,-1.2199974060058594,-1.0100002288818395,5.0,7.0,06-29,-0.1724998156229652
05-01,5.34999942779541,-0.7300004959106428,-3.8799991607666016,0.10000038146973012,1.6000003814697266,-1.2100009918212926,-1.8099994659423864,-2.2100009918212855,1.9000015258789062,-0.5999984741210938,-0.3800010681152344,-0.149999618530277,4.0,8.0,06-30,-0.16833321253458675
05-02,4.920000076293945,-1.239999771118164,-3.6299991607666016,-0.13000106811523082,1.850000381469723,-1.3600006103515625,-1.5700016021728551,-1.470001220703118,1.6000022888183594,0.10000228881835938,-0.10999679565428977,0.75,5.0,7.0,07-01,-0.02416626612345289
05-03,4.860000610351566,-1.7800006866455078,-3.539999008178711,0.5699996948242188,1.320001602172848,-0.7700004577636719,-1.25,-1.3700008392333984,1.4000015258789062,0.9499969482421875,-0.4399986267089844,0.7899990081787145,6.0,6.0,07-02,0.061666647593180635
05-04,4.860000610351566,-1.4200000762939453,-3.3799991607666016,0.9600009918212891,1.2600002288818288,-0.6100006103515625,-1.25,-1.3000011444091726,0.9000015258789062,0.20000076293945312,0.4900016784667969,0.7899990081787145,7.0,5.0,07-03,0.1250003178914394
05-05,5.150000572204593,-1.1100006103515625,-0.3400001525878906,0.9300003051757812,1.2600002288818288,-0.6100006103515625,-1.1700000762939382,-1.5600013732910085,1.9000015258789062,0.10000228881835938,0.4900016784667969,0.9599990844726598,7.0,5.0,07-04,0.5000002384185803
05-06,4.779999732971191,-0.4900007247924787,0.31999969482421875,1.149999618530277,1.1499996185302699,-0.11999893188476562,-1.3099994659423793,-0.8999996185302734,2.299999237060547,0.40000152587890625,0.3600006103515696,1.600000381469723,8.0,4.0,07-05,0.7700001398722338
05-07,3.970000267028807,-0.26999950408935725,0.1999988555908203,1.4300003051757812,0.75,-0.129999160766598,-1.1599998474121094,-1.1000003814697266,3.5,0.3000030517578125,0.9799995422363352,0.3400001525878906,8.0,4.0,07-06,0.7341669400533046
05-08,2.5099992752075213,-0.8199996948242188,-0.04000091552734375,0.8900012969970703,0.7000007629394496,-0.18000030517578125,-1.3199996948242223,-0.9200000762939489,2.549999237060547,0.5500030517578125,1.0099983215332102,-0.010000228881835938,6.0,6.0,07-07,0.4100000858306883
05-09,2.9300003051757812,-0.8699998855590803,-0.07999992370605469,1.4999999999999964,-0.639999389648434,-0.37999916076660156,-1.4600009918212855,-0.75,2.200000762939453,0.25,2.1399993896484375,0.6499996185302734,6.0,6.0,07-08,0.4575000603993738
05-10,2.4600000381469727,-0.3299999237060529,-0.2399997711181605,1.2900009155273438,-0.5699996948242188,-0.7399997711181676,-1.6900005340576136,-0.75,2.0,0.14999771118164062,1.4799995422363281,0.37000083923339844,6.0,6.0,07-09,0.2858332792917892
05-11,2.1700000762939453,-0.36000061035155895,-0.049999237060546875,1.1200008392333984,-0.2099990844726527,-0.7199993133544922,-1.600000381469723,-0.3499984741210902,2.049999237060547,-0.049999237060546875,2.079998016357429,0.5300006866455114,5.0,7.0,07-10,0.38416687647501835
05-12,2.239999771118164,-0.48000049591064453,-0.2700004577636754,1.2800006866455114,0.5100002288818359,-0.7999992370605469,-1.5699996948242188,-0.529998779296875,4.049999237060547,1.5999984741210938,2.319999694824226,1.3500003814697301,7.0,5.0,07-11,0.8083333174387622
05-13,2.4300003051757812,0.22000026702880682,-0.18000030517578125,1.3700008392333984,0.75,-0.5900001525878906,-1.5499992370605504,0.3299999237060547,2.3500022888183594,1.8499984741210938,1.6599998474121165,2.5300006866455114,9.0,3.0,07-12,0.9308335781097417
05-14,1.7799997329711879,0.7299995422363263,-0.45999908447265625,1.360000610351566,0.4799995422363246,0.26000022888183594,-2.0400009155273438,0.7200012207031214,2.0500030517578125,1.9500007629394531,1.6000022888183665,2.2999992370605504,10.0,2.0,07-13,0.894167184829712
05-15,1.8900003433227521,0.2699995040893537,-0.4099988937377912,1.110000610351566,0.4499988555908203,0.22999954223632812,-0.649999618530277,0.7100009918212855,2.1500015258789062,1.9000015258789062,1.720001220703125,2.609998703002926,10.0,2.0,07-14,0.9983336925506584
05-16,1.010000228881836,0.7200002670288068,-0.17999839782714488,1.3299999237060547,0.15999984741211293,0.2800006866455078,-0.9200000762939382,1.0,2.0,1.3000030517578125,0.94000244140625,0.6700000762939489,10.0,2.0,07-15,0.6925006707509372
05-17,1.0900001525878906,0.7400007247924787,-0.10999870300292613,1.3400001525878942,0.07999992370605113,-0.1999988555908203,-0.7200012207031214,1.7600002288818395,2.5999984741210938,0.5,1.770000457763679,1.1299991607666016,9.0,3.0,07-16,0.831666707992555
05-18,1.9600000381469709,0.9000005722045898,-0.25,1.5999984741210938,1.0499992370605469,-0.4499988555908203,-0.7400016784667933,1.1000003814697266,2.4000015258789062,0.8999977111816406,1.3999977111816406,2.019998550415039,9.0,3.0,07-17,0.990832805633545
05-19,1.5900001525878906,0.7600002288818359,-0.6900005340576172,1.220001220703125,1.3799991607666051,-0.7399997711181641,-0.46000099182128906,1.5300006866455043,2.3999977111816406,0.9000015258789062,1.3899993896484375,2.0399990081787074,9.0,3.0,07-18,0.9433331489562985
05-20,1.5199995040893555,1.6299991607666016,-0.8700008392333984,1.0400009155273438,1.3999996185302699,-0.2800006866455078,-0.75,1.3500003814697301,2.5,0.9500007629394531,1.55999755859375,1.3899993896484375,9.0,3.0,07-19,0.9533329804738363
05-21,1.5199995040893555,1.260000228881836,-1.2100000381469727,1.2000007629394531,1.5599994659423793,-0.2999992370605469,-0.6500015258789027,1.269998550415039,2.8499984741210938,0.9000015258789062,1.5699996948242188,1.2800006866455114,9.0,3.0,07-20,0.9374998410542809
05-22,1.1700000762939453,1.7700004577636719,-1.3400001525878906,1.2299995422363281,1.979999542236321,-0.970001220703125,-0.04999923706055043,1.1799983978271449,3.5999984741210938,1.1500015258789062,1.6899986267089844,1.0699996948242188,9.0,3.0,07-21,1.0399996439615873
05-23,0.9099998474121094,1.8900012969970739,-1.130000114440918,1.0699996948242223,2.399999618530277,-0.7800006866455043,0.01000022888183949,1.25,3.299999237060547,1.1500015258789062,2.520000457763679,0.5900001525878871,10.0,2.0,07-22,1.0983334382375098
05-24,0.7899999618530238,1.4099998474121094,-1.1600008010864293,0.6200008392333984,1.8099994659423828,-1.0799999237060547,0.22999954223632812,0.6000003814697301,3.5999984741210938,1.2999992370605469,2.200000762939453,2.3000011444091797,10.0,2.0,07-23,1.0516665776570635
05-25,0.8399991989135724,1.459999084472658,-1.3100004196166992,0.4600009918212855,1.539999008178711,-0.9099998474121129,0.07999992370605824,0.7000007629394602,3.5,1.8499984741210938,1.1899986267089844,1.739999771118164,10.0,2.0,07-24,0.9283329645792646
05-26,0.8399991989135724,1.0999994277954102,-1.359999656677246,0.4099998474121094,1.2999992370605433,-0.9499988555908274,0.07999992370605824,0.5400009155273509,3.700000762939453,2.450000762939453,1.7199974060058665,1.739999771118164,10.0,2.0,07-25,0.9641665617624923
05-27,0.9199991226196289,0.5199995040893555,-1.2900009155273473,0.18000030517578125,1.25,-0.9499988555908274,-0.03999900817871094,1.3999996185302805,3.799999237060547,3.1000022888183594,2.1999969482421875,0.4799995422363281,9.0,3.0,07-26,0.9641664822896319
05-28,1.9300003051757812,-0.09000015258789062,-1.7400007247924805,0.37999916076660156,1.25,-1.029998779296875,-0.2900009155273473,1.539999008178711,4.049999237060547,3.1500015258789062,2.1999969482421875,2.049999237060554,8.0,4.0,07-27,1.1166662375132246
05-29,1.5,1.0800008773803729,-1.4700002670288068,0.37999916076660156,1.710000991821289,-0.75,-0.07999992370605469,1.9200000762939418,3.549999237060547,3.1500015258789062,2.6699981689453125,4.270000457763668,9.0,3.0,07-28,1.4941666920979815
05-30,1.060000419616701,1.099999427795412,-1.7000007629394531,0.8099994659423828,2.4200000762939418,-0.9000015258789062,-0.059999465942386365,2.1199989318847585,3.549999237060547,2.549999237060547,3.3400001525878906,3.240001678466797,9.0,3.0,07-29,1.4608330726623526
05-31,1.3200006484985352,0.7899999618530291,-1.7000007629394531,1.0,1.8700008392333949,-0.6700000762939418,-0.25,2.1199989318847585,3.4000015258789062,6.050003051757805,3.4300003051757884,3.229999542236328,9.0,3.0,07-30,1.715833663940429
06-01,1.2700004577636719,0.7899999618530291,-1.399999618530277,1.2099990844726562,1.3799991607666051,-0.9399986267089808,-0.2199993133544922,2.0799999237060476,2.450000762939453,5.549999237060547,1.4799995422363352,3.3500022888183665,9.0,3.0,07-31,1.416666905085247
06-02,1.1599998474121094,0.5299997329711914,-1.50000095367432,1.4500007629394496,1.3699989318847692,-1.590000152587887,-0.399999618530277,0.4099998474121094,2.4000015258789062,6.349998474121094,1.7099990844726562,2.8100013732910227,9.0,3.0,08-01,1.2249999046325686
06-03,0.9899997711181641,0.11999988555908558,-1.3900003433227557,1.2199993133544922,1.3600006103515625,-1.8700008392333984,-1.029998779296875,-0.7299995422363281,2.8999977111816406,6.5,1.5100021362304688,1.610002517700206,8.0,4.0,08-02,0.9325002034505219
06-04,1.1300001144409144,0.6499996185302717,-1.1900005340576225,0.9099998474121129,1.7900009155273438,-1.5300006866455078,1.149999618530277,-2.139999389648441,3.3499984741210938,5.700000762939446,1.5100021362304688,0.3899993896484304,9.0,3.0,08-03,0.9766666889190656
06-05,1.0299997329711896,0.8399991989135742,-1.120000839233402,0.6299991607666087,1.8500003814697301,-0.07999992370605469,1.2099990844726562,-1.939998626708988,2.8999977111816406,5.600002288818352,1.5600013732910156,-0.7200012207031321,8.0,4.0,08-04,0.9799998601277659
06-06,1.4200000762939435,0.5999994277954084,-1.2200012207031286,0.37999916076660867,3.0499992370605433,-0.4200000762939453,1.6599998474121094,-2.010000228881836,2.9499969482421875,5.400001525878899,0.9900016784667898,-0.42000198364258523,8.0,4.0,08-05,1.0316661993662495
06-07,1.6300001144409162,0.4299993515014666,-1.2900009155273402,0.5299987792968786,2.070001602172848,-0.6300010681152344,3.5600013732910085,-1.7200012207031214,2.0999984741210938,4.900001525878899,0.9900016784667969,-0.31999969482421875,8.0,4.0,08-06,1.0208333333333328
06-08,1.3999996185302717,0.2799997329711932,-1.3299999237060547,0.6899986267089844,2.010000228881836,-0.8200016021728516,3.1200008392333984,-2.0900001525878906,1.0999984741210938,4.0,-0.2799987792968679,0.18000030517578125,8.0,4.0,08-07,0.6883331139882412
06-09,1.3000001907348633,0.4499998092651385,-2.189998626708981,1.510000228881836,1.4500007629394496,-0.46000099182128906,3.3099994659423864,-1.9500007629394496,0.6499977111816406,3.5999984741210938,0.38000106811522727,0.9099998474121165,9.0,3.0,08-08,0.7466664314270027
06-10,1.3999996185302717,0.18999958038330256,-2.739999771118164,1.4400005340576172,1.090000152587887,-0.18000030517578125,3.040000915527351,-1.1099987030029297,0.9500007629394531,2.5,0.38000106811522727,2.1200008392333984,9.0,3.0,08-09,0.7566670576731361
06-11,0.9499998092651367,-0.5599994659423828,-3.5299997329711914,1.4699993133544957,1.4599990844726527,0.06999969482421875,2.149999618530277,-0.6200008392333984,0.75,3.0,0.29999923706053977,4.589998245239261,9.0,3.0,08-10,0.8358329137166342
06-12,1.7399997711181623,-0.09999942779541016,-3.0299997329711914,1.3299999237060582,1.8600006103515625,-0.1399993896484375,2.3500003814697266,-0.7199993133544957,1.0,3.5999984741210938,0.420001983642571,5.069999694824219,8.0,4.0,08-11,1.1150002479553216
06-13,2.619999885559082,-0.3999996185302752,-3.6399993896484375,1.6099987030029332,3.3899993896484375,0.2999992370605469,2.7999992370605433,-0.610000610351566,0.7000007629394531,3.549999237060547,0.7899971008300852,4.649997711181637,9.0,3.0,08-12,1.3133326371510823
06-14,1.9099998474121094,-0.75,-3.739999771118164,1.0599994659423864,4.4899997711181605,0.20000076293944957,3.14999961853027,-0.399999618530277,0.7999992370605469,3.1999969482421875,0.8800010681152344,4.970001220703136,9.0,3.0,08-13,1.31416654586792
06-15,2.4200000762939435,-1.079999923706053,-3.6999998092651367,0.5200004577636719,4.430000305175785,0.2100009918212855,2.6800003051757812,-0.11000061035156605,0.9500007629394531,3.0,0.1100006103515554,4.329998016357425,9.0,3.0,08-14,1.146666765213012
06-16,2.329999923706053,-0.9700002670288086,-2.9300003051757812,0.4400005340576172,4.220001220703125,0.20000076293944957,2.520000457763672,-0.37000083923339844,-0.1999969482421875,3.049999237060547,0.5600013732910085,3.9499988555908203,8.0,4.0,08-15,1.0666670004526764
06-17,1.360000610351559,-1.3299999237060565,-3.039999961853024,0.4099998474121094,4.10000038146973,-0.18000030517578125,2.620000839233402,0.12000083923339844,0.6000022888183594,3.25,-0.21999740600586648,4.429998397827145,8.0,4.0,08-16,1.0100004673004146
06-18,1.1300001144409197,-1.6000003814697266,-3.4200000762939453,0.8199996948242188,3.6999988555908274,-0.25,2.4600009918212926,-0.14999961853027344,0.0500030517578125,3.1000022888183594,-0.4199981689453125,4.190000534057621,7.0,5.0,08-17,0.8008339405059828
06-19,1.3199996948242205,-1.6099996566772479,-3.760000228881836,0.5799999237060547,3.8400001525878977,-0.4099998474121094,2.869998931884769,-0.2699985504150426,0.0,2.450000762939453,-0.2999992370605469,3.8400001525878906,6.0,6.0,08-18,0.7125001748402919
06-20,1.300000190734865,-1.5999994277954102,-3.630000114440918,0.6399993896484375,3.2099990844726562,-0.6099987030029297,2.2900009155273438,-0.4099998474121129,0.8499984741210938,2.8500022888183594,0.1100006103515625,3.990001678466804,8.0,4.0,08-19,0.7491670449574793
06-21,1.3600006103515643,-1.4199991226196271,-3.7599992752075195,0.9700012207031214,2.850000381469723,0.2399997711181605,2.2300014495849574,-0.6900005340576207,0.8999977111816406,3.0,0.5900001525878906,3.9399986267089844,9.0,3.0,08-20,0.8508334159851062
06-22,1.5299997329711932,-1.2100000381469709,-3.609999656677246,1.1599998474121094,2.75,0.14999961853027344,1.9500007629394531,-0.6000003814697301,1.3499984741210938,2.75,0.5299987792968821,3.8199996948242188,9.0,3.0,08-21,0.8808330694834398
06-23,1.489999771118164,-1.0500001907348615,-3.9099998474121076,1.2299995422363281,2.870000839233395,0.0,1.9599990844726598,-0.9600009918212855,0.6499977111816406,2.5500030517578125,0.11999893188476562,3.600000381469723,8.0,4.0,08-22,0.7124998569488529
06-24,1.2699995040893555,-1.0499992370605487,-4.36999988555908,1.6900005340576172,2.4300003051757812,0.15999984741210938,1.9200000762939453,0.8799991607666051,0.0,2.700000762939453,0.5699996948242188,4.190000534057621,9.0,3.0,08-23,0.8658334414164232
06-25,1.1899995803833008,-1.1499996185302699,-5.369998931884766,1.7299995422363281,2.25,0.3400001525878942,1.5799999237060476,1.6500015258789027,0.049999237060546875,2.950000762939453,0.6199989318847656,3.2299995422363317,10.0,2.0,08-24,0.7558333873748779
06-26,1.5200004577636719,-1.5699996948242205,-5.2699995040893555,1.3799991607666051,2.6599998474121094,0.649999618530277,0.5799999237060547,1.4300003051757777,-0.09999847412109375,2.700000762939453,1.4599990844726562,2.789999008178711,9.0,3.0,08-25,0.6858333746592206
06-27,1.3800001144409197,-1.6199998855590838,-5.0199995040893555,0.9999999999999964,2.559999465942383,0.7700004577636719,-0.25,1.470001220703118,-0.5499992370605469,3.5999984741210938,0.7699966430664062,2.8499984741210973,8.0,4.0,08-26,0.579999685287475
06-28,1.3800001144409197,-1.1899995803833026,-5.050000190734863,0.32999992370605824,2.4099998474121094,0.529998779296875,-0.6799983978271484,1.2100009918212855,-1.2000007629394531,3.6000022888183594,0.20999908447265625,2.7900009155273473,8.0,4.0,08-27,0.3616669178009036
06-29,1.4700002670288104,-0.6800003051757812,-5.300000190734863,0.14999961853026988,2.0399990081787145,0.5,-0.019998550415042615,0.4700012207031179,-1.4500007629394531,4.599998474121094,-0.8899993896484375,2.090000152587887,7.0,5.0,08-28,0.24833329518635963
06-30,1.5299997329711896,-0.1399993896484375,-5.840000152587892,0.020000457763668322,1.659999847412113,0.1399993896484375,-0.34000015258789773,-0.020000457763671875,-0.7000007629394531,4.200000762939453,-0.9700012207031321,2.0500011444091726,6.0,6.0,08-29,0.13249993324279577
07-01,1.2899999618530273,0.05999946594238459,-5.699999809265135,0.2700004577636683,1.909999847412113,-0.020000457763671875,-0.6999988555908274,0.4799995422363281,-2.299999237060547,4.049999237060547,-0.8899993896484375,2.700000762939446,7.0,5.0,08-30,0.09583346048990797
07-02,2.1500005722045863,0.48999977111816584,-4.619999885559082,0.19999885559081676,2.020000457763672,0.06999969482421875,-0.6599998474121094,0.7099990844726598,-1.6500015258789062,4.549999237060547,-0.7599983215332102,3.3200016021728516,8.0,4.0,08-31,0.48499997456868416
07-03,1.6999998092651367,0.23000049591064275,-4.359999656677246,-0.0800018310546875,2.0100002288818324,-0.220001220703125,-0.7600002288818395,1.0499992370605504,-1.5499992370605469,4.649997711181641,-1.8199996948242188,3.4699993133544993,6.0,6.0,09-01,0.3599995772043865
07-05,1.7100000381469744,0.5399999618530273,-4.260000228881836,0.279998779296875,2.110000610351559,-0.30999946594237926,-0.7700004577636719,1.519998550415039,-0.5999984741210938,4.450000762939453,-1.5200004577636719,2.960000991821282,7.0,5.0,09-03,0.5091667175292964
07-06,1.6499996185302734,0.5399999618530273,-4.220001220703125,0.22999954223632812,1.7299995422363281,-0.0699996948242152,-0.529998779296875,1.3499984741210902,-0.34999847412109375,4.799999237060547,-1.079998016357429,3.3200016021728516,7.0,5.0,09-04,0.6141668160756423
07-07,2.119999885559082,0.0,-4.20000076293945,0.23999977111816406,2.1599998474121023,-0.44999885559081676,-0.2999992370605469,1.1799983978271449,-1.0999984741210938,4.799999237060547,-1.279998779296875,3.6000003814697266,6.0,6.0,09-05,0.5641667842864987
07-08,2.4099998474121094,-0.860000610351559,-4.459999084472656,0.5300006866455078,2.889999389648434,-0.4699993133544922,-0.3899993896484375,0.7399997711181676,0.0,4.5,-1.1599998474121094,3.4400005340576136,6.0,6.0,09-06,0.5975001653035482
07-09,2.6300001144409197,-1.1299991607666016,-4.640000343322754,0.5699996948242223,2.1700000762939453,-0.3899993896484375,-0.279998779296875,-0.07999992370605113,-2.1500015258789062,4.450000762939453,-1.4000015258789062,3.830001831054684,5.0,7.0,09-07,0.2983334859212244
07-10,2.5999994277954137,-0.529998779296875,-4.449999809265135,0.47999954223633523,1.9300003051757812,0.05000114440917969,-1.0699996948242116,-0.010000228881835938,-2.450000762939453,4.200000762939453,-0.7400016784667969,2.9099998474121165,6.0,6.0,09-08,0.24333333969116433
07-11,2.529999732971193,-0.8099994659423828,-3.9200000762939453,0.4899997711181676,2.8500003814697266,-0.18000030517578125,-1.6800003051757848,0.25,-2.1500015258789062,4.099998474121094,-0.31999969482421164,2.8899974822997976,6.0,6.0,09-09,0.33749953905741387
07-12,1.9799995422363281,-0.7499990463256818,-3.9700002670288104,0.5799999237060547,2.170000076293949,-0.21000099182129262,-1.4000015258789098,0.26000022888183594,-2.25,4.599998474121094,-0.740001678466804,2.1999988555908203,6.0,6.0,09-10,0.20583279927571527
07-13,2.3400001525878906,-1.199999809265135,-4.200000762939457,0.15000152587890625,2.020000457763672,-0.6600017547607422,-1.2000007629394602,-0.029998779296878553,-2.450000762939453,4.850002288818352,-0.32999801635741477,2.029998779296875,5.0,7.0,09-11,0.11000021298726297
07-14,2.260000228881836,-1.2200002670288068,-3.5799999237060547,0.14999961853027344,1.9300003051757812,-0.7800006866455043,-1.399999618530277,-0.1700000762939382,-1.5999984741210938,4.25,-0.30999755859375,1.5699996948242223,5.0,7.0,09-12,0.09166693687439069
07-15,1.3900003433227557,-1.5199995040893537,-3.529999732971193,0.25,2.4600009918212855,-0.5300006866455043,-1.3799991607666051,-1.159999847412113,-1.3000030517578125,3.700000762939453,0.18000030517578125,0.6800003051757848,6.0,6.0,09-13,-0.06333327293396011
07-16,1.7000007629394513,-1.2300004959106445,-2.9499998092651385,0.18000030517578125,2.1300010681152273,-0.2399997711181605,-1.2199993133544922,-0.8699989318847692,-1.75,3.5999984741210938,0.18999862670898438,-0.5100002288818395,5.0,7.0,09-14,-0.08083327611287554
07-17,1.880000114440918,-1.4099998474121094,-2.8400001525878906,0.3600006103515625,2.1100006103515625,-0.10999870300292969,-1.5100002288818324,-1.149999618530277,-1.9000015258789062,3.549999237060547,0.020000457763671875,-0.17000007629394176,5.0,7.0,09-15,-0.09749992688496878
07-18,1.8599996566772443,-1.4099998474121094,-2.4499998092651385,0.20000076293945312,1.720001220703118,-0.6099987030029332,-1.5799999237060582,-1.7099990844726598,-2.25,3.5999984741210938,-0.6000022888183594,-0.05999946594237926,4.0,8.0,09-16,-0.2741665840148941
07-19,1.7799997329711896,-1.130000114440918,-2.3199996948242205,0.43000030517578125,2.030000686645508,-0.4499988555908274,-1.120000839233402,-1.6199989318847656,-3.0,4.650001525878899,0.3500022888183594,-0.8299999237060511,5.0,7.0,09-17,-0.10249948501587063
07-20,2.0900001525878906,-1.25000095367432,-2.529999732971193,1.029998779296875,2.2900009155273438,-0.8099994659423864,-1.110000610351566,-1.6900005340576207,-3.1499977111816406,5.049999237060547,1.3800010681152415,-0.9699993133544922,5.0,7.0,09-18,0.027500152587889886
07-21,2.210000038146976,-0.7699995040893555,-2.3899993896484357,1.0599994659423828,2.340000152587894,-0.8199996948242223,-1.3299999237060547,-1.360000610351566,-2.3500022888183594,4.150001525878906,1.6599998474121094,-2.680000305175785,5.0,7.0,09-19,-0.023333390553792466
07-22,2.1600008010864276,-0.6899995803833026,-2.5699996948242188,1.029998779296875,2.3000011444091832,-0.9899997711181641,-1.1800003051757848,-2.210000991821289,-1.9000015258789062,4.150001525878906,0.7999992370605469,-2.119998931884769,5.0,7.0,09-20,-0.10166660944620798
07-23,1.75,-0.33999919891357244,-2.590000152587889,0.9400005340576172,2.540000915527351,-0.9500007629394496,-0.4400005340576101,-2.3599987030029297,-1.6500015258789062,3.450000762939453,0.27000045776366477,-2.489999771118171,5.0,7.0,09-21,-0.15583316485087018
07-24,1.6899995803833008,-0.5200004577636719,-2.6599998474121094,1.1700000762939453,2.590000152587894,-0.5,-0.8000011444091797,-1.9799995422363317,-0.9500007629394531,2.799999237060547,-0.20999908447265625,-3.4300003051757812,4.0,8.0,09-22,-0.23333350817362467
07-25,1.689999580383299,-0.7200002670288086,-3.149999618530275,0.970001220703125,2.029998779296875,0.030000686645507812,-0.25,-1.1299991607666016,-1.2000007629394531,2.75,-1.1399993896484375,-3.230001449584961,5.0,7.0,09-23,-0.2791666984558108
07-26,1.7200002670288068,-0.810000419616701,-3.420000076293949,0.6900005340576172,3.2699985504150426,-0.039999008178707385,-0.4700012207031179,-1.5100002288818324,-0.7000007629394531,0.39999771118164773,-1.2800025939941548,-3.4400005340576136,4.0,8.0,09-24,-0.4658339818318679
07-27,1.3499994277954084,-0.8299989700317401,-3.1899995803833026,1.3200016021728516,3.1900005340576136,-0.4099998474121058,-0.5100002288818324,-1.7099990844726491,-0.34999847412109375,1.4500007629394531,0.09000015258788352,-4.100000381469727,5.0,7.0,09-25,-0.3083328406016033
07-28,1.0899991989135742,-0.5199995040893572,-2.8999996185302717,1.0900001525878942,3.0799999237060547,-0.279998779296875,-0.31999969482421875,1.2100009918212855,-0.6500015258789062,-0.4500007629394531,0.20000076293944602,-4.089998245239258,5.0,7.0,09-26,-0.21166642506917377
07-29,1.1399993896484375,-0.3099994659423846,-3.429999351501465,0.75,3.0799999237060547,-0.010000228881835938,-0.35000038146972656,2.1299991607666016,0.0,-0.5499992370605469,0.5600013732910085,-4.210000991821296,5.0,7.0,09-27,-0.09999998410542939
07-30,0.8099994659423846,0.06000041961669922,-2.8000001907348615,0.2999992370605504,3.0900001525878906,0.6400012969970703,-2.239999771118164,2.239999771118164,0.9000015258789062,-1.2999992370605469,0.3300018310546875,-2.9799976348876918,8.0,4.0,09-28,-0.07916609446207594
07-31,0.7899999618530273,-0.11999988555908025,-2.6199998855590803,0.5300006866455078,3.0999984741210973,-1.8199996948242188,-1.610000610351559,2.229999542236328,2.200000762939453,-1.4500007629394531,0.529998779296875,-3.0900001525878906,6.0,6.0,09-29,-0.11083356539408278
08-01,1.0899991989135742,-0.21999931335449396,-2.5500001907348615,0.8400001525878871,2.1800003051757777,-1.3499984741210938,-2.199998855590824,2.4699993133544957,1.75,-0.6500015258788991,1.0699996948242188,-2.3399982452392543,6.0,6.0,09-30,0.007500171661377249
08-02,1.5099992752075213,0.05000019073486328,-2.619999885559082,1.0600013732910156,2.4200000762939453,-1.659999847412113,-2.170000076293949,2.2699985504150426,2.200000762939453,-0.450000762939446,0.80999755859375,-2.639997482299794,7.0,5.0,10-01,0.06499997774760062
08-03,1.169999122619629,0.2899999618530291,-2.5199995040893555,0.5300006866455043,2.739999771118164,-1.739999771118164,-2.0099983215332067,2.3400001525878906,2.549999237060547,1.0999984741210938,1.8600006103515554,-2.4199981689453054,8.0,4.0,10-02,0.3241668542226151
08-04,0.9599990844726562,0.4600000381469709,-0.9500007629394513,0.1399993896484375,3.0,-1.8299999237060547,-3.909999847412106,2.010000228881836,2.1000022888183594,-0.2999992370605469,1.7700004577636648,-2.520000457763672,7.0,5.0,10-03,0.07750010490417451
08-05,1.1899995803833008,0.7000007629394513,-0.5799999237060547,0.23999977111816406,2.5599994659423864,-1.6399993896484375,-3.4699993133544957,1.2099990844726527,3.4499969482421875,-0.7599983215332031,0.80999755859375,-3.020000457763672,7.0,5.0,10-04,0.057499647140502486
08-06,1.4300003051757795,0.9299993515014631,-0.2799997329711914,0.049999237060546875,3.1199989318847727,-2.0,-2.729999542236328,1.360000610351559,3.499999999999993,-0.5699996948242116,0.14999771118165484,-3.0899982452392614,7.0,5.0,10-05,0.15583324432373136
08-07,0.5900001525878888,0.23999977111816406,0.8100004196166974,0.11999893188476562,3.4799995422363352,-1.460000991821289,-3.809999465942383,0.8000011444091726,3.1499977111816406,0.5299987792968821,0.14999771118165484,-3.3500003814697266,9.0,3.0,10-06,0.10416611035665024
08-08,0.9700002670288086,0.7299995422363281,0.9499998092651385,0.09000015258788707,1.320001602172848,-1.25,-3.590000152587887,1.3299999237060476,3.3499984741210938,0.029998779296882105,-0.3899993896484446,-3.0399990081787074,8.0,4.0,10-07,0.04166666666666622
08-09,1.0799999237060547,0.8799991607666016,0.4499998092651385,0.4899997711181605,1.1299991607666051,-1.649999618530277,-4.430000305175785,1.4299983978271449,3.0999984741210938,0.43000030517578836,0.8600006103515696,-3.0799980163574148,9.0,3.0,10-08,0.05749980608622337
08-10,1.0900001525878888,1.1799993515014666,1.0599994659423846,0.7199993133544922,1.0,-1.8400001525878906,-3.6299991607666016,1.3199996948242152,3.249999999999993,0.5300025939941406,1.529998779296875,-3.0699977874755824,9.0,3.0,10-09,0.2616668542226151
08-11,1.8000001907348615,1.5299997329711914,0.4500007629394549,0.7800006866455078,-0.2600002288818395,-1.2600002288818395,-3.979999542236328,1.1800003051757884,4.249999999999993,0.8500022888183594,0.5100021362304688,-3.390001296997081,8.0,4.0,10-10,0.20500040054321142
08-12,1.2899999618530273,1.0499992370605487,0.5600004196166974,0.6200008392333984,-0.5999984741210973,-1.2700004577636754,-3.5100002288818395,1.6999988555908168,3.049999237060547,1.3300018310546875,0.04000091552734375,-2.7499980926513707,8.0,4.0,10-11,0.12583367029825698
08-13,1.4600000381469709,1.5300006866455078,1.3100004196166992,0.6700000762939453,-0.3899993896484375,-1.2600002288818395,-3.4000015258789027,1.6100006103515625,3.3499984741210938,1.0900001525878835,-0.4099998474121094,-2.3000011444091832,7.0,5.0,10-12,0.27166652679443254
08-14,1.7100000381469727,1.6300001144409197,1.6700000762939453,0.7000007629394531,-0.2699985504150426,-1.6199989318847656,-3.969999313354492,1.4799995422363281,3.549999237060547,0.8899993896484304,0.3699989318847656,-2.239999771118164,8.0,4.0,10-13,0.3250001271565748
08-15,1.6599998474121094,1.7300004959106463,1.7899999618530273,0.29000091552734375,1.3199996948242223,-1.3900012969970703,-2.510000228881836,1.7299995422363281,4.099998474121094,1.039997100830071,-0.6500015258789062,-1.0100021362304759,8.0,4.0,10-14,0.6749992370605461
08-16,1.6800003051757777,1.8300008773803693,2.130000114440918,0.4200000762939453,2.239999771118164,-1.970001220703125,-2.7399997711181605,1.8499984741210973,4.150001525878906,-0.8199996948242188,-1.1100006103515625,-1.9800014495849645,7.0,5.0,10-15,0.4733331998189289
08-17,1.9099998474121094,1.8200006484985316,2.0,0.2100009918212855,2.9799995422363317,-1.9899997711181605,-2.360000610351559,1.9899997711181676,4.049999237060547,-1.3800010681152344,-1.3600006103515696,-2.5500011444091832,7.0,5.0,10-16,0.4433330694834388
08-18,1.8499994277954102,1.6400003433227486,2.2899999618530273,0.3899993896484375,2.8500003814697266,-2.04000091552734,-2.3000011444091726,1.8400001525878906,5.049999237060547,-1.210002899169929,-1.4899978637695455,-2.4999980926513636,7.0,5.0,10-17,0.5308331648508697
08-19,1.6800003051757812,1.9699993133544922,2.7599992752075213,0.6900005340576207,3.1800003051757812,-1.9500007629394531,-2.0200004577636683,1.850000381469723,5.400001525878906,-0.3800010681152344,-1.2399978637695455,-2.379999160766598,7.0,5.0,10-18,0.7966668605804439
08-20,1.2900009155273438,1.8800001144409126,3.179999351501463,1.0599994659423828,3.0599994659423864,-1.8000011444091797,-0.9000015258789027,1.9599990844726562,4.600002288818352,-0.5900001525878906,-0.829998016357429,-1.5200004577636719,7.0,5.0,10-19,0.9491666158040353
08-21,0.630000114440918,2.2599992752075195,3.6299991607666016,0.5999984741210938,3.5,-2.1899986267089844,0.4799995422363317,2.0099983215332067,4.650001525878906,-0.7399978637695312,-1.279998779296882,-1.0899982452392543,8.0,4.0,10-20,1.0383335749308271
08-22,0.9899997711181641,2.0299997329711914,3.809999465942383,0.5599994659423828,3.0800018310546875,-2.240001678466797,2.390001296997074,2.3099994659423864,4.600002288818359,-0.9899978637695312,-0.729999542236321,-1.8299999237060547,8.0,4.0,10-21,1.165000359217327
08-23,0.5500001907348633,2.189999580383301,3.7100000381469727,0.20999908447264914,4.0399990081787145,-2.309999465942383,2.4900016784667933,2.5300006866455114,4.75,-1.7000007629394531,-0.07999801635742188,-1.6199989318847656,8.0,4.0,10-22,1.2300002574920652
08-24,0.35000038146972656,2.239999771118164,3.4600000381469727,0.019998550415042615,4.899999618530277,-2.1599998474121094,2.10000038146973,2.489999771118171,5.450000762939453,-2.3899993896484375,0.5900001525878906,-0.029998779296875,9.0,3.0,10-23,1.418333450953167
08-25,0.35000038146972656,1.8099994659423828,4.0799999237060565,0.15999984741210582,4.870000839233398,-2.25,2.5299987792968786,2.0499992370605504,4.75,-2.6599998474121094,0.5400009155273438,0.029998779296875,10.0,2.0,10-24,1.3549998601277675
08-26,0.26000022888183594,1.7200012207031268,4.289999961853027,0.09000015258789062,4.450000762939457,-2.220001220703125,1.8699989318847727,1.6499996185302734,4.5,-3.3300018310546804,1.0999984741211009,0.7299995422363352,10.0,2.0,10-25,1.2591663201650014
08-27,0.5299997329711932,1.2100009918212873,4.109999656677246,0.07999992370605113,4.829999923706058,-1.8600006103515625,2.3800010681152344,1.4400005340576207,4.299999237060547,-4.650001525878906,1.1800003051757955,0.37999725341796164,10.0,2.0,10-26,1.1608330408732106
08-28,0.46000003814697266,1.6299991607666016,4.050000190734863,-0.17000007629394887,4.579999923706058,-1.389999389648441,2.5600013732910227,1.1900005340576207,4.349998474121094,-4.5,1.0999984741211009,-0.329998016357429,8.0,4.0,10-27,1.1275000572204597
08-29,0.2799997329711914,1.6599998474121094,3.90000057220459,-0.0999984741210973,4.6499996185302805,-1.6100006103515625,2.200000762939453,1.0900001525878906,3.700000762939453,-5.0,-1.8800010681152273,-0.18000030517578836,7.0,5.0,10-28,0.7258334159851078
08-30,0.23999977111816406,1.3500003814697266,3.640000343322754,0.11000061035155895,4.530000686645504,-1.8500003814697266,1.5799999237060547,0.75,3.5999984741210938,-0.3400001525878906,-1.9000015258788991,-0.5800018310546946,8.0,4.0,10-29,0.9274996916453038
08-31,-0.19999980926513494,1.4500007629394531,3.5400009155273438,0.13000106811523082,3.9799995422363317,-1.5699996948242223,2.5700016021728516,0.28000068664551137,4.649997711181641,-1.279998779296875,-1.0,-1.110002517700206,7.0,5.0,10-30,0.9533334573109937
09-01,-0.15999984741210938,1.040000915527342,4.559999465942383,0.0,4.059999465942386,-1.3599987030029297,2.660001754760742,0.7100009918212891,5.299999237060547,0.7800025939941406,-0.1100006103515625,-0.8900012969970668,7.0,5.0,10-31,1.3825003306070967
09-02,-0.09999942779540838,0.7600002288818342,5.09999942779541,-0.18000030517578125,3.5399990081787145,-1.3599987030029297,2.4200000762939453,0.429998397827152,6.700000762939453,1.7000007629394531,-0.43000030517578125,-1.2500019073486364,7.0,5.0,11-01,1.4441665013631189
09-03,0.3200006484985334,0.6700000762939418,4.8299989700317365,-0.2700004577636719,3.5399990081787145,-0.9799995422363281,4.719999313354489,0.6599998474121165,7.400001525878906,0.4099998474121094,-0.43000030517578125,-0.549999237060554,8.0,4.0,11-02,1.6933333079020176
09-04,-0.21000003814697266,0.7800006866455078,4.36999988555908,-0.2700004577636719,2.809999465942383,-1.120000839233402,4.869998931884762,-0.5400009155273402,7.5,0.4099998474121094,-0.5499992370605469,-0.5,6.0,6.0,11-03,1.4624997774759922
09-05,0.4400005340576172,1.1700000762939453,4.909998893737791,-0.30999946594238637,1.5900001525878906,-0.610000610351559,5.65000152587891,-0.7399997711181641,7.5,0.45999908447265625,-0.970001220703125,0.8400001525878906,8.0,4.0,11-04,1.6608332792917888
09-06,0.7400007247924787,1.1499996185302734,4.909998893737791,-0.5199985504150426,1.3799991607666016,-0.2399997711181605,4.960000991821289,-0.7399997711181641,7.799999237060547,-0.14999771118164062,-0.3400001525878906,0.6599998474121094,7.0,5.0,11-05,1.634166876475016
09-07,0.5900001525878924,1.1499996185302734,4.379999160766602,-0.4099998474121094,2.0599994659423864,0.17000007629394887,4.630001068115238,-1.0,8.6500015258789,-0.5800018310546804,-0.8000030517578196,-0.05999946594237926,7.0,5.0,11-06,1.5649997393290211
09-08,0.5900001525878924,1.0899991989135724,5.530000686645504,-0.4200000762939453,2.1800003051757812,0.5900001525878942,4.630001068115238,-0.9800014495849609,7.849998474121094,0.34999847412109375,-0.770000457763679,-0.05999946594237926,8.0,4.0,11-07,1.714999755223592
09-09,0.2299995422363299,1.2100000381469709,5.519999504089357,-0.010000228881835938,2.1499996185302734,1.0400009155273438,4.430000305175788,0.10000038146972656,6.900001525878906,1.0200004577636719,-0.4700012207031321,0.11000061035156605,10.0,2.0,11-08,1.852500120798747
09-10,0.28999996185302734,1.0999994277954102,5.3199996948242205,-0.7700004577636719,2.239999771118164,1.1599998474121058,4.3899993896484375,0.17000007629394887,6.450000762939453,1.5600013732910227,-0.4900016784667969,1.529998779296882,10.0,2.0,11-09,1.9124997456868502
09-11,0.3400001525878906,0.9899997711181641,5.399999618530275,-0.8700008392333984,1.7099990844726598,1.2099990844726598,4.789999008178707,0.8199996948242188,6.700000762939453,2.1100006103515696,-0.9799995422363281,1.2300014495849574,10.0,2.0,11-10,1.954166571299236
09-12,0.11999988555908381,0.8099994659423828,4.789999008178713,-0.8000011444091797,2.5799999237060547,1.3500003814697301,4.759998321533203,2.0200004577636683,7.149997711181641,2.210002899169929,-0.7999992370605469,3.3199996948242188,10.0,2.0,11-11,2.292499780654908
09-13,-0.34000015258788885,0.9200000762939453,4.679999351501465,0.279998779296875,2.5900001525878906,1.5900001525878942,5.039999008178711,2.300001144409176,7.299999237060547,0.9199981689453196,-1.5100021362304688,5.419998168945305,10.0,2.0,11-12,2.432499329249064
09-14,0.05000019073486328,0.9200000762939453,4.289999008178713,-0.2399997711181605,2.1299991607666016,1.1999988555908274,5.090000152587891,2.860000610351559,7.299999237060547,-0.5900001525878906,-1.6399993896484446,4.509998321533203,9.0,3.0,11-13,2.156666358311971
09-15,0.13000011444091797,0.6400003433227539,4.439999580383299,-0.2199993133544922,2.2600002288818395,1.2699985504150426,4.630001068115234,3.1000003814697266,6.600002288818352,-0.6300010681152344,-1.8100013732910227,5.279998779296875,9.0,3.0,11-14,2.1408332983652745
09-16,-0.18000030517578303,0.5900011062622124,4.680000305175778,-0.09000015258789062,2.6700000762939453,1.6299991607666016,4.620000839233398,4.299999237060536,5.799999237060547,-0.9000015258789062,-2.0800018310546946,5.419998168945316,8.0,4.0,11-15,2.204999526341755
09-17,-0.9400005340576172,0.4099998474121076,4.529999732971193,-0.1399993896484375,2.620000839233395,1.6399993896484375,3.9899997711181605,4.219999313354489,6.049999237060547,-0.7700004577636719,-2.3600006103515625,3.8299999237060547,8.0,4.0,11-16,1.9233330885569246
09-18,-0.6799993515014666,0.26000022888183594,4.320000648498533,-0.10999870300292969,2.659999847412106,1.1100006103515625,4.70000076293945,4.269998550415043,5.950000762939453,-0.7700004577636719,-1.5,3.7900009155273438,8.0,4.0,11-17,2.000000317891438
09-19,-0.19999980926513672,-0.18000030517578125,4.189999580383299,-0.020000457763671875,2.6300010681152415,0.899999618530277,4.430000305175785,5.019998550415043,5.700000762939453,-0.06999969482421875,-1.0200004577636719,5.320001602172852,7.0,5.0,11-18,2.225000063578289
09-20,0.05000019073486328,0.03999996185302912,4.2599992752075195,-0.3400001525878906,1.8500003814697266,0.6599998474121058,4.04999923706055,4.639999389648445,5.0,0.6100006103515625,-1.1899986267089773,5.320001602172852,10.0,2.0,11-19,2.0791668097178153
09-21,0.19999980926513672,0.23999977111816584,4.749999046325685,-0.7600002288818395,1.8700008392333984,0.6000003814697195,4.5,3.7899990081787145,5.049999237060547,-0.6100006103515696,-2.0,5.320001602172852,9.0,3.0,11-20,1.9124999046325675
09-22,0.1699991226196289,0.32999992370605824,4.730000495910646,-0.5200004577636719,1.6900005340576136,0.5100002288818324,4.720001220703118,3.090000152587887,5.0,0.060001373291015625,-1.9500007629394531,5.530000686645504,10.0,2.0,11-21,1.9466668764750148
09-23,0.5399999618530273,0.7299995422363281,5.180000305175783,-0.5200004577636719,1.8999996185302734,0.8800010681152308,4.760000228881832,4.649999618530273,5.100002288818359,0.060001373291015625,-2.029998779296875,6.190000534057617,10.0,2.0,11-22,2.286667108535766
09-24,0.43000030517578125,0.7099990844726598,4.15000057220459,-0.4800014495849645,2.0100002288818324,0.75,4.989999771118164,5.490001678466797,5.100002288818359,-0.6999969482421946,-2.1399993896484375,5.870000839233402,9.0,3.0,11-23,2.181667248407999
09-25,0.4700002670288068,0.819999694824217,4.15000057220459,-0.1400012969970703,2.0100002288818324,1.5400009155273438,4.470001220703118,5.490001678466797,6.0,-0.5999984741211009,-2.5,5.880001068115234,9.0,3.0,11-24,2.2991671562194806
09-26,0.4600000381469709,0.819999694824217,4.029999732971191,0.30999946594237926,2.420000076293949,1.1399993896484375,4.979999542236325,6.040000915527344,5.099998474121094,0.15000152587889914,-2.450000762939453,4.9800014495849645,11.0,1.0,11-25,2.331666628519693
09-27,0.4600000381469709,0.6700000762939435,3.84999942779541,0.4499988555908203,2.6999988555908203,1.370000839233402,4.979999542236325,6.05000114440918,3.799999237060547,-0.8300018310546804,-1.9199981689453125,4.9800014495849645,10.0,2.0,11-26,2.2133332888285326
09-28,0.28000068664550604,0.7699995040893572,3.7799997329711914,0.6100006103515625,2.239999771118164,1.370000839233402,5.279998779296875,5.810001373291012,3.3000030517578054,-0.9199981689453196,-1.1700019836425781,4.9800014495849645,10.0,2.0,11-27,2.194167137145995
09-29,-0.13999938964844105,0.5,2.4300003051757795,1.0300006866455078,2.239999771118164,1.6299991607666051,5.25,6.440000534057614,3.1499977111816406,0.5600013732910156,-1.1700019836425781,5.280000686645504,10.0,2.0,11-28,2.266666571299234
09-30,0.20000076293945135,0.6299991607666016,2.869999885559082,0.7800006866455078,2.6499996185302805,1.7099990844726562,5.089998245239258,6.469999313354496,2.450000762939453,0.0,-0.9000015258789062,5.060001373291016,10.0,2.0,11-29,2.250833113988241
10-01,0.05000019073486506,0.7400007247924787,4.289999008178707,0.8400001525878871,2.3899993896484446,1.7999992370605469,5.079999923706051,6.150001525878906,3.9000015258789062,0.720001220703125,-0.8100013732910156,5.120000839233402,11.0,1.0,11-30,2.522500197092692
10-02,-0.34000015258788885,1.0699996948242188,4.559999465942383,0.7399997711181605,2.8299999237060582,1.3999996185302699,6.239999771118164,6.049999237060547,3.5500030517578054,1.1800003051757812,0.15000152587889914,4.570001602172852,11.0,1.0,12-01,2.666666984558104
10-03,-0.5399999618530273,0.8899993896484375,5.280000686645511,0.9300003051757777,3.119998931884769,0.3600006103515625,5.600000381469723,5.349998474121094,3.5,0.9900016784667898,0.6800003051757812,4.090002059936527,11.0,1.0,12-02,2.520833571751912
10-04,-0.4100008010864258,1.010000228881836,4.1900005340576225,1.0500011444091797,2.6800003051757884,0.6199989318847727,5.89999961853027,5.90999794006348,3.8500022888183523,0.8100013732910085,-0.5,4.090002059936527,10.0,2.0,12-03,2.433333635330201
10-05,-0.6200008392333984,0.5200004577636719,4.0500011444091815,0.6000003814697266,2.29000091552734,1.0,5.989999771118164,5.379999160766605,2.849998474121101,0.6199989318847656,-1.4899978637695312,4.090002059936527,10.0,2.0,12-04,2.106666882832846
10-06,-0.7300004959106445,0.37000083923339844,3.880000114440916,0.6700000762939453,2.4400024414062536,1.189998626708988,6.829999923706062,6.089998245239254,2.299999237060554,0.25,-1.4799995422363352,4.130001068115234,10.0,2.0,12-05,2.1616667111714687
10-07,-0.7400007247924787,0.9200000762939453,4.310000419616696,0.7199993133544922,2.220001220703118,1.3799991607666016,6.0299987792968786,5.129999160766605,2.5999984741210938,0.2999992370605469,-1.5999984741210938,4.120000839233402,10.0,2.0,12-06,2.115833123524984
10-08,-1.2899999618530291,0.5399990081787145,3.6199998855590785,0.7299995422363281,3.4800014495849574,0.7999992370605504,5.0,5.459999084472656,2.200000762939453,-1.5400009155273438,-0.5800018310546875,3.9800014495849645,9.0,3.0,12-07,1.8666664759318037
10-09,-1.4300003051757795,0.6200008392333984,3.919999122619629,0.8899993896484375,3.819999694824215,1.5,5.5399990081787145,6.009998321533203,2.200000762939453,-2.020000457763672,-0.1100006103515625,3.8900012969970703,9.0,3.0,12-08,2.069166421890259
10-10,-1.510000228881836,0.6900005340576136,3.929999351501465,0.8400001525878906,2.880001068115231,1.1900005340576172,4.159999847412109,6.310001373291016,1.9000015258789062,-1.779998779296868,0.40000152587890625,3.240001678466797,10.0,2.0,12-09,1.854167381922404
10-11,-1.9399995803833026,0.6200008392333984,3.5699996948242188,0.8099994659423864,2.760000228881836,0.8400001525878977,3.7299995422363246,6.44000244140625,1.7000007629394531,-0.5800018310546875,0.7599983215332031,3.240001678466797,10.0,2.0,12-10,1.8291668097178146
10-12,-2.050000190734865,0.5200004577636719,3.4499998092651367,1.0499992370605504,1.8900012969970632,1.4899997711181676,3.5,6.19000244140625,1.9000015258789062,0.030002593994140625,1.0,3.240001678466797,11.0,1.0,12-11,1.850834051767985
10-13,-2.0700006484985334,0.42000007629394887,3.1399993896484375,1.0300006866455078,1.2400016784667933,1.0200004577636754,3.7299995422363246,6.660001754760742,1.3000030517578054,0.5300025939941548,0.770000457763679,4.2100009918212855,11.0,1.0,12-12,1.8316675027211515
10-14,-2.300000190734865,0.4799995422363281,3.52000045776367,1.1800003051757848,0.6800003051757777,1.039999008178711,3.350000381469723,6.840000152587891,0.049999237060546875,0.5500030517578196,1.0400009155273438,4.780000686645504,11.0,1.0,12-13,1.7675003210703528
10-15,-2.080000877380371,0.6399993896484446,3.170001029968267,1.1000003814697301,0.8099994659423828,1.0900001525878906,2.7300014495849574,5.950000762939453,-0.20000076293945312,1.3199996948242259,1.1699981689453196,4.240001678466797,10.0,2.0,12-14,1.6616667111714705
10-16,-1.3199996948242188,0.48000144958496094,2.8599996566772514,0.7999992370605469,0.4799995422363281,1.3499984741210973,2.0,6.0,-0.7000007629394531,0.48999786376953125,0.9199981689453196,4.2100009918212855,10.0,2.0,12-15,1.4641662438710543
10-17,-1.3499994277954102,0.5100002288818359,2.9499998092651385,0.4300003051757848,0.4499988555908203,1.4500007629394531,2.4200000762939418,5.650001525878906,0.09999847412110086,0.6999969482421875,0.6000022888183594,4.180002212524414,11.0,1.0,12-16,1.5075001716613776
10-18,-1.699999809265135,0.5,2.5,0.9300003051757848,-0.7899990081787145,1.5599994659423828,2.9499988555908203,5.600002288818356,0.049999237060546875,0.4500007629394531,0.8899993896484375,4.180002212524414,10.0,2.0,12-17,1.4266669750213623
10-19,-1.739999771118164,0.7299995422363281,2.3199996948242188,1.2800006866455078,-0.7699985504150391,1.360000610351566,3.1199989318847585,5.300001144409176,-0.6500015258789062,0.2799987792968679,0.3899993896484375,4.180002212524414,9.0,3.0,12-18,1.316666762034097
10-20,-1.3000001907348633,0.5699996948242188,2.3899993896484375,1.6000003814697301,-1.0499992370605504,2.0,3.019998550415039,6.100002288818356,0.6500015258789062,-0.3400001525878906,0.5999984741210938,3.970001220703125,9.0,3.0,12-19,1.5175001621246336
10-21,-1.1000003814697266,0.6799983978271449,2.260000228881834,2.0399990081787145,-0.7699985504150391,1.8500003814697266,3.4099998474121023,5.750001907348633,1.450000762939446,-0.5300025939941406,0.13000106811523438,2.3800010681152344,9.0,3.0,12-20,1.4625000953674305
10-22,-1.4399995803833008,0.7099990844726562,0.9400005340576172,2.069999694824226,-0.7399997711181605,1.9400005340576172,2.529998779296875,6.449998855590817,0.5499992370605469,-1.7000007629394531,0.18000030517578125,2.210002899169929,9.0,3.0,12-21,1.1416666507720958
10-23,-0.6099996566772443,0.6599998474121094,1.8700008392333984,2.139999389648441,-0.31999969482421875,2.0799999237060547,2.0599994659423793,6.999998092651364,-0.549999237060554,-1.029998779296882,-0.37999725341797586,2.770000457763672,7.0,5.0,12-22,1.3075002829233786
10-24,-0.4099998474121094,0.7600002288818359,2.130001068115231,2.1499996185302805,-0.8099994659423864,1.9900016784667969,2.7999992370605504,7.449998855590817,-0.34999847412110086,0.29000091552734375,2.7400016784667898,2.9099998474121094,9.0,3.0,12-23,1.8041671117146798
10-25,-0.1400003433227539,0.7600002288818359,2.1900005340576136,2.0599994659423793,0.4299983978271449,2.8500003814697266,3.1200008392333984,7.699998855590817,-0.39999771118164773,-4.30999755859375,1.8899993896484446,2.9099998474121094,9.0,3.0,12-24,1.5883335272471097
10-26,-0.1400003433227539,0.7299995422363281,2.340000152587887,2.2399997711181605,0.5499992370605433,2.8500003814697266,3.1200008392333984,7.799999237060547,-1.6499977111816477,-3.9199981689453125,1.1899986267089915,2.9099998474121094,9.0,3.0,12-25,1.5016667842864981
10-27,-0.10000038146972656,1.039999008178711,1.7100009918212855,2.25,0.5799999237060547,3.240001678466797,3.740001678466797,7.199998855590817,-2.549999237060547,-5.560001373291016,0.23999786376953125,3.3100013732910156,9.0,3.0,12-26,1.2583333651224766
10-28,0.33999919891357244,1.459999084472658,1.8900012969970668,2.139999389648441,0.9699993133544957,2.9600009918212926,2.75,7.7499999999999964,-2.0999984741210938,-6.780002593994141,0.23999786376953125,3.840002059936527,10.0,2.0,12-27,1.288333177566529
10-29,0.09999942779540838,1.239999771118164,2.2200012207031214,2.239999771118164,0.889999389648441,2.75,0.8299999237060582,7.600000381469723,-2.4000015258789062,-5.420001983642578,-0.6500015258789062,3.240001678466797,9.0,3.0,12-28,1.053333044052124
10-30,0.48000049591064453,1.3899993896484375,2.210000991821289,2.239999771118164,1.409999847412113,2.8700008392333984,1.2399997711181676,7.749998092651364,-2.450000762939453,-6.340000152587891,-0.3300018310546875,3.3000030517578196,9.0,3.0,12-29,1.147499958674114
10-31,0.6800003051757812,1.5,1.7700004577636719,2.239999771118164,1.6000003814697266,2.7700004577636683,0.07999992370604758,7.999998092651364,-3.1500015258789062,-5.049999237060547,-0.43000030517578125,2.6500015258789062,9.0,3.0,12-30,1.0549999872843412
11-01,0.7699995040893555,1.5399990081787145,2.229999542236328,2.5,2.0699996948242188,2.450000762939453,0.6700000762939382,9.19999885559082,-3.25,-4.310001373291016,-1.029998779296875,2.6500015258789062,9.0,3.0,12-31,1.290833234786987
11-02,0.7699995040893555,1.149999618530277,1.6900005340576172,2.5,1.0100002288818324,2.450000762939453,0.6700000762939382,9.399997711181644,-3.8500022888183523,-4.680000305175781,-0.80999755859375,2.6500015258789062,9.0,3.0,01-01,1.079166650772095
11-03,0.46999931335449396,1.1700000762939489,0.5599994659423864,2.489999771118164,1.2100009918212855,2.450000762939453,1.360000610351559,9.549999237060543,-3.9499969482421875,-4.799999237060547,-0.5199966430664062,2.8300018310546875,9.0,3.0,01-02,1.0683341026306152
11-04,0.6199998855590803,1.1599998474121094,0.8800010681152344,2.579999923706051,1.090000152587887,2.0400009155273438,1.69000053405761,9.599998474121094,-3.8499984741210938,-4.379997253417962,-0.6699981689453125,3.550001144409176,9.0,3.0,01-03,1.192500670750935
11-05,0.15999984741211115,1.260000228881836,0.8400001525878906,3.2600002288818395,0.9699993133544922,1.6200008392333984,1.4300003051757848,9.499998092651364,-4.849998474121094,-5.090000152587891,-0.7000007629394531,3.0100021362304616,9.0,3.0,01-04,0.9508334795633951
11-06,-0.010000228881835938,1.3899993896484375,0.6900005340576136,2.85000038146973,1.0,1.9500007629394531,0.5799999237060618,10.100000381469723,-5.0,-5.760002136230469,-1.0,3.270000457763672,8.0,4.0,01-05,0.8383332888285322
11-07,0.3200006484985334,1.3700008392333984,1.0300006866455078,3.610000610351566,-1.2100009918212855,1.779998779296875,0.12000083923339488,10.050001144409176,-4.549999237060547,-6.30000305175782,-0.6300010681152273,1.220001220703125,8.0,4.0,01-06,0.5675000349680582
11-08,-0.35999965667724787,1.4899997711181676,0.9500007629394531,2.5400009155273438,-1.75,1.2599983215332031,0.220001220703125,9.400001525878906,-4.799999237060547,-5.520000457763672,-0.20000076293945312,1.220001220703125,7.0,5.0,01-07,0.37083363533020036
11-09,-0.7699995040893572,1.6700000762939489,1.5600013732910156,2.75,-2.5,1.289999008178711,0.5400009155273438,8.200000762939457,-4.75,-3.80999755859375,-0.3100013732910156,1.220001220703125,7.0,5.0,01-08,0.4241670767466232
11-10,-0.3099994659423846,1.5599994659423864,1.1399993896484375,2.729999542236328,-3.059999465942383,1.289999008178711,0.26000022888183594,6.549999237060547,-4.150001525878899,-2.6800003051757812,-0.5700035095214844,-0.8799972534179616,6.0,6.0,01-09,0.15666627883911266
11-11,-0.6999998092651367,1.4199981689453054,1.3599987030029332,2.6399993896484375,-4.009998321533203,1.6800003051757777,0.20999908447265625,6.30000305175782,-4.149997711181641,-2.970001220703125,-0.40000152587890625,0.030002593994140625,7.0,5.0,01-10,0.11750022570292155
11-12,0.1999998092651385,1.3099994659423846,1.5100002288818324,2.219999313354492,-4.139999389648441,1.6100006103515625,-0.10999870300292969,5.299999237060547,-5.25,-3.1800003051757812,-0.22999954223632812,1.3300018310546875,7.0,5.0,01-11,0.0475002129872637
11-13,0.05000019073486506,1.1199989318847656,1.4500007629394531,2.0900001525878906,-4.549999237060547,2.100000381469723,-1.239999771118164,6.099998474121094,-4.799999237060547,-2.9099998474121094,0.04000091552734375,0.7900009155273438,8.0,4.0,01-12,0.020000219345092624
11-14,-0.21000003814697266,1.3500003814697301,1.1900005340576136,2.1399993896484375,-3.960000991821289,1.360000610351559,-0.9800014495849574,6.099998474121094,-5.049999237060547,-3.0400009155273438,-0.09999847412109375,0.0,5.0,7.0,01-13,-0.10000014305114746
11-15,-0.6499996185302717,1.2700004577636754,1.3999996185302734,2.450000762939453,-3.3299999237060547,1.7999992370605433,-0.9900016784667933,6.04999923706054,-4.950000762939453,-3.799999237060547,0.09999847412109375,0.0,6.0,6.0,01-14,-0.05416695276896174
11-16,-0.5799999237060547,1.7100009918212926,1.5300006866455078,2.5799999237060547,-3.740001678466797,1.5699996948242188,-2.1200008392333984,5.29999923706054,-5.200000762939453,-3.7700004577636648,0.0,0.0,5.0,7.0,01-15,-0.22666692733764618
11-17,-0.8299999237060547,1.4900007247924822,1.379999160766598,2.270000457763672,-4.0100002288818395,1.5499992370605433,-1.739999771118164,5.399997711181648,-4.899997711181641,-3.299999237060547,0.17000198364257102,0.0,6.0,6.0,01-16,-0.2099997997283943
11-18,-0.9799995422363281,1.0500011444091832,1.279998779296875,2.719999313354492,-4.090000152587887,1.6099987030029297,-2.1900005340576136,3.049999237060547,-5.25,-2.8600006103515625,1.1800003051757812,0.0,6.0,6.0,01-17,-0.3733336130777986
11-19,-0.7100000381469727,1.100000381469723,1.5699996948242188,2.6999988555908203,-3.9099998474121023,1.6999988555908168,-2.379999160766605,2.799999237060547,-5.650001525878906,-2.2099990844726562,1.1300010681152344,0.0,6.0,5.0,01-18,-0.3216667970021569
11-20,-0.8400001525878888,1.470001220703125,1.3400001525878906,2.659999847412113,-4.119998931884762,1.1999988555908168,-2.069999694824215,1.8499984741210938,-4.799999237060547,-1.450000762939446,1.2099990844726562,0.0,6.0,5.0,01-19,-0.2958334287007636
11-21,-1.6799993515014648,1.3700008392333984,2.039999008178711,2.3999996185302734,-4.719999313354489,0.6700000762939453,-2.6100006103515625,2.549999237060547,-5.6999969482421875,-0.4199981689453196,1.5,0.0,6.0,5.0,01-20,-0.383332967758179
11-22,-1.7699995040893537,0.8900012969970703,2.1599998474121094,2.439998626708988,-5.369998931884766,1.3699989318847656,-2.6800003051757777,2.0,-5.249999999999993,-0.6800003051757741,1.2999992370605469,0.0,6.0,5.0,01-21,-0.46583342552184864
11-23,-1.6099996566772443,1.0400009155273438,2.8199996948242188,2.409999847412113,-5.129999160766598,0.8199996948242188,-2.850000381469723,1.7000007629394531,-5.649997711181641,-0.06000137329100852,1.4200019836425781,0.0,6.0,5.0,01-22,-0.4241662820180241
11-24,-1.4300003051757795,0.6300010681152344,2.6799993515014684,1.7199993133544922,-5.209999084472656,1.0999984741210938,-3.1499996185302734,1.2000007629394531,-4.849998474121094,-0.060001373291015625,1.4300003051757812,0.0,6.0,5.0,01-23,-0.49499996503194127
11-25,-1.2700004577636719,0.5900001525878942,2.939999580383301,1.8599987030029297,-5.3899993896484375,0.8400001525878906,-3.100000381469723,1.1500015258789062,-5.149997711181641,-0.6199989318847656,1.6599998474121094,0.0,6.0,5.0,01-24,-0.5408330758412673
11-26,-0.8199996948242188,0.18000030517578836,1.7700004577636754,1.9599990844726562,-5.799999237060554,0.8299999237060582,-3.5600013732910156,1.25,-4.950000762939453,-0.9500007629394531,1.3899993896484375,0.0,6.0,5.0,01-25,-0.7250002225240065
11-27,-1.1500005722045898,0.4600009918212926,1.630001068115238,2.2099990844726562,-5.729999542236328,1.8400001525878906,-3.3100013732910156,1.1999969482421875,-5.349998474121094,-0.3899993896484375,1.1599998474121094,0.0,6.0,5.0,01-26,-0.6191667715708409
11-28,-1.3600006103515643,0.6499996185302734,1.8500003814697301,2.149999618530277,-6.609998703002933,1.3999996185302734,-3.5200004577636683,1.6499977111816406,-6.799999237060547,-1.1100006103515625,0.5499992370605398,0.0,6.0,5.0,01-27,-0.9291669527689618
11-29,-1.3400001525878924,0.8899993896484375,1.5799999237060547,1.9599990844726598,-7.319999694824226,1.5799999237060547,-2.9099998474121094,1.75,-6.450000762939446,-2.240001678466797,-0.15000152587891336,0.0,5.0,6.0,01-28,-1.0541671117146814
11-30,-1.7100000381469727,1.0699996948242188,0.8599987030029261,2.350000381469723,-7.309999465942383,1.3800010681152273,-3.4699993133544957,2.450000762939453,-5.599998474121094,-2.94000244140625,1.0499992370605469,0.0,6.0,5.0,01-29,-0.989166657129925
12-01,-1.8399991989135742,0.9499988555908203,0.8299999237060547,2.4099998474121094,-6.569999694824222,0.9099998474121023,-3.7699985504150426,1.6500015258789062,-5.5,-3.299999237060547,1.2399978637695312,0.0,6.0,5.0,01-30,-1.0824999014536552
12-02,-1.6299991607666016,0.47000122070312855,0.2600002288818395,2.3699989318847656,-6.559999465942383,0.529998779296875,-3.859998703002937,1.7000007629394531,-6.299999237060547,-3.5999984741210938,0.7099990844726562,0.0,6.0,5.0,01-31,-1.325833002726237
12-03,-1.2100000381469709,0.32999992370605113,0.30999946594238637,2.059999465942383,-6.710000991821296,0.3400001525878871,-2.80999946594239,0.6000022888183594,-5.599998474121094,-2.979999542236328,0.7000007629394602,0.0,6.0,5.0,02-01,-1.2474997043609626
12-04,-1.8400001525878924,-0.0699996948242152,0.5299987792968786,2.010000228881836,-6.4899997711181605,0.4099998474121094,-2.2299995422363317,0.6500015258789062,-6.1999969482421875,-1.1399993896484375,0.8199996948242188,0.0,5.0,6.0,02-02,-1.1291662851969397
12-05,-1.3199996948242188,0.279998779296875,0.9400005340576207,2.0,-6.04000091552734,-0.37000083923339844,-2.3599987030029297,0.7999992370605469,-5.799999237060547,-0.7299995422363281,1.1199989318847656,0.0,5.0,6.0,02-03,-0.9566667874654128
12-06,-1.329999923706053,0.4099998474121094,0.6400012969970703,2.049999237060547,-7.840000152587891,0.350000381469723,-2.739999771118164,0.25,-5.799999237060547,-0.38000106811522727,-0.01999664306640625,0.0,5.0,6.0,02-04,-1.2008330027262366
12-07,-1.8499994277954084,0.3400001525878942,0.6300010681152344,2.1200008392333984,-7.770000457763668,0.600000381469723,-3.25,-0.0500030517578125,-5.400001525878906,-0.060001373291015625,0.470001220703125,0.0,5.0,6.0,02-05,-1.1850001811981197
12-08,-1.4200000762939418,0.4099998474121094,0.9099998474121094,1.840000152587887,-7.760000228881832,0.8900012969970668,-2.819999694824215,-0.75,-5.150001525878899,0.18999862670897727,0.6800003051757741,0.0,6.0,5.0,02-06,-1.0816667874654138
12-09,-1.3099994659423793,0.4099998474121058,0.5399990081787109,1.760000228881836,-8.050001144409173,0.24000167846679688,-2.5900001525878906,-0.75,-5.75,0.05999755859375,1.4000015258789062,0.0,6.0,5.0,02-07,-1.1700000762939446
12-10,-1.3799991607666016,0.2700004577636683,0.989999771118157,1.9699993133544922,-7.400001525878903,0.7100009918212891,-3.39999961853027,-0.20000076293945312,-5.950000762939453,0.43000030517577414,1.6300010681152273,0.0,6.0,5.0,02-08,-1.0274999936421727
12-11,-1.700000762939455,0.4899997711181605,0.8499984741210866,1.8199996948242152,-6.840000152587887,0.8800010681152308,-3.289999008178711,-0.25,-6.049999237060547,0.4099998474121094,1.3600006103515625,0.0,6.0,5.0,02-09,-1.026666641235353
12-12,-2.159999847412111,0.7999992370605469,0.7599983215331996,1.8999996185302699,-6.879999160766605,1.239999771118164,-3.8600006103515625,-0.5,-5.799999237060547,-0.3599967956542969,1.1800003051757741,0.0,5.0,6.0,02-10,-1.1399998664855973
12-13,-2.15000057220459,0.75,1.0699996948242152,1.9400005340576172,-6.45000076293945,0.8300018310546875,-3.6499996185302734,-0.5499992370605469,-5.299999237060547,0.7199974060058594,0.34999847412109375,0.0,6.0,5.0,02-11,-1.0366667906443279
12-14,-2.159999847412111,0.720001220703125,0.9799995422363281,1.8800010681152344,-7.329999923706062,0.8500003814697301,-3.8700008392333984,-0.20000076293945312,-5.649997711181641,1.1300010681152415,0.5800018310546875,0.0,6.0,5.0,02-12,-1.0891661643981931
12-15,-1.8099994659423864,0.7300014495849609,0.6499996185302734,1.2199993133544957,-7.239999771118168,0.6900005340576172,-4.399999618530277,-0.5,-6.0,2.549999237060547,1.0900001525878906,0.0,6.0,5.0,02-13,-1.0849998792012538
12-16,-1.7699995040893572,0.8800010681152344,0.4099998474121094,1.2199993133544957,-7.780000686645511,0.889999389648434,-4.569999694824215,0.34999847412109375,-6.550003051757805,2.3499984741210938,0.9799995422363281,0.0,7.0,4.0,02-14,-1.1325005690256749
12-17,-1.5900001525878924,0.9500007629394496,1.1000003814697266,1.2899990081787074,-7.5,0.25,-3.9200000762939453,-0.2999992370605469,-6.600002288818352,2.9199981689453196,0.7700004577636719,0.0,6.0,5.0,02-15,-1.0525002479553216
12-18,-1.9000005722045916,1.0200004577636719,1.1299991607666016,0.850000381469723,-7.780000686645511,-0.0400009155273402,-3.770000457763672,-0.14999771118164062,-6.300003051757805,3.1100006103515696,1.2399978637695312,0.0,5.0,6.0,02-16,-1.0491670767466221
12-19,-2.140000343322752,0.9500007629394531,1.039999008178711,0.8199996948242116,-7.540000915527344,-0.060001373291015625,-3.399999618530277,-0.09999847412109375,-5.400001525878906,4.279998779296882,0.6199989318847656,0.0,5.0,6.0,02-17,-0.9108337561289471
12-20,-1.75,1.1200008392333984,0.10999870300292969,0.75,-7.85999870300293,-1.0699996948242223,-3.5299987792968786,-0.6499977111816406,-4.300003051757805,3.9699974060058665,1.2900009155273366,0.0,5.0,6.0,02-18,-0.9933333396911621
12-21,-1.6800003051757795,1.0200004577636719,-0.1500015258789027,0.7700004577636719,-7.569999694824219,-1.1499996185302734,0.8700008392333949,-1.0999984741210938,-4.350002288818359,4.060001373291016,2.1500015258789062,0.0,5.0,6.0,02-19,-0.5941664377848306
12-22,-1.949999809265135,0.7800006866455078,-0.23000144958495738,1.060001373291012,-7.0,-0.9300003051757848,0.5499992370605469,-1.3499984741210938,-4.25,5.819999694824226,2.19000244140625,0.0,5.0,6.0,02-20,-0.442499717076619
12-23,-2.1700000762939418,0.7399997711181676,-0.4800014495849574,1.3000011444091726,-7.209999084472656,-1.3200016021728551,0.36000061035155895,-1.6000022888183594,-3.6999969482421875,6.299999237060547,2.6500015258789062,0.0,5.0,6.0,02-21,-0.42749993006388376
12-24,-1.2799997329711932,1.149999618530277,-0.3800010681152344,0.8800010681152308,-7.599998474121097,-1.230001449584961,0.1700000762939453,-2.0,-4.4499969482421875,6.450000762939453,2.6500015258789062,0.0,5.0,6.0,02-22,-0.46999955177307173
12-26,-1.280000686645506,0.8800010681152344,-0.2800006866455078,0.7800006866455078,-11.110000610351559,0.6700000762939418,0.39999961853028054,-1.4499969482421875,-4.099998474121094,5.090000152587891,0.029998779296867895,0.0,6.0,5.0,02-24,-0.8641664187113443
12-27,-1.4700002670288086,0.8099994659423793,-0.2800006866455078,0.7399997711181605,-11.75,0.8699989318847656,-0.2800006866455078,-1.4499969482421875,-4.049999237060547,3.1800003051757812,1.3499984741210938,0.0,5.0,6.0,02-25,-1.0275000731150314
12-28,-1.4800004959106445,0.6999988555908168,0.15999984741210938,1.1300010681152344,-12.450000762939453,0.4399986267089844,-0.10000038146971946,-1.6999969482421875,-1.6000022888183594,1.220001220703125,0.8199996948242259,0.0,6.0,5.0,02-26,-1.0716667970021556
12-29,-1.5699996948242188,0.6599998474121023,0.3599987030029297,0.2999992370605504,-12.620000839233398,0.4299983978271449,-0.6900005340576101,-0.5499992370605469,-3.9000015258789062,-0.3899993896484446,0.26999664306640625,0.0,5.0,6.0,02-27,-1.475000699361166
12-30,-1.510000228881836,2.1700000762939453,0.09000015258789062,0.21000099182129262,-12.370000839233398,0.4299983978271449,-0.5499992370605469,-1.2999992370605469,-1.75,-0.9000015258789134,-0.03000259399413352,0.0,4.0,7.0,02-28,-1.292500336964925
12-31,-1.3100004196166974,2.470001220703125,0.4099998474121129,0.4500007629394567,-12.25,0.20999908447264914,0.7900009155273402,-1.7999992370605469,-3.25,-1.1599998474121165,0.11999893188477273,0.0,6.0,5.0,03-01,-1.276666561762492
