,2009,2010,2011,2012,2013,2014,2015,2016,2017,2018,2019,2020,ups,downs,end_day_sum,avg
01-02,-3.130000114440919,0.3900003433227539,-0.1599998474121076,0.7100000381469709,-1.0100002288818377,0.5400009155273438,-1.3400001525878888,0.11999988555908292,0.04999971389770508,-0.10000038146972479,0.7599997520446777,-1.0199999809265137,6.0,6.0,03-02,-0.3491666714350381
01-03,-2.449999809265134,0.35000038146972656,-0.319999694824217,0.7100000381469709,-1.0399999618530238,0.5999994277954102,-1.3600006103515625,0.13000011444091797,0.04999971389770508,0.0,0.5500001907348642,-1.0799999237060556,6.0,6.0,03-03,-0.3216666777928665
01-04,-2.6499996185302717,0.3000001907348633,0.10000038146972834,0.4099998474121076,-0.35000038146972656,0.6000003814697266,-1.3600006103515625,0.309999942779541,-0.05000019073486239,-0.3500003814697248,0.4099998474121085,-0.9499998092651358,6.0,6.0,03-04,-0.29833336671193406
01-05,-2.449999809265134,0.4499998092651367,-0.4600000381469709,-0.25,0.1300001144409162,1.130000114440918,-1.1100006103515625,0.34999990463256836,0.40000009536742986,-0.25,0.08999967575073153,-1.1799998283386222,6.0,6.0,03-05,-0.26250004768371576
01-06,-2.8100004196166983,0.4200000762939453,-0.39999961853027344,0.6900005340576207,0.22000026702880682,0.9800004959106463,-0.6599998474121094,0.4400000572204581,0.25,-0.3000001907348624,-0.10000038146972656,-0.9499998092651358,6.0,6.0,03-06,-0.18499990304311073
01-07,-2.5399999618530265,0.569999694824217,-0.4099998474121094,0.3400001525878906,0.19999980926513494,0.9700002670288104,-0.5100002288818359,0.7899999618530273,0.25,-0.15000009536742986,-0.12000036239624023,-0.9499998092651358,6.0,6.0,03-07,-0.13000003496805812
01-08,-3.4099998474121094,0.8899993896484357,-1.4099998474121076,0.3500003814697248,0.1599998474121076,0.9400005340576207,-0.5399999618530291,0.8800001144409189,0.2999997138977051,-0.25,-0.1100001335144043,-0.8699998855590829,6.0,6.0,03-08,-0.25583330790201836
01-09,-3.3599996566772443,0.7700004577636719,-1.3299999237060511,0.48999977111816584,0.3299999237060547,1.0299997329711932,-1.2100000381469727,1.059999942779541,-0.3000001907348624,-0.1999998092651376,-0.13000011444091797,-0.8600001335144043,5.0,7.0,03-09,-0.30916666984558033
01-10,-3.190000057220459,0.48000049591064453,-1.3800001144409162,0.029999732971193183,0.23999977111816584,0.9700002670288086,-0.8400001525878888,0.9600000381469735,-0.6999998092651376,-0.2999997138977051,-0.17999982833862305,-1.0300002098083496,5.0,7.0,03-10,-0.4116666316986078
01-11,-2.880000114440918,0.3400001525878906,-1.1899995803833026,-0.010000228881834161,0.5700006484985334,1.239999771118164,-1.4700002670288068,0.9200000762939444,-0.5999999046325675,-0.75,-0.17999982833862394,-1.2500002384185787,4.0,8.0,03-11,-0.43833329280217487
01-12,-2.6500000953674316,0.5500001907348633,-1.3299999237060547,0.15999984741210938,0.5699996948242205,0.9300003051757812,-1.4800004959106428,0.9000000953674308,-0.5,-0.6500000953674325,0.09999990463256747,-1.350000143051148,6.0,6.0,03-12,-0.3958333929379781
01-13,-2.25,0.5200004577636737,-1.510000228881836,0.4399995803833008,0.5699996948242205,1.2200002670288086,-1.4800004959106428,1.0699996948242179,-0.75,-0.6500000953674299,0.1100001335144043,-1.4600002765655518,6.0,6.0,03-13,-0.3475001056989029
01-14,-1.6500000953674316,0.39999961853027344,-1.8699998855590803,0.2899999618530291,0.4799995422363299,1.1500005722045898,-1.25,1.2000002861022958,-0.6999998092651376,-0.6999998092651349,0.19000005722045898,-1.4500000476837158,6.0,6.0,03-14,-0.32583330074946026
01-15,-1.7199997901916504,-1.050000190734865,-2.189999580383301,0.6400003433227539,0.6099996566772443,0.8500003814697248,-1.130000114440918,1.3600001335144043,-0.6500000953674325,-0.5999999046325675,0.21000003814697266,-1.4300000667572013,5.0,7.0,03-15,-0.4249999324480696
01-16,-1.869999885559082,-1.7600002288818342,-0.3400001525878906,0.09000015258789062,0.869999885559082,0.2700004577636701,-1.9700002670288086,1.4000000953674325,-0.6999998092651376,-0.5999999046325675,0.21000003814697266,-1.7599999904632568,5.0,7.0,03-16,-0.5133333007494608
01-17,-1.9600000381469727,-1.829999923706053,-0.19999980926513494,0.09000015258789062,0.8800001144409197,-0.3299999237060529,-1.920000076293947,1.510000228881836,-0.6999998092651376,-0.5999999046325675,0.4200000762939444,-1.8000001907348633,4.0,8.0,03-17,-0.5366665919621781
01-18,-1.8700003623962393,-2.3400001525878906,-0.19999980926513494,-0.28999996185302734,1.2100000381469709,-0.25,-1.8099994659423864,1.8600001335144034,-0.3999996185302752,-0.5,0.5200004577636719,-1.97000002861023,3.0,9.0,03-18,-0.5033332308133448
01-19,-1.2400002479553223,-2.3400001525878906,0.48000049591064453,-0.4399995803833008,1.75,-0.2699995040893537,-1.670000076293947,1.8600001335144034,-0.1999998092651376,-0.25,0.5,-1.7699999809265137,4.0,8.0,03-19,-0.29916656017303483
01-20,-1.2400002479553223,-1.6900005340576207,0.3299999237060529,0.2600002288818377,1.7899999618530273,-0.2699995040893537,-1.670000076293947,1.8600001335144034,-0.25,-0.19999980926513494,0.46000003814697266,-2.140000104904175,5.0,7.0,03-20,-0.22999999920527162
01-21,-2.1600003242492676,-1.2399997711181658,0.8299999237060547,0.530000686645506,1.8900003433227557,-0.2699995040893537,-1.3500003814697266,2.1899995803833017,-0.04999971389770508,0.15000009536743253,0.48000001907348633,-2.140000104904175,6.0,6.0,03-21,-0.09499992926915472
01-22,-1.2799997329711905,-0.969999313354494,0.9799995422363299,0.5600004196166974,1.8900003433227557,-0.25999927520751775,-1.5599994659423828,2.0099997520446777,-0.19999980926513494,0.15000009536743253,0.48000001907348633,-2.3599998950958243,6.0,6.0,03-22,-0.04666644334793039
01-23,-0.6799998283386239,-1.189999580383299,0.9299993515014648,0.5100002288818342,1.940000534057619,-0.3699998855590838,-1.6300001144409162,2.2300000190734863,-0.15000009536742986,0.07000017166137784,0.48000001907348633,-2.379999876022339,6.0,6.0,03-23,-0.0199999213218686
01-24,0.9099998474121094,-1.010000228881836,0.8999996185302752,0.06999969482421875,1.5199995040893572,0.11999988555908025,-1.72999954223633,2.169999599456787,-0.05000019073486239,-0.05000019073486239,0.169999599456788,-2.230000019073486,7.0,5.0,03-24,0.06583313147226995
01-25,0.5699996948242188,-1.260000228881836,0.6800003051757812,0.1499996185302752,1.7299995422363281,0.1399993896484375,-1.6899995803833026,2.169999599456787,-0.7000002861022949,0.3000001907348624,-0.05000019073486239,-2.2199997901916504,7.0,5.0,03-25,-0.015000144640604654
01-26,0.6999998092651367,-0.5900001525878924,0.8099994659423828,-0.039999961853027344,1.2200002670288104,0.189999580383299,-1.670000076293947,1.8299999237060538,-0.6999998092651349,-0.10000038146972479,-0.26999998092651367,-2.4499998092651367,5.0,7.0,03-26,-0.08916676044464118
01-27,0.7100000381469727,-0.9100008010864276,0.8400001525878924,0.6100006103515643,1.1499996185302752,-0.2899999618530291,-1.4000005722045898,1.869999885559082,-1.0,0.05000019073486506,-0.15000009536743164,-2.239999771118164,6.0,6.0,03-27,-0.06333339214324922
01-28,-0.31999969482421875,-0.5700006484985352,1.6999998092651367,-0.010000228881835938,1.1499996185302752,-0.30999946594238637,-1.5600004196166974,1.5900001525878915,-0.8499999046325675,0.30000019073486506,-0.11999988555908114,-2.179999828338624,4.0,8.0,03-28,-0.09833335876464815
01-29,1.3499999046325692,-0.32999992370605824,1.439999580383299,-0.4400005340576154,0.889999389648441,-0.1499996185302752,-1.6599998474121112,1.6399998664855966,-0.75,0.30000019073486506,-0.17999982833862216,-2.1399998664855957,5.0,7.0,03-29,-0.00250005722045891
01-30,1.3499999046325675,-0.5699996948242205,1.5500001907348615,-0.4700002670288086,1.139999389648441,-0.3400001525878906,-1.4099998474121112,1.5099997520446777,-0.6500000953674325,0.40000009536743253,-0.19000005722045898,-2.1700000762939444,5.0,7.0,03-30,0.012499928474426122
01-31,1.0099997520446786,-0.5399999618530273,1.8800001144409144,-0.23999977111816584,0.8200006484985369,-0.1599998474121076,-1.25,1.5099997520446777,-0.5,0.40000009536743253,-0.15000009536743164,-2.0299999713897705,5.0,7.0,03-31,0.06250005960464478
02-01,0.8899998664855966,-0.5399999618530273,0.8900003433227521,-0.4700002670288086,1.0,0.13000011444091797,-1.4600000381469727,1.5500001907348633,-0.05000019073486506,0.20000028610229492,-0.1100001335144043,-2.000000238418579,6.0,6.0,04-01,0.002499997615813987
02-02,0.8699998855590829,-0.9000005722045863,0.8699998855590803,-0.7300004959106428,1.3000001907348615,0.13000011444091797,-1.4600000381469727,1.5500001907348633,-0.25,0.3299999237060547,-0.40999984741211026,-1.8600001335144043,6.0,6.0,04-02,-0.04666674137115464
02-03,0.8499999046325684,-1.1800003051757795,0.5799999237060547,-0.819999694824217,1.5799999237060547,0.11999988555908203,-1.7200002670288068,1.440000057220458,-0.1999998092651376,0.40000009536743253,-0.40000009536743164,-1.8400001525878906,6.0,6.0,04-03,-0.09916671117146773
02-04,0.8899998664855948,-0.4400005340576172,0.719999313354494,-0.880000114440918,1.280000686645506,0.3099994659423828,-1.1100006103515625,1.2199997901916504,-0.1999998092651376,0.5,-0.4499998092651367,-1.8400001525878906,6.0,6.0,04-04,-1.589457195490714e-07
02-05,2.439999580383301,-0.25,0.7200002670288068,-1.1700000762939453,1.2200002670288068,0.36999988555908203,-1.0699996948242205,1.0699996948242179,-0.3000001907348624,0.7300000190734872,-0.5,-1.8200001716613778,6.0,6.0,04-05,0.11999996503194128
02-06,1.3100004196166983,1.2899999618530291,0.5500001907348615,-1.1700000762939453,1.1599998474121076,0.39999961853027344,-1.1899995803833026,0.9100003242492694,-0.1999998092651376,0.7799997329711923,-0.22999954223632812,-2.06000018119812,7.0,5.0,04-06,0.12916674216588317
02-07,1.5199999809265137,0.9400005340576207,0.9000005722045863,-1.5,1.5600004196166992,-0.31999969482421875,-1.2100000381469744,0.7899999618530282,-0.25,0.5299997329711923,-0.3899998664855966,-1.8899998664855944,6.0,6.0,04-07,0.05666681130727136
02-08,1.1500000953674316,0.6700000762939471,0.5600004196166974,-1.5500001907348633,1.5,-0.46000003814697266,-1.3199996948242188,0.6300001144409189,-0.09999990463257014,0.8499999046325701,0.010000228881835938,-1.7699999809265141,7.0,5.0,04-08,0.01416675249735518
02-09,1.1500000953674316,0.5299997329711914,0.9800004959106428,-1.6300001144409197,1.329999923706053,-0.26999950408935547,-1.2799997329711914,0.9699997901916495,-0.34999990463256747,1.0,0.22000026702881037,-1.7899999618530273,7.0,5.0,04-09,0.07166675726572642
02-10,1.8099999427795401,0.5599994659423828,1.239999771118164,-1.3499994277954102,1.3000001907348615,-0.18999958038330078,-1.1899995803833008,1.3400001525878906,-0.6500000953674325,1.3500003814697283,0.13000011444091886,-1.7899999618530273,7.0,5.0,04-10,0.21333344777425123
02-11,1.690000057220459,0.6499996185302734,0.9200000762939418,-1.699999809265135,1.6599998474121076,-0.2799997329711932,-1.0,1.299999713897705,-0.5,1.3500003814697283,0.19000005722045987,-1.8500001430511475,7.0,5.0,04-11,0.20250000556309997
02-12,1.7200002670288086,0.7099990844726562,0.8400001525878924,-2.220000267028807,1.6899995803833008,-0.3599996566772443,-1.079999923706053,1.2300000190734863,-0.4499998092651376,1.1999998092651376,0.15000009536743164,-1.8599998950958252,7.0,5.0,04-12,0.1308332880338039
02-13,2.8399996757507315,-0.44000053405762074,1.0300006866455078,-2.0399999618530256,1.619999885559082,-0.8599996566772461,-1.25,1.059999942779541,-0.4499998092651376,1.049999713897705,-0.05000019073486328,-2.099999904632568,5.0,7.0,04-13,0.03416665395100885
02-14,3.609999656677246,-0.21000003814697443,1.2800006866455078,-1.760000228881836,1.8199996948242188,-0.9600000381469709,-1.1999998092651367,1.2100000381469727,-0.4499998092651376,0.9499998092651376,0.14000034332275568,-1.7000000476837158,6.0,6.0,04-14,0.22750002145767226
02-15,2.679999351501465,-0.05000019073486506,1.4800004959106428,-1.6199998855590838,1.6800003051757795,-0.819999694824217,-1.2799997329711914,1.6100001335144034,-0.5,0.8499999046325701,0.059999942779541016,-1.7400000095367436,6.0,6.0,04-15,0.19583338499069172
02-16,3.380000114440918,-0.05000019073486506,1.380000114440918,-1.630000114440918,1.5199995040893555,-0.9200000762939453,-1.130000114440918,1.6100001335144034,-0.5,0.5500001907348624,0.039999961853027344,-1.7400000095367436,6.0,6.0,04-16,0.20916662613550788
02-17,3.380000114440918,0.28999996185302734,1.5,-2.0200004577636737,1.1800003051757812,-0.9200000762939453,-1.130000114440918,1.450000286102295,-0.5,0.8499999046325701,0.09000015258788974,-1.8300001621246347,7.0,5.0,04-17,0.1949999928474425
02-18,3.390000343322754,0.010000228881834161,1.949999809265135,-2.319999694824217,1.0100002288818377,-0.9200000762939453,-0.9499998092651367,1.679999828338623,-0.5500001907348624,0.8499999046325701,0.09000015258788974,-1.8300001621246347,7.0,5.0,04-18,0.20083338022232064
02-19,4.039999961853027,-0.6100006103515625,2.1900005340576154,-2.2100000381469727,1.0100002288818377,-0.7700004577636719,-0.9800004959106428,1.7400002479553214,-0.5500001907348624,0.6999998092651376,0.09000015258788974,-1.6400001049041752,6.0,6.0,04-19,0.25083325306574517
02-20,4.139999866485596,-0.5399999618530273,2.4300003051757812,-2.8299999237060547,1.050000190734865,-0.9700002670288086,-1.0600004196166992,1.7800002098083496,-0.3000001907348624,0.6999998092651376,0.03000020980834872,-1.6900000572204585,6.0,6.0,04-20,0.22833331425984726
02-21,3.179999828338624,-0.07999992370605291,2.4300003051757812,-2.8299999237060547,1.3800001144409162,-0.9099998474121094,-0.9099998474121094,1.6799998283386222,-0.3000001907348624,0.4499998092651376,0.010000228881836826,-1.5699999332427979,6.0,6.0,04-21,0.21083337068557761
02-22,3.8299994468688956,-0.3400001525878906,2.4300003051757812,-2.6700000762939453,1.3399991989135724,-1.1399993896484357,-0.9899997711181641,1.9200000762939462,-0.3000001907348624,0.44999980926513494,-0.019999980926513672,-1.559999942779541,5.0,7.0,04-22,0.24583327770233146
02-23,3.8299994468688956,-0.029999732971193183,2.630000114440918,-3.1599998474121094,1.5699996948242188,-1.1499996185302734,-0.869999885559082,1.9400000572204599,-0.5499997138977051,0.1499996185302752,-0.07999992370605558,-1.4900000095367432,5.0,7.0,04-23,0.23250001668930045
02-24,3.239999771118164,-0.14000034332275213,3.630000114440916,-2.330000877380371,1.6700000762939453,-1.219999313354494,-0.9099998474121094,1.990000247955324,-0.5500001907348624,0.20000028610229492,-0.059999942779541904,-1.47000002861023,5.0,7.0,04-24,0.337499996026357
02-25,3.8199996948242196,0.9200000762939435,3.489998817443846,-2.4200000762939453,1.6599998474121094,-1.0599994659423864,-1.109999656677246,2.1599998474121085,-0.8499999046325675,0.25,0.009999752044675958,-1.3100001811981201,7.0,5.0,04-25,0.4633332292238865
02-26,3.639999866485595,2.169999122619629,3.2700004577636683,-1.8400001525878906,1.699999809265135,-1.1899995803833026,-1.0700006484985334,2.2100000381469718,-0.8499999046325675,0.34999990463257014,0.23999977111816406,-0.9800000190734868,7.0,5.0,04-26,0.637499888737996
02-27,3.480000495910642,1.5099992752075178,3.510000228881836,-2.2799997329711896,1.3900003433227557,-1.140000343322754,-1.0499992370605469,2.140000343322753,-0.8499999046325675,0.4499998092651376,0.28999996185302646,-1.1199998855590816,7.0,5.0,04-27,0.5275001128514608
02-28,3.0299997329711887,1.0,3.0799999237060547,-2.179999351501465,1.8899993896484375,-1.5,-1.109999656677246,2.130000114440917,-0.4499998092651376,0.5,0.4200000762939453,-1.1500000953674316,7.0,5.0,04-28,0.4716666936874386
02-29,0.0,0.0,0.0,-2.0599994659423793,0.0,0.0,0.0,2.1500000953674308,0.0,0.0,0.0,-1.0399999618530273,1.0,2.0,04-29,-0.07916661103566465
03-01,2.9899997711181614,0.9499998092651385,3.189999580383299,-1.1700000762939418,1.580000877380371,-1.2899999618530291,-1.0699996948242205,2.1399998664855957,-0.4499998092651376,0.6500000953674299,0.4500002861022958,-0.9900000095367436,7.0,5.0,04-30,0.5816667278607682
03-02,3.2300004959106436,0.9899997711181658,3.3499994277954084,-1.2100000381469744,1.8699998855590838,-1.3400001525878906,-1.1999998092651367,1.9600000381469727,-0.9000000953674299,0.40000009536743253,0.5799999237060556,-0.7999999523162842,7.0,5.0,05-01,0.5774999658266705
03-03,3.4300003051757812,1.0399999618530291,3.4000005722045863,-1.880000114440918,1.7100000381469727,-1.3000001907348633,-1.1999998092651367,1.7899999618530273,-0.6999998092651376,0.4499998092651376,0.5399999618530291,-0.5699999332427979,7.0,5.0,05-02,0.5591667294502258
03-04,3.2300004959106436,1.1999998092651367,3.7900009155273473,-2.1599998474121094,1.3100004196166974,-1.8299999237060547,-1.4499998092651367,1.1599998474121085,-0.8500003814697248,0.15000009536743253,0.46000003814697354,-0.7999999523162842,7.0,5.0,05-03,0.3508334755897525
03-05,4.15000057220459,-0.28999996185302734,3.8999986648559535,-2.1599998474121094,1.2200002670288068,-1.680000305175783,-1.530000686645506,0.8500003814697275,-0.8000001907348624,0.5999999046325675,0.6500000953674316,-0.9100000858306885,6.0,6.0,05-04,0.33333323399225834
03-06,4.550000190734863,0.5199995040893555,3.919999122619629,-2.1700000762939435,1.2400007247924787,-1.7799997329711932,-1.2200002670288086,0.8000001907348633,-0.8000001907348624,0.44999980926513494,0.6700000762939453,-0.7999999523162846,7.0,5.0,05-05,0.4483332832654314
03-07,5.579999923706055,0.21999931335449396,4.109999656677246,-2.3099994659423846,1.4600000381469709,-1.8000001907348615,-1.3299999237060547,0.820000171661377,-0.8499999046325675,0.5499997138977051,0.6599998474121085,-0.6599998474121098,7.0,5.0,05-06,0.5374999443689982
03-08,5.289999961853029,0.029999732971191406,4.02999973297119,-2.439999580383299,1.8099994659423828,-2.049999237060547,-1.489999771118164,0.9200000762939444,-0.25,0.40000009536743253,0.7699999809265137,-0.5299999713897705,7.0,5.0,05-07,0.5408333738644919
03-09,5.489999771118166,0.31999969482421875,4.079999923706055,-3.270000457763672,1.8900003433227557,-2.3499994277954084,-1.390000343322754,0.9600000381469735,-0.25,0.40000009536743253,0.5,-0.5399999618530278,7.0,5.0,05-08,0.48666663964589496
03-10,5.179999828338625,0.46000003814697266,4.549999237060543,-3.399999618530275,2.279999732971193,-2.4099998474121094,-0.7600002288818359,0.39999961853027255,-0.15000009536742986,0.6000003814697248,0.4500002861022949,-0.44000005722045854,7.0,5.0,05-09,0.5633332729339598
03-11,4.9499998092651385,0.3299999237060547,4.310000419616697,-2.800000190734865,2.4600000381469727,-2.1000003814697266,-0.75,-0.24000024795532227,-0.10000038146972479,0.9500002861022949,0.440000057220459,-0.3299999237060547,6.0,6.0,05-10,0.5933332840601603
03-12,3.719999313354492,-0.01999950408935547,4.439999580383301,-2.9499998092651385,2.4600000381469727,-2.390000343322754,-0.4500007629394531,-0.3299999237060547,-0.10000038146972479,0.8000001907348624,0.42999982833862216,-0.08000016212463379,5.0,7.0,05-11,0.460833172003428
03-13,4.609999656677248,-0.6999998092651367,5.159998893737793,-3.3000001907348633,2.5500001907348633,-1.2100000381469727,-0.1499996185302752,-0.26999998092651456,-0.3000001907348624,0.8499999046325675,0.34999990463256747,-0.009999990463256836,5.0,7.0,05-12,0.6316665609677631
03-14,6.720000267028809,-0.7799997329711914,5.0199995040893555,-2.75,2.4400005340576136,-0.5699996948242205,-0.11999988555908203,-0.25,-0.34999990463256747,0.75,0.26000022888183594,0.09999990463256925,6.0,6.0,05-13,0.8725001017252602
03-15,6.789999961853027,-0.7399997711181658,3.1700000762939453,-2.75,2.310000419616701,-0.5699996948242188,-0.1099996566772461,-0.3600001335144034,-0.3000001907348624,0.9000000953674299,0.23999977111816406,0.06999993324279874,6.0,6.0,05-14,0.720833400885264
03-16,5.25,-0.6700000762939471,3.0299997329711896,-3.3800001144409197,1.5699996948242205,-0.7100000381469744,-0.07999992370605291,-0.7100000381469709,-0.25,0.6999998092651376,0.09000015258788974,-0.06999993324279696,5.0,7.0,05-15,0.39749993880589796
03-17,5.160000324249267,-0.15999984741210938,3.1199998855590874,-3.75,1.7299995422363281,-1.0999994277954102,-0.19000053405761363,-1.5,-0.25,1.0,-0.09000015258789151,-0.26999998092651323,4.0,8.0,05-16,0.308333317438762
03-18,4.53000020980835,-0.20000076293945135,2.049999237060547,-3.75,1.7299995422363281,-1.0799999237060565,-0.3299999237060529,-1.7199997901916504,-0.3000001907348624,0.9499998092651349,-0.25999975204467773,0.1000001430511479,5.0,7.0,05-17,0.1433332165082297
03-19,5.319999694824217,0.0,1.2799997329711914,-3.8400001525878906,1.6899995803833008,-1.0799999237060565,-0.43000030517578125,-2.0,0.0,1.150000095367429,-0.2199997901916504,0.1400001049041748,5.0,7.0,05-18,0.16749991973241118
03-20,4.630000114440918,-0.18000030517578303,1.4600000381469727,-3.869999885559082,1.5899991989135724,-1.3800001144409162,-0.4700002670288086,-1.8400001525878906,-0.25,0.8000001907348615,-0.23999977111816406,0.31999993324279696,5.0,7.0,05-19,0.04749991496403975
03-21,3.8000001907348615,-0.310000419616701,1.7800006866455043,-3.8199996948242188,1.6599998474121076,-1.7999992370605469,-0.3000001907348633,-1.9900002479553223,-0.09999990463257014,0.8000001907348615,0.15000009536743164,0.3599998950958252,6.0,6.0,05-20,0.01916676759719745
03-22,4.0500001907348615,-0.6999998092651385,1.8300008773803693,-3.6300001144409197,1.7799997329711932,-1.7599992752075178,-0.4400005340576172,-1.929999828338623,-0.1499996185302752,0.800000190734866,-0.05000019073486239,0.3299999237060547,5.0,7.0,05-21,0.0108334620793659
03-23,3.5900001525878906,-0.8799991607666016,1.860000610351559,-4.0,1.6099996566772443,-1.989999771118164,-0.32999992370605646,-1.7100000381469727,-0.25,0.9000005722045907,-0.059999942779541016,0.5,5.0,7.0,05-22,-0.06333315372467092
03-24,3.9300003051757812,-0.6299991607666016,1.7700004577636754,-3.369999885559082,1.7399997711181623,-1.9299993515014666,-0.3699998855590838,-1.8899998664855966,-0.25,0.9500002861022958,0.010000228881835938,0.7300000190734863,6.0,6.0,05-23,0.05750024318695054
03-25,3.8000001907348633,-1.2799997329711914,1.0200004577636719,-3.510000228881836,1.5899991989135724,-1.9799995422363281,-0.3899993896484393,-1.6999998092651367,-0.15000009536743253,0.9999995231628391,-0.07999992370605469,0.5199999809265134,5.0,7.0,05-24,-0.09666661421457988
03-26,2.9800004959106445,-1.6399993896484357,1.239999771118164,-3.5900001525878906,1.6599998474121076,-1.5,-0.3999996185302752,-1.7199997901916504,-0.05000019073486506,0.9500002861022958,-0.19999980926513672,0.48000001907348633,5.0,7.0,05-25,-0.14916654427846296
03-27,3.0699996948242205,-1.5200004577636719,0.9200000762939453,-3.159999847412111,1.7099990844726562,-1.4299993515014666,-0.5399999618530273,-1.7199997901916504,-0.15000009536743253,0.7000002861022958,-0.23000001907348722,0.45000004768371604,5.0,7.0,05-26,-0.15833336114883442
03-28,3.359999656677246,-1.3999996185302734,1.0799999237060565,-3.130000114440918,1.5299997329711932,-1.5599994659423846,-0.8699998855590803,-1.8399996757507324,-0.25,0.800000190734866,-0.19999980926513672,0.3300001621246338,5.0,7.0,05-27,-0.1791665752728775
03-29,4.430000305175783,-1.359999656677246,0.969999313354494,-2.8299999237060547,1.2799997329711932,-1.430000305175783,-0.9499998092651367,-1.8399996757507324,-0.34999990463256747,0.7700004577636737,-0.8299999237060547,0.37000012397766113,5.0,7.0,05-28,-0.1474999388058975
03-30,3.829999923706053,-1.3899993896484393,0.639999389648441,-2.920000076293949,1.1500005722045916,-1.1599998474121112,-0.8899993896484375,-1.880000114440918,-0.1999998092651376,0.75,-0.6400003433227539,0.40000009536743164,5.0,7.0,05-29,-0.1924999157587691
03-31,3.949999809265135,-1.4399995803833008,0.9499998092651385,-2.739999771118164,1.4499998092651385,-1.260000228881836,-0.6799993515014648,-1.8399996757507324,-0.3000001907348624,0.8500003814697283,-0.7499999999999991,0.25999999046325684,5.0,7.0,05-30,-0.12916658322016353
04-01,3.9699997901916486,-1.7500000000000018,0.8500003814697248,-2.5799999237060547,1.1199998855590856,-1.260000228881836,-0.6999998092651367,-1.5899996757507324,0.04999971389770508,0.8000001907348615,-0.8200001716613761,0.24000000953674316,6.0,6.0,05-31,-0.13916665315628074
04-02,2.810000419616699,-1.9799995422363281,0.5,-2.609999656677248,0.8400001525878924,-1.25,-0.7300004959106428,-1.4900002479553232,-0.05000019073486239,0.75,-0.8299999237060547,0.3300001621246338,5.0,7.0,06-01,-0.3091666102409361
04-03,2.679999351501465,-1.7699995040893572,0.9499998092651367,-2.3199996948242205,1.139999389648441,-1.359999656677246,-0.7200002670288068,-1.4400000572204599,-0.05000019073486239,0.6500000953674325,-0.7800002098083496,0.25,5.0,7.0,06-02,-0.23083341121673562
04-04,4.159999847412109,-1.7899999618530291,-0.19999980926513672,-2.219999313354494,0.9799995422363281,-0.6700000762939453,-0.5299997329711896,-1.480000019073488,0.05000019073486239,0.4200000762939453,-0.75,0.18000006675720304,5.0,7.0,06-03,-0.1541665991147362
04-05,4.310000419616699,-1.510000228881836,-0.029999732971191406,-1.9400005340576172,0.8600006103515625,-0.7999992370605487,-0.6800003051757795,-1.359999656677247,-0.05000019073486239,0.5500001907348624,-0.9100003242492685,0.19000005722045943,4.0,8.0,06-04,-0.11416657765706391
04-06,4.729999542236328,-1.1600008010864276,-0.3800001144409162,-2.060000419616699,0.9399995803833026,-0.9599990844726562,-0.5900001525878871,-1.1999998092651376,0.05000019073486239,0.40000009536743253,-0.8600001335144052,0.32999992370605513,5.0,7.0,06-05,-0.06333343187967903
04-07,5.09999942779541,-0.8900003433227539,-0.13000011444091975,-1.989999771118164,1.0599994659423828,-0.9799995422363281,-0.48000049591064275,-1.0099997520446768,0.46000003814697354,0.04999923706054332,-0.7500000000000009,0.34999990463256836,5.0,7.0,06-06,0.06583317120869932
04-08,4.969999313354492,-0.48999977111816584,-0.6099996566772443,-2.2899999618530273,1.0599994659423828,-1.1700000762939453,-0.5200004577636701,-1.130000114440918,0.5500001907348624,0.14999961853027166,-0.8000001907348642,0.3999998569488521,5.0,7.0,06-07,0.009999851385752176
04-09,4.460000038146971,-0.8299999237060547,-0.7100000381469762,-1.7100000381469727,1.0899991989135742,-1.25,-0.6000003814697266,-1.0799999237060547,0.5,0.04999923706054332,-0.7100000381469727,0.440000057220459,5.0,7.0,06-08,-0.029166817665100837
04-10,3.859999656677246,-0.7899999618530238,-0.5999994277954137,-1.1899995803833008,0.7299995422363281,-0.6800003051757812,-0.39999961853027344,-0.9099998474121085,0.25,0.04999923706054332,-0.7699999809265137,0.6299998760223389,5.0,7.0,06-09,0.014999965826670106
04-11,3.130000114440918,-0.8999996185302717,-0.5299997329711932,-1.369999885559082,0.8100004196166974,-0.6400003433227539,-0.7000007629394531,-0.6300001144409189,0.1999998092651376,0.19999980926513405,-1.0199999809265146,0.7899999618530273,5.0,7.0,06-10,-0.055000027020772745
04-12,2.9800004959106445,-0.9600000381469709,-0.7200002670288086,-1.3100004196166974,0.75,-0.41000080108642756,-0.8200006484985352,-0.7800002098083505,0.0,0.40000057220459073,-0.7699999809265146,0.9900000095367436,4.0,8.0,06-11,-0.05416677395502715
04-13,3.2399997711181623,-1.1900005340576172,-0.9700002670288086,-0.4499998092651367,1.1800003051757812,-0.5300006866455114,-0.5,-1.1800003051757812,0.05000019073486239,0.35000038146972834,-0.48999977111816406,0.9200000762939453,5.0,7.0,06-12,0.03583327929178837
04-14,4.1700000762939435,-1.3500003814697266,-0.9499998092651367,-0.9700002670288104,0.6500005722045916,-0.7400007247924822,-0.4200000762939453,-1.380000114440918,0.3000001907348624,0.650000095367429,-0.5999999046325684,0.9200000762939453,5.0,7.0,06-13,0.023333311080932024
04-15,3.4699993133544904,-0.15999984741210938,-1.7799997329711896,-0.7300004959106445,0.7000007629394531,-0.6400003433227539,-0.5699996948242188,-1.4700002670288095,0.0,1.1500000953674308,-0.5999999046325684,1.0100002288818364,4.0,8.0,06-14,0.03166667620340972
04-16,2.859999656677246,0.5500001907348651,-1.8800001144409144,-0.8800001144409197,1.0399999618530273,-0.75,-0.4099998474121129,-1.760000228881836,0.0,1.0499997138977042,-0.6500000953674308,0.75,5.0,7.0,06-15,-0.006666739781697591
04-17,2.8100004196166974,0.7399997711181641,-1.280000686645506,-0.9899997711181641,1.2100000381469709,-0.689999580383299,-0.35000038146972656,-1.830000400543213,-0.05000019073486239,1.0499997138977042,-0.6900000572204599,0.6199998855590816,5.0,7.0,06-16,0.04583323001861561
04-18,2.8999996185302717,1.0900001525878888,-1.2400007247924787,-0.36999988555908203,1.1599998474121076,-0.5700006484985369,-0.37000083923339844,-1.8700003623962393,-0.05000019073486239,1.1999998092651367,-0.5999999046325684,0.6000001430511475,5.0,7.0,06-17,0.1566664179166155
04-19,2.7200002670288086,1.0699996948242188,-1.4800004959106445,-0.3599996566772443,0.9100008010864276,-0.5100002288818377,-0.37000083923339844,-1.769999980926512,-0.3000001907348624,1.3499999046325692,-0.5900001525878906,0.6000001430511475,5.0,7.0,06-18,0.10583327213923181
04-20,2.6199998855590785,0.6099996566772443,-2.4700002670288086,-0.29999923706054865,1.0,-0.47000026702881037,-0.28999996185302734,-2.010000228881836,0.0,1.3500003814697257,-0.5800004005432129,0.5199999809265137,5.0,7.0,06-19,-0.001666704813640137
04-21,1.9700002670288068,0.869999885559082,-1.7999992370605433,-0.619999885559082,1.1900005340576172,-0.4000005722045916,-0.21000003814697266,-2.119999885559082,-0.3000001907348624,1.399999618530276,-0.6100001335144043,0.4500000476837158,5.0,7.0,06-20,-0.014999965826670033
04-22,1.9700002670288068,-0.2899999618530238,-2.110000610351557,-0.28999996185302734,0.9899997711181641,-0.3900003433227539,-0.3299999237060547,-2.329999923706054,-0.1999998092651376,1.399999618530276,-0.6100001335144043,0.4300000667572026,4.0,8.0,06-21,-0.14666674534479693
04-23,1.9099998474121076,-1.2399997711181658,-2.1199998855590785,-0.5500001907348651,0.8899993896484375,-0.3200006484985334,-0.15999984741210938,-2.1500000953674316,-0.40000009536743253,1.429999351501464,-0.630000114440918,0.2999999523162833,4.0,8.0,06-22,-0.2533335089683535
04-24,2.8099994659423846,-1.6700000762939435,-1.6500005722045845,-1.1300001144409197,0.8999996185302734,-0.5699996948242188,-0.05000019073486328,-2.170000076293946,-0.5500001907348624,1.3799996376037589,-0.6999998092651358,0.40000009536743164,4.0,8.0,06-23,-0.2500001589457188
04-25,2.630000114440918,-2.1099996566772443,-2.3900003433227504,-0.6900005340576207,0.36999988555908025,-0.1300001144409162,-0.039999961853027344,-2.1500000953674316,-0.5500001907348624,1.2799997329711887,-0.6700000762939462,0.23000001907348677,4.0,8.0,06-24,-0.35166676839192706
04-26,2.7400007247924805,-2.079999923706051,-2.630000114440918,-1.2699995040893572,0.37999916076660156,-0.3200006484985334,0.010000228881835938,-2.1399998664855957,-0.5500001907348624,1.4500002861022958,-0.5900001525878906,0.1399998664855957,5.0,7.0,06-25,-0.40500001112619993
04-27,2.7300004959106463,-1.5700006484985334,-2.1999998092651367,-1.3900003433227557,0.050000190734861505,-0.3600006103515625,0.029999732971191406,-2.1599998474121094,-0.5999999046325692,1.5,-1.0099997520446777,0.1399998664855957,5.0,7.0,06-26,-0.40333338578542083
04-28,2.7700004577636737,-1.5200004577636719,-1.980000495910641,-0.9899997711181623,0.2400007247924787,-0.2400007247924787,-0.010000228881834161,-2.1599998474121094,-0.5999999046325675,1.5000000000000009,-0.9899997711181641,0.08999991416931197,4.0,8.0,06-27,-0.3241666754086803
04-29,2.5299997329711914,-2.2699995040893537,-2.3000011444091832,-1.0299997329711914,-0.06999969482422053,-0.1900005340576172,0.11999988555908203,-2.0999999046325684,-0.799999713897706,1.5799999237060538,-0.9599995613098145,-0.10000014305114746,3.0,9.0,06-28,-0.46583336591720625
04-30,1.869999885559082,-1.4499998092651385,-1.8599987030029261,-1.0100002288818342,0.09000015258789062,-0.23000049591064453,0.32000064849853516,-1.8700003623962411,-1.0000000000000009,1.5500001907348624,-0.919999599456788,0.009999990463256836,5.0,7.0,06-29,-0.37499986092249554
05-01,2.619999885559082,-2.2100000381469727,-1.569998741149897,-0.7300004959106428,0.48999977111816584,-0.11999988555908025,0.5500001907348633,-1.950000286102295,-0.9499998092651376,1.8499999046325675,-0.8399996757507324,-0.029999971389770064,4.0,8.0,06-30,-0.2408332626024874
05-02,2.3199996948242188,-2.9200000762939453,-1.4799995422363246,-0.7300004959106428,0.5199995040893572,0.3599996566772443,0.6899995803833008,-1.9400000572204599,-1.0,1.4000000953674325,-0.8299999237060538,0.1399998664855957,6.0,6.0,07-01,-0.28916680812835643
05-03,1.5399999618530273,-2.979999542236328,-1.5,-1.0000000000000018,-0.06999969482421875,0.3099994659423828,0.6199998855590803,-1.8899998664855957,-1.0,1.6999998092651385,-0.9900002479553223,0.19999980926513672,5.0,7.0,07-02,-0.4216667016347251
05-04,1.5399999618530273,-2.6799993515014666,-1.6900005340576172,-0.5099992752075213,0.5599994659423793,0.4499998092651385,0.6199998855590803,-1.9099998474121094,-1.1000003814697257,1.5,-0.8099999427795401,0.19999980926513672,6.0,6.0,07-03,-0.3191667000452682
05-05,1.829999923706053,-2.489999771118164,-1.4799995422363246,-0.4499998092651385,0.5599994659423793,0.4499998092651385,0.7799997329711896,-1.5699996948242188,-1.2000002861022958,1.1999998092651376,-0.8099999427795401,0.06999993324279741,6.0,6.0,07-04,-0.2591666976610822
05-06,1.6300001144409162,-2.229999542236328,-0.5399999618530256,0.21000003814697266,0.2999992370605451,0.75,0.6800003051757795,-1.0199999809265137,-1.2500000000000009,1.2499999999999991,-0.7799997329711905,0.07999992370605469,7.0,5.0,07-05,-0.07666663328806596
05-07,2.7300004959106445,-1.4900007247924787,-0.48999977111816406,0.5999994277954102,-0.0900001525878924,0.810000419616701,0.4200000762939453,-0.5100002288818368,-1.049999713897706,1.2499999999999991,-0.7300000190734854,0.07000017166137695,6.0,6.0,07-06,0.12666666507720947
05-08,1.3800001144409144,-1.1999998092651367,0.15999984741210938,0.0,-0.2700004577636719,-0.06000041961669744,0.719999313354494,-0.7000002861022958,-1.0999999046325692,0.900000095367429,-0.7199997901916495,0.19000005722045898,5.0,7.0,07-07,-0.05833343664805124
05-09,-1.4400005340576154,-1.4299993515014648,0.23999977111816406,0.14999961853027344,-0.34000015258788885,-0.05000019073486506,0.630000114440918,-0.7400002479553232,-1.0999999046325692,1.0500001907348615,-0.8000001907348624,0.26999998092651323,5.0,7.0,07-08,-0.2966667413711549
05-10,-2.3400001525878924,-0.4499998092651367,-0.4799995422363281,0.38000011444091797,-0.21000003814697088,-0.40000057220458984,0.5900001525878924,-0.8000001907348633,-0.9000000953674316,0.7999997138977042,-0.7899999618530273,0.25,4.0,8.0,07-09,-0.3625000317891438
05-11,-2.4900007247924787,-0.36999988555908203,-0.3400001525878906,0.15999984741210938,0.010000228881834161,-0.3699998855590838,0.6800003051757795,-0.8200001716613778,-0.6500000953674325,0.8000001907348615,-0.8000001907348624,0.1800000667572017,5.0,7.0,07-10,-0.33416670560836853
05-12,-2.5600004196166974,-0.4099998474121076,0.1800003051757777,0.21999931335449396,0.050000190734861505,-0.2700004577636701,0.6700000762939435,-0.3299999237060556,-0.5999999046325701,0.5799994468688938,-0.9100003242492667,0.2100000381469722,6.0,6.0,07-11,-0.2641667922337854
05-13,-1.02000045776367,-0.5099992752075213,0.7100009918212891,0.11999988555908025,0.1599998474121076,-0.13000011444091442,0.6400003433227504,-0.039999961853027344,-0.8000001907348624,0.5999999046325675,-0.9100003242492667,0.3499999046325679,6.0,6.0,07-12,-0.0691666205724083
05-14,-2.479999542236328,0.3199996948242205,0.8300008773803711,0.23999977111816406,0.0,0.2599992752075213,0.8200006484985352,0.25,-0.75,0.5999999046325675,-0.7300000190734854,0.36999988555908203,8.0,4.0,07-13,-0.02249995867411266
05-15,-2.140000343322754,0.05000019073486328,0.6700010299682617,0.23999977111816406,0.0,0.5399999618530238,0.880000114440918,0.3399996757507324,-0.6999998092651376,0.6500000953674325,-0.5600004196166992,0.09999990463256925,8.0,4.0,07-14,0.005833347638447857
05-16,-2.9000005722045863,0.8000001907348633,0.9000005722045898,0.3299999237060547,0.4900007247924787,0.6599998474121094,0.75,0.419999599456788,-1.0,0.4499998092651385,-1.0,0.23000001907348677,9.0,3.0,07-15,0.010833342870076904
05-17,-3.1800003051757795,0.3299999237060529,0.7200002670288086,0.6799993515014648,0.13000011444091442,0.7599992752075178,0.8299999237060565,0.2599997520446786,-0.75,0.2999992370605433,-0.8699998855590829,0.25999999046325684,9.0,3.0,07-16,-0.04416686296463072
05-18,-2.5399999618530273,0.4600000381469709,0.399999618530277,1.2599992752075213,0.19999980926513494,0.6099996566772443,0.6599998474121094,0.40999984741211026,-0.40000009536743253,-0.07000064849853693,-0.9800000190734863,0.25999999046325684,8.0,4.0,07-17,0.02249977986017848
05-19,-2.7899999618530273,0.8499994277954084,0.17999839782714488,0.3999996185302752,0.25,0.5599994659423793,0.8000001907348633,0.5899996757507315,-0.5,-0.10000038146972834,-0.880000114440918,0.28999996185302734,8.0,4.0,07-18,-0.02916697661082031
05-20,-2.3299999237060565,1.5399999618530273,0.6199989318847656,0.5,0.05000019073486506,0.7899999618530256,0.6899995803833026,0.6500000953674316,-0.34999990463256747,-0.25000047683716087,-1.2100000381469727,0.11999988555908203,8.0,4.0,07-19,0.06833318869272853
05-21,-1.8299999237060565,0.9600000381469727,0.0,0.7100000381469727,-0.07999992370605291,0.7299995422363281,0.9600000381469744,0.8200001716613778,-0.4499998092651376,0.0,-1.2800002098083496,0.24000000953674272,6.0,6.0,07-20,0.06499999761581432
05-22,-1.7199993133544922,1.4200000762939453,0.6400012969970739,0.8500003814697266,0.07000064849853693,0.7100000381469709,0.9200000762939435,0.7100000381469727,-0.4499998092651376,-0.04999923706054332,-1.190000057220459,0.2199997901916504,8.0,4.0,07-21,0.17750032742818234
05-23,-2.0900001525878924,1.800000190734865,0.4200000762939453,0.9300003051757812,0.6100006103515625,0.6500005722045916,0.9899997711181641,0.5900001525878897,-0.5499997138977051,0.0,-0.7399997711181641,0.12999987602233887,8.0,4.0,07-22,0.2283334930737814
05-24,-1.820000648498537,1.5900001525878924,0.7399997711181641,0.7599992752075213,0.7999992370605469,0.4499998092651385,0.9400005340576154,0.5900001525878897,-0.4499998092651376,0.10000038146972834,-0.7300000190734854,0.26999998092651367,9.0,3.0,07-23,0.2699999014536542
05-25,-1.7399997711181658,1.469999313354494,0.5799999237060529,0.4200000762939453,0.38000011444091975,0.5199995040893572,0.8200006484985352,0.7100000381469718,-0.34999990463257014,0.04999923706054332,-0.5800004005432129,0.25,9.0,3.0,07-24,0.21083323160807255
05-26,-1.7399997711181658,1.4299993515014666,0.039999961853027344,-0.06000041961669922,0.49000072479248225,0.5199995040893572,0.8200006484985352,0.3899998664855957,-0.44999980926513494,0.050000190734866834,-0.7300000190734863,0.25,8.0,4.0,07-25,0.08416668574015373
05-27,-1.1399993896484357,0.6399993896484375,0.21000003814697266,-0.15999984741210938,0.4400005340576172,0.5199995040893572,0.7600002288818359,0.45000028610229403,-0.5,0.050000190734866834,-0.6500000953674316,0.2200000286102295,8.0,4.0,07-26,0.07000007232030285
05-28,-1.0700006484985352,0.7299995422363281,-0.14999961853027344,-0.26000022888183594,0.4400005340576172,0.619999885559082,0.5799999237060565,0.5000000000000009,-0.4499998092651376,0.0,-0.6500000953674316,0.23000001907348677,6.0,6.0,07-27,0.043333292007446476
05-29,-0.7399997711181641,1.1599998474121094,-0.21000003814697088,-0.26000022888183594,0.7700004577636701,0.6099996566772461,0.3000001907348633,0.549999713897706,-0.75,0.0,-0.5799999237060547,0.1799998283386226,6.0,6.0,07-28,0.08583331108093266
05-30,-2.3999996185302734,1.1400003433227557,-0.9099998474121094,-0.23000049591064275,0.7899999618530273,0.5299997329711914,0.1099996566772461,0.4699997901916504,-0.75,0.050000190734861505,-0.6399998664855966,0.21999979019164995,7.0,5.0,07-29,-0.13500003019968665
05-31,-2.6999998092651367,0.48000049591064453,-0.9099998474121094,-0.3599996566772461,0.9899997711181641,0.6599998474121112,-0.010000228881835938,0.4699997901916504,-0.75,-0.14999961853027166,-0.679999828338623,0.2899999618530269,5.0,7.0,07-30,-0.2224999268849688
06-01,-2.6999998092651367,0.48000049591064453,0.23999977111816406,0.7200002670288086,0.6599998474121076,0.6499996185302752,0.1099996566772461,0.5099997520446786,-0.7000002861022949,-0.40000009536743253,-0.7399997711181641,0.25,8.0,4.0,07-31,-0.07666671276092529
06-02,-2.8500003814697266,0.20000076293945135,1.0399999618530291,0.6399993896484375,0.7400007247924787,0.5900001525878924,0.26000022888183594,0.559999942779541,-0.9099998474121085,-0.39999961853027166,-0.5900001525878906,0.2400000095367436,8.0,4.0,08-01,-0.03999990224838231
06-03,-3.2699995040893555,-0.36999988555908025,1.8199996948242188,0.439999580383299,0.7600002288818342,0.75,0.17000007629394354,0.3500003814697257,-1.0,-0.14999961853027166,-0.6399998664855957,0.1000001430511479,7.0,5.0,08-02,-0.08666656414667784
06-04,-3.3699998855590785,0.1700000762939471,2.0900001525878906,-0.0900001525878924,0.6400003433227539,0.7700004577636719,0.1400003433227539,0.28999996185302734,-0.8500003814697248,-0.24999952316283913,-0.75,-0.029999971389770508,6.0,6.0,08-03,-0.10333321491877172
06-05,-2.979999542236328,0.2700004577636701,1.2899999618530291,0.21000003814697088,0.6400003433227539,0.1700000762939453,0.09999942779541016,0.07000017166137695,-0.9000000953674299,-0.34999990463256747,-0.6999998092651367,-0.3299999237060547,7.0,5.0,08-04,-0.20916656653086338
06-06,-1.9700002670288068,0.22000026702880682,1.4900007247924822,-0.3699998855590838,0.26999950408935725,0.1400003433227539,0.26000022888183594,0.11999988555908203,-0.8499999046325675,-0.24999952316283913,-0.820000171661377,-0.3900001049041748,6.0,6.0,08-05,-0.17916657527287758
06-07,-1.7899999618530273,0.5900001525878888,1.3800001144409197,-0.6700000762939471,0.38999938964844105,-0.17999935150146307,0.2700004577636719,-0.05000019073486417,-0.5999999046325675,-0.4500002861022958,-0.9099998474121094,-0.440000057220459,4.0,8.0,08-06,-0.2049999634424843
06-08,-2.1599998474121094,0.6999998092651367,1.3100004196166992,-1.109999656677246,0.09000015258789062,-0.1699991226196289,0.2700004577636719,-0.3299999237060538,-0.6500000953674299,-0.4500002861022958,-1.0900001525878906,-0.36999988555908203,4.0,8.0,08-07,-0.32999984423319484
06-09,-2.010000228881836,0.7600002288818359,-0.15999984741210938,-0.35000038146972656,-0.1400003433227539,0.04000091552734375,0.3900003433227539,-0.26999998092651367,-0.6700000762939444,-0.650000095367429,-1.080000400543213,-0.5699999332427983,3.0,9.0,08-08,-0.3924999833106992
06-10,-2.2699995040893537,-0.9400005340576172,-0.48999977111816406,-0.3900003433227539,-0.9300003051757812,0.16000080108642756,0.06999969482421875,0.11000013351440519,-0.5,-0.700000286102294,-1.0300002098083496,-0.5,3.0,9.0,08-09,-0.6175000270207719
06-11,-2.6199998855590803,-1.0900001525878888,-1.550000190734865,-0.46000003814697266,-0.4000005722045916,0.37000083923339844,-0.4600000381469709,0.3400001525878915,-0.40000009536743253,-0.650000095367429,-0.9200000762939453,-0.1800000667572026,2.0,10.0,08-10,-0.6683333516120907
06-12,-2.4099998474121076,-1.6099996566772479,-0.9600000381469744,-0.6999998092651385,-0.4500007629394531,0.31999969482421875,-0.869999885559082,-0.07000017166137695,-0.5999999046325675,-1.1500000953674308,-0.9200000762939453,-0.16000008583068848,1.0,11.0,08-11,-0.7983333865801495
06-13,-1.7199993133544922,-1.880000114440918,-1.3699998855590856,-0.5500001907348633,-1.0500001907348615,0.29000091552734375,-1.109999656677246,0.03000020980834961,-0.5999999046325675,-1.0499997138977042,-1.070000171661377,-0.05000019073486328,2.0,10.0,08-12,-0.8441665172576904
06-14,-1.8099994659423846,-3.0399999618530273,-1.969999313354494,0.17000007629394354,-0.6400003433227557,0.23999977111816584,-1.1299991607665998,0.10000038146972656,-0.5499997138977051,-0.7499999999999982,-0.6599998474121094,-0.040000200271606445,3.0,9.0,08-13,-0.839999814828237
06-15,-1.4099998474121076,-3.390000343322752,-2.0099992752075213,0.1700000762939471,-0.48999977111816406,0.35000038146972834,-1.1299991607665998,0.14000034332275302,-0.7499999999999991,-0.6999998092651349,-0.6999998092651367,-0.03000020980834961,3.0,9.0,08-14,-0.8291664520899448
06-16,-1.2300004959106445,-3.369999885559082,-1.989999771118164,0.039999961853027344,-0.43999958038330256,0.35000038146972834,-1.1299991607665998,0.17999982833862305,-0.549999713897706,-0.5,-0.679999828338623,-0.03000020980834961,3.0,9.0,08-15,-0.7791665395100912
06-17,-1.1300001144409144,-3.0999994277954137,-1.7599992752075213,-0.09000015258789062,-0.619999885559082,0.310000419616701,-1.2100000381469709,0.2799997329711914,-0.9000000953674308,-0.6999998092651385,-0.8599996566772461,0.04999995231628418,3.0,9.0,08-16,-0.8108331958452859
06-18,-0.24999999999999822,-3.4099998474121076,-1.5600004196166992,0.09000015258788885,-0.8100004196166992,0.24000072479248225,-1.8499999046325675,0.1099996566772461,-1.0500001907348624,-0.5,-0.8299999237060547,0.16999983787536666,4.0,8.0,08-17,-0.8041666944821672
06-19,-1.1999998092651367,-2.589999198913574,-1.9200000762939435,-0.23999977111816584,-0.6099996566772461,0.5099992752075213,-2.010000228881836,0.23999977111816406,-1.1500000953674308,-0.5,-0.8299999237060547,0.09999990463256836,3.0,9.0,08-18,-0.8499999841054278
06-20,-1.5799999237060511,-2.3199996948242188,-1.4400005340576172,0.020000457763671875,-0.6499996185302734,0.5600004196166974,-2.450000286102294,0.2599997520446786,-0.9499998092651358,-0.5299997329711879,-1.190000057220458,0.23000001907348588,4.0,8.0,08-19,-0.836666584014892
06-21,-1.0899991989135724,-2.689999580383301,-1.9099998474121112,0.4799995422363281,-0.7100000381469727,0.9000005722045916,-2.230000019073487,0.2799997329711932,-0.799999713897706,-0.19999980926513494,-1.9200000762939453,0.26999998092651323,4.0,8.0,08-20,-0.8016665379206337
06-22,-0.7499999999999982,-2.25,-1.1700000762939453,0.5200004577636719,-0.8500003814697266,0.9100008010864258,-2.2800002098083496,0.2599997520446786,-0.6999998092651367,-0.39999961853027166,-0.7300000190734863,0.25,4.0,8.0,08-21,-0.5991665919621781
06-23,-0.8600006103515607,-2.279999732971193,-2.140000343322752,0.6199998855590803,-0.8400001525878906,0.8700008392333984,-2.330000400543213,0.34999990463256836,-0.6500000953674325,-0.1999998092651385,-0.7300000190734863,0.34000015258789107,4.0,8.0,08-22,-0.6541666984558109
06-24,-0.8500003814697266,-2.1300001144409197,-2.4499998092651367,0.3999996185302699,-0.9600000381469727,0.9100008010864276,-2.3499999046325684,0.5299997329711914,-0.5500001907348633,0.0,-0.7800002098083496,0.34000015258789107,4.0,8.0,08-23,-0.6575000286102298
06-25,-0.3400001525878924,-1.9700002670288068,-2.460000038146971,0.17000007629394176,-1.1500005722045898,0.7900009155273438,-2.510000228881836,0.5500001907348633,-0.5999999046325684,-0.09999942779541016,-0.8000001907348633,0.38000011444091797,4.0,8.0,08-24,-0.6699999570846559
06-26,-0.6899995803833008,-2.359999656677246,-1.3500003814697266,0.21000003814697088,-0.8400001525878906,1.0,-2.7699999809265137,0.6600003242492676,-0.619999885559082,-0.17999935150146307,-0.8300004005432129,0.4700000286102295,4.0,8.0,08-25,-0.6083332498868307
06-27,-1.0099992752075213,-2.510000228881836,-0.9100008010864258,0.19000053405761363,-0.9799995422363281,0.6999998092651349,-2.729999542236328,0.5600004196166992,-0.4199995994567871,-0.14999961853027166,-0.7800002098083496,0.2799999713897705,4.0,8.0,08-26,-0.6466665069262191
06-28,-1.0299997329711914,-2.5299997329711914,-1.200000762939455,0.3199996948242205,-0.8699998855590838,0.6999998092651349,-2.739999771118164,0.640000343322753,-0.4699997901916504,-0.1999998092651385,-0.9599995613098136,0.2999999523162842,4.0,8.0,08-27,-0.6699999372164412
06-29,-1.0999994277954102,-1.8199996948242188,-1.2899999618530273,0.2299995422363299,-1.6300001144409144,0.7200002670288086,-2.7799997329711914,0.630000114440918,-0.2999997138977051,-0.1999998092651385,-1.0999999046325684,0.2799999713897705,4.0,8.0,08-28,-0.6966665387153622
06-30,-0.31999969482421875,-1.760000228881836,-2.5,-0.31000041961669744,-1.9899997711181623,0.6900005340576172,-2.710000038146971,0.5199999809265137,-0.19999980926513672,-0.15000057220458984,-1.399999856948852,0.2200000286102295,3.0,9.0,08-29,-0.8258333206176753
07-01,-0.619999885559082,-2.0299997329711914,-1.989999771118164,-0.1900005340576172,-2.0,0.5500001907348615,-2.6499996185302734,0.20000028610229492,-0.25,-0.19999980926513317,-1.299999713897705,0.19999980926513672,3.0,9.0,08-30,-0.8566665649414061
07-02,0.2700004577636719,-1.7699995040893555,-1.7799997329711914,-0.3299999237060547,-1.7399997711181658,0.6900005340576172,-2.5899996757507333,0.5399999618530265,0.29999971389770597,-0.25,-1.3299999237060547,0.08999991416931152,5.0,7.0,08-31,-0.6583331624666852
07-03,1.1599998474121076,-1.6600008010864258,-1.5399999618530273,-0.7199993133544922,-1.680000305175783,0.6500005722045916,-2.369999885559082,0.5799999237060556,0.34999990463256836,-0.25,-1.2599997520446777,0.10000014305114746,5.0,7.0,09-01,-0.5533333023389181
07-05,0.6400003433227504,-1.260000228881836,-1.739999771118164,-0.5799999237060547,-1.680000305175783,0.8300008773803711,-2.4800000190734854,0.5799999237060556,0.40000009536743164,-0.09999942779541016,-1.2699999809265137,-0.029999971389770508,4.0,8.0,09-03,-0.5574998656908674
07-06,0.3599996566772443,-1.260000228881836,-1.8199996948242188,-0.5399999618530273,-1.8099994659423828,0.9900007247924787,-2.369999885559082,0.6199998855590829,-0.09999990463256747,-0.25,-0.7899999618530273,-0.039999961853027344,3.0,9.0,09-04,-0.5841665665308636
07-07,1.2599992752075213,-2.239999771118164,-2.3299999237060547,-0.3499994277954137,-1.939999580383299,0.6700000762939435,-2.3299999237060565,0.5799999237060556,-0.09999990463256747,-0.27999973297118785,-0.8600001335144043,-0.019999980926514116,3.0,9.0,09-05,-0.6616665919621784
07-08,1.4099998474121076,-2.1700000762939435,-2.8400001525878906,-0.21999931335449396,-1.939999580383299,0.6399993896484375,-2.4200000762939435,0.5900001525878897,0.20000028610229492,-0.44999980926513494,-0.809999942779541,0.04999995231628418,5.0,7.0,09-06,-0.6633332769076027
07-09,1.719999313354494,-2.6800003051757812,-3.4200000762939453,-0.35999965667724787,-1.9799995422363263,0.5399999618530238,-2.520000457763672,0.5199999809265128,0.0,-0.47999954223632635,-0.6999998092651367,-0.009999990463256836,3.0,9.0,09-07,-0.7808333436648053
07-10,1.8600006103515625,-2.270000457763672,-3.4900007247924787,-0.26000022888183416,-2.0899991989135724,0.719999313354494,-2.4600000381469727,0.5499997138977051,-0.09999990463256925,-0.5,-0.6999998092651367,-0.019999980926514116,3.0,9.0,09-08,-0.7300000588099156
07-11,1.9400005340576154,-2.630000114440918,-2.9300003051757812,-0.38000011444091797,-2.4200000762939435,0.5299997329711914,-2.4699997901916504,0.5799999237060538,-0.15000009536743164,-0.5,-0.679999828338623,0.11000013351440341,4.0,8.0,09-09,-0.75
07-12,1.9099998474121076,-2.4700002670288086,-2.770000457763672,-0.39999961853027166,-2.220000267028807,0.3000001907348615,-2.369999885559082,0.4900002479553214,-0.20000028610229403,-0.39999961853027166,-0.6100001335144043,0.2599999904632564,4.0,8.0,09-10,-0.7066666881243386
07-13,2.1199998855590803,-3.2200002670288086,-3.0,-0.7999992370605487,-1.7399997711181623,0.039999961853027344,-2.3000001907348624,0.4100003242492658,-0.5,0.0200004577636701,-0.46000003814697266,0.1800000667572017,5.0,7.0,09-11,-0.7708332339922591
07-14,2.3999996185302734,-2.7499999999999982,-3.2699995040893572,-0.23999977111816584,-1.4200000762939418,0.43000030517578125,-2.380000114440919,0.30000019073486506,-0.5000000000000009,0.050000190734861505,-0.4700002670288086,0.15000009536743164,5.0,7.0,09-12,-0.6416666110356649
07-15,1.7599992752075213,-2.4099998474121094,-3.939999580383299,-0.5299997329711932,-1.3999996185302699,0.5799999237060547,-2.2100000381469718,0.11000013351440341,-0.7500000000000009,0.0,-0.34999990463256925,0.15000009536743164,4.0,8.0,09-13,-0.7491666078567502
07-16,1.9099998474121094,-1.6600008010864258,-3.5199995040893555,-0.5799999237060565,-1.449999809265135,0.6300001144409197,-2.230000019073489,-0.07000017166137784,-0.8000001907348642,0.25,-0.4499998092651376,0.09999990463256836,4.0,8.0,09-14,-0.6558333635330204
07-17,1.8999996185302734,-1.9499998092651367,-2.9599990844726562,-0.6800003051757812,-1.25,0.6899995803833026,-2.4399995803833017,-0.2899999618530291,-0.9000000953674325,0.40000009536743253,-0.11999988555908292,0.16000008583068848,4.0,8.0,09-15,-0.6199999451637269
07-18,1.430000305175783,-1.8999996185302734,-2.169999122619629,-0.8900003433227539,-1.7200002670288086,0.5899991989135742,-2.59999942779541,-0.35000038146972745,-0.8000001907348624,0.14999961853027166,-0.15000009536743253,0.25,4.0,8.0,09-16,-0.6800000270207723
07-19,1.4200000762939453,-2.0,-2.8100004196167028,-0.5199995040893555,-1.5299997329711914,0.35999965667724787,-2.739999771118164,-0.24000024795532227,-0.8000001907348624,0.19999980926513317,-0.17999982833862305,0.2699999809265141,4.0,8.0,09-17,-0.7141666809717817
07-20,1.4099998474121094,-2.3800001144409197,-2.589999198913574,-0.11999988555908025,-1.4600000381469727,0.28999996185302734,-2.6599993705749503,-0.12000036239623935,-0.9000000953674308,-0.09999942779541016,-0.10999965667724698,0.309999942779541,3.0,9.0,09-18,-0.7024998664855954
07-21,1.140000343322754,-2.170000076293947,-1.880000114440918,0.25,-1.4099998474121112,0.22999954223632812,-2.6100001335144016,-0.11999988555908114,-1.0000000000000009,-0.050000190734866834,-0.04999971389770508,0.1699998378753662,4.0,8.0,09-19,-0.6250000198682153
07-22,1.0599994659423828,-2.4299993515014666,-1.739999771118164,0.3000001907348633,-1.3099994659423864,0.15999984741210938,-2.4900002479553214,-0.4200000762939444,-1.1500000953674316,-0.050000190734866834,-0.009999752044677734,0.18999981880187988,4.0,8.0,09-20,-0.6574999690055853
07-23,0.9000005722045898,-2.7499999999999982,-2.409999847412111,0.25,-1.4200000762939489,0.15999984741210938,-2.34999990463257,-0.41000032424926847,-0.9699997901916504,-0.2000002861022958,0.1399998664855957,0.12999987602233842,5.0,7.0,09-21,-0.7441666722297674
07-24,0.6999998092651367,-3.0099992752075178,-3.1700000762939453,0.34999942779541016,-1.3699998855590838,0.25,-2.4000000953674325,-0.46000003814697354,-0.9499998092651367,-0.2000002861022958,0.059999942779541016,0.09000015258789062,5.0,7.0,09-22,-0.8425000111262007
07-25,1.489999771118164,-2.9999999999999982,-3.880000114440918,0.4499998092651367,-1.5799999237060547,0.38000011444091797,-2.4600000381469727,-0.18000030517578214,-0.9999999999999991,-0.15000009536742898,0.11999988555908292,0.010000228881835938,5.0,7.0,09-23,-0.8166667222976681
07-26,1.25,-3.130000114440916,-3.8199996948242205,-0.06000041961669922,-1.739999771118164,0.26000022888183594,-2.369999885559082,-0.23000001907348722,-0.6999998092651367,-0.2000002861022958,0.1700000762939453,0.08000016212463379,4.0,8.0,09-24,-0.8741666277249655
07-27,0.75,-3.1100006103515625,-3.119999885559082,-0.3800001144409162,-1.3399991989135724,0.09000015258788885,-2.75,-0.15000009536743164,-0.9999999999999991,0.25000047683716087,0.09999990463256836,0.030000209808350053,5.0,7.0,09-25,-0.8858332633972162
07-28,1.0500001907348633,-2.4500007629394513,-4.409999847412109,-0.21999931335449396,-1.4099998474121076,0.06999969482421875,-2.630000114440918,-0.039999961853027344,-0.7500000000000009,0.25,0.06999969482421875,-0.0399999618530269,4.0,8.0,09-26,-0.8758333524068197
07-29,1.0500001907348633,-2.739999771118164,-3.8899993896484375,-0.7100000381469727,-1.4699993133544922,0.07999992370605469,-2.75,0.09999990463257014,-0.7499999999999991,0.1999998092651376,0.06999969482421875,0.0,5.0,7.0,09-27,-0.9008332490921017
07-30,0.26000022888183416,-2.0,-3.3699998855590803,-0.8699998855590803,-1.5500001907348633,0.1399993896484375,-2.520000457763672,0.11999988555908292,-0.6500000953674308,0.05000019073486239,-0.07999992370605469,-0.05000019073486328,4.0,8.0,09-28,-0.8766667445500689
07-31,0.3900003433227539,-2.5,-2.8000001907348615,-0.6700000762939418,-1.5699996948242188,0.14999961853027344,-2.8499999046325675,0.17999982833862394,-0.5500001907348624,-0.1999998092651376,-0.03000020980834961,0.05999994277954146,4.0,8.0,09-29,-0.8658333619435622
08-01,-0.019999504089357245,-2.1999998092651367,-4.079999923706053,-0.14000034332275035,-1.3299999237060547,0.4499998092651367,-2.8999996185302743,0.28999996185302734,-0.6999998092651376,-0.09999990463257014,0.15999984741211026,-0.019999980926513672,3.0,9.0,09-30,-0.8824999332427975
08-02,-0.17999935150146662,-2.0699996948242188,-3.2799997329711914,0.010000228881835938,-1.4600000381469762,0.13999938964843572,-2.9800000190734863,0.5099997520446777,-0.6500000953674325,-0.15000009536743253,0.15000009536743164,-0.09999990463256836,4.0,8.0,10-01,-0.8383332888285325
08-03,0.0200004577636701,-2.0199995040893555,-3.4800004959106445,-0.05000019073486328,-1.2200002670288104,-0.07000064849853693,-2.859999656677245,0.46000003814697266,-0.5500001907348642,-0.20000028610229492,0.2999997138977051,-0.1099998950958252,3.0,9.0,10-02,-0.8150000770886742
08-04,-0.15999984741210938,-2.3899993896484375,-1.9700002670288104,-0.11999988555908203,-1.1900005340576172,-0.15999984741210938,-2.869999885559081,0.6800003051757812,-0.630000114440918,0.019999980926512784,0.19999980926513672,-0.059999942779541016,3.0,9.0,10-03,-0.7208333015441895
08-05,0.21000003814697266,-1.6599998474121076,-1.8500003814697266,0.1700000762939453,-1.4099998474121094,-0.17000007629394354,-2.869999885559081,0.4200000762939453,-0.40000009536743164,0.0,0.1399998664855957,-0.13000011444091797,4.0,8.0,10-04,-0.6291666825612382
08-06,0.5900001525878888,-1.7699995040893572,-1.3299999237060565,0.1700000762939453,-1.1799993515014648,-0.3800001144409162,-2.7200002670288086,0.4099998474121085,-0.34999990463256836,0.15000009536742898,0.13000011444091797,-0.08999991416931152,5.0,7.0,10-05,-0.5308332244555162
08-07,0.25,-1.5500001907348633,-1.0799999237060565,0.21000003814697266,-0.3899993896484375,-0.3400001525878906,-2.119999885559081,0.309999942779541,-0.4499998092651367,0.20000028610229403,0.07999992370605469,0.009999990463256836,6.0,6.0,10-06,-0.40583326419194554
08-08,0.42000007629394354,-1.0900001525878888,-1.3299999237060565,0.2799997329711914,0.11999988555908203,-0.16000080108642756,-1.4099998474121094,0.309999942779541,-0.5499997138977042,0.15000009536742898,-0.029999732971191406,0.13000011444091797,6.0,6.0,10-07,-0.2633333603541061
08-09,0.880000114440918,-0.9300003051757795,-1.920000076293947,-0.26000022888183416,-0.48999977111816406,-0.3999996185302752,-1.1599998474121094,0.7200002670288095,-0.34999990463256925,-0.1999998092651385,-0.4999999999999991,0.16000008583068848,3.0,9.0,10-08,-0.3708332578341167
08-10,0.8400001525878906,-0.6599998474121094,-1.510000228881836,-0.6700000762939471,-0.5,-0.6700000762939489,-0.9800000190734854,0.6199998855590829,-0.3000001907348633,-0.15000057220459073,-0.5100002288818368,0.2200000286102295,3.0,9.0,10-09,-0.3558334310849512
08-11,0.930000305175783,0.5,-2.1700000762939453,-0.14999961853027344,-0.43000030517578125,-0.07999992370605824,-0.9600005149841317,0.6399998664855966,0.04999971389770508,-0.32999992370605646,-0.5999999046325684,0.21000003814697266,5.0,7.0,10-10,-0.19916669527689645
08-12,0.530000686645506,0.48999977111816584,-2.6700000762939453,-0.23999977111816584,-0.15999984741210938,-0.19000053405762074,-0.9600005149841317,0.570000171661377,0.15000009536743164,-0.26999998092651634,-0.6700000762939453,0.20000004768371582,5.0,7.0,10-11,-0.2683333357175199
08-13,-0.21000003814697266,0.8500003814697266,-2.4499998092651367,-0.1900005340576172,-0.21000003814697088,-0.19000053405762074,-0.07999992370605558,0.6600003242492685,0.0,-0.4800000190734881,-0.690000057220459,0.19000005722045943,3.0,9.0,10-12,-0.23333334922790552
08-14,-0.09000015258789062,0.37999916076660156,-2.4099998474121094,-0.06000041961669922,-0.029999732971191406,-0.8699998855590856,-0.3299999237060547,0.7100000381469735,0.09999990463256836,-0.2800002098083496,-0.5100002288818359,0.050000190734863725,4.0,8.0,10-13,-0.27833342552185075
08-15,1.8299999237060511,0.5399999618530273,-1.880000114440918,-0.2400007247924787,0.38000011444091797,-1.2899999618530256,-0.31999969482421875,0.7100000381469735,0.25,-0.4800000190734881,-0.1700000762939471,-0.040000200271606445,5.0,7.0,10-14,-0.05916672945022605
08-16,2.3200006484985334,0.8399991989135742,-1.5200004577636737,-0.42000007629394354,0.7000007629394549,-0.9600000381469744,-0.26999998092651456,0.5799999237060556,0.34999990463256836,-1.0000004768371609,0.4900002479553214,-0.05000019073486328,6.0,6.0,10-15,0.08833328882853146
08-17,2.6700000762939418,0.5699996948242188,-2.0,-0.780000686645506,0.75,-0.6100006103515643,-0.3899998664855966,0.559999942779541,0.15000009536743164,-0.3600006103515643,-0.4099998474121085,-0.09000015258789018,5.0,7.0,10-16,0.00499983628590861
08-18,2.179999351501463,0.9399995803833008,-1.6799993515014666,-0.8599996566772461,0.5900001525878924,-0.46000003814697443,-0.6100001335144034,0.34999990463256747,-0.09999990463256836,-0.690000057220459,-0.3600001335144034,-0.13000011444091752,4.0,8.0,10-17,-0.06916670004526793
08-19,1.8400001525878888,1.0900001525878906,-0.7899999618530273,-0.7899999618530273,0.6600008010864276,-0.4700002670288086,-0.559999942779541,0.3600001335144034,0.0,-0.6799998283386222,-0.3600001335144034,-0.1100001335144043,4.0,8.0,10-18,0.01583341757456469
08-20,1.0199995040893572,1.2000007629394513,-1.3200006484985352,-0.6199998855590803,0.6500005722045916,-0.43000030517578125,-0.5100002288818359,0.2800002098083487,0.34999990463256836,-0.75,-0.3600001335144034,0.039999961853027344,6.0,6.0,10-19,-0.03750002384185761
08-21,0.46000003814697266,1.869999885559082,-1.0399999618530291,-0.3999996185302699,0.7700004577636737,-0.5299997329711896,-0.7999997138977051,0.0799999237060538,0.5999999046325684,-0.9499998092651385,-0.3099999427795401,0.039999961853027344,6.0,6.0,10-20,-0.01749988396962454
08-22,0.7399997711181658,1.2699995040893572,-1.1400003433227557,-0.17000007629394176,0.6300001144409144,-1.0199995040893537,-1.0500001907348633,0.0799999237060538,0.6499996185302734,-0.8500003814697283,-0.3599996566772461,0.14000010490417436,6.0,6.0,10-21,-0.09000009298324581
08-23,0.8199996948242205,1.7299995422363281,-2.25,-0.11999988555908203,1.0799999237060582,-0.8800001144409162,-0.9100003242492685,-0.030000209808350498,0.6699995994567871,-0.75,-0.13000011444091886,0.15000009536743164,5.0,7.0,10-22,-0.05166681607564253
08-24,1.1499996185302752,1.880000114440918,-2.689999580383301,-0.31999969482421875,1.2000007629394513,-0.6199998855590803,-1.0200004577636719,0.06999969482421786,1.0999999046325684,-1.269999980926512,-0.059999942779541016,0.2100000381469731,6.0,6.0,10-23,-0.03083328406016006
08-25,1.1700000762939453,1.8999996185302734,-1.810000419616701,-0.3499994277954137,1.2899999618530238,-0.9699993133544886,-1.010000228881836,0.03000020980834872,0.9000000953674325,-1.3299994468688938,-0.05000019073486328,0.19000005722045943,6.0,6.0,10-24,-0.00333325068155943
08-26,1.239999771118164,2.2200002670288086,-2.6200008392333984,-0.35999965667724965,1.2300004959106445,-0.9899997711181623,-0.9700002670288086,-0.16000032424926758,0.6999998092651358,-1.7099995613098127,0.039999961853026456,0.2100000381469731,6.0,6.0,10-25,-0.09750000635782889
08-27,1.3299999237060582,2.309999465942383,-3.1700000762939453,-0.6099996566772496,1.5900001525878924,-0.9600000381469709,-1.049999713897705,-0.25999975204467596,0.6500000953674308,-2.369999408721922,0.3399999141693102,0.10000014305114702,6.0,6.0,10-26,-0.17499991257985395
08-28,1.0900001525878906,2.6100006103515625,-3.2899999618530273,-0.7299995422363299,1.6000003814697301,-0.780000686645506,-1.1999998092651376,-0.4099998474121085,0.34999990463256836,-2.3200001716613787,0.23999977111816317,0.009999990463256836,6.0,6.0,10-27,-0.23583326737085972
08-29,0.9799995422363281,2.560000419616699,-2.760000228881836,-0.5900001525878924,1.5,-0.8300008773803711,-1.3799996376037607,-0.5599999427795401,-0.1999998092651376,-2.269999980926512,-0.010000228881835938,0.18000006675720215,4.0,8.0,10-28,-0.2816667358080547
08-30,0.6399993896484375,2.520000457763672,-3.0,-0.3699998855590838,1.6499996185302734,-0.9099998474121076,-1.6399998664855966,-0.5999999046325692,-0.25,-2.249999999999999,-0.25999975204467685,0.21000003814697266,4.0,8.0,10-29,-0.35499997933705646
08-31,0.5500001907348633,2.380000114440918,-2.8000001907348633,-0.3000001907348633,1.6599998474121094,-0.4300003051757795,-1.6399998664855966,-0.5999999046325692,-0.3000001907348633,-2.099999904632571,-0.23999977111816317,0.18000006675720215,4.0,8.0,10-30,-0.30333334207534807
09-01,0.8400001525878924,2.119999885559082,-0.9700002670288068,-0.3600006103515625,2.0099992752075178,-0.23000049591064453,-1.3899998664855966,-0.7499999999999991,-0.5999999046325692,-1.9999995231628418,-0.14999961853027344,0.21000003814697266,4.0,8.0,10-31,-0.10583341121673577
09-02,1.1200008392333984,2.1100006103515607,-0.1700000762939471,-0.10000038146972656,2.0,-0.23000049591064453,-1.5,-0.8000001907348624,-0.34999990463256925,-1.8299999237060538,-0.12999963760375977,0.2200000286102295,4.0,8.0,11-01,0.02833340565363544
09-03,1.6199998855590803,2.1300001144409197,-0.2599992752075213,-0.030000686645506036,2.0,0.09000015258789062,-1.4099998474121094,-0.7300000190734863,-0.34999990463256925,-1.7799997329711914,-0.12999963760375977,0.309999942779541,5.0,7.0,11-02,0.12166674931844068
09-04,1.0799999237060547,2.4300003051757795,-0.6300001144409197,-0.030000686645506036,2.0,0.43000030517578125,-1.330000400543212,-0.7799997329711914,-0.1999998092651376,-1.7799997329711914,-0.17999982833862305,0.0699999332427983,5.0,7.0,11-03,0.09000001351038604
09-05,0.8700008392333984,2.5500001907348633,-0.21000003814697266,0.10999965667724787,1.359999656677246,0.7700004577636719,-1.2400002479553214,-0.880000114440918,-0.1999998092651376,-1.75,-0.19000005722045898,0.019999980926513672,6.0,6.0,11-04,0.10083337624867772
09-06,0.9100008010864276,2.640000343322752,-0.21000003814697266,-0.2899999618530291,1.2300004959106445,0.9899997711181658,-0.9900002479553214,-0.880000114440918,-0.09999990463256836,-1.630000114440918,-0.06999969482421875,0.029999971389770508,5.0,7.0,11-05,0.1358334422111512
09-07,0.8500003814697266,2.640000343322752,-0.7700004577636701,-0.26000022888183594,0.9600000381469727,1.060000419616701,-0.7300000190734854,-0.9100003242492667,-0.09999990463256836,-1.660000324249265,-0.19999980926513672,-0.06999993324279785,4.0,8.0,11-06,0.06750001509984387
09-08,0.8500003814697266,2.4800004959106428,0.32000064849853693,-0.18999958038330078,0.9200000762939453,1.300000190734865,-0.7300000190734854,-0.9500002861022958,-0.09999990463256836,-1.9800000190734837,-0.2199997901916495,-0.06999993324279785,5.0,7.0,11-07,0.13583352168401128
09-09,0.6400003433227539,2.9399995803833026,0.5799999237060511,0.13000011444091797,1.3400001525878924,1.5600004196166992,-0.7999997138977051,-0.8500003814697257,0.0,-1.9900002479553205,-0.1599998474121085,0.009999990463256836,7.0,5.0,11-08,0.2833333611488345
09-10,0.6000003814697266,3.090000152587889,-1.1700000762939453,-0.26000022888183416,1.0200004577636719,1.1700000762939453,-1.6700000762939453,-0.7699999809265137,-0.15000009536743164,-1.7800002098083478,-0.14999961853027255,0.039999961853027344,5.0,7.0,11-09,-0.0024999380111692115
09-11,0.5600004196166974,2.940000534057619,-1.0799999237060547,0.029999732971193183,1.0,0.5799999237060547,-1.2400002479553214,-0.570000171661377,-0.15000009536743164,-1.7300000190734863,-0.2699999809265119,0.029999971389770952,6.0,6.0,11-10,0.008333345254262695
09-12,0.42999935150146484,2.310000419616699,-1.3199996948242188,0.07999992370605646,0.9600000381469727,0.37000083923339844,-1.380000114440918,-0.4200000762939453,-0.09999990463256836,-1.9800000190734863,-0.3800001144409171,-0.039999961853027344,5.0,7.0,11-11,-0.1224999427795408
09-13,-0.24000072479248225,2.630000114440918,-1.880000114440918,-0.14000034332275213,0.880000114440918,0.4600000381469709,-1.4000000953674316,-0.20000028610229403,0.0,-1.950000286102294,-0.4499998092651367,-0.009999990463256392,3.0,9.0,11-12,-0.1916667819023132
09-14,-0.24000072479248225,2.5799999237060547,-2.6700000762939453,-0.42000007629394887,0.8500003814697248,0.42000007629394176,-1.380000114440918,-0.1399998664855957,0.9500002861022958,-1.950000286102294,-0.5999999046325666,-0.029999971389770508,4.0,8.0,11-13,-0.21916669607162534
09-15,-0.23000049591064453,2.6800003051757812,-2.5799999237060547,-0.3399991989135742,0.11999988555908025,0.42000007629394176,-1.239999771118164,0.25,0.6999998092651358,-2.3000001907348615,-0.6900000572204585,-0.049999952316284624,5.0,7.0,11-14,-0.27166662613550857
09-16,-0.2200002670288086,2.170000076293949,-2.3500003814697266,-0.3599996566772443,-0.029999732971193183,0.4899997711181623,-1.3200001716613778,0.1700000762939453,1.200000286102294,-2.249999999999999,-0.6900000572204585,-0.08999991416931152,4.0,8.0,11-15,-0.2733333309491474
09-17,-1.0500001907348633,2.0799999237060565,-1.8800001144409144,-0.7599992752075213,-0.07999992370605469,0.5500001907348615,-1.429999828338623,0.1100001335144043,1.1500000953674316,-2.090000152587889,-0.7500000000000004,-0.1099998950958252,4.0,8.0,11-16,-0.3549999197324114
09-18,-1.1899995803833008,1.829999923706053,-1.360000610351559,-0.8099994659423846,-0.18000030517577947,0.4899997711181623,-1.009999752044676,0.010000228881835938,1.4000000953674316,-2.090000152587889,-0.7899999618530278,0.07999992370605469,5.0,7.0,11-17,-0.30166665712992324
09-19,-1.0399999618530273,1.3099994659423828,-1.6199998855590803,-0.7599992752075213,-0.06999969482422053,0.39999961853027344,-0.9200000762939453,-0.08999967575073242,1.2199997901916504,-1.9400000572204599,-0.8199999332427974,0.25999999046325684,4.0,8.0,11-18,-0.33916664123535173
09-20,-1.0399999618530273,1.4600000381469727,-0.8599996566772461,-0.4199991226196289,0.26999950408935725,0.4099998474121094,-1.1700000762939453,-0.039999961853027344,1.1999998092651367,-1.6500000953674325,-0.7199997901916495,0.25999999046325684,5.0,7.0,11-19,-0.19166662295659367
09-21,-1.3299999237060565,1.4500007629394531,-0.14999961853027344,-0.7799997329711932,0.3499994277954084,0.5499992370605469,-1.2100000381469727,-0.31999969482421875,1.3000001907348642,-1.6700005531311062,-0.7400000095367427,0.25999999046325684,5.0,7.0,11-20,-0.1908333301544195
09-22,-1.0900001525878924,1.580000877380371,0.3000001907348633,-0.850000381469723,0.3899993896484375,0.18999958038330078,-1.3000001907348633,-0.6700000762939453,1.0000000000000009,-1.9000000953674325,-0.7400000095367427,0.19000005722045898,6.0,6.0,11-21,-0.24166673421859722
09-23,-0.5900001525878924,2.1800003051757812,-0.3100004196166992,-0.850000381469723,0.009999275207517755,0.35999965667724787,-0.9200000762939453,-0.7500000000000009,1.0499997138977042,-1.9000000953674325,-0.7499999999999996,0.24000000953674272,5.0,7.0,11-22,-0.18583351373672494
09-24,-0.2700004577636701,1.610000610351559,-1.25,-0.9600000381469727,0.07999992370605291,0.38000011444091797,-0.8599996566772461,-0.6399998664855966,1.0499997138977042,-1.8400001525878915,-0.71999979019165,0.2700002193450928,5.0,7.0,11-23,-0.2624999483426417
09-25,-0.26000022888183594,1.9399995803833026,-1.25,-0.46999931335449396,0.1399993896484375,0.6900005340576172,-0.609999656677247,-0.6399998664855966,1.4499998092651367,-1.7899999618530291,-0.71999979019165,0.3200001716613765,5.0,7.0,11-24,-0.0999999443689985
09-26,0.3499994277954084,1.9399995803833026,-1.2299995422363281,-0.30999946594238637,0.13000011444091797,0.3100004196166992,-0.3600001335144034,-0.48999977111816495,1.3499999046325684,-1.640000343322754,-0.7399997711181645,0.3000001907348633,6.0,6.0,11-25,-0.03249994913737012
09-27,0.3499994277954084,1.7699995040893537,-1.7999992370605469,-0.2200002670288086,0.14000034332275568,0.6100006103515643,-0.3600001335144034,-0.549999713897706,1.25,-1.4499998092651376,-0.8300001621246333,0.3000001907348633,6.0,6.0,11-26,-0.06583327054977421
09-28,0.2799997329711914,1.4699993133544904,-0.5199995040893555,-0.020000457763671875,0.03999996185302912,0.6100006103515643,-0.6300001144409171,-0.6599998474121094,1.0500001907348642,-1.299999713897705,-0.7899997234344487,0.3000001907348633,6.0,6.0,11-27,-0.014166613419850408
09-29,0.4399995803833008,1.3399991989135724,-1.309999465942381,0.11999988555908203,0.03999996185302912,0.7400007247924787,-0.5499997138977051,-0.2800002098083496,1.1999998092651376,-1.7300000190734863,-0.7899997234344487,0.38000011444091797,7.0,5.0,11-28,-0.03333332141240434
09-30,0.23999977111816406,1.4700002670288068,-0.9899997711181641,0.1400003433227539,0.0,0.9500007629394513,-0.6700000762939462,-0.3899998664855966,1.0999999046325692,-1.7899999618530273,-0.7999997138977055,0.3900001049041748,6.0,6.0,11-29,-0.029166519641876627
10-01,0.31000041961669744,1.109999656677246,0.7100000381469744,0.1900005340576172,-0.029999732971193183,1.0399999618530238,-0.15999984741210938,-0.4499998092651376,1.3499999046325692,-1.7699999809265128,-0.6999998092651372,0.37000012397766113,7.0,5.0,11-30,0.1641667882601416
10-02,-0.030000686645506036,1.5299997329711914,-0.07999992370605291,-0.09999942779541016,0.189999580383299,1.1100006103515625,-0.2899999618530291,-0.4499998092651376,1.6500000953674316,-1.75,-0.6399998664855961,0.29000020027160645,5.0,7.0,12-01,0.11916671196619659
10-03,0.4299993515014666,0.7299995422363299,0.5599994659423846,-0.09999942779541016,0.30000019073486506,0.7100000381469762,-0.49000024795532227,-0.15000009536743253,1.5999999046325684,-1.900000095367429,-0.39000010490417525,0.18000006675720215,7.0,5.0,12-02,0.12333321571350198
10-04,0.75,0.7799997329711932,0.3099994659423846,-0.060000419616700995,0.48999977111816406,0.09000015258788885,-0.5799999237060547,-0.05000019073486506,1.6999998092651367,-1.9000000953674325,-0.3300001621246351,0.18000006675720215,7.0,5.0,12-03,0.11499985059102343
10-05,1.0,0.31999969482421875,0.5599994659423846,0.039999961853027344,0.050000190734861505,0.3299999237060547,-0.6999998092651367,-0.05000019073486506,1.5500001907348624,-1.8499999046325701,-0.3099997043609606,0.18000006675720215,8.0,4.0,12-04,0.09333332379658991
10-06,0.5399999618530256,0.15999984741210938,0.35000038146972656,-0.1100006103515625,-0.020000457763671875,0.75,-0.9499998092651367,0.0,1.0500001907348633,-1.7699999809265146,-0.37999987602233753,0.15000009536743164,6.0,6.0,12-05,-0.019166688124338898
10-07,0.5799999237060529,-0.010000228881835938,1.3999996185302734,-0.05000019073486506,-0.14999961853027344,1.0200004577636737,-1.1299996376037607,0.4699997901916495,1.2999997138977042,-1.6700000762939444,-0.3599998950958243,0.09000015258789062,6.0,6.0,12-06,0.12416666746139504
10-08,0.880000114440918,0.6700000762939453,1.2100000381469727,-0.18000030517578125,-0.2199993133544922,0.430000305175783,-1.7199997901916495,-0.09999990463257014,1.3499999046325692,-1.679999828338623,-0.2700002193450928,0.10000014305114702,6.0,6.0,12-07,0.0391667683919272
10-09,1.380000114440918,0.9900007247924787,1.1899995803833008,-0.09000015258788885,-0.48999977111816406,0.8400001525878924,-1.2699999809265128,0.09999990463256747,1.2499999999999991,-1.7399997711181632,-0.20000004768371582,0.24000000953674272,7.0,5.0,12-08,0.1833333969116212
10-10,1.1500005722045916,1.1000003814697266,1.3299999237060547,-0.1399993896484375,-0.5699996948242188,0.9600000381469709,-1.1600003242492694,0.5999999046325675,1.4000000953674308,-1.5299997329711914,-0.2000000476837145,0.3000001907348633,7.0,5.0,12-09,0.27000015974044783
10-11,1.1400003433227557,1.0,1.2899999618530273,-0.01999950408935547,-0.7300004959106463,0.06999969482421875,-1.3500003814697275,0.5500001907348624,1.3000001907348624,-1.4600000381469709,-0.3100001811981197,0.3000001907348633,7.0,5.0,12-10,0.1483333309491475
10-12,0.9100008010864276,0.8399991989135742,0.7600002288818359,0.17000007629394354,-0.6699991226196289,0.6999998092651367,-1.3200001716613778,0.5500001907348624,1.4499998092651367,-1.8799996376037607,-0.1600000858306898,0.3000001907348633,8.0,4.0,12-11,0.13750010728836026
10-13,0.4200000762939453,0.5399999618530273,0.809999465942381,0.23999977111816584,-0.8699998855590838,0.10999965667724432,-1.369999885559082,0.7000002861022949,1.5000000000000009,-1.7799997329711914,-0.14000010490417525,0.3100001811981201,8.0,4.0,12-12,0.03916664918263727
10-14,0.07000064849853693,0.7799997329711914,1.1599998474121094,0.3599996566772461,-0.9099998474121076,-0.23999977111816584,-1.25,0.75,1.6500000953674316,-1.7399997711181632,-0.14000010490417525,0.350000143051147,7.0,5.0,12-13,0.07000005245208755
10-15,-0.13999938964843572,1.2899999618530273,1.5500001907348615,0.36999988555908025,-0.75,-0.3900003433227557,-1.119999885559082,1.0,1.630000114440918,-1.7100000381469735,-0.18999981880188033,0.16000008583068848,6.0,6.0,12-14,0.14166673024495402
10-16,0.22999954223632812,0.869999885559082,1.9300003051757795,0.3000001907348615,-0.8200006484985352,-0.30000019073486506,-0.9200000762939453,0.75,1.6500000953674316,-1.7200002670288104,-0.18999981880188033,0.19000005722045898,7.0,5.0,12-15,0.16416658957799213
10-17,0.1499996185302752,0.8999996185302752,2.030000686645506,0.13000011444091442,-0.8900003433227521,-0.029999732971191406,-0.7100000381469727,0.75,1.3000001907348633,-1.6500000953674325,-0.16000008583068848,0.17000007629394576,7.0,5.0,12-16,0.1658333341280619
10-18,-0.21000003814697266,0.5199995040893555,1.75,0.1700000762939453,-1.2600002288818377,-0.3299999237060547,-0.8699998855590811,0.9500002861022949,1.0500001907348633,-1.7899999618530273,-0.23000001907348677,0.17000007629394576,6.0,6.0,12-17,-0.006666660308837964
10-19,-0.6199998855590803,1.1199998855590803,1.8500003814697266,0.26000022888183594,-1.3100004196166992,-0.22999954223632812,-0.75,0.9500002861022949,0.4499998092651376,-1.200000286102295,-0.23000001907348633,0.17000007629394576,6.0,6.0,12-18,0.038333376248677685
10-20,-0.6999998092651349,0.6599998474121094,1.7899999618530291,0.21000003814697443,-1.330000877380371,0.1400003433227539,-0.8899998664855948,1.0999999046325701,0.6500000953674299,-1.4700002670288095,-0.19000005722045898,0.16000008583068848,7.0,5.0,12-19,0.010833283265432167
10-21,-1.0299997329711896,1.0500001907348615,1.9900007247924822,0.38999938964844105,-1.260000228881836,-0.11999988555908203,-0.7799997329711914,1.3000001907348642,1.050000190734865,-1.559999942779542,-0.1399998664855957,0.10000014305114702,6.0,6.0,12-20,0.0825001200040187
10-22,-1.5399999618530291,1.2399997711181658,1.75,0.5999994277954137,-1.3499994277954084,0.22999954223632635,-1.0600004196166983,1.049999713897705,0.8000001907348651,-1.4400000572204599,-0.14999961853027344,0.17000007629394576,7.0,5.0,12-21,0.02499993642171272
10-23,-1.0900001525878906,0.8499994277954084,2.6499996185302717,0.6099996566772496,-1.2899999618530291,0.17000007629394354,-1.1200003623962393,1.199999809265135,0.9000000953674325,-1.059999942779541,-0.23999977111816317,0.19000005722045898,7.0,5.0,12-22,0.14749987920125304
10-24,-0.7399997711181641,1.1599998474121094,2.7100000381469727,0.8599996566772496,-1.4700002670288086,-0.009999275207521308,-0.9900002479553223,1.199999809265135,0.9499998092651376,-0.40000009536743164,-0.17999982833862305,0.12000012397766113,6.0,6.0,12-23,0.2674999833106995
10-25,-0.8099994659423846,1.1599998474121094,2.8299999237060547,1.0399999618530291,-0.9400005340576172,-0.06000041961669922,-0.9600000381469727,1.3499999046325675,1.25,-0.6200003623962393,-0.24000024795532315,0.12000012397766113,6.0,6.0,12-24,0.34333322445551545
10-26,-0.8099994659423846,1.2100000381469727,2.3000001907348633,0.7799997329711932,-0.8200006484985369,-0.06000041961669922,-0.9600000381469727,1.4999999999999991,1.3000001907348633,-0.6700000762939444,-0.19000005722045987,0.12000012397766113,6.0,6.0,12-25,0.3083332975705462
10-27,-0.46999931335449396,1.25,1.1199998855590803,0.9200000762939435,-0.9800004959106445,0.01999950408935547,-0.6999998092651367,1.5499997138977042,1.4999999999999991,-0.8400001525878906,-0.11000013351440519,0.09000015258789062,7.0,5.0,12-26,0.2791666189829502
10-28,-0.38000011444091975,1.5,1.5299997329711932,1.0100002288818342,-0.7700004577636719,-0.46000003814697266,-0.6999998092651367,1.75,1.700000286102294,-0.8700003623962411,0.09000015258788974,0.12000012397766113,7.0,5.0,12-27,0.3766666452089942
10-29,-0.14000034332275213,1.4600000381469709,1.669999122619629,1.0900001525878888,-1.1199998855590803,-0.6599998474121076,-0.75,1.5999999046325692,1.6500000953674316,-0.9300003051757812,0.0,0.03000020980834961,6.0,6.0,12-28,0.3249999284744265
10-30,0.18999958038330256,1.6599998474121112,1.6399993896484375,1.0900001525878888,-1.1100006103515625,-1.1300001144409197,-0.5799999237060556,1.450000286102294,1.8000001907348642,-1.0999999046325692,-0.019999980926513672,0.1400001049041748,7.0,5.0,12-29,0.3358332514762877
10-31,0.3899993896484375,1.8800001144409197,1.0999994277954102,1.0900001525878888,-0.38000011444091797,-1.25,-1.179999828338624,1.3000001907348642,1.8000001907348642,-1.1500000953674316,-0.11999988555908203,0.040000200271606445,7.0,5.0,12-30,0.2933333118756613
11-01,0.21000003814697266,2.039999961853029,1.4700002670288086,1.2100000381469744,-0.18999958038330078,-1.419999122619629,-1.1700000762939462,1.3499999046325692,1.6500000953674325,-1.440000057220459,0.04999971389770508,0.040000200271606445,8.0,4.0,12-31,0.3166667819023136
11-02,0.21000003814697266,1.9200000762939453,1.0500001907348615,1.119999885559082,-0.39999961853027344,-1.419999122619629,-1.1700000762939462,1.4500002861022958,1.7500000000000009,-1.4600000381469735,0.14999961853027344,0.040000200271606445,8.0,4.0,01-01,0.270000120004018
11-03,0.17000007629394354,1.8299999237060565,0.5999994277954102,0.9499998092651385,-0.5200004577636719,-1.609999656677246,-1.4200000762939462,1.4500002861022958,1.8499999046325692,-1.0500001907348642,0.19999980926513672,0.03000020980834961,8.0,4.0,01-02,0.2066665887832643
11-04,0.23000049591064453,1.280000686645506,1.4600000381469762,1.1700000762939453,-0.5399999618530273,-1.6800003051757812,-1.6800003051757821,1.3500003814697257,1.799999713897706,-1.0100002288818368,0.1099996566772452,0.13000011444091797,8.0,4.0,01-03,0.21833336353301994
11-05,-0.14999961853027344,0.9899997711181658,2.779999732971193,1.7699995040893555,-0.5,-1.9200000762939453,-1.0299997329711905,1.25,1.6500000953674308,-1.0199999809265146,0.129999637603758,0.1100001335144043,7.0,5.0,01-04,0.338333288828532
11-06,-0.07000064849853338,1.069999694824217,2.4499998092651367,1.4499998092651367,-0.9200000762939471,-1.5399999618530291,-1.0299997329711914,1.4000000953674325,1.549999713897706,-1.0099997520446777,0.06999969482421697,0.10000014305114702,7.0,5.0,01-05,0.2933332324028012
11-07,0.39000034332275213,0.6499996185302717,2.75,1.8400001525878888,-0.8500003814697266,-1.3600006103515643,-0.7300000190734863,1.5,1.6999998092651376,-1.2199997901916504,0.039999961853027344,0.13000011444091797,8.0,4.0,01-06,0.40333326657613067
11-08,0.2400007247924787,1.2100000381469709,2.6599998474121094,1.610000610351559,-0.9399995803833008,-1.1399993896484375,-0.7699999809265137,1.3000001907348633,1.6999998092651376,-1.2499999999999991,0.2799997329711923,0.13000011444091797,8.0,4.0,01-07,0.41916684309641483
11-09,0.2700004577636701,1.8400001525878906,2.8999996185302734,1.3199996948242205,-1.010000228881836,-1.5900001525878906,-0.8600001335144034,1.1500000953674316,0.9000000953674299,-0.8299999237060538,0.14999961853027166,0.13000011444091797,8.0,4.0,01-08,0.3641666173934935
11-10,0.9400005340576172,1.5200004577636719,2.7399997711181623,0.6799993515014666,-1.0,-1.739999771118164,-0.8400001525878897,0.7999997138977051,1.25,-0.17999982833862305,0.14999961853027166,0.10000014305114702,8.0,4.0,01-09,0.36833331982294704
11-11,0.9400005340576172,2.049999237060545,1.699999809265135,0.719999313354494,-0.9700002670288104,-1.699999809265135,-0.8600001335144034,1.1499996185302743,1.0,-0.19000005722045898,0.06999969482421875,0.12000012397766113,8.0,4.0,01-10,0.33583317200342816
11-12,1.6000003814697283,1.8800001144409162,2.2799997329711896,0.5499992370605469,-0.23999977111816584,-1.699999809265135,-0.809999942779541,1.200000286102294,0.9499998092651376,-0.1700000762939453,0.1599998474121107,0.2200000286102295,8.0,4.0,01-11,0.4933333198229472
11-13,1.8400001525878924,2.5399999618530273,2.7399997711181623,0.569999694824217,-0.0900001525878924,-1.689999580383299,-0.5700001716613778,1.5999999046325692,1.049999713897705,-0.2200002670288077,0.1599998474121107,0.1400001049041748,8.0,4.0,01-12,0.6724999149640402
11-14,1.3299999237060547,2.3499994277954137,2.7799997329711896,0.969999313354494,-0.2700004577636719,-1.2899999618530273,-0.690000057220459,1.4999999999999991,1.0999999046325675,-0.38000011444091797,0.16000008583068803,0.0,7.0,5.0,01-13,0.6299998164176942
11-15,1.119999885559082,2.489999771118166,2.260000228881834,1.25,-0.6499996185302752,-1.5399999618530291,-0.6700000762939453,1.5999999046325675,0.8499999046325675,-0.630000114440918,0.039999961853026456,0.0,7.0,5.0,01-14,0.5099999904632563
11-16,1.1499996185302717,3.010000228881836,2.5199995040893555,1.0299997329711932,-0.8299999237060547,-1.5399999618530291,-0.8399996757507324,1.6999998092651358,0.9499998092651349,-0.7899999618530256,0.16000008583068803,0.0,7.0,5.0,01-15,0.5433332721392311
11-17,1.1499996185302717,2.859999656677246,2.5399999618530273,0.850000381469723,-0.7600002288818359,-1.7700004577636719,-0.5899996757507324,1.8499999046325675,1.199999809265135,-0.5399999618530265,0.1499998569488521,0.0,7.0,5.0,01-16,0.5783332387606297
11-18,1.4399995803833008,2.3999996185302734,2.4899997711181623,0.7200002670288086,-0.4600000381469709,-1.9099998474121094,-0.5499997138977051,1.9000000953674308,1.1500000953674325,-0.5599999427795401,0.12999987602233753,0.0,7.0,5.0,01-17,0.562499980131785
11-19,1.5399999618530238,1.7399997711181658,2.940000534057617,0.4600000381469709,-0.5,-1.5500001907348633,-0.7300000190734863,2.0500001907348624,1.25,-0.5599999427795401,0.12999987602233753,0.0,7.0,4.0,01-18,0.564166684945424
11-20,1.4700002670288086,2.1199998855590803,3.1599998474121094,0.5699996948242205,-0.11999988555908025,-1.6100006103515625,-0.6600003242492676,2.0,1.25,-0.6199998855590811,0.13999986648559437,0.0,7.0,4.0,01-19,0.6416665712992352
11-21,2.1400003433227557,2.470000267028807,3.5399999618530273,0.35000038146972656,-0.26000022888183416,-1.75,-0.7899999618530273,1.6999998092651376,0.8499999046325675,-0.760000228881835,0.13999986648559437,0.0,7.0,4.0,01-20,0.6358333428700766
11-22,3.0900001525878906,1.7899999618530273,3.5199995040893555,0.3000001907348633,-0.09000015258789062,-1.4600000381469744,-0.940000057220459,1.549999713897706,0.9499998092651349,-0.8600001335144052,0.3100001811981197,0.0,7.0,4.0,01-21,0.6799999276796972
11-23,2.4400005340576207,1.9600000381469762,4.069999694824219,0.4099998474121094,-0.09000015258789062,-1.5200004577636719,-0.940000057220459,0.9499998092651376,0.75,-0.9700002670288095,0.22000002861022994,0.0,7.0,4.0,01-22,0.6066665848096218
11-24,2.5100002288818377,1.8199996948242205,4.149999618530273,0.010000228881835938,-0.07999992370605469,-1.8400001525878924,-0.6700000762939453,1.1499996185302752,0.8500003814697248,-0.7000002861022949,0.2599999904632573,0.0,7.0,4.0,01-23,0.6216666102409364
11-25,2.6199998855590856,2.2100000381469727,4.039999961853027,0.020000457763671875,-0.09000015258789062,-1.9700002670288068,-0.8299999237060547,1.1499996185302752,0.6500000953674299,-0.6700000762939453,0.4799997806549068,0.0,7.0,4.0,01-24,0.6341666181882227
11-26,2.640000343322752,2.1100006103515625,2.9399995803833026,-0.029999732971191406,-0.050000190734861505,-2.140000343322754,-0.8999996185302725,1.049999713897705,0.7300000190734846,-0.6700000762939453,0.4899997711181636,0.0,6.0,5.0,01-25,0.5141666730244955
11-27,1.9099998474121076,1.9800004959106445,3.380000114440918,-0.05000019073486328,-0.15000057220459162,-1.6300001144409197,-0.6999998092651358,0.9499998092651376,0.8500003814697248,-0.6100001335144043,0.4799997806549068,0.0,6.0,5.0,01-26,0.5341666340827937
11-28,1.880000114440918,2.1999998092651385,3.3000001907348615,-0.10000038146972656,-0.10999965667724432,-1.5999994277954137,-1.169999599456787,1.5999999046325701,0.6000003814697248,-0.6300001144409189,0.49999976158142134,0.0,6.0,5.0,01-27,0.539166748523712
11-29,1.2100000381469744,2.070000648498537,4.090000152587889,0.020000457763671875,-0.22000026702880682,-0.6900005340576136,-0.8299999237060538,1.5999999046325701,0.3000001907348624,-0.2999997138977051,0.45000004768371626,0.0,7.0,4.0,01-28,0.6416667501131701
11-30,1.5300006866455096,2.8700008392333984,3.4500007629394513,-0.1599998474121076,0.03999996185302912,-0.9600000381469709,-0.869999885559082,1.300000190734865,0.1999998092651376,-0.04999971389770508,0.2899997234344478,0.0,7.0,4.0,01-29,0.6366668740908311
12-01,1.2100000381469762,2.820000648498535,3.5,0.5100002288818359,0.059999465942386365,-0.8000001907348633,-0.7800002098083496,1.1500000953674299,0.8000001907348624,0.07000017166137606,0.22999978065490767,0.0,9.0,2.0,01-30,0.7308333516120914
12-02,0.9600000381469762,2.7300004959106428,2.6599998474121076,0.7700004577636701,-0.10000038146972479,-1.0399999618530291,-0.6600003242492676,1.0999999046325701,0.5,0.13000011444091708,0.18999981880187944,0.0,8.0,3.0,01-31,0.6033333341280618
12-03,0.1900005340576172,1.5699996948242188,2.75,0.5200004577636701,-0.029999732971191406,-1.4600000381469744,-0.430000305175783,1.4499998092651376,0.40000009536743253,0.1400003433227539,0.2599999904632564,0.0,8.0,3.0,02-01,0.4466667373975115
12-04,-0.3000001907348615,1.5799999237060582,2.5199995040893572,0.46000003814697266,0.09999942779541016,-1.2600002288818342,-0.3899998664855966,1.299999713897705,0.40000009536743253,0.15000009536743253,0.24000000953674316,0.0,8.0,3.0,02-02,0.3999998768170683
12-05,-0.6900005340576154,2.5699996948242205,2.75,0.5900001525878888,0.17999935150146484,-1.4400005340576154,-0.17999982833862216,0.8499999046325701,0.34999990463256747,0.20000028610229492,0.33000016212463246,0.0,8.0,3.0,02-03,0.45916654666264883
12-06,-0.32999992370605646,2.5900001525878924,2.770000457763672,0.6499996185302699,0.06999969482421875,-0.9700002670288086,-0.17999982833862216,0.6500000953674325,0.4499998092651376,0.13000011444091708,0.1800000667572026,0.0,8.0,3.0,02-04,0.5008333325386046
12-07,-0.05000019073486328,2.4800004959106445,2.630000114440918,0.5900001525878906,-0.06000041961669922,-0.7100000381469744,-0.06999969482421697,0.15000009536743253,0.5999999046325675,0.3299999237060556,0.12000012397766158,0.0,7.0,4.0,02-05,0.5008333722750348
12-08,-0.039999961853027344,2.580000877380371,2.770000457763672,0.3499994277954084,-0.25,-1.3199996948242188,0.12000036239624112,0.1499996185302752,0.5999999046325675,0.42999982833862305,0.12000012397766158,0.0,8.0,3.0,02-06,0.4591667453447978
12-09,0.18999958038330078,2.4099998474121094,2.3000001907348633,0.4099998474121076,-0.3100004196166992,-1.9499998092651367,0.09000015258789151,0.09999990463257014,0.34999990463256747,0.48000001907348633,0.1000001430511488,0.0,9.0,2.0,02-07,0.34749994675318413
12-10,-0.029999732971193183,1.8400001525878924,2.3400001525878906,0.4700002670288068,-0.10999965667724432,-1.3599996566772443,0.15000009536743164,-0.3000001907348624,0.3000001907348624,0.20999956130981445,0.08000016212463423,0.0,7.0,4.0,02-08,0.29916677872339903
12-11,-0.10999965667724432,2.3199996948242205,2.6700000762939453,0.35000038146972656,-0.06999969482422053,-1.4300003051757795,0.40000009536743253,-0.25,0.5500001907348624,0.16999959945678622,0.08000016212463423,0.0,7.0,4.0,02-09,0.3900000452995303
12-12,-0.6199998855590856,2.6599998474121094,2.7200002670288086,0.3400001525878924,0.020000457763671875,-1.1500005722045898,0.42999982833862216,-0.40000009536742986,0.5700001716613761,0.1399998664855966,0.18000006675720215,0.0,8.0,3.0,02-10,0.4075000087420145
12-13,-0.4799995422363299,2.239999771118164,2.3400001525878906,0.25,0.05000019073486328,-1.0199995040893555,0.09000015258789151,-0.15000009536742986,0.5500001907348624,0.42999982833862394,0.11999988555908159,0.0,8.0,3.0,02-11,0.3683334191640218
12-14,-0.5099992752075213,2.210000038146971,2.239999771118164,0.5499992370605469,0.22999954223632812,-1.109999656677246,-0.2800002098083496,-0.15000009536742986,0.40000009536742986,0.3099999427795419,0.029999971389770508,0.0,7.0,4.0,02-12,0.3266666134198504
12-15,-0.14999961853027344,2.5900001525878906,2.0399999618530273,0.6599998474121112,0.3199996948242205,-1.2999992370605469,-0.12000036239624112,-0.05000019073486506,0.2999997138977051,0.3299999237060538,0.09000015258789062,0.0,7.0,4.0,02-13,0.39250000317891437
12-16,0.26000022888183416,1.5699996948242205,1.549999237060545,0.630000114440918,0.39999961853027166,-1.3999996185302734,-0.24000024795532227,0.09999990463256747,-0.15000009536743253,0.36999988555908203,0.09999990463256836,0.0,8.0,3.0,02-14,0.2658332188924149
12-17,0.3000001907348633,1.2100000381469727,1.4899997711181623,0.6999998092651367,0.42000007629394354,-1.7699995040893555,-0.019999980926513672,0.05000019073486239,0.0,0.570000171661377,0.059999942779541016,0.0,8.0,3.0,02-15,0.2508333921432491
12-18,0.5500001907348633,1.3699998855590838,1.2100000381469727,0.5200004577636701,0.3499994277954084,-1.8899993896484375,-0.06999969482421964,0.05000019073486239,0.09999990463256747,0.6599998474121094,0.009999752044677734,0.0,9.0,2.0,02-16,0.23833338419596317
12-19,0.2700004577636719,1.1700000762939489,1.0699996948242205,0.31000041961669744,0.4600000381469709,-1.5,0.07999992370605469,0.10000038146972479,0.34999990463256747,0.5399999618530273,0.059999942779541016,0.0,10.0,1.0,02-17,0.24250006675720207
12-20,1.300000190734865,1.2700004577636737,0.17000007629394887,0.06000041961669744,0.15000057220458984,-1.4200000762939453,0.23000001907348633,-0.04999971389770508,0.25,0.7400002479553223,0.23000001907348633,0.0,9.0,2.0,02-18,0.24416685104370162
12-21,0.9600000381469727,0.9600000381469727,0.10999965667724787,-0.14999961853027344,0.4000005722045863,-1.369999885559082,0.3899998664855948,-0.04999971389770508,0.1999998092651376,0.9899997711181632,-0.1399998664855957,0.0,7.0,4.0,02-19,0.19166672229766823
12-22,1.0299997329711932,0.6599998474121112,-0.18000030517577947,-0.07999992370605469,0.39000034332275213,-1.5500001907348633,0.3599996566772452,-0.1999998092651376,0.04999971389770508,0.9800000190734881,-0.1499998569488521,0.0,6.0,5.0,02-20,0.10916660229365065
12-23,0.4200000762939453,0.6400003433227539,0.07000064849853516,-0.19999980926513672,0.2400007247924787,-1.630000114440918,0.2799997329711905,0.05000019073486239,0.4499998092651376,0.8000001907348642,-0.3399999141693115,0.0,8.0,3.0,02-21,0.06500015656153346
12-24,0.5,0.5599994659423828,-0.019999504089353692,-0.23999977111816406,0.030000686645506036,-1.5399999618530256,-0.04999971389770508,0.1999998092651376,0.05000019073486239,0.8600001335144052,-0.5400002002716064,0.0,6.0,5.0,02-22,-0.01583323876063007
12-26,0.6400003433227539,0.1099996566772461,0.05000019073486328,-0.31999969482421875,0.13000011444091797,-1.7100000381469727,0.26999998092651367,0.0,0.3000001907348624,0.9200000762939453,-0.40000009536743164,0.0,7.0,4.0,02-24,-0.000833272933960035
12-27,0.32999992370605646,-0.09000015258789062,0.05000019073486328,-0.4899997711181623,0.08999919891357244,-1.760000228881836,0.25,0.0,0.15000009536742986,1.1500000953674316,-0.7499997615814205,0.0,6.0,5.0,02-25,-0.0891667008399963
12-28,0.4400005340576154,-0.3100004196166992,0.5900001525878906,-0.15999984741210938,0.28999996185302734,-1.7200002670288086,0.19999980926513583,0.15000009536742986,-0.04999971389770508,1.0199999809265137,-0.9100000858306885,0.0,6.0,5.0,02-26,-0.038333316644033166
12-29,0.6199998855590803,-0.4700002670288086,0.5900001525878888,-0.6800003051757812,0.13000011444091975,-1.5200004577636719,0.1900000572204581,0.2999997138977051,0.10000038146972479,1.0300002098083505,-1.0699999332427983,0.0,7.0,4.0,02-27,-0.0650000373522444
12-30,0.5799999237060529,-0.530000686645506,0.4900007247924787,-0.7200002670288068,0.26000022888183594,-1.3299999237060547,0.25999975204467685,0.3000001907348624,0.04999971389770508,0.8000001907348624,-1.4000000953674316,0.0,7.0,4.0,02-28,-0.10333335399627708
12-31,0.7899999618530273,-0.21999931335449396,0.9300003051757812,-0.41000080108642756,0.2799997329711914,-1.199999809265135,0.059999942779541904,0.44999980926513494,-0.05000019073486239,0.75,-1.3099999427795401,0.0,6.0,5.0,03-01,0.005833307902018155
