,2009,2010,2011,2012,2013,2014,2015,2016,2017,2018,2019,2020,ups,downs,end_day_sum,avg
01-02,-7.539999008178711,3.210002899169929,0.13000106811524148,4.389999389648423,4.6399993896484375,7.0900039672851705,9.709999084472685,4.970008850097699,13.82000732421875,-2.5,30.54998779296875,-4.6100006103515625,9.0,3.0,03-02,5.321667512257901
01-03,-9.600000381469716,3.430000305175774,0.3400001525878906,4.389999389648423,4.6100006103515625,6.709999084472642,12.869995117187514,5.069999694824261,13.82000732421875,-6.349990844726534,33.0,-15.360000610351591,9.0,3.0,03-03,4.410834153493248
01-04,-9.720001220703114,3.200000762939453,0.7700004577636719,3.8100013732910085,3.8199996948242116,6.709999084472656,12.75,4.819999694824261,12.510009765625,-14.659988403320284,25.990005493164006,-3.069992065429716,9.0,3.0,03-04,3.9108362197875963
01-05,-8.280000686645504,3.779998779296875,0.7299995422363281,3.9599990844726562,6.209999084472656,8.779998779296875,12.939994812011719,5.970001220703153,14.100006103515625,-15.619995117187443,26.419998168945284,1.8600006103515625,10.0,2.0,03-05,5.070833365122482
01-06,-8.920000076293949,3.9399986267089844,2.1800003051757884,4.569999694824219,6.860000610351555,8.889999389648452,13.419998168945312,8.279998779296903,15.699996948242188,-14.970001220703125,28.709991455078097,14.66000366210929,10.0,2.0,03-06,6.943332195281976
01-07,-7.670000076293949,3.700000762939453,1.9499969482421804,3.55999755859375,6.9199981689453125,8.099998474121108,12.609992980957031,9.579994201660156,16.020004272460938,-11.509994506835938,27.0,17.869995117187443,10.0,2.0,03-07,7.3441653251647905
01-08,-9.310001373291016,3.520000457763672,0.8499984741210938,2.2899971008300852,6.379997253417969,6.599998474121108,11.0,11.690002441406236,15.25,-9.860000610351562,24.06001281738284,14.039993286132784,10.0,2.0,03-08,6.375833193461101
01-09,-8.130001068115234,4.220001220703125,2.6199989318847656,2.6699981689453125,6.020000457763679,6.769996643066406,10.69000244140625,12.15000152587892,15.0,-7.3899993896484375,21.290008544921903,8.460006713867188,10.0,2.0,03-09,6.197501182556157
01-10,-7.299999237060547,4.180000305175781,3.479999542236328,0.7900009155273438,6.329998016357415,5.849998474121094,10.360000610351548,11.819999694824261,15.25,-0.6699981689453125,18.949996948242244,12.699996948242102,10.0,2.0,03-10,6.811666170756022
01-11,-5.149999618530273,3.8100013732910156,2.9099998474121094,0.7400016784667969,6.74000167846679,7.029998779296875,10.509994506835909,12.620002746582045,14.17999267578125,-2.9400024414062216,19.090011596679688,5.389999389648409,10.0,2.0,03-11,6.2441668510436985
01-12,-5.040000915527344,4.430000305175774,2.420001983642578,1.3100013732910085,6.950000762939453,6.0800018310546875,11.389999389648438,10.970001220703125,18.029998779296875,-1.169998168945284,21.700012207031193,0.8300018310546875,10.0,2.0,03-12,6.491668383280433
01-13,-4.370000839233398,4.3000030517578125,1.8500022888183452,3.020000457763672,6.420001983642585,6.119995117187514,11.709999084472685,13.69000244140625,17.919998168945312,1.639999389648466,23.290008544921847,-16.55999755859372,10.0,2.0,03-13,5.75250101089478
01-14,-3.030000686645508,4.790000915527344,1.9099998474121094,2.779998779296875,7.170001983642585,5.069999694824233,11.139999389648438,12.249992370605469,17.3699951171875,2.260009765625057,24.090011596679688,-13.440002441406222,10.0,2.0,03-14,6.030000527699798
01-15,-3.160001754760742,5.75,1.2600021362304616,4.269996643066406,7.310001373291023,4.699996948242202,13.919998168945327,15.209999084472656,17.389999389648438,2.2200012207031534,23.840011596679688,-14.990005493164006,10.0,2.0,03-15,6.476666609446217
01-16,-5.1399993896484375,5.380001068115227,0.8400001525878906,4.019996643066406,8.170001983642585,2.819999694824233,13.230003356933608,16.16999053955074,20.6300048828125,2.2200012207031534,28.160003662109403,-39.18998718261716,10.0,2.0,03-16,4.775834719340012
01-17,-2.9400005340576207,4.970001220703118,0.10000228881835938,4.019996643066406,7.45000076293946,3.7899932861328125,12.669998168945312,16.370002746582017,20.6300048828125,1.0899963378905966,27.580001831054688,-31.80999755859375,10.0,2.0,03-17,5.326666673024492
01-18,-3.0200004577636683,4.440002441406243,0.10000228881835938,3.6999969482421804,6.779998779296882,4.1699981689453125,12.359992980957031,15.859992980957017,20.25,-2.550003051757841,24.779998779296903,-45.94999694824219,9.0,3.0,03-18,3.409998575846353
01-19,-1.8299999237060582,4.440002441406243,1.4200019836425781,4.939998626708984,7.450000762939453,4.759994506835952,13.5,15.859992980957017,20.770004272460938,-4.369995117187443,28.270004272460966,-50.389999389648466,9.0,3.0,03-19,3.735000451405847
01-20,-1.8299999237060582,5.159999847412109,1.2999992370605398,4.900001525878906,7.650001525878899,3.9399948120117045,13.5,17.239997863769545,20.25,-6.839996337890625,28.840011596679716,-60.09999084472659,9.0,3.0,03-20,2.834168275197346
01-21,-2.3700008392333984,5.340000152587891,3.510002136230476,4.770000457763665,9.08999633789061,3.9399948120117045,12.290000915527358,17.91999816894534,20.569992065429688,-6.009994506835909,32.610000610351534,-60.09999084472659,9.0,3.0,03-21,3.463333288828531
01-22,-2.0999984741210973,4.25,3.6199989318847656,3.420001983642578,9.08999633789061,3.579994201660142,11.099998474121094,14.05999755859375,17.569992065429688,-4.349990844726591,32.610000610351534,-62.36000061035159,9.0,3.0,03-22,2.5408325195312407
01-23,-2.970001220703125,4.770000457763672,3.1500015258789062,2.9500007629394602,8.459995269775384,3.6899948120117188,11.14999389648436,16.649993896484347,18.860000610351562,-4.159988403320341,31.839996337890568,-50.13999938964844,9.0,3.0,03-23,3.687499046325673
01-24,-0.889999389648441,5.83000183105468,2.8199996948242188,2.6199989318847727,6.340000152587891,5.379997253417969,10.049995422363295,16.68000793457034,13.82000732421875,-5.979995727539091,34.78997802734375,-59.18000793457031,9.0,3.0,03-24,2.6899986267089857
01-25,-1.8999996185302805,5.1399993896484375,2.9300003051757812,1.7899971008300852,6.040000915527344,4.9199981689453125,10.05999755859375,16.68000793457034,11.94000244140625,-13.489990234375,32.83000183105469,-71.29000854492188,9.0,3.0,03-25,0.4708339373270694
01-26,-0.5,5.219997406005859,2.5699996948242188,2.1599998474121094,6.420001983642585,5.579994201660156,9.299995422363295,12.27000427246098,14.620010375976562,-18.389999389648438,36.220016479492244,-67.91999816894531,9.0,3.0,03-26,0.6291685104370212
01-27,-1.4899997711181605,5.219997406005859,2.6399993896484446,1.7700004577636648,6.520000457763672,3.8299942016601562,9.969993591308608,15.44001007080081,12.8699951171875,-16.370010375976562,38.15998840332031,-57.730010986328125,9.0,3.0,03-27,1.7358298301696813
01-28,-2.69000053405761,5.270000457763679,2.7099990844726562,3.1500015258789062,6.520000457763672,2.8799972534179688,9.729995727539077,16.24000549316409,13.410003662109375,-19.139999389648438,38.90000915527338,-59.71000671386719,9.0,3.0,03-28,1.4391671816507976
01-29,0.5,6.419998168945305,1.6399993896484446,3.2900009155273438,6.340000152587891,3.4199981689453125,10.069999694824205,13.079994201660156,13.020004272460938,-19.139999389648438,36.11000061035148,-56.480010986328125,10.0,2.0,03-29,1.522498766581209
01-30,0.1800003051757848,5.990001678466797,2.0,3.029998779296882,7.3899993896484375,2.5400009155273438,12.209999084472642,15.029991149902344,12.110000610351562,-18.3599853515625,38.560012817382756,-38.4800109863281,10.0,2.0,03-30,3.51666736602783
01-31,-1.8199996948242188,6.5,3.0699996948242188,3.579998016357429,5.870002746582024,3.660003662109375,11.010002136230483,16.230003356933622,11.8800048828125,-16.089996337890625,34.970001220703125,-47.67999267578122,9.0,3.0,03-31,2.598335584004726
02-01,-1.7900009155273438,6.5,1.75,3.1800003051757884,5.930000305175774,7.910003662109375,11.330001831054673,16.62000274658203,11.5,-13.440002441406278,34.61999511718756,-46.53001403808594,9.0,3.0,04-01,3.131665547688803
02-02,-1.639999389648441,6.099998474121094,2.239997863769524,1.3600006103515625,5.6000022888183665,7.5800018310546875,11.330001831054673,18.600006103515625,12.819992065429688,-5.5900115966796875,35.370010375976534,-51.920013427734375,9.0,3.0,04-02,3.4874989191691044
02-03,-2.180000305175785,4.979999542236321,3.3800010681152344,0.4500007629394531,5.260002136230476,9.330001831054688,10.620002746582017,17.91000366210939,10.050003051757812,4.020004272460909,34.979995727539034,-57.93000793457031,10.0,2.0,04-03,3.4058338801066035
02-04,-1.6899986267089915,5.1699981689453125,2.1100006103515696,0.420001983642571,2.6800003051757955,7.910003662109375,10.650001525878892,16.99000549316402,9.020004272460938,8.059997558593722,37.379989624023466,-63.22999572753909,10.0,2.0,04-04,2.955834070841464
02-05,-0.9300003051757777,4.279998779296875,1.7400016784667969,0.420001983642571,1.5699996948242259,7.849998474121094,10.940002441406236,23.13000488281253,8.529998779296875,9.75,34.78997802734375,-66.80000305175781,10.0,2.0,04-05,2.9391651153564466
02-06,-1.3400001525878906,4.549999237060547,1.8700027465820241,0.420001983642571,1.9500007629394602,6.7299957275390625,10.869995117187528,22.459991455078097,7.1500091552734375,7.9199981689453125,34.86997985839841,-61.65000915527344,10.0,2.0,04-06,2.983330408732094
02-07,-1.7000007629394531,4.340000152587891,1.8100013732910156,0.5400009155273366,3.009998321533203,3.6999969482421875,11.42999267578125,22.56999206542966,4.19000244140625,4.770004272460966,37.55999755859375,-64.42999267578125,10.0,2.0,04-07,2.315832773844401
02-08,-2.9200000762939418,4.590000152587891,0.700000762939446,0.8800010681152273,3.0500030517578054,1.6199951171875,10.729995727539062,23.75,1.160003662109375,12.090011596679688,40.70001220703131,-58.529998779296875,10.0,2.0,04-08,3.151668707529707
02-09,-2.9200000762939418,3.959999084472649,1.9300003051757812,0.0800018310546875,3.5800018310546875,0.80999755859375,11.5,24.25,1.3000030517578125,1.8399963378906818,38.7599792480469,-48.75999450683594,10.0,2.0,04-09,3.027498722076423
02-10,-1.4899997711181605,3.8899993896484375,2.049999237060547,-0.5,3.479999542236328,2.9599990844726562,10.53000640869142,22.43000030517578,1.3699951171875,-2.75,35.2699890136719,-48.75999450683594,8.0,4.0,04-10,2.373332818349206
02-11,-1.0300006866455043,3.5800018310546875,0.37000274658204546,-1.6300010681152344,4.209999084472656,2.6800003051757812,10.340003967285156,20.75999450683598,5.2299957275390625,-0.8300018310546875,32.190002441406335,-49.30999755859375,8.0,4.0,04-11,2.2133332888285437
02-12,-0.7000007629394496,4.110000610351555,0.5799980163574219,-2.6300010681152344,3.329998016357429,1.3700027465820312,8.010002136230469,20.089996337890625,6.7899932861328125,-2.2399902343749716,25.900009155273494,-53.16999816894534,8.0,4.0,04-12,0.9533341725667365
02-13,1.5900001525878906,5.200000762939453,0.6100006103515625,-1.9600028991699148,2.8899993896484375,1.1399993896484375,6.9300003051757955,19.57000732421878,6.7899932861328125,-0.459991455078125,25.23001098632821,-45.96000671386719,9.0,3.0,04-13,1.7975009282430132
02-14,1.9099998474121058,5.260002136230469,0.020000457763671875,-1.5600013732910085,3.8100013732910156,0.6100006103515625,5.44000244140625,20.520004272460938,7.739990234375,-4.159988403320284,26.809997558593807,-40.49000549316406,9.0,3.0,04-14,2.159166971842455
02-15,1.2000007629394531,6.170001983642578,0.75,-1.190002441406243,3.3300018310546804,-1.1800003051757812,6.740005493164077,22.25,8.579986572265625,-5.119995117187443,26.789993286132812,-49.25999450683591,8.0,4.0,04-15,1.5883331298828207
02-16,1.1800003051757848,6.170001983642578,0.6599998474121094,-1.2100028991699148,0.4900016784667969,-1.6599960327148438,8.810005187988281,22.25,-2.2400054931640625,-7.029998779296903,29.660003662109318,-43.720001220703125,7.0,5.0,04-16,1.1133340199788353
02-17,1.1800003051757848,5.740001678466797,-0.19000244140625,-1.7400016784667969,1.7999992370605469,-1.6599960327148438,8.810005187988281,19.0,2.6999969482421875,0.2299957275390625,25.290008544921818,-54.220001220703125,8.0,4.0,04-17,0.5783338546752882
02-18,1.6800003051757848,4.939998626708984,0.5099983215332031,-1.2999992370605398,0.7599983215332031,-1.6599960327148438,8.200004577636733,19.2799911499023,2.230010986328125,2.6900024414062216,25.290008544921818,-54.220001220703125,9.0,3.0,04-18,0.7000013987223225
02-19,2.139999389648441,4.189998626708984,0.6800003051757955,-0.9600028991699148,0.7599983215332031,-2.2899932861328125,7.150001525878906,19.54999542236328,2.0200042724609375,2.599990844726591,25.290008544921818,-54.220001220703125,9.0,3.0,04-19,0.5758333206176758
02-20,2.2600002288818324,4.44000244140625,0.9699974060058665,-1.470001220703118,1.789997100830071,-1.4300003051757812,4.790000915527344,15.729995727539048,2.6999969482421875,2.599990844726591,23.430007934570256,-61.7200012207031,9.0,3.0,04-20,-0.49250109990437946
02-21,2.1599998474121165,4.540000915527344,0.9699974060058665,-1.470001220703118,2.299999237060547,-0.15000152587890625,0.31999969482421875,17.66000366210939,2.6999969482421875,3.1599884033203693,19.740020751953182,-63.15998840332031,9.0,3.0,04-21,-0.935832023620593
02-22,3.689998626708988,4.889999389648445,0.9699974060058665,-1.4099998474121094,3.6500015258789062,-2.970001220703125,-0.7900009155273438,16.22000122070314,3.7599945068359375,-3.2400054931640625,21.940017700195312,-66.22000122070312,7.0,5.0,04-22,-1.625833193461098
02-23,4.579999923706058,5.590000152587905,1.9599990844726562,-2.1800003051757812,5.36000061035157,-4.1399993896484375,1.2999954223632955,14.240005493164062,4.779998779296875,-12.6300048828125,19.669998168945312,-74.27000427246094,8.0,4.0,04-23,-2.97833426793416
02-24,3.380001068115231,5.729999542236335,3.8699989318847656,-0.22999954223632812,5.0,-5.040000915527344,1.8899993896484375,11.07000732421875,6.489990234375,-11.580001831054659,16.610000610351562,-76.5,8.0,4.0,04-24,-3.2758337656656877
02-25,3.2200012207031214,7.469997406005859,4.469997406005859,-0.8799972534179616,5.590000152587891,-5.0500030517578125,3.0,8.360000610351591,1.0900115966796875,-20.790008544921875,17.930007934570312,-75.30999755859375,8.0,4.0,04-25,-4.241665840148923
02-26,3.719999313354492,7.689998626708984,4.450000762939453,3.4000015258789134,4.88999938964843,-6.8300018310546875,2.970001220703125,5.9900054931640625,1.6399993896484375,-15.740005493164062,20.45001220703125,-72.91999816894531,9.0,3.0,04-26,-3.3574989636739097
02-27,6.370000839233398,6.709999084472649,1.4599990844726562,3.1500015258789134,3.3500022888183594,-6.290000915527358,3.739997863769517,7.689987182617159,0.2400054931640625,-13.240005493164062,19.21002197265625,-62.290008544921875,9.0,3.0,04-27,-2.4916666348775274
02-28,7.270000457763672,2.5799980163574148,0.34999847412109375,3.5999984741210938,3.799999237060554,-7.889999389648423,0.06000518798828125,8.159988403320284,2.850006103515625,-10.300003051757812,23.70001220703125,-51.62001037597656,9.0,3.0,04-28,-1.453333854675294
02-29,0.0,0.0,0.0,3.2099990844726634,0.0,0.0,0.0,8.349990844726562,0.0,0.0,0.0,-55.430007934570284,2.0,1.0,04-29,-3.6558348337809217
03-01,7.110000610351559,2.5900001525878906,0.789997100830071,3.4300003051757812,3.729999542236328,-7.69000244140625,0.40000152587889204,8.25,-0.0200042724609375,0.0099945068359375,25.779998779296903,-53.0899963378906,9.0,3.0,04-30,-0.725834210713702
03-02,7.850000381469716,2.3700027465820455,0.5799980163574219,3.729999542236328,2.1399993896484375,-7.930000305175781,-0.5199966430664205,8.5,0.94000244140625,0.3800048828125,29.250000000000057,-50.00999450683594,9.0,3.0,05-01,-0.22666533788044893
03-03,7.970001220703114,2.6000022888183665,-0.740001678466804,3.7600021362304688,1.5,-7.5,-0.40000152587890625,6.6200103759765625,-2.220001220703125,-5.8000030517578125,26.040008544921875,-54.939987182617216,6.0,6.0,05-02,-1.9258308410644565
03-04,6.530000686645504,3.029998779296875,-0.5799980163574148,4.200000762939453,-0.29000091552734375,-9.569999694824219,-0.589996337890625,5.809997558593778,-0.040008544921875,-2.6399993896484375,19.910003662109375,-67.73999023437494,5.0,7.0,05-03,-3.4974993069966565
03-05,7.79999923706055,1.4899978637695312,-0.4500007629394531,4.639999389648445,-0.9400024414062429,-9.680000305175795,-1.4199981689452983,6.8699951171875,-1.05999755859375,-6.0,17.620010375976562,-69.09001159667966,5.0,7.0,05-04,-4.185000737508134
03-06,7.459999084472656,1.1099967956542969,-0.9699974060058594,5.909999847412109,-1.0,-9.719993591308594,-0.1100006103515625,5.1399993896484375,0.17999267578125,-9.460006713867188,19.33000183105466,-76.87998962402338,6.0,6.0,05-05,-4.917499860127765
03-07,9.129999160766602,-0.5800018310546875,-1.1199989318847656,5.529998779296882,-0.6899986267089844,-9.05999755859375,0.4499969482421875,6.180007934570341,0.9499969482421875,-11.110000610351562,22.069992065429602,-64.97999572753903,6.0,6.0,05-06,-3.6025001207987484
03-08,8.460000991821296,-1.6000022888183594,-2.8899993896484375,3.990001678466797,-0.04000091552734375,-7.470001220703125,-0.18000030517579546,6.510009765625,1.1999969482421875,-11.479995727539091,27.8800048828125,-60.33000183105469,5.0,7.0,05-07,-2.995832284291588
03-09,9.219999313354492,-1.5600013732910156,-3.75,2.2599983215332102,0.15999984741210938,-9.489997863769531,-0.45000457763671875,5.710006713867216,1.32000732421875,-9.959991455078153,25.11999511718747,-62.459991455078125,6.0,6.0,05-08,-3.6566650072733577
03-10,7.069999694824219,-1.19000244140625,-2.1300010681152273,2.829998016357422,0.7900009155273438,-9.770004272460938,-0.5999984741210795,5.770004272460909,0.5500030517578125,-9.699996948242188,19.899993896484403,-57.8999938964844,6.0,6.0,05-09,-3.698333104451498
03-11,6.960000991821289,-2.2900009155273438,-2.1199989318847656,2.1800003051757812,1.0699996948242188,-8.82000732421875,-1.480003356933608,5.8000030517578125,-1.3899993896484375,-7.759994506835909,23.299987792968835,-40.509994506835994,5.0,7.0,05-10,-2.088333924611406
03-12,5.230001449584957,-3.6699981689453125,-1.920001983642571,2.049999237060547,1.5999984741210866,-8.860000610351577,-0.9499969482422017,4.470001220703153,-1.4499969482421875,-9.099990844726591,21.709991455078182,-15.610000610351591,5.0,7.0,05-11,-0.5416661898295088
03-13,7.680000305175781,-1.0600013732910227,-1.7900009155273366,0.5600013732910156,0.8499984741210866,-7.099998474121108,0.760002136230483,6.1100006103515625,-0.1699981689453125,-9.720001220703182,20.90998840332034,-20.340011596679716,6.0,6.0,05-12,-0.27583503723145064
03-14,6.680000305175785,-1.1899986267089844,-2.450000762939446,0.8100013732910156,0.029998779296867895,-7.279998779296875,1.1199951171875,3.8500061035156534,-0.19000244140625,-9.679992675781278,21.779998779296875,-12.300003051757812,6.0,6.0,05-13,0.09833367665608754
03-15,6.180000305175785,0.20000076293945312,-2.029998779296875,0.5600013732910156,0.020000457763671875,-6.840003967285156,1.650001525878892,3.649993896484375,-3.4300079345703125,-7.180007934570284,26.559997558593665,-17.330001831054688,7.0,5.0,05-14,0.1674979527791285
03-16,5.290000915527351,0.6100006103515625,-1.2900009155273438,1.8699989318847727,-0.2800025939941406,-8.040000915527344,3.470001220703139,4.160003662109375,-4.5200042724609375,-7.539993286132841,19.660003662109432,-20.460006713867188,6.0,6.0,05-15,-0.5891666412353468
03-17,5.370000839233398,1.1399993896484375,-1.0800018310546804,1.1599998474121165,0.8100013732910156,-8.569999694824219,3.7800064086914205,5.949996948242159,-5.850006103515625,-6.179992675781278,22.57000732421875,-16.02000427246091,7.0,5.0,05-16,0.2566672960917155
03-18,4.180000305175788,1.7099990844726562,-2.720001220703132,1.3500022888183665,1.5099983215332031,-9.159996032714858,2.6399993896484517,4.7299957275390625,-3.769989013671875,-9.649993896484375,23.170013427734432,-6.310012817382784,7.0,5.0,05-17,0.640001296997078
03-19,4.659999847412106,1.5500030517578196,-3.4699974060058594,0.9700012207031321,1.309997558593757,-8.33999633789061,4.099998474121108,4.760009765625,0.3700103759765625,-9.069992065429688,22.600006103515682,-11.299987792968722,8.0,4.0,05-18,0.6783377329508573
03-20,5.89999961853027,0.20999908447265625,-4.040000915527344,2.3199996948242188,-0.12999725341795454,-7.989997863769531,4.290000915527358,3.2000122070312784,-0.339996337890625,-9.899993896484403,18.830017089843864,-0.8699951171875,6.0,6.0,05-19,0.9566706021626906
03-21,4.149999618530273,0.1100006103515625,-4.159999847412109,2.7900009155273366,0.3100013732910156,-6.970001220703125,4.080001831054673,1.7200012207031534,2.660003662109375,-11.559997558593722,13.790008544921932,26.95001220703125,9.0,3.0,05-20,2.8225026130676345
03-22,3.829999923706051,-1.0800018310546875,-3.69000244140625,1.5099983215332031,1.2599983215332031,-6.340003967285156,4.150001525878892,1.689987182617159,1.3699951171875,-2.949996948242216,19.410003662109432,22.40000915527341,8.0,4.0,05-21,3.463332335154212
03-23,2.7699985504150426,-2.140003204345696,-3.3600006103515625,1.2000007629394531,0.9699974060058665,-7.769996643066406,4.090003967285142,2.439987182617159,1.0999908447265625,1.1600036621094034,13.720001220703068,25.010009765625,9.0,3.0,05-22,3.2658327420552524
03-24,3.779998779296882,-1.4500007629394531,-3.8899993896484446,2.069999694824226,1.2700004577636648,-7.3600006103515625,4.0800018310546875,0.18000793457034092,5.850006103515625,2.07000732421875,20.429992675781136,21.639999389648438,9.0,3.0,05-23,4.055834452311191
03-25,2.3799991607666016,-2.8500022888183594,-4.1300010681152415,2.529998779296875,0.27000045776366477,-8.019996643066406,4.840003967285142,-0.19999694824215908,5.6999969482421875,-0.4899902343750284,17.549987792968636,11.45001220703125,7.0,5.0,05-24,2.4191676775614304
03-26,0.8400001525878906,-2.6899986267089844,-4.719997406005859,2.7399978637695312,0.17000198364257812,-6.269996643066406,4.2700042724609375,-0.5599975585937216,5.3899993896484375,1.25,15.610015869140568,-5.6599884033203125,7.0,5.0,05-25,0.8641700744628883
03-27,1.1699981689453125,-2.4599990844726634,-5.020000457763679,2.5999984741210938,0.7000007629394602,-6.260002136230469,3.0900039672851562,1.760009765625,5.5800018310546875,4.019989013671875,14.8699951171875,9.919998168945312,9.0,3.0,05-26,2.4974994659423824
03-28,2.25,-1.9200019836425781,-4.449996948242195,2.8600006103515554,0.5900001525878906,-7.19000244140625,2.6299972534179545,2.470001220703125,5.970001220703125,5.110000610351591,13.470001220703068,11.25,9.0,3.0,05-27,2.753333409627274
03-29,3.469999313354492,-1.2400016784667969,-4.80999755859375,2.6399993896484375,0.8899993896484375,-6.3800048828125,2.180000305175753,1.2699890136718466,6.8800048828125,1.470001220703125,11.970001220703068,25.13000488281247,9.0,3.0,05-28,3.6224996248880905
03-30,3.0,-1.75,-5.879997253417969,2.720001220703125,0.6299972534179688,-6.1100006103515625,3.649993896484361,0.8799896240234375,7.3400115966796875,5.199996948242216,6.47998046875,27.650009155273438,9.0,3.0,05-29,3.6508318583170585
03-31,2.970001220703125,-0.970001220703125,-6.25,3.020000457763679,1.1399993896484375,-6.3300018310546875,3.3299942016601705,1.039993286132841,8.849990844726562,7.300003051757841,3.5,33.040008544921875,9.0,3.0,05-30,4.21999899546306
04-01,2.8199996948242223,-1.4200019836425781,-6.630001068115234,4.2399978637695455,0.7900009155273438,-6.0,3.0799942016601705,-1.0,8.729995727539062,6.610000610351591,1.6699829101563637,39.05000305175781,8.0,4.0,05-31,4.328330993652358
04-02,1.340000152587887,0.5499992370605398,-7.029998779296868,2.569999694824226,1.1300010681152344,-7.75,1.8600006103515483,-0.04998779296872158,9.210006713867188,7.629989624023494,2.0599975585938637,37.42001342773435,9.0,3.0,06-01,4.078335126241061
04-03,2.5100002288818395,-0.3899993896484375,-6.8899993896484375,2.569999694824226,3.7100028991699148,-7.17999267578125,0.5100021362304688,0.4200134277344034,10.740005493164062,3.589996337890682,-0.33999633789056816,42.87998962402344,8.0,4.0,06-02,4.344168504079195
04-04,3.990001678466797,-1.1499977111816406,-8.5,3.200000762939453,3.230003356933608,-5.44000244140625,1.3500061035156108,0.9500122070312784,11.230010986328125,1.8999938964844034,5.550018310546932,38.75999450683594,9.0,3.0,06-03,4.589170138041188
04-05,5.5,-0.3299980163574219,-8.630001068115227,4.25,2.4099998474121094,-3.3799972534179688,1.3500061035156108,0.8400115966797159,12.610000610351562,-1.8200073242187784,-9.810028076171932,38.24000549316406,7.0,5.0,06-04,3.4358326594034776
04-06,5.700000762939453,-0.11999893188476562,-8.569999694824219,3.270000457763679,1.3799972534179688,-2.5,1.6800003051757812,-0.339996337890625,12.55999755859375,4.880004882812472,-6.989990234375,45.1199951171875,7.0,5.0,06-05,4.672500928242999
04-07,6.920000076293942,-0.3699989318847656,-8.740001678466797,1.3899993896484375,0.8699989318847656,-2.1699981689453125,2.3799972534179688,-0.2899932861328409,14.259994506835938,6.630004882812528,2.290008544921932,35.34999084472656,8.0,4.0,06-06,4.876666863759364
04-08,6.54000091552734,-0.5900001525878906,-7.760002136230476,1.520000457763679,0.4499969482421946,-1.3600006103515625,1.6099929809570312,-1.800003051757841,12.75,7.910003662109403,1.6200256347655682,27.860000610351562,8.0,4.0,06-07,4.0625012715657505
04-09,4.430000305175781,-3.7900009155273366,-8.099998474121094,3.279998779296875,0.549999237060554,-3.5100021362304688,1.1899948120117188,-1.090011596679716,11.370010375976562,7.809997558593778,5.110015869140568,21.420013427734375,8.0,4.0,06-08,3.2225014368692997
04-10,4.739999771118168,-6.75,-9.289997100830071,4.279998779296875,-0.18000030517577414,-1.6100006103515625,2.0699996948242045,-0.08000183105471592,12.410003662109375,5.889999389648466,8.190002441406136,39.13999938964841,7.0,5.0,06-09,4.900833606719959
04-11,4.8099994659423935,-6.189998626708984,-9.25,3.6100006103515554,0.45000076293946023,1.5500030517577983,2.4599990844726562,1.7799987792968466,10.850006103515625,7.29998779296875,7.209991455078068,41.25,10.0,2.0,06-10,5.485832373301181
04-12,4.85000038146973,-6.229999542236328,-9.28000259399414,3.1500015258789062,1.450000762939439,3.6300048828125,3.220001220703125,0.8300018310546875,13.279998779296875,7.559997558593722,4.809997558593693,36.39999389648435,10.0,2.0,06-11,5.305833021799713
04-13,4.85000038146973,-6.290000915527344,-8.69000244140625,4.270000457763679,4.990001678466811,3.279998779296889,5.169998168945298,-0.899993896484375,13.19000244140625,15.049987792968778,9.160003662109432,27.68998718261716,9.0,3.0,06-12,5.980831940968838
04-14,5.559999465942383,-7.200000762939453,-7.899997711181641,4.149997711181641,3.819999694824226,2.5999984741210795,3.8699951171874716,0.2600097656250284,11.339996337890625,7.2299957275390625,4.260009765625,22.149993896484375,10.0,2.0,06-13,4.178333123524983
04-15,5.579999923706051,-4.719997406005859,-8.199996948242188,4.29999923706054,3.6699981689453125,3.079994201660142,1.799995422363267,-2.80999755859375,14.169998168945341,8.990005493164062,4.300018310546932,32.649993896484375,9.0,3.0,06-14,5.234167575836185
04-16,5.479999542236328,-4.270000457763672,-7.500000000000007,2.5199966430664062,2.3600006103515625,1.6599960327148295,2.7099990844726562,-2.3800048828125,17.229995727539062,5.160003662109375,8.670013427734432,31.399993896484347,9.0,3.0,06-15,5.253332773844401
04-17,5.149999618530277,-4.490001678466797,-6.45000076293946,2.1800003051757812,3.4000015258789062,-0.05999755859375,3.6299972534179688,-1.75,19.079986572265653,2.699996948242216,11.970001220703068,35.11000061035159,8.0,4.0,06-16,5.872498671213788
04-18,5.2100009918212855,-3.69000244140625,-7.819999694824226,2.6899986267089844,3.6100006103515625,2.1100006103515625,6.879997253417969,-1.6900024414062216,19.28999328613284,2.7900085449218466,6.54998779296875,43.910003662109375,9.0,3.0,06-17,6.653332233428956
04-19,4.639999389648434,-3.8500022888183594,-8.109996795654297,3.3199996948242188,2.1800003051757812,2.0999984741210938,5.790000915527358,-3.6200103759765625,18.61000061035159,8.680007934570284,8.209991455078068,47.660003662109375,9.0,3.0,06-18,7.134166081746415
04-20,4.170000076293942,-3.950000762939453,-9.55999755859375,3.9199981689453054,2.4199981689453054,2.4800033569335938,5.299995422363281,-2.1800079345703125,18.410003662109375,14.25,4.639984130859432,49.19000244140625,9.0,3.0,06-19,7.424164930979415
04-21,2.6400012969970703,-4.299999237060554,-10.019996643066406,4.879997253417962,2.940002441406257,2.5500030517578125,6.409996032714844,-2.1300048828125,16.18000793457034,10.769989013671875,3.160003662109432,57.24000549316406,9.0,3.0,06-20,7.526667118072517
04-22,1.75,-6.200000762939453,-9.58000183105468,5.430000305175781,1.75,3.720001220703125,4.3199996948242045,-2.460006713867216,22.729995727539062,7.5,3.699981689453068,59.470001220703125,9.0,3.0,06-21,7.677497545878086
04-23,1.3000011444091832,-6.540000915527344,-9.950000762939453,4.799999237060547,2.1100006103515696,4.620002746582031,4.480003356933594,1.889999389648409,22.92999267578125,6.419998168945284,6.759979248046818,47.53001403808594,10.0,2.0,06-22,7.195832411448152
04-24,-1.3400001525878906,-5.520000457763672,-9.85000228881836,0.5200004577636719,1.520000457763679,4.540000915527344,2.3499984741210938,1.850006103515625,23.54998779296875,15.6300048828125,5.439971923828068,45.27000427246094,9.0,3.0,06-23,6.996664365132645
04-25,-1.130001068115238,-6.599998474121094,-10.010002136230476,0.7700004577636719,-1.6699981689453196,5.560005187988281,3.3600006103515625,1.650009155273409,23.0,10.580001831054688,3.199981689453182,39.060012817382784,8.0,4.0,06-24,5.647500991821288
04-26,-0.6000003814697301,-6.619998931884766,-7.020000457763679,-1.1800003051757812,-1.3699989318847727,5.569999694824219,3.029998779296861,1.180007934570284,24.399993896484375,5.6300048828125,-3.110015869140568,44.3500061035156,6.0,6.0,06-25,5.354999701182045
04-27,-0.10000038146973012,-2.4899978637695312,-5.9099998474121165,-0.6599998474121094,-1.5200004577636648,3.9300003051757812,2.6299972534179545,0.9900054931640057,20.419998168945312,1.699996948242159,-4.190002441406364,40.77999877929685,6.0,6.0,06-26,4.631666342417379
04-28,0.05999946594238281,-2.500000000000007,-5.560001373291016,-0.8600006103515625,-0.30999755859375,5.209999084472656,2.2900009155273438,6.709991455078125,22.220001220703153,4.730010986328097,-3.8099975585938637,38.43998718261716,7.0,5.0,06-27,5.551666100819894
04-29,-0.6800003051757741,-3.5400009155273366,-5.74000167846679,-0.02000045776367898,0.7000007629394531,5.4499969482421875,3.2099990844726562,5.309997558593722,20.08000183105466,3.1300048828125,-3.769989013671932,35.3599853515625,7.0,5.0,06-28,4.9574995040893475
04-30,0.5400009155273402,-1.4199981689453125,-6.039997100830071,0.45999908447265625,1.3400001525878906,5.019996643066406,2.9599990844726562,1.2700042724609375,17.779998779296903,0.4600067138671875,-0.55999755859375,38.580001831054716,9.0,3.0,06-29,5.032501220703129
05-01,0.22999954223632812,-1.7599983215332031,-5.939998626708984,0.020000457763671875,3.1300010681152344,4.6199951171875,2.029998779296875,2.550003051757841,18.020004272460938,-2.6999969482421875,5.57000732421875,42.0,9.0,3.0,06-30,5.64750130971273
05-02,-0.450000762939446,-3.30999755859375,-5.789997100830071,-0.4199981689453196,4.319995880126939,4.839996337890625,-0.23000335693357954,2.5200042724609375,19.039993286132812,0.660003662109375,7.25,43.729995727539034,7.0,5.0,07-01,6.013332684834796
05-03,-0.8899993896484446,-4.099998474121094,-5.270000457763665,0.29999923706053977,2.720001220703125,3.4300003051757812,0.26000213623045454,4.25,17.800003051757812,-0.6399993896484375,2.989990234375,46.9100036621094,8.0,4.0,07-02,5.646666844685872
05-04,-0.8899993896484446,-2.4099998474121094,-5.1199989318847585,3.5100021362304545,2.950000762939453,4.220001220703125,0.26000213623045454,3.2099914550780966,15.580001831054688,0.5999908447265909,12.139984130859432,46.9100036621094,9.0,3.0,07-03,6.746665000915532
05-05,-0.2200012207031392,-1.3899993896484375,-6.029998779296868,2.870002746582024,2.950000762939453,4.220001220703125,0.8899993896484375,2.860000610351591,15.589996337890625,-1.770004272460909,12.139984130859432,42.26000976562506,8.0,4.0,07-04,6.197499275207533
05-06,-0.9799995422363352,-0.5400009155273438,-6.380001068115234,2.450000762939453,2.700000762939453,6.239997863769531,1.1600036621093608,5.82000732421875,16.6300048828125,-0.1300048828125,13.630004882812557,44.389999389648494,8.0,4.0,07-05,7.082501093546557
05-07,0.15999984741211293,0.3899993896484446,-5.590000152587891,3.6000022888183594,2.0699996948242188,6.5200042724609375,0.3600006103515625,5.5500030517578125,16.860000610351562,0.0800018310546875,18.850006103515625,38.7200012207031,11.0,1.0,07-06,7.297501564025878
05-08,-1.1800003051757812,-2.909999847412095,-6.130001068115234,4.25,1.7900009155273438,6.120002746582031,-0.6399993896484517,5.5,18.810012817382812,-1.860000610351591,15.450012207031193,41.69000244140628,7.0,5.0,07-07,6.7408358256022085
05-09,-0.7999992370605433,-2.2999992370605398,-6.369998931884766,4.380001068115234,1.8000030517578125,5.6300048828125,-1.0199966430664062,8.44000244140625,18.870010375976562,-0.5200042724609091,18.57000732421875,51.5400085449219,7.0,5.0,07-08,8.185003280639654
05-10,-1.2199993133544922,-0.9399986267089773,-6.5,5.009998321533203,2.839996337890611,3.8800048828125,-0.40999603271484375,6.800003051757841,17.590011596679688,1.9100036621093466,11.339996337890682,50.82000732421872,8.0,4.0,07-09,7.593335628509524
05-11,-1.369998931884762,-0.8100013732910156,-5.840000152587891,3.700000762939446,2.5800018310546875,3.2000045776367188,-1.6800003051757812,9.05999755859375,16.32000732421875,1.92999267578125,15.489990234374943,57.90000915527341,8.0,4.0,07-10,8.373333613077792
05-12,-0.8699989318847621,-2.200000762939453,-5.80999755859375,4.430000305175788,3.0200042724609375,2.4200057983398438,-2.2100067138671733,6.1200103759765625,20.040008544921875,9.779998779296903,15.549987792968693,62.930007934570284,8.0,4.0,07-11,9.433334986368813
05-13,0.020000457763671875,-2.4099998474121165,-5.5,3.6800003051757884,3.2600021362304688,3.6200027465820312,-4.0300064086914205,9.900009155273438,16.819992065429688,10.199996948242216,12.510009765624943,66.06001281738278,9.0,3.0,07-12,9.510835011800124
05-14,-0.0400009155273402,-0.7299995422363352,-5.970001220703125,3.2800025939941335,2.1699981689453125,4.150001525878906,-5.409996032714858,9.849990844726591,15.05999755859375,8.839996337890653,9.600006103515625,57.93998718261716,8.0,4.0,07-13,8.228331883748373
05-15,0.23000144958496094,-0.15999984741210938,-5.480003356933594,3.0900001525878835,1.470001220703125,3.55999755859375,-6.069999694824247,10.619995117187528,15.929992675781222,12.30999755859375,8.999999999999943,57.80999755859372,9.0,3.0,07-14,8.525831699371329
05-16,0.10000038146972656,0.8300018310546804,-4.300003051757805,3.470001220703118,4.6500015258789205,3.4500045776367188,-5.05999755859375,10.709991455078153,11.789993286132784,11.729995727539062,10.470001220703068,37.96998596191406,10.0,2.0,07-15,7.150831381479894
05-17,0.7099990844726562,0.4500007629394531,-3.729999542236321,5.6000022888183665,3.519996643066392,3.44000244140625,-4.9499969482421875,12.269989013671875,12.499999999999972,11.470001220703153,12.929992675781193,45.1199951171875,10.0,2.0,07-16,8.277498563130692
05-18,2.270000457763672,0.5499992370605469,-3.6100006103515554,7.430000305175781,3.4800033569335795,3.3100051879882812,-6.459999084472656,13.75,12.210006713867188,11.229995727539034,18.80999755859375,53.21998596191406,10.0,2.0,07-17,9.68249956766764
05-19,2.590000152587894,1.7400016784667969,-4.350002288818345,5.430000305175767,2.8300018310546733,3.7700042724609375,-6.529998779296875,13.779998779296847,8.289993286132812,5.899993896484347,18.469970703125,57.7699890136719,10.0,2.0,07-18,9.140829404195147
05-20,3.6500015258789027,2.7400016784667898,-4.479999542236321,4.229999542236321,2.8000030517577983,5.1999969482421875,-6.470001220703125,14.440002441406222,8.6300048828125,7.860000610351534,12.189971923828125,55.15998840332031,10.0,2.0,07-19,8.829164187113436
05-21,5.04999923706054,0.829998016357429,-4.80000305175782,4.860000610351555,2.5,4.790000915527344,-6.19000244140625,15.999999999999972,8.229995727539062,8.0,5.479980468750057,57.3399963378906,10.0,2.0,07-20,8.507497151692707
05-22,6.700000762939453,0.549999237060554,-3.8900032043457102,4.400001525878906,3.5,2.7399978637695312,-6.410003662109375,17.76000976562497,8.739990234375,10.559997558593778,8.359985351562557,49.410003662109375,10.0,2.0,07-21,8.53499825795492
05-23,6.14000129699707,1.4199981689453196,-3.5900001525878906,4.19000244140625,5.269996643066406,2.4800033569335938,2.839996337890639,17.800003051757784,9.04998779296875,8.82000732421875,7.589996337890625,42.449996948242244,11.0,1.0,07-22,8.704999128977462
05-24,5.35999870300293,1.770000457763679,-3.289997100830071,3.8699989318847656,6.0800018310546875,2.8799972534179688,2.159996032714858,15.479995727539062,8.8599853515625,11.220001220703125,4.570007324218864,41.72000122070315,11.0,1.0,07-23,8.389998912811294
05-25,4.480001449584961,1.2300033569335938,-3.8600006103515554,3.259998321533203,7.930000305175781,4.239997863769531,3.9499969482422017,14.770004272460938,6.420013427734375,8.909988403320284,-7.350006103515568,45.45999145507821,10.0,2.0,07-24,7.45333242416383
05-26,4.480001449584961,0.5500030517578125,-5.08000183105468,2.2400016784667898,8.860000610351562,6.299995422363281,3.9499969482422017,13.729995727539034,7.32000732421875,1.349990844726534,-6.830017089843636,45.45999145507821,10.0,2.0,07-25,6.860830465952568
05-27,4.950000762939453,-0.7199974060058452,-4.45000076293946,0.3400001525878835,9.010002136230469,6.299995422363281,2.4800033569335938,14.709991455078125,0.769989013671875,2.7599945068359375,-10.990020751953068,42.939987182617244,9.0,3.0,07-26,5.674995422363291
05-28,5.439998626708977,0.9500007629394531,-5.38999938964843,-2.059997558593757,9.010002136230469,6.519996643066406,3.470001220703125,14.699996948242188,-3.6100006103515625,-1.3000030517578125,-10.990020751953068,49.919982910156335,7.0,5.0,07-27,5.554996490478527
05-29,4.39999961853027,1.3699989318847656,-9.130001068115234,-2.059997558593757,9.360000610351562,5.0,4.620002746582031,17.360000610351562,-5.6500091552734375,-1.3000030517578125,-9.160003662109432,51.94000244140631,7.0,5.0,07-28,5.5624992052714015
05-30,3.029998779296875,-0.5300025939941406,-10.69000244140625,-0.3899993896484375,8.299995422363267,4.7400054931640625,2.259994506835966,19.489990234375,-5.6500091552734375,-2.319992065429716,-15.350006103515682,54.82000732421875,6.0,6.0,07-29,4.809165000915521
05-31,2.5999984741210938,-1.5100021362304688,-10.69000244140625,0.3699989318847656,8.079998016357422,3.25,2.8699951171875284,19.489990234375,-7.1800079345703125,6.350006103515653,-1.0499877929688068,53.77001953125,8.0,4.0,07-30,6.362500508626302
06-01,2.6399993896484304,-1.5100021362304688,-9.080001831054688,3.3899993896484304,8.419998168945312,2.5199966430664062,3.540000915527358,18.959991455078125,-5.720001220703125,6.339996337890625,-13.569992065429688,57.39999389648432,8.0,4.0,07-31,6.110831578572586
06-02,1.1300010681152273,-2.3300018310546875,-9.14999771118164,5.299999237060547,8.270004272460938,1.7600021362304688,3.540000915527358,21.05999755859375,-7.8499908447265625,7.800003051757841,-9.649993896484432,57.91998291015619,8.0,4.0,08-01,6.483333905537916
06-03,0.9300003051757741,-2.1599998474121094,-7.319999694824219,4.329998016357422,8.360000610351562,0.8800048828125,3.2100067138671875,19.01000976562503,-8.089996337890625,11.389999389648438,-12.889984130859432,51.039993286132756,8.0,4.0,08-02,5.724169413248691
06-04,1.009998321533196,1.0799980163574219,-7.8600006103515625,3.220001220703125,8.869998931884766,0.5500030517578125,5.010002136230469,18.199996948242188,-8.0,8.270004272460938,-22.169982910156364,45.15998840332031,9.0,3.0,08-03,4.445000648498525
06-05,1.029998779296868,4.290000915527351,-9.40999984741211,3.0900001525878835,9.290000915527337,-2.55999755859375,4.8000030517578125,16.840011596679688,-7.1399993896484375,6.9900054931640625,-21.5,32.260009765625,8.0,4.0,08-04,3.1650028228759752
06-06,1.6199989318847585,4.229999542236328,-9.889999389648438,1.3300018310546875,9.399997711181634,-5.300003051757798,5.630004882812486,17.120010375976562,-5.760009765625,7.0900115966796875,-24.1199951171875,32.18998718261716,8.0,4.0,08-05,2.7950003941853807
06-07,1.749999999999993,4.720001220703125,-8.70000076293946,1.1100006103515625,8.680000305175795,-6.180000305175781,5.94000244140625,16.110000610351562,-6.8000030517578125,7.570007324218778,-25.089996337890568,35.02998352050784,8.0,4.0,08-06,2.8449996312459405
06-08,1.25,4.159999847412109,-8.739997863769531,2.2800025939941335,8.209999084472642,-6.780006408691406,5.639999389648452,14.25,-6.0200042724609375,4.090011596679631,-35.25,35.27998352050784,8.0,4.0,08-07,1.5308322906494112
06-09,1.2099990844726634,4.200000762939453,-9.639999389648438,1.4300003051757812,6.930000305175767,-7.220001220703125,4.879997253417983,15.55999755859375,-6.3800048828125,9.57000732421875,-31.960006713867188,40.129989624023494,8.0,4.0,08-08,2.392498334248866
06-10,1.2099990844726634,2.0399971008300852,-9.86000061035157,2.6300010681152344,6.039993286132798,-6.869995117187514,2.9300003051758097,19.979995727539062,-8.120010375976591,9.279998779296903,-30.720001220703125,48.83999633789068,8.0,4.0,08-09,3.1149978637695366
06-11,1.029998779296868,1.9799995422363281,-12.00000190734863,2.700000762939453,7.2099952697753835,-6.1899948120117045,3.2600021362304688,23.93000793457034,-9.090011596679716,5.4600067138671875,-25.820007324218693,52.49000549316406,8.0,4.0,08-10,3.7466667493184453
06-12,2.1500015258789062,2.8499984741210866,-11.080001831054688,2.549999237060554,7.359996795654297,-5.620002746582031,3.9300003051757955,22.86000061035159,-9.990005493164091,3.6999969482421875,-25.860015869140625,47.77000427246091,8.0,4.0,08-11,3.3849976857503243
06-13,2.6299972534179688,1.9399986267089915,-13.530000686645504,4.3300018310546875,6.840000152587891,-3.6999969482421875,7.389999389648423,23.580001831054716,-13.050003051757812,7.529998779296875,-18.350006103515682,44.76000976562506,8.0,4.0,08-12,4.197500069936119
06-14,2.020000457763679,-0.029998779296875,-14.579999923706051,4.229999542236328,6.040000915527344,-3.7599945068359375,7.8300018310546875,22.949996948242216,-14.899993896484403,5.449996948242216,-18.029998779296875,48.55999755859369,7.0,5.0,08-13,3.8150006930033356
06-15,2.6599998474121094,-0.8299980163574219,-13.210000991821286,2.780002593994155,5.989997863769531,-4.609992980957031,8.860000610351562,22.889999389648438,-20.19000244140625,4.2899932861328125,-19.259994506835966,52.600006103515625,7.0,5.0,08-14,3.497500896453856
06-16,3.230001449584961,-0.6699981689453125,-11.630001068115238,1.8700027465820455,5.3400039672851705,-4.019996643066406,9.949996948242173,24.340011596679688,-21.24000549316409,4.330001831054659,-17.77998352050784,48.850006103515625,7.0,5.0,08-15,3.5475033124287862
06-17,3.700000762939453,-0.9599990844726562,-12.019998550415043,2.6400032043457102,4.069999694824219,-4.400001525878906,10.44000244140625,23.55999755859378,-22.510009765625,8.270004272460909,-23.339996337890682,47.32000732421875,7.0,5.0,08-16,3.0641674995422314
06-18,4.64999961853027,-0.4199981689453125,-10.90999984741211,2.990001678466804,3.549995422363267,-4.470001220703125,11.259994506835923,18.970001220703153,-23.1300048828125,12.820007324218722,-21.860015869140682,52.23999023437494,7.0,5.0,08-17,3.807497501373279
06-19,3.8100013732910227,-1.25,-11.79999923706055,2.4399986267089844,4.739997863769524,-5.0200042724609375,14.700004577636705,17.280014038085966,-23.57000732421875,16.089996337890597,-22.399993896484318,56.19000244140619,7.0,5.0,08-18,4.26750087738037
06-20,3.3400020599365305,0.04000091552734375,-12.420000076293949,3.0699996948242188,6.999996185302734,-5.5,15.019996643066392,17.520004272460966,-23.770004272460938,17.169998168945312,-21.129989624023523,53.14997863769531,8.0,4.0,08-19,4.457498550415033
06-21,4.199998855590813,0.5800018310546875,-12.519998550415043,5.279998779296882,8.37999725341799,-4.239997863769531,16.11000061035155,17.55999755859375,-24.389999389648438,19.30999755859372,-12.149993896484432,54.53999328613281,8.0,4.0,08-20,6.054999669392896
06-22,4.280000686645508,1.6599998474121094,-12.359998703002926,4.479999542236328,7.070003509521477,-4.089996337890625,15.33999633789061,17.759994506835966,-23.580001831054688,22.720001220703125,-13.200012207031136,56.08998107910156,8.0,4.0,08-21,6.347497304280609
06-23,3.75,1.6800003051757812,-14.719997406005863,4.6499977111816335,8.090000152587884,-4.150001525878906,15.669998168945312,15.589996337890625,-23.589996337890653,27.220001220703153,-12.019989013671818,50.79998779296875,8.0,4.0,08-22,6.080833117167159
06-24,3.25,1.2800025939941335,-15.239999771118171,4.680000305175788,7.7900047302246165,-2.5100021362304688,16.06999969482422,16.94000244140625,-22.19000244140622,24.03999328613284,-9.070007324218636,54.3699951171875,8.0,4.0,08-23,6.617498874664321
06-25,2.7099990844726634,0.18999862670899148,-14.670001983642582,4.8999977111816335,6.580001831054702,-3.7900009155273438,13.77999877929689,21.44000244140625,-20.709991455078097,24.709991455078125,-9.450012207031136,50.4499969482421,8.0,4.0,08-24,6.344998359680183
06-26,4.069999694824226,-0.34999847412109375,-13.19000053405762,4.05999755859375,5.570003509521499,-4.6399993896484375,11.470001220703125,21.460006713867188,-23.039993286132784,26.30999755859372,-9.490020751953068,52.06001281738281,7.0,5.0,08-25,6.190833886464443
06-27,4.319999694824219,-1.5099983215332031,-12.780000686645518,3.5799980163574148,4.950004577636719,-5.19000244140625,8.98000335693358,21.729995727539062,-20.73999023437503,28.979995727539034,-16.75,52.7699890136719,7.0,5.0,08-26,5.694999535878495
06-28,4.650001525878899,-1.5900001525878906,-12.879999160766605,3.6199989318847727,4.799995422363267,-5.010002136230469,7.4500045776367045,20.44999694824216,-20.979995727539062,27.220001220703153,-23.300003051757812,54.19000244140628,7.0,5.0,08-27,4.885000069936116
06-29,4.479999542236328,-0.04000091552734375,-13.030000686645518,0.579998016357429,3.7699966430664062,-5.589996337890625,9.73000335693358,20.479995727539062,-22.839996337890625,20.110000610351562,-33.16998291015625,56.79998779296878,7.0,5.0,08-28,3.440000375111899
06-30,4.919998168945327,0.75,-14.289999008178707,1.1500015258789062,2.6100006103515483,-5.5500030517578125,9.239997863769545,16.92999267578125,-21.789993286132812,20.420013427734375,-35.7099914550781,53.61997985839841,8.0,4.0,08-29,2.6916664441426605
07-01,5.25999832153321,0.07999801635741477,-13.349998474121094,0.9000015258789062,3.0699996948242188,-6.340003967285156,8.819999694824219,16.589996337890625,-21.67999267578125,22.160003662109375,-34.46998596191406,55.2599792480469,8.0,4.0,08-30,3.0249996185302757
07-02,4.990001678466797,1.1399993896484304,-11.599998474121094,0.5100021362304759,3.3199996948242188,-5.810005187988281,10.669998168945312,18.060012817382812,-22.629989624023438,21.389999389648438,-35.96000671386719,49.90000915527344,8.0,4.0,08-31,2.8316685358683267
07-03,5.980001449584957,0.09000015258789062,-11.979997634887695,-0.6399993896484304,3.1299972534179688,-5.920005798339844,11.180000305175781,19.529998779296875,-20.92999267578125,21.17999267578125,-39.93000793457031,46.44999694824216,7.0,5.0,09-01,2.3449986775716125
07-05,4.440000534057614,1.4000015258789062,-11.879999160766605,-1.5799980163574148,3.230003356933608,-5.6399993896484375,7.660003662109375,18.420013427734375,-22.8800048828125,17.009994506835938,-36.039993286132784,48.44999694824216,7.0,5.0,09-03,1.8825016021728527
07-06,4.269998550415043,1.4000015258789062,-11.640001296997074,-0.9799995422363281,2.650001525878892,-5.6300048828125,10.480003356933594,15.480010986328125,-20.970001220703125,16.830001831054688,-33.6199951171875,49.55998229980466,7.0,5.0,09-04,2.319166501363115
07-07,4.6899986267089915,0.04000091552734375,-12.020002365112308,0.22999954223632102,3.339996337890611,-5.75,9.870002746582031,16.69000244140625,-20.490005493164062,10.429992675781222,-40.97999572753906,50.27998352050784,8.0,4.0,09-05,1.3608311017354318
07-08,4.839998245239261,-0.14999771118163352,-12.440000534057614,0.7100028991699148,3.410003662109389,-5.069999694824219,11.140007019042969,15.3699951171875,-18.739990234375,12.019989013671903,-34.58999633789065,43.19998168945315,7.0,5.0,09-06,1.641666094462081
07-09,4.959999084472663,-1.0800018310546875,-13.100000381469723,-0.20999908447266336,2.970001220703139,-4.290000915527344,10.830001831054688,15.870010375976562,-18.55999755859375,13.589996337890625,-34.6499938964844,45.3699951171875,6.0,6.0,09-07,1.8083341916402171
07-10,4.599998474121097,-0.75,-13.120000839233398,0.5400009155273366,2.730003356933608,-3.899993896484375,11.420005798339858,14.95001220703125,-21.449996948242188,13.169998168945312,-31.610015869140653,39.970016479492216,7.0,5.0,09-08,1.379168987274172
07-11,3.719999313354492,-1.4799995422363281,-11.670000076293949,0.9399986267089915,0.7899932861327841,-4.530006408691406,8.419998168945312,14.610000610351562,-19.69000244140625,14.529998779296875,-32.9700012207031,45.74000549316412,7.0,5.0,09-09,1.534165382385259
07-12,3.799997329711914,-1.6199989318847656,-12.15999794006348,0.5299987792968679,2.000000000000014,-4.790000915527344,11.72000122070311,13.839996337890625,-20.55999755859372,11.25,-42.43000793457031,37.300003051757756,7.0,5.0,09-10,-0.09333388010661163
07-13,3.3500003814697266,-2.6100006103515554,-13.339998245239268,-2.2900009155273438,4.1999969482421875,-5.6199951171875,10.75,13.75,-20.720001220703125,11.889999389648409,-51.470016479492216,41.63002014160162,6.0,6.0,09-11,-0.8733329772949219
07-14,2.740001678466797,-2.229999542236328,-12.989997863769538,-1.7900009155273366,4.519996643066406,-5.5,10.639999389648438,15.259994506835938,-14.910003662109375,12.490005493164091,-51.10000610351565,34.48001098632818,6.0,6.0,09-12,-0.6991666158040317
07-15,1.1800003051757812,-1.1300010681152344,-13.159999847412106,-1.3600006103515554,5.159996032714844,-5.370002746582031,12.150001525878906,7.7100067138671875,-15.720001220703125,15.029998779296903,-50.65000915527344,26.38002014160162,6.0,6.0,09-13,-1.648332595825187
07-16,1.0900001525878977,0.050003051757805395,-11.989997863769531,-1.0600013732910085,5.80999755859375,-5.8300018310546875,11.620002746582031,7.350006103515625,-12.480010986328125,15.070007324218778,-50.30998229980469,17.86999511718753,7.0,5.0,09-14,-1.900831858317052
07-17,0.9199981689453125,-0.5699996948242188,-11.479997634887692,0.1399993896484375,5.839996337890625,-4.279998779296875,14.79000091552733,6.0500030517578125,-16.840011596679688,13.110000610351591,-44.02998352050781,26.800018310546875,7.0,5.0,09-15,-0.7958312034606921
07-18,0.4099998474121094,-0.6899986267089844,-10.979997634887692,-0.4900016784667969,3.3100051879882812,-6.3300018310546875,6.44000244140625,6.260009765625,-16.44000244140625,12.970001220703125,-50.90998840332031,21.720016479492102,6.0,6.0,09-16,-2.894162972768155
07-19,0.75,-0.5,-11.889997482299801,-0.9300003051757812,2.7900009155273438,-7.620002746582031,6.800003051757798,4.5,-16.949996948242188,12.17999267578125,-43.89999389648443,18.470016479492102,6.0,6.0,09-17,-3.0249981880188117
07-20,1.5900001525878835,-1.3699989318847656,-12.19000053405762,0.31999969482421875,0.69000244140625,-6.6399993896484375,7.69000244140625,4.4600067138671875,-15.550003051757812,9.860000610351591,-29.19000244140628,19.360000610351534,7.0,5.0,09-18,-1.747499306996667
07-21,2.370002746582024,-1.720001220703125,-10.389999389648441,0.29000091552733664,1.339996337890625,-5.970001220703125,8.370002746582031,6.25,-14.8800048828125,15.980010986328153,-26.449996948242188,20.089996337890625,7.0,5.0,09-19,-0.39333279927571524
07-22,3.249999999999993,-3.1399993896484446,-11.280000686645508,1.0799980163574148,2.4000015258789062,-7.3300018310546875,6.5800018310546875,3.760009765625,-9.099990844726562,15.510009765625057,-25.660003662109375,16.350006103515568,7.0,5.0,09-20,-0.6316641171773293
07-23,2.0500030517578267,-3.799999237060547,-11.240001678466804,2.3899993896484375,1.470001220703125,-9.389999389648438,6.3300018310546875,4.4199981689453125,-10.509994506835938,12.66999816894537,-26.179992675781307,10.360015869140568,7.0,5.0,09-21,-1.7858308156331422
07-24,2.3400001525878906,-2.7099990844726562,-12.110000610351573,4.290000915527344,1.3199996948242188,-9.780006408691406,4.75,4.0099945068359375,-5.970001220703125,11.259994506835966,-22.019989013671875,1.8699951171875,7.0,5.0,09-22,-1.8958342870076483
07-25,2.259998321533203,-3.3600006103515625,-13.850000381469734,6.689998626708984,1.4300003051757812,-9.830001831054688,7.389999389648423,5.5999908447265625,-1.5900115966796875,15.319992065429716,-18.82000732421875,-5.040008544921932,6.0,6.0,09-23,-1.1500042279561402
07-26,1.6300010681152273,-3.8600006103515625,-10.10999870300293,5.710002899169929,1.9300003051757812,-9.779998779296875,5.7600021362304545,2.9399871826171875,0.4499969482421875,10.289993286132812,-24.029998779296818,-1.5400085449219318,7.0,5.0,09-24,-1.7175017992655448
07-27,1.25,-1.9599990844726562,-8.549997329711914,5.970001220703125,1.7700042724609375,-10.360000610351562,3.3899993896484233,0.80999755859375,-0.410003662109375,5.600006103515625,-16.699996948242216,-11.649993896484432,6.0,6.0,09-25,-2.569998582204191
07-28,1.6800003051757812,-0.9799995422363281,-10.40999984741211,6.069999694824219,2.5400009155273438,-10.290000915527344,2.779998779296861,-0.160003662109375,1.9499969482421875,2.6100006103515057,-15.979995727539062,-10.600006103515682,6.0,6.0,09-26,-2.565834045410167
07-29,1.6399993896484446,-2.6800003051757812,-9.840000152587887,5.229999542236335,2.8899993896484375,-9.55999755859375,2.1099929809570312,0.3899993896484375,-0.4499969482421875,2.5699920654296307,-15.400009155273409,-14.22998046875,6.0,6.0,09-27,-3.110833485921225
07-30,1.7600021362304759,-2.1699981689453125,-7.969999313354496,4.200000762939453,3.0399932861328125,-8.800003051757812,-0.1999969482421875,0.540008544921875,2.67999267578125,3.489990234374943,-19.320007324218665,-6.809997558593807,6.0,6.0,09-28,-2.4633345603942893
07-31,1.2300033569336009,-3.6000022888183665,-6.7699985504150355,5.170001983642578,2.9499969482421875,-7.3000030517578125,0.18000030517578125,1.2700042724609375,2.3300018310546875,-0.10000610351565342,-16.080017089843665,-4.160003662109432,6.0,6.0,09-29,-2.073335170745849
08-01,1.020000457763679,-3.7000007629394602,-8.189998626708988,6.279998779296875,2.55999755859375,-7.25,-3.130004882812486,1.1100006103515625,2.2400054931640625,3.0199890136718466,-13.039993286132812,1.6199951171875,7.0,5.0,09-30,-1.4550008773803726
08-02,1.3300018310546875,-4.150001525878913,-6.639999389648441,6.029998779296875,1.9599990844726562,-7.280006408691406,-6.160003662109361,2.4699859619140625,1.3800048828125,-0.07000732421877842,-11.639999389648438,2.470001220703182,6.0,6.0,10-01,-1.6916688283284478
08-03,0.6100006103515696,-4.090000152587891,-6.159999847412113,3.7099990844726562,2.5699996948242188,-8.110000610351562,-4.970001220703111,2.1899871826171875,3.5200042724609375,0.5499877929688068,-7.279998779296875,2.42999267578125,7.0,5.0,10-02,-1.2525024414062438
08-04,0.47999954223633523,-4.5800018310546875,-4.5800018310546875,3.3400001525878906,2.4300003051757812,-9.290000915527344,-5.279998779296875,-0.279998779296875,6.69000244140625,-3.3800048828125284,-11.899993896484403,-0.41000366210943184,4.0,8.0,10-03,-2.2300001780192145
08-05,0.9799995422363281,-3.840000152587905,-7.670000076293935,3.509998321533203,1.8699951171875,-8.689994812011719,-4.979995727539077,-0.9799957275390625,5.6500091552734375,-2.30999755859375,-19.649993896484403,-0.6600036621094318,4.0,8.0,10-04,-3.064164956410734
08-06,-0.32999801635741477,-3.5900001525878835,-5.889999389648441,4.220001220703118,3.149993896484375,-8.25,-4.770004272460923,-0.57000732421875,6.75,-1.9799957275390625,-22.939987182617216,3.139984130859432,4.0,8.0,10-05,-2.5883344014485643
08-07,-2.1300010681152344,-5.349998474121087,-5.069999694824222,3.0200004577636648,4.040000915527344,-6.840003967285156,-5.599998474121108,0.4499969482421875,8.020004272460938,-1.689987182617216,-24.17999267578128,8.819976806640568,5.0,7.0,10-06,-2.209166844685883
08-08,-0.779998779296875,-4.239997863769524,-4.489999771118168,2.950000762939446,3.4499969482421875,-7.8600006103515625,-5.489997863769517,0.529998779296875,8.990005493164062,2.1300048828125,-26.369995117187443,12.259979248046818,6.0,6.0,10-07,-1.5766669909159334
08-09,-0.5399971008300781,-4.1199989318847585,-5.409999847412109,3.3499984741210938,3.8899993896484375,-8.209999084472656,-7.180000305175753,1.600006103515625,9.889999389648438,-2.470001220703125,-20.789993286132784,8.72998046875,5.0,7.0,10-08,-1.771667162577306
08-10,-0.8199996948242116,-3.2099990844726634,-2.9600009918212926,3.0999984741210866,2.100006103515625,-8.639999389648438,-5.369995117187472,0.8800048828125,14.0,-1.099990844726591,-19.239990234375057,8.059997558593636,5.0,7.0,10-09,-1.099997361501073
08-11,-0.21000289916992188,-1.2400016784667969,-3.260000228881829,3.3299980163574148,-0.09999847412109375,-7.94000244140625,-5.809997558593736,3.149993896484375,16.95001220703125,1.660003662109375,-20.580001831054716,4.260009765625,5.0,7.0,10-10,-0.815832297007244
08-12,-0.8500022888183523,-1.0799980163574219,-3.960000991821289,1.9399986267089773,0.25,-7.090003967285156,-6.839996337890611,2.720001220703125,15.570007324218778,-2.4499969482421875,-22.05999755859378,0.22000122070306816,5.0,7.0,10-11,-1.9691656430562372
08-13,-0.279998779296875,-0.3899993896484375,-3.0699996948242188,1.529998779296868,0.8999938964843608,-7.680000305175781,-5.1100006103515625,5.220001220703125,12.960006713867188,-8.789993286132812,-23.540008544921903,-0.48999023437494316,4.0,8.0,10-12,-2.394999186197916
08-14,0.5199966430663991,-0.1100006103515625,-3.2399997711181605,0.7599983215332031,2.1699981689453125,-9.220001220703125,-7.380004882812486,1.94000244140625,11.75,-12.729995727539062,-17.979995727539062,5.510009765625057,6.0,6.0,10-13,-2.3341660499572696
08-15,1.5799980163574148,-0.3299980163574219,-2.25,0.4099998474121094,4.910003662109375,-9.410003662109375,-6.580001831054673,1.3700103759765625,12.3699951171875,-17.279998779296875,-18.38999938964841,12.550018310546875,6.0,6.0,10-14,-1.7541646957397432
08-16,1.4599990844726491,0.43000030517578125,-1.360000610351559,-1.1800003051757884,5.2900009155273295,-11.30999755859375,-7.069999694824219,3.05999755859375,12.80999755859375,-22.77000427246091,-17.949996948242188,8.550018310546875,6.0,6.0,10-15,-2.5033321380615234
08-17,1.9599990844726491,-0.8600006103515625,-0.7399997711181605,-1.9300003051757812,6.379997253417969,-10.389999389648438,-8.690002441406236,2.82000732421875,15.970001220703125,-25.460006713867188,-16.65998840332034,11.1400146484375,5.0,7.0,10-16,-2.2049981753031425
08-18,1.1000022888183665,-1.4000015258789062,0.9200000762939489,-0.3400001525878835,5.779998779296875,-9.980003356933594,-9.780006408691392,1.6400146484375,17.19000244140625,-25.610000610351562,-14.96998596191412,9.75,6.0,6.0,10-17,-2.1416649818420432
08-19,1.0200004577636719,-0.9000015258789062,1.880001068115238,0.37000274658204546,5.409996032714844,-10.1300048828125,-9.010002136230455,0.4199981689453125,16.720001220703125,-21.480010986328125,-15.539993286132898,8.20001220703125,7.0,5.0,10-18,-1.9200000762939498
08-20,0.9700012207031179,-0.9599990844726634,0.3100013732910085,1.2000007629394602,4.3899993896484375,-10.069999694824219,-4.879997253417983,-3.25,15.82000732421875,-24.58000183105466,-16.720016479492216,12.450012207031307,6.0,6.0,10-19,-2.109999338785805
08-21,0.2800025939941335,-0.7000007629394531,1.260000228881836,1.1699981689453054,4.6899948120117045,-8.05999755859375,-2.239997863769517,-6.7599945068359375,17.45001220703125,-21.399993896484347,-19.669998168945398,10.829986572265625,6.0,6.0,10-20,-1.9291656812032123
08-22,0.0800018310546804,-1.0100021362304688,0.6900005340576136,0.9500007629394602,3.9199981689453267,-8.099998474121094,8.529998779296875,-8.970001220703125,15.970001220703125,-22.06999206542963,-5.739990234374943,-4.129974365234375,6.0,6.0,10-21,-1.656663099924713
08-23,-0.4199981689453196,-1.190002441406243,-0.7900009155273473,0.8300018310546875,6.1200027465820455,-0.339996337890625,7.970001220703125,-8.990005493164062,18.300003051757812,-24.100006103515625,1.6399993896484375,1.45001220703125,6.0,6.0,10-22,0.04000091552734464
08-24,-1.4699974060058665,-0.03000259399413352,-1.2000007629394496,1.2900009155273438,7.970001220703125,2.029998779296875,8.870002746582017,-9.259994506835938,18.789993286132812,-27.139999389648466,-1.7700042724609375,1.4000244140625,6.0,6.0,10-23,-0.043331464131676434
08-25,-1.7999992370605469,0.04999923706055398,-0.8299999237060618,2.2900009155273366,8.5,2.3000030517578125,10.400001525878892,-10.6199951171875,18.449996948242188,-27.310012817382784,-2.3800048828125284,-0.019989013671875,6.0,6.0,10-24,-0.08083327611287612
08-26,-1.6299972534179759,0.9000015258789062,-1.9600009918212926,2.30999755859375,8.430000305175781,2.8799972534179688,8.120002746582017,-9.239990234375,31.239990234375,-24.760009765625,-10.660003662109375,-2.629974365234375,6.0,6.0,10-25,0.25000111262003344
08-27,-0.8700027465820312,-0.5199966430664062,-2.0499992370605504,2.8499984741210938,9.58999633789064,2.8400039672851562,9.129997253417969,-10.980010986328125,34.3800048828125,-24.540008544921875,-8.119995117187528,5.54998779296875,6.0,6.0,10-26,1.4383312861124662
08-28,-1.3200035095214844,1.0400009155273438,0.5999984741210866,3.0999984741210938,9.129997253417969,4.470001220703125,8.230003356933594,-15.370010375976562,31.029998779296875,-26.279998779296875,-9.360000610351562,3.399993896484375,8.0,4.0,10-27,0.7224982579549147
08-29,-0.22999954223632812,-0.720001220703125,0.7900009155273438,3.489997863769524,8.739997863769531,4.1399993896484375,11.389991760253878,-15.090011596679688,31.979995727539062,-25.509994506835938,-7.129989624023466,1.4800109863281818,7.0,5.0,10-28,1.1108331680297845
08-30,-0.4900016784667969,-1.3299980163574219,1.1700000762939453,3.6199989318847656,9.889999389648452,4.69000244140625,9.040000915527344,-16.55999755859375,30.279998779296875,-18.19000244140625,-10.699996948242188,3.310028076171932,7.0,5.0,10-29,1.227502663930263
08-31,-1.6800003051757884,-1.4899978637695312,1.0700016021728551,2.700000762939453,9.070007324218764,5.180000305175781,13.120002746582031,-15.45001220703125,29.82000732421875,-23.73999023437497,0.470001220703125,-7.299987792968636,7.0,5.0,10-30,0.9808360735575489
09-01,-1.3400001525878977,-2.6399993896484375,3.879999160766598,1.8899993896484304,9.310005187988295,4.0800018310546875,15.0,-17.770004272460938,27.379989624023438,-24.549987792968807,1.8300018310546875,-13.660003662109318,7.0,5.0,10-31,0.2841668128967285
09-02,-1.1699981689453267,-2.3699989318847656,4.920000076293942,1.75,8.740005493164077,4.0800018310546875,12.180000305175781,-16.740005493164062,25.0,-15.079986572265653,1.7400054931640625,-14.769989013671818,7.0,5.0,11-01,0.6900029182434105
09-03,-0.9599990844726562,-2.6300010681152344,3.1999988555908203,2.05999755859375,8.740005493164077,4.1999969482421875,10.959991455078125,-16.350006103515625,24.990005493164062,-13.509994506835966,1.7400054931640625,-2.1300048828125,7.0,5.0,11-02,1.6924996376037587
09-04,-1.6700019836425852,-2.1800003051757812,2.1300010681152344,2.05999755859375,8.669998168945298,5.30999755859375,15.419998168945341,-17.919998168945312,23.729995727539062,-13.509994506835966,-4.649993896484347,-5.8699951171875,6.0,6.0,11-03,0.960000356038412
09-05,-1.4199981689453125,-2.4099998474121094,3.230001449584961,2.979999542236328,8.540000915527358,6.150001525878906,13.72000122070314,-20.710006713867188,23.729995727539062,-15.080001831054688,-4.2899932861328125,14.489990234375057,7.0,5.0,11-04,2.4108325640360584
09-06,-0.009998321533203125,-2.6300010681152273,3.230001449584961,4.8600006103515625,7.8800048828125,6.69000244140625,13.989990234374986,-20.710006713867188,26.6199951171875,-13.120010375976562,1.6399993896484375,22.160003662109432,8.0,4.0,11-05,4.216665108998621
09-07,0.6200027465820312,-2.6300010681152273,1.7800006866455114,5.549999237060554,6.6100006103515625,5.670005798339844,14.679992675781264,-20.3699951171875,26.639999389648438,-14.509994506835909,7.639999389648466,24.410003662109432,9.0,3.0,11-06,4.674167792002372
09-08,0.6200027465820312,-2.4900016784667898,3.3899993896484375,6.479999542236328,6.160003662109375,6.790000915527344,14.679992675781264,-19.54998779296875,21.300003051757812,-10.699996948242216,7.279998779296932,24.410003662109432,9.0,3.0,11-07,4.864168167114267
09-09,1.0699996948242188,-1.7900009155273509,4.20000076293945,6.520000457763665,7.44000244140625,7.6199951171875,15.649993896484375,-11.090011596679688,22.67999267578125,-12.360000610351562,9.91999816894537,20.079986572265568,9.0,3.0,11-08,5.828329722086587
09-10,1.3700027465820384,-1.1700019836425781,3.779998779296882,6.00999832153321,7.120002746582031,7.5,17.24999237060544,-11.460006713867188,23.04998779296878,-8.309997558593722,9.549987792968807,33.6400146484375,9.0,3.0,11-09,7.360831578572601
09-11,0.9500007629394531,-0.3600006103515625,4.299999237060547,5.579998016357429,6.480003356933594,9.340003967285156,13.049995422363267,-9.290008544921875,24.599990844726562,-10.849990844726534,9.099990844726591,31.989990234375,9.0,3.0,11-10,7.074164390563969
09-12,1.5499992370605469,-1.2600021362304688,2.4099998474121094,5.279998779296882,6.339996337890625,10.220001220703125,10.639999389648438,-10.080001831054688,21.360000610351562,-10.889999389648409,13.25,15.349975585937557,9.0,3.0,11-11,5.347497304280606
09-13,1.6100006103515625,-1.3800010681152344,1.8999996185302699,5.0800018310546875,7.1100006103515625,11.420005798339844,12.099990844726534,-8.779998779296875,25.720001220703125,-13.279998779296875,10.009994506835966,17.839996337890682,9.0,3.0,11-12,5.779166062672938
09-14,2.0,-1.2600021362304688,1.3999996185302699,3.8199996948242188,7.079994201660156,11.340003967285156,12.410003662109375,-8.990005493164062,21.879989624023466,-14.339996337890625,13.330001831054716,16.109985351562557,9.0,3.0,11-13,5.3983311653137305
09-15,1.6599998474121094,-1.4500007629394531,0.7000007629394496,3.4499969482421946,6.579994201660156,11.319999694824205,12.050003051757827,-11.680007934570312,21.259994506835938,-11.220001220703097,16.32000732421878,19.359985351562557,9.0,3.0,11-14,5.695830980936695
09-16,0.8199996948242259,-0.9900016784667969,2.3500003814697266,3.4899978637695384,6.4499969482421875,10.33999633789061,11.160003662109375,-8.490005493164062,21.98999023437497,-4.82000732421875,17.600006103515653,18.470001220703125,9.0,3.0,11-15,6.530831495920817
09-17,0.7099990844726491,-1.5800018310546875,3.1300010681152273,2.3899993896484446,5.8000030517578125,9.669998168945298,9.899993896484375,-7.4199981689453125,23.099990844726562,-8.75,14.860000610351562,16.489990234375,9.0,3.0,11-16,5.691664695739743
09-18,0.7200012207031321,-2.3400001525878906,2.7099990844726562,1.6000022888183665,4.739997863769531,11.020004272460938,11.360000610351591,-5.3300018310546875,24.080001831054688,-8.279998779296903,14.07000732421875,31.170013427734318,9.0,3.0,11-17,7.126668930053707
09-19,2.3300018310546875,-3.140003204345703,1.7800006866455114,0.29000091552734375,6.410003662109375,12.089996337890625,12.020004272460938,-5.7299957275390625,25.490005493164062,-5.439987182617216,13.120010375976591,34.80001831054693,9.0,3.0,11-18,7.83500464757284
09-20,2.0500030517578125,-2.470001220703125,2.6499996185302805,-0.5400009155273509,7.1399993896484375,12.639999389648438,11.080001831054659,-5.3199920654296875,20.95001220703125,-4.75,15.509994506835938,34.80001831054693,8.0,4.0,11-19,7.811669508616132
09-21,1.7400016784667969,-1.8199996948242188,4.389999389648441,-1.4000015258789062,6.3699951171875,12.729995727539048,13.650009155273438,-6.9099884033203125,23.32000732421875,-0.8600006103515341,13.929992675781278,34.80001831054693,8.0,4.0,11-20,8.328335762023935
09-22,2.3699989318847727,-1.3199996948242188,5.659999847412106,-0.37999725341796875,6.489997863769531,13.239997863769531,15.280006408691406,-4.8499908447265625,21.279998779296875,0.3499908447265909,15.069992065429716,31.300018310546932,9.0,3.0,11-21,8.70750109354656
09-23,2.75,1.2299995422363281,4.230001449584957,-0.37999725341796875,6.650001525878906,13.819999694824219,17.650009155273438,-4.9900054931640625,24.25,0.3499908447265909,16.199996948242216,41.41000366210943,10.0,2.0,11-22,10.264166673024505
09-24,1.779998779296875,0.6500015258789062,2.3299999237060582,0.3500022888183665,5.8800048828125,13.75,19.099998474121094,-3.839996337890625,24.25,-3.5,15.479995727539062,37.70001220703131,10.0,2.0,11-23,9.494168122609462
09-25,2.4899978637695312,0.9500007629394531,2.3299999237060582,1.19000244140625,5.530006408691406,14.840003967285156,18.05999755859378,-3.839996337890625,26.42999267578122,-3.459991455078125,14.900009155273409,37.77999877929693,10.0,2.0,11-24,9.76666847864787
09-26,2.220001220703118,0.9500007629394531,2.020000457763679,2.220001220703132,6.180000305175781,15.5,21.52000427246091,-3.100006103515625,23.300003051757784,-4.3799896240234375,9.349990844726562,29.96002197265625,10.0,2.0,11-25,8.811669031778967
09-27,2.220001220703118,0.6599998474121165,0.8199996948242188,2.690002441406243,6.94000244140625,16.650001525878906,21.52000427246091,-3.8300018310546875,23.649993896484347,-3.3499908447265625,10.529998779296903,29.96002197265625,10.0,2.0,11-26,9.038336118062334
09-28,1.470001220703118,0.7599983215332102,2.239999771118171,3.6399993896484375,6.680000305175781,16.650001525878906,21.44000244140625,-3.6699981689453125,20.22999572753909,-6.519989013671903,13.859985351562443,29.96002197265625,10.0,2.0,11-27,8.895001570383704
09-29,1.1599998474121094,1.2099990844726634,0.600000381469723,4.979999542236328,6.680000305175781,16.860000610351577,24.470001220703125,-3.100006103515625,17.42999267578128,-0.14999389648434658,13.859985351562443,29.110015869140568,10.0,2.0,11-28,9.425832907358801
09-30,1.8800010681152273,1.3400001525879048,3.379999160766598,5.209999084472656,7.329994201660156,17.689994812011733,23.279998779296875,-3.5399932861328125,17.279998779296875,-1.8199920654296307,16.170013427734375,29.1500244140625,10.0,2.0,11-29,9.779169877370204
10-01,4.0,1.0300025939941335,4.840000152587894,4.799999237060547,7.469993591308594,18.869995117187514,23.1699981689453,-7.459991455078125,22.1199951171875,3.979995727539091,20.790008544921903,27.740020751953068,11.0,1.0,11-30,10.945834795633951
10-02,4.1399993896484375,1.8800010681152415,5.289999008178711,4.630001068115234,8.029998779296875,17.240005493164077,24.280006408691406,-6.8499908447265625,24.80999755859375,2.9099884033203125,28.540008544921903,26.180023193359432,11.0,1.0,12-01,11.756669839223235
10-03,2.7099990844726634,2.9000015258789062,7.710000991821289,3.9199981689453196,8.94000244140625,16.449996948242188,20.419998168945284,-9.479995727539062,23.710006713867188,2.579986572265625,26.670013427734375,19.83001708984375,11.0,1.0,12-02,10.53000211715698
10-04,3.0800018310546875,5.029998779296882,6.89000129699707,3.8600006103515696,8.459999084472656,15.430000305175781,22.289993286132784,-10.5,22.44000244140625,8.020004272460909,18.830001831054688,19.83001708984375,11.0,1.0,12-03,10.305001735687252
10-05,2.9300003051757812,3.9199981689453196,6.310001373291016,4.020000457763672,9.039993286132812,16.849998474121094,19.949996948242216,-10.580001831054688,28.210006713867216,11.389999389648466,17.149993896484403,19.83001708984375,11.0,1.0,12-04,10.751667022705087
10-06,2.6899986267089844,3.799999237060554,5.2499980926513565,3.4200019836425852,7.75,17.839996337890625,21.63999938964845,-14.580001831054688,24.079986572265653,10.660003662109375,14.800003051757841,23.360015869140568,11.0,1.0,12-05,10.059166749318441
10-07,2.970001220703118,4.729999542236328,6.580001831054684,3.770000457763672,7.549995422363281,18.269996643066406,19.82999420166017,-13.169998168945312,24.919998168945284,10.5,20.459991455078125,24.029998779296932,11.0,1.0,12-06,10.86999829610189
10-08,1.8799972534179688,3.6800003051757884,5.5900001525878835,3.1700019836425852,9.75,17.56999969482422,15.620002746582045,-13.569992065429688,22.490005493164006,0.1199951171875,21.800003051757784,24.94000244140625,11.0,1.0,12-07,9.420001347859696
10-09,2.5900001525878906,3.4000015258789062,5.700000762939453,4.560001373291023,9.400001525878906,19.350006103515625,18.660003662109403,-9.860000610351562,21.399993896484375,4.2299957275390625,23.279998779296847,18.279998779296875,11.0,1.0,12-08,10.082500139872232
10-10,1.8699989318847585,3.9200019836425852,5.790000915527344,4.970001220703132,7.260002136230469,20.790000915527344,18.40000915527345,-6.0999908447265625,24.009994506835966,10.569992065429688,28.910003662109432,12.350006103515625,11.0,1.0,12-09,11.061668395996103
10-11,1.4000015258789134,3.799999237060547,5.9600009918212855,5.220001220703125,7.129997253417969,21.04999542236328,16.52999877929686,-2.8199920654296875,25.220001220703153,18.169998168945312,24.659988403320256,12.350006103515625,11.0,1.0,12-10,11.55583302179972
10-12,1.6199989318847585,4.019996643066406,4.970001220703125,5.510002136230469,8.05999755859375,21.27999877929686,14.77999877929686,-2.25,23.470001220703125,13.850006103515625,19.979995727538977,12.350006103515625,11.0,1.0,12-11,10.636666933695466
10-13,1.7399978637695241,3.259998321533203,4.280000686645508,4.790000915527344,7.519996643066406,19.46999359130858,15.269996643066406,-2.0200042724609375,25.449996948242188,8.169998168945312,17.58000183105466,16.350006103515625,11.0,1.0,12-12,10.15499862035115
10-14,1.2399978637695241,3.6300010681152344,5.2399997711181605,4.140003204345703,5.959999084472656,18.549995422363267,16.889999389648423,-0.2599945068359375,25.410003662109375,7.5399932861328125,17.77000427246091,13.760009765625,11.0,1.0,12-13,9.989167690277094
10-15,0.8899993896484375,3.799999237060554,6.029998779296886,4.670001983642578,6.55999755859375,18.139999389648423,15.180000305175781,1.05999755859375,25.589996337890625,13.989990234375,16.080001831054688,13.600006103515625,12.0,0.0,12-14,10.465832392374674
10-16,1.2099990844726562,4.049999237060547,5.579998016357425,3.959999084472649,6.930000305175781,17.30999755859375,12.400001525878892,2.529998779296875,25.300003051757812,9.860000610351562,16.650009155273466,13.540008544921875,12.0,0.0,12-15,9.943334579467775
10-17,1.0499992370605469,4.229999542236328,3.629999160766605,3.1300010681152344,7.480003356933594,16.06999969482422,4.98999786376956,4.9499969482421875,26.199996948242188,12.959991455078097,8.860015869140625,23.30999755859375,12.0,0.0,12-16,9.738333225250244
10-18,1.4599990844726562,4.840000152587891,2.6800003051757777,2.9899978637695312,5.1100006103515625,8.25,4.510002136230469,8.459991455078125,24.569992065429688,20.240005493164034,2.0500030517578125,23.30999755859375,12.0,0.0,12-17,9.039165814717608
10-19,2.1199989318847656,5.150001525878906,3.25,2.4300003051757812,3.720001220703125,8.08999633789064,5.719993591308565,10.669998168945312,24.759994506835966,20.760009765625,9.830001831054688,23.30999755859375,12.0,0.0,12-18,9.984166145324709
10-20,2.6199989318847656,5.33000183105468,4.610000610351566,2.5,4.209999084472656,10.319999694824219,6.279991149902315,8.389999389648438,24.3699951171875,15.290008544921847,10.409988403320256,17.730010986328125,12.0,0.0,12-19,9.338332811991364
10-21,3.6699981689453125,5.55999755859375,4.390001296997074,3.7199974060058736,7.980003356933594,7.950004577636719,5.379989624023423,7.1399993896484375,13.540008544921875,19.32000732421872,-2.8000030517578125,17.779998779296875,11.0,1.0,12-20,7.80250024795532
10-22,3.520000457763672,5.729999542236321,2.689998626708995,4.1899986267089915,7.450004577636719,7.680000305175781,-1.44000244140625,7.19000244140625,12.540008544921875,16.700012207031193,-2.1900024414062216,13.1400146484375,10.0,2.0,12-21,6.433336257934569
10-23,4.240001678466797,4.610000610351555,4.229999542236332,4.170001983642578,7.5200042724609375,7.189994812011719,-3.7000045776367188,7.7400054931640625,14.040008544921875,14.150009155273409,6.089996337890625,13.670013427734375,11.0,1.0,12-22,6.995835940043129
10-24,3.629997253417976,5.399997711181641,4.639999389648441,3.6300010681152344,5.319999694824219,8.049995422363295,-5.679992675781222,8.949996948242188,10.899993896484375,13.930007934570284,-6.520004272460909,19.95001220703125,10.0,2.0,12-23,6.016667048136398
10-25,4.009998321533203,5.399997711181641,1.990001678466804,3.2599983215332102,5.44000244140625,7.120002746582031,-4.099990844726534,13.339996337890625,14.25,4.910003662109375,0.720001220703125,19.95001220703125,11.0,1.0,12-24,6.357501983642582
10-26,4.009998321533203,7.159999847412109,1.7999992370605469,3.3999977111816406,5.569999694824219,7.120002746582031,-4.099990844726534,13.05999755859375,11.919998168945312,10.979995727539062,-3.089996337890625,19.95001220703125,10.0,2.0,12-25,6.481667836507164
10-27,4.270000457763672,7.769996643066406,-0.09999847412109375,2.3600006103515625,6.0099945068359375,7.5800018310546875,-1.75,13.669998168945312,14.110000610351562,6.639999389648494,-2.3600006103515625,18.1199951171875,9.0,3.0,12-26,6.3599990208943735
10-28,5.459999084472663,7.930000305175788,0.1100006103515625,2.3100013732910156,6.6999969482421875,7.090003967285156,-5.8300018310546875,9.699996948242188,14.509994506835966,5.099990844726591,-2.92999267578125,28.730010986328068,10.0,2.0,12-27,6.573333422342937
10-29,5.279998779296882,7.450000762939453,1.7400016784667969,1.6700019836425852,6.459999084472656,8.19000244140625,-5.2399978637695455,10.389999389648438,16.46000671386716,15.220001220703153,-4.2899932861328125,25.19000244140625,10.0,2.0,12-28,7.376668612162272
10-30,7.090000152587898,7.650001525878899,1.5,1.6700019836425852,7.029998779296875,7.180000305175781,-6.399993896484403,11.610000610351562,17.410003662109375,5.75,-4.1999969482421875,30.100006103515568,10.0,2.0,12-29,7.199168523152662
10-31,6.180000305175781,7.580001831054695,0.3000030517578196,1.6700019836425852,6.8000030517578125,6.779998779296889,-7.3300018310546875,9.050003051757812,17.419998168945312,4.1800079345703125,-3.5,18.180023193359375,10.0,2.0,12-30,5.609169960021975
11-01,5.799999237060547,7.389999389648445,1.3700008392334055,-0.2800025939941406,6.1699981689453125,6.1699981689453125,-6.5300064086914205,10.6199951171875,18.680007934570312,6.400009155273409,-5.3499908447265625,18.180023193359375,9.0,3.0,12-31,5.718335946400958
11-02,5.799999237060547,7.619998931884773,0.270000457763679,0.3899993896484304,5.5,6.1699981689453125,-6.5300064086914205,13.410003662109375,18.720001220703125,6.630004882812472,-5.5399932861328125,18.180023193359375,10.0,2.0,01-01,5.8850024541219055
11-03,4.3899993896484375,7.840000152587891,-0.6899986267089773,-0.7099990844726634,6.0500030517578125,5.980003356933594,-6.799995422363267,12.3699951171875,20.490005493164062,3.6499938964844034,-6.1999969482421875,10.510009765625,8.0,4.0,01-02,4.7400016784668
11-04,3.759998321533203,6.6800003051757955,0.8100013732910156,0.43000030517578125,5.989997863769531,7.0,-7.4899978637695455,10.770004272460938,16.97999572753909,4.509994506835994,-4.899993896484375,8.260009765625,10.0,2.0,01-03,4.4000008900960355
11-05,2.5999984741210866,5.630001068115234,0.700000762939446,2.3699989318847656,6.439994812011719,5.8800048828125,-9.72999572753902,8.080001831054688,15.850006103515625,1.7799987792969034,-4.539993286132841,-2.30999755859375,9.0,3.0,01-04,2.729168256123863
11-06,1.7900009155273438,6.180000305175781,1.69000244140625,2.329998016357429,5.159996032714844,4.239997863769531,-10.529991149902315,8.580001831054688,19.69999694824216,3.44000244140625,-7.179992675781278,-4.8699951171875,9.0,3.0,01-05,2.5441681543985983
11-07,2.009998321533203,5.75,2.2700004577636648,2.8400001525878835,5.180000305175781,3.650001525878892,-9.230003356933608,9.889999389648438,19.33000183105463,-0.6100006103515909,-1.8600006103515625,9.930023193359375,9.0,3.0,01-06,4.095835049947092
11-08,1.4300003051757812,5.790000915527344,1.75,3.4199981689453125,5.269996643066406,2.8499984741210938,-10.3800048828125,7.720001220703125,17.779998779296847,-3.089996337890625,-1.519989013671875,9.930023193359375,9.0,3.0,01-07,3.412502288818357
11-09,1.2700004577636719,6.69000244140625,3.6399993896484375,4.420001983642585,4.4900054931640625,2.3699951171875,-12.69000244140625,8.509994506835938,22.08000183105463,7.860000610351591,-4.990005493164034,9.930023193359375,10.0,2.0,01-08,4.465001424153646
11-10,1.2099990844726562,6.810001373291016,3.700000762939453,4.19000244140625,5.280006408691406,3.1800003051757812,-14.149993896484347,8.470001220703125,24.69000244140622,6.25,-8.199996948242188,7.44000244140625,10.0,2.0,01-09,4.072502136230469
11-11,0.8199996948242188,6.450000762939453,2.2900009155273438,4.730003356933594,6.780006408691406,3.2600021362304688,-14.460006713867188,5.0500030517578125,24.910003662109403,9.189987182617159,-4.369995117187528,9.170013427734375,10.0,2.0,01-10,4.485001564025876
11-12,1.6599998474121094,6.920001983642578,2.970001220703132,5.0900001525878835,7.280006408691406,3.2800064086914205,-14.689994812011719,1.4499969482421875,22.44000244140628,11.959991455078097,-7.360000610351591,10.6400146484375,10.0,2.0,01-11,4.3033355077107736
11-13,1.779998779296868,8.049999237060547,4.849998474121101,5.04999923706054,7.410003662109375,4.979995727539048,-15.880004882812514,1.1999969482421875,15.720001220703153,5.55999755859375,-8.639999389648466,2.94000244140625,10.0,2.0,01-12,2.75166575113932
11-14,0.5,8.619998931884766,4.899997711181648,6.1499977111816335,6.629997253417969,4.0,-18.370002746582045,2.2700042724609375,14.610000610351562,9.489990234375,-7.680007934570369,0.0,9.0,3.0,01-13,2.593331336975092
11-15,-0.11999893188475852,9.109996795654297,5.319999694824219,6.6300010681152415,6.870002746582031,5.220001220703139,-16.720001220703125,0.1800079345703125,13.629989624023438,9.860000610351534,-7.029998779296847,0.0,8.0,4.0,01-14,2.7458333969116233
11-16,0.009998321533203125,9.90999984741211,6.249998092651364,5.9399986267089915,6.560005187988281,4.900001525878892,-19.44000244140625,0.5800018310546875,9.949996948242188,9.179992675781222,-7.3600006103515625,0.0,9.0,3.0,01-15,2.2066658337910936
11-17,0.2899971008300781,9.239997863769531,7.0599975585937536,4.969997406005859,7.6100006103515625,5.470001220703139,-18.49999999999997,-2.6399993896484375,14.699996948242188,7.699996948242216,-10.479995727539062,0.0,8.0,4.0,01-16,2.118332544962571
11-18,0.5999984741210938,7.939998626708984,6.909997940063484,4.829998016357422,7.980003356933594,5.380004882812528,-21.07000732421875,-3.69000244140625,15.879989624023438,7.949996948242216,-8.929992675781278,0.0,8.0,4.0,01-17,1.9816654523213735
11-19,1.5499992370605469,7.129997253417976,6.930000305175781,3.9699974060058594,7.8600006103515625,4.8700027465820455,-20.830001831054688,-3.75,15.179992675781222,3.6300048828125,-10.069992065429716,0.0,8.0,3.0,01-18,1.3725001017252574
11-20,1.0400009155273438,7.0,7.240001678466797,3.239997863769524,7.6999969482421875,4.010002136230483,-18.909996032714872,-2.100006103515625,16.30999755859378,7.479995727539091,-11.199996948242216,0.0,8.0,3.0,01-19,1.817499478658041
11-21,0.5,7.229999542236328,7.560001373291023,2.8999977111816477,6.3000030517578125,1.279998779296875,-20.920005798339815,-1.720001220703125,14.130004882812557,6.2599945068359375,-6.329986572265653,0.0,8.0,3.0,01-20,1.4325005213419655
11-22,1.3699989318847727,5.909999847412109,7.870000839233402,2.299999237060547,6.2599945068359375,0.2799987792968608,-20.18000030517574,-2.459991455078125,14.960006713867188,8.199996948242188,-4.680007934570341,0.0,8.0,3.0,01-21,1.6524996757507333
11-23,0.6500015258789062,6.200000762939446,8.890001296997081,4.020000457763672,5.8600006103515625,1.3800048828125,-21.560005187988267,-1.5699920654296875,17.590011596679688,8.759994506835938,-13.199981689453068,0.0,8.0,3.0,01-22,1.4183363914489808
11-24,1.4000015258789062,5.540000915527337,8.630001068115234,4.400001525878899,6.25,2.590003967285142,-21.480003356933608,-2.1500091552734375,20.08000183105463,8.709991455078125,-11.87998962402338,0.0,8.0,3.0,01-23,1.8408333460489874
11-25,0.720001220703125,5.680000305175781,7.939998626708984,4.020000457763672,6.6100006103515625,2.3800048828124716,-21.739997863769545,-1.7100067138671875,19.319992065429688,7.319992065429659,-9.61997985839838,0.0,8.0,3.0,01-24,1.7433338165283192
11-26,1.1599998474121094,4.30999755859375,6.659997940063473,4.650001525878899,5.9600067138671875,2.930000305175753,-23.240005493164062,0.3899993896484375,19.129989624023438,8.089996337890625,-11.930007934570312,0.0,9.0,2.0,01-25,1.5091646512349415
11-27,1.279998779296875,4.959999084472649,6.9899997711181605,4.420001983642571,5.620002746582031,4.69000244140625,-18.910003662109375,5.42999267578125,20.949996948242188,9.759994506835909,-11.930007934570312,0.0,9.0,2.0,01-26,2.7716647783915165
11-28,2.450000762939446,4.849998474121087,7.820001602172848,4.83000183105468,5.430000305175781,4.950004577636733,-19.88999938964841,7.30999755859375,16.110000610351562,3.9600067138671875,-9.920013427734347,0.0,9.0,2.0,01-27,2.3249999682108595
11-29,2.370002746582024,5.209999084472649,7.370002746582031,4.900001525878899,3.0400009155273438,7.6699981689453125,-15.479995727539048,6.6999969482421875,13.419998168945312,3.050003051757841,-14.880004882812472,0.0,9.0,2.0,01-28,1.9475002288818402
11-30,2.370002746582024,4.189998626708984,4.950000762939453,5.1100006103515625,3.7400054931640625,7.0,-18.650001525878878,9.330001831054688,9.799987792968722,-1.6100006103515625,-12.759994506835938,0.0,8.0,3.0,01-29,1.1225001017252598
12-01,2.0,2.0600013732910085,3.940002441406257,5.579998016357415,4.69000244140625,7.239997863769531,-20.519996643066378,8.169998168945312,12.690002441406222,-1.8000030517578125,-10.779998779296875,0.0,8.0,3.0,01-30,1.1058336893717442
12-02,2.1500015258789062,2.0900001525878835,3.6499977111816477,5.759998321533196,4.150001525878906,5.819999694824219,-18.18000030517581,8.490005493164062,11.930007934570312,0.9900054931640909,-14.009994506835938,0.0,9.0,2.0,01-31,1.0700019200642898
12-03,1.94000244140625,1.8899993896484304,2.1399993896484446,4.709999084472649,5.439994812011719,4.8300018310546875,-17.779998779296875,7.1699981689453125,11.149993896484375,-1.4600067138671875,-11.660003662109375,0.0,8.0,3.0,02-01,0.6974983215332026
12-04,0.37000274658203836,2.6899986267089844,1.5900001525878977,4.3600006103515625,5.6399993896484375,4.969993591308608,-16.510002136230497,7.399993896484375,8.8800048828125,8.919998168945312,-17.31999206542966,0.0,9.0,2.0,02-02,0.91583315531413
12-05,1.4099998474121165,4.009998321533203,1.9899978637695384,4.959999084472649,6.4199981689453125,2.879997253417983,-18.730003356933622,7.779998779296875,11.309997558593778,7.6199951171875,-25.520004272461023,0.0,9.0,2.0,02-03,0.3441645304361926
12-06,1.8100013732910227,3.520000457763679,1.8799972534179688,6.439998626708984,4.8600006103515625,5.650001525878906,-20.710006713867216,4.07000732421875,12.400009155273409,12.610000610351562,-29.849990844726534,0.0,9.0,2.0,02-04,0.22333494822184127
12-07,2.9300003051757955,3.0,1.7899971008300781,6.479999542236335,0.37000274658203125,6.3600006103515625,-20.02000427246098,0.30999755859375,9.6199951171875,18.729995727539062,-26.87998962402338,0.0,9.0,2.0,02-05,0.22416623433431285
12-08,3.3999977111816406,3.1200027465820384,4.989997863769531,6.04999923706054,1.7900009155273438,6.3300018310546875,-18.14999389648439,-1.6399993896484375,3.3000030517578125,24.599990844726534,-21.580001831054602,0.0,8.0,3.0,02-06,1.0174999237060582
12-09,3.1800003051757955,2.4099998474121094,5.099998474121094,7.159999847412109,1.850006103515625,6.099998474121108,-16.39999389648439,-0.1100006103515625,-10.5,27.19000244140625,-18.00999450683588,0.0,7.0,4.0,02-07,0.6641680399576882
12-10,2.1500015258789062,4.2600021362304545,5.069999694824212,6.779998779296875,2.3900070190429688,7.910003662109389,-14.800003051757798,1.05999755859375,-8.669998168945312,27.11000061035159,-15.610000610351562,0.0,8.0,3.0,02-08,1.4708340962727895
12-11,2.970001220703125,4.849998474121094,4.950000762939446,7.429996490478516,3.9500045776367188,7.470001220703125,-15.830001831054688,4.0200042724609375,-5.520004272460966,27.74000549316409,-15.800003051757812,0.0,8.0,3.0,02-09,2.185833613077799
12-12,2.5900001525878906,5.959999084472663,4.610000610351555,6.899997711181641,4.239997863769531,8.770004272460923,-15.229995727539091,7.0500030517578125,-5.699996948242216,21.290008544921903,-21.120010375976562,0.0,8.0,3.0,02-10,1.6133340199788375
12-13,3.220001220703132,4.729999542236328,5.060001373291016,6.920001983642578,6.090003967285156,8.19000244140625,-15.729995727539091,5.5800018310546875,-5.410003662109403,15.67999267578125,-20.0,0.0,8.0,3.0,02-11,1.1941671371459919
12-14,3.2900009155273438,4.549999237060547,7.010000228881836,7.599998474121101,6.230003356933594,9.15999603271483,-13.909996032714872,3.160003662109375,-11.110000610351591,19.339996337890625,-21.050003051757812,0.0,8.0,3.0,02-12,1.1891665458679146
12-15,2.8800010681152344,3.9399986267089844,6.609996795654297,6.349998474121101,6.510002136230469,9.349998474121094,-13.430000305175781,6.649993896484375,-6.610000610351591,27.410003662109347,-20.5,0.0,8.0,3.0,02-13,2.429999351501461
12-16,2.220001220703125,3.2800025939941406,6.4199981689453125,7.229999542236328,7.819999694824219,9.510002136230455,-14.639991760253878,6.0500030517578125,-5.160003662109403,33.69999694824219,-16.63999938964841,0.0,8.0,3.0,02-14,3.3158340454101576
12-17,1.8300018310546875,3.80999755859375,7.440002441406243,7.66999816894532,7.3300018310546875,7.279998779296875,-10.549995422363281,4.19000244140625,-6.94000244140625,34.36999511718747,-17.219985961913977,0.0,8.0,3.0,02-15,3.2675011952718145
12-18,2.0999984741210938,4.049999237060554,7.040000915527337,6.450000762939446,3.55999755859375,6.730003356933594,-6.7699966430664205,3.2400054931640625,-3.240005493164091,30.339996337890597,-4.009994506835909,0.0,8.0,3.0,02-16,4.124167124430334
12-19,2.9900016784667898,3.319999694824226,6.670001983642571,5.979999542236328,5.0800018310546875,7.440002441406236,-4.25,2.4000091552734375,-2.240005493164091,32.959991455078125,3.0,0.0,9.0,2.0,02-17,5.279166857401526
12-20,3.2900009155273366,3.4099998474121165,5.130001068115234,6.680000305175781,4.3699951171875,8.689994812011719,-4.0,1.850006103515625,-3.740005493164091,34.50999450683591,-2.160003662109375,0.0,8.0,3.0,02-18,4.835831960042313
12-21,3.720001220703118,2.6200027465820312,4.720001220703125,6.8899993896484375,3.970001220703125,9.189994812011719,-0.75,0.6400146484375,-3.7200012207031534,37.729995727539034,0.25,0.0,9.0,2.0,02-19,5.438334147135412
12-22,3.3400001525878906,2.5699996948242116,4.770000457763672,7.00999832153321,4.290000915527344,9.799995422363267,-2.3300018310546875,3.20001220703125,1.5800018310546307,41.760009765625,1.470001220703125,0.0,10.0,1.0,02-20,6.455001513163243
12-23,3.1300010681152273,2.8300018310546875,5.700000762939446,6.6399993896484375,4.9199981689453125,9.33999633789061,-2.1299972534179545,11.430007934570312,-1.8600006103515057,41.72999572753906,1.470001220703125,0.0,9.0,2.0,02-21,6.933333714803063
12-24,2.5100021362304688,2.9099998474121165,6.150001525878906,5.61000061035157,4.2299957275390625,9.699996948242173,-5.150001525878892,5.029998779296875,-4.440002441406222,43.589996337890625,2.0399932861328125,0.0,9.0,2.0,02-22,6.014998435974125
12-26,3.4599990844726562,1.75,5.880001068115234,6.25,5.040000915527344,10.900001525878892,-5.639999389648452,6.529998779296875,-5.0,33.46998596191406,4.850006103515597,0.0,9.0,2.0,02-24,5.624166170756017
12-27,2.759998321533196,0.7599983215332102,5.880001068115234,6.120002746582031,4.870002746582031,10.800003051757812,-3.660003662109375,6.529998779296875,-5.949996948242216,29.829986572265653,3.709991455078125,0.0,9.0,2.0,02-25,5.137498537699382
12-28,2.6199989318847656,0.8299980163574148,7.079998016357415,6.799999237060554,4.519996643066406,10.20999908447267,-0.4900054931640625,9.089996337890625,-4.5800018310546875,30.699996948242188,4.5500030517578125,0.0,9.0,2.0,02-26,5.944164911905925
12-29,3.0,1.0200004577636648,5.8899993896484375,4.340000152587891,4.529998779296875,9.099998474121108,-1.2900009155273295,9.139999389648438,1.4500122070312216,29.100006103515597,3.3600006103515625,0.0,10.0,1.0,02-27,5.803334554036456
12-30,3.229999542236328,0.5600013732910085,5.25,5.040000915527351,6.30999755859375,9.289993286132827,0.02999877929686079,12.770004272460938,2.94000244140625,26.58000183105466,0.970001220703125,0.0,11.0,0.0,02-28,6.080833435058591
12-31,3.2900009155273438,1.25,4.449996948242173,6.579998016357422,6.370002746582031,9.629997253417983,3.769996643066378,13.55999755859375,0.44000244140625,27.81999206542966,-0.3300018310546875,0.0,10.0,1.0,03-01,6.402498563130692
