,2009,2010,2011,2012,2013,2014,2015,2016,2017,2018,2019,2020,ups,downs,end_day_sum,avg
01-02,-3.1216201782226562,-2.972616195678711,1.207361221313473,1.4106292724609375,-2.096111297607422,4.007801055908203,-1.1336479187011648,-1.4297752380371094,2.0975456237792898,-6.252079010009766,7.292953491210945,3.0262680053710938,6.0,6.0,03-02,0.1697257359822594
01-03,-5.524032592773441,-2.940238952636715,1.5027790069580078,1.4106292724609375,-1.4745140075683452,3.8782806396484446,-1.0761451721191406,-0.8785324096679688,2.0975456237792898,-5.2344970703125,6.846256256103523,1.0248680114745952,6.0,6.0,03-03,-0.030633449554442766
01-04,-6.564573287963871,-2.907871246337894,1.1110305786132777,1.2947769165038991,-2.0238304138183594,3.4896812438964844,-0.9857902526855469,-0.9474411010742188,2.1695709228515554,-5.303489685058594,6.107852935791016,2.4751625061035156,6.0,6.0,03-04,-0.17374340693156132
01-05,-6.212627410888675,-2.778387069702152,0.7064361572265625,2.5145912170410227,-0.3397178649902344,4.091621398925774,-2.2262306213378906,-1.0508003234863281,1.9355087280273438,-6.027866363525391,5.961994171142578,1.8370323181152344,6.0,6.0,03-05,-0.13237047195434629
01-06,-6.7737026214599645,-2.4438991546630895,1.0339679718017614,2.9030303955078196,-0.4481353759765625,3.9925765991210938,-1.12542724609375,-1.61065673828125,1.701446533203118,-5.329357147216804,5.770549774169922,5.549770355224609,6.0,6.0,03-06,0.26834694544474197
01-07,-5.309806823730469,-1.553741455078125,1.0981826782226598,2.1397933959960938,-0.6432914733886719,4.091625213623047,-2.7191123962402344,-1.3350448608398438,2.115550994873054,-5.027538299560554,5.5244140625,5.810821533203125,6.0,6.0,03-07,0.3493210474650068
01-08,-6.4727630615234375,-1.7425651550292933,1.6697502136230469,1.7854347229003906,-0.20961380004882812,4.548789978027344,-2.5876846313476634,-0.2756309509277344,2.034534454345703,-3.9237136840820384,5.041252136230469,6.08154296875,6.0,6.0,03-08,0.49577776590982986
01-09,-5.728057861328125,-1.7263774871826172,1.4578189849853551,1.6763992309570312,-0.20961380004882812,4.244010925292969,-3.9102821350097656,-1.2144622802734375,1.6834373474121094,-2.6388015747070384,4.804233551025391,6.178218841552727,6.0,6.0,03-09,0.38471031188964755
01-10,-6.023900985717773,-1.9637527465820277,1.9394779205322266,1.499217987060554,-0.3686256408691406,3.466827392578118,-3.557044982910149,-0.9216117858886719,2.412628173828125,-2.061023712158203,4.94097900390625,5.3177261352539205,6.0,6.0,03-10,0.39007472991943565
01-11,-5.488323211669922,-2.001512527465824,2.376188278198242,1.6832046508789062,-0.6071548461914062,4.0611305236816335,-4.674266815185547,-0.31868743896483664,1.9715156555175781,-1.759204864501946,5.205352783203118,1.8176956176757884,6.0,6.0,03-11,0.1888281504313154
01-12,-5.850469589233398,-1.6400508880615234,2.639497756958008,1.73773193359375,-0.3686256408691406,4.541164398193359,-5.1342926025390625,0.5254058837890696,1.287342071533196,-2.4749603271484446,6.235481262207031,0.9378547668457031,7.0,5.0,03-12,0.20300658543904562
01-13,-4.743625640869141,-2.09322547912598,2.6266593933105433,1.9081039428710866,-0.22407150268554688,4.381156921386719,-5.265735626220703,0.7235031127929759,1.2603225708007812,-2.8975105285644602,6.554546356201172,-1.6243247985839844,6.0,6.0,03-13,0.05048322677612186
01-14,-3.9122142791748047,-1.904409408569336,2.3440780639648438,1.962608337402358,-0.06505584716796875,3.832561492919929,-4.526390075683594,0.6373748779296875,0.6931838989257884,-3.0872268676757884,6.8097991943359375,-1.7113418579101634,6.0,6.0,03-14,0.08941396077474077
01-15,-4.570211410522457,-1.6292705535888707,1.1688213348388672,2.4737091064453267,-0.4119987487792969,3.923992156982429,-4.370323181152337,2.6700859069824148,0.6481704711914062,-2.9664993286132884,6.199008941650391,-2.794219970703118,6.0,6.0,03-15,0.028438727060955554
01-16,-3.9836254119873082,-2.3090286254882812,0.4302787780761754,2.351043701171882,-0.26743316650390625,3.245861053466797,-5.643627166748047,1.869049072265632,1.01727294921875,-2.9664993286132884,5.87994384765625,-8.460014343261719,6.0,6.0,03-16,-0.7363982200622553
01-17,-2.203500747680664,-2.2227134704589844,0.10274887084960938,2.351043701171882,0.8601303100585938,3.1925315856933594,-5.980419158935547,1.6881790161132884,1.01727294921875,-2.975128173828125,5.861713409423821,-7.58984375,7.0,5.0,03-17,-0.4914987881978347
01-18,-1.3975887298583984,-2.017709732055664,0.10274887084960938,2.2283859252929688,0.592700958251946,2.6134567260742188,-5.232872009277337,2.0068626403808736,1.9985237121582031,-3.190715789794929,5.724971771240234,-12.433807373046875,7.0,5.0,03-18,-0.7504202524820958
01-19,-1.5557117462158203,-2.017709732055664,0.4688243865966797,2.119354248046875,-0.07950592041015625,2.5524940490722656,-3.5570335388183594,2.0068626403808736,2.6376953125,-2.5008277893066335,6.162548065185547,-5.182365417480476,6.0,6.0,03-19,0.08788537979126095
01-20,-1.5557117462158203,-1.6292743682861328,0.8156108856201136,1.7581748962402344,0.47705078125,2.346771240234382,-3.5570335388183594,3.505546569824226,2.8897590637207102,-3.121726989746101,5.961994171142571,-9.446212768554695,7.0,5.0,03-20,-0.12958765029907257
01-21,-1.8260364532470703,-1.4026832580566442,2.1899490356445312,1.6287002563476491,0.6432838439941406,2.346771240234382,-3.7377662658691406,4.315193176269531,2.47564697265625,-3.7167510986328125,6.0166893005371165,-9.446212768554695,7.0,5.0,03-21,-0.04276800155639678
01-22,-2.0300731658935582,-1.7641429901123047,1.8303108215331996,1.5264701843261648,0.6432838439941406,1.6076927185058736,-4.156730651855469,2.1877403259277415,3.627948760986328,-3.544281005859382,6.0166893005371165,-10.113346099853523,7.0,5.0,03-22,-0.34736982981363934
01-23,-2.688055038452145,-1.8612556457519531,2.267013549804684,1.7445487976074148,0.607147216796875,1.1657638549804688,-3.0477142333984375,2.4547500610351634,3.6819610595703054,-3.4407997131347727,5.487949371337891,-11.853691101074219,7.0,5.0,03-23,-0.4568651517232271
01-24,-2.5911464691162074,-1.6292705535888672,2.0679264068603516,1.2130088806152415,0.6866607666015625,1.9581756591796875,-3.351661682128899,1.5675926208496094,3.8530082702636648,-3.3631858825683665,4.722190856933594,-16.088523864746087,7.0,5.0,03-24,-0.9129354159037263
01-25,-2.958389282226559,-2.3791637420654297,2.433988571166992,1.0562744140625,1.46728515625,1.935321807861321,-3.5899009704589844,1.5675926208496094,3.9700355529785085,-3.5011672973632812,5.415019989013672,-19.443531036376946,7.0,5.0,03-25,-1.168886184692383
01-26,-2.453424453735348,-2.487060546875,2.4147205352783203,1.2538986206054759,1.3877792358398366,2.2934532165527273,-3.630970001220703,0.9732894897461009,4.7262420654296875,-3.7081260681152344,5.269161224365227,-15.38272476196289,7.0,5.0,03-26,-0.77864678700765
01-27,-3.1522159576416016,-2.346792221069336,2.3826160430908203,1.5605506896972514,1.2070808410644602,2.0343742370605398,-4.3538818359375,0.6718292236328196,5.0953369140625,-2.405975341796868,5.952877044677727,-11.853687286376946,7.0,5.0,03-27,-0.4339906374613444
01-28,-3.407257080078125,-1.7641429901123011,2.273433685302731,1.9421653747558523,1.2070808410644602,1.973407745361321,-4.247081756591804,0.03447723388671875,5.66248703002929,-2.017913818359368,5.633808135986328,-12.433799743652337,7.0,5.0,03-28,-0.42861127853393616
01-29,-3.3103466033935547,-1.4566364288330078,1.7853527069091832,1.4174423217773509,1.1564788818359446,2.392486572265625,-5.273952484130874,-0.3272972106933594,5.095333099365227,-2.017913818359368,4.795116424560554,-12.665851593017571,6.0,6.0,03-29,-0.7008156776428208
01-30,-4.253971099853516,-1.6022911071777344,1.7789325714111364,1.3015937805175781,1.409465789794929,2.8191871643066406,-3.7213363647460938,-1.3091850280761719,5.02332687377929,-2.1300163269042898,4.193450927734382,-9.24317169189451,6.0,6.0,03-30,-0.4778345425923633
01-31,-4.35087966918945,-1.5699253082275355,1.978023529052738,0.33391952514647727,1.3154830932617188,3.1925277709960866,-3.8774185180664062,-0.14641952514648438,4.249126434326172,-2.612934112548821,1.5588645935058594,-8.518024444580085,6.0,6.0,03-31,-0.7039713859558109
02-01,-3.6265869140625,-1.5699253082275355,1.3807601928710938,0.16354751586914062,2.327411651611328,3.5430221557617188,-4.789264678955078,-0.111968994140625,4.645229339599609,-0.26732635498046875,0.9663200378417969,-6.178226470947273,6.0,6.0,04-01,-0.29308398564656607
02-02,-3.1063156127929688,-1.462030410766598,2.106464385986328,0.4225006103515625,2.363544464111321,3.7639846801757812,-4.789264678955078,0.36174774169921875,4.285125732421875,0.3276977539062571,0.7201843261718679,-7.193428039550781,8.0,4.0,04-02,-0.18331575393676788
02-03,-3.9173183441162074,-1.165304183959961,2.125722885131836,-0.08858871459961648,2.9779205322265554,3.4515914916992188,-5.208213806152351,0.14641952514648438,4.924289703369141,2.0179100036621094,0.7201843261718679,-9.72659683227539,7.0,5.0,04-03,-0.3118319511413595
02-04,-3.3103389739990234,-0.35605812072753906,2.222049713134769,0.9404106140136719,3.2670402526855398,3.5506515502929688,-4.534599304199219,0.103363037109375,4.5822105407714915,2.4577102661132812,0.7475318908691406,-9.571903228759773,8.0,4.0,04-04,0.008172353108723662
02-05,-4.095842361450195,0.24817276000976562,2.2156372070312464,0.4770164489746094,3.252593994140625,3.7868385314941335,-4.049919128417969,0.31005859375,4.483177185058601,2.9923667907714844,0.43758010864258523,-10.064994812011719,9.0,3.0,04-05,-0.0006095568339026988
02-06,-4.973161697387695,0.539484024047848,2.035810470581051,0.4770164489746094,3.209228515625,2.7810707092285156,-2.891643524169929,1.17138671875,4.744247436523445,3.0009918212890696,0.6746025085449219,-11.63131332397461,9.0,3.0,04-06,-0.07185665766398112
02-07,-5.258796691894531,0.528701782226559,2.164260864257809,-0.13629150390625,3.693500518798828,2.163909912109375,-1.5361862182617188,0.6890640258789062,4.042060852050781,3.2596969604492188,0.13673782348632102,-14.251495361328125,8.0,4.0,04-07,-0.3754030863444022
02-08,-5.029264450073246,0.4154090881347585,2.228487014770508,-0.06815338134765625,3.903106689453118,1.63055419921875,-1.2486648559570241,0.94744873046875,3.2048416137695312,4.924053192138672,-0.20966720581054688,-12.424137115478516,7.0,5.0,04-08,-0.1438322067260751
02-09,-5.029264450073246,0.3237037658691371,1.823888778686527,-0.24532699584961648,4.156093597412109,2.339153289794922,-1.3472366333007741,1.3005828857421875,3.3668785095214844,4.708465576171882,-0.06381607055664062,-13.27497482299804,7.0,5.0,04-09,-0.1618210474650056
02-10,-4.004035949707035,0.08632469177245738,1.6119670867919886,0.2385101318359375,3.7513275146484375,2.4915428161621094,-1.946929931640618,1.205841064453125,3.357879638671875,5.406974792480469,-0.3099479675292969,-13.27497482299804,8.0,4.0,04-10,-0.11546007792154918
02-11,-3.840810775756836,0.15645027160644887,1.560577392578118,0.054523468017578125,4.141643524169922,1.4781608581542969,-1.9551315307617116,2.1963768005371094,3.5829315185546875,5.053409576416023,-0.06381607055664062,-13.449008941650384,8.0,4.0,04-11,-0.0903911590576157
02-12,-3.6010704040527344,0.09170913696289418,1.444976806640625,-0.13628768920898438,4.25006103515625,1.4553070068359375,-2.0947990417480398,1.9034996032714844,3.9520416259765696,5.286247253417969,-0.04558563232421875,-13.565029144287116,7.0,5.0,04-12,-0.08824412027994703
02-13,-3.92242431640625,0.048553466796875,1.0532302856445312,0.4838409423828196,4.177776336669922,0.7695655822753906,-1.7908592224121094,1.6451263427734375,3.9520416259765696,5.872650146484375,0.04557418823241477,-11.737667083740241,9.0,3.0,04-13,0.04978402455647787
02-14,-3.0195960998535156,-0.010789871215820312,1.7082843780517578,0.40887832641602273,5.153553009033203,-0.05333709716796875,-1.3965263366699219,2.0671730041503906,4.078075408935554,5.527702331542969,-0.373760223388679,-10.519424438476577,6.0,6.0,04-14,0.29751936594645123
02-15,-3.453157424926758,0.15106201171875,1.791769027709961,0.5383491516113352,5.789623260498047,-0.2514381408691335,-0.6325531005859304,2.075775146484382,4.213108062744148,4.67396545410157,-0.48316192626953125,-12.153419494628892,7.0,5.0,04-15,0.18832683563232896
02-16,-2.8359737396240234,0.15106201171875,1.7596626281738281,0.28621292114258523,4.9294891357421875,0.5714492797851562,-0.9036483764648438,2.075775146484382,4.654220581054695,4.7343406677246165,-1.1942253112792898,-11.225231170654283,8.0,4.0,04-16,0.25026114781698006
02-17,-2.8359737396240234,0.31291007995605824,1.7339782714843786,-0.23170089721678977,4.842754364013672,0.5714492797851562,-0.9036483764648438,2.067150115966804,4.339141845703125,4.725711822509773,-1.6864967346191335,-12.588500976562493,7.0,5.0,04-17,0.02889792124430694
02-18,-2.790069580078125,0.39382743835448863,1.791778564453118,0.24532318115234375,4.575325012207031,0.5714492797851562,-1.1747360229492188,1.4297828674316406,4.006053924560547,4.975791931152344,-1.6864967346191335,-12.588500976562493,8.0,4.0,04-18,-0.020872592926025096
02-19,-2.7135524749755895,-0.005401611328121447,1.7596626281738281,0.5451622009277344,4.575325012207031,0.4114341735839844,-1.2157936096191406,1.5417709350586009,3.8350105285644602,4.622226715087891,-1.6864967346191335,-12.636840820312493,7.0,5.0,04-19,-0.08062442143757902
02-20,-2.718658447265632,0.05934715270996094,1.8945274353027344,0.6610183715820312,4.445213317871094,0.22858428955076704,-2.4316062927246094,2.334178924560554,3.1238136291503906,4.622226715087891,-2.069377899169929,-12.018054962158189,8.0,4.0,04-20,-0.1557323137919114
02-21,-2.8359699249267614,0.5125255584716797,1.8945274353027344,0.6610183715820312,4.662055969238281,0.457164764404304,-2.3248138427734375,3.0835113525390625,3.1238136291503906,5.579444885253906,-2.3610992431640625,-11.399269104003906,8.0,4.0,04-21,0.08774248758951853
02-22,-2.2289924621582067,0.3830413818359375,1.8945274353027344,0.7223548889160156,4.28619384765625,0.05333709716796875,-2.1522979736328196,1.8948936462402344,3.195831298828125,3.9323463439941406,-2.753093719482422,-11.109207153320312,8.0,4.0,04-22,-0.1567554473876962
02-23,-2.7798652648925817,0.6419906616210973,1.8559970855712855,0.701904296875,4.495807647705064,0.3962059020996094,-2.193370819091797,2.833717346191399,2.3856353759765554,2.6388092041015625,-2.6528129577636648,-11.524955749511719,8.0,4.0,04-23,-0.2667447725931824
02-24,-3.1879215240478516,0.5179080963134766,2.2927036285400355,0.9404220581054688,5.305339813232415,-0.24381256103515625,-2.7109146118164062,3.1524162292480398,2.7817420959472727,1.8281898498535156,-2.716625213623047,-9.059467315673828,7.0,5.0,04-24,-0.09166828791300545
02-25,-2.6217479705810547,0.48553466796875355,2.0936145782470703,1.3084144592285156,5.298114776611321,-0.10666275024414062,-2.62054443359375,0.413433074951179,3.7989959716796875,2.026538848876953,-2.3155136108398366,-8.24731063842772,7.0,5.0,04-25,-0.04059441884358517
02-26,-2.132080078125,0.447778701782223,1.913793563842777,1.9421730041503906,5.3053436279296875,0.29715728759764914,-1.0432929992675781,1.4039459228515625,3.6909675598144602,2.216259002685547,-3.0995025634765554,-8.72106552124022,8.0,4.0,04-26,0.1851231257120786
02-27,-2.6625537872314453,0.4261970520019567,2.183528900146481,1.8399543762207031,4.849979400634766,-0.5485992431640625,-0.03287124633789773,2.8337249755859375,3.2318496704101562,3.1648521423339773,-2.9445266723632812,-7.9669189453125,7.0,5.0,04-27,0.36455138524373254
02-28,-0.3162403106689453,-0.15644836425780895,2.6523437500000036,1.9830551147460938,4.70542907714843,-0.17524337768555398,0.25464630126953125,3.4883384704589844,3.2408523559570384,4.251415252685547,-2.570762634277351,-4.959983825683587,7.0,5.0,04-28,1.0331168174743652
02-29,0.0,0.0,0.0,1.805877685546875,0.0,0.0,0.0,3.858692169189453,0.0,0.0,0.0,-5.926849365234375,2.0,1.0,04-29,-0.02185662587483724
03-01,-0.6120815277099609,-0.6258068084716797,3.018405914306644,1.4992179870605469,5.659515380859375,0.8305244445800852,0.6571884155273438,3.3074493408203125,3.997051239013679,5.208629608154297,-2.3975601196289062,-6.11054992675782,8.0,4.0,04-30,1.202665328979493
03-02,0.28053474426269176,-0.6581840515136754,2.7229881286621094,1.7172927856445312,5.616146087646484,1.2876777648925852,-0.024658203125,3.3763580322265625,4.006061553955085,5.6139373779296875,-2.1970024108886648,-5.781818389892578,8.0,4.0,05-01,1.329944451649985
03-03,1.3210754394531214,-0.6905517578124964,2.581699371337894,1.6627769470214844,5.934185028076172,1.6381759643554688,-0.11501312255859375,3.3505172729492188,4.177101135253913,4.622222900390625,-1.4494743347167969,-5.143688201904297,8.0,4.0,05-02,1.4907522201538095
03-04,0.9691295623779261,-0.56646728515625,2.671615600585927,1.6355209350585938,6.1510162353515625,1.036235809326179,1.12542724609375,3.4108238220214844,4.19511413574218,4.501495361328125,-2.1787757873535156,-8.856426239013672,9.0,3.0,05-03,1.1745591163635243
03-05,0.9385242462158203,-0.6473922729492223,2.8193225860595703,1.6559600830078196,6.259433746337891,1.1352806091308594,0.17251205444335938,4.177394866943359,4.744251251220696,4.216915130615234,-1.9873313903808594,-8.730724334716797,9.0,3.0,05-04,1.2295122146606443
03-06,1.249664306640625,-0.6743640899658168,2.478944778442383,2.0103187561035227,6.45458984375,1.2800483703613281,1.9551429748535156,4.09986877441407,4.76225280761718,3.9150962829589844,-1.7411956787109375,-8.885433197021499,9.0,3.0,05-05,1.4087444941202796
03-07,2.6166515350341797,-1.1383285522460938,2.382619857788093,2.119354248046882,6.122112274169922,1.3638648986816406,1.8401412963867116,4.177394866943359,4.843269348144531,2.8112716674804688,-2.7439765930175852,-4.73760986328125,9.0,3.0,05-06,1.6380637486775715
03-08,2.208599090576172,-1.4242591857910156,2.594551086425785,1.9489974975585938,6.664207458496101,1.7677116394042969,0.558612823486321,3.8845443725585938,5.194366455078125,2.4749603271484375,-2.543415069580078,-4.321861267089851,9.0,3.0,05-07,1.58391793568929
03-09,2.0402698516845703,-1.1868839263916051,2.1128921508789134,1.9217262268066406,6.353401184082031,1.9886741638183665,0.5339698791503764,3.2816200256347585,5.266376495361335,2.7250480651855398,-2.88983154296875,-5.49176025390625,9.0,3.0,05-08,1.3879585266113272
03-10,1.5046920776367188,-1.149124145507809,2.1000366210937464,2.1602439880371023,6.216064453125,2.4458351135253906,1.6511917114257741,2.5667381286621094,5.518451690673828,2.4404678344726562,-2.76220703125,-4.611919403076165,9.0,3.0,05-09,1.5067059199015294
03-11,1.8668384552001953,-2.7568130493164062,2.6009597778320312,2.2488327026367188,6.26666259765625,1.9658012390136648,2.1112174987792898,2.308330535888672,5.797519683837891,1.7592086791992188,-3.4276885986328125,-2.0497398376464773,9.0,3.0,05-10,1.5575941403706863
03-12,1.6067123413085902,-2.8539161682128906,3.3780460357665945,2.173866271972649,6.122108459472656,2.1258087158203054,1.8401260375976491,2.8165130615234375,5.70750427246093,2.1731338500976562,-3.746753692626953,2.6395263671875,10.0,2.0,05-11,1.998556296030677
03-13,2.3769092559814524,-2.147186279296875,4.071634292602539,1.6627655029296804,5.963092803955078,2.4839248657226634,5.413597106933601,3.152435302734368,6.238636016845696,2.3628501892089844,-4.002006530761719,1.8176956176757812,10.0,2.0,05-12,2.449529012044271
03-14,1.8005428314208984,-1.7803325653076136,3.795492172241211,1.785430908203125,5.254741668701172,2.514404296875,5.610752105712891,2.842357635498047,6.283649444580078,2.2421226501464844,-3.591777801513672,5.723804473876953,10.0,2.0,05-13,2.706765651702881
03-15,2.223897933959961,-1.4566326141357422,4.534034729003903,2.28289794921875,5.464347839355462,2.3086814880371094,5.298587799072266,3.0232276916503906,5.914546966552734,2.8630218505859517,-3.008342742919922,5.646457672119141,10.0,2.0,05-14,2.924560546875
03-16,1.7648353576660156,-1.542947769165039,4.861564636230469,2.630443572998047,5.9919891357421875,2.2477188110351634,4.89605712890625,2.7045440673828054,5.338409423828125,2.3887252807617188,-3.053924560546875,5.298385620117195,10.0,2.0,05-15,2.7938167254130053
03-17,0.95892333984375,-1.7479515075683594,4.225770950317383,2.575927734375007,6.534091949462891,2.483936309814453,4.14850997924804,1.860443115234382,4.897285461425781,3.0182456970214915,-3.7832183837890625,-1.9530563354492045,9.0,3.0,05-16,1.934909025828046
03-18,1.1170463562011719,-2.0986251831054616,2.1514205932617116,2.0920867919921875,6.389533996582038,2.5448989868164062,2.4726715087890625,1.7915420532226491,5.51844787597657,2.0351600646972727,-4.084056854248054,2.310791015625014,10.0,2.0,05-17,1.8534097671508807
03-19,2.59115028381348,-1.5807075500488281,1.6183719635009801,1.9421653747558594,5.832977294921882,2.7506217956542898,3.5734634399414062,2.136066436767578,5.599460601806641,1.9144325256347727,-3.883502960205078,2.85223388671875,10.0,2.0,05-18,2.112227757771811
03-20,2.4942283630371094,-1.6940021514892543,1.952337265014652,2.0443954467773438,5.6667442321777415,3.733509063720703,3.0066452026367188,1.8862686157226491,6.112621307373047,2.5094566345214844,-3.9381980895996236,5.88816833496093,10.0,2.0,05-19,2.471847852071125
03-21,3.126718521118164,-1.8828277587890625,1.8238849639892614,1.8263168334960938,5.355930328369141,4.647846221923828,2.760192871093736,1.5589866638183452,4.960319519042969,2.336986541748054,-5.734088897705078,11.505622863769531,10.0,2.0,05-20,2.6904907226562487
03-22,3.289937973022461,-1.8990192413330114,1.387182235717777,1.628692626953125,4.040443420410156,5.562168121337898,2.571235656738274,2.446144104003899,4.9063072204589915,4.2514190673828125,-5.451484680175781,9.919971466064446,10.0,2.0,05-21,2.7210831642150874
03-23,3.631689071655277,-2.1310043334960973,1.5862693786621094,1.4447059631347727,5.01622390747071,5.348827362060547,2.6944808959960866,2.4892005920410085,4.447170257568359,5.286235809326172,-5.761436462402344,10.46141052246093,10.0,2.0,05-22,2.8761477470397945
03-24,3.9989318847656286,-1.3811111450195348,2.0229682922363352,1.4106369018554759,4.5753135681152415,5.310726165771484,2.932720184326172,1.5159149169921946,4.861282348632805,4.691211700439446,-5.487953186035156,6.400604248046875,10.0,2.0,05-23,2.5709371566772474
03-25,3.4939670562744176,-3.5552558898925852,2.5110645294189524,1.035827636718757,4.062133789062514,4.952594757080078,2.9737892150878906,1.602039337158196,-0.3132171630859375,4.561859130859368,-6.089618682861328,2.8715667724609304,9.0,3.0,05-24,1.5088958740234377
03-26,3.9326267242431676,-3.501312255859375,1.7596702575683594,1.0222015380859446,4.242832183837891,5.211673736572266,3.6884918212890696,1.1972160339355469,0.3547325134277415,4.234169006347649,-6.773334503173828,-0.9378547668457102,9.0,3.0,05-25,1.2025926907857267
03-27,4.208061218261719,-4.235027313232422,1.9202232360839844,1.546924591064446,4.45245361328125,4.6478271484375,4.3867340087890625,2.48919677734375,0.5938720703125,3.846107482910149,-6.454265594482429,-2.1464271545410227,9.0,3.0,05-26,1.2713066736857073
03-28,4.87624359130859,-4.315944671630856,1.7982025146484304,1.6627731323242188,3.534496307373054,3.9697036743164134,4.551029205322266,2.4805793762207102,1.1610260009765625,2.086902618408203,-4.284610748291016,-5.134021759033196,9.0,3.0,05-27,1.0321982701619483
03-29,5.845375061035153,-4.817678451538086,1.8046226501464773,1.7309226989746094,3.3393325805664062,4.144950866699226,3.7459793090820312,1.3178138732910227,1.2330322265625,2.311115264892571,-4.175220489501953,-4.457221984863274,9.0,3.0,05-28,1.0019186337788903
03-30,5.906585693359368,-4.850044250488285,1.6055316925048757,1.6286964416503977,3.758552551269524,4.548778533935547,4.61676025390625,1.2833633422851634,1.5931358337402344,2.5525741577148366,-3.2909469604492188,-3.857765197753899,9.0,3.0,05-29,1.2912685076395662
03-31,5.182292938232418,-4.94175910949707,1.6569156646728445,1.3629302978515696,3.469432830810547,4.343048095703125,5.528606414794922,1.7312507629394602,1.1368942260742188,2.1817588806152344,-3.737640380859368,-2.8425636291503906,9.0,3.0,05-30,1.2559305826822926
04-01,4.662021636962887,-5.394935607910156,1.7982063293456996,1.2538986206054688,1.7636299133300781,4.1220855712890625,4.7728424072265625,2.9112625122070312,0.7929611206054688,2.078277587890625,-3.9290809631347727,-0.30939483642578125,9.0,3.0,05-31,1.2101478576660145
04-02,4.4375820159912145,-4.618053436279297,1.7981929779052734,0.6002616882324148,1.1492538452148438,4.434478759765625,5.150722503662109,3.0662994384765625,1.0568313598632812,2.1817588806152344,-3.9290809631347727,2.7362098693847656,10.0,2.0,06-01,1.5053714116414378
04-03,4.687526702880859,-5.028072357177734,2.21563529968261,1.0636558532714773,0.8601341247558594,4.800243377685547,4.739990234375,2.5322723388671946,1.1263275146484375,1.7419586181640625,-3.9564285278320455,5.704463958740234,10.0,2.0,06-02,1.707308928171792
04-04,5.549537658691403,-4.54792594909668,1.4364070892333913,1.431640625,0.3252677917480469,5.204044342041016,4.436038970947266,2.0671958923339844,1.2253608703613281,1.2073020935058594,-3.827617645263672,4.602245330810547,10.0,2.0,06-03,1.5924580891927074
04-05,5.702554702758789,-4.337127685546875,1.6162338256835866,1.3020362854003906,-0.3758583068847656,5.493583679199219,4.173164367675781,2.549518585205078,0.9642906188964844,-0.32357025146484375,-1.9999046325683594,5.172691345214844,8.0,4.0,06-04,1.6614677111307774
04-06,4.462863922119141,-4.326345443725586,1.4877834320068288,1.1399574279785156,-0.0144500732421875,4.31257247924804,3.4840621948242188,2.2911338806152344,0.6317138671875,-0.39116668701171875,-1.6049728393554688,6.526298522949226,8.0,4.0,06-05,1.4999542236328118
04-07,4.233331680297855,-4.2130527496337855,1.3927555084228551,1.2178573608398438,0.1011962890625,4.836780548095703,3.196540832519524,1.7049903869628906,0.021568298339850855,-0.979583740234375,-2.0796051025390554,7.37713623046875,9.0,3.0,06-06,1.4008262952168797
04-08,4.192523956298828,-3.7898464202880895,1.6146850585937464,1.260345458984375,-0.8790626525878906,4.128181457519531,3.295112609863274,2.564506530761726,-0.28875732421875,-1.5158653259277273,-1.4530906677246094,5.5884475708007955,7.0,5.0,06-07,1.2264316876729342
04-09,4.474676132202148,-5.2288818359375036,1.0715866088867116,1.8127174377441406,-0.47429656982421875,3.9757919311523438,2.0415878295898438,2.33245849609375,-0.9412689208984375,-1.1583480834961009,-1.2069587707519531,2.3011245727539062,7.0,5.0,06-08,0.7500157356262193
04-10,3.750440597534176,-5.2093200683593786,1.5181922912597656,2.003528594970703,-0.8646125793457031,4.595661163330085,1.1153640747070241,2.6247825622558665,-0.8395805358886719,-0.8047828674316548,-1.4530906677246094,2.1270904541015625,7.0,5.0,06-09,0.7136394182840972
04-11,3.591913223266598,-5.113498687744141,1.5648536682128835,1.3833999633788991,-0.4294395446777344,5.727638244628913,1.6791763305664062,2.961414337158203,-1.208690643310554,-1.0376205444336009,-0.27584075927734375,3.9931297302246094,7.0,5.0,06-10,1.069702943166095
04-12,3.8719787597656286,-5.310770034790043,1.9566001892089773,1.126575469970696,-0.5221595764160156,4.757240295410149,1.1706275939941406,2.53936767578125,-1.955883026123054,-0.7718582153320312,0.17340469360351562,2.910247802734382,8.0,4.0,06-11,0.8287809689839664
04-13,3.544353485107422,-5.251426696777347,1.3015460968017507,1.963439941406243,-0.6380577087402344,4.467018127441399,2.035167694091797,2.5307655334472585,-1.5957908630371094,-1.1161727905273509,-0.024806976318359375,3.6450576782226634,7.0,5.0,06-12,0.9050911267598444
04-14,3.977914810180664,-5.413278579711918,1.459964752197255,1.35333251953125,-0.7427291870117188,4.30229187011718,1.2711944580078054,2.626739501953125,-3.343536376953118,-0.9015274047851634,0.0796051025390625,2.716869354248054,8.0,4.0,06-13,0.6155700683593732
04-15,3.3607311248779297,-4.03287315368652,0.3379936218261754,1.6436805725097656,-0.428699493408196,3.4794044494628906,1.5422897338867188,1.0641517639160085,-3.733356475830078,-0.34737014770508523,0.43083953857421875,4.080139160156264,8.0,4.0,06-14,0.6164108912150077
04-16,3.4596977233886683,-3.850082397460941,1.3910598754882812,1.2895889282226562,-0.3419647216796804,3.0908050537109446,1.4252052307128906,0.06309127807615766,-3.0384674072265625,-0.964092254638679,0.9231109619140625,0.6091194152832102,8.0,4.0,06-15,0.33808930714925073
04-17,2.9932479858398473,-3.4655246734619105,1.5976905822753906,0.9897499084472656,-0.07453536987303977,4.16563415527343,1.6024017333984375,-1.0973854064941477,-2.9791488647460866,-1.21417236328125,0.8501853942871094,0.396411895751946,7.0,5.0,06-16,0.31371291478474933
04-18,3.160900115966797,-2.94272613525391,0.8911170959472656,0.8738937377929688,0.21982955932616477,4.206668853759766,1.7157249450683594,-0.9910850524902415,-2.80810546875,-0.8606071472167969,0.8346672058105469,2.5718460083007812,8.0,4.0,06-17,0.5726769765218084
04-19,3.7685985565185547,-2.792102813720703,0.7562522888183594,1.1102638244628906,0.1393280029296875,4.559642791748047,2.275146484375,-1.74041748046875,-2.0969085693359304,0.005828857421867895,1.4406852722167898,2.9102439880371094,9.0,3.0,06-18,0.8613801002502436
04-20,3.7104644775390625,-3.245281219482422,0.18468093872070668,0.45807647705077414,0.06978225708008523,4.363552093505859,2.5633277893066406,-0.5517997741699219,-1.8591880798339844,0.1244964599609375,1.0799674987792898,3.519367218017571,9.0,3.0,06-19,0.8681205113728833
04-21,3.103487014770508,-3.1157970428466797,-0.08251762390136719,0.2413330078125,0.3688621520996165,4.724357604980476,2.3908119201660227,1.7673110961913991,-1.872875213623054,0.7439613342285085,1.8488693237304688,3.9351158142089773,9.0,3.0,06-20,1.171076615651448
04-22,3.654359817504883,-2.8328361511230433,0.024383544921878553,0.4396209716796875,-0.27416229248045454,4.381488800048835,2.431884765625,2.4533729553222727,-2.9203529357910156,0.7528953552246094,1.8583641052245952,1.4696273803710866,9.0,3.0,06-21,0.9532205263773612
04-23,3.3397693634033203,-3.022541046142571,-0.05560302734375,0.4679527282714844,-1.0836944580078054,5.021507263183601,2.6960906982421875,2.8925437927246094,-3.4288101196289062,0.9227218627929688,1.9221763610839773,1.7500152587890625,8.0,4.0,06-22,0.9518440564473482
04-24,4.083169937133793,-3.207199096679691,0.17769050598145242,-0.16580581665039062,-1.0764694213867116,5.852962493896484,1.1450386047363281,3.787250518798814,-3.945728302001946,0.7243728637695312,1.521064758300767,1.5663108825683594,8.0,4.0,06-23,0.8718881607055659
04-25,3.0671272277831996,-3.338994979858402,0.024383544921878553,-0.06358718872070312,-2.5921058654785156,5.0369873046875,1.3609657287597727,3.796108245849595,-3.8376998901367188,0.5346527099609375,2.058673858642578,1.4406204223632741,8.0,4.0,06-24,0.6239275932311997
04-26,2.8346195220947266,-3.244853973388672,-0.24535179138182528,-0.43717193603515625,-2.8044586181640625,4.98389816284179,0.9371681213378906,3.1414947509765483,-3.3785820007324148,-0.9028358459472656,2.2074623107910156,1.7306785583496094,6.0,6.0,06-25,0.401838938395182
04-27,2.591550827026367,-2.6622085571289062,-0.714166641235348,-0.3384513854980469,-4.373416900634766,4.364219665527337,0.9286842346191406,2.7711410522460795,-4.283123016357429,-0.6917343139648438,2.0005035400390554,0.7638206481933594,6.0,6.0,06-26,0.029734929402666605
04-28,2.887392044067383,-2.1928501129150355,-1.239147186279304,-0.3755950927734375,-4.261260986328125,4.58384704589843,0.5261421203613281,3.467052459716811,-3.9854965209960938,-0.4767723083496094,1.3739891052246094,0.947521209716804,6.0,6.0,06-27,0.10456848144531339
04-29,1.9947757720947301,-2.4115085601806676,-1.2690715789794886,-0.18439102172851562,-3.879924774169922,4.12669372558593,1.2079887390136719,-1.5545845031738281,-3.3473167419433594,-0.539337158203125,0.794940948486321,0.6187896728515625,5.0,7.0,06-28,-0.37024545669555753
04-30,2.4293251037597656,-2.2778434753418004,-0.9560241699218679,-0.04276275634765625,-4.197963714599609,3.776195526123047,1.8624610900878906,-2.5514488220214844,-4.135410308837891,-0.7449111938476562,0.047412872314453125,1.4019393920898438,5.0,7.0,06-29,-0.4490858713785804
05-01,2.2795047760009766,-2.1336021423339915,-0.9026947021484375,-0.015506744384765625,-4.414794921875,3.9953765869140625,1.2055015563964844,-0.6114158630371094,-4.321849822998054,-0.6241836547851562,0.7767143249511719,1.76934814453125,5.0,7.0,06-30,-0.24980020523071408
05-02,2.0995960235595703,-2.7172737121582067,-0.22278594970703125,-0.03594589233399148,-3.9768943786621094,3.8862266540527415,-0.42122650146484375,1.4703521728515625,-4.87098693847657,-0.3396034240722656,1.1105422973632812,1.8853759765624858,5.0,7.0,07-01,-0.17771863937378138
05-03,1.6874141693115234,-3.0938377380371094,0.11759185791015625,0.387615203857429,-3.8642234802246165,4.253116607666016,-1.082366943359375,1.5478782653808523,-4.888988494873054,-0.3502464294433594,0.8623542785644602,2.5621757507324148,7.0,5.0,07-02,-0.1551264127095552
05-04,1.6874141693115234,-2.6298732757568324,0.21391677856444602,0.7812576293945312,-3.8702049255371094,4.904151916503906,-1.082366943359375,1.4703521728515625,-5.646331787109382,0.013999938964850855,1.0333023071289062,2.5621757507324148,8.0,4.0,07-03,-0.04685052235921313
05-05,2.0954666137695312,-2.3439426422119105,0.6634712219238352,0.5359268188476562,-3.8702049255371094,4.904151916503906,0.19916152954101562,1.7201309204101562,-6.1954803466796875,0.09161376953125,1.0333023071289062,2.1464271545410156,9.0,3.0,07-04,0.08166869481404711
05-06,2.263795852661133,-1.005996704101559,0.5877838134765625,0.9537506103515625,-3.8328285217285085,4.683189392089837,0.22380447387696023,3.228282928466797,-6.720809936523445,0.3150634765625,2.2293739318847656,3.3163261413574148,9.0,3.0,07-05,0.5201446215311684
05-07,2.739713668823242,-0.4836616516113281,0.7945785522461009,0.7200546264648438,-3.6954917907714773,4.2260284423828125,-0.057716369628899145,2.9964675903320312,-7.076725006103523,0.994354248046875,2.1017494201660156,5.3851318359375,8.0,4.0,07-06,0.7203736305236829
05-08,1.502695083618164,-1.035043716430664,0.5346145629882812,0.6314659118652273,-3.7460899353027273,4.650718688964837,-1.9171142578125,3.1027755737304688,-7.483486175537124,1.6756134033203125,2.767230987548828,2.497943878173828,8.0,4.0,07-07,0.26511033376057763
05-09,1.4908828735351598,-1.1166343688964844,0.6079444885253906,0.7064323425292969,-3.366737365722649,4.305370330810547,-2.8138656616210938,2.3763656616210938,-7.393470764160163,1.261688232421875,2.409820556640625,1.9106521606445312,8.0,4.0,07-08,0.03153737386067738
05-10,0.6612415313720703,0.025608062744140625,-0.08564376831055398,0.5650711059570312,-3.6089935302734304,4.048519134521484,-2.601959228515625,2.0404434204101634,-7.924602508544929,1.9699859619140483,1.02545166015625,0.7106513977050781,8.0,4.0,07-09,-0.26451889673868934
05-11,0.5291385650634801,-0.34124565124512074,0.19049835205077414,0.3882865905761719,-3.908336639404297,4.158336639404304,-2.8901481628417898,2.3505210876464844,-7.979755401611328,2.7907066345214773,0.35289764404296875,1.930652618408196,8.0,4.0,07-10,-0.20237064361572324
05-12,0.10578346252441762,-0.6649456024169922,0.07937240600586648,0.830432891845696,-3.7737464904785085,4.048519134521484,-2.5779838562011648,0.6604881286621023,-8.461139678955078,1.4230613708496094,0.390869140625,2.0079994201660085,8.0,4.0,07-11,-0.4942741394042966
05-13,0.5648460388183629,-0.5317420959472692,0.5773773193359446,0.724201202392571,-3.4896087646484375,4.10948181152343,-2.175453186035149,1.7843132019042969,-9.358253479003913,1.3068695068359375,0.4288368225097656,2.3560714721679545,8.0,4.0,07-12,-0.3085883458455421
05-14,0.4028091430664027,-0.668838500976559,0.4111518859863281,1.1278495788574148,-4.031711578369141,3.8732643127441406,-2.4985427856445384,1.882720947265618,-9.663330078125,0.8331565856933594,1.1581306457519531,-0.5334243774414134,7.0,5.0,07-13,-0.6422303517659529
05-15,0.8360347747802699,-0.48210525512696023,0.21118927001953125,1.6116905212402344,-3.8871536254882884,3.906463623046882,-1.5677604675292969,1.3246231079101491,-9.180297851562514,1.8162422180175781,1.4589691162109446,1.3772926330566406,8.0,4.0,07-14,-0.21456766128540247
05-16,0.15607452392578125,-0.23105812072754262,0.5444679260253906,1.7616119384765625,-2.6297340393066406,2.7187118530273438,-1.6025848388671804,1.953582763671868,-9.261310577392585,1.9369697570800781,2.910198211669922,-0.782665252685554,7.0,5.0,07-15,-0.21047798792521308
05-17,0.2089157104492223,-0.38168907165528054,0.21050262451171875,1.7552108764648438,-2.5011329650878906,1.9108352661132812,-1.1448745727538991,2.203380584716797,-9.774471282958991,1.0985107421875,2.3739280700683594,-0.012664794921882105,7.0,5.0,07-16,-0.33779573440551847
05-18,0.8324642181396484,-0.1928634643554723,0.3389549255371094,2.5503616333007812,-3.177581787109375,2.5069808959960866,-0.729560852050767,2.530662536621101,-9.314762115478516,-0.11601638793945312,2.5976905822753906,-0.6226654052734446,6.0,6.0,07-17,-0.23302793502807587
05-19,0.6692447662353516,-0.17667198181152344,-0.26317596435547586,1.3761329650878906,-3.1476669311523438,2.5226593017578054,-0.5406036376953054,2.6842575073242188,-9.810371398925774,-0.8509483337402273,1.7623405456542969,0.9629859924316406,6.0,6.0,07-18,-0.4009847640991205
05-20,0.3274936676025355,1.8229656219482457,-0.4929161071777415,0.3563652038574219,-3.37945556640625,2.7360000610351562,-0.6638488769531179,2.255588531494162,-4.917594909667962,-1.3604164123535156,1.6389350891113352,0.42154693603515625,7.0,5.0,07-19,-0.10461139678954783
05-21,0.7388553619384766,1.3565692901611328,-0.2546348571777344,0.7741851806640625,-2.9385452270507812,2.7741012573242188,-1.1511077880859304,2.926158905029311,-4.502361297607422,-1.9413795471191406,1.3654518127441477,1.7210540771484375,7.0,5.0,07-20,0.0723622639973982
05-22,0.2407093048095703,1.6944713592529297,-0.26129913330078836,1.1489944458007812,-2.425365447998054,2.528480529785149,-1.7245903015136648,2.3237876892089844,-4.4176177978515625,-1.8120269775390625,1.9671173095703196,3.8399620056152415,7.0,5.0,07-21,0.2585519154866536
05-23,0.1751880645751953,1.8827476501464844,0.03865814208984375,1.1626205444335938,-1.5963897705078125,3.2815055847167898,-0.9025993347167969,2.7224159240722656,-5.0855674743652415,-1.4843368530273438,2.9358253479003906,3.6831626892089844,8.0,4.0,07-22,0.5677692095438628
05-24,-0.24227142333984375,1.543844223022461,-0.12189483642578125,1.1922836303710938,-1.4772491455078054,3.003173828125,-1.6400032043457031,1.4304351806640625,-5.32470703125,-1.317340850830071,2.034992218017578,4.3631591796875,6.0,6.0,07-23,0.2870351473490409
05-25,0.2597389221191371,1.6247615814208949,0.00012588500977273043,-0.16781234741210938,-0.8965263366699219,2.979644775390625,-2.190937042236321,1.4390525817871023,-5.074382781982422,-0.47281646728515625,2.5101585388183594,4.80316162109375,7.0,5.0,07-24,0.4011807441711426
05-26,0.2597389221191371,2.126495361328125,0.13084030151367188,-0.8660888671875,-1.2030906677246094,3.1208419799804688,-2.190937042236321,1.17547607421875,-4.395240783691406,-0.9681777954101562,2.8234176635742188,4.80316162109375,7.0,5.0,07-25,0.4013697306315107
05-27,0.19852828979492188,1.7374248504638672,0.3047943115234446,-1.1351890563964844,-1.2330055236816406,3.1208419799804688,-3.0617179870605398,0.5245895385742188,-5.591266632080078,-1.4687080383300781,3.174648284912095,4.203704833984375,7.0,5.0,07-26,0.06455373764038086
05-28,0.316217422485348,2.8315372467041016,-0.3459510803222514,-0.9298248291015625,-1.2330055236816406,3.3265724182128906,-3.7219161987304616,1.7495803833007884,-5.608222961425781,-1.6385269165039062,3.174648284912095,2.3223648071289134,6.0,6.0,07-27,0.02028942108154445
05-29,-0.03747177124023793,2.7154006958007812,0.0006752014160227304,-0.9298248291015625,0.4727973937988281,3.4410552978515696,-3.925872802734375,1.6432647705077912,-4.837066650390618,-1.6385269165039062,3.3660888671875,2.1530303955078054,7.0,5.0,07-28,0.2019624710082999
05-30,-0.537109375,3.129619598388672,-0.40594100952147727,-0.2761878967285085,0.7379913330078125,2.8389129638671875,-3.3506851196289062,1.138336181640618,-4.837066650390618,-1.7420082092285156,3.2559700012207102,1.9191551208496094,6.0,6.0,07-29,0.155915578206382
05-31,-0.3045997619628871,2.759326934814453,-0.40594100952147727,0.8285560607910156,0.7963142395019531,3.469104766845703,-3.3506851196289062,1.138336181640618,-4.906562805175774,-1.009990692138679,1.898529052734382,2.779155731201179,7.0,5.0,07-30,0.3076286315917984
06-01,-0.35215568542480113,2.759326934814453,0.3732872009277415,1.515472412109375,0.3915443420410156,3.0575180053710938,-2.825176239013672,1.6034126281738281,-4.8218231201171875,-0.9652976989746094,1.7371559143066406,3.4091529846191335,8.0,4.0,07-31,0.49020147323608426
06-02,-0.5051727294921875,2.5485286712646484,0.4466094970703196,1.6429481506347656,0.3392181396484375,1.8364982604980469,-2.5623016357421875,2.489269256591797,-4.567596435546882,-1.7965354919433523,1.034698486328132,2.8387069702148366,8.0,4.0,08-01,0.3120725949605312
06-03,0.7345180511474609,2.2651672363281286,0.03332901000977273,1.203887939453125,1.1018867492675781,3.017509460449226,-1.873199462890625,0.5315284729003835,-4.237102508544922,-1.528392791748054,0.7973823547363281,1.4850997924804545,9.0,3.0,08-02,0.29430119196573806
06-04,0.4280281066894567,3.447345733642578,0.2266387939453196,1.0339279174804616,0.9862403869628906,2.4933013916015625,-0.7882614135742188,0.9744415283203125,-3.694751739501946,-2.699272155761726,1.2720146179199148,2.0213584899902344,9.0,3.0,08-03,0.47508430480957003
06-05,0.9194641113281321,4.228265762329102,0.5132637023925852,0.9914398193359304,1.9664993286132812,1.3157806396484304,0.7967414855957102,1.0630264282226562,-3.5422096252441406,-2.1629905700683736,0.6455001831054688,3.0708694458007812,10.0,2.0,08-04,0.8171375592549636
06-06,1.717391967773441,4.385168075561523,1.419811248779304,0.43906784057616477,1.4655303955078125,-0.417858123779304,0.5509376525878906,0.2037353515625,-2.889698028564453,-2.5205078125,0.4461517333984375,1.7748298645019531,9.0,3.0,08-05,0.5478800137837725
06-07,1.7755241394043004,4.636211395263672,0.97320556640625,0.6090240478515625,1.3832817077636719,0.9212493896484375,0.4916114807128906,-0.08858871459961648,-2.9913864135742188,-2.395374298095696,0.06644821166992188,2.354827880859375,9.0,3.0,08-06,0.6446695327758792
06-08,1.6698341369628942,4.540390014648434,0.9265441894531321,0.9135284423828125,1.5851707458496094,0.9212493896484375,0.779796600341804,-0.4252204895019531,-2.660900115966797,-2.145111083984375,-0.9397735595703054,1.5048294067382812,8.0,4.0,08-07,0.5558614730834979
06-09,1.3897686004638636,4.737661361694336,-0.7199020385742188,1.1826324462890554,1.4057197570800781,0.751434326171875,1.2883453369140696,-0.478363037109375,-1.7033233642578196,-2.5115699768066406,-0.8448486328125,2.5877113342285085,7.0,5.0,08-08,0.5904388427734361
06-10,1.7173938751220703,3.769710540771481,0.36662673950196023,1.5367240905761648,1.4954414367675781,1.041656494140625,0.42380523681641336,0.06200790405274148,-1.2202796936035227,-2.261302947998047,-0.2468109130859375,1.8529014587402273,9.0,3.0,08-09,0.7114895184834795
06-11,0.9881610870361364,3.4587421417236293,-1.5397911071777344,1.8129005432128906,1.6001129150390625,1.2063827514648438,0.2881889343261719,0.4340667724609446,-1.3897666931152344,-2.4490013122558594,-0.3512229919433594,4.5634765625,8.0,4.0,08-10,0.7185208002726243
06-12,1.3792057037353551,3.641994476318356,-0.47994041442871094,1.522552490234375,1.2860832214355398,0.43914031982421875,0.5085678100585938,0.41635513305664773,-1.2033309936523438,-3.0031585693359375,-0.7024574279785156,3.731315612792976,8.0,4.0,08-11,0.6280272801717128
06-13,1.7913761138916051,3.5478610992431605,-1.7464389801025426,1.8766441345214844,0.9421157836914134,0.5150375366210938,0.38990020751953125,0.7263984680175781,-1.8982200622558594,-2.3864364624023438,-0.531585693359375,2.8411407470703125,8.0,4.0,08-12,0.5056494077046715
06-14,2.0872993469238246,2.8261165618896413,-1.953069686889652,1.5792160034179688,0.6579971313476634,0.3237953186035156,0.2712364196777344,1.8868751525878835,-1.9575386047363352,-2.4579391479492045,-1.4428787231445312,1.6711387634277344,8.0,4.0,08-13,0.29102071126302026
06-15,2.1401424407958984,2.3033180236816406,-1.246496200561527,1.9262046813964844,0.1420745849609375,0.23485565185546875,1.0001716613769531,1.7805747985839773,-1.6948394775390625,-2.323871612548828,-1.02520751953125,3.5911407470703125,8.0,4.0,08-14,0.5690056482950837
06-16,1.5324440002441406,2.152694702148434,-0.3199577331542933,2.0182762145996094,0.20936203002929688,0.4936065673828125,0.4407501220703125,1.8248786926269531,-2.6185264587402273,-1.8501586914062358,-1.1770896911621094,3.2527427673339844,8.0,4.0,08-15,0.4965852101643898
06-17,1.5905780792236328,2.20290374755859,0.38661384582519176,2.3865280151367188,-0.10467910766601562,0.689697265625,0.15256881713867188,1.2047805786132741,-1.957538604736321,-1.8769683837890554,-1.7086715698242116,2.6436195373535227,8.0,4.0,08-16,0.4674526850382499
06-18,1.7015476226806676,2.3221473693847656,1.2998104095458984,2.4219284057617188,-0.4037590026855469,0.3288917541503835,-0.39837646484375,-0.549236297607429,-2.067707061767571,-1.8769683837890554,-2.4775733947753906,1.9366607666015625,6.0,6.0,08-17,0.1864471435546878
06-19,1.0040149688720668,2.441387176513672,1.2731609344482422,2.2236404418945312,0.23926544189452414,0.6212615966796875,0.5594062805175781,-0.8681602478027344,-2.1270294189453125,-1.8859024047851562,-2.487068176269517,0.5801887512207031,8.0,4.0,08-18,0.1311804453531904
06-20,0.6763992309570348,2.5355300903320312,1.486459732055664,2.1953086853027344,1.3010292053222656,1.2672882080078125,0.7289390563964773,-0.7086982727050781,-1.6185722351074219,-2.0557289123535156,-2.0029449462890625,-0.14854049682616477,7.0,5.0,08-19,0.3047057787577314
06-21,1.2365283966064524,2.8807086944580114,1.2531661987304616,2.9530563354492188,0.7776336669921875,0.9604072570800781,0.9493179321288991,-1.6034049987792827,-1.101654052734382,-1.7518348693847656,-1.6896858215332031,-0.24854278564452414,7.0,5.0,08-20,0.3846413294474293
06-22,1.5377330780029368,3.0125045776367223,1.4064731597900355,2.7335243225097727,1.3608436584472656,0.9846725463867188,0.839130401611321,-1.612262725830064,-1.0253753662109304,-1.760772705078125,-1.3004913330078054,-0.9985427856445241,7.0,5.0,08-21,0.4314530690511103
06-23,1.7702407836914098,2.918363571166992,1.0598564147949148,2.620220184326172,2.0337867736816335,1.6719818115234375,1.2629280090332031,-1.355358123779311,-1.2118072509765554,-1.653522491455071,-2.173809051513679,-1.2886009216308594,7.0,5.0,08-22,0.4711899757385239
06-24,2.013309478759769,2.4602165222168004,0.7532367706298864,2.3440322875976562,1.90667724609375,2.2916603088378906,1.2714118957519531,2.6398658752441406,-1.4321403503417969,-1.5909538269042969,-1.8605575561523366,-0.3217430114746094,8.0,4.0,08-23,0.8729179700215672
06-25,1.9234848022460938,2.1589698791503977,0.9398765563964773,2.4219322204589844,1.7945213317871094,2.072032928466797,0.6187362670898438,3.4814224243164062,-1.2287521362304759,-1.984222412109375,-1.2340431213378906,-0.4411888122558594,8.0,4.0,08-24,0.876897493998209
06-26,2.0608749389648438,2.265666961669922,1.2265052795410014,2.2307281494140625,1.4131851196289062,1.3667564392089844,-0.1440887451171804,3.233379364013672,-1.2372283935546946,-1.9216575622558594,-0.6549949645996023,0.21163177490233664,8.0,4.0,08-25,0.8375631968180327
06-27,1.4214744567871094,1.9706859588623118,1.5464630126953054,2.089099884033203,1.0318565368652344,1.6550369262695241,-0.7882766723632812,3.0473594665527344,-0.44913482666016336,-1.7160835266113281,-0.6739768981933594,0.12979888916016336,8.0,4.0,08-26,0.7720252672831212
06-28,1.4954566955566406,2.0083351135253977,1.493133544921875,1.3525962829589773,1.0168991088867259,1.4543838500976634,-0.2881889343261719,1.1073265075683594,-0.2626953125,-2.118297576904297,-1.20556640625,-0.7102012634277273,7.0,5.0,08-27,0.44526513417562025
06-29,1.4690303802490234,2.592006683349613,0.8132247924804688,1.0126800537109375,0.9122047424316406,1.1390190124511719,0.0338897705078125,-0.9744415283203125,0.37286376953125,-2.457935333251946,-1.0441856384277344,-1.2002029418945241,8.0,4.0,08-28,0.22234614690145005
06-30,1.8812122344970703,2.9685707092285156,-0.706573486328125,0.7010879516601634,0.7178001403808594,1.365428924560554,0.6950302124023438,-2.6132736206054688,0.5084495544433594,-2.6366958618164062,-0.7783966064453054,-1.8770027160644531,7.0,5.0,08-29,0.018803119659425604
07-01,1.5430107116699219,2.8430557250976527,-0.13332366943360086,0.665679931640625,0.8748283386230469,0.7143936157226634,1.0340614318847585,-3.694019317626953,0.9914779663085938,-2.66351318359375,-1.1865768432617188,-3.240001678466797,7.0,5.0,08-30,-0.1875772476196298
07-02,2.3832130432128906,3.3953533172607457,0.7865638732910227,0.8073158264160085,0.837451934814446,0.5182876586914134,0.8306427001953054,-3.4725761413574148,0.6948814392089915,-2.4847488403320312,-2.382648468017578,-1.8100013732910156,8.0,4.0,08-31,0.008644580841065341
07-03,1.685684204101559,3.3451480865478516,0.47993850708008523,1.0410118103027273,0.7327690124511648,0.6045684814453196,1.70367431640625,-4.464725494384766,0.6864089965820312,-3.1640396118164062,-2.3351898193359375,-0.8100013732910156,8.0,4.0,09-01,-0.0412294069925947
07-05,1.014581680297848,3.370246887207035,0.7332305908203267,1.1755599975585866,1.2112998962402344,1.78729248046875,0.381420135498054,-4.420448303222656,1.093170166015632,-3.9327049255371023,-1.6991844177246094,-1.2000007629394531,8.0,4.0,09-03,-0.0404613812764462
07-06,1.289367675781243,3.370246887207035,0.6599006652832173,0.9843559265136648,0.9047470092773438,1.5204429626464844,0.6526565551757812,-3.6940383911132812,1.5084075927734375,-4.915882110595696,-1.0821609497070241,0.15999984741210938,9.0,3.0,09-04,0.11317030588785955
07-07,2.1190090179443324,2.22800445556641,0.7132301330566406,0.8285446166992259,1.2561721801757884,1.8762245178222656,0.4407501220703125,-2.382976531982422,2.2541351318359375,-3.870136260986328,-0.4936180114746094,1.3600006103515625,9.0,3.0,09-05,0.5274449984232596
07-08,2.2511119842529226,2.5857372283935582,0.5532569885253906,1.0764045715332031,1.0168952941894531,1.766407012939446,0.7289390563964773,-2.8347549438476562,2.5422630310058594,-4.308097839355469,-0.47463226318359375,0.1399993896484446,9.0,3.0,09-06,0.42029412587483633
07-09,1.9234809875488246,2.9058189392089773,0.9998741149902273,1.2817802429199219,0.8823051452636648,1.8762245178222656,0.5509338378906321,-1.6831245422363281,2.7964820861816406,-4.200843811035156,-0.512603759765625,3.8899993896484446,9.0,3.0,09-07,0.8925272623697907
07-10,1.786096572875973,2.723812103271488,0.5999259948730469,1.3880119323730469,0.5981674194335938,1.2647438049316406,-0.8730239868163991,-1.2490768432617188,2.8303871154785227,-4.084651947021484,-0.5505714416503906,1.2299995422363281,8.0,4.0,09-08,0.4719850222269706
07-11,2.066165924072262,2.5731925964355504,1.4264755249023438,0.9843635559082031,-0.5159263610839773,1.9124603271484375,-1.3900489807128906,-1.6654243469238281,3.1354637145996094,-3.6109390258789062,-0.7309341430664134,1.0400009155273438,7.0,5.0,09-09,0.43540414174397785
07-12,2.0925846099853516,3.0313415527343786,1.6264381408691406,1.5650520324707102,0.0598297119140625,0.8367462158203054,0.27123260498046164,-1.1073265075683594,2.6524314880371236,-3.8075790405273366,-0.9017982482910227,0.75,9.0,3.0,09-10,0.5890793800354013
07-13,2.6157283782958984,2.780294418334961,1.2931594848632812,0.7435836791992188,0.2317962646484375,0.294971466064446,-0.08475494384765625,-1.7362861633300781,3.2117233276367188,-4.299163818359375,-1.8985214233398438,1.25,8.0,4.0,09-11,0.36687755584716736
07-14,2.5628871917724574,2.930925369262699,0.9532089233398438,0.8073081970214844,0.27666473388671875,0.4890403747558594,-0.5424652099609375,-1.28448486328125,2.957489013671875,-3.2712974548339915,-1.8890304565429688,0.4799995422363281,8.0,4.0,09-12,0.37252044677734314
07-15,1.9393386840820312,3.326309204101566,0.46660614013671875,0.8781242370605469,0.583221435546875,-0.10710525512694602,-0.9577789306640696,-2.7904548645019673,2.8219108581542898,-3.3964271545410227,-1.4049072265625,1.0900001525878906,7.0,5.0,09-13,0.20406977335611773
07-16,2.399066925048828,3.6965999603271484,0.7265701293945312,0.9347801208496094,0.5533065795898438,-0.12278366088866477,-0.635692596435554,-2.2855072021484517,2.1863441467285085,-3.423240661621101,-0.5695571899414062,-0.970001220703125,6.0,6.0,09-14,0.20749044418334725
07-17,2.8746547698974645,3.815841674804691,0.6865806579589844,1.9545478820800781,0.78509521484375,0.23092269897460938,-0.7374191284179759,-3.578868865966811,1.8897438049316406,-2.9137725830078125,-0.4461517333984446,-1.5699996948242259,7.0,5.0,09-15,0.249264558156329
07-18,2.108438491821289,3.9350852966308594,0.906543731689446,1.5367279052734375,0.18692398071289062,-0.9749374389648438,-1.1951103210449148,-3.4016914367675923,1.4745101928711009,-2.3328094482421875,-0.9777374267578125,-2.0,6.0,6.0,09-16,-0.061171372731527285
07-19,2.3568000793456996,3.991575241088867,0.9132080078125,2.0890960693359375,-0.441162109375,-1.1651268005371094,-1.2544441223144531,-2.7993202209472656,1.3897666931152415,-2.2881240844726562,-0.4176788330078125,-1.9800033569335938,5.0,7.0,09-17,0.032882213592529595
07-20,2.4730491638183594,3.8032989501953125,0.6132507324218679,2.9459800720214773,-0.20188140869140625,-1.5047340393066406,-0.4407539367675781,-3.197948455810547,1.5507736206054688,-3.1908531188964773,-0.17086410522462359,-1.4800033569335938,5.0,7.0,09-18,0.09994284311930161
07-21,2.8905086517333984,4.142202377319336,-0.046657562255859375,3.597492218017578,0.059818267822265625,-1.4562339782714844,0.2966499328613281,-2.9587745666503906,2.0846519470214844,-2.100421905517578,0.46514129638671164,-2.1599998474121094,7.0,5.0,09-19,0.4011980692545567
07-22,2.3884983062744176,3.483217239379883,-0.20663833618164062,3.8170242309570312,0.9196968078613281,-1.4327049255371094,0.847583770751946,-2.994213104248047,2.3134574890136648,-2.1629905700683594,0.6644897460937358,-2.6000022888183594,7.0,5.0,09-20,0.41978486378987423
07-23,1.9604721069335973,2.566904067993164,-0.1733093261718892,3.9728126525878906,1.2262611389160156,-1.5739021301269531,1.3815879821777273,-2.9410552978515767,2.66937255859375,-3.5483741760253906,0.3512306213378764,-3.1399993896484446,7.0,5.0,09-21,0.22933340072631392
07-24,1.976324081420902,2.2405529022216797,0.47994232177733664,4.241912841796875,1.2561759948730469,-1.2178573608398509,1.3561592102050781,-3.038494110107436,2.4320907592773438,-3.0478439331054688,0.0,-2.6300010681152273,7.0,5.0,09-22,0.3374134699503566
07-25,1.5694351196289098,2.0585498809814453,0.36661911010741477,4.036548614501953,1.3757972717285227,-1.2020759582519531,1.1696929931640625,-2.808177947998061,2.449047088623047,-2.8780250549316406,0.8068733215332031,-4.700000762939453,8.0,4.0,09-23,0.1870236396789542
07-26,1.66455078125,2.133865356445309,0.019992828369140625,3.4629364013671875,1.3010368347167969,-1.6326065063476562,0.6356964111328125,-2.701862335205064,1.6778907775878835,-1.9931678771972585,0.8353538513183452,-4.490001678466797,8.0,4.0,09-24,0.0761404037475583
07-27,1.5271701812744176,1.7196464538574183,0.4266090393066406,2.5494041442871094,1.1440238952636719,-2.2148056030273366,0.5933151245117259,-2.1969337463378906,1.8134765625,-2.171928405761726,0.9492607116699219,-4.400001525878906,8.0,4.0,09-25,-0.02173026402791282
07-28,1.2946605682373047,2.089939117431637,-0.43994140625,2.4644241333007812,0.9795150756835938,-2.2229080200195312,0.5933151245117259,-1.4793968200683594,1.8727989196777415,-2.0736045837402415,1.4333839416503906,-5.260002136230476,7.0,5.0,09-26,-0.0623180071512861
07-29,1.3422164916992188,1.7510166168212926,-0.32662200927734375,2.5139923095703125,0.6056594848632812,-1.8113212585449219,0.06780624389649148,-1.7008552551269531,1.8558502197265625,-2.672447204589851,0.7024497985839915,-5.88999938964843,7.0,5.0,09-27,-0.29685449600219577
07-30,0.9670219421386683,1.6192226409912145,0.299957275390625,2.3652687072753906,0.6579856872558594,-0.590301513671875,0.796741485595696,-1.461669921875,1.44061279296875,-2.886962890625007,1.4049072265625,-5.319999694824226,8.0,4.0,09-28,-0.05893468856811701
07-31,0.7715034484863281,0.916305541992191,0.5665931701660156,2.8043289184570312,-0.10468292236328125,-0.2344970703125,0.9069252014160156,-1.0010185241699219,0.0677947998046946,-3.1551055908203054,1.642223358154304,-4.470001220703125,7.0,5.0,09-29,-0.10746924082437943
08-01,0.21137046813964844,1.0669326782226562,0.29329681396484375,2.9742889404296946,-0.3140411376953125,0.9460792541503906,1.2714118957519531,-0.6643943786621094,-0.47455596923828125,-1.9842262268066335,2.4965591430664062,-5.1199989318847585,7.0,5.0,09-30,0.05856021245320816
08-02,0.1849384307861328,0.8033370971679652,0.006671905517578125,3.052196502685547,-0.508453369140625,0.6954231262207031,1.6697845458984446,-0.7529792785644531,-0.6270980834960866,-1.3943214416503977,2.012439727783203,-2.7900009155273438,7.0,5.0,10-01,0.19599485397338898
08-03,0.38047027587890625,0.6464347839355433,-0.8998756408691406,1.763336181640632,-0.7477226257324219,0.4124107360839844,2.6275711059570312,0.10631179809570312,-0.7880935668945312,-1.1619338989257884,3.2939414978027273,-1.8899993896484375,7.0,5.0,10-02,0.311904271443684
08-04,0.3223381042480469,0.3953914642333949,1.2998313903808594,2.251976013183601,-0.7103309631347656,0.04041290283203125,2.6868972778320312,0.03541946411133523,-0.38980865478514914,-1.027862548828125,3.2179985046386648,-2.4699974060058594,8.0,4.0,10-03,0.4710221290588388
08-05,0.4280281066894531,-0.3137950897216797,0.606586456298821,2.3865318298339915,0.24673843383789062,0.04041290283203125,2.398712158203118,0.2746238708496094,-0.279651641845696,-0.5273361206054688,2.135841369628899,-1.6199989318847656,8.0,4.0,10-04,0.48139111200968365
08-06,0.5971298217773438,0.4267749786377024,1.8864021301269531,2.4431800842285227,0.4261894226074219,0.21022796630859375,2.212230682373047,0.2568931579589844,-0.6864051818847585,-0.8401641845703054,2.0409164428710938,-0.94000244140625,9.0,3.0,10-05,0.6694477399190291
08-07,0.5020122528076136,0.5648479461669957,1.6730995178222585,2.0890884399414134,0.3364677429199219,-0.6145591735839844,3.8819961547851562,-0.7884063720703125,-0.44913864135740766,-1.0904312133788991,1.4428787231445312,0.7199974060058594,8.0,4.0,10-06,0.6889877319335955
08-08,0.7503700256347621,1.0041790008544886,1.7464218139648438,1.8129119873046875,-0.28412628173828125,-0.3396148681640554,3.5090675354003906,-1.6122589111328125,-0.279651641845696,-0.9027328491210866,1.4713554382324219,0.8600006103515625,7.0,5.0,10-07,0.6446601549784354
08-09,0.782073974609375,1.0794925689697266,0.6865711212158203,1.9191360473632812,0.0,-0.5255928039550781,3.4921035766601562,-1.5945472717285156,-0.46608734130858664,-1.4211387634277415,2.581993103027351,0.4099998474121094,7.0,5.0,10-08,0.5786670049031581
08-10,0.8243503570556605,1.1736259460449219,1.953069686889652,1.5792198181152344,0.5607833862304688,-1.0512008666992188,3.458202362060547,-1.904590606689446,-0.8304672241210938,-0.5005264282226634,2.8762664794921875,1.4399986267089915,8.0,4.0,10-09,0.7982276280721035
08-11,0.528427124023441,1.895370483398441,1.6264553070068324,1.4092597961425781,0.32898330688477273,-0.07277679443358664,3.5768661499023438,-3.5257186889648438,-0.525402069091804,-0.7418518066406321,2.6389541625976562,2.6100006103515696,8.0,4.0,10-10,0.8123806317647307
08-12,0.4755840301513672,1.9769515991210938,1.3931427001953054,0.8427200317382812,0.3738555908203125,0.01616287231446023,2.847930908203125,-5.501194000244141,-0.6440505981445312,-0.643535614013679,2.3731575012207102,0.6899986267089915,9.0,3.0,10-11,0.35006030400594135
08-13,0.3646163940429652,1.914194107055664,0.5466041564941406,0.81439208984375,0.3065681457519531,-0.24258804321288352,3.492118835449226,-5.20001220703125,-0.25423049926758523,0.49158859252928977,2.5250396728515696,2.0,9.0,3.0,10-12,0.5631909370422367
08-14,0.20080566406250355,2.3911895751953125,0.11999130249022727,0.4461402893066406,0.6206092834472656,-2.2479629516601562,1.44091796875,-6.121295928955071,-0.050849914550788355,0.5183982849121094,3.056621551513672,2.2900009155273438,9.0,3.0,10-13,0.2220471700032549
08-15,0.3804607391357422,2.3346996307373082,0.0,0.4107398986816406,1.5103950500488281,-2.7007980346679688,1.220539093017571,-5.793537139892571,0.059318542480461645,0.5183982849121094,2.1168556213378906,3.509998321533203,9.0,3.0,10-14,0.2972558339436846
08-16,0.4755821228027344,2.6359462738037145,0.02664947509765625,0.10622787475585938,1.7945213317871094,-2.8706207275390625,0.7119712829589844,-5.474613189697266,0.11864089965820312,-0.12513351440428977,3.3414077758789134,2.8999977111816406,9.0,3.0,10-15,0.30338144302368314
08-17,0.2589225769042969,2.541803359985355,-0.18664932250976562,0.23370742797850852,2.3104515075683594,-2.7816734313964844,1.3815841674804688,-5.634075164794922,0.21184921264647727,-1.0189323425292969,2.6959075927734304,3.299999237060547,8.0,4.0,10-16,0.2760745684305812
08-18,-0.30120658874512074,2.196624755859375,0.6399154663086009,0.5523757934570312,2.190814971923828,-2.91912841796875,1.1612052917480469,-6.156734466552734,-0.042366027832038355,-0.34857940673829546,4.062847137451165,3.4000015258789062,7.0,5.0,10-17,0.36964750289916787
08-19,-0.6024112701416051,2.7300891876220703,1.1198501586914062,0.970184326171875,2.1459503173828125,-2.9433937072753906,1.271392822265625,-5.501194000244141,-1.1948623657226562,0.4379615783691335,4.328639984130845,4.150001525878906,8.0,4.0,10-18,0.5760173797607401
08-20,-0.6711006164550781,2.7363643646240234,0.6532402038574148,1.1047439575195312,1.4730072021484446,-3.6307029724121094,2.8818397521972656,-5.970695495605469,-0.8050498962402344,0.4022064208984304,5.201957702636719,2.6799964904785156,8.0,4.0,10-19,0.5046505928039545
08-21,-0.8243503570556641,2.4664802551269602,1.0132026672363281,1.3809318542480469,1.6001167297363281,-3.2425880432128906,4.356658935546868,-5.403739929199219,-0.3559112548828125,0.33963775634765625,4.888706207275376,3.6100006103515696,8.0,4.0,10-20,0.8190954526265456
08-22,0.05812835693359375,2.3095836639404332,0.59991455078125,1.3030319213867188,2.534759521484375,-2.4662933349609375,6.3993682861328125,-5.341732025146484,-0.5592994689941335,0.7329063415527344,5.429782867431641,2.4099998474121094,9.0,3.0,10-21,1.117512543996176
08-23,0.13210105895996094,2.7363586425781286,0.31328582763672586,1.5792160034179688,2.489894866943345,-2.4177818298339915,6.577377319335945,-5.09368896484375,-0.5508232116699148,0.6345939636230469,5.98035812377929,2.470001220703118,9.0,3.0,10-22,1.2375744183858226
08-24,0.3804664611816406,3.0313396453857386,-0.006671905517578125,1.4092559814453125,3.0581741333007812,-2.239891052246101,6.238330841064453,-4.9076690673828125,-0.7796287536621094,1.447956085205071,5.695575714111328,2.8899993896484375,8.0,4.0,10-23,1.3514364560445136
08-25,0.3064842224121094,2.9936904907226527,1.4531402587890625,1.5367088317870952,3.6713027954101562,-2.2722244262695312,5.738243103027344,-5.288589477539055,-1.1948623657226562,1.11724853515625,6.113250732421875,3.729999542236328,9.0,3.0,10-24,1.4920326868693026
08-26,0.33291053771972656,2.974857330322269,0.753246307373054,1.041004180908196,3.6937332153320312,-1.9568595886230398,5.416164398193359,-4.278713226318359,-0.8643646240234375,1.4032669067382812,7.072010040283203,4.220001220703125,9.0,3.0,10-25,1.650604724884034
08-27,0.03699684143066051,2.1715183258056605,-0.11331558227539062,1.1543083190917898,3.8881378173828125,-2.183269500732422,5.000846862792969,-5.42146301269532,-1.6524696350097656,1.3943214416503906,6.806221008300774,4.810001373291016,8.0,4.0,10-26,1.324319521586098
08-28,-0.17437934875487926,2.2405529022216797,0.046665191650390625,1.1897163391113281,3.731109619140625,-2.2237129211425852,4.288856506347663,-5.191135406494141,-2.2456626892089844,1.4211387634277344,7.2144012451171875,5.13999938964843,8.0,4.0,10-27,1.2864624659220374
08-29,0.08454704284667969,2.617116928100586,0.4132728576660156,1.0480804443359446,3.7909278869628906,-1.9811325073242259,5.297492980957031,-5.235431671142585,-1.949066162109382,1.2423744201660156,6.60687255859375,5.130001068115234,9.0,3.0,10-28,1.4220879872639962
08-30,0.4861564636230504,2.1401405334472656,0.7198982238769531,1.0480804443359446,4.149829864501953,-1.5202064514160156,4.755031585693359,-4.243282318115234,-1.9405937194824219,1.108306884765618,5.29688644409179,4.869998931884766,9.0,3.0,10-29,1.4058539072672522
08-31,0.6341190338134801,2.460226058959961,0.46660614013671164,1.2251358032226491,3.9030876159667898,-0.9218292236328054,4.721122741699219,-4.287559509277344,-2.635478973388672,0.79547119140625,4.480522155761719,3.0900001525878906,9.0,3.0,10-30,1.1609519322713207
09-01,1.0621452331542969,2.1150417327880824,0.1999664306640625,1.1047439575195312,3.8582267761230398,-1.4636039733886648,5.645008087158196,-4.429302215576172,-2.3134613037109375,1.6803398132324219,4.262191772460945,3.4099998474121094,9.0,3.0,10-31,1.2609413464864092
09-02,0.787359237670902,2.704982757568363,-0.09331893920897727,1.2676200866699219,3.536701202392571,-1.4636039733886648,5.373771667480469,-6.192173004150391,-2.7964820861816406,2.055736541748047,4.57545089721679,2.049999237060547,8.0,4.0,11-01,0.9838369687398281
09-03,1.5588626861572301,3.225902557373047,0.266632080078125,1.5508918762207031,3.536701202392571,-1.819385528564446,5.11102294921875,-5.952968597412109,-2.5592117309570312,0.8848609924316406,4.57545089721679,3.4599990844726562,9.0,3.0,11-02,1.1532298723856604
09-04,0.4280242919921946,3.3765220642089844,-0.3466186523437571,1.5508918762207031,3.7759780883789062,-0.7924499511718821,6.102699279785156,-6.7413787841796875,-2.9829139709472656,0.8848609924316406,4.556465148925774,3.8400001525878906,8.0,4.0,11-03,1.1376733779907215
09-05,0.38046264648437855,3.640110015869144,0.16663742065429688,1.3455162048339844,4.157318115234368,-0.53369140625,4.543128967285163,-7.4057769775390625,-2.9829139709472656,0.7776069641113281,5.970863342285163,4.340000152587891,9.0,3.0,11-04,1.199938456217449
09-06,0.4385890960693395,3.577356338500973,0.16663742065429688,1.1755523681640554,3.4469757080078125,-0.024246215820305395,4.195617675781257,-7.4057769775390625,-3.0168190002441477,1.1619415283203054,6.0942649841308665,6.1100006103515625,9.0,3.0,11-05,1.326674461364746
09-07,1.0040130615234375,3.577356338500973,-0.659912109375,0.9064483642578125,3.3647308349609375,-0.19406509399414062,4.178668975830078,-6.989429473876953,-3.660858154296875,1.3406906127929688,6.682811737060547,6.069999694824219,8.0,4.0,11-06,1.3017045656840003
09-08,1.0040130615234375,3.119207382202145,0.24663543701171875,1.494232177734375,3.6488723754882812,0.5903053283691406,4.178668975830078,-6.785701751708984,-3.6354331970214844,1.6356468200683594,6.388538360595703,6.069999694824219,10.0,2.0,11-07,1.4962487220764158
09-09,0.4808692932128906,3.370254516601559,0.41327667236328125,1.7491683959960938,3.626434326171882,1.132080078125,4.534656524658196,-5.315166473388672,-3.194774627685554,2.0378570556640625,6.55940246582032,5.569999694824219,10.0,2.0,11-08,1.7470048268636065
09-10,0.24308204650878906,2.999967575073242,0.5799179077148438,1.210968017578125,3.581565856933601,0.9380111694335866,3.559913635253899,-6.165603637695305,-3.008342742919922,2.4311294555664062,6.549911499023445,8.03000259399414,10.0,2.0,11-09,1.7458769480387375
09-11,0.036987304687492895,2.41000938415527,0.6065864562988281,1.1401519775390625,3.2750091552734446,-0.4043121337890625,1.3900604248046804,-5.820110321044915,-2.7032737731933594,2.5562591552734375,6.065788269042976,6.829998016357422,9.0,3.0,11-10,1.2819294929504397
09-12,0.37518310546875,1.5752964019775355,-0.25996780395508523,1.08349609375,2.6693496704101634,0.5579566955566406,1.89862060546875,-6.750251770019531,-2.067707061767578,2.5830726623535156,5.3158721923828125,6.75,9.0,3.0,11-11,1.1442433993021643
09-13,0.2589282989501953,2.1589679718017543,-0.21997833251953836,0.3824119567871094,2.7366600036621094,1.043121337890625,2.7801246643066406,-5.456890106201172,-1.7711067199707102,2.1808624267578125,5.239933013916016,8.119998931884766,9.0,3.0,11-12,1.4544194539388007
09-14,0.06341171264648082,2.039724349975586,-0.43994140625,-0.5240402221679688,2.1833381652832102,1.9083442687988281,3.059833526611321,-5.634067535400391,-3.5083236694335866,2.6724472045898366,4.784286499023445,8.75,8.0,4.0,11-13,1.2795844078063967
09-15,-0.1849498748779297,1.9832344055175781,-0.2799720764160156,-0.5736122131347656,2.033782958984375,1.309978485107429,3.1191673278808594,-8.619415283203125,-4.6014862060546875,2.4132461547851562,4.736824035644538,8.730003356933594,7.0,5.0,11-14,0.8389000892639172
09-16,-0.3011989593505895,2.19661712646484,0.5799255371093679,-0.5382041931152273,2.430084228515625,1.6495857238769602,2.3054771423339844,-8.123340606689453,-4.533699035644524,2.3774986267089844,4.993122100830085,8.230003356933594,8.0,4.0,11-15,0.9388225873311372
09-17,0.08983421325682883,2.5229816436767614,0.21997451782227273,-0.5523719787597656,2.168384552001953,1.601085662841804,2.3817520141601634,-10.887222290039062,-4.5421791076660085,2.5205039978027344,4.35711669921875,7.959999084472656,9.0,3.0,11-16,0.6533215840657572
09-18,1.0621509552001953,2.58573150634766,0.5199356079101634,-0.7719039916992188,1.3085060119628906,1.0673828125,2.1189918518066406,-10.240547180175781,-4.4065895080566335,2.5830726623535156,4.157768249511726,8.189998626708977,9.0,3.0,11-17,0.6812081336975112
09-19,1.9287624359130895,1.863992691040039,0.0333251953125,-0.9276924133300781,1.4505729675292898,0.9703369140625,2.9835433959960938,-10.47087097167968,-4.762504577636719,3.968456268310547,3.9679183959960866,8.799999237060547,9.0,3.0,11-18,0.8171532948811846
09-20,2.0503063201904297,2.0334434509277344,-0.6199264526367259,-1.1543045043945384,1.5702095031738281,0.8894767761230469,2.9835433959960938,-10.373432159423821,-4.5252227783203125,1.0636177062988281,4.3476219177246165,8.799999237060547,8.0,4.0,11-19,0.5887777010599772
09-21,1.9921836853027344,2.2154464721679688,-0.506603240966804,-0.6019401550292898,1.7122764587402344,1.6495933532714844,3.5344810485839915,-10.603748321533196,-4.6353912353515625,0.9474220275878906,4.746315002441406,8.799999237060547,8.0,4.0,11-20,0.7708361943562837
09-22,1.8970680236816442,2.140130996704105,0.9931945800781108,-0.4461479187011719,1.9664955139160227,2.1934165954589844,4.0684776306152415,-11.560478210449219,-4.643867492675788,1.8948516845703125,4.5184898376464915,8.59000015258789,9.0,3.0,11-21,0.9676359494527187
09-23,2.0344486236572266,2.774024963378899,1.3931427001953196,-0.4461479187011719,1.2262496948242188,2.7756156921386648,4.110858917236328,-11.099834442138672,-4.991302490234368,1.8948516845703125,3.8635025024414062,8.5,9.0,3.0,11-22,1.0029508272806804
09-24,2.959209442138672,2.1715259552001918,0.5332717895507812,-0.33992767333984375,1.3907585144042969,2.7837181091308594,4.07695388793946,-10.559452056884766,-4.991302490234368,2.5562591552734375,3.3793792724609375,8.66999816894532,9.0,3.0,11-23,1.0525326728820816
09-25,2.874662399291992,2.1526870727539027,0.5332717895507812,-0.389495849609375,1.7646141052246094,2.579212188720703,3.831146240234375,-10.559452056884766,-5.067569732666016,3.155101776123047,4.110313415527337,7.659999847412109,9.0,3.0,11-24,1.0537075996398917
09-26,3.286836624145508,2.1526870727539027,0.3932838439941406,-0.24077224731445312,2.3627891540527344,2.3594932556152344,2.5851783752441406,-10.439716339111328,-4.652332305908203,3.369617462158203,2.657939910888679,7.739997863769524,9.0,3.0,11-25,0.9645835558573402
09-27,3.286836624145508,1.5125293731689453,0.12664794921875,-0.20536041259765625,2.8263816833496094,2.3339576721191406,2.5851783752441406,-10.900367736816406,-3.2795143127441477,2.774017333984375,3.5882110595703196,7.739997863769524,9.0,3.0,11-26,1.0323762893676751
09-28,3.5827579498291016,1.3619022369384801,0.3999443054199219,1.0905799865722585,3.0432090759277415,2.3339576721191406,2.7505569458007812,-11.236991882324219,-2.6064796447753906,1.6080055236816477,4.565956115722656,7.739997863769524,10.0,2.0,11-27,1.2194496790568037
09-29,3.609189987182617,1.6254978179931712,-0.75323486328125,0.82147216796875,3.0432090759277415,2.5557403564453196,2.3521842956542898,-11.949470520019531,-2.7370262145996165,2.6056175231933594,4.565956115722656,5.409999847412109,9.0,3.0,11-28,0.9290946324666347
09-30,3.4136581420898438,2.1401405334472656,-0.59326171875,0.5452880859375,2.96844482421875,2.8387527465820384,1.3943977355957031,-10.78880691528321,-2.35400390625,2.8608741760253906,4.271686553955078,4.509998321533203,9.0,3.0,11-29,0.9339307149251302
10-01,4.3225555419921875,1.2803249359130824,0.24663162231444602,0.6609382629394531,2.9310531616210938,3.2107505798339915,1.5775985717773438,-10.438129425048828,-2.35400390625,2.7605972290039062,4.347629547119141,4.020000457763665,10.0,2.0,11-30,1.0471622149149569
10-02,3.577463150024414,0.4142246246337855,0.693248748779304,0.5263824462890625,1.9739837646484375,4.1513214111328125,-0.2584075927734375,-10.45613861083985,-1.8020973205566406,2.26007080078125,5.429786682128906,2.3800010681152344,9.0,3.0,12-01,0.7408199310302731
10-03,3.503484725952152,0.5334701538085902,0.8956375122070312,0.46973419189453125,2.676830291748047,2.2116012573242116,-0.5730323791503906,-11.590435028076172,-1.3953437805175781,2.5728988647460866,6.10438537597657,2.259998321533203,9.0,3.0,12-02,0.6391024589538569
10-04,4.037202835083008,0.272729873657223,1.1089401245117259,0.8623809814453125,2.8487968444824148,2.7533836364746094,-0.3490943908691406,-10.545135498046875,-1.632610321044929,2.7275543212890625,4.523323059082024,2.259998321533203,9.0,3.0,12-03,0.7389558156331365
10-05,3.965999603271488,-0.16660118103026988,1.0356178283691406,1.0694961547851562,2.684314727783203,2.810882568359375,-1.0553627014160085,-9.721282958984375,-1.0343475341796875,2.1681976318359446,3.6016502380371094,2.259998321533203,8.0,4.0,12-04,0.6348802248636899
10-06,3.934295654296875,-0.2419147491455078,0.4333076477050781,0.9963417053222585,2.3926963806152344,2.5397987365722656,-1.0383987426757741,-8.903327941894531,-0.9845390319824148,2.2218246459960938,3.7273406982421875,2.7099990844726562,8.0,4.0,12-05,0.6489520072937017
10-07,3.8920192718505895,-0.17242813110351562,-1.3390235900878835,1.0035781860351562,2.239551544189453,3.0654067993164062,-1.0044975280761648,-6.002330780029297,-1.3672218322753977,1.8936424255371094,4.239776611328132,1.6800003051757741,7.0,5.0,12-06,0.6773727734883636
10-08,3.4236526489257777,-0.02997398376465199,-1.3461341857910156,1.2059593200683594,2.471351623535149,2.086982727050774,-2.2081336975097727,-6.34283447265625,-1.6776695251464915,1.8024826049804688,4.477088928222663,1.279998779296875,7.0,5.0,12-07,0.42856423060099047
10-09,3.5250225067138636,-0.41969299316405895,-1.434722900390625,1.7724990844726562,2.4264793395996094,3.2187881469726562,-0.3818016052246094,-6.3608322143554545,-1.9105072021484446,1.7041664123535156,4.742885589599609,1.6599998474121094,7.0,5.0,12-08,0.7118570009867357
10-10,3.8712425231933594,-0.670150756835934,-0.9440727233886719,1.8008270263671875,1.5750160217285156,2.9707984924316406,-0.346942901611321,-5.955726623535149,-2.3003273010253906,0.5690422058105469,5.017826080322266,0.8400001525878906,7.0,5.0,12-09,0.535627683003745
10-11,3.4180679321289027,-0.7472133636474609,-0.5174598693847585,1.7996482849121094,1.9657325744628906,3.1072425842285227,-0.3641700744628764,-5.034442901611328,-2.5037078857421875,1.0420379638671804,3.5049858093261648,0.8400001525878906,7.0,5.0,12-10,0.5425601005554208
10-12,3.493600845336914,-0.6907234191894567,-0.39746856689453125,1.6226043701171875,1.8174705505371094,2.3925399780273438,-0.14022445678710227,-5.362201690673828,-1.9983482360839773,1.4372711181640625,4.00001525878907,0.8400001525878906,7.0,5.0,12-11,0.5845446586608901
10-13,3.398479461669922,-0.9919700622558629,-0.8978805541992116,1.5493888854980469,1.7870025634765625,1.891429901123054,0.3683433532714844,-5.4024810791015625,-1.7881393432617259,-0.6169586181640554,3.9613418579101562,1.4500007629394531,7.0,5.0,12-12,0.3923797607421884
10-14,3.6151390075683594,-0.9567985534667933,-1.1311874389648366,1.7156333923339844,1.46697998046875,1.8024826049804759,-0.30126953125,-4.754589080810547,-1.0714073181152273,-0.26142501831053977,4.6961517333984375,1.0499992370605469,6.0,6.0,12-13,0.4891424179077175
10-15,3.5214462280273438,-0.5887050628662145,-1.3282127380371023,2.0481300354003906,1.5866165161132812,1.9399375915527415,-1.5231895446777415,-4.469245910644531,-1.2438812255859375,0.8234024047851634,3.329212188720703,2.0400009155273438,7.0,5.0,12-14,0.5112926165262867
10-16,3.3133983612060547,-0.2478809356689453,-1.7098293304443253,1.6303215026855469,1.6314811706542969,1.7492027282714844,-1.8474693298339773,-4.2711944580078125,-1.3991050720214773,0.036861419677734375,3.0634193420410227,1.25,7.0,5.0,12-15,0.26660044987996684
10-17,2.994709014892578,-0.3955860137939453,-1.6962051391601491,1.4957618713378906,1.0729789733886719,-0.3424873352050781,-2.173797607421868,-5.252452850341797,-1.7889175415038991,0.0726165771484375,1.4514122009277344,1.7099990844726562,6.0,6.0,12-16,-0.237664063771564
10-18,2.9245662689208984,-0.7616539001464844,-2.0561676025390625,1.4798431396484375,1.0097923278808736,-1.9459114074707031,-2.173797607421868,-5.819408416748047,-2.238056182861321,0.6589317321777415,4.572620391845696,1.7099990844726562,6.0,6.0,12-17,-0.21993684768676522
10-19,3.08642578125,-0.6047573089599574,-1.6428794860839844,1.2373580932617188,1.5180854797363281,-1.27227783203125,-1.0282478332519531,-5.881416320800781,-2.646045684814453,-0.7932815551757812,5.371768951416016,1.7099990844726562,5.0,7.0,12-18,-0.07877238591512015
10-20,3.012453079223633,-1.0315322875976527,-1.2919158935546875,1.2349777221679759,1.297119140625,-0.2454376220703125,-1.2062568664550852,-5.865440368652351,-2.5405120849609375,-1.4006462097167898,5.4877891540527415,1.6499977111816477,5.0,7.0,12-19,-0.07495037714640151
10-21,2.764087677001953,-1.1426048278808594,-1.5927696228027344,1.3722991943359446,2.2571640014648438,-0.4233283996582031,-0.8672103881835938,-5.335010528564446,-2.6100616455078125,-6.031673431396484,5.313755035400391,1.2299995422363281,5.0,7.0,12-20,-0.4221127827962228
10-22,2.055597305297855,-1.1532649993896449,-1.7200431823730469,1.6180496215820455,1.6440353393554688,-0.39099502563477273,-1.6194190979003977,-4.285961151123047,-2.635936737060547,-4.573085784912109,4.896080017089844,1.1399993896484375,5.0,7.0,12-21,-0.4187453587849929
10-23,2.7346210479736257,-0.4803905487060547,-1.277099609375,2.1137542724609446,1.6216049194335938,0.6619415283203125,-2.005119323730476,-4.673053741455071,-2.730792999267578,-4.859104156494141,3.9373207092285156,0.6100006103515696,6.0,6.0,12-22,-0.36219310760497986
10-24,2.7511348724365234,-0.6409435272216797,-1.6314506530761648,2.000450134277351,1.8770256042480469,0.19886398315430398,-2.35699462890625,-4.961124420166016,-1.94268798828125,-4.85015869140625,4.152313232421868,0.6899986267089844,6.0,6.0,12-23,-0.39279778798421106
10-25,2.8968009948730504,-0.6409435272216797,-1.791431427001946,1.4899101257324219,1.7813949584961009,0.31695556640625,-2.4258956909179688,-5.191452026367195,-1.3494949340820312,-3.1977882385253906,5.62086486816407,0.6899986267089844,6.0,6.0,12-24,-0.15009005864461114
10-26,2.8968009948730504,-1.017507553100586,-2.158039093017571,1.3270339965820312,1.6767120361328196,0.31695556640625,-2.4258956909179688,-5.14715576171875,-1.1800117492675781,-2.8045120239257812,5.848686218261726,0.6899986267089844,6.0,6.0,12-25,-0.1647445360819478
10-27,2.4951915740966797,-0.5405311584472656,-1.6514396667480398,0.920879364013679,1.6157493591308594,-0.2498779296875,-1.8834342956542969,-5.324329376220703,-1.7530136108398438,-4.15391540527343,5.664981842041016,0.9500007629394531,5.0,7.0,12-26,-0.3258115450541161
10-28,2.34722900390625,-0.7359657287597656,-0.8279609680175781,1.0076141357421875,1.7224197387695312,-0.8482551574707102,-1.8495254516601562,-5.210041046142578,-1.5587081909179688,-5.010837554931641,5.635978698730476,2.729999542236328,5.0,7.0,12-27,-0.2165044148763021
10-29,1.8400821685791016,-1.2652053833007812,-0.00428009033203125,0.7546348571777344,1.7672805786132812,-0.30648040771485086,-0.3207740783691406,-5.5592079162597585,-1.5931968688964915,-4.737354278564453,5.85430908203125,2.3400001525878906,5.0,7.0,12-28,-0.10251601537068744
10-30,2.544988632202145,-1.348684310913086,0.002536773681640625,0.7546348571777344,2.08880615234375,-0.17090225219725852,-0.2667579650878906,-5.59521484375,-1.2827529907226562,-5.112751007080078,5.541049957275405,2.8499984741210938,6.0,6.0,12-29,0.00041262308756658445
10-31,2.6038913726806605,-1.3807983398437464,-0.672107696533196,0.7546348571777344,1.999786376953132,-0.6695365905761648,-0.48905181884765625,-5.901294708251953,-1.5200233459472656,-3.941875457763672,5.155548095703132,2.6399993896484375,5.0,7.0,12-30,-0.1184023221333798
11-01,2.7387676239013636,-1.2138175964355469,-0.058856964111313914,0.4632682800292969,2.860862731933601,-0.5554656982421946,0.2689056396484375,-5.112884521484375,-1.0963211059570312,-5.027645111083984,5.663585662841797,2.6399993896484375,6.0,6.0,12-31,0.13086652755737394
11-02,2.7387676239013636,-1.4774055480957067,-0.5721130371093679,0.8881645202636719,2.6814155578613352,-0.5554656982421946,0.2689056396484375,-4.448486328125,-1.2912216186523438,-4.509235382080078,6.176181793212891,2.6399993896484375,6.0,6.0,01-01,0.2116255760192871
11-03,2.6806411743164027,-1.4146518707275355,-1.0053939819335866,0.8710746765136719,2.5366477966308594,-1.2948074340820312,0.6164169311523438,-4.740810394287109,-1.0399436950683523,-4.7581024169921875,5.915130615234382,0.8699989318847656,6.0,6.0,01-02,-0.06364997227986476
11-04,2.1152172088623047,-2.291696548461914,-0.3029327392578125,1.45654296875,2.9328536987304688,-1.124988555908196,0.6333656311035227,-3.7100067138671875,-1.2062911987304545,-5.204799652099609,5.934467315673828,0.9099998474121094,6.0,6.0,01-03,0.011810938517254973
11-05,2.218967437744137,-1.7680110931396484,-0.48483657836914773,1.6516914367675781,2.648712158203125,-1.9093589782714773,0.6645278930664134,-3.927341461181655,-1.1804237365722585,-4.502849578857422,6.228740692138672,0.09999847412109375,6.0,6.0,01-04,-0.02168194452921579
11-06,2.324314117431644,-1.430704116821289,-0.04869842529296875,1.3967552185058594,2.671150207519524,-0.8295402526855469,2.428722381591804,-4.512489318847663,-2.198005676269524,-4.905059814453125,6.057876586914055,0.9799995422363281,6.0,6.0,01-05,0.1611933708190915
11-07,2.032163619995117,-1.038955688476559,0.0671539306640696,1.9349555969238281,2.5450668334960866,-1.9304351806640625,1.8441123962402273,-4.584514617919929,-2.3844375610351562,-5.298332214355469,6.2704010009765625,0.9699974060058594,7.0,5.0,01-06,0.035597960154214604
11-08,1.902679443359375,-0.6343612670898438,0.04048538208008523,1.6079444885253835,2.849395751953125,-2.8355789184570312,1.9474716186523366,-4.93000793457032,-2.6895065307617188,-4.811397552490234,6.06859207153321,0.9699974060058594,7.0,5.0,01-07,-0.04285717010498106
11-09,1.5681915283203125,0.20035171508789062,0.9070396423339986,2.6450843811035156,2.582294464111321,-3.936382293701172,2.5073280334472585,-3.999866485595703,-1.1490974426269602,-4.153789520263672,6.219944000244141,0.9699974060058594,8.0,4.0,01-08,0.36342461903889917
11-10,1.6844463348388672,-0.3833198547363281,-0.05575942993164773,1.8963661193847656,2.483245849609368,-2.3426971435546875,1.625823974609368,-0.612518310546875,0.015781402587890625,-4.395290374755859,5.958892822265625,-0.40000152587890625,6.0,6.0,01-09,0.4562474886576317
11-11,1.8799629211425817,-0.4390773773193324,-1.5584297180175852,1.4626884460449219,2.026081085205071,-3.2079200744628906,1.3461151123046875,-0.9950141906738281,0.711711883544929,-3.912128448486328,5.68817138671875,-1.0300025939941406,6.0,6.0,01-10,0.16434653600056967
11-12,1.1672859191894567,-0.5974369049072301,-0.044460296630859375,1.4626884460449219,2.1756362915039062,-2.6095542907714915,0.712726593017571,0.4035835266113281,-0.573200225830071,-3.67510986328125,5.735633850097656,-0.049999237060546875,6.0,6.0,01-11,0.3423161506652826
11-13,0.7653713226318359,-1.4235439300537145,0.1327209472656179,1.4272804260253835,1.7793350219726562,-2.094703674316399,0.4547233581542969,-0.3256072998046875,-1.1509780883789062,-3.639362335205078,5.479335784912109,-0.6399993896484304,6.0,6.0,01-12,0.06371434529622366
11-14,0.200952529907223,-1.8602542877197301,-0.051265716552734375,1.4414482116699219,1.7297096252441406,-2.0675086975097656,0.13415908813476562,0.11550521850585938,-1.1424980163574219,-3.782367706298828,4.6745681762695455,0.0,6.0,6.0,01-13,-0.05062929789225201
11-15,-0.16050910949707742,-2.1235637664794957,-0.351226806640625,1.5017471313476634,2.336265563964851,-2.22845458984375,-0.7099342346191406,-0.5311698913574219,-1.2780876159667969,-1.1771659851074148,4.216278076171875,0.0,3.0,9.0,01-14,-0.04215176900227776
11-16,0.29266548156737926,-1.401824951171875,0.13538360595703836,1.245349884033196,1.5587921142578196,-2.0970115661621094,-0.9080314636230469,-0.30084609985352273,-1.2357139587402344,-0.529895782470696,3.6193008422851562,0.0,5.0,7.0,01-15,0.031514008839925424
11-17,0.17112159729003906,-1.5712757110595703,-0.43120574951171164,0.8679733276367188,2.1073875427246094,-2.8363571166992188,-0.9080314636230469,-0.30970001220703125,-0.6978073120117259,-1.8437309265136719,3.7063179016113352,0.0,4.0,8.0,01-16,-0.14544232686360617
11-18,0.22924423217773438,-2.016880035400387,-0.722728729248054,1.2149162292480469,2.0159568786621094,-3.5964736938476562,-1.4589691162109446,1.0408821105957102,-0.18233871459960938,-1.232940673828125,4.78919601440429,0.0,5.0,7.0,01-17,0.006655375162759529
11-19,0.08657073974609375,-1.9135513305664062,-0.27422714233397727,1.0703506469726562,1.761737823486321,-4.140296936035156,-2.2811431884765625,0.4348182678222656,0.4471778869628906,-0.9138755798339844,5.0170211791992045,0.0,6.0,5.0,01-18,-0.058784802754721234
11-20,0.3947238922119105,-1.9809684753417969,-0.32191848754883523,0.9641304016113281,2.501983642578125,-3.474884033203125,-2.1791305541992188,1.1550025939941406,0.45580673217772727,-1.5752830505371094,5.67200851440429,0.0,6.0,5.0,01-19,0.134289264678953
11-21,-0.45817756652831676,-1.4029808044433594,-0.19926071166992188,0.6242027282714844,1.91876220703125,-3.327014923095703,-2.608070373535149,0.1737518310546875,0.532073974609375,-1.6500320434570312,5.747951507568345,0.0,5.0,6.0,01-20,-0.054066181182861626
11-22,0.13526535034179688,-1.7690563201904297,-0.05927276611328125,-0.01314544677734375,1.5690345764160156,-3.2284507751464844,-2.0568275451660227,0.05401611328125,-0.3104515075683594,-0.9845504760742188,5.657955169677727,0.0,4.0,7.0,01-21,-0.08379030227661251
11-23,-0.2531700134277344,-1.1288986206054723,0.24735260009766336,-0.7070274353027344,1.8958206176757741,-2.7684288024902344,-3.555511474609375,0.8462295532226491,-0.4570503234863281,-1.0665969848632741,5.484642028808594,0.0,4.0,7.0,01-22,-0.1218865712483727
11-24,-0.5490913391113281,-1.3360137939453125,0.13903045654296875,-0.9483871459960866,2.482513427734368,-2.587696075439453,-3.7208900451660156,-0.14403915405273438,-0.71575927734375,-1.2944984436035156,6.209789276123047,0.0,3.0,8.0,01-23,-0.20542017618815103
11-25,-1.1039447784423828,-0.41808891296386363,0.5206527709960938,-0.37737274169921875,3.2215919494628764,-2.809478759765632,-4.048179626464844,0.306079864501946,-1.0693244934082031,-1.4221229553222656,6.876922607421875,0.0,4.0,7.0,01-24,-0.02693875630696822
11-26,-0.6622943878173828,-0.2960681915283203,-0.3186683654785014,-0.3412361145019531,3.296356201171868,-2.9737815856933594,-3.307464599609375,0.3330841064453125,-1.1728057861328125,-0.8933830261230398,7.171192169189453,0.0,3.0,8.0,01-25,0.06957753499349077
11-27,-1.1586341857910156,0.5135593414306641,0.21287155151367188,-0.06505203247070312,3.184204101562493,-1.6676254272460938,-1.4642410278320312,0.16203689575195312,-1.2504196166992188,-1.148639678955071,6.4586219787597585,0.0,5.0,6.0,01-26,0.31472349166870056
11-28,-1.1613655090332067,0.14749717712402344,0.36960601806641336,-0.18070220947265625,2.8288040161132812,-1.725128173828125,-1.1369361877441406,0.045009613037109375,-1.2504196166992188,-1.0483627319335866,7.609180450439453,0.0,5.0,6.0,01-27,0.37476523717244553
11-29,-1.0534687042236364,0.1667652130126953,-0.0770111083984446,-0.8529014587402344,2.0744857788085938,-1.9880027770996094,-0.5426330566406321,0.0630187988281321,-1.8023262023925781,-0.2643775939941406,8.537361145019531,0.0,4.0,7.0,01-28,0.35507583618163974
11-30,-1.1937370300293004,0.047519683837890625,-0.2793998718261719,-0.7950782775878906,2.237266540527351,-1.2650909423828125,-0.24117279052735086,1.1973152160644531,-2.354228973388672,-1.0848274230957031,8.305316925048828,0.0,4.0,7.0,01-29,0.3811569213867185
12-01,-1.7274551391601562,0.3082599639892578,-0.33391571044922586,-0.8095321655273366,2.2982330322265696,-1.3718910217285085,-0.46511077880860086,1.0892829895019531,-2.112773895263679,-0.629016876220696,8.885429382324219,0.0,4.0,7.0,01-30,0.42762581507364966
12-02,-1.6562519073486364,0.07706642150878906,0.5996932983398509,-0.758930206298821,1.8791542053222656,-1.4293899536132741,0.24115753173826704,0.2790679931640625,-2.5525665283203125,0.20967483520507812,9.117481231689453,0.0,7.0,4.0,01-31,0.5005130767822269
12-03,-1.618484497070309,-0.22477340698241832,0.6678390502929688,-1.0119171142578054,2.1707725524902344,-1.1583061218261648,1.3694801330566406,0.2790794372558736,-2.4404640197753906,0.81134033203125,8.991790771484375,0.0,6.0,5.0,02-01,0.6530297597249378
12-04,-1.7048015594482422,0.7449703216552663,1.6355133056640696,-1.0191535949707031,2.3239173889160156,-0.8297080993652273,1.9379501342773366,1.0532798767089915,-1.9575462341308594,0.9025001525878906,8.47935485839843,0.0,7.0,4.0,02-02,0.9638563791910807
12-05,-0.9764842987060547,1.3422336578369105,1.8058853149414062,-1.2215347290039062,2.8115577697753906,-1.7990570068359375,2.962921142578125,0.657176971435554,-1.6470985412597656,0.9389686584472656,8.363330841064439,0.0,7.0,4.0,02-03,1.1031583150227855
12-06,-1.0843791961669922,0.6165294647216761,1.8944740295410156,-1.279346466064446,2.5296478271484446,-1.6511878967285227,2.4892044067382812,0.6751747131347585,-1.4142608642578125,1.403900146484375,7.6285171508789205,0.0,7.0,4.0,02-04,0.9840227762858081
12-07,-1.3811054229736293,0.8669872283935511,1.4038238525390625,-1.3733177185058594,1.9353294372558594,-1.23223876953125,2.7045326232910156,0.2700691223144531,-2.3111152648925852,1.5679817199707031,7.000057220458977,0.0,7.0,4.0,02-05,0.7875836690266915
12-08,-0.9279308319091726,0.9440498352050781,1.4038162231445241,-1.6913414001464773,1.8362693786621094,-1.905853271484382,2.721759796142571,0.01800537109375,-3.0354957580566335,2.7075080871582102,6.845363616943359,0.0,7.0,4.0,02-06,0.7430125872294114
12-09,-1.003463745117184,0.706436157226559,2.0512046813964773,-1.6768951416015625,1.6000823974609446,-1.1911506652832031,2.497814178466797,-0.6301689147949219,-4.83781814575196,3.0174598693847656,7.338455200195305,0.0,6.0,5.0,02-07,0.6559963226318347
12-10,-1.7911205291748047,0.5715770721435547,1.9898796081542969,-1.6335296630859375,1.6305503845214915,-0.6900405883789134,2.179119110107429,-0.6301727294921946,-4.8464431762695455,2.780437469482429,7.377128601074219,0.0,6.0,5.0,02-08,0.5781154632568354
12-11,-2.104022979736328,0.41102027893066406,2.6031875610351562,-1.799774169921875,1.950572967529304,-0.1150054931640625,1.3178215026855398,0.07201385498046875,-5.105148315429695,2.4249038696289134,6.6423187255859375,0.0,7.0,4.0,02-09,0.5248239835103353
12-12,-2.427717208862301,0.3467941284179652,2.5350494384765625,-2.1322708129882812,2.362010955810547,0.02465438842774148,1.0421829223632741,0.9092330932617188,-4.932674407958984,1.3400764465332102,7.821891784667969,0.0,8.0,3.0,02-10,0.5741025606791185
12-13,-2.3360118865966797,0.751392364501946,2.9166660308837855,-2.3274154663085938,2.682037353515618,0.24645233154296875,0.6890487670898366,0.711181640625,-4.777450561523445,1.3674278259277273,3.9447822570800852,0.0,8.0,3.0,02-11,0.32234255472818746
12-14,-2.0986328125,0.899097442626946,2.9030418395996094,-1.6624259948730398,2.224864959716797,0.8461456298828125,0.7837905883788991,1.6924400329589844,-4.9930419921875,1.8232383728027344,3.6547279357910156,0.0,8.0,3.0,02-12,0.5061038335164382
12-15,-2.0284900665283203,1.265165328979485,2.20794677734375,-2.1033554077148438,3.2382469177246094,0.8543472290039062,0.7837905883788991,1.8184852600097656,-4.648101806640625,2.479602813720696,3.8287620544433594,0.0,8.0,3.0,02-13,0.6413666407267234
12-16,-2.190349578857422,1.3486442565917969,1.7104759216308594,-2.211772918701172,3.2611007690429688,0.18071365356445312,-0.3617591857910156,1.3413505554199148,-4.958553314208984,2.461372375488274,3.9447822570800923,0.0,7.0,4.0,02-14,0.3771670659383138
12-17,-1.6562442779541051,1.644073486328125,2.248821258544922,-2.1394882202148438,3.482067108154297,-0.8461265563964844,0.034454345703132105,1.116302490234375,-5.544956207275391,2.3702125549316406,3.8287620544433665,0.0,7.0,4.0,02-15,0.37815650304158616
12-18,-1.5861072540283203,1.0660724639892578,2.3237838745117188,-2.2768096923828125,2.522022247314453,-2.5055313110351562,-0.20672225952148438,0.9902687072753906,-5.200008392333984,7.001239776611335,4.002796173095717,0.0,6.0,5.0,02-16,0.510917027791343
12-19,-1.0897693634033168,0.9825878143310547,2.1943130493164062,-2.5225601196289134,2.0572433471679688,-1.930492401123054,0.14643096923828125,0.8552360534667969,-5.17413330078125,5.54265213012696,4.186496734619162,0.0,7.0,4.0,02-17,0.43733374277750797
12-20,-0.9872703552246023,1.0146942138671875,1.7513694763183594,-2.1394882202148438,2.4001007080078054,-2.6205368041992188,0.3445281982421875,1.242328643798821,-5.079277038574219,4.229923248291023,3.7804183959960866,0.0,7.0,4.0,02-18,0.3280658721923822
12-21,-1.1491184234619105,1.1752471923828125,2.105720520019524,-2.7321815490722727,2.8344154357910156,-3.4091720581054688,0.3531532287597656,1.5303993225097656,-4.7774505615234375,5.095947265625,4.756946563720717,0.0,7.0,4.0,02-19,0.48199224472045926
12-22,-1.2947845458984375,0.9376373291015625,1.6355171203613281,-3.1080398559570312,3.375396728515625,-3.1380844116210938,0.4220542907714844,1.5844192504882812,-4.199668884277351,5.907295227050781,5.675464630126939,0.0,7.0,4.0,02-20,0.6497672398885074
12-23,-1.5591411590576172,1.0275497436523438,1.4174461364746094,-2.3563232421875,3.535411834716797,-2.5712509155273438,-0.8354682922363352,1.5664138793945241,-3.863361358642571,6.645706176757805,5.723804473876939,0.0,6.0,5.0,02-21,0.7275656064351376
12-24,-1.7533531188964808,1.2715873718261719,1.4174423217773438,-2.2262115478515625,3.428741455078125,-3.483104705810554,-0.4478797912597656,1.5574073791503906,-4.0961952209472585,7.028587341308601,5.752807617187479,0.0,6.0,5.0,02-22,0.7041524251302075
12-26,-1.8774356842041016,0.8348808288574219,1.2130012512207031,-1.9732322692871094,3.9620895385742188,-2.374107360839851,-0.42205047607421875,2.1425628662109375,-5.053413391113274,6.755104064941413,5.501430511474588,0.0,6.0,5.0,02-24,0.725735823313394
12-27,-2.1363849639892614,0.8734111785888707,1.2130012512207031,-2.059978485107422,3.0096588134765554,-1.9222755432128906,-1.3608741760253835,2.1425628662109375,-5.363857269287109,7.338539123535156,5.636791229248047,0.0,6.0,5.0,02-25,0.614216168721517
12-28,-2.0123023986816406,0.9055252075195312,1.8876457214355398,-1.4889678955078125,3.6192092895507812,-1.4047317504882812,-1.6795730590820241,2.4486427307128906,-4.786075592041023,7.055934906005859,4.302520751953118,0.0,6.0,5.0,02-26,0.7373189926147449
12-29,-2.1471786499023438,0.7385444641113317,1.5537376403808594,-2.349098205566399,3.4820594787597656,-1.4951019287109375,-2.437530517578118,2.0615386962890696,-4.096195220947273,7.3658905029296875,3.49036407470701,0.0,6.0,5.0,02-27,0.5139191945393877
12-30,-2.567989349365231,1.0789203643798828,1.9285430908203267,-2.3563270568847656,3.078239440917976,-0.7557601928711009,-2.2652626037597585,2.484649658203132,-4.216922760009766,8.149879455566406,3.96411895751951,0.0,6.0,5.0,02-28,0.7101740837097177
12-31,-2.7082443237304723,1.3165340423583984,1.3765525817871094,-1.9009628295898438,2.6820335388183665,-0.5175247192382812,-0.4651145935058594,2.8627471923828125,-5.165515899658196,7.994903564453132,3.944782257080064,0.0,6.0,5.0,03-01,0.7850159009297691
