,2010,2011,2012,2013,2014,2015,2016,2017,2018,2019,2020,ups,downs,end_day_sum,avg
01-02,-1.800000190734865,-0.6999998092651367,0.6700000762939435,-0.569999694824217,0.5999994277954093,1.049999713897705,0.5199999809265137,-0.06999969482421875,0.3500003814697248,0.26999998092651545,-1.5299997329711914,6.0,5.0,03-02,-0.10999996011907429
01-03,-1.800000190734865,-0.6999998092651367,0.6700000762939435,-0.6700000762939453,0.7699995040893537,1.2900004386901855,0.7199997901916522,-0.06999969482421875,0.3900003433227539,0.13000011444091708,-1.75,6.0,5.0,03-03,-0.09272722764448726
01-04,-1.800000190734865,-0.5499992370605469,0.6700000762939435,-0.6900005340576154,0.700000286102294,1.440000057220458,0.5800004005432147,-0.1099996566772461,0.35999965667724787,-0.059999942779541016,-1.4799995422363317,5.0,6.0,03-04,-0.08545442060990799
01-05,-1.800000190734865,-0.36999988555908025,0.8299999237060529,-0.5799999237060529,0.7999997138977042,1.320000171661377,0.5900006294250515,-0.21000003814697266,0.3000001907348615,-0.19000005722045987,-1.2599992752075213,5.0,6.0,03-05,-0.05181806737726409
01-06,-1.800000190734865,-0.42999935150146484,0.7300004959106436,-0.5,1.0400004386901864,1.320000171661377,0.690000534057619,-0.1400003433227539,0.3000001907348615,-0.17999982833862394,-0.8299999237060565,5.0,6.0,03-06,0.018182017586447573
01-07,-1.800000190734865,-0.42999935150146484,0.809999465942381,-0.6199998855590803,1.080000400543213,1.179999828338623,0.900000095367429,-0.1700000762939453,0.3299999237060547,-0.2799997329711914,-0.8200006484985352,5.0,6.0,03-07,0.016363620758056238
01-08,-1.800000190734865,-0.42999935150146484,0.42999982833862216,-0.6100006103515625,1.140000343322754,1.200000286102295,1.0199999809265128,-0.15999984741210938,0.26000022888183594,-0.23999977111816406,-0.6100006103515625,5.0,6.0,03-08,0.0181818441911174
01-09,-1.3500003814697266,-0.42999935150146484,0.4699997901916513,-0.5600004196166974,1.200000286102295,1.1100001335144034,1.1399998664855975,-0.25,0.4400005340576172,-0.3400001525878924,-0.5900001525878906,5.0,6.0,03-09,0.07636365023526294
01-10,-1.4999999999999982,-0.3299999237060547,0.440000057220459,-0.5799999237060547,0.9900002479553249,0.940000057220459,1.049999713897705,-0.1400003433227539,0.7200002670288104,-0.47999954223632635,-0.9200000762939453,5.0,6.0,03-10,0.01727277582342047
01-11,-1.0900001525878906,-0.48000049591064453,0.48999977111816406,-0.5999994277954084,1.0,0.6100001335144034,1.1699995994567853,-0.23999977111816406,0.6700000762939453,-0.4099998474121076,-1.6700000762939453,5.0,6.0,03-11,-0.050000017339532944
01-12,-1.0900001525878906,-0.48000049591064453,0.6099996566772443,-0.75,0.819999694824217,0.619999885559082,1.0099997520446768,-0.28999996185302734,0.7799997329711932,-0.25999975204467773,-1.3500003814697266,5.0,6.0,03-12,-0.03454563834450486
01-13,-1.0900001525878906,-0.5399999618530273,0.7700004577636719,-0.7200002670288068,0.819999694824217,0.5999999046325684,0.8299994468688956,-0.10000038146972656,0.7700004577636719,-0.17999982833862394,-1.5000000000000018,5.0,6.0,03-13,-0.030909148129550215
01-14,-1.0900001525878906,-0.5399999618530273,0.6600003242492667,-0.7899999618530273,0.689999580383299,0.46000003814697354,0.8299994468688965,0.06999969482421875,0.6999998092651367,-0.17999982833862394,-1.4799995422363317,6.0,5.0,03-14,-0.06090914119373725
01-15,-1.400000572204588,-0.3600006103515625,0.6500000953674325,-0.6400003433227557,0.7899994850158683,0.5399999618530256,1.1700000762939435,0.05999946594238281,0.6999998092651367,-0.24000024795532493,-1.4799995422363317,6.0,5.0,03-15,-0.019091129302979404
01-16,-1.400000572204588,-0.7700004577636719,0.5,-0.3199996948242205,0.689999580383299,0.4500002861022949,0.9800004959106463,0.18999958038330078,0.6999998092651367,-0.24999952316284269,-1.6499996185302752,6.0,5.0,03-16,-0.08000001040372005
01-17,-1.400000572204588,-0.7700004577636719,0.5,-0.5399999618530273,0.3299999237060547,0.5399999618530273,0.9499998092651367,0.18999958038330078,0.6499996185302734,-0.16000032424926935,-1.760000228881836,6.0,5.0,03-17,-0.13363660465587268
01-18,-1.400000572204588,-0.7700004577636719,0.31999969482421875,-0.2600002288818395,0.3199996948242205,0.46000003814697266,1.0200004577636719,0.1400003433227539,0.7699995040893572,-0.2999997138977051,-2.069999694824218,6.0,5.0,03-18,-0.16090917587280248
01-19,-1.400000572204588,-0.7200002670288068,0.15000009536743164,-0.4499998092651367,0.22000026702881037,0.6199998855590811,1.0200004577636719,-0.06000041961669744,0.6099996566772461,-0.4200000762939462,-1.369999885559082,5.0,6.0,03-19,-0.16363642432472875
01-20,-1.400000572204588,-0.7200002670288068,0.20999956130981534,-0.43000030517578125,0.13000011444091797,0.6199998855590811,1.330000400543213,-0.010000228881835938,0.5199995040893555,-0.4200000762939462,-2.0799999237060547,5.0,6.0,03-20,-0.20454562794078457
01-21,-1.2499999999999982,-0.7200002670288068,0.13000011444091708,-0.4099998474121094,0.13000011444091797,0.5199999809265128,1.419999599456787,-0.11999988555908381,0.5099992752075195,-0.4200000762939462,-2.0799999237060547,5.0,6.0,03-21,-0.20818190141157678
01-22,-1.2499999999999982,-0.48999977111816406,0.13000011444091708,-0.4099998474121094,0.11000061035156428,0.3800001144409171,1.1600003242492676,-0.1400003433227539,0.5499992370605469,-0.4200000762939462,-2.0500001907348633,5.0,6.0,03-22,-0.22090907530351112
01-23,-0.7999992370605451,-0.48999977111816406,-0.0899996757507342,-0.26999950408935547,-0.009999275207517755,0.29000043869018555,1.1400003433227548,-0.23999977111816406,0.5299997329711914,-0.40999984741211026,-2.0399999618530273,3.0,8.0,03-23,-0.21727241169322606
01-24,-0.6999998092651349,-0.48999977111816406,0.010000228881835938,-0.30999946594238104,0.25,0.40000009536743164,1.2300004959106454,-0.28999996185302734,0.4499998092651367,-0.31999969482421786,-2.4599995613098145,5.0,6.0,03-24,-0.20272705771706273
01-25,-0.6999998092651349,-0.3599996566772461,0.010000228881835938,-0.46000003814697266,0.5,0.43000030517578125,1.2300004959106454,-0.25,0.4099998474121094,-0.19999980926513672,-2.559999942779543,5.0,6.0,03-25,-0.17727257988669648
01-26,-0.6500005722045881,-0.3599996566772461,-0.3899998664855957,-0.49000072479248225,0.5,0.3400001525878906,1.0300002098083505,-0.3399991989135742,0.2299995422363299,-0.2799997329711914,-2.0699996948242205,4.0,7.0,03-26,-0.22545450383966611
01-27,-0.6500005722045881,-0.46000003814697266,-0.1999998092651376,-0.4500007629394549,0.5900001525878924,0.34999990463256747,1.0200004577636719,-0.26999950408935547,0.5100002288818342,-0.2799997329711914,-1.5999999046325701,4.0,7.0,03-27,-0.1309090527621186
01-28,-0.6500005722045881,-0.4499998092651367,0.0,-0.4500007629394549,0.5399999618530273,0.38000011444091797,0.9300003051757821,-0.2799997329711914,0.5799999237060529,-0.5299997329711914,-1.6600003242492676,4.0,7.0,03-28,-0.1445455117659136
01-29,-0.6999998092651349,0.43999958038330256,0.0,-0.6100006103515643,0.6600003242492694,0.23000001907348633,0.8100004196166992,-0.28999996185302734,0.5799999237060529,-0.5799999237060529,-1.7499995231628418,5.0,6.0,03-29,-0.10999996011907372
01-30,-0.6999998092651349,0.3800001144409162,0.0,-0.6700000762939471,0.7799997329711914,0.17000007629394442,0.8299999237060547,-0.23999977111816406,0.619999885559082,-0.7299995422363281,-1.099999427795412,5.0,6.0,03-30,-0.05999989943070885
01-31,-0.5999994277954119,0.5100002288818359,-0.11999988555908203,-0.7200002670288121,0.71000003814697,0.039999961853027344,0.8899993896484375,-0.34999942779541193,0.5599994659423828,-0.5100002288818342,-1.4099998474121094,5.0,6.0,03-31,-0.09090909090909163
02-01,-0.5999994277954119,0.3000001907348633,-0.40000057220458984,-0.7600002288818359,0.8400001525878888,-0.009999752044677734,1.0299997329711914,-0.3899993896484375,0.23000049591064453,-0.5300002098083487,-0.8400001525878906,4.0,7.0,04-01,-0.10272719643332766
02-02,-0.5999994277954119,0.26000022888183594,-0.36999988555908203,-0.6100006103515625,0.8900003433227557,-0.009999752044677734,1.0999999046325684,-0.48999977111816406,0.5399999618530273,-0.48000049591064364,-1.0399999618530273,4.0,7.0,04-02,-0.07363631508567109
02-03,-0.5999994277954119,0.48999977111816584,-0.4400000572204581,-0.46000003814697266,0.939999580383299,-0.169999599456788,0.8900003433227557,-0.6000003814697266,0.6799993515014666,-0.49000024795532227,-0.7799997329711896,4.0,7.0,04-03,-0.049090948971834726
02-04,-0.2899999618530291,0.5299997329711932,-0.4400000572204581,-0.35000038146972656,0.9699997901916495,0.1100001335144043,1.0,-0.5699996948242188,1.0199995040893572,-0.3300004005432138,-0.9699993133544904,5.0,6.0,04-04,0.061818122863769774
02-05,-0.03000068664550959,0.619999885559082,-0.5,-0.4000005722045916,0.8999996185302717,-0.40000009536743164,0.929999828338623,-0.5699996948242188,1.0,-0.33999967575073153,-1.0899991989135724,4.0,7.0,04-05,0.010909037156538287
02-06,0.25,0.619999885559082,-0.5,-0.26000022888183594,0.8699998855590829,-0.1100001335144043,1.0799999237060556,-0.619999885559082,1.0600004196166974,-0.07999992370605469,-1.189999580383299,5.0,6.0,04-06,0.10181821476329472
02-07,0.32000064849853693,0.5500001907348633,-0.4200000762939453,0.24000072479248047,0.9299998283386222,-0.019999980926511896,1.0500001907348642,-0.6400003433227539,0.9800004959106428,-0.09999990463256836,-0.7800006866455078,6.0,5.0,04-07,0.19181828065352022
02-08,0.32000064849853693,0.4700002670288068,-0.4200000762939453,0.34000015258788885,0.819999694824217,0.4000005722045925,1.1499996185302743,-0.7899999618530273,0.5900001525878906,0.019999980926513672,-0.35000038146972656,8.0,3.0,04-08,0.2318182425065474
02-09,-0.22999954223632812,0.4700002670288068,-0.30000019073486506,0.5799999237060547,0.7399997711181641,0.2600002288818368,1.2100000381469727,-0.30000019073486506,0.11000061035156072,0.18000030517578214,-0.4799995422363281,7.0,4.0,04-09,0.20363651622425377
02-10,-0.22999954223632812,0.8299999237060547,-0.25,0.7799997329711914,0.9300003051757795,0.15999984741210938,1.1399998664855957,-0.020000457763671875,-0.1099996566772461,0.07999992370605469,-0.4799995422363281,6.0,5.0,04-10,0.2572727636857465
02-11,0.4700002670288086,1.0500001907348633,-0.4800000190734872,1.4300003051757812,0.650000095367429,0.25,0.939999580383299,-0.029999732971191406,0.06000041961669922,0.1399998664855966,-0.5599994659423828,8.0,3.0,04-11,0.3563637733459469
02-12,0.4700002670288086,1.0399999618530273,-0.5500001907348651,1.3700008392334002,0.640000343322753,0.1999998092651376,0.7599997520446777,-0.010000228881835938,-0.039999961853027344,0.039999961853026456,-0.6599998474121076,7.0,4.0,04-12,0.2963637005199086
02-13,0.8200001716613761,1.0399999618530273,-0.5500001907348651,1.2300004959106445,0.5199995040893537,0.13000011444091797,0.5699996948242205,-0.010000228881835938,-0.11999988555908381,0.009999752044677734,-0.43000030517578125,7.0,4.0,04-13,0.2918180985884229
02-14,0.950000286102294,1.1400003433227504,-0.5300002098083505,1.9700002670288086,-0.439999580383299,0.039999961853026456,0.7699995040893572,-0.020000457763671875,-0.07999992370605469,0.019999980926513672,-0.5899991989135742,6.0,5.0,04-14,0.29363645206798183
02-15,1.1500000953674308,1.1400003433227504,-0.5999999046325701,1.0299997329711914,0.09999942779541016,0.22000026702880948,0.6700000762939471,0.01999950408935547,-0.2599992752075213,-0.1399998664855957,-0.5399999618530273,7.0,4.0,04-15,0.2536364035172891
02-16,1.1500000953674308,1.1400003433227504,-0.560000419616701,0.4999999999999982,0.050000190734866834,0.3800001144409171,0.6700000762939471,-0.05999946594238281,-0.5799999237060547,-0.08999967575073242,-0.3299999237060547,6.0,5.0,04-16,0.20636376467618042
02-17,1.0500001907348633,0.9099998474121076,-0.7199997901916522,0.7499999999999982,0.050000190734866834,0.3800001144409171,0.4400005340576172,-0.14999961853027344,-0.3000001907348633,-0.029999732971190518,-0.23999977111816406,6.0,5.0,04-17,0.19454561580311153
02-18,1.0500001907348633,0.46000003814697266,-0.7199997901916522,0.19999980926513494,0.050000190734866834,0.3900003433227539,0.25999927520751775,-0.07999992370605469,-0.3000001907348633,-0.029999732971190518,-0.23999977111816406,6.0,5.0,04-18,0.09454549442638042
02-19,0.8500003814697266,0.46000003814697266,-0.40999984741211115,0.19999980926513494,0.15000057220459073,0.1100001335144043,0.2999992370605433,0.0,-0.23000049591064275,-0.029999732971190518,-0.39999961853027344,6.0,5.0,04-19,0.09090913425792314
02-20,0.6999998092651385,0.43999958038330256,-0.4800000190734881,0.27999973297118963,0.05000019073486506,-0.1700000762939453,0.22999954223632635,-0.10000038146972656,-0.23000049591064275,-0.019999980926511896,-0.09999942779541371,5.0,6.0,04-20,0.05454531582919034
02-21,0.6999998092651385,0.43999958038330256,-0.4800000190734881,0.6599998474121094,0.05000019073486506,-0.11999988555908203,0.38000011444091797,-0.10000038146972656,-0.2899999618530291,-0.31999969482421875,-0.05000019073486328,5.0,6.0,04-21,0.07909085533835687
02-22,1.0500001907348633,0.43999958038330256,-0.4800000190734881,0.9600000381469744,-0.10000038146972834,-0.15000009536743164,0.36999988555908203,-0.10000038146972656,-0.23000049591064275,-0.19999980926513672,0.04000091552734375,5.0,6.0,04-22,0.14545449343594655
02-23,1.2100000381469718,0.7299995422363299,-0.5,0.42999935150146484,0.050000190734861505,-0.21000003814697354,0.42000007629394354,-0.3400001525878924,-0.5600004196166974,-0.2900004386901873,0.04000091552734375,6.0,5.0,04-23,0.08909082412719678
02-24,1.3000001907348633,1.0499992370605487,-0.9799995422363272,0.27999973297118785,0.06999969482421875,-0.2600002288818368,0.4499998092651367,-0.4099998474121094,-0.6599998474121076,-0.310000419616701,0.05000019073486506,6.0,5.0,04-24,0.05272717909379439
02-25,1.4100003242492667,1.0499992370605487,-1.010000228881835,0.2199993133544904,0.039999961853027344,-0.36000061035156516,0.06000041961669744,-0.029999732971191406,-0.7100000381469727,-0.10000038146972834,0.1499996185302752,6.0,5.0,04-25,0.06545435298572846
02-26,1.1000003814697257,0.8699998855590838,-0.9099998474121103,0.23999977111816406,0.1399993896484375,-0.32000064849853604,0.039999961853027344,0.06999969482421875,-1.5600004196166974,-0.10000038146972834,0.1499996185302752,7.0,4.0,04-26,-0.025454781272194523
02-27,0.649999618530277,0.6300001144409197,-0.9099998474121103,0.17999935150146307,0.21000003814697443,-0.029999732971191406,0.1300001144409162,0.10000038146972656,-1.4499998092651385,-0.029999732971192294,0.3400001525878906,7.0,4.0,04-27,-0.016363577409224075
02-28,0.5500001907348668,0.7899999618530273,-0.9099998474121103,0.7899999618530273,-0.06999969482421697,0.0,0.23999977111816584,0.1400003433227539,-1.510000228881836,0.10999965667724698,0.40000057220458984,7.0,4.0,04-28,0.04818188060413772
02-29,0.0,0.0,-1.0399999618530265,0.0,0.0,0.0,0.31999969482421875,0.0,0.0,0.0,0.35999965667724787,2.0,1.0,04-29,-0.03272732821377817
03-01,0.25,0.9299993515014648,-0.9300003051757804,0.8400001525878888,0.019999504089357245,-0.03000020980834961,0.11999988555908025,0.0,-1.4600000381469744,-0.23999977111816406,0.5599994659423846,6.0,5.0,04-30,0.005454366857355211
03-02,0.25,0.9299993515014648,-0.7900004386901847,0.8200006484985334,0.05999946594238459,-0.019999980926513672,0.25999927520751775,0.21999931335449396,-1.7100000381469709,-0.04999971389770508,0.5900001525878906,7.0,4.0,05-01,0.050908912311900985
03-03,0.25,0.9299993515014648,-0.8399996757507298,0.8100004196166974,0.019999504089357245,-0.16999959945678622,0.25,0.18999958038330256,-1.7100000381469727,0.0,0.36999988555908025,7.0,4.0,05-02,0.009090857072310337
03-04,0.25,1.1799993515014648,-0.8199996948242179,0.8500003814697248,-0.07999992370605291,-0.04999971389770508,0.2799997329711932,0.1900005340576172,-1.8200006484985334,-0.06999969482421786,-0.05999946594238459,5.0,6.0,05-03,-0.013636285608464698
03-05,0.25,1.0799999237060547,-0.9699993133544904,0.7700004577636719,-0.32000064849853516,-0.09999990463257014,0.4400005340576154,0.2700004577636719,-1.8900003433227521,-0.0799999237060538,-0.09999942779541016,5.0,6.0,05-04,-0.05909074436534527
03-06,-0.1999998092651385,0.8499994277954102,-0.5899996757507315,0.8900003433227521,-0.38000011444091975,0.009999752044677734,0.39000034332275213,0.1700000762939453,-1.9200000762939453,0.019999980926513672,0.029999732971191406,7.0,4.0,05-05,-0.06636363809759023
03-07,-0.1999998092651385,0.6799993515014648,-0.6299996376037607,0.869999885559082,-0.3600006103515643,0.15000009536743164,0.5799999237060529,0.15999984741210938,-1.8500003814697266,0.07999992370605469,0.8500003814697266,7.0,4.0,05-06,0.029999906366521098
03-08,-0.559999942779541,0.6799993515014648,-1.059999465942381,0.619999885559082,-0.3000001907348633,0.009999752044678623,0.6700000762939453,0.25,-1.7899999618530273,0.2200002670288086,0.35000038146972834,7.0,4.0,05-07,-0.0827272588556459
03-09,-0.41000032424926935,0.5799999237060547,-1.010000228881836,0.5799999237060547,-0.22999954223632635,0.08999967575073242,0.5500001907348651,0.38000011444091797,-1.9499998092651367,0.10999965667724698,0.11999988555908203,7.0,4.0,05-08,-0.10818186673251041
03-10,-0.820000171661377,0.1700000762939471,-1.0399999618530265,0.6700000762939453,-0.19999980926513672,0.419999599456788,0.630000114440918,0.48000049591064453,-1.8900003433227557,0.440000057220459,-0.19999980926513672,6.0,5.0,05-09,-0.12181815234097551
03-11,-1.4000000953674325,0.1400003433227539,-1.2200002670288068,0.75,-0.019999504089353692,0.4099998474121094,0.43999958038330433,0.24999999999999822,-1.9300003051757812,0.5300002098083514,-0.050000190734861505,6.0,5.0,05-10,-0.19090912558815623
03-12,-1.149999618530276,0.1400003433227539,-1.2100000381469709,0.7200002670288068,-0.019999504089353692,0.6200003623962393,0.42999935150146484,0.31999969482421875,-1.9100008010864258,0.4500002861022976,0.18999958038330256,7.0,4.0,05-11,-0.12909091602672207
03-13,-0.7500000000000009,0.28999996185302734,-1.1999998092651367,0.7899999618530273,-0.009999275207517755,0.6500000953674299,0.5299997329711896,0.5699996948242188,-1.8400001525878906,0.4500002861022976,0.26999950408935547,7.0,4.0,05-12,-0.022727272727272728
03-14,-0.7500000000000009,0.28999996185302734,-1.0499997138977042,0.9799995422363281,0.25,0.38000011444091886,0.5999994277954084,0.5799999237060547,-1.8400001525878906,0.49000024795532227,0.5999994277954075,8.0,3.0,05-13,0.0481817072088065
03-15,-0.5599999427795419,0.6999998092651367,-1.0399999618530273,1.1499996185302752,0.27999973297118785,0.48000001907348633,0.630000114440918,0.4499998092651367,-1.8400001525878924,0.6600003242492676,0.9099998474121085,8.0,3.0,05-14,0.16545447436245955
03-16,-0.5599999427795419,0.6999998092651367,-1.0699996948242188,1.4099998474121094,0.3000001907348615,0.6399998664855975,0.5599994659423828,0.39000034332275213,-1.7200002670288086,0.739999771118165,0.9300003051757821,8.0,3.0,05-15,0.210909063165838
03-17,-0.5599999427795419,0.5299997329711932,-1.2799997329711923,1.3299999237060547,0.3500003814697248,0.7199997901916522,0.3200006484985334,0.3900003433227539,-1.75,0.7699995040893564,0.2300004959106463,8.0,3.0,05-16,0.09545464949174369
03-18,-0.7100005149841317,0.39999961853027344,-1.309999942779541,1.0699996948242188,0.44999980926513494,0.5599999427795437,0.21999931335449396,0.4299993515014666,-1.8800001144409162,0.8499994277954093,0.940000534057619,8.0,3.0,05-17,0.0927270109003246
03-19,-1.2200002670288104,0.5500001907348633,-1.299999713897705,1.0500001907348633,0.5399999618530273,0.6800003051757812,0.3299999237060547,0.6099996566772479,-1.8099994659423828,0.8499994277954093,0.8000001907348633,8.0,3.0,05-18,0.09818185459483746
03-20,-0.9700002670288104,0.3000001907348633,-1.299999713897705,1.0299997329711914,0.559999465942381,0.690000057220459,0.28999996185302734,0.6799993515014666,-1.7999992370605469,0.8499994277954093,1.019999980926512,8.0,3.0,05-19,0.12272717735984068
03-21,-1.060000419616701,0.3000001907348633,-1.0799999237060538,0.8499994277954084,0.49000072479248225,0.4299998283386248,0.11999988555908203,0.6999998092651367,-1.8399991989135742,0.6300001144409189,1.440000057220459,8.0,3.0,05-20,0.08909095417369511
03-22,-1.2000002861022958,0.3000001907348633,-1.0300002098083496,1.0799999237060565,0.39999961853027344,0.34999990463256836,0.029999732971191406,0.7999992370605469,-1.6900005340576154,0.75000047683716,1.559999942779541,8.0,3.0,05-21,0.12272709066217637
03-23,-1.299999713897706,0.3000001907348633,-1.1599998474121085,0.9600000381469744,0.3099994659423828,0.3399996757507324,0.07999992370605469,0.9799995422363281,-1.6199998855590803,0.8000001907348651,1.5899996757507324,8.0,3.0,05-22,0.11636356873945805
03-24,-1.299999713897706,0.3000001907348633,-1.0899996757507315,1.1500005722045916,0.3299999237060547,0.3099994659423828,0.0,1.1799993515014648,-1.640000343322754,0.869999885559082,1.0999994277954102,7.0,4.0,05-23,0.10999991677024164
03-25,-1.799999713897706,0.3000001907348633,-1.0399999618530265,1.2899999618530291,0.3299999237060547,0.39999961853027344,0.09000015258789062,1.2100000381469727,-1.77000045776367,0.9299993515014631,0.6299996376037598,8.0,3.0,05-24,0.051818067377264014
03-26,-1.799999713897706,-0.6599998474121112,-1.0399999618530265,1.2500000000000018,0.2399997711181623,0.5299997329711914,0.05999946594238281,1.1700000762939453,-1.8100004196166974,0.9299993515014631,0.019999504089357245,7.0,4.0,05-25,-0.10090927644209428
03-27,-1.799999713897706,-0.6599998474121112,-1.0399999618530265,1.3899993896484393,0.23000049591064453,0.4200000762939453,0.2299995422363299,1.2999992370605469,-1.8800001144409162,1.179999351501463,0.36999988555908025,7.0,4.0,05-26,-0.02363651449030096
03-28,-1.9199995994567889,-0.5599994659423846,-1.0399999618530265,1.3299999237060547,0.3199996948242205,0.43000030517578125,0.2200002670288086,1.3099994659423828,-1.7400007247924787,1.1099996566772443,-0.23999977111816406,6.0,5.0,05-27,-0.07090910998257732
03-29,-1.7500000000000009,-0.4999999999999982,-0.9200000762939444,1.4800004959106445,0.3899993896484393,0.18000030517578125,0.16000080108642578,1.2599992752075195,-1.7899999618530273,0.9500002861022958,-0.060000419616700995,6.0,5.0,05-28,-0.05454544587568779
03-30,-1.850000381469724,-0.630000114440918,-0.940000057220459,1.5900001525878906,0.30000019073486506,0.2699999809265128,0.020000457763671875,1.359999656677246,-1.5299997329711914,1.010000228881835,-0.310000419616701,6.0,5.0,05-29,-0.06454545801336108
03-31,-1.949999809265134,-0.8099994659423846,-1.049999713897705,1.890000343322754,0.30000019073486506,0.31999969482421786,0.07000064849853516,1.3199996948242188,-1.5999994277954102,0.9099998474121085,-0.11000061035156428,6.0,5.0,05-30,-0.06454532796686353
04-01,-1.949999809265134,-0.8000001907348651,-0.9899997711181641,1.5200004577636719,0.24999999999999822,0.36999988555908114,0.2700004577636701,1.369999885559082,-1.6499996185302734,0.9400005340576163,-0.370000839233402,6.0,5.0,05-31,-0.09454536437988353
04-02,-1.949999809265134,-0.6899995803833026,-1.0699996948242188,1.369999885559082,0.2000007629394549,0.309999942779541,0.21000003814697266,1.3199996948242188,-1.4299993515014666,0.9500002861022949,0.09999942779541016,7.0,4.0,06-01,-0.061818036166104325
04-03,-1.949999809265134,-0.43000030517578125,-1.0099997520446768,1.260000228881836,0.39999961853027344,0.18000030517578125,0.1400003433227539,1.1999998092651385,-1.7699995040893572,0.7900004386901864,0.27000045776367365,7.0,4.0,06-02,-0.08363619717684602
04-04,-1.949999809265134,-0.4799995422363281,-0.7799997329711896,0.8599996566772461,0.4099998474121094,0.12000036239623935,0.18000030517578125,1.1999998092651385,-1.75,0.940000057220459,0.14000034332275568,7.0,4.0,06-03,-0.10090897300026569
04-05,-1.949999809265134,-0.4799995422363281,-0.7999997138977051,1.1899995803833008,0.5000000000000018,0.24000024795532138,0.21000003814697266,1.2500000000000018,-2.059999465942383,0.9499998092651385,-0.19999980926513672,6.0,5.0,06-04,-0.10454533316872272
04-06,-2.020000457763671,-0.4099998474121094,-0.8400001525878906,0.9499998092651367,0.47000026702881037,0.2699999809265119,0.1100006103515625,1.4099998474121094,-1.449999809265135,0.9699997901916504,0.0800008773803711,7.0,4.0,06-05,-0.04181809858842305
04-07,-2.020000457763671,-0.38000011444091975,-0.8499999046325675,0.8999996185302734,0.430000305175783,-0.1500005722045925,0.2899999618530291,1.4400005340576172,-1.510000228881836,0.9999995231628418,0.21000003814697266,6.0,5.0,06-06,-0.05818193609064268
04-08,-2.020000457763671,-0.5399999618530291,-0.8299999237060538,0.35000038146972656,0.5100002288818359,-0.010000228881836826,0.6000003814697248,1.3099994659423828,-1.5700006484985334,0.869999408721922,0.1100006103515625,6.0,5.0,06-07,-0.11090915853326995
04-09,-1.820000171661376,-0.719999313354494,-0.8299999237060538,0.15000057220458984,0.3199996948242205,0.019999980926511896,0.5500001907348615,1.2799997329711896,-1.4800004959106445,0.9699997901916495,0.26999950408935547,7.0,4.0,06-08,-0.11727276715365363
04-10,-1.820000171661376,-0.5799999237060565,-0.759999752044676,-0.5,0.40999984741211115,-0.11999988555908292,0.6099996566772461,1.2299995422363281,-1.6500005722045898,0.9099998474121076,0.3000001907348633,5.0,6.0,06-09,-0.17909102006392044
04-11,-1.820000171661376,-0.9899997711181641,-0.759999752044676,-1.0399999618530273,1.0600004196166992,-0.010000228881835938,0.5600004196166974,1.2100000381469727,-1.5500001907348633,1.0800004005432147,0.39999961853027344,5.0,6.0,06-10,-0.16909083453091683
04-12,-1.820000171661376,-0.9899997711181641,-0.630000114440918,-0.1099996566772461,0.9700002670288104,0.06999969482421964,0.3600006103515607,1.2799997329711914,-1.579999923706053,1.2699995040893555,0.3899993896484375,6.0,5.0,06-11,-0.07181822169910745
04-13,-1.950000286102294,-1.090000152587887,-0.6799998283386239,0.06999969482421697,1.050000190734865,0.17000007629394354,0.4600000381469709,1.1999998092651367,-1.1999998092651385,1.0899996757507324,0.3400001525878906,7.0,4.0,06-12,-0.04909094897183521
04-14,-2.1500000953674308,-0.8599996566772443,-0.6399998664855948,0.1399993896484375,0.9900007247924822,-0.01000022888183949,0.560000419616701,1.0699996948242188,-1.2200002670288068,0.9800000190734863,0.13000011444091797,6.0,5.0,06-13,-0.0918181592767884
04-15,-2.000000000000001,-0.5399999618530273,-0.5399999618530273,-0.05000019073486328,1.0399999618530256,-0.1700000762939471,0.370000839233402,1.0799999237060547,-1.2200002670288068,0.9499993324279767,0.039999961853027344,5.0,6.0,06-14,-0.09454549442638059
04-16,-1.8000001907348642,-0.5399999618530273,-0.6399998664855948,-0.3000001907348633,1.0,-0.039999961853026456,0.15000057220459162,1.0799999237060547,-1.1999998092651367,0.8899993896484348,-0.4300003051757795,4.0,7.0,06-15,-0.16636367277665556
04-17,-1.649999618530276,-0.3299999237060547,-0.9499998092651358,0.25,0.9999999999999982,0.17999982833862394,0.0,1.1700000762939453,-1.1999998092651367,1.0199995040893537,-0.3599996566772461,5.0,6.0,06-16,-0.07909085533835712
04-18,-1.2500000000000009,-0.8500003814697266,-0.8799996376037589,-0.06999969482421875,0.8400001525878924,0.07999992370605469,0.10000038146972834,1.0900001525878906,-1.2699995040893572,0.9399995803833026,-0.12000083923339844,5.0,6.0,06-17,-0.12636362422596292
04-19,-1.2599997520446795,-0.8299999237060565,-0.9000000953674308,-0.6999998092651349,0.8700008392334002,0.07999992370605469,-0.05000019073486328,1.1900005340576172,-1.5299997329711914,0.9699997901916522,-0.13000011444091797,4.0,7.0,06-18,-0.20818168466741363
04-20,-1.2599997520446795,-1.3199996948242205,-0.4500002861022949,0.15000057220458807,0.8000001907348651,0.1599998474121085,-0.039999961853027344,1.3900003433227557,-1.119999885559082,0.8799996376037598,-0.26000022888183594,5.0,6.0,06-19,-0.09727265618064211
04-21,-1.6100001335144043,-1.2599992752075213,-0.23999977111816495,0.6000003814697248,0.7899999618530291,0.1900000572204581,0.11999988555908381,1.5900001525878906,-1.140000343322754,0.9299998283386248,-0.26000022888183594,6.0,5.0,06-20,-0.026363589546897194
04-22,-1.6100001335144043,-1.2599992752075213,-0.06999969482421964,0.10000038146972479,0.6399993896484393,0.25,0.08999919891357067,1.3299999237060547,-1.260000228881836,1.0099997520446777,-0.26999950408935725,6.0,5.0,06-21,-0.09545456279407921
04-23,-1.6100001335144043,-1.1099996566772479,-0.04999971389770508,0.2500000000000018,0.619999885559082,0.25,0.34999942779541016,1.3999996185302734,-1.2800006866455078,1.0299997329711914,-0.06000041961669922,6.0,5.0,06-22,-0.01909108595414595
04-24,-1.2599997520446795,-1.1099996566772479,-0.15000009536742986,0.3100004196166992,0.5200004577636719,0.19999980926513583,0.38000011444091975,1.2899999618530273,-1.2300004959106428,0.8199996948242188,0.01999950408935547,7.0,4.0,06-23,-0.019090912558815617
04-25,-1.2599997520446795,-1.1099996566772479,-0.15000009536742986,-0.13000011444091797,0.5500001907348633,0.19999980926513672,0.38000011444091975,1.1900005340576172,-0.38000011444091797,0.929999828338623,-0.19999980926513672,5.0,6.0,06-24,0.0018182667818936434
04-26,-1.5000000000000009,-0.8699998855590838,-0.39999961853027255,-0.14999961853027344,0.5200004577636719,0.15999984741210938,0.2700004577636701,1.1599998474121094,-0.3299999237060529,1.3299994468688956,-0.07999992370605469,5.0,6.0,06-25,0.010000098835338004
04-27,-1.4000005722045907,-1.0299997329711914,-0.3399996757507342,-0.1700000762939453,0.5200004577636719,0.10999965667724698,0.1900005340576172,0.9500007629394513,-0.18000030517577947,1.1999998092651376,-0.35999965667724787,5.0,6.0,06-26,-0.046363527124578544
04-28,-1.100000381469724,-0.9899997711181641,-0.5299997329711932,-0.9600000381469709,0.5300006866455078,0.1399998664855966,0.3899993896484393,0.9900007247924787,-0.3500003814697248,1.109999656677247,-0.5599994659423846,5.0,6.0,06-27,-0.12090904062444473
04-29,-1.100000381469724,-1.239999771118164,-0.5299997329711932,-0.8400001525878906,0.49000072479248047,0.12999963760376065,-0.3199996948242205,1.0199995040893555,-0.3500003814697248,1.1499996185302743,-0.5900001525878906,4.0,7.0,06-28,-0.19818188927390334
04-30,-1.5500001907348615,-1.140000343322754,-0.5299997329711932,-0.8299999237060547,0.5300006866455078,0.30000019073486595,-0.7300004959106445,1.0599994659423846,-0.40000057220458807,1.0999999046325692,-0.36999988555908203,4.0,7.0,06-29,-0.2327273542230773
05-01,-1.5500001907348615,-1.2000007629394531,-0.5499997138977051,-0.869999885559082,0.6700000762939471,0.3399996757507324,-0.4200000762939453,1.0199995040893555,-0.28999996185302734,1.169999599456787,-0.2999992370605451,4.0,7.0,06-30,-0.18000008843161794
05-02,-1.900000095367429,-0.75,-0.40000009536743253,-0.6400003433227521,0.630000114440918,0.1399998664855957,-0.1700000762939453,0.9399995803833008,-0.2200002670288086,1.0699996948242188,-0.38000011444091797,4.0,7.0,07-01,-0.15272743051702295
05-03,-1.950000286102294,-0.5199995040893555,-0.24000024795532138,-0.39999961853027166,0.7100000381469727,0.15999984741210938,-0.11999988555908203,1.0399999618530273,-0.33999919891357244,0.869999885559082,-0.24999999999999822,4.0,7.0,07-02,-0.09454536437988216
05-04,-1.950000286102294,-0.34999942779541016,0.23999977111816406,-0.4499998092651385,0.7200002670288086,0.15999984741210938,-0.3099994659423828,0.9899997711181641,-0.35999965667724787,0.9800000190734854,-0.24999999999999822,5.0,6.0,07-03,-0.05272717909379455
05-05,-1.5900001525878915,0.06000041961669744,0.18999958038330167,-0.4499998092651385,0.7200002670288086,0.3000001907348624,-0.3099994659423828,0.7899999618530273,-0.44999980926513494,0.9800000190734854,0.25,7.0,4.0,07-04,0.044545563784512285
05-06,-1.010000228881836,0.15999984741210938,0.17999982833862394,-0.4200000762939453,0.6499996185302717,0.2200002670288086,-0.1700000762939471,1.0199995040893572,-0.5100002288818324,1.0499997138977042,0.4800004959106463,7.0,4.0,07-05,0.14999987862326913
05-07,-1.0500001907348624,0.2200002670288086,0.23000001907348722,-0.5100002288818359,0.619999885559082,-0.1900000572204581,-0.1700000762939471,0.930000305175783,-0.4099998474121076,0.7199993133544922,0.6000003814697266,6.0,5.0,07-06,0.08999997919256077
05-08,-1.4499998092651376,0.2200002670288086,0.4100003242492676,-0.5900001525878906,0.5799999237060547,-0.269999980926511,-0.3999996185302752,0.9200000762939471,-0.36999988555908203,0.6299991607665998,0.5200004577636719,6.0,5.0,07-07,0.018181887539950283
05-09,-0.7999997138977051,0.14999961853027344,0.40000009536743164,-0.8499994277954119,0.3799991607665998,-0.1700000762939462,-0.4200000762939471,0.8500003814697266,-0.3899993896484375,0.6799993515014648,0.7100000381469744,6.0,5.0,07-08,0.049090905623002085
05-10,-0.4499998092651376,0.0,0.17999982833862305,-1.2699995040893555,0.22000026702881037,-0.26000022888183594,-0.5200004577636719,0.6000003814697266,-0.3299999237060547,0.36999988555908203,0.7100000381469744,5.0,6.0,07-09,-0.06818177483298538
05-11,-0.4499998092651376,0.0,0.010000228881835938,-1.2300004959106463,0.19000053405761896,-0.24000024795532404,-0.5900001525878906,0.6499996185302734,-0.25999927520751953,0.5699996948242188,0.7500000000000018,5.0,6.0,07-10,-0.05454544587568811
05-12,-0.6399998664855966,0.4099998474121076,0.23000001907348722,-1.2300004959106463,0.2800006866455096,-0.3400001525878915,-0.5600004196166974,0.5900001525878906,-0.19999980926513672,0.43000030517578125,0.4399995803833008,6.0,5.0,07-11,-0.053636377507990135
05-13,-0.6399998664855966,0.20000076293945312,0.23000001907348722,-1.1099996566772443,0.26000022888183594,-0.5000000000000027,-0.43999958038330256,0.75,-0.06999969482421875,0.5100002288818359,0.41999912261962713,6.0,5.0,07-12,-0.03545440327037505
05-14,-0.13000011444091797,-0.3100004196166992,0.26999998092651545,-1.0299997329711896,0.21000003814697266,-0.3000001907348633,-0.3299999237060547,0.6000003814697266,-0.28999996185302734,0.48000049591064453,0.3299999237060547,5.0,6.0,07-13,-0.045454502105712564
05-15,-0.13000011444091797,-0.5500001907348633,0.30000019073486417,-0.7699995040893537,-0.039999961853027344,-0.07000064849853693,-0.23999977111816406,0.6600008010864258,-0.15999984741211115,0.4000005722045916,0.6499996185302752,4.0,7.0,07-14,0.004545558582652941
05-16,0.36999988555908203,-0.11999988555908381,0.28999996185302823,-0.3900003433227557,-0.05000019073486328,-0.05000019073486506,-0.28999996185302734,0.48000049591064453,-0.23000049591064453,0.5799999237060547,0.43000030517578125,5.0,6.0,07-15,0.09272722764448646
05-17,0.40000009536743164,0.1300001144409162,0.26999998092651367,-0.6899995803833026,0.18000030517578125,-0.10999965667724965,-0.25,0.4100008010864258,-0.05999946594238459,0.439999580383299,0.6199998855590838,7.0,4.0,07-16,0.12181836908513768
05-18,0.49000024795532227,0.1300001144409162,0.3600001335144034,-0.48999977111816406,0.11999988555908381,-0.21000003814697354,-0.07999992370605469,0.6500005722045898,-1.029999732971195,0.2999992370605451,1.0199995040893555,7.0,4.0,07-17,0.11454547535289353
05-19,0.6300001144409171,-0.15000057220458984,0.23000001907348544,-0.28999996185302734,0.13000011444091797,-0.13000011444091708,0.09000015258789062,0.4100008010864258,-1.1099996566772479,0.2399997711181623,0.8999996185302734,7.0,4.0,07-18,0.0863636623729355
05-20,1.0999999046325675,-0.11999988555908203,0.19000005722045898,-0.31999969482421875,0.2200002670288086,-0.11999988555908114,0.2399997711181623,0.1700000762939453,-1.1099996566772479,0.22999954223632635,0.869999885559082,7.0,4.0,07-19,0.12272730740633829
05-21,1.0999999046325675,-0.13000011444091797,0.21000003814697088,-0.5100002288818359,0.19999980926513672,0.07000017166137518,0.20000076293945312,0.13000011444091797,-1.0100002288818377,0.15999984741210938,0.7100000381469744,8.0,3.0,07-20,0.10272728313099214
05-22,1.0999999046325675,-0.13000011444091797,0.1600003242492658,-0.6499996185302734,0.13000011444091797,0.03999996185302557,0.1400003433227539,0.049999237060546875,-0.8800001144409215,0.10000038146972834,0.869999885559082,8.0,3.0,07-21,0.08454548228870683
05-23,0.9499998092651349,0.2200002670288086,0.1600003242492658,-1.5399999618530291,0.2400007247924787,0.3299999237060529,0.21000003814697266,0.08999919891357422,-0.8400001525878942,0.27999973297118963,0.7500000000000018,9.0,2.0,07-22,0.07727271860295963
05-24,1.0599999427795401,0.2200002670288086,0.2699999809265128,-1.679999351501463,0.319999694824217,0.3899993896484357,0.03999996185302557,-0.039999961853027344,-0.9099998474121094,0.21000003814697266,0.690000534057619,8.0,3.0,07-23,0.05181824077259378
05-25,1.179999828338623,0.11999988555908203,0.009999752044675958,-1.939999580383299,0.5199995040893555,0.3400001525878924,0.049999237060546875,0.05000019073486506,-0.7600002288818359,0.23000049591064453,0.7600002288818377,9.0,2.0,07-24,0.05090904235839892
05-26,1.010000228881835,0.37000083923339844,-0.09999990463257014,-2.010000228881836,0.5899991989135742,0.3400001525878924,-0.23000049591064275,-0.029999732971191406,-0.7399997711181641,0.25,0.7600002288818377,6.0,5.0,07-25,0.0190909559076485
05-27,1.2400002479553214,0.15999984741211115,-0.24000024795532404,-2.1399998664855966,0.5899991989135742,0.25000047683716087,-0.1700000762939453,-0.08999919891357422,-0.7399997711181641,0.13000011444091797,1.0100002288818377,6.0,5.0,07-26,8.669766537007138e-08
05-28,1.510000228881835,-0.07999992370605469,-0.09000015258789151,-2.1399998664855966,0.5899991989135742,0.1700000762939453,-0.1700000762939453,-0.029999732971191406,-0.630000114440918,0.13000011444091797,0.7700004577636683,5.0,6.0,07-27,0.00272729180075849
05-29,1.4800004959106436,0.26000022888183594,-0.09000015258789151,-1.7699999809265146,0.5500001907348633,0.10999965667724432,-0.09000015258789062,0.18000030517578125,-0.630000114440918,0.09999942779541016,0.5900001525878906,7.0,4.0,07-28,0.06272727792913223
05-30,1.5000000000000009,0.05000019073486328,-0.010000228881836826,-1.8699998855590811,0.3400001525878906,0.07999992370605558,0.01999950408935547,0.18000030517578125,-0.8500003814697248,0.06999969482422053,0.5399999618530256,8.0,3.0,07-29,0.0045453851873227666
05-31,1.5500001907348624,0.05000019073486328,0.26999998092651545,-2.1499996185302734,0.23000049591064275,0.17999982833862305,0.01999950408935547,0.3000001907348615,-0.6300001144409197,-0.01000022888183949,0.5500001907348615,8.0,3.0,07-30,0.03272732821377752
06-01,1.5500001907348624,0.09999942779541016,0.5999999046325675,-2.169999599456787,0.2700004577636719,0.23999977111816406,-0.020000457763671875,0.0800008773803711,-0.6100006103515607,-0.029999732971191406,0.6900005340576154,7.0,4.0,07-31,0.06363643299449558
06-02,1.5500001907348624,0.22000026702881037,0.5,-2.189999580383301,0.38000011444091975,0.11999988555908203,0.030000686645507812,0.06999969482422053,-0.6999998092651367,-0.14999961853027166,1.0300006866455078,8.0,3.0,08-01,0.07818204706365468
06-03,1.630000114440917,0.10000038146972656,0.5099997520446768,-2.1499996185302743,0.40999984741211115,0.09000015258789151,0.10000038146972834,0.07000064849853516,-0.7200002670288068,-0.3299999237060547,0.75,8.0,3.0,08-02,0.04181831533258644
06-04,1.4500002861022958,-0.010000228881835938,0.5099997520446768,-2.099999427795411,0.4499998092651385,0.09000015258789151,-0.03999996185302557,0.1400003433227539,-0.6700000762939453,-0.3599996566772461,0.5100002288818342,6.0,5.0,08-03,-0.002727161754261202
06-05,1.799999713897706,-0.2200002670288086,0.4899997711181632,-1.5500001907348642,0.09000015258788885,0.169999599456788,-0.010000228881834161,0.19999980926513672,-0.6099996566772479,-0.22999954223632635,0.6299991607666016,6.0,5.0,08-04,0.06909075650301846
06-06,1.650000095367429,-0.3600006103515625,0.4899997711181632,-1.5900001525878906,0.05999946594238281,0.15000057220459162,-0.11999988555908025,0.2299995422363299,-0.6999998092651367,-0.25,0.6400003433227539,6.0,5.0,08-05,0.018181757493452754
06-07,1.650000095367429,-0.5,0.1400003433227539,-1.4400005340576163,0.050000190734861505,0.19000053405761896,-0.17999935150146484,0.2799997329711914,-0.7100000381469727,-0.34999942779541193,0.6000003814697266,6.0,5.0,08-06,-0.02454527941617131
06-08,1.650000095367429,-0.0900001525878924,0.3399996757507342,-1.3600001335144025,-0.11999988555908203,0.1700000762939453,-0.1300001144409162,0.3899993896484375,-0.8100004196166974,-0.5,0.7300004959106428,5.0,6.0,08-07,0.024545366113836196
06-09,1.650000095367429,-0.8500003814697301,0.3599996566772461,-1.4300003051757795,-0.23999977111816406,0.09000015258788974,0.06999969482421875,0.38000011444091797,-0.9099998474121094,-0.430000305175783,0.7400007247924787,6.0,5.0,08-08,-0.05181819742376235
06-10,1.4999999999999991,-0.7100000381469709,0.4400000572204581,-1.3800001144409162,-0.31999969482421875,-0.010000228881834161,0.3299999237060529,0.46000003814697266,-0.8599996566772479,-0.3499994277954084,0.7899999618530256,5.0,6.0,08-09,-0.00999992544000799
06-11,1.4999999999999991,-1.2800002098083496,0.4400000572204581,-1.4499998092651367,-0.26000022888183594,0.019999980926512784,0.3299999237060547,0.39999961853027344,-0.7799997329711914,-0.2399997711181623,1.119999885559082,6.0,5.0,08-10,-0.0181818441911178
06-12,1.4999999999999991,-1.330000400543213,0.3400001525878906,-1.260000228881836,-0.34999942779541016,-0.1099996566772461,0.48999977111816406,0.38000011444091797,-0.7799997329711914,-0.2099990844726527,0.9899997711181658,5.0,6.0,08-11,-0.030908974734219233
06-13,1.4999999999999991,-1.4000005722045907,0.4400000572204581,-1.0199999809265128,-0.25,0.1700000762939453,0.5199995040893555,0.38000011444091797,-0.8000001907348615,-0.07999992370605646,0.9000005722045898,6.0,5.0,08-12,0.03272724151611312
06-14,1.4999999999999991,-1.6100006103515634,0.3600001335144034,-0.7399997711181658,-0.26000022888183594,-0.059999942779541016,0.6700000762939471,0.28999996185302734,-0.5900001525878906,0.06000041961669744,0.8299999237060547,6.0,5.0,08-13,0.04090907356955748
06-15,1.100000381469724,-1.0900001525878915,0.25,-0.9700002670288086,-0.3400001525878906,0.0,0.5699996948242188,0.23000049591064453,-0.9200000762939453,0.020000457763671875,1.0399999618530273,6.0,5.0,08-14,-0.009999968788840878
06-16,1.1100001335144025,-0.8400006294250488,0.11999988555908203,-0.900000572204589,-0.2200002670288086,0.0,0.8599996566772479,0.1700000762939471,-0.8299999237060565,0.05000019073486506,1.0499992370605469,6.0,5.0,08-15,0.05181798067959897
06-17,1.1100001335144025,-0.49000072479248047,0.09000015258788974,-0.9800004959106445,-0.14999961853027344,-0.0799999237060538,0.8500003814697283,0.2799997329711914,-0.7899999618530291,-0.0499992370605451,1.1799993515014648,5.0,6.0,08-16,0.08818179910833185
06-18,1.1100001335144025,-0.560000419616701,0.09999990463256836,-1.4300003051757812,-0.1399993896484375,-0.15999984741211026,0.5500001907348651,0.34999942779541016,-0.9499998092651367,-0.09999942779541016,1.0799999237060547,5.0,6.0,08-17,-0.013636328957297827
06-19,1.1100001335144025,-0.6199998855590838,-0.07000017166137695,-0.9300003051757812,-0.06000041961669922,-0.13999986648559481,0.5300006866455078,0.3800001144409162,-0.8299999237060547,-0.17999935150146307,1.1700000762939453,4.0,7.0,08-18,0.032727371562610734
06-20,1.1100001335144025,-0.6199998855590838,-0.09000015258789151,-0.9600000381469718,-0.029999732971191406,-0.26000022888183594,0.3800001144409215,0.31000041961669744,-0.8099994659423828,-0.3799991607665998,1.3400001525878906,4.0,7.0,08-19,-0.0009088949723677201
06-21,1.1100001335144025,-0.6199998855590838,0.009999752044677734,-1.1100006103515625,0.09999942779541016,-0.3299999237060538,0.34999942779541193,0.42000007629394354,-0.7899999618530291,-0.11999988555908203,1.25,6.0,5.0,08-20,0.02454532276500315
06-22,1.1100001335144025,-0.6199998855590838,0.23999977111816495,-1.1600003242492676,0.1399993896484375,-0.440000057220459,0.34999942779541193,0.2799997329711914,-0.6999998092651385,-0.27000045776367365,1.3000001907348633,6.0,5.0,08-21,0.020908919247713553
06-23,1.350000381469724,-1.059999942779541,0.3899998664855966,-1.250000476837159,0.21000003814697266,-0.40000009536743164,0.16000080108642578,0.21000003814697266,-0.5399999618530273,-0.31999969482421875,1.1800003051757812,6.0,5.0,08-22,-0.006363521922718637
06-24,1.350000381469724,-1.3200001716613778,0.4699997901916513,-1.440000534057618,0.21000003814697266,-0.34999990463256925,0.8299999237060547,0.23000049591064453,-0.4600000381469709,-0.14999961853027344,1.4600000381469744,6.0,5.0,08-23,0.07545458186756472
06-25,1.3500003814697283,-1.0900001525878915,0.42999982833862394,-0.6500005722045925,0.19999980926513672,-0.6700005531311062,1.0799999237060547,0.23000049591064453,-0.36999988555908203,-0.05999946594238281,1.3299999237060547,6.0,5.0,08-24,0.16181815754283527
06-26,1.3500003814697283,-0.9200000762939453,0.42999982833862394,-0.7700004577636728,0.07999992370605469,-0.8399996757507324,1.119999885559082,0.2200002670288086,-0.36999988555908203,-0.09999942779541016,1.299999237060545,6.0,5.0,08-25,0.13636363636363635
06-27,0.9000000953674325,-0.869999885559082,0.42999982833862394,-1.049999713897706,0.13000011444091797,-0.9099998474121094,1.0600004196166974,0.18000030517577947,-0.31999969482421875,-0.029999732971191406,1.359999656677246,6.0,5.0,08-26,0.08000014045021726
06-28,0.9000000953674325,-0.8099994659423828,0.5700001716613761,-0.800000190734866,0.010000228881835938,-0.8000001907348633,0.7499999999999982,0.2200002670288086,-0.38000011444091975,0.13000011444091797,1.3999996185302734,7.0,4.0,08-27,0.10818186673251008
06-29,1.25,-1.260000228881836,0.21000003814697354,-0.8200001716613752,0.010000228881835938,-0.7899999618530273,0.4999999999999982,0.21000003814697266,-0.24000072479248225,0.1999998092651385,1.5099992752075195,7.0,4.0,08-28,0.07090893658724706
06-30,1.300000190734865,-1.239999771118164,0.09000015258789151,-0.8800001144409162,0.06000041961669922,-0.809999942779541,0.38000011444091797,0.0800008773803711,-0.22000026702881215,0.2799997329711914,1.3799991607665998,7.0,4.0,08-29,0.038181868466463875
07-01,1.4000000953674325,-1.3000001907348633,0.1700000762939462,-0.9400000572204581,0.05000019073486328,-0.7300000190734854,0.28999996185302734,0.14999961853027344,-0.2799997329711932,0.21000003814697443,1.3099994659423828,7.0,4.0,08-30,0.029999949715354548
07-02,1.5500001907348624,-1.1500005722045898,0.1700000762939462,-0.9699997901916513,0.07999992370605469,-0.6900000572204599,0.5199995040893555,0.15999984741210938,-0.25,0.14000034332275568,1.3299999237060547,7.0,4.0,08-31,0.08090903542258522
07-03,1.150000095367429,-1.3500003814697266,0.11999988555908292,-0.9400000572204581,0.07000064849853516,-0.5100002288818359,0.5299997329711914,0.09999942779541016,-0.3500003814697248,-0.02999973297118963,1.25,6.0,5.0,09-01,0.0036362734707921455
07-05,1.6900000572204563,-1.0700006484985334,0.2800002098083505,-0.9300003051757812,0.15000057220458984,-0.5399999618530273,0.43999958038330256,0.1099996566772461,-0.44999980926513494,0.07999992370605469,1.4800004959106445,7.0,4.0,09-03,0.11272725191983342
07-06,1.6900000572204563,-0.9999999999999982,0.4499998092651367,-1.1499996185302717,0.15000057220458984,-0.48000001907348633,0.46000003814697443,0.09000015258789062,-0.7700004577636701,-0.009999275207519531,1.0600004196166992,6.0,5.0,09-04,0.04454560713334557
07-07,1.3400001525878888,-1.2399997711181623,0.2799997329711914,-1.0399994850158683,0.13000011444091975,-0.3899998664855966,0.4499998092651385,0.18999958038330256,-0.8000001907348615,-0.009999275207519531,1.0600004196166992,6.0,5.0,09-05,-0.0027271617542607178
07-08,1.3400001525878888,-1.0900001525878906,0.25,-0.9099998474121076,0.15999984741211115,-0.4099998474121085,0.4700002670288086,0.0,-0.8400001525878906,-0.01999950408935547,1.0200004577636719,5.0,6.0,09-06,-0.0027271617542611215
07-09,1.3400001525878888,-0.8299999237060529,0.19999980926513672,-0.9099998474121076,0.06999969482422053,-0.7100000381469727,0.5100002288818359,-0.03999996185302557,-0.8699998855590838,0.11999988555908203,1.1599998474121094,6.0,5.0,09-07,0.0036363601684573543
07-10,1.3400001525878888,-1.0199999809265137,0.19999980926513672,-1.0300006866455096,0.21000003814697266,-0.8299994468688938,0.6700000762939435,-0.19999980926513672,-1.0000000000000018,0.039999961853027344,0.9400005340576172,6.0,5.0,09-08,-0.061818122863769934
07-11,1.3400001525878888,-0.9399995803833026,0.1599998474121085,-1.309999465942381,0.1099996566772461,-0.8399996757507324,0.6499996185302734,-0.05000019073486328,-0.7799997329711932,-0.07999992370605469,1.079999923706053,5.0,6.0,09-09,-0.05999994277954158
07-12,1.3400001525878888,-0.6999998092651385,0.34999990463256836,-1.1800003051757812,-0.1100006103515625,-0.7299995422363281,0.5599994659423828,-0.1100006103515625,-0.8900003433227539,0.11999988555908381,0.8999996185302734,5.0,6.0,09-10,-0.04090929031372086
07-13,0.8400001525878888,-1.130000114440918,0.4499998092651376,-1.0699996948242196,-0.15999984741210938,-0.6799998283386239,0.6099996566772461,-0.30000019073486506,0.019999504089357245,0.13000011444091797,1.329999923706053,6.0,5.0,09-11,0.0036363168196240636
07-14,0.8099999427795392,-0.929999828338623,0.4200000762939444,-0.9699997901916495,-0.21000003814697266,-0.6200003623962393,0.5599994659423828,-0.3300008773803711,0.019999504089357245,-0.009999275207519531,1.1400003433227504,5.0,6.0,09-12,-0.010909167203036464
07-15,0.8400001525878888,-0.9600005149841309,0.38000011444091797,-0.8399996757507324,-0.1499996185302752,-0.5199999809265154,0.05000019073486328,-0.15000057220458984,0.03999996185302912,0.0,0.7400007247924787,5.0,6.0,09-13,-0.0518181107260969
07-16,0.8400001525878888,-0.7699999809265137,0.3899998664855957,-1.0399994850158691,-0.15999984741210938,-0.5900001525878888,0.07999992370605291,-0.26000022888183594,0.0900001525878924,0.05999946594238281,0.6599998474121076,6.0,5.0,09-14,-0.06363638964566333
07-17,0.8400001525878888,-1.3999996185302725,0.42999982833862216,-1.0099997520446777,-0.020000457763671875,-0.6700000762939435,-0.1400003433227539,-0.28000068664550604,0.0900001525878924,0.06999969482421875,0.8000001907348633,5.0,6.0,09-15,-0.11727281050248548
07-18,1.1499996185302734,-0.6499996185302752,0.40999984741211026,-0.34000015258788885,-0.18000030517577947,-0.769999980926511,-0.12000083923339844,-0.2400007247924787,-0.009999275207517755,-0.09000015258789062,0.7300004959106445,3.0,8.0,09-16,-0.010000098835337439
07-19,0.9499998092651385,-0.6499996185302752,0.3800001144409171,-0.50000047683716,-0.17000007629394354,-0.6900000572204563,-0.06000041961669922,-0.1599998474121076,0.0,-0.19999980926513672,0.75,3.0,8.0,09-17,-0.031818216497247545
07-20,1.099999904632571,-1.0000000000000018,0.7800002098083505,-0.4500002861022976,-0.18000030517577947,-0.4700002670288068,-0.13000011444091797,-0.17999935150146662,-0.07999992370605469,-0.15000057220459162,0.8500003814697266,3.0,8.0,09-18,0.008181788704611958
07-21,0.9899997711181658,-0.7100000381469727,0.9399995803833017,-0.370000362396242,-0.18000030517577947,-0.5299997329711896,0.030000686645507812,-0.03999996185302912,0.1099996566772461,0.01999950408935547,0.9099998474121094,6.0,5.0,09-19,0.10636351325295212
07-22,0.8600001335144043,-0.8400001525878906,1.0799999237060556,-0.2600002288818386,-0.38000011444091797,-0.4800004959106463,0.3000001907348615,0.05999946594238281,0.13999938964843572,0.1099996566772461,0.8400001525878906,7.0,4.0,09-20,0.1299998109990894
07-23,0.5299997329711914,-0.8599996566772461,0.9299998283386239,-0.18999958038330167,-0.4499998092651367,-0.34999990463256836,0.46000003814697266,0.049999237060546875,0.13999938964843572,0.09000015258789062,0.46999931335449396,7.0,4.0,09-21,0.07454534010453658
07-24,0.5599994659423828,-0.9600000381469744,1.0700001716613778,-0.059999942779541016,-0.1099996566772461,-0.3099999427795401,0.6899995803833008,-0.010000228881835938,0.13999938964843572,0.21000003814697266,0.5399999618530273,6.0,5.0,09-22,0.1599998907609418
07-25,0.5599994659423828,-1.2199993133544922,0.9200000762939453,-0.10000038146972745,-0.029999732971193183,-0.20000028610229492,0.719999313354494,-0.06999969482421875,0.02999973297118963,0.1900005340576154,0.06999969482421875,6.0,5.0,09-23,0.0790908553383563
07-26,0.9399995803833008,-1.5599994659423828,0.6299996376037598,-0.21000003814697266,0.10000038146972834,-0.3400001525878915,0.6399993896484393,-0.2799997329711914,0.23999977111816584,0.32000064849853693,0.13000011444091797,7.0,4.0,09-24,0.055454557592219136
07-27,0.9200000762939435,-1.3499994277954102,0.6600003242492694,-0.1700000762939462,-0.010000228881834161,-0.4200000762939462,0.5299997329711932,-0.20000076293945135,0.19999980926513494,0.25,-0.07999992370605469,5.0,6.0,09-25,0.02999994971535439
07-28,0.869999885559082,-1.880000114440918,0.6900000572204581,-0.2800002098083496,-0.02999973297118963,-0.5199999809265137,0.880000114440918,-0.18999958038330256,0.0900001525878924,0.4099998474121094,-0.09000015258789062,5.0,6.0,09-26,-0.004545428536154927
07-29,0.5900001525878906,-1.8600001335144043,0.6599998474121085,-0.25,-0.06999969482421875,-0.5799999237060547,0.8799991607666016,-0.13000011444091797,0.09999942779541016,0.42999935150146484,-0.23000049591064453,5.0,6.0,09-27,-0.04181840203025133
07-30,0.7899999618530256,-1.6500000953674316,0.5999999046325675,-0.23000001907348633,-0.17999935150146662,-0.630000114440918,0.9200000762939453,-0.23000049591064453,0.1399993896484375,0.5499992370605451,0.010000228881835938,6.0,5.0,09-28,0.008181702006946345
07-31,0.4400005340576154,-1.3600001335144043,0.5900001525878906,-0.2699999809265128,-0.2200002670288086,-0.669999599456788,1.010000228881836,-0.2700004577636719,0.1599998474121076,0.7299995422363281,-0.009999275207521308,5.0,6.0,09-29,0.011818235570733714
08-01,0.6500005722045881,-1.5799999237060547,0.5900001525878906,-0.32000017166137695,-0.15999984741210938,-0.820000648498536,1.0599994659423828,-0.3400001525878906,0.1099996566772461,0.6499996185302699,0.11999988555908203,6.0,5.0,09-30,-0.0036364902149552884
08-02,0.6500005722045881,-1.369999885559082,0.7399997711181641,-0.559999942779541,-0.14000034332275035,-0.7900004386901873,1.0299997329711914,-0.39999961853027344,0.1700000762939471,0.5000000000000018,0.09999942779541016,6.0,5.0,10-01,-0.006363695318048327
08-03,0.8000001907348651,-1.2299995422363281,0.43000030517578125,-0.4699997901916495,-0.09000015258788707,-0.7200002670288113,1.1399993896484375,-0.34999942779541016,0.06000041961669922,0.6599998474121112,0.23999977111816584,6.0,5.0,10-02,0.042727340351452175
08-04,0.8000001907348651,-0.2699995040893537,0.3600001335144034,-0.4099998474121085,-0.19999980926513494,-0.7600002288818386,1.0399999618530273,-0.18000030517578125,0.13000011444091797,0.869999885559082,0.2799997329711932,6.0,5.0,10-03,0.15090912038629745
08-05,0.8000001907348651,-0.7400002479553249,0.5199999809265128,-0.440000057220459,-0.029999732971191406,-0.739999771118165,1.2699995040893555,-0.18000030517577947,0.189999580383299,0.6800003051757812,0.149999618530277,6.0,5.0,10-04,0.1345453695817428
08-06,0.8299999237060565,-0.23000001907348722,0.48000001907348455,-0.36999988555908203,0.09000015258789062,-0.5399999618530273,1.3299999237060547,-0.19999980926513672,0.23999977111816406,0.6100006103515643,0.15999984741211115,7.0,4.0,10-05,0.2181818702004175
08-07,0.779999732971195,-0.46000003814697177,0.39999961853027255,-0.4200000762939453,0.0,-0.3400001525878915,1.3999996185302734,-0.1700000762939453,0.18999958038330256,0.5299997329711896,0.19999980926513672,6.0,5.0,10-06,0.19181797721169236
08-08,1.0000000000000018,-0.40000009536743164,0.39999961853027255,-0.46000003814697354,-0.1499996185302752,-0.4099998474121085,1.140000343322754,-0.1099996566772461,0.1099996566772461,0.4700002670288086,0.19999980926513672,6.0,5.0,10-07,0.16272731260819862
08-09,1.0000000000000018,-0.34999990463256836,0.5500001907348624,-0.5799999237060547,-0.11000061035156428,-0.2199997901916504,0.9800004959106445,-0.09000015258789062,-0.13000011444091797,0.630000114440918,0.0,4.0,7.0,10-08,0.1527273004705255
08-10,1.0000000000000018,-0.2799997329711905,0.7300000190734854,-0.5,-0.3000001907348633,-0.19000005722045898,0.9500007629394531,0.1599998474121076,-0.11999988555908025,0.8000001907348615,0.1099996566772461,6.0,5.0,10-09,0.21454551003196023
08-11,1.0000000000000018,-0.0799999237060538,0.75,-0.5300002098083505,-0.1700000762939471,0.039999961853027344,0.8100004196166974,0.010000228881834161,-0.03999996185302557,0.7200002670288086,0.18000030517578125,7.0,4.0,10-10,0.24454554644497942
08-12,1.0000000000000018,-0.42999982833862216,0.8200001716613778,-0.5999999046325684,-0.0900001525878924,-0.019999980926513672,0.6599998474121094,-0.010000228881835938,0.019999504089357245,0.619999885559082,-0.029999732971191406,5.0,6.0,10-11,0.17636359821666403
08-13,1.0000000000000018,-0.5099997520446751,0.75,-0.669999599456788,-0.21000003814697443,0.13000011444091797,0.7399997711181641,0.15000057220458984,-0.07000064849853516,0.5900001525878888,-0.05999946594238459,6.0,5.0,10-12,0.16727282784201866
08-14,1.0000000000000018,-0.5099997520446751,0.7799997329711923,-0.5899996757507324,-0.4799995422363299,0.11999988555908292,0.6500005722045898,0.1700000762939453,-0.1100006103515625,0.689999580383299,0.15000057220458984,7.0,4.0,10-13,0.17000007629394556
08-15,1.0000000000000018,-0.5099997520446751,0.7699999809265137,-0.5199999809265137,-0.6600008010864276,0.21000003814697177,0.5,0.10000038146972656,0.0499992370605451,0.7699995040893537,0.11999988555908203,8.0,3.0,10-14,0.1663634993813253
08-16,1.0900001525878924,-0.45000028610229226,0.8299999237060538,-0.31999969482421875,-0.8599996566772461,0.309999942779541,0.5199995040893572,0.06999969482422053,-0.15999984741210938,0.4400005340576172,0.039999961853027344,7.0,4.0,10-15,0.13727274808016754
08-17,1.0900001525878924,-0.45000028610229226,0.6199998855590811,-0.26999998092651367,-0.7500000000000018,0.3400006294250506,0.6700000762939435,0.3299999237060547,-0.059999465942381036,0.4000005722045916,-0.039999961853027344,6.0,5.0,10-16,0.1709092313593089
08-18,1.0900001525878924,0.2599997520446795,0.880000114440918,-0.32000017166137695,-0.9199991226196271,0.41000032424926847,0.7299995422363299,0.5099992752075213,-0.10000038146972834,0.4800004959106463,0.05000019073486328,8.0,3.0,10-17,0.2790909246964897
08-19,1.0900001525878924,0.5199999809265163,0.9600000381469727,-0.25,-0.9599990844726545,0.5200004577636737,0.5399999618530273,0.45999908447265625,0.010000228881834161,0.32000064849853693,0.0,8.0,3.0,10-18,0.29181831533258684
08-20,1.5399999618530256,0.6100006103515652,1.060000419616701,-0.1599998474121085,-1.0299997329711896,0.730000019073489,0.5399999618530273,0.3599996566772461,-0.09000015258789062,0.36999988555908203,-0.2200002670288086,7.0,4.0,10-19,0.33727277408946715
08-21,1.5399999618530256,0.78999996185303,0.9800004959106463,0.030000209808350498,-1.3500003814697257,0.8700003623962402,0.5100002288818359,0.3099994659423846,-0.1700000762939471,0.19999980926513672,-0.049999237060546875,8.0,3.0,10-20,0.33272734555331185
08-22,1.5399999618530256,0.7500000000000027,1.0200004577636737,0.15000009536742986,-1.2300000190734863,1.1499996185302752,0.5799999237060565,0.3099994659423846,-0.26000022888183594,0.3000001907348633,-0.13000011444091797,8.0,3.0,10-21,0.37999994104558826
08-23,1.5399999618530256,0.5799999237060565,0.7200002670288086,0.06999969482421964,-1.2699999809265137,1.25,0.5399999618530291,0.3199996948242205,-0.4500002861022949,0.2799997329711914,-0.06000041961669922,8.0,3.0,10-22,0.3199998682195494
08-24,1.9900002479553214,0.5299997329711932,0.6800003051757804,0.1700000762939462,-1.2699999809265137,1.2799997329711914,0.5999994277954137,0.3199996948242205,-0.4099998474121076,0.25,-0.039999961853027344,8.0,3.0,10-23,0.37272722070867437
08-25,1.9900002479553214,0.5500001907348651,0.7000002861022958,0.23999977111816406,-1.119999885559082,1.1700000762939453,0.4300003051757795,0.29999923706054865,-0.36999988555908025,0.2700004577636701,-0.07999992370605469,8.0,3.0,10-24,0.370909170670943
08-26,1.999999523162841,0.5500001907348651,0.4099998474121085,0.40999984741211026,-1.119999885559082,1.1599998474121094,0.530000686645506,0.26000022888183594,-0.33999919891357067,0.2700004577636701,-0.18999958038330078,8.0,3.0,10-25,0.3581819967790084
08-27,1.849999427795411,0.75,0.46000003814697177,0.4699997901916513,-1.1700000762939453,1.1899995803833008,0.4400005340576172,0.14999961853027344,-0.379999160766598,0.1900005340576172,-0.3500003814697248,8.0,3.0,10-26,0.3272727186029613
08-28,1.619999885559082,0.7100000381469744,0.3800001144409171,0.5299997329711932,-1.0900001525878906,1.070000171661377,0.430000305175783,0.07999992370605646,-0.319999694824217,0.26000022888183416,-0.3099994659423828,8.0,3.0,10-27,0.3054546442898843
08-29,1.619999885559082,0.7100000381469744,0.3800001144409171,0.75,-1.150000572204589,1.0499997138977042,0.3400001525878906,0.06999969482422053,-0.34999942779541016,0.19999980926513672,-0.48999977111816406,8.0,3.0,10-28,0.284545421600342
08-30,1.599999427795412,0.9099998474121112,0.32000017166137695,0.7600002288818359,-1.1800003051757812,0.8699994087219212,0.3299999237060547,0.13000011444091975,0.28999996185302557,0.12999916076660156,-0.4200000762939453,9.0,2.0,10-29,0.3399998057972302
08-31,1.599999427795412,0.630000114440918,0.4700002670288086,0.5799999237060556,-1.0900001525878906,0.8899998664855948,0.42000007629394354,-0.6599998474121112,0.2399997711181605,0.18999958038330078,-0.9200000762939453,8.0,3.0,10-30,0.2136362682689315
09-01,1.0599994659423846,0.75,0.5099997520446777,0.5499997138977051,-1.1800003051757812,1.0199999809265137,0.34999942779541016,-0.5599994659423828,0.26000022888183594,0.18999958038330078,-1.1500005722045898,8.0,3.0,10-31,0.163636164231734
09-02,1.0599994659423846,0.8400001525878888,0.5299997329711914,0.9000000953674325,-1.1800003051757812,0.9600000381469727,0.12999916076660156,-0.4499998092651385,0.2899999618530291,0.3899993896484375,-0.7300004959106445,8.0,3.0,11-01,0.24909067153930672
09-03,1.099999427795412,0.7500004768371582,0.7999997138977051,0.9000000953674325,-1.1599998474121112,0.9199995994567862,-0.05000019073486328,-0.48999977111816406,0.4800004959106463,0.3899993896484375,-0.3600006103515607,7.0,4.0,11-02,0.29818170720880716
09-04,1.099999427795412,0.5300002098083496,0.7999997138977051,0.7700004577636719,-1.369999885559082,1.2199997901916504,0.21999931335449396,-0.43999958038330256,0.4800004959106463,0.39999961853027344,-0.5600004196166974,8.0,3.0,11-03,0.28636355833573823
09-05,1.050000190734865,0.6900000572204608,0.8499999046325684,0.7799997329711932,-1.2300000190734863,0.7200002670288104,0.1499996185302752,-0.43999958038330256,0.5100002288818395,0.5100002288818359,-0.3400001525878906,8.0,3.0,11-04,0.295454588803379
09-06,1.0100002288818377,0.6900000572204608,0.7200002670288068,0.6400003433227557,-1.419999599456787,0.6999998092651367,0.1499996185302752,-0.2799997329711914,0.4099998474121094,0.5500001907348615,-0.3299999237060547,8.0,3.0,11-05,0.2581819187511101
09-07,1.0100002288818377,0.6099996566772496,0.40000009536743164,0.5299997329711923,-1.3699994087219247,0.6499996185302734,0.1700000762939453,-0.3800001144409162,0.4500007629394549,0.5900001525878924,-0.039999961853027344,8.0,3.0,11-06,0.23818189447576446
09-08,1.0100002288818377,1.1300005912780762,0.31999969482421964,0.37999963760375977,-1.3099994659423828,0.6499996185302734,0.15000057220458984,-0.4099998474121076,0.3900003433227539,0.46000003814697266,-0.039999961853027344,8.0,3.0,11-07,0.24818194996226958
09-09,1.0100002288818377,-0.23000001907348633,0.34999990463257014,0.5100002288818386,-1.260000228881836,0.5999999046325692,0.2899999618530291,-0.34999942779541016,0.30000019073486506,0.5799999237060565,-0.4700002670288068,7.0,4.0,11-08,0.12090912732211155
09-10,1.2100000381469744,-0.2199997901916504,0.3899998664855966,0.41000032424926847,-1.2100000381469727,0.7200002670288086,0.35999965667724787,-0.39999961853027344,0.38000011444091797,0.719999313354494,-0.10000038146972301,7.0,4.0,11-09,0.2054545229131535
09-11,1.2200002670288104,-0.23000001907348633,0.42999982833862305,0.2800002098083514,-1.1999993324279785,0.630000114440918,0.38000011444091975,-0.26000022888183594,0.3599996566772461,0.7100000381469744,-0.25,7.0,4.0,11-10,0.1881818771362311
09-12,1.2200002670288104,-0.8499999046325684,0.4200000762939453,0.26999998092651367,-1.309999942779541,0.6799998283386222,0.18999958038330256,-0.15000057220458984,0.3099994659423828,0.8000001907348633,-0.23000049591064453,7.0,4.0,11-11,0.12272713401100876
09-13,1.0199995040893572,-0.22000026702880948,0.3299999237060547,0.2800002098083487,-1.2100000381469727,0.6900000572204581,0.4099998474121094,-0.13000011444091975,0.26000022888183594,0.8000001907348633,-0.43000030517578125,7.0,4.0,11-12,0.1636362942782313
09-14,0.7100000381469727,-0.9700002670288068,0.31999969482421964,0.1999998092651376,-1.2300000190734863,0.769999980926511,0.3900003433227539,-0.24000072479248047,0.36999988555908203,0.8000001907348651,-0.36999988555908203,7.0,4.0,11-13,0.0681817314841533
09-15,0.9099998474121076,-1.5300002098083505,0.25,0.12999963760376065,-1.25,0.6900000572204563,0.01999950408935547,-0.319999694824217,0.06999969482421697,0.7300004959106445,-0.3899993896484375,7.0,4.0,11-14,-0.06272727792913303
09-16,0.8099994659423828,-0.8899998664855966,0.13000011444091797,0.15000009536743253,-1.239999771118164,0.4700002670288068,-0.24999999999999822,-0.26999950408935547,0.13000011444091797,0.7600002288818377,-0.48999977111816406,6.0,5.0,11-15,-0.06272714788263478
09-17,0.869999885559082,-1.0500001907348624,0.06000041961669833,0.07000017166137695,-1.239999771118164,0.2999997138977051,-0.6000003814697266,-0.31999969482421875,0.25,0.5900001525878906,-0.4799995422363281,6.0,5.0,11-16,-0.1409090215509588
09-18,0.8200006484985352,-1.119999885559082,-0.07999992370605558,-0.039999961853026456,-1.450000286102295,0.3400001525878906,-0.4400005340576172,-0.34000015258788885,0.22000026702881037,0.5,-0.4400005340576172,4.0,7.0,11-17,-0.18454547361894055
09-19,0.8200006484985352,-1.380000114440918,0.07000017166137606,0.08000040054321378,-1.3600001335144034,0.3899998664855948,-0.5300006866455078,-0.3299999237060529,0.22000026702881037,0.4200000762939453,-0.05999946594238281,6.0,5.0,11-18,-0.15090899033979904
09-20,0.3600006103515625,-1.2799997329711896,0.080000400543212,0.25,-1.450000286102294,0.40000009536743075,-0.7600002288818359,-0.2700004577636701,-0.07999992370605469,0.5699996948242188,-0.05999946594238281,5.0,6.0,11-19,-0.2036362994800912
09-21,0.3600006103515625,-1.0200004577636719,-0.059999942779541904,0.19000005722045898,-1.3500003814697266,0.4100003242492649,-0.7899999618530291,-0.09999942779541371,-0.06999969482421875,0.48999977111816406,-0.05999946594238281,4.0,7.0,11-20,-0.18181805177168495
09-22,-0.01999950408935547,-0.8000001907348633,0.18999958038330167,0.1399998664855966,-1.330000400543213,0.5500001907348615,-1.0300006866455078,-0.2700004577636719,-0.12000083923340199,0.5999994277954119,-0.11999988555908203,4.0,7.0,11-21,-0.20090935446999306
09-23,0.5100002288818342,-0.75,0.18999958038330167,0.17999982833862394,-1.2199997901916504,0.6300001144409162,-1.3899993896484375,-0.18000030517578125,-0.12000083923340199,0.6599998474121094,0.09000015258789062,6.0,5.0,11-22,-0.12727277929132683
09-24,0.3099994659423828,-0.6500000953674316,0.30000019073486506,0.28999996185302734,-1.200000286102295,0.819999694824217,-1.1599998474121094,-0.18000030517578125,-0.2900009155273473,0.5,-0.050000190734861505,5.0,6.0,11-23,-0.11909112063321216
09-25,0.3099994659423828,-0.6500000953674316,0.33000040054321467,0.25999975204467773,-0.8999996185302734,0.9200000762939462,-1.1599998474121094,-0.10000038146972656,-0.30000019073486506,0.48000049591064453,-0.09000015258788885,5.0,6.0,11-24,-0.08181819048794808
09-26,0.3099994659423828,-0.7000002861022949,0.3900003433227557,0.4699997901916495,-1.130000114440918,0.9099998474121085,-1.1800003051757812,0.0,-0.3400001525878924,0.35000038146972834,-0.3299999237060547,5.0,6.0,11-25,-0.11363645033402876
09-27,-0.10000038146972656,-0.9900002479553223,0.25,0.5199999809265119,-1.1399998664855966,0.9099998474121085,-1.2700004577636719,0.039999961853027344,-0.22000026702881215,0.42999935150146484,-0.3299999237060547,5.0,6.0,11-26,-0.17272745479237014
09-28,-0.3100004196166992,-0.7700004577636719,0.5799994468688938,0.6099996566772461,-1.1399998664855966,0.9200000762939444,-1.3199996948242188,0.06999969482421875,-0.25,0.5200004577636701,-0.3299999237060547,5.0,6.0,11-27,-0.129091002724388
09-29,-0.3100004196166992,-1.2100000381469727,0.4900002479553205,0.6099996566772461,-1.1399998664855966,0.8899998664855957,-1.2899999618530273,-0.009999275207521308,-0.15999984741210938,0.5200004577636701,-0.3099994659423828,4.0,7.0,11-28,-0.17454533143477063
09-30,-0.3100004196166992,-0.9500002861022949,0.50000047683716,0.569999694824217,-1.1900000572204599,0.8199996948242196,-1.4499998092651367,-0.2299995422363299,-0.13000011444091797,0.5200004577636701,-0.4499998092651385,4.0,7.0,11-29,-0.20909088308161003
10-01,-0.6800003051757795,-0.580000400543212,0.5099997520446777,0.509999752044676,-1.080000400543212,0.8000001907348633,-1.4099998474121094,-0.11999988555908381,-0.10999965667724432,0.3100004196166992,-0.3999996185302752,4.0,7.0,11-30,-0.20454545454545456
10-02,-0.880000114440918,-0.4700002670288077,0.34999990463256836,0.5399999618530265,-0.9600005149841317,0.560000419616701,-1.359999656677246,-0.21000003814697266,-0.16999912261962535,0.5,-0.3999996185302752,4.0,7.0,12-01,-0.2272726405750619
10-03,-0.880000114440918,0.009999752044678623,0.3899998664855966,0.46000003814697354,-1.0700001716613752,0.44999980926513583,-1.3999996185302734,-0.1900005340576154,-0.2199993133544904,0.5699996948242188,-0.36999988555908203,5.0,6.0,12-02,-0.20454549789428647
10-04,-0.6400003433227575,0.23999977111816317,0.2600002288818386,0.46000003814697354,-1.1399993896484357,0.5599994659423801,-1.4699993133544922,-0.22000026702880682,0.05000019073486328,0.23999977111816406,-0.36999988555908203,6.0,5.0,12-03,-0.1845454302701083
10-05,-0.8600006103515643,0.17999982833862305,0.2899999618530291,0.3899998664855957,-1.199999809265134,0.5900001525878897,-1.2100000381469727,-0.4400005340576154,0.06000041961669744,0.17999935150146662,-0.36999988555908203,6.0,5.0,12-04,-0.21727284518155152
10-06,-0.8600006103515643,-0.3299999237060556,0.23999977111816406,0.34999990463256836,-1.2899994850158683,0.40000009536743164,-1.1700000762939453,-0.2700004577636701,0.0,0.32999992370605646,-0.1700000762939453,4.0,7.0,12-05,-0.2518182667818935
10-07,-0.5799999237060547,-0.3699998855590829,0.27000045776367365,0.17000007629394442,-1.0999999046325692,0.37000036239624023,-1.010000228881836,-0.34999942779541016,0.07999992370605291,0.38999938964844105,-0.2799997329711914,5.0,6.0,12-06,-0.21909080852161747
10-08,-0.6700000762939453,-0.12999963760376065,0.319999694824217,0.20000028610229492,-1.2300000190734854,0.25,-0.9799995422363281,-0.25,0.07999992370605291,0.46999931335449396,-0.3000001907348615,5.0,6.0,12-07,-0.20363638617775656
10-09,-0.3900003433227539,-0.2999997138977051,0.24999952316283913,0.2699999809265128,-1.1000003814697248,0.3099999427795419,-0.9399995803833008,-0.2199993133544922,0.0200004577636701,0.5699996948242205,-0.4700002670288086,5.0,6.0,12-08,-0.1818181818181819
10-10,-0.3400001525878906,-0.2999997138977051,0.319999694824217,0.3099999427795401,-0.939999580383299,0.2500004768371591,-0.9299993515014648,-0.38000011444091797,0.1100006103515625,0.619999885559082,-0.5799999237060547,5.0,6.0,12-09,-0.16909074783325195
10-11,-0.3400001525878906,-0.2999997138977051,0.2999997138977042,0.23999977111816317,-1.0299997329711923,0.09999990463256925,-0.8400001525878906,-0.39999961853027344,-0.010000228881835938,0.5900001525878906,-0.5799999237060547,4.0,7.0,12-10,-0.2063636346296832
10-12,-0.3400001525878906,-0.2999997138977051,0.27000045776367276,0.2999997138977051,-1.0399999618530273,0.1399998664855966,-0.6899995803833008,-0.5799999237060547,-0.13000011444091975,0.8199996948242188,-0.5799999237060547,4.0,7.0,12-11,-0.19363633069125089
10-13,-0.43000030517578125,-0.9099998474121112,0.15999984741210938,0.309999942779541,-1.0999999046325684,0.039999961853027344,-0.8099994659423846,-0.719999313354494,-0.2999997138977042,0.7399997711181641,-0.5,4.0,7.0,12-12,-0.319999911568382
10-14,-0.5200004577636719,-0.7699999809265163,0.3299999237060547,0.1900000572204581,-1.2099995613098127,0.009999275207517755,-0.6099996566772461,-0.619999885559082,-0.16999912261962535,0.75,-0.4200000762939453,4.0,7.0,12-13,-0.2763635895468972
10-15,-0.6900005340576172,-1.0900006294250515,0.2799997329711932,0.24000024795532138,-1.0400004386901873,-0.17999982833862482,-0.5100002288818359,-0.5899991989135742,-0.009999275207517755,0.6700000762939453,-0.15999984741210938,3.0,8.0,12-14,-0.2799999930641871
10-16,-0.43000030517578125,-1.3300004005432147,0.1999998092651385,0.17000007629394442,-0.8999996185302752,-0.26000022888183594,-0.5399999618530273,-0.5899991989135742,-0.11999988555908025,0.8299999237060547,-0.2200002670288086,3.0,8.0,12-15,-0.29000000520186
10-17,-0.43000030517578125,-1.490000247955324,0.09999942779541016,0.0,-1.1700000762939462,-0.17999982833862482,-0.7799997329711914,-0.48999977111816406,-0.01999950408935547,0.6400003433227539,-0.23999977111816406,2.0,9.0,12-16,-0.369090860540217
10-18,-0.43000030517578125,-1.6699995994567889,0.21000003814697266,-0.11999988555908203,-1.3800001144409189,-0.13000011444091975,-0.75,-0.43999958038330256,0.20000028610229492,0.4400005340576154,-0.23999977111816406,3.0,8.0,12-17,-0.39181804656982494
10-19,-0.43000030517578125,-1.6299996376037615,0.2699995040893537,-0.13000011444091886,-1.440000057220459,-0.2799997329711932,-0.8199996948242205,-0.35999965667724965,-0.019999504089357245,0.5399999618530256,-0.23999977111816406,2.0,9.0,12-18,-0.4127271825617024
10-20,-0.43000030517578125,-1.8300004005432147,0.36999988555908025,-0.03999996185302912,-1.1599998474121085,-0.38000011444091797,-0.9099998474121076,-0.46000003814697443,0.039999961853027344,0.36999988555908025,-0.3099994659423828,3.0,8.0,12-19,-0.4309091134504844
10-21,-0.4399995803833008,-1.7800006866455096,0.5699996948242152,-0.16000032424926847,-1.1599998474121085,-0.4099998474121094,-0.9200000762939435,-0.19999980926513672,-0.019999504089357245,0.4700002670288068,-0.3299999237060547,2.0,9.0,12-20,-0.39818178523670605
10-22,-0.4399995803833008,-2.1399998664855957,0.5399999618530273,-0.23000001907348633,-1.3099999427795401,-0.4699997901916513,-0.7899999618530273,-0.1900005340576154,-0.009999275207517755,0.4499998092651367,-0.1499996185302752,2.0,9.0,12-21,-0.430908983403986
10-23,-0.28999996185302557,-1.6700000762939444,0.8300004005432147,-0.40000009536743253,-1.1500000953674325,-0.5299997329711914,-0.880000114440918,-0.32999992370605646,-0.039999961853027344,0.4499998092651367,-0.21000003814697266,2.0,9.0,12-22,-0.3836363445628772
10-24,-0.28999996185302557,-1.859999656677246,0.7800002098083514,-0.5100002288818359,-1.0399999618530291,-0.619999885559082,-0.869999885559082,-0.21999931335449396,0.0,0.6099996566772461,-0.029999732971191406,2.0,9.0,12-23,-0.3681817054748535
10-25,-0.28999996185302557,-1.8199996948242205,0.9300003051757812,-0.41000032424926847,-0.9099998474121094,-0.6500000953674316,-0.8599996566772479,-0.149999618530277,-0.4799995422363281,0.75,-0.029999732971191406,2.0,9.0,12-24,-0.3563634699041199
10-26,-0.28999996185302557,-1.8199996948242205,0.9100003242492676,-0.3400001525878915,-0.9099998474121094,-0.6500000953674316,-0.7699995040893555,0.5200004577636701,-0.3899993896484357,0.6899995803833008,-0.029999732971191406,3.0,8.0,12-25,-0.2799998196688566
10-27,-0.26999950408935547,-1.75,0.6700000762939453,-0.3000001907348624,-0.880000114440918,-0.4699997901916486,-0.7299995422363281,0.42999935150146484,-0.5,0.7200002670288086,-0.09999942779541016,3.0,8.0,12-26,-0.289090806787664
10-28,-0.06999969482421697,-1.6799998283386222,0.630000114440918,-0.28999996185302646,-0.9700002670288086,-0.49000024795532227,-0.6299991607666016,0.46000003814697443,-0.570000171661377,0.7899999618530291,0.40000057220458984,4.0,7.0,12-27,-0.21999987688931488
10-29,-0.10999965667724432,-1.3000001907348633,0.6400003433227539,-0.25999975204467596,-0.880000114440918,-0.3599996566772461,-0.569999694824217,0.5,-0.5199999809265146,0.7899999618530291,0.10000038146972479,4.0,7.0,12-28,-0.17909075997092466
10-30,-0.23999977111816406,-1.2200002670288086,0.6400003433227539,-0.6100001335144034,-0.5900001525878906,-0.5299997329711914,-0.5500001907348615,0.5299997329711914,-0.5499997138977077,0.5900001525878924,0.2200002670288086,4.0,7.0,12-29,-0.20999995144930736
10-31,-0.06999969482421875,-1.380000114440917,0.6400003433227539,-0.5299997329711932,-0.7199997901916504,-0.16000032424926935,-0.6000003814697248,0.569999694824217,-0.7400002479553249,0.5399999618530273,0.18000030517578125,4.0,7.0,12-30,-0.20636363462968355
11-01,-0.06999969482421875,-1.1599998474121085,0.7600002288818377,-0.33000040054321467,-0.559999942779541,-0.12000036239624201,-0.869999885559082,0.5199995040893555,-0.8499999046325692,0.4700002670288086,0.18000030517578125,4.0,7.0,12-31,-0.18454543027010847
11-02,-0.020000457763671875,-1.3199996948242196,0.8900003433227539,-0.309999942779541,-0.559999942779541,-0.12000036239624201,-0.8000001907348633,0.5599994659423828,-0.8400006294250515,0.5200004577636701,0.18000030517578125,4.0,7.0,01-01,-0.1654546044089584
11-03,0.01999950408935547,-1.760000228881835,0.7100000381469727,-0.21000003814697266,-0.809999942779541,-0.09999990463256836,-0.7800006866455078,0.6900005340576154,-0.7699999809265137,0.4400005340576154,0.1700000762939453,5.0,6.0,01-02,-0.21818182685158494
11-04,-0.06000041961669922,-0.3299999237060556,0.880000114440918,-0.1900000572204581,-0.8600001335144034,-0.04999971389770508,-0.5600004196166992,0.7399997711181641,-0.75,0.5100002288818342,-0.11999988555908203,3.0,8.0,01-03,-0.07181822169910786
11-05,-0.26000022888183594,-0.3000001907348624,1.010000228881836,-0.03999996185302557,-0.9200000762939453,-0.29000043869018466,-0.5199995040893555,0.719999313354494,-0.8200001716613778,0.6400003433227539,-0.18999958038330256,3.0,8.0,01-04,-0.08818184245716418
11-06,-0.05000019073486328,-0.07999992370605469,0.9800000190734854,-0.1700005531311044,-1.080000400543212,-0.17000007629394442,-0.5799999237060547,0.6799993515014648,-0.730000019073489,0.5200004577636701,-0.26000022888183594,3.0,8.0,01-05,-0.08545468070290346
11-07,-0.20000076293945312,-0.07999992370605469,0.940000057220459,-0.42999982833862394,-1.0,-0.309999942779541,-0.5399999618530273,0.7299995422363281,-0.8099999427795419,0.5699996948242188,-0.26999950408935547,3.0,8.0,01-06,-0.12727277929132652
11-08,-0.38000011444091975,-0.06999969482421875,0.8800005912780771,-0.17000007629394442,-1.3000001907348633,-0.32000017166137784,-0.5600004196166992,0.5900001525878906,-0.7400002479553223,0.5899991989135742,-0.26999950408935547,3.0,8.0,01-07,-0.15909095243974172
11-09,-0.38000011444091975,0.5500001907348633,0.900000572204589,-0.21000003814697354,-1.3000001907348633,-0.4200000762939453,-0.36999988555908203,0.6000003814697266,-0.6300001144409171,0.5799999237060565,-0.26999950408935547,4.0,7.0,01-08,-0.08636353232643829
11-10,-0.17999935150146662,0.40000009536743253,0.7899999618530273,-0.25,-1.1599998474121094,-0.43000030517578125,0.07000064849853516,0.7699995040893555,-0.39999961853027166,0.5700006484985352,-0.06999969482421875,5.0,6.0,01-09,0.010000185533003454
11-11,-0.11999988555908203,-0.1600003242492658,0.7800006866455096,-0.309999942779541,-1.1399998664855957,-0.5100002288818342,0.05000019073486328,0.7399997711181641,-0.439999580383299,0.3600006103515625,-0.13000011444091797,4.0,7.0,01-10,-0.07999988035722148
11-12,-0.11999988555908203,-0.029999732971192294,0.7300004959106445,-0.23999977111816406,-1.119999885559082,-0.5899996757507315,0.28999996185302734,0.5599994659423828,-0.33999919891357067,0.430000305175783,0.1700000762939453,5.0,6.0,01-11,-0.023636167699639964
11-13,-0.07000064849853516,0.0,0.8500003814697266,-0.26000022888183594,-1.1100001335144034,-0.5599999427795401,0.18000030517578125,0.27999973297118963,-0.39999961853027166,0.40000057220458984,0.020000457763671875,5.0,6.0,01-12,-0.06090901114723883
11-14,0.07999992370605469,-0.04999971389770508,0.9200000762939462,-0.3400001525878915,-1.2100000381469709,-0.7599997520446777,0.2799997329711914,0.3299999237060529,-0.5199995040893537,0.42999935150146484,0.0,5.0,6.0,01-13,-0.07636365023526262
11-15,0.07999992370605469,0.01999998092651456,1.0199999809265137,-0.21999979019165128,-1.1300001144409189,-0.5999999046325692,0.11999988555908203,0.350000381469723,-0.27000045776367365,0.25,0.0,6.0,5.0,01-14,-0.03454546494917501
11-16,0.07999992370605469,0.2800002098083505,0.9499993324279767,-0.2200002670288077,-1.1100001335144052,-0.419999599456788,0.21000003814697266,0.19999980926513672,-0.3900003433227557,0.38000011444091797,0.0,6.0,5.0,01-15,-0.003636446866122482
11-17,0.5399999618530273,0.4400000572204599,0.9700002670288077,-0.09000015258788974,-0.9700002670288104,-0.42999982833862394,0.13000011444091797,0.3599996566772461,-0.3599996566772443,0.35999965667724787,0.0,6.0,5.0,01-16,0.0863636190241035
11-18,0.21000003814697443,0.5499997138977051,0.820000648498536,-0.19000005722045898,-1.0700001716613778,-0.4400000572204581,0.21000003814697266,0.28999996185302734,-0.2999992370605433,0.35999965667724787,0.0,6.0,5.0,01-17,0.040000048550693196
11-19,0.25,0.19999980926513672,0.5000000000000009,-0.1399998664855966,-1.0900001525878915,-0.5799994468688956,-0.010000228881835938,0.3299999237060547,-0.28999996185302557,0.25,0.0,5.0,5.0,01-18,-0.05272726579145936
11-20,0.25,0.3899998664855948,0.3899993896484375,-0.17999982833862394,-1.1500000953674325,-0.690000057220459,-0.039999961853027344,0.38000011444091797,-0.11999988555908025,0.18999958038330256,0.0,5.0,5.0,01-19,-0.052727352489124565
11-21,0.07000064849853516,0.5700001716613761,0.4499998092651385,-0.2999997138977051,-0.9400000572204581,-0.6899995803833008,0.009999275207519531,0.3000001907348633,-0.23000049591064275,0.29999923706054865,0.0,6.0,4.0,01-20,-0.041818228634920504
11-22,0.0200004577636701,0.6200003623962393,0.30000019073486683,-0.19999980926513583,-0.9000000953674325,-0.48999977111816406,0.029999732971191406,0.18000030517578125,-0.07000064849853516,0.2200002670288086,0.0,6.0,4.0,01-21,-0.02636354619806455
11-23,0.4300003051757795,0.8600001335144034,0.560000419616701,0.07000064849853604,-0.9099998474121103,-0.7999997138977051,0.039999961853027344,0.07999992370605646,-0.07999992370605291,0.2200002670288086,0.0,7.0,3.0,01-22,0.04272747039794946
11-24,0.4300003051757795,1.1700000762939462,0.5100002288818395,0.18000030517578036,-0.8099999427795419,-0.809999942779541,0.21000003814697266,0.15999984741211115,0.01999950408935547,0.1099996566772461,0.0,8.0,2.0,01-23,0.10636364329944982
11-25,0.7700004577636683,1.200000286102295,0.6199998855590838,0.19999980926513405,-0.8099999427795419,-0.8700003623962402,0.23999977111816406,0.3400001525878906,-0.039999961853027344,0.07999992370605469,0.0,7.0,3.0,01-24,0.1572727290066801
11-26,0.7700004577636683,0.9800000190734872,0.4799995422363299,0.23999977111816317,-0.7699999809265128,-0.620000362396242,0.4200000762939453,0.3599996566772461,-0.05000019073486328,0.07999992370605469,0.0,7.0,3.0,01-25,0.17181808298284332
11-27,0.7899999618530256,0.8800001144409171,0.4699993133544904,0.24999952316283913,-0.32000017166137606,-0.370000362396242,0.4700002670288086,0.4399995803833008,-0.07999992370605469,-0.029999732971191406,0.0,6.0,4.0,01-26,0.22727259722622886
11-28,0.6599998474121076,0.8800001144409171,0.46000003814697266,0.4399995803832999,-0.2800002098083496,-0.38000011444091886,0.43000030517578125,0.3299999237060547,-0.10000038146972834,0.07999992370605469,0.0,7.0,3.0,01-27,0.2290908206592901
11-29,0.6599998474121076,0.7699999809265128,0.5199995040893537,0.30999946594238015,-0.18000030517578125,-0.17999982833862394,0.38000011444091797,0.42000007629394354,-0.060000419616700995,0.1099996566772461,0.0,7.0,3.0,01-28,0.24999982660466868
11-30,0.6599998474121076,0.28999996185302646,0.5500001907348615,0.24000024795532227,-0.1900000572204581,-0.1700000762939453,0.4200000762939453,0.3600006103515625,-0.29000043869018555,-0.02999973297118963,0.0,6.0,4.0,01-29,0.16727278449318608
12-01,0.4200000762939471,0.6100001335144043,0.5700006484985352,0.2900004386901873,-0.2200002670288086,-0.27999973297118963,0.3099994659423828,0.4000005722045863,-0.3000001907348615,0.030000686645507812,0.0,7.0,3.0,01-30,0.16636380282315374
12-02,0.23999977111816406,0.5899996757507324,0.7300004959106445,0.1700000762939453,-0.15999984741211026,-0.3100004196166992,0.3400001525878906,0.3199996948242205,-0.25,0.11999988555908203,0.0,7.0,3.0,01-31,0.16272722591053365
12-03,0.31999969482421875,0.22999954223632812,0.7899999618530273,0.21000003814697266,-0.07000017166137606,-0.2600002288818368,0.21000003814697266,0.2799997329711914,-0.10000038146972479,-0.030000686645507812,0.0,6.0,4.0,02-01,0.14363613995638777
12-04,-0.06999969482421875,0.34999942779541016,0.7599992752075178,0.3899998664855966,0.07000017166137695,-0.21000003814697443,0.3199996948242205,0.3400001525878906,-0.10000038146972479,-0.0900001525878924,0.0,6.0,4.0,02-02,0.1599998474121093
12-05,0.1400003433227539,0.630000114440918,0.7100000381469744,0.19999980926513672,0.1399998664855966,-0.1700000762939453,0.3599996566772461,0.24000072479248047,0.1700000762939453,-0.2200002670288086,0.0,8.0,2.0,02-03,0.20000002600929978
12-06,0.18000030517578125,0.8000001907348624,0.620000839233402,0.18000030517578303,0.48999977111816495,-0.24000024795532227,0.31999969482421875,0.21000003814697266,0.0200004577636701,-0.3000001907348633,0.0,8.0,2.0,02-04,0.20727283304387906
12-07,0.13000011444091797,0.8000001907348624,0.6899995803833008,-0.009999752044677734,0.6499996185302752,-0.03000068664550959,0.3099994659423828,0.48999977111816406,0.039999961853027344,-0.39999961853027344,0.0,7.0,3.0,02-05,0.24272714961658817
12-08,0.13000011444091797,0.9499998092651367,0.43000030517578125,-0.03999996185302823,0.3699998855590829,0.11999988555908025,0.3399991989135742,0.21999931335449396,0.2500004768371591,-0.21000003814697266,0.0,8.0,2.0,02-06,0.23272718082774776
12-09,0.1700000762939453,0.9000000953674325,0.4800004959106463,0.03000020980834961,0.38000011444091797,0.07999992370605291,0.36999988555908203,-0.13999938964843928,0.25999975204467685,-0.09000015258789062,0.0,8.0,2.0,02-07,0.22181827371770668
12-10,0.3000001907348633,0.9000000953674325,0.3400001525878906,0.019999980926513672,0.440000057220459,0.009999752044677734,0.21000003814697266,-0.19999980926513672,0.0,-0.010000228881835938,0.0,7.0,3.0,02-08,0.18272729353471243
12-11,0.039999961853027344,0.8200001716613778,0.1700000762939453,0.1399998664855966,1.0799999237060556,0.08999967575073242,0.23000049591064453,-0.11999988555908203,-0.13000059127807884,-0.020000457763671875,0.0,7.0,3.0,02-09,0.20909083973277698
12-12,0.11999988555908381,0.8200001716613778,0.22000026702880682,0.0,1.0700001716613778,-0.17999982833862394,0.38000011444091797,-0.15000057220458984,-0.29000043869018644,0.01999950408935547,0.0,6.0,4.0,02-10,0.18272720683704724
12-13,0.11999988555908381,1.059999942779541,0.2199993133544922,0.07000017166137784,1.309999942779541,-0.24000024795532227,0.4099998474121094,-0.15000057220458984,-0.35000038146972656,-0.25,0.0,6.0,4.0,02-11,0.19999980926513697
12-14,0.11999988555908381,1.2199997901916504,0.01000022888183949,0.09999990463256836,1.4100003242492685,-0.1700000762939453,0.6499996185302734,0.17999935150146662,-0.3600001335144025,-0.5699996948242188,0.0,7.0,3.0,02-12,0.23545447262850763
12-15,0.11999988555908381,0.9600000381469735,0.029999732971191406,0.38000011444091886,1.3200001716613778,-0.2199997901916504,0.3199996948242205,0.25,-0.5099997520446786,-0.48999977111816406,0.0,7.0,3.0,02-13,0.196363665840843
12-16,-0.23999977111816406,0.8600001335144034,0.08999919891357244,0.3899998664855948,1.380000114440918,-0.07000017166137695,0.07999992370605469,0.4399995803833008,-0.4099998474121085,-0.3899993896484393,0.0,6.0,4.0,02-14,0.1936363306912505
12-17,-0.18000030517577947,0.9200000762939462,0.22999954223632812,0.2999997138977051,1.0999999046325675,-0.039999961853026456,0.11999988555908203,0.5199995040893572,-0.37999963760375977,-0.21999931335449396,0.0,6.0,4.0,02-15,0.21545449170199332
12-18,-0.3500003814697248,0.9000000953674316,0.029999732971193183,0.4200000762939444,0.8099999427795419,-0.010000228881835938,0.13000011444091797,0.4799995422363281,-0.3200001716613752,-0.3199996948242205,0.0,6.0,4.0,02-16,0.1609090024774728
12-19,-0.3500003814697248,0.9699997901916513,0.059999465942381036,0.4200000762939444,0.7800002098083505,0.059999942779541016,0.09000015258789062,0.4700002670288068,-0.33000040054321467,-0.4299993515014666,0.0,7.0,3.0,02-17,0.15818179737437815
12-20,-0.3500003814697248,0.5,-0.10000038146972656,0.5000004768371609,0.7799997329711914,0.3000001907348615,0.18000030517578125,0.6099996566772479,-0.2800002098083496,-0.6399993896484375,0.0,6.0,4.0,02-18,0.13636363636363677
12-21,-0.3500003814697248,0.6899995803833017,-0.3299999237060547,0.7999997138977024,0.8299999237060556,0.5299997329711914,0.1700000762939453,0.5600004196166992,-0.21000003814697266,-0.5300006866455078,0.0,6.0,4.0,02-19,0.19636349244551232
12-22,-0.5500001907348633,0.6299996376037598,-0.23999977111816406,0.4100003242492649,0.8199996948242188,0.559999942779541,0.07999992370605469,0.6099996566772443,-0.039999961853027344,-0.6700000762939453,0.0,6.0,4.0,02-20,0.14636356180364396
12-23,-0.5500001907348633,0.6400003433227557,-0.10999965667724432,0.309999942779541,0.7899999618530273,0.39999961853027344,0.049999237060546875,0.5900001525878906,0.059999942779541016,-0.5100002288818359,0.0,7.0,3.0,02-21,0.15181810205633023
12-24,-0.42000007629394354,0.6999998092651385,-0.189999580383299,0.2999997138977051,0.7899999618530273,0.26000022888183594,0.13000011444091797,0.3500003814697248,0.05000019073486239,-0.5799999237060565,0.0,7.0,3.0,02-22,0.12636371092362844
12-26,-0.3099994659423828,0.6999998092651385,-0.19999980926513494,0.42000007629394354,0.940000057220459,0.309999942779541,0.13000011444091797,0.40999984741211115,0.0,-0.8100004196166974,0.0,6.0,4.0,02-24,0.14454546841708146
12-27,-0.5999994277954102,0.6999998092651385,-0.5200004577636719,0.3399996757507324,0.869999885559082,0.2599997520446795,0.13000011444091797,0.38000011444091975,0.34999990463256925,-0.8500003814697266,0.0,7.0,3.0,02-25,0.0963635444641119
12-28,-0.7699995040893555,0.859999656677247,-0.14000034332275568,0.38000011444091797,0.9200000762939453,0.23000001907348633,0.18000030517578125,0.21000003814697088,0.23000001907348633,-1.0400009155273438,0.0,7.0,3.0,02-26,0.09636358781294364
12-29,-0.7699995040893555,0.8800001144409189,-0.47999954223632635,0.4099998474121094,1.0200004577636737,0.19000005722045898,0.039999961853027344,0.36999988555908025,0.27000045776367365,-1.140000343322754,0.0,7.0,3.0,02-27,0.0718183083967733
12-30,-0.5199995040893555,0.8699998855590811,-0.5,0.3100004196166992,1.2700004577636737,0.2800002098083487,-0.04000091552734375,0.4000005722045863,0.27000045776367365,-1.140000343322754,0.0,6.0,4.0,02-28,0.1090910217978736
12-31,-0.5199995040893555,0.5399999618530273,-0.439999580383299,0.29000043869018466,1.320000648498536,0.39999961853027255,-0.1700000762939453,0.28999996185302734,0.1999998092651376,-1.2100000381469727,0.0,6.0,4.0,03-01,0.06363647634332846
