,2009,2010,2011,2012,2013,2014,2015,2016,2017,2018,2019,2020,ups,downs,end_day_sum,avg
01-02,-3.4599990844726562,-3.829998016357429,10.889999389648438,17.010002136230483,16.349998474121094,18.470001220703125,2.6300048828125,-3.8199996948242188,6.9199981689453125,-2.69000244140625,7.270004272460966,-29.669998168945312,7.0,5.0,03-02,3.005834261576337
01-03,-6.730000495910641,-3.1399993896484375,10.970001220703125,17.010002136230483,14.489997863769545,25.129989624023438,14.919998168945284,3.7500076293945312,6.9199981689453125,-6.1100006103515625,6.220001220703125,-30.57000732421875,8.0,4.0,03-03,4.404999017715454
01-04,-6.45000076293945,-2.979999542236328,11.830001831054688,16.080001831054673,10.520004272460923,28.43000793457034,19.669998168945284,6.900001525878906,9.350006103515597,-8.110000610351562,5.170013427734403,-33.790000915527344,8.0,4.0,03-04,4.718336105346677
01-05,-5.640000343322749,-3.0,11.199996948242188,16.400001525878906,10.870002746582045,30.449996948242216,23.17999267578122,6.0800018310546875,5.470001220703125,-7.6199951171875,1.7299957275390625,-38.08000183105469,8.0,4.0,03-05,4.253332694371544
01-06,-6.279999732971186,-3.8899993896484375,12.039993286132812,14.389999389648423,13.10000610351564,24.80999755859375,23.54998779296872,15.099998474121094,9.1099853515625,-6.839996337890625,0.0399932861328125,-34.61000061035156,8.0,4.0,03-06,5.043330430984494
01-07,-5.659998893737791,-4.6599998474121165,12.120002746582031,11.150001525878892,12.980003356933608,23.699996948242188,25.080001831054716,11.850006103515625,11.40998840332037,-8.569992065429688,-3.57000732421875,-33.44999694824219,7.0,5.0,03-07,4.3650004863739085
01-08,-6.880000114440916,-4.270000457763672,11.419998168945312,8.259994506835923,12.699996948242188,23.5,19.029998779296875,12.960006713867159,11.339996337890653,-8.360000610351562,-3.4499969482421875,-28.580001831054688,7.0,5.0,03-08,3.9724992911020904
01-09,-6.619999885559086,-3.7399978637695384,9.58999633789064,10.329994201660142,13.91000366210936,26.800003051757812,13.649993896484375,17.129997253417955,1.6499938964844034,-7.779998779296875,-7.05999755859375,-33.6199951171875,7.0,5.0,03-09,2.8533327579498278
01-10,-5.94999885559082,-2.849998474121101,9.510002136230483,7.67999267578125,15.090003967285142,26.25,18.280014038085966,12.139999389648423,2.979995727539091,-8.529998779296875,-8.919998168945284,-44.27999114990233,7.0,5.0,03-10,1.7833352088928283
01-11,-4.19999885559082,-1.30999755859375,7.500000000000014,10.989997863769531,15.790000915527344,30.139999389648438,17.05000305175784,15.169990539550739,1.3600006103515625,-16.490005493164062,-11.8800048828125,-80.47000122070312,7.0,5.0,03-11,-1.3625013033548992
01-12,-3.559999465942383,-0.1699981689453054,5.480003356933608,11.139999389648438,15.930000305175795,23.800003051757812,18.210006713867216,15.439994812011705,5.190002441406278,-14.619995117187528,-10.449996948242216,-66.91999816894531,7.0,5.0,03-12,-0.04416481653849047
01-13,-4.020000457763675,-0.930000305175767,1.8600006103515625,10.920005798339844,15.370002746582045,21.899993896484375,15.25,14.47999572753902,2.75,-11.319992065429716,-7.8600006103515625,-76.54000091552734,7.0,5.0,03-13,-1.5116662979126012
01-14,-2.8299999237060582,-1.4399986267089915,1.6599960327148438,7.80999755859375,14.550003051757827,14.509994506835938,10.910003662109375,13.530006408691406,3.389999389648466,-12.949996948242216,-7.210006713867216,-76.54000091552734,7.0,5.0,03-14,-2.884166876475019
01-15,-1.2100000381469709,2.25,3.529998779296875,8.779998779296875,15.430000305175781,13.719985961914062,11.960006713867188,23.899993896484347,-1.710006713867159,-13.470001220703153,-7.350006103515653,-75.15999603271484,7.0,5.0,03-15,-1.6108354727427212
01-16,-0.6900005340576172,1.8400001525878906,3.339996337890639,7.25,13.290000915527344,7.3699951171875,4.6699981689453125,23.769996643066392,3.1199951171875284,-13.470001220703153,-7.860000610351591,-86.31000518798828,8.0,4.0,03-16,-3.6400020917256697
01-17,0.9800004959106445,3.490001678466797,2.1399993896484375,7.25,13.480003356933608,11.570007324218722,9.6199951171875,23.96999359130858,3.1199951171875284,-15.280014038085938,-6.9000091552734375,-78.10999298095703,9.0,3.0,03-17,-2.055835008621216
01-18,1.4200000762939489,3.0300025939941406,2.1399993896484375,6.8000030517578125,15.579994201660185,5.8400115966796875,9.139999389648438,25.859992980957017,1.1300048828124716,-17.80999755859375,-9.229995727539091,-87.6300048828125,9.0,3.0,03-18,-3.6441658337911007
01-19,1.6100006103515625,3.0300025939941406,3.8000030517577983,5.660003662109361,12.579994201660142,8.370010375976534,10.8699951171875,25.859992980957017,-0.5899963378905966,-13.830001831054688,-1.3999938964843466,-89.82000732421875,8.0,4.0,03-19,-2.8216663996378606
01-20,1.6100006103515625,3.7600021362304616,9.25,12.300003051757827,9.609992980957031,5.7400054931640625,10.8699951171875,28.43999481201172,-0.1800079345703125,-20.05999755859375,-1.7699890136718466,-90.58000564575195,8.0,4.0,03-20,-2.584167162577309
01-21,0.48000049591064275,4.9399986267089915,8.870002746582031,11.22000122070314,10.049995422363281,5.7400054931640625,5.30999755859375,30.4499969482422,1.0900115966796875,-16.44000244140625,4.4600067138671875,-90.58000564575195,10.0,2.0,03-21,-2.0341659386952693
01-22,2.5600004196166974,6.5,10.430000305175753,6.260002136230469,10.049995422363281,1.479995727539034,6.279998779296875,29.580001831054688,-0.5999908447265909,-10.930007934570312,4.4600067138671875,-87.86000442504883,9.0,3.0,03-22,-1.8158334891001455
01-23,0.7699995040893555,5.680000305175781,9.290000915527315,3.7000045776367188,12.459999084472656,4.79998779296875,10.699996948242188,34.33000183105469,-0.5699920654297159,-10.639999389648466,7.020004272460966,-80.05999374389646,9.0,3.0,03-23,-0.20999916394551832
01-24,2.729999542236328,6.870002746582031,7.489997863769517,5.55999755859375,7.959999084472642,13.360000610351562,3.9799957275390625,32.449996948242216,1.5800018310546875,-12.960006713867188,7.279998779296847,-80.27000045776367,10.0,2.0,03-24,-0.3308347066243513
01-25,2.270000457763672,6.980003356933587,9.550003051757812,2.3000030517578267,7.120002746582031,10.580001831054659,2.970001220703125,32.449996948242216,2.0599975585937784,-16.160003662109375,0.3300018310547159,-74.0999984741211,10.0,2.0,03-25,-1.1374991734822544
01-26,2.629999160766605,7.960002899169922,6.6399993896484375,1.9800033569335795,7.130004882812528,9.669998168945312,7.0200042724609375,26.659996032714872,-0.6799926757812216,-15.889999389648466,0.21998596191400566,-62.769996643066406,9.0,3.0,03-26,-0.7858328819274915
01-27,3.079998970031742,8.5,9.970001220703125,4.3300018310546875,11.080001831054702,8.639999389648438,6.9300079345703125,26.29999542236331,-0.5500030517578125,-11.42999267578125,3.360000610351534,-63.08000183105469,9.0,3.0,03-27,0.5941674709320081
01-28,2.379999160766605,8.130001068115234,8.889999389648438,7.3600006103515625,11.080001831054702,5.4199981689453125,17.5,16.760002136230455,1.599990844726591,-15.25,7.439987182617159,-68.66000366210938,10.0,2.0,03-28,0.22083139419555664
01-29,3.200000762939453,8.860000610351562,4.739997863769531,9.010002136230469,8.699996948242173,12.220001220703125,17.75,15.24000549316402,6.5699920654296875,-15.25,6.949996948242159,-66.61000061035153,10.0,2.0,03-29,0.9483327865600538
01-30,3.5199995040893537,8.579998016357422,7.609992980957031,7.720001220703125,9.860000610351562,13.050003051757812,13.080001831054688,15.170005798339872,9.520004272460938,-10.910003662109375,5.6399993896484375,-63.19000244140625,10.0,2.0,03-30,1.6375000476837183
01-31,2.389999389648441,8.889999389648438,7.649993896484389,6.059997558593764,8.709999084472656,19.529998779296847,9.3800048828125,17.54999542236328,8.090011596679716,-11.160003662109375,10.589996337890625,-66.34999847412111,10.0,2.0,03-31,1.7774995168050143
02-01,2.049999237060547,8.889999389648438,7.279998779296889,6.4499969482421875,4.3300018310546875,21.92999267578125,6.3899993896484375,18.12000274658203,7.660003662109375,-19.129989624023466,9.270004272460938,-66.08000946044925,10.0,2.0,04-01,0.5966666539510056
02-02,2.2700004577636683,7.950000762939446,7.290000915527358,2.5399932861328267,3.2400054931640625,20.5,6.3899993896484375,18.89000701904297,-0.9800109863281534,-6.9600067138671875,6.4199981689453125,-62.420005798339886,9.0,3.0,04-02,0.4274984995524041
02-03,1.9300003051757777,8.860000610351555,7.089996337890625,7.1999969482421875,3.8100051879882812,27.919998168945312,1.8899993896484375,13.090003967285156,2.389999389648409,-4.910003662109375,3.6099853515625,-64.80001068115239,10.0,2.0,04-03,0.6733309427897064
02-04,2.4000005722045863,12.200000762939446,8.059997558593764,6.360000610351577,1.2600021362304688,21.220001220703125,6.0,16.250007629394545,4.399993896484347,-2.3600006103515625,1.489990234375,-68.12999725341798,10.0,2.0,04-04,0.7624997297922759
02-05,3.070000648498535,15.530002593994126,9.660003662109375,6.190002441406264,-0.6900024414062642,18.180007934570312,8.290008544921875,20.95999145507814,6.729995727539034,-2.540008544921875,2.470001220703125,-74.42000579833986,9.0,3.0,04-05,1.119166453679399
02-06,2.020000457763672,17.130001068115227,9.029998779296875,6.190002441406264,-4.180000305175781,12.600006103515625,14.290008544921875,23.249999999999986,7.220001220703125,-4.6699981689453125,4.2700042724609375,-65.29000091552732,9.0,3.0,04-06,1.8216686248779321
02-07,0.1800003051757848,16.689998626708984,7.339996337890625,3.5800018310546875,-6.720001220703125,3.889999389648466,19.460006713867188,25.849990844726577,13.350006103515625,-6.9199981689453125,10.730010986328153,-63.140007019043,9.0,3.0,04-07,2.0241670608520543
02-08,-0.6399993896484375,15.310001373291016,8.3699951171875,2.0900039672851562,-10.3800048828125,-5.329986572265653,17.740005493164062,27.739990234375014,6.6200103759765625,3.269989013671875,14.969985961914034,-60.51000213623047,8.0,4.0,04-08,1.6041657129923468
02-09,-0.6399993896484375,13.270000457763665,8.05999755859375,-0.540000915527358,-7.1700057983398295,-1.0399932861328125,16.330001831054688,31.639991760253906,-1.149993896484375,3.0800018310546875,14.080001831054688,-61.44000244140625,6.0,6.0,04-09,1.206666628519694
02-10,0.049999237060546875,14.210002899169915,7.4199981689453125,0.43000030517578125,-5.350006103515582,1.4600067138671875,17.330001831054688,34.139991760253906,-4.6300048828125,-1.67999267578125,11.290008544921875,-61.44000244140625,8.0,4.0,04-10,1.1025002797444685
02-11,0.129999160766598,12.879997253417969,7.979995727539048,-4.3699951171875,-5.650001525878878,7.7299957275390625,23.479995727539062,31.029998779296875,-6.6999969482421875,7.290008544921875,12.840011596679688,-60.82000732421875,8.0,4.0,04-11,2.151666800181072
02-12,1.1200008392333984,13.890003204345703,3.6399993896484517,-6.729995727539048,-5.599998474121094,8.220001220703125,26.449996948242188,29.410003662109375,-7.089996337890625,10.75,9.100006103515625,-62.30000305175781,8.0,4.0,04-12,1.7383348147074404
02-13,1.6499996185302734,12.040000915527344,-1.5,-8.209999084472656,-3.8600006103515767,4.1199951171875,14.669998168945312,27.10000610351561,-7.089996337890625,9.610000610351562,4.540008544921875,-59.74999237060544,7.0,5.0,04-13,-0.5566649436950684
02-14,4.449999809265137,13.220001220703125,-1.2900009155273295,-7.150001525878906,-6.530006408691378,0.9700012207030966,14.339996337890625,31.960006713867173,-8.949996948242216,2.279998779296875,7.839996337890625,-63.74999237060547,7.0,5.0,04-14,-1.0508331457773867
02-15,4.929999351501465,13.88999938964843,-0.3600006103515767,-9.819999694824219,-11.949996948242216,1.0199890136719034,18.470001220703125,31.199996948242173,-7.7700042724609375,3.020004272460966,22.970001220703125,-57.009994506835966,7.0,5.0,04-15,0.71583294868469
02-16,5.000000953674316,13.88999938964843,-2.4599990844726562,-7.049995422363267,-22.279998779296903,5.8699951171875,22.279998779296875,31.199996948242173,-6.310012817382784,9.530014038085938,22.180007934570312,-58.18999481201175,7.0,5.0,04-16,1.1383343537648496
02-17,5.000000953674316,13.95999908447265,-2.3000030517578267,-6.979995727539077,-18.839996337890653,5.8699951171875,22.279998779296875,22.099990844726577,-9.940002441406278,12.8800048828125,25.680007934570312,-60.639999389648466,7.0,5.0,04-17,0.7558333873748685
02-18,5.510001182556154,13.130001068115234,0.80999755859375,-9.16000366210939,-20.86000061035159,5.8699951171875,22.990005493164062,28.300003051757812,-10.650009155273409,14.92999267578125,25.680007934570312,-60.639999389648466,8.0,4.0,04-18,1.325832605361935
02-19,5.709999084472656,11.25,-0.220001220703125,-6.069999694824247,-20.86000061035159,7.7100067138671875,20.06999206542966,21.140007019042983,-13.029998779296875,16.199996948242188,25.680007934570312,-66.25,7.0,5.0,04-19,0.11083412170409564
02-20,6.969999313354492,13.380001068115227,0.5999984741210938,-8.040000915527358,-16.25,10.709991455078125,19.169998168945312,22.319999694824205,-18.600006103515625,16.199996948242188,29.960006713867188,-71.41999816894531,8.0,4.0,04-20,0.4166655540466285
02-21,6.460000038146973,15.279998779296875,0.5999984741210938,-8.040000915527358,-13.169998168945312,16.229995727539034,21.010009765625,27.15999603271483,-18.600006103515625,19.720001220703125,36.850006103515625,-65.62000274658203,8.0,4.0,04-21,3.1566665172576855
02-22,7.560000419616699,15.25999832153321,0.5999984741210938,-7.979995727539077,-16.410003662109375,5.25,17.370010375976562,29.71999359130858,-13.07000732421875,18.05999755859375,32.92999267578125,-64.69000244140625,8.0,4.0,04-22,2.0499985218048073
02-23,7.439999580383301,17.0999984741211,-1.3499984741210938,-8.809997558593764,-8.379997253417969,3.3699951171875,16.729995727539062,35.159996032714844,-10.5,14.949996948242188,32.96000671386719,-62.5,7.0,5.0,04-23,3.014166275660197
02-24,6.649999618530273,16.979999542236335,1.5999984741210938,-11.259994506835923,-7.30999755859375,2.580001831054659,15.55999755859375,35.399993896484375,-10.729995727539091,17.660003662109347,32.790008544921875,-55.30999755859375,8.0,4.0,04-24,3.7175014813741
02-25,6.479999542236328,18.1300048828125,-1.9199981689453267,-8.41000366210939,-5.3699951171875,3.9200134277343466,12.579986572265625,30.140007019042983,-11.0,16.36999511718747,29.44000244140625,-49.42999267578125,7.0,5.0,04-25,3.4108349482218365
02-26,6.529999732971191,19.43999481201171,-1.9699935913085795,-7.19000244140625,-8.55999755859375,5.4900054931640625,19.1300048828125,29.77999114990233,-8.3699951171875,19.209991455078153,29.610000610351562,-44.82999420166014,7.0,5.0,04-26,4.855833768844608
02-27,7.920000076293949,18.93999481201171,-1.839996337890625,-0.29000091552734375,-10.379997253417969,2.32000732421875,21.580001831054688,32.970001220703125,-9.80999755859375,24.22999572753909,30.79998779296875,-43.36000061035156,7.0,5.0,04-27,6.089999675750735
02-28,9.800000190734867,15.399997711181648,-1.4599990844726705,1.6999969482421875,-8.319999694824247,-9.149993896484375,16.660003662109375,44.83000183105469,-9.05999755859375,28.66999816894534,27.05999755859375,-45.33000183105469,7.0,5.0,04-28,5.900000333786011
02-29,0.0,0.0,0.0,3.970001220703125,0.0,0.0,0.0,48.19000244140625,0.0,0.0,0.0,-42.459999084472656,2.0,1.0,04-29,0.8083337148030599
03-01,9.570000648498535,15.989997863769538,1.6100006103515483,3.7399978637695312,-5.56999969482419,-11.1300048828125,17.42999267578125,40.6199951171875,-16.610000610351534,31.56999206542966,20.479995727539062,-41.55999755859375,8.0,4.0,04-30,5.511664152145388
03-02,10.640000343322757,15.299999237060547,1.5299987792968608,7.239997863769531,-1.989997863769517,-6.410003662109403,20.080001831054688,37.470001220703125,-18.80999755859375,30.399993896484375,21.699996948242188,-34.519996643066406,8.0,4.0,05-01,6.885832866032916
03-03,10.360000610351566,15.139999389648438,0.10000610351563921,9.659996032714844,-0.7699966430664062,-9.220001220703182,15.330001831054688,36.720001220703125,-21.189987182617188,29.860000610351562,22.410003662109375,-30.229995727539062,8.0,4.0,05-02,6.514169057210283
03-04,9.550000190734865,16.229999542236335,2.2300033569335938,10.0,-4.029998779296875,-11.239990234375057,11.82000732421875,37.30000305175784,-21.580001831054716,27.16999816894534,13.92999267578125,-33.69999694824219,8.0,4.0,05-03,4.806668043136594
03-05,10.090001106262205,15.14999771118164,1.9199981689453267,6.4799957275390625,-6.260002136230469,-5.599990844726591,12.339996337890625,34.970001220703125,-23.569992065429716,24.639999389648438,15.6199951171875,-29.300003051757812,8.0,4.0,05-04,4.706666390101112
03-06,12.070000648498539,17.690002441406264,-3.05999755859375,9.370002746582031,-6.1399993896484375,-5.210006713867159,15.389999389648438,28.57000732421875,-23.199996948242216,26.3699951171875,19.229995727539062,-22.200004577636733,7.0,5.0,05-05,5.7399998505910235
03-07,14.629999160766602,15.589996337890625,-6.9499969482421875,7.3000030517578125,-1.340003967285142,0.1300048828125,15.1199951171875,26.729995727539062,-23.1300048828125,26.160003662109375,17.149993896484347,16.75,9.0,3.0,05-06,9.011665503184
03-08,13.35999870300293,14.319999694824219,-5.119995117187514,3.160003662109361,2.0,3.3300018310546875,9.839996337890625,31.719993591308594,-13.44000244140625,24.460006713867188,25.729995727539062,16.170005798339844,10.0,2.0,05-07,10.460833708445229
03-09,16.440000534057617,13.430000305175781,-5.040000915527358,-1.620002746582017,5.869995117187472,3.1999969482421875,6.6899871826171875,28.69000244140628,-22.1199951171875,22.660003662109375,23.84999084472659,15.520004272460938,9.0,3.0,05-08,8.964165210723879
03-10,14.690000534057617,11.88999938964843,-5.790000915527344,-1.4899978637695312,10.119995117187472,13.279998779296875,7.9199981689453125,32.33000183105469,-15.110000610351562,24.610000610351562,15.529998779296903,1.970001220703125,9.0,3.0,05-09,9.162499586741129
03-11,14.05000114440918,10.34000015258789,-5.989997863769531,-3.0800018310547017,10.400009155273466,19.6199951171875,6.7599945068359375,22.420013427734403,-11.949996948242188,26.459991455078153,21.330001831054716,11.590003967285156,9.0,3.0,05-10,10.162501176198331
03-12,11.699999809265138,5.720001220703118,-3.220001220703125,-4.7699966430664205,10.960006713867216,21.520004272460938,6.3000030517578125,24.539993286132812,-14.930007934570312,30.33000183105466,18.740005493164062,26.339996337890625,9.0,3.0,05-11,11.102500518163042
03-13,14.450000762939453,11.790000915527344,-1.9400024414062358,-5.7399978637695455,11.780006408691435,20.110000610351562,4.4199981689453125,25.910003662109375,-13.139999389648438,31.96000671386716,18.090011596679716,19.30999755859375,9.0,3.0,05-12,11.41666889190674
03-14,12.019999504089355,11.75,-3.9300003051757812,-4.2099990844726705,9.34999847412108,14.759994506835966,-4.0099945068359375,28.75,-8.039993286132812,32.4800109863281,17.029998779296875,24.720001220703118,8.0,4.0,05-13,10.889168024063109
03-15,11.49000072479248,13.400001525878906,-3.7399978637695455,-2.3199996948242045,7.820007324218722,18.779998779296847,-2.4600067138671875,28.550003051757812,-12.8699951171875,36.6199951171875,15.979995727539091,24.309997558593743,8.0,4.0,05-14,11.296666701634722
03-16,9.509999275207523,11.75,-2.5400009155273438,-8.060005187988281,10.730003356933608,19.649993896484375,-5.1100006103515625,26.660003662109375,-12.100006103515653,32.83000183105469,8.639999389648409,19.659996032714837,8.0,4.0,05-15,9.301665385564164
03-17,9.069999694824219,12.209999084472656,-6.720001220703111,-12.549995422363281,12.959999084472699,19.23999023437497,-4.6300048828125,24.779998779296875,-13.149993896484375,35.37998962402344,11.770004272460909,21.849998474121087,8.0,4.0,05-16,9.184165318806967
03-18,8.879999160766605,11.75,-6.569999694824219,-13.360000610351562,11.840003967285199,16.709991455078125,-6.3600006103515625,20.509994506835938,-10.139999389648466,36.80999755859375,12.910003662109347,22.609996795654297,8.0,4.0,05-17,8.799165566762287
03-19,8.170000076293949,9.880001068115227,-10.990005493164048,-13.64999389648439,14.81000518798831,19.339996337890597,-5.5,24.110000610351562,-9.200012207031278,39.839996337890625,13.279998779296847,21.840000152587884,8.0,4.0,05-18,9.327498912811274
03-20,7.739999771118168,8.330001831054688,-11.499999999999986,-8.689994812011719,14.37000274658206,17.760009765625,-8.889999389648438,23.44000244140625,-10.750000000000028,36.220001220703125,7.0500030517578125,21.10000228881836,8.0,4.0,05-19,8.015002409617107
03-21,7.510000228881836,7.920001983642578,-9.110000610351548,-6.129997253417969,16.75000000000003,16.430007934570284,-1.3300018310546875,21.270004272460938,-9.05999755859375,30.710006713867188,9.5,32.08999633789061,8.0,4.0,05-20,9.712501684824625
03-22,7.510000228881836,6.930000305175788,-7.970001220703111,-3.970001220703111,19.519996643066406,21.009994506835994,-6.0399932861328125,23.15000915527341,-9.089996337890625,39.9700012207031,13.710006713867159,28.360000610351562,8.0,4.0,05-21,11.090834776560465
03-23,7.319999694824222,5.739997863769538,-6.1699981689453125,-6.3899993896484375,18.02999114990233,18.919998168945312,-6.989990234375,26.580001831054688,-8.800003051757812,37.16999816894531,14.280014038085966,31.139999389648438,8.0,4.0,05-22,10.902500788370771
03-24,7.7799987792968786,5.629997253417983,-8.389999389648438,-5.160003662109375,16.84999847412108,22.889999389648494,-5.9799957275390625,23.649993896484403,-4.290008544921875,34.269989013671875,17.980010986328153,19.80999755859375,8.0,4.0,05-23,10.419998168945321
03-25,7.420000076293945,3.0400009155273366,-9.099998474121108,-4.319999694824219,21.40999603271483,23.80000305175784,-10.029998779296875,26.87998962402341,-6.839996337890653,27.1099853515625,13.220001220703153,20.12000274658203,8.0,4.0,05-24,9.392498811086016
03-26,7.609998703002933,6.6100006103515625,-10.680000305175781,-5.699996948242202,17.459999084472656,24.830001831054716,-11.989990234375,25.159988403320284,-6.659988403320341,23.92999267578125,10.079986572265625,18.090003967285156,8.0,4.0,05-25,8.228332996368405
03-27,6.60000038146973,3.660003662109375,-9.169998168945312,-7.349998474121108,17.279998779296875,19.30000305175784,-7.6100006103515625,25.50999450683591,-6.739990234375028,27.75,6.0,24.27999877929689,8.0,4.0,05-26,8.292500972747801
03-28,7.880001068115227,4.180000305175781,-8.599998474121108,-6.059997558593764,19.279998779296875,13.959991455078125,-11.6300048828125,25.019989013671847,-11.709991455078125,31.979995727539062,0.239990234375,25.93000030517578,8.0,4.0,05-27,7.539164543151851
03-29,8.800001144409173,5.5800018310546875,-11.469993591308608,-5.899993896484403,21.110000610351562,15.169998168945284,-13.300003051757812,22.639999389648438,-14.660003662109375,27.720001220703125,-6.6999969482421875,27.230003356933594,7.0,5.0,05-28,6.351667881011956
03-30,8.350000381469723,5.270000457763672,-11.509994506835966,-13.55999755859375,18.289993286132812,16.38000488281247,-14.970001220703125,22.069992065429688,-8.819992065429659,26.31999206542966,-3.9900054931640625,27.700004577636705,7.0,5.0,05-29,5.960833072662347
03-31,8.690000534057617,3.6800003051757812,-10.619995117187514,-12.889999389648438,22.330001831054688,15.82000732421875,-11.979995727539062,21.739990234375,-17.610000610351534,23.729995727539062,-3.0900115966796875,24.040000915527344,7.0,5.0,05-30,5.319999535878501
04-01,8.469999313354496,0.8499984741211009,-12.689994812011719,-9.389999389648438,21.739990234375,17.25,-15.350006103515625,22.540008544921875,-15.239990234374972,23.970001220703125,-4.4000091552734375,26.420005798339844,7.0,5.0,05-31,5.347500324249271
04-02,9.44999885559082,2.0900001525878977,-13.520004272460938,-13.75,21.16999053955078,9.830001831054688,-22.25,23.16999816894534,-20.399993896484347,29.709991455078125,-1.589996337890625,17.389999389648438,7.0,5.0,06-01,3.4416654904683486
04-03,10.270000457763672,2.299999237060554,-12.840003967285156,-13.580001831054688,23.719993591308594,17.36999511718753,-25.75,21.88000488281253,-18.61999511718747,27.159988403320312,0.529998779296875,16.919998168945312,8.0,4.0,06-02,4.113331476847338
04-04,12.260000228881829,0.34000015258789773,-13.3800048828125,-11.27999877929686,26.650001525878906,21.210006713867188,-23.80999755859375,21.03999328613284,-20.94999694824216,27.339996337890625,-3.0900115966796875,16.670005798339844,7.0,5.0,06-03,4.416666189829514
04-05,12.040000915527337,4.37999725341799,-12.75,-12.900001525878892,20.089996337890597,27.67999267578128,-20.089996337890625,18.44000244140625,-21.44000244140625,20.670013427734347,-8.719985961914062,19.920005798339844,7.0,5.0,06-04,3.943335215250651
04-06,9.649999618530266,4.819999694824233,-11.05999755859375,-19.18000030517578,19.450004577636733,32.699996948242216,-22.660003662109375,16.550003051757812,-23.470001220703125,23.779998779296875,-9.1199951171875,24.529998779296875,7.0,5.0,06-05,3.8325002988179566
04-07,10.469999313354489,6.199996948242202,-12.199996948242202,-20.660003662109375,18.620002746582045,32.92999267578128,-20.94000244140625,17.6199951171875,-24.949996948242188,21.29998779296878,-7.1100006103515625,25.459999084472656,7.0,5.0,06-06,3.894997755686448
04-08,9.799999237060543,7.3000030517578125,-13.199996948242173,-17.960006713867188,16.620002746582045,28.639999389648438,-19.529998779296875,14.979995727539062,-24.830001831054688,21.80999755859375,-10.229995727539062,20.479995727539062,7.0,5.0,06-07,2.823332786560061
04-09,8.780000686645508,2.25,-14.25,-12.950004577636719,14.800003051757798,26.139999389648438,-25.899993896484375,18.339996337890625,-21.629989624023438,21.62998962402341,-7.44000244140625,28.069999694824205,7.0,5.0,06-08,3.1533331871032666
04-10,7.530000686645511,1.4599990844726562,-14.330001831054688,-10.59000396728517,15.099998474121094,31.389999389648466,-21.010009765625,23.039993286132812,-25.379989624023438,12.659988403320284,-8.990005493164062,32.339996337890625,7.0,5.0,06-09,3.6016637484232574
04-11,7.680000305175781,3.1100006103515625,-15.3800048828125,-9.110000610351562,18.50000762939453,32.65998840332034,-23.05999755859375,24.550003051757812,-24.989990234375,9.199996948242159,-6.9199981689453125,38.22999572753906,7.0,5.0,06-10,4.539166768391927
04-12,7.840000152587891,3.7199974060058594,-10.240005493164048,-12.560005187988281,25.67999267578125,29.57000732421872,-23.229995727539062,19.69000244140625,-21.939987182617216,12.809997558593722,-23.340011596679688,29.979995727539062,7.0,5.0,06-11,3.164999008178705
04-13,8.579999923706055,2.539997100830078,-10.450004577636719,-12.400001525878892,35.38999938964844,28.300003051757784,-21.199996948242188,20.45001220703125,-18.63000488281247,4.919998168945341,-23.010009765625,24.18000030517578,7.0,5.0,06-12,3.2224993705749547
04-14,8.100000381469727,1.8699989318847727,-9.84999847412108,-14.30999755859375,32.96000671386719,32.88999938964841,-25.330001831054688,14.539993286132812,-13.559997558593778,0.4099884033203125,-21.610000610351562,25.360000610351562,7.0,5.0,06-13,2.6224993069966605
04-15,8.029998779296875,6.480003356933594,-13.610000610351562,-11.83999633789061,32.71000671386719,28.039993286132812,-29.139999389648438,15.419998168945312,-15.199996948242216,1.8199920654296875,-26.419998168945312,27.81000518798828,7.0,5.0,06-14,2.0083338419596344
04-16,8.579999923706055,9.359996795654311,-14.839996337890625,-15.650001525878906,29.270004272460938,23.47999572753909,-30.419998168945284,13.349990844726562,-14.259994506835966,1.729995727539091,-29.919998168945312,25.529998779296875,7.0,5.0,06-15,0.5174994468689024
04-17,7.2300014495849645,8.239997863769538,-13.040000915527344,-18.74000549316405,31.290008544921875,19.69000244140628,-30.339996337890625,15.709991455078125,-18.149993896484403,-0.3199920654296591,-31.67999267578125,21.600006103515625,6.0,6.0,06-16,-0.709164460500077
04-18,7.7600002288818395,9.629997253417976,-14.269996643066406,-16.770004272460938,34.599998474121094,26.959991455078097,-29.720001220703125,15.169998168945312,-15.770004272460938,-1.5899963378905966,-31.80999755859375,24.270004272460923,6.0,6.0,06-17,0.7049991289774576
04-19,7.0299987792968786,10.260002136230476,-15.089996337890625,-17.720001220703125,36.029998779296875,27.38999938964841,-27.910003662109375,10.330001831054688,-10.199996948242188,-4.0200042724609375,-34.30999755859375,25.77999877929689,6.0,6.0,06-18,0.630833307902018
04-20,6.75,8.360004425048828,-17.769996643066406,-15.1300048828125,39.610008239746094,26.479995727539034,-31.740005493164062,7.7700042724609375,-16.419998168945312,-10.75,-31.279998779296875,22.959999084472642,6.0,6.0,06-19,-0.9299993515014684
04-21,5.649999618530273,8.380004882812493,-16.139999389648423,-18.439994812011705,41.93999481201172,28.50999450683591,-28.100006103515625,2.0099945068359375,-15.840011596679688,-12.75,-26.100006103515625,20.769996643066392,6.0,6.0,06-20,-0.8425027529398618
04-22,5.770000457763672,6.719993591308594,-15.97000122070314,-15.169998168945298,40.349998474121094,30.38999938964841,-27.459991455078125,1.279998779296875,-16.930007934570312,-17.21000671386716,-27.449996948242188,13.579994201660142,6.0,6.0,06-21,-1.8416681289672863
04-23,5.059999465942383,5.5600051879882955,-15.880004882812514,-19.489997863769517,39.279998779296875,31.17999267578125,-31.720001220703125,0.4499969482421875,-17.839996337890625,-14.110000610351506,-27.279998779296875,15.230003356933594,6.0,6.0,06-22,-2.463333606719965
04-24,3.4499988555908168,4.940002441406264,-13.300003051757827,-20.709999084472656,37.339996337890625,32.649993896484375,-31.470001220703125,3.529998779296875,-20.69000244140625,-12.81999206542963,-23.92999267578125,16.1300048828125,6.0,6.0,06-23,-2.0733329455057734
04-25,1.1999988555908168,0.8800048828125,-14.010002136230483,-27.610000610351562,28.799995422363295,40.27000427246094,-29.550003051757812,5.25,-23.32000732421875,-15.659988403320312,-13.669998168945312,13.239997863769531,6.0,6.0,06-24,-2.848333199818929
04-26,1.1599998474121058,1.1000061035156392,-14.139999389648438,-34.80000305175781,26.489997863769517,41.41000366210932,-28.910003662109375,-6.6100006103515625,-21.8800048828125,-22.709991455078097,-9.729995727539062,14.90000152587892,5.0,7.0,06-25,-4.476665814717612
04-27,1.360000610351559,4.640003204345703,-14.519996643066392,-32.51000213623047,24.23000335693358,30.289993286132812,-29.449996948242188,-9.970001220703125,-17.610000610351562,-13.639999389648409,-14.470001220703125,10.300003051757812,5.0,7.0,06-26,-5.112499554951984
04-28,1.5900001525878906,4.0500030517578125,-14.28000640869142,-37.040000915527344,26.999992370605455,41.71000671386716,-30.219985961914062,-4.4000091552734375,-17.060012817382812,-19.279998779296903,-17.55999755859375,9.400001525878906,5.0,7.0,06-27,-4.674167315165209
04-29,0.5200004577636683,1.0500030517577983,-17.790000915527344,-35.12999725341797,26.15999603271483,36.99000549316406,-32.8699951171875,-13.180007934570312,-17.219985961914062,-15.270004272460938,-14.509994506835938,2.3600006103515625,5.0,7.0,06-28,-6.5741650263468445
04-30,1.6299991607666016,1.1100006103515625,-16.129997253417983,-33.58000183105469,24.93999481201172,39.80000305175784,-30.539993286132812,-19.0,-18.159988403320312,-8.75,-15.220001220703125,8.389999389648452,5.0,7.0,06-29,-5.459165414174396
05-01,0.6800003051757741,-2.3000030517578267,-14.059997558593764,-33.920005798339844,28.199996948242188,35.050003051757784,-31.55999755859375,-15.899993896484375,-16.769989013671875,-6.059997558593778,-6.739990234375,11.19000244140625,4.0,8.0,06-30,-4.349164326985685
05-02,-1.129999160766598,-5.710002899169936,-12.32999420166017,-30.400001525878906,20.400009155273423,30.159988403320312,-30.949996948242188,-13.979995727539062,-14.779998779296875,-3.529998779296875,-2.660003662109375,11.380004882812486,3.0,9.0,07-01,-4.460832436879481
05-03,-1.2299995422363281,-6.780002593994155,-7.349998474121094,-27.550003051757812,15.110000610351562,31.55999755859372,-29.639999389648466,-7.5800018310546875,-15.149993896484375,-3.289993286132841,-2.2299957275390625,14.639999389648452,3.0,9.0,07-02,-3.290832519531257
05-04,-1.2299995422363281,-4.679996490478516,-3.4599990844726562,-18.720001220703125,15.190002441406278,30.5,-29.639999389648466,-5.739990234375,-7.160003662109375,-4.949996948242159,-5.0099945068359375,14.639999389648452,3.0,9.0,07-03,-1.6883316040039027
05-05,0.04000091552734375,-3.4099998474121094,0.160003662109375,-17.26000213623047,15.190002441406278,30.5,-24.36000061035159,-10.19000244140625,-11.139999389648438,-6.559997558593722,-5.0099945068359375,15.219993591308608,5.0,7.0,07-04,-1.4016663233439093
05-06,-3.0400009155273438,-1.9799995422363281,0.48999786376953125,-18.75,16.36000061035159,30.6300048828125,-21.209991455078153,-8.25,-12.8800048828125,-10.589996337890625,-11.789993286132812,15.869995117187514,4.0,8.0,07-05,-2.0949989954630523
05-07,-2.25,0.4199981689453125,-3.8199996948242188,-14.419998168945327,12.110000610351591,20.550003051757812,-23.340011596679688,-8.819992065429688,-9.69000244140625,-9.610000610351562,-3.470001220703125,8.480003356933594,4.0,8.0,07-06,-2.8216667175292955
05-08,-5.920000076293949,-6.630001068115234,-2.9300003051757955,-12.829994201660156,11.829986572265597,21.550003051757812,-20.88000488281253,-8.469985961914062,-13.050003051757812,-11.459991455078153,-9.270004272460938,6.810005187988267,3.0,9.0,07-07,-4.270832538604746
05-09,-4.449998855590824,-6.930000305175781,-2.6399993896484375,-11.139999389648438,11.779998779296875,23.94999694824216,-19.930007934570284,-8.379989624023438,-10.069992065429688,-15.330001831054659,-7.8499908447265625,14.279998779296875,3.0,9.0,07-08,-3.0591654777526833
05-10,-4.770000457763672,-4.680000305175781,-3.9199981689453267,-16.19000244140625,15.419998168945312,18.779998779296903,-16.95001220703128,-9.75,-11.860000610351562,-19.860000610351562,-5.1299896240234375,11.629997253417969,3.0,9.0,07-09,-3.940000851949057
05-11,-5.35999870300293,-4.6399993896484375,-1.9300003051757812,-15.789993286132827,12.8800048828125,19.65998840332037,-18.150009155273438,-12.589996337890625,-14.269989013671875,-17.149993896484403,-1.4199981689453125,12.149993896484375,3.0,9.0,07-10,-3.884165922800699
05-12,-4.829999923706055,-6.290000915527344,-0.45999908447264204,-12.77999877929689,15.770004272460938,21.689987182617216,-19.699996948242188,-17.800003051757812,-15.610000610351562,-12.379989624023409,-3.8600006103515625,12.55999755859375,3.0,9.0,07-11,-3.64083337783813
05-13,-2.8499984741210973,-4.459999084472656,-1.0100021362304688,-15.95999908447267,14.360000610351562,20.819992065429688,-17.050003051757812,-9.8699951171875,-15.3800048828125,-11.79998779296875,-0.6199951171875,17.209999084472656,3.0,9.0,07-12,-2.217499415079754
05-14,-2.55999946594239,-2.0400009155273366,-2.3799972534179688,-13.680000305175795,12.130004882812472,21.22999572753909,-14.580001831054688,-13.19000244140625,-13.470001220703125,-19.029998779296875,-3.75,9.270004272460938,3.0,9.0,07-13,-3.5041664441426605
05-15,-1.30999946594239,-0.24000167846680398,-2.5799942016601562,-12.869995117187514,13.249999999999972,21.839996337890625,-20.209991455078097,-9.69000244140625,-13.740005493164062,-20.460006713867188,-4.8899993896484375,9.580001831054673,3.0,9.0,07-14,-3.4433331489563024
05-16,-2.639999389648441,1.3400001525878906,-2.3199996948242188,-12.580001831054688,14.869995117187472,19.899993896484403,-21.129989624023466,-12.029998779296875,-14.67999267578125,-23.490005493164062,-10.229995727539062,-2.3799972534179545,3.0,9.0,07-15,-5.44749927520752
05-17,-2.0499992370605504,1.1199989318847656,-1.8100051879882812,-12.840003967285156,11.17999267578125,21.800003051757784,-20.659988403320312,-11.360000610351562,-13.1300048828125,-29.94999694824213,-9.980010986328125,2.2800064086914205,4.0,8.0,07-16,-5.45000076293945
05-18,-1.3099994659423864,1.529998779296875,-4.200004577636719,-10.30999755859375,12.360000610351562,17.050003051757784,-25.099990844726534,-9.19000244140625,-12.100006103515625,-25.089996337890625,-13.520004272460966,3.2099990844726705,4.0,8.0,07-17,-5.555833339691163
05-19,-1.3099994659423864,2.5200004577636648,-4.870002746582031,-14.969993591308594,12.44000244140625,22.83000183105466,-20.38999938964841,-7.339996337890625,-15.67999267578125,-26.839996337890625,-14.150009155273409,6.939994812011719,4.0,8.0,07-18,-5.06833251317342
05-20,-1.1199989318847727,5.049999237060554,4.089996337890639,-11.479995727539062,13.260009765625,24.91999816894534,-19.44000244140622,-7.6399993896484375,-10.729995727539062,-27.199996948242188,-17.870010375976562,4.159996032714844,5.0,7.0,07-19,-3.6666666666666607
05-21,0.7899990081787109,-0.6000022888183594,4.1399993896484375,-9.939994812011719,14.44000244140625,20.94999694824216,-25.92999267578122,-5.769989013671875,-12.05999755859375,-27.599990844726534,-21.57000732421875,3.8899993896484375,5.0,7.0,07-20,-4.938331445058185
05-22,1.010000228881836,1.1899986267089844,8.19000244140625,-10.779998779296875,9.8800048828125,19.770004272460966,-26.509994506835938,-7.720001220703125,-9.6199951171875,-20.43998718261716,-16.80999755859375,4.099998474121094,6.0,6.0,07-21,-3.978330453236893
05-23,0.7600002288818395,2.4499969482421946,7.799995422363281,-9.400001525878892,12.209991455078125,20.790008544921875,-28.639999389648423,-8.739990234375,-9.800003051757812,-17.25999450683591,-9.479995727539062,3.19000244140625,6.0,6.0,07-22,-3.009999116261794
05-24,1.1299991607666051,1.55999755859375,6.2899932861328125,-4.540000915527358,16.639999389648438,24.139999389648466,-29.6199951171875,-9.089996337890625,-9.720001220703125,-10.259994506835909,-8.929992675781222,9.0,6.0,6.0,07-23,-1.116665999094639
05-25,1.139999389648441,1.0400009155273438,5.719993591308608,-6.459999084472656,10.6199951171875,25.649993896484403,-28.199996948242188,-8.599990844726562,-5.339996337890625,-9.69000244140625,-9.669998168945312,8.790000915527358,6.0,6.0,07-24,-1.249999999999995
05-26,1.139999389648441,-0.3600006103515625,7.269996643066392,-14.0,9.860000610351562,28.22999572753909,-28.199996948242188,-10.050003051757812,-10.029998779296875,-9.570007324218778,-7.92999267578125,8.790000915527358,5.0,7.0,07-25,-2.0708338419596353
05-27,1.5900001525878906,-3.9000015258789062,8.389999389648438,-15.75,7.7599945068359375,28.22999572753909,-26.529998779296875,-8.210006713867188,-4.9799957275390625,-3.7100067138671875,-8.259994506835938,8.319999694824247,5.0,7.0,07-26,-1.4208345413207961
05-28,1.1400012969970703,-4.8600006103515625,6.5800018310546875,-14.919998168945312,7.7599945068359375,28.789993286132812,-22.910003662109375,-11.490005493164062,-2.4799957275390625,-2.2300109863280966,-8.259994506835938,8.120002746582031,5.0,7.0,07-27,-1.2300012906392392
05-29,0.4899997711181605,-1.5500030517578196,5.7399978637695455,-14.919998168945312,8.350006103515625,22.13000488281247,-24.319999694824205,-11.220001220703125,-2.4799957275390625,-2.2300109863280966,-6.9499969482421875,8.080001831054688,5.0,7.0,07-28,-1.5733329455057765
05-30,-1.0200004577636648,-2.680000305175774,3.0400009155273438,-10.55999755859375,10.289993286132812,21.220001220703125,-28.360000610351562,-9.69000244140625,-2.4799957275390625,-7.970001220703097,-8.519989013671875,5.609992980957031,4.0,8.0,07-29,-2.593333244323727
05-31,-1.94000053405761,-2.430000305175774,3.0400009155273438,-7.1800003051757955,16.100006103515653,18.220001220703125,-22.97000122070314,-9.69000244140625,-4.2599945068359375,-4.650009155273409,-6.280014038085966,3.6399993896484233,4.0,8.0,07-30,-1.5333345731099446
06-01,-2.75,-2.430000305175774,3.5800018310546875,4.05999755859375,14.05999755859375,19.680007934570312,-19.21000671386716,-8.849990844726562,-3.07000732421875,-5.889999389648466,-9.050003051757784,5.629997253417969,5.0,7.0,07-31,-0.35333379109700225
06-02,-2.530000686645508,-6.4699974060058665,1.6499938964844034,3.559997558593736,12.5,17.839996337890625,-22.930007934570284,-1.8600006103515625,-3.470001220703125,0.6200103759765057,-4.720001220703125,2.3799972534179688,6.0,6.0,08-01,-0.28583447138468604
06-03,-0.1399993896484375,-9.11000061035157,1.8099975585937358,1.80999755859375,13.92999267578125,12.819992065429688,-20.360000610351534,2.82000732421875,-2.4099884033203125,-1.3799896240234943,-4.570007324218778,-2.2299957275390625,5.0,7.0,08-02,-0.5841662089030013
06-04,0.049999237060546875,-5.320003509521484,4.9199981689453125,7.040000915527344,14.759994506835938,12.589996337890625,-18.75000000000003,-3.660003662109375,-2.239990234375,-2.9899902343750284,-6.580001831054716,-7.7000045776367045,5.0,7.0,08-03,-0.6566670735677143
06-05,0.9499988555908203,-1.3999977111816477,0.9099960327148438,4.340003967285156,16.759994506835938,6.450012207031222,-24.73999786376953,-1.30999755859375,-19.830001831054688,-3.5,-3.460006713867216,-13.970001220703125,5.0,7.0,08-04,-3.2333331108093315
06-06,2.4200000762939453,-0.8299980163574148,-0.4900054931640625,-0.6699981689453125,32.12998962402344,-2.4699859619140625,-25.529998779296875,2.220001220703125,-23.030014038085938,-3.319992065429659,-16.440002441406236,-18.94000244140625,3.0,9.0,08-05,-4.579167207082109
06-07,2.7800006866455114,-0.7900009155273438,-0.410003662109375,-3.2699966430664062,36.920013427734375,1.94000244140625,-24.110000610351562,-2.4799957275390625,-19.280014038085938,-6.839996337890625,-17.709999084472656,-17.26000213623047,3.0,9.0,08-06,-4.209166049957275
06-08,2.1299991607666016,-2.44000244140625,0.6399993896484375,3.1399993896484375,34.52000427246094,-10.490005493164091,-23.340003967285156,-3.9900054931640625,-28.30999755859375,-9.1300048828125,-22.889999389648438,-14.129997253417969,4.0,8.0,08-07,-6.190834522247317
06-09,1.9699993133544922,-3.049999237060547,-7.3000030517578125,6.580001831054702,31.110000610351562,-14.110000610351534,-23.170005798339844,-1.3000030517578125,-34.11000061035156,-5.429992675781222,-24.49999237060547,-5.879997253417969,3.0,9.0,08-08,-6.599166075388585
06-10,1.2299995422363281,-7.480003356933594,-7.849998474121094,8.279998779296875,30.110000610351562,-12.839996337890597,-25.20000457763672,8.539993286132812,-38.16999816894531,-4.9699859619140625,-22.599998474121108,-0.0800018310546875,4.0,8.0,08-09,-5.919166247049966
06-11,-0.28999900817871094,-9.750000000000014,-13.080001831054688,9.139999389648438,32.53999328613281,-17.42999267578122,-21.539993286132812,9.970001220703125,-32.42999267578125,-3.5099945068359375,-24.000007629394545,5.720001220703125,4.0,8.0,08-10,-5.38833220799764
06-12,0.629999160766598,-9.139999389648438,-7.5200042724609375,6.669998168945298,32.78999328613281,-17.289993286132812,-23.10999298095703,10.620010375976562,-30.259994506835966,-4.9199981689453125,-19.190010070800795,6.049995422363281,5.0,7.0,08-11,-4.555833021799728
06-13,2.590000152587887,-9.95000076293946,-10.240005493164062,10.480003356933594,29.400009155273438,-16.839996337890597,-20.32000732421875,11.090011596679688,-31.199996948242216,-4.830001831054716,-16.470001220703125,13.439994812011719,5.0,7.0,08-12,-3.570832570393884
06-14,1.4699993133544886,-12.0,-12.040000915527344,11.700004577636733,29.0,-18.540008544921875,-19.57000732421875,8.730010986328125,-27.30999755859378,-5.800003051757784,-15.410003662109375,11.009994506835966,5.0,7.0,08-13,-4.063334306081132
06-15,1.3199996948242188,-13.389999389648438,-10.810005187988281,8.44000244140625,21.8699951171875,-22.800003051757812,-17.07000732421878,9.270004272460938,-22.760009765625,1.94000244140625,-17.860000610351562,14.949996948242202,6.0,6.0,08-14,-3.908335367838543
06-16,2.0500011444091797,-14.020004272460938,-7.400001525878906,10.20999908447267,21.739990234375,-22.490005493164062,-18.88000488281253,21.55999755859375,-24.769989013671875,-1.4800109863280966,-16.25,13.440002441406236,5.0,7.0,08-15,-3.0241688092549643
06-17,2.3299999237060582,-15.049995422363274,-6.849998474121094,10.129997253417969,17.639999389648438,-21.580001831054688,-15.050003051757841,22.090011596679688,-25.949996948242188,-1.2600097656249716,-21.889999389648438,16.260002136230483,5.0,7.0,08-16,-3.2649995485941545
06-18,2.9700012207031286,-15.280002593994134,-3.8299942016601562,11.699996948242188,15.310012817382812,-23.610000610351562,-16.430000305175767,25.199996948242188,-25.089996337890597,-10.910003662109347,-27.069992065429688,15.400001525878892,5.0,7.0,08-17,-4.3033316930135035
06-19,2.710000991821289,-15.189998626708984,-5.349998474121094,8.430000305175781,16.900009155273438,-29.899993896484375,-15.050003051757812,24.82000732421875,-27.159988403320312,-6.4499969482421875,-25.720001220703125,17.150001525878906,5.0,7.0,08-18,-4.5674967765808105
06-20,4.0,-13.020000457763672,-5.549995422363281,12.75,22.860000610351562,-29.290008544921847,-14.730003356933608,26.350006103515625,-26.25,-9.550003051757841,-31.329994201660142,13.510002136230469,5.0,7.0,08-19,-4.1874996821085615
06-21,5.070001602172855,-12.449996948242188,-8.129997253417969,19.230003356933594,25.67999267578125,-28.730010986328097,-12.820007324218778,23.270004272460938,-23.399993896484375,-4.9300079345703125,-30.600006103515625,12.599998474121108,5.0,7.0,08-20,-2.9341683387756334
06-22,5.5,-8.389999389648423,-7.4199981689453125,17.300003051757812,21.1199951171875,-29.600006103515597,-16.84999847412108,21.550003051757812,-23.479995727539062,-12.449996948242216,-23.05999755859375,9.669998168945312,5.0,7.0,08-21,-3.8424994150797502
06-23,5.539999008178711,-8.610000610351562,-12.089996337890625,19.52999877929689,22.399993896484375,-28.300003051757784,-17.489997863769517,23.32000732421875,-23.979995727539034,-9.760009765624972,-24.68000030517578,8.009994506835923,5.0,7.0,08-22,-3.842500845591219
06-24,5.339998245239258,-6.970001220703111,-12.529998779296875,18.040000915527344,21.539993286132812,-17.17999267578128,-16.950004577636705,32.66999816894531,-27.27000427246095,-8.529998779296847,-24.33999633789064,12.609992980957031,5.0,7.0,08-23,-1.9641677538553874
06-25,4.979999542236328,-7.289997100830078,-13.569999694824219,18.59999847412108,18.770004272460938,-28.600006103515625,-19.240005493164062,34.75999450683594,-27.15000915527341,-6.220001220703097,-21.250000000000014,4.970001220703111,5.0,7.0,08-24,-3.4366683959960924
06-26,5.430000305175785,-5.450000762939453,-11.25,16.689994812011705,19.610000610351562,-22.210006713867188,-21.0500030517578,35.63999938964844,-25.49999999999997,-10.229995727539062,-24.300003051757827,8.0,5.0,7.0,08-25,-2.885001182556151
06-27,5.889999389648434,-6.689998626708984,-10.589996337890625,15.139999389648423,23.629989624023438,-22.05999755859378,-26.250007629394545,33.970001220703125,-24.55999755859372,-16.75,-24.73999786376953,10.309997558593764,5.0,7.0,08-26,-3.5583340326945
06-28,4.799999237060543,-6.520000457763672,-12.659996032714844,12.819999694824205,27.449996948242188,-21.729995727539034,-30.140007019042983,30.8699951171875,-25.94999694824216,-13.990005493164034,-33.209999084472656,12.479995727539077,5.0,7.0,08-27,-4.648334503173822
06-29,4.409999847412109,-3.1100006103515625,-14.389999389648438,10.44000244140625,24.230010986328125,-18.459991455078125,-28.520004272460938,28.949996948242188,-30.05999755859375,-13.200012207031278,-31.029998779296875,9.97000122070314,5.0,7.0,08-28,-5.064166069030763
06-30,4.5100002288818395,-2.0400009155273438,-17.089996337890625,11.33999633789064,22.370010375976562,-23.75999450683591,-29.83000183105466,29.199996948242188,-30.38000488281247,-7.82000732421875,-33.26000213623047,6.710006713867173,5.0,7.0,08-29,-5.837499777475986
07-01,4.840000152587894,-1.7999992370605398,-16.01000213623047,11.65000152587892,28.040008544921875,-22.699996948242188,-27.3699951171875,28.389999389648438,-34.30999755859372,-9.420013427734375,-30.48999786376953,8.910003662109375,5.0,7.0,08-30,-5.022499084472652
07-02,5.849998474121101,1.69000244140625,-14.769996643066392,11.819999694824219,26.870010375976562,-18.5,-22.799995422363267,31.459991455078125,-34.81000518798828,-9.590011596679688,-23.709999084472656,8.579994201660156,6.0,6.0,08-31,-3.1591676076253226
07-03,6.449998855590824,1.170001983642571,-14.509994506835923,7.4899978637695455,28.020004272460938,-18.92999267578122,-11.790000915527372,31.409988403320312,-33.97000122070315,-10.57000732421875,-24.76000213623047,6.879997253417969,6.0,6.0,09-01,-2.759167512257894
07-05,5.340000152587894,3.420001983642571,-12.819999694824205,10.5,21.229995727539062,-14.480010986328097,-17.849998474121122,27.589996337890625,-30.61000061035159,-7.7100067138671875,-23.160003662109375,4.260002136230469,6.0,6.0,09-03,-2.8575019836425795
07-06,5.090000152587894,3.420001983642571,-13.110000610351562,9.979995727539062,24.3699951171875,-17.830001831054688,-14.629997253417997,27.5,-28.19000244140628,-10.279998779296847,-22.3800048828125,2.1999969482421875,6.0,6.0,09-04,-2.8216679890950545
07-07,5.410001754760742,1.170001983642571,-14.34000396728517,11.379997253417969,29.199996948242188,-17.19000244140625,-17.609992980957003,29.82000732421875,-26.3800048828125,-14.540008544921903,-23.340003967285156,4.849998474121094,6.0,6.0,09-05,-2.630834420522056
07-08,6.0,0.02000045776366477,-12.949996948242188,11.27999877929689,31.399993896484375,-18.069992065429716,-16.409996032714844,26.5,-27.830001831054688,-18.139999389648466,-21.62000274658203,4.3300018310546875,6.0,6.0,09-06,-2.9574995040893595
07-09,5.090000152587894,0.38000106811522727,-13.180000305175781,10.039993286132812,28.509994506835938,-20.099990844726562,-20.230003356933594,30.710006713867188,-27.339996337890625,-20.020004272460966,-19.18000030517578,9.439994812011719,6.0,6.0,09-07,-2.990000406901044
07-10,5.399999618530277,1.8100013732910227,-14.459999084472656,13.219993591308594,29.919998168945312,-24.229995727539062,-15.34000396728517,30.5,-25.38999938964841,-20.600006103515625,-22.420005798339844,5.939994812011719,6.0,6.0,09-08,-2.97083520889282
07-11,5.2899990081787145,1.1400032043457102,-10.44000244140625,10.939994812011719,28.550003051757812,-20.30999755859372,-18.17000579833983,35.30999755859372,-27.300003051757784,-13.3699951171875,-16.32000732421878,8.099998474121094,6.0,6.0,09-09,-1.3816679318745908
07-12,6.449998855590827,2.4099998474121165,-10.240005493164062,15.430000305175795,27.43000793457034,-26.699996948242188,-14.850006103515582,31.80999755859372,-27.029998779296847,-17.72999572753909,-15.419998168945312,3.3600006103515625,6.0,6.0,09-10,-2.0899996757507266
07-13,6.7899990081787145,0.8299980163574219,-10.5,18.1199951171875,29.70001220703125,-25.279998779296875,-17.600006103515582,34.14999389648435,-28.8699951171875,-22.360000610351562,-8.690002441406222,5.599998474121094,6.0,6.0,09-11,-1.5091671943664515
07-14,6.199998855590824,1.0499992370605469,-10.549995422363281,18.32999420166017,28.480010986328153,-24.540008544921875,-18.070007324218736,32.009994506835966,-32.44000244140625,-19.779998779296875,-5.940002441406222,0.9399948120117188,6.0,6.0,09-12,-2.0258351961771552
07-15,5.45999908447266,2.1699981689453196,-22.330001831054688,20.699996948242188,33.85000610351565,-19.790008544921875,-13.630004882812514,23.90000915527341,-33.139999389648466,-16.580001831054688,-7.279998779296847,0.01000213623046875,6.0,6.0,09-13,-2.221666971842448
07-16,7.330001831054684,5.919998168945298,-20.419998168945312,21.699996948242188,33.770004272460966,-25.57000732421875,-8.810005187988295,26.360000610351562,-32.9100036621094,-13.029998779296875,-6.649993896484403,-5.370002746582017,5.0,7.0,09-14,-1.4733339945475297
07-17,7.430000305175785,5.840000152587891,-19.389999389648438,18.209999084472656,32.949996948242216,-18.960006713867188,-10.0,20.019989013671875,-27.32000732421875,-12.669998168945312,-2.92999267578125,-4.4499969482421875,5.0,7.0,09-15,-0.9391679763793922
07-18,7.780000686645508,5.74999618530272,-17.94000244140625,16.669998168945312,30.58000183105466,-20.850006103515597,-7.559997558593764,19.459991455078125,-25.990005493164062,-12.270004272460966,-5.75,-3.5600051879882812,5.0,7.0,09-16,-1.1400027275085496
07-19,9.069997787475586,6.079998016357436,-21.990005493164062,15.790000915527358,26.990005493164062,-25.040008544921875,-7.259994506835966,21.410003662109375,-28.430007934570312,-12.800003051757812,-2.640014648437557,-2.2800064086914205,5.0,7.0,09-17,-1.7583362261454323
07-20,9.679998397827148,4.819999694824226,-21.599998474121094,20.410003662109375,29.139999389648438,-20.839996337890625,-1.2200012207031392,22.42999267578125,-26.350006103515653,-10.520004272460938,6.010009765625,0.6399993896484233,7.0,5.0,09-18,1.0499997138977009
07-21,9.309999465942383,5.7099990844726705,-19.400001525878906,23.30999755859375,28.740005493164034,-22.220001220703125,-0.2400054931640625,26.229995727539062,-23.280014038085966,-10.199996948242159,0.779998779296875,-5.169998168945327,6.0,6.0,09-19,1.1308315594991025
07-22,9.299999237060547,5.259998321533217,-18.900001525878906,20.01000213623047,31.710006713867188,-23.729995727539062,-1.660003662109375,23.720001220703125,-23.100006103515625,-7.520004272460909,-0.459991455078125,-4.959999084472685,5.0,7.0,09-20,0.8058338165283215
07-23,7.629997253417969,6.539997100830078,-20.69000244140625,18.43000030517578,32.470001220703125,-26.30999755859375,-1.94000244140625,27.669998168945312,-23.010009765625,-7.309997558593722,-2.1999969482421875,-3.5800018310546875,5.0,7.0,09-21,0.6416654586792016
07-24,6.689998626708988,6.70000076293946,-22.12000274658203,20.18000030517578,34.57000732421875,-30.1199951171875,-1.6399993896484375,26.919998168945312,-18.830001831054688,-13.169998168945312,-1.8699951171875,-3.9000015258789062,5.0,7.0,09-22,0.2841676076253267
07-25,6.570001602172848,6.270000457763679,-24.06000518798828,19.349998474121094,31.050003051757784,-30.70001220703125,2.4099960327148438,33.58000183105469,-21.330001831054688,-14.649993896484403,0.01998901367184658,-6.599998474121094,7.0,5.0,09-23,0.1591649055480886
07-26,7.59000205993652,5.6000022888183665,-23.22000122070314,17.0,27.960006713867216,-31.589996337890625,1.4799957275390625,33.30999755859375,-21.330001831054688,-17.05999755859375,-1.3399963378905966,-6.0,6.0,6.0,09-24,-0.6333324114481572
07-27,7.129999160766598,6.729999542236321,-20.520004272460938,13.870002746582031,27.910003662109375,-30.13999938964841,-0.45000457763671875,31.779998779296875,-21.889999389648438,-13.499999999999972,0.19000244140622158,-11.6199951171875,6.0,6.0,09-25,-0.8758330345153796
07-28,8.049999237060543,6.479999542236321,-24.75999450683595,13.700004577636733,29.660003662109375,-28.97999572753909,-5.840003967285142,21.510009765625,-17.400009155273438,-16.419998168945284,-2.7299957275390625,-9.650001525878892,5.0,7.0,09-26,-2.198331832885741
07-29,8.859998703002933,7.62999725341799,-25.430000305175767,12.630004882812528,31.240005493164062,-30.44000244140628,-9.599998474121122,12.959991455078125,-16.44000244140625,-13.889999389648409,-5.399993896484403,-11.639999389648438,5.0,7.0,09-27,-3.2933332125345856
07-30,7.729999542236328,6.840003967285156,-22.699996948242188,11.200004577636733,32.80000305175781,-28.59999084472659,-6.76000213623044,17.340011596679688,-15.520004272460938,-17.27000427246091,-9.729995727539062,-9.290000915527344,5.0,7.0,09-28,-2.8299976984659794
07-31,6.069999694824222,3.4599990844726634,-21.019996643066406,12.950004577636719,31.370010375976562,-26.770004272460938,-4.430000305175781,15.580001831054688,-13.520004272460938,-15.270004272460909,-9.879989624023409,-11.019996643066406,5.0,7.0,09-29,-2.7066650390624942
08-01,5.809999465942383,3.3600006103515696,-24.33999633789061,7.720001220703125,14.080001831054659,-19.86000061035159,-6.360000610351577,26.199996948242188,-13.69000244140625,-13.660003662109375,-1.2099990844726705,-9.529998779296875,5.0,7.0,09-30,-2.6233334541320854
08-02,6.190000534057617,4.470001220703132,-20.329994201660142,12.660003662109375,7.5699920654296875,-20.449996948242188,-4.960006713867173,23.849990844726562,3.9000091552734375,-16.580001831054688,-0.9499969482421875,-11.439994812011719,6.0,6.0,10-01,-1.3391661643981905
08-03,6.120000839233398,3.900001525878899,-18.929992675781236,6.970001220703125,8.720001220703125,-25.44000244140625,-1.7700042724609375,20.319992065429688,12.430007934570312,-9.919998168945341,3.9300003051757812,-11.849998474121094,7.0,5.0,10-02,-0.45999924341837745
08-04,5.760000228881832,3.860004425048828,-12.589996337890625,7.029998779296861,14.3800048828125,-32.589996337890625,-3.19000244140625,22.460006713867216,12.199996948242188,-7.889999389648466,-0.10999298095703125,-13.529998779296875,6.0,6.0,10-03,-0.35083119074503727
08-05,6.410001754760742,3.6399993896484517,-12.810005187988295,7.799995422363267,15.389999389648438,-20.159988403320284,-3.9599990844726562,17.55999755859378,21.649993896484375,-7.919998168945341,-0.8599929809570312,-16.660003662109375,6.0,6.0,10-04,0.8399999936421724
08-06,5.429998397827141,5.709999084472656,-8.760002136230469,6.059997558593736,18.800003051757812,-16.53999328613284,-5.400001525878892,14.740005493164062,23.3699951171875,-2.539993286132841,0.75,-17.790000915527344,7.0,5.0,10-05,1.9858339627583768
08-07,4.479999542236335,5.05999755859375,-5.2700042724609375,4.3600006103515625,19.800003051757812,-17.350006103515597,7.749992370605469,11.850006103515625,22.1199951171875,-3.0,-1.1499938964843608,-17.73999786376953,7.0,5.0,10-06,2.5758326848348023
08-08,5.489999771118164,8.830001831054688,-2.3499984741210795,3.5,20.67999267578125,-23.72999572753909,6.339996337890625,14.680007934570312,16.379989624023438,-4.459991455078125,-2.089996337890639,-19.6699981689453,7.0,5.0,10-07,1.966667334238687
08-09,6.870000839233398,9.040000915527344,-7.9099960327148295,4.1299972534179545,25.730010986328097,-21.83000183105466,8.900009155273466,14.029998779296875,14.209991455078153,-4.470001220703153,-0.7200012207031108,-20.959999084472642,7.0,5.0,10-08,2.251667499542241
08-10,7.129999160766602,9.850002288818366,-5.1899948120117045,4.650001525878892,21.83000183105466,-25.80999755859375,8.919998168945312,13.55999755859375,15.900009155273438,-2.7599945068359375,-2.2099990844726562,-20.049995422363267,7.0,5.0,10-09,2.151669025421142
08-11,8.25,11.900001525878906,-6.989997863769531,5.329994201660142,17.860000610351562,-23.139999389648438,8.169998168945312,12.0,16.449996948242188,-1.279998779296875,-3.2900009155273438,-17.619995117187514,7.0,5.0,10-10,2.303333282470701
08-12,8.39999961853027,12.239997863769524,-9.100006103515625,8.069999694824205,15.819992065429716,-18.8800048828125,5.669998168945341,9.8699951171875,18.120010375976562,4.8000030517578125,-0.23999786376951704,-21.55999755859375,8.0,4.0,10-11,2.767499128977461
08-13,9.460000991821286,15.29999923706054,-9.240005493164062,5.299995422363281,15.949996948242216,-19.19000244140625,11.519996643066392,14.090011596679716,17.830001831054688,-3.8199920654296875,-1.8499984741210795,-20.459999084472642,7.0,5.0,10-12,2.9075004259745327
08-14,10.859998703002937,15.729999542236328,-10.790000915527344,5.379997253417983,20.04998779296878,-22.07000732421875,9.380004882812528,13.310012817382812,16.169998168945312,-4.0399932861328125,3.790000915527358,-22.660003662109375,8.0,4.0,10-13,2.925832907358813
08-15,12.490001678466797,16.020000457763672,-10.910003662109375,3.809997558593764,23.560012817382812,-26.769989013671903,6.8700027465820455,11.760009765625,15.309997558593722,5.6100006103515625,6.340003967285142,-19.93000030517578,9.0,3.0,10-14,3.680002848307288
08-16,12.950000762939453,18.03000259399414,-9.389999389648438,4.040000915527344,24.710006713867188,-36.00999450683594,4.760002136230483,12.139999389648438,17.379989624023438,-1.42999267578125,7.899993896484375,-20.459999084472656,8.0,4.0,10-15,2.8850008646647147
08-17,14.130001068115234,15.860004425048828,-9.19000244140625,1.720001220703125,28.649993896484403,-39.25999450683594,6.110008239746108,10.610000610351562,14.970001220703125,0.339996337890625,1.6699981689453125,-18.520004272460938,9.0,3.0,10-16,2.2575003306070998
08-18,13.05999946594238,15.290000915527344,-3.8000030517578125,7.160003662109361,33.36000061035156,-32.459991455078125,4.200012207031278,4.25,11.970001220703097,0.779998779296875,2.19000244140625,-17.610000610351577,9.0,3.0,10-17,3.1991686820983865
08-19,12.630001068115234,14.910003662109375,3.529998779296875,10.050003051757798,45.50000000000003,-31.589996337890625,8.23000335693358,0.3700103759765625,15.750000000000014,1.0500030517578125,0.19000244140625,-14.680000305175781,10.0,2.0,10-18,5.495002428690594
08-20,12.75,15.619998931884766,2.4300003051757812,9.870002746582017,44.22000122070315,-32.88999938964844,13.580001831054716,2.910003662109375,17.41000366210939,-2.3300018310546875,1.8100051879882812,-10.449996948242188,9.0,3.0,10-19,6.24416828155518
08-21,11.850000381469734,15.070003509521484,7.69000244140625,11.360000610351562,45.080001831054716,-28.029998779296875,21.620010375976577,2.660003662109375,17.14999389648439,-3.5600128173828125,1.4700012207031392,-11.84999847412108,9.0,3.0,10-20,7.542500654856372
08-22,12.149999618530273,13.049999237060547,8.019996643066406,10.800003051757827,45.44000244140625,-25.550003051757784,22.310005187988267,7.660003662109375,17.029998779296847,-5.8700103759765625,1.629997253417983,-17.699996948242188,9.0,3.0,10-21,7.41416629155477
08-23,12.199998855590813,13.890003204345703,5.6999969482421875,11.65000152587892,52.75,-28.3699951171875,25.239997863769545,6.779998779296875,15.379989624023409,-6.9600067138671875,2.7099990844726562,-21.220001220703125,9.0,3.0,10-22,7.479165236155192
08-24,11.960000991821289,15.130001068115234,5.0399932861328125,6.650001525878892,47.19999694824219,-22.139999389648438,23.53000640869142,8.449996948242188,14.569992065429688,-9.259994506835938,5.1399993896484375,-26.30999755859375,9.0,3.0,10-23,6.663333098093669
08-25,13.05000114440918,14.960002899169922,7.609992980957031,6.779998779296861,35.54998779296878,-29.089996337890625,27.420005798339858,8.970001220703125,15.550003051757784,-14.3699951171875,10.169998168945284,-28.479995727539062,9.0,3.0,10-24,5.67666705449422
08-26,13.440000534057614,14.719997406005852,7.94000244140625,4.490005493164034,32.05999755859372,-32.360000610351534,25.800003051757812,7.5,15.469985961914034,-18.410003662109375,10.350006103515625,-25.970001220703125,9.0,3.0,10-25,4.585832754770909
08-27,14.659999847412106,13.65999984741211,8.449996948242188,3.590003967285142,33.919998168945284,-27.05999755859375,21.510002136230483,2.410003662109375,14.759994506835909,-27.410003662109375,12.580009460449219,-22.379997253417955,9.0,3.0,10-26,4.057500839233395
08-28,13.090002059936523,15.060001373291023,6.599998474121094,3.279998779296861,28.24999999999997,-21.199996948242188,16.12000274658203,0.1100006103515625,13.699996948242159,-25.80999755859375,9.810005187988281,-20.05999755859375,9.0,3.0,10-27,3.2458345095316523
08-29,16.360000610351562,13.869998931884773,7.739997863769531,3.1100006103515625,36.100006103515625,-27.539993286132812,11.619995117187457,0.1100006103515625,14.200004577636719,-25.639999389648438,5.910003662109375,-21.12999725341797,9.0,3.0,10-28,2.8925015131632463
08-30,16.59000015258789,11.770000457763665,7.4799957275390625,5.510002136230469,35.800003051757784,-28.850006103515625,9.080001831054673,0.160003662109375,13.360000610351591,-21.1300048828125,6.410003662109403,-20.150001525878906,9.0,3.0,10-29,3.0024998982747397
08-31,12.979999542236321,12.080001831054673,5.790000915527344,4.290000915527344,27.069992065429688,-21.540008544921847,14.61000061035152,3.9799957275390625,12.660003662109375,-25.039993286132812,3.090003967285142,-23.599998474121094,9.0,3.0,10-30,2.1974999109903934
09-01,13.399997711181634,9.520000457763665,9.819999694824219,7.009994506835923,33.8699951171875,-19.199996948242216,22.459999084472628,2.4499969482421875,14.740005493164062,-28.020004272460938,4.660003662109389,-22.650001525878906,9.0,3.0,10-31,4.004999160766595
09-02,13.649997711181634,7.930000305175781,14.099998474121094,6.369995117187472,29.09999084472659,-19.199996948242216,19.239997863769503,-2.0800018310546875,15.129989624023438,-25.32000732421875,0.09000396728514204,-20.589996337890625,8.0,4.0,11-01,3.2016642888386984
09-03,15.619998931884766,7.3000030517578125,10.790000915527344,8.389999389648423,29.09999084472659,-19.839996337890653,18.90999603271483,-4.4799957275390625,18.539993286132812,-23.830001831054688,0.09000396728514204,-16.959999084472642,8.0,4.0,11-02,3.6358327865600564
09-04,12.210000991821289,9.169998168945312,7.8600006103515625,8.389999389648423,26.899993896484403,-14.550003051757784,18.760002136230483,-2.529998779296875,22.839996337890625,-23.830001831054688,-1.629997253417983,-19.540000915527344,7.0,5.0,11-03,3.6708324750264523
09-05,11.480001449584957,10.75,18.050003051757812,9.6300048828125,22.779998779296875,-13.05000305175787,16.900009155273423,-12.229995727539062,22.839996337890625,-21.949996948242188,-5.519996643066378,-11.55999755859375,7.0,5.0,11-04,4.0100019772847455
09-06,12.480001449584957,11.540000915527344,18.050003051757812,10.02999877929686,24.42999267578122,-9.82000732421875,26.080001831054673,-12.229995727539062,20.88999938964841,-15.050003051757812,-1.3099975585937358,-12.160003662109375,7.0,5.0,11-05,6.0774992307027125
09-07,11.160001754760746,11.540000915527344,14.030006408691406,2.7900009155273438,31.199996948242188,-17.050003051757812,23.22000122070311,-17.039993286132784,16.020004272460938,-15.290008544921875,4.059997558593778,-10.860000610351562,8.0,4.0,11-06,4.481667041778568
09-08,11.160001754760746,10.270004272460938,18.610000610351562,4.5699996948242045,28.149993896484403,-25.100006103515625,23.22000122070311,-14.339996337890653,21.789993286132812,-14.94000244140625,3.8600006103515625,-10.860000610351562,8.0,4.0,11-07,4.699165821075437
09-09,10.820001602172859,11.619998931884759,20.470001220703125,5.900001525878892,16.339996337890625,-26.520004272460938,25.97000122070311,-9.490005493164034,29.11000061035159,-14.699996948242188,1.5700073242187784,-13.099998474121094,8.0,4.0,11-08,4.8325002988179575
09-10,9.90999984741211,11.550003051757827,19.089996337890625,2.3600006103515625,17.55999755859372,-27.259994506835938,24.15999603271483,-9.770004272460938,31.97999572753909,-1.5099945068359375,-1.1799926757812216,-11.869995117187514,7.0,5.0,11-09,5.4183340072631845
09-11,9.249999999999993,11.709999084472656,15.649993896484375,-0.01000213623045454,12.190002441406222,-28.789993286132812,25.740005493164062,-8.170013427734375,29.88000488281253,-4.709991455078125,0.16000366210940342,-14.730003356933594,7.0,5.0,11-10,4.014167149861656
09-12,9.739997863769531,11.839996337890625,13.360000610351562,-1.0100021362304545,-0.6499938964843466,-25.550003051757812,28.860000610351562,-5.5,29.650009155273466,-8.259994506835938,6.220001220703153,-4.9799957275390625,6.0,6.0,11-11,4.476668039957691
09-13,9.989997863769531,12.550003051757812,12.330001831054688,-6.930000305175781,5.0,-30.759994506835938,29.860000610351562,0.8400115966796875,24.060012817382812,-13.660003662109375,-0.4399871826171591,-1.5999984741210938,7.0,5.0,11-12,3.436670303344729
09-14,9.689998626708984,12.640007019042983,10.8800048828125,-9.260002136230469,3.3800048828125,-30.839996337890625,23.699996948242216,1.4000091552734375,24.210006713867216,-10.6099853515625,-10.600006103515625,-2.7099990844726562,7.0,5.0,11-13,1.8233366012573302
09-15,8.400001525878906,12.310005187988267,13.130004882812514,-9.27999877929689,-2.25,-32.209991455078125,23.399993896484418,0.9499969482421875,22.00000000000003,-16.789993286132812,-8.110000610351562,-3.989997863769517,6.0,6.0,11-14,0.6300017038981179
09-16,7.790000915527344,13.180000305175767,12.740005493164077,-8.389999389648452,10.44000244140625,-36.410003662109375,17.36000061035159,-5.029998779296875,19.919998168945312,-20.80999755859375,-10.740005493164062,-6.910003662109361,6.0,6.0,11-15,-0.5716667175292945
09-17,7.030002593994141,11.620002746582031,15.319999694824219,-10.229995727539062,10.839996337890653,-35.029998779296875,16.169998168945312,-2.8699951171875,15.80999755859375,-20.430007934570312,-5.5099945068359375,-10.810005187988281,6.0,6.0,11-16,-0.6741666793823219
09-18,7.490001678466797,10.220001220703125,15.52999877929686,-6.930000305175781,7.8699951171875,-36.99000549316406,19.059989929199205,2.2299957275390625,14.509994506835938,-23.110000610351562,-4.2700042724609375,-5.1100006103515625,7.0,5.0,11-17,0.04166380564371508
09-19,9.319999694824219,9.449996948242188,16.55999755859375,-5.349998474121094,9.55000305175787,-30.04998779296875,19.969993591308594,2.029998779296875,14.419998168945312,-23.32000732421875,-3.5599975585937216,2.7900009155273438,8.0,4.0,11-18,1.8174997965494863
09-20,8.459999084472656,9.889999389648438,17.98999786376953,-3.6999969482421875,11.809997558593722,-30.870010375976562,18.50000762939453,2.779998779296875,10.239990234375,-16.529998779296875,-0.05999755859375,3.9900054931640625,8.0,4.0,11-19,2.7083326975504534
09-21,7.629997253417969,10.319999694824219,19.93000030517578,-3.4500045776367188,3.239990234375,-28.949996948242188,20.51000213623047,-3.8800048828125,9.029998779296875,-16.029998779296875,-0.5500030517577841,3.9900054931640625,7.0,5.0,11-20,1.8158321380615259
09-22,6.609996795654297,10.989997863769531,22.62999725341797,1.0699996948242188,0.5999908447265909,-27.07000732421875,21.44000244140625,-3.19000244140625,8.210006713867188,-17.670013427734375,-4.1300048828125,3.3900070190429688,8.0,4.0,11-21,1.9066642125447615
09-23,7.069999694824219,12.749999999999986,22.26000213623047,1.0699996948242188,0.3300018310546875,-28.520004272460966,23.37000274658203,2.660003662109375,4.8499908447265625,-17.670013427734375,-3.279998779296875,9.010002136230469,9.0,3.0,11-22,2.8249988555908168
09-24,5.870002746582031,15.299995422363281,18.279998779296875,1.4399948120117188,-1.4199981689453125,-29.680007934570284,17.920005798339844,8.579986572265653,4.8499908447265625,-23.710006713867188,-0.3600006103515909,9.350006103515625,8.0,4.0,11-23,2.201663970947268
09-25,6.290000915527337,15.169998168945312,18.279998779296875,2.5099945068359233,-3.0,-22.150009155273438,18.870010375976562,8.579986572265653,5.5699920654296875,-26.240005493164062,2.30999755859375,10.010002136230469,9.0,3.0,11-24,3.016663869222006
09-26,5.090000152587891,15.169998168945312,17.209999084472656,3.9399948120117188,-1.509994506835909,-20.410003662109347,26.550003051757827,8.529998779296847,4.649993896484375,-22.860000610351562,4.390007019042969,7.600006103515625,9.0,3.0,11-25,4.029166857401534
09-27,5.090000152587891,13.089996337890625,15.529998779296875,1.55999755859375,-2.100006103515625,-30.960006713867188,26.550003051757827,10.290008544921847,2.649993896484375,-18.039993286132812,3.2399978637695597,7.600006103515625,9.0,3.0,11-26,2.8749996821085624
09-28,5.75,13.189994812011719,18.84999847412108,3.589996337890611,-7.760009765625,-30.960006713867188,30.88999938964845,-0.3299865722656534,6.529998779296875,-27.020004272460938,5.31000518798831,7.600006103515625,8.0,4.0,11-27,2.136665980021158
09-29,5.369998931884766,12.079994201660156,15.569999694824219,2.4499969482421875,-7.760009765625,-35.25,29.49000549316405,0.149993896484375,6.5600128173828125,-27.979995727539062,5.31000518798831,9.510002136230469,9.0,3.0,11-28,1.2916669845581066
09-30,5.439998626708984,14.22000122070311,17.670005798339858,0.9300003051757812,-5.260009765625,-30.259994506835938,26.300003051757812,-3.7799987792969034,-0.709991455078125,-31.100006103515625,1.910003662109375,9.920005798339844,7.0,5.0,11-29,0.4400014877319312
10-01,8.260002136230476,12.230003356933594,26.090003967285156,0.8399963378906108,-10.920013427734375,-23.110000610351562,23.709999084472642,-12.360000610351562,-0.1999969482421875,-30.32000732421875,5.9499969482421875,11.340003967285156,7.0,5.0,11-30,0.9591655731201154
10-02,6.860000610351555,14.590003967285156,27.55999755859375,0.06999969482420454,-11.930007934570312,-27.55000305175784,12.400009155273438,-11.720001220703125,-0.1299896240234375,-30.290008544921875,6.6999969482421875,9.370002746582031,7.0,5.0,12-01,-0.3391666412353557
10-03,5.239997863769531,14.550003051757812,32.720001220703125,1.8099975585937358,-18.1199951171875,-43.15000915527344,11.240005493164062,5.649993896484375,-1.8499908447265625,-35.670013427734375,5.489990234374986,6.590003967285156,8.0,4.0,12-02,-1.2916679382324243
10-04,6.5,18.709999084472656,29.230003356933594,2.6399993896484375,-23.600006103515597,-42.16999816894534,15.740005493164062,8.539993286132812,-0.5999908447265625,-32.00999450683594,2.3899993896484233,6.590003967285156,8.0,4.0,12-03,-0.6699988047281913
10-05,6.180000305175781,14.939994812011719,26.309997558593736,4.059997558593764,-17.910003662109347,-40.639999389648466,10.310012817382812,5.709991455078125,4.8799896240234375,-35.6300048828125,2.2399978637695312,6.590003967285156,9.0,3.0,12-04,-1.0800018310546875
10-06,4.799999237060547,14.729995727539062,23.329994201660142,2.2400054931640625,-14.620010375976506,-36.2799987792969,7.749999999999972,3.3700103759765625,6.69000244140625,-34.089996337890625,-1.0500030517578267,7.8800048828125,8.0,4.0,12-05,-1.270833015441897
10-07,4.540000915527344,15.209999084472656,24.400001525878906,-0.1999969482421875,-10.75,-32.30000305175781,7.730010986328125,1.160003662109375,5.3899993896484375,-28.459991455078125,5.969993591308594,6.970001220703125,8.0,4.0,12-06,-0.028331756591796875
10-08,1.9300003051757812,12.3800048828125,21.959999084472642,2.2600021362304688,-6.779998779296903,-34.970001220703125,6.649993896484375,-4.990005493164091,2.899993896484375,-36.160003662109375,7.049995422363281,6.430000305175781,8.0,4.0,12-07,-1.7783349355061908
10-09,1.2600021362304616,13.220001220703125,22.980003356933594,-0.48000335693359375,-4.739990234375057,-32.470001220703125,9.139999389648409,-8.470001220703182,-0.3000030517578125,-42.24000549316406,3.9999923706054545,7.840003967285156,6.0,6.0,12-08,-2.521666844685886
10-10,0.7099990844726562,12.980003356933594,20.900001525878906,2.2900009155273295,-8.270004272460938,-33.24000549316406,3.5099945068359375,-7.460006713867216,-0.0099945068359375,-33.62001037597656,-1.0400085449218466,7.230003356933594,6.0,6.0,12-09,-3.0016689300537123
10-11,-0.25,11.669998168945312,22.449996948242188,-0.8600006103515625,-17.789993286132812,-34.660003662109375,6.350006103515625,-6.6800079345703125,1.6500091552734375,-29.040008544921875,1.3899993896484375,7.230003356933594,6.0,6.0,12-10,-3.211666742960612
10-12,-0.3400001525878906,11.379997253417969,22.56999969482422,0.7999954223632955,-17.569992065429716,-31.69999694824216,9.100006103515625,-5.1300048828125,8.009994506835938,-30.539993286132812,3.300003051757784,7.230003356933594,7.0,5.0,12-11,-1.9074989954630546
10-13,-0.7999992370605469,9.3699951171875,18.5,-3.7700042724609233,-16.34999084472659,-36.47999572753909,11.210006713867188,-1.150009155273409,11.979995727539062,-32.729995727539034,4.660003662109347,7.760002136230469,6.0,6.0,12-12,-2.3166659673055023
10-14,-1.9799995422363281,10.339996337890625,15.720001220703125,-1.2399978637695312,-18.580001831054716,-33.22999572753909,9.860000610351562,1.099990844726534,14.979995727539062,-34.61999511718753,6.300003051757784,5.82000732421875,7.0,5.0,12-13,-2.1274995803833128
10-15,-2.0900001525878906,10.720001220703125,14.279998779296875,0.12999725341796875,-23.290008544921875,-40.0299987792969,8.809997558593722,4.6800079345703125,15.300003051757812,-32.92999267578125,5.779998779296847,3.69000244140625,8.0,4.0,12-14,-2.9124994277954173
10-16,-1.9799995422363352,10.649993896484375,13.099998474121094,-2.7600021362304688,-35.43000793457034,-47.31999206542969,-0.5800018310547159,6.970001220703125,13.3699951171875,-33.19999694824219,7.779998779296847,5.650001525878892,6.0,6.0,12-15,-5.312500953674324
10-17,-0.6100006103515554,11.089996337890625,8.909996032714844,-2.5800018310546875,-36.69999694824219,-47.42999267578125,7.669998168945341,3.30999755859375,11.709991455078125,-29.819992065429688,11.850006103515582,8.860000610351562,7.0,5.0,12-16,-4.478333155314129
10-18,-0.22999954223632812,11.049995422363281,3.649993896484375,-4.599998474121094,-45.19999694824219,-47.5400085449219,11.139999389648466,3.55999755859375,11.970001220703125,-29.29998779296875,16.6300048828125,8.860000610351562,7.0,5.0,12-17,-5.000833193461101
10-19,0.3300018310546946,13.069999694824219,3.3199996948242188,-2.3500061035155966,-40.63999938964844,-44.9100036621094,0.9599914550781534,-1.44000244140625,13.600006103515625,-29.639999389648438,17.979995727539062,8.860000610351562,7.0,5.0,12-18,-5.07166798909505
10-20,0.28000259399415484,12.229995727539062,2.720001220703125,-0.31999969482421875,-37.730010986328125,-34.910003662109375,-1.970001220703125,-1.9300079345703125,11.080001831054688,-29.590011596679716,18.639999389648438,12.3800048828125,6.0,6.0,12-19,-4.093335787455242
10-21,0.520000457763679,13.530006408691406,1.75,2.910003662109375,-36.21000671386719,-41.13999938964844,-0.260009765625,-2.009994506835909,15.3800048828125,-30.94999694824216,20.479995727539062,17.470001220703125,7.0,5.0,12-20,-3.2108329137166294
10-22,-0.34999847412109375,12.449996948242188,-3.2900009155273438,2.3800048828125,-24.55999755859378,-34.19000244140625,-6.3800048828125,0.6900024414062216,16.270004272460938,-30.44999694824216,15.449996948242216,12.910003662109375,6.0,6.0,12-21,-3.2558326721191406
10-23,2.109996795654297,12.419998168945312,1.4800033569335938,4.669998168945327,-21.07000732421872,-36.0,-16.110000610351562,0.3499908447265625,23.270004272460938,-26.409988403320284,15.269989013671875,10.370002746582031,8.0,4.0,12-22,-2.4708344141642193
10-24,1.0699996948242188,14.069999694824219,2.8100051879882812,5.569999694824219,-22.330001831054688,-28.410003662109403,-18.969993591308565,-0.4900054931640625,23.979995727539062,-17.409988403320284,17.94000244140625,13.110000610351562,7.0,5.0,12-23,-0.7549991607665992
10-25,2.5600013732910085,14.069999694824219,4.660003662109375,4.5200042724609375,-23.480010986328097,-26.539993286132812,-18.129989624023423,1.80999755859375,25.039993286132812,-24.990005493164062,17.77000427246091,13.110000610351562,8.0,4.0,12-24,-0.799999554951985
10-26,2.5600013732910085,15.260002136230469,3.5200042724609375,5.160003662109389,-19.580001831054688,-26.539993286132812,-18.129989624023423,1.80999755859375,24.889999389648438,-21.040008544921875,22.050003051757827,13.110000610351562,8.0,4.0,12-25,0.2558348973592152
10-27,2.3300018310546804,17.360000610351577,-0.529998779296875,2.8699951171875,-21.67999267578125,-24.009994506835938,-15.58999633789064,2.1699981689453125,23.44000244140625,-18.0,25.37998962402345,12.1300048828125,7.0,5.0,12-26,0.4891675313313808
10-28,5.94000244140625,18.330001831054688,0.8000030517578125,1.9799957275390483,-23.029998779296875,-31.319992065429716,-21.119995117187486,5.30999755859375,24.860000610351562,-22.569999694824205,26.250000000000014,15.580001831054688,8.0,4.0,12-27,0.08416811625162761
10-29,4.890003204345703,16.81999969482422,4.6100006103515625,0.650001525878892,-29.830001831054688,-33.66000366210935,-12.19000244140625,5.989990234375028,27.730010986328125,-13.050003051757812,24.680000305175767,14.490005493164062,8.0,4.0,12-28,0.9275000890096052
10-30,8.34000015258789,15.05999755859375,6.1199951171875,0.650001525878892,-25.05999755859378,-34.520004272460966,-12.120002746582031,5.9799957275390625,26.180007934570312,-15.75,29.250000000000014,16.350006103515625,8.0,4.0,12-29,1.7066666285196892
10-31,8.009998321533203,14.849998474121094,3.9300003051757812,0.650001525878892,-18.459991455078125,-37.81999206542966,-17.020004272460938,2.789993286132784,22.770004272460938,-17.240005493164062,29.06000518798828,13.110000610351562,8.0,4.0,12-30,0.3858340581258126
11-01,7.979999542236328,16.529998779296875,6.8600006103515625,-4.389999389648423,-17.709991455078125,-34.839996337890625,-14.140007019042969,0.8399963378905966,18.470001220703125,-19.49999999999997,24.22000122070311,13.110000610351562,7.0,5.0,12-31,-0.21416632334391275
11-02,7.979999542236328,14.949996948242188,-3.3300018310546875,-1.0100021362304545,-25.830001831054688,-34.839996337890625,-14.140007019042969,10.539993286132784,24.639999389648438,-16.81999206542966,15.720001220703097,13.110000610351562,6.0,6.0,01-01,-0.7525008519490571
11-03,6.979999542236328,14.159996032714844,-6.319999694824219,-5.359992980957031,-31.710006713867188,-38.06999206542969,-23.31999969482422,8.639999389648409,22.290008544921875,-17.770004272460938,14.809997558593722,13.710006713867188,6.0,6.0,01-02,-3.4966656366984097
11-04,8.29999923706054,11.700004577636719,-4.1999969482421875,-1.1800003051757812,-29.339996337890625,-30.839996337890625,-20.459999084472656,10.539993286132841,14.050003051757812,-16.759994506835938,15.309997558593722,12.410003662109375,6.0,6.0,01-03,-2.539165178934734
11-05,6.25,10.5,-2.5499954223632812,1.9800033569335938,-26.28999328613284,-22.789993286132812,-20.949996948242188,6.6300048828125,14.1199951171875,-13.979995727539091,15.509994506835938,16.330001831054688,7.0,5.0,01-04,-1.2699979146321663
11-06,5.789997100830085,11.55999755859375,0.5999984741210795,0.6500015258789062,-14.479995727539062,-25.979995727539062,-18.72000885009767,13.160003662109347,17.539993286132812,-14.220001220703153,17.79998779296872,18.57000732421875,8.0,4.0,01-05,1.0224987665812086
11-07,7.090000152587891,10.699996948242188,1.5299987792968892,4.190002441406236,-9.6300048828125,-26.80999755859375,-21.51000213623047,10.729995727539062,14.669998168945312,-27.410003662109403,15.769989013671847,7.540000915527344,8.0,4.0,01-06,-1.095002174377446
11-08,7.1100006103515625,11.330001831054688,4.970001220703139,8.970001220703125,-13.779998779296875,-32.02999877929685,-20.69000244140625,9.1300048828125,16.769989013671875,-21.779998779296875,18.360000610351562,7.540000915527344,8.0,4.0,01-07,-0.3416665395100876
11-09,8.0,11.200004577636719,7.259994506835952,9.269996643066406,-14.32000732421875,-32.39999389648435,-29.709999084472656,6.459991455078125,16.1300048828125,-20.530014038085966,24.470001220703125,7.540000915527344,8.0,4.0,01-08,-0.5525016784667957
11-10,7.75,10.489997863769531,3.3799972534179545,9.389999389648438,-13.210006713867188,-33.93000793457034,-30.709999084472656,6.2700042724609375,17.580001831054688,-12.0,23.30999755859375,4.160003662109375,8.0,4.0,01-09,-0.6266676584879592
11-11,8.049999237060547,9.950004577636719,0.6399993896484375,9.670005798339858,-13.010009765625,-33.85000610351565,-24.54999542236331,12.980010986328125,21.610000610351562,-12.120010375976562,18.44000244140625,5.2700042724609375,8.0,4.0,01-10,0.25666713714599254
11-12,9.64999771118164,10.879997253417969,1.980003356933608,8.459999084472685,-7.3800048828125,-32.48001098632815,-23.589996337890625,8.970001220703097,21.029998779296875,-8.510009765625,15.949996948242188,9.640007019042969,8.0,4.0,01-11,1.2166649500528959
11-13,10.459999084472656,10.75,4.6300048828125,7.569999694824247,-20.07000732421875,-23.759994506835938,-25.089996337890625,7.639999389648409,21.779998779296875,-4.4900054931640625,18.580001831054688,5.2400054931640625,8.0,4.0,01-12,1.1033337910970051
11-14,7.829998016357429,12.760002136230469,1.3199996948242188,9.409996032714858,-23.839996337890653,-28.110000610351562,-30.27999114990233,9.259994506835938,25.889999389648438,-4.8699951171875,19.860000610351562,1.2000045776367188,8.0,4.0,01-13,0.035834312438965434
11-15,6.689998626708984,14.779998779296875,1.1100006103515767,9.739997863769545,-24.800003051757812,-30.11000061035159,-30.549995422363295,4.160003662109375,27.19000244140625,-9.6199951171875,15.1199951171875,1.2000045776367188,8.0,4.0,01-14,-1.2574993769327811
11-16,7.450000762939446,15.550003051757812,0.0800018310546875,9.069999694824219,-21.259994506835938,-27.149993896484375,-29.58999633789061,4.3600006103515625,27.660003662109375,-14.25,13.580001831054659,1.2000045776367188,8.0,4.0,01-15,-1.108330726623537
11-17,8.310001373291009,15.110000610351562,3.279998779296875,6.589996337890611,-13.8699951171875,-22.80999755859375,-28.12001037597655,7.029998779296875,31.949996948242188,-14.289993286132812,13.580001831054659,0.0,7.0,5.0,01-16,0.5633331934610973
11-18,9.140003204345696,13.110000610351562,6.7399978637695455,5.709999084472656,-13.079986572265625,-24.730010986328125,-30.130004882812486,4.369995117187472,34.639999389648466,-14.149993896484375,12.199996948242159,0.0,7.0,5.0,01-17,0.31833299001057885
11-19,10.590000152587884,12.580001831054688,9.049995422363267,7.849998474121094,-10.439987182617216,-26.610000610351562,-26.900009155273423,-1.1799926757812784,31.00000000000003,-13.639999389648438,15.779998779296875,0.0,6.0,6.0,01-18,0.6733338038126598
11-20,11.619998931884773,13.8800048828125,10.569999694824219,7.480003356933594,-10.169998168945312,-30.30999755859375,-25.25000762939453,-2.1299896240234943,32.81001281738281,-7.600006103515625,14.92999267578125,0.0,6.0,5.0,01-19,1.3191677729288696
11-21,9.459999084472663,14.080001831054688,11.019996643066406,6.779998779296875,-13.759994506835938,-34.8800048828125,-30.460006713867188,-0.1399993896484375,32.09001159667969,-10.420013427734375,14.659988403320312,0.0,6.0,5.0,01-20,-0.13083521525065045
11-22,9.189998626708984,12.419998168945327,12.089996337890625,5.010002136230483,-11.159988403320312,-21.029998779296875,-31.98000335693358,-0.09001159667963066,30.240005493164062,-3.6300048828125,17.430007934570284,0.0,6.0,5.0,01-21,1.5408334732055724
11-23,8.459999084472663,14.500000000000014,15.529998779296875,6.1500015258789205,-6.339996337890625,-23.6199951171875,-34.56000518798828,-2.5,30.279998779296875,-3.899993896484375,17.709991455078097,0.0,6.0,5.0,01-22,1.8091665903727219
11-24,7.799999237060554,12.699996948242202,17.449996948242188,7.3800048828125,-1.30999755859375,-18.05999755859375,-38.900001525878906,2.0800018310546875,29.069992065429688,-5.3400115966796875,16.27000427246091,0.0,7.0,4.0,01-23,2.4283323287963863
11-25,6.41999816894532,12.150001525878892,14.269996643066406,8.060005187988281,2.9500122070312784,-13.770004272460938,-37.540000915527344,3.100006103515625,35.720001220703125,-10.260009765625,13.550003051757784,0.0,8.0,3.0,01-24,2.8875007629394527
11-26,6.880001068115227,11.55999755859375,12.17999267578125,5.650001525878906,0.4500122070312784,-7.8699951171875,-32.8300018310547,9.869995117187528,35.42999267578128,-12.820007324218778,16.95000457763672,0.0,8.0,3.0,01-25,3.7874994277954133
11-27,5.279998779296882,10.360000610351577,10.319999694824219,7.1699981689453125,5.080001831054716,9.230010986328125,-31.1300048828125,7.720001220703125,37.75,-9.699996948242216,14.450012207031278,0.0,9.0,2.0,01-26,5.5441684722900435
11-28,5.569999694824219,8.299995422363281,13.579994201660142,7.260002136230483,1.9900054931640625,9.6300048828125,-37.0,7.240005493164034,37.24000549316406,-10.479995727539091,12.589996337890597,0.0,9.0,2.0,01-27,4.660001118977857
11-29,4.5900001525878835,11.209999084472656,12.110000610351548,7.230003356933608,-5.0200042724609375,10.19000244140625,-31.209999084472656,6.600006103515597,37.16999816894531,-10.860000610351534,14.19000244140625,0.0,8.0,3.0,01-28,4.683334032694498
11-30,4.050003051757805,11.25,6.949996948242173,8.610000610351562,-6.839996337890625,10.279998779296875,-30.849998474121094,-10.769989013671903,32.46000671386719,-7.5200042724609375,8.610000610351562,0.0,7.0,4.0,01-29,2.1858348846435507
12-01,2.7900009155273366,7.090003967285156,4.970001220703139,10.15999603271483,-3.6199951171875,-0.2899932861328125,-35.349998474121094,-7.340011596679716,31.199996948242216,-13.669998168945284,14.19000244140625,0.0,6.0,5.0,01-30,0.8441670735677101
12-02,3.1100006103515554,5.459999084472656,4.569999694824219,12.540000915527358,-10.419998168945312,-1.8199920654296875,-29.920005798339844,-6.089996337890625,30.649993896484375,-13.180007934570284,12.139999389648409,0.0,6.0,5.0,01-31,0.5866661071777349
12-03,4.239997863769531,7.099998474121094,4.260002136230483,11.379997253417969,-13.709991455078153,-6.17999267578125,-25.169990539550767,-9.449996948242188,26.30999755859375,-11.870010375976562,15.430000305175767,0.0,6.0,5.0,02-01,0.19500096638997277
12-04,3.1899986267089844,10.370002746582031,5.920005798339844,13.819999694824219,-17.58000183105466,0.7299957275390625,-22.150009155273423,-8.020004272460966,26.55999755859375,-4.1699981689453125,8.410003662109347,0.0,7.0,4.0,02-02,1.4233325322469064
12-05,4.930000305175781,10.739997863769531,5.5300064086914205,11.360000610351562,-12.050003051757812,7.529998779296875,-15.219993591308594,-7.589996337890625,29.050003051757812,-1.1100006103515625,9.220001220703097,0.0,7.0,4.0,02-03,3.5325012207031237
12-06,5.869998931884773,10.729995727539062,4.510002136230469,14.290000915527344,-7.8899993896484375,23.75,-15.989997863769531,-4.110000610351534,32.25,-0.29998779296875,1.100006103515625,0.0,7.0,4.0,02-04,5.350834846496585
12-07,4.959999084472663,10.969993591308594,6.590003967285156,16.97000122070311,-12.229995727539062,28.25,-10.189994812011719,-5.1199951171875,32.3999938964844,0.0099945068359375,-0.6199951171874432,0.0,7.0,4.0,02-05,5.999167124430346
12-08,5.91999816894532,12.279998779296875,14.210006713867188,17.97000122070311,-5.529998779296875,24.139999389648438,-13.030006408691406,-3.5499877929687784,22.840011596679688,4.010009765624972,2.7099914550781534,0.0,8.0,3.0,02-06,6.830835342407224
12-09,6.00999832153321,11.580001831054688,13.229995727539062,19.920005798339844,-2.4900054931640625,21.17999267578122,-15.780006408691406,-3.2200012207030966,13.150009155273438,3.0299987792968466,9.000000000000028,0.0,8.0,3.0,02-07,6.300832430521647
12-10,3.7299995422363352,11.459999084472656,17.52999877929686,23.41000366210936,-3.7100067138671875,25.959991455078153,-20.90000152587892,-7.8800048828125,15.279998779296875,1.229995727539034,7.639999389648466,0.0,8.0,3.0,02-08,6.145831108093262
12-11,2.879997253417976,10.800003051757812,20.139999389648438,20.87999725341797,-1.4799957275390625,27.989990234375,-21.190002441406264,-14.010009765625,17.529998779296875,3.1199951171875284,6.000000000000028,0.0,8.0,3.0,02-09,6.054997762044276
12-12,1.2400016784667898,9.770004272460938,21.62999725341797,19.51000213623047,1.0999908447265625,25.399993896484375,-25.919998168945327,-7.2800140380859375,17.209991455078125,1.42999267578125,0.8899993896484375,0.0,9.0,2.0,02-10,5.414996782938637
12-13,3.2800025939941406,10.080001831054688,22.80999755859375,21.360000610351562,5.309997558593722,21.949996948242216,-29.81999969482422,-9.57000732421875,19.139999389648438,-1.810012817382841,-2.169998168945284,0.0,7.0,4.0,02-11,5.046664873758952
12-14,2.3400001525878906,9.639999389648438,27.0,26.020004272460923,7.4099884033203125,20.949996948242216,-32.31999969482422,-5.910003662109375,12.580001831054688,-1.4299926757812216,-6.6199951171875,0.0,7.0,4.0,02-12,4.971666653951012
12-15,1.9599990844726634,9.680000305175781,27.360000610351562,24.030006408691378,1.1399993896484375,14.800003051757841,-35.790000915527344,4.1399993896484375,9.220001220703125,4.220001220703153,-7.239990234375,0.0,9.0,2.0,02-13,4.46000162760417
12-16,1.3999977111816406,10.959999084472656,25.389999389648438,23.980003356933594,0.649993896484375,12.169998168945341,-25.60999298095703,9.470001220703097,11.720001220703125,7.960006713867216,-5.7599945068359375,0.0,9.0,2.0,02-14,6.02750110626221
12-17,1.2599983215332102,11.340003967285156,30.470001220703125,22.240005493164077,-2.2599945068359375,2.1699981689453125,-21.719993591308594,11.019989013671903,12.860000610351562,12.520004272460966,-6.4199981689453125,0.0,8.0,3.0,02-15,6.123334566752123
12-18,2.4800033569335938,13.080001831054673,29.410003662109375,19.010002136230483,-3.779998779296875,-0.970001220703125,-10.529998779296875,12.879989624023494,20.19000244140625,13.879989624023409,-8.259994506835938,0.0,7.0,4.0,02-16,7.282499949137372
12-19,0.7099990844726562,12.15000152587892,32.08000183105469,19.540000915527358,-7.3800048828125,-4.55999755859375,-0.34999847412109375,11.699996948242216,19.300003051757812,13.379989624023409,-9.600006103515625,0.0,7.0,4.0,02-17,7.247498830159508
12-20,2.4099998474121094,14.25,27.30999755859375,17.97000122070314,-7.7899932861328125,7.94000244140625,-0.26000213623045454,12.040008544921875,12.300003051757812,17.330001831054688,-7.560012817382841,0.0,8.0,3.0,02-18,7.99500052134196
12-21,2.3400001525878906,12.599998474121094,25.979995727539062,21.530006408691378,0.1100006103515625,7.75,8.840003967285142,12.8800048828125,10.67999267578125,18.0,-11.699996948242188,0.0,10.0,1.0,02-19,9.084167162577307
12-22,0.8499984741211009,12.349998474121094,24.169998168945312,22.930000305175824,4.69000244140625,7.0399932861328125,8.0,10.779998779296875,8.470001220703125,24.840003967285142,-15.369995117187472,0.0,10.0,1.0,02-20,9.062500000000005
12-23,-0.26000213623046875,13.239997863769531,26.369995117187486,24.81999969482426,2.8499908447265625,4.5099945068359375,-1.2899932861328267,8.200012207031222,4.79998779296875,25.049995422363267,-9.759994506835938,0.0,8.0,3.0,02-21,8.210831960042315
12-24,-0.19000244140625,14.480003356933594,23.650001525878906,20.20999908447267,4.1999969482421875,6.1100006103515625,-3.6599960327148438,7.0,4.2599945068359375,20.769996643066392,-10.6300048828125,0.0,8.0,3.0,02-22,7.183332443237305
12-26,-1.529998779296875,12.660003662109375,23.680000305175795,21.539993286132827,3.2799987792968466,7.519989013671875,3.4300003051757955,3.1300048828125,0.739990234375,11.25,-9.550003051757812,0.0,9.0,2.0,02-24,6.345831553141277
12-27,-3.3699989318847656,14.610000610351562,23.680000305175795,20.569999694824205,-0.5,2.899993896484375,-2.0100021362304688,3.1300048828125,2.2899932861328125,6.069992065429659,-9.529998779296875,0.0,7.0,4.0,02-25,4.8199987411499
12-28,-3.25,14.819999694824219,25.869995117187514,24.589996337890625,13.040008544921903,4.0699920654296875,-2.25,6.320007324218778,4.8300018310546875,11.620010375976562,-14.899993896484375,0.0,8.0,3.0,02-26,7.0633347829183
12-29,-3.220001220703125,13.139999389648438,25.729995727539077,14.5,11.699996948242216,7.0500030517578125,-5.129997253417969,3.2900085449218466,7.149993896484375,11.409988403320312,-20.779998779296875,0.0,8.0,3.0,02-27,5.403332392374676
12-30,-2.740001678466797,13.459999084472656,26.759994506835923,17.69000244140625,10.1300048828125,10.279998779296875,-5.1399993896484375,5.289993286132841,6.7700042724609375,11.239990234375,-25.379997253417983,0.0,8.0,3.0,02-28,5.6966657638549805
12-31,-1.5,16.040000915527344,21.27000427246095,19.51000213623047,7.7599945068359375,11.5,-4.8899993896484375,0.11999511718752842,1.75,10.050003051757812,-25.879997253417983,0.0,8.0,3.0,03-01,4.6441669464111355
