,2009,2010,2011,2012,2013,2014,2015,2016,2017,2018,2019,2020,ups,downs,avg
01-02,0.0,-12.013346136508453,-1.7482584814286508,61.09755993846765,-2.857148695965302,12.000001788139317,29.999999379118247,0.0,-35.00000651925817,-17.695246092262547,6.628087082041436,-4233.333216918018,4.0,7.0,-349.41013122130613
01-03,0.0,-12.013346136508453,-1.7482584814286508,61.09755993846765,-2.857148695965302,0.0,29.999999379118247,0.0,-35.00000651925817,-17.695246092262547,-3.606185431812209,-4233.333216918018,2.0,9.0,-351.26298741313894
01-04,0.0,-12.013346136508453,1.8881084894606894,61.09755993846765,-2.857148695965302,0.0,29.999999379118247,0.0,-35.00000651925817,-17.695246092262547,-3.4285762334356296,-3233.333100502701,3.0,8.0,-267.6118130310904
01-05,0.0,-12.013346136508453,1.8881084894606894,61.09755993846765,-2.857148695965302,0.0,-5.000000931322613,0.0,-35.00000651925817,-17.695246092262547,-66.48168044079983,-3233.333100502701,2.0,9.0,-275.78290507424083
01-06,0.0,-17.90878261522772,1.8881084894606894,61.09755993846765,-2.857148695965302,0.0,-5.000000931322613,0.0,-35.00000651925817,0.9523800873701953,-72.66186842124449,-185.71427050901963,3.0,8.0,-21.26700243139495
01-07,0.0,-17.90878261522772,1.8881084894606894,61.09755993846765,-2.857148695965302,0.0,-5.000000931322613,0.0,-35.00000651925817,0.9523800873701953,-71.64926616947109,-185.71427050901963,3.0,8.0,-21.182618910413833
01-08,0.0,-45.272526163555284,-9.090909090909092,54.42856983505947,-2.857148695965302,0.0,-5.000000931322613,0.0,-35.00000651925817,0.9523800873701953,-36.17509067573286,-185.71427050901963,2.0,9.0,-21.977416888611106
01-09,0.0,-45.272526163555284,-9.090909090909092,61.09755993846765,-2.857148695965302,0.0,-5.000000931322613,0.0,9.999995653827877,0.9523800873701953,-36.17509067573286,16.666669253673795,4.0,7.0,-0.8065892186788032
01-10,0.0,-49.0867595287994,-9.090909090909092,61.09755993846765,-2.857148695965302,0.0,-5.000000931322613,0.0,9.999995653827877,0.0,-36.97842183193806,16.666669253673795,3.0,8.0,-1.270751269413762
01-11,0.0,-49.0867595287994,-9.090909090909092,61.09755993846765,-2.857148695965302,0.0,-5.000000931322613,0.0,9.999995653827877,0.0,-93.16492806868439,96.66666687362722,3.0,8.0,0.7137063458534953
01-12,0.0,-49.0867595287994,-13.636367804520766,61.09755993846765,-2.857148695965302,0.0,-5.000000931322613,0.0,9.999995653827877,0.0,-126.39549660406438,96.66666687362722,3.0,8.0,-2.434295924895809
01-13,0.0,-49.0867595287994,-13.636367804520766,61.09755993846765,-2.857148695965302,0.0,-5.000000931322613,0.0,9.999995653827877,0.0,-161.78002025997242,60.0000014901161,3.0,8.0,-8.43856167818074
01-14,0.0,-49.0867595287994,-9.090909090909092,61.09755993846765,-2.857148695965302,0.0,-5.000000931322613,0.0,9.999995653827877,0.0,-166.01468246394194,60.0000014901161,3.0,8.0,-8.412661969043894
01-15,0.0,-5.7489861660275725,-38.795403272691104,61.09755993846765,-2.857148695965302,0.0,-5.000000931322613,0.0,9.999995653827877,0.0,-181.47058237021798,60.0000014901161,3.0,8.0,-8.564547029484414
01-16,0.0,14.285716602707236,-38.795403272691104,61.09755993846765,-2.857148695965302,0.0,-5.000000931322613,0.0,9.999995653827877,0.0,-120.58823207154836,60.0000014901161,4.0,7.0,-1.8214592738673776
01-17,0.0,-2.439022026387315,-47.96978365371627,61.09755993846765,-2.857148695965302,0.0,-5.000000931322613,0.0,9.999995653827877,0.0,-114.28572188834751,60.0000014901161,3.0,8.0,-3.4545100094439487
01-18,0.0,12.50000413921128,-47.96978365371627,61.09755993846765,-2.857148695965302,0.0,-5.000000931322613,0.0,9.999995653827877,0.0,-138.83133343967694,60.0000014901161,4.0,7.0,-4.255058791588185
01-19,0.0,12.50000413921128,-57.12936830559365,61.09755993846765,-2.857148695965302,0.0,-5.000000931322613,0.0,9.999995653827877,0.0,-133.33333954215064,60.0000014901161,4.0,7.0,-4.560191354450775
01-20,0.0,12.50000413921128,-46.3644881947909,61.09755993846765,-2.857148695965302,0.0,-5.000000931322613,0.0,9.999995653827877,0.0,-124.35898140053247,85.71428609441737,4.0,7.0,-0.7723977830572591
01-21,0.0,20.555555003660718,-50.141644048045706,61.09755993846765,-2.857148695965302,0.0,-5.000000931322613,0.0,9.999995653827877,0.0,-138.09523628508737,85.71428609441737,4.0,7.0,-1.5605527725039476
01-22,0.0,20.555555003660718,-41.20781237940777,61.09755993846765,-2.857148695965302,0.0,-5.000000931322613,0.0,9.999995653827877,0.0,-138.09523628508737,85.71428609441737,4.0,7.0,-0.816066800117453
01-23,0.0,19.719291811467617,-41.20781237940777,61.09755993846765,-2.857148695965302,0.0,-5.000000931322613,0.0,9.999995653827877,0.0,-119.72788275219123,85.71428609441737,4.0,7.0,0.6448573949411328
01-24,0.0,-16.734697055141336,-42.345573541300375,61.09755993846765,-2.857148695965302,0.0,-5.000000931322613,0.0,9.999995653827877,0.0,-84.16667147850012,87.19918114190543,3.0,8.0,0.5993870859976008
01-25,0.0,4.66666600439288,-42.345573541300375,61.09755993846765,-2.857148695965302,64.7887330225147,-5.000000931322613,0.0,9.999995653827877,0.0,-152.9341309172632,87.19918114190543,5.0,6.0,2.051273472938089
01-26,0.0,4.66666600439288,-30.528197479742737,50.92307424263126,-2.857148695965302,64.7887330225147,-5.000000931322613,0.0,9.999995653827877,0.0,-105.8909167262149,87.19918114190543,5.0,6.0,6.108448852668883
01-27,0.0,4.66666600439288,-30.7072568789471,50.92307424263126,-2.857148695965302,64.7887330225147,-49.999999999999986,0.0,33.33333333333333,0.0,-121.17188759081759,86.75496657698996,5.0,6.0,2.9775400011776796
01-28,0.0,4.66666600439288,-38.764545641310264,50.92307424263126,-2.857148695965302,64.7887330225147,-49.999999999999986,0.0,33.33333333333333,0.0,-117.76923317193277,86.75496657698996,5.0,6.0,2.5896538058878176
01-29,0.0,-7.216496688227496,-38.67502661398124,51.66666772028409,-2.857148695965302,64.7887330225147,-49.999999999999986,0.0,33.33333333333333,0.0,-128.2692215662209,86.75496657698996,4.0,7.0,0.7938172573939314
01-30,0.0,2.721083815179801,-47.523818584797205,51.66666772028409,-2.857148695965302,64.7887330225147,-49.999999999999986,0.0,33.33333333333333,0.0,-159.61538957509057,89.36848801922672,5.0,6.0,-1.509837578776202
01-31,0.0,10.344825008987394,-47.523818584797205,51.66666772028409,-2.857148695965302,64.7887330225147,-49.999999999999986,0.0,33.33333333333333,0.0,-161.2121191596197,95.74739491064966,5.0,6.0,-0.4760110370510849
02-01,0.0,10.344825008987394,-44.09524572895805,51.66666772028409,-2.857148695965302,64.7887330225147,-49.999999999999986,0.0,33.33333333333333,0.0,-199.88077886404113,95.74739491064966,5.0,6.0,-3.412684941099608
02-02,0.0,10.344825008987394,-44.09524572895805,51.66666772028409,-2.857148695965302,64.7887330225147,-49.999999999999986,0.0,33.33333333333333,0.0,-193.50105522559443,95.74739491064966,5.0,6.0,-2.8810413045623826
02-03,0.0,10.344825008987394,-40.09258808545144,51.66666772028409,-2.857148695965302,7.407408429434898,-49.999999999999986,0.0,33.33333333333333,0.0,-154.54545700845642,95.74739491064966,5.0,6.0,-4.082963698931981
02-04,0.0,14.04958085529219,-21.721639122895894,51.66666772028409,-2.857148695965302,7.407408429434898,-49.999999999999986,0.0,33.33333333333333,0.0,-138.54148887328978,95.74739491064966,5.0,6.0,-0.9096576202630663
02-05,0.0,13.003802005616889,-21.721639122895894,51.66666772028409,-2.857148695965302,7.407408429434898,-49.999999999999986,0.0,33.33333333333333,0.0,-164.61067542895907,95.74739491064966,5.0,6.0,-3.1692380707084475
02-06,0.0,0.08732991593092004,-21.721639122895894,51.66666772028409,-2.857148695965302,7.407408429434898,-49.999999999999986,0.0,33.33333333333333,0.0,-158.27228666492707,95.74739491064966,5.0,6.0,-3.7174116811796125
02-07,0.0,8.479995727539062,-20.75019841258517,51.66666772028409,-2.857148695965302,7.407408429434898,-49.999999999999986,0.0,33.33333333333333,0.0,-180.08299823110548,98.63445380925793,5.0,6.0,-4.514040526650551
02-08,0.0,17.101445118936752,-20.75019841258517,51.66666772028409,-2.857148695965302,7.407408429434898,-49.999999999999986,0.0,33.33333333333333,0.0,-154.5999846667054,99.70212766944,5.0,6.0,-1.5830291253189006
02-09,0.0,17.101445118936752,-20.75019841258517,51.66666772028409,-2.857148695965302,7.407408429434898,-49.999999999999986,0.0,33.33333333333333,0.0,-129.07661472850938,99.67693551161823,5.0,6.0,0.5418190230456202
02-10,0.0,17.101445118936752,-20.75019841258517,51.66666772028409,-2.857148695965302,7.407408429434898,-49.999999999999986,0.0,33.33333333333333,0.0,-144.44444791548128,99.67693551161823,5.0,6.0,-0.7388337425353709
02-11,0.0,17.101445118936752,-11.57817632988693,51.66666772028409,-2.857148695965302,7.407408429434898,-49.999999999999986,0.0,33.33333333333333,0.0,-137.9591886074233,99.67693551161823,5.0,6.0,0.5659397066943145
02-12,0.0,34.85507303339873,-15.938702854893622,51.66666772028409,-2.857148695965302,7.407408429434898,-49.999999999999986,0.0,33.33333333333333,0.0,-138.57142868003763,99.16926272881028,5.0,6.0,1.5887054178637332
02-13,0.0,34.85507303339873,-15.938702854893622,51.66666772028409,-2.857148695965302,7.407408429434898,-49.999999999999986,0.0,33.33333333333333,0.0,-98.97958974213162,99.21739133198821,5.0,6.0,4.8920360462873935
02-14,0.0,34.85507303339873,-16.653812835908045,51.66666772028409,-2.857148695965302,7.407408429434898,-49.999999999999986,0.0,33.33333333333333,0.0,-105.34979288228857,98.59999995678663,5.0,6.0,4.250144004922982
02-15,0.0,25.083337224191947,-16.653812835908045,51.66666772028409,-2.857148695965302,7.407408429434898,-49.999999999999986,0.0,33.33333333333333,-162.4999841675165,-157.75001029111468,98.64995166534352,5.0,6.0,-14.468354801493058
02-16,0.0,25.083337224191947,-16.653812835908045,51.66666772028409,-2.857148695965302,7.407408429434898,-49.999999999999986,0.0,33.33333333333333,-162.4999841675165,-178.61112065429344,98.80300954912674,5.0,6.0,-16.19402584144269
02-17,0.0,25.083337224191947,-16.653812835908045,9.090909090909092,-2.857148695965302,7.407408429434898,-49.999999999999986,0.0,33.33333333333333,-162.4999841675165,-54.40270111061359,98.80790184210026,5.0,6.0,-9.39089640750282
02-18,0.0,25.083337224191947,-16.653812835908045,-34.88371480536384,-2.857148695965302,7.407408429434898,-49.999999999999986,0.0,28.571432372745086,-162.4999841675165,-54.40270111061359,98.80790184210026,4.0,7.0,-13.452273478907921
02-19,0.0,25.083337224191947,-39.44700076030256,-34.88371480536384,-2.857148695965302,7.407408429434898,-49.999999999999986,0.0,28.571432372745086,-162.4999841675165,-54.40270111061359,99.76158038428046,4.0,7.0,-15.272232594092449
02-20,0.0,23.813556864904655,-39.44700076030256,-34.88371480536384,25.714287173991323,7.407408429434898,-49.999999999999986,0.0,28.571432372745086,-162.4999841675165,-60.34482560870876,99.79088872829861,5.0,6.0,-13.489829314376422
02-21,0.0,25.207988966099435,-39.44700076030256,-34.88371480536384,25.714287173991323,7.407408429434898,-49.999999999999986,0.0,28.571432372745086,-162.4999841675165,-30.666660766409137,99.25317401970167,5.0,6.0,-10.945255794801632
02-22,0.0,25.207988966099435,-39.44700076030256,-34.88371480536384,0.0,7.407408429434898,-49.999999999999986,0.0,28.571432372745086,-162.4999841675165,-28.71853429866938,99.7012695870146,4.0,7.0,-12.888427889713185
02-23,0.0,25.207988966099435,-39.44700076030256,-39.53488694454536,0.0,7.407408429434898,-49.999999999999986,0.0,28.571432372745086,-162.4999841675165,-41.36125354910282,99.76218786608396,4.0,7.0,-14.324508982258651
02-24,0.0,25.207988966099435,-31.05990788473284,-39.53488694454536,0.0,7.407408429434898,-49.999999999999986,0.0,28.571432372745086,-162.4999841675165,-62.3246528593022,99.74715549010202,4.0,7.0,-15.373787216476286
02-25,0.0,25.083337224191947,-31.797225554954935,-76.74418088872741,0.0,7.407408429434898,-49.999999999999986,0.0,28.571432372745086,-162.4999841675165,-64.30020308499377,99.55752211503727,4.0,7.0,-18.726824462898616
02-26,0.0,24.832775578042966,-31.797225554954935,-76.74418088872741,0.0,7.407408429434898,-49.999999999999986,0.0,28.571432372745086,-162.4999841675165,-44.01623168676008,99.55752211503727,4.0,7.0,-17.05737365022489
02-27,0.0,17.522939311646194,-31.797225554954935,-76.74418088872741,0.0,7.407408429434898,-49.999999999999986,0.0,28.571432372745086,-162.4999841675165,-54.239350128020035,99.96999999857508,4.0,7.0,-18.484080052234802
02-28,0.0,16.759263582435484,-43.718587004510184,-86.0465113055455,-104.67835452144794,7.407408429434898,-49.999999999999986,0.0,28.571432372745086,-162.4999841675165,-61.49757877650342,99.96999999857508,4.0,7.0,-29.644409282694415
02-29,0.0,0.0,0.0,-90.69766958318195,0.0,0.0,0.0,0.0,0.0,0.0,0.0,99.9692622939674,1.0,2.0,0.772632725898788
03-01,0.0,16.759263582435484,-43.718587004510184,-67.34693405877454,-104.67835452144794,7.407408429434898,-49.999999999999986,0.0,28.571432372745086,-162.4999841675165,-62.79069283899599,99.9692622939674,4.0,7.0,-28.193932159388524
03-02,0.0,16.759263582435484,-43.718587004510184,-67.34693405877454,-104.67835452144794,7.407408429434898,-49.999999999999986,0.0,28.571432372745086,-162.4999841675165,-61.54191285559115,99.96402877489969,4.0,7.0,-28.090303287360427
03-03,0.0,16.759263582435484,-43.718587004510184,-67.34693405877454,-104.67835452144794,7.407408429434898,-49.999999999999986,0.0,28.571432372745086,-162.4999841675165,-67.78399073810957,99.96402877489969,4.0,7.0,-28.610476444236962
03-04,0.0,16.759263582435484,-43.718587004510184,-67.34693405877454,-104.67835452144794,7.407408429434898,0.0,0.0,28.571432372745086,-162.4999841675165,-80.20000711530463,99.58033571414227,4.0,7.0,-25.510452230733005
03-05,0.0,12.718445242310828,-42.71456929099619,-51.85184449325403,-104.67835452144794,7.407408429434898,0.0,0.0,28.571432372745086,-162.4999841675165,-73.75000209547584,98.50000000931323,4.0,7.0,-24.024789042907205
03-06,0.0,13.140094876776192,-51.322746917604114,-29.629622271031803,-104.67835452144794,7.407408429434898,0.0,0.0,28.571432372745086,-162.4999841675165,-74.77499711755652,98.72340424098462,4.0,7.0,-22.921947089601336
03-07,0.0,16.37209775294382,-51.322746917604114,-51.85184449325403,-104.67835452144794,7.407408429434898,0.0,0.0,28.571432372745086,-162.4999841675165,-73.75000209547584,54.2131524843986,4.0,7.0,-28.128236762981334
03-08,0.0,9.829487667876457,-51.322746917604114,-51.85184449325403,-104.67835452144794,7.407408429434898,0.0,0.0,-7.14285144088236,-162.4999841675165,-75.48891155471368,52.9264074851386,3.0,8.0,-31.901782459414054
03-09,0.0,12.136408670018865,-51.322746917604114,-51.85184449325403,-104.67835452144794,7.407408429434898,0.0,0.0,-7.14285144088236,-162.4999841675165,-134.9999769908553,30.01119672897547,3.0,8.0,-38.57839539192758
03-10,0.0,12.136408670018865,-51.322746917604114,-51.85184449325403,-104.67835452144794,7.407408429434898,0.0,0.0,-7.14285144088236,-162.4999841675165,-128.28570336833295,30.01119672897547,3.0,8.0,-38.01887259005072
03-11,0.0,17.202267184982954,-51.322746917604114,-51.85184449325403,-104.67835452144794,7.407408429434898,0.0,0.0,-7.14285144088236,-162.4999841675165,-121.94444432946634,94.16759987226384,3.0,8.0,-31.721912531957468
03-12,0.0,-12.477227552500898,-9.082124146055433,-49.090904558985784,-104.67835452144794,7.407408429434898,0.0,0.0,-7.14285144088236,-162.4999841675165,-91.94445260788959,94.83257530322538,2.0,9.0,-27.88965960521819
03-13,0.0,-43.83562554610862,-9.082124146055433,-49.090904558985784,-104.67835452144794,7.407408429434898,0.0,0.0,-7.14285144088236,-162.4999841675165,-88.88890728538497,94.68085097107696,2.0,9.0,-30.260874355489147
03-14,0.0,-43.83562554610862,-9.082124146055433,-49.090904558985784,-104.67835452144794,7.407408429434898,0.0,0.0,-7.14285144088236,-162.4999841675165,-119.43573880039347,94.79166647264113,2.0,9.0,-32.797209023276174
03-15,0.0,-49.999999999999986,-9.082124146055433,-49.090904558985784,-104.67835452144794,7.407408429434898,0.0,0.0,-7.14285144088236,-162.4999841675165,-68.46353707371864,95.03968254554877,2.0,9.0,-29.042555411135243
03-16,0.0,-25.51020358513415,-2.3188453537572995,-49.090904558985784,-104.67835452144794,7.407408429434898,0.0,0.0,-7.14285144088236,-162.4999841675165,-46.98677211617392,94.80638171590083,2.0,9.0,-24.667843799880185
03-17,0.0,-46.938778489195,2.7548183432119777,-49.090904558985784,-104.67835452144794,7.407408429434898,0.0,0.0,-7.14285144088236,-162.4999841675165,-70.94015814970889,94.80638171590083,3.0,8.0,-28.0268685699324
03-18,0.0,-33.33333333333333,2.7548183432119777,-95.23809963072793,-104.67835452144794,7.407408429434898,0.0,0.0,-7.14285144088236,-162.4999841675165,-59.151185220340984,85.45786895930418,3.0,8.0,-30.53530938185817
03-19,0.0,-41.453835734518336,-36.81652828805252,-95.23809963072793,-104.67835452144794,7.407408429434898,0.0,0.0,-7.14285144088236,-162.4999841675165,-65.51723183864215,83.33333274201739,2.0,9.0,-35.217178704194616
03-20,0.0,-55.73769605449183,-15.48718145597453,-95.23809963072793,-104.67835452144794,7.407408429434898,0.0,0.0,-7.14285144088236,-162.4999841675165,-55.968166851893585,79.70329115551077,2.0,9.0,-34.136802878165746
03-21,0.0,-55.73769605449183,-15.48718145597453,-95.23809963072793,-104.67835452144794,7.407408429434898,0.0,0.0,-7.14285144088236,-162.4999841675165,-56.821735519784575,79.70329115551077,2.0,9.0,-34.207933600489994
03-22,0.0,-55.73769605449183,-15.48718145597453,-54.76190391716771,-104.67835452144794,-162.96296475151107,0.0,0.0,-7.14285144088236,-162.4999841675165,-24.626866294044937,74.7999999807727,1.0,10.0,-42.75815021852201
03-23,0.0,-7.103824709453445,-14.564098099828387,-54.76190391716771,-104.67835452144794,-162.96296475151107,0.0,0.0,-7.14285144088236,-162.4999841675165,-89.65517684338928,74.7999999807727,1.0,10.0,-44.04742987253533
03-24,0.0,-31.147543119399607,-14.564098099828387,-54.76190391716771,-104.67835452144794,-162.96296475151107,0.0,0.0,-7.14285144088236,-162.4999841675165,-35.13513513513511,74.7999999807727,1.0,10.0,-41.507736264343
03-25,0.0,-51.89873608731435,-14.564098099828387,-54.76190391716771,-104.67835452144794,-162.96296475151107,0.0,80.00000074505806,-7.14285144088236,-162.4999841675165,-77.41935677694607,75.6451625928174,2.0,9.0,-40.0235905353949
03-26,0.0,-35.063291454406865,-14.564098099828387,-38.29786761846407,-104.67835452144794,-162.96296475151107,0.0,80.00000074505806,-7.14285144088236,-162.4999841675165,-65.161288849521,69.65806594081027,2.0,9.0,-36.726052851475814
03-27,0.0,-48.86075532965483,-14.564098099828387,-40.425537851073734,-104.67835452144794,-162.96296475151107,0.0,80.00000074505806,-7.14285144088236,-162.4999841675165,-67.74194168622745,59.93866971641527,2.0,9.0,-39.07815144888907
03-28,0.0,-48.86075532965483,-14.564098099828387,-40.425537851073734,-104.67835452144794,-162.96296475151107,0.0,80.00000074505806,-7.14285144088236,-162.4999841675165,-59.67742109925147,63.02673317363787,2.0,9.0,-38.14876944520585
03-29,0.0,-48.86075532965483,-7.69230016825014,-40.425537851073734,-104.67835452144794,-162.96296475151107,0.0,80.00000074505806,-7.14285144088236,-162.4999841675165,-57.74294585915296,60.808333996124595,2.0,9.0,-37.59977994569224
03-30,0.0,-61.518985851894804,-7.69230016825014,-40.425537851073734,-104.67835452144794,-162.96296475151107,0.0,80.00000074505806,-7.14285144088236,-162.4999841675165,-36.67622112939921,60.808333996124595,2.0,9.0,-36.89907209506609
03-31,0.0,-68.48100433974616,-10.769232462143703,-40.425537851073734,-104.67835452144794,-162.96296475151107,0.0,80.00000074505806,-7.14285144088236,-162.4999841675165,-37.74183727915042,60.808333996124595,2.0,9.0,-37.82445267269077
04-01,0.0,-66.4556989244229,-52.141991838467746,-40.425537851073734,-104.67835452144794,-162.96296475151107,0.0,80.00000074505806,-7.14285144088236,-162.4999841675165,-38.4615426206213,60.808333996124595,2.0,9.0,-41.16338261456341
04-02,0.0,-44.93670250967994,-43.03797529130309,-40.425537851073734,-104.67835452144794,0.0,0.0,80.00000074505806,-7.14285144088236,-162.4999841675165,-59.65167614822482,61.608165519905775,2.0,9.0,-26.730409638763714
04-03,0.0,-44.93670250967994,-43.03797529130309,-40.425537851073734,-104.67835452144794,-28.57143363985079,0.0,80.00000074505806,-7.14285144088236,-162.4999841675165,-70.36285410670293,51.38640605956706,2.0,9.0,-30.85577389365268
04-04,0.0,-44.93670250967994,-43.03797529130309,-40.425537851073734,-104.67835452144794,-28.57143363985079,0.0,80.00000074505806,-7.14285144088236,-162.4999841675165,-69.12280720099922,-140.0040815925881,1.0,10.0,-46.70164395585697
04-05,0.0,-44.93670250967994,-43.03797529130309,-40.425537851073734,-104.67835452144794,-28.57143363985079,0.0,80.00000074505806,-7.14285144088236,-162.4999841675165,-29.87013250906046,-140.0040815925881,1.0,10.0,-43.43058773152874
04-06,0.0,-58.22784380354279,-44.18872215669217,-40.425537851073734,-104.67835452144794,-28.57143363985079,0.0,80.00000074505806,-7.14285144088236,-151.91937899624088,-62.619807356079384,-134.99999590218073,1.0,10.0,-46.064493743577735
04-07,0.0,-74.68353895551992,-44.18872215669217,-40.425537851073734,-104.67835452144794,-28.57143363985079,0.0,80.00000074505806,-7.14285144088236,-151.91937899624088,-64.19355455068853,-116.67499517388649,1.0,10.0,-46.0398638784354
04-08,0.0,-74.68353895551992,-56.04141761379636,-69.23078216274392,-104.67835452144794,-28.57143363985079,0.0,80.00000074505806,-7.14285144088236,-151.91937899624088,-79.2253547453574,-130.0000007450581,1.0,10.0,-51.79109267298663
04-09,0.0,-74.68353895551992,-50.1726031131183,-69.23078216274392,-104.67835452144794,-28.57143363985079,0.0,80.00000074505806,-7.14285144088236,-151.91937899624088,-67.95774209107104,-119.29824549937548,1.0,10.0,-49.471244139599385
04-10,0.0,-74.68353895551992,-95.35927860532266,-69.23078216274392,-104.67835452144794,-28.57143363985079,0.0,80.00000074505806,-7.14285144088236,-151.91937899624088,-72.53520563274384,-188.05552768486632,1.0,10.0,-59.348029241213375
04-11,0.0,-74.68353895551992,-95.35927860532266,-69.23078216274392,-104.67835452144794,-28.57143363985079,0.0,80.00000074505806,-7.14285144088236,-151.91937899624088,-53.31230013288827,-159.24998135492234,1.0,10.0,-55.34565825539675
04-12,0.0,-74.68353895551992,-95.35927860532266,-69.23078216274392,-104.67835452144794,-28.57143363985079,0.0,80.00000074505806,-7.14285144088236,4.030706975023465,-41.843965822443685,-159.24998135492234,2.0,9.0,-41.39412323192101
04-13,0.0,-74.68353895551992,-94.16168920281459,-69.23078216274392,-104.67835452144794,-28.57143363985079,0.0,80.00000074505806,-7.14285144088236,4.030706975023465,-27.65956659814951,-224.0624887659212,2.0,9.0,-45.51333313060405
04-14,0.0,-51.89873608731435,-94.16168920281459,-10.256416134580567,-104.67835452144794,-28.57143363985079,0.0,80.00000074505806,0.0,4.030706975023465,-43.99999165534986,-265.5000112690034,2.0,9.0,-42.91966039919
04-15,0.0,-51.89873608731435,-58.36386342894818,-10.256416134580567,-104.67835452144794,-28.57143363985079,0.0,80.00000074505806,0.0,4.030706975023465,-3.151862586523607,-266.99999944120646,2.0,9.0,-36.65749650998253
04-16,0.0,-51.89873608731435,-76.42276769463194,-10.256416134580567,-104.67835452144794,-28.57143363985079,0.0,80.00000074505806,0.0,4.030706975023465,-86.13182169799167,-353.2836883532542,2.0,9.0,-52.26770920074916
04-17,0.0,-62.75860810251538,-76.42276769463194,-10.256416134580567,-104.67835452144794,-28.57143363985079,0.0,80.00000074505806,0.0,4.030706975023465,-136.38970466345523,-353.2836883532542,2.0,9.0,-57.36085544913788
04-18,0.0,-62.75860810251538,-76.42276769463194,-10.256416134580567,-104.67835452144794,-28.57143363985079,0.0,80.00000074505806,0.0,4.030706975023465,-180.80322044606834,-502.3933834230813,2.0,9.0,-73.48778968684123
04-19,0.0,-62.75860810251538,-76.42276769463194,-10.256416134580567,-104.67835452144794,-35.00000651925817,0.0,80.00000074505806,0.0,4.030706975023465,-129.2000021159649,-502.3933834230813,2.0,9.0,-69.72323589928322
04-20,0.0,-65.79310102156603,-76.42276769463194,-10.256416134580567,-104.67835452144794,-35.00000651925817,0.0,80.00000074505806,0.0,4.030706975023465,-99.23505902402702,-646.2103975123765,2.0,9.0,-79.46378289231723
04-21,0.0,-65.79310102156603,-76.42276769463194,-10.256416134580567,-104.67835452144794,-35.00000651925817,0.0,80.00000074505806,0.0,4.030706975023465,-169.0141010113377,-837.3606659682786,2.0,9.0,-101.20789209591828
04-22,0.0,-53.8461656024945,-76.42276769463194,-10.256416134580567,-104.67835452144794,-35.00000651925817,0.0,90.00000037252902,0.0,4.030706975023465,-183.66338423088246,-781.6317202727284,2.0,9.0,-95.95567563570596
04-23,0.0,-53.3333363899819,-76.42276769463194,-34.375005238689596,-104.67835452144794,-35.00000651925817,0.0,90.00000037252902,0.0,4.030706975023465,-147.02970790034516,-1014.5786481747448,2.0,9.0,-114.28225992429559
04-24,0.0,-29.761912786906763,-76.42276769463194,-34.375005238689596,-104.67835452144794,-35.00000651925817,0.0,90.00000037252902,0.0,4.030706975023465,-144.0594158006903,-1014.5786481747448,2.0,9.0,-112.07045028240141
04-25,0.0,-71.65355114153688,-76.13637078346726,-34.375005238689596,0.0,-35.00000651925817,0.0,90.00000037252902,0.0,4.030706975023465,-100.32406575413152,-810.3628254051936,2.0,9.0,-86.15175979122705
04-26,0.0,-74.95986971554134,-76.13637078346726,-53.12500640284286,0.0,-35.00000651925817,0.0,90.00000037252902,0.0,4.030706975023465,-99.07407567099202,-810.3628254051936,2.0,9.0,-87.88562059581189
04-27,0.0,-73.35473487606349,-61.52597567530563,-53.12500640284286,0.0,-35.00000651925817,0.0,90.00000037252902,0.0,4.030706975023465,-71.61538040514537,-1120.0000409781942,2.0,9.0,-110.04920312577144
04-28,0.0,-73.35473487606349,-61.52597567530563,-53.12500640284286,0.0,-35.00000651925817,0.0,90.00000037252902,-7.692308794464562,4.030706975023465,-109.48357505454578,-1120.0000409781942,2.0,9.0,-113.84591174609352
04-29,0.0,-73.35473487606349,-61.52597567530563,-53.12500640284286,0.0,-35.00000651925817,0.0,90.00000037252902,-7.692308794464562,4.030706975023465,-117.6585297242722,-942.500012572855,2.0,9.0,-99.73548893479244
04-30,0.0,-65.32904154395732,-62.662334363674454,-53.12500640284286,0.0,-35.00000651925817,0.0,90.00000037252902,-7.692308794464562,4.030706975023465,-109.5609663729866,-661.9047970458234,2.0,9.0,-75.10364614128791
05-01,0.0,-65.59999465942387,-62.662334363674454,-53.12500640284286,0.0,-35.00000651925817,0.0,90.00000037252902,-7.692308794464562,4.030706975023465,-95.1219414686039,-1303.6135928765461,2.0,9.0,-127.39870647810513
05-02,0.0,-65.59999465942387,-29.79274029337992,-68.75001047737919,0.0,-35.00000651925817,0.0,90.00000037252902,-7.692308794464562,4.030706975023465,-43.88489227914137,-878.3635000085108,2.0,9.0,-86.25439547366712
05-03,0.0,-65.59999465942387,-22.409323154527897,-68.75001047737919,0.0,-35.00000651925817,0.0,90.00000037252902,-7.692308794464562,4.030706975023465,-63.6790542245994,-878.3635000085108,2.0,9.0,-87.28862420755094
05-04,0.0,-72.00000762939457,-22.409323154527897,-68.75001047737919,0.0,-35.00000651925817,0.0,90.00000037252902,-7.692308794464562,4.030706975023465,-123.68421891079866,-878.3635000085108,2.0,9.0,-92.82238901223178
05-05,0.0,-59.519996643066406,-22.409323154527897,-68.75001047737919,0.0,-35.00000651925817,0.0,90.00000037252902,-7.692308794464562,4.030706975023465,-123.68421891079866,-851.6201759102487,2.0,9.0,-89.5537777551826
05-06,0.0,-69.27999496459961,-22.409323154527897,-68.75001047737919,0.0,-35.00000651925817,0.0,90.00000037252902,-40.00000745058077,4.030706975023465,-70.00001303851634,-540.0478118800106,2.0,9.0,-62.621371678110016
05-07,0.0,-75.68000793457034,-34.067350622231594,-68.75001047737919,0.0,-35.00000651925817,0.0,90.00000037252902,-40.00000745058077,4.030706975023465,-75.00000465661297,-622.4130314073632,2.0,9.0,-71.40664264337032
05-08,0.0,-68.92560710038089,-65.59999465942387,-68.75001047737919,0.0,-35.00000651925817,0.0,90.00000037252902,-40.00000745058077,4.030706975023465,-79.99999627470962,-582.9410068178984,2.0,9.0,-70.59882682933987
05-09,0.0,-43.13725130086723,-65.59999465942387,-71.87500756699609,0.0,-35.00000651925817,-100.0,90.00000037252902,-40.00000745058077,4.030706975023465,-14.33692033846999,-597.4716527167664,2.0,9.0,-72.78251110040084
05-10,0.0,-43.13725130086723,-65.59999465942387,-120.00000476837158,0.0,-35.00000651925817,-100.0,90.00000037252902,-40.00000745058077,2.1526418358697033,-51.18111136997477,-344.8563339567009,2.0,9.0,-58.96850565139821
05-11,0.0,-43.13725130086723,-65.59999465942387,-120.00000476837158,0.0,-35.00000651925817,-100.0,90.00000037252902,-40.00000745058077,2.1526418358697033,-117.12765648622097,-372.16210634351796,2.0,9.0,-66.73953210998683
05-12,0.0,-37.2549071987386,-74.23999786376953,-120.00000476837158,0.0,-35.00000651925817,-100.0,90.00000037252902,-40.00000745058077,2.1526418358697033,-159.83449372213894,-395.77023071588746,2.0,9.0,-72.49558383586219
05-13,0.0,-51.260513040728505,-74.23999786376953,-120.00000476837158,0.0,-35.00000651925817,-100.0,90.00000037252902,-40.00000745058077,2.1526418358697033,-164.37822698140383,-373.49989820129224,2.0,9.0,-72.18550105141715
05-14,0.0,-49.7058817599884,-31.680002212524418,-120.00000476837158,0.0,-35.00000651925817,-100.0,90.00000037252902,-40.00000745058077,2.1526418358697033,-127.3316148904001,-368.2274179709336,2.0,9.0,-64.98269111363818
05-15,0.0,-34.55882526959924,-31.680002212524418,-67.99999475479126,0.0,-35.00000651925817,-100.0,90.00000037252902,-40.00000745058077,2.1526418358697033,-144.17098840949777,-381.11249836785726,2.0,9.0,-61.86414006464252
05-16,0.0,-34.55882526959924,-31.680002212524418,-67.99999475479126,0.0,-35.00000651925817,-100.0,90.00000037252902,-40.00000745058077,2.1526418358697033,-133.29269208215672,-381.11249836785726,2.0,9.0,-60.957615370697425
05-17,0.0,-34.55882526959924,-56.00000381469729,-67.99999475479126,0.0,-35.00000651925817,-100.0,90.00000037252902,-40.00000745058077,2.1526418358697033,-258.9285732104387,-381.11249836785726,2.0,9.0,-73.45393893156866
05-18,0.0,-34.55882526959924,-56.00000381469729,-67.99999475479126,0.0,-35.00000651925817,-100.0,90.00000037252902,-40.00000745058077,2.1526418358697033,-135.77235870851757,-381.11249836785726,2.0,9.0,-63.19092105640857
05-19,0.0,-34.55882526959924,-56.00000381469729,-67.99999475479126,0.0,-35.00000651925817,-100.0,90.00000037252902,-40.00000745058077,-15.740739463206378,-239.97653460229046,-287.50001164153247,1.0,10.0,-65.56467692861891
05-20,0.0,-16.17647252177695,-56.00000381469729,-67.99999475479126,0.0,-35.00000651925817,-100.0,50.0,-40.00000745058077,-15.740739463206378,-262.49997235136254,-287.50001164153247,1.0,10.0,-69.24310070976715
05-21,0.0,-16.17647252177695,-17.18750044775124,-67.99999475479126,0.0,-35.00000651925817,-100.0,50.0,-40.00000745058077,-15.740739463206378,-408.7499730789583,-193.4875032340177,1.0,10.0,-70.36184978919506
05-22,0.0,-16.17647252177695,-15.658366537174484,-67.99999475479126,0.0,-35.00000651925817,-100.0,50.0,-40.00000745058077,-15.740739463206378,-287.49997526174536,-274.61347713579096,1.0,10.0,-66.8907533036937
05-23,0.0,-16.17647252177695,-15.658366537174484,-87.99999952316284,0.0,-35.00000651925817,-100.0,23.076919109158116,-40.00000745058077,-15.740739463206378,-254.4444577819041,-253.40891212747377,1.0,10.0,-66.27933690128161
05-24,0.0,-16.17647252177695,-15.658366537174484,-87.99999952316284,0.0,-35.00000651925817,-100.0,23.076919109158116,-40.00000745058077,-15.740739463206378,-221.3627907981898,-253.40891212747377,1.0,10.0,-63.522531319305415
05-25,0.0,-16.17647252177695,-15.658366537174484,-87.99999952316284,0.0,-35.00000651925817,-100.0,23.076919109158116,-40.00000745058077,-15.740739463206378,-202.70980687592882,-233.56495197352876,1.0,10.0,-60.31445264628825
05-26,0.0,-16.17647252177695,16.54749796254394,-87.99999952316284,0.0,-35.00000651925817,-100.0,23.076919109158116,-40.00000745058077,-15.740739463206378,-202.70980687592882,-233.56495197352876,2.0,9.0,-57.630630604645056
05-27,0.0,-16.17647252177695,13.273449104353935,-87.99999952316284,0.0,-35.00000651925817,-100.0,23.076919109158116,-154.54546378171153,-15.740739463206378,-217.7064242288778,-233.56495197352876,2.0,9.0,-68.69864081650086
05-28,0.0,-16.17647252177695,13.273449104353935,-87.99999952316284,0.0,-35.00000651925817,-100.0,23.076919109158116,-154.54546378171153,-15.740739463206378,-217.7064242288778,-308.333350407581,2.0,9.0,-74.92934068600522
05-29,0.0,-49.05661586851173,25.343643297959716,-87.99999952316284,0.0,-5.000000931322613,-100.0,23.076919109158116,-154.54546378171153,-15.740739463206378,-216.0550269801584,-226.3833446737382,2.0,9.0,-67.19671906789115
05-30,0.0,-49.05661586851173,25.40772136500678,-87.99999952316284,0.0,-5.000000931322613,-100.0,23.076919109158116,-154.54546378171153,-15.740739463206378,-338.4615296442835,-95.82999950900677,2.0,9.0,-66.51247568725336
05-31,0.0,-49.05661586851173,25.40772136500678,-87.99999952316284,0.0,-5.000000931322613,-100.0,23.076919109158116,-154.54546378171153,-15.740739463206378,-117.51412637468735,-144.78750850530363,2.0,9.0,-52.179984497811766
06-01,0.0,-49.05661586851173,25.40772136500678,-87.99999952316284,0.0,-5.000000931322613,-100.0,23.076919109158116,-154.54546378171153,-20.601846502176706,-49.047625087488925,-144.78750850530363,2.0,9.0,-46.87953497712609
06-02,0.0,-49.05661586851173,25.40772136500678,-87.99999952316284,0.0,-5.000000931322613,-100.0,23.076919109158116,-154.54546378171153,-20.601846502176706,-7.931040507009467,-144.78750850530363,2.0,9.0,-43.45315292875281
06-03,0.0,-49.05661586851173,22.410713040783094,-87.99999952316284,0.0,-5.000000931322613,-100.0,23.076919109158116,-154.54546378171153,-46.967555926905284,-7.931040507009467,-150.00000931322595,2.0,9.0,-46.334421141825686
06-04,0.0,-49.05661586851173,22.410713040783094,-87.99999952316284,0.0,-5.000000931322613,-100.0,23.076919109158116,-154.54546378171153,-46.967555926905284,-6.8965530530167785,-185.00000651925816,2.0,9.0,-49.16488028782897
06-05,0.0,-49.05661586851173,22.410713040783094,-55.9999942779541,0.0,-5.000000931322613,-100.0,23.076919109158116,-154.54546378171153,-46.967555926905284,2.0689620621563534,-125.0000139698389,3.0,8.0,-40.75108754534555
06-06,0.0,-49.05661586851173,22.410713040783094,-55.9999942779541,0.0,-5.000000931322613,-100.0,23.076919109158116,-154.54546378171153,-46.967555926905284,-9.688584414790059,-150.00000931322595,2.0,9.0,-43.81421603037334
06-07,0.0,-49.05661586851173,40.357144643761664,-55.9999942779541,0.0,-5.000000931322613,-100.0,23.076919109158116,-154.54546378171153,-46.967555926905284,0.7740988241413114,-177.77779387471188,3.0,8.0,-43.761605173671335
06-08,0.0,-49.05661586851173,40.357144643761664,-55.9999942779541,0.0,-5.000000931322613,-100.0,23.076919109158116,-154.54546378171153,-80.43289226757479,13.230764434182257,-177.77779387471188,3.0,8.0,-45.512327734557054
06-09,0.0,-49.05661586851173,40.357144643761664,-55.9999942779541,0.0,-5.000000931322613,-100.0,23.076919109158116,-154.54546378171153,-80.43289226757479,-14.63415225110517,-177.77779387471188,2.0,9.0,-47.83440412499767
06-10,0.0,-49.05661586851173,26.874999800430878,-55.9999942779541,0.0,-5.000000931322613,-100.0,23.076919109158116,-154.54546378171153,-80.43289226757479,-19.491523149600216,-122.22222682134625,2.0,9.0,-44.73306651570269
06-11,0.0,-49.05661586851173,45.089285096571764,-55.9999942779541,0.0,-5.000000931322613,-100.0,23.076919109158116,-154.54546378171153,-80.43289226757479,-5.932200981929644,-135.5661704207926,2.0,9.0,-43.19726119367226
06-12,0.0,-36.7924647129238,45.089285096571764,-55.9999942779541,0.0,-5.000000931322613,-100.0,23.076919109158116,-154.54546378171153,-80.43289226757479,-47.88134382581299,-135.5661704207926,2.0,9.0,-45.6710105010302
06-13,0.0,-36.7924647129238,45.089285096571764,-55.9999942779541,0.0,-5.000000931322613,-100.0,23.076919109158116,-154.54546378171153,-80.43289226757479,-24.50000549480331,-84.92512011581745,2.0,9.0,-39.50247811469814
06-14,0.0,-36.7924647129238,45.089285096571764,-55.9999942779541,0.0,0.0,-100.0,23.076919109158116,-154.54546378171153,-80.43289226757479,-25.00000465661298,-121.52680170726258,2.0,9.0,-42.17761809985916
06-15,0.0,-36.7924647129238,45.089285096571764,-29.999990065892934,0.0,0.0,-100.0,23.076919109158116,-154.54546378171153,-80.43289226757479,-79.74998646671953,-121.52680170726258,2.0,9.0,-44.57344956636294
06-16,0.0,-36.7924647129238,45.089285096571764,-29.999990065892934,0.0,0.0,-100.0,23.076919109158116,-154.54546378171153,-80.43289226757479,-79.74998646671953,-121.52680170726258,2.0,9.0,-44.57344956636294
06-17,0.0,-47.169813867055126,45.089285096571764,-29.999990065892934,0.0,0.0,-100.0,-53.84616178168377,-154.54546378171153,-80.43289226757479,-79.74998646671953,-78.83197559856919,1.0,10.0,-48.290583227719594
06-18,0.0,-47.169813867055126,45.089285096571764,-29.999990065892934,0.0,0.0,-100.0,-53.84616178168377,-154.54546378171153,-80.43289226757479,-33.12498872226627,-61.77426191088724,1.0,10.0,-42.98369060837499
06-19,0.0,-58.49056964499475,45.089285096571764,-29.999990065892934,0.0,0.0,-100.0,-53.84616178168377,-154.54546378171153,-80.43289226757479,-26.249989086064122,-61.77426191088724,1.0,10.0,-43.35417028685311
06-20,0.0,-58.49056964499475,33.006533656107436,-6.666660043928621,0.0,0.0,-100.0,-53.84616178168377,-154.54546378171153,-80.43289226757479,-34.999997089617125,-78.68334205982607,1.0,10.0,-44.55487941776911
06-21,0.0,-58.49056964499475,33.006533656107436,-6.666660043928621,0.0,0.0,-100.0,-53.84616178168377,-154.54546378171153,-80.43289226757479,-34.999997089617125,-78.68334205982607,1.0,10.0,-44.55487941776911
06-22,0.0,-19.811325422934363,32.89760259465907,-6.666660043928621,0.0,0.0,-100.0,-53.84616178168377,-154.54546378171153,-80.43289226757479,-62.49999563442567,-78.68334205982607,1.0,10.0,-43.632353199785484
06-23,0.0,-17.547181015042437,32.89760259465907,-6.666660043928621,0.0,0.0,-100.0,-53.84616178168377,-136.363642521141,-80.43289226757479,-62.49999563442567,-78.68334205982607,1.0,10.0,-41.928522727413615
06-24,0.0,-2.975207621197402,32.89760259465907,-6.666660043928621,0.0,0.0,-100.0,-53.84616178168377,-136.363642521141,-80.43289226757479,-62.49999563442567,-33.33333333333335,1.0,10.0,-36.93502421738547
06-25,0.0,-2.975207621197402,32.89760259465907,-6.666660043928621,0.0,0.0,-100.0,-53.84616178168377,-136.363642521141,-80.43289226757479,-33.12498872226627,-88.67924098866327,1.0,10.0,-39.09926594598301
06-26,0.0,-32.13530935126329,12.994351281318853,-6.666660043928621,0.0,0.0,-100.0,-53.84616178168377,-136.363642521141,-80.43289226757479,-28.124997453414984,-20.34141733607534,1.0,10.0,-37.07639412281358
06-27,0.0,-32.13530935126329,9.80966745409375,-6.666660043928621,0.0,0.0,-100.0,-53.84616178168377,-136.363642521141,-80.43289226757479,-73.74998763087268,-20.34141733607534,1.0,10.0,-41.143866956537146
06-28,0.0,-32.13530935126329,9.80966745409375,-6.666660043928621,0.0,0.0,-100.0,-53.84616178168377,-136.363642521141,-80.43289226757479,-46.437487594492886,-20.34141733607534,1.0,10.0,-38.86782528683883
06-29,0.0,-32.13530935126329,-13.030744214138954,-6.666660043928621,0.0,0.0,-100.0,-53.84616178168377,-136.363642521141,-80.43289226757479,5.000002910382887,-20.34141733607534,1.0,10.0,-36.48473538378524
06-30,0.0,-32.13530935126329,4.808874874488491,-6.666660043928621,-31.538469297646326,0.0,-100.0,-53.84616178168377,-81.8181787394295,-80.43289226757479,5.000002910382887,-20.34141733607534,2.0,9.0,-33.08085091939419
07-01,0.0,-32.13530935126329,-27.603304205545946,-6.666660043928621,-31.538469297646326,0.0,-100.0,-53.84616178168377,-81.8181787394295,-80.43289226757479,5.000002910382887,-20.34141733607534,1.0,10.0,-35.78186584273039
07-02,0.0,-27.90698348447251,-3.3057818671050754,-6.666660043928621,-31.538469297646326,0.0,-100.0,-53.84616178168377,-81.8181787394295,-80.43289226757479,-24.999991268851304,-42.454976308433984,0.0,11.0,-37.74750792159382
07-03,0.0,-50.95137458016844,12.46498435753705,-6.666660043928621,-31.538469297646326,0.0,0.0,-53.84616178168377,-81.8181787394295,-80.43289226757479,-74.37498653947911,-37.639997338652655,1.0,10.0,-33.73364468591885
07-05,0.0,-50.95137458016844,12.46498435753705,16.66666997803569,-31.538469297646326,0.0,0.0,-53.84616178168377,-81.8181787394295,-76.96969478036208,-58.749990541255606,-25.12727285042282,2.0,9.0,-29.155790686282984
07-06,0.0,-50.95137458016844,12.46498435753705,16.66666997803569,-31.538469297646326,0.0,0.0,-53.84616178168377,-81.8181787394295,-76.96969478036208,-17.499992724042734,-30.83650118752481,2.0,9.0,-26.194059896273743
07-07,0.0,-50.95137458016844,12.46498435753705,16.66666997803569,-31.538469297646326,0.0,0.0,-53.84616178168377,-81.8181787394295,-76.96969478036208,-17.499992724042734,-105.13308174639629,2.0,9.0,-32.38544160951303
07-08,0.0,-50.95137458016844,32.79569944159421,16.66666997803569,-31.538469297646326,0.0,0.0,-53.84616178168377,-81.8181787394295,-76.96969478036208,-17.499992724042734,-93.26995854375147,2.0,9.0,-29.702621752287865
07-09,0.0,-43.763218086343066,32.79569944159421,16.66666997803569,-31.538469297646326,0.0,0.0,-53.84616178168377,-81.8181787394295,-76.96969478036208,1.8125049840307292,-70.53231636213363,3.0,8.0,-25.59943038699481
07-10,0.0,-43.763218086343066,32.79569944159421,16.66666997803569,-31.538469297646326,0.0,0.0,-53.84616178168377,-81.8181787394295,-76.96969478036208,3.500003201421177,-52.09125119823679,3.0,9.0,-23.922050105220865
07-11,0.0,-43.763218086343066,32.79569944159421,16.66666997803569,-31.538469297646326,0.0,0.0,-53.84616178168377,-81.8181787394295,-76.96969478036208,-2.499995634425661,-52.09125119823679,2.0,10.0,-24.422050008208107
07-12,0.0,-43.763218086343066,32.79569944159421,16.66666997803569,-31.538469297646326,0.0,0.0,-53.84616178168377,-81.8181787394295,-76.96969478036208,30.0000058207658,-52.09125119823679,3.0,9.0,-21.713716553608815
07-13,0.0,-43.763218086343066,32.79569944159421,16.66666997803569,14.499999366700672,0.0,0.0,-53.84616178168377,-81.8181787394295,-76.96969478036208,23.125006184563663,-52.09125119823679,4.0,8.0,-18.45009413459675
07-14,0.0,-43.763218086343066,32.79569944159421,16.66666997803569,14.499999366700672,0.0,0.0,-53.84616178168377,-81.8181787394295,-49.6103894763487,23.125006184563663,-52.09125119823679,4.0,8.0,-16.170152025928967
07-15,0.0,-43.763218086343066,32.79569944159421,16.66666997803569,14.499999366700672,0.0,0.0,-53.84616178168377,-81.8181787394295,-49.6103894763487,23.125006184563663,-52.09125119823679,4.0,8.0,-16.170152025928967
07-16,0.0,-43.763218086343066,10.53763325082897,16.66666997803569,14.499999366700672,0.0,0.0,-53.84616178168377,-81.8181787394295,-49.6103894763487,46.68750112777338,-52.09125119823679,4.0,8.0,-16.06144962989193
07-17,0.0,-43.763218086343066,10.53763325082897,16.66666997803569,14.499999366700672,0.0,0.0,-53.84616178168377,-81.8181787394295,-49.6103894763487,50.0,-29.10646504300196,4.0,8.0,-13.870009210936805
07-18,0.0,-28.301895067929085,10.53763325082897,16.66666997803569,14.499999366700672,0.0,0.0,-53.84616178168377,-81.8181787394295,-49.6103894763487,43.750005093170074,-29.10646504300196,4.0,8.0,-13.102398534971465
07-19,0.0,-28.301895067929085,9.35483997082322,16.66666997803569,14.499999366700672,0.0,0.0,-53.84616178168377,-81.8181787394295,-49.6103894763487,32.12500443833392,-29.10646504300196,4.0,8.0,-14.169714696208294
07-20,0.0,-28.301895067929085,9.35483997082322,16.66666997803569,14.499999366700672,0.0,0.0,0.0,-81.8181787394295,-49.6103894763487,28.500006111804076,-29.10646504300196,4.0,8.0,-9.984617741612132
07-21,0.0,-28.301895067929085,-5.268813420863714,16.66666997803569,14.499999366700672,0.0,0.0,0.0,-81.8181787394295,-49.6103894763487,28.500006111804076,-29.10646504300196,3.0,9.0,-11.203255524252711
07-22,0.0,-28.301895067929085,-7.741931886504297,16.66666997803569,14.499999366700672,0.0,0.0,0.0,0.0,-49.6103894763487,28.500006111804076,-36.787078766872256,3.0,9.0,-5.231218311759492
07-23,0.0,-28.301895067929085,-7.741931886504297,24.242427252759718,14.499999366700672,0.0,0.0,0.0,0.0,-49.6103894763487,28.500006111804076,-14.06843839867758,3.0,9.0,-2.7066851748495995
07-24,0.0,0.0,-7.741931886504297,24.242427252759718,14.499999366700672,0.0,0.0,0.0,0.0,-49.6103894763487,31.87500254658503,-14.06843839867758,3.0,9.0,-0.0669442162904299
07-25,0.0,0.0,-7.741931886504297,24.242427252759718,14.499999366700672,0.0,0.0,0.0,0.0,-49.6103894763487,59.375001091393585,-130.84026106614158,3.0,9.0,-7.506262893178383
07-26,0.0,0.0,-25.161293051617427,24.242427252759718,14.499999366700672,0.0,0.0,0.0,0.0,-49.6103894763487,-10.624993087840618,-157.5991894566412,2.0,10.0,-17.021119871082295
07-27,0.0,0.0,-25.268812139043405,46.80851050338469,-116.45569106914031,0.0,0.0,0.0,0.0,-49.6103894763487,-31.249991996447037,-157.5991894566412,1.0,11.0,-27.781296969519662
07-28,0.0,0.0,-60.02747053684217,46.80851050338469,-116.45569106914031,0.0,0.0,0.0,0.0,-49.6103894763487,-31.249991996447037,-106.07934388825898,1.0,11.0,-26.38453137197104
07-29,0.0,0.0,-63.50364976206435,46.80851050338469,-116.45569106914031,0.0,0.0,0.0,0.0,-49.6103894763487,-31.249991996447037,-106.07934388825898,1.0,11.0,-26.674212974072887
07-30,0.0,8.620691958562475,-63.50364976206435,46.80851050338469,-116.45569106914031,0.0,0.0,0.0,0.0,-49.6103894763487,-81.24998617568126,-106.07934388825898,2.0,10.0,-30.122488159128867
07-31,0.0,8.620691958562475,-63.50364976206435,46.80851050338469,-116.45569106914031,0.0,0.0,0.0,0.0,-22.770560570057775,-81.24998617568126,-106.07934388825898,2.0,10.0,-27.885835750271294
08-01,0.0,8.620691958562475,-63.50364976206435,46.80851050338469,-116.45569106914031,0.0,0.0,0.0,0.0,-22.770560570057775,-80.62498726707484,-106.07934388825898,2.0,10.0,-27.833752507887425
08-02,0.0,0.18833271109530728,-63.50364976206435,46.80851050338469,-116.45569106914031,0.0,0.0,0.0,0.0,-22.770560570057775,-77.62498784915138,-106.07934388825898,2.0,10.0,-28.286449160349402
08-03,0.0,0.18833271109530728,-63.50364976206435,46.80851050338469,-116.45569106914031,0.0,0.0,0.0,0.0,0.0,-103.12498290150047,-106.07934388825898,2.0,10.0,-28.513902033873677
08-04,0.0,0.18833271109530728,-63.50364976206435,46.80851050338469,-116.45569106914031,0.0,0.0,0.0,0.0,0.0,-103.12498290150047,-85.4714056609061,2.0,10.0,-26.796573848260937
08-05,0.0,0.18833271109530728,-63.50364976206435,46.80851050338469,-116.45569106914031,0.0,0.0,0.0,0.0,0.0,-103.12498290150047,-85.4714056609061,2.0,10.0,-26.796573848260937
08-06,0.0,0.18833271109530728,-63.50364976206435,46.80851050338469,-116.45569106914031,0.0,0.0,0.0,0.0,0.0,-53.749987630872674,-61.514698103690925,2.0,10.0,-20.685598612607357
08-07,0.0,0.18833271109530728,-63.50364976206435,46.80851050338469,-116.45569106914031,0.0,0.0,0.0,0.0,0.0,-47.499998544808605,-62.60374610020742,2.0,10.0,-20.255520188478393
08-08,0.0,0.18833271109530728,-63.50364976206435,46.80851050338469,-116.45569106914031,0.0,0.0,0.0,0.0,0.0,-24.999991268851304,-55.860999523614986,2.0,10.0,-17.818624034099248
08-09,0.0,0.18833271109530728,-63.50364976206435,46.80851050338469,-116.45569106914031,0.0,0.0,0.0,0.0,0.0,-24.999991268851304,-55.860999523614986,2.0,10.0,-17.818624034099248
08-10,0.0,0.18833271109530728,-63.50364976206435,36.17021006769376,-116.45569106914031,0.0,0.0,0.0,0.0,0.0,0.0,-54.498719084279614,2.0,10.0,-16.508293094724603
08-11,0.0,0.18833271109530728,-63.50364976206435,36.17021006769376,-116.45569106914031,0.0,0.0,0.0,0.0,0.0,-1500.0,-28.971726961305556,2.0,10.0,-139.38104375114344
08-12,0.0,0.18833271109530728,-63.50364976206435,36.17021006769376,-116.45569106914031,0.0,0.0,0.0,0.0,0.0,-15900.00116415324,-28.971726961305556,2.0,10.0,-1339.3811407639134
08-13,0.0,0.18833271109530728,-63.50364976206435,36.17021006769376,-116.45569106914031,0.0,0.0,0.0,0.0,0.0,-15900.00116415324,-42.570693609805446,2.0,10.0,-1340.5143879846216
08-14,0.0,0.18833271109530728,-63.50364976206435,36.17021006769376,-116.45569106914031,0.0,0.0,0.0,0.0,0.0,-15900.00116415324,-131.08332527480613,2.0,10.0,-1347.8904406233717
08-15,0.0,0.18833271109530728,-63.50364976206435,36.17021006769376,-116.45569106914031,0.0,0.0,0.0,0.0,0.0,-15900.00116415324,-149.99999223897856,2.0,10.0,-1349.4668295370527
08-16,0.0,0.18833271109530728,-63.50364976206435,36.17021006769376,-116.45569106914031,0.0,0.0,0.0,0.0,0.0,-15900.00116415324,-149.99999223897856,2.0,10.0,-1349.4668295370527
08-17,0.0,0.18833271109530728,-34.01459556769423,41.176467150827804,-116.45569106914031,0.0,0.0,0.0,0.0,0.0,-15900.00116415324,-149.99999223897856,2.0,10.0,-1346.5922202639274
08-18,0.0,0.18833271109530728,-34.01459556769423,41.176467150827804,-116.45569106914031,0.0,0.0,0.0,0.0,0.0,-15900.00116415324,-149.99999223897856,2.0,10.0,-1346.5922202639274
08-19,0.0,-13.935969572222776,-34.01459556769423,41.176467150827804,-116.45569106914031,0.0,0.0,0.0,0.0,0.0,38.46153680830317,-149.99999223897856,2.0,10.0,-19.564020374075408
08-20,0.0,-13.935969572222776,-34.01459556769423,41.176467150827804,-116.45569106914031,0.0,0.0,0.0,0.0,0.0,38.46153680830317,-131.87499602247655,2.0,10.0,-18.05360402270024
08-21,-4.166662527455388,25.74568729533126,-42.99064717737202,41.176467150827804,-116.45569106914031,0.0,0.0,0.0,0.0,0.0,38.46153680830317,-131.87499602247655,3.0,9.0,-15.842025461831836
08-22,-4.166662527455388,34.30555955679313,-42.99064717737202,41.176467150827804,14.499999366700672,0.0,0.0,0.0,0.0,0.0,0.0,-122.59999479949482,3.0,9.0,-6.647939869166719
08-23,-4.166662527455388,24.920635941828138,-10.280371141957184,41.176467150827804,14.499999366700672,0.0,0.0,0.0,0.0,0.0,-60.000011175871116,-58.99999797769956,3.0,9.0,-4.4041616969688855
08-24,-4.166662527455388,24.920635941828138,-6.386293977340783,41.176467150827804,14.499999366700672,0.0,0.0,0.0,0.0,0.0,-60.000011175871116,-58.99999797769956,3.0,9.0,-4.079655266584186
08-25,-4.166662527455388,24.920635941828138,-26.323982058074048,41.176467150827804,14.499999366700672,-100.0,0.0,0.0,0.0,0.0,-60.000011175871116,-58.99999797769956,3.0,9.0,-14.074462606645291
08-26,-4.166662527455388,24.920635941828138,5.763239774159662,41.176467150827804,14.499999366700672,-100.0,0.0,0.0,0.0,0.0,-166.66667701469513,-58.99999797769956,4.0,8.0,-20.28941627386115
08-27,-4.166662527455388,24.920635941828138,5.763239774159662,41.176467150827804,35.00000335276122,-100.0,0.0,0.0,0.0,6.249996976225391,-166.66667701469513,-38.028572124972634,5.0,7.0,-16.312630705943413
08-28,-4.166662527455388,24.920635941828138,5.763239774159662,41.176467150827804,35.00000335276122,-100.0,0.0,0.0,0.0,6.249996976225391,-166.66667701469513,-51.515154593903844,5.0,7.0,-17.436512578354346
08-29,-4.166662527455388,43.14904083806421,5.763239774159662,41.176467150827804,35.00000335276122,-100.0,0.0,0.0,0.0,6.249996976225391,-433.33335402939025,-52.94117131447737,5.0,7.0,-38.258536648273726
08-30,-2.739723343007233,42.874397969698805,-11.214947804622664,41.176467150827804,35.00000335276122,-100.0,0.0,0.0,0.0,5.79118574413405,-433.33335402939025,-44.44445364269249,4.0,8.0,-38.907535383524234
08-31,-7.142858967489158,42.874397969698805,-11.214947804622664,41.176467150827804,35.00000335276122,-33.33333333333335,0.0,0.0,0.0,5.79118574413405,-60.000011175871116,-48.14814343109832,4.0,8.0,-2.916436707916061
09-01,-7.142858967489158,42.874397969698805,-44.85980978691526,41.176467150827804,35.00000335276122,-33.33333333333335,0.0,0.0,0.0,5.79118574413405,-60.000011175871116,-56.695147623907026,4.0,8.0,-6.43242555584117
09-02,-7.142858967489158,42.874397969698805,-44.85980978691526,41.176467150827804,35.00000335276122,-33.33333333333335,0.0,0.0,80.70175450062452,5.79118574413405,-60.000011175871116,-49.85754214698764,5.0,7.0,0.8625211089541557
09-03,-7.142858967489158,42.874397969698805,-61.17850464451357,41.176467150827804,35.00000335276122,-33.33333333333335,0.0,0.0,88.03697659569642,5.79118574413405,-60.000011175871116,-11.748459093471546,5.0,7.0,3.289655299869962
09-04,-7.142858967489158,42.874397969698805,-61.17850464451357,41.176467150827804,35.00000335276122,-33.33333333333335,0.0,0.0,88.03697659569642,5.79118574413405,-60.000011175871116,-31.500003073364564,5.0,7.0,1.643693301545544
09-05,-7.142858967489158,49.94709062788543,-61.17850464451357,41.176467150827804,35.00000335276122,-33.33333333333335,0.0,0.0,88.03697659569642,5.79118574413405,-60.000011175871116,-31.500003073364564,5.0,7.0,2.2330843563944307
09-06,-13.636359120860423,52.366565574865206,-61.17850464451357,41.176467150827804,35.00000335276122,-33.33333333333335,0.0,0.0,88.03697659569642,5.79118574413405,-60.000011175871116,-42.81835250126486,5.0,7.0,0.9503864702034477
09-07,-13.636359120860423,52.366565574865206,-61.17850464451357,41.176467150827804,0.0,-33.33333333333335,0.0,0.0,88.03697659569642,5.79118574413405,-540.0000447034845,-42.895954290151,4.0,8.0,-41.97275008556828
09-08,-13.636359120860423,52.366565574865206,-61.17850464451357,41.176467150827804,0.0,-33.33333333333335,0.0,0.0,88.03697659569642,5.79118574413405,-492.5926053679361,-42.895954290151,4.0,8.0,-38.02213014093925
09-09,-13.636359120860423,50.158062222224466,-61.17850464451357,41.176467150827804,0.0,-33.33333333333335,0.0,0.0,91.1147013253066,5.79118574413405,-492.5926053679361,-42.895954290151,4.0,8.0,-37.94969502619179
09-10,-13.636359120860423,52.70000100135803,-61.17850464451357,41.176467150827804,0.0,-33.33333333333335,0.0,0.0,91.1147013253066,5.79118574413405,-492.5926053679361,-42.895954290151,4.0,8.0,-37.73786679459733
09-11,-13.636359120860423,40.503147162665265,-61.17850464451357,41.176467150827804,0.0,-33.33333333333335,0.0,0.0,91.1147013253066,5.79118574413405,-492.5926053679361,-42.895954290151,4.0,8.0,-38.754271281155056
09-12,-13.636359120860423,61.885578683266694,-61.17850464451357,41.176467150827804,0.0,-33.33333333333335,0.0,0.0,91.1147013253066,5.79118574413405,-433.33335402939025,-57.768448288076016,4.0,8.0,-33.27350554271987
09-13,-13.636359120860423,54.73684120466411,-61.17850464451357,41.176467150827804,-150.00000931322595,-33.33333333333335,0.0,0.0,91.1147013253066,32.33743177830215,-433.33335402939025,-29.23833007042444,4.0,8.0,-41.77953742105394
09-14,-37.61467468496762,49.28229730569884,-61.17850464451357,0.0,-150.00000931322595,-33.33333333333335,0.0,0.0,93.89736493740727,44.57773261667613,-433.33335402939025,-97.00375033494475,3.0,9.0,-52.05885262338277
09-15,-37.61467468496762,49.28229730569884,-61.17850464451357,0.0,-344.4444334065477,-33.33333333333335,0.0,0.0,93.89736493740727,44.57773261667613,-433.33335402939025,-97.00375033494475,3.0,9.0,-68.26255463115957
09-16,-37.61467468496762,57.42972133655733,-61.17850464451357,0.0,-344.4444334065477,-33.33333333333335,0.0,0.0,93.89736493740727,44.22984022588174,-433.33335402939025,-97.00375033494475,3.0,9.0,-67.61259366115424
09-17,-37.61467468496762,48.98941733621977,-61.17850464451357,0.0,-344.4444334065477,-33.33333333333335,0.0,0.0,93.27833820144038,39.62362767942423,-433.33335402939025,-106.27451387152043,3.0,9.0,-69.52395256276571
09-18,-37.61467468496762,49.13628183728735,-61.17850464451357,0.0,-344.4444334065477,-33.33333333333335,0.0,0.0,93.27833820144038,39.62362767942423,-433.33335402939025,-69.88235679107288,3.0,9.0,-66.47903409763946
09-19,-37.61467468496762,49.13628183728735,-61.17850464451357,-10.0,-344.4444334065477,-33.33333333333335,0.0,0.0,93.27833820144038,39.62362767942423,-433.33335402939025,-9.949238665071535,3.0,9.0,-62.31794092047269
09-20,-37.61467468496762,49.13628183728735,-61.17850464451357,-10.0,-344.4444334065477,-33.33333333333335,0.0,0.0,93.27833820144038,39.62362767942423,-433.33335402939025,-9.949238665071535,3.0,9.0,-62.31794092047269
09-21,-26.050414107006258,49.13628183728735,-61.17850464451357,-56.666660043928616,-75.55555665934523,-33.33333333333335,0.0,0.0,93.27833820144038,24.26229482567205,-433.33335402939025,-9.949238665071535,3.0,9.0,-44.115845551515754
09-22,-26.050414107006258,49.13628183728735,-26.169836662619332,-56.666660043928616,-75.55555665934523,-33.33333333333335,0.0,0.0,93.27833820144038,24.26229482567205,-433.33335402939025,1.4720853314615203,4.0,8.0,-40.24667955331348
09-23,-26.050414107006258,49.13628183728735,-18.71750023294362,-56.666660043928616,-75.55555665934523,-33.33333333333335,0.0,0.0,93.27833820144038,24.26229482567205,-433.33335402939025,1.4720853314615203,4.0,8.0,-39.625651517507166
09-24,-26.050414107006258,44.33781645660129,-18.71750023294362,-56.666660043928616,-75.55555665934523,-33.33333333333335,0.0,0.0,93.27833820144038,-9.375003527737057,-433.33335402939025,1.4720853314615203,3.0,9.0,-42.82863182868177
09-25,-26.050414107006258,44.33781645660129,-18.71750023294362,-56.666660043928616,-75.55555665934523,-33.33333333333335,0.0,0.0,93.27833820144038,-9.375003527737057,-433.33335402939025,1.4720853314615203,3.0,9.0,-42.82863182868177
09-26,-3.1636866530524297,44.33781645660129,-18.71750023294362,-56.666660043928616,-75.55555665934523,-33.33333333333335,0.0,0.0,93.27833820144038,-9.375003527737057,-540.0000447034845,1.4720853314615203,3.0,9.0,-49.810295430360135
09-27,-3.1636866530524297,59.12614720036695,-18.71750023294362,-56.666660043928616,-75.55555665934523,-33.33333333333335,0.0,0.0,93.27833820144038,17.14490769404431,-540.0000447034845,1.4720853314615203,4.0,8.0,-46.367941933231215
09-28,-3.1636866530524297,59.12614720036695,-18.71750023294362,-56.666660043928616,-75.55555665934523,-33.33333333333335,0.0,0.0,93.27833820144038,8.839775821613223,-540.0000447034845,1.4720853314615203,4.0,8.0,-47.0600362559338
09-29,-3.1636866530524297,62.57928068662534,-18.71750023294362,-56.666660043928616,-75.55555665934523,-33.33333333333335,0.0,0.0,93.45432933914837,15.135923558901085,-540.0000447034845,1.4720853314615203,4.0,8.0,-46.232930225829286
09-30,-3.1636866530524297,63.50515447024582,-71.2499980442226,-56.666660043928616,-259.09092756342307,-33.33333333333335,0.0,0.0,93.45432933914837,14.885776616773217,-540.0000447034845,1.4720853314615203,4.0,8.0,-65.84894204865131
10-01,-3.1636866530524297,69.12790643678865,-71.2499980442226,-56.666660043928616,-259.09092756342307,-33.33333333333335,0.0,0.0,93.45432933914837,-2.0318035795300435,-540.0000447034845,1.4720853314615203,3.0,9.0,-66.79017773446468
10-02,17.127069203299925,69.81239140958449,-71.2499980442226,-56.666660043928616,-259.09092756342307,-33.33333333333335,0.0,0.0,93.45432933914837,-2.0318035795300435,-540.0000447034845,2.13198174002638,4.0,8.0,-64.98724963132192
10-03,17.127069203299925,67.95413183224109,-71.2499980442226,-56.666660043928616,-243.47827601015902,-33.33333333333335,0.0,0.0,93.45432933914837,-2.0318035795300435,-540.0000447034845,2.13198174002638,4.0,8.0,-63.841050299995196
10-04,17.127069203299925,67.95413183224109,-71.2499980442226,-56.666660043928616,-243.47827601015902,-33.33333333333335,0.0,0.0,93.45432933914837,-2.0318035795300435,-540.0000447034845,2.13198174002638,4.0,8.0,-63.841050299995196
10-05,17.127069203299925,67.95413183224109,-71.2499980442226,-9.81308303839131,-243.47827601015902,-33.33333333333335,0.0,0.0,93.45432933914837,-2.0318035795300435,-540.0000447034845,2.13198174002638,4.0,8.0,-59.93658554953375
10-06,17.127069203299925,67.95413183224109,-71.2499980442226,-30.555550036607183,-243.47827601015902,-33.33333333333335,0.0,0.0,93.45432933914837,-2.0318035795300435,-433.33335402939025,2.13198174002638,4.0,8.0,-52.77623357654389
10-07,17.127069203299925,64.41018606636744,-71.2499980442226,-30.555550036607183,-243.47827601015902,-33.33333333333335,0.0,0.0,93.45432933914837,-17.617110114041683,-433.33335402939025,1.2690381007373681,4.0,8.0,-54.44224990485008
10-08,46.04316491233186,65.56420239479239,-71.2499980442226,-30.555550036607183,-243.47827601015902,-33.33333333333335,0.0,0.0,94.48939215594937,-15.154540493794478,66.6666653731631,1.2690381007373681,5.0,7.0,-9.97826958176188
10-09,46.04316491233186,67.54278691638729,-71.2499980442226,-30.555550036607183,-243.47827601015902,-33.33333333333335,0.0,0.0,94.48939215594937,-15.154540493794478,96.66666677984823,39.08629408027737,5.0,7.0,-4.161949422776878
10-10,46.04316491233186,67.54278691638729,-71.2499980442226,-30.555550036607183,-243.47827601015902,-33.33333333333335,0.0,-132.14284146242653,94.48939215594937,-15.154540493794478,96.66666677984823,39.08629408027737,5.0,7.0,-15.173852877979087
10-11,27.53622954711182,68.48664473875972,-71.2499980442226,-30.555550036607183,-243.47827601015902,-33.33333333333335,0.0,-132.14284146242653,94.48939215594937,-15.154540493794478,96.66666677984823,39.08629408027737,5.0,7.0,-16.637442673216384
10-12,27.53622954711182,68.48664473875972,-71.2499980442226,-41.66665838824411,-243.47827601015902,-33.33333333333335,0.0,-132.14284146242653,94.25587450093754,1.0282758788444948,96.66666677984823,39.08629408027737,6.0,6.0,-16.234260142717204
10-13,27.53622954711182,68.48664473875972,-71.2499980442226,-34.210525490240364,-243.47827601015902,-33.33333333333335,0.0,-132.14284146242653,94.25587450093754,1.0282758788444948,96.66666677984823,39.08629408027737,6.0,6.0,-15.612915734550223
10-14,27.53622954711182,68.48664473875972,-71.2499980442226,-34.210525490240364,-243.47827601015902,-33.33333333333335,0.0,-132.14284146242653,94.25587450093754,0.2590653072981773,96.66666677984823,39.08629408027737,6.0,6.0,-15.67701661551242
10-15,27.53622954711182,68.48664473875972,-71.2499980442226,-34.210525490240364,-243.47827601015902,-33.33333333333335,0.0,-132.14284146242653,94.25587450093754,0.2590653072981773,96.66666677984823,39.08629408027737,6.0,6.0,-15.67701661551242
10-16,19.10111908057222,62.19584297030224,-71.2499980442226,-34.210525490240364,-243.47827601015902,-33.33333333333335,0.0,-132.14284146242653,94.25587450093754,0.2590653072981773,-766.6666770146952,39.08629408027737,5.0,7.0,-88.8486212846408
10-17,19.10111908057222,62.19584297030224,-71.2499980442226,-34.210525490240364,-769.5652286587231,-33.33333333333335,0.0,-132.14284146242653,94.25587450093754,0.2590653072981773,-515.3846429385374,36.548222606328444,5.0,7.0,-111.96053712183705
10-18,19.10111908057222,62.19584297030224,-60.500002495944436,-34.210525490240364,-769.5652286587231,-33.33333333333335,0.0,-132.14284146242653,94.25587450093754,0.2590653072981773,-284.61537497151176,36.548222606328444,5.0,7.0,-91.83393182889508
10-19,19.10111908057222,57.27002652459843,-60.500002495944436,-34.210525490240364,-769.5652286587231,-33.33333333333335,0.0,-132.14284146242653,94.25587450093754,0.2590653072981773,-270.3703524848893,36.548222606328444,5.0,7.0,-91.05733132548518
10-20,19.10111908057222,62.61127497770751,-60.500002495944436,-34.210525490240364,-769.5652286587231,-33.33333333333335,0.0,-132.14284146242653,94.25587450093754,0.2590653072981773,-270.3703524848893,11.167512594364975,5.0,7.0,-92.72728645538972
10-21,19.10111908057222,62.61127497770751,-60.500002495944436,-34.210525490240364,-769.5652286587231,-33.33333333333335,0.0,-132.14284146242653,94.25587450093754,0.2590653072981773,-399.99996507540516,11.167512594364975,5.0,7.0,-103.52975417126605
10-22,19.10111908057222,48.98785522799331,-124.4755208320308,-34.210525490240364,-769.5652286587231,33.33333333333333,0.0,-132.14284146242653,94.25587450093754,0.2590653072981773,-399.99996507540516,11.167512594364975,6.0,6.0,-104.44077678952719
10-23,19.10111908057222,58.00000031789144,-103.80953155857821,-34.210525490240364,-769.5652286587231,33.33333333333333,0.0,-132.14284146242653,94.25587450093754,0.2590653072981773,-199.9999883584684,16.243655542262818,6.0,6.0,-84.87792228717842
10-24,19.10111908057222,58.00000031789144,-89.94083445444733,-34.210525490240364,-769.5652286587231,33.33333333333333,0.0,-132.14284146242653,94.25587450093754,-6.39032690741134,-49.99999417923422,13.705579340788152,5.0,7.0,-71.98782038158001
10-25,19.10111908057222,58.00000031789144,-89.94083445444733,-34.210525490240364,-809.090927563423,33.33333333333333,0.0,-132.14284146242653,94.25587450093754,-6.33130696495526,-49.99999417923422,13.705579340788152,5.0,7.0,-75.27671029510033
10-26,19.10111908057222,44.53333218892415,-89.94083445444733,-34.210525490240364,-809.090927563423,33.33333333333333,0.0,-132.14284146242653,94.25587450093754,-6.33130696495526,-399.99996507540516,13.705579340788152,5.0,7.0,-105.56559688052852
10-27,17.97752462843869,44.79999939600627,-89.94083445444733,-34.210525490240364,-809.090927563423,33.33333333333333,0.0,-132.14284146242653,94.25587450093754,-6.33130696495526,-399.99996507540516,8.629445847941799,5.0,7.0,-106.06001860868668
10-28,21.348314681990463,37.65059935434883,-89.94083445444733,-34.210525490240364,-809.090927563423,0.0,0.0,-132.14284146242653,70.23498587346525,-72.67604593293281,23.07692638339368,10.913701192196914,5.0,7.0,-81.23638728483958
10-29,21.348314681990463,37.65059935434883,-58.08219365989492,-34.210525490240364,-809.090927563423,0.0,0.0,-132.14284146242653,70.23498587346525,-72.67604593293281,23.07692638339368,-19.467005510498538,4.0,8.0,-81.11322611051816
10-30,21.348314681990463,37.65059935434883,-58.08219365989492,-34.210525490240364,-809.090927563423,0.0,0.0,-132.14284146242653,70.23498587346525,-72.67604593293281,23.07692638339368,-1.5228400478538886,4.0,8.0,-79.61787898863109
10-31,21.348314681990463,37.65059935434883,-55.945949864439704,-34.210525490240364,-809.090927563423,0.0,0.0,-140.74072566583527,51.9843328485333,-72.67604593293281,23.07692638339368,-1.5228400478538886,4.0,8.0,-81.67723677470488
11-01,28.571431178045646,44.83677659679489,-55.945949864439704,-34.210525490240364,-809.090927563423,28.571429204981374,0.0,-140.74072566583527,51.9843328485333,-72.67604593293281,23.07692638339368,-1.5228400478538886,5.0,7.0,-78.09550986274799
11-02,28.571431178045646,37.04197445522111,-55.945949864439704,-34.210525490240364,-809.090927563423,28.571429204981374,0.0,-140.74072566583527,51.9843328485333,-72.67604593293281,80.76923159584842,-1.5228400478538886,5.0,7.0,-73.93738460684125
11-03,32.65305985911896,33.84410792816406,-55.945949864439704,-34.210525490240364,-809.090927563423,28.571429204981374,0.0,-140.74072566583527,51.9843328485333,-72.67604593293281,80.76923159584842,6.522841466111647,6.0,6.0,-73.1932643011761
11-04,32.65305985911896,36.77548491613376,-55.945949864439704,-41.66665838824411,-809.090927563423,28.571429204981374,0.0,-140.74072566583527,59.928791309664206,-72.67604593293281,80.76923159584842,6.57360563755554,6.0,6.0,-72.90405874096437
11-05,32.65305985911896,31.27147969038358,-80.87774657824501,-41.66665838824411,-809.090927563423,28.571429204981374,0.0,-140.74072566583527,59.928791309664206,-72.67604593293281,79.23076912055355,6.57360563755554,6.0,6.0,-75.56858077553524
11-06,32.65305985911896,45.360825206824025,-80.87774657824501,-41.66665838824411,-809.090927563423,28.571429204981374,0.0,-140.74072566583527,59.928791309664206,-72.67604593293281,79.23076912055355,6.57360563755554,6.0,6.0,-74.3944686491652
11-07,34.458783890006416,43.335707889488326,-80.87774657824501,-41.66665838824411,-809.090927563423,28.571429204981374,0.0,-140.74072566583527,59.928791309664206,-72.67604593293281,76.92307719861614,15.38071190297379,6.0,6.0,-73.87113356107915
11-08,34.458783890006416,43.335707889488326,-80.87774657824501,-41.66665838824411,-219.99998807907124,28.571429204981374,0.0,-140.74072566583527,59.928791309664206,-135.77346696079306,76.92307719861614,15.38071190297379,6.0,6.0,-30.038340356371524
11-09,37.73584322133206,11.546681482718858,-80.87774657824501,16.666666666666664,-219.99998807907124,28.571429204981374,0.0,-140.74072566583527,41.6572261297342,-187.84528396795673,69.99999906867741,15.38071190297379,7.0,5.0,-33.992098884501985
11-10,37.73584322133206,25.516752728749925,-80.87774657824501,16.666666666666664,-219.99998807907124,28.571429204981374,0.0,-140.74072566583527,41.6572261297342,-73.66666734963655,69.99999906867741,-3.299491497875875,6.0,6.0,-24.869725179210192
11-11,48.58490131044755,11.261581802765638,-80.87774657824501,16.666666666666664,-219.99998807907124,28.571429204981374,0.0,-140.74072566583527,30.673072867139407,-118.90755394940243,69.99999906867741,32.2335044098833,7.0,5.0,-26.87790491183271
11-12,48.58490131044755,25.944402248679737,-80.87774657824501,16.666666666666664,-80.0000044703483,28.571429204981374,0.0,-140.74072566583527,30.673072867139407,-118.90755394940243,69.99999906867741,35.27918923311686,7.0,5.0,-13.733864172010165
11-13,58.2695238072636,33.20512220939449,-80.87774657824501,16.666666666666664,-80.0000044703483,28.571429204981374,0.0,-140.74072566583527,31.333328716338414,-117.5420159517553,69.99999906867741,35.27918923311686,7.0,5.0,-12.152936146645423
11-14,58.2695238072636,33.20512220939449,-80.87774657824501,16.666666666666664,-80.0000044703483,28.571429204981374,0.0,-140.74072566583527,37.65713771897896,-100.9453784800941,69.99999906867741,0.0,6.0,6.0,-13.182831376546682
11-15,58.2695238072636,35.87691967303937,-80.87774657824501,16.666666666666664,-80.0000044703483,28.571429204981374,0.0,-140.74072566583527,37.65713771897896,-100.9453784800941,69.99999906867741,0.0,6.0,6.0,-12.960181587909608
11-16,58.2695238072636,35.87691967303937,-80.87774657824501,16.666666666666664,-80.0000044703483,28.571429204981374,0.0,-140.74072566583527,37.65713771897896,-17.30769936149668,69.99999906867741,0.0,6.0,6.0,-5.990374994693156
11-17,58.2695238072636,35.87691967303937,-80.87774657824501,16.666666666666664,-80.0000044703483,28.571429204981374,0.0,-140.74072566583527,37.65713771897896,15.694616223212465,69.99999906867741,0.0,7.0,5.0,-3.2401820293007284
11-18,54.44103895734042,35.87691967303937,-80.87774657824501,16.666666666666664,-80.0000044703483,28.571429204981374,0.0,-140.74072566583527,37.65713771897896,20.323929745932084,69.99999906867741,0.0,7.0,5.0,-3.173446306567692
11-19,54.44103895734042,35.87691967303937,-80.87774657824501,16.666666666666664,-80.0000044703483,28.571429204981374,0.0,-140.74072566583527,37.65713771897896,-1.6666650109821552,69.99999906867741,0.0,6.0,5.0,-5.005995869643876
11-20,54.44103895734042,33.20512220939449,-80.87774657824501,16.666666666666664,-80.0000044703483,28.571429204981374,0.0,-140.74072566583527,37.65713771897896,29.60000317891427,69.99999906867741,0.0,7.0,4.0,-2.6230899757895814
11-21,44.33384370000809,33.50350769713903,-80.87774657824501,16.666666666666664,-80.0000044703483,28.571429204981374,0.0,-140.74072566583527,37.65713771897896,7.066666799121446,75.0,0.0,7.0,4.0,-4.9016020772944175
11-22,42.301587016253904,37.379805660205975,-80.87774657824501,16.666666666666664,-80.0000044703483,28.571429204981374,0.0,-140.74072566583527,37.65713771897896,15.53333737320354,75.0,0.0,7.0,4.0,-4.042376089511513
11-23,42.301587016253904,14.723557675086491,-80.87774657824501,16.666666666666664,-80.0000044703483,28.571429204981374,0.0,-140.74072566583527,35.98094717575015,15.53333737320354,75.0,0.0,7.0,4.0,-6.070079300207205
11-24,42.301587016253904,12.560095378892116,-25.391849149054973,16.666666666666664,-80.0000044703483,28.571429204981374,0.0,-140.74072566583527,35.98094717575015,11.909384732472063,75.0,0.0,7.0,4.0,-1.9285390925185244
11-25,42.301587016253904,-10.96774719508224,-25.391849149054973,16.666666666666664,-80.0000044703483,28.571429204981374,0.0,-140.74072566583527,35.98094717575015,2.7857188548968566,75.0,0.0,6.0,5.0,-4.649498130147653
11-26,20.891614585547664,-8.17610015739376,-25.391849149054973,16.666666666666664,12.000001788139317,28.571429204981374,0.0,-140.74072566583527,35.98094717575015,-5.340555552672204,75.0,0.0,6.0,5.0,0.7884524080107459
11-27,20.891614585547664,-10.62892495640428,-25.391849149054973,16.666666666666664,8.000001192092878,28.571429204981374,0.0,-140.74072566583527,35.98094717575015,-5.030964313909346,75.0,0.0,6.0,5.0,0.2765162283195721
11-28,20.891614585547664,-10.62892495640428,-25.391849149054973,16.666666666666664,8.000001192092878,28.571429204981374,0.0,-140.74072566583527,35.98094717575015,12.383897518760529,75.0,0.0,7.0,4.0,1.7277547143753953
11-29,20.891614585547664,-20.64471951066954,-25.391849149054973,16.666666666666664,8.000001192092878,28.571429204981374,0.0,-140.74072566583527,35.98094717575015,-2.443439811007414,75.0,0.0,6.0,5.0,-0.342506275960704
11-30,20.891614585547664,-13.648834602418999,-25.391849149054973,-18.88888502562503,8.000001192092878,50.0,0.0,-140.74072566583527,35.98094717575015,10.669188214770989,75.0,0.0,6.0,5.0,0.15595472710228245
12-01,20.891614585547664,-13.648834602418999,-25.391849149054973,0.0,8.000001192092878,50.0,0.0,-140.74072566583527,35.98094717575015,13.281527982179675,75.0,0.0,6.0,5.0,1.947723459855095
12-02,20.891614585547664,-2.19177704140186,-25.391849149054973,0.0,8.000001192092878,50.0,0.0,-224.99999534338704,35.98094717575015,17.270427333174155,75.0,0.0,6.0,5.0,-3.786719270606587
12-03,-21.50348958085849,0.5161224031793656,-25.391849149054973,0.0,8.000001192092878,50.0,0.0,-224.99999534338704,35.98094717575015,27.2592615404246,69.99999906867741,0.0,6.0,5.0,-6.678250224431341
12-04,-21.50348958085849,-5.616527501944366,-25.391849149054973,0.0,8.000001192092878,50.0,0.0,-224.99999534338704,35.98094717575015,25.703707309416657,69.99999906867741,0.0,5.0,6.0,-7.318933902442317
12-05,-21.50348958085849,-8.129545592786098,-25.391849149054973,0.0,8.000001192092878,50.0,0.0,-224.99999534338704,23.95618638339208,25.703707309416657,69.99999906867741,0.0,5.0,6.0,-8.530415476042299
12-06,-21.50348958085849,-8.129545592786098,-25.391849149054973,0.0,8.000001192092878,50.0,0.0,-224.99999534338704,23.95618638339208,22.428460595935835,25.00000291038289,0.0,5.0,6.0,-12.553352382023576
12-07,-21.50348958085849,-8.129545592786098,-25.391849149054973,0.0,8.000001192092878,50.0,0.0,-40.00000745058077,27.04761832317254,22.664018427274833,25.00000291038289,0.0,5.0,6.0,3.1405624233035674
12-08,9.527979169219643,-11.368138138431515,-25.391849149054973,-5.555550036607185,8.000001192092878,50.0,0.0,-40.00000745058077,27.04761832317254,16.64285673991758,25.00000291038289,0.0,6.0,5.0,4.491909463342592
12-09,9.527979169219643,-11.368138138431515,-25.391849149054973,-5.555550036607185,8.000001192092878,50.0,0.0,-40.00000745058077,27.04761832317254,24.8551214751631,25.00000291038289,0.0,6.0,5.0,5.176264857946385
12-10,9.527979169219643,-11.368138138431515,-25.391849149054973,-5.555550036607185,8.000001192092878,50.0,0.0,-40.00000745058077,27.04761832317254,23.010953601533252,25.00000291038289,0.0,6.0,5.0,5.022584201810564
12-11,22.202802085078748,-11.368138138431515,-25.391849149054973,-5.555550036607185,8.000001192092878,50.0,0.0,-40.00000745058077,27.04761832317254,23.604699675453933,25.00000291038289,0.0,6.0,5.0,6.128298284292213
12-12,22.202802085078748,-11.368138138431515,-25.391849149054973,-5.555550036607185,8.000001192092878,50.0,0.0,-40.00000745058077,27.04761832317254,23.604699675453933,35.00000291038288,0.0,6.0,5.0,6.961631617625545
12-13,22.202802085078748,-11.368138138431515,-25.391849149054973,-5.555550036607185,8.000001192092878,50.0,0.0,-40.00000745058077,27.04761832317254,14.222225092075384,-100.00000000000004,0.0,5.0,6.0,-5.070241506854578
12-14,22.202802085078748,-11.368138138431515,-25.391849149054973,-5.555550036607185,8.000001192092878,50.0,0.0,-40.00000745058077,27.04761832317254,9.033773781868069,-92.85715473625775,0.0,5.0,6.0,-4.9073753440599965
12-15,22.202802085078748,-11.368138138431515,-25.391849149054973,-5.555550036607185,8.000001192092878,50.0,0.0,-40.00000745058077,27.04761832317254,0.6861051846903493,-92.85715473625775,0.0,5.0,6.0,-5.6030143938248065
12-16,22.202802085078748,-11.368138138431515,-25.391849149054973,-5.555550036607185,8.000001192092878,50.0,0.0,-40.00000745058077,27.04761832317254,0.9409720248218307,24.999996766241004,0.0,6.0,5.0,4.23965380139438
12-17,22.202802085078748,18.374090881442804,10.344825008987408,-5.555550036607185,8.000001192092878,50.0,0.0,-40.00000745058077,27.04761832317254,-18.769235871482596,24.999996766241004,0.0,7.0,4.0,8.053711741528737
12-18,22.202802085078748,0.8592208424165231,10.344825008987408,-5.555550036607185,8.000001192092878,50.0,0.0,-40.00000745058077,27.04761832317254,-18.769235871482596,44.44444085137891,0.0,7.0,4.0,8.214509578704705
12-19,1.0011127305511336,0.8592208424165231,10.344825008987408,-5.555550036607185,8.000001192092878,50.0,0.0,-40.00000745058077,27.04761832317254,-18.769235871482596,44.44444085137891,0.0,7.0,4.0,6.4477021324940695
12-20,1.0011127305511336,0.8592208424165231,1.2539210139441233,-5.555550036607185,12.000001788139317,50.0,0.0,-40.00000745058077,27.04761832317254,-18.256414300591413,44.44444085137891,0.0,7.0,4.0,6.066195313485264
12-21,1.0011127305511336,0.8592208424165231,-5.95611080260362,-5.555550036607185,12.000001788139317,50.0,0.0,-40.00000745058077,27.04761832317254,-15.531064031769038,71.42857095340688,0.0,6.0,5.0,7.941149359677148
12-22,1.0011127305511336,12.227366859849283,-5.95611080260362,-5.555550036607185,12.000001788139317,50.0,0.0,-40.00000745058077,27.04761832317254,31.13481951817942,71.42857095340688,0.0,7.0,4.0,12.77731849029225
12-23,1.0011127305511336,12.227366859849283,-14.420063633095486,-5.555550036607185,12.000001788139317,50.0,0.0,-40.00000745058077,27.04761832317254,29.212359971053413,-42.857154736257726,0.0,6.0,5.0,2.3879736513520435
12-24,1.0011127305511336,12.227366859849283,39.16666749450892,-46.153849680748344,12.000001788139317,50.0,0.0,-40.00000745058077,27.04761832317254,31.83563745058251,-828.571480839534,0.0,7.0,4.0,-61.787244443671625
12-26,1.0011127305511336,12.227366859849283,37.06896206215635,-46.153849680748344,12.000001788139317,50.0,0.0,-40.00000745058077,27.04761832317254,31.83563745058251,-828.571480839534,0.0,7.0,4.0,-61.962053229701006
12-27,1.0011127305511336,12.227366859849283,37.06896206215635,-46.153849680748344,12.000001788139317,29.999999379118247,0.0,-40.00000745058077,27.04761832317254,34.13728876688121,-160.0000111758711,0.0,7.0,4.0,-7.72262653311101
12-28,1.0011127305511336,12.227366859849283,36.20689389396643,-8.571429057997108,12.000001788139317,29.999999379118247,0.0,-35.00000651925817,27.04761832317254,21.11111166300595,-549.9999825377026,0.0,7.0,4.0,-37.83144278976292
12-29,-9.010014574960215,0.7931239010763177,38.33333498901784,-2.857148695965302,12.000001788139317,29.999999379118247,0.0,-35.00000651925817,-17.695246092262547,12.345676400497588,-271.42856762725484,0.0,5.0,6.0,-20.209903920987646
12-30,-9.010014574960215,-5.555555089821531,46.83333449231249,-2.857148695965302,12.000001788139317,29.999999379118247,0.0,-35.00000651925817,-17.695246092262547,0.0,-271.42856762725484,0.0,3.0,8.0,-21.05943357832938
12-31,-9.010014574960215,-1.7482584814286508,58.02631450987257,-2.857148695965302,12.000001788139317,29.999999379118247,0.0,-35.00000651925817,-17.695246092262547,6.628087082041436,-271.42856762725484,0.0,4.0,7.0,-19.257069935996512
