,2009,2010,2011,2012,2013,2014,2015,2016,2017,2018,2019,2020,ups,downs,avg
01-02,-33.33333002196431,24.99999813735488,8.333331781129006,16.66666997803569,0.0,4.166662786155852,-66.666672875484,-43.47826396810528,16.521739265643802,-6.06060003993511,0.0,0.0,5.0,7.0,-6.570872079764122
01-03,-33.33333002196431,24.99999813735488,8.333331781129006,16.66666997803569,0.0,4.166662786155852,-66.666672875484,-57.14286829338627,16.521739265643802,-6.06060003993511,0.0,0.0,5.0,7.0,-7.7095891068708715
01-04,-33.33333002196431,24.99999813735488,8.333331781129006,16.66666997803569,0.0,-4.1666689949731435,-66.666672875484,-65.00000409781926,7.8260900212597,-6.250003492459733,0.0,0.0,4.0,8.0,-9.799215797076764
01-05,-33.33333002196431,24.99999813735488,8.333331781129006,69.1358025599827,54.54545454545454,-4.1666689949731435,-66.666672875484,-65.00000409781926,14.035084967467878,-6.06060003993511,0.0,0.0,5.0,7.0,-0.3481336698989024
01-06,-33.33333002196431,24.99999813735488,8.333331781129006,70.9302330416818,50.0,-4.1666689949731435,0.0,-65.00000409781926,10.00000108372079,-32.25806234530432,0.0,0.0,5.0,7.0,2.4587915486521212
01-07,-33.33333002196431,0.0,8.333331781129006,70.9302330416818,50.0,-4.1666689949731435,0.0,-65.00000409781926,8.928573519295567,-32.25806234530432,0.0,0.0,4.0,8.0,0.28617274017044575
01-08,-33.33333002196431,0.0,8.333331781129006,60.937499126885065,50.0,-4.1666689949731435,0.0,-59.99999403953561,12.820511253000738,-28.125001746229866,0.0,0.0,4.0,8.0,0.5388622798593241
01-09,0.0,0.0,8.333331781129006,64.78873133020865,50.0,-4.1666689949731435,0.0,-39.130429148899445,1.9230751596258084,-28.125001746229866,0.0,0.0,4.0,8.0,4.468586531738417
01-10,0.0,0.0,8.333331781129006,64.78873133020865,42.307687899064575,-25.000007761021614,0.0,-39.130429148899445,-0.9615375798129364,-37.500002328306486,14.285716566504265,0.0,4.0,8.0,2.2602908965721675
01-11,0.0,0.0,8.333331781129006,64.78873133020865,42.307687899064575,-16.666669771075306,0.0,-39.130429148899445,-9.61538726056128,-48.38709832478265,-16.66666977107533,-100.0,3.0,9.0,-9.586375272165983
01-12,0.0,0.0,8.333331781129006,64.28571367750362,42.307687899064575,-16.666669771075306,0.0,-39.130429148899445,-19.0000057220459,-31.249998835846753,0.0,0.0,3.0,9.0,0.7399691566524833
01-13,0.0,0.0,8.333331781129006,64.28571367750362,42.307687899064575,0.0,0.0,-17.391306882995252,-11.76470656983444,-21.21211820178574,0.0,0.0,3.0,9.0,5.379883475256814
01-14,0.0,0.0,8.333331781129006,64.28571367750362,44.44444444444446,0.0,0.0,-35.00000335276125,-11.214953166906032,-42.857144377669506,0.0,0.0,3.0,9.0,2.332615750478359
01-15,0.0,0.0,8.333331781129006,55.35714304720869,44.44444444444446,3.5714251502435985,40.00000223517415,-42.10527058783673,-20.202024823949554,-42.857144377669506,0.0,0.0,5.0,7.0,3.8784922390620094
01-16,24.99999813735488,0.0,8.333331781129006,53.703705543353166,44.44444444444446,3.5714251502435985,45.454546378171166,-42.10527058783673,-12.264162401747946,-42.857144377669506,0.0,-49.999999999999986,6.0,6.0,2.773406172286844
01-17,0.0,0.0,8.333331781129006,53.703705543353166,44.44444444444446,3.5714251502435985,45.454546378171166,-50.00000000000006,-12.264162401747946,-42.857144377669506,0.0,-199.99999999999994,5.0,7.0,-12.467821123506338
01-18,0.0,0.0,8.333331781129006,53.703705543353166,42.307687899064575,0.0,45.454546378171166,-50.00000000000006,-13.207557779396248,-35.714283433495744,0.0,-199.99999999999994,4.0,8.0,-12.426880800931173
01-19,0.0,0.0,8.333331781129006,53.703705543353166,42.307687899064575,3.5714251502435985,45.454546378171166,-50.00000000000006,-34.65346803432377,-19.35483932991305,-16.66666977107533,-199.99999999999994,5.0,7.0,-13.942023365279221
01-20,0.0,0.0,8.333331781129006,58.33333498901785,42.307687899064575,3.5714251502435985,45.454546378171166,-50.00000000000006,-11.11111111111111,-26.66666004392862,-16.66666977107533,-199.99999999999994,5.0,7.0,-12.20367622737407
01-21,0.0,0.0,8.333331781129006,57.62711676055409,31.818178739429488,3.5714251502435985,45.454546378171166,-50.00000000000006,-5.982910685442232,-35.714283433495744,0.0,-199.99999999999994,5.0,7.0,-12.074382942450887
01-22,0.0,19.999998807907104,8.333331781129006,57.62711676055409,31.818178739429488,3.5714251502435985,45.454546378171166,-16.66665838824413,-6.896555622182568,-26.66666004392862,0.0,-199.99999999999994,6.0,6.0,-6.952106369743401
01-23,0.0,19.999998807907104,15.384612739438733,58.33333498901785,31.818178739429488,21.874998253770134,45.454546378171166,-11.111108351636943,-10.714286094417377,-16.666660043928623,0.0,-100.0,6.0,6.0,4.53113461814596
01-24,0.0,19.999998807907104,15.384612739438733,58.33333498901785,31.818178739429488,18.750001164153243,62.5,-11.111108351636943,-7.1428609441737585,-23.33333002196431,14.285716566504265,-100.0,7.0,5.0,6.623711974056306
01-25,0.0,19.999998807907104,15.384612739438733,58.33333498901785,31.818178739429488,13.333339956071377,60.00000248352677,-11.111108351636943,-12.499998669539185,-33.33333002196431,0.0,-100.0,6.0,6.0,3.493752556020906
01-26,0.0,19.999998807907104,15.384612739438733,50.0,31.818178739429488,13.333339956071377,66.6666687362723,0.0,-8.547010898276671,-26.66666004392862,0.0,-100.0,6.0,6.0,5.165760669742807
01-27,0.0,19.999998807907104,15.384612739438733,50.0,31.818178739429488,10.344828294942273,66.6666687362723,5.555558315029726,-5.128210614497419,-16.129035979478314,0.0,-100.0,7.0,5.0,6.542716586586991
01-28,0.0,0.0,15.384612739438733,50.0,31.818178739429488,10.344828294942273,66.6666687362723,5.555558315029726,-4.273510543552606,-20.0,0.0,-100.0,6.0,6.0,4.624694690129992
01-29,0.0,0.0,15.384612739438733,50.0,31.818178739429488,10.344828294942273,68.42105294115987,5.555558315029726,-5.172419285802719,-20.0,0.0,-100.0,6.0,6.0,4.695984312016447
01-30,0.0,0.0,15.384612739438733,50.0,31.818178739429488,21.428572188834753,70.00000111758708,0.0,-8.928573519295567,-26.66666004392862,0.0,0.0,5.0,7.0,12.753010935172155
01-31,0.0,0.0,15.384612739438733,50.0,31.818178739429488,21.428572188834753,70.00000111758708,0.0,-7.1428609441737585,-20.0,0.0,0.0,5.0,7.0,13.457375320093023
02-01,0.0,0.0,15.384612739438733,50.0,31.818178739429488,21.428572188834753,70.00000111758708,0.0,-8.928573519295567,-16.666660043928623,0.0,-100.0,5.0,7.0,5.253010935172154
02-02,0.0,0.0,23.076919109158116,50.0,31.818178739429488,12.000000476837158,70.00000111758708,0.0,-19.26604701898591,-9.375000582076622,0.0,-100.0,5.0,7.0,4.854504320162441
02-03,0.0,0.0,23.076919109158116,42.307687899064575,31.818178739429488,18.51852219781745,70.00000111758708,0.0,-39.423086622057966,-9.677419664956526,12.49999767169351,-100.0,6.0,6.0,4.093400037311312
02-04,0.0,0.0,23.076919109158116,42.307687899064575,31.818178739429488,22.22222774117061,70.00000111758708,0.0,-44.23077452112254,-9.677419664956526,30.00000074505805,-100.0,6.0,6.0,5.45973509711574
02-05,0.0,0.0,16.666663562258023,42.307687899064575,31.818178739429488,18.51852219781745,70.00000111758708,5.555558315029726,-44.23077452112254,-6.250003492459733,40.00000223517415,-100.0,7.0,5.0,6.198819671064849
02-06,0.0,0.0,16.666663562258023,42.307687899064575,31.818178739429488,18.51852219781745,70.00000111758708,-6.250003492459733,-42.85714934472353,-9.375000582076622,40.00000223517415,-100.0,6.0,6.0,5.069075194339239
02-07,0.0,0.0,16.666663562258023,42.307687899064575,28.571423503006237,12.000000476837158,72.72727318908558,-6.250003492459733,-34.28571720512561,-18.750001164153243,33.33333747254462,-100.0,6.0,6.0,3.8600553534214677
02-08,0.0,0.0,16.666663562258023,42.307687899064575,28.571423503006237,15.384612739438744,72.72727318908558,-6.250003492459733,-25.714296418793836,-22.58064268034779,33.33333747254462,0.0,6.0,6.0,12.870504647816368
02-09,0.0,0.0,16.666663562258023,42.307687899064575,28.571423503006237,15.384612739438744,72.72727318908558,-6.250003492459733,-28.971955848892094,-15.625004074536356,33.33333747254462,0.0,6.0,6.0,13.1786695791258
02-10,0.0,0.0,16.666663562258023,42.307687899064575,28.571423503006237,15.384612739438744,72.72727318908558,-12.500006984919448,-30.909093273572637,-19.35483932991305,33.33333747254462,0.0,6.0,6.0,12.185588231416054
02-11,0.0,0.0,16.666663562258023,42.307687899064575,28.571423503006237,15.384612739438744,72.72727318908558,15.789474509759632,-17.948721867498158,-5.714288876981205,33.33333747254462,0.0,7.0,5.0,16.759788510889837
02-12,0.0,-33.33333002196431,16.666663562258023,42.307687899064575,28.571423503006237,7.692306369719361,73.91304453458135,15.789474509759632,-18.965520253504707,-15.625004074536356,33.33333747254462,0.0,7.0,5.0,12.52917362507737
02-13,0.0,-33.33333002196431,16.666663562258023,42.307687899064575,28.571423503006237,7.692306369719361,73.91304453458135,20.000002980232196,-18.965520253504707,-15.625004074536356,33.33333747254462,-100.0,7.0,5.0,4.546717664283418
02-14,0.0,-33.33333002196431,0.0,42.307687899064575,28.571423503006237,11.11111663005949,73.91304453458135,11.111116630059469,-9.482760126752343,-15.625004074536356,33.33333747254462,-100.0,6.0,6.0,3.49221937050523
02-15,0.0,-33.33333002196431,0.0,42.307687899064575,31.818178739429488,11.11111663005949,73.91304453458135,11.111116630059469,-3.4482829494228686,-19.35483932991305,33.33333747254462,-100.0,6.0,6.0,3.954835800369897
02-16,0.0,-33.33333002196431,0.0,42.307687899064575,31.818178739429488,7.692306369719361,73.91304453458135,11.111116630059469,-0.8620681681899058,-20.0,33.33333747254462,-100.0,6.0,6.0,3.8316894546037212
02-17,0.0,-33.33333002196431,-19.999995529651724,42.307687899064575,31.818178739429488,7.692306369719361,73.91304453458135,11.111116630059469,17.293233958799657,-19.35483932991305,25.00000000000001,-100.0,7.0,5.0,3.0372836041770697
02-18,0.0,-33.33333002196431,7.692306369719361,42.307687899064575,31.818178739429488,7.692306369719361,73.91304453458135,15.789474509759632,12.195119823748584,-27.586212212067192,25.00000000000001,-100.0,8.0,4.0,4.6240480009992355
02-19,0.0,-66.66666004392862,7.692306369719361,6.249994179233778,31.818178739429488,7.692306369719361,73.91304453458135,15.789474509759632,9.243698236624217,-32.14285828325213,25.00000000000001,-100.0,8.0,4.0,-1.7842096156761318
02-20,0.0,-33.33333002196431,7.692306369719361,6.249994179233778,31.818178739429488,11.11111663005949,73.91304453458135,15.789474509759632,8.47456856590309,-32.14285828325213,25.00000000000001,-100.0,8.0,4.0,1.214374601955812
02-21,19.999998807907104,-33.33333002196431,7.692306369719361,6.249994179233778,31.818178739429488,14.285716566504245,73.91304453458135,15.789474509759632,8.47456856590309,-28.57143313300851,25.00000000000001,-100.0,9.0,3.0,3.443209926505437
02-22,19.999998807907104,-33.33333002196431,7.692306369719361,6.249994179233778,31.818178739429488,4.000002145767201,73.91304453458135,23.809523133734164,5.084741139541855,-29.629622271031774,14.285716566504265,-100.0,9.0,3.0,1.9908794436185389
02-23,19.999998807907104,-33.33333002196431,7.692306369719361,-3.448282949422908,31.818178739429488,4.000002145767201,76.0000005364418,23.809523133734164,8.403362943984478,-33.3333333333333,28.57142781116525,-100.0,8.0,4.0,2.514987848619029
02-24,19.999998807907104,-33.33333002196431,7.692306369719361,-3.448282949422908,31.818178739429488,4.000002145767201,76.0000005364418,23.809523133734164,-3.636360089641049,-24.99999733907837,28.57142781116525,-100.0,7.0,5.0,2.2061222620048113
02-25,19.999998807907104,-33.33333002196431,7.692306369719361,-7.1428609441737585,31.818178739429488,4.000002145767201,76.0000005364418,23.809523133734164,4.545460949259217,-29.629622271031774,28.57142781116525,-100.0,8.0,4.0,2.194257104687812
02-26,0.0,-33.33333002196431,7.692306369719361,-7.1428609441737585,31.818178739429488,4.000002145767201,76.0000005364418,9.523807834335413,6.2500046566128535,-29.629622271031774,0.0,-100.0,6.0,6.0,-2.9017927462386424
02-27,24.99999813735488,-33.33333002196431,7.692306369719361,-7.1428609441737585,31.818178739429488,4.000002145767201,76.0000005364418,-9.523814930126692,9.48276012675238,-22.222222222222197,0.0,-100.0,6.0,6.0,-1.5190818385851539
02-28,24.99999813735488,-33.33333002196431,7.692306369719361,-7.1428609441737585,31.818178739429488,14.285716566504245,76.0000005364418,-9.523814930126692,6.034477177329513,-22.222222222222197,14.285716566504265,-100.0,7.0,5.0,0.24118049789971607
02-29,0.0,0.0,0.0,-7.1428609441737585,0.0,0.0,0.0,-27.77777501830363,0.0,0.0,0.0,-100.0,0.0,3.0,-11.243386330206448
03-01,24.99999813735488,-33.33333002196431,7.692306369719361,-189.2857139055826,31.818178739429488,14.285716566504245,76.0000005364418,-16.66665838824413,0.8620681681899441,-18.518511159920667,0.0,-100.0,6.0,6.0,-16.845495413172667
03-02,24.99999813735488,-33.33333002196431,7.692306369719361,-207.14286094417375,-50.00000677325512,11.11111663005949,76.0000005364418,-11.111108351636943,-1.785712575121809,-22.222222222222197,0.0,-100.0,4.0,8.0,-25.482651601233215
03-03,24.99999813735488,-33.33333002196431,7.692306369719361,-207.14286094417375,-50.00000677325512,11.11111663005949,76.0000005364418,-11.111108351636943,1.785712575121809,-19.230774521122513,0.0,-100.0,5.0,7.0,-24.935745530287942
03-04,24.99999813735488,-33.33333002196431,7.692306369719361,-207.14286094417375,-50.00000677325512,11.11111663005949,76.0000005364418,-11.111108351636943,-6.666671964857554,-14.814811135515876,0.0,-100.0,4.0,8.0,-25.272113959819
03-05,24.99999813735488,-33.33333002196431,7.692306369719361,-207.14286094417375,-36.363642521141024,11.11111663005949,80.64516187179349,-27.77777501830363,-9.803924089392945,-10.714286094417377,0.0,-100.0,4.0,8.0,-25.05726964003882
03-06,24.99999813735488,-33.33333002196431,7.692306369719361,-128.57142248932198,-36.363642521141024,11.11111663005949,81.25,-35.29411867828106,-19.14893697969187,-10.714286094417377,0.0,-100.0,4.0,8.0,-19.86435963730699
03-07,24.99999813735488,-33.33333002196431,7.692306369719361,-153.57141982840034,-18.181814487315386,11.11111663005949,80.64516187179349,-35.29411867828106,-24.468080856617664,-14.285711244660995,0.0,0.0,4.0,8.0,-12.890491009026045
03-08,39.99999761581421,-33.33333002196431,7.692306369719361,-149.99999467815675,-18.181814487315386,11.11111663005949,79.31034469469832,-35.29411867828106,-10.638294094771235,-14.814811135515876,14.285716566504265,0.0,5.0,7.0,-9.155240101600748
03-09,39.99999761581421,-33.33333002196431,7.692306369719361,-149.99999467815675,-18.181814487315386,11.11111663005949,80.00000124176339,-35.29411867828106,-19.04762276446209,-23.076924840374172,-16.66666977107533,0.0,4.0,8.0,-13.066421115356055
03-10,39.99999761581421,-33.33333002196431,7.692306369719361,-149.99999467815675,-18.181814487315386,11.11111663005949,80.00000124176339,-11.111108351636943,-8.510636544000942,-22.222222222222197,-16.66666977107533,-100.0,4.0,8.0,-18.435196184917952
03-11,39.99999761581421,-33.33333002196431,7.692306369719361,-149.99999467815675,-18.181814487315386,11.11111663005949,80.00000124176339,-5.555550036607201,-17.5824199576781,-17.857147038591133,0.0,-100.0,4.0,8.0,-16.97556953024637
03-12,39.99999761581421,-33.33333002196431,7.692306369719361,-149.99999467815675,-18.181814487315386,-3.7037000244047684,68.74999883584675,-5.555550036607201,-18.888897866378834,-10.0,0.0,-100.0,3.0,9.0,-18.601748691120576
03-13,19.999998807907104,-33.33333002196431,7.692306369719361,-100.0,-22.727278269026947,-3.7037000244047684,62.06896463132213,-5.555550036607201,-15.053768196000068,6.666669978035689,0.0,0.0,4.0,8.0,-6.995473896751583
03-14,50.000000000000014,-33.33333002196431,7.692306369719361,-92.85714969951276,-22.727278269026947,-3.7037000244047684,63.33333498901784,5.000002607703171,-6.451613109971017,6.666669978035689,0.0,0.0,5.0,7.0,-2.1983964317003095
03-15,50.000000000000014,-33.33333002196431,7.692306369719361,-92.85714969951276,-18.181814487315386,0.0,63.33333498901784,9.999997764825869,-13.978487594318716,12.49999767169351,-16.66666977107533,0.0,5.0,7.0,-2.624317898244158
03-16,50.000000000000014,-33.33333002196431,7.692306369719361,-114.28572188834751,-18.181814487315386,0.0,60.71428609441738,9.999997764825869,-10.989006742333137,6.060609070941536,0.0,0.0,5.0,7.0,-3.5268894866713474
03-17,50.000000000000014,-33.33333002196431,7.692306369719361,-110.71427545073085,-18.181814487315386,0.0,60.71428609441738,9.999997764825869,-25.80644603078253,6.249994179233778,0.0,0.0,5.0,7.0,-4.4482734652163884
03-18,50.000000000000014,-33.33333002196431,7.692306369719361,-110.71427545073085,-18.181814487315386,-3.7037000244047684,60.71428609441738,9.999997764825869,-19.3877483993112,6.249994179233778,0.0,0.0,5.0,7.0,-4.222023664627508
03-19,50.000000000000014,-66.66666004392862,7.692306369719361,-110.71427545073085,-18.181814487315386,-3.7037000244047684,63.33333498901784,14.2857082036075,-23.157891764865333,16.666666666666664,0.0,0.0,5.0,7.0,-5.870527128519465
03-20,50.000000000000014,-66.66666004392862,7.692306369719361,-110.71427545073085,0.0,-18.518511159920667,62.06896463132213,24.999995343387045,-28.571420150050447,22.22222498169641,-16.66666977107533,0.0,5.0,7.0,-6.179503770798412
03-21,50.000000000000014,-66.66666004392862,7.692306369719361,-114.28572188834751,0.0,-18.518511159920667,44.82758585252885,24.999995343387045,-27.472520130813237,16.666666666666664,-16.66666977107533,0.0,5.0,7.0,-8.28529406348195
03-22,50.000000000000014,-66.66666004392862,0.0,-114.28572188834751,0.0,-11.111111111111088,50.0,24.999995343387045,-23.07692005386427,16.666666666666664,0.0,0.0,4.0,8.0,-6.122812590599814
03-23,50.000000000000014,-66.66666004392862,0.0,-114.28572188834751,0.0,-11.111111111111088,48.38709832478263,24.999995343387045,-34.48275295080671,6.249994179233778,12.49999767169351,0.0,5.0,7.0,-7.03409670625808
03-24,50.000000000000014,-66.66666004392862,0.0,-114.28572188834751,0.0,-11.111111111111088,51.61290167521737,18.1818144873154,-34.48275295080671,0.0,0.0,0.0,3.0,9.0,-8.895960819305095
03-25,50.000000000000014,-33.33333002196431,0.0,-114.28572188834751,0.0,-11.111111111111088,41.935482010260856,18.1818144873154,-28.571420150050447,0.0,0.0,0.0,3.0,9.0,-6.432023889491425
03-26,50.000000000000014,-33.33333002196431,0.0,-114.28572188834751,0.0,-7.407400048809537,38.7096786598261,18.1818144873154,-34.48275295080671,-3.3333300219643105,0.0,-100.0,3.0,9.0,-15.49592014872924
03-27,50.000000000000014,-33.33333002196431,0.0,-114.28572188834751,0.0,-3.7037000244047684,42.857141032510846,18.1818144873154,-42.682922840260204,0.0,0.0,-100.0,3.0,9.0,-15.247226604595879
03-28,50.000000000000014,-33.33333002196431,0.0,-114.28572188834751,0.0,-3.7037000244047684,42.857141032510846,14.2857082036075,-41.4634117975184,0.0,0.0,0.0,3.0,9.0,-7.136942874676386
03-29,50.000000000000014,-33.33333002196431,0.0,-114.28572188834751,0.0,-3.7037000244047684,42.857141032510846,14.2857082036075,-36.58536762655102,-6.666660043928621,0.0,0.0,3.0,9.0,-7.285994197423157
03-30,33.33333498901784,-33.33333002196431,0.0,-85.71427811165249,0.0,-3.7037000244047684,48.71794607277209,14.2857082036075,-32.92683449832548,-3.3333300219643105,0.0,0.0,3.0,9.0,-5.222873617742828
03-31,33.33333498901784,-33.33333002196431,0.0,-85.71427811165249,0.0,-3.7037000244047684,48.71794607277209,14.2857082036075,-33.3333333333333,-3.3333300219643105,0.0,0.0,3.0,9.0,-5.256748520660146
04-01,33.33333498901784,-33.33333002196431,0.0,-85.71427811165249,0.0,7.4074110867063405,48.71794607277209,5.263152941442215,-26.829264746897934,-6.89655562218261,0.0,0.0,4.0,8.0,-4.837631951063239
04-02,33.33333498901784,-33.33333002196431,7.692306369719361,-85.71427811165249,0.0,0.0,47.36841960792064,11.111116630059469,-38.66666158040361,-3.3333300219643105,-14.285711244660995,0.0,4.0,8.0,-6.319011115327366
04-03,33.33333498901784,-33.33333002196431,7.692306369719361,-85.71427811165249,0.0,0.0,38.88889164836307,11.111116630059469,-33.3333333333333,-3.3333300219643105,-42.857144377669506,0.0,4.0,8.0,-8.962147185785348
04-04,33.33333498901784,-33.33333002196431,7.692306369719361,-85.71427811165249,4.545457008456409,7.4074110867063405,43.5897418262925,5.882356034843122,-33.3333333333333,-6.666660043928621,-50.000009313225966,-100.0,6.0,6.0,-17.21641695908909
04-05,19.999998807907104,-33.33333002196431,7.692306369719361,-85.71427811165249,4.545457008456409,3.7037110623015512,42.10526274512018,5.882356034843122,-34.61538343975055,-3.3333300219643105,-80.0000044703483,-100.0,6.0,6.0,-21.088936169777686
04-06,19.999998807907104,-33.33333002196431,7.692306369719361,-85.71427811165249,4.545457008456409,3.7037110623015512,38.88889164836307,5.882356034843122,-40.78948235247615,3.0303090509739805,-50.000009313225966,-100.0,7.0,5.0,-18.841172484729526
04-07,19.999998807907104,-33.33333002196431,7.692306369719361,-85.71427811165249,4.545457008456409,3.7037110623015512,38.88889164836307,-11.764703304297399,-50.68493083575181,8.82352966957026,-28.57143313300851,-100.0,6.0,6.0,-18.86789840336306
04-08,19.999998807907104,-33.33333002196431,7.692306369719361,-85.71427811165249,4.545457008456409,3.7037110623015512,38.88889164836307,-11.764703304297399,-64.78873133020865,8.82352966957026,-50.000009313225966,0.0,6.0,6.0,-13.49559645958592
04-09,19.999998807907104,0.0,7.692306369719361,-85.71427811165249,4.545457008456409,3.7037110623015512,37.837837511296684,-5.263160784158717,-55.9999942779541,6.060609070941536,-50.000009313225966,0.0,6.0,6.0,-9.761460221364052
04-10,19.999998807907104,0.0,7.692306369719361,-85.71427811165249,4.545457008456409,3.7037110623015512,37.837837511296684,-5.263160784158717,-85.71428030796868,-6.06060003993511,-50.000009313225966,0.0,5.0,7.0,-13.247751483104986
04-11,19.999998807907104,0.0,7.692306369719361,-85.71427811165249,4.545457008456409,0.0,36.1111124908482,4.761900369272073,-84.12698022242186,3.0303090509739805,-50.000009313225966,0.0,6.0,6.0,-11.9750152958436
04-12,19.999998807907104,0.0,7.692306369719361,-85.71427811165249,0.0,0.0,36.1111124908482,14.2857082036075,-84.12698022242186,6.060609070941536,-50.000009313225966,0.0,5.0,7.0,-11.307627725356385
04-13,19.999998807907104,0.0,23.076919109158116,-85.71427811165249,0.0,0.0,41.02563779264736,14.2857082036075,-101.51515000998377,9.090909090909092,-50.000009313225966,0.0,5.0,7.0,-10.812522035886088
04-14,19.999998807907104,0.0,23.076919109158116,-85.71427811165249,0.0,0.0,41.02563779264736,5.000002607703171,-89.23077910609535,6.060609070941536,-80.0000044703483,0.0,5.0,7.0,-13.31515785831157
04-15,19.999998807907104,0.0,0.0,-85.71427811165249,0.0,3.7037110623015512,41.02563779264736,9.523807834335413,-92.18750727595778,0.0,-80.0000044703483,0.0,4.0,8.0,-15.304052863397262
04-16,19.999998807907104,-50.00000372529024,0.0,-85.71427811165249,0.0,0.0,37.837837511296684,9.523807834335413,-92.18750727595778,3.124997089616889,-59.99999403953561,0.0,4.0,8.0,-18.117928492440004
04-17,19.999998807907104,-50.00000372529024,0.0,-14.285711244660995,0.0,-3.7037000244047684,41.02563779264736,9.523807834335413,-108.47458877086834,9.37500058207664,-59.99999403953561,0.0,4.0,8.0,-13.04496273231612
04-18,0.0,-50.00000372529024,0.0,-14.285711244660995,0.0,7.4074110867063405,37.837837511296684,5.000002607703171,-101.69493391814586,12.49999767169351,-39.9999985098839,0.0,4.0,8.0,-11.936283210048442
04-19,0.0,-50.00000372529024,0.0,-3.5714251502435985,0.0,7.4074110867063405,37.837837511296684,5.000002607703171,-100.0,12.903223015391246,-39.9999985098839,0.0,4.0,8.0,-10.868579430360024
04-20,0.0,-50.00000372529024,0.0,-3.5714251502435985,0.0,7.4074110867063405,34.285711974513724,-4.999995157122685,-128.84617324411587,12.903223015391246,-39.9999985098839,0.0,3.0,9.0,-14.401770809170417
04-21,0.0,-50.00000372529024,0.0,0.0,0.0,7.4074110867063405,34.285711974513724,-4.999995157122685,-124.48979641486582,9.677419664956526,-39.9999985098839,0.0,3.0,9.0,-14.009937590082172
04-22,0.0,-50.00000372529024,0.0,0.0,0.0,7.4074110867063405,28.571427355007227,-4.999995157122685,-124.48979641486582,9.677419664956526,-16.66666977107533,0.0,3.0,9.0,-12.541683913473667
04-23,19.999998807907104,-50.00000372529024,0.0,0.0,0.0,7.4074110867063405,26.470589008710782,0.0,-120.00000476837158,9.677419664956526,-16.66666977107533,0.0,4.0,8.0,-10.259271641371367
04-24,19.999998807907104,-50.00000372529024,0.0,0.0,0.0,7.4074110867063405,26.470589008710782,0.0,-124.48979641486582,12.903223015391246,-16.66666977107533,50.0,5.0,7.0,-6.19793733270966
04-25,19.999998807907104,-50.00000372529024,0.0,0.0,0.0,-3.7037000244047684,32.432433303208825,-10.526313725600916,-128.57142509593913,12.903223015391246,-39.9999985098839,0.0,3.0,9.0,-13.955482162884314
04-26,19.999998807907104,-50.00000372529024,0.0,0.0,0.0,-3.7037000244047684,32.432433303208825,-10.526313725600916,-136.73468245808579,15.624994761310385,-39.9999985098839,50.0,4.0,8.0,-10.242272630903278
04-27,19.999998807907104,-50.00000372529024,0.0,0.0,0.0,-3.7037000244047684,32.432433303208825,5.263152941442215,-128.57142509593913,12.903223015391246,-39.9999985098839,50.0,5.0,7.0,-8.473026607297387
04-28,19.999998807907104,-50.00000372529024,0.0,0.0,0.0,-3.7037000244047684,32.432433303208825,5.263152941442215,-107.40740004880958,18.750001164153243,-39.9999985098839,50.0,5.0,7.0,-6.222126340973091
04-29,19.999998807907104,-50.00000372529024,40.90909275634231,0.0,0.0,0.0,32.432433303208825,5.263152941442215,-87.4999906867743,13.333339956071377,-39.9999985098839,50.0,6.0,6.0,-1.2968312630813845
04-30,19.999998807907104,-50.00000372529024,40.90909275634231,0.0,0.0,0.0,18.421050980480732,-5.882356034843106,-61.53846012770067,18.750001164153243,-39.9999985098839,0.0,4.0,8.0,-4.9450562240695435
05-01,19.999998807907104,-50.00000372529024,40.90909275634231,0.0,0.0,0.0,11.111116630059483,0.0,-61.53846012770067,15.624994761310385,-39.9999985098839,50.0,5.0,7.0,-1.157771617271294
05-02,19.999998807907104,-50.00000372529024,40.90909275634231,0.0,0.0,0.0,13.888891648363074,5.263152941442215,-56.92307974459867,12.49999767169351,-39.9999985098839,0.0,5.0,7.0,-4.530162346168717
05-03,19.999998807907104,-50.00000372529024,40.90909275634231,0.0,0.0,0.0,13.888891648363074,10.526313725600916,-44.61538955304768,12.903223015391246,-39.9999985098839,0.0,5.0,7.0,-3.0323226528847638
05-04,19.999998807907104,-50.00000372529024,40.90909275634231,0.0,0.0,0.0,13.888891648363074,10.526313725600916,-29.23076993614967,21.212127232792163,0.0,0.0,5.0,7.0,2.2754708757971382
05-05,0.0,-50.00000372529024,40.90909275634231,0.0,0.0,0.0,19.44444996339283,5.263152941442215,-44.61538955304768,18.181818181818166,0.0,0.0,4.0,8.0,-0.9014066196118664
05-06,0.0,-50.00000372529024,40.90909275634231,0.0,0.0,0.0,16.666666666666664,24.999995343387045,-37.87878637362013,18.181818181818166,-19.999995529651695,0.0,4.0,8.0,-0.5934343900289898
05-07,0.0,-50.00000372529024,40.90909275634231,0.0,0.0,0.0,11.111116630059483,24.999995343387045,-35.82089605350538,18.181818181818166,-19.999995529651695,0.0,4.0,8.0,-0.8849060330700261
05-08,0.0,-50.00000372529024,40.90909275634231,0.0,0.0,0.0,9.37500058207664,9.999997764825869,-42.187507275957756,15.151518161850626,-39.9999985098839,50.0,5.0,7.0,-0.5626583538363713
05-09,-60.00000238418581,-50.00000372529024,40.90909275634231,0.0,0.0,0.0,6.249994179233778,9.999997764825869,-40.62499941792338,9.090909090909092,-39.9999985098839,50.0,5.0,7.0,-6.19791752049769
05-10,-60.00000238418581,-50.00000372529024,40.90909275634231,0.0,0.0,0.0,6.249994179233778,9.999997764825869,-45.31250436557467,8.571429057997108,-19.999995529651695,0.0,4.0,8.0,-9.131832687191947
05-11,-60.00000238418581,-50.00000372529024,40.90909275634231,0.0,0.0,0.0,11.764703304297399,0.0,-49.18032866977482,2.9411736347271384,-19.999995529651695,50.0,4.0,8.0,-6.130446717794644
05-12,-60.00000238418581,-50.00000372529024,40.90909275634231,0.0,0.0,0.0,11.764703304297399,-5.263160784158717,-72.22221670327386,5.882356034843122,-49.999999999999986,50.0,4.0,8.0,-10.744102625118813
05-13,-60.00000238418581,-50.00000372529024,43.4782639681053,0.0,0.0,0.0,17.64705933914052,-5.263160784158717,-81.4814778021826,8.571429057997108,-49.999999999999986,50.0,4.0,8.0,-10.587324360881203
05-14,-60.00000238418581,0.0,43.4782639681053,0.0,0.0,0.0,11.764703304297399,-10.526313725600916,-81.4814778021826,5.882356034843122,-49.999999999999986,50.0,4.0,8.0,-7.573539217060291
05-15,-60.00000238418581,0.0,43.4782639681053,0.0,0.0,0.0,9.37500058207664,-10.526313725600916,-81.4814778021826,5.882356034843122,-49.999999999999986,50.0,4.0,8.0,-7.772681110578688
05-16,-60.00000238418581,0.0,43.4782639681053,0.0,0.0,0.0,9.37500058207664,-10.526313725600916,-75.92591672767863,-5.882356034843122,-19.999995529651695,0.0,2.0,10.0,-9.956776654314853
05-17,-60.00000238418581,0.0,43.4782639681053,0.0,0.0,0.0,9.37500058207664,-26.315788235360564,-68.51851667886905,-9.090909090909092,-39.9999985098839,0.0,2.0,10.0,-12.589329195752207
05-18,-60.00000238418581,0.0,43.4782639681053,0.0,0.0,0.0,9.37500058207664,-26.315788235360564,-58.18181562029632,0.0,-59.99999403953561,50.0,3.0,9.0,-8.470361310766364
05-19,-60.00000238418581,0.0,40.90909275634231,-33.33333806386084,0.0,0.0,0.0,-15.789474509759632,-52.63158169919878,6.060609070941536,-59.99999403953561,50.0,3.0,9.0,-10.398724072438071
05-20,-60.00000238418581,0.0,40.90909275634231,-33.33333806386084,0.0,0.0,3.124997089616889,-15.789474509759632,-59.649129411410385,11.428569239013012,-59.99999403953561,50.0,4.0,8.0,-10.275773276981672
05-21,-60.00000238418581,-50.00000372529024,40.90909275634231,-33.33333806386084,0.0,0.0,-24.99999733907837,-15.789474509759632,-62.50000399138243,6.060609070941536,-39.9999985098839,0.0,2.0,10.0,-19.971093058013114
05-22,-60.00000238418581,-50.00000372529024,40.90909275634231,-33.33333806386084,0.0,0.0,-24.99999733907837,-9.999997764825855,-40.00000916994567,6.060609070941536,-39.9999985098839,0.0,2.0,10.0,-17.613637094148903
05-23,-60.00000238418581,-50.00000372529024,43.4782639681053,-33.33333806386084,0.0,0.0,-16.666660043928623,-4.761907465063339,-33.84615948919735,9.090909090909092,-75.00000465661297,0.0,2.0,10.0,-18.41990856409373
05-24,-60.00000238418581,-50.00000372529024,43.4782639681053,-33.33333806386084,0.0,0.0,-16.666660043928623,-4.761907465063339,-26.153849680748344,9.090909090909092,-39.9999985098839,0.0,2.0,10.0,-14.862215567828892
05-25,-60.00000238418581,-50.00000372529024,43.4782639681053,-33.33333806386084,0.0,0.0,-12.903223015391266,0.0,-21.874998253770134,9.090909090909092,-75.00000465661297,0.0,2.0,10.0,-16.711866420008075
05-26,-60.00000238418581,-50.00000372529024,43.4782639681053,-33.33333806386084,0.0,0.0,-12.903223015391266,0.0,-36.66666004392862,9.37500058207664,-75.00000465661297,0.0,2.0,10.0,-17.92083061159065
05-27,-20.000004768371582,0.0,43.4782639681053,-33.33333806386084,0.0,0.0,-25.80644603078255,0.0,-29.310348548447017,9.37500058207664,-75.00000465661297,0.0,2.0,10.0,-10.883073126491084
05-28,-20.000004768371582,0.0,43.4782639681053,-33.33333806386084,0.0,0.0,-22.58064268034779,0.0,-27.118649718337736,14.705885704413399,-75.00000465661297,0.0,2.0,10.0,-9.987374184584352
05-29,-20.000004768371582,0.0,43.4782639681053,-33.33333806386084,0.0,0.0,-16.129035979478314,0.0,-29.310348548447017,14.705885704413399,-75.00000465661297,50.0,3.0,9.0,-5.465715195354335
05-30,-20.000004768371582,0.0,43.4782639681053,-33.33333806386084,-99.99999999999997,0.0,-34.482757557586616,0.0,-29.310348548447017,11.764703304297399,-49.999999999999986,0.0,2.0,10.0,-17.65695680548861
05-31,-20.000004768371582,0.0,43.4782639681053,-33.33333806386084,-99.99999999999997,0.0,-44.444433406547695,0.0,-34.48275755758657,11.764703304297399,-25.00000465661298,0.0,2.0,10.0,-16.83479759838141
06-01,-20.000004768371582,0.0,43.4782639681053,-33.33333806386084,-99.99999999999997,0.0,-44.444433406547695,5.555558315029726,-43.39623235646188,2.9411736347271384,-49.999999999999986,0.0,3.0,9.0,-19.933251056448317
06-02,0.0,0.0,43.4782639681053,-33.33333806386084,-99.99999999999997,0.0,-40.740733382142885,5.555558315029726,-32.72727331839316,0.0,-49.999999999999986,0.0,2.0,10.0,-17.31396020677182
06-03,0.0,0.0,43.4782639681053,-33.33333806386084,-99.99999999999997,0.0,-33.3333333333333,10.526313725600916,-33.96226733381887,0.0,-49.999999999999986,0.0,2.0,10.0,-16.38536341977556
06-04,0.0,0.0,43.4782639681053,-33.33333806386084,-99.99999999999997,0.0,-42.30769936149668,0.0,-47.9166655025134,-3.030300019967555,-75.00000465661297,0.0,1.0,11.0,-21.509145303028845
06-05,0.0,0.0,43.4782639681053,-33.33333806386084,-99.99999999999997,0.0,-19.35483932991305,0.0,-54.34781862229177,-3.030300019967555,-49.999999999999986,50.0,2.0,10.0,-13.882336005660656
06-06,0.0,0.0,43.4782639681053,-33.33333806386084,-99.99999999999997,0.0,-16.129035979478314,0.0,-63.0434753031722,0.0,-49.999999999999986,0.0,1.0,11.0,-18.252298781533835
06-07,0.0,0.0,43.4782639681053,-33.33333806386084,-99.99999999999997,0.0,-16.129035979478314,0.0,-36.95651821806214,-3.1250064028428435,-100.0,50.0,2.0,10.0,-16.3388028913449
06-08,0.0,0.0,43.4782639681053,-33.33333806386084,-99.99999999999997,0.0,-20.0,-10.526313725600916,-40.425537851073734,0.0,-100.0,0.0,1.0,11.0,-21.733910472702515
06-09,0.0,0.0,43.4782639681053,-33.33333806386084,-99.99999999999997,0.0,-20.0,-11.111108351636943,-38.29786761846407,2.9411736347271384,-100.0,0.0,2.0,10.0,-21.360239702594114
06-10,0.0,0.0,45.833334109435505,-33.33333806386084,-99.99999999999997,0.0,-29.999990065892952,-16.66665838824413,-25.490195620110374,0.0,-100.0,0.0,1.0,11.0,-21.638070669056066
06-11,0.0,33.33333498901784,45.833334109435505,-33.33333806386084,-99.99999999999997,0.0,-23.33333002196431,-4.999995157122685,-45.45454299154359,0.0,-66.666672875484,0.0,2.0,10.0,-16.218434167626835
06-12,0.0,33.33333498901784,45.833334109435505,-33.33333806386084,-99.99999999999997,0.0,-25.80644603078255,-10.526313725600916,-59.99999403953561,6.060609070941536,-66.666672875484,0.0,3.0,9.0,-17.592123880489083
06-13,0.0,0.0,45.833334109435505,-33.33333806386084,-99.99999999999997,0.0,-19.35483932991305,16.00000262260437,-59.99999403953561,3.0303090509739805,-25.00000465661298,50.0,4.0,8.0,-10.235377525575716
06-14,0.0,0.0,45.833334109435505,-33.33333806386084,-99.99999999999997,0.0,-19.35483932991305,16.00000262260437,-47.49999124556793,6.060609070941536,-66.666672875484,0.0,3.0,9.0,-16.5800746426537
06-15,0.0,0.0,45.833334109435505,-33.33333806386084,-99.99999999999997,0.0,-19.35483932991305,19.999998807907104,-20.930226110909274,6.060609070941536,-66.666672875484,0.0,3.0,9.0,-14.032594532656915
06-16,0.0,0.0,45.833334109435505,-33.33333806386084,-99.99999999999997,0.0,-19.35483932991305,31.034479746495258,-13.953488694454549,8.82352966957026,-66.666672875484,0.0,3.0,9.0,-12.301416286517616
06-17,0.0,0.0,45.833334109435505,-33.33333806386084,-99.99999999999997,0.0,-12.903223015391266,28.57142781116525,3.921564960882979,18.421050980480732,-66.666672875484,0.0,4.0,8.0,-9.679654674397634
06-18,0.0,0.0,45.833334109435505,-33.33333806386084,-99.99999999999997,0.0,-13.33333002196431,27.586207073735558,7.547163021186405,13.888891648363074,-66.666672875484,0.0,4.0,8.0,-9.873145425715714
06-19,0.0,0.0,45.833334109435505,-33.33333806386084,-99.99999999999997,0.0,-17.2413839171249,27.586207073735558,-2.083337601895229,13.888891648363074,-100.0,-100.0,3.0,9.0,-22.112468895945568
06-20,0.0,0.0,45.833334109435505,-33.33333806386084,-99.99999999999997,0.0,-27.586212212067192,30.000004967053535,-4.1666689949731435,13.888891648363074,-150.00000931322595,0.0,3.0,9.0,-18.780333154939584
06-21,0.0,0.0,45.833334109435505,-33.33333806386084,-99.99999999999997,0.0,-27.586212212067192,30.000004967053535,-2.083337601895229,13.513516561230885,-150.00000931322595,50.0,4.0,8.0,-14.471336796110771
06-22,0.0,0.0,45.833334109435505,-33.33333806386084,-99.99999999999997,0.0,-27.586212212067192,36.666669978035685,-11.363639134513473,16.216216651604412,-150.00000931322595,0.0,3.0,9.0,-18.630581498715987
06-23,0.0,0.0,45.833334109435505,-33.33333806386084,-99.99999999999997,0.0,-27.586212212067192,38.7096786598261,-28.57143769458877,13.513516561230885,-150.00000931322595,-100.0,3.0,9.0,-28.452872329437515
06-24,0.0,0.0,8.333331781129019,-33.33333806386084,-99.99999999999997,0.0,-27.586212212067192,48.64864995481323,-47.3684235292789,11.111116630059483,-150.00000931322595,-100.0,3.0,9.0,-32.516240396035926
06-25,0.0,0.0,8.333331781129019,-33.33333806386084,-99.99999999999997,0.0,-31.03448488482689,48.48484999001622,-39.9999985098839,8.571429057997108,-150.00000931322595,0.0,3.0,9.0,-24.081518328554598
06-26,0.0,0.0,8.333331781129019,-33.33333806386084,-99.99999999999997,0.0,-24.13793953930749,52.77777915751487,-39.9999985098839,14.285709420028917,-150.00000931322595,-100.0,3.0,9.0,-31.006205422300443
06-27,0.0,0.0,8.333331781129019,-33.33333806386084,-99.99999999999997,0.0,-50.00000931322594,52.77777915751487,-62.49999161809695,8.571429057997108,-150.00000931322595,0.0,3.0,9.0,-27.17923402598072
06-28,0.0,0.0,8.333331781129019,-33.33333806386084,-99.99999999999997,0.0,-50.00000931322594,50.000000000000014,-62.49999161809695,8.82352966957026,-150.00000931322595,0.0,3.0,9.0,-27.389707238142524
06-29,0.0,0.0,8.333331781129019,-33.33333806386084,-99.99999999999997,0.0,-50.00000931322594,47.22222498169641,-62.49999161809695,2.9411736347271384,-199.99999999999994,0.0,3.0,9.0,-32.27805071646926
06-30,0.0,0.0,8.333331781129019,-33.33333806386084,-99.99999999999997,0.0,-50.00000931322594,33.333337472544606,-53.4883756389999,8.333333333333332,-199.99999999999994,0.0,3.0,9.0,-32.23514336908997
07-01,0.0,0.0,8.333331781129019,-33.33333806386084,-99.99999999999997,0.0,-50.00000931322594,31.428571793497824,-67.5000016763806,5.714280362031807,-499.9999999999999,0.0,3.0,9.0,-58.779763759734045
07-02,0.0,0.0,8.333331781129019,-33.33333806386084,-99.99999999999997,0.0,-33.33333333333332,41.17647033042974,-76.31579607807707,8.333333333333332,-400.00001862645195,-100.0,3.0,9.0,-57.094945888069255
07-03,0.0,0.0,8.333331781129019,-33.33333806386084,-99.99999999999997,0.0,-33.33333333333332,33.33333498901784,-67.5000016763806,8.333333333333332,-400.00001862645195,-100.0,3.0,9.0,-57.013890966378874
07-05,0.0,0.0,8.333331781129019,-33.33333806386084,-99.99999999999997,0.0,-33.33333333333332,41.17647033042974,-59.99999403953561,2.777783296726149,-150.00000931322595,-100.0,3.0,9.0,-35.3649241118059
07-06,0.0,0.0,8.333331781129019,-33.33333806386084,-99.99999999999997,0.0,-23.076924840374172,41.17647033042974,-52.50000130385158,2.8571401810159034,-150.00000931322595,-100.0,3.0,9.0,-33.878610935728155
07-07,0.0,0.0,8.333331781129019,-33.33333806386084,-99.99999999999997,0.0,-23.076924840374172,44.1176483478513,-31.707323455583676,5.555558315029741,-150.00000931322595,0.0,3.0,9.0,-23.342588102419544
07-08,0.0,0.0,4.166662786155852,-33.33333806386084,-99.99999999999997,0.0,-30.769236941309597,42.4242454345779,-35.00000335276122,-69.99999925494194,-400.00001862645195,-100.0,2.0,10.0,-60.209307334882645
07-09,0.0,-50.00000372529024,4.166662786155852,-33.33333806386084,-99.99999999999997,0.0,-30.769236941309597,45.714285471001446,-31.707323455583676,-88.88888336994056,-300.0,-100.0,2.0,10.0,-57.068153108235634
07-10,0.0,-50.00000372529024,4.166662786155852,-33.33333806386084,-99.99999999999997,-42.10527058783673,-23.076924840374172,44.1176483478513,-25.581398250090825,-94.44443340654773,-300.0,0.0,2.0,10.0,-51.68808814499945
07-11,0.0,-50.00000372529024,4.166662786155852,-33.33333806386084,-99.99999999999997,-35.00000335276125,-23.076924840374172,45.714285471001446,-25.581398250090825,-88.88888336994056,-150.00000931322595,0.0,2.0,10.0,-37.99996772153221
07-12,0.0,-50.00000372529024,4.166662786155852,-33.33333806386084,-99.99999999999997,-50.00000000000006,-23.076924840374172,45.714285471001446,-25.581398250090825,-94.11765273054571,-150.00000931322595,50.0,3.0,9.0,-35.519031555519206
07-13,0.0,-50.00000372529024,4.166662786155852,-33.33333806386084,-99.99999999999997,-50.00000000000006,-23.076924840374172,45.714285471001446,-27.90697738890907,-68.42105098048073,-150.00000931322595,50.0,3.0,9.0,-33.57144633791531
07-14,0.0,-50.00000372529024,8.333331781129019,0.0,-99.99999999999997,-50.00000000000006,-23.076924840374172,47.22222498169641,-50.0,-73.68421960735596,-150.00000931322595,50.0,3.0,9.0,-32.600466726951744
07-15,0.0,-200.0000074505805,8.333331781129019,0.0,-99.99999999999997,-50.00000000000006,-23.076924840374172,45.714285471001446,-46.15384968074832,-73.68421960735596,-150.00000931322595,0.0,2.0,10.0,-49.072282803346205
07-16,0.0,-100.0,8.333331781129019,0.0,-99.99999999999997,-50.00000000000006,-7.6923121009354265,47.22222498169641,-39.0243897120347,-73.68421960735596,-150.00000931322595,50.0,3.0,9.0,-34.57044783089389
07-17,0.0,-100.0,8.333331781129019,0.0,-99.99999999999997,-107.69232356336758,-21.739128744669824,40.62499941792338,-42.49999608844524,-84.21052549024036,-150.00000931322595,50.0,3.0,9.0,-42.26530433340804
07-18,0.0,-100.0,-4.761907465063339,0.0,-99.99999999999997,-107.69232356336758,-30.434785425550253,40.62499941792338,-39.9999985098839,-73.68421960735596,-100.0,50.0,2.0,10.0,-38.82901959610814
07-19,0.0,-100.0,-4.761907465063339,0.0,-99.99999999999997,-107.69232356336758,-30.434785425550253,37.499997671693514,-62.49999161809695,-73.68421960735596,-150.00000931322595,50.0,2.0,10.0,-45.131103276747204
07-20,0.0,-100.0,-9.523814930126692,0.0,-99.99999999999997,-107.69232356336758,-30.434785425550253,34.37500058207662,-56.097558848138775,-73.68421960735596,-100.0,50.0,2.0,10.0,-41.08814181603855
07-21,0.0,-100.0,-9.523814930126692,0.0,-99.99999999999997,-107.69232356336758,-30.434785425550253,42.4242454345779,-42.857152993987526,-88.23528793031376,-100.0,50.0,2.0,10.0,-40.526593284063985
07-22,0.0,-200.0000074505805,-9.523814930126692,0.0,-99.99999999999997,-107.69232356336758,-34.78260728722485,45.45454545454547,-44.999993667006585,-88.23528793031376,-100.0,50.0,2.0,10.0,-49.148290781172875
07-23,0.0,-200.0000074505805,-9.523814930126692,0.0,-99.99999999999997,-107.69232356336758,-34.78260728722485,47.05882198257845,-44.999993667006585,-88.23528793031376,-100.0,50.0,2.0,10.0,-49.01460107050346
07-24,0.0,-200.0000074505805,-9.523814930126692,0.0,-99.99999999999997,-107.69232356336758,-34.78260728722485,48.57142565201736,-44.999993667006585,-88.23528793031376,-100.0,0.0,1.0,11.0,-53.05521743138355
07-25,0.0,-200.0000074505805,-9.523814930126692,0.0,0.0,-107.69232356336758,-26.086950606344395,51.35135004518677,-47.49999124556793,-100.0,-100.0,0.0,1.0,11.0,-44.954311479233354
07-26,0.0,-200.0000074505805,-9.523814930126692,0.0,0.0,-107.69232356336758,-26.086950606344395,51.35135004518677,-44.999993667006585,-112.50000698491947,-100.0,50.0,2.0,10.0,-41.620978929763204
07-27,0.0,-200.0000074505805,-9.523814930126692,0.0,0.0,-107.69232356336758,-44.999993667006564,51.35135004518677,-35.897433546167754,-88.88888336994056,-100.0,50.0,2.0,10.0,-40.47092554016691
07-28,0.0,-200.0000074505805,-9.523814930126692,0.0,0.0,-107.69232356336758,-35.00000335276125,51.35135004518677,-41.02564925507944,-88.88888336994056,-100.0,50.0,2.0,10.0,-40.06494432305578
07-29,0.0,-200.0000074505805,-21.052635293918364,0.0,0.0,-107.69232356336758,-35.00000335276125,48.64864995481323,-29.268286832381634,-100.0,-100.0,50.0,2.0,10.0,-41.197050544849674
07-30,0.0,-200.0000074505805,-21.052635293918364,0.0,0.0,-107.69232356336758,-29.999993294477562,51.28205010641723,-26.1904733183702,-112.50000698491947,-100.0,50.0,2.0,10.0,-41.346115816601376
07-31,0.0,-200.0000074505805,-21.052635293918364,0.0,0.0,-107.69232356336758,-54.999998882412925,51.28205010641723,-32.499990873038904,-112.50000698491947,-100.0,0.0,1.0,11.0,-48.121909411818386
08-01,0.0,-200.0000074505805,-21.052635293918364,0.0,0.0,-107.69232356336758,-54.999998882412925,51.28205010641723,-19.999995529651724,-106.25001280568569,-300.0,0.0,1.0,11.0,-63.226076951599964
08-02,0.0,-200.0000074505805,-21.052635293918364,0.0,0.0,-170.00000670552248,-63.15789803903853,51.28205010641723,-15.000000372529037,-128.57142248932198,-199.99999999999994,0.0,1.0,11.0,-62.20832668704113
08-03,-24.99999813735488,-200.0000074505805,-21.052635293918364,0.0,0.0,-200.00000000000006,-63.15789803903853,51.28205010641723,-17.499997951090364,-175.00001707424758,-199.99999999999994,50.0,2.0,10.0,-66.70237531998441
08-04,-24.99999813735488,-200.0000074505805,-21.052635293918364,0.0,0.0,-200.00000000000006,-63.15789803903853,66.66666666666666,-6.818182126057051,-209.0909140169128,-49.999999999999986,0.0,1.0,11.0,-59.03774736643296
08-05,-24.99999813735488,-200.0000074505805,-26.315788235360564,0.0,0.0,-200.00000000000006,-57.894745097596335,67.27272668160684,-18.604646972091025,-183.33334264655926,-49.999999999999986,50.0,2.0,10.0,-53.65631682149465
08-06,-24.99999813735488,-200.0000074505805,-26.315788235360564,0.0,0.0,-200.00000000000006,-57.894745097596335,59.99999940395355,-24.390242661414284,-209.0909140169128,-49.999999999999986,50.0,2.0,10.0,-56.890974682938825
08-07,-24.99999813735488,-200.0000074505805,-26.315788235360564,0.0,0.0,-200.00000000000006,-63.15789803903853,60.78431240781732,-24.390242661414284,-200.00001354651022,-49.999999999999986,50.0,2.0,10.0,-56.50663630520347
08-08,-24.99999813735488,-50.00000372529024,-26.315788235360564,0.0,0.0,-200.00000000000006,-63.15789803903853,66.10169290331915,-7.317073525310204,-200.00001354651022,-100.0,0.0,1.0,11.0,-50.47409019212879
08-09,-24.99999813735488,-50.00000372529024,-26.315788235360564,0.0,0.0,-170.00000670552248,-63.15789803903853,67.79660914212042,2.439022085483674,-230.00000819563854,-49.999999999999986,0.0,2.0,10.0,-45.35317265088343
08-10,-24.99999813735488,0.0,-26.315788235360564,0.0,0.0,-170.00000670552248,-63.15789803903853,57.62711676055409,0.0,-200.00001354651022,-199.99999999999994,0.0,1.0,11.0,-52.237215658602715
08-11,-24.99999813735488,0.0,-26.315788235360564,0.0,0.0,-170.00000670552248,-63.15789803903853,53.96825494439456,-4.87805143982653,-209.0909140169128,-199.99999999999994,50.0,2.0,10.0,-49.53953346913509
08-12,-24.99999813735488,0.0,-26.315788235360564,0.0,0.0,-170.00000670552248,-63.15789803903853,52.542370569770924,-27.49999571591622,-209.0909140169128,-199.99999999999994,50.0,2.0,10.0,-51.54351919002787
08-13,-24.99999813735488,0.0,-26.315788235360564,0.0,0.0,-170.00000670552248,-57.894745097596335,53.96825494439456,-34.210525490240364,-209.0909140169128,-199.99999999999994,50.0,2.0,10.0,-51.54531022821607
08-14,-24.99999813735488,0.0,-26.315788235360564,0.0,0.0,-170.00000670552248,-52.63157647072107,51.66666997803569,-30.769233120498875,-245.45454299154358,-199.99999999999994,0.0,1.0,11.0,-58.208706306913804
08-15,-24.99999813735488,0.0,-26.315788235360564,0.0,0.0,-170.00000670552248,-52.63157647072107,50.84745685659032,-35.897433546167754,-227.27274205073843,-100.0,0.0,1.0,11.0,-48.85584069077291
08-16,-24.99999813735488,0.0,-26.315788235360564,0.0,0.0,-170.00000670552248,-52.63157647072107,50.84745685659032,-23.076924840374165,-236.36364252114097,0.0,50.0,2.0,10.0,-36.04504000449032
08-17,-24.99999813735488,0.0,-26.315788235360564,0.0,0.0,-170.00000670552248,-52.63157647072107,49.152538092168385,-12.820516347414992,-236.36364252114097,-100.0,50.0,2.0,10.0,-43.66491586044555
08-18,-24.99999813735488,0.0,-26.315788235360564,0.0,0.0,-170.00000670552248,-52.63157647072107,46.551722188908705,-13.513508506549263,-362.5000162981454,0.0,0.0,1.0,11.0,-50.28409768039541
08-19,-24.99999813735488,0.0,-26.315788235360564,0.0,0.0,-170.00000670552248,-52.63157647072107,42.187497962731825,-8.571429057997108,-428.5714331330085,-100.0,50.0,2.0,10.0,-59.908561148102734
08-20,-24.99999813735488,0.0,-26.315788235360564,0.0,0.0,-170.00000670552248,-52.63157647072107,50.74626792643008,-11.764703304297399,-428.5714331330085,-100.0,50.0,2.0,10.0,-59.46143650498624
08-21,-24.99999813735488,0.0,-26.315788235360564,0.0,0.0,-170.00000670552248,-15.999996662139871,51.470586817363575,-11.764703304297399,-414.28573253203405,-100.0,50.0,2.0,10.0,-55.157969896612144
08-22,-24.99999813735488,0.0,-26.315788235360564,0.0,0.0,-170.00000670552248,11.11111663005949,60.71428292665343,-17.64705933914052,-399.9999893563135,-100.0,50.0,3.0,9.0,-51.42812018474825
08-23,-24.99999813735488,0.0,-26.315788235360564,0.0,0.0,-170.00000670552248,22.580647487173934,57.14285410180374,-17.64705933914052,-466.66668529311863,-100.0,50.0,3.0,9.0,-56.32550301012662
08-24,-24.99999813735488,0.0,-26.315788235360564,12.500000776102175,0.0,-170.00000670552248,22.580647487173934,57.14285410180374,-8.108108325802206,-466.66668529311863,0.0,50.0,4.0,8.0,-46.155590361006574
08-25,-24.99999813735488,0.0,-26.315788235360564,12.500000776102175,0.0,-170.00000670552248,22.580647487173934,59.090907243657696,-10.256416134580553,-500.0000372529039,0.0,50.0,4.0,8.0,-48.950057579899045
08-26,-24.99999813735488,0.0,-26.315788235360564,12.500000776102175,0.0,-170.00000670552248,22.580647487173934,59.30232695143178,-8.108108325802206,-414.28573253203405,0.0,50.0,4.0,8.0,-41.610554893447194
08-27,-24.99999813735488,0.0,-26.315788235360564,12.500000776102175,0.0,-170.00000670552248,17.24137877879326,59.03614332375182,-11.111108351636926,-500.0000372529039,0.0,50.0,4.0,8.0,-49.470784650344285
08-28,-24.99999813735488,0.0,-26.315788235360564,12.500000776102175,0.0,-170.00000670552248,17.24137877879326,53.42465826126887,-25.00000465661298,-483.33333643774205,50.0,0.0,4.0,8.0,-49.70692469636905
08-29,-24.99999813735488,0.0,-26.315788235360564,12.500000776102175,0.0,-170.00000670552248,17.24137877879326,54.054054162901096,-18.750001164153243,-500.0000372529039,0.0,50.0,4.0,8.0,-50.52253314812487
08-30,-24.99999813735488,-66.66667287548394,-26.315788235360564,12.500000776102175,0.0,-170.00000670552248,14.285716566504245,59.45945837098897,-25.00000465661298,-399.9999893563135,-100.0,50.0,4.0,8.0,-56.394773687754416
08-31,-24.99999813735488,-66.66667287548394,-26.315788235360564,12.500000776102175,0.0,-170.00000670552248,14.285716566504245,54.054054162901096,-20.588232973867658,-414.28573253203405,0.0,50.0,4.0,8.0,-49.334721662843
09-01,-24.99999813735488,-66.66667287548394,-26.315788235360564,12.500000776102175,0.0,-170.00000670552248,14.285716566504245,55.40540420808787,-17.64705933914052,-185.714288755339,0.0,50.0,4.0,8.0,-29.929391041458924
09-02,-24.99999813735488,-66.66667287548394,-26.315788235360564,12.500000776102175,0.0,-170.00000670552248,7.1428609441737585,56.79012431983558,-17.142858115994215,-100.0,0.0,50.0,4.0,8.0,-23.224361502467048
09-03,-24.99999813735488,-53.84616178168377,-26.315788235360564,12.500000776102175,0.0,-170.00000670552248,7.1428609441737585,52.11267410538253,-17.142858115994215,-100.0,0.0,0.0,3.0,9.0,-26.712439762521456
09-04,-24.99999813735488,-53.84616178168377,-26.315788235360564,12.500000776102175,0.0,-89.99999478459367,7.1428609441737585,54.666666189829506,-20.588232973867658,-100.0,50.0,50.0,5.0,7.0,-11.786720666896258
09-05,-24.99999813735488,-53.84616178168377,-9.090907243657705,12.500000776102175,0.0,-100.0,7.1428609441737585,54.054054162901096,-20.588232973867658,-80.00000447034826,-100.0,0.0,3.0,9.0,-26.235699060311273
09-06,-24.99999813735488,-53.84616178168377,-9.090907243657705,12.500000776102175,0.0,-80.00000447034826,13.333339956071377,54.054054162901096,-26.470589008710782,-88.88888336994052,-100.0,0.0,3.0,9.0,-25.28409575971844
09-07,-24.99999813735488,-53.84616178168377,-9.090907243657705,12.500000776102175,0.0,-80.00000447034826,13.333339956071377,52.70270411771434,-22.857146992975423,-137.5000023283065,-100.0,0.0,3.0,9.0,-29.146514675369886
09-08,-24.99999813735488,-53.84616178168377,-9.090907243657705,12.500000776102175,0.0,-80.00000447034826,13.333339956071377,49.295771100695504,-8.571429057997108,-137.5000023283065,-100.0,0.0,3.0,9.0,-28.23994926553993
09-09,-24.99999813735488,23.076919109158116,-9.090907243657705,12.500000776102175,0.0,-80.00000447034826,13.333339956071377,52.70270411771434,-8.333325054910793,-137.5000023283065,-100.0,0.0,4.0,8.0,-21.525939439627678
09-10,-24.99999813735488,23.076919109158116,-9.090907243657705,12.500000776102175,0.0,-80.00000447034826,13.333339956071377,48.571425652017346,22.00000286102294,-111.11110007321436,-100.0,-100.0,5.0,7.0,-25.476693464183608
09-11,-24.99999813735488,23.076919109158116,4.000002145767201,12.500000776102175,0.0,-29.999993294477562,23.333334989017835,48.571425652017346,13.33333421636512,-111.11110007321436,-100.0,-100.0,6.0,6.0,-20.108006218051585
09-12,-24.99999813735488,23.076919109158116,4.000002145767201,12.500000776102175,0.0,-29.999993294477562,23.333334989017835,49.295771100695504,8.88888726999726,-111.11110007321436,-100.0,-100.0,6.0,6.0,-20.418014676192396
09-13,-24.99999813735488,23.076919109158116,4.000002145767201,12.500000776102175,0.0,-29.999993294477562,23.333334989017835,54.92957711006955,11.111107431811954,-137.5000023283065,-100.0,-100.0,6.0,6.0,-21.962421016517677
09-14,-24.99999813735488,23.076919109158116,16.00000262260437,12.500000776102175,0.0,-29.999993294477562,23.333334989017835,54.92957711006955,14.5833321691801,-137.5000023283065,-100.0,-100.0,6.0,6.0,-20.6730689153339
09-15,-24.99999813735488,23.076919109158116,16.00000262260437,12.500000776102175,0.0,-29.999993294477562,23.333334989017835,54.166666666666664,16.00000262260437,-112.50000698491947,-100.0,-100.0,6.0,6.0,-18.535255969216532
09-16,-24.99999813735488,23.076919109158116,16.00000262260437,12.500000776102175,0.0,-29.999993294477562,23.333334989017835,51.470586817363575,16.666663562258023,-142.8571443776695,-100.0,-100.0,6.0,6.0,-21.234135661083155
09-17,-24.99999813735488,23.076919109158116,16.00000262260437,12.500000776102175,0.0,-29.999993294477562,17.85714171674786,46.031745055605455,6.976744347227267,-112.50000698491947,-100.0,0.0,6.0,6.0,-12.088120399108888
09-18,-149.99999627470976,16.666663562258023,16.00000262260437,12.500000776102175,0.0,-29.999993294477562,17.85714171674786,47.69230522347616,-2.5641078544558304,-112.50000698491947,-100.0,0.0,5.0,7.0,-23.695665875614505
09-19,-149.99999627470976,16.666663562258023,16.00000262260437,12.500000776102175,0.0,-29.999993294477562,17.85714171674786,48.48484999001622,-2.5641078544558304,-112.50000698491947,-100.0,50.0,6.0,6.0,-19.462953811736167
09-20,-149.99999627470976,16.666663562258023,16.00000262260437,12.500000776102175,0.0,-29.999993294477562,17.85714171674786,46.969699980032445,-2.5641078544558304,-128.57142248932198,-100.0,50.0,6.0,6.0,-20.928500937935024
09-21,-149.99999627470976,16.666663562258023,16.00000262260437,12.500000776102175,0.0,-29.999993294477562,17.85714171674786,43.93939544456168,-5.405400180747071,-200.0000186264519,-100.0,50.0,6.0,6.0,-27.370183687842683
09-22,-149.99999627470976,16.666663562258023,16.00000262260437,12.500000776102175,0.0,-29.999993294477562,17.85714171674786,41.26984006843749,-11.428569239013028,-200.0000186264519,0.0,0.0,5.0,7.0,-23.927910724041862
09-23,-149.99999627470976,16.666663562258023,24.000000953674316,12.500000776102175,0.0,-29.999993294477562,28.57142781116525,44.776120066881745,-17.142858115994215,-200.0000186264519,0.0,0.0,5.0,7.0,-22.552387761795995
09-24,-149.99999627470976,9.090907243657705,24.000000953674316,12.500000776102175,0.0,-29.999993294477562,28.57142781116525,39.99999999999999,-17.142858115994215,-200.0000186264519,0.0,0.0,5.0,7.0,-23.5817107939195
09-25,-149.99999627470976,9.090907243657705,24.000000953674316,12.500000776102175,0.0,-29.999993294477562,28.57142781116525,39.99999999999999,-32.25806234530432,-183.33334264655932,0.0,0.0,5.0,7.0,-23.45242148137096
09-26,-149.99999627470976,9.090907243657705,24.000000953674316,12.500000776102175,0.0,-29.999993294477562,28.57142781116525,39.06250087311493,-35.483865695739055,-166.66666666666669,50.0,50.0,7.0,5.0,-14.077140356156557
09-27,-149.99999627470976,9.090907243657705,24.000000953674316,12.500000776102175,0.0,0.0,28.57142781116525,39.06250087311493,-29.03225899486958,-100.0,50.0,50.0,7.0,5.0,-5.4839514676554115
09-28,-149.99999627470976,9.090907243657705,24.000000953674316,12.500000776102175,0.0,0.0,28.57142781116525,39.06250087311493,-21.21211820178574,-71.4285668669915,0.0,50.0,6.0,6.0,-6.617986973814385
09-29,-149.99999627470976,9.090907243657705,24.000000953674316,12.500000776102175,0.0,9.090907243657705,32.14285828325213,15.6249947613104,-29.411762643437918,-83.33333643774203,0.0,50.0,7.0,5.0,-9.191285507852939
09-30,-100.0,9.090907243657705,24.000000953674316,12.500000776102175,0.0,18.1818144873154,32.14285828325213,15.384610446952324,-30.30302729269483,-83.33333643774203,0.0,0.0,6.0,6.0,-8.5280142949569
10-01,-100.0,9.090907243657705,24.000000953674316,12.500000776102175,0.0,18.1818144873154,32.14285828325213,20.634920034218744,-34.375005238689596,-83.33333643774203,-100.0,0.0,6.0,6.0,-16.76315332485093
10-02,-100.0,9.090907243657705,24.000000953674316,12.500000776102175,0.0,40.0,32.14285828325213,21.874998253770134,-38.7096786598261,-100.00000000000004,-100.0,0.0,6.0,6.0,-16.59174276244747
10-03,-100.0,9.090907243657705,24.000000953674316,12.500000776102175,0.0,30.769225478877487,32.14285828325213,33.33333333333333,-32.25806234530432,-83.33333643774203,-100.0,0.0,6.0,6.0,-14.479589392845767
10-04,-100.0,9.090907243657705,24.000000953674316,12.500000776102175,0.0,9.090907243657705,32.14285828325213,32.00000127156575,-32.25806234530432,-66.666672875484,-100.0,0.0,6.0,6.0,-15.008338287406545
10-05,-100.0,-81.8181855126846,24.000000953674316,12.500000776102175,0.0,9.090907243657705,32.14285828325213,21.33333683013916,-38.7096786598261,-83.33333643774203,0.0,0.0,5.0,7.0,-17.066174710285605
10-06,-100.0,-81.8181855126846,24.000000953674316,12.500000776102175,0.0,9.090907243657705,32.14285828325213,16.000000635782875,-32.25806234530432,-83.33333643774203,0.0,0.0,5.0,7.0,-16.97298470027181
10-07,-100.0,-81.8181855126846,24.000000953674316,12.500000776102175,0.0,9.090907243657705,32.14285828325213,18.05556245424102,-25.00000465661298,-57.142855622330515,0.0,0.0,5.0,7.0,-14.014309673391727
10-08,-100.0,-81.8181855126846,24.000000953674316,12.500000776102175,0.0,9.090907243657705,32.14285828325213,16.000000635782875,-29.03225899486958,-83.33333643774203,0.0,0.0,5.0,7.0,-16.70416775440225
10-09,-100.0,-81.8181855126846,24.000000953674316,12.500000776102175,0.0,16.666663562258023,32.14285828325213,17.105262745120182,-33.33333002196431,-83.33333643774203,0.0,50.0,6.0,6.0,-12.172505470998672
10-10,-100.0,-81.8181855126846,24.000000953674316,12.500000776102175,0.0,9.090907243657705,34.48275755758655,14.864866606417648,-26.66666004392862,-83.33333643774203,66.66666666666666,50.0,7.0,5.0,-6.684415182520847
10-11,-100.0,-81.8181855126846,24.000000953674316,12.500000776102175,0.0,9.090907243657705,34.48275755758655,18.918916741977938,-29.999990065892952,-83.33333643774203,0.0,50.0,6.0,6.0,-12.179910728610073
10-12,-100.0,-81.8181855126846,24.000000953674316,12.500000776102175,0.0,9.090907243657705,32.14285828325213,20.270274841846327,-34.482757557586616,-57.142855622330515,50.0,50.0,7.0,5.0,-6.286646382839085
10-13,-100.0,-81.8181855126846,24.000000953674316,12.500000776102175,0.0,9.090907243657705,32.14285828325213,21.62162488703309,-27.586212212067192,-33.33333333333335,50.0,0.0,6.0,6.0,-7.781861576197142
10-14,-100.0,-81.8181855126846,24.000000953674316,12.500000776102175,54.1666658905645,9.090907243657705,32.14285828325213,11.111116630059483,-6.06060003993511,-33.33333333333335,50.0,0.0,7.0,5.0,-2.350047425720227
10-15,-33.33333002196431,-81.8181855126846,24.000000953674316,12.500000776102175,54.1666658905645,9.090907243657705,32.14285828325213,5.633797614353404,-6.06060003993511,-33.33333333333335,0.0,0.0,6.0,6.0,-1.4176015121927588
10-16,-33.33333002196431,-81.8181855126846,24.000000953674316,12.500000776102175,54.1666658905645,9.090907243657705,10.714286094417377,1.4705868173635692,-6.06060003993511,-16.66666977107533,50.0,0.0,7.0,5.0,2.005305202510027
10-17,-33.33333002196431,-81.8181855126846,24.000000953674316,12.500000776102175,54.1666658905645,9.090907243657705,9.99999999999998,-6.349209803242228,-3.030300019967555,-16.66666977107533,50.0,0.0,6.0,6.0,1.5466566445887227
10-18,-33.33333002196431,-81.8181855126846,24.000000953674316,12.500000776102175,54.1666658905645,9.090907243657705,20.588232973867644,-7.936509888789085,-3.030300019967555,0.0,0.0,0.0,5.0,7.0,-0.48104313379493274
10-19,-33.33333002196431,-81.8181855126846,24.000000953674316,0.0,54.1666658905645,9.090907243657705,20.588232973867644,-33.3333301796484,-12.121209110876647,0.0,0.0,0.0,4.0,8.0,-4.396687313617481
10-20,-33.33333002196431,-81.8181855126846,24.000000953674316,0.0,54.1666658905645,9.090907243657705,8.82352966957026,-44.26229091717085,-14.705876939024554,0.0,-100.0,0.0,4.0,8.0,-14.83654830278146
10-21,-33.33333002196431,-81.8181855126846,24.000000953674316,0.0,56.00000023841858,9.090907243657705,8.82352966957026,-36.507939811796916,-12.121209110876647,-19.999995529651695,0.0,0.0,4.0,8.0,-7.155518490137774
10-22,-33.33333002196431,-81.8181855126846,24.000000953674316,0.0,56.00000023841858,9.090907243657705,9.37500058207664,-27.692309808449007,-19.35483932991305,-19.999995529651695,0.0,0.0,4.0,8.0,-6.97772926540295
10-23,-33.33333002196431,-81.8181855126846,24.000000953674316,0.0,56.00000023841858,0.0,9.37500058207664,-20.28985306936711,-23.33333002196431,-39.9999985098839,0.0,50.0,4.0,8.0,-4.949974613474557
10-24,-33.33333002196431,-81.8181855126846,24.000000953674316,0.0,56.00000023841858,0.0,12.121218141883089,-23.88059143819332,-20.0,-19.999995529651695,-100.0,0.0,3.0,9.0,-15.575906930709827
10-25,0.0,-81.8181855126846,24.000000953674316,0.0,57.69230636971937,0.0,12.121218141883089,-8.955224013376348,-6.666660043928621,-16.66666977107533,50.0,0.0,4.0,8.0,2.47556551035099
10-26,0.0,-81.8181855126846,24.000000953674316,0.0,57.69230636971937,0.0,12.121218141883089,-10.447759866236506,-13.33333002196431,-16.66666977107533,0.0,0.0,3.0,9.0,-2.3710349755569973
10-27,0.0,-9.090907243657693,24.000000953674316,0.0,57.69230636971937,0.0,15.151518161850626,-10.447759866236506,-9.677419664956526,-39.9999985098839,0.0,0.0,3.0,9.0,2.302311683375807
10-28,0.0,-9.090907243657693,24.000000953674316,0.0,57.69230636971937,0.0,15.151518161850626,-26.56250320142142,-16.666660043928623,-75.00000465661297,0.0,0.0,3.0,9.0,-2.5396874716980338
10-29,0.0,-18.18181448731537,24.000000953674316,0.0,57.69230636971937,0.0,15.151518161850626,1.3888957875743526,-2.9411736347271384,-75.00000465661297,0.0,0.0,4.0,8.0,0.17581070784693154
10-30,0.0,-18.18181448731537,24.000000953674316,0.0,57.69230636971937,0.0,15.151518161850626,11.250004004687025,-2.9411736347271384,-150.00000931322595,0.0,0.0,4.0,8.0,-5.2524306621114265
10-31,0.0,-18.18181448731537,24.000000953674316,0.0,57.69230636971937,0.0,15.151518161850626,6.578949019519266,-2.9411736347271384,-150.00000931322595,50.0,0.0,5.0,7.0,-1.4750185775420732
11-01,-33.33333002196431,-18.18181448731537,24.000000953674316,-59.99999006589295,57.69230636971937,0.0,15.151518161850626,1.31578823536055,0.0,-80.0000044703483,50.0,0.0,5.0,7.0,-3.612960443743006
11-02,-33.33333002196431,-18.18181448731537,12.000000476837158,-59.99999006589295,57.69230636971937,0.0,15.151518161850626,2.6315764707211,-2.9411736347271384,-59.99999403953561,50.0,0.0,5.0,7.0,-3.0817417308589263
11-03,-33.33333002196431,-18.18181448731537,12.000000476837158,-59.99999006589295,54.1666658905645,0.0,9.090909090909092,6.578949019519266,2.777783296726149,-33.33333333333335,50.0,0.0,6.0,6.0,-0.8528466778291511
11-04,-33.33333002196431,-18.18181448731537,12.000000476837158,-59.99999006589295,54.1666658905645,0.0,9.090909090909092,5.1282004256688785,-5.882356034843122,-33.33333333333335,50.0,0.0,5.0,7.0,-1.6954206716141218
11-05,-33.33333002196431,-18.18181448731537,12.000000476837158,-59.99999006589295,54.1666658905645,0.0,9.090909090909092,19.540231696270077,-2.857148695965302,-14.285711244660995,50.0,50.0,6.0,6.0,5.511651053231826
11-06,-33.33333002196431,-18.18181448731537,12.000000476837158,-59.99999006589295,54.1666658905645,0.0,9.090909090909092,27.08333294528226,-2.857148695965302,-14.285711244660995,50.0,50.0,6.0,6.0,6.140242823982841
11-07,-33.33333002196431,-18.18181448731537,12.000000476837158,-59.99999006589295,52.1739141702201,0.0,9.090909090909092,33.96226171073886,-42.857145289985546,-28.57143313300851,50.0,50.0,6.0,6.0,2.0236143708782115
11-08,-33.33333002196431,-18.18181448731537,0.0,-59.99999006589295,52.1739141702201,0.0,9.090909090909092,33.96226171073886,-28.571427355007227,-33.33333333333335,50.0,50.0,5.0,7.0,1.8172658090295712
11-09,-33.33333002196431,-18.18181448731537,0.0,-59.99999006589295,56.00000023841858,-66.666672875484,9.090909090909092,33.01886633309055,-41.17646594773534,-14.285711244660995,50.0,50.0,5.0,7.0,-2.9611840817195607
11-10,-33.33333002196431,-18.18181448731537,0.0,-59.99999006589295,56.00000023841858,-66.666672875484,9.090909090909092,26.5306107554025,-42.857145289985546,-14.285711244660995,50.0,50.0,5.0,7.0,-3.641928658381083
11-11,-33.33333002196431,-18.18181448731537,0.0,-59.99999006589295,56.00000023841858,-66.666672875484,9.090909090909092,31.313131252316452,-17.073169136104095,-14.285711244660995,50.0,50.0,5.0,7.0,-1.0947206041481319
11-12,0.0,-18.18181448731537,0.0,-59.99999006589295,56.00000023841858,-66.666672875484,15.151518161850626,38.23529343016556,-17.073169136104095,-14.285711244660995,50.0,0.0,4.0,8.0,-1.4017121649185544
11-13,50.0,-9.090907243657693,0.0,-59.99999006589295,56.00000023841858,-66.666672875484,12.49999767169351,39.99999772934677,-9.090907243657705,0.0,50.0,0.0,5.0,7.0,5.304293184230542
11-14,50.0,-9.090907243657693,0.0,-59.99999006589295,56.00000023841858,-66.666672875484,12.49999767169351,44.736841830080124,2.272725117600642,-14.285711244660995,50.0,0.0,6.0,6.0,5.455523619008101
11-15,50.0,-9.090907243657693,0.0,-59.99999006589295,63.33333498901784,-66.666672875484,12.49999767169351,42.98245751626605,11.363639134513448,-16.66666977107533,50.0,0.0,6.0,6.0,6.4795991129484065
11-16,50.0,-9.090907243657693,0.0,-59.99999006589295,60.71428609441738,-66.666672875484,-3.7037000244047684,42.10526013088135,15.909089369714744,14.285716566504265,50.0,0.0,6.0,6.0,7.796090162673193
11-17,50.0,-9.090907243657693,0.0,-59.99999006589295,60.71428609441738,-66.666672875484,-3.7037000244047684,44.736841830080124,23.913046154272767,14.285716566504265,50.0,0.0,6.0,6.0,8.682385036319593
11-18,50.0,-9.090907243657693,0.0,-59.99999006589295,59.25926109890872,-66.666672875484,-3.7037000244047684,43.69748029640837,16.66666548403479,14.285716566504265,50.0,0.0,6.0,6.0,7.870654436368061
11-19,50.0,0.0,0.0,-59.99999006589295,59.25926109890872,-66.666672875484,-3.7037000244047684,42.98245751626605,12.500002793967683,14.285716566504265,0.0,0.0,5.0,7.0,4.054756250822083
11-20,50.0,0.0,0.0,-59.99999006589295,59.25926109890872,-66.666672875484,-3.7037000244047684,45.37815589048133,12.500002793967683,14.285716566504265,0.0,0.0,5.0,6.0,4.2543977820066905
11-21,50.0,0.0,0.0,-59.99999006589295,59.25926109890872,-66.666672875484,-3.7037000244047684,45.83333747254461,22.500000558793538,0.0,0.0,0.0,4.0,7.0,3.9351863470387634
11-22,50.0,0.0,0.0,-59.99999006589295,59.25926109890872,-66.666672875484,-3.7037000244047684,46.66666997803569,17.499997951090364,0.0,33.33333333333333,0.0,5.0,6.0,6.365741616298866
11-23,50.0,0.0,0.0,-59.99999006589295,59.25926109890872,-66.666672875484,-3.7037000244047684,46.66666997803569,10.526313725600916,0.0,66.66666666666666,0.0,5.0,6.0,8.562379041952523
11-24,50.0,0.0,0.0,-59.99999006589295,59.25926109890872,-66.666672875484,-3.7037000244047684,52.20588460873977,8.108108325802206,14.285716566504265,66.66666666666666,0.0,6.0,5.0,10.012939525069992
11-25,50.0,0.0,0.0,-59.99999006589295,59.25926109890872,-83.33333643774203,-3.7037000244047684,50.0,13.157890196322017,14.285716566504265,66.66666666666666,0.0,6.0,5.0,8.861042333363493
11-26,50.0,0.0,0.0,-59.99999006589295,59.25926109890872,-150.00001552204327,-3.7037000244047684,49.193549162391314,5.714280362031807,14.285716566504265,66.66666666666666,0.0,6.0,5.0,2.6179806870134814
11-27,50.0,0.0,0.0,-59.99999006589295,59.25926109890872,-116.66666356225804,-33.33333806386084,47.500002483526764,10.810808416175734,14.285716566504265,66.66666666666666,0.0,6.0,5.0,3.210205294980859
11-28,50.0,0.0,0.0,-59.99999006589295,56.00000023841858,-116.66666356225804,-39.9999985098839,50.0,13.513516561230885,14.285716566504265,50.0,0.0,6.0,5.0,1.4277151023432364
11-29,50.0,0.0,0.0,-59.99999006589295,57.69230636971937,-83.33333643774203,-55.5555500366072,49.20634995722657,16.216216651604412,0.0,50.0,0.0,5.0,6.0,2.0188330365256806
11-30,50.0,0.0,0.0,-59.99999006589295,57.69230636971937,-83.33333643774203,-64.70588132171896,40.47619002566405,22.500000558793538,14.285716566504265,50.0,0.0,6.0,5.0,2.242917141277273
12-01,50.0,0.0,16.66666997803569,-59.99999006589295,57.69230636971937,-83.33333643774203,-64.70588132171896,40.94488100284488,18.421050980480732,0.0,50.0,0.0,6.0,5.0,2.1404750421438936
12-02,50.0,0.0,16.66666997803569,-59.99999006589295,57.69230636971937,-83.33333643774203,-64.70588132171896,41.46341321583239,11.111116630059483,0.0,50.0,0.0,6.0,5.0,1.5745248640244156
12-03,50.0,0.0,16.66666997803569,-59.99999006589295,57.69230636971937,-83.33333643774203,-64.70588132171896,38.52459160559471,15.789474509759632,0.0,50.0,0.0,6.0,5.0,1.7194862198129544
12-04,50.0,0.0,16.66666997803569,-59.99999006589295,57.69230636971937,-100.00000000000004,-64.70588132171896,37.50000248352677,11.111116630059483,14.285716566504265,50.0,0.0,7.0,4.0,1.0458283866861358
12-05,50.0,0.0,16.66666997803569,-59.99999006589295,49.99999999999999,-83.33333643774203,-61.11110007321437,38.52459160559471,13.888891648363074,14.285716566504265,-49.999999999999986,0.0,6.0,5.0,-5.923213064862634
12-06,50.0,-9.999997764825869,16.66666997803569,-59.99999006589295,49.99999999999999,-83.33333643774203,-61.11110007321437,37.70492027536954,16.666666666666664,14.285716566504265,0.0,0.0,6.0,5.0,-2.426704237924923
12-07,50.0,-9.999997764825869,16.66666997803569,-59.99999006589295,49.99999999999999,-83.33333643774203,-61.11110007321437,39.34426293581987,17.142858115994233,0.0,0.0,0.0,5.0,6.0,-3.440886109318786
12-08,50.0,-9.999997764825869,16.66666997803569,-59.99999006589295,47.61904626746832,-83.33333643774203,-61.11110007321437,43.07692025540133,17.142858115994233,14.285716566504265,0.0,0.0,6.0,5.0,-2.137767763189282
12-09,50.0,-9.999997764825869,16.66666997803569,-59.99999006589295,49.99999999999999,-83.33333643774203,-55.5555500366072,50.344827246013935,2.9411736347271384,0.0,0.0,0.0,5.0,6.0,-3.2446836205242753
12-10,24.99999813735488,-9.999997764825869,16.66666997803569,-59.99999006589295,49.99999999999999,-83.33333643774203,-55.5555500366072,52.66666809717814,5.714280362031807,0.0,0.0,0.0,5.0,6.0,-4.903438144205628
12-11,24.99999813735488,-9.999997764825869,16.66666997803569,-59.99999006589295,-9.090907243657705,-83.33333643774203,-64.70588132171896,49.64539040070978,13.157890196322017,0.0,0.0,0.0,4.0,7.0,-10.221680343451265
12-12,24.99999813735488,-9.999997764825869,16.66666997803569,-59.99999006589295,-9.090907243657705,-83.33333643774203,-76.4705933914052,46.21212497504056,13.157890196322017,0.0,0.0,0.0,4.0,7.0,-11.488178468064218
12-13,24.99999813735488,-9.999997764825869,16.66666997803569,-59.99999006589295,-9.090907243657705,-83.33333643774203,-76.4705933914052,48.48484999001622,13.157890196322017,0.0,50.0,0.0,5.0,6.0,-7.132118050149579
12-14,24.99999813735488,-9.999997764825869,16.66666997803569,-59.99999006589295,-9.090907243657705,-83.33333643774203,-66.6666666666667,52.27272953047888,13.157890196322017,0.0,0.0,0.0,4.0,7.0,-10.166134194716152
12-15,24.99999813735488,-9.999997764825869,16.66666997803569,-59.99999006589295,-9.090907243657705,-83.33333643774203,-88.88888336994056,55.79710025993671,8.108108325802206,0.0,0.0,0.0,4.0,7.0,-12.145103181744139
12-16,24.99999813735488,-9.999997764825869,16.66666997803569,-59.99999006589295,0.0,-83.33333643774203,-88.88888336994056,56.25000206960564,10.810808416175734,0.0,0.0,0.0,4.0,7.0,-11.124560753102456
12-17,24.99999813735488,-9.999997764825869,16.66666997803569,-59.99999006589295,0.0,-83.33333643774203,-77.77776673988106,52.898552289556946,10.810808416175734,0.0,50.0,0.0,5.0,6.0,-6.311255182268223
12-18,24.99999813735488,-9.999997764825869,16.66666997803569,-59.99999006589295,-4.1666689949731435,-66.666672875484,-100.0,48.8188987464439,10.810808416175734,16.666663562258005,0.0,0.0,5.0,6.0,-10.239190905075645
12-19,24.99999813735488,-9.999997764825869,16.66666997803569,-59.99999006589295,-4.1666689949731435,-66.666672875484,-106.25001280568569,45.83333747254461,16.216216651604412,16.666663562258005,50.0,0.0,6.0,5.0,-6.391704725422002
12-20,24.99999813735488,-9.999997764825869,16.66666997803569,-59.99999006589295,-8.333331781128996,-66.666672875484,-106.25001280568569,42.500002483526764,18.918916741977938,0.0,0.0,0.0,4.0,7.0,-12.347034829343519
12-21,24.99999813735488,-9.999997764825869,16.66666997803569,-59.99999006589295,-8.333331781128996,-66.666672875484,-106.25001280568569,44.16666749450892,16.216216651604412,16.666663562258005,0.0,0.0,5.0,6.0,-11.0444824557713
12-22,0.0,-9.999997764825869,16.66666997803569,-59.99999006589295,-8.333331781128996,-66.666672875484,-106.25001280568569,46.66666997803569,18.918916741977938,33.33333333333333,0.0,0.0,4.0,7.0,-11.305367938469573
12-23,0.0,-9.999997764825869,16.66666997803569,-59.99999006589295,-8.333331781128996,-66.666672875484,-106.25001280568569,38.461533759002215,5.555558315029741,33.33333333333333,0.0,0.0,4.0,7.0,-13.10274249230138
12-24,0.0,8.333331781129006,16.66666997803569,-59.99999006589295,-8.333331781128996,-66.666672875484,-106.25001280568569,27.27272776532762,8.108108325802206,33.33333333333333,0.0,0.0,5.0,6.0,-12.294653028713649
12-26,0.0,8.333331781129006,16.66666997803569,-59.99999006589295,-8.333331781128996,-66.666672875484,-106.25001280568569,28.57142781116524,5.555558315029741,33.33333333333333,0.0,0.0,5.0,6.0,-12.399140525791552
12-27,0.0,8.333331781129006,16.66666997803569,0.0,-8.333331781128996,-66.666672875484,-106.25001280568569,28.57142781116524,5.555558315029741,16.666663562258005,0.0,0.0,5.0,6.0,-8.788030501223417
12-28,0.0,8.333331781129006,16.66666997803569,0.0,0.0,-66.666672875484,-106.25001280568569,32.14285828325213,-2.857148695965302,0.0,0.0,0.0,3.0,8.0,-9.885914527893181
12-29,24.99999813735488,8.333331781129006,16.66666997803569,0.0,0.0,-66.666672875484,-106.25001280568569,28.440371788608452,5.555558315029741,-19.999995529651695,0.0,0.0,5.0,6.0,-9.0767292675553
12-30,24.99999813735488,8.333331781129006,16.66666997803569,0.0,0.0,-66.666672875484,-106.25001280568569,23.684209150400612,0.0,14.285716566504265,0.0,0.0,5.0,6.0,-7.078896672312104
12-31,24.99999813735488,8.333331781129006,16.66666997803569,0.0,0.0,-66.666672875484,-106.25001280568569,8.57142646296484,-6.06060003993511,14.285716566504265,0.0,0.0,5.0,6.0,-8.843345232926342
