,2009,2010,2011,2012,2013,2014,2015,2016,2017,2018,2019,2020,ups,downs,avg
01-02,-2.2727250560256556,1.8939394213060816,5.875440500025663,13.948784862129799,5.355643513502219,-2.357837384112368,19.687875635677937,-51.89368983812182,7.359868031393472,-2.398755434161338,5.547513960080948,-29.151289694933315,7.0,5.0,-2.367102623603199
01-03,-12.5,1.8939394213060816,8.194843797444612,13.948784862129799,4.314714791666546,-2.357837384112368,19.917696726534402,-49.41176683249168,7.359868031393472,-2.398755434161338,5.135656479108282,-29.629623524718884,7.0,5.0,-2.9610399221584225
01-04,-12.5,7.168458879374555,8.194843797444612,13.948784862129799,3.1959638643267327,-2.357837384112368,21.278318669047138,-49.41176683249168,7.359868031393472,-5.607486409100536,5.135656479108282,-24.382707836824213,7.0,5.0,-2.331491989975351
01-05,-12.5,7.168458879374555,8.194843797444612,13.948784862129799,3.471640868068086,-2.357837384112368,20.63622054986091,-49.41176683249168,4.492944401809541,-5.607486409100536,5.135656479108282,-25.93749761581421,7.0,5.0,-2.7305032003102507
01-06,-12.5,8.243724976730665,8.194843797444612,13.948784862129799,6.3270374111464704,-2.357837384112368,20.758564671952374,-39.150331046530376,4.492944401809541,-11.513164313381148,5.135656479108282,-25.93749761581421,7.0,5.0,-2.02977281329303
01-07,-34.375,4.477607797583034,8.194843797444612,13.948784862129799,6.3270374111464704,-2.357837384112368,18.923332831863487,-39.150331046530376,4.492944401809541,-7.8587375014959004,5.135656479108282,-25.93749761581421,7.0,5.0,-4.014932997238969
01-08,-34.375,1.8656716949027814,7.878084991194827,13.948784862129799,7.806078909692464,-1.386961221962339,18.868687176945247,-30.533424970270005,4.492944401809541,-7.8587375014959004,5.135656479108282,-24.312496185302756,7.0,5.0,-3.205892613604005
01-09,-34.375,0.36232021770865275,7.878084991194827,13.948784862129799,7.806078909692464,1.8791928868439154,18.77518092147226,-30.533424970270005,4.411137772241354,-7.8587375014959004,5.135656479108282,-25.48895211953362,8.0,4.0,-3.171639795908998
01-10,-34.375,0.36232021770865275,7.878084991194827,14.353100354041947,4.615389723823634,4.25671612782508,20.00000302753741,-30.533424970270005,4.411137772241354,-7.8587375014959004,0.8607598799693613,-25.48895211953362,8.0,4.0,-3.4598835414131046
01-11,-34.375,-4.562740675857042,7.878084991194827,14.555254886809669,4.2003267605555825,1.5151547515596786,19.03614395074414,-31.41975254860619,4.411137772241354,-10.315659065616394,-0.6166538791317049,-32.749329921698454,6.0,6.0,-5.203586081483711
01-12,-34.375,-3.8022814791220743,7.878084991194827,11.017541718064706,3.6348934176521257,1.5151547515596786,20.00000302753741,-31.41975254860619,4.411137772241354,-13.567842856455487,-0.4102560190053904,-46.468409236474166,6.0,6.0,-6.798893871784434
01-13,-34.375,-2.661599936296004,0.6543647025438296,11.15789580763432,6.504701479764704,1.385224539977964,20.396829926117466,-31.41975254860619,4.411137772241354,-12.750578472571664,-0.4102560190053904,-45.387457458560014,6.0,6.0,-6.874540850563302
01-14,-26.250004768371582,4.5936370039124235,0.6543647025438296,11.15789580763432,9.962261847729966,1.385224539977964,22.301589956689565,-30.453439421811535,11.181440677515953,-12.750578472571664,-0.4102560190053904,-43.17342690367993,7.0,5.0,-4.316774254119673
01-15,-26.250004768371582,6.249997516473068,-11.074910836113279,11.15789580763432,9.358488838627652,1.385224539977964,20.072260259445358,-30.453439421811535,11.998331229428922,-12.750578472571664,-0.4102560190053904,-43.17342690367993,6.0,6.0,-5.324201519163842
01-16,-26.250004768371582,-1.7667844999275477,-12.023646109889233,11.15789580763432,9.358488838627652,3.9577799065600465,19.435483238327382,-30.453439421811535,11.998331229428922,-12.750578472571664,-4.7692323342347755,-45.25056277127915,5.0,7.0,-6.446355779792263
01-17,-26.250004768371582,-0.6289252010796579,-1.9127298480573887,11.15789580763432,11.895906695056134,3.9577799065600465,13.17860964950867,-31.82663416969687,11.998331229428922,-13.144922641751167,-6.4616974289160005,-45.25056277127915,5.0,7.0,-6.107246128413643
01-18,-26.250004768371582,2.3728839421676375,-1.9127298480573887,11.15789580763432,9.36803157434897,0.34222613439757216,12.45298580958141,-29.108557980796736,11.998331229428922,-13.046339733450068,-6.4616974289160005,-62.37458205980734,6.0,6.0,-7.621796443486691
01-19,-26.250004768371582,2.3728839421676375,-1.9127298480573887,11.15789580763432,14.358975039722457,2.5435018168645245,12.159327346524627,-29.108557980796736,11.998331229428922,-13.046339733450068,-7.186856526843386,-63.88185190830627,6.0,6.0,-7.232952131956911
01-20,-26.250004768371582,2.3728839421676375,-2.4024001663345516,9.117016726064202,14.358975039722457,3.8309109019396805,12.159327346524627,-29.108557980796736,11.998331229428922,-13.046339733450068,-7.186856526843386,-63.88185190830627,6.0,6.0,-7.336547158187922
01-21,-26.250004768371582,2.3728839421676375,-2.4024001663345516,7.252745778646107,16.500002997262136,3.8309109019396805,13.417193759987104,-14.069131152370575,12.541805980064218,-13.531361029882664,-7.186856526843386,-63.88185190830627,6.0,6.0,-5.950505182670178
01-22,-26.250004768371582,4.406777074781515,-3.0030030718050904,7.252745778646107,16.500002997262136,4.095111436589395,12.192066736016095,-18.856449396383372,12.541805980064218,-13.531361029882664,-7.186856526843386,-63.88185190830627,6.0,6.0,-6.31008472485274
01-23,-14.124293176498275,5.369122533839757,-0.40983428066099237,7.252745778646107,16.500002997262136,5.714289697358282,14.530610065070965,-18.30900323054266,12.541805980064218,-13.531361029882664,-7.186856526843386,-83.55387728104382,6.0,6.0,-6.267220706102528
01-24,-14.124293176498275,4.7297283800263346,-5.279304203004618,7.252745778646107,16.44031614270022,4.637100327626861,12.23229463225133,-18.30900323054266,12.541805980064218,-13.531361029882664,-10.626282050654403,-80.74418888535611,6.0,6.0,-7.065036777885305
01-25,-14.124293176498275,4.7297283800263346,-5.279304203004618,7.252745778646107,13.223727362845736,7.254905859568166,10.799497654336362,-18.30900323054266,12.9180607973754,-13.531361029882664,-10.626282050654403,-78.7488547353966,6.0,6.0,-7.036702716098428
01-26,-14.124293176498275,7.094595791912144,-10.497231358917304,-0.7326035477244492,12.979352318719059,7.737324611202548,10.273686459189953,-18.30900323054266,12.9180607973754,-13.531361029882664,-12.76817660271179,-78.7488547353966,5.0,7.0,-8.142375308606221
01-27,-14.124293176498275,7.094595791912144,-9.756100113940823,-1.6260182658591575,12.979352318719059,9.84752359132183,7.747369063527961,-18.30900323054266,12.9180607973754,-23.032913634759915,-12.76817660271179,-55.44000244140626,5.0,7.0,-7.03913382523854
01-28,-14.124293176498275,7.770274036378175,-14.551086297075638,-1.6260182658591575,12.979352318719059,13.595930246296392,7.747369063527961,-16.78832201473557,12.9180607973754,-23.032913634759915,-12.76817660271179,-55.44000244140626,5.0,7.0,-6.943318830895802
01-29,-14.124293176498275,8.445945837098897,-13.93188887396866,-1.6260182658591575,11.651923513915593,13.595930246296392,3.6971838819297282,-16.78832201473557,12.9180607973754,-23.032913634759915,-12.76817660271179,-55.44000244140626,5.0,7.0,-7.283547561110301
01-30,-14.124293176498275,10.58019984587581,-10.510510751317817,-1.6260182658591575,11.651923513915593,13.04347773063812,6.641121673659872,-16.78832201473557,12.9180607973754,-23.032913634759915,-12.76817660271179,-54.206346959724215,5.0,7.0,-6.5184831536784955
01-31,-14.124293176498275,10.58019984587581,-10.510510751317817,1.1825561756827554,6.637172156002265,14.704012819908105,11.609722090912618,-11.69284564534792,12.9180607973754,-23.032913634759915,-14.45846442594323,-53.47551768847422,6.0,6.0,-5.805235119715369
02-01,-14.124293176498275,10.58019984587581,-10.510510751317817,1.1825561756827554,8.480829916059081,20.34847272052251,11.609722090912618,-11.69284564534792,11.663883388915162,-16.1377466279951,-8.85000228881836,-54.206346959724215,6.0,6.0,-4.3046734426444795
02-02,-14.124293176498275,4.778155819060453,-12.612615192690901,0.7423933146794416,7.337369496489536,18.523232592909324,11.609722090912618,-16.986620044069852,11.663883388915162,-16.1377466279951,-8.85000228881836,-54.206346959724215,6.0,6.0,-5.688572298902514
02-03,-14.124293176498275,4.778155819060453,-6.655290565253294,1.5463920421706638,5.696688099744791,18.8332287940211,14.491561651253448,-16.986620044069852,11.663883388915162,-12.897939944494727,-8.093352122706712,-54.206346959724215,6.0,6.0,-4.662827751465122
02-04,-14.124293176498275,5.1194540582195724,-5.802050410638708,1.9145819612853041,5.696688099744791,18.199117031860826,14.697412382107968,-16.986620044069852,11.663883388915162,-12.897939944494727,-7.665683467088302,-49.36507242096575,6.0,6.0,-4.129210211801833
02-05,-14.124293176498275,7.023412736661928,-10.385756441433134,1.9145819612853041,7.621245485464286,19.21370068923377,13.843577946741975,-5.061075653610895,11.663883388915162,-13.568836203780643,-7.665683467088302,-50.47617865437769,6.0,6.0,-3.333451782373876
02-06,-14.124293176498275,-1.831501882685899,-10.385756441433134,1.9145819612853041,6.851419594534969,20.424737108152147,14.470928927451029,-1.803370891863565,11.663883388915162,-6.4377705645424586,-7.665683467088302,-63.73056312080452,5.0,7.0,-4.221115713714796
02-07,-2.824858635299655,-3.3457235364059463,-10.385756441433134,1.2518415114066612,7.142859235624935,20.623050612359954,16.68757756830358,-15.970840444284566,12.625419933659035,-6.4377705645424586,-9.232313720085825,-71.27370918842398,5.0,7.0,-5.09501863909345
02-08,-2.824858635299655,-1.4598526426977114,-10.385756441433134,-2.061853715348006,7.142859235624935,20.623050612359954,20.03211482009131,-15.894036807280362,11.07859368761696,-6.4377705645424586,3.2562553877646714,-62.05127686804223,5.0,7.0,-3.2485443275988106
02-09,-2.824858635299655,3.6496350873074928,-13.412463962714199,-2.061853715348006,-1.205726012756081,18.64623310821098,20.03211482009131,2.9139107479598003,7.239423573131888,-6.4377705645424586,3.2562553877646714,-49.408981177444375,6.0,6.0,-1.6345067786365532
02-10,-2.824858635299655,2.919705285395371,-13.115721272641862,-2.061853715348006,-1.205726012756081,18.853503656733604,19.028501807119046,-5.099334335343965,7.279860668767618,-6.47292254747444,2.380952380952381,-49.408981177444375,5.0,7.0,-2.47723949144503
02-11,-2.824858635299655,0.0,-13.412463962714199,-2.061853715348006,-1.205726012756081,18.853503656733604,19.429948543699876,-8.549931667473464,7.279860668767618,-6.47292254747444,2.380952380952381,-49.408981177444375,4.0,8.0,-2.999372705696395
02-12,-3.95479562383121,-1.8587360858383477,-13.412463962714199,-2.061853715348006,-1.205726012756081,12.03821281916882,15.897226450140101,-8.549931667473464,8.516127063382056,-6.47292254747444,-0.47619229271298363,-45.70528276218961,3.0,9.0,-3.937194861470614
02-13,-3.95479562383121,0.7434901800260474,-11.885249974901816,-2.061853715348006,4.822911237718299,12.022902743117928,13.247688708450097,-8.549931667473464,8.516127063382056,-6.47292254747444,2.380952380952381,-51.04777868233391,6.0,6.0,-3.5198716581430034
02-14,-3.95479562383121,3.260868138011058,-11.885249974901816,-2.061853715348006,13.941969222034615,11.572892454503373,9.554392514433738,-8.549931667473464,8.516127063382056,-3.7978850477287405,2.380952380952381,-45.20548492610523,6.0,6.0,-2.185666598505937
02-15,-3.95479562383121,3.260868138011058,-5.7377022635471375,-1.9882213496359675,13.941969222034615,9.261574371917716,9.554392514433738,-8.549931667473464,8.516127063382056,-4.375800213453681,5.952380952380952,-50.92128216963631,6.0,6.0,-2.0867017521181355
02-16,-3.95479562383121,3.260868138011058,-7.6112367849382885,-5.323199872592008,21.08988302742526,8.690176980452138,8.969694195371671,-8.549931667473464,8.516127063382056,-4.375800213453681,6.7956606784562075,-53.23129342725403,6.0,6.0,-2.143653958870358
02-17,-3.95479562383121,5.797102751288181,-7.6112367849382885,-8.627453972311582,21.08988302742526,8.690176980452138,8.969694195371671,-8.549931667473464,5.5086617437132,-4.375800213453681,6.7956606784562075,-53.23129342725403,6.0,6.0,-2.458277692712967
02-18,-3.95479562383121,9.090910303463843,-7.6112367849382885,-13.490198172774956,21.08988302742526,8.690176980452138,6.343433110400884,-14.911076392379192,5.5086617437132,-4.375800213453681,6.7956606784562075,-53.23129342725403,6.0,6.0,-3.3379728975599856
02-19,-3.95479562383121,9.090910303463843,-7.6112367849382885,-13.490198172774956,21.08988302742526,8.690176980452138,7.029668454608966,2.211880450320765,5.5086617437132,-4.375800213453681,6.7956606784562075,-46.683670614521446,7.0,5.0,-1.3082383142566005
02-20,-3.95479562383121,8.391606945870059,-4.13597483293949,-13.490198172774956,20.028307861185233,10.024600808711117,4.957339254148397,-4.607719774134737,4.8747769357540705,-4.375800213453681,2.1708399255674826,-51.58172079550516,6.0,6.0,-2.6415614734502397
02-21,-3.95479562383121,8.391606945870059,-4.13597483293949,-13.490198172774956,20.028307861185233,9.467820219170411,6.706827718387401,-4.607719774134737,4.8747769357540705,-4.375800213453681,5.986393380937758,-47.94168289657885,6.0,6.0,-1.9208698710339986
02-22,-3.95479562383121,8.391606945870059,-4.13597483293949,-13.490198172774956,19.26407029171631,9.858283875065018,6.706827718387401,-4.607719774134737,4.8747769357540705,-4.375800213453681,5.986393380937758,-45.79760053575886,6.0,6.0,-1.7733441670968597
02-23,-3.95479562383121,6.153846872051666,-4.13597483293949,-13.490198172774956,20.07143156869071,8.562499284744263,5.798865831403683,-4.607719774134737,6.955381059210894,-4.375800213453681,4.249423060065625,-54.54545454545454,6.0,6.0,-2.776541290535148
02-24,-3.95479562383121,11.538465385991016,-4.13597483293949,-16.39215805951287,20.07143156869071,6.577265281017253,6.042172669658507,-4.607719774134737,-0.34995591238011076,-4.27927904430788,4.249423060065625,-50.176682493841525,5.0,7.0,-2.9514839812937264
02-25,0.5649738822560335,8.391606945870059,3.569400421432202,-16.39215805951287,20.07143156869071,3.895272430529747,3.3657742451006576,12.2190247413344,-0.34995591238011076,-4.27927904430788,3.5813974779705666,-43.63958186603401,8.0,4.0,-0.7501744307542074
02-26,0.5649738822560335,7.142857142857142,3.569400421432202,-16.39215805951287,16.85714040483746,5.491696456302095,-3.278683267253607,15.902821485654952,-0.34995591238011076,0.7046554734595921,3.5813974779705666,-43.63958186603401,8.0,4.0,-0.8204530300342121
02-27,0.5649738822560335,5.714287076677608,3.569400421432202,-16.39215805951287,14.642858505249038,9.649122544938466,-5.132516995623449,15.921784852135183,-0.34995591238011076,0.7046554734595921,3.5813974779705666,-43.63958186603401,8.0,4.0,-0.9304777166193124
02-28,9.604523670411034,5.714287076677608,3.569400421432202,-16.39215805951287,16.4073592091113,10.822510771447616,-3.404252072598087,15.921784852135183,-0.34995591238011076,1.6544146005671052,4.00000283884446,-36.93999042617392,8.0,4.0,0.8839939141634598
02-29,0.0,0.0,0.0,-16.39215805951287,0.0,0.0,0.0,15.921784852135183,0.0,0.0,0.0,-33.333343798895434,1.0,2.0,-2.8169764171894265
03-01,9.604523670411034,8.965518556792173,3.569400421432202,-16.39215805951287,16.03107011688436,8.502538915781239,-3.404252072598087,14.525136777678258,-2.230972070275882,1.6544146005671052,4.00000283884446,-30.434787950286697,8.0,4.0,1.1992029788097749
03-02,9.604523670411034,8.965518556792173,1.1331380165065088,-16.39215805951287,16.596041335585873,8.73417783406201,-0.9975053052594227,14.525136777678258,-2.230972070275882,1.6544146005671052,4.00000283884446,-26.07004110521721,8.0,4.0,1.6268564241818362
03-03,9.604523670411034,3.7931047636887247,6.734358007418985,-16.39215805951287,15.823231330057588,7.087631114852616,-2.743141571330252,7.047381277390587,-2.230972070275882,6.8627445251379875,4.00000283884446,-24.513614980686796,8.0,4.0,1.2560909038330152
03-04,9.604523670411034,7.586209527377425,6.734358007418985,-16.39215805951287,13.732645861147383,7.087631114852616,-1.911891114014487,0.911297854638198,2.0946794403885654,6.8627445251379875,2.272734045982075,-24.513614980686796,9.0,3.0,1.1724299910950098
03-05,9.604523670411034,7.586209527377425,7.055049489124136,-16.39215805951287,11.102991604670287,7.087631114852616,-2.867832707287999,4.842473472941445,2.2584651259927027,6.8627445251379875,2.272734045982075,-21.923079857459435,9.0,3.0,1.4574793293524504
03-06,9.604523670411034,4.827584891483689,7.055049489124136,-16.39215805951287,11.102991604670287,3.994850650427986,-3.1587707637218956,4.842473472941445,2.2584651259927027,3.7071051075338146,2.272734045982075,-28.029081057771172,9.0,3.0,0.17381401479676958
03-07,9.604523670411034,3.157893398351824,7.989419361688106,-16.39215805951287,9.788160993326022,4.383217267130132,-4.738160109316576,4.842473472941445,2.2584651259927027,3.7071051075338146,4.358351744097171,-19.870759413624338,9.0,3.0,0.757377713251539
03-08,9.604523670411034,2.8168987598808304,7.989419361688106,-11.76470588235294,9.104256839479877,3.8022778070252903,-4.738160109316576,4.842473472941445,2.3421140506740348,5.851715328211251,3.8537583768086003,-19.870759413624338,9.0,3.0,1.152817688485551
03-09,9.604523670411034,2.8168987598808304,7.989419361688106,-11.76470588235294,6.495465797161537,5.479447011394837,-5.175299356628022,5.4842395576553455,2.3421140506740348,8.547791238818295,5.705997523029298,-19.870759413624338,9.0,3.0,1.4712610265090016
03-10,9.604523670411034,7.394367639707737,11.05820208873852,-24.128924810253693,6.495465797161537,3.6802025081392222,-3.923207721100403,4.784129078321014,2.3421140506740348,6.770830655020017,2.6460342909467407,-8.642969991382252,9.0,3.0,1.5067306046986257
03-11,9.604523670411034,0.35211402398919517,10.250934987821667,-23.163356749046965,12.1362669952342,3.6802025081392222,-5.175299356628022,4.784129078321014,0.8782897775525874,6.770830655020017,-9.243695144360643,-9.450727507903455,8.0,4.0,0.11868441154582114
03-12,9.604523670411034,-1.4084493799404403,18.04591160370651,-24.128924810253693,9.43931802202128,3.8071089641874725,-3.9649449050067105,4.784129078321014,0.8782897775525874,6.770830655020017,-9.243695144360643,-6.789132561639198,7.0,5.0,0.649580414168269
03-13,9.604523670411034,-1.0714258466448103,18.04591160370651,-24.128924810253693,5.961675965160362,3.74603271484375,-2.990030380546975,4.784129078321014,0.8782897775525874,6.770830655020017,-9.243695144360643,-3.482970639379574,7.0,5.0,0.7395288869857986
03-14,9.604523670411034,-1.0714258466448103,18.04591160370651,-24.128924810253693,4.542230918324069,2.5080407623089873,0.08281763179956964,4.784129078321014,-0.04182446234067337,6.770830655020017,-7.507003495523482,8.910891592507534,8.0,4.0,1.875016441469673
03-15,27.536231633670887,-1.0714258466448103,18.73998591026358,-24.128924810253693,2.9581519305059025,3.9447756736680857,0.08281763179956964,5.7759615307575,-0.04182446234067337,6.770830655020017,-7.507003495523482,9.735848768702093,8.0,4.0,3.566285426635415
03-16,9.604523670411034,-2.2142887115478516,10.678056854673065,-21.341470911436865,5.797102593902039,7.17916220376568,1.7508156128914858,3.792296625884569,-0.04182446234067337,6.770830655020017,-9.131647764325656,7.644785989957023,8.0,4.0,1.7073618630711556
03-17,9.604523670411034,-5.357142857142857,12.87284622319031,-18.902440442704275,3.5335689998550954,9.47955260737169,2.5651432185095593,3.792296625884569,1.1978480757758678,6.770830655020017,-11.314283098493304,8.494204200747625,9.0,3.0,1.8947456565354444
03-18,9.604523670411034,-5.357142857142857,9.609122966517333,-18.902440442704275,3.5335689998550954,7.434943337326081,2.890875813972307,4.084007470931314,3.5483838219299404,6.770830655020017,-11.314283098493304,8.494204200747625,9.0,3.0,1.6997162115308597
03-19,26.19926303146668,1.3377913833897628,9.461663017224446,-18.902440442704275,3.5335689998550954,6.1957811904692015,4.199996948242202,3.0660293542769828,3.5483838219299404,6.770830655020017,-11.314283098493304,15.62998440278578,10.0,2.0,4.14388077195521
03-20,18.357931209466642,-3.1141855723527763,9.461663017224446,-18.902440442704275,1.0600680040573285,7.555285282755625,2.854874436785709,3.0660293542769828,3.5483838219299404,7.169118248605145,-11.314283098493304,14.274321908279497,9.0,3.0,2.83473051415258
03-21,18.357931209466642,-3.1141855723527763,9.461663017224446,-18.902440442704275,1.1307410015939503,7.749529518675264,1.099790463567309,3.0660293542769828,3.5483838219299404,7.169118248605145,-9.932281586238156,17.149390393490243,9.0,3.0,3.0653057856278925
03-22,18.357931209466642,-4.195800138409473,7.123433982710043,-18.902440442704275,8.262296582831711,1.5444000753365776,1.099790463567309,3.0660293542769828,3.5483838219299404,7.169118248605145,-11.37792908610736,16.704982937268632,9.0,3.0,2.700016417397656
03-23,21.68141387531967,-3.496503449866775,11.41924167383694,-17.857145230647987,11.081964461529841,-2.2044082686683577,1.099790463567309,3.0660293542769828,3.5483838219299404,-2.295740643350877,-9.26244059710371,16.384616264930138,7.0,5.0,2.763766810479426
03-24,21.68141387531967,-3.496503449866775,10.82109753760144,-38.769228030473776,11.081964461529841,-1.932045019526509,2.688390500704281,3.0660293542769828,3.5483838219299404,5.60432716991005,-9.26244059710371,16.384616264930138,8.0,4.0,1.7846671574359643
03-25,21.68141387531967,-3.496503449866775,12.18053205797844,-38.34355932912422,21.663773321910558,-2.4650225177687757,3.258652798053353,1.2019162435501107,3.5483838219299404,6.644412780547403,-9.26244059710371,3.8461538461538463,8.0,4.0,1.7048094042983202
03-26,21.68141387531967,-4.593643743660437,10.127989785017283,-38.34355932912422,21.663773321910558,-4.863421259859029,7.45417507363301,1.2019162435501107,3.5483838219299404,6.644412780547403,-9.26244059710371,3.0769201425405646,8.0,4.0,1.5279933428917618
03-27,21.68141387531967,-2.8070148668791117,10.127989785017283,-38.34355932912422,21.663773321910558,-4.1972025638526675,4.317716899730965,0.3636331269235537,3.5483838219299404,6.644412780547403,-9.26244059710371,2.61538578913762,8.0,4.0,1.362707670296441
03-28,21.68141387531967,-3.9007037034081073,10.127989785017283,-38.34355932912422,21.663773321910558,-2.881464094256745,1.5403289809137568,0.3636331269235537,3.5483838219299404,1.1018361111843364,-8.747859958077589,4.109588643408494,8.0,4.0,0.8552800484784108
03-29,21.68141387531967,-3.9007037034081073,7.345574542361026,-37.73006784057018,17.426607882365328,-5.239025625921378,1.5403289809137568,-4.181821418530992,3.5483838219299404,1.1018361111843364,-17.85504307157548,9.99999727521624,7.0,5.0,-0.5218765975596532
03-30,21.68141387531967,-3.9007037034081073,7.345574542361026,-48.740413510253674,18.445397818115406,-1.9023413338764925,3.342611513297135,-4.181821418530992,3.5483838219299404,-1.736222160830435,-17.85504307157548,14.922349598449033,6.0,6.0,-0.7525678357502475
03-31,21.68141387531967,-3.9007037034081073,2.1702804927688986,-46.1786865389537,18.445397818115406,-1.644524151213315,3.342611513297135,-4.181821418530992,6.452873047410557,-1.736222160830435,-17.85504307157548,14.922349598449033,6.0,6.0,-0.7068395582626109
04-01,21.68141387531967,-6.028364573042714,2.1702804927688986,-46.1786865389537,16.593060259579925,0.6325134649942723,4.854752702336643,-4.181821418530992,6.452873047410557,-5.688516801902295,-17.85504307157548,14.922349598449033,7.0,5.0,-1.0520990802621821
04-02,23.706895772115256,3.1914946862756532,6.232604199669796,-46.1786865389537,18.04416745437556,0.2530041795786183,4.854752702336643,-2.3214363970727434,3.8198662279125855,-5.688516801902295,-18.680024776426045,23.564355014621118,8.0,4.0,0.8998729768775373
04-03,23.706895772115256,5.208333471307052,6.232604199669796,-46.1786865389537,18.04416745437556,-0.18773897061895256,3.8987111980457345,-2.3214363970727434,3.8198662279125855,-5.688516801902295,-19.151444499130996,21.377842650510182,7.0,5.0,0.7300498138547903
04-04,23.043474943741508,5.208333471307052,4.856006479169943,-46.1786865389537,19.130433855461124,-2.687134482050208,3.8987111980457345,-2.3214363970727434,3.8198662279125855,-5.064172721765348,-17.44255221915021,19.143057405986138,7.0,5.0,0.4504917685526563
04-05,25.316454881226907,2.5000027247837613,4.856006479169943,-46.1786865389537,19.130433855461124,-0.7532889490641053,3.8987111980457345,10.178566441243781,3.8198662279125855,-5.064172721765348,-24.867421281403374,21.423777437910797,8.0,4.0,1.1883541462140086
04-06,25.316454881226907,3.9285727909633215,4.856006479169943,-46.1786865389537,11.88578958816912,-1.1979797257013844,3.8987111980457345,10.11904126662487,7.800564811389915,-4.448279019059806,-24.867421281403374,23.379178398671588,8.0,4.0,1.2076627374285944
04-07,25.316454881226907,2.1428585052490363,4.856006479169943,-46.1786865389537,11.88578958816912,0.9870441483575875,-0.12058154203162534,12.612072411301444,12.409316279981297,-4.413795471191419,-22.698320627615956,16.895879502535514,8.0,4.0,1.141169801349846
04-08,25.316454881226907,6.164387319789864,4.856006479169943,-46.1786865389537,11.88578958816912,3.392962789167462,-0.12058154203162534,12.612072411301444,14.2750361066938,-4.413795471191419,-18.6450157329558,21.87295384716081,8.0,4.0,2.5847986781289
04-09,25.316454881226907,7.876716042173318,4.856006479169943,-46.1786865389537,11.88578958816912,3.1462017520780705,-0.12058154203162534,11.393940087520715,14.178821822237971,-4.413795471191419,-17.581182991833217,19.415583410277513,8.0,4.0,2.4812722932369664
04-10,25.316454881226907,7.876716042173318,4.856006479169943,-46.1786865389537,11.88578958816912,2.6625347471097873,-0.12058154203162534,10.196564687175506,14.178821822237971,-4.413795471191419,-17.581182991833217,26.341762771470663,8.0,4.0,2.918367039560271
04-11,25.316454881226907,7.876716042173318,4.856006479169943,-46.1786865389537,0.14133925532524338,4.225349562810686,1.7357022778557867,10.196564687175506,13.019078196157647,-4.413795471191419,-17.581182991833217,29.764708350686465,9.0,3.0,2.413187894216931
04-12,25.316454881226907,2.8880906944938625,3.557307698106867,-38.13024145189294,2.618884275994263,4.311384358142951,1.7357022778557867,10.196564687175506,13.019078196157647,-8.557460128384607,-17.581182991833217,27.8113729173115,9.0,3.0,2.265496284529543
04-13,25.316454881226907,0.3610121975285867,3.557307698106867,-33.92856498869415,7.161630311854618,4.540025324212241,1.7357022778557867,10.196564687175506,15.78750237794216,-8.557460128384607,-20.32935718129189,27.195122816391056,9.0,3.0,2.752995022826924
04-14,25.316454881226907,0.3610121975285867,-0.5889304132251828,-34.635687861498724,7.161630311854618,4.540025324212241,1.7357022778557867,10.581042541572907,15.78750237794216,-8.557460128384607,-20.32935718129189,28.292679863271015,8.0,4.0,2.4720511825886513
04-15,25.316454881226907,-2.729885864642113,-0.5889304132251828,-36.21795371439348,4.527027484184644,5.137393479305893,2.3668653745201387,-5.076452014317575,15.78750237794216,-9.862138274613413,-20.32935718129189,28.292679863271015,6.0,6.0,0.5519338331639251
04-16,25.316454881226907,-2.729885864642113,1.8954619563371633,-36.07257370034901,4.527027484184644,2.867380817199773,2.919131203087058,1.773705863982809,14.247618175688231,-9.862138274613413,-20.32935718129189,26.957636905212972,8.0,4.0,0.959205188835261
04-17,31.395343851351004,-0.7042280479784404,1.8954619563371633,-36.07257370034901,4.527027484184644,2.709215812183697,2.919131203087058,1.773705863982809,14.247618175688231,-9.862138274613413,-25.212938516873486,23.54098460713371,8.0,4.0,0.9297175345111639
04-18,31.395343851351004,-0.7042280479784404,1.8954619563371633,-36.07257370034901,5.294905883467392,2.1109793913165023,1.77515091190451,1.773705863982809,14.247618175688231,-9.862138274613413,-25.99999564034598,21.744965463547814,8.0,4.0,0.6332663195257152
04-19,31.395343851351004,-0.7042280479784404,-1.378516790474519,-36.07257370034901,3.9501083606636254,3.04659639100921,-4.227711405130744,1.773705863982809,14.819045293898823,-13.059294952630923,-23.714283534458705,27.215983057220217,6.0,6.0,0.2536811989252786
04-20,28.629026986061433,-0.7042280479784404,-1.378516790474519,-34.635687861498724,2.979905031752121,2.4052894691296607,-4.227711405130744,1.773705863982809,12.91428338913692,-15.11111082854093,-23.714283534458705,28.06909003109648,6.0,6.0,-0.25001980807688656
04-21,28.629026986061433,-0.7042280479784404,-1.378516790474519,-27.245503168825476,2.1663201294651167,2.7561472564521945,-4.227711405130744,-6.116207808370146,12.91428338913692,-15.11111082854093,-23.714283534458705,32.14065008469521,5.0,7.0,0.009072188502659747
04-22,28.629026986061433,-1.7069684491852148,-1.378516790474519,-27.245503168825476,0.42674550374113673,4.134215170632252,-3.2231079005272405,-10.764527142620306,12.91428338913692,-15.797316494088557,-23.714283534458705,30.166561787979983,5.0,7.0,-0.6299492202190242
04-23,28.629026986061433,2.0979034037302924,-1.378516790474519,-27.245503168825476,0.42674550374113673,6.171364012503684,0.41857880567559463,-9.480117436677485,12.178255830474473,-16.14349647935232,-23.714283534458705,26.58884799730249,7.0,5.0,-0.12093290585828331
04-24,28.629026986061433,1.4084493799404152,-2.259556109366883,-27.245503168825476,0.42674550374113673,8.170306048259855,0.5022977603622912,-9.480117436677485,12.178255830474473,-16.14349647935232,-22.857142857142858,24.069319758430254,7.0,5.0,-0.21678456534126353
04-25,28.629026986061433,1.4084493799404152,-2.259556109366883,-27.245503168825476,-10.468751036096348,4.7141972270499135,0.25466666936525084,-9.480117436677485,12.178255830474473,-21.973090846316108,-22.857142857142858,21.103896626655693,6.0,6.0,-2.1663057279064986
04-26,24.99999797950361,-1.0830297068508516,-2.259556109366883,-27.118647452077845,-5.592841226950026,8.051337280677155,0.25466666936525084,-9.480117436677485,12.178255830474473,-21.973090846316108,-20.990430197803963,22.215110707118985,5.0,7.0,-1.7331953757419738
04-27,24.99999797950361,-1.0830297068508516,-2.259556109366883,-27.118647452077845,-9.175015851066826,5.910446394735308,0.25466666936525084,-9.480117436677485,12.178255830474473,-27.053323126159977,-20.990430197803963,21.410093217654573,5.0,7.0,-2.7005549823558845
04-28,24.99999797950361,-4.6931379106669535,-8.400920257025724,-27.118647452077845,-8.09159874103346,5.628745455770643,0.25466666936525084,-0.6727749262170855,12.178255830474473,-27.053323126159977,-20.111734403295557,19.66364782892588,5.0,7.0,-2.7847352543697297
04-29,24.99999797950361,-7.4074074074074066,-8.400920257025724,-32.9509884998216,-8.09159874103346,5.389224737054289,-2.1222411346943564,-0.6727749262170855,8.298116751569214,-26.757279183100756,-20.111734403295557,16.88227458109424,4.0,8.0,-4.24544420861455
04-30,24.99999797950361,-7.4074074074074066,-8.400920257025724,-32.9509884998216,-7.099231484122502,7.065869768068701,-5.341503087583226,-5.153375410460275,9.239537902354494,-31.137003575914786,-20.111734403295557,17.721519980593342,4.0,8.0,-4.881269874592577
05-01,24.99999797950361,-7.4074074074074066,-7.652474038712177,-32.9509884998216,-4.503810547579393,6.393241681664892,-7.123777589892528,-13.735897390463498,9.239537902354494,-31.137003575914786,-17.988834018575872,21.446700922292607,4.0,8.0,-5.035059548545971
05-02,24.99999797950361,-7.4074074074074066,-7.652474038712177,-32.9509884998216,-3.0873483106642845,3.795181325081036,-7.123777589892528,-13.887037690539202,9.087450414373329,-31.137003575914786,-15.363128819026176,20.53915163629824,4.0,8.0,-5.015615381393495
05-03,24.99999797950361,-9.848486435752745,-7.652474038712177,-32.9509884998216,-4.04889019704412,7.502929501999763,-10.62068719973511,-13.887037690539202,9.087450414373329,-33.06155106395139,-13.072626829363154,20.53915163629824,4.0,8.0,-5.2511010352287135
05-04,24.99999797950361,-7.954547014446664,-8.745687751210635,-32.9509884998216,-1.1459099830538853,9.725399621192684,-10.62068719973511,-13.887037690539202,9.087450414373329,-33.06155106395139,-15.530730423969514,20.53915163629824,4.0,8.0,-4.962094997946678
05-05,24.99999797950361,-7.5757576852243265,-8.745687751210635,-19.708022519044647,-1.1459099830538853,9.725399621192684,-10.62068719973511,-13.887037690539202,9.087450414373329,-33.06155106395139,-15.530730423969514,20.53915163629824,4.0,8.0,-3.8269487221134035
05-06,24.99999797950361,-7.5757576852243265,-7.767551476741177,-19.708022519044647,-1.1459099830538853,8.12357044325341,-10.160915330908765,-13.887037690539202,9.087450414373329,-30.92659041352667,-15.530730423969514,20.53915163629824,4.0,8.0,-3.662695420798299
05-07,24.99999797950361,-7.984792556611618,-7.767551476741177,-20.71502908455892,-1.1459099830538853,9.839813263144066,-10.160915330908765,-13.887037690539202,9.087450414373329,-30.92659041352667,-11.899447561497343,19.537274292232404,4.0,8.0,-3.4185615123486808
05-08,24.3589698654398,-6.463881415418078,-7.767551476741177,-21.661402906029107,-7.639419315073883,10.154025196368226,-10.712643327384143,-19.35933007963913,9.087450414373329,-30.92659041352667,0.2793253526597125,18.227848605532007,5.0,7.0,-3.5352666249532603
05-09,24.3589698654398,-3.3210317559466387,-7.767551476741177,-20.71502908455892,-7.639419315073883,9.855071358058753,-11.03448100473689,-18.04406920995573,9.087450414373329,-30.92659041352667,0.2793253526597125,17.937499284744263,5.0,7.0,-3.1608213321053378
05-10,24.3589698654398,-3.3210317559466387,-7.767551476741177,-20.71502908455892,-5.88234908413752,15.640602002790038,-11.239063274778049,-18.04406920995573,9.087450414373329,-31.825521356719573,0.11192197439499321,16.581954857880106,5.0,7.0,-2.7511430106632777
05-11,18.055553470619458,-3.3210317559466387,-7.767551476741177,-20.71502908455892,-0.9756054768417975,15.640602002790038,-11.239063274778049,-18.04406920995573,6.1616943604011665,-31.825521356719573,0.11192197439499321,14.906028161019275,5.0,7.0,-3.2510059721930795
05-12,-2.222220063700145,-3.3210317559466387,-9.953978901738072,-23.04394036560989,-0.9756054768417975,14.646462970677351,-11.239063274778049,-19.609207822072722,4.984303298979598,-31.825521356719573,0.11192197439499321,14.128323150094356,4.0,8.0,-5.693296468605049
05-13,18.055553470619458,-2.941173583166078,2.745514483110027,-23.04394036560989,-3.2786888588882013,11.672278110701575,-13.127593282618315,-22.867380817199788,2.668761057270001,-31.825521356719573,0.11192197439499321,16.07258876773167,6.0,6.0,-3.8131400333645096
05-14,-0.37037001061669084,-9.926466102418715,3.4138733961342345,-28.55542161160488,-0.8553092504846924,9.427611301608124,-15.154311627218842,-13.368977548300935,4.3947620413512025,-31.825521356719573,2.0705138324395906,18.93988529153736,5.0,7.0,-5.150810970357818
05-15,-0.37037001061669084,-6.2499956173056415,3.4138733961342345,-28.55542161160488,-0.8553092504846924,8.744391550445629,-16.167666406730717,-8.717940190683485,4.578686204453231,-31.825521356719573,2.0705138324395906,18.30619120380535,5.0,7.0,-4.635714021405637
05-16,-0.37037001061669084,-6.642063511893277,3.4138733961342345,-28.55542161160488,-0.8553092504846924,8.870065166664567,-13.081530503698216,-2.3536475367000156,4.578686204453231,-31.825521356719573,0.8394041344955031,14.52769016607104,5.0,7.0,-4.287845392824898
05-17,-0.37037001061669084,-6.642063511893277,3.4138733961342345,-28.55542161160488,-8.695654242685022,12.203393830406325,-13.081530503698216,-2.3536475367000156,4.578686204453231,-31.825521356719573,-2.520517694236778,16.96202704318534,4.0,8.0,-4.740562166164609
05-18,-0.37037001061669084,-6.642063511893277,3.4138733961342345,-28.55542161160488,-6.050068697046786,9.75609418403744,-13.081530503698216,-2.3536475367000156,4.578686204453231,-19.628435240006606,-2.520517694236778,18.000000715255737,4.0,8.0,-3.6211166921602174
05-19,-0.37037001061669084,-5.535055272639998,3.4138733961342345,-9.182527063845129,-6.050068697046786,10.535410414298742,-13.081530503698216,-6.935683805846085,4.024771321153353,-19.628435240006606,-0.9815247072131491,18.437498807907094,4.0,8.0,-2.1128034467849366
05-20,-4.629629547867446,-5.535055272639998,3.4138733961342345,-9.182527063845129,-6.050068697046786,13.816928360669644,-13.081530503698216,1.3633754483880398,4.024771321153353,-19.628435240006606,-0.17182524752931555,18.75,5.0,7.0,-1.4091769205240183
05-21,-4.629629547867446,-14.112903659971412,3.5426724484347814,-9.182527063845129,-6.050068697046786,13.586646495842777,-13.081530503698216,1.3633754483880398,4.024771321153353,-19.628435240006606,-0.17182524752931555,20.92457677803113,5.0,7.0,-1.9512397890095692
05-22,-4.629629547867446,-16.3265306122449,3.800861778490254,-9.518470310720557,-20.375516885838245,12.89218562668695,-14.690840603381867,1.3633754483880398,4.024771321153353,-20.96122974992392,-0.17182524752931555,17.874997854232777,5.0,7.0,-3.89315424404624
05-23,-4.629629547867446,-16.3265306122449,5.2714814770500125,-9.518470310720557,-11.335188466403507,12.89218562668695,-13.217067644610983,1.3633754483880398,4.024771321153353,-20.96122974992392,-0.23626111906498984,12.225704279522354,5.0,7.0,-3.3705716081696333
05-24,-4.629629547867446,-16.3265306122449,5.2714814770500125,-2.2396394449081694,-12.726001081140351,9.158986732061475,-13.217067644610983,2.19324730780639,4.024771321153353,-20.96122974992392,-0.23626111906498984,11.280099892853672,5.0,7.0,-3.2006477057363214
05-25,-4.629629547867446,-15.102043930365113,5.2714814770500125,-4.0313510008347055,-12.726001081140351,9.937177317954141,-13.217067644610983,2.19324730780639,1.0448934062279065,-20.96122974992392,-0.23626111906498984,10.19884629265995,5.0,7.0,-3.521494856009093
05-26,-4.629629547867446,-15.102043930365113,5.2714814770500125,-4.0313510008347055,-12.726001081140351,9.523808481627936,-13.217067644610983,2.19324730780639,1.0448934062279065,-16.437801523429197,-0.23626111906498984,10.19884629265995,5.0,7.0,-3.1789899068283822
05-27,-4.629629547867446,-13.253016847250725,5.52051061586902,-4.0313510008347055,-12.726001081140351,9.523808481627936,-15.328123473639726,0.414947235865319,2.355706675682938,-16.437801523429197,4.178429189005228,5.003205422302154,6.0,6.0,-3.2841096544841304
05-28,-7.407409042651405,-15.662649310355595,5.52051061586902,-4.0313510008347055,-12.726001081140351,9.294319318388222,-15.328123473639726,-0.840332478575529,2.355706675682938,-16.437801523429197,4.178429189005228,2.8846202047147456,5.0,7.0,-4.016673492247196
05-29,-7.407409042651405,-15.662649310355595,5.52051061586902,-4.0313510008347055,-10.222533069054576,6.549712364024729,-14.180808239605694,-0.840332478575529,1.6607357101204263,-16.437801523429197,4.178429189005228,10.829639279785638,5.0,7.0,-3.3369881254751377
05-30,-1.3215824976989983,-15.662649310355595,3.4390181408219553,-4.0313510008347055,-8.636981869119317,10.990885023913021,-14.180808239605694,-0.840332478575529,1.6607357101204263,-16.437801523429197,4.178429189005228,8.648989093193016,5.0,7.0,-2.6827874802137823
05-31,4.166666666666666,-12.062250513982201,3.4390181408219553,-14.83312468024211,-12.903226669388138,8.971426827566976,-14.180808239605694,-0.840332478575529,1.6607357101204263,-16.437801523429197,3.743618144241651,8.30164441134454,6.0,6.0,-3.4145361837050543
06-01,4.166666666666666,-12.062250513982201,4.836117659116514,-14.83312468024211,-5.610099424224157,8.131486937741908,-14.180808239605694,-0.840332478575529,1.6607357101204263,-17.124393101468232,3.743618144241651,8.126982431563132,6.0,6.0,-2.832116740720636
06-02,1.2499968210856118,-8.949413108100947,6.047752116322158,-14.83312468024211,-9.051411745248116,5.0089453169872415,-14.180808239605694,-0.4201662392877645,-3.558717223998579,-10.015171959486658,3.743618144241651,5.46031528049044,5.0,7.0,-3.2915154597368965
06-03,1.2499968210856118,-11.877395923988708,6.047752116322158,-10.59524266357618,-9.051411745248116,5.4263612179279495,-14.180808239605694,-0.4201662392877645,-5.812571214467445,-11.538461538461538,3.743618144241651,3.0476161411830356,5.0,7.0,-3.6633927603229206
06-04,1.2499968210856118,-11.877395923988708,6.047752116322158,-9.810873758433845,-9.051411745248116,3.339304460375053,-14.180808239605694,0.9603832465638531,-5.812571214467445,-8.370701614197102,2.0419666485524437,1.4084524240758929,6.0,6.0,-3.671325564913825
06-05,3.658534977943388,-10.60606509419739,6.047752116322158,-9.810873758433845,-9.051411745248116,4.437869922657575,-8.126896624440555,-0.1821535391393862,-2.764974224425502,-8.370701614197102,-1.3046027256586654,-9.675232593620553,3.0,9.0,-3.8123962418698327
06-06,3.658534977943388,-10.60606509419739,3.0120544223172927,-9.810873758433845,-2.461978193937021,1.5078407789529025,-10.169492087404477,-0.1821535391393862,-2.649764218316699,-8.370701614197102,-1.3046027256586654,-12.956809199680947,3.0,9.0,-4.194500854312662
06-07,-5.333336724175347,-10.60606509419739,3.0120544223172927,-13.87560823833189,-5.068789196203119,-0.42093569275699366,-10.169492087404477,1.1536043389809154,-2.649764218316699,-8.446968085071797,-2.584725829313221,-6.3164493016825585,2.0,10.0,-5.1088729755129405
06-08,-9.72222381658512,-10.60606509419739,3.0120544223172927,-15.81508696476916,-10.209991343731202,8.442977124469035,-10.169492087404477,1.1536043389809154,-2.649764218316699,-8.446968085071797,-4.7590789400678135,-7.594935409993324,3.0,9.0,-5.613747506197478
06-09,-9.72222381658512,-4.924246830279145,7.009861284782103,-15.206812158070912,-10.209991343731202,10.35962686402897,-10.169492087404477,1.0889310205607097,-2.649764218316699,-8.446968085071797,-5.134332002098881,-4.683548834552669,3.0,9.0,-4.390746683894926
06-10,-9.72222381658512,-2.730626423253311,7.009861284782103,-15.206812158070912,-10.209991343731202,10.14492471705869,-10.169492087404477,3.254433428847486,-2.649764218316699,-8.037732682138119,-6.598063694820533,-3.7974646870399953,3.0,9.0,-4.059412640056007
06-11,-9.72222381658512,-2.730626423253311,4.654985601398211,-3.2715396754512174,-10.209991343731202,10.14492471705869,-13.932585984133619,7.679270317948895,2.480847533605451,-8.160180972586435,-6.598063694820533,2.012576745293017,5.0,7.0,-2.3043839162714312
06-12,-19.444438802852652,-4.797045087679944,4.654985601398211,-2.0719692344876286,-7.16871644487353,9.728255680918812,-13.932585984133619,7.679270317948895,2.480847533605451,-6.875714580221537,-6.598063694820533,3.2360420144360633,5.0,7.0,-2.7590943900635008
06-13,-19.444438802852652,-1.7921147198436387,-8.00247482021877,-2.181022983654853,0.06698076810063684,9.842303023464037,-12.566606865811266,7.679270317948895,4.232031571943367,-6.875714580221537,-9.375,2.2950844686539447,5.0,7.0,-3.0101418852076525
06-14,-19.444438802852652,-1.7921147198436387,-8.00247482021877,-7.08571297781808,3.348961753380977,9.021738488191906,-12.566606865811266,7.679270317948895,4.232031571943367,-3.8534207941934886,-8.359135686422901,9.969786674282231,5.0,7.0,-2.237676321784452
06-15,-19.444438802852652,-1.7921147198436387,-8.00247482021877,-8.22857448032922,3.348961753380977,9.513514750712627,-20.31324512879267,7.679270317948895,4.232031571943367,-2.0022693630298605,-8.359135686422901,11.362283807812341,5.0,7.0,-2.667182566640959
06-16,-19.444438802852652,-1.7921147198436387,-8.00247482021877,-14.514290945870536,4.563489322789693,10.862624286153471,-13.383956979918452,7.679270317948895,4.232031571943367,-2.0022693630298605,-8.359135686422901,4.6995778303222355,5.0,7.0,-2.9551406657499295
06-17,-14.814809254985223,-0.7885348520112915,-10.89172012051772,-14.514290945870536,5.562823577550754,11.448357014213421,-13.383956979918452,7.679270317948895,4.232031571943367,-6.973059607139076,-8.359135686422901,3.5693063684228794,5.0,7.0,-3.10280988306549
06-18,-14.814809254985223,-2.508963342331168,-10.89172012051772,-14.514290945870536,6.348163156452345,11.128860895484936,-12.529439023868738,14.487449457009191,4.232031571943367,-9.090909090909092,-8.359135686422901,9.240728169361784,5.0,7.0,-2.2726695178878136
06-19,-14.814809254985223,-1.7921147198436387,-10.89172012051772,-14.514290945870536,7.98428883949506,7.896139969262091,-12.529439023868738,11.141300432398017,8.120405038871993,-8.444445060961174,-8.359135686422901,8.298998625114832,5.0,7.0,-2.3254018256106614
06-20,-14.814809254985223,-1.7921147198436387,-9.359294999859225,-14.514290945870536,13.513513339358232,9.20278850484178,-15.773950979360258,11.141300432398017,8.890441145642916,-8.12121304598723,-9.238448813645853,7.949790556469264,5.0,7.0,-1.9096907317368126
06-21,-14.814809254985223,-2.8240360448827584,-8.417086345264845,-14.628568376813636,9.39189409060229,8.586669921875,-15.773950979360258,11.141300432398017,8.890441145642916,-8.12121304598723,-10.923844881364584,6.097561117441157,5.0,7.0,-2.6163035183915957
06-22,-9.251094288726192,-2.8240360448827584,-8.417086345264845,-14.628568376813636,9.30069864312156,9.503701656039777,-15.773950979360258,11.141300432398017,8.890441145642916,-3.7979819557883374,-8.818129459799854,4.407206486169059,5.0,7.0,-1.688958257272046
06-23,-3.9647558955136124,-0.2896448996207746,-8.417086345264845,-5.467923150097522,3.2089504756913523,6.797172601885006,-15.773950979360258,11.141300432398017,9.930792282933314,-3.7979819557883374,-8.818129459799854,3.041593458895514,5.0,7.0,-1.0341386194701667
06-24,-3.9647558955136124,4.255321739269237,-8.417086345264845,-5.35713498618176,2.0392712141758205,8.917887134741187,-15.773950979360258,13.992634483879609,9.930792282933314,-3.7979819557883374,-8.818129459799854,4.034764416997779,6.0,6.0,-0.24653069582597645
06-25,-3.9647558955136124,4.255321739269237,-8.417086345264845,-8.081896784277937,1.0573972210621425,9.189769890151668,-12.235870881778972,15.192508744082318,9.930792282933314,-3.7979819557883374,-9.614205157129671,0.31545860903143474,6.0,6.0,-0.514212377768605
06-26,-3.9647558955136124,4.255321739269237,-8.417086345264845,-3.3405218592333306,1.0573972210621425,9.89130289432905,-16.918272539778297,15.192508744082318,9.208229447586719,-4.040404040404041,-9.614205157129671,0.7556667801907433,6.0,6.0,-0.49456825090029904
06-27,-3.9647558955136124,4.255321739269237,-8.417086345264845,-3.3405218592333306,-0.3021145207289606,9.140667949924948,-18.21052149722451,12.600538496176764,8.26648354700582,-0.5656540995896608,-9.614205157129671,1.392406736538008,5.0,7.0,-0.729953408814151
06-28,-3.9647558955136124,3.9145920517321935,-9.170848476607102,-4.013013826932547,1.1329276519889657,8.770060053940206,-25.755869635608853,19.195710439313014,8.26648354700582,0.8888861145635905,-9.614205157129671,1.392406736538008,7.0,5.0,-0.7464688663924989
06-29,-3.9647558955136124,3.9145920517321935,-9.170848476607102,-4.013013826932547,1.1329276519889657,8.279574644856288,-19.91457358995201,19.302946388366248,6.472267239884139,0.8888861145635905,-9.614205157129671,2.8072410708899467,7.0,5.0,-0.3232468153211308
06-30,-3.9647558955136124,6.049824697014984,-9.170848476607102,-4.013013826932547,1.2075460182045992,8.525470161447586,-16.123868294569586,19.302946388366248,8.362374432331169,-0.7272739603061869,-9.614205157129671,2.8072410708899467,6.0,6.0,0.2201197630996524
07-01,-3.9647558955136124,6.405697935848344,-20.52703931214816,-4.013013826932547,-0.6923088660606971,6.273458982441245,-16.123868294569586,19.302946388366248,8.362374432331169,-0.7272739603061869,-10.357585550528219,2.932004035535462,5.0,7.0,-1.0941136609613784
07-02,-3.0836952954365144,1.8656716949027814,-19.614586924790107,-4.013013826932547,-0.6923088660606971,6.005356325969877,-16.0,23.002681231106138,8.362374432331169,-0.7272739603061869,-10.357585550528219,-1.9354851015152583,4.0,8.0,-1.432322153438297
07-03,-3.0836952954365144,-1.11940728712531,-19.614586924790107,-3.145335720760051,-0.6923088660606971,7.506700520997659,-16.0,27.254306873460372,8.362374432331169,-0.7272739603061869,-10.357585550528219,-1.9108292635635837,3.0,9.0,-1.1273034201484555
07-05,-3.0836952954365144,-1.11940728712531,-19.614586924790107,-3.145335720760051,-0.6923088660606971,3.3243911236799537,-16.55948648368522,27.254306873460372,8.362374432331169,-0.04040496517914945,-10.172636225208729,-0.9463698102218241,3.0,9.0,-1.3694299290830088
07-06,-3.0836952954365144,-1.11940728712531,-19.614586924790107,-8.068182076797006,-10.384618318997898,6.917914788489619,-13.755225132469448,26.443765825123954,11.21951615019166,4.805843863899639,-10.172636225208729,-1.845957741240295,4.0,8.0,-1.5547723645300362
07-07,-3.0836952954365144,-1.11940728712531,-19.614586924790107,-6.022724107769984,-8.220212170236184,8.477157419382573,-13.546015332408853,27.406281206383532,11.21951615019166,4.805843863899639,-10.172636225208729,-0.19095947102702832,4.0,8.0,-0.8384531811787755
07-08,4.845816495590664,-1.4925430495003955,-30.351004006416687,-6.872856963701864,-8.301889671469635,8.477157419382573,-13.546015332408853,29.331307137725755,11.21951615019166,4.805843863899639,-10.172636225208729,1.7823025607339191,6.0,6.0,-0.8562501350984957
07-09,4.845816495590664,0.7299228407855893,-31.039237890157313,-6.872856963701864,-8.301889671469635,9.54315226044041,-13.546015332408853,24.21479122793541,11.21951615019166,-0.32414879544908676,-10.172636225208729,1.5276879092005038,6.0,6.0,-1.514658166187603
07-10,4.845816495590664,4.22534813982127,-31.039237890157313,-6.872856963701864,-5.886790437518439,8.277637774797935,-13.546015332408853,27.024390057819648,9.709425364236337,-0.32414879544908676,-10.172636225208729,1.5394468811363344,6.0,6.0,-1.0183017442535078
07-11,4.845816495590664,4.22534813982127,-31.039237890157313,-2.2909596039706273,-5.886790437518439,7.716368710572678,-19.285704254917345,28.42105114258855,8.079372199764428,-0.32414879544908676,-10.172636225208729,3.701375247460244,6.0,6.0,-1.0008454392853094
07-12,4.845816495590664,2.6485316999766475,-31.039237890157313,5.402534935142567,-5.886790437518439,5.246250140396377,-19.285704254917345,25.3588484870664,7.902195593537901,0.920366323901064,-5.178792775264132,4.062497615814209,8.0,4.0,-0.4169570055359501
07-13,4.845816495590664,3.0064428651816266,-31.039237890157313,5.402534935142567,-6.360943990822154,9.370198972688195,-7.475238933176516,20.7177033623819,7.902195593537901,0.08071209527629497,-1.0065132175086917,3.459114781484419,8.0,4.0,0.7418987558015745
07-14,4.845816495590664,3.0064428651816266,-35.41963262648614,5.402534935142567,-6.360943990822154,6.793043832157737,-7.475238933176516,24.11483279351108,8.433732171071727,1.315264733754948,2.5142887660435065,0.6289272339281471,9.0,3.0,0.6499223563247662
07-15,4.845816495590664,3.5587188128988076,-35.41963262648614,7.461133075818198,-6.360943990822154,9.320697625576912,-7.475238933176516,15.649995803832988,12.436462378275651,1.315264733754948,4.745954152492877,-0.6289332318799776,8.0,4.0,0.7874411913230213
07-16,4.845816495590664,11.743776155196556,-32.503546264292986,5.201696041927635,-6.360943990822154,8.53080016540397,-7.475238933176516,17.01917903323784,12.406779143769862,1.315264733754948,3.2942499029286068,-3.3962322546096733,8.0,4.0,1.218466685742396
07-17,4.845816495590664,12.811389083979213,-32.503546264292986,5.201696041927635,-6.360943990822154,7.590926087673874,-12.323763223827635,14.060104123944416,13.025914005858533,1.315264733754948,2.5125670953284747,-0.25062632680088337,8.0,4.0,0.8270664885261748
07-18,4.845816495590664,12.811389083979213,-39.237660698219315,5.201696041927635,-3.75180714750708,10.46986335571203,-13.785907830736999,14.060104123944416,13.025914005858533,1.315264733754948,6.926883957604645,3.0984161821042844,9.0,3.0,1.2483310253344142
07-19,4.845816495590664,12.811389083979213,-39.611361325883834,6.687559143753918,-3.75180714750708,9.724383652623304,-13.785907830736999,14.060104123944416,13.025914005858533,1.315264733754948,9.368308198127387,1.7251986498368814,9.0,3.0,1.367905148611779
07-20,11.475406888671094,12.811389083979213,-41.77876794545266,6.687559143753918,-3.75180714750708,8.002120623875818,-9.332667244709093,14.060104123944416,13.025914005858533,1.315264733754948,9.368308198127387,0.18773300269440968,9.0,3.0,1.839213122249242
07-21,11.475406888671094,12.811389083979213,-41.77876794545266,6.687559143753918,-0.20905736706411734,8.583460665679747,-9.332667244709093,14.060104123944416,11.567416975337945,1.315264733754948,9.368308198127387,1.2515632978369027,9.0,3.0,2.1499983794883084
07-22,11.475406888671094,13.840830632521037,-42.152468573117204,5.402534935142567,-1.6973109285071262,7.793573249470256,-9.332667244709093,14.060104123944416,12.833675866262354,1.315264733754948,9.368308198127387,2.440546938800843,9.0,3.0,2.1123165683634566
07-23,11.475406888671094,13.840830632521037,-42.152468573117204,10.070493144685724,-1.6973109285071262,8.214847207712898,-9.332667244709093,15.12990035827646,13.573125528331378,1.315264733754948,9.368308198127387,-1.9607855359147701,8.0,4.0,2.320412034152728
07-24,11.475406888671094,14.726030931707134,-42.152468573117204,10.070493144685724,-1.6973109285071262,12.03703749127146,-9.332667244709093,15.12990035827646,13.573125528331378,1.315264733754948,5.1927259360609375,-4.847274381781908,8.0,4.0,2.1241886570536503
07-25,6.967208533477903,17.00000127156577,-36.834539422633206,10.070493144685724,-4.809047630770226,8.921167839451885,-9.332667244709093,15.12990035827646,13.573125528331378,1.315264733754948,5.1927259360609375,-5.740992233856738,8.0,4.0,1.7877200678029785
07-26,6.967208533477903,12.014133251557736,-36.834539422633206,18.52970892285707,-0.8486554642535569,11.7943555170924,-9.332667244709093,15.12990035827646,14.183910740482968,1.315264733754948,5.620991045263792,-5.740992233856738,8.0,4.0,2.7332182281092234
07-27,6.967208533477903,12.014133251557736,-33.884900151668504,18.52970892285707,6.184207843281181,10.256410256410255,-9.332667244709093,15.12990035827646,14.183910740482968,8.33024798568521,5.620991045263792,-5.6000010172526045,9.0,3.0,4.033262543638531
07-28,1.6393427245240417,9.187274007824847,-47.035887910980065,12.445883625721235,6.184207843281181,11.167516130650085,-9.332667244709093,17.114430192891778,14.183910740482968,2.4065146724257884,5.620991045263792,-5.199998219807955,9.0,3.0,1.5317931339640503
07-29,1.6393427245240417,9.999998684587137,-46.12403828595888,13.936165096857826,4.679143098129581,11.979698065754922,-9.332667244709093,17.114430192891778,17.862941982656324,2.4065146724257884,1.8374161499337527,-5.0,9.0,3.0,1.7499120947577647
07-30,1.6393427245240417,11.16405334577718,-46.12403828595888,10.111109415690125,7.687163205868004,14.873097419812453,-9.332667244709093,17.114430192891778,17.862941982656324,2.4065146724257884,1.8374161499337527,-5.114402735132881,9.0,3.0,2.0104134036482155
07-31,4.280156999279053,12.292361182883134,-46.12403828595888,6.6666709052192035,7.687163205868004,15.118032405575704,-15.454088693145621,17.114430192891778,17.862941982656324,3.7393566098597972,1.8374161499337527,-1.5807528468816585,9.0,3.0,1.953304150681716
08-01,4.280156999279053,12.292361182883134,-46.12403828595888,5.999999576144748,7.687163205868004,15.017940906214482,-15.454088693145621,17.114430192891778,17.862941982656324,0.9255831095205789,1.8374161499337527,-2.103123639283372,9.0,3.0,1.6113952239169984
08-02,4.280156999279053,13.157894901951927,-46.12403828595888,7.419713135179608,7.687163205868004,15.066398235108291,-15.454088693145621,18.05970646379563,15.427086257748643,3.0481084746940432,3.062356709895657,-2.103123639283372,9.0,3.0,1.9606111470944152
08-03,4.280156999279053,13.157894901951927,-41.55039355700573,7.640442479184719,7.687163205868004,15.583763874508488,-15.454088693145621,18.05970646379563,15.427086257748643,6.44932579414678,6.403116242497495,-3.864737256469169,9.0,3.0,2.818286392696686
08-04,12.451364466704595,13.157894901951927,-41.55039355700573,5.841916402631029,3.8970039693956156,11.401178715005965,-15.454088693145621,17.761192174480833,13.517102664637557,6.44932579414678,6.403116242497495,-10.351967037224101,9.0,3.0,1.9603038370063626
08-05,15.953308403718456,10.855260784441032,-41.55039355700573,3.1802062587546516,3.8970039693956156,2.823658357590973,-15.454088693145621,15.920401503522093,13.517102664637557,6.44932579414678,6.350981886032982,-9.040720775081219,9.0,3.0,1.075170549750631
08-06,15.953308403718456,10.855260784441032,-41.55039355700573,3.1802062587546516,3.8970039693956156,0.7458779626143419,-7.436025995201328,11.890553490737355,13.517102664637557,3.6144570762287795,6.685240735014562,-9.730847961934112,9.0,3.0,0.9684786526167654
08-07,15.953308403718456,10.855260784441032,-51.28418136341772,3.1802062587546516,3.8970039693956156,2.023434793511237,-7.436025995201328,11.890553490737355,13.517102664637557,3.249358924720533,7.966575177691566,-8.689656750909213,9.0,3.0,0.426911696506645
08-08,15.953308403718456,11.14753973288613,-51.28418136341772,-8.009426660870462,-6.339033801573374,4.268608713714187,-8.739746273808704,12.972979103238735,8.967122910024825,3.358890459273431,11.11111111111111,-0.19710730909894802,7.0,5.0,-0.5658279145668605
08-09,15.953308403718456,11.14753973288613,-51.28418136341772,2.4526227478216196,-6.339033801573374,3.563942913495023,-8.739746273808704,12.972979103238735,8.967122910024825,3.358890459273431,10.277779897054035,1.3583443572367748,9.0,3.0,0.3074640904957693
08-10,8.085104759703292,8.524591414654854,-33.554277106948696,4.162104158573579,-6.339033801573374,4.514794076628497,-8.739746273808704,12.972979103238735,8.967122910024825,3.358890459273431,10.277779897054035,1.3583443572367748,9.0,3.0,1.132387829504771
08-11,8.085104759703292,8.524591414654854,-33.554277106948696,4.162104158573579,-8.266862556028354,0.6479526796290845,-8.739746273808704,12.972979103238735,5.9691245073364225,4.3368296336491445,10.277779897054035,-7.050447582302988,8.0,4.0,-0.21957228043746624
08-12,8.085104759703292,10.289391394496935,-30.074566745826083,4.162104158573579,-3.0365806832836233,0.10799382974792308,-1.7382937048098341,12.972979103238735,5.9691245073364225,4.3368296336491445,10.277779897054035,-8.732208437673613,8.0,4.0,1.0516381426839096
08-13,8.085104759703292,10.289391394496935,-26.409015401149034,4.162104158573579,-4.3478269454265295,-1.4038888901476383,-2.51086663810402,6.044223681471472,7.429924747013807,4.3368296336491445,10.277779897054035,-11.04574875369415,7.0,5.0,0.409000970286741
08-14,8.085104759703292,10.289391394496935,-23.719466732960424,4.162104158573579,-5.452035709673903,-3.62439202604636,-2.51086663810402,7.543517615674052,7.429924747013807,8.782075527559051,10.277779897054035,-11.409834564709273,7.0,5.0,0.8211085357150645
08-15,8.085104759703292,10.289391394496935,-13.933237398401301,4.162104158573579,-2.2805799420611805,-2.9185060082532543,1.7382844950140006,7.543517615674052,7.429924747013807,10.552945674892253,10.999997456868488,-11.015261320690227,8.0,4.0,2.55447380273587
08-16,10.891086693796026,10.289391394496935,-13.933237398401301,5.6094976492495086,-2.2805799420611805,-4.748605584269382,1.7382844950140006,11.025148225335714,3.5123299361356963,2.4438345239413595,10.999997456868488,-11.16278624724344,8.0,4.0,2.032030100238536
08-17,10.891086693796026,10.289391394496935,-15.529756057994733,5.6094976492495086,1.1748450114496691,-7.573147858363795,1.7382844950140006,11.025148225335714,3.5123299361356963,2.4438345239413595,9.27777820163303,-15.14108637093047,9.0,3.0,1.4765171536469117
08-18,10.891086693796026,11.189709001771636,-15.529756057994733,0.41884775972920046,-1.7069684491852148,-12.477503984321983,1.7382844950140006,11.025148225335714,1.1627912286228064,2.4438345239413595,14.368116491694682,-12.869923743465133,8.0,4.0,0.8878055154115302
08-19,6.353131281847666,9.324757501476366,-15.529756057994733,0.41884775972920046,-1.7069684491852148,-13.617279228401372,1.7382844950140006,8.075435452851396,2.4966254600417006,1.4336941521345454,14.368116491694682,-10.87405992028384,8.0,4.0,0.20673574491036653
08-20,6.353131281847666,6.249997225847643,-15.529756057994733,0.41884775972920046,4.694173409593814,-10.31793224644594,11.751947733021819,7.059966007137264,2.4966254600417006,1.0,14.368116491694682,-9.385787659309356,9.0,3.0,1.5966107837636467
08-21,7.346935661471619,6.249997225847643,-15.529756057994733,0.31413332326732607,5.832152375717282,-9.134038863754224,16.695578797197484,7.059966007137264,0.653147243248517,1.0,14.368116491694682,-9.291124613074356,9.0,3.0,2.1304256325632087
08-22,7.346935661471619,6.249997225847643,-15.529756057994733,2.827229867760807,5.832152375717282,-5.000004932798296,16.114788874186818,7.059966007137264,0.653147243248517,1.0,14.368116491694682,-7.84983346177017,9.0,3.0,2.75606160787512
08-23,8.467736043245132,7.540981105116547,-15.529756057994733,3.4554965142954965,5.832152375717282,-5.889019957606314,16.114788874186818,7.059966007137264,1.4437953732928444,1.0,14.502619908065798,-8.965518556792173,9.0,3.0,2.919436802388663
08-24,3.7319727040452535,7.540981105116547,-15.529756057994733,3.4554965142954965,13.294044700656194,-5.889019957606314,16.849016705452215,9.816250757682244,3.3344768245668073,-3.125,14.502619908065798,-8.965518556792173,8.0,4.0,3.2512970539572783
08-25,3.7319727040452535,7.8688512082959665,-15.529756057994733,3.4554965142954965,13.294044700656194,-3.6585355538648336,21.838073032002317,9.816250757682244,1.3406647906591576,-3.125,14.502619908065798,-8.965518556792173,8.0,4.0,3.7140969539208903
08-26,3.7319727040452535,6.333332061767566,-4.6444147730382985,3.4554965142954965,12.084997329268713,-3.1042097423641564,18.030637945085235,9.816250757682244,2.0143398229636817,-7.375274703723774,14.502619908065798,-10.551728873417296,8.0,4.0,3.6911682458858714
08-27,3.7319727040452535,9.520599332453756,-5.442670642478218,3.4554965142954965,12.018594748902183,-3.381367361671768,17.943108590906792,9.816250757682244,2.7118618205442386,-7.375274703723774,14.502619908065798,-6.019152676670941,8.0,4.0,4.290169916029255
08-28,3.7319727040452535,10.666669209798178,-5.442670642478218,3.4554965142954965,13.67862126307384,-4.07938145543952,17.943108590906792,9.816250757682244,2.7118618205442386,-7.375274703723774,15.07853932248781,-4.6666653951009,8.0,4.0,4.626543998840953
08-29,3.404252072598072,10.666669209798178,-5.442670642478218,3.4554965142954965,16.66666870443225,-4.540355711963844,14.573303580364625,9.816250757682244,2.7118618205442386,-7.375274703723774,15.07853932248781,-3.8961064696895664,8.0,4.0,4.593219537862292
08-30,5.02091579390833,10.666669209798178,-5.442670642478218,7.853402984511231,16.66666870443225,-7.971015956555001,14.573303580364625,4.545457060860653,2.7118618205442386,-12.84165331798407,15.07853932248781,-7.382553084778065,8.0,4.0,3.6232437895926637
08-31,2.575100831620403,10.666669209798178,-5.442670642478218,7.853402984511231,14.341081259707703,-9.74504961970277,14.573303580364625,4.545457060860653,2.7118618205442386,-12.84165331798407,15.07853932248781,-10.420981730390409,8.0,4.0,2.8245883966116145
09-01,2.575100831620403,10.666669209798178,-5.442670642478218,8.586394053626073,14.341081259707703,-6.898454426632818,18.336982337451133,4.545457060860653,2.7118618205442386,-15.600001017252621,15.07853932248781,-9.385787659309356,8.0,4.0,3.292931012535264
09-02,2.575100831620403,8.97010208877487,-5.442670642478218,7.7167071138156045,14.341081259707703,-6.898454426632818,16.323848927640217,4.545457060860653,4.682829023016903,-15.600001017252621,15.07853932248781,-8.419601699791219,8.0,4.0,3.156078153480774
09-03,2.9914481495824186,6.270625961621638,-5.442670642478218,7.7167071138156045,14.341081259707703,-8.719645974215636,16.323848927640217,6.8181818181818175,4.682829023016903,-15.600001017252621,15.07853932248781,-6.126620816289407,8.0,4.0,3.1945269271515193
09-04,3.404252072598072,4.054056579305613,-5.442670642478218,7.7167071138156045,14.405682223387004,-6.110206458784068,20.3501074000034,6.006416772215096,4.80928316396943,-15.600001017252621,15.07853932248781,-11.859646178128425,8.0,4.0,3.067710029261557
09-05,7.346935661471619,4.054056579305613,-7.949477650755836,7.7167071138156045,14.405682223387004,-2.566842367127674,20.3501074000034,6.006416772215096,4.80928316396943,-9.688890245225695,15.07853932248781,-9.739369572870334,8.0,4.0,4.151929033389671
09-06,5.809126955893013,4.505716754877812,-7.949477650755836,0.840345310226634,11.666666666666666,1.4248044690938073,20.3501074000034,6.006416772215096,6.401327793017951,-11.066665649414062,17.497459617276814,-6.3829789932306245,9.0,3.0,4.091904120489223
09-07,8.835336904799007,4.505716754877812,-7.949477650755836,0.840345310226634,9.866663614908854,0.47948934679255506,20.3501074000034,4.172397385122049,8.613989377278461,-22.370373761212402,14.089524309575685,-8.254399790733641,9.0,3.0,2.764943266740214
09-08,8.835336904799007,6.0524520878060315,-4.457655124585929,0.840345310226634,9.866663614908854,0.47948934679255506,20.3501074000034,2.7906994486964027,8.613989377278461,-23.901235321421684,16.137041204035185,-8.254399790733641,9.0,3.0,3.112736204817106
09-09,8.835336904799007,3.3035068895914876,-4.457655124585929,0.840345310226634,9.866663614908854,-4.049015505311209,11.597372316366792,6.976744186046512,4.436525159059466,-23.901235321421684,16.137041204035185,-7.5778072110555375,8.0,4.0,1.8339852018882976
09-10,5.416663487752279,4.745761418746677,0.42492539963648257,1.461381465946777,9.866663614908854,-1.1720794245558785,11.597372316366792,5.441860819971856,4.436525159059466,-23.901235321421684,13.108239670579872,-7.5778072110555375,9.0,3.0,1.9873559496613293
09-11,5.416663487752279,6.270844527926105,-1.4430069833594967,-0.7306857555499577,9.866663614908854,2.5179845538078354,18.232281997666718,5.441860819971856,4.436525159059466,-23.901235321421684,11.072490614783767,-7.33019610609707,8.0,4.0,2.487515884120722
09-12,-682.7586212566434,7.076717611923794,0.1420419332224777,1.6701445583124432,7.600002288818371,3.404047945116556,18.232281997666718,5.441860819971856,4.468909320826364,-23.901235321421684,9.186221115881775,-3.7177013432145065,9.0,3.0,-54.429610860794945
09-13,-682.7586212566434,6.333332061767566,0.1420419332224777,0.10438652360622687,7.600002288818371,3.269615925402326,18.232281997666718,8.697678322015806,3.7888604536636254,-22.092462696250404,8.386459713877132,8.606336061692634,10.0,2.0,-53.30750738926343
09-14,3.813557643994529,6.333332061767566,4.971589581378967,0.10438652360622687,7.600002288818371,3.512296799903532,18.232281997666718,8.697678322015806,3.7888604536636254,-22.092462696250404,7.753084912712191,9.906958554682879,11.0,1.0,4.385130536996667
09-15,3.813557643994529,6.333332061767566,4.971589581378967,-2.7926881148113387,7.600002288818371,5.083912512385779,18.232281997666718,8.697678322015806,5.375647320357321,-22.629527249729932,8.789058971160477,11.165850379935069,10.0,2.0,4.553391309578278
09-16,-3.3898272208871822,3.666667938232434,4.971589581378967,-2.46252182525503,7.600002288818371,6.860806386699414,14.901792313189578,8.697678322015806,5.375647320357321,-22.629527249729932,8.789058971160477,12.534213782979018,9.0,3.0,3.7429650507466046
09-17,1.2145794945047657,1.3651864469140718,4.971589581378967,-6.097552207851106,4.333330790201823,6.268511566713676,14.901792313189578,8.697678322015806,5.375647320357321,-22.629527249729932,8.789058971160477,15.422885231175071,10.0,2.0,3.55109838166921
09-18,0.40816482232542906,0.3412917294366655,4.971589581378967,-4.656309327103507,5.733331044514962,5.996130332782544,14.901792313189578,8.697678322015806,5.375647320357321,-22.629527249729932,8.789058971160477,18.59459232639622,10.0,2.0,3.8769533488937107
09-19,0.40816482232542906,1.48447582918188,4.971589581378967,-10.08868959234758,5.733331044514962,8.970725170697794,14.901792313189578,8.697678322015806,4.566061806127036,-22.629527249729932,8.789058971160477,19.027029501425254,10.0,2.0,3.7359742099949727
09-20,0.40816482232542906,1.4179610546723247,4.971589581378967,-10.08868959234758,5.733331044514962,3.030297945395757,14.901792313189578,8.697678322015806,4.566061806127036,-22.629527249729932,8.789058971160477,21.11637850033381,10.0,2.0,3.4095081265863865
09-21,-2.9535815740792306,-1.2829140783253143,1.2784112652779236,-4.088053929583029,-1.3333320617675664,6.766919584552951,15.15538314444573,8.697678322015806,4.566061806127036,-32.013692265411976,8.789058971160477,21.11637850033381,7.0,5.0,2.058193140395551
09-22,-2.9535815740792306,4.456453628537489,8.948865310435203,3.14465609994187,-1.3333320617675664,6.854456041164346,15.15538314444573,6.511626132698946,4.566061806127036,-32.013692265411976,12.87313507524195,21.11637850033381,9.0,3.0,3.943867486472301
09-23,-2.9535815740792306,6.572167704115178,4.444447270146123,3.14465609994187,0.39318754073896545,8.450700946170322,15.15538314444573,13.84483305957606,0.29144510260739137,-32.013692265411976,11.047617594401043,21.011057499782297,10.0,2.0,4.115685176869481
09-24,-7.5837711208582705,-1.6608980919451737,4.444447270146123,3.14465609994187,0.39318754073896545,7.511730194511958,15.15538314444573,13.84483305957606,0.29144510260739137,-35.0500011444092,11.047617594401043,21.748289437697757,9.0,3.0,2.773909923904521
09-25,-11.25541272092524,-4.152251829685274,4.444447270146123,1.4675088457291836,1.9659252046868778,8.291106922929055,17.848309492392904,13.84483305957606,0.29144510260739137,-35.0500011444092,14.476194835844494,23.380724770392476,9.0,3.0,2.9627358174404037
09-26,-11.25541272092524,-4.152251829685274,4.444447270146123,5.6603769812608995,1.9659252046868778,7.971700345463993,17.848309492392904,13.84483305957606,0.29144510260739137,-35.0500011444092,14.476194835844494,22.380200375061683,9.0,3.0,3.2021472476683925
09-27,-11.25541272092524,-2.4506509233145324,4.444447270146123,9.700002670288068,1.9659252046868778,8.802978342308771,17.848309492392904,13.84483305957606,0.29144510260739137,-36.14999771118164,14.476194835844494,22.380200375061683,9.0,3.0,3.6581895831242464
09-28,-12.22707943690738,-2.4506509233145324,4.444447270146123,11.000003814697266,3.9177884947552313,8.802978342308771,17.13097323319635,13.84483305957606,0.29144510260739137,-41.09999656677245,14.476194835844494,22.380200375061683,9.0,3.0,3.3759281334332507
09-29,-12.22707943690738,-3.471751146697629,0.9216653994957685,12.700004577636737,3.9177884947552313,11.08083779897171,17.13097323319635,13.84483305957606,8.895608758175804,-39.702961621314245,14.476194835844494,22.380200375061683,9.0,3.0,4.162192860649549
09-30,-12.22707943690738,-3.401360588350888,-1.0180043547889384,16.539201621428695,3.546100468204277,10.535874871002775,17.13097323319635,13.84483305957606,8.895608758175804,-39.702961621314245,14.476194835844494,23.696682750065314,8.0,4.0,4.359671966344361
10-01,-12.22707943690738,-3.401360588350888,1.8264894864667294,16.539201621428695,7.350098816890475,14.759309411613275,13.887734962756355,13.84483305957606,8.895608758175804,-39.702961621314245,14.476194835844494,23.696682750065314,9.0,3.0,4.995396004687058
10-02,-12.22707943690738,-3.401360588350888,1.8264894864667294,18.83365449181969,7.350098816890475,12.894243266046226,13.887734962756355,13.84483305957606,8.895608758175804,-39.702961621314245,14.52380589076451,23.644022249789554,9.0,3.0,5.030757444642742
10-03,-7.531385661670041,-3.401360588350888,4.515178386507323,18.83365449181969,9.477757868058944,9.172579522686672,14.562709240828811,13.84483305957606,8.895608758175804,-35.594051263108554,14.285714285714285,19.85255160362423,9.0,3.0,5.576149141988528
10-04,-7.531385661670041,-3.120760144435712,10.658775053009736,14.244739633692419,12.740833880011767,11.789178622280511,14.562709240828811,13.84483305957606,8.895608758175804,-35.594051263108554,14.285714285714285,19.85255160362423,9.0,3.0,6.219062255641609
10-05,-9.361705374210437,-3.4599744694782157,10.658775053009736,12.71510438676508,12.740833880011767,9.872461714954198,13.85192056670785,12.77325140154969,5.254877407840064,-35.594051263108554,14.285714285714285,19.85255160362423,9.0,3.0,5.299146599448309
10-06,-9.361705374210437,-3.4599744694782157,10.658775053009736,12.71510438676508,10.057653615339081,12.114229717529666,13.85192056670785,12.77325140154969,8.275648241947358,-36.98019322385153,13.043481465824092,18.588729728896354,9.0,3.0,5.189743425835728
10-07,0.0,-6.143348775696979,10.658775053009736,10.577864051625072,10.057653615339081,11.239054489201296,13.85192056670785,12.77325140154969,7.1360299925869315,-34.25521230890424,13.336545001029435,18.588729728896354,9.0,3.0,5.651771901278686
10-08,0.0,-6.143348775696979,8.06809869816046,14.19173101652626,11.659191126539866,14.693683838017863,13.85192056670785,12.810624471168392,7.1360299925869315,-34.25521230890424,13.336545001029435,19.431277645381588,9.0,3.0,6.2317117726264515
10-09,0.0,-6.143348775696979,8.06809869816046,14.19173101652626,7.174887317053819,15.341706691282205,13.85192056670785,12.810624471168392,7.1360299925869315,-34.25521230890424,13.336545001029435,19.69457512477867,9.0,3.0,5.933963149557734
10-10,8.914725988660885,-6.143348775696979,8.06809869816046,14.19173101652626,4.362193274421528,15.730856193342671,13.238381414578232,13.293562092732891,5.670591952556319,-34.25521230890424,13.336545001029435,20.642444041815423,10.0,2.0,6.420880715768573
10-11,11.654136605311002,-2.640267869811315,6.069582787611862,15.956476136136983,4.362193274421528,16.159253870242583,13.238381414578232,11.887512099717835,5.670591952556319,-23.09558509421434,13.336545001029435,20.642444041815423,10.0,2.0,7.770105351616295
10-12,11.654136605311002,-2.640267869811315,-1.9985159105486108,15.956476136136983,6.160828823377426,13.442943160642654,13.238381414578232,11.887512099717835,5.670591952556319,-23.09558509421434,13.336545001029435,20.642444041815423,9.0,3.0,7.021290863382588
10-13,8.872182618446898,-2.640267869811315,-1.9985159105486108,13.417947217281181,5.362980358862232,12.46944278374025,13.238381414578232,11.887512099717835,6.849313986413417,-23.09558509421434,13.336545001029435,20.74776002038522,9.0,3.0,6.537308052156702
10-14,8.872182618446898,-2.640267869811315,-1.9985159105486108,13.023674053908138,5.362980358862232,14.767727848874587,13.238381414578232,11.887512099717835,5.575024001361089,-23.09558509421434,14.3672711322337,23.48604577094399,9.0,3.0,6.903869202029369
10-15,5.312502305023351,0.7260703593860377,-1.9985159105486108,13.730799873463711,8.04447053829333,18.48411024754493,3.393386446638373,11.887512099717835,5.575024001361089,-23.09558509421434,9.276882590262868,23.696682750065314,10.0,2.0,6.252778350582825
10-16,4.296876426087684,0.7260703593860377,-6.573854661512772,13.730799873463711,8.04447053829333,18.195050407308212,3.393386446638373,11.887512099717835,5.665183584733648,-21.834060488769875,9.276882590262868,23.48604577094399,10.0,2.0,5.857863578879421
10-17,4.296876426087684,0.7260703593860377,-6.573854661512772,13.730799873463711,8.04447053829333,14.789424321646605,5.111022948511577,11.586144314616812,5.665183584733648,-21.300336048721533,9.190477643694196,22.854134833580066,10.0,2.0,5.676701177814947
10-18,4.296876426087684,7.160498434914557,-6.573854661512772,14.426520418372485,8.04447053829333,9.435898218399439,0.35195743650324673,11.586144314616812,7.415658555214373,-21.300336048721533,9.04761723109654,22.854134833580066,10.0,2.0,5.562132141403686
10-19,7.547169811320755,7.160498434914557,-6.573854661512772,15.26175862614039,-0.9253162079564676,8.35495885887699,0.35195743650324673,11.586144314616812,7.415658555214373,-16.448322606772674,9.04761723109654,22.854134833580066,9.0,3.0,5.469367052168484
10-20,6.4150972186394455,5.864201964192239,-9.365073934734482,15.26175862614039,-0.9253162079564676,11.876252292339807,0.35195743650324673,11.586144314616812,8.808775860643248,-16.448322606772674,9.04761723109654,23.644022249789554,9.0,3.0,5.509759537041472
10-21,11.018868212429982,6.25,-7.909156139407029,13.88638359480692,-3.4552860499547005,11.876252292339807,-0.5279403504184826,11.586144314616812,8.181814213837223,-18.226605428558702,9.04761723109654,23.644022249789554,8.0,4.0,5.447676178381493
10-22,10.342203012392545,8.297208857987085,-7.909156139407029,13.88638359480692,-3.4552860499547005,9.980039464221607,3.667786496920109,11.586144314616812,8.181814213837223,-18.226605428558702,9.04761723109654,23.012111312425617,9.0,3.0,5.700855073365336
10-23,10.342203012392545,7.120740840208942,-7.909156139407029,13.88638359480692,-2.0325215859267654,10.55227428274334,3.667786496920109,11.586144314616812,8.668533850175058,-13.546798538689037,9.04761723109654,21.011057499782297,9.0,3.0,6.032855404893311
10-24,10.646385240631256,7.120740840208942,-7.909156139407029,13.88638359480692,-5.69105785611174,14.106886088587297,-0.9275662432981631,11.586144314616812,8.013719112192543,-13.546798538689037,9.04761723109654,18.904687708569178,8.0,4.0,5.436498779433626
10-25,10.646385240631256,7.120740840208942,-7.909156139407029,15.26175862614039,-5.69105785611174,13.123482491693814,-0.9275662432981631,11.586144314616812,8.013719112192543,-13.546798538689037,9.04761723109654,18.904687708569178,8.0,4.0,5.469163065636959
10-26,10.646385240631256,7.120740840208942,-7.909156139407029,16.060340249319395,-4.87804405277463,13.123482491693814,-0.9275662432981631,11.586144314616812,8.013719112192543,-13.546798538689037,9.04761723109654,18.904687708569178,8.0,4.0,5.603462684513301
10-27,9.125474099437715,7.120740840208942,-7.909156139407029,13.528332714839774,-4.87804405277463,11.40740477008586,-0.9275662432981631,11.586144314616812,9.286594142844457,-16.580315489312028,9.04761723109654,21.537652458576435,8.0,4.0,5.195406553909557
10-28,11.406844437366223,6.811142128655441,-7.909156139407029,13.528332714839774,-4.87804405277463,12.839508056640625,-0.9275662432981631,11.586144314616812,7.410823534711117,-16.580315489312028,9.04761723109654,23.696682750065314,8.0,4.0,5.502667770266666
10-29,8.235295613606784,6.191950610652737,-7.909156139407029,11.42322314763948,-4.87804405277463,10.518514374156057,-2.1914121544850307,5.94270810568556,7.410823534711117,-25.0,9.04761723109654,22.64349785445875,8.0,4.0,3.4529181771116946
10-30,10.646385240631256,8.359129781318625,-7.909156139407029,11.42322314763948,-4.87804405277463,11.449278994600656,-0.1314666391179479,1.9170766800059185,7.410823534711117,-25.0,9.04761723109654,24.96050462479318,8.0,4.0,3.9412810336247635
10-31,6.844103761509181,8.359129781318625,-7.909156139407029,11.42322314763948,-4.87804405277463,10.139350106453168,-0.1314666391179479,1.9170766800059185,7.410823534711117,-25.0,9.04761723109654,23.222748291546928,8.0,4.0,3.3704504752484454
11-01,3.9215686274509802,8.359129781318625,-7.909156139407029,14.156895159806233,-1.6260146842582102,6.234529335042177,-0.1314666391179479,2.7641588533118657,7.287825356311137,-16.279067475093328,6.380953107561384,23.222748291546928,8.0,4.0,3.8651752978727347
11-02,3.9215686274509802,8.359129781318625,-5.403285478849043,14.156895159806233,-1.6260146842582102,6.234529335042177,-0.1314666391179479,2.7641588533118657,5.043054347822261,-4.651160727583997,6.380953107561384,23.222748291546928,8.0,4.0,4.855925831170938
11-03,5.490194582471647,7.925695128206309,-5.403285478849043,12.660543202410468,-1.6260146842582102,7.107837660318967,-0.1314666391179479,4.146234028187602,6.0541522232537055,-3.4218594428223725,6.380953107561384,20.800420520660985,8.0,4.0,4.998617017335291
11-04,2.352942672430314,9.187501668930043,-5.403285478849043,12.900272717690758,-1.6260146842582102,7.990192113954733,-0.1314666391179479,4.146234028187602,6.0541522232537055,-3.4218594428223725,6.380953107561384,22.16956339594036,8.0,4.0,5.0499321402417765
11-05,5.88235294117647,7.92759314278421,-10.571647450291689,15.826701109120659,-1.6260146842582102,7.990192113954733,-0.8384842689190035,0.6928388968741066,6.0541522232537055,-3.4218594428223725,4.09524100167409,22.16956339594036,8.0,4.0,4.515052414873922
11-06,2.0408163265306123,6.429467273494022,-10.571647450291689,15.826701109120659,-1.6260146842582102,3.039365319516539,-2.449691386660791,0.6928388968741066,6.0541522232537055,-3.4218594428223725,4.09524100167409,21.69562893742199,8.0,4.0,3.483749843654388
11-07,88.80308826996038,6.429467273494022,-10.571647450291689,15.296201872017908,-1.6260146842582102,-0.9965160238195251,-2.449691386660791,0.6928388968741066,6.0541522232537055,-3.4218594428223725,4.619044349307106,16.42969943740748,7.0,5.0,9.938230277871845
11-08,88.80308826996038,6.429467273494022,-8.535623804546494,15.296201872017908,-1.6260146842582102,-2.1582738748896855,-2.449691386660791,0.6928388968741066,6.0541522232537055,-4.954031241747303,2.9047648111978996,16.42969943740748,7.0,5.0,9.740548149341919
11-09,88.67187479627319,5.617980939372746,-10.258413617721942,16.768030119867976,-1.6260146842582102,-2.3160002497321073,-10.004692668721956,0.6928388968741066,8.908561148019025,-4.954031241747303,-0.49627981817808353,16.42969943740748,6.0,6.0,8.952796088121243
11-10,88.67187479627319,6.36704387401784,-10.258413617721942,18.333326919733913,-1.6260146842582102,0.0,-10.004692668721956,3.673833808404434,8.908561148019025,-4.494377753807679,-0.49627981817808353,5.160608499463,6.0,6.0,8.686289208601961
11-11,7.812499883584678,6.36704387401784,-10.258413617721942,17.023171140421898,-2.5991800096815556,-0.2515148215290547,-10.004692668721956,3.673833808404434,8.908561148019025,-4.494377753807679,-1.8099578753075167,3.7914656241836138,6.0,6.0,1.5132032276551488
11-12,3.5156234574970218,8.551815231499969,-10.258413617721942,17.023171140421898,-2.5991800096815556,-1.9114742663831408,-10.004692668721956,3.673833808404434,8.908561148019025,-4.494377753807679,-2.966315589204829,4.739334541220376,6.0,6.0,1.181490451795135
11-13,6.844103761509181,8.551815231499969,-10.778913308003563,16.755793847576825,-2.5991800096815556,-2.9880497198676856,-10.004692668721956,3.673833808404434,8.908561148019025,-4.494377753807679,-2.966315589204829,2.5803042497315,6.0,6.0,1.1235735831211389
11-14,10.909090909090908,8.551815231499969,-11.041006189556771,19.607840970646624,-2.5991800096815556,-5.059526118471706,-10.004692668721956,3.673833808404434,8.908561148019025,-4.494377753807679,-2.966315589204829,2.5803042497315,6.0,6.0,1.505528998995664
11-15,10.256407748390945,8.551815231499969,-11.041006189556771,23.429535974288047,-2.5991800096815556,-1.4880914649364796,-10.004692668721956,3.673833808404434,8.908561148019025,-4.494377753807679,-2.966315589204829,2.5803042497315,6.0,6.0,2.067232873702054
11-16,9.25925925925926,7.490641252496985,-11.041006189556771,19.561549426504783,-0.33444944062058024,-1.9940160976045098,-10.004692668721956,3.673833808404434,8.908561148019025,-4.494377753807679,-3.959384513142987,2.5803042497315,6.0,6.0,1.637185206746792
11-17,9.25925925925926,7.553058698950149,-11.041006189556771,20.03353128403409,-0.33444944062058024,-4.494377753807679,-10.004692668721956,3.673833808404434,8.908561148019025,-4.494377753807679,-5.567010025476869,0.0,5.0,7.0,1.1243608638896188
11-18,12.222219396520543,3.1210985375327387,-6.466874409218345,20.5661966690801,-0.33444944062058024,-8.682332837403225,-10.333484081657812,-4.525090693061439,8.908561148019025,-4.494377753807679,-5.567010025476869,0.0,4.0,8.0,0.3678713758255381
11-19,15.99999886971933,13.473058987323567,-6.635072375293899,20.5661966690801,-0.33444944062058024,-8.784470480370352,-10.333484081657812,-4.525090693061439,9.997091446328346,-0.146836900875009,-10.51546884350861,0.0,4.0,8.0,1.5634560964219704
11-20,14.444443031593593,13.473058987323567,-6.635072375293899,20.5661966690801,-2.0735814285735366,-10.878443151512762,-13.9502075417404,-10.831357573787196,10.310778718975255,2.1047493820489276,-8.247424808923482,0.0,5.0,6.0,0.69026165909918
11-21,14.444443031593593,15.249264188493047,-6.635072375293899,16.73605487573727,-2.0735814285735366,-6.479160850897833,-13.9502075417404,-10.831357573787196,10.310778718975255,2.1047493820489276,-8.247424808923482,0.0,5.0,6.0,0.8857071348026456
11-22,19.791663217323695,15.249264188493047,-6.635072375293899,16.73605487573727,-4.80769085914329,-7.457456482761198,-13.9502075417404,-10.831357573787196,10.310778718975255,2.1047493820489276,-8.135941902671593,0.0,5.0,6.0,1.0312319705983855
11-23,19.791663217323695,13.841640834490235,-2.843606751110285,15.611817062576968,-6.936808008925251,-2.4820932290127304,-13.9502075417404,-10.831357573787196,3.924425084117377,2.1047493820489276,-8.135941902671593,0.0,5.0,6.0,0.8411900477758119
11-24,20.48611032926005,13.782988463057293,-0.8688831886048423,17.96554270524789,-6.936808008925251,-3.9709429054341903,-12.963824344038752,-10.831357573787196,3.924425084117377,1.1257931414619682,-8.135941902671593,0.0,5.0,6.0,1.1314251499735632
11-25,20.48611032926005,13.782988463057293,-0.8688831886048423,14.456797613741982,-7.231399476293587,-6.634386753227968,-12.963824344038752,-10.831357573787196,3.924425084117377,3.2566974384982807,-8.135941902671593,0.0,5.0,6.0,0.7701021408375869
11-26,20.48611032926005,13.782988463057293,-3.7914731571562026,14.456797613741982,-6.818180026907802,-4.406779003499471,-27.8575221684922,-11.520075710434922,3.924425084117377,3.2566974384982807,-8.135941902671593,0.0,5.0,6.0,-0.5519127533739341
11-27,18.794329790850448,14.285713491316681,-3.7914731571562026,10.521809977652694,-6.818180026907802,-0.5706083117770294,-23.080850103488807,-11.520075710434922,3.924425084117377,3.2566974384982807,-8.135941902671593,0.0,5.0,6.0,-0.2611794525000737
11-28,15.248230596008568,14.285713491316681,-3.7914731571562026,10.521809977652694,-13.389715492530458,-1.002860931789898,-24.627243291967897,-12.001920351208542,3.924425084117377,3.2566974384982807,-8.135941902671593,0.0,5.0,6.0,-1.3093565449775821
11-29,13.090910478071747,18.333334392971473,-3.7914731571562026,10.521809977652694,-13.389715492530458,-1.5016410269537468,-24.627243291967897,-12.001920351208542,3.924425084117377,6.264494301231519,-8.080286516547304,0.0,5.0,6.0,-0.9381088001932785
11-30,13.090910478071747,18.333334392971473,-6.714063125707534,13.838552369562468,-13.389715492530458,1.2779584144021798,-24.627243291967897,-12.001920351208542,7.616281171564439,6.264494301231519,-8.080286516547304,0.0,6.0,5.0,-0.3659748041798259
12-01,13.090910478071747,18.11111238267687,1.7454528808593752,11.35593331295058,-18.308821332908483,1.2779584144021798,-24.627243291967897,-12.001920351208542,7.616281171564439,4.361942737763202,-8.080286516547304,0.0,7.0,4.0,-0.4548900095286528
12-02,14.545454545454545,18.611113230387367,1.7454528808593752,12.687809367024519,-18.308821332908483,3.37745219658488,-23.598971581192934,-12.001920351208542,8.750005821848756,4.361942737763202,-8.080286516547304,0.0,7.0,4.0,0.17410258317211547
12-03,13.919411513762745,20.810812872809333,1.7454528808593752,12.687809367024519,-14.779406020798222,0.9128286824843411,-25.208333126372768,-12.049929131422017,8.750005821848756,4.361942737763202,-6.536286350059233,0.0,7.0,4.0,0.3845257706583359
12-04,13.284134061973358,20.380435205136905,-1.0471229956700903,14.774620799016713,-14.779406020798222,1.6910372306970352,-25.208333126372768,-12.049929131422017,8.750005821848756,4.361942737763202,-6.896552401138872,0.0,6.0,5.0,0.2717360150861671
12-05,1.526723336759281,20.380435205136905,-1.0471229956700903,11.185302588612906,-11.249997720998941,1.732790984164049,-24.322916097525116,-10.45906805299234,8.750005821848756,4.361942737763202,-6.896552401138872,0.0,6.0,5.0,-0.5032047161700223
12-06,7.526883190618294,21.866668701171875,-1.0471229956700903,12.87519853149218,-12.910451829553057,0.5589144654053244,-18.697166159937318,-10.45906805299234,8.750005821848756,5.328432811302173,-6.896552401138872,0.0,6.0,5.0,0.5746451735455766
12-07,7.526883190618294,21.866668701171875,-1.0471229956700903,11.120065523036176,-20.46874880092219,-2.7924887381947796,-18.697166159937318,-11.074303102352756,8.750005821848756,5.328432811302173,-6.896552401138872,0.0,5.0,6.0,-0.5320271791865611
12-08,4.659495537043386,19.20000203450521,-1.0471229956700903,9.959185853296383,-19.53488784715779,-3.0405457962983067,-18.697166159937318,-11.074303102352756,8.750005821848756,5.328432811302173,-10.36132196896758,0.0,5.0,6.0,-1.3215188176989947
12-09,4.659495537043386,19.20000203450521,-1.0471229956700903,8.08333555857339,-21.03610952373324,0.19304541266527533,-18.697166159937318,-11.074303102352756,8.750005821848756,5.328432811302173,-9.54642120617675,0.0,6.0,5.0,-1.2655671509943307
12-10,7.913665165349966,18.548390818187944,-1.426430468549067,8.842980287316038,-20.015700443855305,1.3030818502055432,-18.697166159937318,-11.074303102352756,2.636483388851937,5.328432811302173,-9.54642120617675,0.0,6.0,5.0,-1.3489155883047992
12-11,7.913665165349966,18.548390818187944,-0.7457150082594881,9.256204991105609,-20.015700443855305,-0.048544799498294516,-32.17055119103151,-12.296649481972297,2.636483388851937,5.328432811302173,-10.864986670690609,0.0,5.0,6.0,-2.704914201709156
12-12,7.913665165349966,18.548390818187944,2.5252484593445956,8.512402100605529,-20.015700443855305,0.1467026187102966,-36.40000479561942,-10.343200790989192,2.636483388851937,5.328432811302173,-10.759499019164027,0.0,7.0,4.0,-2.6589233072729592
12-13,3.0303001841674915,20.722139536072127,6.709952197245726,7.692310119423055,-20.015700443855305,2.1084341098661534,-62.82401833344565,-10.343200790989192,2.5434291547216024,5.328432811302173,-10.759499019164027,0.0,7.0,4.0,-4.650618372887987
12-14,3.7593984423271913,20.722139536072127,6.709952197245726,6.78246223717951,-18.759814648827017,3.3217653632109045,-50.409584192586685,-9.967084561631767,2.5434291547216024,-0.5365883431783364,-10.759499019164027,0.0,6.0,5.0,-3.8827853195525637
12-15,3.7593984423271913,15.227628228519308,9.090904086714719,16.083393881827885,-18.759814648827017,2.840058313360184,-43.22621112883251,-9.967084561631767,1.0545969051968722,-0.5365883431783364,-10.759499019164027,0.0,6.0,5.0,-2.9327681536406245
12-16,0.3759412783294283,16.05456218091814,7.864352279319505,16.083393881827885,-9.55828859316469,3.9860450883158505,-43.22621112883251,-9.967084561631767,1.0545969051968722,2.3222737547838683,-13.574906760153226,0.0,7.0,4.0,-2.3821104729242206
12-17,1.1278238349882583,15.489277327484249,7.864352279319505,10.768009852369254,-9.55828859316469,0.14947075113614117,-49.46439498678585,-9.967084561631767,1.0545969051968722,-0.5365883431783364,-13.574906760153226,0.0,6.0,5.0,-3.887311024534966
12-18,4.014599988263528,15.489277327484249,7.864352279319505,12.193190403001015,-6.879071545252742,-1.0463427753586139,-49.46439498678585,-9.967084561631767,-1.4953843741359887,0.9756134777534299,-13.574906760153226,0.0,5.0,6.0,-3.4908459606247035
12-19,4.014599988263528,10.575857718124508,7.797833169383985,12.193190403001015,-6.879071545252742,0.8591899695497948,-42.65910241278404,-9.967084561631767,-1.4953843741359887,0.9756134777534299,-13.574906760153226,0.0,6.0,5.0,-3.1799387439901246
12-20,1.4981330129178219,12.132751055812987,7.797833169383985,10.768009852369254,-6.724514174303533,4.442392247603309,-42.65910241278404,-9.967084561631767,-2.0362691168763516,0.9756134777534299,-16.537177949695533,0.0,6.0,5.0,-3.3591179499542023
12-21,-1.1538432194636417,12.132751055812987,7.797833169383985,10.032897058698968,-6.724514174303533,8.344434135901267,-42.65910241278404,-9.967084561631767,-3.468024632530447,5.853662258241235,-16.537177949695533,0.0,5.0,6.0,-3.029014106030876
12-22,-1.1538432194636417,12.132751055812987,7.797833169383985,10.032897058698968,-1.7931050267712825,10.914584354343571,-42.65910241278404,-9.967084561631767,-0.24661477941253424,2.2784848756428007,-16.537177949695533,0.0,5.0,6.0,-2.43336478632304
12-23,1.9230769230769231,12.132751055812987,7.797833169383985,1.8834084783103662,-1.7931050267712825,12.640208225198132,-40.894774868259816,-9.967084561631767,-0.24661477941253424,2.2784848756428007,-21.73913043478261,0.0,6.0,5.0,-2.9987455786194013
12-24,-1.1538432194636417,12.132751055812987,7.797833169383985,3.1858460555313726,-1.7931050267712825,10.698876227721954,-35.833337685418705,-5.45368980934226,-0.24661477941253424,6.898216771603047,-21.73913043478261,0.0,5.0,6.0,-2.125516472928141
12-26,-0.3816735542334184,12.132751055812987,11.748443523796865,5.486724558353885,-0.8885858743951616,11.030354814151334,-35.833337685418705,-5.45368980934226,-0.24661477941253424,13.169317908927553,-21.73913043478261,0.0,5.0,6.0,-0.9146200230451718
12-27,2.011925903343474,12.132751055812987,11.748443523796865,1.8584073858614478,-0.8885858743951616,13.00043270458429,-35.833337685418705,-5.45368980934226,-0.24661477941253424,6.657014911915087,-21.73913043478261,0.0,6.0,5.0,-1.3960319248364261
12-28,-3.952569289153006,12.132751055812987,11.748443523796865,2.5915993988186883,-0.8885858743951616,12.775144506148587,-35.833337685418705,-5.45368980934226,-1.325525041242616,5.547513960080948,-23.52941176470588,0.0,5.0,6.0,-2.1823055849666293
12-29,-0.790516873401653,12.132751055812987,11.748443523796865,2.3234967377774947,1.926910021114551,15.190939365602862,-35.833337685418705,-5.45368980934226,-1.325525041242616,5.547513960080948,-29.151289694933315,0.0,6.0,5.0,-1.9736920366794033
12-30,-0.790516873401653,12.948853478986425,13.948784862129799,6.09965650520161,0.27027000903736476,14.393622812241885,-34.88095759804851,5.623369160833954,-1.4193122080788705,5.547513960080948,-29.151289694933315,0.0,7.0,4.0,-0.6175004654958641
12-31,6.488552341357738,5.875440500025663,13.948784862129799,8.535560839913355,0.27027000903736476,15.778431560721028,-50.098498341746264,5.623369160833954,-1.4193122080788705,5.547513960080948,-29.151289694933315,0.0,8.0,3.0,-1.5500980842215506
