,2009,2010,2011,2012,2013,2014,2015,2016,2017,2018,2019,2020,ups,downs,end_day_sum,avg
01-02,0.0200004577636701,-1.07999897003174,0.06000041961669922,-1.6900005340576136,0.3099994659423899,-1.4699993133544922,0.5200004577636719,-1.3900003433227557,-0.6999998092651367,-0.7900009155273438,1.7599983215332031,0.5100002288818359,6.0,6.0,02-01,-0.3283333778381343
01-03,-0.9300003051757795,-1.1599988937377912,-0.039999961853027344,-1.6300001144409162,-0.010000228881832385,-1.7199993133544922,0.3900003433227539,-1.1099996566772443,-0.35000038146972834,-0.31999969482421875,2.1099987030029297,0.36999988555908025,3.0,9.0,02-02,-0.3666666348775222
01-04,-1.4099998474121076,-0.8699989318847692,0.2700004577636719,-0.8400001525878888,-0.2600002288818324,-1.3900003433227557,0.1400003433227539,-1.2299995422363281,-0.6199998855590838,-0.25,2.039999008178711,0.4499998092651385,4.0,8.0,02-03,-0.3308332761128742
01-05,-1.4899997711181623,-0.8899993896484375,-0.010000228881834161,0.7999992370605487,0.3199996948242152,-1.5200004577636719,0.06000041961669922,-1.6400003433227557,-0.17999935150146307,-0.059999465942386365,1.310001373291012,-0.030000686645506036,4.0,8.0,02-04,-0.2774999141693118
01-06,-2.1300001144409215,-1.1299991607666087,-0.5900001525878924,0.9200000762939471,0.3000011444091726,-1.8600006103515643,0.5200004577636719,-1.5799999237060582,0.5700006484985369,0.09999847412109375,1.1200008392333949,-0.03999996185302379,6.0,6.0,02-05,-0.316666523615521
01-07,-2.180000305175783,-0.5900001525878942,0.0,0.8900003433227539,0.1700000762939453,-1.9400005340576136,0.010000228881837714,-1.680000305175783,0.06999969482422053,-0.39000129699706676,1.4899997711181605,0.18000030517577947,6.0,6.0,02-06,-0.3308335145314536
01-08,-2.1400003433227575,-0.9300003051757848,0.3299999237060529,0.8199996948242205,0.18999862670898793,-1.7899999618530291,0.7000007629394549,0.9600000381469709,0.019999504089357245,-0.8500003814697266,1.8999996185302734,0.5100002288818359,8.0,4.0,02-07,-0.023333549499512014
01-09,-1.690000534057619,-1.0699987411498988,0.4899997711181623,0.619999885559082,0.1800003051757848,-2.0900001525878906,0.7899999618530291,0.5100002288818359,0.21999931335449396,0.060001373291015625,1.8599987030029332,0.5699996948242188,9.0,3.0,02-08,0.03749998410542895
01-10,-1.0300006866455096,-1.1499996185302699,0.46000003814697266,0.8100004196166974,0.8699989318847727,-2.260000228881836,0.42000007629394354,-0.36999988555908203,-0.42999935150146484,0.2999992370605504,2.4699993133544957,0.7600002288818359,7.0,5.0,02-09,0.07083320617675885
01-11,-0.11999988555908203,-1.139999389648434,0.5200004577636701,0.560000419616701,1.6700000762939453,-1.0799999237060547,0.5099992752075178,-0.010000228881835938,-0.05999946594237926,-0.3700008392333949,1.939998626708988,0.07999992370605291,6.0,6.0,02-10,0.20833325386047452
01-12,-0.2899999618530291,-0.7200012207031214,0.5899991989135742,0.5700006484985352,0.6599998474121058,-0.8899993896484375,0.3599996566772443,-0.7200002670288086,-0.09000015258789062,-0.5300006866455043,1.6700000762939489,-0.35000038146972656,5.0,7.0,02-11,0.02166644732157419
01-13,-0.6999998092651367,-0.9699993133544922,0.6699991226196289,0.6700000762939489,0.7000007629394496,-1.0599994659423846,0.7300004959106428,-0.7899999618530273,-0.1599998474121076,0.019998550415039062,1.4500007629394567,-0.3000001907348615,6.0,6.0,02-12,0.02166676521301299
01-14,-0.20000076293945135,-1.3899993896484375,0.6499996185302734,0.6999998092651367,0.4500007629394496,-1.0500001907348633,0.2199993133544922,-1.3599996566772479,0.18999958038330078,0.23999977111816762,1.55999946594239,-0.1699991226196289,7.0,5.0,02-13,-0.013333400090534889
01-15,-1.1900005340576154,-1.1499996185302734,1.9100008010864258,0.7800006866455078,-0.27000045776366477,-1.4399995803833008,0.9399995803833008,-1.1000003814697266,0.4099998474121076,-0.0400009155273402,1.1200008392333949,0.6899995803833008,6.0,6.0,02-14,0.05499998728434304
01-16,-0.9900007247924787,-1.0900001525878906,2.0600004196166957,0.6400003433227539,-0.5600013732910156,-0.9099998474121094,0.6999998092651349,-1.2799997329711914,0.020000457763671875,0.2099990844726598,0.6599998474121129,0.25,7.0,5.0,02-15,-0.024166822433471385
01-17,-0.07000064849853338,-1.1300010681152344,1.9600000381469727,0.5900001525878906,-0.8800010681152344,-1.0699996948242205,0.8999996185302734,-1.189999580383299,0.18999958038330078,0.5300006866455078,0.5100002288818395,0.2600002288818377,7.0,5.0,02-16,0.049999872843425074
01-18,-0.07000064849853338,-1.180000305175783,1.6700000762939453,0.9099998474121076,-1.0100002288818324,-1.119999885559082,0.9700002670288104,-0.8400001525878906,0.17999935150146307,0.2700004577636719,-0.10000038146972301,0.569999694824217,6.0,6.0,02-17,0.02083317438761423
01-19,-0.07999992370605469,-0.9099998474121094,1.6099996566772443,0.5199995040893555,-0.7600002288818324,-1.0199995040893555,0.8500003814697248,-0.42000007629394354,0.5999994277954102,-0.14999961853027344,0.22999954223633523,0.36999988555908025,6.0,6.0,02-18,0.06999993324279845
01-20,0.11999988555908203,-0.5599994659423828,1.3599996566772443,0.37999916076660156,-0.9799995422363246,-0.869999885559082,0.6900005340576172,-0.5100002288818359,0.5199995040893555,-0.5200004577636719,-0.22999954223632457,0.42999935150146484,6.0,6.0,02-19,-0.014166752497354699
01-21,-0.06999969482422053,-0.3099994659423828,1.489999771118164,0.4099998474121076,-0.529998779296875,-0.9099998474121094,0.4400005340576172,-0.38000011444091797,0.7399997711181641,-0.6100006103515625,-0.2600002288818324,-0.05000019073486506,4.0,8.0,02-20,-0.003333250681559393
01-22,0.22000026702880682,0.07999992370605113,1.5600004196166992,0.5399999618530273,-0.029998779296875,-0.3600006103515643,0.0800008773803711,-0.7200002670288068,0.32999992370605646,-0.3500003814697301,-0.4799995422363246,-0.6499996185302734,6.0,6.0,02-21,0.018333514531453154
01-23,0.28999996185302734,0.4500007629394531,1.530000686645506,0.6599998474121076,0.2899990081787145,0.7600002288818342,0.1300001144409162,0.3000001907348633,0.5500001907348633,-0.39999961853027344,-0.28999900817871094,-0.6799993515014648,9.0,3.0,02-22,0.29916691780090304
01-24,0.3099994659423828,0.6000003814697266,1.3500003814697266,0.3599996566772461,0.13999938964843395,1.179999351501463,-0.0900001525878924,0.11999988555908203,0.5900001525878924,0.5100002288818395,-0.2999992370605433,-0.5100002288818359,9.0,3.0,02-23,0.35499993960062676
01-25,0.23999977111816584,0.370000839233402,0.9400005340576172,0.13000011444091797,0.10000038146972656,0.689999580383299,0.21000003814697088,0.5299997329711932,0.07999992370605646,0.47999954223633523,-1.1800003051757812,0.25,11.0,1.0,02-24,0.23666667938232525
01-26,-0.09000015258789062,0.4099998474121058,0.6900005340576154,0.18000030517578125,0.1700000762939453,0.7899999618530238,0.07999992370605291,0.18999958038330078,0.3099994659423828,0.2699985504150426,-1.4099998474121094,0.2899999618530291,10.0,2.0,02-25,0.15666651725768999
01-27,0.49000072479248047,0.8400001525878871,0.36000061035155895,0.18000030517578125,0.19999885559082742,0.6499996185302717,0.39999961853027344,0.38000011444091797,0.7699995040893555,0.3800010681152308,-1.1100006103515625,-0.4099998474121094,10.0,2.0,02-26,0.26083334287007603
01-28,-0.1900005340576154,0.9299993515014666,0.6199998855590803,0.21000003814697088,-0.12000083923339488,0.6399993896484375,0.5500001907348633,0.35000038146972834,0.0,0.6900005340576172,-1.1800003051757777,-1.2899999618530273,7.0,5.0,02-27,0.10083317756652906
01-29,0.25,1.0099992752075178,0.6999998092651367,0.1300001144409162,0.4800014495849574,1.5500001907348633,0.5200004577636719,0.06999969482421697,0.48999977111816406,1.3000011444091797,-1.2700004577636754,-1.7899999618530291,10.0,2.0,02-28,0.2866667906443266
01-30,0.7299995422363281,0.8600006103515696,0.880000114440918,0.22000026702880682,0.6300010681152308,1.1500005722045898,0.7700004577636719,0.39999961853027344,1.0399999618530291,0.8400001525878871,-1.0099983215332031,-1.9099998474121112,10.0,2.0,02-29,0.38333368301391585
01-31,0.3400001525878906,0.6900005340576243,0.8900003433227539,0.5599994659423828,0.8100013732910156,1.280000686645506,0.6700000762939453,0.6299991607666016,0.7400007247924822,1.2700004577636719,-0.9200000762939453,-1.4299993515014666,10.0,2.0,03-01,0.46083362897237184
02-01,0.8299999237060547,1.3699989318847692,0.35000038146972656,0.22000026702880682,0.8299999237060582,1.6600008010864258,1.0100002288818342,0.7399997711181641,-0.6800003051757812,1.220001220703125,-0.7299995422363281,-1.5799999237060565,9.0,3.0,03-02,0.4366668065388999
02-02,0.38000011444091797,0.75,0.8900003433227539,0.4399995803833008,0.6200008392333949,1.3400001525878924,0.9700002670288068,0.9400005340576207,-0.6999998092651367,1.7100009918212855,-0.8999996185302734,-1.5100002288818377,9.0,3.0,03-03,0.4108335971832271
02-03,0.9700002670288104,1.029998779296875,0.6500005722045916,0.5100002288818342,0.7200012207031214,1.0,0.3499994277954137,1.2399997711181658,-0.6499996185302734,2.159999847412113,-0.6399993896484375,-1.3200006484985352,9.0,3.0,03-04,0.50166670481364
02-04,1.5000000000000018,1.6499986648559535,0.49000072479248225,0.9099998474121094,1.610000610351559,1.4200000762939418,1.319999694824217,1.4399995803833008,-0.12999916076660156,3.1700000762939453,-0.9399986267089879,-1.880000114440918,9.0,3.0,03-05,0.880000114440917
02-05,1.2100000381469744,1.7299995422363246,0.6700000762939453,0.8599996566772461,1.989999771118164,1.260000228881836,1.3999996185302734,2.3199996948242188,-0.23999977111816584,2.809999465942383,-1.2199993133544922,-2.0399999618530273,9.0,3.0,03-06,0.8958332538604733
02-06,0.2999992370605469,0.9899997711181641,0.5799999237060547,0.8599996566772461,-0.5399990081787145,0.8400001525878906,1.3100004196166992,1.5200004577636719,-0.6499996185302734,3.0399990081787145,-0.3199996948242223,-1.8100004196166974,8.0,4.0,03-07,0.5099999904632567
02-07,-0.34000015258788885,1.0,0.5399999618530273,0.75,-0.029998779296875,0.6499996185302734,1.8400001525878906,1.9000005722045898,-0.3600006103515643,2.7600002288818324,-0.18000030517578125,-1.380000114440918,7.0,5.0,03-08,0.5958333810170489
02-08,-0.5600004196166974,1.0599994659423828,0.11999988555908558,1.8999996185302717,-0.06999969482421875,0.5999994277954137,2.1800003051757777,2.260000228881836,-0.46000003814697443,3.110000610351566,0.03999900817871094,-2.4400005340576207,8.0,4.0,03-09,0.6449998219807944
02-09,-0.6999998092651332,1.090000152587887,0.8700008392333984,1.8500003814697266,0.31999969482421875,0.6999998092651385,2.1599998474121094,2.5699996948242188,-0.8899993896484375,2.8899993896484375,-0.149999618530277,-2.3600006103515643,8.0,4.0,03-10,0.695833365122477
02-10,0.5699996948242205,2.1800003051757812,-0.4700002670288086,1.7699995040893555,0.9799995422363281,0.5299997329711932,1.8699998855590838,2.880000114440918,-1.1099996566772443,1.2299995422363281,-1.2099990844726598,-3.3800001144409215,8.0,4.0,03-11,0.48666659990946454
02-11,0.6199998855590803,2.220001220703125,-0.6199998855590785,2.119999885559082,0.5599994659423828,-0.6099996566772461,2.4500007629394496,2.7899999618530256,-0.8300008773803711,2.1400012969970703,-0.3299999237060547,-3.9900007247924787,7.0,5.0,03-12,0.5433334509531655
02-12,0.6199998855590803,2.2700004577636737,-0.4099998474121094,2.4700002670288086,0.19000053405761363,-0.75,2.3800001144409126,2.440000534057617,-0.75,2.229999542236328,0.5,-5.300000190734863,8.0,4.0,03-13,0.49083344141642177
02-13,0.6299991607666016,2.509998321533203,-0.09000015258789062,2.6899995803833043,0.6300010681152344,-0.8500003814697266,2.4999999999999982,2.260000228881834,-0.8300008773803711,1.8199996948242152,0.5900001525878871,-5.100000381469727,8.0,4.0,03-14,0.5633330345153803
02-14,0.7299995422363281,2.539999008178711,-0.6700000762939453,2.969999313354492,0.8500003814697266,-1.0,2.75,2.52000045776367,-0.9499998092651349,1.3299999237060547,1.0499992370605469,-5.159999847412111,8.0,4.0,03-15,0.5799998442331948
02-15,1.0799999237060547,2.799999237060547,0.06999969482421697,2.490000724792477,0.399999618530277,-0.8100004196166992,2.7999992370605504,2.489999771118166,-0.9199991226196289,1.4200000762939453,1.0799999237060547,-5.40000057220459,9.0,3.0,03-16,0.6249998410542809
02-16,1.0999994277954102,2.8199996948242188,-0.5799999237060547,2.360000610351557,-0.14999961853026988,-0.9300003051757795,2.729999542236328,2.1599998474121076,-0.5099992752075213,1.159999847412113,1.1499996185302734,-4.239999771118164,7.0,5.0,03-17,0.5891666412353516
02-17,1.4799995422363281,2.799999237060547,-0.5500001907348615,2.240000724792477,-0.5600013732910121,-0.9300003051757795,2.559999465942383,2.0,-0.7299995422363281,1.2199993133544922,0.9300003051757812,-5.800000190734863,7.0,5.0,03-18,0.38833308219909696
02-18,1.8500003814697266,2.299999237060547,-0.36999988555908203,2.4500007629394496,-0.7900009155273402,-0.8900003433227521,2.5200004577636754,1.9099998474121094,-1.0699996948242205,1.1499996185302734,0.8999996185302734,-5.539999961853027,7.0,5.0,03-19,0.3683332602183027
02-19,1.7000007629394531,2.1499996185302734,-0.2399997711181623,2.1900005340576136,-1.4600009918212855,-1.0100002288818342,2.5800008773803746,2.0900001525878906,-1.2799997329711932,1.2299995422363281,0.8699989318847621,-6.180000305175781,7.0,5.0,03-20,0.21999994913736995
02-20,1.77000045776367,2.459999084472649,-0.40000057220458984,2.2900009155273438,-1.1700000762939453,-0.8900003433227539,2.2800006866455114,2.02000045776367,-1.5699996948242205,1.4699993133544922,0.5200004577636683,-6.930000305175781,7.0,5.0,03-21,0.15416669845580952
02-21,2.1700000762939453,2.2599983215331996,-0.2399997711181623,2.5500011444091832,-1.1300010681152308,-0.9900007247924787,2.419999122619629,2.329999923706053,-1.9299993515014648,1.2700004577636648,0.7800006866455043,-6.97000026702881,7.0,5.0,03-22,0.20999987920125265
02-22,1.739999771118164,2.5699996948242116,-0.06000041961669744,2.6599998474121094,-1.159999847412113,-1.0,2.4399995803833043,1.9899997711181658,-1.5699996948242188,1.2199993133544922,0.4800014495849574,-4.930000305175783,7.0,5.0,03-23,0.3649999300638827
02-23,2.619999885559082,2.8999996185302734,0.26999950408935547,2.5900001525878906,-1.2600002288818324,-0.8500003814697266,2.339999198913574,1.8100004196166992,-0.8900003433227539,0.9099998474121058,0.4400005340576101,-5.3600006103515625,8.0,4.0,03-24,0.45999979972839294
02-24,1.989999771118164,2.0799999237060547,0.28999996185302557,2.6700000762939453,-1.5699996948242188,-0.9899997711181623,2.020000457763672,1.7899999618530273,-1.380000114440918,-0.21000099182128906,0.11000061035155895,-6.350000381469727,7.0,5.0,03-25,0.037499984105427764
02-25,2.2200002670288086,1.9399986267089808,0.10999965667724432,2.9099998474121094,-1.7299995422363281,-1.4799995422363281,1.9399995803833008,1.5799999237060547,-1.9499998092651385,-0.12000083923339844,1.060001373291012,-5.299999237060547,7.0,5.0,03-26,0.09833335876464755
02-26,2.689999580383301,2.109998703002926,0.21999931335449396,2.879999160766598,-2.310001373291012,-2.450000762939455,2.119999885559082,1.3500003814697266,-1.9499998092651385,0.23999977111816406,1.6900005340576207,-4.409999847412106,8.0,4.0,03-27,0.18166629473368343
02-27,2.1999998092651367,1.7900009155273438,0.14999961853027344,3.4099998474121094,-2.6400012969970703,-2.4900007247924822,1.7799997329711932,1.1000003814697266,-1.810000419616701,0.3100013732910192,1.8899993896484375,-4.249999999999998,8.0,4.0,03-28,0.11999988555908232
02-28,3.5199995040893555,1.7100009918212926,-0.050000190734861505,2.8600006103515625,-2.3000011444091797,-2.170000076293949,1.9899997711181658,1.0599994659423864,-1.8600006103515625,0.26000022888183594,1.6900005340576172,-4.319999694824217,7.0,5.0,03-29,0.1991666158040372
02-29,0.0,0.0,0.0,2.6500005722045863,0.0,0.0,0.0,1.0499992370605504,0.0,0.0,0.0,-4.4499998092651385,2.0,1.0,03-30,-0.06250000000000015
03-01,3.5299997329711914,1.230001449584961,0.5599994659423828,2.4500007629394496,-2.4000015258789062,-2.0699996948242188,1.7600002288818342,1.199999809265135,-0.010000228881835938,0.2700004577636683,1.4300003051757812,-4.929999351501467,8.0,4.0,03-31,0.25166678428649797
03-02,3.0099992752075213,1.3699989318847656,0.7899990081787109,2.500000953674313,-3.2000007629394567,-1.8699998855590803,2.209999084472658,1.1000013351440465,-0.7300004959106445,-0.7399997711181641,1.5499992370605504,-4.920000076293949,7.0,5.0,04-01,0.08916640281677261
03-03,2.5799999237060547,1.360000610351566,0.6399993896484375,2.7600011825561523,-2.969999313354492,-1.9499998092651367,2.260000228881834,1.5400009155273473,-0.6199998855590803,-0.25,1.8099994659423864,-4.630000114440917,7.0,5.0,04-02,0.2108335494995127
03-04,2.6700000762939435,2.0900001525878906,0.7299995422363281,2.500000953674313,-3.210000991821289,-2.1199998855590803,1.119999885559082,1.1600008010864293,-0.21000003814697266,0.020000457763671875,1.75,-5.849999904632568,8.0,4.0,04-03,0.05416675408681234
03-05,3.4799995422363263,2.0799999237060547,0.5200004577636737,2.6199998855590856,-3.70999908447266,-1.7799997329711932,0.7399997711181641,0.9300003051757812,-0.5100002288818342,-0.15999984741210938,1.2899990081787074,-4.839999675750731,7.0,5.0,04-04,0.05500002702077215
03-06,3.699999809265135,1.720001220703125,0.4700002670288086,2.9999990463256836,-1.6700000762939453,-1.5599994659423864,0.399999618530277,0.8700008392333984,-0.7299995422363281,-0.11999893188476918,0.5200004577636719,-4.919999599456787,7.0,5.0,04-05,0.14000030358632362
03-07,4.489999771118162,1.6599998474121094,0.38000011444091797,2.089999198913574,-1.8099994659423828,-1.6599998474121112,0.26000022888183594,0.6499996185302734,-1.2399997711181623,0.3800010681152344,0.6000003814697266,-4.130000114440916,8.0,4.0,04-06,0.13916675249735513
03-08,4.309999465942381,2.1800003051757812,1.2799997329711896,1.8799991607666016,-2.469999313354492,-1.3999996185302734,0.3600006103515625,0.1399993896484375,-1.510000228881836,2.3200016021728516,1.6599998474121094,-4.1700000762939435,8.0,4.0,04-07,0.38166673978169746
03-09,3.939999580383299,1.5500011444091797,0.5299997329711914,1.529998779296875,-1.6700000762939453,-1.5299997329711932,0.6000003814697266,0.0,-1.3999996185302734,1.4099998474121094,1.7100009918212855,-2.7399997711181623,7.0,5.0,04-08,0.32750010490417436
03-10,2.4300003051757795,0.4399986267089879,0.4200000762939453,0.9500007629394496,-1.5100002288818324,-2.529999732971193,0.25,-0.23999977111816406,-1.4800004959106445,1.6200008392333984,1.7600002288818324,-1.6099996566772479,7.0,5.0,04-09,0.04166674613952592
03-11,2.310000419616699,-0.0699996948242152,0.10000038146972656,0.8700008392333913,-1.279998779296875,-1.3700008392333984,0.11999893188476918,-0.5,-1.179999351501463,1.4100017547607422,1.1800003051757777,-0.6999998092651367,6.0,6.0,04-10,0.07416701316833481
03-12,2.010000228881836,-0.10000038146972301,0.6200008392333984,0.5200004577636683,-1.4099998474121094,-0.9799995422363281,0.029998779296875,-1.2199993133544957,-0.8999996185302734,1.4500007629394496,0.30999946594238637,0.020000457763671875,7.0,5.0,04-11,0.02916685740152965
03-13,1.6599998474121094,-1.5499992370605469,0.5,-0.279998779296875,-1.370000839233402,-1.1299991607666016,-0.020000457763675428,-1.389999389648441,-0.9099998474121076,1.9600009918212926,0.9099998474121129,-1.140000343322754,4.0,8.0,04-12,-0.22999978065490737
03-14,2.15000057220459,-1.2299995422363281,0.38000011444091797,-0.22999954223632457,-1.3200016021728551,-1.0099992752075213,0.20000076293945312,-1.519999504089359,-0.7899999618530291,1.8299999237060547,1.0599994659423864,0.8299999237060547,6.0,6.0,04-13,0.02916677792866995
03-15,3.619999885559082,-0.9799995422363281,-0.11999988555908025,-0.2399997711181605,-0.9099998474121129,-1.3999996185302752,0.39999961853027344,-1.0799999237060547,-0.8200006484985352,1.8400001525878906,1.2799987792968786,1.0900001525878906,5.0,7.0,04-14,0.22333327929178903
03-16,3.700000762939453,-0.6700000762939453,0.439999580383299,0.020000457763675428,-0.23999977111816406,-1.7799997329711932,0.6499996185302734,-0.5399999618530273,-0.7600002288818359,1.9099998474121094,0.8400001525878906,0.3599996566772461,7.0,5.0,04-15,0.3275000254313151
03-17,2.9099998474121094,-0.7000007629394531,0.7199993133544886,0.1700000762939453,-0.7600002288818324,-1.8299999237060565,0.4500007629394531,-0.880000114440918,-0.5500001907348633,1.8500003814697266,0.5100002288818395,0.7200002670288086,7.0,5.0,04-16,0.21749997138977065
03-18,2.3799991607666016,-0.7800006866455043,0.8800001144409162,0.31999969482421875,-0.9899997711181641,-1.5299997329711932,0.5399990081787074,-1.1899995803833008,-0.36999988555908203,2.1700000762939453,1.0300006866455078,0.7200002670288068,7.0,5.0,04-17,0.26499994595845494
03-19,2.309999465942383,-0.5799999237060547,0.5,0.6899986267089844,-0.05999946594238281,-1.6499996185302734,0.5300006866455078,-0.5899991989135795,-0.6999998092651349,2.029998779296875,1.3000011444091832,-0.619999885559082,6.0,6.0,04-18,0.26333340009053546
03-20,2.739999771118164,-1.0,0.8900003433227521,0.5799999237060547,-0.6199989318847692,-1.5,0.5100002288818324,-0.6799993515014684,-0.5799999237060547,1.9200000762939489,1.5799999237060582,-0.18999958038330256,6.0,6.0,04-19,0.3041668732961013
03-21,2.7300004959106445,-1.360000610351559,0.7299995422363263,0.8799991607666016,-0.19999885559082742,-1.6499996185302734,0.4200000762939453,-0.5399990081787145,-0.47000026702881037,1.4699993133544957,1.6900005340576207,1.109999656677246,7.0,5.0,04-20,0.4008333683013913
03-22,3.4899997711181623,-1.4500007629394496,0.5200004577636701,0.5499992370605469,0.11000061035155895,-1.550000190734865,-0.01000022888183949,-0.5799999237060547,-0.7100000381469727,1.9799995422363281,2.020000457763672,1.489999771118164,7.0,5.0,04-21,0.4883332252502434
03-23,2.5600004196166974,-1.6700000762939418,0.3900003433227557,0.5799999237060582,-0.1700000762939453,-1.810000419616701,-0.049999237060546875,-0.41000080108642756,-0.6900005340576172,1.8899993896484375,1.8400001525878906,0.75,6.0,6.0,04-22,0.26749992370605497
03-24,3.22999954223633,-0.9899997711181641,0.2700004577636701,-0.15999984741210938,0.030000686645507812,-1.820000648498537,-0.0699996948242223,-0.36999988555908736,-0.6900005340576172,1.2700004577636719,1.5099983215332031,0.19999980926513494,6.0,6.0,04-23,0.20083324114481504
03-25,3.3000001907348633,-1.3500003814697266,0.3400001525878906,-0.1100006103515625,0.10000038146972301,-1.5699996948242188,0.1800003051757777,-0.3599996566772514,-0.189999580383299,0.6599998474121094,1.2599983215332031,-1.8300004005432147,6.0,6.0,04-24,0.03583323955535785
03-26,2.4300003051757812,-1.2700004577636754,0.7899999618530256,0.21000099182128906,0.13000106811523793,-1.2599992752075178,0.010000228881832385,-0.5399990081787145,0.060000419616700995,0.6599998474121094,1.1300010681152344,-1.8899998664855957,8.0,4.0,04-25,0.03833377361297563
03-27,2.4200000762939453,-0.4099998474121094,0.7100000381469709,-0.04000091552734375,0.1400012969970703,-1.0199995040893555,0.23999977111816406,-0.4099998474121129,0.23000049591064275,1.3999996185302734,1.2800006866455078,-1.4100003242492676,7.0,5.0,04-26,0.2608334620793655
03-28,2.6900005340576154,-0.6400012969970668,0.6099996566772443,0.6000003814697301,-0.09000015258789418,-1.219999313354494,-0.03999900817871094,-0.9799995422363317,-0.029999732971191406,1.4099998474121094,1.460000991821289,-1.1599998474121076,5.0,7.0,04-27,0.2175002098083493
03-29,3.280000686645506,-0.7700004577636719,0.02999973297118963,0.3400001525878906,0.1500015258789027,-0.9200000762939435,0.010000228881835938,-1.3699998855590838,-0.13000011444091975,1.1399993896484375,1.2000007629394531,-1.319999694824217,7.0,5.0,04-28,0.13666685422261496
03-30,2.850000381469725,-1.5499992370605469,-0.39999961853027344,0.6000003814697301,0.5100002288818324,-0.9899997711181641,-0.39999961853027344,-1.7700004577636754,-0.13000011444091975,1.3199996948242188,0.9799995422363317,-0.3599996566772443,5.0,7.0,04-29,0.0550001462300617
03-31,2.710000038146971,-1.4099998474121094,-0.15000057220459162,0.9300003051757777,0.5,-0.8099994659423846,-0.4799995422363281,-1.8999996185302734,0.17000007629394176,1.8999996185302734,1.1499996185302805,0.17000007629394442,7.0,5.0,04-30,0.23166672388712514
04-01,1.9900007247924822,-1.3499984741210938,-0.10000038146972656,1.1200008392333949,0.6600017547607422,-0.8400001525878906,-0.9499998092651385,-1.8400001525878906,0.09999942779541016,1.4400005340576136,1.8599987030029297,1.3899998664855975,7.0,5.0,05-01,0.29000024000803587
04-02,1.3400001525878906,-1.8699989318847656,0.06999969482422053,0.7000007629394496,0.6100006103515625,-1.1599998474121076,-1.050000190734865,-1.789999008178711,0.2799997329711914,0.9300003051757812,2.0600013732910227,1.6199998855590838,8.0,4.0,05-02,0.14500037829081278
04-03,1.5200004577636719,-2.0,-0.18999958038330078,0.26000022888183594,0.12999916076660156,-1.25,-1.2899999618530291,-2.0799989700317383,0.14999961853027344,-0.010000228881832385,1.9799995422363281,1.6599998474121112,6.0,6.0,05-03,-0.09333332379658987
04-04,2.109999656677248,-2.1700000762939418,-0.28999996185302734,3.6299991607666016,-0.25,-1.1199998855590803,-1.3500003814697266,-1.7699995040893555,0.9399995803833008,-0.6100006103515625,1.0499992370605469,-0.23000049591064364,4.0,8.0,05-04,-0.005000273386636704
04-05,1.7600002288818342,-1.8500003814697301,-0.5699996948242188,3.70999908447266,-0.4099998474121129,-0.1900005340576154,-1.310000419616701,-1.5499992370605469,0.9800004959106445,-0.9099998474121094,1.0,-0.43000030517578125,4.0,8.0,05-05,0.019166628519693567
04-06,2.2399997711181623,-2.0,-0.38000011444091797,4.059999465942383,-0.5,-0.18000030517577947,-0.75,-1.4700002670288086,0.7600002288818342,-0.7000007629394531,1.8000011444091797,-0.7300004959106436,4.0,8.0,05-06,0.179166555404663
04-07,3.5,-2.159999847412113,-0.32000064849853516,3.309999465942383,-0.36000061035155895,-0.4099998474121076,-0.649999618530277,-0.7200002670288086,0.48000049591064453,-0.5300006866455043,1.8800010681152344,-1.7200002670288086,4.0,8.0,05-07,0.19166660308837905
04-08,3.0199995040893572,-0.970001220703125,-0.19999980926513672,3.1800003051757812,-0.20000076293945312,-0.7299995422363281,-0.6299991607666016,-0.5500001907348633,0.2899999618530238,-0.9699993133544922,1.2800006866455078,-1.9400000572204599,4.0,8.0,05-08,0.1316667000452675
04-09,1.550000190734865,-1.2900009155273438,-1.0,3.1100006103515625,0.2800006866455078,-0.8400001525878924,-0.7800006866455078,-0.6899995803833008,0.6300001144409144,-1.350000381469723,1.039999008178711,-2.200000286102296,5.0,7.0,05-09,-0.12833344936370858
04-10,1.469999313354494,-1.8900012969970739,-1.2100000381469727,3.5399990081787145,-0.01999855041503551,-0.4499998092651385,-0.9799995422363281,-0.5299997329711914,0.6500005722045863,-1.5500011444091797,0.860000610351559,-1.4699997901916513,4.0,8.0,05-10,-0.13166670004526812
04-11,-0.12000083923339844,-2.2100000381469727,-1.2200002670288068,3.4499988555908203,-0.45999908447265625,-0.06999969482422053,-1.1700000762939453,-0.38000011444091797,0.19999980926513672,-1.1300010681152344,1.3299999237060547,-1.349999427795411,3.0,9.0,05-11,-0.26083350181579595
04-12,0.06999969482421875,-1.6700000762939453,-1.189999580383299,3.1999988555908203,0.06000137329101207,0.21000003814697266,-1.3599987030029261,-0.7699995040893555,0.7799997329711914,-1.1500015258789062,1.6599998474121058,-0.8099994659423846,6.0,6.0,05-12,-0.08083327611287465
04-13,0.7899999618530273,-2.25,-1.2100000381469709,3.049999237060547,0.4099998474121094,0.5500001907348633,-1.4499988555908203,-1.8400001525878906,1.1099996566772443,-1.470001220703125,0.6700000762939453,-0.9499998092651358,6.0,6.0,05-13,-0.2158334255218505
04-14,0.9600000381469709,-2.269998550415039,-0.9900007247924822,2.5500011444091797,0.5900001525878906,0.6500005722045898,-1.3100013732910156,-2.100000381469725,0.9899997711181641,-1.5199985504150426,0.010000228881835938,-1.8700003623962393,6.0,6.0,05-14,-0.35916650295257607
04-15,0.1300001144409162,-2.159999847412106,-1.3800010681152344,2.3299999237060547,0.46000099182128906,0.5100002288818377,-1.0399990081787074,-2.010000228881836,0.27999973297118963,-0.9899997711181605,-1.3400001525878942,-0.9400000572204599,5.0,7.0,05-15,-0.5124999284744259
04-16,-0.7400007247924822,-1.7999992370605469,-0.8900003433227539,2.1599998474121094,0.6599998474121058,0.5900001525878906,-0.8499984741210902,-2.0900001525878924,0.10999965667724787,-0.6599998474121129,-1.489999771118164,-1.2499995231628445,4.0,8.0,05-16,-0.5208332141240445
04-17,-1.5,-1.9699993133544922,-1.1800003051757812,1.9499988555908168,1.0399990081787145,0.8500003814697266,-0.4199981689453054,-2.1600008010864276,-0.25,-0.12000083923339844,-2.8100013732910156,-1.6299996376037624,3.0,9.0,05-17,-0.6833335161209103
04-18,-0.4400005340576154,-2.210000038146971,-1.2699995040893555,1.5200004577636719,1.4799995422363281,0.8600006103515625,-1.010000228881836,-1.8700008392333984,-0.21000003814697266,0.9900016784667969,-2.479999542236328,-0.9299998283386222,4.0,8.0,05-18,-0.4641665220260616
04-19,-0.5799999237060529,-2.239999771118164,-1.2799997329711914,1.7299995422363281,1.279998779296875,0.5200004577636719,-0.9099998474121094,-2.060000419616701,-2.109999656677246,1.25,-2.229999542236328,-0.46000003814697266,4.0,8.0,05-19,-0.5908333460489908
04-20,-0.17000007629394354,-2.369999885559082,-1.4200000762939453,1.6800003051757812,1.1199989318847727,0.8300008773803711,-0.9200000762939453,-2.5599994659423793,-2.7500000000000018,1.8600006103515625,-2.1599998474121094,0.26000022888183594,5.0,7.0,05-20,-0.5499998728434236
04-21,-0.8699998855590856,-2.789999961853029,-1.3400001525878906,0.4499988555908203,1.3599987030029332,0.9900007247924787,-1.1900005340576136,-2.380000114440916,-3.0000000000000018,2.25,-2.2099990844726562,0.3199996948242223,5.0,7.0,05-21,-0.7008334795633949
04-22,-1.2700004577636719,-3.1700010299682635,-1.239999771118164,0.529998779296875,1.5199985504150426,0.22999954223632812,-0.3199996948242152,-2.5099992752075178,-3.340000152587889,2.420000076293949,-2.25,1.7300000190734863,5.0,7.0,05-22,-0.6391669511795034
04-23,-1.0200004577636719,-2.939999580383306,-1.2899999618530273,2.4599990844726527,1.7999992370605469,-0.5,-0.48999977111816406,0.5100002288818359,-3.3699998855590803,2.0900001525878906,-2.5500011444091797,1.4700002670288086,5.0,7.0,05-23,-0.31916681925455787
04-24,-1.6100006103515625,-3.0900001525878906,-2.3899993896484375,2.3200016021728516,1.8699989318847692,-0.719999313354494,-0.5399990081787109,0.6700000762939453,-3.079999923706053,1.2299995422363281,-4.65000152587891,1.630000114440918,5.0,7.0,05-24,-0.6966666380564371
04-25,-1.1800003051757812,-2.9099998474121094,-2.3899993896484375,2.25,1.5100002288818395,-0.6499996185302734,-0.12999916076660156,0.39000034332275213,-2.890000343322752,1.3600006103515625,-4.370000839233402,0.6700000762939453,5.0,7.0,05-25,-0.6949998537699381
04-26,-1.5799999237060547,-2.780000686645508,-1.949999809265135,1.8000011444091797,1.5200004577636719,-0.8299999237060529,-0.2700004577636719,0.3400001525878924,-2.8800001144409144,0.7800006866455078,-4.540000915527351,1.1800003051757812,5.0,7.0,05-26,-0.7674999237060546
04-27,-1.5799999237060547,-1.890000343322754,-2.719999313354492,1.6100006103515625,1.3599987030029297,-0.6599998474121076,-0.2700004577636719,0.5899991989135724,-2.590000152587889,1.2399997711181676,-5.25,1.1800003051757812,5.0,7.0,05-27,-0.7483334541320796
04-28,-0.4700002670288068,-4.290000915527342,-2.7999992370605487,2.030000686645508,0.9799995422363281,-0.5600004196166974,-0.4099998474121129,0.7599992752075178,-2.77000045776367,1.75,-5.510000228881832,1.4099998474121112,5.0,7.0,05-28,-0.8233335018157955
04-29,-0.2700004577636719,-4.159999847412108,-2.5399999618530273,1.5900001525878906,0.889999389648441,-0.5500001907348633,0.17999935150146662,1.049999237060545,-2.640000343322752,2.1399993896484375,-5.2699985504150355,1.8900003433227521,6.0,6.0,05-29,-0.6408334573109937
04-30,-0.48999977111816584,-3.989999771118166,-2.439999580383301,1.9799995422363281,0.5,-0.75,0.23999977111816406,0.7399997711181623,-2.5399999618530273,2.2899990081787074,-4.89000129699707,2.3500003814697257,6.0,6.0,05-30,-0.5833334922790535
05-01,-0.14000034332275213,-4.3099994659423775,-2.359999656677246,2.260000228881836,0.6200008392333984,-0.6799993515014648,0.1999998092651385,0.8000001907348633,-2.4600000381469727,2.279998779296875,-6.119998931884766,2.5500001907348633,6.0,6.0,05-31,-0.6133331457773837
05-02,-0.439999580383299,-4.289999008178707,-2.390000343322752,-1.279998779296875,0.4799995422363281,-0.6899995803833008,-0.38999938964843395,1.0299997329711914,-2.579999923706053,2.2700004577636683,-6.340000152587891,2.0900001525878897,4.0,8.0,06-01,-1.0441664059956863
05-03,-0.13999938964843572,-4.0299987792968714,-2.25,-0.529998779296875,0.3400001525878871,-0.4200000762939453,-0.13999938964843395,1.1400003433227557,-2.560000419616699,2.060001373291012,-6.420000076293945,1.7100000381469718,4.0,8.0,06-02,-0.9366662502288815
05-04,0.4499998092651385,-4.010001182556152,-2.810000419616699,-0.39999961853027344,0.5900001525878942,-0.5400009155273438,-0.2800006866455078,1.0200004577636737,-2.3599996566772443,2.5,-5.80000114440918,2.4400005340576163,5.0,7.0,06-03,-0.7666668891906733
05-05,-0.15999984741210938,-3.719999313354492,-1.890000343322754,-0.6400012969970668,0.6200008392333984,-0.6500005722045898,-0.20000076293944957,1.2899999618530291,-2.699999809265135,2.470001220703125,-6.120000839233398,3.0500001907348633,4.0,8.0,06-04,-0.7208333810170483
05-06,-0.3400001525878924,-3.369998931884762,-1.6800003051757812,-1.3900012969970668,0.5,-0.28999996185302734,-0.20000076293945312,1.1300001144409197,-2.600000381469725,2.8299999237060582,-5.600000381469727,4.370000362396243,4.0,8.0,06-05,-0.5533334811528511
05-07,1.25,-3.0500001907348633,-1.7599992752075213,-1.220001220703125,0.5099983215332031,-0.1599998474121076,-0.26000022888183594,1.2300004959106463,-2.9900007247924787,3.8199996948242223,-4.189998626708984,4.250000000000003,5.0,7.0,06-06,-0.21416680018107015
05-08,1.0599994659423828,-3.7300004959106445,-1.7699995040893555,-0.8500003814697301,0.10999870300293324,-0.3899993896484375,-0.07000160217285512,1.3600006103515625,-2.9800004959106428,4.120000839233398,-4.379999160766602,3.710000038146976,5.0,7.0,06-07,-0.3175001144409178
05-09,0.11999988555908025,-4.210000038146971,-1.7699995040893555,-0.6299991607666016,-0.010000228881832385,-0.7299995422363281,0.45999908447265625,1.0799999237060547,-2.8599996566772443,3.8700008392333984,-3.9099998474121094,4.380000114440917,5.0,7.0,06-08,-0.35083317756652793
05-10,0.0,-4.390000343322754,-1.800000190734865,-0.5,-0.19000053405761363,-0.9700002670288086,0.11999893188476918,1.630000114440918,-3.3000001907348633,4.059999465942386,-3.25,5.0299997329711905,4.0,8.0,06-09,-0.29666694005330335
05-11,-0.28999996185302734,-4.030000686645506,-1.989999771118164,-0.279998779296875,0.0999984741210902,-1.0600004196166992,0.15999984741210938,2.259999275207516,-2.590000152587889,3.5300006866455043,-2.860000610351559,5.110000610351562,5.0,7.0,06-10,-0.16166679064432818
05-12,0.0,-3.820000648498535,-2.3199996948242188,-0.6799983978271484,0.279998779296875,-0.75,0.23000144958496094,2.1999988555908185,-2.420000076293947,3.1100006103515625,-2.9400005340576136,5.05999994277954,5.0,7.0,06-11,-0.1708333094914755
05-13,0.8500003814697283,-3.560000419616699,-2.0299997329711914,0.13000106811523793,-0.0400009155273473,-0.560000419616701,0.35999870300292613,2.2699995040893537,-1.8999996185302734,3.0500011444091832,-3.6800003051757777,4.389999866485598,6.0,6.0,06-12,-0.0600000619888302
05-14,0.7200002670288086,-3.3199996948242205,-1.7200002670288086,-0.4799995422363281,-0.8099994659423793,-0.5799999237060547,0.9899997711181641,1.8100004196166992,-1.5900001525878906,3.579999923706062,-3.659999847412106,4.429999828338622,5.0,7.0,06-13,-0.05249989032745265
05-15,0.8599996566772461,-2.8199996948242205,-1.920000076293947,-0.3299999237060547,-0.8999996185302734,-0.23999977111816406,0.8899993896484375,1.3600006103515625,-1.5299997329711896,2.8700008392333984,-3.3799991607666016,3.9600000381469727,5.0,7.0,06-14,-0.09833312034606949
05-16,0.06999969482421875,-2.239999771118164,-1.920000076293947,-0.6599998474121094,-0.8099994659423864,-0.5500001907348633,1.0699996948242223,1.1300001144409197,-1.369999885559082,1.6699981689453125,-3.4499988555908203,2.689999580383299,5.0,7.0,06-15,-0.36416673660278337
05-17,0.3000001907348633,-1.9200000762939453,-1.7600002288818342,0.25,-1.0499992370605469,-0.9099998474121076,1.1499996185302734,1.1500005722045916,0.5699996948242188,1.279998779296875,-3.3999996185302734,3.210000038146971,7.0,5.0,06-16,-0.09416667620340953
05-18,-0.09000015258789062,-1.7100000381469727,-2.1199998855590803,0.1700000762939453,-0.9599990844726562,-0.6599998474121076,0.9200000762939453,1.7199993133544886,0.7399997711181641,1.1099987030029261,-2.889999389648434,3.229999542236328,6.0,6.0,06-17,-0.04500007629394531
05-19,-0.6499996185302699,-1.8000001907348615,-2.069999694824217,-1.3600006103515625,-1.1599998474121094,-0.32999992370605113,1.460000991821289,-0.7300004959106463,0.7699995040893555,1.0299987792968786,-2.389999389648434,3.760000228881834,4.0,8.0,06-18,-0.2891666889190662
05-20,-0.1099996566772461,-1.5200004577636719,-0.9700002670288068,-1.1200008392333949,-1.1599998474121094,0.4400005340576172,0.6499996185302734,-0.8900003433227557,0.3399991989135742,1.0699996948242188,-2.0,3.5,5.0,7.0,06-19,-0.14750019709269177
05-21,0.28999996185302734,-1.7000007629394531,-1.0300006866455078,-0.9099998474121058,-1.149999618530277,1.1799993515014666,0.7900009155273438,-0.780000686645506,0.4399995803833008,0.9399986267089844,-2.3199996948242188,2.989999771118164,6.0,6.0,06-20,-0.10500025749206514
05-22,0.28999996185302734,-1.9799995422363281,-0.9700002670288068,-0.4900016784667969,-1.7600002288818395,1.0099992752075213,0.7900009155273438,-0.6500005722045863,0.4499998092651367,1.3600006103515625,-0.8999996185302699,2.989999771118164,6.0,6.0,06-21,0.01166653633117735
05-23,-0.6299991607666016,-2.219999313354492,-0.7900009155273438,-0.6900005340576172,-1.380001068115238,0.9099998474121112,1.1999988555908239,-0.75,0.030000686645506036,2.20999908447266,-0.6399993896484375,2.8100004196166974,5.0,7.0,06-22,0.0049998760223390155
05-24,-0.5,-2.609999656677246,-0.7100000381469744,-0.25,-1.2900009155273509,0.5600004196166992,1.3199996948242223,-0.6700000762939435,-0.2299995422363299,1.8199996948242223,-0.8800010681152344,2.010000228881834,4.0,8.0,06-23,-0.11916677157084177
05-25,-0.9299993515014631,-2.619999885559082,-0.29000091552734375,-0.6399993896484375,-1.6800003051757812,0.6400003433227539,1.3400001525878942,-0.44999980926513494,-0.3299999237060547,1.6700000762939524,-0.8400001525878942,2.380000114440916,4.0,8.0,06-24,-0.14583325386047288
05-26,-1.4099998474121076,-0.10999965667724787,-0.37000083923339844,-1.0,-1.720001220703125,0.6800003051757812,1.5799999237060582,-0.5100002288818359,-0.4099998474121094,2.630001068115238,-0.7899990081787145,2.5399999618530273,4.0,8.0,06-25,0.09250005086263051
05-27,-0.9499998092651367,-0.13000011444091797,-0.3400001525878924,-0.6700000762939453,-2.3299999237060547,0.8100004196166992,1.4300003051757812,-0.7399997711181641,-0.35999965667724787,1.75,-1.189998626708988,0.9899997711181641,4.0,8.0,06-26,-0.1441664695739752
05-28,-1.130000114440918,-0.3900003433227539,-0.38000011444091797,-1.029998779296875,-1.8400001525878942,0.8599996566772461,1.4599990844726527,-0.28000068664551137,-0.039999961853027344,1.130001068115238,-1.7199993133544957,1.75,4.0,8.0,06-27,-0.13416663805643805
05-29,-1.4300003051757812,-0.5599994659423828,-0.6700000762939453,-0.6999988555908203,-1.3299999237060547,0.8199996948242188,1.2099990844726527,-0.30000019073486506,0.03999996185302379,0.9300003051757848,-0.720001220703125,2.130000114440918,5.0,7.0,06-28,-0.0483334064483647
05-30,-1.0999994277954084,-0.5099992752075213,-0.7600002288818359,-0.7000007629394531,-1.7399997711181676,0.9400005340576172,1.2900009155273438,-0.2300004959106463,0.14000034332275213,0.48999977111817117,-0.7399997711181641,1.1899995803833026,5.0,7.0,06-29,-0.14416654904683415
05-31,-1.1799993515014666,-0.5999994277954102,-0.5399999618530291,-0.38999938964844105,-1.7700004577636719,0.869999885559082,1.220001220703125,-0.010000228881837714,0.2700004577636719,0.899999618530277,-0.4200000762939453,0.6499996185302734,5.0,7.0,06-30,-0.08333317438761438
06-01,-1.079999923706053,-1.0899991989135742,-0.17999935150146662,0.36000061035155895,-1.5200004577636719,0.930000305175783,1.0799999237060582,0.03999996185302379,0.15000057220458984,0.5400009155273438,-0.9200000762939453,1.1700000762939453,7.0,5.0,07-01,-0.04333305358886733
06-02,-1.1700000762939453,-1.010000228881836,-0.0900001525878924,0.010000228881835938,-1.4099998474121058,0.6000003814697248,0.9799995422363281,-0.2100000381469762,0.5400009155273438,0.4099998474121058,-1.0200004577636719,0.6099996566772461,6.0,6.0,07-02,-0.1466666857401536
06-03,-1.0199995040893555,-0.869999885559082,-0.07999992370605824,1.0,-1.260000228881836,0.6099996566772479,0.75,-0.3400001525878924,0.7200002670288086,-0.2999992370605504,-0.8999996185302734,-0.9000005722045916,4.0,8.0,07-03,-0.21583326657613192
06-04,-0.8000001907348615,-0.3900003433227557,-0.07999992370605824,1.0,-1.4699993133544922,0.5499992370605487,0.3099994659423828,-0.05999946594238459,0.7200002670288086,-0.2999992370605504,-1.5,-1.4300003051757812,4.0,8.0,07-04,-0.28749998410542865
06-05,-0.6800003051757812,-0.21000003814697266,-0.05000019073486506,0.9800014495849574,-1.0699996948242223,0.6899995803833026,0.6499996185302699,0.1900005340576154,0.810000419616701,-0.11000061035155895,-2.030000686645508,-2.0799999237060547,5.0,7.0,07-05,-0.24249998728434305
06-06,-0.3000001907348633,-0.05000019073486328,0.189999580383299,0.779998779296875,-1.2299995422363246,0.7799997329711932,0.7699985504150355,0.38999938964843395,1.2200002670288086,-0.1900005340576172,-1.0699996948242188,-2.2400007247924787,6.0,6.0,07-06,-0.07916704813639337
06-07,-0.8500003814697266,-0.1700000762939453,0.15999984741210938,1.3499984741210938,-1.4099998474121094,0.3099994659423828,0.5100002288818395,-0.060000419616700995,0.9300003051757812,-0.10000038146972301,-0.9899997711181641,-2.0399999618530273,5.0,7.0,07-07,-0.19666687647501582
06-08,-1.2300004959106445,-0.2599992752075213,0.4700002670288086,0.5399990081787074,-1.0699996948242116,0.4499998092651385,0.6800003051757848,-0.17999935150146307,0.7699995040893555,-0.04000091552734375,0.059999465942386365,-1.7400007247924787,6.0,6.0,07-08,-0.12916684150695681
06-09,-1.699999809265135,0.05000019073486328,0.25,1.6700000762939453,-0.8600006103515625,0.2799997329711914,1.3199996948242188,-0.010000228881837714,0.46000003814697266,-1.0,0.37999916076660156,-1.9899997711181658,7.0,5.0,07-09,-0.095833460489909
06-10,-1.609999656677246,-0.42000007629394354,0.4499998092651385,1.510000228881836,-0.3899993896484375,-0.039999961853027344,0.7399997711181641,0.439999580383299,0.05999946594237926,-0.28999900817871094,0.36000061035156605,-1.1499996185302734,6.0,6.0,07-10,-0.028333187103271335
06-11,-1.2299995422363281,-1.0,1.2699995040893555,1.5900001525878906,-0.15999984741211293,-0.10000038146972656,0.5699996948242152,0.5,0.0499992370605451,-0.3199996948242223,-0.020000457763675428,-0.5999994277954084,5.0,7.0,07-11,0.04583326975504439
06-12,-1.4600000381469727,-1.7799997329711896,1.1999998092651385,1.4200000762939453,0.10000038146972656,0.09999942779541016,0.48999977111816406,0.8599996566772443,-0.3900003433227557,0.020000457763671875,0.10000038146972656,-1.1199998855590803,8.0,4.0,07-12,-0.03833333651224757
06-13,-1.2799997329711896,-1.5100002288818342,0.9399995803833026,1.3400001525878906,-0.14999961853027344,-0.15000057220458984,0.8099994659423828,1.3699998855590803,-0.43000030517578125,-0.18999862670898438,-0.3699989318847692,-1.6999998092651367,4.0,8.0,07-13,-0.1099998950958252
06-14,-1.3699998855590803,-1.5399999618530273,0.8899993896484357,0.9400005340576207,0.05000114440917969,-0.7300004959106463,0.9500007629394531,1.7099990844726562,-0.38000011444091797,0.22000122070312145,-0.8699989318847692,-1.3299999237060547,6.0,6.0,07-14,-0.1216664314270024
06-15,-0.8900003433227521,-1.5599994659423828,1.179999351501463,0.7000007629394531,0.220001220703125,-0.8900003433227557,1.3600006103515625,1.7200002670288104,-0.23999977111816406,0.18000030517578125,-1.3299999237060582,-1.5799999237060547,6.0,6.0,07-15,-0.09416643778483103
06-16,-0.13000011444091975,-1.4099998474121094,1.239999771118164,0.48999977111816406,0.07000160217285156,-1.0000000000000018,1.0099983215332031,1.890000343322754,-0.3400001525878906,-0.6999988555908168,-1.169998168945309,-1.869999885559082,5.0,7.0,07-16,-0.1599997679392494
06-17,-0.05000019073486328,-1.260000228881836,1.179999351501463,0.7600002288818359,0.12000083923339844,-1.260000228881836,0.8400001525878906,1.7600002288818342,0.1700000762939453,-0.6999988555908168,-0.5499992370605469,-0.8599996566772461,6.0,6.0,07-17,0.01250020662943522
06-18,-0.020000457763671875,-1.0200004577636719,0.8200006484985369,0.7600002288818359,-0.3600006103515625,-1.2799997329711932,0.7100009918212891,1.7899999618530291,0.14999961853027344,-0.45999908447265625,0.639999389648441,-1.239999771118164,6.0,6.0,07-18,0.04083339373270715
06-19,-0.14999961853027344,-0.569999694824217,0.9500007629394513,1.1900005340576172,-0.029998779296875,-1.0,0.5900001525878906,2.029999732971193,0.3800001144409162,0.32999992370605824,0.2800006866455078,-0.4399995803833008,7.0,5.0,07-19,0.29666701952616403
06-20,0.42000007629394176,-0.7799997329711914,0.8400001525878924,1.239999771118164,0.42000007629394176,-1.0799999237060547,0.7799987792968786,2.1799993515014666,0.7399997711181641,-0.28999900817871094,0.05000114440917969,-0.5,8.0,4.0,07-20,0.33500003814697266
06-21,0.5799999237060529,-0.7100000381469727,0.7399997711181658,1.4400005340576172,0.4600009918212855,-1.109999656677246,0.5,2.069998741149897,1.0199995040893537,-0.9099998474121094,0.0,-1.0299997329711914,7.0,5.0,07-21,0.2541666825612377
06-22,1.0399999618530256,-0.5799999237060565,1.0300006866455078,1.1100006103515625,1.039999008178711,-0.8999996185302752,0.4799995422363281,2.3199996948242188,0.8999996185302717,-0.029998779296871447,0.1999988555908203,-1.9099998474121094,8.0,4.0,07-22,0.39166665077209445
06-23,1.2100000381469727,-0.6700000762939453,0.880000114440918,1.6499996185302734,1.0,-1.109999656677246,0.2700004577636719,1.8699998855590838,0.5799999237060511,0.7299995422363246,0.5199985504150355,-1.719999313354494,9.0,3.0,07-23,0.4341665903727205
06-24,1.239999771118164,-0.09000015258789062,1.1700000762939453,1.389999389648441,1.2699985504150426,-1.3199996948242205,0.5200004577636719,1.8899993896484375,0.4600000381469762,0.07999992370605113,-0.060001373291015625,-1.1999998092651367,8.0,4.0,07-24,0.44583304723103884
06-25,0.319999694824217,-0.14000034332275213,1.5799999237060547,1.1999988555908203,0.8599987030029297,-1.2300004959106445,0.5799999237060547,1.760000228881836,0.2300004959106463,1.0699996948242116,0.4200000762939453,-0.9899997711181658,9.0,3.0,07-25,0.47166641553242944
06-26,0.3999996185302752,0.43999958038330256,1.5,0.7399997711181605,1.0200004577636719,-1.0500001907348633,0.6499996185302734,1.760000228881836,-0.09999942779540838,0.9600009918212855,0.9400005340576172,-0.4499998092651367,9.0,3.0,07-26,0.5675001144409179
06-27,0.48000049591064453,0.7799997329711914,1.2700004577636719,1.3199996948242188,0.8900012969970703,-1.1100006103515643,0.44000053405761363,2.010000228881836,0.22000026702880682,2.4300003051757812,0.9200000762939453,-0.9400005340576172,10.0,2.0,07-27,0.7258334954579665
06-28,0.5600004196166974,0.8000001907348651,1.0699996948242205,1.5,0.7800006866455043,-0.6300001144409162,0.22000122070312145,2.15000057220459,-0.25,1.5700016021728551,1.0200004577636719,-1.4000005722045898,9.0,3.0,07-28,0.6158336798350016
06-29,0.4000005722045863,1.0499992370605469,0.5199995040893572,0.5100002288818359,0.7399997711181641,-0.8299999237060529,0.47000122070312145,2.0900001525878924,-0.4399995803833008,2.2800006866455114,0.3500003814697301,-1.4800004959106428,9.0,3.0,07-29,0.4716668128967291
06-30,0.3299999237060547,0.8500003814697266,0.48999977111816406,0.399999618530277,0.7900009155273438,-0.9400005340576136,0.3600006103515625,1.8400001525878924,-0.5299997329711932,1.8199996948242152,0.5100002288818359,-1.0999994277954102,9.0,3.0,07-30,0.40166680018107126
07-01,0.07999992370605469,0.6900005340576172,0.25,0.9799995422363317,0.8500003814697301,-0.8099994659423846,0.0400009155273473,1.6400012969970739,-0.310000419616701,0.9800014495849574,0.7199993133544922,-0.1700000762939471,9.0,3.0,07-31,0.4116669495900476
07-02,0.630000114440918,0.8100004196166992,0.14000034332275568,1.3299999237060582,0.9699993133544922,-0.3599996566772461,0.2999992370605433,1.6400003433227557,-0.4499998092651385,1.110000610351559,1.1999988555908203,-0.37000083923339844,9.0,3.0,08-01,0.5791665712992349
07-03,1.010000228881836,0.6499996185302734,0.2300004959106463,0.7700004577636719,1.1299991607666016,-0.5000000000000018,0.129999160766598,1.9700002670288104,-0.46000003814697443,1.2000007629394531,0.8700008392333913,-0.6700000762939471,9.0,3.0,08-02,0.5275000731150299
07-05,1.060000419616701,0.8899993896484357,-0.2299995422363299,-0.23999977111816762,0.9200000762939524,-0.4700002670288086,0.4599990844726527,1.9900007247924787,-0.4399995803833008,1.0600013732910085,0.5500011444091761,-1.3199996948242205,7.0,5.0,08-04,0.3525002797444648
07-06,1.1999998092651385,0.2999992370605451,-0.1999998092651385,-0.07999992370605824,0.7299995422363317,-0.7700004577636719,0.4599990844726527,2.070000648498537,-0.09999942779540838,0.35000038146971946,-0.8200016021728551,-1.0999994277954137,6.0,6.0,08-05,0.16999983787536488
07-07,1.0900001525878906,0.36999988555908203,-1.0199995040893555,-0.600000381469723,0.8599987030029332,-0.7100000381469744,0.22999954223632812,2.2400007247924787,-0.08999919891357422,1.0500011444091832,-0.7600002288818395,0.21000003814697266,7.0,5.0,08-06,0.2391667366027835
07-08,0.8599996566772461,0.8299999237060529,-0.9499998092651385,-0.030000686645507812,0.779998779296875,-0.3400001525878906,0.13000106811523438,1.8800010681152344,0.39999961853027344,1.3199996948242223,-1.2700004577636754,0.09999942779541016,8.0,4.0,08-07,0.30916651089986136
07-09,1.069999694824217,0.5600004196166974,-1.5500001907348615,0.09000015258788707,-1.5400009155273366,-0.14999961853027344,0.04000091552734375,1.5900001525878906,0.5399999618530273,1.7900009155273438,-0.5500011444091797,0.6599998474121094,8.0,4.0,08-08,0.2125000158945721
07-10,1.1599998474121076,0.8000001907348633,-1.630000114440918,0.5300006866455043,-2.200000762939453,0.10000038146972656,-0.10000038146972656,1.75,0.7399997711181641,1.6899986267089773,-0.20000076293945312,0.28999996185302734,8.0,4.0,08-09,0.24416645367940162
07-11,1.6199998855590803,0.4200000762939453,-2.489999771118164,1.4500007629394496,-2.3700008392333984,0.26000022888183594,-0.9400005340576172,1.75,0.9700002670288086,2.4200000762939347,-0.129999160766598,0.1900005340576172,8.0,4.0,08-10,0.2625001271565745
07-12,2.3100004196166974,0.75,-2.189999580383301,1.4500007629394496,-2.220001220703125,0.39999961853027344,-0.6000003814697266,1.1500015258789062,0.8000001907348633,3.430000305175767,-0.2900009155273473,0.48000049591064453,8.0,4.0,08-11,0.4558334350585918
07-13,2.0,0.5699996948242188,-2.4099998474121076,1.1800003051757777,-2.129999160766598,0.7299995422363281,-0.5500011444091797,1.1499996185302734,0.2799997329711914,3.430000305175767,-0.6599998474121094,0.8299999237060547,8.0,4.0,08-12,0.3683332602183014
07-14,1.7699995040893555,0.3000001907348633,-2.2300004959106445,1.2899990081787074,-2.309999465942383,0.6799993515014666,-0.3399982452392578,1.2199993133544922,0.3000001907348633,3.389999389648441,-1.340000152587887,1.010000228881836,8.0,4.0,08-13,0.31166656812032106
07-15,1.2899999618530273,0.2399997711181623,-2.360000610351559,0.75,-2.3299999237060547,0.6700000762939435,-0.470001220703125,0.9799995422363281,-0.7600002288818342,4.170000076293945,-1.869999885559082,1.109999656677246,7.0,5.0,08-14,0.11833310127258316
07-16,1.1499996185302752,0.4499998092651367,-1.719999313354494,0.6599998474121094,-1.7199993133544922,0.46000003814697266,-0.6800003051757848,1.6499996185302734,-0.75,4.079999923706051,-1.9300003051757884,0.8000001907348633,7.0,5.0,08-15,0.20416665077209353
07-17,0.9899997711181641,0.48999977111816406,-1.72999954223633,0.35000038146972656,-1.8000011444091761,0.4499998092651367,-0.40000152587890625,1.7800006866455078,-1.0100002288818342,4.170000076293942,-3.0500001907348615,1.3299999237060547,7.0,5.0,08-16,0.13083314895629897
07-18,0.5799999237060547,0.13000011444091797,-1.5099992752075213,0.5399990081787109,-1.7700004577636719,0.23999977111816584,-0.1399993896484375,2.220001220703125,-0.9200000762939471,2.4400005340576136,-2.8499994277954084,1.7799997329711932,7.0,5.0,08-17,0.06166680653889959
07-19,0.09999942779541016,0.3000001907348633,-1.8799991607666016,0.3599987030029297,-1.730001449584961,0.2799997329711914,-0.030000686645507812,2.0000000000000036,-0.6599998474121094,2.3000011444091797,-3.1699991226196236,1.6800003051757795,7.0,5.0,08-18,-0.03750006357828717
07-20,-0.48999977111816406,0.13999938964844105,-2.0,0.6199989318847621,-2.3499984741210938,0.21000003814697088,0.3400001525878906,1.100000381469723,-0.6199998855590856,2.950000762939453,-2.84999942779541,1.9600000381469727,7.0,5.0,08-19,-0.08249982198079502
07-21,0.1500005722045863,0.8000001907348633,-2.3199996948242188,0.8700008392333949,-2.590000152587894,0.630000114440918,0.22999954223632812,1.1599998474121058,-0.3900003433227557,2.1900005340576207,-2.239999771118164,0.9799995422363281,8.0,4.0,08-20,-0.044166564941407284
07-22,-0.25,0.31000041961669744,-2.239999771118164,0.720001220703125,-2.889999389648441,1.1599998474121112,-1.2000007629394531,1.1599998474121058,-0.25,3.0699996948242223,-1.739999771118164,1.369999885559082,6.0,6.0,08-21,-0.06499989827473988
07-23,-0.430000305175783,-0.029999732971191406,-2.440000534057617,0.13000106811523438,-2.5900001525878906,2.5399999618530273,-0.8500003814697266,1.2999992370605433,-0.40000057220458984,3.920000076293949,-1.75,1.3400001525878906,5.0,7.0,08-22,0.06166656812032049
07-24,-0.5100002288818359,0.21000003814697088,-2.800000190734865,0.6399993896484375,-4.280000686645508,2.3899993896484375,-0.6300010681152344,1.6100006103515625,-0.8900003433227539,4.469999313354492,-1.7299995422363317,1.8000001907348633,6.0,6.0,08-23,0.023333072662352922
07-25,-0.5500001907348615,0.15999984741210938,-2.560000419616699,1.8899993896484375,-4.3899993896484375,2.589999198913574,-1.3600006103515625,1.1100006103515625,-0.7200002670288068,3.2199993133544886,-1.1800003051757884,1.6199998855590803,6.0,6.0,08-24,-0.014166911443075284
07-26,-0.050000190734861505,0.08999919891357244,-2.1700000762939453,1.789999008178711,-4.440000534057617,3.0399999618530273,-1.9600009918212873,0.7999992370605433,0.5599994659423828,3.0400009155273438,-1.3400001525878942,1.1599998474121076,7.0,5.0,08-25,0.043332974116006895
07-27,-0.4600000381469709,-0.15999984741210938,-2.6399993896484375,1.2099990844726562,-4.050000190734867,3.1800003051757795,-2.1300010681152344,1.0699996948242188,0.09000015258789062,3.8799991607666016,-0.8500003814697266,1.579999923706053,6.0,6.0,08-26,0.05999978383382117
07-28,-0.15999984741210938,0.8799991607666016,-2.4499998092651385,0.6099987030029297,-4.480000495910646,3.380000114440916,-1.6099996566772479,1.25,0.22999954223632812,3.729999542236328,-1.6499996185302734,1.25,7.0,5.0,08-27,0.08166646957397401
07-29,0.23999977111816406,1.0199995040893555,-2.539999961853029,0.6899986267089844,-4.5000000000000036,3.469999313354492,-0.6900005340576172,0.9200000762939453,0.3599996566772443,3.4099998474121094,-1.510000228881836,0.75,8.0,4.0,08-28,0.13499967257181744
07-30,0.07999992370605469,1.169999122619629,-2.8900003433227557,0.6999988555908168,-4.849999427795412,3.3899993896484375,-0.6300010681152344,0.6399993896484375,0.8899993896484375,2.1200008392333984,-1.5199985504150426,1.1899995803833008,8.0,4.0,08-29,0.024166425069172288
07-31,0.189999580383299,0.48000049591064453,-2.690000534057617,1.220001220703125,-4.989999771118168,3.5299997329711914,-1.0200004577636719,0.7299995422363281,0.6700000762939453,2.10000038146973,-0.7700004577636683,1.3999996185302734,8.0,4.0,08-30,0.07083328564961766
08-01,-0.5299997329711932,0.7700004577636719,-2.1700000762939453,2.0400009155273473,-5.270000457763672,3.8299999237060547,-1.0300006866455078,0.8099994659423828,0.5999994277954084,0.889999389648441,0.6200008392333984,1.7799997329711932,8.0,4.0,08-31,0.1949999332427983
08-02,-0.6399993896484375,0.3500003814697301,-1.8100004196166974,2.4800014495849574,-5.399999618530273,3.7699995040893572,-1.0,0.6299991607666051,0.5699996948242188,0.21999931335448863,0.5599994659423828,2.119999885559084,8.0,4.0,09-01,0.15416661898295128
08-03,-1.0299997329711932,0.5300006866455114,-1.860000610351559,1.9100017547607422,-5.319999694824215,3.6099996566772496,-0.7299995422363281,0.5200004577636719,0.5200004577636719,-0.04999923706055043,1.0699996948242188,2.3899993896484375,7.0,5.0,09-02,0.1300002733866381
08-04,-0.630000114440918,0.4099998474121094,-1.0,1.7900009155273473,-5.389999389648434,3.659999847412111,-1.0300006866455078,0.3000011444091797,0.38000011444091797,-0.5200004577636719,1.1000003814697266,1.8499994277954137,7.0,5.0,09-03,0.07666675249735617
08-05,-0.39000034332275213,0.19999980926513672,-0.9200000762939435,1.7199993133544957,-5.499999046325682,3.260000228881836,-0.6700000762939453,0.1400012969970703,0.18000030517578125,-1.4600009918212855,0.9699993133544957,2.060000419616699,7.0,5.0,09-04,-0.034166653951007785
08-06,-1.329999923706053,0.5799999237060547,-0.06000041961669744,1.659999847412113,-3.1999998092651403,3.1300001144409197,-0.23999977111816406,0.1400012969970703,-0.03999996185302912,-0.060001373291015625,-0.029998779296875,2.4099998474121094,5.0,7.0,09-05,0.24666674931844104
08-07,-2.02000045776367,0.25,-0.23000049591064453,1.5799999237060582,-2.239999771118164,3.1000003814697283,-0.5799999237060547,-0.2199993133544922,0.3000001907348633,0.31000137329102273,-2.119999885559082,2.119999885559082,6.0,6.0,09-06,0.020833492279053917
08-08,-1.7100000381469727,0.9700002670288086,-0.6900005340576172,0.9300003051757848,-2.380001068115238,2.7700004577636737,-0.6299991607666016,0.0,0.2600002288818377,-0.3700008392333878,-2.369999885559082,1.7700004577636719,5.0,7.0,09-07,-0.1208333174387602
08-09,-0.6399993896484375,1.130000114440918,-1.1000003814697266,0.8200016021728551,-2.200000762939453,3.079999923706053,-0.7899990081787145,0.529998779296875,0.6999998092651367,-0.5699996948242223,-1.6899995803833043,1.3699998855590803,6.0,6.0,09-08,0.053333441416421636
08-10,-0.4499998092651385,0.8000001907348651,-0.399999618530277,1.3600006103515625,-1.9800004959106463,2.820000648498535,-0.7899990081787145,0.4799995422363281,1.5299997329711914,-1.3500003814697266,0.7400007247924805,1.6199998855590803,7.0,5.0,09-09,0.3650001684824617
08-11,-0.2999992370605451,1.2200002670288086,-0.930000305175783,2.100000381469716,-2.0699996948242188,2.5600004196166974,-0.8900012969970703,-0.3400001525878906,1.5199995040893572,-2.409999847412106,0.46000003814697266,1.6399993896484357,6.0,6.0,09-10,0.21333328882853117
08-12,0.1900005340576172,1.1100006103515625,-0.9200000762939471,2.110000610351559,-1.9300003051757812,2.5599994659423846,-1.0799999237060547,-0.470001220703125,1.5199995040893555,-2.7899990081787074,1.380000114440918,1.1999998092651367,7.0,5.0,09-11,0.24000000953674316
08-13,0.1400003433227539,1.4700002670288086,-1.1600008010864258,2.0799999237060547,-2.3500003814697266,2.75,-1.3200016021728516,-1.0200004577636719,1.2699995040893555,-2.1399993896484446,0.9400005340576243,1.6300001144409162,7.0,5.0,09-12,0.1908331712086994
08-14,0.6200008392333984,1.2399997711181623,-1.3600006103515625,1.8699989318847656,-1.989999771118164,2.9200000762939453,-1.4300003051757812,-1.1600017547607422,1.3100004196166992,-3.0600013732910156,2.460000038146971,1.72999954223633,7.0,5.0,09-13,0.2624996503194172
08-15,1.2599992752075178,2.130000114440918,-1.3000001907348633,2.3299999237060547,-1.6400012969970739,2.989999771118166,-2.1200008392333984,-0.7600002288818395,2.0199995040893572,-1.9400005340576136,2.7200002670288086,1.2200002670288068,7.0,5.0,09-14,0.5758330027262367
08-16,2.1599998474121094,2.4600000381469727,-0.9300003051757812,2.2699985504150426,-1.3999996185302734,2.7500000000000018,-2.3400001525878906,-0.5699996948242152,1.930000305175783,-2.1700000762939418,2.1100006103515625,1.8299999237060547,7.0,5.0,09-15,0.6749999523162854
08-17,2.1999988555908203,2.3800001144409144,-0.8200006484985352,2.4199981689453125,-1.4399995803833008,2.5699996948242188,-2.690000534057617,0.1100006103515625,2.119999885559082,-3.0499992370605433,1.7000007629394531,2.869999885559082,8.0,4.0,09-16,0.6974998315175375
08-18,1.7399997711181658,1.5900001525878888,-0.3900003433227539,3.1999988555908203,-1.1400003433227557,2.329999923706053,-3.020000457763672,-0.279998779296875,2.270000457763672,-3.9699993133544886,2.010000228881836,3.1700000762939453,7.0,5.0,09-17,0.6258333524068197
08-19,2.1700010299682653,1.329999923706053,-0.030000686645506036,3.159999847412106,-1.1400003433227557,2.559999465942383,-1.1899995803833008,-0.5900001525878942,2.7200002670288086,-4.079999923706055,1.1000003814697266,3.930000305175783,7.0,5.0,09-18,0.8283333778381344
08-20,2.370000839233402,1.3800001144409144,0.3199996948242205,3.049999237060547,-1.259999275207516,1.0400009155273438,-0.7100000381469727,0.25,2.7100000381469727,-5.29999923706055,0.7099990844726562,4.190000534057619,9.0,3.0,09-19,0.7291668256123863
08-21,1.870000839233402,1.6800003051757812,0.25,2.4899997711181676,0.5799999237060547,0.7000007629394513,-0.10999965667724787,0.09999847412109375,2.829999923706053,-5.5399990081787145,0.5,4.650000572204592,10.0,2.0,09-20,0.8333334922790527
08-22,2.4099998474121094,1.9500007629394513,0.21000003814697266,1.6700000762939489,0.13000011444091797,0.5600004196166992,0.6100006103515625,0.17999839782714844,2.4200000762939453,-4.9899997711181605,-0.19999885559082387,3.7300004959106463,10.0,2.0,09-21,0.7233335177103681
08-23,2.6399993896484375,1.9100008010864276,-0.3099994659423828,1.9200000762939489,0.5600004196166974,0.7700004577636701,0.5100002288818359,-0.3400001525878871,1.7399997711181658,-4.969999313354489,0.600000381469723,3.4800004959106463,9.0,3.0,09-22,0.7091669241587328
08-24,2.6399993896484375,1.9800004959106428,0.5099992752075195,1.8400001525878942,0.26999950408935725,0.7899999618530256,0.8600006103515625,-0.4400005340576172,1.6199998855590856,-4.64999961853027,0.39000129699707387,2.9800004959106463,10.0,2.0,09-23,0.7325000762939465
08-25,2.770000457763672,0.8700008392333984,0.9399995803833026,1.6400012969970703,0.010000228881835938,0.4700002670288086,0.310000419616701,-0.1700000762939453,1.0900001525878924,-3.320001602172848,0.010000228881835938,2.929999351501465,10.0,2.0,09-24,0.629166762034099
08-26,2.2999992370605433,1.170000076293947,0.7399997711181641,1.2100009918212926,-0.36999988555908025,0.6800003051757812,-0.4699993133544922,-0.26000022888183594,1.1599998474121094,-3.310001373291012,-0.029998779296875,2.7400007247924822,7.0,5.0,09-25,0.46333344777425206
08-27,2.879999160766598,0.8800001144409197,0.21000003814697266,-0.5399990081787074,-0.32999992370605113,0.6000003814697266,-0.45999908447265625,-0.4300003051757777,1.3400001525878906,-3.610000610351559,-0.0400009155273402,2.1400003433227557,6.0,6.0,09-26,0.22000002861023096
08-28,2.9899988174438423,1.4200000762939418,0.27999973297118963,-0.7900009155273438,-0.37999916076660156,0.7600002288818342,-0.48999977111816406,-0.4300003051757777,1.5500001907348633,-3.4500007629394602,-0.5599994659423828,1.800000190734865,6.0,6.0,09-27,0.22499990463256717
08-29,3.3899993896484375,1.7699995040893555,1.1499996185302734,-1.5799999237060547,-0.3099994659423828,0.7100000381469727,-0.7000007629394496,-0.8799991607666016,1.810000419616701,-1.1000003814697266,-0.5900001525878906,1.430000305175783,6.0,6.0,09-28,0.4249999523162848
08-30,3.2099990844726527,1.6700000762939418,1.4600000381469727,-1.5099983215332031,-0.19999980926513494,0.27000045776367365,-1.0300006866455078,-0.4599990844726598,2.2899999618530273,-0.15999984741211293,-0.4599990844726598,1.7300004959106463,6.0,6.0,09-29,0.5675002733866363
08-31,3.5599994659423864,2.2199993133544886,0.9900007247924787,-1.4499988555908203,-0.13000011444091797,0.5500001907348633,-1.8100004196166992,-0.7300014495849574,2.5100002288818377,-1.5599994659423828,-0.1700000762939453,2.2300004959106463,6.0,6.0,09-30,0.5175000031789149
09-01,3.5899991989135707,1.869999885559082,1.1600008010864258,-1.4300003051757812,-0.039999961853027344,0.6900005340576172,-1.4499988555908203,-0.3700008392333949,2.1700000762939453,-1.8500003814697301,-0.29000091552734375,1.2100000381469709,6.0,6.0,10-01,0.4383332729339595
09-02,3.290000915527342,1.1499996185302734,1.6200008392333984,-1.4400005340576207,-0.38000011444091797,0.40000057220458984,-1.4700002670288086,-0.5900001525878871,1.819999694824217,-1.7000007629394602,-0.05000114440917969,1.8000001907348633,6.0,6.0,10-02,0.3708332379659008
09-03,2.220000267028807,0.9899997711181641,1.6800003051757812,-1.239999771118164,-0.3000001907348615,0.02999973297118963,-1.3100004196166957,-0.6800003051757812,1.9099998474121094,-2.2000007629394602,-0.6400003433227539,2.200000762939455,6.0,6.0,10-03,0.2216665744781491
09-04,2.030000686645508,1.569999694824217,1.3200006484985334,-1.5100002288818324,-0.6999998092651367,-0.22999954223632812,-1.3100004196166957,-0.5399990081787109,1.9099998474121094,-3.630001068115238,0.9399995803833026,1.950000762939455,6.0,6.0,10-04,0.15000009536743195
09-05,1.2499990463256818,1.6599998474121094,0.9200000762939471,-0.4400005340576172,-0.8999996185302717,0.02999973297118963,-1.4599990844726562,-1.25,1.5299997329711896,-3.379999160766612,-0.9600009918212873,1.7200002670288104,6.0,6.0,10-05,-0.10666672388712639
09-06,1.1799993515014666,1.819999694824217,1.510000228881836,-1.09000015258788,-0.8100004196166992,0.5199995040893555,-1.2699995040893555,-1.4300003051757812,0.8400001525878906,-2.229999542236339,-0.6800003051757795,2.180000305175783,6.0,6.0,10-06,0.044999917348226205
09-07,1.6199998855590803,1.6700000762939435,1.0900001525878924,-1.100000381469723,-1.1300001144409162,0.5900001525878888,-1.169999122619629,-1.3199996948242188,1.1000003814697266,-1.8500003814697372,-1.5500001907348633,2.2600002288818377,6.0,6.0,10-07,0.017500082651773496
09-08,1.9299993515014666,1.5,1.1100006103515625,-0.9200000762939453,-1.010000228881836,0.28999996185302734,-1.5299997329711932,-1.210000991821289,1.3500003814697266,-2.899999618530263,-2.0399999618530273,1.6599998474121094,6.0,6.0,10-08,-0.14750003814697177
09-09,1.3499994277954102,1.560000419616701,1.3100004196166992,-0.8799991607666016,-1.3599996566772443,0.310000419616701,-1.169999122619629,-1.0699996948242188,1.5799999237060547,-2.850000381469716,-2.3199996948242188,2.3500003814697266,6.0,6.0,10-09,-0.09916639328002796
09-10,1.300000190734865,0.6700000762939453,1.3999996185302734,-0.7399997711181641,-1.489999771118164,0.869999885559082,-0.8499994277954102,-1.310001373291012,1.3799991607666016,-3.470001220703118,-2.920000076293949,2.5799999237060565,6.0,6.0,10-10,-0.21500023206074945
09-11,0.39999961853027344,1.5599994659423828,1.2899999618530291,-0.6499996185302699,-1.6199998855590803,0.689999580383299,-0.630000114440918,-1.1400012969970668,1.1199998855590838,-3.289999008178711,-3.030000686645508,1.9700002670288086,6.0,6.0,10-11,-0.27750015258788974
09-12,1.8400001525878942,2.1000003814697266,1.5500001907348633,-1.5599994659423828,-1.280000686645506,0.869999885559082,0.3899993896484375,-0.6900005340576136,0.6700000762939435,-3.6300010681152415,-3.1200008392333984,0.630000114440918,7.0,5.0,10-12,-0.1858335336049398
09-13,2.060001373291012,2.440000534057617,1.609999656677246,-1.75,-1.5799999237060511,0.719999313354494,0.5300006866455043,-0.6299991607666051,-0.2399997711181623,-3.5600013732910227,-3.4300003051757812,0.48000049591064453,6.0,6.0,10-13,-0.279166539510092
09-14,2.490001678466797,2.6600008010864276,1.4400005340576172,-1.7100009918212855,-1.3099994659423793,0.5299997329711932,0.3899993896484375,-0.610000610351559,-0.19999980926513494,-3.4500007629394567,-2.560000419616699,0.18000030517578125,6.0,6.0,10-14,-0.17916663487752174
09-15,2.7099990844726562,2.5799999237060565,0.8500003814697248,-1.7099990844726562,-1.5999994277954084,0.4499998092651385,0.5399999618530273,-0.9500007629394531,-0.189999580383299,-2.6800003051757777,-1.9600000381469727,0.28999996185302734,6.0,6.0,10-15,-0.1391666730244947
09-16,2.6799983978271413,2.3500003814697266,0.9200000762939453,-1.9599990844726562,-1.3800001144409162,0.18000030517578125,-0.07999992370605469,-0.7999992370605469,-0.42000007629394176,-2.1800003051757777,-2.3400001525878906,-0.4000005722045916,4.0,8.0,10-16,-0.28583335876464844
09-17,2.5499992370605433,2.0799999237060565,1.1599998474121094,-1.610000610351559,-1.6599998474121094,0.04999923706054865,-0.630000114440918,-1.4099998474121094,-0.4600000381469709,-1.8400001525878906,-1.5899991989135742,0.09999942779540838,5.0,7.0,10-17,-0.2716668446858721
09-18,2.319999694824215,1.8100004196166974,1.1999998092651367,-1.039999008178711,-1.630000114440918,-0.36000061035155895,-0.5299997329711914,-1.5199985504150426,-0.5199995040893555,-1.820001602172848,-1.6800003051757777,0.3499994277954084,4.0,8.0,10-18,-0.2850000063578288
09-19,2.450000762939453,1.8299989700317365,1.0500001907348615,-1.3499984741210973,-1.3199996948242205,-0.3800001144409144,-0.6199998855590803,-1.6899986267089844,-0.8199996948242188,-2.290000915527351,-1.610000610351566,1.2299995422363263,4.0,8.0,10-19,-0.29333321253458794
09-20,2.5500011444091797,1.8100004196166974,1.4099998474121076,-1.1599998474121058,-1.0600004196166992,0.1099996566772461,-0.6000003814697266,-1.1000003814697266,-0.8499994277954137,-2.329999923706062,-1.2299995422363281,0.8599996566772443,5.0,7.0,10-20,-0.13249993324279888
09-21,2.720001220703125,1.8200006484985405,1.4900007247924805,-0.7299995422363281,-0.5900001525878906,-0.4200000762939453,-0.7300004959106428,-0.9200000762939453,-0.6999998092651385,-2.3400001525878977,-0.7300004959106463,0.08999919891357244,4.0,8.0,10-21,-0.08666658401489302
09-22,2.2099990844726562,2.2199993133544957,1.5,1.4599990844726598,-0.2000007629394549,-0.5799999237060529,-0.3000011444091797,-0.8299999237060582,-0.8800001144409197,-2.569999694824226,-1.080000877380371,0.0800008773803711,5.0,7.0,10-22,0.08583299318949338
09-23,2.120000839233402,2.0999994277954155,1.430000305175783,1.1100006103515625,-0.49000072479248225,-1.0299997329711914,-0.9099998474121094,-0.8299999237060582,-1.0900001525878924,-2.5100002288818395,-0.42000102996825994,-0.3400001525878906,4.0,8.0,10-23,-0.07166671752929672
09-24,2.1100006103515625,1.7500000000000018,0.6400003433227521,0.6199989318847656,-0.25,-1.3199996948242205,-0.9699993133544957,-0.3600006103515625,-0.5600004196166992,-1.5300006866455114,0.31999969482421875,-0.2399997711181623,5.0,7.0,10-24,0.017499923706054094
09-25,2.2900009155273473,1.82999897003174,0.9600000381469727,-0.030000686645511365,-0.35000038146972656,-0.9200000762939489,-0.6399993896484375,-0.20000076293945312,-0.26000022888183416,-1.7600002288818324,-0.010000228881835938,-0.5399999618530256,3.0,9.0,10-25,0.030833164850871213
09-26,2.450000762939453,1.8699998855590838,1.3000001907348633,0.279998779296875,-0.31999969482421875,-1.1999998092651385,0.22000026702880682,-1.0600013732910156,-0.32999992370605646,-2.279998779296875,0.25,-0.3699998855590838,6.0,6.0,10-26,0.06750003496805783
09-27,1.9700012207031214,1.9999990463256854,0.8199996948242188,-0.020000457763671875,-0.4099998474121094,-1.0100002288818342,-0.2799997329711932,-1.239999771118157,-0.6000003814697283,-2.559999465942383,0.37000083923339844,-0.15999984741211115,4.0,8.0,10-27,-0.09333324432373032
09-28,1.7600002288818324,2.1500005722045916,1.1399993896484357,-0.010000228881832385,0.18000030517578125,-1.890000343322754,-0.18000030517577947,-0.7399997711181641,-0.35000038146972834,-2.7099990844726527,0.1500015258789098,-0.75,5.0,7.0,10-28,-0.10416650772094667
09-29,1.4100017547607457,1.6700000762939453,1.1199998855590803,-0.21000099182128906,0.43000030517578125,-1.890000343322754,-0.8400001525878924,-0.6499996185302699,-0.44000053405762074,-1.7600002288818324,0.4400005340576172,-0.06999969482421875,5.0,7.0,10-29,-0.06583325068155894
09-30,0.7199993133544922,1.619999885559082,1.4799995422363281,-0.21000099182128906,1.0399999618530291,-1.4800004959106445,-0.1700000762939453,-0.7900009155273402,-0.2899999618530291,-1.2600002288818324,0.030000686645507812,-1.200000762939455,5.0,7.0,10-30,-0.04250033696492469
10-01,1.4400005340576172,1.5299997329711896,2.280000686645506,-0.42000007629394887,1.2000007629394513,-1.260000228881836,-0.06000041961669922,-0.21999931335449574,-0.5399999618530291,-1.0699996948242116,0.5500001907348597,-1.310000419616701,5.0,7.0,10-31,0.17666681607564186
10-02,1.5100002288818324,0.8300008773803746,2.25,-0.06999969482422586,1.5600004196166992,-1.489999771118164,-0.25,-0.26000022888183594,-1.1900005340576207,0.9500007629394567,0.4700002670288068,-1.7700004577636737,6.0,6.0,11-01,0.2116668224334708
10-03,1.7099990844726527,0.8100004196166992,1.8100004196166974,-0.9799995422363281,1.7400007247924787,-1.5600004196166974,-0.6600008010864258,-0.10999870300292613,-0.8999996185302734,0.36999893188477984,0.4200000762939453,-1.7399997711181658,6.0,6.0,11-02,0.07583340009053637
10-04,0.9799995422363281,0.4099998474121094,1.0900001525878906,-1.1299991607666016,1.6200008392333984,-1.310000419616701,-0.530000686645506,-0.2199993133544922,-0.6400003433227539,0.7699985504150426,0.9099998474121094,-1.75,6.0,6.0,11-03,0.016666571299235322
10-05,1.0699996948242188,0.8499994277954102,1.1499996185302734,-1.1700000762939453,1.939999580383299,-1.3000001907348633,-0.5500001907348633,-0.4699993133544922,-0.9100008010864258,0.7199993133544957,0.7799997329711914,-1.0399999618530273,6.0,6.0,11-04,0.08916640281677261
10-06,1.239999771118164,0.9600000381469709,1.0,-0.8899993896484375,1.579999923706053,-1.2799997329711896,1.0099992752075178,-0.6299991607666016,-0.7100000381469727,0.30000114440918324,1.0999994277954084,0.0,7.0,5.0,11-05,0.3066667715708413
10-07,1.2000007629394531,-0.2599992752075213,1.1099996566772443,-1.1300010681152344,1.7200002670288068,-1.1599998474121094,1.2599992752075195,-0.7999992370605469,-0.10000038146972834,0.5300006866455114,1.6099987030029261,-1.5399999618530291,6.0,6.0,11-06,0.20333329836527433
10-08,-0.27999877929687855,-0.8000001907348651,1.719999313354494,-1.3500003814697301,2.010000228881836,-1.3599996566772479,0.5900001525878906,-1.5400009155273473,-0.4000005722045916,0.7399997711181676,2.140001296997074,-1.2399997711181658,5.0,7.0,11-07,0.019166707992552972
10-09,-0.49999999999999645,-0.8500003814697266,1.7100000381469727,-1.2199993133544957,1.3699998855590803,-0.969999313354494,0.44999885559082387,-1.6599998474121094,-0.3699998855590838,0.8999996185302734,1.8900012969970739,-1.0900001525878924,5.0,7.0,11-08,-0.028333266576131184
10-10,-3.0000009536743164,-0.6300010681152344,1.7100000381469727,-1.3099994659423828,1.0999994277954084,-0.7799997329711932,0.5600013732910156,-1.5200004577636719,-0.8399991989135724,1.4000015258789098,1.9300012588501012,-0.3400001525878906,5.0,7.0,11-09,-0.1433331171671545
10-11,-2.950000762939453,-0.5900001525878906,1.630000114440918,-1.2000007629394531,1.3899993896484375,-0.10000038146972479,0.32999992370605113,-1.2700004577636719,-0.35000038146972834,1.8500003814697266,1.3300008773803746,-0.48999977111816406,5.0,7.0,11-10,-0.03500016530354818
10-12,-2.6300010681152344,-1.3600006103515625,1.2200002670288086,-0.9500007629394531,1.7700004577636719,-0.9800004959106445,-0.019998550415039062,-0.899999618530277,-0.23999977111816584,1.3500003814697266,1.9400005340576172,1.260000228881836,5.0,7.0,11-11,0.03833341598510698
10-13,-2.6299991607666016,-1.1199998855590803,1.0200004577636719,-2.1999988555908274,2.7299995422363246,-1.4499998092651385,0.529999732971195,-0.3699989318847692,-0.19999980926513672,1.2099990844726598,1.630001068115238,1.109999656677246,6.0,6.0,11-12,0.0216669241587318
10-14,-3.0900001525878906,-0.8100004196166974,0.9800004959106445,-2.0,2.530000686645508,-1.8199996948242188,0.09000015258788885,-0.26000022888183594,0.4600000381469762,0.15999984741211293,1.4799995422363281,0.9099998474121094,7.0,5.0,11-13,-0.11416665712992291
10-15,-3.2200012207031286,-0.8299989700317365,1.0,-2.3499984741210973,2.570000648498535,-0.26999950408935547,-0.17000007629394887,0.6999988555908203,1.0499992370605487,-0.4200000762939453,1.0399999618530273,0.5299997329711914,6.0,6.0,11-14,-0.03083332379659076
10-16,-3.320001602172855,-1.0000009536743182,1.2899999618530291,-2.6400012969970668,2.3599996566772496,-0.439999580383299,-0.18999958038330256,1.2700004577636719,0.9200000762939471,-0.37999916076660156,0.9899997711181641,0.8999996185302734,6.0,6.0,11-15,-0.02000021934509233
10-17,-3.960000991821289,-1.2900009155273438,1.2399997711181658,-3.1100006103515625,2.2699995040893572,0.0900001525878924,-0.17999935150146662,1.340000152587887,0.8099994659423828,-0.3999996185302699,0.5299997329711932,1.6700000762939453,7.0,5.0,11-16,-0.08250021934509233
10-18,-3.760001182556154,-1.42000102996826,0.9200000762939489,-3.5499992370605504,1.8800001144409215,0.02999973297118963,-1.0900001525878924,1.0000000000000036,0.8999996185302752,0.12999916076660512,0.880000114440918,1.6700000762939453,8.0,4.0,11-17,-0.20083355903625413
10-19,-3.480001449584961,-1.00000095367432,1.3699998855590803,-3.200000762939453,2.010000228881836,-0.05000019073486506,-1.1399993896484375,0.5,0.8999996185302752,0.06999969482421875,0.3800001144409162,1.6700000762939453,7.0,5.0,11-18,-0.16416692733764707
10-20,-3.8999996185302734,-0.7199993133544957,1.2899999618530273,-3.1799983978271484,1.8800001144409197,-0.21000003814697443,-1.4799995422363281,0.4799995422363281,0.36999988555908203,-1.0499992370605469,0.7799997329711932,1.8399991989135742,6.0,6.0,11-19,-0.3249998092651369
10-21,-3.729999542236328,-0.6999988555908203,0.9700002670288068,-3.559999465942383,2.0,-0.36999988555908203,-0.20000076293945312,0.31999969482421875,0.17000007629394176,-1.7299995422363281,-0.019999504089357245,2.0999994277954084,5.0,7.0,11-20,-0.3958331743876147
10-22,-4.239999771118168,-0.7399997711181641,0.39999961853027344,-3.2099990844726562,1.8699998855590803,-0.22000026702880682,-0.28000068664550604,1.5400009155273438,1.1300001144409144,-2.4099998474121094,-1.2299995422363281,1.4299993515014666,5.0,7.0,11-21,-0.49666659037272165
10-23,-3.760000228881836,-0.4299983978271449,0.26000022888183594,-2.379999160766598,2.0799999237060547,-0.5500001907348651,0.21999931335449396,1.2800006866455043,1.439999580383299,-2.5,-1.9000005722045916,1.219999313354494,6.0,6.0,11-22,-0.4183332920074461
10-24,-3.979999542236328,-0.4699993133544922,0.19999980926513672,-1.9099998474121094,1.8299999237060547,0.3299999237060547,0.3200006484985334,1.2400016784667969,1.3099994659423846,-2.770000457763672,-1.920001029968267,1.8099994659423828,7.0,5.0,11-23,-0.3341666062672937
10-25,-4.199999809265137,-0.2600002288818395,0.3900003433227539,-1.7000007629394496,1.5799999237060547,0.8199996948242188,0.7200002670288068,1.1700000762939418,0.9900007247924822,-3.219999313354492,-2.2100000381469744,1.8099994659423828,7.0,5.0,11-24,-0.34249997138977095
10-26,-4.279999732971191,-0.5500011444091832,0.010000228881837714,-1.7800006866455043,1.199999809265135,0.7600002288818342,0.9900007247924787,1.7499999999999964,0.8400001525878906,-3.719999313354492,-1.8900003433227557,1.8099994659423828,7.0,5.0,11-25,-0.40500005086263097
10-27,-3.830000877380371,0.5799999237060547,-0.3900003433227539,-1.5500011444091797,0.9700002670288068,1.0399999618530273,1.3400001525878924,1.889999389648441,1.0900001525878906,-3.9699993133544957,-1.6099996566772443,1.9799995422363281,7.0,5.0,11-26,-0.20500016212463365
10-28,-2.5699996948242188,1.119998931884762,-0.35999965667724787,-1.1900005340576172,1.0999994277954048,0.9200000762939453,0.869999885559082,1.9300003051757812,1.5300006866455114,-3.7199993133544957,-1.4099998474121094,2.289999961853029,7.0,5.0,11-27,0.042500019073485586
10-29,-3.2099990844726527,1.1399993896484375,-0.1999998092651385,-1.3900012969970703,0.8599987030029261,0.9099998474121112,1.1800003051757812,1.4299983978271413,1.7200002670288104,-2.639999389648441,-1.340000152587887,2.1799993515014666,7.0,5.0,11-28,0.053333044052123725
10-30,-2.479999542236328,1.1899995803833043,-0.2399997711181623,-1.4800014495849574,0.5,0.9600000381469762,1.0500001907348615,1.2999992370605433,1.9800004959106463,-3.120000839233402,-0.9700002670288068,2.189999580383301,7.0,5.0,11-29,0.07333310445149799
10-31,-2.189999580383299,1.2799997329711914,0.4200000762939471,-0.10000038146972656,0.5300006866455078,0.9499998092651385,1.2099990844726562,1.3599987030029261,2.919999122619629,-1.8099994659423864,-0.5600004196166974,1.4799995422363281,8.0,4.0,11-30,0.45749974250793457
11-01,-2.5500001907348615,1.109999656677246,0.4300003051757795,-0.5200004577636719,0.8900003433227539,1.0299997329711896,1.1399993896484375,2.1599998474121094,3.500000953674313,-0.7700004577636719,-0.8800001144409144,1.4799995422363281,8.0,4.0,12-01,0.5849998792012531
11-02,-2.1999998092651367,0.5900001525878906,0.75,-0.279998779296875,0.8299999237060547,1.2100000381469709,0.3099994659423846,-0.11000061035155895,3.1500005722045863,-1.0,-1.2099990844726527,1.4799995422363281,7.0,5.0,12-02,0.293333450953166
11-03,-2.7899990081787145,0.8699998855590838,-0.11999988555908381,0.2600002288818395,1.0,0.8299999237060511,-0.6899986267089808,0.18000030517578836,3.4500007629394496,-1.8299999237060547,-1.2399988174438459,1.0399999618530291,7.0,5.0,12-03,0.08000040054321349
11-04,-2.6100006103515625,0.5799999237060547,-0.1100006103515625,0.370000839233402,1.010000228881836,1.0399999618530238,-0.8299989700317383,0.2999992370605504,3.059999465942383,-1.529998779296875,-1.1999988555908168,1.6799993515014666,7.0,5.0,12-04,0.14666676521301344
11-05,-0.5399999618530273,0.3600006103515625,0.05999946594238281,0.46999931335449574,1.2700004577636719,1.1399993896484375,-0.8000001907348633,0.3400001525878906,2.6399993896484375,-1.529998779296875,-1.6500005722045916,1.2299995422363281,8.0,4.0,12-05,0.24916656812032079
11-06,-0.5900001525878906,-0.6400003433227539,0.14999961853027344,0.6100006103515625,1.4799995422363246,0.5399999618530238,-0.5699987411498988,-0.22999954223632812,3.279998779296875,-1.2299995422363281,-1.3000011444091815,1.3799991607666016,6.0,6.0,12-06,0.23999985059102333
11-07,-0.5999994277954102,-0.7400007247924787,0.5799999237060547,0.6700000762939489,0.879999160766598,1.4200000762939435,-0.7100009918212873,0.5200004577636719,3.3400001525878906,-2.7300014495849574,-1.530000686645506,-0.37000083923339844,6.0,6.0,12-07,0.060832977294922465
11-08,-0.26000022888183594,-0.7400007247924787,0.48000049591064453,1.5699996948242259,-0.07999992370605469,1.3400001525878924,-0.23000049591064275,0.5599994659423828,3.7100000381469727,-2.9300003051757777,-1.2200012207031268,-0.37000083923339844,5.0,7.0,12-08,0.15249967575073362
11-09,-0.30000019073486506,-0.14999961853027344,0.9600000381469727,1.3700008392333984,0.3899993896484375,-0.5600004196166974,0.049999237060546875,0.7899990081787145,3.1099996566772443,-1.8800010681152308,-1.0499992370605469,-0.37000083923339844,6.0,6.0,12-09,0.1966663996378585
11-10,-0.4300003051757795,0.09999942779540838,1.0900001525878924,1.8399982452392578,-1.1599998474121094,-0.19999980926513494,-0.25,0.0,2.520000457763672,-1.4099998474121058,-0.9399995803833026,0.0,4.0,8.0,12-10,0.09666657447814986
11-11,-0.5499992370605433,0.2899999618530291,0.8000001907348633,1.8599987030029297,-1.1700000762939453,0.0,0.6699991226196307,-0.5700016021728516,2.8899993896484375,-2.2300014495849574,-0.7999992370605469,0.0,5.0,7.0,12-11,0.09916631380717049
11-12,-0.07999992370605469,0.5799999237060547,0.9899997711181623,1.4799995422363281,-1.6400003433227521,-0.8299999237060582,0.7899990081787109,-0.23000144958495738,3.3799991607666016,-1.6700000762939418,-0.880000114440918,0.0,5.0,7.0,12-12,0.15749963124593128
11-13,-0.27999973297118963,0.11999988555908025,1.1099996566772479,1.3700008392333984,-1.7299995422363317,-0.6099996566772479,1.6999998092651367,-0.39000129699706676,3.779998779296875,-2.219999313354492,-1.869999885559082,0.0,5.0,6.0,12-13,0.08166662851969402
11-14,-0.34999942779541016,0.1500005722045863,1.1000003814697266,1.5300006866455078,-1.5699996948242188,-0.5299997329711932,1.3099994659423793,-0.860000610351559,3.5700006484985316,-1.4799995422363281,-2.0299997329711914,0.0,5.0,6.0,12-14,0.07000025113423591
11-15,0.07999992370605469,0.09000015258788885,1.0,2.0,-1.4399995803833026,-0.43000030517578125,0.9799995422363263,-0.8799991607666051,3.7500009536743164,-1.3400001525878906,-2.4299993515014684,0.0,6.0,5.0,12-15,0.11500016848246153
11-16,0.3299999237060547,-0.1700000762939453,0.6799993515014666,2.3800010681152344,-1.7599992752075178,-0.13000011444091797,1.0099992752075178,-1.1899986267089808,3.6500005722045916,-0.6599998474121094,-0.9200000762939453,0.0,5.0,6.0,12-16,0.26833351453145404
11-17,0.9699993133544922,-0.6600008010864258,0.9099998474121094,1.8699989318847656,-1.7299995422363281,0.1399993896484375,1.1899995803833008,-1.5499992370605433,2.690000534057619,-1.0200004577636719,-1.3000001907348633,0.0,6.0,5.0,12-17,0.125833113988241
11-18,1.2700004577636754,-1.1000013351440465,1.0499992370605469,1.7299995422363281,-1.6799993515014666,-0.1700000762939453,0.4100008010864258,-1.2899990081787038,1.989999771118164,-1.3899993896484375,-1.130000114440918,0.0,5.0,6.0,12-18,-0.025833288828531458
11-19,1.7000007629394567,-1.0600004196166992,1.069999694824217,1.8999996185302734,-1.6899995803833008,0.23999977111816406,0.21000003814697266,-1.4500007629394531,2.1900005340576136,-1.779998779296875,-0.5999994277954084,0.0,6.0,5.0,12-19,0.06083345413208008
11-20,1.9200010299682653,-1.0299987792968732,1.0500001907348633,1.8899993896484375,-1.7700004577636719,-0.25,-0.18999958038330078,-1.6900005340576172,3.030000686645508,-0.9300003051757812,0.32999992370605824,0.0,5.0,6.0,12-20,0.1966667970021573
11-21,1.880000114440918,-1.2399988174438459,0.6800003051757795,1.6300010681152344,-2.0,-0.1900005340576154,-0.7900009155273438,-1.8000011444091797,3.239999771118164,-1.1800003051757848,0.42000007629394887,0.0,5.0,6.0,12-21,0.054166634877522934
11-22,1.7300004959106445,-1.6999988555908168,1.3299999237060547,1.2700004577636719,-1.7700004577636719,-0.28999996185302734,-0.8400001525878924,-2.520000457763672,3.890000343322752,-1.4300003051757848,0.1399993896484375,0.0,5.0,6.0,12-22,-0.01583329836527536
11-23,2.09999942779541,-2.3899993896484375,1.8999996185302752,1.2700004577636719,-1.9699993133544886,-0.6599998474121076,-0.9100008010864276,-2.359998703002926,3.700000762939453,-1.4300003051757848,-0.03999996185302557,0.0,4.0,7.0,12-23,-0.06583317120869896
11-24,1.5,-2.0399990081787145,1.939999580383299,1.3600006103515625,-1.74999904632568,-0.4499998092651367,-0.7799997329711896,-2.229999542236328,3.700000762939453,-2.6200008392333984,-0.2300004959106463,0.0,4.0,7.0,12-24,-0.13333312670389827
11-25,1.1199998855590803,-2.1299991607666016,1.939999580383299,1.3600006103515625,-1.74999904632568,-0.3099994659423846,-0.9199991226196271,-2.229999542236328,3.440000534057617,-2.6200008392333984,-0.2300004959106463,0.0,4.0,7.0,12-25,-0.19416642189025893
11-26,1.4800004959106428,-2.1299991607666016,1.2799997329711896,1.2000007629394531,-1.5400009155273438,-0.4099998474121094,-0.8499994277954084,-2.289999008178711,3.8400001525878906,-3.4999999999999964,-0.6099996566772479,0.0,4.0,7.0,12-26,-0.29416640599568683
11-27,1.4800004959106428,-2.2699995040893555,1.4700002670288068,1.100000381469723,-1.530000686645506,-0.5900001525878906,-0.8499994277954084,-3.309999465942383,3.760000228881836,-3.229999542236328,-0.6499996185302734,0.0,4.0,7.0,12-27,-0.384999752044678
11-28,1.0099992752075195,-2.279999732971193,1.429999351501463,-1.1200008392333984,-1.7000007629394513,-0.5900001525878906,0.03999996185302379,-3.3699998855590803,3.4300012588500977,-1.8799991607666016,-0.6199998855590803,0.0,4.0,7.0,12-28,-0.4708333810170493
11-29,0.9399995803833043,-2.2599992752075213,1.8199996948242205,-1.4400005340576172,-1.7000007629394513,-0.19000053405761363,-0.09999942779541371,-3.809999465942383,2.689998626708988,-1.2599983215332031,-0.6199998855590803,0.0,3.0,8.0,12-29,-0.49416669209798086
11-30,1.419999122619629,-2.1499996185302734,1.27000045776367,-1.5500011444091797,-1.7100009918212873,-0.09000015258788885,-0.0900001525878924,-1.2799997329711932,3.049999237060547,-1.5599994659423828,-0.3900003433227539,0.0,3.0,8.0,12-30,-0.25666689872741716
12-01,1.75,-2.3199996948242188,1.1000003814697248,-1.5999984741210938,-1.8500003814697283,0.11999988555908381,-0.04000091552734375,-1.4600000381469709,3.469999313354492,-1.9699993133544922,-0.5300006866455078,0.0,4.0,7.0,12-31,-0.2774999936421712
12-02,1.7700004577636719,-1.359999656677246,1.0100002288818342,-1.5999984741210938,-1.8500003814697283,-0.09000015258788885,-0.0800008773803711,-0.8900003433227521,2.8299999237060547,-1.9699993133544922,-0.5300006866455078,0.0,3.0,8.0,01-01,-0.22999993960062662
12-03,1.4600000381469727,-1.2599992752075213,0.5799999237060529,-1.4499988555908203,-1.9500007629394513,-0.46999931335448863,0.4099998474121076,-1.6400003433227521,2.730001449584961,-2.3600006103515625,-0.2899999618530291,0.0,4.0,7.0,01-02,-0.3533331553141276
12-04,1.1200008392333984,-1.0099992752075213,0.7100000381469727,-0.9400005340576136,-1.7299995422363246,0.07999992370605646,-0.07000064849853693,-1.6499996185302734,2.5,-0.5599994659423899,-0.3699998855590856,0.0,4.0,7.0,01-03,-0.15999984741210982
12-05,1.050000190734865,-1.1499996185302752,0.6899995803833008,-1.1800003051757884,-2.0,1.9800004959106463,-0.4499998092651367,-1.75,3.059999465942383,-0.3299999237060547,-0.3900003433227557,0.0,4.0,7.0,01-04,-0.03916668891906797
12-06,1.1199998855590838,-1.2799997329711932,1.1199998855590803,-1.2999992370605504,-0.4500007629394531,1.609999656677246,-0.5799999237060547,-1.5899991989135742,1.8199996948242188,-0.3299999237060547,-0.5,0.0,4.0,7.0,01-05,-0.029999971389770952
12-07,1.1899995803833026,-1.4500007629394531,0.5999994277954102,-1.3199996948242223,-0.1100006103515625,1.4699993133544922,-0.3299999237060547,-2.0799989700317365,1.5799999237060547,0.4900016784667969,-1.0900001525878906,0.0,5.0,6.0,01-06,-0.08750001589457194
12-08,1.77000045776367,-1.5199995040893572,0.46000003814697443,-0.6200008392333984,0.1399993896484375,1.6299991607666016,0.020000457763668322,-2.489998817443846,1.0900001525878906,-0.4200000762939453,-0.9499998092651349,0.0,6.0,5.0,01-07,-0.0741666158040366
12-09,1.9799995422363317,-0.9299993515014666,0.34000015258788885,-0.37000083923339844,0.21000003814697443,1.439999580383299,-0.6099996566772443,-2.3299989700317365,0.6200008392333984,-0.35000038146972656,-0.9099998474121112,0.0,5.0,6.0,01-08,-0.07583324114481593
12-10,1.769999504089359,-0.9600000381469727,-1.2899999618530273,-1.1300010681152308,0.5799999237060511,1.6599998474121112,-0.17000007629394176,-2.300000190734865,0.4300003051757848,0.2899990081787145,-0.8400001525878888,0.0,5.0,6.0,01-09,-0.16333357493082548
12-11,1.3400001525878942,-0.319999694824217,-1.4100008010864258,-0.639999389648441,0.6899995803833026,1.7200002670288086,0.15999984741211115,-3.050000190734865,0.32000160217285156,0.7199993133544922,0.26999950408935547,0.0,7.0,4.0,01-10,-0.01666665077209443
12-12,0.5500011444091797,-0.9099998474121094,-1.6000003814697266,-0.24000167846679688,0.8899993896484375,1.4200000762939453,0.23000049591064453,-2.529999732971193,0.18999862670898438,0.1900005340576172,-0.4400005340576172,0.0,6.0,5.0,01-11,-0.18750015894571956
12-13,0.8900012969970703,-1.0,-1.5700006484985352,-0.07999992370605469,0.8599996566772479,0.46000003814697266,-2.4099998474121094,-2.020000457763672,-0.1100006103515625,1.230001449584961,-0.06000041961669922,0.0,4.0,7.0,01-12,-0.31749995549519844
12-14,0.4099998474121058,-0.9600000381469727,-1.5699996948242188,0.05999946594238281,1.1099996566772479,0.37000083923339844,-2.1599998474121094,-1.680001258850103,0.2800006866455078,1.6000003814697266,-0.28999996185302734,0.0,6.0,5.0,01-13,-0.23583332697550516
12-15,0.3900012969970703,-1.0899991989135742,-1.5299997329711896,-0.7999992370605504,1.2799997329711932,0.6600008010864276,-1.6299991607666016,-1.4800004959106463,0.07999992370605824,1.3799991607666016,-0.48000049591064453,0.0,5.0,6.0,01-14,-0.26833311716715463
12-16,0.44999885559081676,-1.329999923706053,-1.510000228881836,-1.600000381469723,0.5199995040893572,1.1499996185302734,-1.5600004196166992,-1.2400007247924822,-0.7600002288818359,1.9099998474121094,-0.029999732971191406,0.0,4.0,7.0,01-15,-0.333333651224772
12-17,0.5699996948242188,-1.1199998855590803,-1.1400003433227521,-1.100000381469723,0.5500001907348633,1.0200004577636719,-1.2299995422363281,-1.1300001144409197,-0.09000015258789062,2.0399990081787074,0.08999919891357244,0.0,5.0,6.0,01-16,-0.12833348910013834
12-18,0.7199993133544922,-0.6599998474121094,-1.1500005722045863,-0.46999931335449574,0.7100000381469727,0.8400001525878906,-1.1800003051757795,-1.0999994277954084,0.06999969482421875,1.3199996948242188,-0.5099992752075213,0.0,5.0,6.0,01-17,-0.1174999872843423
12-19,0.35000038146972656,-0.7399997711181641,-1.25,-0.18000030517578125,0.7799997329711914,1.2100000381469709,-1.1099996566772443,-1.0299997329711914,-0.649999618530277,1.7899990081787145,-0.5299997329711932,0.0,4.0,7.0,01-18,-0.11333330472310399
12-20,0.7700004577636719,-0.7200002670288086,-1.5500001907348633,-0.06999969482421875,0.5599994659423828,1.0,-0.5399999618530238,-1.0099992752075195,-0.7900009155273438,1.8999996185302734,-0.33999919891357244,0.0,4.0,7.0,01-19,-0.0658333301544185
12-21,0.5300006866455078,-0.6500005722045898,-1.5500001907348615,0.09000015258789062,0.46000003814697266,0.2799997329711914,-0.7999992370605451,-0.8100004196166974,-1.1900005340576172,2.7799987792968714,0.06000041961669922,0.0,6.0,5.0,01-20,-0.06666676203409816
12-22,0.6000003814697266,-0.06999969482421697,-1.7400007247924787,0.2800006866455078,-0.06999969482421875,0.5199995040893572,-1.060000419616701,0.21000003814697443,-1.1100006103515625,2.3999996185302734,0.5,0.0,6.0,5.0,01-21,0.03833325703938847
12-23,0.37000083923339844,-0.05999946594237926,-1.699999809265135,0.6000003814697266,0.0900001525878924,0.31999969482421875,-0.8499994277954084,0.2700004577636719,-1.3700008392333984,2.549999237060547,0.4899997711181623,0.0,7.0,4.0,01-22,0.05916674931844135
12-24,0.44000053405761363,-0.07999992370605113,-1.5799999237060547,0.7299995422363246,0.050000190734861505,0.5500001907348615,-0.7100000381469709,-0.2200002670288086,-0.9500007629394531,3.1599998474121094,0.03999996185302912,0.0,6.0,5.0,01-23,0.11916661262512178
12-26,-0.28999900817871094,0.03999996185302912,-1.4700002670288068,0.7100009918212855,-0.2599992752075213,0.4499998092651367,-0.8499994277954102,-0.3600006103515625,-0.6000003814697266,0.8399982452392578,0.039999961853027344,0.0,5.0,6.0,01-25,-0.14583333333333348
12-27,-0.6799983978271449,-0.030000686645506036,-1.369999885559082,0.6599998474121058,-0.11999988555908025,0.5999994277954102,-0.5099992752075213,-0.12000083923339844,-0.8299999237060547,0.8399982452392578,0.18000030517578125,0.0,4.0,7.0,01-26,-0.11500008900960272
12-28,-0.5499992370605469,0.08999919891357422,-1.1400003433227521,0.5100002288818324,-1.3800001144409197,0.5500001907348651,-1.4399995803833008,0.07999992370605113,-0.7300014495849609,1.2299995422363281,0.08999919891357422,0.0,6.0,5.0,01-27,-0.22416687011718794
12-29,-1.0,-0.030000686645507812,-1.2700004577636719,0.0,-1.7999992370605487,0.7100000381469744,-1.2299995422363281,0.08999919891357244,-0.5,0.8899993896484375,-0.07999992370605469,0.0,3.0,8.0,01-28,-0.35166676839192723
12-30,-0.850000381469723,-0.2800006866455078,-1.25,0.039999008178707385,-1.4299993515014648,0.689999580383299,-1.3000001907348633,0.189999580383299,-0.8400001525878942,1.7700004577636754,-0.09000015258789062,0.0,4.0,7.0,01-29,-0.27916685740153024
12-31,-0.9200000762939418,-0.1400003433227539,-1.7300004959106428,-0.06999969482422586,-0.8899993896484375,0.38000011444091797,-1.1700000762939453,-0.3299999237060547,-0.6299991607666016,1.7399997711181676,0.029999732971193183,0.0,3.0,8.0,01-30,-0.3108332951863604
