,2009,2010,2011,2012,2013,2014,2015,2016,2017,2018,2019,2020,ups,downs,end_day_sum,avg
01-02,-0.43000006675720215,1.1300001144409162,-0.9799995422363281,1.1599998474121094,-0.26999950408935547,-0.17999935150146484,-0.8999996185302717,-2.260000228881834,-0.2200002670288086,-1.5999994277954102,0.8099999427795401,-0.5600004196166974,3.0,9.0,02-01,-0.3583332101504006
01-03,-0.6299998760223386,0.5600004196166974,-1.300000190734865,1.2899999618530273,-0.5299997329711932,-0.25,0.09000015258789062,-2.030000686645506,-0.2300004959106463,-1.7899999618530291,0.929999828338623,-0.35000038146972656,4.0,8.0,02-02,-0.35333341360092224
01-04,-0.7099999189376827,0.8400001525878888,-1.4899988174438423,1.0299997329711896,-0.639999389648441,-0.3299999237060547,-0.05000019073486328,-1.9000005722045863,-0.8500003814697248,-2.0099992752075213,0.630000114440918,-0.31999969482421875,3.0,9.0,02-03,-0.48333318034807826
01-05,-0.6999999284744263,0.430000305175783,-2.489999771118164,0.7399997711181641,-0.48000049591064453,-0.619999885559082,0.5100002288818359,-2.210000038146971,-0.45000076293945135,-2.229999542236328,0.5100002288818359,-0.3400001525878906,4.0,8.0,02-04,-0.6108333369096116
01-06,-0.799999952316284,0.27000045776367365,-2.819999694824215,0.619999885559082,-0.4099998474121076,-1.0299997329711896,1.0299997329711914,-1.6499996185302717,-0.4400005340576154,-2.22999954223633,0.43000030517578125,-0.18000030517578125,4.0,8.0,02-05,-0.6008332371711722
01-07,-0.7400000095367429,-0.019999504089353692,-2.8700008392333984,0.4600000381469709,-0.5500001907348615,-0.5100002288818359,0.8299999237060547,-1.2399997711181623,-0.3500003814697248,-2.439999580383301,0.40999984741211115,-0.06999969482422053,3.0,9.0,02-06,-0.5908333659172054
01-08,-0.7400000095367429,-0.0499992370605451,-2.5499992370605504,0.9899997711181623,-0.1700000762939471,-0.8100004196166992,0.4499998092651367,-1.0799999237060547,-0.06999969482421875,-2.9099998474121094,0.38000011444091797,-0.939999580383299,3.0,9.0,02-07,-0.6249998609224958
01-09,-0.6800000667572019,-1.049999237060545,-2.5899991989135795,1.1599998474121076,-0.2700004577636719,-1.1100006103515625,0.6599998474121094,-1.2400007247924787,-0.1099996566772461,-2.3199996948242188,0.0,-0.9499998092651349,2.0,10.0,02-08,-0.7083333134651185
01-10,-0.710000157356262,-1.199999809265135,-2.199998855590824,1.079999923706053,-0.6300001144409197,-1.3400001525878942,0.6300001144409197,-1.320000648498537,-0.5100002288818359,-2.2699995040893572,0.05000019073486328,-0.939999580383299,3.0,9.0,02-09,-0.779999901851019
01-11,-0.7000000476837158,-1.1399993896484375,-2.0400009155273438,0.7700004577636701,-0.8000001907348651,-1.260000228881836,0.6399993896484375,-1.1800003051757812,-0.28999996185302734,-2.3999996185302734,-0.09999942779541016,-0.9899997711181641,2.0,10.0,02-10,-0.7908333341280622
01-12,-0.7400001287460329,-0.7200002670288086,-2.6199989318847656,0.6999998092651349,-0.9200000762939435,-1.1400003433227557,0.6999998092651385,-1.5,-0.21000003814697266,-2.469999313354492,-0.6799993515014631,-1.130000114440918,2.0,10.0,02-11,-0.8941665788491565
01-13,-0.6599999666213987,-0.7400007247924787,-2.5900001525878906,0.8000001907348633,-0.8899993896484375,-1.2700004577636719,0.880000114440918,-0.8599996566772443,-0.25,-2.670000076293947,-0.5999994277954102,-1.179999351501463,2.0,10.0,02-12,-0.8358332415421801
01-14,-0.4099999666213987,-0.8200006484985352,-2.559999465942383,0.6699991226196289,-0.8800001144409197,-1.4399995803833008,1.1400003433227557,-0.8499994277954102,-0.22999954223632635,-2.5700006484985334,-0.6599998474121094,-1.189999580383299,2.0,10.0,02-13,-0.8166666130224859
01-15,-0.3799999952316282,-0.6600008010864258,-2.750000953674318,0.4199991226196289,-1.2200002670288104,-1.7000007629394531,1.3900003433227557,-0.6300001144409162,-0.09999942779540838,-2.40000057220459,-0.38000011444091797,-0.9499998092651367,2.0,10.0,02-14,-0.7800002793471017
01-16,-0.34000003337860085,-0.8100004196166992,-2.320001602172855,0.5199995040893555,-1.1800003051757795,-1.7299995422363281,1.2299995422363281,-0.6099996566772443,-0.0499992370605451,-2.510000228881836,0.11999988555908381,-0.9300003051757795,3.0,9.0,02-15,-0.7175001998742417
01-17,-0.2800000905990603,-0.5699996948242205,-2.6100006103515625,0.45999908447265625,-1.1800003051757795,-1.5200004577636719,1.239999771118164,-0.7799997329711914,0.03999996185302912,-1.4400005340576154,0.05000019073486506,-0.9200000762939453,4.0,8.0,02-16,-0.625833541154861
01-18,-0.3400001525878913,-0.630000114440918,-2.6000003814697266,0.039999961853027344,-1.069999694824217,-1.4099998474121094,1.3500003814697266,-0.3999996185302699,0.2200002670288086,-1.3299999237060565,-0.17000007629394354,-0.9700002670288086,3.0,9.0,02-17,-0.6091666221618649
01-19,-0.3700001239776616,-0.4300003051757795,-1.8500003814697266,-0.22999954223632635,-1.130000114440918,-1.3299999237060547,1.289999008178711,-0.07999992370605291,0.1999998092651385,-1.260000228881836,-0.09000015258788885,-0.9600000381469727,2.0,10.0,02-18,-0.5200001597404472
01-20,-0.44000005722045943,-0.020000457763671875,-1.730001449584961,-0.21000003814697266,-1.060000419616701,-1.1700000762939453,1.1000003814697266,0.37000083923339844,0.27000045776367365,-1.2800006866455078,-0.07999992370605469,-1.1099996566772443,3.0,9.0,02-19,-0.4466667572657266
01-21,-0.41999995708465576,0.3099994659423846,-1.9000015258789062,-0.2799997329711914,-1.1499996185302734,-1.0199995040893537,1.2399988174438459,0.26000022888183594,0.31999969482421875,-1.260000228881836,0.039999961853027344,-1.1499996185302717,5.0,7.0,02-20,-0.417500168085098
01-22,-0.2700001001358032,0.9699993133544922,-1.8800010681152344,0.07999992370605469,-1.1800003051757812,-1.2999992370605469,1.1799993515014595,0.1300001144409162,0.22999954223632812,-1.4100008010864258,0.3299999237060547,-1.1599998474121094,6.0,6.0,02-21,-0.35666693250338294
01-23,-0.12999999523162842,0.3500003814697248,-1.9600000381469744,0.09000015258789062,-1.2799997329711914,-1.1800003051757777,1.2999992370605433,0.2800006866455078,0.26999950408935547,-1.3299999237060547,0.5999994277954119,-1.140000343322754,6.0,6.0,02-22,-0.3441667457421622
01-24,-0.31000006198883057,0.26000022888183416,-2.1599998474121094,-0.28999996185302734,-1.2699995040893555,-0.5799999237060547,1.350000381469723,0.12000083923339844,0.07999992370605646,-1.4499998092651385,0.33999919891357244,-1.0,5.0,7.0,02-23,-0.40916654467582764
01-25,-0.36000001430511475,0.18000030517577947,-2.6599998474121094,-0.6500005722045863,-1.079999923706053,-0.4399995803833008,1.3199996948242188,0.5800008773803711,-0.11999988555908203,-0.969999313354494,0.07999992370605469,-0.8600006103515625,4.0,8.0,02-24,-0.4149999121824899
01-26,-0.21000003814697266,0.4100008010864258,-3.510001182556154,-0.5100002288818342,-1.3899993896484375,-0.5500001907348633,1.2999992370605433,0.15999984741210938,0.3000001907348633,-1.0499992370605469,0.050000190734861505,-1.0000004768371573,5.0,7.0,02-25,-0.5000000397364303
01-27,0.02999997138977073,0.17999935150146307,-3.9300012588500994,0.06999969482422053,-1.300000190734865,-0.5299997329711932,1.510000228881836,0.22999954223632812,0.18000030517578125,-0.48999977111816406,0.050000190734861505,-1.320000171661376,7.0,5.0,02-26,-0.4433334867159531
01-28,-0.019999980926513672,0.31999969482421875,-1.4100008010864276,0.1099996566772461,-1.6499996185302752,-0.5700006484985334,2.0500001907348633,0.36999988555908203,0.1900005340576172,-0.4200000762939453,0.10000038146972479,-1.7400002479553223,6.0,6.0,02-27,-0.22250008583068878
01-29,0.059999942779540794,0.8899993896484375,-1.25,-0.06000041961669922,-0.8000001907348651,0.0,1.6599998474121094,0.1400003433227539,0.10000038146972479,-0.22999954223632812,0.11999988555908203,-1.6499996185302734,6.0,6.0,02-28,-0.08499999841054312
01-30,0.1399999856948848,0.6599998474121112,-0.8800001144409144,0.010000228881837714,-0.17000007629394354,0.010000228881835938,1.8000001907348633,0.32000064849853516,0.28999996185302734,-0.4500007629394531,0.06999969482421875,-1.630000114440918,8.0,4.0,02-29,0.014166643222173758
01-31,0.10000002384185791,0.619999885559082,-0.8999996185302699,-0.1700000762939453,-0.189999580383299,0.3000001907348633,1.1099987030029261,0.4000005722045863,0.17000007629394887,-0.3600006103515607,-0.020000457763671875,-1.609999656677246,6.0,6.0,03-01,-0.04583337903022736
02-01,0.12000000476837158,1.2899999618530273,-1.2300004959106463,0.05000019073486328,-0.26000022888183594,0.8400001525878906,1.0699996948242188,0.4400005340576154,0.36999988555908025,-0.31000041961669744,0.05999946594238281,-2.0099997520446777,8.0,4.0,03-02,0.035833249489466056
02-02,0.0,0.8299999237060511,-0.7399997711181641,0.11999988555908203,-0.27000045776367365,0.8400001525878906,1.2999992370605504,1.5799999237060547,0.4099998474121076,-0.10000038146972656,0.07000064849853516,-2.0199995040893555,7.0,5.0,03-03,0.16833329200744598
02-03,-0.15000009536743186,1.049999237060545,-1.1000003814697266,-0.4099998474121094,-0.27000045776367365,0.6499996185302699,0.5200004577636719,1.7600002288818342,0.12999916076660156,0.05000019073486328,0.09000015258788885,-1.7799997329711905,7.0,5.0,03-04,0.04499987761179525
02-04,-0.08000004291534402,1.6299991607666016,-1.0600004196166974,-0.3000001907348633,-0.13000011444091797,0.5,0.16000080108642578,1.6900005340576136,0.1399993896484375,0.15999984741210938,0.11000061035156072,-2.210000514984129,7.0,5.0,03-05,0.05083325505256638
02-05,-0.059999942779540794,1.7799997329711914,-1.3500003814697266,-0.23999977111816584,-0.31000041961669744,0.9000005722045898,0.18000030517578125,1.7700004577636719,0.12999916076660156,0.3400001525878924,0.02000045776367365,-1.2300004959106463,7.0,5.0,03-06,0.16083331902821874
02-06,-0.07000005245208696,1.8199996948242205,-1.6900005340576172,-0.5,-0.30999946594237926,0.7799997329711914,0.1700010299682635,1.9499998092651367,0.0,-0.13000011444091797,-0.1400003433227539,-1.1700000762939453,4.0,8.0,03-07,0.0591666400432593
02-07,-0.09000003337860085,2.029999732971193,-2.1000003814697266,-0.7899999618530273,-0.17999935150146484,0.6599998474121112,0.1900005340576172,2.0,0.11999988555908203,-0.13000011444091797,0.2699995040893537,-1.0299997329711914,6.0,6.0,03-08,0.07916666070620236
02-08,-0.19999992847442605,1.9600000381469727,-1.7699995040893572,-0.6000003814697266,-0.21000003814697088,0.8299999237060547,0.010000228881834161,2.0299997329711914,0.1499996185302752,0.1999998092651385,0.18999958038330078,-1.320000648498537,7.0,5.0,03-09,0.10583320260047913
02-09,-0.1599999666213987,1.6500005722045916,-1.8000001907348633,-0.4499998092651367,-0.27999973297118963,0.7799997329711914,0.1100006103515625,1.8799991607666016,0.1499996185302752,0.10000038146972479,0.14999961853027166,-1.570000648498537,7.0,5.0,03-10,0.046666612227757774
02-10,0.029999971389770508,1.8800001144409197,-1.6599998474121076,-0.19999980926513672,-0.1300001144409162,0.6700000762939453,-0.3699998855590838,1.8499994277954102,0.019999504089357245,-0.09000015258789062,0.09000015258789062,-2.1600003242492685,6.0,6.0,03-11,-0.005833407243092485
02-11,0.11000001430511475,1.639999389648441,-2.0899991989135707,-0.07999992370605469,0.2300004959106463,0.3400001525878924,-0.5,2.0199995040893572,-0.06000041961669922,0.029999732971191406,0.2799997329711914,-1.8400001525878924,7.0,5.0,03-12,0.006666610638301466
02-12,0.17000007629394576,1.6999998092651385,-2.0299997329711914,0.039999961853027344,0.310000419616701,0.39999961853027344,-0.6100006103515625,1.6399993896484357,-0.030000686645506036,0.1100006103515625,0.1099996566772461,-2.3399996757507315,8.0,4.0,03-13,-0.044166763623555094
02-13,0.20000004768371604,1.5900001525878888,-1.7300004959106463,-0.10999965667724787,0.3599996566772461,0.31999969482421875,-0.5499992370605469,1.2799997329711914,-0.020000457763671875,0.18999958038330256,0.11999988555908025,-2.3499999046325675,7.0,5.0,03-14,-0.05833341677983637
02-14,0.4099998474121094,2.02000045776367,-1.7899999618530256,0.22000026702880682,0.2899999618530291,0.15999984741210938,0.05999946594238281,1.4200000762939453,-0.09999942779540838,0.2800006866455078,0.1099996566772461,-2.200000286102296,9.0,3.0,03-15,0.07333338260650642
02-15,0.5,2.079999923706053,-1.4300003051757812,0.5,0.37999916076660156,-0.2100000381469762,0.09000015258789062,1.4000005722045898,0.01999950408935547,0.26000022888183594,-0.010000228881835938,-2.7100005149841326,8.0,4.0,03-16,0.07249987125396669
02-16,0.4099998474121094,2.1700000762939435,-1.8699989318847674,0.1400003433227539,0.4400005340576154,-0.310000419616701,0.37999916076660156,1.359999656677246,0.1099996566772461,0.4100008010864258,-0.42000007629394354,-2.430000305175783,8.0,4.0,03-17,0.0325000286102289
02-17,0.5899999141693115,2.6100006103515625,-1.7899999618530273,0.13000011444091797,0.4600000381469709,-0.1100006103515625,0.279998779296875,1.2299995422363281,0.06999969482421875,0.43999958038330256,-0.39999961853027344,-3.050000190734865,8.0,4.0,03-18,0.03833315769831325
02-18,0.8000000715255733,2.7200002670288086,-1.5900001525878924,0.36999988555908025,0.2700004577636719,0.09999942779540838,0.25,1.239999771118164,0.010000228881834161,0.5199995040893555,-0.26000022888183594,-3.050000190734865,9.0,3.0,03-19,0.11499992012977527
02-19,0.8400000333786006,2.810000419616699,-0.9699993133544922,-0.019999504089357245,0.1700000762939453,0.22999954223632812,0.029998779296875,1.3999996185302734,-0.21000003814697266,0.38000011444091797,-0.1300001144409162,-3.5,7.0,5.0,03-20,0.08583330114682515
02-20,0.8899999856948848,2.5199995040893555,-0.7399997711181641,0.10000038146972479,0.7599992752075178,0.20999908447265625,0.05999946594237926,0.9099998474121076,-0.4099998474121076,0.3599996566772461,-0.42999935150146484,-3.5299997329711914,8.0,4.0,03-21,0.05833320816357871
02-21,0.7799999713897705,2.0799999237060547,-0.6399993896484375,0.010000228881834161,0.9699993133544886,0.31999969482421875,-0.039999008178707385,1.0799999237060565,-0.969999313354494,0.5,-0.19999980926513672,-3.3899998664855966,7.0,5.0,03-22,0.04166680574417092
02-22,1.0199999809265137,2.7799997329711914,-0.8899993896484375,0.28999996185302734,0.8800001144409162,0.3699998855590856,0.10000038146973012,1.0999994277954102,-0.8999996185302734,0.4700002670288086,-0.19999980926513672,-3.1000003814697275,8.0,4.0,03-23,0.160000046094259
02-23,1.1700000762939458,2.299999237060547,-0.5499992370605451,0.1700000762939471,1.130000114440918,0.28999996185302734,0.1900005340576243,1.1700000762939453,-0.7899999618530273,0.40000057220458984,-0.07000064849853693,-3.2400002479553223,8.0,4.0,03-24,0.1808333794275927
02-24,0.8599998950958252,2.1700000762939453,-0.3899993896484357,0.3400001525878924,1.130000114440918,0.2100000381469762,0.19999885559082387,1.510000228881836,-0.6999998092651349,-0.1400003433227539,-0.2200002670288086,-3.559999942779541,7.0,5.0,03-25,0.11749996741612856
02-25,0.7599999904632568,2.1199998855590803,-0.7599992752075213,0.01999950408935547,1.1599998474121094,0.18000030517578125,-0.32999992370605824,1.199999809265135,-0.9899997711181641,-0.3299999237060547,-0.25,-2.2800002098083496,6.0,6.0,03-26,0.04166668653488085
02-26,0.7899999618530273,2.1599998474121094,-0.010000228881837714,0.01999950408935547,0.9700002670288086,-0.010000228881835938,-0.1999988555908203,1.1199998855590838,-1.0399999618530273,-0.06000041961669744,-0.11999988555908203,-1.820000171661376,5.0,7.0,03-27,0.1499999761581423
02-27,0.7699999809265137,1.3900003433227557,-0.03999996185302912,0.17999935150146307,0.5500001907348633,-0.14000034332275568,-0.15999984741211293,0.75,-1.1999998092651367,0.22000026702881037,-0.15999984741210938,-1.5799999237060538,6.0,6.0,03-28,0.048333366711934035
02-28,1.0600000619888306,1.449999809265135,-0.19000053405762074,0.06999969482422053,0.7000007629394549,-0.14000034332275568,-0.5599994659423864,0.5500001907348633,-0.8800001144409197,0.22000026702881037,-0.15000057220459162,-1.570000171661376,6.0,6.0,03-29,0.04666663209597203
02-29,0.0,0.0,0.0,-0.06000041961669744,0.0,0.0,0.0,0.5799999237060547,0.0,0.0,0.0,-1.9499998092651376,1.0,2.0,03-30,-0.1191666920979817
03-01,0.9599999189376831,1.1599998474121112,0.18000030517578125,-0.34000015258788885,0.7000007629394549,0.05000019073486506,-0.5900001525878942,0.10999965667724432,-1.0099992752075213,0.5399999618530291,-0.1700000762939453,-2.0099997520446786,7.0,5.0,03-31,-0.034999897082646614
03-02,0.8799999952316284,1.0599994659423864,0.19999980926513494,-0.4000005722045863,0.4700002670288068,0.25,-0.4099998474121129,0.13000011444091975,-0.9799995422363299,0.430000305175783,-0.03999996185302557,-2.169999599456788,7.0,5.0,04-01,-0.048333297173181945
03-03,0.820000171661377,0.5900001525878924,0.09999942779540838,0.039999961853027344,0.39999961853027344,0.4000005722045916,-0.030000686645507812,-0.18999958038330078,-0.969999313354494,0.27999973297118963,-0.030000686645507812,-2.1399998664855957,7.0,5.0,04-02,-0.06083337465922053
03-04,0.8700000047683711,0.48999977111816584,0.439999580383299,0.01999950408935547,0.14999961853027344,0.9499998092651403,0.10999870300292969,-0.23999977111816406,-0.8400001525878924,0.5,0.1699991226196289,-2.679999828338623,9.0,3.0,04-03,-0.005000303188959647
03-05,0.9300000667572021,0.2799997329711932,0.8999996185302734,0.15999984741210938,0.1400003433227539,0.8299989700317347,0.029998779296875,-0.11999988555908203,-0.8800001144409162,0.27999973297118963,0.2399997711181623,-2.3399996757507324,9.0,3.0,04-04,0.03749976555506359
03-06,1.0399999618530273,-0.36000061035155895,1.1499996185302734,0.5500001907348651,-0.2100000381469762,0.7899990081787074,0.20999908447265803,-0.5199995040893555,-1.080000877380371,0.5199995040893555,0.5500001907348633,-2.0899996757507324,7.0,5.0,04-05,0.045833071072896324
03-07,1.1700000762939453,-0.3000001907348615,1.5399999618530291,0.4000005722045916,-0.1499996185302752,0.8399991989135707,-0.12000083923339844,-0.819999694824217,-1.0900001525878906,0.6999998092651367,0.6500005722045916,-1.5399999618530291,6.0,6.0,04-06,0.1066666444142661
03-08,1.5099999904632568,-0.1599998474121076,1.3199996948242205,0.18000030517578303,-0.29999923706054865,0.8799991607666016,0.0,-0.45999908447265625,-1.2699995040893572,0.7200002670288086,0.7100000381469727,-1.6600003242492694,6.0,6.0,04-07,0.12250012159347534
03-09,2.0299999713897705,-0.10000038146973012,1.4399995803833008,0.060000419616700995,-0.6900005340576172,0.6199989318847621,-0.030000686645507812,-0.36999988555908025,-1.239999771118164,0.6000003814697266,0.630000114440918,-1.369999885559083,6.0,6.0,04-08,0.13166652123133304
03-10,1.639999985694885,-0.23999977111816584,1.669999122619629,0.07999992370605646,-0.9000005722045898,0.42999935150146484,0.17999935150146662,-0.3299999237060529,-1.2699995040893572,0.5399999618530273,0.6400003433227539,-1.5500001907348633,7.0,5.0,04-09,0.07416650652885452
03-11,1.5299999713897703,-0.3299999237060547,1.3699998855590838,0.039999961853027344,-0.5600004196166974,0.8000001907348615,0.22999954223632812,-0.4700002670288068,-1.2699995040893555,0.36999988555908025,0.6900005340576172,-1.1900000572204599,7.0,5.0,04-10,0.10083331664403287
03-12,1.3900001049041748,-0.7600002288818359,1.2299995422363281,-0.21000003814697266,-0.5900001525878906,0.4400005340576172,-0.1900005340576172,-0.75,-1.3100004196166992,0.4399995803833008,0.6400003433227539,-0.6399998664855957,5.0,7.0,04-11,-0.025833427906036377
03-13,1.2999999523162842,-0.7699995040893555,1.0299997329711896,-0.9099998474121076,-0.2799997329711914,0.6599998474121112,-0.220001220703125,-0.7200002670288068,-1.2899999618530273,0.6700000762939418,0.8000001907348651,-0.9200000762939453,5.0,7.0,04-12,-0.054166734218597266
03-14,1.850000143051148,-0.6799993515014666,0.5599994659423793,-0.9700002670288086,-0.31000041961669744,0.7600002288818359,-0.5399999618530291,-0.6100006103515625,-1.2700004577636719,0.4099998474121076,0.9200000762939453,0.019999980926513672,6.0,6.0,04-13,0.011666556199391128
03-15,2.139999866485595,-0.6299991607666016,0.23999977111816406,-0.9899997711181641,-0.3299999237060529,0.3500003814697248,-0.45999908447265625,-0.4199991226196289,-1.3699998855590803,0.36000061035155895,0.8999996185302752,0.3599996566772461,6.0,6.0,04-14,0.012500246365864998
03-16,2.1600003242492685,-0.6999998092651367,0.7999992370605487,-0.6000003814697266,0.2899999618530291,0.3500003814697248,-0.619999885559082,-0.4399995803833008,-1.4200000762939418,0.28000068664550604,0.8200006484985352,0.14999961853027255,7.0,5.0,04-15,0.0891667604446414
03-17,2.0200002193450928,-0.75,0.7199993133544922,-0.5600004196166974,0.26999950408935725,0.42000007629394176,-0.4199991226196307,-0.4099998474121076,-1.199999809265135,0.3000001907348633,0.880000114440918,0.2799997329711914,7.0,5.0,04-16,0.12916666269302382
03-18,1.5699999332427974,-0.37999916076660156,0.48999977111816406,-0.7100000381469727,-0.310000419616701,0.35000038146972656,-0.3899993896484304,-0.5799999237060565,-1.050000190734865,0.26999950408935725,0.7600002288818377,0.5300002098083496,6.0,6.0,04-17,0.04583340883255046
03-19,1.5299999713897696,0.06000041961669922,0.2200002670288086,-0.75,-0.039999961853027344,0.3600006103515625,-0.2700004577636683,-0.5699996948242188,-1.170000076293947,0.36999988555908203,0.6599998474121076,0.5600004196166992,7.0,5.0,04-18,0.08000010251998894
03-20,1.2899999618530265,-0.22999954223632812,0.11999988555908203,-0.630000114440918,-0.42999935150146484,0.28999996185302557,-0.4099998474121058,-0.7200002670288086,-1.0,0.3900003433227539,0.8499994277954102,0.700000286102294,6.0,6.0,04-19,0.0183333953221639
03-21,1.2599997520446764,-0.5699996948242188,0.029999732971191406,-0.7799997329711932,-0.32999992370605646,0.3699998855590838,-0.6300001144409215,-0.4099998474121094,-0.5799999237060529,0.22999954223632812,0.6700000762939471,0.9299998283386222,6.0,6.0,04-20,0.015833298365274733
03-22,1.099999904632568,-0.3899993896484375,0.31999969482421875,-0.5299997329711932,-0.32999992370605646,0.6799993515014666,-0.8099994659423864,-0.15000057220458984,-0.5800008773803711,0.5799999237060547,0.8199996948242188,1.1099996566772452,6.0,6.0,04-21,0.15166652202606146
03-23,0.7899999618530269,0.010000228881835938,0.34999942779541016,-0.5299997329711932,-0.5399999618530273,0.6099996566772443,-0.6599998474121129,0.38000011444091975,-0.48000049591064453,0.7699995040893555,0.9899997711181641,0.9699997901916495,8.0,4.0,04-22,0.22166653474171902
03-24,0.9400000572204585,0.23000049591064453,-0.38000011444091797,-0.8199996948242188,-0.35999965667724787,0.5899991989135724,-0.7399997711181658,0.5799999237060565,-0.43000030517578125,0.1300001144409162,1.0399999618530273,-0.17999982833862305,6.0,6.0,04-23,0.0500000317891434
03-25,1.5100002288818368,0.3299999237060529,-0.35000038146972656,-1.0699996948242188,-0.22999954223632812,0.7700004577636719,-0.2700004577636683,0.5500001907348651,0.010000228881834161,-0.010000228881835938,0.9899997711181641,-0.6199998855590829,6.0,6.0,04-24,0.134166717529297
03-26,1.3400001525878915,0.27000045776367365,0.2300004959106463,-1.1299991607666016,0.0499992370605451,0.9799995422363281,-0.10000038146972656,0.5599994659423828,-0.11999988555908203,0.21000003814697088,0.7399997711181641,-0.48000001907348633,8.0,4.0,04-25,0.21249997615814217
03-27,1.440000295639039,0.6300001144409144,0.5700006484985352,-0.9299993515014648,0.10999965667724787,0.9799995422363281,-0.06999969482421875,0.5199995040893537,-0.029999732971193183,0.1300001144409162,0.9499998092651385,-0.4200000762939453,8.0,4.0,04-26,0.3233334024747209
03-28,1.7299997806549072,0.6400003433227521,0.680000305175783,-0.5900001525878924,0.18000030517578125,0.7799997329711932,-0.39999961853027344,0.48999977111816406,-0.1700000762939453,0.25,0.7999992370605469,-0.14000034332275302,8.0,4.0,04-27,0.35416660706202197
03-29,2.240000009536743,0.8900003433227521,0.8199996948242188,-0.7700004577636719,0.43000030517578125,0.7199993133544957,-0.3899993896484375,0.5500001907348651,-0.07999992370605291,0.02999973297118963,0.7899999618530291,-0.16000032424926758,8.0,4.0,04-28,0.4224999547004704
03-30,2.3500001430511466,0.28999996185302734,0.7200002670288104,-0.75,0.5700006484985334,0.17999935150146662,-0.26000022888183594,0.3099994659423828,-0.07999992370605291,0.25,0.4200000762939453,0.1399998664855957,9.0,3.0,04-29,0.34499996900558494
03-31,2.559999942779541,0.6800003051757795,0.6700000762939453,-0.75,0.7700004577636719,0.36999988555908025,-0.07999992370605113,0.15999984741210938,-0.03999996185302912,0.5700006484985334,1.4300003051757812,0.5500001907348633,9.0,3.0,04-30,0.5741668144861855
04-01,2.7099997997283936,0.619999885559082,0.4200000762939453,-1.0199995040893555,0.7600002288818359,-0.1999988555908203,0.1100006103515625,0.5599994659423828,0.030000686645506036,0.630000114440918,1.3400001525878924,0.8600001335144043,10.0,2.0,05-01,0.5683335661888123
04-02,2.5399997234344482,0.4799995422363281,-0.05000019073486506,-1.3400001525878888,0.6999998092651367,-0.30999946594237926,-0.010000228881835938,1.2899999618530256,0.030000686645506036,0.38000011444091797,1.4399995803833008,0.9000000953674325,8.0,4.0,05-02,0.5041666229565939
04-03,2.1999998092651367,0.8099994659423828,-0.07999992370605824,-1.4100008010864276,0.6999998092651385,-0.23999977111816406,0.020000457763671875,0.7600002288818342,-0.01999950408935547,0.1100006103515625,1.1700000762939453,1.0200004577636728,8.0,4.0,05-03,0.4200000762939449
04-04,2.2100000381469727,0.25,-0.10000038146973012,-1.4099998474121094,0.7300004959106445,0.020000457763675428,-0.19999980926513494,0.819999694824217,-0.4499998092651385,-0.11999988555908203,1.0600004196166992,0.5599999427795419,7.0,5.0,05-04,0.28083344300587965
04-05,1.9200000762939453,0.5299997329711932,-0.4099998474121094,-1.3699998855590803,0.9400005340576172,-0.029999732971191406,-0.18999958038330078,0.6599998474121076,-0.1900005340576154,-0.1400003433227539,1.0500001907348633,0.3899998664855957,6.0,6.0,05-05,0.2633333603541059
04-06,2.1100001335144043,0.15000057220459162,-0.5799999237060547,-1.1199998855590803,0.6300001144409162,-0.039999961853027344,-0.22000026702880682,0.4900007247924787,-0.20000076293945135,0.029999732971193183,1.0399999618530273,0.3299999237060538,7.0,5.0,05-06,0.21833336353302038
04-07,2.3599998950958243,-0.23999977111816406,-0.38000011444091975,-1.3000001907348633,1.0500001907348615,-0.19999980926513672,-0.36999988555908025,0.7899999618530273,-0.1599998474121076,-0.05000019073486328,1.109999656677246,0.25999975204467773,5.0,7.0,05-07,0.2391666372617085
04-08,2.3100001811981197,-0.28999996185302734,-0.18000030517578125,-1.5500001907348633,1.3100004196166974,-0.5399999618530273,-0.5,0.7600002288818342,-0.25,0.10999965667724432,1.0699996948242188,-0.16000032424926758,5.0,7.0,05-08,0.17416661977767897
04-09,2.0200004577636728,-0.3800001144409162,0.22000026702881037,-1.5600004196166974,1.3899993896484357,-0.38000011444091797,-0.4700002670288068,0.6599998474121112,-0.1099996566772461,0.09000015258789062,1.1700000762939453,-0.5,6.0,6.0,05-09,0.17916663487752346
04-10,1.9999999999999991,-0.9900007247924787,0.25,-1.1800003051757812,1.0900001525878906,-0.1700000762939453,-0.5500011444091797,0.7799997329711914,-0.11999988555908203,-0.17999935150146307,1.0100002288818342,-0.28999996185302646,5.0,7.0,05-10,0.13749988873799657
04-11,1.7999997138977042,-1.260000228881836,0.22000026702881037,-1.2200002670288086,0.6599998474121076,-0.1700000762939453,-0.3599996566772461,0.6599998474121112,-0.11999988555908381,-0.36999988555908025,0.9499998092651367,-0.28999996185302646,5.0,7.0,05-11,0.04166662693023696
04-12,1.9799995422363272,-0.6200008392333984,0.23999977111816406,-1.3800001144409197,0.6800003051757795,0.11000061035156428,-0.19999980926513672,0.6799993515014648,-0.18999958038330078,-0.25,0.8900003433227539,0.07999992370605558,7.0,5.0,05-12,0.16833329200744615
04-13,1.8199996948242179,-0.4799995422363281,0.1700000762939453,-1.2300004959106445,1.25,0.07000064849853693,-0.2200002670288086,0.2599992752075213,-0.06999969482421875,-0.21999931335449396,0.8699998855590803,-0.039999961853026456,6.0,6.0,05-13,0.18166669209798178
04-14,0.7100000381469727,-0.6700000762939471,0.3399991989135742,-1.1700000762939453,1.1599998474121094,0.14000034332275568,-0.4099998474121076,0.2299995422363299,-0.23999977111816584,-0.1700000762939453,1.0500001907348615,-0.309999942779541,6.0,6.0,05-14,0.0549999475479126
04-15,0.9200000762939462,-1.0799999237060565,0.4399995803833008,-1.3000001907348615,1.060000419616701,0.019999504089353692,-0.6599998474121129,0.38000011444091975,-0.26999950408935725,-0.1900005340576172,0.75,-0.3100004196166992,6.0,6.0,05-15,-0.020000060399373593
04-16,0.8000001907348642,-0.7399997711181658,0.6400003433227539,-1.5600004196166974,1.1500005722045898,-0.3199996948242223,-0.5299997329711914,0.10000038146972656,-0.35999965667724965,-0.1999998092651385,0.880000114440918,-0.2200002670288086,5.0,7.0,05-16,-0.029999812444051772
04-17,0.9600000381469727,-1.1800003051757812,0.46000003814697266,-1.760000228881836,1.7399997711181658,-0.25,-0.35000038146972656,-0.029999732971193183,-0.3400001525878924,-0.15999984741211115,0.8599996566772461,-0.40000009536743164,4.0,8.0,05-17,-0.037500103314717904
04-18,1.4699997901916495,-1.4900007247924822,0.5100002288818359,-1.630000114440918,1.9200000762939453,-0.22999954223632812,-0.6399993896484375,0.06999969482422053,-0.20000076293945312,0.06999969482421875,0.8099994659423828,-0.09000015258788974,6.0,6.0,05-18,0.04749985535939535
04-19,1.799999713897705,-1.6500005722045916,0.31000041961669744,-1.5,1.7399997711181658,-0.28999996185302734,-0.43000030517578125,-0.2999992370605451,-0.42999935150146484,0.4399995803833008,0.8599996566772461,-0.07999992370605469,5.0,7.0,05-19,0.039166649182637535
04-20,1.809999942779541,-2.3599996566772443,0.029999732971191406,-1.25,1.5799999237060565,-0.2199993133544922,-0.3299999237060547,-0.4800004959106463,-0.7100000381469709,0.5799999237060529,0.8999996185302734,0.3299999237060547,6.0,6.0,05-20,-0.010000030199686538
04-21,1.8300001621246342,-2.579999923706053,-0.31000041961669744,-1.3400001525878906,2.0199995040893555,-0.05999946594238281,-0.3199996948242205,-0.48999977111816406,-0.5799999237060547,0.4200000762939453,0.7899999618530273,0.5300002098083496,5.0,7.0,05-21,-0.007499953111012592
04-22,1.129999637603758,-2.64999961853027,-0.4200000762939453,-1.3400001525878906,1.9899997711181658,-0.3299999237060547,-0.6099996566772443,-0.44999980926513494,-0.6400003433227521,0.28999996185302734,0.7799997329711932,0.7199997901916504,5.0,7.0,05-22,-0.1275000572204581
04-23,0.9200000762939444,-2.6599998474121076,-0.4200000762939453,-1.1500005722045898,1.5900001525878906,-0.31999969482421875,-0.4600000381469709,-0.48999977111816406,-0.5600004196166974,0.4700002670288086,0.7399997711181641,0.5999999046325675,5.0,7.0,05-23,-0.14500002066294324
04-24,0.4099998474121085,-3.6599998474121094,-0.5399999618530273,-1.200000762939455,1.6400003433227521,-0.4099998474121129,-0.4700002670288068,-0.3900003433227539,-0.3299999237060529,0.5600004196166992,0.4000005722045863,0.619999885559082,5.0,7.0,05-24,-0.2808333237965908
04-25,0.2999997138977051,-3.1999998092651367,-0.7399997711181623,-1.3199996948242188,1.5,0.1300001144409162,-0.5999994277954084,-0.4499998092651367,-0.42999935150146484,0.3299999237060547,0.5700006484985334,0.31999969482421875,6.0,6.0,05-25,-0.299166480700175
04-26,0.21999979019165128,-3.4499998092651367,-1.0,-1.4600000381469727,1.3000001907348615,-0.06000041961669744,-0.3899993896484375,-0.46000003814697266,-0.6400003433227539,0.009999275207521308,-0.43999958038330256,0.46000003814697266,4.0,8.0,05-26,-0.4925000270207722
04-27,0.15000009536743253,-2.5499992370605487,-1.0,-1.1900005340576172,1.3100004196166974,-0.06000041961669744,-0.6299991607666016,-0.1399993896484375,-0.5100002288818342,-0.05000019073486328,-0.3499994277954137,0.4800000190734872,3.0,9.0,05-27,-0.3783331712086997
04-28,0.21000003814697266,-1.8599996566772443,-0.9200000762939453,-0.8699998855590838,1.1500005722045898,0.05000019073486506,-0.8699998855590856,-0.5699996948242188,-0.5100002288818342,0.19999980926513672,-0.46999931335449396,0.46000003814697354,5.0,7.0,05-28,-0.333333174387614
04-29,-0.1099996566772452,-2.189999580383299,-0.8900003433227521,-0.6899995803833026,1.130000114440918,0.039999008178707385,-0.7000007629394513,-0.039999961853027344,-0.46000003814697266,0.38000011444091797,-0.48999977111816406,0.7699999809265137,4.0,8.0,05-29,-0.27083337306976313
04-30,-0.6399998664855948,-1.6300001144409162,-0.8699998855590803,-0.6799993515014666,1.5699996948242205,0.15999984741211293,-0.48000049591064453,-0.09999942779541016,-0.5600004196166992,0.2700004577636719,-0.6700000762939435,0.9400000572204581,4.0,8.0,05-30,-0.22416663169860765
05-01,-0.34999990463256747,-1.9099998474121094,-0.8899993896484357,-0.3899993896484375,2.25,0.399999618530277,-0.4900007247924787,-0.15999984741210938,-0.48999977111816584,0.17999935150146484,-0.5900001525878906,1.1100001335144043,4.0,8.0,05-31,-0.11083332697550403
05-02,-0.32000017166137695,-1.310000419616701,-0.8499994277954084,-0.4400005340576172,2.2200002670288086,0.4099998474121129,-0.48999977111816584,-0.1700000762939471,0.15999984741211293,0.3400001525878924,-0.630000114440918,0.9899997711181641,5.0,7.0,06-01,-0.007500052452086958
05-03,-0.13000011444091797,-1.570000648498537,-0.46000003814697266,-0.26000022888183416,1.8000001907348633,0.8000011444091832,-0.6099996566772479,0.05999946594238459,0.050000190734861505,0.35000038146972834,-0.6999998092651367,0.8499999046325692,6.0,6.0,06-02,0.015000065167745325
05-04,0.25,-1.4400005340576172,-0.9200000762939453,-0.010000228881834161,1.8099994659423828,0.7000007629394496,-0.42000007629394887,-0.2000007629394549,0.11999988555908203,0.19000053405762074,-0.630000114440918,1.0099997520446786,6.0,6.0,06-03,0.038333217302957946
05-05,0.559999942779541,-0.48999977111816406,-0.8500003814697266,-0.09999942779541016,1.5900001525878888,0.7000007629394496,-0.26999950408935725,-0.2100000381469762,-0.020000457763671875,0.21000003814697443,-0.8499994277954102,0.9300003051757821,5.0,7.0,06-04,0.10000018278757665
05-06,-0.08000040054321378,0.07000064849853338,-0.8800001144409162,-0.5399999618530273,1.800000190734865,0.9899988174438477,-0.2799997329711932,-0.32999992370605646,0.2799997329711914,0.36999988555908203,-0.7600002288818359,1.320000171661377,6.0,6.0,06-05,0.1633332570393878
05-07,0.11999988555908114,0.3400001525878906,-0.8999996185302752,-0.619999885559082,1.5900001525878924,1.3300008773803746,-0.310000419616701,-0.10999965667724787,0.2200002670288086,0.39999961853027344,-0.46000003814697443,1.320000171661377,7.0,5.0,06-06,0.24333345890045144
05-08,-0.059999942779541904,-0.18999958038330078,-1.0699996948242188,-0.4200000762939453,1.0399999618530273,0.9800004959106481,-0.47000026702881037,-0.2799997329711932,0.11999988555908203,0.5599994659423828,-0.5600004196166974,0.9500002861022949,5.0,7.0,06-07,0.05000003178914395
05-09,0.2800002098083487,-0.6499996185302734,-1.1700000762939453,-0.11999988555908025,1.050000190734865,1.0200004577636754,-0.5999994277954084,-0.13999938964844105,-0.039999961853027344,0.9099998474121076,-0.42000007629394354,1.4500002861022958,5.0,7.0,06-08,0.13083354632059777
05-10,0.2800002098083487,-1.0599994659423828,-1.1999998092651385,-0.14000034332275213,1.1400003433227557,0.8400001525878871,-0.8699998855590803,-0.1099996566772461,0.029999732971193183,0.7600002288818342,-0.6000003814697248,2.2200002670288095,6.0,6.0,06-09,0.1075001160303753
05-11,0.3000001907348633,-1.0900001525878924,-1.4499998092651385,-0.010000228881835938,1.4299993515014648,1.239999771118164,-0.75,0.03999996185302379,0.05999946594238459,0.780000686645506,-0.32999992370605646,2.4100003242492676,7.0,5.0,06-10,0.21916663646697923
05-12,1.25,-1.6300001144409162,-1.560000419616701,0.23000049591064275,1.7199993133544922,1.1599998474121094,-0.6800003051757812,0.009999275207517755,0.149999618530277,0.8499994277954137,-0.3199996948242205,2.2599997520446777,8.0,4.0,06-11,0.2866664330164593
05-13,1.2300000190734863,-1.369999885559082,-1.3800001144409197,0.34000015258788885,1.6999998092651367,1.1500005722045916,-0.3800001144409162,0.1399993896484375,0.16000080108642578,0.9200000762939471,-0.26000022888183594,2.0900001525878906,8.0,4.0,06-12,0.3616667191187542
05-14,1.0300002098083505,-1.059999465942381,-1.329999923706053,0.1300001144409162,1.239999771118164,1.1499996185302734,-0.2400007247924787,-0.05999946594238459,0.1900005340576172,0.8499994277954137,-0.3199996948242205,1.9200000762939444,7.0,5.0,06-13,0.29166670640309683
05-15,0.7000002861022949,-0.5599994659423793,-1.7799997329711914,0.35000038146972656,0.6999998092651367,1.2100000381469727,-0.44999980926513494,-0.21999931335449396,0.3400001525878924,0.8899993896484375,-0.5099992752075195,1.9099998474121094,7.0,5.0,06-14,0.2150001923243209
05-16,0.48000001907348633,-0.5500001907348615,-1.9899997711181623,0.1400003433227539,0.7299995422363263,1.1399993896484375,-0.3000001907348615,-0.3400001525878924,0.3300008773803711,0.6200008392333984,-0.5499992370605469,0.820000171661377,7.0,5.0,06-15,0.0441668033599855
05-17,0.6100001335144034,-0.4899997711181623,-1.5399999618530273,0.28999996185302734,0.28999996185302734,0.6000003814697266,-0.35000038146972656,-0.30000019073486506,0.4600000381469709,0.5600004196166992,-0.4399995803833008,1.1500000953674316,7.0,5.0,06-16,0.07000009218851704
05-18,0.42999982833862216,0.14999961853026988,-1.9700002670288086,0.28999996185302734,0.5299997329711896,0.639999389648441,-0.5299997329711896,-0.14999961853027344,0.4300003051757795,0.6900005340576172,-0.21999931335449396,1.190000057220459,8.0,4.0,06-17,0.12333337465922001
05-19,0.039999961853027344,0.07999992370605291,-1.9700002670288086,0.21000003814697266,0.319999694824217,0.7099990844726527,-0.5,-0.07999992370605469,0.3500003814697248,0.38000011444091975,-0.30000019073486506,1.2499999999999991,8.0,4.0,06-18,0.04083323478698649
05-20,0.30000019073486417,0.8299999237060547,-1.8500003814697266,0.15000057220458984,0.5,1.0200004577636754,-0.2799997329711932,-0.17999935150146484,0.1399993896484375,0.36999988555908203,-0.2299995422363299,0.8400001525878906,8.0,4.0,06-19,0.13416679700215664
05-21,0.38000011444091797,0.36999988555908203,-1.9700002670288104,0.1400003433227539,0.6999998092651385,0.9200000762939453,-0.48999977111816406,-0.010000228881835938,0.11999988555908025,0.4799995422363281,-0.1399993896484375,0.6999998092651367,8.0,4.0,06-20,0.09999998410542792
05-22,0.4499998092651367,0.4699993133544922,-2.029999732971193,0.37000083923339844,0.3499994277954137,0.9200000762939453,-0.25,0.13000011444091797,0.1399993896484375,0.3699998855590838,0.06999969482422053,0.6799998283386222,10.0,2.0,06-21,0.13916655381520626
05-23,0.2799997329711905,0.4499998092651367,-1.8600006103515643,0.23999977111816406,0.5099992752075213,0.8099994659423828,-0.0499992370605451,0.28999996185302734,0.06999969482421875,0.43000030517578125,0.18999958038330078,0.4899997711181632,10.0,2.0,06-22,0.15416646003723145
05-24,0.31999969482421875,0.5199995040893572,-1.3400001525878888,0.05999946594238281,0.5299997329711932,0.6200008392333984,-0.07999992370605646,-0.06999969482422053,0.07999992370605469,0.25,0.21000003814697088,0.3899998664855948,9.0,3.0,06-23,0.12416660785675042
05-25,-0.019999980926513672,0.19999980926513494,-1.2200002670288104,0.049999237060546875,-0.46000003814697266,0.5100002288818359,-0.05999946594238281,-0.3400001525878924,0.18000030517578125,0.3599996566772461,0.26000022888183416,0.4400000572204581,7.0,5.0,06-24,-0.008333365122477879
05-26,0.13000011444091797,-0.3600006103515625,-1.200000762939455,-0.5699996948242188,-0.2799997329711932,0.7199993133544886,0.10000038146972656,-0.2799997329711932,0.10999965667724787,0.2700004577636719,0.21000003814697088,0.309999942779541,7.0,5.0,06-25,-0.07000005245208814
05-27,0.28999996185302646,-0.9600000381469709,-1.2400007247924822,-0.6500005722045898,-0.6099996566772479,0.8099994659423828,0.18000030517577947,-0.26999950408935547,0.050000190734861505,0.21000003814697266,0.17000007629394354,-0.080000400543212,6.0,6.0,06-26,-0.1750000715255743
05-28,0.07000017166137695,-0.6999998092651349,-1.4499998092651385,-0.8299999237060547,-0.30999946594238637,0.8900012969970668,0.21000003814697266,-0.09000015258789062,-0.03999996185302912,0.06000041961669922,0.06000041961669744,0.09999990463257014,6.0,6.0,06-27,-0.16916640599568758
05-29,-0.11999988555908203,-0.6300001144409162,-1.6800003051757812,-0.8299999237060547,-0.3400001525878906,0.6599998474121058,0.3299999237060547,-0.9699993133544922,0.10000038146972301,0.0800008773803711,0.19999980926513672,0.23999977111816495,6.0,6.0,06-28,-0.24666659037272173
05-30,-0.4500002861022958,-0.6599998474121094,-1.4600000381469727,-0.6399993896484375,-0.6099996566772461,0.7600002288818395,0.07999992370605646,-1.3299999237060547,0.0,-0.13000011444091975,0.1700000762939453,0.16000032424926758,4.0,8.0,06-29,-0.3424998919169106
05-31,-0.5199999809265146,-0.9799995422363299,-1.5900001525878906,-0.5399999618530273,-0.39000034332275213,0.7600002288818395,0.03999996185302912,-1.0999994277954084,-0.029999732971191406,-0.13000011444091975,0.3899993896484375,0.039999961853026456,4.0,8.0,06-30,-0.3374999761581418
06-01,-0.34999990463256836,-1.5299997329711914,-0.8099994659423828,-0.09999942779541016,-0.24000072479248225,0.8400001525878942,-0.33999919891357244,-0.5599994659423793,-0.31999969482421875,-0.28999996185302734,0.5900001525878906,0.1400003433227539,3.0,9.0,07-01,-0.24749974409739117
06-02,-0.33999967575073065,-1.77000045776367,-0.7600002288818342,0.05000019073486328,-0.42000007629394887,0.7999992370605504,-0.25,-0.6599998474121076,-0.26000022888183594,-0.4600000381469709,0.619999885559082,0.17999982833862216,4.0,8.0,07-02,-0.27250011761983167
06-03,-0.10999965667724432,-1.8800001144409162,-0.5900001525878906,-0.4499998092651367,-0.15000057220459162,0.6599998474121058,-0.189999580383299,-0.4899997711181623,-0.07999992370605646,-0.6700000762939435,0.5399999618530273,-0.1100001335144043,2.0,10.0,07-03,-0.293333331743876
06-04,-0.28999996185302557,-1.4200000762939435,-0.48999977111816406,-0.4499998092651367,-0.03999996185302912,0.4199981689453054,-0.03999996185302912,-0.6300001144409144,-0.07999992370605646,-0.6700000762939435,0.2299995422363299,-0.49000024795532315,2.0,10.0,07-04,-0.3291668494542442
06-05,-0.28999996185302557,-1.0100002288818342,-0.11999988555908203,-0.7999992370605469,0.9300003051757777,0.529998779296875,0.23000049591064275,-0.610000610351559,-0.06000041961669922,-0.7299995422363281,0.34000015258788885,-1.2600002288818368,4.0,8.0,07-05,-0.23750003178914394
06-06,-0.4700002670288095,-0.5200004577636701,0.1100006103515625,-0.969999313354494,0.7400007247924769,0.129999160766598,0.09000015258789062,-0.46000003814697266,0.4400005340576172,-0.9800004959106428,0.36999988555908203,-1.5500001907348633,6.0,6.0,07-06,-0.25583330790201875
06-07,-0.4900002479553214,-0.8100004196166974,0.15000057220459162,-0.9499998092651367,0.4500007629394496,0.2199993133544922,-0.029999732971191406,-0.9800004959106445,0.23000049591064453,-1.0399999618530291,0.3599996566772461,-1.4800000190734872,5.0,7.0,07-07,-0.36416665712992363
06-08,-0.630000114440918,-1.0600004196166974,0.2600002288818377,-1.0599994659423828,0.720000267028805,0.3199996948242223,-0.1099996566772461,-0.7899999618530238,0.1999998092651385,-1.1100006103515625,0.3800001144409162,-1.3400001525878906,5.0,7.0,07-08,-0.35166668891906677
06-09,-0.7300000190734863,-0.46000003814697266,0.1599998474121076,-0.8800001144409162,0.9900007247924805,0.3199996948242223,-0.029999732971191406,-0.6900005340576154,0.1700000762939471,-0.9799995422363299,0.3800001144409162,-1.119999885559082,5.0,7.0,07-09,-0.23916661739349335
06-10,-0.8400001525878906,-0.8000001907348651,0.6099996566772461,-0.9499998092651367,1.0999994277954137,0.10000038146972656,-0.6599998474121112,-0.530000686645506,-0.09999942779541371,-0.969999313354494,0.3800001144409162,-0.7199997901916495,4.0,8.0,07-10,-0.28166663646698037
06-11,-0.630000114440918,-0.8099994659423828,0.9799995422363263,-1.0,1.3299999237060547,0.5300006866455043,-0.9099998474121112,-0.22999954223632812,-0.019999504089357245,-0.8299999237060565,0.22000026702881037,-0.039999961853026456,4.0,8.0,07-11,-0.11749982833862371
06-12,-0.760000228881835,-0.8400001525878906,0.7399997711181623,-1.1499996185302734,1.3499994277954102,0.9099998474121058,-0.8599996566772461,0.1100006103515625,0.06000041961669744,-0.8599996566772443,0.25999927520751953,-0.36999988555908114,6.0,6.0,07-12,-0.11749998728434274
06-13,-0.2999997138977042,-0.6099996566772461,0.17999935150146484,-0.9700002670288068,1.1399993896484375,0.8700008392333913,-0.7200002670288104,0.29000091552734375,0.1099996566772461,-0.9500007629394513,0.049999237060546875,-0.6599998474121085,6.0,6.0,07-13,-0.13083342711130808
06-14,-0.21000003814697177,-0.3599996566772461,-0.31000041961669744,-1.079999923706053,1.3499994277954102,0.6700000762939489,-0.5700006484985369,0.6099996566772443,0.25,-0.8200006484985352,0.13000011444091797,-0.40000009536743253,5.0,7.0,07-14,-0.06166684627532929
06-15,-0.23999977111816317,-0.03999996185302557,0.12000083923339844,-1.02000045776367,1.429999351501463,0.8400001525878942,-0.4099998474121094,0.4699993133544922,0.23000049591064275,-0.8100004196166974,0.1399993896484375,-0.440000057220459,6.0,6.0,07-15,0.022499918937683622
06-16,0.1700000762939462,0.18000030517578125,0.4400005340576172,-1.2100000381469727,1.5600004196166974,0.9200000762939489,-0.18999958038330078,0.3599996566772461,0.25,-0.9399995803833008,0.4399995803833008,-0.19000005722045898,8.0,4.0,07-16,0.14916678269704206
06-17,0.34000015258788974,0.3300008773803711,0.5,-1.0699996948242188,1.570000648498537,0.75,-0.2700004577636719,0.2199993133544922,0.3600006103515625,-1.010000228881836,0.36999988555908025,0.4099998474121094,9.0,3.0,07-17,0.20833341280619297
06-18,0.37000036239624023,0.35000038146972656,0.15000057220458984,-1.0799999237060547,0.9500007629394531,0.9699993133544922,-0.3900003433227557,0.1700000762939453,0.4400005340576154,-1.1399993896484375,0.4099998474121094,0.4099998474121094,9.0,3.0,07-18,0.13416683673858612
06-19,0.330000400543212,0.32999992370605113,0.15000057220458984,-1.2200002670288086,1.4600009918212873,1.019998550415039,-0.3599996566772443,0.1499996185302752,0.5,-1.0300006866455096,0.2899999618530291,0.5099997520446777,9.0,3.0,07-19,0.17749993006388323
06-20,0.75,-0.18999958038330256,-0.039999961853027344,-1.2699995040893555,1.9600009918212873,1.1299991607666016,-0.5600004196166974,0.22999954223632812,0.630000114440918,-1.0,0.2899999618530291,0.5799999237060538,7.0,5.0,07-20,0.20916668574015293
06-21,0.7599997520446786,-0.05000019073486506,-0.2299995422363299,-0.8900003433227539,1.7800006866455078,0.860000610351566,-0.4400005340576172,0.4299993515014666,0.7899999618530273,-0.8400001525878906,0.3400001525878924,0.5199999809265128,7.0,5.0,07-21,0.2524999777475996
06-22,0.809999942779541,0.5299997329711932,-0.27999973297118963,-0.8099994659423828,2.2600002288818324,0.8400001525878942,-0.5600004196166974,0.5599994659423846,0.6999998092651367,-0.7799997329711914,0.3100004196166992,0.3799996376037589,8.0,4.0,07-22,0.3300000031789149
06-23,0.669999599456788,0.5200004577636719,-0.39000034332275213,-0.6599998474121094,2.0900001525878906,0.8200016021728551,-0.7799997329711914,0.3400001525878906,0.7899999618530273,-0.6800003051757795,0.25,0.5299997329711896,8.0,4.0,07-23,0.29166678587595674
06-24,0.75,0.7700004577636719,-0.15999984741210938,-0.8000001907348633,2.370000839233402,0.8500003814697266,-1.0799999237060547,1.2199993133544922,0.5199995040893555,-0.9399995803833008,0.07000064849853516,0.8900003433227539,8.0,4.0,07-24,0.37166682879130075
06-25,0.7000002861022958,0.8000001907348651,-0.18000030517577947,-0.8400001525878924,1.9700002670288068,0.5799999237060547,-1.0199995040893555,1.760000228881836,0.3499994277954137,-1.0299997329711932,0.3299999237060529,0.8099999427795419,8.0,4.0,07-25,0.3525000413258872
06-26,0.7699999809265146,1.6599998474121112,-0.14999961853027344,-0.9499998092651367,2.0800008773803746,0.5799999237060547,-0.9799995422363281,1.6800003051757812,0.10999965667724787,-0.9500007629394513,0.4200000762939471,0.930000305175783,8.0,4.0,07-26,0.4333334366480521
06-27,1.1999998092651367,2.2899999618530273,-0.28999996185302734,-1.0500001907348633,1.7200012207031286,0.5,-0.41000080108642756,1.6700000762939453,0.1900005340576154,-0.8999996185302734,0.13000011444091975,0.9699997901916504,8.0,4.0,07-27,0.5016667445500693
06-28,1.0,2.5099992752075213,-0.3900003433227539,-1.119999885559082,1.9000005722045952,0.6000003814697266,-0.6300001144409162,1.4699993133544886,-0.029999732971191406,-0.7599992752075213,0.10000038146972834,0.869999885559082,7.0,5.0,07-28,0.4600000381469731
06-29,1.489999771118164,3.149999618530275,-1.0500001907348633,-0.619999885559082,1.2199993133544886,0.3800010681152344,-0.4700002670288068,1.2899999618530256,-0.10999965667724432,-0.5499992370605487,-0.5899991989135742,0.9199995994567862,6.0,6.0,07-29,0.42166674137115456
06-30,1.0699996948242188,2.829999923706053,-1.4200000762939453,-0.43000030517578125,1.2800006866455078,0.39999961853027344,-0.18000030517578125,1.27000045776367,-0.12999916076660156,-1.2100000381469727,-0.5799999237060529,0.9300003051757812,6.0,6.0,07-30,0.31916673978169746
07-01,1.2100000381469735,2.340000152587889,-1.6500005722045898,-0.3900003433227539,1.3400001525878906,0.3600006103515696,0.2200002670288086,1.1199998855590838,-0.38000011444091975,-1.170000076293947,-0.5499992370605469,0.940000057220459,7.0,5.0,07-31,0.2825000683466597
07-02,1.2300000190734854,2.630000114440916,-1.780000686645506,-0.28999996185302734,0.899999618530277,0.2399997711181605,0.3400001525878906,0.3100004196166992,-0.3900003433227557,-1.030000686645506,-0.5699996948242188,0.8699998855590829,7.0,5.0,08-01,0.20499988396962485
07-03,1.369999885559082,2.8100004196166974,-1.890000343322754,-0.3600006103515625,0.4499988555908203,0.1399993896484304,0.4200000762939453,0.26000022888183594,-0.3400001525878924,-0.9499998092651367,-0.6700000762939435,0.7300000190734863,7.0,5.0,08-02,0.1641664902369174
07-05,2.25,3.0,-2.25,-0.5299997329711932,0.17999839782714488,-0.2999992370605504,0.039999961853027344,-0.46000003814697266,-0.30000019073486506,-1.1500005722045898,-0.6700000762939435,0.4200000762939444,5.0,7.0,08-04,0.019166549046833497
07-06,2.5799999237060547,2.75,-2.310000419616699,-0.46000003814697266,0.38000106811522727,-0.5100002288818359,0.14999961853027344,-0.43999958038330256,-0.18000030517577947,-1.1600008010864258,-0.8899993896484375,0.5,5.0,7.0,08-05,0.03416665395100852
07-07,2.769999980926512,2.5199995040893537,-2.4700002670288086,-0.5299997329711914,0.6900005340576136,-0.2999992370605504,0.05999946594238281,-0.619999885559082,-0.26000022888183594,-1.2799997329711932,-0.9200000762939435,0.7400002479553214,5.0,7.0,08-06,0.03333338101704819
07-08,3.0899996757507306,2.4899997711181623,-2.2300004959106445,-0.3599996566772461,0.38000106811522727,-0.2399997711181605,0.430000305175783,-0.9600000381469727,-0.40999984741211115,-1.1599998474121094,-0.9700002670288086,0.8699998855590811,5.0,7.0,08-07,0.07750006516774428
07-09,2.809999465942381,2.2599992752075178,-2.4600000381469744,-0.3000001907348633,0.1900005340576172,-0.4500007629394496,0.47000026702881037,-1.1900005340576172,-0.3900003433227539,-1.1700000762939435,-0.6600008010864258,1.1199998855590811,5.0,7.0,08-08,0.019166390101114983
07-10,2.7199997901916486,1.8799991607666016,-2.47999954223633,-0.039999961853027344,0.05000114440917969,-0.31999969482421875,0.32000064849853693,-1.080000877380371,-0.4200000762939471,-1.1700000762939435,-0.5799999237060529,0.8600001335144052,5.0,7.0,08-09,-0.02166660626729322
07-11,2.3799996376037598,1.9399995803833008,-3.389999389648441,0.0200004577636701,-0.20999908447265625,-0.48999977111816406,0.189999580383299,-1.0900001525878924,-0.48999977111816406,-1.0199995040893572,-0.6599998474121076,0.8699998855590811,5.0,7.0,08-10,-0.16249986489613932
07-12,2.320000171661377,1.9499998092651385,-2.2100000381469727,0.2200002670288086,-0.3400001525878906,-0.7299995422363246,0.15999984741210938,-1.1399993896484357,-0.5500001907348633,-1.0,-0.9600000381469709,0.8000001907348624,5.0,7.0,08-11,-0.12333325544993017
07-13,2.0299997329711914,1.260000228881836,-2.8600006103515625,0.07999992370605469,-0.14000129699707387,-0.45999908447265625,0.3499994277954084,-1.2299995422363281,-0.680000305175783,-0.9299993515014648,-0.8599996566772443,1.0300002098083505,5.0,7.0,08-12,-0.200833360354106
07-14,1.9699997901916495,0.5999994277954102,-2.6800003051757812,0.07999992370605469,-0.10000038146973012,-0.37999916076660156,-0.11000061035156428,-1.3400001525878906,-0.7600002288818359,-0.9400005340576172,-0.9700002670288068,0.8699998855590829,4.0,8.0,08-13,-0.3133335510889692
07-15,1.6499996185302752,0.5500001907348651,-2.6800003051757812,0.09000015258789062,-0.05000114440917969,-0.3300018310546946,-0.06999969482422053,-1.3199996948242205,-0.9699993133544922,-1.1100006103515625,-1.1300001144409162,0.37000036239623935,4.0,8.0,08-14,-0.4166668653488164
07-16,1.5699996948242196,1.0699996948242188,-1.9600000381469727,0.1399993896484375,0.4599990844726598,-0.37999916076660156,0.11000061035155895,-1.3399991989135742,-0.9699993133544922,-1.390000343322754,-1.25,0.25,6.0,6.0,08-15,-0.30749996503194166
07-17,1.559999942779541,0.7900009155273438,-1.8399991989135742,0.09999942779541016,0.10999870300292969,-0.31999969482421875,-0.009999275207521308,-1.3199996948242188,-0.8299999237060547,-1.359999656677246,-1.3299999237060565,0.309999942779541,5.0,7.0,08-16,-0.3449998696645104
07-18,1.7100000381469735,0.6700000762939453,-1.5499992370605469,0.1099996566772461,-0.0400009155273402,-0.2999992370605469,0.14000034332275213,-1.219999313354494,-0.9099998474121094,-1.4200000762939453,-1.260000228881836,0.3700003623962411,5.0,7.0,08-17,-0.3083331982294717
07-19,1.6399998664855957,0.5100002288818359,-1.8699998855590838,0.1399993896484375,0.12999916076660156,-0.2700004577636754,0.21000003814697266,-1.3099994659423828,-1.0299997329711914,-1.3699998855590838,-1.1999998092651367,0.38000011444091886,6.0,6.0,08-18,-0.33666670322418263
07-20,1.179999828338623,0.4099998474121094,-1.9700002670288086,0.2799997329711914,-0.6100006103515696,-0.39000129699706676,0.11000061035155895,-1.3499994277954084,-0.8999996185302717,-1.1100006103515625,-1.1600008010864258,0.32000017166137784,5.0,7.0,08-19,-0.43250020345052104
07-21,1.440000057220459,0.6499996185302699,-2.170000076293947,0.4200000762939471,-0.7400016784668004,-0.2700004577636754,0.31999969482421875,-1.5299997329711896,-0.7299995422363299,-0.9600000381469709,-1.0600004196166992,0.21000003814697443,5.0,7.0,08-20,-0.36833353837331195
07-22,1.2699999809265146,0.10999965667724432,-2.200000762939453,0.46000003814697443,-0.9200000762939453,-0.45999908447265625,0.35000038146972656,-1.449999809265135,-0.6499996185302734,-0.9200000762939435,-0.9900007247924787,0.029999732971190518,5.0,7.0,08-21,-0.44750003019968626
07-23,0.6700000762939462,-0.5200004577636719,-2.7899999618530273,0.46000003814697443,-0.6300010681152273,-0.37000083923339844,0.16000080108642756,-1.5,-0.7299995422363281,-0.75,-1.2100000381469709,-0.1100001335144043,3.0,9.0,08-22,-0.6100000937779734
07-24,0.8699998855590829,-1.049999237060545,-3.1800003051757812,0.46999931335449396,-1.120000839233402,-0.43000030517578125,0.3800001144409162,-1.439999580383299,-0.7200002670288068,-0.7100000381469744,-1.2899999618530291,-0.010000228881835938,3.0,9.0,08-23,-0.6858334541320801
07-25,0.4099998474121085,-1.169999122619629,-3.1599998474121094,0.5199995040893555,-0.7099990844726527,-0.21000099182128906,-0.11999988555908558,-1.4700002670288104,-0.6200008392333984,-0.8300008773803711,-0.5200004577636719,-0.08999967575073065,2.0,10.0,08-24,-0.664166808128357
07-26,0.4699997901916504,-1.3299999237060565,-2.6299991607666016,0.5299997329711914,-0.7700004577636719,-0.23999977111816406,-0.6900005340576207,-1.439999580383299,-0.35000038146972656,-0.20000076293945312,-0.5299997329711932,-0.26999998092651367,2.0,10.0,08-25,-0.6208333969116215
07-27,0.13999986648559481,-1.7899999618530291,-1.9200000762939453,0.48999977111816406,-0.6700000762939453,-0.4699993133544922,-1.3600006103515643,-1.5399999618530256,-0.4700002670288068,-0.2400007247924787,-0.5600004196166992,0.05000019073486417,3.0,9.0,08-26,-0.6950001319249471
07-28,0.4500002861022949,-1.5900001525878888,-1.8699998855590838,0.34999942779541016,-0.6299991607666016,-0.4099998474121094,-1.9300003051757812,-0.4099998474121076,-0.4600000381469709,-0.43999958038330256,-0.8299999237060529,-0.07000017166137695,2.0,10.0,08-27,-0.6533332665761309
07-29,0.4900002479553214,-1.6500005722045863,-1.760000228881836,0.3899993896484375,-0.6700000762939453,-0.37999916076660867,-2.0,-0.3599996566772443,-0.5100002288818342,-0.38999938964844105,-0.7800006866455078,-0.09999990463256747,2.0,10.0,08-28,-0.6433333555857343
07-30,0.22000026702880682,-1.4500007629394513,-2.0700006484985334,0.28999996185302734,-1.1999998092651367,-0.0999984741210902,-1.890000343322754,-0.009999275207521308,-0.4000005722045863,-0.07999992370605646,-0.7899999618530273,0.08000040054321378,3.0,9.0,08-29,-0.6166665951410925
07-31,-0.3899998664855966,-1.9899997711181658,-1.9500007629394531,0.10000038146972656,-0.8599987030029261,0.3400001525878906,-1.619999885559082,-0.09999942779541016,-0.4300003051757795,-0.029999732971191406,-0.5299997329711932,0.21000003814697443,3.0,9.0,08-30,-0.6041664679845172
08-01,-0.6599998474121094,-1.5999994277954102,-1.420000076293947,0.2799997329711932,-1.1700000762939418,0.5500011444091761,-1.3799991607666016,-0.009999275207521308,-0.1099996566772461,0.07000064849853338,-0.3100004196166992,0.2199997901916495,4.0,8.0,08-31,-0.4616663853327437
08-02,-0.5999999046325684,-1.8099994659423828,-0.9800004959106445,0.3999996185302752,-1.4799995422363281,0.3400001525878906,-1.1999998092651367,0.6100006103515643,-0.06000041961669922,0.05000019073486328,-0.2799997329711932,0.25,5.0,7.0,09-01,-0.3966665665308633
08-03,-0.7300000190734872,-1.619999885559082,-0.5299997329711914,0.2299995422363299,-1.1700000762939418,0.39999961853027344,-1.0699996948242188,0.4700002670288086,0.009999275207521308,-0.06999969482422053,-0.22999954223632812,0.13000011444091886,5.0,7.0,09-02,-0.3483333190282181
08-04,-1.0600004196166974,-1.5,0.26000022888183594,0.1700000762939471,-0.6900005340576136,0.3899993896484375,-1.1899995803833026,0.5200004577636719,-0.010000228881835938,-0.059999465942386365,-0.1099996566772461,-0.03000020980834872,4.0,8.0,09-03,-0.2758333285649615
08-05,-1.4099993705749494,-1.3699998855590838,0.2799997329711914,0.16000080108642578,-1.0,0.7299995422363246,-0.930000305175783,0.4100008010864258,0.019999504089357245,-0.32999992370605646,-0.05999946594238459,-0.01000022888183505,5.0,7.0,09-04,-0.2924998998641973
08-06,-1.0399994850158691,-1.430000305175783,1.1899995803833026,0.1900005340576172,-0.6900005340576172,0.48999977111816406,-0.9600000381469727,0.4200000762939471,0.10999965667724965,-0.5500001907348651,-0.37999916076660156,0.019999980926515448,6.0,6.0,09-05,-0.21916667620340938
08-07,-0.9800000190734863,-1.4400005340576207,0.9200000762939471,0.09999942779541016,0.1399993896484375,0.6499996185302699,-0.930000305175783,0.2599992752075213,0.430000305175783,-0.6099996566772496,-0.32999992370605646,0.0899996757507342,7.0,5.0,09-06,-0.1416668891906744
08-08,-0.6899995803833008,-1.3400001525878924,0.48999977111816406,0.21999931335449396,-0.06999969482421875,0.37999916076660156,-1.119999885559082,0.3199996948242205,0.4699993133544904,-0.5600004196166992,-0.3600006103515625,-0.1400003433227539,5.0,7.0,09-07,-0.20000028610229492
08-09,-0.23999977111816406,-0.9800004959106445,-0.6899995803833026,0.2299995422363299,-0.1100006103515625,0.10000038146972656,-1.1499996185302734,0.3599996566772461,0.5799999237060565,-0.4200000762939453,-0.25,-0.26999998092651367,4.0,8.0,09-08,-0.23666671911875392
08-10,-0.28999996185302823,-1.1199998855590803,0.15000057220458984,0.21999931335449396,0.22999954223632457,-0.030000686645507812,-1.4299993515014648,0.44999980926513494,0.7299995422363281,-0.25,0.05000019073486328,-0.19000005722045898,6.0,6.0,09-09,-0.12333341439565045
08-11,-0.5099997520446786,-0.6099996566772443,-0.37999916076660156,0.5200004577636701,-0.0699996948242223,-0.37000083923339844,-1.0299997329711896,0.3899993896484357,0.7299995422363281,-0.029999732971193183,0.05000019073486328,-0.19999980926513672,4.0,8.0,09-10,-0.12583323319753062
08-12,-0.309999942779541,-0.4700002670288068,-0.5,0.7400007247924805,0.23999977111816406,-0.5799999237060547,-1.1500005722045863,0.36999988555908025,0.48999977111816406,-0.18999958038330078,0.25,-0.14000034332275302,5.0,7.0,09-11,-0.10416670640309615
08-13,-0.5100002288818359,-0.3499994277954084,-1.010000228881836,0.7100000381469727,0.4899997711181605,-0.7900009155273473,-1.1800003051757795,0.29999923706054865,0.44999980926513494,-0.07999992370605469,0.1599998474121076,-0.06000041961669922,5.0,7.0,09-12,-0.15583356221516972
08-14,-0.4400000572204581,-0.23999977111816406,-1.3000001907348633,0.7100000381469727,0.6500015258789098,-0.8000011444091797,-1.25,-0.050000190734861505,0.5,-0.18999958038330078,0.42000007629394354,-0.07000017166137695,4.0,8.0,09-13,-0.17166662216186487
08-15,0.07000017166137695,-0.19999980926513672,-1.2400007247924805,0.7200002670288086,1.1100006103515696,-0.6800003051757884,-0.9500007629394513,0.26999950408935547,0.75,-0.1099996566772461,0.5600004196166974,-0.07000017166137784,6.0,6.0,09-14,0.019166628519693935
08-16,-0.039999961853027344,0.0,-1.0500001907348633,0.619999885559082,1.2400016784668004,-0.7700004577636683,-0.9700002670288068,0.039999961853027344,0.8199996948242188,-0.1700000762939453,0.4600000381469709,0.019999980926513672,6.0,6.0,09-15,0.016666690508525168
08-17,0.01999998092651456,-0.18000030517578125,-0.7899999618530256,0.5799999237060547,1.2699985504150355,-0.8400001525878871,-0.9000005722045863,-0.25,0.9799995422363281,-0.21000003814697266,0.3800001144409162,0.1399998664855957,6.0,6.0,09-16,0.016666412353515996
08-18,-0.440000057220459,-0.3299999237060529,-0.06000041961669744,0.7100000381469727,1.2299995422363246,-0.9600009918212855,-0.5199995040893555,-0.189999580383299,1.0599994659423828,-0.3500003814697248,0.42000007629394354,0.15000009536743075,5.0,7.0,09-17,0.05999986330668169
08-19,-0.5,-0.02000045776367365,0.32999992370605646,0.8999996185302752,1.2299995422363246,-0.8400001525878906,-0.1300001144409162,-0.25,0.9900007247924787,-0.2700004577636701,0.2700004577636701,0.15000009536743164,6.0,6.0,09-18,0.1549999316533405
08-20,-0.5299997329711896,0.09999942779541016,0.619999885559082,0.7600002288818359,1.1300010681152273,-0.8799991607666016,0.2100000381469762,-0.25,1.0500001907348615,-0.17000007629394354,0.3199996948242205,0.17999982833862216,8.0,4.0,09-19,0.21166678269704176
08-21,-0.5899996757507315,0.8299999237060565,0.6099996566772461,0.8900003433227504,1.3799991607666016,-0.8699989318847656,0.7800006866455114,-0.25,1.0600004196166974,-0.27999973297118963,0.21000003814697266,0.3600001335144052,8.0,4.0,09-20,0.34416683514912955
08-22,-0.4899997711181632,0.8800001144409197,0.5299997329711914,1.1000003814697266,1.2199993133544922,-0.6399993896484375,1.4100008010864258,-0.25,1.0700006484985334,0.0900001525878924,0.21000003814697266,0.3000001907348633,9.0,3.0,09-21,0.4525001843770347
08-23,-0.4699997901916495,0.9600000381469762,0.10999965667724432,1.140000343322754,1.1799983978271484,-0.6499996185302734,1.0900001525878924,-0.4200000762939453,1.0,0.1499996185302752,0.47999954223632635,0.25,9.0,3.0,09-22,0.4016665220260624
08-24,-0.5799999237060538,1.310000419616701,-0.4799995422363299,1.1000003814697266,1.25,-0.5799999237060547,1.1300001144409197,-0.21000003814697443,1.0,0.09999942779541371,0.2800006866455078,-0.1100001335144043,7.0,5.0,09-23,0.3508334557215376
08-25,-0.5799999237060556,1.0600004196166974,-0.30999946594238637,1.0499992370605469,0.9799995422363281,-0.8699989318847656,1.0200004577636719,-0.3800001144409162,0.8900003433227521,-0.17999935150146484,0.3500003814697248,-0.15999984741210938,6.0,6.0,09-24,0.23916689554850193
08-26,-0.25,1.2100000381469744,-0.4299993515014666,1.0099992752075195,0.7900009155273438,-1.0200004577636683,0.4700002670288068,-0.28999996185302734,0.9300003051757795,-0.1399993896484375,0.3400001525878906,-0.18000030517578125,6.0,6.0,09-25,0.20333345731099448
08-27,-0.3099999427795419,0.8199996948242188,-1.3100004196166974,0.9299993515014666,1.380000114440918,-0.9500007629394531,0.11999988555908025,-0.28999996185302734,1.0500001907348633,-0.39999961853027344,0.34999942779541016,-0.2699999809265119,6.0,6.0,09-26,0.093333164850871
08-28,-0.3699998855590829,0.9600000381469727,-1.0700006484985334,0.75,1.1700000762939418,-1.010000228881836,-0.05999946594238459,-0.3000001907348615,1.1499996185302734,-0.619999885559082,0.19999980926513672,-0.3000001907348624,5.0,7.0,09-27,0.041666587193806816
08-29,-0.2699999809265128,1.2100000381469727,-0.850000381469723,0.6900005340576154,0.6900005340576136,-1.0,-0.2200002670288086,-0.4600000381469709,1.0900001525878888,-0.6999998092651349,0.07999992370605469,-0.16000032424926935,5.0,7.0,09-28,0.00833336512247714
08-30,-0.3099999427795401,1.1299991607666016,-0.75,0.6999998092651367,1.0,-1.3999996185302734,-0.34000015258788885,-0.5700006484985369,1.0100002288818342,-0.42999935150146484,0.029999732971193183,-0.3099999427795419,5.0,7.0,09-29,-0.02000006039937337
08-31,-0.11000013351440341,1.2300004959106445,-1.1899995803833026,0.6700000762939453,0.9300003051757812,-1.2700004577636719,-0.75,-0.5100002288818359,0.9200000762939418,-0.20999908447265625,0.039999961853027344,-0.13000011444091886,5.0,7.0,09-30,-0.03166655699412072
09-01,0.21000003814697354,0.7200002670288104,-0.9200000762939471,0.6100006103515625,0.7099990844726562,-2.4900007247924822,-0.5700006484985334,-0.34999942779541016,0.5999994277954084,-0.2400007247924787,-0.0200004577636701,-0.23000001907348722,5.0,7.0,10-01,-0.16416688760121648
09-02,0.17999982833862305,0.619999885559082,-0.48999977111816406,0.4499998092651367,0.5300006866455114,-2.810000419616699,-0.3000001907348615,-0.4099998474121094,0.6000003814697283,-0.22000026702880682,0.05999946594238281,-0.2899999618530291,6.0,6.0,10-02,-0.1733333667119338
09-03,-0.26999998092651367,0.26000022888183416,-0.22000026702880682,0.5200004577636701,0.850000381469723,-2.8799991607666016,-0.2700004577636701,-0.6999998092651385,0.6100006103515625,-0.1500005722045863,-0.20000076293945312,-0.16000032424926935,4.0,8.0,10-03,-0.2174999713897708
09-04,-0.2199997901916495,0.439999580383299,-0.5500001907348633,0.38000011444091797,0.2999992370605433,-2.6800003051757812,0.009999275207521308,-0.6000003814697248,0.7300004959106463,-0.2700004577636701,-0.5900001525878906,-0.24000024795532404,5.0,7.0,10-04,-0.2741669019063313
09-05,-0.330000400543212,0.4600000381469709,-0.8500003814697248,0.36999988555908025,-0.09000015258789418,-2.549999237060547,0.0,-0.5699996948242188,0.9800004959106463,-0.3599996566772461,-0.7300004959106445,-0.2800002098083496,3.0,9.0,10-05,-0.32916665077209495
09-06,-0.4600000381469709,1.0399999618530256,-0.14000034332275035,0.019999504089357245,0.2099990844726527,-2.2399988174438477,0.31999969482421875,-0.47000026702881037,0.8000001907348651,-0.3000001907348615,-0.7300004959106445,-0.14000034332275302,5.0,7.0,10-06,-0.17416683832804325
09-07,-0.25,1.2100000381469709,0.0,-0.20000076293945312,-0.35999870300293324,-2.2099990844726562,0.5199995040893555,-0.22000026702880682,0.9000005722045916,-0.1400003433227539,-0.8299999237060547,-0.010000228881835938,3.0,9.0,10-07,-0.132499933242798
09-08,-0.1600003242492658,1.439999580383299,0.2200002670288086,0.0,-0.21999931335449574,-2.279998779296875,0.6400003433227539,-0.25,0.9400005340576207,-0.23000049591064453,-0.8000001907348633,-0.05000019073486328,4.0,8.0,10-08,-0.06249988079071045
09-09,-0.2599997520446786,1.489999771118164,0.5100002288818359,0.05000019073486328,-0.5,-2.5299987792968714,1.2200002670288068,0.09999942779541016,0.8400001525878906,-0.26000022888183594,-0.8599996566772461,0.26000022888183594,7.0,5.0,10-09,0.005000154177347893
09-10,-0.309999942779541,1.4499998092651367,0.880000114440918,-0.05999946594238281,-1.0499992370605469,-2.4199991226196254,1.0200004577636719,-0.30999946594237926,0.9000005722045898,-0.11999988555908203,-0.8800001144409162,0.32000017166137784,5.0,7.0,10-10,-0.04833300908406494
09-11,-0.19999980926513672,1.3299999237060565,0.5799999237060547,-0.049999237060546875,-0.9200000762939453,-2.4499998092651367,1.0399999618530273,-0.4099998474121076,0.9300003051757812,-0.3600006103515625,-0.8599996566772425,0.23000001907348633,5.0,7.0,10-11,-0.09499990940093934
09-12,-0.21000003814697443,1.6700000762939453,1.1000003814697266,-0.23000049591064453,-0.7699985504150355,-2.380000114440918,1.2100000381469709,-0.5799999237060529,0.8000001907348651,-0.5200004577636719,-0.8499994277954084,0.23000001907348544,5.0,7.0,10-12,-0.04416652520497603
09-13,-0.26999998092651456,1.7899999618530291,1.0699996948242205,-0.3600006103515625,-0.7299995422363246,-2.6299991607666016,1.1900005340576136,-0.3900003433227539,0.7600002288818359,-0.5500001907348633,-0.8899993896484357,0.13000011444091797,5.0,7.0,10-13,-0.07333322366078658
09-14,0.23000001907348544,1.800000190734865,1.0600004196166974,-0.5500001907348651,-0.42000007629394887,-2.679999351501465,1.199999809265135,-0.18000030517578303,0.8199996948242188,-0.630000114440918,-0.6800003051757812,0.5500001907348633,6.0,6.0,10-14,0.043333331743875325
09-15,0.4200000762939444,1.7700004577636737,0.75,-0.25,-0.23999977111816406,-2.929999351501465,0.6299991607666016,-0.14999961853027166,0.7600002288818359,-0.7399997711181641,-0.5200004577636719,0.7200002670288086,6.0,6.0,10-15,0.018333435058593972
09-16,0.509999752044676,1.200000762939455,0.7600002288818359,-0.2700004577636719,-0.17000007629394887,-2.7400007247924787,0.36999988555908025,-0.14999961853027166,0.48999977111816406,-0.9099998474121094,-0.48000049591064453,0.5500001907348642,6.0,6.0,10-16,-0.07000005245208747
09-17,0.7399997711181632,1.1500005722045916,0.8000001907348633,-0.1700000762939471,-0.47000122070312145,-2.910000801086426,0.4099998474121094,-0.19999980926513494,0.4200000762939471,-0.7399997711181641,-0.21000003814697266,0.28999996185302823,6.0,6.0,10-17,-0.07416677474975526
09-18,0.7199997901916495,1.3400001525878888,1.0200004577636719,-0.11999988555908025,-0.33999824523925426,-2.9600000381469727,0.7300004959106428,-0.19999980926513494,0.48999977111816406,-0.7799997329711932,-0.18000030517577947,0.3400001525878915,6.0,6.0,10-18,0.005000233650207815
09-19,0.8299999237060538,1.2300004959106445,0.8599996566772461,-0.18000030517578125,-0.3699989318847621,-3.0299997329711914,0.9000005722045863,-0.22999954223632635,0.5500001907348651,-1.0199995040893572,-0.030000686645506036,0.75,6.0,6.0,10-19,0.021666844685872617
09-20,0.5900001525878906,1.3100004196166974,1.3599996566772496,-0.029999732971191406,-0.0999984741210902,-2.3800010681152344,0.9600000381469727,-0.10999965667724432,0.4799995422363281,-1.0500001907348633,-0.10000038146972301,0.8000001907348633,6.0,6.0,10-20,0.1441667079925546
09-21,0.7400002479553232,0.7699995040893555,1.5900001525878924,0.010000228881835938,0.2599983215331996,-2.3400001525878906,1.0399999618530238,-0.07999992370605469,0.46999931335449396,-1.0900001525878906,-0.05000019073486328,0.7200002670288095,8.0,4.0,10-21,0.1699997981389362
09-22,0.6999998092651367,1.2600002288818377,1.9400005340576172,0.11000061035155895,0.3299999237060547,-2.190000534057617,1.4600000381469727,-0.17000007629394354,0.34999942779541016,-1.0799999237060547,0.13000011444091797,0.9599995613098145,9.0,3.0,10-22,0.3166666428248088
09-23,0.4200000762939462,1.3299999237060565,1.7000007629394531,-0.13999938964844105,0.2999992370605469,-1.9099998474121094,1.72999954223633,-0.15999984741210938,0.28999996185302734,-1.0900001525878906,-0.1300001144409162,1.2100000381469709,7.0,5.0,10-23,0.29583334922790533
09-24,0.4500002861022949,1.0799999237060565,1.6199998855590785,-0.149999618530277,0.3400001525878906,-2.2799997329711914,1.760000228881836,-0.03999996185302912,0.16000080108642578,-1.1800003051757795,-0.03999996185302557,1.190000057220459,7.0,5.0,10-24,0.24250014623006155
09-25,0.49000024795532227,1.330000877380371,2.1800003051757795,-0.09000015258789062,0.32999992370605824,-2.070000648498535,1.8800001144409162,0.010000228881835938,0.10000038146972656,-0.8000001907348651,0.010000228881835938,1.3399996757507315,9.0,3.0,10-25,0.3925000826517739
09-26,0.2700004577636719,1.4700002670288068,2.4300003051757795,0.1599998474121076,0.25,-2.1999998092651367,2.4600000381469727,0.17999935150146484,0.2599992752075213,-1.0900001525878906,0.06999969482421875,1.5199999809265137,10.0,2.0,10-26,0.4816666046778358
09-27,0.1400003433227539,1.6700000762939453,2.3100004196166974,0.14999961853027166,0.470001220703125,-0.7100000381469709,2.5500001907348633,-0.12999916076660156,0.0900001525878924,-1.0499992370605469,0.1300001144409162,1.4699997901916522,9.0,3.0,10-27,0.5908336242039999
09-28,-0.019999980926513672,1.8399991989135724,1.9399995803833026,0.31000041961669744,0.889999389648434,-1.3299999237060511,2.5600004196166974,-0.21000003814697266,0.07999992370605469,-1.0699996948242188,-0.559999465942381,1.3399996757507324,7.0,5.0,10-28,0.4808332920074461
09-29,-0.11999988555908292,1.8999996185302734,1.869999885559082,0.23999977111816406,0.7299995422363246,-1.2899999618530238,1.7400007247924822,-0.09000015258788885,0.06999969482422053,-0.32999992370605646,-0.4399995803833008,1.3200001716613778,7.0,5.0,10-29,0.466666658719381
09-30,-0.25,1.989999771118164,2.1999998092651385,0.23999977111816406,0.6999988555908203,-0.630000114440918,1.4000005722045863,-0.18999958038330256,0.18000030517578125,-0.3400001525878924,-0.5500001907348633,1.0399999618530291,7.0,5.0,10-30,0.4824999173482256
10-01,-0.009999752044677734,1.9699993133544922,2.7100000381469727,0.46000003814697443,0.42000007629394887,-0.6800003051757812,1.3000001907348615,-0.3600006103515625,-0.029999732971191406,-0.039999961853027344,-0.25999927520751953,0.9499998092651376,6.0,6.0,10-31,0.535833319028219
10-02,0.11999988555908114,1.3800001144409162,2.630000114440918,0.5699996948242188,0.13000106811523793,-0.6500005722045898,0.9800004959106428,-0.38000011444091975,0.010000228881835938,0.26000022888183594,-0.06999969482421875,0.809999942779541,9.0,3.0,11-01,0.48250011603037496
10-03,0.25,1.2899999618530273,2.3100004196166974,1.2200002670288086,0.3899993896484375,-0.6800003051757812,0.5399999618530273,-0.3600006103515625,-0.06999969482421875,0.4200000762939453,-0.1700000762939453,0.8800001144409189,8.0,4.0,11-02,0.5016666253407795
10-04,-0.05000019073486239,1.3899993896484375,1.0,1.0500001907348633,0.25,-0.5700006484985369,0.6200008392333984,-0.5900001525878906,0.050000190734861505,0.40000057220458984,-0.19999980926513672,0.7100000381469727,8.0,4.0,11-03,0.3383333683013914
10-05,0.5299997329711923,1.4200000762939435,0.5899991989135742,1.0,0.30000114440917613,-0.43000030517578125,0.5600004196166992,-1.0799999237060547,0.10000038146972656,0.43000030517578125,-0.0900001525878924,0.690000057220459,9.0,3.0,11-04,0.33500007788340197
10-06,0.3000001907348624,1.9400005340576154,0.15999984741210938,1.1999998092651367,0.07999992370605113,-0.5300006866455078,0.5,-0.9900007247924822,0.039999961853027344,0.029999732971191406,0.21000003814697266,0.9000000953674316,10.0,2.0,11-05,0.3199998935063673
10-07,0.1399998664855957,1.860000610351559,0.46000003814697266,1.1199998855590803,0.19000053405761363,-0.15000057220459162,-0.10000038146972656,-0.8900003433227539,0.07999992370605469,0.11999988555908203,0.31999969482421875,0.40999984741211026,9.0,3.0,11-06,0.2966665824254346
10-08,0.09000015258789151,1.52000045776367,0.10999965667724787,1.1999998092651367,0.5900001525878906,-0.2700004577636719,-0.3400001525878906,-0.7699995040893555,0.019999504089353692,0.26999950408935725,0.48000049591064453,0.2899999618530291,9.0,3.0,11-07,0.2658332983652753
10-09,0.15000009536743164,2.079999923706051,0.06000041961669922,1.3199996948242188,0.2899990081787074,0.09999942779541016,-0.3200006484985334,-0.7799997329711914,-0.010000228881835938,0.5900001525878906,0.3599996566772443,0.3899998664855966,9.0,3.0,11-08,0.3524998029073074
10-10,-0.17000007629394442,2.4299993515014595,0.010000228881834161,1.080000877380371,-0.020000457763668322,0.14999961853027344,-0.4099998474121076,-0.5399999618530273,-0.2300004959106463,0.7800006866455078,0.3000001907348633,0.31999969482421875,7.0,5.0,11-09,0.3083333174387612
10-11,0.13000011444091797,2.630000114440916,0.36999988555908025,0.9200000762939453,-0.20000076293945312,0.6499996185302734,-0.45999908447265625,-0.5100002288818359,-0.31999969482421875,0.7899999618530273,0.1400003433227539,0.11999988555908203,8.0,4.0,11-10,0.35500001907348605
10-12,0.5600004196166992,2.289999961853029,-0.3400001525878906,0.9400005340576172,-0.6300010681152308,0.630000114440918,-0.6499996185302734,-0.38000011444091797,-0.05999946594238281,0.9600000381469727,0.07000064849853516,0.5299997329711932,7.0,5.0,11-11,0.3266667524973557
10-13,0.619999885559082,2.9899988174438423,-0.3000001907348633,0.6799993515014666,-0.32999992370605113,0.46000003814697266,-0.6599998474121076,-0.3299999237060547,0.010000228881834161,0.6499996185302734,0.2200002670288086,0.619999885559082,8.0,4.0,11-12,0.3858331839243571
10-14,0.6700000762939462,2.7199993133544886,-0.5200004577636719,0.7100000381469727,-0.2900009155273402,0.5900001525878888,-0.6999998092651367,-0.3299999237060547,-0.07999992370605469,0.5699996948242188,0.2600002288818377,0.7599997520446768,7.0,5.0,11-13,0.36333318551381427
10-15,0.6700000762939462,2.829998970031733,-0.4099998474121094,0.75,-0.25,0.9600000381469727,-0.9099998474121076,0.05999946594238281,-0.1099996566772461,0.6799993515014648,-0.029999732971193183,0.7100000381469727,7.0,5.0,11-14,0.41249990463256797
10-16,0.9099998474121094,2.7300004959106445,-0.25999927520751953,0.6999998092651367,-0.19000053405762074,0.6000003814697266,-0.969999313354494,0.3999996185302752,0.039999961853027344,0.7399997711181641,-0.2599992752075213,0.6599998474121094,8.0,4.0,11-15,0.42500011126200316
10-17,0.6299996376037607,2.419999122619629,-0.37999916076660156,0.26000022888183416,-0.35999870300292613,0.5599994659423828,-1.319999694824217,0.18000030517578125,-0.25,0.7799997329711914,-0.2999992370605469,0.6199998855590811,7.0,5.0,11-16,0.23666679859161407
10-18,0.8399996757507333,3.119999885559082,-0.9099998474121112,0.23999977111816406,-0.43000030517578125,0.7600002288818342,-1.439999580383299,0.14999961853027166,-0.18999958038330078,1.0299997329711914,-0.4799995422363281,0.9499998092651358,7.0,5.0,11-17,0.30333332220713266
10-19,1.1399998664855948,3.1900005340576154,-1.0,0.48999977111816406,-0.4099998474121094,0.9700002670288104,-1.319999694824217,-0.010000228881835938,-0.22999954223632812,1.0399999618530273,-0.23999977111816584,1.2100000381469718,6.0,6.0,11-18,0.40250011285146065
10-20,1.2699995040893555,3.039999961853022,-1.1399993896484357,0.399999618530277,-0.4300003051757777,1.369999885559082,-1.2300004959106445,0.029999732971193183,-0.10000038146972656,0.9000005722045881,-0.07999992370605646,1.0600004196166992,7.0,5.0,11-19,0.42416659990946465
10-21,1.1599993705749512,2.8699998855590785,-1.6999998092651367,0.32999992370605646,-0.5200004577636719,1.239999771118164,-0.9499998092651367,-0.020000457763671875,0.0,0.6400003433227521,-0.07999992370605646,0.9500002861022958,6.0,6.0,11-20,0.32666659355163535
10-22,1.1799993515014648,2.7300004959106428,-2.3400001525878924,0.6599998474121129,-0.7299995422363246,1.3099994659423828,-1.119999885559082,-0.31999969482421875,-0.029999732971191406,0.8400001525878888,-0.1700000762939471,0.5900001525878906,6.0,6.0,11-21,0.21666669845581055
10-23,1.3099994659423828,1.9700012207031286,-2.4099998474121094,0.8299999237060565,-0.6000003814697266,1.0399999618530273,-1.2100000381469727,-0.42999935150146484,0.09000015258789062,0.6599998474121112,-0.4800004959106463,0.6400003433227521,7.0,5.0,11-22,0.11750006675720244
10-24,1.259999752044676,2.1300010681152344,-2.4600000381469727,0.680000305175783,-0.8400001525878906,1.6599998474121076,-1.110000610351559,-0.39999961853027344,-0.05999946594238281,0.880000114440918,0.129999160766598,0.7700004577636719,7.0,5.0,11-23,0.2200000683466592
10-25,1.1700005531311035,2.0500011444091797,-2.380000114440916,0.46000003814697266,-0.6800003051757812,1.6400003433227521,-1.079999923706053,-0.06000041961669922,0.07999992370605469,0.07000064849853516,0.009999275207517755,0.7700004577636719,8.0,4.0,11-24,0.17083346843719482
10-26,1.259999752044676,1.8400011062622088,-1.7799997329711914,0.49000072479248047,-0.4799995422363317,1.610000610351559,-1.1300001144409144,0.010000228881837714,-0.15000057220458984,0.0800008773803711,0.10000038146972656,0.7700004577636719,8.0,4.0,11-25,0.21833368142445866
10-27,1.3999996185302717,1.4700002670288068,-1.989999771118164,-0.23999977111816584,-0.5599994659423864,1.8500003814697248,-0.3400001525878906,0.15000057220459162,0.05999946594238281,-0.1700000762939471,0.2800006866455078,0.880000114440918,7.0,5.0,11-26,0.23250015576680413
10-28,1.8500003814697266,1.4799995422363281,-1.9099998474121094,-0.05999946594238281,-0.6299991607666087,1.510000228881836,-0.42000007629394176,0.17000007629394887,-0.030000686645506036,-0.1499996185302752,0.3900003433227539,1.1000003814697257,6.0,6.0,11-27,0.27500017484029127
10-29,1.5100002288818368,1.569999694824217,-1.850000381469723,-0.05000019073486328,-0.6700000762939489,1.77000045776367,-0.17999935150146307,0.15999984741210938,0.0,0.11999988555908025,0.3599996566772461,0.9000000953674308,7.0,5.0,11-28,0.30333332220713266
10-30,1.8100004196166992,1.7200002670288068,-1.9300003051757795,-0.05999946594238281,-0.46999931335448863,1.7300004959106445,-0.26000022888183416,0.3000001907348633,0.009999275207517755,-0.18000030517577947,0.4700002670288086,1.070000171661377,7.0,5.0,11-29,0.35083345572153773
10-31,1.2300004959106445,1.8700008392333984,-1.6800003051757795,0.09000015258789062,-0.2399997711181605,1.5900001525878888,-0.19999980926513494,0.18000030517578125,-0.06000041961669922,-0.1400003433227539,0.4200000762939471,1.0900001525878906,7.0,5.0,11-30,0.34583346048990943
11-01,1.1499996185302717,1.8299999237060582,-1.0900001525878924,0.0,-0.01999855041503551,1.6199998855590803,-0.22000026702880682,0.310000419616701,0.21000003814697266,0.11999988555908203,0.11999988555908203,1.0900001525878906,8.0,4.0,12-01,0.42666673660278365
11-02,1.3100004196166992,1.5099992752075213,-0.5499992370605469,0.07999992370605646,0.030000686645507812,1.739999771118164,-0.4200000762939453,0.5600004196166992,0.1400003433227539,0.029999732971191406,0.10000038146972656,1.0900001525878906,10.0,2.0,12-02,0.46833348274230985
11-03,1.440000057220459,1.2799987792968732,-0.719999313354494,0.2799997329711932,0.07999992370605469,1.7800006866455078,-0.25,0.6099996566772461,0.2000007629394549,-0.15999984741211115,0.06000041961669922,0.9200000762939453,9.0,3.0,12-03,0.46000007788340236
11-04,1.7400002479553223,0.5999994277954084,-0.6700000762939453,0.19999980926513494,0.059999465942386365,1.9499998092651385,-0.3899993896484375,0.619999885559082,0.1900005340576172,-0.11999988555908381,0.010000228881835938,1.1600003242492667,9.0,3.0,12-04,0.4458333651224771
11-05,1.5600004196166983,0.25,-0.6300001144409162,0.15999984741210938,-0.5300006866455043,2.070000648498535,-0.3099994659423846,0.8500003814697248,0.25,-0.11999988555908381,-0.13000011444091797,0.8100004196166992,7.0,5.0,12-05,0.35250012079874665
11-06,1.260000228881836,0.37000083923339844,-0.3200006484985334,-0.1099996566772461,-0.2899990081787074,1.8200006484985352,-0.26000022888183594,0.6599998474121094,0.3000001907348633,0.06000041961669922,0.029999732971191406,1.010000228881836,8.0,4.0,12-06,0.37750021616617885
11-07,0.7599992752075195,0.3899993896484375,-0.11000061035156072,0.25,0.07000160217285512,1.8400001525878906,-0.35000038146972656,0.8599996566772461,0.2700004577636701,-0.4200000762939471,0.05999946594238281,0.6000003814697248,9.0,3.0,12-07,0.3516666094462077
11-08,0.7599992752075195,0.23999977111816406,-0.559999465942381,0.4100008010864258,-0.22999954223632457,1.8100004196166992,-0.13000011444091975,1.080000877380371,0.31999969482421875,-0.2799997329711932,-0.09000015258789062,0.6000003814697248,7.0,5.0,12-08,0.3275001843770345
11-09,0.7299995422363281,0.48999977111816406,0.03999996185302912,0.38000011444091975,-0.14999961853027344,1.699999809265135,-0.21000003814697266,1.4800004959106445,0.3400001525878906,-0.1999998092651385,-0.1499996185302752,0.6000003814697248,8.0,4.0,12-09,0.4208334287007647
11-10,0.5799999237060547,0.060001373291015625,0.0900001525878924,0.26999950408935725,-0.18999862670898438,1.4300003051757795,-0.30999946594238637,1.1200008392333984,0.36999988555908203,-0.4699993133544922,-0.05999946594238459,0.4200000762939453,8.0,4.0,12-10,0.2758337656656898
11-11,0.5299997329711914,0.07999992370605113,-0.06000041961669744,0.5099992752075213,-0.32999992370605113,1.0600004196166974,-0.42000007629394354,0.780000686645506,0.3699998855590838,-0.6700000762939453,-0.06999969482422053,0.4700002670288086,7.0,5.0,12-11,0.18750000000000014
11-12,0.6599998474121076,0.39000129699706676,-0.2700004577636719,0.5,-0.18999862670898438,0.5799999237060547,-0.14999961853027166,0.969999313354494,0.44999980926513494,-0.9699993133544904,0.029999732971193183,0.5900001525878906,8.0,4.0,12-12,0.2158335049947103
11-13,0.44999980926513494,-0.23999977111816406,0.009999275207521308,0.48999977111816406,-0.6900005340576172,0.2299995422363299,-0.02999973297118963,1.109999656677246,0.4200000762939453,-1.0,0.2999992370605469,0.26000022888183594,8.0,4.0,12-13,0.10916646321614613
11-14,0.3400001525878906,-0.2700004577636719,-0.1700000762939453,0.8000001907348633,-0.6800003051757812,0.019999504089353692,-0.07999992370605469,0.7599992752075213,0.5799999237060547,-0.8999996185302734,0.31999969482421875,0.0,6.0,6.0,12-14,0.05999986330668131
11-15,0.28999996185302734,-0.5300006866455078,-0.3900003433227539,0.9000005722045863,-0.6599998474121129,-0.26000022888183416,-0.39999961853027166,0.7300004959106445,0.630000114440918,-0.6700000762939453,0.15999984741210938,0.0,5.0,7.0,12-15,-0.01666665077209502
11-16,0.3699998855590838,-0.09000015258789062,-0.4100008010864258,0.9700002670288068,-0.5900001525878906,-0.5500001907348633,-0.4200000762939453,0.5299997329711932,0.5900001525878906,-0.4099998474121094,0.3699998855590838,0.0,5.0,7.0,12-16,0.029999891916911103
11-17,0.4100008010864258,-0.13000106811523082,-0.0200004577636701,0.4400005340576154,-0.3899993896484375,-1.2600002288818342,-0.2799997329711914,0.6599998474121112,0.619999885559082,-0.75,0.2799997329711914,0.0,5.0,7.0,12-17,-0.035000006357828184
11-18,0.5500001907348633,0.4299983978271449,0.049999237060546875,0.2700004577636701,-0.11999893188476562,-1.4099998474121094,-0.10000038146972834,0.7699995040893572,0.3299999237060547,-0.7299995422363263,0.4400005340576172,0.0,7.0,5.0,12-18,0.039999961853027045
11-19,0.7600002288818377,0.26999855041503906,0.19999980926513672,0.5600004196166992,-0.17000007629394887,-0.9899997711181658,-0.2100000381469762,0.7899999618530273,0.4499998092651367,-0.75,0.49000072479248047,0.0,7.0,4.0,12-19,0.1166666348775222
11-20,0.8499994277954102,0.5699996948242188,0.19999980926513672,0.8199996948242188,-1.2700004577636719,-1.0100002288818377,-0.24000072479248225,0.8400001525878906,0.5299997329711914,-0.5900001525878906,0.810000419616701,0.0,7.0,4.0,12-20,0.1258331139882404
11-21,0.6600008010864276,0.5999984741210938,-0.029999732971191406,0.8099994659423846,-1.4400005340576172,-0.9800004959106445,-0.5700006484985369,0.869999885559082,0.5699996948242188,-0.7899999618530273,0.8299999237060547,0.0,6.0,5.0,12-21,0.044166405995687
11-22,0.9500007629394531,0.6499996185302734,0.23999977111816584,0.6299991607666016,-1.3600006103515625,-0.8599996566772461,-0.75,0.8899993896484375,0.6500005722045863,-0.8100004196166992,0.6499996185302734,0.0,7.0,4.0,12-22,0.07333318392435695
11-23,0.9400005340576172,1.2899999618530291,0.8299999237060529,0.6299991607666016,-1.6400003433227486,-0.6400003433227521,-0.8200006484985369,0.7400007247924822,0.6199998855590803,-0.8100004196166992,0.4099998474121094,0.0,7.0,4.0,12-23,0.12916652361551964
11-24,1.0899991989135742,1.0399999618530291,0.9099998474121094,0.6600008010864258,-1.5200004577636683,-0.4499998092651385,-0.3500003814697301,0.6000003814697283,0.6199998855590803,-1.1399993896484375,0.4799995422363281,0.0,7.0,4.0,12-24,0.1616666316986084
11-25,1.0899991989135742,0.8899993896484375,0.9099998474121094,0.6600008010864258,-1.5200004577636683,-0.46000003814697266,-0.3500003814697301,0.6000003814697283,0.6100006103515625,-1.1399993896484375,0.4799995422363281,0.0,7.0,4.0,12-25,0.1474999586741131
11-26,1.170000076293947,0.8899993896484375,0.6599998474121094,0.7499999999999982,-1.7200012207031286,-0.27999973297118963,-0.32999992370605824,0.7200002670288104,0.5200004577636737,-1.349999427795412,0.42999935150146484,0.0,7.0,4.0,12-26,0.12166659037272105
11-27,1.170000076293947,0.9300003051757777,0.9399995803833008,1.2999992370605469,-1.840001106262207,-0.39999961853027344,-0.32999992370605824,0.4799995422363281,0.47000026702881037,-1.6499996185302752,0.36999988555908025,0.0,7.0,4.0,12-27,0.11999988555908143
11-28,1.1899995803833026,0.7200012207031214,0.9499998092651367,1.5399999618530273,-1.890000343322754,-0.39999961853027344,0.02999973297118963,0.5399999618530273,0.3900003433227539,-1.559999942779542,0.4099998474121076,0.0,8.0,3.0,12-28,0.1600000460942581
11-29,1.239999771118164,0.8100013732910156,0.8200006484985352,1.2600002288818342,-1.890000343322754,-0.4700002670288068,-0.01999950408935547,0.47000026702881037,-0.06000041961669922,-1.5199999809265146,0.4099998474121076,0.0,6.0,5.0,12-29,0.08750013510386141
11-30,1.3099994659423828,0.7899999618530273,-0.07999992370605469,1.3400001525878924,-1.7299995422363317,-0.32000064849853693,-0.1499996185302752,0.28999996185302734,-0.020000457763671875,-1.559999942779542,0.4399995803833008,0.0,5.0,6.0,12-30,0.025833249092101534
12-01,1.2299995422363281,0.28000068664551137,-0.06999969482421875,1.3500003814697266,-1.7599992752075213,-0.25,-0.3300008773803711,-0.18000030517577947,-0.07999992370605469,-1.750000476837159,0.34999942779541016,0.0,4.0,7.0,12-31,-0.10083337624867734
12-02,1.0999994277954102,-0.04000091552734375,-0.37999916076660156,1.3500003814697266,-1.7599992752075213,-0.37999916076660156,-0.030000686645507812,0.010000228881835938,-0.13000011444091797,-1.750000476837159,0.34999942779541016,0.0,4.0,7.0,01-01,-0.13833336035410584
12-03,1.1700000762939453,-0.05999946594238281,-0.5899991989135742,1.4600000381469727,-1.2799997329711932,-0.5100002288818359,0.25,-0.18999958038330078,-0.05000019073486328,-1.7900004386901855,0.3599996566772461,0.0,4.0,7.0,01-02,-0.10249992211659764
12-04,1.1700000762939453,0.0400009155273402,-0.4299993515014666,1.6399993896484357,-1.1900005340576225,-0.3100004196166992,0.029999732971193183,-0.21000003814697266,-0.1400003433227539,-1.530000209808347,0.35000038146972656,0.0,5.0,6.0,01-03,-0.048333366711935076
12-05,1.0799999237060547,0.14000129699707387,-0.34999942779541016,1.8899993896484357,-1.3099994659423846,-0.19999980926513494,0.05000019073486328,-0.3099994659423828,0.2299995422363299,-1.1200003623962393,0.36999988555908203,0.0,6.0,5.0,01-04,0.0391668081283573
12-06,1.0900001525878906,0.6000003814697266,0.07999992370605469,1.9600000381469709,-1.2700004577636737,0.06999969482422053,-0.029999732971191406,0.029999732971191406,0.38000011444091797,-1.1200003623962393,0.2799997329711914,0.0,8.0,3.0,01-05,0.17249993483225498
12-07,1.3699998855590838,0.8199996948242116,0.2200002670288086,1.7200002670288068,-1.1199998855590856,-0.07000064849853516,-0.1499996185302752,0.1099996566772461,0.23000049591064275,-0.9199995994567862,0.4099998474121076,0.0,7.0,4.0,01-06,0.21833336353301877
12-08,2.140000343322754,1.1999988555908239,0.5500001907348651,1.9899997711181658,-1.0499992370605504,-0.6700000762939435,-0.25,0.14000034332275213,0.15000057220459162,-0.740000247955324,0.19999980926513672,0.0,7.0,4.0,01-07,0.3050000270207726
12-09,2.510000228881836,1.1299991607666016,0.2700004577636719,2.0999994277954137,-0.9799995422363317,-0.8100004196166974,-0.7800006866455114,0.0,0.39999961853027344,-0.44000053405761896,0.14999961853027344,0.0,6.0,5.0,01-08,0.2958331108093259
12-10,2.3199996948242188,1.1599998474121094,0.7399997711181641,1.9600000381469727,-1.1500005722045898,-0.11999988555908203,-0.8500003814697283,-0.04999923706054865,0.6199998855590803,-0.2300004959106463,0.18000030517577947,0.0,6.0,5.0,01-09,0.38166658083597743
12-11,2.369999885559082,1.7499999999999964,0.8599996566772461,1.8600006103515625,-0.869999885559082,-0.23999977111816584,-0.5300006866455114,-0.05999946594238459,0.5699996948242188,-0.1700000762939453,0.1400003433227539,0.0,6.0,5.0,01-10,0.47333335876464755
12-12,2.579999923706053,1.8000011444091797,0.9499998092651385,2.0,-0.8499994277954102,0.05000019073486328,-0.9200000762939471,-0.18999958038330256,0.4799995422363281,0.07999992370605469,-0.06999969482422053,0.0,7.0,4.0,01-11,0.4925001462300614
12-13,2.6099996566772443,1.8400001525878942,1.320000648498537,2.199999809265135,-1.0500001907348633,1.1400003433227521,-1.0799999237060547,0.07999992370605469,0.3999996185302752,0.2200002670288086,0.020000457763671875,0.0,9.0,2.0,01-12,0.6416667302449546
12-14,3.029999732971188,1.8600006103515625,1.920000076293947,2.3699998855590803,-1.0200004577636719,0.9300003051757795,-0.8499994277954102,0.14000034332275213,0.5699996948242205,0.19999980926513494,-0.13000011444091797,0.0,8.0,3.0,01-13,0.7516667048136387
12-15,2.479999542236328,2.1599998474121094,1.8199996948242205,2.439999580383299,-0.7900009155273402,0.9400005340576136,-1.0199995040893555,0.09000015258789062,0.4499998092651385,0.1700000762939453,-0.1400003433227539,0.0,8.0,3.0,01-14,0.7166665395100913
12-16,2.1900005340576154,1.9399986267089844,1.8199996948242205,2.6099996566772443,-0.75,1.119999885559082,-2.1599998474121094,0.039999961853027344,0.3699998855590838,0.31999969482421875,-0.15000057220458984,0.0,8.0,3.0,01-15,0.6124997933705648
12-17,2.2899999618530256,1.9099998474121094,2.0499992370605487,2.5999994277954084,-0.3000011444091797,0.6599998474121094,-1.7799997329711932,0.010000228881835938,0.5,0.48999977111816406,-0.10000038146972656,0.0,8.0,3.0,01-16,0.6941664218902585
12-18,2.0,1.8599987030029297,2.119999885559084,2.6300001144409197,1.0500011444091797,0.2999992370605451,-1.6000003814697301,-0.06999969482421875,0.5699996948242188,0.36999988555908203,-0.35000038146972656,0.0,8.0,3.0,01-17,0.7399998505910236
12-19,2.010000228881836,1.8299999237060547,2.0199995040893555,2.4900007247924787,1.400000572204588,0.07999992370605113,-1.5299997329711932,-0.029999732971191406,0.4100008010864258,-0.029999732971191406,-0.2200002670288086,0.0,7.0,4.0,01-18,0.7025001843770338
12-20,2.0900001525878924,1.7999992370605469,1.6900005340576154,2.449999809265135,1.2800006866455078,-0.1100006103515625,-1.5399999618530273,-0.17000007629394887,-0.5399999618530273,0.029999732971191406,-0.28999996185302734,0.0,6.0,5.0,01-19,0.5574999650319413
12-21,1.930000305175783,1.710000991821289,1.6800003051757812,2.3600006103515625,1.5500011444091797,-0.3600006103515625,-1.7599992752075213,-0.2300004959106463,-0.4499998092651385,0.23999977111816584,-0.25,0.0,6.0,5.0,01-20,0.5350002447764077
12-22,1.8500003814697266,0.9099998474121094,1.4000005722045898,1.8200006484985334,1.5799999237060547,-0.19999980926513494,-2.25,0.010000228881835938,-0.3999996185302752,0.6599998474121094,-0.26999950408935725,0.0,7.0,4.0,01-21,0.42583354314168265
12-23,1.4300003051757795,1.1199989318847656,1.390000343322754,1.8200006484985334,1.3700008392333984,-0.31999969482421875,-2.460000038146971,-0.05000019073486328,-0.530000686645506,0.7299995422363281,-0.2799997329711914,0.0,6.0,5.0,01-22,0.3516666889190674
12-24,1.380000114440918,1.0299987792968714,1.799999237060545,1.7100000381469709,1.2200002670288086,-0.32999992370605824,-2.410000801086426,0.03999996185302379,-0.6000003814697266,0.9499998092651367,-0.26000022888183416,0.0,7.0,4.0,01-23,0.37749973932901915
12-26,0.9800004959106428,1.0799999237060511,1.8499994277954102,1.0900001525878906,1.2199993133544922,-0.4799995422363281,-2.1700000762939435,-0.07999992370605646,-0.6400003433227539,0.4900002479553214,-0.28999996185302734,0.0,6.0,5.0,01-25,0.2541666428248082
12-27,0.32000064849853516,1.0599994659423793,2.0099992752075213,1.119999885559082,1.2499990463256818,-0.4900007247924787,-2.039999961853024,0.21999931335448863,-0.44999980926513494,0.4900002479553214,-0.19999980926513672,0.0,7.0,4.0,01-26,0.27416646480560297
12-28,0.8299999237060565,1.1599998474121094,2.4099998474121076,1.010000228881836,1.1500005722045845,-0.6100006103515625,-2.2000007629394513,0.5399999618530273,-0.5299997329711896,0.5300002098083478,-0.1099996566772461,0.0,7.0,4.0,01-27,0.3483333190282183
12-29,1.0799999237060547,1.6300010681152344,2.25,0.9200000762939471,0.5500001907348615,-0.4400005340576172,-1.9699993133544922,0.5600004196166992,-0.439999580383299,0.9500002861022958,-0.25,0.0,7.0,4.0,01-28,0.40333354473114036
12-30,1.560000419616701,1.6800003051757848,2.1700000762939435,0.7300004959106445,0.4300003051757795,-0.6499996185302734,-2.3199996948242188,0.6599998474121094,-1.0900001525878888,1.2099995613098136,-0.3599996566772461,0.0,7.0,4.0,01-29,0.33500015735626243
12-31,1.550000190734865,1.5799999237060511,1.6599998474121094,0.8299999237060582,0.28999996185302734,-1.0399999618530273,-2.239999771118164,-0.2200002670288086,-1.010000228881836,1.0099997520446786,-0.3299999237060547,0.0,6.0,5.0,01-30,0.17333328723907493
