,2010,2011,2012,2013,2014,2015,2016,2017,2018,2019,2020,ups,downs,avg
01-02,0.0,0.0,0.0,0.0,0.0,0.0,0.0,-14.079422382671481,0.0,0.0,0.0,0.0,10.0,-1.279947489333771
01-03,0.0,0.0,0.0,0.0,0.0,0.0,0.0,-14.079422382671481,0.0,0.0,0.0,0.0,10.0,-1.279947489333771
01-04,0.0,0.0,0.0,0.0,0.0,0.0,0.0,-14.079422382671481,0.0,0.0,0.0,0.0,10.0,-1.279947489333771
01-05,0.0,0.0,0.0,0.0,0.0,0.0,0.0,-14.079422382671481,0.0,0.0,0.0,0.0,10.0,-1.279947489333771
01-06,0.0,0.0,0.0,0.0,0.0,0.0,0.0,-14.079422382671481,0.0,0.0,0.0,0.0,10.0,-1.279947489333771
01-07,0.0,0.0,0.0,0.0,0.0,0.0,0.0,-14.079422382671481,0.0,0.0,0.0,0.0,10.0,-1.279947489333771
01-08,0.0,0.0,0.0,0.0,0.0,0.0,0.0,-14.079422382671481,0.0,0.0,0.0,0.0,10.0,-1.279947489333771
01-09,0.0,0.0,0.0,0.0,0.0,0.0,0.0,-14.079422382671481,0.0,0.0,0.0,0.0,10.0,-1.279947489333771
01-10,0.0,0.0,0.0,0.0,0.0,0.0,0.0,-14.079422382671481,21.578947368421055,0.0,0.0,1.0,9.0,0.6817749987045066
01-11,0.0,0.0,0.0,0.0,0.0,0.0,0.0,-14.079422382671481,21.578947368421055,0.0,0.0,1.0,9.0,0.6817749987045066
01-12,0.0,0.0,0.0,0.0,-6.25,0.0,0.0,-14.079422382671481,21.578947368421055,0.0,0.0,1.0,9.0,0.1135931805226885
01-13,0.0,0.0,0.0,0.0,-6.25,0.0,0.0,-14.079422382671481,21.578947368421055,0.0,0.0,1.0,9.0,0.1135931805226885
01-14,0.0,0.0,0.0,0.0,-6.25,0.0,0.0,-14.079422382671481,21.578947368421055,0.0,0.0,1.0,9.0,0.1135931805226885
01-15,0.0,0.0,0.0,0.0,-6.25,0.0,0.0,-14.079422382671481,21.578947368421055,0.0,0.0,1.0,9.0,0.1135931805226885
01-16,0.0,0.0,0.0,0.0,-6.25,0.0,0.0,-14.079422382671481,21.578947368421055,0.0,0.0,1.0,9.0,0.1135931805226885
01-17,0.0,0.0,0.0,0.0,-6.25,0.0,0.0,-14.079422382671481,21.578947368421055,0.0,0.0,1.0,9.0,0.1135931805226885
01-18,0.0,0.0,0.0,0.0,-6.25,0.0,0.0,-14.079422382671481,21.578947368421055,0.0,0.0,1.0,9.0,0.1135931805226885
01-19,0.0,0.0,0.0,0.0,-6.25,0.0,0.0,-14.079422382671481,21.578947368421055,0.0,0.0,1.0,9.0,0.1135931805226885
01-20,0.0,0.0,0.0,0.0,-6.25,0.0,0.0,-14.079422382671481,21.578947368421055,0.0,0.0,1.0,9.0,0.1135931805226885
01-21,0.0,0.0,0.0,0.0,-6.25,0.0,0.0,-14.079422382671481,21.578947368421055,0.0,0.0,1.0,9.0,0.1135931805226885
01-22,0.0,0.0,0.0,0.0,-6.25,0.0,0.0,-14.079422382671481,21.578947368421055,0.0,0.0,1.0,9.0,0.1135931805226885
01-23,0.0,0.0,0.0,0.0,-6.25,0.0,0.0,-14.079422382671481,21.578947368421055,0.0,0.0,1.0,9.0,0.1135931805226885
01-24,0.0,0.0,0.0,0.0,-6.25,0.0,0.0,-14.079422382671481,21.578947368421055,0.0,0.0,1.0,9.0,0.1135931805226885
01-25,0.0,0.0,0.0,0.0,-6.25,0.0,0.0,-14.079422382671481,21.578947368421055,0.0,0.0,1.0,9.0,0.1135931805226885
01-26,0.0,0.0,0.0,0.0,-6.25,0.0,0.0,-14.079422382671481,21.578947368421055,0.0,0.0,1.0,9.0,0.1135931805226885
01-27,0.0,0.0,0.0,0.0,-6.25,0.0,0.0,-14.079422382671481,21.578947368421055,0.0,0.0,1.0,9.0,0.1135931805226885
01-28,0.0,0.0,0.0,0.0,-6.25,0.0,0.0,0.0,21.578947368421055,0.0,0.0,1.0,9.0,1.3935406698564596
01-29,0.0,0.0,0.0,0.0,-6.25,0.0,0.0,0.0,21.578947368421055,0.0,0.0,1.0,9.0,1.3935406698564596
01-30,0.0,0.0,0.0,0.0,-6.25,0.0,0.0,0.0,21.578947368421055,0.0,0.0,1.0,9.0,1.3935406698564596
01-31,0.0,0.0,0.0,0.0,-6.25,0.0,0.0,0.0,21.578947368421055,0.0,0.0,1.0,9.0,1.3935406698564596
02-01,0.0,0.0,16.470588235294116,0.0,-6.25,0.0,0.0,0.0,21.578947368421055,0.0,0.0,2.0,8.0,2.8908668730650153
02-02,0.0,0.0,16.470588235294116,0.0,-6.25,0.0,0.0,0.0,21.578947368421055,0.0,0.0,2.0,8.0,2.8908668730650153
02-03,0.0,0.0,16.470588235294116,0.0,-6.25,0.0,0.0,0.0,21.578947368421055,0.0,0.0,2.0,8.0,2.8908668730650153
02-04,0.0,0.0,16.470588235294116,0.0,-6.25,0.0,0.0,0.0,21.578947368421055,0.0,0.0,2.0,8.0,2.8908668730650153
02-05,0.0,0.0,16.470588235294116,0.0,-6.25,0.0,0.0,0.0,21.578947368421055,0.0,0.0,2.0,8.0,2.8908668730650153
02-06,0.0,0.0,16.470588235294116,0.0,-6.25,0.0,0.0,0.0,21.578947368421055,0.0,0.0,2.0,8.0,2.8908668730650153
02-07,0.0,0.0,16.470588235294116,0.0,0.0,0.0,0.0,0.0,4.040404040404041,0.0,0.0,2.0,8.0,1.8646356614271051
02-08,0.0,0.0,16.470588235294116,0.0,0.0,0.0,0.0,0.0,4.040404040404041,0.0,0.0,2.0,8.0,1.8646356614271051
02-09,0.0,0.0,16.470588235294116,0.0,0.0,0.0,0.0,0.0,4.040404040404041,0.0,0.0,2.0,8.0,1.8646356614271051
02-10,0.0,0.0,16.470588235294116,0.0,0.0,0.0,0.0,0.0,4.040404040404041,0.0,0.0,2.0,8.0,1.8646356614271051
02-11,0.0,0.0,16.470588235294116,0.0,0.0,0.0,0.0,0.0,4.040404040404041,0.0,0.0,2.0,8.0,1.8646356614271051
02-12,0.0,0.0,16.470588235294116,0.0,0.0,0.0,0.0,0.0,0.0,0.0,0.0,1.0,9.0,1.497326203208556
02-13,0.0,0.0,16.470588235294116,0.0,0.0,0.0,0.0,0.0,0.0,0.0,0.0,1.0,9.0,1.497326203208556
02-14,0.0,0.0,16.470588235294116,0.0,0.0,0.0,0.0,0.0,0.0,0.0,0.0,1.0,9.0,1.497326203208556
02-15,0.0,0.0,16.470588235294116,0.0,0.0,0.0,0.0,-2.5925925925925926,0.0,0.0,0.0,1.0,9.0,1.2616359675183204
02-16,0.0,0.0,16.470588235294116,0.0,0.0,0.0,0.0,-2.5925925925925926,0.0,0.0,0.0,1.0,9.0,1.2616359675183204
02-17,0.0,0.0,16.470588235294116,0.0,0.0,0.0,0.0,-2.5925925925925926,0.0,0.0,-24.113475177304963,1.0,9.0,-0.9304981395094035
02-18,0.0,0.0,16.470588235294116,0.0,0.0,0.0,0.0,-2.5925925925925926,0.0,0.0,-24.113475177304963,1.0,9.0,-0.9304981395094035
02-19,0.0,0.0,16.470588235294116,0.0,0.0,0.0,0.0,-2.5925925925925926,0.0,0.0,-24.113475177304963,1.0,9.0,-0.9304981395094035
02-20,0.0,0.0,16.470588235294116,0.0,0.0,0.0,0.0,0.9299020195847116,0.0,0.0,-24.113475177304963,2.0,8.0,-0.6102713565841941
02-21,0.0,0.0,5.333333333333334,0.0,0.0,0.0,0.0,0.9299020195847116,13.636363636363635,0.0,-24.113475177304963,3.0,7.0,-0.38307965345666195
02-22,0.0,0.0,1.3888888888888888,0.0,0.0,0.0,0.0,0.9299020195847116,13.636363636363635,0.0,-24.113475177304963,3.0,7.0,-0.7416655120425207
02-23,0.0,0.6896551724137931,1.3888888888888888,0.0,0.0,0.0,0.0,0.9299020195847116,13.636363636363635,0.0,-24.113475177304963,4.0,6.0,-0.6789695872776303
02-24,0.0,0.6896551724137931,1.3888888888888888,0.0,0.0,0.0,0.0,0.9299020195847116,13.636363636363635,0.0,-30.597014925373134,4.0,6.0,-1.268382291647464
02-25,0.0,0.6896551724137931,1.3888888888888888,0.0,0.0,0.0,0.0,0.9299020195847116,13.636363636363635,0.0,-30.597014925373134,4.0,6.0,-1.268382291647464
02-26,0.0,0.6896551724137931,1.3888888888888888,0.0,0.0,0.0,0.0,0.9299020195847116,13.636363636363635,0.0,-30.597014925373134,4.0,6.0,-1.268382291647464
02-27,0.0,0.6896551724137931,1.3888888888888888,0.0,0.0,0.0,0.0,0.9299020195847116,13.636363636363635,0.0,-30.597014925373134,4.0,6.0,-1.268382291647464
02-28,0.0,0.6896551724137931,1.3888888888888888,0.0,0.0,0.0,0.0,0.9299020195847116,13.636363636363635,0.0,-30.597014925373134,4.0,6.0,-1.268382291647464
02-29,0.0,0.0,-18.055555555555554,0.0,0.0,0.0,0.0,0.0,0.0,0.0,-30.597014925373134,0.0,3.0,-4.422960952811699
03-01,0.0,0.6896551724137931,-18.055555555555554,0.0,0.0,0.0,0.0,0.9299020195847116,13.636363636363635,0.0,-30.597014925373134,3.0,7.0,-3.036059059324231
03-02,0.0,3.3557046979865772,-18.055555555555554,0.0,0.0,0.0,0.0,0.9299020195847116,13.636363636363635,0.0,-30.597014925373134,3.0,7.0,-2.7936909206357967
03-03,0.0,3.3557046979865772,-18.055555555555554,0.0,0.0,0.0,0.0,0.9299020195847116,13.636363636363635,0.0,-24.555160142348754,3.0,7.0,-2.2444313949063077
03-04,0.0,3.3557046979865772,-18.055555555555554,0.0,0.0,0.0,0.0,0.9299020195847116,13.636363636363635,0.0,-24.555160142348754,3.0,7.0,-2.2444313949063077
03-05,0.0,3.3557046979865772,-18.055555555555554,0.0,0.0,0.0,0.0,0.9299020195847116,13.636363636363635,28.666666666666668,-24.555160142348754,4.0,6.0,0.3616292111542986
03-06,0.0,3.3557046979865772,-18.055555555555554,0.0,0.0,0.0,0.0,0.9299020195847116,13.636363636363635,28.666666666666668,-24.555160142348754,4.0,6.0,0.3616292111542986
03-07,0.0,3.3557046979865772,-18.055555555555554,0.0,0.0,0.0,0.0,0.9299020195847116,10.0,28.666666666666668,-24.555160142348754,4.0,6.0,0.031050698757604647
03-08,0.0,3.3557046979865772,-18.055555555555554,0.0,0.0,0.0,0.0,0.9299020195847116,10.0,28.666666666666668,-24.555160142348754,4.0,6.0,0.031050698757604647
03-09,0.0,3.3557046979865772,-18.055555555555554,0.0,0.0,0.0,0.0,0.9299020195847116,10.0,28.666666666666668,-24.555160142348754,4.0,6.0,0.031050698757604647
03-10,0.0,3.3557046979865772,-18.055555555555554,0.0,0.0,0.0,0.0,0.9299020195847116,13.636363636363635,28.666666666666668,-24.555160142348754,4.0,6.0,0.3616292111542986
03-11,0.0,3.3557046979865772,-18.055555555555554,0.0,0.0,0.0,0.0,0.9299020195847116,13.636363636363635,28.666666666666668,-24.555160142348754,4.0,6.0,0.3616292111542986
03-12,0.0,3.3557046979865772,-18.055555555555554,0.0,0.0,0.0,0.0,0.9299020195847116,13.636363636363635,28.666666666666668,-24.555160142348754,4.0,6.0,0.3616292111542986
03-13,0.0,3.3557046979865772,-18.055555555555554,0.0,0.0,0.0,0.0,0.9299020195847116,13.636363636363635,28.666666666666668,-24.555160142348754,4.0,6.0,0.3616292111542986
03-14,0.0,3.3557046979865772,-18.055555555555554,0.0,0.0,0.0,0.0,0.9299020195847116,13.636363636363635,28.666666666666668,19.428571428571427,5.0,5.0,4.360150263056133
03-15,0.0,3.3557046979865772,-18.055555555555554,0.0,0.0,0.0,0.0,3.433478502844304,13.636363636363635,28.666666666666668,27.692307692307693,5.0,5.0,5.338996876419393
03-16,0.0,3.3557046979865772,-18.055555555555554,0.0,0.0,0.0,0.0,3.433478502844304,13.636363636363635,28.571430026586757,27.692307692307693,5.0,5.0,5.330339000048492
03-17,0.0,3.3557046979865772,-18.055555555555554,0.0,0.0,0.0,0.0,3.433478502844304,13.636363636363635,28.666666666666668,27.692307692307693,5.0,5.0,5.338996876419393
03-18,0.0,3.3557046979865772,-3.0303030303030303,0.0,0.0,0.0,0.0,0.0,13.636363636363635,28.666666666666668,27.692307692307693,4.0,6.0,6.39279451482014
03-19,0.0,3.3557046979865772,-3.0303030303030303,0.0,0.0,0.0,0.0,0.0,13.636363636363635,28.666666666666668,27.692307692307693,4.0,6.0,6.39279451482014
03-20,0.0,3.3557046979865772,9.090909090909092,0.0,0.0,0.0,0.0,0.0,13.636363636363635,28.666666666666668,27.692307692307693,5.0,5.0,7.494722889475788
03-21,0.0,3.3557046979865772,12.727272727272727,0.0,0.0,0.0,0.0,-1.3043500375056405,0.0,28.666666666666668,31.28205128205128,4.0,6.0,6.793395030588329
03-22,0.0,3.3557046979865772,12.727272727272727,0.0,0.0,0.0,0.0,-1.3043500375056405,0.0,28.666666666666668,31.28205128205128,4.0,6.0,6.793395030588329
03-23,0.0,2.684563758389262,12.727272727272727,0.0,0.0,0.0,0.0,-1.3043500375056405,0.0,28.666666666666668,31.28205128205128,4.0,6.0,6.732382217897663
03-24,0.0,2.684563758389262,12.727272727272727,0.0,0.0,0.0,0.0,-1.3043500375056405,0.0,28.666666666666668,31.28205128205128,4.0,6.0,6.732382217897663
03-25,0.0,2.684563758389262,12.727272727272727,0.0,0.0,0.0,0.0,-1.3043500375056405,0.0,28.666666666666668,31.28205128205128,4.0,6.0,6.732382217897663
03-26,0.0,2.684563758389262,12.727272727272727,9.375,0.0,0.0,0.0,-1.3043500375056405,0.0,28.666666666666668,31.28205128205128,5.0,5.0,7.584654945170391
03-27,0.0,2.684563758389262,12.727272727272727,9.375,0.0,0.0,0.0,-1.3043500375056405,0.0,28.666666666666668,31.28205128205128,5.0,5.0,7.584654945170391
03-28,0.0,2.684563758389262,12.727272727272727,9.375,0.0,0.0,0.0,-1.3043500375056405,0.0,28.666666666666668,31.28205128205128,5.0,5.0,7.584654945170391
03-29,0.0,2.684563758389262,12.727272727272727,9.375,0.0,0.0,0.0,-1.3043500375056405,0.0,28.666666666666668,31.28205128205128,5.0,5.0,7.584654945170391
03-30,0.0,0.0,12.727272727272727,9.375,0.0,0.0,0.0,-1.3043500375056405,0.0,28.666666666666668,31.28205128205128,4.0,6.0,7.34060369440773
03-31,0.0,0.0,12.727272727272727,9.375,0.0,0.0,0.0,-1.3043500375056405,0.0,28.666666666666668,27.94871794871795,4.0,6.0,7.037573391377427
04-01,0.0,0.0,12.727272727272727,9.375,0.0,0.0,0.0,-1.3043500375056405,0.0,28.666666666666668,27.94871794871795,4.0,6.0,7.037573391377427
04-02,0.0,0.0,12.727272727272727,9.375,0.0,0.0,0.0,-1.3043500375056405,0.0,1.3157894736842104,27.94871794871795,4.0,6.0,4.5511300101972045
04-03,0.0,0.0,12.727272727272727,9.375,0.0,0.0,0.0,-1.3043500375056405,0.0,1.3157894736842104,27.94871794871795,4.0,6.0,4.5511300101972045
04-04,0.0,0.0,12.727272727272727,9.375,0.0,0.0,0.0,-1.3043500375056405,0.0,1.3157894736842104,27.94871794871795,4.0,6.0,4.5511300101972045
04-05,0.0,0.0,12.727272727272727,9.375,0.0,0.0,0.0,-1.3043500375056405,0.0,1.3157894736842104,27.94871794871795,4.0,6.0,4.5511300101972045
04-06,0.0,0.0,12.727272727272727,9.375,0.0,0.0,0.0,-1.3043500375056405,0.0,1.3157894736842104,27.94871794871795,4.0,6.0,4.5511300101972045
04-07,0.0,0.0,12.727272727272727,3.3333333333333335,0.0,0.0,0.0,-1.3043500375056405,0.0,1.3157894736842104,27.94871794871795,4.0,6.0,4.00188758595478
04-08,0.0,0.0,12.727272727272727,3.3333333333333335,0.0,0.0,0.0,-1.3043500375056405,0.0,1.3157894736842104,10.256410256410255,4.0,6.0,2.3934959775631715
04-09,0.0,0.0,12.727272727272727,3.3333333333333335,0.0,0.0,0.0,-1.3043500375056405,0.0,1.3157894736842104,0.0,3.0,7.0,1.4610950451622389
04-10,0.0,0.0,12.727272727272727,3.3333333333333335,0.0,0.0,0.0,-1.3043500375056405,0.0,1.3157894736842104,0.0,3.0,7.0,1.4610950451622389
04-11,0.0,0.0,12.727272727272727,3.3333333333333335,0.0,0.0,0.0,-1.3043500375056405,0.0,1.4473664133172286,0.0,3.0,7.0,1.4730565851288768
04-12,0.0,0.0,12.727272727272727,3.3333333333333335,0.0,0.0,0.0,-1.3043500375056405,0.0,1.3157894736842104,0.0,3.0,7.0,1.4610950451622389
04-13,0.0,0.0,0.0,3.3333333333333335,0.0,0.0,0.0,-1.3043500375056405,0.0,1.3157894736842104,0.0,2.0,8.0,0.3040702517738094
04-14,0.0,0.0,0.0,3.3333333333333335,0.0,0.0,0.0,-1.3043500375056405,0.0,1.3157894736842104,0.0,2.0,8.0,0.3040702517738094
04-15,0.0,0.0,0.0,3.3333333333333335,0.0,0.0,0.0,-1.3043500375056405,0.0,1.3157894736842104,0.0,2.0,8.0,0.3040702517738094
04-16,0.0,0.0,0.0,3.3333333333333335,0.0,0.0,0.0,-1.3043500375056405,0.0,1.3157894736842104,0.0,2.0,8.0,0.3040702517738094
04-17,0.0,0.0,0.0,3.3333333333333335,0.0,0.0,0.0,-1.3043500375056405,0.0,1.3157894736842104,0.0,2.0,8.0,0.3040702517738094
04-18,0.0,0.0,0.0,3.3333333333333335,0.0,0.0,0.0,0.0,0.0,1.3157894736842104,0.0,2.0,8.0,0.42264752791068577
04-19,0.0,0.0,0.0,3.3333333333333335,0.0,0.0,0.0,0.0,0.0,1.3157894736842104,0.0,2.0,8.0,0.42264752791068577
04-20,0.0,0.0,0.0,3.3333333333333335,0.0,0.0,0.0,0.0,0.0,1.3157894736842104,0.0,2.0,8.0,0.42264752791068577
04-21,0.0,0.0,0.0,3.3333333333333335,0.0,0.0,0.0,0.0,0.0,1.3157894736842104,0.0,2.0,8.0,0.42264752791068577
04-22,0.0,0.0,0.0,3.3333333333333335,0.0,0.0,0.0,0.0,0.0,1.3157894736842104,0.0,2.0,8.0,0.42264752791068577
04-23,0.0,0.0,0.0,-6.666666666666667,0.0,0.0,0.0,0.0,0.0,1.3157894736842104,0.0,1.0,9.0,-0.4864433811802233
04-24,0.0,0.0,0.0,-6.666666666666667,0.0,0.0,0.0,0.0,0.0,1.3157894736842104,0.0,1.0,9.0,-0.4864433811802233
04-25,0.0,0.0,0.0,-6.666666666666667,0.0,0.0,0.0,0.0,0.0,1.3157894736842104,0.0,1.0,9.0,-0.4864433811802233
04-26,0.0,0.0,0.0,-6.666666666666667,0.0,0.0,0.0,0.0,0.0,1.3157894736842104,0.0,1.0,9.0,-0.4864433811802233
04-27,0.0,0.0,0.0,-6.666666666666667,0.0,0.0,0.0,0.0,0.0,1.3157894736842104,0.0,1.0,9.0,-0.4864433811802233
04-28,0.0,0.0,0.0,-6.666666666666667,0.0,0.0,0.0,0.0,0.0,1.3157894736842104,0.0,1.0,9.0,-0.4864433811802233
04-29,0.0,0.0,0.0,-6.666666666666667,0.0,0.0,0.0,0.0,0.0,1.3157894736842104,0.0,1.0,9.0,-0.4864433811802233
04-30,0.0,0.0,0.0,-6.666666666666667,0.0,0.0,0.0,0.0,0.0,0.0,0.0,0.0,10.0,-0.6060606060606061
05-01,0.0,0.0,0.0,-6.666666666666667,0.0,0.0,0.0,0.0,0.0,0.0,0.0,0.0,10.0,-0.6060606060606061
05-02,0.0,0.0,0.0,-6.666666666666667,0.0,0.0,0.0,0.0,0.0,0.0,0.0,0.0,10.0,-0.6060606060606061
05-03,0.0,0.0,0.0,0.0,0.0,0.0,0.0,0.0,0.0,0.0,0.0,0.0,10.0,0.0
05-04,0.0,0.0,0.0,0.0,0.0,0.0,0.0,0.0,0.0,0.0,0.0,0.0,10.0,0.0
05-05,0.0,0.0,0.0,0.0,0.0,0.0,0.0,0.0,0.0,0.0,0.0,0.0,10.0,0.0
05-06,0.0,0.0,0.0,0.0,0.0,0.0,0.0,0.0,0.0,0.0,0.0,0.0,10.0,0.0
05-07,0.0,0.0,0.0,0.0,0.0,0.0,0.0,0.0,0.0,0.0,0.0,0.0,10.0,0.0
05-08,0.0,0.0,0.0,0.0,0.0,0.0,0.0,-1.4705882352941175,0.0,0.0,0.0,0.0,10.0,-0.1336898395721925
05-09,0.0,-0.6756756756756757,0.0,0.0,0.0,0.0,0.0,-1.4705882352941175,0.0,0.0,0.0,0.0,10.0,-0.19511490099725393
05-10,0.0,-0.6756756756756757,0.0,0.0,0.0,0.0,0.0,-1.4705882352941175,0.0,0.0,0.0,0.0,10.0,-0.19511490099725393
05-11,0.0,-0.6756756756756757,0.0,0.0,0.0,0.0,0.0,-1.4705882352941175,0.0,0.0,0.0,0.0,10.0,-0.19511490099725393
05-12,0.0,-0.6756756756756757,0.0,0.0,0.0,0.0,0.0,-1.4705882352941175,0.0,0.0,0.0,0.0,10.0,-0.19511490099725393
05-13,0.0,-0.6756756756756757,0.0,0.0,0.0,0.0,0.0,-1.4705882352941175,0.0,0.0,0.0,0.0,10.0,-0.19511490099725393
05-14,0.0,-0.6756756756756757,0.0,0.0,0.0,0.0,0.0,-1.4705882352941175,0.0,0.0,0.0,0.0,10.0,-0.19511490099725393
05-15,0.0,-0.6756756756756757,0.0,0.0,0.0,0.0,0.0,-1.4705882352941175,0.0,0.0,0.0,0.0,10.0,-0.19511490099725393
05-16,0.0,-0.6756756756756757,0.0,0.0,0.0,0.0,0.0,-1.4705882352941175,0.0,0.0,0.0,0.0,10.0,-0.19511490099725393
05-17,0.0,-0.6756756756756757,0.0,0.0,0.0,0.0,0.0,-1.4705882352941175,0.0,0.0,0.0,0.0,10.0,-0.19511490099725393
05-18,0.0,-0.6756756756756757,0.0,0.0,0.0,0.0,0.0,-1.4705882352941175,0.0,0.0,0.0,0.0,10.0,-0.19511490099725393
05-19,0.0,-0.6756756756756757,0.0,0.0,0.0,0.0,0.0,-1.4705882352941175,0.0,0.0,0.0,0.0,10.0,-0.19511490099725393
05-20,0.0,-0.6756756756756757,0.0,0.0,0.0,0.0,0.0,-1.4705882352941175,0.0,0.0,0.0,0.0,10.0,-0.19511490099725393
05-21,0.0,-0.6756756756756757,0.0,0.0,0.0,0.0,0.0,-1.4705882352941175,0.0,0.0,0.0,0.0,10.0,-0.19511490099725393
05-22,0.0,-0.6756756756756757,0.0,0.0,0.0,0.0,0.0,-1.4705882352941175,0.0,0.0,0.0,0.0,10.0,-0.19511490099725393
05-23,0.0,-0.6756756756756757,0.0,0.0,0.0,0.0,0.0,-1.4705882352941175,0.0,0.0,0.0,0.0,10.0,-0.19511490099725393
05-24,0.0,-0.6756756756756757,0.0,0.0,0.0,0.0,0.0,-1.4705882352941175,0.0,0.0,0.0,0.0,10.0,-0.19511490099725393
05-25,0.0,-0.6756756756756757,0.0,0.0,0.0,0.0,0.0,-1.4705882352941175,0.0,0.0,0.0,0.0,10.0,-0.19511490099725393
05-26,0.0,-0.6756756756756757,0.0,0.0,0.0,0.0,0.0,-1.4705882352941175,0.0,0.0,-10.16949152542373,0.0,10.0,-1.1196141305812295
05-27,0.0,-0.6756756756756757,0.0,0.0,0.0,0.0,0.0,-1.4705882352941175,-3.5294117647058822,0.0,-10.16949152542373,0.0,10.0,-1.4404697455544915
05-28,0.0,-0.6756756756756757,0.0,0.0,-1.781172459360612,0.0,0.0,-1.4705882352941175,-3.5294117647058822,0.0,-10.16949152542373,0.0,10.0,-1.6023945145872744
05-29,0.0,-0.6756756756756757,0.0,0.0,-1.781172459360612,0.0,0.0,0.7194244604316548,-2.803738317757009,0.0,-10.16949152542373,1.0,9.0,-1.3373321379804883
05-30,0.0,-0.6756756756756757,0.0,0.0,-1.781172459360612,0.0,0.0,0.7194244604316548,-2.803738317757009,0.0,-10.16949152542373,1.0,9.0,-1.3373321379804883
05-31,0.0,-0.6756756756756757,0.0,0.0,-1.781172459360612,0.0,0.0,0.7194244604316548,-2.803738317757009,0.0,-10.16949152542373,1.0,9.0,-1.3373321379804883
06-01,0.0,-0.6756756756756757,0.0,0.0,-1.781172459360612,0.0,0.0,0.7194244604316548,-2.803738317757009,0.0,-10.16949152542373,1.0,9.0,-1.3373321379804883
06-02,0.0,-0.6756756756756757,0.0,0.0,-1.781172459360612,0.0,0.0,0.7194244604316548,-2.803738317757009,0.0,-10.16949152542373,1.0,9.0,-1.3373321379804883
06-03,0.0,-0.6756756756756757,0.0,0.0,-1.781172459360612,0.0,0.0,2.158273381294964,-2.803738317757009,0.0,-10.16949152542373,1.0,9.0,-1.2065276906292786
06-04,0.0,0.0,0.0,0.0,-1.781172459360612,0.0,0.0,2.158273381294964,-2.803738317757009,0.0,-10.16949152542373,1.0,9.0,-1.145102629204217
06-05,0.0,0.0,-8.552631578947368,0.0,-1.781172459360612,0.0,0.0,2.158273381294964,-2.803738317757009,0.0,-10.16949152542373,1.0,9.0,-1.9226145909267052
06-06,0.0,0.0,-13.793103448275861,0.0,-1.781172459360612,0.0,0.0,2.158273381294964,-2.803738317757009,0.0,-21.875,1.0,9.0,-3.4631582585544107
06-07,0.0,0.0,-13.793103448275861,0.0,-1.781172459360612,0.0,0.0,2.158273381294964,-2.803738317757009,0.0,-21.875,1.0,9.0,-3.4631582585544107
06-08,0.0,0.0,-13.793103448275861,0.0,-1.781172459360612,0.0,0.0,2.158273381294964,-2.803738317757009,0.0,-21.875,1.0,9.0,-3.4631582585544107
06-09,0.0,0.0,-13.793103448275861,0.0,-1.781172459360612,0.0,0.0,2.158273381294964,-2.803738317757009,0.0,-21.875,1.0,9.0,-3.4631582585544107
06-10,0.0,0.0,-13.793103448275861,0.0,-1.781172459360612,0.0,0.0,2.158273381294964,-2.803738317757009,0.0,-21.875,1.0,9.0,-3.4631582585544107
06-11,0.0,0.0,-13.793103448275861,0.0,-1.781172459360612,0.0,0.0,2.158273381294964,-2.803738317757009,0.0,-21.875,1.0,9.0,-3.4631582585544107
06-12,0.0,0.0,-13.793103448275861,0.0,-1.781172459360612,0.0,0.0,2.158273381294964,-2.803738317757009,0.0,-21.875,1.0,9.0,-3.4631582585544107
06-13,0.0,0.0,-13.793103448275861,0.0,-1.781172459360612,0.0,0.0,2.158273381294964,-2.803738317757009,0.0,-21.875,1.0,9.0,-3.4631582585544107
06-14,0.0,0.0,-13.793103448275861,0.0,-1.781172459360612,0.0,0.0,2.158273381294964,-2.803738317757009,0.0,-21.875,1.0,9.0,-3.4631582585544107
06-15,0.0,0.0,-13.793103448275861,0.0,-1.781172459360612,0.0,0.0,2.158273381294964,-2.803738317757009,0.0,-21.875,1.0,9.0,-3.4631582585544107
06-16,0.0,0.0,-13.793103448275861,0.0,-1.781172459360612,0.0,0.0,2.158273381294964,-2.803738317757009,0.0,-21.875,1.0,9.0,-3.4631582585544107
06-17,0.0,0.0,-13.793103448275861,0.0,-1.781172459360612,0.0,0.0,2.158273381294964,-2.803738317757009,0.0,-21.875,1.0,9.0,-3.4631582585544107
06-18,0.0,0.0,-13.793103448275861,0.0,-1.781172459360612,0.0,0.0,2.158273381294964,-2.803738317757009,0.0,-21.875,1.0,9.0,-3.4631582585544107
06-19,0.0,0.0,-13.793103448275861,0.0,-1.781172459360612,0.0,0.0,2.158273381294964,-2.803738317757009,0.0,-21.875,1.0,9.0,-3.4631582585544107
06-20,0.0,0.0,-13.793103448275861,0.0,-1.781172459360612,0.0,0.0,2.158273381294964,-2.803738317757009,0.0,-21.875,1.0,9.0,-3.4631582585544107
06-21,0.0,0.0,-13.793103448275861,0.0,-1.781172459360612,0.0,0.0,2.158273381294964,-2.803738317757009,0.0,-21.875,1.0,9.0,-3.4631582585544107
06-22,0.0,0.0,-13.793103448275861,0.0,-1.781172459360612,0.0,0.0,2.158273381294964,0.7009345794392523,0.0,-21.875,2.0,8.0,-3.144551631536569
06-23,0.0,0.0,-13.793103448275861,0.0,-1.781172459360612,0.0,0.0,2.158273381294964,0.7009345794392523,0.0,-10.625,2.0,8.0,-2.121824358809296
06-24,0.0,0.0,-13.793103448275861,0.0,-1.781172459360612,0.0,0.0,0.0,0.7009345794392523,0.0,-10.625,1.0,9.0,-2.318031029836111
06-25,0.0,0.0,-13.793103448275861,0.0,0.0,0.0,0.0,0.0,0.7009345794392523,0.0,-10.625,1.0,9.0,-2.156106260803328
06-26,0.0,0.0,-13.793103448275861,0.0,0.0,0.0,0.0,0.0,0.0,0.0,-10.625,0.0,10.0,-2.2198275862068964
06-27,0.0,0.0,-13.793103448275861,0.0,0.0,0.0,0.0,0.0,0.0,0.0,-10.625,0.0,10.0,-2.2198275862068964
06-28,0.0,0.0,-13.793103448275861,0.0,0.0,0.0,0.0,0.0,0.0,0.0,-10.625,0.0,10.0,-2.2198275862068964
06-29,0.0,0.0,-13.793103448275861,0.0,0.0,0.0,0.0,0.0,0.0,0.0,-10.625,0.0,10.0,-2.2198275862068964
06-30,0.0,0.0,-5.17575111154658,0.0,0.0,0.0,0.0,0.0,0.0,0.0,-10.625,0.0,10.0,-1.4364319192315074
07-01,0.0,0.0,-5.17575111154658,0.0,0.0,0.0,0.0,0.0,0.0,0.0,0.0,0.0,10.0,-0.4705228283224164
07-02,0.0,0.0,-5.17575111154658,6.25,0.0,0.0,0.0,0.0,0.0,0.0,0.0,1.0,9.0,0.09765898985940182
07-03,0.0,0.0,-0.3321309945674616,6.25,0.0,0.0,0.0,0.0,0.0,0.0,0.0,1.0,9.0,0.537988091402958
07-05,0.0,0.0,-0.3321309945674616,6.25,0.0,0.0,0.0,0.0,0.0,0.0,0.0,1.0,9.0,0.537988091402958
07-06,0.0,0.0,-0.3321309945674616,6.25,0.0,0.0,0.0,0.0,0.0,0.0,0.0,1.0,9.0,0.537988091402958
07-07,0.0,0.0,-0.3321309945674616,6.25,0.0,0.0,0.0,0.0,0.0,0.0,0.0,1.0,9.0,0.537988091402958
07-08,0.0,0.0,-0.34602076124567477,6.25,0.0,0.0,0.0,0.0,0.0,0.0,0.0,1.0,9.0,0.5367253853413023
07-09,0.0,0.0,0.0,6.25,0.0,0.0,0.0,0.0,0.0,0.0,0.0,1.0,9.0,0.5681818181818182
07-10,0.0,0.0,0.0,6.25,0.0,0.0,0.0,0.0,0.0,0.0,0.0,1.0,9.0,0.5681818181818182
07-11,0.0,0.0,0.0,6.25,0.0,0.0,0.0,0.0,0.0,0.0,0.0,1.0,9.0,0.5681818181818182
07-12,0.0,0.0,0.0,6.25,0.0,0.0,0.0,0.0,0.0,0.0,0.0,1.0,9.0,0.5681818181818182
07-13,0.0,0.0,0.0,6.25,0.0,0.0,0.0,0.0,0.0,0.0,0.0,1.0,9.0,0.5681818181818182
07-14,0.0,0.0,0.0,6.25,0.0,0.0,0.0,0.0,0.0,0.0,0.0,1.0,9.0,0.5681818181818182
07-15,0.0,0.0,0.0,6.25,0.0,0.0,0.0,0.0,0.0,0.0,0.0,1.0,9.0,0.5681818181818182
07-16,0.0,0.0,0.0,6.25,0.0,0.0,0.0,0.0,0.0,0.0,0.0,1.0,9.0,0.5681818181818182
07-17,0.0,0.0,0.0,4.45859872611465,0.0,0.0,0.0,0.0,0.0,0.0,0.0,1.0,9.0,0.4053271569195136
07-18,0.0,0.0,0.0,4.45859872611465,0.0,0.0,0.0,0.0,0.0,0.0,0.0,1.0,9.0,0.4053271569195136
07-19,0.0,0.0,0.0,4.45859872611465,0.0,0.0,0.0,0.0,0.0,0.0,0.0,1.0,9.0,0.4053271569195136
07-20,0.0,0.0,0.0,4.45859872611465,0.0,0.0,0.0,0.0,0.0,0.0,0.0,1.0,9.0,0.4053271569195136
07-21,0.0,0.0,0.0,4.45859872611465,0.0,0.0,0.0,0.0,0.0,0.0,0.0,1.0,9.0,0.4053271569195136
07-22,0.0,0.0,0.0,4.45859872611465,0.0,0.0,0.0,0.0,0.0,0.0,0.0,1.0,9.0,0.4053271569195136
07-23,0.0,0.0,0.0,4.45859872611465,0.0,0.0,0.0,0.0,0.0,0.0,0.0,1.0,9.0,0.4053271569195136
07-24,0.0,0.0,0.0,4.45859872611465,0.0,0.0,0.0,0.0,0.0,0.0,0.0,1.0,9.0,0.4053271569195136
07-25,0.0,0.0,0.0,4.45859872611465,0.0,0.0,0.0,0.0,0.0,0.0,0.0,1.0,9.0,0.4053271569195136
07-26,0.0,0.0,0.3310315362338362,4.45859872611465,0.0,0.0,0.0,0.0,0.0,0.0,0.0,2.0,8.0,0.43542093294077144
07-27,0.0,0.0,0.3310315362338362,4.45859872611465,0.0,0.0,0.0,0.0,0.0,0.0,0.0,2.0,8.0,0.43542093294077144
07-28,0.0,0.0,0.3310315362338362,4.45859872611465,0.0,0.0,0.0,0.0,0.0,0.0,0.0,2.0,8.0,0.43542093294077144
07-29,0.0,0.0,0.3310315362338362,4.45859872611465,0.0,0.0,0.0,0.0,0.0,0.0,-44.14414414414414,2.0,8.0,-3.5776830801632413
07-30,0.0,0.0,0.3310315362338362,-1.910828025477707,0.0,0.0,0.0,0.0,0.0,0.0,-44.14414414414414,1.0,9.0,-4.156721875762546
07-31,0.0,0.0,0.3310315362338362,-1.910828025477707,0.0,0.0,0.0,0.0,0.0,0.0,-44.14414414414414,1.0,9.0,-4.156721875762546
08-01,0.0,0.0,0.3310315362338362,-1.910828025477707,0.0,0.0,0.0,0.0,0.0,0.0,-44.14414414414414,1.0,9.0,-4.156721875762546
08-02,0.0,0.0,0.3310315362338362,-1.910828025477707,0.0,0.0,0.0,0.0,0.0,0.0,-44.14414414414414,1.0,9.0,-4.156721875762546
08-03,0.0,0.0,0.3448275862068966,-1.910828025477707,0.0,0.0,0.0,0.0,0.0,0.0,-44.14414414414414,1.0,9.0,-4.155467689401359
08-04,0.0,0.0,0.0,-1.910828025477707,0.0,0.0,0.0,0.0,0.0,0.0,-44.14414414414414,0.0,10.0,-4.186815651783804
08-05,0.0,0.0,0.0,-1.910828025477707,0.0,0.0,0.0,0.0,0.0,0.0,-44.14414414414414,0.0,10.0,-4.186815651783804
08-06,0.0,0.0,0.0,-1.910828025477707,0.0,0.0,0.0,0.0,0.0,0.0,-44.14414414414414,0.0,10.0,-4.186815651783804
08-07,0.0,0.0,0.0,-1.910828025477707,0.0,0.0,0.0,0.0,0.0,0.0,-44.14414414414414,0.0,10.0,-4.186815651783804
08-08,0.0,0.0,0.0,-1.910828025477707,0.0,0.0,0.0,0.0,0.0,0.0,-44.14414414414414,0.0,10.0,-4.186815651783804
08-09,0.0,0.0,0.0,-1.910828025477707,0.0,0.0,0.0,0.0,0.0,0.0,-44.14414414414414,0.0,10.0,-4.186815651783804
08-10,0.0,0.0,0.0,-1.910828025477707,0.0,0.0,0.0,0.0,0.0,0.0,-44.14414414414414,0.0,10.0,-4.186815651783804
08-11,0.0,0.0,0.0,-1.910828025477707,0.0,0.0,0.0,0.0,0.0,0.0,-44.14414414414414,0.0,10.0,-4.186815651783804
08-12,0.0,0.0,0.0,-1.910828025477707,0.0,0.0,0.0,0.0,0.0,0.0,-44.14414414414414,0.0,10.0,-4.186815651783804
08-13,0.0,0.0,0.0,-1.910828025477707,0.0,0.0,0.0,0.0,0.0,0.0,-44.14414414414414,0.0,10.0,-4.186815651783804
08-14,0.0,0.0,0.0,0.0,0.0,0.0,0.0,0.0,0.0,0.0,-44.14414414414414,0.0,10.0,-4.013104013104013
08-15,0.0,0.0,0.0,0.0,0.0,0.0,0.0,0.0,0.0,0.0,-44.14414414414414,0.0,10.0,-4.013104013104013
08-16,0.0,0.0,0.0,0.0,0.0,0.0,0.0,0.0,0.0,0.0,-44.14414414414414,0.0,10.0,-4.013104013104013
08-17,0.0,0.0,0.0,0.0,0.0,0.0,0.0,0.0,0.0,0.0,-44.14414414414414,0.0,10.0,-4.013104013104013
08-18,0.0,0.0,0.0,0.0,0.0,0.0,0.0,0.0,0.0,0.0,-44.14414414414414,0.0,10.0,-4.013104013104013
08-19,0.0,0.0,0.0,0.0,0.0,0.0,0.0,0.0,0.0,0.0,-44.14414414414414,0.0,10.0,-4.013104013104013
08-20,0.0,0.0,0.0,0.0,0.0,0.0,0.0,0.0,0.0,0.0,-44.14414414414414,0.0,10.0,-4.013104013104013
08-21,0.0,0.0,0.0,0.0,0.0,0.0,0.0,0.0,0.0,0.0,-44.14414414414414,0.0,10.0,-4.013104013104013
08-22,0.0,0.0,0.0,0.0,0.0,0.0,0.0,0.0,0.0,0.0,-44.14414414414414,0.0,10.0,-4.013104013104013
08-23,0.0,0.0,0.0,0.0,0.0,0.0,0.0,0.0,0.0,0.0,-44.14414414414414,0.0,10.0,-4.013104013104013
08-24,0.0,0.0,0.0,0.0,0.0,0.0,0.0,0.0,0.0,0.0,-44.14414414414414,0.0,10.0,-4.013104013104013
08-25,0.0,0.0,0.0,0.0,0.0,0.0,0.0,0.0,0.0,0.0,-44.14414414414414,0.0,10.0,-4.013104013104013
08-26,0.0,0.0,0.0,0.0,0.0,0.0,0.0,7.333333333333333,0.0,0.0,0.0,1.0,9.0,0.6666666666666666
08-27,0.0,0.0,0.0,0.0,0.0,0.0,0.0,7.333333333333333,0.0,0.0,0.0,1.0,9.0,0.6666666666666666
08-28,0.0,0.0,0.0,0.0,0.0,0.0,0.0,7.333333333333333,0.0,0.0,0.0,1.0,9.0,0.6666666666666666
08-29,0.0,0.0,0.0,0.0,0.0,0.0,0.0,7.333333333333333,0.0,0.0,0.0,1.0,9.0,0.6666666666666666
08-30,0.0,0.0,0.0,0.0,0.0,0.0,0.0,7.333333333333333,0.0,0.0,0.0,1.0,9.0,0.6666666666666666
08-31,0.0,0.0,0.0,0.0,0.0,0.0,0.0,7.333333333333333,0.0,0.0,0.0,1.0,9.0,0.6666666666666666
09-01,0.0,0.0,0.0,7.647058823529412,0.0,0.0,0.0,7.333333333333333,0.0,0.0,25.503355704697988,3.0,7.0,3.6803407146873393
09-02,0.0,0.0,0.0,7.647058823529412,0.0,0.0,0.0,7.333333333333333,0.0,0.0,25.503355704697988,3.0,7.0,3.6803407146873393
09-03,0.0,0.0,0.0,7.647058823529412,0.0,0.0,0.0,7.333333333333333,0.0,0.0,25.503355704697988,3.0,7.0,3.6803407146873393
09-04,0.0,0.0,0.0,7.647058823529412,0.0,0.0,0.0,7.333333333333333,0.0,0.0,25.503355704697988,3.0,7.0,3.6803407146873393
09-05,0.0,0.0,0.0,7.647058823529412,0.0,0.0,0.0,7.333333333333333,0.0,0.0,25.503355704697988,3.0,7.0,3.6803407146873393
09-06,0.0,0.0,0.0,7.647058823529412,0.0,0.0,0.0,7.333333333333333,0.0,0.0,25.503355704697988,3.0,7.0,3.6803407146873393
09-07,0.0,0.0,0.0,7.647058823529412,0.0,0.0,0.0,7.333333333333333,0.0,0.0,25.503355704697988,3.0,7.0,3.6803407146873393
09-08,0.0,0.0,0.0,7.647058823529412,0.0,0.0,0.0,7.333333333333333,0.0,0.0,25.503355704697988,3.0,7.0,3.6803407146873393
09-09,0.0,0.0,0.0,7.647058823529412,0.0,0.0,0.0,7.333333333333333,0.0,0.0,25.503355704697988,3.0,7.0,3.6803407146873393
09-10,0.0,0.0,0.0,7.647058823529412,2.9629648467640815,0.0,0.0,7.333333333333333,0.0,0.0,25.503355704697988,4.0,6.0,3.9497011553022556
09-11,0.0,0.0,0.0,7.647058823529412,2.9629648467640815,0.0,0.0,7.333333333333333,0.0,0.0,25.503355704697988,4.0,6.0,3.9497011553022556
09-12,0.0,0.0,0.0,7.647058823529412,2.9629648467640815,0.0,0.0,7.333333333333333,0.0,0.0,1.7699115044247788,4.0,6.0,1.7921153189137824
09-13,0.0,0.0,0.0,7.647058823529412,2.9629648467640815,0.0,0.0,7.333333333333333,0.0,0.0,1.7699115044247788,4.0,6.0,1.7921153189137824
09-14,0.0,0.0,0.0,7.647058823529412,2.9629648467640815,0.0,0.0,7.333333333333333,0.0,0.0,1.7699115044247788,4.0,6.0,1.7921153189137824
09-15,0.0,0.0,0.0,7.647058823529412,2.9629648467640815,0.0,0.0,7.333333333333333,0.0,0.0,1.7699115044247788,4.0,7.0,1.7921153189137824
09-16,0.0,0.0,0.0,7.647058823529412,2.9629648467640815,0.0,0.0,7.333333333333333,0.0,0.0,1.7699115044247788,4.0,7.0,1.7921153189137824
09-17,0.0,0.0,0.0,7.647058823529412,2.9629648467640815,0.0,0.0,7.333333333333333,0.0,0.0,1.7699115044247788,4.0,7.0,1.7921153189137824
09-18,0.0,0.0,0.0,7.647058823529412,2.9629648467640815,0.0,0.0,7.333333333333333,0.0,0.0,1.7699115044247788,4.0,7.0,1.7921153189137824
09-19,0.0,0.0,0.0,7.647058823529412,2.9629648467640815,0.0,0.0,7.333333333333333,0.0,0.0,1.7699115044247788,4.0,7.0,1.7921153189137824
09-20,0.0,0.0,0.0,7.647058823529412,2.9629648467640815,0.0,0.0,7.333333333333333,0.0,0.0,1.7699115044247788,4.0,7.0,1.7921153189137824
09-21,0.0,0.0,0.0,7.647058823529412,2.9629648467640815,0.0,0.0,0.0,0.0,0.0,1.7699115044247788,3.0,8.0,1.1254486522471157
09-22,0.0,0.0,0.0,7.647058823529412,2.9629648467640815,0.0,0.0,0.0,0.0,0.0,1.7699115044247788,3.0,8.0,1.1254486522471157
09-23,0.0,0.0,0.0,7.647058823529412,2.9629648467640815,0.0,0.0,0.0,0.0,0.0,1.7699115044247788,3.0,8.0,1.1254486522471157
09-24,0.0,0.0,0.0,7.647058823529412,2.9629648467640815,0.0,0.0,0.0,0.0,0.0,1.7699115044247788,3.0,8.0,1.1254486522471157
09-25,0.0,0.0,0.0,7.647058823529412,2.9629648467640815,0.0,0.0,0.0,0.0,0.0,1.7699115044247788,3.0,8.0,1.1254486522471157
09-26,0.0,0.0,0.0,7.647058823529412,2.9629648467640815,0.0,0.0,0.0,0.0,0.0,1.7699115044247788,3.0,8.0,1.1254486522471157
09-27,0.0,0.0,0.0,0.0,2.9629648467640815,0.0,0.0,0.0,0.0,0.0,1.7699115044247788,2.0,9.0,0.4302614864717146
09-28,0.0,0.0,0.0,0.0,2.9629648467640815,0.0,0.0,0.0,0.0,0.0,1.7699115044247788,2.0,9.0,0.4302614864717146
09-29,0.0,0.0,0.0,0.0,2.9629648467640815,0.0,0.0,0.0,0.0,0.0,-31.858407079646017,1.0,10.0,-2.626858384807449
09-30,0.0,0.0,0.0,0.0,2.9629648467640815,0.0,0.0,0.0,0.0,0.0,-31.858407079646017,1.0,10.0,-2.626858384807449
10-01,0.0,0.0,0.0,0.0,2.9629648467640815,0.0,0.0,0.0,0.0,0.0,-31.858407079646017,1.0,10.0,-2.626858384807449
10-02,0.0,0.0,0.0,0.0,2.9629648467640815,0.0,0.0,0.0,0.0,0.0,-31.858407079646017,1.0,10.0,-2.626858384807449
10-03,0.0,0.0,0.0,0.0,2.9629648467640815,0.0,0.0,0.0,0.0,0.0,-31.858407079646017,1.0,10.0,-2.626858384807449
10-04,0.0,0.0,0.0,0.0,2.9629648467640815,0.0,0.0,0.0,0.0,0.0,-31.858407079646017,1.0,10.0,-2.626858384807449
10-05,0.0,0.0,0.0,0.0,2.9629648467640815,0.0,0.0,0.0,0.0,0.0,-31.858407079646017,1.0,10.0,-2.626858384807449
10-06,0.0,0.0,0.0,0.0,2.9629648467640815,0.0,0.0,0.0,0.0,0.0,-31.858407079646017,1.0,10.0,-2.626858384807449
10-07,0.0,0.0,0.0,0.0,2.9629648467640815,0.0,0.0,0.0,0.0,6.748466257668712,-31.858407079646017,2.0,9.0,-2.013361452292111
10-08,0.0,0.0,0.0,0.0,0.0,0.0,0.0,0.0,0.0,-3.4013605442176873,0.0,0.0,11.0,-0.30921459492888065
10-09,0.0,0.0,0.0,0.0,0.0,0.0,0.0,0.0,0.0,-3.4013605442176873,0.0,0.0,11.0,-0.30921459492888065
10-10,0.0,-4.225352112676056,0.0,0.0,0.0,0.0,0.0,0.0,0.0,-3.4013605442176873,0.0,0.0,11.0,-0.6933375142630676
10-11,0.0,-4.225352112676056,0.0,0.0,0.0,0.0,0.0,0.0,0.0,-3.4013605442176873,0.0,0.0,11.0,-0.6933375142630676
10-12,0.0,-4.225352112676056,0.0,0.0,0.0,0.0,0.0,0.0,0.0,-3.4013605442176873,0.0,0.0,11.0,-0.6933375142630676
10-13,0.0,-4.225352112676056,0.0,0.0,0.0,0.0,0.0,0.0,0.0,-3.4013605442176873,0.0,0.0,11.0,-0.6933375142630676
10-14,0.0,-4.225352112676056,0.0,0.0,0.0,0.0,0.0,0.0,0.0,-3.4013605442176873,0.0,0.0,11.0,-0.6933375142630676
10-15,0.0,-4.225352112676056,0.0,0.0,0.0,0.0,0.0,0.0,0.0,-3.4013605442176873,0.0,0.0,11.0,-0.6933375142630676
10-16,0.0,-4.225352112676056,0.0,0.0,0.0,0.0,0.0,0.0,37.05882352941177,-3.4013605442176873,0.0,1.0,10.0,2.675646442956184
10-17,0.0,-4.225352112676056,0.0,0.0,0.0,0.0,0.0,0.0,37.05882352941177,-3.4013605442176873,0.0,1.0,10.0,2.675646442956184
10-18,0.0,-4.225352112676056,0.0,0.0,0.0,0.0,0.0,0.0,37.05882352941177,-3.4013605442176873,0.0,1.0,10.0,2.675646442956184
10-19,0.0,-4.225352112676056,0.0,0.0,0.0,0.0,0.0,0.0,37.05882352941177,-3.4013605442176873,0.0,1.0,10.0,2.675646442956184
10-20,-2.7777777777777777,-4.225352112676056,0.0,0.0,0.0,0.0,0.0,0.0,37.05882352941177,-3.4013605442176873,0.0,1.0,10.0,2.4231211904309315
10-21,-2.7777777777777777,-4.225352112676056,0.0,0.0,0.0,0.0,0.0,0.0,37.05882352941177,-3.4013605442176873,0.0,1.0,10.0,2.4231211904309315
10-22,-2.7777777777777777,-4.225352112676056,0.0,0.0,0.0,0.0,0.0,0.0,37.05882352941177,-3.4013605442176873,0.0,1.0,10.0,2.4231211904309315
10-23,3.896103896103896,-4.225352112676056,0.0,0.0,0.0,0.0,0.0,0.0,37.05882352941177,-3.4013605442176873,0.0,2.0,9.0,3.0298377062383564
10-24,3.896103896103896,-4.225352112676056,0.0,0.0,0.0,0.0,0.0,0.0,37.05882352941177,-3.4013605442176873,0.0,2.0,9.0,3.0298377062383564
10-25,3.896103896103896,-4.225352112676056,0.0,0.0,0.0,0.0,0.0,0.0,37.05882352941177,-3.4013605442176873,0.0,2.0,9.0,3.0298377062383564
10-26,3.896103896103896,-4.225352112676056,0.0,0.0,0.0,0.0,0.0,0.0,37.05882352941177,-3.4013605442176873,0.0,2.0,9.0,3.0298377062383564
10-27,3.896103896103896,-4.225352112676056,0.0,0.0,0.0,0.0,0.0,0.0,37.05882352941177,-3.4013605442176873,0.0,2.0,9.0,3.0298377062383564
10-28,3.896103896103896,-4.225352112676056,0.0,0.0,0.0,0.0,0.0,0.0,37.05882352941177,-3.4013605442176873,0.0,2.0,9.0,3.0298377062383564
10-29,3.896103896103896,-4.225352112676056,0.0,0.0,0.0,0.0,0.0,0.0,37.05882352941177,-3.4013605442176873,0.0,2.0,9.0,3.0298377062383564
10-30,3.896103896103896,-4.225352112676056,0.0,0.0,0.0,0.0,0.0,0.0,37.05882352941177,-7.801418439716312,0.0,2.0,9.0,2.6298324430112086
10-31,3.896103896103896,-4.225352112676056,0.0,0.0,0.0,0.0,0.0,0.0,37.05882352941177,-7.801418439716312,0.0,2.0,9.0,2.6298324430112086
11-01,3.896103896103896,-4.225352112676056,0.0,0.0,0.0,0.0,0.0,0.0,37.05882352941177,-7.801418439716312,0.0,2.0,9.0,2.6298324430112086
11-02,3.896103896103896,-4.225352112676056,0.0,0.0,0.0,0.0,0.0,0.0,37.05882352941177,-15.602836879432624,0.0,2.0,9.0,1.9206125848551805
11-03,3.896103896103896,-4.225352112676056,0.0,0.0,0.0,0.0,0.0,0.0,37.05882352941177,-15.602836879432624,0.0,2.0,9.0,1.9206125848551805
11-04,3.896103896103896,-4.225352112676056,0.0,0.0,0.0,0.0,0.0,0.0,37.05882352941177,-15.602836879432624,0.0,2.0,9.0,1.9206125848551805
11-05,3.896103896103896,0.0,0.0,0.0,0.0,0.0,0.0,0.0,37.05882352941177,-4.25531914893617,0.0,2.0,9.0,3.3363280251435907
11-06,3.896103896103896,0.0,0.0,0.0,0.0,0.0,0.0,0.0,37.05882352941177,-4.25531914893617,0.0,2.0,9.0,3.3363280251435907
11-07,3.896103896103896,0.0,0.0,0.0,0.0,0.0,0.0,0.0,0.0,-4.25531914893617,0.0,1.0,10.0,-0.03265593207566128
11-08,3.896103896103896,0.0,0.0,0.0,0.0,0.0,0.0,0.0,0.0,-4.25531914893617,0.0,1.0,10.0,-0.03265593207566128
11-09,3.896103896103896,0.0,0.0,0.0,0.0,0.0,0.0,0.0,0.0,-4.25531914893617,0.0,1.0,10.0,-0.03265593207566128
11-10,3.896103896103896,0.0,0.0,0.0,0.0,0.0,0.0,0.0,0.0,-4.25531914893617,0.0,1.0,10.0,-0.03265593207566128
11-11,3.896103896103896,0.0,0.0,0.0,-2.5316455696202533,0.0,0.0,0.0,0.0,-4.25531914893617,0.0,1.0,10.0,-0.26280552931386614
11-12,3.896103896103896,0.0,0.0,0.0,-2.5316455696202533,0.0,0.0,0.0,0.0,-4.25531914893617,0.0,1.0,10.0,-0.26280552931386614
11-13,3.896103896103896,0.0,0.0,0.0,-2.5316455696202533,0.0,0.0,0.0,-58.87850467289719,-4.25531914893617,0.0,1.0,10.0,-5.61539686321361
11-14,3.896103896103896,0.0,0.0,0.0,-2.5316455696202533,0.0,0.0,0.0,-58.87850467289719,-4.25531914893617,0.0,1.0,10.0,-5.61539686321361
11-15,3.896103896103896,0.0,0.0,0.0,-2.5316455696202533,0.0,0.0,0.0,-58.87850467289719,-4.25531914893617,0.0,1.0,10.0,-5.61539686321361
11-16,3.896103896103896,0.0,0.0,0.0,-2.5316455696202533,0.0,0.0,0.0,-58.87850467289719,-4.25531914893617,0.0,1.0,10.0,-5.61539686321361
11-17,6.493506493506493,0.0,0.0,0.0,-2.5316455696202533,0.0,0.0,0.0,-58.87850467289719,-4.25531914893617,0.0,1.0,10.0,-5.379269354358829
11-18,0.0,0.0,0.0,0.0,-2.5316455696202533,0.0,0.0,-0.6711409395973155,-58.87850467289719,-4.25531914893617,0.0,0.0,10.0,-6.030600939186448
11-19,0.0,0.0,0.0,0.0,-2.5316455696202533,0.0,0.0,-0.6711409395973155,-58.87850467289719,-4.25531914893617,0.0,0.0,10.0,-6.030600939186448
11-20,0.0,0.0,0.0,0.0,-2.5316455696202533,0.0,0.0,-0.6711409395973155,-58.87850467289719,-4.25531914893617,0.0,0.0,10.0,-6.030600939186448
11-21,0.0,0.0,0.0,0.0,-2.5316455696202533,0.0,0.0,-0.6711409395973155,-58.87850467289719,-4.25531914893617,0.0,0.0,10.0,-6.030600939186448
11-22,0.0,0.0,0.0,0.0,-2.5316455696202533,0.0,0.0,-0.6711409395973155,-58.87850467289719,-4.25531914893617,0.0,0.0,10.0,-6.030600939186448
11-23,0.0,0.0,0.0,0.0,-2.5316455696202533,0.0,0.0,-0.6711409395973155,-58.87850467289719,-4.25531914893617,0.0,0.0,10.0,-6.030600939186448
11-24,0.0,0.0,0.0,0.0,-2.5316455696202533,0.0,0.0,-0.6711409395973155,-58.87850467289719,-4.25531914893617,0.0,0.0,10.0,-6.030600939186448
11-25,0.0,0.0,0.0,0.0,-2.5316455696202533,0.0,0.0,-0.6711409395973155,-58.87850467289719,-4.25531914893617,0.0,0.0,10.0,-6.030600939186448
11-26,0.0,0.0,0.0,0.0,-2.5316455696202533,0.0,0.0,-0.6711409395973155,-58.87850467289719,0.0,0.0,0.0,10.0,-5.643753743828615
11-27,0.0,0.0,0.0,0.0,-2.5316455696202533,0.0,0.0,-0.6711409395973155,-58.87850467289719,0.0,0.0,0.0,10.0,-5.643753743828615
11-28,0.0,0.0,0.0,0.0,-2.5316455696202533,0.0,0.0,-0.6711409395973155,-58.87850467289719,0.0,0.0,0.0,10.0,-5.643753743828615
11-29,0.0,0.0,0.0,0.0,-2.5316455696202533,0.0,0.0,-0.6711409395973155,-58.87850467289719,0.0,0.0,0.0,10.0,-5.643753743828615
11-30,-4.054054054054054,0.0,0.0,0.0,-2.5316455696202533,0.0,0.0,-0.6711409395973155,-58.87850467289719,19.428571428571427,0.0,1.0,9.0,-4.246070346145217
12-01,-6.944444444444445,0.0,0.0,0.0,-2.5316455696202533,0.0,0.0,-0.6711409395973155,-58.87850467289719,19.428571428571427,0.0,1.0,9.0,-4.50883310890798
12-02,-6.944444444444445,0.0,0.0,0.0,-2.5316455696202533,0.0,0.0,-0.6711409395973155,-58.87850467289719,19.428571428571427,0.0,1.0,9.0,-4.50883310890798
12-03,-6.944444444444445,0.0,0.0,0.0,-2.5316455696202533,0.0,0.0,-0.6711409395973155,-58.87850467289719,19.428571428571427,0.0,1.0,9.0,-4.50883310890798
12-04,-6.944444444444445,0.0,0.0,0.0,-2.5316455696202533,0.0,0.0,-0.6711409395973155,0.0,19.428571428571427,0.0,1.0,9.0,0.8437582249917649
12-05,-6.944444444444445,0.0,0.0,0.0,-2.5316455696202533,0.0,0.0,-0.6711409395973155,0.0,19.428571428571427,0.0,1.0,9.0,0.8437582249917649
12-06,-6.944444444444445,0.0,0.0,0.0,-2.5316455696202533,0.0,0.0,-0.6711409395973155,0.0,19.428571428571427,0.0,1.0,9.0,0.8437582249917649
12-07,-6.944444444444445,0.0,0.0,0.0,-2.5316455696202533,0.0,0.0,-0.6711409395973155,0.0,19.428571428571427,0.0,1.0,9.0,0.8437582249917649
12-08,-6.944444444444445,0.0,0.0,0.0,-2.5316455696202533,0.0,0.0,-0.6711409395973155,0.0,19.428571428571427,0.0,1.0,9.0,0.8437582249917649
12-09,-6.944444444444445,0.0,0.0,0.0,0.0,0.0,0.0,-0.6711409395973155,0.0,19.428571428571427,0.0,1.0,9.0,1.0739078222299696
12-10,-6.944444444444445,0.0,0.0,0.0,0.0,0.0,0.0,-0.6711409395973155,0.0,19.428571428571427,0.0,1.0,9.0,1.0739078222299696
12-11,-6.944444444444445,0.0,0.0,0.0,0.0,0.0,0.0,-0.6711409395973155,0.0,19.428571428571427,0.0,1.0,9.0,1.0739078222299696
12-12,-6.944444444444445,0.0,0.0,0.0,0.0,0.0,0.0,-0.6711409395973155,0.0,19.428571428571427,0.0,1.0,9.0,1.0739078222299696
12-13,-6.944444444444445,0.0,0.0,0.0,0.0,0.0,0.0,-0.6711409395973155,0.0,19.428571428571427,0.0,1.0,9.0,1.0739078222299696
12-14,-6.944444444444445,0.0,0.0,0.0,0.0,0.0,0.0,0.0,0.0,19.428571428571427,0.0,1.0,9.0,1.1349206349206347
12-15,-6.944444444444445,0.0,0.0,0.0,0.0,0.0,0.0,0.0,0.0,19.428571428571427,0.0,1.0,9.0,1.1349206349206347
12-16,-6.944444444444445,0.0,0.0,0.0,0.0,0.0,0.0,0.0,0.0,19.428571428571427,0.0,1.0,9.0,1.1349206349206347
12-17,-6.944444444444445,0.0,0.0,0.0,0.0,0.0,0.0,0.0,0.0,19.428571428571427,0.0,1.0,9.0,1.1349206349206347
12-18,-6.944444444444445,0.0,0.0,0.0,0.0,0.0,0.0,0.0,0.0,19.428571428571427,0.0,1.0,9.0,1.1349206349206347
12-19,-6.944444444444445,0.0,0.0,0.0,0.0,0.0,0.0,0.0,0.0,19.428571428571427,0.0,1.0,9.0,1.1349206349206347
12-20,-6.944444444444445,0.0,0.0,0.0,0.0,0.0,0.0,0.0,0.0,19.428571428571427,0.0,1.0,9.0,1.1349206349206347
12-21,-6.944444444444445,0.0,0.0,0.0,0.0,0.0,0.0,0.0,0.0,19.428571428571427,0.0,1.0,9.0,1.1349206349206347
12-22,-6.944444444444445,0.0,0.0,0.0,0.0,0.0,0.0,0.0,0.0,19.428571428571427,0.0,1.0,9.0,1.1349206349206347
12-23,-6.944444444444445,0.0,0.0,0.0,0.0,0.0,0.0,0.0,0.0,19.428571428571427,0.0,1.0,9.0,1.1349206349206347
12-24,-6.944444444444445,0.0,0.0,0.0,0.0,0.0,0.0,0.0,0.0,19.428571428571427,0.0,1.0,9.0,1.1349206349206347
12-26,-6.944444444444445,0.0,0.0,0.0,0.0,0.0,0.0,0.0,0.0,0.0,0.0,0.0,10.0,-0.6313131313131314
12-27,-6.944444444444445,0.0,0.0,0.0,0.0,0.0,0.0,0.0,0.0,0.0,0.0,0.0,10.0,-0.6313131313131314
12-28,-2.7777777777777777,0.0,0.0,0.0,0.0,0.0,0.0,0.0,0.0,0.0,0.0,0.0,10.0,-0.25252525252525254
12-29,0.0,0.0,0.0,0.0,0.0,0.0,0.0,0.0,0.0,0.0,0.0,0.0,10.0,0.0
12-30,0.0,0.0,0.0,0.0,0.0,0.0,0.0,0.0,0.0,0.0,0.0,0.0,10.0,0.0
12-31,0.0,0.0,0.0,0.0,0.0,0.0,0.0,0.0,0.0,0.0,0.0,0.0,10.0,0.0
