,2009,2010,2011,2012,2013,2014,2015,2016,2017,2018,2019,2020,ups,downs,avg
01-02,20.000002980232196,60.0000014901161,8.333331781129006,0.0,57.14285828325213,0.0,-33.33333333333335,0.0,33.33333333333333,20.000002980232196,50.0,-25.00000465661298,7.0,5.0,15.873016071529051
01-03,-199.99999999999994,50.0,0.0,50.0,57.14285828325213,0.0,-33.33333333333335,0.0,33.33333333333333,0.0,50.0,-25.00000465661298,5.0,7.0,-1.488095531113401
01-04,-49.999999999999986,50.0,0.0,50.0,57.14285828325213,0.0,-33.33333333333335,0.0,50.0,0.0,50.0,-25.00000465661298,5.0,7.0,12.400793357775484
01-05,-49.999999999999986,20.000002980232196,0.0,50.0,57.14285828325213,0.0,-33.33333333333335,0.0,50.0,0.0,50.0,-25.00000465661298,5.0,7.0,9.900793606128167
01-06,0.0,60.0000014901161,0.0,50.0,57.14285828325213,0.0,-33.33333333333335,0.0,50.0,-25.00000465661298,50.0,-25.00000465661298,5.0,7.0,15.317459760567408
01-07,20.000002980232196,60.0000014901161,0.0,50.0,57.14285828325213,0.0,-33.33333333333335,0.0,50.0,-25.00000465661298,50.0,-25.00000465661298,6.0,6.0,16.98412667558676
01-08,20.000002980232196,60.0000014901161,8.333331781129006,50.0,50.0,0.0,-33.33333333333335,0.0,50.0,-25.00000465661298,50.0,-25.00000465661298,7.0,5.0,17.08333280040983
01-09,20.000002980232196,0.0,8.333331781129006,50.0,50.0,0.0,-33.33333333333335,0.0,50.0,-25.00000465661298,50.0,-25.00000465661298,6.0,6.0,12.08333267623349
01-10,-49.999999999999986,40.00000223517415,8.333331781129006,50.0,50.0,0.0,-66.666672875484,0.0,50.0,-25.00000465661298,50.0,-25.00000465661298,6.0,6.0,6.8055543189661
01-11,-49.999999999999986,40.00000223517415,-8.333331781128996,50.0,50.0,0.0,-66.666672875484,0.0,50.0,-25.00000465661298,50.0,-25.00000465661298,5.0,7.0,5.4166656887779325
01-12,-49.999999999999986,50.0,0.0,50.0,16.666663562258005,0.0,-66.666672875484,0.0,50.0,-25.00000465661298,50.0,-25.00000465661298,5.0,7.0,4.166665114462338
01-13,0.0,50.0,-16.666669771075306,50.0,16.666663562258005,0.0,-66.666672875484,0.0,50.0,-25.00000465661298,50.0,-25.00000465661298,5.0,7.0,6.944442633539396
01-14,0.0,33.33333333333333,0.0,50.0,16.666663562258005,-12.500006984919466,-66.666672875484,-49.999999999999986,50.0,-66.666672875484,50.0,-25.00000465661298,5.0,7.0,-1.736113374742424
01-15,-25.00000465661298,33.33333333333333,0.0,50.0,-33.33333333333335,-12.500006984919466,-66.666672875484,-49.999999999999986,50.0,-66.666672875484,50.0,0.0,4.0,8.0,-5.902779782708371
01-16,50.0,33.33333333333333,-9.090907243657693,50.0,-66.666672875484,-12.500006984919466,-66.666672875484,-49.999999999999986,33.33333333333333,-66.666672875484,50.0,20.000002980232196,6.0,6.0,-2.9103552673441904
01-17,-49.999999999999986,0.0,7.692306369719361,50.0,-66.666672875484,-12.500006984919466,-66.666672875484,-49.999999999999986,33.33333333333333,-66.666672875484,50.0,20.000002980232196,5.0,7.0,-12.62286524400721
01-18,-49.999999999999986,20.000002980232196,14.285716566504245,50.0,-66.666672875484,0.0,-66.666672875484,-49.999999999999986,66.66666666666666,-66.666672875484,0.0,20.000002980232196,5.0,7.0,-10.75396911940139
01-19,-49.999999999999986,20.000002980232196,0.0,50.0,-66.666672875484,0.0,-66.666672875484,-49.999999999999986,-33.33333333333335,-66.666672875484,0.0,33.33333333333333,3.0,9.0,-19.166667970518315
01-20,-49.999999999999986,40.00000223517415,0.0,50.0,-66.666672875484,0.0,-66.666672875484,-100.0,0.0,-66.666672875484,0.0,33.33333333333333,3.0,9.0,-18.888890254828706
01-21,25.00000000000001,20.000002980232196,-8.333331781128996,50.0,-66.666672875484,11.111116630059483,-66.666672875484,-100.0,0.0,-66.666672875484,0.0,33.33333333333333,5.0,7.0,-14.074074788662998
01-22,25.00000000000001,40.00000223517415,-8.333331781128996,50.0,-66.666672875484,11.111116630059483,-66.666672875484,-49.999999999999986,0.0,-66.666672875484,0.0,33.33333333333333,5.0,7.0,-8.24074151741783
01-23,-49.999999999999986,0.0,-8.333331781128996,50.0,-66.666672875484,11.111116630059483,-66.666672875484,-49.999999999999986,0.0,-66.666672875484,0.0,33.33333333333333,3.0,9.0,-17.824075037015678
01-24,-250.00000931322597,0.0,-8.333331781128996,50.0,-16.66666977107533,11.111116630059483,-66.666672875484,-49.999999999999986,0.0,-66.666672875484,0.0,33.33333333333333,3.0,9.0,-30.32407555441712
01-25,-39.9999985098839,0.0,-8.333331781128996,50.0,-16.66666977107533,11.111116630059483,-66.666672875484,-49.999999999999986,0.0,-66.666672875484,0.0,33.33333333333333,3.0,9.0,-12.824074654138618
01-26,-39.9999985098839,-33.33333333333335,-8.333331781128996,50.0,-16.66666977107533,11.111116630059483,-66.666672875484,0.0,0.0,-66.666672875484,0.0,33.33333333333333,3.0,9.0,-11.435185765249733
01-27,-25.00000465661298,-33.33333333333335,0.0,50.0,-16.66666977107533,11.111116630059483,-66.666672875484,0.0,0.0,-66.666672875484,0.0,0.0,2.0,10.0,-12.268519740160848
01-28,-25.00000465661298,-66.666672875484,0.0,50.0,-16.66666977107533,11.111116630059483,-49.999999999999986,0.0,0.0,-66.666672875484,0.0,0.0,2.0,10.0,-13.657408629049733
01-29,50.0,-33.33333333333335,8.333331781129006,50.0,-16.66666977107533,11.111116630059483,-49.999999999999986,0.0,25.00000000000001,-66.666672875484,0.0,20.000002980232196,6.0,6.0,-0.18518538237266333
01-30,0.0,-33.33333333333335,8.333331781129006,50.0,-16.66666977107533,11.111116630059483,-49.999999999999986,0.0,25.00000000000001,-66.666672875484,-100.0,20.000002980232196,5.0,7.0,-12.685185382372666
01-31,20.000002980232196,20.000002980232196,8.333331781129006,0.0,-16.66666977107533,11.111116630059483,-49.999999999999986,0.0,25.00000000000001,-33.33333333333335,-100.0,20.000002980232196,6.0,6.0,-7.962962146043632
02-01,20.000002980232196,-33.33333333333335,0.0,0.0,-16.66666977107533,11.111116630059483,-49.999999999999986,0.0,0.0,-33.33333333333335,-100.0,20.000002980232196,3.0,9.0,-15.18518448726818
02-02,-100.0,-66.666672875484,0.0,0.0,-16.66666977107533,11.111116630059483,-49.999999999999986,0.0,0.0,-33.33333333333335,-100.0,20.000002980232196,2.0,10.0,-27.962963030800083
02-03,0.0,-66.666672875484,0.0,0.0,-16.66666977107533,11.111116630059483,-49.999999999999986,0.0,0.0,-33.33333333333335,-100.0,20.000002980232196,2.0,10.0,-19.62962969746675
02-04,-66.666672875484,0.0,0.0,0.0,-16.66666977107533,11.111116630059483,-49.999999999999986,0.0,0.0,-33.33333333333335,-100.0,20.000002980232196,2.0,10.0,-19.62962969746675
02-05,-33.33333333333335,-66.666672875484,0.0,0.0,0.0,0.0,-49.999999999999986,0.0,0.0,-33.33333333333335,-100.0,20.000002980232196,1.0,11.0,-21.944444713493212
02-06,-33.33333333333335,-66.666672875484,0.0,0.0,0.0,0.0,-49.999999999999986,0.0,0.0,-33.33333333333335,-100.0,20.000002980232196,1.0,11.0,-21.944444713493212
02-07,-33.33333333333335,0.0,0.0,-33.33333333333335,0.0,0.0,-49.999999999999986,0.0,0.0,-33.33333333333335,-100.0,20.000002980232196,1.0,11.0,-19.166666418313984
02-08,-33.33333333333335,-66.666672875484,0.0,-33.33333333333335,0.0,0.0,-49.999999999999986,0.0,0.0,-33.33333333333335,-100.0,20.000002980232196,1.0,11.0,-24.722222491270983
02-09,-33.33333333333335,-100.0,-9.090907243657693,-33.33333333333335,0.0,11.111116630059483,-49.999999999999986,0.0,0.0,0.0,-100.0,20.000002980232196,2.0,10.0,-24.55387119166939
02-10,-33.33333333333335,-49.999999999999986,-9.090907243657693,-33.33333333333335,0.0,11.111116630059483,-49.999999999999986,0.0,0.0,0.0,-100.0,20.000002980232196,2.0,10.0,-20.387204525002726
02-11,-33.33333333333335,0.0,0.0,-33.33333333333335,-19.999995529651695,11.111116630059483,-49.999999999999986,0.0,0.0,0.0,-100.0,20.000002980232196,2.0,10.0,-17.12962854883556
02-12,-33.33333333333335,-25.00000465661298,-18.18181448731537,-33.33333333333335,-19.999995529651695,11.111116630059483,-49.999999999999986,0.0,0.0,0.0,-100.0,0.0,1.0,11.0,-22.394780392515603
02-13,-33.33333333333335,0.0,-29.999993294477562,-33.33333333333335,-19.999995529651695,11.111116630059483,-49.999999999999986,0.0,0.0,57.14285828325213,-100.0,-19.999995529651695,2.0,10.0,-18.201056342261335
02-14,0.0,0.0,-44.4444334065477,-33.33333333333335,-19.999995529651695,11.111116630059483,-49.999999999999986,0.0,0.0,57.14285828325213,-100.0,-19.999995529651695,2.0,10.0,-16.62698190715607
02-15,-33.33333333333335,-25.00000465661298,-100.0,-33.33333333333335,-19.999995529651695,0.0,-49.999999999999986,0.0,0.0,57.14285828325213,-100.0,-49.999999999999986,1.0,11.0,-29.543650714139932
02-16,-33.33333333333335,-25.00000465661298,-71.4285668669915,-33.33333333333335,-19.999995529651695,0.0,-49.999999999999986,0.0,0.0,57.14285828325213,-100.0,-49.999999999999986,1.0,11.0,-27.162697953055897
02-17,-33.33333333333335,-66.666672875484,-71.4285668669915,-33.33333333333335,-19.999995529651695,0.0,-49.999999999999986,0.0,0.0,57.14285828325213,-100.0,-49.999999999999986,1.0,11.0,-30.63492030462848
02-18,-33.33333333333335,0.0,-71.4285668669915,-33.33333333333335,-19.999995529651695,-12.500006984919466,-49.999999999999986,0.0,0.0,57.14285828325213,-100.0,-49.999999999999986,1.0,11.0,-26.121031480414768
02-19,33.33333333333333,0.0,-71.4285668669915,-33.33333333333335,-19.999995529651695,-12.500006984919466,-49.999999999999986,0.0,0.0,57.14285828325213,0.0,-49.999999999999986,2.0,10.0,-12.232142591525877
02-20,-66.666672875484,25.00000000000001,-71.4285668669915,-33.33333333333335,-19.999995529651695,-12.500006984919466,-49.999999999999986,0.0,0.0,57.14285828325213,0.0,-49.999999999999986,2.0,10.0,-18.482143108927318
02-21,-66.666672875484,0.0,-50.00000000000002,-33.33333333333335,-19.999995529651695,-12.500006984919466,-49.999999999999986,33.33333333333333,0.0,57.14285828325213,0.0,-49.999999999999986,2.0,10.0,-16.00198475890025
02-22,-66.666672875484,0.0,-50.00000000000002,-33.33333333333335,-19.999995529651695,-12.500006984919466,-49.999999999999986,33.33333333333333,25.00000000000001,57.14285828325213,0.0,0.0,3.0,9.0,-9.751984758900251
02-23,-25.00000465661298,0.0,-33.33332505491079,-33.33333333333335,-19.999995529651695,-12.500006984919466,-49.999999999999986,33.33333333333333,25.00000000000001,57.14285828325213,0.0,0.0,3.0,9.0,-4.890872828570235
02-24,0.0,25.00000000000001,-33.33332505491079,-33.33333333333335,-19.999995529651695,-12.500006984919466,-49.999999999999986,33.33333333333333,0.0,50.0,-100.0,0.0,3.0,9.0,-11.736110630790163
02-25,0.0,25.00000000000001,-33.33332505491079,-33.33333333333335,-19.999995529651695,-12.500006984919466,0.0,33.33333333333333,0.0,50.0,-100.0,0.0,3.0,9.0,-7.569443964123497
02-26,-25.00000465661298,-25.00000465661298,-33.33332505491079,-33.33333333333335,-19.999995529651695,-12.500006984919466,0.0,33.33333333333333,0.0,50.0,-100.0,-25.00000465661298,2.0,10.0,-15.902778461610078
02-27,-25.00000465661298,0.0,-33.33332505491079,-33.33333333333335,-19.999995529651695,-12.500006984919466,0.0,33.33333333333333,0.0,50.0,50.0,-25.00000465661298,3.0,9.0,-1.3194447402256622
02-28,33.33333333333333,25.00000000000001,-33.33332505491079,-100.0,-19.999995529651695,-12.500006984919466,0.0,33.33333333333333,0.0,50.0,50.0,-25.00000465661298,5.0,7.0,0.06944453671431046
02-29,0.0,0.0,0.0,-100.0,0.0,0.0,0.0,33.33333333333333,0.0,0.0,0.0,-25.00000465661298,1.0,2.0,-7.63888927693997
03-01,33.33333333333333,25.00000000000001,-33.33332505491079,-100.0,-19.999995529651695,-28.57143313300851,0.0,33.33333333333333,0.0,50.0,50.0,-25.00000465661298,5.0,7.0,-1.2698409756264433
03-02,33.33333333333333,25.00000000000001,-50.00000000000002,-100.0,-49.999999999999986,-28.57143313300851,33.33333333333333,33.33333333333333,0.0,50.0,50.0,-25.00000465661298,6.0,6.0,-2.3809531491351255
03-03,-66.666672875484,25.00000000000001,-50.00000000000002,-100.0,-49.999999999999986,-28.57143313300851,33.33333333333333,33.33333333333333,0.0,50.0,0.0,-25.00000465661298,4.0,8.0,-14.88095366653657
03-04,-49.999999999999986,25.00000000000001,-50.00000000000002,-100.0,-49.999999999999986,-28.57143313300851,33.33333333333333,33.33333333333333,0.0,50.0,0.0,-25.00000465661298,4.0,8.0,-13.492064260246236
03-05,-49.999999999999986,-25.00000465661298,-50.00000000000002,-100.0,-49.999999999999986,-14.285711244660995,33.33333333333333,33.33333333333333,0.0,50.0,0.0,-25.00000465661298,3.0,9.0,-16.468254490935024
03-06,-49.999999999999986,25.00000000000001,-33.33332505491079,-49.999999999999986,-49.999999999999986,-14.285711244660995,33.33333333333333,33.33333333333333,0.0,50.0,0.0,-25.00000465661298,4.0,8.0,-6.746031190793171
03-07,0.0,0.0,-50.00000000000002,-49.999999999999986,-49.999999999999986,-28.57143313300851,33.33333333333333,0.0,0.0,50.0,0.0,-25.00000465661298,2.0,10.0,-10.019842038024015
03-08,0.0,0.0,-50.00000000000002,-49.999999999999986,-49.999999999999986,-28.57143313300851,33.33333333333333,0.0,0.0,50.0,0.0,-25.00000465661298,2.0,10.0,-10.019842038024015
03-09,25.00000000000001,40.00000223517415,-37.50000232830651,-49.999999999999986,0.0,-28.57143313300851,33.33333333333333,0.0,25.00000000000001,50.0,0.0,-25.00000465661298,5.0,7.0,2.6884912875482936
03-10,25.00000000000001,20.000002980232196,-37.50000232830651,-49.999999999999986,0.0,-28.57143313300851,33.33333333333333,0.0,25.00000000000001,50.0,0.0,-25.00000465661298,5.0,7.0,1.0218246829697974
03-11,25.00000000000001,0.0,-25.00000465661298,-49.999999999999986,0.0,-28.57143313300851,33.33333333333333,0.0,25.00000000000001,50.0,0.0,-25.00000465661298,4.0,8.0,0.39682424059157534
03-12,0.0,0.0,-12.500006984919466,-49.999999999999986,0.0,-28.57143313300851,33.33333333333333,0.0,25.00000000000001,50.0,50.0,0.0,4.0,8.0,5.605157767950448
03-13,25.00000000000001,20.000002980232196,-28.57143313300851,-49.999999999999986,0.0,-28.57143313300851,33.33333333333333,0.0,25.00000000000001,-16.66666977107533,50.0,0.0,5.0,7.0,2.460316689706101
03-14,25.00000000000001,20.000002980232196,-28.57143313300851,-49.999999999999986,0.0,-28.57143313300851,33.33333333333333,0.0,0.0,-16.66666977107533,50.0,0.0,4.0,8.0,0.3769833563727663
03-15,25.00000000000001,20.000002980232196,12.49999767169351,-49.999999999999986,0.0,-28.57143313300851,33.33333333333333,0.0,0.0,-16.66666977107533,50.0,0.0,5.0,7.0,3.7996025900979347
03-16,25.00000000000001,20.000002980232196,0.0,-49.999999999999986,0.0,-28.57143313300851,33.33333333333333,0.0,0.0,-16.66666977107533,50.0,0.0,4.0,8.0,2.757936117456809
03-17,25.00000000000001,82.35294175653308,0.0,-49.999999999999986,0.0,-28.57143313300851,33.33333333333333,0.0,0.0,-16.66666977107533,50.0,0.0,4.0,8.0,7.954014348815217
03-18,-49.999999999999986,76.47058900871077,0.0,-49.999999999999986,0.0,-14.285711244660995,33.33333333333333,-49.999999999999986,0.0,-16.66666977107533,50.0,0.0,3.0,9.0,-1.7623715561410147
03-19,-49.999999999999986,82.35294175653308,-14.285711244660995,-49.999999999999986,0.0,-14.285711244660995,33.33333333333333,-49.999999999999986,0.0,-16.66666977107533,-100.0,0.0,2.0,10.0,-14.962651430877571
03-20,-49.999999999999986,82.35294175653308,-14.285711244660995,-49.999999999999986,0.0,-14.285711244660995,33.33333333333333,-49.999999999999986,0.0,-75.00000465661297,-100.0,0.0,2.0,10.0,-19.823762671339043
03-21,-33.33333333333335,82.35294175653308,-14.285711244660995,-49.999999999999986,0.0,-14.285711244660995,33.33333333333333,-49.999999999999986,-49.999999999999986,-75.00000465661297,-100.0,-100.0,2.0,10.0,-30.934873782450154
03-22,-33.33333333333335,82.35294175653308,-14.285711244660995,-49.999999999999986,0.0,-14.285711244660995,33.33333333333333,-49.999999999999986,-100.0,-49.999999999999986,0.0,-100.0,2.0,10.0,-24.684873394399073
03-23,-33.33333333333335,80.00000124176339,-28.57143313300851,-49.999999999999986,0.0,-14.285711244660995,33.33333333333333,-49.999999999999986,-100.0,-49.999999999999986,0.0,-100.0,2.0,10.0,-26.07142859465884
03-24,-300.0,75.0,-28.57143313300851,-49.999999999999986,0.0,-33.33333333333335,33.33333333333333,-49.999999999999986,-100.0,-49.999999999999986,0.0,-100.0,2.0,10.0,-50.2976194277507
03-25,-300.0,81.25,-28.57143313300851,-49.999999999999986,-25.00000465661298,-33.33333333333335,33.33333333333333,-49.999999999999986,-100.0,-49.999999999999986,50.0,-100.0,3.0,9.0,-47.69345314913512
03-26,-199.99999999999994,75.0,-28.57143313300851,0.0,-25.00000465661298,-33.33333333333335,33.33333333333333,-49.999999999999986,-33.33333333333335,-49.999999999999986,50.0,-100.0,3.0,9.0,-30.1587309269129
03-27,-199.99999999999994,73.33333498901784,-28.57143313300851,33.33333333333333,0.0,-16.66666977107533,33.33333333333333,-49.999999999999986,-33.33333333333335,-49.999999999999986,0.0,-100.0,3.0,9.0,-28.214286215144384
03-28,-199.99999999999994,75.0,-28.57143313300851,33.33333333333333,0.0,-16.66666977107533,0.0,-49.999999999999986,-33.33333333333335,-49.999999999999986,0.0,-100.0,2.0,10.0,-30.85317524200698
03-29,0.0,73.33333498901784,-28.57143313300851,33.33333333333333,0.0,12.49999767169351,0.0,-49.999999999999986,0.0,-49.999999999999986,50.0,-100.0,4.0,8.0,-4.950397261580317
03-30,25.00000000000001,73.33333498901784,-33.33333333333335,33.33333333333333,0.0,12.49999767169351,0.0,-49.999999999999986,0.0,-49.999999999999986,50.0,-100.0,5.0,7.0,-3.2638889449407196
03-31,25.00000000000001,73.33333498901784,-33.33333333333335,33.33333333333333,0.0,0.0,0.0,-49.999999999999986,0.0,-49.999999999999986,50.0,-100.0,4.0,8.0,-4.305555417581846
04-01,50.0,80.00000124176339,-50.000009313225966,33.33333333333333,0.0,-16.66666977107533,0.0,-49.999999999999986,0.0,-49.999999999999986,50.0,-100.0,4.0,8.0,-4.444445375767046
04-02,25.00000000000001,80.00000124176339,-33.33333333333335,33.33333333333333,20.000002980232196,-16.66666977107533,0.0,0.0,0.0,-49.999999999999986,0.0,-100.0,4.0,8.0,-3.472222129089978
04-03,25.00000000000001,80.00000124176339,-33.33333333333335,33.33333333333333,20.000002980232196,-16.66666977107533,0.0,0.0,0.0,-49.999999999999986,50.0,-100.0,5.0,7.0,0.6944445375766884
04-04,20.000002980232196,80.00000124176339,-33.33333333333335,33.33333333333333,0.0,-16.66666977107533,0.0,0.0,0.0,-49.999999999999986,50.0,-100.0,4.0,8.0,-1.388888795756646
04-05,20.000002980232196,78.57142914162606,-14.285711244660995,33.33333333333333,0.0,-16.66666977107533,25.00000000000001,0.0,0.0,-49.999999999999986,50.0,-33.33333333333335,5.0,7.0,7.718254258843494
04-06,33.33333333333333,64.28571390558263,-14.285711244660995,33.33333333333333,0.0,-16.66666977107533,25.00000000000001,0.0,0.0,-49.999999999999986,50.0,-33.33333333333335,5.0,7.0,7.638888851931637
04-07,42.857144377669506,64.28571390558263,-14.285711244660995,33.33333333333333,0.0,-16.66666977107533,25.00000000000001,0.0,0.0,-49.999999999999986,50.0,-33.33333333333335,5.0,7.0,8.432539772292985
04-08,20.000002980232196,64.28571390558263,0.0,33.33333333333333,0.0,-16.66666977107533,25.00000000000001,0.0,0.0,-49.999999999999986,50.0,-33.33333333333335,5.0,7.0,7.71825392622829
04-09,20.000002980232196,64.28571390558263,0.0,33.33333333333333,0.0,-16.66666977107533,25.00000000000001,0.0,0.0,-49.999999999999986,0.0,-33.33333333333335,4.0,8.0,3.5515872595616247
04-10,20.000002980232196,66.66666749450893,-16.66666977107533,33.33333333333333,0.0,-16.66666977107533,25.00000000000001,0.0,0.0,-49.999999999999986,0.0,-33.33333333333335,4.0,8.0,2.3611109110492055
04-11,20.000002980232196,66.66666749450893,-16.66666977107533,33.33333333333333,0.0,-16.66666977107533,25.00000000000001,0.0,25.00000000000001,-199.99999999999994,0.0,-33.33333333333335,5.0,7.0,-8.055555755617457
04-12,20.000002980232196,64.28571390558263,-33.33333333333335,33.33333333333333,0.0,-16.66666977107533,25.00000000000001,0.0,25.00000000000001,-199.99999999999994,0.0,20.000002980232196,6.0,6.0,-5.198412492085688
04-13,33.33333333333333,58.33333178112902,0.0,33.33333333333333,0.0,0.0,25.00000000000001,0.0,25.00000000000001,-199.99999999999994,0.0,20.000002980232196,6.0,6.0,-0.4166665476643381
04-14,33.33333333333333,-30.769236941309597,0.0,33.33333333333333,0.0,0.0,40.00000223517415,0.0,25.00000000000001,-199.99999999999994,0.0,20.000002980232196,5.0,7.0,-6.591880421603044
04-15,60.0000014901161,-30.769236941309597,0.0,33.33333333333333,0.0,0.0,25.00000000000001,0.0,25.00000000000001,-49.999999999999986,0.0,20.000002980232196,5.0,7.0,6.880341738531006
04-16,40.00000223517415,-30.769236941309597,0.0,33.33333333333333,0.0,0.0,25.00000000000001,0.0,25.00000000000001,-49.999999999999986,50.0,60.0000014901161,6.0,6.0,12.713675009776168
04-17,40.00000223517415,-30.769236941309597,0.0,33.33333333333333,0.0,0.0,25.00000000000001,0.0,25.00000000000001,0.0,50.0,60.0000014901161,6.0,6.0,16.880341676442832
04-18,40.00000223517415,-30.769236941309597,0.0,33.33333333333333,0.0,14.285716566504265,25.00000000000001,0.0,50.0,0.0,50.0,60.0000014901161,7.0,5.0,20.154151390318187
04-19,40.00000223517415,-30.769236941309597,0.0,33.33333333333333,0.0,14.285716566504265,25.00000000000001,0.0,50.0,0.0,0.0,60.0000014901161,6.0,6.0,15.987484723651521
04-20,40.00000223517415,-50.00000372529024,0.0,33.33333333333333,20.000002980232196,14.285716566504265,25.00000000000001,50.0,50.0,0.0,0.0,60.0000014901161,8.0,4.0,20.218254406672482
04-21,80.00000074505806,-33.33333333333332,0.0,0.0,20.000002980232196,14.285716566504265,25.00000000000001,50.0,25.00000000000001,0.0,0.0,60.0000014901161,7.0,5.0,20.079365704048108
04-22,75.0,-25.000007761021614,0.0,0.0,20.000002980232196,0.0,25.00000000000001,50.0,25.00000000000001,0.0,0.0,60.0000014901161,6.0,6.0,19.16666639244389
04-23,75.0,-33.33333333333332,0.0,0.0,20.000002980232196,14.285716566504265,25.00000000000001,50.0,25.00000000000001,0.0,0.0,60.0000014901161,7.0,5.0,19.66269897529327
04-24,25.00000000000001,-25.000007761021614,0.0,0.0,20.000002980232196,-14.285711244660995,25.00000000000001,50.0,25.00000000000001,0.0,0.0,60.0000014901161,6.0,6.0,13.809523788722144
04-25,0.0,-66.66666666666666,0.0,0.0,20.000002980232196,-14.285711244660995,25.00000000000001,50.0,25.00000000000001,0.0,0.0,60.0000014901161,5.0,7.0,8.25396887991839
04-26,20.000002980232196,-66.66666666666666,0.0,0.0,20.000002980232196,0.0,25.00000000000001,50.0,-33.33333333333335,0.0,0.0,60.0000014901161,5.0,7.0,6.250000620881708
04-27,20.000002980232196,-66.66666666666666,14.285716566504265,0.0,20.000002980232196,0.0,25.00000000000001,50.0,-33.33333333333335,0.0,0.0,60.0000014901161,6.0,6.0,7.44047700142373
04-28,0.0,-50.00000372529024,14.285716566504265,0.0,20.000002980232196,0.0,40.00000223517415,50.0,-33.33333333333335,0.0,0.0,60.0000014901161,5.0,7.0,8.412698851116927
04-29,20.000002980232196,-50.00000372529024,14.285716566504265,0.0,20.000002980232196,14.285716566504265,40.00000223517415,50.0,-33.33333333333335,0.0,0.0,60.0000014901161,7.0,5.0,11.269842146678299
04-30,0.0,-50.00000372529024,14.285716566504265,0.0,-150.00000931322595,0.0,40.00000223517415,50.0,-33.33333333333335,-33.33333333333335,50.0,60.0000014901161,5.0,7.0,-4.365079951115698
05-01,0.0,-39.9999985098839,0.0,0.0,-150.00000931322595,0.0,20.000002980232196,50.0,-33.33333333333335,-33.33333333333335,0.0,40.00000223517415,3.0,9.0,-12.222222439530848
05-02,-49.999999999999986,-39.9999985098839,0.0,0.0,-150.00000931322595,0.0,20.000002980232196,50.0,-33.33333333333335,-33.33333333333335,0.0,40.00000223517415,3.0,9.0,-16.388889106197514
05-03,-49.999999999999986,-39.9999985098839,-16.66666977107533,0.0,-150.00000931322595,0.0,20.000002980232196,33.33333333333333,-33.33333333333335,-33.33333333333335,0.0,40.00000223517415,3.0,9.0,-19.166667142676015
05-04,-19.999995529651695,-39.9999985098839,-16.66666977107533,0.0,-150.00000931322595,0.0,20.000002980232196,33.33333333333333,-33.33333333333335,-33.33333333333335,0.0,40.00000223517415,3.0,9.0,-16.666666770146993
05-05,-39.9999985098839,-39.9999985098839,-16.66666977107533,0.0,-150.00000931322595,0.0,20.000002980232196,33.33333333333333,-33.33333333333335,-33.33333333333335,0.0,40.00000223517415,3.0,9.0,-18.33333368516634
05-06,0.0,-50.00000372529024,0.0,-49.999999999999986,-150.00000931322595,14.285716566504265,20.000002980232196,33.33333333333333,-33.33333333333335,-33.33333333333335,0.0,40.00000223517415,4.0,8.0,-17.42063538249491
05-07,0.0,-50.00000372529024,14.285716566504265,-49.999999999999986,-66.666672875484,14.285716566504265,20.000002980232196,33.33333333333333,-33.33333333333335,-33.33333333333335,0.0,40.00000223517415,5.0,7.0,-9.285714298807726
05-08,0.0,-39.9999985098839,14.285716566504265,-49.999999999999986,-66.666672875484,14.285716566504265,20.000002980232196,33.33333333333333,-33.33333333333335,-33.33333333333335,0.0,0.0,4.0,8.0,-11.785714050455043
05-09,-19.999995529651695,-39.9999985098839,14.285716566504265,-49.999999999999986,-66.666672875484,0.0,20.000002980232196,33.33333333333333,-33.33333333333335,33.33333333333333,0.0,0.0,4.0,8.0,-9.08730116957915
05-10,-19.999995529651695,-39.9999985098839,14.285716566504265,-49.999999999999986,-66.666672875484,0.0,20.000002980232196,33.33333333333333,-33.33333333333335,33.33333333333333,0.0,0.0,4.0,8.0,-9.08730116957915
05-11,-19.999995529651695,-33.33332505491079,-16.66666977107533,-49.999999999999986,-66.666672875484,0.0,42.857144377669506,33.33333333333333,-33.33333333333335,-33.33333333333335,0.0,0.0,2.0,10.0,-14.761904348898804
05-12,-49.999999999999986,-44.4444334065477,-16.66666977107533,-49.999999999999986,-66.666672875484,-16.66666977107533,28.57142781116525,33.33333333333333,-33.33333333333335,-33.33333333333335,0.0,0.0,2.0,10.0,-20.767195945529206
05-13,0.0,-44.4444334065477,-16.66666977107533,-49.999999999999986,-66.666672875484,-16.66666977107533,42.857144377669506,33.33333333333333,-33.33333333333335,-33.33333333333335,0.0,0.0,2.0,10.0,-15.410052898320517
05-14,0.0,-44.4444334065477,-16.66666977107533,-49.999999999999986,-66.666672875484,-16.66666977107533,42.857144377669506,33.33333333333333,-33.33333333333335,-33.33333333333335,-100.0,0.0,2.0,10.0,-23.743386231653847
05-15,0.0,-44.4444334065477,-16.66666977107533,0.0,-66.666672875484,-16.66666977107533,42.857144377669506,33.33333333333333,-33.33333333333335,-33.33333333333335,-100.0,0.0,2.0,10.0,-19.576719564987183
05-16,0.0,-29.999993294477562,12.49999767169351,0.0,-66.666672875484,-16.66666977107533,42.857144377669506,33.33333333333333,-33.33333333333335,-33.33333333333335,-100.0,0.0,3.0,9.0,-15.942460602083935
05-17,0.0,-29.999993294477562,12.49999767169351,0.0,-66.666672875484,-16.66666977107533,42.857144377669506,33.33333333333333,-33.33333333333335,-33.33333333333335,-100.0,0.0,3.0,9.0,-15.942460602083935
05-18,0.0,0.0,12.49999767169351,0.0,-66.666672875484,-16.66666977107533,42.857144377669506,-33.33333333333335,-33.33333333333335,-33.33333333333335,-100.0,0.0,2.0,10.0,-18.998016716433032
05-19,0.0,-33.33332505491079,12.49999767169351,0.0,-66.666672875484,-16.66666977107533,50.0,-33.33333333333335,-33.33333333333335,-33.33333333333335,-100.0,0.0,2.0,10.0,-21.180555835814722
05-20,20.000002980232196,-33.33332505491079,12.49999767169351,0.0,-66.666672875484,0.0,50.0,-33.33333333333335,-33.33333333333335,-33.33333333333335,-100.0,0.0,3.0,9.0,-18.12499977320576
05-21,0.0,0.0,12.49999767169351,0.0,-66.666672875484,-16.66666977107533,50.0,-33.33333333333335,-33.33333333333335,-33.33333333333335,-100.0,0.0,2.0,10.0,-18.40277874790549
05-22,0.0,0.0,-16.66666977107533,0.0,-25.00000465661298,-16.66666977107533,50.0,-33.33333333333335,-33.33333333333335,-33.33333333333335,-100.0,0.0,1.0,11.0,-17.36111201656364
05-23,20.000002980232196,18.1818144873154,-16.66666977107533,0.0,-25.00000465661298,-16.66666977107533,0.0,-33.33333333333335,-33.33333333333335,-33.33333333333335,-100.0,0.0,2.0,10.0,-18.345960560934675
05-24,20.000002980232196,9.999997764825855,-16.66666977107533,0.0,-25.00000465661298,-16.66666977107533,0.0,-33.33333333333335,0.0,-33.33333333333335,-100.0,0.0,2.0,10.0,-16.250000843364358
05-25,20.000002980232196,9.999997764825855,-16.66666977107533,0.0,50.0,0.0,28.57142781116525,-33.33333333333335,0.0,0.0,-100.0,0.0,4.0,8.0,-3.4523812123487816
05-26,20.000002980232196,0.0,0.0,0.0,50.0,0.0,28.57142781116525,-33.33333333333335,0.0,0.0,-100.0,0.0,3.0,9.0,-2.8968252118279927
05-27,0.0,0.0,0.0,0.0,50.0,-16.66666977107533,28.57142781116525,-33.33333333333335,0.0,0.0,-100.0,0.0,2.0,10.0,-5.952381274436952
05-28,20.000002980232196,0.0,0.0,0.0,50.0,0.0,28.57142781116525,0.0,0.0,0.0,-100.0,0.0,3.0,9.0,-0.11904743405021279
05-29,20.000002980232196,0.0,0.0,0.0,50.0,0.0,28.57142781116525,0.0,0.0,0.0,-100.0,0.0,3.0,9.0,-0.11904743405021279
05-30,16.666663562258005,9.090907243657705,0.0,0.0,50.0,0.0,28.57142781116525,0.0,25.00000000000001,0.0,-100.0,0.0,5.0,7.0,2.4440832180900807
05-31,16.666663562258005,9.090907243657705,0.0,0.0,50.0,0.0,28.57142781116525,0.0,25.00000000000001,0.0,-100.0,0.0,5.0,7.0,2.4440832180900807
06-01,16.666663562258005,9.090907243657705,0.0,33.33333333333333,50.0,0.0,28.57142781116525,0.0,25.00000000000001,0.0,-100.0,0.0,6.0,6.0,5.221860995867857
06-02,16.666663562258005,0.0,-16.66666977107533,33.33333333333333,50.0,0.0,28.57142781116525,0.0,25.00000000000001,0.0,-100.0,0.0,5.0,7.0,3.0753962446401055
06-03,16.666663562258005,0.0,-16.66666977107533,33.33333333333333,50.0,-16.66666977107533,28.57142781116525,0.0,25.00000000000001,0.0,-100.0,0.0,5.0,7.0,1.6865070970504945
06-04,16.666663562258005,0.0,-16.66666977107533,33.33333333333333,25.00000000000001,-16.66666977107533,28.57142781116525,0.0,25.00000000000001,0.0,-100.0,0.0,5.0,7.0,-0.39682623628283764
06-05,16.666663562258005,0.0,-16.66666977107533,33.33333333333333,25.00000000000001,-16.66666977107533,28.57142781116525,0.0,25.00000000000001,0.0,-100.0,0.0,5.0,7.0,-0.39682623628283764
06-06,16.666663562258005,0.0,-16.66666977107533,33.33333333333333,25.00000000000001,-16.66666977107533,0.0,0.0,25.00000000000001,0.0,-100.0,0.0,4.0,8.0,-2.777778553879942
06-07,0.0,0.0,-16.66666977107533,33.33333333333333,25.00000000000001,0.0,-16.66666977107533,0.0,25.00000000000001,0.0,-100.0,0.0,3.0,9.0,-4.1666671840681095
06-08,0.0,9.999997764825855,0.0,33.33333333333333,25.00000000000001,0.0,-16.66666977107533,0.0,25.00000000000001,0.0,-100.0,0.0,4.0,8.0,-1.9444448894096773
06-09,20.000002980232196,9.999997764825855,0.0,33.33333333333333,25.00000000000001,0.0,-16.66666977107533,0.0,25.00000000000001,0.0,-100.0,0.0,5.0,7.0,-0.2777779743903264
06-10,0.0,9.999997764825855,0.0,33.33333333333333,25.00000000000001,0.0,-16.66666977107533,0.0,25.00000000000001,0.0,-100.0,0.0,4.0,8.0,-1.9444448894096773
06-11,0.0,0.0,-33.33333333333335,33.33333333333333,25.00000000000001,0.0,-16.66666977107533,25.00000000000001,25.00000000000001,0.0,0.0,0.0,4.0,8.0,4.86111085241039
06-12,0.0,0.0,-33.33333333333335,0.0,25.00000000000001,0.0,-16.66666977107533,40.00000223517415,25.00000000000001,0.0,0.0,0.0,3.0,9.0,3.333333260897124
06-13,0.0,0.0,-33.33333333333335,0.0,25.00000000000001,0.0,-16.66666977107533,40.00000223517415,25.00000000000001,0.0,0.0,0.0,3.0,9.0,3.333333260897124
06-14,0.0,0.0,-33.33333333333335,0.0,25.00000000000001,0.0,-16.66666977107533,40.00000223517415,25.00000000000001,0.0,0.0,0.0,3.0,9.0,3.333333260897124
06-15,-66.666672875484,0.0,-33.33333333333335,0.0,25.00000000000001,0.0,-16.66666977107533,40.00000223517415,25.00000000000001,0.0,0.0,0.0,3.0,9.0,-2.222222812059876
06-16,-66.666672875484,9.999997764825855,-33.33333333333335,0.0,25.00000000000001,0.0,-59.99999403953561,40.00000223517415,25.00000000000001,0.0,0.0,0.0,4.0,8.0,-5.000000020696077
06-17,0.0,9.999997764825855,0.0,0.0,25.00000000000001,0.0,-59.99999403953561,40.00000223517415,0.0,0.0,0.0,0.0,3.0,9.0,1.2500004967053673
06-18,0.0,-9.999997764825869,0.0,0.0,25.00000000000001,0.0,0.0,40.00000223517415,0.0,0.0,0.0,0.0,2.0,10.0,4.5833337058623576
06-19,0.0,9.090907243657705,0.0,0.0,0.0,0.0,0.0,40.00000223517415,0.0,0.0,0.0,0.0,2.0,10.0,4.0909091232359875
06-20,0.0,9.090907243657705,0.0,0.0,0.0,-16.66666977107533,-39.9999985098839,40.00000223517415,0.0,-49.999999999999986,0.0,0.0,2.0,10.0,-4.79797990017728
06-21,0.0,-11.111108351636926,0.0,0.0,0.0,-16.66666977107533,-39.9999985098839,40.00000223517415,0.0,-49.999999999999986,0.0,0.0,1.0,11.0,-6.481481199785166
06-22,-25.00000465661298,-11.111108351636926,0.0,0.0,0.0,-16.66666977107533,-39.9999985098839,40.00000223517415,0.0,-49.999999999999986,0.0,0.0,1.0,11.0,-8.56481492116958
06-23,-25.00000465661298,0.0,0.0,0.0,0.0,-16.66666977107533,-39.9999985098839,40.00000223517415,0.0,-49.999999999999986,0.0,0.0,1.0,11.0,-7.638889225199837
06-24,0.0,0.0,0.0,0.0,0.0,0.0,-39.9999985098839,40.00000223517415,0.0,-199.99999999999994,0.0,0.0,1.0,11.0,-16.666666356225807
06-25,-19.999995529651695,-9.999997764825869,0.0,0.0,0.0,0.0,-39.9999985098839,40.00000223517415,0.0,-199.99999999999994,0.0,0.0,1.0,11.0,-19.16666579743227
06-26,-19.999995529651695,0.0,25.00000000000001,0.0,0.0,0.0,-39.9999985098839,40.00000223517415,0.0,-199.99999999999994,0.0,0.0,2.0,10.0,-16.249999317030113
06-27,-49.999999999999986,0.0,25.00000000000001,0.0,0.0,0.0,-39.9999985098839,40.00000223517415,-33.33333333333335,-199.99999999999994,0.0,0.0,2.0,10.0,-21.527777467336918
06-28,-49.999999999999986,-9.999997764825869,14.285716566504265,0.0,0.0,0.0,-39.9999985098839,40.00000223517415,-33.33333333333335,-199.99999999999994,0.0,0.0,2.0,10.0,-23.253967567197055
06-29,-49.999999999999986,-9.999997764825869,14.285716566504265,0.0,0.0,0.0,-39.9999985098839,25.00000000000001,-33.33333333333335,-199.99999999999994,0.0,0.0,2.0,10.0,-24.503967753461563
06-30,-49.999999999999986,0.0,14.285716566504265,0.0,0.0,0.0,-39.9999985098839,25.00000000000001,-33.33333333333335,-199.99999999999994,0.0,0.0,2.0,10.0,-23.670634606392742
07-01,-49.999999999999986,0.0,14.285716566504265,0.0,42.857144377669506,0.0,-39.9999985098839,25.00000000000001,-33.33333333333335,-199.99999999999994,0.0,0.0,3.0,9.0,-20.09920590825362
07-02,-25.00000465661298,0.0,14.285716566504265,0.0,42.857144377669506,0.0,-19.999995529651695,25.00000000000001,-33.33333333333335,-199.99999999999994,0.0,0.0,3.0,9.0,-16.349206047952016
07-03,-25.00000465661298,0.0,14.285716566504265,0.0,42.857144377669506,0.0,-19.999995529651695,25.00000000000001,0.0,-49.999999999999986,0.0,0.0,3.0,9.0,-1.0714282701742401
07-05,-25.00000465661298,0.0,0.0,0.0,42.857144377669506,0.0,-19.999995529651695,25.00000000000001,0.0,-49.999999999999986,0.0,0.0,2.0,10.0,-2.261904650716262
07-06,-400.00001862645195,16.666663562258023,0.0,0.0,42.857144377669506,0.0,-19.999995529651695,25.00000000000001,0.0,-49.999999999999986,0.0,0.0,3.0,9.0,-32.123017184681345
07-07,-25.00000465661298,16.666663562258023,0.0,0.0,42.857144377669506,0.0,-19.999995529651695,0.0,0.0,-199.99999999999994,0.0,0.0,2.0,10.0,-15.456349353861425
07-08,0.0,16.666663562258023,0.0,0.0,42.857144377669506,0.0,-19.999995529651695,-25.00000465661298,0.0,-199.99999999999994,0.0,0.0,2.0,10.0,-15.456349353861425
07-09,0.0,16.666663562258023,0.0,0.0,50.0,0.0,-19.999995529651695,-25.00000465661298,0.0,-199.99999999999994,0.0,0.0,2.0,10.0,-14.861111385333883
07-10,0.0,16.666663562258023,0.0,0.0,50.0,0.0,-19.999995529651695,-25.00000465661298,0.0,-199.99999999999994,0.0,0.0,2.0,10.0,-14.861111385333883
07-11,40.00000223517415,16.666663562258023,0.0,0.0,50.0,0.0,-19.999995529651695,0.0,0.0,-199.99999999999994,0.0,0.0,3.0,9.0,-9.444444144351623
07-12,40.00000223517415,28.57142781116525,0.0,0.0,50.0,0.0,-19.999995529651695,0.0,0.0,-199.99999999999994,0.0,0.0,3.0,9.0,-8.452380456942686
07-13,50.0,16.666663562258023,0.0,0.0,50.0,0.0,-19.999995529651695,0.0,25.00000000000001,-199.99999999999994,0.0,0.0,4.0,8.0,-6.527777663949467
07-14,40.00000223517415,16.666663562258023,0.0,-49.999999999999986,50.0,0.0,0.0,0.0,25.00000000000001,-199.99999999999994,0.0,0.0,4.0,8.0,-9.861111183547312
07-15,-25.00000465661298,8.333331781129006,0.0,-49.999999999999986,50.0,0.0,0.0,0.0,25.00000000000001,-199.99999999999994,0.0,0.0,3.0,9.0,-15.972222739623659
07-16,-25.00000465661298,8.333331781129006,14.285716566504265,-49.999999999999986,50.0,0.0,0.0,0.0,25.00000000000001,-49.999999999999986,0.0,0.0,4.0,8.0,-2.2817463590816396
07-17,-25.00000465661298,24.99999534338703,14.285716566504265,-49.999999999999986,50.0,0.0,0.0,0.0,40.00000223517415,-49.999999999999986,0.0,0.0,4.0,8.0,0.3571424573710414
07-18,0.0,24.99999534338703,14.285716566504265,-49.999999999999986,50.0,0.0,0.0,0.0,40.00000223517415,0.0,0.0,0.0,4.0,8.0,6.607142845422121
07-19,20.000002980232196,24.99999534338703,14.285716566504265,-49.999999999999986,50.0,0.0,0.0,0.0,40.00000223517415,0.0,0.0,0.0,5.0,7.0,8.273809760441472
07-20,20.000002980232196,30.769225478877487,-19.999995529651695,-49.999999999999986,50.0,0.0,0.0,0.0,40.00000223517415,50.0,0.0,0.0,5.0,7.0,10.064102930386012
07-21,0.0,16.666663562258023,-19.999995529651695,-49.999999999999986,50.0,-19.999995529651695,0.0,0.0,40.00000223517415,50.0,0.0,0.0,4.0,8.0,5.555556228177399
07-22,-25.00000465661298,8.333331781129006,-59.99999403953561,-49.999999999999986,50.0,-19.999995529651695,0.0,0.0,40.00000223517415,50.0,0.0,0.0,4.0,8.0,-0.5555550174580924
07-23,0.0,8.333331781129006,-59.99999403953561,-49.999999999999986,60.0000014901161,-19.999995529651695,0.0,0.0,40.00000223517415,50.0,0.0,0.0,4.0,8.0,2.3611121614359973
07-24,0.0,16.666663562258023,-59.99999403953561,-49.999999999999986,63.636364252114106,-19.999995529651695,0.0,-25.00000465661298,40.00000223517415,50.0,0.0,0.0,4.0,8.0,1.2752529853121668
07-25,0.0,16.666663562258023,-59.99999403953561,-49.999999999999986,63.636364252114106,-19.999995529651695,0.0,-25.00000465661298,40.00000223517415,50.0,0.0,0.0,4.0,8.0,1.2752529853121668
07-26,0.0,9.090907243657705,-39.9999985098839,-49.999999999999986,63.636364252114106,-19.999995529651695,0.0,-25.00000465661298,40.00000223517415,50.0,0.0,0.0,4.0,8.0,2.310606252899784
07-27,0.0,16.666663562258023,-39.9999985098839,-49.999999999999986,22.22222498169641,-19.999995529651695,0.0,0.0,40.00000223517415,50.0,0.0,0.0,4.0,8.0,1.5740747282994174
07-28,-33.33333333333335,9.090907243657705,-39.9999985098839,-49.999999999999986,22.22222498169641,-19.999995529651695,0.0,0.0,40.00000223517415,50.0,0.0,0.0,4.0,8.0,-1.8350160760283885
07-29,-33.33333333333335,9.090907243657705,-39.9999985098839,-49.999999999999986,22.22222498169641,-19.999995529651695,0.0,0.0,20.000002980232196,50.0,0.0,0.0,4.0,8.0,-3.501682680606885
07-30,-33.33333333333335,9.090907243657705,-39.9999985098839,-49.999999999999986,12.49999767169351,-19.999995529651695,0.0,0.0,20.000002980232196,50.0,0.0,0.0,4.0,8.0,-4.311868289773792
07-31,-33.33333333333335,0.0,-39.9999985098839,-49.999999999999986,12.49999767169351,-19.999995529651695,0.0,0.0,20.000002980232196,0.0,0.0,0.0,2.0,10.0,-9.236110560078602
08-01,66.66666666666666,0.0,-39.9999985098839,-49.999999999999986,12.49999767169351,-19.999995529651695,0.0,0.0,20.000002980232196,0.0,0.0,0.0,3.0,9.0,-0.9027772267452677
08-02,66.66666666666666,16.666663562258023,-19.999995529651695,-49.999999999999986,12.49999767169351,-19.999995529651695,0.0,0.0,20.000002980232196,50.0,0.0,0.0,5.0,7.0,6.319444985128918
08-03,75.0,0.0,-19.999995529651695,-49.999999999999986,12.49999767169351,-19.999995529651695,0.0,0.0,20.000002980232196,50.0,0.0,0.0,4.0,8.0,5.625000799385194
08-04,-33.33333333333335,0.0,-19.999995529651695,-49.999999999999986,12.49999767169351,-19.999995529651695,-66.666672875484,0.0,20.000002980232196,50.0,0.0,0.0,3.0,9.0,-8.958333051349584
08-05,-66.666672875484,0.0,-19.999995529651695,-49.999999999999986,12.49999767169351,-19.999995529651695,-66.666672875484,0.0,20.000002980232196,50.0,0.0,0.0,3.0,9.0,-11.736111346528807
08-06,-66.666672875484,0.0,-19.999995529651695,-49.999999999999986,11.111116630059483,-19.999995529651695,-66.666672875484,-25.00000465661298,20.000002980232196,50.0,0.0,0.0,3.0,9.0,-13.935185154716057
08-07,-66.666672875484,-16.666669771075306,-19.999995529651695,-49.999999999999986,11.111116630059483,-19.999995529651695,-66.666672875484,-66.666672875484,20.000002980232196,50.0,0.0,0.0,3.0,9.0,-18.796296653878247
08-08,-100.0,-16.666669771075306,-19.999995529651695,-49.999999999999986,11.111116630059483,-19.999995529651695,-66.666672875484,-66.666672875484,20.000002980232196,50.0,0.0,0.0,3.0,9.0,-21.574073914254583
08-09,-100.0,-27.272728504228187,-19.999995529651695,0.0,11.111116630059483,-19.999995529651695,-66.666672875484,-66.666672875484,20.000002980232196,50.0,0.0,0.0,3.0,9.0,-18.29124547535066
08-10,-19.999995529651695,-9.090907243657693,-19.999995529651695,0.0,11.111116630059483,-19.999995529651695,-66.666672875484,-66.666672875484,20.000002980232196,50.0,0.0,0.0,3.0,9.0,-10.109426664440756
08-11,-66.666672875484,-9.090907243657693,-39.9999985098839,0.0,0.0,-19.999995529651695,-66.666672875484,-66.666672875484,20.000002980232196,0.0,0.0,0.0,1.0,11.0,-20.757576410784427
08-12,-33.33333333333335,-9.090907243657693,-39.9999985098839,0.0,0.0,-19.999995529651695,-66.666672875484,-66.666672875484,0.0,0.0,0.0,0.0,0.0,12.0,-19.64646503062455
08-13,-33.33333333333335,-9.090907243657693,-39.9999985098839,0.0,0.0,-19.999995529651695,-66.666672875484,-25.00000465661298,0.0,33.33333333333333,0.0,0.0,1.0,11.0,-13.396464901274191
08-14,-66.666672875484,-9.090907243657693,-39.9999985098839,0.0,0.0,-19.999995529651695,-66.666672875484,-25.00000465661298,0.0,33.33333333333333,0.0,0.0,1.0,11.0,-16.174243196453414
08-15,0.0,-9.090907243657693,-39.9999985098839,0.0,0.0,-19.999995529651695,-66.666672875484,-66.666672875484,0.0,33.33333333333333,0.0,0.0,1.0,11.0,-14.090909475068997
08-16,0.0,7.692306369719361,-39.9999985098839,0.0,0.0,0.0,-66.666672875484,-25.00000465661298,0.0,33.33333333333333,0.0,0.0,2.0,10.0,-7.553419694910681
08-17,0.0,0.0,0.0,0.0,0.0,0.0,-66.666672875484,-25.00000465661298,0.0,33.33333333333333,0.0,0.0,1.0,11.0,-4.861112016563637
08-18,20.000002980232196,0.0,0.0,0.0,0.0,0.0,-66.666672875484,-25.00000465661298,0.0,33.33333333333333,0.0,0.0,2.0,10.0,-3.194445101544287
08-19,20.000002980232196,0.0,0.0,0.0,0.0,0.0,-66.666672875484,0.0,0.0,33.33333333333333,0.0,0.0,2.0,10.0,-1.1111113801598727
08-20,20.000002980232196,0.0,0.0,0.0,-25.00000465661298,0.0,-66.666672875484,0.0,0.0,33.33333333333333,0.0,0.0,2.0,10.0,-3.194445101544287
08-21,20.000002980232196,8.333331781129006,0.0,0.0,-37.50000232830651,0.0,-66.666672875484,0.0,0.0,33.33333333333333,0.0,0.0,3.0,9.0,-3.5416672590913314
08-22,-33.33333333333335,8.333331781129006,0.0,0.0,-12.500006984919466,0.0,-66.666672875484,0.0,0.0,33.33333333333333,0.0,0.0,2.0,10.0,-5.902779006606206
08-23,-33.33333333333335,21.428572188834742,0.0,0.0,-12.500006984919466,0.0,-150.00000931322595,0.0,0.0,33.33333333333333,0.0,0.0,2.0,10.0,-11.75595367577589
08-24,-33.33333333333335,20.000004967053524,-25.00000465661298,0.0,-12.500006984919466,0.0,-66.666672875484,0.0,0.0,33.33333333333333,0.0,0.0,2.0,10.0,-7.013889962496911
08-25,0.0,26.666669978035678,-25.00000465661298,0.0,0.0,0.0,-66.666672875484,0.0,0.0,33.33333333333333,0.0,0.0,2.0,10.0,-2.6388895183939973
08-26,0.0,33.33333498901784,-25.00000465661298,0.0,0.0,-25.00000465661298,-66.666672875484,0.0,0.0,33.33333333333333,0.0,0.0,2.0,10.0,-4.1666678221965645
08-27,0.0,33.33333498901784,-25.00000465661298,0.0,11.111116630059483,-25.00000465661298,-66.666672875484,0.0,0.0,33.33333333333333,0.0,0.0,3.0,9.0,-3.240741436358276
08-28,0.0,20.000004967053524,0.0,0.0,11.111116630059483,-25.00000465661298,-66.666672875484,0.0,0.0,33.33333333333333,0.0,0.0,3.0,9.0,-2.2685185501375535
08-29,0.0,20.000004967053524,0.0,0.0,11.111116630059483,-25.00000465661298,-66.666672875484,0.0,0.0,33.33333333333333,0.0,0.0,3.0,9.0,-2.2685185501375535
08-30,0.0,0.0,0.0,0.0,11.111116630059483,-25.00000465661298,-66.666672875484,0.0,0.0,33.33333333333333,0.0,0.0,2.0,10.0,-3.9351856307253477
08-31,0.0,0.0,0.0,0.0,0.0,-25.00000465661298,-66.666672875484,-33.33333333333335,0.0,33.33333333333333,0.0,0.0,1.0,11.0,-7.638889794341417
09-01,40.00000223517415,0.0,0.0,0.0,0.0,-25.00000465661298,0.0,0.0,0.0,33.33333333333333,0.0,0.0,2.0,10.0,4.027777575991208
09-02,0.0,0.0,0.0,0.0,0.0,-25.00000465661298,0.0,0.0,0.0,33.33333333333333,0.0,0.0,1.0,11.0,0.6944440563933624
09-03,0.0,8.333331781129006,0.0,0.0,18.1818144873154,-25.00000465661298,0.0,0.0,0.0,33.33333333333333,0.0,0.0,3.0,9.0,2.9040395787637294
09-04,-66.666672875484,8.333331781129006,0.0,0.0,18.1818144873154,-25.00000465661298,0.0,0.0,0.0,33.33333333333333,0.0,0.0,3.0,9.0,-2.6515164941932703
09-05,0.0,8.333331781129006,-25.00000465661298,33.33333333333333,18.1818144873154,-25.00000465661298,0.0,0.0,0.0,33.33333333333333,0.0,0.0,4.0,8.0,3.5984836351570917
09-06,0.0,8.333331781129006,-25.00000465661298,33.33333333333333,27.272728504228215,-25.00000465661298,0.0,0.0,0.0,33.33333333333333,0.0,0.0,4.0,8.0,4.356059803233159
09-07,0.0,8.333331781129006,-25.00000465661298,33.33333333333333,27.272728504228215,-25.00000465661298,0.0,0.0,0.0,33.33333333333333,0.0,0.0,4.0,8.0,4.356059803233159
09-08,25.00000000000001,8.333331781129006,-25.00000465661298,33.33333333333333,27.272728504228215,-25.00000465661298,0.0,-33.33333333333335,0.0,0.0,0.0,0.0,4.0,8.0,0.8838375810109378
09-09,25.00000000000001,8.333331781129006,-25.00000465661298,33.33333333333333,27.272728504228215,-25.00000465661298,0.0,-33.33333333333335,0.0,0.0,0.0,0.0,4.0,8.0,0.8838375810109378
09-10,-25.00000465661298,8.333331781129006,-25.00000465661298,33.33333333333333,0.0,-25.00000465661298,0.0,0.0,0.0,0.0,50.0,0.0,3.0,9.0,1.3888875953852828
09-11,-25.00000465661298,-8.333331781128996,-25.00000465661298,33.33333333333333,0.0,-25.00000465661298,0.0,0.0,0.0,-49.999999999999986,50.0,0.0,2.0,10.0,-4.1666677014695495
09-12,-25.00000465661298,-8.333331781128996,-25.00000465661298,33.33333333333333,0.0,-25.00000465661298,0.0,0.0,0.0,-49.999999999999986,50.0,0.0,2.0,10.0,-4.1666677014695495
09-13,-66.666672875484,-8.333331781128996,-66.666672875484,33.33333333333333,0.0,-25.00000465661298,0.0,-33.33333333333335,-25.00000465661298,-49.999999999999986,50.0,0.0,2.0,10.0,-15.972223903776912
09-14,-66.666672875484,-8.333331781128996,-66.666672875484,33.33333333333333,0.0,-25.00000465661298,0.0,-33.33333333333335,-25.00000465661298,-49.999999999999986,50.0,0.0,2.0,10.0,-15.972223903776912
09-15,-66.666672875484,0.0,-66.666672875484,33.33333333333333,-14.285711244660995,-25.00000465661298,-49.999999999999986,-33.33333333333335,-25.00000465661298,-49.999999999999986,50.0,0.0,2.0,10.0,-20.634922192404577
09-16,-66.666672875484,0.0,-66.666672875484,33.33333333333333,-14.285711244660995,-25.00000465661298,-49.999999999999986,-33.33333333333335,-25.00000465661298,-49.999999999999986,50.0,0.0,2.0,10.0,-20.634922192404577
09-17,0.0,0.0,-66.666672875484,33.33333333333333,0.0,-25.00000465661298,-49.999999999999986,-33.33333333333335,-25.00000465661298,-49.999999999999986,50.0,0.0,2.0,10.0,-13.888890182392496
09-18,0.0,-16.666669771075306,-66.666672875484,33.33333333333333,0.0,-25.00000465661298,0.0,-33.33333333333335,-25.00000465661298,-49.999999999999986,50.0,0.0,2.0,10.0,-11.111112663315438
09-19,0.0,-16.666669771075306,-66.666672875484,33.33333333333333,0.0,-25.00000465661298,-49.999999999999986,-33.33333333333335,-25.00000465661298,-49.999999999999986,50.0,16.666663562258005,3.0,9.0,-13.888890699793938
09-20,25.00000000000001,-16.666669771075306,-66.666672875484,33.33333333333333,-12.500006984919466,-25.00000465661298,-49.999999999999986,-33.33333333333335,-25.00000465661298,-49.999999999999986,50.0,16.666663562258005,4.0,8.0,-12.847224615203894
09-21,25.00000000000001,-25.000007761021614,-33.33333333333335,33.33333333333333,-12.500006984919466,-66.666672875484,-49.999999999999986,-33.33333333333335,-25.00000465661298,-49.999999999999986,50.0,16.666663562258005,4.0,8.0,-14.236113504092785
09-22,25.00000000000001,-25.000007761021614,-33.33333333333335,33.33333333333333,-12.500006984919466,-66.666672875484,-49.999999999999986,-33.33333333333335,-25.00000465661298,-49.999999999999986,50.0,16.666663562258005,4.0,8.0,-14.236113504092785
09-23,25.00000000000001,-25.000007761021614,-66.666672875484,33.33333333333333,-12.500006984919466,-33.33333333333335,-49.999999999999986,-33.33333333333335,-25.00000465661298,-49.999999999999986,50.0,16.666663562258005,4.0,8.0,-14.236113504092785
09-24,0.0,-25.000007761021614,-66.666672875484,33.33333333333333,-12.500006984919466,-33.33333333333335,-49.999999999999986,-33.33333333333335,-25.00000465661298,-49.999999999999986,50.0,16.666663562258005,3.0,9.0,-16.319446837426117
09-25,0.0,0.0,-66.666672875484,33.33333333333333,-12.500006984919466,-33.33333333333335,-49.999999999999986,-33.33333333333335,-25.00000465661298,-49.999999999999986,66.66666666666666,16.666663562258005,3.0,9.0,-12.847223968452097
09-26,0.0,0.0,-66.666672875484,33.33333333333333,-12.500006984919466,-33.33333333333335,-49.999999999999986,-33.33333333333335,-25.00000465661298,-49.999999999999986,66.66666666666666,16.666663562258005,3.0,9.0,-12.847223968452097
09-27,-33.33333333333335,0.0,-66.666672875484,33.33333333333333,-12.500006984919466,-33.33333333333335,-49.999999999999986,-33.33333333333335,-25.00000465661298,-49.999999999999986,66.66666666666666,16.666663562258005,3.0,9.0,-15.625001746229872
09-28,0.0,7.692306369719361,-66.666672875484,33.33333333333333,-12.500006984919466,-33.33333333333335,-49.999999999999986,0.0,-25.00000465661298,-49.999999999999986,66.66666666666666,16.666663562258005,4.0,8.0,-9.428420659864365
09-29,-150.00000931322595,7.692306369719361,-66.666672875484,33.33333333333333,-12.500006984919466,-33.33333333333335,-49.999999999999986,0.0,-25.00000465661298,-49.999999999999986,66.66666666666666,16.666663562258005,4.0,8.0,-21.928421435966527
09-30,-49.999999999999986,7.692306369719361,-66.666672875484,33.33333333333333,-12.500006984919466,-33.33333333333335,-49.999999999999986,0.0,-25.00000465661298,-49.999999999999986,66.66666666666666,-25.00000465661298,3.0,9.0,-17.067309678103616
10-01,-49.999999999999986,7.692306369719361,-33.33333333333335,0.0,-37.50000232830651,-33.33333333333335,-49.999999999999986,0.0,-25.00000465661298,-49.999999999999986,75.0,-25.00000465661298,2.0,10.0,-18.456197661539985
10-02,-49.999999999999986,7.692306369719361,-33.33333333333335,0.0,-37.50000232830651,-33.33333333333335,-49.999999999999986,0.0,-66.666672875484,-49.999999999999986,75.0,-25.00000465661298,2.0,10.0,-21.928420013112568
10-03,-49.999999999999986,7.692306369719361,-33.33333333333335,-49.999999999999986,-37.50000232830651,-33.33333333333335,-49.999999999999986,0.0,-66.666672875484,-49.999999999999986,75.0,-25.00000465661298,2.0,10.0,-26.095086679779232
10-04,0.0,7.692306369719361,-33.33333333333335,-49.999999999999986,-37.50000232830651,-33.33333333333335,-49.999999999999986,0.0,-66.666672875484,-49.999999999999986,75.0,-25.00000465661298,2.0,10.0,-21.928420013112568
10-05,0.0,7.692306369719361,-33.33333333333335,-49.999999999999986,-37.50000232830651,-33.33333333333335,-49.999999999999986,0.0,-66.666672875484,-49.999999999999986,75.0,-25.00000465661298,2.0,10.0,-21.928420013112568
10-06,-33.33333333333335,14.285716566504245,-33.33333333333335,0.0,-37.50000232830651,-33.33333333333335,-49.999999999999986,0.0,-66.666672875484,-49.999999999999986,75.0,16.666663562258005,3.0,9.0,-16.517857922919024
10-07,-33.33333333333335,14.285716566504245,-33.33333333333335,0.0,-37.50000232830651,0.0,-49.999999999999986,0.0,-66.666672875484,-49.999999999999986,75.0,16.666663562258005,3.0,9.0,-13.740080145141244
10-08,-33.33333333333335,14.285716566504245,-33.33333333333335,0.0,0.0,-33.33333333333335,-49.999999999999986,-199.99999999999994,-66.666672875484,-49.999999999999986,50.0,16.666663562258005,3.0,9.0,-32.14285772889348
10-09,0.0,7.692306369719361,-33.33333333333335,0.0,0.0,-33.33333333333335,-49.999999999999986,-199.99999999999994,-66.666672875484,0.0,50.0,16.666663562258005,3.0,9.0,-25.747864134181103
10-10,0.0,7.692306369719361,-33.33333333333335,0.0,0.0,-33.33333333333335,-49.999999999999986,-199.99999999999994,-66.666672875484,0.0,50.0,16.666663562258005,3.0,9.0,-25.747864134181103
10-11,0.0,14.285716566504245,0.0,0.0,12.49999767169351,-33.33333333333335,-49.999999999999986,-199.99999999999994,0.0,0.0,50.0,16.666663562258005,4.0,8.0,-15.823412961073132
10-12,25.00000000000001,0.0,0.0,0.0,12.49999767169351,-33.33333333333335,-49.999999999999986,-199.99999999999994,0.0,0.0,50.0,0.0,3.0,9.0,-16.319444638469985
10-13,25.00000000000001,0.0,0.0,0.0,12.49999767169351,-33.33333333333335,0.0,-199.99999999999994,0.0,0.0,60.0000014901161,0.0,3.0,9.0,-11.319444514293641
10-14,25.00000000000001,0.0,0.0,0.0,12.49999767169351,-33.33333333333335,0.0,-199.99999999999994,0.0,0.0,50.0,0.0,3.0,9.0,-12.152777971803316
10-15,25.00000000000001,0.0,0.0,0.0,-59.99999403953561,-33.33333333333335,0.0,-199.99999999999994,-33.33333333333335,0.0,50.0,-19.999995529651695,2.0,10.0,-22.638888019654498
10-16,0.0,0.0,0.0,0.0,-59.99999403953561,-33.33333333333335,0.0,-49.999999999999986,-33.33333333333335,0.0,50.0,-19.999995529651695,1.0,11.0,-12.222221352987832
10-17,-100.0,0.0,0.0,0.0,-59.99999403953561,0.0,0.0,-49.999999999999986,-33.33333333333335,0.0,50.0,-19.999995529651695,1.0,11.0,-17.777776908543384
10-18,-100.0,0.0,25.00000000000001,0.0,-59.99999403953561,0.0,0.0,-49.999999999999986,-33.33333333333335,0.0,50.0,-19.999995529651695,2.0,10.0,-15.694443575210052
10-19,-33.33333333333335,0.0,25.00000000000001,0.0,-59.99999403953561,0.0,0.0,-49.999999999999986,-33.33333333333335,0.0,50.0,-19.999995529651695,2.0,10.0,-10.1388880196545
10-20,-33.33333333333335,0.0,25.00000000000001,0.0,-59.99999403953561,0.0,0.0,-49.999999999999986,-33.33333333333335,0.0,50.0,-19.999995529651695,2.0,10.0,-10.1388880196545
10-21,-33.33333333333335,0.0,25.00000000000001,0.0,-59.99999403953561,0.0,0.0,-49.999999999999986,0.0,0.0,50.0,-19.999995529651695,2.0,10.0,-7.36111024187672
10-22,-33.33333333333335,0.0,25.00000000000001,0.0,-59.99999403953561,0.0,0.0,-49.999999999999986,0.0,0.0,50.0,-19.999995529651695,2.0,10.0,-7.36111024187672
10-23,0.0,0.0,25.00000000000001,0.0,-59.99999403953561,0.0,0.0,-49.999999999999986,0.0,0.0,25.00000000000001,-19.999995529651695,2.0,10.0,-6.666665797432272
10-24,-33.33333333333335,0.0,25.00000000000001,0.0,-59.99999403953561,0.0,0.0,-49.999999999999986,0.0,0.0,25.00000000000001,-19.999995529651695,2.0,10.0,-9.444443575210052
10-25,-33.33333333333335,-9.090907243657693,25.00000000000001,33.33333333333333,-59.99999403953561,0.0,0.0,-49.999999999999986,0.0,0.0,25.00000000000001,-19.999995529651695,3.0,9.0,-7.4242414010704145
10-26,-33.33333333333335,-18.18181448731537,25.00000000000001,33.33333333333333,-59.99999403953561,0.0,0.0,-49.999999999999986,0.0,0.0,25.00000000000001,-19.999995529651695,3.0,9.0,-8.181817004708554
10-27,33.33333333333333,-18.18181448731537,25.00000000000001,33.33333333333333,-59.99999403953561,0.0,0.0,-49.999999999999986,0.0,0.0,0.0,-19.999995529651695,3.0,9.0,-4.709594782486334
10-28,33.33333333333333,-18.18181448731537,25.00000000000001,33.33333333333333,-59.99999403953561,0.0,0.0,-49.999999999999986,25.00000000000001,0.0,0.0,20.000002980232196,5.0,7.0,0.7070717600039922
10-29,33.33333333333333,-18.18181448731537,25.00000000000001,33.33333333333333,-59.99999403953561,25.00000000000001,0.0,-49.999999999999986,25.00000000000001,0.0,-33.33333333333335,20.000002980232196,6.0,6.0,0.012627315559547547
10-30,0.0,-18.18181448731537,25.00000000000001,33.33333333333333,-59.99999403953561,25.00000000000001,0.0,-49.999999999999986,25.00000000000001,0.0,-33.33333333333335,20.000002980232196,5.0,7.0,-2.765150462218229
10-31,0.0,-8.333331781128996,25.00000000000001,33.33333333333333,-59.99999403953561,25.00000000000001,0.0,-49.999999999999986,25.00000000000001,0.0,-33.33333333333335,20.000002980232196,5.0,7.0,-1.9444435700360312
11-01,0.0,-8.333331781128996,25.00000000000001,0.0,-59.99999403953561,25.00000000000001,0.0,-49.999999999999986,25.00000000000001,0.0,-33.33333333333335,20.000002980232196,4.0,8.0,-4.722221347813808
11-02,0.0,0.0,25.00000000000001,0.0,-59.99999403953561,25.00000000000001,0.0,-49.999999999999986,25.00000000000001,0.0,-33.33333333333335,20.000002980232196,4.0,8.0,-4.027777032719725
11-03,0.0,0.0,25.00000000000001,0.0,-33.33333333333335,25.00000000000001,0.0,50.0,25.00000000000001,0.0,-33.33333333333335,-19.999995529651695,4.0,8.0,3.1944448169734705
11-04,0.0,7.1428609441737585,25.00000000000001,0.0,-33.33333333333335,-33.33333333333335,0.0,50.0,25.00000000000001,0.0,-33.33333333333335,-19.999995529651695,4.0,8.0,-1.071427882123164
11-05,0.0,7.1428609441737585,25.00000000000001,0.0,-33.33333333333335,0.0,0.0,50.0,25.00000000000001,0.0,-33.33333333333335,-19.999995529651695,4.0,8.0,1.7063498956546157
11-06,0.0,0.0,0.0,0.0,-33.33333333333335,0.0,0.0,50.0,25.00000000000001,0.0,-33.33333333333335,-19.999995529651695,2.0,10.0,-0.972221849693199
11-07,-33.33333333333335,0.0,0.0,0.0,-33.33333333333335,0.0,0.0,50.0,40.00000223517415,0.0,-33.33333333333335,0.0,2.0,10.0,-0.8333331470688249
11-08,-33.33333333333335,0.0,25.00000000000001,0.0,-33.33333333333335,0.0,0.0,50.0,20.000002980232196,0.0,-66.666672875484,0.0,3.0,9.0,-3.194444713493207
11-09,-33.33333333333335,0.0,25.00000000000001,0.0,0.0,0.0,0.0,50.0,20.000002980232196,0.0,-33.33333333333335,0.0,3.0,9.0,2.361111359463792
11-10,-100.0,0.0,25.00000000000001,0.0,0.0,0.0,0.0,50.0,40.00000223517415,0.0,-33.33333333333335,0.0,3.0,9.0,-1.5277775915132654
11-11,-100.0,0.0,25.00000000000001,0.0,0.0,-49.999999999999986,0.0,0.0,40.00000223517415,0.0,-33.33333333333335,0.0,2.0,10.0,-9.861110924846598
11-12,0.0,0.0,25.00000000000001,25.00000000000001,54.545453621828855,-49.999999999999986,0.0,0.0,40.00000223517415,0.0,-33.33333333333335,0.0,4.0,8.0,5.101010210305808
11-13,0.0,0.0,25.00000000000001,25.00000000000001,44.444445824181535,-49.999999999999986,0.0,0.0,40.00000223517415,0.0,-33.33333333333335,0.0,4.0,8.0,4.259259560501865
11-14,-49.999999999999986,0.0,25.00000000000001,25.00000000000001,44.444445824181535,-49.999999999999986,0.0,-100.0,40.00000223517415,0.0,-33.33333333333335,0.0,4.0,8.0,-8.240740439498135
11-15,0.0,0.0,0.0,25.00000000000001,44.444445824181535,-49.999999999999986,0.0,0.0,0.0,0.0,-33.33333333333335,0.0,2.0,10.0,-1.1574072924293157
11-16,-49.999999999999986,0.0,0.0,25.00000000000001,44.444445824181535,-49.999999999999986,0.0,0.0,-33.33333333333335,0.0,-33.33333333333335,0.0,2.0,10.0,-8.10185173687376
11-17,0.0,0.0,0.0,25.00000000000001,44.444445824181535,-49.999999999999986,0.0,0.0,-33.33333333333335,0.0,-33.33333333333335,0.0,2.0,10.0,-3.9351850702070954
11-18,-49.999999999999986,0.0,0.0,-49.999999999999986,44.444445824181535,-49.999999999999986,0.0,0.0,-33.33333333333335,-100.0,-33.33333333333335,0.0,1.0,10.0,-22.685185070207094
11-19,-49.999999999999986,0.0,0.0,0.0,37.499997671693514,-49.999999999999986,0.0,0.0,-33.33333333333335,-100.0,0.0,0.0,1.0,10.0,-16.319444638469985
11-20,-49.999999999999986,0.0,0.0,0.0,37.499997671693514,-49.999999999999986,0.0,0.0,-33.33333333333335,-100.0,0.0,0.0,1.0,10.0,-16.319444638469985
11-21,-49.999999999999986,0.0,0.0,0.0,37.499997671693514,-49.999999999999986,0.0,0.0,-33.33333333333335,-100.0,0.0,0.0,1.0,10.0,-16.319444638469985
11-22,25.00000000000001,0.0,0.0,0.0,37.499997671693514,-49.999999999999986,0.0,0.0,-33.33333333333335,-100.0,25.00000000000001,0.0,3.0,8.0,-7.9861113051366495
11-23,-49.999999999999986,8.333331781129006,0.0,0.0,37.499997671693514,-49.999999999999986,0.0,0.0,-33.33333333333335,-100.0,25.00000000000001,0.0,3.0,8.0,-13.541666990042566
11-24,-49.999999999999986,8.333331781129006,0.0,0.0,37.499997671693514,-49.999999999999986,0.0,0.0,-33.33333333333335,0.0,25.00000000000001,0.0,3.0,8.0,-5.208333656709232
11-25,-49.999999999999986,0.0,0.0,0.0,37.499997671693514,-100.0,0.0,0.0,-33.33333333333335,0.0,25.00000000000001,0.0,2.0,9.0,-10.069444638469983
11-26,-49.999999999999986,0.0,0.0,0.0,37.499997671693514,-100.0,0.0,0.0,-33.33333333333335,0.0,25.00000000000001,0.0,2.0,9.0,-10.069444638469983
11-27,-49.999999999999986,0.0,-100.0,0.0,28.57142781116525,-100.0,0.0,0.0,-33.33333333333335,0.0,25.00000000000001,0.0,2.0,9.0,-19.146825460180676
11-28,-49.999999999999986,-9.090907243657693,-33.33333333333335,0.0,14.285716566504265,-100.0,0.0,0.0,-33.33333333333335,0.0,25.00000000000001,0.0,2.0,9.0,-15.539321445318343
11-29,-49.999999999999986,-9.090907243657693,-33.33333333333335,0.0,14.285716566504265,-100.0,0.0,0.0,0.0,0.0,25.00000000000001,0.0,2.0,9.0,-12.761543667540565
11-30,-49.999999999999986,-18.18181448731537,-33.33333333333335,0.0,14.285716566504265,-100.0,0.0,0.0,0.0,0.0,25.00000000000001,0.0,2.0,9.0,-13.519119271178704
12-01,0.0,-16.666669771075306,-33.33333333333335,0.0,0.0,-33.33333333333335,0.0,0.0,0.0,-100.0,25.00000000000001,0.0,1.0,10.0,-13.194444703145166
12-02,0.0,-16.666669771075306,0.0,0.0,0.0,0.0,0.0,0.0,0.0,-100.0,25.00000000000001,0.0,1.0,10.0,-7.638889147589608
12-03,0.0,-16.666669771075306,0.0,0.0,0.0,0.0,0.0,0.0,0.0,-100.0,40.00000223517415,0.0,1.0,10.0,-6.3888889613250965
12-04,0.0,-27.272728504228187,-49.999999999999986,0.0,14.285716566504265,0.0,0.0,0.0,0.0,-100.0,40.00000223517415,0.0,2.0,9.0,-10.24891747521248
12-05,-49.999999999999986,-27.272728504228187,-49.999999999999986,0.0,-14.285711244660995,0.0,0.0,0.0,-25.00000465661298,-100.0,40.00000223517415,0.0,1.0,10.0,-18.879870180860667
12-06,-49.999999999999986,-27.272728504228187,-100.0,0.0,-14.285711244660995,25.00000000000001,0.0,0.0,-25.00000465661298,-100.0,40.00000223517415,0.0,2.0,9.0,-20.963203514193996
12-07,-49.999999999999986,0.0,-100.0,0.0,0.0,25.00000000000001,0.0,0.0,-25.00000465661298,-100.0,40.00000223517415,0.0,2.0,9.0,-17.500000201786566
12-08,50.0,0.0,-100.0,-33.33333333333335,0.0,25.00000000000001,0.0,0.0,-25.00000465661298,-100.0,40.00000223517415,0.0,3.0,8.0,-11.944444646231013
12-09,0.0,0.0,-100.0,-33.33333333333335,0.0,50.0,0.0,0.0,-25.00000465661298,-100.0,40.00000223517415,0.0,2.0,9.0,-14.027777979564348
12-10,0.0,0.0,-100.0,-33.33333333333335,-37.50000232830651,50.0,0.0,50.0,-25.00000465661298,-100.0,40.00000223517415,0.0,3.0,8.0,-12.986111506923223
12-11,-49.999999999999986,0.0,-100.0,-33.33333333333335,-12.500006984919466,50.0,0.0,50.0,0.0,-100.0,40.00000223517415,0.0,3.0,8.0,-12.986111506923221
12-12,0.0,0.0,-100.0,-33.33333333333335,-12.500006984919466,50.0,0.0,50.0,0.0,-100.0,40.00000223517415,0.0,3.0,8.0,-8.819444840256553
12-13,0.0,-9.090907243657693,-100.0,-33.33333333333335,-12.500006984919466,50.0,0.0,0.0,40.00000223517415,-100.0,40.00000223517415,0.0,3.0,8.0,-10.410353590963517
12-14,33.33333333333333,7.692306369719361,-100.0,33.33333333333333,-12.500006984919466,50.0,0.0,0.0,40.00000223517415,0.0,40.00000223517415,0.0,6.0,5.0,7.6549142101512375
12-15,0.0,0.0,-100.0,0.0,-12.500006984919466,60.0000014901161,0.0,0.0,40.00000223517415,0.0,40.00000223517415,0.0,3.0,8.0,2.291666581295411
12-16,33.33333333333333,8.333331781129006,-100.0,0.0,-12.500006984919466,60.0000014901161,0.0,0.0,40.00000223517415,0.0,40.00000223517415,0.0,5.0,6.0,5.763888674167272
12-17,33.33333333333333,8.333331781129006,-100.0,40.00000223517415,11.111116630059483,60.0000014901161,0.0,0.0,40.00000223517415,0.0,20.000002980232196,0.0,7.0,4.0,9.3981492237682
12-18,-33.33333333333335,8.333331781129006,-100.0,62.5,11.111116630059483,60.0000014901161,0.0,0.0,40.00000223517415,0.0,20.000002980232196,0.0,6.0,5.0,5.717593481948131
12-19,33.33333333333333,21.428572188834742,-100.0,70.00000111758708,11.111116630059483,60.0000014901161,0.0,0.0,40.00000223517415,0.0,20.000002980232196,0.0,7.0,4.0,12.989419164611425
12-20,50.0,8.333331781129006,-100.0,70.00000111758708,11.111116630059483,60.0000014901161,33.33333333333333,0.0,40.00000223517415,-100.0,20.000002980232196,0.0,8.0,3.0,7.731482463969278
12-21,50.0,0.0,-100.0,70.00000111758708,11.111116630059483,60.0000014901161,33.33333333333333,-100.0,40.00000223517415,-100.0,20.000002980232196,0.0,7.0,4.0,-1.2962951844581394
12-22,50.0,0.0,0.0,70.00000111758708,11.111116630059483,60.0000014901161,33.33333333333333,-100.0,40.00000223517415,-100.0,0.0,0.0,6.0,5.0,5.3703712338558445
12-23,33.33333333333333,8.333331781129006,-49.999999999999986,70.00000111758708,11.111116630059483,60.0000014901161,50.0,-100.0,40.00000223517415,-100.0,0.0,0.0,7.0,4.0,1.8981488822832624
12-24,33.33333333333333,8.333331781129006,-49.999999999999986,70.00000111758708,12.49999767169351,60.0000014901161,50.0,50.0,40.00000223517415,0.0,0.0,0.0,8.0,3.0,22.847222302419436
12-26,50.0,15.384612739438733,-49.999999999999986,70.00000111758708,12.49999767169351,60.0000014901161,50.0,33.33333333333333,40.00000223517415,0.0,0.0,0.0,8.0,3.0,23.434829048945243
12-27,33.33333333333333,15.384612739438733,-49.999999999999986,70.00000111758708,25.00000000000001,40.00000223517415,33.33333333333333,33.33333333333333,20.000002980232196,50.0,0.0,0.0,9.0,2.0,22.532051589369345
12-28,33.33333333333333,15.384612739438733,-49.999999999999986,70.00000111758708,25.00000000000001,40.00000223517415,33.33333333333333,33.33333333333333,20.000002980232196,50.0,-25.00000465661298,0.0,9.0,2.0,20.44871786798493
12-29,25.00000000000001,7.692306369719361,0.0,57.14285828325213,25.00000000000001,40.00000223517415,0.0,33.33333333333333,20.000002980232196,50.0,-25.00000465661298,0.0,8.0,3.0,19.430708212091517
12-30,50.0,15.384612739438733,0.0,57.14285828325213,25.00000000000001,40.00000223517415,0.0,33.33333333333333,20.000002980232196,50.0,-25.00000465661298,0.0,8.0,3.0,22.155067076234797
12-31,50.0,15.384612739438733,0.0,57.14285828325213,12.49999767169351,-33.33333333333335,0.0,33.33333333333333,20.000002980232196,50.0,-25.00000465661298,0.0,7.0,4.0,15.002288918166963
