,2009,2010,2011,2012,2013,2014,2015,2016,2017,2018,2019,2020,ups,downs,end_day_sum,avg
01-02,-2.0900001525878764,-0.8800010681152344,-2.8100013732910156,-0.1699981689453125,3.25,-2.1299972534179688,-3.0399932861328125,1.7899932861328125,-2.7099990844726705,3.1999969482421875,3.8899993896484375,4.5699920654296875,5.0,7.0,02-01,0.2391659418741862
01-03,-1.7700004577636648,-1.8199996948242188,-3.049999237060547,0.03000640869142046,3.3499984741210938,-2.9499969482421875,-1.4100036621093892,3.959999084472642,-2.589996337890625,-2.369995117187557,5.9199981689453125,6.2599945068359375,5.0,7.0,02-02,0.2966670989990181
01-04,-2.3600006103515696,-1.5900001525878906,-2.7199974060058665,0.20999908447264204,2.5399932861328125,-2.8300018310546875,-3.6500015258789062,3.8899993896484517,-2.4199981689453125,-2.3600006103515625,3.80999755859375,6.2599945068359375,5.0,7.0,02-03,-0.10166803995768348
01-05,-2.3600006103515696,0.060001373291015625,-2.69000244140625,0.29000091552735796,2.5199966430664062,-3.8600006103515625,-2.9599990844726562,2.5100021362304688,-3.6299972534179688,-3.520004272460966,6.069999694824233,4.769989013671875,6.0,6.0,02-04,-0.23333454132080136
01-06,-1.1099967956542898,-0.8199958801269602,-2.5900001525878835,0.8600006103515625,2.779998779296875,-5.5500030517578125,-0.8199996948242188,3.75,-3.0699996948242045,-1.8699951171875,7.189994812011733,6.0699920654296875,5.0,7.0,02-05,0.4016663233439157
01-07,-1.170001983642571,-0.3600006103515696,-1.979999542236321,0.6599960327148295,2.7099990844726562,-7.6699981689453125,-4.199996948242202,4.9199981689453125,-2.7099990844726562,-4.210006713867216,5.870002746582017,6.6200103759765625,5.0,7.0,02-06,-0.12666638692220586
01-08,-1.0600013732910156,-0.579998016357429,-1.3600006103515625,0.7099990844726562,3.25,-6.8800048828125,-5.029998779296875,5.9799957275390625,-2.6399993896484375,-11.5,2.919998168945284,9.029998779296875,5.0,7.0,02-07,-0.5966676076253284
01-09,-1.0900001525878906,-1.5800018310546733,-1.3199996948242188,0.26000213623046875,3.6599960327148438,-7.450004577636719,-3.5800018310546733,6.3300018310546875,-2.8799972534179688,-12.309997558593722,4.070007324218778,8.600006103515625,5.0,7.0,02-08,-0.6074991226196218
01-10,-0.22999954223632812,-1.5800018310546733,-1.2900009155273366,0.06000518798828125,3.1999969482421875,-7.459999084472642,-2.1200027465820312,2.970001220703125,-2.6800003051757812,-12.550003051757841,3.289993286132784,8.930007934570312,5.0,7.0,02-09,-0.7883335749308286
01-11,0.1699981689453125,-1.850002288818338,-1.3300018310546946,0.1100006103515625,3.0400009155273438,-5.75,-3.4800033569335938,4.430000305175781,-1.3300018310546875,-13.369995117187528,3.25,7.8300018310546875,6.0,6.0,02-10,-0.6900002161661796
01-12,0.15999984741210938,-1.7999992370605469,-1.6199989318847727,0.00999450683592329,2.5,-4.459999084472656,-4.8000030517578125,3.730003356933608,-1.2200012207031392,-14.339996337890653,3.770004272460909,6.19000244140625,6.0,6.0,02-11,-0.9899994532267318
01-13,-2.1100006103515625,-2.2400016784667827,-2.029998779296882,-0.0200042724609375,2.9200057983398438,-3.4300003051757812,-4.410003662109389,4.7100067138671875,-1.1999969482421875,-20.5,4.1199951171875,6.160003662109375,4.0,8.0,02-12,-1.5024995803833014
01-14,-0.6199989318847656,-2.36999893188478,-1.6699981689453196,-0.23000335693359375,2.850006103515625,-1.75,-3.6200027465820455,2.8400039672851562,-0.790000915527358,-17.330001831054688,3.720001220703125,5.470001220703125,4.0,8.0,02-13,-1.1249993642171265
01-15,-0.28999710083008523,-1.8299980163574219,-1.1699981689453125,-0.5200042724609233,3.4300003051757812,-2.380004882812486,-2.1100006103515625,4.730003356933594,0.3699951171874716,-16.589996337890625,4.8000030517578125,4.0800018310546875,5.0,7.0,02-14,-0.6233329772949224
01-16,-0.10999679565428977,-2.61999893188478,-1.3999977111816406,-0.44000244140625,3.0800018310546875,-2.220001220703125,-3.660003662109389,4.230003356933594,1.009994506835909,-16.899993896484347,6.410003662109432,2.8899993896484375,5.0,7.0,02-15,-0.8108326594034801
01-17,0.5800018310546875,-2.4399986267089986,-1.3999977111816406,-0.5100021362304688,2.7600021362304688,-2.6399993896484517,-0.9100036621093892,4.199996948242202,1.489997863769517,-17.30999755859378,5.360000610351591,1.9199981689453125,6.0,6.0,02-16,-0.7416667938232457
01-18,1.029998779296882,-2.629997253417976,-1.479999542236321,-0.6299972534179972,2.4300003051757812,-1.6100006103515625,-2.849998474121108,4.319999694824219,2.5,-17.25000000000003,3.7599945068359943,1.8199920654296875,6.0,6.0,02-17,-0.8825006484985357
01-19,0.34999847412109375,-1.7399978637695455,-2.040000915527351,-0.540000915527358,2.970001220703125,-1.4700012207031108,-1.6699981689452983,4.819999694824219,3.0,-17.69000244140628,5.649993896484432,0.8199920654296875,6.0,6.0,02-18,-0.628334681193032
01-20,-0.7700004577636719,-1.170001983642564,-2.3400001525878906,-0.6199951171875,3.1199951171875,-1.269996643066392,-0.849998474121108,6.75,3.0499954223632955,-18.470001220703153,5.509994506835994,0.8600006103515625,5.0,7.0,02-19,-0.5166673660278273
01-21,-0.529998779296875,0.00999832153319602,-2.1399993896484375,-0.34999847412110796,3.470001220703125,-1.8600006103515625,-1.94000244140625,6.559997558593764,3.2899932861328267,-16.910003662109375,7.580001831054716,-0.1300048828125,5.0,7.0,02-20,-0.24583466847737334
01-22,-1.0399971008300852,0.779998779296875,-1.7000007629394602,-0.0800018310546875,4.269996643066406,-2.6800003051757812,-3.8000030517578267,5.75,4.1699981689453125,-14.990005493164062,6.8899993896484375,0.69000244140625,6.0,6.0,02-21,-0.14500109354655186
01-23,-0.1399993896484446,1.309997558593757,-1.4300003051757884,-0.01000213623046875,3.8000030517578125,-1.0999984741210795,-2.2399978637695455,7.839996337890611,4.9499969482421875,-10.960006713867188,7.550003051757841,0.410003662109375,6.0,6.0,02-22,0.8316663106282558
01-24,-0.6199989318847656,0.5900001525878906,-1.1100006103515696,0.04000091552734375,3.5500030517578125,1.029998779296875,-1.5600051879882812,7.760002136230469,7.900001525878892,-12.160003662109375,9.32000732421875,0.6199951171875,8.0,4.0,02-23,1.2800000508626284
01-25,-1.8999977111816477,0.27000045776366477,-0.43000030517578836,-0.2200012207031108,2.7300033569335938,2.4399948120117045,-2.0,8.349998474121094,6.719993591308608,-14.489990234375,8.120010375976562,-0.3800048828125,6.0,6.0,02-24,0.7675005594889317
01-26,-2.8999977111816477,0.520000457763679,-0.20999908447265625,-0.6999969482421875,3.25,1.5799942016601562,-2.0800018310547017,2.9000015258789062,7.680000305175781,-15.419998168945312,6.429992675781222,1.17999267578125,7.0,5.0,02-25,0.18583234151204073
01-27,-3.0,0.010002136230475855,-0.29000091552734375,-0.55999755859375,2.6299972534179688,1.1699981689453125,-1.3899993896484233,2.7999954223632812,6.139999389648452,-13.769989013671875,7.6100006103515625,-2.839996337890625,6.0,6.0,02-26,-0.12416585286458037
01-28,-4.6000022888183665,-0.34999847412109375,0.3800010681152344,-0.6100006103515483,1.9499969482421875,1.0100021362304688,-0.2700042724609375,2.69000244140625,8.569999694824247,-11.659988403320312,7.209991455078153,-4.850006103515625,6.0,6.0,02-27,-0.04416720072427852
01-29,-4.319999694824226,0.5900001525878906,0.4799995422363281,-1.25,1.339996337890625,2.2099990844726562,-1.1699981689452983,0.5199966430664205,9.60000610351564,-11.609985351562472,5.779998779296847,-6.8600006103515625,7.0,5.0,02-28,-0.390832265218096
01-30,-3.729999542236321,0.18999862670899148,-0.13000106811523438,-1.2600021362304688,2.2300033569335938,1.6100006103515625,1.0699996948242188,2.009994506835909,9.270004272460952,-10.759994506835966,4.2299957275390625,-6.6800079345703125,7.0,5.0,02-29,-0.16250069936116773
01-31,-5.25,-0.09000015258789062,1.6699981689453054,-0.730003356933608,2.4000015258789062,2.6399993896484375,1.9700012207031108,1.4099960327148295,8.959999084472656,-8.309997558593722,2.789993286132784,-5.19000244140625,7.0,5.0,03-01,0.18916543324787996
02-01,-7.689998626708977,0.2999992370605469,0.06999969482422586,-0.6100006103515625,2.1399993896484375,4.5800018310546875,1.6800003051757955,0.8399963378906108,10.629997253417969,-10.139999389648438,1.669998168945284,-11.050003051757812,8.0,4.0,03-02,-0.631667455037436
02-02,-9.770000457763665,-0.5500030517578196,0.19000244140625,-0.5099945068359233,2.0,5.3400039672851705,2.3899993896484375,3.80999755859375,10.290000915527344,-7.799987792968722,3.7599945068359375,-15.69000244140625,7.0,5.0,03-03,-0.5449991226196241
02-03,-10.94000244140625,-0.22999954223632812,0.010002136230475855,-0.55999755859375,2.589996337890625,4.779998779296889,-0.12000274658203125,2.9000015258789062,10.220001220703125,-3.1100006103515625,5.470001220703125,-10.149993896484375,6.0,6.0,03-04,0.07166703542073745
02-04,-8.860000610351562,0.7600021362304616,-0.029998779296867895,-0.3600006103515625,3.089996337890625,6.719993591308594,0.29000091552734375,3.1399993896484375,10.229995727539048,-1.569992065429659,5.5999908447265625,-16.010009765625,7.0,5.0,03-05,0.24999809265136838
02-05,-9.010002136230469,0.7600021362304616,0.18000030517577414,-0.42000579833985796,3.0,5.30999755859375,-0.80999755859375,6.5,10.389999389648438,-0.6000061035156534,5.8899993896484375,-10.510009765625,7.0,5.0,03-06,0.8899981180826776
02-06,-9.40999984741211,1.200000762939446,0.19000244140625,-0.2799987792968608,2.0,3.839996337890625,0.5500030517578125,4.650001525878906,10.30999755859375,-3.610000610351591,6.089996337890625,-10.050003051757812,8.0,4.0,03-07,0.4566663106282534
02-07,-10.830001831054688,1.670001983642571,-0.4699974060058736,-0.9100036621093608,2.3300018310546875,2.5499954223632812,2.7399978637695312,4.5,10.349998474121094,-2.3800048828125,7.039993286132841,-8.410003662109375,7.0,5.0,03-08,0.6816647847493508
02-08,-10.529998779296868,1.8299980163574148,-0.22999954223632102,-0.9399948120117188,1.9099960327148438,1.8199996948242188,0.3300018310546875,4.739997863769517,10.699996948242188,2.6799926757812216,6.69000244140625,-9.850006103515625,8.0,4.0,03-09,0.7624988555908173
02-09,-11.900001525878906,1.509998321533189,-0.4799995422363281,-0.589996337890625,2.339996337890625,2.25,0.8800048828125,4.25,10.019996643066406,-0.4900054931640909,6.2400054931640625,-9.830001831054688,7.0,5.0,03-10,0.3499997456868454
02-10,-8.950000762939446,1.5600013732910156,-0.5299987792968821,-0.29999542236329546,2.779998779296875,2.379997253417983,-0.8199996948242188,5.109992980957031,8.860000610351577,1.789993286132841,6.059997558593778,-15.419998168945341,7.0,5.0,03-11,0.2099990844726598
02-11,-9.430000305175788,1.3800010681152344,-0.299999237060554,0.1699981689453267,3.029998779296875,0.519996643066392,-2.059997558593736,5.139999389648423,10.069999694824247,3.5299987792968466,6.559997558593778,-10.350006103515625,8.0,4.0,03-12,0.688332239786785
02-12,-9.879997253417983,1.5699996948242116,-1.0900001525878906,0.05999755859375,2.7599945068359375,1.1800003051757812,-0.12000274658201704,5.019996643066406,10.330001831054702,2.3600006103515625,5.019989013671847,-19.28999328613284,8.0,4.0,03-13,-0.1733344395955445
02-13,-9.199996948242195,0.6100006103515483,-1.0100021362304759,0.4199981689453267,2.8899993896484375,1.0400009155273295,-1.3000030517578267,4.819999694824219,10.800003051757827,4.389999389648409,4.960006713867159,-18.28999328613284,8.0,4.0,03-14,0.01083437601724313
02-14,-6.979999542236328,0.5699996948242188,-1.5699996948242259,0.720001220703125,2.7400054931640625,0.8399963378906108,-0.6100006103515483,5.3899993896484375,10.690002441406236,2.6500091552734943,5.100006103515597,-18.330001831054716,8.0,4.0,03-15,0.10083484649658025
02-15,-5.340000152587891,0.9599990844726562,-2.1399993896484446,0.43000030517579546,2.3899993896484375,0.8300018310546875,-1.2300033569335795,5.340003967285156,11.760009765625014,1.090011596679716,3.029998779296875,-23.729995727539062,8.0,4.0,03-16,-0.5508311589558866
02-16,-5.25,0.9199981689453267,-2.8600006103515625,0.160003662109375,2.1399993896484375,0.6399993896484517,0.6199951171875284,5.440002441406264,10.880004882812528,-0.8299865722655966,2.330001831054716,-14.850006103515653,8.0,4.0,03-17,-0.05499903361001538
02-17,-5.259998321533196,0.6700019836425639,-3.1300010681152344,0.09000396728515625,2.2300033569335938,1.7600021362304688,-0.5500030517577983,4.910003662109375,10.100006103515653,2.1900024414062784,1.9100036621094034,-22.010002136230483,8.0,4.0,03-18,-0.5908314387003516
02-18,-5.170001983642578,0.12000274658200283,-3.450000762939453,0.029998779296875,1.8499984741210938,1.7700042724609233,1.5,3.170005798339858,8.800003051757841,2.8099975585937216,1.4799957275390625,-12.550003051757812,9.0,3.0,03-19,0.03000005086262784
02-19,-5.270000457763672,0.8400001525878693,-2.520000457763672,0.0800018310546875,1.9000015258789062,1.9499969482421875,0.7600021362304545,3.25,8.399993896484403,-0.6299896240234375,2.75,-13.979995727539034,8.0,4.0,03-20,-0.20583248138427557
02-20,-3.9900016784667898,1.5699958801269531,-2.0800018310546804,0.1699981689453125,2.7999954223632812,1.2099990844726705,1.1999969482421733,1.989997863769517,8.410003662109403,0.3400115966797159,0.9399871826171591,-13.409988403320284,9.0,3.0,03-21,-0.07083384195963068
02-21,-3.5900001525878764,1.6199989318847656,-1.8199996948242116,-0.0800018310546875,2.5799942016601562,2.0699996948242188,1.5100021362304545,2.75,7.589996337890625,1.2799987792968466,1.8699951171875,-14.969985961914034,8.0,4.0,03-22,0.06749979654947975
02-22,-1.9800033569335866,1.609996795654311,-1.8600006103515554,-0.23999786376953125,3.1999969482421875,3.010002136230483,2.220001220703125,2.529998779296875,6.740005493164077,1.2799987792968466,0.6899871826171591,-18.860000610351577,8.0,4.0,03-23,-0.13833459218343216
02-23,-0.420001983642571,2.0499992370605398,-1.6699981689453054,-0.3399963378906392,3.44000244140625,4.819999694824219,2.8000030517578125,3.299995422363267,4.560005187988281,-0.8300018310547159,1.900009155273409,-26.020004272460938,7.0,5.0,03-24,-0.5341657002766992
02-24,-1.8400001525878906,1.2999992370605469,-1.529998779296868,0.3000030517578125,4.1699981689453125,4.089996337890639,1.2600021362304545,2.4199981689452983,3.529998779296889,-4.690010070800824,0.7100067138671591,-34.77000427246094,8.0,4.0,03-25,-2.087500890096034
02-25,-1.0999984741210938,1.470001220703118,-0.9199981689453054,0.01000213623046875,4.1100006103515625,6.269996643066392,-0.8700027465820312,1.0,3.5,-6.970008850097685,0.4100036621093466,-25.469993591308594,7.0,5.0,03-26,-1.5466664632161518
02-26,0.42000198364258523,1.75,-2.409999847412095,0.100006103515625,5.099998474121094,5.940002441406236,-2.4600067138671733,1.5999984741210795,3.0800018310546875,-4.680007934570341,2.460006713867216,-24.279991149902344,8.0,4.0,03-27,-1.114999135335286
02-27,2.8600006103515625,1.1800003051757812,-2.459999084472649,0.720001220703125,4.529998779296875,5.690002441406236,-2.170005798339858,3.2900009155273438,3.400001525878892,-4.459999084472628,2.830001831054716,-19.719993591308594,8.0,4.0,03-28,-0.35916582743326647
02-28,4.980003356933587,0.9899978637695312,-2.1999969482421804,0.2200012207031108,4.739997863769531,4.930000305175753,-3.0800018310546875,3.099998474121108,3.4500045776367188,-2.6700057983398438,2.0599975585937784,-15.079994201660156,8.0,4.0,03-29,0.12000020345052083
02-29,0.0,0.0,0.0,0.5400009155273438,0.0,0.0,0.0,3.0200042724609375,0.0,0.0,0.0,-13.450004577636719,2.0,1.0,03-30,-0.8241666158040365
03-01,4.910003662109375,1.4300003051757812,-1.479999542236321,0.7900009155273438,4.150001525878906,5.720001220703111,-2.8800048828125,1.9199981689453125,1.05999755859375,-0.06999969482421875,0.3499908447265909,-16.860000610351562,8.0,4.0,03-31,-0.08000087738036932
03-02,5.090000152587891,1.4600028991699148,-1.4300003051757955,0.8500061035156392,4.069999694824219,5.880004882812472,-1.6699981689453267,1.94000244140625,1.290000915527358,-1.6100082397461222,0.4000091552734375,-7.010009765625,8.0,4.0,04-01,0.7716674804687447
03-03,4.959999084472656,1.499999999999993,-1.6699981689453196,0.6299972534179545,4.3300018310546875,6.6700057983398295,-1.7399978637695312,2.3300018310546875,1.1299972534179688,-2.3399963378905824,1.3099975585937216,-4.459991455078125,8.0,4.0,04-02,1.054168065388995
03-04,3.94000244140625,1.3300018310546733,-1.6800003051757955,1.049995422363267,4.730003356933594,4.600006103515611,-1.0500030517578125,2.4800033569335938,0.9500045776367188,-1.639999389648409,0.5,-14.669998168945284,8.0,4.0,04-03,0.04500134785970052
03-05,5.370002746582031,0.8600006103515483,-1.1500015258788991,1.299995422363267,5.029998779296875,5.640007019042969,-1.9199981689453125,1.4599990844726847,0.840003967285142,-5.22999572753902,-1.0599975585937216,-13.199996948242159,7.0,5.0,04-04,-0.17166519165038294
03-06,5.069999694824212,1.0,-0.9099998474121023,1.5299987792968608,4.680000305175781,5.340003967285156,0.48999786376953125,2.4500045776367188,0.9800033569335795,0.1300048828125,-1.919998168945341,-13.220001220703097,9.0,3.0,04-05,0.4683345158894833
03-07,6.370002746582038,1.5699996948242045,-0.25,1.5799942016601562,4.319999694824219,4.910003662109375,-1.5100021362304688,1.849998474121108,0.8499984741210938,1.370010375976591,-1.0700073242187784,-3.2900085449218466,8.0,4.0,04-06,1.391665776570641
03-08,5.550003051757805,1.2000045776367045,-0.9099998474121094,1.0299987792968608,3.8799972534179688,4.810005187988281,-1.0200042724609375,2.7299957275390767,0.7000045776367045,-1.6499938964844034,-0.8899993896484943,-2.2700042724609375,7.0,5.0,04-07,1.0966672897338767
03-09,5.600002288818359,1.040000915527358,-0.7400016784667898,1.1399993896484375,3.970001220703125,4.970001220703111,-1.5,2.5800018310546875,-1.1499938964844034,-3.389999389648409,-2.989990234375,3.319992065429716,7.0,5.0,04-08,1.070834477742516
03-10,3.5800018310546804,0.930000305175767,0.049999237060546875,0.29000091552732954,3.5999984741210938,4.440002441406236,0.5699996948242188,2.279998779296875,-1.409996032714858,-1.919998168945284,-2.380004882812557,-4.160003662109375,8.0,4.0,04-09,0.4891665776570561
03-11,3.4599990844726634,1.0,-0.029998779296867895,0.23999786376950283,2.6699981689453125,4.569999694824247,1.8400039672851562,1.7099990844726562,-1.629997253417983,-4.529998779296875,-2.419998168945341,5.679992675781278,8.0,4.0,04-10,1.0466664632161458
03-12,2.3600006103515625,1.0400009155273295,0.34999847412110086,-0.18000030517579546,2.9599990844726562,5.349998474121108,0.3300018310546875,1.6099929809570312,-1.7600021362304688,-3.1500091552734375,-3.609985351562443,12.069992065429688,8.0,4.0,04-11,1.4474989573160848
03-13,0.720001220703125,0.3600006103515625,0.329998016357429,-1.1300048828125,3.4699935913085938,5.949996948242202,0.9500045776367188,1.4399948120117188,-2.3400039672851562,-4.100006103515625,-3.830001831054659,3.1900024414062784,8.0,4.0,04-12,0.41749795277914065
03-14,0.720001220703125,0.5699996948242188,0.7299995422363352,-0.9500045776367188,2.9199981689453125,6.1399993896484375,0.2700042724609233,1.30999755859375,-2.8300018310546733,-2.6900024414062784,-2.4400024414062216,16.129997253417983,8.0,4.0,04-13,1.6566654841105162
03-15,0.6800003051757812,0.5400009155273438,1.4599990844726491,-0.94000244140625,2.8299942016601562,2.6100006103515625,1.0,1.8399963378906108,-4.740005493164091,-3.4299926757812784,-2.020004272460909,14.099998474121108,8.0,4.0,04-14,1.1608320871988902
03-16,0.420001983642571,1.150001525878892,1.9399986267089844,-0.9900054931640625,3.5100021362304688,2.940002441406264,-0.5099945068359659,2.4599990844726705,-4.240005493164091,-4.049987792968722,-1.9599914550780682,12.640007019042983,7.0,5.0,04-15,1.1091690063476605
03-17,0.6499977111816406,0.8399963378906392,1.4699974060058665,-1.0599975585937642,3.9300003051757812,3.2099990844726562,0.6299972534179688,3.1300048828125284,-3.8399963378906534,0.18998718261715908,-1.1900024414062216,9.44000244140625,9.0,3.0,04-16,1.449998855590821
03-18,1.1100006103515625,0.43000030517578125,1.029998779296875,-1.6699981689453125,2.9000015258789062,5.259994506835966,-0.8600006103515625,2.3700027465820455,-2.670005798339872,0.3799896240234375,-0.6499938964843466,12.699996948242159,8.0,4.0,04-17,1.6941655476888033
03-19,1.7099990844726491,0.37999725341796875,1.1899986267089844,-1.2299995422363281,4.5800018310546875,5.610000610351577,-1.090003967285142,2.55999755859375,-3.0800094604492614,1.519989013671875,-0.4199981689452841,20.610000610351577,8.0,4.0,04-18,2.6949977874755877
03-20,0.10000228881835938,0.4100036621093608,1.7299995422363352,-0.7399978637695455,4.450004577636719,5.079994201660156,-1.8000030517578125,2.9000015258789062,-2.3500061035156534,-0.6700134277344318,0.7300109863281534,27.770004272460938,8.0,4.0,04-19,3.13416671752929
03-21,-1.029998779296875,-0.08000183105471592,1.6299972534179688,-1.5000038146972656,4.8899993896484375,3.2699966430664205,-3.19000244140625,3.6500015258789062,-5.430000305175781,-3.4700012207030966,-0.0800018310546875,38.529998779296875,5.0,7.0,04-20,3.0991652806599945
03-22,-0.18000030517578125,0.9300003051757812,3.8999977111816335,-1.2000007629394531,4.160003662109375,3.5500030517577983,-3.4000015258789062,5.300003051757827,-4.8899993896484375,0.34000396728517046,1.1100006103515625,40.8800048828125,8.0,4.0,04-21,4.208334604899089
03-23,-0.759998321533196,0.6299972534179688,3.969997406005845,-1.2900047302246094,3.5,3.7600021362304545,-2.7700042724609375,5.0800018310546875,-4.529998779296861,2.6200027465820312,1.910003662109375,40.529998779296875,8.0,4.0,04-22,4.387499809265136
03-24,-0.24000167846679688,0.6399993896484375,3.659999847412095,-2.1399993896484304,4.80999755859375,4.800003051757798,-1.659996032714858,5.270004272460923,-4.110000610351548,0.1600036621093608,0.910003662109375,30.49999237060547,8.0,4.0,04-23,3.550000508626298
03-25,-1.6800003051757812,0.8199996948242188,3.709999084472649,-1.4599990844726562,5.150001525878906,2.8000030517578267,0.09000396728515625,5.349998474121094,-3.930000305175753,-0.7299957275390625,1.2200012207031534,33.590003967285156,8.0,4.0,04-24,3.744167963663742
03-26,-1.720001220703118,1.0100021362304688,5.149997711181641,-1.7999992370605398,4.599998474121094,3.1699981689453267,0.29000091552734375,5.339996337890625,-4.040000915527315,-0.55999755859375,1.3299865722655966,26.420005798339844,8.0,4.0,04-25,3.2658322652181013
03-27,-1.6500015258789062,-0.04000091552732954,4.829998016357422,-1.6300010681152202,3.1200027465820312,2.94000244140625,0.09000396728515625,5.089996337890625,-2.910003662109361,-1.0199966430664205,0.5,29.830001831054688,7.0,5.0,04-26,3.262500127156578
03-28,-1.609996795654304,0.220001220703125,4.869998931884766,-1.19000244140625,2.8600006103515625,2.779998779296889,-1.090003967285142,5.279998779296889,-2.2300033569335938,-0.6899948120117188,0.3199920654297159,22.5,7.0,5.0,04-27,2.668332417805995
03-29,-2.0900001525878906,-0.05999755859375,5.729995727539055,-1.1100006103515625,2.4599990844726562,1.7299957275390625,-0.4700012207031108,3.7700042724609375,-1.4099960327148295,-1.389991760253892,-0.5899963378905682,21.850006103515625,5.0,7.0,04-28,2.3683347702026443
03-30,-2.1499977111816406,-0.6200027465820028,6.1899986267089915,-1.529998779296875,3.2900009155273438,1.55999755859375,-0.9700012207031108,3.7899932861328125,-1.150001525878892,2.2000045776367188,0.6699981689453125,21.279998779296875,7.0,5.0,04-29,2.7133324940999404
03-31,-1.9499969482421946,-0.5799942016601562,6.319999694824219,-1.4599990844726562,3.19000244140625,3.1099929809570312,0.1399993896484233,4.5699996948242045,-1.0400009155273153,3.4499969482421733,1.410003662109375,20.259994506835938,8.0,4.0,04-30,3.118333180745441
04-01,-2.0100021362304616,-1.1499938964843608,6.079998016357422,-1.3700027465820455,3.6500015258789062,3.089996337890639,1.2399978637695312,3.5799942016601705,-0.9500045776367188,3.7100067138671733,0.8600006103515625,21.430007934570284,8.0,4.0,05-01,3.179999987284342
04-02,-1.94000244140625,-0.7799987792968608,5.22999572753907,-1.1100006103515483,2.5400009155273438,3.05999755859375,0.75,3.8900070190429688,-1.2200012207031108,1.9300003051757528,3.4899902343749716,17.090011596679688,8.0,4.0,05-02,2.744166692097981
04-03,-1.120002746582017,-0.3899993896484233,5.569999694824212,-0.659996032714858,2.160003662109375,3.029998779296861,1.2299957275390625,3.4900054931640625,-1.3500061035156108,-2.340003967285142,4.779998779296903,16.07000732421878,7.0,5.0,05-03,2.5391667683919334
04-04,0.15999984741210938,-1.0999984741210795,6.059997558593757,-0.05999755859375,1.8199996948242188,2.8700027465820312,0.03999328613282671,4.160003662109375,-0.9800033569335795,-6.910003662109375,6.379989624023409,10.279998779296875,8.0,4.0,05-04,1.8933318456014014
04-05,0.3899993896484375,-0.06999969482420454,6.460002899169922,-0.00999450683592329,2.19000244140625,2.6399993896484375,0.9699935913085795,3.740005493164034,-1.4700012207031108,-7.210006713867216,5.770004272460966,8.529998779296875,8.0,4.0,05-05,1.827500343322754
04-06,1.55999755859375,-0.6100006103515625,6.009998321533203,0.410003662109375,4.0500030517578125,1.4199981689453267,1.1899948120117188,2.8000030517578125,-1.7200012207031108,-4.600006103515625,5.1399993896484375,8.510009765625,9.0,3.0,05-06,2.013333320617678
04-07,3.0,-0.08000183105467329,6.189998626708984,0.4199981689452983,4.6399993896484375,2.1100006103515625,-0.5999984741210938,2.9500045776367188,-1.589996337890625,-6.4499969482421875,5.8699951171875,12.020004272460938,8.0,4.0,05-07,2.3733339309692383
04-08,2.759998321533203,0.20999908447265625,6.209999084472656,-0.18000030517578125,3.5699996948242188,1.4500045776367188,-0.9900054931640625,3.1200027465820312,-0.3899993896484233,-5.289993286132827,5.9499969482421875,4.82000732421875,8.0,4.0,05-08,1.7700007756551106
04-09,2.799999237060547,0.0,5.150001525878906,-0.1199951171875,4.010002136230469,1.9600067138671733,-2.160003662109375,3.9099960327148295,-0.829994201660142,-5.8899993896484375,4.399993896484347,6.850006103515625,7.0,5.0,05-09,1.6733344395955367
04-10,3.059997558593757,-1.7099990844726634,5.4099960327148295,0.7800064086914205,3.44000244140625,4.370002746582031,-2.8899993896484517,3.769996643066392,-1.089996337890625,-7.6399993896484375,4.209991455078068,8.30999755859375,8.0,4.0,05-10,1.66833305358886
04-11,3.7399978637695384,-1.7999992370605398,5.769996643066406,0.15000152587892046,3.1399993896484375,4.0400009155273295,-0.8899993896484233,4.75,-1.0100021362304688,-6.120002746582017,4.579986572265568,7.8199920654296875,8.0,4.0,05-11,2.0141642888387032
04-12,3.829998016357429,-0.3600006103515625,5.8200035095214915,0.12999725341799717,2.720001220703125,3.3600006103515625,0.9199981689453267,5.069999694824219,-2.590003967285142,-6.919990539550739,3.8099975585937216,8.92999267578125,9.0,3.0,05-12,2.05999946594239
04-13,2.9599990844726634,-1.0100021362304688,6.970001220703125,0.7399978637695455,3.44000244140625,3.7700042724609375,0.4799957275390767,4.5,-2.180000305175753,-7.109992980957017,2.209991455078125,9.339996337890625,9.0,3.0,05-13,2.0091660817464256
04-14,3.6300010681152273,-0.5899963378906392,6.549999237060547,0.5900001525878906,4.0500030517578125,3.3799972534179688,-0.04999542236328125,4.5300064086914205,-2.910003662109361,-6.409996032714844,2.5299987792968466,1.1100006103515625,8.0,4.0,05-14,1.3675012588500959
04-15,3.3800010681152273,-0.6100006103515767,6.009998321533196,0.35999679565428266,4.1399993896484375,1.8199996948242045,-0.04999542236329546,4.190002441406264,-2.5200042724609233,-4.5199966430664205,0.6799926757812784,-0.529998779296875,7.0,5.0,05-15,1.02916622161865
04-16,2.950000762939446,-0.1199951171875,6.730003356933594,-0.049999237060546875,3.529998779296875,2.1200027465820455,0.7600021362304545,3.3000030517578125,-2.0800018310546875,-5.699996948242173,-1.199996948242159,-2.5399932861328125,6.0,6.0,05-16,0.641668955485029
04-17,2.1000022888183523,-1.3600006103515767,6.160003662109375,-0.6100006103515483,3.7399978637695312,1.9100036621093892,0.9700012207031108,2.629997253417983,1.269996643066392,-5.4099960327148295,-1.6100006103515625,-4.8899993896484375,7.0,5.0,05-17,0.40833377838134827
04-18,2.5499992370605398,-2.059997558593757,5.910003662109375,0.4500007629394531,4.459999084472656,0.8700027465820455,1.6200027465820312,3.5100021362304545,5.9499969482421875,-2.3700027465820312,-0.6100006103515625,-4.029998779296875,8.0,4.0,05-18,1.354167302449543
04-19,2.9399986267089773,-2.149997711181662,3.7100028991699148,0.6800003051757741,3.1500015258789062,0.6900024414062358,2.090003967285142,1.1500015258789062,5.299995422363267,-2.2000045776367045,-0.9199981689453409,-1.2299957275390625,8.0,4.0,05-19,1.1008342107136961
04-20,3.5799980163574148,-3.019996643066399,2.1100006103515625,0.0,2.6199951171875,0.5800018310546875,3.2099990844726562,0.0099945068359375,4.799995422363267,-1.3100051879882812,0.3800048828125,-1.149993896484375,8.0,4.0,05-20,0.9841661453247058
04-21,3.4300003051757812,-3.1699981689453054,2.4300003051757812,0.18000030517577414,3.2599945068359375,0.6399993896484375,3.659996032714858,0.01999664306640625,4.9099960327148295,-2.9800033569335938,0.7799987792968466,-0.6599884033203125,9.0,3.0,05-21,1.0416660308837866
04-22,4.6899986267089915,-2.559997558593757,2.3899993896484375,-0.02000045776367898,3.1800003051757812,0.06999969482421875,3.1699981689453125,0.26999664306640625,4.0800018310546875,-2.5900039672851705,0.5899963378905682,-5.3100128173828125,8.0,4.0,05-22,0.6633313496907487
04-23,4.469997406005874,-2.8199996948242116,2.279998779296875,0.10000228881835938,3.1399993896484375,0.9199981689453125,3.1399993896484375,-0.6600036621093892,4.1100006103515625,-3.1100006103515625,-1.779998779296875,-7.8300018310546875,7.0,5.0,05-23,0.16333262125651102
04-24,4.95000076293946,-4.210002899169922,1.5800018310546875,-0.25,4.069999694824219,1.1800003051757812,2.5199966430664062,-0.8700027465820455,4.3700027465820455,-3.279998779296861,-0.4400024414062784,-7.1800079345703125,6.0,6.0,05-24,0.20333226521809836
04-25,5.00999832153321,-3.8800010681152415,1.4499969482421875,-1.1599998474121094,3.2399978637695312,1.3499984741210938,3.0199966430664062,-1.349998474121108,4.089996337890625,-3.3100051879882812,-0.8899993896484375,-6.6100006103515625,6.0,6.0,05-25,0.07999833424885949
04-26,4.130001068115234,-4.19000244140625,0.8300018310547017,-1.4799995422363281,3.339996337890625,-0.1999969482421875,1.839996337890625,-0.2200012207031392,4.0,-4.559997558593736,-1.6300048828125,-7.579986572265625,5.0,7.0,05-26,-0.4766661326090483
04-27,3.9099998474121094,-3.9300003051757955,0.720001220703125,-1.569995880126939,2.8799972534179688,-0.37999725341796875,0.7699966430664062,0.5800018310546875,3.770004272460966,-4.820007324218736,-1.0800018310546875,-9.919998168945312,6.0,6.0,05-27,-0.7558333079020146
04-28,4.609996795654304,-4.960002899169922,0.910003662109375,-1.829998016357436,1.6299972534179688,-0.35999298095703125,0.08000183105470171,0.8699951171875,4.040000915527358,-3.0400009155273153,-0.05000305175784092,-6.8300018310546875,6.0,6.0,05-28,-0.41083367665608544
04-29,3.19000244140625,-5.350002288818359,0.569999694824233,-2.000000000000014,1.2399978637695312,-0.2200012207031108,0.739997863769517,1.2699966430664062,4.170005798339858,-4.239997863769517,-0.989990234375,-5.350006103515625,6.0,6.0,05-29,-0.5808331171671526
04-30,1.8600006103515696,-4.640003204345703,0.0800018310546875,-2.590000152587905,2.3799972534179688,-0.9899978637695455,1.9300003051757528,0.5999984741210938,4.19000244140625,-5.019996643066392,-4.129989624023409,-5.149993896484375,6.0,6.0,05-30,-0.9566650390625006
05-01,1.6300010681152415,-5.670001983642578,-0.6999969482421875,-2.63000106811522,1.4199981689453125,-0.2299957275390767,1.0,0.15000152587890625,3.5800018310546875,-6.610000610351577,-10.619995117187472,-3.399993896484375,5.0,7.0,05-31,-1.8399985631306948
05-02,0.770000457763679,-6.300003051757805,0.5599975585937358,-3.1200027465820312,0.48999786376953125,0.9900054931640341,0.8000030517578125,0.3099975585937642,3.410003662109361,-2.529998779296875,-9.949996948242159,-1.3000030517578125,7.0,5.0,06-01,-1.3224999109903972
05-03,1.4000015258789062,-7.030002593994141,1.029998779296875,-3.1299972534179545,-0.09999847412109375,0.760002136230483,-0.20999908447265625,0.0,4.9199981689453125,-2.05999755859375,-10.679992675781222,0.4799957275390625,5.0,7.0,06-02,-1.2183326085408481
05-04,2.020000457763679,-5.939998626708984,0.8100051879882955,-2.529998779296875,1.30999755859375,1.4599990844726562,-0.30999755859375,0.55999755859375,4.300003051757798,-3.220001220703111,-9.979995727539062,-1.0800018310546875,6.0,6.0,06-03,-1.049999237060545
05-05,1.8499984741210938,-5.409999847412109,1.4700012207031392,-2.3700027465820312,-0.5,2.1699981689453125,0.48000335693359375,-0.09999847412107954,4.739997863769517,-3.9699935913085795,-10.94000244140625,-1.25,5.0,7.0,06-04,-1.1524998346964495
05-06,1.9500007629394531,-3.670001983642571,1.210006713867216,-3.0200042724609304,0.029998779296875,2.9499969482421733,0.9199981689453125,0.04000091552735796,5.529998779296875,-2.329994201660142,-10.649993896484403,0.5699920654296875,8.0,4.0,06-05,-0.5391667683919247
05-07,1.2700004577636719,-3.5800018310546946,0.8500061035156392,-2.460002899169922,-1.4300003051757812,1.7699966430664062,0.42999267578125,0.769996643066392,6.830001831054716,-1.6399993896484233,-6.2400054931640625,1.05999755859375,7.0,5.0,06-06,-0.19750150044758819
05-08,1.1800003051757812,-4.979999542236328,0.45999908447264204,-2.7700042724609517,-1.779998779296875,2.1800003051757812,-1.3800048828125,1.040000915527358,7.1100006103515625,-1.1299972534179688,-5.409988403320284,-0.0500030517578125,5.0,7.0,06-07,-0.46083291371663293
05-09,1.7299995422363281,-6.740001678466797,0.42000579833984375,-1.4799995422363423,-1.470001220703125,1.7699966430664062,-1.7999954223632812,2.0499954223632812,7.62000274658206,-0.7200012207031392,-4.3499908447265625,-2.3800048828125,5.0,7.0,06-08,-0.44583288828531903
05-10,1.8199996948242188,-6.75,-0.26000213623046875,-1.7700004577636719,-2.0800018310546875,2.7000045776367188,-2.44000244140625,1.0600051879882812,7.940002441406236,-2.55999755859375,-4.669998168945284,-1.80999755859375,4.0,8.0,06-09,-0.7349990208943673
05-11,1.5200004577636648,-6.029998779296875,-0.43000030517578125,-1.539997100830064,-1.3899993896484375,2.660003662109375,-3.0699996948242188,1.4300003051757528,7.550003051757798,-4.449996948242173,-0.5200042724609943,-2.339996337890625,4.0,8.0,06-10,-0.5508321126302148
05-12,0.7000007629394531,-6.7300033569335795,-1.0500030517578125,-1.1300010681152344,-0.9399948120117188,2.7000045776367188,-2.2600021362304688,1.5699996948242045,7.1100006103515625,-2.7299957275390767,1.3500061035155682,-1.17999267578125,5.0,7.0,06-11,-0.2158317565918028
05-13,0.5099983215332102,-6.5,-0.48000335693359375,-0.9500007629394531,-0.7099990844726562,3.0800018310546875,-1.6700057983398438,2.240005493164034,3.560005187988267,-2.0,1.8200073242187216,0.6699981689453125,6.0,6.0,06-12,-0.035832722981776165
05-14,0.6399993896484375,-5.80000305175782,0.40999603271485796,-1.8100013732910085,-2.279998779296875,2.4499969482421733,-2.950004577636733,2.559997558593764,4.540000915527358,-3.399993896484389,2.9599914550780966,0.160003662109375,7.0,5.0,06-13,-0.21000130971273023
05-15,0.25,-5.380001068115227,-0.28000640869142046,-0.529998779296875,-3.9000015258789062,2.629997253417983,-3.4200057983398438,2.569999694824247,4.830009460449261,-2.589996337890611,4.769989013671875,-2.6399993896484375,5.0,7.0,06-14,-0.30750115712482956
05-16,0.0,-5.420001983642571,0.21999359130857954,0.7399978637695312,-3.7099990844726562,2.7399978637695312,-4.1800003051757955,2.349998474121108,4.250007629394531,-2.720001220703139,3.469985961914034,-9.650009155273438,6.0,6.0,06-15,-0.992502530415857
05-17,0.010002136230475855,-5.460002899169915,0.6999969482422159,0.8999977111816406,-4.349998474121094,1.8899993896484375,-5.069999694824219,3.290000915527358,6.100006103515625,-1.2200012207031392,3.0699920654296875,-8.370010375976562,7.0,5.0,06-16,-0.709168116251624
05-18,-1.2999992370605469,-3.8300018310546946,-0.3399963378906108,1.0999984741210938,-3.0999984741210938,1.8899993896484375,-5.9300003051757955,2.82000732421875,5.8000030517578125,-1.6100006103515625,2.290008544921932,-9.270004272460938,5.0,7.0,06-17,-0.9566653569539346
05-19,-1.2700004577636648,-2.9799995422363352,-0.2299957275390483,1.9799957275390554,-3.0999984741210938,1.8099975585937642,-5.599998474121094,3.5600051879882812,5.7700042724609375,-1.30999755859375,1.669998168945341,-4.55999755859375,5.0,7.0,06-18,-0.3549989064534464
05-20,-0.6699981689453196,-1.30999755859375,0.4700012207031392,2.5400009155273366,-2.3800048828125,1.6800003051757812,-4.8699951171875,3.7700042724609375,5.779991149902301,-1.1100006103515625,1.0200042724609375,-3.6599884033203125,6.0,6.0,06-19,0.10500144958495738
05-21,0.20999908447265625,-1.6399993896484304,0.7600021362304688,2.8300018310546804,-2.2299957275390625,1.6699981689453267,-3.6899948120117188,4.4799957275390625,7.090003967285142,-2.4000015258789062,2.1100006103515625,-2.69000244140625,7.0,5.0,06-20,0.5416673024495443
05-22,0.43000030517578125,-1.3899993896484375,0.7300033569335938,3.200000762939439,-3.5999984741210938,1.849998474121108,-2.6199951171875,3.3199996948242188,6.8100051879882955,-0.34000396728515625,1.6900024414062784,-0.3499908447265625,7.0,5.0,06-21,0.8108352025349971
05-23,0.5300025939941406,-1.3899993896484375,0.9500045776367188,3.729999542236328,-2.3499984741210938,1.8299942016601705,-0.45999908447265625,4.379997253417969,6.700004577636719,-1.409996032714858,0.6600036621094318,-1.149993896484375,7.0,5.0,06-22,1.0016682942708381
05-24,0.8300018310546875,-1.4399986267089915,0.709999084472642,3.9000015258789062,-1.9599990844726562,3.0,-0.9599990844726562,3.4899978637695455,7.400001525878892,-0.20999908447265625,1.599990844726591,-0.7299957275390625,7.0,5.0,06-23,1.3025000890096035
05-25,0.23000335693359375,-1.1899986267089844,-0.220001220703125,4.490001678466797,-4.989997863769531,4.459999084472642,-0.7300033569335938,3.1100006103515625,7.3800048828125,0.5699996948242188,5.139999389648409,-1.1699981689453125,7.0,5.0,06-24,1.423334121704098
05-26,-0.25,-0.4199981689453125,0.55999755859375,3.799999237060547,-4.410003662109375,3.940002441406236,-1.0400009155273438,3.55999755859375,7.9900054931640625,2.0499954223632955,5.019989013671847,-1.6999969482421875,7.0,5.0,06-25,1.5916655858357724
05-27,1.2399978637695241,0.21000289916991477,-0.6999969482421733,4.039997100830078,-3.0,3.779998779296861,-1.799995422363267,3.400001525878892,8.940002441406222,3.4399948120117188,5.989990234374972,-5.069992065429659,8.0,4.0,06-26,1.7058334350585902
05-28,0.9300003051757741,0.94000244140625,-1.6200027465820312,3.9099998474121094,-2.2600021362304688,5.459999084472685,-1.8199996948242188,4.689994812011719,9.319992065429659,3.1899948120117188,7.169998168945284,-7.149993896484347,8.0,4.0,06-27,1.8966652552286778
05-29,0.2999992370605469,0.8400001525878906,-2.2300033569335938,3.829998016357422,1.339996337890625,5.0,-0.80999755859375,2.9399948120117188,9.229995727539062,2.9499969482421875,10.520004272460909,-8.929992675781222,9.0,3.0,06-28,2.0816659927368164
05-30,0.49000167846678977,-0.05999755859375,-2.0400009155273438,4.6299972534179545,1.0,4.300003051757827,-0.9199981689452983,3.8600006103515625,7.899993896484375,0.6399993896484375,9.740005493164062,-7.520004272460966,8.0,4.0,06-29,1.8350000381469709
05-31,0.8199996948242116,0.69000244140625,-1.3799972534179545,4.4099960327148295,2.80999755859375,3.4800033569335938,-0.40000152587890625,5.540000915527358,5.570007324218778,1.989997863769517,10.70001220703125,-9.380004882812472,9.0,3.0,06-30,2.070834477742517
06-01,1.1800003051757741,0.48000335693359375,-0.17000579833985796,5.059997558593729,2.0,2.8199996948242045,-2.3600006103515625,6.5500030517578125,5.040008544921903,0.34999847412107954,9.25,-8.150009155273466,9.0,3.0,07-01,1.8374996185302674
06-02,0.5900001525878906,-0.6699981689453054,-0.17000579833985796,4.600002288818359,1.1500015258789062,2.450004577636733,-2.5200042724609375,4.8400039672851705,3.7400054931640625,0.05000305175779829,7.839996337890653,-7.6199951171875,8.0,4.0,07-02,1.1900011698404978
06-03,0.6399993896484375,-0.7099990844726491,0.2200012207031392,5.219997406005859,1.9199981689453125,3.410003662109389,-2.6299972534179688,4.5699996948242045,2.279998779296875,-0.6100006103515767,7.919998168945341,-8.019989013671875,8.0,4.0,07-03,1.1841675440470407
06-04,0.9599990844726562,1.0500030517578196,0.2599945068359375,5.219997406005859,2.529998779296875,3.190002441406264,-1.7700042724609375,3.5600051879882812,2.279998779296875,-0.6100006103515767,5.6300048828125,-6.0999908447265625,9.0,3.0,07-04,1.350000699361166
06-05,0.8699989318847656,1.0600013732910227,0.46999359130857954,5.790000915527344,2.8899993896484375,2.6500015258789205,-1.1299972534179688,5.530006408691392,1.9299926757812216,0.09999847412109375,5.649993896484375,-6.6699981689453125,10.0,2.0,07-05,1.5949993133544893
06-06,1.4399986267089915,1.0699996948242188,1.25,5.240001678466797,2.1100006103515625,2.690002441406264,0.5100021362304688,5.5200042724609375,2.069992065429659,-0.0800018310546875,3.3500061035156534,-6.3899993896484375,10.0,2.0,07-06,1.565000534057619
06-07,0.34999847412110086,1.0800018310546875,2.1200027465820312,5.240001678466797,1.6599960327148438,2.6399993896484375,0.48000335693357954,6.5399932861328125,2.8899993896484375,-0.6200027465820312,1.479995727539091,-5.8000030517578125,10.0,2.0,07-07,1.5049988428751646
06-08,0.9899978637695455,0.44000244140625,1.410003662109375,5.060001373291016,1.6399993896484375,2.1999969482421875,0.23999786376954546,6.839996337890639,3.0899963378906534,-1.349998474121108,3.1199951171875,-3.790008544921875,10.0,2.0,07-08,1.6574983596801804
06-09,0.529998779296875,2.44000244140625,0.7700042724609233,5.6599998474121165,2.7300033569335938,3.25,0.7099990844726562,5.6399993896484375,2.1100006103515625,2.339996337890625,1.550003051757841,-3.1100006103515625,11.0,1.0,07-09,2.051667213439943
06-10,1.4200019836425781,2.1100006103515625,1.4600067138672017,5.520000457763665,3.4499969482421875,1.6200027465820312,-1.1100006103515483,5.6299972534179545,0.6999969482421591,3.089996337890625,1.9499969482421875,-4.529998779296875,10.0,2.0,07-10,1.7758331298828107
06-11,1.0300025939941406,2.1500015258789062,1.3300018310547017,5.6599998474121165,4.189994812011719,2.720001220703125,-1.4700012207031108,5.720001220703139,0.7199859619140057,3.3899993896484233,1.6300048828125,2.4000091552734375,11.0,1.0,07-11,2.455833435058592
06-12,1.0200004577636648,2.9600028991699148,0.980003356933608,4.799995422363281,5.5,3.5100021362304688,-0.5800018310546875,6.05999755859375,-0.27000427246099434,4.839996337890611,-0.4699859619140625,1.1200103759765625,9.0,3.0,07-12,2.455834706624343
06-13,1.9399986267089773,2.1200027465820312,0.6800003051757812,3.4500045776367045,4.329994201660156,3.5100021362304688,0.9100036621093892,6.1399993896484375,-0.790008544921875,3.6100006103515625,0.4999999999999716,1.2400054931640625,11.0,1.0,07-13,2.303333600362139
06-14,2.1800003051757812,1.7900009155273438,-0.06999969482421875,2.4500045776367045,4.329994201660156,3.3500061035155966,2.040000915527358,5.799995422363267,-0.540008544921875,3.829994201660142,1.1200103759765625,1.1199951171875,10.0,2.0,07-14,2.2833328247070264
06-15,2.970001220703132,1.3600006103515625,1.4699935913085795,1.8899993896484233,4.040000915527344,2.650001525878892,2.779998779296889,6.589996337890625,-0.8099975585937216,3.6299972534179545,0.6699981689453409,3.9600067138671875,11.0,1.0,07-15,2.599999745686851
06-16,3.6100006103515554,1.3799972534179759,1.30999755859375,1.4099960327148438,4.3600006103515625,2.930000305175753,1.4199981689453125,6.3600006103515625,-2.1200103759765625,6.440002441406264,-5.1399993896484375,3.459991455078125,10.0,2.0,07-16,2.1183312733968087
06-17,3.759998321533203,1.4399986267089915,1.339996337890625,2.30999755859375,4.7700042724609375,1.3499984741210938,1.6899948120117188,7.519996643066406,-2.210006713867216,4.6100006103515625,-4.729995727539006,4.239990234375,10.0,2.0,07-17,2.1741644541422556
06-18,3.1699981689453125,1.4399986267089915,1.1500015258789205,2.149993896484375,4.040000915527344,-0.5899963378906392,0.05999755859375,6.6399993896484375,-1.4700012207031534,3.370002746582017,-7.7299957275390625,4.8499908447265625,9.0,3.0,07-18,1.4233325322469046
06-19,2.8699989318847656,1.1299972534179759,0.9399948120117188,2.279998779296889,5.269996643066392,-1.5899963378906392,0.55999755859375,6.459999084472656,-1.9200134277344034,6.540000915527344,-8.589996337890653,4.42999267578125,9.0,3.0,07-19,1.5316642125447537
06-20,3.759998321533203,0.30999755859375,0.579994201660142,2.3700027465820312,7.509994506835923,-3.0499954223632812,1.0200042724609375,6.599998474121094,0.24000549316409092,5.7600021362304545,-10.350006103515625,5.8600006103515625,10.0,2.0,07-20,1.7174997329711903
06-21,3.7399978637695312,0.4399986267089915,0.23000335693357954,2.9800033569335938,6.930000305175767,-4.3799972534179545,-0.0099945068359375,9.069999694824219,0.3000030517578409,6.350006103515597,-10.229995727539062,5.9600067138671875,9.0,3.0,07-21,1.7816692988077794
06-22,3.569999694824226,-0.5799980163574219,0.1699981689453125,2.7400054931640625,5.55999755859375,-2.9499969482422017,0.28000640869142046,8.680000305175781,-0.8399963378905682,4.960006713867173,-10.989990234374972,6.2100067138671875,8.0,4.0,07-22,1.4008366266886458
06-23,4.480003356933594,-2.120002746582024,0.5699996948242188,3.029998779296889,7.620002746582031,-3.4800033569335938,0.55999755859375,7.760002136230483,-1.2199859619140057,3.350006103515611,-12.749999999999972,6.8800048828125,8.0,4.0,07-23,1.2233352661132901
06-24,3.729999542236321,-2.479999542236321,1.1800003051757812,2.1299972534179688,7.6699981689453125,-2.1199951171875,0.8499984741210938,9.510002136230483,0.23001098632815342,3.2600021362304688,-14.419998168945312,10.189987182617159,9.0,3.0,07-24,1.644166946411134
06-25,2.9199981689453054,-1.5800018310546804,1.2200012207031108,1.6100006103515625,7.069999694824219,-3.569999694824247,1.0599975585937358,8.599998474121108,-1.0299987792968466,4.0400009155273295,-15.400009155273438,10.339996337890653,8.0,4.0,07-25,1.2733319600423176
06-26,2.5900001525878835,-2.4300003051757812,1.4700012207031108,0.9300003051757955,5.370002746582031,-3.4599990844726705,0.5400009155273438,8.479995727539077,-3.3300018310546875,7.010002136230469,-12.07000732421875,12.199996948242159,8.0,4.0,07-26,1.4416659673054983
06-27,3.260002136230476,-1.8199996948242259,1.0,0.6900024414062784,5.650001525878906,-2.7999954223632812,2.5199966430664205,8.33999633789064,-3.1299896240234375,7.0099945068359375,-10.910003662109347,10.570007324218778,8.0,4.0,07-27,1.698334376017262
06-28,4.549999237060547,-1.7099990844726562,0.00999450683592329,0.5899963378906392,6.5,-2.4200057983398438,1.470001220703125,6.9199981689453125,-2.8700103759765625,6.6199951171875,-9.5,9.080001831054716,8.0,4.0,07-28,1.6033309300740584
06-29,4.310001373291016,-1.1400032043457031,-1.079994201660142,-0.02999877929686079,5.94000244140625,-2.510002136230483,0.5999984741210938,5.439994812011719,-1.6900024414062216,7.279998779296875,-8.240005493164062,8.139999389648466,6.0,6.0,07-29,1.4183324178059955
06-30,4.119998931884766,-1.2299995422363352,-1.289993286132784,0.7399978637695312,6.200004577636719,-2.510002136230483,1.55999755859375,3.469993591308608,-1.3399963378905682,8.699996948242188,-8.6300048828125,6.1999969482421875,7.0,5.0,07-30,1.3324991861979232
07-01,4.090000152587891,-1.2399978637695312,-2.0699996948242045,1.519996643066392,6.5800018310546875,-3.910003662109389,1.2600021362304688,3.4799957275390625,-2.069992065429659,9.970001220703097,-6.339996337890625,6.1599884033203125,7.0,5.0,07-31,1.4524997075398751
07-02,5.180000305175781,-1.25,-2.5400009155273438,1.4499969482421875,6.599998474121094,-3.559997558593764,1.290000915527358,2.19000244140625,-1.04998779296875,10.589996337890597,-7.949996948242159,5.5699920654296875,7.0,5.0,08-01,1.3766670227050781
07-03,4.540000915527337,-1.25,-2.8300018310546875,1.180000305175767,6.720001220703125,-3.119995117187514,1.530006408691392,2.9600067138671875,-0.17999267578125,9.810005187988281,-11.919998168945312,3.55999755859375,7.0,5.0,08-02,0.9166692097981729
07-05,4.270000457763665,-0.3600006103515554,-4.19000244140625,1.5999984741210795,5.629997253417969,-6.3800048828125,2.0100021362304545,2.5800018310546875,-1.4799957275390625,7.6399993896484375,-10.350006103515653,2.779998779296875,7.0,5.0,08-04,0.3124990463256789
07-06,4.479999542236321,0.26999664306640625,-4.140003204345703,1.7399978637695312,5.180000305175781,-6.569999694824219,1.8199996948242045,1.2600021362304688,-0.3600006103515625,6.8899993896484375,-10.680007934570341,4.3700103759765625,8.0,4.0,08-05,0.35499954223632396
07-07,4.830001831054695,-0.8699989318847656,-4.509998321533203,0.6699981689452983,5.8000030517578125,-6.30999755859375,0.8800048828124858,1.3899993896484233,-0.3799896240234091,5.199996948242202,-9.899993896484347,4.3699951171875,7.0,5.0,08-06,0.09750175476074514
07-08,3.3699989318847656,-1.6399993896484304,-4.159999847412109,1.340003967285142,5.210006713867173,-5.900001525878906,2.75,1.0500030517578125,1.800003051757841,5.899993896484418,-10.80999755859375,5.1299896240234375,8.0,4.0,08-07,0.3366667429606161
07-09,3.760002136230476,-0.7999992370605469,-5.429996490478501,1.0599975585937216,4.9300003051757955,-5.3300018310546875,2.1199951171875,0.9300003051757812,1.6299896240234375,5.970001220703139,-10.639999389648438,5.9099884033203125,8.0,4.0,08-08,0.34249814351399915
07-10,3.520000457763672,-0.4500007629394531,-4.559997558593736,0.410003662109375,4.420005798339844,-5.090003967285142,0.9899978637695312,1.3099975585937358,1.3099975585937784,4.080009460449261,-10.999999999999972,6.029998779296875,8.0,4.0,08-09,0.08083407084148082
07-11,2.209999084472649,-0.25,-6.149997711181619,0.4499969482422159,3.9900054931640625,-4.3899993896484375,-1.1999969482421875,0.720001220703125,1.040008544921875,4.930000305175767,-9.899993896484347,2.339996337890625,7.0,5.0,08-10,-0.5174983342488559
07-12,2.180000305175767,-0.15999984741210938,-4.829998016357436,0.6399993896484517,3.6700057983398438,-5.449996948242173,-1.4199981689453125,0.5100021362304688,1.0,3.409996032714801,-4.089996337890568,3.3899993896484375,7.0,5.0,08-11,-0.09583218892415246
07-13,3.0,-1.0699996948242188,-7.429996490478516,-0.26000213623045454,2.9399948120117188,-4.299995422363267,-0.4799957275390625,0.3600006103515625,1.3699951171875,5.239997863769503,-3.0300140380859943,2.8199920654296875,6.0,6.0,08-12,-0.0700019200642951
07-14,1.990001678466804,-2.1199989318847727,-7.460002899169936,-0.12999725341796875,1.9599990844726562,-4.2199935913085795,-0.769996643066392,0.18000030517578125,0.6299896240234375,6.50999450683598,-2.670013427734432,-0.9499969482421875,5.0,7.0,08-13,-0.5875012079874674
07-15,1.6300010681152344,-1.7599983215332031,-7.249996185302734,0.19000244140625,1.5999984741210938,-2.6500015258789205,-1.7099990844726562,0.3600006103515625,0.94000244140625,6.059997558593764,-2.7800140380859943,1.4000091552734375,7.0,5.0,08-14,-0.3308331171671597
07-16,1.3400001525878906,-0.9399986267089773,-3.6499977111816335,0.01000213623046875,2.6100006103515767,-0.48000335693360796,-2.4000015258789062,0.6299972534179688,0.95001220703125,5.529998779296889,0.9199981689452841,0.410003662109375,8.0,4.0,08-15,0.41083431243896484
07-17,1.3600006103515625,-1.0499992370605469,-3.7299957275390483,-0.3600006103515625,0.5699996948242472,1.3699951171874716,-1.3700027465820312,0.0800018310546875,1.3300018310546875,0.3899993896484375,-1.600006103515625,0.30999755859375,7.0,5.0,08-16,-0.22500069936116418
07-18,1.259998321533196,-1.4199981689453196,-2.5,-1.0200042724609233,0.5299987792968892,-0.06000518798828125,-1.8899993896484517,-0.8300018310546733,-1.080001831054716,2.6299896240234233,-1.810012817382841,-1.600006103515625,3.0,9.0,08-17,-0.6491702397664435
07-19,1.0200004577636648,-1.5600013732910156,-2.3600006103515483,-1.1800003051757812,-1.530006408691392,0.75,-1.5600051879882812,-4.9199981689453125,-1.0400085449219318,4.489990234374986,-0.05000305175784092,-1.3600006103515625,3.0,9.0,08-18,-0.7750027974446679
07-20,0.759998321533196,0.6399993896484446,-1.9799957275390625,-0.2799987792968608,-2.7299957275390625,-0.09999847412109375,-0.5,-3.8300018310546733,-2.4000091552734943,4.579994201660128,1.8999938964843466,-0.6100006103515625,4.0,8.0,08-19,-0.3791678746541412
07-21,0.30999755859375,2.229999542236321,-2.209999084472642,0.089996337890625,-2.9099960327148438,1.4300003051757955,-0.9699935913085795,-3.840003967285142,-1.1399993896484943,5.849998474121108,2.720001220703125,0.3499908447265625,7.0,5.0,08-20,0.1591660181681321
07-22,1.1800003051757955,2.329998016357422,-2.459999084472642,-0.30999755859375,-1.8300018310546733,0.48999786376953125,-0.870002746582017,-3.720001220703111,0.02999877929684658,7.8400039672851705,3.6100006103515625,0.3800048828125,7.0,5.0,08-21,0.5558334986368862
07-23,0.14999771118164062,1.7199974060058665,-3.0900001525878906,-0.410003662109375,-2.6899948120117188,1.0199966430664205,-0.8899993896484375,-4.1699981689453125,-0.3799896240234375,10.250007629394545,1.760009765625,0.779998779296875,6.0,6.0,08-22,0.33750184377034803
07-24,-1.1399993896484304,0.9799995422363352,-3.1100006103515625,0.43000030517578125,-3.55999755859375,1.0100021362304545,0.15999603271485796,-4.970001220703125,0.4400024414062784,5.9900054931640625,1.75,2.2700042724609375,8.0,4.0,08-23,0.02083428700765329
07-25,-0.31999969482421875,1.0,-2.9599990844726562,0.2200012207031108,-3.7699966430664062,1.0999984741210938,0.5100021362304688,-5.760002136230483,2.819992065429716,5.9900054931640625,0.410003662109375,4.2400054931640625,8.0,4.0,08-24,0.29000091552734375
07-26,-0.24000167846678977,1.1299972534179759,-0.9499969482422017,-0.9899978637695312,-4.029998779296875,2.0800018310546733,-2.720001220703111,-5.7099990844726705,1.8500061035155682,4.3300018310546875,0.8000030517578125,5.5800018310546875,6.0,6.0,08-25,0.09416802724201882
07-27,0.00999832153321023,-0.09000015258789062,0.29999542236328125,-1.769996643066392,-4.9499969482421875,0.9899978637695312,-5.459999084472656,-6.05999755859375,1.9700012207030682,3.0599975585937784,-1.75,4.970001220703125,6.0,6.0,08-26,-0.7316665649414068
07-28,0.220001220703125,0.14999771118164062,0.4499969482422017,-1.7099990844726562,-4.799995422363281,1.1200027465820312,-8.289993286132812,-5.75,0.9499969482421591,2.9400024414062784,-5.290000915527344,5.2299957275390625,7.0,5.0,08-27,-1.2316662470499662
07-29,-0.5299987792968821,0.14999771118164062,0.7399978637695455,-1.8499984741210795,-5.680000305175781,1.4800033569335795,-4.620002746582031,-6.5200042724609375,0.1699981689453125,3.779998779296932,-5.220001220703139,5.760009765625,6.0,6.0,08-28,-1.0283333460489867
07-30,-1.1599998474121165,-0.1100006103515625,0.1399993896484233,-1.9599990844726562,-7.0,0.9199981689453267,-4.7299957275390625,-6.8300018310546875,-1.0400085449219034,2.75,-2.4400024414062784,5.4600067138671875,4.0,8.0,08-29,-1.3333336512247775
07-31,-0.25999832153321023,-0.9200019836425852,-0.1300048828125,-1.709999084472642,-6.970001220703125,3.1300048828125,-5.099998474121094,-6.3600006103515625,-0.9799957275390625,1.800003051757841,-1.5400085449219034,6.540008544921875,3.0,9.0,08-30,-1.041666030883789
08-01,-0.6099967956542969,-1.1200027465820384,1.4499969482421733,-2.0099945068359375,-7.239997863769531,3.3199996948242188,-3.7999954223632812,-5.480003356933594,-0.2999877929687216,2.220001220703125,-1.6100006103515625,5.6299896240234375,4.0,8.0,08-31,-0.7958326339721674
08-02,-0.80999755859375,-1.4200019836425852,2.339996337890611,-1.0799942016601562,-7.8600006103515625,3.05999755859375,-4.849998474121094,-5.379997253417969,-1.0899963378905966,3.6100006103515625,-2.390014648437557,6.2899932861328125,4.0,8.0,09-01,-0.7983344395955445
08-03,-0.6599998474121165,-2.329998016357422,2.390003204345703,-1.75,-7.270004272460923,2.7899932861328267,-6.0399932861328125,-4.560005187988281,-2.2799987792968466,2.9100036621093466,-1.4800109863281534,6.05999755859375,4.0,8.0,09-02,-1.0183343887329108
08-04,-1.1200027465820455,-1.4500007629394531,3.960002899169922,-1.4699935913085795,-7.2300033569335795,3.5699996948242188,-7.710006713867173,-4.5200042724609375,-2.109985351562443,2.839996337890625,-1.9199981689453125,4.3000030517578125,4.0,8.0,09-03,-1.071666081746412
08-05,-0.69000244140625,-1.4699974060058594,3.0900039672851562,-1.6299972534179545,-7.389999389648423,3.5400009155273438,-7.1699981689453125,-4.900001525878892,-1.789993286132784,2.9299926757812784,-1.8000030517578125,5.4300079345703125,4.0,8.0,09-04,-0.9874989191690998
08-06,-0.17000198364257812,-1.6699981689453125,4.68000411987304,-1.4099960327148295,-7.389999389648452,3.0500030517578267,-5.720001220703125,-4.310005187988281,-0.4900054931640625,2.669998168945284,-2.029998779296875,6.279998779296875,4.0,8.0,09-05,-0.5425001780192075
08-07,-0.14000320434569602,-1.7599983215332031,4.210002899169915,-1.029998779296875,-6.760002136230469,3.8300018310547017,-5.5,-4.569999694824219,-1.8300018310546875,2.259994506835909,-1.3500061035156534,5.2299957275390625,4.0,8.0,09-06,-0.6175012588501012
08-08,-0.960002899169929,-1.4399986267089844,2.950000762939446,-1.080001831054716,-6.439994812011719,2.6800003051757955,-6.44000244140625,-4.3300018310546875,-2.3700103759765625,4.690002441406278,-2.819992065429659,5.8000030517578125,4.0,8.0,09-07,-0.8133331934610979
08-09,-1.0300025939941548,-1.1199989318847656,2.4399986267089844,-1.0500030517578267,-5.459999084472656,2.67999267578125,-7.150001525878906,-3.6800003051757812,-2.5599975585937784,4.660003662109347,-3.1799926757812216,1.5200042724609375,4.0,8.0,09-08,-1.1608330408732144
08-10,-0.40000152587891336,-0.7299995422363281,5.229999542236328,-1.3700027465820455,-4.959999084472656,3.2599945068359375,-8.48000335693358,-3.75,-2.419998168945341,5.1100006103515625,-3.3499908447265057,0.55999755859375,4.0,8.0,09-09,-0.941666920979816
08-11,0.34999847412108664,0.34999847412109375,1.990001678466804,-0.6200027465820455,-4.839996337890625,2.8899993896484233,-5.069999694824247,-4.159996032714844,-2.430007934570341,6.649993896484375,-3.7199859619140057,0.2899932861328125,6.0,6.0,09-10,-0.6933336257934594
08-12,0.3299980163574219,0.3299980163574219,2.0699996948242188,-0.5800018310546875,-4.44000244140625,3.1700057983398438,-6.489997863769531,-3.6100006103515625,-1.289993286132841,7.100006103515653,-4.97999572753902,0.0399932861328125,6.0,6.0,09-11,-0.6958325703938767
08-13,0.5999984741210938,0.6999969482421946,0.3600006103515767,-0.279998779296875,-4.480003356933608,3.25,-6.260002136230469,-2.839996337890639,-2.5,6.990005493164091,-3.8699951171875,1.6999969482421875,6.0,6.0,09-12,-0.5524997711181623
08-14,0.839996337890625,1.8100013732910156,-0.9499969482421733,-0.44000244140625,-1.469993591308608,2.970001220703111,-6.589996337890639,-4.0799942016601705,-0.2699890136718466,9.009994506835938,0.9100036621093466,1.459991455078125,6.0,6.0,09-13,0.2666680018107061
08-15,0.8400001525878906,1.970001220703125,-0.9999961853027202,-0.19999694824221592,-0.31999969482421875,3.8199996948242045,-7.1500015258789205,-3.149993896484389,-0.75,8.930007934570341,0.6300048828125,-2.0800018310546875,5.0,7.0,09-14,0.12833531697590908
08-16,0.5999984741210938,2.3100013732910156,-0.75,-0.04999542236329546,-0.1399993896484375,1.8500061035155966,-6.940002441406264,-2.720001220703125,-1.7200012207030682,6.8800048828125,-0.19000244140627842,-1.2100067138671875,4.0,8.0,09-15,-0.17333316802978752
08-17,0.5200004577636719,1.3600006103515554,-0.5300025939941406,0.34999847412107954,-1.439994812011733,1.8800048828124858,-6.550003051757827,-3.4499969482422017,-0.5899963378905682,4.8899993896484375,-1.8200073242187784,-0.6399993896484375,5.0,7.0,09-16,-0.5016663869222047
08-18,0.35000228881835227,1.7000007629394531,0.5699996948242188,1.2900009155273438,-1.879997253417983,2.0200042724609233,-4.970001220703139,-2.8600006103515625,-0.18000793457028408,3.0099945068359375,-1.470001220703125,-1.1999969482421875,6.0,6.0,09-17,-0.3016668955485044
08-19,-0.18000030517579546,2.3299980163574148,0.5900001525878906,0.7700042724609233,-1.4199981689453267,2.9199981689452983,-4.699996948242202,-2.05999755859375,0.7299957275390057,2.6100006103515625,-2.710006713867216,-1.9900054931640625,6.0,6.0,09-18,-0.2591673533121881
08-20,-0.7600021362304759,2.30999755859375,1.1100006103515483,0.5500030517578125,-0.6700057983398438,2.9800033569335795,-4.180000305175781,-0.5,1.0,3.080001831054716,-0.9300079345703409,-3.0200042724609375,6.0,6.0,09-19,0.08083216349283558
08-21,-0.8400001525879048,2.420001983642571,1.299995422363267,0.7700042724609233,1.1100006103515625,2.0,-0.9499969482422017,-0.8799972534179545,1.930007934570284,5.189987182617159,-1.1199951171875,-4.3600006103515625,7.0,5.0,09-20,0.5475006103515536
08-22,-0.5099983215332102,2.700000762939446,0.8499984741210938,0.849998474121108,1.6500015258789062,3.090003967285142,2.0199966430664062,-1.4699935913085795,0.5200042724609091,5.850006103515653,-0.8600006103515625,-4.9799957275390625,8.0,4.0,09-21,0.8091684977213541
08-23,-0.5,3.220001220703118,-0.75,0.8600006103515767,1.5,4.1199951171875,0.5699996948242188,-1.490005493164034,0.4199981689453409,5.350006103515653,2.6800003051757812,-2.970001220703125,8.0,4.0,09-22,1.0841662089030024
08-24,-0.6100006103515696,3.930000305175774,-2.399997711181662,1.0,2.5400009155273438,4.759994506835923,0.3099975585937358,0.20000457763671875,0.3300018310546875,4.510009765625,2.309997558593764,-7.04998779296875,9.0,3.0,09-23,0.8191684087117471
08-25,-0.05999755859375,3.990001678466804,-1.4200019836425852,1.4100036621093608,2.1500015258789062,4.649993896484361,2.5099945068359233,0.34000396728515625,1.5400085449219034,7.059997558593778,3.8499908447265767,-7.8499908447265625,9.0,3.0,09-24,1.514167149861656
08-26,0.1399993896484446,4.170001983642585,-1.149997711181662,1.5699996948242188,1.55999755859375,4.0199966430664205,-2.1200027465820455,-0.12999725341796875,0.0099945068359375,7.960006713867216,3.940002441406264,-7.8600006103515625,8.0,4.0,09-25,1.0091667175292998
08-27,0.279998779296875,4.370002746582038,-3.94000244140625,1.5100021362304688,2.0500030517578125,5.4199981689453125,-3.230003356933608,-0.45999908447265625,-0.350006103515625,5.550003051757841,1.9100036621093466,-8.539993286132812,7.0,5.0,09-26,0.38083394368489526
08-28,0.4799995422363281,4.510002136230476,-4.270000457763672,1.80999755859375,0.5500030517578125,5.690002441406236,-2.1800003051757955,-1.1100006103515483,-0.5700073242187784,4.319992065429659,2.310012817382841,-9.199996948242188,7.0,5.0,09-27,0.1950003306070934
08-29,0.28000259399415484,4.840000152587891,-3.1700019836425852,1.6299972534179688,0.5100021362304688,4.909996032714844,-1.5,-2.1399993896484375,-1.2700042724609943,3.3000030517578125,2.75,-8.740005493164062,7.0,5.0,09-28,0.11666584014892163
08-30,0.18000030517579546,4.729999542236335,-1.9499969482421733,1.7900009155273438,0.6699981689453125,3.7399978637695312,-2.9800033569335938,-0.25,-1.3200073242187784,3.210006713867159,2.6300048828125,-7.75,7.0,5.0,09-29,0.22500006357828597
08-31,0.8300018310546946,5.409999847412109,-2.5500030517578125,1.5699996948242188,0.6500015258789062,3.7399978637695312,-2.6100006103515483,0.0500030517578125,-2.6199951171875,3.4700012207031534,0.1100006103515625,-6.3000030517578125,8.0,4.0,09-30,0.1458336512247763
09-01,0.990001678466804,4.020000457763679,-2.0800018310546875,1.75,0.31000518798828125,3.1800003051757812,0.9500045776367188,0.30999755859375,-1.279998779296875,4.5,-0.1399993896484375,-4.4600067138671875,8.0,4.0,10-01,0.6708335876464856
09-02,1.1300010681152344,3.7000007629394602,-0.8199996948242188,1.6500015258789205,0.2700042724609375,3.2299957275390625,0.0,0.06999969482421875,-0.42999267578125,4.449996948242159,0.6399993896484375,-4.9499969482421875,8.0,4.0,10-02,0.7450008392333979
09-03,1.2000007629394602,3.3800010681152415,-0.7399978637695384,1.8699951171875,1.0500030517578125,0.5400009155273153,0.7099990844726562,-2.4800033569335938,0.1100006103515625,5.970001220703097,1.25,-0.6699981689453125,9.0,3.0,10-03,1.01583353678385
09-04,0.5699996948242188,3.259998321533203,-0.9500007629394602,1.6999969482421875,0.3899993896484375,0.4600067138671733,2.0400009155273295,-1.6200027465820455,1.32000732421875,6.7599945068359375,3.1399993896484375,0.290008544921875,10.0,2.0,10-04,1.4466673533121703
09-05,-0.759998321533196,3.049999237060547,-2.55999755859375,1.730003356933608,0.25,-0.11999511718751421,-0.7700042724609233,-0.9400024414062358,2.20001220703125,3.1699981689453125,3.419998168945284,0.0600128173828125,7.0,5.0,10-05,0.7275021870930996
09-06,-0.8400001525878906,2.9699974060058594,-2.470001220703125,1.1600036621093892,0.12999725341796875,-0.20000457763670454,-0.01000213623045454,-0.9300003051757812,2.2200012207031534,2.160003662109375,3.789993286132784,-1.019989013671875,6.0,6.0,10-06,0.5799999237060582
09-07,-0.75,4.099998474121094,-3.0800018310546875,1.1200027465820312,-0.9799957275390625,1.0799942016601562,0.8199996948242472,-0.43000030517578125,0.6999969482422159,1.7099914550780966,4.24000549316402,0.970001220703125,8.0,4.0,10-07,0.7916660308837878
09-08,-0.279998779296875,4.3600006103515625,-2.5999984741210938,1.0899963378906108,-0.25,0.8099975585937642,-0.5200042724609233,-0.29000091552734375,1.910003662109375,2.139999389648409,6.710006713867173,-1.0,6.0,6.0,10-08,1.006666819254555
09-09,-0.20999908447265625,3.3899993896484375,-1.2900009155273438,1.4700012207031108,-0.970001220703125,-1.4100036621093608,2.7600021362304688,0.9499969482421875,-0.020004272460994343,1.889999389648409,6.210006713867173,-1.8199920654296875,6.0,6.0,10-09,0.9125003814697182
09-10,0.049999237060546875,3.229999542236328,-0.7799987792968679,1.2600021362304688,-2.9199981689453125,-0.07999420166014204,2.2600021362304688,-0.410003662109375,0.009994506835909078,2.1799926757812216,2.289993286132841,0.970001220703125,8.0,4.0,10-10,0.6716658274332676
09-11,0.29000091552734375,2.9000015258789134,-0.45999908447266336,0.2100067138672017,-3.2700042724609375,0.3600006103515767,2.0500030517578125,0.07999420166014204,0.239990234375,0.6900024414062784,-1.949996948242159,0.100006103515625,9.0,3.0,10-11,0.10333379109701113
09-12,0.5999984741210866,2.9099998474121094,0.8400001525878906,0.06999969482421875,-3.0500030517578125,0.3300018310546875,1.7600021362304688,0.6399993896484233,1.269989013671875,-1.6300048828125,-1.2099914550780966,0.5399932861328125,9.0,3.0,10-12,0.2558320363362636
09-13,1.4000015258789062,2.979999542236328,0.34999847412109375,-0.7699966430664205,-2.6100006103515625,-2.6399993896484375,2.0500030517578267,0.029998779296875,4.199996948242159,-2.160003662109375,-1.55999755859375,2.6199951171875,7.0,5.0,10-13,0.32416629791259527
09-14,2.1899986267089915,2.7099990844726562,0.6000022888183594,-0.25,-1.25,-3.4899978637695312,2.6699981689452983,0.1100006103515625,2.4700012207031534,-1.760009765625,-0.47999572753900566,3.489990234375,7.0,5.0,10-14,0.5841655731201237
09-15,0.859996795654304,2.5300025939941406,-0.06999969482420454,-0.2799987792968892,0.4199981689453125,-5.5999984741210795,1.0499954223632955,-0.6599960327148295,2.199996948242159,-6.120010375976591,1.7900085449219318,-0.529998779296875,6.0,6.0,10-15,-0.3675003051757771
09-16,0.3600006103515696,2.2900009155273438,-0.2599945068359233,-0.2799987792968892,0.7700042724609375,-8.869995117187472,-0.0800018310546875,-0.279998779296875,1.449996948242216,-6.090011596679716,1.180007934570341,-0.29998779296875,5.0,7.0,10-16,-0.8424981435139921
09-17,-0.220001220703125,2.0100021362304688,0.09000396728517046,0.34999847412110796,0.8700027465820312,-7.9800033569335795,-0.30999755859375,0.599998474121108,1.0499877929687216,-6.010009765625,3.169998168945341,0.9300079345703125,8.0,4.0,10-17,-0.4541676839192661
09-18,-0.22999954223633523,1.6500015258789062,0.5800018310546733,1.0,1.1999969482421875,-9.139999389648438,1.1399993896484375,-0.10000610351561079,0.739990234375,-3.9799957275390057,4.759994506835909,-1.079986572265625,7.0,5.0,10-18,-0.28833357493082507
09-19,0.27000045776366477,1.4799995422363281,-0.34999847412109375,2.400001525878892,1.0400009155273438,-9.77999877929686,4.020004272460952,0.829994201660142,5.5699920654296875,-1.0,5.059997558593722,2.089996337890625,9.0,3.0,10-19,0.9691658020019501
09-20,-0.20999908447265625,1.7700004577636719,0.1999969482422017,2.099998474121108,1.4300003051757812,-11.09999847412108,5.1100006103515625,-2.5399932861328267,7.459991455078097,-2.5199890136718466,3.520004272460909,3.0,8.0,4.0,10-20,0.6850010553995768
09-21,0.4900016784667969,1.3500022888183665,-0.49000167846678977,1.94000244140625,2.8800048828125,-9.180000305175753,4.810005187988281,-4.32000732421875,8.929992675781222,-3.419998168945284,4.429992675781222,-0.779998779296875,7.0,5.0,10-21,0.5533329645792655
09-22,-0.4900016784667969,1.6299972534179616,0.720001220703125,3.5199966430664062,2.5400009155273295,-8.680000305175753,4.349998474121108,-4.870002746582031,9.289993286132784,-0.970001220703125,-4.040008544921861,0.339996337890625,7.0,5.0,10-22,0.2783308029174811
09-23,-0.45999908447264914,1.789997100830071,1.0499992370605469,2.8600006103515625,2.1100006103515767,-7.099998474121094,4.6399993896484375,-4.220001220703139,10.869995117187528,-1.419998168945341,-3.720001220703125,-0.510009765625,6.0,6.0,10-23,0.49083201090494794
09-24,-0.4099998474121094,1.4599990844726562,-0.15999984741209516,2.779998779296875,4.1399993896484375,-7.4199981689453125,5.149993896484361,-2.9099960327148295,11.229995727539091,-1.7900085449219034,-2.350006103515568,-0.7400054931640625,5.0,7.0,10-24,0.748331069946295
09-25,-0.30999755859375,1.9600028991699148,1.0900001525879048,1.5699996948242188,5.019996643066406,-5.879997253417969,6.6299972534179545,-4.339996337890639,12.449996948242216,0.2899932861327841,-1.0900115966796875,-1.730010986328125,7.0,5.0,10-25,1.304997762044269
09-26,-0.3300018310546946,1.7800025939941406,2.0400047302246307,1.7399978637695312,5.029998779296875,-5.879997253417969,8.15999603271483,-4.1699981689453125,10.699996948242216,-0.69000244140625,1.04998779296875,-2.029998779296875,7.0,5.0,10-26,1.4499988555908228
09-27,-0.7299995422363281,1.950000762939446,-0.13000106811524148,1.7299957275390625,5.3699951171875,-3.910003662109389,8.939994812011719,-5.260002136230469,12.610000610351562,-0.75,1.29998779296875,-1.8699951171875,6.0,6.0,10-27,1.6041644414265928
09-28,-1.1800003051757812,1.4099998474121094,1.2399978637695312,1.829994201660142,5.659996032714844,-3.410003662109389,8.56999969482419,-4.830001831054673,12.889999389648438,-0.6999969482421591,-1.8800048828125,-3.1399993896484375,6.0,6.0,10-28,1.3716650009155262
09-29,-0.9099998474121094,1.259998321533196,0.5899963378906321,1.6100006103515625,5.399993896484375,-2.470001220703125,7.150001525878892,-2.709999084472642,12.350006103515625,-1.2200012207030966,-1.029998779296875,-3.910003662109375,6.0,6.0,10-29,1.342499415079755
09-30,-1.3199996948242188,1.6100006103515625,0.799999237060554,1.6100006103515625,5.6999969482421875,-1.7999954223632812,7.1300048828125,-3.5699996948241903,10.589996337890625,-2.7200012207030966,-0.20001220703127842,-10.520004272460938,6.0,6.0,10-30,0.6091655095418324
10-01,-0.24000167846680398,1.8199996948242188,3.4199981689453125,2.0100021362304688,5.6699981689453125,1.259994506835966,7.310005187988281,-3.1100006103515625,10.55999755859375,-2.1399993896484375,-0.8700103759765625,-8.960006713867188,7.0,5.0,10-31,1.394164721171063
10-02,-0.15999984741210938,1.8900032043457102,3.5199966430664205,1.94000244140625,5.5,1.7099990844726705,6.5500030517578125,-3.4799957275390767,8.779998779296875,0.2700042724609375,0.839996337890625,-7.8800048828125,9.0,3.0,11-01,1.6233336130778013
10-03,0.04000091552734375,2.0700035095214844,2.30999755859375,1.8199996948242188,6.209999084472656,0.43000030517580967,6.6100006103515625,-2.819999694824247,7.30999755859375,0.9600067138671875,1.6499938964844034,-11.039993286132841,10.0,2.0,11-02,1.295833905537923
10-04,-0.7700004577636719,2.0200004577636648,1.2100028991699148,1.5500030517578267,5.480003356933594,2.1800003051757812,6.269996643066392,-3.4800033569335938,7.089996337890625,0.6399993896484375,-0.82000732421875,-11.1199951171875,8.0,4.0,11-03,0.8541663487752267
10-05,-0.3299980163574219,1.0800018310546804,1.2900009155273438,1.1699981689453267,6.0200042724609375,2.9199981689453125,7.4099960327148295,-4.319999694824219,6.789993286132841,0.8899993896484375,-1.120010375976591,-9.539993286132841,8.0,4.0,11-04,1.021665891011553
10-06,-1.3600006103515625,0.9800033569335938,0.8299980163574148,2.05999755859375,6.7800064086914205,2.5999984741210938,8.540000915527344,-3.8899993896484375,6.7599945068359375,1.4300079345703125,-1.960006713867159,-7.7599945068359375,8.0,4.0,11-05,1.250833829243981
10-07,-1.1899986267089844,0.9700012207031179,0.5099983215332102,1.4599990844726562,6.44000244140625,6.230003356933608,6.959999084472642,-4.3799972534179545,6.479995727539006,1.289993286132784,-2.9300079345703125,-8.480010986328125,8.0,4.0,11-06,1.1133314768473248
10-08,-1.4199981689453054,0.9600028991699219,-0.09000396728517046,1.3499984741210938,7.199996948242202,3.9099960327148438,6.860000610351548,-4.770004272460923,6.6300048828125,2.80999755859375,-1.419998168945341,-9.490005493164062,7.0,5.0,11-07,1.044165611267088
10-09,-2.220001220703125,1.4600028991699219,-0.30999755859375,2.5999984741210795,7.0800018310546875,6.739997863769531,6.56999969482419,-4.690002441406236,6.309997558593722,3.370010375976534,1.740005493164091,-11.57000732421875,8.0,4.0,11-08,1.423333803812658
10-10,-2.549999237060554,1.3500022888183452,-0.43000030517578125,2.1199951171875,5.260002136230469,7.589996337890625,6.3400039672851705,-3.1399993896484233,5.8700103759765625,7.0200042724609375,1.9000091552734375,-12.080001831054688,8.0,4.0,11-09,1.6041685740153
10-11,-2.2299995422363352,1.0300025939941406,0.9000015258789062,2.3699951171875,3.5900039672851562,9.889999389648438,5.9300003051757955,-0.5899963378906392,4.670013427734375,10.910003662109375,-0.3699951171875,-9.589996337890625,8.0,4.0,11-10,2.2091693878173824
10-12,-1.779998779296882,1.0199966430664062,-0.8000030517578054,2.3699951171875,2.8899993896484233,9.079994201660156,4.849998474121108,2.339996337890639,4.490005493164034,10.8800048828125,0.7099914550780966,-5.7599945068359375,9.0,3.0,11-11,2.5241654713948534
10-13,0.220001220703125,0.3699989318847656,-0.7000045776367259,1.050003051757784,4.249999999999986,9.699996948242173,6.0,2.0499954223632812,4.890014648437528,11.350006103515597,2.279998779296875,-0.0800018310546875,10.0,2.0,11-12,3.4483340581258086
10-14,0.31999969482422586,0.20999908447265625,-1.1900024414062287,1.2700042724609233,4.489997863769531,11.900001525878892,7.3300018310546875,2.75,4.230010986328125,11.389999389648409,1.2599945068359375,-0.3000030517578125,10.0,2.0,11-13,3.638333638509112
10-15,-0.06999969482420454,0.3800010681152344,0.3300018310546875,1.0800018310546733,3.629997253417983,10.540000915527344,4.709999084472656,1.0500030517578267,3.4400024414062784,11.669998168945284,-1.489990234375,0.6100006103515625,10.0,2.0,11-14,2.9900013605753606
10-16,0.4099998474121165,0.05999755859375,1.4599990844726562,-0.04000091552734375,2.2299957275390625,11.970001220703125,3.6200027465820455,-0.01999664306639204,3.6399993896484375,8.119995117187472,-3.8999938964843466,-0.3000030517578125,8.0,4.0,11-15,2.2708330154418976
10-17,-0.00999832153321023,-0.19000244140625,1.1200027465820455,-1.730003356933608,1.3699951171875,10.050003051757798,2.3299942016601705,-1.8899993896484233,-1.29998779296875,4.789993286132784,-4.899993896484347,3.9799957275390625,6.0,6.0,11-16,1.1349999109903977
10-18,0.2700004577636719,0.279998779296875,0.5699996948242188,-3.250000000000014,1.7099990844726705,9.870002746582017,1.9399948120117188,0.9099960327148438,-1.5799865722655966,4.75,3.570007324218736,5.579986572265625,10.0,2.0,11-17,2.051666577657064
10-19,1.029998779296868,-0.15000152587890625,1.7600021362304545,-2.5900039672851705,2.720001220703111,8.960006713867173,3.279998779296889,1.7700042724609375,-2.9399871826171875,5.199996948242216,2.9400024414062784,6.529998779296875,9.0,3.0,11-18,2.375834782918295
10-20,1.5799980163574219,-0.539997100830071,1.87000274658201,-2.7099990844726562,3.190002441406236,9.100006103515597,3.910003662109375,1.489997863769517,-3.29998779296875,5.820007324218778,6.919998168945284,6.3000030517578125,9.0,3.0,11-19,2.802502950032546
10-21,2.009998321533196,-0.9300003051757741,0.6200027465820099,-2.589996337890625,3.1000061035155966,8.470001220703125,5.040000915527358,2.9199981689453267,-4.75,7.310012817382841,6.809997558593778,6.920013427734375,9.0,3.0,11-20,2.9108362197876008
10-22,1.3800010681152415,-0.75,-0.7900047302246307,-2.529998779296875,2.5,7.540000915527358,3.1399993896484375,2.9599990844726562,-5.6199951171875,9.050003051757841,5.6200103759765625,5.7700042724609375,8.0,4.0,11-21,2.355834960937502
10-23,1.779998779296875,-0.14999771118164062,-0.8800048828125142,-1.6399993896484375,3.0500030517578125,6.130004882812528,2.3600006103515483,1.75,-5.690002441406278,8.800003051757841,6.040008544921847,5.6100006103515625,8.0,4.0,11-22,2.2633345921834285
10-24,2.3400001525878906,-0.14999771118164062,-1.7900047302246307,-1.0699996948242188,2.8000030517578125,5.630004882812528,2.5499954223632812,1.3899993896484375,-3.710006713867216,8.979995727539062,8.440002441406222,6.8800048828125,8.0,4.0,11-23,2.690833091735836
10-25,2.220001220703132,-0.3600006103515554,-0.75,-1.470001220703125,3.0600051879882812,4.1100006103515625,2.540000915527358,1.0400009155273438,-4.0200042724609375,7.9799957275390625,7.589996337890597,6.8800048828125,8.0,4.0,11-24,2.4016666412353516
10-26,2.5999984741210866,-0.2200012207031179,-1.589996337890632,-1.2300033569335938,2.809997558593764,3.7900009155273438,2.8299942016601705,-1.8199996948242472,-3.470001220703125,9.479995727539062,7.260009765625,6.8800048828125,7.0,5.0,11-25,2.276666641235351
10-27,2.6699981689453054,-0.700000762939446,-2.599998474121101,-1.230003356933608,2.8600006103515625,2.809997558593736,2.5799942016601705,-2.9599990844726847,-3.44000244140625,4.440002441406278,8.890014648437557,7.70001220703125,7.0,5.0,11-26,1.7516679763793974
10-28,3.6100006103515625,-0.69000244140625,-2.699996948242209,-1.2600021362304688,3.239997863769517,2.089996337890611,1.55999755859375,-2.5900039672851705,-2.710006713867216,4.679992675781278,8.0,12.490005493164062,7.0,5.0,11-27,2.1433315277099556
10-29,3.3199996948242188,-0.8700027465820241,-2.3999977111816406,-1.730003356933608,2.489997863769517,1.1399993896484375,0.6699981689452983,-2.9199981689452983,-1.9900054931640625,3.819992065429716,8.059997558593722,13.660003662109403,7.0,5.0,11-28,1.9374984105428066
10-30,4.130001068115234,-0.3999977111816335,-3.1199989318847656,-2.0100021362304688,2.2699966430664205,-0.34000396728514204,1.0100021362304688,-1.8600006103515625,-1.899993896484375,2.470001220703125,4.330001831054659,13.740005493164062,6.0,6.0,11-29,1.5266675949096686
10-31,3.80999755859375,-1.3899993896484304,-2.0200004577636648,-1.529998779296875,2.4499969482422017,-1.0800018310546733,-0.20999908447265625,-2.8600006103515625,0.6100006103515625,6.4499969482421875,5.1300048828125,12.160003662109403,6.0,6.0,11-30,1.793333371480312
11-01,3.3999977111816406,-1.779998779296868,-0.6000022888183452,-2.2099990844726562,1.6899948120117188,-0.25,0.20000457763673296,-2.8599929809570312,-0.16999816894528408,5.6199951171875,5.970001220703068,12.160003662109403,6.0,6.0,12-01,1.7641671498616567
11-02,3.3499984741210938,-2.3300018310546804,1.0800018310546733,-1.6100006103515625,1.9500045776367188,0.7900009155273438,-0.9300003051757955,-3.559997558593764,-0.11999511718744316,5.760009765625028,7.5200042724609375,12.160003662109403,7.0,5.0,12-02,2.005002339680996
11-03,4.579998016357422,-1.7700042724609375,0.3800048828125,-1.569999694824233,1.6300048828125,0.5699996948242188,0.40000152587890625,-3.7299957275390767,-0.2700042724609375,3.6500091552734375,7.260009765625,12.350006103515625,8.0,4.0,12-03,1.9566691716512021
11-04,4.360000610351555,-2.3400039672851562,0.5999984741210795,-1.0599975585937358,1.25,-0.1100006103515625,0.1100006103515625,-3.809997558593764,-0.4299926757812216,4.6999969482421875,7.1300048828125,11.45001220703125,7.0,5.0,12-04,1.8208351135253913
11-05,3.900001525878899,-2.2300033569335795,0.4499969482421875,-1.1399993896484517,1.1600036621093608,-1.0999984741210938,-0.2799987792968892,-5.2800064086914205,0.220001220703125,4.6999969482421875,6.740005493164091,11.090011596679688,7.0,5.0,12-05,1.5191675821940087
11-06,3.5800018310546804,-1.7300033569335938,-0.5299987792968679,-1.1500015258789062,0.5899963378906108,-1.290000915527358,0.1300048828124858,-4.700004577636719,-0.75,3.6399993896484375,8.419998168945284,8.600006103515625,6.0,6.0,12-06,1.23416646321614
11-07,3.410003662109389,-1.7700004577636648,-0.6399993896484375,-0.3699951171875,0.9399948120117188,-0.4799957275390767,-0.04999542236328125,-4.720001220703139,-0.10000610351565342,1.279998779296875,7.950012207031278,4.7700042724609375,5.0,7.0,12-07,0.8516683578491205
11-08,3.6100006103515625,-2.1300010681152344,-1.3699989318847656,0.31999969482421875,-0.42000579833984375,-1.2600021362304545,2.1100006103515767,-4.990005493164034,-0.260009765625,0.7299957275390625,6.3800048828125,4.7700042724609375,6.0,6.0,12-08,0.6241652170817105
11-09,3.6200027465820312,-1.9999961853027273,0.9199981689453054,0.09999847412107954,-1.3199996948242188,-0.3099975585937358,2.4800033569335938,-9.20999908447267,0.709991455078125,0.69000244140625,7.580001831054716,4.7700042724609375,8.0,4.0,12-09,0.6691675186157239
11-10,3.020000457763672,-1.5,0.32999420166015625,0.37000274658203125,0.15000152587889204,-0.3000030517578125,0.9700012207031108,-8.44000244140625,1.4999999999999716,0.290008544921875,8.400009155273438,2.57000732421875,9.0,3.0,12-10,0.6133349736531528
11-11,3.509998321533196,-1.4699974060058594,-0.8000030517578125,0.7699966430664062,0.15000152587889204,-0.8600006103515767,0.29000091552734375,-7.370002746582031,0.25,-0.19000244140625,8.520004272460938,3.0500030517578125,7.0,5.0,12-11,0.4874998728434215
11-12,3.2299957275390696,-1.2199974060058594,-1.130004882812507,0.9199981689453125,0.5800018310546733,-2.510002136230483,1.8800048828125,-5.610000610351577,0.8300018310546875,-0.3600006103515625,8.639999389648438,2.5500030517578125,7.0,5.0,12-12,0.6499999364217087
11-13,2.9499969482421875,-2.0799980163574148,-0.3800048828125,1.589996337890625,-0.2299957275390625,-2.8300018310547017,2.2700042724609517,-4.339996337890611,1.3800048828125,1.82000732421875,9.709991455078125,0.95001220703125,7.0,5.0,12-13,0.9008347193400082
11-14,2.5799980163574148,-2.229999542236328,-1.400005340576186,1.6900024414062642,-0.80999755859375,-1.920005798339858,1.4199981689453125,-1.2399978637695312,3.1100006103515625,2.850006103515625,10.019989013671847,0.0,6.0,6.0,12-14,1.1724990208943644
11-15,2.6599998474121307,-2.279998779296875,-1.6299972534179688,1.8899993896484375,-1.279998779296875,-1.5800018310546733,0.45999908447265625,-0.43000030517578125,3.7899932861328125,2.600006103515625,6.039993286132841,0.0,6.0,6.0,12-15,0.8533328374226942
11-16,2.770000457763679,-0.3699989318847656,-1.2200012207031108,1.7699966430664062,-3.1399993896484233,-3.870002746582017,0.9300003051757812,-1.3700027465820455,4.0200042724609375,1.1100006103515625,6.509994506835909,0.0,6.0,6.0,12-16,0.5949993133544927
11-17,2.5699996948242188,-0.490001678466804,-0.759998321533196,1.5,-2.9500045776367045,-4.340003967285142,2.6299972534179545,-1.5800018310547017,4.8899993896484375,0.1100006103515625,6.550003051757784,0.0,6.0,6.0,12-17,0.677499135335284
11-18,2.4800033569335938,-1.2600021362304688,-0.6699981689453125,1.44000244140625,-2.930000305175753,-6.0699996948242045,2.5800018310546875,-0.37000274658204546,3.7200012207031534,-14.729995727539062,6.959991455078097,0.0,5.0,7.0,12-18,-0.7374998728434221
11-19,2.3700027465820312,-1.2600021362304688,1.0600013732910227,1.69000244140625,-4.1999969482421875,-4.690002441406264,2.760002136230483,0.8899993896484375,4.530014038085966,-18.589996337890625,8.739990234374972,0.0,7.0,4.0,12-19,-0.5583321253458653
11-20,2.4900016784667898,-1.2199974060058736,1.3600044250488352,1.279998779296875,-2.5100021362304688,-4.1100006103515625,2.7699966430664062,0.8799972534179545,3.870010375976591,-16.029998779296903,7.250000000000028,0.0,7.0,4.0,12-20,-0.33083248138427734
11-21,1.7800025939941335,-1.079998016357429,0.5900001525879048,1.040000915527358,-2.559997558593764,-3.7900009155273438,0.8700027465820312,1.0199966430664062,3.44000244140625,-14.3800048828125,6.750000000000028,0.0,7.0,4.0,12-21,-0.5266663233439104
11-22,1.680004119873054,-1.1299972534179759,1.619995117187493,1.0699996948242188,-2.6100006103515625,-0.06999969482419033,-0.8199996948242045,2.920005798339858,3.870010375976591,-14.6199951171875,5.119995117187472,0.0,6.0,5.0,12-22,-0.24749851226806227
11-23,1.6400032043457102,-0.5299987792968821,2.9699974060058594,1.0699996948242188,-3.649993896484361,-1.3299942016601562,-1.1899948120117188,2.2399978637695455,3.1500091552734375,-14.6199951171875,8.170013427734403,0.0,6.0,5.0,12-23,-0.1733296712239536
11-24,1.349998474121108,-0.9500007629394531,3.6899986267089844,1.6600036621093892,-3.5400009155273295,-0.1399993896484375,0.6699981689453125,1.1800003051758097,3.1500091552734375,-13.099990844726562,8.880004882812528,0.0,7.0,4.0,12-24,0.23750178019206558
11-25,1.2299995422363423,0.04000091552734375,3.6899986267089844,1.6600036621093892,-3.5400009155273295,0.04000091552731533,0.75,1.1800003051758097,3.05999755859375,-13.099990844726562,8.880004882812528,0.0,9.0,2.0,12-25,0.32416788736979757
11-26,1.6399993896484517,0.04000091552734375,2.5900001525878835,1.1800003051757812,-3.029998779296889,-2.9300003051757812,0.3399963378906108,2.1800003051758097,2.959991455078125,-13.279998779296875,9.270004272460966,0.0,8.0,3.0,12-26,0.07999960581461885
11-27,1.6399993896484517,0.1100006103515625,2.8100013732910085,1.209999084472642,-2.9200057983398295,-3.970001220703125,0.3399963378906108,2.3100051879882812,2.019989013671875,-20.3800048828125,8.17999267578125,0.0,8.0,3.0,12-27,-0.720835685729981
11-28,1.7299995422363281,0.3400001525878906,3.6100044250488352,0.8799972534179688,-2.600006103515611,-3.970001220703125,2.25,2.8300018310547017,0.0699920654296875,-19.730003356933594,8.439987182617188,0.0,8.0,3.0,12-28,-0.5125023523966442
11-29,1.8599967956542969,0.020000457763671875,3.23999786376951,0.9499969482422017,-2.600006103515611,-3.44000244140625,2.480003356933608,3.4300003051757812,0.760009765625,-19.14000701904297,8.439987182617188,0.0,8.0,3.0,12-29,-0.33333524068196435
11-30,2.1000022888183594,0.5,0.7299957275390767,0.43999481201170454,-1.7399978637695312,-2.970001220703111,1.980003356933608,3.7999954223632955,1.2400054931640625,-20.18999481201172,8.470001220703125,0.0,8.0,3.0,12-30,-0.4699996312459274
12-01,1.4300041198730469,-0.28999710083008523,1.0,0.43999481201171875,-1.9300003051757812,-2.6999969482421875,1.6699981689453125,3.720001220703139,0.5900115966797159,-18.800003051757812,8.389999389648438,0.0,7.0,4.0,12-31,-0.5399990081787079
12-02,1.0600013732910227,-0.4699974060058665,1.9799957275390554,0.43999481201171875,-1.9300003051757812,-3.1800003051757955,1.9799957275390767,3.1399993896484375,1.560012817382841,-18.800003051757812,8.389999389648438,0.0,7.0,4.0,01-01,-0.48583348592122216
12-03,0.7799987792968608,-0.43000030517579546,2.089996337890625,-0.16999816894528408,-1.6699981689453267,-2.3600006103515625,3.2399978637695312,3.159996032714858,1.550003051757841,-18.94001007080078,8.139999389648438,0.0,6.0,5.0,01-02,-0.38416798909504973
12-04,0.5800018310546875,-0.26000213623047586,2.5199966430664062,0.23999786376954546,-2.0400009155273295,-2.1999969482422017,1.0800018310546733,3.5499954223632812,0.7100067138671875,-16.97999572753909,6.489990234375,0.0,7.0,4.0,01-03,-0.5258337656656931
12-05,0.540000915527358,-0.3500022888183594,2.220001220703125,0.8699951171875142,-1.3800048828125,-3.1500015258789205,0.45999908447265625,3.2699966430664205,-0.4400024414062216,-18.160003662109375,6.309997558593722,0.0,6.0,5.0,01-04,-0.8175020217895484
12-06,0.04000091552735796,0.6199989318847656,2.389995574951172,0.7899932861328125,-2.850006103515611,-3.9499969482421875,-0.5999984741210938,3.779998779296861,-0.4999999999999716,-18.160003662109375,5.489990234375,0.0,6.0,5.0,01-05,-1.0791689554850226
12-07,0.30999755859375,1.039997100830071,1.0300064086914205,0.3899993896484375,-3.410003662109361,-4.0,-2.839996337890625,4.5500030517578125,0.5500030517578409,-17.67999267578125,5.470001220703125,0.0,7.0,4.0,01-06,-1.2158320744832316
12-08,-0.31999969482421875,0.8600006103515696,1.7000045776367259,0.1399993896484375,-2.590003967285142,-4.7299957275390625,-1.5199966430664062,4.660003662109389,-0.02999877929684658,-19.539993286132812,3.779998779296875,0.0,5.0,6.0,01-07,-1.4658317565917909
12-09,0.06999969482421875,1.25,0.9500045776367188,0.9500045776367188,-2.1100006103515483,-4.770004272460923,-1.7600021362304688,3.3899993896484233,-0.5899963378906534,-17.42999267578125,3.600006103515625,0.0,6.0,5.0,01-08,-1.3708318074544283
12-10,-0.31999969482420454,1.4000015258789134,1.890003204345689,0.8000030517578125,0.15000152587890625,-0.6800003051757528,-2.25,1.5,0.57000732421875,-18.249992370605455,4.989990234375,0.0,7.0,4.0,01-09,-0.8499987920125284
12-11,-0.40000152587892046,1.3499984741210938,1.3200035095214844,0.31000518798828125,1.0500030517578125,-1.1600036621093608,-1.2900009155273438,0.9400024414062358,0.75,-16.539993286132784,3.980010986328125,0.0,7.0,4.0,01-10,-0.807497978210448
12-12,-0.9699974060058594,0.7399978637695312,1.4200019836425781,0.7700042724609375,3.0,1.129997253417983,-2.9300003051757812,0.9199981689453125,1.5399932861328125,-18.170013427734403,3.6200103759765625,0.0,8.0,3.0,01-11,-0.7441673278808606
12-13,-0.75,0.2999992370605469,1.839996337890625,0.9800033569335938,2.8100051879882812,2.4300003051757812,-3.9899978637695312,0.2700042724609375,1.0800018310546875,-18.910003662109403,3.5800018310546875,0.0,8.0,3.0,01-12,-0.8633324305216495
12-14,-0.7399978637695455,-0.5,1.9499969482421875,1.0400009155273438,3.3600006103515483,0.9800033569335795,-4.5800018310546875,-0.2599945068359233,2.32000732421875,-4.070007324218778,3.600006103515625,0.0,6.0,5.0,01-13,0.2583344777425083
12-15,-0.18000030517578125,-0.06999969482421875,1.1299972534179688,1.25,3.3699951171874716,0.6200027465820312,-5.8899993896484375,-1.1599960327148438,1.5099945068359375,0.5700073242187784,3.2700042724609375,0.0,7.0,4.0,01-14,0.3683338165283203
12-16,0.1699981689452983,0.09999847412110086,0.8299942016601562,1.4099960327148438,3.1299972534179545,2.0,-8.230003356933594,-1.1499938964843608,2.1699981689453125,0.6100006103515625,3.910003662109375,0.0,9.0,2.0,01-15,0.41249910990397076
12-17,0.5,-0.04000091552734375,1.5999984741210866,1.6199951171875,4.05999755859375,-0.06999969482421875,-6.620002746582031,-1.2899932861328125,2.989990234375,-0.8600006103515625,2.9600067138671875,0.0,6.0,5.0,01-16,0.40416590372721295
12-18,0.5999984741210795,0.009998321533203125,1.7000045776367259,1.4200057983398438,2.160003662109361,-2.809997558593764,-4.9300003051757955,-1.3999938964843608,3.959991455078125,-1.0599975585937216,3.8199920654296875,0.0,7.0,4.0,01-17,0.2891670862833653
12-19,0.6399993896484233,0.4199981689453125,1.7300033569335866,1.9500045776367188,2.8199996948242045,-1.5500030517577983,-4.560005187988281,-1.4199981689453125,5.0800018310546875,0.4299926757812216,1.6599884033203125,0.0,8.0,3.0,01-18,0.5999984741210896
12-20,0.7699966430664205,0.05999755859375,0.6000061035156392,1.8300018310546875,2.7100067138671733,-2.739997863769517,-2.69000244140625,-0.7900009155273295,5.8199920654296875,-0.23001098632815342,0.9499969482421875,0.0,7.0,4.0,01-19,0.5241654713948579
12-21,0.2299957275390625,-0.24000167846679688,0.31999969482423296,2.3100051879882955,2.7700042724609233,-4.25,-4.5800018310546875,-0.6100006103515625,5.9199981689453125,-0.05000305175784092,0.5699920654296875,0.0,6.0,5.0,01-20,0.19916566212971887
12-22,0.8199996948242188,0.5400009155273509,0.09999847412110796,2.5600051879882955,2.6100006103515625,-2.6999969482421733,-5.209999084472656,-0.7400054931640341,6.8600006103515625,5.199996948242159,1.7599945068359375,0.0,8.0,3.0,01-21,0.9833329518636109
12-23,0.5800018310546733,0.31000137329102273,-0.7000045776367188,2.880004882812514,3.029998779296889,-2.9899978637695312,-7.739997863769517,-1.2600021362304545,6.8300018310546875,6.25,2.7299957275390625,0.0,7.0,4.0,01-22,0.826666831970219
12-24,0.45000457763670454,0.6300010681152415,-0.829994201660142,3.2100067138672017,1.9700012207031108,-2.6899948120117188,-7.970001220703125,-1.7100067138671733,7.2700042724609375,7.850006103515597,3.3400115966796875,0.0,7.0,4.0,01-23,0.96000321706136
12-26,-0.9700012207031179,0.7299995422363281,-1.019996643066392,2.6800003051757812,1.779998779296875,-3.159996032714858,-7.279998779296889,-2.0,1.7400054931640625,2.090003967285128,2.4199981689453125,0.0,6.0,5.0,01-25,-0.2491655349731475
12-27,-1.7400016784667969,0.29000091552735086,-1.019996643066392,2.760002136230483,1.970001220703125,-1.5699996948242045,-6.470001220703125,-4.150001525878892,1.4999999999999716,1.389999389648409,2.5,0.0,6.0,5.0,01-26,-0.37833309173583923
12-28,-1.720001220703118,-0.9699974060058594,-0.2299957275390767,3.369995117187486,0.43999481201171875,-3.130004882812486,-6.819999694824219,-2.2999954223632955,1.5100097656249716,1.5300064086913778,3.2299957275390625,0.0,5.0,6.0,01-27,-0.42416604359945315
12-29,-2.1500015258789062,-1.5300025939941335,-0.659996032714858,2.999999999999986,-1.6900024414062358,-3.0699996948242045,-2.8499984741210938,-2.6899948120117188,2.350006103515625,-2.020004272460909,3.0200042724609375,0.0,3.0,8.0,01-28,-0.6908324559529593
12-30,-1.470005035400412,-1.3400001525878835,-0.3600006103515767,3.8199996948242045,-2.3600006103515483,-3.2700042724609375,-1.6199951171875,-2.409996032714858,5.1699981689453125,-0.8200073242187216,3.4499969482421875,0.0,3.0,8.0,01-29,-0.10083452860514441
12-31,-0.9700050354004119,-1.25,-0.18000030517578125,3.5200042724609233,-1.4899978637695312,-3.089996337890625,-0.55999755859375,-4.0,6.100006103515625,-0.05999755859372158,3.6300048828125,0.0,3.0,8.0,01-30,0.13750171661376895
