,2009,2010,2011,2012,2013,2014,2015,2016,2017,2018,2019,2020,ups,downs,end_day_sum,avg
01-02,0.0830613374710083,-0.04731869697570801,-0.15573501586914062,0.2269434928894034,0.4724788665771493,0.34130334854125977,0.23051977157592685,-0.5646958351135254,0.05806922912597745,-0.5876445770263672,1.3335504531860352,0.18613433837890625,8.0,4.0,02-01,0.13138889273007712
01-03,-0.09967362880706787,0.007886648178100586,-0.15573501586914062,0.25058364868163974,0.41085290908813565,0.38046789169311523,0.30331802368163974,-0.4650449752807626,0.13791656494140714,-0.5320568084716797,1.3162312507629395,0.13029384613037287,8.0,4.0,02-02,0.14042002956072497
01-04,-0.12293136119842529,-0.015773296356201172,-0.13410282135009766,0.326230525970459,0.3235454559326181,0.3524913787841797,0.18805885314941317,-0.38532304763794034,0.036292076110839844,-0.4605875015258789,1.2642755508422852,0.1396007537841797,7.0,5.0,02-03,0.12598138054211927
01-05,-0.09635138511657715,0.13012647628784135,-0.10382413864135742,0.3120465278625497,0.40058183670043945,0.42522621154785156,0.1395277976989746,-0.5115485191345224,0.13791370391845703,-0.3414707183837873,1.1690220832824707,0.09306716918945312,8.0,4.0,02-04,0.14619308710098278
01-06,-0.26579713821411133,0.031545877456664595,-0.06489086151123047,0.36878252029418945,0.4673438072204599,0.3301105499267578,0.13345956802368164,-0.4584026336669922,0.05080986022949219,-0.6194086074829119,1.1170668601989746,0.1116800308227539,8.0,4.0,02-05,0.10019165277481068
01-07,-0.16944563388824463,-0.023657798767089844,-0.047585487365722656,0.5106201171875,0.369764804840087,0.24058961868286133,-0.0667285919189462,-0.38532495498657227,0.1959848403930664,-0.7702903747558612,1.1776814460754395,0.25128078460693537,6.0,6.0,02-06,0.10690739750862106
01-08,-0.15947794914245628,-0.0473177433013916,0.017303466796875,0.5720834732055664,0.4776158332824707,0.3189220428466797,-0.07279491424560636,-0.38532495498657227,0.2250213623046875,-1.0561728477478045,0.9352169036865234,0.18613529205322266,7.0,5.0,02-07,0.08426749706268287
01-09,-0.07309424877166748,-0.1971588134765625,0.0,0.6051788330078125,0.4416651725769043,0.3021354675292969,-0.024264335632325995,-0.2391657829284668,0.23227882385253906,-0.9529385566711408,0.9265580177307138,0.2605886459350586,6.0,6.0,02-08,0.10681526859601347
01-10,0.00664556026458718,-0.2563064098358159,-0.0086517333984375,0.6571884155273438,0.43652915954589844,0.25177907943725586,0.07886171340942383,-0.3786797523498544,0.13791704177856534,-0.849703311920166,0.7706890106201172,0.16752147674560725,8.0,4.0,02-09,0.08448252081871042
01-11,0.04319190979003906,-0.3233416080474858,0.0519108772277832,0.5578985214233407,0.40057945251464844,0.313326358795166,-0.10312891006469727,-0.604557991027832,0.2758345603942871,-0.8099970817565936,0.7273902893066424,0.09306812286376953,8.0,4.0,02-10,0.05184787511825565
01-12,0.04983806610107422,-0.31939768791198775,0.06489276885986328,0.6240921020507812,0.2978672981262216,0.3524909019470215,-0.1395254135131836,-0.7640013694763184,0.26131582260131836,-0.7226452827453613,0.5368824005126971,0.08376026153564275,8.0,4.0,02-11,0.027130822340647415
01-13,-0.07641685009002686,-0.30362653732299805,0.017305850982666904,0.5626282691955558,0.33895158767700195,0.4252290725708008,-0.14559221267700284,-0.5115475654602051,0.13791656494140447,-0.8735294342041025,0.5455417633056658,0.1302947998046875,7.0,5.0,02-12,0.020596275726953994
01-14,-0.0033224821090700463,-0.3115122318267822,-0.008649826049804688,0.5957250595092773,0.3440876007080078,0.4364171028137207,-0.1698589324951172,-0.5049033164978027,0.15969276428222656,-0.7941169738769531,0.5715198516845721,0.15821456909179688,6.0,6.0,02-13,0.039441098769505946
01-15,-0.049837231636047585,-0.3627743721008301,0.02162981033325284,0.47279834747314453,0.2619185447692871,0.36368227005004883,-0.2365865707397452,-0.3255300521850577,0.18146800994873047,-0.7147059440612784,0.6148185729980451,0.21405410766601562,7.0,5.0,02-14,0.03674462437629713
01-16,-0.11628592014312766,-0.4298076629638672,0.07786607742309659,0.49643802642822266,0.22083377838134766,0.31891965866088867,-0.2244539260864249,-0.3587474822998047,0.18146800994873047,-0.7067627906799316,0.6148195266723633,0.1582145690917951,7.0,5.0,02-15,0.019375155369440695
01-17,0.07309436798095681,-0.382488489151001,0.12545490264892667,0.40187883377075195,0.13866090774536133,0.4587979316711426,-0.17592382431030273,-0.47168827056884766,0.043551445007325995,-0.8179397583007812,0.6494560241699201,0.1302928924560547,8.0,4.0,02-16,0.014428913593292292
01-18,0.09302914142608643,-0.3864316940307613,0.1211256980896005,0.3498697280883789,0.07703542709350497,0.39725255966186523,-0.10312795639038086,-0.41853904724121094,-0.029036521911621982,-0.7305870056152326,0.5801801681518572,0.10237312316894531,7.0,5.0,02-17,0.004428635040919245
01-19,0.07973921298980713,-0.2878518104553218,0.1860179901123047,0.30731964111328214,0.08730602264404208,0.4196314811706543,-0.14559221267700284,-0.272383689880372,0.10162353515625,-0.7861766815185547,0.4156532287597674,0.10237312316894531,8.0,4.0,02-18,0.01730498671531681
01-20,-0.0830610990524292,-0.22870445251464755,0.21629905700683505,0.24112510681152433,-0.005135536193847656,0.43082332611084073,-0.1819896697998047,0.0332164764404288,0.07984590530395685,-0.8179397583007812,0.4329710006713885,0.19544124603271307,7.0,5.0,02-19,0.026074300209681416
01-21,-0.2657967805862427,-0.1932153701782222,0.15573501586914062,0.14183855056762695,-0.015406608581543857,0.47558116912841797,-0.1395244598388663,-0.05314922332763583,-0.007258415222167081,-0.7782344818115234,0.4502906799316424,0.19544124603271307,5.0,7.0,02-20,-0.0028082231680550316
01-22,-0.19934701919555642,-0.1537828445434566,0.10814952850341708,0.14656734466552646,0.0359482765197745,0.44760704040527344,-0.2244520187377912,-0.23252296447753906,0.07984638214111506,-0.7147035598754892,0.5282249450683612,0.14890670776367188,7.0,5.0,02-21,-0.002463181813557739
01-23,-0.23257160186767578,-0.07097864151000977,0.13843059539794833,0.20802879333496005,-0.05135631561279297,0.44201040267944425,-0.21231985092162997,-0.06643629074096591,0.050811767578125,-0.8655848503112793,0.6061601638793963,0.1302928924560547,6.0,6.0,02-22,0.0063739220301312445
01-24,-0.2226048707962036,-0.06703495979309082,0.16438865661621005,0.17020559310912997,-0.05135631561279297,0.5035576820373535,-0.3761124610900879,-0.04650545120239258,0.15243434906005682,-0.9370579719543457,0.5368852615356463,0.1116790771484375,6.0,6.0,02-23,-0.005126784245173284
01-25,-0.3621481657028198,-0.05914807319641113,0.1557326316833496,0.0992884635925293,-0.020542621612549716,0.5315341949462882,-0.3457789421081543,0.1395125389099121,0.1742095947265625,-0.921175479888916,0.6581153869628924,0.20474815368652344,7.0,5.0,02-24,0.021195640166600544
01-26,-0.49836909770965576,0.003942728042602539,0.13410282135009766,0.03309631347656161,-0.1540694236755371,0.5147480964660636,-0.3154478073120117,-0.0863628387451163,0.14517593383788885,-0.9291167259216309,0.5282249450683612,0.19544219970703125,7.0,5.0,02-25,-0.03571940461794543
01-27,-0.4485316276550293,0.039431095123291016,0.14708280563354492,0.07564640045166016,-0.14893293380737216,0.5315341949462882,-0.32758474349975497,-0.006643295288085049,0.18872737884521484,-0.7464699745178249,0.6754350662231463,0.037227630615234375,7.0,5.0,02-26,0.0014101664225261157
01-28,-0.5648176670074463,0.06703376770019531,0.16438627243041992,0.10401487350463867,-0.17974853515625,0.419632911682128,-0.27298545837402255,0.04650402069091797,0.1451768875122088,-0.6273517608642596,0.6927556991577166,-0.29781436920166016,7.0,5.0,02-27,-0.02526777982711777
01-29,-0.4584999084472656,0.011828422546386719,0.16871166229248047,0.15129375457763672,-0.10271167755127042,0.2965388298034668,-0.27298545837402255,-0.053146839141844815,0.21776390075683594,-0.5717639923095721,0.5628633499145526,-0.3536548614501953,6.0,6.0,02-28,-0.033646901448567634
01-30,-0.4352421760559082,0.07492208480834961,0.17736482620239258,0.16547584533691406,-0.0718994140625,0.29094505310058594,-0.157726287841796,-0.03321695327758789,0.26857471466064275,-0.5320582389831534,0.4069938659667969,-0.3722686767578125,6.0,6.0,02-29,-0.01817794640858968
01-31,-0.5116590261459351,0.11829686164855957,0.2638850212097168,0.05673360824584961,-0.10784959793090731,0.21821022033691406,-0.20625495910644442,-0.03321695327758789,0.16695308685302912,-0.5082330703735352,0.23380565643310547,-0.32573509216308594,6.0,6.0,03-01,-0.0529220203558601
02-01,-0.5249484777450562,0.13801193237304688,0.1730380058288583,0.04727935791015625,-0.17461156845092773,0.29094552993774325,-0.15772533416747958,-0.026573657989501953,0.2250232696533203,-0.2938232421875,0.28576087951660156,-0.8469114303588867,6.0,6.0,03-02,-0.07204456130663546
02-02,-0.6578471660614014,0.019714832305908647,0.17736673355102628,-0.014183521270751953,0.010272979736329901,0.31891870498657227,-0.1516585350036621,0.2723827362060547,0.0798482894897461,-0.14294147491455078,0.2597837448120117,-1.4146223068237287,7.0,5.0,03-03,-0.10358041524887045
02-03,-0.7774547338485718,0.07886433601379395,0.16871404647827237,-0.07564687728881836,0.08730888366699396,0.30772876739501953,-0.2487201690673828,0.3255305290222168,0.050811767578125,0.15882349014282227,0.22514629364013672,-0.8376045227050781,8.0,4.0,03-04,-0.04470818241437254
02-04,-0.684425950050354,0.27208042144775346,0.18601751327514737,-0.056735992431640625,0.2259702682495126,0.30213642120361417,-0.16379070281982422,0.26573753356933594,0.007259368896484375,0.11911821365356445,0.1731891632080078,-0.8376054763793963,8.0,4.0,03-05,-0.015920768181482914
02-05,-0.6678138971328733,0.33122801780700684,0.18169069290161133,-0.17493486404418856,0.1797466278076172,0.26856517791748047,-0.2851157188415536,0.40525150299072354,0.09436607360839844,0.0952930450439462,0.2771034240722656,-0.5118703842163086,8.0,4.0,03-06,0.016125808159510462
02-06,-0.7043602466583252,0.42192125320434615,0.19899511337280273,-0.1323838233947754,0.18488264083862305,0.2293992042541504,-0.10312509536743253,0.6909241676330566,0.12339973449707209,0.09529352188110263,0.051957130432128906,-0.5118703842163086,8.0,4.0,03-07,0.045419434706370075
02-07,-0.7774558663368225,0.47318267822265625,0.22062444686889648,-0.27895021438598633,0.24137401580810458,0.19023466110229492,0.012133598327636719,0.6909241676330566,0.23228073120117188,0.11911487579345703,0.18184852600097656,-0.5025625228881818,9.0,3.0,03-08,0.0668957581122717
02-08,-0.800713062286377,0.5954210758209233,0.263885498046875,-0.2174849510192871,0.20028972625732422,0.12868547439575195,-0.20018911361694336,0.6909241676330566,0.014516830444335938,0.25411653518676847,0.1731891632080078,-0.8655252456665039,8.0,4.0,03-09,0.019759674866994332
02-09,-0.8173251748085022,0.6506257057189937,0.3417496681213379,-0.17493391036987305,0.1797490119934091,0.2461833953857422,-0.18805646896362305,0.8503656387329102,0.0,0.17470407485961914,0.1385498046875,-1.079580307006836,7.0,5.0,03-10,0.026835953195889828
02-10,-0.6246223449707031,0.6309108734130859,0.33742570877075195,-0.052007198333740234,0.15920686721801758,0.26856279373168945,-0.22445297241210938,0.7573566436767578,-0.021775245666503906,0.10323572158813477,0.1212320327758789,-1.712437629699707,7.0,5.0,03-11,-0.021447062492370605
02-11,-0.6071186065673826,0.5835916996002197,0.2811894416809082,0.018911361694335938,0.12325668334960849,0.13428163528442383,-0.14429092407226474,0.8702974319458008,-0.31212663650512695,0.15088224411010653,0.1905078887939453,-1.5542230606079102,8.0,4.0,03-12,-0.022070070107777968
02-12,-0.6270533800125122,0.58753490447998,0.23360061645507812,0.05673408508300781,0.24650955200195312,0.14844512939453125,-0.2170867919921866,0.8171482086181641,-0.2467961311340332,0.15088224411010653,0.21648597717285156,-2.149852752685547,8.0,4.0,03-13,-0.06528736154238386
02-13,-0.6137634515762329,0.460657835006713,0.23801517486572354,-0.009455680847167969,0.1992645263671875,0.1260662078857422,-0.17462253570556463,0.6709928512573251,-0.23936748504638672,0.1508808135986328,0.28576183319091797,-2.149852752685547,7.0,5.0,03-14,-0.08795188864072141
02-14,-0.3532370328903198,0.5495946407318111,0.23801517486572354,0.1768050193786621,0.29170608520507724,0.11487436294555575,-0.08246040344238281,0.7865858078002939,-0.14602231979370295,0.20591163635253817,0.2684440612792969,-2.2429208755493146,8.0,4.0,03-15,-0.016058653593063466
02-15,-0.3351389169692993,0.5778918266296378,0.24676036834716797,0.15799379348754794,0.30197715759277344,0.018704414367674893,-0.08246040344238281,0.74578857421875,0.053015708923338956,0.16620635986328036,0.25112438201904297,-3.280056953430175,9.0,3.0,03-16,-0.09818280736605356
02-16,-0.4220069646835327,0.5940635204315181,0.1147603988647461,0.15326499938964844,0.22966861724853516,0.04726743698120117,-0.07626295089721591,0.7389898300170907,-0.03408908843994318,0.1026754379272461,0.1996479034423828,-2.7852768898010236,8.0,4.0,03-17,-0.09477481245994557
02-17,-0.3713343143463135,0.6995654106140128,0.08447933197021484,0.09180355072021484,0.17204761505126864,0.07011651992797852,-0.05767488479614258,0.8147220611572266,-0.005054473876953125,0.15050888061523438,0.1820077896118164,-3.8128972053527805,8.0,4.0,03-18,-0.16514247655868522
02-18,-0.22828185558319092,0.6601345539093013,0.058521270751953125,0.01910877227783203,0.19299983978271484,0.13866424560546875,-0.007063388824463779,0.7349996566772452,-0.15715217590331854,0.12612390518188388,0.05853462219238281,-3.984167575836179,8.0,4.0,03-19,-0.19896484414736418
02-19,-0.26150643825531006,0.6561908721923824,0.035918235778808594,0.057721614837646484,0.21919059753418058,0.0020365715026846587,0.10213184356689453,0.7150688171386719,-0.03087234497070135,0.052974700927734375,0.0056171417236328125,-5.318140983581543,9.0,3.0,03-20,-0.31363911430040986
02-20,-0.12196314334869385,0.6806452274322505,0.08447933197021484,0.1252908706665039,0.3633995056152344,-0.0035595893859872163,0.07179832458496094,0.583449363708497,-0.06801128387450994,0.03671979904174805,0.1196298599243164,-5.3739824295043945,8.0,4.0,03-21,-0.2918420135974883
02-21,-0.036415457725525124,0.6846873760223389,0.1727738380432129,0.06254911422729492,0.3839426040649414,0.013226509094237393,0.06005525588989258,0.6174468994140616,-0.02344322204589666,0.0995054244995126,0.12829017639160156,-5.364676475524902,9.0,3.0,03-22,-0.26683816313743586
02-22,-0.09794700145721436,0.6725609302520748,0.14187049865722656,0.1345500946044922,0.37880611419677646,-0.06639623641967685,0.25214195251464844,0.5698490142822266,-0.07578086853027344,0.05185794830322443,-0.018919944763183594,-5.073251724243164,7.0,5.0,03-23,-0.2608882685502369
02-23,0.05407226085662842,0.6609303951263423,0.1899881362915039,0.10618162155151367,0.5772452354431152,-0.08353328704833984,0.2707309722900382,0.6897449493408203,-0.0540046691894549,-0.06726026535034091,0.025496482849121094,-4.987616539001465,8.0,4.0,03-24,-0.2181687255700431
02-24,-0.07663679122924805,0.6171574592590336,0.18566274642944336,0.058902740478515625,0.6610574722290039,-0.09495735168457031,0.3063511848449698,0.6432409286499023,-0.12659168243408203,-0.0984659194946289,0.0872344970703125,-5.444336891174316,7.0,5.0,03-25,-0.2734484672546387
02-25,-0.028934001922607422,0.5777237415313725,0.17700958251953125,0.006108760833740234,0.6296286582946777,-0.06709909439086825,0.17068147659301758,0.5435891151428232,-0.08826160430908025,-0.20412683486938477,-0.027420997619628906,-4.56652307510376,6.0,6.0,03-26,-0.23980202277501392
02-26,0.02090287208557129,0.5343489646911626,0.05958747863769531,0.049547672271728516,0.5323576927185059,0.028017520904541016,0.2677412033081046,0.5435891151428232,-0.0734062194824201,-0.21225261688232422,-0.010582923889160156,-3.768928527832032,8.0,4.0,03-27,-0.16908981402715037
02-27,0.03419232368469238,0.5752730369567876,0.11697864532470703,0.0640268325805664,0.5169515609741202,0.050397872924805576,0.21921157836913974,0.4893460273742667,-0.1476879119873029,-0.0850086212158212,0.07761383056640447,-3.266365051269532,9.0,3.0,03-28,-0.11292248964309719
02-28,0.19604718685150146,0.5348472595214844,0.10814905166625977,0.16843461990356445,0.42964601516723544,0.022424697875976562,0.1635723114013672,0.46214818954467685,-0.12591361999511896,-0.13265657424926758,0.042976379394529474,-2.69865417480469,9.0,3.0,03-29,-0.06908155481020677
02-29,0.0,0.0,0.0,0.10647726058959961,0.0,0.0,0.0,0.5029463768005371,0.0,0.0,0.0,-2.704772472381592,2.0,1.0,03-30,-0.1746124029159546
03-01,0.1670910120010376,0.5429327487945552,0.19519996643066317,0.05447101593017578,0.3526101112365714,0.07360076904296786,0.21934080123901367,0.4730095863342285,-0.13317203521728516,-0.14853906631469727,0.07761383056640447,-2.6667122840881348,9.0,3.0,03-31,-0.06604612867037496
03-02,0.11279881000518799,0.49157238006591797,0.2529454231262198,0.17266988754272372,0.19299554824829102,0.09073686599731445,0.33087587356567383,0.3665595054626465,-0.0968770980834961,-0.10883378982543945,0.21776866912841797,-2.8570122718811026,9.0,3.0,04-01,-0.06948334972063708
03-03,0.2993398904800415,0.4876275062561035,0.26592397689819336,0.1252908706665039,0.30300092697143644,0.15357398986816406,0.35514163970947266,0.306765079498291,-0.18398380279541016,0.0856738090515119,0.22658538818359375,-2.846038818359374,10.0,2.0,04-02,-0.035091628630956016
03-04,0.29596269130706787,0.4639694690704341,0.24861955642700195,0.13011884689331055,0.32395172119140625,0.11487436294555575,0.32480907440185636,0.306765079498291,-0.2204456329345721,0.11818456649780096,0.24422550201416016,-3.705030918121338,10.0,2.0,04-03,-0.11283297340075209
03-05,0.36241215467453003,0.412708044052124,0.16518497467041016,0.16390275955200284,0.26746034622192383,0.0752401351928711,0.24594688415527344,0.3951592445373535,-0.13130950927734553,-0.0037298202514648438,0.1930694580078125,-3.3886027336120605,9.0,3.0,04-04,-0.10354650517304746
03-06,0.3856693506240845,0.25408625602722124,0.19167375564575195,0.24418067932128995,0.2825613021850595,0.06405115127563477,0.4582695960998535,0.4155564308166504,-0.12388134002685725,0.053908348083496094,0.27950572967529297,-3.1745476722717285,10.0,2.0,04-05,-0.055747201045354244
03-07,0.52534419298172,0.2702572345733638,0.1695995330810547,0.21581172943115323,0.29796600341796875,-0.05344676971435547,0.41515445709228604,0.40195655822753995,-0.057704925537109375,0.09604167938232422,0.28816699981689453,-2.437025070190429,9.0,3.0,04-06,0.011010135213534297
03-08,0.6447878479957581,0.21366047859191895,0.13111019134521484,0.12125349044799894,0.31850814819336026,-0.07582616806030273,0.29742431640625,0.35248804092407227,0.12410354614257812,0.08809900283813388,0.3054847717285156,-2.655869960784912,10.0,2.0,04-07,-0.011231357852617826
03-09,0.6194512248039246,0.17472457885742188,0.0838785171508789,0.08343076705932706,0.4016008377075204,-0.02441453933715909,0.3531923294067383,0.38757991790771396,0.41445493698120117,0.04045248031616211,0.21856975555419922,-2.237210273742676,10.0,2.0,04-08,0.04297587772210439
03-10,0.39814531803131104,0.16978716850280762,0.0838785171508789,0.06756973266601562,0.3439793586730966,-0.06440258026123047,0.3593873977661133,0.38757991790771396,0.3491244316101074,0.032324790954589844,0.2626647949218732,-2.3662543296813965,10.0,2.0,04-09,0.001982043186823379
03-11,0.3872864246368408,0.1980843544006352,0.07946395874023349,0.03861045837402344,0.3911261558532724,0.042842864990234375,0.24165391921996981,0.2719869613647452,0.29712581634521484,-0.016441345214844638,0.2273883819580078,-1.8078513145446777,10.0,2.0,04-10,0.029273053010304584
03-12,0.28956031799316406,0.10914754867553711,0.08829307556152255,-0.04343986511230469,0.3509654998779306,0.04569864273071289,0.18588924407958984,0.34678173065185636,0.3788347244262713,-0.11397361755371183,0.14849376678466797,-0.7707152366638175,9.0,3.0,04-11,0.08462798595428489
03-13,0.27146220207214355,0.02829742431640625,0.11036777496337802,-0.17857837677001953,0.27762937545776367,0.09711074829101651,0.18588924407958984,0.35358285903930753,0.3936939239501953,-0.08940362930297852,0.05291748046875,-1.2654953002929688,9.0,3.0,04-12,0.019789477189381992
03-14,0.3691883087158201,0.012128114700317827,0.061806201934813565,-0.188232421875,0.2985830307006836,0.06854772567749023,0.11153459548950106,0.394378662109375,0.46797704696655096,-0.024385452270506924,0.026459693908691406,0.1617550849914542,10.0,2.0,04-13,0.14664504925409924
03-15,0.5320665836334229,0.040426015853882724,0.03531599044799805,-0.10135412216186523,0.3562040328979501,0.0,0.061963558197020596,0.4691758155822754,0.3342676162719709,-0.032514095306396484,0.04409980773925781,0.7326555252075178,9.0,3.0,04-14,0.20602556069691955
03-16,0.6551283597946167,0.03233885765075639,0.15451431274414062,-0.1399669647216797,0.41382503509521484,-0.017136573791503906,0.061963558197020596,0.3807806968688965,0.31941413879394354,-0.008129119873045987,0.13229370117187322,0.06660461425781161,9.0,3.0,04-15,0.17096921801567036
03-17,0.4813939332962036,-0.0727670192718497,0.20307540893554688,-0.14961957931518555,0.4976344108581543,-0.06854867935180664,0.08674812316894442,0.3263821601867667,0.19313430786132635,-0.0487651824951163,0.1058349609375,0.8087754249572745,8.0,4.0,04-16,0.19693985581397988
03-18,0.5067298412322996,-0.10510826110839755,0.15451431274414062,-0.13031339645385742,0.41906070709228516,-0.13138389587402344,-0.049570560455322266,0.29238462448120206,0.20798969268798828,-0.024383068084716797,0.1763916015625,1.903001308441163,7.0,5.0,04-17,0.26827607552210514
03-19,0.5574030876159668,-0.10915040969848588,0.14568424224853516,-0.16409826278686523,0.45049333572387695,-0.017137527465819424,-0.06815862655639648,0.20399045944213867,0.237701416015625,-0.016254901885986328,0.079376220703125,1.7697911262512216,7.0,5.0,04-18,0.2558033466339113
03-20,0.618934631347656,-0.12127804756164462,0.2207331657409668,-0.062744140625,0.3038210868835449,0.045699119567870206,-0.26024532318115234,0.2855844497680664,0.25998687744140625,0.0731501579284668,0.0,1.6841559410095224,8.0,4.0,04-19,0.25398315985997527
03-21,0.5356863737106321,-0.17787432670593217,0.17658758163452148,-0.16410017013549805,0.13619756698608398,0.0628361701965332,-0.2230677604675284,0.3263850212097168,0.2822713851928711,0.09753036499023349,-0.061737060546875,2.102816104888916,8.0,4.0,04-20,0.2577942709128062
03-22,0.5356863737106321,-0.24659824371337846,0.22956228256225586,-0.12548828125,0.05238533020019531,0.07997131347656339,-0.25405025482177646,0.2855858802795401,0.38626670837402344,0.07314825057983398,-0.1234750747680664,2.3597211837768546,8.0,4.0,04-21,0.2710596223672231
03-23,0.36195003986358665,-0.1900007724761954,0.20307445526123047,-0.16892719268798828,0.17286157608032227,0.03427410125732333,-0.2912273406982413,0.2447872161865252,0.29712581634521484,0.17880916595458984,-0.14111328125,2.0742707252502433,8.0,4.0,04-22,0.2313237090905509
03-24,0.4669151306152344,-0.137445449829102,0.2339763641357422,-0.17858123779296875,0.14667224884033203,0.0628347396850586,-0.21067333221435458,0.27198505401611506,0.2822704315185547,0.07314777374267578,-0.1234750747680664,1.4177350997924805,8.0,4.0,04-23,0.1921134789784751
03-25,0.47053539752960205,-0.1980845928192143,0.17658519744873047,-0.1399683952331543,0.20429277420044034,0.051410675048828125,0.012392520904540127,0.2311868667602548,0.3194112777709961,-0.00812816619872958,-0.2028512954711914,0.7612004280090341,8.0,4.0,04-24,0.13983189066251137
03-26,0.4415792226791382,-0.15765881538391113,0.28253793716430664,-0.17858123779296875,0.2671518325805655,0.062835693359375,0.061964988708495206,0.14279413223266602,0.3491249084472656,0.008125782012939453,-0.1146535873413086,0.19030094146728516,9.0,3.0,04-25,0.11296014984448736
03-27,0.47053539752960205,-0.08489489555358798,0.35317182540893555,-0.16410112380981445,0.298581600189209,0.022849559783936435,0.006196498870848721,0.19039011001587003,0.24512958526611328,0.024384021759033203,-0.11465549468993963,0.15224075317382812,9.0,3.0,04-26,0.11665231982866953
03-28,0.5935977697372441,-0.06468200683593706,0.3046112060546875,-0.1399683952331543,0.18857622146606356,0.005713462829589844,-0.10533857345581144,0.19039011001587003,0.3119840621948242,-0.2113204002380371,-0.20285320281982422,0.2949652671813956,7.0,5.0,04-27,0.09713962674140923
03-29,0.741997241973877,0.0,0.36641788482666016,-0.13514041900634766,0.16762542724609375,-0.011425495147705078,-0.11773109436035156,0.07479429244995117,0.29712677001953125,-0.24383115768432617,-0.211669921875,0.1807856559753418,6.0,6.0,04-28,0.09241243203481038
03-30,0.6515095233917236,-0.0646820068359375,0.2869539260864258,-0.1399683952331543,0.10476350784301758,0.011423587799072266,-0.12392616271972656,0.10879135131835938,0.30455493927001953,-0.12191677093506037,-0.2557687759399414,0.2949652671813956,7.0,5.0,04-29,0.0880583326021828
03-31,0.5610221624374394,0.004042387008666992,0.34875917434692383,-0.14961719512939542,0.07333564758300781,0.045697689056396484,-0.08674955368041992,0.020397186279296875,0.21541881561279297,-0.032511234283448154,-0.2204904556274414,0.25690507888793856,8.0,4.0,04-30,0.08635080854097983
04-01,0.5791201591491699,-0.012128591537475586,0.32227039337158203,-0.16409778594970792,0.13619422912597656,0.02284860610961914,-0.17969274520874112,0.0,0.23027515411376953,0.08940362930297674,-0.2910480499267578,0.9990758895874023,7.0,5.0,05-01,0.14435174067815115
04-02,0.45605742931365967,0.04446816444396928,0.36641836166381836,-0.19305849075317472,0.2304844856262207,0.05141162872314364,-0.06196260452270508,0.033998489379881036,0.15599346160888672,0.13004255294799716,-0.2293100357055664,0.8944106101989737,9.0,3.0,05-02,0.15657950441042534
04-03,0.3366137742996216,0.2142550945281978,0.4944438934326172,-0.10618209838867188,0.251436710357666,0.05141162872314364,-0.11773061752319336,0.006801128387450284,0.22284793853759766,0.08127880096435636,-0.23813152313232422,1.113255500793457,9.0,3.0,05-03,0.19252501924832652
04-04,0.47053480148315385,0.13744616508483798,0.5341768264770508,-0.033785343170166016,0.20429420471191495,0.0,-0.2168722152709961,0.047600746154785156,0.22284603118896484,-0.08127927780151367,-0.22049236297607422,0.6755647659301758,7.0,5.0,05-04,0.14500286181767777
04-05,0.32575488090515137,0.20616912841796875,0.46354055404663086,-0.004826068878173828,0.2619156837463388,0.07426071166992188,-0.19208765029907138,0.19039201736450106,0.1188507080078125,-0.0731515884399414,-0.2645874023437482,0.3996300697326669,8.0,4.0,05-05,0.12548842032750476
04-06,0.44157874584198,0.07276558876037642,0.38849210739135653,0.0772242546081543,0.22524404525756836,0.08568572998046875,-0.18588924407958984,0.1767907142639169,0.1634206771850586,-0.024385452270506924,-0.2204904556274414,0.4472050666809082,9.0,3.0,05-06,0.13730348149935415
04-07,0.535685539245605,0.11319208145141602,0.37966299057006747,0.04343986511230469,0.2828664779663077,0.10282278060913175,-0.2850303649902335,0.1427931785583496,0.08171176910400213,0.10566091537475675,-0.14111423492431818,0.4757499694824219,10.0,2.0,05-07,0.15312008062998428
04-08,0.5574028491973884,0.16574501991272017,0.357588291168212,0.024132251739501953,0.2985820770263681,0.017137527465820312,-0.2974228858947745,0.13599205017089844,-0.029714584350585938,0.15442609786987394,-0.1499338150024414,0.047574520111083984,9.0,3.0,05-08,0.10679244995117211
04-09,0.3945245742797856,0.1819143295288086,0.401735782623291,0.04343986511230469,0.29334259033203036,0.07426023483276367,-0.22926568984985263,0.12239551544189542,0.0,0.14629840850830167,-0.24695205688476562,-0.5233259201049796,8.0,4.0,05-09,0.05486396948496527
04-10,0.27146279811859175,0.012127161026000532,0.3840756416320801,0.11583614349365234,0.39810991287231356,0.11995887756347656,-0.17969465255737216,0.16999292373657404,-0.022284507751463067,0.09753227233886719,-0.22931194305419922,0.14272499084472656,9.0,3.0,05-10,0.10671080152193735
04-11,0.3040393590927124,-0.012128591537476474,0.3752460479736328,0.10135412216186523,0.3195366859436026,0.13709545135498047,-0.1549091339111328,0.2855868339538592,-0.09656620025634588,0.0975351333618164,-0.19403266906738104,0.2188448905944833,8.0,4.0,05-11,0.11513349413871803
04-12,0.37280905246734664,0.20212721824645996,0.4238100051879883,0.04343748092651367,0.23572731018066317,0.19422054290771396,-0.049570560455322266,0.21758842468261808,0.007427215576173651,0.21132040023803622,-0.1675739288330078,0.32351064682006836,10.0,2.0,05-12,0.167902817328771
04-13,0.4126232862472534,0.23851180076599166,0.36641883850097656,0.024131298065185547,0.32477378845214755,0.19993257522583008,-0.13631963729858398,0.02039813995361328,-0.022284507751463067,0.18693828582763672,-0.2381305694580078,0.25690507888793945,9.0,3.0,05-13,0.13615819811820995
04-14,0.5067296028137207,0.2748935222625728,0.286954402923584,0.10618114471435636,0.3457298278808594,0.2056446075439453,-0.19828176498412997,0.15639019012451172,-0.04456996917724432,0.2438335418701172,-0.1763916015625,-0.5138106346130362,8.0,4.0,05-14,0.0994419058163964
04-15,0.2244088649749758,0.29914760589599565,0.21190547943115234,0.1110086441040039,0.41906309127807617,0.18279504776000977,-0.16110515594482422,0.07479619979858398,-0.07428455352783025,0.22757625579833984,-0.1940317153930664,-0.4186606407165536,8.0,4.0,05-15,0.07521826028823858
04-16,0.15563786029815696,0.3557438850402832,0.30902624130248935,0.05791616439819336,0.45049190521240146,0.17708396911621005,-0.2168717384338379,0.05439519882202237,-0.1337099075317365,0.15442657470703125,-0.017640113830566406,-0.3806004524230957,8.0,4.0,05-16,0.08049163222312929
04-17,0.15563786029815696,0.4891512393951407,0.28695201873779297,-0.028960704803466797,0.6652593612670898,0.2227811813354501,-0.18588924407958984,-0.04759979248046875,-0.08170986175536932,-0.04063987731933594,0.19403076171875,-0.6375055313110343,6.0,6.0,05-17,0.08262561758359298
04-18,0.24612653255462624,0.315319299697876,0.24722051620483398,-0.009652137756347656,0.5762119293212891,0.19422054290771484,-0.13012266159057617,0.040796756744384766,-0.20798873901367188,-0.06502008438110352,0.1763925552368164,-0.4281749725341797,7.0,5.0,05-18,0.07961079478263854
04-19,0.2533653974533079,0.29106497764587447,0.15892934799194425,-0.014477252960205078,0.6024012565612793,0.1542344093322745,-0.03098154067993164,-0.0204010009765625,-0.2748441696166992,0.04876708984375,0.2557687759399414,-0.44720458984375,7.0,5.0,05-19,0.08138522505760194
04-20,0.3655695915222166,0.1617023944854732,0.17658758163452237,-0.05309009552001953,0.5762104988098136,0.19422054290771484,-0.04957008361816495,0.006801128387450284,-0.2377033233642578,0.13004302978515536,0.3086862564086914,-0.11417961120605469,8.0,4.0,05-20,0.12210649251937838
04-21,0.27870166301727295,0.04446697235107422,0.10595369338989347,-0.1254868507385254,0.4662041664123526,0.1999335289001456,-0.10534000396728516,0.09519386291503906,-0.26741695404052734,0.08127880096435636,0.29986667633056463,0.019030094146728516,9.0,3.0,05-21,0.09103213747342413
04-22,0.3112761974334717,-0.03638243675231978,0.1545143127441415,-0.2654542922973633,0.5395421981811506,0.2513442039489755,-0.23545980453491122,0.04759788513183505,-0.09656810760498047,0.07315063476562411,0.3792428970336914,-0.12369537353515625,7.0,5.0,05-22,0.08325902620951324
04-23,0.24250602722167924,-0.0565953254699707,0.18983078002929688,-0.2558021545410156,0.49239635467529386,0.25705480575561523,-0.23545980453491122,-0.05439472198486417,-0.02228450775146662,0.19506406784057617,0.3263254165649414,-0.07611989974975586,6.0,6.0,05-23,0.08354341983795155
04-24,0.09410655498504639,-0.3031928539276123,0.16775846481323153,-0.21719121932983398,0.3562021255493173,0.21135663986206055,-0.2230672836303711,-0.027196407318115234,0.0074291229248046875,0.17880916595458896,0.24695110321044922,0.03805971145629794,8.0,4.0,05-24,0.04416876037915533
04-25,0.1845942735671997,-0.19808626174926713,0.1545143127441415,-0.15444612503051758,0.41906404495239347,0.1885075569152832,-0.2168722152709961,-0.013597965240480292,-0.06685447692871094,0.30072641372680753,0.2734098434448242,-0.07611989974975586,6.0,6.0,05-25,0.06623662511507682
04-26,0.19907271862030074,-0.2627673149108878,-0.017658233642578125,-0.17858123779296875,0.45049190521240323,0.15423345565795898,-0.24165916442871094,0.09519577026367276,0.051998138427734375,0.2113208770751953,0.23813152313232422,-0.0475754737853995,7.0,5.0,05-26,0.05435024698575371
04-27,0.21355092525482178,-0.21829748153686523,0.05297565460205078,-0.16410064697265625,0.3876333236694345,0.14852237701416016,-0.23546123504638672,0.1291942596435547,0.02971363067626953,0.08940601348877042,0.3086891174316406,0.07611989974975497,9.0,3.0,05-27,0.06816215316454577
04-28,0.224409699440002,-0.19404292106628418,0.03090190887451172,-0.13513994216918945,0.14143562316894442,0.15423345565795898,-0.353191375732421,0.10879564285278409,0.10399532318115234,0.04876708984375,0.3263282775878906,0.28545045852661133,9.0,3.0,05-28,0.061828603347142574
04-29,0.13754057884216309,-0.3638298511505127,-0.09712362289428711,-0.05308961868286133,0.12571907043456942,0.17708492279052734,-0.16730022430419922,0.13599300384521484,0.037140846252441406,0.01625680923461914,0.3439664840698242,0.15223932266235352,8.0,4.0,05-29,0.03704981009165439
04-30,0.02895617485046431,-0.2870209217071529,-0.1368565559387207,-0.03861045837402344,-0.0733356475830087,0.205644130706788,-0.06815862655639648,0.09519338607787997,-0.007430076599121094,0.06502199172973633,0.2557697296142578,0.17127037048339844,6.0,6.0,05-30,0.01753695805867513
05-01,0.1737360954284668,-0.35574388504028365,-0.052976131439208984,-0.06757259368896573,-0.3195357322692871,0.1713714599609375,-0.0929431915283212,0.08159399032592685,0.051995277404785156,0.056893348693847656,0.044097900390625,0.4472050666809073,7.0,5.0,05-31,0.0115101337432858
05-02,0.057912230491638184,-0.19808506965637296,-0.022073745727539062,-0.13514184951782227,-0.33001089096069247,0.15994644165039062,-0.10533809661865146,0.11559391021728516,-0.0445709228515625,0.16255855560302734,0.035277366638183594,0.5233254432678223,6.0,6.0,06-01,0.018282781044642205
05-03,0.10858571529388428,-0.23446702957153365,0.026488304138183594,-0.10135746002197266,-0.3876333236694318,0.14852142333984375,-0.17350053787231356,0.11559343338012784,0.04456806182861328,0.13004446029663086,-0.04409885406493963,0.5423555374145508,7.0,5.0,06-02,0.014591644207636922
05-04,0.32575523853302,-0.21829843521118164,0.017657279968262607,-0.08204984664916992,-0.5185914039611825,0.16565847396850497,-0.16110706329345614,0.08159589767456055,0.14113521575927734,0.08127927780151367,-0.070556640625,0.7612009048461914,7.0,5.0,06-03,0.04363990823427836
05-05,0.2895605564117436,-0.16978716850280717,0.022071361541748047,-0.08687686920166016,-0.639070987701416,0.18850803375243963,0.0,0.054396629333496094,0.1114206314086914,0.0731496810913086,-0.070556640625,0.5709004402160645,7.0,5.0,06-04,0.02864297231038404
05-06,0.19183373451232866,-0.02829790115356401,0.039731502532958984,-0.21236467361450195,-0.8066954612731951,0.23991918563842773,-0.04337310791015625,0.006799221038817471,0.14113521575927557,0.10566139221191229,-0.1058359146118164,0.8848953247070312,7.0,5.0,06-05,0.03445070981979318
05-07,0.159257173538208,-0.0040421485900870024,-0.00882720947265625,-0.27510929107666016,-1.0424180030822763,0.1713714599609375,-0.0681586265563956,-0.11559391021728516,0.14856243133544744,0.10566139221191229,0.08819770812988281,0.8087754249572745,6.0,6.0,06-06,-0.002693633238474824
05-08,0.09048748016357377,-0.21425580978393644,-0.00882720947265625,-0.3185482025146493,-0.94289207458496,0.16565847396850675,-0.17349720001220614,-0.14959287643432617,0.1262779235839826,0.08127593994140625,0.15875434875488104,0.7041096687316895,6.0,6.0,06-07,-0.040087461471557874
05-09,0.06153154373168945,-0.3153188228607182,-0.10153627395629883,-0.17857837677001953,-0.9533648490905753,0.15994644165039062,-0.17969274520874023,-0.10199499130249023,0.13370704650878906,0.040637969970703125,0.15875434875488104,0.713625431060791,6.0,6.0,06-08,-0.04685693979263317
05-10,0.2425062656402588,-0.3112766742706299,-0.1103672981262207,-0.22684335708618253,-0.9743208885192871,0.25705671310424805,-0.2230672836303711,-0.040796756744385654,0.07428073883056463,-0.024385452270507812,0.09701538085937322,1.0466508865356436,5.0,7.0,06-09,-0.016128977139791372
05-11,0.2533655166625981,-0.351703405380249,-0.1103677749633789,-0.23167085647583008,-0.8643150329589835,0.2799081802368164,-0.26644325256347656,0.20398998260497958,0.10399532318115057,-0.008128166198730469,0.1763925552368164,1.2369508743286133,6.0,6.0,06-10,0.03516449530919382
05-12,0.2967991828918457,-0.4244678020477295,-0.1633429527282706,-0.17857837677001953,-0.9271740913391113,0.1256723403930664,-0.33459997177123935,0.1835904121398908,0.16342067718505682,0.08940696716308594,0.2998685836791992,1.2750110626220694,7.0,5.0,06-11,0.03380050261815367
05-13,0.7456170320510869,-0.4891512393951407,-0.14126873016357422,-0.1110081672668457,-1.0214614868164062,0.13138341903686523,-0.26024532318115234,0.2855854034423819,0.09656620025634588,0.13817119598388672,0.3086862564086914,1.341616153717041,7.0,5.0,06-12,0.08537422617276498
05-14,0.828864693641663,-0.315319299697876,-0.08829355239868075,-0.16409873962402344,-1.0738463401794434,0.14595890045166016,-0.27883481979370117,0.20398807525634854,0.11884975433349432,0.14629840850830078,0.3086881637573242,1.4177360534667978,7.0,5.0,06-13,0.10416594147682201
05-15,0.8216258287429814,-0.16574478149414062,-0.28253841400146484,-0.09170150756835938,-1.4303836822509766,0.1859450340271005,-0.3779759407043457,0.2515869140625,0.27484226226806463,0.2600874900817871,0.2734088897705078,1.436765670776368,7.0,5.0,06-14,0.09632648030916853
05-16,0.6236848831176758,-0.07873749732971191,-0.34566259384155273,-0.07754039764404297,-1.4618134498596191,0.14595890045166016,-0.3593869209289551,0.23769521713256836,0.3798189163208008,0.1462993621826172,0.2204914093017578,0.6375050544738778,7.0,5.0,06-15,0.005692740281423007
05-17,0.5267636775970459,-0.13259863853454634,-0.18926572799682795,0.033469200134277344,-1.3518071174621582,0.17522430419921875,-0.4037437438964835,0.31220054626464844,0.4095335006713867,0.17880964279174716,0.2293109893798846,0.8814387321472177,8.0,4.0,06-16,0.055777947107950886
05-18,0.35529065132141113,-0.026484966278076172,-0.45734643936157315,0.17343664169311523,-1.2379045486450186,0.1402459144592294,-0.43542766571044833,0.4497976303100586,0.3426799774169922,0.1869378089904794,0.21280384063720525,0.832651615142824,8.0,4.0,06-17,0.044723371664683244
05-19,0.2945665121078491,0.06679463386535689,-0.4926629066467285,0.13912582397460938,-1.120211124420166,0.10526990890503019,-0.41669654846191495,0.5517902374267578,0.26839637756347834,0.17708969116210938,0.2397480010986328,0.9507098197937003,9.0,3.0,06-18,0.06366003553072623
05-20,0.14324569702148482,0.24871015548706144,-0.4705905914306632,0.15885305404663086,-0.9971647262573233,0.04767608642578036,-0.38529539108276367,0.5245919227600089,0.26905250549316584,0.17708969116210938,0.30261802673339666,0.9878005981445312,9.0,3.0,06-19,0.08388225237528495
05-21,0.1287672519683838,0.14360356330871626,-0.45734643936157315,0.19830846786499023,-0.98044776916504,0.07134628295898438,-0.36050844192504883,0.6221165657043466,0.21590805053710938,0.16048812866210938,0.33870410919189453,0.9592561721801749,9.0,3.0,06-20,0.08668299516042062
05-22,0.11428904533386275,0.20828461647033691,-0.40323972702026456,0.19002389907836914,-0.9456739425659189,0.0770573616027832,-0.36670637130737305,0.5943341255187997,0.22350025177001953,0.13575553894043058,0.39275264739990234,0.8355607986450204,9.0,3.0,06-21,0.08799485365549735
05-23,0.1741483211517334,0.2414309978485094,-0.34462594985962003,0.15686941146850586,-0.6994762420654288,0.07134628295898438,-0.1911029815673837,0.5596084594726562,0.1853771209716797,0.08716011047363281,0.37511348724365234,0.5686554908752433,9.0,3.0,06-22,0.09870870908101374
05-24,0.17042088508605957,0.3160116672515869,-0.13450193405151367,0.07481908798217773,-0.6837596893310538,0.1417679786682129,-0.25446796417236417,0.47223329544067205,0.013052940368652344,0.11967039108276367,0.35747528076171875,0.47108173370361417,9.0,3.0,06-23,0.0886503060658772
05-25,0.047406673431396484,0.2739732265472412,-0.1962118148803711,0.060339927673339844,-0.7448391914367658,0.1534290313720703,-0.27347898483276545,0.43881702423095703,0.057623863220214844,0.07090520858764648,0.2590036392211932,0.3247218132019052,9.0,3.0,06-24,0.03930753469467185
05-26,0.03995156288147017,0.15522980690002441,-0.2800922393798828,-0.022340774536132812,-0.8411335945129386,0.17091608047485352,-0.3051629066467303,0.45241641998291016,-0.0018014907836914062,0.09650421142578125,0.17817020416259766,0.40278053283691406,7.0,5.0,06-25,0.003786484400431278
05-27,0.07636308670043945,-0.0024290084838862747,-0.31099462509155273,-0.002612590789794922,-0.9106802940368643,0.1301107406616211,-0.48752593994140625,0.41841650009155185,0.02725505828857422,0.12970829010009766,0.196133613586424,0.033455848693847656,7.0,5.0,06-26,-0.05856661001841238
05-28,0.07636308670043945,0.033952951431274414,-0.2794346809387207,-0.1111140251159668,-0.8304338455200186,0.10749483108520508,-0.48132944107055753,0.32842111587524325,0.057623863220214844,0.15461254119873047,0.13326549530029297,-0.0902395248413086,7.0,5.0,06-27,-0.07506813605626432
05-29,0.02568960189819336,-0.018183469772338867,-0.2794346809387207,-0.1357717514038086,-0.23104047775268644,0.10178279876708896,-0.4131669998168954,0.27980613708496094,0.09558486938476385,0.17121505737304688,0.15600395202636896,-0.10926961898803711,6.0,6.0,06-28,-0.02973204851150535
05-30,-0.19147992134094238,0.010819196701049805,-0.2523808479309082,0.04995107650756836,-0.1157979965209961,0.08464574813842773,-0.4762554168701181,0.28674983978271484,0.05003452301025568,0.12244701385498047,0.19128131866455256,-0.2598133087158203,7.0,5.0,06-29,-0.04164989789326964
05-31,-0.07592105865478471,0.035678863525390625,-0.24787187576293945,0.03547048568725586,0.004681587219237393,0.0792865753173837,-0.46358156204223633,0.5089964866638184,0.057623863220214844,0.1387042999267578,0.19128131866455256,-0.30860042572021484,8.0,4.0,06-30,-0.003687620162963682
06-01,-0.07219290733337402,-0.038900852203369585,-0.1861591339111328,0.16095829010009766,0.3595457077026376,0.0851149559021005,-0.5079393386840829,0.6000137329101562,0.05019378662109375,0.10619258880615412,0.37026405334472656,-0.23054170608520508,7.0,5.0,07-01,0.058045764764150166
06-02,0.03942060470581055,-0.15784859657287642,-0.1287708282470703,0.17438459396362305,0.2793021202087411,0.0967745780944842,-0.5444164276123056,0.6068129539489737,0.042766571044921875,0.16430091857910334,0.5049839019775391,-0.028303146362304688,8.0,4.0,07-02,0.08745060364405333
06-03,0.10457205772399902,-0.16189074516296342,-0.1287708282470703,0.3026108741760254,0.4023466110229501,0.1553049087524423,-0.4328823089599618,0.6408119201660147,0.019501686096191406,0.20580673217773615,0.4870204925537127,-0.3137526512145996,8.0,4.0,07-03,0.10672322909037306
06-04,0.09371376037597656,-0.06082773208618164,-0.036061763763427734,0.3026108741760254,0.5961637496948251,0.1553049087524423,-0.339937686920166,0.5932140350341788,0.019501686096191406,0.20580673217773615,0.4429216384887713,-0.25666284561157227,8.0,4.0,07-04,0.14297894636789996
06-05,-0.08726096153259277,-0.06486988067626998,0.00902414321899414,0.3762722015380868,0.47478771209716797,0.05248260498046964,-0.29656314849853516,0.7390632629394522,0.13337993621826172,0.1966409683227539,0.5160675048828143,-0.5896883010864249,8.0,4.0,07-05,0.12161133686701482
06-06,-0.049659967422485796,-0.08558440208435059,0.0856752395629874,0.27533864974975586,0.29144859313964755,0.02963113784790128,-0.24051332473754794,0.5445966720581046,0.16293048858642578,0.2464466094970703,0.4543304443359375,-0.5653262138366699,8.0,4.0,07-06,0.09577616055806466
06-07,-0.08320927619934082,-0.14773440361022994,0.17171859741210938,0.27533864974975586,0.3543076515197754,0.16637849807739258,-0.22783851623535156,0.6778650283813477,0.08750152587890625,0.2220611572265625,0.3308544158935547,-0.5360546112060547,8.0,4.0,07-07,0.10759905974070227
06-08,-0.1391243934631352,-0.28850507736206055,0.21126270294189364,0.20776844024658203,0.32020187377929776,0.14888954162597656,-0.24051332473754794,0.5127835273742685,0.10235595703125,0.17329692840576172,0.26814842224121094,-0.5555691719055176,8.0,4.0,07-08,0.06008295218149832
06-09,-0.22070145606994584,-0.11084723472595215,0.19801902770995916,0.27565574645996094,0.2506566047668466,0.14305973052978516,-0.07772636413574308,0.5059843063354483,0.08007240295410156,0.20667552947998047,0.31305503845214844,-0.5304169654846191,8.0,4.0,07-09,0.08612386385599753
06-10,-0.6374349594116215,-0.236167430877686,0.39226388931274325,0.28058385848999023,0.32020187377929776,0.17197418212890625,-0.1330709457397461,0.4583854675292969,-0.2125749588012713,0.2398805618286115,0.37592411041259766,-0.4467210769653329,7.0,5.0,07-10,0.047770380973815474
06-11,-0.5516982078552246,-0.3231747150421147,0.5681071281433105,0.31017589569091797,0.35308170318603604,0.14574003219604492,-0.1330714225769034,0.4653315544128418,-0.1822061538696289,0.22327804565429865,0.32251930236816406,0.019514560699462002,8.0,4.0,07-11,0.10146647691726703
06-12,-0.4547770023345947,-0.23616695404052734,0.509490966796875,0.3057699203491211,0.5349726676940918,0.11076164245605558,-0.088714599609375,0.5278372764587402,-0.15942955017089844,0.26461029052734375,0.3412914276123047,-0.22441911697387784,7.0,5.0,07-12,0.11926891406377156
06-13,-0.26839327812194824,-0.1367290019989018,0.4238257408142081,0.33536195755004794,0.3477320671081543,0.14574003219604492,-0.03802061080932617,0.5972905158996582,-0.21257400512695135,0.3611011505126953,0.27842235565185725,-0.20490407943725675,7.0,5.0,07-13,0.1357377370198568
06-14,-0.31312561035156206,-0.06629228591918945,0.3697190284729013,0.36002063751220614,0.23003864288330167,0.2331819534301749,0.050693511962890625,0.5347838401794434,-0.1897993087768537,0.24903583526611328,0.2514781951904297,-0.22441864013671875,8.0,4.0,07-14,0.12377631664276141
06-15,-0.26466584205627397,-0.07043576240539506,0.47793102264404297,0.34029340744018466,0.2246870994567871,0.2390122413635254,0.08237838745117188,0.45838308334350586,-0.2201690673828125,0.24903583526611328,0.17962741851806996,-0.3024773597717294,8.0,4.0,07-15,0.11613337198893252
06-16,-0.11183071136474565,-0.12015342712402388,0.47793102264404297,0.3057694435119629,0.1337413787841797,0.2564992904663086,0.04435634613037198,0.3472599983215332,-0.16702461242675604,0.27393913269043146,0.17064571380615234,-0.4195661544799796,8.0,4.0,07-16,0.0992972850799565
06-17,0.044732570648192915,-0.12015342712402388,0.4238243103027344,0.29097414016723633,0.27283525466918945,0.262331485748291,0.05069351196288974,0.3750424385070801,-0.19739151000976385,0.27393913269043146,0.1975898742675799,-0.2732062339782715,9.0,3.0,07-17,0.13343429565429718
06-18,-0.022365808486938477,-0.15329980850219638,0.3156142234802246,0.3057694435119629,0.3049330711364755,0.18071842193603516,-0.04435634613037198,0.3542070388793954,-0.09869575500488459,0.19922733306884766,0.17064666748047053,-0.2536911964416495,7.0,5.0,07-18,0.10489227374394756
06-19,-0.01863837242126465,-0.21959400177001998,0.3246307373046875,0.3057699203491211,0.24608516693115234,0.08744525909423828,0.019008636474608487,0.33337211608886985,-0.022774696350097656,0.17432498931884943,0.12574100494384766,-0.15611743927002042,8.0,4.0,07-19,0.09993777672449766
06-20,0.10064840316772417,-0.24859714508056685,0.23445415496826172,0.32549762725830167,0.41192913055419833,0.07578420639038086,0.1140623092651376,0.4444932937622097,0.05314445495605469,0.14112186431884766,0.20657253265380682,-0.09757375717163175,10.0,2.0,07-20,0.1467947562535604
06-21,0.0670986175537105,-0.30660271644592285,0.18936872482299805,0.3550882339477548,0.5082235336303711,0.0058302879333504976,0.10138750076294034,0.5139460563659677,0.12147331237792969,0.08301162719726562,0.28740596771240234,-0.01951503753662287,10.0,2.0,07-21,0.15889300902684542
06-22,0.12301421165466309,-0.1450147628784184,0.23445606231689453,0.3353600502014169,0.6580171585083008,0.058297157287597656,0.04435729980468839,0.5139460563659668,0.1518421173095703,0.04980754852294922,0.23351573944091975,-0.1268453598022461,10.0,2.0,07-22,0.1775627732276919
06-23,0.11555910110473588,-0.12015604972839355,0.2028961181640625,0.3797492980957031,0.6687188148498535,0.06412696838378906,0.09505128860473722,0.5903434753417978,0.12147331237792969,0.04150581359863459,0.1526842117309588,-0.22441864013671875,10.0,2.0,07-23,0.17396114269892415
06-24,0.14538025856018066,0.029002666473388672,0.2028961181640625,0.43399715423583984,0.6205697059631348,0.1282491683959961,0.266143798828125,0.6389584541320801,0.15183925628662287,0.04150581359863459,0.17064666748047053,0.23417615890503019,12.0,0.0,07-24,0.25528043508529713
06-25,0.14538025856018066,0.0,0.15329837799072266,0.37481689453125,0.5242729187011728,0.14573955535888672,0.31683874130249023,0.6111798286437988,0.12147235870361683,-0.008299827575683594,0.27842140197754084,0.16587448120117276,10.0,2.0,07-25,0.23574958244959573
06-26,0.029821395874022993,0.07043623924255416,0.21191024780273438,0.36988401412963867,0.1176939010620126,0.1282491683959961,0.3041648864746085,0.6875777244567871,0.06832790374756037,-0.02490234375,0.49397563934325994,0.2146615982055673,11.0,1.0,07-26,0.2226500312487285
06-27,0.11555838584899902,0.0621492862701416,0.11722660064697266,0.29097509384155273,-0.06954574584960849,0.1224207878112793,0.27248001098632724,0.7153573036193848,0.10628700256347301,0.03320407867431818,0.35027217864990234,0.07805871963500977,11.0,1.0,07-27,0.182870308558146
06-28,0.16774463653564453,0.11601042747497603,0.1397714614868164,0.34029340744018555,0.010697841644287998,0.116590976715087,0.2914905548095703,0.49311065673828125,0.12906360626220703,-0.024904251098631036,0.21555233001708984,0.02927207946777255,11.0,1.0,07-28,0.1687244772911073
06-29,0.11555838584899902,0.18644690513610884,-0.013526439666748047,0.2120671272277832,-0.04814910888671875,0.058296680450438565,0.17742919921875,0.3333711624145508,0.17461299896240234,-0.06641006469726385,0.16166591644286932,0.07805871963500977,9.0,3.0,07-29,0.1141184568405151
06-30,0.04846024513244629,0.2900297641754155,-0.05861234664916992,0.2120656967163086,-0.05884838104248047,0.03497791290283114,0.20277643203735263,0.18752193450927734,0.06073474884033203,0.033204078674316406,0.16166591644286932,0.17563247680663974,10.0,2.0,07-30,0.10746737321217821
07-01,-0.01863837242126465,0.3107442855834961,-0.13526344299316317,0.2367262840270996,-0.11769533157348633,-0.09910297393799006,0.22178697586059481,0.381988525390625,0.17461490631103516,-0.033206939697265625,0.2335157394409162,0.05854368209838867,7.0,5.0,07-31,0.10116777817408214
07-02,0.014910936355590376,0.37289428710937544,-0.3426685333251953,0.18247652053833008,-0.1069955825805664,-0.06412649154663086,0.20911216735839844,0.22919368743896484,0.09869480133056818,-0.024905204772947442,0.14370250701904297,0.029272079467773438,8.0,4.0,08-01,0.06179676453272531
07-03,0.07082605361938477,0.48061943054199263,-0.34717702865600586,0.212066650390625,0.032098770141599786,-0.046637535095214844,0.22178697586059481,0.1805744171142578,0.06073474884033203,0.00830078125,0.14370155334472656,0.04878664016723633,10.0,2.0,08-02,0.08880678812662741
07-05,0.1752004623413086,0.6090636253356934,-0.4734210968017578,0.24165630340576172,0.10164403915405096,-0.2390131950378409,0.29782581329345614,0.027779579162597656,0.0683279037475586,-0.0166015625,0.09879493713378906,0.01951456069946289,9.0,3.0,08-04,0.07589761416117335
07-06,0.25721001625061035,0.6463506221771236,-0.47342252731323153,0.23672819137573242,-0.04279708862304776,-0.2390131950378409,0.329512119293212,0.1250133514404297,0.20498275756836115,-0.049806594848631036,0.035925865173339844,-0.048786640167237216,7.0,5.0,08-05,0.08182473977406839
07-07,0.4175016880035396,0.5344820022583008,-0.5861415863037109,0.2613840103149414,-0.16583967208862394,-0.2681598663330078,0.22812414169311523,0.1319589614868164,0.17461395263671875,-0.091311454772951,0.008982658386230469,0.2536911964416495,8.0,4.0,08-06,0.07494050264358487
07-08,0.6523456573486328,0.5013353824615479,-0.5275254249572754,0.27124738693237305,-0.19258928298950284,-0.4022407531738281,0.2154502868652335,0.06945323944091797,0.167022705078125,-0.058108329772950995,-0.26045894622802734,0.40005111694336026,7.0,5.0,08-07,0.06966525316238381
07-09,0.6374349594116211,0.4018974304199223,-0.7394394874572745,0.32056570053100586,-0.2621364593505868,-0.3964118957519531,0.1964402198791495,0.0,0.18979740142822266,0.09961605072021484,-0.17064571380615057,0.4293231964111328,7.0,5.0,08-08,0.05887011686960867
07-10,0.6821672916412349,0.33146071434020996,-0.8792119026184073,0.2761812210083008,-0.14979076385498047,-0.4488778114318839,0.1077260971069327,-0.03472614288330078,0.14424514770507812,0.041504859924316406,-0.19758987426757635,0.4488377571105948,7.0,5.0,08-09,0.026827216148376576
07-11,0.6337075233459468,0.3397486209869389,-1.3887038230895987,0.24658918380737394,-0.2674856185913086,-0.4547080993652344,0.050693035125731534,0.0,0.07592105865478516,0.04980754852294922,-0.18860912322998047,0.5073819160461426,7.0,5.0,08-10,-0.032971481482187835
07-12,0.6672568321228023,0.34803557395935103,-1.1407213211059561,0.24165773391723633,-0.17653989791870117,-0.45470523834228516,0.0887136459350577,0.15974044799804688,0.09110546112060369,0.041505813598631036,-0.17962741851806285,0.5171394348144531,8.0,4.0,08-11,0.016963422298431396
07-13,0.6411631107330318,0.39775466918945357,-1.1722831726074219,0.2564530372619629,-0.3798336982727051,-0.3964099884033194,0.03168296813964844,0.11806964874267578,0.11388015747070135,0.041505813598631036,-0.05388832092285156,0.6830143928527832,8.0,4.0,08-12,0.023425718148549175
07-14,0.48087215423583984,0.22788047790527388,-1.1226868629455566,0.300839900970459,-0.294236183166503,-0.3730921745300293,0.12673711776733398,0.1736307144165039,0.015184402465822089,0.14942264556884766,-0.06286907196044922,0.57568359375,8.0,4.0,08-13,0.016447226206461846
07-15,0.5218765735626221,0.21959400177001998,-1.1317033767700195,0.300839900970459,-0.3316841125488281,-0.33228588104248047,0.06336784362793058,0.19446563720702947,-0.167022705078125,0.09131431579589666,-0.15268325805664062,0.45859527587890625,7.0,5.0,08-14,-0.022110482056935814
07-16,0.5256040096282963,0.24859714508056685,-0.8251047134399414,0.21699953079223633,-0.5242714881896973,-0.2331843376159659,-0.012674808502197266,-0.097231864929201,-0.23535251617431818,0.05811023712158381,-0.1347217559814471,0.5464115142822266,5.0,7.0,08-15,-0.03890158732732152
07-17,0.55915379524231,0.25688338279724077,-0.7755093574523917,0.19727039337158203,-0.4654245376586905,-0.18071746826171875,0.0,-0.07639694213867365,-0.10628890991210938,0.15772342681884588,-0.32333087921142756,0.4683527946472177,5.0,7.0,08-16,-0.024023691813151265
07-18,0.5330595970153809,0.236167192459106,-0.6041750907897949,0.17754507064819247,-0.5456714630126944,-0.2331843376159659,0.0887136459350577,-0.08334064483642756,-0.22016620635986328,0.2739391326904297,-0.2874040603637713,0.4683523178100577,6.0,6.0,08-17,-0.016347070535024415
07-19,0.48832750320434615,0.2983160018920894,-0.7349309921264648,0.24165725708007812,-0.5563731193542472,-0.19820690155029297,0.12673473358154297,-0.17363071441650568,-0.18220901489257635,0.2573366165161115,-0.20657253265381037,0.4195656776428214,6.0,6.0,08-18,-0.018332123756408986
07-20,0.3243093490600586,0.24859666824340865,-0.752967357635498,0.1874094009399414,-0.6847658157348633,-0.2448434829711914,0.12673473358154297,-0.13890361785888672,-0.25053596496581854,0.2573366165161115,-0.15268325805664062,0.536653518676756,6.0,6.0,08-19,-0.04530493418375662
07-21,0.3541309833526607,0.35217738151550293,-0.7304234504699707,0.3107028007507324,-0.8238587379455566,-0.19820690155029297,0.1774301528930664,-0.11806869506835938,-0.2201690673828125,0.3486480712890625,-0.0898141860961914,0.4878668785095215,6.0,6.0,08-20,-0.01246539751688643
07-22,0.309398889541626,0.25688147544860795,-0.7890353202819824,0.22686147689819336,-1.032498836517334,-0.16905736923217773,0.08871221542358398,-0.19446659088134766,-0.23535060882568537,0.42335987091064453,0.0,0.31223487854003906,6.0,6.0,08-21,-0.06691332658131936
07-23,0.21993374824523926,0.2651684284210205,-0.8927359580993643,0.25151968002319336,-0.9148030281066903,-0.21569490432739258,0.16475486755371183,-0.298642158508299,-0.3188629150390625,0.44826221466064453,-0.08981418609619318,0.3707790374755868,6.0,6.0,08-22,-0.08417793114980048
07-24,0.16774749755859375,0.1118693351745601,-0.9423336982727042,0.30083751678466797,-0.8506069183349618,-0.22152471542358398,0.14574432373046875,-0.3403139114379865,-0.24294281005859553,0.38185310363769354,-0.08083248138427734,0.41956567764282404,6.0,6.0,08-23,-0.0959114233652751
07-25,0.45477819442749023,0.11601376533508301,-0.9648771286010742,0.17261314392089844,-0.9148044586181641,-0.16323041915893555,0.19010210037231356,-0.3333702087402326,-0.2581272125244105,0.31544685363769354,-0.008982658386230469,0.4000511169433594,6.0,6.0,08-24,-0.08286557594935078
07-26,0.45850539207458496,0.157445907592773,-0.8927383422851571,0.1134328842163086,-0.9041051864624023,-0.06995630264282227,0.0633668899536124,-0.2222461700439453,-0.1822052001953125,0.2656383514404297,-0.008982658386230469,0.3415074348449698,6.0,6.0,08-25,-0.07336141665776597
07-27,0.3727681636810303,0.19473528861999512,-0.6763172149658203,0.08877229690551758,-0.9308524131774902,-0.11076164245605558,-0.21544885635375977,-0.23613929748535156,-0.2884950637817383,0.3320493698120117,-0.06287002563476562,0.3707790374755868,5.0,7.0,08-26,-0.09681502978006999
07-28,0.3988635540008545,0.12430000305175692,-0.5726141929626465,0.0690450668334961,-0.8345589637756339,-0.1049337387084952,-0.3358483314514151,-0.27781105041503906,-0.2125749588012713,0.32374763488769354,-0.152682304382326,0.1951465606689462,5.0,7.0,08-27,-0.11499339342117332
07-29,0.49205470085144043,0.1533031463623038,-0.5681056976318359,0.08384132385253817,-0.8773565292358398,-0.046636104583740234,-0.24079608917236417,-0.22919178009033203,-0.1897993087768537,0.36525249481200994,-0.17064476013183594,0.009757518768309659,5.0,7.0,08-28,-0.10152675708134999
07-30,0.45850682258605957,0.10772585868835449,-0.6582803726196298,0.2120661735534668,-0.8827023506164551,-0.05829620361328036,-0.25980520248413175,-0.180578231811527,-0.1897993087768537,0.35695266723632635,-0.2694416046142578,0.029272079467773438,5.0,7.0,08-29,-0.11119830608367957
07-31,0.3876802921295166,-0.004143714904785156,-0.6131930351257324,0.18247652053833008,-0.9362020492553702,0.1399092674255371,-0.3168349266052255,-0.32642745971679865,-0.22775840759277344,0.3071441650390625,-0.18860816955566584,0.039029598236083096,5.0,7.0,08-30,-0.12974399328231848
08-01,0.313126802444458,-0.004143714904785156,-0.4824385643005371,0.1874074935913086,-0.8613061904907227,0.1399092674255371,-0.22812366485595614,-0.22919368743896484,-0.23534870147705078,0.2822389602661133,-0.18860816955566584,0.1756319999694842,5.0,7.0,08-31,-0.09423734744389844
08-02,0.2795763015747066,0.0,-0.38324928283691406,0.13315963745117188,-0.7382636070251465,0.169055938720704,-0.23446130752563477,-0.07639694213867188,-0.1822061538696289,0.3403463363647461,-0.16166496276855646,0.43908071517944514,5.0,7.0,09-01,-0.03458527723948157
08-03,0.22366118431091264,-0.08700752258300737,-0.297579288482666,0.12329626083374023,-0.7115139961242676,0.11076021194458008,-0.3041653633117676,-0.020836830139160156,-0.19739151000976562,0.3071432113647461,0.10777664184570135,0.3902940750122079,6.0,6.0,09-02,-0.029630243778228833
08-04,0.09319186210632324,-0.012428760528564897,0.0,0.07397794723510742,-0.7329144477844238,0.15156793594360352,-0.3992166519165039,-0.020836830139160156,-0.22016620635986328,0.14941883087158025,0.2963848114013672,0.22441911697387784,6.0,6.0,09-03,-0.033050199349721386
08-05,-0.007454872131347656,-0.012428760528564897,0.1397724151611328,0.059183597564697266,-0.7757110595703125,0.2506704330444336,-0.3358478546142569,0.013889312744140625,-0.17461395263671875,0.09131240844726385,0.2694416046142578,0.2732057571411133,7.0,5.0,09-04,-0.017381747563680123
08-06,-0.007454872131347656,-0.020716667175293857,0.6492643356323242,0.05425119400024325,-0.7596611976623535,0.2914781570434579,-0.310499668121337,-0.020836830139160156,-0.10628700256347656,0.07470989227294567,0.2784242630004865,0.29272031784057617,6.0,6.0,09-05,0.034615993499755415
08-07,-0.041004180908203125,-0.029003620147705966,0.5861415863037118,0.014794349670410156,-0.8238592147827148,0.2739882469177255,-0.3485202789306632,0.020835876464845526,-0.05314350128174006,0.0249061584472674,0.35925579071044744,0.2829627990722656,7.0,5.0,09-06,0.02227950096130386
08-08,-0.014910459518432617,-0.029003620147705966,0.5320358276367188,0.0739755630493164,-0.7596592903137207,0.21569299697875977,-0.2914896011352539,0.07639694213867188,0.022774696350094104,0.11621475219726562,0.2065725326538086,0.11708784103393555,8.0,4.0,09-07,0.022140681743621455
08-09,-0.1379244327545166,0.04143238067626909,0.18486118316650302,0.01479339599609375,-0.8452568054199228,0.18071556091308594,-0.2661428451538077,0.07639789581298828,-0.04555225372314453,0.08300971984863281,0.21555328369140625,-0.08781623840332031,7.0,5.0,09-08,-0.048827429612477734
08-10,-0.0447325706481938,-0.029003620147705078,0.3967738151550302,0.01479339599609375,-0.8292083740234375,0.239013671875,-0.2914896011352539,0.21530246734618963,0.060733795166015625,0.1411180496215838,0.36823558807373047,-0.11708879470825284,7.0,5.0,09-09,0.010370651880900028
08-11,0.23111677169799805,0.17815995216369673,0.18035173416137784,0.08877229690551758,-0.6526675224304199,0.2448430061340332,-0.27881765365600586,0.39587879180908025,0.1290636062622088,0.17432212829589666,0.3592557907104492,-0.1463603973388663,9.0,3.0,09-10,0.07532654205958052
08-12,0.13792395591735795,0.22787928581237882,0.13075637817382812,0.06904411315917969,-0.5617227554321289,0.18071651458740234,-0.29782819747924805,0.3750438690185529,0.0151824951171875,0.09961223602294744,0.2963848114013672,-0.03902959823608487,9.0,3.0,09-11,0.05283025900522834
08-13,0.10810256004333452,0.24859547615051358,-0.04057788848876864,0.08384037017822266,-0.39588117599487305,0.15156984329223455,-0.3295116424560538,0.4028224945068377,0.022775650024414062,0.18262481689452947,0.2065715789794922,0.06830120086669833,9.0,3.0,09-12,0.0591027736663818
08-14,0.15283465385436923,0.19887590408325195,-0.1397714614868164,0.10356998443603516,-0.32135915756225675,0.1107625961303702,-0.36753273010253906,0.22919082641601562,0.053143501281736505,0.13281822204589844,0.39518070220947443,0.11708784103393466,9.0,3.0,09-13,0.0554000735282895
08-15,0.4025897979736328,0.2568817138671866,-0.1487884521484366,0.12929201126098722,-0.14481735229492188,0.15739917755126864,-0.3802037239074716,0.3264245986938459,0.0986928939819336,0.07471084594726385,0.32332897186279297,-0.058543682098387784,8.0,4.0,09-14,0.08641390005747447
08-16,0.4370884895324707,0.286543846130372,-0.062238216400146484,0.06517887115478604,-0.005724430084228516,0.13158607482910156,-0.34775733947753906,0.2277574539184588,0.15184211730956854,0.033205032348631036,0.26045989990234375,-0.09757328033447088,8.0,4.0,09-15,0.09003070990244562
08-17,0.3795914649963379,0.30453038215637207,-0.07532215118408203,0.1490201950073251,0.36715269088745117,0.018541336059570312,-0.3088216781616211,-0.011972427368165839,0.22016811370849787,-0.041506767272950995,0.19806957244873047,0.09242677688598722,8.0,4.0,09-16,0.10765645901362102
08-18,0.3953444957733159,0.2721400260925284,0.12306213378906161,0.07407712936401367,0.36715269088745117,-0.09450674057006836,-0.33958911895751864,0.06442356109618785,0.303680419921875,0.005584716796875,0.1249399185180664,0.27072811126708984,10.0,2.0,09-17,0.13058644533157315
08-19,0.47179675102233887,0.3715779781341544,0.17265987396240146,0.10424613952636719,0.26861143112182617,-0.08747673034667969,-0.26262950897216797,0.10609531402587535,0.32091617584228516,-0.06217384338378906,0.15236377716064453,0.2699999809265119,9.0,3.0,09-18,0.15216561158498068
08-20,0.2369523048400879,0.3674335479736315,0.24139785766601562,0.08413267135620206,0.0957937240600586,-0.028336524963378018,-0.19292593002319247,0.19839382171630682,0.24328327178955256,-0.08758354187011719,0.20641136169433594,0.24072790145873935,9.0,3.0,09-19,0.13380670547485354
08-21,0.23322510719299316,0.37685132026672363,0.2644939422607422,0.019145965576172763,0.23303461074829102,-0.09829187393188388,-0.0661907196044913,0.056618690490719104,0.21999740600586115,-0.07199192047118785,0.17930889129638672,0.2992715835571289,9.0,3.0,09-20,0.13712275028228796
08-22,0.31896233558654785,0.3344757556915283,0.2090606689453125,0.0825800895690918,0.31862878799438477,-0.05748653411865057,0.23209190368652344,-0.035535812377931464,0.23500823974609197,-0.11451053619384766,0.161346435546875,0.13000011444091708,9.0,3.0,09-21,0.15121845404307024
08-23,0.4224555492401123,0.3344757556915283,0.07291460037231534,0.1565570831298828,0.2223353385925284,-0.12281322479248136,0.28400611877441406,-0.04741668701171875,0.12872028350830078,-0.11451053619384766,0.25115871429443537,0.059999942779541016,9.0,3.0,09-22,0.13732357819875088
08-24,0.3879578113555908,0.3013296127319336,-0.16585350036621094,0.14176082611084073,0.259660243988038,-0.11686277389526456,0.34890174865722745,0.022467613220214844,0.14390468597411932,-0.15601539611816406,0.31482696533203125,-0.1399998664855966,8.0,4.0,09-23,0.11183983087539666
08-25,0.2824215888977051,0.3598067760467525,-0.09371328353881747,0.05376577377319336,0.3363032341003409,-0.18231201171875,0.20460796356201172,-0.005311965942381036,0.14390468597411932,-0.14771556854248047,0.3513908386230469,-0.16951465606689453,7.0,5.0,09-24,0.09446944793065386
08-26,0.2117021083831787,0.3888094425201407,-0.13880062103271484,0.038679122924805576,0.32535505294799894,-0.1883835792541495,0.1362791061401376,0.14053726196289062,0.15857410430908203,-0.13077640533447266,0.378814697265625,-0.3216986656188956,8.0,4.0,09-25,0.08325763543446889
08-27,0.20424604415893555,0.3888094425201407,-0.35270214080810547,-0.006577491760254794,0.324479579925538,-0.20611286163330167,0.015881538391112393,0.12128162384033025,0.12752342224121094,-0.2747631072998047,0.3871574401855469,-0.3899998664855966,7.0,5.0,09-26,0.028268635272979292
08-28,0.23779654502868697,0.38042712211608976,-0.28803157806396573,-0.021277427673339844,0.4001259803771964,-0.14781713485717773,0.022219181060791016,0.09292507171630682,0.18962860107421875,-0.3164358139038086,0.387637138366701,-0.6534485816955575,7.0,5.0,09-27,0.023645758628845104
08-29,0.19405055046081587,0.38466572761535556,-0.283414363861084,-0.09573745727539062,0.4215264320373526,-0.18862485885620117,0.12436771392822266,0.1992588043212873,0.2051525115966797,-0.4097709655761701,0.19902896881103516,-0.564661979675293,7.0,5.0,09-28,0.015486756960550832
08-30,0.15572071075439542,0.3761899471282959,-0.20598888397216797,-0.08094310760498047,0.4643230438232413,-0.21278095245361328,0.02702617645263672,0.22804355621338068,0.1430492401123047,-0.3516645431518537,0.22597217559814453,-0.47466182708740234,7.0,5.0,09-29,0.02452379465103179
08-31,0.27071309089660733,0.4301476478576669,-0.32883310317993253,-0.07601070404052646,0.5194425582885742,-0.17708301544189453,-0.037868976593018466,0.1938924789428711,0.0747222900390625,-0.3350620269775355,0.2181081771850586,-0.2446618080139169,6.0,6.0,09-30,0.04229221741358469
09-01,0.27349209785461426,0.3099927902221693,-0.26571035385132014,0.028331756591796875,0.4756460189819336,-0.21873235702514737,0.004657745361328125,0.1522197723388654,0.021578788757325995,-0.2518815994262713,0.28209590911865234,-0.36466217041015625,8.0,4.0,10-01,0.037252366542815905
09-02,0.261782169342041,0.3099927902221693,-0.21160459518432706,0.05850505828857511,0.4154253005981454,-0.15923357009887695,0.06474065780639737,0.09665870666503906,0.07592010498046875,-0.15024566650390803,0.355224609375,-0.42174959182739347,8.0,4.0,10-02,0.057951331138610875
09-03,0.384796142578125,0.23955678939819425,-0.09767103195190519,0.023303508758544922,0.48659610748291016,-0.21206092834472745,0.03939390182495117,-0.043395042419433594,0.1147336959838885,-0.1925945281982422,0.19068527221679688,-0.2168455123901376,7.0,5.0,10-03,0.059708197911580406
09-04,0.2916042804718022,0.25264549255371005,-0.15772199630737305,0.048446178436280185,0.5185680389404288,-0.20040130615234375,0.06474065780639737,-0.10719680786132812,0.10697174072265625,-0.209536552429201,0.04650402069091797,-0.18757295608520508,7.0,5.0,10-04,0.03892089923222849
09-05,0.093297958374023,0.22722291946410955,-0.36559152603149414,0.04429054260253906,0.5399675369262686,-0.2586994171142578,-0.0891728401184082,-0.1922607421875,0.09144401550293146,-0.3609752655029297,-0.016364097595214844,0.019999980926511896,6.0,6.0,10-05,-0.02223674456278509
09-06,0.07796549797058061,0.2484102249145499,-0.40716624259948775,0.05415201187133789,0.36342668533325106,-0.2823777198791495,0.001678466796875,-0.3978376388549787,0.0985260009765625,-0.3609752655029297,-0.007384300231933594,0.14000034332275302,7.0,5.0,10-06,-0.03929849465688077
09-07,0.12779664993286044,0.2611231803894034,-0.4916157722473158,0.07388019561767578,0.1794152259826669,-0.264528751373291,0.021148204803466797,-0.6084899902343714,0.083343505859375,-0.28626537322998047,0.1377573013305664,0.2699999809265119,8.0,4.0,10-07,-0.04136963685353601
09-08,0.14312791824340731,0.2484102249145499,-0.4916157722473158,0.05908393859863281,0.2615332603454599,-0.25858068466186523,0.1119980812072745,-0.6293249130249023,0.07575035095214844,-0.5217337608337402,0.11947441101074219,0.25,8.0,4.0,10-08,-0.052656412124634046
09-09,0.13173437118530273,0.23598098754882812,-0.392422199249268,0.03393936157226651,0.22868680953979492,-0.2118220329284668,0.2209467887878418,-0.45569324493408025,0.11524868011474787,-0.5894923210144043,-0.008501052856445312,0.18242692947387784,7.0,5.0,10-09,-0.04241391023000041
09-10,0.045997381210326704,0.17797517776489347,-0.3233547210693368,0.03896951675415039,0.04379749298095792,-0.13387250900268466,0.23361778259277433,-0.6238183975219709,0.08419609069824219,-0.43703556060791016,0.06366920471191406,0.24097061157226562,8.0,4.0,10-10,-0.04907399415969815
09-11,0.011498689651488814,0.15254831314086825,-0.4065034389495863,-0.07040166854858398,0.08759307861328125,-0.15469598770141602,0.2011713981628418,-0.5812859535217267,0.08419609069824219,-0.4792165756225568,0.08227062225341797,0.2800002098083487,7.0,5.0,10-11,-0.06606876850128174
09-12,0.0919945240020752,0.17373800277709783,-0.28177881240844815,-0.1357736587524423,-0.0766439437866211,-0.041651248931884766,0.27904796600341886,-0.5174846649169904,0.1066293716430664,-0.6309981346130353,0.054846763610839844,0.1700000762939453,6.0,6.0,10-12,-0.06733947992324822
09-13,0.08432865142822266,0.1186499595642081,-0.33721351623535156,-0.08548879623413086,-0.0766439437866211,0.023798465728759766,0.3763880729675302,-0.5174856185913077,0.03881263732910156,-0.7029919624328613,0.1279764175415039,0.1700000762939453,7.0,5.0,10-13,-0.06498912970225008
09-14,0.04216408729553223,0.09746408462524414,-0.31873369216918945,-0.11565780639648438,0.14781427383422852,-0.005951404571532315,0.31798410415649503,-0.3827958106994611,-0.05434322357177557,-0.6352334022521973,0.07312870025634766,0.21000003814697266,6.0,6.0,10-14,-0.052013337612151656
09-15,0.0,0.05932474136352717,-0.3649282455444336,-0.15086126327514737,0.21350955963134766,-0.0832977294921875,0.20766019821166992,-0.4820380210876465,0.02328968048095703,-0.8215670585632324,0.155398368835451,-0.09000015258789151,5.0,7.0,10-15,-0.11112582683563217
09-16,-0.04599618911743164,0.008474826812745029,-0.38802433013916016,-0.030171871185303623,0.3120541572570801,-0.13089752197265625,0.22712850570678622,-0.34026288986205877,0.08539199829101385,-0.8215670585632324,0.1279764175415039,-0.1900000572204581,5.0,7.0,10-16,-0.09882450103759766
09-17,-0.04599618911743164,0.05085039138794034,-0.33720970153808594,-0.12068700790405362,0.42702198028564453,-0.2439446449279794,0.20766162872314364,-0.2693758010864258,0.100918769836424,-0.8723855018615723,0.07312965393066406,-0.05000019073486328,5.0,7.0,10-17,-0.09000138441721628
09-18,-0.1494894027709961,0.07627439498901367,-0.26792049407959073,-0.025142192840576172,0.37227630615234464,-0.18444585800170898,0.15574741363525302,-0.297731876373291,0.100918769836424,-0.6182942390441912,0.10969352722167969,0.019999980926512784,6.0,6.0,10-18,-0.059009472529093866
09-19,-0.14565801620483398,0.08051109313964844,-0.3279724121093759,-0.0553135871887207,0.377748966217041,-0.19039630889892578,0.12978887557983398,-0.47495412826538086,0.12420845031738281,-0.626763343811036,0.06398773193359375,0.1999998092651376,6.0,6.0,10-19,-0.0704010725021363
09-20,-0.17248845100402832,0.08898639678955078,-0.15705823898315519,-0.09554338455200195,0.3011059761047381,-0.02380084991455167,0.22713232040405273,-0.5671052932739258,0.10868358612060369,-0.626763343811036,0.027423858642578125,0.1599998474121085,6.0,6.0,10-20,-0.060785631338755586
09-21,-0.19548797607421875,0.08051109313964844,0.013857364654541016,-0.08045673370361417,0.3284754753112784,0.08329916000366122,0.3569183349609366,-0.6025519371032715,0.13197326660156072,-0.6437025070190439,0.054846763610839844,0.05000019073486239,8.0,4.0,10-21,-0.035193125406901636
09-22,-0.1801552772521977,0.05084896087646573,0.09700441360473633,-0.030173301696776456,0.39417314529418856,0.14874696731567294,0.5775594711303711,-0.6805300712585449,0.16302394866943182,-0.5166554450988778,0.14625835418701172,0.1400003433227539,8.0,4.0,10-22,0.0258417924245196
09-23,-0.2529847621917729,0.055087566375731534,0.03233385086059659,-0.04525709152221591,0.37227535247802734,0.22014427185058594,0.5256423950195312,-0.6521735191345215,0.100918769836424,-0.4827761650085449,0.21938800811767578,0.3299999237060547,8.0,4.0,10-23,0.03521655003229766
09-24,-0.15332365036010787,0.05084896087646573,0.0369548797607413,-0.07542991638183505,0.42702102661132724,0.2677445411682129,0.4931979179382324,-0.7655973434448233,0.08539199829101385,-0.5420651435852051,0.2376699447631836,0.28999996185302734,8.0,4.0,10-24,0.029367764790852752
09-25,-0.11499381065368741,0.05508804321288974,0.1201038360595712,-0.005028247833252841,0.36679887771606534,0.3093905448913574,0.5905394554138184,-0.6450872421264648,0.08539199829101385,-0.5420656204223642,0.15539932250976562,0.19999980926513672,8.0,4.0,10-25,0.04796141386032075
09-26,-0.22998619079589933,0.033898353576660156,0.2263479232788086,0.035199642181396484,0.29562950134277344,0.27369260787963867,0.7527780532836923,-0.5883736610412598,0.10091972351074219,-0.39807987213134943,0.09141159057617188,0.07999992370605558,9.0,3.0,10-26,0.05611979961395256
09-27,-0.272150039672852,0.07203626632690519,0.138580322265625,-0.005028247833251953,0.33942604064941406,0.35104084014892667,0.7397966384887704,-0.6521725654602077,0.100918769836424,-0.40655040740966797,0.027423858642578125,0.12999963760376065,8.0,4.0,10-27,0.04694342613220204
09-28,-0.2568178176879887,0.02118682861328125,0.23558616638183683,-0.035201549530030185,0.32300233840942294,0.35699176788330167,0.7073493003845224,-0.7868604660034189,0.04657745361328125,-0.5081863403320312,-0.09140968322753906,-0.010000228881835938,6.0,6.0,10-28,0.0001848141352335242
09-29,-0.23381924629211426,0.0296611785888663,0.18477439880371183,0.0,0.3613247871398908,0.3331928253173837,0.7527751922607422,-0.7301502227783212,0.007763862609861505,-0.40654802322387873,-0.2376689910888672,0.0,6.0,6.0,10-29,0.005108813444772912
09-30,-0.2798171043395996,0.0,0.2448253631591797,0.0,0.4434452056884757,0.32129287719726474,0.6164975166320801,-0.6663484573364267,-0.05434036254882635,-0.5335950851440447,-0.32908058166503906,-0.31000041961669833,4.0,8.0,10-30,-0.04559342066446955
10-01,-0.25298476219177246,0.025422573089600498,0.6282281875610352,-0.01508522033691495,0.4051203727722159,0.351041316986084,0.6943697929382333,-0.8506603240966797,-0.04657840728759588,-0.5081863403320339,-0.08227062225341797,-0.4200000762939444,5.0,7.0,10-31,-0.005965292453765869
10-02,-0.23765230178833008,0.008474826812745029,0.6744227409362793,-0.01005697250366211,0.3832225799560547,0.36889028549194247,0.6035184860229501,-0.8648371696472168,-0.06986808776855291,-0.3896059989929199,-0.027423858642578125,-0.5400004386901855,5.0,7.0,11-01,-0.008409659067789491
10-03,-0.23382139205932573,0.0,0.6467070579528809,-0.07040071487426758,0.47628927230834783,0.351041316986084,0.5775599479675293,-0.8790173530578613,-0.10091590881347656,-0.3472604751586914,-0.1096944808959961,-0.6099996566772461,4.0,8.0,11-02,-0.024959365526835236
10-04,-0.3181486129760738,0.05932283401489169,0.5450823307037358,-0.07040071487426758,0.39417123794555486,0.3986415863037118,0.5710697174072266,-0.7443284988403338,-0.10091781616211115,-0.19480466842651367,-0.09141159057617188,-0.6799998283386222,5.0,7.0,11-03,-0.019310335318247773
10-05,-0.32198143005371094,0.08051013946533114,0.5681767463684086,-0.04525613784790128,0.33942556381225497,0.41054201126098633,0.6229844093322754,-0.815218925476076,-0.17078399658203303,-0.1270461082458496,0.08227062225341797,-0.5199999809265119,6.0,6.0,11-04,0.00863524278004931
10-06,-0.35647797584533647,0.10169839859008789,0.5081262588500977,-0.025144100189208096,0.41606998443603516,0.434340476989747,0.5061793327331552,-0.7443275451660156,-0.13973140716552734,-0.2540926933288574,0.054846763610839844,-0.3399996757507342,6.0,6.0,11-05,0.01345731814702363
10-07,-0.3833096027374263,0.09746313095092773,0.5912749767303471,-0.07542943954467773,0.437969207763671,0.4045906066894531,0.40883398056030273,-0.7868599891662598,-0.0310516357421875,-0.3387904167175302,0.02742290496826172,-0.3299999237060538,6.0,6.0,11-06,0.001842816670735677
10-08,-0.4063084125518799,0.07627344131469815,0.4804096221923828,-0.15588903427124023,0.5200905799865723,0.36889171600341886,0.2920217514038077,-0.9853487014770499,-0.100918769836424,-0.2202134132385254,-0.04570579528808594,-0.4099998474121085,5.0,7.0,11-07,-0.04889140526453617
10-09,-0.39864253997802734,0.16526031494140625,0.4342155456542969,-0.08045816421508878,0.5036654472351074,0.416490077972413,0.19468164443969638,-0.9569935798645028,-0.04657840728759588,-0.20327281951904475,-0.08227062225341797,-0.4099998474121085,5.0,7.0,11-08,-0.038658579190572175
10-10,-0.34114527702331543,0.24153566360473633,0.4434523582458496,-0.09554576873779297,0.3777484893798828,0.4462399482727051,0.3374500274658194,-0.8152170181274414,0.015527725219724786,0.12704706192016602,-0.054846763610839844,-0.40000009536743075,7.0,5.0,11-09,0.02352052927017197
10-11,-0.34497880935668945,0.24577188491821378,0.47579193115234375,-0.040228843688964844,0.31205320358276367,0.5057363510131836,0.12978649139404208,-0.7088851928710955,0.007763862609861505,0.3387904167175293,-0.13711643218994318,-0.4699997901916495,7.0,5.0,11-10,0.02620708942413293
10-12,-0.29131484031677246,0.12288427352905273,0.31873369216918945,-0.1609182357788086,0.16423749923706144,0.5295357704162598,0.032446384429929864,-0.7301526069641113,-0.031052589416503906,0.3387904167175293,-0.21938800811767578,-0.25,6.0,6.0,11-11,-0.014683187007904127
10-13,-0.28748202323913574,0.12288522720336825,0.3233523368835449,-0.20114707946777344,0.1259140968322754,0.5354847908020011,0.04542684555053622,-0.7088851928710938,-0.04657936096191406,0.3472599983215332,-0.20110607147216797,0.15000009536743253,7.0,5.0,11-12,0.017093638579050552
10-14,-0.25681924819946333,0.09746122360229492,0.2540631294250497,-0.25646257400512695,0.18613576889038175,0.5116896629333505,-0.05191421508788974,-0.6805291175842285,-0.04657936096191406,0.3642001152038574,-0.15540027618408203,0.4200005531311035,6.0,6.0,11-13,0.03215380509694443
10-15,-0.22615289688110396,0.09322452545166016,0.3325924873352051,-0.3520069122314453,-0.09854269027709872,0.5592875480651855,-0.09085130691528409,-0.6238174438476562,-0.04657936096191406,0.40654897689819336,-0.11883544921875,0.4400005340576163,5.0,7.0,11-14,0.022905667622884002
10-16,-0.19932246208190962,0.12288665771484375,0.47579336166382014,-0.5682382583618173,-0.08759498596191495,0.4581413269042969,-0.18819475173950284,-0.6096382141113272,-0.08539485931396307,0.22021436691284357,-0.1371173858642578,0.4800004959106454,5.0,7.0,11-15,-0.009872059027353589
10-17,-0.2031540870666504,0.07627534866333008,0.397264003753663,-0.7341861724853516,-0.10401630401611328,0.351041316986084,-0.4283013343811026,-0.5529284477233887,-0.13197040557861328,0.22021389007568448,-0.19196414947509766,0.48999977111816495,5.0,7.0,11-16,-0.06764388084411592
10-18,-0.2031540870666504,0.11864805221557617,0.33259296417236506,-0.7392129898071289,-0.16971397399902344,0.3569908142089844,-0.48021697998046786,-0.5600204467773438,-0.17854881286620916,0.2371535301208505,-0.28337574005126953,0.6300001144409189,5.0,7.0,11-17,-0.07823812961578318
10-19,-0.16098928451538086,-0.02118682861328125,0.2956357002258301,-0.7241291999816895,-0.016425132751464844,0.30344295501708984,-0.41532230377197177,-0.5316634178161612,-0.17854881286620916,0.20327425003051758,-0.31079959869384766,0.8099994659423837,4.0,8.0,11-18,-0.06222601731618208
10-20,-0.14182472229003862,-0.04237556457519531,0.2863974571228036,-0.8045854568481445,-0.13139343261718928,0.2796440124511719,-0.4412803649902335,-0.5245733261108398,-0.163022041320799,0.16092491149902344,-0.2742347717285156,0.7299995422363281,4.0,8.0,11-19,-0.08886031309763572
10-21,-0.05366301536560014,-0.03813886642455966,0.20324850082397372,-0.6285820007324219,-0.21351146697998136,0.23799467086791992,-0.34394121170043856,-0.6450834274291983,-0.11644649505615057,0.17786502838134766,-0.2468118667602539,0.7799997329711914,4.0,8.0,11-20,-0.07392253478368098
10-22,-0.05366301536560014,-0.016949176788330078,0.013859272003174716,-0.5330381393432608,-0.18613767623901367,0.237995147705079,-0.4412846565246573,-0.7797727584838876,-0.10868263244628551,0.11857748031616211,-0.2559518814086914,0.6699995994567871,4.0,8.0,11-21,-0.11125403642654363
10-23,-0.011499166488647461,0.008475780487060547,0.009238719940184659,-0.6084680557250959,-0.20803403854370117,0.20229625701904386,-0.42830324172973544,-0.7372407913208008,-0.11644649505615057,0.1270475387573251,-0.18282318115234375,0.619999885559082,5.0,7.0,11-22,-0.11047973235448157
10-24,-0.053663730621338335,0.046611785888671875,-0.11548233032226562,-0.6185245513916007,-0.13138961791992188,0.19634532928466886,-0.35042905807495117,-0.7159743309020996,-0.14749813079833984,0.016939640045166016,-0.13711833953857422,0.7599997520446786,4.0,8.0,11-23,-0.10418196519215883
10-25,-0.04983043670654297,0.15678548812866122,-0.06005096435546875,-0.6034393310546857,-0.16971206665038974,0.27964353561401367,-0.266066074371337,-0.701796054840087,-0.0698661804199201,-0.042349815368652344,0.009140968322753906,0.7599997520446786,4.0,8.0,11-24,-0.06312843163808135
10-26,-0.026831388473510742,0.2033977508544913,-0.09238672256469727,-0.6336102485656738,-0.13686752319335938,0.19634485244751065,-0.27904510498046875,-0.46077537536621005,0.0,0.08469724655151367,0.036563873291015625,0.7599997520446786,5.0,7.0,11-25,-0.029042740662892513
10-27,-0.015332460403442383,0.20763731002807617,-0.26792001724243164,-0.5129227638244638,-0.16424083709716886,0.2855935096740714,-0.2465991973876953,-0.19139957427978516,-0.007761955261230469,0.042348861694336826,0.009140968322753906,0.869999885559082,5.0,7.0,11-26,0.000711977481841893
10-28,0.05749654769897461,0.2033977508544913,-0.3141145706176758,-0.44755029678344727,-0.23540830612182617,0.23799467086791992,-0.3114933967590341,-0.17722272872924805,0.007763862609865058,0.11010694503784269,-0.01828289031982422,1.119999885559082,6.0,6.0,11-27,0.019390622774760002
10-29,0.0038344860076904297,0.21187257766723633,-0.2910180091857919,-0.35703563690185547,-0.26825428009033114,0.2498946189880371,-0.3050045967102051,-0.2126626968383789,0.03105449676513672,0.11010694503784269,-0.10055351257324219,1.0599994659423837,6.0,6.0,11-28,0.01101948817571019
10-30,0.08816170692443848,0.18221044540405362,-0.23558664321899503,-0.3419504165649414,-0.284679412841796,0.1963462829589835,-0.29851436614990234,-0.15595436096191317,0.02328968048095703,0.03387880325317383,-0.036563873291015625,1.1299996376037598,6.0,6.0,11-29,0.025053123633066887
10-31,0.11882543563842818,0.211872100830079,-0.19863224029541016,-0.2966904640197754,-0.19708728790283114,0.18444585800170898,-0.32447004318237216,-0.10633182525634854,0.054339408874513495,0.16939544677734375,-0.08227062225341797,0.9699997901916495,6.0,6.0,11-30,0.04194962978363063
11-01,0.06899547576904341,0.1567859649658221,0.0,-0.32183265686035245,-0.27373170852661133,0.20824718475341708,-0.30500316619873136,-0.007088661193847656,0.062101364135743964,0.14398527145385742,-0.054846763610839844,0.9699997901916495,6.0,6.0,12-01,0.05396767457326257
11-02,0.15715646743774458,0.03389883041381925,0.05543231964111328,-0.2715473175048828,-0.32300376892089755,0.23799562454223455,-0.30500316619873136,0.09215450286865234,-0.04657840728759588,0.22868299484253019,-0.009140968322753906,0.9699997901916495,7.0,5.0,12-02,0.06833724180857352
11-03,0.1878213882446289,-0.004238128662109375,0.04157304763793945,-0.12068700790405185,-0.29563093185424716,0.22014474868774325,-0.20117378234863192,0.22684192657470614,0.023288726806640625,0.11010599136352539,-0.06398868560791016,0.8099994659423837,7.0,5.0,12-03,0.07783806324005142
11-04,0.28748226165771484,-0.038136959075927734,0.08776712417602539,-0.17600297927856445,-0.3832244873046857,0.23204565048217773,-0.22063922882080167,0.1984868049621591,-0.038814544677734375,0.18633317947387873,-0.054846763610839844,0.7699995040893546,6.0,6.0,12-04,0.07087079683939639
11-05,0.27214956283569336,-0.11441230773925781,0.046195507049561435,-0.18605995178222656,-0.3832244873046893,0.16659688949584872,-0.30500364303588956,-0.0070896148681640625,-0.06986522674560547,0.18633317947387873,0.08227062225341797,0.7199997901916495,6.0,6.0,12-05,0.03399085998535142
11-06,0.2759830951690674,-0.09746122360229581,0.10162734985351651,-0.2061758041381827,-0.44344520568847656,0.1844468116760254,-0.09734010696411222,0.0141754150390625,-0.06986522674560547,0.17786598205566406,0.10055351257324219,0.7899994850158683,7.0,5.0,12-06,0.060863673686981125
11-07,0.20315337181091309,-0.11441040039062589,0.12472295761108398,-0.17600202560424805,-0.39417409896850675,0.16064739227294922,-0.07787513732909979,0.10633134841918856,-0.09315586090087535,-0.05081892013549716,0.21024703979492188,0.5699996948242188,6.0,6.0,12-07,0.039055446783701875
11-08,0.2759830951690674,-0.0847487449646005,0.1385812759399414,-0.0452580451965332,-0.3558506965637207,0.20824527740478516,-0.012979507446289062,0.17013168334960938,-0.13973331451415838,-0.008470058441161221,0.19196510314941406,0.5699996948242188,6.0,6.0,12-08,0.07565548022588109
11-09,0.27214908599853516,0.09322357177734375,0.27254152297973633,0.010057449340820312,-0.5036654472351074,0.19039869308471769,0.012978553771973544,0.3331766128540039,-0.13973331451415838,-0.02541017532348544,0.10969352722167969,0.5699996948242188,9.0,3.0,12-09,0.09961748123168983
11-10,0.28748202323913574,0.04661130905151367,0.2540640830993661,-0.025143146514892578,-0.41607236862182706,0.27369403839111506,-0.012977123260497159,0.4536871910095215,-0.13973331451415838,-0.05081748962402344,0.07312965393066406,0.3599996566772461,7.0,5.0,12-10,0.09199370940526364
11-11,0.3066492080688481,0.008473873138427734,0.11086320877075106,0.03519916534423828,-0.42154502868652344,0.2796449661254874,-0.01297950744628995,0.43950796127319247,-0.054340362548828125,-0.008469581604003906,0.08227062225341797,0.2199993133544922,8.0,4.0,12-11,0.08210615317026748
11-12,0.3334803581237793,0.055085182189941406,0.12472152709961026,0.10057258605957031,-0.21351146697998136,0.2736945152282715,0.09734106063842596,0.38988637924194336,-0.08539199829101562,-0.08469820022583008,0.027423858642578125,0.31999969482421875,9.0,3.0,12-12,0.11155029137929266
11-13,0.3334803581237793,0.06779909133911133,0.18477296829223633,0.2866334915161133,-0.44889211654663086,0.20229721069335938,0.1492567062377912,0.3686213493347159,-0.0698661804199201,-0.03387928009033381,0.04570579528808594,0.17999935150146484,9.0,3.0,12-13,0.1054940621058144
11-14,0.2491519451141353,0.11017417907714844,0.1524362564086914,0.6206655502319336,-0.5802831649780282,0.2558450698852539,0.025957584381102627,0.41115331649780273,-0.007763862609861505,-0.09316873550415039,0.0,0.0,7.0,5.0,12-14,0.09534734487533565
11-15,0.28464031219482466,0.18804264068603516,0.031140327453612393,0.7312946319580078,-0.4653148651123038,0.34940576553344727,-0.013904094696044922,0.4184107780456552,0.11644363403320135,0.008469581604003906,-0.03656482696533203,0.0,8.0,4.0,12-15,0.13433865706125891
11-16,0.32012820243835494,0.32337379455566495,0.04423999786376953,0.5552911758422852,-0.46712350845336914,0.27054405212402344,-0.013904094696044922,0.3389062881469709,0.06986808776855291,-0.008470535278320312,-0.09190750122070312,0.0,7.0,5.0,12-16,0.11174549659093203
11-17,0.31990790367126465,0.032913684844969815,0.12738513946533114,0.38271284103393466,-0.4895038604736328,0.07642126083374023,0.09872865676879883,0.4168820381164551,0.062104225158687854,0.020510196685790127,-0.29665660858154297,0.0,9.0,3.0,12-17,0.06261712312698305
11-18,0.3046858310699463,-0.03064918518066584,0.1320056915283212,0.2799997329711905,-0.6125965118408203,-0.014224052429200107,0.09455013275146396,0.37435007095336825,0.02221965789794922,-0.07474231719970703,-0.2315082550048828,0.0,6.0,6.0,12-18,0.02034089962641361
11-19,0.3315181732177739,-0.06878519058227717,0.3229193687438965,0.1875581741332999,-0.7011537551879883,0.10173559188842685,0.049123287200927734,0.3893771171569824,0.10957336425781072,-0.3605046272277832,-0.1947793960571289,0.0,7.0,4.0,12-19,0.01388184229532837
11-20,0.3276848793029785,-0.21789264678955167,0.2756385803222656,0.20820760726928622,-0.6742630004882812,0.042236328125,-0.035239696502686435,0.40389442443847656,0.26045703887939453,-0.24078845977783292,-0.13860797882080256,0.0,6.0,5.0,12-20,0.01761058966318722
11-21,0.28102684020996094,-0.1010904312133798,0.2519979476928711,0.09222793579101651,-0.7892279624938965,0.12553501129150302,-0.022260665893554688,0.4909987449645996,0.18933963775634766,-0.36240053176879883,-0.0746192932128924,0.0,6.0,5.0,12-21,0.006793936093648052
11-22,0.2494819164276123,-0.0751347541809082,0.35172128677368164,0.02685546875,-0.761854648590087,0.12121295928955167,0.024243831634521484,0.32001781463623047,0.18122005462646307,-0.4301586151123047,-0.04719638824463068,0.0,7.0,4.0,12-22,-0.003299256165822495
11-23,0.2494819164276123,-0.035938262939453125,0.3185153007507333,0.02685546875,-0.8137803077697745,0.12728023529052823,0.0441741943359375,0.39867401123046875,0.1579294204711914,-0.4301586151123047,-0.010464668273925781,0.0,7.0,4.0,12-23,0.002714057763417784
11-24,0.28124713897705034,-0.06559896469116211,0.26308393478393644,0.039053916931152344,-0.7410430908203125,0.1758122444152841,0.0956277847290039,0.341965675354003,0.1579294204711914,-0.6899409294128427,0.10121536254882812,0.0,8.0,3.0,12-24,-0.003387292226155636
11-25,0.2544162273406978,-0.0952606201171875,0.26308393478393644,0.039053916931152344,-0.7410430908203125,0.15201330184936523,0.0696687698364249,0.341965675354003,0.1656942367553711,-0.6899409294128427,0.10121536254882812,0.0,8.0,3.0,12-25,-0.011594434579213645
11-26,0.30424618721008256,-0.0952606201171875,0.22612953186035156,-0.037982940673828125,-0.6692690849304199,0.13474369049072266,0.05020189285278409,0.2923431396484384,0.12598800659179688,-0.7851948738098145,0.037723541259765625,0.0,7.0,4.0,12-26,-0.034694294134775684
11-27,0.30424618721008256,0.011737823486327237,0.29704999923706055,-0.0633382797241211,-0.6027302742004395,0.10499525070190519,0.05020189285278409,0.2124953269958505,0.09422492980956854,-0.9058575630187988,0.06597518920898438,0.0,8.0,3.0,12-27,-0.03591662645339969
11-28,0.25551843643188477,-0.005564689636231357,0.29232168197631836,-0.05210685729980469,-0.6301031112670898,0.10499525070190519,0.09670448303222745,0.30686092376708984,0.21298408508300604,-0.7569398880004883,0.12082290649414062,0.0,7.0,4.0,12-28,-0.004542231559753492
11-29,0.2791762351989746,-0.08343267440795898,0.28416872024536133,-0.12250757217407315,-0.6301031112670898,0.12284612655639648,0.11663675308227628,0.3583502769470215,0.29998111724853516,-0.7569398880004883,0.12082290649414062,0.0,7.0,4.0,12-29,-0.000916759173075358
11-30,0.2870628833770752,-0.024727821350097656,0.17373943328857422,-0.06719160079956055,-0.5201296806335458,0.21384286880493164,0.1365671157836923,0.42889881134033114,0.30774402618408203,-0.8331670761108416,0.04653453826904297,0.0,7.0,4.0,12-30,0.012431124846140321
12-01,0.3268253803253174,0.022237777709960938,0.20607423782348544,-0.09821891784667969,-0.5089387893676767,0.21384286880493164,0.07862377166747958,0.49269866943359286,0.3387947082519531,-0.859717845916748,0.14890766143798828,0.0,8.0,3.0,12-31,0.030094126860300403
12-02,0.26166272163391113,0.0010504722595214844,0.15064239501953036,-0.09821891784667969,-0.5089387893676767,0.2257404327392578,0.14351844787597745,0.4714336395263663,0.3387947082519531,-0.859717845916748,0.14890766143798828,0.0,8.0,3.0,01-01,0.022906243801116794
12-03,0.28082847595214844,0.017999649047851562,0.1275467872619629,-0.09308338165283203,-0.43169260025024325,0.26831960678100586,0.22139358520507724,0.37927770614624023,0.36262035369873047,-0.7558040618896484,-0.035736083984375,0.0,7.0,4.0,01-02,0.028472503026326496
12-04,0.20799875259399414,0.03592348098754883,0.3261222839355469,-0.14936113357543945,-0.43277549743652344,0.21477270126342862,0.1564979553222665,0.44460630416870117,0.4102668762207031,-0.6695876121521005,0.020433425903320312,0.0,8.0,3.0,01-03,0.047074794769287186
12-05,0.2433781623840332,-0.03761816024780362,0.3166666030883789,0.009951591491699219,-0.3451824188232431,0.2326192855834961,0.15711355209350675,0.47364187240600675,0.3631534576415998,-0.7904415130615234,0.05699920654296875,0.0,8.0,3.0,01-04,0.056690136591593276
12-06,0.20394515991210938,0.1094655990600586,0.35041284561157315,0.14069652557373047,-0.43277549743652344,-0.03266477584838956,0.15711355209350675,0.5413484573364258,0.3624401092529297,-0.7904415130615234,0.09356307983398438,0.0,8.0,3.0,01-05,0.058591961860656815
12-07,0.15268397331237793,0.020656108856201172,0.30818700790405273,0.08035421371459961,-0.421708583831788,0.13112640380859286,0.15711355209350675,0.4929161071777344,0.31586265563964844,-0.832789421081543,0.10303592681884766,0.0,9.0,2.0,01-06,0.04228649536768588
12-08,0.1647329330444336,0.054201602935791016,0.3728580474853507,0.07660675048828125,-0.46087312698364347,0.05832815170287997,0.24147462844848633,0.4858279228210449,0.34691429138183594,-0.7392416000366211,0.15887641906738104,0.0,9.0,2.0,01-07,0.06330883502960168
12-09,0.135278701782227,-0.000885009765625,0.3128066062927246,0.16391420364379883,-0.42730283737182706,0.14313983917236328,0.2737708091735849,0.5070929527282724,0.25991916656493963,-0.6872859001159668,0.1681833267211914,0.0,8.0,3.0,01-08,0.07071932156880693
12-10,0.17744231224060147,-0.04326009750366211,0.3593273162841788,0.12282800674438477,-0.2377915382385254,0.3184804916381836,0.33217525482177734,0.36293935775756836,0.140802383422848,-0.41884422302246094,0.15771865844726562,0.0,8.0,3.0,01-09,0.10598482688267996
12-11,0.1419539451599121,-0.16006183624267578,0.30259132385253906,0.09757709503173828,-0.1398787498474121,0.2487187385559082,0.3720369338989249,0.4500432014465332,0.2043304443359375,-0.25279712677001953,0.17682743072509766,0.0,8.0,3.0,01-10,0.12011178334554029
12-12,0.16166973114013627,-0.1773672103881836,0.22221660614013672,-0.005136013031005859,-0.05595207214355469,0.32758045196533203,0.29895925521850497,0.4500432014465332,0.10180950164794567,0.004330635070799893,0.20474720001220703,0.0,8.0,3.0,01-11,0.12774177392323763
12-13,0.18532967567443803,-0.23360347747802734,0.2836775779724121,0.0718984603881836,-0.033571720123291016,0.5277695655822754,0.29895925521850497,0.39923286437988104,-0.023823738098142755,0.034637451171875,0.4094963073730469,0.0,8.0,3.0,01-12,0.16000018517176298
12-14,0.14195466041564941,-0.2638845443725595,0.3829669952392569,0.17461156845092773,0.1063075065612793,0.47923898696899503,0.21259307861328036,0.3774542808532724,0.023824691772460938,0.12988996505737216,0.2698945999145508,0.0,10.0,1.0,01-13,0.16957098245620714
12-15,0.14984178543090865,0.03028154373169034,0.3167743682861319,0.2721891403198242,0.1566638946533203,0.4974379539489746,0.033216953277587,0.34116077423095703,-0.06352901458740057,0.5715212821960449,0.36296176910400213,0.0,10.0,1.0,01-14,0.2223767042160034
12-16,0.11435294151306152,0.0692152976989755,0.3640551567077628,0.3081388473510742,0.13428258895874023,0.6126980781555194,-0.17937421798706055,0.3266434669494629,-0.21441268920898438,0.6148200035095197,0.43741512298583984,0.0,9.0,2.0,01-15,0.21565288305282593
12-17,0.13801193237304688,-0.04758691787719638,0.3876957893371573,0.35435962677001953,0.24058961868286133,0.46710872650146484,-0.17937421798706055,0.23953914642333984,-0.2541189193725568,0.6754364967346174,0.42810916900634766,0.0,8.0,3.0,01-16,0.20414753754933676
12-18,0.1695568561553955,-0.07354259490966797,0.3215022087097168,0.37490320205688477,0.3301100730895996,0.38218212127685547,-0.22587871551513672,0.2540578842163086,-0.34147071838378906,0.5801806449890163,0.3350429534912127,0.0,8.0,3.0,01-17,0.175553659598033
12-19,0.1695568561553955,-0.02595567703247159,0.3829660415649423,0.4262571334838867,0.4532032012939444,0.3761148452758789,-0.24580907821655273,0.3774571418762225,-0.26999855041503906,0.7273917198181152,0.32573509216308594,0.0,8.0,3.0,01-18,0.22474322716395068
12-20,0.1774425506591797,0.0,0.1891179084777832,0.3235440254211426,0.3804659843444824,0.32758283615112305,-0.2524533271789551,0.4064903259277344,-0.2223520278930664,0.9871740341186532,0.21405506134033203,0.0,8.0,3.0,01-19,0.21092228094736742
12-21,0.22870469093322754,-0.07786607742309659,0.30259084701538175,0.40058088302612305,0.3524913787841797,0.39431047439575106,-0.4318265914917001,0.38471364974975764,-0.1826457977294922,1.082427978515625,0.18613433837890625,0.0,8.0,3.0,01-20,0.21996798117955527
12-22,0.2563064098358159,-0.17303895950317383,0.23167037963867276,0.41085100173950195,0.39725399017333984,0.38217782974243075,-0.3786787986755371,0.4645614624023455,-0.15088272094726385,1.177680492401123,0.24197387695312678,0.0,8.0,3.0,01-21,0.23832291364669847
12-23,0.1734993457794185,-0.15573644638061523,0.23639869689941495,0.4930238723754883,0.25737571716308594,0.3033175468444824,-0.6909208297729483,0.3701958656311062,-0.341468811035158,1.1430439949035662,0.2698955535888672,0.0,8.0,3.0,01-22,0.17155204216639233
12-24,0.14984154701232866,-0.0778684616088876,0.23166894912719727,0.5546493530273446,0.2797551155090332,0.30938291549682617,-0.7108530998229972,0.15969133377075284,-0.28587913513183594,1.212319850921629,0.25128173828125,0.0,8.0,3.0,01-23,0.17283250888188675
12-26,0.10646581649780273,-0.047585487365723544,0.39715003967285245,0.4519381523132324,0.30773067474365234,0.21838617324829102,-0.6444177627563485,0.2685732841491699,-0.14293956756591797,1.039130210876463,0.27920055389404297,0.0,8.0,3.0,01-25,0.18613600730895974
12-27,0.06703329086303711,0.0,0.4207897186279306,0.49302244186401367,0.2965397834777832,0.3033137321472159,-0.4650440216064453,0.33390188217163086,-0.2382335662841797,1.0910878181457502,0.17682743072509766,0.0,8.0,3.0,01-26,0.20660320917765285
12-28,0.023659944534301758,0.012979984283447266,0.4538850784301758,0.487886905670166,0.27416086196899325,0.2911815643310547,-0.5514082908630371,0.31212711334228604,-0.26205921173095703,0.9871740341186506,0.29781436920166016,0.0,9.0,2.0,01-27,0.19395019610722844
12-29,-0.07097816467285156,-0.0043239593505859375,0.2553095817565918,0.5341076850891113,0.21261358261108398,0.3457789421081543,-0.45175933837890625,0.2467985153198251,-0.3097057342529297,0.9871740341186506,0.31642818450927734,0.0,7.0,4.0,01-28,0.17178694407145176
12-30,-0.11041021347045898,-0.051909446716308594,0.26476526260375977,0.5032939910888681,0.1902332305908212,0.23658895492553622,-0.5115485191345224,0.21776294708251953,-0.30176258087158203,0.8659439086914045,0.27920055389404297,0.0,7.0,4.0,01-29,0.13184650739034
12-31,-0.07097721099853516,0.021632194519043857,0.26949357986450195,0.6162776947021484,0.3189201354980469,0.39431095123290927,-0.5115485191345224,0.07984638214111595,-0.2938213348388672,0.9871740341186506,0.22336196899414062,0.0,8.0,3.0,01-30,0.1695558230082194
