,2009,2010,2011,2012,2013,2014,2015,2016,2017,2018,2019,2020,ups,downs,avg
01-02,3.048788399337319,3.2332614058094946,-3.27186303989042,-8.076920579876512,7.410362784543535,-9.241494692806743,4.964835577788944,-12.715520895796157,-3.8759691068654933,-12.77777353922526,8.333333333333332,-19.83122579347115,5.0,7.0,-3.566682178926593
01-03,-3.939390097111136,-1.0856443254940085,-3.703708767685275,-7.49809119198931,5.2589647474104435,-13.295549982801452,10.230484537518466,-7.062431402805071,-4.687495459802516,-10.555553436279297,9.999998410542805,-18.143463608470398,3.0,9.0,-3.7068233814138964
01-04,-4.255314985900854,1.295640730993037,1.469726475445173,-1.8072271636027906,5.099602352011595,-7.747070546422655,7.112966036504738,-10.57082448168658,-12.8000030517578,-9.444448682996962,7.333334287007649,-15.899575704728877,5.0,7.0,-3.351099561261194
01-05,-6.191944294202608,3.2407457997767475,-2.1854716817880093,0.9036135818013751,7.06991245561959,-7.074485255989102,7.306889120053682,-15.426693593531294,-11.199996948242202,-6.666670905219184,4.713808200523335,-22.026431903136938,5.0,7.0,-3.961393785361217
01-06,-1.515150037350437,3.218395850793368,-3.1305386902227195,2.2590339545034883,8.578055070488597,-6.674952931113165,10.074008578677034,-14.254629808830318,-12.0,-9.444448682996962,4.713808200523335,-23.660712907737015,5.0,7.0,-3.4864276169387325
01-07,3.8709641693781327,2.873568604779439,-3.484938818385698,6.466169909912196,7.288405110961607,-5.578179434137161,9.979629049814056,-9.194780256927553,-2.9629601372612977,-11.29943454119862,4.0678007470502715,-17.41071889481068,6.0,6.0,-1.282039540902109
01-08,2.2580624321372467,0.5747120766898668,-2.810310235904583,13.969577196816903,5.53822154626899,-6.196488005980971,8.431770913048997,-7.23612613946704,0.0,-17.261914628433736,2.0066870430825707,-12.446350701666924,6.0,6.0,-1.0976798752840569
01-09,-4.838716748105819,-1.8735429490564373,-4.648395107616579,12.824109341199843,4.203015100687722,-6.767222996107907,8.553965537200305,-3.8213185938467573,-3.7313433898055623,-12.209292912625449,0.0,-11.158798239345247,3.0,9.0,-1.9556284131184907
01-10,-2.507834460234733,-0.8111231793820706,-4.648395107616579,8.668072849023375,6.026962588551882,-5.666528131836416,9.039317127441752,-10.102742074868658,0.7246404354173055,-7.999997820172991,3.35570147625903,-10.300429931130815,5.0,7.0,-1.1851963523790765
01-11,4.385960784535187,-1.7543927160695318,-5.152228453024908,6.034477177329493,4.678827488826185,-2.8409122576258192,8.743390017035066,-14.412812676197827,-3.7313433898055623,-7.999997820172991,3.6912796245083417,-9.913794210847305,5.0,7.0,-1.5226288692924728
01-12,11.1413032386896,1.4806363657840562,-5.707632449365576,6.24999935770855,3.3573108854716796,-1.7670704449737187,8.032783258669246,-12.249705416847819,-2.2388074572778534,-7.428567068917411,-1.7793577699089274,-11.35371156307221,5.0,7.0,-1.021901588670032
01-13,11.475408394405292,1.3682996870898954,-7.454864322194204,7.974135694088419,4.728127857288818,-1.9718300345924578,8.333337856178936,-6.5420495150800075,-4.477614914555747,-2.8901735378628777,-3.9999961853027344,-10.389611059814992,5.0,7.0,-0.3205691733626385
01-14,12.634406069521702,2.394532608116774,-8.095511843168637,9.791217421878525,3.27999127502406,-5.288468151403154,8.94309239359458,-11.799056374961548,0.7352969019469832,1.1111153496636283,-1.7793577699089274,-12.663754003662254,7.0,5.0,-0.06137467694652251
01-15,13.709673852999932,0.6841498435449477,-4.50957849988052,7.39098614994297,5.8359568779740005,-5.598064413690785,8.902441057306921,-8.76168181348736,2.877695176315188,1.1111153496636283,-5.474456016253534,-8.823520572717463,7.0,5.0,0.612059749309827
01-16,11.82795523191302,-0.11402497392415793,-4.686617415391191,8.938950322681169,4.924544213370953,-6.000804573888113,6.50406649048246,-8.11915491536085,0.7352969019469832,0.3359539263186763,-1.041665631863847,-10.924368821903734,6.0,6.0,0.19834422953178063
01-17,14.784951250130504,-2.331008529800114,-3.114568772793789,3.9846706167784838,4.606826368859709,-4.792591774925809,6.341461145331836,-9.203536257964467,0.0,3.6458371621037653,-3.124996895591526,-8.403352926397584,5.0,7.0,0.1994742821442507
01-18,13.387984602850352,-0.34285680654098494,-1.8681301061203581,-0.8371322447946911,3.0182655520115333,-3.906561886165806,10.10533878285851,-8.499418571695458,18.49710402724002,5.20833312637277,-1.3888875091517963,-7.983185280077723,5.0,7.0,2.1159044738988646
01-19,7.309945097847299,0.22727250560256557,5.112698191500119,0.5327294267089331,3.3359777153811687,-2.7888400197300394,9.89440285292216,-7.867135160105045,23.69941970293429,4.687507761021147,3.819448928589996,-6.19834100082207,9.0,3.0,3.480423833487544
01-20,9.169056232321646,1.9473144114195273,7.366685614324052,-1.9025802115197321,4.173218953985174,-2.5437177803253035,9.999997764825867,-4.5251367776782665,27.74566155342857,4.166672461562456,6.101697079582599,-9.36170372503176,8.0,4.0,4.361430464741235
01-21,14.409218842804822,2.061861836027832,7.531615167730808,-2.2069939162983156,3.7183454051607066,-0.9389662603004103,8.151326842198287,-4.80447278591718,28.323698466028553,4.166672461562456,5.782315407662513,-9.36170372503176,8.0,4.0,4.736076478469026
01-22,14.69740301353534,4.2382629035859205,6.542061440112139,-0.7501868625812845,4.474087697993634,0.939708965792877,5.928231616997257,-7.821227085842944,29.94350799976464,5.154639276615404,10.932473493181114,-8.474578668385705,9.0,3.0,5.4836986492307
01-23,12.391929647691173,2.259884813924823,5.239690808581059,-0.9774372849796082,1.8714441635541306,-0.43069185223111983,3.744146284419325,-6.778706210722396,31.11111323038736,2.659574576015658,12.269941611582345,-4.2372943854341605,8.0,4.0,4.926966283565716
01-24,-1.547986073550652,3.7819763669639053,6.490650804827952,-0.5339485151159565,1.8714441635541306,1.3704008180240246,4.825419981486208,3.78596678555903,24.85875922343111,1.604284129248466,12.269941611582345,-3.3898375288438505,9.0,3.0,4.61558931393056
01-25,0.30395107042151126,3.888885180155436,3.659230406082054,-3.4992133299635855,1.139136383143316,6.021254214219648,4.900039156349275,8.585136128429951,21.14285605294363,3.208558058772039,10.429445250427635,-3.361341170559033,10.0,2.0,4.7014947833684895
01-26,0.6060600149401748,4.97237887815812,1.2665503260858082,-2.7993751134620246,-0.8163257203267047,-6.322351443351744,4.563335341977015,10.214009902813364,22.857142857142858,2.673796682355883,11.81817794305884,-3.797474976107842,8.0,4.0,3.7696603911069793
01-27,2.3529389490305403,6.03070392145237,1.3241249132181074,-2.7993751134620246,5.4364472843394696,-7.519136177999518,8.753704685257738,9.203358670273106,24.571429661342087,6.701027126922354,13.134323323216318,-11.312216999309125,9.0,3.0,4.656444187023452
01-28,0.30395107042151126,5.043854902215427,3.223946284582018,2.0346574027300672,5.363979676432588,-7.665196971970715,7.607032808584002,8.164273593648822,26.704549210623185,-3.428573608398437,14.912280090236552,-13.02325390557334,9.0,3.0,4.103458379460974
01-29,-0.30395107042147074,9.100876470626988,2.9565230659816577,5.385730033536854,6.2359125244885085,-1.0572676786425192,5.4663620547277825,3.31518158979073,27.932961489138492,-5.23255568958743,16.285712378365666,-13.39712836787646,8.0,4.0,4.724029733344065
01-30,0.0,8.216216324889128,3.848363481712116,1.7384661629420743,7.5165837068440435,-5.198230652721585,8.639144656208426,7.617185062554145,27.118649364464986,-6.508878143781789,10.714282926653432,-14.354076701199336,8.0,4.0,4.112308849047136
01-31,1.8237064225289663,9.197860168951841,3.51585093295322,-1.0827522687104651,6.190129618880979,-5.859030303987701,9.520206330884431,11.298639737610335,26.857141767229344,-14.649682921509033,11.607139245891958,-8.612443739202005,8.0,4.0,4.150563749293489
02-01,5.830898318471271,10.53741254698719,-1.009504491712675,-2.786374932391174,4.64259457873075,-5.882353433700489,7.955417595723331,11.257034019155792,29.37853411750862,-14.649682921509033,11.607139245891958,-10.891090628096048,7.0,5.0,3.8325020012549573
02-02,-4.193556053209468,12.284259624619262,2.645195887530374,-2.941173539746239,7.199998085715602,-7.247670452218033,8.935355674115796,14.579434521032217,23.72881684690931,-12.738859732304237,11.144575090327967,10.756971392525037,8.0,4.0,5.346112278774799
02-03,-5.769236941309597,12.738209937965744,1.7826361241907718,-11.919503838409785,7.199998085715602,-7.390925300207855,7.528515588115388,13.260978303302254,21.46893209386568,-6.32910781173331,12.979352318719059,10.756971392525037,8.0,4.0,4.692234996061583
02-04,0.6410250532085885,14.343030058676797,3.5077638769279718,-9.684859745549279,5.481476253933377,-6.090712184217435,5.613229446265384,12.317133291981946,25.139665340224642,-2.4390221209414467,12.462903624273801,0.8849549119871483,9.0,3.0,5.181382317230958
02-05,-2.2435991486622426,13.44031560211694,6.047034672281918,-5.860533833347324,4.4709346079311505,-6.977759965875693,5.151865208751289,17.31949024916416,25.555557674831803,-7.692300168250142,5.678235407730357,7.905140314047218,8.0,4.0,5.232865051726619
02-06,-9.615387260561256,15.513833873367924,6.777779261271159,-4.542120020012487,8.6231855438727,-7.457475192822728,5.459438922715435,22.304147384427424,23.42857360839843,-13.907286943163196,-4.56140767687773,8.300396858566593,7.0,5.0,4.193639863265189
02-07,-23.076924917045897,15.763552386914007,10.697180590540109,-9.06994871379863,9.347822548987004,-8.591361915114419,6.15384762103741,23.60670211379517,21.59090970665953,-17.449667436475995,1.4035074804040835,9.486166492124772,8.0,4.0,3.3218154965022624
02-08,-25.597269041364484,17.867438584027248,8.319917649225074,-7.573408229928995,8.04347593978127,-7.482696710376478,4.575674971676954,25.9226694165114,23.42857360839843,-16.107380402517098,3.5087687010102084,-1.31578823536055,7.0,5.0,2.7991646875902476
02-09,-21.45214856451949,18.8539698942109,8.083508177885182,-7.341574729960591,11.347517514635351,-11.78587896169534,7.153732948989543,23.753932675305204,22.28571210588729,-20.80537222037531,-6.439387542431055,-9.478675716930942,6.0,6.0,1.1812779650833944
02-10,-21.59468762215484,19.541284855182045,5.032115290039261,-4.559506400598934,14.965991293342915,-19.070433072308997,5.3482085490169755,22.743677991348402,20.57143075125557,-22.448981180631968,-13.765178551864892,-17.857137643908708,6.0,6.0,-0.9244346451069312
02-11,-32.384342542844884,21.284408967469318,5.19271854318174,-2.077149351446617,15.139172358283231,-19.769668434350507,4.872390561264954,23.510826355357988,22.28571210588729,-20.80537222037531,-14.227638179071347,-12.254902189944811,6.0,6.0,-0.7694870022157464
02-12,-30.249113264245835,19.72477091310923,4.310803323171804,-4.242420104581203,13.091160840968183,-16.245314673225472,0.8894100702104761,23.01444231311812,21.387277565102877,-14.649682921509033,-31.730774521122513,-16.09756925856356,6.0,6.0,-2.5664174764639105
02-13,-21.70818342287925,20.577616769209246,-1.1817699541060993,-7.499992456287519,14.411961060134484,-17.509361724014553,1.121426561031306,22.10622191303685,20.930233847585576,-16.732028677796634,-37.799054196880135,-18.04878695531675,5.0,7.0,-3.4443097696902902
02-14,-25.089600841797054,20.361990598756428,-3.6311245988693113,-1.2412711331992847,13.664175994733071,-17.790258092122812,4.299063994505682,22.423150106865844,22.413791402483362,-24.67533271777988,-41.14833343695228,-14.634144355823805,5.0,7.0,-3.753991089933337
02-15,-31.69811025383889,19.854280652404423,-7.1218336883510815,-3.220740955498507,14.072061409885311,-22.238161896045046,5.079714374358136,21.857920934315985,1.7045519199251915,-24.67533271777988,-40.66986497408481,-32.02246867441009,5.0,7.0,-8.25649865575994
02-16,-34.230763781705626,19.92720662247397,-11.321911653573197,-4.71327122463806,12.620034675675667,-20.736888870228864,6.739527614029889,21.929025455902323,-0.5681839733083904,-25.974026617422375,-53.201967434840384,-15.196075910607032,4.0,8.0,-8.727274591520173
02-17,-30.711608480254345,20.201096694923613,-9.791920989542733,-4.477613282068656,13.15610332564187,-16.71232836148213,6.364300517216565,21.66302267090408,-2.2727250560256556,-23.684207059009555,-35.80785794333672,-55.629133740034376,4.0,8.0,-9.808572641922337
02-18,-28.51851856757584,19.104205631703834,-11.260707824775128,-9.707109659956663,14.208755655337079,-10.745232020945828,8.067407849550195,21.88183770909154,0.0,-27.027020234971154,-48.803828842831386,-32.02246867441009,4.0,8.0,-8.735223248315288
02-19,-19.629637920317062,17.82449939128077,-7.896361779450424,-12.05127637688867,12.077298167563146,-10.706550729852296,8.605233671754947,13.304161333811795,0.5617892045348609,-32.394362602695466,-56.28140101465675,-76.11939076937587,5.0,7.0,-13.558833285357585
02-20,-21.851858082131784,15.572231436899145,-7.037941296151942,-13.310285241770044,18.06666374206543,-10.14304370846122,8.533521738440603,9.031412251020061,-0.5681839733083904,-32.394362602695466,-75.26881534359417,-77.61194441466687,4.0,8.0,-15.58188379119622
02-21,-20.879120015389773,15.887848967932744,-7.037941296151942,-13.017241671663694,18.333330154418945,2.6441292519323993,8.528250310021356,11.352040919763716,0.5617892045348609,-33.571434020996094,-77.41935091055065,-76.86565869580595,6.0,6.0,-14.290279816829505
02-22,-8.910894478060415,17.733091802679123,-7.498465299413007,-8.614868620088053,12.93333053588867,3.5605800161714813,8.528250310021356,8.991704407082649,2.234634788015244,-38.57142584664481,-80.10752036924629,-50.340135723422776,6.0,6.0,-11.671809873084735
02-23,-3.1249968567864745,17.20036871334069,-7.754339299388385,-12.07769706986792,13.000001907348615,2.544983798835739,8.790816968654399,9.824560728393042,1.6759734271166375,-25.0,-103.5714394685366,-116.66667445812364,6.0,6.0,-17.929870134084492
02-24,-5.263152650072218,16.40696961952986,-7.009923152605843,-16.047293868615256,15.204682113215808,0.40358814200459103,2.741703635308865,11.359650172171696,0.0,-29.323312152442192,-84.86486660641762,-85.71427998995036,5.0,7.0,-15.17551956148939
02-25,-5.448724414705313,15.215403421924965,-8.00247801498255,-9.248545627053039,16.077173287282193,0.6564534618210472,5.1486587390212355,10.17543759849408,3.8043416853436525,-29.323312152442192,-94.3181872059984,-77.68595269302644,6.0,6.0,-14.41247765952673
02-26,-5.448724414705313,14.298814039151967,-5.9865640275374945,-5.755390089380116,15.865999239351325,-0.5759905621312119,4.024657771653853,6.447365625192961,5.851055950856958,-28.358218302889544,-108.33333983780867,-39.33332761128743,5.0,7.0,-12.275305184961061
02-27,-9.93589978716556,12.935780207824438,-3.273810714888771,-11.739859558571228,14.222502577542851,-0.9304430423605646,5.656270740601057,6.49122627965113,4.32432020032728,-21.582734405263302,-67.16417467849966,-34.66666539510091,5.0,7.0,-8.805290631325269
02-28,7.738098469214341,11.720925968101989,-2.1188914150873734,-7.749998569488525,13.084703456430274,0.35445248022932124,4.882460759836647,5.913504684956675,5.405405405405405,-12.949642015351248,-65.17412681567316,-67.33333269755045,7.0,5.0,-8.852203357414675
02-29,0.0,0.0,0.0,-11.861479421379755,0.0,0.0,0.0,6.120649254445861,0.0,0.0,0.0,-50.299404488908,1.0,2.0,-4.670019554653492
03-01,3.125008032656766,10.217594059682645,-0.6574965725014489,-12.640693284089044,13.084703456430274,0.663429994823739,5.395683601315823,9.894738448293586,5.347593364711766,-13.669069239913314,-68.65672243724046,-84.55882088690483,7.0,5.0,-11.03783762189454
03-02,4.615391048453713,3.996104435700893,-6.360859174845955,-16.70995976608968,14.664984534742889,-0.4921642108522247,6.4389944289950405,10.891505793952321,4.278080811604349,-17.98561200438609,-51.8017946904613,-81.88405790841772,6.0,6.0,-10.862448891800312
03-03,5.454550971669479,2.826514933926,-9.235478645656434,-20.903459861165615,16.512057301142328,1.5775662364851557,7.2310445037916535,8.746845515753726,3.7433194351881944,-9.859159091615801,-49.777772691514755,-55.862063182236795,7.0,5.0,-8.295502881186072
03-04,4.294485257778927,1.3645280567073697,-10.091746972171432,-22.751802338307343,14.98740870693208,4.496700341914277,8.253968681134035,7.190920699937588,7.894736842105263,-8.333338852282045,-51.12106980874553,-99.21259916429594,7.0,5.0,-11.918984045774396
03-05,8.282211381978264,1.0721237099603322,-12.04531573613762,-23.97820425468663,15.224256847929851,6.293416638300655,8.289242856609444,3.559322622924374,6.914889839451965,-12.230221651755702,-47.44185747360149,-79.52755949857756,7.0,5.0,-10.46564122646701
03-06,10.122700362377945,-0.5797095840604682,-11.381147351582317,-24.378582261931317,10.097723967767177,5.516953461393557,9.805998762746365,3.559322622924374,5.9139804242456,-10.218982421136877,-32.55812921931556,-66.14172651849167,6.0,6.0,-8.3534664795886
03-07,12.173912051945397,2.7102778374195604,-11.18343423659272,-23.709373679409516,8.143328486058525,9.154065525027137,6.841540093808278,1.3864804847574193,5.376343975757394,-5.673753300829073,-22.790697107062332,-75.00000266092165,7.0,5.0,-7.7142760441701315
03-08,13.180513850804838,2.5280875173004156,-6.946036296722889,-28.871892637789315,4.23452820334846,14.71188628990436,6.874552352632113,1.894274408474057,2.7777777777777777,-4.255314975621785,-14.883717165050145,-81.4814778021826,7.0,5.0,-7.519734873093725
03-09,10.089021747700862,-1.5009366763823357,-10.20648398936979,-26.19503095566647,6.65399935817357,11.56779448351143,5.873923299308689,3.062120491031275,2.7777777777777777,-5.673753300829073,-10.81081110106963,-78.18181778773791,6.0,6.0,-7.712016387795967
03-10,11.988303268018125,-2.2514117242897096,-10.85545513093229,-17.108877494822412,6.297708742755061,10.926160617150606,6.812476371854904,3.630795719796294,3.888893127441426,-9.790206992006516,-8.849559669366176,-74.35897749399857,6.0,6.0,-6.639179221533271
03-11,17.836256209209385,-3.9399654852198376,-4.837753416791353,-16.363639910358952,7.183367054464178,13.094242909045558,8.362858825039421,3.2370942754177823,5.494505264177187,-11.347513365305547,-11.818181128541315,-75.21367756494334,6.0,6.0,-5.6927005278172365
03-12,18.421050980480732,-3.658539858398149,-4.079180137602,-24.392618255091627,5.5663468894894255,10.552758119670491,5.209069273998331,1.4804926760896018,4.972373478244036,-12.949642015351248,1.8867907552965832,-52.1367552717763,7.0,5.0,-4.093987780412511
03-13,22.5146196078579,-4.372626211022484,-1.3434608869990472,-28.25870879041496,6.305731294353261,12.437183491337898,4.429482744205685,-0.045550438203557454,2.824858635299635,-10.869565067159057,1.8779435738249302,-74.35897749399857,6.0,6.0,-5.7382557950765305
03-14,25.287353486897523,-0.7339442317087417,-2.0588258310998575,-23.592230906213725,7.133751461832466,11.348405275176983,-0.14593548248821622,0.09099389526937612,0.5714307512555601,-12.408757904620202,4.694842144522415,-33.62831830399571,6.0,6.0,-1.9534363037643443
03-15,23.5294105272392,1.4362643259013061,-3.408404860361004,-16.019415790235346,6.560508132275832,3.1830291511497846,-1.6666694923683316,1.0801070141074116,-0.5714307512555803,-10.94890526192248,-7.511729521859959,-27.96610657492804,5.0,7.0,-2.6919452585214336
03-16,26.136360057313933,0.9909900331369721,3.1416727825906676,-13.592233683905844,4.990407427603565,2.6666683620876737,1.400859868932825,-3.8636380975896825,-1.1428615025111606,-8.029199976527108,0.47619004368509765,-32.4561411764263,7.0,5.0,-1.6067438218007801
03-17,24.362604280694338,3.1858376831537223,3.9122749668552954,-13.877946117872156,4.131703098225545,3.736265413053743,1.8312395759289581,-4.181818528608843,-1.7142813546316964,7.189544887299094,1.4150930664724324,-53.44827781109126,8.0,4.0,-1.9548134033767353
03-18,26.02740115263949,5.663717766414554,3.1416727825906676,-15.815815414470318,1.197613111289029,-1.8984561254649583,1.4835750060653148,-6.909092989834872,-2.3255790743459857,5.960268539522979,-0.9661826846139976,-26.415104312632458,6.0,6.0,-0.9046651869033795
03-19,25.20547925072553,5.309735801619695,6.307341443720695,-16.5156082058058,5.6026097001908965,-1.8543050038302762,1.8368016963073892,-2.231146824651762,-4.7619117901171855,13.202938389377058,1.4851471125267248,-38.679255468220404,7.0,5.0,-0.4243478248464534
03-20,16.98630432269203,4.119189816463244,4.944734739983528,-18.852455712588554,0.6622510282393563,-1.677708938256908,1.8368016963073892,-0.3064785217012681,2.222220102945964,13.414633295353088,7.920790501592566,3.7735815105931882,9.0,3.0,2.920321986801968
03-21,13.746627116173727,4.203148415504966,0.3658533075038625,-24.109013669106677,0.6622510282393563,-0.6181072819203641,0.14331425437976042,-0.13112188700142693,-7.878783254912405,14.634144355823823,16.83168497965298,-13.333343929715108,7.0,5.0,0.37638778621854135
03-22,16.230360659286035,4.454144298006154,-1.8785204623606628,-26.939207087299526,-1.9205327186870564,5.588490919866085,-2.387955702702794,-1.649571675660615,-7.185621561490267,18.902435975015138,8.415839539101462,-2.5862147812329437,5.0,7.0,0.753637283486751
03-23,19.99999821186071,7.841482444090331,-0.9392647099263972,-31.1320751180453,-7.315392935543858,8.117021769865463,0.07170509448797338,-1.740291799660489,-10.17963340075675,18.902435975015138,18.518522197817433,0.0,6.0,6.0,1.8453756441003544
03-24,21.21950928048675,9.61060697534895,-2.504693949814217,-20.81632867548577,-8.893553522564215,8.681412090950067,1.2820534591513237,-1.115573412325881,-12.574840587920178,15.723270817481245,15.789470682213688,-2.5423806722535605,6.0,6.0,1.9882460404390168
03-25,24.819279434131023,9.693456933310653,-5.197244424610567,-18.994978688972868,-8.43793241422144,6.044405147206207,1.5000002724783887,-1.3386846903311809,-10.7784380528598,15.723270817481245,13.300491858710096,-29.310348548446992,6.0,6.0,-0.2480601963437694
03-26,19.036143768472233,10.936212228632442,-3.9779687227511205,-20.81632867548577,-7.18157454728577,5.406541837923,1.2500013623918806,-0.22064976786068713,-10.119052619891082,14.102568648348846,15.57789248759834,-43.9655176843389,6.0,6.0,-1.6643109736872157
03-27,22.891561800552058,13.925080105149584,-3.0321466044436076,-21.212122963589238,-7.912689622049314,5.238893411669457,0.7142884390694627,0.6561746363689002,-7.5581347639334355,10.322583106256289,-2.0304548869091255,-17.241383917124857,6.0,6.0,-0.4365292715819855
03-28,18.136020196515155,15.776894242231295,-2.9696984724564985,-13.346411960760198,-10.300131253815977,6.3285842005667226,-0.24964227010938642,1.131912218781266,-8.18713208946694,6.578947450975964,-12.69035514564772,-23.21428476395656,5.0,7.0,-1.9171081372619065
03-29,20.343135170973717,17.163014509040305,-2.7010498760267256,-10.794893368989907,-8.321966166745527,5.074880092517513,1.0211232819506715,-2.3706862886795235,-6.857147216796874,5.26315921561539,-14.213196310829579,-24.324322292512743,5.0,7.0,-1.7264957708736073
03-30,21.874996507540317,19.339616487950163,-0.30674378205815667,-9.126592751293936,-5.937300459624599,5.7414268575496505,-0.4646214090139344,-2.060092125760586,-8.571428571428571,8.552632941103372,-13.775508962835397,-22.123893898668097,4.0,8.0,-0.5714590972116477
03-31,21.615198692016396,19.20374559497942,-2.8834371872950055,-4.657797042240759,0.12578603903622756,4.877032461261304,-40.34653124114194,-1.2875586018561038,-7.428567068917411,8.552632941103372,-9.313728469282546,-36.7924647129238,5.0,7.0,-4.027974049605071
04-01,22.380948447856706,16.47150775128397,-3.4969335275552487,-4.757376202400373,5.979868155798873,-0.6644511956771136,-29.04848260211908,-1.2875586018561038,-9.41176694982192,6.711409567798627,-7.211543311028969,15.333334604899088,5.0,7.0,0.9165796780982044
04-02,17.857143161248192,16.627635628066567,-3.93603555128885,-6.686046954875001,7.3727338656052614,-0.20474707987032637,-29.094229302039558,-0.304214229152197,-3.9106188707110627,7.947024719363949,-2.3809615716916963,25.333333015441895,5.0,7.0,2.3850847358414313
04-03,16.90476310090954,17.08075048093725,-1.6847156131118695,-1.5533965480508667,9.225309951901485,-0.20474707987032637,-27.721863205588114,-14.031621465927469,-7.763616076583914,6.164387319789853,-4.878055872057863,27.99999713897705,5.0,7.0,1.6280993442770628
04-04,17.80487841045055,17.401392342393425,-4.3209834571947265,-6.116505852180669,6.682434156924991,3.357902097716377,-33.33333029712103,-12.585365481492932,-6.896556260044388,1.39860004613652,-8.292686841375907,23.076918588138476,6.0,6.0,-0.15194187897077635
04-05,21.261679412173415,17.782909803551913,-11.45233797558559,-6.796116841952929,7.037261904651125,1.8844173844450602,-37.401577242176586,-14.994939342157942,-3.4482781300221843,0.0,-10.24390453812912,14.728677800753017,5.0,7.0,-1.8035173137041525
04-06,33.00198600786256,16.45768606709928,-8.93316753128648,0.09708728425319291,10.18675582739142,2.456287016419238,-38.08111288042389,-29.518419855099836,-4.597707827287583,1.39860004613652,-7.317077992999332,11.999998092651367,7.0,5.0,-1.0707571454402942
04-07,31.325300685690422,16.978198404578723,-7.133683324464653,-0.783544775113011,10.237558757772321,6.016847098427757,-35.19147127591091,-26.2889597579688,-4.022992978654884,1.418445088854688,-4.761911790117163,2.5000074505803007,6.0,6.0,-0.8088505346937676
04-08,35.4359928373572,18.068539990425396,-10.025706917240312,-4.892969014188006,10.03401600518486,1.8420006439546184,-33.61741568178272,-24.36261324274886,-1.7241445458980778,4.137933665308447,-1.382487112212744,5.833337472544612,6.0,6.0,-0.054459658274632096
04-09,36.920221514309226,15.109035829742867,-7.18788694161347,-4.3610579082222145,13.299662529341742,0.04185947734336318,-29.782191090135495,-25.59999738420759,-5.357152183040104,5.44217823887749,9.787235251375389,1.666674945089223,7.0,5.0,0.8315485232383688
04-10,34.693878498881205,13.643413870016886,-4.808873263211813,-1.0050241864271476,10.592261063450026,5.316025880542024,-27.840904010967975,-28.83939173688692,-5.357152183040104,2.1276608696345933,22.826082543449395,5.000004967053534,7.0,5.0,2.195665192707809
04-11,33.834588235199206,5.27210979515954,-3.9755358906154767,-6.076211640267778,10.990889857950881,5.8183316247832515,-33.589251193603026,-25.81568635457405,-1.744181533450548,0.0,23.91304667069617,7.317075770973953,6.0,6.0,1.3287646118543435
04-12,34.693878498881205,7.3981756520539985,0.8449082167643507,-4.63440045658511,11.788155593373034,1.8973718151123544,-34.10404549926823,-28.81159022234486,1.7142813546316762,-11.678835063834601,23.188409678101245,11.627905472390374,8.0,4.0,1.1603512532729532
04-13,35.76642750194787,7.499998807907094,-2.118646379381515,-2.883622367365364,14.60227067682373,5.5232555146177775,-34.68795379694793,-29.5641966613535,4.000004359654038,-10.218982421136877,29.109593179530474,5.785128119441022,7.0,5.0,1.901106377811402
04-14,37.07665163673396,8.130079551559097,-5.569010618603559,-3.979053717427404,16.592670907024456,9.072743470151671,-35.58909026345927,-31.978801245954745,-2.857142857142857,-68.65980342314029,30.76923322272783,4.1322371858884575,6.0,6.0,-3.571607179303553
04-15,33.63636334080342,7.2357714405472064,-4.055690539149557,-0.10080635712387877,16.777404572171324,-3.2831705578433685,-36.82938006377315,-34.5111941597837,-4.046247363062857,-88.04598814966461,32.79220829486123,7.017547712211641,5.0,7.0,-6.117765152483858
04-16,32.545455313911106,7.154470703182489,2.670624782876395,-2.476777809091233,15.380372136443668,-8.051235954899338,-34.896080845767614,-38.582670160969364,-7.784426213593319,-99.51220720598656,33.33333333333333,7.894739869118656,6.0,6.0,-7.693700170953481
04-17,30.54545726460854,4.742097941479703,4.205603611105765,-1.3499467754667434,17.124039086096296,-11.024701647404733,-31.561133933021924,-36.352790372504714,-5.88235294117647,-97.59035230911553,30.990415116438147,-1.7543843138140862,5.0,7.0,-8.159004106064646
04-18,30.313585441878843,3.8623028820361935,4.373177818247305,1.7507707230432565,20.472009121983934,-11.710884695630462,-31.30884976549222,-38.91924781207879,3.5087740823673235,-90.69766152414452,33.22684224429723,-2.5862147812329437,7.0,5.0,-6.476283022060404
04-19,28.315410601333312,3.781514978957657,6.88046821349302,-0.9268786180817378,21.624583693283903,-14.701733330992075,-33.12648388531729,-37.77640883992788,2.3391790035497464,-84.88370829366161,35.14377325342782,2.459013990675489,7.0,5.0,-5.90593910277164
04-20,28.186713078245585,-2.0654087234241785,12.62031692026627,-2.4716763148846113,18.75353575435856,-12.898756466842423,-30.510052851495033,-38.24800193158775,2.3391790035497464,-84.88370829366161,38.10975642997831,18.493148895338177,6.0,6.0,-4.381246208346579
04-21,17.999997568130436,-4.956529554212165,11.818182444074075,-3.5940768056105084,19.843481729113414,-13.58139570369277,-31.153667089353874,-39.79025988420831,1.7543926182263334,-69.56522505314918,37.53846241877629,18.62069594874231,6.0,6.0,-4.588828446930329
04-22,16.833665984593633,-6.782608587484952,11.764702732437659,-4.925056665257102,20.598002907756168,-17.82945937014613,-32.01320701846774,-41.0240709529025,-1.1764750761144511,-73.33333757188582,37.53846241877629,24.18300729981603,5.0,7.0,-5.5138644915732415
04-23,20.440877052624558,-9.130438703670475,10.081745738479121,-3.266593216662489,18.181816740061,-14.49136485437428,-32.201801630697716,-40.489289158595604,1.1494187354914067,-73.33333757188582,39.69696853662214,26.797383940404707,6.0,6.0,-4.713717866016956
04-24,18.236470288827896,-17.387314810775358,11.764702732437659,-4.872876556183133,17.03451807265494,-15.35508992087066,-33.899108177337204,-39.550428863771735,-0.5847975394088194,-74.1573108354766,38.43750002328308,27.450978100551872,5.0,7.0,-6.073563123839006
04-25,16.633265369703025,-14.954959831302734,12.0,-8.17409718897671,15.166951703033272,-16.170820092178754,-31.91890971235275,-41.18007785546023,-6.875002384185769,-70.78652203105634,38.749999720603235,26.14378978025754,5.0,7.0,-6.780531876826353
04-26,20.15355208901351,-17.17171995814342,9.600446713328438,-11.677278444417531,10.016972650676308,-15.115161206652436,-30.503725957421846,-36.39036126259075,-10.062895722368713,-70.78652203105634,36.250002142041886,26.14378978025754,5.0,7.0,-7.461908433944445
04-27,20.761905397687638,-16.697237833352613,10.928959313829742,-11.5711214366769,4.414257350396401,-13.374290851198504,-33.36511035621236,-39.18757201693919,-6.918241558872465,-67.41573322663612,35.000003352761226,24.666666984558105,5.0,7.0,-7.729792906721252
04-28,21.308411327405043,-11.780106166172372,11.147538343766284,-9.554138289604913,3.4305285057019255,-11.064811793701528,2.3682926943939733,-37.45520037928211,-12.578616653984984,-69.6629329065444,32.46753327177799,25.874127156635772,6.0,6.0,-4.624947907467442
04-29,20.75471761770713,-12.390932079975544,9.1803270743374,-8.631578028036971,3.4857149536755436,-12.104285087889863,-4.29390059728405,-20.908005064842445,-8.55346316339895,-73.56322658063573,33.33333333333333,-4.895108742634554,4.0,8.0,-6.548867197137059
04-30,22.641508288127135,-12.827225604707843,11.475406888671094,-8.06282686437583,4.525139321028082,-15.570284175098765,0.09541293553709031,-22.461172522648624,-4.606061993223248,-71.59090970665952,30.693071799952488,0.0,5.0,7.0,-5.473995136116495
05-01,19.245285081371115,-13.3507853239756,10.447762728368813,-5.749488507698215,4.409266674030823,-13.014671600678989,3.0534323358943007,-21.878718025828334,-5.2439062826553275,-73.80953624405342,31.438128903755363,9.790209148954862,6.0,6.0,-4.555251759376216
05-02,5.094341557829685,-8.069881794765896,11.475406888671094,-5.9670798396855815,0.1130581198469291,-13.677242838528445,3.1609189364923385,-18.909514339688396,-6.097561117441155,-68.23529636158665,31.438128903755363,8.088236260888475,6.0,6.0,-5.132207135351018
05-03,7.875463237788388,-6.650245929355069,14.915624354391198,-5.041154799516835,0.05652501664617265,-16.386555632025612,4.6226481807403665,-10.03344026463879,-4.819272401665596,-65.88235742905559,29.765889701186566,5.303034065949647,6.0,6.0,-3.856153491629596
05-04,10.178574450618115,-4.248373728142019,13.60355993211384,-0.9259250401687473,2.7027039822108447,-18.6013309336916,2.0348841507456377,0.9539847317916704,-4.819272401665596,-70.58823529411765,23.32155000724523,3.8461503192516595,7.0,5.0,-3.545144151984052
05-05,13.08900546434172,-4.901967888289206,11.937812388228856,-1.544797696802901,-0.056725501557375074,-17.042259146184758,1.3390755078372782,1.7957334472747606,-1.2048123553905177,-77.10842736695925,22.499995955399037,10.44775986623649,6.0,6.0,-3.395800610488822
05-06,5.604204150525134,-5.392163508399579,9.938924867014451,-1.232031678045048,1.8909881834819526,-14.694841221727586,1.0309246100347988,4.264872288985352,0.5917182469050865,-72.94117422664864,23.32155000724523,19.46308456354919,8.0,4.0,-2.346161976423305
05-07,6.83012243838076,3.9215649608830008,5.107374290794671,-2.494800083421732,-2.531643069126872,-11.116276230922981,2.343017790181999,4.378769153611194,3.4482781300222456,-65.16854426216999,19.243991913431937,17.449663677793772,8.0,4.0,-1.5490401075451654
05-08,5.604204150525134,0.5785059383368937,3.8235300799967287,-2.3662528804312433,-0.8036731460403534,-7.86046760026797,2.71790027909496,1.6328880168353586,0.0,-48.42105664704974,3.8327491108731166,13.422821906282953,7.0,5.0,-2.31990423265368
05-09,4.028017231525592,-2.209009876423656,2.7942941471838143,1.321136962970337,-1.0332940449090258,-11.999999645144424,1.0531322153293663,2.6741026695441596,-4.242428866299738,-44.21052430805405,-1.7421669940284035,17.123287223834538,6.0,6.0,-3.0369544403726234
05-10,2.4911008250322197,-4.608703791757353,0.8971240644459116,2.947151686626106,-3.4443134830300863,-14.770648318322149,-2.98953856797745,6.249998056370239,-10.759492333816658,-2.105261150159334,-4.181189155493115,26.219509225527027,5.0,7.0,-0.3378552452128867
05-11,2.6642958628045483,-1.180437309523973,-0.06056495929800793,-0.8130073618278912,-2.730372760523368,-11.99642026352147,-4.130980750961097,7.967485961604505,-9.493664735556644,8.42105463931435,-8.07017637788794,25.30863984040671,4.0,8.0,0.49048764875247713
05-12,3.2758590391217153,-3.8851313799119684,-2.0593559128859273,1.8237064886088097,-3.1999968610491925,-14.246579422738748,-2.8542895431732904,10.514907608863082,-5.696206084430004,11.8279608484912,-7.317074791662029,31.638415187236703,5.0,7.0,1.6518512647058625
05-13,6.621391829350913,-1.5202688008351093,-3.694722452626115,1.223240430774983,0.5506602724273492,0.22747606051796926,-4.022127546296082,9.051490554127657,-3.6585389964996438,11.8279608484912,-3.7037001358986044,28.75000195577739,7.0,5.0,3.4710720016093255
05-14,2.546692901615167,-0.5912156447692092,-3.625374039839424,-1.892742628879891,0.3844077238819277,-0.8767906478480639,-6.7873324429176085,10.489132310807857,-1.796402535060357,14.583338714307995,-3.061221510804984,27.5000031664967,5.0,7.0,3.072707947249176
05-15,5.263158853439002,4.417672113219273,-5.408731518749532,0.5165284294572753,0.10964901961336457,1.753572493902778,-5.329318279630916,7.93739589010601,0.5847975394087571,11.702122047185778,-8.304498298442137,23.74999934807422,9.0,3.0,3.082695636465323
05-16,4.623289265089435,6.885763255064903,5.405407964421704,-2.1030473654220883,3.234649999952944,0.1845912108283887,-5.792079366850924,6.420460475131372,-4.2682974342787094,7.526879515147885,-13.494804578857519,-1.3888875091518116,7.0,5.0,0.6028271192562983
05-17,5.432937975427979,8.391067705591722,7.993558707456111,0.525761841355543,1.9188617645923938,-2.7233620951417925,-5.530868341893325,7.814264851020518,-1.785721178768757,1.0752728969764116,-12.456743322774443,-3.5461044474619703,7.0,5.0,0.5924105296983659
05-18,3.633214621089849,10.408636583572358,-3.601100503135832,1.7875977816994693,2.2727251615827915,-5.703047387954522,-4.754908033537547,10.441995895933816,-1.190480785845859,3.2258084363669033,-11.301366954924518,-5.797104579113909,6.0,6.0,-0.04816914702224998
05-19,10.71428822315467,11.265437464409683,-1.6620482149713918,2.466595792884874,1.8478243630414293,-5.911334029750505,-3.5800666104827767,9.668508083522479,-3.5714310042713686,5.263157894736842,-14.035091535169752,-1.3986084524057727,6.0,6.0,0.9222693312248679
05-20,11.367675052330855,16.12654926538933,-3.601100503135832,2.164946378309966,2.4311198300264896,-2.8913257185812555,-1.4832510602896487,9.060780455430605,1.1560628000628876,8.16326709351701,-14.035091535169752,-12.499996712979183,7.0,5.0,1.3299696120759565
05-21,7.460034768035133,14.351854151413661,-4.924457864551292,1.1458322235072955,4.144530604507386,-6.164039956963683,-2.583736485088578,12.006486429611458,2.285712105887297,6.25000372529015,-18.27956980058632,-12.499996712979183,7.0,5.0,0.2660544323402769
05-22,6.749555871287252,16.16627763508149,-7.820587371799971,5.694300404844761,4.743938448677784,-7.794196393566007,-0.3827747615608829,10.456794774641564,4.4692695760305075,6.315793489155016,-15.107916568933646,-10.294116486933829,7.0,5.0,1.09969488474367
05-23,4.464287824016424,15.054603803017894,-7.511464597630929,5.611217216937011,5.714287917614878,-10.0356663521436,1.7102076772008663,10.849312560199058,5.88235294117647,9.18367912947053,-10.791365302292034,-10.852712390299747,8.0,4.0,1.6065617022722352
05-24,5.477032929628755,14.319431072870078,-3.8616719307015552,4.809614757374582,5.660375757959003,-9.312976891767136,-0.4368939365110144,5.970148781627035,4.790425795575646,11.224493470007186,-12.23021286576991,-12.598422757823416,7.0,5.0,1.1509453485391048
05-25,5.14184542194794,10.874898676981633,-2.006687043082541,4.308613220148065,-3.1105960024786588,-6.759436611707158,1.5699329996169138,10.337441335238026,1.1976093042061244,10.204081434053666,-12.222219180668386,-16.260156534394106,7.0,5.0,0.27294391832179316
05-26,5.14184542194794,9.550120515228013,-0.8361235882171466,-2.41850447023542,0.0,-4.882812609139367,0.3851705437789476,9.908946834010694,1.7964139563091546,14.285719846497363,-17.441862829100817,-16.260156534394106,6.0,6.0,-0.06427024277622835
05-27,4.504506594367868,5.130229608945379,-2.006687043082541,3.7549372613973695,-1.8202485070155685,-2.432046950793423,-1.0120437805911144,7.659348148538631,3.5294140086454298,19.23076993614967,-21.19999885559082,-22.22222222222222,6.0,6.0,-0.5736701501042786
05-28,4.504506594367868,3.867405248656107,-3.2022481210874907,2.110550791496982,1.2141268851054692,-1.8313212567065136,-0.6265019795980797,6.659723335200657,4.651169237927758,16.83169008645199,-18.823530511735104,-16.23932172560853,7.0,5.0,-0.0736459512940743
05-29,1.6216200542241284,-0.08176021915015998,-5.878965206745171,1.715437340998142,-0.3972713765457663,-3.2289160303322664,-2.168678375611822,-0.44792788898161406,7.8651667333524165,17.647061023470208,-19.123506808655222,-12.820521441829277,4.0,8.0,-1.274855182983867
05-30,0.7092191835901175,-1.6611279891927468,-7.67878626883353,4.5186666284447625,-2.8944393779369832,-1.3012070253670933,0.8645547925753579,-7.553958068519099,8.37988844674153,12.371132297538134,-12.74900137285408,-13.043476458082539,5.0,7.0,-1.6698779343246806
05-31,-0.35842259449273683,-5.608283982331798,-5.151691946269415,4.616898358930801,-0.05674957435789561,0.7455724801399315,0.6259078731345785,-4.789717608804332,16.999998092651385,14.43298604184546,-11.553783384656652,36.585366704646944,6.0,6.0,3.874006705036356
06-01,-0.9009000301244852,-10.171013717587718,-1.3505976833280455,4.322203167472712,-1.3528735499641606,0.9762946982181839,-4.5592686371105104,1.1098821190833295,15.500001907348615,12.371132297538134,-13.199996948242188,40.09217020229322,6.0,6.0,3.5697528187997576
06-02,-3.9927365846227927,-14.606741272038173,3.0388266746524146,9.925091024330616,0.33259391854997516,0.8841346490518418,-6.14212709447688,-1.3873473565439944,13.000001907348615,4.301081333343315,-12.301585124042944,35.576919109158126,7.0,5.0,2.385675932059177
06-03,-3.629760531475256,-13.295881077882377,4.333145764856751,15.167546765520811,3.9529878281197606,1.7980695592177933,-8.324869675810772,1.4428425209601943,15.577891662787291,3.2608717060269834,-10.116731409218023,28.3653815293452,8.0,4.0,3.210957886870696
06-04,-3.629760531475256,-10.20599633451519,5.34608798974089,15.167546765520811,7.15811309416281,0.8759821548149573,-6.040601932095698,0.3884555662930648,15.577891662787291,3.2608717060269834,-13.22957826535356,29.80768789906456,8.0,4.0,3.7063916479143053
06-05,-1.9963682923113963,-7.67790212006358,6.866003609546406,15.844153511843839,7.781891602670399,-0.5071401581120913,-1.8781670941902937,1.8589400523170374,15.151515735337853,-1.0638338885950083,-11.240308931345059,21.153843949532288,6.0,6.0,3.6910523313858667
06-06,-0.7155628195739264,-7.778818522187776,8.037182660511935,14.434781581107048,6.934883404983874,-2.9967708737934253,-0.9151006836686062,0.33314528139852184,17.085425546261305,8.653842803289075,-10.465115849254397,20.97560768535911,7.0,5.0,4.465291684536061
06-07,-1.4414400481992027,-10.896814118554914,9.278353156097905,14.173912259265906,7.35838750382713,-1.1547344314316965,-3.0098594184121,-6.113030314963315,19.796956452618257,10.576917962914905,-11.240308931345059,20.197042975360553,6.0,6.0,3.960448587264864
06-08,-1.4414400481992027,-15.48198520165857,7.403246113850585,14.69565090294819,4.571728311964878,0.091242963932751,-4.254198671187137,-6.647407957194244,16.751274195975107,10.576917962914905,-14.230774521122495,23.22274477199441,7.0,5.0,2.9380832353515984
06-09,-5.454540134461573,-15.62499869032766,7.178905322521779,16.79789701043121,5.662336118186274,-1.9078634331263948,-5.16060849946298,-6.358383988325703,15.228425806174254,9.433961924644258,-14.230774521122495,15.311002219346243,6.0,6.0,1.7396132612064343
06-10,-7.09090867712479,-21.582031099933353,8.749298884882975,15.840705583963565,7.15746472118082,-2.280129252382344,-6.935478396354646,-3.410405656689138,10.471203979348328,11.92659892254047,-15.564206449714375,23.80951921415415,6.0,6.0,1.7576359811559719
06-11,-6.181818654714527,-24.80469118345348,2.84029366117039,12.350225608806243,6.663250352183674,0.869169847907694,-8.602152412124298,-2.504369850117057,11.398958251595719,12.727269259366123,-13.513519484551903,31.428565589748818,7.0,5.0,1.88926508215145
06-12,-7.09090867712479,-27.35293536037743,2.7882010800553196,9.10797937296449,6.700771620058214,4.254347114406696,-8.870965509087233,0.6211107210015143,13.197970968412195,14.54545801336115,-11.583019331144731,32.857141397437196,8.0,4.0,2.4312626174968828
06-13,-1.225918287855615,-25.024058132461136,0.8205642444434255,12.912088325959047,5.473151349352754,6.953341332679969,-10.389611059814992,2.493068557404011,16.751274195975107,16.21621737725138,-12.741319423189035,36.405532409543774,8.0,4.0,4.053694240774058
06-14,2.8571461200141415,-21.401869183867813,-2.417580137332247,10.897438290690795,5.882358106254584,7.390514751801475,-10.329907361035104,3.285872803663549,15.577891662787291,14.414417355703495,-10.038610003068143,35.211271310478296,8.0,4.0,4.2774119763408605
06-15,3.8269573818260065,-20.09259383128996,0.4961367121057784,11.172163295500106,6.703626353857641,7.008706788789389,-6.638789929318422,0.7131056721390031,13.065328800552784,11.711713027551564,-7.954537552414832,34.2857115284925,9.0,3.0,4.5247940206492965
06-16,9.090906451978482,-17.81818394621537,1.4884259082190454,11.76470742918621,7.124937554191478,7.727276195179332,-8.789474085757606,-1.4262218069696175,12.060299821792292,15.044245845756782,-7.547162342173635,32.5471686442664,8.0,4.0,5.1055771391211495
06-17,9.919996640014501,-18.090904450613728,4.134509401985477,12.727273318393145,10.752169683765233,6.567302713116868,-12.124465144225828,0.3291248900109544,10.500001907348633,11.92659892254047,-6.741566411805845,35.84905246603546,9.0,3.0,5.479091161380445
06-18,10.39999620056137,-16.54545791484098,1.3016359400836839,11.357336823446799,7.015803830505586,7.8836243419938095,-12.929184154107205,-0.2747210712340189,13.106799577383402,11.111109148818315,-6.0836441235715455,39.15094191088453,8.0,4.0,5.4578533758269785
06-19,9.439997079467641,-15.861437819175507,2.2421503089070973,8.66788777872703,9.202151999022519,7.789769540187566,-10.515027124463076,-0.3298486211149241,13.526575078307253,11.214951688373453,-6.923079744598673,40.09433728853281,8.0,4.0,5.712368954347767
06-20,9.470302018180833,-22.094139609536306,0.05730243734564617,9.519496003451891,15.026917492816807,5.5842264501735075,-12.166492606683029,-0.7174346288391311,16.66666510837527,10.909089175137607,-3.8461594891973454,41.98112804382942,8.0,4.0,5.865908366254597
06-21,9.178741262736265,-22.094139609536306,3.557528709030535,13.780597933034155,12.383748185165476,3.3506416891313284,-12.166492606683029,-0.5000008477105035,19.323670785372407,10.909089175137607,0.7692300638503318,41.428567860402055,9.0,3.0,6.660098549994193
06-22,11.181097918740862,-13.345697955382757,-1.070425572742558,8.250231598895471,16.36536433636893,4.788473620109554,-19.363996190935016,-1.966142112790227,17.874399162167197,5.45454892245206,0.3984059960658085,39.408865201539456,8.0,4.0,5.664593743707399
06-23,9.324756013840544,-17.532471151572405,-0.2816939093816491,8.882788255422533,17.542210824650972,3.894884770093791,-16.48906644216364,-4.9699610811281145,16.908211937200853,7.339442798699992,-1.6260146842582102,37.5634517152159,7.0,5.0,5.046378253885047
06-24,13.145543453294817,-13.450842289954332,2.253519038174011,6.922357549858979,18.346492200523294,4.159048822286287,-10.72572173655851,2.457667224009737,14.423077452112251,0.9803865653465601,-4.166662527455369,43.203884000793494,9.0,3.0,6.462395812702602
06-25,11.737094167946086,-11.68831410104828,7.282609675917619,0.4004000277224119,15.720928895660421,2.8558080192934936,-11.099252663341664,7.436182677845457,14.832537981107027,0.0,-7.594939892359539,44.17475688827173,8.0,4.0,6.171484306417898
06-26,12.676060358178582,-5.9414932591071254,10.913839134312704,-2.9075776702360625,18.801839149988737,-0.4681576370022934,-10.83244776648353,8.099169940773427,13.170735428972943,0.0,-5.462179402158429,0.4854364437391164,6.0,6.0,3.211268726748173
06-27,13.416539925439325,-2.930725449084991,10.02110230714485,-7.045216195254731,18.24884426864901,-0.702245385037991,-6.529946247356038,8.50246448700902,11.386143849206912,2.02020017143019,-5.04201175583855,-5.339812454848033,6.0,6.0,3.000444793454914
06-28,14.351854151413661,-3.3898272641449005,7.7126257336849955,-12.30283460881001,16.866357065299688,-1.3679198006712787,-9.910917468723092,6.4480789454758645,1.960782480441495,6.060600514290569,-5.882347048478309,-5.339812454848033,6.0,6.0,1.2672200204108879
06-29,16.163142483586096,1.419696962581157,4.513705660390121,-19.242898435793638,14.94775318379798,2.979683335344015,-17.921147198436387,0.8255344958747419,2.450980437988963,7.070705416542801,-7.531373240079437,-2.8436106247007977,8.0,4.0,0.23601437309130127
06-30,18.249256648721257,5.403012715460507,2.955401326109494,-21.964090688684774,18.89081558927808,2.716162867022141,-14.202902973562049,-0.6604338950441793,2.94117839553643,10.476194109235491,-5.327863646463578,3.2558217933201745,8.0,4.0,1.8943793534107496
07-01,15.174508286112708,5.491586590545053,1.7195039899432343,-21.196216785077905,22.00000286102295,1.0943901859478058,-13.765176603485493,0.8805715285651436,2.450980437988963,10.476194109235491,-5.327863646463578,8.482145375515113,9.0,3.0,2.2900521941541236
07-02,15.781487966338037,8.14880284308139,-0.9309997559669603,-21.835436710771333,21.61826215777389,0.8699658092040051,-11.451702934602965,4.672899156205329,0.0,9.615384968074835,-3.1999969482421875,9.375001663076018,7.0,5.0,2.7219723511808382
07-03,15.781487966338037,10.22726938801055,7.711567056889944,-22.210407707917827,22.73650164616267,-0.366300014409914,-10.121456953934587,-35.89341568614848,-0.505052451126116,-1.960782480441495,-3.9999961853027344,5.803576512832421,5.0,7.0,-1.0664174090872942
07-05,18.621699034436197,16.16326677893554,0.8606769558839332,-19.937036481644345,21.84328285132125,-4.219199303956527,-7.997741474080884,-29.210134530613868,-2.604166563186385,-7.070715049617076,-3.9999961853027344,4.524893272626159,5.0,7.0,-1.0854308912665618
07-06,14.08668987741557,16.639606544311487,6.7468665851305065,-18.572924486257993,21.477318094758534,-6.175889397902614,-12.06592802840434,-26.925892089547986,0.5208352994586906,-10.101010490225223,-10.77586237903725,7.456143790665158,6.0,6.0,-1.4741705566362882
07-07,12.69840684156903,16.950527856396608,2.4058628823354207,-17.044228345130442,19.80319939546668,-5.498276316845333,-13.44086039882729,-25.97211982487377,-0.5208253653516227,-20.879115811898544,-10.300429931130815,8.733626681892158,5.0,7.0,-2.7553526946998255
07-08,13.522006036038977,17.274939539718748,2.4581603458186745,-14.210519935946214,18.6017503792671,-7.989950668679064,-11.778852546356369,-29.933961377659852,-1.0256449381510415,-1.8518500530834543,-14.22221925523548,9.48276012675238,5.0,7.0,-1.6394485289596326
07-09,10.220122214269919,15.733984043938639,-2.9859167551904804,-13.375125095012418,21.139853944435803,-10.964465805887667,-11.057693630280628,-30.51337192071112,-2.072546848140849,-4.761904761904762,-13.596488889014372,6.465511261424456,4.0,8.0,-2.980670186839457
07-10,6.4465350805967105,15.146711372135021,-4.636519476287025,-10.822057325550901,19.514197341097788,-11.269031611058903,-11.117791161822948,-28.928565979003906,-5.347593364711766,-3.773581171086827,-6.5843556796945775,8.189647597804287,4.0,8.0,-2.7652003647985866
07-11,4.603170422289278,15.348098687188774,-18.470507915929314,-14.465409700951898,18.320294418001478,-10.812178062315867,-17.14635180736176,-32.33136937490354,9.216589537709687,-4.716980962322129,-8.641976641063017,5.405410920322534,5.0,7.0,-4.474267539944648
07-12,6.093755046603938,15.681640969126992,-13.67895122509775,-14.046122897877305,17.949768962670067,-15.72856252034896,1.0858375913362586,-38.54324587315182,11.946905829051447,-6.603771547865558,-9.053498871043946,2.325590163581772,6.0,6.0,-3.547554531084572
07-13,7.6804949437683945,13.043477760095376,-27.566812534580755,-15.303983307101058,13.798840132325296,-17.45862540140372,2.447738065503059,-42.64475683207293,11.504426272494808,-2.8301813798515254,-6.374505435801144,2.7777860562003345,6.0,6.0,-5.077175138368654
07-14,2.2222202038637886,8.409662014586452,-24.261606559026223,-12.695104420637652,13.834650231930675,-14.46410398523742,1.554400253469843,-42.41002459479846,8.849557372750535,-1.8867905855434135,-10.78838096280146,2.3041561740521694,6.0,6.0,-5.777613738115931
07-15,1.5748017305360247,8.659453601821621,-25.457109803329832,-12.695104420637652,16.370964169378084,-9.877166363352027,5.380717422535005,-42.33177554087993,3.271022747984962,-4.8543688421458855,-19.19643146993249,0.0,5.0,7.0,-6.59624973066851
07-16,1.8897620766431835,13.322235852379324,-15.946837443431827,-13.880120132876597,17.95703594776166,-5.599599324469693,4.873101292601405,-37.065056529729304,3.271022747984962,-8.000001907348633,-19.004528011053992,0.0,5.0,7.0,-4.848582119294959
07-17,2.2047224227503843,13.105174714049953,-15.181512542516403,-16.71991348071917,17.018687522616837,-5.004956459900483,4.873101292601405,-31.877737562427843,2.8168943455976154,-9.183669398100145,-24.401914421415693,0.9433953776482812,6.0,6.0,-5.1173106824846055
07-18,0.47023017219836977,13.322235852379324,-11.930722504633792,-16.47307179294291,14.622261314345996,-6.590683367655544,8.945188875837918,-31.494928812501726,1.9230751596258298,-17.02128134468896,-20.09569825560868,1.9323653692280598,6.0,6.0,-5.199252444534676
07-19,6.754776511463523,12.299915946906694,-18.589312052252062,-15.311510103459058,13.403740990741303,-4.666006027071645,9.273566466825793,-35.951663981636436,0.0,-15.957447456093949,-17.703355941271457,-2.0100483246901604,4.0,8.0,-5.704778664211454
07-20,0.0,10.826447863826656,-22.837368563713,-12.882782654406865,10.626812263325789,-2.748310998623949,13.037034022955247,-39.77098421952973,-0.4830843982389,-8.51064067234448,-12.14953166906032,-1.4999985694885254,3.0,9.0,-5.5327006329415065
07-21,3.416156760060457,10.761591050871717,-27.33563917926457,-5.047313677013052,9.765297194752636,-1.3796336910716112,9.903996468658379,-37.55725139713284,-0.9661780107220632,-3.061226376490177,-5.7268773362657965,0.5050500185316369,5.0,7.0,-3.8935023479237736
07-22,0.4672892510771449,9.437083073401798,-32.52595066645996,-5.268698736552388,9.916317473230732,-5.293543973884561,5.686970409603822,-38.5496113740874,-0.4901979575474675,-5.20833312637277,-4.803499360122003,-3.5175845682077815,4.0,8.0,-5.845813296326735
07-23,0.15576308369240238,6.788078960444442,-43.963561819441225,-5.268698736552388,11.704315456502936,-7.1213642841612685,6.743835410122655,-38.84234107649564,-0.9852254702272263,-9.782615118080951,-3.043475421480001,-3.5175845682077815,4.0,8.0,-7.261072798657003
07-24,-0.934578502154269,7.2019858530940395,-48.35680357041316,-1.9047600305720873,10.256417689450785,-6.318957849222487,9.6124895525391,-38.315623066240875,-1.4851446818306544,-8.974360933749079,-2.5862147812329437,-3.5175845682077815,3.0,9.0,-7.110261240711618
07-25,-4.416411081184668,7.048092111654397,-45.95843609743247,-1.1702116084023817,8.974364738757757,-11.083244860991709,15.32625501511118,-40.12297633758868,1.4634109124904724,-6.451606618171474,-3.017248865327906,-2.42718221869556,4.0,8.0,-6.8195995758150865
07-26,-8.524593893029142,5.000001212297851,-29.657529683112323,-0.7446801144378703,4.549221483512519,-11.734950132047953,17.251605783933506,-40.44512365379497,0.48780673887671494,-12.90322349090528,-5.172419285802719,-2.9268265451297673,4.0,8.0,-7.06839263163662
07-27,-6.089749467913903,1.914706654256439,-27.991743961672526,-1.382977355384616,0.45624474312262786,-6.97336833248865,11.475410332120738,-41.95312348078005,0.48780673887671494,-12.90322349090528,-3.3898375288438505,-4.455441337580153,4.0,8.0,-7.567108040599376
07-28,-11.404959713368058,2.081524515840701,-25.584588728455383,-2.486491911771941,2.0008119277442935,-6.818180979713116,8.195853328856122,-42.10937705473035,2.9268311291206177,-10.638298304062632,-6.550222614242044,-2.3809615716916963,4.0,8.0,-7.730671664706125
07-29,-8.032791075671948,0.7805716934402673,-37.345252163058234,0.10537397473103398,1.8806254013444232,-3.7860916998737606,10.228449065126842,0.3124996973201816,-0.507606447961238,-8.333325054910777,-6.086961208985396,-8.212564337025267,5.0,7.0,-4.916422679626987
07-30,-7.0491854409575145,-6.938427459667143,-44.943024580243204,1.5576308947693054,-1.09060898025173,0.09149339984097407,9.293877955635246,-8.200634542674837,1.980205498867016,-8.333325054910777,-10.132159515684688,-11.111112390867325,4.0,8.0,-7.072939184678723
07-31,-11.803279342077277,-6.336812071579977,-30.03194748002841,5.23665169263507,-5.391528605271505,5.672459910778651,8.463141478424943,-10.577707036370532,1.0000038146972656,-3.0303050736824217,-5.485237161108596,-6.763290310104238,4.0,8.0,-4.9206541819739185
08-01,-4.870136957543533,-5.785844643855444,-26.240691359435807,8.277188512153105,-6.58964471285525,7.410799606594071,12.196385342770256,-9.332259202995305,-1.0256449381510415,-1.020402304583135,2.1097027312509247,-11.219513386505717,4.0,8.0,-3.00750510942974
08-02,-5.3833671650470505,-4.7008562161163,-16.4057632862674,10.779599144254002,-4.3645719416282756,6.8161012329184825,15.724206846662604,-7.532055837633274,2.538070967695712,7.142855057563488,1.6877621850007545,-6.5420495150800075,6.0,6.0,-0.020005710639772117
08-03,-7.131016703415945,-5.660371802926549,-19.874611856043366,8.565927406155717,-2.824136946163432,6.858710299219993,13.492870167434932,-10.453808313628702,1.015232259867237,-10.204081434053666,5.063286555002263,-4.1095850145108725,5.0,7.0,-2.1051321152551994
08-04,-3.1096533889367612,-1.9851096660329515,-11.285264798888022,7.892203320149624,-0.628143096673941,6.9862959175683965,12.26415179216296,-12.074552290874063,2.030464519734474,-7.142855057563488,4.6610127112467,-3.61990598756428,5.0,7.0,-0.5009463354726128
08-05,-4.605258823761903,-4.301070943071421,-9.529780558640315,6.084397507260126,-7.372656674563244,10.762330496145017,12.788262808250966,-13.452186603611842,5.076141935391424,-10.526315789473683,4.255315263436308,-2.654864735961464,5.0,7.0,-1.1229738432166692
08-06,-3.618417647241513,-4.549203735232076,3.2601850176029146,5.341241378373552,-5.8169379774171315,10.900044237374564,14.412997961196236,-10.534847444570207,8.33332787931345,-8.247424808923482,3.797464916251698,1.7699098239743158,7.0,5.0,1.2540283000585268
08-07,-5.263164705516974,-4.962774165082412,4.576371753935405,5.784315059204228,-3.493818599562765,14.020806403860284,-1.362684643194368,-11.437913385489361,4.102560190054087,-11.578951383891859,-4.291851773629617,4.867252015929295,5.0,7.0,-0.7533211027820048
08-08,-7.072373529137753,-4.7029717577846615,-4.965986427657723,5.63797701050543,-2.5138542325251123,15.287204770735135,-2.7777813876561157,-9.20737064274292,-16.666668375760388,-11.578951383891859,-7.725325006487441,4.424774559935741,3.0,9.0,-3.4884438668723057
08-09,-6.199027088823912,0.0,-13.38527211378846,4.9455938688644,-2.556458728890291,13.850292364663552,-3.428278255620926,-7.944310106456126,-20.855612082430934,-11.578951383891859,-3.433483465415184,3.9999961853027344,3.0,9.0,-3.8821259005405846
08-10,-3.9936179990343117,0.877897913085869,8.198843862307054,4.9455938688644,-4.951331432078801,14.729376518728419,-5.203869380177123,-2.6506018374432134,-14.438495964886835,-8.42105463931435,6.276154342405177,2.7027000903735083,6.0,6.0,-0.16070038809751727
08-11,0.7874008652680018,7.1152291943830575,2.8405395309233987,6.673209489976334,-5.352586129520343,14.880427908345565,0.15520272511078398,-6.184742727390622,-14.438495964886835,-9.89010528354413,10.040160604116293,-5.853664720434438,7.0,5.0,0.06438129102892187
08-12,2.457765853186918,7.3472530694318055,2.1949623648044483,6.947162618356612,-3.4626614413110497,11.823099954536934,-1.9668792656194283,-10.361445635469224,-12.698410936353794,-11.856828516442189,11.111110059882801,-5.472631622772914,6.0,6.0,-0.32812529148075686
08-13,1.9969258287517615,7.1152291943830575,-5.124752084056587,8.64553169575727,-1.2310264979809213,8.14746956815176,-0.10352203974946204,-10.416668577072032,-12.698410936353794,-13.636361173361838,11.599998474121094,-2.9850717942398055,5.0,7.0,-0.7242215284707917
08-14,-4.6082903740424594,6.828879266059991,-7.074173786310281,12.406711500925494,0.28350664790989044,7.328169109337615,-0.4658393064674916,-13.509055545871298,-10.362694710161069,-20.098043798896235,18.039217519558505,0.9950239314132612,6.0,6.0,-0.8530491288786731
08-15,2.1571737502697363,8.055768673327465,-11.277658086320798,11.824949079650976,2.430131474962239,5.598541559756299,-5.744127432803309,-12.673755100169352,-10.638298304062632,-9.302316297384026,16.07842568936862,0.0,6.0,6.0,-0.2909304161170653
08-16,0.7812603900669312,9.250766357127178,1.4294982799470926,11.45250994831509,3.361678976752573,4.497954388110708,-8.28876563541328,-10.149744316910565,-8.947372436523438,-13.953485535311785,10.980391240220747,-3.6269458214764745,7.0,5.0,-0.2676878470912689
08-17,-0.3159554805824088,7.137374116634445,9.34755755879007,11.63872951398304,3.1996702117550986,5.144401613258896,-9.341249997167814,-10.548522867177878,-7.368419044896175,-11.62790646096578,7.661292570934797,1.9607824804415166,7.0,5.0,0.573979517917317
08-18,-1.2578717496910683,8.136880044592836,17.377671529448254,15.267855289715282,3.3562415712327183,2.2325560104015265,-5.3780627899553215,-10.801685162582553,-6.842101247687089,-10.04784912780434,12.595417485510138,0.5025120811725401,7.0,5.0,2.095130327862744
08-19,1.230768011871924,8.136880044592836,19.824339658335703,15.644442240397135,3.9775056249156684,0.6692131411943996,-5.0211456612506495,-11.223627686846507,-7.446816929221332,-5.747126562779012,14.552242357817319,2.9268265451297886,8.0,4.0,3.1269583986797733
08-20,2.4615470276778852,8.28897115871217,18.19899693043596,15.418892836395068,1.536588066236445,4.54762509979573,-4.492602420941559,-9.144296523585117,-3.5897475022536054,-6.976737223038021,20.138893717968713,-0.4878044241882981,7.0,5.0,3.8250272286012805
08-21,6.153851063293658,10.197869996775362,18.96444174980379,15.322578732768102,1.9066832919384276,5.3614119895080465,-6.923887212790043,-11.578048020037958,-2.538070967695712,-10.117643019732308,19.444449963392803,0.0,7.0,5.0,3.849469797268681
08-22,5.4545509716695,9.020814328320807,15.81335376409001,16.295633857340427,2.1906615973747763,1.1488739977517375,-0.2119714170629359,-10.723406203249668,-2.5,-8.139532304828895,18.05556245424102,0.4926103745908273,8.0,4.0,3.9080959516864673
08-23,5.4545509716695,9.647780921884657,8.806991832681785,17.631346875593525,0.6490866372346679,1.7577147044896178,-0.9071508984538365,-13.998244838811559,-1.9900478156161368,-9.302316297384026,20.486115595256646,-1.5075362435176205,7.0,5.0,3.060690953752269
08-24,7.418401152983776,11.954022812109413,2.872404104125186,15.49420986787959,3.0519166245961546,-2.477700656286708,0.2110866169756236,-13.676731177171186,1.9900478156161368,-11.62790646096578,20.689659424825894,-5.759163153269246,8.0,4.0,2.511687247618238
08-25,10.635155548577908,11.239415426266016,6.212423987948919,14.627658343385278,3.6248980239214434,-0.7797263345165959,1.6230338206858645,-11.545294532058447,-0.4975143262281594,-4.347832396711109,20.415229452299748,-14.754090458221622,7.0,5.0,3.0377797129457704
08-26,12.857141251466658,11.316397648278768,-4.542423601892347,17.480721039053883,4.0031305072308765,-3.2242299440700686,-2.229299749959169,-9.14742195412437,1.4778288095344134,-3.2258084363669033,20.689659424825894,-19.65317401276107,6.0,6.0,2.1502100817680465
08-27,11.999999182564844,10.854504316202307,-14.407382454396227,19.883526375025603,10.745042054143696,-7.84410516369227,-2.707007562374046,-6.786941052851467,3.8461503192516595,-6.666670905219184,24.33333396911621,-18.497105763858666,6.0,6.0,2.0627786094927045
08-28,12.428570217015732,9.722223601959325,-8.552195175332548,18.33881617644983,13.380277582866013,-7.893440282863466,-7.006367750177017,-8.08695917544156,5.66038075355743,-9.999995761447483,22.54902189944813,-23.699426665340003,6.0,6.0,1.403408785057865
08-29,12.354649999267089,13.397485751799397,-9.140155068611284,16.879995989990093,11.48998753259875,-8.041436230665159,-5.251873259646593,-13.205836278606306,8.018871234718494,-11.363636117336185,22.875818979521714,-26.58959728759592,6.0,6.0,0.9520229371195074
08-30,19.600000381469727,11.229134937821604,-13.26241445591762,18.479994525146274,17.04966165591733,-13.083164368869266,-5.251873259646593,-15.555549276218603,8.7962943748846,-7.954543114693748,23.202616059595297,-25.142860412597656,6.0,6.0,1.5089414205742788
08-31,25.00000222405384,10.651336552660204,-13.766051165785267,19.11999966125487,14.857976158698625,-12.68316425171989,-9.904859917684108,-13.523461660581255,5.555558989567952,-10.227268170719404,20.202024823949543,-23.033713057341945,6.0,6.0,1.0206983488627637
09-01,18.75000118892244,7.498080246989229,-15.335236600688336,17.140536649795706,15.259150192193546,-13.775504097150218,-8.779925472041535,-12.603494940042662,9.72222381658512,-11.76470588235294,19.932437330549636,-31.547625425383817,6.0,6.0,-0.4586719160519861
09-02,18.279571546434806,7.268552650703895,-4.850219729427214,17.341972819122013,16.440313878139033,-16.206350268117177,-3.526856254840796,-14.903402967936277,15.068489929416778,-14.457828695048397,15.957448877179525,-40.37266896787487,6.0,6.0,-0.330081431854057
09-03,17.607529181760885,2.907418871281546,3.021984877843559,17.073166476765323,19.518070782199715,-19.837396726638374,-2.875739395121079,-16.618908564860483,15.45454372059215,-16.995075540520176,16.84210649597792,-39.75155155331554,7.0,5.0,-0.3044876145028799
09-04,15.860219033608752,6.422697677678293,2.0804516844767984,17.94046632601391,17.793343546834787,-20.921401319161564,-1.1394415680703207,-13.899251250029486,14.28571554137496,-17.865998826483672,17.375887274340414,-37.88819930963751,7.0,5.0,0.003707400912113338
09-05,14.8793614779753,6.001494900650276,-4.747769946163741,18.59903395552906,17.232923751080776,-22.168021590565353,-3.868883878241263,-14.863592725268324,15.45454372059215,-23.05699816300333,15.248221224039337,-20.588229106784453,6.0,6.0,-0.15649303167996376
09-06,14.189194805696914,5.075758043727918,4.7875931532612235,17.954906406883318,17.54815738091832,-19.851378666811893,-0.8346366550617037,-14.863592725268324,15.765765223949357,-17.87565581324734,11.702125231137108,-17.14285441807338,7.0,5.0,1.3712818305926258
09-07,12.413800587693556,6.422697677678293,2.2095982800628717,17.713360735729815,13.21506667260555,-19.47090147857869,2.9618481442177877,-12.771737792428794,14.864869509005521,-15.803106520050356,6.666669021418023,-13.888889256818803,8.0,4.0,1.2111062983778977
09-08,18.58974488294106,3.8661675085413236,6.376269838524702,16.919394161846444,16.071435011305848,-19.407721342716947,2.2255969846719585,-13.04347450506333,14.864869509005521,-12.24489820743293,6.666669021418023,0.0,8.0,4.0,3.4070044052534727
09-09,17.070057252351788,5.278810954548979,8.08080908425324,16.919394161846444,17.259236822876016,-18.566073912257703,5.294117372066224,-9.963771605712008,13.83928765295723,-14.882511305896385,7.692309035889419,6.074771405057457,9.0,3.0,4.508036409831724
09-10,17.32483409027439,4.014866258869836,11.49715542385251,15.776695995239034,15.87849945717594,-14.427075210131182,6.127451094972407,-11.181814020330256,11.872148067389851,-18.279571546434806,6.36704387401784,6.542060656134602,9.0,3.0,4.29269117841918
09-11,18.471329860926033,2.242150308907083,7.646672919928419,11.624078584961213,16.134517055642053,-14.63541330355752,8.33332787931345,-15.814385002460499,10.648153258285642,-13.333334216365156,4.850750418010906,9.813090984201882,9.0,3.0,3.8317448956494595
09-12,20.075764725304346,2.3880574070655953,12.92728085012747,9.290543642681447,16.134517055642053,-15.416661285692005,9.260163663784056,-12.511496513298228,17.543860236179963,-29.129137815392703,7.462688160516179,1.9230751596258082,9.0,3.0,3.329054607211999
09-13,22.804882335634467,3.6818816345500336,3.8125007208436354,5.405406221758284,15.998647622464704,-14.118895041764254,10.444873382673526,-11.813957746638808,15.555555555555555,-25.525523246456373,2.2388126755056335,4.672903651826001,9.0,3.0,2.763090647162701
09-14,22.9927048265753,4.472141785083268,0.49937528976337936,4.983109332637409,16.392335533703804,-18.067002091903834,9.39334650747583,-10.232561688090481,16.444447835286457,-30.63063075963455,-0.7518789579387347,1.9230751596258082,8.0,4.0,1.451538564381971
09-15,23.741010526008868,5.734771692936956,0.8739067570859264,5.3962908743621245,16.504522834917726,-15.158007028073985,6.380851512334505,-10.883721639943678,13.333333333333334,-35.22012894546192,0.37174684946252884,6.132069954713943,9.0,3.0,1.4338872268063607
09-16,21.307503075989327,5.806451083635492,-0.06241744645316981,5.7934513203014255,17.85478430059511,-8.90161933013039,6.75209845941888,-8.46511485964753,12.053566524872892,-51.408461996119314,4.96453439006315,0.4854364437391164,8.0,4.0,0.5150176638554158
09-17,20.096850476134314,7.02509301657127,2.031744094122024,7.042258278536549,16.283008060646715,-6.25635580764381,6.998521499362087,-9.710550496253468,11.659186381496085,-50.87720472359925,-1.0526389758675214,1.4563093312173492,8.0,4.0,0.3913517612268616
09-18,20.096850476134314,4.671528456632634,4.929138999533931,7.308969093110397,14.882604210485134,-7.0701902361988385,7.639236443912672,-7.305937942190265,12.831856502569153,-42.14046777406116,-0.6993083943600166,3.398055106173815,8.0,4.0,1.5451945784784809
09-19,19.087634198463636,5.08720454245618,2.341774346602594,8.101471261176165,12.87983881850819,-2.6449667436397295,6.141652988203047,-9.81308606964336,14.893617021276595,-44.29530749035965,-1.3986084524057882,6.8292677537235935,8.0,4.0,1.4342076811967897
09-20,19.76190328192546,5.362313837845716,2.5562971152424776,7.692306341579222,12.361881059297662,-8.399366756233796,6.650239038711287,-8.547014197792748,14.468083483107547,-54.36241191913675,-1.0489584233828948,6.8292677537235935,8.0,4.0,0.27704505124056483
09-21,20.518865756194458,4.53548510714131,9.327688228571983,4.5008141155663655,13.274338609963488,-5.122950699533774,6.742120829035854,-8.165229528615543,13.61702452314661,-56.04027065788967,-1.045303519324216,6.8292677537235935,8.0,4.0,0.7476542098317047
09-22,18.72749048100219,5.458515374771088,14.657785885453206,1.3136276655755394,12.046950798405136,-4.215337233081406,9.478672814415795,-11.815566896635644,11.489364948678524,-66.05165817919998,-1.045303519324216,10.73170314723,8.0,4.0,0.06468710727418629
09-23,15.560919254615513,5.676850575890197,10.054519727237604,-0.9235927313442418,13.451093320852639,-1.6385299588224465,13.41911785652585,-10.470702868058744,9.401704664339633,-73.74517950296077,1.023889785196227,16.019414217108594,8.0,4.0,-0.18087463828499514
09-24,17.008445021940823,1.673937912885806,8.827165165174181,-2.999140160885343,8.652529652046194,-0.7956232847141413,14.24632513264007,-7.436391931019694,12.396693824052612,-79.28286920708155,-0.3344478405137593,16.019414217108594,7.0,5.0,-1.0019967915305175
09-25,9.529553262825855,4.354132361554411,13.066513899157448,-5.4640080575142544,7.412494325081334,1.9393400554961613,14.24632513264007,-12.731004109416016,10.924363686837706,-80.0,-4.436855735850463,15.04854132963036,8.0,4.0,-2.175883654129782
09-26,1.951217640020703,5.248023019818908,13.219741865793813,-8.695650280986667,5.765265727575628,1.5912465694282296,19.613129972040998,-12.615379920372597,7.826083639393682,-81.0699577979504,-1.3651863802616764,13.592231998413013,8.0,4.0,-2.9116028289238636
09-27,1.3496919485725152,4.699928246870466,13.230770205887154,-7.043484128941331,5.319146429396157,3.827275816568459,18.513449199470223,-12.499997516473233,6.0869548631751025,-74.89711453677286,-1.0238897851962725,14.832533756478798,8.0,4.0,-2.3003946250804024
09-28,1.4705868173635854,5.708092343652257,17.480875223785795,-7.304347231167214,4.309166202631064,3.3530585904938612,18.513449199470223,-17.386604933935914,4.782610354216202,-70.78189223696376,0.7042247017941597,18.721464617268516,9.0,3.0,-1.7024430292826012
09-29,7.955937445502241,5.563583807560645,14.30252968142872,-6.9565214687124035,4.1780829970978255,5.222436691336763,19.13323889510257,-13.06695473260351,4.3478260869565215,-70.58822468726096,3.4246623437786643,18.446602222663053,9.0,3.0,-0.6697333930958228
09-30,8.711656807839132,3.251447230094572,15.126543009518247,-6.9565214687124035,4.374568732069106,8.575508607376522,16.606334900207262,-15.766738683150864,5.652170595915421,-73.50427742305371,6.000002225240056,24.056598999271685,9.0,3.0,-0.3227255389487474
10-01,8.466258271735041,3.684972838369461,22.839151797576495,-7.611547669511568,10.228678483268853,12.351537141832987,15.791853895371158,-25.650118989470467,-0.46296472085026064,-68.46472191639462,8.064516377126521,19.81131417677432,8.0,4.0,-0.07925585951433956
10-02,9.202453880047313,5.172409009139568,22.43958825963305,-9.226717404152115,7.90322543431022,10.498808382765832,13.25791970407616,-26.097268441549154,2.6905762091863727,-61.20000839233401,9.324757930388659,17.45282573265357,9.0,3.0,0.11821419201378891
10-03,11.585363460253719,4.9676028809614685,19.952492407203422,-9.71731159629854,10.903220358301605,10.213775280072184,4.961827545828239,-25.798820761930468,4.3478260869565215,-56.27529758644149,13.18327528109053,16.279075698893557,9.0,3.0,0.38358575457422894
10-04,11.042942900827994,5.035966558551556,5.360565573294587,-10.689048442590648,7.870960477735473,6.8472878910793025,4.138597603147584,-30.42945536183812,2.6315723429754274,-58.70445469183145,13.18327528109053,23.076922293167033,9.0,3.0,-1.719572297865894
10-05,12.121209231289951,4.49358157435854,-7.755104225409679,-10.689048442590648,6.033083559131117,8.647347099291407,3.535106807368961,-32.21556236515785,1.7543843505051042,-55.06072386003348,12.779555295284064,23.076922293167033,8.0,4.0,-2.77327072356629
10-06,5.569010618603559,3.722268608885473,-7.68707221503993,-10.554557986351666,6.033083559131117,11.676786631561711,4.16868026169601,-31.73652092772517,3.9473668800275994,-36.764705495644634,15.999999413123497,10.480349936012217,8.0,4.0,-2.095442559643351
10-07,7.647060159993457,4.223336730926019,-3.1972806658592874,-12.670914820541885,5.941555244682491,10.74498539931035,-0.6910137614354833,-26.46706511596562,3.1390084284284936,-22.368423529278882,17.021275053879712,-2.392353721925234,6.0,6.0,-1.5891525498154888
10-08,6.823523095734626,4.08017294750279,-2.877239793245369,-10.554557986351666,6.094006440037165,6.204194396755534,-0.7403732321603653,-29.40476641903682,1.8181800842285156,-20.388353784478394,15.2380953822637,0.47846846286744554,7.0,5.0,-1.9357208671569026
10-09,3.5294084977937725,0.8759115856186189,-2.0291673761017863,-14.218462542285598,5.185186959780377,7.962868663621291,-2.073050698662908,-219.70587001952367,0.0,-10.769227834848257,6.293700522411822,-2.392353721925234,5.0,7.0,-18.945087997010134
10-10,2.8368767943217974,-0.14749248533119136,-1.642449483877241,-9.731236849552282,4.122388383712828,11.040548630636366,-1.138057694231503,-245.0793509989132,-8.056866468513334,-6.730770700311808,6.9930005804575615,6.306310950447043,5.0,7.0,-20.10225827842958
10-11,2.951591118938672,0.1470586843144296,1.1124834668949048,-9.916593489396073,3.993564034666935,6.882789093656434,-3.388973499142399,-202.8169054758973,-8.695648167719886,-1.9230828012472205,5.944050493388928,1.8867907552965832,7.0,5.0,-16.985239648853838
10-12,3.4077524310711134,0.5105809326704914,-5.049180044918998,-10.37998508900559,0.32894235321024523,6.55655403381334,-3.861789721019235,-172.15189544880664,-8.212554555236721,8.974358386541944,1.7421586867604926,5.022837015539448,7.0,5.0,-14.426018418281677
10-13,2.227430536339521,-0.43196502013323845,-3.278685295271179,-14.083182755549103,3.1639493197549946,9.893819039556021,1.8591049813431288,-171.13923819892932,-7.729460942753559,-0.35211235089708776,1.052630610303047,4.504510890198044,6.0,6.0,-14.526099932169892
10-14,4.2873736647489435,1.3678943798511485,-6.426223178731511,-15.17176170354258,3.4416793055865167,7.821502188966263,3.1503571521565235,-177.21518169819333,-10.243904299852343,-4.014594697553417,1.052630610303047,8.444446987575954,7.0,5.0,-15.29214844072373
10-15,3.4762504853668728,0.9359293597179293,-12.05674687067993,-15.613032397933187,6.37084081612518,4.8863097491721215,3.6276859246052138,-143.18180857611117,-11.881185781604076,-2.8880839081918044,1.3840899245549594,8.888891008165148,7.0,5.0,-13.004238355567729
10-16,2.6651273059848024,0.7194237940787938,-5.898127257226289,-15.658019813476997,9.556522672266956,8.417995958857004,3.102632468771833,-130.10751806059153,-14.141420466159897,-12.830184978622384,-4.379557851876454,8.888891008165148,6.0,6.0,-12.472019601652418
10-17,0.23529389985290247,0.5763683414610367,-9.191436742672929,-22.20000081539156,8.244848170549137,5.563616905106776,1.9778092448905045,-111.88117633928445,-14.077667790428313,-12.03007229012421,-4.744521006199492,8.482145375515113,6.0,6.0,-12.420399420560457
10-18,0.9345785802457065,1.146130748138055,-14.415032403673564,-21.800001187324554,9.525294454395677,4.602707769784526,2.354636154220477,-91.45454059947625,-15.196080585481242,-1.8796973948468785,-4.744521006199492,12.765955935780788,6.0,6.0,-9.84671412786973
10-19,3.3067323995100226,0.942022923635875,-18.351257111923523,-19.10000369787225,10.462285792001717,3.9043399023761602,6.746219178245267,-81.04347560716711,-14.705882627933759,2.631585315889818,-9.32835797659139,13.502107539862179,7.0,5.0,-8.419473664163915
10-20,7.238308396289909,0.8658000615553437,-16.129031927272184,-19.692310920128456,10.70669958390642,4.138268469244162,0.1892100725334017,-77.73913507876186,-18.62745693856514,5.639101147644824,-11.406841797041418,13.502107539862179,7.0,5.0,-8.442940115894404
10-21,5.580868294375793,0.5772000410368958,-21.79211397494831,-20.185378670086944,9.831544018306355,2.1855306440242566,-2.3037130257292255,-69.39130036727242,-13.87559651416973,4.562742158023465,-19.105691923657968,13.080166993611991,6.0,6.0,-9.236311860540487
10-22,6.6059242399186004,-0.360755186223493,-23.78181028255776,-16.003982680572395,10.9893417530729,2.1411126182208315,-4.513394752289491,-52.34374772990124,-10.697670870049055,0.7905130890387859,-17.254904527381907,13.080166993611991,5.0,7.0,-7.612433944592685
10-23,7.1753997652201615,2.7426085206981727,-23.2440187323452,-14.612326757554392,9.559279917270084,0.8272510102451077,-3.1029611340285874,-48.85495749743056,-7.692302381208214,1.1857696335581787,-19.105691923657968,11.814345354861427,6.0,6.0,-6.9423003520309825
10-24,4.561399311313286,1.705755282089863,-24.506209329969174,-14.656032579721423,9.248909534665529,1.3138616079757062,-5.028741315191841,-61.15701971268397,-4.072396393643955,-3.8461605080801804,-15.447149192265003,7.594929832503396,5.0,7.0,-8.690737788583979
10-25,3.0878831003669465,1.9148867958104259,-18.87343720290336,-13.958126945559837,9.373055911777488,-1.174167147003124,-4.67780194056101,-58.677687253157984,-4.545454545454546,-1.7094103307181667,-18.699188252593434,7.594929832503396,4.0,8.0,-8.362043164791102
10-26,2.7413561896902574,1.843969947489067,-29.10334216822703,-13.459622921158706,11.81435152175287,0.24119265877780632,-3.541076436229898,-59.65517110972009,-4.545454545454546,0.0,-24.999995032946444,7.594929832503396,5.0,7.0,-9.255738505293609
10-27,2.622166790138507,1.2838789921934068,-32.750755013284945,-15.157680784345242,10.65649336439254,2.682351505055147,-2.4079330572870816,-45.86206482650283,1.8181800842285156,-2.1186522439583872,-28.755369022856257,13.080166993611991,6.0,6.0,-7.909101434884554
10-28,2.043267298550412,0.7132661067740959,-32.066870539910425,-14.923858302971876,11.947039306218734,1.2235304888556986,-5.489258122437029,-45.34482806814696,0.0,-6.167405554207668,-31.00436899450656,10.548523716110878,5.0,7.0,-9.043413555472558
10-29,1.4423063283885262,0.927240837124733,-30.542627354882352,-15.392456669428045,2.618115776634284,5.180186875482959,-0.047724683384690623,-42.016808069591626,1.3274386696699403,-1.2605029389596376,-35.37117712980671,9.28269201750413,6.0,6.0,-8.654443028437374
10-30,2.043267298550412,-1.0909028108457306,-28.54961210208307,-14.112904417821836,7.324364403844051,8.558565137757821,0.8114561818760189,-40.833330154418974,0.8888922797309028,-9.170307495422133,-35.21738954663048,1.2658216387505659,6.0,6.0,-9.006839965559372
10-31,2.019000488701465,-0.724637005114286,-20.630373960919368,-13.200002031326342,7.832583023980762,6.756756524549725,2.5483761298609884,-42.016808069591626,-0.8771963580347817,-3.781508816878894,-36.086964318793015,1.2658216387505659,5.0,7.0,-8.074579396234567
11-01,2.9411737481614773,0.5010783619220585,-15.13592486083781,-11.800003333091816,7.832583023980762,3.4280569520362474,2.5483761298609884,-35.83332697550453,3.3898353028728287,-14.28570999246275,-41.30435075561587,1.2658216387505659,7.0,5.0,-8.037699229993988
11-02,-0.24301313341631342,1.6140385677939968,-1.3793089840557355,-9.700005285740025,8.38786892260278,2.9904841709938506,4.176332484423024,-34.67742965075062,5.508479336423737,-27.731084692285794,-42.42424430081533,1.2658216387505659,6.0,6.0,-7.684338410506322
11-03,0.36188144183133075,5.862532861277405,-7.862061209117588,-10.147780286692813,9.783248601857332,-0.5164348088809737,6.227276541969993,-35.48386898298779,6.779662523760041,-23.59999656677246,-41.2017197245232,3.3755243700014903,6.0,6.0,-7.201811269856436
11-04,-2.1634594925827892,7.681942935316977,-8.75861698155185,-5.4716996919137095,12.213196406519215,3.368710381477663,7.741343016689112,45.16128709735523,6.896553141608629,-17.04544664332392,-49.54544957019094,11.814345354861427,7.0,5.0,0.9910588295220869
11-05,-1.6826907164532965,8.625338252339137,-12.829648517320253,-4.878050907958797,14.162486049129368,7.751244611568333,7.96903494061336,51.162787774929896,7.296132666334314,-17.04544664332392,-38.157900653277395,6.329108193752848,7.0,5.0,2.391866254194467
11-06,-1.8028829104856579,11.285064910039647,-9.550173928418195,2.3897100998905763,10.852707256393897,9.643989389331264,9.972671757793812,49.19354528591849,8.474576134203646,-22.641505020375323,-23.809522335073684,10.548523716110878,8.0,4.0,4.54639202961078
11-07,-2.2836516866151664,11.111110072250163,-6.384407271228261,0.46125418645660676,12.718918985076899,9.95944541970306,9.848830169694601,50.78124924330042,9.442055483381917,-24.79999542236328,-24.242422365851358,7.594929832503396,8.0,4.0,4.5172763871924175
11-08,-0.7100585104600018,8.969211161015155,-8.155081978060773,2.398521769574419,10.16364673897999,8.399652764748975,8.63509995958617,42.27642443468631,9.210519931542912,-13.59999656677246,-23.376622304296014,7.594929832503396,8.0,4.0,4.317187269420673
11-09,-0.7100585104600018,10.157269084181086,-1.666669845581037,3.321030142487645,7.556337374670628,8.440123368291855,8.5501864007818,35.772357944203854,10.087716289577694,-9.600000381469727,-20.7627131914278,7.594929832503396,8.0,4.0,4.895042375646617
11-10,-1.5476175980502809,8.977715799362027,6.000003814697266,3.601104703602439,7.0222218831380205,10.225305971199534,5.545281374475687,28.45528411159231,11.403502461065408,15.548780332676786,-13.095235166816371,6.329108193752848,10.0,2.0,7.372121323391306
11-11,-2.7381011884229567,8.91218974844463,0.5333328247070312,1.0426530387962172,7.433629543445744,10.825847649941714,3.8108351585818467,24.39024352422198,11.210762715387137,13.707166728709963,-10.465115849254397,5.063286555002263,10.0,2.0,6.143894204130096
11-12,-1.190475075423293,9.043251224535636,-2.7698889108229476,-0.0958771850359723,7.055529806769478,7.017541601737016,4.820941741535353,18.548381514653293,9.174312247680954,7.357860465168202,-11.583019331144731,5.485227101252453,8.0,4.0,4.405315433408787
11-13,-1.904760120677269,8.459022132403806,-0.13840817432876343,5.27752637887831,3.973608746587922,7.152497459871444,4.453632645190326,24.626860679138556,10.810817312607728,9.246574447669067,-1.4814800424667633,0.8438810925003772,9.0,3.0,5.943314379781229
11-14,-3.4198165824455664,8.15789647049523,0.13802609553092016,8.424913247407018,1.3945095471252402,7.827259590411673,0.9995425309710333,19.84126924056796,6.787330199585476,8.904109029793176,0.7407400212333981,0.0,10.0,2.0,4.9829816158896305
11-15,-4.404766294015583,8.996089593289913,-2.0611260494103116,10.71428828748459,1.1246064109223555,6.890292779751476,0.22893423402573698,14.062501280568531,10.917030749542201,8.904109029793176,2.5925900743168357,0.0,9.0,3.0,4.830379174689077
11-16,-5.408657328280809,7.320347350104664,1.8987274281977768,11.080588293897014,4.865964987980269,2.1904718308221724,0.0916944103839688,7.258061663045025,8.733624599633758,9.931505283420895,8.208956086946257,0.0,10.0,2.0,4.6809403838459165
11-17,-7.673862248089971,7.352943707652414,3.3051959156984245,4.007636583474508,6.700958064573329,2.884154676147076,2.8492685326835487,-3.225811165403894,6.1135355539369325,14.237290491697511,5.384610446952323,0.0,9.0,3.0,3.4946600466101834
11-18,-4.77327374348213,4.946528896427336,2.883255369448217,3.1761347181069652,9.305556615193671,3.829984589763248,4.01624276072535,-5.6451676167262494,-3.2710316608291996,12.758624545175481,5.019300398858647,0.0,8.0,4.0,2.687179572721778
11-19,-2.028637713489544,5.949196953316559,4.137448270611026,3.082855554449979,9.876541950132971,8.422465472443177,5.776176423552588,3.9682538481135947,-1.3761520867357198,15.38461661136392,-2.409636246977518,0.0,8.0,3.0,4.231927419731752
11-20,-0.47732652082105326,10.133847186911504,-0.5147106543338148,2.0507862294833714,15.731660513490581,8.912655759364007,5.4602847148212525,7.6335875639707975,-3.2710316608291996,17.021277675050193,-0.40816286810733116,0.0,7.0,4.0,5.189405661583359
11-21,-1.3285011530907298,10.01914895248584,-8.063244664616304,4.0975639506650925,13.220866858159782,7.6203250941370735,2.261189521887464,3.9682538481135947,-7.317073170731707,15.714288025486264,2.0408143405366377,0.0,8.0,3.0,3.519469300252751
11-22,0.3562942038884938,12.693499932858964,2.1561265618766243,3.902442190066961,14.345491701985791,6.4288821811133,1.166588877460818,6.45160694896353,-8.78048408322218,18.928570729129156,4.89796414865836,0.0,10.0,1.0,5.212248616064985
11-23,-0.8413453582266404,13.669955110656328,4.444440205891907,3.902442190066961,12.644585446509089,8.2469769429879,0.6100383107675325,3.2520371219660262,-10.243904299852343,18.928570729129156,6.1475447479417165,0.0,9.0,2.0,5.063445095653136
11-24,-0.8484840393066406,15.332510671800447,2.9629601372613044,5.03388394176115,12.74779757193538,7.447731501126633,2.78421575574466,2.4390259031121326,-10.243904299852343,15.901053759599929,6.1475447479417165,0.0,9.0,2.0,4.975361304260365
11-25,-2.0606040954589844,15.024633601005178,2.9629601372613044,5.03388394176115,12.74779757193538,3.3100973512110166,1.6705276832856057,2.4390259031121326,-9.75609756097561,15.901053759599929,6.1475447479417165,0.0,9.0,2.0,4.451735253389901
11-26,-3.0303001403808594,15.024633601005178,-3.4074041578504772,7.3654388830177275,12.583304441475477,2.3348047085125905,1.6705276832856057,3.2520371219660262,-9.223298948282428,9.160297007682901,9.090909947605397,0.0,8.0,3.0,3.7350791790030953
11-27,-3.0303001403808594,17.726733547432673,-5.041385269046496,6.6792102203922985,12.001042414357448,2.775335008551124,1.6705276832856057,6.299214194879192,-10.837442589273785,10.894940804004985,10.116731409218058,0.0,8.0,3.0,4.104550606951687
11-28,2.7186735945583904,17.581120759725653,-3.637715463500609,6.803355396051386,10.639965282809161,2.775335008551124,2.0899635939924828,4.800003051757798,-14.572862684026799,9.848484095900979,9.338522014431112,0.0,9.0,2.0,4.03207038752089
11-29,2.488149339299448,17.48375655517296,-0.44280398393732967,5.4054003609075325,10.639965282809161,6.783374698173576,2.4003654369422,6.250001396983854,-21.649488894462383,5.303034065949647,9.338522014431112,0.0,9.0,2.0,3.666689689355815
11-30,1.5550224599715592,16.127134832061408,-9.848486079985728,1.2115552533068703,6.3275929801929545,6.373629727206387,2.3118777934206656,3.125004423782163,-19.58763515015504,0.0,15.057910401926792,0.0,8.0,3.0,1.887800553477336
12-01,0.7185621971834171,12.910794594580514,-6.287878073608266,-0.8514656077362928,5.799438334604231,6.291246519906829,1.7418463612319226,-0.7812455180101764,-20.10309121246124,-2.713185028347802,18.518518191469717,0.0,6.0,5.0,1.2702950632344043
12-02,0.35928109859170854,10.035206198077324,-9.469693152044185,-0.8514656077362928,5.799438334604231,4.663438131499817,1.9205016386672467,3.125004423782163,-21.649488894462383,-2.713185028347802,18.518518191469717,0.0,7.0,4.0,0.8114629445084621
12-03,0.35928109859170854,10.211266571036175,-12.727271150951559,2.4702694439616453,4.121651444894836,2.160492788910348,2.5011142528270645,0.0,-20.40816286810735,-0.3787875024959612,18.27956980058637,0.0,7.0,4.0,0.5491186566044397
12-04,-1.1976036619723618,13.290771673348893,-10.222223069932706,3.7168106303460227,8.976875323327768,0.2645479062391829,3.7963309392231457,0.7751893856784726,-21.025642981896052,4.214555537052487,16.906476023280977,0.0,8.0,3.0,1.624673975391319
12-05,0.35377325667165227,13.491603510592784,-10.05917259935678,6.712564501512,11.289694403273923,0.22046359672124421,2.492067261738707,2.2900777251824924,-14.778325678569837,-19.272726232355293,15.10791656893363,0.0,8.0,3.0,0.6539946928620438
12-06,-1.318943599854719,13.940094862024866,-6.476867153441036,6.798622941846948,11.799295185713037,-1.5845097765472171,0.9208050732664985,8.208951187388609,-14.572862684026799,-19.272726232355293,9.352517738814159,0.0,6.0,5.0,0.6495314619024207
12-07,-0.835321411436855,8.949880800666504,-10.9467457186495,9.208259271225794,9.81643709855581,-0.47888817431356834,-2.8680706466613874,12.765958454160234,-12.060299821792292,-16.72727411443537,9.154929518344925,0.0,5.0,6.0,0.498238771305358
12-08,-0.4784684492220182,11.791912351490398,-4.1420078900326045,12.279226453032383,13.043476027328133,-3.9639600474053287,-2.559236959317537,12.056742673380331,-9.547736959557787,-10.740739138201622,7.857144012743132,0.0,5.0,6.0,2.1330293395197892
12-09,0.2375294692589959,11.849711627916221,-6.878696964871526,12.426532396370344,12.16478513973014,-6.858710299219993,-3.7142889840262274,4.9645442836965685,-12.69035483847856,-7.553958284466815,6.859207889124515,0.0,6.0,5.0,0.9005251195861385
12-10,-0.7125884077770035,12.138732816601738,-10.106378526588413,11.83432017059242,12.72657580243252,-0.5882314865279481,-4.8095248994373305,9.35251275350759,-15.624999379118309,-5.653713432654753,1.5209200962377005,0.0,5.0,6.0,0.8398021256056842
12-11,0.2375294692589959,12.142043394638053,-11.633275943889569,9.248557439698805,14.66410674357957,0.18099961464652245,-4.000000726609003,9.999997275216252,-12.69035483847856,0.34129659506540394,-3.053441435840466,0.0,7.0,4.0,1.2864547989405004
12-12,1.5384601059966703,12.442926512863812,-16.479101767555676,9.602645830461633,12.168906599367899,4.977377205803346,-8.669655194697835,9.35251275350759,-14.507778523806975,2.0134208857554183,-2.2900833518668735,0.0,7.0,4.0,0.8458025879857504
12-13,3.815033385077054,12.642372954535642,-8.564811825384448,13.245032406769235,10.441456403134316,5.916369887851632,-10.654492536857042,6.5693403727028645,-21.16402159118694,1.006710442877694,0.7633580839735752,0.0,8.0,3.0,1.1680289986244647
12-14,4.367820004173133,17.09354477715962,-8.715587751541163,13.990064813538506,8.361972086291964,5.7906507805346115,-13.063755473368529,10.791367202631646,-13.227513494491848,2.684561181007209,0.0,0.0,7.0,4.0,2.339427010494596
12-15,3.583819741669483,17.57575996412293,-9.0214087847182,12.405063382824009,7.4074076799480775,5.748667044679796,-14.165796634800465,9.35251275350759,-15.343913635252163,-3.8194406501674396,-0.7782093947869277,0.0,6.0,5.0,1.0787051222522246
12-16,3.121392454854326,13.55372141834223,-3.975531255088972,13.643925699567122,5.288082653981519,5.05542983688829,-21.491228758133026,5.755390352630376,-13.227513494491848,-4.181189155493115,-1.568625984353196,0.0,6.0,5.0,0.1644878140586419
12-17,4.277460671892196,13.663914147245734,3.2874640061778844,14.143924118765359,7.534251894411562,-0.1785755187881774,-18.804826470485818,9.35251275350759,-13.227513494491848,-4.5454587136116755,3.4883688694079753,0.0,7.0,4.0,1.5826268553358984
12-18,2.6589651680391997,11.019288653561658,3.0651312436757614,14.2378542807217,2.784132575718711,-1.3839262108109034,-17.489038235125268,8.029193015400589,-13.829789824375796,2.4221511806380205,5.405400429540081,0.0,8.0,3.0,1.4099468564153128
12-19,3.815033385077054,12.46612808621217,1.2490230142607812,14.36925468738992,3.2799341171794434,-3.3928582224310846,-16.831138888967338,9.999997275216252,-15.16854426217001,3.7800732051526267,5.791500460221516,0.0,8.0,3.0,1.613200238095111
12-20,2.8037357407371664,12.984913344606833,-7.342371166917168,13.7009178159209,3.1655222938290017,-2.4999976583889154,-11.337513821800615,8.148150973849813,-10.81081081081081,2.7491463836777497,5.791500460221516,0.0,7.0,4.0,1.446099462910456
12-21,4.477615739830209,12.405605722478116,-1.8867961195026657,11.528822983646576,2.707853177215871,-2.454258102657062,-14.446823337628473,12.765958454160234,-11.351353413349873,9.965642327079967,2.3166001840886064,0.0,7.0,4.0,2.1690723012801256
12-22,6.036448714617041,1.6222546467792673,-0.30188651541535416,11.194654547912066,3.077505605373028,0.17391702403192935,-16.42354927384217,9.929081803745737,-9.729725605732686,11.683853696204746,4.166671558461814,0.0,8.0,3.0,1.7857688501779518
12-23,1.168223225307137,1.7960626126392754,-1.660375834784448,11.490430879321416,1.9600315907360486,1.475695048079438,-17.637633917084685,11.347520128952986,-9.34065266113899,13.468016549299675,1.937982705226653,0.0,8.0,3.0,1.3337750272128754
12-24,1.4018678703685832,1.911937352551015,-3.6725400455662243,12.940217627532553,1.2790695095526654,2.9723943875515486,-18.011763784799665,3.0303001841674915,-8.743171847949913,11.986305955695935,0.0,0.0,7.0,4.0,0.4245514340919989
12-26,2.2222201773064807,-0.6539869937418098,-0.8935318083774931,11.028193768117873,1.3043475638634145,3.3970244712432707,-17.59061405543084,-3.225811165403894,-8.743171847949913,7.692300638503319,-1.1718739086063334,0.0,5.0,6.0,-0.5529085967063273
12-27,0.0,0.41176011735579876,-2.807286447868603,12.354892343335566,1.8577048518879937,5.762857581398196,-14.30051988593859,3.7593984423271913,-5.434782721369841,9.790209148954848,-5.46875422005551,0.0,6.0,5.0,0.49378993416892064
12-28,3.352606098261912,-0.8308597229443169,0.8264401521694551,9.36981461828533,2.5730988585875343,7.901137515506868,-15.739769591077849,7.24637671143937,-6.521743412053967,7.692300638503319,-13.41463083694226,0.0,7.0,4.0,0.20456425247794977
12-29,2.9069740847034153,0.6414029722441572,-1.4275021914447887,6.3018241630944525,0.7939688713743485,6.306680429557565,-21.289276815194665,6.521743186705447,-5.978263066711904,8.741259061886213,-14.344258050193382,0.0,7.0,4.0,-0.9021206128315952
12-30,1.0501740650430234,-0.46647185575040895,-1.5777650143524051,6.995889546152332,-4.648243925298065,7.804878237889028,-20.272475400660138,5.072462315870914,-12.154689553725742,10.616444284192326,-13.41463083694226,0.0,5.0,6.0,-1.7495356781317828
12-31,2.6837781662210993,-0.6997077836256057,-6.278365408025796,8.502027503811986,-4.378067395428902,5.99917566554592,-18.365116413228353,0.7407435664424058,-11.538452670822451,10.309284600904926,-14.403287860795755,0.0,5.0,6.0,-2.2856656690833774
