,2009,2010,2011,2012,2013,2014,2015,2016,2017,2018,2019,2020,ups,downs,end_day_sum,avg
01-02,-1.8899998664855966,2.739999771118164,-1.830000877380371,1.3000001907348633,-0.5500001907348633,-1.0299987792968608,0.04000091552734375,-6.120000839233398,0.2999992370605469,0.5,1.75,-3.8499984741210938,6.0,6.0,02-01,-0.7199999094009387
01-03,-2.0399999618530273,2.09999942779541,-1.7400007247924787,1.3900003433227521,-0.6500005722045898,-1.1300010681152273,0.75,-5.190000534057614,0.75,0.5499992370605469,2.700000762939453,-3.3699989318847656,6.0,6.0,02-02,-0.4900001684824617
01-04,-2.1700000762939453,2.1899995803833026,-0.930000305175783,1.739999771118164,-0.48999977111816406,-0.7799987792968679,0.05999755859375,-5.030000686645511,-0.04000091552734375,0.34999847412109375,1.5799999237060582,-4.360000610351555,5.0,7.0,02-03,-0.6566671530405669
01-05,-1.869999885559082,2.119999885559084,-1.079999923706053,1.5100002288818342,-0.5100002288818359,-1.1899986267089773,0.3999977111816406,-5.479999542236328,0.9000015258789062,-0.40000152587890625,1.360000610351559,-6.630001068115227,5.0,7.0,02-04,-0.9058334032694488
01-06,-2.3900003433227512,1.75,-0.8000001907348633,1.4700002670288086,-0.2700004577636719,-3.3299980163574148,2.3600006103515696,-5.040000915527344,1.2000007629394531,-0.20000076293945312,1.9200000762939453,-5.630001068115227,5.0,7.0,02-05,-0.746666669845579
01-07,-1.7899999618530273,1.6599998474121094,-0.680000305175783,1.3999996185302752,0.5500001907348615,-3.909999847412113,2.160003662109375,-3.560001373291012,1.0999984741210938,-0.9500007629394531,2.130001068115231,-5.1399993896484375,6.0,6.0,02-06,-0.5858332316080733
01-08,-1.9400000572204608,-0.6099996566772479,-0.9899997711181623,1.8099994659423828,1.510000228881836,-4.949998855590817,1.1500015258789062,-2.620000839233395,1.8499984741210938,-2.1500015258789062,1.9600009918212855,-5.159999847412102,5.0,7.0,02-07,-0.8449999888737989
01-09,-1.2399997711181667,-1.8599996566772443,-0.9899997711181623,1.489999771118164,2.059999465942383,-4.249998092651364,1.3500022888183594,-1.7900009155273509,1.2000007629394531,-1.5999984741210938,1.6399993896484375,-4.840000152587898,5.0,7.0,02-08,-0.7358329296112069
01-10,-0.7699999809265128,-1.1700000762939435,-0.8000001907348633,0.8099994659423828,2.0799999237060547,-4.089998245239261,2.1100006103515625,-2.2600002288818395,0.8000030517578125,-1.4500007629394531,1.5300006866455078,-4.630001068115234,5.0,7.0,02-09,-0.6533330678939823
01-11,-0.43000030517578036,-1.809999465942381,-0.4699993133544922,0.5799999237060565,2.0900001525878906,-2.2399997711181747,2.049999237060547,-2.110000610351566,0.20000076293945312,-1.7999992370605469,1.1900005340576172,-5.190002441406257,5.0,7.0,02-10,-0.6616667111714695
01-12,-0.760000228881835,-1.2899999618530273,-0.3000001907348615,0.26000022888183594,1.4700002670288086,-1.6000003814697301,1.7299995422363281,-2.0200004577636683,-0.20000076293945312,-2.4000015258789062,1.0399990081787074,-5.8100013732910085,4.0,8.0,02-11,-0.8233338197072341
01-13,-1.1399998664855948,-1.1200008392333984,-0.5900001525878888,0.4400005340576154,1.510000228881836,-2.309999465942383,2.0699996948242116,-0.1900005340576172,-0.15000152587890625,-4.099998474121094,0.9099998474121094,-5.920001983642578,4.0,8.0,02-12,-0.8825002113978074
01-14,-1.0799999237060547,-0.9200000762939471,-0.6800003051757795,0.15000057220458984,1.5700006484985352,-3.6700019836425746,2.4300003051757812,-0.1399993896484375,1.8500022888183594,-3.75,1.3500003814697301,-4.979999542236335,5.0,7.0,02-13,-0.6558330853780111
01-15,-1.1199998855590847,-0.5900001525878906,-0.560000419616701,0.030000686645507812,1.9600000381469744,-3.570001602172855,3.029998779296875,0.6999988555908203,1.75,-3.549999237060547,2.409999847412113,-4.099998474121101,6.0,6.0,02-14,-0.3008334636688241
01-16,-1.1599998474121085,-0.6300001144409197,-0.36999988555908025,0.15999984741210938,2.550000190734865,-3.4800014495849645,2.3100013732910085,0.9400005340576136,2.25,-3.299999237060547,2.3199996948242223,-4.520000457763672,6.0,6.0,02-15,-0.24416661262512274
01-17,-0.25,0.07999992370605113,-0.3299999237060547,0.0,2.520000457763672,-3.0199985504150355,3.3600006103515625,0.820001602172848,2.1500015258789062,-3.8000030517578125,1.9500007629394531,-4.6899986267089915,6.0,6.0,02-16,-0.1008329391479501
01-18,0.23000001907348633,0.780000686645506,-0.4499998092651385,-0.5999994277954102,2.5,-2.9499988555908168,3.950000762939453,1.3800010681152308,1.7000007629394531,-3.450000762939453,1.5100002288818324,-3.8999977111816477,7.0,5.0,02-17,0.058333913485207965
01-19,-0.25,1.1000003814697248,0.21999931335449396,-0.6799993515014648,2.2900009155273438,-2.859998703002926,4.170001983642578,1.980001449584961,1.7000007629394531,-3.700000762939453,2.0699996948242223,-3.8400001525878977,7.0,5.0,02-18,0.1833337942759196
01-20,-0.5799999237060547,1.2100000381469709,0.5900001525878924,-0.8799991607666016,2.260000228881836,-3.299999237060547,3.400001525878899,1.9200000762939453,1.5,-3.25,2.119998931884769,-4.079998016357422,7.0,5.0,02-19,0.07583371798197398
01-21,-0.6800003051757812,1.25,0.5,-0.8599996566772443,2.2100000381469727,-1.5900001525878835,4.069999694824219,2.0900001525878906,1.5,-1.5499992370605469,2.7899990081787145,-4.029998779296875,7.0,5.0,02-20,0.4750000635782888
01-22,-0.3600001335144043,1.2399997711181623,0.17000007629394887,-0.5799999237060529,2.510000228881836,-1.270000457763679,3.0699996948242188,1.5300006866455078,1.2999992370605469,-1.5,2.869998931884769,-3.6300010681152415,7.0,5.0,02-21,0.44583308696746765
01-23,-0.3299999237060547,1.6500005722045863,0.13000011444091975,-0.600000381469723,2.789999961853029,-0.3800010681152486,2.7800025939941406,1.9899997711181605,1.25,-1.6500015258789062,3.4599990844726527,-3.6499977111816477,7.0,5.0,02-22,0.620000123977659
01-24,-0.5100002288818368,1.27000045776367,0.19000053405762074,-0.5099992752075213,2.7100000381469744,0.8499984741210866,2.5,1.9799995422363281,0.8500022888183594,-1.7999992370605469,3.1100006103515625,-2.8600006103515696,8.0,4.0,02-23,0.6483335494995105
01-25,-0.570000171661377,1.1000003814697248,0.15999984741210938,-0.5300006866455078,2.810000419616701,1.0099983215332102,2.6100006103515625,2.860000610351559,0.20000076293945312,-1.5999984741210938,2.64999961853027,-1.5799980163574148,8.0,4.0,02-24,0.7600002686182664
01-26,-1.1500000953674316,0.4499998092651385,-1.0500001907348615,-0.5,2.6000003814697283,0.4199981689453267,2.5900001525878906,1.639999389648441,0.09999847412109375,-1.5999984741210938,2.7600002288818395,-1.8400001525878906,7.0,5.0,02-25,0.3683331410090151
01-27,-0.4200000762939453,0.2700004577636719,-1.0199995040893555,-0.4400005340576172,2.6599998474121076,0.8199996948242259,2.5199966430664062,2.5199985504150426,0.09999847412109375,-1.25,2.8800010681152415,-2.759998321533203,7.0,5.0,02-26,0.4899996916453057
01-28,-1.1399998664855961,1.119999885559082,-0.34999942779541016,-0.039999961853027344,2.5399999618530273,-0.17000198364258523,3.1399993896484304,2.680000305175785,0.3500022888183594,-0.75,3.4600009918212926,-3.6899986267089844,6.0,6.0,02-27,0.5958335796991978
01-29,-0.8299999237060551,1.760000228881836,-0.28999996185302734,-0.10000038146972656,2.7100000381469727,0.420001983642571,2.5799980163574148,1.75,0.6000022888183594,-0.34999847412109375,3.119998931884762,-3.6000022888183594,7.0,5.0,02-28,0.6475000381469712
01-30,-0.6999998092651372,1.850000381469723,0.030000686645506036,-0.1400003433227539,3.0500001907348633,-0.2599983215332031,3.2700004577636648,1.6900005340576207,0.7000007629394531,-0.6500015258789062,2.7299995422363317,-3.0600013732910156,7.0,5.0,02-29,0.7091667652130123
01-31,-1.2500000000000004,1.3599996566772443,-0.11999988555908558,-0.3200006484985334,3.130000114440918,0.15000152587890625,2.9800033569335938,2.180000305175785,-0.5499992370605469,-1.3999977111816406,2.639999389648441,-0.7900009155273438,6.0,6.0,03-01,0.6675004959106449
02-01,-1.3700001239776611,1.9099998474121076,-0.6999998092651349,-1.0600004196166992,2.890000343322754,2.3699989318847727,2.3800010681152344,2.35000038146973,1.0999984741210938,-1.75,2.0799999237060547,-2.64999961853027,7.0,5.0,03-02,0.6291665832201652
02-02,-1.8300001621246338,1.9300003051757795,-0.2200002670288086,-1.1300001144409197,2.429999351501465,2.3800010681152344,2.6100006103515696,4.309999465942379,2.049999237060547,-1.0,1.5399990081787145,-3.0900001525878906,7.0,5.0,03-03,0.8316665291786197
02-03,-1.869999885559082,2.3000001907348633,0.009999275207517755,-1.5399999618530273,2.72999954223633,1.9799995422363281,1.4600028991699148,3.4600009918212855,1.2999992370605469,-1.75,2.0599994659423793,-3.6299991607666016,8.0,4.0,03-04,0.5425001780192046
02-04,-1.380000114440918,2.510000228881836,0.009999275207517755,-1.010000228881836,2.6999998092651385,3.409999847412113,1.8999977111816406,3.0500011444091832,2.8999977111816406,0.5999984741210938,2.119998931884769,-4.829999923706058,9.0,3.0,03-05,0.9983327388763433
02-05,-1.510000228881836,1.8200006484985352,0.7300004959106445,-1.4600000381469727,1.869999885559082,4.350000381469723,1.6199989318847656,3.520000457763672,3.0999984741210938,0.6500015258789062,2.0599994659423793,-4.369998931884766,9.0,3.0,03-06,1.0316667556762689
02-06,-1.8499999046325684,0.9700002670288086,0.880000114440918,-1.390000343322754,1.5399999618530273,4.190000534057628,1.6800003051757812,2.8299999237060547,2.6499977111816406,0.25,1.2899990081787074,-4.259998321533196,9.0,3.0,03-07,0.7316666046778373
02-07,-1.8499999046325684,0.3000001907348633,0.39999961853027344,-1.3199996948242188,2.1999998092651367,3.5500011444091832,4.760002136230469,3.010000228881836,2.049999237060547,1.0499992370605469,1.75,-3.6399993896484446,9.0,3.0,03-08,1.021666884422302
02-08,-1.9200000762939453,-0.5200004577636701,0.33999919891357244,-1.140000343322754,2.1599998474121094,3.8700008392334055,4.459999084472649,3.3700008392333984,2.5,2.6499977111816406,1.879999160766598,-2.909997940063473,8.0,4.0,03-09,1.2283331553141277
02-09,-2.180000066757202,-0.9200000762939435,0.10000038146972479,-1.0200004577636719,2.0799999237060547,3.299997329711907,6.130001068115234,2.7700004577636683,1.6499977111816406,2.299999237060547,3.1899986267089773,-2.9499988555908203,8.0,4.0,03-10,1.2041662732760097
02-10,-1.2000000476837158,-1.2899999618530273,0.060000419616700995,-0.9000005722045898,2.0799999237060547,3.1099987030029297,5.450000762939453,2.1300010681152344,1.75,2.25,3.1099987030029297,-7.059999465942383,8.0,4.0,03-11,0.7908332943916321
02-11,-1.339999914169312,-1.9999999999999982,-0.13000011444091975,-0.9299993515014648,1.9799995422363281,2.830001831054684,5.729999542236328,2.25,0.5,2.799999237060547,4.019998550415039,-5.480001449584954,7.0,5.0,03-12,0.8524998227755232
02-12,-1.8199999332427983,-2.700000762939453,-0.630000114440918,-0.9299993515014648,1.610000610351559,4.14999961853027,5.1399993896484375,1.6900005340576172,0.5499992370605469,3.049999237060547,3.4200000762939453,-6.610000610351555,7.0,5.0,03-13,0.5766664942105612
02-13,-1.339999914169312,-3.0799999237060547,-0.6199998855590838,-0.9299993515014648,1.2699995040893555,4.059999465942379,4.9199981689453125,0.5900001525878871,1.1500015258789062,3.0,3.9599990844726562,-6.669998168945305,7.0,5.0,03-14,0.5258333881696063
02-14,-1.1800000667572021,-3.0,-0.5799999237060547,-0.7299995422363281,1.3000001907348633,4.5,6.1899986267089915,1.519998550415039,1.8999977111816406,2.3500022888183594,3.9099998474121094,-6.430000305175781,7.0,5.0,03-15,0.8124997814496364
02-15,-1.6800000667572021,-3.100000381469725,-0.44999980926513494,-0.6400003433227539,1.3500003814697266,-1.5599994659423864,5.6599998474121165,1.1700000762939382,2.5999984741210938,0.6500015258789062,3.239999771118164,-8.689998626708984,6.0,6.0,03-16,-0.12083321809768677
02-16,-1.72000002861023,-3.239999771118164,-0.75,-0.9200000762939453,1.010000228881836,-2.489999771118171,5.86000061035157,0.8199996948242188,2.799999237060547,0.6000022888183594,2.04000091552734,-6.350000381469727,6.0,6.0,03-17,-0.19499975442886383
02-17,-1.2599999904632573,-3.029999732971188,-0.7100000381469709,-0.8999996185302752,0.7700004577636719,-2.3899993896484446,6.649997711181655,0.5,2.8499984741210938,0.6500015258789062,1.8600006103515625,-10.0,6.0,6.0,03-18,-0.41749999920527053
02-18,-1.1299998760223389,-3.8900003433227504,-0.7700004577636719,-0.8500003814697266,1.1199998855590803,-1.1199989318847727,6.629997253417969,0.5799999237060582,2.799999237060547,1.1500015258789062,1.8600006103515625,-7.199998855590817,6.0,6.0,03-19,-0.06833336750666286
02-19,-0.99999976158142,-3.510000228881834,-0.5,-0.7700004577636719,0.7399997711181641,-2.259998321533196,6.599998474121094,0.5900001525878906,3.5999984741210938,0.5500030517578125,1.5,-8.550001144409173,6.0,6.0,03-20,-0.25083333253860335
02-20,-0.9399998188018799,-3.380000114440918,-0.10999965667724432,-0.5,0.939999580383299,-2.2099990844726562,6.489997863769531,0.4799995422363317,2.75,0.8000030517578125,0.7800006866455078,-8.430002212524421,6.0,6.0,03-21,-0.27750001351038645
02-21,-0.039999961853027344,-3.4200000762939453,0.21000003814697266,-0.6500005722045898,1.0999994277954084,-1.6199989318847727,6.180000305175781,0.5900001525878942,0.7999992370605469,0.75,0.8800010681152308,-8.170000076293945,7.0,5.0,03-22,-0.28249994913737053
02-22,0.05000019073486328,-3.270000457763672,0.05000019073486506,-0.36999988555908203,1.0399999618530291,-1.7099990844726562,6.409999847412109,1.3299999237060618,1.25,0.9000015258789062,0.7600002288818288,-8.810001373291016,8.0,4.0,03-23,-0.19749991099039685
02-23,0.5,-2.2799997329711914,0.5599994659423828,-0.5600004196166992,0.880000114440918,-1.2600021362304759,6.770000457763672,1.220001220703125,1.5999984741210938,0.40000152587890625,0.8400001525878906,-9.780000686645508,8.0,4.0,03-24,-0.0925001303354905
02-24,-0.4199998378753662,-2.6700000762939435,0.4099998474121076,-0.5,0.8000001907348633,-1.9799995422363281,7.670001983642578,0.720001220703125,1.3499984741210938,-0.7000007629394531,-1.0799999237060511,-10.030000686645508,5.0,7.0,03-25,-0.5358332594235735
02-25,0.1300001144409184,-2.850000381469723,0.08999919891357422,-0.5699996948242188,0.6400003433227521,-1.6099987030029226,5.920001983642585,0.620000839233402,1.5499992370605469,-2.299999237060547,-1.5500011444091797,-7.0,6.0,6.0,03-26,-0.5774997870127344
02-26,0.3800001144409184,-2.3599996566772443,0.11999988555908558,-0.34999942779541016,0.17999935150146484,-3.6000022888183594,5.869998931884766,0.13000106811523793,2.200000762939453,-1.0,-0.7699985504150426,-6.209999084472656,6.0,6.0,03-27,-0.45083324114481566
02-27,0.5000002384185791,-2.8899993896484375,0.32000064849853693,-0.05999946594238281,-0.010000228881835938,-3.6800003051757884,6.470001220703125,-0.8899993896484375,1.9500007629394531,-1.75,-0.7099990844726598,-5.35000038146973,4.0,8.0,03-28,-0.5083329478899649
02-28,1.240000009536744,-2.869999885559082,0.310000419616701,-0.2199993133544922,-0.36999988555908025,-3.69000244140625,5.58000183105468,-0.9699993133544886,3.049999237060547,-0.8500022888183594,-0.3799991607666051,-4.909999847412109,4.0,8.0,03-29,-0.3400000532468162
02-29,0.0,0.0,0.0,0.09000015258789062,0.0,0.0,0.0,-1.3400001525878906,0.0,0.0,0.0,-2.280000686645508,1.0,2.0,03-30,-0.29416672388712567
03-01,1.0400002002716064,-2.8299999237060547,0.5500001907348633,-0.11999988555908203,-0.6700000762939453,-3.2900009155273438,6.880001068115227,-1.4300003051757812,1.8500022888183594,1.0999984741210938,-0.8999996185302699,-4.329999923706055,5.0,7.0,03-31,-0.17916653553644846
03-02,0.5099999904632568,-2.820000648498535,0.37000083923339844,0.3299999237060547,-0.3400001525878906,-3.1800003051757812,7.83000183105468,0.7299995422363281,0.9000015258789062,-1.25,-0.5799999237060547,-3.8299999237060547,6.0,6.0,04-01,-0.11083310842514098
03-03,0.48000001907348633,-2.820000648498535,-0.5399999618530273,0.30000019073486506,-0.5,-2.8400001525878906,7.709999084472656,1.2700004577636719,0.7000007629394531,-1.1500015258789062,0.1400012969970703,-2.64999961853027,6.0,6.0,04-02,0.008333325386047807
03-04,0.19000005722045898,-1.330000877380371,-0.6899995803833008,0.30000019073486506,-0.7899999618530273,-4.030000686645508,6.810001373291016,1.0900001525878906,1.6000022888183523,-0.8000030517578125,0.5799999237060476,-4.200000762939453,6.0,6.0,04-03,-0.10583341121673688
03-05,0.5199999809265137,-0.6600008010864258,-0.14999961853027344,0.43000030517578125,-0.8199996948242188,-3.470001220703125,4.049999237060547,0.7199993133544922,1.5499992370605469,-1.25,0.5699996948242223,-4.820001602172855,6.0,6.0,04-04,-0.2775004307428996
03-06,0.5900001525878906,-0.13000011444091975,-0.1699991226196289,0.43999958038330256,-0.7200002670288086,-3.0800018310546946,4.3500022888183665,-0.5900001525878906,-0.3999977111816406,-0.9000015258789062,1.75,-4.780000686645508,4.0,8.0,04-05,-0.3033332824707031
03-07,1.5400002002716064,-0.03999996185302912,-0.029999732971193183,0.40999984741211115,-0.7000007629394531,-2.509998321533196,2.6300010681152344,-0.9700012207031214,0.6499977111816406,-1.5999984741210938,0.0,0.24000167846679688,5.0,7.0,04-06,-0.03166649738947477
03-08,1.4700000286102295,0.26000022888183416,0.010000228881837714,0.3099994659423846,-0.7000007629394531,-2.6800003051757777,2.549999237060547,-0.5699996948242188,-0.2999992370605469,-1.75,0.07999992370604758,-1.1499996185302734,6.0,6.0,04-07,-0.2058333754539491
03-09,1.5400002002716064,0.14000034332275035,0.3299999237060547,0.3099994659423846,-0.5799999237060547,-4.020000457763672,2.4500007629394602,0.03999900817871094,0.4500007629394531,-2.299999237060547,-0.6299991607666051,0.9400005340576172,8.0,4.0,04-08,-0.11083314816157008
03-10,0.740000009536744,0.31000041961669744,0.7899999618530273,0.05000019073486328,-0.6099996566772443,-5.459999084472656,2.529998779296875,0.5399990081787109,0.40000152587890625,-2.450000762939453,-0.4699993133544993,-1.8399982452392578,7.0,5.0,04-09,-0.45583309729894056
03-11,0.8999998569488539,0.36999988555908025,0.7799997329711932,-0.1100006103515625,-0.3100004196166992,-5.330001831054684,2.549999237060554,-0.38999938964844105,0.34999847412109375,-3.049999237060547,-0.04999923706055043,-1.2099990844726562,5.0,7.0,04-10,-0.45833355188369707
03-12,1.0699999332427987,0.28999996185302557,0.6099996566772461,-0.3000001907348633,-0.07999992370605291,-5.110000610351559,2.049999237060554,-0.6200008392333984,0.3999977111816406,-3.549999237060547,-1.1199989318847656,1.0,6.0,6.0,04-11,-0.44666693607966007
03-13,1.5699999332427987,0.4099998474121076,0.4699993133544922,-0.4200000762939471,-0.06999969482422053,-0.7600002288818359,2.579998016357429,0.14999961853028054,-0.25,-3.6500015258789062,-1.2999992370605469,-1.3399982452392578,5.0,7.0,04-12,-0.21750018994013387
03-14,1.790000200271607,0.44000053405761363,0.3000001907348633,-0.3599996566772443,-0.029999732971193183,0.17000007629394887,2.3499984741210938,0.0699996948242223,-0.5499992370605469,-2.299999237060547,-0.1800003051757777,2.729999542236328,7.0,5.0,04-13,0.36916671196619727
03-15,2.3700001239776634,1.2600002288818342,-0.3100004196166992,-0.3599996566772443,0.21000003814697088,-1.2600002288818395,2.1499977111816406,0.8299999237060511,-1.5,-2.0999984741210938,0.0,4.520000457763672,6.0,6.0,04-14,0.4841666420300796
03-16,2.100000143051148,1.119999885559082,0.06000041961669744,-0.439999580383299,0.15000057220459162,-2.6099987030029297,1.4899978637695312,1.4300003051757812,-1.9500007629394531,-2.5999984741210938,-0.3800010681152308,3.600000381469723,7.0,5.0,04-15,0.16416674852371235
03-17,1.4900000095367436,1.1599998474121076,0.09000015258789062,-0.7400007247924805,0.15000057220459162,-2.309999465942383,0.40000152587889914,0.6599998474121094,-2.75,-2.0500030517578125,-0.3199996948242223,1.6999988555908168,7.0,5.0,04-16,-0.2100001772244783
03-18,1.6699998378753653,1.1999998092651367,-0.30000019073486506,-0.7600002288818359,-0.7899999618530238,-3.8099994659423935,0.17000198364257812,0.5499992370605469,-3.0,-1.9500007629394531,-0.6399993896484375,2.0799999237060547,5.0,7.0,04-17,-0.46499993403752726
03-19,1.3499999046325675,1.239999771118164,-0.5100002288818377,-0.5800008773803729,0.06000041961669922,-4.0599994659423935,0.5,-1.0799999237060618,-3.1500015258789062,-1.2000007629394531,0.1700000762939453,3.6399993896484375,6.0,6.0,04-18,-0.3016669352849343
03-20,1.2599997520446768,0.8700008392333984,-0.48999977111816584,-0.3400001525878906,-0.439999580383299,-4.370000839233409,0.2700004577636719,-0.5600013732910227,-2.549999237060547,-1.1500015258789062,0.6299991607666051,4.60999870300293,5.0,7.0,04-19,-0.18833363056182986
03-21,1.4600000381469727,1.170000076293947,-0.4499998092651367,-0.7299995422363281,-0.1599998474121076,-4.8199977874755895,-0.5600013732910085,-0.2600002288818395,-0.9000015258789062,-0.6500015258789062,-0.030000686645507812,3.679998397827152,3.0,9.0,04-20,-0.1875003178914382
03-22,1.7699999809265137,0.9600000381469727,-0.3400001525878924,-0.619999885559082,-0.07999992370605291,-3.3700008392333984,-2.1800003051757812,0.9799995422363281,-0.5499992370605469,0.049999237060546875,1.889999389648434,4.809999465942383,6.0,6.0,04-21,0.276666442553202
03-23,1.260000228881835,0.75,-0.22999954223632812,-0.8400001525878906,0.0900001525878924,-2.850000381469737,-1.549999237060554,2.369998931884769,-0.8499984741210938,1.6499977111816406,2.1200008392333984,4.179998397827152,7.0,5.0,04-22,0.508333206176757
03-24,2.0999996662139893,1.1599998474121076,-0.10999965667724787,-1.2300004959106428,0.22999954223632812,-2.7600002288818324,-3.020000457763672,2.4499988555908203,-1.5,-0.25,2.270000457763672,1.0200004577636719,6.0,6.0,04-23,0.02999983231226618
03-25,1.7799997329711914,1.1399993896484375,-0.3100004196166992,-1.1199998855590803,0.2799997329711932,-1.4200000762939453,-0.7099990844726562,2.8199996948242223,-0.25,0.0,1.810001373291005,0.9200000762939453,6.0,6.0,04-24,0.4116667111714678
03-26,1.4999999999999991,1.119999885559082,-0.060000419616700995,-1.3500003814697266,0.9499998092651367,-0.08999824523925781,-0.049999237060546875,2.1100006103515625,-0.5,0.0,1.8499984741210973,-1.1700000762939453,5.0,7.0,04-25,0.359166701634725
03-27,1.6999998092651367,1.2300004959106463,0.029999732971191406,-1.0600004196166992,0.9399995803833008,-0.08999824523925781,-1.3499984741210938,3.9700012207031214,0.5499992370605469,1.8000030517578125,2.1399993896484375,0.8799991607666016,9.0,3.0,04-26,0.895000378290812
03-28,1.760000228881835,1.5799999237060547,-0.10000038146972656,-0.7299995422363281,1.0999994277954102,-0.1999988555908203,-2.3400001525878906,3.4600009918212784,0.3500022888183594,1.75,1.7600002288818324,1.0,8.0,4.0,04-27,0.7825003465016671
03-29,1.9600000381469727,1.52000045776367,0.1700000762939453,-0.7699995040893572,1.3899993896484375,-1.0900001525878906,-2.8100013732910156,3.5699996948242188,-0.5499992370605469,1.4000015258789062,1.0399990081787074,1.7399997711181676,8.0,4.0,04-28,0.630833307902018
03-30,1.990000247955324,1.1300001144409197,0.12999916076660156,-0.7699995040893572,1.5999994277954102,-2.6399993896484375,-1.8300018310546804,2.1599998474121094,-0.9999999999999929,1.8499984741210938,-0.4799995422363246,3.229999542236328,7.0,5.0,04-29,0.44749971230824953
03-31,2.380000114440918,1.4800004959106445,0.06999969482421875,-0.8999996185302734,1.4600000381469744,-3.450000762939453,-2.5,2.1700000762939453,-0.9499969482421875,1.6499977111816406,0.1100006103515625,3.4099998474121094,8.0,4.0,04-30,0.4108334382375083
04-01,2.1300001144409197,1.390000343322754,0.08999919891357422,-0.7799997329711914,1.7699995040893537,-2.9799995422363246,-2.4000015258789062,3.479999542236328,0.7999992370605469,1.8999977111816406,0.2200012207031179,5.130001068115234,9.0,3.0,05-01,0.8958330949147539
04-02,1.4400000572204608,1.0900001525878906,0.1700000762939471,-0.9600000381469709,1.619999885559082,-3.9200000762939453,-2.3199996948242188,2.850000381469723,0.8999977111816406,1.25,0.36000061035156605,4.219999313354492,9.0,3.0,05-02,0.5583331982294722
04-03,1.5100002288818377,1.5100002288818377,0.15999984741210938,-0.8999996185302752,0.6800003051757812,-3.5599994659423864,-2.220001220703132,2.1800003051757777,1.0,1.3499984741210938,-0.30999946594237926,5.6100006103515625,8.0,4.0,05-03,0.5841666857401523
04-04,1.369999885559082,0.8100004196166992,0.060000419616700995,-0.7100000381469709,0.6599998474121094,-2.219999313354492,-4.3500022888183665,2.5,-0.09999847412109375,1.0499992370605469,-0.5100002288818359,2.950000762939453,7.0,5.0,05-04,0.12583335240681937
04-05,1.549999713897706,1.1800003051757795,-0.2600002288818377,-0.5499992370605451,0.689999580383299,-0.29000091552734375,-3.220001220703132,2.5699996948242188,-4.0,0.9500007629394531,-0.6700000762939418,1.4600009918212926,6.0,6.0,05-05,-0.04916671911875429
04-06,1.8899998664855957,0.8599996566772496,-0.7700004577636719,-0.3599996566772443,0.9300003051757812,0.6800003051757777,-1.5900001525878906,1.8299999237060547,-4.549999237060547,1.5499992370605469,-1.3400001525878906,1.1700000762939453,7.0,5.0,05-06,0.02499997615814224
04-07,2.749999999999999,0.5799999237060565,-0.6400003433227539,-0.46000003814697266,1.2899999618530273,0.3699989318847692,-2.1599998474121094,2.409999847412113,-4.599998474121094,1.5999984741210938,-0.21999931335448863,1.8899993896484375,7.0,5.0,05-07,0.2341665426890065
04-08,1.619999885559082,0.5600004196166992,-0.5,-0.569999694824217,1.830000877380371,-0.12999916076660156,-2.349998474121101,1.639999389648434,-2.6000022888183594,2.299999237060547,-0.610000610351559,1.1400012969970739,6.0,6.0,05-08,0.19416673978169743
04-09,1.0399999618530256,0.5299997329711932,-0.4400005340576172,-0.6499996185302717,1.6399993896484375,-2.5,-2.3199996948242188,0.9399986267089844,-2.700000762939453,2.5,-0.470001220703125,-0.6499996185302699,5.0,7.0,05-09,-0.25666697820027623
04-10,1.309999942779541,-0.23999977111816406,-0.28000068664550604,-0.6400003433227512,1.1899995803833026,-1.1700000762939382,-2.1199989318847656,1.2899990081787145,-2.1000022888183594,2.75,-1.2100009918212926,0.270000457763679,5.0,7.0,05-10,-0.07916700839996167
04-11,0.8199996948242214,-0.7899999618530273,-0.23000049591064453,-0.8400006294250506,0.8999996185302734,0.179998397827152,-1.4399986267089844,1.2600002288818395,-2.200000762939453,2.549999237060547,-0.8299999237060618,0.3199996948242223,6.0,6.0,05-11,-0.025000294049580523
04-12,1.1999998092651367,-0.21000003814697088,0.680000305175783,-0.809999942779541,0.8999996185302734,-0.12000083923339488,-0.7099990844726562,1.1100006103515625,-0.5499992370605469,2.6000022888183594,-0.8900012969970703,1.8899993896484375,6.0,6.0,05-12,0.4241667985916144
04-13,0.8999996185302734,0.3000001907348633,0.4099998474121094,-0.7900004386901855,1.6500005722045863,0.03999900817871094,0.279998779296875,0.15999984741210938,-0.3999977111816406,2.5,-1.0800018310546875,1.149999618530277,9.0,3.0,05-13,0.42666645844777423
04-14,0.880000114440918,0.4499998092651367,0.30000019073486506,-1.0899996757507324,1.5700006484985352,1.75,0.2200012207031179,1.0499992370605504,-1.0,2.5999984741210938,-0.7300014495849574,-0.42000007629394176,8.0,4.0,05-14,0.4649998744328821
04-15,0.5799999237060556,0.6699991226196289,0.2799997329711932,-1.2899994850158674,1.6700000762939435,1.2299995422363388,0.4900016784667969,0.5300006866455114,-0.8000030517578125,2.700000762939453,-2.0,-0.9499988555908168,8.0,4.0,05-15,0.2591666777928687
04-16,-0.07000017166137695,0.36999988555908025,0.5,-1.4699997901916486,1.5500001907348633,-0.35000038146972656,0.9600028991699148,-0.39999961853027344,-1.4000015258789062,2.049999237060547,-2.0399990081787145,0.23000144958496094,6.0,6.0,05-16,-0.005833069483440016
04-17,-0.38000011444091797,0.6100006103515607,0.23999977111816406,-1.5799999237060538,1.8599996566772443,-0.8700008392333878,2.5800018310546875,-0.9300003051757812,-1.5,1.5499992370605469,-1.4200000762939489,-0.8999996185302699,5.0,7.0,05-17,-0.06166664759317967
04-18,0.46000003814697443,0.21000003814697443,0.1399993896484375,-1.450000286102295,1.8499994277954102,-0.9600009918212926,2.7899971008300852,-0.6700000762939418,-1.8499984741210938,1.6000022888183594,-1.5699996948242223,-0.25,6.0,6.0,05-18,0.02499989668528298
04-19,0.2999997138977051,-0.049999237060546875,-0.06000041961669922,-1.3499999046325701,1.7100000381469744,-0.970001220703125,2.340000152587905,-1.3400001525878942,-4.75,2.200000762939453,-1.1100006103515554,0.09000015258789062,5.0,7.0,05-19,-0.24916672706603857
04-20,0.730000019073489,-0.26000022888183594,0.0,-1.4600005149841326,1.449999809265135,-0.2600002288818395,3.2199974060058665,-2.0299987792968786,-5.75,1.9500007629394531,-1.3299999237060476,2.2700004577636683,5.0,7.0,05-20,-0.1225001017252602
04-21,-0.31999969482421875,-0.5,-0.0900001525878924,-1.239999771118165,1.800000190734865,0.529998779296875,3.549999237060547,-1.3199996948242188,-5.5,2.5,-1.9800014495849503,2.399999618530263,5.0,7.0,05-21,-0.014166911443074618
04-22,-0.40000009536743164,-0.6500005722045916,0.03999996185302557,-1.150000095367429,1.699999809265135,-1.399999618530277,2.6699981689453125,-3.1800003051757777,-6.25,2.450000762939453,-2.680000305175767,2.9200000762939453,5.0,7.0,05-22,-0.4941668510437003
04-23,0.06999969482421964,-1.0,0.07999992370605469,-1.0500001907348633,1.5200004577636719,-1.060001373291012,2.7099990844726562,-3.310001373291005,-6.200000762939453,3.0999984741210938,-2.3899993896484375,2.299999237060547,6.0,6.0,05-23,-0.4358338514963774
04-24,-0.13000011444091797,-1.7000007629394513,-0.2200002670288086,-1.2399997711181623,1.2100000381469727,-0.5100002288818324,3.1800003051757812,-2.63000106811522,-4.950000762939453,2.8499984741210938,-3.20999908447266,1.5599994659423793,4.0,8.0,05-24,-0.48250031471252325
04-25,-0.16000032424926935,-1.5,-0.5100002288818359,-1.3100004196166983,1.0,1.0399990081787145,2.200000762939446,-2.4800014495849503,-5.150001525878906,2.700000762939453,-2.129999160766605,0.06999969482421875,5.0,7.0,05-25,-0.5191669066747028
04-26,0.0,-1.829999923706053,-0.9700002670288086,-1.3100004196166983,1.1399993896484357,1.8500003814697301,2.25,-2.1599998474121094,-4.450000762939453,2.9000015258789062,-2.719999313354492,-0.030000686645507812,4.0,8.0,05-26,-0.4441666603088375
04-27,-0.1700000762939471,-1.4499998092651385,-0.7100000381469727,-1.4300003051757804,0.8299999237060565,2.090000152587894,2.229999542236321,-1.5799999237060582,-4.25,2.6500015258789062,-2.8299999237060476,0.020000457763671875,5.0,7.0,05-27,-0.38333320617675787
04-28,0.1799998283386257,-1.5399999618530273,-0.9300003051757812,-1.2500000000000009,0.7400007247924822,2.660001754760742,1.9599990844726562,-0.5699996948242223,-4.349998474121094,3.299999237060547,-3.4800014495849503,0.9899997711181605,6.0,6.0,05-28,-0.1908332904179885
04-29,-0.3400001525878924,-1.9600000381469744,-0.9200000762939435,-1.1399998664855975,0.8800001144409197,2.299999237060547,2.479999542236328,0.10000038146972301,-4.450000762939453,1.3999977111816406,-3.100000381469716,1.3199996948242188,6.0,6.0,05-29,-0.28583371639251665
04-30,-0.26999998092651367,-1.260000228881836,-0.8200006484985352,-1.0899996757507369,1.319999694824217,2.4300003051757812,4.6100006103515625,-0.2199993133544993,-4.100002288818359,0.5,-3.1200008392333984,1.8899993896484375,5.0,7.0,05-30,-0.01083358128865671
05-01,-0.4499998092651376,-1.6300001144409162,-0.48999977111816406,-0.8000001907348633,1.9499998092651385,1.9400005340576172,3.479999542236328,-0.27999877929687855,-4.400001525878906,-0.34999847412109375,-3.1900005340576207,3.379999160766598,4.0,8.0,05-31,-0.07000001271565821
05-02,-0.7699999809265137,-0.9000005722045863,-0.5500001907348633,-0.8600006103515634,1.4099998474121112,0.9699993133544957,1.930000305175767,-0.15999984741210938,-4.099998474121094,1.1500015258789062,-2.9400005340576207,2.6700000762939453,5.0,7.0,06-01,-0.17916659514109376
05-03,-0.6999998092651349,-1.3200006484985334,-0.14999961853027166,-0.760000228881835,1.050000190734865,2.3100013732910085,1.7099990844726491,-0.3999996185302699,0.9000015258789062,1.6000022888183594,-4.060001373291023,3.110000610351566,6.0,6.0,06-02,0.27416698137919054
05-04,-0.059999942779541016,-1.0699996948242205,-0.619999885559082,-0.6500005722045907,0.9499998092651349,2.2600002288818324,2.1100006103515554,-0.2099990844726527,-0.4499969482421875,0.9000015258789062,-3.4200000762939524,3.3899993896484375,5.0,7.0,06-03,0.2608337799708033
05-05,-0.6100001335144043,-0.7299995422363281,-0.5100002288818359,-0.5100002288818377,0.7099990844726562,2.44000053405761,2.9199981689453196,0.5700016021728551,-0.34999847412109375,-0.2999992370605469,-5.2600002288818395,4.0,5.0,7.0,06-04,0.19750010967254625
05-06,0.5799999237060547,-0.7799997329711914,-0.6700000762939471,-0.7200002670288113,0.9099998474121076,3.079999923706051,4.090000152587891,0.220001220703125,-0.25,0.7000007629394531,-5.039999008178711,6.050001144409176,7.0,5.0,06-05,0.6808336575825997
05-07,1.0700001716613743,-0.22999954223632812,-0.5299997329711896,-0.620000362396242,0.6100006103515625,4.729999542236325,4.069999694824219,0.19999885559081676,0.7000007629394531,1.0,-3.1999988555908203,6.000001907348633,8.0,4.0,06-06,1.1500002543131502
05-08,0.690000057220459,-0.399999618530277,-1.0699996948242188,-0.4800000190734872,0.4400005340576172,4.729999542236325,3.3400001525878906,-0.13000106811523793,0.5500030517578125,0.9500007629394531,-3.029998779296882,4.430002212524418,7.0,5.0,06-07,0.8350005944569894
05-09,1.25,-0.9700002670288104,-1.2799997329711914,0.04000043869018555,0.6300001144409197,4.569999694824219,1.3000030517578196,0.07999992370604758,-0.1999969482421875,0.75,-2.5199985504150497,6.299999237060547,8.0,4.0,06-08,0.8291672468185416
05-10,1.1100001335144043,-1.2200002670288104,-1.5700006484985352,0.16000032424926935,0.7100000381469709,2.519998550415039,1.8100013732910156,-0.3400001525878942,-0.40000152587890625,-0.09999847412109375,-2.86999893188478,8.060001373291016,6.0,6.0,06-09,0.6558334827423079
05-11,1.200000286102295,-1.530000686645506,-1.5399999618530273,0.3600001335144043,0.630000114440918,3.539999008178711,0.970001220703125,0.6599998474121094,-0.5999984741210938,-0.20000076293945312,-2.180000305175785,8.240001678466804,7.0,5.0,06-10,0.7958335081736251
05-12,1.419999599456787,-1.739999771118164,-1.8000001907348633,0.5400004386901855,0.7200002670288086,3.489999771118164,1.4799995422363281,1.289999008178711,0.0,0.25,-1.970001220703125,7.6800022125244105,8.0,4.0,06-11,0.9466666380564369
05-13,1.190000057220458,-1.77000045776367,-1.5399999618530273,0.5600004196166992,0.9200000762939453,4.079999923706055,1.5499992370605398,1.8199996948242188,1.5,0.0,-1.25,8.329999923706051,8.0,4.0,06-12,1.282499909400939
05-14,0.8599996566772443,-1.3699998855590838,-1.3699998855590803,0.14000034332275124,0.43000030517578125,4.720001220703125,0.7100028991699148,0.8400001525878764,0.7999992370605469,0.40000152587890625,-1.3900012969970632,8.310001373291012,9.0,3.0,06-13,1.0900004704793276
05-15,1.0199999809265137,-0.8700008392333984,-1.8999996185302734,0.400000095367429,0.06000041961669744,4.730001449584957,1.1599998474120952,0.05999946594237926,1.25,0.20000076293945312,-2.0,7.9700012207031214,9.0,3.0,06-14,1.0066668987274145
05-16,0.5299997329711896,-0.780000686645506,-1.9200000762939453,0.7300000190734863,0.2700004577636719,4.020000457763672,-0.23999786376953125,-0.32999992370605824,1.6500015258789062,-0.25,-1.7800006866455078,2.9599990844726562,6.0,6.0,06-15,0.40500017007191946
05-17,0.6199998855590803,-0.7600002288818359,-1.329999923706053,0.739999771118165,-0.07999992370605824,3.359998703002919,0.220001220703125,0.10000038146972656,3.549999237060547,-0.7999992370605469,-1.1299991607666051,3.1500015258789062,7.0,5.0,06-16,0.6366668542226142
05-18,0.28999996185302557,-0.48000049591064453,-1.9600000381469709,0.650000095367429,0.19000053405762074,3.39999961853027,0.1100006103515625,0.42000007629393465,3.25,-0.75,0.2399997711181605,3.3699989318847656,9.0,3.0,06-17,0.727499922116596
05-19,0.9800000190734872,-0.48999977111816406,-2.0,0.7400002479553223,-0.09999942779540838,3.4100017547607386,-4.009998321533203,1.060001373291005,3.200000762939453,-1.0499992370605469,-0.6800003051757884,4.699998855590838,6.0,6.0,06-18,0.4800004959106445
05-20,1.3000001907348633,0.2700004577636719,-1.6999998092651367,0.7300000190734863,-0.4600000381469709,4.329999923706058,-3.4199981689453125,0.38000106811522016,1.7000007629394531,-1.25,-0.6900005340576207,3.740001678466804,7.0,5.0,06-19,0.41083379586537633
05-21,1.139999866485594,0.06999969482422053,-1.2699995040893555,0.5800004005432138,-0.6999998092651367,4.19999885559081,-3.4699974060058665,0.4300003051757848,0.9000015258789062,1.0500030517578125,-0.6399993896484375,3.8400020599365305,8.0,4.0,06-20,0.510834137598673
05-22,1.309999942779541,0.4200000762939453,-1.3999996185302734,1.0299997329711896,-0.6499996185302734,3.9599990844726456,-3.4499969482421875,0.5700016021728551,-0.2999992370605469,0.20000076293945312,0.10999870300292969,3.790000915527351,8.0,4.0,06-21,0.46583378314971907
05-23,0.579999923706052,0.48999977111816406,-1.4299993515014666,0.7800002098083487,-0.5600004196166992,3.3899974822997976,-2.720001220703118,0.8400001525878942,-0.8499984741210938,2.049999237060547,0.7600002288818324,1.7500019073486435,8.0,4.0,06-22,0.42333328723907515
05-24,0.3200001716613743,0.2299995422363299,-0.8299999237060529,0.6700000762939453,-0.6999998092651367,2.9899997711181676,-3.4000015258789062,-0.8699989318847692,-1.5499992370605469,3.950000762939453,0.379999160766598,0.6900005340576207,7.0,5.0,06-23,0.15666671593983975
05-25,-0.420000076293948,0.07999992370605469,-1.169999122619629,0.6199998855590847,-0.939999580383299,3.2800006866455043,-3.8600006103515625,0.3099994659423899,-1.8999977111816406,4.849998474121094,0.600000381469723,0.9699993133544993,7.0,5.0,06-24,0.20166675249735588
05-26,0.28000020980834694,0.23999977111816584,-1.5,-0.029999732971192294,0.310000419616701,3.870000839233395,-3.2099990844726562,0.3699989318847692,-1.5999984741210938,1.7999992370605469,0.010000228881832385,0.9200000762939489,8.0,4.0,06-25,0.1216668685277303
05-27,0.4699997901916504,-0.48999977111816406,-1.4399995803833008,0.3600001335144043,0.23000049591064453,2.9200000762939418,-4.0,0.25,-0.0500030517578125,0.20000076293945312,0.9200000762939453,-1.1199989318847656,7.0,5.0,06-26,-0.14583333333333362
05-28,0.4499998092651367,-0.06999969482421697,-1.6999998092651367,0.21000003814697266,0.25,2.8500003814697266,-4.08000183105468,2.4699993133544886,0.34999847412109375,-1.25,0.4899997711181605,-0.11999893188476562,7.0,5.0,06-27,-0.012500206629435073
05-29,0.379999637603758,-0.06000041961669922,-1.7399997711181658,0.1100001335144043,0.6700010299682599,1.8199996948242223,-3.8600006103515625,2.430000305175767,0.75,1.4500007629394531,1.0700016021728551,-0.5599994659423864,8.0,4.0,06-28,0.20500024159749217
05-30,0.40000009536743164,0.01999950408935547,-1.6000003814697266,0.4600000381469709,0.2300004959106463,1.8700008392333984,-15.950002670288086,1.1299991607666016,0.5499992370605469,-0.5,0.8200016021728551,-0.6299991607666016,8.0,4.0,06-29,-1.1000001033147173
05-31,0.46000003814697266,0.06000041961669922,-1.3800001144409162,0.39999961853027255,0.470001220703125,6.35000038146973,-16.930002212524414,2.629999160766605,0.7999992370605469,0.5,2.660001754760742,-1.6099987030029297,9.0,3.0,06-30,-0.4658332665761305
06-01,0.5300002098083496,-0.18000030517577947,-0.5099992752075195,0.6099996566772461,1.0599994659423846,5.460000991821293,-19.540000915527344,3.4400005340576136,0.10000228881835938,-0.5,3.0499992370605433,-0.3499984741210902,7.0,5.0,07-01,-0.5691663821538286
06-02,0.5500001907348633,-0.5300006866455078,-0.6999998092651385,1.0999999046325684,1.0799999237060565,6.879999160766605,-19.829998016357433,3.490001678466797,-0.8499984741210938,-1.25,3.7199993133544886,-1.1700000762939418,6.0,6.0,07-02,-0.6258330742518113
06-03,0.309999942779541,-0.9400005340576154,-0.15999984741210938,1.1100001335144043,1.3400001525878924,6.650001525878906,-21.159999847412113,3.8200016021728516,-0.75,-1.1500015258789062,4.039999008178711,-2.8900012969970668,6.0,6.0,07-03,-0.8150000572204587
06-04,0.05000019073486328,-0.36999988555908203,0.05000019073486328,1.1100001335144043,1.6700000762939453,5.460002899169922,-20.110000610351573,3.610000610351566,-0.75,-1.1500015258789062,3.0199985504150426,-4.0199985504150355,7.0,5.0,07-04,-0.9524998267491659
06-05,0.19000005722045898,-0.11999988555908203,1.059999465942381,1.1700005531311035,2.3999996185302734,5.8000030517578125,-20.61999893188477,4.869998931884769,-0.4500007629394531,-1.25,2.209999084472667,-5.780000686645504,7.0,5.0,07-05,-0.8766666253407785
06-06,0.3600001335144043,0.10000038146972656,0.8199996948242188,0.9200000762939453,2.380000114440918,4.780002593994141,-19.889999389648438,5.159999847412113,0.6499977111816406,-2.450000762939453,2.7899990081787145,-8.300001144409187,9.0,3.0,07-06,-1.0566668113072712
06-07,-0.6700000762939453,0.5300006866455078,0.350000381469723,0.9200000762939453,2.2899999618530273,4.0800018310546875,-19.829999923706055,4.380001068115245,-0.7999992370605469,-2.25,2.5799999237060547,-7.810001373291023,7.0,5.0,07-07,-1.3524997234344482
06-08,-0.7300000190734863,0.22000026702880682,0.48999977111816406,0.9000000953674316,2.479999542236328,5.369998931884773,-20.459999084472656,3.4000015258789062,-2.200000762939453,-2.0,2.0999984741210973,-7.3800010681152415,7.0,5.0,07-08,-1.4841668605804443
06-09,-0.2799997329711914,0.19999980926513672,0.42000007629394354,1.3399996757507369,3.0799999237060547,3.8499984741210938,-20.540000915527337,4.120000839233409,-1.5,-1.6500015258789062,2.089998245239258,-7.230001449584957,7.0,5.0,07-09,-1.3416672150293965
06-10,-0.3299999237060538,-0.039999961853027344,0.9499998092651367,1.1399998664855984,2.6700000762939418,2.759998321533203,-22.030000686645497,4.900001525878906,-2.950000762939453,-1.3500022888183594,1.3499984741210973,-7.010000228881832,6.0,6.0,07-10,-1.661667148272195
06-11,-0.26999998092651367,-0.13000011444091975,1.0300006866455078,1.1500000953674343,2.7899990081787145,2.55999755859375,-21.510000228881832,5.310001373291023,-2.1000022888183594,-1.2000007629394531,0.9099998474121023,-4.179998397827145,6.0,6.0,07-11,-1.303333600362141
06-12,-0.3600001335144043,0.17999935150146484,1.050000190734865,0.9900002479553223,2.9600000381469744,2.4300003051757884,-21.96999931335449,6.029998779296882,-2.5500030517578125,-1.0499992370605469,1.1000003814697301,-4.370000839233395,7.0,5.0,07-12,-1.2966669400533017
06-13,0.07999992370605469,0.3000001907348633,0.7700004577636719,0.75,2.7899999618530256,2.3899993896484375,-22.329999923706055,6.079998016357415,-2.1000022888183594,-1.3500022888183594,0.43000030517578125,-5.139999389648434,8.0,4.0,07-13,-1.4441671371459968
06-14,-0.09000015258789062,-0.23999977111816406,0.3800001144409162,0.559999942779541,3.0799999237060547,1.9199981689453196,-21.509998321533207,6.020000457763672,-1.2000007629394531,-1.7000007629394531,1.3500003814697301,-4.889999389648434,6.0,6.0,07-14,-1.360000014305114
06-15,0.36999988555908203,0.15000057220458984,0.8900003433227539,0.570000171661377,4.229999542236325,2.1100006103515696,-21.01999855041505,5.749998092651378,-0.9500007629394531,-1.5,1.2299995422363317,-4.69999885559082,8.0,4.0,07-15,-1.0724999507268265
06-16,-0.07999992370605469,0.10000038146972656,0.75,0.7800002098083505,4.45000076293945,1.9899978637695312,-16.350000381469723,5.549999237060543,-0.15000152587890625,-4.200000762939453,2.0,-4.599998474121101,7.0,5.0,07-16,-0.8133335510889698
06-17,1.1199998855590803,0.07999992370605469,0.880000114440918,1.0999999046325675,4.870000839233395,1.1100006103515625,-17.150001525878906,5.409997940063473,0.9000015258789062,-4.75,2.1800003051757812,-3.990001678466804,9.0,3.0,07-17,-0.686666846275331
06-18,1.1300001144409162,0.010000228881835938,0.6599998474121112,1.0099997520446768,4.510000228881836,0.710002899169929,-17.029998779296882,4.95000076293945,0.9500007629394531,-4.950000762939453,2.4499988555908203,-3.240001678466804,9.0,3.0,07-18,-0.7366664807001758
06-19,1.389999866485594,0.1300001144409162,0.6099996566772496,0.7300004959106445,4.529999732971191,0.670001983642571,-16.349998474121094,5.139999389648434,0.8500022888183594,-4.150001525878906,1.7399997711181676,-2.1800003051757812,9.0,3.0,07-19,-0.5741664171218878
06-20,1.6800003051757812,-0.07999992370605646,0.4799995422363299,1.2400002479553205,4.309999465942383,0.3800010681152344,-15.359998703002926,5.139999389648434,2.0,-6.150001525878906,1.4699993133544922,-2.7199993133544993,8.0,4.0,07-20,-0.6341666777928677
06-21,1.2800002098083496,0.07999992370605291,0.5600004196166974,1.6700000762939444,3.059999465942383,-1.1500015258789062,-15.959999084472656,5.430000305175785,2.5999984741210938,-2.700000762939453,2.059999465942383,-2.670000076293949,8.0,4.0,07-21,-0.47833359241485635
06-22,1.7800002098083496,0.15000057220458984,0.36999988555908203,1.2800002098083478,3.3600006103515643,-0.26000213623047586,-16.539999008178707,4.430000305175778,1.1500015258789062,-1.1000022888183594,0.8700008392333949,-2.989999771118164,8.0,4.0,07-22,-0.6249999205271412
06-23,1.2899999618530273,-0.14000034332275568,0.38000011444091797,0.9800004959106463,3.3600006103515643,-0.5999984741210866,-17.280000686645504,2.5900001525878906,0.75,0.7000007629394531,1.489999771118164,-2.3500003814697266,8.0,4.0,07-23,-0.7358331680297842
06-24,1.3600001335144043,0.039999961853027344,0.4200000762939471,0.810000419616701,3.8999996185302717,0.5900001525878906,-16.86999893188477,2.629999160766612,0.6499977111816406,0.40000152587890625,1.489999771118164,-1.5200004577636719,10.0,2.0,07-24,-0.5083334048589063
06-25,0.6999998092651367,-0.039999961853027344,0.5100002288818359,0.7600002288818342,3.7100000381469744,0.2999992370605469,-5.179998397827152,4.010002136230465,-0.40000152587890625,0.34999847412109375,2.320001602172848,-1.7299995422363281,8.0,4.0,07-25,0.44250019391377676
06-26,0.6399998664855957,0.3099994659423846,0.8500003814697266,0.8799996376037598,2.8899993896484375,-4.3600006103515625,-4.199998855590824,4.090000152587887,-0.40000152587890625,-2.75,2.8799991607666016,-0.75,7.0,5.0,07-26,0.006666421890258345
06-27,0.8999996185302725,0.5199995040893555,0.8100004196166974,0.8100004196167001,2.1000003814697266,-3.470001220703125,-1.6300010681152344,4.260002136230465,-0.049999237060546875,-2.3500022888183594,2.270000457763672,-1.8100013732910227,7.0,5.0,07-27,0.19666647911071675
06-28,0.679999828338623,1.109999656677246,0.5799999237060529,0.2200002670288086,2.0799999237060547,-4.779998779296875,-2.1700000762939453,2.6000022888183594,-0.75,-1.9000015258789062,1.6000003814697266,-2.360000610351566,7.0,5.0,07-28,-0.2574998935063684
06-29,0.39999961853027255,1.0900001525878888,0.1099996566772461,0.21000003814697266,1.760000228881836,-5.569999694824212,-2.25,2.6499977111816477,-0.7000007629394531,-2.0,1.1200008392333984,-1.730001449584961,7.0,5.0,07-29,-0.40916697184244694
06-30,0.32000017166137784,1.1700000762939453,-0.8999996185302717,0.2199993133544922,1.7299995422363281,-5.649997711181641,-0.9400005340576101,1.3899993896484446,-1.0,-1.4500007629394531,1.590000152587887,-2.2399997711181676,6.0,6.0,07-30,-0.4799999793370557
07-01,-0.1100001335144043,0.9499998092651367,-0.6599998474121094,0.869999885559082,1.5200004577636719,-5.1100006103515625,-0.6100006103515625,1.0999984741211009,-1.5499992370605469,-1.8499984741210938,1.600000381469723,0.6200008392333984,6.0,6.0,07-31,-0.2691665887832639
07-02,0.9200000762939453,0.5199995040893555,-0.23000049591064275,0.3399991989135742,1.25,-4.340000152587891,-0.6700000762939453,1.3199996948242116,-2.1499977111816406,-1.5499992370605469,2.510000228881836,0.13000106811523438,7.0,5.0,08-01,-0.1624998251597091
07-03,0.9800000190734863,0.8500003814697266,-0.3400001525878871,0.11999988555908203,1.0000000000000036,-5.629997253417976,-0.04000091552734375,1.4499969482421804,-2.049999237060547,-0.5,1.5600013732910085,-0.2999992370605469,6.0,6.0,08-02,-0.2416665156682344
07-05,1.3899998664855957,0.880000114440918,-0.9600000381469709,0.10000038146972479,0.399999618530277,-5.029998779296875,0.05999946594237926,1.1799964904785014,-1.5,-1.9500007629394531,1.570001602172848,-1.639999389648441,7.0,5.0,08-04,-0.45833345254262464
07-06,1.8300004005432147,0.75,-0.8099994659423828,0.3000001907348633,0.3899993896484375,-5.709999084472653,-0.30000114440918324,1.6499977111816406,-0.5,-2.25,1.600000381469723,-0.8199996948242188,6.0,6.0,08-05,-0.32250010967254655
07-07,1.5199999809265137,0.5500001907348633,-0.869999885559082,0.21000003814697266,0.5400009155273473,-5.499998092651364,-0.370000839233402,1.6299972534179616,-1.3499984741210938,-1.75,0.7100009918212891,0.42000007629394176,7.0,5.0,08-06,-0.35499982039133765
07-08,1.3299999237060538,0.2200002670288086,-0.8899993896484393,0.5900001525878906,0.4500007629394567,-4.159997940063473,0.5799999237060511,0.9099998474121023,-1.3499984741210938,-1.9000015258789062,-0.3499984741210973,1.2600002288818288,7.0,5.0,08-07,-0.2758328914642348
07-09,1.2199997901916495,0.09999942779541016,-1.140000343322754,0.5399999618530273,0.1800003051757777,-3.2999992370605398,1.0500011444091797,0.8500022888183594,-1.1499977111816406,-1.4000015258789062,-0.0699996948242152,1.8100013732910085,7.0,5.0,08-08,-0.10916618506113696
07-10,1.3899998664855948,0.5399999618530273,-1.140000343322754,0.6999998092651385,0.2600002288818324,-2.8400001525878906,0.22999954223633168,1.4200019836425852,-1.0999984741210938,-0.9000015258789062,-0.4500007629394531,1.5600013732910085,7.0,5.0,08-09,-0.0274998744328816
07-11,0.809999942779541,0.18999958038330078,-1.869999885559082,0.43000030517578125,-0.529998779296875,-3.0300025939941406,0.09000015258790484,1.8100013732910227,-1.4500007629394531,-0.6999969482421875,-0.3199996948242223,1.3000011444091797,6.0,6.0,08-10,-0.2724996805191025
07-12,1.3000001907348615,0.3599996566772443,-1.22999954223633,0.36999988555908025,-0.75,-3.029998779296875,0.23999977111817472,2.0,-1.9499969482421875,-0.2999992370605469,-1.0900001525878906,1.8800010681152344,6.0,6.0,08-11,-0.1833328406016029
07-13,1.359999656677246,-0.6000003814697266,-1.8400001525878906,0.05000019073486328,-1.2900009155273402,-2.3199996948242116,0.5399990081787216,1.6100006103515625,-1.7999992370605469,0.25,-0.5,2.7299995422363246,6.0,6.0,08-12,-0.1508334477742498
07-14,1.4900002479553232,-0.6000003814697266,-1.5900001525878906,0.23000049591064453,-1.4300003051757777,-2.3699989318847656,-0.030000686645511365,1.7999992370605469,-1.8499984741210938,0.6499977111816406,-1.3299999237060547,3.029998779296875,5.0,7.0,08-13,-0.16666686534881583
07-15,0.5899996757507324,-0.46000003814697266,-1.5399999618530291,0.07999992370605469,-0.8900012969970703,-2.2900009155273438,0.43000030517578125,1.6100006103515625,-2.4000015258789062,0.0,-1.5300006866455114,2.779998779296882,5.0,7.0,08-14,-0.3016670942306517
07-16,1.0399994850158674,-0.25,-1.1399993896484375,0.2200002670288086,-0.13000106811523082,-1.4300003051757812,-0.10000038146973012,1.7299995422363281,-2.75,-0.049999237060546875,-2.1299991607666016,3.0399990081787216,4.0,8.0,08-15,-0.16250010331471687
07-17,1.439999580383299,-0.43000030517578125,-0.9499998092651367,0.14999961853027344,-0.30999946594237926,-0.48999786376953125,0.5,1.7100028991699219,-1.6000022888183594,0.049999237060546875,-2.3899993896484375,2.989999771118171,6.0,6.0,08-16,0.05583349863688225
07-18,1.060000419616701,-0.6700000762939453,-0.6999998092651367,-0.19999980926513494,-0.5300006866455043,-1.3799972534179616,0.8999996185302699,2.020000457763672,-2.1000022888183594,-0.25,-2.1100006103515625,2.950000762939453,4.0,8.0,08-17,-0.0841666062672924
07-19,0.8900003433227539,-0.619999885559082,-1.420000076293947,0.24999999999999822,-0.5300006866455043,-1.0900001525878906,0.9099998474121094,2.1800003051757812,-2.299999237060547,-0.6000022888183594,-2.7299995422363317,2.819999694824215,5.0,7.0,08-18,-0.18666680653890033
07-20,0.440000057220459,-0.24000072479248047,-1.2000007629394531,0.42000007629394354,-1.5499992370605433,-0.8500022888183665,1.139999389648434,1.5900001525878906,-2.5999984741210938,-0.3000030517578125,-3.179998397827152,2.640001296997063,5.0,7.0,08-19,-0.3075001637140926
07-21,0.6700000762939453,0.06000041961669922,-1.4300003051757812,0.4499998092651385,-1.7399997711181605,-0.3000030517578196,0.8199996948242116,1.5099983215332031,-1.5499992370605469,0.25,-2.170000076293949,0.9899997711181676,7.0,5.0,08-20,-0.2033336957295743
07-22,0.9800004959106463,-0.32999992370605646,-1.7700004577636719,0.4799995422363317,-2.2299995422363246,-0.48999786376952414,0.8400001525878942,1.4300003051757812,-1.9000015258789062,0.8500022888183594,-1.5299987792968786,0.8899993896484375,6.0,6.0,08-21,-0.23166632652282595
07-23,0.6500005722045925,-0.5399999618530273,-2.4300003051757795,0.6099996566772479,-1.75,-0.34999847412109375,0.8800010681152344,1.3699989318847656,-2.1500015258789062,0.6500015258789062,-1.9000015258788991,0.6900005340576207,6.0,6.0,08-22,-0.3558332920074449
07-24,0.870000362396242,-1.7799997329711914,-2.8100004196166974,0.5200004577636719,-1.5200004577636683,-0.45999908447265625,1.4200000762939453,1.8400001525878906,-2.75,2.3999977111816406,-2.0599994659423864,1.239999771118164,6.0,6.0,08-23,-0.2575000524520871
07-25,1.2399997711181632,-1.5699996948242188,-2.5299997329711896,0.25,-1.4600009918212855,0.3300018310546804,0.5099983215332067,1.5900001525878906,-2.75,2.200000762939453,-1.8999996185302805,-0.5099983215332067,6.0,6.0,08-24,-0.3833331267038989
07-26,1.28999996185303,-1.9000005722045898,-1.9700002670288086,0.1100006103515625,-1.4300003051757777,0.770000457763679,-0.3400001525878942,1.9499969482421733,-1.8500022888183594,1.4500007629394531,-2.369998931884769,-0.929998397827152,5.0,7.0,08-25,-0.43500018119812106
07-27,1.2600002288818368,-1.7200002670288086,-1.510000228881836,-0.5399999618530273,-0.9000015258789062,0.7599983215332031,-1.2700004577636719,1.3800010681152273,-1.9000015258789062,1.8499984741210938,-2.4499988555908203,-0.3599987030029439,4.0,8.0,08-26,-0.45000028610229664
07-28,1.6899995803833017,-1.510000228881836,-1.489999771118164,0.020000457763671875,-1.0600013732910156,0.9499969482421804,-2.540000915527351,2.0999984741210938,-1.3000030517578125,1.0999984741210938,-3.1499996185302734,0.05999946594237926,6.0,6.0,08-27,-0.42750096321106096
07-29,1.7799997329711914,-1.4500007629394531,-1.3800001144409197,-0.029999732971191406,-0.970001220703125,1.1100006103515696,-1.6099987030029297,1.970001220703125,-0.9500007629394531,0.8999977111816406,-2.219999313354492,-0.9900016784667933,4.0,8.0,08-28,-0.3200002511342359
07-30,1.5599999427795384,-1.280000686645506,-1.4699993133544922,0.030000686645507812,-1.6900005340576136,0.6399993896484375,-1.9799995422363317,1.5900001525878835,-0.7999992370605469,1.7000007629394531,-2.4400005340576207,-0.5900001525878906,5.0,7.0,08-29,-0.3941665887832651
07-31,1.369999885559082,-1.7899999618530273,-1.0599994659423828,0.21000003814697266,-1.2600002288818395,1.5600013732910156,-1.7099990844726527,1.5300025939941335,-0.7000007629394531,1.7000007629394531,-1.5400009155273402,0.34999847412110086,6.0,6.0,08-30,-0.11166644096374483
08-01,0.9199991226196271,-1.390000343322754,-0.6599998474121076,0.14999961853027344,-0.8400001525878871,2.2400016784667933,0.20000076293945668,1.4300003051757884,-0.40000152587890625,2.049999237060547,-0.8299999237060547,-0.9200000762939418,6.0,6.0,08-31,0.16249990463256955
08-02,0.7399997711181623,-1.6700000762939453,-0.2799997329711932,0.22999954223632812,-0.9900016784667969,2.0300006866455043,0.28000068664551137,1.9500007629394602,0.34999847412109375,1.3999977111816406,0.05999946594237926,-0.5,8.0,4.0,09-01,0.2999996344248454
08-03,0.6099996566772443,-1.8199996948242188,-0.36999988555908203,-0.15000057220458984,-0.9000015258789062,1.6799983978271449,0.10000038146973012,1.69000244140625,0.7999992370605469,1.5499992370605469,1.1199989318847656,-0.7100009918212855,7.0,5.0,09-02,0.2999996344248455
08-04,0.05000019073486328,-1.2799997329711932,0.16000080108642578,-0.10000038146972656,4.829999923706051,2.2100009918212855,-0.5,1.7000007629394602,0.5999984741210938,1.0499992370605469,4.909999847412102,-0.09000015258789062,8.0,4.0,09-03,1.1283333301544183
08-05,0.6300005912780788,-1.180000305175783,0.16000080108642578,0.3299999237060547,5.359998703002933,3.2100009918212855,0.9599990844726598,1.1300010681152344,0.5499992370605469,0.0,4.44999885559082,0.7399997711181712,10.0,2.0,09-04,1.3616665601730356
08-06,0.75000047683716,-0.8299999237060565,0.8900003433227539,0.3400001525878906,6.540000915527347,2.209999084472642,0.6099987030029297,0.7400016784667969,1.9000015258789062,0.10000228881835938,4.180000305175778,0.8099994659423864,11.0,1.0,09-05,1.520000418027241
08-07,0.2600002288818395,-1.0,-0.4300003051757795,0.23000049591064453,7.6399993896484375,2.3299980163574148,0.4599990844726598,-1.8800010681152344,0.9000015258789062,0.20000076293945312,4.6100006103515625,0.22999954223633168,9.0,3.0,09-06,1.1291665236155197
08-08,0.2000007629394549,-2.2899999618530256,-0.9000000953674316,0.4699993133544922,7.760000228881832,1.6199989318847514,0.15999984741211293,-0.6100006103515625,-0.14999771118164062,0.049999237060546875,3.8400001525878906,-0.6199989318847585,7.0,5.0,09-07,0.7941667636235552
08-09,1.3299999237060547,-1.869999885559082,-1.6400003433227521,0.37999916076660156,7.89999961853027,7.1300010681152415,5.590000152587891,-0.6800003051757812,-0.75,-0.14999771118164062,4.670000076293945,-1.8199996948242152,6.0,6.0,09-08,1.6741668383280446
08-10,1.1000003814697266,-1.6499996185302752,-1.010000228881836,0.5299997329711914,7.680000305175785,8.180000305175781,4.889999389648445,-0.09000015258789062,-0.09999847412109375,0.5,6.579999923706065,-1.3499984741210902,7.0,5.0,09-09,2.105000257492067
08-11,1.299999237060545,-1.2700004577636737,-1.2800006866455078,0.7899999618530273,7.430000305175785,8.540000915527337,5.479999542236335,-0.20999908447265625,0.25,0.0,7.420000076293956,-2.9200000762939453,7.0,5.0,09-10,2.1274999777476
08-12,1.2100000381469744,-1.2500000000000018,-1.4700002670288086,0.6599998474121094,7.530000686645511,7.380001068115234,4.489999771118164,-0.19000244140625,-1.7000007629394531,-0.15000152587890625,9.10000038146973,-3.669998168945323,6.0,6.0,09-11,1.828333218892415
08-13,1.0899991989135724,-1.0100002288818377,-1.8400001525878915,0.7200002670288086,7.069999694824215,7.430000305175788,4.670000076293945,-0.5799980163574219,-1.2999992370605469,-0.0500030517578125,8.959999084472656,-3.30999946594239,6.0,6.0,09-12,1.8208332061767571
08-14,1.2599992752075195,-1.2699995040893537,-2.059999942779541,0.8900003433227539,6.969999313354489,7.479999542236328,4.659999847412106,-1.8799972534179616,-0.7099990844726562,-0.4499969482421875,10.779998779296875,-3.179998397827152,6.0,6.0,09-13,1.874167164166768
08-15,1.700000286102295,-1.359999656677246,-2.059999942779541,0.9899997711181641,7.44999885559082,7.240001678466804,4.870000839233391,-1.4099998474121023,-0.20000076293945312,-0.5499992370605469,11.229997634887695,-4.050001144409176,6.0,6.0,09-14,1.9874998728434254
08-16,1.6200003623962402,-1.0900001525878888,-1.5900001525878888,1.010000228881836,7.6399993896484375,7.560001373291016,5.079999923706055,-1.8000030517578196,-0.10000228881835938,-1.0499992370605469,10.219999313354492,-3.2000007629394496,6.0,6.0,09-15,2.0249995787938437
08-17,1.5899996757507342,-1.3499994277954102,-1.3399991989135724,0.9800004959106428,7.930000305175785,7.3899993896484375,4.80000114440918,-2.0699996948242188,0.25,-1.6500015258789062,9.720001220703125,-3.0900001525878906,7.0,5.0,09-16,1.9300001859664924
08-18,1.0,-1.3400001525878888,-0.6399993896484357,1.0500001907348633,8.399999618530273,6.750000000000007,5.839998245239254,-2.1800003051757812,0.5,-1.4500007629394531,9.479999542236328,-2.2199993133544957,7.0,5.0,09-17,2.099166472752889
08-19,0.5899991989135724,-0.6900005340576154,-0.25999927520751775,1.3299999237060547,7.659999847412113,7.669998168945305,5.8600006103515625,-2.6500015258789062,1.2999992370605469,-1.3499984741210938,8.5,-2.3699989318847656,7.0,5.0,09-18,2.132499853769938
08-20,0.5000000000000018,-0.9000005722045881,-0.35000038146972656,1.2200002670288086,8.34000015258789,7.509998321533203,6.850002288818356,-1.7900009155273509,1.75,-1.9000015258789062,7.819999694824222,-1.25,7.0,5.0,09-19,2.316666444142659
08-21,0.44999980926513494,-0.6299991607665998,-0.4700002670288086,1.2399997711181658,9.180000305175778,7.1499977111816335,7.700000762939457,-2.1000022888183523,2.450000762939453,-4.25,6.849998474121097,-0.8299999237060547,7.0,5.0,09-20,2.2283329963684086
08-22,0.38000011444091797,-0.5199995040893555,-0.7200002670288086,1.130000114440918,8.860000610351562,7.159999847412109,8.479999542236328,-2.040000915527351,2.3499984741210938,-3.9000015258789062,6.9199981689453125,-1.5300006866454972,7.0,5.0,09-21,2.214166164398194
08-23,0.13000011444091797,-0.34999942779541016,-1.5599994659423828,1.1000003814697266,9.020000457763672,7.5700035095214915,8.630001068115234,-2.3999977111816335,1.6500015258789062,-3.450000762939453,7.619998931884766,-2.3400001525878764,7.0,5.0,09-22,2.1350007057189964
08-24,0.05000019073486328,-0.34999942779541016,-1.799999713897705,1.1500005722045898,8.920000076293945,6.690002441406257,8.529998779296882,-1.9300003051757812,1.2000007629394531,-3.25,6.790000915527344,-4.290000915527333,7.0,5.0,09-23,1.809166948000592
08-25,-0.1999998092651385,-0.5999994277954102,-1.570000171661377,1.0799999237060547,9.809999465942383,5.650001525878913,8.020000457763675,-1.8699989318847585,1.0499992370605469,-3.3500022888183594,6.270000457763672,-4.14999961853027,6.0,6.0,09-24,1.6783334016799942
08-26,-0.09999942779541016,-0.28999996185302734,-1.9800000190734863,1.3499994277954102,9.739999771118168,4.579998016357415,6.769998550415043,-1.8100013732910085,0.9500007629394531,-3.8000030517578125,5.930000305175774,-4.559999465942386,6.0,6.0,09-25,1.3983327945073443
08-27,-0.08999919891357422,-0.6899995803833008,-2.599999904632571,1.3899993896484375,10.790000915527344,5.489997863769538,5.219999313354496,-1.5999984741211009,2.049999237060547,-3.6500015258789062,4.930002212524418,-4.110000610351566,6.0,6.0,09-26,1.4274999698003132
08-28,0.09000015258789062,-0.4499998092651367,-2.389999866485595,1.0599994659423846,10.310001373291005,5.840000152587898,5.139999389648441,-1.8499984741211009,2.200000762939453,-4.25,5.6100006103515625,-4.530000686645508,7.0,5.0,09-27,1.3983335892359412
08-29,0.010000228881835938,0.039999961853027344,-2.1799998283386266,0.9700002670288068,4.579999923706048,5.309997558593757,5.459999084472656,-1.8199996948242259,2.799999237060547,-4.25,1.8199996948242259,-0.7899990081787145,8.0,4.0,09-28,0.9958331187566114
08-30,0.0,-0.18000030517577947,-1.790000438690181,0.5399999618530256,4.0500011444091655,3.229999542236328,5.599998474121087,-1.5,2.75,-3.200000762939453,2.280000686645508,-0.9499988555908274,6.0,6.0,09-29,0.9024999539057393
08-31,0.2799997329711914,0.38000011444091797,-2.310000419616699,0.5299997329711896,2.7899990081787074,3.4499969482421875,4.819999694824222,-1.2400016784667969,1.3999977111816406,-3.3000030517578125,2.879999160766605,-0.029998779296875,8.0,4.0,09-30,0.8041656812032065
09-01,0.5,0.0,-0.9899997711181658,0.6399993896484375,2.909999847412095,3.299999237060547,5.60000038146973,1.3800010681152344,2.3999977111816406,-3.75,2.410001754760753,-0.4799995422363317,8.0,4.0,10-01,1.1600000063578284
09-02,0.3599996566772443,1.2899999618530256,-0.5199999809265137,0.18999958038330078,3.2199993133544886,2.059997558593757,4.510000228881832,0.1100006103515625,3.799999237060547,-3.799999237060547,2.0599994659423935,-1.8500003814697301,9.0,3.0,10-02,0.9524996678034467
09-03,-0.7699995040893555,0.869999885559082,-0.029999732971192294,0.1399993896484375,3.59999847412109,1.7900009155273509,-0.9200000762939453,-1.2600021362304759,3.6499977111816406,-5.619998931884766,1.0500011444091832,-0.6499996185302734,6.0,6.0,10-03,0.15416646003723136
09-04,-0.5399999618530273,0.779999732971195,-0.40000009536743253,0.08999919891357422,2.5699996948242223,-3.6700019836425852,-0.2199993133544993,-0.6399993896484375,4.299999237060547,-5.680000305175781,0.6599998474121094,-1.1200008392333984,5.0,7.0,10-04,-0.32250034809112615
09-05,-1.119999885559082,0.769999504089359,-0.6900000572204563,0.12000083923339844,2.25,-4.720001220703125,-0.5599994659423899,-0.3300018310546875,4.75,-5.680000305175781,-1.049999237060554,-0.4799995422363281,4.0,8.0,10-05,-0.5616667668024705
09-06,-1.5099997520446795,0.6999998092651385,0.26000022888183416,-0.2799997329711914,2.5,-4.630001068115227,-0.09000015258789773,-0.279998779296875,6.25,-5.130001068115234,-1.8899993896484446,0.0,4.0,8.0,10-06,-0.34166665871938146
09-07,-0.8499994277954102,1.2500000000000018,0.09000015258789062,-0.14999961853027344,2.889999389648441,-4.100002288818345,0.6000022888183523,0.030002593994140625,7.0500030517578125,-4.979999542236328,-3.549999237060547,0.26000022888183594,7.0,5.0,10-07,-0.12166603406270242
09-08,-0.7100000381469744,1.0100002288818377,0.21000003814697354,-0.13000011444091797,2.979999542236328,-3.5200004577636648,0.700000762939446,0.1100006103515625,6.650001525878906,-5.899997711181648,-3.5900001525878906,0.6900005340576172,7.0,5.0,10-08,-0.12499960263570202
09-09,-1.099999427795412,1.2199993133544904,0.42999982833862305,-0.16000080108642578,2.3400001525878906,-2.1399993896484304,2.1099987030029297,1.4099998474121023,6.560001373291016,-6.8899993896484375,-4.0,1.0399990081787145,7.0,5.0,10-09,0.06833326816558838
09-10,-1.0900001525878924,1.3099994659423828,0.6500000953674299,-0.1900005340576154,0.04000091552734375,-3.0,1.6699981689453196,1.0499992370605398,6.759998321533203,-7.219999313354492,-4.359998703002926,2.0900001525878906,7.0,5.0,10-10,-0.19083352883656804
09-11,-1.0100002288818377,0.8600006103515607,0.2199997901916495,-0.3900003433227539,0.4899997711181605,-3.8699989318847585,1.4599990844726562,0.5100021362304616,6.310001373291016,-7.650001525878906,-4.599998474121094,1.239999771118164,7.0,5.0,10-11,-0.5358330806096402
09-12,-0.5299997329711932,0.8000001907348615,0.6699995994567871,-0.4300003051757795,0.6899986267089773,-3.6999969482421804,1.9099998474121023,0.8899993896484304,5.8000030517578125,-8.129999160766602,-4.740001678466797,1.2999992370605504,7.0,5.0,10-12,-0.45583315690358583
09-13,-0.3699998855590838,0.730000495910641,0.48999977111816406,-0.6300001144409162,0.21999931335448863,-3.6100006103515696,1.6599998474121023,0.69000244140625,5.700000762939453,-8.129999160766602,-4.5,1.4799995422363317,7.0,5.0,10-13,-0.522499799728395
09-14,-0.5599994659423846,0.5599994659423846,0.5099992752075178,-0.9099998474121076,1.3299999237060511,-5.289997100830078,1.7199974060058523,0.8600006103515554,5.5,-8.230001449584961,-3.1100006103515625,1.8499984741210973,7.0,5.0,10-14,-0.4808336098988863
09-15,-0.6000003814697266,0.3800001144409162,0.31999969482421875,-0.8299999237060547,1.639999389648434,-6.789997100830078,1.2200012207031392,0.25,5.049999237060547,-8.569997787475582,-2.6199989318847656,1.7000007629394531,7.0,5.0,10-15,-0.737499475479125
09-16,0.16000080108642578,0.439999580383299,0.4399995803833008,-0.880000114440918,1.6299991607666016,-8.060001373291016,0.35999679565428977,0.5600013732910014,4.399997711181641,-8.979997634887695,-2.9599990844726562,2.0999984741210973,8.0,4.0,10-16,-0.8991670608520524
09-17,0.26000022888183594,0.3299999237060547,0.559999465942381,-0.9099998474121112,0.6599998474121094,-6.599998474121094,0.509998321533196,0.04999923706055398,4.599998474121094,-8.639999389648438,-1.520000457763686,2.2299995422363317,8.0,4.0,10-17,-0.7058335940043143
09-18,0.5100002288818359,0.3599996566772461,0.809999465942381,-0.7600002288818359,0.20000076293944957,-7.200000762939453,0.35999679565428977,0.6499977111816406,4.799999237060547,-6.769998550415043,-0.9199981689453125,3.039999008178711,8.0,4.0,10-18,-0.4100004037221286
09-19,0.4200000762939453,0.34000015258788885,0.30999946594238104,-0.5100002288818359,0.2100009918212855,-6.319999694824219,0.950000762939446,0.3999977111816406,4.659999847412109,-6.349998474121094,-1.0200004577636719,5.420000076293945,8.0,4.0,10-19,-0.12416664759318152
09-20,-0.35000038146972656,0.4200000762939453,0.9399995803833008,-0.5,-0.679998397827152,-4.439998626708984,0.8899993896484304,-2.190002441406257,5.25,-7.049999237060547,-0.5,5.440000534057617,5.0,7.0,10-20,-0.23083329200744776
09-21,-0.15000057220458984,0.36999988555908025,1.0799994468688947,-0.7699995040893555,-0.03999900817871449,-3.950000762939453,0.7200012207031179,-2.970001220703132,5.25,-6.599998474121094,0.09000015258789773,5.340000152587891,6.0,6.0,10-21,-0.13583322366078812
09-22,-0.47999954223632635,0.4700002670288086,1.2999997138977042,-0.9099998474121094,0.23000144958495738,-3.720001220703125,1.5500011444091797,-3.0800018310546946,4.150001525878906,-7.629999160766602,-0.75,5.409999847412109,6.0,6.0,10-22,-0.28833313783009934
09-23,-0.8299999237060529,0.5100002288818359,1.089999675750728,-0.8899993896484375,-0.19999885559082742,-2.1599998474121094,0.7000007629394496,-2.8300018310546946,4.049999237060547,-8.23999977111816,-0.18000030517577414,6.600000381469727,5.0,7.0,10-23,-0.19833330313364753
09-24,-0.6199998855590803,0.020000457763671875,0.7999997138977051,-0.8599996566772461,0.25,-3.3400001525878977,0.5600013732910156,-3.359998703002926,4.799999237060547,-8.610000610351559,0.6999969482421804,3.0699996948242188,7.0,5.0,10-24,-0.5491667985916142
09-25,-0.6099996566772443,0.19000053405761363,1.2199997901916522,-0.43999958038330256,-0.1100006103515554,-2.3500022888183594,0.42000198364258523,-3.159999847412106,4.799999237060547,-7.870000839233402,-0.4900016784667969,3.2299995422363317,5.0,7.0,10-25,-0.43083361784616975
09-26,-0.809999465942381,0.23000049591064275,1.7599997520446795,-0.36999988555908025,0.2600002288818324,-2.5699996948242188,2.2700004577636683,-2.1100006103515696,4.150001525878906,-8.649997711181644,-0.9300003051757812,3.340000152587887,6.0,6.0,10-26,-0.28583292166392155
09-27,-1.1599998474121094,0.23000049591064275,0.889999866485593,-0.6099996566772461,0.1399993896484446,-0.6199989318847656,2.6700019836425746,-3.359998703002926,3.6000022888183523,-8.54999923706055,-0.460002899169929,4.079999923706044,6.0,6.0,10-27,-0.2624996105829896
09-28,-0.9699997901916504,-0.06000041961669922,1.6000003814697266,-0.15999984741210938,0.29000091552734375,-0.8899993896484304,1.659999847412113,-3.760000228881836,3.400001525878899,-8.500000000000004,-0.3800010681152486,3.269998550415039,5.0,7.0,10-28,-0.37499996026357135
09-29,-0.7100000381469744,-0.22000026702880682,1.2600002288818368,-0.1099996566772461,1.610000610351559,-0.9099998474121094,1.1700019836425852,-2.699998855590813,3.5500030517578054,-5.840000152587891,0.3600006103515554,2.139999389648441,6.0,6.0,10-29,-0.03333274523417148
09-30,-1.0500001907348633,0.11999988555908025,1.630000591278077,-0.1099996566772461,-0.30999946594239347,2.5499992370605398,2.1000003814697266,-3.3200016021728516,3.299999237060547,-6.030000686645504,0.40000152587889914,1.4599990844726562,7.0,5.0,10-30,0.06166652838388894
10-01,-0.619999885559082,0.1300001144409162,2.639999866485595,0.21000003814697266,-1.3799991607666016,3.049999237060547,2.010000228881836,-4.579998016357425,3.75,-5.780000686645504,1.75,1.539999008178711,8.0,4.0,10-31,0.226666728655497
10-02,-0.23000001907348455,0.14999961853027344,2.530000209808345,0.4500007629394531,-2.709999084472667,2.5999984741210938,1.5400009155273438,-4.879999160766602,3.549999237060547,-4.8899993896484375,2.1500015258789062,1.0599994659423828,8.0,4.0,11-01,0.11000021298726288
10-03,-0.75,0.28999996185302734,2.150000095367429,0.5599994659423828,-3.1999988555908345,2.0699996948242116,-0.15000152587890625,-4.079998016357425,3.450000762939446,-4.420000076293942,2.1300010681152344,1.0699996948242188,7.0,5.0,11-02,-0.07333314418792984
10-04,-1.260000228881836,0.14999961853027344,0.7100000381469744,0.4799995422363281,-3.2899990081787216,1.9099998474121094,0.18000030517578836,-4.130001068115238,2.499999999999993,-3.600000381469716,2.170001983642578,1.6100006103515625,8.0,4.0,11-03,-0.21416656176249202
10-05,-1.320000171661377,-0.1400003433227539,1.0900001525878906,0.5100002288818359,-2.7600002288818395,1.7700004577636648,1.6899986267089844,-4.490001678466797,1.999999999999993,-2.609998703002926,2.5800018310546875,2.3800010681152344,7.0,5.0,11-04,0.05833343664804976
10-06,-1.4199995994567853,-0.029999732971191406,0.8699998855590838,0.39999961853027166,-3.29000091552734,2.5699996948242188,1.450000762939446,-4.599998474121094,1.8000030517578054,-1.6499996185302734,3.5999984741210938,2.759998321533196,7.0,5.0,11-05,0.20500012238820262
10-07,-1.4300003051757795,0.14999961853027344,1.3000001907348642,0.06999969482421697,-1.3500003814697266,2.80999755859375,1.1200027465820312,-4.060001373291016,2.4499969482421875,-1.5999984741210902,4.25,2.010000228881836,8.0,4.0,11-06,0.47666637102762893
10-08,-1.880000114440918,0.21000003814697266,1.2300004959106445,0.06999969482421697,1.0499992370605504,2.529998779296868,0.9500007629394602,-3.5900001525878977,2.1999969482421875,-1.5999984741210902,5.539999008178707,1.8400001525878906,9.0,3.0,11-07,0.7124996980031327
10-09,-2.0399999618530273,0.8499994277954137,1.0600004196166974,0.029999732971193183,-0.9799995422363246,3.0800018310546875,1.2000007629394602,-3.3400001525878977,2.299999237060547,-1.0200004577636719,4.069999694824219,1.6599998474121094,8.0,4.0,11-08,0.5725000699361171
10-10,-1.360000133514407,0.6999998092651385,0.9800004959106445,-0.32999992370605646,-1.3500003814697266,4.759998321533196,1.1700019836425852,-2.789997100830078,1.0499992370605469,0.12999916076660512,3.6599998474121094,2.6200027465820384,8.0,4.0,11-09,0.7700003385543829
10-11,-1.1800003051757812,0.5199995040893572,0.9200000762939453,-0.3000001907348633,-1.6599998474121094,6.579998016357415,1.8500022888183665,-2.0,1.0499992370605469,1.019998550415039,3.1699981689453125,2.44000244140625,8.0,4.0,11-10,1.0341664950052898
10-12,-1.0900001525878906,0.5399999618530256,0.20000076293945312,-0.25,-3.0900001525878906,6.349998474121087,0.3800010681152486,-1.5499992370605398,1.0,1.429998397827152,4.029998779296875,4.520000457763672,8.0,4.0,11-11,1.0391665299733492
10-13,-1.0199995040893555,0.9399995803833008,0.33000087738037287,-0.44999980926513494,-1.4499988555908345,6.909999847412102,0.7200012207031108,-1.0999984741210938,0.7999992370605469,1.0500011444091832,4.2199974060058665,6.429998397827148,8.0,4.0,11-12,1.4483334223429345
10-14,-1.380000591278077,0.7399997711181641,0.08000087738037287,-0.42000007629394354,-1.7199993133544957,7.130001068115234,1.3400001525878906,-1.6999969482421804,0.9000015258788991,0.3200016021728551,4.1599998474121165,6.2200012207031214,8.0,4.0,11-13,1.3058340946833298
10-15,-1.2100005149841317,0.7599992752075213,0.6000003814697283,-0.4700002670288068,-1.8299999237060582,6.119998931884766,0.8499984741210866,-0.6999969482421804,1.5,-0.5799999237060547,3.1700019836425852,5.790000915527344,7.0,5.0,11-14,1.1666668653488166
10-16,-0.4400000572204599,0.6099996566772461,0.9700002670288104,-0.6199998855590838,-1.6400012969970632,5.279998779296875,0.9099998474121023,0.0,1.7599983215332031,-1.3999996185302699,2.5400009155273438,5.770000457763672,7.0,5.0,11-15,1.1449997822443647
10-17,-0.5599994659423828,0.3400001525878906,0.7300004959106463,-0.7200002670288086,-2.2100009918212855,4.790000915527344,0.9700012207031321,1.1500015258789134,1.9399986267089844,-1.3700008392333984,2.2900009155273438,4.870000839233391,8.0,4.0,11-16,1.0183335940043141
10-18,-0.5099992752075178,0.75,0.5700006484985352,-0.619999885559082,-2.4800014495849574,3.8199996948242188,-0.17000198364258523,4.05000305175782,0.7999992370605469,-0.4900016784667969,3.1300010681152415,5.840002059936523,7.0,5.0,11-17,1.2241667906443288
10-19,-0.25,0.8699998855590838,0.30000019073486506,-0.6400003433227539,-1.6400012969970703,3.460002899169922,0.6699981689453125,3.8500022888183665,0.75,0.11999893188476207,2.4399986267089844,6.989999771118164,9.0,3.0,11-18,1.4099999268849697
10-20,-0.1700000762939471,1.0699996948242188,0.38000011444091975,-0.7600002288818359,-1.2700004577636683,2.8300018310546875,-0.34000015258789773,4.350000381469723,0.0,1.3199996948242152,2.349998474121101,6.8899993896484375,7.0,5.0,11-19,1.3874998887379961
10-21,0.2199993133544904,1.1199998855590838,-0.039999961853027344,-0.75,-0.9899997711181605,2.3300018310546875,1.509998321533196,4.150001525878903,0.25,1.2800006866455043,2.6399993896484375,6.6399993896484375,9.0,3.0,11-20,1.5300000508626292
10-22,0.13999938964843572,1.0799999237060547,-0.4399995803833008,-0.5600004196166992,-1.710000991821289,2.249999999999993,0.43999862670897727,3.500000000000007,1.2000007629394531,0.6599998474121094,2.510002136230476,5.60999870300293,9.0,3.0,11-21,1.223333199818929
10-23,0.48999977111816406,1.3099994659423846,-0.28999996185302557,-0.6500005722045898,-2.4899997711181605,0.4499969482421804,0.03999710083007102,3.9000015258789134,1.3500022888183523,0.2199993133544993,2.4099998474121094,4.869998931884773,9.0,3.0,11-22,0.9674995740254726
10-24,-0.059999942779541016,1.0599994659423846,-0.7399997711181641,-0.6800003051757812,-2.950000762939453,0.7199974060058452,1.0400009155273366,4.150001525878913,1.450000762939446,1.239999771118157,2.6800003051757884,5.680000305175778,8.0,4.0,11-23,1.1324999729792258
10-25,0.1699995994567871,1.0,-0.15999984741210938,-1.0,-4.270000457763668,1.1300010681152344,1.479999542236321,5.14999961853027,1.8499984741211009,0.3999996185302628,1.9399986267089844,5.680000305175778,9.0,3.0,11-24,1.1141663789749134
10-26,0.34999990463256836,1.010000228881836,-0.5600004196166992,-1.1900005340576172,-1.040000915527333,1.0099983215332031,2.4099998474121023,5.250001907348633,1.4500007629394531,0.5900001525878764,1.829998016357429,5.680000305175778,9.0,3.0,11-25,1.3991664648056024
10-27,0.23999977111816584,0.6999998092651367,-1.2799997329711932,-1.2299995422363281,-0.5799999237060476,2.3800010681152344,2.7199974060058523,6.200000762939457,1.0,0.8199996948242152,1.829998016357429,6.479999542236328,9.0,3.0,11-26,1.6066664059956874
10-28,0.6800003051757795,0.75,-1.1700000762939435,-0.9499998092651385,0.15999984741212359,0.160003662109375,1.7099990844726562,6.500001907348633,0.2999992370605469,0.9400005340576136,3.1299972534179688,7.270000457763672,10.0,2.0,11-27,1.6233335336049404
10-29,0.5399999618530256,0.6099996566772461,-1.3499999046325684,-0.8400001525878888,0.8500003814697301,-0.31999969482421164,2.7099990844726562,6.79999923706055,0.6500015258789062,1.5,2.789997100830078,7.0,9.0,3.0,11-28,1.7449997663497936
10-30,1.0500001907348615,1.2000007629394531,-1.6100001335144052,-0.8999996185302752,2.680000305175792,-0.7400016784667898,2.3799972534179616,6.950000762939457,0.35000228881835227,0.6599998474121094,2.6699981689453125,6.459999084472656,9.0,3.0,11-29,1.7624997695287072
10-31,0.9000000953674299,1.3100004196166992,-1.189999580383299,-0.8099994659423828,2.7900009155273473,-0.6000022888183452,1.2400016784667969,7.0000000000000036,0.8499984741211009,0.6499996185302699,2.6699981689453125,5.689998626708984,9.0,3.0,11-30,1.7083330551783265
11-01,0.679999828338623,1.25,-0.7700004577636719,-0.6699991226196289,3.320001602172848,-0.6899986267089844,1.4000015258789062,6.099998474121097,-0.050003051757805395,0.020000457763671875,1.6500015258789062,5.689998626708984,8.0,4.0,12-01,1.4941667318344123
11-02,0.7699999809265137,0.8000001907348633,-0.3299999237060547,-0.3399991989135742,1.6900005340576172,-1.4300003051757812,1.2400016784667969,5.700000762939453,-0.25,-0.030000686645511365,1.5200004577636719,5.689998626708984,7.0,5.0,12-02,1.2525001764297483
11-03,0.8799996376037598,1.1000003814697266,-0.7100000381469727,-0.4099998474121094,1.9400005340576172,-2.6800003051757812,2.3400001525878977,4.8500022888183665,0.0,-0.44000053405762074,1.1399993896484375,4.8800010681152415,7.0,5.0,12-03,1.074166893959047
11-04,1.0200004577636719,0.530000686645506,-0.5399999618530256,-0.6199998855590803,0.15999984741210938,-1.0699996948242259,1.029998779296875,4.6000022888183665,0.3999977111816406,0.019998550415039062,0.3400001525878906,5.729999542236328,9.0,3.0,12-04,0.9666665395100913
11-05,0.5300002098083523,0.6800003051757812,-0.9099998474121094,-0.23999977111816406,0.5100002288818359,-0.5800018310546875,1.0,4.399997711181641,0.0,0.019998550415039062,-0.9899978637695312,4.3999977111816335,7.0,5.0,12-05,0.734999616940816
11-06,0.35000038146972656,1.010000228881836,-0.6400003433227521,0.039999961853027344,-0.5799999237060547,-0.9000015258789062,0.31999969482421875,4.049999237060547,-1.0,1.3600006103515625,-0.470001220703125,4.579998016357422,7.0,5.0,12-06,0.6766662597656251
11-07,-0.05999994277954013,1.3100004196166992,-0.6800003051757795,0.22000026702880682,0.860000610351559,-0.6700019836425781,1.1599998474121023,5.0,0.049999237060546875,0.8900012969970561,-0.9900016784667969,2.5,8.0,4.0,12-07,0.7991664807001729
11-08,0.47000026702881037,1.4700002670288068,-0.5500001907348633,0.44999980926513494,-0.7800006866454972,-0.5900001525878906,1.5100021362304616,5.599998474121101,-0.09999847412109375,0.930000305175767,-1.1800003051757884,2.5,7.0,5.0,12-08,0.8108334541320791
11-09,0.5100002288818359,1.869999885559082,0.05999946594238281,0.42000007629394354,10.10999870300293,1.1099967956542969,1.1100006103515554,5.599998474121094,-0.40000152587889914,1.6599998474120952,1.0999984741210866,2.5,11.0,1.0,12-09,2.137499252955117
11-10,0.36999988555908203,1.8100004196166992,0.039999961853027344,0.17000007629394354,10.199998855590827,0.6099967956542969,0.549999237060554,4.849998474121094,-1.0,-3.619998931884762,3.989997863769524,0.9300003051757812,10.0,2.0,12-10,1.574999411900839
11-11,0.019999980926515448,1.880000114440918,-0.3299999237060547,-0.15999984741210938,12.100000381469727,2.1300010681152344,-0.5499992370605327,4.150001525878913,-5.359996795654297,-4.619998931884762,3.5499992370605398,1.1199989318847656,7.0,5.0,12-11,1.160833875338238
11-12,-0.06000041961669833,2.1499996185302734,-0.7700004577636737,-0.22999954223632635,9.879999160766605,1.5999984741210938,-0.44000244140625,6.549999237060547,-4.55999755859375,-4.839998245239258,3.9300003051757812,2.1199989318847727,6.0,6.0,12-12,1.277499755223593
11-13,-0.11000061035156339,2.929999351501465,-0.6999998092651367,0.020000457763671875,8.84000205993652,2.3400001525878906,0.7000007629394673,6.599998474121094,-5.909999847412109,-5.210000991821293,4.159999847412109,1.1499977111816406,8.0,4.0,12-13,1.2341664632161464
11-14,-0.3099994659423828,2.989999771118164,-0.8699998855590838,0.15000057220458984,8.430002212524418,2.6999969482421875,-3.639999389648434,6.450000762939453,-6.849998474121094,-4.289999008178711,4.280002593994141,0.0,6.0,6.0,12-14,0.7533338864644373
11-15,-0.1599998474121076,2.9600000381469727,-1.1900005340576163,0.24000072479248047,8.060001373291016,-2.6199989318847656,-2.8599987030029332,6.5,-5.899997711181641,-5.119998931884766,4.370002746582024,0.0,5.0,7.0,12-15,0.35666751861572205
11-16,0.2000007629394549,2.880000114440918,-0.5199995040893555,0.23000049591064453,7.309999465942383,-3.6100006103515625,-2.6699981689453125,6.649997711181641,-6.149997711181641,-5.079999923706055,4.189998626708984,0.0,6.0,6.0,12-16,0.2858334382375083
11-17,0.3099994659423828,2.6700000762939453,-0.6599998474121094,-0.07999992370605469,7.519998550415046,-4.959999084472656,-1.600000381469716,6.25,-7.099998474121094,-5.679998397827152,3.3600006103515625,0.0,5.0,7.0,12-17,0.0025002161661795697
11-18,0.3600006103515643,2.4400005340576154,-0.8099994659423846,-0.1399993896484375,7.629999160766602,-5.760002136230469,-1.6199989318847585,5.849998474121094,-8.249999999999993,-6.670000076293949,3.2900009155273438,0.0,5.0,7.0,12-18,-0.30666669209798103
11-19,0.7200002670288104,2.6900005340576154,-0.3900003433227557,0.2700004577636719,7.560001373291005,-3.999999999999993,-1.6100006103515625,5.75,-6.950000762939446,-6.590000152587894,3.3199996948242188,0.0,6.0,5.0,12-19,0.06416670481363917
11-20,0.49000072479248225,3.0500001907348633,-0.4799995422363281,0.48000049591064453,8.220001220703125,-4.390003204345703,-2.049999237060547,5.049999237060547,-6.900001525878899,-5.88000106811522,4.590000152587898,0.0,6.0,5.0,12-20,0.18166645367940518
11-21,0.10999965667724432,2.989999771118164,-0.5900001525878906,0.6499996185302734,6.910001754760742,-4.270000457763672,-3.629999160766605,5.650001525878906,-7.650001525878906,-6.510000228881836,4.659999847412109,0.0,6.0,5.0,12-21,-0.13999994595845586
11-22,0.1700000762939453,3.1399993896484375,-0.1099996566772461,0.3699998855590838,6.450000762939457,-4.5300025939941335,-3.969999313354492,5.799999237060547,-6.299999237060547,-6.630001068115234,4.659999847412109,0.0,6.0,5.0,12-22,-0.07916688919067279
11-23,0.5900001525878906,3.6000003814697266,0.4599995613098127,0.3699998855590838,5.030000686645504,-4.660003662109382,-3.719999313354492,4.549999237060547,-6.650001525878906,-6.630001068115234,2.970001220703125,0.0,7.0,4.0,12-23,-0.34083370367686044
11-24,0.35999965667724965,3.1499996185302734,0.7199997901916495,0.5500001907348633,5.559999465942379,-3.970001220703125,-3.1699981689453125,4.399997711181641,-6.650001525878906,-7.870000839233402,2.2800025939941406,0.0,7.0,4.0,12-24,-0.3866668939590458
11-25,0.5699996948242223,3.0399999618530273,0.7199997901916495,0.5500001907348633,5.559999465942379,-3.1699981689453196,-3.5400009155273438,4.399997711181641,-6.350002288818352,-7.870000839233402,2.2800025939941406,0.0,7.0,4.0,12-25,-0.3175002336502078
11-26,0.7899999618530291,3.0399999618530273,0.2999992370605433,0.7300004959106428,5.329999923706048,-3.4300003051757812,-3.700000762939453,4.349998474121094,-6.200000762939446,-8.120000839233402,2.4300003051757812,0.0,7.0,4.0,12-26,-0.3733336925506598
11-27,0.7899999618530291,2.9300003051757812,0.3099994659423828,0.46999931335449396,5.090000152587891,-2.6899986267089844,-3.700000762939453,4.149997711181641,-6.400001525878899,-8.710000991821289,1.8899993896484375,0.0,7.0,4.0,12-27,-0.48916713396708084
11-28,0.8000001907348633,3.0,0.33999919891357067,0.3899993896484375,4.840000152587891,-2.6899986267089844,-2.8800010681152415,4.149997711181641,-7.549999237060547,-7.770000457763672,2.270000457763672,0.0,7.0,4.0,12-28,-0.42500019073486417
11-29,1.0,3.1500005722045916,0.5600004196166974,0.46000003814697266,4.840000152587891,-0.8199996948242188,-2.7100028991699148,5.350002288818359,-6.299999237060547,-7.3600006103515625,2.270000457763672,0.0,7.0,4.0,12-29,0.036666790644328394
11-30,0.9600000381469727,3.25,-0.3599996566772443,0.6700000762939435,6.89000129699707,-0.7799987792968679,-3.5600013732910156,4.75,-6.799999237060547,-7.819999694824222,3.0800018310546875,0.0,6.0,5.0,12-30,0.023333708445231416
12-01,0.7000007629394531,2.84999942779541,0.0900001525878924,0.40999984741211115,6.730001449584961,-0.9000015258789062,-4.520000457763672,4.400001525878906,-6.400001525878906,-8.48999977111816,2.770000457763672,0.0,7.0,4.0,12-31,-0.19666663805643658
12-02,0.6700000762939453,2.6999998092651367,-0.17999935150146484,0.40999984741211115,6.730001449584961,-2.3600006103515625,-3.4099998474121094,4.75,-5.400001525878906,-8.48999977111816,2.770000457763672,0.0,6.0,5.0,01-01,-0.15083328882853145
12-03,0.9900002479553214,2.3999996185302734,-0.1399993896484375,0.31000041961669744,6.2899990081787,-2.359996795654297,-2.779998779296875,3.799999237060547,-5.25,-8.25,3.359996795654297,0.0,6.0,5.0,01-02,-0.13583330313364783
12-04,0.4600000381469709,1.9600000381469744,-0.05000019073486506,0.46000003814697266,9.529998779296875,-3.0,-3.1300010681152344,4.049999237060547,-5.600002288818359,-7.899999618530263,3.5,0.0,6.0,5.0,01-03,0.023332913716634856
12-05,0.619999885559082,1.8000001907348633,-0.3699998855590838,0.7799997329711932,-1.0900001525878906,-4.6999969482421875,-3.2800006866455114,3.4499969482421875,-5.0,-1.1000003814697301,1.279998779296875,0.0,5.0,6.0,01-04,-0.6341668764750169
12-06,0.28999996185302734,2.3900003433227557,-0.19999980926513672,1.0799999237060565,-1.1800003051757884,-4.25,-3.420000076293949,2.75,-5.200000762939453,-1.1000003814697301,-1.6100006103515625,0.0,4.0,7.0,01-05,-0.8708334763844817
12-07,0.5,1.5600004196166992,-0.39999961853027344,1.4099998474121094,-2.8500022888183665,-4.5,-4.0,3.2900009155273438,-1.1000022888183594,-0.10000038146973012,-1.1100006103515625,0.0,4.0,7.0,01-06,-0.608333667119345
12-08,0.8299999237060547,1.1599998474121076,0.2800006866455096,1.579999923706053,-2.75,-4.649997711181641,-4.64999961853027,-0.2599983215332031,-1.9000015258789062,-0.8300018310546875,-1.5900001525878906,0.0,4.0,7.0,01-07,-1.0649998982747395
12-09,1.010000228881835,-0.029999732971193183,0.21000003814697266,1.4199991226196271,-2.4200019836425852,-6.69000244140625,-3.949998855590824,-0.30999755859375,-0.34999847412109375,0.2899990081787074,-1.1399993896484446,0.0,4.0,7.0,01-08,-0.9966666698455832
12-10,0.9499998092651367,-0.0900001525878924,0.6099996566772496,1.3599996566772443,0.5600013732910156,-5.430000305175781,-0.4499988555908203,-1.1000022888183594,0.40000152587890625,0.5999984741210973,-1.6500015258789062,0.0,6.0,5.0,01-09,-0.3533335526784258
12-11,0.8000001907348615,-0.3400001525878906,0.6499996185302752,1.2299995422363281,1.5799980163574219,0.5199966430664062,-1.229999542236321,-1.4000015258789062,0.5500030517578125,1.0900001525878977,-1.5500030517578196,0.0,7.0,4.0,01-10,0.15833274523417215
12-12,0.5299997329711896,-0.4600000381469709,0.7899999618530291,1.0,2.049999237060547,1.5099983215332031,-2.8999996185302734,-2.25,1.25,0.4500007629394531,-1.6599998474121165,0.0,7.0,4.0,01-11,0.025833209355671755
12-13,2.799999237060547,-0.38000011444091797,1.400000572204589,1.1200008392333984,1.8400001525878835,3.8699989318847656,-3.8400001525878906,-1.8000030517578125,0.7999992370605469,1.6700000762939453,-0.8300018310546946,0.0,7.0,4.0,01-12,0.5541661580403633
12-14,3.8399991989135707,-0.43000030517578125,1.1700000762939435,1.1800003051757812,1.029998779296875,3.6699981689453125,-4.260000228881832,-1.75,1.7999992370605469,2.660001754760742,-1.0800018310546804,0.0,7.0,4.0,01-13,0.6524995962778731
12-15,3.75,-0.6400003433227539,1.2000007629394531,0.75,0.8699989318847727,3.1899986267089844,-4.440000534057621,-1.9000015258789062,0.5,2.690000534057617,-1.2900009155273438,0.0,7.0,4.0,01-14,0.3899996280670169
12-16,3.9200000762939435,-0.9400005340576172,1.2899999618530256,0.7399997711181641,-0.8199996948242188,3.490001678466804,-6.549999237060547,-1.2000007629394531,0.4500007629394531,3.030000686645508,-0.8400001525878906,0.0,6.0,5.0,01-15,0.21416687965393097
12-17,4.1200008392334,-0.880000114440918,1.400000572204588,0.6999998092651367,0.6100006103515696,2.220001220703125,-5.89999961853027,-1.8000030517578125,0.7999992370605469,2.720001220703125,-0.8400001525878906,0.0,7.0,4.0,01-16,0.2625000476837167
12-18,4.060000419616699,-1.0299997329711914,1.7200002670288086,0.5099992752075195,1.270000457763679,1.1100006103515554,-5.559999465942383,-1.4000015258789062,1.4000015258789062,1.7700004577636648,-2.069999694824226,0.0,7.0,4.0,01-17,0.14833354949951053
12-19,3.640000343322754,-0.7399997711181641,1.5399999618530291,0.18000030517577947,1.9500007629394602,1.240001678466804,-5.809999465942383,-1.4500007629394531,1.9000015258789062,2.29000091552734,-1.6800003051757812,0.0,7.0,4.0,01-18,0.25500043233235764
12-20,3.4399995803833026,-0.6499996185302734,1.3499994277954102,-0.10999965667724965,1.4200019836425852,0.5499992370605469,-5.8600006103515625,-2.6500015258789062,2.1000022888183594,2.9700012207031214,-0.9900016784667969,0.0,6.0,5.0,01-19,0.13083338737487807
12-21,3.109999656677246,-0.8299999237060547,1.7600002288818377,-0.2899999618530291,1.1300010681152486,-0.049999237060546875,-6.69999885559082,-1.7999992370605469,1.9500007629394531,3.2200012207031214,-1.0400009155273438,0.0,5.0,6.0,01-20,0.038333733876547114
12-22,3.369999885559082,-1.2699995040893555,1.7499999999999982,0.030000686645506036,1.040000915527358,0.6699981689453196,-7.740001678466793,-1.5999984741210938,2.1500015258789062,3.820001602172848,-0.6199989318847727,0.0,7.0,4.0,01-21,0.1333336830139169
12-23,3.1399993896484375,-1.3399991989135742,1.7200002670288104,0.06000041961669922,0.579998016357429,-0.8300018310546875,-7.960000991821282,-1.5999984741210938,2.0999984741210938,4.190000534057617,-0.4500007629394531,0.0,6.0,5.0,01-22,-0.032500346501666964
12-24,2.939999580383301,-1.4899997711181658,1.6499996185302752,0.0800008773803711,0.4399986267089844,-1.7099990844726562,-8.129999160766609,-1.9000015258789062,2.3499984741210938,4.630001068115238,-1.220001220703125,0.0,6.0,5.0,01-23,-0.19666687647501657
12-26,2.939999580383299,-1.7700004577636719,1.8299999237060547,0.06000041961669922,1.2399978637695312,-1.750000000000007,-7.450000762939453,-1.7000007629394531,1.7999992370605469,2.6400012969970703,-1.4099998474121094,0.0,6.0,5.0,01-25,-0.29750029246012444
12-27,2.9499998092651367,-1.4400005340576207,1.6899995803833043,-0.05999946594238459,1.3999977111816406,-0.6299972534179688,-6.89000129699707,-0.8000030517578125,1.75,2.0200004577636683,-1.0999984741210938,0.0,5.0,6.0,01-26,-0.09250020980835005
12-28,3.399999618530275,-1.619999885559082,1.6199998855590803,0.03999996185302912,0.540000915527358,-0.3400001525878906,-7.430000305175781,0.3999977111816406,1.5999984741210938,1.7800006866455078,-1.4099998474121094,0.0,7.0,4.0,01-27,-0.11833357810973988
12-29,3.4099998474121076,-0.9799995422363299,1.5300006866455078,-0.18999958038330256,-0.6899986267089773,-0.029998779296875,-6.850000381469727,0.14999771118164062,1.9500007629394531,2.179998397827145,-2.1999969482421875,0.0,5.0,6.0,01-28,-0.1433330376942954
12-30,3.469999313354492,-0.6999998092651385,1.8500003814697266,-0.2899999618530291,-0.8999977111816406,0.18000030517578125,-6.679998397827145,0.75,1.3499984741210938,2.6399993896484375,-3.5999984741210938,0.0,6.0,5.0,01-29,-0.16083304087320963
12-31,3.799999237060547,-0.5399999618530273,1.5699996948242188,-0.23999977111816584,-0.7599983215332031,-0.20999908447265625,-6.539999008178707,0.9000015258789062,1.3499984741210938,2.429998397827145,-3.3899993896484375,0.0,5.0,6.0,01-30,-0.13583318392435725
