,2010,2011,2012,2013,2014,2015,2016,2017,2018,2019,2020,ups,downs,avg
01-02,0.0,7.3921577603209245,5.564430447742458,0.0,0.0,-0.8430505123392061,-9.398905436197918,0.0,0.0,0.0,1.1734181903363048,3.0,7.0,0.3534591318056877
01-03,0.0,7.3921577603209245,5.564430447742458,0.0,0.0,-0.8430505123392061,-9.398905436197918,0.0,0.0,0.0,1.1734181903363048,3.0,7.0,0.3534591318056877
01-04,0.0,21.596948495572477,5.564430447742458,0.0,0.0,-0.8430505123392061,-9.398905436197918,0.0,0.0,0.0,1.1734181903363048,3.0,7.0,1.6448037441012835
01-05,0.0,21.596948495572477,5.564430447742458,0.0,0.0,-12.45936263013743,-9.398905436197918,0.0,0.0,0.0,1.1734181903363048,3.0,7.0,0.5887753697559902
01-06,0.0,21.596948495572477,5.564430447742458,0.0,0.0,-12.45936263013743,-9.398905436197918,0.0,0.0,0.0,1.1734181903363048,3.0,7.0,0.5887753697559902
01-07,0.0,21.596948495572477,5.564430447742458,0.0,0.0,-11.150164935969649,-5.978143410604508,0.7524454822615708,0.0,0.0,1.1734181903363048,4.0,6.0,1.0871758426671503
01-08,0.0,21.596948495572477,5.564430447742458,0.0,0.0,-11.150164935969649,-4.098360655737705,0.7524454822615708,0.0,0.0,1.1734181903363048,4.0,6.0,1.258065184018678
01-09,0.0,21.596948495572477,5.564430447742458,0.0,0.0,-11.150164935969649,-4.098360655737705,0.7524454822615708,0.0,7.668200368284123,1.1734181903363048,5.0,5.0,1.9551743084081439
01-10,0.0,21.596948495572477,0.0,0.0,0.0,-11.150164935969649,-4.098360655737705,0.7524454822615708,0.0,7.668200368284123,1.1734181903363048,4.0,6.0,1.449316994977011
01-11,0.0,21.596948495572477,0.0,0.0,0.0,-11.150164935969649,-4.098360655737705,0.7524454822615708,0.0,7.668200368284123,1.1734181903363048,4.0,6.0,1.449316994977011
01-12,0.0,21.596948495572477,0.0,0.0,0.0,-11.150164935969649,-4.098360655737705,0.7524454822615708,0.0,7.668200368284123,1.1734181903363048,4.0,6.0,1.449316994977011
01-13,0.0,21.596948495572477,0.0,0.0,0.0,-11.519199447835868,-4.098360655737705,0.7524454822615708,0.0,7.668200368284123,1.1734181903363048,4.0,6.0,1.4157684029891728
01-14,0.0,21.596948495572477,0.0,0.0,0.0,-11.519199447835868,0.0,0.7524454822615708,0.0,8.80489291932835,1.1734181903363048,4.0,6.0,1.8916823308784394
01-15,0.0,21.596948495572477,0.0,0.0,0.0,-11.519199447835868,0.0,0.7524454822615708,0.0,8.80489291932835,1.1734181903363048,4.0,6.0,1.8916823308784394
01-16,0.0,21.596948495572477,0.0,0.0,0.0,-11.519199447835868,0.0,4.170303341047351,-4.1504739147924745,8.80489291932835,0.0,3.0,7.0,1.7184064903018033
01-17,0.0,21.596948495572477,0.0,0.0,0.0,-11.519199447835868,0.0,4.170303341047351,-4.1504739147924745,8.80489291932835,0.0,3.0,7.0,1.7184064903018033
01-18,0.0,21.596948495572477,0.0,0.0,0.0,-11.519199447835868,0.0,4.170303341047351,-4.1504739147924745,8.80489291932835,0.0,3.0,7.0,1.7184064903018033
01-19,0.0,15.338647777245495,0.0,0.0,0.0,-11.519199447835868,0.0,4.170303341047351,-4.1504739147924745,8.80489291932835,0.0,3.0,7.0,1.1494700613629865
01-20,0.0,15.338647777245495,0.0,0.0,0.0,-11.519199447835868,0.0,4.170303341047351,-4.1504739147924745,8.80489291932835,0.0,3.0,7.0,1.1494700613629865
01-21,0.0,15.338647777245495,0.0,0.0,0.0,-11.519199447835868,0.0,4.170303341047351,-4.1504739147924745,8.80489291932835,0.0,3.0,7.0,1.1494700613629865
01-22,0.0,15.338647777245495,0.0,0.0,0.0,-11.519199447835868,0.0,4.170303341047351,-4.1504739147924745,8.80489291932835,0.0,3.0,7.0,1.1494700613629865
01-23,0.0,15.338647777245495,0.0,0.0,0.0,-11.519199447835868,0.0,4.170303341047351,-4.1504739147924745,8.80489291932835,0.0,3.0,7.0,1.1494700613629865
01-24,0.0,15.338647777245495,0.0,0.0,0.0,-11.519199447835868,0.0,4.170303341047351,-4.1504739147924745,8.80489291932835,0.0,3.0,7.0,1.1494700613629865
01-25,0.0,15.338647777245495,12.691769005984074,0.0,0.0,-11.519199447835868,0.0,4.170303341047351,-4.1504739147924745,8.80489291932835,0.0,4.0,6.0,2.303267243725175
01-26,0.0,15.338647777245495,12.691769005984074,0.0,0.0,-11.519199447835868,0.0,4.170303341047351,-4.1504739147924745,8.80489291932835,0.0,4.0,6.0,2.303267243725175
01-27,0.0,15.338647777245495,12.691769005984074,0.0,0.0,-11.519199447835868,0.0,4.170303341047351,-4.1504739147924745,8.80489291932835,0.0,4.0,6.0,2.303267243725175
01-28,0.0,15.338647777245495,12.691769005984074,0.0,0.0,-11.519199447835868,0.0,4.170303341047351,-4.1504739147924745,8.80489291932835,0.0,4.0,6.0,2.303267243725175
01-29,0.0,15.338647777245495,12.691769005984074,0.0,0.0,-11.519199447835868,0.0,4.170303341047351,-4.1504739147924745,8.80489291932835,0.0,4.0,6.0,2.303267243725175
01-30,0.0,15.338647777245495,12.691769005984074,0.0,0.0,-11.519199447835868,0.0,4.170303341047351,-4.1504739147924745,8.80489291932835,0.0,4.0,6.0,2.303267243725175
01-31,0.0,15.338647777245495,12.691769005984074,0.0,0.0,8.069471120277317,0.0,4.170303341047351,-7.395034431305099,8.80489291932835,0.0,5.0,5.0,3.789095430234317
02-01,0.0,0.0,12.691769005984074,0.0,0.0,8.069471120277317,0.0,4.170303341047351,-7.395034431305099,8.80489291932835,0.0,4.0,6.0,2.394672905030181
02-02,0.0,0.0,12.691769005984074,0.0,0.0,8.069471120277317,0.0,3.4437703532281088,-7.395034431305099,8.80489291932835,0.0,4.0,6.0,2.328624451592068
02-03,0.0,0.0,12.691769005984074,0.0,0.0,8.069471120277317,0.0,3.4437703532281088,-7.395034431305099,8.80489291932835,0.0,4.0,6.0,2.328624451592068
02-04,0.0,0.0,13.16610693375338,0.0,0.0,8.069471120277317,0.0,3.4437703532281088,-7.395034431305099,8.80489291932835,0.0,4.0,6.0,2.371746081389278
02-05,0.0,0.0,13.16610693375338,0.0,0.0,8.069471120277317,0.0,3.4437703532281088,-7.395034431305099,8.80489291932835,0.0,4.0,6.0,2.371746081389278
02-06,0.0,0.0,13.16610693375338,0.0,0.0,8.069471120277317,0.0,3.4437703532281088,-7.395034431305099,1.2310954141240134,0.0,4.0,6.0,1.683219035461611
02-07,0.0,0.0,13.16610693375338,0.0,0.0,8.069471120277317,0.0,3.4437703532281088,-7.395034431305099,1.2310954141240134,0.0,4.0,6.0,1.683219035461611
02-08,0.0,0.0,13.16610693375338,0.0,0.0,8.069471120277317,0.0,3.4437703532281088,-7.395034431305099,1.2310954141240134,0.0,4.0,6.0,1.683219035461611
02-09,0.0,0.0,13.16610693375338,0.0,0.0,8.069471120277317,0.0,3.4437703532281088,-7.395034431305099,0.0,0.0,3.0,7.0,1.5713012705412461
02-10,0.0,0.0,13.16610693375338,0.0,0.0,8.069471120277317,0.0,3.4437703532281088,-7.395034431305099,0.0,0.0,3.0,7.0,1.5713012705412461
02-11,0.0,0.0,13.16610693375338,0.0,0.0,8.069471120277317,0.0,0.0,-7.395034431305099,0.0,0.0,2.0,8.0,1.2582312384295997
02-12,0.0,0.0,13.16610693375338,0.0,1.891540394946448,8.069471120277317,0.0,0.0,-7.395034431305099,0.0,0.0,3.0,7.0,1.4301894561520039
02-13,0.0,0.0,13.16610693375338,0.0,1.891540394946448,8.069471120277317,0.0,0.0,-3.1152623646888653,0.0,0.0,3.0,7.0,1.819259644026207
02-14,0.0,0.0,13.16610693375338,0.0,1.891540394946448,8.069471120277317,0.0,0.0,-3.1152623646888653,0.0,0.0,3.0,7.0,1.819259644026207
02-15,0.0,0.0,13.16610693375338,0.0,2.4080794932069676,8.069471120277317,0.0,0.0,-3.1152623646888653,0.0,0.0,3.0,7.0,1.8662177438680727
02-16,0.0,0.0,13.16610693375338,0.0,2.509056369962079,8.069471120277317,0.0,0.0,-3.1152623646888653,0.0,0.0,3.0,7.0,1.8753974599367191
02-17,0.0,0.0,13.16610693375338,0.0,2.0869445722653546,8.069471120277317,0.0,0.0,-7.492462927561375,0.0,0.0,3.0,7.0,1.4390963362486067
02-18,0.0,0.0,13.16610693375338,0.0,1.7807531296455705,8.069471120277317,0.0,0.0,-8.617865921391436,0.0,0.0,3.0,7.0,1.3089513874804393
02-19,0.0,0.0,13.16610693375338,1.9753299416577579,0.7112728996570333,8.069471120277317,0.0,0.0,-8.617865921391436,0.0,0.0,4.0,6.0,1.39130136126855
02-20,0.0,0.0,13.16610693375338,1.9753299416577579,0.7112728996570333,8.069471120277317,0.0,0.0,-8.617865921391436,0.0,0.0,4.0,6.0,1.39130136126855
02-21,0.0,0.0,13.16610693375338,1.9753299416577579,0.7112728996570333,8.069471120277317,0.0,0.0,-8.617865921391436,0.0,0.0,4.0,6.0,1.39130136126855
02-22,0.0,0.0,0.5432911907261276,1.9753299416577579,0.34373293918156755,8.069471120277317,0.0,0.0,-8.617865921391436,0.0,0.0,4.0,6.0,0.21035993367739392
02-23,0.0,0.0,0.5432911907261276,1.9753299416577579,0.34373293918156755,8.069471120277317,0.0,0.0,-8.617865921391436,0.0,0.0,4.0,6.0,0.21035993367739392
02-24,0.0,0.0,0.5432911907261276,1.9753299416577579,0.5803250176982762,8.069471120277317,0.0,0.0,-8.779343468528044,0.0,0.0,4.0,6.0,0.2171885274392215
02-25,0.0,0.0,0.5432911907261276,1.9753299416577579,0.8157897413822642,8.069471120277317,0.0,0.0,-8.779343468528044,3.9086883680316395,0.0,5.0,5.0,0.5939297175951874
02-26,0.0,0.0,0.5432911907261276,1.9753299416577579,0.8157897413822642,0.0,0.0,0.0,-8.779343468528044,3.9086883680316395,-78.11778604833918,4.0,6.0,-7.241275479551768
02-27,0.0,0.0,0.5432911907261276,1.9753299416577579,0.8157897413822642,0.0,0.0,-3.8635639542093565,-8.779343468528044,3.9086883680316395,-78.11778604833918,4.0,6.0,-7.592508566298073
02-28,0.0,0.0,0.5432911907261276,1.9753299416577579,0.8157897413822642,-1.1024958245496927,0.0,-3.8635639542093565,-5.492960958395239,3.9086883680316395,-78.11778604833918,4.0,6.0,-7.393973413063244
02-29,0.0,0.0,0.5432911907261276,0.0,0.0,0.0,0.0,0.0,0.0,0.0,-78.11778604833918,1.0,2.0,-7.052226805237551
03-01,0.0,0.0,0.0,1.9753299416577579,0.8157897413822642,-1.1024958245496927,0.0,-3.8635639542093565,-5.492960958395239,3.9086883680316395,-78.11778604833918,3.0,7.0,-7.443363521311073
03-02,0.0,0.0,0.0,1.9753299416577579,1.3953069675328573,-1.1024958245496927,0.0,-3.8635639542093565,-5.492960958395239,3.9086883680316395,-78.11778604833918,3.0,7.0,-7.390680137115566
03-03,0.0,0.0,0.0,1.9753299416577579,1.8745149693509957,-1.1024958245496927,0.0,-3.8635639542093565,-5.492960958395239,3.9086883680316395,-78.11778604833918,3.0,7.0,-7.3471157733139165
03-04,0.0,0.0,0.0,1.9753299416577579,1.8745149693509957,-1.1024958245496927,0.0,-3.8635639542093565,-5.492960958395239,3.9086883680316395,-78.11778604833918,3.0,7.0,-7.3471157733139165
03-05,0.0,0.0,0.0,1.9753299416577579,1.8745149693509957,-1.1024958245496927,0.0,-3.8635639542093565,-5.492960958395239,3.9086883680316395,-78.11778604833918,3.0,7.0,-7.3471157733139165
03-06,0.0,0.0,5.854823472796795,1.9753299416577579,1.8745149693509957,-1.1024958245496927,0.0,-3.8635639542093565,-5.492960958395239,3.9086883680316395,-78.11778604833918,4.0,6.0,-6.814859093968753
03-07,0.0,0.0,5.854823472796795,1.9753299416577579,1.8745149693509957,-1.1024958245496927,0.0,-3.8635639542093565,-5.492960958395239,3.9086883680316395,-78.11778604833918,4.0,6.0,-6.814859093968753
03-08,0.0,0.0,5.854823472796795,1.9753299416577579,2.509056369962079,-1.1024958245496927,0.0,-3.8635639542093565,-5.492960958395239,3.9086883680316395,-78.11778604833918,4.0,6.0,-6.757173512095019
03-09,0.0,0.0,5.854823472796795,5.619620439581836,3.1852052329323572,-1.1024958245496927,0.0,-3.8635639542093565,-5.492960958395239,3.9086883680316395,-78.11778604833918,4.0,6.0,-6.364406297468259
03-10,0.0,0.0,5.854823472796795,5.619620439581836,3.1852052329323572,-1.1024958245496927,0.0,-3.8635639542093565,-5.492960958395239,3.9086883680316395,-78.11778604833918,4.0,6.0,-6.364406297468259
03-11,0.0,0.0,5.854823472796795,5.619620439581836,3.1852052329323572,-1.1024958245496927,0.0,-3.8635639542093565,-5.492960958395239,3.9086883680316395,-78.11778604833918,4.0,6.0,-6.364406297468259
03-12,0.0,7.748853195734736,5.854823472796795,5.619620439581836,2.2061930486083394,-1.1024958245496927,0.0,-3.8635639542093565,-5.492960958395239,3.9086883680316395,-78.11778604833918,5.0,5.0,-5.74896620552183
03-13,0.0,7.748853195734736,5.854823472796795,5.619620439581836,1.6885853962963933,-1.1024958245496927,0.0,-3.8635639542093565,-5.492960958395239,3.9086883680316395,-78.11778604833918,5.0,5.0,-5.796021446641098
03-14,0.0,7.748853195734736,5.854823472796795,5.619620439581836,1.5867587114124024,-1.1024958245496927,0.0,-3.8635639542093565,-5.492960958395239,3.9086883680316395,-78.11778604833918,5.0,5.0,-5.805278417994187
03-15,0.0,7.748853195734736,5.854823472796795,5.619620439581836,2.0110268543685486,-1.1024958245496927,0.0,-3.8635639542093565,-1.1971821148371042,3.9086883680316395,-78.11778604833918,5.0,5.0,-5.37618323740198
03-16,0.0,7.748853195734736,5.854823472796795,5.619620439581836,2.0110268543685486,-1.1024958245496927,0.0,-3.8635639542093565,-0.1486657335483573,3.9086883680316395,-78.11778604833918,5.0,5.0,-5.2808635663757295
03-17,0.0,7.748853195734736,5.854823472796795,5.619620439581836,2.0110268543685486,-1.1024958245496927,0.0,-3.8635639542093565,-0.1486657335483573,3.9086883680316395,-78.11778604833918,5.0,5.0,-5.2808635663757295
03-18,0.0,7.748853195734736,5.854823472796795,5.619620439581836,2.3165004352024097,-1.1024958245496927,0.0,-3.8635639542093565,-0.1486657335483573,3.9086883680316395,-78.11778604833918,5.0,5.0,-5.253093240845379
03-19,0.0,7.748853195734736,5.854823472796795,3.717727890086315,3.3686900908827075,-1.1024958245496927,0.0,-3.8635639542093565,-0.1486657335483573,3.9086883680316395,-78.11778604833918,5.0,5.0,-5.330338958464946
03-20,0.0,7.748853195734736,5.854823472796795,3.717727890086315,3.725073777249514,-1.1024958245496927,0.0,-3.8635639542093565,-0.1486657335483573,3.9086883680316395,-78.11778604833918,5.0,5.0,-5.297940441522508
03-21,0.0,7.748853195734736,5.854823472796795,3.717727890086315,3.725073777249514,-1.1024958245496927,0.0,-3.8635639542093565,-0.1486657335483573,3.9086883680316395,-78.11778604833918,5.0,5.0,-5.297940441522508
03-22,0.0,7.748853195734736,5.854823472796795,3.717727890086315,3.4959653547150595,-1.1024958245496927,0.0,-3.8635639542093565,0.0,3.9086883680316395,-78.11778604833918,5.0,5.0,-5.305253413248517
03-23,0.0,7.748853195734736,5.854823472796795,3.717727890086315,3.4959653547150595,-1.1024958245496927,0.0,-3.8635639542093565,0.0,0.0,-78.11778604833918,4.0,6.0,-5.660588719433211
03-24,0.0,7.748853195734736,5.854823472796795,3.717727890086315,3.4959653547150595,-1.1024958245496927,0.0,-3.8635639542093565,0.0,0.0,-78.11778604833918,4.0,6.0,-5.660588719433211
03-25,0.0,7.748853195734736,5.854823472796795,3.717727890086315,3.2668634059987047,-1.1024958245496927,0.0,0.0,0.0,-1.1546600600058046,0.0,4.0,6.0,1.6664647345510049
03-26,0.0,7.748853195734736,5.854823472796795,3.717727890086315,3.2668634059987047,0.0,0.0,0.0,0.0,-1.1546600600058046,0.0,4.0,6.0,1.766691627691886
03-27,0.0,7.748853195734736,5.854823472796795,3.717727890086315,3.2668634059987047,0.0,0.0,0.0,0.0,-0.9075064933736912,0.0,4.0,7.0,1.789160133749351
03-28,0.0,7.748853195734736,5.854823472796795,3.717727890086315,2.6983456481538126,0.0,0.0,0.0,0.0,-0.9075064933736912,0.0,4.0,7.0,1.7374767012179968
03-29,0.0,7.748853195734736,5.854823472796795,3.717727890086315,2.2231609258466216,0.0,0.0,0.0,0.0,-0.9075064933736912,0.0,4.0,7.0,1.6942780900991614
03-30,-1.9177492016282456,7.748853195734736,5.854823472796795,3.717727890086315,2.2231609258466216,0.0,0.0,0.0,0.0,-0.0415236738271067,0.0,4.0,7.0,1.5986629644553743
03-31,-2.581396768259448,7.748853195734736,5.854823472796795,3.717727890086315,2.2231609258466216,0.0,0.0,0.0,0.0,-0.0415236738271067,0.0,4.0,7.0,1.5383313674889012
04-01,-2.581396768259448,7.748853195734736,5.854823472796795,3.717727890086315,2.2231609258466216,0.0,0.0,0.0,0.0,-0.0415236738271067,0.0,4.0,7.0,1.5383313674889012
04-02,-2.581396768259448,7.748853195734736,5.854823472796795,3.717727890086315,2.2231609258466216,0.0,0.0,0.0,0.0,0.0,0.0,4.0,7.0,1.5421062469277294
04-03,-3.5932332397905338,7.748853195734736,0.0,3.717727890086315,1.5867587114124024,0.0,0.0,0.0,0.0,0.0,0.0,3.0,8.0,0.8600096870402655
04-04,-3.5932332397905338,7.748853195734736,0.0,0.0,0.8994463914452377,0.0,0.0,0.0,0.0,0.0,0.0,2.0,9.0,0.45955148612631275
04-05,-3.5932332397905338,7.748853195734736,0.0,0.0,0.8994463914452377,0.0,0.0,0.0,0.0,0.0,0.0,2.0,9.0,0.45955148612631275
04-06,-3.5932332397905338,7.337333181081871,0.0,0.0,0.8994463914452377,0.0,0.0,0.0,0.0,0.0,0.0,2.0,9.0,0.42214057570332497
04-07,-3.5932332397905338,-0.4460866112873491,0.0,0.0,0.8994463914452377,0.0,0.0,0.0,0.0,0.0,0.0,1.0,10.0,-0.2854430417847859
04-08,-3.5932332397905338,-0.4460866112873491,0.0,0.0,0.8994463914452377,0.0,0.0,0.0,0.0,0.0,0.0,1.0,10.0,-0.2854430417847859
04-09,-3.5932332397905338,-1.7926757576381285,0.0,0.0,0.0,0.0,0.0,0.0,0.0,0.0,0.0,0.0,11.0,-0.4896280906753329
04-10,-2.2484961391443123,-2.2069238935347775,0.0,0.0,0.0,0.0,0.0,0.0,-0.007827010062443166,0.0,0.0,0.0,11.0,-0.4057497311583212
04-11,-4.650056971573945,-2.5117775033830734,0.0,0.0,0.0,0.0,0.0,0.0,-0.007827010062443166,0.0,0.0,0.0,11.0,-0.651787407729042
04-12,-2.820510586095758,-2.5117775033830734,0.0,0.0,0.0,0.0,0.0,0.0,-0.007827010062443166,0.0,0.0,0.0,11.0,-0.4854650090492068
04-13,-2.820510586095758,6.727608828389411,0.0,0.0,0.0,0.0,0.0,0.0,-0.007827010062443166,0.0,0.0,1.0,10.0,0.35447920293011
04-14,-2.820510586095758,6.727608828389411,1.0978411713021128,0.0,0.0,0.0,0.0,0.0,-0.007827010062443166,0.0,0.0,2.0,9.0,0.4542829457757566
04-15,-2.820510586095758,6.727608828389411,1.0978411713021128,0.0,0.0,0.0,0.0,0.0,-0.007827010062443166,0.0,0.0,2.0,9.0,0.4542829457757566
04-16,-2.820510586095758,6.980048589029278,1.0978411713021128,0.0,0.0,0.0,0.0,0.0,-0.007827010062443166,0.0,0.0,2.0,9.0,0.4772320149248354
04-17,-2.820510586095758,6.980048589029278,1.0978411713021128,0.0,0.0,0.0,0.0,0.0,-0.007827010062443166,0.0,0.0,2.0,9.0,0.4772320149248354
04-18,-2.820510586095758,7.138789341371249,0.09785166775422999,0.0,0.0,0.0,0.0,0.0,-0.007827010062443166,0.0,0.0,2.0,9.0,0.4007548557242979
04-19,-5.652696072698353,6.847354531876794,0.09785166775422999,0.0,0.0,0.0,0.0,0.0,-0.007827010062443166,1.1414798481067014,0.0,3.0,8.0,0.22056026954335728
04-20,-5.34989666971543,8.989542785006535,0.09785166775422999,0.0,0.0,0.0,0.0,0.0,-0.007827010062443166,1.1414798481067014,0.0,3.0,8.0,0.44283187464450846
04-21,-7.063106294963313,8.989542785006535,0.09785166775422999,0.0,0.0,0.0,0.0,0.0,-0.007827010062443166,1.1414798481067014,-0.47568861944698,3.0,8.0,0.24384112512679368
04-22,-7.063106294963313,8.989542785006535,0.09785166775422999,0.0,0.0,0.0,0.0,0.0,-0.007827010062443166,1.1414798481067014,-0.47568861944698,3.0,8.0,0.24384112512679368
04-23,-7.063106294963313,11.445613041112548,0.09785166775422999,0.0,0.0,0.0,0.0,0.0,-0.007827010062443166,1.1414798481067014,-0.47568861944698,3.0,8.0,0.4671202393182494
04-24,-10.109832996063702,13.783991426550756,0.09785166775422999,0.0,0.0,0.0,0.0,0.0,-0.007827010062443166,-1.2367491166077738,-0.47568861944698,2.0,9.0,0.1865223047385534
04-25,-10.275001525878906,13.783991426550756,0.09785166775422999,0.0,0.0,0.0,0.0,0.0,-0.007827010062443166,-2.1130780870417403,-0.47568861944698,2.0,9.0,0.09184071380681057
04-26,-10.275001525878906,13.783991426550756,0.09785166775422999,0.0,0.0,0.0,0.0,0.0,-0.007827010062443166,-2.1130780870417403,-0.47568861944698,2.0,9.0,0.09184071380681057
04-27,-11.002813326882578,13.783991426550756,0.09785166775422999,0.0,0.0,0.0,0.0,0.0,-0.007827010062443166,-2.1130780870417403,-0.47568861944698,2.0,9.0,0.025676004624658633
04-28,-10.454661348366617,13.783991426550756,0.09785166775422999,0.0,0.0,0.0,0.0,0.0,-0.007827010062443166,-2.1130780870417403,-0.47568861944698,2.0,9.0,0.07550800267156413
04-29,-9.375806568883164,13.783991426550756,0.09785166775422999,0.0,0.0,0.0,0.0,0.0,-0.007827010062443166,-2.1130780870417403,-4.75384104538673,2.0,9.0,-0.21533723791537193
04-30,-9.375806568883164,13.783991426550756,0.09785166775422999,0.0,0.0,0.0,0.0,0.0,-0.007827010062443166,-3.146855773737875,-4.75384104538673,2.0,9.0,-0.30931702761502056
05-01,-9.375806568883164,13.6357591262633,0.09785166775422999,0.0,0.0,0.0,0.0,0.0,-0.007827010062443166,-3.146855773737875,-4.75384104538673,2.0,9.0,-0.32279269127751653
05-02,-6.583231584203163,13.6357591262633,0.09785166775422999,0.0,0.0,0.0,0.0,0.0,-0.007827010062443166,-3.146855773737875,-4.75384104538673,2.0,9.0,-0.06892223812478916
05-03,-6.583231584203163,13.6357591262633,0.09785166775422999,0.0,0.0,0.0,0.0,0.0,-0.007827010062443166,-3.146855773737875,-4.75384104538673,2.0,9.0,-0.06892223812478916
05-04,-4.696345581760587,15.163768150427812,0.09785166775422999,0.0,0.0,0.0,0.0,0.0,-0.007827010062443166,-3.2352511363176935,-4.75384104538673,2.0,9.0,0.23348682224132603
05-05,-4.59347282887873,16.286044858213046,0.09785166775422999,0.0,0.0,0.0,0.0,0.0,3.7505616608843955,-3.2352511363176935,-4.75384104538673,3.0,8.0,0.6865357432971378
05-06,-5.969050257489729,16.625340363301767,0.09785166775422999,0.0,0.0,0.0,0.0,0.0,4.26249322590495,-3.2352511363176935,-4.75384104538673,3.0,8.0,0.6388675288878901
05-07,-3.5372205202418843,16.873283249271932,0.09785166775422999,0.0,0.0,0.0,0.0,0.0,4.26249322590495,-3.2352511363176935,-4.75384104538673,3.0,8.0,0.8824832219077092
05-08,-5.301913987288276,16.873283249271932,0.09785166775422999,0.0,0.0,0.0,0.0,0.0,4.269986023731652,-3.2352511363176935,-4.75384104538673,3.0,8.0,0.7227377065241012
05-09,-6.769540069796237,16.873283249271932,0.09785166775422999,0.0,0.0,0.0,0.0,0.0,4.269986023731652,-3.2352511363176935,-4.75384104538673,3.0,8.0,0.5893171535688319
05-10,-6.769540069796237,16.873283249271932,-1.0110896621376089,0.0,0.0,0.0,0.0,0.0,4.269986023731652,-3.2352511363176935,-4.75384104538673,2.0,9.0,0.48850430539684664
05-11,-7.788950623726977,2.6557231386854654,-1.0110896621376089,0.0,0.0,0.0,0.0,0.0,4.269986023731652,-3.2352511363176935,-4.75384104538673,2.0,9.0,-0.8966748459228995
05-12,-7.788950623726977,2.3915479205974353,-1.0110896621376089,0.0,0.0,0.0,0.0,0.0,4.269986023731652,0.3515748762024738,-4.75384104538673,3.0,8.0,-0.594615682792705
05-13,-7.788950623726977,2.3915479205974353,-1.0110896621376089,0.0,0.0,0.0,0.0,0.0,4.269986023731652,0.3515748762024738,23.51850577877937,4.0,7.0,1.9755976648587585
05-14,-7.788950623726977,2.224692039566771,-1.0110896621376089,0.0,0.0,0.0,0.0,0.0,4.269986023731652,0.3515748762024738,23.51850577877937,4.0,7.0,1.9604289484014255
05-15,-4.899499498290623,2.333333757188585,-1.0110896621376089,0.0,0.0,0.0,0.0,0.0,4.269986023731652,0.3515748762024738,23.51850577877937,4.0,7.0,2.2329828432248955
05-16,-4.899499498290623,2.333333757188585,0.0,0.0,0.0,0.0,0.0,4.969517983104288,1.7075560996134542,0.3515748762024738,23.51850577877937,5.0,6.0,2.5437262724179592
05-17,-2.5042977393258954,2.638891008165128,0.0,0.0,0.0,0.0,0.0,4.969517983104288,1.7075560996134542,0.3515748762024738,23.51850577877937,5.0,6.0,2.789249818776256
05-18,-2.798918248123927,0.9661794033507839,0.0,0.0,0.0,0.0,0.0,4.969517983104288,1.7075560996134542,0.3515748762024738,23.450896688230337,5.0,6.0,2.604255163852492
05-19,-1.153943594366461,-1.7805396409456196,0.0,0.0,0.0,0.0,0.0,4.969517983104288,1.7075560996134542,0.3515748762024738,23.813308111079067,4.0,7.0,2.537043075880655
05-20,1.6449746537574486,-4.541064256880093,0.0,0.0,0.0,0.0,0.0,4.969517983104288,1.7075560996134542,0.3515748762024738,23.813308111079067,5.0,6.0,2.5405334060796942
05-21,1.7922895910650105,-4.541064256880093,0.0,0.0,0.0,0.0,0.0,4.969517983104288,1.7075560996134542,0.3515748762024738,23.813308111079067,5.0,6.0,2.5539256731076545
05-22,1.7922895910650105,-5.194441477457682,0.0,-11.795260937911998,0.0,0.0,0.0,4.969517983104288,1.7075560996134542,2.4541552588650557,23.813308111079067,5.0,6.0,1.6133749662142904
05-23,1.7922895910650105,-5.194441477457682,0.0,-11.795260937911998,0.0,0.0,0.0,4.969517983104288,1.7075560996134542,2.4541552588650557,23.813308111079067,5.0,6.0,1.6133749662142904
05-24,1.7922895910650105,-5.194441477457682,0.0,-11.795260937911998,0.0,0.0,0.0,4.969517983104288,1.7075560996134542,2.4541552588650557,23.813308111079067,5.0,6.0,1.6133749662142904
05-25,4.27203015793109,-5.194441477457682,0.0,-11.795260937911998,0.0,0.0,0.0,4.969517983104288,1.7075560996134542,3.3916987810219625,23.88059711549197,5.0,6.0,1.930154338344826
05-26,4.419345095238652,-5.013889736599393,0.0,-11.795260937911998,0.0,0.0,0.0,4.969517983104288,1.7075560996134542,3.3916987810219625,23.88059711549197,5.0,6.0,1.959960399996267
05-27,1.9150473559127574,-5.013889736599393,0.0,-18.24565067433619,0.0,0.0,0.0,4.969517983104288,1.7075560996134542,3.3916987810219625,26.989317567760146,5.0,6.0,1.4285088524070026
05-28,1.9150473559127574,-5.013889736599393,0.0,-18.24565067433619,0.0,0.0,0.0,4.969517983104288,1.7075560996134542,3.3916987810219625,26.989317567760146,5.0,6.0,1.4285088524070026
05-29,0.14731493730756173,-5.013889736599393,0.0,-18.24565067433619,0.0,0.0,0.0,4.969517983104288,1.7075560996134542,3.3916987810219625,26.989317567760146,5.0,6.0,1.2678059052610755
05-30,0.14731493730756173,-5.013889736599393,0.0,-18.24565067433619,0.0,0.0,0.0,4.969517983104288,-4.995482603557388,3.4744198062577656,26.989317567760146,4.0,7.0,0.6659588436306175
05-31,-3.407058925770437,-5.013889736599393,0.0,-18.24565067433619,12.593638749786551,0.0,0.0,4.969517983104288,-9.09539050044779,3.4744198062577656,26.989317567760146,4.0,7.0,1.114991297250449
06-01,-3.407058925770437,-6.43055174085829,0.0,-18.24565067433619,12.593638749786551,0.0,0.0,4.969517983104288,-9.678749895080935,3.4744198062577656,26.989317567760146,4.0,7.0,0.9331711700784453
06-02,-3.5087647830423765,-6.43055174085829,0.0,-18.24565067433619,12.593638749786551,0.0,0.0,4.969517983104288,-9.678749895080935,3.4744198062577656,26.989317567760146,4.0,7.0,0.9239251830537237
06-03,-3.585049025598528,-6.43055174085829,0.0,-18.24565067433619,12.593638749786551,0.0,0.0,4.969517983104288,-9.678749895080935,3.4744198062577656,26.989317567760146,4.0,7.0,0.9169902519122549
06-04,-2.1611961214045534,-6.43055174085829,0.0,-18.24565067433619,12.593638749786551,0.0,0.0,4.969517983104288,-9.678749895080935,3.4744198062577656,26.989317567760146,4.0,7.0,1.0464314250207987
06-05,-2.1611961214045534,-6.43055174085829,0.0,-18.24565067433619,12.593638749786551,0.0,0.0,4.969517983104288,-9.678749895080935,3.4744198062577656,26.989317567760146,4.0,7.0,1.0464314250207987
06-06,-2.1611961214045534,-6.43055174085829,0.0,-18.24565067433619,12.593638749786551,0.0,0.0,4.969517983104288,-9.678749895080935,3.4744198062577656,26.989317567760146,4.0,7.0,1.0464314250207987
06-07,-2.1611961214045534,0.6482562139308813,0.0,-18.24565067433619,12.593638749786551,0.0,0.0,4.969517983104288,-9.678749895080935,0.0,26.989317567760146,4.0,7.0,1.3741030748872898
06-08,-9.100876470626988,6.754828562167203,0.0,-18.24565067433619,12.593638749786551,0.0,0.0,4.969517983104288,-9.678749895080935,0.0,26.989317567760146,4.0,7.0,1.2983659838885524
06-09,-9.793101343615302,6.754828562167203,0.0,-18.24565067433619,12.593638749786551,0.0,0.0,4.969517983104288,-9.678749895080935,0.0,26.989317567760146,4.0,7.0,1.2354364499805237
06-10,-9.793101343615302,6.651105193953104,0.0,-18.24565067433619,12.593638749786551,0.0,0.0,4.969517983104288,-9.678749895080935,0.0,0.0,3.0,8.0,-1.2275672714716803
06-11,-9.793101343615302,6.651105193953104,0.0,-18.24565067433619,12.593638749786551,0.0,0.0,4.969517983104288,-7.091860296086608,-0.7711015171126873,0.0,3.0,8.0,-1.0624956276642585
06-12,-12.358619426858835,6.651105193953104,0.0,-18.24565067433619,12.593638749786551,0.0,0.0,4.969517983104288,-7.091860296086608,-0.7361094156901042,0.0,3.0,8.0,-1.2925434441934358
06-13,-12.358619426858835,6.651105193953104,0.0,-18.24565067433619,12.593638749786551,0.0,0.0,0.0,-4.300034428675261,-0.7361094156901042,-26.713708333575436,2.0,9.0,-3.919034394126925
06-14,-9.784369858255715,6.651105193953104,0.0,-18.24565067433619,12.593638749786551,0.0,0.0,0.0,-4.300034428675261,-0.7361094156901042,-26.713708333575436,2.0,9.0,-3.6850117060720957
06-15,-7.608985955664852,6.067678558057241,0.0,-18.24565067433619,12.593638749786551,0.0,0.0,0.0,-4.300034428675261,-0.7361094156901042,-22.96738831893256,2.0,9.0,-3.1997137714050155
06-16,-7.156015103431892,6.067678558057241,0.0,-18.24565067433619,12.593638749786551,0.0,0.0,0.0,-4.300034428675261,-0.7361094156901042,-25.67207450804937,2.0,9.0,-3.404415165667184
06-17,-7.156015103431892,6.651105193953104,0.0,-18.24565067433619,12.593638749786551,0.0,0.0,0.0,-3.19072681262616,-0.7361094156901042,-25.67207450804937,2.0,9.0,-3.2505302336721873
06-18,-7.156015103431892,6.651105193953104,0.0,-18.24565067433619,12.593638749786551,0.0,0.0,0.0,-3.19072681262616,-0.7361094156901042,-25.67207450804937,2.0,9.0,-3.2505302336721873
06-19,-7.156015103431892,6.651105193953104,0.0,-5.769823946299978,12.593638749786551,0.0,0.0,0.0,-3.19072681262616,-0.7361094156901042,-25.67207450804937,2.0,9.0,-2.116364167487077
06-20,-7.156015103431892,6.651105193953104,0.0,-5.769823946299978,12.593638749786551,-6.943228775757381,0.0,0.0,-3.19072681262616,-0.7361094156901042,-25.78316771760832,2.0,9.0,-2.757666166152198
06-21,-7.156015103431892,6.651105193953104,0.0,-5.769823946299978,12.593638749786551,-6.943228775757381,0.0,0.0,-3.19072681262616,-0.7361094156901042,-25.78316771760832,2.0,9.0,-2.757666166152198
06-22,-9.577620523708596,6.651105193953104,0.0,0.0,12.593638749786551,-6.943228775757381,0.0,0.0,-3.19072681262616,-0.7361094156901042,-25.78316771760832,2.0,9.0,-2.453282663786446
06-23,-6.706841750319508,6.651105193953104,0.0,0.0,6.999686443447476,-6.943228775757381,0.0,0.0,-3.346575002344019,-0.7361094156901042,-25.78316771760832,2.0,9.0,-2.7150119113017044
06-24,-6.706841750319508,6.651105193953104,0.0,0.0,9.59650358826178,-6.943228775757381,0.0,0.0,-3.346575002344019,-0.7361094156901042,-25.78316771760832,2.0,9.0,-2.478937625409495
06-25,-6.706841750319508,6.651105193953104,0.0,0.0,9.59650358826178,-6.943228775757381,0.0,0.0,-3.346575002344019,-1.9252319374415412,-25.78316771760832,2.0,9.0,-2.5870396728414438
06-26,-3.039045632056491,6.651105193953104,0.0,0.0,-3.4289668608272486,-6.943228775757381,0.0,0.0,-3.346575002344019,-1.9252319374415412,-25.78316771760832,1.0,10.0,-3.4377373392801718
06-27,-3.3640016285399117,6.964723390822762,0.0,0.0,-3.4289668608272486,-6.943228775757381,0.0,0.0,3.2511954436140953,-1.9252319374415412,-25.78316771760832,2.0,9.0,-2.8389707350670492
06-28,-3.3640016285399117,6.964723390822762,0.0,0.0,-3.4289668608272486,-6.943228775757381,0.0,0.0,3.2511954436140953,-1.9252319374415412,-25.78316771760832,2.0,9.0,-2.8389707350670492
06-29,-3.3640016285399117,6.964723390822762,0.0,0.0,-3.4289668608272486,-6.943228775757381,0.0,0.0,3.2511954436140953,-1.2564589702479165,-25.78316771760832,2.0,9.0,-2.778173192594902
06-30,-3.3640016285399117,6.964723390822762,0.0,0.0,-3.4289668608272486,-6.943228775757381,0.0,0.0,3.2511954436140953,-1.2564589702479165,-25.78316771760832,2.0,9.0,-2.778173192594902
07-01,-3.3640016285399117,6.964723390822762,0.0,0.0,-3.4289668608272486,-6.943228775757381,0.0,0.0,3.2511954436140953,-1.2564589702479165,-25.78316771760832,2.0,9.0,-2.778173192594902
07-02,-3.3640016285399117,0.3359634814330367,0.0,0.0,-3.4289668608272486,-6.943228775757381,0.0,0.0,3.2511954436140953,-1.2564589702479165,-25.78316771760832,2.0,9.0,-3.3807877298121496
07-03,4.126149083585382,0.3359634814330367,0.0,0.0,-3.4289668608272486,-6.943228775757381,0.0,0.0,3.2511954436140953,-2.9524512720459186,-25.78316771760832,3.0,8.0,-2.854046056146032
07-05,4.126149083585382,0.3359634814330367,0.0,0.0,-3.4289668608272486,-14.804043450208667,0.0,0.0,3.2511954436140953,-2.9524512720459186,-25.78316771760832,3.0,8.0,-3.56866557200524
07-06,4.126149083585382,-1.5670197178751664,0.0,0.0,-3.4289668608272486,-14.804043450208667,0.0,0.0,3.2511954436140953,-3.5033919913945435,-25.78316771760832,2.0,9.0,-3.791749564610406
07-07,4.730615698166309,-1.5670197178751664,0.0,0.0,-3.4289668608272486,-14.804043450208667,0.0,0.0,0.9141506343253012,-3.5033919913945435,-25.78316771760832,2.0,9.0,-3.949256673220212
07-08,4.730615698166309,-1.5670197178751664,1.730764042304341,0.0,-2.1516752933522234,-14.804043450208667,0.0,0.0,0.9141506343253012,-3.5033919913945435,-25.78316771760832,3.0,8.0,-3.6757970723311786
07-09,4.730615698166309,-1.5670197178751664,1.730764042304341,0.0,-2.1516752933522234,-14.804043450208667,0.0,0.0,0.9141506343253012,-2.7113829591491223,0.8220372043598915,4.0,7.0,-1.185141258311758
07-10,2.4967169040417647,-1.5670197178751664,2.4602328947442795,0.0,-2.1516752933522234,-14.804043450208667,0.0,0.0,0.9141506343253012,-2.7470611995597105,0.8220372043598915,4.0,7.0,-1.3251510930476846
07-11,2.4967169040417647,-10.723504448179897,2.4602328947442795,0.0,-2.1516752933522234,-14.804043450208667,0.0,0.0,0.9141506343253012,-2.7470611995597105,-2.199515030848537,3.0,8.0,-2.4322453626397897
07-12,2.4967169040417647,-10.723504448179897,2.4602328947442795,0.0,-2.1516752933522234,-14.804043450208667,0.0,0.0,0.9141506343253012,-2.7470611995597105,-2.199515030848537,3.0,8.0,-2.4322453626397897
07-13,0.5256261943486538,-10.723504448179897,2.4602328947442795,0.0,-2.1516752933522234,-14.804043450208667,0.0,0.0,-0.15102925866667055,-2.7470611995597105,-2.199515030848537,2.0,9.0,-2.7082699628838887
07-14,0.10512724396688823,-10.723504448179897,2.4602328947442795,0.0,-2.1516752933522234,-14.804043450208667,0.0,0.0,-0.15102925866667055,-2.7470611995597105,0.0,2.0,9.0,-2.546541228296
07-15,0.10512724396688823,-10.723504448179897,2.4602328947442795,0.0,-2.1516752933522234,-14.804043450208667,0.0,0.0,-0.15102925866667055,-2.7470611995597105,0.0,2.0,9.0,-2.546541228296
07-16,0.10512724396688823,-12.878669964214534,2.4602328947442795,0.0,-2.1516752933522234,-7.35045571789696,0.0,0.0,-0.15102925866667055,-2.7470611995597105,0.0,2.0,9.0,-2.064866481361721
07-17,0.10512724396688823,-12.878669964214534,2.4602328947442795,0.0,-2.1516752933522234,-7.35045571789696,0.0,0.0,-0.15102925866667055,-2.7470611995597105,0.0,2.0,9.0,-2.064866481361721
07-18,0.10512724396688823,-12.878669964214534,2.4602328947442795,0.0,-2.1516752933522234,-7.35045571789696,0.0,0.0,-0.15102925866667055,-2.7470611995597105,0.0,2.0,9.0,-2.064866481361721
07-19,0.10512724396688823,-12.878669964214534,2.4602328947442795,0.0,3.9927297925098415,-7.35045571789696,0.0,0.0,0.0,-2.7470611995597105,0.0,3.0,8.0,-1.492554268222745
07-20,2.3127492398426037,-12.878669964214534,2.4602328947442795,0.0,3.9927297925098415,-7.35045571789696,0.0,0.0,0.0,-2.7470611995597105,0.0,3.0,8.0,-1.291861359506771
07-21,-0.3153717064148773,-12.878669964214534,2.4602328947442795,0.0,3.9927297925098415,-7.35045571789696,0.0,0.0,0.0,-2.7470611995597105,4.23404612439744,3.0,8.0,-1.1458681614940474
07-22,-0.3153717064148773,-12.878669964214534,2.4602328947442795,0.0,1.2349456890483426,-7.35045571789696,0.0,0.0,0.0,-2.7470611995597105,4.23404612439744,3.0,8.0,-1.3965758072632743
07-23,0.0,-13.259179446525572,2.4602328947442795,0.0,1.2349456890483426,-7.35045571789696,0.0,0.0,0.0,-1.548350711550626,4.23404612439744,3.0,8.0,-1.2935237425257358
07-24,0.0,-13.259179446525572,2.4602328947442795,0.0,1.2349456890483426,-7.35045571789696,0.0,0.0,5.056601470371473,-1.548350711550626,4.23404612439744,4.0,7.0,-0.833832699764693
07-25,0.0,-13.259179446525572,2.4602328947442795,0.0,1.2349456890483426,-7.35045571789696,0.0,0.0,5.163958658054731,-2.2190515489059726,4.23404612439744,4.0,7.0,-0.8850457588257918
07-26,0.0,-13.259179446525572,2.4602328947442795,0.0,1.2349456890483426,-7.35045571789696,0.0,0.0,5.163958658054731,-2.2190515489059726,4.23404612439744,4.0,7.0,-0.8850457588257918
07-27,0.0,-13.259179446525572,2.4602328947442795,0.0,1.2349456890483426,-7.35045571789696,0.0,0.0,5.163958658054731,-2.2190515489059726,4.23404612439744,4.0,7.0,-0.8850457588257918
07-28,0.0,-13.259179446525572,2.4602328947442795,0.0,1.2349456890483426,-7.35045571789696,0.0,0.0,4.696967385031971,-2.2190515489059726,4.23404612439744,4.0,7.0,-0.92749951091877
07-29,0.0,-13.259179446525572,2.4602328947442795,0.0,1.2349456890483426,-7.35045571789696,0.0,0.0,4.696967385031971,-2.2190515489059726,4.23404612439744,4.0,7.0,-0.92749951091877
07-30,0.0,-13.259179446525572,2.4602328947442795,6.418441439911793,1.2349456890483426,-7.35045571789696,0.0,0.0,4.603012277383909,-2.2190515489059726,4.23404612439744,5.0,6.0,-0.35254620798570363
07-31,0.0,-13.259179446525572,2.4602328947442795,6.418441439911793,1.2349456890483426,0.0,0.0,0.0,5.880592843781112,-0.5351409437477068,4.23404612439744,5.0,6.0,0.5849035092372443
08-01,0.0,-13.259179446525572,2.4602328947442795,6.418441439911793,1.2349456890483426,0.0,0.0,0.0,5.880592843781112,0.0,4.23404612439744,5.0,6.0,0.6335526859415813
08-02,0.0,-13.259179446525572,2.4602328947442795,6.418441439911793,1.2349456890483426,0.0,0.0,0.0,5.880592843781112,0.0,4.23404612439744,5.0,6.0,0.6335526859415813
08-03,0.0,-11.137129235218259,0.7423166012545067,6.418441439911793,1.2349456890483426,0.0,0.0,0.0,5.880592843781112,0.0,4.23404612439744,5.0,6.0,0.6702921330159032
08-04,3.6708880074416537,-11.137129235218259,0.7423166012545067,6.418441439911793,1.2349456890483426,0.0,0.0,0.0,5.880592843781112,5.304058178051098,4.23404612439744,7.0,4.0,1.4861963316970623
08-05,3.6708880074416537,-11.137129235218259,0.7423166012545067,6.418441439911793,0.0,0.0,0.0,0.0,5.880592843781112,5.444614261068799,4.23404612439744,6.0,5.0,1.386706367512459
08-06,3.6708880074416537,-1.9464390390960609,0.7423166012545067,6.418441439911793,1.8515692396509316,0.0,0.0,0.0,5.880592843781112,5.444614261068799,4.23404612439744,7.0,4.0,2.390548134400925
08-07,3.6708880074416537,-1.9464390390960609,0.0,6.418441439911793,1.8515692396509316,0.0,0.0,0.0,5.880592843781112,5.622899733007155,4.23404612439744,6.0,5.0,2.339272577190366
08-08,3.6708880074416537,-1.9464390390960609,0.0,6.418441439911793,1.8515692396509316,0.0,0.0,0.0,5.880592843781112,5.622899733007155,4.23404612439744,6.0,5.0,2.339272577190366
08-09,3.6708880074416537,-1.9464390390960609,0.0,6.418441439911793,1.8515692396509316,0.0,0.0,0.0,5.880592843781112,5.622899733007155,4.23404612439744,6.0,5.0,2.339272577190366
08-10,3.6708880074416537,-1.9464390390960609,0.0,6.418441439911793,1.8515692396509316,0.0,0.0,0.0,5.880592843781112,5.622899733007155,4.23404612439744,6.0,5.0,2.339272577190366
08-11,3.6708880074416537,0.0,0.0,6.418441439911793,1.8515692396509316,0.0,0.0,0.0,5.880592843781112,5.622899733007155,4.23404612439744,6.0,5.0,2.516221580744553
08-12,3.6708880074416537,0.0,0.0,6.418441439911793,1.8515692396509316,0.0,0.0,0.0,5.880592843781112,5.622899733007155,4.23404612439744,6.0,5.0,2.516221580744553
08-13,3.6708880074416537,0.0,0.0,6.418441439911793,1.8515692396509316,0.0,0.0,0.0,5.880592843781112,5.622899733007155,4.23404612439744,6.0,5.0,2.516221580744553
08-14,3.6708880074416537,0.0,0.0,6.418441439911793,1.8515692396509316,0.0,0.0,0.0,5.880592843781112,5.622899733007155,4.23404612439744,6.0,5.0,2.516221580744553
08-15,3.6708880074416537,0.0,0.0,6.418441439911793,1.8515692396509316,0.0,0.0,0.0,5.880592843781112,5.622899733007155,4.23404612439744,6.0,5.0,2.516221580744553
08-16,3.6708880074416537,0.0,0.0,6.418441439911793,1.8515692396509316,0.0,0.0,0.0,5.880592843781112,5.622899733007155,4.23404612439744,6.0,5.0,2.516221580744553
08-17,3.6708880074416537,3.461425530511327,0.0,6.418441439911793,1.8515692396509316,0.0,0.0,0.0,5.880592843781112,5.622899733007155,4.121847664010856,7.0,4.0,2.820696768937712
08-18,3.6708880074416537,3.461425530511327,0.0,6.418441439911793,1.8515692396509316,0.0,0.0,0.0,5.880592843781112,5.622899733007155,0.0,6.0,5.0,2.445983344936725
08-19,3.6708880074416537,3.461425530511327,0.0,6.418441439911793,1.8515692396509316,0.0,0.0,0.0,5.880592843781112,5.933291677800014,0.0,6.0,5.0,2.474200794463348
08-20,3.6708880074416537,3.461425530511327,0.0,6.418441439911793,1.8515692396509316,0.0,0.0,0.0,5.880592843781112,5.933291677800014,0.0,6.0,5.0,2.474200794463348
08-21,3.6708880074416537,3.461425530511327,0.0,6.418441439911793,1.8515692396509316,0.0,0.0,0.0,1.0751100605931145,5.933291677800014,0.0,6.0,5.0,2.0373387232644395
08-22,3.6708880074416537,3.461425530511327,0.0,6.418441439911793,1.8515692396509316,0.0,0.0,0.0,0.9631241760550046,5.933291677800014,0.0,6.0,5.0,2.0271581883064296
08-23,3.6708880074416537,3.461425530511327,0.0,6.418441439911793,1.8515692396509316,0.0,0.0,0.0,1.4484115320625746,5.933291677800014,0.0,6.0,5.0,2.071275220670754
08-24,3.6708880074416537,3.461425530511327,0.0,6.418441439911793,0.8414056885673257,0.0,0.0,0.0,1.4484115320625746,5.933291677800014,0.0,6.0,5.0,1.9794421705722443
08-25,3.6708880074416537,3.461425530511327,0.0,6.418441439911793,0.8414056885673257,0.0,0.0,0.0,1.5454735601668164,5.933291677800014,0.0,6.0,5.0,1.9882659913089937
08-26,3.6708880074416537,3.461425530511327,0.0,6.418441439911793,-3.2300992203171743,0.0,0.0,0.0,1.5454735601668164,5.933291677800014,0.0,5.0,6.0,1.6181291814104026
08-27,3.6708880074416537,3.461425530511327,0.0,0.0,-3.2300992203171743,0.0,0.0,0.0,1.5454735601668164,5.933291677800014,0.0,4.0,7.0,1.0346345050547852
08-28,3.6708880074416537,-2.3363865005530013,0.0,0.0,-3.2300992203171743,0.0,0.0,0.0,0.20904791264233077,5.933291677800014,0.0,3.0,8.0,0.38606744336489296
08-29,9.080046297756411,-2.3363865005530013,0.0,0.0,-3.2300992203171743,0.0,0.0,0.0,0.20904791264233077,0.6644777882161269,0.0,3.0,8.0,0.39882602524951755
08-30,9.080046297756411,1.8951897572231213,0.0,0.0,-3.2300992203171743,0.0,0.0,0.0,0.20904791264233077,0.516816057501432,0.0,4.0,7.0,0.7700909822551019
08-31,8.467646099602783,1.8951897572231213,0.0,0.0,-3.2300992203171743,0.0,0.0,0.0,0.20904791264233077,0.516816057501432,0.0,4.0,7.0,0.7144182369684084
09-01,4.979551864374802,1.8951897572231213,0.0,0.0,-3.2300992203171743,0.0,0.0,0.0,0.20904791264233077,0.516816057501432,-20.993689079743227,4.0,7.0,-1.511198428028974
09-02,4.979551864374802,1.8951897572231213,0.0,0.0,-3.2300992203171743,0.0,0.0,0.0,0.20904791264233077,0.516816057501432,-18.164671771087868,4.0,7.0,-1.2540150363330325
09-03,4.979551864374802,1.8951897572231213,0.0,0.0,-5.17753408852365,0.0,0.0,0.0,0.20904791264233077,0.516816057501432,-18.164671771087868,4.0,7.0,-1.4310545698063484
09-04,4.979551864374802,0.5240946244814144,0.0,0.0,-5.17753408852365,0.0,0.0,0.0,0.20904791264233077,0.3288848077709111,-18.164671771087868,4.0,7.0,-1.5727842409401873
09-05,4.979551864374802,-1.666422796962636,7.838151551003285,0.0,-5.17753408852365,0.0,0.0,0.0,0.20904791264233077,0.3288848077709111,-18.164671771087868,4.0,7.0,-1.0593629564348024
09-06,5.0024091858052895,-1.666422796962636,7.838151551003285,0.0,-5.17753408852365,0.0,0.0,0.0,0.20904791264233077,0.3288848077709111,-17.5,4.0,7.0,-0.9968603116604065
09-07,7.429103128606172,-1.666422796962636,7.838151551003285,0.0,-5.17753408852365,0.0,0.0,0.0,0.20904791264233077,0.3288848077709111,-17.5,4.0,7.0,-0.7762517714057805
09-08,7.429103128606172,-1.666422796962636,7.838151551003285,0.0,-5.17753408852365,0.0,0.0,0.0,0.20904791264233077,2.1610217457349683,-17.5,4.0,7.0,-0.6096938679545026
09-09,7.429103128606172,-1.666422796962636,7.838151551003285,0.0,-5.17753408852365,0.0,0.0,0.0,0.20904791264233077,2.1932436217448443,-17.5,4.0,7.0,-0.6067646064990594
09-10,7.429103128606172,-1.666422796962636,7.838151551003285,2.7955166872085084,-5.17753408852365,0.0,0.0,0.0,0.20904791264233077,2.1932436217448443,-17.5,5.0,6.0,-0.35262672584374033
09-11,7.839478680595385,-1.666422796962636,7.838151551003285,2.7955166872085084,-5.17753408852365,0.0,0.0,0.0,0.20904791264233077,2.1932436217448443,-17.5,5.0,6.0,-0.3153198574810847
09-12,7.839478680595385,-1.666422796962636,7.838151551003285,2.7955166872085084,-5.17753408852365,0.0,0.0,0.0,1.7928011256299436,2.1932436217448443,-17.362499237060547,5.0,6.0,-0.158842223305897
09-13,7.839478680595385,-1.666422796962636,7.838151551003285,2.7955166872085084,-5.17753408852365,0.0,0.0,0.0,1.7928011256299436,2.1932436217448443,-17.362499237060547,5.0,6.0,-0.158842223305897
09-14,9.631661342148593,-5.3117091853211855,7.838151551003285,2.7955166872085084,-5.17753408852365,0.0,0.0,0.0,1.7928011256299436,1.8705106392943107,-17.362499237060547,5.0,6.0,-0.35664556051097646
09-15,10.815084254938565,-5.3117091853211855,7.838151551003285,2.7955166872085084,-5.17753408852365,0.0,0.0,0.0,1.7928011256299436,1.8705106392943107,-17.5,5.0,6.0,-0.26156172870638383
09-16,10.815084254938565,-5.3117091853211855,7.838151551003285,2.7955166872085084,-5.17753408852365,0.0,0.0,0.0,1.7928011256299436,1.8705106392943107,-17.5,5.0,6.0,-0.26156172870638383
09-17,10.815084254938565,-5.3117091853211855,7.838151551003285,2.7955166872085084,-5.17753408852365,0.0,0.0,0.0,1.7928011256299436,1.8705106392943107,-17.5,5.0,6.0,-0.26156172870638383
09-18,10.815084254938565,-5.3117091853211855,7.838151551003285,2.7955166872085084,-5.17753408852365,0.0,0.0,0.0,1.5870709516842614,1.8705106392943107,-17.5,5.0,6.0,-0.2802644717923549
09-19,10.815084254938565,-3.859130146048908,7.838151551003285,2.7955166872085084,-4.106053476410636,0.0,0.0,0.0,1.5870709516842614,1.8705106392943107,-17.5,5.0,6.0,-0.05080450348460146
09-20,10.815084254938565,-4.595833743909845,7.838151551003285,2.7955166872085084,-4.106053476410636,0.0,0.0,0.0,1.5870709516842614,1.8705106392943107,-17.5,5.0,6.0,-0.1177775578355955
09-21,10.815084254938565,-4.595833743909845,7.838151551003285,2.7955166872085084,-4.106053476410636,0.0,0.0,0.0,1.5870709516842614,1.8705106392943107,-17.5,5.0,6.0,-0.1177775578355955
09-22,8.01117544649681,-4.595833743909845,7.838151551003285,2.7955166872085084,-4.106053476410636,0.0,0.0,0.0,1.5870709516842614,3.140034846620509,-17.09018613518132,5.0,6.0,-0.22001126113531136
09-23,8.01117544649681,1.3299860355130664,7.838151551003285,2.7955166872085084,0.26520775817796555,0.0,0.0,0.0,1.5870709516842614,3.140034846620509,-17.09018613518132,7.0,4.0,0.7160870128657351
09-24,2.5384261468278106,1.3299860355130664,7.838151551003285,2.7955166872085084,0.26520775817796555,0.0,0.0,0.0,0.0447742974580436,3.140034846620509,-17.09018613518132,7.0,4.0,0.07835556251162436
09-25,-1.2336679236835397,1.1254289204333527,7.838151551003285,2.7955166872085084,0.26520775817796555,0.0,0.0,0.0,0.0447742974580436,3.140034846620509,-17.09018613518132,6.0,5.0,-0.2831581816330177
09-26,-1.2336679236835397,2.1111310082601467,7.838151551003285,2.7955166872085084,0.26520775817796555,0.0,0.0,0.0,1.005174116538125,3.140034846620509,-17.09018613518132,6.0,5.0,-0.1062398264596654
09-27,-1.2336679236835397,-2.081193168812855,7.838151551003285,2.7955166872085084,-1.2351524314330196,0.0,29.85818157105527,0.0,1.005174116538125,3.140034846620509,-17.09018613518132,5.0,6.0,2.0906235557559056
09-28,-0.5563607677488848,-2.081193168812855,7.838151551003285,2.7955166872085084,-1.2351524314330196,0.0,29.85818157105527,0.0,1.005174116538125,3.140034846620509,-17.09018613518132,5.0,6.0,2.1521969335681472
09-29,-0.5563607677488848,-2.081193168812855,7.838151551003285,2.7955166872085084,-1.2351524314330196,0.0,29.85818157105527,0.0,1.005174116538125,3.140034846620509,3.226203758436715,6.0,5.0,3.999141469351605
09-30,-0.5563607677488848,-0.6741888639023442,7.838151551003285,2.7955166872085084,-1.2351524314330196,0.0,29.85818157105527,0.0,1.005174116538125,3.140034846620509,0.9093120810152758,6.0,5.0,3.916424435486974
10-01,-0.5563607677488848,4.422640250068813,7.838151551003285,2.7955166872085084,-1.2351524314330196,0.0,29.85818157105527,0.0,1.005174116538125,3.140034846620509,0.9093120810152758,7.0,4.0,4.37977253675708
10-02,-0.5805555819567957,4.422640250068813,7.838151551003285,2.7955166872085084,-1.2351524314330196,0.0,29.85818157105527,0.0,1.005174116538125,3.140034846620509,0.3487777572924962,7.0,4.0,4.326615342399744
10-03,-0.5805555819567957,4.422640250068813,0.0,2.7955166872085084,-1.2351524314330196,0.0,29.85818157105527,0.0,1.005174116538125,3.140034846620509,0.3487777572924962,6.0,5.0,3.6140561104903544
10-04,-0.5805555819567957,5.404649968118689,0.0,2.7955166872085084,-1.2351524314330196,0.0,26.8,0.0,1.005174116538125,1.3262309503223373,0.3487777572924962,6.0,5.0,3.2604219514627584
10-05,-3.217218218307539,7.05296452262842,0.0,2.7955166872085084,-1.2351524314330196,0.0,26.8,0.0,1.005174116538125,1.2937234419509347,0.3487777572924962,6.0,5.0,3.1676168978070844
10-06,-3.217218218307539,7.05296452262842,0.0,2.7955166872085084,-1.2351524314330196,0.0,26.8,0.0,1.005174116538125,1.2937234419509347,0.3487777572924962,6.0,5.0,3.1676168978070844
10-07,-3.676827412078564,7.05296452262842,0.0,2.7955166872085084,-1.2351524314330196,0.0,26.8,0.0,1.005174116538125,1.2937234419509347,0.3487777572924962,6.0,5.0,3.1258342438279003
10-08,-3.676827412078564,7.7292662499617695,0.0,0.0,-1.2351524314330196,0.0,26.8,0.0,1.005174116538125,1.2937234419509347,0.3487777572924962,5.0,6.0,2.933178338384704
10-09,-3.676827412078564,7.944121191690283,0.0,0.0,-1.2351524314330196,0.0,26.8,0.0,1.005174116538125,1.2937234419509347,0.3487777572924962,5.0,6.0,2.952710605814569
10-10,-3.676827412078564,8.978869965105645,0.0,0.0,-1.2351524314330196,0.0,26.8,0.0,-0.5912808822715303,1.2937234419509347,0.3487777572924962,4.0,7.0,2.9016464035059966
10-11,-3.676827412078564,10.111004277134478,0.0,0.0,-1.2351524314330196,0.0,26.8,0.0,-0.5912808822715303,1.2937234419509347,0.3487777572924962,4.0,7.0,3.0045677045995274
10-12,-5.732943694090439,10.014731707635972,0.0,0.0,-1.2351524314330196,0.0,26.8,0.0,-0.5912808822715303,1.2937234419509347,0.3487777572924962,4.0,7.0,2.808895990825856
10-13,-7.135947634375571,10.014731707635972,0.0,0.0,-1.2351524314330196,0.0,26.8,0.0,2.0863265442333634,1.2937234419509347,0.3487777572924962,5.0,6.0,2.9247690350276527
10-14,-7.135947634375571,10.014731707635972,0.0,0.0,-1.2351524314330196,0.0,26.8,0.0,0.9100836872609392,1.2937234419509347,0.3487777572924962,5.0,6.0,2.8178378662119776
10-15,-7.135947634375571,8.400537462120948,0.0,0.0,-1.2351524314330196,0.0,26.8,0.0,0.9100836872609392,1.2937234419509347,0.3487777572924962,5.0,6.0,2.671092934801521
10-16,-7.135947634375571,8.780615230869627,0.0,0.0,-1.2351524314330196,0.0,26.8,0.0,0.9100836872609392,1.2937234419509347,0.3487777572924962,5.0,6.0,2.705645459233219
10-17,-7.135947634375571,9.45927386040794,0.0,0.0,-1.2351524314330196,-0.15023818038438969,26.8,0.0,0.9100836872609392,1.2937234419509347,0.3487777572924962,5.0,6.0,2.7536836818835755
10-18,-7.135947634375571,10.796206664265007,0.0,0.0,-1.2351524314330196,-0.5752009361601483,26.8,0.0,0.9100836872609392,0.0,0.3487777572924962,4.0,7.0,2.7189788278954277
10-19,-7.135947634375571,8.93553977634405,0.0,0.0,-1.2351524314330196,-1.2050519781914708,26.8,0.0,0.9100836872609392,0.0,0.3487777572924962,4.0,7.0,2.4925681069906753
10-20,-3.870339787652193,8.93553977634405,0.0,0.0,-1.2351524314330196,-1.7748096910197364,26.8,0.0,0.9242144177449169,-0.9052773948510897,0.0,3.0,8.0,2.6249249899211753
10-21,0.0,9.123938907346622,0.0,0.0,-1.5043498421023784,-1.7748096910197364,26.8,0.0,0.9242144177449169,-0.9052773948510897,0.0,3.0,8.0,2.9694287633743937
10-22,0.0,5.303345494325035,0.0,0.0,-1.5043498421023784,-1.7748096910197364,26.8,0.0,0.9242144177449169,-0.9052773948510897,0.0,3.0,8.0,2.6221020894633407
10-23,0.0,5.303345494325035,0.0,0.0,0.0,-1.7748096910197364,26.8,0.0,0.9242144177449169,-0.9052773948510897,0.0,3.0,8.0,2.7588611660181024
10-24,9.142856807499141,2.5571441650390625,0.0,0.0,0.0,-1.7748096910197364,26.8,0.0,-0.3560270742195548,-0.9052773948510897,0.0,3.0,8.0,3.2239897102225297
10-25,9.142856807499141,2.5285666329519887,0.0,0.0,0.0,-1.7748096910197364,-4.359997558593773,0.0,-0.3560270742195548,-0.9052773948510897,0.0,2.0,9.0,0.3886647019788161
10-26,9.142856807499141,2.4728355491402714,0.0,0.0,0.0,-1.7748096910197364,-4.359997558593773,0.0,-0.3560270742195548,-0.9052773948510897,0.0,2.0,9.0,0.38359823981411445
10-27,9.142856807499141,-0.514580639026142,0.0,0.0,0.0,-1.7748096910197364,-4.359997558593773,0.0,-0.3560270742195548,-0.9052773948510897,0.0,1.0,10.0,0.1120149499808041
10-28,9.142856807499141,-0.514580639026142,0.0,0.0,0.0,-1.7748096910197364,-4.359997558593773,0.0,-0.3560270742195548,-0.9052773948510897,0.0,1.0,10.0,0.1120149499808041
10-29,9.142856807499141,-0.9619499702327856,0.0,0.0,0.0,-1.7748096910197364,-4.359997558593773,0.0,-0.3560270742195548,-0.9052773948510897,0.0,1.0,10.0,0.07134501078020024
10-30,9.142856807499141,3.947547364826271,0.0,0.0,0.0,-1.7748096910197364,-4.359997558593773,0.0,-0.5947978079983525,-0.9052773948510897,0.0,2.0,9.0,0.49595651998749646
10-31,9.142856807499141,0.9856335980417529,0.0,0.0,0.0,-1.7748096910197364,-4.359997558593773,0.0,-0.5947978079983525,-0.9052773948510897,0.0,2.0,9.0,0.22669163209799487
11-01,9.142856807499141,0.07031705124646175,0.0,0.0,0.0,-1.7748096910197364,0.0,0.0,-0.5947978079983525,-0.9052773948510897,0.0,2.0,9.0,0.5398444513524022
11-02,9.142856807499141,-1.7018271595506018,0.0,0.0,0.0,-0.2820637928133055,0.0,0.0,-0.5947978079983525,-0.9052773948510897,0.0,1.0,10.0,0.5144446047532538
11-03,9.142856807499141,-2.4472544319432776,0.0,0.0,0.0,-0.24436290648664166,0.0,0.0,-0.5947978079983525,-0.9052773948510897,0.0,1.0,10.0,0.45010584238361634
11-04,9.142856807499141,-2.6863624516174585,0.0,0.0,0.0,-0.24436290648664166,0.0,0.0,-0.2519237707296537,-0.9052773948510897,0.0,1.0,10.0,0.45953911671039066
11-05,9.142856807499141,-1.4982767531142611,0.0,0.0,0.0,-0.24436290648664166,0.0,0.0,-0.2519237707296537,-0.9052773948510897,0.0,1.0,10.0,0.5675469074834086
11-06,9.142856807499141,0.0,0.0,0.0,0.0,-0.24436290648664166,0.0,0.0,-0.2519237707296537,-0.9052773948510897,0.0,1.0,10.0,0.7037538850392506
11-07,9.142856807499141,0.12174214380309578,0.0,0.0,0.0,-1.5809558686755951,0.0,0.0,-0.2519237707296537,-0.9052773948510897,0.0,2.0,9.0,0.5933129015496271
11-08,9.142856807499141,1.1371157498127453,0.0,0.0,1.7961259214921712,-1.9206900209489393,0.0,0.0,-2.9934744258705437,-0.9052773948510897,0.0,3.0,8.0,0.568786967012135
11-09,9.142856807499141,0.13370567308060136,0.0,0.0,1.7961259214921712,-6.660003662109375,0.0,0.0,-1.7708945396805726,-0.9052773948510897,0.0,3.0,8.0,0.15786480049371615
11-10,13.839098484782832,0.5214592657766216,0.0,0.0,1.7961259214921712,-6.660003662109375,0.0,0.0,-4.053034926905776,-0.9052773948510897,0.0,3.0,8.0,0.4125788807441259
11-11,13.839098484782832,0.10696861890006758,0.0,0.0,1.7961259214921712,-6.660003662109375,0.0,0.0,-4.053034926905776,-0.9052773948510897,0.0,3.0,8.0,0.3748979128462573
11-12,13.839098484782832,-1.483077391502025,0.0,0.0,1.7961259214921712,-6.5,0.0,0.0,-4.053034926905776,-0.9052773948510897,0.0,2.0,9.0,0.2448940630014648
11-13,12.470885976573413,-1.483077391502025,0.0,0.0,1.7961259214921712,-6.050003051757798,5.303030303030303,3.688097648666741,-4.053034926905776,-0.9052773948510897,0.0,4.0,7.0,0.9787951895223579
11-14,12.470885976573413,-6.01407977896677,0.0,0.0,1.7961259214921712,-5.3899993896484375,5.231231399373313,3.688097648666741,-4.053034926905776,-0.9052773948510897,0.0,4.0,7.0,0.6203590414303243
11-15,12.470885976573413,-5.5516873678696035,0.0,0.0,1.7961259214921712,-9.781249364217121,5.231231399373313,3.688097648666741,-2.462121212121212,0.0,0.0,4.0,7.0,0.49011663653615484
11-16,12.470885976573413,-4.750486328177093,0.0,0.0,1.7961259214921712,-8.806523565502912,5.231231399373313,3.688097648666741,-2.462121212121212,0.0,0.0,4.0,7.0,0.6515645309367657
11-17,12.470885976573413,-1.5365045113875215,6.786915528900825,0.0,1.7961259214921712,-8.197400775731232,5.231231399373313,3.688097648666741,-3.2836984742026023,0.0,0.0,5.0,6.0,1.5414229739713738
11-18,12.470885976573413,-1.5365045113875215,6.701922674238135,6.870690707502694,1.7961259214921712,-8.108108533525577,5.231231399373313,3.688097648666741,-3.2836984742026023,0.0,0.0,6.0,5.0,2.1664220735209794
11-19,3.662925172568005,1.3250668297941721,6.701922674238135,6.870690707502694,1.7961259214921712,-8.108108533525577,5.231231399373313,3.688097648666741,-7.28166917379049,0.0,0.0,7.0,3.0,1.2623893314835606
11-20,3.662925172568005,1.3250668297941721,6.701922674238135,6.870690707502694,1.7961259214921712,-8.108108533525577,5.231231399373313,3.688097648666741,-6.940594630424029,0.0,0.0,7.0,3.0,1.2933961081532388
11-21,3.662925172568005,1.3250668297941721,6.701922674238135,6.870690707502694,1.7961259214921712,-8.108108533525577,5.231231399373313,3.688097648666741,-6.434048530105324,0.0,0.0,7.0,3.0,1.3394457536367577
11-22,3.662925172568005,1.381453796457139,6.701922674238135,6.870690707502694,1.3204116260791894,-8.781406513859128,5.231231399373313,3.688097648666741,-6.434048530105324,0.0,0.0,7.0,3.0,1.2401161800837062
11-23,3.662925172568005,1.8184393447023768,6.701922674238135,6.870690707502694,1.3204116260791894,-8.781406513859128,5.231231399373313,3.688097648666741,-6.434048530105324,0.0,0.0,7.0,3.0,1.2798421390150911
11-24,3.662925172568005,-3.199882386445274,6.701922674238135,6.870690707502694,1.3204116260791894,-8.781406513859128,5.231231399373313,3.688097648666741,-6.434048530105324,0.0,0.0,6.0,4.0,0.8236310725471229
11-25,3.662925172568005,-3.199882386445274,6.701922674238135,6.870690707502694,1.3204116260791894,-8.781406513859128,5.231231399373313,3.688097648666741,-6.434048530105324,0.0,0.0,6.0,4.0,0.8236310725471229
11-26,3.662925172568005,-0.11276317861171264,6.701922674238135,6.870690707502694,1.3204116260791894,-8.781406513859128,5.231231399373313,3.688097648666741,-6.434048530105324,0.0,0.0,6.0,4.0,1.104278273259265
11-27,3.662925172568005,-0.11276317861171264,6.701922674238135,4.457416581878747,1.3204116260791894,-8.781406513859128,5.231231399373313,3.688097648666741,-6.181417813404775,0.0,0.0,6.0,4.0,0.9078561451753199
11-28,3.662925172568005,-0.11276317861171264,6.701922674238135,4.457416581878747,1.3204116260791894,-6.253748483171925,5.231231399373313,3.688097648666741,-6.181417813404775,0.0,0.0,6.0,4.0,1.1376432388741564
11-29,3.662925172568005,-0.22553711193764675,6.701922674238135,4.457416581878747,1.3204116260791894,-6.253748483171925,5.231231399373313,3.688097648666741,-6.181417813404775,0.0,0.0,6.0,4.0,1.1273910631172532
11-30,3.662925172568005,-0.22553711193764675,6.701922674238135,4.457416581878747,1.3204116260791894,-6.253748483171925,5.231231399373313,3.688097648666741,-6.544571457137906,0.0,0.0,6.0,4.0,1.0943770955051504
12-01,3.662925172568005,-2.5514484018924857,6.701922674238135,4.457416581878747,1.3204116260791894,-6.293709438353844,5.231231399373313,3.688097648666741,-6.544571457137906,0.0,0.0,6.0,4.0,0.8792978004927179
12-02,3.662925172568005,-4.087952913280008,6.701922674238135,4.457416581878747,1.3204116260791894,-6.293709438353844,5.231231399373313,3.688097648666741,-6.544571457137906,0.0,0.0,6.0,4.0,0.7396155721847616
12-03,3.662925172568005,-4.214826276950238,6.701922674238135,4.457416581878747,1.3204116260791894,-4.895106494078226,5.231231399373313,3.688097648666741,-6.544571457137906,0.0,0.0,6.0,4.0,0.8552273522397965
12-04,3.662925172568005,-4.214826276950238,6.701922674238135,4.457416581878747,-0.48441499877354977,-4.545457663452539,5.231231399373313,3.688097648666741,-6.544571457137906,0.0,0.0,5.0,5.0,0.7229384618555191
12-05,3.662925172568005,-4.214826276950238,6.701922674238135,4.457416581878747,-0.48441499877354977,0.09989857706835671,5.231231399373313,3.688097648666741,-4.207785512040374,0.0,0.0,6.0,4.0,1.3576786605481033
12-06,3.662925172568005,-6.61121320919812,6.701922674238135,4.457416581878747,-0.48441499877354977,0.09989857706835671,5.231231399373313,3.688097648666741,-4.207785512040374,0.0,0.0,6.0,4.0,1.1398253030710235
12-07,3.662925172568005,-5.427119173418476,6.701922674238135,4.457416581878747,-0.48441499877354977,0.09989857706835671,5.231231399373313,3.688097648666741,-4.207785512040374,0.0,0.0,6.0,4.0,1.2474702154146273
12-08,-1.5879737608917361,-4.553137322213819,6.701922674238135,4.457416581878747,-0.48441499877354977,0.09989857706835671,5.231231399373313,3.688097648666741,-4.207785512040374,0.0,0.0,5.0,5.0,0.849568662482347
12-09,0.0,-4.553137322213819,6.701922674238135,4.457416581878747,-0.48441499877354977,0.09989857706835671,-0.07581964226178067,0.0,-4.207785512040374,0.0,0.0,3.0,7.0,0.17618912344506518
12-10,0.0,-0.08457507263733985,6.701922674238135,4.457416581878747,-1.667984672214674,0.09989857706835671,0.0,0.0,-4.207785512040374,0.0,0.0,3.0,7.0,0.4817175069357138
12-11,0.0,-0.08457507263733985,6.701922674238135,4.457416581878747,-1.667984672214674,4.095902633985622,0.0,0.0,-4.207785512040374,0.0,0.0,3.0,7.0,0.8449906030191016
12-12,0.0,-0.08457507263733985,6.701922674238135,4.457416581878747,-1.667984672214674,0.1134377735039951,0.0,0.0,-4.207785512040374,0.0,0.0,3.0,7.0,0.4829483429753172
12-13,0.0,4.326410917427549,-0.09118124901128137,4.457416581878747,-1.667984672214674,-1.6902893546998032,0.0,0.0,-3.3788575362482294,0.0,0.0,2.0,8.0,0.17777406246657346
12-14,0.0,5.564430447742458,0.0,-2.5913153914246467,-1.667984672214674,-1.6902893546998032,0.0,0.0,-3.3788575362482294,0.0,0.0,1.0,9.0,-0.3421833188040814
12-15,0.0,5.564430447742458,0.0,-2.5913153914246467,-1.667984672214674,-1.6902893546998032,0.0,0.0,0.47367054771789735,0.0,0.0,2.0,8.0,0.008046507011021008
12-16,0.0,5.564430447742458,0.0,-2.5913153914246467,-1.3315493742417643,-1.7742807783792502,0.0,0.0,0.47367054771789735,0.0,0.0,2.0,8.0,0.03099595012860855
12-17,0.0,5.564430447742458,0.0,-2.5913153914246467,-1.3315493742417643,-1.7742807783792502,0.0,0.0,0.47367054771789735,0.0,0.0,2.0,8.0,0.03099595012860855
12-18,0.0,5.564430447742458,0.0,-2.5913153914246467,-0.8430505123392061,-1.1443531106463254,0.0,0.0,0.47367054771789735,0.0,0.0,2.0,8.0,0.1326710891863797
12-19,0.0,5.564430447742458,0.0,-2.5913153914246467,-0.8430505123392061,-1.1443531106463254,0.0,0.0,0.0,0.0,0.0,1.0,9.0,0.08961013030293451
12-20,0.0,5.564430447742458,0.0,-2.5913153914246467,-0.8430505123392061,-5.28961348403347,0.0,0.0,0.0,0.0,0.0,1.0,9.0,-0.2872317218231696
12-21,0.0,5.564430447742458,0.0,-2.5913153914246467,-0.8430505123392061,-5.28961348403347,0.0,0.0,0.0,0.0,0.0,1.0,9.0,-0.2872317218231696
12-22,7.3921577603209245,5.564430447742458,0.0,-2.5913153914246467,-0.8430505123392061,-5.28961348403347,0.0,0.0,0.0,1.1734181903363048,0.0,3.0,7.0,0.4914570009638513
12-23,7.3921577603209245,5.564430447742458,0.0,-2.5913153914246467,-0.8430505123392061,-9.398905436197918,0.0,0.0,0.0,1.1734181903363048,0.0,3.0,7.0,0.11788500531253797
12-24,7.3921577603209245,5.564430447742458,0.0,0.0,-0.8430505123392061,-9.398905436197918,0.0,0.0,0.0,1.1734181903363048,0.0,3.0,7.0,0.3534591318056877
12-26,7.3921577603209245,5.564430447742458,0.0,0.0,-0.8430505123392061,-9.398905436197918,0.0,0.0,0.0,1.1734181903363048,0.0,3.0,7.0,0.3534591318056877
12-27,7.3921577603209245,5.564430447742458,0.0,0.0,-0.8430505123392061,-9.398905436197918,0.0,0.0,0.0,1.1734181903363048,0.0,3.0,7.0,0.3534591318056877
12-28,7.3921577603209245,5.564430447742458,0.0,0.0,-0.8430505123392061,-9.398905436197918,0.0,0.0,0.0,1.1734181903363048,0.0,3.0,7.0,0.3534591318056877
12-29,7.3921577603209245,5.564430447742458,0.0,0.0,-0.8430505123392061,-9.398905436197918,0.0,0.0,0.0,1.1734181903363048,0.0,3.0,7.0,0.3534591318056877
12-30,7.3921577603209245,5.564430447742458,0.0,0.0,-0.8430505123392061,-9.398905436197918,0.0,0.0,0.0,1.1734181903363048,0.0,3.0,7.0,0.3534591318056877
12-31,7.3921577603209245,5.564430447742458,0.0,0.0,-0.8430505123392061,-9.398905436197918,0.0,0.0,0.0,1.1734181903363048,0.0,3.0,7.0,0.3534591318056877
