,2009,2010,2011,2012,2013,2014,2015,2016,2017,2018,2019,2020,ups,downs,avg
01-02,-4.97781308999489,-2.7499961853027344,-8.975020073982128,7.04776994558356,5.47852197701688,-13.344399859796443,-13.187594722362006,-6.046168293646906,1.40875101816206,11.05919921875,15.27865957724098,-17.17272181417847,5.0,7.0,-2.1817343585425077
01-03,-6.741571501366872,-4.60676384937024,-8.377590336012931,7.734163793082999,3.8721693256022705,-14.207464827541493,-7.94227114113692,-0.14990544353889135,3.0167298532254567,10.233424638772162,17.797915415698302,-14.881544553931187,5.0,7.0,-1.1877257188764454
01-04,-9.884327631544377,-3.2403844670438815,-4.604143826658499,3.413103921390998,2.21507874892377,-11.445046936639388,-10.56593624176142,-0.4373373005768811,-2.3367068097713632,8.808359234474787,14.93429628945929,-15.579866111640744,4.0,8.0,-2.3935759276156423
01-05,-14.646188389132611,-4.869649654861839,-8.427061524022692,4.95619308882822,1.5394984342316094,-11.97981552734187,-9.444298707338508,0.8649388059627245,-3.438295586352527,7.731496873611121,9.669143976484307,-21.18848412145905,5.0,7.0,-4.102710194282593
01-06,-14.84374146287674,-9.040956166614235,-5.779546806842969,3.6746403998133905,-0.6709089669402193,-16.090582687091292,-2.8486069579891744,8.163009142470901,-3.3270254505285943,7.413889090960378,9.378451983533807,-22.240224054540374,4.0,8.0,-3.8509668280537603
01-07,-13.128647589813989,-9.040956166614235,-1.9553508141827258,3.2258051607160025,-0.7836077530627908,-15.72138957471227,-12.163427680992871,9.866262281173501,-3.1991057735314277,5.514001077114706,9.503264856758477,-21.22776784405045,4.0,8.0,-4.092576651766507
01-08,-6.352571740140128,-8.866131757963752,-4.853216690209945,5.5178562602937244,-1.2198248640786804,-12.932139418309937,-11.340685636915714,11.254107441239194,-5.355718234270434,2.3999962439903846,9.35515545377875,-18.033337063259548,4.0,8.0,-3.368875833820507
01-09,1.2705123286011615,-10.015171959486642,-0.37361848132789466,5.759155468574026,2.4056666955173074,-13.54673712323963,-10.209422459251453,9.881169861545523,-4.331111407709147,3.927032805619239,8.604254316873561,-14.777781168619775,6.0,6.0,-1.7838375935753106
01-10,10.743374585413887,-12.432157001862803,1.5612546361151372,6.471186259916068,2.941176285719237,-12.787027880340618,-8.426191946270611,6.8740011368735185,-9.791758058592285,5.542526573515893,11.87315810121511,-11.64444817437066,7.0,5.0,-0.7562421235556774
01-11,13.389323691296372,-12.694304973001627,5.188235575231257,8.821716541223298,3.2212853198138687,-7.332233908266447,-8.426191946270611,2.935448930128116,-5.96398302860091,4.443404989268943,5.789614495727722,-12.792532738455712,7.0,5.0,-0.28501808765881087
01-12,9.778690626289645,-10.417728801441694,3.443859547283476,6.020980504709139,4.136135681222266,-6.31052224100595,-14.100198738366265,1.4347963083559099,-6.812701738371348,3.739696789743591,6.04315987026188,-15.962988477628178,7.0,5.0,-1.5839017224122942
01-13,4.257589704256422,-11.73013040454024,3.347749707466553,6.9710071722895135,3.862173029956676,-7.2611395604387035,-15.071697030802836,2.27717915774812,-2.431465830743825,0.8971116098985784,5.7804996555110595,-17.430006764306587,7.0,5.0,-2.2109274628087725
01-14,6.544073009469176,-11.525679014632448,3.0273896851026385,7.727327474711612,1.4728051349209061,-5.136303458153703,-9.92717568969039,3.9117113441355467,-8.762471815255077,1.8668904918966074,7.359456918070936,-15.947072051729702,7.0,5.0,-1.6157539975961583
01-15,1.3520822233351575,-10.426777165825287,4.08820356005249,7.761383703726504,1.052024734608039,-7.9462278927520185,-6.2188557165701885,4.512438215015881,-5.226363671689165,3.665352859759897,8.667894256446681,-9.845364928481942,7.0,5.0,-0.7136841518644959
01-16,-3.19091487231645,-11.193450380421742,3.9180914015481814,8.593372712192998,1.7677793104670887,-6.465882605856875,-6.765041699217337,7.222685158834846,-6.634433268449593,3.7964362452414906,7.091438562254056,-10.568472649354586,6.0,6.0,-1.03569934042316
01-17,5.029747521297762,-9.12967014588369,3.60724612300998,8.959578289098376,1.2615127147607363,-5.325848296299862,-6.295515193943506,5.747935672703932,-5.0631504394678055,5.422804971695382,4.416601150463609,-12.30392438946597,7.0,5.0,-0.3060568351692545
01-18,6.645401570921175,-8.180002488753168,2.5351639720869477,6.964498194065283,2.0499637019628687,-3.9646043869472694,-5.236691444163777,9.461479149805616,-3.8949476699611907,3.955931613564745,2.0883306670340454,-9.878737694641227,7.0,5.0,0.21214876541450392
01-19,3.8335200118577326,-6.51162777667482,2.4280772879348937,5.813953705541966,2.3985388338341282,-2.2936530091817895,-4.120517506968249,10.15962485506522,-1.9029591284864404,2.3828463099881767,6.647112599911657,-10.629478039341288,7.0,5.0,0.6837865119567655
01-20,1.8994422337077328,-2.052852548272633,3.376022880316513,6.193387695961986,2.244392775680194,-3.340377968915181,-3.915691152389491,12.486822913829846,-3.2940118677582944,1.53325202604831,6.530826922103072,-10.518063788292633,7.0,5.0,0.9285958435016184
01-21,-5.9718279771402045,-0.6134929565370423,5.488107730652296,6.634024934393741,2.0815986942237097,-3.929235452662923,-4.120449274410903,9.536351473110303,-2.604046652567104,2.1115122954826435,6.953054356090273,-14.38332181634903,6.0,6.0,0.0985229461904799
01-22,-1.6338079748019367,2.0528615494457227,2.5444912137303097,7.1115486750616625,2.922239502528709,-3.98477735657608,-5.966254988498298,8.021597055809345,-4.334043320835256,0.1346327459666928,6.804469558093465,-13.874381700578189,7.0,5.0,-0.01678542005448754
01-23,-2.647883455518246,3.889409174185976,0.5599895288405482,7.235807290204881,0.6926258121899411,-2.698817702003059,-4.418761668219419,11.521335086156324,-2.0814850086029355,-2.999733688969522,8.64457375188561,-12.49274640584465,6.0,6.0,0.43369272619212024
01-24,-5.905289252861308,3.209062237081343,0.08525669302112789,5.251640630485134,-0.2534023594091085,-2.2081224007936635,-2.220792237983686,9.881312500069946,-3.2576204336911196,-2.2153173263418684,7.075223450428892,-10.240334350497408,5.0,7.0,-0.06653190420764317
01-25,-6.7377922454977295,3.163361976582298,1.1812301182395135,5.619074042799585,-2.0863259003607126,-2.5997183668585655,-0.845454822887074,11.521335086156324,-3.7422017636348768,-3.1406249033829865,4.988598048223446,-5.225599745686841,5.0,7.0,0.1746567936410317
01-26,-11.955245826691895,5.858827478745404,-1.223243651439073,6.421793603631524,-1.9524578631400766,0.06598004212275471,-0.07217125138108561,10.497881525411634,-2.0899482162877696,-3.9038220144569973,5.777586111240539,-7.972127254014421,5.0,7.0,-0.0455789430216218
01-27,-9.976929221526772,6.941230715567281,-1.257216880897194,6.713700061428596,-1.0177467328492635,1.6398738740557788,-0.8954154703325652,9.629149867024168,1.1926866672176617,-3.8971524487322453,7.796297895092779,-12.544619464356979,6.0,6.0,0.36032157180760366
01-28,-20.989865007034556,7.450257125769574,1.376149107868957,6.742941417470124,-2.3346948274707606,2.6210909608995343,-0.576679915561083,9.824327354938998,-1.674742846286938,-4.232166482551873,6.3633247850123835,-17.203739632633166,6.0,6.0,-1.0528164966315672
01-29,-16.75610846296364,9.093012943491658,1.8661745442068334,7.037121513245359,-0.050085614938811675,4.174950298210735,-1.766083100726622,4.515291203124269,-0.7753621129615307,-3.7443208043124545,6.45523776521244,-21.434363250060205,6.0,6.0,-0.9487112565393306
01-30,-13.416815376163942,7.397069506904922,3.13640796928642,7.631096364729037,2.0130894901881917,3.419485528236818,0.6487666236479059,8.82243218823014,0.054156883749778346,-5.774437252104074,5.12423627338672,-23.446786055766918,9.0,3.0,-0.36594148797291687
01-31,-13.300182531721378,8.52481398310927,2.7328769130459287,7.379402647859577,1.5243114504565478,3.8807135216047355,-3.1579884485120098,8.18170921409484,-2.412662796164829,-7.485447146612767,6.1903508721294935,-17.733653553567695,7.0,5.0,-0.472979656189857
02-01,-10.01810427269121,10.135435532949815,0.37237849337283535,10.04587778017203,3.6865189147487882,7.622219171512187,-4.562095809669772,7.555278890270609,2.569378981001022,-6.854726554840795,6.491269521830917,-18.28634144100116,8.0,4.0,0.7297574339712721
02-02,-14.223054502905331,7.8840045091900155,2.348765431700869,10.292906458204678,4.694297326493584,7.782966023517702,-4.356381505472429,8.920131402008238,3.078920645775642,-4.706132937600351,5.163699812679889,-16.61044050359151,8.0,4.0,0.85580684666675
02-03,-23.552128764934686,5.655037202737398,0.4224400113396678,8.116693744838985,4.858266773542387,6.7280029296875,-7.474247279464493,6.0343763247989335,5.0628775770815615,-2.523663692637808,5.394370167053395,-15.8600380907181,8.0,4.0,-0.5948344247229382
02-04,-19.632675334291864,6.83317107686371,-4.0216307128120965,8.46289331957575,6.256054384749489,7.614370267559021,-1.1346415695949452,8.215768145273806,3.796777560150789,-1.8312247404454605,2.845668916532721,-21.15946219397966,7.0,5.0,-0.3129109067015614
02-05,-24.382517017711248,8.836004055947338,-2.347951383852455,7.566104308014286,6.924119336248165,6.779658444501997,-2.675864357505212,11.179609337004246,1.8425975138114996,-1.824127987271984,-0.5214368283339768,-21.967744793809384,6.0,6.0,-0.8826291144130605
02-06,-28.182392780341143,10.023316780452532,-2.3813391808349893,8.065276733938436,1.0919197799511666,3.9548032888658566,-2.675864357505212,15.880632158528558,1.9623023314314134,-2.7482466264204546,-1.9709338774017953,-20.449920247548466,6.0,6.0,-1.4525371664070084
02-07,-30.315228061844664,12.886487750397075,-3.8035376064670694,4.686181531792314,-0.08148506610691249,3.0317479224211925,2.1617509745978265,16.369982774166896,4.757656426814937,-6.206848088654549,-0.9990903627302608,-17.156790724542258,6.0,6.0,-1.2224310441796231
02-08,-33.44780044784702,16.522497679543825,-3.40203116097325,2.9341280817271707,0.20371577372330116,4.028605289071003,-0.4477748169387119,16.6415464975878,4.595685497638719,-1.5588206256592023,-0.7175303601053481,-22.236551006612604,6.0,6.0,-1.4070274665703597
02-09,-34.00000210466056,14.110699829636333,0.6208204258883017,2.6706627029144836,3.691168410273513,4.37054959547295,-0.46733848818244683,15.550016535792674,4.595685497638719,-2.56245334469841,-2.2855038946515154,-23.40272097425096,7.0,5.0,-1.4257013174022433
02-10,-16.998764261320996,15.449433664160269,1.0983741325389418,2.6347268841223803,3.0661898253779607,3.151311309459464,-2.5818090895383223,15.798141357123951,1.3896450941548448,-4.64851313832268,-2.26695686223505,-38.81301259606834,7.0,5.0,-1.8934361400456314
02-11,-19.36733404989225,13.850475402950075,1.273478575209957,3.129060632289319,1.1743286391398546,1.9716459272154145,-7.60981336147823,17.115636614666943,2.424839915813808,-2.593130121724752,-0.7054209577612068,-35.493007478162376,7.0,5.0,-2.069103355144454
02-12,-21.433181045067016,13.094204231709398,-0.6348679598094974,5.62521496891941,-2.296414740628701,3.687315606556553,-8.692513934186287,13.716037371018947,2.4034266630752623,-2.414171977573883,-2.053024258519275,-58.73211671235481,5.0,7.0,-4.810840982238325
02-13,-17.88250806128785,14.306691749082376,1.3720494673969366,6.003663997544048,-0.8284500952046168,2.114062448131652,-9.857699760442685,13.644860412826901,2.199494108971381,-2.539416410384152,0.5215735086277635,-57.6549480758615,7.0,5.0,-4.050052225883312
02-14,-7.185621561490291,14.43234805635428,-1.2612620268408476,7.449435116199965,-0.6694586207178228,3.105539894375022,-9.084405614348688,15.481364117612012,1.3767423001007955,-4.8653202354358855,0.645335342299278,-57.813881442606274,6.0,6.0,-3.1990987228748717
02-15,-4.130302864540215,22.041989914930788,-1.2586921299915999,8.140325269199069,-0.5020907733230909,-2.207928455592103,-9.712226774767279,15.885297588501803,2.738390297662824,-5.484795004692765,0.19448480848784863,-95.1412394895392,5.0,7.0,-5.786398967805327
02-16,-8.157102378872985,24.042396055526343,-0.30025071373651874,7.668090294147721,-2.0384081402142864,-2.207928455592103,-13.142556148827131,15.980910038099278,4.351116646415754,-3.3966763729432046,0.0,-71.53356816126667,4.0,8.0,-4.061164778105317
02-17,-3.051230591191279,21.779252806562475,1.7014185901299055,7.544410726650484,-2.6871222651042865,-1.0745293392287287,-8.607181814702974,13.511051236365217,2.2405019033436053,-3.0200784137547294,-1.9998181537887225,-111.90183674630943,5.0,7.0,-7.130430171752372
02-18,3.7418682975807,21.225544361802843,2.1684724278839407,7.291785163893541,-4.377048025087193,1.2430671576410177,-6.03992957667873,12.987014905914563,3.8154127264120152,-2.024058090591376,-1.139528315151698,-130.69729567215822,7.0,5.0,-7.650391219878216
02-19,2.6572654930956174,21.779252806562475,0.28605415239712284,7.852576196305259,-6.021352288454395,0.21105952422205612,-7.27559580319964,14.570518447698927,4.648707295240636,-2.8827839941229527,-2.4075602191570793,-159.03758572456533,7.0,5.0,-10.468287009498107
02-20,3.4164915936507256,21.67159915659078,-4.47813301510113,7.573031307606215,-5.011532404591807,0.30392623016181436,-8.738627933839968,14.381797962923418,3.55845454787074,-1.3123317533527075,-6.508545577601267,-161.29322482230967,6.0,6.0,-11.369757892332737
02-21,8.660573411170395,21.161360559750207,-3.692032789708407,7.914473916831829,-4.488207631600799,-2.3554250632411846,-9.072125819026388,13.479838797494018,2.6219252235372257,-3.538459831184441,-7.47969223096926,-154.646611034422,5.0,7.0,-10.952865207614066
02-22,2.52583543128908,23.57928851319852,-4.829293474593414,8.16485832487706,-5.455030727701747,-3.408325608614235,-8.209679648851257,15.667442297912654,-0.5943873688464228,-4.433563872650787,-9.832857193744893,-139.61651829107873,4.0,8.0,-10.536852634900347
02-23,10.490246932783185,24.228918016789972,-2.615062733680132,8.231872241342815,-4.945004639856153,-2.752755361498591,-6.822783135868734,12.653101221637646,0.09906036257804288,-4.0979025247213725,-6.559938442601193,-157.30124847055652,5.0,7.0,-10.782624711137586
02-24,19.085394747288326,23.774249313674062,-3.6959534681423567,7.94147292225329,-4.9168603343374455,-3.2609601473664642,-7.820040867862395,13.641981886810441,-0.7925164917952306,-5.733475281246618,-8.030967898402452,-179.62136141230732,4.0,8.0,-12.452419752619514
02-25,24.69690115377889,24.179892239849593,-5.055783961512525,7.802605509852493,-3.6749149949283266,-7.053302040994803,-6.6807696425926,9.821326074363066,6.311518039666024,-6.935504723231249,-6.071981962795345,-116.66666129687893,5.0,7.0,-6.610556300451976
02-26,27.750337575863572,23.245150137265185,-1.5741307746366289,7.370190819201844,-5.134279751423979,-3.5576049443854645,-3.796986084770399,10.450607535242549,8.529820093227649,-2.967296081648021,-5.104453064913537,-97.6508348240117,5.0,7.0,-3.5366232804157445
02-27,25.594973712505425,20.208935749628886,0.6457006531342483,8.675552927401059,-5.941720640692366,-3.9364232621953916,-2.4031529648518344,9.677046665898764,9.034480954625923,-3.1852454889260797,-4.88772495155346,-95.03470193323486,6.0,6.0,-3.4626898815216394
02-28,32.62980296179271,22.321584805745427,0.26591300030101683,7.204099094292897,-6.942246676519584,-4.117598606138587,-2.084927655008901,16.056845097723652,10.799497228187304,-0.7823380054047405,-3.5620858237744017,-97.83770000429739,6.0,6.0,-2.170762881925049
02-29,0.0,0.0,0.0,4.095213536115939,0.0,0.0,0.0,17.99626577011002,0.0,0.0,0.0,-91.10939961765058,2.0,1.0,-5.7514933592853845
03-01,33.388978931598146,22.307964080297037,9.38649601785372,3.486006722887547,-7.1265533993324635,-1.559959490072799,-2.7235050542993053,15.590790653472666,11.171031281988148,0.35625157346931946,-3.814594084422439,-96.2894640470806,7.0,5.0,-1.3188797344700849
03-02,30.487801940112575,22.669940480566297,8.276498164487228,4.422380636210945,-9.832428626537848,-0.9611521402728892,-1.309792374168201,14.729073963325535,11.479197408827115,-0.3213128271244048,11.91262251110193,-95.15958648762805,7.0,5.0,-0.3005631125916466
03-03,31.481482571644154,25.648217825355317,4.944195564143005,4.8161779656703665,-15.981649737853369,-0.18434187955584533,0.6850560663138873,13.617065780468101,13.24152589071568,0.2707952909865397,8.077079721700713,-91.09989763963068,9.0,3.0,-0.37369104833684474
03-04,30.225362141294337,24.842326296950247,4.975194415358559,4.645697347826762,-16.647835040703725,-0.3335436587140083,0.75074647212092,13.11160681437911,12.951172980723078,5.1508869908413,10.341518380720641,-126.1415828994013,9.0,3.0,-3.0107041465503386
03-05,34.11400618493427,22.372109404551708,7.01214461662498,6.805252863088848,-18.05738796730582,0.04772543258265344,1.0228944846693404,12.951740882157056,12.824977400121798,4.830369317903205,10.442829235103433,-114.03614481072002,10.0,2.0,-1.6391235796907122
03-06,35.66062324536351,19.386329870223147,8.627982862106581,9.506160363662525,-16.787208871588753,-0.09543872900953253,3.594213860181618,13.240764778680006,12.579960572342108,7.837073585400341,11.552060166305841,-112.01347851862555,9.0,3.0,-0.5759130679131795
03-07,39.15232880225308,20.645269752514725,7.5806190758649485,8.971986324811915,-18.08146142835797,-0.4533521670289298,4.366855097554311,11.70387044497977,11.819609867930067,9.600410409476728,11.423522523476096,-92.97144141989085,9.0,3.0,1.146518106965324
03-08,41.247974794558154,22.971843047223203,7.489782451999091,7.674698198945625,-17.320133832414413,-0.144543729976898,4.42914495409301,12.757796487853327,10.384392644330251,9.748413099720667,11.407458382628468,-98.45111472803664,9.0,3.0,1.016309314243652
03-09,38.37654238476288,23.91811303034005,3.709378062823692,5.232751418399458,-15.359662775229024,0.20805163934606374,6.0722446111600705,11.906733537585007,10.629538743340458,7.940284439295235,12.841471650705454,-54.87283157366689,10.0,2.0,4.216884597405204
03-10,29.094923900998737,22.77657509823178,5.839971924201425,4.350686269263699,-12.19150077794625,-1.745940601269989,10.013509627189515,11.295338368786432,10.64914713950456,10.149826180279476,11.999060204410958,-36.079607908219344,9.0,3.0,5.512665785452583
03-11,31.61147888741868,20.45720352711503,3.9239694089803496,5.006528745787439,-11.694065936544087,0.6073366369536888,12.433405546786823,9.367876596401391,10.826714507566246,8.556108446932114,12.095764111101001,-21.185537391094787,10.0,2.0,6.833898590616992
03-12,26.269311063135937,20.34039473491578,6.033556887780126,3.7069733373534115,-9.491560097232677,2.508387427698871,11.638825633994076,7.70846867589544,10.765457366472308,7.886104057117829,11.508688681226598,5.307082316563712,11.0,1.0,8.681807507076785
03-13,24.1059566288282,14.532702084220894,4.7284683324177585,-2.075923280091787,-9.222188099957966,8.10033500952882,12.144466770421852,5.556158655324368,10.537189245165836,9.249763148231676,11.159977130391391,-7.725231426738424,9.0,3.0,6.7576395164785525
03-14,32.19992076806531,16.387421323007914,6.076924250676082,-0.9993242189530592,-8.509274515103565,8.10033500952882,15.022967205765658,5.718272592433254,9.707975442020892,9.075372974125532,11.474122673567974,14.909165756205395,10.0,2.0,9.93032327177835
03-15,37.334345578641624,16.49402147270295,8.306754036077276,-0.7608514841191454,-7.823779610710522,5.9503601463975135,14.522557689953636,6.024352941876368,8.849645981342908,9.891772778554992,13.209769459629388,17.693392483358757,10.0,2.0,10.807695122808811
03-16,35.60311772081196,14.444800736383412,9.345224175340636,-1.37406213720088,-4.155072458707447,4.420341215912744,13.35292588578119,7.531867168327685,7.4289648125040175,9.012081975459433,12.181866100192194,11.528443801502256,10.0,2.0,9.943374916358934
03-17,31.47928766135059,15.55486718718416,10.131554856364211,-0.5649717514124294,-5.768699542521423,4.9125344831930065,10.441912605442056,6.025493734662148,6.61996748625452,12.129425377985362,13.704992477528865,21.95579437095116,10.0,2.0,10.551846578915184
03-18,25.010165027929215,15.710725149175126,14.229542452050344,0.01123709245075672,-10.628151279448923,2.3698232570477273,7.124490118701108,7.005163282946218,7.538778107338745,10.406583956802468,13.430175397840834,21.450511311798003,11.0,1.0,9.471586989552636
03-19,24.400162516341222,16.256239907343787,14.202070256403102,-0.45146899860922846,-7.236038351615505,2.870028772108509,6.692986630627621,4.592858523475477,6.241855405198,11.132572565565335,15.298189857854327,19.914953792870506,10.0,2.0,9.492867573130264
03-20,29.158194517291875,13.72762598416221,13.930722571436805,0.6008689206898697,-7.627682924839635,2.3206185096185425,5.949316779723027,5.033032309448951,6.363818746232621,10.225091496435185,17.591382183299707,25.419328303304194,11.0,1.0,10.224359783066946
03-21,27.345848832214692,12.99638816242719,13.356576229346368,0.5443211309064987,-6.758951628691825,1.6974167664004065,3.5953202977760355,5.092738755956992,6.872986905759879,11.185637613366476,16.360134671879695,27.447556011930352,11.0,1.0,9.977997812439398
03-22,33.13359622069335,11.791852051908293,14.684580505941902,0.055538129557497644,-6.787590081481206,3.83716406217614,-0.028917273871822663,6.572180720451935,8.647560319782508,12.148312667486799,17.49903685863623,35.27183924757306,10.0,2.0,11.402096119071224
03-23,28.87139385418947,10.15537421367315,13.43193667211256,0.5220990989059251,-9.003368908523461,2.691896175008943,-0.019273872835090362,8.327230243147751,0.9049712660652937,13.135826730052102,17.486585860696387,28.93835988737683,10.0,2.0,9.620252601655821
03-24,24.70133171273479,13.619742092987956,10.836100322504837,-2.4244491638250727,-6.7119108166372135,1.7299600335117655,0.13497819899802777,1.35997015604862,-1.4982458912889594,9.422549608905515,17.405442540096768,9.687264673053399,9.0,3.0,6.521894455590868
03-25,23.31267301766452,15.41742691344496,8.843948719324542,-2.6095857157595352,-6.36098527074531,3.482057326344453,-0.6774382423670985,-0.9729054721253728,-0.08874502972161025,8.922746494080712,16.60428584015062,4.41439041301033,7.0,5.0,5.857322416108434
03-26,18.422865746568032,13.117002879968599,12.556314047666145,-4.3063848428430616,-4.188004577078568,-0.3139175909442201,-1.1903568235197834,-0.1556437607237493,-3.297372067301089,9.366027094301243,16.672977820768306,0.4082670401091854,6.0,6.0,4.757647913914253
03-27,17.493118701447667,14.997020123266811,12.645179198291052,-3.5393126244317425,-3.0422088972290715,-1.676991927401204,-0.5613101914030688,-0.4579462985288006,0.7917090977642455,10.429830431063888,16.441870409414083,3.0364855024464408,7.0,5.0,5.546453627058358
03-28,20.60857875552625,14.958989019361708,13.337177150408518,0.3261002075027155,2.420977113140508,-2.280044970883532,-0.0664827564018909,-1.3439718689702078,0.17497841972381045,9.290167917793793,4.106702058562436,3.727958473033388,9.0,3.0,5.438427459899791
03-29,21.342930235016834,13.919078658438192,5.725862498814132,-0.6297060122253905,2.9782588740153746,-3.1583297157575676,-0.8905489825318792,-0.06141627300065871,-0.37699313789593114,4.623046796725968,8.107911401756168,7.591874621158862,7.0,5.0,4.930997413709509
03-30,19.88834889492905,11.242413313655799,9.812698046719342,-0.4497936854899864,4.625057563045954,-2.0696979904371795,-1.2784791374229765,-1.0935101803882064,-0.16433620430641535,4.944262702194327,3.8452665130656682,19.773296157917564,7.0,5.0,5.756293832790245
03-31,24.299062088656317,9.768757455221863,9.099807174894089,-0.9498570815720799,4.838711110852835,-0.4104253163272916,-3.2158075973666307,-1.2365856958011965,-0.01933714166365009,6.021544547892684,4.571825139547107,25.64203835662357,7.0,5.0,6.534144420079802
04-01,22.019301158513812,8.337264845845304,7.492312750569459,-1.487901403076698,7.127242356477463,-0.39065443879243283,-4.383324096592629,-1.573838466573544,-0.15531320842859275,5.974703548745183,4.29424421047271,39.51807116464367,7.0,5.0,7.231009035150309
04-02,17.8842193390426,5.568665931290792,8.54067728845307,-2.9279261089728377,8.205528914485482,-0.12742188619752787,-4.451357622921195,-2.2510747333166656,-2.1280823041239962,5.480052671348883,3.7134726265095876,40.92678333912785,7.0,5.0,6.536128121227169
04-03,14.955203597961411,8.225049046938103,7.072863368722626,-2.3543857907681605,8.665798310511894,0.8282240328540916,-6.278549055101447,-2.154817176640358,-3.097520401082935,0.12873129985612383,2.9925216241477197,42.557925240278195,8.0,4.0,5.961753674806438
04-04,18.945917567718592,4.729407429960093,5.72046272826481,1.191119103731596,8.89178886186677,0.4778199216208365,-5.8055153251912275,-0.7739139115245341,-0.17716565736133333,-2.0688357210810313,-0.13247986225231387,19.337803262817612,7.0,5.0,4.194700699880823
04-05,17.322552903794282,6.72778401179544,2.3204363571413844,0.508934735754052,6.318995288674917,3.1832534185382837,-5.2555579137068404,-0.5627940934887211,-1.0603504667456396,-4.761592185447308,0.8260638462325218,11.103647387030472,8.0,4.0,3.05594777413107
04-06,18.8620665977741,3.9181144987537833,3.775818691385604,1.8516503657028682,5.458038497427053,4.406489995389756,-3.5021267343151674,-1.004813769388017,-1.0504385295070282,-2.935768673302059,0.35197258788647867,10.62345529660795,8.0,4.0,3.396204902034611
04-07,22.56410386827257,0.7945696796039484,4.174043810727129,0.373712854187584,6.470840487057898,4.361738301773977,-5.051559940907724,0.33493792312933895,-0.9810700900224671,-2.726785580978922,-0.17298413286304395,-5.556808355625946,7.0,5.0,2.0487282353628617
04-08,15.360611240420766,-1.4898220959314707,5.48672721719985,-5.813676762357998,6.179042630324845,2.5027678088471212,-5.476190476190476,2.606235963898621,-0.4744916075154813,-2.1803322862519487,-2.758507885420257,-12.682351505055149,5.0,7.0,0.10500102016403486
04-09,8.425798517056286,-3.7410996974700685,6.636027814303482,-7.8020901709481585,8.606801916062945,1.7271133582028253,-5.742855980282738,-1.8688514584400615,0.9356716362084526,-2.6861087319606263,-3.9238210402819127,-16.494113697725187,5.0,7.0,-1.3272939612728967
04-10,10.887653859345352,-7.854932400915894,3.746481304650234,-7.2183998630236585,8.213081826154523,2.896840078172247,-5.1238069080171,-1.980303641550016,0.7324934119257593,-4.1131039207874664,-4.85013115220442,-8.376473819508288,5.0,7.0,-1.0867167688132273
04-11,6.917782706227145,-14.507300864272581,5.851681433884125,-8.195107776095687,6.5184537265049,4.451246892135694,-3.213269563647808,-1.7021249673992191,1.3623992767369908,-3.2340239299607014,-4.504282864571225,-7.265959120551491,5.0,7.0,-1.4600420875841547
04-12,6.579423667332912,-5.320574138171686,5.861327595417587,-8.735717733960133,7.944625699462536,5.536250847857814,-2.6683027495745644,-4.068478989948229,2.032715636190063,-6.004183057619724,-6.348807065281593,-0.08692071953381005,5.0,7.0,-0.43988675065240246
04-13,8.7033708305206,-2.7459959084597365,4.49162435918979,-9.362332969314629,11.386093248614124,6.0729394718690015,-3.027719627517519,-14.167166041037976,3.3878618553010074,-3.965769907904942,-6.705349245727017,-5.81208974257409,5.0,7.0,-0.978711139753449
04-14,7.210832120644955,-3.8355764872411298,3.798378588330574,-10.460041747179877,12.150389155347687,7.931974832644804,-5.0842564481677615,-14.167166041037976,3.262022260020079,-4.856204363255719,-7.831481825374986,-13.784098097900605,5.0,7.0,-2.1387690044308294
04-15,3.530794925898869,-3.9812251950533275,4.1016701697165905,-9.07299619920355,11.348650575782699,8.059410804129204,-5.727044960330035,-14.696333128628854,0.9808757166116618,-4.726150609694147,-14.435560438368055,-7.110327279206782,5.0,7.0,-2.6440196348621443
04-16,-2.4323297167538476,-3.1072959062909353,6.293508088632343,-11.43251929778099,10.769617465837372,5.94434481323227,-4.484568915866853,-13.391155124367465,0.24952589470811382,-3.9592956593928363,-15.644739496275308,-1.3157906167521773,4.0,8.0,-2.7092248725891928
04-17,-11.29855274215602,-5.9875175952828235,5.569075840552333,-13.17214280581083,11.243854448835057,7.051333000830794,-0.6988946264458739,-14.355906285249953,0.5473135974277651,-4.307615054535787,-19.29144637790148,-13.562754423750487,4.0,8.0,-4.855271085290609
04-18,-1.8716568579309418,-8.550701010759699,3.31281456433718,-17.919833588446014,12.006438376540821,7.961179807863511,-0.7086035534080222,-11.288630093499453,-0.4339492593273567,-3.7368645976938493,-19.17425095515304,0.8488927431652279,4.0,8.0,-3.2962637020259695
04-19,-0.41415893284415006,-9.24895628039961,1.5306862316585288,-16.164533087828186,10.11692522591949,7.052072192528988,1.1057131080134892,-9.92498363840492,-2.0313898663607644,-3.3180810989709535,-18.029380975015,-1.6662571472211163,4.0,8.0,-3.4160286890770166
04-20,3.8572447860589456,-10.907797636853024,-1.1614245141364419,-15.95493959845837,9.835649373350986,8.763625249654062,1.7053557552955672,-11.202881986951391,-4.042271870382796,-2.751104200094319,-18.59600621933857,8.09352183266705,5.0,7.0,-2.6967524190990253
04-21,-2.080344121825672,-20.883978474990794,-1.2643349791156462,-19.779925015746777,11.514797651049708,9.180011922997801,0.7938802552150844,-12.11028824218519,-0.8105067257961187,-2.572957547577506,-20.43969623626122,5.570227154452095,4.0,8.0,-4.406926196648686
04-22,-5.179283859340619,-23.535916710053286,-2.072925215666146,-19.763447844205476,10.795404841989498,6.919003547601379,1.5154368715584283,-11.772920956684901,-3.2495724489918625,-3.3202204088836034,-23.448987073045906,6.668261347542908,4.0,8.0,-5.537097325681631
04-23,-4.744655693528816,-23.480670338564575,-0.4775714013630022,-14.60910500618997,8.477694731375893,7.897732787393023,-0.3526522617606624,-10.20597070319499,-1.8922356609786373,-3.7013080556516322,-21.7563665408154,5.45368140983356,3.0,9.0,-4.949285561120433
04-24,-5.722563885470108,-28.846524139999463,-5.564853046856943,-11.850411928260279,6.428452775399253,7.9738235650607185,0.4670204654221611,-7.059351218443291,-0.18605053554806908,-3.369555606258097,-21.11892587705836,1.500359711674672,4.0,8.0,-5.612381643361484
04-25,-3.8029670910868583,-25.028309618919803,-6.815385084885817,-14.9411879904637,4.812792546803086,6.992311743242725,0.8482647780981981,-8.09215435708474,-0.478614481646445,-0.4619153488613693,-18.67299364922708,-13.455578674289642,3.0,9.0,-6.591311435693453
04-26,-4.218181263316762,-22.033897113929843,-6.514713286696875,-17.022098618869602,4.599080807338359,5.455368590971521,1.6915525616041889,-9.739391288794346,-1.381807154119988,-1.6135175652285745,-19.576530653809936,-7.5152288719283655,3.0,9.0,-6.489113654731686
04-27,-6.345079911181974,-19.247167058557903,-12.999525136179132,-16.401698799955547,2.24825167322635,5.267969908648481,1.9879410424769095,-8.927971145041047,-0.9604034875992807,-1.5628963082978409,-19.229715938220913,-7.904864650398344,3.0,9.0,-7.006263317590019
04-28,-3.061573439943647,-19.335459261403866,-12.999525136179132,-14.77316776453226,2.189722955947508,5.491324783939219,0.8451833073366073,-6.323054869639543,0.9898100031051426,-1.0313875930514385,-21.763443261134142,-1.585384450734154,4.0,8.0,-5.946412893857475
04-29,-0.10348632936312252,-22.789568425048532,-11.214661403898932,-7.793160976432875,1.2009671810124851,5.585250626603838,0.9720905884480688,-6.423240037240753,1.92081445206495,-0.7127569891926692,-22.13911790189366,-0.18570527697678182,4.0,8.0,-5.140214540993165
04-30,-0.13798177248417562,-18.284208335031103,-9.619333470994198,-7.688581175935265,0.6456611366694068,4.108436333560537,0.5293580786144844,-7.88155592423365,6.449804925559205,-1.1722156626985953,-21.803591722935554,8.579385446231752,5.0,7.0,-3.856235178639763
05-01,1.8282190094169335,-20.81847204296694,-4.849673615459143,-5.883746919713062,0.15620958077926198,3.3218774917882983,0.009626694979381175,-3.3927239851534092,4.948237286703572,-0.16117593902150743,-29.289679923646123,17.04735481020942,6.0,6.0,-3.0903289626736097
05-02,-1.7186943780581592,-14.846537399893128,-4.235505583162783,-11.211461290883618,0.6248383231169863,2.0847619634677175,-0.6478044177079284,-2.5068782775871328,3.7787650366057766,2.083604818755024,-28.81611936939153,10.351091456748652,5.0,7.0,-3.7549949264991773
05-03,1.5948399195975071,-17.595470763129743,-2.5617741551229676,-9.561659867373121,-0.45126844391011395,2.931148339747118,-0.9652161144129208,-2.292104292681164,4.756954630772591,2.5980664219503615,-28.141058241990713,2.2872242964748892,5.0,7.0,-3.9500265225065228
05-04,6.451612903225806,-19.927118356873653,-2.1853875071334907,-3.1551092457805194,0.5087118039386436,2.6361779928462328,-0.9266347132931412,-0.09429436371165807,4.520994265316302,2.077167670443127,-46.739266767218034,6.698863289081417,6.0,6.0,-4.17785691909658
05-05,5.614713726909402,-13.403415296212637,-4.92841649986826,-3.8024713963638117,-0.17362352982320167,2.4211913845347395,5.691852495191214,4.13828923471217,3.161867456926517,5.299997329711914,-45.53351309293263,10.763959054404149,7.0,5.0,-2.5624640944008696
05-06,6.907680507647804,-9.217195053912407,-1.778448127072714,-9.951615651722086,-1.1571839207115489,2.8159273516336762,9.035779500650412,4.243054533107431,3.596647893562295,4.680424086039754,-41.33607117149995,22.741317402724352,7.0,5.0,-0.7849735541294155
05-07,10.8779825102654,-2.8721583745995445,-5.954568808095659,-8.940141874314277,-4.78940762910974,2.525249163849128,8.602616545891605,5.835816498837758,3.369195664090342,5.199272641802056,-33.79461352195131,21.94146530286209,7.0,5.0,0.16672567662732055
05-08,11.200772642438855,-9.220903142702197,-6.823462555347937,-2.0838513135851486,-7.21352457371154,0.8953154534130293,8.117476151615218,5.369124450354698,2.680353311817875,5.746769143992018,-36.05198245017066,16.342479800168384,7.0,5.0,-0.9201194234764506
05-09,9.222833244895762,-16.68625191659394,-8.878727458859954,-1.4205599871008567,-6.484978471561497,0.32904247006505355,8.556843080955161,5.310465276402186,0.8586583468850331,6.897808247505735,-35.16692654985641,23.80535976640937,7.0,5.0,-1.138036162571196
05-10,10.063896790133278,-21.666327028527714,-9.041302080130905,0.049845377604166664,-7.411402987184497,-10.65035301436377,7.637855318064022,7.448557706873957,-0.12599074727029436,6.93430311418531,-33.755317647688315,30.62948401705676,6.0,6.0,-1.6572292651040001
05-11,7.0957084906476435,-22.237764710840988,-10.766276952399155,-1.2211879837178738,-5.726789971623396,-11.029415561478622,8.643789254879412,14.101240801180968,2.1806551592800627,6.81872984869852,-28.015479649579156,37.33083882371122,6.0,6.0,-0.23549603760344695
05-12,10.74812430554066,-20.12053375803237,-12.605985089909627,-0.9138230896520176,-4.080914260499598,-9.30328635056318,9.591408001763648,13.057850197473616,2.8978463412735223,6.535033157438154,-27.305642755964797,33.705567297905645,6.0,6.0,0.18380366639780524
05-13,16.39881940811387,-15.260502524085299,-11.742121819989634,0.5627775805334795,-4.374668552325394,-10.468892918108391,9.623652448711736,13.791328184543056,2.5882180143044624,8.230254541204628,-25.32026758039229,33.70239883725008,7.0,5.0,1.4775829683133586
05-14,14.135780578211271,-12.53888206674728,-7.823614236013553,-2.6465312109314865,-7.383099765450986,-11.252632639803918,9.623652448711736,11.788909775129461,4.83000156359603,7.315310916385136,-26.685464050412165,30.833754202182405,6.0,6.0,0.8497654595713874
05-15,12.889473055681993,-8.018780202373092,-9.766692752689151,-1.6903667385348047,-6.056791820367522,-10.164489870571249,7.965606081080663,11.277807919082477,5.37664712669956,6.979126186719428,-27.067578954617428,32.544877247510044,6.0,6.0,1.1890697731350768
05-16,11.40210717252649,-8.242380727178649,-8.148381801596539,-0.5134949378789458,-6.074768341467789,-12.231125792269633,6.186115858433021,9.945390778512317,6.173661807385566,4.368451142683965,-26.46047842681715,15.629744855223858,6.0,6.0,-0.6637632010369572
05-17,11.175151528254716,-6.341283593085137,-5.536390663300846,4.279131179181988,-8.087706774556874,-14.122268210081664,6.38580660597978,8.19029026540802,8.418678059551715,3.73382467322641,-24.524622318766053,10.340659151382503,7.0,5.0,-0.5073941747337868
05-18,9.07899192718293,1.245612428899397,-9.497742776285346,4.265961809027457,2.6835244343186484,-14.729616877347103,5.055316371101125,11.727252506719973,6.896555431963298,4.43006919667977,-18.146375765499766,11.341436783689245,9.0,3.0,1.1959154558708025
05-19,5.170069651312661,2.3556938660546685,-11.236316262480909,1.7203392105298476,3.2203125081226207,-14.631222479625231,7.420523537388066,11.254877175597738,5.6562967450951405,3.5571717496442647,-20.454280389120786,20.772300232713224,9.0,3.0,1.2338137954359423
05-20,3.764377495998989,7.55259974256796,-5.8757208208967935,4.295246326906344,4.696864580352206,-11.891285313585517,7.084661822284833,8.646537694012682,3.3503698588236994,4.256248200302396,-20.08604837530265,15.325667373938256,9.0,3.0,1.7599598821168676
05-21,4.147788469522599,4.729367090899961,-5.314320664978595,5.238210192387676,5.361954821730755,-12.304532211130613,6.287636015985784,8.901985630360572,2.863116698824083,5.543675380711962,-21.062022960698744,10.647305430631935,9.0,3.0,1.2533469911872814
05-22,6.064830040880019,1.6666702371863882,-3.8338683456535056,4.0341475130873246,6.587878127325167,-12.082371645850037,6.004249813352792,10.666122818635513,3.4052198567474976,3.5974838172069554,-24.695568760621526,10.969950816636757,9.0,3.0,1.0320620240777787
05-23,-2.720849747427931,1.1833270021257452,-2.556009631719225,2.654756569241504,6.643775031379944,-12.347258907088406,8.01307491756558,12.27598718772198,2.392985175742307,-0.4385047066113659,-22.100827998097124,-0.22124016019885326,6.0,6.0,-0.6017321056138202
05-24,-1.9642211906230573,-1.3253669750184103,-0.6198691049831916,-3.6487088248611506,7.5780605595892485,-14.358275111886185,9.144848051551794,12.278287644553828,2.883790604451799,-0.7562676431256904,-21.725271129154695,-6.360733092829624,4.0,8.0,-1.5728105176946112
05-25,-5.74754433197941,-5.641530090414678,-0.23749450006539138,-3.7493653770449877,3.4574435200017657,-15.331194797996913,9.176549807288561,10.856400889603938,-1.8178392192414392,-0.2986979361118842,-17.107155997452423,-4.905267012746711,3.0,9.0,-2.6121412538466315
05-26,-8.268153749772756,-4.042968093708633,-4.797344207274077,-6.519003731259808,3.9999969734633267,-15.823896807480756,9.350511759270871,6.986199782330951,-0.20938538245181162,-0.45984892612314676,-13.55350536147792,-1.2804899559875431,3.0,9.0,-2.8848239750392746
05-27,-7.25119879645809,-9.453125157160683,-5.414822659760833,-6.065158086211389,4.103024604971119,-16.49421697385059,8.611136164389581,6.1823915203709845,3.1906146205836405,-1.9923716089002244,-14.325817408972558,-13.130252521747382,4.0,8.0,-4.336649691895535
05-28,-5.475395873621044,-6.894528763077725,-0.8715591460631219,-8.66606759904157,5.882348577657557,-12.67423470385847,7.66998067855372,8.70157192709495,4.426146696651125,-3.579299238965985,-16.00394398491738,-4.117653281513302,4.0,8.0,-2.6335528925917706
05-29,-9.027001719295136,-4.888353148119073,-2.533423959572982,-8.24913255767662,7.184855464609842,-13.603508339816983,7.960245278754396,-0.26723676306208577,6.000182839221431,-0.8320865657289962,-6.081661596712592,4.47478428928099,4.0,8.0,-1.6551947315098177
05-30,-8.924810250303661,-3.7611928152207716,-2.1681919351025067,-6.611890571619828,6.58074753808383,-13.259338754304089,9.95268790952621,-10.469908145364428,6.125539485608709,-2.504946030456624,9.694313736107112,-1.5784937007453366,4.0,8.0,-1.410456961149282
05-31,-7.340723340855957,-6.299694598676344,-0.7329414759366295,-3.992811188498842,7.217075291461008,-12.689826597057102,9.367965103743913,-4.710874229118584,6.544946298471839,-5.471327105292989,8.94612583967378,-6.627852876368035,4.0,8.0,-1.315828239871162
06-01,-8.391606945870034,-13.967211780652322,-1.810649590808316,1.8230814996437528,8.751301699430677,-11.77872028756649,7.346435479857366,-2.8334381190098576,6.3156068524707285,-4.7857679048616,5.960546345791515,2.1573849939663834,6.0,6.0,-0.9344198131340162
06-02,-8.016727759660528,-15.128592891175272,0.01533605511237509,-2.4694644422301777,8.780490275069399,-12.641507767292994,2.6996533791132458,-4.858868941024089,6.536123738722227,-5.588958833828082,7.311916962778647,-3.24662101573521,5.0,7.0,-2.217268436679205
06-03,-7.98187161223744,-17.894961524487233,0.8286035456491144,0.7841632641372072,10.117408869887777,-10.72126654042833,-0.19965569707169084,-4.341735393823313,7.532079264166414,-6.752605215016231,7.915180292295679,-14.48490987509625,5.0,7.0,-2.933297551835358
06-04,-8.086440054506717,-10.352281971338588,2.7006266241877452,0.7841632641372072,11.322986629833643,-11.018599687526002,-0.3298653584020639,-4.277096782757798,7.532079264166414,-6.752605215016231,4.419482458599993,-18.896986420868355,5.0,7.0,-2.746211437457563
06-05,-9.097241737254878,-5.835316049767675,3.1464813424191322,-1.0785511100716143,11.466795123360102,-2.021915956103273,0.6683998814794844,-2.716754183799338,8.11353791749113,-8.368685138845427,4.758855128447677,-30.593134227568246,5.0,7.0,-2.6297940841844105
06-06,-4.880581091037771,-5.652649046029381,5.400565415201626,-0.18726782613781087,10.869566273969742,-1.6736056715873269,1.3220704969342836,-1.852048993831936,9.743987433687911,-12.70309138243985,6.2313315100502535,-48.76847532126102,5.0,7.0,-3.51251651687344
06-07,-9.18918643985784,-7.6973826831709005,6.323016382586527,1.6354526636064632,9.460108862551934,-3.1303041460660297,1.7995035745019274,-5.137912554674577,9.052443296011516,-13.189830765201046,5.708491682071444,-46.35482601009504,6.0,6.0,-4.2267021781446354
06-08,-12.597545183466256,-16.368289212424187,9.641517713528478,0.17478076443867707,10.044433172127782,-1.6471582323049874,0.18980348007275313,-2.3796932071681933,9.070069248946119,-15.280735786009153,4.15332785281183,-49.3763421171455,6.0,6.0,-5.364652625549386
06-09,-15.11846722337239,-12.708149243262328,8.542931224835433,5.651643697790106,10.625889399399595,-3.0341570437081864,0.19008227472240047,-2.813321995620396,6.92816291034141,-14.181862321403532,3.285933055145103,-42.49216349851005,6.0,6.0,-4.59362323030357
06-10,-13.981307555581921,-16.673971761878636,10.161894692519862,2.786146099649199,11.615218013459815,-2.8965611300892613,-0.9833457099220049,-2.2210453795242544,4.220779600561803,-13.713974922937485,2.317741944990821,-32.143648423433255,5.0,7.0,-4.29267287768211
06-11,-17.04672697548556,-16.432953769278683,10.613572192375772,0.16754383239284334,15.023692167516444,-1.2296152624893346,0.32777739740445316,-0.3266226389552963,5.322279859282308,-11.252168866646995,1.5210422462794313,-16.86987476698299,6.0,6.0,-2.5151712153823
06-12,-16.747661840135805,-13.491398081749939,10.001419422312518,0.6741368483537074,15.65863519767959,-0.008540804524254144,0.11516411816179263,2.1578282785719924,5.178574153355177,-9.847339498834842,0.1943502533129906,-9.975615027962045,7.0,5.0,-1.3408705817882598
06-13,-15.480696974932096,-12.805003737130368,7.575088892227565,-0.569386022629359,7.078978167696312,0.520878325653124,1.497432599917284,2.5882340453164963,5.502864538587197,-9.944457675206296,-2.629467692083328,-18.01928993145121,6.0,6.0,-2.8904021220028895
06-14,-14.656142536927042,-14.816386015292474,6.06953314465155,-2.3702343685044194,6.5635921645182655,-1.479544756889579,2.139084804415163,5.050306031588931,4.828759221552073,-8.54898441498946,-0.66308657020735,-13.071894020021254,5.0,7.0,-2.579583109675466
06-15,-9.74820527407983,-16.44535058548004,11.761367066093628,-5.1244742036642315,4.783992615247218,-3.9493629111979818,4.599674475671443,1.2172900744040231,5.517301321577849,-9.341558732592246,-0.09066390864854662,-10.530951406857682,5.0,7.0,-2.2792451224605332
06-16,-1.8710983948663766,-15.301681812483464,12.329545620798065,-7.667515765912518,4.5662376649003065,-3.4972436392143007,2.4447147363769526,1.886793036927724,5.991240693851238,-10.390657309810027,0.9754487305385862,-13.02945945385114,6.0,6.0,-1.9636396577287465
06-17,4.747676843730727,-14.45158881786699,11.079549549285941,-4.9613836180249065,4.14975740266229,-4.403865122795554,1.6376348718082194,-0.0507155827091063,6.681966310926817,-10.34598765486096,2.387271863362338,2.3434396520587484,7.0,5.0,-0.09885369186853603
06-18,6.042501830883648,-13.891770322477567,12.939562621920977,-4.892723370379745,1.3901837263647223,-6.082305205796209,1.4024395187739591,-1.6908027286614908,6.076755940164301,-10.547297709697002,3.091892551731419,2.0874312407937934,7.0,5.0,-0.3395109921982662
06-19,5.345287402032277,-12.589318270811747,14.095958096030698,-6.063781295637176,1.641530272463225,-5.30275425154443,0.1742200107316479,-1.9591922275128324,6.9448106216536205,-5.874971003869945,1.897953504559877,7.739268215142333,7.0,5.0,0.504084256103129
06-20,11.379757042402044,-18.64894326552609,13.639458243332683,-2.687340814016952,5.497957914529089,-4.41443324877973,0.6757917099904617,-1.3828633802383983,7.12768096134421,-3.6697900705073083,-0.9601435896859307,7.335151082035268,6.0,6.0,1.1576902154066124
06-21,11.607718861966664,-16.30481567004044,14.291409224848845,-2.661495501269447,4.963870334568606,-3.838491670208208,-0.482078244729639,-3.2665175776147484,7.889892192581784,-1.7261794296080026,-4.119685669284969,3.5141165109134205,5.0,7.0,0.8223119468436556
06-22,14.093750715255737,-8.088079042660398,14.567834997032556,-3.100777104088892,6.39827383848206,-3.4731606018198766,-0.1835175075702222,-0.578894288379089,4.3832734403232125,-0.19765651216933172,-5.417087012690549,-0.33798024270467353,4.0,8.0,1.5054983899175447
06-23,16.407218946647095,-8.520560474270846,11.537939597032182,3.073669987484983,6.571536478334883,-4.111826136504197,-0.5075269839430218,-2.5451595570671692,3.1471871197467154,2.474765858830317,-4.9631696922583055,-0.3671976815481103,6.0,6.0,1.8497397885403775
06-24,17.415212145772475,-5.362439090572297,12.971735327605268,1.5670389318962985,6.823079035832342,-2.9241857170852708,1.2250182896673794,6.627407154253424,2.954642046605022,3.0556102695689744,-6.864325019951449,3.721683259905796,9.0,3.0,3.43420638612483
06-25,13.046136625371666,-6.506993800268016,13.975483886181545,-0.10281690472287087,5.743091593286019,-3.9348967428789647,-0.999132529213257,14.748991001067733,3.9750396584368817,3.617168883186635,-3.6679575817435155,5.177988733217242,7.0,5.0,3.756008568493425
06-26,11.762909976523236,1.9980020284586328,13.526180155072787,-2.6384905856897274,5.373472245692581,-4.230015533752962,-0.3475252225731714,14.919838611554193,3.5959448444260205,0.09741128759984037,-4.876133302055197,9.66828258913941,8.0,4.0,4.070823091199637
06-27,15.434652159838288,4.143050630733415,12.990162388595778,-3.2202495821071384,4.717983960360652,-5.079592488532881,1.4566054485122348,15.596416550690009,5.264044321813802,3.369646703498091,-4.5622685086795585,4.381145953011012,9.0,3.0,4.540966461477809
06-28,16.471965597314835,6.624785119180075,11.11563844663954,0.18552795036707742,4.687495456962976,-2.2179352906684286,0.06191923302483814,11.412184139717521,4.256397905289573,3.579852334116441,-6.086761978367618,2.8155024172443808,10.0,2.0,4.408880944235101
06-29,16.690944200304827,10.02949582528821,9.17073425930967,-3.0877310619185128,4.146518495059218,-2.867225446625839,-1.3273572707924608,7.614214624198219,3.9101467271502828,4.630870767615523,-6.578658607631203,2.893058247886384,8.0,4.0,3.768750896653693
06-30,18.863122062111394,8.64758328956284,8.752611539089742,-0.7929340041293766,3.9724575170431757,-2.4334504071937086,-1.5783380904085702,6.210806995077153,3.3020889630802004,5.695238870287699,-6.662193192574106,5.245513499184026,8.0,4.0,4.101875586760872
07-01,17.030443300254355,8.489640517702215,6.578398913871932,2.607514406940901,3.8269193655831737,-4.817449586552061,-1.3310293484417524,5.414553971643894,3.625383678628092,3.602026859944659,-6.937584393965908,10.486965561167507,9.0,3.0,4.047981937231417
07-02,20.304422047066044,10.227048665594056,4.597374586909393,2.9672539102290245,4.971617380910429,-4.143470899242656,-1.8236825116732376,7.197355551755239,4.252131065285825,3.1115487133098543,-5.208800285442811,9.01073768536953,9.0,3.0,4.621961325839224
07-03,22.716829169265853,16.38802591413504,4.290705190611145,-0.8435077003287565,4.362996178413544,-5.663040811429478,-0.18150969698047503,8.519692082279692,3.730408704404231,4.9830699207749625,-5.330640565419485,10.851226733070874,8.0,4.0,5.3186879265664295
07-05,23.940081868274348,19.47201189962711,-1.391771437169405,-5.2833995124740785,3.740794390267235,-7.088398563225322,0.11202796655663744,4.206823228806177,5.245140092387474,2.8967109927195347,-4.385966718610386,4.438963942016915,8.0,4.0,3.8252515124313526
07-06,23.81087180089786,15.963270681763467,0.3600748939955907,-2.180042158322159,4.546469706154484,-9.260116860651394,-1.2668221118598826,1.1913463899705636,7.3916360606225044,2.497169904591161,-10.990335916331713,5.545398268578401,8.0,4.0,3.134076721617406
07-07,24.245010517044726,14.419655311034083,-1.641940637530797,-3.1919055972296744,3.9820412284238333,-9.381658347559588,-1.0476662638820518,0.8151309012396323,6.314211121710855,0.7493797163842406,-14.161492578731561,6.4962326268202935,7.0,5.0,2.299749833143666
07-08,23.7674554469126,10.631917849177476,-0.9505920060692107,-0.06447694322024401,4.075373605294947,-6.780750132578871,3.422313564336627,-1.7034143712307641,7.6440973857291,0.7888646955636527,-19.9738947213254,11.860100935189651,7.0,5.0,2.726416275648296
07-09,24.707894096872874,10.088132164627822,-9.287428608811993,1.6104543020942232,1.2451844878759353,-6.010681014099635,3.439422260038455,-1.3268360766042766,8.271907125585896,1.571850931719404,-15.681992022549926,16.940214794734555,8.0,4.0,2.964010203456945
07-10,24.166427772474464,11.11320639556309,-2.431341457843042,6.682489321564354,-1.4845073579853156,-4.010138731079834,2.8062960783488062,0.8922207015345515,9.742925855981326,1.574187364991773,-12.34266701132533,13.305981501923359,8.0,4.0,4.1679233695123505
07-11,20.206661551935767,11.28059893766066,-17.81460321156286,10.66951049772729,-1.1306832419147839,-1.5388765542292688,-1.145733621485742,0.7614213197969544,10.088496064079527,4.2112812065800025,-13.33161722585183,10.384998968939692,7.0,5.0,2.720121224306284
07-12,23.26801107283544,12.40237694373656,-11.35170320353225,11.911520683429135,-0.8999294041842033,-2.8482770864572537,-2.3989416997620268,-2.909209332774313,9.894447440904004,3.828430259631102,-14.551761806110688,12.391433726060873,6.0,6.0,3.2280331328146983
07-13,19.976977852905332,8.109629543272538,-17.411612076074583,9.640408608491045,-0.6085296884630552,1.5467942308362883,-1.224805419626949,-0.44834159786296107,8.718072388698193,3.7894986144710665,-15.143804083211467,15.991115278275936,7.0,5.0,2.7446169709759487
07-14,16.396291345179165,4.000800296732413,-21.41428312764972,9.086583281717564,-0.4460523236942722,2.1623949898167627,-1.8386592776915873,-0.6419372909476697,9.306262988443217,5.237541976815393,-21.189390461887978,14.188196186640042,7.0,5.0,1.2373123819561107
07-15,12.720943772288079,5.2945855066565475,-23.048698975719415,8.826328983437733,1.5230371696402685,2.2315528986392144,-2.198879355862572,-0.3770152322021233,6.59376537381367,3.7335796071760172,-25.492379017746646,5.155028182732105,8.0,4.0,-0.4198459239289269
07-16,10.11300502321923,10.131369391990896,-16.30745033971361,9.964663053502903,2.9485330141783113,1.6668176360533267,-2.750820161596727,3.862205957368664,8.290278390995876,3.419476184629748,-23.878401323531907,4.258503091158723,9.0,3.0,0.9765149931879525
07-17,9.881188368345212,9.277130277733537,-13.659593830741818,10.648521823764469,0.979936318468912,1.5420298772496355,-1.566807155832673,4.7403849088228664,8.651605611165905,1.6426429743641058,-29.137830026859074,8.05005846019897,9.0,3.0,0.9207723005566705
07-18,5.548999435789629,6.458164493861957,-13.343628401001448,10.808939139620911,-0.6455139362536519,1.194405863378949,-2.3707296071018757,5.692530398106939,8.461659137962497,-2.181234441638108,-26.686854056151727,11.695579903711094,7.0,5.0,0.38602649419043056
07-19,7.701177703946009,4.677148873772189,-20.156401370685384,7.3980159705613335,-0.8321605616677118,2.2101947561018225,0.07858569728317732,6.569693517836339,8.126613780347673,-3.372835594501617,-27.234716296742967,14.486994886817328,8.0,4.0,-0.028974053077650552
07-20,6.922632327439046,5.217744718600441,-21.916228643293845,8.815397134695477,-2.50749117870055,0.29864419099971723,0.9521323342368241,4.626368842613984,6.773520790959759,-3.992196177865263,-25.278215416426654,13.391876537245883,8.0,4.0,-0.5579845449579319
07-21,7.8600161517299245,6.18413313528362,-23.779680597105813,11.135221872836915,-2.3219180459526854,2.105920319265821,2.0317211449467867,5.188009918430469,5.782860899968662,-4.802694851391231,-22.567871619041206,4.815533091721026,8.0,4.0,-0.6973957149423095
07-22,7.069851198651057,0.4772353829739042,-23.13654175546029,12.582860699739145,-3.3222065771056677,2.507697699829897,1.9424082745328828,4.997620035682761,4.726088523681617,-4.142363814363778,-20.45581073927413,3.134800666376194,8.0,4.0,-1.1348633670613673
07-23,3.9750183911292805,-1.749845371639801,-35.49388070883858,10.758119761627585,-1.1979311067852039,3.4119349250916273,2.325775934075986,5.539907536036532,3.74226046632521,-2.513854328297141,-22.577953852355915,0.27429347009642024,7.0,5.0,-2.792179573627834
07-24,2.782508541368973,-6.833436517135508,-44.18107115688713,13.185184837406517,-0.721635560453634,1.4684261877310871,3.68886888991137,6.843225794828686,2.948526559647567,-0.9373927546209724,-23.919991292803537,1.8808759154637988,7.0,5.0,-3.6496592129618985
07-25,3.431778993497182,-6.357561102352537,-40.735823494614316,13.740287850032692,-1.6428677106508953,2.090350038107433,3.0266161552723077,6.174223718721404,1.3214730235400935,-1.4868466064114336,-24.156132665202254,0.11957228562395947,7.0,5.0,-3.70624412620303
07-26,6.176546357224745,-7.533265957265721,-30.24571451768456,10.619570826515092,-1.4586283090728416,0.18414510942367365,0.6946907621811426,7.695116449419842,1.3578784080191775,-1.8165346914763452,-24.058897359046693,0.0199523958055854,7.0,5.0,-3.197095043829742
07-27,6.304578594633835,-9.75608992969364,-20.91338020812407,7.4988625242986355,-0.8328964906766179,3.1893178615426483,-3.865860814967174,7.673220453536027,0.7330866766964009,0.39433744955988326,-22.46357498922036,6.597094531482862,7.0,5.0,-2.1201086950776307
07-28,4.690021389039295,-8.690993957879504,-20.963934268150588,6.718730325743691,-1.1420291861909289,3.5502414261912945,-3.836295911533113,8.454325467784164,0.08330429303435054,0.4416110499083709,-29.082740289160785,6.370016197672316,7.0,5.0,-2.7839786219617864
07-29,7.121904145382187,-10.386266761952227,-20.576344569890313,7.641574976280687,-2.0414469843244616,5.168041894795801,-3.8226798398320367,7.131044070936109,6.011658811451882,0.7959591906137068,-26.390461958301376,1.6220305600273406,7.0,5.0,-2.3104155387343916
07-30,5.841563999353261,-11.351933666832844,-22.51300087817371,8.215613988666352,-3.2341219961753493,4.287163540707384,-4.235464032033611,6.938627537544598,5.250198991453442,0.8793486215885518,-27.603502286741964,5.356469498430629,7.0,5.0,-2.680753056851105
07-31,5.628168887395616,-17.85083893880037,-15.733464836711224,14.379645166115948,-3.437712501476036,6.832404604345334,-4.12778030630404,7.1202858632952655,5.497902445413385,1.5518777292918255,-24.241998809699318,8.223313037925731,7.0,5.0,-1.3465164716006568
08-01,5.813334147135417,-13.445194923892418,-9.613901043590948,16.883389884262034,-5.4783733827133165,8.684258487185176,3.1395439975961956,8.10264408717732,5.220344706184261,4.148847945342232,-15.690936712056075,10.572206676628074,8.0,4.0,1.528013655771496
08-02,7.223535650235044,-16.973280827637254,-4.067795574081383,19.857170447684123,-4.858333147703301,8.785725690821145,2.1542179861046935,10.572642907992682,5.006345217993725,3.7531147964090663,-12.477295435592378,13.993714013540576,8.0,4.0,2.747480143813895
08-03,6.511379470506289,-12.040280129719747,-4.15541027736382,17.352375647252316,-4.9603578084734,8.164478471512552,3.798961291756875,11.20081612430308,3.7845162153385092,3.714809557317854,-7.028082717262654,11.710902037052506,8.0,4.0,3.1711756568516964
08-04,6.375041604008412,-11.28965748920947,6.315635565383218,15.94542649023048,-3.7229530167029123,7.598077162497783,1.9433239367441593,10.476986536483647,3.1259936629537632,2.9488703460668466,-0.7894716764751234,17.224631469815698,9.0,3.0,4.679325382649709
08-05,5.899706915864905,-10.60100589558619,0.04501411197562922,15.648729904493413,-3.8679578466322813,6.060348096612675,1.1669244528025813,8.47253591482891,1.5471315165600656,-7.326889967510314,-1.055402889386466,13.997644515717086,8.0,4.0,2.4988982358116676
08-06,6.570127923808354,-10.809683854563865,13.096313947393137,16.0170401183458,-2.4509032462502476,5.685986671975684,2.579065615307831,8.593171819469681,1.4298221149295052,-6.209834564289958,-4.7913827891956275,14.888249110315277,8.0,4.0,3.716497738937132
08-07,2.842588756412814,-12.22871626516288,12.756025641659049,10.72374955181251,0.38311242130487616,6.479976535361122,3.7713504176458206,8.948049803908765,1.9283983758367733,-12.680498409811102,3.971387701017322,12.93899708522761,10.0,2.0,3.319535134601057
08-08,6.838292235060618,-6.854752280405189,7.1932040940099835,9.096773209110383,0.5286853204035791,2.3051284995768966,2.6551660180348144,9.266762882123333,3.268480115363581,-12.538336397570918,3.0833743753598037,9.208535870943603,10.0,2.0,2.83760949516754
08-09,10.510041340627293,-5.244619149123925,-0.41179377988813154,9.591395880586358,0.3677846507869717,10.305345734337813,2.275042644946487,10.886616033032977,3.87266669999467,-14.049941500919294,7.918103137593135,12.074860685953938,9.0,3.0,4.007958531494023
08-10,12.294872145525913,-5.485149421314202,5.841710431651443,9.849466303343414,-2.5754073878263886,10.081209026111305,1.5142412972098447,10.935659120404697,5.793511983249026,-12.268148643378485,14.735098680482825,14.806054337362633,9.0,3.0,5.460259822735169
08-11,15.184275649456882,7.083406765256638,0.9108068911355613,10.215732108843463,-2.046628942929993,9.877119393250245,3.799936826342434,6.479716155233908,4.050811968251424,-12.346050110134007,15.563884542126427,17.928528147255168,10.0,2.0,6.391794949507346
08-12,16.923453151312724,6.103198179556186,-1.3976121001621604,9.748058040495403,-0.39361461665165737,9.931430464838616,2.0491789918621346,5.617571743586977,3.356903887534786,-15.60920555643239,19.161344881128922,17.668765307477646,9.0,3.0,6.096622697878932
08-13,18.4400570018978,8.932861186643889,-2.4201182375109282,9.294868685972894,-5.8318536820976945,11.347293768518089,2.528777047577338,3.420054892081989,2.6534121266166553,-12.214417276489328,17.528167203564024,17.561123148261576,9.0,3.0,5.936685488753025
08-14,16.538282607533798,11.111112670549106,-5.3530767402151405,8.044868374642833,-4.706839279849824,10.975898107222912,0.13952185357829447,1.9598678900754989,4.035496227335213,-11.350488806324122,23.274336903085338,14.870057435744396,9.0,3.0,5.794919770281527
08-15,18.62721640682785,10.33586891428717,-4.418644980861612,6.446747756809204,-3.273612820165868,12.68273620285374,-0.9083770940102947,3.3133901735506543,3.6771014280054235,-6.411632053186593,23.462387971753348,18.478751141564462,8.0,4.0,6.83432775395229
08-16,18.356683519819576,13.914130099184154,1.0423244639814138,5.605869402633077,-3.4609119661085903,10.576080826358313,-1.3154433184755394,1.452265532658318,2.5661120891746476,-6.203885585860341,21.769911474550106,18.503056364811325,9.0,3.0,6.9005160752272054
08-17,17.869086080200866,11.805306493708517,5.9844970703125,4.042690721904725,-1.6645099572042392,11.225050173035058,-2.429291463364397,1.7581569700294712,4.025737456746769,-6.877288025911193,20.389424084105485,23.445380001006566,9.0,3.0,7.4645199670475115
08-18,17.078972761211045,10.928087617773544,15.085270608118337,6.588808804128734,-1.1008459463054794,10.668361710808409,-2.8296888358502033,0.4021325202923129,5.00666816145244,-8.505158580862652,20.582718684749985,27.39320488027401,9.0,3.0,8.441544365482539
08-19,17.323937835118034,12.911797792664512,20.2015484950339,8.01772170135738,-1.6809454234391226,10.108359367593616,-1.4169685674081147,-0.9913004353956111,5.038363308713242,-8.614020962301057,20.59148432635994,29.18978965184008,8.0,4.0,9.223313924178067
08-20,16.54929457648531,12.52213923037164,19.69235972999894,7.510336749524954,-5.443729406743226,8.713139156559063,0.6566394685184515,0.24190745079065526,6.276352975678123,-9.342758019781053,18.77897250812925,30.382909225237547,10.0,2.0,8.878130303730805
08-21,14.107977785924556,13.201848731931712,20.226927746631166,4.171671625592607,-3.0211894904066696,10.07727393948137,2.989458396694629,-0.02798654595916031,6.2104501909166405,-10.703918485734661,19.130531814756374,30.452275534602723,9.0,3.0,8.901276770369273
08-22,12.907060481495137,15.89187855706716,20.395529524801812,5.232363047777498,-3.5036322289175645,7.285915380858208,6.619694390184999,0.7681645604925047,5.609164083633534,-11.247751921175347,18.288024481255576,23.89732205122179,10.0,2.0,8.511977700724609
08-23,13.990608680639443,18.610466341970383,14.170844254791918,5.676522589488162,-3.1872814785529897,7.187800216906153,3.816864181465979,-1.5574304833592723,5.2415530262492,-10.737139408924696,22.47808948709332,21.641359204198945,9.0,3.0,8.111021384330547
08-24,15.576041240919219,21.60743988624327,5.524599816644322,4.734043151083023,-1.8267774206447076,6.318468409081122,5.418503547029873,0.42093620938052495,-0.18945205493477224,-11.13268276720358,18.745670863830608,17.037724807929287,9.0,3.0,6.852876307446517
08-25,13.196076235034967,19.917512332210503,8.13564798380106,4.345480682771018,-3.3815741547406653,4.761137518607115,2.7339920471936714,1.747800195873244,0.6157236954671893,-8.480041885946417,18.151198632716113,15.848354049423207,10.0,2.0,6.4659422777009175
08-26,11.933281777718834,22.11720095483467,2.754337692105179,4.469393838285644,-5.507063430040617,3.5746270474062527,-2.417061797466013,1.5556341208197857,-0.30195064554620676,-9.207745371076696,18.98850188858208,14.594073946626192,8.0,4.0,5.212769168520758
08-27,11.909794999224873,19.092622543137242,-5.894903526997608,6.131323841223448,-3.9886239590385175,4.397732373661972,-8.602151291577066,0.07351732695067278,-0.1269165245472305,-10.07829442143016,18.588924129919825,11.324101782608963,7.0,5.0,3.568927272761368
08-28,10.570824600093015,19.97897169910531,-2.12192605781886,-0.021559722982648247,-6.396662765853341,5.044460806559638,-7.508506554225693,-0.11970983852589978,-0.8871488059345256,-11.353905967980317,17.980749549961036,7.7963917684144555,5.0,7.0,2.7468315592343475
08-29,9.81141243789846,22.333731695260784,-0.26430063705207407,-1.328440874373638,-7.665964656184736,5.626515162635651,-11.092441691941858,-2.7693763900388806,0.07102544277552532,-9.797459869888055,12.903967293802415,9.890114157957674,6.0,6.0,2.3098985059042723
08-30,8.963858363140043,22.254384125143375,0.6733927711541149,-0.9720289032029957,-7.515657620041753,4.920307902038698,-13.476399702857453,-1.4571734345593712,0.2532444549529418,0.7148393405345891,13.133163882555591,9.333336062547637,8.0,4.0,3.0687722701171176
08-31,9.875953173861006,22.641827442215412,-4.581113753922371,-1.41484527465327,-7.954260056333079,5.407384407510654,-18.920539458037737,-0.8705422533330438,0.3719541139861485,-0.3293862307530093,14.381189102432229,9.904671398559623,6.0,6.0,2.3760243842943805
09-01,12.996051181923168,19.19055854051868,-4.173203290502453,-1.0061034339461417,-9.138464270054412,4.86587913611394,-20.721367279565023,-1.2636885247423624,-0.1345347959197351,5.2898370111375055,15.298675310298568,1.7720175927160278,6.0,6.0,1.9146380981648135
09-02,12.8534701620074,15.126471368316489,2.07091853586728,-0.6935568901116622,-8.972949429116388,3.9785386992294973,-16.009416621512017,-1.6193912738810605,-2.3741263835495854,5.519391660374021,15.788280375352706,0.2179763069175992,7.0,5.0,2.157133875824523
09-03,9.277871315171012,13.827994719120879,2.4111879473960536,-1.5277093544506004,-12.264558081506252,2.5864942328717904,-15.55817169954227,-1.6219723121513805,-1.9355882029682743,3.4602422834714224,13.261732576106015,-3.0348782558927607,6.0,6.0,0.7402204306354699
09-04,7.431643461409331,16.057180638153962,-4.241066852371154,-1.5604870923483696,-11.025088148548832,-6.769799703643968,-14.66548615871896,1.9095028147977942,-1.1811023622047243,0.5104734063340036,2.1954157555184954,-6.338026187091074,5.0,7.0,-1.4730700357261244
09-05,1.6908230365689398,15.819305572503758,-7.967276504904189,1.8055106123984792,-9.995746231351783,-6.503659209711753,-18.23093933921538,2.8241003227752337,-1.7660595677667226,1.2760465624604733,-2.002407722750937,-8.99488488069706,5.0,7.0,-2.6704322791409116
09-06,-0.1476411766539022,16.584077905014166,-5.8034122592720445,0.1583798197961172,-10.56571488430906,-4.789630380770797,-16.494137145418,3.3871137971874417,-1.429805704873876,1.6653541241245593,-3.0036161856911767,-6.310370333297806,4.0,8.0,-2.229116868680365
09-07,3.8279748193922916,19.083480013669586,-7.205384965238102,0.6757463793000531,-7.67788571317707,-5.160491064252186,-14.518320713924398,0.8815289589640677,-1.0998519253746821,4.440922330006346,-6.3431495416768975,-3.5271985698503414,5.0,7.0,-1.3852191660134447
09-08,4.437659973883789,12.691749671596023,-6.430975752012341,2.3270409207181486,-6.583302834220103,-6.3686261418288534,-16.920647651511338,2.158857214544178,-0.3692365600775218,-1.7964992707857004,-5.5752827856464435,-7.138224479959719,4.0,8.0,-2.463957307941657
09-09,2.1206355803584627,12.223477567448935,-3.468009268815043,1.9895303935904778,-8.527065610096146,-5.57543869495387,-15.850088675624496,3.616080515677627,-1.7907684685488516,-2.753953220615025,-6.546414307571147,-0.9155746671907853,4.0,8.0,-2.1231324046949887
09-10,0.44768763632665265,12.982400897639593,-1.2904232033287073,0.9104389357261062,-5.9223392608673455,-5.370528442618206,-15.658147625511793,2.9130569471460435,-1.6231532533777404,-1.5844714712956287,-12.040593553883674,-4.0502801233205625,4.0,8.0,-2.5238627097804387
09-11,0.7775636829303182,10.592541956809724,-1.059318293213942,0.5576371507414545,-4.094262762631075,-4.7876769967145325,-15.193455136978057,4.692981117650082,-3.6551286641902103,-2.7484863625276437,-9.231511832336961,-4.08131153596613,4.0,8.0,-2.3525356397022477
09-12,2.287580622655829,11.060053041881048,3.1547719760644783,0.46142321484122517,-4.908028189891417,-5.553703791580439,-11.013782095928374,4.667894742338406,-1.6264641442974908,-11.895788647607715,-9.219426119465659,-5.605680936714958,5.0,7.0,-2.3492625273087553
09-13,2.8995592259394454,10.278133254519044,1.1242992042627395,-0.1609549227973234,-5.492918250815336,-9.111384337327346,-12.072736088598013,5.246800483610416,-0.9666438709714078,-11.96793000062623,-9.485256490447263,-7.969158462634828,4.0,8.0,-3.139849187990509
09-14,2.6964198862595974,10.37436678386291,3.3418301285038052,-1.716920734203346,-3.2198871361264634,-8.76284327499478,-12.273543642666072,4.064237229953417,-0.17431362197845962,-11.855706040988204,-8.138424160452551,-8.858066035036384,4.0,8.0,-2.8769042181555435
09-15,2.0959425709478916,10.338259504575223,1.6034761591436963,-0.22326078027146995,-4.053144777194334,-10.780867045926914,-13.010565396826197,3.570783922690262,-1.4975097319967354,-11.512467584280882,-3.3059752456940004,-13.41541296262658,4.0,8.0,-3.3492284472883362
09-16,2.4725316472278385,10.624110388625379,0.944110371825778,-1.6388103968370957,-3.9482500941657124,-12.392215046788639,-15.879055913579156,3.830967771523397,-2.572108474826617,-9.964297702901652,-4.232804464959561,-15.865621108883026,4.0,8.0,-4.051786918644923
09-17,3.6858988074704486,7.765601548123715,-0.09065814191157949,0.7266243134569232,-3.005122062950428,-12.409147347872462,-15.098119989724623,2.9287526532555166,-2.4571730474148596,-9.495224441256372,-1.0164451969666446,-13.3419115478326,4.0,8.0,-3.4839103711352473
09-18,2.4725316472278385,5.4058317792475306,2.344101318536605,5.714582881797899,-4.63423226847589,-12.710515871365512,-11.744096595409347,2.0753972830670158,-2.6790698539711713,-6.228801846299322,-1.5630291994724095,-10.07877248791974,5.0,7.0,-2.635506101086375
09-19,0.09207436025441976,4.609023832764443,-0.8833295298684867,5.806124940210445,-5.097652969870078,-11.66460175297546,-15.111563647528467,2.164070388278421,-2.665912903483492,-8.666774028314952,1.0382243539844023,-1.2840583886422616,5.0,7.0,-2.6386979454325887
09-20,0.3673090963450104,3.921883648255008,0.857400219677892,5.602038636499508,-3.5170474419051008,-10.652737327210303,-12.165231012541808,2.1320980294814844,-1.865551369763426,-11.417637030538984,1.756989034475549,-4.054054800433829,6.0,6.0,-2.4195450264715834
09-21,0.04605399334334421,1.5328256858144935,4.587574622152005,5.479594639369434,-1.9717161453860383,-11.891646202207957,-13.296066734126416,1.841375207079157,-1.198132724715913,-10.675207979407073,0.434878994463581,-4.238519098231376,6.0,6.0,-2.4457488118210633
09-22,1.3160925346350456,4.0876868585530195,7.488987039417196,4.099701204047244,-0.12253024679178409,-11.009586327971583,-12.842928856338357,2.263544625001512,-1.3750394629141858,-11.243069362732347,0.446274622236276,-4.497484089789017,6.0,6.0,-1.7823626218872484
09-23,-0.40093906327233,5.950217413228985,4.071092557544976,2.543168229602728,0.47097184236153267,-6.264599708304567,-13.66342185625005,2.4521722015925445,0.49307708582848303,-15.914529379778248,2.630104660608065,-1.0745745388886723,7.0,5.0,-1.5589383796438792
09-24,1.2028351836713689,3.0987264054019183,4.7816479807687315,1.1948506186838195,-0.12200205742342361,-8.03493183252594,-11.877148979922172,4.26205682148704,2.4861623199353553,-15.561768287547972,7.186924378735732,-0.7489464553623151,7.0,5.0,-1.0109661586748215
09-25,2.122645031815834,3.6897343668256206,8.25845223951184,1.841462486091015,1.3266320058128243,-6.855893863861217,-9.526788673748596,3.2553013338743435,3.516340366088554,-16.206116341965235,4.89373064171066,-0.1302537177461809,8.0,4.0,-0.31789617713254475
09-26,4.248516816384986,4.859873679324051,12.071089059281594,1.3635947280698546,1.2771943341812977,-7.406116468937636,-4.29480113986795,2.7305265082013146,2.2450209399282572,-19.716418758823842,5.416895063436648,4.755315185676203,9.0,3.0,0.6292241622378981
09-27,5.0509700563123605,6.22705007083958,7.659702705922775,0.46873594176206135,2.3483837012093627,-7.27256870855881,-13.473976556117007,-0.7959859537589271,2.799999530498798,-20.857454569289686,4.392369241740464,4.696647577908169,8.0,4.0,-0.7296772467942381
09-28,2.42085879350784,6.225189626252979,9.202272864111782,0.1597970826568259,0.3023944570543604,-4.5128194694845085,-11.228467422102549,-1.1935229135860677,3.4461564284104567,-21.15109567807196,2.8731760085599727,0.6262032711826068,8.0,4.0,-1.0691547459590216
09-29,-4.056991816870948,3.530180479176121,11.381763833494869,0.9800849807403916,-0.11809311349179394,-5.368371877388513,-8.123817684662443,-1.032494051753413,3.0307711087740277,-17.08368757028112,4.893816374275066,3.7711149179552512,6.0,6.0,-0.6829770350027088
09-30,-9.241774102129103,2.1311230637324496,17.03703103946484,0.9800849807403916,1.8198336995198818,-5.000870523326368,-12.404895464931204,-4.669887581156718,1.5809000250095417,-19.207088727378427,1.6058825040886646,-1.931295676861034,6.0,6.0,-2.275079730268924
10-01,-5.693141335660263,2.407677749871055,23.19355245810633,0.06451476896043123,6.508158771392006,-5.270527559734632,-10.1995807156101,-6.127500033210733,0.03935698587699205,-19.368196682814766,3.1214595837950347,-3.554951103611966,6.0,6.0,-1.2399314260533845
10-02,-3.752875387848674,0.6889733846014636,24.796038428803826,-1.5519105671533469,5.771540639873509,-6.750130451824202,-11.842537848324056,-5.335727224899047,0.28266379446162027,-16.152810196996825,6.200493208690535,-6.169886709812117,5.0,7.0,-1.1513474108689425
10-03,-3.421313754948759,1.304204817526065,24.43220430740358,13.892171175621106,1.6513006481713541,-6.373663720445949,-13.384615719973386,-4.262476552164183,0.4258346549355033,-14.835669891973888,5.102958414791668,-4.368458819212606,6.0,6.0,0.013539629977542248
10-04,-5.404727488108882,1.7207753000823007,22.553645695390163,12.873894270143543,0.6412850114290969,-4.679740955627055,-13.446953015175389,-5.313060853248907,0.4847179492073566,-11.060512360042235,4.4127562997107335,-9.435580568904923,6.0,6.0,-0.554458392928683
10-05,-3.725491387713028,-0.9870560159906185,21.64621627910161,13.173923215924066,2.2798397245309014,-5.04591547831702,-11.933174184837105,-4.16002499050168,0.46126491313668255,-10.02565848925357,3.9582428094097497,-6.7257828793299,5.0,7.0,-0.09030137365332624
10-06,-2.330613276301665,-0.9289434308252902,19.245477915513675,17.681918009174154,2.248450533855446,-4.570383802969147,-8.76022336424121,-4.85336844584599,0.29708769598375706,-6.851597873350921,7.081804320969462,2.468356573510996,6.0,6.0,1.727330404622772
10-07,-5.205747313281474,-2.3142082053789337,19.06080650784053,14.992803501007684,3.142900173974234,-6.694487347418046,-7.504339590906024,-6.811577264505088,1.9833794510185316,-6.5298280964857405,10.355534861178581,-5.5009831526286055,5.0,7.0,0.747854460367971
10-08,-6.197322733127506,-2.852020832126216,14.18040710964259,15.183625074148038,5.727326262596397,-5.95500669683828,-10.338831943697588,-10.790316105527555,1.4580694468538407,-5.659034134148873,14.892048282377774,-10.690894864997942,5.0,7.0,-0.08682926123711014
10-09,-6.866634723068961,0.8557798952269984,13.519721788835366,18.280606869490484,6.425000788235616,-1.8614915207372467,-9.296261281900655,-9.250384925334394,1.8525791833415561,-7.489617864431078,11.201711538477294,-8.267837706245336,6.0,6.0,0.75859767015747
10-10,-3.5129909437658013,2.736315811386457,12.575094692935071,16.97995328159801,4.9099725996591665,-2.187916533143847,-5.847640088732805,-5.821731151463378,-2.6886126032204567,-0.4347483451473985,10.08583069128703,-5.044839494654006,5.0,7.0,1.8123906597281703
10-11,-3.066599731253035,3.7686520265072345,12.799565922371329,16.204901952255,5.671453591803608,3.1428347894661464,-6.600171224212657,-5.16291545867327,-2.1364403950540876,-0.07246112869216931,5.879823934524745,-10.98138414777012,6.0,6.0,1.6206050109393935
10-12,-0.18631074432529887,3.799783168249072,3.66680151468872,17.37193763919822,4.492938464011404,3.7820468130704663,-10.105218584583406,-4.119566470803986,-0.9953899489935004,-1.4813654140950385,10.976859326969619,7.411067576794769,7.0,5.0,2.8844652783484204
10-13,0.0,0.28503610582179134,4.460800472985016,13.837219967955297,5.200285733190163,2.0330811277780283,-8.016783518537492,-3.979443610829505,-1.1086855628109225,-0.245484290141261,11.249486265882533,13.01808124021058,7.0,5.0,3.0611328276253524
10-14,-1.5577819339442702,-0.4750581628056084,2.0788146120920037,12.784715760551071,6.127274499375508,3.6735750645408487,-13.16564110122258,-3.0733238601984363,0.1601702356350813,-4.266528720481263,10.11166114129809,8.027794728228196,7.0,5.0,1.70213935525572
10-15,-0.9997682444932624,0.36421750019963367,4.24383264644302,13.664877780898395,6.336980134662201,5.25697181724256,-11.71538192570028,1.656278325739946,2.1965976503835227,-5.632510185471197,9.620148595220353,5.588407471031649,9.0,3.0,2.548387630513045
10-16,-1.2787795238821256,0.03200585249873126,7.259885830641653,10.570898608506592,9.07449067904944,5.953983757360155,-14.649898019737345,1.463239973996902,2.1965976503835227,-7.714025485332564,9.386954942562642,8.101714357902527,9.0,3.0,2.5330890519958444
10-17,-4.8792187647715854,-4.9563184480027465,6.586992734545789,8.46254228021558,9.556055328440559,6.995298709243318,-12.08324388412846,-4.504165520897835,2.105178688321643,-5.690922116970144,9.666086817979437,5.078787471360594,7.0,5.0,1.3614227746113459
10-18,-4.45032111547365,-3.9780281571381053,4.783724366212231,8.182322722398377,7.885625439307331,6.035358261073507,-17.6373837449109,-1.4917152572226517,1.9861260227119897,-4.319817766677639,9.655746555513446,11.470962363973825,7.0,5.0,1.51021664081398
10-19,-2.0686347778068916,-0.8739503491826417,4.051885664722529,9.648789872245777,7.704408089777425,6.232680057231033,-15.561192160407906,-2.9879772456304425,0.8984862975457919,-0.11563507888108349,8.67743068432802,17.836332103760174,7.0,5.0,2.7868852631418153
10-20,-2.678997297154062,1.4137190991859707,1.5449607187932635,11.089361818302823,7.440812701092294,7.858030666576078,-16.933024583415794,-2.229420625464985,-1.1270494452483935,-3.6046045265747715,10.578462658648574,21.978720233377892,7.0,5.0,2.944247618176574
10-21,-0.02359550925804272,0.909979468573131,-2.1862702035505985,11.893985727699027,6.725742130969714,5.107152618397033,-6.877306780280507,-1.1655894116706307,0.20009986204382754,-5.12754018757953,10.47991117155583,22.194076172553046,7.0,5.0,3.510887088287692
10-22,-3.279073860963253,-0.3087400453077427,-9.686607959189091,14.230487689370872,6.650982703733101,6.963516467112363,-7.100592421593001,1.2349047891303202,2.58413654415927,-9.630297708051488,5.916494642719807,17.684315496233417,7.0,5.0,2.104960528112881
10-23,-4.151927722509612,0.35003565846775936,-11.170209928926047,15.057533550578588,7.153244299025576,7.377916513829785,1.5630250425911356,-2.2562694693184815,4.905773029952319,-8.665464813459943,6.195683171307187,17.73498805043944,8.0,4.0,2.8411939484981423
10-24,0.09302538494731105,2.1559147352912573,-15.033812471066579,15.011312503186108,8.920513398514263,4.9321521978353395,-1.1697145914931781,-0.7502756256601784,4.949769188009055,-10.453153921314922,7.126062155893329,21.104640419127637,8.0,4.0,3.0738694477724535
10-25,0.27855789573232087,4.088823673601208,-11.275360853023656,15.789945942854347,9.303039581910866,5.65040402296114,1.1647128481566251,2.2508339438521503,4.489016665162573,-11.852463026672845,5.152848421765996,21.104640419127637,10.0,2.0,3.845416627952364
10-26,-0.939844215871345,3.568149651092488,-7.438017879920306,17.15708236472141,7.907369958843001,5.226618257238166,2.9770274657382907,2.6555992018998973,5.19433347477414,-9.86006767543505,7.708939080747511,21.104640419127637,9.0,3.0,4.605152508579653
10-27,2.702071167226517,5.065635180381263,-12.044694196008452,-0.35583886412234805,8.423600924104022,6.237370768920581,3.4731973384761043,3.0889797772146514,6.656379044865514,-5.998743667104037,10.168304505019144,22.738789216865,9.0,3.0,4.179587599653163
10-28,6.269448885339823,5.853283267223697,-14.432202071776587,0.8831245797542386,8.968376045494152,6.778702122650869,2.0626307388640446,2.3605326239110216,5.847566653562781,-7.509985867052732,10.84709033952398,25.880419924026928,10.0,2.0,4.4840822701268515
10-29,2.081844286963813,5.266409030752293,-14.582693046936166,0.6772620683293108,7.2063249058016625,8.733519913633913,1.7278601517129022,1.871210189825808,5.9865656878079045,-5.179461582717104,12.089882124415412,22.57411066429659,10.0,2.0,4.037736199490529
10-30,3.924382277386084,8.781283003656434,-15.203604088854897,-0.6404949605437522,7.242177927979291,8.310029084361107,1.7818591285830503,1.5732809329859814,5.826681871297919,-7.229790367657145,11.66417335569966,26.15910930735847,9.0,3.0,4.349090622687683
10-31,2.508958841921674,8.794791769155355,-9.814051529262318,5.55555664740321,7.3760170965596865,8.629646759951939,0.45356174499580504,1.0086021476530345,7.814771874665849,-8.90812093336294,12.88355721786453,24.28426829334296,10.0,2.0,5.048963327574065
11-01,0.8505523106681921,9.22487780714159,-10.35149986807079,1.468314526803604,7.405759764336868,7.7275245258777465,0.9562688219262258,-0.4715646569427563,6.730345463480991,-13.434310165454203,9.955028895615994,24.28426829334296,9.0,3.0,3.695463809893869
11-02,-1.9999980926513672,8.90329809386583,-11.665927588965214,4.585262218675889,6.79323367063964,9.650776075169148,-0.9749144273445387,-0.7457059631127488,6.9855635654740915,-13.776934699098767,4.176500587255957,24.28426829334296,7.0,5.0,3.01795181110424
11-03,-2.134966704011712,12.367889814191201,-9.89836688925904,3.021589778790058,6.152925609642277,5.913665171491085,-0.7590511157844576,2.897866362163017,7.4814074536192,-15.905991844603054,3.692246147749819,19.93919583439324,8.0,4.0,2.730700801531803
11-04,1.8968842401697266,9.882888461450017,-9.058773871217078,2.810012823295508,4.787878556685015,7.543919277974453,1.3921562011137067,1.5291700106180528,5.321444444230213,-15.129853314174802,3.4632544063439354,22.62477838610186,10.0,2.0,3.088646635215884
11-05,-1.0700448755728482,8.140527308646488,-8.311142988635227,3.232247553807473,5.366890486147181,8.882639000176445,-1.638473392261123,0.2685442367478833,7.224527234233048,-15.129853314174802,-0.9354706668149387,20.90195503470438,7.0,5.0,2.2443621347503298
11-06,-1.5077888197639742,8.732277028732813,-0.6320405223797674,-0.33412225639822957,4.571948291289369,5.618969274944425,-0.920968768094587,-5.124451104329757,5.131068999317513,-9.61925414771949,4.2629703039821845,25.13301666289095,6.0,6.0,2.942635411872621
11-07,-5.867843128292404,7.128568376813615,2.124821499904467,-0.9987408821732886,5.654379824533744,4.991960617605624,-9.901230490340692,-0.6918454282942965,8.128748311082848,-15.770340222353935,-0.3184439577271191,10.260965103881151,6.0,6.0,0.39508330205330955
11-08,-4.198009174157347,6.29863835425882,1.8706493385750933,0.8367827157486932,4.950420774591153,5.379848759131968,-11.513075292202904,-0.5822168832937741,7.285413545472634,-17.699690280290824,-0.6266056701723741,10.260965103881151,7.0,5.0,0.18859344096185757
11-09,-5.998519886099577,4.752912975891759,4.7180198750458535,2.033473230737645,3.020799261379346,5.449209900576751,-13.369773928953144,3.8703282462025457,6.310021090742388,-13.160595233566209,3.9809411323269317,10.260965103881151,9.0,3.0,0.9889818140137865
11-10,-7.269547679619512,7.877463582024512,5.680876790625268,1.9522218180144018,2.5363177590326207,4.453038215360927,-16.526646150690635,-0.8441113831305574,4.359241905617611,-12.367552389402574,4.624792695041203,8.918166579425725,8.0,4.0,0.28285514519158256
11-11,-9.412355174213074,8.840264191841813,2.6134717692451224,2.239804661464382,0.4865437848993198,4.591505454674198,-12.332954663412805,-0.6465528167716234,4.68106984732881,-16.98554615560153,5.426807083736767,14.314672792346714,8.0,4.0,0.318060897961508
11-12,-5.316713506929386,13.172869718439184,0.39676743730723124,0.5155568988884637,3.548944300500159,2.9344623941684262,-13.758428917629049,2.3651123513654717,5.856715681866179,-18.900679878283945,4.4198927880393875,17.19027017372674,9.0,3.0,1.0353974534549053
11-13,-5.7491687676936785,13.154088513989596,2.3207312259480846,2.118069886218541,-1.6910179920372903,3.1626974598681095,-8.387430307854858,0.7699527650931631,5.269022344328844,-21.53598219392106,5.629265017625762,11.211053749440426,8.0,4.0,0.5226068084171366
11-14,-7.451378508637413,13.154088513989596,1.27808437039169,2.1121012434650157,-2.096556877488354,2.958915262787814,-12.278206798787638,-3.203123760176841,4.596058746910689,-22.81395561577757,4.5463450362042686,4.332411568999337,7.0,5.0,-1.2387680681766173
11-15,-5.088936256389124,11.81564031541103,-2.120808673383703,1.8835193711766265,-1.8058004179850324,3.512261961184645,-13.811217704282377,-6.460147240355823,4.320943617042953,-19.04036954192212,2.5170749571265243,4.332411568999337,6.0,6.0,-1.6621190036147553
11-16,-4.137093034353194,10.512856201456412,-1.17977153894828,0.9874753624694895,-3.1484365463256836,4.6288257182729975,-13.75148075427393,-8.078386424955763,2.013421428743226,-17.3158849439652,5.060401249702523,4.332411568999337,6.0,6.0,-1.6729718094315056
11-17,-4.509414438307575,6.246189080202325,1.6516666531653044,-2.280246118819163,-2.3012562194995425,4.153480962518126,-11.46038005877082,-10.107979353798942,-0.3845822370022124,-17.242843661528784,4.405713956683792,0.0,4.0,8.0,-2.652470952929791
11-18,-5.186104695173026,4.250458472684466,2.964156583399265,-2.657804759317093,-1.1879238983073244,-0.08217476548187042,-18.103908254111968,-6.348736569324645,-3.5537949647040072,-18.978653165069208,4.488040613785872,0.0,3.0,9.0,-3.6997037834682955
11-19,-6.699753881028582,2.4832377644339565,7.612961701393731,-0.9162609780256289,-0.2282954443325562,0.6057179792024749,-17.233660278658014,-14.924415881095168,-1.7382885316033274,-21.414501830754062,6.8045986632304825,0.0,4.0,8.0,-3.8040550597697247
11-20,-6.898269594599903,2.0255040408317195,7.27617606479445,1.3222579763230309,1.4476348475156366,0.662251410794096,-20.002645742165907,-17.373336751823967,-0.04401552319589121,-16.88691943113079,8.511837799834254,0.0,6.0,5.0,-3.329960408568605
11-21,-6.9884431355009475,3.388065409391123,6.347571835691815,2.5517940032294852,1.0254094550876436,1.1064470602153331,-25.131601655997805,-17.718896698529434,0.35871557193982545,-22.105609435726738,9.119820097298861,0.0,7.0,4.0,-4.003893957741736
11-22,-8.682332837403205,2.449954182603978,4.779956685231695,1.3336889692536829,0.4674736885702321,0.8888538074668861,-26.497472951772004,-17.34472960061499,0.258067288989459,-20.389200040436556,6.631749812387265,0.0,7.0,4.0,-4.675332582976963
11-23,-5.660383969936984,3.917494307106285,5.100099149795797,1.3336889692536829,-1.3895307555244163,-0.6996932351586524,-27.191658472751996,-17.85945583034206,0.11059865940473393,-20.389200040436556,3.898339086846213,0.0,5.0,6.0,-4.902475177645329
11-24,-3.1851874457465277,-0.2077450525544248,5.611579643665042,1.2924543596422653,-1.4669912112735741,0.16938756910869437,-26.64113101178685,-17.502705342060796,0.11059865940473393,-24.59597312534268,4.4188932600395265,0.0,5.0,6.0,-5.166401641408715
11-25,-3.3333295657310953,-0.22258721952436689,5.611579643665042,1.2924543596422653,-1.4669912112735741,-0.9436990944232624,-26.64113101178685,-17.502705342060796,0.2801870208704058,-24.59597312534268,4.4188932600395265,0.0,4.0,7.0,-5.258608523827115
11-26,-1.6049420392071758,-0.22258721952436689,0.9791000525461585,-0.718509265533859,-0.07441484036745082,1.4954893422402906,-27.283911650529504,-16.83243210251267,0.27283763404043304,-26.871050507072685,4.623449383768226,0.0,4.0,7.0,-5.519747601012717
11-27,-1.6049420392071758,-2.896139121292687,1.2100805452319805,1.1486945288628079,-0.29752595151784167,-0.6013626782302598,-27.283911650529504,-19.599379111163724,0.2654871638255988,-26.799488831455843,6.897870781510364,0.0,4.0,7.0,-5.796718030330524
11-28,1.014599972680688,-3.4609001360007627,3.54448094486766,-8.033391268604094,0.3867928168831848,-0.6013626782302598,-23.581964967168403,-20.02443202573048,-0.7617882021577334,-20.34505127489363,7.366006706170122,0.0,4.0,7.0,-5.3747508426819754
11-29,1.9367514042555898,-4.528654535317917,5.689005355901222,-6.530605831942999,0.3867928168831848,2.670604303503915,-25.415578743389787,-17.199068584773055,-0.34389494914762425,-19.108064541231347,7.366006706170122,0.0,5.0,6.0,-4.589725549924058
11-30,1.5990196838371515,-6.649891034352043,2.7503197766678,-6.298694892311609,2.2004898820787404,3.1646616713335787,-25.19199562240983,-17.698033470842113,1.551178126575269,-19.911021858678073,7.788368017258578,0.0,6.0,5.0,-4.724633310070213
12-01,0.5369812402933495,-10.215642985160054,3.13707905543699,-5.384119863301033,1.858736059479554,4.7214008744927085,-24.118435306741695,-19.975553050566823,-0.468280821118733,-24.374046637144637,7.035078789169283,0.0,5.0,6.0,-5.603900220430091
12-02,-0.3661159548754008,-12.120265584116435,-4.254406710457637,-5.384119863301033,1.858736059479554,4.932105294933199,-25.679668126485684,-13.820680498578097,1.7487374125036568,-24.374046637144637,7.035078789169283,0.0,4.0,7.0,-5.868720484906102
12-03,1.0007318408497718,-10.184167078579511,-7.190953227361867,-6.348175050540685,2.056577490720563,2.3241198730271315,-11.736195468571106,-18.83123713583331,1.9209734953358772,-23.72753360519559,9.55677553817086,0.0,5.0,6.0,-5.096590277331488
12-04,-0.5857892521815387,-8.677940300107444,-6.021535689632175,-2.450230761517462,2.8745798700882763,3.6746233375845323,-10.12112561802714,-17.70660927871031,2.1354185490862,-15.42765404852047,7.417977117040859,0.0,4.0,7.0,-3.740690506241389
12-05,1.9365844230522213,-10.10950500169727,-6.156907502923663,0.5903431521408923,3.8670854289113996,3.6039603841773933,-10.02050810410645,-18.52837058567358,3.864139792773854,-14.076376043227324,4.203516980318339,0.0,6.0,5.0,-3.402169756354516
12-06,0.4179006449539001,-9.67435835324954,-5.082834955267025,-0.3398901995038974,4.344951828020148,5.211828353442456,-9.27359360427818,-17.047696125034168,4.259756948908782,-14.076376043227324,3.556821502136702,0.0,5.0,6.0,-3.1419575002581794
12-07,1.4355235389105632,-11.742737360353393,1.5705438024959877,-0.6350617755743626,6.699371359796295,3.8388464577361594,-9.511505914208396,-21.08296089190831,3.9365065167993194,-9.573221501917633,2.9235898202801405,0.0,6.0,5.0,-2.678425495661969
12-08,6.12101465223092,-9.399941300173756,4.454374341104794,2.7616530113697437,7.404443520968473,0.3445211924560045,-7.046979865771812,-17.69054738188249,2.7368814263574857,-11.11233814661138,0.9875150192854754,0.0,7.0,4.0,-1.703283627555545
12-09,9.963349723600455,-10.405363028472703,2.5724363798781487,4.4094811879954925,5.8515001412579375,-4.633268946323773,-7.940649411454951,-15.798628451062873,4.8507995327197895,-7.371895138457601,3.1900821337114227,0.0,6.0,5.0,-1.276012989717388
12-10,9.322033231902228,-10.405363028472703,2.0363282205822966,5.536571519347875,2.369150835499732,-2.258897271733122,-6.0722600815388255,-10.154908061937618,5.961282407998832,-2.2625846308567996,4.060578186055691,0.0,6.0,5.0,-0.1556723894293679
12-11,7.283555465619801,-11.45099961228999,3.3396776969380095,5.838924531866744,1.2169316501993621,-4.659495107953686,-4.643491153874897,-10.273530963625552,5.730704511540761,2.229898539966473,3.5112522254195504,0.0,7.0,4.0,-0.1563810180161187
12-12,6.436100281978299,-15.631363494045264,3.523043355014735,7.673473246786558,3.2501911961978998,-5.884802439574713,-6.676926763795492,-10.990677601194687,5.823180084621656,3.92749123411497,1.0354947460743371,0.0,7.0,4.0,-0.6262330128184753
12-13,6.285849205954008,-10.260553882428303,7.608104396510769,8.188415518495152,2.4489836873975475,-6.138219340647063,-8.345184890804443,-8.694729669451716,5.91031764350775,7.816006456247754,1.713263331743487,0.0,7.0,4.0,0.5443543713770788
12-14,6.0919575307561065,-10.927593238452136,8.240871233476915,8.526083532145636,1.9094936575999883,-7.22769296825201,-9.23033216463005,-8.258466613078957,6.563076372760516,9.160901929602572,-1.161662064657395,0.0,6.0,5.0,0.30721976727259864
12-15,6.897342489076413,-8.891839281510476,6.860621908172444,6.434083998592903,1.2487770334503872,-7.3551926441593825,-8.96246440223797,-1.6776740577957658,4.895706709060151,7.681429064059755,-4.000792703784287,0.0,6.0,5.0,0.26083317607701423
12-16,7.822511180587709,-10.567357126041918,7.198916894421467,6.1632738473944455,-0.7178638779419619,-3.1620917140415346,-8.420299709243162,0.4437666797525496,3.2850892596921364,13.642810591997613,-4.239401496259352,0.0,6.0,5.0,0.9541128775264992
12-17,9.01189920264802,-12.126738066730589,8.119079669976577,6.378456466022129,-3.881425819849308,-7.932355628740045,-5.918512609388289,0.7360107259097675,4.397534150609941,12.576575992396311,-5.475476613767764,0.0,6.0,5.0,0.49042062242389584
12-18,10.43001199901999,-11.048446909386369,10.85728875130539,6.295518489066887,-4.53184722089017,-8.856342333163512,-4.774845050753199,1.52474842781463,5.096433248882157,11.587817167496995,-8.274261672166455,0.0,6.0,5.0,0.6921729081021953
12-19,7.868257880508188,-10.938021664117107,9.946949400824419,4.976342817907445,-3.231398615127776,-7.139123391090261,-4.203005817972564,-2.6872708447946527,3.3946166903534016,12.510761787906766,-5.995549854586411,0.0,5.0,6.0,0.37521319915095397
12-20,7.699359893090556,-10.571525320604065,8.494459659486244,5.212908192909986,-3.152591201121571,-8.071828833418238,-5.975575288304132,2.5413936682221525,4.82139807083252,13.591588999602866,-6.572823205969951,0.0,6.0,5.0,0.6680637195605309
12-21,6.780838618968307,-13.089443223842325,9.97237418500433,7.105444084776252,-5.91898037421196,-11.8448399310333,-6.6422838579086125,0.9211660290587096,4.828412251793034,15.14108213198041,-6.23861028497112,0.0,6.0,5.0,0.0845966358011437
12-22,6.917946305788634,-12.40838419379781,9.761880791742646,6.5900667552680146,-7.391721308227176,-11.272666841138912,-10.10389807929053,3.2133675882467445,4.835426432753548,16.948828984663702,-5.5438194688271025,0.0,6.0,5.0,0.12891891393181285
12-23,6.566474341243678,-11.794781634419977,7.577952867185806,7.069011999510558,-8.554116378707372,-13.927699365129548,-11.183022324131208,3.556126470779076,5.653070385832251,19.27296039240455,-3.912832785583838,0.0,6.0,5.0,0.02692866408199812
12-24,5.687859154850072,-10.652804150432367,7.4853732752065,6.320961952773375,-10.016371357479063,-12.310860148125967,-9.557492836820991,1.2012651280845954,7.173456535226874,21.19259249359814,-5.973475474743861,0.0,6.0,5.0,0.04587538101144236
12-26,4.666974418983308,-14.235432126046238,6.6727797841445415,8.309940178979625,-9.81205532443703,-12.883874183096736,-6.173555394480687,1.8763511765735035,9.637276530401076,11.554696390359092,-6.953506899981346,0.0,6.0,5.0,-0.6117004540500742
12-27,2.0717822944554922,-10.784982695204768,8.66050781185761,7.110658018245784,-9.429660721313267,-12.72983324869652,-4.425026860756069,2.9187693416075695,9.693404601512105,11.842607197023348,-6.086868993932719,0.0,6.0,5.0,-0.09655360460011964
12-28,0.9019964109111499,-8.623632374714772,10.038661171011801,7.952707747206627,-10.956424020619894,-14.400497228631501,-7.901740445702036,5.062752395280717,9.534817645669817,11.381958692611697,-7.34854246200226,0.0,6.0,5.0,-0.3631618724148878
12-29,-2.3994074967337844,-6.6297361981337675,9.046387604514596,6.470637919960566,-11.48911941338344,-15.514287421911844,-6.7989124301886275,4.155674415640347,9.336586471481048,12.303048569061977,-9.54186990961879,0.0,5.0,6.0,-0.9217498241093097
12-30,-2.710094777487995,-7.150047315562145,9.162372100719415,8.149924229999908,-11.16705048724599,-13.028044254009002,-5.327580619469512,4.820166451328015,8.997449341292164,14.229035164277676,-13.771608203293424,0.0,5.0,6.0,-0.649623197454241
12-31,-1.1437072862043225,-5.756959357276672,7.434365790486163,7.568689802980559,-11.282009765849438,-14.827087453077509,-6.047523055712708,2.486601949559631,9.66588369160344,14.29230100153657,-16.57428501490437,0.0,5.0,6.0,-1.1819774747382215
