,2009,2010,2011,2012,2013,2014,2015,2016,2017,2018,2019,2020,ups,downs,end_day_sum,avg
01-02,1.5,-5.0,2.220001220703132,1.0,1.75,0.0,-0.9799995422363281,1.8000030517578125,-2.4499969482422017,13.610000610351562,-2.0699996948242188,4.949996948242202,7.0,5.0,02-01,1.3608338038126633
01-03,1.4000015258789062,-5.0,2.220001220703132,1.0,1.75,0.0,-0.9799995422363281,1.8000030517578125,-2.4499969482422017,13.610000610351562,-3.0999984741210938,1.599998474121108,7.0,5.0,02-02,0.9875008265177415
01-04,1.7000007629394531,-5.0,2.220001220703132,1.0,1.75,0.0,-0.9799995422363281,1.8000030517578125,-2.4499969482422017,13.610000610351562,-6.699996948242202,2.3000030517577983,7.0,5.0,02-03,0.7708346048990856
01-05,0.9500007629394531,-3.7099990844726562,2.2900009155273438,1.0,1.75,0.0,-1.5800018310546875,1.8000030517578125,-2.4499969482422017,13.610000610351562,-4.650001525878906,2.3000030517577983,7.0,5.0,02-04,0.9425007502237932
01-06,1.8499984741210938,-3.7099990844726562,2.2900009155273438,1.0,1.75,0.0,-1.5800018310546875,1.8000030517578125,-2.4499969482422017,4.659996032714844,-4.650001525878906,1.5,7.0,5.0,02-05,0.2049999237060535
01-07,0.4500007629394531,-3.7099990844726562,3.3600006103515625,3.14999961853027,1.75,0.0,-1.5800018310546875,1.8000030517578125,-2.4499969482422017,4.659996032714844,-4.650001525878906,3.099998474121108,7.0,5.0,02-06,0.48999993006388315
01-08,-0.2999992370605469,-3.7099990844726562,3.950000762939453,3.14999961853027,1.75,0.0,-1.5800018310546875,1.8000030517578125,-2.4499969482422017,4.659996032714844,-4.650001525878906,3.099998474121108,6.0,6.0,02-07,0.47666660944620737
01-09,-0.15000152587890625,-3.7099990844726562,3.6500015258789062,3.14999961853027,1.75,0.0,-1.5800018310546875,-4.05999755859375,-2.4499969482422017,4.659996032714844,-4.650001525878906,3.099998474121108,5.0,7.0,02-08,-0.024166901906331677
01-10,0.729999542236321,-3.7099990844726562,3.6500015258789062,6.4899997711181605,1.75,0.0,-1.5800018310546875,-4.05999755859375,-2.1499938964844034,-1.94000244140625,-4.650001525878906,1.6999969482422017,5.0,7.0,02-09,-0.314166545867922
01-11,0.729999542236321,-3.7099990844726562,3.6500015258789062,5.909997940063473,1.75,0.0,-1.5800018310546875,-4.05999755859375,0.40000152587889204,-1.94000244140625,-7.5,-1.220001220703125,5.0,7.0,02-10,-0.6308334668477397
01-12,0.2800025939941335,-4.040000915527344,3.6500015258789062,3.839998245239258,1.75,0.0,-1.5800018310546875,-4.05999755859375,0.40000152587889204,-1.94000244140625,-6.209999084472656,-3.220001220703125,5.0,7.0,02-11,-0.9274999300638852
01-13,-1.1500015258789062,-4.200000762939453,2.3400001525878906,4.439998626708984,1.75,0.0,2.470001220703118,-3.3699951171875,0.40000152587889204,-1.780006408691392,-2.80999755859375,-3.220001220703125,5.0,7.0,02-12,-0.42750008900960346
01-14,1.2999992370605469,-4.200000762939453,2.5800018310546875,3.7399978637695312,1.75,0.0,2.3699989318847656,-1.399993896484375,0.40000152587889204,-1.780006408691392,-2.80999755859375,-4.900001525878906,6.0,6.0,02-13,-0.2458333969116211
01-15,0.7700004577636719,-2.299999237060547,1.4900016784667969,3.7399978637695312,1.75,0.0,1.25,0.37000274658203125,0.40000152587889204,-1.7400054931640767,-2.80999755859375,-5.620002746582031,7.0,5.0,02-14,-0.22500006357829014
01-16,-0.5499992370605469,-2.299999237060547,1.4900016784667969,3.4300003051757812,0.0,0.0,1.25,0.37000274658203125,0.40000152587889204,-1.7400054931640767,0.410003662109375,-5.230003356933594,6.0,6.0,02-15,-0.20583311716715733
01-17,0.20000076293945312,-2.299999237060547,1.3300018310546875,3.4300003051757812,0.0,0.0,1.25,0.37000274658203125,0.40000152587889204,-1.7400054931640767,-0.1999969482422017,-6.0,6.0,6.0,02-16,-0.27166620890299836
01-18,-0.25,-2.299999237060547,1.3300018310546875,3.4300003051757812,0.0,0.0,1.6000022888183523,0.37000274658203125,0.40000152587889204,-1.7400054931640767,-0.1999969482422017,-7.400001525878906,5.0,7.0,02-17,-0.3966662089029989
01-19,0.20000076293945312,-2.299999237060547,1.4500007629394531,2.650001525878899,0.0,0.0,1.6000022888183523,0.37000274658203125,0.40000152587889204,-1.7400054931640767,-2.3000030517577983,-7.400001525878906,6.0,6.0,02-18,-0.5891666412353539
01-20,0.20000076293945312,-1.4500007629394531,1.4500007629394531,2.650001525878899,0.0,0.0,1.6000022888183523,2.0,0.40000152587889204,-1.7400054931640767,0.5,-7.400001525878906,7.0,5.0,02-19,-0.14916674296061552
01-21,-1.8500022888183594,-1.4500007629394531,1.4500007629394531,2.020000457763672,1.6700019836425781,0.0,1.6000022888183523,2.0,0.40000152587889204,-1.7400054931640767,4.849998474121108,-7.400001525878906,7.0,5.0,02-20,0.12916628519693832
01-22,-1.5,-1.4500007629394531,1.5,2.020000457763672,1.6700019836425781,0.0,0.6000022888183523,2.0,0.40000152587889204,2.399993896484361,4.849998474121108,-8.75,8.0,4.0,02-21,0.31166648864745916
01-23,-2.1000022888183594,-1.4500007629394531,1.5,2.470001220703125,1.6700019836425781,0.0,3.700000762939446,-1.3499984741210938,0.40000152587889204,0.37999725341795454,9.590003967285142,-7.050003051757798,7.0,5.0,02-22,0.6466668446858694
01-24,-1.4000015258789062,-6.380001068115227,1.4599990844726562,2.470001220703125,1.6700019836425781,0.0,3.700000762939446,-1.3499984741210938,0.40000152587889204,0.37999725341795454,9.590003967285142,-8.150001525878906,7.0,5.0,02-23,0.1991669336954717
01-25,-0.060001373291015625,-6.450000762939453,1.4599990844726562,3.1699981689453125,1.6700019836425781,0.0,3.700000762939446,-1.3499984741210938,0.7999954223632955,1.8799972534179545,9.590003967285142,-4.199996948242202,7.0,5.0,02-24,0.8508332570393851
01-26,-3.450000762939453,-8.229999542236328,0.4099998474121094,2.959999084472649,1.6700019836425781,0.0,3.700000762939446,0.0,2.5499954223632955,-2.260002136230483,11.450004577636705,-4.199996948242202,6.0,6.0,02-25,0.38333352406819304
01-27,-5.0,-8.229999542236328,0.4099998474121094,2.959999084472649,1.6700019836425781,0.0,3.700000762939446,3.5999984741210938,2.5499954223632955,-2.260002136230483,11.560005187988281,-9.0,7.0,5.0,02-26,0.16333325703938684
01-28,-5.349998474121094,-8.229999542236328,-0.9700012207031321,3.5999984741210938,1.6700019836425781,0.0,3.700000762939446,3.5999984741210938,2.5499954223632955,-1.05999755859375,11.560005187988281,-9.699996948242202,6.0,6.0,02-27,0.11416721343994023
01-29,-5.5,-8.229999542236328,-0.9700012207031321,3.5999984741210938,1.6700019836425781,0.0,3.700000762939446,3.5999984741210938,2.5499954223632955,-1.05999755859375,11.560005187988281,-2.969993591308608,6.0,6.0,02-28,0.6625006993611642
01-30,-5.799999237060547,-7.959999084472656,-0.9700012207031321,3.5999984741210938,1.6700019836425781,0.0,3.700000762939446,3.5999984741210938,2.5499954223632955,-1.05999755859375,11.510002136230483,-4.019996643066406,6.0,6.0,02-29,0.5683336257934583
01-31,-5.0,-7.959999084472656,-0.9700012207031321,3.5999984741210938,1.6700019836425781,0.0,4.300003051757805,3.5999984741210938,2.5499954223632955,-1.7900009155273438,11.510002136230483,-4.019996643066406,6.0,6.0,03-01,0.6241668065389009
02-01,-3.049999237060547,-7.450000762939453,-0.9700012207031321,3.5999984741210938,1.6700019836425781,0.0,4.300003051757805,4.649993896484375,2.5499954223632955,-1.7900009155273438,11.510002136230483,-6.099998474121108,6.0,6.0,03-02,0.7433328628540039
02-02,-4.799999237060547,-6.6399993896484375,-1.0400009155273438,3.5999984741210938,1.6700019836425781,0.0,4.300003051757805,4.649993896484375,2.5499954223632955,-1.7900009155273438,12.25,-10.25,6.0,6.0,03-03,0.374999364217123
02-03,-6.099998474121094,-6.6399993896484375,-1.0400009155273438,3.5999984741210938,1.6700019836425781,0.0,4.300003051757805,4.649993896484375,2.5499954223632955,-1.7900009155273438,12.25,-7.699996948242202,6.0,6.0,03-04,0.4791663487752273
02-04,-4.899997711181641,-6.6399993896484375,-0.7400016784667969,3.5999984741210938,6.389999389648445,0.0,4.300003051757805,4.649993896484375,4.059997558593764,-3.7900009155273438,10.75,-7.699996948242202,6.0,6.0,03-05,0.8316663106282552
02-05,-5.4499969482421875,-6.6399993896484375,-0.7400016784667969,3.5999984741210938,7.270000457763672,6.570003509521484,4.300003051757805,4.649993896484375,3.849998474121108,-3.7900009155273438,13.150001525878906,-5.899993896484403,7.0,5.0,03-06,1.7391672134399396
02-06,-5.4499969482421875,-6.6399993896484375,-0.7400016784667969,3.5999984741210938,7.270000457763672,6.570003509521484,4.300003051757805,4.649993896484375,3.849998474121108,3.4300003051757812,10.300003051757798,-4.449996948242202,8.0,4.0,03-07,2.2241671880086247
02-07,-8.400001525878906,-6.6399993896484375,-0.7400016784667969,0.2599983215332031,7.270000457763672,6.570003509521484,4.300003051757805,4.649993896484375,3.779998779296889,10.029998779296875,10.300003051757798,-2.4499969482422017,8.0,4.0,03-08,2.4108333587646467
02-08,-7.180000305175774,-6.6399993896484375,-0.7400016784667969,-0.18999862670898438,7.270000457763672,6.570003509521484,4.300003051757805,4.649993896484375,1.2300033569335938,9.870002746582017,6.900001525878892,-2.4499969482422017,7.0,5.0,03-09,1.9658342997233038
02-09,-7.5500030517578125,-5.209999084472656,-0.7400016784667969,-0.18999862670898438,7.270000457763672,6.570003509521484,4.300003051757805,4.649993896484375,1.2300033569335938,9.870002746582017,5.25,-4.349998474121094,7.0,5.0,03-10,1.7583338419596337
02-10,-4.799999237060547,-5.299999237060547,-0.7400016784667969,-0.18999862670898438,7.270000457763672,6.570003509521484,0.25,4.649993896484375,1.2300033569335938,9.830001831054702,5.25,-8.0,7.0,5.0,03-11,1.3350003560384127
02-11,-4.900001525878906,-5.299999237060547,-0.7400016784667969,1.5699996948242188,7.069999694824219,6.570003509521484,0.35000228881835227,4.649993896484375,1.2300033569335938,9.830001831054702,5.25,-8.239997863769531,8.0,4.0,03-12,1.4450003306070969
02-12,-4.450000762939453,-5.299999237060547,-0.5800018310546875,1.5699996948242188,7.069999694824219,6.570003509521484,0.0,4.649993896484375,1.2300033569335938,11.709999084472685,5.25,-18.099998474121094,7.0,5.0,03-13,0.8016665776570662
02-13,-4.900001525878906,-5.299999237060547,-0.5800018310546875,1.5699996948242188,7.069999694824219,6.570003509521484,0.0,4.649993896484375,-0.900001525878892,11.709999084472685,6.400001525878906,-18.099998474121094,6.0,6.0,03-14,0.6824995676676467
02-14,-3.25,-5.299999237060547,-0.5800018310546875,1.5699996948242188,7.069999694824219,6.570003509521484,0.0,4.649993896484375,-0.40000152587889204,11.709999084472685,3.599998474121108,-18.099998474121094,6.0,6.0,03-15,0.6283327738444058
02-15,-4.5,-5.299999237060547,-1.1200027465820312,1.5699996948242188,5.399997711181641,6.570003509521484,0.0,4.649993896484375,0.3899993896484233,11.709999084472685,-0.75,-18.0,6.0,6.0,03-16,0.05166594187418738
02-16,-4.099998474121094,-5.299999237060547,-1.1500015258789062,1.5699996948242188,7.769996643066406,6.570003509521484,0.0,4.649993896484375,0.3899993896484233,7.569999694824247,-0.75,-22.75,6.0,6.0,03-17,-0.46083386739094934
02-17,-3.799999237060547,-4.899997711181641,-1.1500015258789062,1.1199989318847656,7.769996643066406,6.570003509521484,0.0,6.8899993896484375,0.3899993896484233,7.569999694824247,-0.75,-22.75,6.0,6.0,03-18,-0.25333340962727746
02-18,-0.529998779296875,-4.899997711181641,-1.1100006103515625,1.1199989318847656,7.769996643066406,6.570003509521484,-0.950000762939446,6.8899993896484375,0.6500015258789062,7.069999694824247,-0.75,-34.48999786376953,6.0,6.0,03-19,-1.0549996693929007
02-19,-1.2299995422363281,0.03000259399413352,-1.1100006103515625,1.1199989318847656,7.769996643066406,6.570003509521484,-0.950000762939446,6.8899993896484375,0.6500015258789062,7.069999694824247,-0.75,-36.0,7.0,5.0,03-20,-0.828333218892413
02-20,-2.5699996948242188,0.10000228881835938,0.6399993896484375,1.1199989318847656,7.769996643066406,6.570003509521484,-0.950000762939446,6.8899993896484375,0.6500015258789062,7.069999694824247,-2.75,-38.75,8.0,4.0,03-21,-1.1841665903727183
02-21,1.0999984741210938,0.10000228881835938,1.4500007629394531,1.8799972534179759,7.769996643066406,6.570003509521484,-0.950000762939446,6.8899993896484375,0.6500015258789062,7.069999694824247,-2.75,-38.75,9.0,3.0,03-22,-0.7475001017252568
02-22,-0.4500007629394531,0.10000228881835938,1.4500007629394531,1.1800003051757884,7.769996643066406,6.570003509521484,-0.950000762939446,6.8899993896484375,1.0299987792968608,7.069999694824247,-2.8600006103515767,-35.74999618530275,8.0,4.0,03-23,-0.662499745686849
02-23,-0.049999237060546875,1.8800010681152344,2.1100006103515625,1.1800003051757884,7.769996643066406,6.570003509521484,-0.950000762939446,9.110000610351562,1.0299987792968608,5.869995117187514,-2.8600006103515767,-27.549995422363295,8.0,4.0,03-24,0.342500050862629
02-24,-0.14999771118164062,1.8800010681152344,2.1100006103515625,1.1800003051757884,7.769996643066406,6.570003509521484,-0.950000762939446,5.510002136230469,1.0299987792968608,5.869995117187514,-2.8600006103515767,-34.12999725341798,8.0,4.0,03-25,-0.5141665140787772
02-25,0.5999984741210938,1.6100006103515625,2.1100006103515625,1.1800003051757884,7.769996643066406,5.250003814697266,-0.950000762939446,5.510002136230469,1.25,5.869995117187514,-2.8600006103515767,-28.48999786376953,9.0,3.0,03-26,-0.09583346048990767
02-26,0.5499992370605469,1.6100006103515625,2.1100006103515625,0.8600006103515625,7.769996643066406,5.250003814697266,-0.950000762939446,5.510002136230469,1.6800003051757812,5.869995117187514,-2.8600006103515767,-35.220001220703125,9.0,3.0,03-27,-0.6516669591267897
02-27,-1.4000015258789062,-0.3999977111816406,2.1100006103515625,0.8600006103515625,7.769996643066406,5.250003814697266,-0.950000762939446,4.4600067138671875,1.8000030517578125,5.869995117187514,-2.8600006103515767,-32.339996337890625,7.0,5.0,03-28,-0.8191658655802403
02-28,-0.18000030517577414,0.1399993896484304,2.1100006103515625,0.8600006103515625,7.769996643066406,5.250003814697266,-0.950000762939446,6.480003356933594,1.8000030517578125,6.599998474121108,-3.5999984741210938,-28.189994812011733,8.0,4.0,03-29,-0.1591657002766921
02-29,0.0,0.0,0.0,0.8600006103515625,0.0,0.0,0.0,6.480003356933594,0.0,0.0,0.0,-19.69000244140625,2.0,1.0,03-30,-1.029166539510091
03-01,-1.4000015258789062,0.1399993896484304,2.1100006103515625,0.8600006103515625,7.769996643066406,5.250003814697266,-0.950000762939446,6.480003356933594,1.8000030517578125,6.599998474121108,-3.5999984741210938,-15.5,8.0,4.0,03-31,0.7966670989990247
03-02,-3.8500022888183594,-0.5600013732910227,2.1100006103515625,0.8600006103515625,3.0499992370605398,5.250003814697266,-0.950000762939446,6.480003356933594,0.29000091552734375,8.599998474121108,-2.0999984741210938,-22.800003051757812,7.0,5.0,04-01,-0.30166657765706323
03-03,0.14999771118164062,-0.5600013732910227,2.1100006103515625,0.8600006103515625,3.0499992370605398,5.250003814697266,-0.950000762939446,6.480003356933594,0.5,8.599998474121108,-2.0999984741210938,-18.87999725341797,8.0,4.0,04-02,0.37583382924397846
03-04,0.3999977111816406,-0.5600013732910227,2.1100006103515625,0.8600006103515625,3.0499992370605398,5.250003814697266,-0.950000762939446,6.480003356933594,0.37999725341796875,8.599998474121108,-2.0999984741210938,-24.999999999999986,8.0,4.0,04-03,-0.1233332951863589
03-05,3.799999237060547,-0.5600013732910227,2.1100006103515625,1.1300010681152344,2.1699981689453125,-1.3199996948242188,-0.950000762939446,8.060005187988281,0.37999725341796875,8.599998474121108,-4.5,-24.999999999999986,7.0,5.0,04-04,-0.5066668192545549
03-06,2.5799980163574148,-0.5600013732910227,2.1100006103515625,1.1300010681152344,2.1699981689453125,-1.3199996948242188,-0.950000762939446,8.060005187988281,0.37999725341796875,1.379997253417983,-1.650001525878892,-23.099998474121094,7.0,5.0,04-05,-0.8141670227050763
03-07,2.950000762939453,0.2599983215332031,5.040000915527344,2.1599998474121094,2.1699981689453125,-1.3199996948242188,-0.950000762939446,7.7100067138671875,0.4499969482421875,1.379997253417983,0.0,-18.900001525878906,8.0,4.0,04-06,0.0791664123535174
03-08,2.8500022888183594,0.15000152587890625,5.040000915527344,0.7099990844726562,2.1699981689453125,-1.3199996948242188,-0.950000762939446,7.7100067138671875,0.4499969482421875,1.379997253417983,0.0,-19.68000030517578,8.0,4.0,04-07,-0.12416648864745916
03-09,2.8500022888183594,0.15000152587890625,5.040000915527344,0.7099990844726562,2.3699989318847656,-1.3199996948242188,-0.950000762939446,7.7100067138671875,0.4499969482421875,1.379997253417983,0.0,-16.199996948242188,8.0,4.0,04-08,0.1825005213419614
03-10,1.8500022888183594,-0.8899993896484375,5.040000915527344,0.7099990844726562,2.3699989318847656,-1.3199996948242188,-0.950000762939446,7.7100067138671875,0.4499969482421875,-0.5,0.0,-11.760002136230469,6.0,6.0,04-09,0.22583357493082742
03-11,1.5500030517578125,-0.8899993896484375,5.040000915527344,-1.779998779296875,2.3699989318847656,-1.3199996948242188,-0.950000762939446,7.7100067138671875,2.7300033569335795,3.660003662109361,0.0,-1.9000015258789062,6.0,6.0,04-10,1.3516680399576806
03-12,-0.09999847412109375,-0.8899993896484375,4.1699981689453125,-2.520000457763672,2.3699989318847656,2.0199966430664062,-0.950000762939446,7.7100067138671875,2.7300033569335795,6.050003051757798,0.0,-2.0,6.0,6.0,04-11,1.5491673151652001
03-13,1.1500015258789062,-0.8899993896484375,4.1699981689453125,-2.470001220703118,2.3699989318847656,2.0199966430664062,-0.950000762939446,7.7100067138671875,2.7300033569335795,6.050003051757798,-2.9000015258789062,2.75,8.0,4.0,04-12,1.8116671244303373
03-14,0.09999847412109375,-0.8400001525878906,4.1699981689453125,-2.1599998474121165,0.0,2.0199966430664062,-0.950000762939446,7.7100067138671875,2.2300033569335795,6.050003051757798,-2.9000015258789062,-0.25,6.0,6.0,04-13,1.2650003433227515
03-15,1.5499992370605469,0.3600006103515625,5.3300018310546875,-2.1599998474121165,0.0,2.0199966430664062,-0.950000762939446,7.7100067138671875,1.4400024414062642,6.050003051757798,-2.9000015258789062,0.0500030517578125,8.0,4.0,04-14,1.5416676203409831
03-16,1.8499984741210938,-0.2999992370605469,5.240001678466797,-2.1599998474121165,0.0,-2.2900009155273438,-0.950000762939446,5.470001220703125,1.1800003051757812,6.550003051757798,-2.9000015258789062,-2.1500015258789062,5.0,7.0,04-15,0.7950000762939441
03-17,0.09999847412109375,0.09999847412109375,5.240001678466797,-2.1599998474121165,0.0,-2.2900009155273438,-0.950000762939446,5.470001220703125,1.1800003051757812,6.550003051757798,-2.9000015258789062,9.589996337890625,7.0,5.0,04-16,1.6608330408732084
03-18,-1.4000015258789062,0.09999847412109375,3.490001678466797,-2.1599998474121165,0.0,-2.2900009155273438,1.5999984741210938,5.470001220703125,1.1800003051757812,6.550003051757798,1.5999984741210938,7.8000030517578125,8.0,4.0,04-17,1.8283335367838525
03-19,-1.6800003051757812,0.09999847412109375,2.229999542236328,-2.1599998474121165,0.0,-2.2900009155273438,1.5999984741210938,5.470001220703125,1.1800003051757812,6.550003051757798,1.5999984741210938,9.60000228881836,8.0,4.0,04-18,1.850000063578286
03-20,-0.13000106811523438,-0.3100013732910156,2.229999542236328,-2.9199981689453267,0.0,-2.2900009155273438,1.5999984741210938,5.470001220703125,1.1800003051757812,7.4800033569335795,1.5999984741210938,1.4000015258789062,7.0,5.0,04-19,1.275833447774249
03-21,0.14999771118164062,-0.3100013732910156,2.229999542236328,-2.9199981689453267,0.0,-2.2900009155273438,1.5999984741210938,5.470001220703125,1.1800003051757812,8.580001831054673,1.5999984741210938,7.8600006103515625,8.0,4.0,04-20,1.929166475931801
03-22,0.5999984741210938,-0.3100013732910156,2.229999542236328,-2.9199981689453267,0.0,-2.2900009155273438,1.5999984741210938,3.25,0.8000030517578267,8.580001831054673,1.5999984741210938,15.529998779296875,8.0,4.0,04-21,2.389166514078775
03-23,-0.6500015258789062,-0.3100013732910156,2.229999542236328,-2.599998474121101,0.0,-2.2900009155273438,1.5999984741210938,3.25,0.5800018310546875,8.580001831054673,1.1699981689453125,13.629997253417969,7.0,5.0,04-22,2.0991662343343083
03-24,0.31999969482421875,-0.3100013732910156,2.229999542236328,-2.7199974060058523,0.0,-2.2900009155273438,1.5999984741210938,1.2300033569335938,0.15000152587890625,8.580001831054673,0.15000152587889204,5.290000915527344,8.0,4.0,04-23,1.1858339309692365
03-25,0.020000457763671875,1.1899986267089844,2.229999542236328,-2.7199974060058523,0.0,-0.970001220703125,1.5999984741210938,1.2300033569335938,2.0999984741210938,8.580001831054673,0.15000152587889204,5.290000915527344,9.0,3.0,04-24,1.558333714803058
03-26,0.5499992370605398,0.6500015258789134,2.229999542236328,-2.7199974060058523,0.0,-2.3800048828125,1.5999984741210938,-0.9300003051757812,1.1999969482421875,8.580001831054673,0.15000152587889204,-5.7599945068359375,7.0,5.0,04-25,0.26416683197021307
03-27,1.7700004577636719,0.6500015258789134,3.279998779296875,-2.7199974060058523,0.0,-2.3800048828125,1.5999984741210938,-0.9300003051757812,6.25,8.580001831054673,0.15000152587889204,-9.949996948242188,7.0,5.0,04-26,0.5250002543131499
03-28,5.0,0.6500015258789134,3.279998779296875,-2.7199974060058523,0.0,-2.3800048828125,1.5999984741210938,-0.9300003051757812,6.25,8.580001831054673,0.15000152587889204,-3.75,7.0,5.0,04-27,1.3108332951863595
03-29,5.900001525878906,0.6500015258789134,4.479999542236328,-2.7199974060058523,0.0,-2.3800048828125,1.5999984741210938,-0.9300003051757812,6.25,8.580001831054673,0.15000152587889204,-3.75,7.0,5.0,04-28,1.4858334859212228
03-30,5.25,0.6500015258789134,5.049999237060547,-2.7199974060058523,0.0,-2.3800048828125,1.5999984741210938,-0.9300003051757812,6.370002746582031,8.580001831054673,2.150001525878892,-3.6999969482421875,7.0,5.0,04-29,1.6600004831949857
03-31,2.1500015258789062,0.6500015258789134,5.049999237060547,-3.430000305175774,-2.5399971008300852,-2.3800048828125,1.5999984741210938,-2.5100021362304688,6.370002746582031,8.580001831054673,2.150001525878892,-7.620002746582031,7.0,5.0,04-30,0.6724999745686832
04-01,2.8500022888183594,-0.1699981689453125,5.049999237060547,-3.430000305175774,-2.5399971008300852,-2.3800048828125,3.0999984741210938,-2.5100021362304688,6.370002746582031,8.580001831054673,6.150001525878892,-3.3000030517578125,6.0,6.0,05-01,1.4808333714803037
04-02,2.8500022888183594,-0.060001373291015625,2.1199989318847656,-3.430000305175774,-2.5399971008300852,-2.3800048828125,3.0999984741210938,-2.160003662109375,6.370002746582031,8.580001831054673,6.150001525878892,-3.8499984741210938,6.0,6.0,05-02,1.2291666666666643
04-03,2.950000762939453,-0.060001373291015625,2.1199989318847656,-3.430000305175774,-2.5399971008300852,-2.3800048828125,3.0999984741210938,-2.160003662109375,6.370002746582031,8.580001831054673,6.150001525878892,-3.0699996948242188,6.0,6.0,05-03,1.3024997711181616
04-04,2.799999237060547,-0.060001373291015625,2.1199989318847656,-3.430000305175774,-2.5399971008300852,-2.3800048828125,3.0999984741210938,-2.160003662109375,6.370002746582031,8.580001831054673,6.150001525878892,-6.25,6.0,6.0,05-04,1.024999618530271
04-05,2.25,-0.060001373291015625,3.3499984741210938,-0.9400024414062429,-2.5399971008300852,-2.3800048828125,3.0999984741210938,-2.160003662109375,6.370002746582031,8.580001831054673,6.150001525878892,-6.25,6.0,6.0,05-05,1.289166132609047
04-06,4.099998474121094,-4.3000030517578125,2.5900001525878835,-0.20000076293944602,-2.5399971008300852,-2.3800048828125,3.0999984741210938,-2.160003662109375,6.220001220703125,4.4199981689453125,-2.2399978637695312,-6.25,5.0,7.0,05-06,0.02999909718831321
04-07,2.6999969482421875,-3.2600021362304688,3.4600028991699148,-0.20000076293944602,-2.5399971008300852,-2.3800048828125,3.0999984741210938,-2.160003662109375,6.220001220703125,2.029998779296875,-3.1500015258789062,-11.799995422363281,5.0,7.0,05-07,-0.6650005976359056
04-08,3.8499984741210938,-3.2600021362304688,3.4600028991699148,-0.20000076293944602,-2.5399971008300852,-2.3800048828125,4.299999237060547,-2.160003662109375,6.220001220703125,2.029998779296875,-3.4500045776367045,-6.6100006103515625,5.0,7.0,05-08,-0.06166776021321555
04-09,2.3999977111816406,-3.3100013732910156,3.4600028991699148,-0.20000076293944602,-2.5399971008300852,-5.720001220703125,4.299999237060547,-2.160003662109375,6.220001220703125,2.029998779296875,-5.5,-6.910003662109375,5.0,7.0,05-09,-0.6608339945475267
04-10,2.0999984741210938,-4.510002136230469,3.4600028991699148,-0.25,-2.5399971008300852,-5.720001220703125,4.299999237060547,-2.160003662109375,10.319999694824219,5.350006103515625,-2.5999984741210938,-4.709999084472656,5.0,7.0,05-10,0.25333372751871625
04-11,1.8499984741210938,-4.510002136230469,3.4600028991699148,-0.5600013732910014,-2.5399971008300852,-1.410003662109375,4.299999237060547,-2.160003662109375,10.319999694824219,5.350006103515625,-2.5999984741210938,-3.399993896484375,5.0,7.0,05-11,0.6750005086263021
04-12,2.470001220703132,-4.510002136230469,2.8400001525878835,-0.5600013732910014,-2.5399971008300852,-1.410003662109375,4.299999237060547,-2.160003662109375,10.319999694824219,5.350006103515625,-2.5999984741210938,-0.5,5.0,7.0,05-12,0.9166666666666673
04-13,2.0999984741210938,-3.8199996948242188,2.8400001525878835,-0.5600013732910014,-2.5399971008300852,-1.410003662109375,4.299999237060547,-2.160003662109375,10.319999694824219,5.350006103515625,-7.099998474121094,-4.599998474121094,5.0,7.0,05-13,0.2266667683919271
04-14,4.150001525878906,-4.619998931884766,3.2900009155273366,-0.5600013732910014,-2.5399971008300852,-1.410003662109375,3.8999977111816406,-2.160003662109375,10.319999694824219,7.0,-8.550003051757798,-4.599998474121094,5.0,7.0,05-14,0.35166613260905066
04-15,4.230003356933594,-4.209999084472656,3.2900009155273366,-2.1000022888183594,-2.5399971008300852,-1.410003662109375,3.8600006103515625,-2.160003662109375,10.319999694824219,7.0,-11.150001525878906,0.04999542236328125,6.0,6.0,05-15,0.43166605631510296
04-16,3.5500030517578125,-4.209999084472656,3.2900009155273366,-2.1000022888183594,2.0900001525878906,-1.410003662109375,3.8600006103515625,-2.160003662109375,9.669998168945312,7.0,-11.599998474121094,0.1699981689453125,7.0,5.0,05-16,0.679166158040364
04-17,3.1000022888183594,-4.209999084472656,3.2900009155273366,-2.1000022888183594,2.0900001525878906,-1.410003662109375,3.8600006103515625,-2.160003662109375,9.669998168945312,6.069999694824219,-11.169998168945312,-7.5,6.0,6.0,05-17,-0.03916708628336648
04-18,5.150001525878906,-4.310001373291016,0.9900016784667969,-2.1000022888183594,2.0900001525878906,-1.410003662109375,3.8600006103515625,0.0099945068359375,9.669998168945312,2.970001220703125,-10.150001525878892,-13.5,7.0,5.0,05-18,-0.5608342488606759
04-19,4.350002288818359,-4.310001373291016,0.9900016784667969,-1.980003356933608,2.0900001525878906,-1.410003662109375,5.400001525878906,0.0099945068359375,9.669998168945312,2.970001220703125,-10.150001525878892,-11.129997253417969,7.0,5.0,05-19,-0.29166730244954425
04-20,5.569999694824226,-4.979999542236335,0.9900016784667969,-1.980003356933608,2.7300033569335866,-1.410003662109375,5.400001525878906,0.0099945068359375,7.599998474121094,2.970001220703125,-6.350006103515597,-6.9799957275390625,7.0,5.0,05-20,0.29749933878580787
04-21,4.930000305175781,-4.979999542236335,-0.05999755859375,-1.980003356933608,2.7300033569335866,-1.410003662109375,5.400001525878906,2.1699981689453125,8.5,2.970001220703125,-5.639999389648423,-7.180000305175781,6.0,6.0,05-21,0.45416673024495324
04-22,4.029998779296875,-4.979999542236335,-0.05999755859375,-1.980003356933608,2.7300033569335866,-1.410003662109375,5.400001525878906,2.1699981689453125,3.4499969482421875,2.4499969482421875,-7.4500045776367045,-7.370002746582031,6.0,6.0,05-22,-0.2516679763793957
04-23,3.25,-4.979999542236335,-0.05999755859375,-1.980003356933608,2.7300033569335866,0.0,5.400001525878906,2.1699981689453125,3.4499969482421875,2.4499969482421875,-7.050003051757798,-6.269996643066406,6.0,6.0,05-23,-0.07416693369547644
04-24,2.3499984741210938,-5.990001678466804,-0.05999755859375,-1.980003356933608,2.7300033569335866,0.0,5.400001525878906,2.1699981689453125,6.349998474121094,1.1199951171875,-7.050003051757798,-6.269996643066406,6.0,6.0,05-24,-0.10250059763590613
04-25,3.0,-5.990001678466804,-1.0200004577636648,-1.980003356933608,2.7300033569335866,0.0,5.400001525878906,2.1699981689453125,6.349998474121094,1.1199951171875,-9.050003051757798,-6.319999694824219,6.0,6.0,05-25,-0.29916763305664124
04-26,2.6000022888183594,-6.029998779296875,-2.220001220703118,-1.540000915527358,5.270000457763672,0.0,5.400001525878906,2.1699981689453125,6.349998474121094,1.1199951171875,-9.050003051757798,-5.05999755859375,6.0,6.0,05-26,-0.08250045776367128
04-27,3.299999237060547,-7.939998626708984,-2.6300010681152273,-1.540000915527358,5.270000457763672,0.0,5.400001525878906,2.1699981689453125,6.349998474121094,1.1199951171875,-13.050003051757798,-5.05999755859375,6.0,6.0,05-27,-0.5508340199788405
04-28,4.25,-7.340000152587891,-2.6300010681152273,-1.540000915527358,5.270000457763672,0.0,5.400001525878906,2.1699981689453125,6.349998474121094,1.1199951171875,-13.050003051757798,-0.1999969482421875,6.0,6.0,05-28,-0.016667366027831438
04-29,3.749999999999993,-7.340000152587891,-2.6300010681152273,-1.540000915527358,5.270000457763672,0.0,3.6000022888183523,2.1699981689453125,6.349998474121094,1.1199951171875,-15.200004577636705,0.720001220703125,7.0,5.0,05-29,-0.3108342488606777
04-30,3.900001525878899,-7.340000152587891,-2.6300010681152273,-1.540000915527358,5.270000457763672,0.0,3.6000022888183523,2.1699981689453125,6.349998474121094,1.1199951171875,-15.200004577636705,0.4199981689453125,7.0,5.0,05-30,-0.3233343760172532
05-01,4.450000762939446,-7.340000152587891,-2.6300010681152273,-1.540000915527358,5.270000457763672,0.0,3.6000022888183523,2.1699981689453125,7.150001525878892,1.1199951171875,-15.200004577636705,0.4199981689453125,7.0,5.0,05-31,-0.2108341852823911
05-02,3.4000015258789062,-7.340000152587891,-2.6300010681152273,-1.540000915527358,5.270000457763672,0.0,3.6000022888183523,2.1699981689453125,7.400001525878892,1.1199951171875,-6.810005187988281,2.5999984741210938,7.0,5.0,06-01,0.6033325195312477
05-03,3.75,-7.340000152587891,-3.1899986267089844,-1.540000915527358,5.270000457763672,0.0,3.6000022888183523,2.1699981689453125,7.400001525878892,1.1199951171875,-5.900001525878906,1.3499984741210938,7.0,5.0,06-02,0.5574995676676403
05-04,4.650001525878906,-3.0999984741210938,-2.450000762939446,-1.540000915527358,5.270000457763672,-2.3999977111816406,2.549999237060547,2.1699981689453125,7.400001525878892,1.1199951171875,-7.25,2.5799942016601562,7.0,5.0,06-03,0.7499993642171207
05-05,5.300003051757805,-3.0999984741210938,-2.450000762939446,-1.540000915527358,5.270000457763672,-2.3999977111816406,2.549999237060547,2.1699981689453125,7.400001525878892,1.1199951171875,-7.399993896484403,6.329994201660156,7.0,5.0,06-04,1.1041666666666619
05-06,3.4000015258789062,-3.0999984741210938,-2.450000762939446,-1.540000915527358,5.270000457763672,-2.3999977111816406,1.3499984741210938,2.1699981689453125,3.3000030517577983,1.1199951171875,-5.599998474121108,4.1399993896484375,7.0,5.0,06-05,0.47166665395100615
05-07,3.6500015258789062,-3.0999984741210938,-2.450000762939446,-1.540000915527358,5.270000457763672,-2.3999977111816406,1.3499984741210938,2.1699981689453125,4.209999084472656,1.1199951171875,-3.5500030517578125,2.8299942016601562,7.0,5.0,06-06,0.6299988428751622
05-08,3.029998779296868,-3.0999984741210938,-1.479999542236321,-1.540000915527358,5.270000457763672,-2.3999977111816406,1.3499984741210938,2.1699981689453125,2.9000015258789062,-2.20001220703125,-3.0500030517578125,-0.06999969482421875,5.0,7.0,06-07,0.0733321507771798
05-09,4.100002288818359,-3.0999984741210938,-2.0100021362304545,-1.540000915527358,5.270000457763672,-2.3999977111816406,1.3499984741210938,2.1699981689453125,2.9000015258789062,-3.600006103515625,-3.0500030517578125,11.340003967285156,6.0,6.0,06-08,0.9524997075398763
05-10,2.390003204345703,-3.0999984741210938,-1.1200027465820241,-1.540000915527358,5.270000457763672,-2.3999977111816406,1.3499984741210938,2.1699981689453125,2.9000015258789062,-5.25,-1.599998474121108,14.900001525878906,6.0,6.0,06-09,1.1641670862833642
05-11,2.9000015258789062,-3.1300010681152344,-1.1200027465820241,0.0,5.270000457763672,-2.3999977111816406,1.3499984741210938,2.1699981689453125,2.9000015258789062,-5.25,2.5,14.900001525878906,7.0,5.0,06-10,1.6741666793823249
05-12,2.8499984741210938,-2.1100006103515625,-1.1200027465820241,0.0,5.270000457763672,-2.3999977111816406,1.75,2.1699981689453125,3.5500030517578125,-5.25,2.5,14.900001525878906,7.0,5.0,06-11,1.8425000508626308
05-13,2.8499984741210938,-2.1100006103515625,-1.1200027465820241,0.0,5.270000457763672,-2.3999977111816406,0.18999862670898438,2.1699981689453125,3.5500030517578125,-5.25,2.5,14.900001525878906,7.0,5.0,06-12,1.7124999364217128
05-14,2.049999237060547,-2.009998321533203,0.21999740600585938,0.0,0.640003204345696,-2.3999977111816406,0.18999862670898438,0.0,3.5500030517578125,-5.25,2.9499969482421875,22.800003051757812,7.0,5.0,06-13,1.8950004577636712
05-15,2.8499984741210938,-2.009998321533203,-1.0800018310546875,0.0,0.640003204345696,-2.3999977111816406,-1.3500022888183594,0.0,0.849998474121108,-5.25,2.9499969482421875,20.43000030517578,5.0,7.0,06-14,1.3024997711181647
05-16,4.280002593994126,-2.1800003051757884,-1.0800018310546875,0.0,0.0,-2.3999977111816406,-1.049999237060554,0.0,0.849998474121108,-3.25,-0.849998474121108,6.180000305175781,3.0,9.0,06-15,0.0416669845581031
05-17,2.6300010681152273,-2.1800003051757884,-0.3000030517578054,0.0,0.0,-2.3999977111816406,-1.049999237060554,0.0,0.849998474121108,-3.25,-1.5600051879882812,8.279998779296875,3.0,9.0,06-16,0.08499940236409505
05-18,0.6800003051757741,-1.5100021362304688,-1.8100013732910156,0.0,0.0,-2.3999977111816406,-1.049999237060554,0.0,0.849998474121108,-2.7299957275390625,8.349998474121108,5.5800018310546875,4.0,8.0,06-17,0.4966669082641613
05-19,1.0499992370605469,-1.5100021362304688,-1.8100013732910156,0.0,0.0,-2.3999977111816406,-1.049999237060554,0.0,0.849998474121108,-2.7299957275390625,8.349998474121108,9.180000305175781,4.0,8.0,06-18,0.8275000254313168
05-20,3.25,-0.5,-1.8100013732910156,0.0,0.0,-2.3999977111816406,-1.049999237060554,0.0,-2.0500030517577983,-2.7299957275390625,8.349998474121108,9.370002746582031,3.0,9.0,06-19,0.8691670099894223
05-21,3.6499977111816406,-0.5,-0.8499984741211009,0.0,0.0,-2.3999977111816406,-1.049999237060554,0.0,-2.0500030517577983,-2.7299957275390625,7.0,8.110000610351562,3.0,9.0,06-20,0.7650003433227539
05-22,2.950000762939453,-0.460002899169929,-0.6800003051757955,0.0,0.0,-2.3999977111816406,-1.049999237060554,0.0,-2.0500030517577983,-1.399993896484375,7.0,8.110000610351562,3.0,9.0,06-21,0.8350003560384103
05-23,1.6499977111816406,-0.460002899169929,-0.7199974060058665,0.0,0.0,-2.3999977111816406,-1.049999237060554,0.0,-2.0500030517577983,-1.399993896484375,7.0,9.049995422363281,3.0,9.0,06-22,0.8016665776570632
05-24,1.5999984741210938,-0.460002899169929,0.25,0.0,0.0,-2.3999977111816406,-1.049999237060554,0.0,-2.0500030517577983,-1.399993896484375,9.150001525878906,9.049995422363281,4.0,8.0,06-23,1.057499885559082
05-25,0.950000762939446,1.4499969482421804,-0.18000030517578836,0.0,0.0,-2.3999977111816406,-0.10000228881835938,0.0,-2.0500030517577983,-1.399993896484375,9.150001525878906,9.049995422363281,4.0,8.0,06-24,1.2058331171671544
05-26,1.0499992370605469,1.6599998474121094,-0.18000030517578836,0.0,0.0,-2.3999977111816406,-0.10000228881835938,0.0,-2.8500061035155966,-1.399993896484375,9.150001525878906,9.049995422363281,4.0,8.0,06-25,1.1649996439615904
05-27,-0.5,1.6599998474121094,-0.18000030517578836,0.0,0.0,-3.1199989318847656,0.5399971008300781,0.0,-3.1000061035155966,-3.3499908447265767,9.150001525878906,8.129997253417969,4.0,8.0,06-26,0.7691666285196946
05-28,-1.299999237060554,1.6599998474121094,-1.5600013732910156,0.0,0.0,-3.1199989318847656,0.5399971008300781,0.0,-3.1000061035155966,-3.649993896484375,9.150001525878906,5.9499969482421875,4.0,8.0,06-27,0.3808329900105812
05-29,-1.6499977111816477,0.9199981689453054,-1.5200004577636719,0.0,0.0,-3.1199989318847656,0.5399971008300781,0.0,-3.1000061035155966,-3.649993896484375,9.150001525878906,7.1999969482421875,4.0,8.0,06-28,0.39749972025553504
05-30,-2.950000762939453,0.9199981689453054,-1.0900001525878906,0.0,0.0,-0.720001220703125,1.5900001525878835,0.0,-3.1000061035155966,-3.649993896484375,10.800003051757798,5.970001220703125,4.0,8.0,06-29,0.6475000381469727
05-31,-3.700000762939453,0.9199981689453054,-0.7999992370605469,0.0,0.0,-0.720001220703125,1.5900001525878835,0.0,-3.1000061035155966,-3.649993896484375,10.949996948242202,5.970001220703125,4.0,8.0,06-30,0.6216662724812849
06-01,-2.8500022888183594,0.9199981689453054,-0.779998779296875,0.0,0.0,0.75,-0.5,-4.5099945068359375,-3.1000061035155966,-3.649993896484375,11.050003051757812,5.970001220703125,4.0,8.0,07-01,0.2750005722045916
06-02,-2.450000762939446,0.9199981689453054,-0.779998779296875,0.0,0.0,0.75,-0.5,-4.5099945068359375,-4.0100021362304545,-3.649993896484375,11.050003051757812,5.970001220703125,4.0,8.0,07-02,0.2325010299682629
06-03,-1.0499992370605469,0.9199981689453054,-1.75,0.0,0.0,0.75,-0.5,-4.5099945068359375,-2.7000045776367045,-3.649993896484375,11.050003051757812,5.970001220703125,4.0,8.0,07-03,0.3775008519490566
06-04,-1.75,0.9199981689453054,-1.2199974060058665,0.0,0.0,0.75,-0.5,-4.5099945068359375,-2.7000045776367045,-3.649993896484375,11.050003051757812,-1.3400039672851562,3.0,9.0,07-04,-0.2458327611287435
06-05,-0.04000091552734375,0.9199981689453054,1.1300010681152273,0.0,0.0,0.75,-0.5,-4.5099945068359375,-2.7000045776367045,-3.649993896484375,10.550003051757812,-4.900001525878906,4.0,8.0,07-05,-0.2458327611287435
06-06,-0.9000015258789062,0.9199981689453054,1.1300010681152273,0.0,0.0,0.75,-0.5,-4.5099945068359375,-2.7000045776367045,-2.25,9.050003051757812,-4.900001525878906,4.0,8.0,07-06,-0.3258333206176758
06-07,-3.0,0.09999847412108664,-0.10999679565429688,0.0,0.0,0.75,-0.5,-4.5099945068359375,-2.7000045776367045,-2.25,9.050003051757812,-4.900001525878906,3.0,9.0,07-07,-0.6724996566772455
06-08,-3.25,0.09999847412108664,-0.80999755859375,0.0,0.0,0.75,-0.5,-6.099998474121094,-2.7000045776367045,-2.25,9.050003051757812,-4.900001525878906,3.0,9.0,07-08,-0.8841667175292963
06-09,-4.649997711181641,-0.9200019836425852,0.15000152587890625,0.0,0.0,0.75,-3.9199981689453125,-6.099998474121094,-2.7000045776367045,-2.25,9.050003051757812,-4.900001525878906,3.0,9.0,07-09,-1.290833155314127
06-10,-4.349998474121094,-0.9200019836425852,1.4500007629394531,0.0,0.0,0.75,-3.9199981689453125,-6.099998474121094,0.0,-2.25,2.9500045776367045,-4.900001525878906,3.0,9.0,07-10,-1.440832773844403
06-11,-6.999999999999993,-0.75,1.4500007629394531,0.0,0.0,0.75,-4.220001220703118,-6.099998474121094,0.0,-2.25,2.9500045776367045,5.1999969482421875,4.0,8.0,07-11,-0.8308331171671549
06-12,-5.349998474121094,-0.25,1.4500007629394531,0.0,0.0,0.75,-4.220001220703118,-3.7299957275390625,0.0,4.179992675781222,2.9500045776367045,3.0999984741210938,5.0,7.0,07-12,-0.09333324432373342
06-13,-2.799999237060547,-0.25,1.4500007629394531,0.0,0.0,0.75,-4.220001220703118,-3.7299957275390625,0.0,4.179992675781222,-5.149993896484403,5.799995422363281,4.0,8.0,07-13,-0.3308334350585979
06-14,-3.700000762939453,-0.25,0.670001983642571,0.0,0.0,0.75,-4.220001220703118,-3.7299957275390625,1.8899993896484233,4.179992675781222,-5.149993896484403,5.799995422363281,5.0,7.0,07-14,-0.313333511352545
06-15,-3.0799980163574148,-0.25,-0.220001220703125,0.0,0.0,0.75,-4.220001220703118,-0.9599990844726562,1.8899993896484233,4.179992675781222,-5.149993896484403,5.799995422363281,4.0,8.0,07-15,-0.10500049591064926
06-16,-3.700000762939453,-0.25,-0.220001220703125,0.0,0.0,0.75,-4.220001220703118,-0.9599990844726562,1.8899993896484233,8.779998779296875,-4.75,5.799995422363281,4.0,8.0,07-16,0.2599992752075189
06-17,-3.799999237060547,-0.25,-0.3899993896484304,0.0,0.0,0.75,-4.220001220703118,-0.9599990844726562,1.4500045776367045,8.779998779296875,-4.75,2.649993896484375,4.0,8.0,07-17,-0.06166680653889974
06-18,-3.0999984741210938,-0.25,-0.3500022888183594,0.0,0.0,0.75,-4.220001220703118,-0.9599990844726562,1.4500045776367045,6.75,-3.8000030517577983,-3.1500015258789062,3.0,9.0,07-18,-0.5733334223429356
06-19,-3.049999237060547,-0.25,-0.3500022888183594,0.2200012207031321,0.0,0.75,-4.220001220703118,-0.9599990844726562,1.4500045776367045,6.75,-4.0,-3.1500015258789062,4.0,8.0,07-19,-0.5674997965494791
06-20,-2.8000030517578054,0.45000076293946734,-0.3500022888183594,0.2200012207031321,0.0,0.75,-5.1699981689453125,-2.1199951171875,1.4500045776367045,6.75,-4.0,-2.0,5.0,7.0,07-20,-0.5683326721191394
06-21,-4.100002288818352,0.45000076293946734,-1.3199996948242259,0.2200012207031321,0.0,0.75,-5.1699981689453125,-2.2699966430664062,1.4500045776367045,6.75,-4.0,-2.0,5.0,7.0,07-21,-0.7699991861979161
06-22,-2.749999999999993,0.45000076293946734,-1.0499992370605469,0.2200012207031321,0.0,0.75,-5.1699981689453125,-2.2699966430664062,1.4500045776367045,8.699996948242202,-5.309997558593764,-1.8600006103515625,5.0,7.0,07-22,-0.56999905904134
06-23,-3.200000762939453,-2.009998321533203,-0.3400001525878906,0.2200012207031321,0.0,0.75,-5.1699981689453125,-2.2699966430664062,1.4500045776367045,6.350006103515625,-4.400001525878906,-1.8600006103515625,4.0,8.0,07-23,-0.873332023620606
06-24,-2.1000022888183523,-1.2699966430663991,-0.3800010681152344,0.2200012207031321,3.4300003051757884,1.470001220703125,-5.509998321533196,-2.2699966430664062,1.4500045776367045,7.7599945068359375,-4.400001525878906,-3.6999969482421875,5.0,7.0,07-24,-0.4416659673054995
06-25,-1.7000007629394531,-1.2699966430663991,0.18999862670898438,0.2200012207031321,3.4300003051757884,1.470001220703125,-5.509998321533196,-2.2699966430664062,1.4500045776367045,7.7599945068359375,-4.400001525878906,-3.6999969482421875,6.0,6.0,07-25,-0.36083253224690637
06-26,-0.9500007629394531,-1.2699966430663991,0.18999862670898438,0.2200012207031321,3.4300003051757884,1.470001220703125,-5.509998321533196,-2.2699966430664062,1.4500045776367045,7.7599945068359375,-4.400001525878906,-3.6999969482421875,6.0,6.0,07-26,-0.29833253224690637
06-27,-1.7999992370605469,-1.2699966430663991,0.18999862670898438,0.2200012207031321,3.4300003051757884,0.0,1.5500030517578054,-2.2699966430664062,1.8000030517577983,7.7599945068359375,-6.3000030517578125,-1.7099990844726562,6.0,6.0,07-27,0.1333338419596354
06-28,-2.9499969482421875,-1.2699966430663991,-0.10000228881835938,0.2200012207031321,3.4300003051757884,0.0,5.250000000000014,-2.2699966430664062,1.8000030517577983,7.7599945068359375,-6.3000030517578125,-5.1999969482421875,5.0,7.0,07-28,0.03083388010660985
06-29,-2.9499969482421875,-1.2699966430663991,-0.10000228881835938,0.2200012207031321,4.209999084472663,0.0,5.250000000000014,2.2399978637695312,1.8000030517577983,7.7599945068359375,-8.300003051757812,-6.599998474121094,6.0,6.0,07-29,0.18833319346110203
06-30,-2.75,-1.2699966430663991,-2.450000762939453,0.2200012207031321,4.209999084472663,0.0,5.550003051757798,2.2399978637695312,1.8000030517577983,8.100006103515625,-8.300003051757812,-8.959999084472656,6.0,6.0,07-30,-0.13416576385498105
07-01,-3.75,-1.2699966430663991,-2.450000762939453,0.2200012207031321,4.209999084472663,0.0,5.550003051757798,2.2399978637695312,3.5500030517577983,8.100006103515625,-8.300003051757812,-8.959999084472656,6.0,6.0,07-31,-0.07166576385498107
07-02,-1.6500015258789062,-0.4499969482421804,-0.26000213623046875,0.2200012207031321,4.209999084472663,0.0,5.550003051757798,2.2399978637695312,3.5500030517577983,8.100006103515625,-8.300003051757812,-8.959999084472656,6.0,6.0,08-01,0.3541673024495437
07-03,-1.4000015258789062,-0.4499969482421804,-0.26000213623046875,0.2200012207031321,4.209999084472663,0.0,5.550003051757798,2.2399978637695312,3.5500030517577983,8.100006103515625,-9.050003051757812,-8.959999084472656,6.0,6.0,08-02,0.312500635782877
07-05,0.2999992370605469,-0.4499969482421804,-2.0,0.2200012207031321,4.209999084472663,0.0,6.450004577636719,2.2399978637695312,3.5500030517577983,8.100006103515625,-9.050003051757812,-8.959999084472656,7.0,5.0,08-04,0.3841676712036139
07-06,1.1500015258789062,2.0699996948242188,-1.2999992370605469,0.2200012207031321,4.209999084472663,0.0,6.800003051757798,3.8300018310546875,3.5500030517577983,8.100006103515625,-2.9500045776367045,-8.959999084472656,8.0,4.0,08-05,1.3933343887329102
07-07,1.6999969482421875,2.0699996948242188,-1.2999992370605469,0.2200012207031321,4.789997100830078,0.0,10.22000122070311,3.8300018310546875,3.5500030517577983,8.100006103515625,-4.4500045776367045,-8.959999084472656,8.0,4.0,08-06,1.647500356038411
07-08,1.3999977111816406,1.5699996948242188,-1.2999992370605469,0.2200012207031321,4.789997100830078,0.0,10.22000122070311,1.4599990844726562,3.5500030517577983,8.100006103515625,-4.4500045776367045,-8.959999084472656,8.0,4.0,08-07,1.383333524068196
07-09,0.7999992370605469,1.5699996948242188,-1.2999992370605469,0.2200012207031321,4.789997100830078,0.0,10.22000122070311,1.4599990844726562,3.5500030517577983,8.100006103515625,-7.25,-8.959999084472656,8.0,4.0,08-08,1.1000006993611635
07-10,1.7000007629394531,1.5699996948242188,-3.9000015258789062,0.2200012207031321,4.789997100830078,0.0,10.22000122070311,1.4599990844726562,3.5500030517577983,1.6700134277344034,-7.25,-8.959999084472656,8.0,4.0,08-09,0.4225012461344407
07-11,-0.5100021362304759,1.5699996948242188,-3.9000015258789062,0.2200012207031321,4.789997100830078,0.0,10.22000122070311,1.4599990844726562,3.5500030517577983,1.6700134277344034,-7.25,-8.959999084472656,7.0,5.0,08-10,0.23833433787027994
07-12,-0.06999969482422586,1.5699996948242188,-6.479999542236328,0.2200012207031321,4.789997100830078,0.0,10.22000122070311,1.4599990844726562,1.660003662109375,-2.92999267578125,-7.649993896484403,-8.959999084472656,6.0,6.0,08-11,-0.5141652425130244
07-13,0.12999725341796164,1.5699996948242188,-4.079998016357422,0.2200012207031321,4.789997100830078,0.0,10.72000122070311,-1.30999755859375,2.0999984741210938,-2.92999267578125,-7.649993896484403,-8.959999084472656,6.0,6.0,08-12,-0.44999885559082387
07-14,0.6000022888183594,1.5699996948242188,-4.079998016357422,0.2200012207031321,4.789997100830078,0.0,10.72000122070311,-1.30999755859375,2.0999984741210938,-0.899993896484375,-3.75,-8.959999084472656,6.0,6.0,08-13,0.08333428700764915
07-15,-0.8499984741210938,1.5699996948242188,-4.079998016357422,0.2200012207031321,4.789997100830078,0.0,10.72000122070311,-1.30999755859375,2.0999984741210938,-0.899993896484375,-3.75,-5.80999755859375,5.0,7.0,08-14,0.22500101725260357
07-16,-0.4499969482421875,0.8699989318847514,-4.079998016357422,0.2200012207031321,4.789997100830078,0.0,10.72000122070311,-0.15000152587890625,2.0999984741210938,-0.899993896484375,-3.75,-6.959999084472656,5.0,7.0,08-15,0.2008339564005516
07-17,0.8500022888183594,0.8699989318847514,-4.079998016357422,0.0,4.789997100830078,0.0,10.72000122070311,-0.15000152587890625,3.0499954223632955,-2.699996948242216,-3.5500030517577983,-6.959999084472656,5.0,7.0,08-16,0.23666636149088305
07-18,-0.5,0.8699989318847514,-4.079998016357422,0.0,4.789997100830078,0.0,10.72000122070311,-0.15000152587890625,3.0499954223632955,-2.699996948242216,-2.240005493164034,-7.099998474121094,4.0,8.0,08-17,0.22166601816813034
07-19,-0.5,0.8699989318847514,-2.8499984741210938,0.0,4.789997100830078,0.0,10.72000122070311,7.150001525878892,3.0499954223632955,-0.05000305175784092,-3.150001525878892,0.3600006103515625,6.0,6.0,08-18,1.6991659800211554
07-20,-0.5,0.8699989318847514,-2.5699996948242188,0.0,1.3599967956542898,-4.920001983642578,11.370002746582031,7.150001525878892,3.0499954223632955,-1.4599914550781534,-3.150001525878892,0.3600006103515625,6.0,6.0,08-19,0.9633334477742483
07-21,-1.5999984741210938,2.519996643066399,-3.5699996948242188,0.0,1.3599967956542898,-4.920001983642578,11.370002746582031,7.150001525878892,3.0499954223632955,-1.4599914550781534,-3.150001525878892,0.3600006103515625,6.0,6.0,08-20,0.9258333841959612
07-22,-2.3499984741210938,2.519996643066399,-3.5699996948242188,0.0,1.3599967956542898,-4.920001983642578,11.370002746582031,7.150001525878892,1.8699951171875,-1.4599914550781534,-3.150001525878892,2.1999969482421875,6.0,6.0,08-21,0.9183330535888636
07-23,-2.3499984741210938,2.519996643066399,-5.749999999999993,0.0,1.3599967956542898,-4.920001983642578,6.400001525878913,7.150001525878892,1.8699951171875,0.4300079345702841,-3.150001525878892,0.20999908447265625,7.0,5.0,08-22,0.31416638692219817
07-24,-1.2000007629394531,2.519996643066399,-5.749999999999993,0.0,1.3599967956542898,-4.920001983642578,2.7000045776367045,7.150001525878892,1.8699951171875,0.4300079345702841,-3.150001525878892,3.6999969482421875,7.0,5.0,08-23,0.39249960581461174
07-25,-1.2000007629394531,2.519996643066399,-5.05999755859375,0.0,0.5799980163574148,-4.920001983642578,3.3499984741210795,7.150001525878892,1.5199966430664062,4.3899993896484375,-1.150001525878892,5.099998474121094,7.0,5.0,08-24,1.0233322779337541
07-26,1.4499969482421875,2.519996643066399,-4.700000762939453,0.0,0.5799980163574148,-4.920001983642578,3.3499984741210795,7.150001525878892,1.5199966430664062,4.04998779296875,-1.150001525878892,5.099998474121094,8.0,4.0,08-25,1.2458308537801084
07-27,1.4499969482421875,2.519996643066399,-4.349998474121094,0.0,0.5799980163574148,-4.920001983642578,3.3499984741210795,7.150001525878892,-0.23000335693359375,4.04998779296875,-1.150001525878892,5.099998474121094,7.0,5.0,08-26,1.129164377848305
07-28,1.3999977111816406,2.519996643066399,-6.189998626708984,0.0,0.5799980163574148,-4.920001983642578,3.0499954223632955,7.150001525878892,-0.23000335693359375,4.04998779296875,1.6500015258789062,8.010002136230469,8.0,4.0,08-27,1.422498067220051
07-29,2.75,2.519996643066399,-6.189998626708984,0.0,0.5799980163574148,-4.920001983642578,1.4000015258789205,7.150001525878892,-0.23000335693359375,4.29998779296875,1.6500015258789062,8.010002136230469,8.0,4.0,08-28,1.4183320999145497
07-30,2.75,2.519996643066399,-4.450000762939453,0.0,0.5799980163574148,-4.920001983642578,1.4000015258789205,7.150001525878892,-0.8700027465820455,4.29998779296875,5.0,8.010002136230469,8.0,4.0,08-29,1.7891651789347307
07-31,1.0499992370605469,2.519996643066399,-4.450000762939453,0.0,0.5799980163574148,-4.920001983642578,0.5,7.150001525878892,-0.8700027465820455,5.029998779296875,5.75,8.010002136230469,8.0,4.0,08-30,1.6958325703938766
08-01,0.1999969482421875,2.519996643066399,-4.450000762939453,0.0,0.5799980163574148,-4.920001983642578,0.19999694824221592,7.150001525878892,-0.8700027465820455,8.0,5.75,5.160003662109375,8.0,4.0,08-31,1.6099990208943673
08-02,0.1999969482421875,2.519996643066399,-4.760002136230469,0.0,0.0,-4.920001983642578,0.04000091552735796,7.150001525878892,-0.8700027465820455,8.0,7.25,5.410003662109375,7.0,5.0,09-01,1.6683327356974267
08-03,0.1999969482421875,0.0,-4.760002136230469,0.0,0.0,-4.470001220703125,0.04000091552735796,7.150001525878892,-0.8700027465820455,8.0,7.25,3.1500015258789062,6.0,6.0,09-02,1.307499567667642
08-04,0.5,-1.8999977111816335,-4.760002136230469,0.0,0.0,-4.470001220703125,0.04000091552735796,7.150001525878892,-0.8700027465820455,8.0,7.25,3.1500015258789062,6.0,6.0,09-03,1.1741666793823236
08-05,0.7999992370605469,-1.8999977111816335,-2.1599998474121094,0.0,0.0,-4.470001220703125,0.04000091552735796,7.150001525878892,-0.8700027465820455,8.0,7.25,2.9000015258789062,6.0,6.0,09-04,1.3950001398722325
08-06,2.3899993896484375,-1.8999977111816335,-2.1599998474121094,0.0,0.0,-4.470001220703125,0.04000091552735796,7.150001525878892,-0.8700027465820455,8.0,10.049995422363295,2.9000015258789062,6.0,6.0,09-05,1.760833104451498
08-07,1.9499969482421875,-1.8999977111816335,-2.1599998474121094,0.0,0.0,-4.470001220703125,0.04000091552735796,7.150001525878892,-0.8700027465820455,8.0,10.049995422363295,2.9000015258789062,6.0,6.0,09-06,1.7241662343343105
08-08,1.75,-1.8999977111816335,-2.3499984741210938,0.0,0.0,-4.470001220703125,-0.45999908447264204,7.150001525878892,0.09999847412109375,4.0399932861328125,10.049995422363295,2.9000015258789062,6.0,6.0,09-07,1.4008328119913755
08-09,4.550003051757805,-1.8999977111816335,0.22999954223632812,0.0,0.0,-4.470001220703125,-0.45999908447264204,7.150001525878892,0.09999847412109375,4.0399932861328125,6.150001525878892,2.9000015258789062,7.0,5.0,09-08,1.5241667429606107
08-10,4.550003051757805,-1.1899986267089773,0.22999954223632812,0.0,1.3900032043457102,-4.470001220703125,-0.45999908447264204,5.180000305175781,0.09999847412109375,4.0399932861328125,6.150001525878892,3.30999755859375,8.0,4.0,09-09,1.569166501363119
08-11,5.249999999999993,-1.0799980163574148,0.22999954223632812,0.0,1.3900032043457102,-4.470001220703125,-0.45999908447264204,5.180000305175781,0.09999847412109375,2.8699951171875,6.150001525878892,3.30999755859375,8.0,4.0,09-10,1.539166450500489
08-12,5.249999999999993,-1.0799980163574148,0.22999954223632812,0.0,1.3900032043457102,-5.290000915527344,-0.45999908447264204,5.180000305175781,-0.849998474121108,4.529998779296875,8.5,3.30999755859375,7.0,5.0,09-11,1.7258335749308273
08-13,5.249999999999993,-1.0799980163574148,0.2999992370605469,0.0,1.3900032043457102,-5.290000915527344,-0.45999908447264204,4.9499969482421875,-0.6399993896484375,4.529998779296875,8.5,3.30999755859375,7.0,5.0,09-12,1.7299998601277686
08-14,5.249999999999993,-1.0799980163574148,-1.3300018310546804,0.0,1.3900032043457102,-5.290000915527344,-0.45999908447264204,3.7900009155273438,-0.3999938964844034,6.330001831054716,8.5,-4.150001525878906,5.0,7.0,09-13,1.0458342234293643
08-15,5.249999999999993,-1.0799980163574148,-1.9300003051757812,0.0,1.3900032043457102,-0.3699989318847656,-1.1100006103515625,3.7900009155273438,-0.3999938964844034,6.330001831054716,8.5,-4.150001525878906,5.0,7.0,09-14,1.351667722066244
08-16,5.249999999999993,-1.0799980163574148,-2.750000000000007,0.0,1.3900032043457102,-0.3699989318847656,0.46999359130857954,-3.3600006103515483,-0.3999938964844034,6.330001831054716,8.5,-4.150001525878906,5.0,7.0,09-15,0.8191671371459961
08-17,5.249999999999993,-1.0799980163574148,-3.029998779296882,0.0,1.3900032043457102,-0.3699989318847656,0.46999359130857954,-2.1000061035155966,0.780006408691392,6.330001831054716,8.5,-4.150001525878906,6.0,6.0,09-16,0.9991668065389021
08-18,6.700000762939446,-1.0799980163574148,-0.849998474121108,0.0,2.3100013732910227,-0.3699989318847656,0.46999359130857954,-2.1000061035155966,0.780006408691392,4.440002441406278,5.9500045776367045,-1.8499984741210938,6.0,6.0,09-17,1.2000007629394538
08-19,6.700000762939446,-1.0799980163574148,-0.849998474121108,0.0,2.3100013732910227,-0.3699989318847656,0.25,-2.1000061035155966,0.780006408691392,9.559997558593778,4.350006103515597,-1.8499984741210938,6.0,6.0,09-18,1.4750010172526047
08-20,6.700000762939446,-1.0799980163574148,0.45999908447265625,0.0,2.3100013732910227,-0.25,-0.399993896484375,-2.1000061035155966,0.780006408691392,11.209991455078153,4.350006103515597,-1.8499984741210938,6.0,6.0,09-19,1.6775007247924822
08-21,4.050003051757805,-1.0799980163574148,0.45999908447265625,0.0,2.9099998474121165,-0.25,-0.399993896484375,-2.1000061035155966,2.5800018310546875,10.809997558593778,3.650001525878892,-1.8499984741210938,6.0,6.0,09-20,1.5650005340576214
08-22,4.050003051757805,-1.0799980163574148,-0.5700035095214915,0.0,2.9099998474121165,-0.25,-0.399993896484375,-2.1000061035155966,2.5800018310546875,6.850006103515625,3.650001525878892,-1.8499984741210938,5.0,7.0,09-21,1.1491676966349296
08-23,4.050003051757805,-1.0799980163574148,-0.75,0.0,2.9099998474121165,0.3500022888183594,0.3300018310547017,-2.1000061035155966,2.5800018310546875,6.850006103515625,0.8499984741210938,-1.8499984741210938,7.0,5.0,09-22,1.011667569478357
08-24,4.050003051757805,0.5900001525878977,-1.1000022888183594,0.0,2.9099998474121165,0.3500022888183594,0.3300018310547017,-2.1000061035155966,2.5800018310546875,6.600006103515625,0.8499984741210938,-7.799995422363281,8.0,4.0,09-23,0.6050008138020875
08-25,4.050003051757805,0.7900009155273509,-1.1000022888183594,0.0,2.9099998474121165,0.3500022888183594,-0.4199981689452983,-2.1000061035155966,3.220001220703139,6.600006103515625,0.8499984741210938,-10.099998474121094,7.0,5.0,09-24,0.4208339055379285
08-26,4.050003051757805,0.7900009155273509,-1.1000022888183594,0.0,2.9099998474121165,0.3500022888183594,1.2299957275390767,-2.1000061035155966,3.220001220703139,6.600006103515625,-0.34999847412109375,-9.110000610351562,7.0,5.0,09-25,0.5408334732055717
08-27,4.050003051757805,0.7900009155273509,-1.1000022888183594,0.0,2.9099998474121165,0.3500022888183594,1.1800003051757812,-2.1000061035155966,3.220001220703139,6.600006103515625,-3.6999969482421875,-6.260002136230469,7.0,5.0,09-26,0.49500052134196376
08-28,4.050003051757805,0.030002593994140625,-3.650001525878899,0.0,2.9099998474121165,-0.09999847412109375,1.3399963378906392,-2.1000061035155966,3.220001220703139,5.8699951171875,-5.099998474121094,-6.510002136230469,6.0,6.0,09-27,-0.003334045410150921
08-29,4.050003051757805,0.030002593994140625,-3.650001525878899,0.0,2.9099998474121165,-0.09999847412109375,0.0099945068359375,-2.1000061035155966,3.220001220703139,2.899993896484375,-5.099998474121094,-4.25,6.0,6.0,09-28,-0.17333412170409743
08-30,4.050003051757805,1.6500015258789134,-3.3400001525878835,0.0,2.9099998474121165,-0.09999847412109375,0.0099945068359375,-2.1000061035155966,3.220001220703139,2.899993896484375,-5.099998474121094,-4.25,6.0,6.0,09-29,-0.012500762939448387
08-31,4.050003051757805,1.6500015258789134,-2.979999542236328,0.0,2.9099998474121165,-4.779998779296875,1.0,-2.1000061035155966,3.220001220703139,2.899993896484375,-5.099998474121094,-4.25,6.0,6.0,09-30,-0.290000279744462
09-01,4.050003051757805,3.549999237060547,-2.979999542236328,0.0,4.0,-4.779998779296875,-0.3899993896484375,-2.1000061035155966,3.220001220703139,2.709991455078125,-5.099998474121094,-4.25,5.0,7.0,10-01,-0.17250061035155953
09-02,4.050003051757805,3.549999237060547,-2.7900009155273438,0.0,4.0,-4.779998779296875,-0.3899993896484375,-2.1000061035155966,2.25,2.709991455078125,-2.400001525878892,-4.0,5.0,7.0,10-02,0.008332252502444367
09-03,1.25,3.549999237060547,-2.7900009155273438,0.0,4.0,-4.779998779296875,-0.3899993896484375,-2.1000061035155966,2.25,1.8499908447265625,-2.400001525878892,-4.0,5.0,7.0,10-03,-0.2966680526733363
09-04,1.25,2.8400001525878906,-2.7900009155273438,0.0,4.0,-4.779998779296875,-0.3899993896484375,-2.1000061035155966,2.25,1.8499908447265625,-7.9499969482421875,-4.409996032714844,5.0,7.0,10-04,-0.8525005976359026
09-05,0.0,2.8400001525878906,-2.7900009155273438,0.0,2.6099967956542898,-4.779998779296875,-0.3899993896484375,-2.1000061035155966,2.25,2.3800048828125,-7.9499969482421875,-2.6100006103515625,4.0,8.0,10-05,-0.8783334096272769
09-06,0.25,2.8400001525878906,-2.7900009155273438,0.0,2.6099967956542898,-4.779998779296875,-0.3899993896484375,-2.1000061035155966,0.3000030517578125,3.5500030517578125,-7.9499969482421875,-2.6100006103515625,5.0,7.0,10-06,-0.9224999745686832
09-07,0.25,3.729999542236328,-5.090000152587894,0.0,2.6099967956542898,-4.779998779296875,-0.3899993896484375,-0.1300048828124858,0.3000030517578125,1.8899993896484375,-14.169998168945327,-2.6100006103515625,5.0,7.0,10-07,-1.5325002670288095
09-08,3.3999977111816477,3.6199989318847656,-5.159999847412113,0.0,2.6099967956542898,-4.779998779296875,-0.3899993896484375,0.09999847412110796,0.09000396728514204,-1.340011596679716,-13.049995422363295,-2.6100006103515625,5.0,7.0,10-08,-1.4591674804687538
09-09,3.6499977111816477,3.6199989318847656,-3.5299987792968857,0.0,2.6099967956542898,-3.259998321533196,2.2599945068359375,1.2599945068359517,-0.15000152587889204,-1.340011596679716,-13.049995422363295,-1.1199951171875,5.0,7.0,10-09,-0.7541681925455744
09-10,3.6499977111816477,3.6199989318847656,-2.930000305175785,0.0,2.6099967956542898,-3.259998321533196,2.2599945068359375,1.2599945068359517,-0.15000152587889204,-1.529998779296875,-13.049995422363295,-1.1199951171875,5.0,7.0,10-10,-0.7200005849202459
09-11,3.6499977111816477,3.6199989318847656,-1.5900001525878977,0.0,2.6099967956542898,-3.259998321533196,0.6800003051757955,1.2599945068359517,0.3600006103515767,-1.529998779296875,-13.049995422363295,-1.1199951171875,6.0,6.0,10-11,-0.6974999109903948
09-12,4.549999237060554,3.6199989318847656,-1.5900001525878977,0.0,2.6099967956542898,-3.259998321533196,0.6800003051757955,4.05999755859375,0.3600006103515767,-8.080001831054716,-13.049995422363295,-1.1199951171875,6.0,6.0,10-12,-0.9349997838338228
09-13,4.75,3.6199989318847656,-2.0,0.0,1.6899986267089773,-5.329998016357429,0.6800003051757955,4.05999755859375,0.3600006103515767,-8.080001831054716,-10.5,1.350006103515625,7.0,5.0,10-13,-0.7833331425984712
09-14,4.75,3.6199989318847656,-2.0,0.0,1.6899986267089773,-5.329998016357429,0.6800003051757955,2.8000030517577983,0.3600006103515767,-13.199996948242216,-8.900001525878892,1.350006103515625,7.0,5.0,10-14,-1.1816657384236666
09-15,4.75,5.6100006103515625,-4.000000000000007,0.0,1.6899986267089773,-5.329998016357429,0.6800003051757955,2.8000030517577983,0.3600006103515767,-16.289993286132812,-8.900001525878892,-3.5,6.0,6.0,10-15,-1.8441658020019525
09-16,5.549999237060554,5.6100006103515625,-4.000000000000007,0.0,1.6899986267089773,-5.329998016357429,0.899993896484375,2.8000030517577983,-1.4399948120117188,-16.329986572265597,-9.050003051757798,-3.5,5.0,7.0,10-16,-1.9249989191691068
09-17,5.549999237060554,5.6100006103515625,-2.9699974060058594,0.0,1.6899986267089773,-5.449996948242195,0.899993896484375,2.8000030517577983,-1.4399948120117188,-18.79999542236328,-9.050003051757798,-3.5,5.0,7.0,10-17,-2.0549993515014653
09-18,5.549999237060554,7.8600006103515625,-2.9699974060058594,0.0,1.0900001525878835,-6.049999237060554,0.1699981689452983,2.8000030517577983,-1.4399948120117188,-13.25,-8.349998474121094,-3.5,5.0,7.0,10-18,-1.5074990590413442
09-19,5.549999237060554,7.810001373291016,-2.9699974060058594,0.0,1.0900001525878835,-6.049999237060554,-0.2799987792968892,2.8000030517577983,-1.4399948120117188,-12.25,-8.349998474121094,-0.0500030517578125,4.0,8.0,10-19,-1.1783323287963896
09-20,5.549999237060554,7.810001373291016,-3.1499977111816477,0.0,1.0900001525878835,-6.049999237060554,-0.2799987792968892,2.8000030517577983,-1.4399948120117188,-12.25,-8.349998474121094,3.149993896484375,5.0,7.0,10-20,-0.9266659418741897
09-21,5.549999237060554,6.140003204345703,-0.20999908447264914,0.0,1.0900001525878835,-7.030002593994141,0.37000274658201704,2.8000030517577983,-1.4399948120117188,-12.25,-14.010002136230469,3.149993896484375,6.0,6.0,10-21,-1.3199996948242205
09-22,3.8999977111816477,5.19000244140625,-0.20999908447264914,0.0,1.0900001525878835,-7.030002593994141,0.900001525878892,2.8000030517577983,-1.4399948120117188,-9.149993896484375,-15.900001525878906,4.6699981689453125,6.0,6.0,10-22,-1.2649990717570005
09-23,3.799999237060554,5.95000076293946,2.3400001525878906,0.0,1.0900001525878835,-7.030002593994141,0.900001525878892,2.8000030517577983,-1.4399948120117188,-9.149993896484375,-15.900001525878906,0.9499969482421875,7.0,5.0,10-23,-1.3074992497762061
09-24,3.799999237060554,5.95000076293946,1.200000762939446,0.0,5.400001525878906,-8.5,2.2300033569335938,2.8000030517577983,-1.4399948120117188,-9.149993896484375,-15.900001525878906,0.9499969482421875,7.0,5.0,10-24,-1.0549987157185878
09-25,3.799999237060554,4.3300018310546875,1.200000762939446,0.0,5.400001525878906,-8.5,2.2300033569335938,2.8000030517577983,-4.989997863769531,-13.449996948242216,-14.5,0.9499969482421875,7.0,5.0,10-25,-1.7274990081787145
09-26,3.799999237060554,3.9000015258789134,2.940002441406243,0.0,5.400001525878906,-3.8199996948242188,1.2399978637695312,2.8000030517577983,-4.989997863769531,-12.399993896484375,-14.5,0.9499969482421875,7.0,5.0,10-26,-1.2233324050903327
09-27,3.799999237060554,3.9000015258789134,2.940002441406243,0.0,4.310001373291023,-3.4900016784667898,4.30999755859375,2.8000030517577983,-4.989997863769531,-12.209991455078125,-14.5,2.6100006103515625,7.0,5.0,10-27,-0.8766654332478835
09-28,3.799999237060554,3.9000015258789134,1.7400016784667969,0.0,4.310001373291023,-3.4900016784667898,4.30999755859375,2.8000030517577983,-4.989997863769531,-12.209991455078125,-17.1999969482422,2.6100006103515625,7.0,5.0,10-28,-1.2016652425130208
09-29,3.799999237060554,3.9000015258789134,1.7400016784667969,0.0,4.310001373291023,-3.4900016784667898,5.6999969482421875,2.8000030517577983,-4.989997863769531,-9.069992065429688,-19.08999633789064,2.6100006103515625,7.0,5.0,10-29,-0.981665293375651
09-30,1.8499984741211009,3.9000015258789134,1.7400016784667969,0.0,4.310001373291023,-3.4900016784667898,5.6999969482421875,2.8000030517577983,-9.650001525878892,-9.069992065429688,-19.4499969482422,-5.690002441406236,6.0,6.0,10-30,-2.254165967305499
10-01,1.8499984741211009,3.9000015258789134,3.5400009155273438,0.0,4.310001373291023,-3.4900016784667898,5.6999969482421875,2.8000030517577983,-9.650001525878892,-15.299995422363281,-20.5,-7.489997863769517,6.0,6.0,10-31,-2.8608328501383427
10-02,1.5999984741211009,3.6300010681152344,3.5400009155273438,0.0,4.310001373291023,-3.4900016784667898,5.6999969482421875,2.8000030517577983,-9.650001525878892,-19.199996948242188,-14.950004577636705,-7.489997863769517,6.0,6.0,11-01,-2.76666673024495
10-03,1.549999237060554,3.6300010681152344,3.5400009155273438,0.0,4.310001373291023,-3.4900016784667898,5.6999969482421875,2.8000030517577983,-9.650001525878892,-15.770004272460938,-11.080001831054673,-8.739997863769517,6.0,6.0,11-02,-2.266667048136389
10-04,1.549999237060554,3.6300010681152344,0.5200004577636719,0.0,4.310001373291023,-3.4900016784667898,5.6999969482421875,2.8000030517577983,-8.010002136230469,-12.539993286132784,-12.200004577636705,-10.739997863769517,6.0,6.0,11-03,-2.3724997838338164
10-05,0.04999923706055398,4.520000457763672,2.8199996948242223,0.0,4.310001373291023,-3.4900016784667898,5.6999969482421875,2.8000030517577983,-8.010002136230469,-12.539993286132784,-9.25,-10.739997863769517,6.0,6.0,11-04,-1.985832850138342
10-06,-3.0999984741210938,4.520000457763672,2.8199996948242223,0.0,4.310001373291023,-1.7700004577636719,5.6999969482421875,2.8000030517577983,-8.010002136230469,-12.350006103515625,-11.650001525878906,-6.6399993896484375,5.0,7.0,11-05,-1.947500546773275
10-07,-1.7299995422363281,4.520000457763672,1.4799995422363352,0.0,4.310001373291023,-2.470001220703132,3.0500030517578125,2.8000030517577983,-8.520004272460938,-12.350006103515625,-11.650001525878906,-3.720001220703125,5.0,7.0,11-06,-2.023333867390951
10-08,-2.6300010681152344,4.520000457763672,1.4799995422363352,0.0,4.310001373291023,-2.470001220703132,3.0500030517578125,0.0,-8.520004272460938,-12.350006103515625,-11.870002746582031,-3.720001220703125,4.0,8.0,11-07,-2.3500010172526036
10-09,-2.8300018310546804,3.740001678466797,2.25,0.0,4.310001373291023,-0.40000152587889914,3.0500030517578125,0.0,-8.520004272460938,-4.5,-12.950004577636705,-6.19000244140625,4.0,8.0,11-08,-1.8366673787434866
10-10,-2.8300018310546804,3.740001678466797,2.25,0.0,4.310001373291023,-0.40000152587889914,3.0500030517578125,0.0,-8.520004272460938,1.050003051757841,-12.950004577636705,-5.220001220703125,5.0,7.0,11-09,-1.2933336893717395
10-11,-2.8300018310546804,2.799999237060547,2.25,0.0,4.310001373291023,-0.40000152587889914,1.6500015258789062,0.0,-8.520004272460938,2.4900054931640625,-12.950004577636705,-5.220001220703125,5.0,7.0,11-10,-1.3683338165283174
10-12,-2.8300018310546804,3.4599990844726562,1.290000915527358,0.0,4.310001373291023,-0.40000152587889914,1.1500015258789062,0.0,-8.520004272460938,2.5299987792968466,-10.25,-5.220001220703125,5.0,7.0,11-11,-1.206667264302571
10-13,-2.460002899169922,1.4699974060058594,1.290000915527358,0.0,4.310001373291023,-0.40000152587889914,1.1500015258789062,0.0,-8.520004272460938,5.010002136230469,-10.25,-2.6699981689453125,5.0,7.0,11-12,-0.9225002924601213
10-14,-3.260002136230476,-0.7800025939941406,1.290000915527358,0.0,4.310001373291023,-0.40000152587889914,1.1500015258789062,0.0,-8.520004272460938,5.010002136230469,-12.949996948242202,-2.6699981689453125,4.0,8.0,11-13,-1.401666641235351
10-15,-3.260002136230476,-0.7300033569335938,1.290000915527358,0.0,4.310001373291023,-0.40000152587889914,1.5999984741210938,0.0,-8.520004272460938,3.1500015258789062,-13.550003051757798,-0.1699981689453125,4.0,8.0,11-14,-1.3566675186157198
10-16,-3.260002136230476,-0.7300033569335938,1.7000007629394602,0.0,4.310001373291023,-0.40000152587889914,1.5999984741210938,0.0,-8.520004272460938,-1.550003051757784,-13.550003051757798,-3.3699951171875,3.0,9.0,11-15,-1.9808343251546177
10-17,-3.260002136230476,-0.7300033569335938,1.0,0.0,4.310001373291023,0.5800018310546875,0.9499969482421875,0.0,-8.520004272460938,-4.400001525878906,-6.690002441406236,9.300003051757812,5.0,7.0,11-16,-0.6216675440470366
10-18,-3.260002136230476,-2.3000030517578125,1.020000457763679,0.0,4.310001373291023,0.5800018310546875,-0.31999969482421875,0.0,-8.520004272460938,-7.500007629394531,-4.800003051757798,10.600006103515625,4.0,8.0,11-17,-0.8491675059000633
10-19,-4.350002288818359,-3.4000015258789062,-1.9199981689453196,0.0,4.310001373291023,0.5800018310546875,1.1599960327148438,0.0,-8.520004272460938,-7.500007629394531,-4.800003051757798,10.600006103515625,4.0,8.0,11-18,-1.153334299723306
10-20,-2.700000762939453,-2.6500015258789062,-0.779998779296875,0.0,4.310001373291023,1.5400009155273438,3.94000244140625,0.0,-8.520004272460938,-7.450004577636719,-1.5500030517577983,10.830001831054688,4.0,8.0,11-19,-0.2525005340576154
10-21,-2.6000022888183594,-2.6500015258789062,-0.779998779296875,0.0,4.310001373291023,1.5400009155273438,3.2699966430664062,0.0,-4.709999084472656,-6.70001220703125,-1.5500030517577983,13.560005187988281,4.0,8.0,11-20,0.3074989318847674
10-22,-2.6000022888183594,-2.220001220703132,-2.520000457763672,0.0,0.0,3.009998321533203,3.2699966430664062,0.0,-4.709999084472656,-10.04000854492186,1.779998779296875,13.560005187988281,4.0,8.0,11-21,-0.039167722066242895
10-23,-2.6000022888183594,-2.220001220703132,-2.520000457763672,0.0,0.0,2.680000305175774,0.1999969482421875,0.0,-4.709999084472656,-5.74000549316402,2.25,11.900001525878906,4.0,8.0,11-22,-0.0633341471354143
10-24,-2.6000022888183594,-2.220001220703132,-2.520000457763672,0.0,0.0,2.680000305175774,0.1999969482421875,3.8000030517577983,-4.709999084472656,-8.050003051757827,2.25,11.900001525878906,5.0,7.0,11-23,0.06083297729491832
10-25,-2.6000022888183594,-2.220001220703132,-2.520000457763672,0.0,0.0,2.680000305175774,0.44000244140625,3.8000030517577983,-6.010002136230469,-10.330001831054702,4.1399993896484375,11.900001525878906,5.0,7.0,11-24,-0.06000010172526397
10-26,-2.6000022888183594,-2.220001220703132,-4.500001907348633,0.0,0.0,4.170001983642571,0.44000244140625,3.8000030517577983,-1.349998474121108,-10.330001831054702,3.4000015258789062,11.900001525878906,5.0,7.0,11-25,0.2258337338765415
10-27,-2.6000022888183594,-2.220001220703132,-6.30000114440918,0.0,0.0,4.170001983642571,0.44000244140625,3.8000030517577983,-1.349998474121108,-2.8100051879882812,3.25,11.900001525878906,5.0,7.0,11-26,0.6900000572204554
10-28,-0.6500015258789062,-1.9500007629394531,-6.30000114440918,0.0,-0.4500007629394531,4.170001983642571,0.1100006103515625,3.8000030517577983,-1.349998474121108,-2.8100051879882812,3.25,20.200004577636705,5.0,7.0,11-27,1.5016668637593547
10-29,-0.6000022888183594,-1.9500007629394531,-6.30000114440918,0.0,-0.4500007629394531,4.170001983642571,0.1100006103515625,3.8000030517577983,-1.349998474121108,-3.349998474121108,4.300003051757798,21.450004577636705,5.0,7.0,11-28,1.6525009473164811
10-30,-0.6000022888183594,-1.9500007629394531,-6.30000114440918,0.0,-0.4500007629394531,4.170001983642571,0.1100006103515625,3.8000030517577983,-1.349998474121108,0.5500030517577983,2.650001525878892,23.450004577636705,6.0,6.0,11-29,2.0066676139831476
10-31,0.8999977111816406,-1.9500007629394531,-6.30000114440918,0.0,-0.4500007629394531,4.170001983642571,0.1100006103515625,3.8000030517577983,-2.1399993896484375,-1.75,-0.3000030517578125,23.450004577636705,5.0,7.0,11-30,1.6283335685729952
11-01,0.8999977111816406,-1.9500007629394531,-3.220001220703125,0.0,-0.4500007629394531,2.450000762939453,0.1100006103515625,3.8000030517577983,-3.8899993896484375,-1.75,2.0999984741210938,23.450004577636705,6.0,6.0,12-01,1.795833587646482
11-02,0.8999977111816406,-6.930000305175774,-2.4799995422363317,0.0,-0.4500007629394531,2.450000762939453,1.1299972534179688,3.8000030517577983,-3.8899993896484375,-1.75,2.8499984741210938,23.450004577636705,6.0,6.0,12-02,1.5900001525878886
11-03,1.5,-6.930000305175774,-2.4799995422363317,0.0,-0.4500007629394531,3.3499984741210938,1.1299972534179688,3.8000030517577983,-3.8899993896484375,-0.3899993896484375,2.8499984741210938,19.350006103515625,6.0,6.0,12-03,1.486666997273762
11-04,0.22999954223632812,-6.150001525878899,-3.2499999999999964,0.0,-0.4500007629394531,3.3499984741210938,1.1299972534179688,3.8000030517577983,-3.8899993896484375,-1.0999984741210938,-1.3000030517577983,14.94000244140625,5.0,7.0,12-04,0.6091664632161468
11-05,0.22999954223632812,-6.150001525878899,-3.6400012969970597,0.0,-0.4500007629394531,3.3499984741210938,1.1299972534179688,3.8000030517577983,-3.8899993896484375,-1.0999984741210938,-1.9199981689453125,13.970001220703125,5.0,7.0,12-05,0.44416666030883817
11-06,0.22999954223632812,-5.209999084472649,-3.590000152587887,0.0,-0.4500007629394531,3.3499984741210938,2.529998779296875,3.8000030517577983,-2.589996337890639,-7.500007629394531,2.2000045776367045,13.970001220703125,6.0,6.0,12-06,0.5616668065388971
11-07,0.22999954223632812,-2.2099990844726562,-3.590000152587887,0.0,-0.4500007629394531,3.3499984741210938,4.900001525878906,3.8000030517577983,-2.589996337890639,-9.850006103515625,-0.34999847412109375,13.970001220703125,5.0,7.0,12-07,0.6008335749308248
11-08,0.22999954223632812,-2.2099990844726562,-3.5799999237060476,0.0,-0.4500007629394531,3.3499984741210938,4.900001525878906,3.8000030517577983,-2.589996337890639,-9.860000610351562,-0.34999847412109375,13.970001220703125,5.0,7.0,12-08,0.6008340517679832
11-09,0.9300003051757812,-2.8699989318847656,-2.2700023651123153,0.0,-0.4500007629394531,3.3499984741210938,4.900001525878906,3.8000030517577983,-2.589996337890639,-9.860000610351562,1.8999938964844034,13.970001220703125,6.0,6.0,12-09,0.900833288828531
11-10,0.5600013732910227,-2.8699989318847656,-2.2700023651123153,0.0,-0.4500007629394531,3.3499984741210938,4.900001525878906,3.8000030517577983,-2.589996337890639,-8.0,1.8999938964844034,13.970001220703125,6.0,6.0,12-10,1.0250000953674314
11-11,-1.9399986267089773,-2.8699989318847656,-2.6800022125244176,0.0,-0.4500007629394531,3.3499984741210938,4.900001525878906,3.8000030517577983,-3.1100006103515625,-8.0,2.099998474121108,13.970001220703125,5.0,7.0,12-11,0.7558334668477379
11-12,-1.9399986267089773,-2.8699989318847656,-4.150001525878896,0.0,-0.4500007629394531,3.75,4.900001525878906,3.8000030517577983,-3.1100006103515625,-11.599998474121094,2.7600021362304545,1.3000030517578125,5.0,7.0,12-12,-0.6341657638549814
11-13,-1.9399986267089773,-2.4699974060058665,-3.340000152587887,0.0,-0.4500007629394531,3.75,6.1699981689453125,3.8000030517577983,-3.1100006103515625,-9.389999389648452,1.75,0.0,4.0,8.0,12-13,-0.43583297729492393
11-14,-0.8499984741210938,-2.029998779296875,-4.020000457763665,0.0,-0.4500007629394531,3.75,4.69000244140625,3.8000030517577983,-3.1100006103515625,-7.5400009155273295,1.75,0.0,4.0,8.0,12-14,-0.3341662089029942
11-15,-0.8499984741210938,-2.029998779296875,-4.040000915527344,0.0,-0.4500007629394531,2.7900009155273438,4.69000244140625,3.8000030517577983,-3.1100006103515625,-7.590003967285142,-1.5,0.0,3.0,9.0,12-15,-0.6908330917358398
11-16,-0.8499984741210938,-1.029998779296868,-5.040000915527344,0.0,-0.4500007629394531,2.7900009155273438,4.69000244140625,2.3499984741210938,-3.3700027465820312,-8.33999633789061,-2.5,0.0,3.0,9.0,12-16,-0.9791663487752261
11-17,-0.8499984741210938,-1.4000015258789062,-5.040000915527344,0.0,-0.4500007629394531,2.7900009155273438,2.1299972534179688,2.3499984741210938,-3.3700027465820312,-4.159996032714858,-2.2999954223632955,0.0,3.0,9.0,12-17,-0.858333269755048
11-18,-0.8499984741210938,-1.4000015258789062,-5.040000915527344,0.0,-0.4500007629394531,2.7900009155273438,2.8000030517578125,2.3499984741210938,-3.3700027465820312,-7.809997558593764,2.0500030517577983,0.0,4.0,8.0,12-18,-0.7441663742065453
11-19,-0.8499984741210938,-1.4000015258789062,-4.850000381469727,0.0,-0.4500007629394531,2.7900009155273438,2.8000030517578125,-1.4500045776367045,-3.3700027465820312,-8.309997558593764,-1.0800018310546733,0.0,2.0,10.0,12-19,-1.3475003242492665
11-20,-0.8499984741210938,-1.4000015258789062,-4.430000305175781,0.0,-0.4500007629394531,2.7900009155273438,2.55999755859375,-1.4500045776367045,-3.3700027465820312,-7.050003051757798,1.25,0.0,3.0,8.0,12-20,-1.033334414164223
11-21,-0.8499984741210938,-3.8499984741210938,-4.30000114440918,0.0,-0.4500007629394531,1.2999992370605469,2.4099960327148438,-1.3500061035155966,-2.0699996948242188,-8.039993286132827,2.3499984741210938,0.0,3.0,8.0,12-21,-1.2375003496805814
11-22,-0.8499984741210938,-3.8499984741210938,-1.4799995422363281,0.0,-0.4500007629394531,1.2999992370605469,2.4099960327148438,-1.5500030517577983,-2.0699996948242188,-8.039993286132827,2.5,0.0,3.0,8.0,12-22,-1.0066665013631184
11-23,1.1200027465820384,-3.8499984741210938,-1.0,0.0,0.0,1.2999992370605469,2.4099960327148438,-1.5500030517577983,-2.0699996948242188,-8.039993286132827,2.5,0.0,4.0,7.0,12-23,-0.7649997075398757
11-24,1.1200027465820384,-3.8499984741210938,-1.0,0.0,0.0,1.2999992370605469,2.7399978637695312,-1.5500030517577983,-2.0699996948242188,-7.350006103515597,1.489997863769517,0.0,4.0,7.0,12-24,-0.7641674677530895
11-25,1.1200027465820384,-3.8499984741210938,-1.0,0.0,0.0,1.2999992370605469,2.7399978637695312,-1.5500030517577983,-2.0699996948242188,-7.350006103515597,1.489997863769517,0.0,4.0,7.0,12-25,-0.7641674677530895
11-26,1.1200027465820384,-3.8499984741210938,-1.0,0.0,0.0,1.2999992370605469,2.7399978637695312,-1.5500030517577983,-2.0699996948242188,-10.050003051757798,4.540000915527344,0.0,4.0,7.0,12-26,-0.7350002924601208
11-27,1.1200027465820384,-3.4599990844726562,-1.100000381469723,0.0,0.0,1.2999992370605469,2.7399978637695312,-1.5500030517577983,-2.0699996948242188,-9.200004577636705,3.7399978637695312,0.0,4.0,7.0,12-27,-0.7066674232482878
11-28,1.1200027465820384,-3.5999984741210938,-0.4400005340576172,0.0,0.0,1.2999992370605469,1.720001220703125,-1.5500030517577983,-1.2799987792968892,-6.900001525878906,3.7399978637695312,0.0,4.0,7.0,12-28,-0.49083344141642193
11-29,1.25,-3.6500015258789134,0.1800003051757848,0.0,0.0,0.40000152587890625,0.6700057983398438,-1.5500030517577983,0.779998779296875,-8.260002136230469,3.7399978637695312,0.0,6.0,5.0,12-29,-0.5366668701171866
11-30,1.6000022888183594,-0.45000076293946734,-0.5600013732910085,0.0,0.0,0.40000152587890625,-0.12999725341796875,-1.5500030517577983,0.779998779296875,-7.5500030517578125,10.91000366210936,0.0,4.0,7.0,12-30,0.28750006357828717
12-01,1.0,-0.45000076293946734,-0.1700000762939453,0.0,0.0,0.40000152587890625,-0.12999725341796875,-1.5500030517577983,0.779998779296875,-11.30999755859375,9.5,0.0,4.0,7.0,12-31,-0.16083319981892905
12-02,0.6500015258789062,-0.45000076293946734,-0.2200012207031179,0.0,0.0,0.40000152587890625,-0.12999725341796875,-1.5500030517577983,-0.5200042724609233,-11.30999755859375,9.5,0.0,3.0,8.0,01-01,-0.30250008900960107
12-03,0.6500015258789062,-3.4500007629394602,-0.2200012207031179,0.0,0.0,0.40000152587890625,-2.0,-1.5500030517577983,-0.5200042724609233,-11.30999755859375,9.639999389648438,0.0,3.0,8.0,01-02,-0.6966670354207333
12-04,0.6500015258789062,-2.80999755859375,-0.6599998474121094,0.0,0.0,0.40000152587890625,-2.0,-1.5500030517577983,-0.5200042724609233,-1.9800033569335938,6.599998474121094,0.0,3.0,8.0,01-03,-0.1558338801066057
12-05,0.15000152587889914,-2.799999237060547,-0.6599998474121094,0.0,0.0,0.40000152587890625,-2.0,-1.5500030517577983,-0.5200042724609233,-7.430000305175781,7.050003051757798,0.0,3.0,8.0,01-04,-0.613333384195963
12-06,1.25,-2.799999237060547,1.1299991607666016,0.0,0.0,1.3300018310546875,-2.0,-1.5500030517577983,-0.5200042724609233,-7.430000305175781,7.050003051757798,0.0,4.0,7.0,01-05,-0.2950002352396635
12-07,1.25,-2.799999237060547,0.7800006866455114,0.0,0.0,1.3300018310546875,-3.25,-1.5500030517577983,0.0,-7.430000305175781,6.849998474121094,0.0,4.0,7.0,01-06,-0.4016668001810695
12-08,-0.15000152587890625,-2.799999237060547,2.9500007629394496,0.0,0.0,1.3300018310546875,-3.25,-1.5500030517577983,0.0,-2.8000030517578125,10.199996948242188,0.0,3.0,8.0,01-07,0.3274993896484384
12-09,2.3499984741210938,-1.6300010681152273,2.139999389648441,0.0,0.0,1.3300018310546875,-3.25,-1.5500030517577983,0.0,0.7999954223632955,10.549995422363295,0.0,5.0,6.0,01-08,0.8949988683064823
12-10,2.3499984741210938,-2.0699996948242188,2.8199996948242188,0.0,0.0,0.9300003051757812,-3.25,-1.5500030517577983,0.0,-1.25,8.889999389648438,0.0,4.0,7.0,01-09,0.5724995930989595
12-11,2.3499984741210938,-2.0699996948242188,2.8199996948242188,0.0,0.0,0.9300003051757812,-3.25,-1.5500030517577983,8.950004577636719,-3.909996032714858,9.900001525878892,0.0,5.0,6.0,01-10,1.1808338165283192
12-12,2.3499984741210938,-3.1399993896484375,0.6700000762939489,0.0,0.0,0.9300003051757812,-3.25,-1.5500030517577983,8.950004577636719,-3.909996032714858,10.900001525878892,0.0,5.0,6.0,01-11,0.9958338737487784
12-13,2.3499984741210938,-3.729999542236328,0.6700000762939489,0.0,0.0,0.9300003051757812,-3.25,-1.8500061035155966,8.950004577636719,-4.75,10.699996948242188,0.0,5.0,6.0,01-12,0.8349995613098171
12-14,2.3499984741210938,-3.6300010681152415,1.6700000762939489,0.0,0.0,0.9300003051757812,2.6100006103515625,-0.40000152587889204,8.950004577636719,-1.0999984741210938,6.349998474121094,0.0,6.0,5.0,01-13,1.4775001207987477
12-15,1.25,-3.259998321533203,1.4799995422363317,0.0,0.0,0.9300003051757812,2.6100006103515625,-0.40000152587889204,8.950004577636719,-0.5999984741210938,7.75,0.0,6.0,5.0,01-14,1.5591672261556004
12-16,1.5,-3.259998321533203,1.0599994659423864,0.0,0.0,0.9300003051757812,1.9199981689453125,-0.40000152587889204,8.950004577636719,2.25,9.220001220703125,0.0,7.0,4.0,01-15,1.8475003242492691
12-17,1.5,-0.8100013732910156,0.9300003051757848,0.0,0.0,0.9300003051757812,2.0699996948242188,-0.5,8.950004577636719,0.9599990844726562,8.300003051757798,0.0,7.0,4.0,01-16,1.860833803812662
12-18,1.5,-0.8100013732910156,3.0,0.0,0.0,0.9300003051757812,2.0699996948242188,-0.5,8.950004577636719,0.9599990844726562,6.220001220703125,0.0,7.0,4.0,01-17,1.8600002924601238
12-19,-0.4700012207031321,0.5,2.3999996185302734,1.75,0.0,0.9300003051757812,2.0699996948242188,-0.5,8.950004577636719,-3.7100067138671733,6.220001220703125,0.0,7.0,4.0,01-18,1.5116664568583176
12-20,-0.4700012207031321,0.2599983215332031,3.1000003814697266,1.75,0.0,0.9300003051757812,0.09999847412109375,-0.3000030517577983,8.950004577636719,-3.8600006103515767,7.230003356933608,0.0,7.0,4.0,01-19,1.4741667111714687
12-21,-2.3700027465820384,1.3499984741210938,2.6200008392333984,1.75,0.0,2.049999237060547,-1.6699981689453125,-0.3000030517577983,8.950004577636719,-1.160003662109375,5.8300018310546875,0.0,6.0,5.0,01-20,1.4208331108093268
12-22,-2.3700027465820384,0.9599990844726562,2.7200012207031214,1.75,0.0,2.049999237060547,-1.6699981689453125,-0.3000030517577983,8.950004577636719,-2.0100021362304688,5.44000244140625,0.0,6.0,5.0,01-21,1.2933333714803064
12-23,-3.220001220703132,1.0999984741210938,2.0600013732910156,1.75,0.0,2.049999237060547,-3.2999954223632812,-0.3000030517577983,8.950004577636719,-1.400001525878892,6.209999084472656,0.0,6.0,5.0,01-22,1.1583334604899107
12-24,-3.3499984741210938,1.1500015258789134,2.159999847412113,1.75,0.0,2.049999237060547,-2.25,-0.3000030517577983,8.950004577636719,-1.400001525878892,7.660003662109375,0.0,6.0,5.0,01-23,1.3683338165283236
12-26,-3.700000762939453,1.1500015258789134,2.79000091552734,1.75,0.0,2.049999237060547,-1.4499969482421875,-0.3000030517577983,10.970001220703125,-2.0400009155273295,4.6399993896484375,0.0,6.0,5.0,01-25,1.3216667175292995
12-27,-3.700000762939453,1.1000022888183665,2.79000091552734,1.75,0.0,3.049999237060547,-1.4499969482421875,-0.3000030517577983,10.970001220703125,0.26999664306642046,6.050003051757798,0.0,7.0,4.0,01-26,1.7108335494995133
12-28,-3.700000762939453,1.1000022888183665,2.79000091552734,1.75,0.0,-0.049999237060546875,1.9000015258789062,-0.6999969482422017,10.970001220703125,0.26999664306642046,5.050003051757798,0.0,7.0,4.0,01-27,1.6150007247924796
12-29,-3.700000762939453,1.490001678466804,3.2299995422363317,1.75,0.0,-0.049999237060546875,0.5500030517578125,-0.6999969482422017,10.970001220703125,-5.709999084472642,6.150001525878906,0.0,6.0,5.0,01-28,1.1650009155273446
12-30,-3.900001525878899,0.8499984741210938,3.2299995422363317,1.75,0.0,-0.049999237060546875,0.5500030517578125,-0.6999969482422017,9.470001220703125,-5.709999084472642,4.949996948242202,0.0,6.0,5.0,01-29,0.8700002034505229
12-31,-5.0,0.8400001525878906,1.6399993896484446,1.75,0.0,-0.9799995422363281,0.5500030517578125,-2.4499969482422017,13.610000610351562,-7.5699996948242045,4.949996948242202,0.0,6.0,5.0,01-30,0.6116669972737648
