,2009,2010,2011,2012,2013,2014,2015,2016,2017,2018,2019,2020,ups,downs,end_day_sum,avg
01-02,0.3800001144409162,-0.610000610351559,9.730003356933587,7.290000915527347,2.7000007629394496,-0.6900005340576172,0.6899986267089808,0.9899997711181641,-1.1000003814697266,-3.700000762939453,3.8199996948242188,-0.8900003433227539,7.0,5.0,02-16,1.550833384195963
01-03,0.13000011444091797,-0.20000076293944957,9.20000076293946,7.680000305175778,2.590000152587887,-0.7800006866455114,1.6399993896484375,0.7100009918212891,-0.8500003814697266,-3.0,3.7899999618530273,-0.8400001525878906,7.0,5.0,02-17,1.6724999745686848
01-04,0.3299999237060547,-0.1400012969970632,9.33000183105468,8.870000839233388,2.0399990081787074,-0.8099994659423864,1.3700008392333949,1.0799999237060511,-1.4000015258789027,-2.950000762939453,3.4099998474121094,-0.9199991226196289,7.0,5.0,02-18,1.6841666698455793
01-05,-0.039999961853027344,-0.5,8.770000457763672,8.460000991821282,2.360000610351559,-0.6999988555908203,1.0300006866455078,1.360000610351559,-0.7500000000000036,-3.0,3.069999694824217,-0.9599990844726562,6.0,6.0,02-19,1.5916670958201073
01-06,-0.8299999237060529,-0.4600009918212926,6.680000305175781,8.860000610351555,2.2800006866455043,-0.2199993133544993,1.5599994659423828,1.8299999237060547,-0.4500007629394531,-3.25,3.1499996185302734,-1.3799991607665998,6.0,6.0,02-20,1.4808333714803041
01-07,-0.5600004196166974,-1.0300006866455114,6.950000762939453,9.079998016357429,2.8000011444091726,-0.75,1.4599990844726562,1.7200012207031286,-0.39999961853027344,-3.5,3.020000457763672,-1.2800006866455078,6.0,6.0,02-21,1.4591666062672932
01-08,-0.5799999237060529,-0.4500007629394496,7.559997558593757,9.110000610351562,2.680000305175785,-0.629999160766598,1.5399990081787145,1.1199989318847692,-0.39999961853027344,-3.3500003814697266,2.75,-1.3200006484985334,6.0,6.0,02-22,1.5024996598561629
01-09,-0.48999977111816406,0.5,7.149997711181641,9.129997253417969,2.8599987030029297,0.8299999237060618,1.5599994659423828,1.210000991821289,-0.5500011444091797,-3.1800003051757812,2.640000343322754,-1.1800003051757812,8.0,4.0,02-23,1.7066660722096767
01-10,-0.5,0.5,5.5,8.719999313354503,2.4099998474121094,1.4699993133544922,1.860000610351559,1.3500003814697266,-0.8000011444091797,-3.3299999237060547,2.8199996948242188,-0.6300001144409197,8.0,4.0,02-24,1.6141664981842048
01-11,-1.1700000762939435,0.3499984741210973,4.709999084472656,7.950000762939453,2.2100009918212926,1.2299995422363246,1.0100002288818324,1.4400005340576172,-0.8000011444091797,-3.4300003051757812,2.760000228881834,-0.6600008010864258,8.0,4.0,02-25,1.2999997933705647
01-12,-0.780000686645506,1.3099994659423864,4.240001678466797,6.879999160766598,2.65000152587891,1.1000003814697195,0.9400005340576101,1.0,-0.5,-3.900000572204588,2.9800004959106445,-0.9300003051757812,8.0,4.0,02-26,1.2491668065388992
01-13,-1.0500001907348633,0.7900009155273438,4.280002593994141,6.589998245239247,2.2700004577636754,0.9899997711181605,-0.2699985504150355,1.5300006866455078,-0.7999992370605469,-3.800000190734865,3.4800004959106445,-1.390000343322754,7.0,5.0,02-27,1.0516670544942213
01-14,0.6400003433227539,0.7299995422363388,5.289997100830071,6.290000915527344,2.079999923706062,0.970001220703125,-0.6099987030029332,1.1800003051757777,-0.899999618530277,-3.699999809265135,3.2399997711181623,-1.4399995803833008,8.0,4.0,02-28,1.1475001176198323
01-15,-0.07999992370605469,1.0900001525878942,6.269996643066406,5.939998626708984,1.9700012207031214,0.4500007629394531,-0.30999946594238637,1.3199996948242188,-0.7500000000000036,-4.149999618530273,3.4700002670288104,-1.619999885559082,7.0,5.0,02-29,1.1333332061767574
01-16,-0.9200000762939453,0.5099983215332031,5.829998016357422,6.040000915527344,0.9900016784667933,1.060001373291012,-1.2999992370605469,1.2000007629394531,-1.399999618530277,-3.8500003814697266,3.309999465942383,-1.739999771118164,7.0,5.0,03-01,0.8108334541320792
01-17,-0.05000019073486328,0.7899990081787109,5.619998931884766,3.9300003051757812,1.7200012207031214,1.5499992370605504,-1.5199985504150426,1.1199989318847656,-0.6999988555908239,-3.200000762939453,3.2100000381469727,-2.270000457763672,7.0,5.0,03-02,0.8499999046325678
01-18,-0.6499996185302734,0.8399982452392578,5.519996643066406,1.2700004577636719,1.3700008392333984,0.13000106811523082,-2.289999008178711,0.9500007629394531,-0.850000381469723,-1.0300006866455043,3.130000114440916,-2.2200002670288104,7.0,5.0,03-03,0.514166514078776
01-19,-0.5100002288818359,1.5599994659423828,2.9199981689453125,1.2299995422363281,0.19999885559082742,-0.3500003814697301,-2.670000076293949,1.3400001525878906,-0.7500000000000036,-0.8999996185302734,3.4200000762939418,-2.130000114440918,6.0,6.0,03-04,0.2799996534983311
01-20,0.07000064849853516,1.8999996185302699,3.4199981689453125,-0.5900001525878906,-0.20000076293944957,0.4899997711181676,-2.6899986267089915,1.0300006866455078,-0.5499992370605469,-1.2499990463256818,3.520000457763672,-2.190000534057617,6.0,6.0,03-05,0.2466667493184406
01-21,-1.3299999237060565,1.3299999237060511,5.920001983642578,-2.1100006103515696,-0.07999992370605469,0.5100002288818324,-2.6899986267089915,0.020000457763671875,-0.5500011444091797,-1.099999427795412,3.130000114440916,-1.9200000762939435,5.0,7.0,03-06,0.09416691462198686
01-22,-1.3899993896484357,2.2900009155273438,5.689998626708984,-2.5600013732910227,-0.4500007629394496,-0.6599998474121129,-2.489999771118171,-0.620000839233402,-0.5,-0.7999992370605469,2.880000114440916,-1.8199996948242152,3.0,9.0,03-07,-0.03583343823750932
01-23,-1.8699998855590803,3.020000457763672,4.209999084472656,-3.6200008392334055,0.12999916076660512,0.4400005340576101,-1.8599987030029297,-0.40000152587890625,-0.6499996185302734,-0.6499996185302734,2.3899993896484375,-1.7100000381469709,5.0,7.0,03-08,-0.04750013351440489
01-24,-2.2300004959106463,3.2799987792968786,4.229999542236321,-3.869998931884762,-0.1900005340576172,1.3199996948242188,-1.4300003051757812,-0.15999984741210938,-1.1499996185302734,-0.05000114440917969,1.0999994277954102,-1.8200006484985352,4.0,8.0,03-09,-0.080833673477173
01-25,-2.4500007629394567,3.5599994659423793,3.30999755859375,-4.069999694824215,0.20000076293944957,1.6499996185302734,-1.4899997711181605,-0.1100006103515625,-1.0,0.14999961853027344,0.6099996566772461,-1.6999998092651385,6.0,6.0,03-10,-0.11166699727376346
01-26,-1.75000095367432,3.5400009155273473,2.1499977111816406,-3.580001831054684,0.2700004577636719,1.7199993133544957,-1.9699993133544922,-0.05000114440918324,-0.75,0.049999237060546875,0.06000041961669922,-2.4999995231628427,6.0,6.0,03-11,-0.23416705926259337
01-27,-1.6300001144409162,3.3100013732910227,1.9799995422363281,-3.420001983642578,0.6300010681152344,0.8699989318847656,-1.779998779296875,0.009998321533203125,-0.6499996185302734,0.14999961853027344,0.12000083923339844,-2.229999542236329,7.0,5.0,03-12,-0.22000002861022883
01-28,-1.5799989700317365,3.7500000000000036,1.1299972534179616,-2.759998321533203,0.8200016021728516,1.4799995422363317,-1.8199996948242152,1.0899982452392578,-0.5,0.3000011444091797,0.030000686645506036,-2.80999946594238,7.0,5.0,03-13,-0.07249983151753692
01-29,-1.0599994659423793,4.19999885559082,2.6199989318847727,-3.579998016357422,-0.20999908447265625,1.0500011444091797,-2.049999237060547,0.5300006866455043,-0.5499992370605469,0.5,0.3599996566772443,-2.6300001144409135,6.0,6.0,03-14,-0.06833299001057862
01-30,0.28999996185302734,3.860000610351559,2.7299995422363352,-3.9599990844726527,-0.020000457763671875,0.7399997711181747,-1.720001220703118,1.010000228881836,-0.5499992370605469,0.14999961853027344,0.2200002670288086,-2.569999694824216,7.0,5.0,03-15,0.015000025431317399
01-31,0.5200004577636719,3.7300014495849574,2.4199981689453196,-3.460000991821289,-0.18000030517578125,0.2200012207031179,-1.970001220703125,0.7700004577636719,-0.6000003814697266,0.25,0.3299999237060547,-2.760000228881836,7.0,5.0,03-16,-0.060833454132080376
02-01,0.3400001525878924,3.860000610351559,1.9500007629394531,-4.05000114440918,0.0,1.1300010681152308,-1.7800006866455078,0.8700008392333984,-0.5500011444091797,0.049999237060546875,0.40000057220458984,-2.900000095367429,7.0,5.0,03-17,-0.05666665236155214
02-02,1.2599992752075178,4.590000152587887,1.3700027465820384,-4.570001602172852,0.5799999237060547,1.260000228881836,-1.9800014495849574,1.1599998474121058,-0.4500007629394531,0.0,0.46000003814697266,-3.389999866485595,7.0,5.0,03-18,0.02416654427846295
02-03,1.7599992752075178,4.729999542236325,1.1500015258789062,-4.670001983642578,-0.01000022888183949,1.850000381469723,-2.1999988555908203,1.0300006866455043,-0.4500007629394531,-0.050000190734861505,0.38000011444091797,-4.170000076293945,6.0,6.0,03-19,-0.05416671435038367
02-04,1.74999904632568,5.120000839233395,-0.220001220703125,-6.129999160766598,-0.35000038146972656,0.8400001525878942,-1.7899990081787074,0.2600002288818324,0.14999961853027344,0.09999942779541193,0.25,-4.429999828338625,7.0,5.0,03-20,-0.3708333571751912
02-05,1.6699991226196254,5.5399990081787145,-0.15999984741210938,-5.2799987792968786,-0.7999992370605504,0.9200000762939489,-2.1899986267089844,1.3599987030029297,0.049999237060546875,0.15000057220459162,0.11999988555908025,-4.780000209808348,7.0,5.0,03-21,-0.28333334128061943
02-06,0.9999990463256818,5.04000091552734,-0.9399986267089844,-5.7600002288818395,-1.2699985504150426,0.29000091552735086,-3.0700016021728516,1.130001068115238,-0.40000152587890625,-0.05000114440917969,0.1099996566772461,-4.4599995613098145,5.0,7.0,03-22,-0.6983333031336468
02-07,0.060000419616700995,5.3100013732910085,-4.049999237060547,-6.0000000000000036,-1.1999988555908274,0.46999931335449574,-3.2099990844726562,1.4200000762939524,-0.5500011444091797,-0.20000076293945312,0.22000026702881037,-2.4300003051757804,5.0,7.0,03-23,-0.84666649500529
02-08,0.8800001144409197,5.420000076293945,-2.770000457763672,-6.239997863769535,-1.8700008392333949,-0.1400012969970703,-3.0900001525878906,1.25,-0.6000003814697266,0.14999961853027344,0.6199998855590803,-2.8099994659423837,5.0,7.0,03-24,-0.7666667302449545
02-09,0.30000019073486506,4.770000457763675,-3.0900001525878906,-6.389999389648441,-1.4799995422363281,0.010000228881832385,-3.260000228881836,1.4299983978271449,-0.8500003814697266,-0.2999992370605469,-0.2200002670288086,-3.039999485015869,4.0,8.0,03-25,-1.0099999507268274
02-10,0.9799995422363299,4.6499996185302805,-3.8899993896484375,-6.730001449584961,-1.6400012969970703,-0.15999984741211293,-3.440000534057617,1.7299995422363246,-0.35000038146972656,-0.7000007629394531,-0.19999980926513672,-2.2599997520446786,3.0,9.0,03-26,-1.0008337100346882
02-11,0.75,4.170000076293949,-4.070003509521484,-7.190000534057617,-1.7000007629394531,-0.6099987030029297,-3.8099994659423793,1.590000152587887,-0.5499992370605469,-0.8000001907348615,-0.09000015258789062,-2.6900005340576163,3.0,9.0,03-27,-1.2500002384185784
02-12,0.9899997711181641,4.04999923706055,-4.620002746582017,-6.680000305175778,-2.54000091552734,-0.9599990844726562,-4.719999313354492,1.6999988555908203,-0.5,-1.0,-0.5599994659423828,-2.9200000762939444,3.0,9.0,03-28,-1.480000336964923
02-13,1.130000114440918,3.970001220703125,-4.5600013732910085,-6.369998931884769,-3.5100002288818324,-0.9699993133544922,-4.79000091552734,1.1800003051757848,-0.6000003814697266,-1.0499992370605469,-0.6499996185302734,-2.8600006103515616,3.0,9.0,03-29,-1.5899999141693104
02-14,1.2000007629394531,4.390001296997063,-3.4800033569335866,-6.620000839233398,-3.8500003814697266,-1.3099994659423864,-4.440000534057621,1.2399997711181676,-0.4499988555908203,-0.9499988555908203,-0.5899991989135724,-1.2400002479553223,3.0,9.0,03-30,-1.3416666587193806
02-15,1.0499992370605469,4.100000381469723,-2.8899993896484446,-7.010000228881829,-3.1599998474121094,-2.0599994659423793,-4.040000915527344,1.4800014495849645,-0.6999988555908203,-1.1499996185302734,-0.7399997711181658,-0.5500001907348668,3.0,9.0,03-31,-1.3058331012725832
02-16,1.2099990844726527,4.100000381469723,-2.8800010681152344,-7.499998092651374,-3.970001220703118,-1.9200000762939418,-4.100000381469727,2.25,-0.6000003814697266,-0.8500003814697266,-0.8600006103515643,-0.5700006484985369,3.0,9.0,04-01,-1.307500282923381
02-17,1.7000007629394531,4.190000534057621,-3.8899993896484446,-7.250001907348633,-4.060001373291012,-1.5300006866455007,-4.100000381469727,2.0399990081787074,-0.6500015258789062,-0.8499994277954084,-0.3900003433227539,-0.9200005531311062,3.0,9.0,04-02,-1.3091671069463091
02-18,1.830000877380371,3.780000686645508,-3.75,-7.229997634887706,-4.180000305175778,-0.9400005340576101,-4.309999465942383,2.1700000762939418,-0.7999992370605469,-1.1999998092651385,-0.4900007247924787,-0.9200005531311062,3.0,9.0,04-03,-1.3366663853327438
02-19,1.6900005340576172,3.0599994659423864,-3.0300025939941335,-7.489997863769531,-4.380001068115231,-0.6400012969970703,-4.170000076293945,1.7699985504150355,-1.3999996185302734,-1.1999998092651385,-0.4100008010864258,-0.9299998283386239,3.0,9.0,04-04,-1.4275003671646112
02-20,2.9800004959106445,3.2099990844726562,-3.020000457763672,-7.749998092651367,-4.170000076293945,-1.19000053405761,-4.149999618530273,1.5,-1.5499992370605469,-1.2999992370605469,-0.43000030517578125,-1.4900002479553214,3.0,9.0,04-05,-1.446666518847147
02-21,3.989998817443846,3.8899993896484375,-2.5800018310546875,-7.749998092651367,-3.7800006866455114,-0.12999916076660512,-3.3299999237060547,1.6800003051757812,-1.6499996185302734,-1.1700000762939453,-0.3900003433227539,-1.4099998474121085,3.0,9.0,04-06,-1.0525000890096035
02-22,3.0600004196166974,3.979999542236328,-2.640003204345703,-7.739999771118164,-4.410001754760742,-1.1800003051757777,-3.0399990081787145,1.3199996948242188,-1.6499996185302734,-0.6999998092651385,-0.4700002670288086,-0.8299999237060547,3.0,9.0,04-07,-1.1916670004526777
02-23,2.499999046325682,4.3000011444091655,-1.7800025939941406,-7.269998550415032,-4.440000534057617,-1.3199996948242152,-2.8799991607666016,1.1000003814697266,-1.5500011444091797,-0.5999994277954084,-1.010000228881836,-0.3600006103515643,3.0,9.0,04-08,-1.1091667811075852
02-24,2.1099996566772443,3.770000457763661,-2.7700004577636648,-7.480001449584961,-3.809999465942383,-0.9000015258789027,-3.120000839233395,1.0300006866455078,-1.6999988555908203,-0.9000005722045916,-0.9100008010864258,-0.3299999237060547,3.0,9.0,04-09,-1.2508335908253987
02-25,2.1299991607666016,3.770000457763661,-4.349998474121094,-7.999998092651364,-3.280000686645508,-0.6299991607666016,-2.990001678466797,1.0700016021728516,-1.75,-0.6999998092651385,-0.7700004577636719,0.13000011444091797,4.0,8.0,04-10,-1.2808330853780119
02-26,2.5199995040893555,3.940000534057617,-3.6499977111816406,-8.479997634887692,-0.3400001525878942,-1.25,-2.3000011444091832,0.8899993896484375,-1.8999996185302734,-0.6000003814697301,-0.569999694824217,0.26000022888183594,4.0,8.0,04-11,-0.9566663901011153
02-27,3.4499998092651367,3.739999771118164,-3.5600013732910156,-8.789999008178714,-0.4900016784667933,-1.0199985504150426,-2.5200004577636683,1.0200004577636719,-1.8499984741210938,0.049999237060546875,-0.7899999618530273,0.7300004959106445,5.0,7.0,04-12,-0.8358333110809326
02-28,4.969999313354496,4.239999771118164,-3.8800010681152344,-6.630001068115234,0.10999870300292969,-1.8500003814697195,-1.7299995422363317,0.9000015258789027,-1.1999988555908203,-0.25,-0.7300004959106445,1.1599998474121112,5.0,7.0,04-13,-0.40750018755594847
02-29,0.0,0.0,0.0,-4.520000457763672,0.0,0.0,0.0,0.3400001525878906,0.0,0.0,0.0,1.0999994277954102,2.0,1.0,04-14,-0.2566667397816976
03-01,4.6399993896484375,3.6599998474121094,-4.119998931884766,-2.5900001525878906,1.69000053405761,-2.3899993896484375,-2.090000152587894,1.279998779296875,-1.8999996185302734,-0.10000038146972656,-0.9600000381469709,0.8099994659423828,5.0,7.0,04-15,-0.17250005404154534
03-02,4.459999084472656,5.690000534057617,-4.019996643066406,-2.230001449584961,1.8700008392333949,-2.14999961853027,-2.360000610351566,0.8899993896484375,-1.6499996185302734,-0.15000057220459162,-0.9099998474121094,0.48999977111816406,5.0,7.0,04-16,-0.0058332284291589724
03-03,5.790000915527344,4.969999313354492,-6.090000152587891,-2.559999465942383,1.239999771118164,-1.0499992370605433,-1.3499984741210938,1.6000003814697301,-1.9499988555908203,-0.14999961853026988,-1.060000419616701,0.1700000762939453,5.0,7.0,04-17,-0.03666631380716886
03-04,5.210000038146973,4.85999870300293,-6.420001983642578,-2.9200000762939418,0.9099998474121094,-1.889999389648441,-1.3299999237060511,1.8500003814697266,-2.5,-0.14999961853026988,-0.6100006103515643,-0.10000038146972834,4.0,8.0,04-18,-0.25750025113423636
03-05,5.710000038146973,4.809999465942386,-4.779998779296875,-2.190000534057617,0.4399986267089879,-1.9099998474121058,-1.489999771118164,1.6799983978271484,-2.3500003814697266,0.34999942779541193,-0.2200002670288086,0.18000030517578125,6.0,6.0,04-19,0.019166390101115944
03-06,6.239998817443846,4.2200012207031214,-6.38999938964843,-1.3299999237060547,0.8099994659423828,-2.309999465942383,-1.6599998474121094,1.8099994659423828,-2.0,-1.050000190734865,0.029999732971191406,0.4200000762939453,6.0,6.0,04-20,-0.10083333651224773
03-07,7.170000076293945,3.760000228881836,-6.090000152587891,-1.3499984741210973,0.46999931335449574,-4.280000686645508,-1.8299999237060582,0.22999954223632812,-1.6500015258789062,-1.1999998092651385,0.039999961853027344,2.419999599456786,6.0,6.0,04-21,-0.19250015417734834
03-08,5.879999160766602,4.159999847412106,-6.110000610351555,-1.6899986267089844,0.4400005340576172,-4.309999465942386,-2.2399997711181676,0.37000083923339844,-1.4500007629394531,-1.349999427795412,-0.19999980926513494,2.619999408721923,5.0,7.0,04-22,-0.3233332236607873
03-09,5.989999771118164,3.8899993896484375,-5.119998931884766,-2.2199993133544886,-0.28000068664550426,-4.389999389648441,-1.9799995422363317,0.3300018310546875,-1.3500003814697266,-1.4699993133544922,1.7799997329711914,1.5999999046325675,5.0,7.0,04-23,-0.26833307743072515
03-10,5.220000267028809,3.6899986267089773,-3.329998016357422,-1.9400005340576172,-0.5300006866455043,-3.8199996948242223,-3.4200000762939453,0.3500003814697301,-1.3999996185302734,-1.7500009536743182,2.6300001144409144,1.4999999999999991,5.0,7.0,04-24,-0.23333334922790608
03-11,5.199999809265135,3.819999694824215,-3.3800010681152273,-1.9500007629394531,-0.3600006103515625,-2.589998245239258,-3.9300003051757812,-0.6399993896484375,-1.5500011444091797,-2.000000953674318,2.8199987411499023,1.9999999999999973,4.0,8.0,04-25,-0.21333368619283063
03-12,4.40000057220459,2.3400001525878906,-3.8600006103515625,-2.130001068115231,-0.8100013732910192,-3.309999465942383,-3.7799987792968786,0.43000030517578125,-1.2000007629394531,-1.7500009536743182,3.060000419616701,2.5500001907348633,5.0,7.0,04-26,-0.3383334477742516
03-13,4.210000038146974,2.34999847412109,-4.24000167846679,-1.039999008178711,0.44999885559081676,-2.2399997711181605,-3.8899993896484375,0.4099998474121094,-1.1000003814697266,-1.9499998092651385,2.8700008392333984,2.889999866485595,6.0,6.0,04-27,-0.10666684309641498
03-14,6.109999656677246,2.4200000762939453,-3.7299995422363352,-0.9099998474121058,0.25,-2.2299995422363317,-4.1100006103515625,0.8400001525878906,-1.1500015258789062,-1.550000190734865,3.010000228881836,3.669999599456788,6.0,6.0,04-28,0.21833320458729996
03-15,5.589999198913574,2.0199985504150426,-3.1100006103515696,-2.0399990081787145,0.5,-2.75,-4.030000686645504,0.779998779296875,-1.25,-1.599999427795412,2.5,4.0899996757507315,6.0,6.0,04-29,0.05833303928375192
03-16,5.410000801086426,1.8799991607666016,-3.1200027465820384,-0.22999954223633168,0.7199993133544957,-3.0699996948242223,-3.9600009918212926,0.6899986267089879,-1.25,-1.2999992370605469,2.5900001525878906,4.160000324249267,6.0,6.0,04-30,0.20999968051910303
03-17,5.260000228881836,1.0499992370605504,-3.740001678466804,-0.8299999237060511,0.4600009918212926,-3.25,-3.889999389648441,0.22999954223632812,-1.6000003814697266,-1.5499992370605469,2.5,5.5500001907348615,6.0,6.0,05-01,0.015833298365274917
03-18,4.760000228881836,0.39999961853027344,-4.5,-0.9300003051757777,1.1700000762939489,-3.969999313354492,-3.7900009155273438,0.2899990081787145,-1.5,-1.3999996185302734,2.469999313354492,5.519999980926512,6.0,6.0,05-02,-0.12333349386850918
03-19,5.079999923706051,1.2899990081787074,-2.75,-0.3800010681152308,0.9400005340576172,-3.0799999237060582,-2.799999237060547,-0.5699996948242223,-1.3999996185302734,-1.1499996185302734,2.50000095367432,4.470000267028806,5.0,7.0,05-03,0.17916679382324138
03-20,5.479999542236328,0.3199996948242223,-2.5,-0.039999008178707385,0.7399997711181676,-3.239999771118164,-2.1800003051757812,-0.37999916076660156,-1.3500003814697266,-1.2000007629394531,2.620000839233402,4.479999542236331,5.0,7.0,05-04,0.22916666666666807
03-21,4.540000915527344,1.139999389648441,-3.0600013732910156,-0.1800003051757777,1.3600006103515625,-2.899999618530277,-2.2800006866455114,-0.7099990844726598,-1.0999984741210938,-1.1499996185302734,2.390001296997074,4.409999370574951,5.0,7.0,05-05,0.20500020186106363
03-22,4.270000457763675,0.2999992370605504,-0.5400009155273366,0.5500011444091797,1.279998779296875,-3.010000228881836,-2.3899993896484375,-0.5699996948242152,-0.8499984741210938,-0.8500003814697266,3.130000114440918,4.429999828338623,6.0,6.0,05-06,0.479166706403098
03-23,3.8199996948242223,0.38000106811522016,-1.7900009155273366,0.020000457763671875,1.810001373291012,-3.3700008392333984,-2.5799999237060547,-0.39999961853027344,-1.3499984741210938,-0.8999996185302734,3.1199998855590785,4.499999523162844,6.0,6.0,05-07,0.2716668844223015
03-24,4.440000534057617,0.680000305175767,-2.1399993896484304,-1.2399997711181676,2.410001754760742,-3.6400012969970703,-2.4300003051757777,-0.25,-1.2000007629394531,-0.6999998092651385,2.999999046325687,3.9200005531311044,5.0,7.0,05-08,0.23750007152557337
03-25,4.190000534057617,0.3900012969970561,-0.07999801635742898,-1.6199989318847692,1.5100002288818395,-3.180000305175785,-2.350000381469723,-0.7099990844726562,-1.0499992370605469,-0.5,2.669999122619629,4.070000648498534,5.0,7.0,05-09,0.2783338228861472
03-26,3.8500003814697266,-0.9300003051757812,-0.45999908447266336,-0.6999988555908345,1.6599998474121094,-2.8299999237060582,-2.0100002288818324,-0.6499996185302699,-1.1499996185302734,-0.25,2.3400001525878906,2.4900002479553223,4.0,8.0,05-10,0.11333358287811131
03-27,3.549999237060547,-1.3800010681152308,0.5400009155273366,-0.5,1.0499992370605469,-2.60000038146973,-2.0300006866455043,-0.7399997711181676,-1.25,-0.10000038146972656,2.489999771118164,3.599999427795412,5.0,7.0,05-11,0.2191663583119706
03-28,3.8900012969970668,-0.2100009918212855,1.1300010681152415,-0.17000007629394887,1.340000152587887,-2.5600013732910156,-2.10000038146973,-0.6299991607666051,-0.7999992370605469,-0.14999961853027344,2.560000419616701,3.3600006103515643,5.0,7.0,05-12,0.4716668923695879
03-29,3.310001373291012,-0.15999984741210582,-0.34999847412109375,-0.44999885559082387,1.4099998474121094,-2.6800003051757812,-2.059999465942383,-1.060001373291012,-0.8500003814697266,-0.30000019073486506,2.7100000381469744,2.640000343322752,4.0,8.0,05-13,0.1800002257029214
03-30,3.560001373291012,0.620000839233402,-0.4099998474121094,-0.8700008392333878,1.9300003051757812,-2.059999465942383,-2.1700000762939418,-1.8299999237060476,-0.7999992370605469,0.05000019073486506,2.2099990844726527,3.030000686645508,6.0,6.0,05-14,0.2716669241587337
03-31,2.8700008392333984,0.9300003051757812,-0.1399993896484375,-0.6900005340576172,2.440000534057617,-2.4400005340576207,-2.030000686645508,-1.5799999237060476,-0.5499992370605469,-0.050000190734861505,1.8199996948242188,2.599999904632571,5.0,7.0,05-15,0.2650000651677456
04-01,2.379999160766598,0.7800006866455114,1.670001983642571,-1.2100009918212926,2.950000762939453,-3.5000000000000036,-2.210000991821289,-1.4400005340576172,-0.049999237060546875,-0.44999980926513494,2.1700000762939453,2.599999904632571,6.0,6.0,05-16,0.3075000842412305
04-02,1.0399990081787074,-0.5900001525878906,0.7000007629394531,-0.6300010681152308,2.70999908447266,-4.090000152587894,-2.1800003051757812,-1.6900005340576207,0.0,-0.6499996185302699,2.360000610351557,2.3299999237060556,5.0,7.0,05-17,-0.0575002034505212
04-03,1.0200004577636719,-0.8099994659423828,-0.5100021362304616,-1.0400009155273438,2.909999847412113,-4.810001373291012,-2.409999847412106,-1.5100002288818324,-0.10000038146972656,-0.5,2.2800006866455043,2.0299997329711914,4.0,8.0,05-18,-0.2875003019968654
04-04,2.2699985504150355,-0.7399997711181747,-0.43000030517578125,-0.5,3.180000305175785,-3.3299999237060547,-2.350000381469723,-1.970001220703125,-0.10000038146972656,-0.4000005722045916,2.3000001907348597,1.670000076293947,4.0,8.0,05-19,-0.033333619435629146
04-05,2.799999237060547,-1.4600009918212926,-0.07999801635742188,0.3699989318847621,4.079999923706055,-3.260000228881836,-2.2100009918212855,-1.4500007629394531,0.0,-0.4000005722045916,2.25,2.2600002288818377,5.0,7.0,05-20,0.2416663964589434
04-06,2.939998626708988,-1.3800010681152308,-0.01999664306640625,0.4200000762939382,3.6100006103515625,-2.570001602172855,-2.1500015258789062,-1.3200016021728516,-0.05000114440917969,-0.14999961853027344,2.000000953674313,2.2700004577636737,5.0,7.0,05-21,0.2999997933705643
04-07,3.420000076293949,-1.5500011444091655,0.3300018310546875,-0.12000083923340199,3.629999160766605,-2.740001678466797,-2.239999771118164,-1.220001220703125,-0.6999988555908203,-0.25,1.7600002288818342,2.25,5.0,7.0,05-22,0.2141664822896335
04-08,2.420000076293949,-1.4300003051757777,0.37999725341796875,0.9299983978271449,3.5699996948242188,-3.4499988555908168,-1.9299983978271484,-1.4499988555908203,-0.35000038146972656,0.3499994277954084,1.9100008010864258,1.8000001907348633,7.0,5.0,05-23,0.22916658719380742
04-09,1.5,-2.0499992370605433,0.23000335693359375,0.9799995422363281,2.410001754760742,-3.610000610351559,-1.9799995422363317,-1.090000152587887,-0.14999961853027344,0.0,2.0499992370605433,1.7700004577636719,6.0,6.0,05-24,0.005000432332357067
04-10,1.8299999237060582,-2.25,-0.9099998474121094,1.9000015258789098,-0.3399982452392578,-2.5900001525878906,-2.0,-0.9000015258789027,-0.35000038146972656,-0.3000001907348615,2.0899991989135707,2.060000419616699,4.0,8.0,05-25,-0.14666660626729255
04-11,1.409999847412113,-2.2600002288818324,-0.8799972534179688,-0.3599987030029297,-0.7099990844726527,-1.5699996948242116,-1.760000228881836,-0.5400009155273402,-0.20000076293945312,-0.5,2.139999389648434,1.989999771118164,3.0,9.0,05-26,-0.2699998219807928
04-12,1.2399997711181605,-0.9099998474121094,-0.039997100830078125,-0.279998779296875,-0.4899997711181605,-1.3600006103515625,-1.5599994659423828,-0.05999946594238281,0.14999961853027344,-0.5,1.9899988174438423,2.25,4.0,8.0,05-27,0.035833597183227095
04-13,2.1200008392333984,-0.279998779296875,0.4099998474121094,0.5,0.20000076293945312,-1.2600002288818324,-1.8099994659423828,-0.8299999237060547,0.6499996185302734,-0.6500005722045916,1.9200000762939453,2.190000534057617,7.0,5.0,05-28,0.26333355903625505
04-14,1.9300003051757812,-2.3599987030029297,0.8900032043457031,0.28999900817871094,0.3000011444091797,-1.0200004577636683,-1.1900005340576207,-1.239999771118164,0.5,-0.9000005722045916,2.0799999237060582,2.75,7.0,5.0,05-29,0.1691669623057049
04-15,0.45999908447265625,-2.5599994659423864,0.7299995422363281,0.5799999237060511,1.2299995422363281,-2.360000610351559,-1.8200016021728551,-1.3099994659423828,0.4500007629394531,-0.5,1.7300004959106428,3.130000114440918,7.0,5.0,05-30,-0.020000139872233813
04-16,-0.14999961853027344,-2.229999542236328,2.789997100830071,1.2800006866455043,1.8400001525878906,-0.14999961853026988,-1.7000007629394567,-1.2700004577636719,0.6499996185302734,-0.75,1.0500001907348633,3.0900001525878906,6.0,6.0,05-31,0.3708331584930411
04-17,-0.6599998474121094,-1.3299999237060582,3.0,-1.0699996948242188,2.190000534057617,-0.19000053405761363,-1.1700000762939453,-1.220001220703125,0.4500007629394531,-1.7999992370605469,1.189999580383299,1.6500005722045898,5.0,7.0,06-01,0.08666674296061183
04-18,0.9800014495849609,-1.3799991607666051,3.6399993896484304,-0.8700008392333984,2.3199996948242188,0.020000457763668322,-1.0500011444091797,-0.9799995422363281,-0.35000038146972656,-0.6999998092651349,-0.8500003814697266,1.7100000381469727,5.0,7.0,06-02,0.20749998092651264
04-19,1.5500011444091797,-2.399999618530277,1.9399986267089844,-1.110000610351566,2.7800006866455043,0.020000457763668322,-1.4500007629394496,0.6499996185302734,-0.5499992370605469,-0.5799999237060547,-1.4099998474121058,2.0500001907348633,6.0,6.0,06-03,0.12416672706603944
04-20,1.5700016021728516,-1.3999996185302699,1.0900001525878835,-0.5100002288818359,2.560001373291012,-1.1299991607666016,-1.3400001525878942,0.45999908447265625,-0.6000003814697266,-0.75,-1.7600002288818342,1.5900001525878924,5.0,7.0,06-04,-0.01833311716715554
04-21,1.5799999237060547,-1.4099998474121023,1.4599990844726562,-1.4099998474121094,2.5300006866455043,-1.1200008392333984,-1.6400012969970703,0.8999996185302734,0.75,-0.3000001907348615,-1.6400003433227486,2.9499998092651367,6.0,6.0,06-05,0.22083306312561124
04-22,1.6499996185302734,0.21999931335449574,2.1100006103515554,-1.7099990844726562,2.350000381469723,-1.6700000762939453,0.279998779296875,-0.13000106811523438,0.39999961853027344,0.6500005722045916,-1.1700000762939418,2.7799997329711914,8.0,4.0,06-06,0.4799998601277668
04-23,1.8099994659423828,1.1900005340576207,0.75,-0.9300003051757777,2.1499996185302734,-2.0500011444091797,0.8799991607666016,-0.06999969482421875,0.5,0.75,-1.539999008178711,2.340000152587889,8.0,4.0,06-07,0.4816665649414067
04-24,-0.2099990844726598,-0.6400012969970703,0.12000274658202414,0.07999992370605113,2.409999847412113,-2.130001068115231,0.9200000762939453,0.05999946594237926,0.5499992370605469,0.30000019073486506,-1.6900005340576172,1.8699998855590803,8.0,4.0,06-08,0.13666661580403558
04-25,0.06000137329101207,-1.1600017547607422,0.40000152587889914,-0.6300010681152379,1.9599990844726562,-0.9499988555908274,0.7600002288818359,-0.19000053405762074,0.2999992370605469,0.30000019073486506,-1.1599998474121094,1.5200004577636719,7.0,5.0,06-09,0.1008333365122458
04-26,-0.12999916076660156,-0.9300003051757848,-0.8199996948242116,-0.7400016784667969,3.490001678466797,-0.23999977111816406,0.7000007629394496,-0.7399997711181641,0.35000038146972656,0.39999961853027344,-0.8800010681152379,2.070000648498535,5.0,7.0,06-10,0.21083347002665173
04-27,-0.20999908447265625,-0.4899997711181676,-1.1299972534179616,-0.820001602172848,3.7699985504150426,-0.04999923706055753,0.5500011444091761,-0.779998779296875,0.39999961853027344,0.30000019073486506,-0.629999160766598,1.6199998855590803,5.0,7.0,06-11,0.2108337084452311
04-28,-0.3299999237060547,-0.4799995422363281,-0.9899978637695312,-0.7700004577636719,3.899999618530263,-0.2700004577636754,0.620000839233402,-0.7899990081787145,0.5499992370605469,0.050000190734861505,-0.8099994659423828,1.4399995803833008,5.0,7.0,06-12,0.17666689554850126
04-29,-1.0999984741210902,-0.8199996948242152,-1.970001220703125,-1.8700008392333984,3.5399990081787074,-0.36999893188477273,0.75,-0.3299999237060547,0.5499992370605469,-0.14999961853027344,-0.860000610351559,0.8299999237060565,4.0,8.0,06-13,-0.1500000953674315
04-30,-0.779998779296875,0.5,-3.0600013732910156,-1.1900005340576207,2.5599994659423864,-0.23999977111816762,0.1399993896484375,-0.6800003051757884,0.35000038146972656,-0.14999961853027344,-1.029998779296875,1.2200002670288068,5.0,7.0,06-14,-0.19666663805643822
05-01,-0.48999977111816406,-0.2199993133544922,-3.5499992370605398,-2.1399993896484375,3.129999160766605,-0.04999923706055043,0.17000007629394887,-0.9899997711181676,0.5,-0.14999961853027344,-0.9300003051757848,0.2800006866455078,4.0,8.0,06-15,-0.36999972661336233
05-02,-0.5200004577636754,-0.43000030517578125,-2.2600021362304688,-2.0,2.7399997711181676,-0.04000091552734375,0.2999992370605504,-1.0599994659423864,0.3000011444091797,-0.14999961853027344,-1.0599994659423828,0.5200004577636719,4.0,8.0,06-16,-0.30500014623006183
05-03,-0.9099998474121129,0.15999984741210938,-2.329998016357429,-1.4699993133544922,2.999999999999993,0.5100002288818359,0.25,-0.6700000762939418,0.5,0.0,-0.7700004577636683,0.7700004577636719,6.0,6.0,06-17,-0.07999976476033617
05-04,-1.4500007629394531,0.7800006866455114,-1.7399978637695455,-0.7700004577636719,1.9199981689453125,-0.30999946594238637,0.3299999237060547,-0.639999389648434,0.5500011444091797,0.2999992370605469,-0.8599987030029332,1.130000114440918,6.0,6.0,06-18,-0.06333311398824175
05-05,-0.8500003814697301,0.5900001525879048,-2.819999694824226,0.049999237060546875,1.9499988555908203,0.5300006866455078,0.5,-0.2399997711181605,0.14999961853027344,0.3999996185302699,-0.5900001525878942,0.9400005340576154,8.0,4.0,06-19,0.050833225250243995
05-06,-0.8900012969970703,1.9300003051757812,-2.8400001525878835,0.5299987792968786,2.529998779296875,0.3000011444091797,0.5200004577636683,-0.11999893188477273,0.39999961853027344,0.44999980926513494,-0.36999893188477273,0.7399997711181641,8.0,4.0,06-20,0.26499994595845466
05-07,-0.29000091552734375,2.2800006866455114,-4.819999694824212,1.3500003814697266,3.4000015258789027,0.01000022888183949,0.5300006866455078,-0.21999931335448863,0.39999961853027344,0.25,-0.20999908447265625,-0.6399993896484375,7.0,5.0,06-21,0.1700003941853853
05-08,-0.5200004577636683,1.3500003814697266,-4.720001220703118,0.510000228881843,3.3100013732910156,0.24000167846679688,0.22000122070312855,0.030000686645511365,0.10000038146972656,-0.10000038146973012,0.010000228881835938,-0.2100000381469762,8.0,4.0,06-22,0.018333673477174333
05-09,0.8099994659423864,1.4200000762939453,-4.150001525878899,0.0,3.3300018310546875,0.10000038146972301,0.12000083923340199,-0.19999885559081676,-0.25,-0.05000019073486506,0.1100006103515625,0.3400001525878924,7.0,5.0,06-23,0.13166689872741819
05-10,0.1800003051757848,0.9799995422363246,-4.830001831054695,0.3800010681152308,2.2800006866455114,-0.3000011444091797,0.07999992370605469,-0.2899990081787074,-0.6000003814697266,-0.05000019073486506,0.14000129699707387,0.3099994659423846,7.0,5.0,06-24,-0.14333335558573404
05-11,0.01000022888183949,1.0699996948242152,-4.430000305175781,-1.2199993133544922,1.899999618530277,-0.5400009155273402,0.149999618530277,-0.0999984741210973,-0.5500011444091797,-0.8499994277954084,0.0699996948242223,0.3000001907348633,6.0,6.0,06-25,-0.3491667111714671
05-12,0.30999946594238637,0.5799999237060476,-5.310001373291016,-0.14999961853026988,1.399999618530277,-0.09000015258788707,0.17000007629394176,-0.10999870300292969,-0.3000011444091797,-0.39999961853027344,-0.36999988555908203,-0.6400003433227557,4.0,8.0,06-26,-0.40916681289672835
05-13,0.8400001525878942,1.2700004577636683,-3.6599998474121094,-0.45999908447264914,1.7299995422363246,-0.10999870300292969,0.09000015258789062,0.20000076293945668,-0.25,-0.44999980926513494,-0.5900001525878906,0.14000034332275035,6.0,6.0,06-27,-0.10416634877522742
05-14,0.5200004577636719,1.2999992370605469,-2.8600006103515696,-0.18999862670897727,1.4500007629394496,0.5600013732910121,0.029998779296875,-0.9600009918212926,-0.14999961853027344,-0.25,-0.9499998092651349,0.1300001144409162,6.0,6.0,06-28,-0.11416657765706469
05-15,1.0700016021728551,1.2699985504150497,-2.569999694824226,-0.4599990844726598,1.8100013732910085,0.2600002288818324,-0.1100006103515625,-1.620000839233402,-0.10000038146972656,0.050000190734861505,-1.039999961853022,0.06000041961669922,6.0,6.0,06-29,-0.11499985059102436
05-16,0.7700004577636719,1.529998779296882,-1.8499984741211009,0.21000099182128906,1.320001602172848,0.5,-0.5499992370605469,-1.139999389648441,0.4500007629394531,-0.09999942779540838,-0.9499998092651349,-0.36999988555908203,6.0,6.0,06-30,-0.014999469121297496
05-17,1.2299995422363281,0.9300003051757919,-2.3500022888183594,0.639999389648441,1.6099987030029297,0.2700004577636754,-0.6000003814697266,-0.3699989318847656,0.6000003814697266,-0.14999961853027344,-1.090000152587887,-0.17999935150146484,6.0,6.0,07-01,0.04499983787536799
05-18,1.2199993133544886,1.5500011444091832,-3.140003204345703,0.8600006103515625,1.810001373291012,0.34000015258789773,-0.6499996185302734,-0.529998779296875,1.1499996185302734,-0.10000038146972656,-0.6999998092651349,-0.05999946594238459,6.0,6.0,07-02,0.14583341280619333
05-19,1.0799999237060476,1.3800010681152308,-3.450000762939453,0.4800014495849503,2.0200004577636648,0.7800006866455114,-0.7099990844726527,-0.35000038146972656,0.8500003814697266,-0.5999994277954084,-0.6700000762939418,-0.06999969482422053,6.0,6.0,07-03,0.06166704495747736
05-20,1.1599998474121023,1.9200000762939418,-3.390003204345703,0.4800014495849503,2.0200004577636648,0.9500007629394531,-0.7800006866455078,-0.5900001525878906,0.6499996185302734,-0.5999994277954084,-0.6700000762939418,-0.07999992370605646,6.0,6.0,07-04,0.08916656176248978
05-21,1.5799999237060476,1.6200008392333984,-2.299999237060547,-0.15999984741210582,2.4300003051757812,1.2399997711181605,-0.6599998474121094,-0.05999946594238281,0.8999996185302734,-0.5,-0.9000005722045916,-0.009999275207521308,5.0,7.0,07-05,0.2650001843770336
05-22,2.6700000762939524,1.9300003051757777,-1.6199989318847656,-0.23999977111816762,3.059999465942383,0.7900009155273438,-0.9200000762939489,0.07000160217285156,1.0499992370605469,-0.10000038146972656,-1.179999351501463,-0.5900001525878906,6.0,6.0,07-06,0.41000024477640773
05-23,2.3799991607666016,1.600000381469723,-1.0799980163574219,-0.8500003814697266,3.0,0.5400009155273438,-0.7399997711181605,-0.279998779296875,1.1000003814697266,0.10000038146972656,-0.9600000381469744,-0.619999885559082,6.0,6.0,07-07,0.34916702906290675
05-24,1.8899993896484375,1.4000015258789027,-0.6599998474121165,-0.27999877929687855,2.7999992370605433,0.5900001525878906,-0.7800006866455078,-0.4599990844726598,0.8999996185302734,0.35000038146972656,-0.9499998092651403,0.09999942779541016,7.0,5.0,07-08,0.40833346048990676
05-25,0.6599998474121129,1.1200008392333949,-1.1800003051757884,-0.6900005340576172,2.070001602172855,0.5,-0.8400001525878906,-0.3799991607666051,0.9499988555908203,0.3000001907348615,-0.6100006103515625,-0.11999988555908203,6.0,6.0,07-09,0.14833339055379158
05-26,0.3400001525878871,1.0699996948242152,-1.6299972534179759,-2.3900012969970703,1.8100013732910156,-0.18999862670899148,-0.5200004577636719,-0.5499992370605504,0.14999961853027344,0.6999998092651349,-0.75,-0.10000038146972656,5.0,7.0,07-10,-0.17166638374328835
05-27,0.7100009918212855,0.6300010681152308,0.32999801635741477,-3.0400009155273438,2.0,-0.179998397827152,-0.8699989318847621,-0.5699996948242152,0.7999992370605469,0.5999994277954084,-0.3500003814697248,-0.3400001525878906,6.0,6.0,07-11,-0.023333311080933505
05-28,0.5100002288818324,0.7700004577636683,-0.9099998474121094,-3.600000381469737,0.2600002288818324,0.06000137329101207,-1.1700000762939453,-0.10000038146972656,0.8499984741210938,0.5500001907348615,-0.34000015258788885,-0.10000038146972656,6.0,6.0,07-12,-0.2683333555857361
05-29,-0.04000091552734375,2.139999389648441,-2.2299995422363352,-7.780000686645504,-0.020000457763675428,-0.0699996948242152,-1.0499992370605469,0.2699985504150355,0.6999988555908203,0.3000001907348615,-0.1099996566772461,-0.319999694824217,4.0,8.0,07-13,-0.6841669082641605
05-30,-0.5,1.889999389648441,-2.7299995422363352,-6.159999847412106,-0.12000083923340199,-0.38000106811522727,-0.07999992370605824,0.28999900817871094,1.0499992370605469,0.8500003814697266,-0.40000057220458984,-0.8199996948242205,4.0,8.0,07-14,-0.5925002892812095
05-31,0.049999237060546875,2.4500007629394496,-6.75,-6.219999313354489,0.8799991607666016,1.0099983215332031,0.1100006103515554,-0.3100013732910121,1.5,1.1500005722045916,0.0,-0.880000114440918,7.0,5.0,07-15,-0.5841668446858725
06-01,0.3899993896484375,4.829999923706055,-5.349998474121094,-6.340000152587891,1.7299995422363281,1.3299999237060547,0.4600009918212855,-0.36000061035155895,0.35000038146972656,1.4300003051757812,-0.07999992370605824,-0.6799993515014648,7.0,5.0,07-16,-0.19083317120869983
06-02,0.4599990844726527,3.4300003051757777,-5.619998931884766,-6.440000534057621,2.170000076293949,1.3499984741210973,-0.8099994659423757,-0.15999984741210582,-0.14999961853027344,0.5499992370605469,0.05999946594237926,0.039999961853027344,7.0,5.0,07-17,-0.4266668160756426
06-03,0.3400001525878871,2.5799999237060547,-5.119998931884773,-6.560001373291016,2.670000076293949,1.4099998474121094,-0.7699985504150355,-1.3800010681152344,-0.10000038146972656,0.8999996185302734,-0.05000019073486506,-0.3000001907348615,5.0,7.0,07-18,-0.5316667556762699
06-04,0.6399993896484375,4.630001068115238,-4.420001983642578,-6.620000839233398,3.35000038146973,1.3899993896484375,-0.7799987792968714,-1.4200000762939418,0.0,0.8999996185302734,-0.45000076293945135,-0.11999988555908025,5.0,7.0,07-19,-0.2416668732961004
06-05,2.430000305175785,4.420000076293949,-4.400001525878906,-7.079999923706062,3.380001068115238,0.5999984741210973,-0.04999923706055043,-1.4699993133544886,0.0,0.8499994277954119,-0.2700004577636701,-0.4400005340576154,5.0,7.0,07-20,-0.16916680335998432
06-06,2.8700008392333984,5.05000114440918,-3.9000015258789062,-7.909999847412113,2.2199993133544957,0.04999923706055043,-0.23999977111816406,-1.5399990081787074,1.4500007629394531,1.0499992370605469,-0.5599994659423775,-0.5600004196166992,6.0,6.0,07-21,-0.16833329200744526
06-07,3.35000038146973,5.190000534057617,-4.459999084472656,-8.079999923706062,2.350000381469723,-0.2600002288818253,-0.46000099182128906,-0.8299999237060476,1.6000003814697266,1.2499990463256818,-4.410000801086429,-0.43000030517578125,5.0,7.0,07-22,-0.432500044504801
06-08,3.5,4.229999542236332,-3.75,-7.780000686645511,2.350000381469737,-0.2700004577636612,-0.38999938964843395,-0.7100009918212855,1.4500007629394531,1.7500009536743182,-4.830000877380369,-0.3600006103515643,5.0,7.0,07-23,-0.4008334477742488
06-09,3.950000762939453,4.190000534057617,-3.7399978637695312,-6.979999542236328,2.5,-0.2499999999999929,-0.3299999237060547,-0.600000381469723,3.149999618530277,2.0,-4.930000305175783,0.9400005340576207,6.0,6.0,07-24,-0.00833304723103708
06-10,4.25,3.5699996948242188,-3.0900001525878835,-7.260000228881832,2.569999694824233,-0.20999908447264914,-0.4699993133544922,-0.75,2.8499984741210973,2.200000762939453,-5.040000915527342,1.050000190734865,6.0,6.0,07-25,-0.027500073115027668
06-11,4.079999923706055,4.710000991821296,-2.460002899169929,-7.85999870300293,2.670000076293949,0.06999969482422586,-0.5199985504150391,-0.5300006866455078,3.149999618530277,2.049999237060547,-5.099999427795414,2.289999961853029,7.0,5.0,07-26,0.21249993642171328
06-12,4.80000114440918,5.130001068115234,-3.1100006103515767,-8.579999923706051,2.9400005340576136,0.020000457763675428,-0.4300003051757848,-0.6200008392333984,3.3499984741210973,1.5499992370605469,-4.90000057220459,2.2999992370605487,7.0,5.0,07-27,0.20416649182637459
06-13,5.149999618530273,5.759998321533196,-3.1000022888183594,-8.180000305175781,2.3099994659423935,-0.05999946594238281,-0.5300006866455078,-0.43000030517578125,2.7500000000000036,1.2999992370605469,-5.199999809265137,1.8299999237060547,6.0,6.0,07-28,0.1333328088124599
06-14,5.09000015258788,4.829999923706055,-5.6699981689453125,-8.129999160766602,2.8600006103515625,0.7899990081787145,-0.8100004196166992,-0.25,2.899999618530277,0.8999996185302734,-5.130001068115233,1.989999771118164,7.0,5.0,07-29,-0.05250000953674331
06-15,4.510000228881832,4.030000686645511,-5.040000915527337,-8.819999694824219,2.4300003051757812,0.6700000762939489,-0.8500003814697266,-0.30999946594238637,3.10000038146973,1.050000190734865,-5.039999008178713,1.4699993133544922,7.0,5.0,07-30,-0.233333190282185
06-16,5.170000076293942,4.25,-4.700000762939453,-8.819999694824222,2.260000228881836,0.5699996948242223,-0.6800003051757812,-0.4899997711181605,2.9500007629394567,0.7999992370605469,-5.09999942779541,1.2600002288818377,7.0,5.0,07-31,-0.21083331108093217
06-17,5.020000457763672,3.9300003051757812,-3.5300025939941406,-9.029998779296879,2.5500011444091797,0.18999862670898793,-0.6599998474121094,-0.35000038146972656,2.800001144409176,0.75,-5.119998931884766,1.3800001144409197,7.0,5.0,08-01,-0.17249989509582533
06-18,5.059999465942383,3.6499996185302734,-4.329998016357415,-8.2199993133545,2.1100006103515625,0.6899986267089879,-0.6800003051757812,-0.5499992370605469,3.050001144409176,0.75,-5.5800008773803675,1.2100000381469762,7.0,5.0,08-02,-0.23666652043660422
06-19,4.180000305175785,3.4200000762939418,-5.069999694824219,-9.710000991821289,2.1399993896484375,0.8099994659423899,-0.4000015258789098,-0.6599998474121094,3.25,0.8499994277954084,-5.410000801086426,1.239999771118164,7.0,5.0,08-03,-0.44666703542073555
06-20,4.619998931884766,3.6599998474121094,-6.069999694824219,-9.79000091552734,2.6700000762939418,0.1900005340576172,-0.25,-0.9400005340576136,2.949998855590824,0.9499998092651385,-5.410000801086426,1.4400005340576172,7.0,5.0,08-04,-0.4983336130777987
06-21,4.6699981689453125,3.489999771118164,-6.0,-8.110000610351562,2.9000015258789027,0.2900009155273402,-0.3600006103515625,-0.4799995422363281,3.399999618530277,1.8499994277954084,-5.10999965667725,1.5300006866455078,7.0,5.0,08-05,-0.1608333587646492
06-22,4.439998626708984,4.410001754760746,-5.909999847412109,-8.770000457763672,3.1800003051757777,0.4300003051757777,-0.5799999237060547,-0.5,3.2500000000000036,1.8500003814697266,-4.840000152587889,1.8800001144409162,7.0,5.0,08-06,-0.09666657447814941
06-23,4.269998550415043,4.270000457763675,-6.600002288818359,-8.360000610351566,3.360000610351559,0.5600013732910121,-0.6599998474121129,-0.7399997711181641,2.899999618530277,1.8499994277954084,-4.829999923706055,1.8699998855590838,7.0,5.0,08-07,-0.17583354314168323
06-24,3.7199993133544957,4.460000991821289,-7.739997863769531,-7.979999542236332,3.19000053405761,0.37999916076660156,-0.5699996948242188,0.07999992370605469,2.450000762939453,1.9999990463256818,-4.5500001907348615,2.420000076293947,8.0,4.0,08-08,-0.17833312352498418
06-25,2.8499984741210973,3.890001296997074,-8.429998397827145,-6.860000610351566,2.5300006866455114,0.7799987792968821,-0.48999977111816406,0.8000011444091761,2.299999237060547,1.9999990463256818,-4.319999694824217,2.380000114440918,8.0,4.0,08-09,-0.21416664123535037
06-26,2.549999237060547,3.4899997711181676,-10.539999008178711,-7.45000076293946,2.2999992370605504,0.6099987030029332,-0.1100006103515625,0.6700000762939489,2.5499992370605504,1.449999809265135,-4.310000419616699,1.510000228881836,8.0,4.0,08-10,-0.6066670417785637
06-27,2.0600013732910156,3.870000839233402,-8.669998168945312,-7.7600002288818395,1.8500003814697266,-0.2999992370605504,0.060001373291015625,0.7800006866455078,2.1000003814697266,1.3499994277954084,-4.02000045776367,1.5899991989135742,8.0,4.0,08-11,-0.590832869211833
06-28,1.6800003051757812,3.75,-11.40999984741211,-7.440000534057621,1.6999988555908203,-0.6099987030029332,0.2600002288818395,0.26999855041503906,1.6499996185302734,1.199999809265135,-4.039999961853027,1.299999237060545,8.0,4.0,08-12,-0.974166870117188
06-29,1.350000381469723,2.839998245239258,-10.989997863769531,-7.63000106811522,1.2199993133544993,-0.399999618530277,-0.10999870300293324,-0.04000091552734375,1.75,1.0499992370605469,-4.25,1.299999237060545,6.0,6.0,08-13,-1.1591668128967278
06-30,1.3400001525878977,2.9399986267089844,-10.939998626708984,-7.329999923706062,1.3500003814697301,-0.4899997711181676,-0.20000076293945312,-0.7600002288818359,1.1499996185302734,0.9499998092651385,-4.189999580383303,1.3099994659423846,6.0,6.0,08-14,-1.239166736602783
07-01,0.4200000762939453,2.6399993896484375,-9.329999923706051,-7.70999908447266,1.55999946594239,-0.8500003814697266,-0.14000129699706676,-0.7200012207031214,1.0,1.1500005722045916,-4.090000152587892,1.630000114440918,6.0,6.0,08-15,-1.203333536783853
07-02,-0.17000007629394176,2.440000534057617,-10.170000076293942,-8.239999771118164,1.1399993896484375,-0.7000007629394567,-0.07000160217285512,-0.220001220703125,1.1500015258789062,1.2500009536743182,-4.319999694824217,1.7199993133544922,5.0,7.0,08-16,-1.3491667906443274
07-03,0.610000610351566,2.5799999237060547,-10.0,-7.700000762939453,1.2399997711181676,-0.9899997711181676,-0.1400003433227539,0.010000228881832385,0.9000015258789062,1.0499992370605469,-4.489999771118164,1.0900001525878906,7.0,5.0,08-17,-1.3199999332427979
07-05,-0.020000457763675428,3.4599990844726562,-10.360000610351562,-7.579999923706055,0.13999938964843395,-0.899999618530277,0.21000099182129262,-0.2700004577636719,1.2000007629394531,0.6999988555908203,-4.769999504089354,0.8600006103515625,6.0,6.0,08-19,-1.4441667397816982
07-06,0.43000030517578125,3.9699993133544957,-10.810001373291009,-5.779998779296875,0.1800003051757777,-0.6199989318847692,0.06999969482421875,-0.4500007629394496,1.8000011444091797,0.9500007629394531,-4.470000267028807,0.8699998855590803,7.0,5.0,08-20,-1.1549998919169102
07-07,1.8999996185302699,2.8999996185302805,-12.979999542236328,-5.010000228881836,-0.020000457763671875,-0.38999938964844105,-0.3100004196166992,-0.4799995422363317,1.0,0.9500007629394531,-4.159999847412108,0.9699993133544922,5.0,7.0,08-21,-1.3025000095367432
07-08,2.2199993133544957,2.80999946594239,-14.55000114440918,-5.389999389648441,-0.05000114440918324,0.39999961853028054,-0.630000114440918,-1.2299995422363281,1.0500011444091797,1.1499996185302734,-4.4300003051757795,0.9499998092651367,6.0,6.0,08-22,-1.475000222524006
07-09,2.4200000762939453,2.0500011444091797,-13.530000686645497,-4.629999160766602,-0.8299999237060547,0.38999938964844105,-0.46000003814697266,-1.6099987030029297,0.9000015258789062,1.5,-4.760000228881836,0.9099998474121076,6.0,6.0,08-23,-1.4708330631256092
07-10,2.34000015258788,2.390001296997056,-13.170001983642571,-4.310001373291005,0.9099998474121129,0.7000007629394531,-1.109999656677246,-1.5599994659423793,1.1000003814697266,1.6000003814697266,-4.770000457763672,0.9099998474121112,7.0,5.0,08-24,-1.2475000222524006
07-11,2.2100009918212855,2.0500011444091797,-11.800001144409176,-0.13000106811523793,0.37999916076660156,0.4099998474121094,-1.340000152587887,-1.5100002288818324,1.3000011444091797,1.8500003814697266,-4.820000648498533,0.7100000381469744,7.0,5.0,08-25,-0.8908333778381342
07-12,2.319999694824215,1.9000015258788991,-11.380001068115227,0.8999996185302734,-0.020000457763668322,-0.030000686645507812,-1.8100004196166957,-1.539999008178711,0.9500007629394531,1.3700008392333984,-5.0,0.7000007629394531,6.0,6.0,08-26,-0.9699998696645098
07-13,2.319999694824215,1.3199996948242223,-7.3600006103515625,-0.3400001525878871,-0.4099998474121094,0.0,-2.100000381469723,-0.9399986267089879,1.4500007629394531,1.3500003814697266,-5.609999656677244,0.869999885559082,5.0,7.0,08-27,-0.7874999046325679
07-14,1.6599998474121094,-1.0599994659423828,-6.5,-0.4799995422363281,-0.4899997711181676,0.25,-1.9300003051757812,0.24000167846679688,1.6499996185302734,0.9500007629394531,-5.579999923706051,0.6299991607666016,6.0,6.0,08-28,-0.8883331616719564
07-15,1.5699996948242223,-1.3500003814697301,-7.219999313354489,-0.5499992370605469,-1.0500011444091832,0.4000015258789027,-0.7700004577636754,0.3299999237060547,1.75,1.0,-5.749999999999998,0.36999988555908025,6.0,6.0,08-29,-0.9391666253407802
07-16,0.029998779296875,-0.8199996948242223,-6.690000534057617,-0.6699981689453125,-1.5400009155273509,0.3300018310546875,-1.4200000762939453,0.4799995422363281,1.5,0.9500007629394531,-5.560000419616699,0.6199998855590803,6.0,6.0,08-30,-1.0658332506815602
07-17,-0.4500007629394531,0.2099990844726598,-5.329999923706051,-0.3400001525878871,-2.040000915527351,0.4900016784667933,-0.8900003433227539,0.6000003814697266,1.4500007629394531,1.0,-5.63000011444092,-0.22000026702880682,5.0,7.0,08-31,-0.9291667143503824
07-18,-1.3800010681152415,-0.3400001525878906,-4.979999542236332,-0.6599998474121023,-2.1900005340576207,0.6100006103515625,-0.5999994277954119,0.6700000762939453,1.5499992370605469,0.9500007629394531,-1.9400005340576172,-0.40999984741211115,4.0,8.0,09-01,-0.7266666889190683
07-19,-1.370000839233402,0.0,-4.780000686645504,-0.9099998474121023,-2.320001602172855,0.5300006866455043,-0.279998779296875,0.4499988555908203,0.049999237060546875,0.5499992370605469,-1.3400001525878924,-0.5399999618530273,4.0,8.0,09-02,-0.8300003210703534
07-20,-1.7200012207031286,0.5299987792968679,-4.500001907348629,-0.610000610351559,-2.270000457763661,0.6599998474121058,-0.6399993896484375,-0.01000022888183949,-1.7500000000000036,0.5,-0.9300003051757795,-0.4200000762939453,3.0,9.0,09-03,-0.9300004641215008
07-21,-2.2900009155273438,1.259998321533196,-4.309999465942386,-0.7299995422363317,-2.569999694824208,0.75,-0.6900005340576225,0.2999992370605504,-1.2500000000000036,0.39999961853027344,-1.1599998474121076,-0.26000022888183416,4.0,8.0,09-04,-0.8791669209798182
07-22,-2.660001754760742,0.01999664306639204,-4.449998855590817,-1.0999984741210973,-2.8000011444091655,0.6399993896484375,-0.6000003814697283,0.3899993896484375,-1.5000000000000036,0.5,-1.3000001907348615,-1.1100006103515643,4.0,8.0,09-05,-1.164167165756226
07-23,-3.0800018310546875,-0.1900024414062571,-4.239999771118157,-1.1199989318847692,-0.2600002288818395,0.8199996948242116,-0.709999084472658,0.6200008392333984,-1.3500003814697301,0.25,-1.219999313354494,-1.3800001144409197,3.0,9.0,09-06,-0.9883334636688251
07-24,-3.0400009155273438,-0.6199989318847514,-5.970001220703114,-0.7100009918212926,0.0,0.7099990844726527,-0.5599994659423846,0.9300003051757777,-1.9500007629394567,0.40000152587890625,-1.109999656677246,-1.1600008010864258,3.0,9.0,09-07,-1.09000015258789
07-25,-3.040000915527333,-0.4199981689453054,-6.489999771118157,-0.6700000762939489,-0.06999969482421875,0.4600009918212855,-0.2600002288818377,1.1300010681152344,-2.0999984741210973,0.9000015258789062,-0.969999313354494,-2.3600006103515625,3.0,9.0,09-08,-1.1574994723002108
07-26,-2.319999694824208,-0.75,-4.729999542236332,-0.42000007629394887,0.48999977111816406,0.4399986267089808,-0.4499998092651367,0.7800006866455078,-1.649999618530277,0.4500007629394531,-0.8000001907348615,-2.310000419616699,4.0,8.0,09-09,-0.9391666253407798
07-27,-2.1900005340576065,0.8599987030029226,-3.4500007629394496,-0.37999916076660156,1.1800003051757812,0.4799995422363317,-0.46000003814697266,0.6700000762939453,-1.649999618530277,0.4500007629394531,-0.6899995803833026,-2.570000648498535,5.0,7.0,09-10,-0.6458334128061926
07-28,-0.9700012207031179,1.0699977874755753,-3.639999389648434,-0.7399997711181641,0.9799995422363281,0.3099994659423828,-0.46000003814697266,0.720001220703125,-1.4999999999999964,0.6499996185302734,-0.5999994277954102,-2.0199995040893572,5.0,7.0,09-11,-0.516666809717814
07-29,-1.090000152587887,1.1099987030029226,-3.1600017547607493,-1.2100009918212855,1.3400001525878906,0.529998779296875,-0.7100000381469727,0.7599983215332031,-1.7499999999999964,0.4500007629394531,-0.18000030517578125,-2.170000076293949,5.0,7.0,09-12,-0.5066672166188564
07-30,-0.9600009918212891,2.0199985504150355,-3.399999618530284,-0.6400012969970703,1.1699981689453125,0.0699996948242152,-0.9299993515014648,0.2700004577636683,-1.4000015258789027,0.25,0.18999958038330078,-2.029999732971193,6.0,6.0,09-13,-0.449167172114056
07-31,-0.26000022888183594,1.8499984741210866,-2.719999313354492,-1.4899997711181605,1.029998779296875,0.4699993133544922,-1.0600004196166992,0.42000007629394887,-1.100000381469723,2.299999237060547,0.43000030517578125,-2.340000152587889,6.0,6.0,09-14,-0.2058336734771724
08-01,0.3100013732910156,2.0400009155273366,-1.0400009155273402,-0.8199996948242188,0.6699981689453125,0.7700004577636719,-1.2499990463256818,0.11999893188476562,-1.3999996185302734,2.3999996185302734,0.5900001525878906,-2.1900005340576154,7.0,5.0,09-15,0.016666650772094727
08-02,0.030000686645507812,1.7900009155273366,0.6499996185302734,-0.7099990844726562,0.470001220703125,0.3899993896484375,-1.3999996185302734,0.3400001525878871,-0.7999992370605504,2.3499984741210938,0.44000053405761363,-1.989999771118164,8.0,4.0,09-16,0.1300002733866359
08-03,-0.07999992370605469,1.9499988555908132,0.010000228881835938,-0.8099994659423828,0.25,0.04000091552734375,-1.2199993133544922,0.10999870300292969,-0.5499992370605504,2.6499996185302734,0.5500001907348633,-1.9600000381469727,7.0,5.0,09-17,0.07833337783813388
08-04,0.5400009155273438,1.4699974060058523,1.5599994659423828,-0.9700012207031214,-0.15999984741210938,0.2700004577636754,-0.9499998092651385,0.2700004577636719,-0.10000038146972656,2.450000762939453,0.7799997329711932,-2.2599992752075178,7.0,5.0,09-18,0.24166655540466322
08-05,0.8800010681152308,1.9999980926513565,2.0899982452392614,-1.1200008392333984,0.36000061035155895,0.0699996948242152,-0.9399995803833026,0.4099998474121129,0.15000152587890625,2.1500015258789062,0.7899999618530273,-2.239999771118164,9.0,3.0,09-19,0.3833333651224759
08-06,0.9500007629394531,2.200000762939453,3.680000305175785,-1.3600006103515625,0.8700008392333984,-0.19999885559082742,-1.0199995040893572,0.350000381469723,0.20000076293945312,2.3000011444091797,0.34000015258788885,-1.5299997329711914,8.0,4.0,09-20,0.5650005340576163
08-07,1.0199985504150426,2.2700004577636648,3.389999389648441,-2.2600002288818324,1.2000007629394496,0.25,-1.2300004959106445,0.7200012207031214,0.10000038146972656,2.0500011444091797,0.3299999237060529,-2.049999237060547,9.0,3.0,09-21,0.48250015576680455
08-08,1.5699996948242188,2.8100013732910156,2.8199996948242188,-1.94000053405761,1.1300010681152308,0.5099983215332031,-1.7499990463256871,0.5200004577636648,-0.04999923706055043,2.4000005722045916,0.19999980926513672,-1.6300001144409162,8.0,4.0,09-22,0.549166838328043
08-09,1.739999771118164,2.759998321533196,-0.21000099182129262,-2.4200000762939453,1.2400016784667933,-0.19000053405762074,-1.7199993133544957,0.7399997711181641,0.35000038146972656,2.450000762939453,0.39000034332275213,-1.809999465942381,7.0,5.0,09-23,0.27666672070820947
08-10,1.6000003814697301,2.0599994659423864,1.8099994659423793,-2.029998779296875,0.4599990844726598,-0.5300006866455078,-2.0499992370605504,0.7700004577636719,0.7000007629394531,2.6000003814697266,0.3800001144409162,-1.8699998855590803,8.0,4.0,09-24,0.32500012715657584
08-11,1.5100002288818395,3.5699996948242188,-0.47999954223633523,-1.899999618530277,0.6000003814697301,-0.8699989318847656,-1.8100004196166957,0.600000381469723,0.6500015258789062,2.5,0.46000003814697443,-2.2299995422363263,7.0,5.0,09-25,0.21666701634724936
08-12,1.5300006866455043,4.099998474121094,-1.5100002288818395,-1.75,0.279998779296875,-0.4899997711181676,-1.669999122619629,1.1100006103515625,0.6999988555908203,2.1499996185302734,0.31999969482421875,-2.359999656677246,7.0,5.0,09-26,0.2008331616719555
08-13,1.2399997711181605,3.8599987030029297,-0.8299999237060511,-2.1800003051757812,0.0699996948242152,-0.5699996948242223,-1.5599994659423828,0.5100002288818395,0.649999618530277,2.1000003814697266,0.5100002288818342,-2.4499998092651367,7.0,5.0,09-27,0.11249995231628403
08-14,1.1700000762939382,3.8899993896484375,-0.5500011444091797,-2.3400001525878977,0.1399993896484375,-0.6000003814697301,-1.2399997711181623,0.2899990081787145,1.1999988555908203,1.8999996185302734,0.819999694824217,-2.3699998855590803,7.0,5.0,09-28,0.19249955813089903
08-15,2.159999847412113,3.740001678466804,-1.0900001525878906,-2.85000038146973,1.039999008178711,-1.090000152587887,-1.5700006484985405,0.4499988555908274,2.1999988555908203,2.0500011444091797,1.1099996566772443,-2.170000076293947,7.0,5.0,09-29,0.33166646957397533
08-16,2.3600006103515625,3.75,-1.8700008392333878,-3.65000152587891,1.489999771118157,-1.5,-1.5600013732910192,0.6800003051757812,2.049999237060547,1.6499996185302734,0.5299997329711932,-1.890000343322754,7.0,5.0,09-30,0.16999959945678697
08-17,2.1400012969970703,4.270000457763672,-1.75,-3.5799999237060547,1.489999771118164,-1.5799999237060547,-1.7800006866455114,0.75,2.3999996185302734,1.1000003814697266,0.23999977111816584,-1.7100000381469727,7.0,5.0,10-01,0.16583339373270656
08-18,1.6299991607666051,3.7600002288818324,0.4200000762939453,-5.079999923706051,1.639999389648441,-1.8999996185302734,-1.5499992370605469,0.7899990081787109,2.049999237060547,1.1000003814697266,0.28999996185302734,-1.8499994277954084,8.0,4.0,10-02,0.10833326975504631
08-19,1.389999389648441,4.170000076293942,0.1999988555908203,-5.370000839233395,1.8999996185302734,-2.4400005340576207,-1.109999656677246,0.7999992370605504,2.549999237060547,1.0200004577636754,0.009999275207521308,-1.7299995422363281,8.0,4.0,10-03,0.11583296457926506
08-20,1.359998703002944,4.60999870300294,-1.0,-5.2499999999999964,1.620000839233402,-2.540000915527351,-1.0299997329711914,0.9799995422363317,2.899999618530277,1.3200016021728516,0.5100002288818377,-1.5699996948242188,7.0,5.0,10-04,0.15916657447815222
08-21,0.2600002288818395,5.359998703002926,-1.4699993133544922,-6.7400016784668,2.210000991821289,-2.4899997711181676,-0.8600006103515625,1.010000228881836,2.9499988555908203,1.1200008392333984,0.44000053405761896,-1.2699995040893572,7.0,5.0,10-05,0.0433332920074457
08-22,-0.2899990081787074,5.159997940063473,-0.6299991607666051,-6.5000000000000036,1.7900009155273402,-2.2900009155273438,-0.4700002670288086,0.9899997711181641,2.8500003814697266,1.0699996948242188,0.5799999237060582,-1.2100000381469727,6.0,6.0,10-06,0.08749993642171165
08-23,-0.1700000762939382,5.920000076293942,-0.7199993133544922,-4.860000610351566,1.5499992370605433,-3.810001373291012,0.11999988555908203,1.1600017547607422,2.799999237060547,1.0200004577636719,1.0399999618530273,-0.7700004577636719,7.0,5.0,10-07,0.27333323160807294
08-24,0.21000099182129262,5.849998474121097,-0.639999389648441,-4.309999465942383,2.0,-3.410001754760742,0.5600004196166974,1.1700000762939453,2.450000762939453,0.7599983215332031,1.2100000381469709,-1.0399999618530273,8.0,4.0,10-08,0.4008332093556722
08-25,0.31000137329102273,5.869998931884766,0.010000228881828832,-4.719999313354496,2.2099990844726562,-3.810001373291012,0.7100000381469727,0.9900016784667969,2.10000038146973,0.35000038146972656,1.0200004577636719,-0.7099990844726562,9.0,3.0,10-09,0.36083356539408395
08-26,0.6300010681152379,6.069999694824219,0.4200000762939453,-4.670000076293945,1.9799995422363281,-3.440000534057617,0.18999958038330078,1.0500011444091797,2.25,0.20000076293945312,0.7700004577636701,-0.6699991226196289,9.0,3.0,10-10,0.3983335494995119
08-27,0.860000610351566,3.7400016784667933,-1.7800006866455114,-4.930000305175781,0.13000106811523438,-3.6100006103515625,-0.09000015258789062,0.7999992370605469,2.4500007629394496,0.5799999237060547,0.8000001907348633,-0.2599992752075213,7.0,5.0,10-11,-0.10916646321614658
08-28,1.5400009155273509,4.229999542236328,-1.1200008392333984,-4.810001373291016,0.12000083923340199,-3.5200004577636683,0.0900001525878924,0.6700000762939453,2.2999992370605504,0.10999870300293324,0.7200002670288086,-0.25,8.0,4.0,10-12,0.006666421890260714
08-29,2.100000381469723,4.159999847412109,0.11000061035155895,-5.079999923706058,-0.07999992370605469,-4.309999465942379,-0.29000091552734375,0.37999916076660156,2.4999999999999964,0.059999465942386365,0.4099998474121094,-0.19999980926513672,7.0,5.0,10-13,-0.020000060399373965
08-30,1.4500007629394531,4.430000305175781,-0.8000011444091726,-4.680000305175781,0.8199996948242081,-4.940000534057617,-0.2400007247924787,0.12000083923339844,2.4000015258789027,-0.0400009155273402,-1.4600000381469727,-0.039999961853027344,5.0,7.0,10-14,-0.24833337465922053
08-31,2.520000457763672,1.9399986267089915,-1.5,-4.450000762939453,1.0699996948242152,-4.690000534057617,-0.5600004196166992,0.4100017547607422,2.350000381469723,-0.3000011444091797,-1.0900001525878906,-0.25,5.0,7.0,10-15,-0.379166841506958
09-01,3.3299999237060547,1.270000457763686,-1.060001373291012,-4.620000839233398,0.8800010681152308,-4.290000915527344,-1.1499996185302734,0.2700004577636719,1.8500003814697301,0.009998321533199572,-1.0600004196166974,-0.35000038146972656,6.0,6.0,10-16,-0.41000024477640656
09-02,3.75,1.0699996948242188,1.4200000762939453,-4.550000190734865,0.6700000762939453,-3.260000228881836,-1.1700000762939435,-0.6100006103515625,2.550001144409176,0.09999847412109375,-0.869999885559082,-0.5799999237060547,6.0,6.0,10-17,-0.12333345413208037
09-03,3.809999465942383,0.1399993896484446,3.5,-4.470000267028807,0.9899997711181605,-3.1700000762939418,-1.189999580383299,-0.9600009918212891,2.3500003814697266,1.1700000762939453,-0.5200004577636719,0.46000003814697266,7.0,5.0,10-18,0.17583314577738532
09-04,2.7299995422363317,0.10000228881836648,2.909999847412113,-4.1100006103515625,-1.6200008392333984,-2.9500007629394496,-1.0500001907348633,-0.9300003051757812,2.25,-1.9400005340576172,-0.49000072479248047,0.6500005722045898,5.0,7.0,10-19,-0.37083347638447933
09-05,2.860000610351559,0.3800010681152486,3.6099987030029297,-3.9200000762939418,-1.7800006866455078,-3.3599987030029297,-0.6800003051757795,-0.43000030517578125,0.7000007629394531,-1.9400005340576172,-1.0200004577636719,0.6900005340576172,5.0,7.0,10-20,-0.4074999491373685
09-06,2.9400005340576065,0.48000335693360086,3.1700000762939453,-4.440000534057617,-2.079999923706051,-2.639999389648441,-0.8100004196166992,0.9200000762939453,0.6499996185302734,-1.739999771118164,-0.8699998855590803,1.2200002670288086,6.0,6.0,10-21,-0.26666633288065605
09-07,2.8099994659423864,0.5100021362304759,1.4000015258789027,-4.070000648498535,-1.4699993133544886,-2.85000038146973,-0.6899995803833008,1.0799999237060547,0.6499996185302734,-3.0699996948242188,-1.140000343322754,1.450000762939455,6.0,6.0,10-22,-0.4491663773854566
09-08,2.1800003051757812,-0.1699981689453054,1.6200008392333984,-3.7299995422363317,-1.6099987030029297,-2.2299995422363317,-0.9499998092651349,0.9900016784667969,0.14999961853027344,-2.92000102996826,-1.3600006103515625,1.9600000381469727,5.0,7.0,10-23,-0.5058329105377194
09-09,1.5400009155273402,-0.9199981689453054,3.0699977874755895,-3.70999908447266,-1.9099998474121094,-2.4099998474121094,-0.9099998474121076,1.0399990081787145,-0.09999847412109375,-2.690000534057617,-1.4200000762939453,1.9299993515014666,4.0,8.0,10-24,-0.5408332347869864
09-10,1.0300006866455078,-0.9699974060058594,1.5,-2.9799995422363317,-2.5599994659423793,-2.529998779296875,-0.8899993896484357,0.5900001525878871,-0.4499988555908203,-2.7600011825561523,-1.8499994277954102,2.069999694824217,4.0,8.0,10-25,-0.816666126251221
09-11,0.5,-0.950000762939446,2.1999988555908203,-3.920000076293949,-2.679998397827145,-2.690000534057617,-0.41000080108642756,0.7399997711181605,-0.4499988555908203,-3.1099996566772443,-2.1999998092651367,1.9700002670288068,4.0,8.0,10-26,-0.9166666666666665
09-12,0.3400001525878871,0.1399993896484446,1.0599994659423828,-3.880001068115238,-2.2600002288818324,-1.9699993133544922,0.030000686645507812,0.3400001525878871,-1.1000003814697266,-5.159998893737791,-1.8800001144409162,1.8999996185302734,6.0,6.0,10-27,-1.0366667111714678
09-13,0.1399993896484375,-1.6199989318847514,-0.009998321533206678,-3.880001068115238,-2.7800006866455114,-1.760000228881836,-0.2199993133544922,0.6400012969970703,-1.0,-5.409998893737791,-2.25,1.489999771118164,3.0,9.0,10-28,-1.388333082199096
09-14,-0.6700000762939453,-1.710000991821282,-0.6999988555908203,-4.100000381469734,-2.3500003814697266,-1.8900012969970668,-0.4600000381469709,0.7000007629394531,-1.1000003814697266,-5.229999542236328,-2.1999998092651385,1.0099992752075213,2.0,10.0,10-29,-1.5583334763844803
09-15,-0.9699993133544922,-1.6999988555908132,-0.829998016357429,-3.9500007629394567,-2.7299995422363317,-1.75,-0.1099996566772461,0.5,-1.4500007629394531,-4.910000801086426,-2.139999389648441,0.34999942779541016,2.0,10.0,10-30,-1.6408331394195566
09-16,-1.3600006103515625,-1.760000228881836,1.9499988555908239,-3.549999237060547,-2.719999313354492,-1.9600009918212926,-0.1599998474121076,-0.20999908447265625,-1.1000003814697266,-5.150000572204588,-1.97999954223633,0.2999992370605469,2.0,10.0,10-31,-1.4750001430511475
09-17,-1.399999618530277,-2.159999847412106,2.120000839233395,-3.059999465942383,-3.5500011444091726,-1.8900012969970668,-0.06999969482421875,-0.48000144958496094,-1.2999992370605469,-4.730000495910646,-1.9999999999999982,0.5499992370605469,2.0,10.0,11-01,-1.4975001811981195
09-18,-1.2999992370605469,-2.3600006103515625,2.2899990081787003,-3.030000686645508,-3.890001296997063,-1.9099998474121094,0.22999954223632812,-0.3800010681152344,-1.3999996185302734,-5.160000801086426,-1.829999923706053,0.5,3.0,9.0,11-02,-1.5200003782908122
09-19,-1.8599987030029297,-2.1200027465820312,1.570001602172848,-3.2500000000000036,-3.7300014495849574,-1.0599994659423793,0.6899995803833026,-0.5300006866455078,-1.3999996185302734,-4.910000801086426,-1.8400001525878888,0.3899993896484375,3.0,9.0,11-03,-1.5041669209798176
09-20,-2.0499992370605433,-2.0900001525878906,2.1499996185302805,-3.300001144409176,-3.159999847412113,-0.4200000762939453,0.7699995040893537,0.5200004577636754,-1.5,-5.060000419616699,-2.6599998474121076,1.010000228881836,4.0,8.0,11-04,-1.3158334096272775
09-21,-1.709999084472667,-1.769996643066392,3.3099994659423935,-2.5200004577636683,-3.1400012969970703,0.04000091552734375,0.7399997711181641,0.1900005340576172,-1.4500007629394531,-4.700000762939453,-2.3699998855590856,0.8699998855590803,5.0,7.0,11-05,-1.042499860127766
09-22,-1.6000003814697301,-0.9499969482421804,4.639999389648445,-3.1200008392333984,-3.0100002288818395,-0.1999988555908203,1.119999885559082,-0.4699993133544922,-1.8999996185302734,-4.329999923706055,-2.0100002288818377,1.7800006866455078,3.0,9.0,11-06,-0.8374996980031327
09-23,-1.1800003051757812,-0.6499977111816335,4.030000686645504,-2.940000534057617,-3.1400012969970703,-0.07000160217285512,1.25,-0.8500003814697266,-1.7500000000000036,-4.199999809265135,-2.0799999237060582,2.140000343322754,3.0,9.0,11-07,-0.7866667111714686
09-24,-0.7900009155273402,-0.9399986267089844,3.950002670288093,-2.5699996948242188,-2.8499984741210973,-0.3600006103515625,0.9200000762939453,-0.8299999237060547,-1.7000007629394567,-4.260000228881836,-2.2899999618530273,2.2100000381469727,3.0,9.0,11-08,-0.7924997011820473
09-25,-1.119998931884762,-0.13000106811524859,3.8200016021728445,-1.6299991607666016,-2.8499984741210973,0.15999984741210227,1.0900001525878924,-0.37999916076660156,-1.7000007629394567,-3.8800010681152326,-2.579999923706053,2.9499998092651385,4.0,8.0,11-09,-0.5208330949147563
09-26,-1.3700008392333949,-0.990001678466804,4.39000129699707,-0.9399986267089808,-3.0799999237060476,0.2999992370605469,1.2300004959106445,-0.07999992370605469,-2.299999237060547,-3.780000686645506,-2.159999847412111,1.9799995422363281,4.0,8.0,11-10,-0.566666682561238
09-27,-1.1700000762939418,-1.2800025939941406,3.2700004577636648,-1.1299991607666016,-3.219999313354492,0.6800003051757812,1.0200004577636719,0.2100009918212855,-3.049999237060547,-3.1300010681152326,-1.8699998855590856,1.5600004196166992,5.0,7.0,11-11,-0.6758332252502449
09-28,-1.2199993133544922,-0.9099998474121094,4.290000915527337,0.4399986267089844,-2.9200000762939524,-0.7399997711181676,0.8300008773803711,0.1900005340576172,-2.799999237060547,-3.1799993515014666,-1.7200002670288086,2.180000305175783,5.0,7.0,11-12,-0.46333305040995426
09-29,-0.9099998474121094,-1.8400001525878906,4.810001373291005,0.6200008392333984,-2.899999618530277,-0.4400005340576172,1.1399993896484375,0.1900005340576172,-3.5,-3.4499998092651403,-1.7000007629394531,2.0000000000000018,5.0,7.0,11-13,-0.4983332157135023
09-30,-0.8499984741211009,-2.3699989318847656,5.870002746582038,1.0799999237060547,-2.7699985504150426,-0.8900012969970668,1.0499992370605469,0.3100013732910121,-3.7000007629394567,-4.119999885559087,-1.6300001144409197,2.1300001144409197,5.0,7.0,11-14,-0.49083288510640566
10-01,-0.17000007629394887,-3.6499977111816406,7.8999996185302805,0.6700000762939453,-2.889999389648434,-0.5799999237060476,0.9200000762939453,0.8299999237060547,-3.7000007629394567,-3.8699998855590874,-1.6999998092651385,2.0900001525878924,5.0,7.0,11-15,-0.3458331425984696
10-02,-0.2700004577636719,-3.6899986267089844,7.55000114440918,0.5999984741210938,-2.579999923706051,-0.6599998474121058,0.75,0.6299991607666016,-3.649999618530277,-4.2400007247924805,-1.930000305175783,2.039999961853029,5.0,7.0,11-16,-0.45416673024495413
10-03,-0.2199993133544993,-3.839998245239258,8.30999946594239,1.3299999237060582,-2.389999389648434,0.15999984741210227,0.09000015258789062,0.8299999237060547,-3.6499996185302734,-4.390000343322754,-1.9200000762939453,1.6000003814697283,6.0,6.0,11-17,-0.34083310763041164
10-04,-0.1099987030029439,-4.179998397827152,7.070001602172855,1.039999008178711,-3.3500003814697266,-0.11999893188476562,0.5,0.8500003814697266,-3.75,-4.079998970031738,-2.239999771118164,1.6000003814697283,5.0,7.0,11-18,-0.5641661485036225
10-05,0.1700000762939382,-4.950000762939453,5.790000915527347,1.6299991607666051,-2.9499988555908168,-0.4899997711181676,0.630000114440918,0.6299991607666016,-3.60000038146973,-3.5700006484985334,-1.9800004959106445,1.6000003814697283,6.0,6.0,11-19,-0.5908334255218506
10-06,-0.5900001525878906,-4.729999542236328,4.8300018310546875,1.5,-3.090000152587887,-0.2199993133544922,0.29999923706054865,0.4699993133544922,-3.200000762939453,-3.5600004196166974,-2.2200002670288086,1.8699998855590838,5.0,7.0,11-20,-0.7200000286102287
10-07,-0.6900005340576207,-4.060001373291016,4.450000762939453,1.7199993133544922,-2.489999771118164,0.07999992370605469,0.4399995803833008,0.5500011444091797,-3.2000007629394496,-3.7900009155273438,-2.2300004959106445,1.3699998855590838,6.0,6.0,11-21,-0.6541669368743895
10-08,-0.9200000762939489,-3.6599998474121094,3.319999694824215,1.7199993133544922,-2.3700008392333984,-0.5400009155273402,0.18999958038330078,0.7299995422363281,-2.800001144409176,-3.7900009155273438,-2.1800003051757812,1.4200000762939489,5.0,7.0,11-22,-0.740000486373901
10-09,-2.1399993896484446,-3.4599990844726562,2.360000610351559,2.0,0.03999900817871094,0.11999893188476918,0.5400009155273438,0.7299995422363281,-2.800001144409176,-5.02999973297119,-2.0399999618530273,1.5000000000000018,7.0,5.0,11-23,-0.6816666920979818
10-10,-2.3899993896484375,-3.420000076293949,2.360000610351559,2.0,-0.560001373291005,1.3199996948242188,0.5199995040893537,0.7299995422363281,-2.399999618530277,-4.509999275207521,0.05999946594238281,1.3400001525878924,7.0,5.0,11-24,-0.4125000635782879
10-11,-2.450000762939453,-3.420000076293949,0.8299999237060511,2.1399993896484375,0.25,1.5300006866455114,0.5399999618530291,1.3700008392333984,-2.550001144409176,-4.349999427795408,-0.3900003433227557,1.3400001525878924,7.0,5.0,11-25,-0.43000006675720187
10-12,-2.450000762939453,-4.560001373291016,1.3900012969970632,2.559999465942383,0.17000007629393465,1.9600009918212855,0.5399999618530291,1.5599994659423828,-2.2000007629394567,-4.019999504089352,-0.26999950408935725,1.3400001525878924,7.0,5.0,11-26,-0.3316667079925553
10-13,-3.5,-2.4099998474121165,0.6400012969970632,2.779999732971193,0.01000022888183949,1.9600009918212855,0.8599996566772496,2.130001068115238,-2.100000381469723,-4.179999351501465,0.1900005340576154,1.550000190734865,8.0,4.0,11-27,-0.17249965667724623
10-14,-3.9599990844726562,-1.6800003051757884,-2.0200004577636683,2.779999732971193,0.01000022888183949,1.8299999237060547,1.8099994659423864,2.479999542236328,-1.7000007629394531,-4.319999694824219,0.1900005340576154,1.5300006866455096,7.0,5.0,11-28,-0.25416668256123814
10-15,-3.60000038146973,-0.6499996185302734,-1.480001449584961,3.4199991226196342,0.5100002288818324,0.7999992370605469,1.8599996566772496,2.6000003814697266,-1.75,-4.539999008178711,-0.030000686645507812,1.2899999618530291,6.0,6.0,11-29,-0.13083354632059704
10-16,-4.110000610351559,-1.0699996948242259,0.3299999237060476,3.8499994277954084,0.1900005340576172,1.3499984741210973,1.290000915527342,2.4499988555908203,-1.0499992370605504,-5.570000648498533,-0.38000011444091797,1.5100002288818377,7.0,5.0,11-30,-0.100833495457968
10-17,-4.670000076293935,-1.4299983978271555,-0.7800006866455114,3.489999771118164,-0.030000686645511365,0.8699989318847656,1.6000013351440465,2.6000003814697266,-1.0499992370605433,-2.460000038146971,-0.5800008773803711,0.9800004959106463,5.0,7.0,12-01,-0.12166659037272076
10-18,-4.560001373291005,-1.409999847412113,1.0499992370605469,3.689999580383301,-0.25,0.9799995422363317,1.6199998855590856,1.75,0.5000000000000036,-1.2799997329711896,-0.40999984741211115,0.9800004959106463,7.0,5.0,12-02,0.22166649500529134
10-19,-5.23000144958495,-0.5699996948242116,1.4899978637695312,4.170000076293945,0.3099994659423828,0.9500007629394496,1.769999504089352,0.39999961853027344,1.0000000000000036,-1.3800001144409197,-0.2200002670288086,0.9800004959106463,8.0,4.0,12-03,0.3058330217997245
10-20,-5.119998931884773,-0.5999984741210866,1.020000457763679,3.809999465942383,0.2999992370605469,1.1300010681152344,1.5799989700317383,0.9500007629394531,1.149999618530277,-1.560000419616701,-0.3299999237060529,0.75,8.0,4.0,12-04,0.2566668192545582
10-21,-4.489999771118168,-0.6199989318847514,1.069997787475586,3.8299999237060547,0.07999992370605113,0.6700000762939453,1.8399991989135724,1.5,1.1999988555908239,-1.560000419616701,-0.36999988555908203,0.24000072479248225,8.0,4.0,12-05,0.2824997901916511
10-22,-4.579999923706058,-0.02000045776366477,0.9200019836425852,3.95999908447266,0.6900005340576207,1.0200004577636719,1.6599998474121094,1.2999992370605469,1.1499996185302734,-1.2300004959106428,-0.4200000762939453,0.10000038146972834,8.0,4.0,12-06,0.37916668256124036
10-23,-3.9500007629394496,-0.5400009155273438,2.010002136230476,2.3400001525878906,0.9799995422363281,0.5400009155273438,1.2299995422363281,1.7999992370605469,0.75,-1.3999996185302734,-0.4099998474121094,-0.02999973297118963,7.0,5.0,12-07,0.2766667207082123
10-24,-3.3799991607666016,-0.31999969482421875,0.75,2.7100009918212926,1.5400009155273509,0.529998779296875,1.739999771118164,1.75,0.5499992370605469,-0.8500003814697283,-0.15999984741210938,0.38000011444091975,8.0,4.0,12-08,0.4366667270660409
10-25,-3.0499992370605504,-0.3100013732910156,1.7099990844726634,2.309999465942383,2.090000152587887,1.0200004577636683,1.9200000762939418,2.6999988555908203,0.8999996185302734,-0.9800004959106445,-0.46000003814697266,0.38000011444091975,8.0,4.0,12-09,0.6858330567677812
10-26,-2.9299983978271484,1.55999755859375,1.0999984741211009,1.6800003051757812,2.430000305175785,0.6400012969970668,1.6499996185302734,2.6999988555908203,1.1499996185302734,-0.9499998092651367,-0.5700006484985334,0.38000011444091975,9.0,3.0,12-10,0.736666440963746
10-27,-1.779998779296875,1.8999996185302805,-1.1599998474121094,1.710000991821289,2.0900001525878906,1.0699996948242152,1.9000005722045845,3.5999984741210938,0.7000007629394531,-1.300000190734865,-0.3000001907348615,0.8600006103515625,8.0,4.0,12-11,0.7741668224334716
10-28,-1.3699989318847656,1.8499984741211044,-2.14999961853027,1.9700012207031214,1.4799995422363317,0.48999977111816406,1.3699998855590785,4.30000114440918,0.9499988555908203,-1.5,-0.28000068664550604,1.4900007247924822,8.0,4.0,12-12,0.7166666984558118
10-29,-1.6399993896484375,1.8199996948242116,-1.3799972534179616,2.260000228881836,1.4699993133544922,0.470001220703125,1.3900003433227504,4.25,0.7999992370605469,-1.670000076293947,-0.2799997329711914,1.4100008010864276,8.0,4.0,12-13,0.741667032241821
10-30,-0.9900016784667969,2.1300010681152344,-3.1399993896484304,2.2500000000000036,1.7800006866455043,0.1100006103515625,0.7100000381469709,3.8500003814697266,0.6499996185302734,-1.7899999618530273,-0.26999950408935725,1.700000762939455,8.0,4.0,12-14,0.5825002193450932
10-31,-0.8000011444091832,1.9099998474121094,-5.009998321533196,2.2500000000000036,1.8600006103515625,-0.19999885559081676,0.699999809265142,4.200000762939453,0.6999988555908203,-1.5099992752075213,0.5,1.0799999237060565,8.0,4.0,12-15,0.4733335177103692
11-01,-0.5000000000000036,1.9099998474121094,-4.530000686645504,1.7199993133544957,1.75,-0.8299999237060547,0.460000038146978,4.200000762939453,0.7999992370605469,-1.969999313354494,0.2599992752075213,1.0799999237060565,8.0,4.0,12-16,0.3624998728434254
11-02,-0.4500007629394567,2.1800003051757884,-4.5399990081787145,2.3299999237060547,1.7999992370605469,-1.0200004577636719,0.8300008773803693,3.3500003814697266,1.0499992370605469,-2.130000114440918,-0.1700000762939453,1.0799999237060565,7.0,5.0,12-17,0.35916662216186523
11-03,-0.4600009918212784,1.9099998474121094,-4.780000686645504,2.3299999237060547,2.299999237060547,-0.7700004577636719,1.2999992370605433,4.100000381469727,0.75,-2.529999732971193,-0.09000015258789062,1.2200002670288121,7.0,5.0,12-18,0.4399997393290212
11-04,-0.43000030517578125,1.7000007629394602,-4.950002670288093,2.04000091552734,2.4599990844726562,0.0,1.24999904632568,4.850000381469727,1.0,-3.0900001525878924,-0.10999965667724787,0.3699998855590838,7.0,5.0,12-19,0.4241664409637444
11-05,-0.7800006866455114,1.8400001525878977,-4.600000381469716,2.690000534057617,2.5300006866455043,0.21000099182129262,1.0699987411498988,4.350000381469723,1.25,-3.0900001525878924,0.0900001525878924,-0.4899997711181623,8.0,4.0,12-20,0.42250005404154534
11-06,-1.2699985504150426,2.549999237060547,-5.360000610351555,2.619998931884769,2.5599994659423864,0.20000076293945312,1.5600004196166992,4.649999618530273,1.2000007629394531,-3.3199996948242205,0.4400005340576172,0.2000007629394549,9.0,3.0,12-21,0.5025001366933196
11-07,-1.6800003051757812,2.479999542236328,-2.930000305175774,2.1099987030029332,2.8999996185302734,0.3099994659423828,1.5499992370605469,4.799999237060547,1.75,-3.649999618530277,0.13000011444091975,0.6199998855590838,9.0,3.0,12-22,0.6991662979125985
11-08,-1.4200000762939453,2.829998016357422,-3.9600009918212855,2.420000076293949,1.8900012969970703,1.8199996948242223,1.4400005340576136,4.300001144409176,1.7999992370605469,-3.8000001907348633,-0.1400003433227539,0.6199998855590838,8.0,4.0,12-23,0.649999856948853
11-09,-1.3600006103515625,3.1199989318847585,-2.300001144409169,2.239999771118164,2.530000686645508,1.9200000762939489,1.4599990844726527,3.850000381469723,2.1499996185302734,-3.4300003051757812,-0.21000003814697266,0.6199998855590838,8.0,4.0,12-24,0.8824996948242189
11-10,-1.310001373291012,2.7399978637695312,-2.5200023651123082,1.7800006866455078,2.530000686645508,1.9200000762939489,1.6499986648559535,3.4999999999999964,2.0,-2.760000228881834,-0.21000003814697266,0.0,7.0,5.0,12-25,0.7766661643981932
11-11,-1.4000015258789027,3.609996795654297,-4.079999923706058,1.5799999237060547,2.7900009155273473,1.7199993133544922,1.5599994659423793,2.9500007629394496,2.149999618530277,-2.929999351501463,-0.029999732971191406,0.0,7.0,5.0,12-26,0.6599996884663901
11-12,-0.8600006103515625,4.040000915527344,-3.1700000762939453,1.5300006866455078,2.509998321533203,2.4899997711181605,1.8099994659423793,2.9000015258789027,1.899999618530277,-3.0199995040893555,-0.010000228881834161,0.0,7.0,5.0,12-27,0.8433333237965898
11-13,-0.8199996948242116,4.289999008178711,-2.950000762939453,1.8899993896484375,2.369998931884762,3.159999847412113,1.8299999237060547,3.0000000000000036,1.8000011444091797,-2.6300001144409144,0.3400001525878906,0.0,8.0,3.0,12-28,1.0233331521352145
11-14,-0.9099998474120952,4.39000129699707,-2.9600009918212926,1.8400001525878906,2.9599990844726562,2.8999996185302734,1.5500011444091832,2.9000015258789027,1.6499996185302734,-2.5600004196166974,0.46000003814697266,0.0,8.0,3.0,12-29,1.0183334350585949
11-15,-0.9200000762939347,4.499998092651367,-4.4299983978271555,1.7299995422363281,3.0699996948242188,3.4400005340576207,1.380001068115238,2.5,1.6000003814697266,-2.7100000381469727,0.48000049591064275,0.0,8.0,3.0,12-30,0.8866667747497566
11-16,-0.8299999237060476,4.879999160766605,-4.030000686645508,1.5500011444091797,3.130001068115231,3.40000152587891,1.630001068115238,2.5,1.3000011444091797,-2.690000534057619,0.6599998474121076,0.0,8.0,3.0,12-31,0.958333651224773
11-17,-1.1099987030029297,4.8899993896484375,-2.809999465942383,1.3300018310546875,3.130001068115231,3.40000152587891,1.50000095367432,2.549999237060547,1.1000003814697266,-2.4600000381469727,0.6599998474121076,0.0,8.0,3.0,01-01,1.0150005022684734
11-18,-0.7299995422363317,4.549999237060547,-2.339998245239258,1.3900012969970703,2.9800014495849574,3.1599998474121094,1.3900012969970739,2.5,0.6000003814697266,-2.590000152587889,0.75,0.0,8.0,3.0,01-02,0.9716671307881671
11-19,-0.07999992370604758,4.5900001525878835,-1.1900005340576136,1.5800018310546875,2.5200004577636754,3.2600002288818324,1.1000003814697301,2.6499996185302734,-2.299999237060547,-2.6700000762939453,0.8200006484985334,0.0,7.0,4.0,01-03,0.8566669623057052
11-20,0.9699993133544957,4.379999160766605,-1.0900001525878906,2.1499996185302734,2.630001068115238,2.6000003814697266,1.0,2.3500003814697266,-1.6499996185302734,-1.6999998092651385,1.0200004577636719,0.0,8.0,3.0,01-04,1.0550000667572028
11-21,0.8199996948242223,4.589998245239261,-1.0499992370605504,1.9200000762939453,1.8000011444091832,1.7899990081787074,0.8999996185302699,2.6499996185302734,-2.6000003814697266,-2.089999198913574,1.2400007247924822,0.0,8.0,3.0,01-05,0.8308332761128745
11-22,0.9700012207031214,4.449998855590831,-1.94000053405761,1.6299991607666016,1.4799995422363388,1.3400001525878942,0.8199996948242152,2.850000381469723,-2.8000011444091797,-2.0199995040893555,1.2100000381469727,0.0,8.0,3.0,01-06,0.6658331553141293
11-23,1.2399997711181605,5.880001068115234,-0.8400001525878906,1.739999771118164,1.7299995422363281,1.2999992370605504,0.75,2.6500015258789027,-3.0,-1.989999771118164,0.6999998092651367,0.0,8.0,3.0,01-07,0.8466667334238686
11-24,1.1800003051757812,5.219999313354492,-0.7899990081787109,2.2900009155273438,1.769998550415039,0.9799995422363317,0.28000068664550426,2.4999999999999964,-3.049999237060547,-1.4699993133544922,0.7199993133544922,0.0,8.0,3.0,01-08,0.8025000890096026
11-25,1.4300003051757812,5.3600006103515625,-0.3799991607666051,2.3099994659423864,2.0,0.8100013732910156,0.48999977111816406,1.8499984741210973,-2.950000762939453,-1.1899995803833008,0.630000114440918,0.0,8.0,3.0,01-09,0.8633333841959638
11-26,1.9099998474121094,7.450000762939453,-2.590000152587887,2.2199993133544886,1.5900001525878906,0.5300006866455078,0.30999946594237926,1.7000007629394531,-2.5,-0.8999996185302734,0.7000007629394513,0.0,8.0,3.0,01-10,0.868333498636881
11-27,2.479999542236328,7.539999008178711,-2.319999694824215,1.4000015258789027,1.3999996185302699,0.6300010681152308,0.4199981689453054,1.5500011444091797,-2.799999237060547,-0.5700006484985352,0.7100000381469727,0.0,8.0,3.0,01-11,0.8700000445048003
11-28,2.2000007629394496,7.940000534057617,-1.9200000762939524,0.8900012969970703,0.9799995422363281,0.5500011444091726,0.8700008392333913,1.8000011444091797,-3.350000381469723,-0.6100006103515643,0.7400007247924787,0.0,8.0,3.0,01-12,0.8408337434132873
11-29,1.6600017547607422,7.870000839233398,-0.04000091552734375,0.5400009155273438,-0.4799995422363317,0.42000007629394887,0.9300003051757777,1.6499996185302734,-3.2500000000000036,-0.46000003814697266,0.6000003814697266,0.0,7.0,4.0,01-13,0.7866669495900466
11-30,1.2300014495849574,8.319999694824215,-2.5699996948242188,1.3299999237060547,-0.5599994659423864,0.2799987792968821,1.4400005340576136,2.0,-3.5000000000000036,-0.689999580383299,0.7200002670288068,0.0,7.0,4.0,01-14,0.6666668256123852
12-01,2.4200000762939453,7.379997253417962,-1.7299995422363281,1.1199989318847656,-0.6599998474121058,1.3599987030029297,0.7600002288818395,1.75,-3.199998855590824,-1.0,0.9400005340576154,0.0,7.0,4.0,01-15,0.7616664568583166
12-02,2.439998626708988,6.569999694824212,-2.2800025939941477,1.0399990081787074,-0.020000457763671875,1.5199985504150426,0.8299999237060547,1.8000011444091797,-3.049999237060547,-1.1599998474121112,0.8599996566772443,0.0,7.0,4.0,01-16,0.7124995390574126
12-03,2.25,6.0,-2.3000011444091832,1.2999992370605469,0.7199993133544957,1.3599987030029332,0.9699993133544922,1.0,-3.049999237060547,-1.1700000762939489,1.0799999237060547,0.0,8.0,3.0,01-17,0.6799996693929037
12-04,1.8799991607666016,5.739997863769531,-2.4800014495849645,2.14999961853027,0.4099998474121058,1.5100002288818395,0.7099990844726562,1.2000007629394531,-3.25,-0.7699995040893555,1.1899995803833008,0.0,8.0,3.0,01-18,0.6908329327901198
12-05,1.6100006103515554,5.720001220703125,-2.510002136230476,3.039999008178711,-0.15999984741210582,1.149999618530277,0.8799991607666087,1.5000000000000036,-3.5,-0.8199996948242188,1.2100000381469727,0.0,7.0,4.0,01-19,0.6766664981842044
12-06,1.25,5.970001220703125,1.4099998474121094,3.1799983978271484,-0.12000083923339844,1.2299995422363317,0.6999988555908239,1.7000007629394496,-3.299999237060547,-0.8199996948242188,1.260000228881836,0.0,8.0,3.0,01-20,1.0383332570393884
12-07,1.5400009155273473,8.560001373291016,1.5900001525878835,3.3599987030029297,-0.3900012969970632,1.5299987792968786,0.899999618530277,1.1500015258789027,-3.25,-0.22999954223632812,1.109999656677246,0.0,8.0,3.0,01-21,1.3224999904632575
12-08,1.0799999237060582,8.450000762939446,2.6999988555908168,2.369998931884769,-1.110000610351559,2.0199985504150426,1.4799995422363281,0.350000381469723,-5.469999313354496,0.06999969482421697,1.1700000762939453,0.0,9.0,2.0,01-22,1.092499732971191
12-09,0.7399997711181676,8.139999389648445,1.7999992370605469,2.119998931884769,0.11999893188476918,1.5900001525878942,1.4699993133544957,0.20000076293945668,-5.600000381469727,0.09000015258789062,1.140000343322754,0.0,10.0,1.0,01-23,0.9841663837432885
12-10,0.4800014495849645,7.090000152587891,3.450000762939453,2.0799999237060547,1.8999996185302734,2.0299987792968786,1.6599998474121094,0.14999961853027344,-5.200000762939453,-0.020000457763671875,1.02000045776367,0.0,9.0,2.0,01-24,1.2199999491373703
12-11,1.0500011444091832,6.880001068115234,4.530002593994148,1.2100009918212855,1.8999996185302734,2.039999008178711,2.600000381469723,0.10000038146972656,-5.200000762939453,0.6400003433227539,0.8599996566772443,0.0,10.0,1.0,01-25,1.3841670354207356
12-12,-0.10000038146972656,6.960002899169922,4.799999237060547,1.220001220703118,1.850000381469723,2.0100002288818395,2.7700004577636683,0.39999961853027344,-5.649999618530273,0.3400001525878924,0.7300004959106428,0.0,9.0,2.0,01-26,1.2775003910064688
12-13,-0.5799999237060547,6.890003204345703,6.869998931884766,1.060001373291012,0.5699996948242223,1.7299995422363281,2.7100009918212855,-0.10000038146972656,-5.599998474121094,0.48000049591064453,0.6900005340576172,0.0,8.0,3.0,01-27,1.2266671657562254
12-14,-0.3600006103515625,8.050003051757812,7.109998703002926,1.2000007629394531,-0.4099998474121094,1.3500003814697266,2.690000534057617,0.049999237060546875,-5.399999618530273,2.0399999618530273,0.4400005340576172,0.0,8.0,3.0,01-28,1.3966669241587317
12-15,-0.1800003051757848,7.749999999999993,7.079999923706055,1.439998626708988,-0.9799995422363281,1.6700000762939453,2.2600002288818395,-0.5,-5.899999618530273,3.0799999237060547,0.11999988555908381,0.0,7.0,4.0,01-29,1.3199999332427976
12-16,-0.5100002288818395,6.950000762939453,6.370000839233395,1.2699985504150426,-0.8699989318847692,1.4600009918212855,1.8200016021728551,-0.7000007629394496,-5.899999618530273,3.729999542236328,0.19999980926513672,0.0,7.0,4.0,01-30,1.1516668796539304
12-17,0.029998779296875,7.270000457763672,7.310001373291016,1.0399990081787145,-0.6000003814697266,0.9300003051757777,1.1800003051757812,-1.2000007629394531,-6.0,3.5900001525878924,0.039999961853027344,0.0,8.0,3.0,01-31,1.132499933242798
12-18,-0.1999988555908203,6.400001525878913,7.4199981689453125,0.20000076293945312,-0.5400009155273438,0.5200004577636683,0.32000160217285156,-1.25,-6.049999237060547,3.729999542236328,-0.0900001525878924,0.0,6.0,5.0,02-01,0.8716669082641603
12-19,-1.039999008178711,5.8100013732910085,6.790000915527344,-0.0999984741210973,0.019998550415042615,0.6599998474121094,0.9699993133544957,-1.1000003814697266,-6.100000381469727,4.019999504089357,-0.019999504089357245,0.0,6.0,5.0,02-02,0.8258334795633949
12-20,-0.850000381469723,6.290000915527344,4.950000762939453,0.1900005340576172,-0.32999992370606535,0.07999992370605113,1.0399990081787145,-1.2999992370605469,-6.649999618530273,4.0,-0.029999732971191406,0.0,6.0,5.0,02-03,0.6158335208892817
12-21,-0.75,6.520000457763665,5.410001754760739,0.5500011444091797,-1.1400012969970703,-0.15999984741210938,0.8400001525878942,-1.100000381469723,-6.79999923706055,4.059999465942383,-0.5699996948242188,0.0,5.0,6.0,02-04,0.5716668764750157
12-22,-0.9499988555908203,6.329998016357415,4.850000381469727,0.6199989318847621,-1.980001449584961,-0.04000091552734375,0.9500007629394567,-0.850000381469723,-6.349998474121097,3.9399995803833026,-0.3299999237060547,0.0,5.0,6.0,02-05,0.5158331394195552
12-23,-1.159999847412113,6.229999542236321,5.150001525878906,0.23999977111816406,-1.860000610351566,-0.5499992370605504,1.0,-1.0499992370605504,-6.150001525878906,3.859999656677248,-0.03999996185302557,0.0,5.0,6.0,02-06,0.4725000063578273
12-24,-1.1800003051757848,6.349998474121094,6.390001296997081,0.8899993896484375,-1.789999008178711,-0.4099998474121129,0.8699989318847621,-0.9500007629394496,-6.500000953674318,3.8699998855590856,0.22000026702880682,0.0,6.0,5.0,02-07,0.6466664473215742
12-26,-1.3299999237060582,8.89999771118164,6.530000686645511,1.4099998474121094,-2.5100002288818395,-0.18000030517578125,1.1700000762939418,-1.350000381469723,-6.200000762939453,3.2400007247924787,0.1300001144409162,0.0,6.0,5.0,02-09,0.8174997965494786
12-27,-1.3800010681152308,8.869998931884766,6.769998550415043,1.6699981689453125,-1.8000011444091832,-0.25,1.3499984741210866,-1.3000011444091761,-6.100000381469727,3.3600006103515625,-0.13000011444091797,0.0,5.0,6.0,02-10,0.9216659069061279
12-28,-1.0300006866455078,9.080001831054688,7.479997634887695,1.5399990081787145,-1.6700000762939489,-0.12000083923339844,1.1700000762939418,-1.1000003814697266,-6.0,3.3800001144409144,-1.1999998092651385,0.0,5.0,6.0,02-11,0.9608330726623527
12-29,-1.0,9.040000915527344,7.289999008178707,1.3999996185302699,-1.590000152587887,-0.020000457763671875,0.6199989318847621,-1.25,-3.450000762939453,3.289999961853029,-1.2200002670288104,0.0,5.0,6.0,02-12,1.0924997329711907
12-30,-1.1499996185302805,8.869998931884773,7.340000152587891,1.4799995422363281,-1.4900016784667969,0.3199996948242152,0.6900005340576172,-0.7000007629394531,-3.950000762939453,3.520000457763672,-0.9399995803833026,0.0,6.0,5.0,02-13,1.1658330758412674
12-31,-0.9399986267089915,9.84000015258789,6.909999847412113,2.319999694824215,-1.2800006866455114,0.6700000762939418,0.7700004577636719,-1.0,-3.6499996185302734,3.8400001525878906,-0.7700004577636719,0.0,6.0,5.0,02-14,1.3925000826517728
