,2010,2011,2012,2013,2014,2015,2016,2017,2018,2019,2020,ups,downs,end_day_sum,avg
01-02,0.0,-0.13600003719329812,0.0,0.0,-0.6040000915527344,0.0,0.0,0.03458999842405318,-0.10089999437332153,0.0037000179290771484,0.05274999141693115,3.0,7.0,02-16,-0.06816910139539023
01-03,0.0,-0.13600003719329812,0.0,0.0,-0.6040000915527344,0.0,0.0,0.03458999842405318,-0.10089999437332153,0.0037000179290771484,0.05274999141693115,3.0,7.0,02-17,-0.06816910139539023
01-04,0.0,-0.13600003719329812,0.0,0.0,-0.6040000915527344,0.0,0.0,0.03458999842405318,-0.10089999437332153,-0.03829997777938837,0.039700001478195246,2.0,8.0,02-18,-0.07317364554513582
01-05,0.0,-0.13600003719329812,0.0,0.0,-0.6040000915527344,0.0,0.0,0.03458999842405318,-0.10089999437332153,-0.03900000452995295,0.03898999094963068,2.0,8.0,02-19,-0.07330183075232938
01-06,0.0,-0.13600003719329812,0.0,0.0,-0.6040000915527344,0.0,0.0,0.03458999842405318,-0.10089999437332153,-0.03900000452995295,0.03898999094963068,2.0,8.0,02-20,-0.07330183075232938
01-07,0.0,-0.13600003719329812,0.0,0.0,-0.6040000915527344,0.0,0.0,0.03458999842405318,-0.10089999437332153,-0.03799998760223383,0.04898998141288752,2.0,8.0,02-21,-0.07230183008042247
01-08,0.0,-0.13600003719329812,0.0,0.0,-0.6040000915527344,0.0,0.0,0.03458999842405318,-0.10089999437332153,-0.042499989271163885,0.04898998141288752,2.0,8.0,02-22,-0.07271092114123429
01-09,0.0,-0.13600003719329812,0.0,0.0,-0.6040000915527344,0.0,0.0,0.03458999842405318,-0.10089999437332153,-0.03749999403953552,0.04898998141288752,2.0,8.0,02-23,-0.07225637612017716
01-10,0.0,-0.13600003719329812,0.0,0.0,-0.6040000915527344,0.0,0.0,0.03458999842405318,-0.16369998455047607,-0.032499998807907104,0.025700002908706665,2.0,8.0,02-24,-0.07962819188833235
01-11,0.0,-0.13600003719329812,0.0,0.0,-0.6040000915527344,0.0,0.0,0.03458999842405318,-0.16369998455047607,-0.021999984979629517,0.025700002908706665,2.0,8.0,02-25,-0.07867364517667075
01-12,0.0,-0.20000004768371582,0.0,0.0,-0.3899998664855957,0.0,0.0,0.03458999842405318,-0.14010000228881836,-0.021499991416931152,0.007800012826919556,2.0,8.0,02-26,-0.0644736269658262
01-13,0.0,0.0,0.0,3.8000000715255737,-0.3899998664855957,0.0,0.0,0.03458999842405318,-0.14010000228881836,-0.021499991416931152,-0.03804999589920044,2.0,8.0,02-27,0.2949945648962801
01-14,0.0,0.0,0.0,3.8000000715255737,-0.3899998664855957,0.0,0.0,0.03458999842405318,-0.10589998960494995,-0.021499991416931152,-0.030050009489059448,2.0,8.0,02-28,0.298830928450281
01-15,0.0,0.0,0.0,3.8000000715255737,0.09200000762939453,0.0,0.0,0.03458999842405318,-0.10589998960494995,-0.0439999848604202,-0.030050009489059448,3.0,7.0,02-29,0.3406036448749629
01-16,0.0,0.0,0.0,3.8000000715255737,0.09200000762939453,0.0,0.0,0.03458999842405318,-0.10589998960494995,-0.0439999848604202,-0.030050009489059448,3.0,7.0,03-01,0.3406036448749629
01-17,0.0,0.0,0.0,3.8000000715255737,0.09200000762939453,0.0,0.0,0.03458999842405318,-0.10589998960494995,-0.0439999848604202,-0.030050009489059448,3.0,7.0,03-02,0.3406036448749629
01-18,0.0,0.0,0.0,3.8000000715255737,0.09200000762939453,0.0,0.0,0.03458999842405318,-0.07330000400543213,-0.0439999848604202,-0.0359599888324737,3.0,7.0,03-03,0.3430300090800632
01-19,0.0,0.0,0.0,3.8000000715255737,0.09200000762939453,0.0,0.0,0.03458999842405318,-0.07330000400543213,-0.055269986391067505,-0.011959999799728394,3.0,7.0,03-04,0.34418728067116305
01-20,0.0,0.0,0.0,3.8000000715255737,0.09200000762939453,0.0,0.0,0.03458999842405318,-0.10409998893737804,-0.0494999885559082,-0.011959999799728394,3.0,7.0,03-05,0.3419118272987279
01-21,0.0,0.0,0.0,3.8000000715255737,0.09200000762939453,0.0,0.0,0.03458999842405318,-0.10409998893737804,-0.0494999885559082,-0.011959999799728394,3.0,7.0,03-06,0.3419118272987279
01-22,0.0,0.0,0.0,5.180000185966491,0.09200000762939453,0.0,0.0,0.020989999175071702,-0.10409998893737804,-0.0494999885559082,-0.006000012159347534,3.0,7.0,03-07,0.4666718366471203
01-23,0.0,0.0,0.0,5.180000185966491,0.09200000762939453,0.0,0.0,0.020989999175071702,-0.16729998588562012,-0.03914999961853027,0.004000008106231745,4.0,6.0,03-08,0.4627763832157308
01-24,0.0,0.0,0.0,5.180000185966491,0.09200000762939453,0.0,0.0,0.020989999175071702,-0.16729998588562012,-0.03914999961853027,-0.005510002374649103,3.0,7.0,03-09,0.46191183680837794
01-25,0.0,0.0,0.0,5.180000185966491,-0.5880000591278076,0.0,0.0,0.020989999175071702,-0.16729998588562012,-0.014149993658065768,-0.005510002374649103,2.0,8.0,03-10,0.4023663767359473
01-26,0.0,0.0,0.0,5.180000185966491,-0.5880000591278076,0.0,0.0,0.020989999175071702,-0.15059998631477356,-0.014149993658065768,-0.005510002374649103,2.0,8.0,03-11,0.4038845585151151
01-27,0.0,0.0,0.0,5.180000185966491,-0.5880000591278076,0.0,0.0,0.020989999175071702,-0.11729997396469122,-0.014149993658065768,-0.005510002374649103,2.0,8.0,03-12,0.4069118323651226
01-28,0.0,0.0,0.0,5.180000185966491,-0.5479998588562012,0.0,0.0,0.020989999175071702,-0.11729997396469122,-0.014149993658065768,-0.09139999747276312,2.0,8.0,03-13,0.40274003283544013
01-29,0.0,0.0,0.0,5.180000185966491,-0.5479998588562012,0.0,0.0,0.020989999175071702,-0.10229998826980596,-0.014149993658065768,-0.09139999747276312,2.0,8.0,03-14,0.4041036678986115
01-30,0.0,0.0,0.0,5.180000185966491,-0.5479998588562012,0.0,0.0,0.020989999175071702,-0.07609999179840082,-0.014149993658065768,-0.10019999742507935,2.0,8.0,03-15,0.4056854857639832
01-31,0.0,0.0,0.0,5.180000185966491,-0.5479998588562012,0.0,0.0,-0.013599999248981476,-0.07730001211166382,-0.030999988317489596,-0.09299999475479126,1.0,9.0,03-16,0.4015545756979421
02-01,0.0,0.0,0.0,5.180000185966491,-0.5479998588562012,0.0,0.0,-0.013599999248981476,-0.06959998607635492,-0.030999988317489596,-0.0999000072479248,1.0,9.0,03-17,0.4016273042017762
02-02,0.0,0.0,0.0,5.180000185966491,-0.5479998588562012,0.0,0.0,-0.013599999248981476,-0.05009999871253973,-0.020999997854232788,-0.0999000072479248,1.0,9.0,03-18,0.4043091203678737
02-03,0.0,0.0,0.0,5.180000185966491,-0.5479998588562012,0.0,0.0,-0.013599999248981476,-0.09569999575614935,-0.020999997854232788,-0.1339000016450882,1.0,9.0,03-19,0.3970727575096216
02-04,0.0,0.3439999818801882,0.0,5.180000185966491,-0.5479998588562012,0.0,0.0,-0.013599999248981476,-0.09569999575614935,-0.020999997854232788,-0.13989999890327456,2.0,8.0,03-20,0.4278000288388945
02-05,0.0,0.3439999818801882,0.0,5.180000185966491,-0.5479998588562012,0.0,0.0,-0.013599999248981476,-0.09569999575614935,-0.020999997854232788,-0.14699998497962954,2.0,8.0,03-21,0.42715457555922587
02-06,0.0,0.3439999818801882,0.0,5.180000185966491,-0.5479998588562012,0.0,0.0,-0.013599999248981476,-0.08280000090599066,-0.004999995231628418,-0.15500000119209298,2.0,8.0,03-22,0.42905457385561674
02-07,0.0,0.3439999818801882,0.0,5.180000185966491,-0.6659998893737793,0.0,0.0,-0.013599999248981476,-0.08280000090599066,0.00985999405384072,-0.19659999012947083,3.0,7.0,03-23,0.4158963892947543
02-08,0.0,0.0,0.0,5.680000185966491,-0.6659998893737793,0.0,0.0,-0.013599999248981476,-0.08280000090599066,0.00985999405384072,-0.1839899867773056,2.0,8.0,03-24,0.43122457306493406
02-09,0.0,0.0,0.0,5.680000185966491,-0.6659998893737793,0.0,0.0,-0.013599999248981476,-0.08280000090599066,0.00985999405384072,-0.1798899918794632,2.0,8.0,03-25,0.43159729987382883
02-10,0.0,0.0,0.0,5.680000185966491,-1.3259999752044678,0.0,0.0,-0.013599999248981476,-0.08280000090599066,0.013560011982917924,-0.1798899918794632,2.0,8.0,03-26,0.3719336573373187
02-11,0.0,0.0,0.0,5.680000185966491,-1.3259999752044678,0.0,0.0,-0.013599999248981476,-0.08280000090599066,0.02071999013423928,-0.1526000052690506,2.0,8.0,03-27,0.3750654723156581
02-12,0.0,0.0,0.0,5.680000185966491,-1.3259999752044678,0.0,0.0,-0.013599999248981476,-0.08280000090599066,0.014159977436065674,-0.14499999582767487,2.0,8.0,03-28,0.3751600174741311
02-13,0.0,0.0,0.0,5.680000185966491,-1.3259999752044678,0.0,0.0,-0.013599999248981476,-0.08280000090599066,0.014159977436065674,-0.1497000008821488,2.0,8.0,03-29,0.3747327442873607
02-14,0.0,0.0,0.0,5.680000185966491,-1.3259999752044678,0.0,0.0,-0.013599999248981476,-0.07269999384880066,0.014860004186630249,-0.1515899896621704,2.0,8.0,03-30,0.375542748380791
02-15,0.0,0.0,0.0,5.680000185966491,-1.3259999752044678,0.0,0.0,-0.013599999248981476,-0.07269999384880066,0.01260000467300415,-0.17898999154567713,2.0,8.0,03-31,0.37284638461741526
02-16,0.0,0.0,0.0,5.680000185966491,-1.3259999752044678,0.0,0.0,-0.013599999248981476,-0.07269999384880066,-0.011800006031990051,-0.17898999154567713,1.0,9.0,04-01,0.37062820182605216
02-17,0.0,0.0,0.0,5.680000185966491,-1.1659998893737793,0.0,0.0,-0.013599999248981476,-0.07269999384880066,-0.011800006031990051,-0.17898999154567713,1.0,9.0,04-02,0.38517366417429655
02-18,0.0,0.0,0.0,5.680000185966491,-1.1659998893737793,0.0,0.0,-0.013599999248981476,-0.07269999384880066,-0.011800006031990051,-0.18898999691009516,1.0,9.0,04-03,0.3842645727775313
02-19,0.0,-0.16000008583068848,0.0,5.680000185966491,-1.1659998893737793,0.0,0.0,-0.013599999248981476,-0.07269999384880066,-0.011800006031990051,-0.18898999691009516,1.0,9.0,04-04,0.3697191104292869
02-20,0.0,-0.5000001192092893,0.0,5.680000185966491,-1.1659998893737793,0.0,0.0,-0.013599999248981476,-0.07269999384880066,-0.0073000043630599976,-0.18569999933242798,1.0,9.0,04-05,0.33951819823546836
02-21,0.0,-0.2980000972747803,0.0,5.680000185966491,-1.1659998893737793,0.0,0.0,-0.013599999248981476,-0.07269999384880066,-0.0073000043630599976,-0.17381998896598816,1.0,9.0,04-06,0.3589618375355546
02-22,0.0,-0.2980000972747803,0.0,5.680000185966491,-1.380000114440918,0.0,0.0,-0.013599999248981476,-0.07269999384880066,-0.007799997925758362,-0.15591999888420105,1.0,9.0,04-07,0.3410890894857319
02-23,0.0,-0.2980000972747803,0.0,1.880000114440917,-1.380000114440918,0.0,0.0,-0.013599999248981476,-0.07269999384880066,-0.007799997925758362,-0.15591999888420105,1.0,9.0,04-08,-0.004365462471138428
02-24,0.0,-0.2980000972747803,0.0,1.880000114440917,-1.380000114440918,0.0,0.0,-0.013599999248981476,-0.10690000653266907,-0.007799997925758362,-0.15591999888420105,1.0,9.0,04-09,-0.007474554533308283
02-25,0.0,-0.2980000972747803,0.0,1.880000114440917,-1.380000114440918,0.0,0.0,-0.013599999248981476,-0.10690000653266907,-0.007799997925758362,-0.11006999015808105,1.0,9.0,04-10,-0.0033063719218428293
02-26,0.0,-0.18000006675720215,0.0,1.880000114440917,-1.380000114440918,0.0,0.0,-0.013599999248981476,-0.10690000653266907,-0.007799997925758362,-0.11006999015808105,1.0,9.0,04-11,0.007420903579755182
02-27,0.0,-0.18000006675720215,0.0,1.880000114440917,-1.380000114440918,0.0,0.0,-0.013599999248981476,-0.10690000653266907,0.014699995517730685,-0.11006999015808105,2.0,8.0,04-12,0.009466357529163277
02-28,0.0,-0.18000006675720215,0.0,1.880000114440917,-1.380000114440918,0.0,0.0,-0.013599999248981476,-0.10690000653266907,0.014699995517730685,-0.08052000403404241,2.0,8.0,04-13,0.012152719904075881
02-29,0.0,0.0,0.0,0.0,0.0,0.0,0.0,0.0,0.0,0.0,-0.10451999306678772,0.0,3.0,04-14,-0.009501817551526156
03-01,0.0,-0.18000006675720215,0.0,1.880000114440917,-1.380000114440918,0.0,0.0,-0.013599999248981476,-0.10690000653266907,0.02596999704837799,-0.12399999797344208,2.0,8.0,04-15,0.009224538776007485
03-02,0.0,-0.18000006675720215,0.0,1.880000114440917,-1.380000114440918,0.0,0.0,-0.013599999248981476,0.0006999969482422985,0.02019999921321869,-0.11047999560832977,3.0,7.0,04-16,0.01971090314063152
03-03,0.0,-0.18000006675720215,0.0,1.880000114440917,-1.380000114440918,0.0,0.0,-0.013599999248981476,-0.014800012111663707,0.01926000416278839,-0.11047999560832977,2.0,8.0,04-17,0.018216357312419128
03-04,0.0,-0.18000006675720215,0.0,1.880000114440917,-1.380000114440918,0.0,0.0,0.0,-0.014800012111663707,0.01926000416278839,-0.11047999560832977,2.0,8.0,04-18,0.019452720880508353
03-05,0.0,-0.18000006675720215,0.0,1.880000114440917,-1.380000114440918,0.0,0.0,0.0,-0.014800012111663707,0.01926000416278839,-0.11047999560832977,2.0,8.0,04-19,0.019452720880508353
03-06,0.0,-0.26000010967254683,0.0,0.5,-1.380000114440918,0.0,0.0,0.0,-0.014800012111663707,0.01926000416278839,-0.11047999560832977,2.0,8.0,04-20,-0.11327456615187909
03-07,0.0,-0.26000010967254683,0.0,0.5,-0.7000000476837158,0.0,0.0,0.0,0.04839998483657837,-0.005740001797676114,-0.1340000033378601,2.0,8.0,04-21,-0.050121834332292774
03-08,0.0,-0.26000010967254683,0.0,0.5,-0.7000000476837158,0.0,0.0,0.0,0.03169998526573181,-0.005740001797676114,-0.1340000033378601,2.0,8.0,04-22,-0.051640016111460636
03-09,0.0,-0.10000002384185835,0.0,0.5,-0.7000000476837158,0.0,0.0,0.0,0.03169998526573181,-0.005740001797676114,-0.14919999241828918,2.0,8.0,04-23,-0.03847637095234615
03-10,0.0,-0.10000002384185835,0.0,0.5,-0.7000000476837158,0.0,0.0,0.0,0.06799998879432678,-0.005740001797676114,-0.14919999241828918,2.0,8.0,04-24,-0.035176370631564785
03-11,0.0,-0.10000002384185835,0.0,0.5,-0.7000000476837158,0.0,0.0,0.0,0.06799998879432678,-0.005740001797676114,-0.06299999356269836,2.0,8.0,04-25,-0.02734000709923835
03-12,0.0,-0.2760000228881836,0.0,0.9359998703002939,-0.5,0.0,-0.15999999269843104,0.0,0.06799998879432678,-0.005740001797676114,-0.07019999623298645,2.0,8.0,04-26,-0.0007218322293324122
03-13,0.0,-0.2760000228881836,0.0,0.9359998703002939,-0.5,0.0,-0.15999999269843104,0.0,0.05300000309944153,-0.005740001797676114,-0.07519999146461487,2.0,8.0,04-27,-0.002540012313560928
03-14,0.0,-0.2760000228881836,0.0,0.9359998703002939,-1.2119998931884766,0.0,-0.15999999269843104,0.0,0.05300000309944153,-0.005740001797676114,-0.060399994254112244,2.0,8.0,04-28,-0.06592182103883128
03-15,0.0,-0.2760000228881836,0.0,0.9359998703002939,-1.1719999313354492,0.0,-0.15999999269843104,0.0,0.05300000309944153,-0.016399994492530823,-0.06000000238418579,2.0,8.0,04-29,-0.06321818821809501
03-16,0.0,-0.2760000228881836,0.0,0.9359998703002939,-1.1719999313354492,0.0,-0.15999999269843104,0.0,0.09860000014305115,-0.016399994492530823,-0.030000001192092896,2.0,8.0,04-30,-0.056345461105758415
03-17,0.0,-0.2760000228881836,0.0,0.9359998703002939,-1.1719999313354492,0.0,-0.15999999269843104,0.0,0.09860000014305115,-0.016399994492530823,0.008999988436698941,3.0,7.0,05-01,-0.052800007503140976
03-18,0.0,-0.2760000228881836,0.0,0.9359998703002939,-1.1719999313354492,0.0,-0.15999999269843104,0.0,0.09860000014305115,-0.0049000084400177,0.01499998569488531,3.0,7.0,05-02,-0.051209099929441025
03-19,0.0,-0.4299999475479126,0.0,0.9359998703002939,-1.1719999313354492,0.0,-0.15999999269843104,0.0,0.09860000014305115,-0.0049000084400177,0.054899990558624295,3.0,7.0,05-03,-0.06158181991089466
03-20,0.0,-0.4299999475479126,0.0,0.9359998703002939,-1.1719999313354492,0.0,-0.15999999269843104,0.0,0.04670000076293945,-0.0049000084400177,0.0240999907255173,3.0,7.0,05-04,-0.06910000165755091
03-21,0.0,-0.4299999475479126,0.0,0.43599987030029386,-1.1719999313354492,0.0,-0.15999999269843104,0.0,0.04670000076293945,-0.0049000084400177,0.019999995827674893,3.0,7.0,05-05,-0.11492727392099113
03-22,0.0,-0.08999991416931175,0.0,0.43599987030029386,-1.1719999313354492,0.0,-0.15999999269843104,0.0,0.04670000076293945,-0.0049000084400177,0.019999995827674893,3.0,7.0,05-06,-0.08401817997748195
03-23,0.0,-0.08999991416931175,0.0,0.43599987030029386,-1.1719999313354492,0.0,-0.15999999269843104,0.0,0.04670000076293945,-0.008600026369094904,0.019999995827674893,3.0,7.0,05-07,-0.0843545452437617
03-24,0.0,-0.08999991416931175,0.0,0.43599987030029386,-1.1719999313354492,0.0,-0.15999999269843104,0.0,0.04670000076293945,-0.01710000634193426,0.019999995827674893,3.0,7.0,05-08,-0.085127270695838
03-25,0.0,-0.07999992370605491,0.0,0.43599987030029386,-0.5119998455047607,0.0,-0.15999999269843104,0.0,0.06360000371932983,-0.01710000634193426,-0.005000010132789584,2.0,8.0,05-09,-0.024954536760395163
03-26,0.0,-0.07999992370605491,0.0,0.43599987030029386,-0.5119998455047607,0.0,-0.15999999269843104,0.0,0.06360000371932983,-0.024259984493255615,-0.002400010824203408,2.0,8.0,05-10,-0.025369080291552906
03-27,0.0,-0.07999992370605491,0.0,0.43599987030029386,-0.5119998455047607,0.0,-0.15999999269843104,0.0,0.06360000371932983,-0.024259984493255615,0.010000005364418002,3.0,7.0,05-11,-0.024241806092587324
03-28,0.0,-0.07999992370605491,0.0,0.43599987030029386,-0.5119998455047607,0.0,-0.15999999269843104,0.0,0.06360000371932983,-0.021999984979629517,0.013249993324279868,3.0,7.0,05-12,-0.023740898140452053
03-29,0.0,-0.07999992370605491,0.0,0.43599987030029386,-0.5119998455047607,0.0,-0.15999999269843104,0.0,0.06360000371932983,0.0014000087976455688,0.013249993324279868,4.0,6.0,05-13,-0.021613625978881595
03-30,0.0,-0.07999992370605491,0.0,0.43599987030029386,-0.5119998455047607,0.0,-0.15999999269843104,0.0,0.06360000371932983,0.0014000087976455688,0.010000005364418002,4.0,6.0,05-14,-0.021909079429778128
03-31,0.0,-0.07999992370605491,0.0,0.43599987030029386,-0.5119998455047607,0.0,-0.15999999269843104,0.0,0.06360000371932983,0.0014000087976455688,0.002499997615814209,4.0,6.0,05-15,-0.022590898316014837
04-01,0.0,-0.07999992370605491,0.0,0.43599987030029386,-0.6719999313354492,0.0,-0.15999999269843104,0.0,0.06360000371932983,0.0014000087976455688,0.012500002980232239,4.0,6.0,05-16,-0.03622726926749397
04-02,0.0,-0.28199994564056396,0.0,0.43599987030029386,-0.6719999313354492,0.0,-0.15999999269843104,0.0,0.06360000371932983,0.0014000087976455688,0.0006199926137924194,4.0,6.0,05-17,-0.05567090856758023
04-03,0.0,-0.28199994564056396,0.0,0.43599987030029386,-0.6719999313354492,0.0,-0.15999999269843104,0.0,0.05739998817443848,0.0014000087976455688,0.0006199926137924194,4.0,6.0,05-18,-0.056234546344388535
04-04,0.0,-0.28199994564056396,0.0,0.43599987030029386,-0.6719999313354492,0.0,-0.15999999269843104,0.0,0.05739998817443848,0.0014000087976455688,0.0006199926137924194,4.0,6.0,05-19,-0.056234546344388535
04-05,0.0,-0.28199994564056396,0.0,0.43599987030029386,-0.6719999313354492,0.0,-0.15999999269843104,0.0,0.05739998817443848,0.0054000020027160645,0.0006199926137924194,4.0,6.0,05-20,-0.05587091059847304
04-06,0.0,-0.3999999761581421,0.0,0.43599987030029386,-0.6719999313354492,0.0,-0.15999999269843104,0.0,0.05739998817443848,0.0054000020027160645,-0.002880007028579712,3.0,7.0,05-21,-0.06691636788574123
04-07,0.0,-0.3199999332427974,0.0,0.43599987030029386,-0.6719999313354492,0.0,-0.15999999269843104,0.0,0.05739998817443848,0.0054000020027160645,0.00561998784542081,4.0,6.0,05-22,-0.058870909904891675
04-08,0.0,-0.14399993419647217,0.0,0.43599987030029386,-0.6719999313354492,0.0,-0.15999999269843104,0.0,0.05739998817443848,0.0054000020027160645,-0.011980012059211759,3.0,7.0,05-23,-0.04447090998291961
04-09,0.0,-0.36000001430511475,0.0,0.43599987030029386,-0.6719999313354492,0.0,-0.15999999269843104,0.0,0.05739998817443848,0.0054000020027160645,-0.011980012059211759,3.0,7.0,05-24,-0.06410728090188712
04-10,0.0,-0.37800002098083496,0.0,0.43599987030029386,-0.6719999313354492,0.0,-0.15999999269843104,0.0,0.044699996709823664,0.0054000020027160645,0.007499992847442599,4.0,6.0,05-25,-0.06512728028676719
04-11,0.0,-0.37800002098083496,0.0,0.43599987030029386,-0.6719999313354492,0.0,-0.15999999269843104,0.0,0.044699996709823664,0.0054000020027160645,0.007499992847442599,4.0,6.0,05-26,-0.06512728028676719
04-12,0.0,-0.37800002098083496,0.0,0.43599987030029386,-0.6719999313354492,0.0,-0.15999999269843104,0.0,-0.03310000896453852,0.0054000020027160645,0.007499992847442599,3.0,7.0,05-27,-0.07220000807534556
04-13,0.0,-0.22400009632110596,0.0,0.43599987030029386,-0.6719999313354492,0.0,-0.15999999269843104,0.0,-0.017599999904632513,0.028040006756782532,0.007499992847442599,3.0,7.0,05-28,-0.054732740941372704
04-14,0.0,-0.22400009632110596,0.0,0.43599987030029386,-0.6719999313354492,0.0,-0.15999999269843104,0.0,-0.012699991464614813,0.028040006756782532,0.00521999597549444,3.0,7.0,05-29,-0.05449455807154821
04-15,0.0,-0.22400009632110596,0.0,0.43599987030029386,-0.6719999313354492,0.0,-0.15999999269843104,0.0,-0.012699991464614813,0.028040006756782532,0.00521999597549444,3.0,7.0,05-30,-0.05449455807154821
04-16,0.0,-0.22400009632110596,0.0,0.43599987030029386,-0.6719999313354492,0.0,-0.15999999269843104,0.0,-0.012699991464614813,0.028040006756782532,0.00521999597549444,3.0,7.0,05-31,-0.05449455807154821
04-17,0.0,-0.22400009632110596,0.0,0.43599987030029386,-0.6719999313354492,0.0,-0.15999999269843104,0.0,-0.012699991464614813,0.028040006756782532,0.05843000113964075,3.0,7.0,06-01,-0.049657284874807625
04-18,0.0,-0.22400009632110596,0.0,0.43599987030029386,-0.6719999313354492,0.0,-0.15999999269843104,0.0,-0.012699991464614813,0.028040006756782532,0.05843000113964075,3.0,7.0,06-02,-0.049657284874807625
04-19,0.0,-0.22400009632110596,0.0,0.43599987030029386,-0.6719999313354492,0.0,-0.15999999269843104,0.0,-0.012699991464614813,0.028040006756782532,0.05843000113964075,3.0,7.0,06-03,-0.049657284874807625
04-20,0.0,-0.22400009632110596,0.0,0.43599987030029386,-0.6719999313354492,0.0,-0.15999999269843104,0.0,-0.04899999499320978,0.028040006756782532,0.05843000113964075,3.0,7.0,06-04,-0.05295728519558898
04-21,0.0,-0.2340000867843628,0.0,0.43599987030029386,-0.6719999313354492,0.0,-0.15999999269843104,0.0,-0.04899999499320978,0.04474000632762909,0.07362999022006983,3.0,7.0,06-05,-0.05096637626940546
04-22,0.0,-0.2340000867843628,0.0,0.43599987030029386,-0.6719999313354492,0.0,0.0,0.0,-0.04899999499320978,0.04474000632762909,0.07362999022006983,3.0,7.0,06-06,-0.03642092238772992
04-23,0.0,-0.2340000867843628,0.0,0.43599987030029386,-0.6719999313354492,0.0,0.0,0.0,-0.04899999499320978,0.04474000632762909,0.07362999022006983,3.0,7.0,06-07,-0.03642092238772992
04-24,0.0,-0.2340000867843628,0.0,0.0,0.039999961853027344,0.0,0.0,0.0,-0.04899999499320978,0.04474000632762909,0.058829993009567205,3.0,7.0,06-08,-0.012675465507940813
04-25,0.0,-0.2340000867843628,0.0,0.0,0.0,0.0,0.0,0.0,-0.04899999499320978,0.04540000855922699,0.09000000357627869,2.0,8.0,06-09,-0.013418188149278809
04-26,0.0,-0.2340000867843628,0.0,0.0,0.0,0.0,0.0,0.0,-0.04899999499320978,0.04540000855922699,0.09000000357627869,2.0,8.0,06-10,-0.013418188149278809
04-27,0.0,-0.018000006675720215,0.0,0.0,-0.22800016403198287,0.0,0.0,0.0,-0.04899999499320978,0.06440000236034393,0.09000000357627869,2.0,8.0,06-11,-0.012781832705844568
04-28,0.0,-0.018000006675720215,0.0,0.0,-0.22800016403198287,0.0,0.0,0.0,-0.04899999499320978,0.08240000903606409,0.051100000739097595,2.0,8.0,06-12,-0.01468183235688647
04-29,0.0,-0.018000006675720215,0.0,0.0,-0.22800016403198287,0.0,0.0,0.0,-0.06000000238418579,0.08240000903606409,0.04610000550746915,2.0,8.0,06-13,-0.016136378049850512
04-30,0.0,-0.018000006675720215,0.0,0.0,-0.22800016403198287,0.0,0.0,0.0,-0.06000000238418579,0.07090002298355097,0.04610000550746915,2.0,8.0,06-14,-0.017181831327351706
05-01,0.0,-0.018000006675720215,0.0,0.0,-0.22800016403198287,0.0,0.0,0.0,-0.06000000238418579,0.07090002298355097,0.04610000550746915,2.0,8.0,06-15,-0.017181831327351706
05-02,0.0,-0.018000006675720215,0.0,0.0,-0.22800016403198287,0.0,0.0,0.0,-0.008100003004074097,0.07090002298355097,0.04610000550746915,2.0,8.0,06-16,-0.01246364956552337
05-03,0.0,-0.018000006675720215,0.0,0.0,0.037999868392944336,0.0,0.0,0.0,-0.008100003004074097,0.07090002298355097,0.015020012855529757,3.0,7.0,06-17,0.008892717686566432
05-04,0.0,0.0,0.0,0.0,0.037999868392944336,0.0,0.0,0.0,-0.008100003004074097,0.027300000190734863,0.0016000121831893366,3.0,7.0,06-18,0.005345443432981312
05-05,0.0,0.0,0.0,0.0,0.037999868392944336,0.0,0.0,0.0,-0.025000005960464478,0.027300000190734863,0.0019000023603439053,3.0,7.0,06-19,0.0038363513621416934
05-06,0.0,0.15400004386901855,0.0,0.0,0.037999868392944336,0.0,0.0,0.0,-0.025000005960464478,0.018399983644485474,0.0019000023603439053,4.0,6.0,06-20,0.01702726293693889
05-07,0.0,0.15400004386901855,0.0,0.0,0.037999868392944336,0.0,0.0,0.0,-0.025000005960464478,0.018399983644485474,0.016899988055229215,4.0,6.0,06-21,0.018390898000110283
05-08,0.0,0.15400004386901855,0.0,0.0,0.037999868392944336,0.0,0.0,0.0,-0.0559999942779541,0.018399983644485474,0.013650000095367348,4.0,6.0,06-22,0.015277263793078328
05-09,0.0,0.15400004386901855,0.0,0.0,-0.3880000114440916,0.0,0.0,0.0,-0.0559999942779541,0.018399983644485474,0.026450008153915322,3.0,7.0,06-23,-0.02228636091405694
05-10,0.0,0.0,0.0,0.0,-0.3880000114440916,0.0,0.0,0.0,-0.0559999942779541,0.018399983644485474,0.026450008153915322,2.0,8.0,06-24,-0.03628636490214954
05-11,0.0,0.0,0.0,0.0,-0.3880000114440916,0.0,0.0,0.0,-0.0559999942779541,0.018399983644485474,0.026450008153915322,2.0,8.0,06-25,-0.03628636490214954
05-12,0.0,0.0,0.0,0.0,-0.3880000114440916,0.0,0.0,0.0,-0.0559999942779541,0.018399983644485474,0.02969999611377719,2.0,8.0,06-26,-0.035990911451253
05-13,0.0,0.0,0.0,0.0,-0.3880000114440916,0.0,0.0,0.0,-0.03700000047683716,0.018399983644485474,0.03720000386238098,2.0,8.0,06-27,-0.03358182040127839
05-14,0.0,0.0,0.0,0.0,-0.3880000114440916,0.0,0.0,0.0,-0.03700000047683716,0.018399983644485474,0.03720000386238098,2.0,8.0,06-28,-0.03358182040127839
05-15,0.0,0.0,0.0,0.0,-0.3880000114440916,0.0,0.0,0.0,-0.03700000047683716,0.018399983644485474,0.03720000386238098,2.0,8.0,06-29,-0.03358182040127839
05-16,0.0,0.0,0.0,0.0,-0.3880000114440916,0.0,0.0,0.0,-0.0307999849319458,0.014399990439414978,0.03720000386238098,2.0,8.0,06-30,-0.033381818370385584
05-17,0.0,0.03999996185302712,0.0,0.0,-0.3880000114440916,0.0,0.0,0.0,-0.0307999849319458,0.014399990439414978,0.03720000386238098,3.0,7.0,07-01,-0.029745458201928573
05-18,0.0,0.03999996185302712,0.0,0.0,-0.3880000114440916,0.0,0.0,0.0,-0.03389999270439148,0.014399990439414978,0.032499998807907104,3.0,7.0,07-02,-0.030454550277103077
05-19,0.0,0.03999996185302712,0.0,0.0,-0.3880000114440916,0.0,0.0,0.0,-0.03389999270439148,0.014399990439414978,0.035999998450279236,3.0,7.0,07-03,-0.030136368491432884
05-20,0.0,0.03999996185302712,0.0,0.0,-0.3880000114440916,0.0,0.0,0.0,-0.03389999270439148,0.014399990439414978,0.027500003576278714,3.0,7.0,07-04,-0.030909095298160206
05-21,0.0,0.03999996185302712,0.0,0.0,-0.3880000114440916,0.0,0.0,0.0,-0.03389999270439148,0.039399996399879456,0.027500003576278714,3.0,7.0,07-05,-0.028636367483572525
05-22,0.0,-0.21000003814697288,0.0,0.0,-0.3880000114440916,0.0,0.0,0.0,-0.03389999270439148,0.039399996399879456,0.027500003576278714,2.0,8.0,07-06,-0.05136364021084525
05-23,0.0,-0.1799999475479126,0.0,0.0,-0.9480000734329224,0.0,0.0,0.0,-0.021200001239776667,0.017699986696243286,0.04542000591754916,2.0,8.0,07-07,-0.09873454814607446
05-24,0.0,-0.1799999475479126,0.0,0.0,-0.9480000734329224,0.0,0.0,0.0,-0.026100009679794367,0.014999985694885254,0.027500003576278714,2.0,8.0,07-08,-0.10105454921722412
05-25,0.0,-0.21999990940093972,0.0,0.0,-0.9480000734329224,0.0,0.0,0.0,-0.026100009679794367,-0.018300011754035922,0.027500003576278714,1.0,9.0,07-09,-0.1077181818810376
05-26,0.0,0.03000009059906028,0.0,0.0,-0.9480000734329224,0.0,0.0,0.20600000023841858,-0.03730002045631409,0.012699991464614868,0.012500002980232267,4.0,6.0,07-10,-0.06582727350971913
05-27,0.0,0.03000009059906028,0.0,0.0,-0.9480000734329224,0.0,0.0,0.20600000023841858,-0.03730002045631409,0.012699991464614868,0.0012599974870681208,4.0,6.0,07-11,-0.06684909219091587
05-28,0.0,0.03000009059906028,0.0,0.0,-0.9480000734329224,0.0,0.0,0.20600000023841858,-0.03730002045631409,0.012699991464614868,-0.028429999947547857,3.0,7.0,07-12,-0.06954818286679006
05-29,0.0,-0.09999990463256814,0.0,0.0,-0.9480000734329224,0.0,0.0,0.20600000023841858,-0.03730002045631409,0.012699991464614868,-0.028429999947547857,2.0,8.0,07-13,-0.08136636425148355
05-30,0.0,-0.09999990463256814,0.0,0.0,-0.9480000734329224,0.0,0.0,0.20600000023841858,-0.03730002045631409,0.012699991464614868,-0.028429999947547857,2.0,8.0,07-14,-0.08136636425148355
05-31,0.0,-0.09999990463256814,0.0,0.0,-0.9480000734329224,0.0,0.0,0.20600000023841858,-0.03730002045631409,0.012699991464614868,-0.01342999935150141,2.0,8.0,07-15,-0.08000272783366115
06-01,0.0,-0.09999990463256814,0.0,0.0,-0.5080000162124636,0.0,0.0,0.20600000023841858,-0.03730002045631409,-0.0040000081062316895,-0.012199997901916476,1.0,9.0,07-16,-0.04140908609737049
06-02,0.0,-0.09999990463256814,0.0,0.0,-0.5080000162124636,0.0,0.0,0.20600000023841858,-0.024000018835067805,-0.0040000081062316895,-0.02343000471591941,1.0,9.0,07-17,-0.04122090475125746
06-03,0.0,-0.09999990463256814,0.0,0.0,-0.5080000162124636,0.0,0.0,0.20600000023841858,-0.024000018835067805,-0.0040000081062316895,-0.02343000471591941,1.0,9.0,07-18,-0.04122090475125746
06-04,0.0,-0.09999990463256814,0.0,0.0,-0.5080000162124636,0.0,0.0,0.20600000023841858,-0.04600000381469732,-0.0040000081062316895,-0.02343000471591941,1.0,9.0,07-19,-0.043220903385769234
06-05,0.0,-0.09999990463256814,0.0,0.0,-0.5080000162124636,0.0,0.0,0.20600000023841858,-0.04600000381469732,-0.0040000081062316895,-0.055000007152557345,1.0,9.0,07-20,-0.04609090360728177
06-06,0.0,-0.09999990463256814,0.0,0.0,-0.5080000162124636,0.0,0.0,0.20600000023841858,-0.04600000381469732,-0.0040000081062316895,-0.030139997601509094,1.0,9.0,07-21,-0.04383090273900466
06-07,0.0,-0.09999990463256814,0.0,0.0,-0.27999985218048073,0.0,0.0,0.20600000023841858,-0.04600000381469732,-0.010100007057189941,-0.03306999802589414,1.0,9.0,07-22,-0.023924524133855606
06-08,0.0,-0.09999990463256814,0.0,0.0,-0.27999985218048073,0.0,0.0,0.20600000023841858,-0.02599999308586126,-0.036000013351440374,-0.029799997806549072,1.0,9.0,07-23,-0.024163614619861908
06-09,0.0,-0.09999990463256814,0.0,0.0,-0.27999985218048073,0.0,0.0,0.21599999070167542,-0.014999985694885254,-0.036000013351440374,-0.03360000252723694,1.0,9.0,07-24,-0.02259997888044873
06-10,0.0,-0.09999990463256814,0.0,0.0,-0.27999985218048073,0.0,0.0,0.21599999070167542,-0.014999985694885254,-0.036000013351440374,-0.024700000882148743,1.0,9.0,07-25,-0.02179088782180435
06-11,0.0,-0.09999990463256814,0.0,0.0,-0.27999985218048073,0.0,0.0,0.21599999070167542,0.004999995231628418,-0.036000013351440374,-0.024700000882148743,2.0,8.0,07-26,-0.019972707737575833
06-12,0.0,-0.09999990463256814,0.0,0.0,-0.27999985218048073,0.0,0.0,0.21599999070167542,0.004999995231628418,-0.036000013351440374,-0.03110000491142273,2.0,8.0,07-27,-0.02055452628569165
06-13,0.0,-0.09999990463256814,0.0,0.0,-0.5459998846054079,0.0,0.0,0.21599999070167542,0.004999995231628418,-0.036000013351440374,-0.005020007491111755,2.0,8.0,07-28,-0.04236543855883858
06-14,0.0,-0.09999990463256814,0.0,0.0,-0.5459998846054079,0.0,0.0,0.21599999070167542,0.004999995231628418,0.01109999418258667,0.00557999312877655,4.0,6.0,07-29,-0.037119983272119
06-15,0.0,-0.09999990463256814,0.0,0.0,-0.5459998846054079,0.0,0.0,0.21599999070167542,0.013000011444091797,0.01109999418258667,0.00557999312877655,4.0,6.0,07-30,-0.03639270907098597
06-16,0.0,-0.09999990463256814,0.0,0.0,-0.5459998846054079,0.0,0.0,0.21599999070167542,0.013000011444091797,0.01109999418258667,0.01899999380111697,4.0,6.0,07-31,-0.03517270900986411
06-17,0.0,-0.09999990463256814,0.0,0.0,-0.5459998846054079,0.0,0.0,0.21599999070167542,0.013000011444091797,0.0510999858379364,0.018700003623962402,4.0,6.0,08-01,-0.03156361796639182
06-18,0.0,0.019999980926513894,0.0,0.0,-0.5459998846054079,0.0,0.0,0.21599999070167542,0.013000011444091797,0.06000000238418579,0.018700003623962402,5.0,5.0,08-02,-0.01984544504772533
06-19,0.0,0.019999980926513894,0.0,0.0,-0.12000000476837203,0.0,0.0,0.21599999070167542,0.013000011444091797,0.06000000238418579,0.0037999898195266724,5.0,5.0,08-03,0.017527270046147413
06-20,0.0,0.019999980926513894,0.0,0.0,-0.12000000476837203,0.0,0.0,0.21599999070167542,0.04399999976158142,0.06000000238418579,0.01029999554157257,5.0,5.0,08-04,0.020936360413377916
06-21,0.0,-0.010000109672546387,0.0,0.0,-0.12000000476837203,0.0,0.0,0.21599999070167542,0.04399999976158142,0.07899999618530279,0.03829999268054962,4.0,6.0,08-05,0.02248180589892644
06-22,0.0,-0.010000109672546387,0.0,0.0,-0.12000000476837203,0.0,0.0,0.21599999070167542,0.03799998760223389,0.05970001220703125,0.01029999554157257,4.0,6.0,08-06,0.01763635196469043
06-23,0.0,-0.010000109672546387,0.0,0.0,-0.12000000476837203,0.0,0.0,0.21599999070167542,0.008599996566772461,0.08000001311302185,0.004299998283386258,4.0,6.0,08-07,0.01626362583853978
06-24,0.0,-0.010000109672546387,0.0,0.0,-0.12000000476837203,0.0,0.0,0.21599999070167542,0.008599996566772461,0.06670001149177551,0.004299998283386258,4.0,6.0,08-08,0.01505453478206284
06-25,0.0,-0.010000109672546387,0.0,0.0,-0.12000000476837203,0.0,0.0,0.21599999070167542,0.006999999284744263,0.06721001863479614,0.004299998283386258,4.0,6.0,08-09,0.014955444769425787
06-26,0.0,-0.010000109672546387,0.0,0.0,-0.12000000476837203,0.0,0.0,0.21599999070167542,-0.0029999911785125732,0.06721001863479614,-0.0006999969482421875,2.0,8.0,08-10,0.013591809706254399
06-27,0.0,-0.2800000905990603,0.0,0.0,-0.12000000476837203,0.0,0.0,0.21599999070167542,-0.0029999911785125732,0.06721001863479614,-0.0006999969482421875,2.0,8.0,08-11,-0.010953643105246864
06-28,0.0,-0.2800000905990603,0.0,0.0,-0.12000000476837203,0.0,0.0,0.21599999070167542,0.00010001659393310547,0.06400001049041748,0.000299990177154541,4.0,7.0,08-12,-0.010872735218568342
06-29,0.0,-0.2800000905990603,0.0,0.0,-0.12000000476837203,0.0,0.0,0.21599999070167542,-0.009900003671646118,0.06523001194000244,0.002199992537498474,3.0,8.0,08-13,-0.011497282169082008
06-30,0.0,-0.2800000905990603,0.0,0.0,-0.12000000476837203,0.0,0.0,0.21599999070167542,-0.009900003671646118,0.06523001194000244,0.006400004029273987,3.0,8.0,08-14,-0.011115462942556963
07-01,0.0,-0.2800000905990603,0.0,0.0,-0.12000000476837203,0.0,0.0,0.21599999070167542,-0.009900003671646118,0.06523001194000244,0.006400004029273987,3.0,8.0,08-15,-0.011115462942556963
07-02,0.0,-0.15000009536743186,0.0,-0.8959999084472638,0.44000005722045876,0.0,0.0,0.21599999070167542,-0.019239991903305054,0.040230005979537964,-0.01151999831199646,3.0,8.0,08-16,-0.034593630920756825
07-03,0.0,-0.15000009536743186,0.0,-0.8959999084472638,0.44000005722045876,0.0,0.0,0.21599999070167542,-0.03799998760223394,0.042930006980895996,0.009000003337860135,4.0,7.0,08-17,-0.0341881757432763
07-05,0.0,-0.15000009536743186,0.0,-0.8959999084472638,0.44000005722045876,0.0,0.0,0.21599999070167542,-0.03799998760223394,0.07623000442981717,0.016800001263618497,4.0,7.0,08-19,-0.03045181252739635
07-06,0.0,-0.15000009536743186,0.0,-0.8959999084472638,0.44000005722045876,0.0,0.0,0.009999990463256836,-0.026799976825714222,0.04523000121116638,0.016800001263618497,4.0,7.0,08-20,-0.0509790845892645
07-07,0.0,-0.2699999809265139,0.0,-0.8959999084472638,0.44000005722045876,0.0,0.0,0.009999990463256836,-0.015699982643127497,0.050000011920928955,0.016800001263618497,4.0,7.0,08-21,-0.06044543737714929
07-08,0.0,0.0,0.0,-0.8959999084472638,0.44000005722045876,0.0,0.0,0.009999990463256836,-0.023699998855590876,0.050000011920928955,0.031800001859664945,4.0,7.0,08-22,-0.035263622348958655
07-09,0.0,0.0,0.0,-0.8959999084472638,0.44000005722045876,0.0,0.0,0.009999990463256836,-0.023699998855590876,0.050000011920928955,0.031800001859664945,4.0,7.0,08-23,-0.035263622348958655
07-10,0.0,0.0,0.0,-0.8959999084472638,0.44000005722045876,0.0,0.0,0.009999990463256836,-0.023699998855590876,0.050000011920928955,0.031800001859664945,4.0,7.0,08-24,-0.035263622348958655
07-11,0.0,0.0,0.0,-0.8959999084472638,-0.20200002193450928,0.0,0.0,0.009999990463256836,-0.023699998855590876,0.050000011920928955,0.004999995231628418,3.0,8.0,08-25,-0.0960636301474136
07-12,0.0,0.0,0.0,-0.8959999084472638,-0.642000079154968,0.0,0.0,0.009999990463256836,-0.023699998855590876,0.030999988317489624,0.004999995231628418,3.0,8.0,08-26,-0.13779091022231343
07-13,0.0,0.0,0.0,-0.8959999084472638,-0.642000079154968,0.0,0.0,0.009999990463256836,-0.03700000047683716,0.04719999432563782,0.004999995231628418,3.0,8.0,08-27,-0.13752727345986782
07-14,0.0,0.0,0.0,-0.8959999084472638,-0.642000079154968,0.0,0.0,0.009999990463256836,-0.018999993801116888,0.030000001192092896,0.003769993782043485,3.0,8.0,08-28,-0.13756636326963234
07-15,0.0,0.0,0.0,-0.8959999084472638,-0.642000079154968,0.0,0.0,0.009999990463256836,-0.028499990701675415,0.030000001192092896,0.01500000059604642,3.0,8.0,08-29,-0.13740908964113738
07-16,0.0,0.0,0.0,-1.3899998664855957,-0.642000079154968,0.0,0.0,0.009999990463256836,-0.028499990701675415,0.030000001192092896,0.01500000059604642,3.0,8.0,08-30,-0.1823181767355312
07-17,0.0,0.0,0.0,-1.3899998664855957,-0.642000079154968,0.0,0.0,0.009999990463256836,-0.0020900070667266846,0.030000001192092896,-0.009860008955001831,2.0,9.0,08-31,-0.18217727000063116
07-18,0.0,0.0,0.0,-1.3899998664855957,-0.642000079154968,0.0,0.0,0.009999990463256836,-0.0020900070667266846,0.017100006341934204,-0.006129994988441467,2.0,9.0,09-01,-0.1830109046264128
07-19,0.0,0.0,0.0,-1.3899998664855957,-0.642000079154968,-0.7119999825954437,0.0,0.009999990463256836,-0.022090017795562744,0.025000005960464478,-0.006129994988441467,2.0,9.0,09-02,-0.24883817678148096
07-20,0.0,0.0,0.0,-1.4200000762939453,-0.642000079154968,-0.7119999825954437,0.0,0.0,-0.022090017795562744,0.025000005960464478,-0.006830006837844876,1.0,10.0,09-03,-0.2525381960652091
07-21,0.0,0.0,0.0,-1.4200000762939453,-0.8200000524520872,-0.7119999825954437,0.0,0.0,-0.022090017795562744,0.025000005960464478,-0.010200008749961853,1.0,10.0,09-04,-0.2690263756296851
07-22,0.0,0.0,0.0,-1.4200000762939453,-0.8200000524520872,-0.7119999825954437,0.0,0.0,-0.033000022172927856,0.025000005960464478,-0.006400004029273987,1.0,10.0,09-05,-0.26967273923483764
07-23,0.0,0.0,0.0,-1.3959999084472638,-0.8200000524520872,-0.7119999825954437,0.0,0.0,-0.033000022172927856,0.08050000667572016,0.0,1.0,10.0,09-06,-0.2618636326356366
07-24,0.0,0.0,0.0,-1.3959999084472638,-0.8200000524520872,-0.7119999825954437,0.0,0.0,-0.05300000309944153,0.08050000667572016,0.004999995231628418,2.0,9.0,09-07,-0.263227267698808
07-25,0.0,0.0,0.0,-1.3959999084472638,-0.8000000715255737,-0.7119999825954437,0.0,0.0,-0.05300000309944153,0.08550000190734858,0.001860007643699646,2.0,9.0,09-08,-0.26123999601060677
07-26,0.0,0.0,0.0,-1.3959999084472638,-0.8600000143051144,-0.7119999825954437,0.0,0.0,-0.06100001931190491,0.07600000500679016,-0.015599995851516724,1.0,10.0,09-09,-0.2698727195913139
07-27,0.0,0.0,0.0,-1.3959999084472638,-0.8600000143051144,-0.7119999825954437,0.0,0.0,-0.06100001931190491,0.06349998712539673,-0.015599995851516724,1.0,10.0,09-10,-0.2710090848532588
07-28,0.0,0.0,0.0,-1.3959999084472638,-0.8600000143051144,-0.7119999825954437,0.0,0.0,-0.06100001931190491,0.06400001049041748,-0.005600005388259888,1.0,10.0,09-11,-0.2700545381415972
07-29,0.0,0.0,0.0,-1.3959999084472638,-0.8600000143051144,-0.7119999825954437,0.0,0.0,-0.07140001654624939,0.06400001049041748,-0.005600005388259888,1.0,10.0,09-12,-0.2709999924356285
07-30,0.0,0.0,0.0,-1.3959999084472638,-0.8600000143051144,-0.7119999825954437,0.0,0.0,-0.07140001654624939,0.02400001883506775,-0.0034999996423721313,1.0,10.0,09-13,-0.2744454457001251
07-31,0.44000005722045765,0.0,0.0,-1.3959999084472638,-0.8600000143051144,-0.7119999825954437,0.0,0.0,-0.06280001997947687,0.02400001883506775,-0.01000000536441803,2.0,9.0,09-14,-0.23425453223965376
08-01,0.44000005722045765,0.0,0.0,-1.3959999084472638,-0.8600000143051144,-0.7119999825954437,0.0,0.0,-0.06280001997947687,0.00500002503395075,-0.03800000250339508,2.0,9.0,09-15,-0.2385272586887532
08-02,0.44000005722045765,0.0,0.0,-1.3959999084472638,-0.8600000143051144,-0.7119999825954437,0.0,0.0,-0.05680000782012934,0.02430000901222229,-0.03800000250339508,2.0,9.0,09-16,-0.23622725903987876
08-03,0.04999995231628285,0.0,0.0,-1.3959999084472638,-0.8600000143051144,-0.7119999825954437,0.0,0.0,-0.04640001058578486,0.0040000081062316895,-0.057999998331069946,2.0,9.0,09-17,-0.27439999580383295
08-04,0.04999995231628285,0.0,0.0,-1.3959999084472638,-0.8600000143051144,-0.7119999825954437,0.0,0.0,-0.04640001058578486,0.0040000081062316895,-0.030000001192092896,2.0,9.0,09-18,-0.2718545415184714
08-05,0.04999995231628285,0.0,0.0,-1.3959999084472638,-0.8600000143051144,-0.7119999825954437,0.0,0.0,-0.050900012254714966,0.0004000067710876465,-0.024000003933906583,2.0,9.0,09-19,-0.2720454511317339
08-06,-0.009999990463258168,0.0,0.0,-1.3959999084472638,-0.8600000143051144,-0.7119999825954437,0.0,0.0,-0.050900012254714966,0.015799999237060547,-0.019000008702278137,1.0,10.0,09-20,-0.2756454470482739
08-07,-0.009999990463258168,0.0,0.0,-1.3959999084472638,-0.8600000143051144,-0.7119999825954437,0.0,0.0,-0.04930001497268677,0.015289992094039917,-0.019000008702278137,1.0,10.0,09-21,-0.27554635703563685
08-08,-0.35999989509582697,0.0,0.0,-1.3959999084472638,-0.8600000143051144,-0.7119999825954437,0.0,0.0,-0.03930002450942993,0.01850000023841858,-0.019999995827674866,1.0,10.0,09-22,-0.3062545291402123
08-09,-0.35999989509582697,0.0,0.0,-1.3959999084472638,-0.8600000143051144,-0.7119999825954437,0.0,0.0,-0.029300004243850708,0.01477000117301941,-0.025399997830391013,1.0,10.0,09-23,-0.30617543648589735
08-10,-0.35999989509582697,0.0,0.0,-1.3959999084472638,-0.8600000143051144,-0.7119999825954437,0.0,0.0,-0.029300004243850708,0.0187700092792511,-0.02535998821258542,1.0,10.0,09-24,-0.3058081621473485
08-11,-0.35999989509582697,0.0,0.0,-1.3959999084472638,-0.8600000143051144,-0.7119999825954437,0.0,0.0,-0.029300004243850708,0.0187700092792511,-0.03989998996257782,1.0,10.0,09-25,-0.30712998048825696
08-12,-0.35999989509582697,0.0,0.0,-1.3959999084472638,-0.8600000143051144,-0.7119999825954437,0.0,0.0,-0.03841999173164368,0.0167700052261352,-0.039399996399879456,1.0,9.0,09-26,-0.3080954348499124
08-13,-0.46000003814697266,0.0,0.0,-1.3959999084472638,-0.8600000143051144,-0.7119999825954437,0.0,0.0,-0.034999996423721313,0.004770010709762573,-0.041999995708465604,1.0,9.0,09-27,-0.3182027204470199
08-14,-0.46000003814697266,0.0,0.0,-0.5,-0.8600000143051144,-0.7119999825954437,0.0,0.0,-0.030660003423690796,0.004770010709762573,-0.040999993681907654,1.0,9.0,09-28,-0.23626272922212424
08-15,-0.46000003814697266,0.0,0.0,-0.5,-0.8600000143051144,-0.7119999825954437,0.0,0.0,-0.011900007724761907,0.004770010709762573,-0.049799993634223966,1.0,9.0,09-29,-0.23535727506334128
08-16,-0.46000003814697266,0.0,0.0,-0.5,-0.8600000143051144,-0.7119999825954437,0.0,0.0,-0.011900007724761907,0.019769996404647827,-0.047800004482269315,1.0,10.0,09-30,-0.23381182280453763
08-17,-0.9800000190734863,0.0,0.0,-0.5,-0.8600000143051144,-0.7119999825954437,0.0,0.0,-0.023000001907348633,0.011999994516372625,-0.047800004482269315,1.0,10.0,10-01,-0.2828000025315718
08-18,-0.9800000190734863,0.0,0.0,-0.5,-0.49000000953674294,-0.7119999825954437,0.0,0.0,-0.02688997983932495,0.0061199963092803955,-0.05704000592231753,1.0,10.0,10-02,-0.2508918182416396
08-19,-0.9800000190734863,0.0,0.0,-0.5,-0.49000000953674294,-0.7119999825954437,0.0,0.0,-0.02688997983932495,0.004919975996017456,-0.05704000592231753,1.0,10.0,10-03,-0.25100091099739075
08-20,-1.2599999904632573,0.0,0.0,-0.5,-0.49000000953674294,-0.7119999825954437,0.0,0.0,-0.02688997983932495,0.00989997386932373,-0.05704000592231753,1.0,10.0,10-04,-0.27600272677161475
08-21,-1.2599999904632573,0.0,0.0,-0.5,0.1520000696182251,-0.7119999825954437,0.0,0.0,-0.02688997983932495,0.00989997386932373,-0.045239999890327454,2.0,9.0,10-05,-0.21656635539098223
08-22,-1.2599999904632573,0.0,0.0,-0.5,0.1520000696182251,-0.7119999825954437,0.0,0.0,-0.02688997983932495,0.02889999747276306,-0.045239999890327454,2.0,9.0,10-06,-0.2148390805179423
08-23,-1.2599999904632573,-0.10000002384185791,0.0,-0.5,0.1520000696182251,-0.7119999825954437,0.0,0.0,-0.02688997983932495,0.009099990129470825,-0.045239999890327454,2.0,9.0,10-07,-0.22572999244386505
08-24,-1.2599999904632573,-0.10000002384185791,0.0,-0.5,0.1520000696182251,-0.7119999825954437,0.0,0.0,-0.04488998651504522,0.026299983263015747,-0.034999996423721313,2.0,9.0,10-08,-0.22487181154164404
08-25,-1.2599999904632573,-0.10000002384185791,0.0,-0.5,0.1520000696182251,-0.7119999825954437,0.0,0.0,-0.035389989614486694,0.026299983263015747,-0.03144998848438263,2.0,9.0,10-09,-0.22368544746528976
08-26,-1.2599999904632573,-0.10000002384185791,0.0,-0.5,0.1520000696182251,-0.7119999825954437,0.0,0.0,-0.035389989614486694,0.026299983263015747,-0.03144998848438263,2.0,9.0,10-10,-0.22368544746528976
08-27,-1.2599999904632573,-0.019999980926513672,0.0,-0.5,0.1520000696182251,-0.7119999825954437,0.0,0.0,-0.03582000732421875,0.026299983263015747,-0.03144998848438263,2.0,9.0,10-11,-0.2164518088102341
08-28,-1.2599999904632573,-0.04000002145767212,0.0,-0.0060000419616681455,0.1520000696182251,-0.7119999825954437,0.0,0.0,-0.03582000732421875,0.026299983263015747,-0.04480001330375674,2.0,9.0,10-12,-0.17457454583861598
08-29,-0.9800000190734863,-0.04000002145767212,0.0,0.024000167846681464,0.1520000696182251,0.0,0.0,0.0,-0.040230005979537964,0.026299983263015747,-0.04480001330375674,3.0,8.0,10-13,-0.08206634900786644
08-30,-1.2599999904632573,-0.04000002145767212,0.0,-0.2199997901916504,0.33000004291534424,0.0,0.0,0.0,-0.040230005979537964,0.026299983263015747,-0.04480001330375674,2.0,9.0,10-14,-0.1135208904743195
08-31,-1.2599999904632573,-0.04000002145767212,1.4399999976158142,-0.2199997901916504,0.33000004291534424,0.0,0.0,0.0,-0.03579998016357416,0.026299983263015747,-0.04310001432895663,3.0,8.0,10-15,0.017945475199005783
09-01,-1.2599999904632573,-0.04000002145767212,1.4399999976158142,-0.2199997901916504,0.33000004291534424,0.0,0.0,0.0,-0.03579998016357416,0.026299983263015747,-0.04240000247955322,3.0,8.0,10-16,0.018009112639860637
09-02,-1.2599999904632573,-0.04000002145767212,1.4399999976158142,-0.25,0.33000004291534424,0.0,0.0,0.0,-0.026999980211257935,0.009999990463256836,-0.04230000078678131,3.0,8.0,10-17,0.01460909437049515
09-03,-0.5799999237060547,-0.04000002145767212,1.4399999976158142,-0.25,0.33000004291534424,0.0,0.0,0.0,-0.026999980211257935,0.009999990463256836,-0.049760013818740845,3.0,8.0,10-18,0.07574909925460815
09-04,-0.5799999237060547,-0.04000002145767212,1.4399999976158142,-0.27400016784668146,0.3100000619888308,0.0,0.0,0.0,-0.026999980211257935,-0.045500010251998846,-0.032300010323524475,2.0,9.0,10-19,0.06829090416431413
09-05,-0.5799999237060547,-0.04000002145767212,1.4399999976158142,-0.27400016784668146,0.365999937057495,0.0,0.0,0.0,-0.026999980211257935,-0.03600001335144043,0.011199995875358554,3.0,8.0,10-20,0.07819998399777829
09-06,-1.1459999084472656,-0.04000002145767212,1.4399999976158142,-0.27400016784668146,0.1000000238418578,0.0,0.0,0.0,-0.026999980211257935,-0.023499995470046997,0.011199995875358554,3.0,8.0,10-21,0.0036999949000096747
09-07,-1.1459999084472656,-0.04000002145767212,1.4399999976158142,-0.27400016784668146,0.1000000238418578,0.0,0.0,0.0,-0.0009999871253967285,-0.02400001883506775,0.011199995875358554,3.0,8.0,10-22,0.006018173965540625
09-08,-1.1459999084472656,-0.04000002145767212,1.4399999976158142,-0.27400016784668146,0.3799999952316283,0.0,0.0,0.0,0.009400010108947754,-0.012000024318695068,0.011199995875358554,4.0,7.0,10-23,0.03350907970558496
09-09,-1.1459999084472656,-0.04000002145767212,1.4399999976158142,-0.27400016784668146,0.3799999952316283,0.0,0.0,0.0,0.009400010108947754,-0.006000012159347534,0.0012000054121017178,4.0,7.0,10-24,0.03314544531432048
09-10,-0.7559998035430908,-0.04000002145767212,1.4399999976158142,-0.27400016784668146,0.3799999952316283,0.0,0.0,0.0,0.009400010108947754,-0.0040000081062316895,0.0012000054121017178,4.0,7.0,10-25,0.06878181885589235
09-11,-0.6959998607635498,-0.04000002145767212,1.4399999976158142,-0.27400016784668146,0.3799999952316283,0.0,0.0,0.0,0.009400010108947754,-0.0040000081062316895,0.0012000054121017178,4.0,7.0,10-26,0.0742363591085779
09-12,-0.6959998607635498,-0.04000002145767212,1.4399999976158142,-0.27400016784668146,0.31999993324279774,0.0,0.0,0.0,0.0008000135421752375,-0.0040000081062316895,-0.01719999313354495,3.0,8.0,10-27,0.06632726300846428
09-13,-0.06999993324279785,-0.04000002145767212,1.4399999976158142,-0.27400016784668146,0.1000000238418578,0.0,0.0,0.0,0.0008000135421752375,0.018599987030029297,-0.01719999313354495,4.0,7.0,10-28,0.10529090057719821
09-14,-0.06999993324279785,-0.04000002145767212,1.4399999976158142,-0.27400016784668146,0.1000000238418578,0.0,0.0,0.0,0.0008000135421752375,0.020999997854232844,-0.01719999313354495,4.0,7.0,10-29,0.10550908337939853
09-15,0.27999997138977095,-0.04000002145767212,1.4399999976158142,-0.27400016784668146,0.1000000238418578,0.0,0.0,0.0,0.005300015211105347,0.01600000262260437,0.002800002694129916,6.0,5.0,10-30,0.1390999840064481
09-16,0.27999997138977095,-0.04000002145767212,1.4399999976158142,-0.27400016784668146,0.1000000238418578,0.0,0.0,0.0,0.005300015211105347,0.02899998426437378,0.002800002694129916,6.0,5.0,10-31,0.14028180051933622
09-17,0.27999997138977095,-0.04000002145767212,1.4399999976158142,-0.27400016784668146,0.1000000238418578,0.0,0.0,0.0,0.005300015211105347,0.03259998559951782,0.002800002694129916,6.0,5.0,11-01,0.1406090733679857
09-18,-0.059999942779541016,-0.04000002145767212,1.4399999976158142,-0.27400016784668146,0.1000000238418578,0.0,0.0,0.0,0.005300015211105347,0.03049999475479126,0.008200004696846064,5.0,6.0,11-02,0.10999999127604729
09-19,-0.5379998683929443,-0.04000002145767212,1.4399999976158142,-0.27400016784668146,0.1000000238418578,0.0,0.0,0.0,0.005300015211105347,0.03299999237060547,0.008200004696846064,5.0,6.0,11-03,0.06677272509444827
09-20,-0.5379998683929443,-0.04000002145767212,1.4399999976158142,-0.27400016784668146,0.1000000238418578,0.0,0.0,0.0,0.005300015211105347,0.04889997839927673,0.008200004696846064,5.0,6.0,11-04,0.06821817836978203
09-21,-0.017999887466430664,-0.04000002145767212,1.4399999976158142,-0.27400016784668146,0.1000000238418578,0.0,0.0,0.0,0.005300015211105347,0.07989999651908875,0.008200004696846064,5.0,6.0,11-05,0.11830908737399345
09-22,-0.017999887466430664,-0.04000002145767212,1.4399999976158142,-0.27400016784668146,0.1000000238418578,0.0,0.0,0.0,0.014420002698898315,0.07989999651908875,0.013159990310668862,5.0,6.0,11-06,0.11958908492868581
09-23,0.2620000839233403,-0.04000002145767212,1.4399999976158142,-0.27400016784668146,0.1000000238418578,0.0,0.0,0.0,0.014420002698898315,0.04349997639656067,0.025799989700317327,6.0,5.0,11-07,0.14288362589749412
09-24,0.2620000839233403,-0.04000002145767212,1.4399999976158142,-0.27400016784668146,0.1000000238418578,0.0,0.0,0.0,0.008419990539550781,0.05799999833107,0.025799989700317327,6.0,5.0,11-08,0.14365635405887245
09-25,0.2620000839233403,-0.04000002145767212,1.4399999976158142,-0.27400016784668146,0.1000000238418578,0.0,0.0,0.0,0.009739995002746582,0.06999999284744263,0.025799989700317327,6.0,5.0,11-09,0.14486726305701503
09-26,0.2620000839233403,-0.04000002145767212,1.4399999976158142,-0.27400016784668146,0.1000000238418578,0.0,0.0,0.0,0.014739990234375,0.05500000715255737,0.05750000476837161,6.0,5.0,11-10,0.14683999256654207
09-27,0.2620000839233403,-0.04000002145767212,1.4399999976158142,0.48000001907348544,0.1000000238418578,0.0,0.0,0.0,0.014739990234375,0.06599998474121105,0.04270000755786896,7.0,4.0,11-11,0.21504000777548005
09-28,-0.017999887466430664,-0.04000002145767212,1.4399999976158142,-0.8400001525878924,0.1000000238418578,0.0,0.0,0.0,0.026629984378814697,0.06287997961044312,0.04270000755786896,5.0,6.0,11-12,0.07038272104480033
09-29,-0.017999887466430664,-0.04000002145767212,1.4399999976158142,-0.8400001525878924,0.1000000238418578,0.0,0.0,0.1428000032901764,0.026629984378814697,0.05125999450683594,0.04270000755786896,6.0,5.0,11-13,0.08230817724357935
09-30,-0.017999887466430664,-0.04000002145767212,1.4399999976158142,-0.8400001525878924,-0.26999998092651367,0.0,0.0,0.14700001478195185,0.026629984378814697,0.05125999450683594,0.051940008997917175,5.0,6.0,11-14,0.04989363253116592
10-01,-0.017999887466430664,0.06000000238418579,1.4399999976158142,-0.8400001525878924,-0.26999998092651367,0.0,0.0,0.14700001478195185,0.026629984378814697,0.05246001482009888,0.051940008997917175,6.0,5.0,11-15,0.05909363654526781
10-02,0.2620000839233403,0.12000000476837158,1.4399999976158142,-0.8400001525878924,-0.26999998092651367,0.0,0.0,0.14700001478195185,0.026629984378814697,0.0474800169467926,0.051940008997917175,7.0,4.0,11-16,0.08954999799078149
10-03,0.2620000839233403,-0.29999998211860657,1.4399999976158142,-0.8400001525878924,-0.26999998092651367,0.0,0.0,0.14700001478195185,0.026629984378814697,0.051080018281936646,0.051940008997917175,6.0,5.0,11-17,0.05169545384970566
10-04,0.2620000839233403,-0.5200000256299973,1.4399999976158142,-0.8400001525878924,-0.26999998092651367,0.0,0.0,0.14700001478195185,0.026629984378814697,0.051080018281936646,0.051940008997917175,6.0,5.0,11-18,0.031695449894124685
10-05,-0.4179999828338623,-0.5200000256299973,1.4399999976158142,-0.8400001525878924,-0.26999998092651367,0.0,0.0,0.14700001478195185,0.026629984378814697,0.033700019121170044,0.051940008997917175,5.0,6.0,11-19,-0.031702737916599784
10-06,-0.4179999828338623,-0.4999999850988388,1.4399999976158142,-0.8400001525878924,-0.26999998092651367,0.0,0.0,0.15330001711845398,0.026629984378814697,0.033700019121170044,0.041700005531311035,5.0,6.0,11-20,-0.030242734334685748
10-07,-0.4179999828338623,-0.4999999850988388,1.4399999976158142,-0.8400001525878924,-0.26999998092651367,0.0,0.0,0.15330001711845398,0.026629984378814697,0.03260001540184021,0.03814999759197235,5.0,6.0,11-21,-0.030665462667291976
10-08,-0.4179999828338623,-0.5599999874830246,1.4399999976158142,-0.8400001525878924,-0.26999998092651367,0.0,0.0,0.15330001711845398,0.026629984378814697,0.03260001540184021,0.05070000886917114,5.0,6.0,11-22,-0.03497909822247261
10-09,-0.4179999828338623,-0.5599999874830246,1.4399999976158142,-0.8400001525878924,-0.26999998092651367,0.0,0.0,0.15330001711845398,0.027060002088546753,0.03260001540184021,0.05070000886917114,5.0,6.0,11-23,-0.03494000570340606
10-10,0.08999991416931152,-0.5599999874830246,1.4399999976158142,-0.5960001945495605,-0.26999998092651367,0.0,0.0,0.13899999856948858,0.027060002088546753,0.03260001540184021,0.05070000886917114,6.0,5.0,11-24,0.03212361579591578
10-11,0.08999991416931152,-0.5599999874830246,0.0,-0.5960001945495605,-0.26999998092651367,0.0,0.0,0.13899999856948858,0.033539980649948065,0.03260001540184021,0.05070000886917114,5.0,6.0,11-25,-0.09819638593630357
10-12,0.08999991416931152,-0.14000000059604645,0.0,-0.5960001945495605,-0.26999998092651367,0.0,0.0,0.13899999856948858,0.033539980649948065,0.03770002722740179,0.05070000886917114,5.0,6.0,11-26,-0.05955093150789088
10-13,0.08999991416931152,0.0,0.0,-0.5960001945495605,-0.26999998092651367,0.0,0.0,0.13899999856948858,0.024739980697631836,0.033700019121170044,0.04900000989437103,5.0,6.0,11-27,-0.04814184118400921
10-14,0.6559998989105225,0.0,0.0,-0.5960001945495605,-0.26999998092651367,0.0,0.0,0.13899999856948858,0.024739980697631836,0.033700019121170044,0.04900000989437103,5.0,6.0,11-28,0.0033127028833736124
10-15,-0.6600000858306885,0.0,0.0,-0.5659999847412109,-0.26999998092651367,0.0,0.0,0.13899999856948858,0.024739980697631836,0.050000011920928955,0.04900000989437103,4.0,7.0,11-29,-0.11211455003781752
10-16,-0.6600000858306885,0.0,0.0,-0.5659999847412109,-0.2659999132156372,0.0,0.055010002106428146,0.13899999856948858,0.024739980697631836,0.050000011920928955,0.005500003695488004,5.0,6.0,11-30,-0.11070454425432465
10-17,-0.6600000858306885,0.0,0.0,-0.5659999847412109,0.0,0.0,0.055010002106428146,0.13899999856948858,0.024739980697631836,0.050000011920928955,0.005500003695488004,5.0,6.0,12-01,-0.086522733961994
10-18,-0.6600000858306885,0.0,0.0,-0.5659999847412109,0.0,0.0,0.055010002106428146,0.13899999856948858,-0.0012600123882293701,0.04010000824928284,0.005500003695488004,4.0,7.0,12-02,-0.0897863700308583
10-19,-0.18200016021728516,0.0,0.0,-0.5659999847412109,0.0,0.0,0.055010002106428146,0.13899999856948858,-0.0012600123882293701,0.028100013732910156,0.005500003695488004,4.0,7.0,12-03,-0.04742273993112824
10-20,-0.18200016021728516,0.0,0.0,-0.5659999847412109,0.0,0.0,0.055010002106428146,0.13899999856948858,-0.0012600123882293701,0.044280022382736206,0.005500003695488004,4.0,7.0,12-04,-0.04595183005387133
10-21,-0.18200016021728516,0.0,0.0,-0.5659999847412109,-0.2799999713897705,0.0,0.055010002106428146,0.13899999856948858,-0.0012600123882293701,0.044280022382736206,0.005500003695488004,4.0,7.0,12-05,-0.07140637290748683
10-22,-0.7239999771118164,0.0,0.0,-0.5659999847412109,-0.2799999713897705,0.0,0.055010002106428146,0.13899999856948858,-0.0012600123882293701,0.046000003814697266,0.005500003695488004,4.0,7.0,12-06,-0.1205227215859023
10-23,-0.7999999523162842,0.0,0.0,-0.5659999847412109,-0.21999990940093994,0.0,0.055010002106428146,0.13899999856948858,-0.0012600123882293701,0.04399999976158142,0.02390000224113467,4.0,7.0,12-07,-0.12048635056073015
10-24,-0.7999999523162842,0.0,0.0,-0.5659999847412109,0.0,0.0,0.055010002106428146,0.13899999856948858,-0.0012600123882293701,0.021400004625320435,0.02390000224113467,4.0,7.0,12-08,-0.1025409038093957
10-25,-0.7999999523162842,0.0,0.0,-0.5659999847412109,0.0,0.0,0.055010002106428146,0.13899999856948858,-0.0012600123882293701,-0.012700021266937311,0.02390000224113467,3.0,8.0,12-09,-0.1056409061632373
10-26,-0.6740000247955318,0.0,0.0,-0.5659999847412109,0.0,0.0,0.055010002106428146,0.13899999856948858,-0.0012600123882293701,-0.007700026035308838,0.02390000224113467,3.0,8.0,12-10,-0.09373182227665723
10-27,-0.6740000247955318,0.0,0.0,-0.5659999847412109,0.0,0.0,0.055010002106428146,0.13899999856948858,-0.0012600123882293701,-0.012500017881393433,0.02390000224113467,3.0,8.0,12-11,-0.09416818517175583
10-28,-0.6740000247955318,0.0,0.0,-0.5659999847412109,0.0,0.0,0.055010002106428146,0.13899999856948858,-0.0012600123882293701,-0.02000001072883606,0.02390000224113467,3.0,8.0,12-12,-0.09485000270334153
10-29,0.2699999809265141,0.0,0.0,-0.5659999847412109,0.0,0.0,0.055010002106428146,0.1700000166893006,-0.0012600123882293701,-0.03299999237060547,0.02390000224113467,4.0,7.0,12-13,-0.007395453412424386
10-30,0.2699999809265141,0.0,0.0,-0.5659999847412109,0.0,0.0,0.055010002106428146,0.1700000166893006,-0.0012600123882293701,-0.03299999237060547,0.02390000224113467,4.0,7.0,12-14,-0.007395453412424386
10-31,-0.021999835968017578,-0.019999995827674893,0.0,-0.5659999847412109,0.0,0.0,0.055010002106428146,0.1980000138282776,-0.0012600123882293701,-0.05289998650550842,0.02390000224113467,3.0,8.0,12-15,-0.03502270884134553
11-01,-0.021999835968017578,-0.019999995827674893,0.0,-0.5659999847412109,0.0,0.0,0.055010002106428146,0.1980000138282776,-0.0012600123882293701,-0.0849000215530395,0.02390000224113467,3.0,8.0,12-16,-0.037931802936575616
11-02,-0.1099998950958252,-0.019999995827674893,0.0,-0.5659999847412109,0.0,0.0,0.055010002106428146,0.1980000138282776,-0.0012600123882293701,-0.08799999952316284,0.02390000224113467,3.0,8.0,12-17,-0.046213624490932984
11-03,-0.1099998950958252,-0.019999995827674893,0.0,-0.5659999847412109,0.0,0.0,0.055010002106428146,0.1899999976158142,-0.0012600123882293701,-0.11490002274513245,0.02390000224113467,3.0,8.0,12-18,-0.04938635534860871
11-04,-0.07599997520446777,-0.019999995827674893,0.0,-0.5659999847412109,0.0,0.0,0.055010002106428146,0.1899999976158142,-0.0012600123882293701,-0.11626002192497253,0.01890000700950628,3.0,8.0,12-19,-0.04687363485043699
11-05,-0.07599997520446777,-0.019999995827674893,0.0,-0.5659999847412109,0.0,0.0,0.055010002106428146,0.1899999976158142,-0.0012600123882293701,-0.08239999413490295,0.01890000700950628,3.0,8.0,12-20,-0.04379545050588521
11-06,-0.06599998474121094,-0.019999995827674893,0.0,-0.5659999847412109,0.0,0.0,0.055010002106428146,0.1899999976158142,-0.06689998507499695,-0.09490001201629639,-0.014799997210502652,2.0,9.0,12-21,-0.053053632717240944
11-07,-0.06599998474121094,-0.019999995827674893,0.0,-1.3200001716613778,0.0,0.0,0.055010002106428146,0.1899999976158142,-0.07163998484611511,-0.10289999842643743,0.0,2.0,9.0,12-22,-0.1214118305255067
11-08,-0.06599998474121094,-0.019999995827674893,0.0,-0.7100000381469727,0.0,0.0,0.055010002106428146,0.1899999976158142,-0.07163998484611511,-0.09399998188018799,0.0,2.0,9.0,12-23,-0.06514818051999266
11-09,-0.06599998474121094,-0.019999995827674893,0.0,-0.7100000381469727,0.0,0.0,0.055010002106428146,0.04719999432563782,-0.07163998484611511,-0.08237999677658081,0.0,2.0,9.0,12-24,-0.07707363671877167
11-10,-0.06599998474121094,-0.019999995827674893,0.0,-0.7100000381469727,0.0,0.0,0.055010002106428146,0.04299998283386236,-0.07163998484611511,-0.08237999677658081,0.0,2.0,9.0,12-25,-0.07745545594529672
11-11,-0.06599998474121094,-0.019999995827674893,0.0,-0.7100000381469727,0.0,0.0,0.055010002106428146,0.04299998283386236,-0.07163998484611511,-0.08237999677658081,0.0,2.0,9.0,12-26,-0.07745545594529672
11-12,-0.06599998474121094,-0.019999995827674893,0.0,-0.7100000381469727,0.0,0.0,0.055010002106428146,0.04299998283386236,-0.07163998484611511,-0.09238001704216009,0.0,2.0,8.0,12-27,-0.07836454869671301
11-13,-0.06599998474121094,-0.019999995827674893,0.0,-0.7100000381469727,0.0,0.0,0.055010002106428146,0.04299998283386236,-0.07673999667167664,-0.09238001704216009,0.0,2.0,8.0,12-28,-0.07882818613540042
11-14,-0.06599998474121094,-0.019999995827674893,0.0,-0.7100000381469727,0.0,0.0,0.055010002106428146,0.04299998283386236,-0.07673999667167664,-0.09238001704216009,0.0,2.0,8.0,12-29,-0.07882818613540042
11-15,-0.06599998474121094,-0.019999995827674893,0.0,-0.7100000381469727,-0.18000006675720215,0.0,0.055010002106428146,0.04299998283386236,-0.07673999667167664,-0.0800000131130219,0.0,2.0,8.0,12-30,-0.09406637366522443
11-16,-0.06599998474121094,-0.019999995827674893,0.0,-0.7100000381469727,-0.18000006675720215,0.0,0.055010002106428146,0.03669998049736023,-0.07673999667167664,-0.0800000131130219,0.0,2.0,8.0,12-31,-0.09463910115036098
11-17,-0.06599998474121094,-0.019999995827674893,0.0,-0.7100000381469727,-0.18000006675720215,0.0,0.055010002106428146,0.03669998049736023,-0.07673999667167664,-0.0800000131130219,0.0,2.0,8.0,01-01,-0.09463910115036098
11-18,-0.06599998474121094,-0.019999995827674893,0.0,-0.7100000381469727,-0.18000006675720215,0.0,0.055010002106428146,0.03669998049736023,-0.07673999667167664,-0.0800000131130219,0.0,2.0,8.0,01-02,-0.09463910115036098
11-19,-0.06599998474121094,-0.019999995827674893,0.0,-0.7100000381469727,-0.18000006675720215,0.0,0.055010002106428146,0.03669998049736023,-0.07673999667167664,-0.0766499936580658,0.0,2.0,8.0,01-03,-0.09433455392718315
11-20,-0.06599998474121094,-0.019999995827674893,0.0,-0.7100000381469727,-0.18000006675720215,0.0,0.055010002106428146,0.03669998049736023,-0.07673999667167664,-0.0766499936580658,0.0,2.0,8.0,01-04,-0.09433455392718315
11-21,-0.06599998474121094,-0.019999995827674893,0.0,-0.7100000381469727,-0.18000006675720215,0.0,0.055010002106428146,0.05099999904632563,-0.07673999667167664,-0.0766499936580658,0.0,2.0,8.0,01-05,-0.09303455224091356
11-22,-0.06599998474121094,-0.019999995827674893,0.0,-0.7100000381469727,-0.18000006675720215,0.0,0.055010002106428146,0.05099999904632563,-0.07673999667167664,-0.08175000548362737,0.0,2.0,8.0,01-06,-0.09349818967960098
11-23,-0.06599998474121094,-0.019999995827674893,0.0,-0.7100000381469727,-0.18000006675720215,0.0,0.055010002106428146,0.05099999904632563,-0.07673999667167664,-0.07774999737739563,0.0,2.0,8.0,01-07,-0.09313455257903445
11-24,-0.06599998474121094,-0.019999995827674893,0.0,-0.7100000381469727,-0.18000006675720215,0.0,0.055010002106428146,0.05099999904632563,-0.034740000963211115,-0.06000000238418579,0.0,2.0,8.0,01-08,-0.08770273524251851
11-25,0.009999990463256836,-0.019999995827674893,0.0,-0.7100000381469727,-0.18000006675720215,0.0,0.055010002106428146,0.05099999904632563,-0.034740000963211115,-0.06999999284744263,0.0,3.0,7.0,01-09,-0.08170273662968115
11-26,0.009999990463256836,-0.019999995827674893,0.0,-0.7100000381469727,-0.18000006675720215,0.0,0.0,0.05099999904632563,-0.034740000963211115,-0.06999999284744263,0.0,2.0,8.0,01-10,-0.08670364591208371
11-27,-0.07000017166137695,-0.019999995827674893,0.0,-0.7100000381469727,-0.18000006675720215,0.0,0.0,0.05099999904632563,-0.03973999619483948,-0.06009998917579651,0.0,1.0,9.0,01-11,-0.09353093261068518
11-28,-0.6200001239776607,-0.019999995827674893,0.0,-0.7100000381469727,-0.18000006675720215,0.0,0.0,0.11379998922348017,-0.03973999619483948,-0.06009998917579651,0.0,1.0,9.0,01-12,-0.13782183825969693
11-29,-0.6200001239776607,-0.019999995827674893,0.0,-0.7100000381469727,-0.18000006675720215,0.0,0.0,0.11379998922348017,-0.03973999619483948,-0.06009998917579651,0.0,1.0,9.0,01-13,-0.13782183825969693
11-30,-0.9399999380111701,-0.019999995827674893,0.0,-0.7100000381469727,-0.18000006675720215,0.0,0.0,0.11379998922348017,-0.044739991426467896,-0.05628001689910889,0.0,1.0,9.0,01-14,-0.16702000525864694
12-01,-0.9399999380111701,-0.019999995827674893,0.0,-0.7100000381469727,-0.18000006675720215,0.0,0.0,0.11379998922348017,-0.05524000525474548,-0.05628001689910889,0.0,1.0,9.0,01-15,-0.16797455197030853
12-02,-0.9399999380111701,-0.019999995827674893,0.0,-0.7100000381469727,-0.18000006675720215,0.0,0.0,0.11379998922348017,-0.05524000525474548,-0.06428000330924988,0.0,1.0,9.0,01-16,-0.16870182346213955
12-03,-0.9399999380111701,-0.019999995827674893,0.0,-1.191999912261963,-0.18000006675720215,0.0,0.0,0.09020000696182245,-0.05524000525474548,-0.06428000330924988,0.0,1.0,9.0,01-17,-0.21466544676910757
12-04,-0.9399999380111701,-0.019999995827674893,0.0,-1.191999912261963,-0.18000006675720215,0.0,0.0,0.09020000696182245,-0.05524000525474548,-0.07199999690055847,0.0,1.0,9.0,01-18,-0.21536726436831743
12-05,-0.9399999380111701,-0.019999995827674893,0.0,-1.191999912261963,-0.18000006675720215,0.0,0.0,0.09020000696182245,-0.05524000525474548,-0.04029998183250427,0.0,1.0,9.0,01-19,-0.21248544481667614
12-06,-0.9399999380111701,-0.019999995827674893,0.0,-1.191999912261963,-0.18000006675720215,0.0,0.0,0.09020000696182245,-0.05524000525474548,-0.04029998183250427,0.0,1.0,9.0,01-20,-0.21248544481667614
12-07,-1.193999886512757,-0.019999995827674893,0.0,-1.191999912261963,-0.18000006675720215,0.0,0.0,0.09020000696182245,-0.05524000525474548,-0.03549998998641968,0.0,1.0,9.0,01-21,-0.2351399863308127
12-08,-0.9020000696182253,-0.019999995827674893,0.0,-1.191999912261963,-0.18000006675720215,0.0,0.0,0.05760002136230463,-0.05524000525474548,-0.03549998998641968,0.0,1.0,9.0,01-22,-0.2115581834858114
12-09,-0.9020000696182253,-0.019999995827674893,0.0,-1.191999912261963,-0.18000006675720215,0.0,0.0,0.02660000324249262,-0.05524000525474548,-0.0415399968624115,0.0,1.0,9.0,01-23,-0.21492545848542993
12-10,-0.9020000696182253,-0.019999995827674893,0.0,-1.191999912261963,-0.18000006675720215,0.0,0.0,0.02759999036788935,-0.05524000525474548,-0.03999999165534973,0.0,1.0,9.0,01-24,-0.21469455009157007
12-11,-0.8140000104904177,-0.019999995827674893,0.0,-1.191999912261963,-0.18000006675720215,0.0,0.0,0.02759999036788935,-0.06558999419212341,-0.03999999165534973,0.0,1.0,9.0,01-25,-0.207635452801531
12-12,-0.8140000104904177,-0.019999995827674893,0.0,-1.191999912261963,-0.18000006675720215,0.0,0.0,0.02759999036788935,-0.06558999419212341,-0.03899997472763067,0.0,1.0,9.0,01-26,-0.20754454217173837
12-13,-0.8140000104904177,0.0,0.0,-1.191999912261963,-0.18000006675720215,0.0,0.0,-0.0004000067710876465,-0.06558999419212341,-0.0459000170230866,0.0,0.0,10.0,01-27,-0.20889909159053455
12-14,-0.8240000009536745,0.0,0.0,-1.191999912261963,-0.18000006675720215,0.0,0.0,0.007600009441375732,-0.06558999419212341,-0.00948998332023615,0.0,1.0,9.0,01-28,-0.2057709043676203
12-15,-0.8240000009536745,0.0,0.0,-1.191999912261963,-0.18000006675720215,0.0,0.0,0.007600009441375732,-0.06558999419212341,-0.00948998332023615,0.0,1.0,9.0,01-29,-0.2057709043676203
12-16,-0.7439998388290407,0.0,0.0,-1.4320001602172852,-0.18000006675720215,0.0,0.0,0.007600009441375732,-0.06558999419212341,-0.009799987077712957,0.0,1.0,9.0,01-30,-0.22034454887563532
12-17,-0.7439998388290407,0.0,0.0,-1.4320001602172852,-0.18000006675720215,0.0,0.0,-0.02570000290870661,-0.06558999419212341,-0.00843998789787287,0.0,0.0,10.0,01-31,-0.22324818643656644
12-18,-0.193999886512757,0.0,0.0,-1.4320001602172852,-0.18000006675720215,0.0,0.0,-0.05189999938011175,-0.06558999419212341,-0.005899995565414373,0.0,0.0,10.0,02-01,-0.1753991002386267
12-19,-0.193999886512757,0.0,0.0,-0.7220001220703125,-0.18000006675720215,0.0,0.03458999842405318,-0.050699979066848755,0.006049990653991699,-0.005800008773803655,0.0,2.0,8.0,02-02,-0.1010781885548072
12-20,-0.193999886512757,0.0,0.0,-0.7220001220703125,-0.18000006675720215,0.0,0.03458999842405318,-0.050699979066848755,0.006049990653991699,0.0029999911785125732,0.0,3.0,7.0,02-03,-0.10027818855914208
12-21,-0.193999886512757,0.0,0.0,-0.7220001220703125,-0.18000006675720215,0.0,0.03458999842405318,-0.050699979066848755,0.022899985313415527,0.0029999911785125732,0.0,3.0,7.0,02-04,-0.09874637086283083
12-22,0.0,0.0,0.0,-0.7220001220703125,-0.18000006675720215,0.0,0.03458999842405318,-0.05840000510215765,0.022899985313415527,0.014899998903274536,0.0,3.0,7.0,02-05,-0.08072820102626627
12-23,0.0,0.0,0.0,-0.7220001220703125,-0.18000006675720215,0.0,0.03458999842405318,-0.07789999246597284,0.022899985313415527,0.014899998903274536,0.0,3.0,7.0,02-06,-0.08250092715024948
12-24,0.0640000104904177,0.0,0.0,-0.7220001220703125,-0.18000006675720215,0.0,0.03458999842405318,-0.07789999246597284,0.022899985313415527,0.032000005245208796,0.0,4.0,6.0,02-07,-0.0751281983473084
12-26,0.0640000104904177,0.0,0.0,-0.7220001220703125,0.0,0.0,0.03458999842405318,-0.09079998731613154,0.01199999451637268,0.037000000476837214,0.0,4.0,6.0,02-09,-0.06047364595261485
12-27,0.0640000104904177,0.0,0.0,-0.7220001220703125,0.0,0.0,0.03458999842405318,-0.09079998731613154,0.01199999451637268,0.04500001668930065,0.0,4.0,6.0,02-10,-0.05974637175148181
12-28,-0.13600003719329812,0.0,0.0,-0.6040000915527344,0.0,0.0,0.03458999842405318,-0.09079998731613154,-0.0028599947690964578,0.04670000076293951,0.0,2.0,8.0,02-11,-0.06839728287675162
12-29,-0.13600003719329812,0.0,0.0,-0.6040000915527344,0.0,0.0,0.03458999842405318,-0.09079998731613154,-0.0028599947690964578,0.06488999724388128,0.0,2.0,8.0,02-12,-0.06674364683302964
12-30,-0.13600003719329812,0.0,0.0,-0.6040000915527344,0.0,0.0,0.03458999842405318,-0.09079998731613154,-0.0028599947690964578,0.06260001659393316,0.0,2.0,8.0,02-13,-0.06695182689211583
12-31,-0.13600003719329812,0.0,0.0,-0.6040000915527344,0.0,0.0,0.03458999842405318,-0.09079998731613154,0.0037000179290771484,0.05274999141693115,0.0,3.0,7.0,02-14,-0.06725091893564569
