,2009,2010,2011,2012,2013,2014,2015,2016,2017,2018,2019,2020,ups,downs,end_day_sum,avg
01-02,-30.453262329101555,-1.6854305267333984,0.08870697021484375,3.338317871093736,2.4538917541503906,-2.0459365844726634,-4.0686798095703125,-14.383613586425788,-0.530609130859375,2.433349609375,9.30264663696289,-1.3207321166992188,5.0,7.0,02-16,-3.0726126035054544
01-03,-30.63195037841797,-1.9515438079833984,0.08870697021484375,3.0186004638671804,2.3294448852539134,-3.0512847900390625,-1.4684677124023438,-12.094676971435554,0.07497406005859375,2.2230377197265625,10.209251403808594,0.149932861328125,7.0,5.0,02-17,-2.591997941335043
01-04,-31.69641876220703,-0.7983589172363281,0.0,3.1606502532958913,1.4049568176269531,-3.5050506591796804,-1.1923637390136648,-10.887619018554695,-0.6640701293945312,1.3817977905273295,7.807220458984368,0.07093048095703125,5.0,7.0,02-18,-2.9098604520161966
01-05,-35.51080513000488,-1.0644702911376882,-0.6209373474121094,2.858789443969723,1.6539382934570312,-3.8076095581054688,-0.7559852600097656,-9.850753784179688,0.3002967834472656,1.4732437133789062,6.775032043457038,-0.13226318359375,5.0,7.0,02-19,-3.2234603563944493
01-06,-40.20424461364746,-2.0402526855468643,-0.44353103637696023,2.823276519775387,1.2271461486816406,-3.9321937561035085,0.65081787109375,-9.189914703369148,0.11103057861327414,2.6175994873046875,8.516273498535156,-1.30303955078125,6.0,6.0,02-20,-3.430586020151775
01-07,-37.46087455749512,-2.1289596557617223,-0.3548316955566406,3.231960296630863,1.8139801025390625,-5.3203277587890625,0.2323303222656321,-6.903808593749993,0.2999839782714844,2.3788986206054688,8.619808197021484,-0.1850433349609375,6.0,6.0,02-21,-2.981407006581623
01-08,-37.54935646057129,-1.4193019866943395,0.2661247253417969,3.41845703125,0.68475341796875,-5.880832672119141,-0.45328521728514914,-6.395744323730462,0.11017608642578125,2.0483932495117188,9.004718780517578,-0.7617645263671875,6.0,6.0,02-22,-3.0773051579793282
01-09,-37.46929359436035,-1.8628520965576136,0.0,3.8092155456543004,1.0581092834472656,-6.227813720703125,0.3123931884765696,-6.976112365722649,0.45363616943359375,1.8309249877929688,8.14484786987304,-1.4538421630859375,6.0,6.0,02-23,-3.1983989079793287
01-10,-32.25985717773438,-1.5080146789550781,-1.9515304565429688,2.1043376922607386,0.355854034423821,-5.854148864746094,1.2563552856445312,-6.502239227294922,0.5079078674316406,1.5200424194335938,8.088775634765632,-0.49153900146484375,6.0,6.0,02-24,-2.894504706064861
01-11,-30.57443809509278,-2.4837875366210938,-2.1289634704589844,0.9768123626708984,0.017864227294921875,-4.8487701416015625,0.8466835021972656,-7.664577484130859,0.7512550354003906,1.6023483276367188,7.553932189941399,-3.5595474243164062,6.0,6.0,02-25,-3.292599042256674
01-12,-26.493944168090827,-0.6209487915039062,-3.3708534240722727,0.6838302612304688,0.5157661437988352,-4.208072662353516,1.3632240295410156,-7.807609558105469,1.4091835021972656,-0.2382659912109233,5.290920257568359,-7.342803955078125,5.0,7.0,02-26,-3.4016311963399244
01-13,-29.858461380004886,-0.4435310363769531,-3.016033172607422,1.7581901550292969,-0.9424285888671875,-4.724205017089844,1.8529891967773438,-6.298412322998054,1.0486717224121094,0.25849151611328125,5.657997131347656,-10.342323303222656,5.0,7.0,02-27,-3.7540879249572767
01-14,-17.73452949523926,-0.5322341918945312,-3.903076171875,3.675748825073242,-0.8179512023925781,-5.000022888183594,2.7166786193847656,-6.4680824279785085,1.2171859741210866,0.7818145751953125,5.272098541259766,-12.762916564941406,5.0,7.0,02-28,-2.796273867289225
01-15,-11.539834976196293,-0.26611137390137074,-0.8870811462402344,4.190853118896481,-0.3555259704589844,-5.925289154052734,4.337226867675781,-3.395538330078132,1.6329612731933594,-0.3841705322265625,3.245758056640625,-12.118904113769531,4.0,8.0,02-29,-1.788804690043133
01-16,-9.151723861694325,-1.2418899536132812,-1.0644874572753906,4.679294586181641,-0.2755088806152344,-3.798931121826172,4.283855438232422,-2.135417938232429,1.443145751953118,-1.2012710571289062,2.48870849609375,-11.888214111328125,4.0,8.0,03-01,-1.4885366757710778
01-17,-11.47284317016602,-1.330596923828125,-2.0402679443359375,4.537208557128903,0.8267593383789062,-3.176078796386726,4.604423522949226,-2.716594696044936,3.0068206787109304,-1.5304489135742188,2.227001190185547,-15.612670898437493,5.0,7.0,03-02,-1.8897740046183287
01-18,-14.13403415679932,-1.2418899536132812,-1.7741355895996094,3.8180847167968714,0.2844543457031179,-2.855804443359375,5.557357788085945,-0.5528335571289134,3.8990821838378906,-1.4572906494140625,1.2241859436035085,-15.397891998291016,5.0,7.0,03-03,-1.8858929475148536
01-19,-13.956624031066898,-1.2418899536132812,-1.4193038940429688,3.551738739013672,0.30226898193358664,-3.763481140136726,5.771095275878906,0.29657745361328125,4.557018280029297,-3.9694900512695312,2.872364044189453,-11.401771545410156,6.0,6.0,03-04,-1.5334581534067804
01-20,-14.754981040954595,-0.5322418212890625,-1.7741355895996094,3.9958667755127024,1.0402603149413991,-2.677825927734375,5.717670440673835,1.5914459228515696,4.2302093505859375,-4.216308593750014,2.1946945190429688,-13.859424591064453,6.0,6.0,03-05,-1.5870641867319748
01-21,-22.45409870147705,1.1531848907470703,-1.8628311157226562,3.7827854156494176,1.6270980834960866,-2.1527976989746094,5.290264129638679,1.8950691223144602,4.952182769775391,-3.5369110107421875,1.4229049682617188,-11.595283508300781,7.0,5.0,03-06,-1.7898693879445384
01-22,-17.498339653015137,1.5967159271240199,-2.838611602783203,3.409784317016605,2.4984664916992116,-2.1972808837890554,3.660808563232429,1.6278419494628906,4.30140304565429,-3.867439270019517,1.027587890625,-11.787513732910156,7.0,5.0,03-07,-1.6722147464752186
01-23,-21.65995979309082,2.3950729370117223,-3.0160255432128906,2.0243530273437536,2.2851295471191335,-1.147441864013679,4.4087371826171875,2.976299285888679,4.500251770019524,-3.959403991699233,0.7658920288085938,-11.499168395996094,7.0,5.0,03-08,-1.8271886507670103
01-24,-20.332310676574707,2.927310943603519,-1.9515495300292969,2.974639892578125,1.5917549133300781,0.3472862243652344,3.7230186462402415,2.7795944213867188,4.0962486267089915,-4.7823257446289205,0.2238006591796804,-13.946269989013672,8.0,4.0,03-09,-1.8624001344045007
01-25,-20.154896736145016,5.233673095703136,-1.5080146789550781,2.9213790893554688,1.867401123046875,0.729827880859375,3.6250572204589915,1.3847694396972656,3.2400245666503977,-4.773193359375014,-1.5747032165527344,-14.440959930419922,7.0,5.0,03-10,-1.9541362921396879
01-26,-16.606639862060543,7.185220718383789,-1.4193077087402415,2.548494338989258,3.8678665161132812,0.6853370666503906,2.0932350158691406,0.6258125305175852,3.537456512451179,-5.183952331542969,-1.2652244567871165,-24.029735565185547,7.0,5.0,03-11,-2.330119768778483
01-27,-17.755175590515137,6.7416896820068395,-1.5967254638671875,2.7884101867675817,4.6858978271484375,-0.3291130065917969,3.5893287658691406,0.5722312927246094,4.160484313964837,-3.238037109375,-1.0299263000488352,-19.956192016601562,6.0,6.0,03-12,-1.7805939515431728
01-28,-23.59590244293213,6.386861801147461,-1.5967025756835938,3.534221649169922,4.107952117919922,-1.4324111938476562,4.6578216552734375,0.6795196533203125,4.556896209716804,-3.3206710815429688,-0.5593147277832102,-25.100364685058594,6.0,6.0,03-13,-2.640174468358358
01-29,-20.934720039367676,7.628738403320316,-2.2176742553710938,3.6141529083251953,4.285728454589844,-0.08008193969726562,4.194717407226555,-1.081878662109375,4.593048095703125,-4.339736938476548,0.8294601440429688,-24.369850158691406,6.0,6.0,03-14,-2.3231747150421134
01-30,-16.676803588867188,5.588493347167969,-2.4837799072265625,5.5324344635009695,4.472404479980469,-0.28476715087890625,6.349948883056641,0.4559974670410085,4.511699676513672,-4.436515808105469,-0.11452484130859375,-25.283004760742188,6.0,6.0,03-15,-1.8640348116556815
01-31,-16.58810234069825,4.878856658935547,-3.3708534240722656,3.9961643218994176,4.27679443359375,-0.08899307250976562,5.1832733154296875,0.1698760986328125,4.67237472534179,-4.308502197265625,-0.3388328552246165,-30.14029312133789,6.0,6.0,03-16,-2.6381864547729506
02-01,-11.709255218505866,6.298141479492195,-4.524021148681641,3.21488189697266,3.94781494140625,0.48052978515625,5.316864013671875,0.09835052490234375,4.474094390869141,-4.966850280761719,0.4141349792480469,-23.309127807617188,8.0,4.0,03-17,-1.6887035369873045
02-02,-10.112531661987312,5.677204132080082,-4.080497741699219,2.859653472900394,4.490184783935547,1.2369117736816406,5.450447082519538,1.61834716796875,4.392749786376953,-3.3785858154296875,1.063568115234368,-32.83985137939453,8.0,4.0,03-18,-1.9685333569844563
02-03,-3.3708400726318324,6.032024383544929,-3.725669860839851,2.424493789672855,3.5832786560058594,1.6017799377441406,4.310485839843743,1.6719894409179759,3.064075469970703,0.18361663818359375,1.76007080078125,-33.74938201904297,9.0,3.0,03-19,-1.3511730829874669
02-04,-3.6369647979736293,7.717451095581062,-3.282135009765632,3.010629653930664,3.1831436157226562,1.9221343994140625,4.737991333007805,1.2875213623046946,2.4675369262695312,-0.5233230590820312,1.4777069091796804,-38.77114486694336,8.0,4.0,03-20,-1.700787703196208
02-05,-3.9917716979980398,7.096519470214854,-3.5482521057128906,3.436910629272461,2.8186073303222656,1.6729660034179688,4.613296508789055,2.673400878906257,1.7625312805175781,-0.32134246826171875,0.46118927001952414,-41.04497146606445,8.0,4.0,03-21,-2.0309096972147613
02-06,-11.620538711547859,6.652986526489258,-4.169197082519531,4.245077133178711,2.7030067443847656,0.614013671875,2.885536193847649,5.123279571533196,0.3615455627441406,-1.3771286010742045,0.38590240478515625,-41.16108322143555,8.0,4.0,03-22,-2.9463833173116054
02-07,-11.797945022583008,7.894876480102539,-4.257896423339844,4.20067024230957,2.8630638122558594,0.7830886840820312,3.3575515747070312,5.176929473876946,0.52423095703125,-1.5331878662109233,1.4024009704589844,-37.78420639038086,8.0,4.0,03-23,-2.4308686256408687
02-08,-7.2739162445068395,8.693227767944336,-4.346611022949219,3.1704864501953125,2.2673301696777273,0.676300048828125,2.9122467041015625,4.980224609375,1.3105926513671875,1.3312301635742188,1.7883033752441406,-39.10979843139648,9.0,3.0,03-24,-1.9666986465454104
02-09,-8.33839225769043,8.60452842712403,-3.9030838012695312,3.67669677734375,1.8494338989257812,0.6496047973632884,2.4313316345214844,5.2484588623046875,0.4609642028808594,-3.093963623046861,-0.5929641723632741,-41.693252563476555,7.0,5.0,03-25,-2.891719818115231
02-10,-3.5482559204101562,8.427110671997081,-3.3708457946777344,3.5257186889648366,1.1914596557617188,0.8720664978027344,1.7722854614257812,5.337875366210945,0.3796272277832031,-6.298103332519531,-1.2047500610351562,-36.59407424926758,7.0,5.0,03-26,-2.459157148996988
02-11,-6.564281463623054,8.33841514587403,-3.9917869567871094,3.7744102478027344,1.4937629699707031,0.4449310302734304,1.5140151977539062,7.510570526123047,-0.7954025268554759,-4.5720977783203125,-0.3670654296875,-36.02320098876953,6.0,6.0,03-27,-2.436477502187094
02-12,-5.854621887207031,9.668989181518555,-3.9917869567871094,4.040828704833977,0.4267845153808594,0.17796707153320312,0.43639373779296875,4.318576812744141,-0.5603981018066406,-5.949245452880859,-1.825958251953125,-36.25542449951172,6.0,6.0,03-28,-2.9473245938618984
02-13,-6.032047271728516,8.870647430419922,-4.257904052734375,3.4635696411132812,0.7379837036132812,0.26696014404296164,-0.0089111328125,2.7270545959472656,0.4248085021972585,-6.334850311279297,-2.174205780029297,-35.936119079589844,6.0,6.0,03-29,-3.1877511342366547
02-14,-3.903079986572269,7.717445373535156,-4.080486297607429,4.422704696655284,0.45345306396484375,-1.8420295715332031,-0.6145057678222656,2.70916748046875,-0.39769363403321023,-7.739513397216797,-1.5906448364257884,-31.707767486572266,4.0,8.0,03-30,-3.0477458635965995
02-15,-6.65297889709473,6.919097900390625,-4.080486297607429,4.7424221038818395,0.5512657165527344,-1.8954315185546946,-0.044532775878899145,2.530353546142578,-1.003276824951179,-8.079212188720703,-2.155364990234382,-32.68503189086914,4.0,8.0,03-31,-3.4877646764119485
02-16,-4.70144081115723,6.919097900390625,-3.9917793273925852,3.863199234008789,-0.23117828369140625,-1.5839691162109446,-0.151397705078125,2.67340087890625,-0.8948135375976634,-7.858856201171875,-2.0330123901367188,-32.41410827636719,3.0,9.0,04-01,-3.3670714696248396
02-17,-3.3708419799804723,6.032035827636715,-4.346611022949226,3.1882457733154332,-0.63128662109375,-1.4059982299804759,-0.151397705078125,1.8776473999023438,0.30731201171875,-8.226108551025384,-0.018817901611328125,-34.310577392578125,4.0,8.0,04-02,-3.421366532643637
02-18,-2.0402412414550817,5.854618072509766,-4.3466033935546875,2.833009719848633,-0.3467597961425781,-1.0144538879394602,0.08905792236327414,2.6465873718261648,-0.6598129272460938,-8.033309936523438,0.037647247314453125,-37.80356216430664,5.0,7.0,04-03,-3.565318584442141
02-19,1.5080070495605469,5.588502883911136,-2.1289558410644602,3.1172122955322337,-1.7782974243164062,0.044490814208984375,0.35624313354491477,2.4677543640136648,-0.7863464355468679,-7.326381683349609,0.6400222778320312,-38.25832748413086,7.0,5.0,04-04,-3.046339670817057
02-20,7.007808685302731,6.386844635009766,-2.3063735961914062,2.6731624603271555,-0.6401901245117188,0.0978851318359375,-0.14249420166015625,2.6376495361328125,-0.7863464355468679,-6.564357757568359,0.3953094482421875,-38.42281723022461,6.0,6.0,04-05,-2.4719932874043775
02-21,6.2981548309326065,7.09651184082032,-1.9515457153320312,2.6731624603271555,0.13336944580078125,-0.5161399841308594,0.480926513671875,2.2710533142089915,-0.8676910400390625,-7.060115814208984,0.6964912414550781,-36.00384521484375,7.0,5.0,04-06,-2.22913901011149
02-22,5.144966125488278,7.362628936767578,-0.8870773315429688,3.561250686645515,-0.017784118652350855,-1.6640548706054688,0.2671775817871094,1.7792930603027415,-0.9309654235839844,-6.389904022216811,1.5812301635742188,-33.90418624877929,6.0,6.0,04-07,-2.008118788401286
02-23,5.499795913696289,8.959354400634766,-0.97576904296875,3.250417709350593,1.65380859375,-2.1623916625976562,0.17812347412109375,3.2545738220214844,-0.9309654235839844,-6.2981109619140625,0.9600372314453125,-30.391857147216797,7.0,5.0,04-08,-1.4169152577718094
02-24,1.419301986694336,8.072288513183594,-0.8870773315429688,2.3889846801757777,2.142833709716797,-2.117900848388672,-0.008895874023430395,3.3708152770996094,0.29827117919921875,-8.308727264404297,1.4494590759277273,-30.266067504882812,7.0,5.0,04-09,-1.8705595334370935
02-25,2.1289501190185582,8.604530334472656,-1.0644683837890625,1.6518421173095703,2.4362564086914062,-1.1034355163574219,-0.17811203002928977,2.896934509277351,-0.533275604248054,-7.537532806396484,0.6306037902832031,-27.26654815673828,6.0,6.0,04-10,-1.6111879348754874
02-26,2.6611919403076065,9.491588592529297,-1.0644760131835938,0.9236145019531214,3.3520851135253906,-1.0322532653808594,-0.46309661865233664,0.6884765625,-0.6688537597656321,-6.555168151855469,1.3176956176757812,-26.05707550048828,6.0,6.0,04-11,-1.450522581736248
02-27,10.644775390625,10.28995132446289,-1.3305931091308594,-0.0621719360351598,2.5785293579101562,-1.36151123046875,-0.2582702636718821,1.4484748840332173,-0.8948211669921946,-5.9584121704101705,1.0541610717773438,-22.447975158691413,5.0,7.0,04-12,-0.5248219172159851
02-28,16.321982383728027,11.088302612304688,-1.1531753540039062,0.09770202636718395,2.7474708557128906,-2.135692596435547,-0.9440269470214915,2.0296478271484446,-0.7050056457519531,-5.141311645507827,1.4494667053222727,-18.577640533447266,6.0,6.0,04-13,0.42314330736795974
02-29,0.0,0.0,0.0,0.23978805541992188,0.0,0.0,0.0,2.727062225341804,0.0,0.0,0.0,-19.525867462158203,2.0,1.0,04-14,-1.3799180984497064
03-01,23.063666343688965,10.910892486572266,-0.6209335327148438,-0.4795627593994176,2.45404052734375,-1.717456817626946,-0.7391929626464915,2.6644630432128906,-2.2686805725097656,-3.461212158203139,1.3553543090820312,-20.232200622558594,5.0,7.0,04-15,0.9107647736867257
03-02,24.926512718200676,13.572090148925781,-0.8870658874511719,0.47069358825683594,1.6360321044921875,0.05340576171875,-0.6768493652343821,1.815052032470696,-1.4461746215820312,-1.4230270385742045,3.4542388916015696,-21.451358795166016,7.0,5.0,04-16,1.6702957948048909
03-03,24.394259452819824,13.572090148925781,-1.5967140197753906,-0.239782333374027,1.7160491943359375,0.6229209899902415,-0.4631004333496094,1.269641876220696,-2.2505950927734446,-3.1306915283203267,3.416587829589851,-21.470722198486328,6.0,6.0,04-17,1.319995323816934
03-04,25.19261646270752,13.30596923828125,-0.9757728576660156,0.2841873168945348,3.3076248168945312,-0.4627342224121094,-0.40967559814453836,1.9223556518554545,-2.024639129638672,-3.9936904907226562,5.233142852783217,-23.73486328125,6.0,6.0,04-18,1.4703767299652093
03-05,26.168386459350586,11.620540618896491,-0.8870582580566406,1.2433223724365234,1.9027786254882812,-0.987762451171875,-0.3117103576660156,2.065399169921875,-1.1659736633300781,-4.296684265136719,6.004932403564467,-19.961284637451172,6.0,6.0,04-19,1.782907168070477
03-06,26.434525489807122,8.87063980102539,-0.8870582580566406,2.628753662109375,1.0314102172851562,-1.2458267211914062,0.8549842834472585,2.23529052734375,-1.6811752319335938,-4.6639060974121165,6.400249481201186,-20.08707046508789,7.0,5.0,04-20,1.6575680573781326
03-07,23.06367206573487,11.709243774414062,0.08870697021484375,1.6340808868408203,0.6579818725585938,-1.2814216613769531,0.10688018798828125,2.7002334594726562,-2.503692626953125,-4.535373687744119,6.974380493164077,-5.728096008300781,8.0,4.0,04-21,2.7405496438344357
03-08,16.76550960540772,12.507591247558594,-0.97576904296875,0.9591350555419886,-1.4137420654296804,-1.2013282775878906,0.22265625,5.087528228759773,-3.0550422668457102,-4.709819793701165,7.8026275634765625,-7.121425628662109,6.0,6.0,04-22,2.0723267396291107
03-09,19.426711082458496,9.846424102783196,-1.0644721984863281,0.5772609710693359,-2.2851219177246094,-1.53948974609375,-0.41858291625977273,4.99812316894532,-3.452747344970696,-5.352485656738281,6.927314758300781,-9.482330322265625,5.0,7.0,04-23,1.5150503317515056
03-10,15.967157363891605,8.60452651977539,-0.08870697021484375,-0.35524177551269176,-2.178417205810547,-1.379302978515625,1.6654167175292969,4.80140686035157,-2.7838897705078196,-5.5269012451171875,6.38140869140625,-12.907588958740234,5.0,7.0,04-24,1.0166556040445969
03-11,15.168795585632326,6.653003692626953,0.0,-0.9236164093017614,-1.0136489868164062,-0.026714324951171875,0.6857566833496094,3.227756500244155,-3.4437026977539062,-6.004310607910156,6.484947204589844,-8.27285385131836,5.0,7.0,04-25,1.044617732365927
03-12,14.015613555908207,7.98358154296875,0.08871078491210938,-0.7726478576660121,0.15114212036132812,0.3737373352050781,-0.8727874755859304,3.8446998596191406,-1.8890647888183594,-6.334815979003906,5.66607666015625,-0.9869308471679688,7.0,5.0,04-26,1.7722762425740572
03-13,12.596313476562496,8.604522705078125,-0.1774139404296875,-2.46002006530761,0.13337326049804688,0.9521598815917969,-0.2849845886230469,3.5943489074707102,-1.1930923461914062,-5.095405578613288,4.875465393066406,-8.301887512207031,6.0,6.0,04-27,1.103614966074626
03-14,7.628759384155273,6.386859893798828,-0.2661247253417969,-1.3587722778320348,-0.30231475830078125,1.2903175354003977,-0.7035789489746094,3.9609375,-1.2111663818359375,-3.7733612060546804,4.442508697509766,1.8480911254882812,6.0,6.0,04-28,1.4951796531677255
03-15,6.564279556274414,3.9917869567871023,0.6209487915039062,-2.3001651763916087,-0.13336563110351562,0.017810821533203125,-0.7926254272460938,4.23811340332032,-0.6688499450683594,-3.6539840698242116,3.331890106201172,5.1959381103515625,7.0,5.0,04-29,1.3676481246948242
03-16,4.967569351196289,3.5482711791992045,1.0644721984863281,-2.495540618896488,0.6045913696289062,-0.38263702392578125,-0.5966987609863281,4.55999755859375,-0.9490432739257812,-3.938617706298828,3.369525909423821,5.824867248535156,7.0,5.0,04-30,1.2980631192525207
03-17,5.4110870361328125,3.5482711791992045,0.5322303771972727,-3.2592964172363246,0.5156898498535156,0.382659912109375,-0.07124710083007812,4.005649566650391,-0.7424888610839844,-3.4061203002929688,4.800167083740227,9.685531616210938,8.0,4.0,05-01,1.7835111618041983
03-18,0.3548164367675746,3.814380645751946,0.7983512878417969,-3.667827606201172,0.3734245300292969,-0.20467376708984375,0.035610198974623586,2.896415710449226,-0.2821846008300781,-4.067161560058594,4.4895668029785085,13.381702423095703,8.0,4.0,05-02,1.4935350418090823
03-19,4.61273193359375,5.8546142578125,1.4192962646484375,-3.1704902648925746,0.07112884521484375,-0.9165725708007812,1.2290115356445455,2.439983367919929,0.02595138549803977,-4.085514068603516,4.075450897216797,10.275753021240234,9.0,3.0,05-03,1.8192787170410172
03-20,3.814380645751953,2.9272842407226562,0.5322265625,-4.777936935424805,-0.19562530517578125,-2.0556068420410227,0.3028106689453125,2.798015594482429,0.2525177001953125,-4.526191711425781,5.327259063720703,10.159648895263665,8.0,4.0,05-04,1.2132318814595535
03-21,-1.419305801391598,3.2821388244628906,0.7983589172363281,-4.529268264770508,0.5690422058105469,-2.0556411743164062,1.139965057373054,1.8045043945312642,2.133831024169922,-4.8934326171875,5.6943359375,10.269126892089837,8.0,4.0,05-05,1.0661379496256524
03-22,0.6209449768066406,1.9515342712402415,0.8870582580566406,-3.7299823760986257,1.1738052368164062,-2.055644989013679,1.5051116943359375,1.1866874694824219,2.3778724670410156,-2.1299667358398438,8.828548431396477,9.877983093261712,9.0,3.0,05-06,1.7078293164571121
03-23,1.5967121124267614,0.4435157775878906,1.0644798278808594,-4.120828628540039,2.2141990661621094,-2.5451736450195384,0.7748336791992188,2.0897445678710938,2.124786376953125,0.036712646484382105,10.160266876220717,8.733894348144524,10.0,2.0,05-07,1.881095250447592
03-24,7.540037155151374,0.266101837158196,0.7983589172363281,-5.1690044403076065,2.6677513122558594,-3.2750282287597727,0.7837219238281321,2.4742088317871094,2.0795326232910156,-1.3941116333007812,9.913982391357422,2.6568603515625,9.0,3.0,05-08,1.611867586771648
03-25,8.072277069091804,-0.7983589172363281,0.1774139404296804,-5.106821060180657,3.2280464172363352,-3.1948699951171875,1.2824592590332102,2.107227325439453,1.8717155456542898,-0.8775444030761719,7.782627105712891,1.4957618713378906,8.0,4.0,05-09,1.3366611798604342
03-26,9.31417083740235,-2.395069122314453,0.7983589172363281,-5.417749404907216,3.9751625061035156,-3.070293426513672,1.45166015625,2.2683372497558594,2.1073417663574148,1.4285659790039205,7.001773834228516,-2.5293960571289062,8.0,4.0,05-10,1.2444052696228047
03-27,10.556062698364258,-1.5967025756835938,-0.1241912841796875,-5.613368988037109,4.304141998291016,-0.6587448120117188,2.1022605895996023,1.8029060363769531,1.8626518249511648,3.6820030212402344,7.462978363037109,1.2712173461914062,8.0,4.0,05-11,2.0876011848449694
03-28,15.16879653930664,0.3548316955566406,-0.0886993408203125,-5.862026214599609,4.499752044677734,-0.0891265869140625,2.1652183532714773,2.653217315673828,1.0043258666992188,3.700347900390625,6.286457061767585,2.6430931091308665,9.0,3.0,05-12,2.7030156453450527
03-29,13.749488830566413,-0.08869171142578125,-1.4015655517578054,-5.373569488525391,4.286224365234375,-0.534107208251946,2.120635986328118,2.5008583068847656,1.0314369201660227,4.3981056213378835,5.501678466796875,0.4429168701171946,8.0,4.0,05-13,2.2194509506225604
03-30,11.975364685058587,0.7983474731445312,-1.4015655517578054,-5.231418609619141,4.419612884521484,-0.2848777770996094,1.915618896484368,2.3578109741210938,0.0191192626953125,4.777214050292969,3.743244171142578,-1.238994598388679,8.0,4.0,05-14,1.8207896550496407
03-31,7.8061637878418,1.1531791687011648,-1.1354484558105469,-6.670492172241218,4.570804595947273,-0.15136337280273438,2.4325294494628906,2.474048614501953,0.9418601989746165,5.044731140136719,0.4088630676269531,-1.05377197265625,8.0,4.0,05-15,1.3184253374735517
04-01,6.475564956665043,0.0,-1.8451042175292898,-7.745414733886722,5.611324310302734,-0.5963630676269531,2.343475341796875,1.4096031188964844,1.403705596923821,4.823341369628892,1.2424583435058594,2.4392127990722656,8.0,4.0,05-16,1.2968169848124174
04-02,5.943321228027351,-1.5080146789550852,-2.4571609497070312,-8.056346893310554,6.4384765625,-0.9879074096679688,2.1297264099121094,0.9795951843261648,1.720905303955071,4.878684997558594,0.8165626525878906,1.7425460815429688,8.0,4.0,05-17,0.9700323740641258
04-03,6.209447860717784,-2.483795166015632,-2.7587623596191406,-8.385179519653324,7.870014190673828,-0.4895744323730469,2.7000617980957102,1.0153961181640554,2.6906051635742188,3.4983787536621094,0.2141876220703125,4.853813171386712,8.0,4.0,05-18,1.2445494333902989
04-04,6.7416896820068395,-3.5482635498046875,-2.4482879638671804,-7.204021453857418,7.62994384765625,-0.5163917541503906,2.3791465759277344,1.507678985595696,0.41587066650389914,2.7363548278808594,-0.5011329650878906,1.2045822143554688,7.0,5.0,05-19,0.699764092763265
04-05,8.160997390747067,-4.701442718505874,-3.069244384765625,-6.98198318481445,6.767337799072273,-0.08926010131835938,2.7624664306640696,3.9417228698730398,0.49721527099609375,1.9009017944335938,0.8044509887695384,4.871540069580078,8.0,4.0,05-20,1.238725185394287
04-06,9.314184188842777,-4.257907867431641,-4.1337127685546875,-6.7068176269531214,7.025356292724602,0.20446395874024148,3.3508224487304688,3.6287803649902344,0.22606277465820312,3.0284385681152486,-0.5469894409179545,3.6590042114257884,8.0,4.0,05-21,1.23264042536418
04-07,8.249706268310554,-4.8788604736328125,-4.045013427734375,-7.062160491943356,7.158744812011726,0.008647918701171875,3.0476226806640625,5.0504150390625,0.7324638366699219,0.7813529968261719,-0.6511878967285085,4.550182342529297,8.0,4.0,05-22,1.078492800394696
04-08,8.781938552856452,-5.854625701904297,-3.743408203125,-6.848949432373043,7.2121124267578125,0.23116683959960227,2.7181015014648366,4.1465988159179545,1.7924346923828125,1.2149009704589844,0.4097557067871236,1.6377525329589844,9.0,3.0,05-23,0.9748148918151852
04-09,5.765922546386726,-8.160987854003906,-3.7966270446777344,-6.253755569458001,6.331733703613281,-0.2671661376953196,2.5043601989746094,3.4222030639648438,1.7561836242675781,1.8144874572753906,-0.11650848388672586,-1.4101409912109375,6.0,6.0,05-24,0.1324753761291504
04-10,-0.9757614135742116,-7.894874572753899,-4.559501647949226,-5.0636386871337855,5.2914276123046875,0.560413360595696,2.2371826171875,3.6101722717285156,2.345256805419922,0.05727386474609375,-0.41770172119141336,-0.7038078308105469,6.0,6.0,05-25,-0.45946327845255563
04-11,-0.7096519470214844,-7.628746032714844,-4.249042510986328,-5.711954116821289,5.4603729248046875,1.049854278564446,1.9877891540527344,4.281467437744141,3.078746795654304,0.6265029907226705,-0.7847785949707102,-1.1633987426757812,6.0,6.0,05-26,-0.31356986363728784
04-12,-1.1531867980957102,-7.628746032714844,-4.5772857666015625,-6.63557243347168,5.5403900146484375,-0.46288299560546164,2.1036720275878906,4.55072021484375,3.5487442016601634,-1.4300308227539062,-2.205993652343764,-2.0434722900390625,4.0,8.0,05-27,-0.8661370277404791
04-13,-0.26611328125,-6.741695404052727,-4.133747100830078,-5.552095413208004,5.042369842529297,-0.329364776611321,1.4529266357421875,2.4495582580566406,3.9735679626464915,-0.4017639160156108,-2.888267517089851,1.9363975524902344,5.0,7.0,05-28,-0.4548522631327285
04-14,-2.749908447265618,-9.491600036621087,-3.5128021240234375,-6.5113639831543,5.033473968505859,-0.08014678955077414,1.9521827697753906,1.796844482421882,3.1149024963378977,-0.3966331481933594,-2.4241104125976634,7.1549835205078125,5.0,7.0,05-29,-0.509514808654783
04-15,-2.3950653076171875,-8.427116394042969,-3.424102783203125,-6.680158615112312,6.162940979003913,-0.8721847534179688,1.5246963500976562,1.8505058288574219,2.8248863220214844,-1.1991424560546804,-2.9924697875976634,9.631999969482422,5.0,7.0,05-30,-0.3329342206319173
04-16,-2.749908447265618,-6.209453582763665,-3.5217132568359375,-6.191551208496101,5.007148742675774,-0.7564964294433594,0.8033103942871094,0.937713623046875,2.9336357116699148,-3.7173995971679616,-4.884811401367202,11.89615249633789,5.0,7.0,05-31,-0.53778107961019
04-17,0.17740631103514204,-7.628749847412109,-2.8562545776367188,-8.056814193725586,5.825157165527337,-0.7920989990234375,1.3641128540038991,1.3583908081054688,2.5439453125,-2.519641876220703,-5.863655090332031,4.094608306884766,6.0,6.0,06-01,-1.0294661521911646
04-18,6.91910362243652,-8.16098403930664,-2.696552276611328,-8.056814193725586,6.403110504150376,-0.48954010009765625,0.8293609619140554,1.3494377136230469,2.0622482299804688,-1.8218917846679759,-5.223640441894531,4.265617370605469,6.0,6.0,06-02,-0.3850453694661485
04-19,6.652994155883793,-9.136768341064446,-5.003231048583984,-7.852560043334961,7.336906433105469,-0.231414794921875,1.1591911315917898,1.2156715393066406,2.6859169006347656,-3.0154075622558594,-4.772457122802734,5.771511077880859,6.0,6.0,06-03,-0.43247063954671194
04-20,5.056268692016598,-9.314163208007812,-5.358043670654297,-6.5469322204589915,6.091838836669922,-0.062320709228515625,1.3998947143554616,0.22320175170897727,2.0712852478027344,-2.749126434326172,-6.155467987060547,7.130729675292969,6.0,6.0,06-04,-0.6844029426574728
04-21,1.3305912017822266,-8.959358215332031,-5.1806488037109375,-6.973526000976559,6.065151214599609,0.32041168212889914,2.852336883544922,0.34838485717772727,3.1843414306640625,-1.727497100830071,-5.7197265625,11.936275482177734,7.0,5.0,06-05,-0.21027199427286813
04-22,1.2418880462646449,-8.427108764648438,-4.595104217529297,-7.4798889160156214,5.415950775146477,-0.11568832397460938,2.300159454345703,0.0444183349609375,1.6568756103515625,-1.6721534729003906,-2.6221580505371094,11.28799057006836,6.0,6.0,06-06,-0.24706824620564838
04-23,1.6854190826416051,-7.98358154296875,-4.737064361572266,-6.6537113189697195,3.1839637756347656,-0.453826904296875,2.1932830810546875,-1.1194343566894602,1.7837638854980469,-2.2071571350097656,-2.8204193115234304,11.075126647949219,5.0,7.0,06-07,-0.5044698715209952
04-24,3.3708305358886683,-7.2739410400390625,-6.316444396972663,-5.5698547363281286,2.597118377685547,-0.3915405273437571,2.210865020751953,-0.8061561584472727,1.5662612915039062,-0.5206756591796804,-2.4721603393554616,12.714717864990234,5.0,7.0,06-08,-0.07424831390380977
04-25,3.459554672241211,-8.604526519775398,-6.751190185546875,-5.800764083862305,2.6060104370117188,0.7921257019042969,3.111114501953125,-0.98516845703125,1.6587333679199219,-0.7410202026367188,-2.3780441284179616,12.505786895751953,6.0,6.0,06-09,-0.09394900004069011
04-26,3.1047172546386754,-7.894878387451172,-7.345699310302734,-5.9783821105957,3.4864349365234375,1.4595947265625,2.5851516723632884,-1.3338508605957031,1.7581558227539062,-0.575763702392571,-2.458568572998047,14.833084106445312,6.0,6.0,06-10,0.13666629791259943
04-27,3.01601600646973,-4.169204711914055,-7.345699310302734,-5.845233917236332,4.26012039184571,2.038116455078125,2.897167205810547,-1.539501190185554,2.2566070556640625,-0.19837570190429688,-4.628078460693359,13.131614685058594,6.0,6.0,06-11,0.32279570897420307
04-28,5.233671188354492,-5.144973754882805,-8.055347442626953,-4.672708511352539,4.553607940673828,1.8156204223632812,3.6105079650878906,-1.047210693359375,3.706653594970703,0.48111724853515625,-3.273487091064453,8.943290710449219,7.0,5.0,06-12,0.5125617980957037
04-29,3.193429946899414,-6.120738983154297,-7.20355224609375,-5.818695068359375,2.792724609375,0.5874862670898438,2.9514732360839773,-1.13671875,4.5222854614257955,0.14903640747071023,-2.5535659790039062,5.992156982421875,7.0,5.0,06-13,-0.22038984298705935
04-30,3.8143672943115234,-4.1691741943359375,-6.183391571044922,-4.805959701538082,2.4814224243164062,0.8099517822265625,3.34332275390625,-2.4882736206054688,4.40447998046875,-0.3121833801269531,-3.256542205810554,7.637046813964844,6.0,6.0,06-14,0.10625553131103486
05-01,4.524024963378906,-4.701457977294922,-5.074291229248054,-5.258878707885749,3.1838531494140625,0.9345703125,3.1208534240722585,-3.150623321533203,4.7398033142089915,-0.5890045166015625,-2.5600624084472727,2.8064422607421875,6.0,6.0,06-15,-0.16873089472452976
05-02,2.395067214965824,-4.701457977294922,-5.420322418212891,-4.459598541259769,2.579090118408203,0.4806327819824219,2.6665420532226562,-4.224689483642578,4.5404205322265625,-0.3503074645996094,-2.9365272521972727,6.972110748291016,6.0,6.0,06-16,-0.20491997400919656
05-03,1.5080089569091832,-3.7256813049316406,-6.3785400390625,-4.273036956787113,2.9526023864746094,0.36492919921875,2.256488800048821,-3.186424255371101,4.060092926025391,-0.304393768310554,-3.400695800781257,7.6859397888183665,6.0,6.0,06-17,-0.20339250564575373
05-04,0.44353103637696023,-2.3950767517089915,-6.3785400390625,-3.2780685424804688,1.5474624633789062,0.4094276428222656,2.630901336669922,-2.3719024658203125,4.0872802734375,-1.641937255859375,-2.775501251220703,9.123390197753906,6.0,6.0,06-18,-0.049919446309407554
05-05,-2.0402393341064418,-1.6854095458984375,-6.023712158203118,-2.9849071502685547,1.6719779968261719,0.5429420471191477,2.888702392578125,-1.9870338439941406,3.498199462890625,-1.9924774169921875,-3.665935516357422,8.849590301513672,5.0,7.0,06-19,-0.24402523040771337
05-06,-6.9190883636474645,-0.44354248046875,-6.7068328857421875,-3.660064697265625,2.250041961669922,1.3974037170410227,3.3607292175292898,-2.049694061279297,3.0722579956054616,-1.6142578125,-2.3018569946289205,9.827445983886719,5.0,7.0,06-20,-0.31562153498331913
05-07,-6.47556114196777,-0.35482025146484375,-5.189811706542969,-2.816122055053711,1.2628593444824148,1.0947837829589915,2.879344940185554,-1.262035369873054,3.606964111328125,-1.5865898132324148,-0.539947509765625,8.174873352050781,5.0,7.0,06-21,-0.10050519307454338
05-08,-7.894868850708011,-1.8628158569336009,-5.31402587890625,-2.1853771209716797,0.21343994140625,0.7031517028808665,2.442535400390632,-0.9756126403808594,3.090381622314453,-3.3392410278320455,-0.5967788696289062,6.571186065673821,5.0,7.0,06-22,-0.7623354593912776
05-09,-6.1207408905029475,-1.7741203308105469,-4.29365158081054,-1.4124984741210902,0.8270759582519531,0.5073471069335866,2.014659881591797,-0.8682060241699219,3.2625732421875,-4.2155303955078125,-0.0378875732421875,8.654018402099602,5.0,7.0,06-23,-0.2880800565083839
05-10,-7.628746032714851,-2.483772277832024,-4.151679992675774,-1.5901718139648402,-0.7559318542480469,0.0623016357421875,2.656494140625,-1.9333343505859375,3.135692596435547,-4.787437438964844,0.18946075439453125,7.813064575195305,5.0,7.0,06-24,-0.7895050048828122
05-11,-7.540037155151374,-2.4837722778320312,-3.0162315368652273,-1.3503170013427734,-1.8231391906738352,0.703155517578125,3.0487327575683594,-1.6021614074707031,2.836616516113274,-4.824352264404297,3.40069580078125,8.683357238769531,5.0,7.0,06-25,-0.33062108357747516
05-12,-5.499794006347649,-2.5724639892578125,-2.572692871093743,-0.13325881958008168,-3.0949134826660227,0.4806365966796875,2.6029930114746094,-1.1814842224121094,2.3109893798828196,-4.999614715576158,2.8702239990234375,8.27265930175782,5.0,7.0,06-26,-0.29305998484293355
05-13,-3.282131195068363,-1.7741165161132812,-1.8719520568847656,-1.2348346710205114,-1.7075347900390696,0.3560142517089844,2.1929473876953125,1.2083320617675852,1.8034629821777344,-6.337135314941392,2.046100616455078,9.983905792236328,6.0,6.0,06-27,0.11525487899780333
05-14,-4.524023056030273,-1.77410888671875,-1.410633087158196,-1.2526035308838033,-2.2055702209472656,0.6230430603027344,1.8363609313964773,-2.550922393798828,2.1387901306152344,-5.820571899414048,1.8566474914550781,8.556236267089844,5.0,7.0,06-28,-0.3772795995076497
05-15,-3.9917869567871094,0.70965576171875,-1.05572509765625,-0.6129741668701172,-3.317249298095703,1.1570777893066406,1.7383041381835938,-4.179935455322273,2.5466156005859375,-6.659980773925781,2.2260780334472656,10.521728515625,6.0,6.0,06-29,-0.07651599248250385
05-16,-5.411094665527337,1.2418937683105398,-0.9137611389160156,0.15990829467773082,-2.668041229248054,0.7031478881836009,1.488697052001946,-2.4256210327148438,2.4378700256347585,-5.986602783203125,1.174610137939446,3.8234176635742188,7.0,5.0,06-30,-0.5312980016072611
05-17,-5.499803543090817,-1.153179168701186,-0.02640151977539773,0.6129703521728516,-2.8192176818847585,0.3293190002441335,0.1871948242187358,-1.4142036437988281,4.712604522705078,-5.626846313476577,2.917591094970696,4.517696380615234,6.0,6.0,07-01,-0.2718563079834029
05-18,-5.9433326721191335,0.26612091064453836,0.23972702026367188,0.33757591247558594,-3.228305816650405,0.2937164306640554,0.50811767578125,-3.356487274169922,4.621974945068359,-2.841106414794922,4.8026504516601705,5.30975341796875,8.0,4.0,07-02,0.08420038223266661
05-19,-7.096519470214844,-0.4435310363769531,0.11553573608398438,1.0305023193359375,-2.9792747497558594,0.6141471862792898,-0.08023834228514914,-2.6314926147460866,5.32887268066407,-3.2377586364746094,5.475212097167969,6.52228927612304,6.0,6.0,07-03,0.21814537048339902
05-20,-6.386871337890632,1.1531753540039062,0.4348716735839844,1.0305023193359375,-2.9792747497558594,0.8099632263183594,0.31201553344727273,-2.488269805908203,5.365123748779304,-3.2377586364746094,5.475212097167969,5.505321502685547,8.0,4.0,07-04,0.416167577107748
05-21,-6.652980804443359,0.08871078491210227,1.3219795227050852,1.0749130249023438,-3.1215896606445312,0.5429534912109446,0.35657501220703836,-2.4345664978027344,5.274494171142578,-3.016368865966797,4.130088806152337,5.964912414550781,8.0,4.0,07-05,0.29409344991048236
05-22,-6.2094459533691335,0.0,2.422210693359382,0.6485099792480398,-2.5346336364746094,0.28482818603515625,0.6329269409179688,-2.6314849853515625,6.525146484375,-4.630634307861335,5.47520828247071,6.111595153808601,7.0,5.0,07-06,0.5078522364298514
05-23,-7.894878387451172,0.08869171142578125,2.1471405029296946,0.4441795349121058,-2.1166305541992188,0.6408424377441406,1.0073204040527344,-3.8756141662597656,6.1082763671875,-3.855785369873054,6.195133209228516,2.3272972106933594,8.0,4.0,07-07,0.10133107503255179
05-24,-8.693233489990234,0.08869171142578125,1.3397979736328125,0.8794784545898402,-2.534618377685547,0.5963401794433594,0.7488059997558594,-4.296298980712891,5.60075378417968,-2.997917175292976,6.119358062744141,3.7158546447753906,8.0,4.0,07-08,0.04725106557210138
05-25,-9.580301284790039,1.0644798278808594,1.4906234741210938,0.3287010192871129,-2.8992652893066406,0.3649139404296875,0.23176193237305398,-5.262966156005859,5.890769958496094,-1.7341918945312642,7.208713531494141,2.1023902893066406,8.0,4.0,07-09,-0.06619755427042673
05-26,-10.201242446899414,0.35483932495116477,1.5882339477539062,-0.5863246917724609,-2.0187873840332102,-0.13351058959960938,-1.2836875915527344,-4.5200653076171875,5.0388755798339915,1.3190879821777273,6.95294570922853,2.6499900817871094,6.0,6.0,07-10,-0.06997044881184895
05-27,-9.580293655395508,-1.0644683837890625,1.4728927612304688,-0.8084163665771449,-1.4051589965820384,-0.16910934448242188,-1.8452873229980469,-4.734874725341804,5.682319641113274,2.979469299316399,7.360271453857422,-1.3494377136230469,4.0,8.0,07-11,-0.28850777943929246
05-28,-9.314168930053704,0.08869552612304688,0.7808189392089915,-1.012741088867184,-1.9209747314453196,0.05341339111328125,-1.5600242614746094,-4.108325958251953,5.446674346923828,2.3245315551757812,6.95294570922853,1.6819076538085938,7.0,5.0,07-12,-0.04893732070922644
05-29,-9.136762619018555,1.6854400634765554,-1.2066917419433594,-1.0216236114502024,-2.356758117675774,0.08901596069335938,-0.329833984375,-3.830860137939453,4.694480895996094,2.029357910156243,7.028732299804702,1.5058937072753906,6.0,6.0,07-13,-0.07080078125
05-30,-9.7577133178711,2.3063774108886648,-1.8455390930175852,-0.11549568176270597,-3.2372055053710938,-0.5963478088378906,0.09806442260742188,-2.8015365600585866,4.785102844238288,1.1345939636230469,7.123455047607436,3.129138946533203,6.0,6.0,07-14,0.018574555714924834
05-31,-8.072292327880877,3.991790771484368,-1.4906234741210866,-0.5685520172119212,-1.7342071533203125,-0.6764450073242116,0.9716758728027415,-2.8999900817871094,5.782001495361335,1.1253623962402344,8.961162567138672,2.689105987548821,6.0,6.0,07-15,0.6732490857442212
06-01,-6.830402374267585,3.193439483642571,-0.15970993041991477,-0.09771728515625,-1.0227279663085938,0.5874481201171875,1.301513671875,-3.2311668395996094,5.292606353759773,1.134601593017571,8.67697906494142,0.6845016479492188,7.0,5.0,07-16,0.7941137949625657
06-02,-3.016019821167003,2.5724868774414062,-0.4791297912597585,1.6256999969482422,-0.1333770751953125,1.3618011474609375,1.5510902404785156,-3.2580223083496094,5.356060028076172,-0.313617706298821,8.620147705078125,0.9778556823730398,7.0,5.0,07-17,1.2387479146321612
06-03,-1.951543807983409,2.2176551818847656,-0.7364540100097656,1.7678413391113317,-0.11560440063477273,1.4507980346679759,0.7398872375488281,-0.8413581848144531,4.9572906494140625,1.9555778503417969,8.25070953369142,-1.4667854309082102,7.0,5.0,07-18,1.3523344993591309
06-04,-3.548248291015632,3.282146453857422,0.27506256103516336,2.2742137908935547,0.49802017211915484,1.7267112731933594,1.0073089599609375,-1.2620277404785156,5.056980133056641,1.8541030883789062,4.679500579833984,-3.7256317138671946,9.0,3.0,07-19,1.0098449389139816
06-05,-3.814380645751953,2.3063735961914134,-0.29279327392577414,1.1992893218994105,1.5652389526367259,1.0591697692871094,2.094879150390632,-1.0472145080566406,5.111351013183587,2.850330352783203,4.774223327636712,-7.236133575439453,8.0,4.0,07-20,0.7141944567362476
06-06,-3.5482521057128977,3.016002655029304,-0.04435729980467329,-0.03553581237792969,0.8537635803222727,0.22251510620116477,2.763477325439446,-1.2441368103027273,5.1566734313964915,1.494354248046868,4.120609283447266,-10.77596664428711,7.0,5.0,07-21,0.16492891311645627
06-07,-5.588495254516605,3.1047210693359446,0.9227714538574219,0.1687908172607422,0.9693946838378906,-0.017780303955078125,2.8526153564453054,-0.9577178955078196,4.368228912353523,1.2914085388183594,5.778347015380859,-10.85419845581054,8.0,4.0,07-22,0.16984049479166696
06-08,-6.830385208129886,1.9515419006347727,1.6059913635253906,-1.0482635498046982,0.3735198974609375,-0.2047119140625,3.075469970703118,-0.9756240844726562,3.162883758544929,0.4796600341796875,3.599620819091811,-9.299407958984375,7.0,5.0,07-23,-0.34247541427612244
06-09,-5.411085128784194,0.6209411621093821,0.7541961669921875,-0.5419044494629013,0.9516029357910227,0.017807006835944605,3.868846893310547,-0.4833335876464844,1.7309913635253835,1.0238914489746094,3.7796058654785156,-7.666389465332031,8.0,4.0,07-24,-0.1129024823506682
06-10,-6.032030105590831,0.35481643676758523,2.129486083984375,-1.0127429962158203,0.8448829650878906,0.756561279296875,2.9595794677734375,0.20586395263671875,1.5225296020507955,1.9370994567871165,4.613193511962891,-4.10699462890625,9.0,3.0,07-25,0.3476870854695653
06-11,-6.032030105590831,1.8628387451171875,0.9671478271484446,-1.1015739440917969,1.9921188354492188,1.2193984985351562,2.7901992797851562,1.0203742980957031,1.6131629943847727,2.7304115295410085,4.8595046997070455,3.1975860595703125,10.0,2.0,07-26,1.2599282264709482
06-12,-6.209444046020504,1.2418975830078125,0.6565933227539134,-1.6257095336914098,2.4456863403320312,1.7000350952148438,2.4603805541992188,0.7876625061035156,3.3622589111328196,3.791210174560547,5.873081207275412,-0.16623687744139914,9.0,3.0,07-27,1.1931179364522333
06-13,-5.677211761474609,2.3950843811035227,0.488018035888679,-1.6701278686523402,1.6897544860839844,2.2251548767089844,1.8274612426757955,0.8861160278320384,2.981616973876953,4.086383819580078,5.617317199707038,-1.2809906005859446,9.0,3.0,07-28,1.1307147343953483
06-14,-6.032041549682617,2.4837875366210938,-0.4525146484375,-1.8833389282226598,3.0593299865722656,2.1272430419921875,1.1677894592285227,2.0854949951171875,2.9544334411621094,5.128746032714844,3.7038230895996094,-1.652568817138679,8.0,4.0,07-29,1.0575153032938636
06-15,-3.548259735107422,0.8870620727539062,0.23957061767578125,-1.8033809661865234,2.5346107482910227,1.8335189819335938,1.5332794189453196,2.040740966796875,3.516326904296875,4.61218643188478,5.323657989501953,-1.672130584716804,9.0,3.0,07-30,1.291431903839113
06-16,-0.2661266326904439,0.8870620727539062,0.5678634643554688,-0.22209739685058594,2.0276832580566406,1.5843124389648438,1.6491622924804688,1.942291259765625,3.3622589111328196,4.556827545166016,4.944744110107422,-1.8872604370117116,9.0,3.0,07-31,1.595560073852539
06-17,1.2418766021728374,1.1531753540039062,-0.0976104736328196,-0.36423301696777344,2.1521987915039134,1.967029571533196,2.1216392517089844,1.5751533508300852,2.6734962463378906,5.110301971435547,4.897380828857422,-0.46937179565428977,9.0,3.0,08-01,1.8300863901774083
06-18,0.798349380493157,0.9757537841796946,0.168609619140625,-0.3731098175048828,1.8942909240722585,1.8424224853515554,1.9255180358886648,1.046184539794929,3.597900390625,4.741313934326172,3.0123138427734517,-0.5084838867187429,10.0,2.0,08-02,1.593421936035157
06-19,-0.26611709594725497,0.7096519470214915,0.2928581237792969,-1.5279884338378906,2.3211784362792898,2.1717453002929688,2.406890869140625,0.6958427429199219,4.640102386474609,4.75053405761718,3.3817596435546875,-2.0046043395996023,9.0,3.0,08-03,1.4643211364746103
06-20,1.5080051422119034,1.5080032348632812,-0.9851646423339844,-1.847805023193363,3.7707977294921804,1.4061050415039062,1.3903388977050781,0.3095741271972656,4.993556976318359,4.197074890136719,2.898651123046875,-1.5093650817871094,9.0,3.0,08-04,1.4699810345967592
06-21,1.5967121124267578,0.9757728576660156,-1.8102798461914134,-0.9327888488769531,5.336158752441406,0.044155120849609375,1.3724937438964773,1.0106391906738281,5.0660552978515625,3.966472625732422,0.3599700927734375,-1.1340141296386648,9.0,3.0,08-05,1.3209455808003738
06-22,2.2176609039306676,1.7741355895996023,-1.987743377685554,-1.5992488861083984,6.7324676513671875,0.2578163146972656,1.3992729187011719,1.2254562377929688,5.256370544433587,4.280101776123047,0.6709289550781392,-1.3809547424316335,9.0,3.0,08-06,1.5705219904581709
06-23,5.056259155273427,2.2176589965820312,-1.8990097045898438,0.5865325927734375,6.6168212890625,-0.142791748046875,1.2479171752929688,-0.36775588989258523,4.563549041748054,6.5458831787109375,-1.6482505798339773,-1.3622627258300852,7.0,5.0,08-07,1.7845458984374991
06-24,4.790140151977528,3.193431854248047,-4.2331504821777415,1.6174259185791016,5.380409240722663,0.3022804260253906,1.8986740112304688,3.3107757568359375,5.002113342285163,6.5551605224609375,-0.6270446777343679,0.7303466796875,10.0,2.0,08-08,2.326713562011719
06-25,4.878850936889638,1.4193038940429688,-5.803947448730469,1.9106941223144496,4.01081848144532,0.29338836669921875,2.317646026611328,6.628608703613288,5.056747436523445,6.564453125,-0.8622932434082031,-1.0982437133789062,9.0,3.0,08-09,2.1096688906351733
06-26,6.830394744873047,0.5322380065917969,-10.676412582397461,1.901800155639659,3.468334197998054,0.8185234069824148,1.6129341125488281,6.844200134277351,4.911067962646484,6.4934539794921875,-1.5064353942871094,1.784942626953125,10.0,2.0,08-10,1.9179201126098648
06-27,7.362627029418956,0.7096557617187571,-7.241720199584961,1.5731029510498047,2.872467041015632,0.8274116516113281,2.744903564453132,6.7903099060058665,4.093532562255859,7.277519226074219,-2.3873977661132812,2.3056068420410156,10.0,2.0,08-11,2.2440015474955275
06-28,8.160993576049815,0.0,-10.339109420776378,2.2038402557373047,3.3972358703613352,1.210205078125,3.485435485839851,4.6317596435546875,3.2325782775878906,5.967670440673828,-2.6412429809570455,3.036548614501953,9.0,3.0,08-12,1.8621595700581868
06-29,5.943342208862315,1.0644683837890767,-11.536943435668956,1.2977027893066406,2.7390174865722585,1.1568031311035156,2.504020690917983,3.1280593872070312,1.601287841796868,5.086063385009766,-3.9723243713378906,3.925529479980476,10.0,2.0,08-13,1.0780855814615904
06-30,8.959335327148438,0.7983474731445384,-11.661176681518565,1.2888412475585938,2.365425109863274,1.2013015747070312,1.5317916870117116,2.8863868713378906,0.5902481079101562,3.268077850341797,-5.699779510498047,2.7284927368164062,10.0,2.0,08-14,0.6881076494852687
07-01,8.959335327148438,0.6209297180175852,-11.163883209228516,1.1821937561035192,3.1393165588378835,1.1568412780761719,1.139556884765625,3.334827423095703,-1.0427894592285156,2.2470054626464844,-5.136676788330078,3.461883544921868,9.0,3.0,08-15,0.6582117080688473
07-02,9.757694244384766,0.7096633911132812,-11.279317855834961,1.1733150482177734,3.0681381225585938,0.6673088073730469,1.4159088134765625,4.444206237792969,-0.050388336181640625,3.036029815673828,-8.11651611328125,3.2663116455078125,9.0,3.0,08-16,0.6743628184000651
07-03,11.26571273803711,0.7983589172363281,-10.019044876098633,0.9778556823730504,3.4950218200683594,0.46259307861328125,2.049144744873047,5.171840667724609,0.022449493408203125,2.788280487060554,-8.504898071289062,1.4233856201171946,10.0,2.0,08-17,0.8275583585103368
07-05,10.733474731445312,0.532238006591804,-11.279317855834961,1.697427749633789,2.0808563232421804,0.6673164367675781,2.4417190551757812,5.3874359130859375,-0.3864784240722656,2.3270645141601634,-9.11178970336914,-0.028621673583984375,8.0,4.0,08-19,0.42177708943684955
07-06,11.975372314453125,0.6209487915039134,-10.782434463500977,2.194940567016605,0.7467308044433594,1.3705978393554688,2.24542236328125,5.1368255615234375,0.35666656494140625,2.6367454528808594,-6.794540405273452,-1.09539794921875,9.0,3.0,08-20,0.7176564534505205
07-07,12.77372932434082,-0.35483932495116477,-11.332551956176758,2.6036586761474645,-0.16056442260742188,1.5397491455078125,2.271759033203118,4.93095779418946,-0.90771484375,1.0784759521484375,-6.002399444580092,0.46868133544921875,7.0,5.0,08-21,0.5757451057434079
07-08,13.394670486450195,-0.9757690429687429,-12.459838867187507,3.447921752929684,0.36423492431640625,2.1272010803222656,3.7872085571289062,4.1965789794921875,-0.6902618408203125,1.8767623901367188,-6.851802825927749,-0.07891845703125,7.0,5.0,08-22,0.6781655947367335
07-09,12.77372932434082,-2.2176780700683594,-11.546220779418942,4.114448547363281,-0.9254150390624929,2.162799835205078,2.975994110107422,3.9460601806640625,-1.2638740539550781,2.5358200073242188,-7.421375274658203,1.3194160461425781,7.0,5.0,08-23,0.5378087361653655
07-10,16.765510559082024,-3.1934356689453054,-12.176353454589854,4.105487823486328,-0.40959930419921164,2.590038299560547,0.7283058166503906,4.062835693359375,-0.44445037841796875,3.0793685913085866,-7.014049530029311,-2.5110321044921875,6.0,6.0,08-24,0.4652188618977844
07-11,17.031623840332042,-3.1934356689453054,-11.05808258056641,4.114370346069347,-0.7742347717285085,3.6316490173339773,-1.688812255859382,3.999958038330071,0.6537322998046946,3.374542236328125,-7.468746185302734,-2.347572326660149,6.0,6.0,08-25,0.5229159990946473
07-12,18.096111297607433,-3.548248291015625,-9.416341781616204,4.6385040283203125,-0.7918968200683594,2.243122100830078,-4.597385406494141,3.0335121154785085,0.5631103515625,2.8210830688476562,-6.990409851074226,-0.609119415283196,6.0,6.0,08-26,0.45350344975789475
07-13,17.475166320800792,-5.499778747558594,-9.771257400512702,2.621616363525394,-1.7523956298828054,2.866283416748047,-5.007785797119148,3.1319656372070312,0.472484588623054,3.9262008666992116,-8.804180145263672,-0.026340484619126414,6.0,6.0,08-27,-0.030668417612709813
07-14,15.16879653930664,-4.701427459716797,-9.371973037719727,2.692766189575188,-1.9569969177246094,3.3114051818847727,-3.1963577270507812,2.129505157470703,1.1631851196289062,1.5270462036132812,-8.06930160522461,1.1880531311035156,7.0,5.0,08-28,-0.009608268737792969
07-15,12.951139450073253,-4.257896423339844,-7.579345703125,2.5683479309081996,-3.1667289733886648,2.2966957092285227,-3.6866378784179688,2.2908096313476562,1.2091751098632812,3.1236419677734375,-9.08095932006836,-0.46451950073241477,6.0,6.0,08-29,-0.3163564999898251
07-16,14.19302749633789,-2.1289634704589915,-7.00261116027832,2.2573070526123047,-3.1222381591796804,1.8249664306640696,-5.585411071777351,2.4263343811035156,1.1727371215820312,3.114349365234389,-8.043441772460952,-0.09293365478515625,6.0,6.0,08-30,-0.08223978678385417
07-17,18.00740242004395,-1.9515266418457031,-5.7157135009765625,2.2574901580810547,-3.086662292480476,2.3945999145507955,-4.693096160888672,2.5610694885253906,0.8723030090332102,3.355083465576172,-7.569801330566406,1.9789543151855469,7.0,5.0,08-31,0.7008419036865249
07-18,21.644363403320312,-2.749889373779304,-6.026348114013672,2.506237030029297,-3.887077331542976,2.0563735961914134,-4.924991607666016,3.1359825134277344,1.3004608154296946,2.89385986328125,-8.488670349121094,2.610328674316399,7.0,5.0,09-01,0.8392190933227534
07-19,19.604110717773438,-2.395050048828125,-6.177152633667003,2.959297180175792,-3.5846900939941406,1.8248863220214844,-4.746547698974609,3.189178466796868,1.4726409912109304,3.6871566772460938,-7.664535522460952,1.4645309448242116,7.0,5.0,09-02,0.802818775176999
07-20,15.523624420166016,-1.2418975830078054,-6.709535598754886,3.598924636840831,-4.020450592041023,2.0563507080078125,-7.012733459472656,3.0817718505859375,1.7807655334472656,3.475006103515618,-6.374759674072266,1.5435523986816406,7.0,5.0,09-03,0.4750515619913737
07-21,16.94292449951172,-0.7983665466308594,-8.217916488647464,3.8387031555175817,-4.144977569580085,2.332317352294922,-6.512901306152344,3.386096954345703,2.107032775878899,1.5685653686523295,-5.945285797119141,0.7295799255371165,7.0,5.0,09-04,0.44048102696736474
07-22,15.612325668334972,-2.1289596557617116,-8.164678573608402,3.8920211791992223,-3.219890594482429,2.3501701354980398,-7.618293762207031,3.233936309814453,2.0346145629882812,1.3643417358398295,-6.832866668701172,0.7980308532714915,7.0,5.0,09-05,0.11006259918212861
07-23,15.878446578979489,-1.5080184936523366,-8.786016464233402,3.8831367492675817,-2.9085845947265625,1.8339118957519531,-7.199310302734375,3.1253013610839844,2.535369873046868,1.5128707885742188,-6.845680236816406,0.3873291015625,7.0,5.0,09-06,0.15906302134195935
07-24,16.233272552490234,-2.3950843811035227,-10.20604133605957,4.034177780151367,-2.2949371337890625,1.9140243530273438,-6.1563377380371165,3.260040283203132,1.2425117492675781,0.5060577392578267,-7.811912536621108,0.7882537841796946,7.0,5.0,09-07,-0.07383124033610027
07-25,18.450937271118164,-2.1289596557617188,-10.827299118041992,3.5455780029296875,-2.7129249572753906,2.1810874938964844,-5.460975646972656,3.0624122619628906,-0.3609275817871094,-0.09352111816404829,-6.2773284912109375,0.7153396606445241,5.0,7.0,09-08,0.007784843444824811
07-26,19.160593032836914,-2.838615417480476,-9.522706985473636,3.1102752685546875,-2.0814476013183594,2.3234672546386648,-6.5316162109375,3.1346473693847585,-0.3156089782714844,0.25701141357421875,-5.0406951904296875,1.7228546142578054,6.0,6.0,09-09,0.28151321411132546
07-27,17.652578353881836,-2.8386001586914062,-8.23614311218262,3.4038867950439453,-2.1438064575195312,2.1009178161621094,-5.585887908935547,3.0093345642089844,0.028774261474609375,-1.0497970581054688,-5.014892578125,0.2609748840332031,6.0,6.0,09-10,0.1322782834370928
07-28,14.991374969482422,-2.2176513671875,-8.165140151977536,4.39028358459473,-1.3699302673339773,1.397624969482429,-6.638362884521484,3.0542449951171875,-0.9643440246582031,-2.0395584106445312,-2.323516845703125,0.6361274719238281,5.0,7.0,09-11,0.06259600321452001
07-29,12.773719787597667,-2.4837684631347656,-9.194664001464844,4.176998138427738,-0.4804229736328125,2.154277801513679,-7.128658294677734,3.575263977050774,-1.7886123657226491,-2.0488357543945312,-2.1421737670898438,-0.586193084716804,4.0,8.0,09-12,-0.26442241668701055
07-30,13.483366012573242,-1.6854248046875,-10.419422149658214,4.914621353149414,-0.9251632690429759,1.6380462646484446,-7.1375732421875,3.3686447143554688,-0.3864784240722656,-2.2344818115234517,-2.1711654663085938,1.027271270751946,5.0,7.0,09-13,-0.043979962666832094
07-31,14.015619277954112,-2.4837760925292898,-10.224176406860352,5.270088195800781,-1.245319366455071,2.5995025634765696,-6.593349456787109,3.9256057739257812,0.5968246459961009,-0.86297607421875,-1.650177001953125,0.9284934997558523,6.0,6.0,09-14,0.3563632965087917
08-01,12.685026168823242,-1.7741241455078125,-10.144296646118164,5.581024169921875,-1.8946647644042969,3.6766891479492188,-6.548721313476555,3.1440696716308594,0.10091400146485086,-0.8998641967773438,1.0116500854492188,0.6025314331054616,7.0,5.0,09-15,0.4616861343383795
08-02,11.886663436889648,-2.2176551818847585,-8.564521789550781,6.105348587036133,-2.437267303466797,3.5965614318847727,-6.655788421630845,3.3776321411132812,0.26404190063477273,-0.8168411254882812,1.6129150390625,-2.2125778198242188,6.0,6.0,09-16,0.32820924123128553
08-03,8.338399887084961,-1.8628387451171875,-8.759780883789062,6.2653198242187536,-2.1170387268066406,3.5342369079589915,-5.745754241943359,2.5691604614257812,1.1471900939941406,-2.079284667968764,4.9723777770996165,-5.511688232421882,6.0,6.0,09-17,0.06252495447794566
08-04,8.427106857299801,-1.9515495300292969,-6.585357666015625,5.536582946777344,-1.6633758544921875,3.578754425048828,-5.246135711669922,2.6140823364257812,0.23672866821287641,-1.726531982421875,4.437923431396477,-4.069561004638679,6.0,6.0,09-18,0.2990555763244602
08-05,5.499799728393565,-1.5967178344726634,-4.304447174072266,4.8878326416015625,-1.4854698181152273,4.006069183349609,-5.487018585205078,1.2217063903808594,0.0,-1.4109268188476562,4.1038856506347585,-4.958545684814453,5.0,7.0,09-19,0.03968063990275095
08-06,3.5482559204101562,-0.7983627319335938,0.9230194091796768,4.781192779541016,0.649341583251946,3.7835159301757812,-4.916019439697266,0.4042396545410156,1.420318603515618,-0.965362548828125,3.664848327636726,-4.8103790283203125,8.0,4.0,09-20,0.6403840382893865
08-07,5.056282043457024,-1.1531944274902415,-0.21300125122069957,4.701204299926761,0.6315536499023366,3.8547325134277344,-5.585155487060547,0.565937042236321,1.921081542968757,1.2160110473632812,4.7242202758789205,-6.509326934814453,8.0,4.0,09-21,0.7675286928812662
08-08,2.8386077880859375,-0.7983627319336009,-0.9052639007568395,4.727867126464844,0.38248443603515625,4.638153076171875,-7.539070129394531,0.521026611328125,2.3490028381347656,0.77044677734375,3.197204589843764,-7.902065277099609,8.0,4.0,09-22,0.1900026003519697
08-09,4.346614837646477,-1.2418937683105469,-5.59134674072266,4.727867126464844,0.5604057312011719,4.53131103515625,-7.164344787597656,0.8983078002929688,2.7587127685546875,1.6151580810546875,3.512157440185547,-8.8206787109375,8.0,4.0,09-23,0.01102256774902255
08-10,6.298152923583977,-1.064483642578125,-2.6359214782714773,4.363508224487305,0.2757453918457031,4.139598846435547,-7.458770751953125,1.3025436401367188,3.860382080078125,4.204978942871094,4.876941680908203,-9.452842712402344,8.0,4.0,09-24,0.7258194287618002
08-11,7.362625122070305,0.26612091064452414,-4.233446121215824,4.3457279205322195,-1.1830368041992188,3.9615554809570384,-6.709331512451179,1.0510215759277344,4.5159149169921875,4.6319656372070455,5.067821502685547,-11.764198303222663,8.0,4.0,09-25,0.6093950271606431
08-12,4.7901611328125,0.08869552612304688,-5.2274627685546875,4.185768127441403,-1.7256507873535156,4.2909584045410085,-6.058025360107422,1.374420166015625,3.1957321166992188,4.344207763671875,3.493083953857422,-11.35921859741211,8.0,4.0,09-26,0.11605580647786369
08-13,4.080497741699219,-0.7096443176269531,-5.5824737548828125,3.62589073181152,-2.2326927185058594,4.0149879455566335,-6.432746887207031,0.6827201843261719,2.6858673095703125,4.037895202636719,4.342472076416001,-10.904850006103523,7.0,5.0,09-27,-0.19933970769246687
08-14,3.4595413208007812,0.2661247253417969,-4.03819465637207,3.323719024658203,-2.0725669860839844,3.6766815185546804,-7.547981262207031,-0.44915771484375,2.77691650390625,2.264923095703125,7.606491088867173,-10.6085205078125,7.0,5.0,09-28,-0.1118353207906105
08-15,3.370849609375,0.0,-3.798563003540039,3.3503875732421875,-1.4232215881347656,2.8843727111816406,-6.441680908203125,-0.017971038818359375,3.924102783203111,3.5273513793945312,7.692386627197251,-9.284923553466797,6.0,6.0,09-29,0.3152575492858863
08-16,5.056255340576172,0.08869552612304688,-3.567813873291019,3.2792930603027344,-1.2631034851074219,2.652923583984368,-7.797809600830078,0.2245788574218679,4.160827636718736,2.682647705078125,5.37322998046875,-7.981082916259766,8.0,4.0,09-30,0.24238681793212624
08-17,6.209442138671875,0.6209526062011648,-3.4879417419433594,3.5014781951904297,-0.391387939453125,2.261219024658203,-7.824577331542969,0.2155914306640625,5.171455383300774,3.0446548461914062,4.915111541748047,-8.889820098876953,8.0,4.0,10-01,0.4455148379007963
08-18,6.209442138671875,0.5322418212890554,-1.8282833099365234,2.4350376129150426,-0.7294044494628906,2.05645751953125,-7.08404541015625,0.33237457275390625,5.526531219482422,1.1231842041015625,4.552440643310547,-7.141490936279297,8.0,4.0,10-02,0.49870713551839163
08-19,6.298152923583984,1.1531906127929688,0.11537742614745738,2.46169471740723,-0.6493453979492188,1.2463531494140696,-6.5933380126953125,-0.65576171875,6.182083129882798,1.299560546875,3.664867401123047,-7.092105865478516,8.0,4.0,10-03,0.6192274093627924
08-20,3.193431854248054,1.4193038940429688,-0.39050674438475497,2.914924621582035,-1.0762939453125,1.1573257446289134,-5.1033782958984375,0.5120468139648509,7.147186279296875,1.1788864135742188,2.710468292236328,-6.390796661376953,8.0,4.0,10-04,0.6060498555501331
08-21,-1.5079994201660156,3.0160179138183523,-2.618169784545888,2.959362030029297,-0.40027236938477273,0.026718139648444605,-3.3100547790527344,0.3323783874511719,7.447631835937514,1.0396575927734375,2.8727149963378906,-5.788265228271477,7.0,5.0,10-05,0.33914327621460166
08-22,-2.66119384765625,2.4837799072265554,-1.4821548461913956,3.172647476196289,-1.0674018859863281,0.2848777770996094,-0.4104003906250071,0.9791641235351562,6.564487457275405,1.1510467529296875,2.2428207397460866,-7.309410095214844,7.0,5.0,10-06,0.32902193069458036
08-23,-1.330596923828132,3.370849609374993,-2.316419601440426,3.9724807739257777,-1.272014617919929,0.6142654418945312,0.7315979003906179,1.8505096435546946,6.218498229980476,1.4388046264648438,4.533351898193359,-6.074710845947266,8.0,4.0,10-07,0.9780513445536284
08-24,-1.330596923828132,3.4595413208007884,-3.3193130493164062,4.5590171813964915,-0.4091835021972656,0.5786590576171946,0.642383575439446,1.7876319885253906,5.799678802490249,1.8100967407226562,5.210979461669908,-6.568592071533203,8.0,4.0,10-08,1.0183585484822597
08-25,-0.9757728576660156,3.725658416748054,-4.544076919555664,4.514583587646484,-1.2631072998046875,-0.3204841613769531,1.2847480773925781,1.7337188720703125,7.165359497070298,0.02785491943359375,5.182346343994141,-6.726634979248054,7.0,5.0,10-09,0.8170161247253406
08-26,0.08870697021484375,3.9030838012695455,-3.3903064727783203,4.523469924926758,-1.7167549133300781,0.36500167846678977,-0.8565177917480469,1.760681152343757,7.128974914550781,0.18564605712890625,3.512157440185547,-5.936424255371094,8.0,4.0,10-10,0.7973098754882825
08-27,-3.6369590759277344,3.7256546020507812,-5.910854339599609,4.363496780395508,-0.25795745849610086,0.6053581237792898,-1.8914680480957031,1.8145790100097656,6.901359558105469,-0.46411895751954546,5.506832122802734,-6.7957763671875,6.0,6.0,10-11,0.3300121625264462
08-28,-5.1449737548828125,4.612731933593757,-4.260076522827148,5.154436111450181,-0.320220947265625,1.0237770080566406,-1.4542770385742188,2.0571212768554688,6.710151672363281,-2.255645751953139,4.838752746582031,-7.467445373535149,6.0,6.0,10-12,0.2911942799886056
08-29,-3.2821311950683594,4.524017333984382,-3.0619277954101562,4.647880554199208,-0.4625434875488281,-0.4540252685546875,-1.8736114501953054,1.5540733337402344,6.792072296142571,-2.3949050903320312,3.3689918518066406,-6.114219665527344,5.0,7.0,10-13,0.2703059514363604
08-30,-2.040241241455078,5.056266784667976,-1.5442752838134766,4.878940582275376,0.8361282348632812,-1.6469345092773366,-1.9628334045410156,0.718658447265625,6.309543609619141,-1.40167236328125,4.075244903564439,-5.175849914550781,6.0,6.0,10-14,0.6752479871114083
08-31,-1.50799560546875,4.7901458740234375,-1.6419067382812464,5.1633338928222585,-0.13342666625976562,-1.8338890075683594,-2.025279998779297,0.8623847961425781,6.291328430175781,-2.6548004150390625,6.375331878662109,-7.348918914794922,5.0,7.0,10-15,0.5280256271362301
09-01,4.080486297607422,3.5482749938964773,-0.7100143432617152,4.4879188537597585,0.20458602905273438,-0.43621063232421875,-0.1962738037109304,1.2037315368652344,3.4506607055664134,-1.4480743408203267,6.508937835693359,-8.069984436035163,7.0,5.0,10-16,1.0520032246907538
09-02,3.903076171875,3.282154083251953,-0.6745071411132812,6.185335159301754,-0.45365142822265625,-2.029743194580078,-0.9189605712890554,0.8623771667480398,4.506816864013672,-2.0328750610351705,7.444248199462891,-8.810802459716804,6.0,6.0,10-17,0.9386223157246887
09-03,2.040241241455078,1.330596923828118,0.6212577819824219,6.709669113159183,1.3075828552246094,-2.2701148986816406,-0.9546508789062429,1.1857719421386719,4.197254180908203,-1.5687561035156392,5.802700042724609,-8.3663101196289,8.0,4.0,10-18,0.8362701733907061
09-04,-0.8870658874511719,1.0644760131835938,0.20412254333496094,7.758340835571293,1.102996826171875,-2.4837646484375,2.123432159423828,1.1767845153808594,4.579639434814453,-1.4480743408203267,4.981925964355469,-8.800922393798821,8.0,4.0,10-19,0.780990918477376
09-05,-0.7983627319335938,3.0160255432128906,1.9347763061523402,7.696130752563484,0.871723175048821,-2.270099639892571,0.9278793334960938,1.5271224975585938,5.426387786865234,-1.2345733642578267,3.0158920288085938,-7.753902435302734,8.0,4.0,10-20,1.0299166043599437
09-06,-1.2418861389160156,2.040252685546875,1.499898910522461,6.496393203735359,1.6900672912597727,-1.7626724243164062,1.0795555114746094,1.9672927856445312,5.280731201171875,-0.2506256103515625,3.4644317626952983,-8.040351867675774,8.0,4.0,10-21,1.0185906092325852
09-07,-2.2176589965820312,2.4837875366210938,0.3638820648193395,5.643239974975582,0.9428749084472585,-1.3531723022460938,1.0617179870605469,1.7966041564941406,6.427906036376953,-0.946807861328125,0.9066696166992045,-7.427940368652344,8.0,4.0,10-22,0.6400918960571271
09-08,-2.3063583374023438,2.395069122314453,1.2513999938964844,4.736759185791012,0.8361358642578054,-0.6943893432617188,0.14275360107421875,1.5181312561035156,6.109249114990227,-0.7147560119628906,2.8822555541992045,-7.93170166015625,8.0,4.0,10-23,0.6853790283203098
09-09,-2.128936767578125,1.7741317749023366,2.964288711547862,5.2344360351562464,0.5959701538085866,-0.4985313415527415,0.8297386169433594,2.1649246215820312,5.298919677734375,-2.8218841552734304,3.120849609375,-8.28729248046875,8.0,4.0,10-24,0.6872178713480626
09-10,-2.92730712890625,1.4192962646484304,2.9643020629882812,4.496810913085927,-0.8005485534667969,-1.0059776306152415,0.6602325439453125,1.5989723205566406,5.298919677734375,-3.620166778564453,3.3117294311523438,-7.842800140380852,7.0,5.0,10-25,0.2961219151814764
09-11,-1.3306045532226562,1.0644798278808594,4.118074417114261,4.123556137084968,-0.48032379150390625,-1.3620681762695312,1.2579879760742188,1.6079635620117188,5.945343017578125,-5.226058959960923,3.3880844116210938,-6.963691711425781,7.0,5.0,10-26,0.5118951797485373
09-12,-0.5322418212890625,1.9515419006347656,3.496809005737301,3.7769660949707102,-0.062255859375,-0.8635330200195384,2.373237609863274,1.6169471740722656,4.397563934326165,-6.22857666015625,3.0063323974609233,-4.148582458496101,7.0,5.0,10-27,0.732017358144121
09-13,-2.2176742553710938,1.6854095458984375,3.638803482055664,2.5327892303466832,-0.3024139404296875,-0.45401382446289773,1.9003753662109304,2.775768280029297,3.8512725830078054,-5.894393920898423,1.8228988647460795,-4.830139160156257,7.0,5.0,10-28,0.37572352091471145
09-14,-2.2176742553710938,2.0402488708496023,3.3370513916015625,2.230632781982429,-0.8361473083496094,-0.6409645080566477,1.4542694091796804,2.9284744262695312,3.9878425598144602,-5.1703643798828125,3.1876678466796875,-6.193241119384773,7.0,5.0,10-29,0.3423163096110014
09-15,-0.354816436767571,2.217662811279297,2.2720298767089844,2.8793830871582102,-0.7560768127441406,0.1157379150390554,2.4357032775878977,2.632030487060547,4.324707031249979,-6.191436767578118,3.5885086059570312,-3.6349525451660085,8.0,4.0,10-30,0.7940400441487636
09-16,-1.064472198486321,1.7741355895996094,4.597320556640632,2.9771385192871023,-0.6938285827636719,0.25817108154296875,1.9093055725097656,3.1620445251464844,2.9772491455078125,-6.061489105224609,3.1113052368164062,-4.830139160156243,8.0,4.0,10-31,0.676395098368328
09-17,-3.016021728515618,1.9515495300292969,5.724479675292965,2.2572898864746023,-1.165264129638679,0.23146438598632812,2.747974395751953,2.6679725646972727,2.8952865600585938,-5.894397735595703,3.3308258056640767,-4.3461341857910085,8.0,4.0,11-01,0.6154187520345067
09-18,0.44353485107421164,1.5967178344726562,3.443567276000973,3.0660057067871165,-2.0636634826660156,-0.8991470336914062,3.0504798889160156,2.2996711730957102,2.6403579711914062,-5.476692199707031,2.7486572265625,-3.1608238220214844,8.0,4.0,11-02,0.6407221158345543
09-19,-3.016021728515625,1.4193077087402415,1.2957782745361293,2.8527259826660227,-1.8323974609375,-0.2847862243652344,2.2381820678710866,2.11102294921875,2.622138977050767,-7.6673583984375,3.092224121093764,-1.9722137451171875,7.0,5.0,11-03,0.07155021031697621
09-20,-3.9030838012695312,1.5967178344726562,2.573795318603519,3.1815357208252024,-2.152812957763672,0.4452629089355469,2.8275680541992188,1.7966079711914062,2.3398971557617188,-8.66058349609375,2.3955154418945455,-1.1822128295898438,8.0,4.0,11-04,0.10485061009725143
09-21,-3.4595413208007812,2.2176551818847585,3.8251857757568395,3.812658309936534,-0.7296142578125,0.3918495178222585,3.1222610473632812,1.4732170104980469,2.0667495727539062,-7.723037719726577,4.598052978515625,0.1377868652343821,9.0,3.0,11-05,0.8111019134521479
09-22,-6.032039642333984,2.7499008178710938,5.209707260131836,3.6614875793457102,-0.8274803161621094,0.14253616333007812,3.1219940185546875,1.2845687866210938,3.0409774780273438,-6.930580139160156,5.857246398925781,-0.6800460815429688,8.0,4.0,11-06,0.8831893603007005
09-23,-4.8788604736328125,3.459545135498047,5.156747817993164,3.4125862121582102,-1.0499038696289062,1.0596122741699148,3.3539695739746094,1.077392578125,3.2125091552734375,-5.640773773193359,5.549659729003906,0.7423286437988281,9.0,3.0,11-07,1.2879010836283367
09-24,-4.080501556396484,3.814350128173828,3.22183799743652,4.434856414794929,-0.2937507629394531,0.685710906982429,4.23724365234375,2.1912498474121094,2.983924865722642,-6.220249176025391,6.730293273925781,0.4064903259277344,9.0,3.0,11-08,1.5092879931131995
09-25,-2.838611602783203,5.499782562255859,3.408269882202152,2.843515396118164,-0.5606002807617188,1.8430290222167969,3.256092071533196,3.6783523559570312,1.9872283935546875,-4.43720626831054,5.317802429199233,1.5644073486328125,9.0,3.0,11-09,1.7968384424845392
09-26,-4.524017333984375,5.056255340576172,4.180669784545888,3.1545658111572266,-0.2670707702636719,1.3444900512695455,6.14820480346679,3.759471893310547,1.557861328125,-3.4532585144042898,5.575477600097656,-0.09943389892578125,8.0,4.0,11-10,1.8694346745808923
09-27,-3.370838165283203,3.8143653869628906,1.6593608856201207,2.745754241943356,-0.47171783447265625,1.5224990844726562,6.005321502685547,4.842441558837891,0.33783721923829546,-3.917377471923821,6.577545166015625,4.83056640625,9.0,3.0,11-11,2.0479798316955584
09-28,-3.459552764892578,4.7901611328125,2.609012603759769,2.923482894897454,1.2808990478515625,1.6471519470214844,6.085693359375,4.393283843994141,0.00095367431640625,-3.2428245544433594,7.238189697265625,4.840568542480462,10.0,2.0,11-12,2.4255849520365387
09-29,-4.790138244628906,4.435329437255859,1.7392444610595739,2.834604263305664,1.4855270385742188,1.5759124755859375,5.308746337890625,5.354473114013672,0.0013275146484517109,-5.307163238525391,6.7383575439453125,7.029304504394531,10.0,2.0,11-13,2.2004604339599623
09-30,-6.032035827636719,4.524036407470696,2.6799392700195312,3.2701778411865163,0.9072341918945312,1.4334182739257812,4.7645111083984375,5.890460968017571,-1.1283721923828125,-6.755863189697266,6.228919982910156,6.347751617431641,9.0,3.0,11-14,1.844181537628172
10-01,-3.2821388244628906,2.3950843811035156,5.529073715209961,3.0390491485595703,1.2453384399414062,2.074371337890618,4.5146942138671875,5.367145538330078,-1.3661346435546875,-6.223121643066406,6.001487731933594,6.0217933654785085,9.0,3.0,11-15,2.1097202301025377
10-02,-4.080497741699219,2.3063697814941406,4.685653686523441,1.5724411010742152,1.1474876403808594,1.9408454895019531,3.2376747131347656,7.034492492675774,-1.7867355346679688,-7.298786163330078,7.805290222167969,5.804485321044922,9.0,3.0,11-16,1.8640600840250645
10-03,-5.4998092651367045,2.5724868774414134,4.3660373687744105,0.8614768981933558,1.423248291015625,1.0060997009277344,1.8367080688476491,7.728481292724609,-1.9042816162109517,-7.818614959716797,7.3853607177734375,4.569786071777344,9.0,3.0,11-17,1.377248287200927
10-04,-4.34663009643554,1.6854171752929688,2.2001571655273438,0.06164932250975852,0.9607391357421875,0.9882888793945312,2.3010711669921875,6.342647552490234,-1.8405609130859517,-8.059947967529297,5.905563354492202,4.569786071777344,9.0,3.0,11-18,0.8973484039306641
10-05,-3.814380645751946,0.5322303771972656,1.9161510467529297,0.39939117431640625,1.98370361328125,1.1574630737304616,2.1224746704101562,5.5341796875,-3.3519210815429545,-6.846195220947273,6.4724884033203125,4.569786071777344,9.0,3.0,11-19,0.8896142641703294
10-06,-3.3708457946777273,0.7983512878417898,0.7535018920898438,0.18605422973633168,2.3306922912597656,1.3711585998535085,3.542266845703125,5.156879425048821,-3.333984375,-6.676860809326172,6.4724884033203125,5.063667297363281,9.0,3.0,11-20,1.0244474411010733
10-07,-3.104724884033203,0.088714599609375,1.2236385345458984,1.1816635131835938,2.66876220703125,2.1367454528808594,3.310302734375,5.707294464111328,-3.4172515869140625,-6.985294342041016,6.876190185546875,4.6389312744140625,9.0,3.0,11-21,1.1937476793924968
10-08,-3.1934280395507812,0.97576904296875,-0.17855262756347656,1.1816635131835938,2.7665443420410227,1.0061378479003906,3.015869140625,5.473758697509766,-2.7588882446289205,-6.985294342041016,7.6716766357421875,4.75745773315429,8.0,4.0,11-22,1.1443928082784005
10-09,-3.282135009765618,0.7983589172363281,-1.3149509429931605,1.2527427673339773,2.517478942871101,2.2524757385253906,3.328212738037095,5.545860290527344,-2.7588882446289205,-8.288928985595689,6.68865966796875,4.550029754638672,8.0,4.0,11-23,0.9407429695129391
10-10,-5.056266784667969,0.0,-1.3149509429931605,0.7728443145751989,1.343334197998054,3.0447616577148366,3.1405982971191406,5.545860290527344,-2.2659454345703125,-6.488109588623047,5.552932739257827,3.6116600036621094,7.0,5.0,11-24,0.6572265625000018
10-11,-4.346611022949219,0.0,-2.9925231933593786,0.43513298034667613,2.2419052124023438,3.356372833251953,2.7208709716796875,6.553619384765625,-2.0474319458007812,-5.030757904052734,4.1308135986328125,3.6116600036621094,7.0,5.0,11-25,0.7194209098815912
10-12,-4.346611022949219,-1.2418861389160085,-4.199541091918949,0.9149780273437571,2.508892059326172,4.015277862548828,2.7208709716796875,6.814121246337891,0.29248046875,-6.068229675292969,4.929588317871094,3.6116600036621094,8.0,4.0,11-26,0.8293000857035328
10-13,-5.499805450439453,-1.3306045532226491,-2.8150234222412145,-0.5513229370117188,3.2918052673339844,4.015277862548828,2.6940269470214915,7.0207366943359375,0.4194641113281108,-6.530231475830078,5.708168029785156,5.78472900390625,7.0,5.0,11-27,1.017268339792887
10-14,-7.007801055908203,0.3548278808593821,-4.332948684692383,-0.9602241516113281,3.2918052673339844,2.5552711486816406,3.131206512451172,7.426727294921875,0.5095672607421875,-4.679637908935547,5.708168029785156,6.4267730712890625,8.0,4.0,11-28,1.0353112220764167
10-15,-4.790149688720703,1.9515495300292969,-3.809284210205078,-1.4313545227050781,3.7009353637695312,4.1488037109375,1.1237640380859446,7.516838073730469,-0.06649017333984375,-4.93199539184571,4.5613861083984375,5.853870391845703,7.0,5.0,11-29,1.152322769165039
10-16,-3.7256622314453125,-0.5322380065917969,-2.5485877990722656,-1.9290351867675852,1.9397010803222656,4.086483001708984,1.2842903137207031,6.3361663818359375,2.0457229614257812,-3.4146766662597656,6.202934265136719,6.268730163574219,7.0,5.0,11-30,1.3344856897989903
10-17,-4.257911682128906,-0.17741012573241477,-2.379901885986328,-2.9777069091796946,1.690643310546868,3.623523712158203,1.2486953735351562,6.381229400634773,2.8886184692382812,-3.535358428955078,6.107505798339858,6.5551795959472585,7.0,5.0,12-01,1.2639255523681647
10-18,-3.8143768310546875,0.2661170959472656,-2.121856689453118,-2.9688148498535156,1.6995468139648366,3.0715599060058594,1.14154052734375,6.814990997314453,2.0418701171875,-2.4028892517089844,6.223815917968764,6.5551795959472585,8.0,4.0,12-02,1.375556945800782
10-19,-3.903083801269524,2.128948211669922,-1.6869792938232386,-1.7245960235595703,1.6906280517578125,2.5195083618164134,1.8470191955566406,6.374820709228516,2.2603912353515625,-3.2612152099609446,3.6714859008789205,6.5551795959472585,8.0,4.0,12-03,1.3726755777994806
10-20,-2.9273109436035085,1.6854133605957031,-2.2993583679199183,-2.791189193725586,1.4237060546875,3.418811798095703,1.2040214538574219,6.2849884033203125,2.089202880859361,-1.25689697265625,3.094757080078139,5.942768096923828,8.0,4.0,12-04,1.3224094708760588
10-21,-2.838611602783196,2.0402488708496094,-2.9296436309814453,-3.1023025512695312,0.9877738952636719,3.5168800354003835,2.12298583984375,7.087108612060547,2.098350524902358,-1.25689697265625,1.9509277343750142,6.446529388427734,8.0,4.0,12-05,1.3436125119527205
10-22,-3.193428039550774,2.7499046325683594,-3.0358009338378906,-3.0400848388671875,1.147857666015632,4.024314880371087,1.4984474182128906,5.9515228271484375,3.552215576171875,-0.9110755920410227,2.5774307250976562,5.518032073974609,8.0,4.0,12-06,1.4032780329386394
10-23,-3.636970520019524,2.1289596557617116,-1.5620307922363317,-0.3734779357910014,1.6548690795898509,3.3922462463378835,-0.07232666015625,7.087131500244148,3.0401611328125,-2.823261260986328,2.2052078247070312,5.518032073974609,7.0,5.0,12-07,1.3798783620198583
10-24,-1.862823486328125,2.1289596557617116,-1.6330471038818395,-0.7378463745117188,1.6904449462890696,3.0183448791503906,1.811504364013679,7.663944244384766,1.387908935546875,-1.0317230224609375,2.348358154296875,6.199588775634766,8.0,4.0,12-08,1.748634497324626
10-25,-2.1289443969726562,3.6369667053222656,-0.9407653808593714,-0.8356018066406108,0.89862060546875,4.006664276123047,1.1953239440917969,8.682422637939453,1.9523849487304688,-2.1177825927734375,1.9794235229492188,6.199588775634766,8.0,4.0,12-09,1.8773584365844742
10-26,-3.193420410156243,4.080509185791016,-1.1626396179199219,0.382061004638679,1.2011260986328125,4.264881134033203,0.293376922607429,8.305137634277344,1.7976150512695455,-3.4685134887695384,2.6359100341796875,6.199588775634766,9.0,3.0,12-10,1.777969360351565
10-27,-3.6369552612304616,4.169200897216797,-3.84293174743652,0.23111724853514914,1.752735137939446,3.8018722534179688,0.22152328491210938,8.376998901367188,1.30413818359375,-5.1967010498046875,2.174530029296875,7.562690734863281,9.0,3.0,12-11,1.409851551055908
10-28,-1.9515495300292969,4.169200897216797,-5.680719375610352,-0.1688842773437571,1.4235420227050781,1.8163948059082031,-1.6699447631835938,9.691776275634773,2.0536117553710938,-6.393039703369141,2.6070785522460938,8.30351257324218,7.0,5.0,12-12,1.1834149360656732
10-29,-3.991798400878899,4.612739562988281,-2.494234085083008,-0.3377952575683594,0.4449043273925781,1.6294441223144531,-0.7590675354003906,9.960929870605469,2.1816253662109375,-7.1874847412109375,2.8632049560546875,7.779998779296875,7.0,5.0,12-13,1.2252055803934738
10-30,-1.9515342712402344,5.499794006347649,-3.8703479766845597,0.1333312988281179,0.738433837890625,1.1753273010253906,-0.4643707275390554,9.519298553466804,2.4559402465820455,-7.578887939453125,2.977722167968736,7.510002136230469,8.0,4.0,12-14,1.345392386118572
10-31,-0.3548316955566406,5.854621887207031,-4.154447555541992,0.1333312988281179,1.71710205078125,0.8726043701171946,-2.4290008544921804,9.735603332519531,1.7873306274414062,-8.442157745361328,4.0371017456054545,6.720001220703125,8.0,4.0,12-15,1.2897715568542474
11-01,-2.5724830627441406,4.790149688720696,-2.761299133300792,-0.373363494873054,1.9306373596191406,-0.06232833862303977,-2.43792724609375,9.6178207397461,1.3047866821289062,-8.78561782836914,3.0855026245117188,6.720001220703125,6.0,6.0,12-16,0.8713232676188142
11-02,-3.814373016357422,3.7256622314453125,-3.347053527832042,-0.27556610107422586,2.0818710327148438,-0.60546875,-1.1698493957519531,9.97714614868164,0.6583404541015625,-9.486591339111321,1.1919021606445312,6.720001220703125,6.0,6.0,12-17,0.47133509318033767
11-03,-5.233684539794922,3.5482559204101562,-4.199356079101573,0.2489013671875,2.019603729248054,-2.047943115234368,-0.2321777343749929,10.148387908935547,-0.11887359619140625,-11.477378845214837,1.6917266845703125,5.400001525878899,6.0,6.0,12-18,-0.02104473114013583
11-04,-4.612724304199219,2.306377410888672,-3.9241409301757777,1.6267547607421804,1.8327560424804688,-0.658905029296875,0.0625152587890696,10.869400024414062,0.8869400024414205,-12.197052001953132,2.489532470703125,6.849998474121094,8.0,4.0,12-19,0.4609543482462574
11-05,-5.4110870361328125,0.8870697021484375,-4.0129146575927805,1.902320861816392,3.1850929260253906,-1.3979377746582031,-0.22324752807615766,8.949687957763672,1.709884643554716,-12.496139526367188,2.9701385498046875,5.8600006103515625,7.0,5.0,12-20,0.16023906071980973
11-06,-7.62874794006348,2.306365966796875,-5.087162017822269,0.8711662292480327,2.9715538024902344,-1.3712310791015696,-2.705829620361321,8.868572235107422,0.8229370117187642,-12.954116821289055,3.3642425537109375,6.220001220703125,7.0,5.0,12-21,-0.3601873715718587
11-07,-7.007801055908203,2.39508056640625,-4.083932876586918,3.0223846435546804,3.211780548095703,0.3116416931152344,-4.018566131591797,9.896034240722656,1.7830657958984517,-14.43084716796875,2.0281524658203125,1.2900009155273438,8.0,4.0,12-22,-0.4669171969095863
11-08,-6.830396652221676,2.661212921142578,-4.723159790039052,3.06683349609375,1.7259979248046875,0.10684585571289062,-3.5006103515625,9.769851684570312,2.1213836669922017,-13.98221588134765,1.9993209838867188,1.2900009155273438,8.0,4.0,12-23,-0.5245779355366995
11-09,-7.540035247802734,3.9031028747558594,-2.441482543945316,3.7690811157226562,1.8149757385253906,0.0623321533203125,-3.3041419982910156,8.255695343017578,2.0390701293945455,-12.60830307006836,2.7971343994140625,1.2900009155273438,8.0,4.0,12-24,-0.16354751586913974
11-10,-7.451320648193359,2.838611602783203,-2.2461605072021484,3.333507537841804,1.8149757385253906,0.0623321533203125,-3.3845138549804688,6.435123443603516,2.203666687011733,-11.159603118896484,2.7971343994140625,1.279998779296882,8.0,4.0,12-25,-0.2896873156229631
11-11,-7.273921966552734,3.370849609375,-2.8676319122314453,2.7290306091308665,1.9929275512695312,0.5431556701660227,-2.580799102783203,7.1381072998046875,3.502105712890611,-13.056922912597656,3.0374374389648438,0.0,7.0,5.0,12-26,-0.28880516688028973
11-12,-6.3868560791015625,3.903076171875,-0.648113250732429,2.631256103515639,2.589000701904297,0.8904113769531321,-1.29486083984375,5.236431121826179,3.2003555297851562,-13.972866058349602,3.3834609985351562,0.0,7.0,5.0,12-27,-0.03905868530273201
11-13,-6.741674423217777,3.1934318542480398,-0.8167991638183594,3.0135078430175852,2.17083740234375,0.8726081848144602,-0.482227325439446,5.6870689392089915,2.5511474609375,-12.468097686767585,4.498466491699219,0.0,7.0,5.0,12-28,0.12318913141886483
11-14,-7.362617492675781,3.991790771484368,-1.3139686584472692,4.026885986328136,1.9751167297363281,1.0328788757324148,-0.8751449584960938,5.777191162109382,3.0723342895507812,-11.271759033203132,4.565757751464844,0.0,7.0,4.0,12-29,0.3015387852986648
11-15,-7.007793426513672,4.080497741699212,-1.6779670715331996,3.8579959869384837,1.7349052429199219,0.7657661437988281,-1.1698455810546875,4.136863708496094,2.889434814453125,-12.29986572265625,5.2193756103515625,0.0,7.0,4.0,12-30,0.0441139539082848
11-16,-7.185203552246094,4.8788604736328125,-0.648101806640625,3.7957572937011683,1.3078346252441406,1.032878875732429,-0.6340293884277344,4.875911712646484,2.9443206787109375,-12.318553924560547,5.065582275390625,0.0,7.0,4.0,12-31,0.25960477193196646
11-17,-7.7174530029296875,5.144977569580078,0.11541175842285156,2.8001480102539062,1.3078346252441406,1.032878875732429,-0.4554328918457031,4.136863708496094,3.2552032470703125,-12.010120391845703,5.065582275390625,0.0,8.0,3.0,01-01,0.2229911486307786
11-18,-8.160987854003906,4.169208526611328,-0.13317489624023438,2.586803436279297,1.005340576171875,0.9171257019042969,-1.7860107421875,4.127857208251953,2.7705841064453267,-11.954044342041016,4.9117889404296875,0.0,7.0,4.0,01-02,-0.12879244486490768
11-19,-7.894870758056648,4.346630096435547,1.562547683715806,3.0757217407226562,0.8363265991210866,1.0506820678710938,-1.8574638366699148,3.4609107971191406,2.1579437255859517,-11.739070892333984,4.873344421386719,0.0,8.0,3.0,01-03,-0.010608196258545513
11-20,-7.8061637878418,4.8788604736328125,1.1630306243896449,4.666915893554695,1.1921920776367045,1.1753387451171875,-2.187877655029297,3.5059738159179688,2.112205505371108,-8.411758422851562,5.748046875,0.0,8.0,3.0,01-04,0.5030636787414551
11-21,-8.60452651977539,6.386871337890625,2.9564075469970703,4.871370315551754,0.3380889892578054,0.4006805419921875,-2.259326934814453,4.551460266113281,2.020782470703125,-8.729541778564453,5.757659912109375,0.0,8.0,3.0,01-05,0.6408271789550772
11-22,-7.8061676025390625,6.386871337890625,3.2937812805175852,4.640254974365234,-0.12456893920897727,-0.12466049194335938,-2.8129844665527273,4.785793304443359,2.1305007934570455,-7.6827392578125,6.113311767578125,0.0,6.0,5.0,01-06,0.733282725016279
11-23,-6.652994155883793,7.717445373535149,4.137199401855472,4.764701843261712,0.09786605834960938,-1.6472511291503906,-3.054096221923828,4.254035949707031,2.3499603271484375,-8.589344024658203,3.8640670776367188,0.0,7.0,4.0,01-07,0.6034658749898263
11-24,-5.05626296997071,7.096500396728516,4.0306701660156286,6.098091125488281,0.46263885498046875,-3.2945098876953054,-3.6256446838378906,4.17291259765625,3.1912002563476705,-8.037906646728509,3.6237640380859375,0.0,7.0,4.0,01-08,0.7217877705891947
11-25,-4.701438903808601,7.6287384033203125,4.332530975341797,6.133640289306641,0.7918281555175781,-2.8136940002441406,-3.536346435546868,3.208545684814453,3.675811767578125,-7.5892791748046875,2.9605331420898438,0.0,7.0,4.0,01-09,0.8409058252970377
11-26,-3.7256660461425852,7.451332092285163,3.1073474884033203,6.124759674072266,1.6014404296875,-2.6356124877929688,-3.6524276733398366,4.578483581542976,2.87115478515625,-7.7294769287109375,3.7487258911132812,0.0,7.0,4.0,01-10,0.978338400522869
11-27,-3.6369590759277273,7.007804870605462,3.577886581420895,6.2225341796875,1.5658531188964915,-2.4931488037109375,-5.9385337829589915,4.28106689453125,3.584381103515625,-6.617248535156236,3.4988021850585938,0.0,7.0,4.0,01-11,0.9210365613301604
11-28,-4.612733840942379,6.741680145263665,4.394676208496097,6.195880889892578,1.6815109252929688,-1.8075332641601562,-7.1083831787109375,4.290069580078125,1.783050537109375,-8.598686218261712,4.0755462646484375,0.0,7.0,4.0,01-12,0.5862565040588384
11-29,-4.257900238037109,7.007804870605462,5.353515625,6.071428298950195,2.028491973876953,-2.2883453369140696,-6.465419769287109,4.00165939331054,0.557769775390625,-7.963134765624986,4.7676239013671875,0.0,7.0,4.0,01-13,0.7344578107198073
11-30,-5.233673095703125,7.80616760253907,3.3648166656494105,7.342599868774421,1.8683547973632812,-2.6445159912109446,-6.438629150390625,3.217559814453125,0.13715362548829546,-7.804252624511733,4.546539306640625,0.0,7.0,4.0,01-14,0.51351006825765
12-01,-5.3223838806152415,6.919109344482429,3.7998428344726562,7.218143463134766,0.978668212890625,-2.9650650024414134,-8.65330505371093,2.4244308471679688,0.1280059814452983,-7.916412353515618,5.892242431640625,0.0,7.0,4.0,01-15,0.20860640207926373
12-02,-5.3223838806152415,5.854618072509773,2.7522277832031214,7.1114654541015625,1.1833038330078125,-4.728057861328125,-7.992469787597649,3.551025390625,-1.4081649780273438,-5.822818756103516,7.103363037109375,0.0,6.0,5.0,01-16,0.19017569224039743
12-03,-4.8788414001464915,5.588500976562514,1.5714397430419922,7.422595977783203,2.5445022583007812,-5.48490905761718,-7.429878234863274,1.7574882507324148,-0.237762451171875,-3.5329437255859375,7.603179931640625,0.0,6.0,5.0,01-17,0.410281022389731
12-04,-4.967555999755859,5.233680725097663,0.8079128265380859,7.280361175537109,2.6245841979980398,-5.458202362060547,-8.84084701538086,2.118000030517571,0.0091400146484375,-0.06542587280273438,6.7380828857421875,0.0,7.0,4.0,01-18,0.45664421717325787
12-05,-4.61273193359375,6.03203201293946,-1.4293708801269496,5.351379394531243,3.496479034423828,-6.259571075439453,-8.054996490478523,0.9914016723632812,0.850372314453125,1.9907722473144531,6.276702880859375,0.0,7.0,4.0,01-19,0.38603909810384085
12-06,-5.411096572875973,3.104728698730476,-0.6392307281494105,4.853565216064453,3.113903045654297,-8.138336181640625,-10.65365982055664,-0.4776725769042969,1.856201171875,1.9907722473144531,5.2193756103515625,0.0,6.0,5.0,01-20,-0.4317874908447254
12-07,-4.346611022949219,1.2418899536132812,-0.7102470397949183,4.302433013916016,0.43593597412110086,-7.799980163574219,-11.126956939697259,-1.5051345825195312,2.2768173217773438,3.5890121459960938,5.450065612792969,0.0,6.0,5.0,01-21,-0.6827313105265285
12-08,-3.991783142089851,1.0644798278808594,1.1364021301269567,3.6001663208007812,0.14234161376954546,-8.11163330078125,-11.519878387451179,-2.4875373840332102,1.5361480712890625,5.04705810546875,5.565422058105469,0.0,7.0,4.0,01-22,-0.6682345072428388
12-09,-3.548248291015632,0.620941162109375,0.4971752166748047,3.9735298156738352,-0.23133087158202414,-7.221218109130859,-11.00191879272461,-3.04632568359375,2.240234375,5.654567718505859,4.392738342285156,0.0,6.0,5.0,01-23,-0.6391545931498204
12-10,-3.636962890625,0.2661285400390625,2.1485118865966655,4.080200195312507,0.14234542846678977,-5.992443084716797,-10.85904312133789,-3.1003913879394602,2.505401611328125,4.467578887939453,4.1524200439453125,0.0,7.0,4.0,01-24,-0.48552115758260267
12-11,-6.03203010559082,0.709644317626946,2.3349552154540874,4.4624481201171875,1.058734893798821,-6.028057098388679,-9.787422180175788,-3.4879417419433594,2.4688339233398438,5.523719787597656,4.373497009277344,0.0,7.0,4.0,01-25,-0.3669681549072301
12-12,-3.9917888641357386,0.44353866577147727,2.3793411254882706,3.9913215637207102,0.8807830810546804,-3.4102554321289062,-8.96585845947265,-2.5325889587402415,3.0174407958984233,5.7480316162109375,2.9316787719726562,0.0,7.0,4.0,01-26,0.04097032546996834
12-13,-4.1692008972168,0.08870697021483664,2.7167015075683594,4.204654693603523,-0.22242355346678977,-3.7130088806152273,-10.314315795898438,-1.892669677734375,3.94097900390625,5.944305419921868,3.277740478515625,0.0,6.0,5.0,01-27,-0.01154422760009736
12-14,-4.878850936889648,1.0644721984863352,3.471342086792003,4.622463226318352,-1.396820068359382,-3.4725990295410085,-9.465953826904304,-1.5862388610839844,5.056526184082031,7.1873779296875,1.4514389038085938,0.0,6.0,5.0,01-28,0.171096483866374
12-15,-3.1934299468994176,1.951549530029304,3.5867576599121094,3.3423919677734375,-1.8594551086425852,-3.989032745361321,-10.680450439453125,-2.2892303466796875,4.270164489746094,9.13142395019532,-0.19223785400390625,0.0,5.0,6.0,01-29,0.006537596384685133
12-16,-2.2176609039306676,1.951549530029304,3.861984252929691,2.8356971740722656,-1.1566085815429759,-3.61505126953125,-11.912815093994148,-2.154052734375,4.032424926757798,8.972541809082045,0.31719970703125,0.0,6.0,5.0,01-30,0.07626740137735943
12-17,0.0,1.1531982421875,5.3712615966796875,2.675689697265625,-2.3220901489257812,-4.7547760009765625,-10.966217041015625,-2.298259735107422,3.9226913452148295,8.37437820434571,-1.21112060546875,0.0,5.0,6.0,01-31,-0.004603703816732363
12-18,-1.4192981719970703,0.08869552612304688,4.803070068359375,2.2134475708007884,-3.4520034790039062,-6.2239532470703125,-9.61788558959961,-2.7488975524902344,2.697425842285142,9.617450714111328,-1.3841400146484375,0.0,5.0,6.0,02-01,-0.45217402776082416
12-19,-0.8870563507080149,0.9757728576660156,5.238092422485352,2.222332000732429,-3.3808212280273438,-5.680706024169915,-8.177726745605469,-3.4518890380859304,3.45635986328125,10.654903411865227,-1.6532821655273438,0.0,5.0,6.0,02-02,-0.057001749674478575
12-20,-0.7096385955810582,1.6854171752929688,5.016145706176758,1.582305908203125,-3.4697418212890625,-6.232879638671882,-8.267135620117188,-4.281070709228516,3.492927551269517,11.168952941894531,-1.0381088256835938,0.0,5.0,6.0,02-03,-0.08773549397786666
12-21,-0.08870124816894531,0.9757614135742188,4.882972717285156,2.3823928833007812,-4.4218902587890625,-5.547130584716797,-10.109016418457024,-4.2360076904296875,2.432250976562514,13.290580749511726,-3.7070465087890625,0.0,5.0,6.0,02-04,-0.3454861640930152
12-22,0.2661170959472656,1.0644874572753906,3.50687408447266,3.2448348999023366,-5.391857147216797,-4.514026641845703,-10.359127044677734,-4.001678466796875,3.3923492431640625,13.88651275634765,-3.0103912353515625,0.0,6.0,5.0,02-05,-0.15965874989827564
12-23,0.709650039672848,1.5080146789550781,4.030788421630856,2.5246238708496023,-5.000312805175781,-5.351116180419929,-10.912792205810547,-4.3709716796875,2.3339157104492188,14.253582000732422,-1.6847991943359375,0.0,6.0,5.0,02-06,-0.16328477859497248
12-24,0.1774139404296875,0.3548278808593821,5.9045104980468786,3.155914306640618,-4.768924713134766,-5.457969665527344,-10.984237670898438,-2.8522262573242188,-1.1089096069335938,14.018291473388672,0.75244140625,0.0,6.0,5.0,02-07,-0.06740570068359346
12-26,-1.5080146789550888,1.1531791687011719,5.4871063232421875,3.120391845703118,-4.69775390625,-5.2353363037109375,-11.136600494384766,-3.367420196533203,0.47017669677732954,12.056068420410163,-0.4394683837890625,0.0,5.0,6.0,02-09,-0.34147262573242393
12-27,-2.1289501190185547,1.0644721984863281,6.517290115356445,3.3870811462402344,-3.5587196350097656,-4.968090057373054,-12.969535827636719,-4.153781890869141,0.36959075927732954,11.747631072998047,-0.16956329345703125,0.0,5.0,6.0,02-10,-0.4052146275838234
12-28,-1.8628368377685547,0.5322380065917969,7.200904846191406,3.44036865234375,-2.2862663269042898,-4.905754089355476,-13.237770080566406,-3.2074432373046875,0.1958465576171733,10.675056457519531,-0.2866973876953125,0.0,5.0,6.0,02-11,-0.3118627866109224
12-29,-1.5080089569091832,0.6209449768066406,6.64158058166505,2.7825164794921946,-2.3040618896484375,-4.745445251464851,-13.863002777099616,-2.612598419189453,-2.0559310913085938,9.707103729248047,-0.48989105224609375,0.0,4.0,7.0,02-12,-0.652232805887858
12-30,-1.064474105834961,0.7096481323242188,6.534887313842773,3.2004127502441406,-2.001502990722649,-4.585117340087891,-13.25575256347657,-1.8080329895019531,-0.3484649658203267,9.330623626708984,0.10033416748046875,0.0,5.0,6.0,02-13,-0.26561991373698035
12-31,-0.9757671356201207,0.4435386657714844,4.093202590942379,4.267391204833984,-1.903594970703118,-3.9351158142089844,-12.76457595825196,-2.5190963745117188,0.6430816650390625,10.328311920166016,-0.0326995849609375,0.0,5.0,6.0,02-14,-0.1962769826253261
