,2009,2010,2011,2012,2013,2014,2015,2016,2017,2018,2019,2020,ups,downs,end_day_sum,avg
01-02,-1.406667709350586,-1.6933326721191406,-1.1666679382324183,-0.7199993133544886,0.7000007629394531,-1.6066665649413991,-1.7999992370605469,9.760002136230469,0.7999954223632955,-9.500000000000014,8.57000732421875,3.5900039672851705,5.0,7.0,02-16,0.46055634816487867
01-03,-1.8333320617675817,-1.5333328247070312,-1.2333335876464808,-0.7600002288818395,0.8199996948242223,-1.506664276123054,-0.5,9.920001983642578,-0.650001525878892,-8.15000152587892,8.100006103515625,3.6200027465820312,4.0,8.0,02-17,0.5244453748067214
01-04,-1.6799983978271484,-1.573333740234375,-0.19333267211914773,-0.4933338165283203,0.64666748046875,-0.13333511352539062,-1.0600013732910156,10.830001831054688,-1.900001525878892,-8.15000152587892,5.9600067138671875,7.0,4.0,8.0,02-18,0.7711114883422846
01-05,-1.7933330535888672,-1.260000228881836,-0.3799991607666051,-0.6133327484130895,0.64666748046875,0.10666656494140625,-1.2900009155273366,10.519996643066406,-0.650001525878892,-8.099998474121108,6.269996643066406,5.989997863769531,5.0,7.0,02-19,0.7872215906778971
01-06,-2.346668243408203,-1.0400009155273438,0.2600002288818324,-0.3133335113525426,0.5533332824707031,0.7933349609375,0.6599998474121094,8.629997253417969,-0.5,-7.199996948242202,7.6999969482421875,6.099998474121108,7.0,5.0,02-20,1.108055114746093
01-07,-1.7733345031738317,-0.8533344268798828,-0.059999465942386365,0.22666549682616832,1.0133342742919922,-0.8400001525878906,0.14999771118164062,8.739997863769531,2.0500030517578125,-7.299995422363281,9.479995727539048,5.4300003051757955,7.0,5.0,02-21,1.3552775382995597
01-08,-1.3933334350585938,-0.9133319854736328,0.3533344268798828,0.36666679382323863,0.31333351135253906,-0.653331756591804,-0.8699989318847656,9.0,1.9499969482421875,-7.699996948242202,7.510002136230469,6.740005493164077,7.0,5.0,02-22,1.2252788543701163
01-09,-0.4799995422363281,-0.7066669464111293,0.5133342742919922,0.12666511535644176,0.20000076293944957,-0.4533348083496094,-0.9900016784667969,9.55000305175782,2.25,-7.400001525878906,8.410003662109375,6.550003051757827,7.0,5.0,02-23,1.4641671180725113
01-10,-0.5466670989990199,-0.7066669464111293,0.2733345031738281,0.046667098999019885,0.47333335876464844,0.3866691589355469,-1.6699981689453125,9.560001373291023,1.75,-6.0,7.170005798339844,6.6699981689453125,8.0,4.0,02-24,1.4505564371744801
01-11,-0.9799995422363281,-0.6133327484130859,-0.4333343505859375,0.2866668701171875,0.7066650390625,0.11333084106445312,-1.5900001525878906,9.590000152587912,1.550003051757784,-6.3000030517578125,7.889999389648452,5.3800048828125,7.0,5.0,02-25,1.3000000317891445
01-12,0.20000076293945312,-0.7800006866455043,-0.220001220703125,0.05333328247069957,-0.0066661834716796875,-0.6000022888183594,-1.9799995422363281,9.549999237060554,2.450000762939439,-4.800003051757798,10.55999755859375,3.4300003051757812,6.0,6.0,02-26,1.4880549112955734
01-13,-0.8133316040039062,-0.9466667175292933,-0.45333290100097656,0.6066665649414062,-0.6066665649414098,-0.8199996948242188,-2.979999542236321,9.699996948242188,2.5999984741210795,-2.150001525878892,9.650001525878892,1.7900009155273438,5.0,7.0,02-27,1.298055489857991
01-14,-0.32666587829589844,-0.8799991607666016,-0.7066669464111328,0.6133327484130895,-0.4599990844726598,-0.6599998474121094,-3.3299980163574148,7.8899993896484375,3.849998474121108,-2.650001525878892,9.150001525878892,1.8699951171875142,5.0,7.0,02-28,1.196666399637861
01-15,-0.7333316802978516,-0.6000003814697266,-0.4066677093505895,-0.12000083923339844,-0.02666664123534801,-0.6666641235351562,-3.1299972534179616,7.2399978637695455,3.849998474121108,-3.5,7.1699981689453125,0.7599945068359659,4.0,8.0,02-29,0.8197216987609917
01-16,-0.7733325958251953,-1.260000228881836,-0.026666641235355115,-0.15999984741211293,0.24000167846679688,-0.7133331298828125,-3.8899993896484375,4.090000152587891,4.6999969482421875,-4.849998474121108,5.959999084472656,-0.590003967285142,4.0,8.0,03-01,0.22722196578979434
01-17,0.1333332061767578,-0.7800006866455078,-0.7066669464111364,-0.64666748046875,-0.2933330535888672,-0.8800010681152344,-3.3800010681152344,4.319999694824219,4.900001525878892,-4.949996948242202,4.4799957275390625,-5.209999084472642,4.0,8.0,03-02,-0.25111134847005356
01-18,0.0666656494140625,-0.6399993896484375,-0.713333129882816,-1.0866680145263672,0.10666656494140625,-0.44666671752928977,-3.5700035095214844,3.5100021362304688,4.550003051757784,-2.849998474121108,3.1300048828125,-8.809997558593764,5.0,7.0,03-03,-0.5627770423889205
01-19,0.1999988555908203,-0.8266677856445312,0.04666709899902344,-1.1533336639404297,0.4400024414062429,-0.9333305358886648,-3.7100028991699148,3.220001220703125,5.600002288818345,0.0,2.3600006103515625,-2.970001220703139,6.0,6.0,03-04,0.18944470087686996
01-20,0.4866657257080078,-0.39333343505859375,0.013334274291992188,-1.4200000762939418,0.366668701171875,-0.10666656494139914,-4.350002288818359,4.159999847412109,5.249999999999993,-3.4000015258789062,4.180000305175781,-2.059997558593764,6.0,6.0,03-05,0.22722228368123285
01-21,0.8933334350585938,-0.020000457763671875,0.4466667175292969,-1.2799987792968786,0.4466667175292969,-0.05999755859375,-4.1100006103515625,3.4599990844726562,4.799995422363288,-2.3499984741210938,3.660003662109389,1.4300003051757528,7.0,5.0,03-06,0.6097224553426098
01-22,0.18000030517578125,0.23333358764648438,0.8133316040039098,-0.42000007629394887,0.40000152587890625,-0.03999710083008523,-4.479999542236328,-0.6500015258788991,5.549995422363288,-3.1500015258789062,2.3899993896484375,1.1299972534179545,7.0,5.0,03-07,0.16305494308471621
01-23,-2.546666145324709,0.7666664123535156,1.1066665649414098,-0.7666664123535192,0.4133338928222656,-0.10666656494141336,-5.270000457763672,0.3800010681152344,5.999999999999993,-6.150001525878892,3.0699996948242188,0.650001525878892,7.0,5.0,03-08,-0.20444432894388967
01-24,-3.2066659927368164,0.6066665649414062,1.3999996185302699,-0.6133327484130824,0.573333740234375,0.020000457763671875,-5.6100006103515625,0.80999755859375,2.6500015258789205,-5.400001525878892,1.6999969482421875,-0.9800033569335795,7.0,5.0,03-09,-0.6708339850107793
01-25,-3.753333091735838,0.5666675567626989,1.5933322906494212,-0.43999862670897727,0.8999996185302699,-0.073333740234375,-4.240001678466804,2.2599983215332102,2.849998474121108,-6.249999999999986,1.8999938964843608,0.01999664306642046,7.0,5.0,03-10,-0.3888900279998742
01-26,-3.1466665267944336,0.8066654205322266,1.5066661834716797,-1.1266651153564418,1.1599998474121023,0.2999992370605469,-4.459999084472649,0.6099967956542898,1.5499954223632955,-5.400001525878892,3.7399978637695312,-3.620002746582017,7.0,5.0,03-11,-0.6733345190683968
01-27,-4.466667175292969,0.7066669464111328,1.5733318328857457,-1.1333332061767543,1.2666664123535156,0.0,-3.729999542236328,-0.3800010681152344,1.6500015258789205,-3.0499954223632955,5.30999755859375,-1.7399978637695455,5.0,7.0,03-12,-0.3327775001525885
01-28,-5.073333740234375,1.0133323669433594,1.6600017547607386,-0.7399997711181676,1.7933349609375,0.8933334350585938,-2.6300010681152344,-1.6100006103515696,3.0,-2.0999984741210938,5.400001525878892,-2.4000015258789062,6.0,6.0,03-13,-0.06611092885335523
01-29,-3.9133338928222656,0.8733329772949219,1.0666656494140696,-0.6800003051757884,1.14666748046875,1.3200035095214844,-4.529998779296875,-2.9099998474121094,2.649993896484375,-2.5499954223632812,3.9599990844726562,-2.5100021362304688,6.0,6.0,03-14,-0.5063889821370443
01-30,-3.1800003051757812,0.85333251953125,0.7866649627685582,-0.16666603088378906,1.9200019836425781,0.7400016784667969,-0.05999755859375,-2.2400016784667898,2.4499969482421875,-2.749999999999986,3.7299957275390625,-3.5800018310546875,6.0,6.0,03-15,-0.12472279866536251
01-31,-3.466665267944336,0.7533340454101562,-0.14666748046874645,-0.6266670227050781,1.4733352661132777,1.4133338928222727,-1.55999755859375,-2.0499992370605398,3.699996948242216,-3.150001525878892,2.8899993896484375,-9.949996948242188,5.0,7.0,03-16,-0.8933329582214308
02-01,-3.2266654968261683,0.7533340454101562,0.5066661834716797,-0.5933341979980469,1.206665039062507,2.8066673278808665,-0.7700004577636648,-2.3300018310546804,4.949996948242216,-2.5999984741210795,4.370002746582031,-3.730003356933608,6.0,6.0,03-17,0.11194403966268407
02-02,-2.2199993133544886,0.6066665649414098,0.6199989318847692,-0.37999916076660156,1.686666488647461,3.1933364868164062,-0.7899971008300781,-5.000003814697273,4.2999954223632955,-2.149993896484375,3.75,-16.620002746582045,6.0,6.0,03-18,-1.0836110115051267
02-03,-0.7533321380615234,0.8133335113525426,0.47333335876464844,-0.6800003051757777,1.4466686248779297,3.3733367919921875,-1.5300025939941406,-5.270000457763679,2.650001525878892,1.3000030517577983,4.239997863769531,-2.7099990844726705,7.0,5.0,03-19,0.2794450124104782
02-04,-0.8066654205322266,1.2999992370605469,0.993331909179691,-0.7066669464111328,1.2533321380615234,3.6000022888183594,-1.3700027465820312,-3.960002899169922,4.1500015258789205,4.2000045776367045,2.9899978637695312,-8.069999694824219,7.0,5.0,03-20,0.2977776527404788
02-05,-0.7399997711181676,0.8800010681152344,0.9666671752929688,-0.7133331298828125,1.2466678619384766,4.113334655761719,-2.0300025939941406,-1.0,3.199996948242216,1.9500045776367045,3.1999969482422017,-8.120002746582045,7.0,5.0,03-21,0.2461109161376962
02-06,-1.1933326721191406,1.0200004577636719,1.64666748046875,-0.9399986267089844,1.4533329010009766,3.920001983642578,-0.4500007629394531,-6.020000457763672,3.1500015258789205,2.8000030517578125,4.149993896484389,-7.849998474121094,7.0,5.0,03-22,0.1405558586120629
02-07,-0.9866676330566371,1.1066665649414098,1.2666664123535192,-1.2399997711181676,1.7266674041748047,3.673332214355476,1.0100021362304616,-6.150001525878906,3.5,2.900001525878892,4.909996032714858,-8.110000610351562,8.0,4.0,03-23,0.30055522918701233
02-08,0.326665878295902,1.0599994659423793,1.4666671752929723,-1.2733345031738281,1.7066650390624964,4.466667175292962,1.0600013732910156,-6.25,3.6999969482421875,3.650001525878892,5.089996337890639,-15.759994506835952,9.0,3.0,03-24,-0.06305567423502782
02-09,-0.7600002288818324,0.7199993133544922,1.2399997711181676,-0.8199996948242152,0.9533348083496094,4.586666107177727,1.4500007629394531,-6.760002136230469,3.4499969482421875,2.5999984741210938,4.1700057983398295,-25.849998474121108,8.0,4.0,03-25,-1.251666545867922
02-10,0.9266681671142578,0.7933330535888672,1.4799995422363317,-0.4000015258789027,0.7999992370605469,4.926666259765618,-0.55999755859375,-4.650001525878906,1.9499969482421875,0.40000152587889204,4.470001220703111,-15.610000610351577,8.0,4.0,03-26,-0.4561112721761103
02-11,0.5933341979980469,0.2733325958251953,0.9866657257080114,-0.5,1.073333740234382,3.6933326721191406,0.4500007629394531,-4.069999694824219,0.40000152587889204,0.9500045776367045,4.8000030517578125,-19.06999969482422,9.0,3.0,03-27,-0.8683325449625666
02-12,0.8400001525878942,-0.15999984741210938,1.3266677856445277,-0.28000068664551137,1.1266670227050852,3.5133323669433594,0.220001220703125,-3.729999542236328,1.0,-1.199996948242216,4.220001220703125,-19.480003356933594,7.0,5.0,03-28,-1.0502775510152202
02-13,1.4866657257080043,-0.04666519165038707,0.7133331298828125,-0.5133342742919957,1.05999946594239,2.5800018310546875,0.640003204345696,-3.8300018310546875,0.900001525878892,-0.75,4.5,-21.81000518798828,7.0,5.0,03-29,-1.255833466847739
02-14,0.9266681671142578,0.10666656494140625,0.6000003814697301,-0.713333129882816,1.3199996948242259,2.6866683959960938,2.100002288818345,-3.0,2.600006103515625,0.5,4.7400054931640625,-18.660003662109375,9.0,3.0,03-30,-0.566109975179037
02-15,0.8866672515869141,0.3000011444091797,1.0199985504150426,-0.6733322143554652,1.0866661071777415,1.7733306884765625,2.8199996948242116,-1.279998779296868,4.0500030517578125,-0.25,1.8100051879882812,-17.670005798339858,8.0,4.0,03-31,-0.5105554262797037
02-16,1.2066669464111328,0.3000011444091797,0.9199981689453196,-0.9399986267089844,0.7066669464111257,1.9733314514160156,3.0800018310546804,-2.9199981689453125,3.5,1.5,0.08000183105470171,-11.800003051757827,9.0,3.0,04-01,-0.19944429397583066
02-17,1.260000228881836,0.12000083923339844,0.7599983215332067,-1.046667098999027,0.39333152770996094,1.7999992370605469,3.0800018310546804,-2.2299957275390625,3.5,2.199996948242216,-0.799995422363267,-13.800003051757827,8.0,4.0,04-02,-0.3969443639119448
02-18,1.886667251586914,0.1333332061767578,0.8599987030029297,-0.9666652679443359,0.8199977874755859,1.9933319091796875,1.720001220703125,-2.1199989318847656,3.1999969482421875,1.25,-1.8499984741210795,-19.450004577636733,8.0,4.0,04-03,-1.0436116854349773
02-19,1.666666030883789,-0.2733325958252024,1.5133323669433594,-0.6133327484130824,0.9666652679443359,3.0,2.3100013732910156,-1.0200004577636648,2.849998474121108,2.9000015258789205,-0.25,-17.950004577636733,7.0,5.0,04-04,-0.40833377838134616
02-20,2.2933330535888636,-0.23333358764648793,1.6266651153564453,-0.9533329010009766,1.6466655731201172,1.9399986267089844,2.7899971008300852,-1.7900009155273438,3.75,4.000000000000014,-0.10000610351563921,-18.360000610351562,7.0,5.0,04-05,-0.282501220703125
02-21,2.813333511352539,-0.07333183288574929,1.7199993133544886,-0.9533329010009766,1.2399997711181676,1.7400016784667969,3.3699989318847727,-2.9599990844726562,3.8000030517578125,4.700004577636719,-0.3800048828125284,-14.569999694824219,7.0,5.0,04-06,0.03722270329793057
02-22,1.9733333587646484,-0.04666519165039418,1.9466667175293004,-0.7600002288818359,1.4399986267089808,1.9133338928222656,4.709999084472663,-4.0,3.4000015258789205,4.300003051757798,-1.7099990844726562,-17.529998779296875,7.0,5.0,04-07,-0.36361058553059866
02-23,1.7999992370605469,-0.10666656494140625,2.140001296997074,-1.0666675567626953,2.133333206176758,1.4333343505859375,4.1399993896484375,-4.149997711181662,2.4000015258789205,3.7000045776367045,1.3899993896484517,-10.709999084472656,8.0,4.0,04-08,0.2586118380228675
02-24,0.6199989318847656,-0.13333320617676137,2.1133346557617223,-1.4399986267089915,2.1799983978271484,1.8000030517578125,3.9599990844726562,-4.859996795654304,1.9500045776367045,4.4500045776367045,-0.2700042724609233,-13.519996643066406,7.0,5.0,04-09,-0.2624988555908227
02-25,1.4933319091796875,-0.24666595458984375,1.6333332061767578,-0.4066658020019531,1.7333316802978445,2.0933303833007812,4.509998321533196,-3.9899978637695455,1.550003051757784,5.2000045776367045,-0.18000030517575283,-11.879997253417969,7.0,5.0,04-10,0.12583382924397432
02-26,1.566665649414066,0.1066665649414027,0.8333320617675817,-0.5066661834716797,2.3066654205322337,1.913330078125,4.459999084472656,-1.7399978637695312,1.300003051757784,5.2000045776367045,1.2200012207031392,-12.189994812011733,9.0,3.0,04-11,0.37250073750813534
02-27,1.9733333587646484,-0.4933338165283203,0.7333316802978516,-0.8666648864746094,1.966665267944343,2.0,3.3699989318847656,-1.75,2.0999984741210795,5.9499969482421875,1.5600051879882812,-7.220001220703125,8.0,4.0,04-12,0.7769441604614252
02-28,2.6933326721191406,-0.426666259765625,0.39999961853027344,-0.6200008392333949,1.6199989318847727,1.1066665649414062,3.94000244140625,-2.0999984741210938,1.25,7.2999954223632955,1.9000015258789062,0.1399993896484375,9.0,3.0,04-13,1.4336109161376973
02-29,0.0,0.0,0.0,-0.1333332061767578,0.0,0.0,0.0,-2.259998321533203,0.0,0.0,0.0,0.34000396728515625,1.0,2.0,04-14,-0.1711106300354004
03-01,3.0333328247070312,-0.4799995422363281,0.6199989318847656,0.2999992370605469,1.1199989318847727,0.9666633605957031,3.5900001525878906,-0.6500015258789062,1.0499954223632955,4.8499984741210795,1.3600006103515625,-4.149993896484375,9.0,3.0,04-15,0.9674994150797532
03-02,2.386667251586914,-0.5133342742919957,0.6266651153564453,0.42666625976562855,1.5399971008300781,1.2266654968261648,3.640003204345696,-0.3600006103515625,1.0499954223632955,5.5500030517578125,-0.2299957275390625,0.14000701904296875,9.0,3.0,04-16,1.2902782758076985
03-03,2.706666946411133,-0.326665878295902,0.046665191650390625,-0.8333320617675817,0.039997100830078125,1.7599983215332102,3.6100006103515554,2.6100006103515625,2.0500030517578125,4.8000030517578125,0.04000091552734375,-7.180000305175781,9.0,3.0,04-17,0.7769447962443028
03-04,2.4200000762939453,-0.5066661834716832,-0.11333274841308949,-0.4466667175292969,0.8266639709472585,0.9333343505859446,4.25,0.34999847412109375,0.25,6.150001525878906,-1.1399993896484375,-10.669998168945298,7.0,5.0,04-18,0.1919445991516119
03-05,4.539999961853029,-0.9133319854736328,0.22666549682616832,0.16666793823241832,0.2133331298828054,0.8866653442382955,4.819999694824219,0.3200035095214844,1.600006103515625,6.3000030517578125,-0.6200027465820455,-9.629997253417983,9.0,3.0,04-19,0.6591676870981829
03-06,4.693333625793457,-0.45999908447265625,-0.2600002288818395,0.2533340454101598,0.259998321533196,1.153331756591804,4.670001983642578,0.9300003051757812,2.600006103515625,6.400001525878906,0.6500015258789062,-10.069999694824233,9.0,3.0,04-20,0.9016675154368071
03-07,4.486666679382326,-0.5199985504150391,-0.1400012969970703,-0.18000030517578125,0.10666656494139914,1.7133331298828054,2.3000030517578196,1.3800010681152344,2.000000000000014,5.749999999999986,0.37000274658204546,-1.1199951171875284,8.0,4.0,04-21,1.3455564975738508
03-08,3.5933332443237287,-0.30666542053222656,-0.4333343505859304,-0.13333320617675426,0.386669158935554,0.9066658020019531,4.30000305175782,-1.6199989318847727,4.300003051757798,5.749999999999986,-1.9499969482422017,-5.9899978637695455,6.0,6.0,04-22,0.7336122989654505
03-09,4.193333625793455,-0.4533329010009801,-0.6599998474121094,-0.8133335113525426,0.866668701171875,0.9599990844726562,3.7000007629394602,-1.4199981689453125,4.550003051757798,4.849998474121108,-3.3300018310547017,-4.979995727539077,6.0,6.0,04-23,0.6219451427459691
03-10,3.560000419616699,-0.5133323669433594,0.12666511535645242,-0.6666660308837855,1.0600013732910085,1.9200019836425781,3.259998321533196,-0.06000137329102273,4.1999969482421875,3.9000015258789062,-3.3600006103515625,-5.430000305175767,7.0,5.0,04-24,0.6663887500762943
03-11,4.526666641235352,-0.326665878295902,0.786666870117184,-0.7066669464111293,1.8199996948242188,3.0,3.1199989318847656,-0.29000091552734375,4.8000030517578125,4.0500030517578125,-2.5999984741210938,-4.6999969482421875,7.0,5.0,04-25,1.1233340899149573
03-12,3.313333511352539,-0.3466663360595703,0.9666671752929688,-0.09333229064941051,0.9733314514160156,2.2066650390625,1.279998779296875,-0.44000244140625,6.0500030517578125,4.8000030517578125,-1.3899993896484233,2.5,8.0,4.0,04-26,1.6516668001810724
03-13,2.479999542236328,-0.10666656494140625,0.9200000762939453,-0.4466667175293004,1.3999977111816406,1.7999992370605469,2.329998016357429,-0.17000198364257812,6.75,4.400001525878906,-1.0499954223632812,-6.599998474121094,7.0,5.0,04-27,0.9755555788675947
03-14,2.579999923706051,-0.13333320617676137,1.6933345794677734,0.10000038146972656,1.3600006103515554,1.9533348083495952,1.6000022888183594,0.17999649047851562,7.650001525878906,4.4500045776367045,-0.5,8.459999084472656,10.0,2.0,04-28,2.4494450887044237
03-15,2.4133319854736293,-0.5933341979980469,2.6000003814697266,0.013334274291988635,1.6533355712890625,1.0,1.2700004577636648,0.4099998474121094,5.300003051757798,4.5,0.1100006103515625,10.349998474121094,11.0,1.0,04-29,2.418889204661049
03-16,2.666666030883782,-0.6266670227050817,1.7533340454101527,0.1800003051757848,1.7399978637695312,1.4066658020019531,1.8900032043457102,0.270000457763679,6.250000000000014,4.5,-0.659996032714858,11.220001220703125,10.0,2.0,04-30,2.549167156219483
03-17,2.54000091552734,-0.4866657257080149,1.3800010681152308,0.3533344268798828,1.913330078125,0.7666664123535156,0.9499969482421946,-1.6000022888183665,4.099998474121094,2.1999969482421875,-0.8399963378906108,-1.9800033569335938,8.0,4.0,05-01,0.7747214635213217
03-18,1.073333740234375,-0.3133335113525426,1.2199993133544922,0.06000137329101207,2.4399986267089773,0.3266639709472656,-0.06999969482421875,0.1399993896484375,4.7000045776367045,1.6999969482421875,-0.20999908447265625,3.1800003051757812,9.0,3.0,05-02,1.1872221628824846
03-19,0.9866676330566406,0.11333274841308594,0.5333328247070312,-0.2933330535888672,1.9533348083496094,0.23999786376953125,0.34999847412109375,-0.18999862670898438,4.400001525878892,1.399993896484375,0.37000274658203125,3.4300003051757812,10.0,2.0,05-03,1.1077775955200184
03-20,0.64666748046875,-0.18666648864746804,0.07999992370605113,-0.42666816711425426,1.7133331298828125,0.2666664123535156,-1.620002746582017,0.5400009155273438,4.550003051757798,3.7999954223632812,0.1600036621093608,5.439994812011719,9.0,3.0,05-04,1.2469439506530744
03-21,-0.38666534423828125,0.046667098999019885,-0.09333419799804688,-0.10000038146972301,1.8266677856445384,-0.7133331298828125,-1.9599990844726562,0.5,3.25,3.8499984741210938,-1.2299957275390767,14.330001831054688,6.0,6.0,05-05,1.6100006103515618
03-22,-0.15999984741210938,-0.1066665649414098,-0.5133323669433594,-0.15999984741210582,2.113330841064453,-1.5933303833007812,-3.200000762939453,3.2900009155273366,3.3000030517578125,2.75,-0.75,13.790000915527344,5.0,7.0,05-06,1.5633338292439773
03-23,-0.5866661071777344,-0.4466667175292933,-0.6866664886474609,-0.04666709899903054,3.493335723876953,-0.5799980163574219,-3.9099998474121094,2.7900009155273366,3.0500030517578125,5.599998474121094,1.7099990844726847,14.5,6.0,6.0,05-07,2.0738894144694027
03-24,0.8799991607666016,-0.18000030517578125,-0.38666534423828125,-0.4399986267089844,3.5,-1.0333328247070312,-2.3199996948242188,1.9800033569335866,3.0500030517578125,5.399993896484375,2.1200027465820455,0.7000045776367188,7.0,5.0,05-08,1.1058341662089035
03-25,0.07333183288574219,0.09333229064941406,-1.0533332824706996,-0.2866668701171875,3.8266677856445312,-0.6133308410644531,-1.0200004577636719,0.1399993896484375,2.400001525878892,5.25,-0.26999664306639204,4.69000244140625,7.0,5.0,05-09,1.1025005976359052
03-26,-0.7266674041748011,-0.6733341217041087,-0.019998550415039062,-0.12666702270507812,4.053333282470696,0.3066673278808594,-0.8800010681152273,0.4799995422363281,3.249999999999986,5.4499969482421875,0.31999969482421875,2.5500030517578125,7.0,5.0,05-10,1.1652776400248195
03-27,-0.06666755676269531,-1.1066665649414062,0.5400009155273473,0.073333740234375,4.380001068115227,-0.04000091552734375,-0.920001983642571,0.9599990844726562,1.900001525878892,7.2999954223632955,0.4799957275390625,2.6300048828125,8.0,4.0,05-11,1.3441662788391116
03-28,0.9666671752929688,0.2133350372314453,0.860000610351566,0.279998779296875,4.299999237060554,0.426666259765625,0.6100006103515625,-0.4099998474121094,2.5999984741210938,5.649993896484375,1.9799957275390625,0.9899978637695312,11.0,1.0,05-12,1.538887818654379
03-29,0.7333335876464844,0.3800010681152344,-0.04666709899903054,0.2466659545898473,3.7866668701171875,0.4533348083496094,0.15999984741210938,-2.7299995422363352,2.5499954223632812,5.3499984741210795,0.8899993896484375,-0.5,9.0,3.0,05-13,0.939444065093992
03-30,0.39999961853027344,0.6999988555908203,-0.39999961853028054,0.9799995422363281,4.020000457763672,0.9066658020019531,-0.6599998474121165,-1.0900001525878906,2.6500015258789062,7.349998474121108,3.6399993896484375,-3.6699981689453125,8.0,4.0,05-14,1.2355554898579915
03-31,-0.46666717529296875,0.9333324432373082,-0.6599998474121129,0.6466674804687464,3.5,0.8400001525878906,-1.0600013732910156,-2.2299995422363352,2.6500015258789062,7.0499954223632955,4.9199981689453125,-3.8600006103515625,7.0,5.0,05-15,1.0219438870747888
04-01,-0.5200004577636719,0.8933334350585938,-0.03333282470703125,0.3400001525878906,4.280002593994141,0.7133331298828125,-1.3199996948242259,-1.0400009155273438,3.3499984741210795,7.849998474121108,3.5199966430664062,1.7900009155273438,8.0,4.0,05-16,1.6519441604614251
04-02,-0.5799999237060547,0.826665878295902,-0.6533317565917969,0.3733329772949219,3.8200035095214844,0.5200004577636719,-1.9799995422363352,-0.2700004577636719,3.5999984741210795,7.500000000000014,4.0999984741210795,-1.8100051879882812,7.0,5.0,05-17,1.2872219085693344
04-03,-0.10000038146972656,0.7266654968261754,-1.279998779296875,0.7733345031738246,3.6733360290527344,0.8066673278808594,-2.099998474121101,-0.09000015258789062,2.7000045776367045,5.4499969482421875,2.5,3.7699966430664062,8.0,4.0,05-18,1.4025003115336083
04-04,-0.020000457763671875,0.6733322143554723,-1.039999008178711,1.0,3.4066696166992188,1.1866683959960938,-2.2599983215332102,-2.7900009155273438,1.75,4.349998474121094,2.989997863769517,-2.0100021362304688,7.0,5.0,05-19,0.6030554771423325
04-05,-0.03333282470703125,0.6533317565917969,-0.9933338165283168,0.7000007629394496,2.666667938232422,2.220001220703125,-1.0999984741211009,-2.1699981689453125,1.6999969482421875,3.4499969482421875,1.6199951171875142,3.410003662109375,8.0,4.0,05-20,1.0102775891621913
04-06,0.4866657257080078,0.6733322143554723,-1.2200012207031286,1.0066661834716797,2.700000762939453,2.3866653442382812,-0.9699974060058736,-2.0499992370605398,1.4499969482421875,3.1999969482421875,2.9900054931640625,-0.8300018310546875,8.0,4.0,05-21,0.8186108271280919
04-07,0.8933334350585938,0.639999389648441,-1.1066665649414062,0.7600002288818359,2.6866683959960938,2.240001678466797,-0.2599983215332031,-2.5,2.099998474121108,2.649993896484375,1.9300003051757812,5.8699951171875,9.0,3.0,05-22,1.325277169545493
04-08,0.7266654968261719,0.686666488647468,-0.6999988555908274,0.8666667938232457,2.720001220703118,1.8266639709472656,0.3100013732910156,-3.3499984741210938,2.349998474121108,2.6999969482421875,2.4300003051757812,2.9899978637695312,10.0,2.0,05-23,1.1297218004862477
04-09,0.073333740234375,-0.03999900817871094,-0.8933315277099645,0.9666671752929652,2.0800018310546946,1.7533340454101562,1.470001220703125,-2.569999694824226,3.1999969482422017,2.6999969482421875,2.959999084472642,-3.0500030517578125,8.0,4.0,05-24,0.7208331425984694
04-10,-0.2666664123535156,-0.12666702270507812,-1.5266666412353516,0.6999988555908203,1.3600006103515554,2.4133338928222656,1.0900001525878906,-3.3699989318847656,3.9499969482422017,2.6999969482421875,2.05999755859375,1.4399948120117188,8.0,4.0,05-25,0.86861006418864
04-11,-0.6733322143554688,-0.2933330535888672,-1.8666648864746058,0.4933338165283203,1.5333328247070312,3.0400009155273438,1.2400016784667969,-1.549999237060554,3.5,2.8000030517578125,1.7900009155273438,2.1699981689453125,8.0,4.0,05-26,1.0152784983317054
04-12,-0.41333198547362926,-0.5599994659423828,-1.4200000762939489,0.4799995422363246,1.1866683959960938,2.7599983215332102,1.220001220703125,-2.3400001525878906,3.4499969482421875,2.75,1.55999755859375,4.819999694824233,8.0,4.0,05-27,1.124444166819256
04-13,0.4666671752929723,-0.2733325958251953,-0.9599990844726598,0.8799991607666051,2.1733360290527344,3.1266670227050852,1.1700019836425781,-3.1399993896484375,4.5,2.4499969482421875,1.5699996948242188,2.9899978637695312,9.0,3.0,05-28,1.246111234029135
04-14,0.6399993896484375,-0.379999160766598,-1.1666660308837926,0.8666667938232457,2.8733367919921875,3.6866645812988352,1.4099998474121236,-2.3899993896484375,3.149993896484375,0.6999969482421875,1.3199996948242188,-2.3600006103515625,8.0,4.0,05-29,0.6958327293396017
04-15,0.18666648864746094,-0.3466663360595703,-1.7999992370605504,0.9000015258789062,3.1866683959960938,2.959999084472649,1.5800018310546946,-2.7900009155273438,4.1999969482421875,2.9499969482421875,0.04000091552734375,4.0500030517578125,9.0,3.0,05-30,1.2597223917643225
04-16,0.1399993896484375,-0.6399993896484375,-1.0333347320556605,0.7333335876464844,2.0,2.6399993896484446,1.8199996948242259,-3.2399978637695312,3.649993896484375,3.0999984741210938,-1.0400009155273438,3.2400054931640625,8.0,4.0,05-31,0.9474997520446792
04-17,1.1000003814697195,-0.14666748046874645,-0.8533344268798828,-0.3333339691162074,2.5333328247070312,3.073333740234375,3.359996795654297,-2.9599990844726562,3.8499984741210938,4.5,0.26999664306642046,-1.209999084472642,7.0,5.0,06-01,1.098610401153567
04-18,3.0333328247070312,-0.23333358764648438,-0.5600013732910156,-0.07333374023437855,1.8066635131835866,2.94000244140625,1.3899993896484304,-3.4099998474121165,2.6999969482421875,5.200004577636719,0.08000183105470171,4.019996643066406,8.0,4.0,06-02,1.4077774683634432
04-19,3.0666675567626918,-0.8066673278808594,-1.3733329772949219,0.3133335113525426,1.5666656494140625,2.9000015258789062,2.819999694824226,-3.009998321533203,2.8499984741210938,5.5500030517578125,-0.8699951171875,3.279998779296875,8.0,4.0,06-03,1.3572228749593105
04-20,3.0866661071777344,-0.573333740234375,-1.6533336639404261,0.7533340454101562,1.226665496826179,2.626667022705078,3.1599998474121023,-1.4599990844726562,2.75,5.099998474121094,0.43000030517578125,3.4800033569335938,9.0,3.0,06-04,1.5772223472595217
04-21,2.053333282470703,-0.38666725158691406,-1.5533332824706996,0.7400016784667969,1.4933319091796946,2.946666717529297,3.779998779296875,-1.05999755859375,2.75,4.349998474121094,2.340003967285142,3.220001220703111,9.0,3.0,06-05,1.7227781613667792
04-22,2.0799999237060547,-0.5333328247070312,-1.3599987030029297,1.4266681671142578,1.0600013732910227,2.4733314514160156,4.439998626708984,-1.2000007629394602,3.5,4.349998474121094,2.4199981689453125,1.7900009155273295,9.0,3.0,06-06,1.7038887341817208
04-23,2.739999771118164,-0.4133338928222656,-2.113332748413086,1.3466682434082031,-0.1333312988281321,1.6933326721191406,4.209999084472656,-0.8299980163574219,2.8499984741210938,3.6500015258789062,2.940002441406236,3.0100021362304545,8.0,4.0,06-07,1.5791673660278291
04-24,2.7133331298828125,-1.060001373291012,-2.139999389648434,0.85333251953125,0.18666839599608664,0.9066658020019602,3.5,-1.1800003051757812,2.6999969482421875,2.0999984741210938,1.6399993896484233,-0.80999755859375,8.0,4.0,06-08,0.7841663360595698
04-25,2.4733333587646484,-1.2600002288818324,-1.7266654968261719,0.6933326721191406,-0.32666778564453836,2.573333740234375,3.710002899169922,-0.9199981689453125,2.7000045776367188,2.9499969482421875,1.5800018310546733,-1.5699996948242188,7.0,5.0,06-09,0.9063895543416326
04-26,2.2533340454101527,-1.0933341979980433,-2.573333740234375,0.7066669464111293,-0.060001373291015625,2.7466659545898438,3.6500015258789134,-0.4499969482421804,2.0,1.8499984741210938,1.4300003051758097,-0.9700012207031392,7.0,5.0,06-10,0.790833314259849
04-27,2.346668243408203,-0.573333740234375,-2.5466670989990234,0.3599987030029297,-0.2866668701171946,3.4866676330566477,3.7000007629394602,-0.3999977111816335,2.75,1.0999984741210938,1.75,-1.9599990844726562,7.0,5.0,06-11,0.8105557759602876
04-28,1.7266674041748047,-0.5400009155273402,-2.559999465942383,0.8466663360595703,0.0733337402343821,2.979999542236328,4.35999679565429,-0.1699981689453054,3.3499984741210938,0.1999969482421875,0.6199951171874716,-4.1100006103515625,8.0,4.0,06-12,0.5647212664286281
04-29,0.8466663360595668,-0.7600002288818359,-2.6000003814697266,0.8666648864746129,-0.4333305358886719,3.3666648864746094,5.319999694824219,1.2099990844726562,3.5500030517578125,-1.0500030517578125,-0.1900024414062642,-4.819999694824219,6.0,6.0,06-13,0.44222180048624554
04-30,1.413333892822262,0.1399993896484375,-2.7200012207031214,1.1666660308837926,-1.1399993896484233,3.626667022705078,7.13999938964843,0.18999862670897727,2.5999984741210938,-1.4000015258789062,2.059997558593764,0.48000335693359375,9.0,3.0,06-14,1.1297218004862482
05-01,1.4200000762939453,-0.31333351135253906,-2.7399997711181605,1.3400001525878906,-0.45999908447264914,4.266666412353516,8.099998474121094,-0.6899986267089773,1.3000030517578125,-1.6999969482421875,2.7299957275390767,-3.6500015258789062,6.0,6.0,06-15,0.8002778689066595
05-02,1.3533344268798828,-0.2199993133544922,-2.6066665649414027,1.7000007629394496,-0.5066642761230398,4.893333435058594,8.819999694824219,0.36999893188477273,1.6999969482421875,-1.8499984741210938,3.259994506835966,-3.6999969482421875,7.0,5.0,06-16,1.1011110941569047
05-03,1.1200008392333984,0.0066661834716796875,-2.5666656494140625,1.286666870117191,-1.3600006103515625,3.720001220703125,6.369998931884773,-0.5699996948242188,3.0499954223632812,-1.5999984741210938,-0.46999359130860796,-2.4099960327148438,6.0,6.0,06-17,0.5480562845865883
05-04,0.7133331298828125,0.6266670227050781,-1.7666664123535192,2.0133323669433594,-1.553333282470696,3.9000015258789134,7.040000915527344,-3.2600021362304616,3.0499954223632812,-0.649993896484375,-0.970001220703125,-1.5400009155273438,6.0,6.0,06-18,0.6336110432942723
05-05,1.4600009918212855,1.0133342742919922,-1.4733333587646484,1.6200008392333984,-1.5466651916503906,4.040000915527344,7.869998931884766,-2.25,2.9499969482421875,-0.15000152587890625,-0.980003356933608,-2.8199996948242188,6.0,6.0,06-19,0.8111108144124334
05-06,1.080001831054684,1.7066669464111364,-1.8666667938232457,1.3533344268798828,-1.1733322143554688,5.260002136230469,5.8899993896484375,-2.079998016357429,3.0,1.1999969482421875,-1.6600036621093608,0.7399978637695312,8.0,4.0,06-20,1.120833237965902
05-07,1.0933341979980433,2.166667938232422,-2.579999923706062,1.533334732055664,-1.8933334350585866,4.5,4.700000762939453,-3.299999237060547,2.5,2.0499954223632812,2.5,-0.44000244140625,8.0,4.0,06-21,1.0691665013631182
05-08,0.3400001525878906,0.9733333587646484,-2.380001068115238,0.8866672515869141,-2.3933334350585866,4.260002136230469,3.1000022888183665,-3.9199981689453125,2.0,2.25,1.5800018310546875,-3.9099960327148438,8.0,4.0,06-22,0.23222319285074958
05-09,0.1399993896484375,0.9333324432373047,-2.0333328247070312,0.9200000762939453,-1.5666656494140554,3.9599990844726562,2.8800010681152344,-3.4599990844726562,3.3000030517578125,2.5500030517578125,2.6200027465820312,-2.8499984741210938,8.0,4.0,06-23,0.6161120732625331
05-10,-0.6599998474121129,0.5133323669433629,-2.420000076293949,0.3466663360595703,-2.079998016357422,3.6599998474121094,3.240001678466797,-3.5999984741210938,2.7000045776367188,1.5,1.519996643066392,0.6500015258789062,8.0,4.0,06-24,0.4475005467732733
05-11,-0.3733329772949254,0.29333305358886363,-1.3999996185302699,-0.05333328247070668,-1.6266670227050852,3.6066665649414134,3.720001220703125,-3.0,2.7000045776367188,1.8000030517578125,-0.760002136230483,1.0999984741210938,6.0,6.0,06-25,0.5005559921264631
05-12,0.08666610717773438,-0.21999931335449574,-2.440000534057617,0.8266658782958949,-1.4533309936523366,3.2800025939941406,4.210002899169922,-3.4299964904785156,2.1500015258789062,2.0500030517578125,-0.720001220703125,2.5499954223632812,7.0,5.0,06-26,0.5741674105326334
05-13,0.6333332061767578,-0.3133335113525426,-1.6066665649414098,1.1800003051757812,-0.9333305358886719,3.6933326721191406,4.350002288818352,-2.6800003051757812,2.350006103515625,2.1999969482421875,-0.5800018310546875,4.739997863769531,7.0,5.0,06-27,1.0861113866170236
05-14,0.0666656494140625,-0.22666549682617543,-0.506668090820309,0.639999389648434,-2.0333328247070312,3.9933319091796875,3.1300010681152273,1.9099998474121094,2.4000015258789062,2.3000030517578125,-2.0100021362304688,4.069999694824219,8.0,4.0,06-28,1.1444444656372061
05-15,1.4200000762939418,0.6599998474121094,-0.42000007629394887,0.6800003051757777,-2.0,4.153331756591797,3.4399986267089844,3.530002593994155,3.0500030517578125,2.5999984741210938,-1.5400009155273295,2.8600006103515625,9.0,3.0,06-29,1.536111195882163
05-16,2.60666656494141,0.4733333587646449,-0.3800010681152308,0.6199989318847692,-1.35333251953125,3.9133338928222656,2.6199989318847656,1.8199996948242188,4.0,3.0,-2.3600006103515767,-8.480003356933594,8.0,4.0,06-30,0.5399994850158686
05-17,3.2533321380615234,0.16666603088378906,-0.6133327484130859,0.4133338928222656,-1.133331298828118,4.120002746582031,2.1699981689453054,5.6100006103515625,4.0500030517578125,3.0,-1.0100021362304688,-6.280006408691406,8.0,4.0,07-01,1.1455553372701008
05-18,2.039999008178711,0.21333312988281605,-0.7533321380615234,0.7000007629394496,-1.7266654968261719,4.346668243408203,2.079998016357422,6.029998779296875,3.8000030517578125,3.4000015258789062,2.1699981689453125,-4.980003356933594,9.0,3.0,07-02,1.4433333079020183
05-19,1.5200004577636719,0.1666660308837855,-0.7399997711181605,0.8800010681152308,-1.4133338928222585,5.120002746582031,1.9499969482421946,6.659999847412109,3.3499984741210938,3.1999969482421875,0.15000152587890625,-0.7399978637695312,9.0,3.0,07-03,1.6752777099609384
05-20,1.2866668701171875,1.0133323669433594,-0.4466667175292933,0.8800010681152308,-1.4133338928222585,5.266666412353516,1.80999755859375,6.229999542236335,2.5,3.1999969482421875,0.15000152587890625,-4.629997253417969,9.0,3.0,07-04,1.320555369059246
05-21,1.6933326721191406,1.0333328247070312,0.25333404541015625,1.3199996948242116,-1.9199981689453054,5.313335418701172,2.009998321533203,9.349998474121094,2.3499984741210938,5.150001525878906,1.1800003051757812,-5.3600006103515625,10.0,2.0,07-05,1.864444414774577
05-22,1.9133319854736293,0.9933338165283203,0.6000003814697266,1.360000610351566,-0.8333320617675781,5.333335876464844,2.240001678466804,9.229995727539062,2.8499984741210938,6.3000030517578125,0.55999755859375,-7.319999694824233,10.0,2.0,07-06,1.9355556170145665
05-23,0.3333339691162074,0.9866657257080043,0.3266677856445348,1.9866676330566406,-0.31999969482421875,3.9133338928222656,2.3699989318847656,9.51999664306642,2.4000015258789062,6.3000030517578125,0.279998779296875,-4.6100006103515625,10.0,2.0,07-07,1.9572223027547209
05-24,1.0333328247070277,1.0466670989990234,0.7399997711181605,1.6133346557617152,-0.5333366394042898,3.7066688537597656,2.6800003051757812,7.470001220703132,2.0500030517578125,6.700004577636719,0.8099975585937642,-5.410003662109375,10.0,2.0,07-08,1.8255558013916031
05-25,0.2999992370605433,1.6266670227050781,0.6266670227050817,2.1533317565918004,-0.12666702270507812,3.4866676330566406,3.6800003051757812,8.420001983642578,1.0,6.650001525878906,2.1399993896484375,-6.4499969482421875,10.0,2.0,07-09,1.9588893254597985
05-26,0.5,1.3933334350585938,0.3466682434081996,2.3466663360595703,0.3666648864746094,3.8000030517578196,3.5699996948242188,8.260002136230469,1.0,7.0,2.4199981689453125,-6.9199981689453125,11.0,1.0,07-10,2.00694481531779
05-27,0.973333358764652,0.9600009918212855,0.07999992370605469,2.2466678619384766,0.7666664123535227,3.6066703796386648,3.279998779296868,6.5500030517578125,2.25,6.5,2.9899978637695312,-5.8600006103515625,11.0,1.0,07-11,2.028611501057942
05-28,0.7666664123535227,1.1199989318847656,-0.4133319854736328,2.6733341217041016,1.7000007629394531,3.8000030517578054,2.740001678466797,7.549999237060554,1.75,7.849998474121094,1.4700012207031108,-6.720001220703125,10.0,2.0,07-12,2.023889223734537
05-29,-0.9399986267089844,1.85333251953125,-0.5466651916503906,2.666667938232422,2.1000022888183665,3.8800010681152273,1.8699989318847727,7.970005035400412,1.6500015258789062,7.75,3.7300033569335795,-7.939994812011719,9.0,3.0,07-13,2.0036128362019867
05-30,-0.4666671752929652,1.586666107177738,-0.6399993896484375,3.1200008392333984,1.7533340454101562,3.6800003051757812,1.0699996948242045,7.720005035400412,2.5,6.1999969482421875,4.709999084472642,-5.0,9.0,3.0,07-14,2.1861112912495932
05-31,-0.02666664123534801,1.9133338928222656,-0.5199985504150497,2.4733333587646484,2.5333328247070312,3.7466697692871094,0.4499969482421804,8.229999542236335,2.6500015258789062,6.650001525878906,2.959999084472642,-5.180000305175781,9.0,3.0,07-15,2.156666914621987
06-01,-0.17333412170409446,1.7133331298828125,0.17333412170408735,2.473333358764652,2.2866668701171875,3.5266685485839844,0.15999984741210938,7.379997253417969,2.4000015258789062,6.400001525878906,0.25,-5.010002136230469,10.0,2.0,07-16,1.7983333269755042
06-02,0.0,1.2666664123535156,0.026666641235340904,2.1933326721191406,2.9533348083496094,3.2666664123535156,-0.09000015258787641,7.479999542236335,-0.8000030517578125,6.4499969482421875,-0.01000213623045454,-5.410003662109375,7.0,5.0,07-17,1.4438878695170105
06-03,0.4333324432373047,1.0066661834716797,0.7133331298828125,2.1399993896484375,2.7000007629394602,2.8066673278808594,-0.10999679565428977,6.7699966430664205,-0.25,5.6999969482421875,-0.9500045776367188,-6.160003662109361,8.0,4.0,07-18,1.2333323160807328
06-04,0.11999893188476562,1.739999771118164,0.7800006866455043,1.9799995422363317,2.839996337890625,2.3199996948242188,0.5400009155273509,7.939998626708984,-0.25,4.6999969482421875,-0.3699951171875,-4.510002136230469,9.0,3.0,07-19,1.4858328501383469
06-05,0.7133350372314453,1.1733322143554688,0.45333290100096946,1.9866657257080043,3.2733306884765696,1.2199974060058594,0.8400001525878977,7.00000381469728,0.0500030517578125,4.6999969482421875,-1.650001525878892,-5.029998779296875,10.0,2.0,07-20,1.2274998029073105
06-06,0.6866664886474645,1.4799995422363281,0.6533336639404297,1.8666667938232386,3.1599998474121094,0.24000167846680398,0.3699989318847656,6.850002288818359,0.100006103515625,5.5,-1.2200012207031392,-4.999999999999986,10.0,2.0,07-21,1.2238895098368332
06-07,0.5733337402343786,1.7600002288818324,0.23333358764648793,2.04666709899902,3.540000915527351,-0.13333511352540484,-0.5900001525878906,6.219997406005859,-0.5999984741210938,5.650001525878906,-1.520004272460966,-6.860000610351548,7.0,5.0,07-22,0.8599996566772443
06-08,0.09333419799805043,1.0466670989990234,0.3066673278808629,1.639999389648441,3.3066673278808523,-0.42000198364258523,-1.1700019836425781,5.3999977111816335,-0.8499984741210938,8.300003051757812,-1.5599975585937358,-6.360000610351548,7.0,5.0,07-23,0.8111112912495946
06-09,0.426666259765625,0.9866676330566406,0.35333442687988637,2.060001373291005,3.353332519531243,-0.586669921875,-0.6300010681152344,4.479999542236328,-0.350006103515625,9.050003051757812,-2.25,-3.839996337890625,7.0,5.0,07-24,1.0877776145935047
06-10,0.7933330535888707,0.30000114440918324,1.1933345794677734,1.8066673278808594,3.293334960937493,-0.24666595458984375,-1.9099998474121094,4.45000076293946,1.75,8.900001525878906,-1.3099975585937358,-2.55999755859375,8.0,4.0,07-25,1.3716677029927589
06-11,0.5066661834716797,1.0266666412353516,1.0333328247070277,1.4000015258789098,3.6399993896484375,0.0066680908203125,-2.5800018310546875,6.24000167846679,0.40000152587890625,8.800003051757812,-0.09999847412109375,2.7700042724609375,10.0,2.0,07-26,1.928612073262532
06-12,1.0133323669433594,1.35333251953125,0.85333251953125,1.1533336639404297,3.8199996948242116,0.1399993896484375,-3.4199981689453196,6.020000457763665,1.3499984741210938,9.0,-2.9799957275390767,3.3299942016601562,10.0,2.0,07-27,1.8027774492899546
06-13,1.1999988555908203,1.9133319854736328,0.7866668701171875,1.333333969116211,3.446666717529297,0.07999801635741477,-0.549999237060554,4.9699974060058665,3.1999969482421875,9.599998474121094,-2.0100021362304688,0.7099990844726562,10.0,2.0,07-28,2.0566655794779454
06-14,1.4200000762939418,2.1933326721191406,0.22666549682617188,0.7800006866455078,4.6133346557617045,-0.8266677856445384,-0.34999847412110086,3.2999992370605398,2.6500015258789062,8.299995422363281,-2.9499969482422017,0.2299957275390625,9.0,3.0,07-29,1.6322218577067014
06-15,1.7199993133544922,1.6933345794677734,0.3599987030029297,1.039999008178711,4.459999084472649,-0.48666763305664773,-0.8799972534179759,4.279998779296875,2.8000030517578125,8.799995422363281,-0.8199996948241903,2.0999984741210938,9.0,3.0,07-30,2.0888884862264003
06-16,1.7266674041748047,1.2266674041748047,0.3333320617675817,2.153333663940426,4.7133331298828125,-0.7533340454101634,-1.8400001525878906,3.7699966430664134,1.8000030517578125,6.400001525878906,-0.3999938964843608,1.6100006103515625,9.0,3.0,07-31,1.7283339500427257
06-17,1.4066658020019567,1.0466670989990234,0.6733322143554723,2.3799991607666016,4.586666107177734,-1.44000244140625,-1.9599990844726562,4.299999237060547,2.3499984741210938,5.6999969482421875,0.5600051879882812,2.1800003051757812,10.0,2.0,08-01,1.8152774175008144
06-18,1.166666030883789,1.2466659545898438,0.33333396911621094,1.4466667175292969,4.513332366943359,-2.2066688537597656,-2.6100006103515696,5.279998779296875,2.1500015258789062,6.849998474121094,0.5100021362304545,1.4199981689453125,10.0,2.0,08-02,1.6749995549519838
06-19,1.8000011444091797,1.1066665649414062,0.5266666412353516,1.0399990081787145,4.906665802001946,-2.1333351135253906,-2.0999984741210938,5.180000305175788,3.5,5.0,-1.2600021362304688,0.5,9.0,3.0,08-03,1.505555311838786
06-20,2.026666641235355,1.5,0.8066673278808558,1.5266666412353551,5.186664581298828,-3.279998779296875,-2.3300018310546875,4.509998321533203,4.400001525878906,4.599998474121094,-2.029998779296861,-3.3700027465820312,8.0,4.0,08-04,1.1288884480794286
06-21,2.473333358764652,1.4933338165283203,0.6866664886474467,1.9066658020019602,5.533336639404304,-3.1599998474121165,-2.8400001525878906,4.509998321533203,4.4499969482421875,4.599998474121094,-0.4199981689452983,-3.8899993896484375,8.0,4.0,08-05,1.2786110242207853
06-22,3.0133323669433594,2.2000007629394496,0.7533340454101456,1.3733348846435547,5.073333740234368,-3.3133316040039134,-3.4000015258789062,6.019996643066406,4.650001525878906,4.099998474121094,-0.5999984741210938,-3.2600021362304688,8.0,4.0,08-06,1.3841665585835752
06-23,1.7199993133544922,2.25333404541016,0.4266662597656179,1.860000610351559,4.8400001525878835,-3.4733314514160227,-3.509998321533196,5.6699981689453125,4.099998474121094,3.1500015258789062,-3.7299957275390767,-4.519996643066406,8.0,4.0,08-07,0.732223033905027
06-24,1.5933341979980433,2.266666412353519,-0.8199996948242223,1.840000152587887,4.533332824707024,-2.94000244140625,-3.180000305175767,0.3899993896484375,3.8499984741210938,4.25,-3.4099960327148295,-2.7999954223632812,7.0,5.0,08-08,0.46444479624430457
06-25,1.0,0.8333339691162109,-0.31333351135253196,1.453332901000973,4.393333435058594,-3.2866668701171875,-3.3299980163574148,0.1399993896484233,3.9500045776367188,4.0500030517578125,-3.549995422363267,-2.6299972534179688,7.0,5.0,08-09,0.22583468755086353
06-26,-0.3466682434082067,0.620000839233402,-1.0400009155273402,2.266668319702145,4.7133331298828125,-3.6000022888183594,-6.189998626708984,1.5899963378906108,4.400001525878906,4.0,-0.7199935913085795,3.8199996948242188,7.0,5.0,08-10,0.7927780151367188
06-27,-1.2533321380615234,1.3266677856445348,1.0799999237060582,2.19333457946777,4.4133338928222585,-4.013336181640625,-7.3199996948242045,1.7199935913085795,3.8000030517578125,4.0500030517578125,-1.7799987792968608,3.910003662109375,8.0,4.0,08-11,0.6772227287292489
06-28,-1.2333335876464844,2.6333332061767614,-0.6466655731201207,2.1533336639404297,5.086666107177734,-3.520000457763672,-2.289997100830078,2.539997100830078,3.75,3.4500045776367188,-2.1199951171875,4.030006408691406,7.0,5.0,08-12,1.1527791023254395
06-29,-1.2533321380615234,2.013334274291992,-0.6533336639404297,2.039999008178711,3.959999084472649,-2.8400001525878906,-4.3999977111816335,1.4499969482421875,4.200004577636719,1.0500030517578125,-1.5599975585937642,2.220001220703125,7.0,5.0,08-13,0.5188897450764962
06-30,-0.08666610717773438,1.9866676330566406,-0.7199993133544922,1.9266681671142578,3.479999542236328,-3.446666717529297,-3.759998321533203,-0.8700027465820312,4.5500030517578125,-0.7000045776367188,-0.6999969482422017,2.2300033569335938,5.0,7.0,08-14,0.3241672515869129
07-01,-0.5666656494140625,2.1933326721191406,-0.3466663360595703,1.7133331298828196,4.186668395996087,-3.6866683959960938,-3.970001220703132,0.01000213623046875,3.100006103515625,0.04999542236328125,-0.29000091552734375,1.5400009155273438,7.0,5.0,08-15,0.32777802149454693
07-02,0.1333332061767578,1.720001220703125,-0.639999389648441,1.4866676330566406,3.8600006103515625,-2.6333351135253906,-4.049999237060547,0.5400009155273295,4.200004577636719,1.5499954223632812,-2.529998779296875,0.660003662109375,8.0,4.0,08-16,0.3580562273661281
07-03,-0.8400001525878906,2.0066661834716832,-0.36000061035156605,1.6266651153564453,3.3733367919921804,-2.9866676330566406,-4.25,-1.580001831054716,4.100006103515625,0.9499969482421875,-2.809997558593764,0.5500030517578125,6.0,6.0,08-17,-0.01833279927572029
07-05,-2.1733322143554688,2.473333358764652,0.1666660308837855,1.0533332824706996,1.3600006103515554,-1.186664581298821,-3.5600013732910156,-2.0199966430664205,3.9499969482421875,-1.25,-1.6500015258789062,0.6400070190429688,6.0,6.0,08-19,-0.18305492401123194
07-06,-2.0133323669433594,2.2933330535888636,0.09333229064941406,1.433334350585941,0.10666656494140625,-1.0799980163574219,-2.6500015258789062,-1.7900009155273438,4.5,0.0500030517578125,0.06999969482421875,-0.4199981689453125,7.0,5.0,08-20,0.04944483439127604
07-07,-1.3266658782958984,1.9799995422363246,0.18000030517578125,1.833333969116211,-0.23999786376953125,-0.8799972534179759,-2.6000022888183594,-0.3600006103515625,2.3499984741210938,0.09999847412109375,-0.1100006103515625,0.6299972534179688,6.0,6.0,08-21,0.12972195943196527
07-08,-1.5266666412353551,1.9066677093505824,-0.5,1.7866649627685547,0.1533355712890625,-1.3000030517578196,-2.490001678466797,0.8199996948242188,2.7999954223632812,-0.0500030517578125,-0.8300018310546733,1.0999984741210938,6.0,6.0,08-22,0.15583213170369467
07-09,-0.8600006103515625,1.1733341217041016,-0.6666679382324219,1.5799999237060547,-1.0333328247070384,-1.1066703796386648,-1.6500015258789062,-1.1600036621093892,3.0999984741210938,-0.25,-1.0899963378906108,1.9599990844726562,4.0,8.0,08-23,-0.000278472900390625
07-10,-0.5666675567626953,1.246667861938473,-0.5,0.9133338928222621,-1.9666671752929688,-0.866668701171875,-2.450000762939446,0.1699981689452983,3.1999969482421875,-2.0999984741210938,0.43000030517580967,-2.25,5.0,7.0,08-24,-0.3950004577636707
07-11,-0.8000011444091797,1.4600009918212855,0.426666259765625,0.9200000762939418,-2.5999984741210938,-0.666667938232429,-2.779998779296875,-0.11000061035157671,4.0,-2.0,0.8800048828125284,-1.1999969482421875,5.0,7.0,08-25,-0.20583264032999674
07-12,-0.2666664123535156,1.3066673278808523,0.8800010681152308,0.9733333587646413,-2.3999977111816406,-0.8600006103515625,-5.55999755859375,0.15999603271482954,3.1500015258789062,-1.1500015258789062,1.659996032714858,-0.6899948120117188,6.0,6.0,08-26,-0.23305527369181464
07-13,-0.3400001525878942,1.593332290649414,0.760000228881843,0.0066661834716796875,-2.7466659545898438,-0.8800010681152344,-5.25,-0.34999847412109375,4.350006103515625,-1.2999954223632812,0.08000183105470171,-1.6500015258789062,5.0,7.0,08-27,-0.47722133000691586
07-14,-0.8266658782959055,1.7933330535888672,0.8266677856445277,0.17333412170410156,-3.373332977294922,-1.0333328247070312,-4.30000305175782,-0.2799987792968892,4.450004577636719,-0.5999984741210938,1.4300003051757812,-3.1399993896484375,5.0,7.0,08-28,-0.4066659609476752
07-15,-1.0199985504150426,1.7333335876464844,0.2666664123535156,0.0066661834716796875,-3.8600006103515625,-0.486663818359375,-4.39000320434571,-0.45999908447265625,4.450004577636719,-0.5499954223632812,0.339996337890625,-2.94000244140625,5.0,7.0,08-29,-0.5758330027262378
07-16,-1.2066669464111364,2.4533329010009766,1.2466678619384801,0.026666641235351562,-3.299999237060554,-0.3466644287109375,-4.570003509521484,-1.1400070190429972,4.400001525878906,-1.25,1.480003356933608,-3.5500030517578125,5.0,7.0,08-30,-0.4797226587931333
07-17,-0.47333335876464844,2.513332366943363,1.3733329772949254,0.5066661834716797,-3.006664276123047,0.05333328247069602,-4.700000762939453,-1.080001831054716,4.099998474121094,0.45000457763671875,0.8199996948242188,-4.029998779296875,7.0,5.0,08-31,-0.28944428761800367
07-18,-0.8733329772949219,2.113332748413086,1.3533344268798757,0.5799999237060618,-3.333332061767578,-0.31333160400389914,-3.9099998474121094,-1.730003356933608,3.1500015258789062,1.1500015258789062,0.980003356933608,-1.4599990844726562,6.0,6.0,09-01,-0.19111045201619406
07-19,-1.2533340454101562,2.1733322143554688,0.9066658020019496,0.7933330535888707,-3.4599990844726562,-0.4333343505859375,-3.729999542236328,-1.9300003051757884,3.25,-0.09999847412109375,2.1500015258789062,-1.9699935913085938,5.0,7.0,09-02,-0.3002772331237799
07-20,-1.5200004577636683,2.31333160400391,0.9133319854736293,0.3533325195312642,-3.1266632080078125,-0.15999984741210938,-4.619998931884773,-1.559997558593757,2.850006103515625,0.40000152587890625,3.9300003051758097,-3.4699935913085938,6.0,6.0,09-03,-0.3080541292826308
07-21,-1.260000228881836,2.8599987030029297,0.6466655731201172,0.4933338165283203,-3.6666641235351562,0.053333282470703125,-4.10999679565429,-1.2399978637695384,1.7000045776367188,1.8000030517578125,4.200004577636733,-1.649993896484375,7.0,5.0,09-04,-0.014442443847655065
07-22,-1.686666488647461,2.35333251953125,0.826665878295902,0.5333328247070277,-4.153331756591797,-0.10666656494141336,-4.69999694824218,-2.1500015258789134,3.4499969482421875,2.1500015258789062,4.5900039672851705,-3.1800003051757812,6.0,6.0,09-05,-0.1727774937947585
07-23,-2.35333251953125,1.9333324432373047,0.7199993133544922,0.5866661071777344,-4.180000305175781,0.05999755859375,-3.3400001525878764,-2.6300010681152344,3.5999984741210938,2.5500030517578125,4.169998168945298,-3.149993896484375,7.0,5.0,09-06,-0.16944440205891928
07-24,-2.3066654205322266,1.213333129882809,0.14666748046875,1.0066661834716797,-4.020000457763672,0.2799987792968821,-3.759998321533196,-1.8100013732910156,3.4000015258789062,3.5999984741210938,3.769996643066392,-1.8199996948242188,7.0,5.0,09-07,-0.025000254313151338
07-25,-2.486667633056637,1.3199996948242188,0.3533344268798828,0.9533329010009801,-4.999999999999993,1.0333328247070312,-4.350002288818359,-2.1800003051757884,1.3000030517578125,3.75,4.799995422363281,-1.720001220703125,7.0,5.0,09-08,-0.18555609385172467
07-26,-2.3333339691162074,1.0666675567626918,0.453332901000973,0.933334350585941,-4.926666259765618,1.0999984741210938,-4.720001220703125,0.7300033569335795,0.75,2.9000015258789062,2.720001220703111,-2.9199981689453125,8.0,4.0,09-09,-0.3538883527119972
07-27,-2.5333328247070277,0.6000003814697266,0.8800010681152308,0.13333320617676137,-5.173332214355469,1.073333740234375,-4.029998779296875,1.3400039672851562,0.8499984741210938,4.549995422363281,0.9799957275390625,-4.839996337890625,8.0,4.0,09-10,-0.5141665140787758
07-28,-2.7533321380615234,0.8733329772949219,0.6933345794677699,-0.23999977111816406,-5.153331756591804,-0.09000015258789062,-4.310001373291016,1.5500030517578125,0.6500015258789062,4.950004577636719,-0.17000579833982954,-6.6300048828125,5.0,7.0,09-11,-0.8858332633972165
07-29,-2.35333251953125,0.5466670989990234,0.5933341979980469,-0.4466667175292969,-4.8600006103515625,0.27666473388671875,-4.020000457763672,0.06999969482421875,1.4499969482421875,4.650001525878906,-0.5900039672851562,-7.010002136230469,6.0,6.0,09-12,-0.9744451840718588
07-30,-2.553333282470703,1.0533332824706996,0.006668090820301842,-0.279998779296875,-4.873332977294922,0.823333740234375,-3.8600006103515625,-2.790000915527351,2.4499969482421875,4.650001525878906,-0.09000396728514204,-5.660003662109375,5.0,7.0,09-13,-0.926945050557455
07-31,-2.093334197998047,0.7999992370605469,-0.053333282470703125,0.12666702270507812,-5.173332214355469,1.8166656494140625,-4.069999694824219,-2.970001220703132,1.1999969482421875,3.4000015258789062,0.6399993896484375,-6.470001220703125,6.0,6.0,09-14,-1.070556004842123
08-01,-2.786666870117184,0.7933330535888672,0.026666641235351562,0.35333442687987926,-5.453334808349609,1.7400016784667969,-3.4300003051757812,-3.7299995422363352,-0.09999847412109375,4.400001525878906,0.029998779296875,-7.150001525878906,6.0,6.0,09-15,-1.2755554517110195
08-02,-2.8000011444091797,0.6599998474121058,-0.05333328247069957,0.31333351135253906,-5.473335266113281,0.45333099365234375,-3.2599983215332102,-3.5900001525878906,-0.5,3.8499984741210938,-0.3300018310546875,-6.80999755859375,4.0,8.0,09-16,-1.4616670608520514
08-03,-2.6000003814697266,0.6866664886474609,-0.28000068664549715,-0.18666839599609375,-4.506668090820305,0.1333312988281179,-2.6599998474121094,-4.049999237060547,-0.40000152587890625,5.950004577636719,2.659996032714858,-7.6399993896484375,4.0,8.0,09-17,-1.0744449297587055
08-04,-3.0066661834716797,0.39999961853027344,0.4933338165283203,-0.38666725158691406,-4.593334197998047,0.22333145141602273,-1.7999992370605469,-3.5400009155273438,0.25,5.100006103515625,2.8299942016601562,-7.819999694824219,6.0,6.0,09-18,-0.9875001907348627
08-05,-2.0,1.0,0.0066661834716796875,-0.7933330535888672,-4.1933326721191335,-0.1166687011718679,-2.1700019836425852,-4.5000038146972585,2.4499969482421875,6.3000030517578125,2.9799957275390767,-7.010002136230469,5.0,7.0,09-19,-0.6705567042032854
08-06,-1.826665878295902,1.2399997711181605,1.0,-0.49333381652831676,-3.1399993896484375,-0.3233337402343679,0.34999847412109375,-4.66999816894532,0.25,6.950004577636719,2.779998779296861,-7.540000915527344,6.0,6.0,09-20,-0.45194419225057114
08-07,-1.2333335876464844,0.4866657257080078,0.6599998474121094,-0.0333328247070348,-3.520000457763672,-0.28333282470702414,2.3600006103515554,-3.6699981689453196,-1.4000015258789062,4.849998474121094,2.779998779296861,-10.199996948242188,5.0,7.0,09-21,-0.7669444084167502
08-08,-1.086666107177738,1.0399990081787074,0.7066669464111328,-0.3066673278808594,-3.5866661071777344,-0.9133338928222585,-3.1000022888183523,-3.8899993896484375,-1.0500030517578125,4.799995422363281,1.0,-12.430000305175781,4.0,8.0,09-22,-1.568056424458821
08-09,-1.5,0.4866657257080078,-1.5933341979980433,-0.4799995422363317,-3.3466644287109375,-2.0233345031738352,-2.200000762939446,-2.4499969482421875,-1.100006103515625,7.349998474121094,2.9499969482422017,-11.600006103515625,3.0,9.0,09-23,-1.2922234535217274
08-10,-1.2266654968261754,-0.3400001525878906,0.09333229064941762,-0.5400009155273402,-2.746665954589851,-2.7833328247070312,-2.3400001525878764,-1.55999755859375,-1.3000030517578125,7.5,1.7899932861328267,-9.740005493164062,3.0,9.0,09-24,-1.0994455019632954
08-11,-1.2533340454101562,0.5866661071777344,-0.6266670227050746,-0.13999938964844105,-2.506664276123054,-3.9133338928222656,-0.220001220703125,-2.3199996948242188,0.25,7.100006103515625,1.1800003051757955,-10.419998168945312,4.0,8.0,09-25,-1.0236104329427078
08-12,-1.2066669464111328,1.066665649414066,-0.42000007629394887,0.5133342742919886,-1.9133338928222727,-3.4566650390625,-0.7700004577636719,-3.9099998474121094,-0.5999984741210938,1.9500045776367188,1.7399978637695455,-11.730003356933594,4.0,8.0,09-26,-1.561388810475667
08-13,-0.9333324432373047,0.2733325958251953,-0.4333324432373047,0.3466682434081996,-3.460002899169922,-3.9899978637695312,-0.8800010681152344,-2.1299972534179545,0.15000152587890625,2.1500015258789062,3.1299972534179688,-10.819999694824219,5.0,7.0,09-27,-1.3830552101135245
08-14,-0.34666633605956676,0.9200000762939382,-0.4333324432373047,0.8599987030029332,-2.660003662109375,-5.003330230712891,-0.5699996948242188,-1.539997100830064,0.9000015258789062,-1.0999984741210938,3.839996337890625,-9.800003051757812,4.0,8.0,09-28,-1.2444445292154935
08-15,0.4333324432373047,1.3266658782958984,0.05999946594238281,0.5799999237060547,-1.366668701171868,-6.260002136230476,-0.5200004577636648,-1.9099960327148295,1.0499954223632812,-1.6500015258789062,2.6299972534179688,-9.0,6.0,6.0,09-29,-1.2188898722330712
08-16,0.9666652679443359,1.2533340454101527,-1.0733318328857422,0.1733322143554652,-0.6933326721191406,-3.9766693115234375,0.45999908447265625,-0.8100013732910156,0.9000015258789062,-3.4500045776367188,-0.08999633789061079,1.149993896484375,6.0,6.0,09-30,-0.4325008392333978
08-17,0.8666667938232386,0.9799995422363246,-1.3066654205322266,-0.24000167846679688,-0.9266662597656321,-3.876667022705078,0.75,-1.8100013732910156,1.5999984741210938,-2.3499984741210938,0.44000244140625,0.5999984741210938,6.0,6.0,10-01,-0.4394445419311535
08-18,0.5066661834716797,1.159999847412113,-0.426666259765625,-0.4399986267089879,-0.6333351135253835,-4.666667938232422,1.2800025939941406,-3.539997100830078,0.3000030517578125,-1.2999954223632812,0.29000091552734375,-0.04999542236328125,5.0,7.0,10-02,-0.6266652743021641
08-19,0.5533332824707031,1.7333335876464844,0.8333339691162074,-0.3399982452392578,-0.45999908447265625,-5.046669006347649,0.23000335693359375,-3.770000457763672,-1.0,-3.5799942016601562,-0.26000213623046875,-0.05999755859375,4.0,8.0,10-03,-0.9305547078450518
08-20,-0.24666595458984375,1.8400001525878906,0.8266658782958984,-0.02666664123534801,-1.2733345031738281,-4.939998626708984,0.40000152587890625,-4.770000457763665,-0.09999847412109375,-3.25,-0.2799987792968892,1.9500045776367188,4.0,8.0,10-04,-0.8224992752075199
08-21,-0.926666259765625,1.8466663360595668,-0.28000068664550426,0.27333450317383523,-0.4866676330566406,-4.93333435058593,-0.09000015258789062,-5.670001983642578,1.0,-2.5100021362304688,-0.5900039672851705,0.5800018310546875,4.0,8.0,10-05,-0.9822228749593099
08-22,-1.760000228881836,1.5466670989990199,1.1066665649414062,0.5133342742920028,-0.7066688537597656,-4.25,3.4699974060058594,-7.630001068115234,0.0500030517578125,-2.0100021362304688,-0.5699996948242188,1.5199966430664062,6.0,6.0,10-06,-0.7266672452290847
08-23,-1.8000011444091797,2.479999542236328,-0.14666748046875,1.073335647583015,-1.7666664123535227,-3.849998474121101,4.5,-7.220001220703125,-0.6500015258789062,-1.910003662109375,1.4499969482421733,0.4199981689453125,5.0,7.0,10-07,-0.6183341344197609
08-24,-1.5466670989990234,2.6333332061767614,-0.506668090820309,0.8999996185302734,-1.3133354187011719,-4.220001220703125,3.8400001525878906,-7.239997863769531,-0.6500015258789062,-2.0,0.720001220703125,2.7399978637695312,5.0,7.0,10-08,-0.5536115964253737
08-25,-1.1533336639404261,2.020000457763672,0.013332366943359375,1.239999771118164,-1.299999237060554,-4.619998931884766,3.7800025939941406,-7.879997253417969,-1.1500015258789062,-1.3700027465820312,0.6800003051757812,3.5400009155273438,6.0,6.0,10-09,-0.516666412353516
08-26,-0.5200004577636683,2.0666675567626953,-0.7866668701171875,1.239999771118164,-1.2533340454101562,-2.866668701171875,3.1200027465820312,-6.4099960327148295,-1.3000030517578125,0.15999603271484375,-0.69000244140625,4.8600006103515625,5.0,7.0,10-10,-0.19833374023437353
08-27,-1.0066661834716797,1.6666679382324183,-1.4599990844726562,0.8000011444091832,-0.6599998474121094,-3.1533355712890625,3.7800025939941406,-5.7600021362304545,-0.40000152587890625,0.12999725341796875,1.0,4.709999084472656,6.0,6.0,10-11,-0.029444694519041786
08-28,-0.7000007629394567,2.6200008392333984,-0.6733322143554652,1.186666488647461,-0.9666671752929688,-2.7466659545898438,4.4199981689453125,-5.050003051757798,-0.34999847412109375,0.5400009155273438,0.7999954223632812,6.730003356933594,6.0,6.0,10-12,0.48416646321614704
08-29,-0.07999992370605469,2.513334274291992,-0.9933319091796875,0.8666667938232386,-1.3466682434082031,-4.159999847412109,3.5600013732910156,-5.550003051757798,0.350006103515625,-0.160003662109375,-0.29000091552735796,7.019996643066406,5.0,7.0,10-13,0.1441664695739743
08-30,-0.11333274841308594,2.5799999237060547,-0.9733333587646378,0.9799995422363281,0.299999237060554,-3.9333343505859375,4.099998474121101,-3.6500015258789062,1.0,-1.410003662109375,-1.0600051879882812,7.589996337890625,6.0,6.0,10-14,0.4508318901062032
08-31,0.48000144958496094,2.746667861938473,-0.7266654968261719,1.0533351898193395,1.3199996948242188,-3.2233314514160085,3.6199989318847656,-3.3000030517578054,0.600006103515625,-4.489997863769531,-1.0400009155273438,7.80999755859375,7.0,5.0,10-15,0.40416733423868934
09-01,0.6800003051757777,2.3266677856445277,-0.4399986267089844,0.9933338165283274,1.5933341979980469,-1.9933319091796875,3.9199981689453196,-2.6000022888183594,1.9500045776367188,-6.6100006103515625,-1.720001220703125,8.949996948242188,7.0,5.0,10-16,0.5875000953674322
09-02,0.8999996185302734,2.4866676330566406,0.6133327484130859,1.033334732055664,1.14666748046875,-1.7633323669433594,3.989997863769524,-2.520000457763672,1.6999969482421875,-6.1100006103515625,-3.0,6.629997253417969,8.0,4.0,10-17,0.42555507024129174
09-03,0.8600006103515625,1.8733348846435511,0.2599983215332067,1.1533336639404297,1.3600006103515625,-1.4366645812988281,4.380001068115234,-2.3500022888183523,1.0499954223632812,-3.8800048828125,-2.959999084472642,7.010002136230469,8.0,4.0,10-18,0.6099996566772479
09-04,0.3466663360595703,2.159999847412113,-0.0066680908203125,1.180002212524414,1.4466667175292969,-1.4633331298828125,6.319999694824226,-1.8500022888183523,1.6500015258789062,-4.0200042724609375,-3.479995727539034,7.299995422363281,7.0,5.0,10-19,0.7986106872558633
09-05,0.7333316802978516,2.699998855590824,0.37999916076660156,1.1666679382324183,1.5200004577636719,-1.6599998474121094,5.219997406005859,-1.3000030517578054,2.5,-4.970001220703125,-3.519996643066392,9.149993896484375,8.0,4.0,10-20,0.9933323860168475
09-06,0.8866653442382812,2.399999618530277,0.2466659545898473,1.1200008392333984,2.039997100830078,-2.1633338928222656,5.44999694824218,-1.0,3.6500015258789062,-5.569999694824219,-0.7200012207031392,8.519996643066406,8.0,4.0,10-21,1.2383324305216459
09-07,0.8199996948242152,2.366666793823235,0.2133331298828196,0.7133331298828125,2.1599998474121165,-1.5933341979980469,5.590000152587891,-2.8600006103515696,3.8000030517578125,-6.349998474121094,0.25,9.040000915527344,9.0,3.0,10-22,1.1791669527689612
09-08,0.5133323669433594,2.5533332824706925,0.4533329010009801,0.3199996948242223,1.9933319091796946,-1.243335723876946,4.849998474121094,-1.7399978637695384,2.75,-5.4799957275390625,0.4700012207031108,11.549995422363281,9.0,3.0,10-23,1.4158329963684073
09-09,0.4333324432373047,2.2266674041747976,0.9799995422363388,0.22000122070312145,1.8400001525878977,-0.1100006103515625,5.659999847412109,1.0200004577636719,1.4500045776367188,-5.9799957275390625,0.23000335693357954,11.470001220703125,10.0,2.0,10-24,1.6200011571248367
09-10,0.5466670989990234,0.9800014495849609,1.6400012969970703,0.30000114440918324,1.8199996948242188,-0.20999908447265625,5.740001678466797,0.7000007629394531,1.0500030517578125,-1.279998779296875,0.6600036621093608,12.650001525878906,10.0,2.0,10-25,2.0497236251831046
09-11,1.0399990081787074,0.9466667175293004,1.4733333587646484,0.38666534423828125,1.9599990844726562,-0.20000076293945312,6.049999237060554,1.2000007629394531,0.45000457763671875,-1.9199981689453125,-0.7999954223632955,16.0,9.0,3.0,10-26,2.215556144714355
09-12,0.8066673278808594,1.0400009155273438,1.4266681671142578,0.9133319854736328,2.2666664123535156,1.9000015258789062,5.129997253417983,1.75,1.600006103515625,-1.8199996948242188,-0.29999542236329546,16.729995727539062,10.0,2.0,10-27,2.6202783584594727
09-13,0.5200004577636754,1.0066661834716797,1.9400005340576172,0.573333740234375,1.9133338928222585,2.3700027465820455,5.719997406005874,2.759998321533203,1.5500030517578125,-3.1200027465820312,1.1100006103515625,16.579994201660142,11.0,1.0,10-28,2.743610699971518
09-14,0.5333347320556641,1.2066669464111364,1.739999771118164,0.7933330535888672,2.0600013732910156,2.5,4.739997863769538,3.2900009155273438,1.100006103515625,-6.700004577636719,0.8100051879882812,18.829994201660142,11.0,1.0,10-29,2.5752779642740884
09-15,0.38666725158691406,1.186666488647461,1.6333332061767543,1.1999988555908203,2.2533340454101562,3.9799995422363352,4.75,2.8800010681152273,-1.0999984741210938,-9.080001831054688,-0.11999511718747158,19.479995727539077,9.0,3.0,10-30,2.287500063578291
09-16,0.2533340454101598,1.3466663360595739,1.9200000762939453,1.2933330535888672,2.7533340454101562,3.979999542236321,4.450000762939453,1.75,2.4499969482421875,-9.230003356933594,-0.07999420166015625,19.02999877929689,10.0,2.0,10-31,2.4930555025736503
09-17,-0.07999992370605469,1.5733337402343786,2.380001068115231,1.0999984741210938,1.6999969482421875,4.479999542236321,4.020000457763672,0.6999969482421946,1.0,-8.260002136230469,1.30999755859375,19.39999389648439,10.0,2.0,11-01,2.443609714508058
09-18,-0.02666664123534801,0.8799991607666051,2.066667556762699,0.6800003051757777,0.9533309936523509,4.38999938964843,3.740001678466797,1.6500015258789134,1.5,-11.200004577636719,1.1899948120117188,22.37999725341797,10.0,2.0,11-02,2.350276788075766
09-19,0.9533348083496094,0.5133342742919993,1.8266677856445312,0.6066665649414098,1.5266647338867259,5.94000244140625,2.759998321533203,0.799999237060554,1.9499969482421875,-8.900001525878906,0.6999969482421875,22.080001831054688,11.0,1.0,11-03,2.56305519739787
09-20,0.5400009155273438,1.3199996948242223,1.4666671752929652,0.3400001525878906,0.9000015258789062,6.5,2.799999237060547,0.020000457763671875,1.1500015258789062,-9.25,0.7100067138671733,24.11000061035155,11.0,1.0,11-04,2.5505565007527644
09-21,0.8600006103515625,1.8600006103515625,1.646667480468743,-0.05999946594237926,0.6399993896484375,6.239997863769531,2.8499984741210938,-1.5499992370605469,0.5499954223632812,-10.910003662109375,1.0299987792968892,24.970001220703125,9.0,3.0,11-05,2.3438881238301605
09-22,0.6733322143554723,1.3800010681152344,2.0066661834716797,-1.6800003051757777,0.8400001525878906,5.8800010681152415,2.8699989318847585,-0.779998779296875,1.25,-4.400001525878906,-2.3400039672851562,22.639999389648423,8.0,4.0,11-06,2.3616662025451656
09-23,0.7199993133544922,1.8266677856445277,2.6466655731201207,-1.3266677856445277,1.35333251953125,7.470001220703125,2.8600006103515625,-2.1399993896484375,0.1999969482421875,-3.2300033569335938,-3.3400039672851562,25.129997253417955,8.0,4.0,11-07,2.680832227071125
09-24,1.093332290649414,1.1933326721191442,1.966665267944336,-0.7066669464111293,1.4933357238769531,7.619998931884766,1.7700004577636719,-4.729999542236328,-0.0500030517578125,-1.7700042724609375,-3.220001220703125,24.04000091552733,7.0,5.0,11-08,2.391665935516357
09-25,1.1200008392333984,0.3333339691162074,2.226665496826172,-1.6133346557617188,2.3333358764648438,8.310001373291016,1.9099998474121094,-3.729999542236328,0.6999969482421875,-2.4099960327148438,-5.019996643066406,24.419998168945312,8.0,4.0,11-09,2.3816671371459956
09-26,0.26666831970214844,1.006668090820309,2.479999542236328,-1.8999996185302734,2.420001983642578,5.25,-1.3199996948242116,-3.1800003051757812,-0.40000152587890625,-0.6599960327148438,-4.300003051757827,12.250000000000014,6.0,6.0,11-10,0.9927781422932945
09-27,0.3733348846435547,0.8933334350585902,1.033334732055664,-1.7866668701171875,1.3133316040039134,4.700000762939446,1.8000030517578054,-1.8100013732910156,-0.4499969482421875,-1.30999755859375,-6.3000030517578125,16.180000305175767,7.0,5.0,11-11,1.2197227478027324
09-28,0.1800003051757848,1.426666259765625,1.8733329772949219,-2.39999961853027,1.0600013732910085,4.590000152587891,1.6400032043457031,-1.470001220703125,0.9000015258789062,-1.3700027465820312,-7.3000030517578125,23.420005798339844,8.0,4.0,11-12,1.879167079925537
09-29,0.3066654205322301,1.2333335876464844,0.9133338928222692,-2.0266666412353516,1.479999542236321,5.020000457763679,1.2299995422363352,0.31999969482421875,2.4000015258789062,1.0199966430664062,-8.239997863769531,22.959999084472656,10.0,2.0,11-13,2.2180554072062186
09-30,0.5066661834716797,1.3199996948242188,0.9066677093505859,-2.0333347320556605,1.0333366394042898,5.590000152587891,-0.21000289916991477,-0.06000137329102273,1.2999954223632812,0.8299942016601562,-7.519996643066406,24.669998168945312,8.0,4.0,11-14,2.194443543752034
10-01,0.9799995422363281,1.4400005340576207,2.166666030883789,-1.9933338165283203,1.6599998474121094,5.770000457763672,1.2299995422363352,2.4399986267089844,1.0,1.9399948120117188,-5.629997253417969,25.169998168945312,10.0,2.0,11-15,3.014443874359132
10-02,0.5999984741210938,1.6266651153564489,1.7199993133544886,-2.993331909179691,2.0800018310546875,5.5,-0.6499977111816406,3.0900001525878906,2.75,1.0900039672851562,-4.8899993896484375,23.720001220703125,9.0,3.0,11-16,2.8036117553710938
10-03,0.6200008392333984,1.939998626708988,2.139999389648434,-3.0866680145263743,2.819999694824226,4.049999237060554,-1.479999542236321,3.4900016784667898,0.3000030517578125,0.5500030517578125,-5.069999694824219,24.81999969482422,9.0,3.0,11-17,2.5911115010579433
10-04,0.9200000762939489,1.2933330535888672,0.6133327484130895,-3.0266666412353516,3.5866661071777344,3.720001220703125,-1.3899993896484304,5.850002288818359,1.1500015258789062,0.69000244140625,-5.1300048828125,24.81999969482422,9.0,3.0,11-18,2.758055686950685
10-05,0.8066673278808594,-0.08666610717773438,0.9400005340576207,-4.379999160766602,3.4399986267089915,3.8200035095214844,-1.8800010681152344,5.720001220703125,1.6500015258789062,1.4000015258789062,-5.260002136230469,24.81999969482422,8.0,4.0,11-19,2.5825004577636728
10-06,0.6866664886474609,-0.08666610717773438,1.086666107177738,-4.019998550415039,3.6999969482421946,3.460002899169929,-0.4500007629394531,5.870002746582031,3.1500015258789062,0.1399993896484375,-5.120002746582031,22.5,8.0,4.0,11-20,2.5763889948527035
10-07,0.3666667938232422,-0.053333282470703125,1.7533340454101598,-3.6599998474121094,4.266666412353523,3.5200004577636648,-0.7000007629394531,5.2099990844726705,1.9500045776367188,-0.2299957275390625,-4.430000305175781,22.660003662109375,7.0,5.0,11-21,2.554445425669354
10-08,0.5733337402343786,-0.6400012969970703,1.5066661834716797,-3.6599998474121094,4.033332824707031,1.920001983642571,-1.1699981689453125,5.650001525878906,2.2000045776367188,-0.2299957275390625,-3.4399948120117188,19.93000030517578,7.0,5.0,11-22,2.222779273986816
10-09,0.4133338928222621,-0.14666748046874645,1.340000152587887,-2.9266681671142614,3.926666259765625,3.0600013732910085,0.29999923706053977,6.300003051757798,2.2000045776367188,-1.2299957275390625,-4.0399932861328125,20.150001525878906,8.0,4.0,11-23,2.445557117462155
10-10,0.3400001525878942,-0.10000038146972656,1.340000152587887,-3.333333969116211,2.8199996948242116,2.920001983642578,0.2800025939941264,6.300003051757798,4.0,-0.9399948120117188,-3.5399932861328125,19.580001831054688,8.0,4.0,11-24,2.4722239176432264
10-11,0.37999916076660156,-0.10000038146972656,1.3733329772949219,-3.4466686248779297,2.7866668701171875,2.2999992370605398,0.3100013732910085,7.650001525878906,3.5999984741210938,1.7900009155273438,-4.5800018310546875,19.580001831054688,9.0,3.0,11-25,2.6369442939758287
10-12,0.37999916076660156,-0.6399993896484375,1.3733329772949219,-3.313333511352546,2.079998016357422,2.3199996948242116,0.3100013732910085,6.400001525878906,2.0999984741210938,2.4099960327148438,-2.8000030517577983,19.580001831054688,9.0,3.0,11-26,2.5166660944620762
10-13,0.1399993896484375,-0.8666667938232386,0.8933334350585938,-3.4400005340576207,2.2866668701171875,2.3199996948242116,0.8400001525878906,5.5,1.5999984741210938,3.0100021362304688,-2.1100006103515625,19.360000610351562,9.0,3.0,11-27,2.4611110687255855
10-14,0.2066669464111328,-0.36000061035155895,0.3066673278808594,-3.1200008392333984,2.2866668701171875,1.200000762939446,1.4300003051757812,4.799999237060561,1.9000015258789062,3.0499954223632812,-2.1100006103515625,19.720001220703125,9.0,3.0,11-28,2.44249979654948
10-15,0.5666675567626953,0.10000038146972656,0.5600013732910192,-3.2399997711181676,2.8466644287109375,0.9700012207031179,-0.1399993896484446,5.350002288818345,2.7000045776367188,1.279998779296875,-1.0,20.6300048828125,9.0,3.0,11-29,2.55194552739461
10-16,0.4200000762939453,-0.5799999237060547,1.4666671752929688,-3.2733325958251953,2.633331298828125,0.7600021362304616,0.5200004577636719,5.700000762939453,4.400001525878906,2.9900054931640625,-1.040000915527358,20.70000457763672,9.0,3.0,11-30,2.8913900057474753
10-17,-0.2733325958251953,-0.5,1.3600006103515625,-3.3000011444091797,2.1066665649414062,1.4799995422363281,0.520000457763679,5.750003814697266,4.299995422363281,3.1300048828125,-2.519996643066392,21.330001831054688,8.0,4.0,12-01,2.781945228576662
10-18,-0.03333282470703125,-0.713333129882809,1.739999771118164,-2.7466659545898438,2.3999977111816406,0.25,-0.3999977111816335,2.7000045776367188,3.4499969482421875,4.209999084472656,-1.290000915527358,21.330001831054688,7.0,5.0,12-02,2.5747224489847818
10-19,0.3533344268798828,0.09333419799804332,1.8733329772949183,-1.1266651153564489,2.6066665649414062,-0.15999984741210938,0.9099998474121165,2.4000015258789134,3.9000015258789062,2.1800003051757812,-2.3899993896484375,21.330001831054688,9.0,3.0,12-03,2.664167404174805
10-20,0.5333328247070348,0.12666702270508523,1.739999771118164,-1.2000007629394496,1.9000015258789062,0.5400009155273509,0.7099990844726562,2.6000022888183594,4.400001525878906,4.6699981689453125,-2.470001220703111,20.80999755859375,10.0,2.0,12-04,2.8633332252502472
10-21,0.8400001525878906,1.2333335876464808,0.7666664123535192,-0.36000061035155895,1.6199989318847656,0.25,1.4500007629394531,2.899997711181655,4.0,4.6699981689453125,-2.0499954223632812,18.300003051757812,10.0,2.0,12-05,2.801666895548504
10-22,0.5933341979980469,1.4933338165283203,0.7733345031738281,0.0666656494140696,1.6399993896484375,0.2799987792968821,1.0100021362304616,1.7999992370605469,3.0999984741210938,5.80999755859375,-0.69000244140625,16.150001525878906,11.0,1.0,12-06,2.6688885688781743
10-23,0.6866664886474609,1.4799995422363246,1.3466682434081996,0.7666645050048793,1.366668701171875,-0.38000106811522727,0.44000244140625,2.049999237060547,2.6500015258789062,0.12999725341796875,-0.7000045776367045,15.080001831054688,10.0,2.0,12-07,2.076388676961264
10-24,1.2933330535888672,1.2066669464111364,1.1400012969970703,0.5133323669433594,0.9866676330566406,-0.45000076293946023,0.29999923706053977,2.399997711181655,2.4499969482421875,0.7699966430664062,-1.970001220703125,15.230003356933608,10.0,2.0,12-08,1.989166100819907
10-25,1.2266674041748011,2.3866653442382812,0.7999992370605504,0.4199981689453125,1.0799980163574219,-0.21999740600584516,0.29999923706053977,1.849998474121108,2.5499954223632812,4.099998474121094,-1.4100036621093608,15.230003356933608,10.0,2.0,12-09,2.359443505605066
10-26,1.213333129882809,2.6400012969970703,0.20666694641113637,0.7000026702880859,1.6866645812988352,-0.4499969482421804,0.1100006103515554,1.599998474121108,2.4499969482421875,6.849998474121094,-0.45999908447268467,15.230003356933608,10.0,2.0,12-10,2.6480558713277187
10-27,1.3333320617675781,2.573333740234375,-0.34666633605956676,-0.6066665649414098,1.6599998474121094,1.1200027465820455,0.6800003051757812,1.4499969482422088,0.8499984741210938,8.300003051757812,-1.0500030517578267,12.980003356933608,9.0,3.0,12-11,2.411944548288984
10-28,1.279998779296875,2.39333343505859,-0.3600006103515625,-0.8533344268798828,1.2733306884765625,-0.31999969482421875,0.06999969482421875,4.900001525878906,2.399993896484375,8.280006408691406,1.209999084472642,13.16000366210936,9.0,3.0,12-12,2.7861110369364397
10-29,1.0599994659423828,2.520000457763672,0.28666687011718395,-0.9799995422363281,0.7466659545898438,-0.4099998474121094,0.779998779296875,3.7999954223632955,2.649993896484375,9.560005187988281,2.059997558593764,12.290000915527344,10.0,2.0,12-13,2.863610426584882
10-30,0.17999839782714844,2.75333213806152,0.15999984741210582,-1.7199993133544886,1.4000015258788991,-1.5300025939941335,0.04000091552734375,3.0499954223632955,0.149993896484375,9.990005493164062,0.5200042724609375,11.760002136230469,10.0,2.0,12-14,2.2294443448384613
10-31,0.5799999237060547,2.526666641235348,-0.44000053405762074,-1.7199993133544886,1.9066658020019531,-1.3899993896484375,-0.36999893188477273,2.9499969482421875,0.649993896484375,12.280006408691406,0.8099975585937642,9.730003356933608,8.0,4.0,12-15,2.2927776972452816
11-01,0.6599998474121058,2.8533325195312464,0.10666656494140625,-1.5066661834716797,2.279998779296875,-1.3499984741210938,0.049999237060546875,2.649997711181655,1.8499984741210938,13.590003967285156,0.02999877929686079,9.730003356933608,10.0,2.0,12-16,2.5786112149556484
11-02,0.4466667175292969,2.426666259765625,0.42000007629394887,-0.7933330535888707,2.2466659545898438,-1.6099967956542898,0.45999908447265625,3.649997711181655,0.899993896484375,13.510002136230483,2.8899993896484375,9.730003356933608,10.0,2.0,12-17,2.8563887278238975
11-03,0.0400009155273402,2.4399986267089844,-0.48666572570801137,-1.0,2.4399986267089844,-1.6599998474121094,2.2099990844726562,5.349998474121108,-0.0500030517578125,12.450004577636733,3.7600021362304688,8.870002746582031,8.0,4.0,12-18,2.8636113802591976
11-04,-0.04666519165039418,2.426666259765625,0.6266670227050817,0.10000038146971946,2.426666259765618,-0.5699996948242259,2.329998016357422,7.8000030517578125,1.9000015258789062,7.209999084472656,4.629997253417969,9.34000396728517,10.0,2.0,12-19,3.1811114947001133
11-05,-0.4799995422363317,3.3333339691162145,0.2066669464111328,0.1800003051757777,2.226665496826172,-1.029998779296875,2.229999542236321,8.849998474121108,0.3000030517578125,6.410003662109375,6.919998168945327,8.139999389648438,10.0,2.0,12-20,3.1072225570678724
11-06,0.013332366943359375,2.293333053588867,-0.46666526794433594,-0.29333305358887074,1.4933319091796875,-0.3599967956542969,4.24000167846679,9.949996948242188,-1.9499969482421875,4.280006408691406,6.2399978637695455,10.16000366210936,8.0,4.0,12-21,2.9666676521301256
11-07,-0.2733345031738246,2.24666595458984,0.5400009155273438,0.7800006866455078,3.1800003051757812,1.0099983215332102,1.569999694824233,10.5,-3.9000015258789062,4.720001220703125,7.889999389648452,6.230003356933608,10.0,2.0,12-22,2.8744444847106974
11-08,-0.17333412170410156,2.6333332061767614,0.573333740234375,1.6399993896484375,3.373332977294922,0.8600006103515554,2.309997558593757,9.500003814697266,-3.5500030517578125,3.8800048828125,8.730003356933594,6.230003356933608,10.0,2.0,12-23,3.0005563100179047
11-09,-0.10000038146972656,2.74666786193848,1.5266666412353516,1.5999984741210938,4.0066680908203125,1.8199996948242188,3.379997253417983,8.500003814697266,-4.0500030517578125,1.5900039672851562,10.419998168945312,6.230003356933608,10.0,2.0,12-24,3.1391669909159368
11-10,0.09333419799804332,2.286666870117191,1.3733329772949219,1.6066665649414027,4.0066680908203125,1.8199996948242188,3.5399971008300852,8.550003051757812,-3.8499984741210938,1.7800064086914062,10.419998168945312,-1.0100021362304688,10.0,2.0,12-25,2.5513893763224287
11-11,0.06666755676269531,1.9466667175293004,1.2200012207031214,1.2733345031738246,3.513336181640625,2.0900001525878906,3.6599998474121094,6.950004577636719,-4.8000030517578125,0.5400009155273438,9.360000610351548,0.0,10.0,2.0,12-26,2.151667435963947
11-12,0.7466678619384766,1.813333511352539,1.1400012969970703,0.7333335876464808,4.206665039062493,2.3100013732910227,4.75999832153321,4.650001525878892,-3.3499984741210938,-3.5,8.169998168945312,0.0,9.0,3.0,12-27,1.8066668510437003
11-13,0.7600002288818359,1.5200004577636719,1.5533332824707031,0.16666603088378906,3.406665802001946,3.3800010681152415,5.989997863769524,4.5500030517578125,-3.25,-4.299995422363281,6.8300018310546875,0.0,9.0,3.0,12-28,1.7172228495279942
11-14,0.4733333587646449,1.686666488647461,1.7666683197021484,0.85333251953125,2.8133354187011648,4.830001831054695,5.79999923706054,4.849998474121108,-3.9500045776367188,-3.779998779296875,6.2700042724609375,0.0,9.0,2.0,12-29,1.8011113802591963
11-15,0.4666671752929652,1.8000011444091797,1.2466678619384766,2.0333328247070312,2.7666664123535156,5.29999923706054,6.55999755859375,2.999999999999993,-2.600006103515625,-5.1699981689453125,5.6100006103515625,0.0,9.0,2.0,12-30,1.751110712687173
11-16,0.5133342742919886,2.5999984741210973,1.3866672515869105,1.739999771118164,2.7333335876464915,7.019996643066406,8.25,2.5999984741210795,-3.9000015258789062,-4.9499969482421875,5.410003662109375,0.0,9.0,2.0,12-31,1.9502778053283683
11-17,0.6266670227050781,3.0466651916503906,1.266666412353512,1.3800010681152344,2.7333335876464915,7.019996643066406,8.740001678466804,2.550003051757784,-3.600006103515625,-4.5800018310546875,5.410003662109375,0.0,9.0,2.0,01-01,2.049444198608397
11-18,0.4933338165283203,3.0799999237060547,0.7266674041748011,1.0333347320556605,2.4333343505859375,5.779998779296868,7.970001220703132,1.400001525878892,-3.0,-4.709999084472656,5.5,0.0,9.0,2.0,01-02,1.725556055704751
11-19,0.4133338928222692,2.473333358764645,1.4200000762939453,1.733333587646488,1.8999977111816406,6.119998931884773,7.1800003051757955,1.2999954223632955,-3.25,-3.029998779296875,5.470001220703125,0.0,9.0,2.0,01-03,1.8108329772949252
11-20,0.6266670227050746,2.366666793823242,0.7733325958251953,2.3600006103515625,2.0866661071777344,5.819999694824219,6.599998474121101,1.0499954223632955,-4.400001525878906,-3.7100067138671875,5.849998474121094,0.0,9.0,2.0,01-04,1.618609746297202
11-21,0.5666675567626918,2.3866672515869105,0.8466663360595703,2.2333335876464844,1.5866661071777344,4.3899993896484375,3.0699996948242188,0.0,-7.599998474121094,-2.6100006103515625,6.480003356933594,0.0,8.0,3.0,01-05,0.9458336830139155
11-22,0.573333740234375,1.4466667175293004,0.8666667938232386,2.3199996948242223,1.8866691589355398,4.599998474121094,0.23999786376953125,0.40000152587889204,-6.649993896484375,-3.7100067138671875,4.040000915527315,0.0,9.0,2.0,01-06,0.5011111895243289
11-23,0.4400005340576172,2.1066665649414062,1.6000003814697195,2.200000762939453,1.579998016357429,3.529998779296875,-0.1399993896484375,1.300003051757784,-6.299995422363281,-3.2400054931640625,3.3199996948242188,0.0,8.0,3.0,01-07,0.5330556233723934
11-24,-0.1333332061767578,1.613332748413086,1.6133327484130788,2.053333282470703,1.1399993896484375,2.9399986267089844,1.7000007629394531,0.25,-6.299995422363281,-1.1399993896484375,2.2700042724609375,0.0,8.0,3.0,01-08,0.5005561510721837
11-25,-0.17333221435546875,1.7533340454101562,1.733331680297848,1.7933330535888672,1.7666664123535156,3.3400001525878977,1.4500007629394531,-1.0,-7.150001525878906,-1.6899948120117188,1.44000244140625,0.0,7.0,4.0,01-09,0.2719449996948245
11-26,0.3666667938232422,1.1133346557617188,0.5266666412353516,1.813333511352539,1.4666671752929759,3.1500015258789062,1.220001220703125,-1.5,-7.3000030517578125,0.1300048828125,0.29999542236328125,0.0,9.0,2.0,01-10,0.10722239812215228
11-27,0.18000030517578125,1.3533344268798828,0.2533340454101598,2.0466651916503977,1.0333328247070384,3.8100013732910156,1.1100006103515625,-3.5,-8.300003051757812,1.0,-0.75,0.0,8.0,3.0,01-11,-0.14694452285766454
11-28,-0.013334274291992188,1.1000003814697266,0.13999938964844105,1.9599990844726598,0.9933319091796946,4.829998016357422,1.6599998474121094,-2.599998474121108,-11.400001525878906,-2.94000244140625,0.12999725341796875,0.0,7.0,4.0,01-12,-0.5116675694783529
11-29,-0.04666709899902344,1.6133346557617188,0.0066661834716796875,0.9399986267089879,0.7933349609375,4.770000457763672,1.1499977111816335,-2.4500045776367045,-11.900001525878906,-1.4800033569335938,0.31999969482421875,0.0,7.0,4.0,01-13,-0.5236120223999015
11-30,0.14666748046875,1.6133346557617152,-0.7600002288818359,0.8400001525878906,1.7199974060058594,5.229999542236328,1.8999977111816335,0.04999542236329546,-12.100006103515625,-2.2300033569335938,0.6900024414062358,0.0,8.0,3.0,01-14,-0.24166790644327887
12-01,-0.073333740234375,1.1066665649414098,-0.3866672515869176,0.173334121704098,1.9066658020019531,5.680000305175781,0.44000244140625,0.25,-11.300003051757812,-3.80999755859375,1.7900009155273295,0.0,7.0,4.0,01-15,-0.3519442876180028
12-02,-0.18666648864746094,0.8866672515869105,-0.2266674041748047,0.9533329010009801,1.926666259765625,5.329998016357415,0.5,0.849998474121108,-10.099998474121094,-5.6399993896484375,2.0200042724609233,0.0,7.0,4.0,01-16,-0.3072220484415696
12-03,-0.03333282470703125,0.8066673278808629,-0.5666675567626882,0.860000610351559,2.2133331298828125,5.270000457763665,1.8199996948242116,-0.2999992370605469,-11.199996948242188,-4.0,2.709999084472642,0.0,6.0,5.0,01-17,-0.20166635513305842
12-04,-0.35333251953125355,1.3133316040039027,-0.8133335113525355,0.1666660308837855,2.3466644287109375,5.189998626708984,1.3700027465820312,0.5500030517578125,-12.349998474121094,-1.80999755859375,1.590003967285142,0.0,7.0,4.0,01-18,-0.23333263397216975
12-05,-0.35333442687987926,1.5933322906494105,-0.673334121704098,-0.6133327484130859,2.1933326721191406,4.829998016357415,3.1800003051757812,0.0,-11.800003051757812,-3.3799972534179688,1.1600036621093608,0.0,5.0,6.0,01-19,-0.3219445546468114
12-06,-0.5200004577636719,1.6599998474121094,-0.026666641235351562,-0.7000026702880859,1.3933334350585866,4.859996795654297,2.9600028991699148,0.0,-11.0,-3.3799972534179688,1.1399993896484375,0.0,5.0,6.0,01-20,-0.30111122131347773
12-07,-0.26000022888183594,-0.279998779296875,0.36000061035155895,0.7266654968261754,1.4666671752929688,5.6699981689453125,4.310001373291016,0.0,-10.75,-4.680000305175781,3.0800018310546875,0.0,6.0,5.0,01-21,-0.029722054799397785
12-08,-0.6800003051757812,-0.5,0.2533340454101598,1.5066680908203125,1.5466651916503906,5.090000152587891,3.5600013732910156,-3.400001525878892,-12.949996948242188,-3.1800003051757812,2.7300033569335795,0.0,6.0,5.0,01-22,-0.5019439061482744
12-09,-0.8133335113525391,-0.4866657257080078,-0.013334274291992188,1.4533348083496094,1.3466644287109304,3.279998779296868,3.970001220703125,-4.299999237060561,-13.59999847412108,-2.1700057983398438,1.849998474121108,0.0,5.0,6.0,01-23,-0.7902782758076986
12-10,-0.5,-0.31999969482421875,-0.05333328247070668,1.4466667175292969,1.7133331298828125,3.240001678466797,4.790000915527344,-3.199996948242209,-10.849998474121094,-0.5900039672851562,-0.1100006103515625,0.0,4.0,7.0,01-24,-0.3694442113240581
12-11,-0.8600006103515625,0.053333282470703125,-0.3066673278808558,1.5599994659423828,1.7399978637695312,3.299999237060547,5.86000061035157,-3.699996948242209,-7.1999969482421875,-2.5500030517578125,-1.0,0.0,5.0,6.0,01-25,-0.2586112022399911
12-12,-1.0133342742919886,0.053333282470703125,-0.026666641235351562,2.2999992370605433,1.3866653442382812,3.8899993896484375,6.58000183105468,-2.6500015258789205,-5.4499969482421875,-3.9500045776367188,0.06999969482421875,0.0,6.0,5.0,01-26,0.09916623433430811
12-13,-1.173334121704098,0.08666610717773082,0.3999996185302699,2.553333282470703,1.2866668701171875,4.3699989318847585,7.060001373291016,-2.75,-6.4499969482421875,-5.230003356933608,1.05999755859375,0.0,7.0,4.0,01-27,0.10111077626546017
12-14,-1.3533325195312464,-0.15333366394042613,0.09333229064941051,2.246667861938473,0.7000007629394531,4.6199989318847585,8.510002136230476,-1.599998474121108,-5.1999969482421875,-3.970001220703139,0.779998779296875,0.0,6.0,5.0,01-28,0.3894448280334449
12-15,-1.0400009155273438,-0.5333328247070277,-0.34000015258789773,0.9733333587646555,0.5533332824707031,4.029998779296868,9.09000015258789,-2.0500030517578125,-6.0500030517578125,1.350006103515625,1.029998779296875,0.0,6.0,5.0,01-29,0.584444204966227
12-16,-0.9533348083496058,-0.9866676330566406,0.5066661834716797,1.159999847412113,0.4533348083496094,2.9800033569335938,7.290000915527344,-2.7999954223632955,-5.3000030517578125,0.5200042724609375,0.9599990844726562,0.0,7.0,4.0,01-30,0.3191672960917149
12-17,-1.1266670227050781,-0.6866664886474609,1.139999389648434,1.380001068115238,0.03999710083008523,2.25,7.529998779296875,-4.25,-7.100006103515625,1.6200027465820312,0.20000457763671875,0.0,7.0,4.0,01-31,0.0830553372701015
12-18,-1.253332138061527,-1.5133342742919886,1.0399990081787145,0.5266666412353516,-0.2733345031738281,1.3300018310546875,8.30999755859375,-5.149993896484375,-6.950004577636719,2.6500015258789062,-1.0899963378906392,0.0,5.0,6.0,02-01,-0.19777743021647223
12-19,-1.3999996185302699,-1.2999992370605469,0.9533329010009766,0.37999916076660156,-0.5066680908203125,3.4899978637695384,7.510002136230476,-4.0499954223632955,-4.3000030517578125,3.3199996948242188,-0.779998779296875,0.0,5.0,6.0,02-02,0.27638896306355826
12-20,-1.2133331298828125,-1.1066665649413991,-0.08666610717773438,-0.053333282470703125,-0.9799995422363281,-0.10000228881835938,6.670001983642571,-5.849998474121108,-3.0999984741210938,5.5,-0.45999908447265625,0.0,2.0,9.0,02-03,-0.06499958038330196
12-21,-1.2066669464111328,-1.6066665649414098,-0.3733329772949219,0.7266654968261754,-0.7533340454101634,0.5799980163574148,9.480003356933594,-5.4000015258789205,-1.8499984741210938,7.5800018310546875,-0.23000335693357954,0.0,4.0,7.0,02-04,0.5788887341817208
12-22,-1.4866676330566406,-1.3599987030029297,0.1533336639404297,1.573333740234375,-1.513336181640625,2.3400001525878906,8.680000305175774,-3.75,-3.850006103515625,9.590003967285156,1.4300003051758097,0.0,6.0,5.0,02-05,0.9838886260986346
12-23,-1.480001449584961,-1.3799991607666016,-0.47333335876464844,1.313333511352539,-1.6533355712890625,1.479999542236321,7.25,-3.0,-4.450004577636719,9.660003662109375,1.629997253417983,0.0,5.0,6.0,02-06,0.7413883209228521
12-24,-1.4933338165283203,-1.3999996185302699,-0.3000011444091797,1.5599994659423828,-2.4133338928222585,0.729999542236321,7.349998474121094,-2.599998474121108,-6.800003051757798,9.660003662109375,2.1500015258789205,0.0,5.0,6.0,02-07,0.5369443893432632
12-26,-1.7266674041748047,-1.3466663360595703,-0.4800014495849574,1.8800010681152344,-2.2333335876464844,0.8199996948242259,4.19000244140625,-3.099998474121108,-7.800003051757798,8.400001525878906,2.980003356933608,0.0,5.0,6.0,02-09,0.13194481531779179
12-27,-2.073333740234375,-1.3733329772949219,-0.4466667175292969,1.813333511352539,-2.2666664123535227,-2.8999977111816406,7.24000167846679,-3.2999954223632955,-8.84999847412108,7.910003662109375,2.7699966430664062,0.0,4.0,7.0,02-10,-0.12305466334025184
12-28,-2.0,-1.260000228881836,-0.3466663360595703,1.8866653442382848,-1.7466659545898509,-4.209999084472656,7.7500038146972585,-1.8499984741210795,-9.700004577636705,7.279998779296875,2.69000244140625,0.0,4.0,7.0,02-11,-0.12555535634358575
12-29,-2.1200008392333984,-1.4133319854736328,-0.8733329772949219,1.0933341979980398,-2.200000762939446,-3.5,3.950000762939446,-2.399993896484375,-10.200004577636705,6.80999755859375,3.029998779296889,0.0,4.0,7.0,02-12,-0.6519444783528628
12-30,-2.2266674041748047,-1.1933326721191406,-0.6800003051757848,1.6066665649414027,-1.8866653442382812,-2.9099998474121094,4.010002136230469,-1.899993896484375,-6.900001525878906,6.719993591308594,2.5,0.0,4.0,7.0,02-13,-0.23833322525024472
12-31,-2.2066669464111293,-1.3733329772949219,-1.1133327484130895,1.5533332824706996,-1.7399978637695312,-1.5699996948242188,7.510002136230469,0.9000015258789205,-7.800003051757798,7.1399993896484375,2.25,0.0,5.0,6.0,02-14,0.29583358764648643
