,2009,2010,2011,2012,2013,2014,2015,2016,2017,2018,2019,2020,ups,downs,avg
01-02,0.4492294517026642,-4.621660497815407,2.851743469370556,4.649973743498738,1.1093454473222846,-1.5489317952550574,-5.612663602987902,-6.7142445906435855,1.6416163802835984,-17.02623989063494,12.057922423015839,7.77984714811523,7.0,5.0,-0.4153385261689984
01-03,-0.8062007451017622,-3.892012401670709,2.768226641292184,4.209444117523228,1.4036652877216316,-1.6428086198369984,0.36297702081452365,-3.199505620964945,0.5377590361811143,-17.81341325439391,11.58451647198184,7.94241029858377,7.0,5.0,0.12125485267749703
01-04,-0.6259287309928655,-3.080359579501145,4.152364824353752,5.415812782173536,1.0414288058451147,0.6258703328318825,-0.08102271904547832,-1.044226468819479,-0.1636654058335702,-18.862977739405874,9.16179596075502,4.783441490560712,6.0,6.0,0.11021112941013378
01-05,-5.073131650267903,-3.5508176328407006,4.87302713121671,4.517449596744583,1.0872102839050541,1.4709248778152517,1.1206751242963906,0.8740232455094316,-1.3327091155566064,-18.77551773951042,6.1344604890869405,5.189579151215411,8.0,4.0,-0.2887355198654882
01-06,-5.279699312659161,-1.7975977228306743,5.67947431009486,5.467138869279055,1.0872102839050541,1.0844513591333098,4.5362904621336675,4.550934945730815,-1.9639937890985282,-17.887121394048275,6.448915111590033,3.7295548617424705,8.0,4.0,0.4712964987477189
01-07,-3.4255190541852456,-1.2205930321754221,4.95881854869749,6.7039088827906514,1.3553247856656312,-0.09338570889596505,5.342737485293035,6.570223885247286,-2.840238492164386,-18.85030346712231,7.660519492587483,5.3133177921765515,7.0,5.0,0.9562342598262333
01-08,-6.945314599836815,-2.6827649792536925,5.541258348781241,2.6239010754858128,0.5445833116212109,-0.7471391107721062,4.334672938152219,1.1841728460839203,-3.427761244799058,-19.512903033713926,6.837369610817758,4.908270939660723,7.0,5.0,-0.6118044914810593
01-09,-2.058377878177435,-2.2916209755735255,5.541258348781241,4.917178419238395,1.6110712262066156,-1.4475809137958615,5.230086631439167,0.6381645244597568,-2.864581052063481,-17.971272232270014,6.074637967451102,5.075056007061886,7.0,5.0,0.20450167272982048
01-10,-0.24828681975970485,-2.7533228801506,4.7075068595890315,4.590249986323084,-0.5218959469685232,-0.9084541972421508,7.311133562354611,2.44361116786083,-1.5895566896574194,-14.805040007909007,5.475342881126318,4.358236992279182,6.0,6.0,0.6716270756538044
01-11,-4.972371649448046,-4.092357183679078,3.1984759150079647,6.275938530746053,-1.6825868262143593,-0.23293378385800925,6.206330594397412,-0.3221600231044916,-2.3250284857869556,-15.772503582080095,6.572897551907553,3.8213482563589767,5.0,7.0,-0.27707922381275624
01-12,-5.177467274467663,-3.005472596888277,3.2849265575147184,8.06535399271468,-1.773933949607461,-0.30302388996316604,5.624485497051261,0.8253975520058283,-2.2301271475206277,-18.697736624318743,5.971356889218838,1.3956897470483967,6.0,6.0,-0.5017126039343512
01-13,-7.063073524340982,-3.187617450468864,3.44052848066556,8.643248529130462,-3.1343642071495816,-0.6549679047880284,6.049151504293517,5.365081060500361,-3.7401136598724025,-17.831755796989892,5.6143199207801056,-1.0032644509528958,5.0,7.0,-0.6252356249327201
01-14,-4.829169801458432,-3.0282374465013007,2.6202321790141934,6.8229235481054165,-2.44963298385653,-0.3776253279338754,5.482042799604765,1.0476188054160467,-6.119977672855678,-17.275946128194576,6.55210078257628,-2.575212366388317,5.0,7.0,-1.1775736343726673
01-15,-5.814712612881495,-2.7910132760468,4.578600486770087,7.8072725760823705,-0.629077970238161,0.0,5.419033392101503,10.0326485560821,-5.482084084952839,-20.581984708603507,4.4820135377735415,-2.498723895294034,5.0,7.0,-0.45650233326726947
01-16,-4.580639254662276,-2.348692285903109,6.060101795735235,7.925892389806689,0.24712828533422398,-0.9440678214836709,-2.7391267859417456,12.838229062567299,-4.826763515924123,-25.01571075051714,4.4820135377735415,-3.238144870564837,5.0,7.0,-1.011648351148326
01-17,-5.605901704000503,-0.022066478106729324,6.0444130385321895,7.329711956274737,-0.1123411674756722,-1.0897870041458286,-1.5288607238708634,14.26953298903133,-5.8639005446530295,-25.109999230347057,4.267311390803262,-7.594266123046981,4.0,8.0,-1.2513461334170952
01-18,-10.192644221281308,-0.30987027158651725,6.294752418521261,6.604504524086637,0.04488432932513333,-0.6620921570944438,-1.6382887394476882,13.633772103291891,-4.174709458415168,-24.82715776758449,2.4060642442841678,-8.84317752151691,5.0,7.0,-1.8053302097847865
01-19,-12.679079507540619,0.35180265836089303,7.227310920446123,6.2419057480304065,1.2751670807504991,-0.6859056856674757,-1.5288607238708634,12.88837126356363,-2.823363953705572,-23.828984756260795,4.268456785470847,-6.649216923554567,6.0,6.0,-1.328533091164791
01-20,-8.632596957989591,0.13192914224920693,7.876768696638309,6.778353401623625,2.194144253558365,3.469385107109956,-1.8358581054532137,18.181812694623915,-4.226382695783763,-25.92121971432667,-1.7113475488286127,-7.692306916631677,6.0,6.0,-0.9489432202675125
01-21,-10.35911634958751,0.6596289359720504,6.821961028645532,5.501035642985349,1.2530713264758695,3.709566667293677,-4.816413777500337,10.06903987818426,-4.224663028094523,-25.562241915850457,-0.11229903629090328,-4.918876531920654,6.0,6.0,-1.8316089299739702
01-22,-8.459947653289321,3.6948018788592636,5.7276096615875804,5.182689795521749,1.6711229548807514,3.619087326973146,-6.933043493234514,5.321259469799237,-3.768536826667246,-24.771793574090317,1.136678266928129,-5.176405425574012,7.0,5.0,-1.896373134858796
01-23,-13.98926561961531,4.242422190704655,4.7923360186953925,3.1754451809139566,2.1390438420732214,3.822661528401936,-6.92621486287727,14.032701413672719,-2.032030688294288,-25.64429301632467,1.2752955041989167,-5.588457549877926,7.0,5.0,-1.7250296715273887
01-24,-15.29453983894887,4.941983652375022,4.824344706012775,4.721928875908173,2.2727282386103127,4.903950664283192,-6.897286816022296,16.224112148453504,-6.216613293636273,-25.676104411285287,1.3030252971434506,-6.651071569128922,7.0,5.0,-1.7952951955196015
01-25,-15.828886139647324,5.992349367895941,4.442941652275547,2.806924776509488,2.0089234966707825,4.129594564626696,-8.097602869350782,15.051158439560764,-7.430794926211824,-22.876228307019673,1.014807847437216,-7.390850445708541,7.0,5.0,-2.1814718785801426
01-26,-12.93013959511175,6.8539830823290115,3.0184883112554854,3.3578143104989717,0.9178416481269127,4.651688793411333,-10.21577144738457,14.641173671834926,-7.746475480982575,-19.79297249702513,-0.36181760927095646,-30.69783012227363,6.0,6.0,-4.025334744549331
01-27,-13.356522269870924,6.8539830823290115,2.0858055227655212,3.781401350408739,1.5569412304129802,4.759742803627921,-10.86241122687931,15.741231241990702,-4.976816338853076,-17.400824122425952,1.1784058246002487,-26.29136875530668,7.0,5.0,-3.077535971433402
01-28,-15.93044115149459,6.768838518861356,1.6789439098327752,4.392496971661474,1.2274113700108957,6.092623903692615,-7.921879821214003,13.436356802280566,-2.7824767970795277,-15.0643049804926,1.9309194333250166,-31.740940843268245,7.0,5.0,-3.1593710569903557
01-29,-15.860874341881793,7.824424594249596,2.293424330268143,4.466113718321398,0.2691162401303425,6.812047685431552,-7.241604694229049,9.186352073943874,-3.131830440729539,-14.259661077653712,1.4065470397455104,-31.86919000916248,7.0,5.0,-3.3420945734638465
01-30,-12.213478449309225,8.035337865499601,2.768923513431568,5.026786106247123,1.031619383042245,6.24999731993501,-4.532696721616529,12.842380162076331,-5.383274857398368,-11.242070726954022,1.163106007513435,-32.285981452548405,7.0,5.0,-2.378279320840103
01-31,-11.441257865125793,8.247639410969134,1.041845633305245,2.669082081430886,1.906253579754164,4.870860310174473,-7.772245636119196,10.387884991537534,-3.047891429323875,-10.698098818988617,0.9467197112840742,-56.66409708493051,7.0,5.0,-4.96277542633604
02-01,-9.276625589898323,9.351022940781249,-1.648633165068681,1.373409632550449,1.857585426608362,5.80659690981931,-6.709533014016365,9.957286794976005,-2.24963788520345,-8.371110441191814,0.13495071009484233,-32.7837028438426,6.0,6.0,-2.713199210365918
02-02,-3.521575489311745,8.269588770578327,-1.665810112190633,1.3475005330592102,2.618373805358071,6.503703781016032,-3.6435562033666544,14.289438749089578,-4.160622192439573,-10.298797751923393,-2.519162533990949,-50.384476374822285,5.0,7.0,-3.5971162515786674
02-03,-5.657986795278334,7.091173001690498,0.2404248510201187,-0.2848281030394815,1.9982429273554152,6.962737449148383,-3.0002016770748057,9.413290584849296,-5.058740485892388,-8.972726487665392,-1.545971552310719,-53.18911045483896,5.0,7.0,-4.333641395169697
02-04,-6.738724756124941,8.827786958971709,0.22302464586273782,-0.5994254590536242,2.127187365053004,6.3079379253963355,-1.317651909699399,9.595829078478541,-4.564217360512815,-11.954391132705398,-1.0526299532506331,-72.40803322295112,5.0,7.0,-5.962775651711301
02-05,-6.961228560515578,8.894428250830474,0.7504731935704102,-0.7569749163002077,2.7451026020555997,6.466200859035663,-2.8988372945453467,13.21382829251117,-5.589602177304581,-14.834609359964437,-1.6203140928910877,-74.83277408627674,5.0,7.0,-6.285358940816223
02-06,-10.485681265787466,9.13280363858503,2.7248429896870654,-1.552223569169818,2.4618758835511607,5.4713954193790935,-2.23896144449867,12.243280061155666,-6.398221793173482,-12.560237263637802,-1.1072099944041105,-76.04515249180506,5.0,7.0,-6.529457485843199
02-07,-12.795590373197124,9.13280363858503,4.292764215629542,-3.8359046126537795,2.418301902943784,4.811387047866393,-0.7018995917155841,11.988373987007463,-2.2749240891856286,-12.945714087023013,-0.054011499927045195,-69.80676347049607,5.0,7.0,-5.814264744347169
02-08,-9.60024927011046,10.611988132541777,3.9528272539564577,-4.528504852103763,2.6879361611722836,5.430883996994471,-0.7018995917155841,12.473738896005809,-3.5817994994363813,-10.311599994730743,1.848831777445719,-66.13344996216186,6.0,6.0,-4.820941412678523
02-09,-14.126514040017563,8.031792600476924,3.8531800865323635,-4.448583186513897,2.9244874760207726,5.979474170958698,1.7126783609207472,15.336134117055886,-3.7996120678115064,-11.06758534077683,0.8467669164784499,-79.35973985499811,7.0,5.0,-6.176460063472839
02-10,-10.586697559337727,8.763861788439495,4.019262922675242,-2.7411727811587525,2.966842508343194,5.536877800736841,2.3842889808597745,17.095593023111373,-5.732484493096631,-16.115010763670256,0.547947295724529,-58.17236890928213,7.0,5.0,-4.3360883488879205
02-11,-9.43952520210177,7.676222292879552,2.9353241793671825,-2.0548014035996034,4.426302820728412,5.205536424777977,2.544581169397705,19.038869639539186,-5.574568934561622,-15.959928739673742,0.792568773757802,-49.859842627035164,7.0,5.0,-3.3557718005436734
02-12,-9.767294091214048,7.318595472345592,4.401380082180446,-0.4668057540590762,4.297378514517242,4.803390955775163,0.6411534678472075,14.484977991815606,-4.780396176823487,-14.093294786177403,2.70049558807263,-50.87596353181609,7.0,5.0,-3.444698522294684
02-13,-10.507241642219615,5.345452136310984,3.3056505867885235,-0.2847543549315687,5.092399441254237,3.6193006984663225,-0.7756628707873691,13.080613536941362,-3.698369207733905,-15.078837597600463,2.045826522426851,-47.23195203158687,6.0,6.0,-3.7572978985559597
02-14,-9.434606267641014,5.981116888885103,4.307089705271845,-0.05112591592471488,5.135366013392259,3.6109904522706495,-3.0734358344386896,13.862428490823989,-3.246599737806719,-12.680678828123554,2.61865545135954,-41.89643943414468,6.0,6.0,-2.9056032513396652
02-15,-13.895789120391067,6.510849438860558,5.1223481708464265,0.4089975761264874,4.499238669593991,4.305587819652504,-3.3719508956765676,13.427277732270532,-2.100742613838982,-13.501966592952233,2.211305895909674,-49.81976105335701,7.0,5.0,-3.850383747746308
02-16,-11.562506664130574,6.510849438860558,4.926591346412029,-0.6646271557500981,4.877525597568954,4.768178969408071,-3.030930351965221,15.822127413649081,-0.859395119591535,-12.878787117280089,-0.08274295472408617,-47.37588740745472,5.0,7.0,-3.2958003337498027
02-17,-11.48508469236886,5.9682740086324095,4.910274647627448,2.982771575257141,5.466583970093687,6.453705072946099,-3.030930351965221,14.219234634452791,-1.7437573021101587,-8.293621146005666,0.302199466319683,-42.86696856408842,7.0,5.0,-2.2597765567674215
02-18,-10.40943800057975,6.6569256022557015,5.142391876613148,0.5405382052010674,5.968566830933077,6.8357701502237935,-2.268038090971327,17.037228801950345,-0.956026588002212,-11.40896260561657,0.8740772725738172,-52.73797416997036,7.0,5.0,-2.8937450596157723
02-19,-12.942399659033303,6.785343829249836,7.5076074111743845,2.0532353805477133,3.7817820631286407,7.932069196902091,-1.7113439815560567,19.455152208970507,-1.9305093587580389,-12.438147250211747,1.5196677931670022,-54.24477263085704,7.0,5.0,-2.852692916439667
02-20,-8.924953697789958,8.469321394431411,8.008282891286596,2.12765998563208,4.216471848470038,7.717111172101804,-3.46711813529839,15.867155425190441,-1.3678990510402307,-10.326974763473956,0.37991694829175054,-53.47298686740303,7.0,5.0,-2.564501070800121
02-21,-3.637588091206609,8.864659920358987,7.684935870849539,2.12765998563208,4.412081837322765,6.511319649380129,-0.8915619101327552,15.844978066245188,-1.8322134633984484,-10.424089622294295,-0.3256519716447574,-52.30992826662253,6.0,6.0,-1.9979498329592251
02-22,-4.3758512061004105,9.36796496939035,8.052198219293967,2.33028920874501,4.037534889660989,7.0221020949914195,1.1176574828144823,13.89263463967421,-1.61524105842952,-8.384591141998607,-0.48872245867428765,-46.11806453594108,7.0,5.0,-1.26350740804779
02-23,-5.268562913598737,10.350479898132964,7.956715448534397,1.2411293552456193,2.603815639231529,6.678267594740928,1.8357874783427235,18.03537947978892,-0.5544829912597633,-7.208633111826877,0.24350691238435035,-42.547995449791756,8.0,4.0,-0.5528827216729754
02-24,-5.063289652460584,9.981559039143532,7.686190037120452,2.760192722863946,3.212140045929532,7.959663239413704,2.085439951458575,16.820700056903174,1.9449708201897742,-8.613508377004448,0.593155081687881,-45.028410418621036,9.0,3.0,-0.47176645444795834
02-25,-4.139586078586407,9.67411586828028,5.405837221103817,2.0691387149215896,4.448360415219844,8.92628621494006,3.6039659876366423,11.03776187766518,1.7945651686330448,-7.273868654861391,-0.08142991089204647,-41.58380379234557,8.0,4.0,-0.5098880806904132
02-26,-6.055424172026013,10.0000038767248,4.113974138954391,1.9206427278103098,4.357341676275104,9.735832612964465,6.863736447745213,7.827002005119897,2.690691344680733,-5.702704916347079,-1.2782192408264936,-39.27557327138065,8.0,4.0,-0.40022473085877763
02-27,-0.6759065965126783,8.205022664062106,3.5892475517447746,-1.2787100270592646,2.5399603545438416,10.076692971066555,7.10142615035555,9.366182734271561,1.4221343769877468,-3.4169343980285296,-1.332602278132614,-33.73579563734637,7.0,5.0,0.15505982216272388
02-28,4.0336160098805145,8.593904272260865,2.8858605228436036,-0.28387254284274194,2.430472608183883,9.501388123695458,7.846644320553087,9.713699746457209,0.8058785580823451,0.2507834628925319,-0.5983171551924026,-31.981662551564337,9.0,3.0,1.0998662812708349
02-29,0.0,0.0,0.0,0.36128874747983875,0.0,0.0,0.0,12.204822031522125,0.0,0.0,0.0,-33.10104441623372,2.0,1.0,-1.711244469769313
03-01,4.290984545488667,8.851333317678556,4.083919431685841,-0.12903028918850806,2.4230529951451656,9.270385914761963,7.938083049117313,13.6453135690666,1.7776724920896343,0.2821321431477611,-0.21523227063682562,-33.10104441623372,9.0,3.0,1.5931308735102043
03-02,3.6449542838195357,9.531434626406753,3.827673674268945,0.46272570209547625,1.0743294714089082,8.8400219801568,9.500583479026346,14.384237369640251,2.417635674247069,1.4710522988415746,6.4318114995964555,-29.447646447500166,11.0,1.0,2.678234467667329
03-03,6.653292481679314,8.930715272561795,3.7475980205850474,0.23267877941523096,-0.24439150067451632,8.445217626908057,11.11961985318856,12.980287786034186,3.669719172403594,1.5283894493997563,5.9296996440264165,-33.29810764530277,10.0,2.0,2.4745599116853882
03-04,3.1761978194113887,8.410086230951421,3.9808119810403024,0.025902388415653385,0.9005048504383927,4.504118270483346,11.387561268783642,9.5390657160357,2.673916938709853,3.129795805424923,5.524115341805504,-36.8217159242714,11.0,1.0,1.3691967239357268
03-05,6.55298928275401,7.673861075802532,5.887003460755736,1.7816257231564838,1.150189047321332,4.265918596112115,11.023920232599432,7.035296450768228,3.51864875068444,4.275317971446216,4.015094729077328,-35.623688571762116,11.0,1.0,1.796348062392978
03-06,6.316488109539134,4.552907059936203,4.60378396673076,3.424482790724409,0.7299226344615578,4.179299030795957,11.390722453878974,8.989852887097946,2.4199298240533342,4.0181210805712295,2.8024815371122442,-33.40351037811814,11.0,1.0,1.6687067497319663
03-07,8.542552437939186,5.770395848027525,6.346454770546271,2.581145179301942,0.9068786899244233,6.486019138272335,12.589653126795325,10.969265894414407,-0.4562978967129475,5.0453119212406525,1.7515535305531447,-6.258504001572071,10.0,2.0,4.522869053227517
03-08,5.204464033747759,7.364650954072914,6.314957986666461,1.3289047880639673,1.259954660419018,6.154172585160925,13.179600223446558,12.240076423746526,1.1047048300077795,3.6857986996837164,3.205815358164853,-6.548431433418049,11.0,1.0,4.541222425813536
03-09,6.124497908650892,5.785784475488297,7.133856345349421,1.1678067824330622,0.08889092339409722,6.114186228909947,12.440911499887903,9.782607323966412,1.560993565584028,-0.09380481465375941,1.8822182685950923,-11.055814799629053,10.0,2.0,3.411011142331361
03-10,3.5534678801658184,5.945948298977269,8.078741839551538,2.3314121820145197,0.4869438229683275,6.393377270952071,14.848147658391644,9.971647568842576,1.2425248793926675,-4.645949392740756,2.2502012091762014,-12.844685031493913,10.0,2.0,3.1343148488498307
03-11,3.6205160122973155,5.585587333158575,7.776055330312426,2.2088380139177084,0.7286416965859428,6.1675914454400385,14.566929950386765,8.228592735773992,1.7414111978113707,-5.320862967919319,3.1324569892102896,-8.865622859849939,10.0,2.0,3.2975112397604307
03-12,2.011399205512244,4.384554005738911,6.977829497912932,1.4668735903516912,2.0974417191857766,5.401958508717865,13.14210405226836,11.435295553768382,2.5550078527532456,-11.126235201336572,2.8020124821164014,9.389181744762663,11.0,1.0,4.2114519176459915
03-13,2.917769115446818,5.736889722948849,7.569413643113313,3.0190577216279353,2.57810857193388,6.125055380852735,14.00111820135495,10.059735335655999,2.784990169749114,-12.367608046704326,2.273329549895977,-7.135432650015409,10.0,2.0,3.130202226321653
03-14,2.001964938461871,5.568762603205116,7.897986146339557,4.503834946044359,1.2016587973777197,6.189067326738116,13.33828731366237,9.453933928378392,3.217287163255665,-13.050904117123064,2.061862427280761,6.504620602813592,11.0,1.0,4.074030173036204
03-15,1.8731504735715436,3.795673934487973,10.746950306472572,4.429598916818531,0.23943578350552872,6.007585490351431,14.199002313164574,10.681925820053051,0.744300989036936,-7.482058737474675,3.3350936004362146,7.92313011989029,11.0,1.0,4.707815750859497
03-16,1.1258282913857813,1.1882848079001969,11.234754730660871,6.231669968635935,0.7626900823189902,6.362870321838868,13.354380769561336,8.55984804515858,-0.14405175605208798,-7.205985158856791,1.4171191774615266,10.134912752762924,10.0,2.0,4.418526836064678
03-17,-3.0065361595585505,0.9014595964486505,11.143289220467778,7.217242616034144,2.4003406248336794,7.48962770375568,9.904337756478633,6.890795146111353,0.651231219792279,-3.020139425908504,1.179314996544669,16.14013124253234,10.0,2.0,4.824257878127679
03-18,-2.8104532427513,1.4136497070123448,8.97376535532535,8.546187797849637,4.327726102163046,7.20645988042911,7.465765221740109,9.355612985411105,1.5922794578141886,-1.420549384450012,0.18949566168525026,25.179854269492907,10.0,2.0,5.834982817643478
03-19,-1.6013064216002002,2.372187752996707,7.799010130702776,8.524354354761902,2.459896312040441,8.407540476946954,10.354530698866702,8.834862548765019,0.7301027888695508,-0.26126688933184894,-0.5973320528601217,22.302156127317335,9.0,3.0,5.777061318956267
03-20,-0.06483130475318158,1.1798792767978672,9.060503489015687,8.47580197743332,1.8181785542697344,8.324705697967934,7.4336003597027,8.371649518220261,1.7345156230284948,2.4127804671580004,-0.543027255767224,16.46023824698996,10.0,2.0,5.38866622083863
03-21,-0.09452012243808193,3.2820075199614696,7.870014764106243,9.60750778003536,2.1176506491268383,8.350468218400616,7.09628079449889,6.308756438835528,2.3166001840885895,-1.4998339854201947,0.13576717152276468,20.495648741252122,10.0,2.0,5.49886234616418
03-22,3.0515715167257067,0.146412241818782,5.133401917336335,8.64435410091453,1.9893054656166445,7.511348449064974,7.873722061950462,3.765473528584393,0.2895727216733463,0.13042359122216646,-0.8539982914779766,21.155764563629546,11.0,1.0,4.9031126555882425
03-23,2.1558384250787377,-3.453419179608355,6.053982641787208,7.188269759711388,2.322608449818564,7.4540586157414435,6.774442878725089,5.787214893071809,1.4961364682216851,3.203882793980605,0.40928109040592753,22.443648161542757,11.0,1.0,5.1529954165397385
03-24,7.377044623969155,-1.9185707286429914,5.913554871884712,3.9840599606580844,2.6544913908463954,7.910414257170957,2.149053876881579,5.332324050099884,-0.987658088589892,4.55703771851923,0.7072859994688896,11.968606463516771,10.0,2.0,4.137303699648565
03-25,7.377044623969155,-2.2383270954508,3.4258522974612022,4.10345125279746,3.1481124462774908,8.903411275612312,1.59700582373092,3.3248063626421116,0.531019114367809,5.101390146537703,0.16411753565974904,6.671023588189322,11.0,1.0,3.5090756143162025
03-26,7.8324168910725644,-3.003266692496454,4.033156062106155,3.0668613460109064,2.000422677117336,8.597105971461685,3.4108822961348344,3.7923177494199307,0.8898574562007084,4.006410158440757,0.38115815789066454,2.746893900207982,11.0,1.0,3.1461846644639224
03-27,7.875745725716822,-2.6276140699639803,4.987373448503141,2.69521328529315,2.65319454979465,7.821118512522067,3.942939628165675,1.8691620253031678,0.07275119489096987,5.200872141234313,0.19057907894533227,12.958898523250173,11.0,1.0,3.970019503637957
03-28,11.705795271232134,-0.18923496633542813,6.084239943868613,1.4609617629935183,2.000422677117336,6.925604074090421,5.935005396545914,5.500001907348633,-0.7256875567325485,5.450015467878363,0.2722528596988172,11.985018860367571,10.0,2.0,4.700366308172779
03-29,13.492798048222621,1.2230516833735101,2.920520301330634,2.0403056869640266,-0.14970810956861694,5.32556977229741,5.971600279976965,5.5262514118260215,-1.3304287252793268,1.9931525531978485,0.793436173955626,14.389793750404614,10.0,2.0,4.3496952355584435
03-30,12.797525764832098,0.6015368617186854,2.170444643573877,4.121426369141623,0.23433489320918155,5.384615872662388,6.390393640713428,2.838485378383747,0.12094638818577004,7.6388854495440235,1.2211586618062142,12.503874764303676,12.0,0.0,4.668635724006226
03-31,7.425269456672337,0.9541570072769644,1.9310550389709518,1.8656716063832222,-0.7313403749464085,4.471035044929192,4.901960784313726,2.260742262829279,-4.521612361944721,9.389805469638842,2.3080967106680994,6.8822011340665235,10.0,2.0,3.094753481571501
04-01,7.360979976211778,-0.4148532809324647,0.14386213333161618,1.4735268209224517,-0.4720043291616374,2.8721151152458413,6.6862742106119795,5.715713110888352,-3.44482577661128,7.999999541089051,0.10976153221025325,12.900130333455706,9.0,3.0,3.4108899489384705
04-02,4.918034897551275,-0.787722305547924,-0.657051021452437,0.7796719609665116,-0.641306241099296,2.4737951494805492,5.431373446595435,5.080077141657583,-3.599996566772443,7.499242712797703,0.1636148393499514,12.003841317140244,8.0,4.0,2.721964610888929
04-03,5.9847985883929065,-3.800168175700866,-0.8671927277302881,0.15174853794060764,1.6460035866962295,3.7316615629430236,2.361115883687448,6.299405301128794,-4.540865955539319,7.308872297354098,-0.49086532359911034,8.779369061011774,8.0,4.0,2.2136568863821084
04-04,5.90488473021001,-5.147052696856413,0.20654155744259806,0.12645229110480924,2.0521571387845436,3.2298676712889467,4.186139992851899,7.216244339191882,-7.702247733291838,5.535172266241567,-0.4363339789988786,8.114177876468897,9.0,3.0,1.9405002878698354
04-05,8.219176455288666,-6.1572046764191475,2.3404529115504227,-0.22761798306519637,4.828032621079977,3.989139107776719,3.623192790954534,7.809001395528427,-7.211168298158899,3.7003087571564737,0.2429153966023968,10.468751192092896,9.0,3.0,2.635414972532273
04-06,8.730649416203677,-7.782184152994251,1.9503764342762346,-0.5335342510574737,4.250315840966394,3.7075835683558975,2.166998348152636,5.8194484105111295,-8.968729242362073,5.363637750799006,1.1723917959510117,10.692026236744304,9.0,3.0,2.2140816796288743
04-07,11.611733256800994,-7.5617289660993166,2.730529388824611,-0.9696378704546857,4.188927219751832,3.788190884965078,0.9392510233893387,6.2670990180071735,-9.177616588219028,1.6791014015572647,0.6961133391032122,12.0824198544341,9.0,3.0,2.1895318301717146
04-08,10.523131461597753,-8.46560868809066,3.5063279548496653,1.0255123864595612,5.242019594690659,3.6186930891506415,1.2989638568875639,1.9375954334216627,-7.983829462414921,1.0018775500113084,1.2776139103947202,11.458002837382187,10.0,2.0,2.036691660361679
04-09,10.03930972319855,-12.437355113197444,3.9127783029754717,1.7382685745773305,2.970084214334149,2.936315065592929,0.09991853746156144,2.90395124610599,-7.549068629319048,-0.15838183367919761,1.1006707313076762,10.39649748132312,9.0,3.0,1.329415691723424
04-10,9.79739885399895,-10.96933451249926,2.495292093734749,4.03205759590959,2.41453223618943,3.3705563431410077,-0.5995188480651237,1.8811136696575408,-7.6574328894351815,-1.007238559060266,1.2885893751310822,10.39649748132312,8.0,4.0,1.2868760700021364
04-11,9.331311427928082,-12.53121578517426,3.4348700583837157,2.95517229190411,2.115380085274772,3.6393757527243222,1.4280116539302528,2.90395124610599,-5.8454540408419335,-0.4091884132624667,0.21477001625419462,8.946699409484399,9.0,3.0,1.3486403085592649
04-12,10.527895059440741,-13.718741732744183,5.0492592757454196,2.579511072939724,2.542732149804468,3.775932917045942,0.059497779425449974,1.6621860369398092,-6.648263097350384,-0.5665731903752328,-0.5906073039010258,8.802029268680577,8.0,4.0,1.1229048529709422
04-13,12.057778496532341,-14.433703167542426,3.8793111041869346,3.130478313164384,3.7219287239931482,3.815844267954737,-3.4702229984256343,0.7577642983311469,-6.021067923813242,-0.9128136964079769,-0.7569580064654938,9.492268711565822,7.0,5.0,0.9383840102561449
04-14,12.518452627191232,-14.963168060515294,3.7099751868502873,3.1124540002951027,4.050312368491137,2.970707513828492,-5.799788471300053,0.8310930184699046,-6.949323671220169,-3.1982274582707206,0.5337623603517652,8.240048604177817,8.0,4.0,0.4213581681957919
04-15,11.691760287434708,-15.193375914980741,2.724754437668644,2.080161676593396,2.237190646203407,3.166278811103834,-7.843135556702108,0.9777597833557793,-8.473287266414076,-4.321384095264372,0.6398237123667284,11.753733534142667,8.0,4.0,-0.04664332870767781
04-16,11.18984094390054,-12.246776848545379,4.401163889248005,3.4517285740770234,-2.614378804004254,1.719437446921964,-9.081522480691689,-1.8459266066536473,-9.419923177321724,-6.50326714480446,0.05386603067146107,11.380596594457467,6.0,6.0,-0.7929301318953909
04-17,10.73923302826116,-10.418063704677444,5.344671158734267,0.40557628470927226,-1.893171451000983,1.5307183125551231,-9.012348159738178,-2.2738556709350997,-10.326091463489261,-5.942821816074115,0.026938152283124246,9.090910699400087,6.0,6.0,-1.0606920524976704
04-18,16.671355811795223,-10.14718827291964,7.3562203828076145,0.8111525694185624,-1.9607905511055366,0.656087562520683,-11.310522100885692,-3.735276262885703,-9.452099098925078,-6.328298639459303,-0.16158781811959577,9.64561169345162,5.0,7.0,-0.6629445603589037
04-19,16.45962257973493,-11.4898425287775,2.964551297416732,0.15209473290399214,-2.575794610503036,1.1581449406585413,-10.549223114171793,-5.354913149370238,-8.127762151485388,-2.730486361660392,-1.5229844066340668,11.124588653895294,5.0,7.0,-0.8743336764994103
04-20,17.91955401161721,-9.004125650118683,1.742052792050507,-1.166622066731951,-4.559132752703615,1.282861451396479,-9.191405974854701,-5.404727488108882,-8.673072703616038,-0.45059346966057173,-1.2476346962193952,12.004802030719533,4.0,8.0,-0.5623370430191756
04-21,14.726032020376406,-8.37491993398233,2.1088093388262483,-4.676822688046477,-4.149375732458368,1.3243663488687971,-9.209165922710122,-5.0311246981258675,-7.6251536529667625,-0.911163979227104,-5.960835413298037,15.474759036752225,4.0,8.0,-1.025382939665949
04-22,14.86872390323646,-7.875897279447954,0.29384848537770714,-5.368946589700116,-4.583332192750645,0.5282061912703482,-10.138343622697379,-5.093969938788463,-8.218123327224545,0.5133135932642882,-4.478036130190826,13.91225760394821,5.0,7.0,-1.303358275308576
04-23,13.926943323659419,-7.256520457112921,0.139399537320242,-4.980235445723996,-6.0904248593525985,0.6549785786984992,-10.902330675254186,-1.9488410522022512,-8.440228204627097,1.5555548289465413,-5.9038473211644815,13.251196219414792,5.0,7.0,-1.332862960616503
04-24,15.078042345902654,-10.560910953731165,-1.912745702299572,-3.1837192860622787,-7.214808925123021,0.3169269386769505,-13.733360973029052,0.23838447437337348,-6.796358014815443,5.101711200312298,-6.353674882261304,10.727389991689742,5.0,7.0,-1.5244269821972345
04-25,12.707975409100541,-10.39159942055991,-2.49602489147519,-5.454071422840281,-7.6130243723330535,-0.48718395826440025,-15.730096768103689,1.9906376431639332,-8.335459653944264,5.489179506884151,-6.213098407178901,11.037793306339069,4.0,8.0,-2.124581085767666
04-26,13.722710773377674,-8.703147511604339,-3.123996202327283,-6.784964756855853,-7.748295903351926,-1.5351756558229257,-19.73133476014158,2.257228102578691,-6.49450492428543,5.004841044320503,-5.59007187829155,12.507379019526072,4.0,8.0,-2.1849443877398294
04-27,14.35406318418686,-6.607834169868177,-4.5584901484564355,-7.863119728881425,-8.410778008554352,-2.18884225571408,-18.29852048507414,1.3872564531441045,-6.008689433513076,4.761909986801551,-5.0690034830733675,10.175652827895581,4.0,8.0,-2.36053293842558
04-28,14.253265995950052,-5.058119533204549,-2.6617818600023395,-10.382077859025076,-6.822343226685414,-2.4747098794335693,-16.15965895370793,1.481300897014489,-8.224547228791703,3.383336956666647,-5.395479562383121,5.825847664848518,4.0,8.0,-2.6862472157295
04-29,13.117548776567482,-5.251834889126619,-3.8412255582032264,-9.832197325671132,-7.6852016515974535,-3.678208265724138,-15.016187979069631,2.0975710187300467,-6.175708895430279,6.168623581239378,-7.305150653111929,0.9296595604386102,4.0,8.0,-3.039359356746574
04-30,12.407724837512522,-1.9843834971537941,-6.131008817563878,-8.833456905468951,-10.826536969922511,-3.871798606310374,-12.90184154002173,1.4309527063061596,-7.481037521833729,6.746761209110992,-8.074892618170216,4.927177347483925,4.0,8.0,-2.8826950313359654
05-01,11.857813800179134,-4.576270789190522,-5.147054564133357,-8.920676819548534,-8.847495156133913,-4.581624384850358,-13.273953448592483,2.293138117023912,-6.395653260010524,5.522983698260152,-7.753076366935034,1.9053873637654022,4.0,8.0,-3.1597068175138445
05-02,8.335663055206512,-3.458397731170579,-3.362664063753181,-8.010397802972545,-8.847495156133913,-3.6355877330230673,-16.096270188036186,0.4336220133864542,-10.223044316835427,5.368712679142764,-6.20245439718074,2.9022883324329882,4.0,8.0,-3.5663354424114107
05-03,6.156923894382238,-1.2720535710582044,-4.0544851240870985,-6.371913431275973,-6.829046162438892,-2.9987235935453898,-16.096270188036186,1.9645922442013224,-10.03717152047896,4.659056575103339,-6.820169218674205,3.245501933304959,4.0,8.0,-3.204479846883588
05-04,5.179400591432583,1.5241974776482556,-2.7083249530223603,-4.230472670014896,-7.339870752453602,-1.936438678478338,-16.45625704113673,4.026194193166539,-7.541158162758324,3.742329357232821,-6.612525549787166,6.199370586805035,5.0,7.0,-2.179462966780515
05-05,4.668232790603256,3.377959661009746,-1.041662973216558,-4.495840859710641,-6.538460044714809,-1.3179938873864638,-14.474553388785816,5.166143807334378,-9.25633519440672,1.467372248725406,-7.359802919201373,2.948637533862403,5.0,7.0,-2.2380252688239324
05-06,3.28832267006398,5.355300751758577,-1.735322246954456,-5.151666630587985,-5.158556132786208,-2.787750237300764,-11.742678789879529,3.298055912775895,-6.916951616415459,2.3212685715594445,-6.27348412654737,3.043757019514473,5.0,7.0,-1.8716420712332835
05-07,6.429831021013873,4.208790724469769,-2.2925444222245592,-2.1595489353156836,-8.579953350251955,-3.421336428273473,-11.191896671876208,6.322953651890885,-7.58085430660058,0.44164445939300756,-4.696458448855765,-1.0462901525903052,4.0,8.0,-1.9638052382684161
05-08,5.80777568499234,1.4300489672724916,-1.8649515002952595,-0.6069748563796601,-8.947009663287114,-2.7666344572471115,-13.04443560185032,8.307541069290288,-10.174880714906985,1.732281061608033,-5.18328026403127,-0.7547222774366896,4.0,8.0,-2.1721035460226044
05-09,4.9825148592019,2.2203906864917844,-0.28490076655006824,-0.4046531201502261,-7.272305936794343,-2.407330850393907,-9.991437743351193,9.00071157213103,-8.469229831494127,-1.133860190083639,-4.667815445548383,-5.9163929989389255,3.0,9.0,-2.028692480456675
05-10,1.4803561521389141,1.1842918806868952,-1.7783406478650003,-2.4785015668815595,-12.135685480857784,-1.8420473011157927,-7.822985567035383,5.593577983551171,-8.732245278409186,-4.314957265778812,-4.037268151045649,-6.155326773439246,3.0,9.0,-3.4199276680042856
05-11,3.0041592909610353,-1.4297735187990386,0.5080973279614335,-3.7955105553255706,-11.808560921575038,-1.9283743884176918,-6.483018117758144,6.042005246942024,-5.286686736803469,-7.997434658818557,-5.972691931839302,-6.498539611061216,3.0,9.0,-3.4705273812111277
05-12,5.492261446850167,-1.3666898494806654,0.6668754715751335,-2.3517433761807265,-14.282205825233978,-2.10146009540063,-5.841357697564802,5.027135490001358,-2.6653021612674492,-4.790420673471408,-6.1236048812478785,-7.076409082299799,3.0,9.0,-2.951076769476723
05-13,9.11480857028645,-1.4297735187990386,0.38313835585573003,-3.0365421684050404,-11.087224309494195,-0.9322004652475833,-4.529614763276889,7.156137931083382,-1.651846381408086,-6.297951630786082,-6.946033749559433,-3.7873733395373788,3.0,9.0,-1.9203729557740135
05-14,7.7417459946514,0.40399453889127235,-0.6302511036144857,-3.169284974781815,-10.817877053018577,-1.0593220167754542,-3.2998577170331127,2.551760592029248,-1.0356146648948896,-3.3893039731329537,-3.9361015384022613,-1.7940166157311648,3.0,9.0,-1.5361773776510663
05-15,10.51127841832465,2.3854702953294225,0.5589244332338721,-2.0271929075803534,-11.22205718472269,-1.016948166266164,-5.8314483870582166,1.4365720890478713,0.07494074497048743,-4.387624293745173,-4.592118461469329,-2.870342641249351,5.0,7.0,-1.4150455050987478
05-16,8.568181169121567,3.304052752907969,2.520351570806652,-1.462662758453789,-11.293390025936512,-1.3977124742697484,-6.131782842473556,2.1749673819423427,1.7839474970633638,-3.21969838364244,-5.67597771198471,-7.998653075804139,5.0,7.0,-1.5690314083935835
05-17,8.149848982936492,-0.45623051214237426,1.9931525531978485,-1.0007682253836832,-11.609055645565434,-0.6323841914888173,-9.125882398405066,2.85171271559658,4.1377650108713375,-4.166665663221479,-5.59931854953924,-5.64542434066442,4.0,8.0,-1.758604188650688
05-18,7.515118470351389,1.716736616428918,0.20243674920795438,0.0,-11.219399227340181,-0.5687812319792174,-9.125882398405066,4.443922683487111,3.889989274235898,2.869226050821746,-3.5199461713255733,-5.193951083969049,6.0,6.0,-0.7492108557071725
05-19,6.996833680405253,2.6609397089533386,-0.809711356559114,-0.150304048204321,-10.771778068796943,0.06279836510237995,-7.501599172588184,5.560836622542611,0.8516942722585493,10.507139918590584,-3.2623731404800043,-5.456941980925158,6.0,6.0,-0.10937209997508401
05-20,4.779728964272882,5.793985057191824,-0.6851486033052758,-0.150304048204321,-10.771778068796943,-0.020930126517478994,-6.945928481316789,4.253804271953093,0.4508930329023388,10.507139918590584,-3.2623731404800043,-5.292566400279494,5.0,7.0,-0.11195646866579874
05-21,5.269214052628763,4.141631691785563,1.8484241868266365,0.9169738435605356,-11.265288955688971,-1.2350850888300602,-9.25410970641916,5.878190846527763,0.17583444463577022,8.742855616978247,-4.477198696722861,-3.6160433225210538,7.0,5.0,-0.2395500906032355
05-22,4.851600224091685,4.426124774948174,2.2999079606331567,-0.07454964723057635,-10.06584838480498,-0.9001471657007213,-8.992650234221266,8.112469479783934,0.9965065203383999,10.287010722237452,-3.5873218808961527,-4.136333647921738,6.0,6.0,0.2680640601047806
05-23,2.1632536475637654,5.289183343904198,2.836231409604485,0.7703811142157665,-9.948258458835408,-1.1113495685808736,-3.8379513400811605,5.386807049459245,-0.30318071332329705,9.718665252659475,-2.8643009461001085,-3.5259547936566924,6.0,6.0,0.38112716640244965
05-24,1.7096499023001932,6.376195640056349,1.7109727501473708,0.9940395357710803,-11.69047582717169,-0.14665764822033142,-7.009454095929707,4.480795106624315,-0.7074248770680612,10.258592906744154,-3.3655206088362264,-4.001309683544648,6.0,6.0,-0.11588307492726684
05-25,-1.9537051464931805,10.474427229339609,0.7638252474687275,0.35390090870984264,-9.697401897659573,-1.121215938574901,-5.525458619173882,3.0109067059628116,0.7074345150091657,10.997147780074307,-3.077765734185097,-5.911818700208833,6.0,6.0,-0.08164363747758352
05-26,-1.9230751596258082,10.782501844475519,0.38191262373436374,-1.1895754003284058,-8.970416368112057,-1.2926480782017156,-6.471357621016763,3.6747255235803267,1.8145191914456953,14.069082120221763,-4.252359084943386,-5.34883283255398,5.0,7.0,0.10620639655629611
05-27,-1.7728370619861031,8.133085225228134,0.3329316201679252,-1.0872321453115152,-6.846137740759054,-0.2727104533432178,-5.924790085323616,2.246920316235551,2.9389649416780625,13.729914495720044,-2.5984598264709304,-6.843851959585234,5.0,7.0,0.16964977718750376
05-28,-3.245197928692647,8.227589863991913,-2.1092554741483576,-1.7302807083378509,-7.319345636279921,-0.04195606992218031,-6.252725602764262,3.460794568580078,2.8657602429131956,14.501258455698876,-2.0680226436277636,-7.441859610397737,4.0,8.0,-0.09610337858222155
05-29,-4.1043614369117964,10.105518801937334,-4.196344081194335,0.34895162855346484,-3.4265672580899755,0.8810534614597928,-6.06462559818894,4.0644597570557215,2.1028675079425514,13.583731958965009,-1.0340165118781695,-9.665429522146942,6.0,6.0,0.21626989229197635
05-30,-4.9170614038606635,9.922734928494206,-4.06742515382678,1.6699855104254466,-2.261066134043672,0.31485666058642564,-6.090590337828016,6.185326998591379,3.544687805700696,12.086983070005028,-0.054423014322916664,-11.452706936852918,6.0,6.0,0.4067751660890179
05-31,-4.329889169282552,10.105518801937334,-3.6825875708114406,1.719837101392905,1.7284560271347713,-0.9982952160716398,-4.641074303451676,5.2719097329041595,3.8692036910194356,12.25642522250695,0.054216476266131415,-11.077443875465203,7.0,5.0,0.8563564098399313
06-01,-2.133788515737386,10.160214959848217,-0.8320506977369367,4.992511062002731,1.8773988544345823,0.021030563376082875,-5.741834035843456,4.654474129812398,2.7708451630049797,14.233887882188355,3.5058856152889644,-7.845706158572462,8.0,4.0,2.1385724018388395
06-02,-1.2356040976339664,6.530117888918291,0.369796391566807,5.569429298817882,1.6772390790670704,-0.021031386917658868,-7.908102452301749,3.9658085002071033,2.6177991051677116,12.394608003959222,2.9743921514944294,-7.553260771994753,8.0,4.0,1.6150993091958652
06-03,1.6006730835565448,4.421010432898917,0.18553300249819027,5.166786089242503,2.165085884458738,1.1635183063853984,-6.980339773489397,1.7707625323162997,4.577720934480401,11.849548817120223,2.0027849942227767,-7.424142256441487,10.0,2.0,1.7082451706040918
06-04,-0.7582152573318902,7.311133562354611,3.0646701643102174,6.572769377756646,3.4852493679457184,1.6621633478219822,-4.550477915751228,-0.575405619119618,4.131825655387228,9.652173691901607,1.052343012163507,-5.616532292373277,8.0,4.0,2.119308091255459
06-05,3.0050029427514313,5.733146004877683,1.9832701825794232,6.665024826961822,4.624664370973373,1.9114937943603048,-2.554023431283848,0.023828221523729765,4.577720934480401,7.921657869037125,1.495433138742576,-8.45803643730851,10.0,2.0,2.244098534807959
06-06,2.2179075237844845,6.216664935678055,3.1537069548612453,5.7550422070078415,4.848074732615364,3.478079072652529,0.9812489248809092,-0.19107196822438305,4.741269415592959,9.470914521563811,1.910834754205041,-10.56752020414727,10.0,2.0,2.667929239205882
06-07,2.1093487296200277,8.175973874304125,3.822629880231331,5.853421242122084,4.121181776063246,4.742436184915819,-1.3163769669905272,-4.070197497751886,5.872439642628503,8.53551080704545,2.149359532422613,-10.965637880456738,9.0,3.0,2.419174110346171
06-08,1.8369046529538584,5.5352080880898535,4.067277959251314,7.371248151775987,2.717151846865653,5.07231955739876,-1.9991001358878782,-3.655861673476036,7.821901467331823,11.095350648493103,1.2001124286940172,-9.496132197499795,9.0,3.0,2.630531732832555
06-09,1.223248336041199,5.453806142578698,4.464834733202742,6.059111273220092,3.426927377288913,6.143006964799513,-7.458495657158524,-3.412141280845757,7.637233046311516,6.789951596000532,0.9235880788840541,-5.025444964590607,9.0,3.0,2.185468803811031
06-10,2.0850708216499174,3.601954578242269,6.14779121291082,5.710757304626441,3.7461452686784886,8.16205015407305,-8.370348323687182,-3.047436029287219,8.56254894395114,6.655101158460397,0.05645579926635462,-2.639948821905886,9.0,3.0,2.555845172248216
06-11,-0.11119571718851413,5.543326776257945,5.641027912995897,5.943279636882206,3.3459735416760976,8.122523556510219,-7.622161062992111,-5.3024674264533544,8.387251469910833,7.325489661469486,0.628754530293501,3.1806615235796274,9.0,3.0,2.9235387002451527
06-12,1.8665942889909075,4.865408508805586,6.009609873830707,6.007323659683551,4.193622554824252,7.588933336730877,-6.765683334430441,-7.278719020217799,8.299350440026105,7.097881052406671,2.3149509415128313,0.7679992675781135,10.0,2.0,2.913939297478447
06-13,4.407338253906631,5.035833020440596,5.039459651699817,6.105005991263738,2.0075875287059572,8.19992319961488,-6.3644879472414315,-7.660977987770055,7.452673483027048,7.240981335823187,1.9434131824985519,0.5115084523652913,10.0,2.0,2.8265215136945177
06-14,4.171241808581123,4.139042303283083,1.6991018078743254,5.909650643603211,2.576060135150246,6.8796591625595624,-7.7307324672289015,-7.177895203084615,9.753174549414592,6.697195891699735,-2.7413531921887824,0.606830501276948,9.0,3.0,2.065164661745044
06-15,4.302558063317301,-0.1438329816214196,3.61445229395069,7.611048901577883,0.741068999334564,6.9526105685041975,-5.743635254035849,-6.454944563770698,9.13012560528496,8.876252094284986,-1.9047715280066202,1.456615217175307,8.0,4.0,2.3697956179996083
06-16,5.054945262240515,0.2465562695692331,4.757488597448816,8.800378249111283,1.4712435096574936,6.291917935705574,-5.342979194858562,-4.905761808251213,5.446150304633185,7.527181902656214,-2.576394795784015,1.6544146005671052,9.0,3.0,2.368761736057969
06-17,6.428571578284815,0.410924503321239,5.4639777163912076,8.363282775110475,0.4952665805368332,4.894546690461595,-5.9029368718343616,-5.193140883532306,5.961063355719698,8.496176390039006,-2.730272419499934,3.370093427360657,9.0,3.0,2.504796070196577
06-18,6.813195749924407,-0.6046724792812461,5.442380788678535,6.41213630139058,-0.742402723719563,5.789892448455096,-6.066258602649532,-2.139550767238289,6.7776112413039895,8.806093437794809,-3.5938927369716267,2.57352992737584,7.0,5.0,2.4556718820885837
06-19,8.284336252837576,0.0,5.58590868837291,2.3082657831793916,1.934759495141775,6.605650230198711,-8.069368042697796,-4.998750522125388,7.158298020123588,10.096420102265492,-4.5822066704535205,3.4161501720700578,8.0,4.0,2.3116219590760667
06-20,14.778583048188644,1.7572186656818773,4.395937446936645,1.8615040530092366,5.826771896812484,3.5728869260011806,-9.458215798888746,-3.9594122250994244,9.712912996883722,9.954618515649942,-6.079661025469223,3.031247854232777,9.0,3.0,2.9495326961615924
06-21,14.514469445773356,3.0882631589387937,1.772387119181178,3.8719318387749344,6.875698969561878,4.357522333258739,-11.297852790263155,-4.363906306298173,9.043059445669721,11.34429462014062,-4.518431882705066,2.3292406687306983,9.0,3.0,3.0847230517302933
06-22,15.776083672522695,4.655306052756341,2.083333580450436,1.3118074313075225,8.768781865961001,4.954688466399549,-9.257564097229677,-4.462518484493076,6.650714904396658,10.49365625005044,-4.805971971198673,5.9126709601482,9.0,3.0,3.5067490525892846
06-23,14.147091259229006,5.784465521839317,2.611940785365037,2.3372713842106623,8.047019073744286,3.477195304075631,-11.836925705564402,-6.114397086459227,5.771072663500115,12.990264192450878,-6.6201041147064075,5.844743555948295,9.0,3.0,3.0366364028027655
06-24,12.589377743579266,6.834391430714752,-0.5198175563443741,2.922803409003427,7.377044623969155,3.83751990958101,-13.018306659611643,-0.6054734668363402,4.671318766510776,14.324836689469514,-7.17338952753761,8.371379666327165,8.0,4.0,3.3009737524020917
06-25,10.597552456714732,6.916880526588629,-3.1291134271812746,3.0197132360571244,2.810039156014646,3.653808642987097,-12.416031590678477,0.5809771737794469,4.625387247846065,12.796204019842389,-3.937946529826164,7.732113017234041,9.0,3.0,2.770798660781521
06-26,8.753243978921487,5.175491958273279,-8.4141287250345,1.647231946939938,2.3223408455817505,3.612983051890067,-11.494783103305181,2.1676985643998234,3.0369865854957423,10.09225765768206,-4.59427474491773,10.375081881561847,9.0,3.0,1.8900108247907152
06-27,9.91756441109505,4.760006837736709,-2.4206731387159826,1.241758426604567,2.577799756040107,2.6072684903180763,-9.990596870083108,1.4635331235249853,1.428224137743147,11.434162986431216,-6.026254266639825,8.212118437795928,9.0,3.0,2.1004093609875727
06-28,8.932292106457865,4.550895905664755,-5.901859070460963,0.6842383781755409,3.1760668443815128,2.5856727547085296,-8.43568774259573,0.5527506341326919,0.6156119089943439,7.436398695473819,-6.305254245536809,9.582086819321361,9.0,3.0,1.4561010823930765
06-29,6.597215535803475,4.521884145560796,-6.465519803730261,-0.8080800685720759,1.9043187846548535,3.1026748432053433,-9.271371436237985,-1.1295390862988837,1.699094880659438,1.3815971787050094,-6.980173616670216,9.636036688920205,7.0,5.0,0.3490115038333084
06-30,8.773312790548768,3.3395574381375583,-7.625992203902148,-0.6485365940224865,1.7445916974124391,3.122446488360955,-9.655502515536824,-1.8024513073749346,0.22556428357406716,2.4526227478216196,-7.329368991356734,10.47674959947362,7.0,5.0,0.2560827860946584
07-01,7.959019709970779,4.397425787480608,-3.130928984321174,-1.9454184119371682,0.14183820254347426,2.569851831334839,-8.413405921354475,-3.481991590380303,-1.6974870742944705,1.960786408907115,-5.237123343028954,11.065333371203403,6.0,6.0,0.34899166551030597
07-02,8.930920812014502,3.9843112301650754,-2.6933936803381684,-1.6372738002272866,-1.1899095539101057,2.7330209788904285,-9.913296316970854,-0.7410890390246341,-0.8542717565463992,1.4362104918037717,-9.76801259735137,9.858741690993126,5.0,7.0,0.01216320495817369
07-03,8.461544766179824,3.625564254051651,-1.9906667473507729,-0.9027096306659744,0.047597471551137416,2.6514364051126265,-8.17684490530719,-0.8616577809235013,-2.319652964646031,-0.3135598344151588,-10.653241322582183,7.240642647109874,5.0,7.0,-0.2659623034904747
07-05,6.930969208769295,4.987886102323104,-1.9906667473507729,0.8024064349387822,0.19024498884392116,4.331105841443393,-6.655730664302692,-1.444387243373456,-1.046728826335339,-0.05700297041800591,-10.006038015047503,7.353388293875191,6.0,6.0,0.28295386694715985
07-06,8.169247897653259,5.597915142426973,-1.8040372902954818,1.0766157234873341,-0.16595470440437457,4.427817766370535,-7.5886504547741485,-1.5406821751157218,-1.302022364235921,-2.0343812419210945,-7.019633210378723,7.521993805774181,5.0,7.0,0.44485240788223473
07-07,11.797456571918149,2.307386682098958,-2.768271687116528,1.0012553648058424,-1.8072289156626504,5.023106242728641,-12.177934396107618,0.36110140243843086,-1.7377978191007035,1.5542536152278086,-6.733908393397938,8.691675211634848,7.0,5.0,0.4592578232889366
07-08,11.77094988790533,1.9662912103451162,-6.153349842385637,0.5781788569486741,-2.0038673774664293,6.238829902859771,-11.18133776631947,2.362948977342032,-0.9132435998821902,2.070679112984987,-7.950787775572639,8.20372204620401,7.0,5.0,0.4157511360802961
07-09,9.570520926627559,0.14184335762629505,-3.7263147640000645,0.4530589158059914,-3.7813094352474903,5.285125303667475,-9.820128768752195,0.09610067721420278,-1.2471312098541898,1.170237325405055,-8.005917345141901,9.759074942337461,7.0,5.0,-0.00873667285931671
07-10,10.332013404227615,0.2636403660407463,-4.905783610125047,1.5037650773752513,-3.3237019578529243,5.34472947256374,-14.099344821448053,-1.4888957583025586,0.32573557657795116,1.0779419191786064,-8.567213165743611,9.728577142390453,7.0,5.0,-0.31737802959315253
07-11,10.04239731576322,0.8267792824169072,-1.3814773274338958,-0.5513719237909739,-5.900772485375403,6.233812608026743,-16.292556963097017,-0.1445119764679487,3.18861717553154,2.1282488979236365,-8.980800746125542,9.478818897225839,6.0,6.0,-0.11273477045024134
07-12,10.728367465997753,0.32428019237393,0.12356225563752053,-0.4010021085045183,-8.410986777461874,4.555489412703516,-20.960130908565425,-4.47174363810202,1.7414743107697312,0.9673810701185214,-9.344111976390211,9.451215079963879,7.0,5.0,-1.3080171351215995
07-13,9.707441115174035,0.7452220245938196,-0.24714808061322083,-0.7802702664555989,-7.504868293490029,4.746643135187569,-21.72650293076095,-3.464373024523441,1.6188369879854347,1.166661580403646,-11.346214945377678,9.118725564284546,6.0,6.0,-1.497153927799322
07-14,6.949289296422258,0.684793841165663,0.0926746378954403,0.20025489243268288,-8.66995219225776,4.305833715890395,-19.07620415320189,-2.678133002838716,0.07339186206023451,0.5064724269524133,-10.398303578926052,4.8522590956498215,8.0,4.0,-1.9298019298962927
07-15,4.453983973768167,0.8257801305371552,-1.1782978856286337,-0.6563956514185537,-8.803945159045615,5.637157785582658,-18.136745350439476,-4.222885075907422,-0.6684834410591012,0.6462476573482226,-10.364740696835009,3.6391972880648034,5.0,7.0,-2.402427202086067
07-16,3.5685586657341806,1.881822187243442,-0.3108557491772001,-1.735137353927739,-9.400447786929602,4.466057864822064,-19.54593355458314,-5.005005119675151,-1.9047576252353593,-0.9997209528658978,-8.906399851248779,4.385697318321343,4.0,8.0,-2.7921768297934864
07-17,3.8389727836440097,3.236047822081984,0.8602113236859406,-2.016645043316595,-10.436712730415985,3.5529989630353587,-14.307083328222644,-5.959597730524766,-2.2378661790402288,1.117797066411397,-9.391101019221084,5.457910703384059,6.0,6.0,-2.1904222807082125
07-18,3.6888561180004498,2.108855629149221,0.707690899188702,-2.495592952262336,-10.757465437128722,2.897981080222584,-10.502954086038162,-6.039927743444109,-3.4177176560027687,1.9489834252549125,-9.93639127771335,6.1732249737534435,6.0,6.0,-2.135371418918345
07-19,3.1711914383469466,2.0301473799662375,1.2397939255992143,-3.277043387351339,-10.782143790278779,2.327891380855942,-8.707252467733518,-6.026835027246268,-5.189871486229233,-1.0031593434828057,-8.542876864316401,4.590884446245223,5.0,7.0,-2.5141061496353982
07-20,2.3841806333058555,2.0078749470128643,1.1188356071944,-2.3443416891907227,-10.586791821065521,1.5245704007949876,-12.27455348354883,-3.899713941186836,-6.07595323007318,0.8025187279881765,-7.2328927655616635,5.271320195161084,6.0,6.0,-2.4420788682641157
07-21,1.155428298695321,3.267716284139382,0.15119213039597412,-3.4262340365017074,-10.451767276083562,2.366743547334733,-11.9436760003173,-3.0387361287363976,-5.8481047425089,0.5753652413679372,-6.784221517857366,4.914011736285865,6.0,6.0,-2.4218568719821683
07-22,1.0453845099567276,1.6338543874463558,-0.24191663680967188,-2.6128935612319903,-11.34909091967731,1.9743336029102867,-7.543374315989873,-1.7219459649942375,-4.351082247407003,-1.1413615020329635,-6.752310245316824,3.439805872220077,4.0,8.0,-2.301716418410536
07-23,-0.22008757747718682,1.2795230727236893,-0.09022189262218046,-4.4140397789996495,-11.280045185174616,0.09872270533349747,-6.663308223986513,0.35380184667211284,-3.16439741694546,-1.3192634268171075,-5.22875320710531,4.02334557137215,4.0,8.0,-2.2187269594188814
07-24,-0.49518655497038666,1.8366522491285004,-1.2473375744907358,-4.027705780558216,-9.93134667236406,-1.1253695511400919,-7.065630729059907,3.8058094886844764,-3.7801554150013144,-0.5197814023214464,-3.951282938454765,3.931205874258622,3.0,9.0,-1.8808440838574436
07-25,0.5729956082584171,2.0280755179151058,-2.1485479094570077,-5.05387697239081,-10.421775692052332,-0.989707037746399,-3.013965941793199,8.43009974998939,-2.156327429074518,-0.8951705140984619,0.29708400051814604,2.369816763685498,5.0,7.0,-0.9151083213538476
07-26,2.462532035900649,1.4515454500081972,-0.2739730799646733,-6.849671664950967,-8.319139183092492,-0.5910225801377805,-3.9564845280722385,10.132662812182195,-2.2543448615206985,-1.501589493863603,1.3795163631144172,0.8549729525521135,5.0,7.0,-0.6220829814870733
07-27,3.2651967136285447,2.7929693044279618,1.4611858889870357,-6.232579195316341,-7.914363578734821,-1.1089136104772728,-3.165646418472009,11.413544234083513,-0.7841207646556032,-1.9848229378002993,2.7955709965257816,-0.6105354164047905,5.0,7.0,-0.006042898684024874
07-28,2.0665503965452725,4.941411242762054,0.2739730799646517,-5.192844639210589,-7.655393764292528,0.13690532634832367,-6.0148520133574825,10.5901210860963,-1.1318875280047969,-3.7918897653422983,2.9651174782545633,0.4727375376435477,7.0,5.0,-0.19500429688274856
07-29,2.3080967106680994,6.328128183959017,0.30312908072275957,-6.535617801791554,-7.474841414523321,0.5687407452073331,-6.089106414753133,10.059038968221577,-2.319838637930913,-4.622226291232638,3.859447308397168,-2.867947874379263,6.0,6.0,-0.5402497864529058
07-30,-0.42941453199057894,4.795460472934353,-3.19548417286052,-6.075239909451848,-7.920306932989875,1.431659801733005,-7.054451402175019,10.150461670044198,-1.4684250248618176,-2.884620300903145,4.141497290050927,-1.4812518987827008,4.0,8.0,-0.8325095782710852
07-31,-4.100773848784015,2.347144819524582,-3.422286443278705,-3.731914809547919,-7.993199532857139,3.9419534615926435,-8.250495915363778,11.266360199298262,-1.2207031522848417,-3.7177999515122497,3.9689417599851993,-3.059583852760779,4.0,8.0,-1.1643631054990615
08-01,-3.2258143250176943,1.7853630799506983,-3.2278244569794556,-2.284847778178498,-8.479110037426851,2.451565111857056,-9.369420871079392,7.469942718670411,-1.6605623748637086,-3.2201360627477498,3.2499311280938254,-1.8595700986690686,4.0,8.0,-1.5308736638658687
08-02,-2.1366430402302146,2.2893228524390423,-2.231298212702822,-0.6346788623350402,-8.62363211040301,0.12069515127490288,-12.029284184658874,7.252696510318069,-2.075698310829725,-3.7763493011990503,3.458215379122066,-2.8155367313068567,4.0,8.0,-1.7668492383759593
08-03,-0.5714317420860205,1.103450981854232,-1.0685108606182496,0.1255000925427935,-8.378250879987679,-0.4654054339445865,-12.470464638938255,6.908419423034258,-1.9780159792495378,-5.332550945990125,5.644702391323215,-2.682611213249414,4.0,8.0,-1.5970974004424476
08-04,-3.0414259726678035,0.5320206064308806,3.2683815781050165,-1.3161237151464908,-7.274490489573454,0.5209343264437847,-10.873980469835786,5.232955692601764,-0.947981029252459,-7.730891056566456,6.342433310335931,-6.558961968516866,5.0,7.0,-1.8205940989701617
08-05,-2.6743588728019296,-0.27586086630233986,5.684989420406569,-0.7043994447720305,-6.989125298648831,0.8316427053895329,-9.67987169591591,5.942615902702285,-0.9238931280081029,-6.5052497714297415,6.581559417941047,-6.138926217594014,4.0,8.0,-1.2375731540861221
08-06,-0.9438925435569623,0.1386132570776609,9.495458167140166,-1.1624945363161867,-5.197600404659431,0.6287983030245443,-9.629067217368348,4.97963048379997,-1.342771604868135,-5.734143099430038,6.905371980695202,-6.817449299963024,5.0,7.0,-0.7232955428687152
08-07,-2.3464260018131124,-0.09967950002522497,9.210941070001624,-2.0112040226022576,-3.1377278402180013,1.196754891923744,-8.965163724184105,4.504093683968465,-0.7035349156768517,-3.6405613964547654,4.745661364356503,-7.003890521157655,4.0,8.0,-0.6875614093234698
08-08,-0.9729233722285828,-0.31968001968246623,9.86267685538464,-0.45824926367015584,-4.071858114825037,3.351841904171048,-11.125417180303234,3.737677242151486,1.161945113239991,-3.351631976178499,3.5521456345021227,-9.836065573770492,5.0,7.0,-0.7057948959340984
08-09,-1.5335849702136897,0.19877218463256988,1.7989061388994667,-0.8146631995133164,-1.7485862093645048,4.91071187270462,-8.118270335390363,5.680014481865411,1.694506753011242,-4.565148767679761,3.9488618168210587,-11.443781088403187,6.0,6.0,-0.8326884435525379
08-10,-0.7609575200284115,0.3579958423743987,3.115963185045602,-2.6632546372506125,-2.211127614861066,2.8168977846529604,-9.129996274061583,5.838420675573483,3.413216655867131,-4.302324059849049,4.640632095550091,-9.8000647285729,6.0,6.0,-0.7237165496299963
08-11,2.525387202698673,4.116944600397567,-1.5740497644611249,-1.3312863273969184,-2.3571468534923734,1.626501146592307,-10.560289700307411,5.114275609339407,4.753854901761843,-3.6886449215998285,4.125179800837018,-13.58861469935602,6.0,6.0,-0.9031574170822383
08-12,0.8851865502175763,3.6595071544543014,-3.938805399957432,-1.5913828571652373,-1.9203446359188925,0.24429750507767015,-10.172989086695669,4.910206330975055,3.021446517555136,-5.558844130926908,4.72151037426208,-15.14740521411328,6.0,6.0,-1.7406347410196332
08-13,1.8484745829034044,1.5328804117841672,-4.146422584539503,-0.8150879347999611,-1.6582519023980244,0.18322507032765778,-8.623806331176203,4.393597139867471,3.468349068766974,-7.757318478620942,2.662142183084915,-11.385966373915704,6.0,6.0,-1.6915154290596455
08-14,0.6065389064936558,5.771493337197443,-2.2582728363893594,-0.710305953831129,-0.9853396813219737,-0.06108020082763302,-11.465132631710665,3.3317963922603124,3.4449343561139343,-9.53115461785488,7.2217585742907335,-10.897434577425754,5.0,7.0,-1.2943499110837762
08-15,1.4353990328596515,5.41871921182266,-0.8469334134882458,-1.1669277537721972,-1.057434799939713,-3.433115708463222,-10.773618021453611,3.0851352638007636,4.873913808010291,-8.204823603776056,6.315489820182007,-9.736579188326798,5.0,7.0,-1.174231279378706
08-16,3.1347883660100675,6.341463414634147,-0.1257890455567121,-1.3191285690452315,-1.1510780178760187,-2.5502789838494277,-14.488858719766323,5.517870588081029,5.0194069477992365,-7.64960979951308,5.905403407177014,-9.40824445107706,5.0,7.0,-0.89783790524853
08-17,2.52365683850654,3.8633234878938576,-1.1006361547658594,-1.2674270984291474,0.3601477080035735,-2.4440769159293647,-18.03595122506122,6.060606583432325,5.116393124332226,-11.135104300559613,6.490985304050426,-11.370560734693917,6.0,6.0,-1.7448869486016811
08-18,3.144323273183356,3.24208546566228,2.3899318860595593,-1.9215988302767533,0.5749920192039932,-3.299912241250133,-13.92404530089004,4.296701658591004,5.0806661988235495,-12.170951358771758,3.9053668046540366,-12.910960134455024,7.0,5.0,-1.7994500466221606
08-19,2.783500096891365,4.193360352933922,2.870515126971122,-1.1441569470939619,-0.9732397584656117,-4.911471118261987,-10.799887439208101,5.063871379964104,6.094644425814669,-9.16214854601173,4.069437478695684,-12.29452074927447,6.0,6.0,-1.1841746414204164
08-20,2.9639116850373513,5.717013207240676,3.6016273333510043,-0.5815412052418268,-0.6072383073083932,-6.091912495795526,-7.352543667392126,7.37055924773443,5.8922133759824105,-8.573143159548154,2.372576371045128,-12.29452074927447,6.0,6.0,-0.6319165303474582
08-21,-0.02650977034672899,6.292513476146608,0.48496481425889015,0.3261441699061925,-0.8501391896644956,-5.838955602760397,-6.101157771371498,6.928666981698363,6.385514003401522,-6.214851782250448,0.8494461649442466,-12.982094830954008,6.0,6.0,-0.8955382780826461
08-22,-0.9020964844157996,6.2748057161194595,2.6565469016232077,-0.10035352462326753,0.9472902768856775,-6.247335202236714,2.030328755141024,5.642554241272304,4.54437087651631,-7.073096551915668,2.1968365946351094,-13.259669454363939,7.0,5.0,-0.274151487946858
08-23,0.8085586125645435,7.979215597999284,-1.9526268080050388,0.3261441699061925,-0.44052937466226955,-7.099960208337118,7.900460270558704,4.0221866187716095,2.487445303438127,-6.540393680359763,5.093131457840492,-11.035877523685626,7.0,5.0,0.12897953633576145
08-24,2.1106814080583116,8.477090906620713,-3.6171548304917382,2.2749517633969374,0.31917768125782925,-6.3245342389394485,8.431424564432199,5.917701474619521,2.2243488988974045,-4.837756093894212,5.488505428982996,-13.259669454363939,8.0,4.0,0.600397292381381
08-25,4.081638412443698,7.902055896106074,-3.233035327406103,3.7657901914642538,0.8789077597612388,-7.584573301738446,11.45394542075812,7.489593133333022,2.60429659817691,-5.576983444598169,5.488505428982996,-11.879497875601427,8.0,4.0,1.2825535743068472
08-26,4.923470070440506,8.328699111807413,-0.6885677644835703,4.022291807607266,0.4413936011865959,-7.065925728942492,10.425430602468957,6.961587020614908,3.436588043158148,-5.608306667241723,5.434155997651933,-10.065054890635329,8.0,4.0,1.712146766969384
08-27,4.311230633964721,6.3754653416667555,-0.961530838879572,2.7975445144746933,0.39302346109149255,-8.530812269223938,6.217858633271865,7.864125416738816,2.9669198387548374,-5.608306667241723,6.454355306366718,-11.023626571815957,8.0,4.0,0.9380205665973923
08-28,6.708226257028431,7.813363334846452,1.3636386755740788,2.560921339465211,0.4421525650302181,-8.272297078970645,5.47657534951686,9.132636965832988,3.529978391990759,-7.162535303758279,6.141597838692422,-7.387868407034241,9.0,3.0,1.6955324940178549
08-29,9.28815536512243,8.119575240241799,1.78032638338606,1.3674864123940083,-0.4667218022088325,-9.320175750470606,3.420002650361299,8.523913983292877,4.651159600315565,-6.795229094360271,5.260160848557034,-7.341604222791889,8.0,4.0,1.5405874678199565
08-30,8.731913989010282,7.830432259147464,2.7528372811228654,2.7598224183548754,0.3891993311520924,-12.007127340018119,2.8739721997089687,9.430073383811193,5.2984874921643685,-6.397307222914248,6.1693796196107105,-7.884097468084686,9.0,3.0,1.6622988285888136
08-31,9.968552054324684,8.64854785834094,1.0472725712065236,1.4992560768498495,2.09689735210002,-15.480013142043605,3.600656766529916,9.613177112060148,4.123705211602752,-7.31783293087716,6.794760894115752,-8.139141498597555,9.0,3.0,1.371319860467689
09-01,11.316672766332953,6.720528661293403,0.5086719876103163,2.8098316977795132,1.3838303321879637,-16.875867606419384,7.442621886561876,9.430073383811193,2.506630208374037,-6.66041619325889,6.035928623392253,-9.544834969318847,9.0,3.0,1.2561392315288658
09-02,12.662183068261376,6.02276686455555,1.2022889100548761,3.3674194786301306,0.9026658488194135,-14.899453171494637,7.790402335128871,6.988876872443344,3.0850868696360134,-5.538369221624685,6.2202227274520006,-10.597828745363081,9.0,3.0,1.4338551530415982
09-03,11.941368413150986,5.3175795351351605,3.0357044327010887,3.8471064825992434,1.9787638079111733,-15.74498050415897,5.379085641941523,2.091855794727304,3.1317737644575514,-2.15633792711696,6.19394356942332,-8.933420900329452,9.0,3.0,1.3402035092034972
09-04,9.452248836244543,6.698389253835711,2.949055325496952,4.698646434726825,1.592663777229739,-15.447903097619728,7.797542033858107,2.158593466197369,2.6392255998149734,-5.245297040861259,5.661436212125392,-7.892037683004776,9.0,3.0,1.2552135931703206
09-05,8.00977419507793,6.783688384773144,5.3457188720907824,4.108245808009156,0.7963272859394447,-12.475065632993353,7.069552068401134,2.842956521230185,0.6178942304918207,-6.849741533955572,4.512333510597011,-5.670628295519486,9.0,3.0,1.2575879511785162
09-06,8.987681264942204,5.557613978215521,4.345271528370809,2.9028296700666876,0.2878362577058959,-11.676246432473599,5.5401006570758655,3.8409947585819766,-0.8650575796791845,-5.708110098213426,3.9171837160891947,-7.088786686680031,8.0,4.0,0.8367759195001595
09-07,7.897318426479408,6.217809106263317,3.552562684623913,1.7096195019116962,1.1387979586166452,-10.406642210015674,6.984709603676389,2.36712279475054,-0.4448846002195289,-5.097317208292,4.73552770858291,-7.0519475952184925,8.0,4.0,0.9668896809299273
09-08,7.330881291693044,5.813097520109953,3.1415139509162735,1.6570515485007657,1.4660740911792907,-8.532132656039389,6.386397558593697,-2.1214845664057043,-0.4711098886256005,-3.2425861664764764,4.998612550006669,-7.644417168750412,7.0,5.0,0.731824838725176
09-09,8.339490964563764,6.015453313186642,7.638892338231621,1.0608789644450751,2.137162101871226,-12.596347148037038,7.190437264396664,-1.4119766204492783,-3.9430149654324,-4.813662112842319,5.155773113547034,-9.754409234549518,7.0,5.0,0.4182231649109558
09-10,8.216482231769549,7.22781455197025,8.999998910086486,0.15294767777505616,0.9727160915056696,-12.288046354998366,7.557999524674526,-2.268087993965009,-4.6350868339409015,-4.392199469600158,5.032822985428295,-7.402280874934021,7.0,5.0,0.5979233704809479
09-11,7.451272017571155,6.90674344058773,9.103882564809016,-0.5623753239006503,2.348758345498431,-11.385161860856543,10.30455733611651,-3.6790030176368123,-5.146680310311776,-8.883246181460256,4.89606358941505,-6.232969637816851,6.0,6.0,0.4268200801679168
09-12,5.39056616886154,7.640164609283608,7.707905156297001,-0.6901852380767853,2.609732500586006,-6.788399353820594,11.481479159435004,-3.774451923709217,-7.76111784584909,-8.375632459732978,5.087528830648231,-6.846471428122008,6.0,6.0,0.47342651465005997
09-13,3.2908185980112177,7.402643058333408,8.984601832556121,-1.840493968204791,4.133400799778393,-5.553179177847184,9.555338735743621,0.8484267982260476,-7.734813394455471,-8.280458668929667,4.618744519435199,-8.421051293088679,7.0,5.0,0.5836648199631846
09-14,2.8695848498946748,6.736616121402999,9.24130505292865,-0.9969309823537884,2.689946580737851,-6.142604620486366,7.766515863749242,0.09172418015937579,-8.2346782592254,-8.656616894387655,3.618420261480351,-9.148711414508218,7.0,5.0,-0.013785771717356917
09-15,0.12969970959812485,6.589364458678117,8.185974427167086,-1.6104322221791898,2.9190157182950207,-3.649324355353769,11.685603502693313,-0.7108405279869839,-8.350901106684283,-9.660903801353108,4.0393001279756,-12.30490523004007,6.0,6.0,-0.22819577493251172
09-16,1.0635534514302938,7.049515372674777,9.010549971229329,-1.1965408230889232,3.4192015418881,-5.406550065023068,8.741016379317267,-0.06794740262758758,-6.611142729258153,-12.430301858410672,3.48613902587104,-12.3412037024857,6.0,6.0,-0.44030923654027454
09-17,1.6082981690145444,8.115039920852208,8.53938877974432,-0.6583902519178054,3.274857370476974,-4.118269959407108,9.482958616505817,-0.8256895021802395,-6.168992069622473,-12.467189285206072,3.2390894737602656,-11.941927428809494,6.0,6.0,-0.16006884723242173
09-18,2.211366993696756,9.657043576649029,8.354940060564767,0.5028935394452834,2.3391812865497075,-6.483632088187102,10.426751562089986,-1.8299767177095627,-6.500260165136919,-10.993243657498818,3.403792665603201,-10.667636397057105,7.0,5.0,0.03510172158410185
09-19,2.6261597676531157,9.493671017054181,5.439952309479464,1.2320886920461034,1.005848667077851,-8.96785488142486,6.51206106518252,-2.399251739983554,-7.567853729055768,-11.250401579341032,3.37633689797575,-9.071117737463696,7.0,5.0,-0.7975301042333273
09-20,2.57599177707703,10.127490624399982,5.6537050079697515,1.8104129052444364,3.065217872933918,-6.440032089851584,6.16035506015617,-4.655633613279211,-7.802718429746356,-10.5753804274521,2.9387522639615455,-9.348853096478898,7.0,5.0,-0.5408910120887763
09-21,3.3231065249365055,9.72545884346837,8.333333333333332,2.423176206809028,3.3371708572585965,-7.644667683919231,6.969700634306772,-6.047517562987806,-8.141959699196367,-8.714872820438636,4.6650324269969845,-8.441559201123683,7.0,5.0,-0.01779984504634428
09-22,5.0336416745541275,9.779294469236504,9.540635625633968,2.1597202836326113,3.7800720920952657,-9.99344934185446,4.951917389793301,-5.567563262458873,-11.795156467018716,-7.638445616494595,4.6908879938509545,-9.511843361358924,7.0,5.0,-0.3808573766990699
09-23,4.286073199409231,11.03534498779372,11.572612505978563,2.721598435335927,3.603396157495779,-8.923879937496354,6.899036147008901,-6.377796531411449,-12.373946812367544,-4.64108915273354,4.79414065777287,-5.922467991322343,7.0,5.0,0.5560851387886467
09-24,5.507108996630064,9.904496282525637,9.106677087697573,3.6597418212048143,5.553066616009036,-7.436565223979125,7.956725192316686,-4.953863284141233,-11.977185996641989,-2.113528941770442,4.172313524502254,-6.389083777103409,7.0,5.0,1.0824918581041558
09-25,7.179866605124513,9.873914469354363,9.991410651665623,0.6579001346630591,6.829375834037947,-4.483812734747369,4.083663834361588,-1.3127083340226364,-12.31272288338332,0.12058216170635018,4.334864483163295,-5.635788713870543,8.0,4.0,1.610545459004406
09-26,3.6253836786280567,9.665361829262082,10.068646002849684,0.2530422258603846,6.627852876368019,-6.845370390714923,4.190233943900614,-0.7224455241048406,-12.04131610474109,2.26107941333012,3.1969664320074904,-9.620988842080227,8.0,4.0,0.8882037950471142
09-27,6.337167164854754,9.391177431103372,7.136622603007951,0.17712473181529878,5.833140499795207,-5.162271704991885,1.8694025619539283,-1.3399146275433333,-12.09567994618156,2.26107941333012,1.8513485261382583,-3.9032785180896368,8.0,4.0,1.0296598445993734
09-28,6.793282045918647,6.919726259104691,7.369654701578024,0.281043975643617,4.616080257188713,-6.296787154665755,1.297663891817767,-3.9492248919124466,-12.883929724962323,1.8541051126448744,6.378434245494239,1.0851691067474347,9.0,3.0,1.1221014853831233
09-29,8.027078447366588,6.44751718709525,6.641428699056069,-0.05087880199684014,4.441388766380361,-4.797046015003443,4.213036782918566,-3.055945484444124,-14.192142056663249,-1.0660933737445442,7.097448648323167,3.0193636266040795,7.0,5.0,1.3937630354909902
09-30,6.189558354721831,5.012717158356849,5.94992757693467,-0.2804706958894463,4.309943373345111,-4.450263762514775,1.6163237499261054,-5.134299650774301,-14.44627336593603,-0.9431134267251191,8.311543727090983,4.1680294684431445,7.0,5.0,0.8586352089149186
10-01,8.7765981976478,3.0946757416550965,10.864554394448685,-1.2615903103546933,4.684602290817786,-3.490398055835868,0.9803993909018174,-8.157247254519314,-15.26780395616319,-1.6855630372564858,9.269300787553254,4.693135641786512,7.0,5.0,1.0417219858901168
10-02,7.121742419770113,2.12726876926624,10.217707923973123,-3.129076429427302,4.522265332194956,-2.3123939130946236,-6.137479567280553,-10.215327920232538,-19.388042729843956,-3.6991063386350955,11.851278613061533,-0.06910349013818301,5.0,7.0,-0.759188944198857
10-03,7.054545084635416,3.869914666942432,9.402457943352992,-3.9374242407061137,5.241183621324422,-2.5968317359987956,-14.273876296807428,-7.1046279611936685,-21.58169369683171,-5.03575641526109,11.283240339621347,-3.904328520705232,5.0,7.0,-1.7985997676356191
10-04,7.547627142467103,2.3980801678945465,7.327075530225627,-6.597138708366314,5.542670335924282,-3.5045188230552844,-11.623509562462065,-5.10771417455947,-21.118194724379837,-5.377691810388807,7.7412563338940075,-1.8972098956590153,5.0,7.0,-2.0557723490387687
10-05,8.627261703693293,0.9921016213479513,8.440794990984832,-7.439306635233005,5.447831548885099,-4.0319001316636776,-11.024680109791227,-4.720399136812806,-20.133258026583775,-4.462344611967747,8.85280524122213,-1.8972098956590153,5.0,7.0,-1.779025286798162
10-06,7.5880170597903875,0.9553563381373559,6.359901045944885,-7.000261302314118,4.566633662838341,-3.2768810727260482,-10.395126170280546,-3.9699814454830284,-19.768115057461504,-3.884100461068016,8.565428320026811,0.10348632936312252,6.0,6.0,-1.6796368961026964
10-07,6.755471195860382,1.1574518915726097,7.648233115484341,-6.4208400124966065,2.8001906081319135,-0.8913040161132812,-13.444709143235784,-2.5286293406288207,-16.951078243282012,-1.383872025405564,7.496012160792839,-0.758880010663783,5.0,7.0,-1.376829484998647
10-08,4.614658418548502,2.7022158986773492,6.356417627061401,-6.4208400124966065,3.0893607300140706,-0.913039497707201,-13.78944812830979,-3.1235294887574296,-14.63618666387326,-1.383872025405564,7.76982332620164,-4.587788665769816,5.0,7.0,-1.6935190401513924
10-09,0.8939331658393177,3.525012652272111,5.498276831677439,-5.3243769615151555,3.255709807433945,0.8695685345193614,-14.450400804011366,-0.41474723236691413,-14.63618666387326,-2.1521644387671306,6.735616486856966,-2.8975514288370334,6.0,6.0,-1.5914425042309768
10-10,1.331072703588217,3.3012174493126665,5.498276831677439,-3.9545170542806476,2.305135880453485,3.3168229709351786,-16.717080037427433,-0.41474723236691413,-12.39130833649238,0.9700014951207805,5.43622192211786,-2.38013294068751,7.0,5.0,-1.1415863623374383
10-11,2.8360311074204425,3.3012174493126665,3.8305273647525744,-3.4375856248714123,1.0021430934728264,6.566518581096292,-17.232813687483894,-0.25474898002346064,-13.342391166321946,3.485909267563151,4.899360583567888,-2.38013294068751,7.0,5.0,-0.8938304126835318
10-12,2.8360311074204425,2.8591982289816986,3.017994611601616,-2.336328188927702,2.2775868669435617,6.3252983125299105,-17.232813687483894,-1.1810984667178546,-12.74457211586853,4.45175268635827,4.784819360674664,-2.38013294068751,7.0,5.0,-0.7768553520979443
10-13,0.6251462384691168,2.067976107277435,3.4532752708202663,-1.7512654821999842,2.9910515429759155,6.3252983125299105,-16.921810598308852,-2.0611379883240932,-12.195787431201603,-0.9684517011751423,5.7173105272723586,-2.1386714181732507,6.0,6.0,-1.23808888500316
10-14,-0.07212978885987203,2.6074460475182026,2.43902493055403,-1.3653626446124754,2.9910515429759155,8.409624569476069,-17.905956558755285,-2.398134484285357,-11.706131571537226,-0.09290423798795695,5.7173105272723586,-1.552262043781633,5.0,7.0,-1.0773686426686024
10-15,0.7934643660590454,2.6545548728186086,-0.7200655583100208,-1.084216608245498,3.711529310979823,6.834155451873918,-19.90158123260809,-2.851127319240498,-14.44719547183766,-0.9999990463256836,5.381767042149387,-0.965852669390028,5.0,7.0,-1.7995472385063913
10-16,4.5454561621941645,2.2170600244964667,0.5038588476155357,-0.3486908700568794,2.654454019769773,3.917394304381839,-21.199552526946967,-2.899223405419546,-14.478765148983083,-3.2148406942254537,5.408273726162205,-1.586757486902674,6.0,6.0,-2.0401110873262183
10-17,2.26682200486804,2.0419186225274286,2.948830451760953,-1.2453299651252123,2.067185986431272,5.139494529786314,-22.00225861144159,-4.3880419374210495,-15.913550376004087,-0.18547566034360655,5.249203282500388,-0.24146152251425965,6.0,6.0,-2.021888599581284
10-18,3.2039265333526865,1.7956545603511633,2.4099866112456003,-0.5230363050853191,-2.1818218809185606,0.5219614314025252,-21.692520341913085,-5.423403257954651,-13.555986167734686,-0.06182522011457213,4.84848515308797,-0.24146152251425965,5.0,7.0,-2.575003367232932
10-19,6.926021467300473,4.897813357126578,3.4306749894195416,1.2642496767578364,-2.298018286001344,0.23990577822239592,-19.534494894024032,-6.517597060178771,-13.191132815164059,1.178969718132194,4.710528725071957,-0.24146152251425965,7.0,5.0,-1.5945450721542904
10-20,7.087684914674979,4.228325902312697,2.0130396236396146,1.7374056764284662,-2.8203253520247795,0.9313331330555223,-23.79203766277946,-4.448141986586131,-4.242912563413906,1.6193057950182579,4.282322675575895,-0.2759569656352882,7.0,5.0,-1.1399964008111778
10-21,7.655608579827754,3.7174010888823945,0.8217651119406616,1.1238780036214853,-3.2722835839373583,2.819553589603726,-23.0008463691282,-6.549055134174017,-1.9848480108680515,1.6193057950182579,4.635243823144349,0.2759569656352882,8.0,4.0,-1.011526678369476
10-22,7.928218178496806,5.133146831088056,-0.7765327989904712,1.0991722211506896,-5.135806990258487,5.158732593153529,-23.396436626440778,-4.0679605783588455,-1.9316049001382791,3.736920692046511,5.201249218689943,-1.276305078146345,6.0,6.0,-0.6939339364756393
10-23,8.641132838089499,3.840726840986329,-1.6536108924819812,2.703373414776616,-4.074077841676312,2.777781540068448,-25.727590208262953,-3.9187652667653903,-1.7191973376016074,1.612899480987534,4.4432750204419325,0.24146152251424738,7.0,5.0,-1.0693825740769698
10-24,9.531504485548522,3.3126641392580174,-1.300956232883352,2.9761923909277392,-5.135806990258487,11.325756872433704,-25.422723012685278,-4.217594429755773,-1.8877850871139246,4.077906657633344,4.36486733457439,1.6902372369327703,7.0,5.0,-0.05714471961569406
10-25,11.312216999309125,2.3962739301997695,2.6241544616621497,2.579367369541025,-3.4163043960895547,8.973607068741934,-36.299155884490204,-3.084221091338239,0.3408523078018662,5.082166905888183,5.172866169278566,1.6902372369327703,9.0,3.0,-0.21899491021355044
10-26,11.472443894313255,1.8391642167359001,1.0722270545789125,2.1313428207583827,-2.7576182521544412,4.960196411350325,-37.18364438010428,-3.4638173941138723,0.47194627177848114,3.2797013488590148,4.855879027237296,1.6902372369327703,9.0,3.0,-0.9693284786523554
10-27,13.2281032091883,2.037499589022421,1.0440150852768935,5.083534583643562,-2.70792774506017,5.844285834297407,-30.29541006317628,-4.744958309840289,0.07803015188249104,4.5098669598953816,5.567010025476869,2.345637497566457,9.0,3.0,0.1658072348477533
10-28,14.295243153877749,1.5686962608124935,1.862302124680974,5.914360002191172,-2.7327717286917093,0.6459707490073163,-35.543687874801186,-3.3665200537494275,-0.6259824661231701,2.898088721233887,5.3474547759794095,4.967231960768214,8.0,4.0,-0.397467864567856
10-29,13.539351299613433,-0.8372823273903256,3.6636129324065037,6.445537454612414,-4.248051067770668,1.3336177994610776,-36.23506879282693,-2.7123469492223036,-0.07782774212170993,3.175611328257852,5.743858041549306,4.932736517647173,7.0,5.0,-0.43968762548201495
10-30,14.787190451305952,-1.4120676233281098,2.7731138860213362,7.339230767863396,-4.3701195203539625,1.47948088005276,-33.78250965479438,-2.541567063195854,-0.5473101512009847,4.030228833189702,5.743858041549306,4.932736517647173,7.0,5.0,-0.13064455293697272
10-31,14.998902449658857,0.12642170159753532,1.3920501927451612,7.339230767863396,-5.932618065162407,1.3538798873277755,-40.73461199750092,-0.6059154566715375,0.4658393064674916,2.046598280371501,5.7956056663204985,5.174198040161433,9.0,3.0,-0.7150349355684348
11-01,14.96166835215277,-0.2901702016379538,3.2499311280938254,6.733456460721577,-5.512385723509484,0.2555887751539468,-42.14571748278177,-2.777112364614551,0.8281565731855212,0.2833757932597558,3.6330356785878934,5.174198040161433,8.0,4.0,-1.30049791426892
11-02,14.79368190365781,-0.36041979130051155,2.3295983969714134,6.547760796909137,-5.485742868945442,-0.2998569468057802,-37.50403608040047,0.2394117493953061,4.994824885253036,2.6340265553520603,3.732707527838296,5.174198040161433,8.0,4.0,-0.26698715265947554
11-03,14.473114349924805,-0.43250649938737296,-0.40264419846211863,5.8975612200183045,-4.877469116028649,0.19180805925561692,-34.356408129833035,1.6518999740176836,5.120247313139032,-1.1580560971815412,4.530157783103015,4.380822586376622,7.0,5.0,-0.41512272958813695
11-04,12.26497683534763,-1.8922314025951903,1.0017129017673927,6.556232695461846,-5.2314416769291645,3.2918286108577286,-30.28499241003085,1.7418266401673697,4.907028579490345,-3.6229533229174318,4.282371563604199,3.8978929620150886,8.0,4.0,-0.25731233531341946
11-05,11.390473782213805,-1.9001141578910692,-0.837185105765326,7.227238972016363,-3.7134049883820173,3.5239463820505748,-25.775131423666984,0.7445316385118989,5.758894337278605,-5.208334691512131,5.502947383344174,2.069680531931169,7.0,5.0,-0.101371444989245
11-06,11.968080316964857,-2.145455100319602,0.5409983840759613,6.08453939392384,-6.308025783758688,4.747837157582819,-23.649086643102684,-0.21141685044182207,5.17641524967158,-5.747124056830731,5.528538173237442,5.346668676433611,7.0,5.0,0.11099740978638202
11-07,9.679560371525364,-3.1204125866805588,2.945266251335647,8.221088719525943,-5.284459198764623,5.007245793414379,-21.14832242453636,-0.9704138400286613,4.723591363834033,-5.906764023458173,5.989250501319766,0.1379751931511371,7.0,5.0,0.022800510053157443
11-08,8.465850985029114,-2.089772035960043,4.1140977445575695,9.103580721374644,-2.9647019330193016,8.758539006161769,-21.808849167752474,-1.6102304346361147,4.515956187116419,-5.044705767720012,4.1932993200065525,0.1379751931511371,7.0,5.0,0.480919984859105
11-09,8.670393448302184,-1.7808460184902124,5.8420112641337685,8.496270458490036,-2.5833687806909316,9.160003662109375,-18.761726347355744,-0.7340785618076263,4.905267193166868,-5.732697706058476,4.2110601839648005,0.1379751931511371,7.0,5.0,0.9858553324095981
11-10,8.22346436910789,-0.054520433690120405,6.884252288975377,8.705768024844533,-2.5833687806909316,9.160003662109375,-18.073792564203035,0.3788772179646499,5.320527646011941,-5.861512848772999,4.2110601839648005,-4.898241074526145,7.0,5.0,0.9510431409246113
11-11,7.575417630499302,0.7632167513391428,4.827203416696592,8.450044161977157,-1.8656698160752112,8.718053139404331,-18.011263973356762,3.6230139613585526,6.311429478374171,-6.859553599813592,4.574175858605743,-5.105207153919339,8.0,4.0,1.0834049879241743
11-12,9.318431662447626,2.0474674425360413,7.067706915170495,8.535447192732471,-1.0423923604962577,9.173768488469907,-14.634147505208231,6.59494809522507,6.2386740377319905,-12.491443204319706,3.2861552240377603,0.17247063627217793,9.0,3.0,2.022257218716612
11-13,8.435070591376311,0.953749833016895,6.53825232638576,8.933179922582667,0.11581940973188903,9.966321522359731,-8.15168529535084,6.178062219800777,6.64947955435288,-7.832124326857517,2.098083423260608,1.9316987594470176,10.0,2.0,2.984658995008848
11-14,8.069162802922152,0.38008884067449095,7.93692557812751,10.082070100627506,0.11581940973188903,10.38910137322315,-10.620529011557554,6.660439887450849,10.102828151719429,-6.311956132242382,4.65116301494914,0.0,9.0,3.0,3.4545928346355157
11-15,8.575836281538125,1.2558319731982963,7.051457078319881,10.175849935092012,0.39089900455614657,11.455473136576863,-12.397696103354562,2.2592170753291594,11.259642406958164,-6.6424329599422,3.755981680220847,0.0,9.0,3.0,3.0950049590410615
11-16,9.73007736096678,3.368982960882433,7.105909727415814,9.81996894549264,0.209254024878284,11.939132134762259,-11.151082591853495,1.759804702011357,11.311057463459811,-6.710523137425412,3.8646091775699656,0.0,9.0,3.0,3.437265897346703
11-17,8.66347335918812,2.9768239115294968,4.955076824140376,9.328972727991914,0.209254024878284,11.939132134762259,-11.750593816622885,0.3091583126609396,9.61439982458277,-9.342112156492961,3.8646091775699656,0.0,9.0,3.0,2.5640161936823573
11-18,8.489329185382736,1.051693705232567,4.05662369272878,9.073863090564739,1.0832017223195751,11.536965231781418,-13.039563532775544,-0.49940330150487766,8.518235732146547,-7.5380195488735025,3.7673777307518135,0.0,8.0,4.0,2.2083586423128545
11-19,9.904221534772148,0.6544088089684111,5.672615512834126,10.480149925000498,3.525643096996188,10.505839232631352,-11.810547226088527,-2.7948845832745866,8.284330421639604,-6.9498126128154425,5.4060887632179755,0.0,8.0,3.0,2.739837739490145
11-20,9.801356786434514,0.638298937255118,6.655978852240101,11.423996436821277,3.6630001440991404,9.669262788252679,-10.816573034948554,-3.0389426079143926,10.637769114826744,-4.464856738971401,5.179787150062438,0.0,8.0,3.0,3.279089819013139
11-21,9.216793647167403,0.9018538079819658,6.43087230842545,10.828753455104383,4.052198821880363,9.356159088829763,-9.099127998557334,-2.0216280955406782,8.933433862862907,-5.984804628128935,5.054066163175232,0.0,8.0,3.0,3.1390475361000427
11-22,9.138157628444525,-0.3222346996222999,6.485751665164598,9.79853193542612,2.588395932600022,9.519173625314751,-10.060782386256516,-0.7936511470048437,8.4879988075413,-1.3616162092019495,5.791990153834804,0.0,7.0,4.0,3.27264294218671
11-23,10.072869220551704,-0.3066413922324386,6.540026993772054,9.529271604785794,1.9626004660959213,5.92997432548918,-10.094252831969111,-0.2567707982254,8.042563752219694,-0.8188923512856567,4.6922316826202435,0.0,7.0,4.0,2.941081722651832
11-24,9.33071480043529,-1.2445931791091926,9.552230091782532,9.517272785507537,0.956379420637627,1.837379007224803,-15.5036367001339,0.1167115706873463,8.854551311794562,1.011643246974079,5.573605688046593,0.0,9.0,2.0,2.5001881703206066
11-25,6.474814639556023,-0.8838414332693344,10.403222721813087,9.43439227074341,0.956379420637627,-0.04259948336245094,-14.240606940376113,1.269033768168332,10.972020217332863,3.6406967087846556,4.9320654664993295,0.0,8.0,3.0,2.742964779710619
11-26,7.673862087921012,-1.7464054268769107,8.38989953560748,9.765006651132852,1.3441525157463448,-1.5335407759443487,-11.651406773502682,1.926164046850535,10.950157462800144,5.584794750887427,5.487343109701825,0.0,8.0,3.0,3.0158355986936396
11-27,7.147559948706918,-0.794371630718017,8.165486834363113,8.53321197153335,4.403247876455795,2.0660302554644625,-14.064518097908266,1.5650179361004417,9.865807791025887,7.192574173901739,4.91104758698652,0.0,9.0,2.0,3.2492578871593287
11-28,6.901811370737907,-1.3984751880830557,8.290293996087609,7.403134315699978,4.194672790927899,3.0980004153156115,-11.79439226252817,0.11676608457937573,7.405519757862187,6.177497379331729,4.7857676139178436,0.0,9.0,2.0,2.9317163561540767
11-29,6.083901893323214,0.2857650341411648,4.288874552401106,6.964945607133342,4.856157821178408,1.9251369537516712,-13.840724013384992,2.249017381592907,9.014297224340146,4.0603182417873995,4.618474260895226,0.0,10.0,1.0,2.542180413096633
11-30,5.481881664283886,0.4469074117578466,2.4073020104531575,9.05191510292062,5.055398527555041,-0.46012069956400115,-13.476315693553545,2.527243509376329,3.7027598789310936,5.677236822447374,5.282916545328264,0.0,9.0,2.0,2.1414270899946724
12-01,1.8755482785631508,-1.4658557650244752,2.351960399768458,10.465116675822408,4.415518859126263,-2.50391000077522,-21.066758802932352,4.057500479158867,2.2216520308343655,3.1557617941402305,6.059097588707814,0.0,8.0,3.0,0.7971359614491259
12-02,2.8684890684344078,-2.0379035257991713,3.7908106115717697,10.525137618933309,3.291788740570474,-2.5999959309895835,-18.718550901287813,3.1068864349704532,2.9880988985098336,3.879306045166276,5.965691619414391,0.0,8.0,3.0,1.0883132232911958
12-03,3.221533747360982,-1.4658557650244752,2.7644556308750503,10.605045552373092,3.3514236600009113,-6.400002373589395,-15.26333856398588,2.877701726794552,3.598390147906385,6.012923238194583,5.547262437597182,0.0,8.0,3.0,1.2374616198752488
12-04,4.390992668071,-1.074310304764608,3.228516972672457,9.842348190089435,4.41349770834556,-17.333331637912327,-13.082857056022354,3.281723985717675,3.6953178761053973,7.670692696071332,4.825876628327695,0.0,8.0,3.0,0.8215389772251053
12-05,2.320440302896236,0.07081061132732173,3.661256577101239,9.189192997384527,3.280621724543934,-13.666670057508664,0.48123072878769174,4.604514490415316,3.5669478388796882,9.187975396864102,4.303481366675034,0.0,10.0,1.0,2.249983498113869
12-06,2.428252743150534,-0.3198868024017339,4.076542331448517,9.121628181470298,2.4309624858682146,-8.794143918543867,-2.342464547447693,3.335646717133426,4.194930736081314,9.187975396864102,4.203986092866621,0.0,8.0,3.0,2.293619118040811
12-07,2.471312752485908,-0.3769504360505126,1.7193641790631102,5.63063043712477,3.2967029046551346,-3.660608164146607,-2.443856520269252,2.362744235185419,3.4162284939382155,10.283787107952502,4.173875948009701,0.0,8.0,3.0,2.239435911495699
12-08,2.5099062871118165,0.44875247551328595,1.7193641790631102,5.139140136786342,3.070067060717968,-3.902439221720893,-8.368491969317992,2.293254356637185,3.4743228240283837,11.970840396993758,4.244820338775615,0.0,9.0,2.0,1.8832947387157146
12-09,0.9687332550572877,1.3821584462712575,0.46961872944658684,5.0965433567656575,2.8423751307185734,-1.8957387322973682,-11.884666305540224,1.361187098677901,2.1325213648229706,13.019387961913893,4.761910558368096,0.0,9.0,2.0,1.5211692386837194
12-10,-0.3522758004397568,1.428056615844938,1.2994123024573105,4.214821131503306,2.9570573062239456,1.1127078393013488,-12.20112253232585,1.8876750784697722,2.7497481568391056,11.946158853365754,5.215477620364953,0.0,9.0,2.0,1.6881430476337356
12-11,-1.0845459505528101,1.1250019073486202,2.4323568896883176,3.2103823000818874,3.872333964431015,1.0715031338214531,3.326938285069077,1.358954608499267,2.380355536725178,11.569785927034623,5.362386431260117,0.0,10.0,1.0,2.8854544194505625
12-12,-3.632241354211475,2.2077005008491435,1.7070455316471784,2.2768671258895314,3.356020381817081,5.170667835551793,10.553066087091171,3.749435622799888,2.860762197760069,10.811570669702702,6.3173404050323,0.0,10.0,1.0,3.781519583660782
12-13,-3.18716047449519,1.7391296695179075,4.993248346063577,2.9826903761576546,2.681089786865921,6.075237403709794,5.166400000580377,3.006333138775732,2.1772167350672467,9.37938808014785,6.560972260265816,0.0,10.0,1.0,3.4645454435547234
12-14,-4.319020285281119,3.584541504260756,6.153842985821784,2.9639745074552715,1.0931627356309583,6.731926995871147,8.192697342107644,5.5831851875931635,2.1012704583662978,10.252802998952253,5.8952453445127215,0.0,10.0,1.0,4.0194691479409075
12-15,-4.113352652648716,2.972542383395415,5.69500851228348,2.3690225042800206,0.9519312744438448,7.581159533552852,3.8545164263221263,5.266730883034263,-0.2589391289076324,13.57716707623487,5.388196581627809,0.0,9.0,2.0,3.6069986161348613
12-16,-4.524687917913569,3.3747164740696847,5.971771861637474,3.16312192560685,0.3591130577807279,4.595368284275148,0.7460300821564905,3.132746051633496,-2.304271012724767,13.50527080911462,5.986855865995245,0.0,9.0,2.0,2.83383629013595
12-17,-3.1078625743053268,4.745413229678926,5.464340540013227,3.620419532621981,-0.0723734107230632,3.6396927702722306,2.207022458453334,1.0690195155059676,-3.9648690558025828,14.430727349201995,6.321425288835981,0.0,8.0,3.0,2.862746303646056
12-18,-3.310504082640628,5.0705695737243595,5.642133852618632,2.175397407510002,-1.3510194168547403,1.7283417422663954,5.143718289967563,-0.21186476826207762,-6.139631179620212,15.927754396140964,5.008512812531778,0.0,7.0,4.0,2.4736173856151695
12-19,-2.714516383804008,5.971693418159093,6.496278892953749,2.424653679868834,-2.5331706097321804,-1.8620828060186194,9.884388207425147,0.07041967223331907,-6.006007913700178,14.28571726850979,4.911257975457746,0.0,7.0,4.0,2.577385950112724
12-20,-2.1271735572033723,7.9574238786133416,5.438779874235268,2.6512620786857855,-2.1103142734168205,-3.241791626948288,7.560033417336595,0.04731596296918993,-5.1869987872741765,15.024634758927624,4.45952551488014,0.0,7.0,4.0,2.539391436733774
12-21,-0.6310628819801943,7.043922178888034,4.203894458977022,2.0576165782864546,-2.119550736062098,-0.44194701907990946,5.141462371845859,0.09463192593837987,-5.54190204778319,16.002181523551805,2.7046927062834922,0.0,7.0,4.0,2.3761615882388045
12-22,0.42278289389189316,6.773652169850705,2.601160385563045,3.3799007748958205,-2.8544074852616257,1.5941770348323807,7.944738062408419,-1.1592095066550538,-7.724485249908389,21.027028882825707,3.652300976737127,0.0,8.0,3.0,2.971469911598336
12-23,-0.244772171145981,6.1317584819824935,3.1783532812509083,3.921129191391042,-3.4749094814837593,-0.9803955241190447,3.5981575693900965,1.1379509123070581,-11.81555730252321,21.955127176448393,4.049471182525579,0.0,7.0,4.0,2.2880261096686314
12-24,-0.37828657952283234,4.88896564835242,3.382394497222796,3.9426486236497036,-4.350977238419121,-1.300523272973634,3.5118053015505066,2.350522105134868,-12.88914880083426,22.349193505303212,5.404108890543364,0.0,7.0,4.0,2.2425585566672517
12-26,-3.467154316772843,5.052412263435816,4.002055904594597,4.735311392021957,-5.124493114134676,-0.4334145547238857,2.655643928564192,-1.254147219698498,-10.352671801607967,19.17734685146346,5.141084508771524,0.0,6.0,5.0,1.6776644868261397
12-27,-4.5643141850719235,4.4613552643348315,4.638133108236392,4.467277148872969,-2.8701193705503374,-4.9119887048735995,1.0201024119689694,0.023360564746331986,-10.6370924195043,18.803416844028682,5.984327763567404,0.0,7.0,4.0,1.3678715354796183
12-28,-3.1612448284262693,3.713936316893607,6.39653931923211,4.777850738794168,-2.9663028431534784,-5.084050029310124,-2.326302608417441,1.7523364798347347,-11.518769211139915,16.572198423979156,6.235185038138833,0.0,6.0,5.0,1.199281399702115
12-29,-5.3186605952169375,3.0920727835547615,5.657495223608425,2.7172672751907245,-2.9663028431534784,-5.213458614920399,-5.66994277108213,1.3551355763931745,-13.8905079690403,13.905813746816955,7.116022695387208,0.0,6.0,5.0,0.0654112089615005
12-30,-5.020638457204158,2.3320063713154795,4.590663807929939,2.6079133528556415,-2.2625479084796325,-5.674346568388003,-3.9594552172419966,1.7952913702990296,-17.989414607688893,14.380163699907541,7.528644344726973,0.0,6.0,5.0,-0.13930998433067324
12-31,-5.960573939670204,2.405259331420034,4.258593809405861,2.7391135959267876,-2.511146865753097,-5.69490232837705,-5.131450578222077,1.4365128222351953,-15.577310448371373,12.867952006892347,7.6405035081305055,0.0,6.0,5.0,-0.2939540905319227
