,2009,2010,2011,2012,2013,2014,2015,2016,2017,2018,2019,2020,ups,downs,avg
01-02,-12.518408091428027,-6.671347082406169,-6.3938556545659875,11.152945125804228,2.0623735649911503,-4.884063881404526,-1.5481206909582017,3.921566831580947,-2.4679817461781077,2.3311868676285727,20.115496842098928,-4.89089563470021,5.0,7.0,0.01740803753854962
01-03,-12.518408091428027,-6.671347082406169,-0.9708728874782327,6.811456330330954,1.6096564805482394,-3.009366991747118,-1.5481206909582017,4.03677142447226,-1.9583497170460151,1.125397032100085,21.559192682301955,-6.094812998881481,5.0,7.0,0.19759962415068735
01-04,-13.185183207194024,-6.671347082406169,-0.9708728874782327,8.637709675369454,2.414484720822386,-0.48780673887671494,0.938773641780931,4.03677142447226,2.207022458453334,0.937830860083385,22.11742350283782,-6.605726005739708,7.0,5.0,1.11409003017706
01-05,-13.185183207194024,3.494283346458978,-0.9708728874782327,6.219152095988795,-2.9678077338768647,-0.48780673887671494,0.938773641780931,-1.689581080301263,2.207022458453334,0.937830860083385,27.43527643695755,-6.323533899643842,6.0,6.0,1.3006294410293362
01-06,-7.018870227741732,9.148663286676795,-0.9708728874782327,6.219152095988795,-2.9678077338768647,-0.29211033723482377,-1.0204081632653061,1.5717151822697994,-1.181228131004606,1.469407514229971,25.931558527248328,-7.222308652738091,5.0,7.0,1.9722408727561695
01-07,-9.433962264150944,11.562895306795335,-0.9708728874782327,6.219152095988795,-2.9678077338768647,1.1673140921804348,-1.0204081632653061,1.5717151822697994,-0.5284488446340461,1.4430708905759018,25.206375560862654,-7.333328812210649,6.0,6.0,2.076307868588073
01-08,-9.433962264150944,0.27893975890793077,-0.9708728874782327,8.345391126090194,-3.0150773516147433,1.1673140921804348,-1.0204081632653061,5.963634144176149,1.9999995376124526,1.4430708905759018,24.628037157599568,-8.28147605613426,7.0,5.0,1.7587158320415954
01-09,-9.433962264150944,-1.1157590356317728,-5.98725854651651,7.317073170731707,-3.0150773516147433,0.09726921660756942,-1.0204081632653061,3.3127840267040436,1.9999995376124526,1.2292867637134397,21.69146717672682,-8.44443992332176,6.0,6.0,0.5525812172995829
01-10,-9.351430993321546,0.8885858743951616,-5.98725854651651,7.317073170731707,0.9547765713557828,-2.5853692031488187,3.877554134446733,6.203287867017601,2.1482574912634407,1.2292867637134397,21.69146717672682,-11.028761551108179,8.0,4.0,1.2797890629629693
01-11,-9.433962264150944,0.8885858743951616,-6.050954272652344,3.4146378679973326,1.6080386982834327,0.5856463310161234,5.611228389052602,5.283017428416112,7.261723673019167,1.3361839242818236,17.331498920430917,-10.279408623190488,9.0,3.0,1.4630196622415748
01-12,-10.266162894540152,0.0,-6.050954272652344,-0.29268032167017743,1.8090387432355015,-0.7418473341877905,5.611228389052602,6.037737288565006,6.354004606954044,1.068941022860864,18.25072740603778,-15.351477310561648,6.0,6.0,0.5357129435911402
01-13,-8.060839926740405,-9.295964771284066,-6.050954272652344,-1.1650474110381597,1.8090387432355015,-0.24606862775650365,0.8097196630031531,6.037737288565006,3.3333344893022017,1.0399983723958335,17.5294090719784,-15.725299895237116,6.0,6.0,-0.8320781063523749
01-14,-8.060839926740405,-2.802459632296301,-1.543209803865701,0.09708959899664077,1.8090387432355015,-0.4429141434033333,5.789474740913324,6.037737288565006,4.39394170587712,0.4292992901715406,16.66336366951043,-13.732230311162718,7.0,5.0,0.7198576016500918
01-15,-6.463881415418078,-1.6216200542241044,-2.777770582704399,0.09708959899664077,1.0632865036590189,-0.4429141434033333,5.789474740913324,7.05660694050339,6.0172787492610835,0.5626985160500425,18.494369684787372,-12.48242086723364,7.0,5.0,1.2743498059322766
01-16,-9.809885926043895,-0.34013735635119446,-4.062497615814209,0.09708959899664077,1.0632865036590189,-0.3937004178520325,0.0,8.943399393333578,3.7229209754682384,0.589341574904791,18.988343201849265,-11.201371550786128,6.0,6.0,0.6330656984470062
01-17,-6.463881415418078,-0.34013735635119446,-2.5246296378727098,-0.3412954365823909,1.0632865036590189,0.0,0.8097196630031531,8.943399393333578,7.748542300474298,-0.053567216944980484,16.874137151819372,-16.916629515250452,5.0,7.0,0.7332453694891345
01-18,-10.49723690368823,-0.34013735635119446,-2.5246296378727098,1.0238956093504705,0.8686769491310014,-0.9852254702272263,0.0,8.943399393333578,7.748542300474298,-0.053567216944980484,14.499999999999998,-16.422761746538363,5.0,7.0,0.18841299338888687
01-19,-15.036975449743245,-0.34013735635119446,-2.5246296378727098,4.193079477105649,-2.251784063936978,-0.9852254702272263,-3.7695864745476966,8.943399393333578,7.748542300474298,-1.7680145058633725,15.763546798029557,-10.715943252498164,4.0,8.0,-0.06197735350812531
01-20,-15.036975449743245,-0.7483034814887068,-2.5246296378727098,-1.8039928218222825,-2.095042686794442,-0.4901979575474675,-3.7695864745476966,9.358488838627652,7.748542300474298,-1.7680145058633725,17.51881441303418,-11.874997615814209,3.0,9.0,-0.4571579232798338
01-21,-15.119146598626928,1.3605429378242495,-2.5246296378727098,-2.167490397016042,-2.095042686794442,-0.19550790477650087,0.1270677080472176,8.075469394899777,3.6641244669906854,-0.6357660356736341,15.763546798029557,-9.480117436677508,5.0,7.0,-0.2689124493038566
01-22,-15.119146598626928,1.3605429378242495,-2.501524482490562,-2.167490397016042,-2.4615361140324516,-0.19550790477650087,-0.4658987723816572,7.847617013113853,3.6641244669906854,-0.5292425458959854,17.709337108427206,-6.743113042542996,4.0,8.0,0.03318013904940583
01-23,-10.517664132677474,0.0,-2.501524482490562,-2.2682399847035914,-2.4615361140324516,-0.19550790477650087,-0.8067963490997081,8.533332461402516,3.6641244669906854,-1.7680145058633725,17.709337108427206,-4.571862070349338,3.0,9.0,0.40130404106895073
01-24,-9.28512824451051,0.0,-3.384610689603365,-7.248517078811021,-2.4615361140324516,3.1190919289766823,-1.910831327040066,7.937115417483706,3.816793893129771,-0.2946605686013759,15.534166653143291,-7.0483148357113095,4.0,8.0,-0.10220258046472071
01-25,-9.28512824451051,0.0,-3.250002861022949,-0.5423998978233171,-2.4615361140324516,3.1190919289766823,-0.4184116446269469,7.937115417483706,3.816793893129771,-1.1250954951626002,14.406619420381753,-9.29888988916222,4.0,8.0,0.24151304280257632
01-26,-5.807482208700665,0.0,0.9999990463256836,5.719920158464174,1.8099482858219247,3.1190919289766823,-1.0101000370632365,14.63844642923823,4.2442729454914225,-1.1250954951626002,15.826922196608322,-10.812620263534306,7.0,5.0,2.300275248872136
01-27,-7.39857062652685,0.0,0.9999990463256836,3.022919708993097,1.5624972961602879,3.1190919289766823,-1.5658097857562299,14.63844642923823,3.0534351145038165,-1.1984041866379533,15.826922196608322,-5.782104099067907,7.0,5.0,2.189868585234765
01-28,-7.39857062652685,1.7931050267712825,2.875000238418579,3.022919708993097,1.5624972961602879,3.591683527232089,-0.2962403921244025,12.804236399544816,0.5864272606730868,-1.1445310318568345,17.4150934759176,-10.265971508306928,8.0,4.0,2.0454707812413186
01-29,-7.39857062652685,3.0120470006973825,1.458468543020326,3.022919708993097,1.7137104333315323,3.591683527232089,0.25391226438129216,14.982457746539199,5.680826807390079,-1.7947981143358624,16.66038081331073,-10.265971508306928,9.0,3.0,2.5764222163105077
01-30,-3.766331764010106,7.965191524809737,1.458468543020326,3.022919708993097,-0.604833321380359,3.591683527232089,0.25391226438129216,12.280702712846583,0.8007456928110288,-1.8220801466675471,15.54717297823924,-12.666236446023587,8.0,4.0,2.171776272854316
01-31,-1.7665094788777993,8.272180053713686,1.458468543020326,-1.2077294240857765,1.6633060542744331,5.1162808440452405,0.25391226438129216,12.280702712846583,-1.23077392578125,-0.16077538526703122,15.54717297823924,-8.394816840433764,7.0,5.0,2.6526181996729323
02-01,-1.9230769230769231,8.333333333333332,-0.25806427001953125,-4.97583933011707,1.6633060542744331,1.2645925857757416,3.362032453236736,12.280702712846583,-0.7384667029747815,-0.16077538526703122,11.248314923966602,-6.144983276438449,6.0,6.0,1.9959230146283036
02-02,-1.9230769230769231,8.333333333333332,-0.25806427001953125,1.4492808374494899,1.6633060542744331,2.0270274624152265,-0.16999153001048947,13.396962859224057,1.5384615384615385,10.999997456868508,11.267605530140596,-21.239266936635584,8.0,4.0,2.257131284368721
02-03,-3.8461538461538463,8.333333333333332,-0.25806427001953125,1.4492808374494899,1.6633060542744331,2.0270274624152265,0.8074820591291179,13.396962859224057,1.5384615384615385,12.62203683727727,11.267605530140596,-15.678412372764978,9.0,3.0,2.7769055018972253
02-04,-3.8461538461538463,8.333333333333332,5.182923460772514,-3.4985389505523288,1.6633060542744331,2.0270274624152265,0.8074820591291179,13.396962859224057,1.5384615384615385,1.9306069478641479,9.823526120653339,-27.55876314280791,9.0,3.0,0.8166811580511354
02-05,-3.8461538461538463,-9.271520418292912,5.182923460772514,-3.4985389505523288,-0.7560464585516032,1.5444001227257207,-0.2124914390203011,11.629553937983731,1.5384615384615385,6.001503938848851,10.776512706301613,-27.52175288273349,6.0,6.0,-0.7027623575175429
02-06,-3.8461538461538463,5.231787694671134,5.182923460772514,-3.4985389505523288,0.05040437905709936,2.0270274624152265,-0.2124914390203011,7.579186252590765,1.5384615384615385,3.143522745512521,10.984847198614167,-25.48584968270867,8.0,4.0,0.22459390113831823
02-07,-3.8461538461538463,6.1023580411329,5.182923460772514,-5.0,1.6129016752173695,2.0270274624152265,-0.8027060982053126,10.9051253182121,4.307691133939292,3.2981256086093036,6.74241971597411,-15.608923512701512,8.0,4.0,1.2433990799343453
02-08,-3.8461538461538463,5.231787694671134,4.634142029788822,-5.0,0.8093062403004703,2.0270274624152265,0.16735986952778967,10.9051253182121,4.092307457557092,3.2981256086093036,4.214560786944264,-32.438869876062135,9.0,3.0,-0.4921067711824814
02-09,3.571428571428571,7.8215902861090605,4.634142029788822,-5.0,1.1633765144704757,1.3125933970315462,0.2925185705454512,10.94147656793452,3.6923100398136914,3.426956413276483,1.6577723694234856,-34.63324912839681,10.0,2.0,-0.09325703071455867
02-10,-3.571428571428571,7.950875725142302,4.634142029788822,-0.238659834079794,1.362940725360582,2.168678375611822,0.12536851760515444,10.94147656793452,-1.3846177321213724,4.916367642472566,2.2537853104242456,-18.390189585306864,8.0,4.0,0.8973949309502842
02-11,3.000000544956752,7.950875725142302,4.634142029788822,-0.2863936217535868,1.362940725360582,2.3132508059582078,0.12536851760515444,9.160306931288245,-0.30442098466805173,4.916367642472566,2.2537853104242456,-15.551695710841834,9.0,3.0,1.6312106596444504
02-12,3.000000544956752,7.950875725142302,4.634142029788822,-0.047620137532569,1.362940725360582,2.3132508059582078,0.12536851760515444,6.116319640144501,-1.3846177321213724,4.916367642472566,-0.3988586484075279,-15.464809433829318,8.0,4.0,1.0936133066281746
02-13,3.571428571428571,7.950875725142302,4.634142029788822,-2.4878059945455586,-0.3533553594716628,1.2048192771084338,-1.5754525188427773,6.6417866789913775,-1.3846177321213724,4.967053040920895,1.329536073413743,-17.845352899935552,7.0,5.0,0.5544214076564348
02-14,3.571428571428571,3.4576286703853287,5.212119131377238,-4.371313177642746,-0.3533553594716628,1.2048192771084338,-3.071096037770156,7.2989971473159345,1.5076974722055507,5.4232119597045765,-1.9753030782323746,-13.427855103609913,7.0,5.0,0.37308162273323164
02-15,3.571428571428571,6.622952320536629,-0.6719529466320865,0.49116099445928624,0.1005048148093835,1.0120437805911144,-1.1978559541265699,7.367640704387175,1.0153902493990603,5.144447101864406,-0.11419405700089871,-20.755730875567977,8.0,4.0,0.21548622534567455
02-16,9.395970834718508,6.622952320536629,-0.6719529466320865,0.49116099445928624,2.405506422577239,0.29125953801609633,-1.3653286001836642,12.394954742209082,1.0153902493990603,6.050724457236508,-1.1456313642483313,-12.495832249033946,8.0,4.0,1.915764533254532
02-17,9.395970834718508,-3.213113253233862,-0.6719529466320865,-1.8172835009476966,2.9770649934871813,3.1132067153784297,-1.3653286001836642,10.889351404616061,2.654871638255988,6.450004577636719,0.5536481665019783,-12.570949227845443,7.0,5.0,1.3662909001460093
02-18,11.073823226668166,5.967212114177766,3.5033843421101176,3.1648562771816326,0.6000041961669922,1.0120437805911144,-1.3653286001836642,3.7114827932907666,2.2222222222222223,8.664883929668807,1.232463984058414,-42.0176936716116,10.0,2.0,-0.18588711713827225
02-19,11.073823226668166,1.7808234389625592,3.5033843421101176,3.1648562771816326,-0.30272183080835785,0.9156652243740416,-1.3653286001836642,5.600003329190341,2.2222222222222223,7.054148710853042,1.512571840220368,-42.16512352733844,9.0,3.0,-0.5838062788789973
02-20,11.006707594870434,-0.20547761772161988,4.8484860044537275,1.866919105041699,-0.4036323155289746,1.2048192771084338,-2.4675874376960696,6.889351280462068,1.6393420255372309,10.692131727409574,3.422192436152685,-42.080875599973226,8.0,4.0,-0.2989686266570028
02-21,11.073823226668166,-0.20547761772161988,4.8484860044537275,1.866919105041699,-0.4036323155289746,1.2530131512377636,-3.5269724813916477,6.889351280462068,1.6393420255372309,10.692131727409574,3.781433206806649,-23.816464433989758,8.0,4.0,1.174329406582073
02-22,11.073823226668166,5.307441455969957,1.8750011920929066,1.866919105041699,-0.25188532040141376,2.5072346359801356,-5.810012059652612,6.6945608642390635,1.4903129996130722,10.692131727409574,1.2665512179652547,-21.17427826143099,9.0,3.0,1.2948167319579007
02-23,11.073823226668166,5.307441455969957,1.8750011920929066,1.3882193233687543,1.825361770486213,4.351939937824436,-3.0140440556596166,7.568887584650653,1.6393420255372309,9.63855421686747,3.6281145793236482,-10.580032529069626,10.0,2.0,2.8918840606716825
02-24,11.7449667436476,5.307441455969957,-1.250004768371582,1.6706461514258135,1.0442614890483304,4.351939937824436,-3.9583365122477066,7.568887584650653,1.6393420255372309,3.0184747285986355,3.225807852615735,-14.474381208287035,9.0,3.0,1.657420456701006
02-25,11.7449667436476,4.207117323978702,-1.250004768371582,1.6706461514258135,1.0442614890483304,4.060437195278997,-2.9166698455810396,7.568887584650653,-0.059613884406803604,3.0184747285986355,2.485658233316662,-14.104599413803495,8.0,4.0,1.4557967948152062
02-26,11.7449667436476,4.854368991967471,0.0,4.18604473735011,0.1004039040515551,4.060437195278997,-2.9166698455810396,7.568887584650653,-0.059613884406803604,0.7456692010276419,4.340404044128719,-12.713507843471533,8.0,4.0,1.825949235720281
02-27,11.7449667436476,5.161291553128162,0.0,4.18604473735011,0.8534140343516168,3.210577409716131,-2.9166698455810396,8.934709097548177,-2.1917846397172354,0.6125154378414116,4.075052652729428,-9.191754396641723,8.0,4.0,2.0398635653643864
02-28,14.966440263951455,5.161291553128162,1.5384615384615385,0.7707121659349362,1.7570300207290113,2.168678375611822,-2.083333333333333,8.620689655172415,0.24352517526123005,0.5858785898156014,5.231232769783374,-5.164159509923595,10.0,2.0,2.8163706053827187
02-29,0.0,0.0,0.0,1.2042389077250282,0.0,0.0,0.0,8.777966623170812,0.0,0.0,0.0,-4.356941899397861,2.0,1.0,0.4687719692914982
03-01,13.809522172182062,5.161291553128162,0.061539870042067304,1.2042389077250282,1.362940725360582,2.168678375611822,-2.9411797704994553,9.401709401709402,-4.109596199469776,0.5858785898156014,3.7367245354492007,-11.499996843009159,9.0,3.0,1.5784792765037945
03-02,11.087718762849507,5.526996061435513,0.061539870042067304,2.2158043677732118,1.211508215993536,2.168678375611822,-2.9411797704994553,9.401709401709402,-4.109596199469776,0.08029651714877932,2.170626125175497,-7.8732232626154,9.0,3.0,1.583406538762892
03-03,14.895105496718605,5.526996061435513,0.061539870042067304,2.2158043677732118,-0.05112591592471488,2.168678375611822,1.213384990825987,10.256410256410255,0.3044093721948404,-0.3989402445910939,1.9670836425965672,-25.564054281411924,9.0,3.0,1.0496076659734284
03-04,14.895105496718605,5.526996061435513,-0.8615347055288461,2.2158043677732118,-0.05112591592471488,1.686748826360128,1.213384990825987,10.59264491041957,0.3044093721948404,7.042601741854057,1.5387491793038177,-28.310770962498122,9.0,3.0,1.316084446911171
03-05,14.895105496718605,6.812341844672078,-0.8615347055288461,2.2158043677732118,2.5398417869500896,1.397594773625753,1.4644367659251294,12.336134710231761,0.3044093721948404,5.625,3.5904244140627832,-23.033152016094007,10.0,2.0,2.27386723421095
03-06,14.895105496718605,6.451612903225806,-0.8615347055288461,2.312136497804774,2.888445846164146,-1.975902879094503,1.4644367659251294,8.874915587163143,0.3044093721948404,1.8951182075835034,1.310787679919068,-23.12056778156834,9.0,3.0,1.20324691587561
03-07,14.895105496718605,6.451612903225806,0.42527155964576324,2.312136497804774,2.888445846164146,-1.975902879094503,-0.8438770006436849,8.874915587163143,0.3044093721948404,3.0893006556783185,1.234798097869016,-12.060584925483226,9.0,3.0,2.1329692676035834
03-08,14.596490692674069,6.451612903225806,1.2758146789373328,1.2042389077250282,0.0502524074046739,-1.975902879094503,5.121083319483147,6.757237883613544,0.3044093721948404,3.0893006556783185,-0.8729403871958481,-21.66058129762128,9.0,3.0,1.1950846880854267
03-09,18.32214504785077,6.451612903225806,2.794648299261374,1.1566254029790868,0.30150485976147023,-0.7619040352957589,3.977500182382089,-1.3586023505327978,0.3044093721948404,1.5985341006046434,1.1782572110792806,-23.567010938506765,9.0,3.0,0.8664766712503361
03-10,15.63758378093088,6.451612903225806,2.794648299261374,1.1566254029790868,0.30150485976147023,-0.7619040352957589,4.959999084472642,-1.8948898807890155,1.3698537873500471,1.1315797504625822,1.4404820805747092,-22.40202312082841,9.0,3.0,0.8487560760087843
03-11,15.63758378093088,3.6129059330109623,4.191972448892072,1.1566254029790868,-1.483380699972585,-0.7619040352957589,5.480003356933594,2.7506929911776368,-6.718754768371582,5.603014032622947,-1.384283626046327,-20.2183637098462,7.0,5.0,0.655509258917894
03-12,12.684559986820092,3.6129059330109623,4.424239649917141,4.4268354898401965,0.45158129056584995,-0.7619040352957589,5.480003356933594,10.965892387721345,-6.718754768371582,0.07978399072947363,-2.932604918062543,-18.912069779283065,8.0,4.0,1.0667057153771424
03-13,12.61744435502236,3.290324057302167,4.424239649917141,4.4268354898401965,0.45158129056584995,-2.380952380952381,5.0241159250967,19.25411916170181,-7.255029403959545,-1.8553895685260113,-2.932604918062543,-27.582691430163354,7.0,5.0,0.6234993523151985
03-14,12.751675618617822,-2.4606948315871793,4.424239649917141,3.5414648367021533,0.45158129056584995,0.9633948012255172,-0.16426697146645652,11.529931659280953,-2.75316717952815,-1.8280986113253517,-0.6603226675171759,-8.984060264920842,6.0,6.0,1.4009731108303567
03-15,12.751675618617822,-2.4606948315871793,4.424239649917141,3.5414648367021533,0.45158129056584995,0.19268263529063243,4.127362902384736,12.554790738359475,-2.8481000242583243,-14.597539567204137,-0.7385832118178652,-9.201598304903813,7.0,5.0,0.6831068110055413
03-16,12.751675618617822,-2.5290490954532814,6.0606060606060606,4.10064864076964,0.45158129056584995,0.19268263529063243,1.2550662498607814,11.42767550876612,-2.8481000242583243,-15.026734498917097,-0.8562024647442987,-11.653059356066645,7.0,5.0,0.2772325470864378
03-17,12.751675618617822,-2.5290490954532814,0.6060629179983428,4.234527022355404,0.45158129056584995,1.9867553851473267,4.349592187934314,11.42767550876612,-3.668260301553324,-0.7358806822824302,-1.8871690963771484,-5.307620475949507,7.0,5.0,1.8066575233141233
03-18,12.751675618617822,-3.212578696871524,0.6060629179983428,4.10064864076964,-1.2244886043219934,0.2887457714550496,4.349592187934314,7.272726908960863,-1.5625,-0.6036833757088479,-1.2898254557881268,0.7713534945043359,7.0,5.0,1.8539774506291564
03-19,12.751675618617822,-3.212578696871524,0.6060629179983428,2.046645885251726,-1.2244886043219934,0.2887457714550496,4.349592187934314,4.479163341500052,-3.0110959933828485,1.717944022936699,-0.9501178501326877,-7.070704169285404,7.0,5.0,0.8975703693082956
03-20,12.751675618617822,-4.1695123165114,0.6060629179983428,2.046645885251726,-1.2244886043219934,0.2887457714550496,4.748492100852012,5.301201544315556,-3.0110959933828485,-6.925133815290733,-4.5130616758466315,-0.9227741489475327,6.0,6.0,0.4147297736824475
03-21,12.751675618617822,-4.1695123165114,0.6060629179983428,4.807235687191576,-0.867347311149377,0.14458162238800656,4.131571095214414,5.301201544315556,-3.0110959933828485,-3.7700529141328003,-3.325416250897137,-3.5355700175324447,6.0,6.0,0.755277806843309
03-22,13.333333333333334,0.9746625656813076,0.6060629179983428,0.28557575101739807,-1.9072208582931374,0.8674713502447289,7.864305603421038,5.301201544315556,-3.0110959933828485,-3.7700529141328003,-2.560096580355255,-3.8614902280508567,7.0,5.0,1.1768880409830673
03-23,16.129032258064516,1.8843401909269686,0.6060629179983428,0.2380916050502232,-2.1134013168767996,0.8674713502447289,5.905511899715512,8.261616803997972,-3.0110959933828485,-6.332520709971584,-3.0243887552400914,-8.530709066916652,7.0,5.0,0.9066675986341907
03-24,0.7092225444273564,-0.5198175563443741,0.6060629179983428,0.0,-2.1134013168767996,0.8674713502447289,5.227721563660272,7.745266984825119,0.4545500784209496,-6.332520709971584,-4.039407363666102,-23.692305009443697,6.0,6.0,-1.7572630430604823
03-25,0.7092225444273564,-0.5198175563443741,0.6060629179983428,0.0,-2.1134013168767996,0.0,5.227721563660272,7.091220378809308,1.5151515151515151,-6.36118789060805,-4.100942362573113,-26.483514806726475,5.0,7.0,-2.0357904177568344
03-26,0.7092225444273564,-0.5198175563443741,0.6060629179983428,0.0,-1.850893001962675,0.0,4.475244201055848,9.97331493252961,0.0,-5.790884427863408,-4.928456989818731,-31.758243435031762,4.0,8.0,-2.4237042345841493
03-27,17.45282573265357,4.158546647469258,0.6060629179983428,2.427416579371365,-2.3136187040581513,0.0,4.614765710310941,12.084693484112025,0.0,-6.648646174250422,-4.630369326680139,-18.556267434422434,6.0,6.0,0.7662841193753627
03-28,1.5471185857774579,4.158546647469258,0.6060629179983428,3.093763024508419,-4.730077327538916,-0.14479096351212362,6.344298927642143,11.624102940364567,0.0,-7.648653597445102,-4.411767158519018,-17.070308073307437,6.0,6.0,-0.5526420063802008
03-29,17.647058823529413,4.158546647469258,0.7220266737299216,3.093763024508419,-1.9402954340636707,0.7228897278567394,3.5073776913646904,11.500655885439082,0.0,-8.108108108108109,-2.4875621890547266,-15.269228128286494,7.0,5.0,1.1289270511987104
03-30,2.0979034037302924,1.294497163328106,1.5042117170646983,-0.761541388239295,-4.969258660896676,-0.38986316725829795,3.160003662109375,6.422021502043264,-4.307697002704327,-12.031724261954666,-3.354381911410191,-17.737180919979686,5.0,7.0,-2.4227508220139504
03-31,3.246753327177799,5.5016144873068304,2.1058986991355284,-2.766988758587351,-5.6185575980463245,0.67502117258167,3.3199996948242188,9.895152072304262,-6.299212598425196,-10.431274678573203,-2.847046444631749,-19.89592198470546,6.0,6.0,-1.9262135508032479
04-01,3.246753327177799,5.5016144873068304,2.5748520091689784,-2.9168711247997607,-5.0769219031700725,-2.217941161512794,4.3600006103515625,8.761905488513765,-4.456820072744892,-11.848211919288422,-1.847172384410506,4.963970351646985,6.0,6.0,0.08709647568662282
04-02,3.246753327177799,5.194800369332063,0.6024119227211292,-2.766988758587351,-2.564102564102564,-0.048217111823510836,3.599998474121079,16.2343380333085,-4.456820072744892,-11.848211919288422,-4.167490748248008,-9.92794070329397,5.0,7.0,-0.5751224792856791
04-03,5.095542678049923,2.6666641235351562,0.36231562727874733,-1.5556621272325053,-1.6410240760216348,-0.048217111823510836,7.420492503340857,14.208955907109958,-5.46875,-11.492654779939194,-4.4637532566762435,-11.1917130070029,5.0,7.0,-0.508983626615112
04-04,5.095542678049923,2.5367100959862405,0.6024119227211292,-1.847355730446848,-1.7948737511268027,-0.1932319164467073,8.24903025797001,7.618131767071709,-4.843747615814231,-16.034341782502043,-2.9231671163609367,-15.95660755591447,5.0,7.0,-1.6242915622344192
04-05,5.095542678049923,2.5367100959862405,0.6024119227211292,-1.847355730446848,-2.373743630370463,-2.1255971521351142,8.533749822897013,7.483869983303931,-4.843747615814231,-14.926611184003413,-3.0975964955619313,-5.794495660224082,5.0,7.0,-0.8964052471331536
04-06,-4.122985196455904,-3.1375185673646664,3.6144600462750343,-4.5211488525679755,-2.75933021945911,-2.1255971521351142,5.717714082722828,7.516128786148564,-4.843747615814231,-5.722151082167218,-3.4347398896859946,-6.061700508484071,3.0,9.0,-1.6567180140823214
04-07,12.352943420410156,-3.1375185673646664,3.6144600462750343,-4.5211488525679755,-1.565663561798369,-2.1255971521351142,3.3905081444624647,7.516128786148564,-5.337515966184666,-5.287672068974744,-3.597408825396406,3.582343897604967,5.0,7.0,0.40698827503993723
04-08,12.352943420410156,-3.1375185673646664,5.381430252061031,-4.5211488525679755,-1.565663561798369,-4.395058714313289,4.268048296167804,6.129031027517,-6.507934085906521,-5.287672068974744,-4.875623408834732,0.7130763544344472,5.0,7.0,-0.12050749243082175
04-09,12.352943420410156,-1.639344262295082,5.660372265889793,-4.5211488525679755,-1.565663561798369,-4.592594099633487,4.268048296167804,6.451612903225806,-6.507934085906521,-3.0294935421673883,-4.121042631273849,-5.212223455504271,4.0,8.0,-0.20470563378778203
04-10,13.529412886675676,-1.639344262295082,5.604724012854291,-4.5211488525679755,-0.6060648679661941,-2.4691358024691357,4.268048296167804,6.451612903225806,-5.503144786118447,-2.876710238522046,-5.0368281950102425,1.5280161333840805,5.0,7.0,0.7274531022798777
04-11,7.779170663493506,-1.639344262295082,5.604724012854291,-0.9236778652234413,-0.05050620842005697,-2.4691358024691357,5.065817603603178,6.451612903225806,-3.3018844724903005,-2.876710238522046,-4.957200281025416,-0.7819300936665617,4.0,8.0,0.6584113299220617
04-12,7.779170663493506,-1.639344262295082,4.12979782555514,-0.9236778652234413,-0.05050620842005697,-2.4691358024691357,7.031254365574502,7.601785166663966,-3.3018844724903005,-2.3561660557577055,-5.474815896997249,1.694915254237288,5.0,7.0,1.0017827259892857
04-13,7.779170663493506,-3.0585108996921675,4.12979782555514,-0.9236778652234413,2.3952167048707262,-2.977669443318283,7.031254365574502,6.9656504352958875,-3.3018844724903005,-3.0136944496468323,-6.250001437411111,5.935776607962027,6.0,6.0,1.225952336247471
04-14,16.127132478106184,-3.457449860921438,4.12979782555514,1.1428560529436214,0.30581738391687285,-2.4691358024691357,6.703257453856332,6.6157757263804085,-3.3018844724903005,-11.934955834468187,-6.421092204334487,4.2179252008506065,7.0,5.0,0.9715036622438014
04-15,15.83284059224129,-3.457449860921438,4.12979782555514,1.1428560529436214,0.30581738391687285,-2.4691358024691357,6.311252825975125,5.375319673506073,-3.3018844724903005,-11.719401141827616,-6.421092204334487,18.56526426514845,7.0,5.0,2.024515428103633
04-16,15.83284059224129,-3.0585108996921675,4.12979782555514,-1.0710774272078336,0.30581738391687285,-2.4691358024691357,6.311252825975125,9.687597485285147,-3.3018844724903005,-10.413273404485683,-6.494030072131195,21.153541534093392,6.0,6.0,2.551077964049221
04-17,-1.4184383252072745,-3.0585108996921675,2.9850746268656714,-1.0710774272078336,-2.34454161466094,-2.4691358024691357,7.09525460487119,9.687597485285147,-3.3018844724903005,-9.58904109589041,-4.288891197240761,13.012361840543047,4.0,8.0,0.43656397689218623
04-18,20.745270507233815,-4.377101695844819,3.5035638197261076,-1.0710774272078336,-1.4271089058109094,-3.8062307226258696,3.1153825613168706,9.286841422124022,-3.3018844724903005,-5.534247829489512,-6.453567887951174,19.83726979668005,5.0,7.0,2.543092430471704
04-19,16.176470588235293,-4.377101695844819,2.256538388788798,-1.02239082333198,0.5994047776700355,-3.7037037037037033,2.7788472311643386,8.38668038117911,-3.3018844724903005,-4.547944787430437,-6.844870758013101,19.17965922079912,6.0,6.0,2.1316420289185296
04-20,16.176470588235293,-5.657804494815899,2.256538388788798,-1.02239082333198,0.5994047776700355,-4.3219119498476255,2.7788472311643386,10.467351093858964,-3.3018844724903005,-2.4258802234363905,-8.225637582632212,18.145566514235135,6.0,6.0,2.12238908728318
04-21,12.352943420410156,-5.657804494815899,2.019003263106509,-1.02239082333198,0.5994047776700355,-5.0,3.936705765228115,8.066582830430917,-1.9108292635635724,-6.189967244289328,-8.940735058997447,21.812024900140177,6.0,6.0,1.6720781726656402
04-22,12.352943420410156,-5.657804494815899,2.019003263106509,-1.02239082333198,0.5994047776700355,-4.477609957460433,3.512156899927578,-0.15964605650185437,-1.9108292635635724,-8.565192042329196,-9.939563401196363,17.314199701957946,5.0,7.0,0.3387226686560772
04-23,12.352943420410156,-5.874314457031325,2.654871638255988,0.43186253324817997,2.347658391390598,-4.477609957460433,3.9753017858407445,-10.440614590121006,-1.9108292635635724,-6.133331298828125,-6.38871995342287,21.03820650310269,6.0,6.0,0.6312853959850854
04-24,6.991265962733599,0.06830757272761115,2.654871638255988,-5.299312895876636,0.4495512014485941,-3.283581268090768,6.020839348241803,-10.546497732516704,-1.9108292635635724,-2.1739110153428576,-6.803573234355349,20.127284038662882,6.0,6.0,0.5245345293603826
04-25,15.292782892113033,0.06830757272761115,2.654871638255988,-5.299312895876636,0.4495512014485941,-3.283581268090768,3.672848614005369,-10.511185289844471,-1.7902795832784681,0.40760248448750214,-6.7206009956352135,24.943822510680008,7.0,5.0,1.6570689067493791
04-26,14.808463044492697,0.06830757272761115,2.654871638255988,-5.299312895876636,0.4495512014485941,-3.283581268090768,2.191463628636538,-0.83040636638991,-1.0230169047305597,-1.6304410360261885,-7.668133003381598,25.77778003833912,6.0,6.0,2.1846288041170743
04-27,14.808463044492697,-0.34293683811044806,2.654871638255988,-5.2915234286147905,0.4495512014485941,-0.776698274025457,3.818526275042694,-2.0121401432807886,-0.223784185702093,-3.650232051230627,-6.023341844979399,24.217216742429752,5.0,7.0,2.30233101131051
04-28,14.808463044492697,-0.34293683811044806,2.654871638255988,-5.144533292065074,2.638002082522864,-0.8256438806902199,8.348793826730086,8.65537889076131,-4.0650406504065035,-3.673465235703657,-6.0675560945835105,26.898402368561126,6.0,6.0,3.657061321647055
04-29,14.808463044492697,-0.34293683811044806,1.4925373134328357,-5.093041157164686,2.638002082522864,-1.8795151308358606,8.71985274561233,8.62944537182949,-2.6016235351562615,-3.673465235703657,-5.80282236808909,18.767713330531848,6.0,6.0,2.971884135280172
04-30,14.808463044492697,-0.34293683811044806,1.4925373134328357,-5.506386054487155,4.25011705455789,-0.14458162238798947,7.792208987086764,8.040522010948013,-5.3774170817783284,-3.476368250695027,-5.876259528849782,25.630315706468533,6.0,6.0,3.440851228389833
05-01,14.808463044492697,0.8135585461632681,1.4925373134328357,-3.294002316950345,4.25011705455789,0.0,5.028570265997024,8.040522010948013,-4.125412645130035,-5.405405405405405,-4.53134397628305,25.30083140606375,7.0,5.0,3.5315362748238868
05-02,13.644218334637676,0.8135585461632681,0.9603832465638531,-3.294002316950345,5.227160384544589,-3.233828886538285,0.23076717670148603,9.21875238418578,-2.6016235351562615,-1.081085205078125,-5.876259528849782,26.12402864204822,7.0,5.0,3.344339103522673
05-03,11.868392499615057,0.8135585461632681,1.4925373134328357,-3.2448369835834856,5.227160384544589,-3.233828886538285,7.357140949794237,9.810617625678338,-2.6016235351562615,-0.29729894689611486,-7.172731758814767,29.355072376885104,7.0,5.0,4.114513298760376
05-04,11.868392499615057,-6.137933402225902,1.4925373134328357,-3.2448369835834856,3.722084437710299,-0.728153474527128,7.357140949794237,9.810617625678338,-7.317073170731707,-0.29729894689611486,-5.8835795469830146,34.734967632286825,6.0,6.0,3.7814054111308537
05-05,8.930672249602225,-6.137933402225902,1.4925373134328357,-4.477609957460433,3.722084437710299,1.1904761904761905,9.769094270927663,9.810617625678338,-6.1093234573152735,11.434712306801837,-5.334162886147043,35.46561546730633,8.0,4.0,4.979731679898922
05-06,17.15628670833547,-6.137933402225902,1.4925373134328357,-4.477609957460433,3.722084437710299,-0.33848981523805516,10.301952603300546,4.125362637169594,-4.50160643523474,3.410573752916267,-5.421688083595598,35.607136085673794,7.0,5.0,4.578217153732006
05-07,0.3525344986912122,-6.137933402225902,1.1976093042061033,-4.477609957460433,5.36585551936452,-0.33848981523805516,11.474243644785414,1.8228323840100986,-6.557377049180328,2.2912897514147814,-5.381259287575015,33.342773799801066,7.0,5.0,2.746205782549455
05-08,13.818180199825413,-6.137933402225902,1.4925373134328357,-4.477609957460433,5.1219474978563255,-0.19341879878355925,7.678570066179535,1.8228323840100986,-8.15308094889358,8.71268066596435,-4.550173650753987,28.908632116871058,7.0,5.0,3.6702636238351793
05-09,0.0,-6.137933402225902,2.654871638255988,-4.5273623390129165,1.9512176513671875,-0.33848981523805516,6.135426179327308,1.8228323840100986,-8.15308094889358,9.446893178395257,-4.404734853183314,29.69172438657181,6.0,6.0,2.3451136716144902
05-10,0.0,-8.000002409282496,2.712258899198848,-4.5273623390129165,5.242717979158606,0.6776349984628579,6.520119187969775,2.3345044181318038,-8.15308094889358,10.499267869419722,-5.407650530582478,34.91864955326984,7.0,5.0,3.068088056486665
05-11,0.0,-8.000002409282496,2.0047067428826013,-2.487562141844296,5.8252463141645725,0.6776349984628579,6.3456539934425376,2.3984649472999644,-5.657240619303727,7.250003814697266,-5.817575680287019,30.629668309625995,7.0,5.0,2.7640831891548547
05-12,10.006294010283238,-8.421051293088667,1.533009054058471,-0.3414619259717988,5.8252463141645725,0.6776349984628579,6.924797349538163,-0.7355277865984942,-5.381609700230238,8.424997329711932,-5.795598153096941,29.29166687859429,7.0,5.0,3.5006997563189484
05-13,3.083704935213477,-8.070172761615954,4.925536930684786,-2.084367663747776,3.578534744885021,0.7655495231217658,6.924797349538163,-5.764496996748923,-5.381609700230238,8.880596087240434,-5.598177044507306,30.611112382676865,7.0,5.0,2.6559173155425264
05-14,1.1957239141121991,-1.694915254237288,5.154637260723827,-2.084367663747776,3.081514976999481,0.7655495231217658,5.174986096096284,-7.131434312731733,-4.698641394235987,8.356267326951935,-6.21644413477274,32.98611111111111,7.0,5.0,2.9074156207825896
05-15,7.483792312766536,-1.5593189304157837,10.486489373284398,-2.233254448926267,3.081514976999481,0.9569323408671173,3.925230792749721,-9.369901788667136,-5.622756495990452,10.440098529243075,-4.564235817314268,30.547944160356916,7.0,5.0,3.6310445837461116
05-16,1.257860465808147,-1.5593189304157837,6.175638391762481,-2.084367663747776,1.5904651532064453,0.9569323408671173,3.6261656573999574,-8.064516129032258,-4.609348938799611,11.7114932440688,-6.009921049471946,20.614286150251115,7.0,5.0,1.9671140576580572
05-17,1.257860465808147,-1.5593189304157837,6.055459480499546,-2.084367663747776,3.596056993458452,0.9569323408671173,5.705923398814305,5.007631724117377,-4.609348938799611,11.124701423003277,-4.000814487283759,20.614286150251115,8.0,4.0,3.505416829714367
05-18,9.510089544244837,0.13333638509114584,6.055459480499546,-2.084367663747776,3.7433177889517317,1.9422067056267973,4.7654193672759995,5.343511450381679,-4.118993862689616,9.876543209876543,-0.6529442231490821,20.00863866652198,9.0,3.0,4.5435180707403156
05-19,17.521613227742808,0.13333638509114584,4.301076545559564,0.9629309510423931,2.270488581562471,1.4285677955264138,7.609898371503309,5.343511450381679,-1.318751513026228,12.15402967458107,0.6639331354547412,20.21016362288935,11.0,1.0,5.940066519025726
05-20,2.0172932206015197,-1.6666666666666667,4.018115386280214,0.9629309510423931,2.270488581562471,1.4285677955264138,7.388252761533646,5.343511450381679,-1.318751513026228,12.15402967458107,0.6639331354547412,15.215200099455577,10.0,2.0,4.039742073060569
05-21,8.126805591268718,-1.6666666666666667,5.307256289588806,1.907485129365431,2.270488581562471,3.571428571428571,7.388252761533646,8.527587611970223,-1.1235967439997048,12.78374831346622,3.141867838389473,17.158488231162178,10.0,2.0,5.616095459089114
05-22,6.014148344047905,-1.6666666666666667,3.6931795706926787,2.0476205008370534,2.270488581562471,3.571428571428571,5.430363243171932,6.934858234930143,0.37950928541565393,10.765550435728784,3.1804192211032327,15.822509512524208,11.0,1.0,4.870284069564664
05-23,6.014148344047905,-1.6666666666666667,3.6384274252225004,2.0476205008370534,1.085880112878151,4.047620864141555,3.0303001841675044,8.500593203421204,-1.6949113256737776,12.6794242435332,4.086358332565553,12.16523856422179,10.0,2.0,4.4945028152246635
05-24,7.540604454721213,-1.6666666666666667,3.6384274252225004,0.0,3.158930811541077,3.571428571428571,3.0303001841675044,6.429221247943685,-1.6949113256737776,13.205742962955714,4.332755607120122,12.52659708320954,9.0,3.0,4.506035862997456
05-25,7.540604454721213,-7.470052508543248,3.6384274252225004,0.0,3.158930811541077,1.4598503561962102,3.0303001841675044,5.10111826010202,-1.6949113256737776,13.03827957515223,4.387988490127231,11.408044253997037,9.0,3.0,3.6332149980841657
05-26,6.290421129340998,-5.990136762546446,3.6384274252225004,2.1904718308221724,2.1934129532556175,1.4598503561962102,2.4761890229724566,4.346515205649953,-1.5974441283946692,8.507467459541655,4.7180650427108555,8.800474351761011,10.0,2.0,3.0861428238776925
05-27,0.1175805849179969,-5.990136762546446,4.775441417289058,2.1904718308221724,2.144630494710128,1.6990309465458149,2.819046747116802,6.463991927434293,-2.217931897048568,8.507467459541655,4.277458873669125,7.424937749512569,10.0,2.0,2.684332447663717
05-28,17.10758264700741,-2.413795734273976,4.263786205196012,2.1904718308221724,1.899995803833008,1.6990309465458149,2.819046747116802,6.877218883111161,-2.580642700195324,8.507467459541655,4.277458873669125,9.066707606532233,10.0,2.0,4.476194047408841
05-29,-5.702523811301887,4.13169399034948,4.263786205196012,2.1904718308221724,1.899995803833008,1.7961205455424383,0.9523809523809524,4.39394170587712,-4.159837935970188,3.4899024134190673,4.759154427907871,7.5939838151286425,10.0,2.0,2.134089161932057
05-30,1.4492753623188406,-1.7123287223834542,4.263786205196012,2.1904718308221724,-0.10000228881835936,2.8776996186674997,1.2952386765252974,4.39394170587712,-3.2802802582050794,4.224614496369881,4.855492068737463,12.928570338657924,9.0,3.0,2.7822065861471095
05-31,2.857142857142857,-1.7123287223834542,5.126759703730194,2.1904718308221724,-0.10000228881835936,3.4532432015829624,1.2952386765252974,4.68277736711193,-3.2802802582050794,2.6502286015606327,6.698564593301436,9.435367014671336,9.0,3.0,2.7747652147534936
06-01,1.5063744231403158,-2.413795734273976,5.126759703730194,2.1904718308221724,-0.10000228881835936,3.5919541673605315,1.2952386765252974,5.6193316880577635,-1.9811584438612615,1.6531121963406934,7.435014167313264,6.2163367189188445,9.0,3.0,2.5116364254379566
06-02,6.8493150684931505,-1.1724143192685883,5.126759703730194,-7.708449104496302,-0.10000228881835936,3.4532432015829624,1.2952386765252974,5.377640064511008,-1.9811584438612615,4.0314159287174895,7.997718718250109,8.12213693866293,8.0,4.0,2.607620345335719
06-03,6.8493150684931505,-0.9655196091224529,4.507037955270687,-4.0000046355814876,0.39800956312322733,4.3062183490774775,1.2952386765252974,7.6106245278046405,-0.7055782912162866,3.2717721069749772,10.28158444632439,5.297711787333005,9.0,3.0,3.178867495417219
06-04,12.219175573897688,-2.881242545858814,4.507037955270687,-2.7513814442550877,0.8910905860262356,3.8277476156088284,1.2952386765252974,7.8621856328791875,-1.815821865018348,2.9131316817188604,11.211836529386261,4.045803856303674,9.0,3.0,3.443733521040372
06-05,3.6164375200663526,-2.881242545858814,4.507037955270687,-4.252128020020386,0.8910905860262356,3.8277476156088284,1.8580453468418883,7.4807770612844315,-2.7823253770775156,0.0,10.804810795600472,-5.118110236220472,7.0,5.0,1.4960117251268088
06-06,4.164384815790881,2.3999977111816286,0.2941131591796875,-1.9509724567976943,0.8910905860262356,3.5971222363456485,0.9142848423548973,7.4807770612844315,-1.3884414423941094,1.8666687011718748,11.692876566204973,-17.2689339637878,9.0,3.0,1.0577473180467212
06-07,4.164384815790881,2.3999977111816286,0.2941131591796875,-2.101050930979836,0.8910905860262356,1.9980973698733653,0.9520182704531723,9.06449476426674,-1.000973135822279,2.106669108072917,13.000909855420545,-12.74428128317828,9.0,3.0,1.5854558575237316
06-08,4.269297575819455,2.724251443295761,0.2941131591796875,-2.049999237060547,-1.840790670958721,1.435403074335766,6.2702694454708485,9.035441221518854,0.710362667846826,1.4216705918756958,12.736535874465918,-9.4535463015312,9.0,3.0,2.129417403688196
06-09,4.269297575819455,3.1229253227395546,1.4705882352941175,-2.1000003814697266,-1.840790670958721,1.9047600882393971,4.856109752411072,8.425327906606611,-0.819672131147541,1.4216705918756958,11.789589798305169,-13.202052881892678,8.0,4.0,1.608146100485201
06-10,4.269297575819455,3.1229253227395546,1.4705882352941175,-2.1000003814697266,0.6310731345042959,1.9523802257719496,3.057548551972464,7.360699219497224,2.760637727169006,1.4216705918756958,11.951536607926737,-14.777392171117947,10.0,2.0,1.7600803866652353
06-11,4.269297575819455,1.9933567238062377,9.214095895075774,-2.1000003814697266,0.6310731345042959,1.1904761904761905,5.575536976973099,6.8141630363278445,3.7299030005905647,1.4216705918756958,11.747426147131222,-9.571917819404149,10.0,2.0,2.909590089308875
06-12,4.717491632462364,1.9933567238062377,9.214095895075774,-1.7000007629394531,0.6310731345042959,4.285712469191778,0.0,7.604558580151546,2.7922036503433763,1.4717667989850662,11.288542149149203,-11.206896551724139,9.0,3.0,2.590991976583837
06-13,6.637406005794238,1.9933567238062377,4.285714285714286,-1.7000007629394531,0.6310731345042959,4.285712469191778,-7.6923076923076925,6.4277200143141355,1.941748831316851,0.9900961799843211,12.224669426160435,-21.312947480810905,9.0,3.0,0.7260200945607105
06-14,6.637406005794238,1.9933567238062377,4.962925300374756,-1.7000007629394531,2.184469682555158,1.9047600882393971,-3.6653082663048333,6.787071677191086,0.48543566466687227,0.9900961799843211,9.99060975553844,-21.949006099308324,9.0,3.0,0.7184846624664912
06-15,6.637406005794238,-1.235417357213274,4.4495188596297,-1.0558119570912532,2.184469682555158,2.5543946252105107,-3.6653082663048333,6.175364501915924,-0.6472516679887568,-12.095265151070468,10.926233741430948,-25.745707896594112,6.0,6.0,-0.9597812399771848
06-16,6.637406005794238,0.48043717426491706,4.4495188596297,-1.0558119570912532,2.6570102615352664,2.6004692528631197,-5.461396627520147,8.91349027113353,-0.6472516679887568,-0.07816252856179322,12.985368909892891,-32.12089097690148,7.0,5.0,-0.05331775191248056
06-17,6.637406005794238,0.48043717426491706,1.9377563734617593,-1.0558119570912532,2.56286595176142,0.7092180673083955,-6.026366958370071,8.46018560467698,0.9740235210771433,-0.07816252856179322,14.025696791474793,-27.86826964954004,8.0,4.0,0.06324819968804067
06-18,9.489849619733473,0.48043717426491706,1.64416133503199,-1.0558119570912532,2.184469682555158,2.2222190157521746,-5.461396627520147,3.7846139761117787,1.3264310884376662,-0.8930920812014483,15.171807242910242,-30.329350037280623,8.0,4.0,-0.11963846402467275
06-19,6.747117790028427,0.48043717426491706,1.64416133503199,-1.0558119570912532,0.4854387360093434,2.2222190157521746,0.2611928985707685,7.155581429854537,1.6129032258064515,0.26267001555737307,15.18942543063396,-33.86425173660209,10.0,2.0,0.09509027981804981
06-20,6.747117790028427,0.48043717426491706,6.21500880413303,-1.0558119570912532,0.0,2.316783829579163,-2.3646104327608444,7.155581429854537,3.0645185901272565,-7.32860766454552,15.277529813119495,-49.31789204285207,7.0,5.0,-1.5674953888452385
06-21,6.747117790028427,0.48043717426491706,5.095183741957311,-1.0558119570912532,-0.6350809598240978,2.316783829579163,-0.8264436755022571,7.155581429854537,3.0645185901272565,-5.0696094579642805,14.904526344577922,-41.01659325988908,7.0,5.0,-0.7366158674901193
06-22,6.747117790028427,2.1962917057431084,5.039202100347486,-3.0668709354964983,0.0,1.619048345656622,-0.8264436755022571,7.155581429854537,1.096774685767389,-5.0696094579642805,14.5696527183459,-37.75862332048087,7.0,5.0,-0.6914898844750365
06-23,6.747117790028427,2.1962917057431084,2.2396501243514573,-1.3071907333347983,0.4830936124831633,1.619048345656622,-3.038465059720553,3.681715163987808,1.096774685767389,-5.594959509297862,13.010482007746718,-32.20458214432406,8.0,4.0,-0.9225853342427147
06-24,12.835980568689129,-1.235417357213274,2.2396501243514573,-1.256281431117253,0.4830936124831633,2.0853105502501834,-3.3076946551983037,7.155581429854537,0.45161093434980987,-5.594959509297862,14.766289341683073,-26.98412527546386,7.0,5.0,0.13658652778089989
06-25,6.91168546637971,4.77727425469643,-3.5834231118530715,-1.256281431117253,3.036140533814947,0.9478708972683061,-2.8846153846153846,9.055822793269007,-0.8496739400018951,-3.3684787705080446,13.96718094763584,-28.747793682067524,6.0,6.0,-0.1661909522582441
06-26,5.074629143102846,4.77727425469643,-3.5834231118530715,-1.3071907333347983,3.036140533814947,0.9478708972683061,-1.6337397802490858,6.729601040050952,2.0317440941220353,-2.7770682643470663,13.628260822672186,-20.918985555417027,7.0,5.0,0.5004261117105543
06-27,5.074629143102846,-1.7241379310344827,-5.113634085359702,-1.3071907333347983,2.168678375611822,0.9478708972683061,-1.8249525666909454,6.729601040050952,2.888888404482887,-5.168429333443194,12.611486838444183,-18.966689018475932,6.0,6.0,-0.3069899141148384
06-28,11.666668785942926,-1.7241379310344827,-0.2840865680502421,-1.3071907333347983,0.8674713502447289,-0.04739444882008015,-1.8249525666909454,5.602923702918719,2.888888404482887,-4.139883352068412,9.991096095992036,-16.4725487141931,5.0,7.0,0.43473783544910294
06-29,9.142859322684153,-1.7241379310344827,-0.3977255301535015,-4.4243393419771495,1.9835502946239818,-0.04739444882008015,-1.862891196562793,0.2740564925996151,1.3015868171812996,-9.141054820416636,7.8459611918220915,-18.523532631776103,5.0,7.0,-1.2977551484858003
06-30,3.45018895701354,-3.4482758620689653,-1.7045410827172651,-5.42986403643694,1.9835502946239818,-0.04739444882008015,-0.8193642839063758,-3.19731800298975,1.111112322126116,-9.326018308953,7.895682572170849,-10.357427130647752,4.0,8.0,-1.6574724175504698
07-01,5.620480063854276,-3.4482758620689653,0.0,-5.42986403643694,1.3151507488224297,0.9433997912353016,-0.8193642839063758,-1.3077867737442563,-0.38095504518539186,-9.183398056126704,8.87900642477821,-11.34232801972369,4.0,8.0,-1.262827920708509
07-02,5.620480063854276,2.723735889856678,0.05681948105162965,-5.271080487143715,1.6027193844608811,0.9433997912353016,1.6759804713076296,-3.2611997867676172,-0.38095504518539186,-9.183398056126704,0.9923672569109719,-11.517070845805332,7.0,5.0,-1.3331834901959494
07-03,-1.411763359518612,2.723735889856678,0.05681948105162965,-5.0,1.6027193844608811,0.9433997912353016,0.41494005809824075,-3.2611997867676172,-0.7327220581622743,-9.052953927057976,0.8969488683526037,-10.226734984841723,6.0,6.0,-1.9205675536077387
07-05,-4.484847097685843,0.7936500427734288,0.9014075910541373,-5.0,1.6027193844608811,4.418608199718387,2.0408205151723613,-3.2611997867676172,0.09584274769361241,-9.052953927057976,3.5097482696433535,-18.034153420835437,7.0,5.0,-2.2058631234858925
07-06,-5.443421216412437,0.7936500427734288,0.9014075910541373,-5.580697055874461,1.2795287046586816,4.418608199718387,2.0408205151723613,-0.9753114338017508,0.0,-4.6602471300138415,5.0446193142617926,-20.023835200400214,6.0,6.0,-1.8504064724053262
07-07,-9.460316007099454,6.150795715706405,0.9014075910541373,-5.580697055874461,1.2795287046586816,4.418608199718387,2.2222236350730613,-3.2611997867676172,0.7338849429371798,-2.446480742633255,7.700481783622464,-16.778523919496596,7.0,5.0,-1.1766905782584225
07-08,-8.000001453218006,4.100528374680981,0.9014075910541373,-5.580697055874461,1.2795287046586816,5.517244887077945,2.7777777777777777,-3.0100386039483342,1.084876039988836,-2.446480742633255,7.831006415192003,-13.439601243796156,7.0,5.0,-0.7487041090866544
07-09,-8.000001453218006,-2.447089208727205,2.9784833600393714,-5.580697055874461,3.4665440772005085,5.287354567955281,2.7777777777777777,-0.609758437779066,1.2424319758892768,-2.446480742633255,7.667670572484216,-11.577184064652208,6.0,6.0,-0.603412385961481
07-10,-7.8125,3.439150185351524,2.9784833600393714,-5.580697055874461,3.70727222336604,4.137929280598959,1.832459892716275,-0.609758437779066,3.185510440916809,-2.446480742633255,7.667670572484216,-12.179484436341214,7.0,5.0,-0.14003705976290023
07-11,-9.375,-0.6896578032394935,2.9784833600393714,-5.580697055874461,3.70727222336604,4.137929280598959,1.3157908889112262,-0.609758437779066,5.156874839647008,2.8797171757903612,7.04500827071986,-9.164641339882538,7.0,5.0,0.1501101168581056
07-12,-6.0606060606060606,4.262292580526383,2.9784833600393714,-5.580697055874461,3.70727222336604,5.0909129056063565,1.8691588785046727,-0.609758437779066,4.349169838174586,2.8797171757903612,5.712744436395854,-9.913446929449034,8.0,4.0,0.7237702428912502
07-13,3.7932958427665113,2.6666641235351562,2.0959689925905867,4.792815571201379,3.70727222336604,5.0909129056063565,0.9433962264150944,-0.9146318415811578,4.349169838174586,5.022377912618982,5.561539640239977,-8.35614617679018,10.0,2.0,2.396052938178611
07-14,-2.554963203357478,3.3333333333333335,2.0959689925905867,1.397906525446058,3.70727222336604,7.200003729926216,2.849742578529184,-3.35366559269753,2.744856613912555,5.6979277906922166,5.4937187277868365,-4.603246010761842,9.0,3.0,2.0007379757305146
07-15,-8.437314811236517,5.1333363850911455,2.0959689925905867,1.397906525446058,1.3320199884862767,7.7025221751440816,2.849742578529184,-1.312645049821516,3.805368585291142,5.6979277906922166,5.949619007374502,-5.424108923143472,9.0,3.0,1.732528603703641
07-16,-8.437314811236517,5.1333363850911455,2.0959689925905867,0.7537669417370157,0.8386782064863402,7.481188679248469,0.4071080995113601,-0.8949857785311072,7.802692229661401,5.6979277906922166,4.13781171058515,-2.205052162131458,9.0,3.0,1.9009271903087168
07-17,-9.873566101053417,0.0,2.0959689925905867,-0.4522620819755455,0.34533642448640384,7.7025221751440816,1.2043646913799326,-6.7550485133638425,5.688075128302711,6.046281135130157,4.013500410430536,7.756410311273154,8.0,4.0,1.4809652143620633
07-18,-12.654315682196174,0.33222717675210633,1.3888888888888888,-0.4522620819755455,0.34533642448640384,6.949976468434689,1.9051184914489803,-10.342577865408643,6.574928060294116,6.6932040771986765,2.0600245411507574,6.159875160144032,9.0,3.0,0.7467019716015241
07-19,-13.354034581296112,0.33222717675210633,8.008655729962364,-0.5025144893802372,0.8386782064863402,8.252857820225461,1.9051184914489803,-10.52287344187226,5.290524187221594,7.240606983943023,2.397446733962788,1.964959503743289,9.0,3.0,0.9876376934331114
07-20,-13.354034581296112,0.33222717675210633,8.008655729962364,-0.5025144893802372,0.8386782064863402,8.13186980865814,0.9056595136534359,-12.48365274462163,6.72783092235526,7.240606983943023,4.160057517001212,2.491860840344214,9.0,3.0,1.041437073654843
07-21,-14.116178616942332,0.0,8.008655729962364,-0.5025144893802372,0.9364244725697145,7.522127142676188,-4.480423787596604,-11.43790212097785,5.840977990363845,6.800003051757794,3.939928626068659,0.3715724576152519,7.0,5.0,0.2402225380097328
07-22,-14.116178616942332,0.0,0.16233106082233562,4.716530642751053,1.9512176513671875,7.079647586119547,-4.668673930917066,-10.784317330948594,3.115259003696065,6.939596851456,2.649954490011491,5.654280959164006,8.0,4.0,0.2249706972149743
07-23,-13.86632905444712,0.0,-0.21727819586574668,0.09990238414762764,-0.48780673887671494,7.079647586119547,2.108431766576155,-10.112719699846576,3.265944306609085,6.939596851456,3.421986264114186,6.300486962425038,7.0,5.0,0.3776552027009568
07-24,-13.86632905444712,0.0,-0.21727819586574668,-0.553044815118535,-0.48780673887671494,7.079647586119547,2.108431766576155,-8.74681312321358,8.529410642736087,6.939596851456,3.4042587441448675,10.17771065663694,6.0,6.0,1.1973153600123252
07-25,-13.86632905444712,0.0,-1.9337037242720017,-0.553044815118535,-0.48780673887671494,8.096281621815608,-0.9719634724554748,-12.024895523917788,9.41176694982191,6.714933472767511,5.58510893733493,9.029601862927498,5.0,7.0,0.7499957929649851
07-26,-13.86632905444712,-0.3333346048991004,3.3149191647752123,0.0,0.9615329948400716,8.0069633996556,-3.091600925020408,-14.09259259020519,9.117648180793314,6.714933472767511,4.535827218046844,10.79032036565964,7.0,5.0,1.0048573018305313
07-27,-13.441194078602207,3.153151688037286,3.149169518293317,0.0,0.4329011477852922,8.08695917544156,-2.660588282586573,-16.018930902412485,9.117648180793314,1.7660574151486332,0.46737755031156525,8.00066141724889,8.0,4.0,0.17110106912154918
07-28,-13.229808138502413,6.241957975610841,5.911600399299739,0.0,0.24096017860504518,6.666667789462038,-3.5659521008297315,-15.44440578323057,12.000002179827,1.740912138422935,1.4593338936912366,11.000499448745552,8.0,4.0,1.0851473317584726
07-29,-13.229808138502413,6.241957975610841,5.911600399299739,0.7980042568598262,1.004299789598738,6.663725679831749,-1.8021446116925866,-13.596642106470199,15.477166788746716,1.031453645623109,0.3240329570620151,8.312596811313124,9.0,3.0,1.4280202872733883
07-30,-13.229808138502413,6.241957975610841,5.911600399299739,1.7777807918595505,2.036950699873128,6.663725679831749,-2.7607335715520396,-18.1339881963821,16.459459871859163,1.5897408509865967,1.563322299099871,8.329186028929293,9.0,3.0,1.3707662242427816
07-31,-13.370644457283989,6.241957975610841,5.911600399299739,0.30075875186167866,2.415917641573858,6.663725679831749,-0.691238062590904,-21.281958048221234,16.459459871859163,1.9319938328077724,0.3161782965235933,9.930990643043923,9.0,3.0,1.2357285436930159
08-01,-13.370644457283989,2.8666687011718635,5.911600399299739,0.30075875186167866,3.0317445688904314,7.762759105780407,-0.45283335559772997,-26.284215256200117,16.216216216216218,1.9319938328077724,0.6499190758850569,3.475299640567141,9.0,3.0,0.1699389352832061
08-02,-13.370644457283989,0.41011906457521136,1.4892364198191312,0.30075875186167866,2.415917641573858,8.576401272285429,-1.3323196626221971,-26.236881259113165,16.216216216216218,1.9319938328077724,2.491784770017787,5.9585064773243,9.0,3.0,-0.09574257771149737
08-03,-13.370644457283989,0.681665855144206,1.4892364198191312,0.0,1.9422067056267973,8.41692228298898,-1.8752456724243587,-26.236881259113165,16.216216216216218,1.424130637679726,4.256053835542855,-0.8005706640613708,7.0,5.0,-0.654742508322081
08-04,-13.370644457283989,0.681665855144206,1.4892364198191312,-0.05027767314581673,1.9422067056267973,9.09091059216735,-1.1782644605990997,-26.236881259113165,16.216216216216218,1.424130637679726,4.173159908938717,-3.3315497885266026,7.0,5.0,-0.7625076085897105
08-05,-13.370644457283989,-5.5896366091320004,1.4892364198191312,-0.05027767314581673,1.9422067056267973,8.695652173913043,1.1782572110792806,-24.372231905702616,12.068962493303733,0.7818588621623861,4.75042752843197,-1.0154991697443871,7.0,5.0,-1.124307368389372
08-06,-4.166667160900872,-1.5737689909387806,1.4892364198191312,-0.35299896668451414,4.255319336641462,8.260867906653363,-0.03800923255349139,-7.531104021320336,10.263924484652247,0.522604548072013,3.2711078393172928,-3.135575072228141,6.0,6.0,0.9387447575441145
08-07,-4.166667160900872,4.918032786885246,1.597790712252335,-0.35299896668451414,4.024055529427292,8.260867906653363,-2.130085380147859,-5.054382316498682,10.473961064195606,-2.153926192270764,3.990405961145607,-4.160025498843065,6.0,6.0,1.270585703767808
08-08,-11.94029903858004,1.694915254237288,1.597790712252335,-0.3025691688009677,4.024055529427292,9.247310187226983,0.18587077237763588,-5.054382316498682,8.109681675297587,-2.153926192270764,3.83626971602033,-2.7350401267027245,7.0,5.0,0.5424730836655226
08-09,-11.317253649175482,1.694915254237288,3.0302988904695303,-0.3025691688009677,-0.04840381875941096,8.260867906653363,-4.474706554050502,-2.6570815490819117,8.109681675297587,0.0,3.188156415343683,-6.371678715258573,5.0,7.0,-0.07398110942711618
08-10,-11.317253649175482,1.694915254237288,3.0302988904695303,-0.6069748563796601,0.8157393236527154,9.130055962859092,-4.069771997903395,-2.6570815490819117,8.109681675297587,-0.525202044709711,8.462303362378583,-3.1051595988422798,6.0,6.0,0.7467958977335297
08-11,-8.225107714476163,1.694915254237288,3.0302988904695303,2.5477729625245535,0.38554180099303464,9.247310187226983,-4.557849913582321,-2.782123486604706,10.025702627281595,4.151037203646732,8.401980600850633,-5.464288166591112,8.0,4.0,1.537932520498004
08-12,-11.13172064667729,-4.542373398603019,2.7624308810064226,2.5477729625245535,0.4335267417901262,9.169174355315327,-4.596806784841058,-2.563306058267563,10.536776997840757,-0.0783357561143473,5.361704724900266,-12.410715648106166,6.0,6.0,-0.3759893024359992
08-13,-5.132961779776844,-4.400809738557652,2.7624308810064226,2.5477729625245535,1.107897590079746,8.738694874298087,-3.2723028830982672,-5.295255243770297,10.56218367907501,3.6692612487548786,5.894173452467045,-14.19642993382045,7.0,5.0,0.24872125909851928
08-14,-5.132961779776844,0.8524597668256915,2.7624308810064226,0.39999961853027344,0.8188828247575858,8.738694874298087,-4.503104957706974,-3.8948747706032876,11.267605633802818,2.46818683164537,12.257199506363387,-10.517856052943639,8.0,4.0,1.2930551980165743
08-15,0.0,0.8524597668256915,2.7624308810064226,0.0,0.8188828247575858,7.447264641959536,-4.255320561845105,-5.464483219501441,10.314287458147312,2.46818683164537,9.829207345272264,-5.159359496285335,7.0,5.0,1.6344630393318589
08-16,0.0,0.8524597668256915,4.864862802866343,0.5500030517577947,2.119463050127913,8.51063829787234,-4.823032760104928,-5.0256133600370285,10.57143075125557,2.2646295341633325,6.2969261481099865,-4.771931966145846,8.0,4.0,1.784152943057597
08-17,0.0,-1.7496651069235276,4.054054054054054,0.5500030517577947,2.775119302833946,8.51063829787234,-4.823032760104928,-5.0256133600370285,10.457142421177455,0.15266554645927655,1.995138312558984,-5.326279395286406,7.0,5.0,0.96418086369683
08-18,6.571426391601562,-1.7496651069235276,4.054054054054054,-1.9999968699920052,4.779758437068131,8.315568014911303,-2.238240284244143,-5.281688958447846,9.448137532784774,-2.3741189771476456,2.3171366248657304,-4.7814457478239385,6.0,6.0,1.4217437592255375
08-19,10.0,-1.7496651069235276,2.000004536396748,0.5500030517577947,7.468121393538847,6.521739130434782,-2.4279187209013706,-4.725413654716326,11.577466508032561,-1.9485579820579402,3.8795282653357224,-6.3336294119220415,7.0,5.0,2.067639834081271
08-20,8.571428571428571,0.787400835704065,2.000004536396748,0.5500030517577947,7.468121393538847,5.434782608695652,-1.441574931593058,-3.2420483615233318,10.84918998622981,-0.615388919145633,1.1014004540423352,-11.329174621325771,8.0,4.0,1.6778453836838356
08-21,8.571428571428571,3.010032207400106,4.074076578333549,0.5500030517577947,5.41893750601475,5.434782608695652,-2.702705688221856,-2.499997615814231,9.17245907892945,1.899995803833008,1.7307721420665267,-8.53873653866856,9.0,3.0,2.1767539754795635
08-22,5.714285714285714,3.010032207400106,4.074076578333549,0.5500030517577947,5.41893750601475,6.382978723404255,-5.856745213400381,-2.180687838673281,9.008236125759051,1.899995803833008,2.9895088490638355,-7.704487573749138,9.0,3.0,1.9421778278357722
08-23,2.99823763679844,3.3333333333333335,4.074076578333549,-0.15000343322753906,3.395346708075945,6.382978723404255,-5.025523051248684,-0.9852207491816765,8.525149522805094,-0.5500030517578303,2.908897706643334,-5.459865818059694,7.0,5.0,1.620617008826544
08-24,2.99823763679844,-1.6666666666666667,4.074076578333549,-0.15000343322753906,-0.09638774825865963,6.382978723404255,-2.963820135992932,-0.9852207491816765,8.894564863785817,-0.4749965667724431,5.191488063081782,-9.144387179407325,5.0,7.0,1.0049886154913834
08-25,-6.9370975267373405,0.0,4.074076578333549,-0.15000343322753906,-0.09638774825865963,6.382978723404255,-4.248622818507525,-3.201973307219256,8.452310239237724,-0.4749965667724431,4.295532589738294,-8.6409001217874,4.0,8.0,-0.04542361598302843
08-26,1.0582028380584783,0.0,4.074076578333549,-0.15000343322753906,-0.09638774825865963,4.051175829558342,-6.294257972728516,-2.9484000122314,4.700848384361524,1.8319492553932455,3.5330808039933417,-8.675884306507085,6.0,6.0,0.09036668472877334
08-27,2.3515556328512037,0.0,3.4097031507122426,-0.15000343322753906,2.3132508059582078,3.667379882181966,-4.5239953386260385,3.9999990752249053,5.321259469799237,-0.24943495570087082,3.7654722016070017,-9.14816079139656,7.0,5.0,0.8964188082819797
08-28,4.761901558161406,-0.3333346048991004,3.768582728614056,0.5497281813760024,2.3132508059582078,2.857143089533759,-2.567050063223842,0.3773551407665422,6.43356429947008,1.8559270380241177,3.180877714880882,-13.563543770900882,9.0,3.0,0.8028668431467691
08-29,5.349793269649643,-0.3333346048991004,3.768582728614056,0.5497281813760024,2.3132508059582078,3.1914893617021276,-5.0215798279285675,0.3773551407665422,11.020406087239602,1.8559270380241177,2.458735056615394,-5.329424244539598,9.0,3.0,1.6834107493815351
08-30,5.349793269649643,-0.3333346048991004,4.255315263436308,0.5497281813760024,3.380948021298363,3.045899188071698,-5.810281679968587,1.6051364562539634,11.020406087239602,2.3199041397801934,2.5314297028214834,-6.9901852413724885,9.0,3.0,1.7437298986405902
08-31,5.349793269649643,5.345908479172521,1.702126105374523,-4.897548880693276,2.334443908819829,1.9522727569868952,-6.526069843875957,1.7656476526354885,12.653065376541262,2.268846711622207,4.202402735851186,-8.646149598842602,9.0,3.0,1.4587282227701432
09-01,5.349793269649643,5.345908479172521,2.074464922741217,-0.04997615575935053,1.9138738078044142,1.9097244642949824,-3.434813161360274,0.3210285158727114,12.517002650669642,1.7896531646275164,4.8389848680204945,-8.653341620225026,9.0,3.0,1.9935252671257075
09-02,5.878894688678883,5.345908479172521,-1.712704195629474,-0.04997615575935053,1.9138738078044142,1.781833304362523,-3.669003106625638,2.2084011139152904,3.6827174650352728,1.6208247240340332,6.761273703821296,-9.538140797098253,8.0,4.0,1.1853252526426263
09-03,5.878894688678883,-1.0067152754691653,0.0,-0.10000228881835936,-3.79746835443038,1.781833304362523,-4.410613285524051,5.0699875295594525,4.895104895104895,1.6208247240340332,4.85519974748914,-7.591578557687965,6.0,6.0,0.5996222606082503
09-04,5.878894688678883,-0.6711435169794355,-0.5555576748318142,7.6142114108033745,-3.79746835443038,0.6953491778382502,-0.3831432184220079,3.7223983494515207,3.954806399811722,0.9396569394712809,3.918226928733995,-6.970326051315709,7.0,5.0,1.1954920899008066
09-05,5.526164147026618,-0.6711435169794355,-0.5555576748318142,8.214124044202238,-5.316451833217959,0.1303810793007073,-1.1923056382399477,3.7223983494515207,3.954806399811722,0.9396569394712809,3.475299640567141,-3.210298595510339,7.0,5.0,1.2514227784209777
09-06,5.526164147026618,3.163329750538743,-0.5555576748318142,8.214124044202238,-5.265827420391614,2.0442911055977437,-1.270207580910728,2.647527635108586,3.954806399811722,3.387732389733391,11.51582310604709,-4.538342351810362,8.0,4.0,2.4019886291768007
09-07,4.11694823767701,3.163329750538743,-0.5555576748318142,8.214124044202238,-3.233828886538285,1.9607804877414228,-0.727406663875759,5.614035749492799,1.129947764512067,4.638666390746826,9.951927479672372,-3.104094522321212,8.0,4.0,2.5974060130847008
09-08,4.11694823767701,-0.3227901321734749,-0.5555576748318142,7.475776804475466,-3.1824931388565116,1.9607804877414228,-2.853790243993763,8.740031061491543,-2.293705440067745,4.600252586439706,9.778420475198118,-3.655170572215125,6.0,6.0,1.9840585375737358
09-09,3.937946529826164,-0.3227901321734749,-0.5555576748318142,2.195125672875381,-3.1824931388565116,3.4526832802755427,-1.954652077761068,9.059011540767157,-4.078764540247418,5.067318903660617,9.370969956921005,-3.913793892695986,6.0,6.0,1.5895837023132995
09-10,4.057281001726743,-0.3227901321734749,-0.5555576748318142,2.195125672875381,-3.926436258582239,3.4100565570355803,-1.7982837888712835,11.419457352932328,-3.8450712624613352,9.813956327216554,8.649896427301801,-2.4310342196760506,6.0,6.0,2.2222166668743495
09-11,4.057281001726743,3.163329750538743,-0.5555576748318142,3.571428571428571,-4.920475794353302,2.2591594202050183,-3.5965601213366174,11.419457352932328,-3.786811827037674,17.721521636012532,6.380531130557442,0.7439949801318386,8.0,4.0,3.038108202164484
09-12,4.057281001726743,0.06662377567852243,0.821915717974101,4.999996366954986,-4.920475794353302,2.088660657461326,-2.6974219551039504,11.277951646456296,-3.4965034965034967,18.101269103061675,4.966289080023149,1.471793137238133,9.0,3.0,3.061448270051182
09-13,4.057281001726743,0.06662377567852243,0.821915717974101,5.285717192150281,-5.181868118291712,2.2591594202050183,-2.6572891798400926,16.65624976158142,-3.4965034965034967,18.52321162732563,5.012324262189885,2.681311341469013,9.0,3.0,3.6690111088054427
09-14,4.057281001726743,2.5316462934472983,0.657538845114512,5.285717192150281,-7.924341445448474,2.2591594202050183,-4.246030406466592,16.624999046325684,-3.4965034965034967,6.375760165127824,4.228854509658618,2.048444734052459,9.0,3.0,2.3668771549491563
09-15,4.057281001726743,2.2651575443261587,0.657538845114512,5.285717192150281,-5.181868118291712,2.4255306162732713,-6.653057799047353,15.37500023841859,5.306124525005295,9.483369935469595,5.3899096759194745,9.33871115407636,10.0,2.0,3.979117900928435
09-16,4.057281001726743,-1.5989324947268357,-0.7222175598144531,2.9756127334222384,-5.550003051757795,1.7021260362990207,-7.3877529222138225,2.303260742427224,3.943666270081446,9.483369935469595,3.104024364907293,9.467740212717375,8.0,4.0,1.8148479390448358
09-17,4.057281001726743,-1.6666666666666667,-0.8333312140570747,3.022919708993097,-5.550003051757795,2.127659574468085,-7.306126185825892,0.0,3.943666270081446,13.581086456673875,3.118230296010845,8.887094066989038,7.0,5.0,1.9484841880529749
09-18,4.000000455486241,1.6666666666666667,-0.8333312140570747,3.315457326120471,-8.100004196166992,1.0638297872340425,-8.90687768273984,0.0,5.277782016330315,12.923777489363331,2.634653658318151,4.723129403598802,8.0,4.0,1.4804236425128428
09-19,4.8823524923885575,1.7321800460838803,0.547947295724529,3.315457326120471,-3.299999237060547,1.91897973688186,-4.048582870897831,0.0,4.3916075379698425,13.378841788493222,4.285475475256461,6.317362438294233,9.0,3.0,2.7851351691045565
09-20,4.8823524923885575,1.7976061886476948,0.547947295724529,3.6079949432477934,3.5185195160173572,0.7692320859409074,-2.390439730481735,0.0,4.111891526442308,13.356083799740462,-3.475299640567141,6.734898824257192,9.0,3.0,2.788398941779827
09-21,4.8823524923885575,6.4679798868459715,0.547947295724529,-2.049999237060547,3.935186881750833,0.7692320859409074,-2.390439730481735,-2.3352512376562973,2.069934764942109,5.102035458761257,-2.6204551091725823,8.870967741935484,8.0,4.0,1.937457607826541
09-22,4.035610028374782,6.4679798868459715,0.821915717974101,-1.5422858709404434,3.935186881750833,0.7692320859409074,-2.7888400197300394,-2.3352512376562973,1.5104920714051573,12.954547188498758,-2.360879500659338,1.2703251835532277,8.0,4.0,1.8948360346131352
09-23,4.035610028374782,6.341153905976545,4.485489959093162,-1.5422858709404434,3.935186881750833,0.6410240212631881,-2.2709150843082133,0.31989885072789426,1.2615558490102747,9.198674822292809,-4.295532589738294,5.149052961359004,9.0,3.0,2.271576144571795
09-24,4.035610028374782,3.2974029338576987,4.485489959093162,-2.049999237060547,3.8888895266340318,0.7264960643816576,-2.629481423830413,-1.0236714410787384,1.4825140679632869,10.051673109306034,3.6727358859176005,5.149052961359004,9.0,3.0,2.590559369576463
09-25,-3.125,2.866240858165959,2.215018056954829,-3.762073046507016,3.8888895266340318,0.7264960643816576,-2.988047763352599,-1.0236714410787384,1.4825140679632869,6.552373874001397,2.0823092684256355,6.610755413548378,8.0,4.0,1.2938170732614018
09-26,-7.843135910493728,2.866240858165959,2.215018056954829,-1.677681354479336,3.8888895266340318,-0.42735206452968083,-0.8630808761472245,-1.0236714410787384,-0.39592586886848913,7.703152778170974,3.9186803386980733,4.809620936444444,6.0,6.0,1.0975629149559263
09-27,-7.843135910493728,2.866240858165959,2.215018056954829,-1.677681354479336,-2.2504846988932234,-0.42735206452968083,1.682602449239909,0.479845225310307,1.0181012560451514,7.703152778170974,3.1260514459690127,9.523809523809524,8.0,4.0,1.3680139637724746
09-28,-3.125,2.866240858165959,0.05402608729434677,3.225804619532216,-5.434784554886172,-0.42735206452968083,1.682602449239909,0.06398099045820396,2.1210406873704812,9.041285272371562,1.5659543301196808,10.90965863109844,9.0,3.0,1.8786214421862455
09-29,-3.125,5.3503195082344925,0.05402608729434677,0.7444149943920163,-5.434784554886172,-0.42735206452968083,1.682602449239909,-0.1919368698114863,-0.4243324819058164,2.5569577760334257,4.444809329745972,11.10065561596657,7.0,5.0,1.3608649824811314
09-30,-9.375,2.929936584301793,0.05402608729434677,0.7444149943920163,-5.3307004516537315,-1.2959012930999882,-0.803063077953071,-1.631478647305419,-0.1422048841795629,4.8219510743363045,2.1488945445954903,12.119786281252656,6.0,6.0,0.35338843433173617
10-01,-9.375,4.777070121729543,1.6137401390766009,-0.10010239350302436,-6.91333060200526,0.6479465270064505,0.9560229584968956,-2.0408143405366674,4.164405345933532,4.443885687876704,1.3429565908325083,10.943869043318417,8.0,4.0,0.8717207565188083
10-02,-9.375,4.777070121729543,-1.2861724173671352,-0.25062273257367,-6.91333060200526,-1.5118807224064528,-0.43720433632227096,-2.171137649430292,4.164405345933532,4.668784782537545,3.9785109015044777,10.359507859527708,5.0,7.0,0.5002442125939771
10-03,-13.400001525878908,4.777070121729543,-1.2861724173671352,-0.25062273257367,-4.673802539837955,1.0526315789473684,-1.2321123522354271,0.31152174104215324,5.933587930273484,2.2243946487564563,3.625985997108847,9.267073213988166,7.0,5.0,0.529129471996077
10-04,-13.400001525878908,4.777070121729543,-4.941695604318678,-0.25062273257367,-2.4691358024691357,1.0526315789473684,1.7361140494402267,0.0,4.218843170783698,2.2243946487564563,2.5704796959730523,13.343281532401457,7.0,5.0,0.7384465943992841
10-05,-17.310346406081628,4.45859756540914,-4.941695604318678,-0.050026158060714,-2.4691358024691357,1.0526315789473684,1.7361140494402267,-1.183804006787094,4.681549107579961,2.4390243902439024,4.118616093208324,13.343281532401457,7.0,5.0,0.48956719495942763
10-06,-17.310346406081628,4.45859756540914,-4.941695604318678,-0.050026158060714,-2.216752610108046,-1.0752688172043012,-2.850353550398048,-1.43303090665497,4.463808191132749,-0.6391305791119083,4.964077126399342,16.268658993849115,4.0,8.0,-0.030121896262328935
10-07,-17.310346406081628,4.45859756540914,-1.459461933857686,1.1369231213086959,-2.216752610108046,-1.0752688172043012,-0.6334119000884443,-2.611940785365037,3.837778396832535,1.134994499963768,6.053268690584705,14.671644523962222,6.0,6.0,0.4988353621129935
10-08,-17.310346406081628,5.778894923900744,-1.8378386626372467,1.1369231213086959,-2.4691358024691357,-0.860218335223439,-3.325416250897137,1.1194048882451344,1.3404063776281703,1.134994499963768,10.784918743177496,16.149253275857042,7.0,5.0,0.9701533643977053
10-09,-17.310346406081628,5.183310433896514,-1.8378386626372467,2.248284970949755,-2.4691358024691357,-1.0752688172043012,-0.7509902758387933,-1.306147994215368,1.3404063776281703,-0.4510155496466458,10.135972264463646,13.46268725039354,5.0,7.0,0.5974931491032089
10-10,-17.310346406081628,5.183310433896514,-1.8378386626372467,2.199407994755613,-3.7037037037037033,2.631583350296809,0.0,-1.306147994215368,-0.9601811749590816,-2.605865496125229,10.275033066210204,14.805967416336289,5.0,7.0,0.6142682353144311
10-11,-13.400001525878908,5.183310433896514,-4.608550322920156,2.199407994755613,-3.6543198573736495,2.1646869288731376,0.0,-1.5974441283946692,-3.784242186846049,-2.7060932978798755,11.141596258631473,14.805967416336289,5.0,7.0,0.4786931427666435
10-12,-13.400001525878908,1.055407975082679,-4.386446408322776,0.0,-3.2098746594087575,2.1646869288731376,0.0,0.47923201976526236,-3.784242186846049,-2.4359649124487697,10.34219455002948,14.805967416336289,5.0,7.0,0.1359132664317988
10-13,-19.201119013471736,-4.881265030121263,-0.49972321734655717,0.0,2.5186609238630586,2.1646869288731376,1.450983683268229,-2.7156623307898244,0.11318878142227327,-3.088610685324385,15.614671385372942,16.10447897839902,6.0,6.0,0.6316908670120749
10-14,-19.201119013471736,1.7150411048732255,-0.49972321734655717,0.9405966677298542,2.5186609238630586,2.207124627344481,-0.47059152640548413,-2.7156623307898244,-1.1601580238875178,-3.1408350882583735,15.614671385372942,15.656718923084773,6.0,6.0,0.9553937026757368
10-15,-19.201119013471736,1.9736854901274203,0.05552597864934513,1.9117617497118937,0.19102633480014092,2.3344620098808107,-2.352942672430314,1.338314008344379,-1.1315460909333221,-3.5868730555937702,10.060055708328042,13.492538679891558,8.0,4.0,0.42374076060870386
10-16,-19.201119013471736,1.9736854901274203,0.05552597864934513,1.2345679012345678,5.682905939386924,2.3344620098808107,-1.9607843137254901,-4.620467198449723,-1.1315460909333221,-8.010611131691157,11.861858696965845,13.059701492537313,7.0,5.0,0.10651498004256658
10-17,-19.201119013471736,4.670508576875698,0.16639315309471273,-7.01234605577257,5.682905939386924,0.33955825772281395,-1.8823511460248161,-4.620467198449723,-0.141451354784127,-7.267898695808641,5.600600041583647,14.164181609651935,6.0,6.0,-0.7917904904996566
10-18,-11.834320750956136,3.8709702030304936,5.163327533573055,-7.01234605577257,5.942912531065817,-1.8229086469448148,3.777779473198785,-4.620467198449723,-0.141451354784127,-8.647210226950198,7.487020979761358,14.164181609651935,6.0,6.0,0.5272906747019893
10-19,-21.500001634870255,0.06451760568926411,5.163327533573055,-7.01234605577257,3.0843344079442945,0.8033849349779598,3.777779473198785,-3.46535039883731,-1.1315460909333221,-8.284497960854338,8.34436854097899,14.164181609651935,7.0,5.0,-0.4993206696044594
10-20,-19.71428734915597,0.06451760568926411,5.163327533573055,-3.79746835443038,3.0843344079442945,0.8033849349779598,3.2592561509874134,-3.46535039883731,-0.5657730454666611,-8.355431425556386,7.404108234856929,12.97014720404325,7.0,5.0,-0.2624362084478786
10-21,-19.71428734915597,0.06451760568926411,5.163327533573055,-4.8593391305026525,3.0843344079442945,-0.256407978292742,5.25925954182944,0.3496462371393294,-0.7920865801426384,-8.355431425556386,5.935659808968982,13.432835820895523,7.0,5.0,-0.05733095896754185
10-22,-19.71428734915597,0.6414392590825396,2.7027027027027026,-5.67010517061578,5.852059757873886,-0.256407978292742,5.25925954182944,2.0006233017427233,-0.4794190299824886,-7.4999959845291935,8.18895139828176,11.731344194554572,7.0,5.0,0.2296803869576204
10-23,-19.71428734915597,3.7203330213552084,2.7027027027027026,-6.937923413734164,5.805242208266733,-0.256407978292742,-1.10672211497676,-0.9336797183313953,-0.4794190299824886,-14.575010388011522,9.951129168487501,8.731341006150897,5.0,7.0,-1.0910584904601668
10-24,-14.013608478541077,3.7203330213552084,2.7027027027027026,-9.546165448215485,6.039329956302414,-0.256407978292742,-2.237313026687854,0.15923324098079597,-0.5358219016126509,-26.298969005100858,9.891900527064317,7.597015153116255,6.0,6.0,-1.8981476030774147
10-25,-19.71428734915597,3.7203330213552084,1.3513513513513513,-6.937923413734164,8.426971409059087,-0.42807564858018365,-2.237313026687854,0.31847255632038024,-0.8178255020156792,-9.912073918731982,10.666667796947337,7.597015153116255,6.0,6.0,-0.663890630896351
10-26,-21.89091075550426,3.161288845923639,1.3513513513513513,-7.382198006551112,4.428572881789434,2.0459359618268924,1.5769224900465746,-1.9108292635635724,-3.637904537037097,-11.69960088919134,10.169236707954848,7.597015153116255,7.0,5.0,-1.349260004986532
10-27,-21.89091075550426,3.161288845923639,2.7027027027027026,-5.5584143424761905,4.428572881789434,2.0459359618268924,4.182503825213203,0.44585793423327064,0.4207616254097991,-12.29138911165149,5.21739212847898,8.194032355920593,9.0,3.0,-0.745138829011119
10-28,-21.89091075550426,3.225806451612903,2.7027027027027026,-5.5584143424761905,4.428572881789434,1.878917530707501,6.844103761509195,-1.2961750182082181,0.0,-9.818655609710202,3.9647583437948533,7.462686567164178,7.0,5.0,-0.6713839572181755
10-29,-21.818181818181817,3.225806451612903,2.7027027027027026,-7.382198006551112,4.761904761904762,1.878917530707501,6.08364456477424,-1.2961750182082181,0.3648640589898001,-11.084904505111504,4.64000244140625,8.358206677792687,8.0,4.0,-0.7971175131801503
10-30,-21.428571428571427,3.223726580409255,2.650079919868662,-5.1794883532402025,4.761904761904762,2.087682605729628,6.08364456477424,-2.491804029120785,1.0866519818357059,-17.615898081798427,4.047998046874988,9.98507257717758,8.0,4.0,-1.0657500711796681
10-31,-21.689331961735352,6.128827743990629,1.477834980835688,-5.1794883532402025,-2.8571446736653643,2.173914950272184,4.56273342358066,-2.491804029120785,-0.41841431593696526,-16.423843080634313,6.079998779296876,9.582086819321361,6.0,6.0,-1.587885809752965
11-01,-17.32229308853981,6.128827743990629,0.10947157779173924,-2.564102564102564,-3.996147835402704,2.173914950272184,4.56273342358066,-1.3290108341728861,0.27893578347926373,-11.62913745602235,5.390273364059596,9.582086819321361,7.0,5.0,-0.7178706763120731
11-02,-17.24137931034483,6.066287224759986,0.10947157779173924,-3.661686509388583,-3.996147835402704,0.42553353816904926,6.829993007096458,-1.3290108341728861,0.27893578347926373,-14.732729467229511,6.61417442982591,9.582086819321361,7.0,5.0,-0.9212059646745624
11-03,-17.24137931034483,1.3758556379210496,-3.721950126645023,-5.622699191887585,-0.4651180533475654,0.42553353816904926,6.829993007096458,-1.3290108341728861,0.5020929228371304,-11.410458597940586,8.50177214796482,7.462686567164178,6.0,6.0,-1.2243901910988162
11-04,-16.20689918254984,1.3758556379210496,-2.4324365564294763,-3.395060850208498,-2.1276632201221948,1.3074630025835687,6.829993007096458,-4.723617518904316,1.8665942889909075,-18.816902268100794,14.30635570488001,11.88059564846665,6.0,6.0,-0.8446435255313728
11-05,-10.344827586206897,-2.2801265087779545,-0.054055291253186435,-2.6557735433599077,-2.1276632201221948,1.3074630025835687,6.829993007096458,-5.075631021451561,1.8665942889909075,-20.514286586216517,16.24693833343233,9.23880392046116,5.0,7.0,-0.6302142670686499
11-06,-2.000001271565767,-2.2801265087779545,0.2156280853036071,-3.626947101610692,-2.1276632201221948,1.3074630025835687,0.15668199941832114,3.667181836915962,1.8665942889909075,-19.774972559395803,12.231970710326406,10.62686407743996,7.0,5.0,0.0218894449588601
11-07,-2.000001271565767,1.813633308343379,0.2156280853036071,-1.9171028697395471,3.3569697270850263,1.3074630025835687,4.142232550120176,3.667181836915962,1.8665942889909075,-19.774972559395803,14.37616660077361,5.970149253731343,9.0,3.0,1.0853284960955387
11-08,-2.000001271565767,1.813633308343379,0.5907658721463718,-4.404147228345614,3.6190487089611234,2.5000015894571943,4.142232550120176,3.5780320961727035,2.9371388577018456,-18.53727227571323,12.470206203929662,5.970149253731343,9.0,3.0,1.0566489720782655
11-09,-2.000001271565767,1.813633308343379,0.5907658721463718,-4.784191878285168,5.06566575593452,1.5565874299869864,4.142232550120176,3.5780320961727035,2.9645946253292967,-9.50928842305469,10.99999932681813,5.970149253731343,9.0,3.0,1.6990148871397732
11-10,-6.666666666666667,1.813633308343379,0.5907658721463718,-4.784191878285168,5.06566575593452,1.5565874299869864,4.142232550120176,3.5780320961727035,3.48613902587104,-12.115328441524277,10.99999932681813,4.507463369796525,9.0,3.0,1.0145276457261434
11-11,-6.666666666666667,1.813633308343379,-3.1686263085235638,-3.8659794574615525,5.06566575593452,1.5565874299869864,4.142232550120176,3.269579328999174,-0.8509507842276144,3.392264603291556,9.33333264754506,4.805971971198683,8.0,4.0,1.5689203648783447
11-12,-6.666666666666667,-1.2903213500976447,1.7894744873046875,-5.221932218903867,4.971854977088539,2.6083333079234166,7.771263877831258,3.392962789167462,-0.24556657255345726,-5.642633010166908,12.066657820004634,5.3432863150069965,7.0,5.0,1.5730594796615371
11-13,-6.990010772029944,-2.5473506137121302,-1.3029303481221883,-4.3887156707130694,3.6585309121098746,0.08414159603913426,-0.15923171513688375,3.094059435155693,-0.24556657255345726,-6.251645849179707,11.36735529492588,4.492534808258513,5.0,7.0,0.06759754208680972
11-14,-6.990010772029944,-2.5473506137121302,0.4800008138020833,-4.231982231562077,5.018760366511539,0.8764569803708664,-3.1847102322189293,0.8860781115993404,-0.24556657255345726,-7.9134793249143005,10.281208066566554,0.0,5.0,7.0,-0.6308829506783714
11-15,-7.142857142857142,1.8750011920929066,1.2698400844561881,-4.440963472179795,5.6823444451422995,0.8764569803708664,-3.1847102322189293,-0.6269556676566121,-0.24556657255345726,-8.150884107162101,10.695895729290166,0.0,5.0,7.0,-0.2826998969396343
11-16,5.956111728059666,1.8750011920929066,4.708991574665687,-5.767196690941799,6.018523710418211,0.8764569803708664,-3.763012615225468,-0.6269556676566121,-0.24556657255345726,-10.844685175743724,10.5332294977707,0.0,6.0,6.0,0.7267414967714146
11-17,9.090908003791009,1.8750011920929066,2.1164001407603137,-7.037036775397988,6.018523710418211,0.8764569803708664,-3.763012615225468,-0.8150477491880763,-0.24556657255345726,-12.83378470451948,10.5332294977707,0.0,6.0,6.0,0.4846725923599613
11-18,9.090908003791009,0.4999995231628418,2.1164001407603137,-3.9034425048004735,6.018523710418211,4.123711340206185,-1.1208994866956847,-0.8150477491880763,2.318599229839049,-0.9999996278344131,10.75488308470351,0.0,7.0,5.0,2.3403029720302064
11-19,9.090908003791009,2.6461557241586426,-0.05408452680165276,-3.9034425048004735,4.515526723829125,4.123711340206185,-1.2810236216504527,1.4133189723080903,2.5313017492888457,2.5188317004578984,15.136985256247323,0.0,8.0,3.0,3.0615157347528785
11-20,4.542459509178535,4.927882962149205,0.16190332182302172,-5.0847447664732375,4.750706575768273,1.27834831316448,2.767106871776754,3.1770476171201234,1.7558281927367119,3.8313256688864836,11.342464081228615,0.0,10.0,1.0,2.7875273622799135
11-21,1.250820181908829,4.927882962149205,2.01270750878133,-2.773502488810895,4.750706575768273,3.2046042800150625,3.0651384395272196,4.298780122589031,4.0379447611182915,4.0481935064476655,10.123286835134845,0.0,10.0,1.0,3.245546890385738
11-22,1.250820181908829,4.927882962149205,2.701242538181253,-2.773502488810895,4.750706575768273,2.925426363534184,-5.37275716735296,0.5085818565426312,4.227645823258157,4.819277108433735,6.08321097476958,0.0,9.0,2.0,2.0040445606984996
11-23,1.250820181908829,8.894228344485516,2.701242538181253,-2.3006174602560114,-2.6819990220270284,2.925426363534184,2.241112606314593,0.5085818565426312,4.227645823258157,3.067484662576687,1.347513401761968,0.0,9.0,2.0,1.8484532746900646
11-24,0.209788339657718,8.653843949532297,2.701242538181253,-4.123717320308829,-4.077670568120428,4.808082965889348,-1.7964102860078737,-2.129694860586513,4.408982997821607,2.4221442521298098,3.8035959666991186,0.0,7.0,4.0,1.2400156645739588
11-25,0.209788339657718,8.653843949532297,5.2105251111482325,1.3189963823735464,-5.511815236486811,4.808082965889348,-1.7964102860078737,-2.129694860586513,4.381938580177379,-1.334703465049402,4.002752268652422,0.0,7.0,4.0,1.484441979108362
11-26,0.209788339657718,8.653843949532297,5.2105251111482325,1.4634109124904724,-3.051185278272015,4.808082965889348,-1.7964102860078737,6.912442558334115,4.148596935147337,-2.545453356457995,8.879461197079078,0.0,8.0,3.0,2.7410919207117264
11-27,-2.514370542754411,6.0697074053730375,5.2105251111482325,0.48780673887671494,-5.167328544186097,6.90908720999053,-1.7964102860078737,6.307980537730754,4.356062365347686,1.7249965667724612,7.716513438549185,0.0,8.0,3.0,2.4420475000700184
11-28,-6.363635211709346,6.0697074053730375,5.2105251111482325,1.2195121951219512,-2.116143265914065,6.90908720999053,-4.408350203952076,6.307980537730754,4.356062365347686,5.749998092651367,7.03242529372492,0.0,8.0,3.0,2.497264127459416
11-29,-4.896551987220501,6.126123288040007,8.939386962712874,1.2195121951219512,-1.02239082333198,4.444445985736269,-7.569719480693552,1.1419262180287957,4.356062365347686,6.149997711181641,7.172131446552024,0.0,8.0,3.0,2.171743656789601
11-30,-3.9644560435344824,6.906904774042187,4.141412759700458,-0.20294732311203442,1.3314345102390517,-0.4246300836916918,-8.433736600971399,1.1419262180287957,4.356062365347686,5.749998092651367,10.200266000006316,0.0,7.0,4.0,1.7335195557255212
12-01,12.445277045673189,6.906904774042187,4.141412759700458,0.15322107641676544,-1.8654842666216718,3.469389312121333,-8.433736600971399,-2.6427389103544265,4.356062365347686,9.674351614803891,10.308035668412403,0.0,8.0,3.0,3.209391236547535
12-02,12.445277045673189,6.366363304673463,6.565652965416685,-0.05116848037227071,-1.665850833560888,-1.633000229012977,-8.433736600971399,-4.3719418246836055,3.954493924381372,9.652879792508047,7.609891048477883,0.0,6.0,5.0,2.5365716760441246
12-03,12.445277045673189,6.366363304673463,10.01945291562275,-0.05116848037227071,-1.665850833560888,-0.5586556003836664,-1.6064241954148553,-0.3554077553841383,4.213942069154834,7.878787878787878,8.041667938232422,0.0,6.0,5.0,3.7273320239190593
12-04,8.067542090795294,6.366363304673463,11.228407559763436,0.7164856214813129,-4.654584860567282,-0.5586556003836664,-0.5220926510315796,2.6332293499462693,4.446244944061387,8.46341761147102,6.208335028754321,0.0,8.0,3.0,3.532891033246998
12-05,6.914893380923203,5.227966993710272,10.106899569567561,1.8935558950735745,-4.654584860567282,-0.3867647220344593,-0.5220926510315796,1.5530896449042715,5.06023953644328,7.4390225294159675,6.25,0.0,8.0,3.0,3.240185443033734
12-06,6.914893380923203,6.366363304673463,8.866991648819331,2.25179382518848,-2.8907406026399354,-2.922218701327555,-1.6240419793277,0.4754346185659437,5.06023953644328,7.4390225294159675,5.625004238552518,0.0,8.0,3.0,2.9635618166072497
12-07,5.084745762711865,6.366363304673463,8.866991648819331,0.5629508966099954,-2.94117839553643,3.036437153173373,-3.7298033865754894,0.4754346185659437,4.551531506540955,7.926829268292683,9.525145757556128,0.0,9.0,2.0,3.3104540112359846
12-08,7.157328761535128,6.906904774042187,8.866991648819331,0.5629508966099954,-2.4390243902439024,2.244894845145104,-8.243128661541547,2.187000454499146,4.953142034002793,8.248160793616625,11.172411688442907,0.0,9.0,2.0,3.4681360704106474
12-09,7.157328761535128,6.906904774042187,5.852415475091434,-0.1546427177083658,-2.4390243902439024,-1.5691299424535607,-9.492084662138065,2.187000454499146,6.2121624271715685,9.70760590848867,10.055861873858207,0.0,7.0,4.0,2.8686998301785374
12-10,5.46928019356304,6.846843337940372,11.446357690182444,2.7527489973054644,-2.4390243902439024,-1.5691299424535607,-9.492084662138065,3.3280483754407113,6.2121624271715685,9.70760590848867,8.95286693006529,0.0,8.0,3.0,3.4346395721101697
12-11,3.655170572215125,3.9639631383389116,10.848601855498934,4.404400304946678,-2.4390243902439024,-1.4419005669549494,-7.963869368232309,3.3280483754407113,6.2121624271715685,10.736842462193897,10.471276055350435,0.0,8.0,3.0,3.481305905477092
12-12,0.06896709573679957,4.821425611469888,14.988506799456717,2.4024001663345516,-1.3170754037252286,-0.8431735612524034,-8.722607095573334,3.1746031746031744,4.139955379044272,11.695906432748536,10.442626207960187,0.0,8.0,3.0,3.4042945672335967
12-13,0.06896709573679957,3.2082365130712263,10.397248628467572,2.9529537843114952,-1.3170754037252286,1.0109510254087926,-9.537688406283525,3.1746031746031744,4.246795435119508,10.292401230126098,7.150167324593648,0.0,9.0,2.0,2.63729670011913
12-14,0.06896709573679957,-0.9469672795790154,10.397248628467572,4.75474913591759,-4.878048780487805,2.083333333333333,-8.67767937155232,2.0634908524770474,4.246795435119508,13.719234984563416,3.455980619314109,0.0,8.0,3.0,2.1905920544425195
12-15,0.0,-0.9469672795790154,9.26924691625029,2.70269780055397,-4.878048780487805,2.083333333333333,-11.322312746842039,5.238094027080222,3.4966879333091887,20.224719101123593,2.4092847692892567,0.0,7.0,4.0,2.356394589502583
12-16,0.0,3.0934328686739905,3.2426820712328843,0.4608302581854783,-5.392158833525393,0.8438850485279225,-11.322312746842039,5.133930417782317,3.4966879333091887,18.894220633476795,4.677159001457092,0.0,8.0,3.0,1.9273630543565197
12-17,-3.4482758620689653,3.0934328686739905,6.7370547697718095,0.30768956893531474,-3.6764706569834438,-0.042187009330571054,-5.495867280065794,-2.2047268124077037,4.131578144274259,19.62870393560701,-1.779672190749457,0.0,5.0,6.0,1.437604956304704
12-18,-5.337080344785417,-2.895751675481199,6.7370547697718095,1.90380349797819,-3.6764706569834438,-0.042187009330571054,-10.355992898058185,-0.745115446409579,4.131578144274259,21.80518026703734,-2.206206864435451,0.0,4.0,7.0,0.7765676486314792
12-19,-3.5196703722410088,-2.895751675481199,11.455854121611816,3.3066126136525655,-2.94117839553643,-1.8243543094750478,-12.587706157784273,1.3677834105432878,2.5414679930273927,20.5764062328883,1.2795927997095915,0.0,6.0,5.0,1.3965880217429163
12-20,-9.090909090909092,-2.895751675481199,14.634148054144477,3.657312503607335,-4.509804379889626,-0.8485395228213417,-11.346941578144945,0.8857693972511077,2.5414679930273927,19.414653602720062,2.1160230241438778,0.0,6.0,5.0,1.2131190273040042
12-21,-9.090909090909092,-2.895751675481199,14.312005377441745,0.5638165508000633,-4.509804379889626,-0.8485395228213417,-11.346941578144945,0.9774083479414293,2.5414679930273927,6.47899423576722,-0.968082565027576,0.0,5.0,6.0,-0.3988613589413274
12-22,-9.090909090909092,0.2574000125560982,12.563274734221977,1.8452106926100147,-5.024632985707287,-1.8423320581174192,-11.346941578144945,0.9774083479414293,1.9529147174343005,16.782611349354603,-0.6331948701208625,0.0,6.0,5.0,0.5367341059265683
12-23,-1.9636396928267046,1.48004853797247,9.705880290496683,1.8452106926100147,-5.024632985707287,-1.8423320581174192,-2.530615670340402,-0.9999990463256836,1.9529147174343005,16.76451971685805,3.148575488388641,0.0,6.0,5.0,1.877994165870222
12-24,-1.9636396928267046,1.48004853797247,8.088233575413902,4.202101861959672,-4.509804379889626,-2.656379296621476,-2.530615670340402,1.2499988079070934,2.5006614070052615,18.743370232762103,2.4528336777633735,0.0,7.0,4.0,2.2547340884254723
12-26,15.151515151515152,1.5434068692884297,10.714285714285714,3.4795791059622707,-5.245096641336622,-1.6115316454457431,-0.48000335693359375,-1.6077170220805344,2.3447835919020044,19.34042585656998,1.349782706211512,0.0,7.0,4.0,3.7482858608282137
12-27,2.1663201294651167,2.109973890422225,10.714285714285714,4.689865399666471,-6.403946764864118,-1.6115316454457431,-2.488782556732712,-1.3795325765905837,2.3447835919020044,21.914891993745844,-0.9586930195094188,0.0,6.0,5.0,2.5914695130287337
12-28,1.8232834832305134,-2.301788035643748,10.000001816522508,0.25615339772851453,-6.403946764864118,-0.41910507780001227,-2.530615670340402,-2.341994034165956,2.3181427129827155,16.734365145381876,-1.8100907909248458,0.0,5.0,6.0,1.2770338485089203
12-29,-12.008427427191574,-2.301788035643748,11.952382042294458,0.713928060375315,-6.403946764864118,-0.25104379456083215,-1.959181805046237,-2.1495029664870215,2.1049750240489766,15.040000915527344,-2.9866510208537935,0.0,4.0,7.0,0.14589535229989728
12-30,-6.671347082406169,-3.9002534737006815,11.761901492164247,0.35824769136642554,-6.561420294377189,-1.4644367659251443,-6.204083501076211,-3.578271435095206,2.7481291138655597,17.69037194369652,-3.1879740550105735,0.0,4.0,7.0,0.08257196945846441
12-31,-6.671347082406169,-6.3938556545659875,10.095242091587611,0.35824769136642554,-4.884063881404526,-1.8410064480355628,-6.530613801917267,0.4552398252069434,2.851811518575857,19.63677818437732,-9.857040410189336,0.0,5.0,6.0,-0.23171733061705746
