,2009,2010,2011,2012,2013,2014,2015,2016,2017,2018,2019,2020,ups,downs,end_day_sum,avg
01-02,-4.7386627197265625,-1.3543205261230469,5.527229309082024,7.663932800292969,2.6793060302734304,0.9135513305664062,-4.6652069091796875,-5.444103240966797,4.0048980712890625,4.758174896240234,3.0526599884033203,0.7919425964355469,8.0,4.0,02-16,1.099116802215575
01-03,-6.119007110595703,-1.6183624267578125,4.75238037109375,6.327293395996101,3.2327384948730398,0.6652145385742188,-1.9737434387207031,-3.711467742919922,4.765083312988281,4.031230926513672,3.5998306274414062,0.8315391540527344,8.0,4.0,02-17,1.2318941752115886
01-04,-6.539867401123047,-0.4429130554199219,9.057086944580078,6.231819152832031,3.0921859741210938,0.2749481201171875,-0.6997909545898438,-2.480396270751953,4.023429870605469,3.880176544189453,1.9199066162109375,0.7127494812011683,8.0,4.0,02-18,1.585777918497721
01-05,-8.904983520507812,-0.3406944274902344,8.592185974121094,6.344642639160163,3.742237091064446,0.9845123291015625,-0.88818359375,-0.31916427612303977,4.1624908447265625,3.738567352294922,0.7487678527832031,0.28708076477050426,8.0,4.0,02-19,1.5122882525126142
01-06,-9.325859069824219,-1.3628273010253906,8.368339538574219,6.552955627441413,3.6895370483398366,1.3924789428710938,0.9779014587402344,0.8480720520019602,4.588935852050781,3.8424148559570312,1.3439407348632812,-4.4150857925415075,9.0,3.0,02-20,1.3750669956207278
01-07,-6.918636322021477,-2.887500762939453,7.877593994140625,7.611846923828125,5.244400024414055,0.7716522216796875,1.1034965515136719,1.7782249450683665,4.663112640380845,3.6347198486328125,2.0063095092773438,-5.009042739868164,9.0,3.0,02-21,1.65634806950887
01-08,-9.08175277709961,-2.5127410888671875,8.28225326538088,8.219413757324226,3.8300857543945312,0.8514633178710938,-0.5113792419433594,2.8542747497558594,3.7175140380859304,4.02178955078125,2.3134918212890625,-4.919950485229492,8.0,4.0,02-22,1.4220385551452654
01-09,-9.03122711181641,-3.441173553466797,7.54185867309571,8.783580780029297,3.171245574951172,1.2860488891601562,1.5520782470703196,3.237274169921875,4.84852218627929,3.4175758361816406,1.8239212036132812,-4.959545135498047,9.0,3.0,02-23,1.519179979960124
01-10,-6.851293563842773,-3.0493507385253906,3.925884246826179,6.379375457763679,1.5021629333496094,0.9844970703125,2.826042175292976,4.714572906494141,3.2632522583007812,3.1815605163574148,1.5167350769042969,-4.118104934692379,9.0,3.0,02-24,1.189611117045086
01-11,-8.500972747802738,-4.233333587646484,0.04306411743164773,6.648441314697273,1.1947097778320455,1.0199508666992188,2.5748367309570312,3.8664932250976562,3.2261695861816406,1.2084197998046875,1.1327476501464844,-4.058712005615233,9.0,3.0,02-25,0.3434845606486025
01-12,-8.240060806274418,-3.270801544189453,-1.3172225952148438,5.35521316528321,1.7393722534179616,0.7893524169921875,2.754261016845703,3.4105491638183736,2.8182601928710866,0.9818458557128835,1.6319313049316477,-5.0090436935424805,8.0,4.0,02-26,0.13697139422098825
01-13,-11.026016235351562,-3.543365478515625,-1.5410537719726562,9.070011138916023,-0.544628143310554,-0.2483673095703125,3.1849021911621094,4.076240539550788,1.0475807189941406,0.1132965087890554,1.219146728515625,-6.404844284057617,6.0,6.0,02-27,-0.38309144973754883
01-14,-8.484138488769531,-4.190723419189453,-2.1351165771484375,7.594509124755859,-0.6236953735351634,-1.0200271606445312,4.638294219970703,3.7023582458496236,2.3547401428222585,0.5192489624023366,1.545532226562507,-9.275638580322266,6.0,6.0,02-28,-0.4478880564371745
01-15,-9.031230926513672,-3.441162109375,-2.8582992553710866,6.8133468627929545,-0.05271530151366477,-1.8891830444335938,5.813579559326179,3.7023468017578125,3.346687316894524,-0.21713638305665484,1.823913574218743,-9.107351303100586,5.0,7.0,02-29,-0.42476701736450373
01-16,-8.164295196533203,-5.706901550292969,-1.4808235168457031,6.379383087158196,-0.19326400756835938,-1.8714599609375,3.669361114501946,5.143169403076172,2.825580596923821,-0.8709335327148509,1.8815155029296875,-9.661712646484375,5.0,7.0,03-01,-0.6708650588989281
01-17,-7.028041839599609,-5.647270202636719,-3.090778350830078,5.060108184814446,-0.5007247924804688,-3.4501953125,3.3825645446777273,4.630199432373047,3.9794578552246094,-0.9653358459472656,1.0079536437988281,-10.43385696411133,5.0,7.0,03-02,-1.0879933039347345
01-18,-9.376337051391598,-5.749488830566406,-2.4136886596679688,4.417823791503906,-1.0991325378417969,-4.4708023071289205,3.81475830078125,6.2057533264160085,3.5808296203613352,-2.7874221801757812,-0.8927574157714844,-10.617179870605467,4.0,8.0,03-03,-1.6156369845072434
01-19,-9.157493591308597,-5.147212982177734,0.0744171142578125,3.341583251953125,-2.9382400512695312,-5.1556167602539205,3.742725372314446,7.011848449707031,3.7662315368652415,-4.197959899902337,0.6242408752441406,-9.89717960357666,6.0,6.0,03-04,-1.4943880240122487
01-20,-7.158782958984375,-4.312465667724609,-0.1924743652343821,5.324001312255859,-3.360980987548828,-3.8394088745117188,3.274513244628899,7.0665740966796875,2.8450241088867188,-4.242374420166016,0.8559226989746094,-10.267179489135744,5.0,7.0,03-05,-1.1673026084899916
01-21,-8.749553680419929,-2.6259498596191406,0.48203659057616477,5.39306640625,-1.9518394470214844,-4.070625305175781,2.09027099609375,6.875072479248047,2.955921173095703,-3.7970390319824148,0.6145858764648509,-9.797179222106934,6.0,6.0,03-06,-1.0484360853830974
01-22,-5.929931640624993,-2.2333221435546875,-0.07780838012696023,4.957958221435554,-0.9654464721679688,-4.700340270996094,2.807994842529297,5.672367095947266,2.4813575744628906,-3.3138084411621094,0.006420135498046875,-9.519999504089355,5.0,7.0,03-07,-0.9012132485707595
01-23,-9.295244216918945,-1.7283058166503906,-1.7338104248046946,2.4864501953125,-0.6843490600585938,-2.4297637939453125,3.5892333984375,6.421287536621094,2.518573760986328,-3.3890228271484375,0.4959983825683594,-9.599194526672367,5.0,7.0,03-08,-1.1123456160227467
01-24,-7.710031509399418,-1.5232810974121094,-1.3284378051757955,3.3990440368652344,-1.4925193786621094,2.532958984375,2.1332168579101562,8.793781280517578,0.06029510498046875,-3.2190818786621094,0.17921066284179688,-9.903725624084473,6.0,6.0,03-09,-0.6732141971588149
01-25,-6.256420135498047,-1.3097038269042969,-0.6918869018554688,2.0103187561035227,-2.1850242614746094,2.8246536254882812,2.655467987060547,8.106769561767578,-1.8587112426757812,-3.1624412536621094,-0.7158737182617259,-9.721076965332035,4.0,8.0,03-10,-0.858660697937012
01-26,-2.681571960449215,-1.14752197265625,-2.0435829162597585,1.8020210266113281,-1.1464080810546946,1.9086227416992188,1.8720932006835866,5.87841796875,-1.7660064697265625,-3.9193878173828054,0.28329849243164773,-11.031077384948734,5.0,7.0,03-11,-0.9992585976918532
01-27,-2.8687381744384766,-1.4626808166503906,-0.13228607177734375,2.6206626892089844,-1.4546661376953196,0.6457672119140625,2.8414077758789062,6.854160308837891,-2.6969375610351634,-2.71575927734375,0.920421600341804,-10.76107740402222,5.0,7.0,03-12,-0.684143821398418
01-28,-4.695180892944336,-0.5427589416503906,-1.8164443969726634,4.358737945556641,-1.569164276123054,-0.7131195068359375,4.5908660888671875,6.279651641845703,-1.163177490234375,-2.9431686401367188,1.0169601440429759,-11.768458843231205,4.0,8.0,03-13,-0.7471047639846811
01-29,-2.9024295806884766,0.5574722290039134,-0.18495941162109375,3.8104972839355398,-1.78887939453125,0.47536468505859375,3.8462181091308594,4.718765258789055,-1.163177490234375,-3.369548797607422,1.7013320922851634,-11.431884288787845,6.0,6.0,03-14,-0.4776024421056115
01-30,1.4183464050292898,0.14043045043946023,-0.0987243652343679,5.6206016540527415,-0.9367713928222656,0.2713470458984517,4.05512619018554,6.421413421630874,-1.7308006286621094,-2.5115623474121094,1.672527313232429,-11.36258840560913,7.0,5.0,03-15,0.2466121117274002
01-31,1.4416313171386719,-0.12439727783203125,-0.20222091674804688,5.4553680419921875,-0.7786483764648366,-0.6811447143554688,1.1713142395019531,6.67790603637696,-0.7095108032226634,-2.8231124877929688,1.3845443725586009,-11.4598388671875,5.0,7.0,03-16,-0.05400911966959517
02-01,-1.051462173461914,0.0208282470703125,-1.4524269104003906,3.9798583984375,-0.7675933837890696,0.6565628051757812,1.8196144104003906,6.174083709716804,-0.820751190185554,-2.5776519775390625,1.4121665954589844,-11.224803447723389,6.0,6.0,03-17,-0.3192979097366339
02-02,0.5035552978515696,-1.0770759582519531,-1.4610328674316406,3.9538230895996094,-0.40811920166014914,1.2524261474609375,1.594512939453132,8.168010711669929,-0.26451492309571023,-1.199951171875,1.6818084716796946,-12.174803256988525,6.0,6.0,03-18,0.04738660653432447
02-03,-0.3739967346191406,-0.3956604003906179,-0.7378463745117188,2.304718017578125,-1.2271881103515625,2.933258056640639,1.5891685485839773,8.551017761230476,-1.3324127197265625,1.5107078552246094,2.0293350219726634,-13.764803409576416,6.0,6.0,03-19,0.09052479267120599
02-04,-0.7106704711914134,1.7252769470214844,0.46976470947266336,2.99114990234375,-1.2712249755859375,0.33978271484375,3.7154273986816406,7.201393127441413,-1.4172706604003906,0.752685546875,1.633544921875007,-15.062184810638428,8.0,4.0,03-20,0.030639529228211632
02-05,-1.1399269104003906,2.5678520202636648,-0.9935226440429688,2.1905250549316406,-1.1821746826171804,0.6502227783203125,2.4863243103027415,9.298660278320312,-1.7336502075195312,1.0748481750488281,1.5151634216308665,-15.765035152435303,7.0,5.0,03-21,-0.08589279651641728
02-06,-2.1727638244628906,2.5065155029296804,1.3697624206542969,0.9896011352539062,-0.9274215698242116,-0.3874969482421875,1.7009010314941406,11.56192398071289,-2.4129486083984446,1.2769508361816406,1.0927848815917969,-15.260171413421634,7.0,5.0,03-22,-0.055196881294251376
02-07,-4.343654632568363,2.6004867553710866,1.0851173400878906,1.683868408203132,-0.44427490234375,-1.3807067871093892,1.2629661560058594,11.287117004394531,-2.3757667541503906,1.3902320861816406,2.446319580078118,-11.878227233886722,7.0,5.0,03-23,0.11112308502197028
02-08,-3.008354187011726,3.0190773010253835,0.9124870300292898,1.1891250610351634,0.07311630249023438,-0.5087509155273438,1.7942047119140625,11.598564147949219,-1.7175483703613281,3.02349853515625,3.1398696899414134,-12.426314353942871,8.0,4.0,03-24,0.5907479127248122
02-09,-4.047845840454102,3.089508056640625,1.3257255554199219,0.2430725097656321,1.4728202819824219,-0.597686767578125,2.1273574829101562,11.252037048339844,-2.4128456115722585,1.0326652526855469,1.3342323303222656,-12.126314640045166,8.0,4.0,03-25,0.2243938048680635
02-10,-3.8894309997558594,2.8765640258789062,0.1290130615234304,0.12845611572265625,0.9091567993164134,0.08709716796873579,1.8198013305663991,11.662391662597656,-2.8478660583496094,-1.1895332336425781,1.2377052307128977,-11.986314296722412,8.0,4.0,03-26,-0.08857993284861365
02-11,-4.756351470947266,2.1184844970703125,0.17540359497070312,0.6606521606445312,1.9572029113769531,-1.2285079956054545,1.9633445739746094,12.546947479248047,-4.910572052001953,0.20333480834960938,1.6914100646972656,-12.578660488128662,8.0,4.0,03-27,-0.17977599302927535
02-12,-4.975212097167969,1.9126930236816406,-0.07361221313476562,2.183582305908203,1.8342170715332031,-3.22412109375,1.1828155517578125,9.815853118896484,-4.957096099853523,-0.3272895812988281,-0.3623542785644531,-13.528991222381592,5.0,7.0,03-28,-0.8766262928644822
02-13,-2.813415527343743,0.7714195251464844,-1.3587226867675781,1.7136497497558594,1.4125556945800781,-2.3105697631835938,-0.09113693237304688,8.548145294189453,-4.463912963867195,0.13530731201171875,0.13682937622070312,-13.538892269134521,6.0,6.0,03-29,-0.9882285992304484
02-14,-1.546957015991211,1.3864784240722656,-1.1344985961914062,-0.5213890075683594,0.9557647705078125,-3.322509765625014,-0.5420341491699219,8.328296661376953,-4.434528350830078,-1.3280181884765625,0.5496063232421875,-12.063223361968994,4.0,8.0,03-30,-1.1394176880518607
02-15,-3.56679534912109,1.4719161987304688,1.7017631530761648,0.8152503967285085,0.7971153259277344,-3.1168212890625,0.4754295349121094,8.429058074951179,-5.194713592529297,-1.7811775207519531,0.5529479980468679,-8.151057243347168,7.0,5.0,03-31,-0.6305903593699146
02-16,-3.8034248352050746,1.4719161987304688,0.18650054931640625,-0.0787353515625,0.1934051513671946,-1.9429244995117188,-0.1818695068359304,8.767990112304688,-4.527236938476555,-1.4882049560546875,0.006420135498046875,-8.671057224273682,5.0,7.0,04-01,-0.838935097058612
02-17,-3.4146785736083984,1.3952560424804688,-0.29563140869142046,-0.6776046752929759,-0.5904197692871094,-2.138580322265625,-0.1818695068359304,7.4548377990722585,-3.274566650390625,-0.577159881591804,1.7826576232910156,-7.7310571670532235,3.0,9.0,04-02,-0.687401374181114
02-18,-2.8759822845458984,0.3475799560546875,-0.8403854370117188,-1.2591667175292969,-1.6120681762695312,-2.0051651000976562,-1.5455436706542898,7.427482604980469,-4.480014801025391,-1.761566162109375,1.6475105285644531,-8.671057224273682,3.0,9.0,04-03,-1.3023647069931024
02-19,-2.3710002899169886,0.6016693115234375,2.137317657470703,-0.2757911682128906,-3.699359893798828,-2.111602783203125,-1.8595390319824148,7.807773590087891,-5.224445343017571,-0.5392646789550781,2.0722618103027344,-7.948409557342529,4.0,8.0,04-04,-0.9508658647537217
02-20,0.5412807464599609,1.1410255432128906,2.6548194885253906,-0.4150352478027344,-1.9951515197753906,-1.8987503051757812,-2.1120262145996094,6.15643310546875,-5.084861755371094,0.19033432006835938,1.4002914428710938,-8.443374156951904,6.0,6.0,04-05,-0.6554178794225057
02-21,2.131803512573242,2.7641372680664134,2.689342498779297,-0.4150352478027344,-1.2836074829101634,-0.6823043823242188,-1.1224822998046875,5.313690185546875,-5.2430572509765625,0.7662239074707031,1.28509521484375,-8.391560554504395,6.0,6.0,04-06,-0.1823128859202067
02-22,3.205104827880863,3.1656494140625,1.8699607849121165,0.7046203613281179,-1.8196563720703125,-0.9408416748046875,0.057048797607421875,4.819034576416016,-4.269645690917969,0.12424468994141336,1.6550025939941406,-7.661228656768799,8.0,4.0,04-07,0.07577447096506844
02-23,1.8022041320800781,3.811450958251953,3.7467918395996165,-2.4460220336914134,0.6492881774902344,-2.532745361328125,0.12908554077148438,5.447284698486328,-3.1108245849609375,0.5697059631347656,2.6856117248535227,-7.1112284660339355,8.0,4.0,04-08,0.3033835490544643
02-24,1.5412921905517578,3.5814552307128906,3.4712905883789134,-2.282024383544929,1.0191879272460938,-2.3281936645507812,-0.1133728027343821,5.383438110351555,-2.3859100341796875,-1.5607376098632812,2.396007537841797,-6.891228675842285,6.0,6.0,04-09,0.1526003678639718
02-25,3.544490814208981,3.7773704528808594,2.3679847717285085,-2.101348876953118,1.2217636108398438,-0.16991424560546875,-0.05057907104492898,5.5019989013671875,-3.768684387207024,-1.3901824951171875,1.4113502502441406,-5.495428085327148,6.0,6.0,04-10,0.4040684700012204
02-26,1.903213500976559,6.0355682373046875,0.05899810791015625,-3.04119873046875,1.2039451599121094,-0.6754684448242188,0.9004096984863281,4.067127227783203,-2.9963340759277344,0.18272018432617188,1.5966033935546804,-4.168922424316406,8.0,4.0,04-11,0.4222218195597322
02-27,4.1371002197265625,6.855838775634766,-0.3205070495605469,-4.372676849365227,0.17614364624023438,-0.5247116088867188,1.0264663696289134,4.790779113769531,-2.987030029296875,1.1180763244629048,1.5006065368652344,-3.0799999237060565,7.0,5.0,04-12,0.6933404604593935
02-28,8.074239730834964,7.214630126953125,-2.338764190673828,-3.4861793518066406,0.5900764465332031,-1.556343078613267,0.5852737426757812,4.900691986083984,-2.465923309326172,1.7718734741211009,2.2685699462890625,-2.039999485015871,7.0,5.0,04-13,1.1265121698379537
02-29,0.0,0.0,0.0,-2.1669044494628906,0.0,0.0,0.0,6.1648101806640625,0.0,0.0,0.0,-2.179999828338624,1.0,2.0,04-14,0.151492158571879
03-01,7.6939182281494105,7.120655059814453,-1.0824317932128906,-3.4896812438964844,2.1225204467773438,-2.178871154785142,-0.12604904174805398,4.946502685546882,-3.6198005676269602,2.8330955505371094,3.3111419677734375,-2.449999809265136,6.0,6.0,04-15,1.256750027338664
03-02,7.085435867309574,7.743995666503906,-1.759521484375,-1.9667549133300781,0.16733169555664062,-1.8586730957031108,0.486225128173821,4.140407562255859,-2.707866668701179,1.9234695434570312,3.3787155151367188,-2.3499999046325684,7.0,5.0,04-16,1.1902304093043012
03-03,7.5511474609375036,7.141719818115234,-3.398265838623047,-2.6890640258789134,-4.165779113769531,-0.9604721069335795,2.5211524963378906,3.9114036560058594,-4.112972259521484,0.8148612976074148,2.7319297790527344,-2.30999994277954,6.0,6.0,04-17,0.5863051017125451
03-04,5.552436828613281,6.8598175048828125,-3.8726310729980398,-2.5324134826660227,-2.9856224060058594,-2.2766799926757812,2.9893646240234375,3.3984336853027344,-4.522422790527337,0.8527679443359304,2.7802047729492188,-2.7800002098083505,6.0,6.0,04-18,0.2886046171188354
03-05,7.276491165161133,5.7150917053222585,-0.56927490234375,-1.2444534301757884,-5.601325988769531,-2.0454635620117188,2.791271209716797,0.7786102294921946,-3.973407745361328,1.5255088806152273,3.0215415954589773,-2.0300002098083505,6.0,6.0,04-19,0.4703824122746767
03-06,8.366701126098636,4.929157257080078,-2.1993980407714844,0.4786224365234446,-6.587718963623047,-3.80633544921875,2.5481605529785156,0.8702163696289062,-3.973407745361328,1.724498748779304,3.6297073364257812,-1.640000343322754,7.0,5.0,04-20,0.36168360710144193
03-07,6.515880584716797,5.048748016357422,-1.7077598571777344,0.008689880371100855,-7.16899490356446,-2.1077423095703125,1.48565673828125,1.6854667663574219,-4.11297607421875,1.6392173767089915,4.044811248779304,0.6800003051757812,8.0,4.0,04-21,0.5009164810180676
03-08,4.327022552490227,6.38140869140625,-2.1131324768066335,-1.035614013671868,-8.789527893066406,-0.7025833129882812,1.7017555236816406,1.9511146545410156,-3.6942367553710938,2.1035041809082102,4.044803619384766,0.5699996948242188,7.0,5.0,04-22,0.3953762054443371
03-09,4.327022552490227,6.38140869140625,-1.8112564086914062,-2.71514892578125,-8.630989074707031,-1.0405120849609375,1.6927528381347656,2.683940887451172,-2.6613311767578125,0.5969390869140625,3.7358970642089773,0.6700000762939453,7.0,5.0,04-23,0.2690602938334135
03-10,1.1747283935546768,6.261810302734375,1.1298789978027344,-1.7230796813964773,-7.65338134765625,-0.6047439575195312,2.863311767578132,3.0228652954101634,-3.917572021484375,0.28426361083985086,4.0254974365234375,0.3600001335144043,8.0,4.0,04-24,0.4352982441584284
03-11,1.6648921966552663,5.76634216308593,-0.4916419982910156,-2.662944793701172,-8.43722915649414,0.3023834228515767,2.7552566528320312,2.106842041015618,-3.8338127136230398,3.032085418701172,4.2282257080078125,1.1100001335144043,8.0,4.0,04-25,0.46169992287953693
03-12,-1.1240158081054759,6.082416534423821,0.38813400268553977,-2.5585289001464773,-6.614147186279297,1.0049591064453267,2.052928924560547,2.3633155822753906,-2.9777259826660156,1.3739128112792969,3.7358932495117188,1.9200000762939453,8.0,4.0,04-26,0.4705952008565267
03-13,-0.35494232177735086,6.586444854736328,0.23288345336914062,-3.6115150451660227,-6.57012939453125,2.303367614746108,3.4845809936523438,1.5480613708496094,-2.4100990295410156,1.7150154113769531,3.233917236328118,1.9100003242492676,8.0,4.0,04-27,0.6722987890243525
03-14,3.431192398071289,6.261810302734375,-0.19836807250977273,-3.4896774291992188,-7.459644317626946,2.3033676147460795,2.431102752685547,2.5556831359863352,-1.6377449035644602,2.027698516845703,3.4462890625,3.0300002098083496,8.0,4.0,04-28,1.0584757725397733
03-15,2.6621150970458984,5.612571716308601,-0.9573898315429616,-3.4809799194335938,-6.913608551025391,0.6492080688476562,3.0793991088867188,4.0030059814453125,-2.04718017578125,2.207733154296868,2.0561866760253906,3.7800002098083496,8.0,4.0,04-29,0.8875884612401332
03-16,1.4282588958740163,6.278907775878906,0.05175399780274148,-3.846477508544922,-6.314727783203125,0.071136474609375,2.863292694091797,2.6747703552246023,-1.572601318359382,1.7244949340820312,1.5831718444824219,4.519999980926514,9.0,3.0,04-30,0.7884983619054147
03-17,-0.456371307373054,5.979900360107422,-1.1988868713378906,-2.6020164489746165,-6.253070831298828,-0.1423187255859375,3.4305534362792898,0.6686897277832031,-1.1910858154296946,3.20263671875,1.4480171203613281,7.169999599456785,6.0,6.0,05-01,0.8380039135615006
03-18,0.08450698852539062,6.202022552490234,-1.5870170593261648,-3.489673614501953,-5.786296844482422,-1.0583190917968892,2.422100067138672,-0.8519020080566406,-1.8145561218261719,1.9992752075195312,1.573516845703132,8.209999561309813,6.0,6.0,05-02,0.49197137355804427
03-19,-0.515514373779304,8.440223693847656,-1.8199005126953125,-3.2895240783691406,-6.47325134277343,0.27568817138671875,3.781715393066399,-0.22899627685546875,-1.9262123107910085,2.084552764892578,1.409404754638679,5.61999988555908,6.0,6.0,05-03,0.6131821473439539
03-20,1.1155815124511754,6.389949798583984,-3.4414138793945312,-2.2539405822753906,-6.940029144287109,0.22231292724610796,2.5661659240722656,0.06412887573242188,-1.3772010803222727,1.4781341552734375,1.9789657592773509,6.069999694824217,8.0,4.0,05-04,0.48938783009847137
03-21,-0.3380451202392507,7.047733306884773,-3.3896522521972656,-2.219127655029304,-6.587738037109368,-0.9604721069335938,0.73834228515625,0.0732879638671875,-0.9398460388183452,0.4169158935546875,1.5542068481445312,4.269999980926515,6.0,6.0,05-05,-0.02786624431609863
03-22,2.2311248779296946,5.151264190673828,-4.761039733886719,-1.5403404235839844,-6.596546173095703,-0.9515686035156392,0.7563514709472727,-0.9435005187988281,-0.967761993408196,2.6909713745117188,-5.666584014892578,4.040000438690185,5.0,7.0,05-06,-0.546469092369079
03-23,2.6283149719238352,4.237190246582031,-4.510921478271484,-3.6724395751953125,-3.963214874267578,-1.9920959472656392,0.8823966979980469,0.054958343505859375,-1.1538734436035085,3.9227561950683594,-5.956193923950202,3.730000019073487,6.0,6.0,05-07,-0.4827602307001755
03-24,4.11573600769043,3.4512672424316406,-6.373905181884766,-4.8559722900390625,-3.7078018188476634,-1.8853836059570312,0.5852699279785156,0.09159469604492188,-0.7816505432128906,-10.005874633789055,-6.255451202392589,3.440000057220458,5.0,7.0,05-08,-1.8485142787297575
03-25,4.487575531005859,3.921100616455078,-7.158794403076172,-5.308502197265625,-3.4083595275878977,-1.6007995605468608,1.2875823974609375,0.7328147888183594,-2.9870262145996023,-11.209236145019524,-5.753471374511722,3.2800002098083496,5.0,7.0,05-09,-1.9764263232549018
03-26,2.7466392517089773,2.5542678833007812,-1.4059028625488281,-6.361484527587891,-3.258647918701172,-0.5069351196289062,1.2875823974609375,-1.9144859313964844,-3.322021484374993,-11.038681030273438,-6.467817306518555,2.2300000190734863,4.0,8.0,05-10,-2.1214572191238403
03-27,3.794584274291992,-0.8798866271972656,-0.24150466918944602,-6.5703582763671875,-3.0472984313964844,-0.2045593261718608,1.6837539672851562,-2.4732475280761648,-2.7916183471679616,-9.797412872314453,-6.564359664916992,3.520000457763672,3.0,9.0,05-11,-1.9643255869547496
03-28,8.738536834716793,1.6914596557617188,0.0689849853515625,-4.899482727050781,-3.9984512329101634,-1.0049667358398295,1.5937232971191406,-1.9053192138671875,-3.461597442626946,-9.8826904296875,-7.162874221801751,4.410000324249268,5.0,7.0,05-12,-1.3177230755488063
03-29,7.0821113586425675,2.981426239013679,-0.8625221252441406,-4.908180236816406,-3.3202972412109375,-2.338958740234375,1.8278160095214844,-2.1984405517578196,-3.8803443908691406,-11.180805206298821,-6.651241302490238,4.46999979019165,4.0,8.0,05-13,-1.5816196997960414
03-30,9.15264511108398,5.3904571533203125,-2.9239349365234375,-4.734138488769524,-3.1089401245117188,-1.200584411621108,1.2515678405761719,-2.537372589111328,-4.187416076660156,-9.105724334716797,-7.6358947753906286,3.130000591278076,4.0,8.0,05-14,-1.3757779200871798
03-31,7.445499420166012,5.877414703369141,-1.6387863159179688,-6.335380554199212,-4.280265808105469,-0.9160079956054688,2.5931739807128906,-1.9327964782714844,-4.550331115722656,-8.925693511962884,-8.794311523437496,1.0900001525878915,4.0,8.0,05-15,-1.6972904205322255
04-01,7.056753158569336,4.946235656738281,-1.7681198120117188,-7.449302673339844,-3.1705703735351562,-1.4318084716797017,2.9443359375,-1.9969253540039062,-4.848106384277351,-8.650909423828125,-8.427478790283207,2.0300002098083496,4.0,8.0,05-16,-1.730491360028587
04-02,4.977756500244141,3.07537841796875,-3.8985214233398438,-8.258625030517585,-1.752605438232429,-1.5652236938476705,2.2059974670410227,-2.335845947265625,-4.792278289794929,-7.0969696044921875,-8.49505424499512,1.8000001907348624,4.0,8.0,05-17,-2.1779992580413845
04-03,5.966547012329105,1.5206069946288991,-3.2774810791015696,-8.432666778564446,0.3346862792968679,-2.0543594360351705,0.9364242553710938,-1.3190689086914062,-4.8388023376464915,-7.589672088623054,-8.919805526733402,2.679999828338625,5.0,7.0,05-18,-2.0827993154525792
04-04,3.8706512451171875,0.6919517517089773,-4.812763214111328,-8.08457946777343,0.41393661499022727,-3.068214416503892,0.2971382141113281,-1.8228721618652344,-5.806571960449219,-8.319271087646491,-9.836885452270518,2.5899996757507324,5.0,7.0,05-19,-2.8239566882451386
04-05,5.155235290527344,0.5040130615234304,-4.459148406982422,-7.484092712402337,-0.026416778564453125,-2.356742858886733,0.05401992797852273,-1.8686752319336009,-5.64837646484375,-8.802501678466804,-10.647779464721687,3.889999866485594,4.0,8.0,05-20,-2.640872120857241
04-06,5.400325775146484,-1.4437255859375,-3.6397666931152415,-7.518913269042962,1.8671150207519602,-1.9209594726562358,-0.3421516418457031,-1.648845672607429,-6.132259368896484,-6.575820922851555,-10.25198745727539,3.5899996757507324,3.0,9.0,05-21,-2.3847491343816105
04-07,6.997600555419925,-0.9055442810058594,-2.92388916015625,-8.049758911132805,3.3731460571289062,-2.5701751708984517,-0.1890869140625,-0.9435081481933665,-5.983356475830085,-6.6326751708984375,-10.387140274047852,4.149999618530273,3.0,9.0,05-22,-2.005365689595542
04-08,6.152488708496094,-1.2472419738769531,-2.5098953247070312,-6.970672607421868,3.1177253723144602,-1.7786788940429688,-0.1260528564453054,-1.7312698364257741,-6.4021148681640625,-6.424224853515625,-9.730701446533203,3.619999408721924,3.0,9.0,05-23,-2.002553264300026
04-09,4.56364440917968,-4.6728668212890625,-2.527122497558601,-7.275257110595696,2.043254852294922,-2.8992385864257812,-0.3331451416015696,-1.3007392883300781,-6.4021148681640625,-6.4147491455078125,-9.39282417297363,3.03999948501587,3.0,9.0,05-24,-2.6309299071629852
04-10,4.943965911865234,-4.613067626953125,-3.8812751770019602,-5.943778991699219,2.1401405334472656,-1.636383056640625,-0.32414627075196023,-1.1175346374511719,-6.188083648681641,-9.03940200805664,-9.904462814331051,3.309999465942382,3.0,9.0,05-25,-2.6878356933593763
04-11,3.8284034729003906,-5.279415130615234,-3.6483802795410156,-6.396312713623047,1.8318901062011719,-0.32904052734375,0.4952201843261719,-0.3297615051269531,-6.29975509643554,-9.238372802734382,-10.99530220031738,3.319999694824218,4.0,8.0,05-26,-2.7534022331237793
04-12,3.5241622924804688,-5.159809112548828,-0.6296310424804688,-7.788688659667969,4.209819793701172,-0.9071578979492188,-0.3331451416015696,0.009151458740234375,-4.801589965820305,-9.096240997314453,-11.29455757141113,3.229999542236329,4.0,8.0,05-27,-2.419807275136312
04-13,5.146797180175781,-5.809032440185547,-0.27600860595703125,-6.6312713623046875,8.481269836425781,-0.6403503417968892,-1.5397071838378906,-0.3480949401855469,-3.9175758361816406,-8.432968139648438,-11.255941390991214,4.069999694824218,3.0,9.0,05-28,-1.762740294138592
04-14,5.704570770263665,-6.3301544189453125,0.31911468505858664,-7.162120819091797,7.380378723144531,0.43573760986328125,-1.8458328247070312,-0.09160995483398438,-4.466590881347649,-8.726699829101562,-11.072526931762695,4.410000324249268,5.0,7.0,05-29,-1.7871444622675583
04-15,5.020015716552734,-6.031158447265618,-1.3282394409179688,-7.466701507568359,7.891208648681641,-0.4446563720703125,-3.808727264404297,0.15571975708007102,-5.080738067626953,-8.935161590576172,-11.564851760864254,4.740000247955323,4.0,8.0,05-30,-2.2377741734186807
04-16,3.2283554077148438,-5.450248718261719,0.41400909423827414,-6.761806488037109,5.953624725341797,-1.7608642578125,-2.836284637451172,-0.10076141357421164,-5.387813568115234,-9.067817687988281,-11.39109992980957,4.890000343322754,4.0,8.0,05-31,-2.3558922608693442
04-17,3.9551544189453125,-2.5542755126953125,1.0005073547363281,-10.051338195800781,7.160186767578125,-2.2499923706054688,-2.746246337890625,0.0,-5.341289520263672,-8.631946563720703,-11.53590202331543,3.369999885559082,4.0,8.0,06-01,-2.3020951747894287
04-18,7.090545654296882,-3.3145675659179688,1.8026504516601562,-9.30290603637696,7.988075256347656,-1.6719589233398438,-2.998485565185547,0.25750732421875,-5.3038978576660085,-9.314167022705085,-11.864118576049798,3.4999999999999982,5.0,7.0,06-02,-1.9276102383931473
04-19,10.065368652343764,-5.330661773681641,-1.1127166748046875,-8.458786010742188,8.711715698242188,-1.95733642578125,-2.745433807373047,-1.1095504760742188,-5.201545715332024,-9.086761474609375,-12.153718948364258,4.090000152587889,3.0,9.0,06-03,-2.0241189002990705
04-20,9.811840057373054,-5.665287017822273,-1.8630943298339844,-9.924182891845703,7.133705139160156,-1.6987075805664205,-2.2212486267089844,-0.6881866455078125,-5.043342590332024,-9.127132415771491,-12.960849761962887,4.090000152587889,3.0,9.0,06-04,-2.3463738759358734
04-21,8.13008880615235,-5.878864288330085,-2.8291053771972656,-9.324848175048821,7.036579132080078,-2.11785888671875,-2.1580238342285156,-1.2194747924804688,-3.8836822509765696,-11.627544403076172,-12.494071960449219,4.460000038146973,3.0,9.0,06-05,-2.658900499343872
04-22,7.70753479003907,-6.3059959411621165,-2.276390075683601,-9.56058502197265,6.6569061279296875,-2.4287567138671875,-2.545207977294922,-1.4197502136230469,-5.328754425048828,-11.846412658691406,-11.570249557495117,4.5,3.0,9.0,06-06,-2.8681384722391763
04-23,7.420196533203132,-6.125423431396477,-2.8898773193359446,-8.521545410156236,6.47834777832032,-2.073028564453139,-2.8873558044433594,-0.705657958984375,-5.908397674560547,-11.522880554199212,-11.490966796875004,3.7799997329711914,3.0,9.0,06-07,-2.8705491224924713
04-24,9.160228729248047,-7.5998077392578125,-5.050067901611335,-7.316253662109375,4.76976394653321,-1.4860534667968608,-3.7203292846679688,-0.07108306884765625,-5.7681617736816335,-9.388923645019531,-11.095172882080082,4.389999389648436,3.0,9.0,06-08,-2.7646551132202135
04-25,10.971412658691406,-8.756320953369134,-4.903175354003913,-8.073371887207031,4.496738433837891,1.5520477294921875,-4.486122131347656,0.23241043090820312,-6.971523284912109,-9.303646087646484,-9.859523773193363,4.2699995040893555,5.0,7.0,06-09,-2.5692562262217202
04-26,9.7852783203125,-7.7026100158691335,-4.445995330810547,-7.995052337646484,5.264362335205078,4.038612365722656,-4.892833709716797,-0.21419906616211648,-7.17625427246093,-9.133094787597656,-9.772933959960938,5.109999656677246,4.0,8.0,06-10,-2.2612267335255933
04-27,11.818634033203132,-7.25897216796875,-3.583477020263679,-8.21186447143554,5.7854461669921875,3.9583282470703125,-4.9832000732421875,-1.1576995849609375,-7.17625427246093,-9.79612731933593,-9.647504806518555,4.449999809265137,4.0,8.0,06-11,-2.150224288304645
04-28,13.781105041503913,-8.0705337524414,-3.3678474426269602,-7.883029937744141,5.979682922363281,3.8691253662109375,-4.233863830566406,-0.021831512451171875,-5.479129791259766,-7.955219268798821,-9.608606338500977,2.7500000000000018,4.0,8.0,06-12,-1.6866790453592924
04-29,14.1107177734375,-9.719287872314446,-5.982124328613281,-9.14908218383789,4.646450042724609,3.4048080444335938,-4.576023101806641,-0.9953117370605469,-4.311038970947273,-7.964733123779297,-9.219627380371094,1.6900005340576207,4.0,8.0,06-13,-2.338771025339762
04-30,14.389591217041016,-6.083892822265625,-5.172832489013672,-8.48550033569336,2.9788665771484446,2.6399765014648438,-3.8286819458007812,-2.4380455017089844,-3.8903388977050852,-8.450027465820312,-9.782728195190437,1.6000003814697301,4.0,8.0,06-14,-2.2103010813395185
05-01,13.711530685424805,-6.724552154541023,-5.241970062255859,-9.49766540527343,3.709857940673828,2.782257080078125,-2.7580337524414062,-3.541667938232422,-3.880981445312507,-8.896892547607422,-9.222826004028327,1.5299997329711914,4.0,8.0,06-15,-2.3359119892120375
05-02,11.167781829833991,-6.553215026855469,-3.4965438842773438,-9.332324981689446,2.5649261474609446,1.9883346557617188,-3.1104507446289134,-3.9003410339355398,-5.037681579589837,-8.61263656616211,-0.11960029602050781,2.399999618530275,4.0,8.0,06-16,-1.8368126551310198
05-03,9.151359558105469,-5.27678298950196,-4.853050231933594,-8.244514465332024,1.3163986206054688,3.180480957031264,-3.4719581604003906,-3.7807388305664062,-4.795738220214851,-8.84952163696289,1.2584342956542933,2.8199996948242205,5.0,7.0,06-17,-1.7954692840576165
05-04,8.922584533691406,-3.6116065979003835,-3.1970176696777344,-8.391822814941406,0.9373779296875,2.591888427734389,-3.0110359191894602,-3.075397491455078,-3.9303359985351562,3.1628837585449148,0.4977226257324254,3.3199996948242205,6.0,6.0,06-18,-0.4820632934570302
05-05,8.43221664428711,-3.1161231994628835,-2.7571449279785156,-7.633701324462891,2.0940399169921946,3.3409957885742188,-3.100921630859375,-3.4967689514160156,-3.052745819091797,4.1664161682128835,1.0909156799316442,3.1700000762939453,6.0,6.0,06-19,-0.07190179824829013
05-06,7.984287261962891,-1.783466339111321,-8.037158966064453,-7.188385009765625,2.9504776000976634,2.922149658203111,-3.1369476318359375,-0.7482986450195312,-2.390533447265625,5.146514892578118,2.2286796569824254,3.3199996948242188,6.0,6.0,06-20,0.10560989379882783
05-07,8.03499984741211,0.3074531555175781,-10.03106689453125,-6.245388031005859,1.7239570617675781,1.9527816772460795,-2.893829345703125,-0.06998443603516336,-2.0633087158203054,4.670738220214837,1.503036499023434,2.8199996948242188,7.0,5.0,06-21,-0.024217605590822384
05-08,4.517833709716797,-2.0154571533203125,-9.141063690185554,-5.567867279052734,0.5261993408203125,2.139533996582003,-3.3422698974609304,0.54620361328125,-2.63360595703125,4.956928253173828,1.7636775970458984,2.7799997329711914,7.0,5.0,06-22,-0.45582397778829176
05-09,6.072601318359382,-2.1439590454101562,-8.15602111816407,-4.889060974121094,0.6318702697753906,2.1925811767578125,-3.711933135986328,0.32547760009764914,-4.108253479003906,4.246284484863281,1.1362037658691442,3.0500001907348633,7.0,5.0,06-23,-0.4461840788523359
05-10,3.6071548461914134,-2.914966583251953,-8.79486083984375,-5.045707702636726,-1.5396347045898366,2.0976638793945455,-3.3775367736816477,-0.08610153198242188,-3.93145751953125,3.355609893798828,1.015609741210941,3.1300001144409197,5.0,7.0,06-24,-1.040352265040078
05-11,4.869537353515632,-4.49620437622071,-8.087577819824219,-6.095542907714851,-0.22703170776367188,1.5536575317382812,-3.314277648925774,0.10625839233398438,-3.4941024780273438,2.2240257263183594,2.669977188110348,3.270000457763672,6.0,6.0,06-25,-0.9184400240580244
05-12,3.959697723388672,-6.990673065185547,-7.319972991943359,-5.549152374267578,-1.6044158935546875,0.1891632080078267,-3.1447105407714844,0.34442901611328125,-2.2462158203125,2.739036560058601,1.746149063110348,3.5199995040893555,6.0,6.0,06-26,-1.1963888009389227
05-13,5.903472900390625,-6.742927551269538,-6.044059753417976,-6.387378692626953,-1.1364631652832031,-0.0240478515625,-3.8290176391601634,2.887226104736328,-2.2926979064941406,1.7684440612792969,2.3198928833007777,4.619999885559082,5.0,7.0,06-27,-0.7464630603790304
05-14,4.973838806152344,-6.276134490966797,-7.321804046630845,-6.055583953857422,-2.4933853149414134,0.6874084472656392,-3.7389755249023438,-1.9922294616699219,-1.7878456115722656,1.9777908325195312,2.633777618408203,3.960000038146971,5.0,7.0,06-28,-1.28609522183736
05-15,7.860332489013672,-4.976299285888672,-6.855205535888665,-3.7968482971191335,-2.8897018432617188,2.190399169921861,-3.9311676025390554,-4.420188903808594,-1.3671455383300781,0.19547653198242188,2.8365001678466797,3.90000057220459,5.0,7.0,06-29,-0.937820672988891
05-16,6.075893402099609,-5.747329711914055,-5.498603820800774,-3.483562469482429,-2.6342926025390696,3.035148620605497,-3.778415679931655,-3.6936378479003906,-0.9653625488281179,-0.5341224670410085,3.0295696258544886,0.8199996948242205,4.0,8.0,06-30,-1.1145596504211404
05-17,6.347003936767578,-6.809593200683587,-3.669536590576172,-2.508892059326172,-4.129562377929695,3.009597778320284,-5.215415954589851,-1.699951171875,-0.1371765136718679,-1.0363121032714915,3.4679489135742188,1.5699996948242205,4.0,8.0,07-01,-0.9009908040364611
05-18,5.618385314941406,-6.3817787170410085,-4.057674407958984,-0.947723388671875,-6.006420135498047,3.0274505615234233,-5.179264068603523,-1.1594924926757741,0.10474777221680398,-1.4164543151855469,4.312986373901367,1.6599998474121112,5.0,7.0,07-02,-0.8687698046366372
05-19,5.373294830322266,-4.835552215576165,-3.5401573181152344,-1.1536750793457031,-6.262489318847656,4.186782836914048,-4.783092498779297,-0.5824127197265696,-0.5293121337890625,-1.072998046875,3.962911605834968,1.9600000381469727,4.0,8.0,07-03,-0.6063916683197027
05-20,5.178920745849609,-2.2898292541503835,-3.1434249877929616,-1.1536750793457031,-6.262489318847656,4.835998535156264,-5.0081939697265625,-1.1228561401367188,-0.5293121337890625,-1.072998046875,3.962911605834968,1.1800003051757812,4.0,8.0,07-04,-0.45207897822061877
05-21,6.294483184814453,-2.7084197998046804,-0.8474273681640483,-1.3021049499511719,-6.642780303955078,3.8399505615234375,-5.116237640380859,-0.634693145751946,0.13446807861328125,-1.2537956237792969,2.0811843872070312,1.1700000762939453,5.0,7.0,07-05,-0.4154477119445777
05-22,5.895511627197273,-2.676017761230476,-1.3399620056152273,-0.2902870178222585,-5.77088546752929,4.097869873046875,-4.3601722717285085,-0.6714706420898509,0.8543319702148509,-1.4345512390136719,2.7279644012451136,0.6500005722045863,5.0,7.0,07-06,-0.19313899676004867
05-23,2.8749656677246094,-2.676017761230476,-0.8560714721679616,-0.2902870178222585,-5.709224700927727,3.5724563598632812,-3.1716880798339844,-1.1037330627441406,0.3598365783691406,-0.3828010559082031,3.3361339569091832,0.03999996185302557,5.0,7.0,07-07,-0.3338692188262926
05-24,1.7905082702636719,-1.9906692504882812,-0.8470420837402344,0.08391189575196023,-4.63482666015625,3.4595260620117188,-4.039321899414055,-1.2201385498046875,0.4622039794921804,-0.12697601318359375,3.3277587890625,0.14000034332275568,6.0,6.0,07-08,-0.29958875974019294
05-25,0.773834228515625,-0.53399658203125,-1.8475341796875,0.37976455688477273,-4.8631019592285085,2.5142059326171875,-3.515117645263679,-2.823169708251953,1.0763511657714844,0.38598251342772727,3.9367790222167933,-0.09999942779541016,6.0,6.0,07-09,-0.38466684023539255
05-26,0.629791259765625,0.20920181274414062,-1.9596595764160085,-1.1196861267089844,-5.6047821044921875,2.157470703125,-5.422077178955078,-2.658294677734382,0.4111289978027344,0.8231391906738281,3.2949638366699183,-0.09999942779541016,6.0,6.0,07-10,-0.778233607610067
05-27,0.6805000305175781,-2.8063621520996094,-0.9476089477538991,-1.8705940246582031,-4.492267608642578,2.5944595336914062,-5.7282257080078125,-2.253223419189453,0.48613739013671875,1.4321327209472656,3.187994003295895,-0.5399999618530273,5.0,7.0,07-11,-0.85475484530131
05-28,0.3509101867675781,-1.360736846923821,-1.5682830810546875,-3.031871795654297,-4.2450408935546875,2.5766525268554688,-5.278011322021484,-1.112812042236321,0.5141906738281321,1.4987411499023509,3.470003128051758,-0.029999732971191406,5.0,7.0,07-12,-0.6846881707509335
05-29,1.208995819091804,0.8352699279785156,-3.29644775390625,-3.6168670654296875,-3.4876136779785156,2.3365478515625,-5.1334075927734375,-0.6805534362792969,0.42069244384766336,0.6233139038086009,3.2479763031005895,-0.3800001144409162,6.0,6.0,07-13,-0.6601744492848692
05-30,-2.8587570190429688,0.20132064819335938,-4.074115753173828,-1.61529541015625,-4.061534881591797,2.2295303344726562,-5.205715179443359,0.3770713806152344,0.6170272827148438,-0.48529815673827414,3.2479763031005895,-0.6199998855590803,5.0,7.0,07-14,-1.0206491947174061
05-31,-2.4436187744140696,1.1179656982421875,-3.391510009765618,-0.5937271118164062,-1.7394027709960866,1.4536590576172017,-4.555000305175781,0.09197235107421875,0.5796356201171804,0.09515762329102273,4.084280014038086,-0.4099998474121076,6.0,6.0,07-15,-0.47588237126668104
06-01,-2.5622329711914134,0.4668998718261719,-0.9677810668945241,-0.3492469787597656,-1.4215354919433594,2.1849365234375,-4.148307800292969,0.6437797546386719,-0.6637840270996094,-0.10467147827148438,4.551054000854492,-0.19999980926513494,4.0,8.0,07-16,-0.214240789413452
06-02,-0.8345375061035085,-0.5311355590820241,-1.3652458190917898,0.9080619812011719,-1.1125030517578125,2.300865173339858,-5.838348388671875,0.3310890197753906,-0.3178672790527344,0.647064208984375,4.784442901611335,0.4499998092651385,6.0,6.0,07-17,-0.04817620913187293
06-03,0.8472137451171946,-0.950908660888679,-1.2615394592285156,0.8556747436523438,-1.7040901184082031,2.5327529907226562,-5.892570495605469,0.7265472412109375,0.20567703247070312,-0.6470527648925781,4.560775756835941,-0.020000457763671875,6.0,6.0,07-18,-0.06229337056477835
06-04,-2.185859680175774,0.3426666259765625,1.641754150390625,1.370819091796875,-1.2361068725585938,2.4078826904296875,-4.6544189453125,-0.05516815185546875,0.44875335693359375,-0.3615837097167969,2.8881702423095703,-0.8000001907348615,6.0,6.0,07-19,-0.016090949376423413
06-05,-2.7873916625976562,0.1285095214843679,0.9072990417480398,1.466876983642571,-0.27370071411133523,0.42807769775390625,-4.419441223144531,-0.10115432739257812,-0.13088226318359375,-0.00951385498046875,2.6061592102050817,-1.5500001907348615,5.0,7.0,07-20,-0.3112634817759215
06-06,-1.7876625061035156,0.39406585693358664,2.1601905822753906,0.15716934204101562,-0.821136474609375,-2.7646102905273295,-4.446537017822266,-0.18393325805664062,0.35526657104491477,-0.48529815673827414,2.6450576782226562,-2.4700002670288104,5.0,7.0,07-21,-0.6039523283640539
06-07,-0.12708282470703125,1.4906158447265554,1.8491325378417969,-0.069854736328125,-0.5209388732910156,-2.2741012573242188,-4.81707763671875,0.009204864501953125,0.9910011291503906,-0.5423851013183594,1.5072956085205078,-2.7899999618530273,5.0,7.0,07-22,-0.4411825338999436
06-08,-0.5591659545898438,0.07709884643553977,1.8232040405273438,0.6024665832519531,-0.21189498901367188,-2.2206192016601562,-4.871311187744141,-0.5518074035644531,0.23372650146484375,-0.9705886840820312,2.1977348327636683,-2.5,5.0,7.0,07-23,-0.5792630513509124
06-09,-2.5755767822265696,0.2826995849609304,2.307079315185547,1.4406814575195312,-0.061801910400390625,-1.7033538818359375,-5.015922546386719,0.07357406616210938,-1.1125335693359375,-1.3416976928710938,2.314426422119137,-2.030000686645508,5.0,7.0,07-24,-0.6185355186462417
06-10,-3.3041915893554688,-1.396392822265625,4.519111633300781,0.5413513183593821,-0.114776611328125,-1.2663497924804688,-5.549152374267578,1.0484428405761719,-1.6734695434570312,-1.5129776000976562,3.0243129730224574,-1.070000648498537,4.0,8.0,07-25,-0.5628410180409747
06-11,-2.5078048706054688,0.3512229919433594,4.761054992675788,-0.0436553955078125,0.6357116699218679,-0.5885772705078125,-5.323215484619141,1.4990921020507812,-1.9445877075195312,-0.7041511535644531,3.257701873779297,0.5,6.0,6.0,07-26,-0.00893402099609375
06-12,-0.9235000610351634,1.0537071228027273,4.951129913330078,-0.3929023742675781,1.8365211486816264,0.28537750244142046,-5.766048431396484,1.6738243103027344,-1.0470771789550781,0.5614166259765625,3.695302963256836,-0.01999950408935547,7.0,5.0,07-27,0.49231266975402715
06-13,1.6351585388183594,1.7476119995117045,4.363567352294929,0.4191131591796804,1.0153808593749858,-0.18730926513671875,-5.964878082275405,2.4095687866210938,-1.3556098937988281,0.923004150390625,2.703405380249027,-0.8900003433227539,8.0,4.0,07-28,0.5682510534922249
06-14,2.965312957763672,2.8184547424316335,0.432037353515625,0.22702407836914062,0.9712333679199219,-0.8561477661132812,-6.172740936279304,3.1729087829589773,-0.7479209899902344,1.4463615417480469,3.4619159698486364,-1.1999998092651367,8.0,4.0,07-29,0.5432032744089748
06-15,1.84698486328125,1.1051292419433594,1.7367820739746094,1.5105514526367116,-0.6268997192382884,-1.14154052734375,-5.0159263610839915,3.044147491455078,0.6263885498046875,1.817474365234375,2.9465179443359446,-1.5399999618530273,8.0,4.0,07-30,0.5258007844289132
06-16,0.355865478515625,1.3364219665527273,2.5490150451660156,2.2614402770996094,-1.77471923828125,-2.1225051879882812,-4.320014953613281,2.9429779052734375,0.4487571716308594,0.6565818786621094,2.742305755615231,-1.6999998092651367,8.0,4.0,07-31,0.28134385744730545
06-17,0.44904327392578125,2.0645980834960938,2.453956604003899,1.8248672485351562,-1.3950691223144602,-2.479217529296861,-4.356174468994141,2.5751113891601634,-0.7572708129882884,0.9515609741210866,3.01458740234375,-1.239999771118164,7.0,5.0,08-01,0.2588327725728347
06-18,1.0420951843261719,1.2850189208984375,1.74542236328125,1.3882904052734375,-0.6357116699218821,-2.167083740234361,-4.835166931152351,1.7933807373046804,-1.832408905029304,1.4654045104980469,1.3808727264404297,-1.5699996948242188,7.0,5.0,08-02,-0.07832384109497188
06-19,1.9401435852050781,1.6876640319824219,1.097362518310554,0.8644065856933594,0.2913665771484375,-2.0600357055664062,-4.238674163818359,1.3519401550292898,-1.4023513793945384,1.7889328002929688,1.6045360565185547,-2.1599998474121094,8.0,4.0,08-03,0.06377426783243756
06-20,4.608924865722656,2.818473815917976,-0.8467941284179688,1.2398681640625,2.251514434814446,-5.038734436035156,-8.32371520996093,1.167999267578118,-0.8788032531738281,1.3321876525878906,0.9335460662841797,-3.3800001144409197,7.0,5.0,08-04,-0.3429610729217531
06-21,5.634067535400391,2.270191192626953,-1.996002197265625,2.9075698852539062,4.299922943115234,-4.1558456420898295,-8.016437530517571,1.4347076416015625,0.06544113159179688,2.283740997314446,-1.118316650390625,-2.8800001144409197,7.0,5.0,08-05,0.06075326601664329
06-22,5.456165313720703,3.255382537841797,-1.6676521301269531,3.1782379150390625,6.9929046630859375,-4.3966293334960795,-8.504470825195305,1.2783584594726562,-0.14023971557617188,2.0743942260742116,-8.207460403442383,-2.7699995040893572,6.0,6.0,08-06,-0.28758406639099016
06-23,5.710308074951172,3.5466537475585938,-1.3306655883788991,6.181846618652344,7.14299392700196,-5.065475463867173,-7.96220779418946,-0.08277511596679688,-0.13088226318359375,6.803638458251953,-9.743925094604492,-2.4300003051757795,5.0,7.0,08-07,0.21995910008748565
06-24,4.549613952636719,4.634632110595703,-5.642375946044929,6.836708068847656,6.127620697021484,-4.039886474609375,-7.5555267333984375,3.8258895874023438,-4.1883544921875,7.412631988525391,-10.07455825805664,-1.3400001525878888,6.0,6.0,08-08,0.04553286234537716
06-25,2.6857147216796875,3.8550376892089844,-3.9315185546875,7.142299652099602,5.3594627380371165,-4.1112518310546875,-6.72404861450196,5.334159851074219,-5.011070251464844,7.4697265625,-11.241495132446289,-1.7400007247924787,6.0,6.0,08-09,-0.07608199119567916
06-26,3.532939910888672,4.531829833984368,-9.971389770507812,7.535209655761726,5.606689453125014,-4.0755691528320455,-5.87451171875,4.966285705566406,-5.001720428466797,7.24134826660157,-11.922212600708004,-0.1599998474121076,6.0,6.0,08-10,-0.2992583910624176
06-27,5.134208679199226,4.9430274963378835,-5.780635833740234,6.085796356201179,4.8385276794433665,-5.136821746826165,-4.979774475097656,5.380157470703125,-5.459812164306641,7.4697227478027415,-12.466779708862305,-0.6099996566772461,6.0,6.0,08-11,-0.04853192965189379
06-28,4.524192810058594,4.523269653320305,-8.087711334228516,5.055473327636726,5.942203521728523,-4.182609558105469,-3.7325668334960938,4.534030914306641,-5.815071105957038,7.736164093017585,-13.293357849121094,-0.029999732971191406,6.0,6.0,08-12,-0.23549850781758566
06-29,1.533477783203125,3.803649902343743,-8.38149642944336,4.383182525634766,6.145294189453132,-3.4780731201171875,-4.410396575927734,3.044147491455078,-5.534603118896484,7.003456115722656,-13.536476135253913,0.23999977111816406,7.0,5.0,08-13,-0.7656531333923345
06-30,2.999195098876953,3.5637741088867116,-9.323341369628913,3.9204063415527344,5.765628814697266,-4.155845642089844,-3.7506446838378906,2.372779846191399,-6.516242980957031,6.727512359619141,-14.58671951293946,-0.039999961853027344,6.0,6.0,08-14,-1.0852914651234968
07-01,3.7024078369140554,4.1977195739746165,-5.763355255126953,3.8767471313476562,5.9951934814453125,-4.5482254028320455,-3.6783447265625,2.5567092895507955,-6.993045806884773,6.4991455078125,-14.518648147583015,0.5699996948242205,7.0,5.0,08-15,-0.6753080685933441
07-02,5.100318908691406,3.8893203735351634,-5.0634613037109375,3.588603973388672,7.178325653076165,-4.289619445800781,-3.660266876220703,2.4279747009277344,-6.79670715332032,7.317481994628913,-14.119941711425781,0.3400001525878924,7.0,5.0,08-16,-0.34066422780354805
07-03,7.142143249511719,3.0154876708984375,-3.6550369262695312,3.143318176269524,7.2048187255859375,-5.252777099609389,-3.8771629333496236,2.9889717102050852,-7.385692596435554,6.480106353759766,-14.294981002807617,-0.11999988555908558,6.0,6.0,08-17,-0.3842337131500277
07-05,3.3804550170898438,3.8036346435546875,-3.542694091796875,3.152046203613274,6.498428344726555,-5.06549072265625,-3.362010955810554,2.8694114685058594,-7.301563262939453,6.175609588623054,-15.141012191772457,-0.810000419616701,6.0,6.0,08-19,-0.7785988648732514
07-06,4.244621276855469,4.454715728759766,-3.784618377685547,4.776096343994141,7.452041625976555,-3.52264404296875,-3.9404220581054688,2.1980438232421875,-6.329265594482422,6.480106353759773,-13.935176849365234,-1.1400003433227557,6.0,6.0,08-20,-0.2538751761118572
07-07,5.837406158447266,2.878437042236328,-5.38316726684571,5.29124450683593,6.454311370849609,-3.7991104125976562,-4.50077819824218,1.6922111511230469,-7.077178955078125,6.784610748291016,-13.84765625,-0.9900007247924787,6.0,6.0,08-21,-0.5549725691477462
07-08,5.981449127197266,2.193103790283196,-10.239273071289062,5.334911346435547,6.445476531982429,-2.8894577026367188,-2.5938186645507812,0.9104843139648366,-7.1987266540527415,6.9558868408203125,-14.256084442138672,-0.9900007247924787,6.0,6.0,08-22,-0.8621707757314057
07-09,4.17683029174804,1.14794921875,-9.340618133544922,5.020580291748047,5.5095672607421875,-3.326446533203125,-2.702281951904297,0.4690284729003906,-7.610080718994155,7.545860290527344,-13.857379913330078,-0.6599998474121076,6.0,6.0,08-23,-1.135582605997723
07-10,6.303379058837891,1.6448173522949219,-9.06412506103515,5.605587005615234,5.262340545654297,-2.934051513671875,-4.419441223144531,0.30348968505859375,-7.24547195434571,7.374568939208977,-14.139389038085941,-1.4200000762939453,6.0,6.0,08-24,-1.0606913566589364
07-11,7.099784851074219,1.4049453735351562,-7.3705291748046875,6.190582275390625,3.5406112670898366,-2.5773544311523438,-5.8654632568359375,1.1587905883789062,-7.189365386962898,8.249996185302727,-14.168561935424808,-2.4499998092651367,6.0,6.0,08-25,-0.9980469544728617
07-12,6.769351959228516,0.3169746398925781,-5.633750915527344,6.286632537841797,4.2292938232421875,-3.469146728515611,-7.320533752441406,-0.19312667846679688,-7.385700225830078,8.202415466308594,-14.810379028320309,-1.880000114440918,5.0,7.0,08-26,-1.2406640847523993
07-13,6.32879638671875,-0.6681976318359375,-6.316356658935554,5.195198059082031,3.7436790466308594,-2.532722473144503,-7.926067352294922,0.09197235107421875,-7.142631530761719,7.717132568359375,-15.607788085937507,-2.0799999237060547,5.0,7.0,08-27,-1.5997487703959135
07-14,5.57476806640625,-0.017131805419921875,-5.806575775146484,5.125339508056641,4.09684753417968,-2.1760177612304545,-7.7633819580078125,-0.20232391357421875,-7.217426300048828,9.144466400146484,-15.753656387329109,-2.5399999618530273,4.0,8.0,08-28,-1.4612576961517334
07-15,4.100601196289055,0.488311767578125,-7.793933868408203,4.819736480712891,2.551708221435554,-2.5951461791992188,-6.597526550292969,-0.14715576171875,-7.1519775390625,10.029415130615234,-16.307950019836433,-3.189999580383301,5.0,7.0,08-29,-1.8161597251892097
07-16,3.6600265502929688,1.5420036315917969,-5.9707679748535085,4.662574768066406,2.772449493408203,-2.4078826904296875,-6.715007781982422,-0.045986175537109375,-7.217414855957031,9.696369171142578,-15.607782363891605,-3.0699996948242205,5.0,7.0,08-30,-1.558451493581136
07-17,3.981975555419929,2.2701950073242188,-4.069786071777337,3.8505630493164062,2.6841392517089844,-1.1236877441406392,-4.663448333740234,0.082763671875,-6.703224182128906,9.458480834960938,-14.858999252319336,-2.729999542236328,6.0,6.0,08-31,-0.985085646311442
07-18,1.8893203735351634,1.533447265625,-3.2057228088378764,2.715465545654297,1.8012008666992188,-1.5339126586914062,-3.8048667907714844,-0.36788177490234375,-5.7683258056640625,8.782878875732415,-13.711511611938477,-2.4700002670288086,5.0,7.0,09-01,-1.1783257325490304
07-19,1.3132171630859375,1.3364181518554688,-4.237827301025391,2.6019668579101562,1.2979202270507812,-2.086814880371108,-3.6414451599121094,-0.7283096313476562,-6.394710540771484,8.573535919189446,-14.440849304199215,-2.609999656677246,5.0,7.0,09-02,-1.5847415129343683
07-20,0.110137939453125,1.7905044555664134,-4.073661804199219,3.029804229736328,0.9265441894531321,-2.4266738891601562,-5.048770904541016,-1.2249412536621094,-6.104885101318359,8.954158782958984,-14.110216140747067,-2.850000381469725,5.0,7.0,09-03,-1.7523333231608056
07-21,0.12182235717773438,2.150310516357429,-5.473472595214844,3.2897872924804545,0.5105209350586009,-2.5071640014648295,-4.740299224853516,-1.050201416015625,-5.964649200439453,8.573539733886719,-13.750411987304684,-3.239999771118166,5.0,7.0,09-04,-1.8400181134541818
07-22,0.10487747192382812,0.385570526123054,-5.646278381347663,3.4561920166015554,0.6078872680664062,-3.4984283447265483,-4.505321502685547,-0.3972282409667969,-5.5525360107421875,8.449382781982422,-13.533897399902337,-3.0499992370605487,5.0,7.0,09-05,-1.9316482543945301
07-23,-1.5048484802246094,-0.4882507324218679,-6.693561553955078,3.8065185546875,1.1830940246582031,-3.846229553222642,-3.7280807495117188,-0.9136199951171875,-5.514934539794922,7.628055572509773,-13.08249473571777,-3.170000076293947,3.0,9.0,09-06,-2.193696022033689
07-24,-2.0470848083496094,-0.25434494018553977,-8.078914642333984,4.522895812988281,1.765838623046882,-3.5251617431640483,-3.167743682861321,-0.350360870361321,-5.759330749511719,7.172588348388679,-13.704862594604492,-2.719999313354494,3.0,9.0,09-07,-2.1788733800252236
07-25,-2.0183792114257812,0.31265640258790484,-8.28671646118164,4.208560943603516,1.93359375,-2.7059402465820312,-2.7782859802246094,-1.1906280517578125,-6.403045654296882,6.392314910888679,-13.403404235839847,-3.020000457763672,4.0,8.0,09-08,-2.246606190999348
07-26,-1.5682449340820312,-0.039577484130845164,-5.716335296630859,2.6194419860839915,3.1451454162597656,-1.6424789428710938,-3.5863685607910156,-1.6031913757324219,-6.10387039184571,6.221031188964851,-12.713567733764656,-2.5699996948242188,3.0,9.0,09-09,-1.9631679852803536
07-27,-1.1011314392089844,-0.7667961120605469,-3.530231475830071,2.5005149841308594,3.9212074279785085,-2.0091629028320312,-2.297080993652351,-2.0078582763671875,-6.253456115722663,5.886112213134773,-12.804597854614254,-3.260000228881836,3.0,9.0,09-10,-1.8102067311604821
07-28,-0.06774520874024148,-0.32990264892578125,-2.6056632995605398,4.224552154541016,5.080745697021477,-3.073402404785142,-4.007740020751953,-1.7595443725586009,-5.055049896240234,5.33326721191407,-11.722040176391598,-1.8199996948242205,3.0,9.0,09-11,-1.3168768882751458
07-29,1.652149200439446,0.20124053955078125,-3.0642166137695312,5.196712493896484,5.81541442871093,-3.7290802001953125,-5.164573669433594,-2.0556869506835938,-3.8483123779296875,6.154594421386726,-11.41695594787597,-2.159999847412111,5.0,7.0,09-12,-1.0348928769429526
07-30,0.8557586669921804,-0.13303756713867188,-4.450931549072273,6.186405181884766,5.816375732421875,-4.1214752197265625,-5.625495910644531,-3.165508270263672,-3.6227035522460938,6.3265037536621165,-11.236532211303714,-1.8999996185302752,4.0,8.0,09-13,-1.255886713663738
07-31,1.3233718872070312,-0.7569923400878977,-4.442268371582031,6.60546875,4.200580596923828,-2.1862335205078125,-1.4935150146484375,-2.380653381347649,-3.0023040771484375,6.261524200439453,-10.740581512451175,-1.2799997329711914,4.0,8.0,09-14,-0.6576335430145267
08-01,0.34070587158203125,0.24813461303709516,-3.6976203918457102,6.1863555908203125,2.010894775390625,-2.0600547790527344,-1.4830131530761648,-2.999305725097649,-3.3007545471191406,6.4137725830078125,-9.18466949462891,-1.6199998855590803,5.0,7.0,09-15,-0.7621295452117928
08-02,0.4256248474121094,-0.4562950134277415,-1.1906661987304688,6.483219146728516,1.1998291015625,-2.4900283813476562,-1.5919685363769602,-3.3509178161621094,-3.2540054321289062,5.833324432373047,-0.5615272521972656,-1.5299997329711914,4.0,8.0,09-16,-0.04028423627217729
08-03,1.0116386413574219,0.13493728637695312,-1.0265007019042969,5.552753448486328,0.5983085632324148,-2.7046585083007812,-1.755401611328125,-3.396900177001953,-3.2727088928222656,1.9123153686523509,0.11873054504394176,-1.8499994277954102,6.0,6.0,09-17,-0.3897904555002851
08-04,2.004840850830078,-0.07924652099609375,3.941913604736328,6.448089599609375,1.1736679077148366,-2.7940940856933594,-0.7861480712890625,-3.4428863525390625,0.5243186950683665,1.67578125,1.0536689758300746,-1.5500001907348633,7.0,5.0,09-18,0.6808254718780514
08-05,0.4883155822753906,0.22916793823242188,3.14984130859375,5.975154876708984,1.3329887390136648,-2.1252479553222656,-1.3916702270507812,-2.218475341796875,1.3752288818359375,1.475231170654304,0.6796932220458984,-2.029999732971193,8.0,4.0,09-19,0.578352371851603
08-06,0.1409454345703125,0.057094573974609375,9.137744903564453,6.1152801513671875,4.003593444824226,-1.7863426208496094,-2.1508407592773366,-2.506206512451172,1.1590232849121094,2.3729515075683594,0.3214263916015625,-1.8299999237060565,8.0,4.0,09-20,1.2528891563415538
08-07,-1.841827392578132,-0.397064208984375,7.397380828857422,5.739624023437514,4.303798675537109,-1.1353225708007741,-2.3349456787109375,-1.7213287353515625,1.4316329956054688,2.631023406982422,0.9146194458007812,-1.9800004959106445,6.0,6.0,09-21,1.083965857823691
08-08,-1.1044273376464915,0.6853675842285156,6.185176849365227,5.014919281005859,3.5709495544433594,-1.3382720947265625,-4.835113525390625,-2.5800743103027344,1.8828811645507812,2.650054931640618,1.0313129425048828,-2.539999961853029,7.0,5.0,09-22,0.7185645898183167
08-09,-1.9791793823242188,1.1750450134277344,-0.9494895935058594,4.81407546997071,4.987049102783196,-2.257465362548821,-4.553653717041016,-2.2367897033691406,1.9202728271484375,2.8308563232421875,1.703237533569336,-3.2799997329711914,6.0,6.0,09-23,0.18116323153177957
08-10,-2.233970642089851,0.8216361999511719,0.00098419189453125,5.118736267089851,5.862369537353516,-3.8046417236328125,-5.243690490722656,-2.1172142028808594,2.2381324768066406,3.3831024169921875,2.0055313110351562,-3.409999847412111,7.0,5.0,09-24,0.21841462453206364
08-11,-0.38130950927734375,2.6035194396972656,-3.06646728515625,5.039783477783203,4.897575378417976,-4.13555908203125,-5.600925445556641,-2.264366149902351,2.1078720092773438,4.022125244140618,2.546812057495117,-3.7500000000000018,6.0,6.0,09-25,0.16825501124064055
08-12,-1.118408203125,2.9119186401367188,-7.921497344970703,4.610633850097656,5.260475158691406,-3.699249267578125,-6.2968292236328125,-0.927734375,1.751739501953125,3.6687660217285227,0.8245601654052734,-3.560000419616701,6.0,6.0,09-26,-0.37463545799255327
08-13,-2.075775146484375,1.8976783752441406,-8.645896911621094,2.8414649963378835,5.535453796386719,-4.466201782226548,-5.212299346923821,-2.4305686950683665,2.390941619873047,3.2485504150390625,0.9828395843505859,-3.200000762939453,6.0,6.0,09-27,-0.7611511548360183
08-14,-1.7485237121582031,2.6961936950683665,-8.057117462158203,2.5252838134765625,4.988033294677734,-4.4037704467773295,-5.192584991455078,-2.467498779296882,2.6071434020996094,1.9813575744628835,1.8094215393066406,-2.1499996185302734,6.0,6.0,09-28,-0.6176718076070143
08-15,-0.4458045959472656,2.6618309020996165,-7.381752014160156,2.263336181640625,5.411869049072266,-4.754520416259766,-5.327945709228516,-2.3659248352050852,3.4405288696289062,2.9900131225585938,2.5387573242187464,-1.3999996185302734,6.0,6.0,09-29,-0.197467645009359
08-16,0.0892486572265625,3.6841392517089844,-8.803298950195312,1.4338417053222656,5.31500244140625,-5.474597930908196,-6.417491912841797,-0.8344688415527273,3.6368637084960938,2.3810157775878835,1.0988502502441406,-1.8400001525878906,7.0,5.0,09-30,-0.47757466634114526
08-17,-0.28446197509765625,2.338031768798828,-9.658733367919922,2.203849792480476,5.445289611816406,-5.7249908447265625,-6.045223236083984,-1.045989990234375,4.26324462890625,1.6776199340820384,1.277048110961914,-1.760000228881836,6.0,6.0,10-01,-0.6095263163248686
08-18,-1.3269691467285156,1.68695068359375,-4.984096527099609,1.8711662292480469,5.365619659423828,-6.243721008300781,-4.558872222900391,-1.6621818542480469,4.394340515136719,1.2484817504882812,1.8380088806152344,-1.8499994277954102,6.0,6.0,10-02,-0.3517727057139079
08-19,-1.9030799865722656,2.5521926879882812,-3.9034805297851562,2.2652969360351562,6.224216461181641,-6.772144317626953,-4.522720336914055,-1.5237083435058594,4.7680931091308665,1.7355499267578125,0.9227561950683594,-1.7599992752075213,6.0,6.0,10-03,-0.15975228945414122
08-20,-2.936698913574226,2.6377220153808594,-6.786220550537124,2.3966712951660156,7.357200622558587,-7.325061798095703,-2.986305236816399,-0.7764434814453125,5.6704978942871165,3.301799774169922,0.9375267028808558,-1.3499994277954102,6.0,6.0,10-04,0.011724074681598454
08-21,-5.422172546386719,3.5820388793945312,-7.704032897949219,2.2905921936035156,7.180595397949219,-7.164516448974609,-2.9990615844726562,-1.5520820617675781,5.435497283935554,2.0337562561035156,0.6457920074462855,-0.1900005340576172,6.0,6.0,10-05,-0.32196617126464816
08-22,-6.586490631103516,2.989269256591797,-4.812057495117195,2.866863250732422,6.271171569824219,-7.182865142822273,-0.6905250549316406,-1.6721153259277273,5.202495574951172,2.138439178466797,0.35405731201171164,-0.5100002288818359,6.0,6.0,10-06,-0.13597981135050574
08-23,-6.238285064697266,4.776161193847656,-5.674430847167969,2.936725616455078,5.288211822509766,-7.842060089111335,1.252471923828125,-1.6225090026855398,5.239887237548828,2.0908546447753906,1.1542720794677734,-0.19999980926513672,7.0,5.0,10-07,0.09677497545878093
08-24,-6.255283355712891,6.1304359436035085,-6.633541107177734,3.8209495544433594,4.917331695556641,-7.833103179931655,2.1694984436035156,-1.328216552734368,5.370780944824219,1.5469741821289062,1.5757026672363281,-0.43000030517578125,7.0,5.0,10-08,0.25429407755533734
08-25,-5.135280609130859,6.198963165283196,-5.389286041259766,4.065242767333984,4.403938293457038,-9.693313598632827,3.4287567138671875,-1.2362442016601491,5.2032470703125,0.2895698547363281,1.4379215240478516,1.1899995803833008,8.0,4.0,10-09,0.3969595432281488
08-26,-4.262638092041016,6.51594161987304,-4.789573669433587,3.4433975219726562,2.9877204895019602,-8.85162353515625,2.8593788146972656,-1.272968292236321,5.099491119384766,0.8721351623535156,0.7883872985839844,1.4399995803833008,8.0,4.0,10-10,0.40247066815694293
08-27,-4.39818191528321,5.771339416503913,-8.075927734375,3.3295364379882812,4.453208923339837,-8.548423767089844,1.2416267395019531,-2.0296096801757812,4.7892913818359375,0.2800140380859375,1.4903001785278338,1.1799993515014666,8.0,4.0,10-11,-0.043068885803222955
08-28,-4.02556228637696,6.782993316650391,-5.798713684082031,3.2677536010742188,4.824054718017578,-8.049003601074205,1.7523269653320312,-1.5679206848144531,4.751686096191406,-1.7649650573730469,1.0137996673583984,1.3699998855590838,7.0,5.0,10-12,0.2130374113718676
08-29,-3.415477752685547,6.138690948486328,-4.8549346923828125,3.5646209716796875,5.045337677001946,-8.970142364501953,1.6252212524414062,-2.6482620239257812,4.293895721435547,-1.8125457763671875,0.5664749145507812,1.3999996185302717,7.0,5.0,10-13,0.07773987452189053
08-30,-3.6362953186035156,5.717731475830078,-4.705944061279304,4.20396804809571,7.355537414550767,-9.766098022460952,1.3346824645996094,-1.71746826171875,3.9386329650878906,-1.2606468200683594,0.45270729064941406,1.4599990844726562,7.0,5.0,10-14,0.28140052159627044
08-31,-4.035472869873047,6.919883728027344,-4.926731109619141,4.703178405761719,8.355762481689453,-10.79458618164064,0.8716354370117188,-1.274261474609375,3.797637939453125,-10.390731811523445,1.161289215087887,1.0699996948242188,7.0,5.0,10-15,-0.3785330454508484
09-01,-1.6688652038574219,5.36924743652343,-4.069522857666016,3.932472229003899,9.028484344482422,-10.964504241943366,2.4060745239257812,-0.9326019287109375,3.7600364685058594,-9.397499084472663,1.1809711456298793,1.1800003051757795,7.0,5.0,10-16,-0.014642238616946171
09-02,-1.2484664916992188,4.441436767578125,-3.056488037109375,4.773246765136719,8.152187347412095,-10.866115570068366,2.151836395263672,-1.6805343627929759,4.004432678222656,-10.81094741821289,1.4565315246581996,1.2799997329711932,7.0,5.0,10-17,-0.11690672238668058
09-03,-2.6073265075683594,3.7799339294433594,-1.922210693359368,5.298748016357415,9.39139175415039,-10.392116546630866,1.9702415466308594,-1.6897659301757812,3.9668350219726562,-9.244693756103523,1.2990684509277344,1.890000343322754,7.0,5.0,10-18,0.14500880241393924
09-04,-1.7580375671386719,3.6081199645996023,-4.2253990173339915,5.106075286865227,8.869159698486328,-9.953907012939446,3.4229583740234375,-1.3573570251464844,3.938636779785149,-9.36885070800782,0.1377792358398473,1.75,7.0,5.0,10-19,0.01409816741943152
09-05,-2.8026580810546875,1.3401565551757812,-4.251373291015618,4.974704742431641,8.099079132080078,-11.223876953125,-0.38134384155272727,-0.6463584899902344,3.9480323791503906,-9.722209930419929,-0.6298522949218714,2.5699996948242188,5.0,7.0,10-20,-0.7271416982014965
09-06,-1.6985816955566406,1.133991241455071,-4.6669921875,3.8974266052246094,9.71004867553711,-9.828704833984368,-0.39949798583983664,-1.0711097717285227,3.694236755371101,-9.20649719238282,-0.08857345581054688,3.060000419616701,5.0,7.0,10-21,-0.45535445213317854
09-07,-2.496917724609375,1.3143920898437358,-6.649810791015632,3.7835693359375,10.002132415771484,-9.71244049072265,0.2542266845703196,-1.3942909240722727,3.3746337890625,-8.900875091552734,-1.358119964599613,3.560000419616701,6.0,6.0,10-22,-0.6852916876475029
09-08,-2.6582908630371094,0.9707679748535085,-6.3727264404296875,1.1385765075683594,9.568401336669922,-8.326225280761719,-0.3540992736816335,-0.9326057434082102,3.7224349975585938,-9.846359252929688,-0.9054126739501953,3.350000381469725,5.0,7.0,10-23,-0.8871281941731778
09-09,-2.5733489990234304,1.030902862548821,-4.121479034423828,0.6743927001953054,9.878223419189453,-9.327896118164077,0.19974517822265625,-0.046169281005859375,3.6190338134765696,-10.266571044921875,-0.6298542022705078,2.25,6.0,6.0,10-24,-0.7760850588480643
09-10,-3.2442970275878906,1.1511764526367188,-2.5975685119628977,-0.4466743469238281,8.63018798828125,-7.691253662109375,-0.18159103393554688,-0.674053192138679,3.0456275939941335,-11.450809478759766,-1.043191909790039,2.77000045776367,4.0,8.0,10-25,-0.9777038892110208
09-11,-3.0914306640625,-0.24912261962889914,-0.6926918029785227,-1.4976806640625,8.249576568603516,-8.156314849853516,0.09987640380858664,-0.3601036071777415,3.1772308349609375,-13.88614273071289,-1.4958972930908132,2.9099998474121076,4.0,8.0,10-26,-1.249391714731853
09-12,-4.1105804443359375,-0.1632232666015554,-1.4979324340820384,-1.4801673889160156,7.745044708251953,-4.811504364013679,0.9896583557129048,-0.4432106018066406,2.350025177001953,-14.335006713867188,-2.1060676574706996,3.0399999618530256,4.0,8.0,10-27,-1.235247055689493
09-13,-5.214649200439453,0.13744354248047586,-1.5065994262695312,-2.7150840759277344,8.559337615966797,-4.292808532714844,0.37225723266602273,0.9880065917968679,2.2184181213378906,-14.172649383544929,-1.4368476867675746,2.25,6.0,6.0,10-28,-1.2344312667846677
09-14,-5.6562957763671875,0.13744354248046875,-2.06939697265625,-4.265281677246094,7.479476928710923,-4.0692176818847585,-1.0350608825683523,1.5235595703125,1.9740104675292898,-13.590072631835938,-2.0371780395507777,2.119999885559084,5.0,7.0,10-29,-1.624001105626424
09-15,-7.855960845947266,0.09449386596679688,-3.4547805786132812,-3.792346954345703,7.7096099853515625,-2.808204650878899,2.070117950439453,1.2188377380371094,2.1244163513183594,-12.8642578125,-2.00765228271484,2.0199995040893555,6.0,6.0,10-30,-1.4621439774831126
09-16,-8.671260833740234,0.3608055114746094,-0.4762115478515625,-3.8536415100097656,7.983978271484375,-3.684661865234375,1.588897705078125,1.8929100036621094,2.3876266479492188,-13.590087890625,-2.2143249511718714,1.609999656677246,6.0,6.0,10-31,-1.3888309001922605
09-17,-8.560867309570312,0.3865776062011719,0.9264793395996094,-3.766059875488274,7.054592132568359,-3.684661865234375,2.315265655517578,2.4376869201660156,2.6226272583007812,-12.510902404785163,-2.1257495880126953,1.4600000381469727,7.0,5.0,11-01,-1.1204176743825276
09-18,-7.720050811767571,-1.4604377746582031,-1.4806289672851491,-3.433246612548828,5.399360656738274,-4.453777313232422,2.95989990234375,2.3268928527832102,2.716625213623047,-14.04848861694336,-1.436849594116211,1.6400003433227557,5.0,7.0,11-02,-1.5825583934783924
09-19,-9.00250244140625,-0.9192161560058594,-3.775146484375,-3.363182067871101,4.0362396240234375,-3.4431724548339915,3.82244873046875,2.234546661376946,3.243030548095703,-14.363655090332031,-1.5155811309814453,2.6700000762939453,5.0,7.0,11-03,-1.6980158487955748
09-20,-8.960037231445312,-0.36080169677734375,-1.3680534362792898,-3.0566368103027415,1.9561958312988281,-1.9675331115722585,5.184375762939453,2.72393798828125,2.7824325561523438,-14.459159851074219,-3.975940704345703,3.969999313354492,5.0,7.0,11-04,-1.4609351158142083
09-21,-8.705253601074219,-0.7731666564941406,1.5758590698242188,-1.3487777709960938,3.5228805541992116,-2.468353271484375,5.9742889404296875,1.9667816162109375,2.6696319580078125,-13.94343185424804,-2.0765457153320312,4.549999237060547,6.0,6.0,11-05,-0.754673957824707
09-22,-8.297580718994126,0.0,5.247104644775391,-5.8680458068847585,4.328361511230476,-4.265960693359375,6.691566467285156,1.1911468505859375,3.3182220458984446,-12.501338958740241,-1.3679618835449254,3.8199996948242205,6.0,6.0,11-06,-0.6420405705769835
09-23,-7.159526824951165,1.2027244567871094,7.177959442138665,-4.992221832275391,4.682411193847649,-2.387847900390625,7.726631164550781,2.4099960327148438,4.935043334960945,-11.202499389648445,-1.5254249572753906,3.8900003433227557,7.0,5.0,11-07,0.39643708864847776
09-24,-5.851623535156243,0.7645835876464773,3.3508758544921875,-3.6959991455078125,4.717842102050781,-2.1463851928710938,7.372524261474609,-4.0074310302734375,6.542457580566413,-10.400279998779304,-0.5904865264892578,3.0199995040893555,6.0,6.0,11-08,-0.07699354489644368
09-25,-4.7730255126953125,4.862388610839837,3.5067367553710938,-3.0303688049316264,4.213298797607422,-1.1000328063964844,7.563194274902351,-3.9520263671875,6.0818634033203125,-8.986831665039062,-0.8168373107910156,3.4200000762939453,6.0,6.0,11-09,0.58236328760783
09-26,-5.1806793212890625,5.884712219238274,4.381244659423828,-2.426044464111321,4.0982322692871165,-1.7707672119140696,7.445163726806641,-4.2105712890625,5.433254241943359,-8.537975311279297,0.05904960632324219,3.5,7.0,5.0,11-10,0.7229682604471842
09-27,-2.964038848876953,5.15447998046875,1.1862373352050781,-2.9602928161621023,4.089363098144531,-0.9659042358398438,7.427009582519531,-0.12928009033203125,5.188854217529297,-8.748077392578132,0.28540229797363637,4.350000381469727,7.0,5.0,11-11,0.992812792460124
09-28,-6.046966552734368,4.630439758300781,3.3508758544921875,-3.8711624145507812,6.160633087158203,-1.2610130310058594,7.190944671630859,-1.3296546936035156,5.151252746582031,-9.426143646240234,-0.3247661590576172,4.6100006103515625,6.0,6.0,11-12,0.7362033526102708
09-29,-5.384487152099609,5.034202575683594,3.0997695922851562,-4.002536773681641,6.098644256591797,-1.3146858215332031,7.109218597412109,-1.4589309692382812,4.653045654296875,-11.46990966796875,-0.2361927032470703,4.140000343322754,6.0,6.0,11-13,0.5223448276519775
09-30,-5.206146240234375,5.08575439453125,6.398704528808601,-3.941234588623047,5.771152496337891,-0.7512435913085938,6.20127868652343,-0.8494987487792969,3.741241455078125,-12.978866577148438,-0.6003246307373047,4.559999465942383,6.0,6.0,11-14,0.6192347208658854
10-01,-3.9322166442871094,4.991260528564453,9.186767578125,-3.932476043701172,6.328777313232436,0.053646087646484375,7.009342193603516,-1.2465438842773438,3.4028358459472656,-13.47547531127929,-0.3444480895996094,4.220000267028809,7.0,5.0,11-15,1.0217891534169532
10-02,-3.346210479736328,4.544528961181648,7.948589324951165,-4.808300018310547,5.2046279907226705,0.23250961303711648,4.176551818847656,0.9510726928711009,2.44403076171875,-14.802967071533203,0.04920959472656605,3.6800003051757812,9.0,3.0,11-16,0.5228036244710313
10-03,-4.042629241943359,4.913944244384766,8.28628158569336,-4.387889862060547,6.364170074462905,-0.8138313293457102,1.9702491760253906,1.3296585083007812,2.3124237060546875,-14.124897003173828,-0.18698501586914062,3.680000305175783,7.0,5.0,11-17,0.44170792897542394
10-04,-2.3100662231445312,3.8229103088378835,5.255767822265625,-5.149868011474609,6.620880126953132,-1.1715774536132812,2.9962310791015625,0.415515899658196,2.180816650390625,-13.7142333984375,-0.11809921264648438,4.489999771118162,7.0,5.0,11-18,0.2765231132507317
10-05,-2.233631134033203,2.7576370239257884,4.4245452880859375,-4.633129119873047,7.143108367919922,-2.1463966369628906,2.251720428466797,-0.489391326904304,2.039825439453125,-12.367645263671868,0.10825538635253906,4.489999771118162,7.0,5.0,11-19,0.11207485198974654
10-06,-2.208148956298828,2.491333007812514,2.736122131347649,-4.09010314941407,5.974750518798814,-0.06259918212890625,2.5785675048828125,-0.5078506469726634,3.290027618408203,-14.000740051269531,-0.8168392181396449,4.720000267028807,6.0,6.0,11-20,0.008709987004596353
10-07,-2.8875961303710938,2.2421875,2.4503822326660156,-3.4332313537597656,5.089580535888672,2.146385192871101,1.9248428344726562,0.5632553100586009,3.863433837890625,-14.9748764038086,-0.7085838317871094,3.3000001907348615,8.0,4.0,11-21,-0.035351673762003134
10-08,-2.8281402587890625,3.7971267700195312,-0.2164764404296875,-3.4332313537597656,5.779991149902344,0.9479904174804759,0.9261016845703125,0.15697479248046875,3.9386367797851634,-14.9748764038086,-0.07873153686523438,3.1700000762939418,7.0,5.0,11-22,-0.23455286026000946
10-09,-4.068119049072266,4.982654571533203,-0.48488616943358664,-2.9865570068359375,5.859642028808594,2.2089881896972727,1.3256072998046875,0.9972381591796875,3.9386367797851634,-16.531566619873047,-0.2263507843017578,3.2799997329711914,7.0,5.0,11-23,-0.14205940564473293
10-10,-3.5415382385253906,5.326290130615234,-0.48488616943358664,-2.7676124572753906,3.965465545654304,4.212299346923835,0.9624214172363281,0.9972381591796875,4.709445953369141,-14.153541564941406,-0.47238731384277344,3.220000267028807,7.0,5.0,11-24,0.16443292299906576
10-11,-3.6604537963867188,5.326290130615234,-1.1948890686035156,-3.4332275390625,4.4434356689453125,6.7164306640625,0.871623992919929,2.5854339599609375,4.653045654296875,-4.899299621582024,-1.3384361267089844,3.220000267028807,7.0,5.0,11-25,1.107496182123821
10-12,-3.6604537963867188,4.724933624267585,-2.2079429626464844,-2.732582092285149,4.328338623046889,5.902587890625,0.871623992919929,2.10528564453125,4.653045654296875,-4.822902679443359,-1.0333499908447266,3.220000267028807,7.0,5.0,11-26,0.9457153479258248
10-13,-4.110569000244141,3.719810485839851,-1.8356246948242188,-3.100425720214851,4.027412414550781,5.902587890625,1.6524505615234375,2.289958953857422,4.3710479736328125,-4.794250488281257,-0.7184257507324219,3.6099996566772443,7.0,5.0,11-27,0.9178310235341383
10-14,-5.274097442626953,3.814311981201172,-4.623691558837905,-3.135448455810554,4.027412414550781,6.385520935058587,1.5253372192382812,4.450641632080078,4.0608367919921875,-3.8296699523925852,-0.7184257507324219,3.7399997711181623,7.0,5.0,11-28,0.8685606320699025
10-15,-6.573520660400391,5.334903717041016,-3.0305099487304616,-3.7485237121582102,5.417083740234389,6.287132263183587,0.8807029724121094,4.672260284423835,4.098438262939453,-4.316730499267585,-1.4860572814941406,3.429999351501463,7.0,5.0,11-29,0.913764874140422
10-16,-5.21466064453125,7.181911468505859,-0.5714645385742116,-4.011283874511719,4.177879333496094,6.779033660888672,2.8872756958007812,3.9704933166503906,4.765838623046875,-4.842006683349609,-1.3285942077636754,3.3000001907348615,7.0,5.0,11-30,1.4245351950327556
10-17,-7.193500518798828,7.516960144042969,-0.8139114379882812,-3.8186111450195312,2.9386672973632812,3.9976654052734304,3.3412513732910156,2.7793540954589844,5.320446014404304,-4.7178497314453125,-1.5746307373046875,2.8099994659423793,7.0,5.0,12-01,0.8821533521016436
10-18,-7.694583892822266,7.3880958557128835,1.7074089050292898,-4.992218017578125,1.0080947875976562,-0.17374420166016336,3.7880821228027415,2.9490509033203125,5.3110504150390625,-4.765605926513672,-1.3187522888183523,2.8099994659423793,7.0,5.0,12-02,0.501406510670979
10-19,-7.34637451171875,9.363483428955078,2.123027801513672,-3.0646209716796875,1.1225128173828267,-1.7347869873046946,4.098121643066406,3.373802185058601,4.8316497802734375,-5.329063415527344,-2.047018051147461,2.8099994659423793,7.0,5.0,12-03,0.683394432067872
10-20,-6.560829162597656,9.183082580566413,1.90655517578125,-2.969398498535149,1.2201004028320312,-0.5415802001953196,2.8699111938476562,4.038627624511719,4.906848907470696,-5.052112579345696,-2.371786117553711,2.3099994659423793,7.0,5.0,12-04,0.7449515660603844
10-21,-6.399456024169922,8.555953979492188,0.01810836791992898,-3.0572509765625,0.6347122192382812,-0.7345733642578125,3.4782371520996094,3.7704086303710938,5.724651336669922,-5.052112579345696,-2.7182617187500036,2.5199995040893555,7.0,5.0,12-05,0.5617013772328704
10-22,-6.594799041748047,9.794853210449219,-2.3814773559570312,-2.4335441589355398,-0.06536865234375,1.3313369750976562,2.8789901733398438,3.5028152465820312,6.60264968872071,-4.437740325927734,-2.9839210510253906,2.220000267028807,6.0,6.0,12-06,0.6194829146067312
10-23,-6.026836395263672,10.595722198486328,-1.2705307006835866,-1.4793701171875,0.447998046875,-1.3427162170410085,2.098163604736321,3.6326026916503906,6.1022911071777415,-5.749385833740234,-2.875667572021488,2.0,6.0,6.0,12-07,0.5110225677490243
10-24,-4.709804534912109,10.46657943725586,-1.6871299743652415,-1.4180564880371094,0.08513641357421875,-2.4183349609375,2.5149307250976562,3.919994354248047,6.244472503662109,-3.4859619140625,-2.688680648803711,2.7899999618530256,6.0,6.0,12-08,0.8010954062143955
10-25,-5.0505218505859375,9.812255859375,-1.5154991149902344,-1.3567619323730469,0.004241943359389211,-2.3368911743164134,1.8310012817382812,4.726203918457024,6.4512786865234375,-4.440998077392578,-3.3994617462158203,2.7899999618530256,6.0,6.0,12-09,0.6262373129526773
10-26,-6.217456817626953,10.002342224121094,-2.2514801025390625,0.022674560546867895,0.8828048706054688,-4.57978820800782,0.5087318420410227,3.9136390686035156,6.272678375244141,-6.329399108886726,-3.211202621459961,2.7899999618530256,7.0,5.0,12-10,0.15029533704121775
10-27,-5.9376373291015625,10.706771850585938,-5.178081512451172,0.5599746704101562,0.39498138427735796,-4.023551940917976,1.3962554931640625,3.895172119140625,6.593864440917969,-6.381137847900398,-3.617074012756346,2.9200000762939418,7.0,5.0,12-11,0.11079478263854965
10-28,-4.323986053466797,10.723960876464844,-6.741191864013672,1.6141204833984375,1.0956726074218608,-7.581279754638679,-1.5454902648925781,3.7985076904296804,7.151889801025391,-7.168304443359382,-3.3893909454345703,3.340000152587889,6.0,6.0,12-12,-0.25212430953979803
10-29,-5.292186737060547,12.00510025024414,-3.6744537353515696,2.3520355224609375,-1.0058364868164062,-6.615386962890625,-0.937164306640625,4.966156005859368,6.915866851806641,-9.001811981201179,-2.707551956176758,3.1399993896484357,5.0,7.0,12-13,0.012063821156817736
10-30,-3.4927215576171946,11.64468002319336,-4.950321197509773,1.6141204833984375,-0.23577117919921875,-7.411334991455078,-1.9261360168457031,4.799278259277337,7.1990966796875,-9.783409118652344,-2.422151565551758,2.8499994277954084,5.0,7.0,12-14,-0.1762225627899189
10-31,-3.8162765502929688,11.25726318359375,-5.82695388793946,1.6141204833984375,1.3486175537109375,-6.980937957763679,-3.725788116455078,4.530426025390618,6.727470397949219,-9.143543243408203,0.7861576080322266,1.5500001907348615,7.0,5.0,12-15,-0.13995369275411162
11-01,-3.2455902099609375,11.25726318359375,-4.999263763427734,0.028873443603515625,0.08152008056640625,-7.798931121826179,-3.780498504638672,3.7884292602539134,5.928455352783203,-10.069927215576172,-0.8130779266357457,1.5500001907348615,6.0,6.0,12-16,-0.6727289358774825
11-02,-0.73284912109375,10.285587310791016,-6.19415283203125,4.511695861816399,-0.7682800292968892,-7.987346649169915,-2.458232879638672,4.157783508300781,5.439659118652337,-11.715438842773445,-1.9374332427978516,1.5500001907348615,5.0,7.0,12-17,-0.4874173005421982
11-03,-0.723590850830071,10.208274841308594,-8.80903244018554,3.7237319946289134,0.251708984375,-8.328258514404297,-2.6006851196289062,3.8807716369628906,3.0325775146484304,-13.61904525756836,-1.5810565948486293,0.9700002670288068,6.0,6.0,12-18,-1.1328836282094306
11-04,-0.8764724731445312,10.002098083496094,-5.6054229736328125,4.38257980346679,0.12754058837889204,-5.041370391845703,-2.6279258728027344,9.630565643310547,1.972736358642571,-13.926231384277344,-1.5216617584228516,1.829999923706053,6.0,6.0,12-19,-0.13779703776041918
11-05,-1.131256103515618,7.522785186767578,-5.917522430419922,5.7090492248535085,1.6715469360351562,-6.588565826416016,-2.863994598388679,9.538070678710938,2.3409271240234304,-14.118225097656246,-1.3344993591308594,1.189999580383299,6.0,6.0,12-20,-0.33180705706278585
11-06,-1.8549118041992188,7.025634765625,-6.8115081787109375,3.9208831787109446,1.2732162475585938,-6.7406005859375,-2.5592117309570312,8.796424865722656,2.133228302001946,-15.342824935913082,-0.5471858978271484,1.5500001907348615,6.0,6.0,12-21,-0.763071298599243
11-07,-3.6030807495117188,7.3011474609375,-5.032230377197266,5.024421691894531,2.1495285034179688,-5.832710266113281,-2.8875885009765625,8.509037017822266,2.858165740966797,-16.336057662963864,-1.0392570495605504,0.6999998092651349,6.0,6.0,12-22,-0.6823853651682538
11-08,-3.3475341796875,8.015731811523445,-5.82861328125,6.224308013916023,0.9472885131835938,-5.250503540039055,-2.395153045654304,9.045696258544922,3.2905731201171875,-15.400129318237301,-0.7227706909179688,0.6999998092651349,6.0,6.0,12-23,-0.3934255441029853
11-09,-3.4327049255371094,8.745964050292969,-3.308971405029297,6.611606597900391,1.4882278442382812,-5.483768463134766,-1.6200332641601491,4.862831115722656,3.8263816833496094,-14.697793960571293,-0.4153709411621094,0.6999998092651349,6.0,6.0,12-24,-0.2269693215688068
11-10,-0.3497772216796946,8.24769592285157,-4.001659393310547,6.550304412841797,1.4882278442382812,-5.483768463134766,-1.3839683532714773,3.671672821044922,3.8357810974121094,-13.188837051391605,-0.4153709411621094,0.439999580383299,6.0,6.0,12-25,-0.04914164543151841
11-11,-0.6385459899902344,7.63774490356446,-5.871910095214851,6.216503143310547,1.1778182983398438,-4.604709625244141,-1.6745109558105398,4.844356536865234,4.514057159423828,-13.975999832153324,0.4953651428222656,0.8299999237060529,7.0,5.0,12-26,-0.0874859491984048
11-12,0.2701988220214844,9.667312622070305,-3.540130615234375,5.6718597412109375,1.7270355224609375,-4.649421691894531,0.30481338500977273,2.1461296081542898,4.334678649902344,-14.206388473510739,0.057651519775390625,1.1199998855590803,9.0,3.0,12-27,0.2419782479604081
11-13,1.5127639770507812,9.229026794433594,-3.297100067138672,5.206298828125,0.31081390380857954,-3.88031005859375,1.9542312622070312,2.0441513061523366,4.6934242248535085,-11.482681274414073,0.7170276641845703,0.8099994659423793,9.0,3.0,12-28,0.6514705022176072
11-14,0.2146148681640625,9.788639068603523,-3.1929473876953125,5.950748443603516,0.07181549072265625,-3.7647781372070312,0.9829559326171875,2.3222770690917898,5.652229309082024,-11.72143936157227,0.37257957458496094,0.0,8.0,4.0,12-29,0.5563912391662589
11-15,0.2572021484375,8.781326293945312,-4.554817199707038,5.495319366455078,0.6927032470703125,-2.5836181640625,0.4358177185058594,1.2020378112792969,6.018836975097649,-12.695571899414073,0.5017929077148438,0.0,8.0,4.0,12-30,0.29591910044352004
11-16,0.3679389953613281,10.552509307861335,-4.416278839111328,5.74104309082032,1.665946960449233,-1.65057373046875,0.6455574035644602,2.2362136840820312,4.937828063964837,-11.798637390136719,0.8725242614746058,0.0,8.0,4.0,12-31,0.7628393173217795
11-17,0.29150390625,9.830890655517571,-2.745166778564453,5.084171295166016,1.665946960449233,-1.65057373046875,1.3900680541992259,1.792999267578118,4.674621582031243,-10.82450103759765,0.8725242614746058,0.0,8.0,4.0,01-01,0.8652070363362633
11-18,0.28302001953125,8.001045227050781,-2.3555221557617188,4.232074737548828,1.772361755371108,-4.272674560546875,0.1461944580078196,1.7375907897949219,4.89208984375,-11.131685256958,1.2189998626708949,0.0,8.0,4.0,01-02,0.3769578933715841
11-19,1.4890174865722656,7.382343292236328,-1.5316238403320455,5.558536529541016,3.021209716796875,-4.62144851684571,-0.2896270751953054,0.3967132568359304,4.788246154785149,-10.776500701904286,1.5067176818847656,0.0,7.0,4.0,01-03,0.5769653320312486
11-20,0.90216064453125,7.124809265136719,-1.5923881530761719,7.211051940917976,3.7470169067382812,-5.748313903808601,-0.15570449829101562,0.44307327270508523,5.430217742919915,-7.917329788208008,1.5263996124267578,0.0,7.0,4.0,01-04,0.9142494201660156
11-21,0.8422126770019531,8.4420394897461,-0.09084320068360086,6.9307861328125,2.1714553833007812,-7.528987884521477,-0.5664520263671946,0.9158668518066406,5.423957824707031,-8.165632247924805,1.4673519134521484,0.0,7.0,4.0,01-05,0.8201462427775065
11-22,1.6684226989746094,5.652595520019531,-0.22914505004882102,6.457855224609382,0.3543548583984233,-6.66131591796875,-0.1196136474609446,1.1496658325195312,5.705955505371094,-6.78083610534668,1.4197635650634766,0.0,7.0,4.0,01-06,0.718141873677571
11-23,1.6428642272949219,7.139812469482415,1.6324462890625142,5.904422760009773,0.9036178588867188,-8.572250366210938,-0.967693328857429,-0.16151809692382812,6.053764343261719,-7.328006744384766,1.0652427673339844,0.0,7.0,4.0,01-07,0.6093918482462571
11-24,3.5142898559570312,6.143268585205078,2.3424530029296946,6.079998016357422,0.38033294677734375,-9.074661254882812,-2.452709197998047,-0.7155456542968821,6.2048187255859375,-6.612663269042969,1.1939334869384801,0.0,7.0,4.0,01-08,0.5836262702941898
11-25,2.7329368591308594,6.564224243164055,2.2296295166015625,5.886737823486335,1.1075973510742188,-9.51327133178711,-1.9442672729492188,-0.8546066284179759,6.308826446533203,-5.854301452636719,1.0652427673339844,0.0,7.0,4.0,01-09,0.6440623601277663
11-26,3.6077003479003906,6.78807067871093,-0.4377288818359375,5.596843719482422,0.5144119262695312,-7.7603912353515625,-2.3800888061523438,-0.57928466796875,6.658138275146484,-5.489513397216797,1.468221664428711,0.0,6.0,5.0,01-10,0.6655316352844233
11-27,5.132373809814453,6.943767547607415,-0.6026344299316406,6.8687591552734375,0.9933624267578125,-3.7052459716796875,-3.31024169921875,-1.3209381103515554,6.68646240234375,-4.512882232666016,1.3993320465087855,0.0,6.0,5.0,01-11,1.214342912038167
11-28,6.306373596191406,7.021240234374986,0.681915283203125,6.60601806640625,1.3126754760742045,-2.0903701782226562,-4.805767059326179,-0.7090797424316406,6.255077362060554,-5.553859710693359,1.6748905181884766,0.0,7.0,4.0,01-12,1.3915928204854306
11-29,6.4937591552734375,9.027229309082017,0.6552963256836009,6.351253509521484,0.878089904785142,-2.278789520263679,-6.17363357543946,0.5191421508789062,5.728668212890632,-4.866245269775391,1.7144851684570312,0.0,8.0,3.0,01-13,1.50410461425781
11-30,5.761222839355469,10.516380310058594,-1.8400497436523438,8.389297485351562,0.86920166015625,-3.65142822265625,-5.653842926025405,-0.3615531921386719,5.531261444091804,-4.4157981872558665,1.6927776336669886,0.0,6.0,5.0,01-14,1.4031224250793441
12-01,5.685577392578125,8.74715805053711,-1.4841766357421946,8.07305908203125,0.10643768310546875,-4.144863128662109,-6.629573822021484,-0.25030517578125,5.286865234375014,-4.530986785888672,1.8115711212158203,0.0,6.0,5.0,01-15,1.055896917978923
12-02,5.698368072509766,7.903430938720703,-0.9894676208496094,7.985195159912124,1.3836517333984375,-6.791461944580078,-6.055088043212891,-0.296661376953125,6.382007598876953,-4.482997894287109,3.3558597564697266,0.0,6.0,5.0,01-16,1.1744030316670748
12-03,6.06463623046875,7.01666259765625,-0.8071861267089915,8.4420166015625,2.83819580078125,-7.984683990478516,-6.055088043212891,-0.018539428710930395,7.250560760498047,-4.665382385253899,3.5340480804443395,0.0,6.0,5.0,01-17,1.301270008087159
12-04,5.851673126220703,7.369636535644531,-1.3713417053222727,7.958858489990234,3.22845458984375,-7.213130950927734,-5.854454040527344,0.5933189392089844,8.156879425048835,-2.227100372314453,3.524148941040039,0.0,7.0,4.0,01-18,1.6680785814921062
12-05,6.839748382568359,8.239200592041016,-0.4079246520996094,8.125751495361328,3.8138504028320312,-7.518165588378906,-4.796642303466804,-0.9548721313476491,8.751640319824219,-0.8639640808105469,3.9003219604492188,0.0,6.0,5.0,01-19,2.094078699747721
12-06,5.8942718505859375,9.349811553955078,0.6509590148925852,6.658733367919922,2.7051544189453125,-6.450553894042976,-4.915191650390625,-0.8436355590820312,8.477855682373047,-0.8639640808105469,3.682537078857422,0.0,7.0,4.0,01-20,2.0288314819335938
12-07,6.243511199951172,7.516029357910156,1.2845687866210938,5.648494720458984,3.1752548217773295,-5.25732421875,-5.6264801025390625,-1.5667381286621094,8.109664916992188,-0.086395263671875,4.642769813537596,0.0,7.0,4.0,01-21,2.0069463253021227
12-08,6.5756988525390625,7.025276184082031,3.185352325439453,4.9018096923828125,4.6032333374023295,-4.889492034912102,-4.35893630981446,-2.7997283935546804,9.138725280761719,1.5743331909179688,4.325991630554201,0.0,8.0,3.0,01-22,2.440188646316528
12-09,6.737525939941406,6.508720397949219,3.6019630432128906,5.086284637451172,5.392616271972642,-4.261486053466797,-3.839141845703125,-4.041984558105469,9.724063873291016,2.707080841064453,3.999314308166502,0.0,8.0,3.0,01-23,2.6345797379811593
12-10,7.09526443481446,6.594810485839851,4.218189239501953,5.701198577880859,5.321640014648452,-1.9647712707519531,-3.9941787719726562,-3.865833282470696,10.535972595214844,1.2383499145507812,3.4944515228271484,0.0,8.0,3.0,01-24,2.864591121673587
12-11,5.689838409423828,7.94646072387696,4.018573760986328,4.682186126708984,7.148780822753906,-2.3236312866210938,-3.3649520874023438,-4.069789886474609,10.696468353271484,2.5822792053222656,3.019285202026367,0.0,8.0,3.0,01-25,3.0021249453226733
12-12,5.008426666259766,8.38554763793946,3.5759124755859375,5.420101165771484,7.813987731933594,-1.7225418090820241,-1.8785324096679688,-2.0302505493164062,10.243297576904297,2.2846908569335938,2.1778450012207067,0.0,8.0,3.0,01-26,3.2732070287068695
12-13,5.349140167236328,7.447120666503906,5.841270446777337,5.8856964111328125,5.587730407714844,-2.117271423339851,-2.3709678649902344,0.1576080322265625,10.620925903320312,2.8414688110351634,2.672811508178718,0.0,9.0,2.0,01-27,3.4929610888163247
12-14,5.306556701660156,8.798816680908196,7.308097839355462,6.606006622314446,1.3658905029296733,-1.3905868530273509,-0.8754425048828125,0.9919509887695312,10.771984100341797,3.7630233764648438,1.8709659576416016,0.0,9.0,2.0,01-28,3.7097719510396288
12-15,3.1089744567871094,9.212078094482415,7.342792510986321,7.220939636230483,0.691810607910142,-2.2518463134765696,-3.173450469970703,1.6965141296386719,10.167770385742188,4.550189971923828,1.1483173370361364,0.0,9.0,2.0,01-29,3.3095075289408356
12-16,2.8449325561523366,7.627948760986321,7.707328796386719,6.974967956542983,1.348121643066392,-3.6603927612304688,-3.820911407470703,1.640899658203125,10.092239379882805,3.6958274841308523,1.4056987762451207,0.0,9.0,2.0,01-30,2.98805507024129
12-17,3.4411888122558594,5.191478729248047,8.826976776123047,7.150665283203132,0.28380584716796875,-5.1496734619140625,-2.9181175231933594,2.280570983886726,10.167770385742188,3.5134315490722656,1.0097293853759837,0.0,9.0,2.0,01-31,2.8164855639139827
12-18,2.05279541015625,3.658988952636726,7.92431640625,4.972087860107429,-1.6142501831054688,-6.612033843994141,-1.9970779418945312,1.8448486328125,8.997100830078125,3.7342300415039027,0.9800300598144567,0.0,8.0,3.0,02-01,1.9950863520304374
12-19,1.1924858093261719,4.399402618408203,7.96771240234375,5.464031219482415,-2.4036102294921875,-6.154483795166023,-1.2675514221191335,1.2329940795898438,9.516349792480469,4.156610488891598,0.7127513885498082,0.0,8.0,3.0,02-02,2.0680576960245762
12-20,1.7205848693847656,4.640464782714844,7.663944244384766,4.813976287841797,-2.6785430908203267,-5.4277992248535085,-1.52288818359375,1.631622314453125,9.252006530761719,5.010972976684574,0.2474822998046875,0.0,8.0,3.0,02-03,2.112651983896891
12-21,3.1174964904785156,3.934486389160149,7.585819244384766,4.989654541015618,-2.71405029296875,-3.6334915161132812,-2.1885795593261648,1.3535079956054688,8.91213607788086,6.086118698120121,-1.3760032653808594,0.0,7.0,4.0,02-04,2.1722579002380367
12-22,2.5212516784667898,2.9444198608398438,6.492218017578125,6.412757873535156,-4.63873291015625,-2.6196937561035085,-3.3467063903808665,1.8541183471679688,8.846054077148438,6.07651329040527,-0.8810386657714844,0.0,7.0,4.0,02-05,1.9717634518941234
12-23,1.6268997192382741,3.0132904052734375,6.2752227783203125,5.7802734375,-3.3792648315429688,-5.571338653564453,-4.732818603515625,1.3998603820800781,6.9295730590820455,5.96132469177245,-0.6236572265625,0.0,7.0,4.0,02-06,1.3899470965067542
12-24,1.1924858093261648,1.7304916381835866,7.8114776611328125,6.158000946044922,-3.9114303588867188,-5.338081359863281,-4.787525177001953,1.7150535583496094,4.531600952148445,5.510145187377919,0.8810386657714844,0.0,8.0,3.0,02-07,1.2911047935485824
12-26,-2.035736083984368,3.409309387207024,6.683143615722656,6.360050201416016,-4.5411529541015625,-4.315319061279304,-2.9819488525390625,1.4091300964355469,5.277435302734382,3.7054252624511754,0.6632518768310547,0.0,7.0,4.0,02-09,1.1361323992411299
12-27,-2.5638465881347585,3.3318214416503906,7.177886962890625,6.193145751953125,-3.308319091796875,-5.82255554199218,-4.8604888916015625,0.7509117126464844,5.277435302734382,3.859020233154297,0.7127513885498082,0.0,7.0,4.0,02-10,0.895646890004478
12-28,-1.8483543395996094,3.9258956909179688,8.202064514160156,6.562095642089851,-2.3681488037109375,-4.916412353515625,-4.5139617919921875,1.4925651550292969,4.984764099121087,2.8126697540283274,-0.4256687164306605,0.0,6.0,5.0,02-11,1.1589590708414723
12-29,-1.7461471557617188,3.245746612548828,7.646575927734382,4.3659515380859375,-2.1996002197265625,-5.31116867065429,-5.134056091308601,1.9931793212890696,3.455341339111328,2.188694000244137,-0.2375812530517578,0.0,6.0,5.0,02-12,0.6889112790425628
12-30,-1.4650535583496094,3.323223114013672,8.65339279174804,4.119987487792969,-1.9778594970703267,-4.916408538818359,-4.614253997802734,2.642116546630845,2.5301475524902344,2.1118965148925746,0.5147647857666016,0.0,7.0,4.0,02-13,0.9101627667744921
12-31,-1.2861900329589844,4.4338340759277415,6.587677001953125,4.242973327636719,-0.34592437744140625,-4.61137771606446,-4.112709045410156,2.790454864501953,3.7574462890625,4.262203216552731,1.069122314453125,0.0,7.0,4.0,02-14,1.398959159851074
