,2009,2010,2011,2012,2013,2014,2015,2016,2017,2018,2019,2020,ups,downs,end_day_sum,avg
01-02,-6.229999542236321,-0.2200012207031179,1.5499992370605469,2.9899978637695312,5.389999389648452,1.9000015258789062,-10.099998474121094,2.410003662109375,4.0300064086914205,2.369995117187514,11.169998168945312,-9.259994506835966,8.0,4.0,02-16,0.50000063578288
01-03,-5.210002899169922,0.05999755859375,1.520000457763679,2.1800003051757812,5.139999389648452,1.5,-9.049995422363281,3.8300018310546875,4.490005493164091,1.6499938964844034,12.680000305175781,-7.759994506835966,9.0,3.0,02-17,0.919167200724288
01-04,-5.479999542236321,2.6199989318847727,2.390003204345703,2.1599998474121094,4.910003662109375,2.5999984741210938,-8.829994201660142,5.5800018310546875,3.0,1.5399932861328267,12.169998168945312,-5.1399993896484375,9.0,3.0,02-18,1.460000356038415
01-05,-6.970001220703118,2.6100006103515625,2.5100021362304688,1.8899993896484375,5.5800018310546875,3.9099960327148438,-9.229995727539062,5.689994812011719,3.450004577636733,1.4499969482422017,11.06999969482419,-5.629997253417969,9.0,3.0,02-19,1.3608334859212246
01-06,-8.0,2.6800003051757812,3.1000022888183594,2.1100006103515554,6.230003356933594,5.370002746582031,-5.949996948242202,7.359992980957031,3.9599990844726705,2.9300003051757812,12.96999359130858,-5.339996337890611,9.0,3.0,02-20,2.2850001653035474
01-07,-6.770000457763672,2.470001220703125,3.0100021362304688,3.539997100830064,3.5400009155273438,3.3300018310546875,-7.5,9.139999389648438,3.1800003051757955,1.8499984741210938,14.559997558593736,-2.3600006103515625,9.0,3.0,02-21,2.332499821980793
01-08,-7.369998931884773,2.3899993896484304,2.370002746582024,3.5300025939941406,3.8600006103515625,3.5499954223632812,-7.719993591308608,12.230003356933594,4.619995117187514,-3.3100051879882812,13.959999084472656,-2.0699996948242188,8.0,4.0,02-22,2.1700000762939435
01-09,-8.099998474121094,2.3600006103515696,3.490001678466797,1.7600021362304759,3.279998779296889,3.6299972534179688,-5.660003662109389,13.0,1.6199951171875142,-5.610000610351577,12.900001525878906,-1.4599990844726705,8.0,4.0,02-23,1.767499605814616
01-10,-7.70999908447266,2.0100021362304688,0.8200035095214844,0.10999679565428977,3.3600006103515625,3.600006103515625,-1.2399978637695312,13.319999694824219,-1.290000915527358,-6.060005187988281,12.050003051757798,0.7099990844726562,8.0,4.0,02-24,1.6400006612141895
01-11,-8.420000076293945,1.220001220703125,0.3100013732910156,0.04999923706053977,3.5999984741210938,5.620002746582031,-1.0999984741210938,12.680000305175781,-1.4900054931640767,-8.560005187988281,13.739997863769531,-3.4899978637695455,7.0,5.0,02-25,1.1799995104471812
01-12,-7.569999694824219,1.8700027465820241,0.3100013732910156,-0.030002593994140625,4.269996643066406,5.4900054931640625,-1.1399993896484517,11.400001525878906,-2.099998474121108,-10.349998474121094,15.540000915527358,-3.9799957275390767,6.0,6.0,02-26,1.142501195271807
01-13,-7.170000076293945,1.6800003051757741,0.7800025939941406,-0.43000030517578125,3.5399932861327983,5.0800018310546875,-0.3000030517578125,13.639999389648438,-3.5699996948242188,-8.270004272460923,14.370002746582031,-7.659996032714858,6.0,6.0,02-27,0.9741663932800275
01-14,-7.160001754760742,1.420001983642571,0.629997253417983,-0.670001983642571,3.9599990844726562,4.410003662109375,1.5,12.540000915527344,-1.3099975585937642,-7.930000305175753,14.530006408691392,-9.819999694824219,7.0,5.0,02-28,1.008334000905356
01-15,-7.309999465942383,1.5099983215332031,1.2900009155273438,-0.6900024414062429,4.849998474121094,3.5800018310546875,1.6999969482421875,13.40000152587892,-1.379997253417983,-10.240005493164034,12.480003356933594,-9.120002746582017,7.0,5.0,02-29,0.8391661643981975
01-16,-8.719997406005863,1.2600021362304688,1.6499977111816335,-0.3000030517578054,5.180000305175781,2.5500030517578125,-0.5699996948242188,12.950004577636733,-1.849998474121108,-10.960006713867173,13.110000610351577,-11.400001525878906,6.0,6.0,03-01,0.24166679382324427
01-17,-7.4700012207031214,1.7100028991699219,1.0900001525878835,-0.2200012207031179,5.069999694824219,2.6500015258789062,-1.3899993896484375,11.840003967285156,-0.9899978637695455,-11.640007019042969,12.10000610351561,-16.090003967285142,6.0,6.0,03-02,-0.27833302815755295
01-18,-8.650001525878906,1.8400001525878835,1.7599983215332031,-1.3399963378906108,5.6100006103515625,3.8499984741210938,-0.5299987792968892,14.720001220703125,-2.720001220703125,-11.090003967285156,10.849998474121094,-14.180000305175781,6.0,6.0,03-03,0.00999959309895774
01-19,-8.110000610351562,1.2100028991699219,1.8899993896484375,-2.1999969482421875,4.94000244140625,2.7400054931640625,-1.959999084472642,15.230003356933594,-2.5400009155273438,-12.729995727539062,12.360000610351562,-12.379997253417969,6.0,6.0,03-04,-0.1291646957397449
01-20,-8.560001373291012,1.9200019836425781,2.279998779296875,-1.18000030517576,5.910003662109375,3.69000244140625,-3.4300003051757812,14.5,-3.8699951171874716,-13.269996643066392,11.72000122070314,-15.05999755859375,6.0,6.0,03-05,-0.4458319346109958
01-21,-7.760002136230465,2.1599998474121094,3.3999977111816406,-1.48999786376951,6.709999084472656,3.3600006103515625,-3.720001220703139,14.319999694824219,-1.5500030517577983,-12.34999847412108,11.540000915527344,-12.169998168945312,6.0,6.0,03-06,0.20416641235351887
01-22,-7.010002136230465,2.0999984741210938,1.5600013732910156,-1.48999786376951,6.560005187988281,2.8499984741210938,-4.540000915527344,14.199996948242188,-2.0699996948242188,-11.59999847412108,11.010002136230455,-10.959999084472656,6.0,6.0,03-07,0.05083370208740442
01-23,-6.279998779296864,2.1000022888183594,0.9200019836425781,-2.009998321533189,6.7400054931640625,3.5499954223632812,-4.1699981689453125,14.349998474121094,-2.7300033569335938,-13.069999694824219,10.940002441406236,-10.919998168945312,6.0,6.0,03-08,-0.048332532246906666
01-24,-5.870000839233395,2.1800003051757812,1.8900032043457102,-2.4300003051757955,6.020004272460923,4.75,-5.739997863769531,15.199996948242188,-3.7699966430664062,-14.96999359130858,12.260002136230455,-12.419998168945312,6.0,6.0,03-09,-0.24166504542033027
01-25,-6.360000610351559,2.2600021362304688,1.5999984741211009,-2.3199996948242188,6.229995727539048,4.569999694824219,-4.760002136230469,14.569999694824233,-4.659996032714858,-14.64999389648439,10.049995422363295,-13.310005187988281,6.0,6.0,03-10,-0.5650005340576175
01-26,-4.969999313354496,2.3100013732910156,1.3300018310546875,-2.4900054931640767,7.269996643066392,3.6399993896484375,-6.290000915527344,11.889999389648423,-3.9899978637695312,-17.06000518798828,9.02999877929686,-16.01000213623047,6.0,6.0,03-11,-1.2783344586690317
01-27,-5.0100002288818395,2.520000457763672,0.8699989318847727,-1.410003662109375,8.449996948242173,3.529998779296875,-5.189994812011719,11.92000579833983,-3.720001220703111,-14.389999389648438,9.449996948242188,-10.240005493164062,6.0,6.0,03-12,-0.26833391189575284
01-28,-6.480001449584954,2.6200027465820312,0.6699981689453125,-1.3700027465820312,8.77999877929686,3.5699996948242188,-3.089996337890625,10.590003967285142,-3.8700027465820312,-14.639999389648438,9.80999755859375,-12.680000305175781,6.0,6.0,03-13,-0.5075001716613787
01-29,-5.680002212524414,3.220001220703125,0.22999954223632812,-1.6100006103515696,7.510002136230469,5.459999084472656,-3.089996337890625,7.75,-2.94000244140625,-15.27999877929689,8.849998474121094,-13.260002136230469,6.0,6.0,03-14,-0.7366668383280454
01-30,-5.060001373291016,2.6899986267089844,-0.1699981689453125,-0.700000762939446,8.150001525878892,4.6999969482421875,1.7799987792968892,11.45999908447267,-3.0200042724609233,-14.810005187988281,7.739997863769531,-12.979995727539048,6.0,6.0,03-15,-0.01833438873290601
01-31,-4.14999961853027,2.4300003051757812,-0.29000091552734375,-0.02000045776367898,7.720001220703111,3.2900009155273438,1.0299987792968892,11.089996337890625,-2.849998474121108,-13.690002441406264,7.349998474121094,-15.120002746582031,6.0,6.0,03-16,-0.26750071843465434
02-01,-4.139999389648441,2.8899993896484375,-2.0800018310546875,-0.4900016784667969,7.6199951171875,7.680000305175781,2.559997558593764,10.96999359130858,-2.3799972534179688,-12.830001831054702,6.220001220703139,-15.030006408691392,6.0,6.0,03-17,0.08249823252360115
02-02,-3.3099994659423864,2.1199989318847656,-1.1300010681152273,-0.24000167846679688,7.2600021362304545,8.019996643066406,1.2099990844726705,12.900001525878906,-2.660003662109389,-11.940002441406236,5.660003662109361,-23.35000610351561,6.0,6.0,03-18,-0.4550010363260902
02-03,-3.549999237060554,2.4499969482421875,-1.1899986267089773,-0.7099990844726562,7.120002746582017,8.099998474121094,-2.6800003051757955,11.730003356933594,-2.8700027465820312,-8.889999389648438,5.919998168945327,-17.450004577636705,5.0,7.0,03-19,-0.16833368937174478
02-04,-3.6800003051757812,3.4099998474121094,-1.3600006103515625,-1.5499992370605469,7.0999984741210795,6.900001525878906,-0.26000213623048296,9.540000915527344,-2.30999755859375,-9.180000305175795,5.819999694824219,-29.04000091552733,5.0,7.0,03-20,-1.2175000508626326
02-05,-4.349998474121087,3.7199974060058594,-1.3400001525878906,-1.4099998474121094,7.450004577636719,6.8300018310546875,-0.7099990844726847,13.600006103515625,-2.8799972534179688,-8.889999389648438,4.680000305175781,-31.6699981689453,5.0,7.0,03-21,-1.247498512268067
02-06,-5.050001144409176,4.6399993896484375,-0.3699989318847656,-1.5499992370605469,7.239997863769517,4.3000030517578125,-1.05999755859375,12.780006408691392,-3.909996032714858,-9.57999420166017,4.720001220703125,-29.8000030517578,5.0,7.0,03-22,-1.4699985186258984
02-07,-6.510000228881832,5.9099998474121165,-0.8100013732910156,-1.6899986267089915,7.150001525878906,3.4900054931640625,-0.15000152587890625,12.25,-3.5,-8.789993286132812,4.3799972534179545,-31.069999694824205,5.0,7.0,03-23,-1.6116658846537268
02-08,-4.529998779296875,6.120002746582031,-1.3400001525878835,-1.6000022888183807,7.290000915527344,2.8100051879882812,-0.4900054931640625,11.680000305175795,-5.569999694824219,-5.8299942016601705,6.260002136230469,-39.790000915527344,5.0,7.0,03-24,-2.082499186197918
02-09,-4.059999465942379,4.8100013732910085,-1.0499992370605398,-1.8100013732910227,7.510002136230469,2.3199996948242188,-1.5100021362304688,10.559997558593764,-6.1999969482421875,-9.069999694824205,3.8700027465820312,-44.849998474121094,5.0,7.0,03-25,-3.289999485015867
02-10,-3.75,4.870002746582024,-1.3500022888183594,-2.8400001525878906,6.4499969482421875,2.5800018310546875,-3.6699981689453125,10.729995727539077,-6.330001831054673,-11.200004577636719,4.4799957275390625,-34.329998016357415,5.0,7.0,03-26,-2.8633343378702776
02-11,-2.8600006103515625,4.470001220703118,-1.420001983642571,-3.3600006103515625,7.410003662109375,1.3899993896484375,-3.5699996948242188,10.509994506835952,-7.0500030517578125,-9.110000610351562,5.569999694824219,-30.930000305175767,5.0,7.0,03-27,-2.412500699361163
02-12,-3.1299972534179616,4.11000061035157,-1.0600013732910085,-2.6199989318847656,7.1100006103515625,0.4199981689453125,-3.94000244140625,9.760002136230483,-7.1299972534179545,-9.120002746582031,3.969993591308608,-31.77000427246091,5.0,7.0,03-28,-2.7833340962727786
02-13,-1.7800006866455078,1.1300010681152273,-1.3699989318847585,-2.299999237060547,6.760002136230469,-0.40000152587890625,-4.6800003051757955,8.110000610351562,-6.790000915527344,-8.1300048828125,3.55999755859375,-32.18000030517577,4.0,8.0,03-29,-3.1725004514058432
02-14,-1.0699996948242188,1.3100013732910156,-0.9700012207031179,-1.8199958801269602,6.510002136230469,-1.9899978637695312,-3.6800003051757812,8.229995727539062,-6.9900054931640625,-10.349998474121108,3.8299942016601705,-27.830001831054688,4.0,8.0,03-30,-2.901667277018229
02-15,-1.9400005340576207,1.8199996948242188,-0.29000091552735086,-1.0099983215332102,5.9199981689453125,-2.1800003051757812,-2.75,9.0,-7.450004577636733,-12.310005187988281,3.410003662109375,-32.30000305175783,4.0,8.0,03-31,-3.3400009473164913
02-16,-1.7999992370605504,1.8199996948242188,-0.470001220703125,-2.7099952697753835,9.25,-0.5600051879882812,-3.4199981689453267,9.510002136230483,-6.560005187988281,-11.150001525878906,2.8499984741210938,-30.680000305175795,4.0,8.0,04-01,-2.8266671498616547
02-17,-1.25,1.8699989318847656,-0.6100006103515554,-3.0900001525878906,8.370002746582031,-0.6100006103515625,-3.4199981689453267,9.10000610351564,-8.330001831054688,-4.8300018310546875,3.9199981689453125,-29.430000305175795,4.0,8.0,04-02,-2.3591664632161464
02-18,0.4099998474121094,1.9399986267089915,-1.6100006103515625,-1.0600013732910227,9.260002136230469,-0.410003662109375,-2.3600006103515625,8.330001831054702,-5.2599945068359375,-7.909996032714844,3.309997558593736,-34.020000457763686,5.0,7.0,04-03,-2.4483331044514984
02-19,0.8699989318847656,1.2100028991699148,1.5099983215332031,-0.5300025939941406,7.870002746582031,0.5400009155273438,-2.5199966430664205,7.290000915527344,-7.3300018310546875,-6.540000915527344,3.4199981689453125,-36.6099967956543,7.0,5.0,04-04,-2.5683329900105814
02-20,3.189998626708995,1.9799995422363281,1.9199981689453125,-0.39000320434571023,7.620002746582031,-0.0500030517578125,-4.529998779296875,7.3300018310546875,-7.6399993896484375,-4.939994812011719,3.4899978637695312,-36.869998931884766,6.0,6.0,04-05,-2.4074999491373696
02-21,4.070001602172852,2.3699989318847656,1.5199966430664062,-0.39000320434571023,7.980003356933594,0.3600006103515625,-3.6899948120117188,5.919998168945327,-7.439994812011719,-3.6099929809570312,2.6999969482421875,-34.80999755859376,7.0,5.0,04-06,-2.084998925526937
02-22,3.760000228881836,2.2099990844726562,1.4499969482421946,0.5,7.930000305175781,-0.8199996948242188,-3.1500015258789062,5.3300018310546875,-5.759994506835923,-3.1999969482421875,2.7700042724609233,-37.46000289916992,7.0,5.0,04-07,-2.2033327420552564
02-23,2.6200008392333984,3.0600013732910156,2.1999969482421946,1.1499977111816406,8.22000122070314,-2.44000244140625,-3.0999984741210938,6.290000915527344,-4.769996643066406,-3.8699951171875,5.5,-28.620002746582017,7.0,5.0,04-08,-1.1466663678487112
02-24,1.7700004577636719,2.569999694824226,2.25,0.6000022888183594,9.040000915527358,-0.94000244140625,-3.529998779296861,7.0,-5.930000305175781,-5.610000610351577,4.7700042724609375,-26.360000610351562,7.0,5.0,04-09,-1.1974995930989565
02-25,1.5300006866455078,2.6500015258789062,1.5499992370605398,1.1500015258789062,8.610000610351577,0.34999847412109375,-3.9300003051757812,6.169998168945298,-6.319999694824219,-6.0600051879882955,3.4300003051757812,-22.68000030517578,8.0,4.0,04-10,-1.1291670799255389
02-26,2.5699996948242223,2.6300010681152344,0.5699996948242259,-0.1100006103515625,8.739997863769531,-0.09000396728515625,-3.6800003051757812,5.650001525878892,-6.3899993896484375,-4.5,2.969993591308608,-20.81999969482422,6.0,6.0,04-11,-1.0383342107137035
02-27,2.630001068115231,2.4399986267089844,1.5500030517578196,-1.9199981689453125,7.510002136230469,0.26999664306640625,-3.1699981689453125,7.0400009155273295,-5.569999694824219,-2.899993896484389,3.6099929809570312,-17.349998474121094,7.0,5.0,04-12,-0.488332748413088
02-28,5.13999938964843,2.4099998474121165,1.25,-0.6999969482421946,6.970001220703125,-2.6299972534179688,-3.6700057983398295,6.6399993896484375,-5.099998474121094,-2.17999267578125,3.9899978637695312,-13.989997863769531,6.0,6.0,04-13,-0.15583260854085226
02-29,0.0,0.0,0.0,-0.7799987792968821,0.0,0.0,0.0,7.439994812011719,0.0,0.0,0.0,-17.37000274658203,1.0,2.0,04-14,-0.8925005594889329
03-01,3.930000305175785,2.4199981689453125,1.5200004577636719,-1.069999694824233,7.0,-2.4300003051757812,-4.110000610351548,6.3000030517578125,-5.959999084472656,-1.75,3.4300003051757812,-17.75,6.0,6.0,04-15,-0.7058331171671547
03-02,3.6300010681152344,3.69000244140625,0.8500022888183523,0.20000076293944602,5.769996643066406,-2.100006103515625,-4.270004272460923,5.790000915527344,-5.260002136230483,-0.730003356933608,4.299995422363281,-14.870002746582031,7.0,5.0,04-16,-0.25000158945719636
03-03,3.9500007629394496,4.319999694824212,-0.23999786376953836,0.15999984741209516,3.5199966430664062,-1.7800064086914062,-2.970001220703139,5.400001525878906,-5.279998779296889,-2.2600021362304688,4.229995727539034,-14.840003967285156,6.0,6.0,04-17,-0.48250134785970794
03-04,4.400001525878899,4.420001983642571,1.279998779296875,0.6300010681152273,4.049995422363281,-2.7300033569335938,-1.5,4.769996643066406,-5.239997863769531,-1.1199951171875,4.5699996948242045,-17.730003356933594,7.0,5.0,04-18,-0.3500003814697295
03-05,5.5600013732910085,5.019996643066406,0.049999237060546875,1.500000000000007,2.5200042724609375,-2.4000015258789062,-1.69000244140625,4.900001525878906,-4.0800018310546875,-1.040000915527358,4.75,-14.1300048828125,7.0,5.0,04-19,0.0799992879231759
03-06,8.95000076293945,2.200000762939453,-0.2700004577636719,2.2900047302246094,2.6699981689453125,-1.8899993896484375,-0.8000030517578125,5.3300018310546875,-4.040000915527344,-1.1699981689453125,5.279998779296889,-9.3699951171875,6.0,6.0,04-20,0.7650006612141936
03-07,9.300001144409169,2.4399986267089844,-0.3699989318847585,2.3800048828125,2.0800018310546875,-0.06999969482421875,-2.220001220703125,2.3799972534179545,-1.6099929809570312,-0.3000030517578125,6.230003356933594,-5.5,6.0,6.0,04-21,1.228334267934162
03-08,9.079999923706058,2.5800018310546875,-1.3400001525878906,1.5900039672851562,1.3700027465820312,0.7699966430664062,-1.3199996948242188,2.6199951171874716,-1.2399978637695312,0.8400039672851562,6.639999389648452,-6.970001220703125,8.0,4.0,04-22,1.2183337211608878
03-09,9.940000534057614,2.539997100830078,-1.029998779296868,0.5600013732910156,-1.4499969482421875,1.399993896484375,-1.4400024414062358,2.5499954223632812,-1.0399932861328267,-4.480003356933608,-0.9100036621093608,-9.110000610351562,5.0,7.0,04-23,-0.20583422978719046
03-10,7.979999542236332,2.5199966430664062,-0.37999725341796164,1.1199989318847727,-2.1999969482421875,-0.3600006103515625,0.6599960327148438,2.5699996948242045,-0.30999755859375,-4.6200027465820455,-2.7099990844726562,-13.019996643066406,5.0,7.0,04-24,-0.7291666666666675
03-11,7.80000114440918,2.1999969482421875,0.8800010681152344,0.09000015258789773,-0.9499969482421875,0.1999969482421875,0.6899948120117188,0.8199996948241903,-1.029998779296875,-3.5800018310547017,-1.1299972534179688,-11.0,7.0,5.0,04-25,-0.4175003369649281
03-12,7.470001220703125,2.220001220703125,0.7099990844726562,0.11999893188477273,-1.2400054931640625,-0.1399993896484375,-1.7000045776367188,1.779998779296875,-0.5400009155273438,-3.970001220703139,-2.1800003051757812,-5.549995422363281,5.0,7.0,04-26,-0.2516673405965175
03-13,6.609998703002926,2.770000457763672,0.5,0.25,-1.5500030517578125,1.0999984741210938,-1.3400039672851705,1.9000015258789062,-0.8499984741210938,-2.910003662109375,-2.6299972534179688,-6.1699981689453125,6.0,6.0,04-27,-0.19333378473917792
03-14,7.29999923706055,2.6599998474121094,1.089996337890625,0.050003051757819605,-2.3600006103515625,0.8000030517578125,-4.010002136230483,3.220001220703125,-0.9300003051758097,-1.5599975585937358,-2.55999755859375,4.0800018310546875,7.0,5.0,04-28,0.648333867390949
03-15,6.9999999999999964,1.6500015258789062,1.5900001525878906,0.3500022888183665,-0.34000396728515625,-0.1399993896484375,-4.540000915527344,3.350006103515639,-0.8300018310547017,-1.4300003051757812,-3.4800033569335795,6.5800018310546875,6.0,6.0,04-29,0.8133335113525405
03-16,6.439998626708995,1.6599998474121165,2.299999237060547,1.6700019836425781,-0.6800003051757812,0.7700042724609375,-4.660003662109375,2.660003662109375,-1.1399993896484517,-1.7900009155273438,-3.7299957275390767,8.270004272460938,7.0,5.0,04-30,0.9808343251546215
03-17,5.7899990081787145,1.3600006103515696,1.8400001525878906,2.6000022888183594,-0.5400009155273438,0.37000274658203125,-3.7099990844726705,-0.18000030517578125,-1.5699996948242188,0.4400024414062642,-4.75,5.260002136230469,7.0,5.0,05-01,0.5758341153462737
03-18,5.159999847412109,1.2000007629394602,1.970001220703125,1.6899986267089986,0.6100006103515625,1.2700042724609375,-4.299995422363281,-0.7100067138671733,-2.3100051879882812,-2.1699981689452983,-4.7699966430664205,15.760002136230455,7.0,5.0,05-02,1.1166671117146827
03-19,5.629999160766598,1.6400032043457031,0.9599990844726562,2.6599998474121094,-1.0799942016601562,2.220001220703125,-4.589996337890639,-1.5499954223632812,-2.9900054931640625,-1.8099975585937358,-6.7600021362304545,17.800003051757812,6.0,6.0,05-03,1.0108345349629728
03-20,6.14999961853027,-0.06999969482422586,1.0900001525878906,3.4299964904785156,-2.029998779296875,2.0400009155273438,-6.0800018310546875,-0.7599945068359233,-2.2600021362304688,-2.839996337890625,-6.800003051757798,23.93000030517578,5.0,7.0,05-04,1.3166667620340997
03-21,3.75,0.670001983642571,0.6899986267089844,3.4999961853027415,-2.589996337890625,1.149993896484375,-4.1199951171875,-1.1299972534179688,-1.240005493164034,-2.5400009155273438,-8.650001525878892,24.900001525878906,6.0,6.0,05-05,1.1991662979126012
03-22,3.8400001525878906,-0.6899986267089915,0.8600006103515625,4.329998016357422,-1.4800033569335938,1.3700027465820312,-2.7599945068359375,-0.879997253417983,-1.4100036621093608,-0.04000091552734375,-5.480003356933594,25.339996337890625,5.0,7.0,05-06,1.9166663487752273
03-23,3.7099990844726562,-1.3300018310546875,0.7900009155273366,4.3000030517578125,0.7600021362304688,0.5300064086914062,-3.779998779296861,-1.5500030517578267,-1.3899993896484375,2.100006103515625,-5.9699935913085795,24.709999084472656,7.0,5.0,05-07,1.906668345133464
03-24,3.329999923706051,-0.6300010681152273,0.5400009155273366,2.789997100830078,0.970001220703125,0.06999969482421875,-2.9300003051757812,-1.6500015258789062,-0.589996337890625,1.30999755859375,-6.7299957275390625,11.79999923706054,7.0,5.0,05-08,0.6900000572204581
03-25,3.299999237060547,-0.5499992370605469,0.3000030517578054,3.0900001525878906,1.9500045776367188,0.3000030517578125,-1.2099990844726562,-1.8799972534179688,-0.02999877929688921,1.19000244140625,-9.0,7.830001831054673,7.0,5.0,05-09,0.4408349990844697
03-26,2.219999313354492,-1.5600013732910085,1.1399993896484304,2.9299964904785156,0.5499954223632812,0.5200042724609375,-0.69000244140625,-0.839996337890625,-0.2200012207031392,1.1699981689453125,-10.660003662109375,3.970001220703125,7.0,5.0,05-10,-0.1225008964538586
03-27,2.6300010681152344,-2.3700027465820384,1.8899993896484304,2.020000457763672,0.48999786376953125,0.8000030517578125,-0.34000396728515625,-0.829994201660142,0.06999969482420454,1.590003967285142,-11.0,9.260002136230469,8.0,4.0,05-11,0.35083389282226324
03-28,3.8099994659423864,0.4799995422363281,2.75,1.6599998474121165,-0.15000152587890625,-0.23000335693359375,0.220001220703125,0.11000061035157671,-0.30999755859375,1.5100021362304545,-12.480003356933594,10.360000610351562,8.0,4.0,05-12,0.6441664695739755
03-29,3.6600017547607457,0.45999908447265625,2.2900009155273366,2.049999237060547,0.5400009155273438,-1.7099990844726562,0.34999847412109375,-2.489997863769517,0.12000274658203125,0.3500061035156108,-13.510002136230469,9.909996032714844,9.0,3.0,05-13,0.1683338483174639
03-30,3.3299999237060653,0.24000167846679688,1.6399993896484375,1.9300003051757812,0.7399978637695312,-0.6999969482421875,0.15000152587892046,-3.0,0.45000457763671875,3.80999755859375,-14.47000122070314,8.089996337890625,9.0,3.0,05-14,0.18416674931844165
03-31,2.1099987030029297,0.5699996948242188,1.5200004577636719,1.4199981689453054,0.779998779296875,-1.0100021362304688,-0.5,-3.239997863769517,-0.5600051879882812,4.619995117187486,-16.06999969482422,3.2999954223632812,7.0,5.0,05-15,-0.5883348782857265
04-01,1.5599994659423793,0.15000152587890625,1.8100013732910085,0.479999542236321,1.779998779296875,-1.5,0.9400024414062358,-2.6100006103515625,1.1000061035156108,4.989997863769531,-16.33999633789061,7.889995574951172,9.0,3.0,05-16,0.02083381017048887
04-02,-0.07999992370606535,-1.0499992370605469,0.9799995422363281,0.040000915527336645,2.05999755859375,-1.6999969482421875,-0.04000091552735796,-2.2399978637695455,1.5200042724609375,4.9199981689453125,-16.069999694824205,9.22999572753907,6.0,6.0,05-17,-0.20249986648559778
04-03,0.18000030517578125,-1.7999992370605469,0.7400016784667969,0.29000091552734375,3.4499969482421875,-2.30999755859375,0.7700042724609375,-1.3699951171875284,1.2000045776367188,4.319999694824233,-16.18000030517578,12.740001678466797,8.0,4.0,05-18,0.16916815439859909
04-04,0.15999984741210938,-1.7399978637695312,0.4700012207031321,0.8799972534179688,2.5699996948242188,-1.7600021362304688,0.5699996948242188,-3.9799957275390767,1.0999984741210795,2.719993591308608,-17.160003662109375,6.020004272460923,8.0,4.0,05-19,-0.8458337783813494
04-05,1.4099998474121094,-2.1100006103515696,1.2800025939941335,0.34999847412109375,2.7900009155273438,0.6299972534179688,0.4900054931640767,-3.5400009155273438,0.8999938964843608,1.7899932861328267,-17.58999633789064,10.209999084472642,9.0,3.0,05-20,-0.28250058492024976
04-06,1.4200019836425852,-2.1100006103515554,1.3500022888183452,-1.289997100830071,3.3700027465820312,0.220001220703125,0.43000030517579546,-3.8600006103515625,0.8099975585937358,3.4099960327148438,-16.32000732421875,9.300003051757798,8.0,4.0,05-21,-0.27250003814697327
04-07,1.8499984741211009,-2.170001983642571,1.5,-1.9399986267089844,3.3400039672851562,-0.9499969482421875,0.4199981689452983,-2.7300033569335938,1.7900009155273438,3.5600051879882955,-16.10000610351561,7.8600006103515625,7.0,5.0,05-22,-0.29749997456868255
04-08,1.8499984741211009,-2.2100028991699148,2.0,-0.5799980163574219,4.760002136230469,-1.4000015258789062,0.8899993896484233,-3.709999084472642,2.3300018310547017,4.709999084472656,-14.60000610351561,3.970001220703125,7.0,5.0,05-23,-0.16583379109700166
04-09,0.5200004577636861,-3.799999237060547,0.17999649047851562,-0.1699981689453125,4.660003662109375,-2.279998779296875,0.829994201660142,-2.6500015258789062,2.6699981689453125,2.970001220703125,-13.050003051757812,5.5500030517578125,7.0,5.0,05-24,-0.38083362579345703
04-10,1.7299995422363317,-3.8800010681152415,-0.34000015258789773,2.020000457763679,4.1100006103515625,-0.6800003051757812,0.4700012207031108,-3.0699996948242188,0.8600006103515625,0.769996643066392,-12.75,5.930000305175781,7.0,5.0,05-25,-0.4025001525878933
04-11,0.850000381469723,-4.060001373291023,-0.37000274658202414,0.4099998474121236,4.1100006103515625,0.2299957275390625,0.7399978637695312,-1.4800033569335795,-0.44000244140625,1.4799957275390625,-12.560005187988281,5.8600006103515625,7.0,5.0,05-26,-0.43583536148071084
04-12,1.340000152587887,-3.460002899169929,-0.3699989318847585,-0.6699981689453054,4.370002746582031,0.160003662109375,0.7099990844726562,-1.2999954223632812,0.75,1.010002136230483,-12.790000915527358,5.930000305175781,7.0,5.0,05-27,-0.3599990208943682
04-13,2.4700012207031143,-3.3800010681152344,-0.0800018310546804,-0.6299972534179545,6.480003356933594,0.5100021362304688,-0.25,-3.0400009155273438,1.2299957275390625,1.6200027465820312,-14.5,11.049995422363281,6.0,6.0,05-28,0.12333329518636156
04-14,2.1500015258789134,-4.7800025939941335,-0.4399986267089844,-1.4500007629394531,5.910003662109375,0.9300003051757812,0.20000457763673296,-2.1299972534179688,0.06999969482421875,1.089996337890625,-14.150001525878892,13.120002746582031,7.0,5.0,05-29,0.043334007263187146
04-15,1.2900009155273544,-5.569999694824219,1.4300003051757812,-1.5,6.400001525878906,0.9600067138671875,0.3300018310547017,-3.1100006103515625,1.2600021362304688,0.8199996948242188,-15.52999877929686,15.770004272460938,8.0,4.0,05-30,0.2125015258789095
04-16,-1.759998321533196,-2.8300018310546875,1.8699989318847585,-0.09999847412108664,3.5699996948242188,-1.25,0.760002136230483,-3.5100021362304688,3.1800003051757812,-0.3000030517578125,-15.27999877929689,13.80999755859375,5.0,7.0,05-31,-0.1533336639404291
04-17,-1.4599990844726491,-1.9799995422363352,2.0400009155273438,-1.7199974060058665,4.299995422363281,-1.1599960327148438,0.7400054931640625,-2.7700042724609233,2.44000244140625,0.9500045776367188,-14.77999877929689,9.659996032714844,6.0,6.0,06-01,-0.3116658528645839
04-18,-0.6599998474121165,-2.30999755859375,2.979999542236328,-1.9900016784667898,4.2899932861328125,-2.1899948120117188,-2.0999984741210938,-2.910003662109375,2.480003356933608,0.3300018310546733,-7.649993896484403,10.230003356933594,5.0,7.0,06-02,0.041667620340980704
04-19,1.0400009155273366,-2.9799995422363352,0.9399986267089773,-0.8899993896484304,4.8699951171875,-1.6199951171875,-2.339996337890625,-0.5699996948241903,0.7099990844726705,3.5500030517577983,-4.75,11.599998474121094,6.0,6.0,06-03,0.7966670989990247
04-20,1.720001220703118,-2.0100021362304688,-0.20000076293945312,-0.7700004577636719,4.829994201660156,-1.1699981689453125,-2.2300033569335938,-0.18000030517575283,-0.2799987792968608,3.0400009155273438,-4.75,11.69000244140625,4.0,8.0,06-04,0.8074995676676462
04-21,0.279998779296875,-2.049999237060547,0.3699989318847656,-1.6599998474121094,4.589996337890625,-2.339996337890625,-1.6999969482422017,0.11999511718752842,1.0,2.6800003051757812,-4.430000305175781,18.099998474121094,7.0,5.0,06-05,1.2466662724812838
04-22,0.8499984741210938,-1.9300003051757812,0.1699981689453125,-1.6000022888183594,3.899993896484375,-0.69000244140625,-2.2699966430664062,0.15000152587890625,0.6800003051757812,4.1699981689453125,-2.7700042724609517,16.23999786376953,7.0,5.0,06-06,1.4083318710327137
04-23,1.0699996948242188,-2.7999992370605398,-0.410003662109375,-2.5800018310546875,1.17999267578125,-1.1399993896484375,-2.3799972534179545,-0.7399978637695312,0.18000030517578125,4.5100021362304545,-4.010002136230469,16.040000915527344,5.0,7.0,06-07,0.7433328628540045
04-24,-0.06000137329102273,-3.6500015258789062,-0.5600013732910156,-1.9099998474121094,1.1399993896484375,-0.7300033569335938,-0.989997863769517,0.06999969482421875,-1.4799957275390483,5.729995727539048,-3.3199996948242188,15.209999084472642,4.0,8.0,06-08,0.7874994277954096
04-25,-0.29000091552733664,-4.180000305175781,-0.9900016784667969,-2.9500007629394602,-0.18000030517578125,0.34000396728515625,0.06999969482421875,0.5699996948242188,-1.4500045776367188,5.309997558593736,-2.3499984741210938,14.75,5.0,7.0,06-09,0.72083282470703
04-26,-0.5299987792968608,-3.6699981689453125,-2.1699981689453125,-3.7600021362304688,0.8600006103515625,0.20999908447265625,-0.6200027465820312,-0.5299987792968892,-1.2900009155273295,5.139999389648423,-2.9300003051757812,15.989997863769531,4.0,8.0,06-10,0.5583330790201823
04-27,-0.5600013732910014,-2.950000762939453,-2.549999237060547,-4.94000244140625,2.2900009155273438,0.26999664306640625,-1.2299957275390625,-0.540000915527358,-1.4900054931640625,3.4899978637695312,-0.26999664306642046,14.1300048828125,4.0,8.0,06-11,0.47083314259846887
04-28,-0.00999832153321023,-3.4199981689453196,-3.240001678466797,-3.1800003051757955,2.75,-0.37000274658203125,0.09000396728515625,0.3500061035156108,-1.1299972534179688,6.300003051757827,-0.5899963378906392,9.290000915527344,5.0,7.0,06-12,0.570001602172848
04-29,-0.18999862670898438,-4.040000915527344,-2.9300003051757812,-3.9399986267089986,2.1299972534179688,-0.5800018310546875,0.48999786376954546,1.2600021362304688,0.2700042724609375,7.0,0.34000396728514204,6.400001525878906,7.0,5.0,06-13,0.5175005594889311
04-30,0.0800018310546875,-2.450000762939453,-4.010002136230469,-3.299999237060561,1.1100006103515625,-1.5600051879882812,1.5800018310546875,-0.26000213623048296,1.6300048828125,6.75,-0.09999847412110796,9.230003356933594,6.0,6.0,06-14,0.725000381469723
05-01,0.31999969482421164,-2.7600021362304616,-3.7900009155273438,-4.990001678466797,2.8199996948242188,-0.279998779296875,-0.6200027465820312,-1.6399993896484375,2.5200042724609375,5.680000305175781,1.990005493164034,8.399993896484375,6.0,6.0,06-15,0.6374998092651344
05-02,0.15999984741210938,-2.740001678466797,-2.8500022888183594,-5.619998931884766,1.5200042724609375,-0.48000335693359375,-1.9900054931640625,-1.1800003051757955,2.190002441406264,6.4199981689453125,0.4400024414062358,9.959999084472656,6.0,6.0,06-16,0.48583285013834515
05-03,-0.4200019836425781,-2.0,-2.9300003051757812,-5.000003814697266,1.5200042724609375,0.3699951171875,-2.3400039672851705,-0.43000030517578125,2.2000045776367188,5.739997863769531,0.7299957275390483,9.990005493164062,6.0,6.0,06-17,0.6191660563151018
05-04,-0.5400009155273438,-0.779998779296875,-2.6599998474121094,-4.209999084472649,1.3300018310546875,0.7299957275390625,-2.0200042724609233,-0.1100006103515625,2.010002136230483,4.150001525878906,1.5699996948242188,12.950004577636719,6.0,6.0,06-18,1.0350001653035512
05-05,-0.20000076293944602,-0.34999847412109375,-2.5800018310546875,-3.8400001525878906,1.660003662109375,1.279998779296875,-0.6199951171875284,0.0,2.1099929809570312,5.269996643066406,1.029998779296875,13.69000244140625,6.0,6.0,06-19,1.4541664123535138
05-06,-0.29000091552733664,1.0800018310546875,-2.8500022888183594,-3.450000762939453,2.3300018310546875,2.5900039672851562,-0.4499969482422017,-0.410003662109375,3.0699996948242188,4.509994506835952,1.55999755859375,16.080001831054688,7.0,5.0,06-20,1.9808330535888679
05-07,0.07999801635742898,1.8800010681152415,-3.1199989318847656,-2.740001678466797,0.220001220703125,2.0999984741210938,-1.3999938964843892,-0.09999847412110796,0.9499969482421733,4.099998474121094,3.7000045776367188,14.970001220703125,8.0,4.0,06-21,1.720000584920245
05-08,-0.2599983215332031,-0.8600006103515625,-2.5699996948242188,-2.6699981689453125,0.660003662109375,1.8600006103515625,-1.450004577636733,0.5999984741210795,-1.2700042724609375,4.290000915527344,4.2700042724609375,11.799995422363281,6.0,6.0,06-22,1.1999998092651343
05-09,-0.3100013732910156,-0.8899993896484375,-1.8800010681152344,-2.0800018310546875,0.8499984741210938,1.5200042724609375,-2.0,0.5400009155273153,-2.94000244140625,3.879997253417983,4.2700042724609375,11.590003967285156,6.0,6.0,06-23,1.0458335876464833
05-10,-0.8100013732910156,-1.8500022888183665,-3.069999694824233,-2.220001220703125,-1.3899993896484375,1.3199996948242188,-1.9300003051757812,0.0,-2.9000015258789062,3.5,5.160003662109389,11.760002136230469,4.0,8.0,06-24,0.6308333079020176
05-11,-1.3500022888183594,-1.720001220703125,-3.0099983215332102,-3.6899986267089844,-1.5900039672851562,0.7900009155273438,-1.94000244140625,1.8299942016601562,-1.9599990844726562,1.2099990844726705,6.950004577636719,12.450004577636719,5.0,7.0,06-25,0.6641664505004888
05-12,-0.6300010681152486,-2.0100021362304688,-3.75,-2.0999984741210938,-1.94000244140625,0.2299957275390625,-2.260002136230483,0.8399963378906392,-1.7700042724609233,1.2900009155273438,6.919998168945327,10.5,5.0,7.0,06-26,0.4433317184448254
05-13,0.44999885559081676,-1.2000007629394531,-2.9599990844726562,-3.3999977111816406,-0.5999984741210938,0.69000244140625,-0.9400024414062358,3.3400039672851562,-1.1200027465820455,0.5,6.3400039672851705,14.040000915527344,6.0,6.0,06-27,1.2616674105326344
05-14,0.019996643066399145,-1.1300010681152273,-3.0400009155273438,-3.609996795654304,-2.2000045776367188,1.2299957275390625,-2.2900009155273438,-0.09000396728514204,-0.6999969482421875,0.8099975585937642,5.189994812011719,13.669998168945312,5.0,7.0,06-28,0.6549981435139992
05-15,1.1399993896484375,-0.9500007629394531,-2.4000015258789062,-4.790000915527337,-3.3700027465820312,1.9899978637695312,-2.2399978637695312,-1.6300048828124716,-1.0100021362304688,0.23000335693359375,5.529998779296889,11.939994812011719,5.0,7.0,06-29,0.36999861399333095
05-16,-0.279998779296875,-0.6599998474121094,-1.5500030517578196,-5.180000305175774,-3.1500015258789062,1.1500015258789062,-1.6900024414062642,0.4700012207031392,0.40000152587889204,-0.5399932861328267,4.399993896484403,6.350006103515625,5.0,7.0,06-30,-0.023332913716634113
05-17,0.20999908447265625,-1.4200019836425781,-1.1200027465820384,-2.2800025939941406,-3.9000015258789062,2.4799957275390625,-4.480003356933608,4.849998474121094,0.8100051879882812,-0.7599945068359375,4.75,9.709999084472656,6.0,6.0,07-01,0.7374992370605451
05-18,0.24000167846679688,-1.4899978637695241,-1.5300025939941335,-0.5099983215332102,-3.1500015258789062,2.9000015258789062,-4.230003356933608,5.0,0.29000091552732954,-0.6399993896484517,5.270004272460923,9.650001525878906,6.0,6.0,07-02,0.983333905537919
05-19,0.22999954223632102,-1.329998016357429,-1.4099998474121094,-1.2700004577636719,-1.4500045776367188,3.0100021362304688,-4.169998168945327,5.6999969482421875,-1.0,-1.7299957275390625,6.300003051757798,10.55999755859375,5.0,7.0,07-03,1.1200002034505172
05-20,0.9400024414062429,0.0,-0.5699996948242188,-1.2700004577636719,-1.4500045776367188,4.180000305175781,-4.209999084472642,5.040000915527344,-1.3399963378906108,-1.7299957275390625,6.300003051757798,9.739997863769531,5.0,7.0,07-04,1.3025007247924811
05-21,1.8200016021728516,0.1100006103515625,0.5,-1.3500022888183594,0.5900039672851562,3.1300048828125,-4.040000915527344,7.529998779296875,0.3000030517578267,-2.5099945068359233,4.840003967285142,9.80999755859375,9.0,3.0,07-05,1.727501392364503
05-22,1.1599998474121165,0.7000007629394531,1.559997558593757,-1.3600006103515625,1.1200027465820312,2.8700027465820312,-2.8799972534179688,8.419998168945312,1.2000045776367188,-1.05999755859375,4.6300048828125,8.680000305175781,9.0,3.0,07-06,2.0866680145263685
05-23,-0.29999923706053977,0.3899993896484375,1.6800003051757884,-1.740001678466804,1.2600021362304688,2.2099990844726562,-2.5500030517578125,7.479995727539077,-1.4899978637695312,-0.4199981689453125,6.410003662109389,4.5,7.0,5.0,07-07,1.452500025431318
05-24,-0.29999923706053977,0.2799987792968679,3.1399993896484304,-1.3899993896484375,1.4599990844726562,3.2400054931640625,-3.0900039672851562,7.950004577636719,-1.0099945068359375,-1.029998779296875,7.560005187988281,5.1100006103515625,7.0,5.0,07-08,1.8266681035359695
05-25,-0.7400016784667827,0.43000030517577414,3.4399986267089844,-0.4199981689453125,1.8499984741210938,2.7400054931640625,-3.1399993896484375,6.970001220703139,-2.1999969482421875,-0.10000610351563921,8.389999389648438,4.5,7.0,5.0,07-09,1.810000101725261
05-26,-0.7600021362304688,0.3400001525878835,3.319999694824226,-2.3400001525878906,1.7900009155273438,2.0699996948242188,-4.730003356933594,6.940002441406264,-6.540000915527344,0.37999725341795454,7.919998168945298,3.8000030517578125,8.0,4.0,07-10,1.0158329010009755
05-27,-0.14000320434571734,-0.75,3.5099983215332102,-2.8500022888183665,1.7399978637695312,2.779998779296875,-5.020004272460952,5.880004882812472,-5.680000305175781,2.3799972534179545,6.950004577636719,-1.1500015258789062,6.0,6.0,07-11,0.6374991734822532
05-28,-0.3000030517578196,0.27000045776366477,2.450000762939453,-4.0,1.6100006103515625,2.42999267578125,-4.560005187988281,8.050003051757812,-7.44000244140625,3.05999755859375,6.9800033569335795,1.8300018310546875,8.0,4.0,07-12,0.864999135335284
05-29,-0.9199981689453125,1.1800003051757955,0.7099990844726562,-3.8600006103515696,3.910003662109375,2.8299942016601562,-2.2000045776367188,8.319999694824205,-8.270004272460938,1.6999969482422017,6.3899993896484375,1.0399932861328125,8.0,4.0,07-13,0.9024982452392584
05-30,-2.510002136230476,0.8600006103515696,0.5699996948242259,-3.1100006103515696,4.970001220703125,0.5499954223632812,-1.25,8.260002136230469,-8.540000915527344,0.3699951171875284,5.2900009155273295,0.8000030517578125,8.0,4.0,07-14,0.521666208902996
05-31,-2.020000457763672,1.8400001525879048,0.2800025939941406,-3.549999237060547,7.060005187988281,0.34000396728515625,0.25,7.44000244140625,-8.620002746582045,1.2699966430664205,5.0,0.34999847412109375,9.0,3.0,07-15,0.8033339182535819
06-01,-1.8400001525878906,1.9500007629394602,2.420001983642578,-1.5200004577636648,7.529998779296875,0.48999786376953125,-0.0200042724609375,8.050003051757798,-10.110000610351562,0.9499969482421875,6.19000244140625,1.3899993896484375,8.0,4.0,07-16,1.2899996439615886
06-02,-1.4599990844726562,0.8400001525878906,2.8300018310546875,0.15000152587890625,7.019996643066406,-0.1999969482421875,0.15000152587889204,7.430000305175781,-10.580001831054688,0.29000091552734375,5.589996337890639,3.3899993896484375,9.0,3.0,07-17,1.2875000635782878
06-03,-0.8799972534179688,1.4199981689453054,3.4500007629394602,0.010002136230461645,6.69000244140625,1.1500015258789062,-0.26000213623048296,7.6699981689453125,-10.430000305175781,0.2799987792968608,6.129997253417969,-0.8799972534179688,8.0,4.0,07-18,1.1958335240681937
06-04,-0.4499969482421804,2.640003204345703,5.579998016357422,0.470001220703125,7.319999694824219,1.2600021362304688,-0.510002136230483,5.989997863769531,-9.709999084472656,1.220001220703125,1.3400039672851705,-1.9799957275390483,8.0,4.0,07-19,1.0975011189778663
06-05,-0.07999801635741477,4.25,4.689998626708984,2.6899986267089844,8.790000915527344,0.7900009155273438,-0.6599960327148295,5.010002136230469,-10.769996643066406,1.3299942016601562,1.0,-3.6399993896484375,8.0,4.0,07-20,1.1166671117146827
06-06,0.6499977111816335,3.779998779296875,5.549999237060547,1.9899978637695312,8.229995727539062,-0.720001220703125,-0.1999969482421875,2.769996643066392,-9.16000366210939,0.5,1.5699996948242188,-5.659996032714844,8.0,4.0,07-21,0.7749989827473929
06-07,0.9299964904785014,4.299999237060554,5.3600006103515625,2.0999984741210938,4.8699951171875,0.3800048828125,-2.029998779296875,2.540000915527358,-8.879997253417969,0.20999908447264204,-4.680000305175781,-6.489997863769531,8.0,4.0,07-22,-0.11583328247070372
06-08,0.519996643066392,2.9799995422363352,5.950000762939453,2.7700042724609375,4.470001220703125,0.5699996948242188,-2.9699935913085938,2.319999694824247,-7.930000305175781,2.680000305175753,-6.790000915527344,-5.8899993896484375,8.0,4.0,07-23,-0.10999933878580788
06-09,0.7999992370605327,3.270000457763679,5.680000305175781,3.009998321533203,3.9099960327148438,-0.9099960327148438,-2.3900070190429688,2.779998779296889,-9.919998168945312,2.7399978637695455,-6.169998168945327,-2.5600051879882812,7.0,5.0,07-24,0.019998868306478457
06-10,0.8099975585937429,2.1200027465820384,6.58000183105468,2.450000762939453,3.75,-0.8600006103515625,-3.5900039672851562,2.279998779296875,-10.260002136230469,3.25,-4.970001220703125,0.589996337890625,8.0,4.0,07-25,0.1791658401489252
06-11,0.9899978637695312,1.8700027465820241,6.299999237060547,2.020000457763672,3.9800033569335938,-0.25,-3.0100021362304688,4.779998779296861,-11.160003662109375,2.559997558593736,-5.599998474121108,5.510002136230469,8.0,4.0,07-26,0.6658331553141235
06-12,1.4799995422363281,2.299999237060547,6.1399993896484375,1.2600021362304688,3.8499984741210938,0.220001220703125,-2.8699951171875,5.3499984741210795,-9.650001525878906,1.9300003051757812,-5.1399993896484375,2.8700027465820312,9.0,3.0,07-27,0.6450004577636707
06-13,1.8899993896484304,2.7900009155273438,4.439998626708984,1.9800033569335938,2.6699981689453125,0.3600006103515625,-3.6100006103515483,5.8899993896484375,-11.050003051757812,2.6399993896484375,-5.5499954223632955,3.0199966430664062,9.0,3.0,07-28,0.45583311716715436
06-14,1.970001220703125,2.2900009155273438,2.3500022888183594,1.9600028991699148,3.2700042724609375,-0.15000152587890625,-4.309997558593736,6.150001525878906,-11.450004577636733,2.9300003051757812,-5.459999084472656,3.80999755859375,8.0,4.0,07-29,0.2800006866455072
06-15,2.1599998474121165,1.4099998474121094,2.8300018310546875,2.1300010681152344,3.1299972534179688,-0.6299972534179688,-3.400001525878892,5.7700042724609375,-12.029998779296875,2.5400009155273438,-4.4799957275390625,3.5799942016601562,8.0,4.0,07-30,0.2508338292439796
06-16,2.2099990844726562,1.5499992370605469,2.5700035095214844,2.740001678466797,2.5699996948242188,-1.220001220703125,-2.399993896484389,5.140007019042969,-10.819999694824219,2.3800048828124716,-4.040000915527344,3.0699996948242188,8.0,4.0,07-31,0.3125015894571905
06-17,1.999999999999993,1.3800010681152344,2.069999694824226,2.49999618530272,2.8600006103515625,-1.0900039672851562,-2.779998779296861,5.7299957275390625,-9.559997558593736,2.2000045776367188,-4.459999084472656,2.9599990844726562,8.0,4.0,08-01,0.31749979654948035
06-18,2.029998779296875,1.009998321533196,1.3699989318847656,2.1899986267089986,2.3499984741210938,-1.94000244140625,-4.2199935913085795,4.6299972534179545,-8.559997558593736,3.0,-5.799995422363267,3.410003662109375,8.0,4.0,08-02,-0.04416624704996449
06-19,2.4000015258789062,1.1800003051757812,0.7599983215332031,0.69000244140625,3.4799957275390625,-1.7400054931640625,-3.5999984741210938,4.370002746582031,-8.52999877929686,3.25,-5.669998168945298,2.9000015258789062,8.0,4.0,08-03,-0.042499860127764556
06-20,2.8499984741210938,2.109996795654297,-0.8199996948242116,0.7800025939941406,5.519996643066406,-4.650001525878906,-3.3300018310546875,2.9599990844726562,-6.839996337890625,3.0800018310546875,-6.669998168945298,2.4000015258789062,7.0,5.0,08-04,-0.21750005086262844
06-21,2.9099998474121094,2.1599998474121094,-1.3600006103515554,2.2300033569335938,7.660003662109375,-4.3300018310546875,-3.7699966430664062,3.1800003051757955,-5.459999084472656,4.560005187988281,-9.450004577636719,3.1100006103515625,7.0,5.0,08-05,0.12000083923340021
06-22,3.0900001525878906,3.3500022888183665,-1.0300025939941264,1.6599998474121094,8.610000610351562,-3.8400039672851562,-3.8300018310546875,2.780006408691392,-5.239997863769531,4.790000915527344,-11.75,3.440002441406236,7.0,5.0,08-06,0.16916720072428326
06-23,3.2800025939941406,3.240001678466797,-1.4000015258788991,4.470001220703125,8.419998168945312,-4.069999694824219,-3.2399978637695312,1.3199996948242188,-6.6299972534179545,5.790000915527344,-13.869995117187514,3.9899978637695312,7.0,5.0,08-07,0.10833422342936257
06-24,2.8900032043457102,3.920001983642571,-2.8400001525878906,3.8700027465820455,7.370002746582031,-3.399993896484375,-2.720001220703125,3.9500045776367045,-7.280006408691406,6.1299972534179545,-12.229995727539077,7.760002136230469,7.0,5.0,08-08,0.6183347702026344
06-25,2.1000022888183594,3.7599983215332102,-3.1300010681152344,4.360000610351548,5.379997253417969,-3.5499954223632812,-2.5699996948242188,6.3899993896484375,-7.010002136230469,7.050003051757798,-12.84000396728517,7.370002746582031,7.0,5.0,08-09,0.6091667811075817
06-26,1.9500007629394602,3.30999755859375,-6.1100006103515625,4.619995117187493,5.980003356933594,-3.4799957275390625,-3.3600006103515625,6.150001525878892,-7.7100067138671875,6.770004272460923,-11.419998168945327,8.569999694824219,7.0,5.0,08-10,0.4391667048136358
06-27,2.44000244140625,3.829998016357422,-3.6199989318847585,6.23999786376951,5.3300018310546875,-5.029998779296875,-1.2999954223632812,5.440002441406236,-7.3699951171875,7.4199981689453125,-12.30999755859375,5.730003356933594,7.0,5.0,08-11,0.5666681925455705
06-28,2.7800025939941406,3.30999755859375,-6.680000305175774,5.119995117187493,4.3300018310546875,-3.5600051879882812,-0.15000152587890625,3.7999954223632812,-8.459999084472642,7.599998474121094,-11.669998168945312,7.0500030517578125,7.0,5.0,08-12,0.2891658147176119
06-29,2.8100013732910156,3.0499992370605398,-6.840000152587891,3.9899978637695312,2.8100051879882812,-3.7100067138671875,-1.2900009155273438,2.029998779296875,-7.639999389648452,7.580001831054702,-13.180000305175781,8.25,7.0,5.0,08-13,-0.17833360036214252
06-30,3.579998016357422,3.489997863769524,-7.390003204345696,3.9599990844726562,1.8800048828125,-3.9200057983398438,-1.8899993896484375,-0.04000091552734375,-10.47000122070314,7.019996643066392,-15.349998474121094,9.91000366210939,6.0,6.0,08-14,-0.7683340708414725
07-01,3.749999999999993,3.0799980163574148,-6.159999847412109,3.9000015258789062,1.8000030517578125,-3.75,-3.0200042724609375,-0.1399993896484375,-10.850006103515625,5.5699996948242045,-13.489997863769517,10.97000122070314,6.0,6.0,08-15,-0.6950003306070963
07-02,4.079998016357422,3.020000457763672,-5.460002899169915,3.19000244140625,-2.6100006103515625,-3.4399948120117188,-2.3899993896484375,0.3000030517577983,-9.890007019042969,7.259994506835923,-15.730003356933594,10.03000640869142,6.0,6.0,08-16,-0.9700002670288091
07-03,4.3899993896484375,2.569999694824226,-4.790000915527344,2.8800010681152344,-2.2399978637695312,-4.8899993896484375,-1.4300003051757812,1.3199996948242045,-13.180000305175781,7.379997253417969,-17.230003356933594,6.910003662109375,6.0,6.0,08-17,-1.525833447774252
07-05,4.109996795654297,3.6300010681152415,-4.670001983642578,1.9599990844726562,-4.989997863769531,-3.4300003051757812,-1.1800003051757812,1.2900009155273153,-6.910003662109375,6.720001220703139,-16.75,6.7700042724609375,6.0,6.0,08-19,-1.1208333969116218
07-06,4.770000457763672,4.1800003051757955,-6.099998474121094,3.04999542236326,-5.849998474121094,-2.410003662109375,-1.589996337890625,-0.7700042724609659,-4.489997863769531,7.720001220703139,-15.33999633789061,6.110000610351577,5.0,7.0,08-20,-0.8933331171671544
07-07,5.2800025939941335,3.4300003051757955,-6.459999084472663,4.430000305175781,-5.519996643066406,-1.9900054931640625,-2.0400009155273438,-0.45000457763671875,-5.370002746582031,6.1500015258789205,-14.77999877929686,6.200004577636719,5.0,7.0,08-21,-0.9266665776570614
07-08,5.30000305175782,2.7399978637695455,-7.900001525878906,4.0,-3.9499969482421875,-0.7599945068359375,-0.4499969482421875,-1.6100006103515625,-3.5,6.740005493164077,-15.579994201660142,6.900001525878906,5.0,7.0,08-22,-0.6724980672200479
07-09,5.340000152587891,1.75,-6.719997406005859,3.660003662109375,-4.6999969482421875,-1.4699935913085938,-0.8699951171875,-1.4399948120117188,-2.4300003051757812,7.040000915527358,-14.32000732421875,8.590003967285156,5.0,7.0,08-23,-0.4641647338867176
07-10,5.180000305175788,2.1599998474121094,-5.359996795654304,4.520000457763665,-4.569999694824219,0.2400054931640625,-3.3000030517578125,-2.269996643066392,-2.4599990844726562,5.8600006103515625,-14.35000610351561,6.6399993896484375,6.0,6.0,08-24,-0.6424996058146141
07-11,5.680000305175781,1.9099998474121094,-3.3999977111816406,4.380001068115234,-5.870002746582031,0.5799942016601562,-7.0500030517578125,-1.209999084472642,-1.6999969482421875,7.220001220703111,-14.060005187988281,8.150001525878906,6.0,6.0,08-25,-0.4475005467732747
07-12,4.990001678466797,1.7800025939941406,-3.029998779296882,4.270000457763665,-5.680000305175781,0.5800018310546875,-9.290000915527344,-0.7399978637695455,-1.4300003051757812,6.8600006103515625,-15.600006103515625,9.860000610351548,6.0,6.0,08-26,-0.6191663742065465
07-13,5.549999237060547,0.9300003051757741,-2.740001678466797,2.3799972534179688,-5.099998474121094,1.0100021362304688,-10.950004577636719,0.08000183105467329,-1.1299972534179688,6.339996337890625,-17.07999420166017,9.370002746582031,7.0,5.0,08-27,-0.9449996948242217
07-14,4.590000152587891,0.8199996948242188,-2.779998779296882,2.559997558593757,-5.099998474121094,0.5500030517578125,-9.150001525878906,0.6100006103515483,-0.8699951171875,5.8899993896484375,-16.989997863769545,8.200004577636733,7.0,5.0,08-28,-0.9724988937377942
07-15,3.529998779296875,0.55999755859375,-5.489997863769531,2.2399978637695384,-6.680000305175781,1.220001220703125,-9.430000305175767,1.2099990844726562,-0.7699966430664062,6.599998474121108,-16.95999908447267,6.110000610351577,7.0,5.0,08-29,-1.4883333841959605
07-16,3.6899986267089773,-0.8299980163574219,-3.4199981689453125,2.359996795654304,-6.930000305175781,1.0400009155273438,-9.810005187988295,1.339996337890625,-1.1200027465820312,6.3700027465820455,-16.75,5.730003356933608,6.0,6.0,08-30,-1.5275004704793282
07-17,3.0100021362304688,0.17000198364257812,-1.8999977111816335,1.4099998474121094,-6.8699951171875,1.7700042724609375,-7.1100006103515625,3.1099929809570312,-2.2399978637695312,5.940002441406264,-13.620002746582031,5.790000915527344,7.0,5.0,08-31,-0.8783324559529605
07-18,2.500000000000007,-0.539997100830071,-1.6499977111816335,0.17000198364257812,-5.079994201660156,0.6100006103515625,-5.099998474121094,1.719993591308608,-0.1100006103515625,5.490005493164091,-9.010002136230469,7.8499984741210795,6.0,6.0,09-01,-0.262499173482255
07-19,2.0300025939941477,-0.8299980163574219,-2.049999237060547,-1.3500022888183594,-5.1399993896484375,0.06999969482421875,-5.319999694824219,3.0800018310547017,-0.05999755859375,2.819999694824247,-6.5800018310546875,7.410003662109361,5.0,7.0,09-02,-0.4933325449625621
07-20,0.6200027465820384,0.010002136230461645,-1.4300003051757812,-0.8299980163574219,-4.5399932861328125,0.3600006103515625,-7.6100006103515625,2.809997558593736,1.2099990844726562,2.0600051879882812,-6.210006713867173,8.6300048828125,7.0,5.0,09-03,-0.40999889373779297
07-21,0.6800003051757884,0.8199996948242116,-1.3800010681152273,0.02000045776367898,-4.829994201660156,0.6100006103515625,-6.220001220703125,4.040000915527344,0.19000244140625,0.5100021362304688,-5.5100021362304545,11.660003662109375,8.0,4.0,09-04,0.04916763305664299
07-22,0.43000030517578836,0.6399993896484375,-1.3199996948242188,-0.13000106811523438,-4.7299957275390625,1.5800018310546875,-6.189994812011719,2.9199981689453125,1.0200042724609375,1.279998779296875,-5.0,10.19000244140625,7.0,5.0,09-05,0.05750115712483783
07-23,0.009998321533203125,0.19000244140625,-0.7799987792968821,-1.3100013732910156,-4.5800018310546875,2.1700057983398438,-6.319999694824219,2.540000915527358,2.029998779296875,1.620002746582017,-5.410003662109375,10.830001831054688,7.0,5.0,09-06,0.08250045776367128
07-24,0.18000030517578836,0.15000152587890625,-2.75,-1.7600021362304688,-4.19000244140625,2.0200042724609375,-5.2299957275390625,2.94000244140625,2.5,3.230003356933608,-5.710006713867173,10.650001525878906,7.0,5.0,09-07,0.16916720072428681
07-25,0.5400009155273438,0.34999847412108664,-3.3899993896484375,-1.6400032043457031,-4.810005187988281,2.5500030517578125,-4.30999755859375,1.19000244140625,1.9899978637695312,4.1100006103515625,-5.8800048828125,7.409996032714844,7.0,5.0,09-08,-0.1575009028116868
07-26,0.6699981689453125,-0.8600006103515625,-0.5200004577636719,-2.4800033569335938,-3.779998779296875,3.4099960327148438,-5.260002136230469,-0.7099990844726847,2.5,3.5,-4.350006103515611,8.040000915527344,5.0,7.0,09-09,0.01333204905191939
07-27,0.8600006103515625,-0.8499984741210938,0.6299972534179688,-2.2100028991699148,-2.8799972534179688,2.9300003051757812,-2.5400009155273438,-1.4300003051757955,0.5199966430664062,4.549995422363281,-4.019996643066406,8.129997253417983,6.0,6.0,09-10,0.307499249776205
07-28,0.8300018310546804,-0.7099990844726562,0.6499977111816335,-2.099994659423814,-1.3199996948242188,2.1599960327148438,-4.099998474121094,-2.339996337890639,0.5100021362304688,4.8799972534179545,-3.0100021362304688,10.470001220703125,6.0,6.0,09-11,0.4933338165283179
07-29,0.9000015258789062,-0.4499969482421804,0.3300018310546875,-1.9499969482421733,-0.6100006103515625,3.3000030517578125,-5.420005798339844,-2.519996643066392,0.4199981689453125,5.290000915527315,-1.1699981689453125,8.019996643066406,6.0,6.0,09-12,0.5116672515869146
07-30,0.7299995422363281,-0.21000289916991477,-0.4399986267089844,-2.099994659423814,-0.8100051879882812,2.6200027465820312,-5.620002746582031,-4.990005493164077,0.8899993896484375,5.470001220703111,0.12000274658201704,9.189994812011719,6.0,6.0,09-13,0.4041659037272118
07-31,0.17000198364257812,-1.0999984741210938,-0.1399993896484375,-1.5299987792968892,-0.970001220703125,4.720001220703125,-5.779998779296875,-3.4200057983398295,1.5100021362304688,4.3899993896484375,0.9300003051757528,8.6199951171875,6.0,6.0,09-14,0.616666475931801
08-01,0.1100006103515625,-0.31999969482422586,0.8300018310546804,-0.7400016784667969,-2.9500045776367188,4.659996032714844,-5.0800018310546875,-4.8800048828125,1.9800033569335938,4.5499954223632955,3.5200042724609233,9.699996948242202,7.0,5.0,09-15,0.948332150777181
08-02,0.11999893188476562,-0.5799980163574219,2.979999542236321,-0.8199996948242188,-4.339996337890625,5.5200042724609375,-5.470001220703125,-3.8300018310547017,2.5100021362304688,3.869995117187514,5.3199996948242045,12.159996032714844,7.0,5.0,09-16,1.4533332188924135
08-03,0.5100021362304688,-0.3100013732910156,2.8300018310546804,-1.8200035095214844,-4.579994201660156,5.3000030517578125,-3.6100006103515625,-3.9900054931640767,2.8300018310546875,3.589996337890611,8.599998474121094,10.979995727539062,7.0,5.0,09-17,1.6941661834716768
08-04,1.0600013732910227,-0.5400009155273438,4.590000152587891,-1.0700035095214986,-4.489997863769531,5.980003356933594,-2.3899993896484375,-4.060005187988281,2.5100021362304688,3.5200042724609517,7.80999755859375,10.169998168945327,7.0,5.0,09-18,1.924166679382326
08-05,1.4099998474121165,-0.6199989318847727,4.680000305175781,-2.1400032043457173,-4.019996643066406,6.1100006103515625,-2.970001220703125,-4.809997558593764,2.5,2.3000030517578267,7.9099960327148295,8.930000305175781,7.0,5.0,09-19,1.6066668828328428
08-06,1.7299995422363281,-0.6499977111816406,6.139999389648445,-2.3100051879882955,-1.75,6.0,-2.6500015258789062,-4.30999755859375,2.7299957275390625,2.9300003051758097,6.349998474121094,9.129997253417969,7.0,5.0,09-20,1.9449990590413428
08-07,0.9699974060058523,-1.0,6.100002288818359,-2.38000106811522,-1.0999984741210938,6.6300048828125,-2.9200057983398438,-2.839996337890611,1.7099990844726562,1.7299957275390767,7.540000915527344,9.080001831054688,7.0,5.0,09-21,1.9600000381469755
08-08,1.3299980163574219,-0.18000030517578125,5.450000762939453,-2.4299964904785014,-0.8199996948242188,5.200004577636719,-5.879997253417969,-2.7099990844726562,3.2700042724609375,1.6999969482421875,6.159996032714844,7.9899978637695455,7.0,5.0,09-22,1.5900004704793318
08-09,2.6699981689453125,-0.1100006103515554,0.930000305175767,-1.8999977111816406,-0.8300018310546875,5.140007019042969,-5.430000305175781,-0.8199996948242188,3.2399978637695312,1.6599960327148295,5.589996337890625,2.4800033569335795,7.0,5.0,09-23,1.0516665776570608
08-10,2.8400001525878906,0.22999954223632102,3.140003204345696,-1.5999984741210866,-0.34000396728515625,4.600006103515625,-6.469993591308594,-1.279998779296875,4.430000305175781,3.480003356933608,8.239997863769531,2.3600006103515625,8.0,4.0,09-24,1.635834693908692
08-11,1.6899986267089915,1.25,0.8500022888183523,-1.950000762939446,-0.5800018310546875,3.6300048828125,-5.299995422363281,-2.0699996948242188,3.5400009155273438,4.55999755859375,8.509994506835938,-0.5999984741210938,7.0,5.0,09-25,1.127500216166179
08-12,0.8899993896484446,1.6199989318847585,-1.4199981689453196,-1.7299995422363281,-0.8100051879882812,4.840003967285156,-4.9499969482421875,-0.029998779296875,4.2100067138671875,2.80999755859375,6.7900009155273295,-2.200004577636733,6.0,6.0,09-26,0.8350003560384085
08-13,0.579998016357429,1.9200019836425781,-1.3800010681152344,-2.1899986267089915,-0.6299972534179688,4.55999755859375,-5.3699951171875,-3.899993896484361,9.450004577636719,2.1899948120117188,6.5999984741210795,0.30999755859375,7.0,5.0,09-27,1.011667251586914
08-14,-0.11999893188477273,2.670001983642571,0.029998779296875,-1.8899993896484304,0.31999969482421875,3.1699981689453125,-5.069999694824219,-4.009994506835923,10.390007019042969,1.19000244140625,8.800003051757812,-0.6199951171875284,7.0,5.0,09-28,1.2383352915445947
08-15,-0.5,2.4000015258789062,0.9300003051757884,-1.979999542236321,2.19000244140625,2.2900009155273438,-4.349998474121094,-2.1099929809570312,13.979995727539062,1.3600006103515625,8.870002746582031,-0.12000274658203125,7.0,5.0,09-29,1.9133342107137057
08-16,0.5100021362304688,3.0,0.6399993896484304,-2.54999542236326,2.8699951171875,2.029998779296875,-5.649993896484375,-1.3100051879882812,12.209999084472656,1.0,7.6399993896484375,1.519996643066392,9.0,3.0,09-30,1.825833002726237
08-17,0.43000030517578125,1.8499984741210938,0.20000076293945312,-3.8999977111816406,2.2299957275390625,1.9300003051757812,-5.769996643066406,-1.75,12.970001220703125,0.5599975585937642,8.580001831054688,0.519996643066392,9.0,3.0,10-01,1.4874998728434246
08-18,0.22999954223632812,1.2999992370605398,1.7600021362304688,-3.430000305175774,2.7299957275390625,1.5699996948242188,-5.010002136230469,-2.6200027465820455,13.590003967285142,-0.0800018310546875,9.239997863769531,1.6100006103515483,8.0,4.0,10-02,1.740832646687822
08-19,0.15999984741210938,2.0499992370605398,3.5999984741210938,-3.6499977111816335,3.029998779296875,0.0200042724609375,-4.510002136230469,-4.220001220703111,12.980003356933594,-0.20000457763671875,6.870002746582031,2.1299972534179688,8.0,4.0,10-03,1.5216665267944347
08-20,0.21000289916992188,1.6300010681152344,0.6499977111816477,-3.4699974060058594,1.5,-0.5400009155273438,-2.7900009155273438,-2.5200042724609233,13.700004577636733,0.589996337890625,4.80999755859375,2.9499969482421875,8.0,4.0,10-04,1.3933327992757192
08-21,-1.6100006103515625,1.8400001525878906,-0.8300018310546804,-3.1200027465820312,2.3000030517578125,-1.1199951171875,-1.9499969482421875,-3.1399993896484375,13.27999877929689,-1.8199996948242188,4.5200042724609375,1.69000244140625,5.0,7.0,10-05,0.8366676966349301
08-22,-1.2800025939941335,1.720001220703125,0.4799995422363281,-2.8300018310546875,1.8800048828125,-0.7600021362304688,0.8899993896484375,-4.5800018310546875,12.84999847412108,-1.3199996948242188,4.5500030517578125,0.8600006103515767,7.0,5.0,10-06,1.0383332570393886
08-23,-0.8600006103515625,1.970001220703125,-0.6800003051757812,-2.6699981689453125,-0.06999969482421875,-0.05999755859375,2.6399993896484375,-5.1199951171875,12.919998168945298,-1.6299972534179688,6.889999389648452,2.410003662109389,5.0,7.0,10-07,1.3116677602132174
08-24,-0.5900001525878906,2.1399993896484446,-0.9099998474121094,-1.1499977111816335,1.2300033569335938,-0.4499969482421875,1.6800003051757812,-5.529998779296861,13.009994506835923,-1.3799972534179545,8.120002746582017,1.5299987792968892,6.0,6.0,10-08,1.4750006993611677
08-25,-1.4199981689453125,2.010002136230476,-0.18000030517578125,-0.8199996948242188,0.06999969482421875,-1.779998779296875,4.959999084472656,-5.2599945068359375,12.489997863769531,-0.6099929809570312,6.720001220703125,4.25,6.0,6.0,10-09,1.702501296997071
08-26,-0.6399993896484375,2.319999694824226,-0.2999992370605469,-0.970001220703125,-1.1399993896484375,0.470001220703125,3.4300003051757812,-4.099998474121094,12.60000610351561,-0.09999847412110796,4.7300033569335795,4.3799972534179545,6.0,6.0,10-10,1.7233343124389606
08-27,-0.4500007629394531,1.75,-2.3100013732910227,-1.5499992370605469,0.43000030517578125,0.48999786376953125,0.9599990844726562,-6.819999694824219,12.230003356933594,-1.7599945068359375,5.3800048828125,5.099998474121094,7.0,5.0,10-11,1.120834032694498
08-28,0.4500007629394531,2.7999992370605398,-0.02000045776367898,-2.1899986267089844,1.0099945068359375,0.8400039672851562,2.25,-6.6699981689453125,12.569999694824219,-2.970001220703125,4.6300048828125,6.270004272460952,8.0,4.0,10-12,1.5808340708414714
08-29,1.3199996948242188,2.8400001525878906,0.27000045776366477,-1.7000007629394531,0.9699935913085938,-1.220001220703125,2.0800018310546875,-7.799995422363281,13.669998168945312,-3.480003356933608,3.6400070190429688,5.949996948242202,8.0,4.0,10-13,1.3783330917358392
08-30,1.3799972534179688,3.009998321533196,0.27000045776366477,-1.990001678466804,3.5400009155273438,-0.8799972534179688,1.720001220703125,-5.610000610351577,12.599998474121094,-2.44000244140625,4.2299957275390625,5.790000915527358,8.0,4.0,10-14,1.8016659418741845
08-31,1.3799972534179688,3.759998321533196,-0.18999862670898438,-1.8199996948242188,3.5,-2.0099945068359375,0.8800048828125,-4.730003356933594,12.669998168945312,-5.099998474121094,6.079994201660156,5.4599990844726705,7.0,5.0,10-15,1.6566664377848312
09-01,2.809997558593743,2.3999977111816335,-0.5699996948242116,-0.6899986267089844,2.8000030517578125,-1.0999984741210938,2.1300048828125,-4.920005798339858,12.020004272460938,-5.340003967285142,6.0199966430664205,5.269996643066406,7.0,5.0,10-16,1.7358328501383469
09-02,3.1599998474121023,1.9499969482421804,0.9300003051757812,-0.6199989318847656,1.80999755859375,-0.7399978637695312,1.6800003051757812,-5.710006713867173,11.550003051757812,-3.940002441406236,7.1399993896484375,1.6399993896484375,8.0,4.0,10-17,1.5708325703938815
09-03,2.7199974060058523,1.6000022888183665,2.5900001525878835,-0.00999832153319602,2.6299972534179688,-0.23000335693359375,1.4599990844726562,-3.650001525878892,11.700004577636733,-3.1300048828124716,6.9300003051757955,4.090003967285156,8.0,4.0,10-18,2.224999745686855
09-04,3.1100006103515625,4.970001220703125,1.4199981689453125,0.0800018310546946,2.6399993896484375,-0.6100006103515625,2.8000030517578125,-3.8300018310546875,12.550003051757812,-5.050003051757798,6.140007019042969,3.80999755859375,9.0,3.0,10-19,2.3358338673909524
09-05,2.259998321533203,5.229999542236328,3.529998779296875,0.960002899169929,1.4199981689453125,-0.18999481201171875,-0.3600006103515625,-5.310005187988281,13.730003356933594,-5.970001220703125,4.1700057983398295,3.3600006103515483,8.0,4.0,10-20,1.9025004704793276
09-06,1.9199981689453125,4.510002136230469,2.9899978637695384,-0.30999755859375,2.1099929809570312,0.7900009155273438,1.0200042724609375,-9.54000091552733,12.730003356933594,-6.0999984741210795,4.599998474121094,3.0500030517577983,9.0,3.0,10-21,1.4808336893717466
09-07,1.4199981689453125,4.889999389648445,1.8199996948242259,-0.37000274658202414,-1.5699996948242188,1.6800003051757812,2.0400009155273438,-8.180000305175753,13.599998474121094,-0.5699996948242188,6.010002136230469,4.2900009155273295,8.0,4.0,10-22,2.0883331298828156
09-08,1.2199974060058594,5.379997253417976,2.2899971008300852,-0.8400001525878906,-2.1300048828125,4.959999084472656,2.44000244140625,-7.5999984741210795,4.3600006103515625,-0.4600067138671733,6.5200042724609375,4.459999084472642,8.0,4.0,10-23,1.716665585835777
09-09,1.05999755859375,5.0,3.5200004577636648,-1.4500007629394602,-2.0200042724609375,5.7400054931640625,3.0900039672851562,-7.479995727539048,2.80999755859375,-1.0100021362304545,7.970001220703139,2.3499984741210938,8.0,4.0,10-24,1.6316668192545596
09-10,1.6699981689453125,4.920001983642578,5.1100006103515625,-0.9300003051757812,-2.529998779296875,5.19000244140625,2.910003662109375,-7.970001220703139,3.4499969482421875,-1.2300033569335795,7.059997558593736,3.25,8.0,4.0,10-25,1.7416664759318021
09-11,2.229999542236328,4.05000305175782,5.790000915527344,-1.6500015258789062,-2.6199951171875,5.4600067138671875,4.909996032714844,-7.540000915527358,3.0900039672851562,-2.4200057983398295,6.189994812011719,-3.779998779296889,7.0,5.0,10-26,1.142500241597493
09-12,1.8700027465820384,4.229999542236335,4.430000305175781,-1.9099998474121094,-1.8300018310546875,4.180000305175767,6.150001525878906,-8.069999694824247,2.0199966430664062,-2.1399993896484375,6.720001220703111,-4.239997863769531,7.0,5.0,10-27,0.9508336385091111
09-13,1.3100013732910156,4.020000457763679,3.520000457763672,-2.4199981689453125,-0.9600067138671875,4.7900009155273295,6.870002746582031,-6.0400009155273295,1.5199966430664062,-2.0699996948241903,5.370002746582017,-7.589996337890625,7.0,5.0,10-28,0.6933336257934588
09-14,0.6500015258789062,4.020000457763672,2.950000762939446,-2.5699996948242188,-0.8000030517578125,4.819999694824219,5.55999755859375,-5.680000305175753,2.0699996948242188,-1.3000030517578125,4.6200027465820455,-9.14999389648436,7.0,5.0,10-29,0.432500203450525
09-15,-0.18000030517578125,3.700000762939453,2.5100021362304616,-1.5,-0.80999755859375,5.959999084472656,5.1999969482421875,-5.830001831054673,2.75,-2.120002746582017,5.7700042724609375,-12.149993896484375,6.0,6.0,10-30,0.2750005722045916
09-16,-0.9099998474121165,3.8899993896484375,5.860000610351555,-1.2099990844726634,-0.40000152587890625,4.979995727539077,4.040000915527344,-8.0,1.470001220703125,-0.9300003051757812,5.3700027465820455,-11.669998168945312,6.0,6.0,10-31,0.20750013987223367
09-17,-1.1299972534179616,4.119998931884766,5.579998016357422,-0.8499984741210938,-1.2600021362304688,5.0799942016601705,5.040000915527344,-8.78000640869142,1.160003662109375,-2.3499984741210938,5.200004577636719,-12.139999389648438,6.0,6.0,11-01,-0.02750015258789003
09-18,-2.0,3.5600013732910156,4.599998474121094,0.660003662109375,-2.4800033569335938,4.619995117187514,6.959999084472656,-8.03000640869142,1.350006103515625,-3.3899993896484517,5.120002746582017,-11.75,7.0,5.0,11-02,-0.06500021616618075
09-19,-3.989997863769524,3.1399993896484304,3.1599998474121094,0.24000167846679688,-2.6500015258789062,6.129997253417969,7.0600051879882955,-9.620002746582045,1.5699996948242188,-3.1100006103515625,6.1700057983398295,-6.120002746582017,7.0,5.0,11-03,0.16500027974446616
09-20,-3.3699989318847656,3.490001678466797,5.259998321533196,0.050003051757805395,-2.4799957275390625,8.389999389648438,8.150001525878906,-10.30999755859375,0.7099990844726562,-3.5900039672851705,5.0800018310546875,-3.030006408691392,7.0,5.0,11-04,0.6958335240681954
09-21,-3.3400001525878906,3.2600021362304545,7.289997100830078,1.479999542236321,-2.0800018310546875,8.449996948242188,7.8800048828125,-11.489997863769531,1.0800018310546875,-3.30999755859375,6.94000244140625,1.599998474121108,8.0,4.0,11-05,1.4800004959106439
09-22,-3.5500030517578125,3.44000244140625,8.739997863769524,0.4799995422363281,-0.5400009155273438,9.139999389648438,8.659996032714844,-13.029998779296875,0.5499954223632812,-2.3700027465820312,8.620002746582031,-1.620002746582017,7.0,5.0,11-06,1.5433320999145514
09-23,-2.4300003051757884,3.700000762939446,9.5,0.7799987792968821,-0.8600006103515625,11.069999694824219,8.629997253417969,-10.70999908447267,-5.4199981689453125,-1.30999755859375,9.47000122070311,0.1399993896484517,7.0,5.0,11-07,1.8800001144409162
09-24,-1.8100013732910156,2.7199974060058665,7.5600013732910085,1.5799980163574219,0.12000274658203125,10.069999694824219,7.9199981689453125,-10.84000396728517,-5.959999084472656,-0.8300018310546733,11.689994812011719,0.8699951171875284,8.0,4.0,11-08,1.9241650899251326
09-25,-0.22999954223633523,3.6300010681152344,7.299999237060554,0.9799995422363352,0.01999664306640625,11.379997253417969,7.9899978637695455,-9.880004882812514,-6.790000915527344,1.69000244140625,10.019996643066392,2.1200027465820312,9.0,3.0,11-09,2.3524990081787105
09-26,-1.5,3.5099983215332102,7.849998474121094,1.3899993896484304,0.26000213623046875,10.419998168945312,6.859992980957031,-9.800003051757827,-8.140007019042969,1.0,10.309997558593736,-1.0699996948242045,8.0,4.0,11-10,1.7574981053670236
09-27,-0.6800003051757812,2.8600006103515696,5.13999938964843,1.8699989318847656,-0.9099960327148438,11.059997558593736,6.25,-10.230003356933594,-8.44000244140625,1.0100021362304545,7.489997863769531,2.75,8.0,4.0,11-11,1.514166196187335
09-28,-0.9300003051757812,2.2900009155273438,5.75,0.729999542236321,-0.1999969482421875,11.519996643066406,7.1199951171875,-10.559997558593736,-9.17000579833983,1.6800003051757812,6.560005187988281,4.080001831054702,8.0,4.0,11-12,1.5724999109904
09-29,-0.6699981689453125,2.5800018310546875,4.470001220703125,0.9699974060058594,0.5500030517578125,11.590003967285156,6.839996337890625,-9.400001525878906,-10.090003967285156,1.3300018310546875,6.510002136230469,2.9000015258789205,9.0,3.0,11-13,1.4650004704793307
09-30,-1.1300010681152344,2.9099998474121094,7.049999237060547,0.5499992370605398,0.5100021362304688,12.879997253417969,6.489997863769531,-6.949996948242202,-10.920005798339858,1.0100021362304688,5.110000610351577,2.470001220703125,9.0,3.0,11-14,1.6649996439615868
10-01,-0.2999992370605469,3.049999237060547,9.459999084472663,0.04999923706053977,0.5699996948242188,14.009994506835938,7.899993896484375,-5.209999084472642,-11.080001831054702,2.1300048828125,7.129997253417969,2.6699981689453125,9.0,3.0,11-15,2.531665484110514
10-02,-0.5999984741211009,2.6699981689453125,8.860000610351562,-0.6500015258789062,0.529998779296875,13.5,5.180000305175781,-3.6800003051757812,-10.360000610351577,1.8000030517578267,9.989997863769531,0.0800018310546875,8.0,4.0,11-16,2.276666641235351
10-03,-0.6500015258789062,3.040000915527351,9.130001068115234,-0.6599998474121094,2.410003662109375,12.319999694824219,2.0,-3.75,-10.949996948242202,3.910003662109389,9.729995727539048,1.6299972534179688,8.0,4.0,11-17,2.3466669718424473
10-04,-0.13000106811523438,2.4599990844726562,6.9899978637695455,-2.220001220703132,1.9799957275390625,11.849998474121094,3.970001220703125,-3.0400009155273438,-10.489997863769517,4.1200027465820455,7.889999389648452,2.1699981689453125,8.0,4.0,11-18,2.1291659673055054
10-05,-0.18000030517578125,2.4399986267089915,6.1899986267089915,-2.1599998474121094,3.2600021362304688,12.089996337890625,4.220001220703125,-3.5600051879882812,-10.790000915527344,2.3599929809570312,10.290000915527344,2.1699981689453125,8.0,4.0,11-19,2.1941652297973646
10-06,-0.7299995422363281,2.3999977111816406,5.129997253417976,-2.079998016357422,2.94000244140625,12.290000915527358,5.540000915527344,-3.8700027465820312,-9.560005187988267,2.670005798339858,10.849998474121094,3.0500030517578125,8.0,4.0,11-20,2.3858334223429405
10-07,-0.45999908447265625,2.4399986267089915,5.069999694824219,-1.089996337890625,2.3899993896484375,13.699996948242202,3.9200057983398438,-3.6699981689453125,-9.050003051757812,1.920005798339858,10.029998779296875,0.8199996948242188,8.0,4.0,11-21,2.1683340072631867
10-08,-1.1299972534179688,2.479999542236328,2.30999755859375,-1.089996337890625,2.970001220703125,11.909996032714858,2.4500045776367188,-3.869995117187514,-8.919998168945312,1.920005798339858,10.759994506835966,-1.5800018310546875,7.0,5.0,11-22,1.5175008773803746
10-09,-1.9599990844726562,2.539997100830071,0.80999755859375,0.009998321533203125,2.9800033569335938,13.680000305175795,3.44000244140625,-2.4599990844726562,-8.919998168945312,1.4399948120117188,10.07999420166017,-0.8199996948242188,8.0,4.0,11-23,1.7349993387858091
10-10,-2.0199966430664062,2.8899993896484304,0.80999755859375,0.529998779296875,0.6999969482421875,13.550003051757812,5.029998779296861,-2.4599990844726562,-9.569999694824219,2.8799972534179688,8.790000915527358,-0.660003662109375,8.0,4.0,11-24,1.7058327992757156
10-11,-1.6399993896484304,2.8899993896484304,0.9199981689453125,0.5099983215332031,1.0400009155273438,15.439994812011719,5.2300033569335795,-0.12000274658203125,-9.550003051757812,4.769996643066406,5.68000030517581,-0.660003662109375,8.0,4.0,11-25,2.042498588562013
10-12,-1.6399993896484304,2.3500022888183594,0.6699981689453125,0.9599990844726562,2.0399932861328125,16.169998168945312,5.2300033569335795,-0.9199981689453125,-9.910003662109375,5.160003662109389,6.8899993896484375,-0.660003662109375,8.0,4.0,11-26,2.1949993769327807
10-13,-1.9399986267089844,1.8900032043457102,1.1399993896484375,1.5799980163574148,1.67999267578125,16.169998168945312,5.290000915527344,-0.5299987792968892,-8.949996948242188,3.470001220703125,7.160003662109375,-0.3300018310546875,8.0,4.0,11-27,2.219166755676268
10-14,-1.9599990844726491,2.0400009155273438,-1.0699996948242045,1.4099998474121094,1.67999267578125,14.629997253417969,6.3300018310546875,-0.7000045776367188,-9.170005798339858,4.940002441406236,7.160003662109375,-1.3600006103515625,7.0,5.0,11-28,1.9941657384236648
10-15,-2.479999542236328,1.1399993896484375,-0.029998779296875,1.3899993896484375,2.4300003051757812,14.269996643066406,5.94000244140625,0.06999969482421875,-8.389999389648452,5.760002136230483,6.509994506835966,-1.7099990844726562,8.0,4.0,11-29,2.074999809265139
10-16,-1.8199996948242188,0.5699996948242259,1.3500022888183665,1.8699989318847585,1.6100006103515625,13.469993591308594,7.3000030517578125,-0.7799987792968892,-6.670005798339858,6.81999969482419,6.719993591308608,-1.3499984741210938,8.0,4.0,11-30,2.4241657257080047
10-17,-1.829998016357429,0.3600006103515625,1.5900001525878906,1.779998779296868,0.5800018310546875,13.289993286132812,6.2199935913085795,-1.2799987792968892,-5.3600006103515625,8.739997863769517,5.5199966430664205,-1.0400009155273438,8.0,4.0,12-01,2.3808320363362596
10-18,-2.1299972534179688,0.18000030517578125,2.1800003051757812,1.970001220703118,3.1899948120117188,13.339996337890625,5.9699935913085795,-0.1199951171875,-6.540000915527344,3.059997558593736,3.8600006103515625,-1.0400009155273438,8.0,4.0,12-02,1.993332544962562
10-19,-1.2900009155273438,1.2699966430664062,2.720001220703118,2.8400001525878906,4.75,12.319999694824233,5.9499969482421875,4.110000610351548,1.7900009155273438,1.75,2.510002136230483,-1.0400009155273438,10.0,2.0,12-03,3.139999707539877
10-20,-0.9300003051757741,0.8899993896484304,2.8699989318847727,4.1499977111816335,4.230003356933594,13.049995422363267,2.9800033569335938,6.720001220703125,4.340003967285156,2.9199981689453125,2.8600006103515625,-2.279998779296875,10.0,2.0,12-04,3.483333587646483
10-21,-0.729999542236321,0.9299964904785156,1.529998779296875,3.7100028991699148,4.870002746582031,10.729995727539077,2.5800018310546875,5.6300048828125,3.5900039672851562,2.9199981689453125,0.8499984741210938,-2.4499969482421875,10.0,2.0,12-05,2.846667289733888
10-22,-1.2900009155273366,2.109996795654297,1.3199996948242188,3.7000007629394602,3.2600021362304688,10.719993591308608,0.32000732421875,4.730003356933594,4.69000244140625,3.409996032714858,0.45999908447264204,2.7900009155273438,11.0,1.0,12-06,3.018333435058596
10-23,-0.5400009155273509,2.3900032043457102,2.329998016357429,2.7700042724609517,3.05999755859375,10.649993896484403,-1.0699996948242188,6.3300018310546875,4.890007019042969,2.6699981689452983,-0.4700012207031108,0.7900009155273438,9.0,3.0,12-07,2.816666920979822
10-24,0.4200019836425781,2.8600006103515696,1.9300003051757741,3.6400032043457173,2.6200027465820312,10.45999908447267,-0.850006103515625,6.470001220703111,4.80999755859375,3.680000305175753,-0.28000640869139204,4.1399993896484375,10.0,2.0,12-08,3.3249994913736978
10-25,0.6199989318847727,3.2300033569335866,2.509998321533203,3.3500022888183807,1.2400054931640625,10.029998779296875,-0.8100051879882812,9.319999694824247,5.260002136230469,2.6399993896484233,0.4700012207031108,4.1399993896484375,11.0,1.0,12-09,3.5000003178914407
10-26,0.5900001525878906,3.470001220703125,2.4499969482421946,2.75,2.6399993896484375,9.55999755859375,-1.2400054931640625,8.75,4.319999694824219,2.490005493164034,0.03999328613282671,4.1399993896484375,11.0,1.0,12-10,3.329998970031738
10-27,1.279998779296882,3.729999542236328,0.6199989318847656,1.470001220703125,3.339996337890625,9.569999694824219,-1.3300018310546875,10.659996032714858,5.4500045776367045,-0.20999908447265625,0.21999359130857954,5.699996948242173,10.0,2.0,12-11,3.374998728434243
10-28,1.7199974060058665,3.3300018310546875,-0.15999984741210938,1.0699996948242116,3.6999969482421875,7.569999694824219,-2.8300018310546875,9.010002136230469,6.80999755859375,-0.43000030517578125,-0.01000213623046875,9.879997253417969,8.0,4.0,12-12,3.304999033610026
10-29,1.8899993896484446,2.5200004577636648,1.3899993896484375,0.8999977111816406,2.1300048828125,7.870002746582017,-2.94000244140625,8.04000091552733,5.449996948242173,-0.6399993896484375,0.989997863769517,9.260002136230455,10.0,2.0,12-13,3.071666717529291
10-30,2.8400001525878835,3.1100006103515696,1.3199996948242188,0.5699996948242116,2.5200042724609375,6.569999694824219,-3.190002441406264,7.620002746582031,4.69000244140625,1.779998779296875,1.0599975585937642,9.139999389648438,11.0,1.0,12-14,3.1691668828328443
10-31,2.6899986267089844,3.4099998474121165,0.5600013732910156,0.5699996948242116,2.7900009155273438,6.189994812011719,-6.599998474121094,9.230003356933594,5.029998779296889,2.19000244140625,1.6699981689453125,6.0500030517578125,11.0,1.0,12-15,2.8150002161661796
11-01,2.8800010681152344,3.3100013732910227,1.1899986267089844,-0.4499969482421946,2.0999984741210938,5.319999694824219,-5.6999969482421875,8.919998168945312,5.830001831054702,2.279998779296875,1.0200042724609375,6.0500030517578125,10.0,2.0,12-16,2.7291676203409843
11-02,2.6499977111816406,3.009998321533203,-0.259998321533196,0.18000030517578125,0.5900039672851562,4.510002136230469,-5.75,9.479995727539062,4.730003356933608,3.0900039672851562,-1.2299957275390625,6.0500030517578125,9.0,3.0,12-17,2.254167874654136
11-03,2.8500022888183594,3.1699981689453196,-1.7299995422363281,-0.6100006103515696,0.410003662109375,5.169998168945327,-4.44000244140625,10.009994506835938,3.6800003051757812,0.8199996948242188,-1.0400009155273438,1.4199981689453125,8.0,4.0,12-18,1.6424992879231783
11-04,2.890003204345703,3.200000762939453,-0.8199996948242045,0.20000076293944602,0.029998779296875,6.069999694824219,-4.180000305175781,10.480003356933594,4.720001220703125,-1.5800018310546875,-0.5,4.7600021362304545,8.0,4.0,12-19,2.105834007263183
11-05,2.0500030517578196,2.9799995422363352,0.0800018310546804,0.5400009155273366,1.529998779296875,5.1100006103515625,-4.809997558593764,9.350006103515625,6.180000305175767,-1.8700027465820312,-1.239997863769517,3.3499984741210938,9.0,3.0,12-20,1.9375009536743153
11-06,1.8800010681152344,3.0,-0.4199981689453196,0.0800018310546875,0.779998779296875,5.310005187988281,-3.649993896484375,9.930000305175795,5.750000000000014,-3.7699966430664205,-1.739997863769517,4.900001525878906,8.0,4.0,12-21,1.8375018437703468
11-07,0.9799995422363281,2.930000305175774,1.1100006103515554,1.1399993896484375,2.2599945068359375,6.3400039672851705,-5.3300018310546875,10.090003967285156,6.790000915527344,-5.6699981689453125,-0.4199981689453125,1.0800018310547017,9.0,3.0,12-22,1.775000572204591
11-08,1.1699981689453125,3.2900009155273366,1.3000030517578196,2.240001678466797,0.9099960327148438,6.2900009155273295,-4.930000305175781,9.120002746582031,7.200004577636719,-6.290000915527344,-0.9599990844726705,1.0800018310547017,9.0,3.0,12-23,1.7016674677530912
11-09,1.4500007629394531,3.9399986267089773,3.1100006103515696,2.8899993896484304,0.32999420166015625,6.870002746582031,-4.0800018310546875,7.650001525878906,7.660003662109375,-6.809997558593764,-0.11000061035157671,1.0800018310547017,9.0,3.0,12-24,1.9983336130777978
11-10,1.7000007629394531,3.9099998474121094,2.1200027465820384,3.30999755859375,0.32999420166015625,6.870002746582031,-4.9499969482421875,4.3300018310546875,7.7700042724609375,-6.4899978637695455,-0.11000061035157671,-0.25,8.0,4.0,12-25,1.5450007120768212
11-11,1.5200004577636719,3.8100013732910156,1.19000244140625,2.75,0.8600006103515625,8.169998168945312,-4.549995422363281,3.209999084472642,9.239997863769531,-7.0800018310546875,0.43000030517578125,1.9300003051757812,10.0,2.0,12-26,1.790000279744465
11-12,2.1800003051757812,4.400001525878906,2.3199996948242188,2.4599990844726562,1.339996337890625,7.2400054931640625,-2.4300003051757812,0.4199981689453125,9.819999694824219,-8.44000244140625,0.8199996948242045,3.6399993896484375,10.0,2.0,12-27,1.980833053588866
11-13,1.8199996948242188,3.5699996948242116,3.3899993896484375,2.279998779296875,0.9799957275390625,7.290000915527344,0.40000152587890625,0.75,10.099998474121094,-6.600006103515611,1.1699981689453125,0.5400009155273438,11.0,1.0,12-28,2.1408322652180996
11-14,1.4799995422363281,3.8799972534179616,3.729999542236328,2.799999237060547,0.1100006103515625,7.940002441406264,-1.7000045776367188,1.4300003051757812,9.659996032714844,-7.060005187988281,1.6899948120117188,0.0,9.0,3.0,12-29,1.996665000915528
11-15,1.4599990844726634,3.8199996948242116,2.989997863769524,2.729999542236328,0.279998779296875,7.94000244140625,-1.0500030517578125,0.29000091552735796,10.669998168945312,-6.779998779296861,1.1699981689453125,0.0,9.0,3.0,12-30,1.9599994023640968
11-16,1.5099983215332031,4.430000305175781,3.8199996948242045,3.220001220703132,0.7900009155273438,8.389999389648452,-0.31000518798828125,1.0200042724609517,9.680000305175781,-7.210006713867173,0.8499984741210795,0.0,9.0,3.0,12-31,2.1824992497762064
11-17,1.55999755859375,4.200000762939446,4.3699989318847585,2.2299995422363352,0.7900009155273438,8.389999389648452,-0.5600051879882812,1.7700042724609517,9.540000915527344,-6.460006713867173,0.8499984741210795,0.0,9.0,3.0,01-01,2.223332405090334
11-18,1.839996337890625,3.8199996948242188,4.8400001525878835,1.4499969482421946,0.720001220703125,7.6299972534179545,-0.9200057983398438,1.8199996948242472,9.220001220703125,-6.150001525878892,0.6299972534179688,0.0,9.0,3.0,01-02,2.074998537699384
11-19,2.2699966430664062,3.770000457763679,6.8600006103515625,2.25,1.3100051879882812,7.550003051757798,-1.5200042724609375,0.48999786376954546,8.750000000000014,-5.640007019042969,1.660003662109375,0.0,9.0,2.0,01-03,2.312499682108563
11-20,2.039997100830071,3.3899993896484375,6.100002288818359,3.3000030517577983,1.94000244140625,7.089996337890625,-3.369995117187486,-0.4199981689453125,10.319999694824219,-4.7299957275390625,2.9200057983398295,0.0,8.0,3.0,01-04,2.3816680908203107
11-21,1.1800003051757741,4.340000152587891,6.6100006103515625,2.900001525878892,1.5400009155273438,5.150001525878906,-4.550003051757798,-0.3300018310547017,11.35000610351561,-5.220001220703139,3.6700057983398295,0.0,8.0,3.0,01-05,2.2200009028116807
11-22,1.3500022888183452,3.6499977111816406,6.229999542236328,2.2100028991699148,-0.029998779296875,4.3699951171875,-6.410003662109361,-0.04999542236326704,10.389999389648423,-4.930000305175781,2.099998474121108,0.0,7.0,4.0,01-06,1.573333104451498
11-23,1.3100013732910085,3.8999977111816406,7.419998168945305,2.4600028991699148,0.7300033569335938,3.6899948120117188,-6.110000610351548,-0.18999481201171875,10.460006713867173,-6.44000244140625,0.32999420166017046,0.0,8.0,3.0,01-07,1.4633334477742508
11-24,1.5400009155273438,2.6399993896484375,7.549999237060547,2.859996795654297,0.45000457763671875,-0.6500015258789062,-7.0,-0.7799987792968608,10.57000732421875,-7.400001525878892,-1.8800048828125,0.0,6.0,5.0,01-08,0.6583334604899113
11-25,1.5400009155273438,2.950000762939446,7.819999694824219,2.4399986267089844,1.5400009155273438,1.530006408691392,-7.9199981689453125,-1.2300033569335938,9.879997253417969,-6.56999969482419,-2.2700042724609375,0.0,7.0,4.0,01-09,0.809166590372722
11-26,1.8899993896484446,2.3600006103515554,6.219997406005859,2.3699989318847656,1.5600051879882812,1.2100067138671733,-8.21999359130858,-0.8899993896484233,10.360000610351562,-6.0400009155273295,-3.029998779296889,0.0,7.0,4.0,01-10,0.6491680145263684
11-27,2.099998474121101,2.6599998474121094,6.489997863769524,2.970001220703111,1.07000732421875,0.2700042724609233,-9.999999999999986,-1.0,11.32999420166017,-5.800003051757827,-3.7900009155273438,0.0,7.0,4.0,01-11,0.524999936421711
11-28,2.4099998474121094,3.4399986267089844,7.25,1.8800010681152202,0.07000732421875,0.48999786376953125,-12.069999694824205,0.2299957275390767,10.060005187988281,-7.669998168945298,-2.950004577636733,0.0,8.0,3.0,01-12,0.26166693369547644
11-29,2.839996337890625,3.200000762939453,7.069999694824226,1.3300018310546733,-0.0099945068359375,-0.3899993896484375,-11.559997558593736,0.9300003051757955,7.900001525878906,-6.879997253417969,-3.5600051879882812,0.0,6.0,5.0,01-13,0.07250054677327651
11-30,2.6799964904785156,3.3800010681152344,4.369998931884773,0.5500030517578267,1.1299972534179688,-4.240005493164077,-10.989997863769517,1.25,6.430000305175781,-6.650001525878892,-5.819999694824219,0.0,7.0,4.0,01-14,-0.6591672897338837
12-01,2.0300025939941406,3.0100021362304688,3.819999694824226,0.3899993896484517,-0.69000244140625,-4.6800003051757955,-13.209999084472656,1.2600021362304688,6.540000915527344,-8.039993286132827,-5.020004272460923,0.0,6.0,5.0,01-15,-1.2158327102661126
12-02,2.170001983642571,1.9200019836425781,3.349998474121101,0.6500015258789205,0.4199981689453125,-7.209999084472642,-11.260002136230469,1.7300033569335938,7.94000244140625,-8.930000305175795,-4.720001220703125,0.0,7.0,4.0,01-16,-1.1616662343343087
12-03,1.7700004577636719,1.4599990844726491,2.420001983642571,0.9899978637695455,0.6100006103515625,-8.169998168945327,-10.720001220703125,0.7399978637695312,9.319999694824219,-7.5199966430664205,-3.409996032714858,0.0,7.0,4.0,01-17,-1.0424995422363317
12-04,1.3699989318847656,0.5200004577636648,2.170001983642571,0.6699981689453125,2.1100006103515625,-8.370002746582031,-11.659996032714844,1.220001220703125,8.840003967285142,-7.189994812011719,-4.469993591308608,0.0,7.0,4.0,01-18,-1.2324984868367548
12-05,1.4300003051757741,0.620002746582017,2.370002746582017,1.079994201660142,3.2399978637695312,-7.970001220703125,-10.599998474121094,0.20999908447267046,9.319999694824219,-5.0,-3.6800003051757955,0.0,7.0,4.0,01-19,-0.7483336130778037
12-06,1.2600021362304616,0.5100021362304616,3.8899955749511648,1.3199958801269531,1.8499984741210938,-7.6999969482421875,-10.629997253417969,1.8000030517578267,9.760002136230469,-5.0,-4.399993896484403,0.0,7.0,4.0,01-20,-0.6116657257080108
12-07,1.5699996948242116,0.00999832153321023,4.669998168945298,1.2599945068359375,2.1800003051757812,-5.680000305175781,-10.790000915527344,-0.5199966430664205,9.680000305175795,-3.4899978637695455,-2.299995422363267,0.0,6.0,5.0,01-21,-0.2841666539510103
12-08,0.8899993896484375,-0.020000457763671875,5.769996643066392,1.7699966430664134,1.720001220703125,-5.30999755859375,-9.629997253417969,0.44000244140625,8.080001831054688,-2.2600021362304545,-1.0799942016601562,0.0,6.0,5.0,01-22,0.030833880106608664
12-09,0.8600006103515554,0.5299987792968821,6.05999755859375,1.7699966430664134,1.8199996948242188,-5.029998779296861,-8.229995727539062,0.48000335693360796,10.65000152587892,-1.3899993896484375,-2.459999084472642,0.0,7.0,4.0,01-23,0.42166709899902877
12-10,0.55999755859375,-0.029998779296875,5.400001525878892,2.409996032714851,1.970001220703125,-4.169998168945298,-8.529998779296875,1.5299987792968608,10.639999389648438,-2.529998779296875,-3.44000244140625,0.0,6.0,5.0,01-24,0.3174997965494786
12-11,-0.14999771118164062,-0.3599967956542969,5.519996643066392,2.3999977111816406,3.1299972534179688,-5.509994506835923,-6.029998779296875,-1.9599990844726562,11.240005493164077,-2.25,-4.040000915527344,0.0,4.0,7.0,01-25,0.1658341089884452
12-12,-0.3800010681152344,0.31999969482421875,5.849998474121108,2.7299957275390696,3.660003662109375,-3.8799972534179688,-6.4199981689453125,-1.2900009155273438,13.89999389648436,-3.25,-5.5200042724609375,0.0,5.0,6.0,01-26,0.47666581471761127
12-13,-0.19000244140625,0.3000030517578054,6.499996185302734,2.8799972534179688,2.9300003051757812,-3.25,-6.849998474121094,-2.0100021362304545,13.369995117187472,-3.25,-4.9900054931640625,0.0,5.0,6.0,01-27,0.4533319473266584
12-14,-0.220001220703125,0.6699981689453125,7.30999755859375,4.090000152587905,1.399993896484375,-3.0,-4.099998474121094,-0.11000061035154829,15.14999389648436,-3.3600006103515625,-7.279998779296875,0.0,5.0,6.0,01-28,0.8791653315226249
12-15,-0.1999969482421875,0.6199989318847656,6.9299964904785085,3.660003662109389,1.970001220703125,-4.1300048828125,-4.0800018310546875,-0.34000396728514204,14.32999420166017,0.3000030517577983,-9.189994812011719,0.0,6.0,5.0,01-29,0.8224995930989601
12-16,-0.43000030517578125,0.1999969482421804,6.460002899169936,3.3400039672851705,2.2699966430664062,-6.889999389648452,-5.120002746582031,-0.8400039672851562,14.139999389648452,0.410003662109375,-8.769996643066406,0.0,6.0,5.0,01-30,0.39750003814697443
12-17,0.0,0.7600021362304545,6.670001983642578,4.9199981689453125,0.7600021362304688,-8.480003356933594,-3.850006103515625,-1.8899993896484517,13.569999694824247,1.8199996948242188,-8.729995727539062,0.0,6.0,5.0,01-31,0.4624999364217122
12-18,-0.020000457763671875,0.3800010681152344,6.560001373291016,3.9399986267089986,-0.4199981689453125,-10.050003051757812,-0.23000335693359375,-1.4799957275390767,11.75,3.220001220703125,-8.839996337890625,0.0,5.0,6.0,02-01,0.4008337656656901
12-19,-0.48999786376953125,0.7000007629394531,6.079998016357429,3.599998474121108,-0.279998779296875,-10.459999084472642,2.1899948120117188,-1.75,11.059997558593736,4.6399993896484375,-8.02999877929686,0.0,6.0,5.0,02-02,0.6049995422363311
12-20,-0.09999847412109375,1.7800025939941406,5.020000457763672,2.9300003051757955,0.31000518798828125,-13.51999664306642,-0.06999969482421875,-2.3800048828125,10.849998474121094,5.629997253417983,-9.110000610351562,0.0,6.0,5.0,02-03,0.11166699727376421
12-21,0.970001220703125,0.4700012207031179,4.279998779296868,3.9199981689453267,-0.0500030517578125,-13.01999664306642,-1.3100051879882812,-1.4900054931640625,9.540000915527344,6.6100006103515625,-12.959999084472656,0.0,6.0,5.0,02-04,-0.2533340454101574
12-22,0.3600006103515625,0.38000106811522727,3.75,5.120002746582031,-4.5500030517578125,-8.540000915527344,-0.9900054931640625,-0.23000335693359375,8.099998474121094,9.02999877929686,-12.229995727539077,0.0,6.0,5.0,02-05,0.01666609446207386
12-23,0.3500022888183594,0.8400001525878835,2.4300003051757812,4.779998779296889,-4.3000030517578125,-12.330001831054688,-2.3900070190429688,-0.2799987792968608,6.800003051757798,9.540000915527344,-11.139999389648438,0.0,6.0,5.0,02-06,-0.47500038146972595
12-24,0.17000198364257812,0.5900001525878835,2.259998321533203,5.379997253417969,-4.6699981689453125,-12.120002746582045,-2.2600021362304688,-0.44000244140625,4.279998779296875,10.720001220703125,-7.5,0.0,6.0,5.0,02-07,-0.2991673151652036
12-26,-0.9199981689453196,1.7600021362304688,2.6599998474121094,6.270004272460952,-4.959999084472656,-11.91000366210936,-1.94000244140625,-0.6100006103515625,3.8799972534179688,7.720001220703111,-7.980003356933594,0.0,5.0,6.0,02-09,-0.5025002161661778
12-27,-1.6599998474121165,2.3600006103515625,2.5700035095214986,5.8500022888183665,-2.6200027465820312,-11.72000122070314,-1.4800033569335938,1.4599990844726562,3.5999984741210938,7.330001831054673,-10.08999633789061,0.0,6.0,5.0,02-10,-0.3666664759318034
12-28,-1.049999237060554,2.1299972534179688,3.0400047302246307,6.720001220703118,-1.5600051879882812,-12.229995727539077,-0.3600006103515625,2.6699981689452983,3.7899932861328125,7.3600006103515625,-10.639999389648452,0.0,6.0,5.0,02-11,-0.010833740234377961
12-29,-1.1599998474121094,2.0999984741210938,2.5200042724609517,6.339996337890625,-1.2700042724609375,-11.790000915527358,-1.2699966430664062,2.590003967285142,1.2999954223632812,6.819999694824219,-10.879997253417969,0.0,6.0,5.0,02-12,-0.39166673024495563
12-30,-0.9300003051757741,2.0499992370605398,3.490001678466797,6.30999755859375,-0.3000030517578125,-11.330001831054688,-0.6500015258789062,4.129997253417969,0.4700012207031108,7.590003967285156,-10.30999755859375,0.0,6.0,5.0,02-13,0.043333053588866
12-31,-0.4500007629394531,2.3800010681152415,3.1800003051757812,6.6100006103515625,0.6299972534179688,-10.150001525878906,0.3300018310546875,4.1500015258789205,1.1399993896484375,9.530006408691392,-9.680000305175795,0.0,8.0,3.0,02-14,0.639167149861653
