,2009,2010,2011,2012,2013,2014,2015,2016,2017,2018,2019,2020,ups,downs,avg
01-02,-24.44444827091557,-17.142858115994215,-1.3513500451867637,11.594200519873441,-1.3513500451867637,-9.677419664956526,-7.246378564303781,-23.404252081232507,3.076920255401327,8.98876231421935,7.792208294861243,-6.8493083575181215,4.0,8.0,-5.001272813411574
01-03,-25.00000338662756,-17.142858115994215,-2.7397233430072485,14.084502430904152,-2.7027000903735274,-8.064517989739157,0.0,-18.36734122904287,3.076920255401327,8.98876231421935,7.792208294861243,-6.8493083575181215,4.0,8.0,-3.910338268076386
01-04,-25.00000338662756,-15.492960229513148,-4.054050135560291,12.676053027315803,-2.7027000903735274,-3.2786853209006517,-1.3888875091517963,-13.725489050275936,4.61538038310199,8.98876231421935,7.792208294861243,-5.479446686014497,4.0,8.0,-3.0874848657432516
01-05,-34.14634554106735,-16.66665838824411,-4.054050135560291,12.676053027315803,-1.3513500451867637,-1.6129016752173695,-1.3888875091517963,-11.76470656983444,4.61538038310199,5.617978957818797,7.792208294861243,-5.479446686014497,4.0,8.0,-3.8135604905982317
01-06,-33.33333806386084,-13.888883369940519,-4.054050135560291,14.084502430904152,-1.3513500451867637,0.0,-1.3888875091517963,-11.76470656983444,7.692300638503319,4.494377808534073,7.792208294861243,-11.594200519873441,4.0,8.0,-3.609335586717109
01-07,-21.42857294909813,-15.277770879092314,-2.7027000903735274,11.267603623727451,-4.166662527455388,-3.174600171093715,-2.7777750183035925,-11.76470656983444,6.249994179233778,4.494377808534073,5.333336194356283,-7.042255412962399,4.0,8.0,-3.415810984363492
01-08,-21.42857294909813,-15.277770879092314,-1.3333320617675781,12.50000413921128,-2.7777750183035925,0.0,-2.7777750183035925,-9.615387260561256,6.249994179233778,5.555550404536735,6.66666825612386,-7.042255412962399,4.0,8.0,-2.4400543017486007
01-09,-21.42857294909813,-13.888883369940519,0.0,13.698633045075482,-4.166662527455388,0.0,-1.3888875091517963,-10.000002384185791,6.249994179233778,5.555550404536735,2.6666641235351562,-8.45070481655075,4.0,8.0,-2.5960726503334355
01-10,-4.761907465063339,-13.888883369940519,0.0,10.958909702068233,-4.166662527455388,-6.451616314521787,-1.3888875091517963,-7.843141608951449,11.764703304297399,6.6666671081825655,5.333336194356283,-5.633806009374048,4.0,8.0,-0.7842740412961539
01-11,-9.999997764825855,-15.492960229513148,-4.1095850145108725,10.958909702068233,-5.555550036607185,-8.333325054910777,-1.3888875091517963,-7.843141608951449,11.764703304297399,5.555550404536735,3.9999961853027344,-11.594200519873441,4.0,8.0,-2.669874011844952
01-12,-7.317073525310204,-9.8591542201391,-5.479446686014497,10.958909702068233,-5.555550036607185,-8.333325054910777,0.0,-7.843141608951449,11.764703304297399,3.333330242722041,8.860758347611412,-13.235290121660967,4.0,8.0,-1.8921066380745915
01-13,-4.87805143982653,-9.8591542201391,-6.8493083575181215,9.589039865544988,-7.042255412962399,-8.333325054910777,0.0,-5.882359128509954,9.090909090909092,3.409087676400963,11.111107840623067,-13.235290121660967,4.0,8.0,-1.9066332718374783
01-14,-7.317073525310204,-7.042255412962399,-6.8493083575181215,4.225348210765052,-5.555550036607185,-6.779664955205086,1.3698616715036243,-5.882359128509954,7.575759080925313,6.593406665384173,9.999997764825867,-13.235290121660967,5.0,7.0,-1.9080940120308238
01-15,-4.87805143982653,-4.225356605785697,-2.6666641235351562,4.225348210765052,-7.042255412962399,-10.169492381566323,1.3698616715036243,0.0,7.575759080925313,2.2988483697581654,7.692300638503319,-8.82352966957026,5.0,7.0,-1.220269305149241
01-16,-4.6511582776364895,-8.45070481655075,0.0,5.555558315029741,-5.633806009374048,-11.864416197229556,1.3698616715036243,0.0,6.153840510802654,2.2988483697581654,6.410250532086098,-10.294116486933829,5.0,7.0,-1.592153532378699
01-17,-10.256416134580553,-5.479446686014497,1.2820501064172196,8.108108325802206,-7.042255412962399,-8.333325054910777,2.7397315080268676,0.0,10.294116486933829,2.2988483697581654,6.410250532086098,-10.294116486933829,6.0,6.0,-0.8560378705314721
01-18,-13.157898039038532,-2.6666641235351562,-1.31578823536055,5.405408235428679,-6.8493083575181215,-4.999995032946466,2.7397315080268676,1.960782480441495,10.294116486933829,-5.747127775503958,7.692300638503319,-12.307699361496683,5.0,7.0,-1.5793451313387734
01-19,-7.500000186264512,-2.6666641235351562,-2.6315764707211,4.054058190241914,-9.8591542201391,-8.620691958562439,1.3888957875743526,3.8461503192516595,13.235298887049812,-7.9545446848573595,5.1282004256688785,-5.797104579113893,5.0,7.0,-1.4480943844505785
01-20,-4.87805143982653,0.0,-2.6315764707211,6.7567582806154425,-11.428569239013012,-4.999995032946466,-2.898547970379774,5.769225478877478,10.606068131899294,-5.68181956725673,3.896100276999047,-5.797104579113893,4.0,8.0,-0.9406260109055203
01-21,-2.439022085483674,0.0,2.5641002128344392,4.054058190241914,-11.428569239013012,-4.999995032946466,-4.347830593924006,3.8461503192516595,9.090909090909092,-5.68181956725673,3.896100276999047,-5.797104579113893,5.0,7.0,-0.9369185839584689
01-22,2.439022085483674,3.9999961853027344,3.797472174628627,4.054058190241914,-11.428569239013012,-10.0,-7.246378564303781,3.8461503192516595,9.090909090909092,-6.896551960383053,1.3333320617675781,-5.797104579113893,7.0,5.0,-1.0673053529357048
01-23,-2.4999975785613424,-1.3513500451867637,3.797472174628627,4.054058190241914,-11.428569239013012,-6.666660043928621,-7.246378564303781,5.660372265889812,1.6393426604503258,-12.941170778241709,1.3333320617675781,-5.797104579113893,5.0,7.0,-2.6205544562809053
01-24,-7.894737254879816,-1.3513500451867637,3.797472174628627,-7.575750049918888,-11.428569239013012,-1.6666650109821552,-8.695652549493667,7.407411086706321,3.225803350434739,-11.764701344975252,0.0,-2.816907202197346,3.0,9.0,-3.230303840406435
01-25,-2.4999975785613424,0.0,6.250001396983854,-9.090909090909092,-11.428569239013012,1.666674945089223,-8.695652549493667,5.660372265889812,3.225803350434739,-3.5294082997992935,-2.6666641235351562,2.816898807176702,5.0,7.0,-1.5242875096447692
01-26,0.0,5.333336194356283,6.250001396983854,-10.60605910089287,-5.479446686014497,0.0,-8.695652549493667,7.407411086706321,4.838714639304418,-12.941170778241709,1.3333320617675781,-9.523809974335942,5.0,7.0,-1.8402786424883526
01-27,4.651165208409023,2.6666641235351562,6.250001396983854,-1.4285700905079517,-5.479446686014497,-3.508768627628134,-5.882356034843122,7.407411086706321,7.812502037268178,-14.117647223819093,1.3333320617675781,-9.523809974335942,6.0,6.0,-0.8182935602065523
01-28,-2.3255791388182447,0.0,6.329115261120019,2.8571401810159034,-6.94443754575898,-3.508768627628134,-4.411760452090707,5.5555610745039266,7.812502037268178,-10.227276575713152,6.329115261120019,-2.985071705720311,5.0,7.0,-0.12662168589179043
01-29,0.0,3.9999961853027344,5.063293717874323,2.8571401810159034,-9.999999148505061,-8.77193202602569,-4.411760452090707,1.8518610500991368,7.812502037268178,-10.227276575713152,6.329115261120019,-2.985071705720311,6.0,6.0,-0.7068442896145521
01-30,0.0,3.9473647060816504,5.063293717874323,0.0,-9.999999148505061,-8.77193202602569,-1.4285700905079517,3.7037110623015317,7.812502037268178,-7.9545446848573595,5.063293717874323,-1.4925358528601556,5.0,7.0,-0.3381180467796841
01-31,2.3809501846360366,1.3513500451867637,1.31578823536055,-5.882356034843122,-9.999999148505061,-8.77193202602569,0.0,5.454550971669479,6.249994179233778,-7.9545446848573595,3.797472174628627,-11.475408394405292,6.0,6.0,-1.9611778748267739
02-01,10.86956761171774,3.9473647060816504,0.0,-1.4705868173635692,-6.94443754575898,-5.263163398397555,0.0,5.454550971669479,7.812502037268178,-6.818182126057051,3.797472174628627,-1.4925358528601556,5.0,7.0,0.8243793134106969
02-02,10.86956761171774,1.3513500451867637,0.0,-4.411760452090707,-8.45070481655075,-3.448282949422888,0.0,5.454550971669479,0.0,-12.941170778241709,2.5641002128344392,-1.4925358528601556,4.0,8.0,-0.875407167313149
02-03,4.545457008456409,0.0,-1.3333320617675781,-5.882356034843122,-8.45070481655075,-7.1428609441737585,4.054058190241914,5.454550971669479,3.0303090509739805,-10.588231911708835,3.797472174628627,1.449273985189887,6.0,6.0,-0.9221970323236457
02-04,0.0,0.0,3.8461503192516595,-1.4285700905079517,-14.92536742481697,-8.928573519295567,5.405408235428679,9.090911061310528,4.477616454795883,-9.302323486045513,1.2987000923330156,-1.449273985189887,5.0,7.0,-0.9929435285613436
02-05,-4.545457008456422,9.09090838719426,1.31578823536055,-2.898547970379774,-11.94029571909666,-5.357137725365427,2.7027000903735274,12.280700653653822,4.477616454795883,-9.302323486045513,1.2987000923330156,0.0,6.0,6.0,-0.2397789996360615
02-06,-4.545457008456422,9.210525490240366,1.31578823536055,-4.411760452090707,-11.94029571909666,-7.1428609441737585,2.7027000903735274,8.928573519295567,1.5384601277006635,-4.597703590624875,1.2987000923330156,0.0,6.0,6.0,-0.6369441799282277
02-07,-9.523814930126692,5.479454851034117,1.31578823536055,-4.477607558580467,-8.955224013376348,-8.928573519295567,5.405408235428679,7.272731016490004,0.0,2.2988483697581654,-1.2987000923330156,-4.347830593924006,5.0,7.0,-1.3132933332970484
02-08,-4.545457008456422,5.479454851034117,3.8461503192516595,-4.477607558580467,-2.857148695965302,-1.6949238156632322,5.405408235428679,7.272731016490004,0.0,3.4482794057458057,3.896100276999047,-14.754093715305943,6.0,6.0,0.08490777591482868
02-09,-2.22222678455319,4.109593179530491,5.1282004256688785,-5.970143411440622,-8.955224013376348,0.0,5.405408235428679,7.272731016490004,4.687495634425334,1.1904750923180183,1.2820501064172196,-14.754093715305943,7.0,5.0,-0.2354778528664565
02-10,-4.545457008456422,4.109593179530491,6.410250532086098,-2.985071705720311,-7.3529428522066915,-3.448282949422888,-2.816907202197346,10.909091106131044,4.411769217479552,-1.1904821881092846,-1.31578823536055,-14.754093715305943,4.0,8.0,-1.047360151796021
02-11,-2.272725117600642,4.109593179530491,9.999997764825867,-4.545450029951333,-5.797104579113893,0.0,2.816898807176702,14.545456614376054,4.411769217479552,3.409087676400963,-2.6666641235351562,-4.347830593924006,6.0,6.0,1.6385857346387167
02-12,0.0,4.109593179530491,9.756095610793878,-9.523809974335942,-7.246378564303781,-3.3333300219643105,-2.816907202197346,15.51723730408183,4.411769217479552,0.0,-5.479446686014497,-5.797104579113893,4.0,8.0,-0.03352347633700129
02-13,13.725489050275936,1.3888957875743526,7.500000186264525,-7.812502037268178,-7.246378564303781,-1.6666650109821552,-1.4084577986089954,10.526316339839756,4.411769217479552,-1.1764694332664312,-5.479446686014497,-5.797104579113893,5.0,7.0,0.5804538726563492
02-14,21.153843949532288,4.054058190241914,7.500000186264525,-7.812502037268178,-7.246378564303781,-3.3333300219643105,-1.4084577986089954,10.526316339839756,4.411769217479552,-4.705877733065725,-5.479446686014497,-7.3529428522066915,5.0,7.0,0.8589210158271549
02-15,22.641505932799248,6.578949019519266,8.749998975545196,-10.937499126885067,-7.246378564303781,-3.2786853209006517,1.3698616715036243,7.272731016490004,4.411769217479552,-4.705877733065725,-5.479446686014497,-4.545450029951333,6.0,6.0,1.235956531017986
02-16,19.607842335193155,6.578949019519266,7.500000186264525,-10.937499126885067,-2.857148695965302,-4.999995032946466,1.3698616715036243,10.526316339839756,5.882356034843122,-4.705877733065725,-2.7397233430072485,-4.545450029951333,6.0,6.0,1.723302635445192
02-17,21.153843949532288,5.2631529414422,6.250001396983854,-12.500006984919466,0.0,-4.999995032946466,1.3698616715036243,10.526316339839756,5.882356034843122,-2.272725117600642,-2.7397233430072485,2.816898807176702,7.0,5.0,2.5624983885706434
02-18,19.230768789906456,5.2631529414422,8.433734247587214,-14.062505529727911,0.0,0.0,1.3698616715036243,8.77193202602569,5.882356034843122,-5.882347166332156,-2.7397233430072485,1.4285700905079517,7.0,5.0,2.3079833135624117
02-19,19.230768789906456,3.9999961853027344,9.523807834335413,-14.062505529727911,-1.4084577986089954,0.0,1.3698616715036243,13.793100967701989,5.882356034843122,-5.882347166332156,-1.3513500451867637,-1.4285700905079517,6.0,6.0,2.4722217377691296
02-20,19.230768789906456,9.999997764825867,12.643679735887027,-10.60605910089287,-1.4084577986089954,1.5873000855468575,1.3698616715036243,5.5555610745039266,5.882356034843122,-5.882347166332156,-1.3513500451867637,-1.4285700905079517,7.0,5.0,2.966061746290679
02-21,21.56862481563465,9.999997764825867,12.643679735887027,-10.60605910089287,-1.4084577986089954,0.0,3.9999961853027344,7.272731016490004,3.0303090509739805,-5.882347166332156,-1.3513500451867637,1.4285700905079517,7.0,5.0,3.391307879050119
02-22,21.56862481563465,7.692300638503319,11.627909555636291,-10.60605910089287,-2.857148695965302,4.761900256640573,5.2631529414422,5.5555610745039266,-3.030300019967555,-5.882347166332156,-6.7567582806154425,2.8571401810159034,7.0,5.0,2.516164683300295
02-23,25.925927765575384,11.250004004687025,15.11627826386366,-10.60605910089287,-2.898547970379774,3.225803350434739,5.2631529414422,3.7735815105932082,0.0,-3.5294082997992935,-9.459458370988969,4.225348210765052,7.0,5.0,3.5238851921083643
02-24,24.07407775337299,11.250004004687025,15.11627826386366,-7.575750049918888,-7.575750049918888,3.225803350434739,9.87654112039807,3.7735815105932082,0.0,-9.638559581199074,-5.194808110195212,-3.030300019967555,6.0,6.0,2.8584265160125057
02-25,24.07407775337299,11.250004004687025,12.790699125045412,-5.970143411440622,-2.898547970379774,3.225803350434739,9.87654112039807,5.660372265889812,0.0,-9.638559581199074,-3.8461579608730645,-3.030300019967555,6.0,6.0,3.4578157229973296
02-26,20.370372210019827,11.250004004687025,10.465119986227169,-7.575750049918888,-2.857148695965302,4.838714639304418,9.87654112039807,1.960782480441495,-3.1250064028428435,-9.638559581199074,-8.10810832580222,-3.030300019967555,6.0,6.0,2.0355551137818435
02-27,29.0909132287521,10.975606653535715,9.411769490753356,-7.575750049918888,-1.4285700905079517,3.225803350434739,9.87654112039807,5.660372265889812,1.4925358528601556,-2.3529388665328623,-5.405400180747055,-3.030300019967555,7.0,5.0,4.161715229579137
02-28,32.14285828325213,10.975606653535715,9.411769490753356,-10.769239233796018,-4.285718786473254,4.761900256640573,8.749998975545196,7.407411086706321,2.985080601935728,-2.3529388665328623,-5.405400180747055,0.0,7.0,5.0,4.468444023401653
02-29,0.0,0.0,0.0,-13.846159489197346,0.0,0.0,0.0,7.407411086706321,0.0,0.0,0.0,-6.153849680748341,1.0,2.0,-1.0493831736032806
03-01,33.33333333333333,9.87654112039807,8.235300057486924,-13.846159489197346,-5.970143411440622,6.451616314521787,13.095233111289467,12.068964631322139,-1.4925358528601556,-3.5294082997992935,-3.9999961853027344,-6.153849680748341,6.0,6.0,4.005741304083602
03-02,32.14285828325213,6.250001396983854,10.588238924019787,-15.625004074536356,-1.449273985189887,10.769230063850333,13.095233111289467,10.344828294942289,1.4925358528601556,-3.5294082997992935,-2.6666641235351562,-4.545450029951333,7.0,5.0,4.738927117848832
03-03,28.57142781116525,6.250001396983854,8.235300057486924,-12.121209110876647,-2.9411736347271384,4.918037752603991,20.87912001538978,10.344828294942289,1.4925358528601556,-3.5294082997992935,-2.6666641235351562,-4.545450029951333,7.0,5.0,4.573945498545222
03-04,26.78571523604344,6.250001396983854,3.6585331282255105,-8.82352966957026,-4.477607558580467,1.6393426604503258,24.175826623062257,5.357148369051949,1.4925358528601556,-3.5294082997992935,-2.6666641235351562,-4.545450029951333,7.0,5.0,3.776370298770082
03-05,28.57142781116525,7.500000186264525,4.819272609316895,-8.82352966957026,-4.477607558580467,1.6393426604503258,24.175826623062257,3.571425150243618,0.0,-2.3255791388182447,-2.6666641235351562,-7.575750049918888,6.0,6.0,3.700680375006655
03-06,34.48275755758657,5.1282004256688785,5.9523754615900915,-12.121209110876647,-4.477607558580467,1.6393426604503258,24.175826623062257,3.571425150243618,-6.451616314521787,-1.1627895694091224,0.0,-7.575750049918888,6.0,6.0,3.596746272941236
03-07,32.20338580663828,1.3333320617675781,5.9523754615900915,0.0,-4.477607558580467,3.225803350434739,21.590908936971477,5.2631529414422,1.6129016752173695,1.1627895694091224,0.0,1.5624985448084445,9.0,3.0,5.785795065808237
03-08,31.034479746495276,1.3333320617675781,5.9523754615900915,-6.06060003993511,-7.3529428522066915,9.230769936149668,18.82353196919576,5.357148369051949,0.0,1.1627895694091224,5.063293717874323,3.076920255401327,9.0,3.0,5.635091516232776
03-09,28.57142781116525,1.31578823536055,4.761900369272061,-6.06060003993511,-5.797104579113893,7.812502037268178,23.333331567269738,3.571425150243618,-3.225803350434739,2.2988483697581654,0.0,3.076920255401327,8.0,4.0,4.971552985521263
03-10,24.07407775337299,1.31578823536055,5.9523754615900915,-1.449273985189887,-8.955224013376348,7.812502037268178,22.471909134123983,3.571425150243618,-3.225803350434739,-1.1494241848790827,1.31578823536055,3.076920255401327,8.0,4.0,4.5675883940701025
03-11,20.370372210019827,1.31578823536055,5.9523754615900915,-2.9411736347271384,-4.285718786473254,6.557380413054316,23.5955035862575,1.8181800448205245,-3.225803350434739,-1.1494241848790827,3.8461503192516595,-3.0769294253470134,7.0,5.0,4.064725074041104
03-12,20.370372210019827,-1.3333320617675781,5.9523754615900915,-4.477607558580467,-2.857148695965302,6.557380413054316,21.348314681990463,0.0,-1.5873000855468575,-1.1494241848790827,-6.7567582806154425,6.153840510802654,5.0,7.0,3.518392700841885
03-13,25.000002660921634,0.0,5.9523754615900915,-4.615389553047677,0.0,6.557380413054316,20.454546378171155,0.0,-1.5873000855468575,1.1235944521335182,-6.7567582806154425,-3.0769294253470134,5.0,7.0,3.587626835109477
03-14,17.85714171674786,3.896100276999047,9.195400330141219,-4.615389553047677,-2.857148695965302,6.557380413054316,22.22222148636239,-1.851850012202395,-1.5873000855468575,1.1235944521335182,-6.7567582806154425,-3.0769294253470134,6.0,6.0,3.342205218559472
03-15,14.814816654464261,3.896100276999047,11.627909555636291,-4.615389553047677,0.0,3.3333399560713786,19.540231696270077,-1.851850012202395,-1.5873000855468575,4.494377808534073,-5.405400180747055,-4.687504947651288,6.0,6.0,3.2966109307316542
03-16,14.814816654464261,-1.3333320617675781,12.790699125045412,-7.692309808449005,-2.898547970379774,1.694913713180618,20.454546378171155,-1.851850012202395,-4.76190971769537,0.0,-6.7567582806154425,-4.687504947651288,4.0,8.0,1.6477302560083829
03-17,19.298243137387757,1.3333320617675781,9.302330416818046,-6.153849680748341,0.0,3.3333399560713786,20.454546378171155,-5.555550036607185,-3.0769294253470134,-1.1764694332664312,-6.7567582806154425,2.816898807176702,6.0,6.0,2.818261158400684
03-18,22.80701699349358,-2.6666641235351562,10.588238924019787,-4.545450029951333,0.0,6.666669978035689,15.909089369714744,-1.8181800448205245,-1.5151500099837776,1.1494241848790827,-6.7567582806154425,2.816898807176702,6.0,6.0,3.552927980701112
03-19,22.80701699349358,-2.7027000903735274,10.588238924019787,-1.4705868173635692,6.944445824181537,6.666669978035689,15.909089369714744,0.0,1.4705868173635692,1.1494241848790827,-4.054050135560291,2.816898807176702,8.0,4.0,5.010419487963941
03-20,26.31579084959939,1.3513500451867637,10.588238924019787,0.0,6.944445824181537,6.666669978035689,12.941177790552649,-3.7735927567532066,-4.687504947651288,1.1494241848790827,-4.054050135560291,11.594200519873441,8.0,4.0,5.419679189696963
03-21,22.80701699349358,0.0,10.588238924019787,1.4705868173635692,2.777783296726149,3.278695092153664,13.953488694454535,-3.7735927567532066,-1.5624985448084445,0.0,-4.054050135560291,8.955224013376348,7.0,5.0,4.536741032872141
03-22,25.423725902674498,-2.816907202197346,7.317073525310204,1.4705868173635692,1.4705868173635692,-1.6949238156632322,13.953488694454535,-5.769236941309597,0.0,3.4482794057458057,-5.405400180747055,8.955224013376348,7.0,5.0,3.8627080863642753
03-23,24.137929262644278,-2.816907202197346,4.87805143982653,-1.53846929764635,2.8571401810159034,-3.448282949422888,7.500000186264525,-11.538462420187086,-6.250003492459733,1.1764764455773846,-2.7027000903735274,6.153840510802654,6.0,6.0,1.534051047820362
03-24,29.68750029103831,-2.816907202197346,2.4390220854836606,5.970152307656038,2.8571401810159034,3.225803350434739,10.843370552245663,-9.615387260561256,-1.4925358528601556,-3.5294082997992935,-2.7027000903735274,7.575759080925313,7.0,5.0,3.5368174285840044
03-25,31.249998835846753,-2.816907202197346,3.529415312110247,7.3529428522066915,4.225348210765052,0.0,14.457832190515981,-9.615387260561256,-4.615389553047677,-2.3255791388182447,-7.042255412962399,-4.545450029951333,5.0,7.0,2.487880733658873
03-26,20.31249970896169,-2.857148695965302,5.882354178643096,1.5624985448084445,5.479454851034117,-3.448282949422888,14.457832190515981,-11.76470656983444,-4.615389553047677,-2.3255791388182447,-5.633806009374048,-3.030300019967555,5.0,7.0,1.1682855447944311
03-27,14.754103486558959,-5.714288876981205,2.4390220854836606,3.0303090509739805,5.479454851034117,-3.448282949422888,14.457832190515981,-13.999998569488525,-6.250003492459733,1.1627895694091224,-2.816907202197346,0.0,6.0,6.0,0.7578358452855102
03-28,17.187502619344798,-2.7777750183035925,2.4390220854836606,3.0303090509739805,4.109593179530491,-3.3898375288438505,14.117647223819082,-11.76470656983444,-6.250003492459733,1.1627895694091224,-2.816907202197346,0.0,6.0,6.0,1.2539694930768475
03-29,17.187502619344798,-4.225356605785697,2.4390220854836606,3.0303090509739805,1.3698616715036243,1.6393426604503258,14.117647223819082,-10.000002384185791,-6.250003492459733,-2.3255791388182447,-2.816907202197346,0.0,6.0,6.0,1.1804863740107219
03-30,10.169492381566323,-5.555550036607185,2.4390220854836606,1.5384601277006635,2.7027000903735274,3.225803350434739,14.117647223819082,-13.999998569488525,-6.250003492459733,1.1627895694091224,-2.816907202197346,0.0,7.0,5.0,0.5611212940028607
03-31,13.559319807927558,-4.166662527455388,-1.219511042741837,1.5384601277006635,2.7027000903735274,0.0,14.117647223819082,-15.999996662139893,-3.030300019967555,5.555550404536735,-4.285718786473254,-7.575750049918888,5.0,7.0,0.09964488047172922
04-01,11.864406094746942,-11.11110835163694,-2.439022085483674,-4.918027981350978,0.0,1.6393426604503258,14.117647223819082,-8.000004291534424,-3.030300019967555,5.555550404536735,-4.285718786473254,-6.06060003993511,4.0,8.0,-0.5556529310690709
04-02,11.864406094746942,-9.589039865545004,-4.819279790599543,-6.666660043928621,1.3698616715036243,-3.2786853209006517,11.764708357286219,-10.000002384185791,-1.4925358528601556,5.555550404536735,-4.285718786473254,-6.06060003993511,4.0,8.0,-1.3031662963628843
04-03,12.068964631322139,-11.11110835163694,-6.097562482568367,-10.0,2.7397315080268676,1.6393426604503258,10.588238924019787,-7.843141608951449,-3.030300019967555,1.1627895694091224,-5.714288876981205,-7.692309808449005,5.0,7.0,-1.9408036546105236
04-04,13.559319807927558,-11.11110835163694,-6.097562482568367,-10.0,4.109593179530491,0.0,11.627909555636291,-10.000002384185791,-3.030300019967555,1.1627895694091224,-5.714288876981205,-9.230769936149668,4.0,8.0,-2.0603683282488388
04-05,15.000004967053535,-9.589039865545004,-7.4074076799480775,-11.666665010982156,5.479454851034117,0.0,9.523807834335413,-8.000004291534424,0.0,1.1627895694091224,-7.246378564303781,-7.575750049918888,4.0,8.0,-1.693265686700012
04-06,16.393446147009282,-9.8591542201391,-6.172840959723081,-8.196723073504641,9.589039865544988,0.0,9.523807834335413,-5.999994277954102,0.0,2.352945878843816,-11.594200519873441,-7.575750049918888,4.0,8.0,-0.9616186146149794
04-07,15.6249947613104,-12.676061422336463,-6.172840959723081,-8.196723073504641,7.042247017941754,0.0,9.523807834335413,-1.9999980926513672,0.0,2.352945878843816,-11.594200519873441,0.0,4.0,8.0,-0.5079857146381342
04-08,14.062496216501957,-12.676061422336463,-6.172840959723081,-6.451616314521787,8.333333333333332,3.124997089616889,3.5714252769540553,-8.163257362146611,0.0,5.68181956725673,-9.999999148505061,1.515159040990203,6.0,6.0,-0.5978787235483198
04-09,12.49999767169351,-20.588232973867658,-2.4096434859410953,-4.76190971769537,5.479454851034117,3.124997089616889,3.5714252769540553,-10.20408386689625,3.0303090509739805,5.68181956725673,-11.428569239013012,1.515159040990203,7.0,5.0,-1.2074397279078248
04-10,10.937499126885067,-20.588232973867658,-3.6585403970846935,-6.451616314521787,4.109593179530491,1.5624985448084445,4.761900369272061,-8.000004291534424,3.0303090509739805,2.352945878843816,-5.714288876981205,1.515159040990203,7.0,5.0,-1.3452314718904754
04-11,6.557380413054316,-20.588232973867658,-4.938274239498084,-4.838705025652108,8.219178194041364,3.124997089616889,0.0,-5.882359128509954,-1.5151500099837776,0.0,-7.142858967489158,1.515159040990203,4.0,8.0,-2.1240721339414974
04-12,5.000004967053534,-20.588232973867658,-4.938274239498084,-3.225803350434739,5.479454851034117,0.0,0.0,-5.882359128509954,-1.5151500099837776,0.0,-7.142858967489158,1.515159040990203,3.0,9.0,-2.608171650892127
04-13,5.000004967053534,-12.499995860788722,-4.938274239498084,-6.451616314521787,5.555558315029741,0.0,5.617978957818797,-13.725489050275936,-1.5151500099837776,0.0,-7.142858967489158,1.515159040990203,4.0,8.0,-2.382056930138766
04-14,9.677419664956526,-11.11110835163694,-1.2345667202249964,-11.475408394405292,5.555558315029741,0.0,5.617978957818797,-9.803924089392945,0.0,0.0,-7.142858967489158,-1.53846929764635,3.0,9.0,-1.7879482402492182
04-15,9.677419664956526,-11.11110835163694,-2.4691334404499927,-17.241383917124878,1.449273985189887,4.687495634425334,-2.24719560141823,-9.803924089392945,0.0,3.409087676400963,-5.633806009374048,-1.53846929764635,4.0,8.0,-2.5684786455058894
04-16,6.451616314521787,-8.333325054910777,-2.439022085483674,-11.475408394405292,6.944445824181537,3.124997089616889,-2.24719560141823,-7.6923121009354265,0.0,-1.1904821881092846,-7.142858967489158,-1.53846929764635,3.0,9.0,-2.128167871839832
04-17,6.349209803242228,-1.3513500451867637,-2.439022085483674,-15.25424362359079,6.944445824181537,-1.5624985448084445,-1.1494241848790827,-3.70370002440479,0.0,-4.87805143982653,-12.857147844470362,0.0,2.0,10.0,-2.4918151804355557
04-18,7.936509888789085,-1.3513500451867637,-2.439022085483674,-11.864416197229556,5.555558315029741,1.5384601277006635,3.409087676400963,-3.70370002440479,6.060609070941536,-4.87805143982653,-7.142858967489158,-1.5624985448084445,5.0,7.0,-0.7034726854639106
04-19,13.432840468172232,-1.3513500451867637,-2.439022085483674,-11.864416197229556,4.166670805877945,1.5384601277006635,1.1627895694091224,-5.555550036607185,6.060609070941536,-6.097562482568367,-8.571429057997108,0.0,5.0,7.0,-0.7931633219142631
04-20,7.936509888789085,-4.166662527455388,-2.439022085483674,-16.94915733677141,8.219178194041364,0.0,5.555550404536735,-3.70370002440479,6.060609070941536,-4.819279790599543,-4.1095850145108725,0.0,4.0,8.0,-0.7012966017430801
04-21,11.111110059882801,-5.555550036607185,-2.439022085483674,-7.936509888789085,2.898547970379774,3.0303090509739805,-7.142857649699376,-1.851850012202395,6.060609070941536,-2.3529388665328623,-4.1095850145108725,2.985080601935728,5.0,7.0,-0.4418880666426359
04-22,14.285710230976514,-4.166662527455388,0.0,-17.241383917124878,6.944445824181537,4.477616454795883,-5.952382557381357,-1.851850012202395,8.695652549493667,1.136362558800321,-4.1095850145108725,2.985080601935728,6.0,6.0,0.43358368262573
04-23,11.111110059882801,1.3333320617675781,-2.439022085483674,-13.33333002196431,2.777783296726149,8.955224013376348,-4.761907465063339,-3.7735927567532066,8.695652549493667,-1.1627895694091224,-6.8493083575181215,2.985080601935728,6.0,6.0,0.29485269391587504
04-24,9.677419664956526,-5.479446686014497,-2.439022085483674,-15.517247580745028,2.777783296726149,8.955224013376348,-7.142857649699376,0.0,7.3529428522066915,-2.3529388665328623,-1.3698616715036243,2.985080601935728,5.0,7.0,-0.212743675898135
04-25,12.903223015391266,-5.479446686014497,-7.692308280124724,-12.068964631322139,1.3888957875743526,10.447759866236506,-3.5714323727453214,1.785712575121809,7.3529428522066915,-4.705877733065725,-1.3698616715036243,3.0303090509739805,6.0,6.0,0.16841264772738115
04-26,15.6249947613104,-5.479446686014497,-12.987016405056456,-12.068964631322139,1.4285700905079517,11.940304615312076,-2.3529388665328623,3.571425150243618,7.3529428522066915,0.0,-1.3698616715036243,4.477616454795883,6.0,6.0,0.8448021386622532
04-27,14.285710230976514,-5.479446686014497,-11.68831631272344,-12.068964631322139,-2.898547970379774,10.606068131899294,-2.3529388665328623,3.571425150243618,4.411769217479552,-1.1904821881092846,-1.3698616715036243,3.0303090509739805,5.0,7.0,-0.0952730454177219
04-28,18.181818181818183,-2.7397233430072485,-10.389616220390424,-13.793111244365178,-1.4285700905079517,11.940304615312076,-4.761907465063339,1.785712575121809,4.347821955569661,-3.5714323727453214,-4.225356605785697,5.882356034843122,5.0,7.0,0.10235800173330774
04-29,13.636368151866849,-1.3698616715036243,-13.33333651224772,-15.789479738237311,-2.898547970379774,11.764703304297399,-4.761907465063339,1.785712575121809,1.449273985189887,0.0,-4.225356605785697,-4.411760452090707,4.0,8.0,-1.512849366569352
04-30,13.636368151866849,-1.3698616715036243,-14.864866606417648,-15.789479738237311,-7.575750049918888,11.764703304297399,-1.1904821881092846,1.8518610500991368,-3.030300019967555,0.0,-4.225356605785697,-1.4705868173635692,3.0,9.0,-1.8553125992533495
05-01,12.307690191550995,-1.3888875091517963,-10.389616220390424,-19.298248365865444,-9.090909090909092,10.294116486933829,-2.3809572804273027,0.0,1.449273985189887,0.0,-4.225356605785697,2.898547970379774,4.0,8.0,-1.6520288698729395
05-02,13.235298887049812,-1.3888875091517963,-8.974366028163349,-19.298248365865444,-3.030300019967555,6.349209803242228,-2.3809572804273027,0.0,7.246378564303781,0.0,-4.225356605785697,1.4705868173635692,4.0,8.0,-0.9163868114501462
05-03,13.235298887049812,2.6666641235351562,-10.389616220390424,-14.03508496746789,-4.477607558580467,9.375000582076622,-3.614461638270319,0.0,7.246378564303781,2.2988483697581654,-2.7777750183035925,1.4705868173635692,6.0,6.0,0.08318599508953424
05-04,13.235298887049812,2.7397315080268676,-6.493508202528228,-17.54386405205138,-4.477607558580467,9.375000582076622,-3.614461638270319,1.8867907552966041,2.898547970379774,-1.1904821881092846,-1.3698616715036243,1.4705868173635692,6.0,6.0,-0.25698573257083795
05-05,17.142858115994215,2.7397315080268676,-10.389616220390424,-19.298248365865444,-11.111110059882801,9.375000582076622,2.4390220854836606,1.8867907552966041,-1.5624985448084445,-2.3809572804273027,1.3333320617675781,-1.5624985448084445,6.0,6.0,-0.949016158961443
05-06,8.571429057997108,4.109593179530491,-10.389616220390424,-19.298248365865444,-9.375000582076622,3.124997089616889,-1.219511042741837,3.7735815105932082,-1.5624985448084445,-7.500000186264496,1.3333320617675781,-3.1250064028428435,5.0,7.0,-2.629745703790403
05-07,12.857139329520963,4.109593179530491,-12.328763208552237,-21.428572188834753,-16.39343637575627,9.375000582076622,-1.219511042741837,5.660372265889812,5.797104579113893,-8.860758347611412,5.333336194356283,-3.1250064028428435,6.0,6.0,-1.685291786320941
05-08,4.477616454795883,1.3698616715036243,-7.894737254879816,-14.285711244660995,-19.672131467909935,7.812502037268178,-2.4096434859410953,7.407411086706321,5.797104579113893,-13.157898039038532,5.333336194356283,1.4925358528601556,7.0,5.0,-1.9774794679855032
05-09,3.0303090509739805,8.860758347611412,-9.333332379659016,-17.857147038591133,-19.672131467909935,3.174600171093715,-2.4096434859410953,9.090911061310528,7.246378564303781,-13.157898039038532,5.333336194356283,1.4925358528601556,7.0,5.0,-2.0167769307191548
05-10,3.0303090509739805,7.692300638503319,-9.333332379659016,-16.071423819782805,-23.33333002196431,3.124997089616889,-3.6585403970846935,10.526316339839756,7.246378564303781,-13.157898039038532,5.333336194356283,-3.1250064028428435,6.0,6.0,-2.643824431898182
05-11,4.477616454795883,10.126587435748647,-9.333332379659016,-14.03508496746789,-27.586212212067167,-1.6393426604503258,-1.1904821881092846,12.280700653653822,4.347821955569661,-18.421050980480732,6.66666825612386,-8.196723073504641,5.0,7.0,-3.541902808820599
05-12,11.940304615312076,8.860758347611412,-9.333332379659016,-7.017547712211622,-32.14285828325213,-1.6393426604503258,3.409087676400963,12.280700653653822,2.9411736347271384,-19.99999682108561,7.894737254879816,-8.196723073504641,6.0,6.0,-2.5835865622981764
05-13,11.940304615312076,7.594936804365715,-10.666664441426594,-10.909091106131052,-32.14285828325213,3.225803350434739,3.409087676400963,13.793100967701989,1.4705868173635692,-13.924044520594197,2.777783296726149,-8.196723073504641,7.0,5.0,-2.635648158050285
05-14,13.432840468172232,3.9999961853027344,-6.493508202528228,-10.909091106131052,-14.285719692031313,1.6129016752173695,3.409087676400963,8.928573519295567,1.4705868173635692,-18.421050980480732,1.408449403588351,-6.557370641801303,7.0,5.0,-1.8670254064693204
05-15,11.940304615312076,5.2631529414422,-6.493508202528228,-5.263163398397555,-15.87301977757817,-1.6129016752173695,-2.3809572804273027,8.928573519295567,1.4705868173635692,-23.28766474560085,1.408449403588351,-3.174600171093715,5.0,7.0,-2.4228956628201193
05-16,13.04347450506333,5.2631529414422,-6.493508202528228,-5.263163398397555,-15.87301977757817,3.124997089616889,4.545457008456409,8.928573519295567,4.347821955569661,-17.808218059586352,2.816898807176702,-8.196723073504641,7.0,5.0,-0.9636880570811827
05-17,11.764703304297399,3.9999961853027344,-6.493508202528228,-7.017547712211622,-14.062505529727911,1.5873000855468575,-10.526313725600916,12.280700653653822,4.347821955569661,-16.438356388082727,5.479454851034117,-4.76190971769537,6.0,6.0,-1.6533470200368487
05-18,11.764703304297399,2.6666641235351562,-5.194808110195212,-10.909091106131052,-9.230769936149668,3.124997089616889,-4.99999515712267,12.280700653653822,4.347821955569661,-16.438356388082727,5.479454851034117,-3.1250064028428435,6.0,6.0,-0.8528070935680944
05-19,10.294116486933829,5.333336194356283,-5.194808110195212,-14.814811135515901,-7.575750049918888,1.5873000855468575,-4.99999515712267,14.035084967467878,5.882356034843122,-20.547941402593604,5.479454851034117,-3.1250064028428435,6.0,6.0,-1.1372219698339192
05-20,5.882356034843122,9.333332379659016,-7.792208294861243,-14.814811135515901,-7.575750049918888,1.5873000855468575,-4.99999515712267,14.035084967467878,2.9411736347271384,-20.547941402593604,5.479454851034117,-3.1250064028428435,6.0,6.0,-1.6330842074647516
05-21,10.294116486933829,9.333332379659016,-5.1282080672902834,-6.896555622182589,-14.285719692031313,-1.5873000855468575,-4.99999515712267,10.714286094417377,0.0,-20.547941402593604,5.405408235428679,-3.1250064028428435,4.0,8.0,-1.7352986027642718
05-22,14.285709420028917,9.333332379659016,-3.7974646297370884,-14.545451195772102,-15.87301977757817,-3.174600171093715,-1.2048181523292238,10.714286094417377,0.0,-20.547941402593604,5.405408235428679,-8.196723073504641,4.0,8.0,-2.300106856089547
05-23,13.04347450506333,5.555558315029741,-5.1282080672902834,-12.727271150951577,-14.285719692031313,1.515159040990203,-14.102566453832226,10.714286094417377,-4.76190971769537,-16.438356388082727,5.405408235428679,-10.0,5.0,7.0,-3.4341787732461806
05-24,13.04347450506333,6.849316522537741,-9.459458370988969,-10.909091106131052,-22.03390857879588,-1.5624985448084445,-14.102566453832226,8.928573519295567,-4.76190971769537,-16.438356388082727,1.408449403588351,1.4925358528601556,5.0,7.0,-3.9621199464157932
05-25,7.692300638503319,6.849316522537741,-9.459458370988969,-3.571425150243618,-16.94915733677141,1.515159040990203,-14.102566453832226,8.928573519295567,-4.76190971769537,-27.536231633670887,0.0,1.4925358528601556,5.0,7.0,-4.158571924084625
05-26,7.692300638503319,1.3698616715036243,-10.810808416175734,-10.909091106131052,-11.290321340173895,1.515159040990203,-30.88234946080149,7.1428609441737585,-4.76190971769537,-19.999998297010123,-2.898547970379774,-4.76190971769537,4.0,8.0,-6.549562810907659
05-27,4.61538038310199,-1.3698616715036243,-7.894737254879816,-10.909091106131052,-7.812502037268178,-4.838705025652108,-30.88234946080149,3.571425150243618,-4.76190971769537,-19.999998297010123,-2.898547970379774,-3.174600171093715,2.0,10.0,-7.196291431589138
05-28,3.076920255401327,-1.3698616715036243,-7.894737254879816,-15.094348534692829,-7.812502037268178,-3.225803350434739,-27.94117582607435,3.571425150243618,-8.196723073504641,-18.30985903668985,-2.898547970379774,-1.5873000855468575,2.0,10.0,-7.306876119610809
05-29,3.076920255401327,-2.7777750183035925,-9.333332379659016,-15.094348534692829,-12.500006984919466,-4.838705025652108,-25.714287173991323,3.571425150243618,-8.196723073504641,-18.30985903668985,-1.449273985189887,-1.5873000855468575,2.0,10.0,-7.76277215770872
05-30,-6.349209803242228,-2.7777750183035925,-12.328763208552237,-11.320755777939622,-12.500006984919466,-4.838705025652108,-21.126766238887196,1.8181800448205245,4.347821955569661,-15.492960229513148,-1.449273985189887,0.0,2.0,10.0,-6.834851189317443
05-31,-4.687504947651288,2.6315764707211,-12.328763208552237,-11.320755777939622,-15.87301977757817,0.0,-14.666668574015299,1.8181800448205245,4.347821955569661,-16.9014096331015,-5.797104579113893,0.0,3.0,9.0,-6.064804002236727
06-01,-4.687504947651288,2.6315764707211,-12.328763208552237,-18.867930045286037,-11.290321340173895,-1.5873000855468575,-14.666668574015299,1.8181800448205245,4.347821955569661,-19.718316835298847,0.0,0.0,3.0,9.0,-6.195768880451098
06-02,4.545459060957758,5.2631529414422,-15.068486551559488,-13.725489050275936,-6.153849680748341,3.0303090509739805,-19.99999682108561,1.8181800448205245,-4.545450029951333,-23.9436650460639,0.0,0.0,4.0,8.0,-5.731653006790846
06-03,4.545459060957758,1.31578823536055,-15.492960229513148,-11.538462420187086,-13.114751054855619,0.0,-11.999996503194172,5.357148369051949,0.0,-25.714287173991323,0.0,-3.0769294253470134,3.0,9.0,-5.809915928476509
06-04,6.060609070941536,1.3513500451867637,-15.492960229513148,-11.538462420187086,-14.285719692031313,-1.5151500099837776,-11.999996503194172,1.785712575121809,0.0,-25.714287173991323,-4.285718786473254,-3.0769294253470134,3.0,9.0,-6.559296045789249
06-05,7.462688160516194,0.0,-15.492960229513148,-15.384624201870853,-14.285719692031313,-1.5151500099837776,-11.999996503194172,1.785712575121809,-2.985071705720311,-22.857146992975423,-4.285718786473254,-1.53846929764635,2.0,10.0,-6.758038056980883
06-06,4.477616454795883,2.6666641235351562,-10.810808416175734,-11.538462420187086,-11.111110059882801,-1.5151500099837776,-13.33333651224772,0.0,1.449273985189887,-21.42857690246747,-4.285718786473254,-3.0769294253470134,3.0,9.0,-5.708878164103662
06-07,8.571429057997108,1.3513500451867637,-6.8493083575181215,-11.538462420187086,-9.523809974335942,-4.76190971769537,-18.055554175818465,0.0,1.449273985189887,-19.999998297010123,-4.285718786473254,-3.0769294253470134,3.0,9.0,-5.559969838834301
06-08,9.8591542201391,1.3513500451867637,-5.479446686014497,-9.433965022643019,-6.06060003993511,0.0,-18.055554175818465,0.0,0.0,-25.37312729105348,-1.4285700905079517,-3.0769294253470134,2.0,10.0,-4.808140705499473
06-09,11.267603623727451,1.3513500451867637,-2.7397233430072485,-7.547174267346414,-7.692309808449005,-1.53846929764635,-14.864866606417648,0.0,-1.4705868173635692,-29.85074374584936,-2.898547970379774,-11.864416197229556,2.0,10.0,-5.653990365397892
06-10,7.042247017941754,1.3513500451867637,1.3333320617675781,-7.547174267346414,-9.375000582076622,0.0,-13.513508506549263,5.2631529414422,1.4925358528601556,-22.53521564247555,-2.898547970379774,-15.25424362359079,5.0,7.0,-4.55342272276833
06-11,8.45070481655075,3.9999961853027344,0.0,-7.547174267346414,-1.4705868173635692,-1.4925358528601556,-13.513508506549263,7.017547712211622,4.347821955569661,-19.178079731089976,-2.898547970379774,-16.94915733677141,4.0,8.0,-3.269459984393816
06-12,2.8571401810159034,3.9999961853027344,0.0,-5.555550036607185,2.9411736347271384,5.970152307656038,-13.513508506549263,7.017547712211622,4.347821955569661,-19.178079731089976,-2.898547970379774,-4.615389553047677,6.0,6.0,-1.5522703184325648
06-13,4.225348210765052,3.9999961853027344,-1.31578823536055,-5.555550036607185,1.4705868173635692,5.882356034843122,-13.698624880055862,5.357148369051949,0.0,-19.178079731089976,-4.347830593924006,-9.677419664956526,5.0,7.0,-2.73648812705564
06-14,4.225348210765052,3.9999961853027344,1.265829088137235,-5.555550036607185,0.0,3.0303090509739805,-20.28985306936711,8.620691958562439,0.0,-15.068486551559488,-5.797104579113893,-9.677419664956526,5.0,7.0,-2.937186617321897
06-15,5.555558315029741,0.0,2.5316506313829312,-5.555550036607185,5.970152307656038,4.477616454795883,-20.28985306936711,8.620691958562439,7.246378564303781,-16.66665838824411,-8.695652549493667,-13.33333002196431,6.0,6.0,-2.5115829861621304
06-16,6.849316522537741,2.6666641235351562,2.5316506313829312,0.0,7.3529428522066915,5.882356034843122,-20.28985306936711,8.620691958562439,7.246378564303781,-11.11110835163694,-8.695652549493667,-13.33333002196431,7.0,5.0,-1.0233286087575137
06-17,4.109593179530491,2.6666641235351562,7.594936804365715,-3.636360089641049,1.5624985448084445,5.882356034843122,-18.84057908417722,7.017547712211622,0.0,-11.11110835163694,-8.695652549493667,-6.666660043928621,6.0,6.0,-1.6763969766319124
06-18,8.219178194041364,2.6666641235351562,2.5641002128344392,5.000004967053534,4.477616454795883,5.882356034843122,-20.28985306936711,5.2631529414422,0.0,-9.589039865545004,-10.294116486933829,-11.666665010982156,7.0,5.0,-1.4805501253568665
06-19,8.333333333333332,-2.597407925529181,2.5641002128344392,1.754384313814067,8.955224013376348,7.3529428522066915,-20.28985306936711,6.8965453455194,1.4285700905079517,-9.722220842485129,-10.294116486933829,-11.666665010982156,7.0,5.0,-1.440430264475431
06-20,9.589039865544988,1.2499987892806848,0.0,1.754384313814067,10.447759866236506,7.246378564303781,-17.142858115994215,5.2631529414422,6.7567582806154425,-5.555550036607185,-10.294116486933829,-8.474578668385705,7.0,5.0,0.07003077610972792
06-21,9.589039865544988,1.2499987892806848,-1.3513500451867637,0.0,13.432840468172232,8.955224013376348,-17.142858115994215,3.508768627628134,6.7567582806154425,-5.555550036607185,-10.294116486933829,-8.474578668385705,6.0,6.0,0.05618139095917781
06-22,4.347821955569661,-2.6315764707211,-1.3513500451867637,0.0,12.49999767169351,10.294116486933829,-22.388055585333166,0.0,8.108108325802206,-1.3513500451867637,-16.923079744598674,-8.474578668385705,4.0,8.0,-1.4891621766177472
06-23,4.285710271523855,-3.947372548798166,-1.3513500451867637,3.508768627628134,16.417912173892542,11.594200519873441,-23.529406608594797,-1.754384313814067,2.8571401810159034,-9.722220842485129,-20.634920034218744,-1.6666650109821552,5.0,7.0,-1.9952156358454955
06-24,4.285710271523855,1.31578823536055,-5.479446686014497,9.836065733954968,13.84615031925166,7.575759080925313,-29.411762643437918,1.754384313814067,2.8571401810159034,-8.219178194041364,-20.634920034218744,-1.6666650109821552,7.0,5.0,-1.9950812027373634
06-25,4.285710271523855,0.0,-9.999999148505061,11.290321340173895,15.151518161850626,6.060609070941536,-23.529406608594797,3.4482726727597,2.8571401810159034,-8.219178194041364,-18.03278880745961,-4.999995032946466,6.0,6.0,-1.8073163411068152
06-26,0.0,1.2987000923330156,-11.594200519873441,5.1724090091395505,4.545459060957758,3.0303090509739805,-29.411762643437918,3.4482726727597,4.225348210765052,-4.1095850145108725,-16.39343637575627,-1.6666650109821552,6.0,6.0,-3.4545959556359676
06-27,1.449273985189887,2.5641002128344392,-16.66665914082798,1.72413633637985,3.0303090509739805,8.695652549493667,-11.764703304297399,5.084741139541855,4.225348210765052,0.0,-19.672131467909935,-6.779664955205086,7.0,5.0,-2.3424664485884725
06-28,1.449273985189887,-1.3333320617675781,-22.222220119765602,5.1724090091395505,-1.5624985448084445,7.246378564303781,-11.764703304297399,5.084741139541855,2.816898807176702,0.0,-19.672131467909935,-14.545451195772102,5.0,7.0,-4.11088626574744
06-29,0.0,-2.7397233430072485,-22.222220119765602,6.8965453455194,0.0,5.882356034843122,-13.432831571956816,3.389827426361236,4.225348210765052,1.3513500451867637,-19.672131467909935,-1.6129016752173695,5.0,7.0,-3.1611984262651167
06-30,0.0,-2.7397233430072485,-23.809520205312456,-1.754384313814067,4.347821955569661,7.246378564303781,-19.40298387961287,5.084741139541855,5.714280362031807,1.3513500451867637,-17.741937654695683,-3.225803350434739,5.0,7.0,-3.744148390020266
07-01,-2.9411736347271384,-2.7397233430072485,-19.696968191801957,-3.571425150243618,5.714280362031807,5.970152307656038,-23.88059143819332,8.196723073504641,5.714280362031807,1.3513500451867637,-17.741937654695683,1.6129016752173695,6.0,6.0,-3.5010109655867114
07-02,-1.4705868173635692,2.7027000903735274,-20.0,-3.571425150243618,7.3529428522066915,1.4925358528601556,-16.417903277677127,11.111110059882801,4.347821955569661,1.3513500451867637,-21.31147412836026,3.225803350434739,7.0,5.0,-2.5989270972608534
07-03,-1.4705868173635692,0.0,-20.0,1.785712575121809,13.235298887049812,4.477616454795883,-16.417903277677127,12.49999767169351,4.347821955569661,-5.797104579113893,-16.39343637575627,-8.064517989739157,5.0,7.0,-2.6497584579516116
07-05,0.0,2.6666641235351562,-16.417903277677127,0.0,14.492757128607561,0.0,-14.705876939024536,12.49999767169351,13.698633045075482,0.0,-16.39343637575627,-9.836065733954968,4.0,8.0,-1.1662691964584326
07-06,-1.4705868173635692,1.3513500451867637,-10.447759866236506,1.785712575121809,10.144926534683554,2.9411736347271384,-18.181809150811755,12.49999767169351,13.698633045075482,0.0,-13.114751054855619,-9.836065733954968,6.0,6.0,-0.8857649263945132
07-07,4.411769217479552,1.3513500451867637,-13.432831571956816,3.508768627628134,8.82352966957026,2.9411736347271384,-18.181809150811755,12.49999767169351,13.698633045075482,5.405408235428679,-7.812502037268178,-9.836065733954968,8.0,4.0,0.28145180439981693
07-08,4.411769217479552,1.3513500451867637,-15.151509130844202,3.508768627628134,4.61538038310199,4.347821955569661,-3.030300019967555,12.49999767169351,11.594200519873441,2.777783296726149,-7.812502037268178,-3.2786853209006517,8.0,4.0,1.3195062673565512
07-09,4.411769217479552,0.0,-24.999995032946465,6.779654852722472,4.477616454795883,10.144926534683554,-6.06060003993511,12.49999767169351,11.594200519873441,7.894737254879816,-7.812502037268178,-3.2786853209006517,7.0,5.0,1.304260006256485
07-10,8.695652549493667,0.0,-15.38461961689801,8.620691958562439,4.477616454795883,10.144926534683554,-14.516124690608635,12.49999767169351,17.567566696791175,1.3888957875743526,-7.812502037268178,-8.333325054910777,7.0,5.0,1.4457313544924155
07-11,7.246378564303781,0.0,-15.38461961689801,8.620691958562439,5.970152307656038,7.246378564303781,-19.047619948671883,12.49999767169351,17.567566696791175,1.3888957875743526,-7.812502037268178,-10.169492381566323,7.0,5.0,0.6771522972067232
07-12,7.246378564303781,-2.857148695965302,-14.062505529727911,8.620691958562439,7.462688160516194,7.3529428522066915,-27.118649718337736,14.062496216501957,6.7567582806154425,1.3888957875743526,-14.062505529727911,-10.169492381566323,7.0,5.0,-1.2816208362536938
07-13,7.246378564303781,-8.571429057997108,-14.062505529727911,10.526316339839756,2.985080601935728,8.695652549493667,-22.950816788810585,14.062496216501957,10.810808416175734,0.0,-15.87301977757817,-10.169492381566323,6.0,6.0,-1.4417109039524563
07-14,7.246378564303781,-8.571429057997108,-10.937499126885067,10.344828294942289,4.411769217479552,8.695652549493667,-31.578949019519264,12.49999767169351,8.000000317891438,5.405408235428679,-15.87301977757817,-10.169492381566323,7.0,5.0,-1.7105295426927514
07-15,4.347821955569661,-5.714288876981205,-16.39343637575627,7.1428609441737585,-1.5624985448084445,0.0,-31.578949019519264,11.111110059882801,9.210525490240366,5.405408235428679,-19.672131467909935,-10.169492381566323,5.0,7.0,-3.989422498437181
07-16,2.898547970379774,-4.285718786473254,-16.39343637575627,8.77193202602569,8.955224013376348,0.0,-31.578949019519264,12.49999767169351,8.000000317891438,5.405408235428679,-19.672131467909935,-10.169492381566323,6.0,6.0,-2.9640514830358007
07-17,0.0,-1.3513500451867637,-4.411760452090707,7.1428609441737585,5.970152307656038,0.0,-20.96774100513042,11.111110059882801,8.000000317891438,5.405408235428679,-14.754093715305943,-10.169492381566323,5.0,7.0,-1.1687421445206203
07-18,-4.477607558580467,-4.166662527455388,-10.937499126885067,7.1428609441737585,5.970152307656038,4.545459060957758,-16.129035979478314,12.49999767169351,10.666664441426594,5.405408235428679,-14.754093715305943,-10.169492381566323,6.0,6.0,-1.200320718994597
07-19,-4.477607558580467,-4.166662527455388,-7.246378564303781,5.357148369051949,1.4925358528601556,-1.53846929764635,-24.137939539307464,14.062496216501957,8.000000317891438,9.459458370988969,-14.754093715305943,-20.370361172123086,5.0,7.0,-3.1933227706190017
07-20,-2.9411736347271384,0.0,-5.797104579113893,5.357148369051949,0.0,0.0,-22.03390857879588,12.49999767169351,9.333332379659016,9.459458370988969,-11.290321340173895,-16.071423819782805,4.0,8.0,-1.7903329301000142
07-21,-5.970143411440622,0.0,-8.695652549493667,0.0,-1.5624985448084445,-1.53846929764635,-28.57143313300851,10.937499126885067,10.666664441426594,2.7397315080268676,-4.545450029951333,-16.071423819782805,3.0,9.0,-3.5509313091494334
07-22,-5.970143411440622,-1.3513500451867637,-11.594200519873441,7.017547712211622,1.515159040990203,5.797104579113893,-32.14285828325213,10.937499126885067,6.7567582806154425,2.7397315080268676,-4.545450029951333,-5.357137725365427,6.0,6.0,-2.1831116472688854
07-23,-4.477607558580467,-1.3513500451867637,-18.461539872299337,-1.9230751596258298,7.246378564303781,2.898547970379774,-32.14285828325213,10.937499126885067,6.7567582806154425,2.7397315080268676,-1.4705868173635692,-16.071423819782805,5.0,7.0,-3.776627175489997
07-24,-5.970143411440622,-2.7397233430072485,-13.235290121660967,3.6363709268489552,1.449273985189887,1.449273985189887,-30.357145708130318,10.937499126885067,5.479454851034117,0.0,-1.4705868173635692,-10.714286094417377,5.0,7.0,-3.461275218406016
07-25,-4.411760452090707,-1.3513500451867637,-20.31249970896169,1.8181800448205245,2.898547970379774,2.9411736347271384,-16.94915733677141,12.307690191550995,5.479454851034117,0.0,-1.4705868173635692,-12.727271150951577,5.0,7.0,-2.64813156823443
07-26,1.3888957875743526,1.31578823536055,-18.750001164153243,1.8181800448205245,-1.5151500099837776,2.898547970379774,-23.21428476395656,15.151518161850626,5.479454851034117,1.3698616715036243,-2.985071705720311,-16.981139289989432,7.0,5.0,-2.8352833509399797
07-27,7.792208294861243,1.31578823536055,-23.43750611180453,-9.615387260561256,1.449273985189887,2.898547970379774,-16.94915733677141,12.121218141883071,5.479454851034117,2.7027000903735274,-1.4705868173635692,-12.727271150951577,7.0,5.0,-2.536726425697515
07-28,5.2631529414422,1.31578823536055,-23.43750611180453,1.785712575121809,0.0,2.898547970379774,-13.114751054855619,13.636368151866849,9.210525490240366,-1.4084577986089954,-1.4705868173635692,-5.263163398397555,6.0,6.0,-0.88203081805156
07-29,3.9473647060816504,1.31578823536055,-18.181809150811755,3.508768627628134,5.555558315029741,0.0,-13.114751054855619,13.636368151866849,10.389608479527276,-1.4084577986089954,-4.545450029951333,-5.263163398397555,6.0,6.0,-0.34668124309425474
07-30,5.2631529414422,-4.054050135560291,-27.868844770161566,3.508768627628134,11.111116630059483,0.0,-13.114751054855619,10.769230063850333,10.389608479527276,-1.4084577986089954,-4.545450029951333,-5.263163398397555,5.0,7.0,-1.267736703752328
07-31,2.6666641235351562,-8.10810832580222,-32.20339085787959,-7.1428609441737585,6.944445824181537,-1.4705868173635692,-16.666660043928623,7.936509888789085,5.479454851034117,-1.3888875091517963,-3.030300019967555,-5.357137725365427,4.0,8.0,-4.361738129674386
08-01,3.9473647060816504,-8.10810832580222,-25.80644603078253,-1.785712575121809,6.944445824181537,0.0,-16.666660043928623,6.451616314521787,7.894737254879816,0.0,-3.030300019967555,-5.357137725365427,4.0,8.0,-2.959683385108615
08-02,5.194800369332063,-8.10810832580222,-24.590159449260913,-1.785712575121809,11.111116630059483,-3.030300019967555,-16.666660043928623,8.064517989739157,2.6315764707211,-2.7777750183035925,1.515159040990203,-5.357137725365427,5.0,7.0,-2.8165568880756777
08-03,5.194800369332063,-8.10810832580222,-21.31147412836026,-1.785712575121809,6.944445824181537,-4.615389553047677,-12.903223015391266,8.064517989739157,7.894737254879816,0.0,4.545459060957758,-9.259250061011974,5.0,7.0,-2.1115997633037398
08-04,13.750001583248364,-2.7027000903735274,-19.672131467909935,-5.1724192858027385,2.898547970379774,-1.4925358528601556,-4.687504947651288,8.064517989739157,7.894737254879816,-7.3529428522066915,7.3529428522066915,-9.259250061011974,5.0,7.0,-0.864894742280209
08-05,12.500002793967694,-2.7027000903735274,-14.754093715305943,-8.928573519295567,6.944445824181537,-2.985071705720311,-6.250003492459733,9.375000582076622,5.405408235428679,-7.3529428522066915,5.970152307656038,-11.11111111111111,5.0,7.0,-1.1574572285968594
08-06,13.750001583248364,-2.6666641235351562,-13.114751054855619,-8.928573519295567,9.722229120907686,1.4925358528601556,-6.250003492459733,7.936509888789085,4.109593179530491,-4.285718786473254,4.545459060957758,-11.11111111111111,6.0,6.0,-0.40004111678640814
08-07,13.750001583248364,-3.9999961853027344,-13.114751054855619,-3.3333300219643105,8.333333333333332,-2.985071705720311,-7.936509888789085,9.375000582076622,4.109593179530491,-4.285718786473254,7.575759080925313,-9.259250061011974,5.0,7.0,-0.14757832875026367
08-08,13.750001583248364,-3.9999961853027344,-11.290321340173895,3.3333399560713786,11.111116630059483,-2.985071705720311,-11.475408394405292,9.375000582076622,4.054058190241914,-4.285718786473254,7.575759080925313,-1.851850012202395,6.0,6.0,1.1092424665287661
08-09,12.658230522240038,-3.9999961853027344,-13.793111244365178,3.3333399560713786,7.042247017941754,-3.030300019967555,-11.475408394405292,9.230769936149668,4.054058190241914,-5.714288876981205,7.575759080925313,0.0,6.0,6.0,0.49010833187900843
08-10,13.750001583248364,2.5974001846660313,-8.620691958562439,5.000004967053534,2.816898807176702,-4.615389553047677,-15.25424362359079,9.230769936149668,5.405408235428679,-5.714288876981205,6.060609070941536,-1.851850012202395,7.0,5.0,0.7337190633566674
08-11,15.000000372529035,5.194800369332063,-13.793111244365178,6.666669978035689,2.816898807176702,-4.615389553047677,-11.666665010982156,6.153840510802654,5.405408235428679,-5.714288876981205,6.060609070941536,-16.981139289989432,7.0,5.0,-0.45603055259327424
08-12,15.000000372529035,3.896100276999047,-29.999995231628418,1.754384313814067,2.816898807176702,-6.153849680748341,-11.666665010982156,4.545459060957758,6.7567582806154425,-1.3698616715036243,7.462688160516194,-16.981139289989432,7.0,5.0,-1.9949351343536434
08-13,15.000000372529035,2.6666641235351562,-22.641511555879244,1.754384313814067,0.0,-3.0769294253470134,-11.666665010982156,0.0,5.479454851034117,-1.3698616715036243,7.462688160516194,-16.981139289989432,5.0,7.0,-1.947742927689408
08-14,13.750001583248364,6.410250532086098,-18.18181128541315,1.754384313814067,2.8571401810159034,-3.0769294253470134,-13.559329910410172,-1.5873000855468575,5.479454851034117,-1.3698616715036243,8.955224013376348,-9.433965022643019,6.0,6.0,-0.6668951605240783
08-15,10.389608479527276,6.410250532086098,-16.071423819782805,1.754384313814067,1.4285700905079517,-1.53846929764635,-15.25424362359079,0.0,5.479454851034117,5.479454851034117,8.955224013376348,-19.60784817878589,7.0,5.0,-1.0479198157021552
08-16,9.210525490240366,6.410250532086098,-19.642859613712943,1.754384313814067,4.166670805877945,-4.615389553047677,-15.25424362359079,0.0,0.0,4.109593179530491,8.955224013376348,-15.094348534692829,6.0,6.0,-1.6666827491765772
08-17,11.538458599376382,0.0,-19.642859613712943,5.000004967053534,5.555558315029741,-4.615389553047677,-17.241383917124878,0.0,0.0,1.3333320617675781,3.0303090509739805,-15.094348534692829,5.0,7.0,-2.5113598853647594
08-18,11.688308571860292,1.3333320617675781,-17.857147038591133,0.0,4.225348210765052,-9.677419664956526,-13.793111244365178,0.0,5.479454851034117,3.9999961853027344,1.5384601277006635,-17.30769936149668,6.0,6.0,-2.5308731084149234
08-19,11.688308571860292,3.9999961853027344,-11.11111111111111,5.000004967053534,6.849316522537741,-9.677419664956526,-13.793111244365178,1.5384601277006635,5.479454851034117,3.9999961853027344,3.0303090509739805,-17.30769936149668,8.0,4.0,-0.8586245766803083
08-20,10.389608479527276,3.9999961853027344,-29.999995231628418,3.389827426361236,9.722229120907686,-11.290321340173895,-6.896555622182589,1.5384601277006635,9.210525490240366,-5.882356034843122,4.477616454795883,-15.384624201870853,7.0,5.0,-2.2271324288219194
08-21,10.389608479527276,2.7027000903735274,-35.41666472641125,-1.72413633637985,6.944445824181537,-11.290321340173895,-8.620691958562439,0.0,13.750001583248364,-10.144926534683554,4.477616454795883,-13.461537579812916,5.0,7.0,-3.53282550365811
08-22,4.166670805877945,5.2631529414422,-41.30434007973675,0.0,6.944445824181537,-13.33333002196431,1.666674945089223,0.0,7.500000186264525,-4.347830593924006,4.477616454795883,-11.320755777939622,6.0,6.0,-3.357307942992781
08-23,4.166670805877945,3.9999961853027344,-38.29786761846407,1.72413633637985,5.633797614353404,-9.523809974335942,3.278695092153664,1.5384601277006635,7.500000186264525,-2.898547970379774,5.970152307656038,-15.68627153071743,8.0,4.0,-2.7162157031840324
08-24,10.389608479527276,9.09090838719426,-36.17021006769376,0.0,5.555558315029741,-7.812502037268178,3.278695092153664,1.5384601277006635,6.250001396983854,-7.246378564303781,5.970152307656038,-11.320755777939622,7.0,5.0,-1.7063718617466535
08-25,9.210525490240366,9.09090838719426,-29.787237415382805,3.4482726727597,4.225348210765052,-7.812502037268178,1.6129016752173695,3.076920255401327,5.000002607703183,-8.82352966957026,5.970152307656038,-11.320755777939622,8.0,4.0,-1.3424161077686307
08-26,9.210525490240366,9.09090838719426,-19.60784817878589,6.666669978035689,2.8571401810159034,-7.812502037268178,8.064517989739157,1.5384601277006635,6.250001396983854,-7.246378564303781,5.970152307656038,-11.320755777939622,8.0,4.0,0.30507427502237155
08-27,11.842101960961466,1.3333320617675781,-28.301895067929056,6.666669978035689,11.111116630059483,-3.1250064028428435,0.0,3.076920255401327,9.638552399916438,-7.246378564303781,7.575759080925313,-11.320755777939622,7.0,5.0,0.10420137950433277
08-28,12.987008664193306,5.2631529414422,-28.301895067929056,3.389827426361236,6.944445824181537,-1.5624985448084445,3.124997089616889,1.5624985448084445,9.638552399916438,-12.121209110876647,7.575759080925313,-9.259250061011974,8.0,4.0,-0.06321756776506311
08-29,15.18987360873143,6.493500461665078,-28.301895067929056,5.084741139541855,9.722229120907686,-3.1250064028428435,10.769230063850333,1.5624985448084445,10.714282926653432,-12.121209110876647,6.060609070941536,-1.8868020014566025,8.0,4.0,1.6801710294995538
08-30,15.18987360873143,5.2631529414422,-14.285711244660995,10.169492381566323,9.8591542201391,-4.838705025652108,10.769230063850333,0.0,10.714282926653432,-10.60605910089287,2.9411736347271384,-1.8868020014566025,7.0,5.0,2.7740902003706154
08-31,15.18987360873143,8.860758347611412,-23.21428476395656,12.307690191550995,8.333333333333332,-3.174600171093715,10.769230063850333,0.0,11.90475801897145,-14.062505529727911,2.9411736347271384,-1.8868020014566025,7.0,5.0,2.330718727711775
09-01,13.924052065485734,6.329115261120019,-16.071423819782805,20.0,9.589039865544988,-3.174600171093715,9.230769936149668,0.0,7.500000186264525,-7.3529428522066915,2.9411736347271384,-5.66038351204981,7.0,5.0,3.1045667161799204
09-02,15.18987360873143,7.594936804365715,-19.298248365865444,16.129035979478314,8.333333333333332,-3.174600171093715,13.84615031925166,0.0,8.749998975545196,-8.955224013376348,2.9411736347271384,-5.66038351204981,7.0,5.0,2.974670549420622
09-03,13.924052065485734,9.756095610793878,-16.36363124059263,16.129035979478314,8.333333333333332,-9.523809974335942,9.230769936149668,-6.557370641801303,8.749998975545196,-8.955224013376348,5.714280362031807,-3.7735927567532066,7.0,5.0,2.2219948029965413
09-04,8.860758347611412,6.172840959723081,-20.75472080058264,16.129035979478314,4.166670805877945,-7.936509888789085,13.84615031925166,-6.557370641801303,8.749998975545196,-14.062505529727911,2.8571401810159034,0.0,7.0,5.0,0.9559573923002146
09-05,3.750003818422512,6.172840959723081,-23.076924840374172,11.290321340173895,8.333333333333332,-7.812502037268178,10.606068131899294,-6.557370641801303,12.048188704574885,-14.062505529727911,4.285710271523855,0.0,7.0,5.0,0.41476362587327426
09-06,4.938274239498084,5.000002607703183,-16.36363124059263,16.129035979478314,4.166670805877945,-9.523809974335942,9.230769936149668,-6.557370641801303,12.048188704574885,-15.625004074536356,2.8571401810159034,8.333334989017844,8.0,4.0,1.2194667926708
09-07,7.228916095257991,7.317073525310204,-16.36363124059263,9.677419664956526,5.555558315029741,-7.812502037268178,10.606068131899294,-8.196723073504641,8.433734247587214,-7.575750049918888,1.449273985189887,5.1724090091395505,8.0,4.0,1.2909872144238392
09-08,3.750003818422512,7.317073525310204,-20.00000216744158,16.17647252177695,4.225348210765052,-7.812502037268178,10.606068131899294,-8.196723073504641,3.750003818422512,-7.575750049918888,2.8571401810159034,6.779654852722472,8.0,4.0,0.9897323110168011
09-09,5.000002607703183,9.756095610793878,-12.962961123313507,14.925376321032388,4.225348210765052,-6.153849680748341,7.575759080925313,-6.557370641801303,3.750003818422512,-7.575750049918888,4.225348210765052,3.389827426361236,8.0,4.0,1.6331524825822148
09-10,6.250001396983854,8.641974400173074,-7.272720179282098,13.636368151866849,-5.882356034843122,-4.615389553047677,9.090909090909092,-3.2786853209006517,3.750003818422512,-9.230769936149668,4.347821955569661,5.084741139541855,7.0,5.0,1.7101582441036403
09-11,5.000002607703183,9.756095610793878,0.0,13.636368151866849,-5.882356034843122,-3.0769294253470134,9.090909090909092,-3.2786853209006517,3.750003818422512,-2.898547970379774,4.347821955569661,6.666669978035689,7.0,5.0,3.0926127051525256
09-12,7.228916095257991,9.756095610793878,0.0,15.151518161850626,-5.882356034843122,-3.1250064028428435,10.447759866236506,-3.2786853209006517,8.749998975545196,-4.347830593924006,4.347821955569661,6.666669978035689,7.0,5.0,3.8095751908982436
09-13,7.228916095257991,8.641974400173074,-8.77193202602569,15.151518161850626,-7.462688160516194,0.0,10.447759866236506,-1.6393426604503258,5.000002607703183,-4.347830593924006,8.333333333333332,6.666669978035689,7.0,5.0,3.2706984168061823
09-14,4.938274239498084,8.641974400173074,-7.017547712211622,12.121218141883071,-1.4705868173635692,-3.174600171093715,10.447759866236506,-1.6393426604503258,5.000002607703183,-1.4925358528601556,5.555558315029741,6.666669978035689,7.0,5.0,3.214737027881663
09-15,3.750003818422512,8.641974400173074,-7.017547712211622,15.151518161850626,-1.4705868173635692,0.0,4.61538038310199,-4.918027981350978,7.500000186264525,-3.030300019967555,5.555558315029741,10.0,7.0,5.0,3.231497727829062
09-16,0.0,7.4074076799480775,6.153840510802654,13.84615031925166,1.4285700905079517,-1.5151500099837776,1.5384601277006635,-3.2786853209006517,8.749998975545196,-3.030300019967555,5.555558315029741,10.0,8.0,4.0,3.90465422232783
09-17,0.0,7.4074076799480775,4.687495634425334,12.49999767169351,-4.347830593924006,-1.5151500099837776,3.076920255401327,-8.474578668385705,8.749998975545196,-3.030300019967555,2.898547970379774,10.0,7.0,5.0,2.662709074594348
09-18,2.4390220854836606,5.063293717874323,4.687495634425334,13.84615031925166,-4.347830593924006,-1.5151500099837776,3.174600171093715,-4.918027981350978,7.594936804365715,-6.06060003993511,4.347821955569661,8.47456856590309,8.0,4.0,2.7321900523977742
09-19,3.6585331282255105,8.536584568052042,3.174600171093715,7.692300638503319,-2.898547970379774,0.0,4.687495634425334,-6.666660043928621,7.594936804365715,-6.06060003993511,4.347821955569661,3.508768627628134,8.0,4.0,2.2979361228016604
09-20,1.2499987892806848,8.536584568052042,4.61538038310199,7.692300638503319,1.3888957875743526,0.0,4.687495634425334,-6.666660043928621,6.329115261120019,-6.06060003993511,4.347821955569661,3.508768627628134,9.0,3.0,2.4690917967826502
09-21,-1.282057748038625,11.764708357286219,10.769230063850333,11.764703304297399,2.7397315080268676,0.0,4.687495634425334,-8.333325054910777,6.329115261120019,-6.06060003993511,8.333333333333332,8.333334989017844,8.0,4.0,4.087139134039403
09-22,1.2345667202249828,9.411769490753356,23.07692025540133,16.17647252177695,-4.411760452090707,0.0,7.812502037268178,-10.0,6.329115261120019,-10.60605910089287,13.157890196322017,11.475408394405292,8.0,4.0,5.304735443690712
09-23,1.2345667202249828,11.764708357286219,13.114760826108633,17.391305098987335,1.3888957875743526,0.0,6.249994179233778,-6.666660043928621,6.410250532086098,-7.3529428522066915,10.810808416175734,13.114760826108633,9.0,3.0,5.621703987304204
09-24,1.2345667202249828,10.34483136612886,15.384610446952324,13.636368151866849,0.0,0.0,7.812502037268178,-4.999995032946466,8.749998975545196,-5.797104579113893,9.459458370988969,13.114760826108633,8.0,4.0,5.7449997735853024
09-25,6.097562482568367,10.34483136612886,11.290321340173895,14.925376321032388,1.408449403588351,0.0,9.230769936149668,-4.999995032946466,8.749998975545196,-5.797104579113893,9.459458370988969,17.741937654695683,9.0,3.0,6.537633853234252
09-26,10.588238924019787,12.359552367771112,12.698410145429659,14.925376321032388,-1.4084577986089954,0.0,6.349209803242228,-4.999995032946466,10.975606653535715,-5.797104579113893,9.459458370988969,14.516134304260945,8.0,4.0,6.638869123300953
09-27,11.627909555636291,9.302330416818046,13.84615031925166,10.447759866236506,-2.857148695965302,0.0,6.349209803242228,-6.666660043928621,10.975606653535715,-8.695652549493667,10.810808416175734,14.516134304260945,8.0,4.0,5.804704003814128
09-28,13.636364252114102,10.34483136612886,13.84615031925166,14.925376321032388,-2.898547970379774,1.515159040990203,6.349209803242228,-6.666660043928621,10.975606653535715,-8.695652549493667,12.16216651604412,11.666674945089223,9.0,3.0,6.43005655446887
09-29,11.36363913451346,13.793103920766105,16.92307057465299,9.090909090909092,0.0,-1.5624985448084445,7.936509888789085,-8.333325054910777,8.749998975545196,-8.695652549493667,12.16216651604412,15.87301977757817,8.0,4.0,6.441745144132111
09-30,12.50000169331378,13.793103920766105,16.66666997803569,9.090909090909092,-4.411760452090707,4.61538038310199,7.936509888789085,-8.333325054910777,8.433734247587214,-8.695652549493667,12.16216651604412,17.46031986312503,9.0,3.0,6.768171460431414
10-01,12.50000169331378,14.94252810564519,26.15384509577549,7.692300638503319,-10.60605910089287,4.61538038310199,7.936509888789085,-10.344828294942289,3.797472174628627,-8.695652549493667,9.589039865544988,17.46031986312503,9.0,3.0,6.253404813591556
10-02,15.294116657085514,11.627909555636291,21.31147901398676,9.230769936149668,-9.090909090909092,7.692300638503319,4.761900256640573,-12.280700653653822,3.797472174628627,-3.030300019967555,8.219178194041364,15.87301977757817,9.0,3.0,6.11718636997665
10-03,17.241376475403356,10.588238924019787,24.999999999999993,10.769230063850333,-7.575750049918888,3.076920255401327,3.174600171093715,-12.280700653653822,-1.2658215432457103,-4.545450029951333,8.219178194041364,15.000004967053535,8.0,4.0,5.616818897841139
10-04,19.99999470180921,7.317073525310204,25.806450837608676,10.769230063850333,-10.769239233796018,3.0303090509739805,3.174600171093715,-12.280700653653822,-1.2658215432457103,-4.545450029951333,6.944445824181537,15.000004967053535,8.0,4.0,5.265074806769525
10-05,19.99999470180921,6.250001396983854,24.193549162391314,12.121218141883071,0.0,3.0303090509739805,0.0,-14.03508496746789,-1.2658215432457103,2.8571401810159034,6.944445824181537,15.000004967053535,8.0,4.0,6.257979742964899
10-06,14.444444297272478,3.750003818422512,17.741937654695683,9.090909090909092,1.3888957875743526,1.5384601277006635,1.6129016752173695,-14.03508496746789,-1.2658215432457103,1.4285700905079517,6.944445824181537,11.666674945089223,10.0,2.0,4.525528066738105
10-07,15.555554378179826,6.250001396983854,14.516134304260945,9.090909090909092,-1.4285700905079517,-1.5873000855468575,0.0,-14.03508496746789,-6.410258173707503,1.4285700905079517,6.944445824181537,11.666674945089223,7.0,5.0,3.499256392740186
10-08,14.444444297272478,7.317073525310204,11.666674945089223,9.090909090909092,0.0,-1.5873000855468575,-3.225803350434739,-12.280700653653822,-7.792208294861243,1.4285700905079517,6.944445824181537,10.0,7.0,5.0,3.000508782397818
10-09,10.227269802458014,4.938274239498084,1.8518610500991368,6.249994179233778,-2.857148695965302,-1.5873000855468575,-4.838705025652108,-8.474578668385705,-7.792208294861243,1.4285700905079517,8.333333333333332,11.666674945089223,7.0,5.0,1.5955030724840258
10-10,9.195400330141219,1.2820501064172196,1.8518610500991368,7.812502037268178,-1.4285700905079517,3.124997089616889,-1.5624985448084445,-8.474578668385705,-7.792208294861243,5.714280362031807,5.555558315029741,11.666674945089223,8.0,4.0,2.245455719760839
10-11,12.2222175127193,1.2820501064172196,8.620691958562439,-1.5624985448084445,1.3698616715036243,4.545459060957758,-4.838705025652108,-8.474578668385705,-9.09090838719426,8.571429057997108,6.849316522537741,11.666674945089223,8.0,4.0,2.596750850811991
10-12,12.2222175127193,1.2987000923330156,3.4482726727597,-1.5624985448084445,0.0,4.545459060957758,-4.838705025652108,-8.474578668385705,-3.896108017862211,2.8571401810159034,9.333332379659016,11.666674945089223,7.0,5.0,2.216658882318787
10-13,12.2222175127193,-2.597407925529181,1.72413633637985,11.428569239013012,-4.285718786473254,4.545459060957758,-6.557370641801303,-8.474578668385705,-3.896108017862211,4.285710271523855,6.849316522537741,11.666674945089223,7.0,5.0,2.242574987347423
10-14,12.2222175127193,-6.493508202528228,0.0,10.144926534683554,-4.285718786473254,3.076920255401327,-6.557370641801303,-3.3898375288438505,-3.896108017862211,9.459458370988969,6.849316522537741,11.666674945089223,6.0,6.0,2.399747580325939
10-15,12.2222175127193,-3.8461579608730645,5.357148369051949,10.144926534683554,-2.857148695965302,3.076920255401327,-6.557370641801303,-3.3898375288438505,-2.564107854455859,8.219178194041364,6.849316522537741,11.666674945089223,7.0,5.0,3.1934799709654236
10-16,9.09090724365768,-5.194808110195212,8.620691958562439,4.61538038310199,-2.857148695965302,1.5384601277006635,-8.196723073504641,-1.6666650109821552,-2.564107854455859,8.219178194041364,4.109593179530491,8.333334989017844,7.0,5.0,2.004007777542442
10-17,1.219511042741837,-5.194808110195212,3.6363709268489552,4.61538038310199,-2.857148695965302,3.076920255401327,-6.557370641801303,3.174600171093715,-2.564107854455859,12.328771373571856,4.109593179530491,0.0,7.0,5.0,1.2489760024893746
10-18,4.705884745376678,-2.531643086491392,10.344828294942289,4.61538038310199,-1.4084577986089954,5.882356034843122,-4.838705025652108,-1.6666650109821552,-6.410258173707503,9.589039865544988,5.479454851034117,0.0,6.0,6.0,1.9801012566167524
10-19,3.5714252769540553,-3.896108017862211,5.1724090091395505,-3.030300019967555,0.0,3.0303090509739805,-4.838705025652108,-1.6666650109821552,-2.564107854455859,5.714280362031807,5.405408235428679,0.0,5.0,7.0,0.5748288338006821
10-20,3.4883756389999006,-6.493508202528228,6.8965453455194,-1.5151500099837776,2.7397315080268676,4.477616454795883,-8.196723073504641,-1.6666650109821552,-3.896108017862211,5.714280362031807,0.0,3.3333399560713786,6.0,6.0,0.40681124588201856
10-21,6.976744347227255,-5.194808110195212,12.698410145429659,0.0,0.0,7.246378564303781,-8.196723073504641,0.0,-3.896108017862211,5.714280362031807,1.408449403588351,1.666674945089223,6.0,6.0,1.5352748805090008
10-22,6.976744347227255,-6.493508202528228,6.349209803242228,1.4705868173635692,4.054058190241914,5.797104579113893,-8.196723073504641,0.0,-2.564107854455859,13.157890196322017,0.0,0.0,6.0,6.0,1.7126045669185122
10-23,2.352945878843816,-5.1282080672902834,6.349209803242228,5.714280362031807,8.108108325802206,7.246378564303781,-11.666665010982156,0.0,-1.2658215432457103,9.722229120907686,2.816898807176702,0.0,7.0,5.0,2.0207796867325065
10-24,3.4883756389999006,-7.894737254879816,3.278695092153664,5.714280362031807,9.459458370988969,4.411769217479552,-9.836065733954968,0.0,-8.10810832580222,4.166670805877945,-1.4084577986089954,0.0,6.0,6.0,0.27265669785715324
10-25,2.352945878843816,-7.894737254879816,6.349209803242228,7.142858967489158,1.449273985189887,9.999999148505061,-11.666665010982156,0.0,-8.10810832580222,6.944445824181537,-1.4084577986089954,0.0,6.0,6.0,0.4300637680982083
10-26,0.0,-5.194808110195212,9.523809974335942,7.246378564303781,6.849316522537741,14.864866606417648,-11.666665010982156,0.0,-8.10810832580222,8.333333333333332,-1.4084577986089954,0.0,5.0,7.0,1.703305479611655
10-27,3.5714252769540553,-5.194808110195212,-3.174600171093715,5.797104579113893,9.333332379659016,7.3529428522066915,-11.666665010982156,0.0,-8.10810832580222,8.333333333333332,-1.4084577986089954,0.0,5.0,7.0,0.40295825038205746
10-28,4.761900369272061,-5.194808110195212,-3.225803350434739,5.797104579113893,6.849316522537741,4.411769217479552,-8.333325054910777,3.278695092153664,-8.10810832580222,8.333333333333332,-1.4084577986089954,0.0,6.0,6.0,0.5968013728281917
10-29,2.3809501846360366,-2.597407925529181,-6.666660043928621,7.142858967489158,1.408449403588351,2.9411736347271384,-4.999995032946466,0.0,-8.10810832580222,2.9411736347271384,0.0,1.666674945089223,6.0,6.0,-0.32424087982912025
10-30,2.3809501846360366,-7.894737254879816,-6.666660043928621,7.142858967489158,2.816898807176702,2.9411736347271384,-8.474578668385705,0.0,-5.263160784158731,4.347821955569661,4.166670805877945,5.000004967053534,7.0,5.0,0.041436880931441746
10-31,4.761900369272061,-7.894737254879816,-8.474578668385705,7.142858967489158,-1.4084577986089954,7.142858967489158,-10.344828294942289,0.0,1.2499987892806848,4.347821955569661,4.166670805877945,5.000004967053534,7.0,5.0,0.474126067101283
11-01,3.614454456987658,-7.894737254879816,-6.779664955205086,2.8571401810159034,-5.797104579113893,4.411769217479552,-10.344828294942289,1.6393426604503258,1.2499987892806848,4.347821955569661,1.3698616715036243,5.000004967053534,8.0,4.0,-0.5271617654000117
11-02,3.614454456987658,-9.333332379659016,-10.169492381566323,1.449273985189887,4.225348210765052,2.985080601935728,-8.474578668385705,1.6393426604503258,1.2499987892806848,4.347821955569661,-4.1095850145108725,5.000004967053534,8.0,4.0,-0.6313052347407824
11-03,6.024097942928766,-13.33333651224772,-3.3898375288438505,5.479454851034117,1.449273985189887,4.411769217479552,-8.474578668385705,1.6393426604503258,1.265829088137235,1.449273985189887,-4.1095850145108725,0.0,7.0,5.0,-0.632357999464865
11-04,2.4096363046584477,-16.000000635782875,-8.333325054910777,5.479454851034117,2.8571401810159034,5.797104579113893,-8.474578668385705,0.0,-3.896108017862211,1.449273985189887,0.0,-1.6666650109821552,5.0,7.0,-1.6981722905759564
11-05,1.2048181523292238,-17.567566696791175,-5.084751242024469,5.479454851034117,-2.857148695965302,5.797104579113893,-10.169492381566323,0.0,2.4390220854836606,1.449273985189887,2.6315764707211,-3.3333300219643105,6.0,6.0,-1.6675865762033082
11-06,-3.6585403970846935,-18.66666475931803,-1.6393426604503258,10.810808416175734,-1.4285700905079517,5.797104579113893,-6.779664955205086,-5.263163398397555,2.4390220854836606,0.0,2.6315764707211,-3.3333300219643105,4.0,8.0,-1.5908970609527973
11-07,-7.500000186264496,-18.66666475931803,-5.084751242024469,9.459458370988969,0.0,4.411769217479552,-3.2786853209006517,-5.263163398397555,-1.2658215432457103,0.0,2.6315764707211,-3.3333300219643105,3.0,9.0,-2.3241343677438007
11-08,-7.500000186264496,-18.66666475931803,-3.2786853209006517,9.459458370988969,-4.545450029951333,4.347821955569661,-3.2786853209006517,-5.263163398397555,-3.7974646297370884,0.0,1.3333320617675781,-3.3333300219643105,3.0,9.0,-2.8769026065923256
11-09,-7.500000186264496,-14.666668574015299,-6.557370641801303,9.589039865544988,-5.970143411440622,7.042247017941754,-3.2786853209006517,-5.263163398397555,-1.2658215432457103,0.0,3.896100276999047,-3.3333300219643105,3.0,9.0,-2.275649661462013
11-10,-9.999997764825839,-16.000000635782875,1.6393426604503258,9.589039865544988,-5.970143411440622,7.042247017941754,-3.2786853209006517,-5.263163398397555,-5.063286172982784,0.0,3.896100276999047,0.0,4.0,8.0,-1.950712240282851
11-11,-9.999997764825839,-16.000000635782875,-6.557370641801303,8.333333333333332,-4.411760452090707,9.8591542201391,-3.2786853209006517,-1.754384313814067,3.6585331282255105,1.4285700905079517,1.3333320617675781,-4.999995032946466,5.0,7.0,-1.8657726106823695
11-12,-6.2500013969838255,-16.216216651604412,0.0,10.810808416175734,-3.030300019967555,8.45070481655075,-3.2786853209006517,0.0,3.6585331282255105,1.4285700905079517,1.3333320617675781,-4.999995032946466,5.0,7.0,-0.6744374924312823
11-13,-8.749998975545168,-16.438356388082727,0.0,9.722229120907686,0.0,8.45070481655075,-3.2786853209006517,0.0,0.0,5.479454851034117,2.6666641235351562,0.0,4.0,8.0,-0.17899898104173642
11-14,-9.756095610793878,-14.864866606417648,0.0,9.722229120907686,1.515159040990203,7.042247017941754,-3.2786853209006517,1.72413633637985,0.0,9.589039865544988,3.9999961853027344,0.0,6.0,6.0,0.4744300024129197
11-15,-9.756095610793878,-16.438356388082727,-8.474578668385705,8.333333333333332,-4.411760452090707,5.714280362031807,-1.6129016752173695,1.72413633637985,0.0,4.109593179530491,6.493500461665078,0.0,5.0,7.0,-1.1932374268024855
11-16,-9.756095610793878,-12.328763208552237,-5.084751242024469,10.810808416175734,-5.882356034843122,7.042247017941754,-1.6129016752173695,1.72413633637985,0.0,-4.477607558580467,6.493500461665078,0.0,4.0,8.0,-1.089315258154094
11-17,-9.756095610793878,-9.589039865545004,-5.084751242024469,10.810808416175734,-5.882356034843122,7.042247017941754,1.6129016752173695,1.72413633637985,1.265829088137235,-4.477607558580467,6.493500461665078,0.0,6.0,6.0,-0.4867022763558268
11-18,-9.756095610793878,-12.328763208552237,-1.6949238156632322,9.589039865544988,-5.882356034843122,9.722229120907686,0.0,1.72413633637985,2.5316506313829312,-4.477607558580467,5.2631529414422,0.0,5.0,6.0,-0.4424614443979402
11-19,-7.317073525310204,-10.958901537048613,11.475408394405292,7.042247017941754,-6.06060003993511,12.50000413921128,0.0,-3.508768627628134,2.5316506313829312,1.408449403588351,3.9999961853027344,0.0,6.0,5.0,0.9260343368258569
11-20,-6.097562482568367,-3.9999961853027344,8.47456856590309,14.666668574015299,-6.06060003993511,11.111116630059483,-1.5873000855468575,6.349209803242228,4.938274239498084,1.408449403588351,3.9999961853027344,0.0,7.0,4.0,2.766902050688017
11-21,-9.756095610793878,-3.9999961853027344,11.475408394405292,14.666668574015299,-10.60605910089287,9.589039865544988,-1.6393426604503258,6.349209803242228,4.938274239498084,1.408449403588351,2.6666641235351562,0.0,7.0,4.0,2.091018403865799
11-22,-9.756095610793878,-1.2987000923330156,6.451616314521787,6.66666825612386,-7.3529428522066915,10.810808416175734,-6.896555622182589,4.838714639304418,4.938274239498084,1.408449403588351,3.8461503192516595,0.0,7.0,4.0,1.1380322842456432
11-23,-7.142857649699376,0.0,11.290321340173895,7.894737254879816,-4.477607558580467,9.589039865544988,-8.77193202602569,4.838714639304418,4.938274239498084,1.408449403588351,6.410250532086098,0.0,7.0,4.0,2.1647825033975097
11-24,-9.756095610793878,-1.2987000923330156,9.677419664956526,9.210525490240366,-11.111110059882801,9.589039865544988,-7.017547712211622,4.838714639304418,4.938274239498084,-4.225356605785697,5.194800369332063,0.0,6.0,5.0,0.8366636823224526
11-25,-7.317073525310204,0.0,9.677419664956526,8.000000317891438,-7.692309808449005,12.16216651604412,-7.017547712211622,4.838714639304418,7.142857649699376,-4.225356605785697,3.9473647060816504,0.0,6.0,5.0,1.6263529868517501
11-26,0.0,0.0,4.918037752603991,6.7567582806154425,-11.111110059882801,12.16216651604412,-7.017547712211622,0.0,8.235300057486924,-5.714288876981205,3.9473647060816504,0.0,5.0,6.0,1.014723388646375
11-27,1.2048181523292238,-1.31578823536055,7.936509888789085,8.000000317891438,-12.698410145429659,8.108108325802206,-7.017547712211622,0.0,8.235300057486924,0.0,3.9473647060816504,0.0,6.0,5.0,1.3666962796148916
11-28,-2.4096434859410953,-1.31578823536055,10.769230063850333,13.33333651224772,-12.698410145429659,8.108108325802206,-8.77193202602569,0.0,7.142857649699376,0.0,2.6315764707211,0.0,5.0,6.0,1.3991112607969785
11-29,-3.6585403970846935,-1.31578823536055,15.384610446952324,11.999996503194172,-12.698410145429659,9.589039865544988,-12.727271150951577,-4.999995032946466,7.142857649699376,4.109593179530491,3.896100276999047,0.0,6.0,5.0,1.3935160800122883
11-30,-8.974366028163349,-2.597407925529181,10.769230063850333,11.999996503194172,-10.60605910089287,9.589039865544988,-12.727271150951577,0.0,8.333332742017395,1.408449403588351,6.66666825612386,0.0,6.0,5.0,1.155134385731844
12-01,-7.692308280124724,0.0,3.076920255401327,11.842101960961466,-12.307699361496683,9.589039865544988,-14.814811135515901,-1.6666650109821552,8.333332742017395,-5.555550036607185,9.09090838719426,0.0,5.0,6.0,-0.008727551133934272
12-02,-10.256416134580567,0.0,3.076920255401327,11.842101960961466,-15.87301977757817,6.944445824181537,-12.962961123313507,-1.6666650109821552,8.235300057486924,-5.555550036607185,9.09090838719426,0.0,5.0,6.0,-0.5937446331530061
12-03,-8.974366028163349,-1.2987000923330156,3.076920255401327,11.842101960961466,-9.230769936149668,4.166670805877945,-11.11111111111111,-1.6666650109821552,10.34483136612886,-5.555550036607185,4.054058190241914,0.0,5.0,6.0,-0.3627149697279142
12-04,-10.256416134580567,2.5641002128344392,4.545459060957758,9.333332379659016,-13.846159489197346,5.555558315029741,-12.962961123313507,-1.6666650109821552,8.235300057486924,1.3698616715036243,4.054058190241914,0.0,7.0,4.0,-0.2562109891966801
12-05,-11.842109803677983,2.5641002128344392,7.3529428522066915,6.66666825612386,-6.153849680748341,2.777783296726149,-11.11111111111111,0.0,7.058823611909541,1.3698616715036243,4.054058190241914,0.0,7.0,4.0,0.2280972913340654
12-06,-14.864866606417648,1.2987000923330156,12.857139329520963,8.000000317891438,-12.307699361496683,-2.7777750183035925,-20.000004768371582,0.0,12.941177790552649,1.3698616715036243,4.054058190241914,0.0,6.0,5.0,-0.7857840302121581
12-07,-10.389616220390424,2.5641002128344392,9.999999148505061,8.000000317891438,-13.636359120860423,-2.7777750183035925,-20.000004768371582,0.0,12.941177790552649,1.3698616715036243,5.333336194356283,0.0,6.0,5.0,-0.5496066493568778
12-08,-10.666664441426594,1.2820501064172196,11.428569239013012,9.210525490240366,-15.38461961689801,-4.225356605785697,-22.448982074329166,0.0,19.56521781383253,1.3698616715036243,5.333336194356283,0.0,6.0,5.0,-0.3780051852563691
12-09,-11.999996503194172,1.2820501064172196,15.492951834492505,11.538458599376382,-19.047619948671883,5.555558315029741,-22.448982074329166,-3.3898375288438505,22.10526117657687,0.0,2.7397315080268676,0.0,6.0,5.0,0.152297957073376
12-10,-11.999996503194172,2.5641002128344392,13.04347450506333,11.538458599376382,-10.60605910089287,5.555558315029741,-20.408155569579527,-3.3898375288438505,20.430107113391298,2.7027000903735274,2.7397315080268676,0.0,7.0,4.0,1.0141734701320975
12-11,-11.999996503194172,0.0,15.492951834492505,10.256408492959162,-7.575750049918888,2.777783296726149,-15.999996662139893,-1.6666650109821552,22.916663950309104,8.108108325802206,1.3698616715036243,0.0,6.0,5.0,1.9732807787964706
12-12,-15.277770879092314,0.0,15.492951834492505,10.256408492959162,-4.545450029951333,8.108108325802206,-15.999996662139893,-1.6666650109821552,19.99999999999999,6.7567582806154425,0.0,0.0,5.0,6.0,1.9270286959753011
12-13,-10.666664441426594,-1.3333320617675781,18.05556245424102,11.538458599376382,-10.937499126885067,9.459458370988969,-15.999996662139893,-1.6666650109821552,15.789471372673006,6.7567582806154425,0.0,0.0,5.0,6.0,1.7496293145577946
12-14,-16.9014096331015,-1.3333320617675781,18.05556245424102,6.410250532086098,-13.114751054855619,10.666664441426594,-15.999996662139893,-1.6666650109821552,16.842101960961458,8.000000317891438,0.0,0.0,5.0,6.0,0.9132021069799888
12-15,-13.698624880055862,0.0,16.666666666666664,6.410250532086098,-16.94915733677141,6.944445824181537,-17.99999475479126,0.0,12.50000169331378,10.389608479527276,-5.797104579113893,0.0,5.0,6.0,-0.1278256962464223
12-16,-13.698624880055862,1.3333320617675781,19.178087896109595,5.194800369332063,-16.94915733677141,4.225348210765052,-17.99999475479126,-1.6949238156632322,14.5833321691801,6.7567582806154425,-5.797104579113893,0.0,6.0,5.0,-0.40567886488548516
12-17,-12.328763208552237,0.0,14.084502430904152,5.194800369332063,-12.903223015391266,2.816898807176702,-17.99999475479126,3.389827426361236,15.463920756548841,6.7567582806154425,-10.144926534683554,0.0,6.0,5.0,-0.47251662020665663
12-18,-6.6666682561238755,-1.3513500451867637,10.294116486933829,5.194800369332063,-12.903223015391266,4.225348210765052,-19.60784817878589,3.389827426361236,13.684210196096135,8.000000317891438,-10.144926534683554,0.0,6.0,5.0,-0.4904760852326331
12-19,-11.11110835163694,0.0,15.277779157514871,3.896100276999047,-6.451616314521787,2.816898807176702,-15.094348534692829,5.000004967053534,13.684210196096135,8.000000317891438,-8.695652549493667,0.0,6.0,5.0,0.6101889976988754
12-20,-9.589039865545004,0.0,14.492757128607561,5.194800369332063,-8.064517989739157,0.0,-17.30769936149668,3.389827426361236,16.842101960961458,8.000000317891438,-13.235290121660967,0.0,5.0,6.0,-0.02308834460733807
12-21,-9.589039865545004,0.0,11.594200519873441,6.493500461665078,-9.677419664956526,-1.4285700905079517,-17.30769936149668,3.389827426361236,13.684210196096135,7.894737254879816,-10.294116486933829,0.0,5.0,6.0,-0.4366974675470239
12-22,-8.10810832580222,1.3333320617675781,11.594200519873441,3.896100276999047,-13.33333002196431,0.0,-17.30769936149668,3.389827426361236,12.765957986461249,7.894737254879816,-10.294116486933829,0.0,6.0,5.0,-0.6807582224878891
12-23,-8.10810832580222,2.6666641235351562,14.084502430904152,3.896100276999047,-11.475408394405292,-1.4285700905079517,-17.30769936149668,10.937499126885067,17.708329258796986,7.894737254879816,-7.142858967489158,0.0,6.0,5.0,0.9770989443582433
12-24,-10.810808416175734,2.6315764707211,15.277779157514871,1.3333320617675781,-11.864416197229556,-1.4285700905079517,-17.30769936149668,9.375000582076622,15.957444312616726,7.894737254879816,-8.695652549493667,0.0,6.0,5.0,0.19689360205609363
12-26,-17.142858115994215,1.3333320617675781,12.857139329520963,3.9999961853027344,-15.25424362359079,2.777783296726149,-24.000000953674316,9.375000582076622,7.058823611909541,3.9473647060816504,-11.594200519873441,0.0,7.0,4.0,-2.220155286645627
12-27,-18.84057908417722,1.3333320617675781,12.857139329520963,1.3333320617675781,-13.33333002196431,1.3888957875743526,-21.568630659227384,9.375000582076622,7.058823611909541,11.842101960961466,-11.594200519873441,0.0,7.0,4.0,-1.6790095741386877
12-28,-17.142858115994215,1.3513500451867637,15.714288025486264,0.0,-11.475408394405292,-1.4285700905079517,-21.568630659227384,9.375000582076622,7.058823611909541,14.102558812210821,-5.555550036607185,0.0,5.0,6.0,-0.7974163516560013
12-29,-17.142858115994215,1.3513500451867637,12.857139329520963,1.3888957875743526,-13.33333002196431,2.7397315080268676,-26.530610755402478,10.937499126885067,5.9523754615900915,4.054058190241914,-8.571429057997108,0.0,7.0,4.0,-2.1914315418610077
12-30,-17.142858115994215,1.3513500451867637,16.9014096331015,2.7397315080268676,-13.33333002196431,-4.347830593924006,-28.571425095939134,-3.2786853209006517,2.4096363046584477,7.792208294861243,-5.555550036607185,0.0,5.0,6.0,-3.41961194995789
12-31,-17.142858115994215,-2.7397233430072485,11.594200519873441,4.054058190241914,-6.451616314521787,-5.797104579113893,-24.489796414865822,3.076920255401327,4.705884745376678,7.792208294861243,-2.7397233430072485,0.0,5.0,6.0,-2.3447958420629673
