,2009,2010,2011,2012,2013,2014,2015,2016,2017,2018,2019,2020,ups,downs,avg
01-02,-8.559997558593764,-5.978517962484814,-2.7219214462669075,11.097559372914947,-4.7552468893411275,1.3709898087861023,4.52873536907653,6.891276576404586,7.245653161849296,3.798512412949458,12.630142660590005,-1.7483218790870285,7.0,5.0,1.9832386355664402
01-03,-6.8000030517578125,-8.92943167145549,-4.335529890274433,11.421623726213163,-2.4055961128715038,2.467785839743829,9.399117866999543,7.458139937269399,6.620029457887987,3.5342682355289248,16.14606532406046,-0.8417858282643461,7.0,5.0,2.811223652756643
01-04,-7.661296711007909,-5.485821908971288,-1.7621128188889574,12.575934728347624,-4.167836862844187,4.0983608266011755,9.022978244823276,9.361959485050004,6.944788568753767,2.3781975967847933,13.399724918119546,-2.1765261480119222,7.0,5.0,3.044029159896327
01-05,-11.809052350411905,-4.606792841611336,0.7237301592684088,14.125145716345012,-4.825435098008919,5.237587455331296,8.567459709847428,13.243322115720233,6.320256948409832,0.6110634790203303,11.918914223558817,-3.6963058790292505,8.0,4.0,2.984157803203328
01-06,-14.273570825507573,-6.328527802868389,0.0944011516592514,16.099628263988173,-3.9110842820523115,6.149740529198466,10.614839372008515,15.570243521453087,5.9205570925735636,3.852427130780304,12.835598408022763,-5.380706780556499,8.0,4.0,3.436962148224945
01-07,-12.574337168016827,-7.445325260636221,3.2095671356995696,14.747661062593199,-3.0125575370227824,6.761471496678594,10.945688366687987,15.369152765743078,5.533591623271501,4.907970888328708,14.39786833525622,-2.1300080478702617,8.0,4.0,4.225895305059397
01-08,-10.875103510526083,-8.145423355041236,3.2449267798300805,14.5151542894768,-4.119000226306703,8.290850857621109,9.346565610320528,14.008806629350232,3.7987379158068006,2.0944121089245837,11.779560815692436,-2.9687699186472822,8.0,4.0,3.414226499708439
01-09,-4.51063602528675,-9.530394418107186,2.422908877051217,16.340456514715317,-3.1178494883657186,9.92755759993212,10.24726154003516,13.727778499851171,4.8282693180046685,2.291599203157785,10.219847146915836,-4.2931236766861165,8.0,4.0,4.046139590934792
01-10,-5.627702232002421,-8.878720824658972,0.48138517093968347,11.56850545474219,-4.033180447188176,8.563823235849553,9.624226038798533,13.727778499851171,6.3390707191435105,3.9189647334982474,11.170529548207698,-5.707867225904143,8.0,4.0,3.4289010559397384
01-11,-9.909904414343451,-11.428573725812965,-1.05938981620323,12.890622492592977,-6.734396642800747,8.643617372050908,8.461117507820285,11.164463827808309,4.889438921777244,4.13484162735414,11.974979131094452,-8.463990981330692,7.0,5.0,2.046902108333936
01-12,-2.9535815740792306,-7.634656354298356,-2.086676168508234,11.628602986284513,-5.0242711891575915,9.70032164194837,8.360743627557548,8.430846741426965,2.23587181905101,1.9783913735966525,15.01178408812604,-14.816595873410593,7.0,5.0,2.069231759878092
01-13,-3.86266761952241,-9.367681331452623,-1.5088321876689021,15.55816351336625,-8.205885045668659,8.740703955569538,7.81848132091551,12.211225258261752,1.744469462317962,2.7230969034494854,15.781023902614633,-17.112371383817056,7.0,5.0,2.0433105623637897
01-14,6.008582250524111,-9.086653392949815,-2.248284831221413,12.603306738919231,-7.353371532251557,6.092607585721195,7.053039097620789,9.69097291370522,1.2110674119060243,4.10737533838937,16.46394343156171,-15.999996300899639,8.0,4.0,2.378549059252103
01-15,5.57939604990541,-9.689731290549366,-0.9247417172657493,11.241006988580143,-7.6388868192832495,5.415651187307729,6.916354476085021,10.138389497785509,1.0153537309731238,1.3311135729978838,16.28313941678806,-16.58181855172822,8.0,4.0,1.9237688784663582
01-16,5.57939604990541,-8.785647964677377,-0.3805865184633106,12.834855618710868,-8.188651342313104,6.715406232717417,5.418853148174788,9.120811490178912,0.3738726699277955,1.1337117545273454,17.346348713759284,-16.90908720999055,8.0,4.0,2.021606886871456
01-17,8.37005049348233,-6.820236090827686,-0.3805865184633106,12.058205462982132,-9.86689731455701,8.17694182157014,6.475407187682071,8.07623071001943,3.0089732863807264,1.000330908136466,17.637640225952758,-22.47007205283022,8.0,4.0,2.1054990099606523
01-18,2.8037401503044226,-4.646014244855776,-0.9569353537803018,9.236705886938093,-9.370465412970015,5.06089010358114,7.160291473090882,9.928874102446672,2.6692513917952443,2.534178841887666,15.974346286216281,-13.708892856075625,8.0,4.0,2.2238308640482236
01-19,4.936014465862599,-2.159827249412903,1.5948963123315896,7.573500054608956,-8.454815132314923,2.7446572557403752,5.858088647855608,9.982224820595631,1.9412745810081207,0.4891988981136157,17.35584657897684,-10.243785624743435,9.0,3.0,2.634772800718506
01-20,12.236292964233755,2.2030247830915983,2.83891957310193,8.762732038549858,-8.486438523524189,3.864071752685505,6.013176103277121,12.233410444609975,0.07361663631133225,-0.48805271703779185,17.08298121587529,-13.025710380780323,9.0,3.0,3.6090019908661723
01-21,7.257388883264312,5.399568123532259,3.097343745704859,7.924857293148123,-6.59025540544765,2.9598883808019343,12.657877360723733,10.545016989302002,0.6773071559346547,0.1671999440264582,17.379494641853928,-7.978414532827258,10.0,2.0,4.45810604833478
01-22,7.172998768834665,6.184661261182828,0.3217515499202058,8.032834131016209,-6.498712962871956,3.928082776500115,13.371771490195528,8.289089223626995,-0.1219289290523021,0.5330663024011042,16.119666265512233,-7.450347627478152,9.0,3.0,4.156911020815623
01-23,5.7522173560452,8.197403165959434,1.7443740324501023,3.684368642415171,-5.067278678212324,5.089903388442956,14.297299771695524,7.518575250880101,-0.19522164945910517,0.23259576813863966,15.045019631896675,-5.923540347331446,9.0,3.0,4.197976361076743
01-24,-2.867380817199773,6.991523694320892,2.3329123175819615,4.99243466450691,-6.641854207142537,6.675857017780153,10.828545577026967,8.443661952072205,0.7801065120750232,0.36550491946385016,15.045019631896675,-9.933701984709554,9.0,3.0,3.0843857731393975
01-25,-7.793426792822709,5.874781088392687,0.1565470994775231,3.237518062101447,-7.405310494029157,7.70913988070783,10.633052588772223,8.845924441729009,-0.6582166132388965,-2.9074597772518427,12.698181410911523,-8.83760505751966,7.0,5.0,1.7960938197691647
01-26,1.880344193292981,5.954391170780193,-0.1252317079208047,2.5416041512217804,-6.320224989997135,7.734358620532933,8.29583984536962,7.496343364292514,-1.4870809447689883,-3.7951622634013567,14.0595505006645,-17.505962423462137,7.0,5.0,1.560730793050342
01-27,7.090471122867135,5.405408235428679,0.6887952943787141,6.152057423704392,-7.072136090275058,6.868970147494631,8.725755801457383,7.87701997426783,3.9324512379083534,-3.3168352918174238,14.209080583307394,-12.797350821123162,9.0,3.0,3.1469739681332385
01-28,0.5705024114668634,7.6858094230109515,0.6750272828712502,6.470590479233675,-7.4368406640020455,5.261691219356574,10.415508256125337,7.496343364292514,5.984736298810306,-2.943112338883607,15.01006056502886,-20.716798463432145,9.0,3.0,2.3727931528232107
01-29,10.513454502042121,8.294537258075255,-1.499345110485729,8.908623958593642,-7.457625073034207,6.737189009763162,9.00277046363264,6.585785238707849,6.762829388593072,-4.193710186993806,11.869223390520373,-21.70784288461116,8.0,4.0,2.8179908295669343
01-30,13.281248311977869,7.196649961537796,-4.112335501542152,10.169497552667057,-7.005648122425463,2.644757785827252,11.389269775611837,7.99431365948071,6.29753186921971,-3.585061987405991,9.068937301775374,-20.621767657914784,8.0,4.0,2.726449412400767
01-31,14.546899322769939,6.294887056677425,-6.461536374866466,7.1038285538808505,-6.073439600305951,-0.9083159210393389,9.997219222219103,8.41121808324164,4.796607475622907,-4.033195527262707,8.67092907807958,-30.489452912667925,7.0,5.0,0.9879707046957545
02-01,14.068746576187294,6.806718419394577,-16.642601023027428,4.4003415563810835,-9.352719725802995,1.4443560362369017,11.665301007073861,6.801154347155233,4.632018487065743,-4.713693199316001,8.750523176841048,-19.043091197968426,8.0,4.0,0.734754538351741
02-02,14.682542265557721,3.565365753943145,-16.02887546721437,4.946796658206729,-3.3524301369377882,2.329502683617478,11.617121718704814,4.991343190572746,4.937687595569262,-0.9031185932349063,10.076235784767542,-36.31128689658317,8.0,4.0,0.045907046414100115
02-03,18.14814673529731,3.225807496220316,-15.703965178012124,3.7351434327245108,-4.6113694132745495,3.2796006675614082,7.880428726371033,1.817660331473641,4.676174838892145,4.293470259983004,9.98890731788896,-26.927538885586504,9.0,3.0,0.8168721941282623
02-04,15.185186598036038,9.677414392953509,-6.882312583467014,7.843134950202174,-6.181920514154244,-0.312768314127178,4.211954535856548,1.2694709424294384,8.131209016678747,4.277720510594552,10.423861687072637,-44.92244445171093,8.0,4.0,0.22670889753035617
02-05,14.962966353804976,13.445373773827246,-6.069750115579444,7.713884662820368,-6.21387751646,-0.7961404849926513,4.755434881198592,0.9615326902441133,7.4901165270621215,5.5979242303215395,9.530963835750471,-45.977931490890825,8.0,4.0,0.45004144559220843
02-06,2.9345398377892553,11.889593748496608,-2.0981266240630565,5.48692838856827,-2.8901735378628777,-2.814903980691599,4.307694868607954,0.08756211548910957,7.166199075372239,3.5328317181946165,10.898391755287637,-46.87349773033742,8.0,4.0,-0.6977466970957723
02-07,-0.6097555213709049,12.039000145052286,-2.4619316516742806,5.240544422435995,-1.1560738252000002,-2.9808704096111684,6.839945423213776,-1.3321515074039911,8.53036707751741,3.4521747804518403,12.074380600701387,-43.97696755176067,6.0,6.0,-0.3617781681373599
02-08,1.4925359325276957,12.44726020242359,-7.133515218002287,5.727377161716519,-5.435111168917591,-3.053440383570659,5.33778681813745,-2.947367044319784,9.527122550997905,6.743023377958325,10.81416017378078,-43.25265679999216,7.0,5.0,-0.8110686997716847
02-09,-0.5331279071904075,6.724508843229854,-6.413615923016,5.756009240918882,-2.697953151935729,-2.502810335426232,6.250001312877631,-0.5413543012805451,8.484005329611424,5.073296100815091,8.277909474591967,-36.10402031141411,6.0,6.0,-0.6855959690181811
02-10,6.225983131180296,7.548806198312297,-5.5301065562551335,4.642956429721255,-5.672906163970725,0.0,1.2849136711613676,0.4812025486078477,9.208103421855565,-0.386748843980605,9.784271299363963,-24.279443169388244,7.0,5.0,0.27558599721732396
02-11,3.9200631814721243,7.114965049593564,-3.643334472012509,3.5294140086454298,-2.667838848223162,-1.541005423609323,1.3128419441956662,1.804506689085996,7.213646259838296,2.8320278363631317,10.77770360165173,-12.978240582329395,8.0,4.0,1.4728957703892958
02-12,3.9200631814721243,9.631233782364344,-4.933470923271293,5.502736668946013,-4.925242671106694,-0.3577354638673101,-1.3407808728091661,1.0542237372749115,8.20793944076852,0.15052709685528332,8.249831519715748,-15.853963207012708,7.0,5.0,0.7754468574441479
02-13,4.834997140074865,7.2844848210405235,-4.122391708359087,5.774208724314197,-4.807972325719469,-0.7154604304939383,-2.438334559653376,-1.6980029747236398,7.787451987543781,1.1540432026102507,9.032260767160006,-14.316074603227143,6.0,6.0,0.6474341700472473
02-14,3.864738268615807,8.89453759924511,-4.055365782447602,5.0101349649440925,-3.2834913862325767,-1.3961186785461974,-1.639812973055619,-1.3293125730814421,7.653529329288099,-1.2711127444318755,9.938226513953099,-11.8991354458666,5.0,7.0,0.8739014243653581
02-15,-0.25188692993736655,8.037619537513201,-1.2726681980477086,4.662614153687363,-5.054682210814819,-1.74103164735675,-1.096736149007476,1.555617211752985,8.272228828692102,-2.458600741757313,9.351922880735893,-19.057215439001165,5.0,7.0,0.07893177470491224
02-16,4.784692051793794,8.037619537513201,-1.1135869490020123,4.170282877543463,-4.640981408304816,-2.0463846351286454,-2.014753265197763,3.7313410774023317,7.2410629963520865,-2.6346316367674762,8.411337708927261,-14.387098743069556,6.0,6.0,0.7949083010051559
02-17,7.226109661580478,8.12312812359947,-1.9726341898338242,2.9126261535138007,-5.0395468859586625,-0.7271760032227346,-2.014753265197763,0.08610441781139519,8.240996583503565,2.4168720869233553,9.83037310051062,-19.137208927488253,7.0,5.0,0.8287409046451207
02-18,8.547004176974982,7.0970495542072065,-0.37902981620895637,1.7196156484190133,-3.0468454461024628,-1.0264750497471757,-2.9228113797913067,2.267511228666444,8.59872351688021,0.6276859305725109,10.249932144843678,-25.566577113134304,7.0,5.0,0.5138152829649867
02-19,8.702407890584285,7.4563274443908725,2.5031265956738276,4.068279496724787,-3.3141143685791405,-0.6753106345453086,-3.2917133716282443,-0.40972552486979424,8.117995138856116,4.4927794183916125,10.190230436748084,-28.342779842361143,7.0,5.0,0.7914585566154964
02-20,15.322581378167024,9.03413836360925,2.227803492704167,1.662291279106117,-0.7492746853507151,-1.5667153138454033,-5.085229763437839,-0.733998796007224,8.90954488958566,5.423676670076966,10.442994100489592,-26.06232567076266,7.0,5.0,1.5687904953612446
02-21,21.499291994632724,9.109818846317532,3.678512157151835,1.662291279106117,0.720461079260283,-2.312921018016582,-2.728554828467922,-1.4488518122068057,7.822894782003485,5.329349720359473,10.68245174258136,-24.006751874108332,8.0,4.0,2.5006660057177648
02-22,19.62346093992508,7.610990554309394,4.825906383791869,2.9454713014402847,-0.8347642107623225,-4.333521313025947,-1.4726278260052956,-3.718257177004227,6.629959576811016,5.439394829858878,9.553638250214448,-19.091953436434697,7.0,5.0,2.264808156093207
02-23,16.91616267428558,7.133533736301873,4.856450758774028,0.4666078831734809,-0.44313599007572224,-3.2853625422641093,-2.1824251333676377,0.08995136632508793,6.629959576811016,5.722246161586481,9.223428530235445,-11.95638250192584,8.0,4.0,2.764252876654974
02-24,11.302390074934094,7.133533736301873,6.261457053490263,-1.04384820030017,1.306243114582299,-2.3130731664675186,-0.8013288934289268,0.05995995196794093,8.253967155541908,3.3900982834280042,8.39796587565005,-11.535879439401734,8.0,4.0,2.534290462191507
02-25,12.799401812052619,8.873419001689236,2.5481655905774954,0.2690587459944255,-0.08830962089748806,-0.9115285778613988,-1.0776546536199083,0.3298254893164026,8.82817739125703,7.119257356727698,6.979901456070579,-9.34942093358405,8.0,4.0,3.026691088143554
02-26,12.799401812052619,5.024026427236787,1.8979424847139226,0.17952591825543912,1.0109719379533393,0.9919542612674961,0.05526515203817668,-1.7031555365026954,10.998452680726677,8.830903017496878,9.322486557400172,-10.663979373311019,10.0,2.0,3.228649611610649
02-27,15.42473683350282,7.480154169242463,1.468747854232777,-2.425547813722816,0.17330317863903738,0.0,-0.687757938086254,-0.15147850439362623,9.135908379964805,12.262775950188184,9.847688602109846,-6.4386253868169385,7.0,5.0,3.8408254437383587
02-28,21.897810523844946,8.208960948145172,0.8490520657006044,-2.1039998596576677,0.4332689653652788,3.7760435034416715,-0.9860329413908658,-0.18182234330610794,9.720971710894322,12.437956872647696,9.913343866492013,-10.514365941240513,8.0,4.0,4.454265614244712
02-29,0.0,0.0,0.0,-1.2022774441780708,0.0,0.0,0.0,2.2760875438583246,0.0,0.0,0.0,-11.253092943909577,1.0,2.0,-0.8482735703524437
03-01,23.57142993382045,9.816700294531929,1.4379465075456426,-3.2461617117453136,1.2949662242861755,6.360334199958863,-0.8755121792171099,2.598145863277899,7.268226017214709,13.459855796646888,9.842618142193142,-12.411064531709481,9.0,3.0,4.926457046400316
03-02,23.625984050971542,9.163982541013157,2.0006233017427233,0.6995093816977481,0.14560057320436234,7.984696446930702,-3.277305725326222,2.5404188326233674,8.303327499410056,13.771593366468238,10.347482113144006,-9.976795154793706,10.0,2.0,5.444093102257166
03-03,21.294964887631775,6.953374600447629,1.0940931040134523,-2.46320117835065,-2.603239958853339,8.265513797620413,0.027490574173333077,2.1362525312014693,7.184554775848427,12.69887679413541,9.930169432938843,-12.080809724852694,9.0,3.0,4.369836636329505
03-04,14.74819635482339,7.71704236759623,3.7770877466606665,0.0878698882050511,-3.2520381235410594,7.197350046597128,-0.13747384803112145,0.8836501629420445,6.476625430817222,13.581849206078859,10.543211499800552,-17.319866141887626,9.0,3.0,3.6919587158384446
03-05,18.705032367981612,2.7653529929084484,2.293150792131854,-0.7681008802090343,-11.572892454503352,8.062050339645822,-1.7321998532227596,-0.9204316225715211,6.774274251488179,13.531873707431396,10.22216361077762,-11.717167607060185,7.0,5.0,2.9702588037331736
03-06,20.85106705331283,0.7151875179641275,1.0047086059389625,0.15327786234744992,-11.668796478283257,7.807730718849242,-1.6398003337807139,0.17620428763019683,6.412600166272749,14.377409418488002,11.570568663715564,-8.989968188231606,9.0,3.0,3.3975157745186286
03-07,23.10469801301101,-0.12728335610500358,5.457264979750617,-1.3182106660202026,-13.107417811599193,7.532860057604241,-2.9627626761996786,2.187045529591931,6.245709447306122,14.149196829671576,12.520867671894308,3.8970933385336033,8.0,4.0,4.798255113119944
03-08,20.581657421975784,0.7151875179641275,4.887553929069723,-5.640711872584874,-14.359137275493634,7.131982904735007,-4.049050459079838,2.2056730482075473,6.154195111078296,13.935245147211075,13.144945894048698,2.1778588520461195,9.0,3.0,3.9071166849315024
03-09,25.26316057171738,0.8081690013095222,4.2278800736905655,-5.919008150142712,-11.514188086231423,7.320160646295526,-3.2541073030943197,2.1770218414639784,5.170437814847804,11.494088807175869,13.092237033442261,0.7627588428082874,9.0,3.0,4.1357175911068955
03-10,13.970592050816267,-0.7230968721348546,6.71663558098127,-6.889161085462417,-10.572409237915478,7.155543531445602,-2.7745749754525533,0.8307101598249779,5.731631727476476,11.133843475686266,12.828616245614826,-2.0644040983975995,7.0,5.0,2.9453272085402316
03-11,9.779410929415901,-0.5104165491982615,10.266155198939426,-10.19570552753,-8.869717108546519,7.454680381528177,-4.335260306794306,-2.8680228546932045,4.837978797527367,11.159800601547566,11.417928743846577,4.36249432277729,7.0,5.0,2.7082772190683344
03-12,5.882354178643096,-2.049528354708207,13.87849052218516,-8.416146025660142,-5.32137141613764,8.297166586483682,-5.057803691260021,-4.653229450863368,9.48202095339996,13.114286150251116,10.27193448573021,13.25629645478801,7.0,5.0,4.057039199404322
03-13,12.334497635618797,1.1691051262043426,13.75432645844521,-7.631505572543248,-5.8295985604279625,10.058715371175806,-3.894975418535357,-5.402989174003032,14.131977836492704,12.123424150058302,9.331097055657297,1.3277868779321393,8.0,4.0,4.289321815506249
03-14,18.02096958553915,1.5391049298771713,14.883322803292337,-5.71602646093975,-4.843046023722763,9.900478156112118,-4.858522053996837,-6.355423379107041,13.946829206569506,11.889437818033242,8.09382533277692,14.401809099654168,8.0,4.0,5.908563251174019
03-15,16.65556270405358,-4.273124584815606,17.06833110187426,-7.449075124369084,-3.591578950705708,9.407578415157761,-4.144192743239449,-4.016786954650387,13.02659007732521,10.938865206177208,6.879196696082373,15.682411321301052,7.0,5.0,5.515314763682601
03-16,14.49077148992283,-5.966162988467265,21.462998572652143,-7.692305036758029,-2.6801598037714163,9.083944075893676,-4.948511406010573,-3.8968801357190808,12.535789114180504,10.852032938754503,6.777027786408922,16.720675658770762,7.0,5.0,5.561601688821415
03-17,17.43119139918269,-4.897597623813783,17.607034055068556,-6.608860615815821,-0.08707918325840543,7.861384134409932,-5.4038436445653995,-2.8776950446900686,11.850946085301944,11.900274443672906,6.861348495247574,12.101910828025478,7.0,5.0,5.478251110730468
03-18,11.533422034626001,-5.966162988467265,16.16530798238011,-7.671400992766039,0.7769797345717177,8.284476262868527,-5.77751729990932,-2.1771535007840797,12.940460209456065,12.45859352997017,8.271824699081657,20.343950599621806,8.0,4.0,5.765231689220779
03-19,12.90956905295642,-2.1691974687620963,13.920538767932337,-6.896561190377788,1.1062511507948025,10.349226155151722,-2.7594109204067108,-1.6857240759062717,13.274153836729724,12.483799207949062,7.5558369932842835,20.36942888976662,8.0,4.0,6.538159199926009
03-20,12.823922131003936,-2.565218054729959,13.269881065176214,-2.654088852635578,-0.7278020701757738,9.355080835507199,-4.42856924874442,0.8220862674823951,13.864953296136148,11.780703507490161,6.6624139404767,17.8877678253838,8.0,4.0,6.340927553530903
03-21,11.258282913857697,-2.2540115502486744,13.05080377906619,-2.978467490645759,1.9796225193083665,9.931248995205626,-2.0425566544769502,-1.4719070300204864,14.78018746273613,11.265386291334533,7.351630183034389,12.31053595514192,8.0,4.0,6.098396281191081
03-22,15.723270817481247,-7.716897550206599,11.79999760219029,-0.3538747638594387,1.4450867689314286,8.98387087010443,-1.1245474537833926,-0.635590431760448,14.183411583824803,13.097625888831008,9.733047205867063,10.614001737857757,8.0,4.0,6.312450189623179
03-23,13.826370069664845,-9.97680557770714,12.685715811593182,-0.23585446749209582,6.225242652632936,8.562607530520522,-3.989595438067635,-0.48426102596416515,13.58663570491349,15.17615075883691,10.018785413743936,9.236021815279544,8.0,4.0,6.219251103996194
03-24,18.193141815715176,-6.960557090973735,10.599997384207589,-5.405401648347702,5.93244445002685,8.633085698177844,-3.8604473176908574,0.18160221437166374,15.845620182381898,12.190942468456365,7.36204134116812,0.02743776594402717,9.0,3.0,5.228325605286437
03-25,18.940804689629797,-6.960557090973735,9.991236114607629,-4.171666873887618,5.422378642224714,6.82514887997386,-2.373457212995583,-0.8838679935751029,16.805767081189384,11.341997227876693,3.918160407869601,-9.742050454293404,7.0,5.0,4.092824451470519
03-26,18.816197181592184,-9.176474178538587,9.395976590871765,-7.361574756026915,3.3437242124201725,7.106336541924193,-0.8578759696552134,-0.6997248241867396,14.218658920187762,11.239529697764873,4.458179048964478,-10.46927163880301,7.0,5.0,3.3344734022095808
03-27,20.63897521385157,-16.707865272356738,8.810572884638296,-7.937988754390746,4.137146632462285,6.620654967546305,-0.5115098385913811,0.1207028251782424,13.559323690434546,13.48574679860187,4.195163602049422,0.8785990920898965,9.0,3.0,3.9407934867927974
03-28,27.861903801931494,-5.1670370066402755,10.750220120855387,-7.069763656734496,2.918681120070343,6.581957440967194,1.4139127414697044,2.4462181656039763,13.355823821698367,12.675447921958725,3.813784180645278,-0.5318506701080922,9.0,3.0,5.7541081651431325
03-29,26.024847420998153,-6.112362293714871,10.769672696342427,-5.395354041757532,2.4020592601254735,6.1459609681731155,-0.7650905377133999,-2.067101871270085,13.395515145385465,10.794384341758024,2.18949245291309,-2.0273840627811994,7.0,5.0,4.612886623204889
03-30,25.79438994669168,-1.2554069410810107,9.735782364617137,-8.062996451310285,2.457846725056954,6.790432832319605,-1.4261265841846313,-4.373873690097798,14.030561183687176,13.353372641038147,1.4868384913394326,-3.7761109846015564,7.0,5.0,4.562892461122904
03-31,18.834950701209873,-1.601726951405433,9.07524375389878,-11.023378696421787,1.1584063866850378,6.3617728732721295,-0.5134064407450563,-2.3666778776249973,13.481602250889063,13.699216537873262,-2.84340605501422,-3.018136790611842,6.0,6.0,3.4370383076670676
04-01,16.69902883855614,-3.9826842471913717,7.736721571584841,-13.313994220401696,2.624816516322625,4.721580946757554,-0.3993137026945188,-2.9314028897859146,13.730517405864298,13.72381003948758,-0.06683113066261016,2.2566867050491846,7.0,5.0,3.3999113194071753
04-02,11.715207043931155,-5.531168528982932,6.374853166658112,-13.570276767064495,2.27527413851595,5.003850915723109,-1.3975979594308159,-3.9016912059330444,13.917322442923155,14.418995273204915,0.5552593499925259,1.7305827798774542,8.0,4.0,2.632550887451257
04-03,9.067523023261618,-8.827527159211026,6.566988364222929,-10.577235286798238,2.5280835667335437,5.696692715328267,0.8539877826698615,-2.8588765090416324,14.839336238198767,13.189079661143838,0.6213659763295107,3.175705028629009,9.0,3.0,2.856260283455537
04-04,9.501964531565307,-13.182679729670147,4.979129489292347,-8.126406100661617,2.415721439649645,7.742918364996833,1.3161489612560011,-4.350508651806414,12.480160168839696,12.3346158343168,0.7800057412102092,-3.066887537257619,8.0,4.0,1.9020152093109204
04-05,14.489159468639823,-14.804203927443895,4.964754394690285,-7.868431202993216,6.206710083114757,6.284980798871394,0.9631218289804251,-2.0987662751578906,13.511907077610456,10.887533299742667,0.6189927812644659,3.0923835666185315,9.0,3.0,3.0206784911614837
04-06,15.792678409499155,-11.926173960492697,3.819034083713979,-7.876044747458518,4.93929589575858,5.853775979946723,2.3602792118251887,-2.9320892083396592,12.500005676632654,11.649406718458795,1.3456520203098903,3.994317402928875,9.0,3.0,3.2933447902319144
04-07,19.711537579812926,-8.80265349846839,5.464161458066012,-10.115313834888681,5.66812614698139,5.75742040577913,2.774746163328616,-1.4814799988603002,12.88355471558183,8.443343353383225,-1.3279074349790565,6.072822890297538,8.0,4.0,3.754029828836187
04-08,19.350958121775044,-8.329390907642544,6.050861590825794,-7.702215370328321,6.181918252453204,5.080413471520756,1.5505977172211471,-3.512069467923254,11.421323993357866,9.525743790839917,0.24012847835408632,5.694852105388878,9.0,3.0,3.7960934813202143
04-09,17.668267357102454,-16.39105509129899,5.016321447306845,-7.980605315407656,6.547448014646759,4.774059278275216,1.1153423997082732,-2.611940785365037,11.71434234143284,8.531390309610448,1.8133341471354167,3.3765909190310466,9.0,3.0,2.797791251848135
04-10,15.865381529345202,-13.239444615876986,1.930741794338606,-7.243986811975185,4.759283672234462,1.96578166724775,0.6800870821954186,-3.7083605169478298,10.864444849147063,5.212403374503919,-1.5466715494791667,4.371930327106554,8.0,4.0,1.6592992334866505
04-11,13.043480321197501,-19.111115255473575,3.5563601396101006,-9.5488954178227,4.401646606010704,1.6594274740022088,0.8410237877314536,-2.293867690541264,12.965144082516423,4.276128651469287,-3.3599955240885415,3.984821510780271,8.0,4.0,0.8678465571159891
04-12,14.373090682817963,-19.346867550156382,3.9855064534843705,-12.9733303430395,5.529569204698028,-0.2557603394397761,0.3000562215204909,-5.784872780798663,12.769291583243525,3.703177734619862,-3.5999959309895835,2.579902505136205,7.0,5.0,0.10664728675804502
04-13,15.40785108527566,-20.935961377973953,3.411833324906159,-9.614751384931646,5.406180478684576,-0.6418485111760834,-1.5559809182470878,-8.317698203525694,14.120647679695148,4.262151378451246,-3.951605849079299,4.839519191284201,6.0,6.0,0.20252807444693569
04-14,14.154408756974346,-22.561576826784364,2.4758445690491895,-16.837782997638044,6.12359662532151,0.3305391865316072,2.191778731672731,-6.160103967798111,13.846454180713108,3.6743207316828426,-2.1124881426573925,6.179707896335454,8.0,4.0,0.10872489528357325
04-15,14.828432117320661,-21.133010230341952,2.566420596417361,-15.768055797288898,7.037559221980061,-0.5112494079759172,0.3561673099047322,-5.315824850761,14.349686223327943,2.972105274304161,-1.7363848370343393,10.206799119865543,7.0,5.0,0.654387061643196
04-16,13.602937223451992,-17.09360271486189,3.5140805787523233,-11.934424228355557,6.818182791219603,-1.1247506478013185,1.4246587883936215,-5.942750104803289,13.541665182798432,-1.3026923208781307,-3.180073522008281,9.6021311004707,6.0,6.0,0.6604468438648506
04-17,15.238676547526248,-10.140187453157433,5.741345017739065,-14.823605833588335,12.23344213712102,-0.7157530716748494,2.583843908212789,-5.548670206633433,13.234711999013445,0.9735151324702325,-5.0351071431026515,7.699545168984319,7.0,5.0,1.7868130169092016
04-18,18.628639442350504,-11.653240233760902,8.739257911342932,-10.651287104498532,12.65432184657039,-0.534757020689414,1.9020987557364513,-6.107818869282864,14.380618535493156,-0.37222926544054735,-5.154365081130174,8.330364835554592,6.0,6.0,2.513466979353799
04-19,20.884960213497006,-12.291567183607524,2.428325990766623,-8.887377790257617,12.309821784526923,1.151725338731071,1.956949270285855,-7.651800849160153,14.595547432905528,1.975658244186327,-3.9001985045184746,9.449469211242963,8.0,4.0,2.6684594298832103
04-20,23.80682070023752,-9.944493686738024,-0.02925196443514691,-10.15177156022857,9.943663906043694,-0.22848477781784982,4.959354350625868,-8.14746334439769,13.07150954829602,2.0606681004717498,-4.808590522632237,10.70725786011334,6.0,6.0,2.6032682174615567
04-21,17.867436964327744,-8.741902480497114,-1.6091258986245884,-13.345257389696238,10.221851262588725,-0.10142220314445452,5.076549591423683,-5.855016917970275,13.875969106865508,3.1546233978164113,-4.283642918605817,14.657685501966647,6.0,6.0,2.5764790013708527
04-22,21.61383237780849,-8.325620569792592,-0.9900994498460068,-13.223734179674427,8.709312120334427,-0.07617770056682703,7.064198497052312,-3.879316976565824,10.771580068571282,3.9292772492553953,-2.753250320236404,13.557802511706326,6.0,6.0,3.033150302337179
04-23,17.291065902246793,-9.912802921788364,-0.40532537908967237,-12.022629193696698,4.919473587439447,0.5332729646367319,6.903034451850128,-1.66919339704285,9.980732471834058,5.402796067040416,0.8658012442693329,16.318744292403615,8.0,4.0,3.1837475075085777
04-24,9.970504176924527,-16.135265842925513,-1.7307132588648628,-8.017448305316515,2.049782523169139,0.4824846019623121,3.873625792047427,-1.4536630393155263,8.481876750380017,3.71388866792445,1.2095805533010924,15.01358942713803,8.0,4.0,1.4548535038687147
04-25,8.91989899385042,-17.268297148913874,-0.9019533980940067,-10.332103250202758,1.3470069652012495,1.4532648924453222,1.3165300018453732,1.004728578767129,4.126920334757713,5.942228165291102,1.3496276371753757,15.726610825775236,9.0,3.0,1.057038549824857
04-26,7.630767822265624,-14.749403532500583,-4.087681092196738,-11.204300972069582,3.616527887528164,-0.28146568705347774,2.491008854890823,1.0432145516548534,4.808248895003917,6.203569045603632,2.324411169988222,16.1254835134114,8.0,4.0,1.160031704710521
04-27,9.25030593685871,-5.975726807125987,-4.472755365237529,-10.618587936092274,1.4306151332911954,-0.564530149126528,-1.2938492775546626,0.5663148465861041,4.399451758856189,0.9760303187131192,4.4449914422476295,15.050167736114458,7.0,5.0,1.0993689697942022
04-28,11.654585831785456,-4.855270795865701,-5.361378741943084,-10.550917418747895,1.711835912072409,-0.23017942736609423,4.192936485659342,0.059613884406845966,3.5169973159975187,2.169932209439078,4.291369273448783,14.948735195076077,8.0,4.0,1.7956883103302281
04-29,7.850237191940458,-7.609706605792995,-6.102605015517474,-10.550917418747895,-0.5839438333998425,1.150308730128024,4.658812509572026,-0.9419671064367771,2.6894365308569865,2.417429632910859,5.182557234244558,13.46047757436557,7.0,5.0,0.968343285343625
04-30,9.118353405222113,-3.417267251363939,-9.035418348066015,-10.44029725119118,-2.4167394266104196,-0.281187661950316,4.083314908001403,-6.737704594671976,1.3139555115009365,0.20123528857633874,2.1053879191331673,15.136143607225879,6.0,6.0,-0.03085199118283377
05-01,10.545016989301992,-3.083112421501905,-7.752638239904516,-12.821377119933155,-1.2378372094539523,-0.3834394937997821,5.571930696570022,-8.471343270943796,3.2591762859843603,-0.10089319342077409,2.391925064458264,9.278960614241543,5.0,7.0,-0.23363594153347492
05-02,4.216871968996164,-3.685391886850421,-5.994066504547719,-14.715833762045852,-1.974648284465538,0.10227797213778714,2.5212440156874063,-10.620332447325834,2.347878592465544,-0.6918468952662673,2.466669752514673,13.7443510076698,6.0,6.0,-1.023568872585855
05-03,0.31348082340300143,-1.184212573677602,-10.241340979409369,-14.749657583811192,-4.094254369401364,0.5116417553306466,1.4135313479709999,-6.801414289523039,1.6435142683558512,-1.0521812998452238,0.27476111095495115,12.70232413758359,6.0,6.0,-1.7719839710057297
05-04,-0.6329077632166621,3.947366880027615,-8.292080230449264,-10.466289483828954,-5.195574131273625,0.9171990072651274,1.0019499228885442,-5.999361035149981,-0.8804554051371295,0.3843915878102373,2.231191518475483,12.073243988753742,6.0,6.0,-0.9092770953195721
05-05,1.644530183308734,5.482456323806253,-5.9096530490313715,-11.624788170885898,-3.6176457124597885,1.1689939067600705,3.8097857807686215,-5.2614735097301395,-4.025258293692261,1.4785233725873492,3.472309855022511,13.764702292049632,7.0,5.0,0.031873581541976094
05-06,-1.518019045376257,6.798242495293966,-7.261344724333517,-12.339851201083034,-3.678634540433939,1.443412219028335,2.7530530839112486,-4.982432106520104,1.2171508381905882,-0.2894422316255318,5.873791113662884,14.258826760684743,6.0,6.0,0.1895627217832816
05-07,1.0120227504099262,12.801728978593452,-5.84395764725306,-8.64036391241669,-4.068912447538018,0.9369529776033921,2.1412694031356474,-5.7097256344428695,1.3315295846632522,-2.5603128085645235,9.08206835343845,11.623526180491728,7.0,5.0,1.0088188148433905
05-08,-6.8608442246130945,3.1074635778320485,-5.385322778747708,-6.946749323910225,-4.8114132304177195,0.3545282309320448,1.1239031045968462,-2.6006197288824904,1.121636098677846,-4.012018101439853,7.550150862580737,8.693596992484192,6.0,6.0,-0.7221407100756148
05-09,-2.547774376204367,4.630416780778075,-1.0385711163128761,-6.682105485782082,-3.861013134704728,1.4883959678918737,2.8626503251050117,-2.252389835461923,1.9516875778419385,-3.84672793568885,8.376898953979865,9.635972768706084,6.0,6.0,0.7264533741790018
05-10,-6.693175736705502,2.603030342649209,-2.625366812945484,-5.028119354219569,-8.799756979110878,0.6819915552488895,7.1315765380859375,-5.569386899564954,2.628020503094807,-4.988729590654055,9.145249714684363,11.468535684490936,6.0,6.0,-0.0038442529121915925
05-11,-3.4704366792448296,4.012080642501652,-2.713858783289421,-6.599323347218244,-8.380408404881868,0.48088745831566865,7.375321971475675,-3.858126017470199,1.8164224670704874,-5.7909879485246325,12.814367602685254,13.49504475981091,6.0,6.0,0.7650819767692041
05-12,-3.950775085850765,0.34512477417089693,-2.1828844556382445,-5.6179760687175415,-9.272146716635165,0.8072646310579492,8.051402068780384,-2.9558207248921713,1.8016279047254118,-4.919259944137042,13.692940878839332,13.182976959351786,6.0,6.0,0.7485395184212358
05-13,-0.06476832353376206,1.725623870854546,-3.5279799565973784,-9.417989560377999,-7.737908272299143,0.22941665469813083,8.051402068780384,1.78032638338606,2.043967143878963,-7.457878850828637,13.467246608283764,16.03114836583099,7.0,5.0,1.260217177672993
05-14,-0.7124392055769311,2.472403864785232,-3.867236455124026,-7.521663943157956,-7.350681773412389,0.662753822500745,4.799375242045168,-10.70707145955324,1.6647321194187807,-6.787397879490396,10.201632298527258,16.170654005525414,6.0,6.0,-0.08124494695936206
05-15,1.6752591573009543,6.017701714140953,-2.1257456647794744,-6.724140561860172,-9.035212282927379,-0.7392325233527446,4.478782270310347,-12.95087728862176,1.9872709967318578,-8.34736846656417,9.2174751959977,17.447592160838717,6.0,6.0,0.07512539226790249
05-16,-5.901636842821465,6.431722214762729,1.8134744895701822,-6.931035272006343,-10.535983050360311,-1.9455253303325042,4.719452715956477,-9.27218644526125,0.8112844889488361,-11.134931139719814,8.869418407004027,12.311215043908737,6.0,6.0,-0.8970608933625583
05-17,-3.393084102780205,1.9390585376394913,5.387869693387661,-6.827584628401132,-10.622721414018478,-2.2477800524825184,-0.7764802236093784,-7.567211251749326,2.6463181761075707,-10.966451113974554,9.395171248254979,12.710709879509446,5.0,7.0,-0.8601821043430369
05-18,-5.76292818851349,3.055554795167113,3.9774324881994576,-5.565218718155583,-12.646522271385274,-1.3996813768822025,-3.3854867000015845,-7.534027309460265,1.7964077592282774,-11.75657224797467,13.288682267049785,13.3325804306678,5.0,7.0,-1.0499815893383866
05-19,-7.400125257966709,2.1759315389009486,3.4978890036107804,-2.6124369097445133,-10.365670260982242,-1.5840058087213222,-4.864862049049083,-5.841355054445542,-2.604172875484073,-10.995464480509602,12.786574502044978,12.518375728396661,4.0,8.0,-1.2741101603291436
05-20,-8.971832945743115,4.814818968334553,4.96474498830034,-2.6124369097445133,-10.365670260982242,-1.4801442076479185,-4.580360528488027,-6.73747342578372,-2.944714091791768,-10.995464480509602,12.786574502044978,10.24538903915787,4.0,8.0,-1.3230474460710968
05-21,-5.435493770951793,1.388894162550782,9.712225735506156,-1.5711995468813817,-12.672602174833953,-1.7138402393621104,-4.864862049049083,-4.878047247175408,-2.3297454012465755,-11.992082427649919,12.060064567019767,10.607256837099616,4.0,8.0,-0.9741192962478253
05-22,-3.2849049922290305,5.373830088924338,11.065679232918296,-0.7487026521025198,-11.537276170385754,-1.5320700553185609,-2.4594776359367096,-5.085861866766398,-2.5339195627071938,-9.938078722308587,12.013137166116644,12.263512404724931,4.0,8.0,0.29965560291078797
05-23,-8.24067546338187,5.018760366511539,10.944318745447662,1.139317975078665,-8.407492070076655,-1.9366702334403099,-1.896947874947915,-7.246375507252199,-0.8919737485316678,-8.080348207368813,12.717030278690405,11.367925292125955,5.0,7.0,0.3739057960712331
05-24,-7.189117142771904,8.121600912758016,8.796043620086765,4.882812609139367,-9.50476872384585,-1.7067589691261056,-6.54234156019091,-9.097053278562667,-1.209119130082701,-8.518349898257453,11.66316800694209,12.390156706789986,5.0,7.0,0.17385609607321925
05-25,-10.259820017960337,9.127701023098728,8.960973173493501,3.1527125378259373,-11.78482877335064,-3.3911695175611447,-5.387994349556725,-8.150151749355423,-1.80376577532303,-7.392357418650229,11.295216627629449,11.779671601033566,5.0,7.0,-0.3211510532230286
05-26,-12.432057994800026,8.72302407384458,9.263338778556623,-2.6936000555892696,-8.446452815016304,-4.32361017275519,-9.192969290528787,-8.691240180411857,-1.800723357586948,-1.139891352005452,11.584096679456565,12.821068970845593,4.0,8.0,-0.5274180596658723
05-27,-10.869561132952148,3.7769791422334076,8.97090008668367,-4.3448528144126914,-6.455434633180772,-3.5000048185649666,-10.740294338160423,-9.616031216485275,-2.3208911071360245,-0.08789562952841602,11.604655066201854,9.618532766244723,4.0,8.0,-1.163658219088089
05-28,-11.005433805512265,7.045348034448194,3.6975719937234337,-4.095565850464632,-5.270861366423382,-2.947365610223086,-10.376219898785502,-8.229344234232965,-2.3208911071360245,0.8274055739211811,11.315917451590014,7.017158507867502,5.0,7.0,-1.1951900259356278
05-29,-9.866663614908854,8.14004629890483,-0.43165906727742803,-7.055107915162149,-4.36309750276412,-3.3421064677991366,-5.894555027858274,-5.97754103334829,-2.8397597313276948,-2.4748786128622875,11.957535993973384,7.52747085068252,3.0,9.0,-1.2183596524789584
05-30,-13.150876374519758,6.669631014964756,-1.838345665888403,-3.474902699443963,-5.856515111674001,-5.1882995593155385,-0.6471568269877052,-4.595827357844711,-2.4449364385435643,-4.769762100664089,11.164255201285355,6.384612701751374,3.0,9.0,-1.4790102680733537
05-31,-10.423454994836492,9.486850850686505,1.3566973650232812,-4.071603568730327,-1.0532277843298583,-4.013732507618043,-0.392925583641705,-4.357724073456555,-3.414828388345572,-4.814758021049211,12.444912091183209,6.896172195184426,4.0,8.0,-0.1964685349941954
06-01,-11.001966305257211,9.369603154537241,3.3917488035943117,0.21420730257803747,-2.180780974193839,-3.358695247433813,0.027943884500600886,-4.975605786331301,-4.263480953916315,-4.324085319957724,12.309286072236402,8.071647647928506,6.0,6.0,0.27331852319040806
06-02,-9.316769965585982,6.649391270832801,2.9395163485865514,3.881831138517396,-1.9759521122194188,-4.788505532731756,-4.6214943208384245,-5.6260147715002535,-5.970452888179804,-3.1109846721038386,11.387525913609272,7.811332585998404,5.0,7.0,-0.2283814171345878
06-03,-7.763974971321652,5.915366756955522,1.0598651776052463,3.383976426856207,-2.8893382905659806,-4.476817554195966,-5.557128038089433,-4.702896351691084,-2.853750431100096,-3.8018944680834257,11.912219707436227,4.9194329904922816,5.0,7.0,-0.4045782538085127
06-04,-5.27950534987585,12.621357972616451,3.0983517428438643,3.848800084369054,-0.5166484052452306,-4.3178836241462974,-3.2038589550584975,-7.0340358167300625,-1.6650387884849953,-2.8876695615257337,10.204081632653061,5.751786834177375,5.0,7.0,0.8849781471327615
06-05,-0.6719529466320865,10.441238328425959,1.473983653249716,4.523970677316726,1.9804782539810977,-5.721853900429428,-0.9044649100155208,-6.722688713002674,-2.125151195474473,-4.159469271758494,8.40816219763575,2.7950962889170285,6.0,6.0,0.776445705184467
06-06,0.3067438000050082,10.402094615666318,2.7111893211123674,-0.641453819465541,0.0,-4.884604378711613,0.0,-7.838012909049809,0.6035852211974763,-4.634417725581827,7.68512692465379,3.3510654530626662,6.0,6.0,0.5884430419074032
06-07,3.0429607512950567,11.024309091131856,4.048020031527144,-2.059414874137854,0.3705845533912278,-3.86460752998052,1.4725855680227224,-8.218738910143324,-0.019467136710265297,-0.2734525083939053,6.434842712482522,3.913278115508127,7.0,5.0,1.3225749886660658
06-08,3.8461516757525307,7.546333168523596,5.750980990624299,1.1877225646521268,-0.343541170444799,-4.08654553983525,1.767258653492758,-7.291329536040372,0.35046787974434396,-3.409593561026432,5.537380780681374,3.3510654530626662,8.0,4.0,1.18386261326557
06-09,3.5005746527823933,5.472196731986203,5.30430357919141,-1.7669060563081853,-1.1543944980288185,-4.003202431632726,4.581624001886313,-5.244641399553484,1.5652200450068072,-2.4920821125972057,6.303594726576832,4.726505050999442,7.0,5.0,1.3993993575257484
06-10,3.3838969915969623,1.8534866686767058,11.339654546391229,-3.3828148871691663,-2.097283331207266,-3.989361864023487,-0.10974187843643254,-2.11199951171875,2.3522533374337735,-3.4457731733711507,5.404776047200852,3.6537465593781224,6.0,6.0,1.070903292062616
06-11,1.5169208759649344,6.359834652822241,10.86312785698422,-3.9930609595261677,0.49389360252401915,-4.042554573000443,-2.414268997793755,-0.770217497732422,1.7794287412453667,0.6007268708803349,5.203247162525336,11.17366341153942,8.0,4.0,2.23089509553609
06-12,5.251141850776973,8.323034279620291,11.623559026264665,-2.6360851828064105,1.4235848048696704,-4.015963291247887,0.30053770557414844,0.9463758270943269,1.7410004073637229,4.463059617715157,6.771198530052239,6.763913484399997,10.0,2.0,3.412946421639741
06-13,10.644260681232266,9.331706724095424,12.648219079215528,-1.1982211312556392,1.36547771937392,-7.09589082900792,0.5512595230745225,4.297475451825352,0.6976682292633124,4.723980301871318,7.003483026900749,8.538939047669556,10.0,2.0,4.292363152021533
06-14,9.116806252712955,6.315789473684211,8.746275427957814,-2.0540924350411096,4.0126045734383355,-10.750568625642238,0.3039425250851207,9.68025585887254,0.9496082912003951,3.5429852264034882,5.895612148022919,6.1013223891296775,10.0,2.0,3.488378425485342
06-15,9.116806252712955,4.482620714508579,12.483077639469895,2.0669264115099613,5.947445187076334,-10.781822359358475,3.5294108047317745,8.565561933775111,1.7829422406024265,0.8038461356381886,6.2864468438785055,5.361299143075585,11.0,1.0,4.13704674563507
06-16,9.7142846243722,4.482620714508579,13.48497021685207,4.752728231357362,5.027930936929094,-11.158307769676993,3.8276238806579737,8.154886107955809,-3.1281126475041168,1.0454007415032511,5.012410506359482,7.4458753846083265,10.0,2.0,4.0551925773269195
06-17,9.657140459333146,2.80687076974341,12.07980859581924,2.209034216878672,5.476789418537074,-12.589406624126177,3.7473273635091946,8.306517576226714,-3.5778552052814847,0.8892752950754326,3.7839822551488362,7.063196095711949,10.0,2.0,3.3210566847146676
06-18,11.71428680419923,3.6590402855836466,11.624726040368385,0.9682834996324654,6.210323015259736,-12.989988029818623,2.3554632059385114,5.527930580763394,-3.0218697431783466,0.8750546813411465,0.3988901458530282,7.686419035281153,10.0,2.0,2.917379960101977
06-19,12.339475471666777,3.682486083730248,11.3336921214669,-0.6563858465589125,7.065971310064787,-13.419166020969616,1.4111171359520895,4.860092750513482,-1.8474815388674526,3.0559502821781495,0.5802046868808264,5.592995626379368,9.0,3.0,2.8332460052030535
06-20,16.81366780420636,6.140346941241709,6.374955245562701,0.7876592600150556,11.23378345638531,-15.89578550770148,-1.7675410945770103,3.697083019138294,-1.114586823674456,4.519360164138166,-1.1120489926442239,0.5678501084374878,8.0,4.0,2.5203952983773266
06-21,18.73990091236385,5.990415116438146,3.548935067277461,2.5270711118052493,14.008093747860356,-14.621400993171394,-1.4957302185677126,3.224848542629687,-1.1928052749938758,4.863700915461708,-1.3718553062265841,2.255634261874756,8.0,4.0,3.0397339902293035
06-22,17.495902694148057,8.09410164601599,2.9765230157595917,0.40691398038697124,15.50802381758158,-15.256708659496637,-1.8220801466675471,4.031060678287083,-0.938599037866815,2.450408933780948,-5.200795900565906,2.16646974070671,8.0,4.0,2.492601730172502
06-23,14.080619021499624,7.575756077791521,5.89581465243401,10.369898407602031,14.939437190986421,-14.72125405630046,0.31397891875794837,1.045094867950997,0.3075737139641458,4.83823894190909,-10.66648796013096,1.2149868809431645,10.0,2.0,2.932804721450628
06-24,14.743240971742999,9.688996461594481,-2.625000476837158,11.764707628337597,15.008068525833945,-14.798728036490294,0.23547919862219488,10.99789717235702,1.2048212986895506,5.169906370954322,-6.691122032487751,3.228712753165182,9.0,3.0,3.9939149862901737
06-25,14.30149124957765,11.407290557831804,0.8902054310647223,13.169987575654254,13.261167590539161,-13.611355137832874,0.10465963958599517,14.357166305192628,1.5624994321203762,7.270654999030346,-3.710545370960016,1.7999757960482328,10.0,2.0,5.066933172321023
06-26,16.666663192443146,11.535460257499514,-11.333338419596355,10.096602541950663,11.637345462177665,-11.642052128232164,0.5216503968270156,13.64579827663041,0.8825769261312393,5.575510069836517,-2.7120277043320042,2.346367010191166,9.0,3.0,3.935046323460568
06-27,13.701659909629612,12.083652086603983,-4.375004768371582,9.629168394811298,11.339654546391229,-13.061460251226672,5.254860556582954,14.357166305192628,-1.2898254557881268,6.179042461052681,-3.1311647306796546,0.7909570036634888,8.0,4.0,4.289892171488487
06-28,12.099046239839907,11.293471560828335,-15.415286505622664,10.408227287959477,12.849469075162576,-12.84002158723769,6.118194437533761,12.017545376213338,-1.172566563003116,6.495181607884821,-3.8306689555780675,0.17054451584875566,8.0,4.0,3.1827613741524527
06-29,11.350742669779189,9.106169044235827,-17.774087420820464,8.224585520706144,10.97658923148984,-13.47059362074908,1.2866066841267847,11.900589214557177,2.442837687570244,5.014326428330804,-3.2202967571910395,1.3372231043689022,9.0,3.0,2.264557648867027
06-30,14.645047631475924,9.357950270146347,-20.0664416333266,8.120303046434435,11.215455470446742,-12.807020381302431,0.3684729532764444,11.286551240473695,0.39666195062530274,2.6374260418408264,-6.2131350463193415,4.27581410010924,9.0,3.0,1.9347571369900487
07-01,11.514810152169963,10.197231695155889,-14.050359698580797,7.981932123438515,11.120062961461311,-12.470783977069013,-1.4172336091275934,12.737752101189049,0.8702579696500701,3.0826015829079965,-4.714769586802327,3.8752915220807567,8.0,4.0,2.393899436372818
07-02,14.533256101170295,10.118042529533536,-11.707317810693992,7.171074510160287,13.439578136040712,-11.594618023931185,-0.11338128376245074,16.210109561854924,1.6869372657389983,3.918702045757626,-10.21463912587298,2.587139489831492,8.0,4.0,3.0029069496522722
07-03,14.837284638183942,7.199996145148026,-8.756310131163767,5.651111739343726,13.652066390522466,-12.938073228146157,5.563325840089215,16.23376168803055,1.840976138120427,0.03020424497510986,-10.861135148209923,1.4291897857309837,9.0,3.0,2.823533175218716
07-05,13.452917890566516,9.075902955296673,-9.080081045565475,6.480345581564995,13.964689865019098,-12.511089530975037,5.40464955098523,16.210109561854924,1.7526732968360519,-0.28687120999792914,-11.399969593495983,1.4931803513946307,8.0,4.0,2.879704806123641
07-06,14.790293237996782,10.0775164842468,-8.306046153180459,9.589034573816418,11.434674711196946,-10.936132691387328,3.0703005499950655,16.4925167403374,2.6679629456565714,0.04439002439193456,-11.056581491139674,1.1831068819989277,9.0,3.0,3.2542529844941144
07-07,16.79601182302343,9.261527688966629,-10.50907640149242,10.584274181173273,11.670656530461082,-10.069442719773077,0.7267441538103613,16.887883558331527,3.0901658479330107,-0.1761120452846109,-9.361486076355467,1.1047850875794756,8.0,4.0,3.333827635697767
07-08,18.40355033264413,7.343945849042126,-14.321769104924039,10.911312652272512,11.576420267488716,-9.370465412970015,4.186053423058557,16.853618212558654,3.165915555705317,0.611529072625326,-9.04249209992388,-0.0765693461236394,8.0,4.0,3.35342078345448
07-09,16.851445461462045,4.672502978591115,-12.824678119428501,11.691840212350705,9.4395290194213,-10.240785187952683,1.8604743487125714,15.134527949392815,3.3924773784514306,1.3726296211659976,-5.690054193358686,0.45941607674192964,9.0,3.0,3.009943795462504
07-10,18.365126807498637,4.379254534859147,-13.71073497146871,12.170267682882455,8.420486222999687,-10.153756530469346,-8.3536638481713,14.632084452899075,3.972866855972256,0.9489628082664678,-5.34594854035914,0.2083588511013815,8.0,4.0,2.1277753605008844
07-11,18.264111713344402,4.338581232809234,-8.695654508457407,14.598323591523672,5.792437099438895,-9.51416115274894,-9.193992956780756,14.31805162449,3.9548071723737745,4.140912662030013,-5.960425599622853,-0.42805332788476275,7.0,5.0,2.634578129209606
07-12,16.982149424107586,2.6406952392991907,-6.3625051501963,16.037171113868684,6.6934407018308075,-11.04312630894024,-10.82425933770214,12.840910113054838,3.5846485231853027,2.5736891976773295,-7.826519125734498,1.506998388464947,8.0,4.0,2.2336077315762926
07-13,18.99736272575911,-1.266379564882947,-9.80757209090866,11.51975908738533,6.1542622194875145,-10.049088752239332,-6.263055070896714,12.642047347978085,3.740506361098502,0.07230053370460103,-9.195254110103805,2.9898215690717027,7.0,5.0,1.627892521287782
07-14,21.329208769676598,-1.1353721974364068,-8.34884706640083,12.135922667195663,6.179481397970725,-8.823529732144424,-5.920663328222979,10.596594797555007,2.0574560634175643,1.534709805063064,-8.889744038316387,3.18638008029834,7.0,5.0,1.9917997682213275
07-15,17.05306281279388,-3.4497857147913904,-10.109544491726536,12.560386417788393,3.6689705684267437,-7.584435117444969,-4.410899148344525,11.83195512546909,1.2381493647742783,3.0504111102779063,-7.752332913521398,2.099876839320107,7.0,5.0,1.5163179044184647
07-16,15.662024894781354,1.2084621740333223,-7.3867075209441095,12.980768789906458,2.726253993209473,-8.042362575088891,-4.7365374382398455,10.989637433639237,1.2381493647742783,4.837812438726378,-9.122002939825217,2.8207318671165447,8.0,4.0,1.9313525401740816
07-17,15.544042065241603,2.51384818853478,-4.848480224609354,11.764703500973733,2.079824734075516,-6.63995359476275,-5.859947077084692,11.19402870680122,1.921229615096674,4.468962570716595,-8.640567171487774,0.6762461895349923,8.0,4.0,2.014494791919212
07-18,12.889810663922887,0.7805737612510772,-4.02886416178905,10.187988931594427,1.4052837950210177,-7.384092537091491,-8.523223366041812,10.370799177961493,2.5876912430575727,4.165512611126058,-9.666789844060899,0.021144806102304417,8.0,4.0,1.0671529234211319
07-19,12.205342614364485,1.464255653066894,-3.3018950679290775,8.09581598955017,1.8268732221131492,-7.9273569007370215,-10.020990562258625,9.488621986637416,1.5526118210138422,5.337934822871767,-8.450523429819285,-0.8640977239677834,7.0,5.0,0.783882702075494
07-20,9.405404168206292,5.805389297200486,-5.6014198951768135,10.764097290281,2.7504897919111078,-8.020769738994781,-13.283902931566047,7.567251654538889,0.8050568979995103,4.248278387661638,-7.982989275507256,-0.13768786838977543,7.0,5.0,0.5265998148470209
07-21,8.6980042703588,7.358950549606506,-8.93279114846238,9.891141715700071,1.366352199379767,-6.940875240434356,-10.417283887560021,7.626372129505319,1.3992707837027958,4.644390131267246,-8.158919741237408,3.4411900633071255,8.0,4.0,0.8313168187611222
07-22,7.40140908856251,2.2894500691043507,-9.640332058618586,10.309597530532667,2.3943618989326585,-4.518836305534194,-9.42659639806015,7.892408628815449,2.7386884580817163,1.8690221530023647,-10.669401560219919,3.2871052885459005,8.0,4.0,0.327239732762064
07-23,5.34845898906816,0.7767728283751105,-11.504158745839984,9.2986887008227,3.159376326602623,-4.881450695913603,-9.876904728884519,7.526248857148718,2.868000175628209,-1.5952760409729143,-4.986496289970223,4.930657932818865,7.0,5.0,0.08865977574026185
07-24,3.5656393260454458,1.0483803610149758,-16.20198184638918,10.252417886828894,2.905507960019411,-1.813114514769423,-8.91623321392986,8.986508479952224,0.7760991827192589,-9.149130577118658,-5.74797397497461,4.242421487572864,7.0,5.0,-0.8376216202523881
07-25,4.619567386369443,3.309685866884346,-20.72738554864482,8.974761777565705,1.5796935436922517,0.1971267196083506,-8.25605233723519,9.660870261918275,1.9562724773759195,-11.03994763894793,-3.5372205202418843,5.6329225734608865,8.0,4.0,-0.6358087865162205
07-26,6.748142818051909,0.24390026427634423,-16.625690519973467,5.0171411738735205,-1.9171138476839937,0.08459892857135173,-11.353841928335315,6.630614845838047,1.0356749555976257,-8.127480454766813,-3.675938364822346,5.965197444563658,7.0,5.0,-1.3312328904007902
07-27,10.504851143164148,4.465006368058419,-13.491085636551503,6.3176960974065315,0.9407862709739744,-1.344397119597964,-8.84210113295933,2.988045689522303,3.7399324621522756,-6.44817599897094,-1.111633558536951,4.310250146694402,7.0,5.0,0.16909789427961383
07-28,13.118818939555746,3.9822998665009304,-12.446217342077516,10.530977703489345,2.9020876751338927,-1.170759114942317,-12.14393774230766,2.70347404507728,5.246213063994496,-6.410263725312906,-1.2447555333882565,5.30797044792421,7.0,5.0,0.8646590236372701
07-29,13.366339905754321,3.2582516227040186,-15.331231840326657,9.570664592126539,5.039791743841769,-0.31250172718001,-12.023994961625425,1.184970709518267,4.878974619783679,-5.396824810998047,-2.844980350018997,3.867984369123486,7.0,5.0,0.4381203227252452
07-30,11.336637767503275,1.4913298663818357,-20.66224406003019,7.276060004221718,4.309653964641542,0.7102272573335316,-10.494753103859765,-0.47351240922452414,6.851853264702691,-5.572380760386277,0.09569829544770007,6.411602389378189,8.0,4.0,0.1066810396758106
07-31,10.198026215278448,0.07968309744905212,-23.233003053047877,6.813934873360152,3.6179851152725604,2.9545479914373054,-10.604271353802929,1.451378777726731,7.824813050472981,-3.38128246919475,1.0288228479885742,8.967190545313766,9.0,3.0,0.47648546985450113
08-01,7.932574989676014,2.601942043859996,-21.304918495769904,5.196017759825549,1.4365547042706444,2.46179662741472,-10.834813438937266,-0.2954277498559206,7.17022478873881,-3.366449106915051,1.4594971225708515,11.333334566366792,8.0,4.0,0.31586115093710304
08-02,8.114792003669358,4.711245385622141,-11.143314555521378,8.245176318776734,0.13350930852323548,2.2805102907651906,-11.661198895796963,-1.8833620324040925,6.695861871353613,-1.6758078723176761,4.717767259317539,11.955866132206022,8.0,4.0,1.7075871011828105
08-03,8.114792003669358,5.115568417370401,-12.528178696395656,2.4969158453523543,1.6154576874184794,3.0268733833398622,-10.442468853954695,-1.7314809879278934,5.090313529688984,-0.9414524243078707,9.852160296145023,12.552300078581691,8.0,4.0,1.8517333565816696
08-04,10.649723844421082,4.9639996068216705,-3.059583852760779,3.076924316179586,3.531542079797606,3.0268733833398622,-6.324790077526411,-1.3669525758478633,4.52802541812794,-1.1457091044628596,5.574826476645093,12.5012531068868,8.0,4.0,2.996344385135144
08-05,11.529060977853979,3.3345933350486696,-4.205320358487154,1.1992600988888698,3.255208203982981,0.6060689463839644,-8.888897100330063,-2.5339369952431,4.477610385808647,-2.5770943359386322,6.696047321857519,11.31398143019287,8.0,4.0,2.0172151591682126
08-06,10.600880063919927,3.24283784127839,5.956111728059676,0.4646769419267862,6.4183218385131955,0.3463282577127891,-9.230774414009243,-3.0886798103010813,4.21610026408371,-2.485486096538919,1.9714865929357202,10.705380622130175,9.0,3.0,2.4264319858092604
08-07,11.404796323550555,1.8996960706588615,2.4390243902439024,-0.24563043231284032,6.997228319475571,2.3376661980405777,-6.670406523987582,-1.6892836585741386,4.703105442056708,-3.971644291578684,-0.5827665366532094,11.659014044315526,7.0,5.0,2.3567332787696036
08-08,12.376726547818535,5.594152341153615,3.815327071758797,1.4737474569660685,6.367980892139889,2.342187186909586,-13.303829258209083,-1.2008336676394469,5.029158313617436,-2.746187640291314,-1.6367013885308586,10.981787214957555,8.0,4.0,2.4244595892208984
08-09,11.986131809217891,6.9549560546875,-4.918032786885246,-1.166721128878654,8.199563773510816,1.0477316762418765,-13.170304659899044,-0.6812895982488972,6.760209232804465,-3.0562521662894557,-1.3851134530397844,6.436173459316821,6.0,6.0,1.4172543510448572
08-10,13.274764976759482,6.57173887247631,1.3114741591156391,-3.8737948874950487,6.918082903163665,-0.17678661083915811,-16.570558294535168,-1.3033248319968147,8.126827282008081,3.392503186195012,1.9687443585708557,4.949748072491535,8.0,4.0,2.049118265492866
08-11,11.457280517602673,12.99744266255014,-5.475403832607559,-3.750002384185769,5.741022774919167,-1.07015641166252,-11.168588255562003,-2.784367559659168,7.804519998884237,5.267565543023251,1.3741032769562815,3.732155437602368,7.0,5.0,2.010464313988425
08-12,10.100503856342716,13.399051325576018,-13.691503651167702,-4.501102563963997,6.778386982245246,-0.6178260491398555,-7.364571284222593,-2.5782137249313783,7.3932783855230815,5.544714119843356,1.8358864291915886,0.06491257724307826,7.0,5.0,1.3636263668782966
08-13,8.894474832630154,11.873842940071308,-17.797196424294885,-5.732487790690695,6.504269644493586,-0.7355104079279257,-8.855751044920579,-2.8753931309745218,6.732528934227598,5.055314977202631,-1.9298673093527063,0.08654460075916055,6.0,6.0,0.10173081843526051
08-14,5.348130586597268,15.789473684210526,-17.468613208588653,-5.8880306570085885,5.449518296273035,-0.35304185336587557,-8.912709682741049,-3.9319139257486015,6.630034859067892,4.58984500770124,2.4470263260307474,2.5133126432390362,7.0,5.0,0.5177526729722478
08-15,10.396784081810408,14.285714285714285,-14.787046639969837,-4.761909437638395,6.127570681589285,-1.62308658881107,-6.343052820944596,-3.779657370228485,5.880181800385212,7.603232317297643,2.964175719355297,1.6285245651894782,7.0,5.0,1.4659525494791021
08-16,12.118222546440183,17.24137931034483,-13.910945054071078,-5.694976044916208,5.598994035988036,-3.0658264013508636,-8.905148177542683,-2.9351883929437523,5.34562493249568,5.719863918339082,2.272157313836805,2.0351899973247787,7.0,5.0,1.3182789986620673
08-17,11.639427039665561,16.70103280633052,-15.9475352044751,-5.146344375260198,5.011388575932205,-4.926562409170401,-9.038165143427959,-2.90613195127697,5.751150104856724,4.525715612485781,-0.12736386626483112,3.7291685740152993,6.0,6.0,0.7721483136175525
08-18,10.518514374156057,15.773196193876018,-9.423546821854755,-9.112077506733126,4.673609861588593,-5.866012848663785,-2.469862375900355,-3.6326649390962125,5.954790824394572,2.567736719316959,0.9199694285780491,2.228596018999417,7.0,5.0,1.0110207440551193
08-19,10.913575725790894,17.62886941878502,-10.433846938312143,-6.733902464494246,6.034050902046005,-6.732551677777551,-1.1467310308533076,-6.380439270225913,7.268125760172049,3.0217444208840294,-0.5242343266959258,2.9820705591448085,6.0,6.0,1.3247275898719768
08-20,9.382714165581598,19.672131467909946,-15.190345552178849,-5.770473530342399,4.871855306722085,-6.454601864253566,3.5577746080232515,-4.415660718569007,6.370934540963372,1.1514148144870406,-4.354156990246168,3.2261496415447914,7.0,5.0,1.0039779908035082
08-21,5.05561155351805,19.098414793727063,-20.599839313029342,-8.346969887865344,5.379342654384652,-6.79431961200833,3.4615331223512467,-4.2009408540394215,7.18421557472047,0.7172572178549504,-7.689260687816797,5.004694889459297,7.0,5.0,-0.14418837906195855
08-22,4.444447511097368,18.678656682918156,-14.757793575021093,-9.19804073147786,5.2271032257471255,-7.082684904212985,4.740736219618055,-2.130727579097304,6.6063376034007355,0.22951661858575692,-6.193753912639592,2.986633820541139,7.0,5.0,0.2958692482882918
08-23,5.951170322353564,21.737684712486875,-16.67883123521499,-7.692315376451929,6.437016202727418,-7.780889875166916,9.052325562573447,-1.1737756765818217,7.095019310308258,0.7889763729544707,-2.1894959359779183,5.0587603734621815,7.0,5.0,1.7171370631227199
08-24,8.147041520224198,24.460430218764387,-17.59124696816837,-5.539543924413538,6.24685011228372,-7.180438242698563,10.145325257859897,-0.7729758242334293,6.751130393187924,-5.4127636288049,-1.9844342536665873,3.1686479447235363,6.0,6.0,1.703168550421523
08-25,8.009706737745956,25.11445495204901,-16.605843823924975,-5.042810690177698,5.268515262381048,-9.519292058800625,7.833980772793872,-0.17177604571086127,5.932669865273516,-7.581279074606136,-1.5760154160873083,2.6122858225680883,6.0,6.0,1.1895496919586572
08-26,5.776701514666261,24.231523433287418,-13.891835199689753,-6.153840134600157,4.905462950653743,-7.75384756234976,7.1467900288136335,-0.23067478562125487,4.560563566584195,-8.670953927170876,-1.8127590776010054,1.166749892845802,6.0,6.0,0.7728233916515204
08-27,6.310685050173916,23.325714324169255,-15.465360700115758,-8.947366274624976,7.051282051282051,-7.507688082181491,6.184716695822133,0.0,8.024914724208603,-6.369232211517027,1.646245594730609,2.2818782852776,7.0,5.0,1.3779824547687427
08-28,10.511628971543423,24.492472905532647,-9.853525280495798,-9.762530060242526,8.76922607421875,-6.738457312950722,8.22922000111478,3.356446907296294,7.745850878354004,-19.16088255483643,2.3022658612126365,1.7454548625202921,8.0,4.0,1.8030976044389455
08-29,11.002333456458834,24.517184805791945,-9.525393027459934,-8.77308665628445,8.641022902268631,-8.720203136224482,11.47410231007518,3.5437398038430414,8.152459998519086,-19.755531720524218,1.0768693362086867,4.278568802562146,8.0,4.0,2.1593389062695385
08-30,11.62037122478536,24.368646641361703,-5.755159029206257,-6.035626152618591,11.332655186308314,-10.826204977606292,12.634336833655388,4.693541429169666,7.940709626607968,-19.14436102183476,3.190969803259368,5.255715028626808,8.0,4.0,3.27296621604239
08-31,10.08007270744865,24.659313616885083,-7.853727650514052,-2.474615380612284,10.376169015451788,-10.791132591451143,8.93441743004041,6.59856242158912,7.2172162873509835,-15.793817530793577,6.093445933052247,4.2981104804906645,8.0,4.0,3.4453345615781577
09-01,14.549652074054464,20.63595286608531,-6.9634294867479944,-0.6301221310071982,9.692193437265312,-9.646094540932886,11.24212270793917,5.35616337941304,7.534241665432284,-10.765703748932488,6.922887928946277,1.645835240681966,8.0,4.0,4.131141616016438
09-02,14.503461639606233,19.532772606661126,-2.4761866009424605,-0.5984268789216177,6.034936085139055,-9.269654560360893,8.664655173135177,3.3037163009043984,9.86358754730178,-12.645588464355177,7.354158187798951,-1.4062484105428061,7.0,5.0,3.571765218785313
09-03,15.011547608612052,19.42857409280444,2.2648669391873195,4.912175084950559,5.282816345835491,-11.891377808130258,8.33562054777672,4.073268463321552,9.196613037998512,-10.350446018021788,6.767092388830581,-0.22916793823242188,9.0,3.0,4.400131895411063
09-04,14.259685463883681,21.279998779296864,-0.4201653475199745,5.222552489723796,5.4162187942645605,-10.830203829127285,11.371689056905259,3.704716040059329,8.633219189962794,-11.275471364972539,2.65423390351899,3.488261256082708,9.0,3.0,4.458727869339849
09-05,9.42262837932189,21.204353227045157,2.60188066969104,4.777449774191414,5.362855779302051,-12.037913149647322,8.022133896184943,4.099480715344873,9.292500541456066,-7.790929760977616,1.123867106965316,6.861011044574808,10.0,2.0,4.411609851954384
09-06,12.06277452350069,17.227453062504345,-1.1064111866340356,1.3649824156043109,4.769436987886954,-10.075563074715625,9.227411874299305,4.178041572701202,8.236537012164199,-7.823797353049063,0.05972455251472447,6.327742812440253,9.0,3.0,3.7040277666014383
09-07,10.497486321672493,18.838664417954398,-5.890014319080252,-2.945645951150097,4.531331041946755,-9.18175697900761,7.536148925106119,4.041506240863659,7.074974444482191,-10.025184689323147,-0.04789955035815946,7.098100688587595,7.0,5.0,2.6273092159744955
09-08,9.88051284887675,17.98086094232591,-3.156528588195778,-3.0414798822471263,3.380505557352145,-8.605158670200504,6.758272175334869,5.516112825456382,6.999647378673722,-8.96063667178935,0.2626162112026329,6.438571186344542,8.0,4.0,2.7877746094278493
09-09,7.169115117341837,18.14582677964094,2.6748305038332525,-2.9782045741230707,4.605439906133758,-10.125790245147074,6.477850205203134,8.004352473046563,3.6402585335470765,-9.140407292094887,-0.04789955035815946,6.192071477693838,8.0,4.0,2.8847869445597674
09-10,7.169115117341837,20.569620004851664,7.910311016028124,-5.63779815914124,2.204924749528754,-10.69182895424869,5.32810301180301,5.305113382383335,4.4923963112809115,-8.978584340096008,1.7088913718459113,6.53716956529,9.0,3.0,2.993119423072301
09-11,8.151179794193947,18.202031847390778,9.98477604764828,-3.5782114106920964,2.4902700479167548,-11.132078617793583,8.281300299002648,5.771336244787547,6.976742963460588,-12.96613402285869,0.10755732188924157,1.5023401692737381,9.0,3.0,2.8159258903515965
09-12,5.868655189467582,20.278635887846026,8.423664117628297,-1.7732725373505165,2.8534331929729215,-8.707782254198818,11.249338637694638,6.002730344734145,5.391817950584327,-15.343827165891307,-0.5616649366504058,2.0339979985301824,8.0,4.0,2.9763105354472557
09-13,4.399244711573527,17.202573362852476,9.65413258488017,-2.72323845813996,1.7945446754615364,-8.602148395360132,10.419453630994543,7.133065114944852,4.975726277219222,-16.284646632828164,0.35355972629130766,-0.28163225151250226,8.0,4.0,2.33671952886474
09-14,3.53222745354673,15.096775177986391,6.616543647938195,-4.97150603535723,-0.02596966632000812,-8.602148395360132,10.227576575327047,9.684506228003372,5.045075991705547,-13.014608124405736,5.235969791610407,-1.6309872568888872,7.0,5.0,2.266121282315475
09-15,0.8341515372641002,14.87096971081148,2.7368416463522083,-2.976569146068914,-0.1821011897112517,-6.443840555987834,8.254395599687433,9.05349565977464,5.42262268480745,-12.426726315048384,4.923439611366378,-6.900953804301224,7.0,5.0,1.4304771199121735
09-16,-0.44161018790003564,14.4516114265688,10.216716255227627,-2.976569146068914,-0.051952824615212626,-6.700867293790748,5.006771990851766,10.263441286269071,7.0252831634294495,-13.452762093628676,4.665167159163753,-6.74121589796794,6.0,6.0,1.7720011531282445
09-17,-0.2453441926800299,15.937399732459484,11.255415163448486,-0.30845865042076825,0.6725254075514626,-4.587987952788028,3.437078299163317,9.771366327106017,7.7454091958163325,-13.52950455063765,4.878894906863728,-6.687964512509728,7.0,5.0,2.361569097781052
09-18,4.1587862339905755,12.786990276901259,6.8181818181818175,0.21638237442332203,-2.7677177937077624,-5.674606679162762,8.279214378766833,8.92857105428796,8.178309708676542,-10.911192490197525,6.089888093622304,-4.252407461688178,8.0,4.0,2.6541999595078654
09-19,2.7456632395949003,12.703477663352396,2.2878910996637756,-0.6800656293048226,-4.733579509253897,-2.505967008104048,8.76344642303946,9.078435660201071,7.273951404648754,-11.802577269341823,5.845361904534311,0.13810395964208338,8.0,4.0,2.426178494889347
09-20,1.6561136932112221,15.167497029825283,3.704843711649899,1.0510051580369604,-3.865114676926801,-0.3548164783192773,8.616049584080901,8.008831219289368,7.593868273922384,-15.318584514369785,4.780318575274236,0.539627684586596,9.0,3.0,2.6316366050217486
09-21,1.2230919445596102,15.550823236265563,5.835132526283627,3.9039017022371167,-3.534962915327821,-1.1624423204684393,9.032438012705365,6.766088994434839,7.661221222126503,-15.865305430524431,7.1707631630513555,2.882530105524323,9.0,3.0,3.2886066867389676
09-22,1.1100364375402507,16.646381981441458,10.929296310237248,4.0760824808525316,-2.8883700274185706,-2.4449065272542434,12.086442995262079,4.66721532570731,7.7116549390575635,-12.543117204631885,8.774708079817163,6.032296504285385,9.0,3.0,4.513143441241358
09-23,3.957527615822398,17.985391776135078,12.457906383797535,3.698093842473036,-4.825025545930471,-0.8091113767033673,12.326571473616166,4.652451611131183,8.90000025431315,-12.932657691005076,8.959770401062974,6.123691179592566,9.0,3.0,5.0412174936920975
09-24,4.343627646503833,16.176470588235293,9.555341743231288,4.162898958052601,-5.349140285866069,-1.8579645382895817,12.88686786379088,4.724625678169855,9.278008552013096,-14.53646222518292,8.252312342206034,4.641007045974714,9.0,3.0,4.356466114069918
09-25,6.173418983656379,16.56734548800104,9.583855844848118,2.33282075195214,-4.927533318288986,0.29966579958608597,11.187514912983824,6.193228424438738,8.14988844045415,-12.438994724233298,10.377572236248353,9.139269282574974,10.0,2.0,5.2198376768517925
09-26,6.880734185760715,15.662652540490637,12.34719060148167,3.3281541256275373,-4.479580312945896,0.6272374173952249,9.719159716292392,7.037637826230219,7.598581260572486,-12.864119350594475,10.445396743612926,9.061115981728566,10.0,2.0,5.4470133946376675
09-27,9.977827388579977,13.8196412634925,3.9594211571277698,3.297049216118311,-5.953331594265167,1.6255294873102182,9.294607105192568,5.640025446784707,8.190895481620538,-12.37601107349404,12.081515183614613,13.568488301373872,10.0,2.0,5.2604714469546545
09-28,9.69751045181255,10.604188570700842,5.202880171381792,5.7662179924363555,-5.408301312684894,3.055469615160293,9.068220558043853,4.865906581782178,7.920122344035596,-14.841962588994853,11.191941993033556,16.11985834981496,10.0,2.0,5.270171060543519
09-29,10.62416822629076,10.295925976055118,8.736911397101066,3.72690423640466,-4.651781099644823,4.16421769057544,10.908592232400167,7.271212017024709,4.916618335362317,-17.407161891781236,11.052573379151323,16.630483084774532,10.0,2.0,5.52238863197617
09-30,10.358566342549679,9.741054481616828,15.239612353623174,3.9375007152557373,-5.070716971665972,4.3131437231491665,7.480957904149624,3.631202210771277,5.584284131168504,-19.60817562889676,10.692178011423398,18.167605637628874,10.0,2.0,5.3722677425644605
10-01,12.439129911296046,9.863529922358381,20.837233735368184,4.534164463442089,-7.567997516183183,4.342680863426599,8.052228562640456,3.405223342179086,4.846275717069648,-17.30992371679539,11.766697176211643,16.708638826587872,10.0,2.0,5.993156773966786
10-02,12.443438699240037,9.230770797001647,19.810127067443677,1.6798693886315843,-6.140583662020934,5.317575533826577,5.988861934529597,2.7150634963361555,5.633075798002795,-14.238743350152227,14.756319856859337,13.620781518118733,10.0,2.0,5.901379756484748
10-03,12.427620582236628,8.714872820438636,18.25806402391003,3.16957218441178,-7.110151666317889,6.134964949473369,-1.522110235330232,4.729915052787062,3.995835644342195,-14.616901404563762,13.436367457946663,12.51676369333094,9.0,3.0,5.011234425222118
10-04,13.696228029801874,6.892107704447826,12.545160940758182,1.0142621317351133,-5.44488487112403,6.020941333663837,-2.1086064839938414,0.3157307975596887,4.0132059037144305,-8.747122199142252,13.214766262616756,13.780949585021826,9.0,3.0,4.599394927921618
10-05,11.321606767001063,3.7487927051154593,10.01642386860403,1.283656357409636,-4.300511880347108,6.53745542807039,-1.1444855577966122,-0.2583242026226153,4.534399840307616,-8.292203054870875,13.489046984807631,13.780949585021826,8.0,4.0,4.22640057005837
10-06,8.624609471894747,2.0185811574728216,7.093595380270175,0.7633580376634617,-2.504563106216374,7.764765917186982,-1.6477216016656355,0.4592418103081573,6.813487882396017,-7.613549930859816,13.051774993272968,15.463913783336084,9.0,3.0,4.190624482921632
10-07,6.491149616906918,1.9224559170833286,4.860189571654221,4.411760580993396,-3.394739251387747,10.017070607724508,-3.3522735215907864,1.107009352017951,3.5193119949537284,-10.590641016776146,12.422214960242387,14.662084503360951,9.0,3.0,3.5062994429318923
10-08,2.4058133006177886,5.214153449802753,0.4308888314148474,4.411760580993396,-4.012751205613616,7.512804312757434,-4.602269593102941,-2.8237245436154472,3.8987667529822385,-10.590641016776146,12.238632548939098,15.19076410985924,8.0,4.0,2.4395164606882203
10-09,1.015225254175989,6.916515779619742,-2.5956291361306745,7.794969690686725,-3.6407092559069967,9.277177818740018,-8.0964672597573,-0.6983240372284626,3.8987667529822385,-15.412620219509106,8.193180777809838,13.710457178148472,7.0,5.0,1.6968786119692065
10-10,-1.1709601664315759,6.859756257121311,-2.5956291361306745,8.037614278930839,-5.288327949200397,9.691250526047632,-10.804534382022373,-0.6983240372284626,5.274729782072744,-4.958392155374048,6.340911171653054,12.82050902831871,6.0,6.0,1.9590502681463964
10-11,1.3698595538180198,6.859756257121311,-2.20488340781353,4.397939670165806,-4.8715915549047235,11.136110345585159,-11.713030223348001,-1.0349620472301335,4.192735913706701,-4.94105141997609,4.803395941945934,12.82050902831871,7.0,5.0,1.7345656714490971
10-12,1.3698595538180198,3.175611328257852,-6.682500852419208,3.613727673942896,-3.6656204416276843,11.830356453868497,-11.713030223348001,-1.3146887292395304,3.736268541266253,-3.452940144896518,4.130908153752861,12.82050902831871,7.0,5.0,1.1540383618078456
10-13,3.2801876796231393,2.127659832212678,-6.852104779952911,5.646363862473198,-3.447372034976357,11.830356453868497,-10.640859879765523,-0.7552460357025786,2.2397013774976435,-2.664840338565781,6.254899625701251,13.692837437693086,7.0,5.0,1.7259652666755283
10-14,1.3667477630146778,-0.03175684012232955,-12.73049665057416,5.421506438395422,-3.447372034976357,9.057249358857055,-10.247881505453815,-4.753733531365531,4.669134281570271,-3.3533910525769697,6.254899625701251,15.41104783944402,6.0,6.0,0.6346628076594611
10-15,0.0,1.574803149606299,-9.44464107909376,5.9259259259259265,0.5789505807976787,8.743946572074616,-10.852467168004862,-2.5612155324428376,3.8292140269429313,-4.285957591925908,6.643750277132499,11.842448731160207,7.0,5.0,0.9995631576810659
10-16,2.914796595374021,1.3897679601334125,-4.774804655015647,2.975155433492115,1.3684222572728209,9.854744892260591,-8.55856562797305,-3.3758826289616377,3.452972550401825,-3.930204544808303,7.231592732511205,10.229976939719313,8.0,4.0,1.5648309920338888
10-17,-5.437350540293711,-0.5151315201648466,-4.175083297187901,2.657418247630317,0.1315769396330181,10.535210622868057,-11.744973862689491,-0.5796276211039851,2.9421870541958213,-3.0662398961895554,7.153953322594414,10.741030083236302,6.0,6.0,0.7202474610440367
10-18,-6.190472557431176,-1.5945323085497891,-1.6895083363658168,4.881567529895314,-0.8355083582210151,9.85360347661538,-10.36457542555597,-0.7989006105302251,2.236750276929842,-0.8809088065677555,7.314091508873257,10.741030083236302,5.0,7.0,1.0560530393606957
10-19,-3.7209266840025434,5.199365385267102,2.040169843402243,5.4603573960253815,-0.9256769674923436,9.85360347661538,-9.408606836762495,-0.8815418775478143,2.1679255758588325,-3.6537466293303527,6.213617410121214,10.741030083236302,7.0,5.0,1.9237975146159088
10-20,0.814849723551015,3.317387249992075,1.0838385192602877,7.707569141791505,-2.2508042857899255,8.87876774637584,-7.9879877127796135,-1.184573868356371,3.925940071389052,-6.651414143068528,5.205393188350381,10.00087997864387,8.0,4.0,1.9049871341132991
10-21,1.4938882816956023,-0.7974481561657948,-2.8836960983015874,7.733709918526493,-3.8932761312218482,8.107337286766802,-7.0870890823476085,-0.6640887728834144,2.6012029997912265,-6.651414143068528,3.7126475367052802,10.635298195452187,6.0,6.0,1.0255893195790675
10-22,0.5885064156507237,3.227787508337688,-6.138926217594014,8.639555958556874,-7.390941159648835,9.22066701339793,-10.60060863324432,-1.640256137240013,2.5172398008149246,-1.3375676620830013,4.994310936793289,11.437127475427296,7.0,5.0,1.1264079415973787
10-23,0.7855826298002231,1.2232462279702265,-7.107917810251811,11.461239655319876,-7.113079853301102,7.878956373713588,-15.464539638806961,0.9214095895075775,3.1019667625124363,-4.313459693189261,4.800911430542697,10.326902318538679,8.0,4.0,0.5417681660296806
10-24,3.909093683416177,0.7680491731482338,-6.17323176178041,11.935305671495222,-6.835229146278424,8.413060217903553,-11.564832060649458,1.8259942925001968,0.972363877874774,-0.463998048007772,3.46985551628216,12.397568032130437,8.0,4.0,1.5544999540028908
10-25,4.343895815613746,1.704203782377867,-4.498386129958096,11.935305671495222,-6.974154499789763,8.284030155991962,-11.431974204060978,3.5272442573947536,1.603545963556312,-3.5229474138823513,3.3144134160263876,12.397568032130437,8.0,4.0,1.7235620705746248
10-26,1.765804182304929,4.4546816884096705,-7.6051793219455766,9.23853006434153,-7.494408364001483,8.024866350855554,-14.464830066906547,4.053700572485722,0.9041262179358442,-3.5373694820504826,4.176068862261785,12.397568032130437,8.0,4.0,0.9927965613184485
10-27,2.057029636578309,4.7619025296190065,-14.983816239240532,9.02700442970441,-6.629679445849848,7.711939850866625,-15.313365785544969,4.080028910965751,-1.2195105970217195,-4.411505348115538,3.5446435312188473,13.560665855437042,7.0,5.0,0.18211144405144886
10-28,4.721833836847246,3.809523195645231,-17.179580262031134,9.078142750724684,-8.956915977180996,4.896904851482404,-14.078423770357787,1.6595260218303605,-1.904599577215274,-5.641849566342941,3.500797583013455,17.261429823450996,7.0,5.0,-0.23610092417781292
10-29,1.075266707803828,1.9999980926513783,-7.456857648312974,10.660040618467706,-8.422539939343089,5.1259942574164645,-14.109292315345776,2.3343142506013494,-2.0096155005391036,-4.374668552325394,4.468012193602929,16.494846746912554,7.0,5.0,0.482124909299156
10-30,2.1216354314708594,2.9129238324242754,-12.397817826901113,10.610666754084622,-8.901408020879181,4.009157458738544,-15.170283720182592,2.803736223417188,-2.6443117233966076,-2.674076942953671,3.102786962902617,17.05877255684753,7.0,5.0,0.06931508213103903
10-31,4.733172095249542,4.772041122666523,-16.97979819561162,10.610666754084622,-8.591547146649429,2.648249681037978,-17.34597104988244,3.499468855000265,-2.45535104613026,-5.191876489919469,3.700777254814124,16.723936985462043,7.0,5.0,-0.3230192649898438
11-01,5.825681627804875,5.547176203832031,-14.436361139470868,7.985630006395035,-8.803419620847334,1.1782077080703408,-17.42017190982528,1.4328266286688873,-1.974583925204164,-7.258205060080986,2.268648081413796,16.723936985462043,7.0,5.0,-0.7442195344818021
11-02,7.0620165467025835,-0.4987526130912601,-17.78181596235798,7.795098496083118,-9.800000871930802,-0.5092814964218285,-15.270012360471119,2.1086849380929014,-2.4210161517447633,-10.041407499579119,1.424912337978349,16.723936985462043,5.0,7.0,-1.7673031376064896
11-03,8.340801644117487,-2.4314175024198144,-18.79999334161929,8.538946610524569,-8.712876843006047,-1.6666643547289515,-13.507765700288243,2.3790241367507545,-4.49321127364654,-12.595217917196958,2.6816077253511663,14.714950447253,5.0,7.0,-2.1293180307424056
11-04,7.08520169399936,-5.985031357095099,-16.709602485941467,8.741354672281092,-8.131680684301287,1.9822431481320548,-14.024949072571257,3.062333391294675,-4.1846759334629215,-12.895208231994863,1.2490187800353707,13.234643515542233,6.0,6.0,-2.2146960470068424
11-05,4.8430491509219324,-2.2235744792002925,-17.918214732999182,9.46760998424811,-5.569554167260565,1.272190280715452,-15.028909649930986,2.9906512925711803,-0.8030776954327089,-10.385549413114356,0.63829750878491,8.890648099229312,6.0,6.0,-1.9855361517889332
11-06,-0.7393708499300709,-1.934298661400793,-18.314061712867375,9.844979295126535,-6.213269658956665,0.9467446806133564,-13.146421873213743,2.259877264649485,-0.6011030456176396,-11.195879152341247,0.9406539065830652,8.591065453806467,5.0,7.0,-2.4634236961290523
11-07,-4.398142772283522,-2.2167525580375793,-14.844309737663597,12.5645876376629,-4.366082824733716,4.402874185026978,-15.495215357947178,2.233579170520972,-0.03361345184436985,-12.686298143631337,-0.01119205654466186,3.824122318779344,4.0,8.0,-2.5855369658913143
11-08,-1.3938825050932115,-0.6060629179983212,-18.63669801020938,13.21729820464393,-5.152021376051069,2.4312595401937362,-15.939708698072463,2.1094817074319776,0.6723844588891517,-8.907026975513638,0.14528931374076243,3.824122318779344,6.0,6.0,-2.3529637449382648
11-09,-0.624718387334608,1.5454494591915031,-10.804929479622343,13.865658030653002,-5.9419901720245045,2.7689620281911114,-13.85827252245325,3.417897377617231,2.2188661494008284,-6.290748360923734,1.967033973106971,3.824122318779344,7.0,5.0,-0.659389132118204
11-10,-0.3123591936672961,1.6969738584576233,-13.4880323554933,13.67682691276661,-5.9419901720245045,2.7689620281911114,-13.574807474932332,5.874501249988159,2.471005512234187,-4.334800148850496,1.967033973106971,0.8987546587944867,7.0,5.0,-0.6914942626190651
11-11,-0.803214218658585,2.3030252167672605,-16.062358267156462,13.137893953694505,-5.407678283661946,2.2362459005403226,-15.77952227254552,5.9011990372498815,3.6646564394562016,-4.500528139653738,2.736591913241175,-1.4626871912554047,6.0,6.0,-1.1696979926651927
11-12,1.3833086481621788,4.896987801740099,-12.816851564628507,11.966983924959496,-5.164187755903512,2.9529889978578625,-13.070870947650098,6.6684446200916625,2.8190444569984012,-8.027727788610779,2.9280021205265974,2.3173824151225517,8.0,4.0,-0.2622079226111705
11-13,-0.627527119446092,5.122830848123285,-11.503176469052171,11.538463150759574,-4.209935321451115,1.8635364276782962,-8.54113998558784,6.59369318305637,3.227436425401125,-6.435115713377964,3.157434096133873,1.445060728274078,7.0,5.0,0.13596335420928488
11-14,-1.4247623117406218,4.349140765667658,-12.375531430927236,13.324181553591979,-5.669380850991162,1.3486296315188162,-8.255157684295051,6.6933288574218555,2.877699862021182,-7.228487986394054,2.93892983424217,0.0,6.0,6.0,-0.285117479990372
11-15,-1.2444474962022727,3.0312301768017584,-12.359549940387577,12.252749463898827,-5.106021229258515,0.6609182393067276,-8.765312644882577,4.796161192665716,3.697505550521686,-7.157964512017371,3.0132221059262085,0.0,6.0,6.0,-0.5984590911356157
11-16,0.087712943351911,6.560338053585983,-10.366076819623709,15.210358733783947,-5.4470521046740386,0.6609182393067276,-7.315563338936388,7.167595827881847,2.7605847636639536,-5.231140552034551,4.586859812754014,0.0,7.0,5.0,0.7228779632549746
11-17,2.7631543063499975,6.078845878996148,-8.880031712176876,11.97411602522554,-5.4470521046740386,0.6609182393067276,-8.338507691771028,6.128428755317013,2.5430825600173392,-2.3983267839079443,4.586859812754014,0.0,7.0,5.0,0.8059572737864077
11-18,3.3771867376356695,3.0394171996585944,-9.351213879801502,10.428099287235685,-4.612452154908362,-1.1842861353600311,-9.11346123488121,6.581394847708923,1.349526406096938,-1.5686948349286869,4.340819736514961,0.0,6.0,6.0,0.27386133124758166
11-19,4.956136835872492,0.1824859225725538,-3.8666198366013482,13.39877798106858,-3.8251409405626364,-1.5020233212218708,-7.966533302036936,4.837851532424388,0.37478912750206284,-0.7868612584272772,5.232119040481109,0.0,6.0,5.0,0.9195818150892597
11-20,4.984419074811091,1.0558137939906855,-4.199289285255388,11.962615356392032,-2.814214855015422,-1.0398631469049453,-7.526545324666831,5.764681086201611,-0.3948489995473444,0.3799675559676565,5.650259282450796,0.0,6.0,5.0,1.1519162115353285
11-21,2.4498936557593516,1.2345674758051945,-0.4115255139277781,12.069426877653544,-3.1967268645375935,-3.252040624976809,-8.412703256758434,4.226864060746125,-1.266909228556651,-2.0379970191337167,6.475815914572373,0.0,5.0,6.0,0.656555456387134
11-22,3.481713957395248,-1.4223842990175546,-2.432240579881675,10.14686023937556,-5.421175652114893,-6.2555607441068695,-12.335532744753145,4.026845637583892,-0.1369659840158894,-1.1053529754440359,7.308018115037805,0.0,4.0,7.0,-0.34548125249512984
11-23,2.580070887529724,0.19017263833054973,2.0152880815433516,8.08521998121931,-6.831600579207679,-9.035598774608228,-13.079472394539742,6.255038472630052,-1.9346020733901779,-5.34461262734135,4.355735860962112,0.0,6.0,5.0,-1.0620300439060062
11-24,3.9387291181847597,-0.6339168550740137,1.7720646862892178,9.854999511894961,-8.262112968514966,-10.549050514501758,-12.555299482945625,4.617452941484899,-0.7274577918046545,-1.3242762577334073,4.33525530051828,0.0,5.0,6.0,-0.7944676926835257
11-25,2.4070071563552715,-0.34865487483861973,0.0,9.098295647402566,-9.352517985611511,-8.69969485964212,-13.303844602287635,5.253336588541667,1.927550417962267,-0.6229461925044344,3.425543697410334,0.0,5.0,6.0,-0.8513270839343514
11-26,7.439828159994592,0.28346504752091534,-6.915278020915243,7.774729979180557,-11.176125397066679,-9.907123339086061,-11.534533719120926,6.399362339821459,-0.20373332559600832,2.08789000928272,3.3654869099055884,0.0,6.0,5.0,-1.0321692796732573
11-27,8.401907844249992,-0.9752901002219927,-4.679197607274685,6.380025757936977,-12.053829418078985,-9.969044262417613,-11.269517304819182,7.819041702998897,-0.3059148618439705,4.649234980875706,3.429801150018736,0.0,5.0,6.0,-0.7143985098813433
11-28,10.638297872340425,-0.16123584873107805,-0.33979062328498616,3.9667138292355033,-10.620248787901717,-8.02919496316114,-13.353817788149188,7.5288536524176415,-1.607328543666482,2.3328919249660665,4.265812676046419,0.0,5.0,6.0,-0.44825388332404453
11-29,11.72762004269767,1.3341806937780696,-2.4491238269295796,4.4937558007473,-12.630329809387861,-8.72360712749429,-12.128372293828328,6.406612247198695,-0.4493576197555288,3.093975801413055,5.4814818044188165,0.0,6.0,5.0,-0.3202636905951651
11-30,8.616186169182326,3.3647789952687064,-8.209731241482642,2.969474974085354,-8.551479160469263,-6.251869977591079,-8.748355599274307,6.225781204884625,-0.812307666341501,4.966550909527819,6.069301629826131,0.0,6.0,5.0,-0.030139146865319155
12-01,7.922913709833887,1.4150907748022203,-7.657810730879028,3.9978275833628576,-8.646292147409259,-5.3380758359978895,-14.422417226056716,6.639110709395744,-0.3283764685529441,-1.2013585744521253,7.436889476630094,0.0,5.0,6.0,-0.8485415607769297
12-02,5.396146502343358,-2.295596099843814,-6.760955527064107,4.050018052154863,-7.612454920464443,-3.3529393813189547,-13.807241888504599,7.078268996571996,-0.4676952362802888,-3.6748185076235016,7.659346327486801,0.0,4.0,7.0,-1.1489934735452243
12-03,7.3233445990789985,-2.830193545508046,-4.284257855896276,5.107530878794457,-5.153161240579292,-3.0294081744025734,-11.82502038535872,7.263129739011055,1.6282209962338274,-4.053587073087236,9.544604154759785,0.0,5.0,6.0,-0.02573315891283497
12-04,5.781586121690489,-2.9411713255656653,-6.419154757319334,4.6536450713375945,-3.034644615030104,-4.529414457433364,-14.661650630966708,7.72693179018231,2.19224157468132,-2.5374425140246295,8.608857094016145,0.0,5.0,6.0,-0.4300180540359957
12-05,5.1094911433182855,-3.7284898265923654,-3.5798697875467593,4.092000011426747,-3.034644615030104,-4.38235787784352,-11.594683478033065,7.680759572341639,1.7345951085662832,-1.6211421479212555,8.400916828256523,0.0,5.0,6.0,-0.07695208908813278
12-06,3.8294133085129003,-2.843600724732248,-1.2434590142539752,4.466430051367312,-2.3761752336269986,-3.9353896699339903,-12.453964542472924,7.1553200902821175,1.2798957941389233,-1.6211421479212555,7.881058231444797,0.0,5.0,6.0,0.01153217856705487
12-07,6.553908084827579,-6.515397744011524,-1.1125659637749683,4.894351554507016,-4.644407659469035,-3.449284819511625,-10.529782254715826,5.285462227935338,1.9535194114958858,0.1409723895236784,8.7402805307496,0.0,6.0,5.0,0.10975464646300977
12-08,4.946991881973548,-5.51053106829762,3.239528103465687,6.29444117148276,-5.255472224994297,-3.3888397982032923,-10.361126186725873,6.856145495271525,0.3079033663953364,0.9549087936564451,9.425811518156083,0.0,7.0,4.0,0.6258134210150254
12-09,5.5212015622735855,-3.727713466159389,1.31748632295616,5.623339228069209,-2.7651007849924305,-10.877085978972623,-9.314884600254693,7.770352391747226,1.3053067229268094,2.8447583017140143,6.421434267808477,0.0,7.0,4.0,0.3432578305930288
12-10,6.316255935190599,-5.942223991115236,6.317803231002326,4.354835749086036,-1.5836430875608685,-9.776795835324242,-9.011137873501287,8.03045274984207,2.495390866882448,3.029778481395128,6.004268385475817,0.0,7.0,4.0,0.8529153842810656
12-11,1.5981752856907827,-7.305941583870773,6.407396159097326,1.3351544094833163,-2.2171047161323694,-9.210947066067845,-4.801320592581639,8.792012882639161,3.0474571850252588,3.094019441523116,5.309830450560585,0.0,7.0,4.0,0.5040609879472433
12-12,-1.2070487951826434,-6.197553298943595,6.496812206885624,1.3896515684694162,-1.0653582976146898,-7.606978078971576,-1.736889692918712,7.985257835570805,3.51842682574958,1.5555552947215545,4.8717923428754295,0.0,6.0,5.0,0.666972325886766
12-13,0.6833782262648936,-3.167143792916829,11.788619486327983,2.1253476233760904,-2.0110714051038223,-5.266483859535408,-1.6388120429940396,8.646160367319569,2.8847748991525726,0.9230784880809294,2.644407608954943,0.0,7.0,4.0,1.4676879665772402
12-14,2.110467943610999,-3.7210714313404956,14.008754241286168,3.1677860541631713,-4.4930433366725335,-2.361240243335825,-0.12661920856443606,10.414141781826668,4.252131065285846,3.504272200103499,0.21932730812813706,0.0,7.0,4.0,2.2479088645409333
12-15,1.3839262108109034,-0.31270259615323753,15.040648951823044,4.868417037160773,-4.709716325944677,-1.3050084832150648,-2.415772912738494,10.632112599439427,6.635448638647579,5.33042192462411,-2.6164427007248237,0.0,6.0,5.0,2.7109443619774614
12-16,0.44643028202108453,-2.6579183895727057,16.485562300131058,4.491405592537907,-3.8789295979266343,-2.040815845077525,-4.481881400015785,10.040836411069112,4.5665025731694815,4.850429306572213,-2.3279349274066194,0.0,6.0,5.0,2.124473858791799
12-17,3.3928582224310686,-2.6796986124519555,17.09956914209534,4.968452534597518,-6.089554971723414,-4.514530233716874,-2.0343274261705475,6.65495114562583,4.536016810257532,9.19354961764428,-0.022305234496436566,0.0,6.0,5.0,2.542081749507695
12-18,1.1893880220603112,-5.113268424633093,15.691823556092062,3.8014846906072153,-6.656715051451726,-7.452071230801333,0.9180149228444463,5.731681761954766,4.230090363888869,9.98905622590546,0.39040543018848817,0.0,8.0,3.0,1.8933241888879557
12-19,-2.630363141750858,-4.30314765206235,16.99690371762926,2.930307758850296,-6.0298521127273785,-5.175040614625026,3.5868888124271843,8.199563773510816,4.451182038837611,11.89620207149329,0.18962427892010666,0.0,7.0,4.0,2.509355744208579
12-20,-0.27051156499931034,-0.5261472043323435,16.907342224576652,2.1383351384665397,-1.5441723819854665,-7.63737707045925,3.5868888124271843,8.382646476234653,5.089340477309428,11.286542258758727,-2.4198104252135995,0.0,6.0,5.0,2.9160897283986014
12-21,2.112674105382511,-2.6757953537128625,17.027681916235753,1.890809850594915,-0.3938098246215697,-6.973151287174886,5.314303017862236,7.667654105158672,4.658586422185228,11.813229809475317,-5.207617457713876,0.0,7.0,4.0,2.936213775305953
12-22,1.710523696046935,-4.200380567689631,15.734058921462118,5.21512406669225,-2.5574695665528004,-2.27137642598214,6.6999672673628705,7.569032521891951,6.102390972911055,15.76763234924265,-4.727105849614689,0.0,7.0,4.0,3.753533115480881
12-23,2.14912187506431,-3.858126017470199,14.251132203328812,-0.776264989370246,-1.1621311269792527,1.049642359956782,5.730229262977573,7.3460331394628025,3.1895834990041747,15.520956082649102,-1.2138583544266872,0.0,7.0,4.0,3.5188598278497643
12-24,1.491228789320469,-3.307336656861084,17.34273821029253,1.0884395262011055,-0.5077582547303052,1.1347561017841514,6.024094359673391,8.020604417582188,-2.2516352121340155,17.15538340473014,-0.27388256282131135,0.0,7.0,4.0,3.826386010253105
12-26,-9.223298948282428,-4.6791068253353805,15.019641252451915,-2.24719967990831,-1.1001392983216947,0.7132667772947036,6.354815087076466,4.967053040920895,0.6014984207726557,12.952734756081863,-1.0736233238818595,0.0,6.0,5.0,1.8571367715724023
12-27,-8.433734939759036,-1.130112745620599,14.580794643664131,-4.157312978565043,-0.525438682275277,-1.7246424097558333,7.01139249379458,3.9200584861623327,0.13366419113947464,11.694294533953634,-1.6006111490845711,0.0,5.0,6.0,1.6473626203044829
12-28,-4.651162790697675,-0.4305024221333143,16.190760367008178,-4.114281790597078,-0.05461621613060865,-2.2026432211595712,4.786121348679769,3.8431976605535065,0.9523804667608761,9.782277498745245,-3.41111077202691,0.0,5.0,6.0,1.7242016774168683
12-29,-6.992021625807546,-2.183268986711082,14.368158863841249,-6.169010216081626,-0.5212582242307263,1.5280161663717289,2.5083161898679593,3.6126054099700133,-1.5395249411974963,9.700338255357517,-2.7829890205812653,0.0,5.0,6.0,0.9607801558998936
12-30,-5.443453197950626,-1.1070129313777968,14.61561679806758,-7.624209406180596,0.7046128061759636,2.009631651209907,3.2336043816564826,3.7740574494574344,-1.075826688172313,9.811787473456898,-2.999113619043293,0.0,6.0,5.0,1.3249745597749698
12-31,-5.349607346630934,-2.790702405826066,10.138677467412533,-5.30873892869147,-0.3564498192124144,2.5191145151976753,4.805077501528934,5.223117723941066,2.4288119671844024,12.537399330567373,-0.6583131414298338,0.0,6.0,5.0,1.932365572003439
