,2009,2010,2011,2012,2013,2014,2015,2016,2017,2018,2019,2020,ups,downs,end_day_sum,avg
01-02,-9.839999675750732,1.6500005722045898,-0.31000041961669744,3.390000343322754,1.0699996948242188,1.6000003814697301,-0.2700004577636719,-5.319999694824222,-0.8299999237060547,0.9300003051757884,4.0399990081787145,0.0,6.0,6.0,02-16,-0.32416665554046525
01-03,-10.230000495910645,1.300000190734865,-0.28999996185302734,3.40000057220459,0.880000114440918,1.8699989318847692,0.7999992370605504,-4.139999389648441,0.12000083923340199,1.1099967956542898,4.5299987792968786,0.3699989318847656,9.0,3.0,02-17,-0.023333787918090376
01-04,-10.860000610351562,1.8600006103515625,-0.2799997329711914,3.4700002670288086,0.6999998092651349,2.100000381469723,1.0199985504150426,-3.1000003814697266,0.14000129699707387,0.779998779296875,3.4599990844726562,-1.0900001525878942,8.0,4.0,02-18,-0.1500001748402915
01-05,-11.300000190734863,1.130000114440918,-0.4099998474121076,3.380000114440918,0.6099996566772479,2.5400009155273438,1.4300003051757848,-2.6800003051757812,0.22999954223633168,0.5499992370605398,0.860000610351559,-1.3699989318847727,8.0,4.0,02-19,-0.41916656494140686
01-06,-11.210000038146973,1.489999771118164,-0.1599998474121076,3.380000114440918,0.1999998092651385,2.370000839233402,2.6399993896484375,-2.3199996948242223,0.07999992370605824,1.9000015258789134,1.6999988555908168,-0.8699989318847727,8.0,4.0,02-20,-0.0666665236155189
01-07,-9.770000457763672,0.8299999237060547,-1.2899999618530273,3.4200000762939435,0.05999946594238459,1.2399997711181605,1.8699989318847656,-0.5500011444091797,-2.2999992370605504,1.3700027465820384,1.9599990844726491,-0.8199996948242188,7.0,5.0,02-21,-0.3316667079925543
01-08,-9.550000190734865,0.19999980926513672,-1.390000343322754,3.340000152587889,-0.4099998474121076,1.0200004577636719,1.5799999237060582,-2.0900001525878906,-2.5599994659423793,1.6100006103515696,1.6000003814697301,-1.1500015258789134,6.0,6.0,02-22,-0.6500000158945712
01-09,-9.290000438690187,-0.039999961853027344,-1.5100002288818342,2.8699998855590803,-0.35000038146972834,0.7700004577636719,1.9300003051757741,-2.7700004577636648,-2.20999908447266,0.7700004577636719,1.1999988555908274,-1.3499984741210938,5.0,7.0,02-23,-0.8316665887832642
01-10,-8.199999809265137,0.0200004577636701,-2.399999618530275,2.330000877380371,-0.13000011444091797,1.4699993133544922,2.409999847412113,-2.0699996948242116,-3.160001754760742,0.48000335693360086,0.8099994659423864,-0.8699989318847656,6.0,6.0,02-24,-0.7758330504099513
01-11,-8.12999963760376,-0.46999931335449396,-2.8000011444091832,1.8100004196166992,-0.430000305175783,1.7999992370605504,2.329999923706062,-2.6100006103515625,-2.570001602172855,-0.7099990844726491,0.3500003814697301,-1.9799995422363317,4.0,8.0,02-25,-1.1175001064936314
01-12,-7.949999809265137,-1.5100002288818342,-2.8400001525878906,1.640000343322754,-0.3299999237060547,2.5900001525878906,1.659999847412113,-2.8799991607666016,-2.1700000762939453,-0.520000457763679,0.3099994659423828,-3.669998168945323,4.0,8.0,02-26,-1.3058331807454437
01-13,-8.789999961853027,-1.950000762939455,-2.8000011444091832,1.9200000762939453,-0.5600004196166992,2.2900009155273438,1.619998931884762,-1.7700004577636719,-2.440000534057617,-0.6499977111816477,0.30000114440917613,-5.479999542236332,4.0,8.0,02-27,-1.5258332888285338
01-14,-6.529999732971193,-1.9400005340576172,-3.140000343322754,1.75,-0.6400003433227557,1.7099990844726527,1.7399997711181605,-2.020000457763672,-2.2700004577636683,-0.6999969482421946,0.2800006866455078,-6.5800018310546875,4.0,8.0,02-28,-1.5283334255218517
01-15,-5.899999618530273,-1.640000343322754,-2.5799989700317383,1.4200000762939453,-0.6700000762939453,1.7700004577636754,1.7299995422363246,-1.5200004577636683,-2.1900005340576207,-1.7599983215332102,-0.18000030517578125,-6.380001068115234,3.0,9.0,02-29,-1.4916666348775234
01-16,-5.480000495910643,-1.6700000762939453,-2.6999998092651367,1.7799997329711932,-0.5,1.7099990844726527,1.9400005340576136,-0.7599983215332031,-2.3699989318847656,-1.799999237060554,-0.31999969482421875,-7.310001373291016,3.0,9.0,03-01,-1.4566665490468351
01-17,-5.460000038146973,-1.5500001907348633,-3.059999465942383,1.5200004577636719,-0.48000049591064453,1.4500007629394496,2.6000003814697266,-0.6999988555908203,-1.8299999237060582,-2.3100013732910156,-0.5799999237060547,-9.020000457763672,3.0,9.0,03-02,-1.618333260218303
01-18,-5.9100000858306885,-1.5200004577636719,-3.239999771118164,1.0400009155273438,-0.4000005722045916,1.1899986267089915,2.740001678466797,0.3000011444091797,-1.7800006866455078,-1.8400001525878906,-1.8099994659423864,-7.829999923706058,4.0,8.0,03-03,-1.5883332292238872
01-19,-6.340000152587891,-1.359999656677246,-2.4300003051757812,0.9700002670288068,-0.6300001144409197,1.2399997711181712,2.8900012969970703,0.6400012969970703,-1.8600006103515625,-3.0699996948242188,-0.8900012969970703,-7.340000152587894,4.0,8.0,03-04,-1.5149999459584553
01-20,-6.75,-1.0599994659423828,-1.9300003051757812,1.2899999618530238,-0.9000005722045898,1.9300003051757848,2.9500007629394496,1.159999847412113,-2.4300003051757777,-3.3899993896484446,-1.0300006866455078,-9.090000152587894,4.0,8.0,03-05,-1.6041666666666672
01-21,-6.979999542236328,-0.46999931335449396,-1.1599998474121094,0.6999998092651349,-0.9700002670288086,1.8599987030029297,2.840000152587887,1.25,-2.0400009155273438,-3.270000457763686,-0.9800014495849574,-9.090000152587894,4.0,8.0,03-06,-1.5258336067199725
01-22,-7.159999847412109,-0.8499994277954102,-1.3400001525878906,0.2999992370605451,-0.8500003814697266,2.4799995422363246,2.19000053405761,0.9899997711181605,-1.9500007629394496,-2.3699989318847727,-0.9000015258789098,-8.6500015258789,4.0,8.0,03-07,-1.509166955947877
01-23,-7.509999632835388,-0.7199993133544922,-1.6600008010864258,-0.060000419616700995,-0.7299995422363281,3.0399990081787074,1.9300003051757812,0.9200000762939453,-2.760000228881836,-2.1599998474121165,-0.8400001525878977,-9.020000457763668,3.0,9.0,03-08,-1.6308334171772014
01-24,-7.169999837875366,-0.5199995040893572,-1.530000686645506,0.25,-0.7600002288818342,4.60999870300293,0.7300014495849574,0.9300003051757777,-3.3299999237060582,-2.770000457763672,-0.9200000762939524,-10.969999313354492,4.0,8.0,03-09,-1.7874999642372142
01-25,-6.829999923706055,-0.4499998092651367,-1.0599994659423828,0.30000019073486506,-0.5600004196166992,4.510000228881832,0.020000457763668322,0.4400005340576101,-3.920000076293949,-1.9500007629394602,-2.25,-9.960000991821289,4.0,8.0,03-10,-1.8091666698455828
01-26,-6.289999961853027,-0.19999980926513494,-1.7299995422363281,0.3599996566772443,-0.6099996566772461,3.929998397827145,-0.8599987030029332,0.9399986267089879,-3.799999237060547,-1.1399993896484375,-1.9599990844726562,-12.470001220703129,3.0,9.0,03-11,-1.985833326975505
01-27,-6.400000333786011,-0.32999992370605113,-1.679999351501463,0.6100006103515643,-0.5299997329711932,3.269998550415039,-1.2700004577636683,0.5799999237060582,-4.3600006103515625,-1.2399978637695384,-1.8899993896484375,-9.559999465942386,3.0,9.0,03-12,-1.8999998370806377
01-28,-6.640000104904175,0.13000011444091975,-1.619999885559082,0.5600004196166992,-0.6299991607666016,2.900001525878899,-0.7299995422363281,0.7699985504150391,-3.610000610351559,-1.2599983215332102,-1.8499984741210973,-12.889999389648438,4.0,8.0,03-13,-2.0724995732307447
01-29,-5.959999799728395,0.6099996566772461,-1.7699995040893555,0.3900003433227539,-0.21000003814697266,3.670000076293938,-0.5900001525878906,0.2600002288818395,-3.1599998474121094,-2.2399978637695384,-1.7900009155273402,-13.19000053405762,4.0,8.0,03-14,-1.9983331958452872
01-30,-4.829999923706055,-0.01999950408935547,-2.0199995040893555,1.2400007247924822,-0.15999984741211115,2.8400001525878906,0.2399997711181605,0.7600002288818395,-2.760000228881829,-1.4200019836425781,-2.4200000762939453,-13.2199993133545,4.0,8.0,03-15,-1.8141666253407795
01-31,-4.6000001430511475,-0.43999958038330256,-2.140000343322754,1.069999694824217,-0.3600006103515625,2.139999389648441,-0.3299999237060547,0.8900012969970668,-1.9799995422363317,-0.7600021362304688,-2.870000839233395,-15.79999923706055,3.0,9.0,03-16,-2.0983334978421535
02-01,-4.900000095367432,0.48000049591064453,-2.760000228881836,0.4200000762939471,0.28999996185302734,2.409999847412113,-0.07999992370605469,0.6200008392333984,-1.7399997711181676,-1.1400032043457031,-3.2999992370605504,-15.769999504089355,5.0,7.0,03-17,-2.1225000619888306
02-02,-5.1000001430511475,0.38000011444091797,-2.8699998855590803,0.2200002670288086,0.3899993896484375,2.75,2.0,2.1100006103515625,-1.9799995422363317,0.09999847412109375,-3.5299987792968786,-20.959999084472656,7.0,5.0,03-18,-2.2074998815854396
02-03,-4.079999923706056,0.8400001525878906,-2.8199996948242188,0.3400001525878906,0.2599992752075213,2.930000305175785,2.0600013732910156,2.6500015258789062,-2.069999694824215,1.5200004577636719,-3.2999992370605504,-21.659998893737793,7.0,5.0,03-19,-1.9441661834716795
02-04,-3.0799999237060556,1.4700002670288086,-2.1700000762939435,0.39999961853027344,0.009999275207521308,2.3799991607666016,2.6499996185302734,2.4300003051757812,-1.4699993133544993,1.809997558593757,-2.9799995422363317,-25.110000133514404,7.0,5.0,03-20,-1.971666932106018
02-05,-3.25,0.9700002670288086,-2.4600000381469727,0.42999935150146307,-0.020000457763671875,2.909999847412106,2.1900005340576207,3.0700016021728516,-2.429998397827152,2.259998321533203,-3.2600002288818395,-25.229999065399177,6.0,6.0,03-21,-2.06833318869273
02-06,-3.269999742507935,1.0200004577636719,-2.049999237060545,0.25,-0.03999996185302912,2.2899990081787074,2.890001296997074,4.549999237060543,-2.920000076293949,1.2399978637695384,-3.360000610351559,-25.339999675750732,6.0,6.0,03-22,-2.0616667866706844
02-07,-3.2500002384185787,1.7900009155273438,-2.169999122619629,0.3199996948242205,0.010000228881834161,1.5799999237060511,3.030000686645508,4.099998474121087,-2.529998779296875,1.4399986267089915,-2.6499996185302734,-23.660000801086422,7.0,5.0,03-23,-1.8325000007947285
02-08,-3.190000295639037,1.7700004577636719,-3.0,0.009999275207521308,-0.7300004959106428,1.5400009155273402,2.8199996948242188,4.369998931884762,-2.6099987030029297,2.6199989318847727,-2.069999694824215,-23.00000095367431,6.0,6.0,03-24,-1.7891668279965707
02-09,-3.2800002098083487,1.7299995422363281,-3.010000228881834,-0.19000053405761363,0.010000228881834161,1.210000991821289,2.4899997711181605,4.680000305175778,-2.590000152587887,1.0999984741210938,-2.8999996185302734,-22.960000991821282,6.0,6.0,03-25,-1.9758335351943963
02-10,-2.6600000858306885,2.0500001907348615,-3.0900001525878924,-0.5299997329711914,0.09000015258789062,0.9700012207031179,0.9500007629394496,4.069999694824219,-2.610000610351566,0.05999755859375,-3.239999771118164,-19.930000305175774,6.0,6.0,03-26,-1.989166756470999
02-11,-2.740000009536743,1.069999694824217,-2.439999580383301,-0.38000011444091975,0.09000015258789062,-0.28000068664551137,0.9400005340576136,4.309999465942386,-3.450000762939453,1.7199974060058594,-3.2099990844726527,-19.75999927520752,5.0,7.0,03-27,-2.010833521684011
02-12,-3.009999990463257,0.9400005340576136,-1.8499994277954137,-0.039999961853027344,-0.17999935150146484,-0.3500003814697301,0.4500007629394496,2.6499996185302805,-2.5799999237060582,1.6599998474121094,-3.8700008392333984,-20.710000038146973,4.0,8.0,03-28,-2.240833262602489
02-13,-2.1499998569488525,0.869999885559082,-2.179999351501465,-0.07999992370605469,-0.19999980926513494,-0.6100006103515625,-0.0699996948242152,1.3700008392333984,-1.989999771118164,1.729999542236321,-4.229999542236328,-18.849999427795417,3.0,9.0,03-29,-2.1991664767265324
02-14,-1.950000286102295,0.8899993896484375,-2.210000038146976,-0.4799995422363281,-0.14999961853027166,-1.1200008392333984,-0.5700016021728516,1.3000011444091797,-1.3599987030029297,0.420001983642571,-2.3700008392333984,-18.070000648498535,3.0,9.0,03-30,-2.1391666332880663
02-15,-2.400000095367431,0.619999885559082,-1.9200000762939453,-0.48999977111816406,0.07999992370605469,-0.9700012207031286,-0.6000003814697266,2.069999694824215,-2.3099994659423864,-0.1399993896484446,-2.75,-19.83000087738037,3.0,9.0,03-31,-2.3866668144861873
02-16,-2.4700002670288086,0.619999885559082,-1.890000343322754,-0.7199993133544922,0.4099998474121094,0.010000228881828832,-0.8400001525878906,2.1400012969970703,0.4300003051757848,-0.37000274658203836,-2.8099994659423793,-20.49000072479248,5.0,7.0,04-01,-2.1650001207987475
02-17,-2.1700000762939453,0.5799999237060547,-1.7699995040893555,-0.8099994659423828,0.07999992370605646,0.6800003051757812,-0.8400001525878906,1.220001220703125,0.729999542236321,0.3100013732910156,-1.879999160766598,-20.22000026702881,6.0,6.0,04-02,-2.0074996948242188
02-18,-2.119999885559082,1.4099998474121094,-1.670000076293947,-0.5699996948242188,-0.26000022888183594,0.8500003814697195,-1.269998550415039,2.8900012969970703,0.44999885559082387,-0.8299980163574219,-1.6999988555908168,-20.25,4.0,8.0,04-03,-1.9224995772043865
02-19,-1.4699997901916504,1.140000343322754,-0.6700000762939435,-0.46999931335449396,-0.5199995040893572,0.9500007629394496,-1.4099998474121058,3.3800010681152273,0.7999992370605504,-0.2700004577636719,-1.4699993133544886,-20.31999969482422,4.0,8.0,04-04,-1.6941663821538289
02-20,-1.059999704360962,1.1199998855590838,-0.6700000762939435,-0.2599992752075213,-0.3199996948242205,-0.12999916076660156,-1.75,3.159999847412106,0.8699989318847692,0.220001220703125,-1.8099994659423864,-20.56999969482422,4.0,8.0,04-05,-1.766666432221731
02-21,0.38000011444091797,2.2500000000000018,-0.6000003814697248,-0.2599992752075213,-0.1499996185302752,-0.7999992370605504,-1.2099990844726598,2.860000610351559,0.6499996185302805,0.529998779296875,-1.3500003814697301,-19.879999160766605,5.0,7.0,04-06,-1.4649998346964528
02-22,1.260000228881836,2.6400003433227557,-0.4900007247924787,0.1599998474121076,-0.14999961853027344,-2.4099998474121094,-1.2099990844726598,2.5100002288818324,1.1400012969970739,0.42000198364258523,-0.5599994659423828,-19.12000083923339,6.0,6.0,04-07,-1.3174996376037587
02-23,0.17999982833862305,2.920000076293947,-0.05000019073486328,-0.3400001525878924,-0.19999980926513672,-3.9200000762939453,-1.4399986267089915,3.1400012969970703,1.4200000762939489,0.18999862670898438,-0.26000022888183594,-16.79000091552734,5.0,7.0,04-08,-1.262500007947286
02-24,0.0,2.910000801086426,-0.18000030517578125,-0.44999980926513494,0.17000007629394354,-3.3800010681152344,-0.28999900817871094,3.110000610351559,2.04000091552734,-1.2000007629394531,-0.1400012969970632,-16.07000064849853,4.0,8.0,04-09,-1.12333337465922
02-25,0.4499998092651367,2.90000057220459,-0.8400001525878924,-0.06999969482421875,0.4500007629394549,-2.680000305175785,-0.379999160766598,3.0200004577636683,1.6400012969970703,-0.9600028991699148,-1.2200012207031214,-14.259999275207523,5.0,7.0,04-10,-0.9958333174387611
02-26,0.0,4.189999580383301,-0.7899999618530273,-0.15999984741210938,0.8200006484985352,-2.629999160766605,-0.3600006103515625,2.799999237060547,1.3000011444091832,-0.6600036621093821,-1.0400009155273402,-13.079998970031738,4.0,8.0,04-11,-0.8008335431416832
02-27,1.25,4.140000343322756,-1.1799993515014648,-0.6000003814697248,0.45000076293945135,-3.0,0.8800010681152308,3.45999908447266,1.2399997711181676,-0.5900001525878906,-0.5200004577636683,-11.890000343322754,6.0,6.0,04-12,-0.5299999713897697
02-28,2.2500002384185795,4.380000114440918,-1.3299999237060565,-0.4299993515014666,0.4400005340576154,-3.4699993133544993,0.679998397827152,3.129999160766605,1.4199981689453125,-0.5499992370605469,-0.11000061035155895,-9.559999465942386,6.0,6.0,04-13,-0.26250010728836104
02-29,0.0,0.0,0.0,-0.1700000762939453,0.0,0.0,0.0,3.719999313354492,0.0,0.0,0.0,-10.499999046325685,1.0,2.0,04-14,-0.5791666507720948
03-01,3.2000000476837163,4.75,0.11999988555908025,-0.3299999237060529,0.42999935150146484,-3.6900005340576207,0.12999916076660156,3.170000076293949,0.8799991607666051,0.40000152587890625,-0.03999900817871449,-11.139999389648441,8.0,4.0,04-15,-0.17666663726170886
03-02,3.5499999523162837,4.720000267028809,0.3000001907348615,0.019999504089353692,0.880000114440918,-3.920000076293949,-0.11000061035155895,2.8299999237060582,1.3999996185302699,1.2000007629394531,0.5100002288818395,-10.009999275207523,9.0,3.0,04-16,0.11416671673456798
03-03,3.7699999809265146,4.559999465942383,-0.14000034332275568,0.48000049591064453,0.1100006103515625,-4.140001296997074,0.11999893188476918,2.770000457763679,1.1100006103515625,0.5500030517578196,0.44000053405762074,-8.879999160766605,9.0,3.0,04-17,0.06250027815500998
03-04,4.179999828338624,4.6399993896484375,0.17999935150146484,0.28000068664550604,0.3299999237060547,-4.8300018310546875,0.05999946594238992,3.0,0.6400012969970632,0.9200019836425852,0.600000381469723,-8.879999160766605,10.0,2.0,04-18,0.09333344300587958
03-05,4.499999880790711,3.2999992370605487,0.5600004196166992,0.37000083923339844,0.3599996566772443,-4.760000228881832,0.2099990844726598,2.970001220703125,0.570001602172848,2.260002136230476,0.5500011444091726,-6.180000305175781,10.0,2.0,04-19,0.39250039060910585
03-06,3.9100000858306894,2.899999618530275,0.3300008773803711,0.6700000762939453,0.2399997711181623,-4.930000305175785,0.3299999237060547,3.0500011444091797,1.2000007629394496,1.6599998474121094,0.470001220703125,-6.5699996948242205,10.0,2.0,04-20,0.2716669440269463
03-07,3.9700002670288077,2.5599994659423864,-0.13999938964843572,0.3400001525878906,0.010000228881834161,-4.070001602172855,0.5200004577636719,3.2100009918212926,2.280000686645508,1.549999237060554,0.9899997711181641,-3.799999237060547,9.0,3.0,04-21,0.6183334191640227
03-08,2.690000057220459,3.529999732971193,-0.26999950408935547,-0.05000019073486506,-0.3099994659423828,-3.75,0.9200000762939418,3.4600009918212926,2.3400001525878906,0.5,1.0599994659423864,-4.349999427795408,7.0,5.0,04-22,0.48083349068959597
03-09,3.070000171661377,3.5500001907348633,-0.22000026702880682,0.06000041961669922,-0.22000026702880682,-3.8299999237060547,0.7999992370605469,2.740001678466797,2.5900001525878906,-1.2299995422363281,0.9500007629394531,-4.689999580383301,7.0,5.0,04-23,0.2975002527236941
03-10,2.6500000953674316,3.199999809265135,0.430000305175783,-0.01999950408935547,-0.11999988555908025,-2.7399997711181676,2.0,2.450000762939453,2.9599990844726562,-1.3300018310546875,0.6300010681152308,-7.500000953674316,7.0,5.0,04-24,0.21749993165334022
03-11,2.819999933242798,3.4200000762939453,0.3399991989135742,-0.4200000762939453,0.30000019073486506,-2.859998703002937,2.440000534057617,1.4800014495849574,2.45999908447266,-0.6000022888183594,0.9400005340576207,-4.789999961853024,8.0,4.0,04-25,0.4608333309491477
03-12,2.3499999046325684,3.939999580383299,0.5799999237060565,-0.4799995422363281,0.6799993515014666,-2.760000228881836,2.310001373291019,1.2299995422363317,3.0499992370605504,-1.25,1.1800003051757848,-1.9700002670288086,8.0,4.0,04-26,0.7383332649866753
03-13,2.18999981880188,4.510000228881838,0.5299997329711914,-1.0399999618530291,0.6199998855590838,-2.3099994659423864,2.6700000762939418,0.8199996948242259,3.3999996185302805,-0.45999908447265625,1.220001220703125,-1.6599998474121076,8.0,4.0,04-27,0.8741668264071155
03-14,2.8499999046325684,5.2599992752075195,0.21000003814697266,-0.7699995040893555,-0.22000026702880682,-1.7200012207031214,2.3400001525878906,0.899999618530277,3.4400005340576136,-0.3599967956542969,1.3400001525878942,3.689999580383301,8.0,4.0,04-28,1.4133334557215378
03-15,2.2800002098083496,4.189999580383303,0.2700004577636719,-1.359999656677246,0.3699998855590838,-2.9500007629394496,2.260000228881836,1.260000228881836,2.970001220703125,-0.34999847412109375,1.7299995422363281,4.979999542236328,9.0,3.0,04-29,1.3041668335596726
03-16,2.570000171661376,3.5,0.630000114440918,-0.6400003433227521,0.4900007247924787,-3.590000152587887,2.7000007629394496,0.7299995422363281,3.0,-3.700000762939453,2.0599994659423864,5.560000419616699,9.0,3.0,04-30,1.1091666618982954
03-17,3.1499998569488517,3.539999961853029,0.319999694824217,-0.6700000762939418,0.7100000381469709,-1.6300010681152308,-0.6299991607666051,0.9799995422363281,3.4300003051757884,-4.999998092651371,2.35000038146973,7.909998893737789,8.0,4.0,05-01,1.2050000230471296
03-18,3.30999994277954,3.8900003433227557,0.20000076293945135,-1.0299997329711896,1.0900001525878888,-1.5600013732910156,-1.409999847412113,-0.06999969482421875,4.089998245239258,-4.859998703002937,0.37999916076660156,10.319999217987057,7.0,5.0,05-02,1.1958332061767567
03-19,2.959999799728393,4.709999084472653,-0.2300004959106463,-1.1599998474121076,1.0200004577636719,-1.350000381469723,-1.7399997711181712,0.32999992370605824,4.34999847412109,-4.879999160766609,-0.7299995422363281,9.759999275207516,6.0,6.0,05-03,1.0866664846738165
03-20,5.330000162124634,3.369999885559084,0.11999988555908025,-0.7200002670288068,0.8500003814697301,-1.1499996185302734,-1.470001220703125,0.7000007629394567,4.339998245239258,-5.5100002288818395,-0.4099998474121094,7.720000267028809,7.0,5.0,05-04,1.0974998672803247
03-21,4.750000238418578,3.8899993896484375,0.0,-0.7299995422363281,1.0200004577636719,-0.7900009155273402,-1.010000228881836,0.470001220703125,4.980001449584957,-4.899999618530284,-1.0599994659423828,5.8600006103515625,6.0,6.0,05-05,1.0400002996126803
03-22,6.329999685287476,2.9599990844726562,1.449999809265135,-0.5500001907348615,1.4899997711181658,0.639999389648434,-1.1399993896484375,0.22999954223632457,5.079999923706048,-3.3099994659423864,-0.4200000762939453,5.63000011444092,8.0,4.0,05-06,1.532499849796294
03-23,9.69000029563904,2.439999580383301,1.530000686645506,-1.2799997329711896,1.5199995040893537,0.3400001525878835,-2.2700004577636683,0.7099990844726491,5.190000534057614,-1.9799976348876847,0.23999977111816406,5.120000839233398,9.0,3.0,05-07,1.7708335518836973
03-24,8.75999975204468,2.489999771118166,1.1199998855590803,-2.0699996948242205,1.6700000762939435,-0.17000007629394887,-2.5,0.9499988555908168,5.010000228881832,-3.0599975585937464,-0.25,1.72999954223633,7.0,5.0,05-08,1.1400000651677444
03-25,8.919999837875368,2.969999313354494,1.0999994277954137,-2.380000114440918,1.569999694824217,-0.4600009918212855,-2.1100006103515625,1.4200000762939453,4.270000457763679,-3.3099975585937464,-0.8799991607666016,0.9600000381469744,7.0,5.0,05-09,1.0058333675066649
03-26,8.689999818801882,1.2600002288818342,1.5599994659423793,-2.729999542236328,1.5599994659423793,0.1800003051757848,-1.80999946594239,1.5599994659423864,3.840000152587894,-2.8599967956542898,-0.11000061035156605,0.46000003814697443,8.0,4.0,05-10,0.966666877269745
03-27,8.700000286102297,0.6400003433227539,1.799999237060545,-2.8500003814697266,1.7399997711181623,0.25,-1.5499992370605469,1.3999996185302734,4.379999160766605,-1.9599990844726491,0.6700000762939453,2.7400007247924787,9.0,3.0,05-11,1.330000042915345
03-28,10.179999828338623,1.5200004577636719,2.069999694824217,-2.3700008392333984,1.5500001907348615,-0.5599994659423828,-1.3400001525878906,2.129999160766598,4.059999465942383,-1.1999969482421804,0.21000099182128906,4.060000419616697,8.0,4.0,05-12,1.6925002336502075
03-29,10.700000286102295,1.760000228881836,1.8500003814697283,-2.200000762939453,2.320000648498535,-1.5200004577636683,-1.9200000762939453,0.7900009155273509,3.9399986267089844,-2.1199989318847656,-0.11000061035155895,3.1199998855590803,7.0,5.0,05-13,1.3841666777928683
03-30,9.999999523162842,2.4899997711181623,1.5399999618530273,-1.9600000381469727,2.789999961853024,-1.2700004577636683,-2.1499996185302734,0.7199993133544957,3.899999618530277,-0.5100021362304616,-0.9600009918212891,2.3100004196166974,7.0,5.0,05-14,1.408332943916322
03-31,6.369999885559084,2.699999809265135,1.5600004196166992,-2.090000152587889,2.8800001144409144,-1.1800003051757777,-1.6700000762939489,0.5699996948242259,3.5799999237060547,-2.080001831054684,-1.2299995422363317,0.8800001144409144,7.0,5.0,05-15,0.8574998378753663
04-01,6.0699996948242205,2.6599998474121076,1.1499996185302734,-2.579999923706053,3.039999961853024,-2.320001602172855,-1.5199985504150426,0.020000457763668322,3.3999996185302734,-1.5600013732910156,-0.6599998474121094,0.9099998474121076,7.0,5.0,05-16,0.7174998124440499
04-02,5.559999704360964,1.189999580383299,1.4600000381469709,-2.710000038146971,2.9600000381469727,-2.4900016784667933,-1.9799995422363317,0.009998321533203125,3.9300003051757812,-2.1500015258789062,-0.6700000762939418,1.1700000762939435,7.0,5.0,05-17,0.5233329335848492
04-03,3.1100001335144043,0.4799995422363281,1.0900001525878906,-3.02000045776367,3.219999313354494,-2.0400009155273438,-2.020000457763672,0.4599990844726527,4.450000762939446,-2.519998550415039,-0.8999996185302699,2.9400005340576154,7.0,5.0,05-18,0.4374999602635697
04-04,2.1399998664855957,0.1499996185302752,1.2899999618530291,-2.6400003433227557,3.169999122619629,-1.220001220703125,-1.870000839233402,0.3599987030029297,3.3299999237060547,-3.010000228881836,-1.0499992370605433,0.9400005340576172,7.0,5.0,05-19,0.13249965508778905
04-05,3.2099995613098145,-0.1900005340576172,1.7200002670288104,-2.690000534057617,3.270000457763672,-0.020000457763671875,-1.6599998474121094,0.43000030517578125,3.5499992370605433,-3.6499996185302734,-0.9099998474121023,2.40000057220459,6.0,6.0,05-20,0.454999963442485
04-06,2.8099999427795392,-0.7899999618530273,1.6100006103515643,-3.1100006103515625,2.9800004959106463,0.23999977111816406,-1.6300010681152344,0.3400001525878942,2.719999313354492,-1.9500007629394531,-1.6700000762939453,2.25,7.0,5.0,05-21,0.3166664838790898
04-07,3.7200002670288086,-0.5799999237060547,1.8299999237060582,-3.1800003051757795,3.1400003433227557,-0.07999992370605469,-1.0400009155273402,0.030000686645507812,2.8499984741210973,-2.029998779296882,-2.2099990844726562,2.869999885559082,6.0,6.0,05-22,0.44333338737487854
04-08,3.4200000762939453,-1.9599990844726562,2.3700008392333984,-2.640000343322754,3.180000305175783,-0.2699985504150426,-1.5200004577636719,-0.8799991607666016,3.479999542236328,-2.3600006103515767,-1.779998779296875,1.5,5.0,7.0,05-23,0.21166698137918974
04-09,2.869999885559082,-3.029999732971193,2.619999885559082,-2.789999961853029,2.439999580383299,-0.6700000762939453,-2.54000091552734,-0.2999992370605469,3.799999237060547,-2.7899990081787216,-0.6599998474121094,1.949999809265135,5.0,7.0,05-24,0.07499996821085493
04-10,1.9200000762939453,-2.619999885559082,2.1700000762939435,-2.2999992370605487,2.149999618530275,0.1100006103515625,-2.4799995422363317,0.0699996948242152,3.5299987792968786,-3.0699977874755753,-0.8199996948242223,2.5900001525878906,7.0,5.0,05-25,0.10416690508524591
04-11,1.5399999618530273,-3.25,2.179999351501465,-2.8299999237060547,2.2200002670288104,0.28000068664550426,-1.7999992370605469,0.610000610351559,3.4800014495849574,-2.079999923706051,-1.1200008392333949,2.0799999237060547,7.0,5.0,05-26,0.10916686058044418
04-12,1.3400001525878915,-3.0900001525878924,2.920000076293949,-3.0899991989135724,2.0399999618530273,1.1000003814697301,-1.4899997711181605,0.149999618530277,3.620000839233395,-3.329999923706051,-1.5300006866455114,1.989999771118164,7.0,5.0,05-27,0.052500089009603824
04-13,0.8899998664855966,-3.6999998092651367,1.8299999237060582,-3.1499996185302734,2.6599998474121076,1.3899993896484375,-2.1299991607666016,-0.3000011444091797,4.0,-2.800001144409176,-1.909999847412113,3.739999771118164,6.0,6.0,05-28,0.04333317279815696
04-14,0.6399998664855966,-3.6999998092651367,1.5900001525878924,-2.880000114440916,2.6599998474121076,1.9400005340576172,-1.8500003814697301,-0.010000228881835938,4.069999694824215,-3.450000762939453,-1.7399997711181676,3.0700006484985316,6.0,6.0,05-29,0.028333306312560074
04-15,0.8499999046325675,-2.859999656677248,1.5299997329711932,-2.9200000762939435,3.0,2.25,-2.2299995422363317,0.009998321533206678,4.479999542236332,-3.3199996948242223,-1.9600009918212926,3.6900005340576136,7.0,5.0,05-30,0.2099998394648229
04-16,1.3399996757507315,-2.6599998474121094,1.949999809265135,-2.5500001907348633,2.6000003814697266,1.4899997711181676,-2.0400009155273438,-0.36000061035155895,4.69999885559082,-3.4700012207031214,-2.0799999237060547,4.290000915527338,6.0,6.0,05-31,0.2674997250239057
04-17,0.8399996757507342,-1.2100000381469727,1.6299991607666016,-2.8900003433227557,2.6400003433227557,1.75,-1.2399997711181676,0.05999946594238281,4.75,-4.2200012207031214,-2.1999988555908274,3.1499996185302734,7.0,5.0,06-01,0.25499983628590855
04-18,2.440000057220459,-1.5699996948242205,1.2999992370605487,-2.8299999237060565,3.0299997329711914,2.1200008392333984,-1.7800006866455043,-0.020000457763668322,3.9699993133544886,-4.520000457763668,-2.159999847412113,3.6500005722045845,6.0,6.0,06-02,0.30249989032745334
04-19,3.3399996757507324,-1.8599996566772479,1.2100000381469709,-2.8500003814697283,3.1000003814697266,1.8700008392333984,-2.25,0.38999938964843395,3.6999988555908168,-3.6700019836425746,-1.860000610351559,4.269999504089354,7.0,5.0,06-03,0.4491663376490269
04-20,2.9000000953674316,-2.529999732971193,1.1100006103515625,-2.6900005340576154,2.8400001525878906,2.25,-2.0599994659423793,0.6299991607666016,3.2600002288818324,-3.989997863769535,-2.380001068115231,4.67000102996826,7.0,5.0,06-04,0.3341668844223021
04-21,2.0899996757507324,-2.619999885559084,1.1199998855590803,-2.75,2.859999656677246,1.5,-2.0,1.1299991607666016,3.8499984741210866,-4.379997253417969,-3.329999923706051,7.070000648498539,7.0,5.0,06-05,0.3783333698908485
04-22,1.9699997901916504,-3.2699995040893572,1.4300003051757812,-2.7100000381469727,2.6800003051757812,0.720001220703125,-2.3200016021728516,1.9300003051757848,3.520000457763672,-4.629997253417969,-1.5600013732910085,6.970000267028812,7.0,5.0,06-06,0.394166906674704
04-23,1.7699999809265137,-3.1400003433227557,0.8499994277954102,-2.1999998092651385,1.7700004577636719,1.5,-2.370000839233395,2.299999237060547,3.1899986267089844,-5.3099975585937536,-1.5500011444091832,6.480000495910646,7.0,5.0,06-07,0.27416654427846227
04-24,1.450000286102295,-4.5099992752075195,0.4200000762939453,-1.8400001525878924,1.4900007247924787,1.1400012969970632,-1.7199993133544922,2.639999389648434,3.490001678466804,-3.9700012207031214,-1.8300018310546875,7.779999732971188,7.0,5.0,06-08,0.3783334493637079
04-25,2.0099997520446777,-5.629999160766602,0.1700000762939453,-2.1300001144409197,0.9900007247924787,1.7800006866455043,-1.6399993896484375,2.889999389648434,3.409997940063466,-3.780002593994137,-1.7900009155273438,6.4899997711181605,7.0,5.0,06-09,0.23083301385243557
04-26,1.799999713897705,-5.179999351501465,-0.1400003433227539,-2.5599994659423864,1.0599994659423828,2.119998931884769,-2.75,3.129999160766598,2.9699974060058523,-0.7400016784667933,-1.8199996948242223,8.530000686645511,6.0,6.0,06-10,0.5349995692570998
04-27,1.6399998664855966,-4.47999954223633,-0.07999992370605469,-2.5699996948242205,1.2100000381469709,1.5100002288818395,-2.5699996948242188,3.0399990081787074,1.7499980926513565,0.06999969482421875,-2.3199996948242188,6.829999923706058,7.0,5.0,06-11,0.3358331918716421
04-28,1.239999771118165,-4.710000038146974,0.1999998092651385,-2.0299997329711896,1.4400005340576154,1.5,-2.829999923706051,3.619998931884762,2.0600013732910156,-0.639999389648434,-1.1800003051757848,4.69999980926514,7.0,5.0,06-12,0.2808334032694502
04-29,0.8600001335144052,-5.369998931884762,0.38000011444091797,-2.380000114440918,1.0500001907348633,-0.07999992370605469,-1.5799999237060511,3.7900009155273438,1.0100002288818395,0.1700000762939453,-0.6300010681152415,3.050001144409187,7.0,5.0,06-13,0.02250023682912287
04-30,-1.3400001525878906,-4.430000305175783,-0.4600000381469709,-2.1800003051757812,0.6400003433227539,-0.3299999237060547,-1.6199989318847656,2.879999160766605,0.620000839233402,0.21999931335449574,1.070001602172848,3.680000305175785,6.0,6.0,06-14,-0.10416650772094638
05-01,-0.8800001144409171,-4.809999465942383,-0.5100002288818359,-2.310000419616699,0.9600000381469709,-0.4899997711181676,-1.5799999237060547,2.450000762939453,1.120000839233402,-0.44999885559082387,1.860000610351559,2.8299999237060547,5.0,7.0,06-15,-0.15083305040995354
05-02,-2.309999465942383,-4.460000038146974,-0.1400003433227539,-2.570000648498537,0.21000003814697088,-2.0499992370605504,-1.8400001525878906,2.379999160766605,1.3899993896484304,-0.26999855041503906,2.0300006866455043,4.390000343322752,5.0,7.0,06-16,-0.26999990145365543
05-03,-2.909999370574951,-3.840000152587889,-0.430000305175783,-1.9400005340576172,0.3000001907348633,-1.2900009155273402,-2.0400009155273438,3.0799999237060582,1.2399978637695277,-0.3299999237060618,1.7299995422363246,4.67000102996826,5.0,7.0,06-17,-0.14666696389516268
05-04,-2.7899994850158683,-3.119999885559084,-1.7600002288818342,-1.3699998855590803,-0.06000041961669922,-1.3800010681152273,-2.1800003051757812,3.0500011444091832,1.629999160766598,-0.4300003051757777,2.1599998474121094,4.570000648498533,4.0,8.0,06-18,-0.1400000651677439
05-05,-6.3500003814697275,-2.5799999237060565,-1.8599996566772479,-1.359999656677246,0.12999916076660156,-1.3999996185302699,-0.7199993133544957,2.6499996185302734,1.7300014495849645,-0.3800010681152308,2.0499992370605504,4.699998855590817,5.0,7.0,06-19,-0.28250010808308906
05-06,-5.329999923706056,-1.3600006103515625,-2.329999923706053,-1.25,0.28999996185302734,-0.5699996948242223,-0.15999984741210582,2.14999961853027,2.19000053405761,-0.2900009155273402,2.7199993133544886,5.059999465942379,5.0,7.0,06-20,0.09333316485086958
05-07,-5.1000003814697275,-0.9399995803833026,-2.589999198913574,-1.0199995040893555,0.2799997329711914,-0.03999900817871449,-0.3299999237060547,2.7600002288818324,2.730001449584961,-1.7000007629394496,2.8699989318847656,4.039999008178709,5.0,7.0,06-21,0.08000008265177334
05-08,-6.210000038146973,-1.9700002670288068,-2.799999237060545,-0.5700006484985352,0.2899999618530291,0.7900009155273402,-0.43000030517578125,2.430000305175785,2.760000228881836,-1.5200004577636719,2.0699996948242188,2.9899997711181605,6.0,6.0,06-22,-0.18083333969116197
05-09,-6.530000209808349,-1.7700004577636719,-2.359999656677246,-0.4099998474121094,-0.15000057220459162,0.7999992370605504,0.14999961853027344,2.680000305175785,2.0,-2.3600006103515625,2.1900005340576136,3.559999465942383,6.0,6.0,06-23,-0.1833335161209105
05-10,-7.180000305175781,-2.1099996566772443,-2.810000419616699,-0.4200000762939453,-1.549999237060545,0.8099994659423828,-0.26000022888183594,1.7399997711181676,1.7299995422363281,-2.829998016357429,2.380001068115238,3.1200008392333984,5.0,7.0,06-24,-0.6149997711181637
05-11,-7.260000228881835,-2.2799997329711914,-2.560000419616699,-0.6599998474121112,-1.8899993896484357,1.0499992370605504,0.029998779296875,2.3099994659423793,1.9799995422363281,-1.489999771118164,2.3400001525878906,3.809999465942383,6.0,6.0,06-25,-0.38500022888183594
05-12,-5.7099995613098145,-2.7399997711181623,-2.260000228881836,-0.15000057220458984,-2.449999809265135,1.0699996948242188,-0.4900016784667969,2.379999160766605,2.1000003814697266,-2.25,2.5599994659423864,3.090000152587887,5.0,7.0,06-26,-0.4041668971379592
05-13,-2.0099997520446795,-2.3999996185302717,-2.270000457763672,-0.6500005722045898,-2.0,1.2299995422363281,-0.7300014495849574,2.8500003814697266,2.479999542236328,-3.049999237060547,2.2600002288818395,4.249999999999998,5.0,7.0,06-27,-0.003333449363708052
05-14,-1.070000171661377,-2.4600000381469727,-2.1500005722045916,-0.5600004196166974,-1.5399999618530238,1.7000007629394531,-0.6900005340576172,0.8299999237060582,2.1699981689453054,-3.1599998474121094,1.9400005340576172,3.409999847412106,5.0,7.0,06-28,-0.13166685899098743
05-15,-0.9000000953674316,-1.7999992370605487,-1.8299999237060547,-0.38000011444091797,-1.1199998855590803,1.7000007629394531,-0.8299999237060476,-0.5399990081787074,2.049999237060547,-3.3599987030029297,1.7700004577636683,2.8500003814697266,4.0,8.0,06-29,-0.19916633764902691
05-16,-1.9599995613098145,-2.3199996948242205,-1.4000005722045916,-0.2799997329711914,-0.9400005340576154,2.819999694824215,-1.3000011444091797,0.01000022888183949,1.5,-3.549999237060547,1.340000152587887,0.4099998474121076,5.0,7.0,06-30,-0.4725000460942592
05-17,-2.0899996757507315,-3.2699995040893572,-1.6100006103515643,0.23000049591064453,-0.8699998855590838,2.25,-2.1000003814697266,0.7600002288818359,2.5500011444091726,-3.809999465942383,2.5500011444091726,1.509999275207523,6.0,6.0,07-01,-0.3249997695287081
05-18,-2.3499999046325675,-3.339999198913574,-2.1100006103515643,0.4600000381469709,-0.7200002670288068,2.239999771118164,-1.4300003051757812,1.039999008178711,2.7400016784667898,-3.960000991821289,3.2199993133544886,1.4899988174438477,6.0,6.0,07-02,-0.2266668876012176
05-19,-1.9500002861022923,-3.130000114440918,-2.580000877380371,0.28999996185302734,-0.4200000762939453,2.4400005340576207,-1.4599990844726562,1.2299995422363246,1.6399993896484446,-2.9799976348876847,3.3400001525878835,1.6399993896484375,6.0,6.0,07-03,-0.16166659196217745
05-20,-1.7800002098083487,-2.130000114440918,-2.440000534057617,0.28999996185302734,-0.4200000762939453,2.7600002288818395,-1.8199996948242188,0.9799995422363246,1.3199996948242259,-2.9799976348876847,3.3400001525878835,0.2999992370605469,6.0,6.0,07-04,-0.21499995390574042
05-21,-1.4000000953674308,-2.7799997329711914,-1.7200002670288068,0.18000030517578125,-0.6700000762939453,2.4099998474121165,-1.9500007629394531,0.5,-0.279998779296875,-3.8499984741210866,3.09999847412109,0.8099994659423828,5.0,7.0,07-05,-0.4708333412806181
05-22,-1.3400001525878915,-2.0900001525878906,-1.2400007247924787,0.40999984741211115,-0.21000003814697266,1.8199996948242188,-1.9600009918212926,0.6500015258789098,-1.0100002288818324,-3.600000381469723,3.059999465942383,0.8700008392333984,5.0,7.0,07-06,-0.38666677474975497
05-23,-1.2199997901916513,-2.310000419616699,-1.2300004959106445,0.3599996566772461,-0.06000041961669744,1.8500003814697266,-1.3200016021728516,0.42000007629394887,-0.3199996948242223,-3.620000839233402,3.509998321533203,-0.7899990081787109,4.0,8.0,07-07,-0.3941669861475629
05-24,-1.4499998092651376,-2.5199995040893555,-0.969999313354494,0.28999996185302734,0.0,1.2199993133544922,-1.6000003814697266,0.28000068664550426,-0.2100009918212855,-3.3400001525878906,3.3499984741210973,-0.9400005340576207,4.0,8.0,07-08,-0.4908335208892825
05-25,-1.25,-2.0500001907348615,-1.5599994659423864,0.18999958038330078,0.09999942779541016,0.9899997711181605,-0.8200016021728516,0.15000152587889914,-0.620000839233402,-3.04000091552734,3.9099998474121094,-1.510000228881836,5.0,7.0,07-09,-0.4591669241587331
05-26,-1.619999885559083,-1.8100004196166992,-1.75,-0.3400001525878871,0.29999923706054865,0.15999984741211293,-2.300001144409176,0.4400005340576101,-1.5200004577636683,-2.329999923706062,3.5799999237060547,-1.3500003814697266,4.0,8.0,07-10,-0.7116669019063314
05-27,-1.7199997901916504,-2.920000076293947,-0.6700000762939453,-0.6700000762939435,0.1699991226196289,0.37999916076660156,-2.340000152587887,0.049999237060546875,-1.0300006866455078,-1.8400001525878942,3.9099998474121094,-1.810001373291012,4.0,8.0,07-11,-0.7075004180272417
05-28,-1.619999885559083,-2.640000343322752,-0.10999965667724787,-0.8000001907348615,0.07999992370605469,0.29000091552734375,-2.6200008392333913,0.10999870300292613,-0.6900005340576172,-1.3699989318847692,3.809999465942383,-0.9300003051757812,4.0,8.0,07-12,-0.5408334732055664
05-29,-1.6100001335144052,-2.1999998092651385,-1.0,-0.9600000381469709,0.26000022888183594,0.0,-2.2099990844726562,0.13999938964843395,-0.4400005340576172,-1.4099998474121094,3.7699985504150426,-1.1800003051757777,3.0,9.0,07-13,-0.5700001319249468
05-30,-2.6499996185302734,-2.350000381469725,-0.5799999237060565,-0.7100000381469709,0.020000457763671875,-0.030000686645511365,-1.4300003051757777,0.42000007629394176,-0.13000106811523438,-2.0,3.789999008178711,-1.5999984741210938,3.0,9.0,07-14,-0.6041667461395265
05-31,-2.5099997520446786,-1.7700004577636719,-0.21999931335449396,-0.6199998855590838,0.09000015258789062,-0.5799999237060511,-0.7299995422363246,0.27999877929687145,0.020000457763675428,-1.5600013732910085,3.970001220703125,-1.4200000762939489,4.0,8.0,07-15,-0.4208333094914749
06-01,-2.3799996376037598,-1.7500000000000018,0.3400001525878906,-0.619999885559082,0.07000064849853516,-0.4499988555908203,-0.6599998474121058,-0.29000091552734375,-0.519998550415032,-1.2900009155273438,5.149999618530273,-1.6399993896484375,3.0,9.0,07-16,-0.3366664648056023
06-02,-1.4600000381469727,-2.0500001907348633,0.07999992370605469,-0.6099996566772461,0.530000686645506,-0.6399993896484375,-1.2299995422363281,-0.9700012207031286,-0.5900001525878906,-0.5900001525878942,5.509998321533203,0.0,3.0,9.0,07-17,-0.16833345095316643
06-03,-1.0299997329711914,-2.3299999237060565,0.530000686645506,-0.6499996185302734,0.5100002288818342,0.1800003051757848,-1.1699981689453125,-0.7699985504150426,-0.279998779296875,-0.4200000762939453,5.539999008178711,-2.0599994659423864,4.0,8.0,07-18,-0.1624995072682706
06-04,-1.070000171661377,-1.880000114440918,1.1700000762939435,-0.3599996566772461,0.6799993515014648,-0.13000106811522727,-1.739999771118164,-1.0599994659423828,-0.33999824523925426,-0.29000091552734375,3.220001220703118,-3.5199985504150355,3.0,9.0,07-19,-0.4433331092198685
06-05,-0.9800000190734863,-1.380000114440918,1.0299997329711914,-0.7700004577636701,1.169999122619629,0.11999893188477273,-1.5900001525878942,-1.0100002288818324,0.3600006103515696,0.15999984741211293,2.9000015258789027,-4.119998931884762,6.0,6.0,07-20,-0.3425000111261987
06-06,-0.9699997901916495,-1.4600000381469727,1.689999580383299,-1.0700006484985334,1.109999656677246,0.15999984741210938,-0.7199993133544922,-1.25,0.29999923706053977,-0.5299987792968786,2.370000839233395,-6.950000762939453,5.0,7.0,07-21,-0.6100000143051159
06-07,-0.46000003814697354,-0.9800004959106428,1.9099998474121094,-1.0600004196166992,1.2300004959106428,0.9899997711181605,-0.7100009918212891,-1.1499996185302734,0.03000259399414773,-0.32999992370605824,2.479999542236328,-7.430000305175785,5.0,7.0,07-22,-0.45666662851969436
06-08,-0.679999828338623,-1.7700004577636719,2.5399999618530273,-1.0700006484985352,0.9999999999999982,0.9200000762939382,-0.6900005340576172,-1.4699993133544886,0.020000457763671875,0.039999008178707385,1.1700000762939453,-7.069999694824226,6.0,6.0,07-23,-0.5883334080378227
06-09,-0.15000009536743253,-1.4000005722045898,2.380000114440918,-1.2600002288818342,0.9799995422363299,1.639999389648434,-0.8299999237060547,-1.5900001525878906,1.75,-0.38999938964844105,0.9300003051757848,-5.729999542236332,5.0,7.0,07-24,-0.3058333794275923
06-10,-0.039999961853027344,-1.7700004577636719,3.0299997329711896,-1.2699995040893555,0.9400005340576225,1.7600002288818395,-1.010000228881836,-1.3799991607666051,2.4399986267089844,-0.620000839233402,1.7800006866455043,-4.180000305175785,5.0,7.0,07-25,-0.026666720708211855
06-11,0.019999980926513672,-1.4500007629394531,3.300000190734865,-1.640000343322754,1.279999732971195,1.380001068115238,-1.2999992370605469,-0.9300003051757848,2.4000015258789134,-0.8199996948242188,1.7399997711181676,-1.510000228881836,6.0,6.0,07-26,0.20583347479502492
06-12,0.13000011444091797,-1.429999351501463,3.3299999237060547,-2.0399999618530273,1.3099994659423864,1.8400001525878977,-0.75,-0.8000011444091797,2.6800003051757812,-0.11999893188476918,2.0099983215332067,-3.2799997329711896,6.0,6.0,07-27,0.23999993006388465
06-13,1.1999998092651367,-0.9899997711181623,3.369999885559082,-1.7799997329711914,1.1099996566772496,1.0799999237060547,-1.1199989318847692,-0.11000061035155895,1.779998779296882,0.5699996948242223,1.9899997711181676,-3.660000801086426,7.0,5.0,07-28,0.28666647275289064
06-14,1.2699999809265128,-0.8000001907348615,2.5600004196166974,-1.9000005722045898,1.0799999237060547,1.5799999237060547,-1.5399990081787145,-0.22999954223633168,1.520000457763686,0.09000015258789062,1.710000991821289,-4.4900007247924805,7.0,5.0,07-29,0.07083348433176728
06-15,0.9499998092651367,-1.469999313354494,2.970000267028807,-1.5799999237060565,1.0,2.0100002288818324,-1.2199993133544922,-0.7000007629394531,1.2899971008300781,-0.01000022888183949,2.920000076293938,-4.040000915527344,6.0,6.0,07-30,0.17666641871134278
06-16,0.25,-1.2599992752075178,3.3100004196166974,-1.4700002670288086,1.0200004577636719,2.1900005340576136,-0.870000839233402,-0.3400001525878906,0.7799987792968892,-0.6000003814697301,2.920000076293938,-3.1000003814697266,6.0,6.0,07-31,0.23583324750264456
06-17,0.4500002861022949,-1.079999923706053,3.1999998092651385,-1.4300003051757812,1.4100008010864258,2.5599994659423864,-1.2000007629394567,-0.3800010681152308,-0.010002136230461645,-0.5499992370605469,3.0,-2.7199993133544886,5.0,7.0,08-01,0.2708331346511856
06-18,0.5300002098083505,-1.0399999618530291,3.2199993133544886,-1.3899993896484375,1.2099990844726598,2.239999771118171,-1.2800006866455114,-0.30000114440918324,-0.220001220703125,0.05000114440917969,1.8000011444091832,-2.329999923706051,6.0,6.0,08-02,0.20749986171722465
06-19,0.8299999237060547,-1.369999885559082,3.319999694824217,-1.7200002670288104,1.3199996948242223,2.210000991821289,0.14999961853027344,-0.3200016021728551,-0.7400016784667969,-1.3999996185302699,2.280000686645508,-1.5699996948242188,6.0,6.0,08-03,0.24916648864746094
06-20,1.309999942779541,-0.9599990844726562,1.9899997711181623,-1.8199996948242205,2.249999046325687,1.4400005340576172,0.5300006866455078,-0.48000144958496094,-1.2000007629394531,-2.0300006866455043,2.0100002288818324,-1.6800003051757812,6.0,6.0,08-04,0.11333318551381429
06-21,1.5299997329711923,-1.0599994659423846,1.859999656677246,-1.5500001907348633,3.0399999618530273,0.6200008392333984,0.7600002288818359,-0.75,-0.9799995422363281,-1.7999992370605469,1.6999988555908239,-1.4500007629394496,6.0,6.0,08-05,0.1600000063578293
06-22,2.1999998092651367,-0.9100008010864276,2.0399999618530273,-1.989999771118164,3.200000762939453,0.8100013732910085,2.6599998474121094,-0.5399990081787074,-1.2700004577636719,-1.1000003814697301,0.7299995422363281,-1.0500011444091797,6.0,6.0,08-06,0.3983333110809319
06-23,2.3000001907348624,-0.9800004959106445,1.7399997711181658,-1.2299995422363281,3.299999237060547,0.2399997711181605,2.9800014495849574,-0.6999988555908168,-2.600000381469723,-0.7399997711181605,0.020000457763668322,-1.739999771118164,6.0,6.0,08-07,0.21583350499471035
06-24,1.450000286102295,-0.21000003814697266,0.46000003814697443,-1.109999656677246,3.6599998474121094,-0.5200004577636683,3.7300014495849574,1.149999618530277,-2.059997558593743,0.05999946594237926,0.3099994659423828,-0.2100009918212855,7.0,5.0,08-08,0.5591667890548716
06-25,1.3700003623962402,-0.7900009155273438,0.1399993896484375,-0.4099998474121076,3.580000877380373,-0.7700004577636683,3.720001220703118,2.909999847412106,-1.9899978637695277,0.3599987030029297,0.6499996185302734,0.019998550415039062,8.0,4.0,08-09,0.7324999570846558
06-26,1.3099999427795392,-0.28999996185302734,-0.9800004959106445,-0.7600002288818359,2.9600009918212873,-1.5799999237060476,3.6100006103515625,3.0999984741210973,-2.299999237060536,-0.2099990844726598,0.39999961853027344,2.7399988174438494,6.0,6.0,08-10,0.6666666269302381
06-27,2.179999828338622,0.06999969482422053,-1.3400001525878924,-0.8100004196166974,2.810000419616701,-1.9400005340576207,4.620000839233398,3.3599987030029297,-2.239999771118164,0.5799999237060511,-0.17000007629394176,2.2100009918212855,7.0,5.0,08-11,0.7774999539057411
06-28,2.2199997901916495,-0.13000011444091797,-2.6199998855590785,-0.9700002670288068,2.710000038146971,-1.6700000762939453,5.020000457763675,2.539999008178711,-2.210000991821282,0.570001602172848,0.3299999237060547,4.829999923706051,7.0,5.0,08-12,0.8849999507268276
06-29,1.6900000572204563,0.09000015258789062,-2.6099996566772443,-1.5399999618530273,2.1700000762939453,-1.590000152587887,4.600000381469727,1.8899993896484375,-1.3999996185302805,0.07999992370604758,0.15999984741211648,4.680000305175778,8.0,4.0,08-13,0.68500006198883
06-30,1.880000591278077,0.5,-2.880000114440916,-1.3800001144409197,2.1499996185302734,-1.590000152587887,3.8199996948242188,2.0,-0.7800006866455043,0.7000007629394496,-0.2600002288818324,4.329999923706055,7.0,5.0,08-14,0.7074999411900844
07-01,2.0200004577636737,0.4400005340576172,-2.5199995040893572,-1.1100006103515625,2.2900009155273473,-1.6499996185302805,3.520000457763672,2.1099987030029297,0.03000068664550426,0.870000839233402,0.1700000762939453,4.35999870300293,9.0,3.0,08-15,0.8775001366933184
07-02,2.3500003814697283,0.5900001525878924,-2.1700000762939418,-1.0900001525878906,2.4900007247924805,-1.9699993133544957,3.520000457763672,1.9500007629394496,0.4300003051757777,0.8199996948242188,-1.1399993896484375,4.269998550415039,8.0,4.0,08-16,0.837500174840291
07-03,3.0800004005432147,0.8199996948242188,-1.6399993896484357,-0.9200000762939453,2.430000305175783,-1.889999389648441,3.979999542236328,2.29000091552734,1.0300006866455043,0.3900012969970703,-1.149999618530277,4.630001068115238,8.0,4.0,08-17,1.0875004529952998
07-05,2.370000362396242,1.0199995040893555,-2.1599998474121076,-0.7799997329711914,1.7699995040893555,-1.5699996948242152,4.369998931884769,1.8800010681152308,0.3199996948242223,-0.03999900817871094,-1.2999992370605469,4.670000076293949,7.0,5.0,08-19,0.8791668017705293
07-06,2.870000362396242,0.8999996185302717,-2.4300003051757795,-0.46000003814697443,1.620000839233393,-1.4600009918212855,4.209999084472656,1.4799995422363317,1.0,-0.6899986267089773,-0.5900001525878871,4.2400016784668,7.0,5.0,08-20,0.8908334175745659
07-07,2.5499997138977024,0.2700004577636701,-3.189999580383301,0.020000457763671875,1.6300010681152326,-1.5,3.020000457763672,1.4500007629394531,-0.32999992370605113,-0.9099998474121058,-0.12999916076660156,4.760000228881836,7.0,5.0,08-21,0.6366670529047649
07-08,2.9199995994567853,0.350000381469723,-4.960000038146973,0.10000038146972656,1.6700000762939435,-0.5700016021728551,4.4999999999999964,1.4000015258789027,-0.470001220703125,-0.8799991607666051,-0.09000015258788707,4.600000381469727,7.0,5.0,08-22,0.7141666809717799
07-09,2.5899996757507315,-0.030000686645506036,-4.5699996948242205,-0.020000457763671875,2.019999504089352,-0.7900009155273438,4.229999542236328,1.1700000762939453,-0.0699996948242223,-0.44999885559081676,-0.7199993133544886,4.899999618530273,5.0,7.0,08-23,0.6883332331975301
07-10,2.939999580383299,0.10000038146972301,-4.920000076293947,0.13000011444091797,2.109998703002926,-0.5100002288818324,3.1300010681152344,1.239999771118164,0.42000007629394887,-1.1000003814697301,-0.6199989318847621,4.629999160766598,8.0,4.0,08-24,0.6291666030883784
07-11,2.6600003242492685,-0.149999618530277,-4.8199996948242205,0.28999996185302734,2.1999988555908168,-0.4499988555908203,1.739999771118164,1.3199996948242223,-0.1100006103515625,-1.05999946594239,-0.28000068664550426,4.780000686645511,6.0,6.0,08-25,0.5100000301996863
07-12,2.7199997901916513,-0.5699996948242205,-4.25,0.75,2.559999465942383,-0.6000003814697301,0.6900005340576172,0.27999877929687855,-0.4200000762939453,-1.6700000762939489,-0.5100002288818324,5.890001296997074,6.0,6.0,08-26,0.40583328406016056
07-13,2.920000553131106,-1.0099992752075195,-4.6100006103515625,0.48999977111816406,2.279999732971193,-0.7900009155273402,0.3599987030029297,0.42000007629394887,-0.6100006103515625,-2.400001525878899,-1.5999984741210902,5.710000991821293,6.0,6.0,08-27,0.09666653474172171
07-14,2.5999999046325684,-1.0299997329711896,-4.480000495910643,0.5500001907348633,2.4299993515014666,-0.8099994659423828,0.6900005340576136,0.2599983215332067,-0.36000061035155895,-2.6200008392333984,-1.3399982452392578,5.829999923706055,6.0,6.0,08-28,0.14333323637644524
07-15,2.119999885559082,-0.8599996566772461,-5.11999988555908,0.3400001525878906,1.6400003433227557,-0.8600006103515625,1.0699996948242152,0.31999969482421875,-0.02000045776367898,-1.8900012969970703,-1.4899997711181605,3.789999008178711,6.0,6.0,08-29,-0.08000024159749379
07-16,2.0399999618530273,-0.48999977111816406,-4.510000228881834,0.2799997329711914,1.9800004959106463,-0.9300003051757848,0.9200000762939453,0.37000083923339844,-0.15999984741211648,-1.960000991821289,-1.2700004577636683,4.3899993896484375,6.0,6.0,08-30,0.05499990781148245
07-17,2.3000001907348624,-0.15000057220458984,-3.630000114440918,0.09999942779541016,1.9900007247924805,-0.6700000762939489,2.0900001525878906,0.37000083923339844,0.19000053405761363,-1.6499996185302699,-0.7200012207031179,6.0,7.0,5.0,08-31,0.5183333555857342
07-18,1.8600001335144052,-0.48999977111816406,-3.630000114440918,0.0,1.5000000000000036,-0.8900012969970703,2.3800010681152344,0.4200000762939453,-0.43000030517578125,-1.4200000762939418,-0.6200008392333984,7.530000686645504,5.0,7.0,09-01,0.517499963442485
07-19,1.6200003623962411,-0.5399999618530273,-4.380000114440914,-0.1700000762939471,1.5000000000000036,-0.5900001525878906,1.970001220703125,0.7399997711181676,-0.670001983642571,-1.2199993133544886,-0.4500007629394496,6.170000076293945,5.0,7.0,09-02,0.33166658878326616
07-20,0.9000000953674325,-0.7799997329711932,-4.350000381469725,0.36999988555908025,1.6200008392333984,-0.9800014495849609,1.4100017547607422,0.38999938964844105,-1.6100006103515554,-1.6000003814697195,-0.20000076293945668,6.440000534057617,6.0,6.0,09-03,0.13416659832000843
07-21,1.1900000572204599,-0.4399995803833008,-4.510000228881834,0.05999946594238459,1.5300006866455043,-1.6200008392333984,1.7800006866455114,0.7199993133544957,-1.9099998474121023,-2.090000152587887,-0.29000091552734375,7.029998779296875,6.0,6.0,09-04,0.12083311875661369
07-22,0.8200001716613778,-0.8999996185302734,-4.7300004959106445,0.08999919891357422,1.8099994659423828,-2.239999771118164,1.7399997711181676,0.6999988555908274,-1.0300025939941477,-1.9799995422363246,-1.2600002288818395,7.389999389648434,6.0,6.0,09-05,0.03416621685028084
07-23,0.5599999427795419,-1.2700004577636719,-4.859999656677248,-0.010000228881835938,2.129999160766598,-2.35000038146973,1.5799999237060582,1.3299999237060547,-0.7800025939941477,-3.0100002288818324,-1.7200012207031214,7.829998970031733,5.0,7.0,09-06,-0.04750057061513339
07-24,0.09000015258789151,-1.4499998092651367,-5.510000228881834,0.37000083923339844,2.1800003051757777,-2.049999237060547,2.1499996185302805,1.2600002288818324,-0.8500022888183594,-3.1100006103515625,-2.229999542236328,7.929999351501461,6.0,6.0,09-07,-0.10166676839192708
07-25,0.4999999999999991,-1.119999885559082,-5.510000228881834,0.5700006484985352,2.4200000762939453,-2.2600002288818395,2.7999992370605504,1.3999996185302699,-0.5,-3.8600006103515625,-1.8900012969970703,8.109999656677246,6.0,6.0,09-08,0.05499974886576312
07-26,0.9600000381469735,-1.3900003433227521,-5.0199995040893555,0.5500001907348651,2.350001335144043,-2.6399993896484375,2.7899990081787145,1.1599998474121058,-0.09999847412110086,-3.5599994659423793,-2.4899997711181605,8.5600004196167,6.0,6.0,09-09,0.09750032424926795
07-27,1.609999656677247,-0.9299993515014666,-4.579999923706053,0.8900003433227557,2.4600000381469727,-2.619998931884769,3.779998779296875,1.3500003814697266,0.38000106811522727,-3.7199993133544886,-2.170000076293938,8.210000038146973,7.0,5.0,09-10,0.3883335590362551
07-28,2.6100001335144043,-0.8800001144409197,-4.4499998092651385,1.2200002670288086,2.7799997329711914,-2.529998779296875,3.1100006103515625,0.9400005340576172,0.8500022888183594,-4.020000457763672,-2.069999694824215,7.70000076293945,7.0,5.0,09-11,0.4383337895075477
07-29,3.190000057220458,-0.7699995040893572,-4.529999732971188,1.4400005340576154,3.080000877380371,-2.8199996948242188,2.90000152587891,1.3199996948242223,0.31999969482421875,-3.8199996948242223,-1.6700000762939382,6.860000610351559,7.0,5.0,09-12,0.4583336909612025
07-30,2.690000057220458,-0.5899991989135742,-5.119999885559082,1.300000190734865,2.75,-3.170000076293949,1.470001220703125,0.8000011444091832,0.15000152587891336,-3.8400001525878906,-1.7999992370605504,6.4700012207031214,7.0,5.0,09-13,0.09250056743621833
07-31,4.009999752044678,-0.9300003051757812,-4.890000343322752,1.4399995803833008,2.79000091552734,-2.6599998474121094,1.0999984741210902,1.1200008392333949,-0.18000030517578125,-4.110000610351559,-1.2700004577636719,6.75,6.0,6.0,09-14,0.26416647434234575
08-01,4.390000343322753,-0.7300004959106445,-4.6800003051757795,1.5399999618530291,2.25,-2.0200004577636754,1.1099987030029297,0.9000015258789027,0.18000030517578125,-1.25,-0.6499996185302734,6.409999847412106,7.0,5.0,09-15,0.6208333174387607
08-02,4.890000343322753,-0.9400005340576154,-3.3000001907348615,1.9600000381469727,2.4200000762939453,-2.6800003051757777,1.1499996185302734,1.4200000762939382,0.6100006103515625,-1.7099990844726491,0.5200004577636719,6.739999771118164,8.0,4.0,09-16,0.9233334064483648
08-03,5.920000076293944,-0.7100000381469709,-3.6099996566772443,2.0199995040893572,2.740001678466797,-3.2400016784667933,0.75,1.4399986267089773,1.0300006866455043,-1.0500011444091832,1.1299991607666051,7.420000076293942,8.0,4.0,09-17,1.1533331076304112
08-04,4.279999732971191,-0.5199995040893555,-2.079999923706053,2.0299997329711914,2.75,-3.630001068115231,-0.5599994659423864,1.1599998474121023,0.2700004577636719,-1.6499996185302699,1.75,6.290000915527347,7.0,5.0,09-18,0.8408334255218507
08-05,4.2599992752075195,-0.26999950408935547,-1.9399995803833026,1.8499994277954102,3.0,-3.039999008178711,-1.1700000762939453,1.0900001525878942,0.059999465942386365,-1.9099998474121058,1.6599998474121165,6.290000915527347,7.0,5.0,09-19,0.8233334223429378
08-06,4.309999465942385,-0.4700002670288086,-0.75,1.6700000762939453,2.8600006103515625,-2.2999992370605504,-0.7999992370605504,0.8000011444091726,-0.1800003051757777,-1.7399997711181605,1.2800006866455114,4.550001144409183,6.0,6.0,09-20,0.7691670258839927
08-07,4.47000026702881,-0.9899997711181641,-0.6599998474121094,1.079999923706053,2.489999771118164,-1.629999160766598,-1.2400016784667969,0.3000011444091726,0.7000007629394567,-1.2599983215332031,1.2399997711181676,3.489999771118164,7.0,5.0,09-21,0.6658335526784264
08-08,4.350000381469725,-0.1999998092651385,-0.5100002288818342,1.3400001525878888,2.280000686645508,-1.340000152587887,-1.9400005340576207,0.3299999237060476,1.5300025939941442,-0.5799999237060511,0.610000610351566,0.37000083923339844,7.0,5.0,09-22,0.5200003782908121
08-09,4.2300004959106445,-0.3400001525878924,-0.36999988555908025,1.5399999618530273,2.9300003051757812,-1.689998626708988,-2.2000007629394567,0.1800003051757777,1.5900020599365305,-0.7399997711181605,0.20999908447265625,-0.5599994659423828,6.0,6.0,09-23,0.3983336289723714
08-10,4.640000343322754,-0.3099994659423828,0.48000049591064275,1.1199998855590838,2.690000534057617,-2.299999237060547,-2.9700012207031286,0.4500007629394496,2.570001602172855,-0.3299999237060476,0.42000007629394887,-0.029998779296875,7.0,5.0,09-24,0.5358337561289476
08-11,4.689999580383304,0.4200000762939453,-0.3599996566772443,0.780000686645506,2.630001068115231,-2.0599994659423864,-2.8199996948242223,0.19000053405761008,2.470001220703125,-0.5400009155273473,0.1900005340576172,-0.12000083923339844,7.0,5.0,09-25,0.45583359400431167
08-12,4.7599992752075195,0.4900007247924787,-1.25,0.7400007247924787,2.909999847412113,-2.0,-2.70999908447266,1.2900009155273438,1.3900012969970703,-1.120000839233402,-0.030000686645507812,0.25,7.0,5.0,09-26,0.3933335145314529
08-13,4.2599992752075195,0.07999992370605291,-1.7400007247924787,0.5200004577636719,2.829999923706051,-2.140001296997063,-2.889999389648441,0.8099994659423828,0.9500007629394496,-1.159999847412113,-0.5900001525878871,0.03999900817871094,7.0,5.0,09-27,0.08083311716715465
08-14,3.200000762939455,0.7200002670288068,-1.4200000762939453,0.5799999237060547,2.8400001525878906,-2.3299999237060547,-2.9300003051757812,0.5200004577636683,1.1700000762939453,-1.379999160766598,0.5300006866455078,-0.6199989318847727,7.0,5.0,09-28,0.07333366076151471
08-15,4.599999427795408,1.3000001907348633,-1.3800001144409197,0.3299999237060547,3.0600013732910156,-2.6500015258789027,-2.8799991607666016,0.7299995422363281,0.8699989318847656,-0.7700004577636683,0.3400001525878906,0.720001220703125,8.0,4.0,09-29,0.35583329200744657
08-16,4.639999389648434,1.489999771118164,-1.3299999237060547,0.1700000762939453,3.0799999237060582,-2.559999465942383,-4.04999923706055,1.860000610351566,1.1599998474121058,-0.6800003051757812,-0.6299991607666051,1.25,7.0,5.0,09-30,0.3666667938232416
08-17,4.409999847412106,0.9399995803833008,-1.2699995040893555,0.3599996566772461,3.0199985504150355,-2.989999771118164,-4.879999160766605,1.9200000762939489,1.9499988555908168,-0.8299999237060618,-1.5,0.3400001525878871,7.0,5.0,10-01,0.12249986330667954
08-18,3.4799995422363263,1.0599994659423846,0.2700004577636719,0.14999961853027344,3.2399997711181605,-2.369998931884762,-4.029998779296875,1.9899997711181712,1.6300010681152344,-0.6700000762939418,-1.0500011444091832,0.7999992370605469,8.0,4.0,10-02,0.3750000000000006
08-19,3.6000003814697283,1.2899999618530273,0.4300003051757795,0.08999919891357422,3.539999008178711,-3.0,-3.6199989318847656,1.6900005340576207,1.4799995422363317,-1.6499996185302699,-1.0900001525878906,0.8500003814697266,8.0,4.0,10-03,0.30083338419596445
08-20,3.3900003433227557,1.3599996566772496,0.1400003433227539,-0.0200004577636701,3.460000991821289,-3.0999984741210973,-2.8299999237060547,1.8000011444091832,-0.3400001525878871,-1.7600002288818324,-1.6999988555908274,0.9200000762939489,6.0,6.0,10-04,0.11000037193298429
08-21,2.1999998092651367,1.5799999237060565,-0.9200000762939471,0.0900001525878924,3.2400016784668004,-2.989999771118171,-1.9200000762939453,1.9600009918212855,-0.26000022888182883,-1.4799995422363281,-1.3999996185302805,0.6599998474121094,6.0,6.0,10-05,0.06333359082539831
08-22,2.4900007247924805,1.6899995803833008,-0.4099998474121094,0.06999969482422053,2.8800010681152344,-3.079999923706051,0.25,2.0,-0.8500003814697301,-1.2999992370605398,-1.3999996185302805,-0.6100006103515625,6.0,6.0,10-06,0.14416678746541356
08-23,2.9700002670288086,2.039999961853029,-0.5200004577636737,0.2799997329711932,2.579999923706051,-2.7600002288818395,0.7599983215332031,2.3299999237060547,-0.5699996948242188,-1.019998550415039,-0.5300006866455114,-0.720001220703125,6.0,6.0,10-07,0.403333107630411
08-24,3.560000419616699,2.369999885559082,-1.5100002288818377,0.1599998474121076,2.440000534057617,-2.70999908447266,0.8999996185302699,3.0900001525878906,-0.7999992370605504,-1.5900001525878906,-0.75,-1.220001220703125,6.0,6.0,10-08,0.3283333778381336
08-25,3.1299991607666,2.229999542236328,-1.0800008773803729,0.4399995803833008,2.229999542236328,-3.090000152587894,1.5100002288818324,2.9799995422363317,-0.9300003051757777,-2.989999771118164,-0.7900009155273438,-0.5900001525878906,6.0,6.0,10-09,0.2541662851969398
08-26,3.3199996948242188,2.479999542236328,-0.8000001907348651,0.319999694824217,1.7900009155273402,-2.90000152587891,1.1099987030029297,3.039999008178711,-0.8800010681152273,-2.7600002288818395,-1.6900005340576136,-0.48999977111816406,6.0,6.0,10-10,0.21166618665059378
08-27,3.2599992752075195,2.310000419616699,-2.1499996185302734,0.34999942779541016,2.6700000762939453,-2.659999847412113,0.17999839782714488,2.659999847412106,-0.8800010681152273,-1.8899993896484375,-1.0900001525878906,-1.3099994659423864,6.0,6.0,10-11,0.1208331584930414
08-28,3.619999885559082,4.5,-1.5699996948242188,0.1300001144409162,2.3500003814697266,-2.8900012969970703,0.2999992370605504,3.0300006866455043,-1.2600002288818324,-2.9300003051757812,-1.3400001525878906,-1.9300003051757777,6.0,6.0,10-12,0.16749986012776738
08-29,3.8000001907348633,4.419999122619629,-1.329999923706053,0.0200004577636701,2.25,-3.0799999237060476,0.7999992370605469,2.789999008178711,-1.1400012969970703,-3.370000839233402,-1.350000381469723,-1.139999389648441,6.0,6.0,10-13,0.22249968846639026
08-30,3.609999656677246,4.549999237060545,-1.1800003051757812,0.3400001525878871,2.649999618530277,-3.0699996948242116,0.6499996185302699,2.5200004577636648,-1.2199993133544993,-2.6499996185302734,-0.6299991607666051,-1.1000003814697266,6.0,6.0,10-14,0.37250002225239937
08-31,3.210000038146971,3.0900001525878906,-1.0900001525878924,0.4100008010864258,2.489999771118164,-3.5599994659423793,0.6999988555908203,2.44000053405761,-2.059999465942383,-3.0399990081787145,0.9899997711181605,-1.5300006866455114,7.0,5.0,10-15,0.17083342870076348
09-01,4.340000152587891,2.8500003814697266,-0.9900007247924787,0.48999977111816406,2.6200008392333984,-3.2099990844726527,1.3499984741210902,1.6800003051757777,-3.1399993896484375,-1.5099983215332067,0.879999160766598,-1.6800003051757812,7.0,5.0,10-16,0.3066667715708407
09-02,4.269999980926513,2.5900001525878906,-0.11999988555908381,0.619999885559082,2.590000152587894,-3.4300003051757777,0.9599990844726491,1.4799995422363352,-3.3999996185302805,-1.1699981689453125,0.7800006866455078,-2.629999160766598,7.0,5.0,10-17,0.21166686216990152
09-03,3.789999961853029,1.7200002670288086,-0.09999942779541371,0.9499998092651367,2.7200012207031214,-3.530000686645508,0.7299995422363246,1.0300006866455114,-3.449998855590831,-0.3499984741210973,0.3400001525878906,-1.9799995422363281,7.0,5.0,10-18,0.15583372116088703
09-04,3.3199996948242188,1.4900007247924787,-0.3099994659423846,1.1599998474121076,2.4400005340576136,-3.729999542236328,1.1499996185302734,1.2600002288818395,-2.6499996185302805,-0.03999900817871094,-0.049999237060546875,-2.3600006103515625,6.0,6.0,10-19,0.14000026384989317
09-05,2.3199996948242188,1.600000381469723,0.1900005340576154,1.1499996185302717,2.39999961853027,-2.79000091552734,0.07999992370605824,1.1400012969970703,-2.699998855590831,0.26000022888183594,-0.5499992370605469,-1.9300003051757812,8.0,4.0,10-20,0.09750016530354699
09-06,2.3900003433227557,1.2100000381469727,-0.21999931335449396,0.5900001525878871,2.3600006103515625,-2.4900016784667933,-0.46999931335448863,1.370000839233402,-3.3299999237060582,0.9200000762939453,-0.6599998474121094,-2.3700008392333984,6.0,6.0,10-21,-0.0583332379659014
09-07,2.52000045776367,1.3800001144409162,-0.75,0.4700002670288068,1.9500007629394496,-2.4999999999999964,-0.5,0.9200000762939453,-3.5500011444091903,0.5799999237060511,-0.529998779296875,-1.760000228881836,6.0,6.0,10-22,-0.14749987920125487
09-08,2.2300004959106463,0.7299995422363299,-0.4799995422363299,0.14000034332275568,2.030000686645508,-1.7499999999999964,-1.2099990844726491,0.7900009155273402,-2.770000457763672,-0.30000114440917613,-0.39999961853027344,-1.760000228881836,5.0,7.0,10-23,-0.22916650772094607
09-09,1.550000190734865,0.6799993515014648,-0.07999992370605469,0.0900001525878924,1.8299999237060547,-2.1700000762939453,-0.860000610351559,1.360000610351559,-2.0500011444091832,-0.8500003814697195,-0.6900005340576172,-1.7000007629394496,5.0,7.0,10-24,-0.24083360036214105
09-10,0.4000005722045916,0.6599998474121094,-0.0900001525878924,-0.18000030517577947,1.0199985504150426,-2.059999465942383,-0.45999908447264914,1.020000457763679,-2.180002212524421,-1.6300010681152308,-0.7699985504150391,-1.4300003051757812,4.0,8.0,10-25,-0.47500014305114613
09-11,-0.13000011444091797,0.6999998092651367,0.5900001525878888,-0.13999938964843928,0.9599990844726598,-2.1199989318847656,-0.4899997711181676,1.2000007629394602,-1.860002517700206,-2.720001220703125,-0.7199993133544886,-0.10999870300292969,4.0,8.0,10-26,-0.4033333460489912
09-12,-1.0299997329711914,0.4499998092651367,0.4000005722045863,-0.31999969482421875,1.189998626708988,-1.409999847412113,0.29000091552734375,1.0,-1.7800006866455114,-3.0500011444091832,-1.139999389648434,0.3000011444091726,6.0,6.0,10-27,-0.42499995231628535
09-13,-1.3400001525878906,0.4300003051757795,0.26000022888183416,-0.6399993896484393,1.3499984741210973,-0.6299991607666051,0.7000007629394531,1.2699985504150426,-1.620000839233402,-3.270000457763672,-0.8500003814697301,-0.9300003051757848,5.0,7.0,10-28,-0.43916686375935976
09-14,-2.7100000381469727,0.5900001525878871,0.21000003814697088,-0.7699995040893555,1.0100002288818395,-0.5399990081787109,-0.059999465942386365,0.9099998474121129,-1.090002059936527,-2.380001068115231,-1.5400009155273402,-2.0199985504150426,4.0,8.0,10-29,-0.6991666952768963
09-15,-4.460000038146973,0.4600000381469709,0.06999969482422053,-0.5899991989135742,0.6500015258789062,-0.2999992370605469,1.159999847412113,0.5899982452392578,-1.0900001525878942,-2.4799995422363317,-1.1400012969970632,-3.6399993896484375,5.0,7.0,10-30,-0.8974999586741127
09-16,-3.489999771118164,0.6800003051757795,0.9300003051757795,-0.34999942779541016,0.9200000762939418,0.0699996948242223,0.5699996948242259,0.5399990081787145,-0.43000030517578125,-3.190000534057617,-1.1599998474121023,-2.909999847412113,6.0,6.0,10-31,-0.6516667207082104
09-17,-4.390000343322756,0.9200000762939435,1.140000343322754,-0.6399993896484375,0.7400016784667969,0.04999923706055043,0.8000011444091832,1.1299991607666051,-1.1100006103515625,-2.2299995422363317,-0.9700012207031286,-2.4200000762939453,6.0,6.0,11-01,-0.581666628519694
09-18,-3.4900007247924787,0.06000041961669744,0.6400003433227539,-0.7399997711181641,0.5200004577636719,-0.5,2.139999389648441,1.2299995422363317,-0.32999992370605113,-0.9099998474121094,-0.8800010681152379,-0.7299995422363281,5.0,7.0,11-02,-0.24916672706603946
09-19,-3.8299999237060547,0.050000190734861505,0.28999996185302557,-0.8499994277954102,0.1100006103515625,-0.1400012969970703,2.79000091552734,1.4599990844726598,-1.7400016784667969,-1.6900005340576172,-0.4300003051757848,-0.5200004577636719,5.0,7.0,11-03,-0.3750002384185797
09-20,-4.070000648498533,0.2799997329711914,0.3600006103515625,-0.4799995422363281,-0.8799991607666016,0.7399997711181605,3.380001068115238,0.970001220703125,-2.260002136230476,-1.8500003814697301,-0.3500003814697301,-0.12000083923340199,5.0,7.0,11-04,-0.356666723887127
09-21,-3.450000762939453,1.580000877380371,0.5799999237060565,-0.25,-0.5600013732910121,0.5100002288818324,3.7399997711181676,0.8600006103515625,-2.240001678466797,-0.5900001525878906,0.2099990844726527,0.6599998474121094,7.0,5.0,11-05,0.08749969800313329
09-22,-4.190000534057615,1.75,1.1100006103515625,-0.4300003051757795,-0.5699996948242152,-0.18000030517578836,4.40000152587891,0.14999961853026988,-1.6700019836425781,0.26000022888183594,1.1499996185302734,-0.1800003051757848,6.0,6.0,11-06,0.1333332061767575
09-23,-3.7100000381469727,2.1400003433227557,0.4099998474121076,-0.5799999237060529,-0.7100009918212855,-1.0300006866455114,4.670000076293952,0.12000083923339844,-0.6800003051757741,-0.28999900817871094,1.7699985504150426,0.06000137329101207,6.0,6.0,11-07,0.18083333969116344
09-24,-2.820000648498535,1.649999618530277,0.27999973297118963,-0.36999988555908025,-1.0399990081787145,-1.0900001525878977,4.4800014495849645,1.0499992370605504,-0.23000144958495738,-0.5300006866455078,2.1200008392333984,0.25,6.0,6.0,11-08,0.3124999205271406
09-25,-2.9200000762939453,0.8599996566772443,0.36999988555908203,-0.39999961853027344,-1.1000003814697266,-0.6700000762939524,4.14999961853027,1.8199996948242223,-0.4800014495849574,0.05999946594238281,2.25,-0.26000022888183594,6.0,6.0,11-09,0.3066663742065425
09-26,-2.949999809265135,1.6700000762939453,0.17999935150146662,-0.4799995422363281,-1.1700000762939453,-0.7199993133544922,5.25,2.639999389648441,0.9000015258789062,0.32999992370605113,2.8400001525878906,-0.6099987030029297,7.0,5.0,11-10,0.6566669146219892
09-27,-2.260000228881834,1.75,-0.6500005722045863,-0.8199996948242188,-1.6399993896484375,-0.21999931335449574,4.729999542236328,2.75,0.6000022888183594,0.21000099182129262,3.549999237060547,2.670000076293949,7.0,5.0,11-11,0.8891669114430752
09-28,-2.3000001907348615,1.9400005340576172,-0.2400007247924787,-0.9700002670288068,-1.350000381469723,-0.020000457763668322,4.840000152587891,1.9699993133544886,0.720001220703125,-0.9599990844726598,3.6900005340576207,2.15000152587891,6.0,6.0,11-12,0.7891668478647879
09-29,-1.6000003814697248,2.15000057220459,0.09999942779541371,-0.6799993515014648,-1.2399997711181605,0.399999618530277,5.5399990081787145,2.4699993133544886,0.15999984741210938,-1.3899993896484375,3.720001220703125,2.2600002288818395,8.0,4.0,11-13,0.9908333619435642
09-30,-1.1700000762939453,2.100000381469725,0.6499996185302734,-1.0999994277954102,-1.1800003051757741,-0.23999977111816762,4.849998474121097,1.840000152587887,2.1100006103515625,-1.75,3.2700004577636754,2.229999542236328,7.0,5.0,11-14,0.967499971389771
10-01,0.15999984741210938,2.029999732971193,2.070000648498537,-1.239999771118164,-1.039999008178711,0.4300003051757848,4.629999160766605,1.3099994659423864,2.2900009155273438,-1.2000007629394531,3.3600006103515625,2.1599998474121094,9.0,3.0,11-15,1.246666749318442
10-02,-0.5100002288818359,1.560000419616701,1.9900007247924805,-1.2799997329711932,-1.0,0.5400009155273438,3.0099983215332067,1.1800003051757848,2.0799980163574148,-0.8799991607666051,3.930000305175785,2.0300006866455043,8.0,4.0,11-16,1.0541667143503821
10-03,-0.7899999618530273,1.5700006484985352,2.090000152587894,-1.2699995040893572,-0.879999160766598,0.5200004577636719,2.2100009918212926,1.6399993896484375,2.0399990081787145,-1.5900001525878977,3.7900009155273438,4.350000381469727,8.0,4.0,11-17,1.1400002638498947
10-04,-0.35999965667724787,1.0100002288818377,1.3200006484985352,-1.1700000762939435,-1.0300006866455043,0.5399990081787074,2.3299999237060547,1.4799995422363281,2.1399993896484446,-0.9699993133544957,3.8099994659423864,4.960000991821293,8.0,4.0,11-18,1.1716666221618663
10-05,0.11999988555908203,0.10999965667724787,1.3300008773803729,-1.1700000762939453,-0.9299983978271484,0.23999977111816406,1.9500007629394531,1.0699996948242152,1.9899997711181712,0.15999984741210938,3.9300003051757812,4.960000991821293,10.0,2.0,11-19,1.146666924158733
10-06,-0.28999996185302734,0.1999998092651385,0.5800008773803711,-0.7799997329711896,-1.1299991607666016,0.2099990844726598,2.279998779296875,0.9099998474121058,2.1900005340576136,0.1100006103515625,4.280000686645511,5.460000991821293,9.0,3.0,11-20,1.168333530426026
10-07,-0.05999946594238281,0.10999965667724787,0.7100000381469709,-0.819999694824217,-1.8099994659423828,0.39000129699706676,2.0,1.610000610351566,2.1900005340576136,-0.7999992370605433,4.559999465942386,5.0100002288818395,8.0,4.0,11-21,1.0908336639404304
10-08,-0.48999977111816406,-1.5,0.2200002670288086,-0.819999694824217,-1.5,0.220001220703125,1.5799999237060476,1.6399993896484375,2.370000839233395,-0.7999992370605433,5.469999313354489,4.579999923706058,7.0,5.0,11-22,0.9141668478647863
10-09,-1.0400009155273438,-1.3299999237060547,-0.15000057220458984,-0.8099994659423828,-1.5900001525878942,0.8000011444091726,1.3000011444091832,2.179998397827145,2.370000839233395,-2.2299995422363317,5.020000457763668,5.1499996185302805,6.0,6.0,11-23,0.8058334191640206
10-10,-1.369999885559082,-0.7699995040893555,-0.15000057220458984,-0.5299997329711896,-1.899999618530277,1.4300003051757741,1.3799991607666051,2.179998397827145,2.9099998474121094,-1.1199989318847692,4.3899993896484375,5.110000610351566,6.0,6.0,11-24,0.9633332888285312
10-11,-1.3199996948242188,-0.7699995040893555,-0.10000038146972834,-0.630000114440918,-1.5699996948242152,2.4499988555908168,1.5900001525878942,2.159999847412106,2.440000534057617,-0.8400001525878906,3.6200008392333984,5.110000610351566,6.0,6.0,11-25,1.011666774749756
10-12,-1.3199996948242188,-1.439999580383299,-0.25,-0.3599996566772461,-1.7700004577636719,2.5799999237060582,1.5900001525878942,2.379999160766605,3.270000457763672,-0.3900012969970632,3.970001220703125,5.110000610351566,6.0,6.0,11-26,1.1141667366027852
10-13,-1.02000045776367,0.06999969482421875,-0.4700002670288086,-0.3900003433227539,-1.75,2.5799999237060582,1.8299999237060547,2.64999961853027,3.710000991821282,-0.9800014495849574,4.079999923706065,5.540000915527351,7.0,5.0,11-27,1.3208332061767591
10-14,-1.4300003051757812,0.6099996566772461,-0.9200000762939435,-0.5600004196166974,-1.75,2.189998626708988,1.7399997711181676,2.7199993133544886,4.199998855590831,0.3199996948242152,4.079999923706065,5.420000076293949,8.0,4.0,11-28,1.3849995930989607
10-15,-1.4200000762939453,1.3799991607666016,-0.7399997711181641,-0.5200004577636719,-1.7299995422363352,2.409999847412113,1.3299999237060547,2.690000534057617,3.9799976348876918,0.6399993896484375,4.079999923706051,5.35000038146973,8.0,4.0,11-29,1.454166412353515
10-16,-0.7199993133544922,1.1199998855590838,-0.19999980926513672,-0.7200002670288086,-1.8600006103515625,1.4200000762939453,1.3700008392333984,2.75,3.5599994659423864,0.17000007629395242,4.520000457763668,5.270000457763675,8.0,4.0,11-30,1.390000104904176
10-17,-1.2399997711181658,1.0900001525878924,-0.48999977111816406,-0.9300003051757795,-1.9500007629394567,1.1100006103515625,1.7700004577636719,2.8900012969970703,3.160001754760742,-0.13999938964843395,4.3100013732910085,5.710000991821293,7.0,5.0,12-01,1.27416721979777
10-18,-1.2300004959106445,1.0500001907348633,-0.2200002670288086,-1.1800003051757795,-1.5100002288818324,1.1099987030029332,1.739999771118164,2.8499984741210973,3.2100009918212926,0.45000076293946023,4.309999465942383,5.710000991821293,8.0,4.0,12-02,1.3574998378753687
10-19,-0.6500005722045916,1.6000003814697248,0.18999958038330078,-1.0500001907348633,-1.5799999237060582,0.5699996948242188,2.2800006866455114,2.6199989318847656,3.170001983642578,0.6700000762939453,3.9500007629394496,5.710000991821293,9.0,3.0,12-03,1.4566668669382727
10-20,-1.030000686645506,1.4300003051757812,0.2799997329711914,-0.8600006103515625,-1.5400009155273438,0.4699993133544922,2.4600009918212926,2.589998245239258,3.0899982452392614,0.8599987030029261,3.9599990844726562,5.10000038146973,9.0,3.0,12-04,1.4008327325185146
10-21,-0.7400007247924822,1.380000114440918,-0.029999732971191406,-0.8400001525878924,-1.5100002288818324,-0.32000160217285156,3.1700000762939418,2.4200000762939418,3.1200008392333984,0.8599987030029261,3.6200008392333984,5.10000038146973,7.0,5.0,12-05,1.352499882380167
10-22,-0.8100004196166992,1.6100006103515625,-0.7200002670288086,-1.0900001525878924,-0.8600006103515625,0.009998321533203125,2.9600009918212926,2.729999542236328,3.3200016021728516,1.9200000762939418,4.060001373291016,3.889999389648441,8.0,4.0,12-06,1.418333371480306
10-23,-0.6800003051757812,2.510000228881836,-0.5500001907348633,-0.7699995040893572,-0.3500003814697301,-0.23000144958495738,1.0999984741210973,2.6899986267089773,3.039999008178711,1.6800003051757812,3.7399997711181605,3.1499996185302805,7.0,5.0,12-07,1.277499516805013
10-24,-0.18999958038330078,2.280000686645508,-0.6899995803833026,-0.6700000762939471,-0.9300003051757848,-0.6100006103515625,0.9299983978271484,3.34999847412109,1.879999160766598,2.7900009155273438,3.5500011444091832,4.380001068115238,7.0,5.0,12-08,1.339166641235351
10-25,-0.630000114440918,2.520000457763672,-0.2700004577636701,-0.9099998474121112,-0.6199989318847727,-0.7600002288818359,0.6199989318847656,3.8700008392333984,2.129999160766598,1.7000007629394496,3.780000686645508,4.380001068115238,7.0,5.0,12-09,1.3175001939137767
10-26,-0.8599996566772461,2.8099994659423864,-0.3400001525878906,0.3800001144409162,0.2199993133544922,-1.0200004577636719,0.20999908447265625,3.820001602172848,2.2699985504150355,2.4799995422363317,3.619998931884755,4.380001068115238,9.0,3.0,12-10,1.497499783833821
10-27,0.3599996566772461,2.8599996566772496,-1.27000045776367,0.6199998855590803,0.779998779296875,-1.1599998474121058,1.1199989318847727,3.9700012207031214,2.0900001525878906,1.760000228881836,3.3100013732910085,5.469999313354496,10.0,2.0,12-11,1.65916657447815
10-28,1.0799999237060547,2.779999732971193,-2.15000057220459,0.5999994277954102,0.9099998474121058,-2.1900005340576207,0.2999992370605469,2.5799999237060547,2.6100006103515625,1.5900001525878906,3.4400005340576136,6.409999847412113,10.0,2.0,12-12,1.4966665108998611
10-29,0.26000022888183594,2.460000038146976,-1.4900007247924787,0.6199998855590803,0.370000839233402,-2.1700000762939524,-0.7399997711181641,3.1000003814697266,2.770000457763672,1.3999996185302734,3.579999923706044,5.219999313354496,9.0,3.0,12-13,1.2816666762034092
10-30,0.3899993896484375,2.3299999237060565,-1.630000114440918,1.0099992752075213,0.2999992370605469,-2.2600002288818395,-1.1300010681152273,3.0200004577636683,2.1399993896484375,1.6800003051757848,3.480001449584954,5.940000534057621,9.0,3.0,12-14,1.2724998792012536
10-31,1.030000686645506,2.260000228881836,-1.9400005340576154,1.0099992752075213,1.5499992370605469,-2.7099990844726562,-2.7300014495849645,3.6200008392333984,1.8099994659423793,0.1900005340576172,3.6100006103515554,5.540000915527351,9.0,3.0,12-15,1.1033333937327063
11-01,1.6300001144409162,2.0299997329711914,-1.8900003433227504,0.8499994277954137,1.5300006866455043,-2.8400001525878906,-2.970001220703125,3.319999694824215,2.3400001525878906,-1.029998779296875,3.7100009918212926,5.540000915527351,8.0,4.0,12-16,1.0183334350585944
11-02,1.3200006484985334,1.5700006484985334,-2.1100006103515625,1.1800003051757795,1.9099998474121094,-3.200000762939453,-2.630001068115238,3.779998779296875,2.450000762939453,-1.5300006866455043,2.979999542236328,5.540000915527351,8.0,4.0,12-17,0.9383331934611004
11-03,0.7000007629394531,0.4099998474121076,-1.449999809265135,1.2799997329711914,2.4199981689453125,-4.170000076293945,-2.05999946594239,3.9499988555908168,1.5700016021728551,-1.1600017547607422,3.180000305175774,4.7600002288818395,8.0,4.0,12-18,0.7858331998189282
11-04,1.030000686645506,0.4000005722045863,-1.6300001144409162,1.3199996948242188,2.929998397827145,-4.319999694824215,-1.9500007629394602,2.5599994659423793,1.1700019836425781,-2.0100002288818395,3.3100013732910227,5.069999694824226,8.0,4.0,12-19,0.6566667556762692
11-05,0.6100006103515625,1.1500005722045916,-1.7200002670288086,1.5299997329711914,3.5,-3.7099990844726527,-1.8299999237060582,1.6800003051757777,1.2400016784667898,-1.9100017547607422,2.869998931884755,4.670000076293949,8.0,4.0,12-20,0.6733334064483629
11-06,0.1400003433227539,0.7200002670288104,-1.989999771118164,1.2299995422363281,3.549999237060547,-3.8600006103515625,-2.3899993896484375,1.4099998474121094,1.1300010681152344,-2.869998931884762,2.739997863769524,4.489999771118168,8.0,4.0,12-21,0.3583332697550457
11-07,-0.7999992370605469,1.4200000762939453,-1.6599998474121094,1.4799995422363281,4.069999694824222,-2.54000091552734,-2.1499996185302734,1.4499988555908203,1.7000007629394531,-3.4200000762939418,2.4399986267089773,1.210000991821289,7.0,5.0,12-22,0.2666665712992353
11-08,-0.9199991226196289,1.9700002670288104,-1.3499994277954137,1.7600002288818342,3.5200004577636683,-1.80999946594239,-1.6999988555908203,1.2800006866455114,0.09999847412109375,-2.44000053405761,1.8499984741210866,1.210000991821289,7.0,5.0,12-23,0.2891668478647859
11-09,-1.3099994659423828,1.8900003433227557,-0.5599994659423864,1.6499996185302734,3.5199985504150355,-1.8599987030029332,-1.5799999237060547,0.9600009918212926,0.4099998474121094,-2.020000457763672,1.8599987030029403,1.210000991821289,7.0,5.0,12-24,0.3475000858306889
11-10,-1.2699995040893555,1.5100002288818377,-0.46999931335449396,2.0699996948242188,3.5199985504150355,-1.8599987030029332,-1.6900005340576172,1.409999847412113,0.279998779296875,-1.6599998474121094,1.8599987030029403,1.7299995422363281,7.0,5.0,12-25,0.4524997870127366
11-11,-1.739999771118164,1.6100006103515625,-0.8299999237060565,2.2200002670288086,3.6700000762939453,-1.6199989318847727,-1.5599994659423864,1.7800006866455114,0.6699981689453125,-2.8000011444091797,2.0500011444091903,2.5300006866455114,7.0,5.0,12-26,0.4983335336049402
11-12,-1.4200000762939453,1.8099994659423828,-0.7400007247924787,2.09999942779541,3.8199996948242116,-1.6000003814697301,-1.0599994659423864,1.9599990844726527,0.279998779296875,-3.3400001525878906,2.4299983978271413,2.819999694824226,7.0,5.0,12-27,0.5883328119913723
11-13,-1.0799999237060565,1.7399997711181658,-0.26000022888183416,2.140000343322754,3.379999160766598,-1.7099990844726598,-0.01000022888183949,1.9899997711181605,0.289997100830071,-2.5299987792968786,2.3799972534179616,0.610000610351566,7.0,5.0,12-28,0.5783329804738341
11-14,-1.6800003051757795,1.8400001525878924,0.19999980926513672,2.2899999618530273,3.5200004577636648,-1.9499988555908168,-0.11999893188476207,1.639999389648441,0.8600006103515696,-2.739999771118164,2.3199977874755753,0.0,7.0,5.0,12-29,0.5150000254313154
11-15,-1.8200006484985334,1.969999313354494,-0.2299995422363299,2.2200002670288086,3.789999008178711,-1.3099994659423864,0.0,0.8899993896484375,0.8199996948242116,-3.199998855590824,2.3499984741210938,0.0,6.0,6.0,12-30,0.45666646957397355
11-16,-1.77000045776367,2.5500001907348633,0.029999732971191406,2.0699996948242188,3.8999996185302734,-0.9400005340576172,0.3100013732910121,1.0100002288818324,0.7099990844726562,-2.840000152587887,2.0599994659423793,0.0,8.0,4.0,12-31,0.590833187103271
11-17,-2.25,3.100000381469725,0.3699998855590838,2.109999656677246,3.8999996185302734,-0.9400005340576172,0.6900005340576136,0.6899986267089773,0.7099990844726562,-1.9300003051757812,2.0599994659423793,0.0,8.0,4.0,01-01,0.709166367848713
11-18,-2.4300003051757812,2.859999656677246,0.2799997329711914,1.829999923706053,4.129999160766602,-0.9399986267089879,0.220001220703125,0.2899990081787074,0.4500007629394531,-1.9400005340576172,1.7899990081787074,0.0,8.0,4.0,01-02,0.5449999173482248
11-19,-1.8199996948242188,2.670000076293947,0.8100004196166992,2.039999961853029,4.950000762939453,-0.7399997711181605,0.40999984741210227,-0.46999931335448863,0.20999908447266336,-1.4099998474121058,1.4600009918212855,0.0,7.0,4.0,01-03,0.6758335431416839
11-20,-1.5299997329711932,2.140000343322754,0.9900007247924787,2.630000114440918,5.079999923706058,-0.7399997711181605,0.060001373291015625,-0.1399993896484375,0.32999801635741477,0.07999992370605469,1.4500007629394531,0.0,8.0,3.0,01-04,0.862500190734863
11-21,-1.640000343322754,2.6700000762939453,1.6700000762939453,2.380000114440918,4.630001068115231,-1.340000152587887,0.04999923706054332,0.5100002288818395,-0.00999832153319602,-0.8699989318847727,1.5699996948242223,0.0,7.0,4.0,01-05,0.8016668955485029
11-22,-1.0300006866455078,2.630000114440918,1.3100004196166992,2.280000686645508,4.89999961853027,-1.8299999237060582,-0.4200000762939453,0.75,-0.11999893188475141,-0.6199989318847727,1.7199993133544957,0.0,6.0,5.0,01-06,0.7975001335144046
11-23,-0.26000022888183594,3.3000001907348615,1.739999771118164,2.4700002670288086,4.610000610351559,-2.4099998474121165,0.07999992370605469,0.9899997711181676,-0.55999755859375,-1.1099987030029368,1.2400016784667898,0.0,7.0,4.0,01-07,0.8408338228861472
11-24,-0.5199995040893555,3.030000686645506,1.7699995040893555,2.820000648498535,4.6399993896484375,-3.1900005340576207,-0.5699996948242152,0.7899990081787109,-0.22999954223633523,-1.340000152587887,0.8400001525878906,0.0,6.0,5.0,01-08,0.6699999968210851
11-25,-0.869999885559082,3.1800003051757795,1.859999656677246,2.860000610351559,5.670000076293949,-2.379999160766605,-0.5300006866455043,0.7000007629394531,0.2200012207031392,-0.6000003814697195,0.8600006103515554,0.0,7.0,4.0,01-09,0.9141669273376475
11-26,-0.4200000762939453,2.9300003051757795,1.3199996948242188,3.1300001144409144,5.899999618530277,-2.3899993896484375,-0.3800010681152308,0.7900009155273438,-0.5699996948242188,0.0999984741210973,1.2900009155273544,0.0,7.0,4.0,01-10,0.9749999841054294
11-27,0.23999977111816406,4.090000152587891,1.5099992752075213,3.0300006866455096,5.549999237060547,-2.379999160766605,-2.1499996185302734,0.43000030517578125,-0.03999710083007102,0.1800003051757777,1.0600013732910227,0.0,8.0,3.0,01-11,0.960000435511272
11-28,0.030000686645506036,4.069999694824219,1.6299991607666016,2.9000005722045916,5.5399990081787145,-2.0900001525878977,-2.25,0.8900012969970703,0.6699981689453054,-0.17000007629395242,1.2900009155273544,0.0,8.0,3.0,01-12,1.042499939600626
11-29,0.3299999237060529,4.030000686645511,2.439999580383301,2.8800001144409197,5.7899990081787145,-1.7600002288818324,-1.909999847412113,0.15999984741211293,0.26999664306639914,0.2900009155273402,1.4899978637695348,0.0,9.0,2.0,01-13,1.1674995422363283
11-30,1.3800001144409144,4.109999656677248,1.6700000762939453,2.520000457763672,6.130001068115231,-2.0500011444091832,-1.6100006103515625,0.3200016021728551,-0.20000076293946734,1.0400009155273438,1.25,0.0,8.0,3.0,01-14,1.2133334477742497
12-01,1.2400007247924822,3.9499998092651367,1.760000228881836,2.6300001144409215,6.020000457763672,-1.9200000762939453,-3.2600002288818395,0.5100002288818395,-0.10000228881836648,-0.020000457763671875,1.4099998474121165,0.0,7.0,4.0,01-15,1.018333196640015
12-02,1.4900007247924822,3.479999542236328,1.7700004577636719,2.5799999237060565,6.550001144409183,-1.9400005340576172,-3.4099998474121094,0.020000457763671875,0.8899993896484304,-0.6200008392333984,1.3300018310546875,0.0,8.0,3.0,01-16,1.0116668542226155
12-03,1.7600002288818377,2.8299999237060547,1.7700004577636719,2.97999954223633,6.459999084472649,-1.8999996185302734,-2.369998931884769,-0.3400001525878871,0.80999755859375,-0.6800003051757812,1.4699993133544922,0.0,7.0,4.0,01-17,1.0658330917358396
12-04,1.5799999237060565,3.0200004577636754,1.9900007247924805,3.0599994659423846,6.010000228881832,-1.7399997711181605,-2.6099987030029297,-0.3499984741210902,1.809997558593757,0.4799995422363281,1.3199996948242188,0.0,8.0,3.0,01-18,1.2141667207082127
12-05,2.010000228881836,3.489999771118164,1.890000343322754,3.0099992752075213,6.029998779296875,-1.6800003051757812,-2.049999237060547,-0.30999946594237926,2.6000022888183594,0.05999946594238281,1.1599998474121094,0.0,8.0,3.0,01-19,1.350833415985108
12-06,1.7200002670288086,3.3699989318847656,2.5099992752075213,2.0099992752075213,5.549999237060543,-1.4099998474121094,-2.45999908447266,-1.0199985504150426,3.440002441406257,0.05999946594238281,0.9200019836425852,0.0,8.0,3.0,01-20,1.2241669495900478
12-07,1.8400001525878906,2.3199996948242188,2.2799997329711914,2.0499992370605487,5.050001144409183,-1.639999389648434,-2.690000534057617,-1.3400001525878906,3.200000762939453,1.489999771118164,2.159999847412113,0.0,8.0,3.0,01-21,1.2266666889190685
12-08,1.7699995040893555,2.0500001907348615,2.859999656677246,2.0500001907348633,5.680000305175781,-2.520000457763672,-2.7999992370605504,-0.03999900817871449,2.8899993896484375,1.9200000762939453,2.680000305175785,0.0,8.0,3.0,01-22,1.3783334096272781
12-09,1.9200000762939453,2.439999580383299,2.770000457763672,1.9800004959106463,5.630001068115231,-2.2700004577636754,-2.9499988555908274,-0.5799999237060582,3.009998321533203,2.7399997711181676,0.5299987792968857,0.0,8.0,3.0,01-23,1.268333276112874
12-10,2.25,2.0799999237060547,2.7500000000000018,2.15000057220459,4.879999160766605,-1.4799995422363246,-2.9499988555908274,-0.4500007629394496,3.779998779296882,2.0500011444091797,-0.03999900817871449,0.0,7.0,4.0,01-24,1.2516667842864997
12-11,1.2599992752075213,1.8199996948242205,3.2500000000000018,2.0099992752075213,5.149999618530273,-1.3000011444091797,-2.029998779296875,-0.6900005340576136,3.6800003051757812,2.180000305175785,-0.15999984741210582,0.0,7.0,4.0,01-25,1.2641665140787774
12-12,0.9600000381469727,1.920000076293947,3.2699995040893555,1.6199998855590803,4.909999847412113,-0.2900009155273402,-1.4699993133544957,-0.18000030517577414,4.920001983642571,0.9399986267089879,-0.5900001525878942,0.0,7.0,4.0,01-26,1.3341666062672937
12-13,1.3299999237060547,1.3999996185302752,3.529999732971188,1.5099992752075213,3.979999542236328,0.18000030517578125,-1.9200000762939453,-0.19000053405761363,4.470001220703118,1.1700000762939453,-0.43000030517578125,0.0,8.0,3.0,01-27,1.2524998982747393
12-14,1.4300003051757812,2.300000190734865,3.829999923706051,1.5900001525878888,2.070001602172855,1.0699996948242223,-1.6999988555908274,-0.11999893188475852,4.799999237060533,1.4300003051757848,-1.3800010681152273,0.0,8.0,3.0,01-28,1.2766668796539307
12-15,1.8699998855590803,2.529999732971193,3.819999694824217,1.5799999237060547,2.070001602172855,1.0400009155273402,-1.6800003051757848,0.6300010681152415,3.9300003051757812,3.0900001525878906,-2.600000381469716,0.0,9.0,2.0,01-29,1.3566668828328459
12-16,1.8699998855590803,1.989999771118164,3.7600002288818377,1.5599994659423828,2.340000152587894,1.4699993133544922,-2.6100006103515625,0.6199989318847692,4.099998474121101,2.8499984741210973,-1.9800014495849574,0.0,9.0,2.0,01-30,1.3308327198028582
12-17,2.329999923706053,1.5599994659423793,4.169999122619629,1.1999998092651367,1.0600013732910227,2.309999465942383,-1.9800014495849645,1.2000007629394531,5.079998016357436,2.75,-1.8100013732910227,0.0,9.0,2.0,01-31,1.4891662597656257
12-18,2.119999885559082,0.14999961853027344,4.129999160766602,0.9399995803833026,0.6300010681152379,0.9200000762939453,-1.8899993896484375,0.5200004577636683,4.1599998474121165,3.280000686645508,-1.9899978637695241,0.0,9.0,2.0,02-01,1.0808335940043146
12-19,1.5399999618530273,0.48999977111816406,4.029999732971193,1.0299997329711932,0.6700000762939524,-0.14999961853026988,-1.5400009155273473,0.2099990844726598,3.6100006103515625,4.479999542236325,-1.9899978637695241,0.0,8.0,3.0,02-02,1.0316666762034112
12-20,2.2999992370605487,0.75,4.349999427795408,0.9099998474121112,1.3900012969970703,-0.8000011444091797,-1.5700016021728516,-0.0699996948242152,3.2900009155273438,5.469999313354492,-2.0000000000000036,0.0,7.0,4.0,02-03,1.1683331330617273
12-21,2.359999656677246,0.30999946594237926,4.229999542236328,0.9600000381469727,1.4899997711181605,-0.5400009155273438,-2.530000686645508,-0.720001220703125,2.720001220703125,7.060001373291012,-2.4300022125244176,0.0,7.0,4.0,02-04,1.0758330027262357
12-22,2.2899999618530273,0.4700002670288068,4.220000267028807,1.2700004577636719,0.9899997711181605,0.17999839782714844,-3.190000534057617,-0.7700004577636648,3.490001678466797,7.909999847412109,-2.2800025939941477,0.0,8.0,3.0,02-05,1.2149997552235916
12-23,1.7500000000000018,0.5299997329711896,3.939999580383301,1.080000877380371,1.3299999237060511,-1.0699996948242152,-3.950000762939453,-0.5600013732910085,2.230003356933601,7.70999908447266,-1.240001678466804,0.0,7.0,4.0,02-06,0.9791665871938079
12-24,1.9200000762939453,0.37999916076660156,3.9499998092651385,1.280000686645506,0.5900001525878942,-0.8999996185302734,-3.9600009918212926,-0.14999961853028054,1.1200027465820384,7.670000076293949,-1.0499992370605327,0.0,7.0,4.0,02-07,0.9041669368743911
12-26,1.5799999237060547,0.1699991226196289,3.539999961853029,1.3999996185302734,0.43000030517578125,-0.7800006866455078,-4.75,-0.4500007629394531,1.3300018310546946,6.409999847412109,-1.1599998474121023,0.0,7.0,4.0,02-09,0.6433332761128757
12-27,1.369999885559082,0.9199991226196289,3.8500003814697283,1.2799997329711914,1.1400012969970703,-1.5200004577636719,-5.7599983215332,-0.37000083923339844,0.970001220703125,5.870000839233395,-1.1100006103515625,0.0,7.0,4.0,02-10,0.5533335208892823
12-28,1.3600006103515607,0.8000001907348615,4.180000305175781,1.5099992752075213,1.4200000762939489,-1.8899993896484375,-6.069999694824215,-0.07999992370604758,1.0499992370605469,5.170000076293945,-1.9599990844726598,0.0,7.0,4.0,02-11,0.4575001398722338
12-29,0.9899997711181641,0.7799997329711896,4.020000457763672,1.8699998855590803,1.2600002288818395,-0.7399997711181641,-5.770000457763668,0.13999938964844105,0.1100006103515554,4.709999084472649,-1.2099990844726634,0.0,8.0,3.0,02-12,0.5133333206176746
12-30,1.219999313354494,0.8800001144409144,4.039999961853027,1.4099998474121094,1.8700008392333984,-0.7000007629394531,-5.350000381469727,-0.2099990844726527,-0.07999801635741477,4.729999542236325,-0.6100006103515625,0.0,6.0,5.0,02-13,0.6000000635782882
12-31,1.2799997329711914,0.9299993515014666,3.520000457763672,1.6799993515014648,1.7999992370605469,-0.6299991607666016,-5.549999237060543,-0.9499988555908168,-0.30999755859375,4.610000610351559,0.3899993896484375,0.0,7.0,4.0,02-14,0.5641669432322188
