,2009,2010,2011,2012,2013,2014,2015,2016,2017,2018,2019,2020,ups,downs,end_day_sum,avg
01-02,-0.2217402458190909,-0.42648887634277344,0.7297811508178711,-0.15261459350586115,-0.5754642486572248,-2.3379602432250977,2.2221803665161133,-0.19550800323486683,-1.550240993499755,-0.5147209167480451,0.06578540802001953,-0.8654460906982413,3.0,9.0,02-16,-0.31853644053141267
01-03,-0.11087083816528231,-0.4135618209838867,0.7565603256225586,-0.2081155776977539,-0.5035333633422852,-2.069062232971195,2.6603612899780273,0.28511619567870916,-1.584883213043213,-0.4871454238891584,0.03759193420410156,-0.730822563171384,4.0,8.0,02-17,-0.19736377398173013
01-04,-0.21558046340942383,-0.3683309555053711,0.7029991149902344,-0.20117855072021484,-0.5754642486572248,-2.210975646972658,2.5038652420043945,0.41545677185058416,-1.5329213142395037,-0.5055284500122053,-0.25374507904052734,-1.0577692985534668,3.0,9.0,02-18,-0.2749310731887819
01-05,-0.35724830627441406,-0.21324634552001953,0.7632570266723615,0.11099529266357422,-0.5610723495483398,-2.12880802154541,2.589940071105957,0.733156204223631,-1.671489238739012,-0.5331020355224592,-0.45110034942626775,-0.9039115905761719,4.0,8.0,02-19,-0.21855247020721422
01-06,-0.37572669982910245,-0.09693050384521484,0.8235158920288086,0.0,-0.7552909851074219,-2.278201103210449,3.035938262939453,0.9205188751220703,-1.6108651161193865,-0.24816894531250178,-0.4792938232421857,-0.8654475212097168,3.0,9.0,02-20,-0.16082930564880393
01-07,-0.32029104232788175,-0.05815887451171875,0.8837738037109375,0.2497367858886701,-0.6402006149291974,-2.255796432495117,3.14548397064209,1.1730499267578107,-1.4982786178588885,-0.11029720306396662,-0.5826721191406232,-0.9327602386474627,4.0,8.0,02-21,-0.07886755466461233
01-08,-0.15398454666137784,-0.1033935546875,1.0712385177612305,0.2913589477539045,-0.7193307876586932,-2.1138744354248047,2.910745620727541,1.0997352600097656,-1.4289946556091326,-0.19301891326904475,-1.0149784088134766,-0.8558316230773917,4.0,8.0,02-22,-0.100860714912415
01-09,-0.055436134338378906,-0.24555587768554688,1.1582765579223633,0.10405635833739879,-0.5610780715942401,-2.270732879638672,2.8403253555297887,1.1323194503784162,-1.6455078125000009,-0.2481670379638672,-1.2217330932617188,-0.7115893363952628,4.0,8.0,02-23,-0.14373521010081003
01-10,0.1663055419921866,-0.25847911834716797,0.7900400161743164,0.0,-0.6473989486694354,-2.3977174758911133,2.8794498443603516,1.3033885955810547,-1.7754158973693857,-0.11948776245117188,-1.231130599975586,-0.5769643783569327,4.0,8.0,02-24,-0.15561751524607362
01-11,0.006158828735350674,-0.23909664154052734,0.7766466140747053,0.11793136596679865,-0.5107269287109375,-2.2109804153442383,3.153308868408203,0.9286642074584961,-1.8013958930969247,-0.1286792755126971,-1.5224685668945312,-0.836599349975585,5.0,7.0,02-25,-0.1889364322026573
01-12,0.22173833847045898,-0.24555492401123047,0.6896095275878888,0.2081146240234375,-0.3380861282348615,-2.3379650115966797,3.114185333251953,0.7168636322021484,-1.7840762138366708,-0.1470632553100586,-0.8176231384277344,-0.6346616744995099,5.0,7.0,02-26,-0.11287657419840487
01-13,0.2710151672363281,-0.3941822052001953,0.39502048492431463,0.506411552429201,-1.0861892700195312,-2.3827810287475586,2.996814727783203,0.8309097290039062,-1.584884166717531,0.009191513061523438,-1.3814983367919922,-0.5865817070007315,6.0,6.0,02-27,-0.20056279500325527
01-14,0.3695664405822754,-0.4458780288696289,0.3012866973876953,0.43010711669921875,-1.0718040466308594,-2.6367454528808576,2.879444122314453,0.39916419982910334,-1.5589017868042,0.18383026123047053,-1.1371526718139648,-0.47118854522705167,6.0,6.0,02-28,-0.22985597451527884
01-15,0.2032613754272461,-0.41356754302978516,0.5088367462158203,-0.11793231964111328,-1.5825271606445312,-2.479883193969732,2.8090219497680664,0.9612483978271484,-1.53291940689087,0.19301986694336115,-1.3157119750976562,-0.6442775726318368,5.0,7.0,02-29,-0.2842859029769902
01-16,0.15398550033569247,-0.4200305938720703,0.6896114349365217,-0.0416221618652326,-1.4530467987060547,-2.3080835342407244,2.230005264282223,1.5803589820861816,-1.437653064727784,0.1562547683715838,-0.44170284271240234,0.009615421295166016,6.0,6.0,03-01,-0.10685896873474166
01-17,0.36340808868408203,-0.21970844268798828,0.46866607666015625,-0.09018325805664062,-1.6328802108764648,-2.0765256881713867,2.441269874572752,1.80845308303833,-1.4116721153259277,0.48714637756347834,-0.5074892044067383,-0.36541080474853516,5.0,7.0,03-02,-0.06124385197957357
01-18,0.19710302352905273,-0.2714052200317383,0.6829147338867188,-0.13874530792236328,-1.5249805450439453,-3.3911657333374077,2.4569196701049787,2.0528388023376483,1.065248966217041,0.5331029891967773,-0.5262842178344744,-0.2404022216796884,6.0,6.0,03-03,0.07459541161854995
01-19,0.25253915786743164,-0.09047126770019354,0.16737937927246094,0.12486934661865234,-0.8991613388061559,-3.323940277099613,2.3473711013793963,1.9632296562194842,0.9786429405212393,0.3308916091918963,-0.6108675003051758,-0.3461785316467285,7.0,5.0,03-04,0.07452535629272454
01-20,0.32029199600219815,-0.006464958190916192,0.2678108215332049,0.13180446624755682,-0.812843322753908,-3.2716531753540075,2.441269874572752,2.1261525154113787,1.0132856369018546,0.2757425308227539,-0.6484575271606463,-0.2884821891784668,7.0,5.0,03-05,0.12903805573781288
01-21,0.110870361328125,0.05169391632080256,0.374931335449217,-0.06243133544921875,-0.6689748764038104,-3.2940626144409215,1.7135810852050781,0.8716402053833026,0.7967710494995117,0.4044227600097656,-0.8176212310791016,-0.02884817123413086,7.0,5.0,03-06,-0.045668959617615044
01-22,0.17246341705322354,0.4458742141723615,0.615959167480467,0.013875961303709161,-0.769683837890625,-3.2492475509643555,1.5101432800292969,1.0752973556518555,0.7707891464233407,0.6250162124633807,-0.9022035598754883,-0.11539316177368253,8.0,4.0,03-07,0.016074220339456973
01-23,0.09239053726196289,0.46526241302490234,0.615959167480467,-0.2982978820800781,-0.6042366027831996,-2.001833915710449,1.4944934844970703,1.409289360046385,0.7274866104125985,0.6434001922607422,-1.0995607376098633,-0.17308902740478516,7.0,5.0,03-08,0.10593863328297941
01-24,-0.13550853729247958,0.5040359497070312,0.6494359970092738,0.2844228744506836,-0.7409143447875977,-1.374392509460451,1.0641422271728516,1.3685569763183594,0.5023121833801278,0.5422945022583008,-0.9397954940795898,-0.16347360610961825,7.0,5.0,03-09,0.13009301821390765
01-25,-0.44964027404785156,0.4588012695312518,0.8034296035766602,0.25667381286620916,-0.8703927993774414,-0.7469511032104492,1.1971664428710938,1.3929967880249006,0.4503488540649414,0.6342086791992188,-1.0337743759155273,-0.17308902740478516,7.0,5.0,03-10,0.15998148918151842
01-26,-0.043116092681884766,0.5492677688598633,0.6293506622314453,0.2427988052368164,-0.7552976608276367,-1.1727132797241193,1.0563201904296875,1.067151069641115,0.36374378204345703,0.533103942871092,-1.0713663101196307,-0.5000362396240225,7.0,5.0,03-11,0.0749338865280152
01-27,0.1293487548828134,0.536344528198244,0.6963033676147461,0.4856014251708949,-0.5394992828369141,-1.4565534591674787,1.197163581848141,1.2382192611694336,0.5369553565978995,0.6709766387939453,-0.930397033691408,-0.2500176429748535,8.0,4.0,03-12,0.19287045796712196
01-28,-0.07391452789306463,0.5751152038574237,0.7230844497680664,0.4578542709350586,-0.6042394638061523,-1.5088443756103533,1.1658649444580043,1.0182743072509766,0.45900917053222745,0.8364219665527362,-0.930397033691408,-0.6250452995300284,7.0,5.0,03-13,0.12443196773529053
01-29,0.06775426864624023,0.6203470230102539,0.6159601211547852,0.5896615982055646,-0.4963369369506836,-1.165243148803711,0.845056533813473,0.7738885879516602,0.40704631805419833,0.799656867980957,-0.9022016525268537,-0.45195627212524325,8.0,4.0,03-14,0.1419694423675534
01-30,0.04311847686767489,0.6785068511962891,0.5958747863769549,0.7006559371948242,-0.668973922729494,-1.2698183059692383,1.0954437255859357,1.0345659255981463,0.19919252395629883,0.8456125259399414,-1.04317092895508,-0.45195627212524325,8.0,4.0,03-15,0.14658761024475084
01-31,0.11087369918823242,0.6203470230102539,0.4351911544799787,0.4578561782836914,-0.7265233993530273,-1.2100629806518572,0.8215789794921875,1.0182743072509766,0.23383474349975586,0.7720794677734375,-0.808222770690918,-0.778902530670166,8.0,4.0,03-16,0.07886032263437877
02-01,0.11703062057495117,0.7302017211914062,-0.3347616195678711,0.33298683166504084,-0.6761703491210938,-0.9262199401855487,1.1032657623291016,0.87164306640625,-0.008660793304442471,0.6893577575683576,-0.9867849349975586,-0.4327239990234357,6.0,6.0,03-17,0.039930343627929764
02-02,0.2402195930480957,0.6849679946899414,-0.31467723846435725,0.1456804275512713,-0.4244060516357404,-0.6647872924804705,1.0250186920166016,1.352264404296875,0.0,0.8915681838989258,-1.0525693893432617,-1.1731624603271475,6.0,6.0,03-18,0.05917640527089444
02-03,0.2402186393737784,0.8077459335327131,-0.31467723846435725,-0.05549716949462713,-0.3596649169921875,-0.5826234817504901,1.3458271026611328,1.2219257354736328,0.11258697509765625,1.2040786743164045,-1.0901613235473633,-0.74043846130371,6.0,6.0,03-19,0.14911003907521522
02-04,0.2032623291015625,1.0468387603759766,0.04686450958251953,0.20811176300048828,-0.5610780715942383,-0.7768316268920898,1.2441082000732422,1.0590038299560547,0.10392618179321289,1.1948862075805664,-0.9961824417114258,-1.125082015991211,8.0,4.0,03-20,0.13731896877288818
02-05,0.08007192611694336,1.2277755737304705,0.03347587585449219,0.25667381286621094,-0.7768764495849609,-0.68719482421875,1.2206325531005824,1.4663095474243164,0.0433025360107413,1.1489286422729492,-1.2405290603637695,-1.2885551452636728,8.0,4.0,03-21,0.12366791566212942
02-06,0.043116092681884766,0.9951419830322266,0.38162708282470703,0.027747154235839844,-0.9279356002807617,-0.7469539642333984,0.7902812957763672,1.490751266479494,0.13856792449951172,1.1029720306396502,-1.0337743759155273,-1.259706974029541,8.0,4.0,03-22,0.08348615964253774
02-07,0.10471105575561523,1.124380111694336,0.3883228302001971,0.07630729675292791,-0.9207401275634748,-1.1503067016601545,1.095438003540039,1.5966510772705096,-0.22517490386962802,1.1489286422729492,-0.9961824417114258,-1.2116265296936026,7.0,5.0,03-23,0.08589235941569069
02-08,0.3449306488037118,1.1502294540405273,0.27450466156006037,0.1942396163940412,-0.9063568115234375,-1.3146371841430646,1.1267356872558594,1.5151901245117205,-0.12990999221801758,1.2408437728881818,-0.9961824417114258,-1.6347332000732422,7.0,5.0,03-24,0.0720711946487429
02-09,0.35724782943725675,0.8659019470214844,0.14060401916503906,0.06937122344970525,-0.7624921798706055,-1.2847576141357422,1.173685073852539,1.7106990814208984,-0.1472301483154297,1.452247619628908,-0.8834075927734375,-2.019376277923584,7.0,5.0,03-25,0.05604108174641934
02-10,0.5851473808288583,0.9628324508666992,0.19416236877441762,0.15955352783202947,-0.7552995681762695,-1.0905513763427734,0.8998241424560547,1.767721176147461,-0.21651363372802734,1.3695230484008807,-1.1559476852416992,-1.4327960014343262,7.0,5.0,03-26,0.1073046525319421
02-11,0.5050735473632812,0.8335962295532227,0.18076992034912287,0.2774925231933594,-0.8560037612915039,-1.1652460098266602,1.0328426361083984,2.028398513793947,-0.1039271354675293,1.4982042312622088,-1.033773422241211,-1.394331932067871,7.0,5.0,03-27,0.15025794506073042
02-12,0.44963932037353516,1.020988464355467,0.20085716247558594,0.4578561782836914,-0.8416147232055664,-1.292228698730467,0.8294029235839844,1.3115339279174805,-0.1645512580871582,1.3511409759521502,-1.0619668960571271,-1.5481891632080087,7.0,5.0,03-28,0.05940568447113059
02-13,0.5297126770019531,1.0403814315795898,0.19416236877441406,0.29135990142822443,-0.7409086227416992,-1.1129579544067347,0.8998317718505859,1.1078796386718768,0.05196380615234464,1.4338645935058594,-0.8834056854248029,-1.230858325958252,8.0,4.0,03-29,0.1317521333694466
02-14,0.5297122001647949,1.0791511535644513,0.3414573669433594,0.0,-0.6689767837524414,-1.2623510360717773,0.6650867462158203,1.1811933517456055,0.0,1.1765041351318342,-0.827018737792967,-0.7567543983459473,6.0,6.0,03-30,0.12150033315022772
02-15,0.4188413619995117,1.1760797500610352,0.5155363082885742,0.055500984191892755,-0.5251150131225604,-0.971036911010744,0.7120380401611328,1.3522644042968768,0.03464221954345792,0.9559106826782227,-0.8834066390991211,-0.7258849143981934,8.0,4.0,03-31,0.1762808561325071
02-16,0.5851473808288565,1.1760797500610352,0.6226577758789062,-0.2566709518432635,-0.48914432525634943,-0.5826215744018555,0.3990516662597656,1.4581651687622088,-0.008660793304442471,0.7261238098144531,-0.7236413955688477,-0.22074174880981445,6.0,6.0,04-01,0.22381206353505437
02-17,0.7760896682739267,1.0985345840454102,0.5356197357177734,-0.48560047149658025,-0.47475719451904475,-0.814178466796875,0.3990516662597656,1.164903640747072,0.0,0.8088455200195312,-0.5168876647949219,-0.3395991325378418,6.0,6.0,04-02,0.17933515707651795
02-18,0.7206544876098651,1.1760797500610352,0.40840816497802734,-0.31911182403564453,-0.568270683288576,-0.773344039916994,0.1877880096435547,1.3278284072875994,0.38106393814086825,0.6893568038940447,-0.5450801849365234,-0.6763606071472168,7.0,5.0,04-03,0.16741768519083666
02-19,0.7822489738464364,1.1890010833740234,1.1047124862670916,0.29136371612549006,-0.6974420547485369,-0.7285299301147479,0.07824516296386363,0.9938344955444371,0.2944593429565421,0.7353143692016602,-0.5262851715087891,-0.6378965377807617,8.0,4.0,04-04,0.23991882801055908
02-20,0.9362330436706534,1.292393684387207,1.318960189819336,-0.22199058532714666,-0.5104160308837873,-0.7808151245117205,0.015647888183597303,0.4887714385986346,0.3897256851196289,0.8088455200195312,-0.5168867111206055,-0.7725214958190918,7.0,5.0,04-05,0.20399562517801972
02-21,1.1210174560546884,1.421630859375,1.3524351119995117,-0.22199058532714666,-0.7334089279174805,-0.7894582748413086,0.04254913330078125,0.6191110610961914,0.2839813232421866,0.7996540069580078,-0.32892704010009766,-0.4251880645751953,7.0,5.0,04-06,0.2617838382720949
02-22,1.2318878173828134,1.4151697158813459,1.3654508590698242,-0.17343044281006037,-0.5202932357788104,-0.523798942565918,0.1307754516601527,0.4969167709350586,0.42254972457885653,0.7261238098144531,-0.6853857040405273,-1.2412214279174814,7.0,5.0,04-07,0.22039536635080892
02-23,0.9916696548461914,1.1916389465332031,1.3453664779663104,-0.3537940979003924,0.30162143707275213,-0.5854330062866211,0.05057144165038707,0.965794563293457,0.23201799392700195,0.584562301635744,-0.14059829711914062,-1.231316566467286,8.0,4.0,04-08,0.2793417374293006
02-24,0.7760901451110831,1.1593284606933594,1.485966682434082,-0.8255290985107422,0.25733375549316584,-0.46216487884521484,0.12177658081054688,1.1205711364746094,0.10849428176879972,0.4659605026245117,-0.13105487823486328,-1.0233163833618173,8.0,4.0,04-09,0.2544546922047934
02-25,0.8438429832458496,1.1205558776855469,1.0201520919799822,-0.3293752670288068,0.2647151947021502,-0.18622303009033203,0.06700515747070312,0.8680400848388672,0.02781724929809659,0.6153936386108398,-0.35056209564208984,-1.0713963508605957,8.0,4.0,04-10,0.24083046118418427
02-26,0.8438429832458496,1.0754680633544922,0.8462266921997106,-0.45020580291748047,0.4053335189819336,-0.051773071289060724,0.3878116607666051,0.36272239685058594,0.04604959487915128,0.8955812454223633,-0.5471887588500977,-0.9560031890869132,8.0,4.0,04-11,0.23815544446309497
02-27,0.6775393486022949,0.9147863388061541,0.8873176574707049,-0.5568246841430682,0.5491981506347656,-0.14140892028808594,0.2592964172363281,0.2873086929321307,0.04604959487915128,0.8863916397094727,-0.2276592254638672,-0.8502268791198722,8.0,4.0,04-12,0.2276473442713424
02-28,0.8705124855041504,0.8949661254882812,0.6476049423217809,-0.45543861389160334,0.44849300384521484,0.6396064758300799,0.1714649200439453,0.3636484146118182,-0.04921674728393466,0.92315673828125,-0.3498325347900373,-0.5845298767089835,8.0,4.0,04-13,0.2933696111043302
02-29,0.0,0.0,0.0,-0.4068775177001953,0.0,0.0,0.0,0.48240184783935547,0.0,0.0,0.0,-0.23113489151000977,1.0,2.0,04-14,-0.012967546780904135
03-01,0.9784536361694336,0.8883609771728516,0.9507379531860352,-0.5872430801391602,0.5448226928710955,0.5338602066040057,-0.1653900146484375,0.24649715423583807,-0.07519769668579102,1.0334529876708967,-0.09433555603027344,-0.2806587219238281,7.0,5.0,04-15,0.33111337820688885
03-02,0.7943148612976083,1.2571802139282244,0.7364892959594727,-0.29975032806396484,0.3330249786376953,0.7572813034057617,-0.17340469360351207,0.33610630035400213,-0.10984039306640625,1.0438289642333967,0.01960372924804865,-0.07265853881835938,8.0,4.0,04-16,0.38518130779266396
03-03,0.9103188514709473,1.0762462615966797,0.5824975967407227,-0.6888027191162092,0.023016929626463067,0.7418718338012678,-0.023759841918948865,0.2057657241821289,0.004567146301269531,0.8777904510498047,-0.01857089996337713,-0.5661644935607919,8.0,4.0,04-17,0.2603980700174964
03-04,0.8425660133361808,0.9534673690795934,0.4997682571411133,-0.525321960449217,0.17063999176025213,0.6895847320556623,-0.11765861511230469,-0.050800323486328125,-0.03326129913330167,0.9431686401367188,-0.20944595336913885,-0.8257985115051278,6.0,6.0,04-18,0.19474236170450854
03-05,0.9226388931274414,0.6606483459472656,0.35593605041503906,-0.41870498657226385,-0.14299583435058594,0.7119941711425763,-0.3054485321044922,-0.018548011779786933,0.021433353424071377,1.0739212036132812,-0.040282249450683594,-0.7873339653015154,6.0,6.0,04-19,0.16943820317586225
03-06,0.8391456604003897,0.48313426971435725,0.3011455535888672,-0.15628814697265625,-0.04228687286377131,0.5401945114135724,-0.5206336975097656,0.03234481811523082,-0.015029430389405185,0.8159704208374006,0.044300079345703125,-1.0369739532470694,7.0,5.0,04-20,0.10708526770273778
03-07,1.223121166229248,0.4699211120605469,0.4518260955810547,-0.23259544372558594,0.0512237548828125,0.5007743835449237,-0.7900028228759801,0.2528829574584943,0.01915693283080966,0.7792034149169922,0.13827896118164062,-0.5812649726867685,9.0,3.0,04-21,0.19021046161651567
03-08,0.9183425903320312,0.6549100875854474,0.41834926605224787,-0.46846199035644354,0.0633583068847674,0.98046875,-0.6696987152099609,0.1690683364868164,0.03647804260253906,0.7608203887939453,0.3755607604980469,-0.6208839416503906,9.0,3.0,04-22,0.21819265683492053
03-09,0.9627890586853027,0.7463903427124006,0.33800697326660156,-0.4019899368286133,-0.1376762390136701,1.0112848281860352,-0.2767009735107422,0.15277576446533203,0.02781724929809659,0.6773557662963849,0.2632217407226545,-0.9972648620605469,8.0,4.0,04-23,0.19716747601826964
03-10,0.5435652732849112,0.7463903427124006,0.5120849609375,-0.3561010360717738,-0.026961326599121094,0.9727630615234393,-0.12783432006835938,0.3075532913208008,0.1909918785095197,0.5305891036987287,0.2155017852783203,-1.4156641960144043,8.0,4.0,04-24,0.17440656820933018
03-11,0.3279852867126447,0.6817741394042969,0.9073266983032227,-0.4769353866577113,-0.041723251342775214,1.1487464904785156,-0.05741310119628551,-0.17097473144531428,0.2611875534057626,0.6333255767822248,0.4827289581298846,-1.1367974281311044,7.0,5.0,04-25,0.21326923370361342
03-12,0.3218235969543448,0.6368303298950213,0.9822044372558576,-0.39164066314697266,0.17802143096923828,1.1636857986450195,-0.06523513793945312,-0.12075328826904297,0.36146068572998136,0.46521377563476385,0.4540977478027344,-0.8194670677185059,8.0,4.0,04-26,0.26385347048441554
03-13,0.44881582260131836,0.8799772262573242,1.0643901824951172,-0.211212158203125,0.0053806304931640625,1.230913162231447,0.06934738159179688,-0.30736351013183416,0.3249979019165039,0.6514110565185529,0.29433250427246094,-1.079390525817872,9.0,3.0,04-27,0.28096663951873785
03-14,0.5823497772216797,0.853550910949707,1.1671266555786115,-0.16958904266357422,-0.11690521240234375,1.101816177368164,-0.5732536315917969,-0.2564697265625,0.57843017578125,0.6054553985595685,0.3413228988647461,-0.4776182174682617,7.0,5.0,04-28,0.30301801363627084
03-15,0.53790283203125,0.6553487777709961,1.6976575851440447,-0.10715389251709162,0.024087905883787286,1.3873777389526367,-0.653457641601566,-0.10983848571777344,0.48316383361816406,0.6054553985595685,0.27524566650390625,-0.22999954223632724,8.0,4.0,04-29,0.3804825146992996
03-16,0.4490084648132324,0.3340778350830078,2.206496238708496,-0.18783855438232422,0.011014938354492188,1.5722818374633771,-0.6855373382568359,-0.3134908676147461,0.40521860122680664,0.7190103530883807,0.2555742263793963,0.017619609832762784,9.0,3.0,04-30,0.39861961205800384
03-17,0.5036063194274902,0.28884315490722656,1.90521240234375,-0.008952140808105469,0.13649559020996094,1.456718444824217,-0.6233329772949219,-0.598607063293457,0.46857500076293856,0.7655611038208008,0.02652263641357422,-0.25662851333618075,8.0,4.0,05-01,0.3386678298314411
03-18,0.398895263671875,0.28238010406493963,1.694584846496582,-0.044490814208984375,0.3431673049926758,1.605679512023924,-1.0615081787109375,-0.516810417175293,0.5291986465454102,0.8309383392333984,0.02652263641357422,0.04147052764892667,9.0,3.0,05-02,0.3441689809163409
03-19,0.3804173469543457,1.0290355682373047,1.2436981201171875,-0.15821456909179688,0.6626777648925781,1.859642028808592,-0.6859283447265625,-0.648158073425293,0.4745030403137216,0.7282028198242188,-0.35376930236816406,0.07993507385253906,8.0,4.0,05-03,0.3843367894490559
03-20,0.4433426856994629,0.7610559463500977,1.2505464553833008,0.2413005828857404,0.8784761428833008,2.061318397521969,-1.106113433837887,-0.588780403137207,0.6112399101257342,0.7648200988769513,-0.17520809173583984,0.26532793045043945,9.0,3.0,05-04,0.4506105184555052
03-21,0.33011436462402255,0.9856843948364258,1.051924705505371,0.199676513671875,0.8281240463256836,1.8710632324218714,-1.033145904541012,-0.8262844085693359,0.6071338653564444,0.7188625335693342,-0.24099445343017578,0.5608282089233398,9.0,3.0,05-05,0.421082258224487
03-22,0.49520349502563477,0.47035884857177734,0.8808507919311506,0.2967977523803693,0.47796154022216797,1.74102783203125,-1.0090827941894567,-0.8890209197998047,0.6937398910522443,0.7372446060180629,-0.4951744079589844,0.47168493270874023,9.0,3.0,05-06,0.322632630666096
03-23,0.5269517898559561,0.0018596649169921875,0.9678869247436506,0.017767906188964844,0.5962476730346697,1.7795495986938477,-1.3940601348876953,-0.6527805328369141,0.8063263893127433,0.7834997177124023,-0.06039142608642578,0.6400661468505859,9.0,3.0,05-07,0.3344103097915648
03-24,0.5971798896789551,0.11171245574951172,0.9812793731689453,-0.31896877288818537,0.5445804595947266,2.0491962432861346,-1.553293228149414,-0.5794668197631854,0.7379517555236808,1.3646240234375,-0.1462850570678711,-0.42194271087646484,7.0,5.0,05-08,0.2805473009745278
03-25,0.7080502510070801,-0.08860683441161932,0.9722785949707031,-0.16970157623291016,0.5888662338256854,1.6932001113891602,-1.5454673767089844,-0.4661703109741211,1.8195471763610858,1.4113225936889648,-0.2321796417236328,-0.42194271087646484,6.0,6.0,05-09,0.3557663758595789
03-26,0.7326865196228036,-0.5232048034667969,1.1091060638427734,-0.1625957489013672,0.7412366867065447,1.5512790679931623,-1.4594001770019531,-0.2371501922607404,1.6372294425964338,1.6167936325073242,-0.36389732360839844,-1.0499043464660645,6.0,6.0,05-10,0.2993482351303101
03-27,0.7473621368408203,-0.7469635009765607,1.0474634170532227,-0.0032052993774431826,0.7915935516357457,1.618504524230957,-1.0941810607910156,-0.43224334716796875,1.7283892631530762,1.810553550720213,-0.33570384979248225,-0.9508571624755859,6.0,6.0,05-11,0.34839268525441486
03-28,0.93442726135254,-0.2844934463500959,1.266632080078125,0.23958873748779475,0.6405324935913104,1.6691904067993182,-0.8684406280517578,-0.3898296356201172,1.3660221099853507,1.9024686813354474,-0.25112247467041016,-1.317333698272705,7.0,5.0,05-12,0.40897015730540004
03-29,0.718541145324707,-0.2646741867065412,1.133035659790039,0.42689609527587713,0.6335277557373047,1.4348583221435547,-0.7160549163818395,-0.6033143997192401,1.3487019538879386,1.9024686813354474,-0.3265972137451172,-1.2876191139221191,7.0,5.0,05-13,0.3666474819183343
03-30,0.7566394805908203,-0.22286224365234375,0.9321775436401367,0.3766326904296893,0.8032941818237305,1.4348583221435547,-0.7802143096923828,-0.7092151641845721,1.2707571983337402,2.0499773025512678,-0.523808479309082,-1.426285743713379,7.0,5.0,05-14,0.33016256491343166
03-31,0.3363504409790048,-0.2551717758178711,0.97235107421875,-0.3191404342651367,0.6482906341552734,1.550419807434082,-0.443170547485348,-0.35892963409424006,0.9512381553649902,2.077995300292967,-0.7146825790405256,-1.6045713424682617,6.0,6.0,05-15,0.23674825827280702
04-01,0.14540815353393466,-0.3456411361694336,0.6990756988525373,-0.3688945770263672,0.5228118896484357,1.82820510864258,-0.3649253845214844,0.017477989196775567,0.9011039733886737,1.9285631179809553,-0.7337703704833984,-1.2678098678588867,7.0,5.0,05-16,0.2468003829320268
04-02,-0.06401205062866122,-0.7325401306152344,0.4779777526855451,-0.45418643951416016,0.7196588516235369,1.7873706817626989,-0.6656856536865199,-0.2485799789428711,0.8828706741333008,1.8818645477294922,-0.686490058898924,-1.3074288368225098,5.0,7.0,05-17,0.13256827990214112
04-03,0.1526322364807129,-0.8052139282226562,0.27935791015625,-0.054559707641599786,0.8488302230834979,1.8258924484252947,-0.37695884704589133,-0.14679336547851562,0.7917137145996094,1.8639259338378906,-0.7052850723266584,-0.7131428718566895,6.0,6.0,05-18,0.24669988950093705
04-04,0.03541326522826971,-0.8118219375610334,0.3546934127807635,0.12580966949463068,0.6716814041137713,1.648694992065428,-0.5052814483642543,-0.0704507827758789,0.7602596282958975,1.7903947830200195,-0.6871528625488263,-0.7527618408203125,7.0,5.0,05-19,0.21328985691070623
04-05,0.24495029449462802,-1.0166292190551758,0.28012657165527344,0.17769527435302734,0.5757293701171875,1.964564323425293,-0.4571571350097656,0.10263633728027344,0.8660039901733398,1.849233627319336,-0.6394329071044922,-0.505143165588378,8.0,4.0,05-20,0.2868814468383789
04-06,0.31479501724242986,-1.016772270202635,0.26711082458496094,0.09950637817382812,0.5683479309082013,2.080127716064453,-0.4571571350097656,0.008482933044433594,0.911583423614502,1.9146108627319336,-0.7825899124145508,-0.584381103515625,8.0,4.0,05-21,0.2769720554351805
04-07,0.5486636161804199,-0.8126239776611328,0.4383373260498029,0.13504791259765625,0.826687812805174,1.8181867599487305,-0.2646694183349574,0.22053909301757812,1.0118560791015643,1.6064043045043945,-0.820765495300293,-0.693333625793457,8.0,4.0,05-22,0.33452753225962334
04-08,0.5917782783508301,-0.8192319869995117,0.5890150070190394,0.32695674896240234,1.203126907348631,1.5254240036010742,-0.2967510223388672,0.025445938110351562,1.0938987731933576,1.7464990615844709,-1.011641502380371,-0.9013338088989258,8.0,4.0,05-23,0.3394321997960401
04-09,0.5651102066040039,-1.2618846893310565,0.4314889907836932,0.142153739929201,1.092409133911131,1.2942981719970703,-0.4812183380126953,0.008481979370115411,1.0756654739379883,1.6531019210815412,-0.5821704864501935,-1.1489524841308594,8.0,4.0,05-24,0.23237363497416164
04-10,0.4571690559387207,-1.11653518676758,0.16437816619873047,-0.014214515686031604,0.9374055862426758,1.4021577835083008,-0.40903663635253906,-0.0763397216796875,1.0300874710083008,1.2701807022094727,-0.6298894882202131,-1.099428653717041,6.0,6.0,05-25,0.15966121355692575
04-11,0.24128246307373047,-1.2949190139770508,0.1027374267578125,-0.19191074371337713,0.8266878128051758,1.4406785964965803,-0.008014678955074572,0.10178661346435369,0.9753904342651367,1.2701807022094727,-0.7444162368774396,-1.000380516052246,7.0,5.0,05-26,0.14325857162475616
04-12,0.04444742202758789,-1.2883100509643555,0.37669849395751775,-0.319851875305174,0.9521675109863281,1.271188735961914,-0.20050811767578125,0.13571548461914062,0.9389281272888184,1.1954650878906268,-0.8207654953002912,-0.9706668853759766,7.0,5.0,05-27,0.10954236984252959
04-13,0.27938127517700284,-1.3345603942871094,0.2945108413696289,-0.007106781005857599,0.8783588409423846,1.2018508911132812,-0.5293388366699219,0.12723445892333984,1.0027384757995605,1.232823371887207,-0.7825908660888654,-0.8319997787475577,7.0,5.0,05-28,0.1276084582010911
04-14,0.393673896789549,-1.6516828536987322,0.1027374267578125,-0.03553962707519531,0.9521684646606463,1.3559322357177734,-0.3769607543945348,0.22902297973632812,0.9480438232421875,1.0740480422973633,-0.7539596557617188,-1.1291427612304688,7.0,5.0,05-29,0.09236176808675085
04-15,0.22223377227783114,-1.5591859817504883,0.24656963348388672,-0.12794113159179688,1.0038356781005895,1.2018518447875977,-0.4170570373535156,0.2375030517578125,0.9298152923583984,1.0366907119750994,-0.7635030746459961,-0.6933331489562979,7.0,5.0,05-30,0.10978996753692671
04-16,0.33652448654174716,-1.4204454421997088,0.4109439849853498,0.06397056579589844,0.8783540725708026,1.0246562957763654,0.0641632080078125,0.15268039703369318,0.9389286041259766,0.8592395782470703,-0.7635040283203125,-0.37638092041015714,9.0,3.0,05-31,0.1807609001795448
04-17,0.3111286163330078,-1.0438613891601562,0.4794330596923828,-0.2700977325439453,1.048121452331543,0.9707241058349592,0.128326416015625,0.17812728881836115,0.9571599960327148,0.8125419616699201,-0.9162044525146484,-0.45561933517456144,8.0,4.0,06-01,0.1833149989446002
04-18,0.6095576286315918,-1.1495704650878906,0.6780567169189453,-0.22034072875976562,1.1366939544677717,1.1941490173339844,-0.33685302734375,0.2205381393432635,1.0938987731933576,0.8498992919921857,-0.9448347091674787,-0.3367619514465341,7.0,5.0,06-02,0.2328693866729734
04-19,0.7682976722717276,-1.2090282440185547,0.09588813781738281,-0.09950923919677734,1.225268363952635,1.2942991256713867,-0.3849773406982422,0.07634067535400568,1.103014945983885,0.8965978622436523,-0.8875722885131854,0.14857149124145508,8.0,4.0,06-03,0.25226593017578086
04-20,0.7619471549987793,-1.1297502517700178,-0.21231651306152344,-0.31985282897949396,0.9226427078247053,1.286595344543457,-0.40903663635253906,0.1357154846191424,0.9571619033813468,0.9152774810791016,-0.9352903366088867,0.28723764419555575,7.0,5.0,06-04,0.1883609294891356
04-21,0.5016145706176749,-1.1759958267211914,-0.2671089172363281,-0.47622203826904297,0.9374065399169922,1.2634830474853516,-0.7539081573486328,0.2883968353271502,1.0209717750549316,0.7471637725830078,-0.9257469177246094,0.7824764251708975,7.0,5.0,06-05,0.16187759240468344
04-22,0.5143141746520996,-1.189211845397951,-0.13697814941406428,-0.39092731475830256,0.9521656036376953,1.1633281707763654,-0.7619285583496094,0.33080768585205256,0.9206986427307129,0.7658433914184588,-1.107078552246092,0.9508571624755859,7.0,5.0,06-06,0.1676575342814126
04-23,0.38732194900512606,-1.3609867095947266,-0.09588241577148615,-0.4051446914672887,0.7897796630859393,1.2711849212646484,-0.8260898590087891,0.4071483612060529,0.9115815162658691,0.8125410079956055,-1.3170423507690447,0.9607625007629395,7.0,5.0,06-07,0.12793115774790378
04-24,0.06349420547485352,-1.6781082153320312,-0.06164169311523793,-0.33406734466552734,0.6347751617431641,1.340524673461914,-0.6656875610351545,0.5089359283447248,0.8568873405456543,1.0273513793945312,-1.2884111404418945,1.0399994850158691,7.0,5.0,06-08,0.1203376849492388
04-25,0.07619285583496094,-1.9093446731567383,0.03424644470214666,-0.6254901885986346,0.4650096893310547,0.7627143859863281,-0.5854835510253853,0.5683126449584943,0.9298119544982937,0.8779191970825213,-1.2693243026733398,1.0895237922668448,8.0,4.0,06-09,0.03450735410054554
04-26,0.13333988189697266,-1.9357681274414062,-0.1506786346435547,-0.7321062088012713,0.4871540069580078,0.5084743499755877,-0.46517944335937145,0.44956016540527344,0.8842334747314471,0.6724481582641602,-1.1547985076904332,1.2281904220581046,7.0,5.0,06-10,-0.0062608718872069575
04-27,0.06984424591064453,-1.6252546310424805,-0.5205259323120117,-0.767643928527832,0.3469123840332031,0.5932178497314471,-0.9143199920654261,0.44956016540527344,0.8295378684997585,0.5323543548583984,-0.6585206985473615,1.1192383766174299,7.0,5.0,06-11,-0.045466661453246404
04-28,0.12699079513549894,-1.4138383865356445,-0.3835477828979492,-0.7036733627319336,0.5240583419799805,0.31586837768554865,-0.7458925247192383,0.44107818603515625,0.8477702140808114,0.41094017028808594,-0.5917148590087891,0.9112381935119638,7.0,5.0,06-12,-0.02172688643137577
04-29,-0.05079603195190341,-1.8697032928466797,-0.013697624206541192,-0.6610250473022461,0.4133434295654279,0.42372798919677734,-0.7298498153686523,0.11875247955322266,0.8204231262207031,0.4669771194458008,-0.5917148590087891,0.7527623176574698,6.0,6.0,06-13,-0.07673335075378418
04-30,-0.0952434539794913,-1.420445442199707,-0.11643409729004084,-0.4122505187988281,0.1107187271118164,0.19260311126708984,-0.5052785873413121,-0.3817014694213867,0.9115829467773438,0.47631645202636896,-0.6298894882202148,0.990476131439209,5.0,7.0,06-14,-0.07329547405242942
05-01,-0.23493385314941406,-1.6979284286499023,0.041092872619628906,-0.44779300689697266,-0.007378578186035156,0.3081645965576172,-0.4330987930297905,-0.43259620666503906,0.8660030364990234,0.42961883544921875,-0.34357643127441406,0.7428569793701163,5.0,7.0,06-15,-0.1007974147796636
05-02,-0.43811988830566495,-1.6384668350219727,0.1369800567626953,-0.6183815002441388,0.18453025817871094,0.42372894287109375,-0.5694446563720668,-0.5343809127807617,0.7930755615234348,0.43895912170410334,-0.31494617462158203,1.535238265991211,6.0,6.0,06-16,-0.050102313359578154
05-03,-0.6095595359802255,-1.4270515441894531,-0.027398109436035156,-0.5544090270996094,0.28786373138427557,0.36979866027831854,-0.5373630523681605,-0.05089378356933594,0.7019162178039542,0.42027950286865234,-0.39129543304443537,1.574857234954834,5.0,7.0,06-17,-0.020271261533101697
05-04,-0.5460624694824228,-0.9183340072631836,0.1369800567626953,-0.1634788513183576,0.2214336395263654,0.1386756896972674,-0.5052795410156197,0.09330368041992188,0.6836853027343741,-0.3175449371337873,-0.5344533920288104,1.60457181930542,6.0,6.0,06-18,-0.00887525081634477
05-05,-0.5079655647277832,-0.47568416595458984,0.2397136688232422,-0.22034454345703125,0.501917839050293,0.27735042572021484,0.008020401000976562,-0.0933065414428711,-0.43755817413330433,-0.3829221725463867,-0.44855785369873047,1.465904712677002,5.0,7.0,06-19,-0.0061193307240807
05-06,-0.5905108451843271,-0.10571002960205078,-0.1027364730834961,-0.17058467864990234,0.4576292037963867,0.023112297058101916,0.12030410766601562,-0.27143287658691584,-0.20966053009033025,-0.5323543548583984,-0.20041942596435547,1.941333293914795,4.0,8.0,06-20,0.029914140701293574
05-07,-0.4635181427001953,0.17838001251220703,0.013700485229492188,0.07818603515625,0.0885744094848615,0.1849021911621076,-0.09624481201171875,0.18661117553710938,-0.346399307250973,-0.7378253936767578,-0.1431570053100586,1.7729525566101074,7.0,5.0,06-21,0.05968018372853597
05-08,-0.641306400299074,-0.31051445007324396,0.0890340805053711,0.12083530426025568,0.036908149719236505,-0.00770473480224787,-0.44914150238037287,0.6700983047485352,-0.3646326065063459,-0.8592405319213867,-0.13361358642578125,1.574857234954834,5.0,7.0,06-22,-0.022868394851685014
05-09,-0.32382631301879883,-0.3435506820678711,0.05479145050048828,0.12794113159179865,0.0295257568359375,0.023110389709472656,-0.67370510101318,0.8736734390258789,-0.4375591278076154,-0.905937194824217,-0.11452579498291016,1.505523681640625,6.0,6.0,06-23,-0.015378197034199292
05-10,-0.5143122673034668,-0.47568607330322266,-0.23286819458007812,0.19901847839355646,-0.4871540069580078,0.0,-0.5854835510253853,1.0009069442749023,-0.29170703887939275,-0.9339570999145508,-0.17178630828857422,1.505523681640625,3.0,9.0,06-24,-0.08229211966196621
05-11,-0.2666802406311035,-0.44925689697265625,-0.2465667724609375,0.0710792541503924,-0.25834083557128906,-0.015408515930175781,-0.45715904235839133,1.043320655822754,-0.13673877716064275,-0.9899940490722656,0.038174629211424005,1.5154280662536612,4.0,8.0,06-25,-0.012678543726602523
05-12,-0.33652687072753906,-0.5879974365234375,-0.3013591766357422,0.19191074371337713,-0.3026247024536133,0.06933403015136719,-0.521324157714842,1.0009069442749023,-0.045578002929689276,-0.7845249176025391,0.13361263275146307,1.436190128326416,5.0,7.0,06-26,-0.00399839878082305
05-13,-0.08254384994506836,-0.3303356170654297,-0.4040927886962873,0.1563701629638672,-0.3469142913818377,-0.03081798553466797,-0.5453815460205096,1.4335021972656268,0.0638113021850586,-0.8218812942504883,-0.009544372558597303,1.7333331108093262,4.0,8.0,06-27,0.06795875231424937
05-14,-0.3238258361816415,-0.33694267272949396,-0.3082075119018537,0.29852962493896484,-0.27310276031493963,-0.07704639434814631,-0.9223346710205096,0.5513467788696289,0.009116172790527344,-0.8312215805053729,-0.0190887451171875,1.7531428337097168,4.0,8.0,06-28,-0.03996956348419226
05-15,-0.27937936782836825,-0.36997413635254084,-0.26711273193359375,0.5828409194946289,-0.3764362335205096,-0.03852367401122869,-0.7458915710449219,0.22054100036621094,0.02734851837158203,-0.7938632965087908,-0.03817653656006037,1.9215235710144034,4.0,8.0,06-29,-0.013091961542765743
05-16,-0.5270142555236816,-0.396400451660158,-0.14383220672607422,0.6965684890747053,-0.35429573059081854,-0.03852367401123047,-0.93035793304443,0.5174188613891602,0.22789478302001953,-0.8218822479248047,-0.06680870056152344,1.5847625732421866,4.0,8.0,06-30,-0.02103920777638746
05-17,-0.5905094146728516,-0.6738824844360369,-0.006847381591798651,0.8955879211425781,-0.41334247589111506,-0.285057067871092,-1.3955392837524379,0.9160833358764648,0.16408252716064453,-0.9432964324951172,0.05726146697998047,1.753142833709715,5.0,7.0,07-01,-0.04352637132008885
05-18,-0.5270142555236816,-0.6540660858154297,0.034244537353515625,0.9097986221313477,-0.54620361328125,0.030815124511716974,-1.5559482574462855,0.8651905059814453,0.11850452423095525,-0.7004671096801758,0.21950721740722656,1.7432384490966788,7.0,5.0,07-02,-0.005200028419494703
05-19,-0.5968589782714835,-0.6474618911743164,-0.12328243255615057,1.0377435684204102,-0.6716823577880877,0.08474731445312678,-1.5559482574462855,0.9076032638549787,-0.0820436477661115,-0.7378263473510724,0.2958564758300781,1.8224763870239258,5.0,7.0,07-03,-0.022223075230915674
05-20,-0.5905094146728516,-0.24444961547851562,-0.006847381591798651,1.0377435684204102,-0.6716823577880877,0.34668827056884943,-1.6682319641113281,0.8482275009155273,-0.06381034851074219,-0.7378263473510724,0.2958564758300781,1.723428726196289,5.0,7.0,07-04,0.022382259368896484
05-21,-0.37462282180786133,-0.3699789047241193,0.47258567810058594,1.080392837524414,-0.7676372528076172,0.5161828994750994,-1.7323989868164098,1.0942125320434553,-0.06381034851074219,-0.7565050125122053,0.46764564514160156,1.6243805885314941,6.0,6.0,07-05,0.09920390446980794
05-22,-0.2984294891357422,-0.12552738189697266,0.4999809265136719,1.194114685058592,-0.6643009185791016,0.4622516632080096,-1.355438232421875,1.0857286453247053,-0.16408538818359553,-0.5790529251098615,0.25768184661865057,1.5946669578552246,6.0,6.0,07-06,0.15896586577097546
05-23,-0.7111506462097177,-0.15195274353027166,0.7123012542724627,1.4571018218994123,-0.2804841995239258,0.3004627227783203,-1.219095230102539,0.8397445678710902,-0.10027408599853693,-0.4763193130493164,0.25768184661865057,1.4559998512268058,6.0,6.0,07-07,0.17366798718770285
05-24,-0.7238497734069833,-0.013212203979492188,0.6027145385742188,1.3220539093017578,-0.1992921829223615,0.26194286346435547,-1.2591943740844727,0.48349094390868963,-0.04557704925537287,-0.3829221725463867,0.38175106048583984,1.4262852668762198,6.0,6.0,07-08,0.15451590220133435
05-25,-0.7936954498291025,0.08588600158691406,0.5684661865234375,1.2012224197387695,-0.324770927429201,0.24653720855713068,-1.283254623413086,0.3308086395263654,-0.027348518371583808,-0.33622455596924006,0.3531198501586914,1.3866662979125959,7.0,5.0,07-09,0.11728437741597426
05-26,-0.8762397766113281,0.13874149322509766,0.4588823318481463,1.0377378463745117,-0.28048229217529475,-0.023111343383789062,-1.7644758224487305,0.364738464355467,-0.054695129394533026,-0.06537723541259766,0.25768089294433594,1.4262852668762198,6.0,6.0,07-10,0.05164039134979211
05-27,-0.806393623352049,-0.22462940216064453,0.4451866149902344,0.9382305145263672,-0.2952451705932635,-0.19260025024413885,-1.908839225769043,0.1526803970336914,-0.14585113525390447,-0.009340286254882812,0.3149442672729492,1.515428066253662,5.0,7.0,07-11,-0.018035769462585154
05-28,-0.850841522216796,0.09249496459960938,0.17807388305664062,0.8955841064453125,-0.11809730529785334,-0.023110389709469104,-1.8366575241088832,0.13571739196777344,-0.11850452423095703,0.15877342224121094,0.4390134811401367,1.4659047126770028,7.0,5.0,07-12,0.03486255804697732
05-29,-0.6730537414550781,0.10570621490478516,-0.13013553619384766,0.931121826171875,-0.14023876190185547,-0.2773513793945295,-1.2672138214111346,0.3817024230957031,-0.5287165641784668,-0.009340286254882812,0.6298894882202148,1.2083806991577148,5.0,7.0,07-13,0.01922921339670817
05-30,-0.857191562652587,0.15855884552001953,-0.17807579040527344,1.1585731506347656,-0.2435770034790039,-0.6086301803588867,-0.7699527740478516,0.6022405624389648,-0.8660016059875488,-0.0933952331542951,0.6203470230102557,0.8716187477111808,5.0,7.0,07-14,-0.017123818397521678
05-31,-0.7175002098083487,0.46907711029052734,-0.0068511962890625,1.2012205123901367,0.3026256561279297,-0.7164859771728516,-0.6656875610351562,0.5598316192626953,-0.966277599334715,-0.1307535171508789,0.5821714401245117,0.7527618408203125,6.0,6.0,07-15,0.05534434318542503
06-01,-0.660355567932128,0.5087175369262695,0.4246368408203125,1.4784240722656232,0.25833988189697266,-0.4699535369873047,-0.721829414367674,0.48349094390868963,-1.0483202934265137,0.1027374267578125,0.6776084899902344,0.7230472564697257,8.0,4.0,07-16,0.14637863636016832
06-02,-0.48256683349609375,0.24445056915283203,0.21232032775878906,1.6419086456298828,0.3395318984985334,-0.4006166458129883,-0.7378702163696271,0.4071502685546857,-0.9298143386840811,0.06537628173827947,0.7825908660888672,0.6240005493164062,8.0,4.0,07-17,0.1472051143646238
06-03,-0.26668071746826083,0.23123836517333984,0.0,1.6419086456298828,0.2952432632446289,-0.3158712387084961,-0.7859964370727521,0.5089359283447266,-0.7566127777099609,0.02801895141601385,1.0116424560546875,0.5051426887512207,7.0,5.0,07-18,0.17474742730458584
06-04,-0.08254384994506836,0.700312614440918,0.027398109436036933,1.6703367233276367,0.2509603500366193,-0.17719459533691406,-0.585484504699707,0.3901844024658203,-0.8568868637084961,0.04669761657714666,1.0879917144775373,0.5645718574523926,8.0,4.0,07-19,0.25302863121032687
06-05,-0.05714559555053711,0.6342458724975586,-0.2808065414428693,1.833818435668947,0.4281082153320295,-0.1463785171508789,-0.1684284210205078,0.3901844024658203,-0.8751187324523926,0.018678665161132812,1.0307283401489258,0.21790504455566406,7.0,5.0,07-20,0.252149264017741
06-06,-0.1587390899658203,0.6540660858154315,-0.17807102203368963,1.677446365356447,0.35429573059081854,-0.20030975341797053,-0.168426513671875,0.33928966522216797,-0.7019186019897461,-0.02801990509033203,0.9734659194946307,0.11885738372802823,6.0,6.0,07-21,0.22349468866984087
06-07,-0.038097381591796875,0.7597732543945312,-0.1369800567626953,1.4855356216430664,0.5978727340698242,0.0,-0.35289478302001953,0.3392906188964844,-0.738380432128908,0.07471561431884766,0.7348718643188459,0.20800018310546875,7.0,5.0,07-22,0.2444756031036374
06-08,-0.101593017578125,0.6408500671386719,-0.05479145050048828,1.656123161315918,0.42811012268066584,-0.27734947204589844,-0.43310070037841975,0.4071493148803711,-0.7566127777099609,-0.028020858764650214,0.7062406539916974,0.3070473670959464,6.0,6.0,07-23,0.20783770084381067
06-09,0.08889341354370117,0.528538703918457,-0.3219060897827166,1.44999313354492,0.40596485137939453,-0.3620929718017596,-0.4411153793334961,0.7549228668212891,-0.6654534339904794,-0.08405780792236506,0.7921342849731445,0.4853329658508301,7.0,5.0,07-24,0.21926287810007664
06-10,0.12064123153686435,0.21802234649658203,0.00685024261474787,1.3291587829589844,0.45025062561035334,-0.030814170837402344,-0.5774631500244141,1.1705513000488281,-0.75661325454712,-0.14009380340576172,0.7444162368774414,0.44571399688720614,8.0,4.0,07-25,0.24838503201802578
06-11,0.13334035873413086,0.6606731414794922,-0.041092872619628906,1.1017084121704102,0.597872734069826,-0.02311038970947088,-0.753908157348631,1.2129631042480469,-0.7657299041748047,-0.1120748519897461,0.6776103973388672,0.7824759483337402,7.0,5.0,07-26,0.2892273267110193
06-12,0.1968374252319336,0.825840950012207,-0.25341033935546875,0.9026918411254883,0.6938257217407227,-0.03851890563964844,-0.4732017517089844,1.2723398208618164,-0.7839617729187021,0.056037902832029474,0.715785026550293,-0.17828559875488192,7.0,5.0,07-27,0.24466502666473375
06-13,0.1460428237915039,1.493117332458496,-0.17807483673095703,1.0519580841064453,0.4650135040283203,-0.17719364166259588,-0.7619314193725568,1.2129631042480469,-0.6472225189208984,0.20547103881835938,0.6298913955688494,-0.30704736709594815,7.0,5.0,07-28,0.26108229160308877
06-14,0.9143376350402832,1.4468727111816406,-0.5958662033081055,0.8174009323120117,0.6126308441162127,0.4622488021850568,-1.403559684753418,1.3826055526733398,-0.7110319137573224,0.23348999023437322,0.7635040283203125,-0.594285488128663,8.0,4.0,07-29,0.27736226717631013
06-15,0.8444919586181641,0.9513683319091797,-0.2328662872314453,1.1301450729370117,1.1071748733520508,0.7550096511840803,-1.14691162109375,1.136622428894043,-0.6107597351074201,0.31754493713378906,1.2597789764404297,-0.21790456771850497,8.0,4.0,07-30,0.441141168276469
06-16,0.7746467590332031,0.9579763412475586,-0.02054882049560547,0.5259761810302734,0.9300222396850586,0.5238800048828125,-0.9544210433959979,1.085728645324707,-0.5469493865966797,0.8685779571533203,1.087991714477539,-0.20800018310546786,8.0,4.0,07-31,0.4187400341033935
06-17,0.7048015594482422,0.8588752746582031,-0.04794597625732244,0.09239673614501953,0.9816904067993182,0.26194000244140625,-1.0827436447143555,0.7973318099975586,-0.2461276054382342,0.5043363571166992,0.6871519088745117,-0.2377142906188956,8.0,4.0,08-01,0.27283271153767924
06-18,0.8063955307006845,1.06367874145508,0.301361083984375,0.0710744857788086,1.2031259536743164,0.24653148651123225,-1.0025386810302717,-0.6107206344604492,-0.3190536499023455,0.4763174057006836,0.15270042419433594,-0.17828559875488192,8.0,4.0,08-02,0.18421554565429732
06-19,0.7809953689575195,0.9711894989013672,0.43834114074706854,0.12794017791748047,1.5278949737548828,0.06163311004638672,-0.9624433517456055,-0.6870622634887695,-0.2734742164611834,0.42961978912353516,0.18133258819580078,-0.09904766082763672,8.0,4.0,08-03,0.2080765962600705
06-20,1.15561866760254,1.3279495239257795,0.21917247772216797,0.07818508148193182,1.8748083114624023,0.0616302490234375,-0.9544239044189471,-0.5428638458251953,-0.2825889587402344,0.3455638885498047,0.2290506362915039,-0.22780942916870117,8.0,4.0,08-04,0.2736910581588741
06-21,1.2635598182678223,1.2156391143798846,0.16437721252441406,0.2914218902587873,1.7050447463989258,0.046223640441892755,-1.1469097137451172,-0.7718868255615234,-0.30082225799560725,0.3735828399658203,-0.1240701675415039,-0.10895252227783203,7.0,5.0,08-05,0.21726731459299695
06-22,1.282609462738037,1.5129423141479492,0.23286819458007812,0.12794303894043324,1.8157596588134748,-0.1617879867553711,-1.0586843490600604,-0.9415340423583984,-0.25524425506591797,0.18679141998291016,-0.3149452209472656,-0.05942869186401367,6.0,6.0,08-06,0.19727412859598795
06-23,1.219113826751709,1.4666938781738281,0.3424520492553711,0.3553934097290039,1.8231382369995117,-0.09245014190673828,-1.1789894104003942,-1.238410949707033,-0.34640026092529297,0.2988643646240252,-0.5535383224487305,0.11885786056518644,7.0,5.0,08-07,0.18456037839253722
06-24,1.2508621215820312,1.5459747314453143,-0.19862270355224787,0.3980398178100586,1.874807357788086,-0.23882675170898438,-1.0506649017334002,-0.4919700622558576,-0.4466738700866699,0.2988643646240252,-0.5439949035644531,0.3367624282836914,6.0,6.0,08-08,0.22787980238596614
06-25,1.2127642631530762,1.5724000930786115,-0.08904075622558594,0.3909311294555664,1.904337882995609,-0.25423622131347656,-1.098785400390625,-0.3138446807861328,-0.7474956512451163,0.3455629348754883,-0.2672262191772443,0.19809579849243253,6.0,6.0,08-09,0.2377885977427169
06-26,1.0984740257263184,1.5393657684326172,-1.1163930892944336,0.37671661376953125,1.9560050964355487,-0.5084714889526367,-0.9945249557495135,-0.2375040054321289,-0.8021903038024902,0.3642425537109393,-0.23859405517578125,0.9112377166748047,6.0,6.0,08-10,0.19569698969523128
06-27,1.2826118469238281,1.493119239807129,-0.10273456573486328,0.17769718170166016,2.0667209625244176,-0.5007696151733416,-0.5694437026977557,-0.3053627014160156,-0.8021912574768066,0.3735828399658203,-0.2290506362915039,0.4358096122741699,6.0,6.0,08-11,0.27666576703389484
06-28,1.1683192253112784,1.3874101638793945,-1.0478992462158203,0.1279449462890625,1.992910385131836,-0.8936824798583967,-0.49726200103759766,-0.6531343460083008,-0.9115805625915527,0.28952693939208984,-0.2863130569458008,0.7032384872436541,6.0,6.0,08-12,0.1149565378824872
06-29,1.1175212860107422,1.360982894897461,-1.2602195739746094,-0.326962471008299,2.266008377075199,-0.7550086975097638,-0.7779741287231445,-1.1281414031982422,-0.811307430267334,0.1120748519897461,-0.4581012725830078,0.881524085998536,5.0,7.0,08-13,0.018366376558940283
06-30,1.0921249389648438,1.545973777770996,-1.4725418090820312,-0.2914237976074219,2.192195892333986,-0.7935266494750941,-0.5760202407836896,-1.2893047332763672,-0.8933501243591309,0.09339523315429688,-0.5726251602172852,0.9508566856384277,5.0,7.0,08-14,-0.0011871655782057882
07-01,1.2127666473388672,1.4799060821533203,-0.9177722930908203,-0.3411760330200213,2.2512464523315447,-0.8873653411865252,-0.7604875564575178,-1.246891975402832,-0.8295383453369123,0.04669761657714844,-0.5917148590087891,0.9508566856384277,5.0,7.0,08-15,0.030543923377990872
07-02,1.3905539512634277,1.3874111175537092,-0.9383192062377947,-0.41225528717041016,2.027528762817381,-0.6562385559082031,-0.5679998397827131,-0.9754600524902326,-0.8660011291503888,0.1214132308959961,-0.6776084899902344,0.9508566856384277,5.0,7.0,08-16,0.0653234322865804
07-03,1.517545223236083,1.3015260696411133,-0.7739419937133807,-0.36249637603759766,1.872527122497555,-0.7718000411987305,-0.5441923141479474,-0.96697902679443,-0.8751177787780744,-0.07471561431884766,-0.8303089141845703,0.9985718727111816,4.0,8.0,08-17,0.04088485240936287
07-05,1.3143577575683594,1.3279514312744158,-0.980898857116701,-0.1492633819580078,1.811887741088869,-0.5764293670654315,-0.29166126251220703,-0.9515686035156232,-0.8336067199707013,-0.08405590057373047,-0.7027053833007812,0.8285717964172363,4.0,8.0,08-19,0.05938160419464141
07-06,1.4476995468139648,1.3239336013793963,-0.8096714019775391,-0.07818317413330078,1.8348283767700195,-0.4042873382568377,-0.29166126251220703,-0.7734413146972638,-0.8153734207153303,-0.13798141479492188,-0.4822568893432617,0.6885719299316415,4.0,8.0,08-20,0.12518143653869665
07-07,1.5543766021728525,1.2182264328002947,-0.8644647598266602,0.09950733184814453,1.8198890686035156,-0.45123767852783203,-0.39793872833251953,-0.5868301391601562,-0.8159804344177255,-0.12823104858398438,-0.4341764450073242,0.6581907272338876,5.0,7.0,08-21,0.13927757740020774
07-08,1.6369209289550781,1.0068111419677752,-1.2815818786621076,0.11372852325439631,1.8348283767700195,-0.3067808151245117,0.083282470703125,-0.6122779846191406,-0.9260497093200684,0.022134780883789062,-0.45340824127197266,0.6185717582702637,7.0,5.0,08-22,0.14468161265055382
07-09,1.465482711791993,0.7718591690063477,-0.8415622711181641,0.1990175247192365,1.7674245834350586,-0.13729190826416193,-0.14128589630126775,-0.8322792053222656,-0.7697954177856445,0.087921142578125,-0.3952798843383789,0.7968573570251465,6.0,6.0,08-23,0.16425565878550205
07-10,1.6718177795410156,0.7257013320922852,-0.6265096664428729,0.20138168334961115,1.5902767181396484,0.09383678436279297,-0.7614946365356428,-0.7803173065185547,-0.7697954177856445,-0.033204078674316406,-0.5193490982055664,0.5782856941223136,6.0,6.0,08-24,0.11421914895375578
07-11,1.6096701622009277,0.5449275970458984,-0.4392061233520508,0.16584396362304865,1.2359848022460955,0.178097724914549,-1.150874137878418,-0.762995719909668,-0.4698796272277832,0.13490962982177734,-0.4334554672241211,0.6171426773071271,7.0,5.0,08-25,0.10251379013061523
07-12,1.629055976867675,0.47797775268554865,-0.32189464569091975,0.16584396362304865,1.444774627685545,0.00981044769287287,-1.6233530044555664,-1.0528173446655273,-0.13259458541870117,-0.033204078674316406,-0.5384359359741211,0.7071428298950186,6.0,6.0,08-26,0.06102550029754639
07-13,1.6807513236999512,0.20762920379638672,-0.4931192398071307,-0.12609100341796875,1.4681529998779315,0.16630268096924006,-1.5418901443481463,-1.0104084014892578,-0.2511005401611337,-0.07090950012207031,-0.7299623489379883,0.5371427536010733,5.0,7.0,08-27,-0.013625184694926093
07-14,1.5654501914978018,0.16798877716064453,-0.32189464569091975,-0.14767169952392578,1.3561162948608398,-0.22492504119873047,-1.5101881027221697,-1.0019245147705078,-0.4059939384460458,-0.05234813690185369,-0.7107305526733398,0.6068572998046875,4.0,8.0,08-28,-0.05660533905029327
07-15,1.394011974334716,0.04246234893798828,-0.7650785446166992,-0.09012889862060547,1.0573320388793963,-0.2551403045654297,-1.4700880050659197,-1.03692626953125,-0.15865707397461026,0.03223323822021307,-0.7107305526733398,0.5672378540039062,5.0,7.0,08-29,-0.11612268288930287
07-16,1.400362014770507,0.3933277130126953,-0.3181304931640607,-0.21960735321044922,1.1240291595458984,-0.3167734146118164,-1.887144088745119,-1.054245948791504,-0.15865707397461026,0.11681461334228516,-0.8628530502319336,0.6167616844177246,5.0,7.0,08-30,-0.09717635313669855
07-17,1.5417375564575186,0.641319274902342,0.07035255432128906,-0.2839994430541992,1.153553009033205,-0.1935062408447248,-1.877110481262207,-1.0802278518676758,-0.2138051986694336,0.22030925750732422,-0.7578706741333008,0.5271430015563956,6.0,6.0,08-31,-0.021008769671122234
07-18,1.4210958480834952,0.46054649353027166,-0.04757881164550781,-0.43326377868652344,0.9247369766235352,-0.4785594940185547,-1.4401111602783203,-1.054245948791504,-0.30587148666381836,0.2016305923461914,-0.7865028381347656,0.4179997444152832,5.0,7.0,09-01,-0.09334365526835146
07-19,1.3435516357421875,0.5341920852661115,-0.03932285308838068,-0.6322832107543945,0.9173536300659162,-0.2872800827026367,-1.5134258270263672,-0.9340658187866211,-0.42437744140625,0.3604040145874041,-0.8246774673461896,0.37799978256225675,5.0,7.0,09-02,-0.09349429607391364
07-20,1.3500146865844727,0.7967252731323242,-0.1763019561767596,-0.46880149841308416,0.5734930038452131,-0.24033164978027344,-2.1325387954711914,-0.993443489074707,-0.43349409103393466,0.3604040145874041,-0.8047943115234375,0.23799991607666016,5.0,7.0,09-03,-0.1609224081039428
07-21,1.4135103225708008,0.9420719146728516,-0.4091701507568377,-0.41990089416503906,0.4614467620849627,-0.3577003479003906,-1.930137634277342,-0.9679956436157227,-0.43349409103393466,0.34125709533691406,-0.8432588577270508,0.06895256042480558,5.0,7.0,09-04,-0.17786824703216522
07-22,1.2865195274353027,0.5522756576538086,-0.5187540054321307,-0.3911275863647461,0.5958995819091779,-0.35120296478271307,-1.472982406616211,-0.9595127105712891,-0.3968019485473633,0.12510395050049006,-0.8240270614624023,-0.0003809928894034087,4.0,8.0,09-05,-0.19624924659728996
07-23,1.2611193656921387,0.32764625549316406,-0.3688678741455078,-0.5277986526489258,0.7383537292480451,-0.4051322937011719,-1.6414060592651367,-0.9842491149902362,-0.3968019485473633,-0.0064678192138671875,-0.6032190322875977,0.2571425437927237,4.0,8.0,09-06,-0.1958067417144779
07-24,1.483353614807129,-0.35971832275390625,-0.6186056137084961,-0.30754661560058416,0.701446533203125,-0.2510490417480469,-1.3847579956054705,-0.7504119873046875,-0.470334529876709,-0.17545700073242188,-0.5364131927490234,0.3462853431701669,3.0,9.0,09-07,-0.1936007340749104
07-25,0.6310520172119132,-0.14546680450439275,-0.9238414764404297,-0.35730457305908025,0.6719264984130859,-0.7063179016113281,-0.604644775390625,-0.7937173843383789,-0.4061455726623526,-0.3529090881347656,-0.4409742355346662,0.32352352142333984,3.0,9.0,09-08,-0.25873498121897337
07-26,0.7021331787109375,-0.5739631652832031,-0.666193962097168,-0.7624502182006818,-0.18526744842529297,-0.9364805221557617,-0.8653249740600586,-0.8469266891479492,-0.49730491638183594,-0.4182853698730469,-0.9462165832519531,0.35352373123169034,2.0,10.0,09-09,-0.4702297449111936
07-27,0.8766078948974609,-0.29338550567626953,-0.34428977966308594,0.029341697692871094,0.0889930725097674,-1.1007986068725586,-0.009972572326660156,-0.9147844314575195,-0.6066951751708984,-0.8010892868041992,-0.6398029327392578,0.373523712158204,4.0,8.0,09-10,-0.27852932612101217
07-28,0.8042893409729013,-0.009296417236328125,-0.37168693542480646,0.563629150390625,0.14127731323242188,-0.9364805221557617,-0.31549930572509766,-0.889338493347168,-0.7891602516174316,-0.4650411605834961,-0.6205720901489258,0.17714262008666815,4.0,8.0,09-11,-0.2258947292963666
07-29,0.8106374740600595,-0.18767547607421875,-0.9420070648193359,0.45572757720947266,0.3952436447143537,-0.22022724151611506,-0.5400733947753906,-0.7528839111328125,-0.7897658348083505,-0.5120315551757812,-0.5051794052124023,0.1375236511230451,4.0,8.0,09-12,-0.22089262803395635
07-30,0.7344436645507821,0.04497241973876953,-1.3772869110107404,0.30466747283935547,0.2614078521728498,-0.09696197509765625,-0.507990837097168,-0.8497524261474609,-0.7346177101135254,-0.7375812530517578,-0.104339599609375,0.09790468215942294,5.0,7.0,09-13,-0.24709455172220865
07-31,0.7441654205322239,-0.4523868560790998,-1.3495397567749006,0.2468605041503924,0.08426094055175781,-0.07384872436523438,-0.5146226882934588,-0.8237714767456055,-0.6794686317443857,-0.7659492492675781,0.18197345733642578,-0.11333322525024325,4.0,8.0,09-14,-0.29297169049580885
08-01,0.5328321456909171,-0.31178760528564275,-1.4258499145507795,-0.05877590179443182,0.18021488189697266,-0.16823005676269176,-0.37916088104248225,-0.9450187683105469,-0.7710056304931641,-0.5137805938720703,0.5160074234008789,-0.30219030380249023,3.0,9.0,09-15,-0.30389543374379424
08-02,0.5909914970397949,-0.40551948547363104,-1.0540618896484393,0.03362560272216797,-0.09536170959472479,0.4310150146484375,-0.49320697784424006,-1.0632362365722656,-0.7436575889587402,-0.383026123046875,0.5825967788696289,-0.3821902275085449,4.0,8.0,09-16,-0.24850261211395264
08-03,0.5392966270446777,-0.07226753234863459,-0.9650239944458026,0.17980670928955078,0.1288137435913086,0.7127017974853516,-0.3221368789672887,-1.0377883911132812,-0.7436575889587402,-0.5987129211425799,1.0615911483764648,-0.45219039916992276,5.0,7.0,09-17,-0.13079730669657472
08-04,0.6430220603942871,-0.23743534088134766,-0.3212146759033221,0.15154170989990234,0.031712532043455255,1.0100288391113263,-0.35333919525146484,-1.0038604736328143,-0.5427312850952157,-0.7302846908569354,0.955815315246582,-0.48171424865722656,5.0,7.0,09-18,-0.07320495446523112
08-05,0.45888566970825195,-0.22422122955322088,-0.03484916687011719,0.06522464752197266,0.07652568817138672,0.8468008041381818,-0.361358642578125,-0.8338594436645508,-0.33382368087768644,-0.6738948822021484,1.0327434539794922,-0.6699051856994629,5.0,7.0,09-19,-0.054310997327168854
08-06,0.6112737655639648,-0.07772159576416016,1.1451225280761737,0.022063255310058594,0.41327476501464844,0.9084348678588849,-0.329277038574217,-1.0141258239746094,-0.3522067070007342,-0.6269063949584961,0.8981914520263672,-1.2939047813415527,6.0,6.0,09-20,0.025351524353027344
08-07,0.41955089569091797,-0.08503723144531072,1.110438346862793,0.02917194366455078,0.4280338287353498,1.0317029953002912,-0.3950786590576154,-0.8668966293334961,-0.3522067070007342,-0.5608301162719727,0.7645797729492188,-1.066856861114501,6.0,6.0,09-21,0.038047631581624275
08-08,0.5532307624816903,0.048867225646972656,1.2006196975708008,-0.09877300262451172,0.37636566162109375,1.2495851516723615,-0.646476745605467,-0.9968051910400391,-0.23317241668701172,-0.5701694488525391,0.6977720260620117,-1.424285888671875,6.0,6.0,09-22,0.013063152631123934
08-09,0.4950690269470224,-0.0247802734375,-0.11133861541748047,0.03628063201904119,0.04947471618652166,1.2595815658569336,-0.589451789855957,-0.911625862121582,-0.25140380859375,-0.495452880859375,0.8701391220092773,-1.66428565979004,5.0,7.0,09-23,-0.11148281892140736
08-10,0.714776515960696,-0.11323356628417969,0.710545539855957,0.02283477783203125,0.23533153533935547,1.1187362670898438,-0.9804677963256854,-0.8607320785522461,-0.16936111450195312,-0.1479625701904297,0.7442617416381836,-1.4342856407165536,6.0,6.0,09-24,-0.013296365737915039
08-11,0.7074174880981463,0.1906757354736328,0.12838077545166016,0.44663810729980824,0.0710000991821289,0.9857177734375,-0.6590251922607404,-0.8946609497070312,-0.23400306701660156,-0.08246803283691406,0.7634944915771467,-1.602571487426757,7.0,5.0,09-25,-0.01495035489400176
08-12,0.6693186759948748,0.30959606170654297,-0.3755674362182635,0.403480529785158,-0.048510551452638495,1.2902746200561523,-0.7005701065063477,-0.9547500610351562,-0.07805109024047852,0.020909309387208808,0.8500375747680664,-1.6619997024536124,6.0,6.0,09-26,-0.022986014684041118
08-13,0.5550265312194851,0.19648361206054688,-0.3179531097412127,0.4394454956054705,-0.19719600677490234,1.3301811218261737,-0.6842784881591797,-1.2663497924804705,-0.022903919219969815,-0.16704940795898438,0.8210477828979492,-1.6800003051757804,5.0,7.0,09-27,-0.08279554049173954
08-14,0.3030109405517587,0.3769044876098633,-0.06821346282958984,0.4457845687866211,-0.2539625167846662,1.1423921585083026,-1.0752954483032209,-1.6041135787963885,-0.059668540954589844,-0.13838863372802734,0.9260282516479492,-1.0799999237060556,5.0,7.0,09-28,-0.09046014149983694
08-15,0.5514316558837891,0.33003807067871094,0.09134101867675781,0.46710681915283203,-0.11951160430908381,1.0328426361083984,-0.9856863021850586,-1.300992965698244,0.2527642250061044,-0.026314735412597656,0.8365993499755859,-0.8499999046325692,7.0,5.0,09-29,0.02330152193705211
08-16,0.544968605041503,0.3635120391845703,-0.07006454467773793,0.3675994873046875,-0.2689065933227539,0.9233007431030273,-1.1649036407470703,-1.2401914596557617,0.19301986694336026,-0.06578540802001953,-0.7885189056396484,-0.760000228881835,5.0,7.0,09-30,-0.1638308366139732
08-17,0.6095905303955078,0.25040340423583807,-0.006936073303224433,0.3613491058349627,-0.13445281982421875,0.7511587142944336,-1.3033885955810547,-1.2471189498901385,0.26655149459838867,0.13156986236572443,-0.9519929885864258,-0.8400001525878906,6.0,6.0,10-01,-0.17610553900400813
08-18,0.47624874114990234,0.2544212341308576,0.47867012023925426,0.1457176208496076,-0.12698268890381037,0.8841772079467773,-0.8879318237304705,-1.2471189498901385,0.3217005729675302,-0.25374317169189275,-0.8365993499755859,-0.7100000381469744,6.0,6.0,10-02,-0.1251200437545786
08-19,0.4394173622131339,0.5356197357177734,0.5064115524291992,0.26080799102783025,-0.19421005249023438,0.8763551712036115,-0.7575941085815447,-1.4636344909667969,0.2205958366394034,-0.26314258575439275,-0.7596712112426758,-0.6399998664855966,6.0,6.0,10-03,-0.10325372219085745
08-20,0.2584800720214844,0.4820556640625,0.006937026977540839,0.4046764373779279,-0.44817447662353516,1.001546859741211,-0.5865221023559606,-1.4116687774658203,0.19301986694336026,-0.7048454284667969,-1.0673856735229492,-0.5699996948242188,6.0,6.0,10-04,-0.20349001884460471
08-21,0.09692716598510742,0.7163906097412109,-0.1803684234619123,0.17551898956299006,-0.36600780487060547,1.0328454971313494,0.008147239685058594,-1.3510475158691406,0.08272314071655273,-0.7894277572631836,-1.1827774047851562,-0.5,6.0,6.0,10-05,-0.18808968861897743
08-22,-0.05815601348876864,0.5624027252197266,0.2011775970459002,0.2158012390136701,-0.5452756881713849,0.5711908340454084,0.8390560150146484,-1.0912294387817383,0.16544628143310636,-0.8364162445068359,-1.1827774047851562,-0.3600001335144043,6.0,6.0,10-06,-0.12656501928965236
08-23,0.09046792984008789,0.7833452224731445,0.1526174545288086,0.2589569091796875,-0.746950149536131,0.2660388946533203,0.9449567794799805,-1.1172122955322248,0.2757425308227548,-0.780029296875,-1.1539297103881836,-0.4500002861022949,7.0,5.0,10-07,-0.12299966812133752
08-24,0.1486234664917001,1.0377626419067365,0.08324623107910334,0.7481069564819354,-0.6050348281860334,0.39905261993408025,1.0834445953369123,-1.0479288101196271,0.26655149459839045,-0.8270177841186523,-1.0193042755126953,-0.4099998474121094,7.0,5.0,10-08,-0.011874794960021603
08-25,0.13570261001586914,0.9975929260253906,0.46479129791259766,0.5826616287231445,-0.5378093719482404,0.04694938659667791,1.1078786849975604,-0.9959630966186506,0.08272314071655362,-0.9585905075073242,-1.1635465621948242,-0.309999942779541,7.0,5.0,10-09,-0.04563415050506555
08-26,0.19385910034179776,0.94403076171875,0.35379695892333984,0.5323095321655273,-0.6199750900268555,0.7589817047119123,1.1323184967041016,-1.0652484893798828,0.18382835388183594,-1.1747426986694318,-1.3077869415283203,-0.34999990463256836,7.0,5.0,10-10,-0.034885684649149505
08-27,0.09693002700805753,0.49544525146484375,-0.09018230438232422,0.4603757858276367,-0.20167922973632635,0.7198600769042951,1.001978874206543,-1.0565891265869158,0.2205944061279297,-1.1653451919555629,-1.3558683395385742,-0.3000001907348633,6.0,6.0,10-11,-0.09787333011627175
08-28,0.2584786415100089,0.8034276962280273,0.1526165008544922,0.474761962890625,-0.224087715148924,0.8059301376342756,1.0345649719238281,-1.065248489379881,0.15625429153442472,-1.6258440017700195,-1.4327974319458008,-0.34999990463256747,7.0,5.0,10-12,-0.08432861169179258
08-29,0.2778658866882324,0.7766475677490234,0.0971221923828125,0.5107259750366211,0.14191818237305043,0.2660341262817383,1.0752954483032227,-1.1778354644775408,0.18382883071899325,-1.7480173110961914,-1.53857421875,0.019999980926512784,9.0,3.0,10-13,-0.09291573365529378
08-30,0.3683314323425293,0.8034276962280273,0.4370412826538068,0.5826597213745117,0.8291234970092756,0.1408405303955078,0.9368095397949219,-1.2298002243041992,0.2941269874572745,-1.6728343963623047,-1.4712591171264666,0.07000017166137606,9.0,3.0,10-14,0.0073722600936883724
08-31,0.32309961318969727,0.8101253509521484,0.3260498046875,0.6689786911010742,0.5975618362426758,-0.007823944091796875,0.5946693420410156,-1.2990856170654297,0.2665514945983878,-1.513069152832033,-1.365483283996582,-0.019999980926515448,7.0,5.0,10-15,-0.05153548717498816
09-01,0.42648839950561523,0.44188499450683594,0.388481140136717,0.7552938461303711,0.8515253067016619,-0.17214298248291016,1.287097930908205,-1.3337259292602521,0.3492746353149414,-1.3533029556274414,-1.4520273208618164,0.09000015258789151,8.0,4.0,10-16,0.023237268129984907
09-02,0.42648839950561523,0.4619731903076172,0.6382188796997053,0.7840681076049822,0.8664646148681658,-0.3129863739013672,1.1649026870727557,-1.4896173477172852,0.5974440574645996,-1.2217321395874023,-1.3462514877319336,0.16000032424926847,8.0,4.0,10-17,0.060747742652893434
09-03,0.5104951858520517,0.11381816864013494,1.0475120544433594,0.8703899383544922,0.8141794204711932,-0.2347402572631836,1.0264177322387713,-1.3164024353027344,0.44118928909301847,-0.9115991592407227,-1.365483283996582,0.47000026702881037,8.0,4.0,10-18,0.12214807669321741
09-04,0.7108163833618182,0.6360464096069336,0.7145280838012695,0.6114311218261719,0.6274394989013672,-0.1877908706665039,1.5803613662719727,-2.0352296829223633,0.9375271797180194,-0.7236404418945312,-1.5385732650756836,0.07000017166137695,8.0,4.0,10-19,0.11690966288248728
09-05,0.5880384445190447,0.49544715881347656,0.9642667770385742,0.6186294555664045,0.7096052169799805,-0.046947479248046875,0.6028184890747053,-2.1218361854553214,1.1856961250305194,-0.5826702117919922,-1.6155014038085938,0.09999990463256836,8.0,4.0,10-20,0.0747955242792766
09-06,0.6978931427001971,0.2678089141845703,0.8185873031616211,0.38124656677246094,0.9262180328369123,0.16431808471679688,0.627253532409668,-1.9832687377929688,1.1397390365600604,-0.6014671325683594,-1.7212791442871094,0.0,8.0,4.0,10-21,0.05975413322448745
09-07,1.0597639083862305,0.3347625732421875,0.48560428619384766,0.15825271606445135,1.090551376342777,0.32863330841064453,0.5702295303344727,-1.870682716369629,1.1581211090087908,-0.3101329803466797,-1.788590431213379,-0.09000015258788974,8.0,4.0,10-22,0.09387604395548539
09-08,0.8335943222045898,0.10042953491210938,0.6312837600708008,0.2661542892456037,1.1727142333984375,0.6494417190551758,-1.9306459426879883,-1.0825719833374023,1.2408442497253427,-0.15036678314208807,-1.750126838684082,-0.0799999237060538,7.0,5.0,10-23,-0.008270780245462905
09-09,0.9757585525512686,-0.0066928863525390625,0.783900260925293,0.2086057662963885,1.307165145874027,0.359927177429201,-1.8817672729492188,-0.8573951721191424,1.259228229522705,-0.13157081604004084,-1.7693586349487305,-0.25999975204467596,6.0,6.0,10-24,-0.0010166168212886924
09-10,0.7818994522094744,0.1272115707397461,1.0613908767700195,0.050354957580566406,0.9112787246704155,-0.1251964569091779,-1.971376419067381,-0.7967729568481445,1.259228229522705,0.09398078918457209,-1.8751354217529297,0.07999992370605469,8.0,4.0,10-25,-0.03359472751617328
09-11,1.0080676078796396,-0.08034133911132812,1.3180675506591797,0.32370090484618963,0.9934463500976598,0.0,-2.5497560501098633,-0.9353427886962891,1.3327593803405762,0.046990394592285156,-1.8751354217529297,0.1399998664855966,7.0,5.0,10-26,-0.02312862873077363
09-12,0.9111347198486328,-0.40171146392822266,1.2278842926025408,0.40283012390136363,1.2025918960571325,-0.35210609436035156,-3.1281328201293945,-1.169175148010253,1.3603348731994638,0.1033773422241211,-1.846287727355957,0.09999990463256836,7.0,5.0,10-27,-0.13243834177652966
09-13,0.8465185165405273,-0.1205129623413086,1.179323196411131,0.0647392272949201,1.1503057479858398,-0.8528814315795898,-2.9896488189697283,-1.0219464302062997,1.40629243850708,0.24434757232666016,-2.154001235961914,0.28999996185302734,7.0,5.0,10-28,-0.16312201817830455
09-14,0.9111347198486328,-0.14729690551757812,1.0267038345336914,0.05035781860351385,1.299695014953615,-0.8685321807861328,-3.4295406341552734,-1.0479273796081552,1.3603348731994638,0.554478645324707,-2.077073097229004,0.1900000572204581,7.0,5.0,10-29,-0.18147210280100512
09-15,0.8465166091918945,-0.3682384490966797,0.5896615982055646,0.13667488098144354,1.2548761367797905,-0.8607072830200195,-3.4213972091674787,-1.0652480125427255,1.5901188850402814,0.4417018890380824,-1.971297264099121,-0.039999961853026456,6.0,6.0,10-30,-0.2389448483784995
09-16,0.7237415313720703,-0.4552774429321289,0.8463382720947248,0.2301883697509748,1.217532157897951,-1.0563144683837873,-3.4784202575683594,-1.0132865905761719,1.5349717140197763,0.45110034942626775,-1.9809131622314453,-0.059999942779541016,6.0,6.0,10-31,-0.2533616224924724
09-17,0.7948217391967773,-0.3280677795410174,0.6382179260253906,0.3380870819091797,0.5079307556152344,-0.9624242782592756,-3.372518539428711,-0.9699840545654297,1.5717368125915536,0.5826702117919922,-1.9232158660888672,0.019999980926513672,7.0,5.0,11-01,-0.25856216748555494
09-18,0.9692935943603516,-0.38162994384765625,0.2982950210571307,0.6402053833007812,0.11951255798339844,-1.1032657623290998,-3.291055679321289,-0.9873046875,1.479821681976321,0.37591743469238104,-1.7982072830200195,0.10000038146972479,7.0,5.0,11-02,-0.2982014417648313
09-19,0.7754373550415039,-0.3883228302001953,-0.14568138122558416,0.6402053833007812,0.2987842559814453,-1.1658687591552717,-3.4295406341552734,-1.0739097595214853,1.452247142791749,0.26314258575439453,-1.8751354217529297,0.4699997901916495,6.0,6.0,11-03,-0.34822018941243466
09-20,0.8594436645507812,-0.2410297393798828,0.12487125396728516,0.5754632949829102,0.16432857513427734,-0.9546012878417969,-3.4051027297973633,-0.8920392990112305,1.3879075050354004,-0.04698944091796875,-1.6731977462768555,0.570000171661377,6.0,6.0,11-04,-0.29424548149108887
09-21,0.8723688125610352,-0.08034229278564275,0.4231710433959961,0.25896263122558416,0.1120452880859375,-1.1110906600952148,-3.364373207092285,-0.9093599319458008,1.4890127182006836,0.018795013427734375,-1.67319869995117,0.7799997329711914,7.0,5.0,11-05,-0.2653341293334959
09-22,0.6785068511962873,0.11382007598877131,0.7353458404541033,0.08631610870361328,0.19420909881591797,-1.032846450805664,-2.981503486633299,-0.8747186660766602,1.2132687568664569,0.06578445434570135,-1.5674219131469709,0.40000009536743253,8.0,4.0,11-06,-0.24743660291035918
09-23,0.7366638183593732,0.1740770339965838,0.6937189102172852,0.0359649658203125,0.14192581176757812,-0.7668085098266602,-3.022233963012697,-0.7015070915222159,1.1029734611511222,0.19735622406005682,-1.4904928207397425,0.3900003433227539,8.0,4.0,11-07,-0.2090301513671875
09-24,0.9886794090270996,0.11382007598876953,0.49253749847412287,0.2877321243286133,0.44070243835449396,-1.0328474044799822,-2.9326238632202166,-0.4070453643798819,1.2132716178894034,0.05638790130615057,-1.5866527557373047,-0.019999980926511896,7.0,5.0,11-08,-0.19883652528127035
09-25,1.1179189682006818,0.1138181686401385,0.5341644287109375,0.028774261474609375,0.5303373336791992,-0.9154739379882812,-3.3969573974609375,-0.346421241760253,1.1948876380920401,0.545079231262207,-1.5385732650756836,0.06999969482421875,8.0,4.0,11-09,-0.1718705097834269
09-26,1.150231361389161,0.09373283386230469,0.5688486099243182,0.09351444244384766,0.6125030517578125,-0.9624252319335938,-3.6169023513793945,-0.19919300079345703,1.2132701873779297,0.44170284271240234,-0.03846454620361328,-0.04999971389770508,7.0,5.0,11-10,-0.0577651262283323
09-27,1.3440895080566415,-0.060257911682128906,-0.1873025894165039,0.02158164978027166,0.2539644241333008,-0.7981090545654279,-3.5843210220336914,-0.44168949127197266,0.909954071044921,0.17856025695800604,0.10577774047851562,0.4600000381469709,7.0,5.0,11-11,-0.14981269836425812
09-28,1.2213134765625009,-0.053562164306640625,0.11793136596679865,0.05754566192626953,0.4481706619262713,-0.8137578964233398,-3.6169023513793945,-0.5109739303588849,0.9375276565551749,0.4041099548339826,-0.03846454620361328,0.760000228881835,7.0,5.0,11-12,-0.09058849016825336
09-29,1.0662221908569336,0.006691932678222656,-0.04162025451660156,-0.09351062774658203,0.41082286834716975,-0.7433338165283203,-3.470273017883301,-0.32044219970703125,0.8915696144104013,0.3947134017944318,-0.13462543487548828,0.75,6.0,6.0,11-13,-0.1069821119308471
09-30,1.0662221908569336,0.05356121063232422,0.3399209976196289,-0.12947940826416016,0.34359359741211115,-1.0015478134155291,-3.885729789733885,-0.3464231491088885,0.9283361434936515,0.24434661865234375,-0.16347408294677734,0.7599997520446786,7.0,5.0,11-14,-0.1492228110631307
10-01,1.1502313613891602,-0.0870370864868164,0.7422780990600586,-0.2589569091796875,0.5452737808227539,-0.946775436401369,-4.195284843444824,-0.46767044067382635,0.9191455841064444,0.19735717773437322,-0.29809761047363104,0.7699999809265146,6.0,6.0,11-15,-0.16079469521840414
10-02,1.2471599578857422,-0.04686737060546875,0.25667762756347834,-0.553886413574217,0.7842988967895508,-0.5633659362792987,-5.13209342956543,-0.4157066345214844,0.9283361434936515,0.8458147048950195,0.02884864807129084,0.4700002670288077,7.0,5.0,11-16,-0.17923196156819646
10-03,1.227774143218995,-0.07364845275878906,0.457855224609375,-0.4100179672241193,0.8814029693603498,-0.297335624694826,-5.213555335998535,-0.33776092529296875,1.0202507972717285,0.8646106719970703,0.08654499053955256,0.6100001335144034,7.0,5.0,11-17,-0.0986566146214803
10-04,1.3570132255554208,-0.3883237838745117,-0.18730449676513494,-0.8775873184204102,1.0681447982788086,-0.35210323333740234,-5.221702575683594,-0.6235628128051758,0.9375276565551749,0.9303951263427717,-0.0480804443359375,0.880000114440918,5.0,7.0,11-18,-0.21046531200408936
10-05,1.4022459983825692,-0.5021429061889648,-0.3260478973388654,-0.9207439422607422,1.1652488708496094,-0.140838623046875,-5.148384094238281,-0.614901542663576,0.9742932319641113,0.986783981323244,-0.019231796264648438,0.9600000381469744,5.0,7.0,11-19,-0.18197655677795374
10-06,1.27301025390625,-0.689610481262207,-0.35379695892333984,-0.9782915115356445,1.0457344055175781,-0.01564788818359375,-4.84697914123535,-0.5282964706420898,0.9099540710449228,1.1841402053833008,-0.08654308319091975,0.9199995994567889,5.0,7.0,11-20,-0.18052724997202532
10-07,1.2342357635498047,-0.5088367462158203,-0.5064182281494158,-0.7409124374389648,1.0980167388915998,0.258209228515625,-4.952876091003418,-0.5023126602172834,0.9191436767578116,1.278120040893553,-0.10577583312988281,0.9899997711181658,6.0,6.0,11-21,-0.12828389803568543
10-08,1.0726871490478533,-0.5891819000244158,-0.6035327911376935,-0.7409124374389648,1.2997026443481463,-0.06259536743163885,-5.237993240356445,-0.5282955169677752,0.9007616043090829,1.278120040893553,-0.3269472122192383,1.059999942779542,5.0,7.0,11-22,-0.20651559034983288
10-09,0.9434471130371094,-0.602569580078125,-0.7769613265991211,-0.6473989486694318,1.1801910400390607,0.43035221099853516,-5.180972099304199,-0.20785427093506215,0.9007616043090829,1.1653451919555629,-0.2788658142089844,0.7300000190734881,6.0,6.0,11-23,-0.19537707169850704
10-10,0.8077487945556641,-0.5490093231201172,-0.7769613265991211,-0.5323066711425763,0.6050319671630859,0.5633707046508789,-5.001755714416504,-0.20785427093506215,1.0202498435974103,1.5412626266479474,-0.3077163696289045,0.6799998283386248,6.0,6.0,11-24,-0.17982832590738948
10-11,0.8142099380493164,-0.5490093231201172,-0.7492170333862322,-0.6473989486694318,0.8515281677246112,0.6807374954223633,-5.148386001586914,-0.2078533172607404,1.0478234291076651,1.5976505279540998,-0.4423398971557617,0.6799998283386248,6.0,6.0,11-25,-0.1726879278818764
10-12,0.8142099380493164,-0.7163896560668963,-0.9712047576904297,-0.6545886993408203,0.6050357818603516,0.7589817047119141,-5.148386001586914,-0.1818704605102539,0.9651002883911115,1.7950057983398438,-0.2404022216796875,0.6799998283386248,6.0,6.0,11-26,-0.1912090380986533
10-13,0.8723640441894531,-0.7967329025268572,-0.9712047576904297,-0.5754632949829102,0.5378112792968714,0.7589817047119141,-4.855123519897459,-0.25981616973876953,0.8823785781860352,1.6164464950561523,-0.17308998107910156,0.7699999809265163,6.0,6.0,11-27,-0.18278737862904873
10-14,0.76251220703125,-0.6628293991088885,-1.3943729400634766,-0.6186237335205096,0.5378112792968714,1.0171976089477521,-4.928439140319824,-0.42436885833740234,1.0845909118652335,1.7950077056884783,-0.17308998107910156,0.799999713897706,6.0,6.0,11-28,-0.18371705214182596
10-15,0.49110984802245916,-0.6159610748291016,-1.0891380310058594,-0.8560037612915057,0.500462532043457,1.1580410003662092,-5.221702575683592,0.42436885833740057,0.9283361434936515,1.7198238372802734,-0.3173294067382795,1.1699995994567889,7.0,5.0,11-29,-0.14233275254567487
10-16,0.46526241302490057,-0.5423164367675781,-0.7422780990600604,-0.7624921798706055,0.5527477264404297,0.9545993804931623,-4.814394950866697,0.26847648620605646,1.0478258132934561,1.5600576400756836,-0.29809761047363104,1.1199998855590838,7.0,5.0,11-30,-0.09921749432881666
10-17,0.18739700317382635,-0.7230863571166992,-0.457855224609375,-0.5035333633422852,0.2390270233154297,0.8294076919555664,-4.920293807983398,0.3550834655761719,0.6525936126708967,1.3720989227294922,-0.3269462585449201,1.2199997901916522,7.0,5.0,12-01,-0.17300895849863687
10-18,0.1680088043212873,-0.8436012268066406,-0.2774848937988281,-0.38124752044677557,0.23155593872069602,0.7042160034179688,-4.9936065673828125,0.6062397956848136,0.40442466735839666,1.1089582443237305,-0.2788658142089826,1.2199997901916522,7.0,5.0,12-02,-0.19428356488545787
10-19,0.4200267791748029,-0.2410287857055664,-0.131805419921875,-0.44598960876464844,0.283843994140625,0.751162528991701,-4.952875137329102,0.46767234802246094,0.395233154296875,0.8834075927734357,-0.3365621566772443,1.2199997901916522,7.0,5.0,12-03,-0.1405762434005736
10-20,0.09046745300292969,-0.3079824447631836,0.01387786865234375,-0.33808326721191584,0.1195144653320348,0.6729173660278338,-5.06692314147949,0.41570568084716975,0.3676576614379865,0.8740091323852557,-0.4231071472167969,1.309999942779542,8.0,4.0,12-04,-0.18932886918385758
10-21,0.3166370391845703,-0.3012876510620117,-0.6104755401611328,-0.1582508087158221,0.03734779357910156,0.2895078659057617,-2.5660476684570295,0.251156806945799,0.45957279205322266,0.8740091323852557,-0.46157169342041016,1.299999713897706,7.0,5.0,12-05,-0.04745018482208244
10-22,0.1938610076904297,-0.06695270538330078,-0.8879594802856445,-0.0863227844238299,-0.5153970718383825,0.41470432281493963,-1.9306440353393537,0.536956787109375,0.40442371368408203,0.9209985733032244,-0.46157169342041104,1.309999942779542,6.0,6.0,12-06,-0.013991951942444144
10-23,0.13570404052734375,0.5423126220703143,-0.8116521835327148,0.09351253509521484,-0.37347698211670277,0.3755769729614258,-1.376704216003418,0.536956787109375,0.38604068756103516,0.46989631652831854,-0.47118759155273526,1.4299998283386248,8.0,4.0,12-07,0.07808156808217344
10-24,0.12923812866210938,0.34145450592041016,-0.8047161102294922,-0.028773307800291192,-0.5527448654174805,0.5711946487426758,-1.6373815536499006,0.6149015426635742,0.3676586151123047,0.742436408996582,-0.4038753509521493,1.2399997711181658,7.0,5.0,12-08,0.048282702763875696
10-25,0.20032024383544922,0.5490093231201172,-0.5827255249023455,-0.12228679656982244,-0.7394800186157227,0.5633697509765625,-1.8247432708740234,0.7448062896728507,0.28493404388427734,0.5638771057128906,-0.2980990409851074,1.2399997711181658,7.0,5.0,12-09,0.04824848969777432
10-26,0.23909091949463068,0.40171241760253906,-0.4578542709350568,-0.34528064727783203,-0.5900907516479528,0.46165084838867365,-1.987668037414549,0.7188248634338388,0.14706420898437678,0.40411186218261896,-0.30771350860595703,1.2399997711181658,7.0,5.0,12-10,-0.006346027056375325
10-27,0.05169677734375,0.5222282409667969,-0.8671503067016602,-0.8703899383544922,-0.6573143005371129,0.28951072692871094,-1.7432823181152344,0.7707891464233398,0.45957088470458984,0.11277484893798828,-0.3365621566772443,1.339999675750735,7.0,5.0,12-11,-0.07734405994415276
10-28,0.16800975799560547,0.4485807418823242,-0.8740863800048828,-0.6977500915527326,-0.6050281524658239,0.11736869812011719,-1.9224958419799805,0.48499298095703125,0.4503803253173846,0.0845823287963885,-0.40387487411499023,1.6399998664855975,7.0,5.0,12-12,-0.09244338671366344
10-29,-0.025849342346191406,0.38162994384765625,-0.3191089630126971,-0.6186227798461932,-0.6573171615600586,0.015648841857910156,-1.8247423171997088,0.7534704208374023,0.4687633514404297,0.0845823287963885,-0.21155452728271484,1.649999618530276,6.0,6.0,12-13,-0.02525838216145841
10-30,0.3166389465332031,0.4351911544799787,-0.5619096755981463,-0.6473960876464826,0.0074710845947265625,-0.07041835784912287,-1.857330322265625,0.6928443908691388,0.4963359832763672,0.1221733093261701,-0.3461799621582031,1.5199999809265163,7.0,5.0,12-14,0.008951703707376746
10-31,0.3166379928588867,0.44858074188232244,-0.49253654479980824,-0.6473960876464826,0.029882431030273438,-0.3286314010620117,-2.09356689453125,0.788111686706543,0.6617841720581037,0.2819375991821289,-0.30771636962890625,1.4199995994567889,7.0,5.0,12-15,0.006423910458882354
11-01,0.3683309555053711,0.2678098678588885,-0.20117664337158558,-0.7049465179443342,0.07469367980957031,-0.6024904251098651,-2.1343002319335955,0.8660554885864267,0.6893587112426758,0.1973562240600586,-0.3269481658935547,1.4199995994567889,7.0,5.0,12-16,-0.007188121477762932
11-02,0.3166379928588867,0.02008819580078125,-0.5619106292724627,-0.5754632949829102,0.1269826889038086,-0.813755989074707,-2.1587400436401367,0.8140935897827148,0.845613479614256,0.08458137512207031,-0.17308998107910156,1.4199995994567889,7.0,5.0,12-17,-0.0545802513758343
11-03,0.3812541961669922,-0.06695175170898615,-0.7422752380371094,-0.4747591018676758,0.0971059799194336,-0.45382595062256037,-1.7595748901367188,0.9440007209777823,0.7904634475708008,-0.03759193420410156,-0.23078632354736328,1.2100000381469744,5.0,7.0,12-18,-0.028578400611877663
11-04,0.3554086685180664,-0.16068649291992188,-0.7075901031494158,-0.5035324096679705,0.24649333953857422,-0.3677530288696289,-1.7514286041259766,0.9613227844238272,0.4411888122558594,-0.06578540802001953,-0.46157264709472656,1.359999656677247,5.0,7.0,12-19,-0.054494619369507134
11-05,0.18093585968017756,0.13390445709228338,-0.6590337753295898,-0.10790157318115234,0.32865810394287287,-0.5007724761962891,-1.3278284072875977,0.9873037338256827,0.4411888122558594,-0.14096832275390625,-0.43272304534912465,1.0199999809265163,6.0,6.0,12-20,-0.006436387697855632
11-06,-0.05815601348876953,0.046866416931152344,-0.7006568908691406,-0.5466957092285138,0.14939212799072443,-0.5164213180541992,-1.0427122116088867,0.9699831008911124,0.40442371368408203,0.06578445434570312,-0.42310619354248225,1.049999713897706,6.0,6.0,12-21,-0.05010823408762599
11-07,-0.27140235900878906,0.046866416931152344,-0.18730735778808416,-0.32370281219482244,0.3884162902832049,-0.046946525573732245,-1.1078786849975604,0.9873037338256827,0.4963388442993164,-0.23494815826416016,-0.4519548416137713,0.53999996185303,5.0,7.0,12-22,-0.013767957687377782
11-08,-0.15508556365966975,0.04017066955566406,-0.09711837768554865,-0.15825653076171697,0.2689037322998047,-0.21126079559326172,-1.0834388732910156,0.7967720031738299,0.5147209167480469,-0.22555065155029297,-0.9616079330444336,0.53999996185303,5.0,7.0,12-23,-0.06097928682963031
11-09,-0.21324539184570312,0.19416141510009766,0.4994783401489258,0.0503501892089826,0.36600399017333984,-0.219085693359375,-1.1323165893554688,0.736147880554201,0.5055294036865234,-0.17856121063232422,-0.7885184288024911,0.53999996185303,7.0,5.0,12-24,0.029995322227478177
11-10,-0.0904693603515625,0.15399169921875,0.4023590087890625,0.08631896972656072,0.36600399017333984,-0.219085693359375,-1.0997352600097656,0.6582012176513707,0.4963388442993164,-0.02819442749023615,-0.7885184288024911,0.23999977111816584,7.0,5.0,12-25,0.014767527580261305
11-11,0.0,0.2410287857055664,0.18730735778808594,-0.07912635803222656,0.5527458190917969,-0.32080745697021484,-1.107879638671875,0.7188272476196289,0.5606765747070312,-0.2725410461425799,-0.45195484161376953,0.32999992370605646,6.0,6.0,12-26,0.029856363932291668
11-12,0.038768768310546875,0.37493324279785156,0.7561502456665021,-0.07912635803222656,0.8141832351684606,-0.1956119537353498,-0.5295009613037109,0.5629358291625959,0.5422935485839844,-0.13156986236572443,-0.3750276565551758,0.3999996185302761,7.0,5.0,12-27,0.18153564135233582
11-13,-0.01938629150390625,0.44188594818115234,0.9226446151733398,0.03596210479736328,0.6797304153442418,-0.31298255920410156,-0.2932596206665039,0.528294563293457,0.5698680877685547,0.03759193420410156,-0.31733226776123225,0.349999904632571,8.0,4.0,12-28,0.21858473618825314
11-14,-0.1809349060058576,0.4552745819091797,0.9295825958251935,0.1870231628417951,0.463109970092777,-0.39905548095703125,-0.30955314636230646,0.5542764663696307,0.5790596008300781,-0.16916275024414062,-0.3365640640258789,0.07999992370605646,7.0,5.0,12-29,0.15442132949829132
11-15,-0.10985183715820135,0.44188594818115234,0.5480365753173828,0.33808231353759766,0.343597412109375,-0.5242500305175781,-0.34213829040527344,0.35508251190185725,0.5974416732788086,-0.1785602569580078,-0.18270492553710938,0.07999992370605646,7.0,5.0,12-30,0.113885084788005
11-16,-0.07108306884765625,0.756561279296875,0.8116502761840803,0.43160057067871094,0.6498470306396449,-0.6259698867797852,-0.5783767700195312,0.38106632232666193,0.5606756210327148,-0.2913360595703125,-0.14424228668212713,0.07999992370605646,7.0,5.0,12-31,0.16336607933044434
11-17,-0.11631584167480469,0.6494379043579102,1.0197677612304705,0.19422149658203125,0.6498470306396449,-0.6259698867797852,-0.6516952514648438,0.37240505218506037,0.5147199630737322,-0.38531589508056463,-0.14424228668212713,0.0,6.0,6.0,01-01,0.123071670532227
11-18,-0.045235633850097656,0.6025733947753924,0.8740835189819318,0.12948131561279297,0.6423835754394531,-0.9467763900756836,-1.091588020324707,0.4070472717285174,0.5698690414428711,-0.1315708160400373,-0.173089981079098,0.0,6.0,6.0,01-02,0.0697647730509446
11-19,0.14216136932373047,0.5021400451660156,1.193193435668947,0.31650733947753906,0.7469577789306658,-0.8685302734375,-1.1160249710083008,0.17321300506591975,0.5974426269531232,-0.08458137512206854,-0.18270492553710938,0.0,7.0,5.0,01-03,0.11831450462341353
11-20,0.2132425308227539,0.5624008178710938,1.1723852157592791,0.39563179016112926,0.6274375915527344,-0.7589864730834961,-1.246363639831543,0.1818723678588885,0.6801671981811523,-0.037591934204099786,0.1827068328857422,0.0,8.0,3.0,01-04,0.16440852483113622
11-21,0.21324443817138672,0.6092662811279297,1.4429340362548828,0.45317745208740057,0.47805023193359375,-0.5398950576782244,-1.1811933517456055,0.1818723678588885,0.5974435806274432,-0.2631416320800781,0.1923227310180664,0.0,8.0,3.0,01-05,0.1820067564646403
11-22,0.23262691497802734,0.5557060241699219,1.4637470245361346,0.34527778625487926,0.20914459228515625,-0.8998241424560547,-1.2708034515380842,0.2424964904785174,0.505528450012207,-0.21615314483642578,0.12500762939453125,0.0,8.0,3.0,01-06,0.10772951443990086
11-23,0.15508747100830078,0.63604831695557,1.782857894897461,0.27334690093993963,0.007471084594733668,-1.1345653533935547,-1.2952413558959943,0.27713966369629084,0.45957088470458984,-0.1879596710205078,-0.07692813873291193,0.0,7.0,4.0,01-07,0.07473564147949308
11-24,0.025849342346191406,0.49544811248779475,1.8106069564819336,0.3884382247924787,-0.02988624572753551,-1.3692998886108398,-1.4337263107299822,0.14722919464111683,0.4779539108276367,-0.0751838684082049,-0.06731224060058594,0.0,6.0,5.0,01-08,0.03084309895833363
11-25,0.0,0.5624027252197283,1.4984331130981445,0.30211448669433594,-0.09710502624511363,-1.5727424621582013,-1.7188434600830078,0.285797119140625,0.6617822647094727,0.06578445434569957,-0.0384635925292951,0.0,6.0,5.0,01-09,-0.0042366981506343215
11-26,0.16801071166992188,0.5021438598632812,1.2625684738159197,0.19421863555908203,-0.21661758422851562,-1.4944982528686523,-1.6373796463012695,0.38106536865234375,0.5974426269531268,0.4886922836303693,-0.07692861557007102,0.0,7.0,4.0,01-10,0.014059821764628019
11-27,0.12923908233642578,0.6226558685302734,1.325003623962406,0.273345947265625,-0.42576408386230113,-1.5336217880249023,-1.88991069793701,0.3117818832397461,0.6617822647094727,0.7706308364868164,-0.07692861557007102,0.0,7.0,4.0,01-11,0.014017860094706736
11-28,0.1163167953491211,0.5222291946411133,1.3804998397827184,0.09351253509521484,-0.5602149963378906,-1.2988834381103533,-1.9062080383300781,0.30312156677246094,0.41361331939697266,0.6202640533447266,-0.05769586563110618,0.0,7.0,4.0,01-12,-0.031120419502258374
11-29,0.27786731719970703,0.5557069778442383,0.9781455993652344,0.1582546234130877,-0.40335655212402344,-1.1658668518066424,-1.9550838470458984,0.2424945831298846,0.31250762939453125,0.7330389022827148,-0.2019381523132351,0.0,7.0,4.0,01-13,-0.03901914755503344
11-30,0.3166360855102539,0.7632589340209961,0.5480365753173828,0.19421768188476562,-0.05975723266601918,-1.2206392288208026,-1.8980598449707031,0.077944755554201,0.26655101776123225,0.7330389022827148,-0.11539316177368253,0.0,7.0,4.0,01-14,-0.03284712632497174
12-01,0.21324539184570312,0.3883247375488281,0.867152214050293,0.10070610046386719,-0.276372909545902,-1.0484972000122088,-2.052837371826172,0.1558904647827184,0.1746358871459961,0.7894277572631836,-0.16347265243530362,0.0,7.0,4.0,01-15,-0.07098313172658306
12-02,0.18093395233154297,0.22094345092773438,0.8879594802856445,-0.10790157318115234,-0.1568584442138743,-0.8528814315795916,-1.8817653656005877,0.008660316467286933,0.23897647857666193,0.4229087829589844,-0.394258975982666,0.0,6.0,5.0,01-16,-0.1194402774175014
12-03,0.2778644561767578,-0.06695175170898615,0.721468925476076,0.2589569091796875,-0.23155403137206676,-0.7902803421020508,-1.7432823181152344,-0.008659362792966974,0.3308906555175781,0.2819385528564453,-0.18270540237426758,0.0,5.0,6.0,01-17,-0.09602614243825232
12-04,0.34894657135009766,0.4284954071044922,0.6035356521606445,0.05754852294921875,0.18673992156982777,-0.7668094635009766,-1.621088981628418,-0.01731967926025213,0.25735855102538885,-0.3665199279785156,-0.16347360610961825,0.0,6.0,5.0,01-18,-0.08771558602650924
12-05,0.3295602798461914,0.38162899017333984,0.9712057113647461,0.035964012145996094,0.3211870193481481,-0.7433338165283203,-1.0019817352294922,0.03464221954345703,-0.05515003204345881,-0.15036773681640625,-0.2404022216796875,0.0,6.0,5.0,01-19,-0.009753942489623876
12-06,0.33602237701416016,0.46866703033447266,1.012831687927246,0.15105915069580078,0.21661663055420277,-0.5711927413940447,-1.311534881591795,-2.520223617553711,-0.11029911041259943,-0.15036773681640625,-0.3365635871887207,0.0,5.0,6.0,01-20,-0.23458206653594957
12-07,0.3941812515258789,0.7766475677490234,0.8810243606567383,0.41721153259277344,0.11204051971435547,-0.31298255920410334,-1.6373839378356916,-2.4162960052490234,-0.3492755889892596,0.13157081604003906,-0.9616079330444363,0.0,6.0,5.0,01-21,-0.24707249800364214
12-08,0.2714042663574201,0.6427459716796875,1.1307649612426758,0.424405097961424,-0.02988147735595703,-0.21126461029052734,-1.6373820304870605,-2.3210315704345703,-0.4228067398071307,0.2255496978759748,-0.6923580169677761,0.0,5.0,6.0,01-22,-0.21832120418548664
12-09,0.3941822052001953,0.6293544769287109,0.6520957946777344,0.41721057891845525,0.3958835601806676,0.6885643005371094,-1.44187593460083,-2.4855823516845694,-0.3492746353149414,0.36651802062988104,-0.8750634193420428,0.0,7.0,4.0,01-23,-0.13399895032246914
12-10,0.3037118911743164,0.4820547103881836,1.068326950073244,-0.19422054290771484,0.2987823486328125,0.8528814315795898,-1.3278279304504395,-2.424956321716306,-0.22978591918945312,0.3101310729980451,-0.7212057113647452,0.0,6.0,5.0,01-24,-0.1318423350652056
12-11,0.16154766082763672,0.5155363082885778,1.103011131286621,-0.4387950897216797,0.3884153366088867,1.0406723022460938,0.13848304748535156,-2.2863869667053205,-0.21140289306640625,0.5074882507324201,-0.9039101600646964,0.0,7.0,4.0,01-25,0.0012215773264570757
12-12,-0.1615467071533203,0.5490112304687536,0.5965976715087891,-0.41002178192139027,0.5602188110351562,1.6744585037231463,0.1058998107910174,-2.078533649444579,-0.13786983489990234,0.33832740783691406,-0.9039101600646964,0.0,6.0,5.0,01-26,0.011052608489990678
12-13,0.019387245178222656,0.4753599166870135,0.5549736022949254,-0.3237009048461932,-0.8216476440429688,2.0891637802124023,-0.07331466674804332,-2.121837615966797,-0.21140289306640625,0.3007354736328125,-1.105849266052246,0.0,5.0,6.0,01-27,-0.10151108105977318
12-14,-0.07107925415038885,0.8302097320556623,0.7075901031494176,-0.2373762130737287,-1.247412681579588,2.2534799575805664,0.26882362365722656,-2.1131763458251953,-0.101104736328125,0.13157176971435547,-1.0962328910827637,0.0,5.0,6.0,01-28,-0.05622557799021344
12-15,-0.006463050842285156,0.930638313293457,0.6243467330932635,-0.172635078430174,-1.6582384109497088,2.042215347290039,0.12219524383544922,-2.0871963500976562,0.04595756530761719,0.15976524353027344,-1.1539297103881836,0.0,6.0,5.0,01-29,-0.09611201286315903
12-16,-0.08400440216064453,0.6829156875610352,0.5480384826660156,-0.3884372711181623,-1.620886802673338,1.7135839462280291,-0.3176994323730469,-2.0871963500976562,0.16544532775879084,0.11277580261230646,-1.0577688217163086,0.0,5.0,6.0,01-30,-0.19443615277608162
12-17,0.12923812866210938,0.7230863571166992,0.5827255249023455,-0.3236989974975568,-2.113875389099121,1.5492668151855469,-0.20365333557128906,-2.234426498413086,0.06433868408203125,0.24434566497802557,-1.0000715255737305,0.0,6.0,5.0,01-31,-0.21522704760233546
12-18,0.10985565185546875,0.5222272872924805,0.4231691360473633,-0.5466928482055646,-2.14375686645508,1.0876178741455078,0.048876762390138495,-2.173801898956299,0.06433868408203125,0.4604978561401385,-1.1058502197265607,0.0,7.0,4.0,02-01,-0.271126548449198
12-19,0.01292324066162287,0.5423145294189453,0.6243457794189453,-0.3596658706665039,-2.2259206771850586,1.5883893966674805,0.1140451431274414,-2.11317777633667,0.1746368408203125,0.39471340179443537,-0.5673484802246094,0.0,7.0,4.0,02-02,-0.15122870604197156
12-20,0.01292324066162287,0.8034286499023438,0.23586559295653942,-0.5323066711425746,-2.181097984313965,1.3536491394042987,0.1792144775390625,-1.888002872467042,0.1011056900024414,0.3665199279785174,-0.6442770957946768,0.0,7.0,4.0,02-03,-0.18274815877278602
12-21,0.10339164733886896,0.7900400161743182,0.11099243164062322,-0.3093118667602539,-2.4948225021362305,1.5570926666259766,-0.09775447845458984,-1.844699382781985,0.045958518981933594,0.3759183883666992,-0.9712247848510742,0.0,6.0,5.0,02-04,-0.22786827882130947
12-22,0.03877353668213068,0.7699537277221697,0.027750015258787286,-0.2373790740966797,-2.7189083099365217,1.674459457397461,0.08146190643310547,-1.740771770477294,0.14706325531006037,0.3665189743041992,-1.067385196685792,0.0,7.0,4.0,02-05,-0.22153862317403114
12-23,-0.03230953216552557,0.7297821044921893,0.048562049865719104,-0.4603710174560547,-2.77866268157959,1.8074760437011719,-0.17921829223632812,-1.7147912979125977,-0.08272171020507812,0.4792938232421875,-0.9808406829833984,0.0,4.0,7.0,02-06,-0.2636500994364421
12-24,0.0,0.7163934707641619,0.18036651611328125,-0.4603710174560547,-3.062507629394535,1.815302848815918,-0.15477752685546697,-1.7754149436950701,-0.3033161163330078,0.545079231262207,-0.8654460906982413,0.0,4.0,7.0,02-07,-0.2803909381230673
12-26,-0.4846496582031268,0.7431735992431641,0.0971221923828125,-0.2949228286743164,-3.1073246002197266,1.7527084350585973,-0.08145999908447266,-1.4982781410217303,-0.2573585510253906,0.21615219116210938,-0.903911590576171,0.0,4.0,7.0,02-09,-0.31822907924652094
12-27,-0.5428066253662127,0.7699556350708008,-0.02081012725830078,-0.28054141998291016,-3.2343006134033168,1.9091997146606445,-0.1792163848876971,-1.5935430526733407,-0.2757406234741211,0.34772396087646484,-0.9039111137390137,0.0,3.0,8.0,02-10,-0.33366588751475024
12-28,-0.3683319091796893,0.9172449111938494,0.15955829620361328,-0.2229967117309588,-3.025160789489746,1.799656867980957,-0.374725341796875,-1.472294807434083,-0.31250762939453125,0.05638694763183594,-0.9616084098815936,0.0,4.0,7.0,02-11,-0.31706488132476845
12-29,-0.5040311813354492,0.9172449111938494,0.013876914978025567,-0.374053955078125,-2.7861366271972656,2.0656919479370117,-0.1955089569091797,-1.5589017868041983,-0.431996345520016,0.07518386840820312,-0.9616084098815936,0.0,4.0,7.0,02-12,-0.3116866350173948
12-30,-0.5298795700073242,1.0578460693359393,0.15955352783202947,-0.3596649169921875,-2.569520950317381,2.128289222717285,-0.10590076446533203,-1.550240993499755,-0.7445068359375,0.1879587173461914,-1.0000724792480487,0.0,4.0,7.0,02-13,-0.2771782477696736
12-31,-0.5363426208496094,0.8904666900634748,-0.29829883575439275,-0.374053955078125,-2.5993947982788086,1.9404954910278338,-0.024440765380859375,-1.5935440063476562,-0.6893577575683612,0.1879587173461914,-0.8173675537109366,0.0,3.0,8.0,02-14,-0.32615661621093744
