,2009,2010,2011,2012,2013,2014,2015,2016,2017,2018,2019,2020,ups,downs,avg
01-02,-18.382353284917194,22.193882309130927,28.223625530884426,18.963828613810545,8.764042319138873,1.4505125633161722,6.302916924560953,-22.629582760847427,3.246012028244856,-1.7927572999000434,13.253968458206892,13.499783072381193,9.0,3.0,6.091156539500847
01-03,-19.537274292232404,23.109244438275393,29.557522975322044,16.76706897487767,7.303366813375358,2.3037581195560928,5.92662377853655,-16.446577408245197,1.9053113713660914,-4.051635327516853,19.32539957060437,14.261527937250392,9.0,3.0,6.702028079264125
01-04,-18.320611103814315,29.0147449587142,29.710775065587036,13.45381674152276,6.7415668933983,2.061861836027847,4.761904761904762,-14.657207630341407,1.9630494144263595,-1.1115144498929876,17.301589199805196,20.704669417446965,9.0,3.0,7.635387092065392
01-05,-28.09917214241221,21.589957865151714,29.27256965165896,11.244978727605051,3.617263442023276,-0.26384989686142174,6.191368263221272,-14.269147473786404,3.464205496776248,0.07170509448797338,11.446538778076524,20.515872697501013,9.0,3.0,5.398524208620167
01-06,-45.15305985911897,21.841001659712546,29.447850145583708,11.144574823553496,3.051645714935589,-0.3521123508971034,9.407337622146345,-11.948952977328107,3.926098828852699,2.887229504246787,11.999996503194172,20.071823170359053,9.0,3.0,4.693619398770018
01-07,-37.24489820743294,18.74476825833448,29.360205719505057,8.57437910680914,3.051645714935589,0.0,7.996240567438886,-9.62876954437711,3.774678539192396,2.5230132050564844,11.372216085392218,22.782816300530172,9.0,3.0,5.108857978782031
01-08,-44.642856273984805,18.480818525866006,27.321424268338074,8.479831317007438,4.739882838073131,0.2652580506846946,6.961427687219588,-5.924170910649435,4.219650719246848,-0.03499030408864581,11.954699510185833,24.359480097528152,9.0,3.0,4.681704627118907
01-09,-40.27027000903733,12.01272324476884,27.321424268338074,6.743934721644669,5.202310163125683,1.4146843072517612,5.943397092157161,-6.850969584207153,5.314287458147301,0.1384048744176027,12.37416419487405,24.08356487281923,10.0,2.0,4.452304633691657
01-10,-38.64305792987554,20.488853048590357,25.183821160823232,6.871031880646752,5.433518313083445,0.36036000430957676,4.118767900234701,-3.252040624976809,1.7241335841241066,-0.44983069145745963,13.129199027188198,25.9689885803042,9.0,3.0,5.077812021082896
01-11,-55.629133740034376,21.112695731103575,20.447909326841536,6.659620633197402,3.1952604755483187,1.6014177505944769,3.657363829493318,-3.855139106650063,2.4712661758788137,-2.9757806979351855,9.560068896919919,25.58777652630863,9.0,3.0,2.65277715010553
01-12,-50.64102505320861,24.344825744628917,18.500491601909058,6.659620633197402,7.101946369635863,0.8071677308760067,4.026846251246252,1.1520780870260745,3.9655203976142563,-4.985855067811005,10.317465186307087,28.58217502014588,10.0,2.0,4.152604741797266
01-13,-42.81148967274347,23.9310363243366,17.624151304184394,8.020837782985456,5.035132401598733,0.628928069222531,4.980838361971138,1.2672880931348636,2.2248194523653635,-4.964788261800272,10.09212701888029,24.970366764837486,10.0,2.0,4.249937303247759
01-14,-35.46324652053611,18.75862253123315,21.116283328034175,6.900208208766761,6.459058992950729,1.1524833113331754,5.172413635606693,2.0737361618345704,5.112001134111041,-5.709215104415186,9.979039958273479,25.170064288869217,10.0,2.0,5.060120827171808
01-15,-33.86581163013403,23.066666920979817,21.10598968977018,7.489442180976794,2.1479749727639286,0.9751742844082083,4.406130810688059,3.8461555058724333,4.06503416668522,-7.268796271562524,8.03042954684587,25.290115056857537,10.0,2.0,4.940708769512624
01-16,-34.41558341027754,22.65372196251486,21.323526382549428,6.900208208766761,2.1479749727639286,1.1524833113331754,2.0231217324826143,8.77193202602569,2.9947164317014097,-10.366528001974999,7.2696505682464165,25.250098134194758,10.0,2.0,4.642110193193876
01-17,-32.01320256664291,18.37432015692895,19.99999465229344,6.7021190035442,1.6706484655232514,2.1276575957413524,3.540668825955694,5.775767081408794,3.841675411456595,-11.8104424547414,6.593404378711409,10.963452773612634,10.0,2.0,2.9805052769826674
01-18,-48.6988815953092,20.226968127923264,19.321388344912986,4.999992898169696,3.877789833495865,4.309584661830187,5.084745458305602,5.131137279942672,3.492435220091133,-12.143652939099919,6.3702428815692365,6.600496024242922,10.0,2.0,1.5476871830062038
01-19,-57.48031732574697,16.49196744338585,19.88689655941081,1.4893552694667764,3.12862635206539,3.2028439858360693,6.145250106866563,7.349664599735011,5.355064376900946,-9.16277126859932,5.765921539522537,14.298722771207443,10.0,2.0,1.3726020341709255
01-20,-43.88489356711504,16.1425601109701,18.850141986020986,-0.8537878834913274,1.2987084637973645,4.225348210765038,4.273502570528201,7.2383034706525295,0.47031112657026164,-6.894122629030838,4.616722596732319,11.226419728605892,9.0,3.0,1.3924345154171232
01-21,-47.84173294288714,21.523415702756985,21.527140544836687,-4.575164077686868,0.9478664417471422,3.71681477172288,5.31813371456159,6.347435677956254,-1.9184633631267194,-11.482021769942548,4.241369414552411,11.100615838453608,8.0,4.0,0.7421174960786899
01-22,-47.84173294288714,19.5087700559382,15.194676812626554,-5.263163398397555,2.450408933780948,-1.0619458719785773,4.273502570528201,6.945977239673227,-4.039166715109119,-6.482124788982034,4.115589000778138,10.297592334999253,7.0,5.0,-0.1584680640858256
01-23,-53.25671114071602,20.61281412893769,10.699996948242188,-9.589042587218195,1.4002320867240312,-0.5309687161914761,6.155308204317128,7.472530512860874,-2.347979381803183,-5.060245298828671,5.866900804009241,10.581009745136958,7.0,5.0,-0.66634622454412
01-24,-53.992395988766226,20.833333885228207,15.114069233851449,-4.972373478244055,1.6335985371503454,4.6712797772626065,7.075471443483193,9.656648583691286,-3.0520661689068818,-1.686752810105666,4.772329883125627,1.389622310291691,8.0,4.0,0.12023043400513128
01-25,-65.9836104818967,19.3205978329793,13.314170934070136,-6.850827320355404,-0.3537817012381333,6.459948511442476,6.987722006192129,8.0786002559512,-6.163978115370536,-2.788300841872825,2.9824492130764635,-3.4226950976572255,6.0,6.0,-2.36830873372326
01-26,-53.40909203796671,18.77637149195233,14.750958081901445,-10.276235711614373,-2.2405724565347374,7.49574217714915,6.101042932436764,8.093131472984798,-4.009575780985686,-0.8180628415213576,2.9929507851149078,-23.58554237544864,6.0,6.0,-3.0107403552110092
01-27,-54.77941153912608,19.057665170587306,14.559382808265871,-12.569523283762777,-2.120144994445324,7.258756436385403,6.9391679101297985,8.536590007608249,-8.017132519640205,-0.9705519533886877,2.131436645112724,-15.6249923973669,6.0,6.0,-2.966563142470052
01-28,-58.45587858253497,21.589314984872317,11.800003051757812,-16.00453780084443,-2.0000008975758274,7.388321176853734,6.9391679101297985,7.982264196107591,-6.108735178579438,-1.4799883647240708,2.5641021316854697,-37.99094239879059,6.0,6.0,-5.314742480970217
01-29,-48.16177086099002,21.714682349371056,14.145387926221195,-16.40091774319807,-1.0638315860764693,7.130583326676472,6.55894015240656,10.2062929043421,-5.528565038737996,-2.063601560799662,3.2229560906442822,-39.35046134356003,6.0,6.0,-4.132525448641715
01-30,-33.55704676508394,23.27707705668211,11.627912358779787,-16.40091774319807,0.11820601461870148,1.5463943287513695,6.876793205976963,13.269638958344665,-4.261710674214568,-0.5028482028626207,2.384101621515852,-42.3716065508495,7.0,5.0,-3.1661671992949376
01-31,-36.98629779067633,21.90408275681093,11.178865491993207,-17.00680330953114,0.0,0.35304467892655833,5.620154465672545,11.195649503534764,-7.273829965238689,1.5085510026496236,1.5011044517180845,-61.03541483792474,7.0,5.0,-5.753407796005432
02-01,-41.34275999420382,23.330989470309298,9.205021713547172,-13.83220305262293,-0.9478777412064923,0.26834244925393447,5.52861906207106,12.99254762963191,-7.273829965238689,0.6369444671255788,-1.847678402633841,-60.66607500515679,6.0,6.0,-6.162329947426968
02-02,-32.890365869548596,23.09292583971949,7.217578491333186,-15.079364736106845,3.3997651926304786,1.5887052637940615,5.9845550782376575,13.03879388970162,-8.129583582438942,0.9056019847587616,-4.94779899507059,-104.23341932406093,7.0,5.0,-9.171050563920888
02-03,-27.639754565104884,19.140084703738626,4.916320569028311,-16.21315594846266,2.6004759578818644,1.1524833113331754,5.333337329682849,12.607759805606655,-6.118778962779907,2.625131284603657,-5.234417668733745,-120.91584839127651,7.0,5.0,-10.645530214540214
02-04,-28.881989394223577,20.873787884579748,6.871795654296857,-17.36662497273477,2.253861532376959,-0.7200713427382849,6.285712832496279,11.314657553321787,-3.6470637601964615,2.5569161532191025,-5.186539220833315,-144.1217091558472,6.0,6.0,-12.480605519690242
02-05,-28.881989394223577,25.0,10.935957619651367,-17.767659078148835,3.877789833495865,0.8100738226349413,4.761904761904762,13.189192075987119,-5.319792715774948,3.8368496323623456,-6.080155033801645,-153.3886534784809,7.0,5.0,-12.41887349619946
02-06,-30.06134305281532,23.34253637859291,11.9766352588701,-17.633676876695986,3.4077550417543483,-2.0702115483181984,6.548174338095134,13.922654169353377,-7.308165391983954,2.7574136778269214,-5.619536030177402,-148.96265494487056,6.0,6.0,-12.475034915030719
02-07,-39.36507090719705,22.37762074533716,11.372547736309047,-18.85713849748884,3.0552317495765617,-5.940601453482109,2.5242740200695666,16.056032478366355,-8.155813315266752,2.268759606230033,-4.514055692825295,-110.36036108600736,6.0,6.0,-10.794881218031557
02-08,-23.314604973224146,20.544021694349492,10.177863089118887,-9.600001743861606,2.5700964514516143,-5.6000010172526045,5.550330632512147,15.233946490255242,-6.695072191345049,3.6649188518013935,-2.5327881071165748,-125.53443704333782,6.0,6.0,-9.627977322220753
02-09,-27.616273065784284,15.99999913629496,7.509883769527825,-14.742856706891741,4.494377928932187,-7.414101841893393,6.080445687977913,17.301411842767646,-9.129640731214556,-0.6097563895668153,-5.742294761229248,-128.51984130217502,5.0,7.0,-11.865720536104545
02-10,-7.180856915689191,13.735846753390343,-4.051381937238634,-16.55011758648815,3.518733312729928,-7.901906153252081,1.874412444564888,11.751903950152407,-5.353953879378158,0.2539901893348195,-4.618937725726786,-90.28056755664807,5.0,7.0,-8.733569592020723
02-11,-8.510636544000965,11.245281291457843,-6.413992709998576,-14.285708155717309,3.6281145793236482,-8.861938298518753,0.37488248891296094,13.928180537716688,-4.2831721807122465,2.448546936072551,-2.7676891001087984,-88.30059065097842,5.0,7.0,-8.483226817212616
02-12,-3.457449860921438,11.589899072774914,-7.879381718452494,-9.012877468809098,-2.2675824247116267,-9.32835797659139,0.37488248891296094,6.299217075253698,-5.032954617789196,2.8621890027531993,-6.4761089882379705,-101.79333120229337,4.0,8.0,-10.343488051509318
02-13,17.26315648932207,1.8278733360725612,-9.04621503827171,-11.28148652859315,-0.9070286448309121,-8.582090050161344,0.2848977562388629,2.4221457473935653,-6.113802668856346,3.604235257643716,-12.550252120998964,-115.71306700763309,5.0,7.0,-11.565969456056228
02-14,20.21978104896206,1.0744389295280041,-6.63462076314122,-11.925592537968289,2.834467218255187,-5.964588729044495,-1.138518842442054,2.8702640517230904,-6.553397777336969,1.4487627507607488,-6.520772807596818,-119.51221052078924,5.0,7.0,-10.816832331590833
02-15,14.588232601390166,-2.1394648194302444,-4.243542727600019,-8.971549934604447,4.26965367476445,-3.3666960260676606,-0.1879652579325937,8.04347593978127,-5.09708844611962,-4.028273242863423,-5.587331646900337,-136.192274051312,3.0,9.0,-11.909401994741208
02-16,20.04404967088783,-2.1394648194302444,-5.258299693733305,-5.908095640800754,3.61990598756424,-0.7985731611179646,-2.401537018870842,7.943412138935929,-4.490289998016265,-3.8230085794904465,-3.744016700303374,-135.74787578692712,3.0,9.0,-11.058649466775194
02-17,19.867550853943733,5.309033933198528,-3.3210299963999677,-5.452562659106051,2.181395861666619,1.815039271270842,-2.401537018870842,6.202390868884511,-4.34257730197597,-0.6692516313575126,-2.6712661080980893,-151.35405009784017,5.0,7.0,-11.236405335390364
02-18,13.465785988124976,-1.188594085299745,-2.752295424165478,-1.7148965564894942,2.4054879207800983,2.8229250261036896,-2.113355141724617,8.161044986345042,-1.0392627502734173,-4.7270024364298555,-2.3185873205298693,-189.71098926129608,4.0,8.0,-14.892478254571229
02-19,18.322298536046823,1.7968788475263286,1.0009068149967242,0.10526556717722041,2.2935757240897594,3.2506345116065596,-1.8251732645783916,6.094807932030358,-3.1231626876285454,-3.438294577614064,-1.1030981427586795,-193.29482032444335,7.0,5.0,-14.160015088629104
02-20,31.376516889929096,-6.917752518807029,1.449273985189887,0.8359448929692561,0.8027597059052437,5.047042088039398,1.4164359777457984,4.651163773132827,-2.3990628657193094,-1.239817170191837,-1.145525928127024,-198.26590028733725,7.0,5.0,-13.699076788105911
02-21,47.38675781622529,-8.587036625782751,1.8935981538103803,0.8359448929692561,3.0963354299949826,4.0136658027132075,4.5036743195231415,5.071665420335931,-3.734434673538677,-2.3733619807238195,-0.2969864053056974,-197.43590541595873,7.0,5.0,-12.135506938811458
02-22,41.245135031659125,-6.2643215069948255,3.030304318147089,1.1494217365204245,0.1144190977542591,4.1272613171742805,4.0627847043671395,2.8216705382329232,-3.1416642141729465,-0.1771205994331456,-0.9274925255974317,-223.87332556686994,7.0,5.0,-14.819410639101088
02-23,36.95198319462582,-8.68217730506416,8.467021271441613,-0.3134868088003328,0.9280733731803988,2.7050647345968493,4.415819202298364,3.603600120498017,-1.2448077891275042,-0.1410402232647154,0.6242260573977927,-200.45196617462818,7.0,5.0,-12.761474195570505
02-24,34.864302496735306,-12.403104099099332,4.188950586836917,0.0,0.8130046180656051,-0.996373705229461,4.399629229602487,2.2522500753112733,-2.0515849497442473,-0.7142884390694627,-0.3361341439939123,-207.75461916662334,5.0,7.0,-14.811497291434014
02-25,34.65552944952285,-16.279073205964824,3.641206386128325,-0.21141124744934967,2.622582484668374,-0.36068495313494847,4.307976843283773,0.4504500150622546,-0.9970679407681525,0.9483616330415232,-1.6602783884568464,-192.93979699321073,6.0,6.0,-13.818517159773146
02-26,35.69937477589151,-17.490496254416804,1.716346753578836,-1.8259840489526842,-1.0489528366920529,-1.71325137753912,4.857926126340957,-2.818489326104905,-0.7606738420474277,1.4330647978517164,-0.04194726853117885,-189.2360969688059,4.0,8.0,-14.26909828911892
02-27,37.909838107925836,-12.702083150710951,-0.9276473464453658,1.4553050414575712,2.3310001287126885,-1.71325137753912,3.3302552856360337,0.0,-0.17451296314647344,2.354174949045776,0.7550348323141339,-143.8657275182603,6.0,6.0,-9.270634500917513
02-28,49.625468532677466,-13.92996037910076,-3.2258079109908793,1.7726806422215964,0.8158472662780981,-3.08250372456085,3.0136979858833555,4.437227895758853,0.9307727890706392,5.094866135754425,1.8875870807853201,-105.40263768222738,8.0,4.0,-4.838563447370842
02-29,0.0,0.0,0.0,1.9812359857611157,0.0,0.0,0.0,6.758187172929732,0.0,0.0,0.0,-112.17389637771473,2.0,1.0,-8.619539434918657
03-01,50.55147005651134,-16.93290581506703,0.7421143384760253,2.294059056604299,-0.8177534041213448,-2.5547420802612653,2.568804979544997,12.299995422363263,0.058174686277775424,2.213630291753323,2.883412140652493,-143.4589575388691,8.0,4.0,-7.512724822177934
03-02,46.837942932015174,-17.767289526444497,1.5769951809367209,5.942622029758955,1.166854508242328,-1.444041954095886,2.2999080278936144,10.200004577636719,1.04712216162619,-1.463239973996889,3.285596858321998,-135.11775937592535,8.0,4.0,-6.952940379502576
03-03,50.58365704609022,-12.500000937179944,-0.834880842460679,4.5026209066776275,-1.3157968285764643,-1.6274805124076388,1.1049713568388595,9.300003051757795,3.135882867079636,1.871851853530184,1.7964075764328384,-134.25414713961464,7.0,5.0,-6.519742633486017
03-04,45.91439603887467,-12.028299535001324,2.4096406839762663,5.394195427844103,-1.073987486381975,-2.7124703949237468,3.0386734266897806,7.894734047939123,3.9953013330595954,4.518385438358164,1.7123352543991344,-133.92264784665088,8.0,4.0,-6.238311967651424
03-05,49.22179060521306,-12.012480487614702,7.407409042651405,4.000001204641242,-0.5959384387908563,-2.169979765032264,2.76242400133128,7.078764277660143,4.2765058892044046,5.281446912782674,2.097601705117362,-106.74031701819663,8.0,4.0,-3.2827310059194077
03-06,51.386318140119954,-14.924181368004339,6.890128369538327,6.410250532086098,-2.1454033866007967,-4.520795488517063,2.6629931378362346,8.895404576070755,3.712428911360212,2.660296000734837,2.226029298703184,-98.30317176537196,8.0,4.0,-2.920808586837046
03-07,54.981549393466665,-17.359405715579044,6.191368263221272,3.311960227704016,-1.0726960099018232,-6.027395971766695,3.901998977439632,8.984375945874493,-0.6666703657670455,0.9208746949998461,2.3972660901509313,-60.327876370450895,7.0,5.0,-0.3970542367173877
03-08,51.29740627247369,-15.107908513742437,1.3133151186904066,3.952990375326896,-0.47393322087358164,-7.019138426127945,8.232234076304028,11.240308931345073,-1.272721724076683,-4.229194352062225,3.851036308638577,-73.81517542241055,6.0,6.0,-1.8358983813762293
03-09,54.30711633897657,-14.135702615694443,2.063792403169849,5.876060440538455,-0.11792723374605839,-5.861132638294813,7.510914157232981,12.596892204488494,0.969696044921875,-2.2587264302585783,3.8017915226378087,-77.60290157134581,7.0,5.0,-1.0708439481144723
03-10,51.20147542763745,-14.86268283989417,6.191368263221272,5.183590540457315,-2.043270222710471,-5.956677364230069,8.940977827404161,10.755810944780793,3.307734529521389,-3.1217468640720814,1.8736396116821,-88.68832146098761,7.0,5.0,-2.2681751339324934
03-11,49.722733727777275,-14.94345242886903,6.088559392266668,3.1973536009986536,-0.711737411273222,-7.431196770316195,8.680555210621282,7.192113986916921,2.948113366690944,-5.350815966062995,0.573947739320258,-59.32610231719892,7.0,5.0,-0.7799939890940296
03-12,44.916818796233805,-9.637625090707514,8.595188333936225,2.1181775741524285,-1.190480785845859,-6.788997712756452,9.114584626836873,9.715405415953166,1.613870084586888,-7.212405456241515,1.3949419676304333,-32.49097079335253,7.0,5.0,1.6790422467021617
03-13,45.7249067996091,-6.722689871527162,7.6563930149723305,3.0905151619998907,-0.7142907421607613,-3.9449570662807174,10.880831063758631,10.243904299852325,2.430360014015153,-7.179113661035405,1.2641713547338136,-31.47928884561048,7.0,5.0,2.604228460193893
03-14,48.451729659550416,-9.311428473566588,6.1669793252636556,2.6490144997436342,-0.47619004368509776,-4.58373006573036,11.044001001892866,10.331387874951549,2.9137529396622037,-8.158085591820615,3.269398354575105,-3.0660406004370024,7.0,5.0,4.935899073366648
03-15,46.40151872628853,-15.359212742223244,6.99432680958803,2.6490144997436342,-0.35293803495519305,-9.680542181855428,9.956326713001065,8.390240552948743,4.662000257425377,-4.097168832097524,3.1648321466131524,3.5320158242561477,8.0,4.0,4.688367811561108
03-16,46.1977224227678,-17.993358599639233,9.640827140309305,2.9735628453524847,0.0,-9.680542181855428,10.269794386485282,9.463417239305432,2.8554765470587147,-2.3280788565690913,4.60269796650805,16.28352373173871,8.0,4.0,6.023753553455169
03-17,45.86330896689713,-19.56881902622897,7.844989883660762,4.6688415135153045,0.11806645297006486,-11.406094775909063,9.04302594906711,9.75609756097561,0.05879029245899845,-4.69379815845389,5.3017302117929725,40.36900509248002,9.0,3.0,7.279595330268838
03-18,42.08632982466373,-23.051406602351907,3.333336966378348,5.285875950330751,-0.5945325997865191,-11.68316145478953,7.813874596101371,12.560387853340929,-0.5408663214487781,-5.001834042994709,3.513399773061552,46.64206703098668,7.0,5.0,6.696955914457661
03-19,41.366906042924775,-12.24806178626901,1.816439576389905,7.578950179250617,0.0,-9.999992446144313,6.145748391920124,9.463417239305432,1.9343489685615252,-4.045184698977113,4.101223956931203,34.464944727360006,8.0,4.0,6.71489501260443
03-20,47.14764974486811,-15.415656129835787,-0.19512641720655488,5.787780988947004,-0.9489907569390834,-9.999992446144313,9.56979911968915,9.197656648700791,0.3573637285244581,-4.818840236679835,5.279236421437833,32.80127489438229,7.0,5.0,6.563512963312005
03-21,47.02380872130932,-15.508885771772501,-0.6862808804658045,6.216505128069382,-1.542112808241577,-9.970679407681525,5.92920411491051,8.0277542851072,0.7255189394865641,-3.804345009232314,3.534029071754521,26.977149946848144,7.0,5.0,5.57680552750766
03-22,49.14285796029227,-18.67219887456935,-1.1904750641601254,8.038585274736928,-5.200940643017723,-6.346161781683766,6.343614474271717,9.90196321341502,0.6650580668850129,-1.0144883167641507,5.472196731986203,25.93582689978589,7.0,5.0,6.089653161764827
03-23,51.232878770361104,-21.267358610337613,-0.39682502138669673,5.726404500290838,-4.507711751891737,-6.653814288064641,5.845879979115462,12.843132259203074,-1.6323974333131448,0.5054198308339924,6.881722070837534,21.232224934795326,7.0,5.0,5.817462936703625
03-24,54.67720700838782,-15.01735654073199,-2.083333727543932,0.9564309675588384,-3.4037552379327525,-6.859903497376981,5.0621726191131575,14.999997662562906,-2.437535784580508,0.35360812956752397,6.317615548514152,2.5390647919267,7.0,5.0,4.592017661622078
03-25,50.461134191397285,-16.84027346609936,-2.0854026267240955,1.583955311245716,-1.96759339743923,-5.763692509744701,5.239788104751058,15.272370968928506,0.17941854383282252,2.322357252807137,5.541014195184178,-14.355471678573007,7.0,5.0,3.2989670741305255
03-26,37.41765606710249,-19.472251027217467,-0.3948663514426149,0.6396633143354038,-1.2629122410503248,-2.977909934299975,6.483130382521625,14.607841166474609,0.3582057668202171,2.894555959123587,4.506061575461697,-12.1093730354914,7.0,5.0,2.55748347019482
03-27,33.28445636055657,-24.213536866286148,1.0700355985851453,2.4572601567592023,-2.1813958616666396,-3.073964452590934,6.725665628793349,14.774952929828315,9.095860679614475,3.610358825800842,2.9896037103054454,3.457689921337053,9.0,3.0,3.999748885919723
03-28,40.4761893631252,-17.493233126156422,2.399232228114502,2.350420100683966,-1.4925386207986184,-5.774777747538827,6.255506733780688,14.187188517272217,11.940297141732389,3.7806559512134417,1.5164661292317803,11.194654324936817,9.0,3.0,5.778338416299761
03-29,43.10575476079147,-14.29824709635442,1.0466280490582398,2.029910121286815,0.9101242781938514,-8.783791807366619,8.196719557876921,15.518829024590872,12.15352163554535,3.303818802923053,-1.8625281175339243,7.080415171791847,9.0,3.0,5.7000961984002885
03-30,42.567568307727505,-13.796210206671283,-3.139865999233794,2.098633944061846,1.0227289845135217,-5.623246271598238,9.906858888426004,15.610658488012033,11.620470568116408,10.933415603307344,-4.785550718726005,-4.523107519135864,7.0,5.0,5.157696172399958
03-31,30.474734824146772,-15.419296795482367,-3.710745776928777,-3.485835339719993,-1.6336096652057757,-1.0762407474343594,13.250001271565756,18.640960722193277,8.262709402996801,13.721145622484016,-13.33007618777624,-8.25190255954379,5.0,7.0,3.1201537309412757
04-01,30.627870378869382,-17.312894949292733,-5.167463844107009,-6.502241241538546,-0.6936465001474268,-5.1818154074929135,11.749998728434246,16.311401622837256,10.495779890347567,11.939331664787938,-14.56070494700892,6.080351979340183,6.0,6.0,3.1488306145857514
04-02,24.349159287922227,-15.82278420980972,-8.341515372641,-11.371633029242027,-0.9248546501051469,-6.272723458030007,9.333332379659016,16.173752766713275,13.108045485331338,11.53970639196726,-14.729072861284259,6.840392093718951,6.0,6.0,1.990150402016659
04-03,15.588241027713062,-20.394736901073056,-9.960159400393419,-12.720847500845297,-0.8092560876948431,-6.454545801336114,7.829787883352711,17.168951115872982,12.929710042880604,11.612287400949523,-16.108377244634667,10.175057661296423,6.0,6.0,0.7380093496739923
04-04,23.39791598712041,-23.410407306210946,-11.066402695233403,-10.954067494083041,-1.040464237652584,-6.599452585689955,8.684652300063874,17.69510600669405,11.35892352729294,9.692900398145305,-16.847291649401853,4.940923924962737,6.0,6.0,0.48769468133396127
04-05,26.57143047877719,-25.711491139579085,-9.584982984169477,-11.425209578080542,-0.7009283060884206,-7.403935859458992,10.04983423571992,19.01279710682748,12.499998763389138,9.277030061730146,-20.753774609470376,23.24370696937433,6.0,6.0,2.0895395949142763
04-06,25.722546100919125,-33.163786919468926,-10.869569109772327,-17.997472460840566,-0.11627063679047062,-7.403935859458992,10.124483383550945,18.82997755901383,11.51452874294153,13.258980610748655,-22.051278138772055,30.8593730500434,6.0,6.0,1.5589646935095125
04-07,31.571429116385325,-31.230922875396942,-11.264825654291737,-22.661399637025767,0.11601193752437428,-9.03900845458124,9.86733410159731,18.921387332920656,14.750003814697266,10.836207199347989,-25.065677237533873,37.34590016516754,7.0,5.0,2.012203317400908
04-08,30.285712650844026,-33.77415789004938,-9.712582035838512,-20.129037672473537,0.23175501156951694,-4.9429608504018665,9.535659470906884,18.39186531650355,16.75596891867272,10.217596545768078,-25.46125513196957,28.861490596418516,7.0,5.0,1.6883379108292027
04-09,23.714283534458694,-39.3776845114281,-7.799997329711932,-22.50000705844488,-0.804605172795376,-5.418247813892097,10.364842093759467,15.616438976556768,17.47947412802574,9.87654581881288,-31.596634560878666,24.945609788972412,6.0,6.0,-0.45833184221375767
04-10,22.28571346827916,-37.13981364369038,-9.552841115923007,-26.91292852751929,1.3793090596541038,-4.847901644634874,9.20398484021646,15.307058658576198,18.07286839623986,10.761074906920093,-33.55742096978578,34.590279313158085,7.0,5.0,-0.03421810487578073
04-11,19.88217838316668,-39.06927164257607,-8.998982393861326,-26.517153682227157,1.6091884220427681,-4.182505334955425,8.557050765395639,15.384618071778824,18.103855543101417,11.228952384941252,-34.06162349451694,31.66666221136991,7.0,5.0,-0.5330858971950363
04-12,18.805966983794235,-42.30344143367562,-9.791661906573697,-28.759898774641723,1.494254221735442,-6.33397161784718,9.317810287685923,13.909088481556301,17.960936154706967,12.601374742588261,-32.997194755037135,32.63629405161508,7.0,5.0,-1.1217036303410957
04-13,22.063036642476174,-39.26585958306928,-12.291659423046948,-25.989449694685817,3.464205496776248,-5.423403257954668,7.391680589608921,9.090909090909092,18.913765396115608,13.349970378389148,-31.053805834049125,37.83597301528941,7.0,5.0,-0.15955309860343725
04-14,27.194243429561144,-41.490551622636026,-12.395828469760081,-23.74840039190016,2.2222284189362704,-5.423403257954668,7.252562816580997,10.181817141446201,18.675560357498366,11.114569780637094,-34.4450832740326,40.99810361590167,7.0,5.0,0.011318212023184651
04-15,26.043165359035058,-42.602892338335245,-12.499997516473233,-21.71717487954443,4.238257788777604,-6.653814288064641,7.337888999635522,8.818184245716425,18.207958752285123,10.86481322155304,-39.49879977016222,42.83006800788339,7.0,5.0,-0.38602853480780003
04-16,22.15827344052635,-39.37708622892133,-11.642410591296919,-19.306936068647556,2.896871340495873,-5.593056220894884,7.081910450471946,6.830601377668595,18.050889307026235,10.78125238418578,-30.868347961503805,44.156663327902876,7.0,5.0,0.43071871308443005
04-17,20.99125406988499,-29.704021229233767,-12.696747870419154,-20.405578716841447,2.7809938347111145,-5.785924668188911,9.746106278996367,6.404398384215725,18.364419802055323,11.391622252886469,-32.380944850271,36.94004497451764,7.0,5.0,0.4704685218594455
04-18,25.88757308798887,-33.080261414327964,-11.99165380847197,-18.631176363332745,2.2016284071617056,-6.737245294847359,5.254518286430501,5.801106209552813,18.452668193828803,9.729063706737156,-31.148455726165007,41.752935033124565,7.0,5.0,0.6242250264732808
04-19,27.496377141626837,-37.8651795918831,-14.377684511428107,-18.631176363332745,-0.3550264337082489,-5.619049072265625,3.9933483995885712,5.535058791733368,20.711194505296,10.036946658951154,-37.672469453531434,41.55124774484748,6.0,6.0,-0.43303434867548773
04-20,24.661651773931016,-38.69179150777382,-16.30901832118931,-18.565944900458565,-0.3618785658532826,-6.532183622892434,2.2033917345695038,4.797052125866692,18.644878713796267,9.765260609484736,-41.14391414444445,40.73033907274728,6.0,6.0,-1.733513086018031
04-21,19.699246977336465,-37.25054862702624,-16.09442112785703,-18.562086036007884,1.4217996626207239,-6.532183622892434,5.2152327683760475,6.3653184902667155,18.69607579945885,11.840047506747812,-41.23077392578123,47.72151816981934,7.0,5.0,-0.7258978304115722
04-22,18.646620002594304,-43.79156994238621,-15.40948649055547,-17.945378768990032,4.036913245557164,-5.523808797200537,4.635757197675371,5.909513830391107,20.748464905147568,12.087225374464241,-35.31840802957831,47.405061270254336,7.0,5.0,-0.37659135021887263
04-23,19.097743800202807,-45.76838329468368,-20.472436721458777,-10.744812692648962,1.4035074021298521,-3.8095201764787943,4.139072873823361,3.936270602538027,22.258368093106974,12.441825274080037,-33.39222749794718,46.51898919456832,7.0,5.0,-0.36596692856400165
04-24,19.97085037510609,-47.91665769837559,-28.110053564329384,-8.5956418701345,1.7543926182263334,-1.8095198131742933,5.387753856425383,3.027433340238541,23.327223756997835,15.042891970669858,-35.10012457300886,48.63719306677049,7.0,5.0,-0.365354877882341
04-25,22.919703893170087,-56.42594386325176,-34.88664938242081,-9.685232064977315,0.5847975394087571,3.5480869569321047,6.147541079717247,3.6654166422795544,23.492057038808692,15.502449634074253,-33.98115791117237,48.31717019544284,8.0,4.0,-0.9001466868323925
04-26,22.00885931042867,-57.195566458488855,-34.26751706879632,-9.92735680511264,1.0526333401187147,3.9069774538971496,5.9161895030001315,2.285712105887277,22.176868747594188,14.460782480441514,-35.47059227438536,50.57282892893268,8.0,4.0,-1.2066817280402375
04-27,22.693993136337447,-47.50304019986967,-34.77707072916546,-11.636364098751184,1.3969718676073386,3.9069774538971496,6.377757662847514,2.380952380952381,22.85713914995394,15.099622152560599,-38.342278650320544,48.900165518707404,8.0,4.0,-0.7204311962702571
04-28,22.533133160042702,-46.89403609721159,-33.7579634084272,-10.357153318366723,1.3969718676073386,2.9135376843407856,6.737012534624895,1.4285677955264138,28.02768691335316,15.163802866438608,-39.33934711397523,32.51454815657593,8.0,4.0,-1.6361032466225762
04-29,18.114875198582663,-57.12545138357699,-30.91364628015682,-11.418278819534553,1.5116291706338612,4.596620807992989,7.548696221901439,1.631478647305414,26.019081261738442,15.348687925805828,-41.0334327473541,12.411118572415514,8.0,4.0,-4.442385118687192
04-30,12.22385756066401,-57.23350461146307,-26.856436841383424,-11.151082591853495,3.110604242751835,5.253278367338175,7.548696221901439,2.85171271559658,20.243104475269558,15.348687925805828,-36.26571936154158,19.00452801105397,8.0,4.0,-3.826856157155014
05-01,0.0,-52.46305774533302,-27.965040038842286,-13.636368303104177,2.8801842305342773,4.033774027493734,7.830342742453007,0.4868567527381861,24.144065631112312,12.91653337118574,-37.16338319606361,18.188351982202832,7.0,5.0,-5.062311712135251
05-02,-3.3973415025329072,-41.485715593610486,-28.285360370737024,-11.602874484020557,2.5345651992388185,0.9523845854259673,8.171515398561406,-0.8884516443350112,24.607092184975286,12.408758549700776,-35.60742722283178,23.93220157946572,6.0,6.0,-4.05505444339165
05-03,-9.374998370185503,-31.98294204049496,-27.49999761581421,-12.79905134498312,3.7671223183081732,1.4258608904706909,6.814449120771796,0.7866265792124334,25.729678601056143,12.091397772984374,-41.080101006149576,23.20328178857347,7.0,5.0,-4.076556108854191
05-04,-12.721416376814688,-31.550222614242085,-25.999999046325705,-12.157323746728208,2.8506269891774823,1.4258608904706909,6.737877483020757,-0.29498262287255955,26.313428333624817,7.430437339131839,-33.4295670759023,28.306705811392842,6.0,6.0,-3.5907145530055935
05-05,-16.987186834892363,-25.764199232146407,-25.874996185302756,-10.24447146459948,2.4054879207800983,1.0496150904771246,7.534808136115021,-1.0816092020850279,23.89622286792143,3.8012650828570833,-38.13509409852862,32.54475729446506,6.0,6.0,-3.904616718744902
05-06,-21.634622291465515,-19.978165438758907,-27.904040616892413,-9.353353740055203,2.068958108594129,2.0813559101824795,7.780506194079519,1.1627896231360089,22.489590342831995,2.8946439902530576,-34.67366442801435,34.52685712062682,7.0,5.0,-3.3782621021235317
05-07,-9.294878554767667,-15.401535698893234,-28.499996662139914,-8.725605345043396,0.6896490489400661,1.513716670119279,7.452906179926695,2.294452870391028,24.10511902305031,5.4408385282170375,-32.71568887533141,29.731460806456017,7.0,5.0,-1.9507968340895994
05-08,-16.857605735906077,-24.887387496234435,-28.98368887816489,-6.71217468883256,-0.1149451620813179,1.7029267426526642,6.5074130108039485,2.2009525974575483,24.75292080964465,5.840360982751182,-33.642150040190145,24.048222758953145,6.0,6.0,-3.8454295915955257
05-09,-22.660092003730746,-25.028188226282943,-27.070451657318586,-6.484638194515494,-1.0344845351840402,2.7230044341827693,5.772357944203864,2.013423125623135,19.225688604896558,4.737180723327022,-30.573240528915402,24.38863520255809,6.0,6.0,-4.499233759262981
05-10,-29.913039829420008,-28.060050207760018,-31.234256942079337,-8.41865499806175,-2.3255790743459857,-2.105265751619929,5.3104544990599605,2.6845702632104294,17.46590142238029,0.5840373360094685,-26.354813182661864,24.637685438763043,5.0,7.0,-6.477417585543809
05-11,-32.682053967124155,-31.185272370605126,-32.36776011511834,-5.03433118512912,0.0,-3.1914885767526866,4.922062743635827,-4.410354982623579,16.937969463289036,-5.433330535888672,-19.836157749449168,25.277601131053974,3.0,9.0,-7.250259678726002
05-12,-28.027678663575657,-27.6179595868143,-31.61208732942187,-2.411022241414933,-0.5868454738753486,-3.8948354498649453,2.3966938240526114,-3.4515785823956473,16.586012026785788,0.2895757812381463,-19.139027957913196,30.246912691966216,4.0,8.0,-5.601820080102762
05-13,-12.975778075704744,-27.272738247115818,-28.176098425909508,-3.600469593239612,-1.0613226113943606,-8.993158528459022,0.8264494075791097,-2.3651845526771087,14.790573204031961,-0.8132726150339404,-16.429786040810537,36.83127512797747,3.0,9.0,-4.103292579229676
05-14,-17.647057852967336,-23.14814722832342,-27.8980902398236,-2.646726202724413,-1.5258116641078225,-7.526886531955269,2.8925650449212115,-4.6845102230512925,21.408449147514965,1.39993805213282,-16.43678547731567,37.31138277674641,4.0,8.0,-3.208473366579451
05-15,-12.962962516987323,-18.90035118812753,-28.717945081320924,2.8473804966210277,-1.5258116641078225,-6.647119605121017,1.9834770018687435,-5.593056220894884,17.872160964178356,0.5159620968434886,-16.666664839704335,31.94444289526592,5.0,7.0,-2.9875406384571925
05-16,-20.481928897423625,-20.97902338858494,-27.088605577871988,3.302960941604608,-0.4694830951162474,-3.8948354498649453,-0.33333301544189453,-5.797095707065169,20.15567434268359,-0.8061915451621218,-14.367816406947528,8.70942495251448,3.0,9.0,-5.170854403889648
05-17,-12.0,-28.944097745336293,-22.113011807635697,10.136673047305605,-0.23310557041397537,-3.0917843771014066,-3.259006169929389,-6.473430450239304,21.01597375188215,-4.095448374851009,-9.182527063845129,14.275093706479721,3.0,9.0,-3.6637225878070603
05-18,-14.754100154721952,-29.15082069478135,-24.324317674759346,11.84668460815004,0.11587750578475847,-4.505387232402566,-1.1764735110138167,-5.700475141719684,18.066365731172453,-2.306956878641288,-8.680756355768118,16.81096667692587,4.0,8.0,-3.6466160934812506
05-19,-13.442625975102708,-24.58808732635105,-23.95577060220547,10.611304131466698,2.0454579690270434,-2.497600698298467,-1.260509050529849,-4.541056000306668,15.791626770507383,-0.18957177461466584,-8.929601800834146,7.647903984122467,4.0,8.0,-3.609044197759952
05-20,-14.754100154721952,-18.12420598906273,-22.850117668643648,10.611304131466698,2.0454579690270434,-0.9606184720030166,-1.3445445900458517,-5.797095707065169,15.053323226523633,-0.18957177461466584,-8.929601800834146,0.50504831571546,4.0,8.0,-3.727893542854862
05-21,-11.311476524720074,-18.75792197868204,-16.587685329493954,7.185632982739086,2.8153152790329656,-1.0566821514306581,-0.16807107903203497,-7.065753647476848,13.129199027188198,1.5217443070087024,-8.399996076311364,4.761903778938013,5.0,7.0,-2.8278159510200003
05-22,-10.197366666760795,-18.007661061952295,-15.357566947547799,8.8729044894046,2.0270304375678743,-0.09606367942762443,-0.2502142386839262,-8.449298134599843,9.365432215627067,1.9248647920131299,-2.0000021798270087,0.14913873465265728,5.0,7.0,-2.6682335199611633
05-23,-18.305083156762137,-14.78260313276677,-11.06095410705888,9.112712409795428,2.477480452630129,-1.5458921885507118,3.047774918413336,-9.538150658901817,10.008626679380145,0.4656867911987908,-1.9428580147879464,-9.841030938537532,5.0,7.0,-3.4920242454956636
05-24,-21.39130467953889,-19.999999999999986,-11.123604126131042,6.5947263869557275,4.040400256368231,-0.3820435609633501,1.9166628519694011,-8.22596542273762,9.447802007011276,0.2794168120025484,-0.2883462319525112,-5.98977847795943,5.0,7.0,-3.760169515414636
05-25,-2.949849602892418,-16.968911637069123,-7.865177448794652,7.584593251769138,2.348993825545244,-1.057698215253471,1.0924299574276566,-9.01882887661515,9.965485054055806,0.7744733874040298,1.9309533104719354,-12.306502656337262,6.0,6.0,-2.205836637524022
05-26,-5.918055500081316,-16.4507774020935,-8.089890987520153,5.607482153980311,2.1300508120237573,2.4141153001939935,0.6751048196686429,-8.820608287306813,8.880142749105065,0.3425743016525936,1.9883049415386502,-9.179836497596977,7.0,5.0,-2.2017827997029786
05-27,-5.462817122028052,-22.53886392802773,-4.266951586422577,4.71697688824149,3.1076656995852088,3.0442796961333256,1.0970473439326265,-6.8426275098975005,11.32315557647508,0.03123499549348657,2.102807200374449,-19.112114139531382,7.0,5.0,-2.7333505738059642
05-28,-4.097116459405284,-21.79656615523307,-5.966850281460371,7.339453253719029,2.7839645071712686,4.3357957602666914,-3.0379716885088928,-5.642022750699212,11.772155382754947,0.8366918312166118,2.501456031509955,-9.179836497596977,6.0,6.0,-1.6792372555221087
05-29,-0.14815153899016203,-12.801011015663754,-9.600001743861606,5.937138763940389,3.8975439380506725,4.151289694933315,-4.459695236437607,-4.222644694449908,13.344382202009964,-1.0419953359996064,-3.8394405288382107,-21.662468150800652,4.0,8.0,-2.537087803842264
05-30,-3.443114146466819,-13.956462019675852,-9.977062602264342,8.14901366318841,5.902001781608126,5.745065741459928,-2.82293318413918,-4.927529047444328,12.473836828675552,-2.557623820622263,3.0250171123230607,-27.900793881076897,5.0,7.0,-2.5242152978695507
05-31,-4.066264854752427,-9.2024544184611,-8.607024184014431,9.080328241593326,8.80088203856747,8.12003603255994,-1.950809980108732,-4.423077452112252,12.892423618230067,-0.8841196273159916,3.957472322603041,-29.9729975392455,5.0,7.0,-1.3546338168713827
06-01,-3.443114146466819,-3.7296002059403017,-5.549261329013774,10.83915893482802,7.150721246352661,7.876109100002386,-1.8644090124807524,-4.230774521122512,12.683126231513356,-1.8453643357486789,5.906198209190747,-35.20598471692306,5.0,7.0,-0.9510995454840611
06-02,9.89159902104944,-5.128211398253287,-5.096260624612421,11.405532409543774,7.048461990091487,7.79450945451096,1.3377913620550226,-4.134618470654815,9.086988653739574,-1.775515353007021,4.411764705882353,-29.45454337380149,7.0,5.0,0.4489581980452983
06-03,9.89159902104944,-4.662000257425377,-3.6130585358186957,11.098261313830289,5.5928414258221295,8.281942752991302,-1.003343521541278,-4.097561719940913,8.46448214268186,-2.9506034635688847,4.2991729205911655,-43.63636537031695,6.0,6.0,-1.0278861076371595
06-04,7.046070092993595,1.7064803092291696,1.647062862620634,10.058480869349392,3.559507263306833,7.488989893405263,-2.4247488371911294,-2.7210858504295925,7.000859873010487,-2.0019039545998782,-1.6177264336455837,-50.090911171653055,7.0,5.0,-1.6957437569669882
06-05,5.517242694723207,1.447525767325323,0.23866894380115683,3.6470637601964824,4.8943224870469155,5.638769355176704,-2.6936000988353226,-3.1219482421875173,7.04103320788774,-1.352202249975667,-1.7375614074244188,-59.36364260586825,7.0,5.0,-3.3203606990111374
06-06,7.513663631650351,0.8495108831140152,3.464205496776248,2.823526719037224,4.8943224870469155,3.5874406476706135,-2.961086214096808,-3.323559802560526,6.592469500385702,-2.6415099771730057,-1.857396381203233,-62.9333326551649,7.0,5.0,-3.6659788053764495
06-07,6.620689918254984,2.853742871256027,7.99536556280984,2.941176470588235,4.555553860134568,4.27426145861393,-4.55326217645021,-3.80488139827077,5.607882444619924,-1.0062883726465197,0.35650306722740976,-65.28403671327887,8.0,4.0,-3.286941083928454
06-08,7.639835588107408,-3.9641935546617755,9.038241013498315,2.43902493055403,3.4831402160619107,4.529309223046801,-5.367964288489184,-2.4390243902439024,1.027396253627703,1.6871143030793068,-13.651877488585527,-60.087338244964364,7.0,5.0,-4.638861369914107
06-09,10.249674062070401,-4.987210459392336,7.415994609916821,2.5761155504861675,3.5914668945495407,6.684031485821215,-5.887440175515688,-1.65853732969701,0.25952150135389684,0.4339720921652226,-16.842102586177358,-53.639511272488306,7.0,5.0,-4.31700213557562
06-10,10.775297730286486,-0.7672626785479084,7.233066724244799,-0.12032821543442199,3.6995506825507096,4.230416992605547,-6.666662262975811,-2.036857707080287,7.362497841945298,0.5572764997754287,-8.89470019666648,-34.05546202917597,6.0,6.0,-1.5569305515393843
06-11,11.695142282628824,-2.78480743716266,6.860466586247549,2.4618997036454173,2.9345291792598664,4.050403448884729,-6.147186375949292,0.1943586410446784,7.920792892149804,0.4339720921652226,-2.301000254906233,-20.537260774639734,8.0,4.0,0.39844249861401454
06-12,10.686015183803741,-11.323153325286972,5.542445032143755,0.0,2.031595468130862,5.490546134361299,-5.912592766686793,1.628344151843227,8.667808198259998,4.5468128517541615,-3.91790524723708,-25.212226946967025,7.0,5.0,-0.6476926054900689
06-13,14.893615537231556,-12.323492206007854,2.5547449066309946,-0.23980220291904228,1.1286617570018374,5.395678363042032,-6.005226699760562,2.097228962389593,4.6629943804771585,6.359587518447139,-2.487559828533153,-29.521276618230175,7.0,5.0,-1.1237371775192064
06-14,15.567280213924992,-12.46786329091301,2.679662192528607,-0.5995226597130227,0.2275256447798389,4.882458782689104,-6.375550288830059,4.34372078865893,5.59559002240791,9.212487810540706,-7.778469344978248,-28.83597407486022,7.0,5.0,-1.129054516980373
06-15,15.11936170097047,-20.720722489917225,2.557856725593517,-3.121251275668186,1.4672699715394066,4.796377591156807,-6.375550288830059,3.9660063290113476,6.867320172762624,12.743669761081424,6.011234498237631,-27.3757569010225,8.0,4.0,-0.33868201709039497
06-16,15.853659324537562,-17.889316214899768,3.5322772290568882,-5.867964845094406,1.5783578932248359,5.650216881797923,-5.6423575755348105,2.5495793566885814,6.206598300141842,10.431110266722893,-0.11969155511361071,-23.520122527955,7.0,5.0,-0.6031377888689228
06-17,15.44715888407701,-16.988419239403612,0.3735956907696081,-4.337345161499041,0.0,7.009768264766381,-5.989579452822761,1.5992481134877807,3.7085531354289922,8.837069820898853,2.845527239586812,-23.441201650707125,7.0,5.0,-0.9113020296180917
06-18,17.208671561419415,-15.025911344234252,2.80487834662645,-2.6066383645343847,1.8058674222580289,6.211186641587359,-5.381943237174504,1.8779325486279894,2.732484903659547,8.38729939903521,-1.2389325959902695,-24.388319920924065,7.0,5.0,-0.634452053303623
06-19,18.364609632084967,-15.344601034569205,4.091463444724268,-4.062128521345612,1.8058674222580289,5.501338190330707,-6.678234827376259,1.508009920729977,4.168480083363487,5.48326709216062,-1.887903719295908,-14.795142368087614,7.0,5.0,-0.1537478904185452
06-20,24.63958173319993,-15.19480656202257,0.8706489053918304,-5.0179221270788705,2.9345291792598664,5.685921649629365,-9.677418803518135,0.19102633480014092,1.8518521633268847,4.522921746233282,-3.42182830442228,-25.662254975566817,7.0,5.0,-1.523145755063948
06-21,26.376439921539834,-15.796345460186476,-0.24783715638177295,-4.420548275005951,4.777781168619791,6.5943953239460456,-7.74648011475659,0.5719682292804191,-0.22045518689493404,7.063193511516415,-5.7549524378536,-26.079737153416797,5.0,7.0,-1.240214802466135
06-22,29.792426195327167,-12.61378131305577,1.6109001551404818,-5.575758038145123,6.681266692564527,7.513417975480833,-7.936504465785968,0.5719682292804191,-0.22045518689493404,4.369231003981381,-7.77429930796726,-20.285264998663557,6.0,6.0,-0.32223775489481693
06-23,30.49382902103807,-13.003894872847226,1.4869874857126,-5.773947094978108,7.290523974013963,8.088887532552084,-7.30633757738007,-0.7626303665546125,-2.5503341615009663,4.6230213846747645,-10.051220614604613,-19.236761975668532,5.0,7.0,-0.5584897721285538
06-24,28.641976079023586,-12.353709740356898,-2.2135427095539484,-13.28947058840139,8.583683082144514,7.9749050342040935,-6.514091084127107,0.2859841146402011,-8.800351206013875,5.2696485411927725,-11.47860213363288,-13.551399925548044,5.0,7.0,-1.4537475447024144
06-25,26.66666941387652,-14.868416470834026,-3.1746064784635686,-8.165824314262043,6.298349574424182,8.333336181822967,-6.514091084127107,4.423967548705508,-8.420594671690143,5.792219537632519,-12.684180265588235,-6.542057185401104,5.0,7.0,-0.7379356844920443
06-26,27.375000715255737,-13.043474983075095,-9.859159091615801,-7.283940384290655,5.856350517139088,7.9749050342040935,-6.382981241783736,4.862383041465236,-5.430635143056829,3.0536641569518355,-11.46700833582241,2.8461529658390923,6.0,6.0,-0.12489522906578705
06-27,21.972536561681533,-13.192612269988976,-6.99588794993902,-8.395053326875011,5.193373006886582,7.836146007458872,-4.1071432676850606,4.862383041465236,-0.08417700997898142,4.3491610724829854,-14.413843710187852,2.6772785363928455,6.0,6.0,-0.02481994235723724
06-28,23.406861312844935,-15.633420963406412,-11.424540554965803,-6.296287051717144,10.104169046713151,9.565986956201852,-6.096452140560663,5.565690278778319,-2.735688603824813,3.7322614213830883,-7.8866341512486375,7.496562279557112,6.0,6.0,0.8165423191462488
06-29,26.47058823529412,-9.523813539930755,-14.809593344671596,-7.169343791922202,5.2744862554383305,12.360511824334004,-10.941956170181953,5.565690278778319,-2.6094230888563406,4.061842957744301,-8.847352920834213,18.731115230830696,6.0,6.0,1.546895993835226
06-30,32.44739662217632,-7.346938351831504,-19.040894199454282,-8.58257892507514,5.882354741127922,13.620978834561559,-8.083554687980463,7.025551597478437,8.798773109273142,2.4833424695832407,-9.3241540287907,17.499998297010084,7.0,5.0,2.9483562898398845
07-01,32.6688803599165,-6.530612589136936,-14.804844280575624,-6.91421821570467,5.172409009139568,11.253194768433557,-8.900994748987902,8.628517615949384,9.433211272090418,4.507711751891757,-6.32987820366074,20.178568711897018,7.0,5.0,4.030162120937693
07-02,34.66223399957819,-9.375000607384267,-14.618365262814073,-8.865714451261795,4.92505386115564,11.764699186880822,-10.263397737964274,10.832587554900293,13.216861193771312,2.748413864805565,-12.035852293308949,21.369043821109766,7.0,5.0,3.6967135941223526
07-03,32.98368238776931,-5.914715673545619,-11.166874402943922,-9.592641343836105,4.603857581914904,10.741682219770164,-8.205589133375781,10.912345561064143,8.59999847412108,1.014142046004732,-11.011525477788089,16.828673500367312,7.0,5.0,3.3160863116268438
07-05,24.441525635761447,-13.402059683720033,-15.064933456444008,-12.614974303114423,2.6143868933987267,8.37005049348233,-7.047278850711006,8.118082122266676,5.580443887821495,0.7990231374160831,-3.890573616812866,17.925663489734376,7.0,5.0,1.3191129790898997
07-06,26.75159146681367,-10.951004982398608,-15.584413493377214,-9.46291856408116,2.9379707988854356,9.24956733061317,-9.48905071380695,6.9188190908,6.883905007042845,0.3723206130596377,3.17100493080947,15.021731460477275,8.0,4.0,2.1516269120697973
07-07,15.037591558858946,-11.239189143228758,-18.70130610035749,-8.02547318799295,3.5675667427681588,8.931702722848717,-9.475618618354888,5.627311824400056,1.5859731856703811,2.616369450250737,-3.385728143561743,22.495500796864395,7.0,5.0,0.7528917573471304
07-08,17.41854465116881,-9.077811372428725,-26.573427552797696,-8.717940190683498,1.9780252486836674,5.938859064008191,-9.015644031538457,5.166055458800022,1.5780696095123472,4.817135578737672,-0.2932618571647513,20.275945404748647,7.0,5.0,0.2912125009205188
07-09,15.413534036761757,-16.543572949992896,-23.76237323264222,-9.702451763418425,1.2061366015083321,5.327508007324537,-7.267709017205706,2.2514050145735203,1.8226952685743185,4.561724961926978,1.495962796822874,28.554290384502945,8.0,4.0,0.27976250906133454
07-10,17.121594533908297,-14.34846310425322,-24.113471819465822,-13.246759519868306,1.5350915030649859,2.7074189616277113,-9.456921782277963,2.3430177901819995,1.4962539941554247,4.072529597923664,1.093202738109936,30.608484055292713,8.0,4.0,-0.015668587633381748
07-11,17.000001668930043,-19.96927293689196,-21.866298178236303,-11.558446303490102,0.3289444446012988,1.734603763200609,-9.16666438550129,2.707749400747943,-1.5572345468035984,5.856121727400207,2.589176509321372,32.25609807866022,7.0,5.0,-0.1371017298384635
07-12,17.515531563242735,-28.665563787651756,-15.957450653536398,-11.428573197911565,1.3029303481221883,3.9932051720421766,-10.704228959212646,3.361341320214716,-0.547134509740362,6.569557445214208,2.0974996864336037,32.91062792890613,7.0,5.0,0.037311863010252466
07-13,16.58291664994341,-27.543032688866838,-17.420212049231154,-12.289783748489064,5.219206722149672,3.5836183167632125,-12.072238106720866,2.8944950374653313,2.272731104063477,5.483961866743964,0.7588976481933483,34.7238580618873,8.0,4.0,0.1828682344918159
07-14,16.395494121474968,-34.27230208104723,-14.095743955692697,-12.630205883760873,8.55992301457111,3.8297856107671056,-12.380954197474905,4.295051694757614,2.3265453803175418,6.590774992637452,3.1338989229076817,40.69961038618568,8.0,4.0,1.0376565004702878
07-15,7.6345391007674515,-37.55868772321892,-16.438353122074894,-12.337660166199392,10.365253493314611,4.966331202898785,-13.904762268066406,4.27907012229742,4.695227614322491,5.199145990288026,-1.9796036124519314,38.92282143139682,7.0,5.0,-0.5130564947271617
07-16,9.261574371917716,-31.587296997939323,-19.885556349602005,-11.757104319405476,13.119537283522185,4.4612771705864045,-13.142858232770646,5.180392209795637,3.05823805579892,3.2878452794839674,0.5854823297213942,38.92282143139682,8.0,4.0,0.1253626860421324
07-17,6.393861752227734,-32.05128322691612,-14.637485363023437,-10.894943559426688,12.633626778952472,6.144785259919999,-10.881799850060226,7.23982060566517,-4.140414512708924,3.4958640774609204,2.283368802052185,38.958221303769534,7.0,5.0,0.3786351723260524
07-18,7.289004592697854,-34.20195358790068,-14.637485363023437,-10.246432658162432,12.536442824444126,5.471385235211165,-6.691113713294919,7.323692485400205,-0.9154275483162567,2.4839048087410402,1.4637002407301793,43.21556701136645,7.0,5.0,1.0909403606577743
07-19,4.227214853433059,-36.19833903042065,-21.11887736928878,-11.67314674549055,13.508263833583554,4.4953327793555955,-7.182326991750207,6.915379842674106,-1.8308634111424578,0.030671990319723338,14.227168126640802,41.997909697620415,7.0,5.0,0.6165322979612166
07-20,1.2261600915111672,-31.40624565770857,-20.69930068997334,-10.76523890531053,16.57303752047541,5.616094376822998,-11.49426064340318,6.733392052135353,-0.784656935419637,1.0732974003908986,17.630054170908586,43.04057245147795,7.0,5.0,1.3952421026589257
07-21,0.811907224134709,-22.187500861473367,-21.818180726882535,-7.364349681578755,20.089684733221787,6.166664759318033,-8.04490780270665,6.187437358174568,-0.6538780080130414,0.6459523079505909,19.943816793369624,42.949676216398075,7.0,5.0,3.0605268593260866
07-22,-2.9769996076255762,-23.437499650754038,-20.279724010657954,-8.769640901045001,21.910605025704907,3.9199276257422393,-8.04490780270665,6.36942514871332,0.3004278846193354,0.4008666879182215,17.19929832618787,42.50124495602739,7.0,5.0,2.424418640177005
07-23,-2.5710427693257176,-22.812500256113672,-20.454539604916004,-7.922086044957704,23.630138328496365,7.3394506358597775,-9.167451210278772,4.744529707607458,3.769676348054645,-0.7800312198164302,9.633570372878765,41.30543142953263,6.0,6.0,2.226262143085112
07-24,-1.7591355451910202,-20.962731252136603,-22.89854239175568,-6.758447776243888,24.143840537820033,7.256045889631803,-7.483631638329573,6.367713564465221,2.394956777715514,-3.2650401981053645,4.964539886526284,43.79671198560032,6.0,6.0,2.1496899866664205
07-25,0.0,-19.66205357862246,-22.014385251227285,-4.380480494316007,24.743152977847963,5.952379214636241,-7.612776689905888,7.200003729926216,1.7205197176867741,-7.714474303513996,5.023642893835625,43.497756228106354,6.0,6.0,2.2294403703711283
07-26,2.193549371534778,-20.588233991521157,-17.93401025056254,-4.2553211805700615,20.751346915656967,6.829675289968047,-8.018862237791287,7.003545926901722,1.0071329076229205,-10.019203532966534,-2.53455421220791,46.30681959291294,6.0,6.0,1.7284903832481575
07-27,3.4394902446709086,-21.372861076577834,-17.790534939474174,-1.6149082156612025,22.600350296392158,6.751056244570696,-5.724837395445824,6.1170177013962945,3.3151448204278733,-6.621657081897651,1.0071095067887719,46.43363197109119,7.0,5.0,3.0449168396901007
07-28,4.677621905139897,-21.216851261914996,-15.208034070118599,-1.219516875558132,27.76872900295291,5.393836455310221,-4.853477374251668,5.762408102106071,4.539775685952403,-5.7087260241234254,3.18656510495779,43.91198122684018,7.0,5.0,3.9195259897743875
07-29,6.700376020166283,-20.4368170665156,-19.533522589951442,-2.5957977031656334,27.235437318364742,2.449699730267855,-5.494508949429952,4.054060788058004,3.855931494503835,-9.399124373981179,6.3865617514525175,38.044011718301874,7.0,5.0,2.6055256781726084
07-30,5.6889989626530895,-17.047181983191077,-24.21525184663922,-0.973235049966362,26.70025479359478,1.3998236495204275,-5.586077403071529,1.5769951809367209,4.743909215969215,-10.064165757546569,2.491509274401804,35.550123161553834,7.0,5.0,1.6888085165179263
07-31,4.624998569488525,-18.461535527155963,-20.434787025523722,-4.455441337580153,25.60873408741134,3.0621204910312594,-2.857137834500156,4.672061567088245,6.006623414467055,-5.566409603003888,4.020379901513415,40.667978577739994,7.0,5.0,3.0739654400813294
08-01,4.756096043379642,-18.827157200627408,-18.884130067537633,-3.5891084726646016,24.433248402135078,4.486630292645518,-5.282666328446656,5.098395643465695,6.572003882170254,-5.0781233750361086,8.49377130781691,40.86444203871204,7.0,5.0,3.586950180501061
08-02,4.523231645384263,-18.279562804066092,-15.186245557062957,-2.103961360137877,21.832192843392953,3.6206901938112943,-3.8391233309282096,6.35062628592486,7.991883747834115,-5.7942731980196225,10.191443672805956,39.467067213088356,7.0,5.0,4.064497446002253
08-03,6.129804936915359,-13.818719549820365,-15.61604115719497,-0.49382666628674476,22.18459564896808,3.035554517790275,-3.7442909091669017,6.171739849937032,9.330625852551968,-4.813006641418953,12.247187892921872,40.277777514970694,7.0,5.0,5.074283440847279
08-04,4.767450963954036,-14.264487896377972,-10.028650535133561,6.403940742059644,21.787237613759142,2.613233876506829,-4.4198942088871735,6.171739849937032,5.969537703938671,-5.322951397029168,11.451244750466024,37.52475540143172,8.0,4.0,5.221096405385436
08-05,5.8139532304828885,-12.92718994195268,-8.464851798391054,5.824037273422584,24.3621409965528,2.1739130434782608,-4.604051710927766,3.4697455301606297,4.975127368103328,-6.219317752302862,11.40101741854036,36.435645209750746,8.0,4.0,5.18668073890977
08-06,6.976748312273785,-10.000000691068335,-2.6011535600303395,6.403940742059644,23.731591725322424,2.9565230659816577,-3.8674041397018923,3.111114501953125,5.406518739956506,-7.095714785527732,10.712219643503628,35.64356678713178,8.0,4.0,5.948162528487853
08-07,5.430932982819563,-10.980966447698574,-4.874444972463522,0.7481348652370493,25.941080253877143,2.3478300675101904,-2.564100100869415,3.024912451168735,6.487148664789837,-7.476944703979008,9.6120483907699,28.909468543416537,8.0,4.0,4.71709166621487
08-08,4.449650071877318,-10.174415663102355,-4.411760374749118,-0.9975052261825202,21.440260460780756,1.7406424129604092,0.272238524494544,3.4543874636005154,4.420114190318126,-6.7852355638338455,6.022008615870156,26.342451213567493,8.0,4.0,3.81440301046679
08-09,3.431952288745051,-6.610404801206875,-8.320950092012566,-0.8728141001095924,24.89894868391787,-0.9532032672518568,-0.6410228418970597,4.049296232826816,3.6496335121620787,-8.662717441509269,5.365565427684698,22.6595715323741,6.0,6.0,3.1661545944769487
08-10,4.561407422486038,-6.000001089913504,-5.349184732453629,7.349399030078753,21.822739534720164,-2.462618608526251,-0.8256895021802395,3.521123508970862,-6.001620240851895,-8.297804872540754,6.000002692727482,26.713710433331535,6.0,6.0,3.4192886313207134
08-11,0.23474714423810444,-4.9999986376081065,-10.40118584370382,6.35491846656489,24.59676879749817,-3.2801409070744802,2.5046336806813607,3.0809809715943413,-1.2033663593588615,-11.692615515734376,5.833823283299055,8.20854904726194,7.0,5.0,1.6030928439715186
08-12,-5.985906664392174,-5.142859050205763,-21.159872733809024,6.129804936915359,24.230143712689618,-3.95778200346931,-2.1335853581440656,2.1891418417672424,-5.955732472905451,-13.497146616629205,13.057669902690971,6.8219711743882545,5.0,7.0,-0.4503461109252955
08-13,-0.7042190459943903,-3.857142584664481,-25.51180960455182,6.35491846656489,24.614139588630916,-3.1662239252480373,-2.8756996966200745,3.20346215973131,-7.469387443698168,-15.400417567059932,15.916071978687693,8.707717927796457,5.0,7.0,-0.015715812202136654
08-14,-0.8484811493844696,0.14025566229068823,-25.314459479226375,8.799046189589117,24.126727585613573,-1.2313134980816216,-4.295051694757598,2.443278639085134,-6.989025886618706,-16.748941811609903,20.061416818323977,9.828140930316916,6.0,6.0,0.8309660254617276
08-15,4.516934330666905,-0.4231273952827835,-17.205875979988004,9.512481907403128,25.426482597458595,0.4385898134529319,-5.754713535139209,3.2871981024851866,1.4584187110518783,-14.73906987029493,15.813715495440128,8.1497772834356,8.0,4.0,2.540067621724119
08-16,10.68075440559456,-0.2816898759880981,-14.58026882941463,7.015454060112564,25.223762335979078,-1.2367521828358679,-7.99614561228509,4.10480589395723,3.2321701815033363,-13.645976193922216,12.96205495043902,14.064912744449693,7.0,5.0,3.295256823132465
08-17,13.718816362543315,5.694442476019407,-13.402059683720033,6.880194300670546,26.118213563929537,-2.872528590324726,-9.365854030702172,5.327508007324537,5.557752101372607,-12.761575856041329,21.163006308796643,14.461536896534474,8.0,4.0,5.043287654700234
08-18,8.720935390342238,3.6111077629488895,-5.301916576390661,5.797096107684126,21.543680831817554,-3.992736498239597,-5.182341246633556,5.327508007324537,5.827140355499369,-13.576495693682277,20.019339112931622,21.029407296076144,8.0,4.0,5.318560404139866
08-19,7.209306219708386,5.972219996246244,-4.277285440692127,5.224779774223666,25.22231135346586,-4.197080625418918,-4.318616180137197,6.244503476633595,2.4646489307133694,-13.88418654295489,19.98064414863365,18.28431182345805,8.0,4.0,5.327129744489974
08-20,6.27906904535209,6.181322433150609,-6.015038941820175,5.68319517549224,27.31629354033448,-4.470800815809189,-2.495203713801791,7.458800317384173,4.358163199068015,-18.08287081690913,16.910336955622544,20.245094303899545,8.0,4.0,5.280696723496952
08-21,2.557856725593517,10.821917002902163,-7.963246006415892,6.075328687405684,27.15655309817696,-5.200727124455297,-5.05837034310288,8.017243746486425,4.584979772303275,-18.43220789884802,15.302150228798192,18.448537440180754,8.0,4.0,4.69250127741874
08-22,-0.6250023841857688,8.951046964324656,-12.980776431527849,6.439851305595246,26.437702065451308,-7.586845605265467,-3.197673773881577,8.647262007641153,3.4510457773620384,-18.785309859295346,14.03509261144093,19.219514800281043,7.0,5.0,3.667158956495031
08-23,0.9840088878222344,8.050843233990463,-13.968247793038755,6.075328687405684,23.907864911845333,-7.031967773297573,-1.816439576389905,8.5397096220526,4.654895039569433,-17.831918402115996,13.221887743738932,25.972289473951204,8.0,4.0,4.229854504627805
08-24,4.052445037841794,13.409415499696745,-19.365075448503195,4.000002145767223,20.368884582696374,-7.12980545304717,-1.9138738078044142,8.5397096220526,3.4109164481035465,-20.854453489733153,11.184215416106552,26.628268986020647,8.0,4.0,3.5275541282664626
08-25,6.682294404078193,8.844512726858149,-15.873015392454379,5.289056569777804,19.26829145372143,-9.840676506345108,1.774039026205029,8.198121562934563,2.8022372634845514,-18.139364976228734,10.413480855730644,26.415905424531044,9.0,3.0,3.8195735343577657
08-26,6.330597640768426,10.128388230598183,-8.372092679403503,6.326039426658434,15.489359104886983,-8.294927068088828,1.9607846629224337,8.930071408273282,3.9436600691849586,-17.129627774256633,10.230179427366112,22.13575061675477,9.0,3.0,4.306515255472051
08-27,8.32355900980204,10.85714612688337,-16.586921292132878,7.340560524059512,10.827461086350915,-9.493084762746054,0.46685518727144876,7.685881836010234,1.9309749811341748,-13.963959438903817,13.582170631855432,20.31992661531531,9.0,3.0,3.4408808754083076
08-28,7.565010208035135,12.160227932262096,-12.28878165546722,7.526883190618305,9.419011682762566,-8.663590298012226,-9.099998474121094,7.142852563388489,9.514777867264582,-14.488642944469493,11.456717920849682,20.73863161356126,8.0,4.0,3.4152583005560064
08-29,9.773541574571919,16.234653064208942,1.0825429655129413,7.885302944278644,5.9859099652504915,-10.258785967272543,-6.784656590039533,7.453931498545886,16.18257592790786,-15.802559613111642,10.316234235452834,21.671442200928748,9.0,3.0,5.311677683852878
08-30,10.731125232289406,16.914749967302132,4.319370804620913,7.526883190618305,6.381194278914909,-11.835978676090237,-7.524745014880152,7.7564584591708865,13.466615103740438,-15.447437846917635,6.903773766914625,21.73556856164835,9.0,3.0,5.0772981522776615
08-31,10.520092937027162,18.132607577271678,6.413609681691843,7.393941012295799,4.1176452674431445,-14.176971823688397,-8.05969602556948,8.34028372885233,12.108641886483616,-18.574039681359096,11.380025659830185,21.76759238368548,9.0,3.0,4.946977716997022
09-01,13.341205180827107,13.396478876920067,7.85340203034021,8.004779993484924,4.598663787463313,-13.100851916125913,-5.561164994618828,8.590490013621874,10.126586593057851,-17.270396364913175,10.597407353388817,20.106694120380865,9.0,3.0,5.056941222818926
09-02,12.750889805131793,12.855207394163614,10.852709309956225,7.563026653193859,2.728045245628464,-10.90573325746244,-8.088970771377852,6.616415323422202,13.892909686626197,-17.39926788551605,11.788831970408465,17.64464914373981,9.0,3.0,5.024892718159524
09-03,10.507677866165608,12.145744089921827,5.826562310403915,8.333331441122272,3.631759287450645,-10.813309697722234,-7.583417330277076,4.418015612061184,13.296908650023816,-14.382579277154386,10.271121946601419,17.64464914373981,9.0,3.0,4.441372003528067
09-04,8.930672249602225,13.751665746946015,4.137933665308447,7.784437634842127,1.3513500451867788,-8.687620707672178,-6.000003814697266,-0.3568239225415684,14.234236983565584,-15.163490208132693,11.783108409398555,13.725485154547446,8.0,4.0,3.7909126030294558
09-05,7.429241410520369,12.70270331224619,2.7972067613240648,4.311384358142971,5.574322963736227,-8.310501034366489,-8.517038281138632,0.4424795565566573,14.45003774932309,-12.252963912182475,9.489049352794256,9.838158053568554,9.0,3.0,3.1628400242103987
09-06,6.658739036147122,12.584571652785382,0.9971534451790313,3.592816491369575,3.291142031797835,-6.6606727962203935,-8.625873958311749,1.6608355537801058,14.342199190823457,-11.785845115477523,11.484009276895835,11.12510349488411,9.0,3.0,3.2220148586377317
09-07,4.617249802428326,11.627905763147872,0.7122534312067641,2.2646069878749024,-4.95726438599393,-0.4237304231072869,-7.333991674205972,1.398600116091497,13.695181551893446,-12.436177381196408,10.939107449377754,12.952301225565623,8.0,4.0,2.7546702052568826
09-08,4.268291619191356,12.311902905777837,2.2792001117782505,2.764417676354124,-9.93732899817072,0.5037738598747331,-7.22771796697796,2.9720210785373338,14.056805650753187,-8.921391224955052,11.93877605635242,13.485898363959375,9.0,3.0,3.20788742770624
09-09,3.536584982908908,10.123115963210076,4.154727235824871,2.647415835376813,-8.289237810713663,2.0955573646677825,-8.11880855300416,4.517273964615034,15.201140742501146,-8.209226925221737,13.266328845504855,16.428274063012022,9.0,3.0,3.9460954757234954
09-10,2.439022120941512,11.924120606976219,2.1276608696345933,2.294680996506786,-6.462880204760975,4.191114729335565,-7.425742293792487,1.6784415680697853,14.40891210878534,-12.245666495431706,12.628486956274942,16.79607199972376,9.0,3.0,3.5295185801886113
09-11,1.913873851469761,10.866574469403878,5.4794532180301685,0.24271243501068138,-4.01746764899289,2.8499592949748815,-8.879920564990933,0.8021403783060871,15.800640070851696,-16.528928721608,13.558494451230693,16.864022863884404,9.0,3.0,3.245962841464202
09-12,0.8484811493844696,12.31393591140715,3.6312815305247472,1.9417457749564655,-2.0087379890131722,1.2765924981299868,-10.060362597736031,0.3581017151281616,11.865644660175784,-20.897282557375448,13.069016330937213,21.41446144077245,9.0,3.0,2.8127398222743145
09-13,-1.9950104523650183,14.9606283937884,7.661828102916964,1.699021766228009,-4.698587758795114,1.9557864917874381,-10.393539342386214,1.3239154416623349,10.003650354784972,-21.015349014776735,10.237018126352645,19.37576275582882,8.0,4.0,2.426260405418875
09-14,-3.4134066115312,16.32390676963489,7.793925220723014,1.4563093312173492,-3.8903586565756516,3.0277594613673275,-10.17119077711491,1.3239154416623349,11.317993951079409,-19.18761706490408,10.593006594418787,20.503601016215804,8.0,4.0,2.973153723016089
09-15,-15.555554378179812,13.49614604651442,7.926028637566677,2.063107779320683,-3.4331017175121046,5.0247165823769935,-9.609610211627876,0.7943526318970308,12.766722705237097,-16.826002610770107,8.601035818822824,14.103108490757311,8.0,4.0,1.612579147866928
09-16,-19.444452906832517,11.311055150506157,8.222810194904975,1.7052416890652355,-3.2513170636049646,3.040545656351841,-8.708707762680003,0.35429550033817847,10.787924601019322,-19.14976585137677,7.401574298591285,13.932674248330285,8.0,4.0,0.516823146217752
09-17,-17.638895713988813,12.548015701069378,12.757734777772997,2.063107779320683,-6.578947588567486,2.8716228733626847,-9.309312577408459,1.0563370526912477,9.420562458929615,-17.319501393888,7.356812797497013,17.170851713676,8.0,4.0,1.1998656567055717
09-18,-13.262599536595228,9.354414016775632,13.427112118742949,1.0962259703984605,-7.192988385417601,2.956084264857263,-10.642574453382322,3.1869069466016966,12.050815922920693,-15.737199709162136,9.24855578232813,13.534823315436437,8.0,4.0,1.5016313544586648
09-19,-15.595073535009169,7.898255586638984,11.271299090634681,2.314245791723317,-8.50877455690533,2.78011732845532,-9.859160334822192,3.8494424757745094,10.055045031626276,-15.966387534187279,10.877569771321655,12.149534709423007,8.0,4.0,0.938842818722815
09-20,-19.01408341923682,7.526880893449264,11.111109725963269,-1.096225970398439,-5.934455965967764,4.453779411437072,-8.982031710716502,0.2650153160773475,9.504587715918865,-16.46294658403918,9.333333333333334,13.642632789398752,7.0,5.0,0.3622996279349329
09-21,-18.181813937876598,4.306860056762235,12.02614463823426,0.3584197536603589,-10.124328299073614,2.6541131123029715,-8.440917648752325,-0.35335656299807805,8.513760347978785,-11.48449268505737,10.63718000058054,18.154114936649357,7.0,5.0,0.6721403093675437
09-22,-16.326534716632533,5.787346410138099,16.601306733258493,-0.9708728874782327,-10.714284193759035,2.2355995384642764,-8.999996185302734,-0.8833956198377584,10.963810400114033,-12.36761907853567,12.299746879562914,16.95269711398745,6.0,6.0,1.2148170328316086
09-23,-15.918375079075533,5.787346410138099,18.693982699663973,-2.4630518729541366,-10.026611489515675,1.052630610303047,-7.799997329711932,1.028276647596979,11.48844028221042,-14.269227247971756,16.69121937064614,24.529086867796558,7.0,5.0,2.3994766557605156
09-24,-12.244899415579303,4.679143098129581,17.829453209459178,-2.4630518729541366,-11.573234036238416,0.26315556118465094,-7.100000381469726,1.2068994717137742,12.37481830388949,-14.621909710737189,6.6056967695639885,22.05943359169167,7.0,5.0,1.4179587157211302
09-25,-6.8364577672490086,6.216928488743446,16.75392349921589,-2.5830262631110936,-11.301988721292657,0.0,-7.942980762582072,2.3850062898640343,11.070777936565818,-10.976070634343014,0.7113790014099648,27.00964445349055,6.0,6.0,2.0422612933926545
09-26,-14.056234231100085,5.340449008726171,16.315786666817246,-3.444031107377766,-11.12115276284009,0.6145798629371609,-4.74268692498057,0.693240242378725,12.13852049534956,-7.7098393183731435,-3.099596549249718,18.718590747266152,6.0,6.0,0.8039688441294702
09-27,-15.13513983732766,3.9295387175613317,9.694555096062432,-3.690039194488912,-16.248838677982537,1.7636667246384026,-4.216868219732307,-0.34722187728794907,9.425203027761023,-10.71021535509103,-6.06672807853339,28.349945595855285,5.0,7.0,-0.2710118398804428
09-28,-13.751678479580825,4.054056579305613,9.827360256795483,-1.8450137320888411,-12.072238106720866,0.9777747260199653,-3.5928107807451455,0.6076444940708436,8.71117641599186,-13.972290731621639,-5.671950064695864,30.45503420448117,6.0,6.0,0.3105887317676463
09-29,-18.548382083202828,2.702706534118825,9.960159085029941,-2.3631788717012463,-9.98134018816387,2.1089610606735474,-3.535357524808538,1.3020882486467262,12.852111505483057,-12.153440076763387,-7.150264884287181,24.85549353875562,6.0,6.0,0.00412969531505573
09-30,-15.591402087739215,1.6216200542241284,11.803711816821664,-3.7830986178035735,-9.065675339456433,2.7360941573685524,-5.25253007879275,2.9461311287722665,10.559885240061313,-12.925434483448786,-6.269276865879079,21.38728701825482,6.0,6.0,-0.15272400480142453
10-01,-10.34946202963043,2.40641481122509,15.194800369332073,-5.648261650037738,-12.352403527746032,3.265665384382939,-3.8383851422545154,3.3333301544189453,12.99552026204512,-13.533258080693972,-6.601344646399763,22.50481688204148,6.0,6.0,0.6147860655569333
10-02,-7.382553084778051,3.897848919659401,15.194800369332073,-6.572167704115202,-13.714806516722389,3.4421919324707675,-5.091649852734034,3.4138204795877964,14.208022754370905,-11.94968138506498,-5.827751952991262,18.359221418939725,6.0,6.0,0.6647746148295625
10-03,-10.162601468425821,2.05479577326326,15.414502755495008,-6.0566920037606,-14.350589381109558,2.925531307784289,-7.502574822761629,3.6544815762240437,15.356307281081804,-11.320751180453112,-1.8050561757963464,11.720597061840095,6.0,6.0,-0.006004106384880359
10-04,-8.981234220749013,0.9695248872349311,17.56935760083768,-3.092780464424631,-16.54206064780511,-1.4842286769520012,-7.282051673302284,3.3912311185897694,16.627632702714994,-8.56918340963604,-1.960789910066263,14.126673725931358,5.0,7.0,0.3976742526977827
10-05,-9.5687335693613,2.4793429683335475,16.776749697850935,-4.3645719416282756,-15.168537820865,-7.465611516937949,-7.613166160378797,3.1430943725801206,16.426898453241698,-8.326845626924712,-2.511771464707982,15.16875188736734,5.0,7.0,-0.08536672678586414
10-06,-13.531806426306739,3.443526062236837,14.795248837496858,-5.3846162310718695,-17.478508854187243,-8.531742690341739,-7.8431399565837046,1.8196878763621611,19.186990629366733,-9.006209915413947,-2.9968437492416236,14.410318632813702,5.0,7.0,-0.9264246487392148
10-07,-15.42625016348932,3.581270257368579,15.270271619973688,-6.892070297329979,-18.269236941309615,-4.1992218240921435,-10.52632096938981,1.6433837963133622,21.660764751656696,-11.872507955961343,-2.9968437492416236,12.286695393829145,5.0,7.0,-1.3116721734726973
10-08,-14.479028294898027,3.0513213018699292,12.264148760853185,-6.892070297329979,-15.877708108140645,-5.957037343614638,-3.1991788755519917,2.2988561545973223,23.217666981750217,-11.872507955961343,-4.88197359017869,6.560490688385015,5.0,7.0,-1.3139183815183035
10-09,-15.247254141818573,-1.2430960695181177,13.545816102340776,-4.266005500319778,-12.03155100638499,-5.664061881543606,-5.279505558361494,2.53890596763459,23.217666981750217,-15.996790931814186,-3.487132763748239,7.43269218598276,4.0,8.0,-1.373359717983387
10-10,-16.80439772578893,-1.805557192843668,13.545816102340776,-5.018821905863727,-17.455615820120855,-6.237615217544434,-3.9094660905506076,2.53890596763459,19.30253817994006,-13.183282947283043,-2.5751151572007127,7.356846690620033,4.0,8.0,-2.0204804263883767
10-11,-16.323725467905433,-1.805557192843668,1.989391195309327,-3.513177128974762,-16.781159063430014,-8.350519954062392,-1.6096660748576803,1.889897242964399,18.904859765817942,-9.9276579743543,-6.410959322158605,7.356846690620033,4.0,8.0,-2.8817856069895966
10-12,-16.323725467905433,-3.5014006256985177,-1.3262586888394798,-4.494377607870563,-16.68292720143388,-6.484299399629642,-1.6096660748576803,1.4790493348180456,17.834194742345733,-9.451344314172182,-3.82955258582554,7.356846690620033,3.0,9.0,-3.0861217665374254
10-13,-18.98734007428601,-3.5014006256985177,-2.6525173776789366,-2.712703777338322,-16.68292720143388,-6.484299399629642,-1.106646026108994,1.889897242964399,11.410260532812917,-9.9476412442366,-2.2304836855850927,7.318923942938683,3.0,9.0,-3.640573141106666
10-14,-19.127990266888652,-3.781512408618706,1.072385030790513,-0.969696044921875,-16.68292720143388,-6.52610056265827,0.503010454439263,3.682486083730248,12.801775215688549,-9.726688737634925,-2.2304836855850927,7.58437594368367,5.0,7.0,-2.7834471816174293
10-15,-19.690577624158585,-4.463036142527091,2.4226087819287456,-1.8337360994395473,-14.887360415379804,-8.634534672524442,-0.6036259773603081,8.489795606963488,12.995241119704982,-9.462705102111627,-2.9008500578441914,7.167240185237758,4.0,8.0,-2.6167950331258854
10-16,-20.28367819593501,-3.2078105526655785,4.227214853433059,-2.689478058030009,-15.964741511761533,-9.939756700064736,-0.5035169740577724,8.415030655487485,15.330036047832204,-11.722490203353953,-1.1603440470801267,10.959428157079595,4.0,8.0,-2.2116755440930316
10-17,-19.80056795245379,-4.66760842565168,3.8461533596845947,-2.07824046395673,-16.062686946085456,-9.782606544599494,0.399600009374798,8.638959902776522,15.396339495503966,-10.964912314057274,-0.5801720235400634,9.670083668011406,5.0,7.0,-2.1654715195827663
10-18,-20.659972748447757,-6.474824438158884,7.97940652613941,-2.56723753438124,-14.035083316369812,-21.90082457358547,0.20019524071639427,7.224959707652605,15.182925786807516,-9.330144177457056,-4.305700970643379,9.670083668011406,5.0,7.0,-3.2513514024763555
10-19,-17.29427835318938,-5.873923299308715,9.652509676204248,-2.0858906043066052,-7.71456315876064,-21.649488894462383,-0.7070772848062542,6.075539460192149,16.280488648774902,-9.9276579743543,-6.521743412053967,9.670083668011406,4.0,8.0,-2.508000127338294
10-20,-13.51723506532864,-4.727792590319481,10.167309701316444,-2.339908087874769,-8.551993369322087,-20.777887797928056,0.4930985112617741,7.307063390996424,14.697844238486576,-10.031975151715034,-6.928534986632452,7.773989682090489,5.0,7.0,-2.203001793747401
10-21,-13.103445645036393,-5.730660376423996,9.499355259844435,-3.7453206262485197,-8.869394026429587,-20.913699351908132,0.3944769279950522,8.562200402407406,14.60570790609174,-10.031975151715034,-5.037516300880263,7.205162932919136,5.0,7.0,-2.2637590041153466
10-22,-15.310340092099947,-1.2534840492986004,7.124681084822718,-2.4661007571657207,-10.526314811045147,-21.116749676670516,2.2682493897754266,13.225057987527448,11.00096093284048,-9.37624395390568,-7.104411734361994,7.129317437556396,5.0,7.0,-2.200448186835428
10-23,-16.03375309533371,-2.3545717622442432,7.2426900014335525,-3.4999966621398926,-11.598436197237673,-19.28933548169846,0.2008078081031102,15.575618515920597,10.629414036028209,-9.942011543331091,-9.95694504341376,4.019724457930003,5.0,7.0,-2.917232913831947
10-24,-12.167837074015207,-3.0683373479873874,6.887754481417726,-2.999997138977051,-9.941515412622167,-18.907986053019854,2.9382976455826806,17.134414337965147,9.703156768533766,-5.2609796597934535,-6.7276641826307895,6.446722445340939,5.0,7.0,-1.3303309325171375
10-25,-12.640457677955721,-3.3566401107275885,8.905855906001204,-2.625000476837158,-9.593030562675239,-20.58824297494556,1.1964096585627342,19.175106201505475,12.57580767204657,-7.083682829563618,-8.46618451327329,6.446722445340939,5.0,7.0,-1.3377781052101048
10-26,-11.0803419781095,-5.833334547502042,3.689566882021913,-3.2581422484114837,-9.021109150678894,-23.340248131406838,2.364529853577632,18.017364877733716,11.745931420801828,-9.049208163961355,-4.155415660453665,6.446722445340939,5.0,7.0,-1.956140366753979
10-27,-9.55678777384206,-8.05556133205522,4.071248934168859,-2.625000476837158,-9.864598540011324,-22.451084414123315,4.150573028487725,18.306800208676652,14.294732124655724,-11.14000749380506,-7.043807554348591,5.119455208591386,5.0,7.0,-2.066169840036865
10-28,0.27700805412325225,-8.472224301026234,-0.12903521137852822,-3.9240498612313233,-9.546767425685347,-27.120419904291065,3.571427585140981,21.001393836783627,12.923175137014617,-3.1375654068652565,-7.580817516817169,10.997350904760971,5.0,7.0,-0.9283770091226232
10-29,-4.432135470365197,-5.124658907869853,4.51769752965732,-4.055769037723852,-9.633911261800227,-23.979056713262896,3.861000306814344,21.60702682155815,10.68447639874245,-8.048882782372417,-5.365040472608944,13.424348892171892,5.0,7.0,-0.5454087247549356
10-30,-0.13698290114252706,-1.6326515253891258,6.459324248710504,-5.662806413134538,-9.826584709477087,-24.29319003653022,4.423077452112252,23.568137080986805,10.084033613445378,-16.45796155959016,-5.254429020731571,18.847178849189632,5.0,7.0,0.009762089870778349
10-31,3.2697580785568006,-2.892555849714594,4.51769752965732,-5.662806413134538,-8.766857778220007,-23.958324434029084,2.9069694373247605,25.862070435486928,6.515100512485862,-17.084076880819733,-3.705752650006714,17.44406611707735,6.0,6.0,-0.12955932461130418
11-01,3.2697580785568006,-2.328761575548326,8.182915413223867,-7.722006513583324,-6.62878580918224,-21.92067221496731,1.7646995575231583,22.838284655235082,7.533082338242485,-21.109119787632604,-4.054793266400899,17.44406611707735,6.0,6.0,-0.22761108395466353
11-02,3.2697580785568006,5.102041933448142,7.942241768017998,-5.102035851341627,-6.06060003993511,-23.206760223328786,0.7920784226189633,25.280528185766432,5.2935171438414566,-19.152771057742985,-7.142862423445963,17.44406611707735,7.0,5.0,0.37160017112772287
11-03,4.6666653951009,5.22959587078494,6.016852606371138,-2.915082673834483,-4.18604473735011,-22.560342418123813,0.885828286806649,22.97029458654157,1.5997115855532678,-17.064390237534905,-4.87804651118554,12.893444890681888,7.0,5.0,0.22154055365095862
11-04,2.000001271565767,4.591838348313978,8.510641415865916,0.6119974329001995,8.196721439622982,-21.145829711523465,1.57480167140813,25.878590004981046,5.027178745709669,-23.33965889042076,0.41173403216439597,9.404631667266392,10.0,2.0,1.810220618987854
11-05,0.5333328247070312,2.4516136415543093,11.368909884967172,1.3365694142840046,7.013196665192877,-18.749991307656316,3.3464582450214455,27.620220295248643,4.3448528144126914,-22.295389087902464,-1.6974545228776605,5.650366443105933,9.0,3.0,1.7435571091714728
11-06,6.037736233830882,4.707383665536948,11.778290980355198,0.8546971722914415,8.745870263624068,-18.64583219505025,0.40200967457085374,27.664817607872145,2.374302792134703,-27.058826279337755,1.7473807761927855,9.442554414947768,10.0,2.0,2.337532092247399
11-07,3.5202083212621504,9.975960987383072,13.574663635622187,0.732594249285334,11.138609245400469,-17.148758213618333,-1.1167477402760564,25.837019408085737,6.356223094439094,-29.06862949050882,1.2481277655006828,-2.730372735837286,8.0,4.0,1.8599082105615192
11-08,7.499998807907094,11.882355633903952,12.54314992386517,0.732594249285334,11.223627686846521,-15.148408115582587,-1.6326514724293246,26.63699747182326,4.792657524662129,-27.352941313966888,0.15306472480414401,-2.730372735837286,8.0,4.0,2.383339365440127
11-09,12.52955009456142,13.176469241871553,13.348670041291118,1.5911886563884623,7.824590184501963,-15.030677987372668,-1.840493968204791,26.764139904571937,3.467030778784967,-34.268225926557065,2.9663155892048647,-2.730372735837286,8.0,4.0,2.3165153227670396
11-10,11.465724144857942,12.941175348618442,13.23359809045638,2.9375795069048696,7.824590184501963,-15.030677987372668,-2.4539952080301926,24.475521550130047,4.078860502472921,-33.35032536779441,2.9663155892048647,-5.839965715463664,8.0,4.0,1.9373667198738749
11-11,12.056737308832547,11.999999775606044,11.392402979546455,2.09877216203612,9.53586563767493,-15.768059031179405,-1.2269927283793896,23.712648765316082,1.8938095086974205,-35.42206287810518,5.531086888084664,1.592719237494566,9.0,3.0,2.2830773021354047
11-12,11.938536930586816,11.53388594281766,12.20069090818934,0.875002145767223,9.312077597086365,-15.259410087914588,-0.4089975761264692,25.171334580814666,-0.1726558908490854,-41.198698553854896,3.4722260329248495,4.778157712483671,8.0,4.0,1.8535124784937962
11-13,13.176469241871553,12.048192494215613,11.49425312555803,2.625000476837158,7.63422685895685,-14.750761144649788,3.280326676099131,24.417873068652014,-1.2919023991569305,-35.964460898802955,3.819446744006357,3.9059562148859266,9.0,3.0,2.53288503820608
11-14,11.401425527890444,11.51514920321379,11.899313376297407,2.999997138977051,10.234901503525155,-7.3705156765915785,0.9146356828482453,26.946473000401987,-4.4744326552176075,-32.98484919033394,3.8690510543115635,1.2135062267299903,9.0,3.0,3.0137212660043744
11-15,10.12048353354938,11.729144054861553,10.023311668549931,2.625000476837158,8.561643611917273,-1.8000030517577945,0.5102060179767605,27.860997144462612,-6.143464316798701,-34.34397224463635,4.640719873696235,1.2135062267299903,9.0,3.0,2.9164644162823374
11-16,15.515287626232244,11.411041372617053,11.771558986313096,2.0100483246901715,10.665528767235203,-2.106319283074156,-0.9316786129349832,27.561415424061625,-9.197443773515895,-25.536060693096292,5.042437315317856,1.2135062267299903,8.0,4.0,3.9516101400479933
11-17,15.968288330633595,10.920238420930547,13.752911874490223,3.391959543122912,10.665528767235203,-2.106319283074156,-0.6211223660916663,27.08208695703847,-10.333806332316216,-22.319687239447557,5.042437315317856,0.0,7.0,5.0,4.286876332319935
11-18,16.308041559031782,11.533737722466466,13.519811861618965,2.658228298884677,10.282774647986324,-0.6992976346019507,-0.31055624684329847,27.022169470149077,-11.150071017302956,-21.54964089658505,6.397634136735123,0.0,7.0,5.0,4.501069325128262
11-19,17.55379079603833,8.816124446570127,11.515863604180568,4.353232665338244,10.189985431348214,-2.297697672101054,0.0,31.05589684162005,-13.295215445188663,-12.40483863514474,7.21950996212843,0.0,7.0,5.0,5.225554332899126
11-20,15.777258407574077,8.045978551462472,10.992905722756054,1.8472918409050416,12.435229618917342,-0.8991024028971882,-1.0395050172488967,28.596492597870128,-11.6590399593242,-13.815180540228148,9.073173709031995,0.0,7.0,4.0,4.946291877401556
11-21,14.836453218544838,9.547741523111315,9.167668945016477,1.3546755939353359,12.003457275307989,3.1936191005918872,0.5005024212254495,28.134195393556528,-12.646444214522692,-14.226892114221737,10.975609756097562,0.0,9.0,2.0,5.2367155748869125
11-22,20.327865947780335,10.224446405171255,12.529001601442683,0.12315552983714602,11.255412720925271,0.9036159863773943,-2.4742244931687916,28.327441670289282,-7.51206158093828,-13.586455765916503,9.295496912362822,0.0,8.0,3.0,5.784474577846884
11-23,22.19850532668333,11.524161877417264,13.45707497462308,1.6969738584576233,10.480347853753818,1.3000011444091797,-0.9136974155136568,28.0329764636767,-8.476909185625244,-22.134776275885365,7.0582442695989585,0.0,8.0,3.0,5.35190857429964
11-24,23.875802812011813,11.152412051607609,13.805105255442566,0.602411922721108,10.087716289577694,-2.492209431630911,-3.0051810706412785,27.8562995862918,-11.631201030347011,-19.38579164394597,5.9910170833869545,0.0,7.0,4.0,4.738031818706197
11-25,24.518200475816094,11.152412051607609,15.950229637003954,0.12106814291444248,9.372240320859538,-1.840493968204791,-2.9015616343428525,26.73444675194599,-13.20415603521157,-17.803021648315813,3.8795315107817467,0.0,7.0,4.0,4.664907967071195
11-26,24.83940186037963,10.931678181247143,14.463278583449938,-0.12136200436421749,9.485813121933282,-3.476484272710668,-3.730576420544893,26.442306369719372,-10.353267116736019,-18.5326318821642,1.198548427222607,0.0,6.0,5.0,4.262225403952665
11-27,27.70339903864522,12.282880848812702,14.463278583449938,0.24389639700674023,9.042549009180567,1.0224890646805118,-5.92593048592079,26.131563086621963,-9.32085436527724,-19.38727267946239,3.1787420186307904,0.0,8.0,3.0,4.952895043030668
11-28,33.04514992933099,13.144964699406895,14.07491701355981,0.24389639700674023,8.06737472477239,2.1233572381901507,-11.744969127726119,28.42105556686456,-11.677565973531904,-20.05744689554117,4.116732118507654,0.0,8.0,3.0,4.979788807570001
11-29,36.98011278707342,13.463890995843744,14.609286217429537,0.609758437779131,6.995513539524286,2.708128891997852,-12.373446403988225,27.695928378100582,-12.986560321196725,-19.100047332195295,4.465215992375376,0.0,8.0,3.0,5.255648431895307
11-30,36.46308458951884,16.965353592703117,12.004529467024577,0.733501434941693,6.962029191228162,3.096907218066345,-16.433564801281168,28.2262769710853,-13.434376597601535,-20.811209868775148,4.031415928717508,0.0,8.0,3.0,4.816995593802307
12-01,34.99546464302103,16.60692814206352,11.778029114823902,2.0782404639567083,6.962029191228162,2.2177446102500205,-15.51925287126086,27.047727664322814,-12.263173895066643,-17.726852499050562,3.475512666492523,0.0,8.0,3.0,4.971033102565051
12-02,34.27017066620508,14.217444127730388,10.985275182024361,1.2330386193429383,7.713001669058407,1.3131228866239175,-18.319728172764396,23.80671285590122,-5.073925461251809,-17.2333529635375,1.9786140328223258,0.0,8.0,3.0,4.574197786846246
12-03,35.539435125633,13.739547324863748,10.872027706021195,2.317068107350722,8.146820422529785,0.5050428180518417,-16.219374478650604,20.466782226203552,-5.321656770917295,-15.670955016287389,0.05356308966775867,0.0,8.0,3.0,4.535691712872192
12-04,35.17678813722501,15.248226430689012,10.872027706021195,1.0975628619674074,8.146820422529785,0.1010027837658038,-19.136527441339567,20.41916554072189,-4.897688755376603,-10.02734185067933,0.48205759089509065,0.0,8.0,3.0,4.790174452201641
12-05,39.55857345538962,15.448107743610926,10.262263685606344,2.439022120941512,7.60967211874668,0.40404003428603796,-17.999996858484625,19.552060571479505,-3.1125781555029963,-9.298080941301755,2.5709670073638966,0.0,8.0,3.0,5.619504231844594
12-06,38.30156057976456,16.23832097177627,12.206048324053599,2.6829243330356607,6.714413562017091,3.4068057566001335,-17.999996858484625,18.33534364198905,-3.7417189808594418,-9.298080941301755,0.7498628231191086,0.0,8.0,3.0,5.632956934309136
12-07,40.41841004851927,15.882351819206676,11.982084379562801,2.439022120941512,7.264569449816287,5.211403431614596,-20.552885827757265,16.646563580109493,-4.933773951908795,-5.150406259163484,3.4796552886038987,0.0,8.0,3.0,6.057249506628749
12-08,39.83333508173625,15.294119890998381,13.213888744123103,4.126209771782478,6.3405780043829285,4.365075235253875,-21.848736032334713,13.268997704394323,-1.4196051001329548,-12.488688602901657,3.8912555081554077,0.0,8.0,3.0,5.381369183788119
12-09,39.83333508173625,15.05882599774529,11.55508231156644,3.4229853222766082,4.9632348912964686,2.6078256962706954,-24.369744916732667,8.91758787733332,1.4153996369508177,-13.51598649945517,4.1976568596649475,0.0,9.0,2.0,4.507183521554417
12-10,39.16666507720948,14.634144045145469,11.534393381883598,5.502387322975613,9.194397405605033,4.2126385661482955,-24.849936540014596,10.277617799336545,1.4478401959391467,-13.51598649945517,5.529221957429884,0.0,9.0,2.0,5.261115226016941
12-11,34.639354837175595,14.888623022816743,12.91667370332584,6.627218407336779,9.106829727715128,3.7111321529517385,-22.711056861669817,10.647061291862936,1.8676267571261649,-10.372090894122456,4.791995041496151,0.0,9.0,2.0,5.509447265501233
12-12,36.00697487612833,18.701008054008934,12.000003613923726,8.047335428256792,7.530644929350437,4.960317497861327,-20.85308431735619,11.788616805558648,-0.7108973526208415,-4.00000283884446,3.896786624735128,0.0,8.0,3.0,6.447308610083485
12-13,35.61403159472922,19.779004686492485,15.30507222578905,7.218931011198403,7.04224701794174,4.339054609451596,-21.140139154899586,11.724915166529062,0.23697224104031636,-3.2093048095702956,4.595883915519653,0.0,9.0,2.0,6.792222375351803
12-14,36.4502161785602,17.977522431170975,14.064112160777423,6.405698922200983,2.4500947962615967,3.7563535523253484,-23.039805261774397,14.599775569358089,4.773194688763844,-2.1149383194145113,0.0,0.0,8.0,3.0,6.276852059852463
12-15,36.22936571130762,11.910106869391393,12.512926872806263,3.9953013330595954,1.012888215052687,3.166500723438441,-22.4242470481179,11.781286243253184,1.4065641919255152,4.701631446969647,-1.7650392552986789,0.0,9.0,2.0,5.210607108648981
12-16,34.83927149557838,12.921344582261698,13.627251693966471,5.767012636679568,0.2782906652533342,2.6557735433598713,-23.15151330196496,6.67433776424268,5.128204969469741,4.355721197565671,-0.9852233205571252,0.0,9.0,2.0,5.175872660487944
12-17,30.929629442436095,11.88340732862356,14.426878010446861,4.444445683787238,-12.858458239520793,1.9407515947256255,-20.60605829412287,8.045326385180907,3.115679587936832,3.8321174710958963,-5.311650415781309,0.0,8.0,3.0,3.3201723795673375
12-18,31.210759294133865,5.668934436510374,15.26419157394234,2.6035535147301343,-12.118403469856966,1.1235920031242514,-18.674700664044586,6.563046873447279,2.5016678167168993,3.844415911376151,-8.56368486921585,0.0,8.0,3.0,2.4519477017386575
12-19,28.186716755398038,4.805492989620663,16.085270314926923,3.076925855036802,-9.620720827778689,0.6103709705804747,-18.50060034198503,7.521366109445517,2.518719510742328,7.734061260137142,-6.233060005288886,0.0,8.0,3.0,3.0153785492362726
12-20,26.67277624300216,4.147472323669141,11.95218938072246,3.3136063821466952,-1.483421254171597,-0.30768956893531474,-19.951041606113602,9.800566314113272,-0.136150158849426,11.307100547204593,-5.517236006005991,0.0,6.0,5.0,3.3165143830651993
12-21,27.86294057774948,4.171362912433236,13.446218990030417,4.255315071559934,-4.9601454518055315,-0.41067723606770756,-21.437429508457097,10.370369082301172,-0.6467002705409866,13.446885126912209,-15.22843109221477,0.0,6.0,5.0,2.572475683491696
12-22,27.444252582690766,5.186020790100346,12.649397499150558,6.103291429871157,-6.278033963123337,1.6096564805482394,-20.591863711350193,8.547008918566968,2.294198107889537,18.05309670282725,-14.453780776298355,0.0,8.0,3.0,3.3802703384060777
12-23,27.101199732120566,6.426152222980475,14.285712943456208,2.9126186624346984,-5.898130704521601,0.10162834071912215,-24.044400067686183,10.175241019746798,-0.6678334678869121,19.896194699369445,-15.750712446060666,0.0,7.0,4.0,2.8781392445559955
12-24,27.787305433260954,9.24092561592252,14.731709550066693,2.200492646215289,-8.166965346142224,-2.032518355322763,-21.331696290347864,7.066138848291394,-2.9475187053175254,19.58315281986539,-10.043669122482186,0.0,6.0,5.0,3.0072797578341395
12-26,25.42677353645484,8.73893766799411,15.961537579812916,2.6764021883460307,-5.989109074375154,0.0,-22.042347654085805,7.484523857313602,-2.2857121058872893,16.57218095872175,-9.38865310783308,0.0,6.0,5.0,3.096211153871826
12-27,25.22522607665103,9.24092561592252,8.86340321110789,3.163019713329222,-3.350970981726104,0.20019524071639427,-25.802313719186614,6.217912777483601,-0.5714280264718192,10.510247777310854,-11.277781592475042,0.0,7.0,4.0,1.8682030077218272
12-28,25.42677353645484,11.645291013830194,10.531806181559698,4.242423086455363,0.8496208800379849,0.6972081184281306,-28.947372548798185,4.791786193298971,-1.8571444920131137,8.990748644828393,-8.779439843981335,0.0,8.0,3.0,2.299308397508412
12-29,22.74715933552847,12.927351309075993,11.261729995015832,3.5971245233343545,1.7676770717510675,4.775549066360156,-19.112210312594698,-1.0268020010077503,-1.3768085344727905,1.4997801122349042,-7.003685833260766,0.0,7.0,4.0,2.50473872766373
12-30,24.584429961425826,15.170936448098974,15.737051092721746,5.411765154670267,0.0,5.832548249146381,-18.61899251300954,4.629112713770908,-1.2121217890753866,1.4128022084487197,7.845803184104562,0.0,8.0,3.0,5.0661112258585375
12-31,25.109359658192425,25.641024479905607,17.100000381469727,10.86474995760273,1.194542151305294,5.738472719756211,-23.181260098982225,4.065496050678827,-3.273916427878054,6.333893536984417,13.245870807999887,0.0,9.0,2.0,6.90318610141957
