,2009,2010,2011,2012,2013,2014,2015,2016,2017,2018,2019,2020,ups,downs,end_day_sum,avg
01-02,-7.919818878173828,2.8599472045898438,0.04400634765626421,2.896186828613267,8.123283386230455,2.946716308593764,-17.399932861328153,-10.319778442382798,14.269645690917983,-0.8754425048828125,19.560531616210938,29.59999084472659,8.0,4.0,02-16,3.6487779617309593
01-03,-7.919818878173828,2.8599472045898438,-0.26398468017578125,2.896186828613267,8.123283386230455,2.946716308593764,-17.50202178955081,-10.319778442382798,14.269645690917983,-0.8754425048828125,19.94561767578125,29.399993896484375,7.0,5.0,02-17,3.630028724670409
01-04,-7.919818878173828,0.0,-0.26398468017578125,6.906318664550781,8.123283386230455,2.946716308593764,-17.50202178955081,-10.319778442382798,14.269645690917983,-0.8754425048828125,17.970809936523438,30.060012817382784,6.0,6.0,02-18,3.616311709086098
01-05,-7.919818878173828,0.0,1.0559768676757812,6.906318664550781,4.016510009765625,2.946716308593764,-17.50202178955081,-10.319778442382798,11.116714477539062,-5.5444793701171875,23.450912475585938,37.919998168945256,7.0,5.0,02-19,3.843920707702632
01-06,-7.919818878173828,-8.579818725585938,3.9335174560546733,6.906318664550781,4.016510009765625,2.946716308593764,-11.88764190673831,-10.319778442382798,11.116714477539062,-6.9451751708984375,22.95721435546875,33.60002136230469,7.0,5.0,02-20,3.318731625874836
01-07,-8.447807312011719,-8.579818725585938,3.9335174560546733,8.777687072753906,4.016510009765625,-1.4184265136718608,-11.238029479980469,-10.319778442382798,11.116714477539062,-0.3307037353515625,23.40155029296875,33.91001892089844,6.0,6.0,02-21,3.7351195017496757
01-08,-8.447807312011719,-8.579818725585938,7.0398406982421875,8.777687072753906,4.8288497924804545,-1.4184265136718608,-11.238029479980469,-10.319778442382798,11.116714477539062,-0.3307037353515625,22.187042236328125,27.050018310546847,6.0,6.0,02-22,3.3887990315755196
01-09,-8.007820129394524,-8.579818725585938,7.0398406982421875,12.47591400146483,4.8288497924804545,-1.4184265136718608,-11.238029479980469,-10.319778442382798,11.116714477539062,2.91815185546875,22.187042236328125,27.500015258789062,7.0,5.0,02-23,4.041887919108073
01-10,-8.007820129394524,-8.579818725585938,5.323883056640625,12.47591400146483,4.8288497924804545,-1.4184265136718608,-3.8047943115234375,-10.319778442382798,11.116714477539062,2.91815185546875,18.849594116210938,32.510009765625,7.0,5.0,02-24,4.657706578572592
01-11,-8.007820129394524,-4.39990234375,5.323883056640625,12.47591400146483,2.4369964599609375,-1.4184265136718608,-3.8047943115234375,-10.319778442382798,11.116714477539062,4.6204071044921875,17.47711181640625,32.3599853515625,7.0,5.0,02-25,4.821690877278647
01-12,-8.007820129394524,-2.991943359375,5.323883056640625,12.47591400146483,3.2041854858398438,-1.4184265136718608,-3.8047943115234375,-10.319778442382798,11.116714477539062,4.6204071044921875,15.057968139648438,31.1099853515625,7.0,5.0,02-26,4.697191238403322
01-13,-3.783916473388672,-2.991943359375,5.323883056640625,13.768058776855469,3.38470458984375,-1.4184265136718608,-5.846374511718778,-10.319778442382798,11.116714477539062,4.6204071044921875,14.455642700195312,25.410003662109347,7.0,5.0,02-27,4.476581255594887
01-14,-3.783916473388672,-2.991943359375,8.034217834472642,13.768058776855469,3.38470458984375,-0.04573822021482954,-5.465911865234347,-10.319778442382798,11.116714477539062,4.6204071044921875,14.455642700195312,21.360000610351506,7.0,5.0,02-28,4.5110381444295236
01-15,-3.783916473388672,-4.091911315917969,8.40380859375,13.812606811523438,3.38470458984375,-0.04573822021482954,-5.465911865234347,0.0,11.116714477539062,4.6204071044921875,6.270034790039034,19.810012817382784,7.0,5.0,02-29,4.502567609151203
01-16,-3.783916473388672,-7.6118392944335795,8.40380859375,13.545272827148438,3.38470458984375,0.09153747558596592,-5.465911865234347,0.0,11.116714477539062,4.6204071044921875,2.2710266113280966,19.810012817382784,8.0,4.0,03-01,3.865151405334474
01-17,-3.783916473388672,-7.6118392944335795,8.40380859375,13.545272827148438,3.38470458984375,0.09153747558596592,-1.5126342773437784,0.0,11.116714477539062,5.349945068359375,2.2710266113280966,10.100006103515597,8.0,4.0,03-02,3.4462188084920213
01-18,-6.95184326171875,-9.767776489257798,13.33168792724608,13.545272827148438,3.38470458984375,5.490768432617202,-1.5126342773437784,0.0,5.107940673828125,5.349945068359375,2.2710266113280966,-0.829986572265625,7.0,5.0,03-03,2.4515921274820927
01-19,-6.95184326171875,-7.699829101562472,13.33168792724608,13.545272827148438,3.2132110595703125,5.490768432617202,-1.5126342773437784,0.0,5.107940673828125,5.349945068359375,6.3391571044921875,-1.7899932861328125,7.0,5.0,03-04,2.8686402638753257
01-20,-6.95184326171875,-7.699829101562472,13.33168792724608,13.545272827148438,1.7149200439453125,5.490768432617202,-1.5126342773437784,0.0,5.107940673828125,-0.3890838623046875,6.3391571044921875,7.170013427734375,7.0,5.0,03-05,3.012197494506836
01-21,-6.95184326171875,-7.699829101562472,13.33168792724608,7.886566162109361,1.7149200439453125,5.490768432617202,-1.5126342773437784,0.0,5.107940673828125,0.486358642578125,9.943206787109375,6.4600067138671875,8.0,4.0,03-06,2.8547623952229806
01-22,-6.95184326171875,-7.699829101562472,13.33168792724608,5.569610595703111,1.7149200439453125,5.490768432617202,2.8581924438476562,0.0,5.107940673828125,0.486358642578125,9.893829345703153,3.2100067138671875,9.0,3.0,03-07,2.7509702046712277
01-23,-6.95184326171875,-7.699829101562472,13.33168792724608,5.569610595703111,1.7149200439453125,5.490768432617202,2.6447601318359375,0.0,5.107940673828125,-0.0972747802734375,9.893829345703153,3.2100067138671875,8.0,4.0,03-08,2.6845480600992873
01-24,-6.95184326171875,-7.699829101562472,11.879737854003906,2.67340087890625,4.287284851074219,5.490768432617202,2.6447601318359375,0.0,5.107940673828125,-0.0972747802734375,8.392959594726591,-1.300003051757784,7.0,5.0,03-09,2.0356585184733156
01-25,-6.95184326171875,-7.699829101562472,11.879737854003892,2.67340087890625,2.3467178344726562,5.490768432617202,-0.083526611328125,0.0,5.107940673828125,-0.0972747802734375,8.392959594726591,-9.710006713867188,6.0,6.0,03-10,0.945753733317062
01-26,-6.95184326171875,-2.4199447631835795,11.879737854003892,0.2227630615234375,3.7367019653320312,5.490768432617202,-2.8767929077148438,0.0,5.107940673828125,-0.0972747802734375,5.07525634765625,-10.610000610351591,6.0,6.0,03-11,0.7131093343098946
01-27,-6.95184326171875,-2.4199447631835795,9.01980590820311,3.297180175781236,3.7367019653320312,5.490768432617202,-2.8767929077148438,0.0,5.107940673828125,-0.0972747802734375,5.07525634765625,-23.07000732421878,6.0,6.0,03-12,-0.3073507944742862
01-28,-6.95184326171875,-2.4199447631835795,9.01980590820311,6.460723876953111,3.7367019653320312,5.490768432617202,-2.8767929077148438,0.0,5.107940673828125,-0.0972747802734375,5.07525634765625,-37.62001037597656,6.0,6.0,03-13,-1.256222407023112
01-29,-6.95184326171875,-2.4199447631835795,9.01980590820311,8.510337829589844,3.7367019653320312,5.490768432617202,2.1158447265625,0.0,5.107940673828125,-0.0972747802734375,12.441329956054688,-38.26000976562497,7.0,5.0,03-14,-0.10886192321776988
01-30,-6.95184326171875,-3.079925537109389,3.65191650390625,8.510337829589844,3.7367019653320312,5.490768432617202,2.1158447265625,0.0,5.107940673828125,-0.0972747802734375,12.441329956054688,-40.26000976562497,7.0,5.0,03-15,-0.7778511047363258
01-31,0.8359756469726562,-3.7399139404296875,3.65191650390625,8.510337829589844,3.7367019653320312,5.490768432617202,2.1158447265625,0.0,5.107940673828125,-0.0972747802734375,8.778045654296875,-58.660003662109375,8.0,4.0,03-16,-2.022471745808918
02-01,0.8359756469726562,-3.7399139404296875,3.65191650390625,8.510337829589844,3.7367019653320312,5.490768432617202,2.1158447265625,0.0,5.107940673828125,-0.0972747802734375,8.778045654296875,-51.910003662109375,8.0,4.0,03-17,-1.459971745808918
02-02,0.8359756469726562,-3.7399139404296875,3.65191650390625,8.510337829589844,-1.0831069946289062,5.490768432617202,6.1062240600585795,0.0,1.475830078125,-0.0972747802734375,13.033767700195312,-51.910003662109375,7.0,5.0,03-18,-1.4771232604980469
02-03,1.9359588623046875,-3.7399139404296875,3.65191650390625,4.054664611816392,-1.0831069946289062,5.490768432617202,6.1062240600585795,0.0,0.0,1.410430908203125,16.08485412597659,-97.91000366210938,7.0,5.0,03-19,-5.333183924357095
02-04,6.951847076416016,-3.7399139404296875,-22.967491149902344,-0.089111328125,-5.18988037109375,2.608123779296889,6.1062240600585795,0.0,0.0,1.410430908203125,16.13421630859375,-95.24000549316409,5.0,7.0,03-20,-7.83463001251221
02-05,7.127838134765625,-3.7399139404296875,-24.9034423828125,1.9961471557617188,-5.731437683105469,2.608123779296889,6.1062240600585795,0.0,0.0,1.410430908203125,12.530197143554688,-95.24000549316409,6.0,6.0,03-21,-8.15298652648926
02-06,7.127838134765625,-3.7399139404296875,-28.55535888671875,1.9961471557617188,-5.731437683105469,2.608123779296889,7.127021789550781,0.0,0.0,1.410430908203125,12.530197143554688,-95.24000549316409,6.0,6.0,03-22,-8.372246424357098
02-07,7.127838134765625,-3.7399139404296875,-29.25933837890625,1.194129943847642,-4.648315429687486,2.608123779296889,9.781089782714844,5.890289306640611,0.0,-0.3404541015625,15.146820068359375,-102.64999389648443,6.0,6.0,03-23,-8.240810394287115
02-08,7.127838134765625,-3.7399139404296875,-26.487403869628906,1.194129943847642,-4.648315429687486,2.608123779296889,9.781089782714844,5.890289306640611,0.0,0.97271728515625,18.898956298828125,-98.54998779296875,7.0,5.0,03-24,-7.246039708455403
02-09,7.127838134765625,-3.7399139404296875,-29.435325622558594,1.194129943847642,-4.4678192138671875,3.047386169433608,9.781089782714844,5.890289306640611,0.0,4.279937744140625,15.354171752929659,-113.25999450683594,7.0,5.0,03-25,-8.685684204101566
02-10,10.119766235351562,-3.7399139404296875,-27.103385925292983,1.194129943847642,-4.4678192138671875,3.047386169433608,9.781089782714844,5.890289306640611,0.0,5.9919281005859375,15.354171752929659,-110.04998779296875,7.0,5.0,03-26,-7.831862131754562
02-11,10.119766235351562,1.3199691772460938,-27.103385925292983,1.194129943847642,-4.4678192138671875,7.092239379882798,9.474838256835938,5.890289306640611,0.0,4.6690216064453125,16.785919189453097,-96.0,8.0,4.0,03-27,-5.918752670288093
02-12,10.119766235351562,1.3199691772460938,-24.498664855957045,1.194129943847642,-4.4678192138671875,7.092239379882798,9.576927185058594,5.890289306640611,0.0,4.6690216064453125,16.785919189453097,-93.94999694824219,8.0,4.0,03-28,-5.522351582845059
02-13,10.119766235351562,4.1799163818359375,-23.18747711181642,1.194129943847642,-4.4678192138671875,7.092239379882798,9.576927185058594,5.890289306640611,0.0,4.6690216064453125,16.785919189453097,-94.6000061035156,8.0,4.0,03-29,-5.228924433390304
02-14,10.119766235351562,4.1799163818359375,-22.87948608398439,1.194129943847642,-4.4678192138671875,9.425781250000014,9.576927185058594,5.890289306640611,0.0,0.8267974853515625,11.305816650390597,-102.45999145507807,8.0,4.0,03-30,-6.440656026204427
02-15,7.479831695556641,4.1799163818359375,-33.043251037597656,1.194129943847642,-4.4678192138671875,9.425781250000014,9.576927185058594,5.890289306640611,0.0,0.8267974853515625,11.799514770507784,-89.1400146484375,8.0,4.0,03-31,-6.35649140675863
02-16,7.479831695556641,4.1799163818359375,-33.043251037597656,1.194129943847642,-4.4678192138671875,9.425781250000014,9.576927185058594,5.890289306640611,0.0,-5.7876739501953125,11.355178833007784,-83.8900146484375,7.0,5.0,04-01,-6.507225354512536
02-17,7.479831695556641,4.1799163818359375,-34.62721252441406,1.194129943847642,-4.4678192138671875,9.425781250000014,9.576927185058594,5.890289306640611,0.0,-1.147796630859375,10.1702880859375,-83.8900146484375,7.0,5.0,04-02,-6.3513065973917655
02-18,7.479831695556641,4.1799163818359375,-34.46002960205078,-2.5040969848632812,-4.4678192138671875,9.425781250000014,9.576927185058594,5.890289306640611,4.7437591552734375,-1.147796630859375,10.1702880859375,-89.1400146484375,7.0,5.0,04-03,-6.687747001647949
02-19,7.039844512939446,4.1799163818359375,-31.50328826904297,0.08910369873048296,-4.4678192138671875,9.425781250000014,9.576927185058594,5.890289306640611,4.7437591552734375,-4.86358642578125,10.1702880859375,-89.45001220703125,8.0,4.0,04-04,-6.597399711608887
02-20,7.039844512939446,4.1799163818359375,-31.50328826904297,2.272392272949247,-4.4678192138671875,9.425781250000014,2.1436920166015625,5.890289306640611,4.7437591552734375,-10.456695556640625,10.1702880859375,-89.45001220703125,8.0,4.0,04-05,-7.500987688700356
02-21,7.039844512939446,4.1799163818359375,-26.839393615722656,2.272392272949247,-4.4678192138671875,9.425781250000014,0.0835418701171875,5.890289306640611,4.7437591552734375,-10.456695556640625,10.1702880859375,-91.54998779296875,8.0,4.0,04-06,-7.459006945292153
02-22,7.039844512939446,4.1799163818359375,-25.21142578125,2.272392272949247,-5.596038818359375,11.301803588867173,0.0835418701171875,5.890289306640611,4.7437591552734375,-10.456695556640625,12.589431762695312,-103.79998779296875,8.0,4.0,04-07,-8.0802640914917
02-23,7.039844512939446,0.0,-25.21142578125,0.980247497558608,-5.776557922363281,11.301803588867173,0.0835418701171875,5.890289306640611,4.7437591552734375,-10.456695556640625,16.697052001953125,-92.04998779296875,7.0,5.0,04-08,-7.229844093322757
02-24,7.039844512939446,-1.407958984375,-29.461730957031236,-2.5843048095703125,-5.776557922363281,11.301803588867173,0.0835418701171875,5.890289306640611,4.7437591552734375,-8.07354736328125,18.425018310546875,-82.50999450683594,6.0,6.0,04-09,-6.860819816589358
02-25,9.15179443359375,-1.407958984375,-30.79931640625,-2.6288528442382812,-5.776557922363281,9.059738159179673,0.0835418701171875,5.890289306640611,4.7437591552734375,-3.890869140625,15.907119750976562,-76.81001281738278,6.0,6.0,04-10,-6.373110453287761
02-26,9.15179443359375,-1.407958984375,-30.271316528320312,-2.1921844482421875,-2.0759506225585938,9.059738159179673,0.0835418701171875,5.890289306640611,6.852111816406278,-5.20404052734375,15.907119750976562,-76.81001281738278,6.0,6.0,04-11,-5.918072382609047
02-27,9.15179443359375,-1.407958984375,-31.679290771484375,-2.1921844482421875,-2.0759506225585938,9.059738159179673,0.0835418701171875,5.890289306640611,6.852111816406278,-5.20404052734375,14.514877319335966,-68.71000671386719,6.0,6.0,04-12,-5.476423263549802
02-28,12.319721221923828,-1.407958984375,-31.679290771484375,-1.9248504638671875,-2.0759506225585938,3.752029418945284,0.0835418701171875,5.890289306640611,6.852111816406278,-5.20404052734375,14.514877319335966,-59.0,6.0,6.0,04-13,-4.823293368021646
02-29,0.0,0.0,0.0,-1.9248504638671875,0.0,0.0,0.0,5.890289306640611,0.0,0.0,0.0,-56.5,1.0,2.0,04-14,-4.377880096435548
03-01,12.319721221923828,-1.407958984375,-31.679290771484375,-1.9248504638671875,-1.9044570922851562,3.752029418945284,0.0835418701171875,5.890289306640611,6.852111816406278,-5.20404052734375,11.365066528320312,-47.5,6.0,6.0,04-15,-4.113153139750164
03-02,12.319721221923828,0.7479782104492188,-36.607170104980455,-1.9248504638671875,-0.40616607666015625,3.752029418945284,0.0835418701171875,5.890289306640611,6.852111816406278,1.459075927734375,11.365066528320312,-50.75,8.0,4.0,04-16,-3.934864362080892
03-03,12.319721221923828,-1.319969177246108,-36.607170104980455,-1.6931610107421875,0.7671966552734375,-2.3793411254882812,-0.04637908935545454,5.890289306640611,6.852111816406278,0.5836334228515625,11.365066528320312,-68.41000366210938,6.0,6.0,04-17,-6.056500434875486
03-04,12.319721221923828,-1.319969177246108,-36.607170104980455,-1.6931610107421875,0.7671966552734375,-2.3793411254882812,-0.04637908935545454,14.136672973632798,6.852111816406278,6.4199371337890625,11.365066528320312,-67.69999694824219,6.0,6.0,04-18,-4.823775927225746
03-05,12.319721221923828,-1.319969177246108,-36.607170104980455,-1.6931610107421875,0.7671966552734375,-2.3793411254882812,-0.04637908935545454,14.136672973632798,6.852111816406278,5.933563232421875,7.761016845703125,-68.84999084472659,6.0,6.0,04-19,-5.260477383931478
03-06,12.319721221923828,-1.319969177246108,-37.53113555908202,-1.5149383544921875,0.7671966552734375,-2.3793411254882812,-0.04637908935545454,14.136672973632798,6.852111816406278,5.933563232421875,7.810394287109347,-66.6499938964844,6.0,6.0,04-20,-5.135174751281741
03-07,12.319721221923828,2.8599395751952983,-37.53113555908202,2.49517822265625,0.7671966552734375,-0.7321014404297159,2.681907653808608,14.136672973632798,6.852111816406278,5.933563232421875,7.810394287109347,-62.46000671386719,9.0,3.0,04-21,-3.738879839579267
03-08,12.319721221923828,2.9743270874023295,-36.079185485839844,-0.5792388916015483,-14.576766967773438,-0.7321014404297159,2.681907653808608,14.136672973632798,6.852111816406278,5.933563232421875,9.054519653320312,-62.46000671386719,7.0,5.0,04-22,-5.039539655049642
03-09,12.319721221923828,2.9743270874023295,-36.82717132568358,-0.623786926269517,-14.576766967773438,-0.7321014404297159,2.681907653808608,14.136672973632798,6.852111816406278,7.6358184814453125,9.3902587890625,-63.899993896484375,7.0,5.0,04-23,-5.055750211079914
03-10,12.319721221923828,2.9743270874023295,-36.82717132568358,-2.67340087890625,-14.576766967773438,-0.7321014404297159,5.475173950195327,14.136672973632798,6.852111816406278,7.6358184814453125,9.3902587890625,-51.25,7.0,5.0,04-24,-3.9396130243937173
03-11,12.319721221923828,2.9743270874023295,-36.82717132568358,-2.67340087890625,-13.268013000488281,-0.7321014404297159,5.475173950195327,13.005737304687472,6.852111816406278,8.65716552734375,9.3902587890625,-36.80000305175781,7.0,5.0,04-25,-2.635516166687013
03-12,12.319721221923828,3.634307861328139,-25.035438537597656,-2.67340087890625,-13.268013000488281,-0.7321014404297159,5.475173950195327,13.005737304687472,6.852111816406278,8.65716552734375,9.3902587890625,-16.460006713867188,7.0,5.0,04-26,0.09712632497151692
03-13,4.531902313232422,4.2942962646484375,-25.035438537597656,-3.0744171142578125,-13.268013000488281,-0.7321014404297159,5.475173950195327,13.005737304687472,6.852111816406278,8.65716552734375,2.0241851806640625,-21.589996337890625,7.0,5.0,04-27,-1.5716161727905285
03-14,4.531902313232422,4.2942962646484375,-25.035438537597656,-3.0744171142578125,-13.268013000488281,-0.7321014404297159,5.475173950195327,13.005737304687472,6.852111816406278,8.65716552734375,2.0241851806640625,-22.789993286132812,7.0,5.0,04-28,-1.6716159184773776
03-15,4.531902313232422,4.2942962646484375,-27.49939727783203,1.3812561035156392,-13.268013000488281,-0.7321014404297159,5.475173950195327,13.005737304687472,6.852111816406278,8.65716552734375,3.416412353515625,-16.739990234375,8.0,4.0,04-29,-0.8854538599650065
03-16,4.531902313232422,4.2942962646484375,-27.49939727783203,2.9496536254882812,-13.268013000488281,-0.7321014404297159,5.475173950195327,13.005737304687472,6.852111816406278,11.12786865234375,1.7872009277343466,-11.539993286132812,8.0,4.0,04-30,-0.25129667917887727
03-17,4.531902313232422,4.2942962646484375,-0.8799896240234375,2.593200683593764,-13.268013000488281,-0.7321014404297159,1.4847946166992472,13.005737304687472,6.852111816406278,11.12786865234375,1.0960083007812216,27.0,9.0,3.0,05-01,4.75881799062093
03-18,3.4319190979003906,4.2942962646484375,1.0559616088867188,1.3723602294922017,-13.268013000488281,-0.7321014404297159,1.4847946166992472,13.005737304687472,6.852111816406278,11.12786865234375,1.0960083007812216,28.539993286132812,10.0,2.0,05-02,4.855078061421711
03-19,3.4319190979003906,1.0999755859375,4.707878112792969,1.7020721435547017,-9.161239624023438,2.1505432128905966,0.46399688720704546,7.115447998046861,13.225067138671875,7.246734619140625,1.0466461181640625,25.289993286132812,11.0,1.0,05-03,4.859919548034667
03-20,3.4319190979003906,2.8599319458007812,4.707878112792969,0.142578125,-9.161239624023438,2.1505432128905966,-2.190071105957017,7.115447998046861,13.225067138671875,7.246734619140625,1.0466461181640625,17.539993286132812,10.0,2.0,05-04,4.00961907704671
03-21,3.4319190979003906,2.8599319458007812,4.707878112792969,0.142578125,-9.161239624023438,2.1505432128905966,-2.190071105957017,7.115447998046861,13.225067138671875,7.246734619140625,1.0466461181640625,32.25,10.0,2.0,05-05,5.235452969868976
03-22,3.4319190979003906,0.220001220703125,5.411857604980469,0.142578125,-9.161239624023438,1.7112808227538778,-2.190071105957017,7.115447998046861,13.225067138671875,7.246734619140625,1.7279663085937784,29.410003662109375,10.0,2.0,05-06,4.85762882232666
03-23,3.4319190979003906,-4.030311584472656,2.639923095703125,0.142578125,-9.161239624023438,1.7112808227538778,-2.190071105957017,7.115447998046861,13.225067138671875,5.5347442626953125,1.7279663085937784,37.96000671386719,9.0,3.0,05-07,4.842275937398274
03-24,3.4319190979003906,-4.030311584472656,2.639923095703125,0.142578125,-9.161239624023438,1.7112808227538778,-2.190071105957017,7.115447998046861,17.71966552734375,6.8576507568359375,5.144409179687528,37.5,9.0,3.0,05-08,5.573437690734863
03-25,-2.639934539794922,-4.030311584472656,0.0352020263671875,0.142578125,-9.161239624023438,1.7112808227538778,-2.190071105957017,7.115447998046861,17.71966552734375,6.8576507568359375,5.272750854492216,28.25,8.0,4.0,05-09,4.090251604715983
03-26,-2.639934539794922,-4.030311584472656,-1.2759857177734375,-2.174377441406236,-9.161239624023438,-2.4251098632812784,-2.190071105957017,7.115447998046861,17.71966552734375,6.8576507568359375,4.5815582275390625,28.25,5.0,7.0,05-10,3.3856077194213854
03-27,4.839897155761719,-4.030311584472656,-1.2759857177734375,-5.0705795288085795,-9.161239624023438,-4.758651733398494,-2.190071105957017,7.115447998046861,17.71966552734375,6.8576507568359375,4.5815582275390625,19.25,6.0,6.0,05-11,2.8231150309244755
03-28,7.2598419189453125,-4.030311584472656,-1.2759857177734375,-5.0705795288085795,-9.161239624023438,-4.758651733398494,-2.190071105957017,7.115447998046861,17.71966552734375,6.8576507568359375,4.5815582275390625,14.25,6.0,6.0,05-12,2.6081104278564418
03-29,7.2598419189453125,-6.3798599243164205,0.8799819946289062,-5.0705795288085795,-5.957061767578111,-4.758651733398494,-2.190071105957017,7.115447998046861,17.71966552734375,2.2177734375,3.900253295898466,27.25,7.0,5.0,05-13,3.4988950093587228
03-30,7.2598419189453125,-6.3798599243164205,11.351737976074219,-5.0705795288085795,-5.957061767578111,-4.758651733398494,-2.190071105957017,7.115447998046861,17.71966552734375,2.2177734375,5.08514404296875,22.75,7.0,5.0,05-14,4.095282236735023
03-31,7.2598419189453125,-6.3798599243164205,11.184555053710938,-6.104278564453125,-5.054466247558594,-4.758651733398494,-2.190071105957017,7.115447998046861,12.975906372070312,2.2177734375,5.08514404296875,18.639999389648438,7.0,5.0,05-15,3.3326117197672467
04-01,7.2598419189453125,-6.3798599243164205,9.943771362304688,-6.104278564453125,-6.5347137451171875,-4.758651733398494,-2.190071105957017,7.115447998046861,12.975906372070312,2.2177734375,5.08514404296875,23.889999389648438,7.0,5.0,05-16,3.543359120686843
04-02,7.2598419189453125,-6.3798599243164205,8.447807312011719,-9.267807006835938,-6.5347137451171875,-4.758651733398494,-0.12992095947264204,7.115447998046861,12.975906372070312,3.1905059814453125,7.2574462890625,26.139999389648438,7.0,5.0,05-17,3.776333491007481
04-03,7.2598419189453125,-6.3798599243164205,8.447807312011719,-11.451095581054702,-6.5347137451171875,-4.758651733398494,-0.12992095947264204,7.115447998046861,12.975906372070312,6.9062957763671875,7.2574462890625,30.75,7.0,5.0,05-18,4.288208643595371
04-04,10.295764923095703,-6.3798599243164205,8.447807312011719,-7.886543273925781,-6.5347137451171875,-6.634674072265653,3.609878540039091,7.115447998046861,20.125076293945312,12.499404907226562,7.2574462890625,26.0,8.0,4.0,05-19,5.659586270650226
04-05,10.295764923095703,-13.639694213867173,3.7839126586914062,-7.886543273925781,-6.5347137451171875,-6.634674072265653,3.609878540039091,5.984519958496108,20.125076293945312,12.499404907226562,6.8624725341796875,32.5,8.0,4.0,05-20,5.08045037587484
04-06,11.65972900390625,-11.219741821289062,2.15594482421875,-8.679672241210938,-6.5347137451171875,-6.634674072265653,3.609878540039091,5.984519958496108,20.125076293945312,10.456695556640625,5.1345062255859375,43.979995727539034,8.0,4.0,05-21,5.8364620208740225
04-07,11.65972900390625,-11.219741821289062,3.1239395141601562,-8.679672241210938,-6.5347137451171875,-6.634674072265653,3.609878540039091,5.984519958496108,16.30133056640625,3.2585906982421875,5.1345062255859375,38.80000305175781,8.0,4.0,05-22,4.566974639892579
04-08,11.65972900390625,-11.219741821289062,2.5959396362304688,-8.679672241210938,-6.5347137451171875,-6.634674072265653,3.609878540039091,5.984519958496108,19.93341064453122,3.2585906982421875,5.1345062255859375,32.87998962402344,8.0,4.0,05-23,4.332313537597655
04-09,11.65972900390625,-11.219741821289062,4.003913879394531,-8.679672241210938,-6.904777526855469,-4.392608642578153,3.609878540039091,5.984519958496108,19.93341064453122,3.2585906982421875,7.65240478515625,31.339996337890625,8.0,4.0,05-24,4.687136967976887
04-10,11.65972900390625,-12.979705810546875,4.003913879394531,-18.03662109375,-10.605384826660156,-4.484130859375,3.609878540039091,5.984519958496108,19.93341064453122,4.5717620849609375,7.65240478515625,22.339996337890625,8.0,4.0,05-25,2.8041477203369154
04-11,11.65972900390625,-12.979705810546875,2.0239639282226562,-18.03662109375,-10.605384826660156,-4.484130859375,3.609878540039091,5.984519958496108,19.93341064453122,4.5717620849609375,9.222366333007812,19.80999755859372,8.0,4.0,05-26,2.559148788452147
04-12,11.65972900390625,-12.979705810546875,2.94793701171875,-18.03662109375,-10.605384826660156,-4.484130859375,3.609878540039091,5.984519958496108,19.93341064453122,4.960845947265625,9.222366333007812,18.0,8.0,4.0,05-27,2.5177370707194022
04-13,11.65972900390625,-14.959655761718736,2.94793701171875,-15.95135498046875,-11.77874755859375,-4.484130859375,3.609878540039091,5.984519958496108,19.93341064453122,4.960845947265625,9.222366333007812,24.42999267578125,8.0,4.0,05-28,2.9645659128824895
04-14,10.999759674072273,-14.959655761718736,2.94793701171875,-15.95135498046875,-11.77874755859375,-4.484130859375,3.609878540039091,-2.2618637084960795,19.93341064453122,-0.875457763671875,22.206771850585938,18.550003051757812,6.0,6.0,05-29,2.3280458450317414
04-15,10.999759674072273,-14.959655761718736,2.94793701171875,-13.188812255859375,-11.77874755859375,1.6472396850585653,3.739799499511733,-2.2618637084960795,19.93341064453122,14.05572509765625,22.206771850585938,27.25,8.0,4.0,05-30,5.0492970148722325
04-16,10.999759674072273,-14.959655761718736,3.8719024658203125,-13.188812255859375,-11.77874755859375,0.0,3.739799499511733,1.366546630859375,19.93341064453122,14.05572509765625,19.81724548339841,31.050003051757812,8.0,4.0,05-31,5.408931414286293
04-17,10.999759674072273,-19.139564514160142,3.8719024658203125,-13.010581970214844,-11.77874755859375,0.0,3.739799499511733,1.366546630859375,19.93341064453122,14.542098999023438,19.96537780761716,35.90000915527344,8.0,4.0,06-01,5.532500902811684
04-18,10.999759674072273,-15.61965179443358,8.931800842285156,-13.188804626464844,3.565216064453125,0.0,15.265541076660142,0.0,19.93341064453122,14.542098999023438,19.62963867187497,37.0,8.0,4.0,06-02,8.42158412933349
04-19,10.999759674072273,-15.61965179443358,13.058891296386719,-13.144256591796875,6.7062225341796875,0.0,15.265541076660142,0.0,19.93341064453122,12.83984375,19.62963867187497,35.07000732421878,8.0,4.0,06-03,8.728283882141112
04-20,10.999759674072273,-15.73403930664061,13.058891296386719,-13.144256591796875,6.7062225341796875,0.0,15.265541076660142,0.0,19.93341064453122,12.83984375,24.94189453125,33.75,8.0,4.0,06-04,9.05143896738688
04-21,10.999759674072273,-15.73403930664061,6.635047912597656,-13.144256591796875,6.7062225341796875,0.0,15.265541076660142,1.1309356689453267,19.93341064453122,11.818496704101562,24.94189453125,41.43998718261719,9.0,3.0,06-05,9.166083335876465
04-22,10.999759674072273,-15.73403930664061,4.355903625488281,-15.817672729492188,6.7062225341796875,9.4715576171875,15.265541076660142,1.1309356689453267,19.93341064453122,8.900360107421875,24.94189453125,41.25,10.0,2.0,06-06,9.283656120300293
04-23,10.999759674072273,-15.73403930664061,4.355903625488281,-15.817672729492188,5.397468566894531,9.4715576171875,15.265541076660142,1.1309356689453267,19.93341064453122,8.900360107421875,24.94189453125,40.089996337890625,10.0,2.0,06-07,9.077926317850748
04-24,10.999759674072273,-15.73403930664061,4.355903625488281,-15.817672729492188,5.397468566894531,9.4715576171875,15.265541076660142,1.1309356689453267,19.93341064453122,8.900360107421875,24.94189453125,44.25,10.0,2.0,06-08,9.424593289693197
04-25,10.999759674072273,-15.73403930664061,4.355903625488281,-15.416656494140625,5.397468566894531,10.523956298828153,15.265541076660142,1.1309356689453267,19.93341064453122,8.900360107421875,23.549667358398438,35.95999145507815,10.0,2.0,06-09,8.738858222961431
04-26,10.999759674072273,-17.7139892578125,4.355903625488281,-16.985054016113267,5.397468566894531,11.73193359375,15.265541076660142,1.1309356689453267,19.93341064453122,6.429656982421875,22.127792358398438,32.69999694824219,10.0,2.0,06-10,7.947779655456543
04-27,10.999759674072273,-17.7139892578125,6.819862365722656,-16.26324462890625,5.397468566894531,11.73193359375,15.265541076660142,1.1309356689453267,19.93341064453122,10.855514526367188,22.818984985351562,35.160003662109375,10.0,2.0,06-11,8.844681739807127
04-28,10.999759674072273,-17.7139892578125,6.819862365722656,-15.470146179199219,5.397468566894531,11.73193359375,15.265541076660142,1.1309356689453267,19.93341064453122,8.666900634765625,22.818984985351562,28.960006713867188,10.0,2.0,06-12,8.2117223739624
04-29,10.999759674072273,-14.519668579101562,6.819862365722656,-15.470146179199219,5.397468566894531,11.73193359375,15.265541076660142,1.1309356689453267,13.560455322265625,8.666900634765625,28.871795654296903,36.420013427734375,10.0,2.0,06-13,9.072904268900556
04-30,10.999759674072273,-11.439743041992202,2.5079574584960938,-14.062156677246094,5.397468566894531,11.73193359375,15.265541076660142,1.1309356689453267,13.560455322265625,8.666900634765625,34.569122314453125,37.670013427734375,10.0,2.0,06-14,9.666515668233236
05-01,10.999759674072273,-11.439743041992202,2.5079574584960938,-14.391868591308594,5.397468566894531,11.73193359375,6.635169982910142,1.1309356689453267,13.560455322265625,15.028457641601562,34.569122314453125,25.900009155273438,10.0,2.0,06-15,8.469138145446777
05-02,19.799560546875,-11.439743041992202,2.5079574584960938,-12.832374572753892,5.397468566894531,11.73193359375,6.635169982910142,1.1309356689453267,13.560455322265625,15.028457641601562,36.54393005371094,33.010009765625,10.0,2.0,06-16,10.08948008219401
05-03,18.479583740234375,-11.439743041992202,2.5079574584960938,-12.832374572753892,8.75509643554689,11.73193359375,6.635169982910142,1.1309356689453267,13.560455322265625,15.028457641601562,34.9443359375,28.589996337890625,10.0,2.0,06-17,9.757650375366213
05-04,18.479583740234375,-8.799812316894545,2.5079574584960938,-12.832374572753892,8.75509643554689,11.73193359375,6.635169982910142,1.1309356689453267,9.06585693359375,15.411575317382812,28.190444946289062,22.550003051757812,10.0,2.0,06-18,8.568864186604818
05-05,17.106826782226562,-4.549499511718764,2.5079574584960938,-12.832374572753892,8.75509643554689,11.73193359375,6.635169982910142,1.1309356689453267,11.369247436523438,16.102752685546875,33.301254272460966,31.259994506835966,10.0,2.0,06-19,10.2099412282308
05-06,17.106826782226562,-4.549499511718764,2.5079574584960938,-12.832374572753892,8.75509643554689,11.73193359375,6.635169982910142,3.2239456176758097,11.369247436523438,17.238265991210938,38.051254272460966,28.509994506835966,10.0,2.0,06-20,10.645651499430345
05-07,9.626995086669922,-4.549499511718764,-1.231964111328125,-12.832374572753892,11.101806640625,11.73193359375,6.635169982910142,3.2239456176758097,11.369247436523438,11.906280517578125,32.33290100097659,28.509994506835966,9.0,3.0,06-21,8.985369682312017
05-08,9.84698486328125,-4.549499511718764,-2.7719268798828125,-10.515419006347656,11.101806640625,11.73193359375,8.730216979980455,3.2239456176758097,11.369247436523438,11.906280517578125,31.592346191406307,19.839996337890625,9.0,3.0,06-22,8.458826065063482
05-09,9.84698486328125,-4.549499511718764,-2.7719268798828125,-7.6192169189453125,7.897628784179673,13.701156616210966,8.730216979980455,3.2239456176758097,11.369247436523438,11.906280517578125,32.2736511230469,13.059997558593722,9.0,3.0,06-23,8.089038848876955
05-10,9.84698486328125,1.610359191894517,-2.7719268798828125,-7.6192169189453125,9.361831665039034,13.701156616210966,8.730216979980455,3.2239456176758097,11.369247436523438,11.906280517578125,34.05364990234375,5.009994506835966,10.0,2.0,06-24,8.201876958211265
05-11,9.84698486328125,3.9599075317382812,-5.2358856201171875,-5.4329681396484375,8.459236145019517,13.701156616210966,8.730216979980455,3.2239456176758097,11.369247436523438,11.906280517578125,34.05364990234375,3.360000610351591,10.0,2.0,06-25,8.161814371744796
05-12,9.84698486328125,3.9599075317382812,-5.2358856201171875,-5.4329681396484375,8.459236145019517,13.701156616210966,8.730216979980455,3.2239456176758097,11.369247436523438,15.460952758789062,34.05364990234375,-0.779998779296875,9.0,3.0,06-26,8.113037109375002
05-13,9.84698486328125,3.9599075317382812,-2.6705551147460938,-5.4329681396484375,8.459236145019517,13.701156616210966,8.730216979980455,3.2239456176758097,11.369247436523438,14.868499755859375,34.05364990234375,3.3300018310546875,10.0,2.0,06-27,8.619943618774416
05-14,9.84698486328125,3.9599075317382812,-2.6705551147460938,-5.4329681396484375,9.93948364257811,13.701156616210966,8.730216979980455,3.2239456176758097,11.369247436523438,14.868499755859375,23.81365966796875,12.220001220703125,10.0,2.0,06-28,8.630798339843752
05-15,6.811061859130859,3.9599075317382812,-2.6705551147460938,-2.269439697265625,9.93948364257811,13.701156616210966,4.990417480468722,3.2239456176758097,19.851318359375,15.623733520507812,21.641357421875,5.6399993896484375,10.0,2.0,06-29,8.370198885599773
05-16,6.811061859130859,3.9599075317382812,-5.6558685302734375,-2.269439697265625,9.93948364257811,13.701156616210966,4.990417480468722,3.2239456176758097,19.851318359375,15.623733520507812,18.531036376953125,6.910003662109375,10.0,2.0,06-30,7.96806303660075
05-17,6.811061859130859,3.9599075317382812,-5.6558685302734375,-1.9129791259765625,9.93948364257811,11.919403076171932,4.990417480468722,3.2239456176758097,12.7021484375,15.283294677734375,18.531036376953125,5.110000610351591,10.0,2.0,07-01,7.075154304504401
05-18,6.811061859130859,11.219741821289034,-5.6558685302734375,-1.9129791259765625,0.513671875,11.919403076171932,4.990417480468722,4.3548736572265625,16.525894165039062,15.682098388671875,25.201034545898466,3.5599975585937216,10.0,2.0,07-02,7.7674455642700195
05-19,5.4470977783203125,8.799789428710923,-5.6558685302734375,-1.9129791259765625,1.6758804321289205,13.264984130859403,4.990417480468722,4.3548736572265625,10.78546142578125,20.273529052734375,22.1810302734375,-7.9199981689453125,9.0,3.0,07-03,6.357018152872722
05-20,5.4470977783203125,8.799789428710923,-5.6558685302734375,-1.9129791259765625,1.6758804321289205,13.264984130859403,4.990417480468722,4.3548736572265625,10.78546142578125,20.273529052734375,22.1810302734375,-12.279998779296903,9.0,3.0,07-04,5.993684768676755
05-21,5.4470977783203125,10.559753417968736,-5.6558685302734375,-1.9129791259765625,1.6758804321289205,13.264984130859403,4.990417480468722,4.3548736572265625,2.6049346923828125,20.273529052734375,21.82102966308591,-9.75,9.0,3.0,07-05,5.639471054077146
05-22,6.379859924316406,10.559753417968736,-5.121177673339844,-0.37859344482421875,2.0459442138672017,13.264984130859403,4.990417480468722,4.3548736572265625,2.6049346923828125,17.02496337890625,21.82102966308591,-10.710006713867188,9.0,3.0,07-06,5.569748560587563
05-23,7.039863586425781,10.559753417968736,-4.007255554199219,8.978355407714844,2.0459442138672017,13.264984130859403,4.990417480468722,4.3548736572265625,1.52520751953125,17.02496337890625,21.82102966308591,-12.389999389648438,10.0,2.0,07-07,6.267344792683917
05-24,5.059898376464844,10.559753417968736,-2.0273056030273438,8.978355407714844,2.0459442138672017,13.264984130859403,-3.727195739746122,4.3548736572265625,1.52520751953125,17.02496337890625,10.136627197265625,-2.8899993896484375,9.0,3.0,07-08,5.358842213948567
05-25,5.059898376464844,10.559753417968736,-2.9512786865234375,6.215812683105469,2.0459442138672017,13.264984130859403,-3.727195739746122,4.3548736572265625,1.52520751953125,3.713134765625,10.136627197265625,-6.3899993896484375,9.0,3.0,07-09,3.6506468454996743
05-26,5.059898376464844,12.539703369140597,-2.9512786865234375,6.215812683105469,2.0459442138672017,13.264984130859403,-3.727195739746122,0.726463317871108,1.96295166015625,7.0703125,10.136627197265625,-7.42999267578125,9.0,3.0,07-10,3.742852528889974
05-27,5.719867706298821,12.539703369140597,-2.9512786865234375,6.215812683105469,2.210662841796875,13.264984130859403,-3.727195739746122,0.726463317871108,2.8383941650390625,7.0703125,2.5666351318359375,1.6999969482421875,10.0,2.0,07-11,4.014529863993325
05-28,5.719867706298821,9.019790649414034,-8.011177062988281,6.215812683105469,2.210662841796875,13.264984130859403,-3.727195739746122,2.093009948730483,2.8383941650390625,7.0703125,4.446624755859375,-6.44000244140625,9.0,3.0,07-12,2.8917570114135724
05-29,5.719867706298821,9.019790649414034,-8.011177062988281,6.215812683105469,2.210662841796875,13.264984130859403,-15.252937316894531,2.093009948730483,2.8383941650390625,8.057723999023438,6.836151123046903,-5.0,9.0,3.0,07-13,2.33269023895264
05-30,5.719867706298821,9.019790649414034,-9.971687316894531,6.0375823974609375,-0.9303436279296875,13.264984130859403,-15.252937316894531,2.093009948730483,6.242889404296875,8.057723999023438,6.836151123046903,-0.6999969482422159,8.0,4.0,07-14,2.5347528457641606
05-31,5.719867706298821,9.019790649414034,-7.8775177001953125,6.0375823974609375,-0.9303436279296875,13.264984130859403,-15.252937316894531,2.093009948730483,6.242889404296875,8.057723999023438,6.18389892578125,-3.770004272460966,8.0,4.0,07-15,2.399078687032062
06-01,5.719867706298821,9.019790649414034,-12.004608154296875,6.0375823974609375,-0.9303436279296875,13.264984130859403,-15.252937316894531,2.093009948730483,6.242889404296875,8.600799560546875,5.93389892578125,-6.570007324218778,8.0,4.0,07-16,1.8462438583374006
06-02,5.719867706298821,9.019790649414034,-9.7254638671875,8.71099853515625,-0.9303436279296875,13.478424072265653,-15.252937316894531,2.093009948730483,6.242889404296875,11.518936157226562,5.93389892578125,5.200012207031278,9.0,3.0,07-17,3.5007568995157907
06-03,5.719867706298821,9.019790649414034,-9.7254638671875,8.71099853515625,-0.9303436279296875,13.478424072265653,-15.252937316894531,2.093009948730483,6.242889404296875,11.518936157226562,5.93389892578125,-1.0499877929687216,8.0,4.0,07-18,2.9799235661824572
06-04,5.719867706298821,9.019790649414034,-9.7254638671875,8.71099853515625,1.2659759521484375,4.006866455078153,-15.252937316894531,2.093009948730483,6.9724273681640625,11.518936157226562,5.93389892578125,-4.009994506835909,9.0,3.0,07-19,2.187781333923343
06-05,10.559757232666009,17.6699981689453,-12.755325317382812,8.71099853515625,1.2659759521484375,2.9544677734375,-15.252937316894531,3.9617767333984375,6.9724273681640625,11.518936157226562,5.93389892578125,-1.5299987792969318,9.0,3.0,07-20,3.334164619445794
06-06,10.559757232666009,17.6699981689453,-11.953292846679688,8.71099853515625,1.2659759521484375,1.9506530761719034,-15.252937316894531,3.2430191040039205,6.9724273681640625,11.518936157226562,5.93389892578125,0.0399932861328125,10.0,2.0,07-21,3.3882856369018572
06-07,10.559757232666009,17.6699981689453,-10.482925415039062,6.260383605957031,1.2659759521484375,1.9506530761719034,-15.252937316894531,3.2430191040039205,6.9724273681640625,7.09307861328125,5.93389892578125,8.059997558593722,10.0,2.0,07-22,3.606110572814941
06-08,10.559757232666009,14.519668579101562,-10.482925415039062,6.6881256103515625,1.2659759521484375,1.9506530761719034,-15.252937316894531,3.2430191040039205,6.9724273681640625,7.9980621337890625,5.93389892578125,6.5399932861328125,10.0,2.0,07-23,3.3279765446980822
06-09,10.559757232666009,14.519668579101562,-10.482925415039062,1.453125,1.2659759521484375,1.9506530761719034,-15.252937316894531,3.2430191040039205,4.1029205322265625,7.9980621337890625,5.93389892578125,10.0,10.0,2.0,07-24,2.9409348169962595
06-10,10.559757232666009,9.67978668212892,-3.3728485107421875,-1.1463165283203125,1.2659759521484375,7.008224487304716,-15.252937316894531,3.2430191040039205,4.1029205322265625,7.9980621337890625,5.023895263671875,11.0,9.0,3.0,07-25,3.342461585998539
06-11,10.559757232666009,9.67978668212892,-3.3728485107421875,-1.1463165283203125,3.1145248413085938,7.008224487304716,-6.622566223144531,3.2430191040039205,4.1029205322265625,7.9980621337890625,-1.028915405273466,22.770004272460938,8.0,4.0,07-26,4.692137718200685
06-12,1.7599563598632812,9.67978668212892,-2.2945785522460938,-2.5543060302734375,3.1145248413085938,7.008224487304716,-6.622566223144531,3.2430191040039205,4.1029205322265625,12.29327392578125,-6.7262420654296875,17.839996337890625,8.0,4.0,07-27,3.4036674499511768
06-13,3.0799331665039062,9.67978668212892,-2.2945785522460938,-2.5543060302734375,-0.2431030273437642,7.008224487304716,-6.622566223144531,3.2430191040039205,4.1029205322265625,9.812850952148438,-5.12664794921875,12.5,7.0,5.0,07-28,2.7154610951741573
06-14,3.0799331665039062,9.67978668212892,-4.5937042236328125,-2.5543060302734375,-0.2431030273437642,4.317047119140653,-6.622566223144531,3.2430191040039205,4.1029205322265625,9.429733276367188,1.420806884765625,21.560012817382784,8.0,4.0,07-29,3.5682983398437513
06-15,3.0799331665039062,9.67978668212892,-4.5937042236328125,-2.5543060302734375,-0.2431030273437642,4.317047119140653,-6.622566223144531,3.2430191040039205,1.799530029296875,8.738555908203125,-3.6900024414062784,22.370010375976562,7.0,5.0,07-30,2.960350036621095
06-16,3.0799331665039062,9.67978668212892,-4.5937042236328125,-2.5543060302734375,-0.2431030273437642,4.317047119140653,-6.622566223144531,1.1500091552734375,1.799530029296875,7.6030426025390625,-3.6900024414062784,34.05999755859372,7.0,5.0,07-31,3.665472030639646
06-17,4.452690124511719,9.67978668212892,-0.8537826538085938,-2.5543060302734375,-0.2431030273437642,3.0178527832031534,-6.622566223144531,4.5041732788085795,1.799530029296875,10.160430908203125,-3.6900024414062784,16.800003051757756,7.0,5.0,08-01,3.03755887349446
06-18,4.452690124511719,9.67978668212892,0.17822265625,-2.5543060302734375,-0.2431030273437642,3.0178527832031534,-8.717613220214844,4.5041732788085795,1.799530029296875,10.160430908203125,-8.440002441406278,25.220001220703097,8.0,4.0,08-02,3.2548052469889286
06-19,4.452690124511719,9.67978668212892,1.069366455078125,0.812347412109375,-2.589813232421875,1.0486297607421875,-8.717613220214844,4.5041732788085795,1.799530029296875,10.120925903320312,-2.849990844726591,15.600006103515653,9.0,3.0,08-03,2.9108365376790366
06-20,4.452690124511719,9.67978668212892,-2.49517822265625,0.812347412109375,-4.054016113281236,1.0486297607421875,-8.717613220214844,4.082527160644517,1.799530029296875,10.120925903320312,-4.6299896240234375,15.830001831054659,8.0,4.0,08-04,2.3274701436360665
06-21,4.452690124511719,9.67978668212892,-4.901237487792969,-2.9334030151367188,-4.054016113281236,2.0230255126953125,-4.033660888671875,4.082527160644517,1.799530029296875,10.120925903320312,4.07000732421875,23.800003051757756,8.0,4.0,08-05,3.67551485697428
06-22,4.452690124511719,3.519927978515639,-4.901237487792969,-5.64117431640625,-4.054016113281236,2.0230255126953125,-4.033660888671875,4.082527160644517,1.799530029296875,10.506011962890653,3.3700103759765625,18.90000915527341,8.0,4.0,08-06,2.5019702911376966
06-23,4.452690124511719,3.519927978515639,-5.970603942871094,-5.64117431640625,-4.054016113281236,2.0230255126953125,-4.033660888671875,4.082527160644517,1.799530029296875,13.329986572265625,3.3700103759765625,24.800003051757784,8.0,4.0,08-07,3.139853795369465
06-24,4.452690124511719,3.519927978515639,-7.931129455566406,-5.64117431640625,-2.013282775878892,2.0230255126953125,-4.033660888671875,4.082527160644517,1.799530029296875,13.329986572265625,-5.7299957275390625,33.44000244140625,7.0,5.0,08-08,3.1082038879394545
06-25,4.452690124511719,3.519927978515639,-7.931129455566406,-5.64117431640625,-2.013282775878892,2.0230255126953125,-4.033660888671875,4.082527160644517,1.2645263671875,15.897262573242188,-5.7299957275390625,33.02000427246094,7.0,5.0,08-09,3.2425600687662772
06-26,4.452690124511719,3.519927978515639,-9.891609191894531,-5.64117431640625,-2.013282775878892,2.0230255126953125,-4.033660888671875,4.082527160644517,1.2645263671875,15.897262573242188,4.5099945068359375,22.550003051757812,8.0,4.0,08-10,3.0600191752115897
06-27,4.452690124511719,3.519927978515639,-8.243019104003906,-5.64117431640625,-2.013282775878892,3.8047790527343466,-4.033660888671875,4.082527160644517,-7.2175445556640625,14.169296264648438,4.5099945068359375,28.350006103515597,7.0,5.0,08-11,2.978378295898434
06-28,4.452690124511719,3.519927978515639,-5.2577056884765625,-5.64117431640625,9.197029113769531,3.8047790527343466,-4.033660888671875,4.082527160644517,-7.2175445556640625,16.785919189453125,-2.1600036621094034,21.38999938964841,7.0,5.0,08-12,3.243565241495761
06-29,4.452690124511719,3.519927978515639,-5.2577056884765625,-3.24932861328125,8.03482055664061,6.820755004882784,-4.033660888671875,4.082527160644517,-7.2175445556640625,12.095733642578097,7.760009765624972,24.42999267578122,8.0,4.0,08-13,4.2865180969238175
06-30,8.632591247558594,3.519927978515639,-5.2577056884765625,-3.24932861328125,8.03482055664061,6.820755004882784,-4.033660888671875,4.082527160644517,0.962982177734375,8.738555908203125,4.660003662109375,28.97999572753909,9.0,3.0,08-14,5.157622019449868
07-01,7.6998291015625,3.519927978515639,-14.258186340332031,-3.24932861328125,8.03482055664061,5.4751739501953125,-4.033660888671875,4.082527160644517,0.962982177734375,8.738555908203125,4.660003662109375,31.75,9.0,3.0,08-15,4.448553721110025
07-02,7.039825439453125,3.519927978515639,-15.372108459472656,-3.24932861328125,7.71453094482419,5.4751739501953125,-4.033660888671875,4.082527160644517,0.962982177734375,8.738555908203125,0.26000976562505684,27.0,9.0,3.0,08-16,3.51153628031413
07-03,9.019790649414062,3.519927978515639,-15.372108459472656,-4.783714294433594,7.71453094482419,5.4751739501953125,4.683952331542969,4.082527160644517,0.962982177734375,3.860748291015625,-1.039993286132784,21.050003051757812,9.0,3.0,08-17,3.2644850413004556
07-05,6.239051818847656,3.519927978515639,-11.985794067382812,-4.783714294433594,7.71453094482419,5.4751739501953125,-0.5089187622070312,9.96671295166017,2.0427093505859375,2.24139404296875,-2.1399993896484375,24.870010375976562,8.0,4.0,08-19,3.554257074991862
07-06,6.239051818847656,3.519927978515639,-11.985794067382812,-4.783714294433594,7.71453094482419,5.4751739501953125,2.073387145996122,9.96671295166017,1.6049652099609375,-1.11578369140625,-2.1399993896484375,18.45001220703128,8.0,4.0,08-20,2.918205897013351
07-07,6.239051818847656,3.519927978515639,-11.985794067382812,-4.783714294433594,7.71453094482419,5.4751739501953125,2.073387145996122,9.96671295166017,0.729522705078125,-1.11578369140625,-2.1399993896484375,22.800003051757812,8.0,4.0,08-21,3.207751592000328
07-08,6.239051818847656,3.519927978515639,-11.985794067382812,-4.783714294433594,7.71453094482419,4.4543914794921875,2.073387145996122,9.96671295166017,0.729522705078125,-1.11578369140625,2.470001220703125,23.839996337890625,9.0,3.0,08-22,3.593519210815432
07-09,6.239051818847656,3.519927978515639,-11.985794067382812,-4.783714294433594,7.549812316894517,4.4543914794921875,2.073387145996122,9.96671295166017,0.729522705078125,-1.11578369140625,10.039993286132812,21.300003051757812,9.0,3.0,08-23,3.9989592234293654
07-10,6.239051818847656,3.467124938964858,-12.565025329589844,-4.783714294433594,7.549812316894517,4.4543914794921875,2.073387145996122,9.96671295166017,0.729522705078125,2.2216644287109375,8.160003662109375,17.229995727539062,10.0,2.0,08-24,3.728577295939131
07-11,6.239051818847656,3.467124938964858,-12.565025329589844,-4.783714294433594,7.549812316894517,4.4543914794921875,2.073387145996122,9.96671295166017,0.729522705078125,1.2342529296875,3.5,22.860000610351562,10.0,2.0,08-25,3.7271264394124386
07-12,6.239051818847656,3.467124938964858,-10.604515075683594,-4.783714294433594,7.549812316894517,4.4543914794921875,2.073387145996122,9.96671295166017,-2.6749725341796875,0.6911773681640625,4.759994506835966,20.199996948242188,9.0,3.0,08-26,3.444870630900071
07-13,6.239051818847656,3.467124938964858,-12.698684692382812,-4.783714294433594,7.549812316894517,4.4543914794921875,2.073387145996122,9.96671295166017,-2.6749725341796875,0.6911773681640625,3.5,21.699996948242188,9.0,3.0,08-27,3.290356953938806
07-14,12.75970458984375,3.467124938964858,-12.698684692382812,-4.783714294433594,7.549812316894517,4.4543914794921875,2.073387145996122,9.96671295166017,-2.6749725341796875,0.6911773681640625,3.6999969482421875,29.27000427246091,9.0,3.0,08-28,4.481245040893556
07-15,12.75970458984375,3.467124938964858,-13.812614440917969,-4.783714294433594,5.719558715820327,4.2409515380859375,2.073387145996122,9.96671295166017,-3.404510498046875,4.0483551025390625,3.6999969482421875,18.81999206542963,9.0,3.0,08-29,3.566245396931967
07-16,7.9198150634765625,-5.183082580566406,-10.782752990722656,-4.783714294433594,5.719558715820327,4.2409515380859375,2.073387145996122,8.097946166992216,-3.404510498046875,3.3670501708984375,3.6999969482421875,18.580001831054688,8.0,4.0,08-30,2.462053934733079
07-17,7.9198150634765625,-4.910285949707017,-10.782752990722656,-4.783714294433594,3.5232391357422017,4.0367889404296875,-6.361503601074219,8.097946166992216,-3.404510498046875,3.3670501708984375,3.6999969482421875,14.820007324218778,7.0,5.0,08-31,1.2685063680013091
07-18,9.019798278808594,-3.1503143310546875,-10.782752990722656,-4.783714294433594,3.5232391357422017,4.0367889404296875,-6.361503601074219,8.097946166992216,-3.404510498046875,3.3670501708984375,3.6999969482421875,12.900009155273466,7.0,5.0,09-01,1.3468360900878966
07-19,9.019798278808594,-3.1503143310546875,-11.584785461425781,-4.783714294433594,3.5232391357422017,4.0367889404296875,-6.361503601074219,8.816703796386733,-3.404510498046875,4.6506805419921875,3.6999969482421875,6.680007934570369,7.0,5.0,09-02,0.9285322825114003
07-20,9.019798278808594,-3.1503143310546875,-13.055152893066406,0.45128631591796875,3.5232391357422017,4.0367889404296875,-6.361503601074219,8.816703796386733,-0.535003662109375,4.6506805419921875,3.0,6.979995727539091,8.0,4.0,09-03,1.4480431874593147
07-21,9.019798278808594,1.9799652099609375,-15.853324890136719,3.0507278442382812,3.5232391357422017,4.0367889404296875,-6.361503601074219,8.816703796386733,-0.535003662109375,5.766448974609375,3.0,20.02000427246091,9.0,3.0,09-04,3.0386536916097007
07-22,9.019798278808594,1.9799652099609375,-15.853324890136719,3.0507278442382812,3.5232391357422017,4.0367889404296875,-6.361503601074219,8.816703796386733,-0.535003662109375,10.594863891601591,3.0,14.099990844726534,9.0,3.0,09-05,2.947687149047854
07-23,9.019798278808594,1.9799652099609375,-16.931594848632812,3.0507278442382812,3.5232391357422017,-1.020782470703125,-6.361503601074219,8.816703796386733,-0.535003662109375,16.884658813476534,6.3600006103515625,14.759994506835909,8.0,4.0,09-06,3.2955169677734353
07-24,9.019798278808594,1.9799652099609375,-16.931594848632812,3.0507278442382812,1.6746902465820455,-1.020782470703125,-6.361503601074219,8.816703796386733,-0.535003662109375,16.93402099609375,6.3600006103515625,24.52000427246091,8.0,4.0,09-07,3.958918889363607
07-25,9.019798278808594,1.9799652099609375,-16.931594848632812,3.0507278442382812,1.6746902465820455,1.6703948974609375,-6.361503601074219,8.816703796386733,-0.535003662109375,12.638809204101562,3.149993896484375,-1.0100097656249716,8.0,4.0,09-08,1.430247624715174
07-26,9.019798278808594,1.9799652099609375,-16.931594848632812,3.0507278442382812,1.6746902465820455,1.6703948974609375,-6.361503601074219,8.816703796386733,-0.535003662109375,12.638809204101562,1.75,-4.060012817382784,8.0,4.0,09-09,1.0594145456949917
07-27,11.527740478515625,1.9799652099609375,-14.632469177246094,7.518547058105469,1.6746902465820455,1.6703948974609375,-6.361503601074219,8.816703796386733,-0.535003662109375,12.638809204101562,1.75,-3.060012817382784,8.0,4.0,09-10,1.915655136108403
07-28,11.527740478515625,1.9799652099609375,-14.632469177246094,7.518547058105469,7.1654510498046875,1.6703948974609375,-6.361503601074219,5.462539672851591,11.86712646484375,10.0814208984375,-3.910003662109375,4.25,9.0,3.0,09-11,3.051600774129234
07-29,11.527740478515625,1.9799652099609375,-17.769264221191406,7.518547058105469,7.1654510498046875,1.6703948974609375,-6.361503601074219,5.462539672851591,11.86712646484375,11.908126831054688,-5.75,-1.3999938964843466,8.0,4.0,09-12,2.318260828653976
07-30,11.527740478515625,1.9799652099609375,-18.66040802001953,7.518547058105469,7.513191223144517,2.9695892333984375,-6.361503601074219,5.462539672851591,11.86712646484375,13.636093139648438,-5.75,2.0,9.0,3.0,09-13,2.808573404947918
07-31,11.527740478515625,1.9799652099609375,-18.66040802001953,7.518547058105469,7.513191223144517,2.9695892333984375,-6.361503601074219,5.462539672851591,11.86712646484375,15.117202758789062,-5.75,14.220001220703097,9.0,3.0,09-14,3.950332641601561
08-01,11.527740478515625,-0.175994873046875,-18.66040802001953,4.151893615722656,7.513191223144517,1.9951934814453125,-11.045455932617188,5.462539672851591,11.86712646484375,20.488693237304688,-14.449996948242188,11.089996337890682,8.0,4.0,09-15,2.4803765614827533
08-02,11.527740478515625,-0.175994873046875,-15.095863342285156,6.8596649169921875,8.3551025390625,1.9023895263671875,-11.045455932617188,0.3258361816406534,11.86712646484375,16.54893493652341,-15.25,11.449996948242244,8.0,4.0,09-16,2.2724564870198614
08-03,11.527740478515625,-0.175994873046875,-12.689804077148438,6.8596649169921875,8.3551025390625,1.9023895263671875,-11.045455932617188,0.3258361816406534,11.86712646484375,21.72296142578122,-15.25,13.350006103515653,8.0,4.0,09-17,3.0624643961588567
08-04,11.527740478515625,-0.175994873046875,-10.729278564453125,12.365432739257812,8.3551025390625,1.9023895263671875,-11.045455932617188,0.3258361816406534,9.678512573242188,19.77777099609375,-15.25,16.470001220703125,8.0,4.0,09-18,3.6001714070638045
08-05,11.527740478515625,-0.175994873046875,-10.729278564453125,12.365432739257812,8.538146972656236,1.9023895263671875,-11.045455932617188,0.3258361816406534,10.213516235351562,16.924163818359347,-15.25,12.220001220703125,8.0,4.0,09-19,3.068041483561197
08-06,11.527740478515625,-0.8887710571289205,4.812126159667969,12.365432739257812,6.497413635253892,1.9023895263671875,-11.045455932617188,0.3258361816406534,10.213516235351562,16.924163818359347,-6.149993896484375,14.919998168945312,9.0,3.0,09-20,5.1170330047607395
08-07,11.527740478515625,-0.8887710571289205,4.812126159667969,12.365432739257812,6.497413635253892,1.9023895263671875,-11.045455932617188,0.3258361816406534,10.213516235351562,11.700759887695341,-6.149993896484375,9.739990234375,9.0,3.0,09-21,4.250082015991214
08-08,11.527740478515625,-0.8887710571289205,4.812126159667969,12.365432739257812,4.7129135131835795,1.9023895263671875,-11.045455932617188,0.3258361816406534,10.213516235351562,11.700759887695341,-6.149993896484375,20.850006103515597,9.0,3.0,09-22,5.02720832824707
08-09,11.527740478515625,-0.8887710571289205,3.1635360717773438,9.973587036132812,4.7129135131835795,1.1136016845703125,-11.045455932617188,0.3258361816406534,10.213516235351562,11.79951477050787,-13.050003051757784,8.309997558593722,9.0,3.0,09-23,3.0130011240641323
08-10,11.527740478515625,-0.8887710571289205,3.1635360717773438,9.973587036132812,4.7129135131835795,1.1136016845703125,-11.045455932617188,0.3258361816406534,10.213516235351562,14.02117919921875,-9.949996948242188,3.1999969482421875,9.0,3.0,09-24,3.0306402842203775
08-11,11.527740478515625,-0.8887710571289205,11.629325866699219,9.973587036132812,5.31689453125,1.1136016845703125,-11.045455932617188,0.3258361816406534,10.213516235351562,14.02117919921875,-9.949996948242188,-3.0,8.0,4.0,09-25,3.269788106282553
08-12,7.34783935546875,-0.8887710571289205,11.629325866699219,9.973587036132812,5.31689453125,1.1136016845703125,-11.045455932617188,0.3258361816406534,10.213516235351562,14.662994384765653,-2.0500030517578125,-6.0,8.0,4.0,09-26,3.38328043619792
08-13,7.34783935546875,-0.8887710571289205,11.629325866699219,9.973587036132812,5.31689453125,1.1136016845703125,-11.045455932617188,0.3258361816406534,10.213516235351562,13.626205444335938,-7.399993896484403,-9.550003051757812,8.0,4.0,09-27,2.5552151997884103
08-14,11.439735412597656,-0.8887710571289205,11.629325866699219,5.009361267089844,5.6371841430664205,1.1136016845703125,-11.045455932617188,0.3258361816406534,10.213516235351562,17.55609130859375,-2.6399993896484943,-15.350006103515625,8.0,4.0,09-28,2.750034968058266
08-15,14.220474243164062,-0.8887710571289205,11.629325866699219,5.009361267089844,5.6371841430664205,1.1136016845703125,-5.8525848388671875,0.3258361816406534,2.966796875,25.682464599609375,-1.539993286132841,-15.100006103515653,8.0,4.0,09-29,3.600307464599607
08-16,14.220474243164062,-3.519927978515639,11.629325866699219,5.009361267089844,5.6371841430664205,1.1136016845703125,-5.8525848388671875,0.3258361816406534,2.966796875,25.682464599609375,-1.539993286132841,15.5,9.0,3.0,09-30,5.931044896443685
08-17,13.560493469238281,-3.519927978515639,8.243011474609375,5.009361267089844,5.6371841430664205,1.1136016845703125,-10.357475280761719,-5.558349609375,2.966796875,22.493133544921875,-1.539993286132841,16.550003051757812,8.0,4.0,10-01,4.54981994628906
08-18,13.560493469238281,-3.519927978515639,8.243011474609375,5.009361267089844,5.6371841430664205,1.1136016845703125,-12.939781188964872,-5.558349609375,2.966796875,22.493133544921875,-1.539993286132841,25.969985961913977,8.0,4.0,10-02,5.119626363118478
08-19,13.560493469238281,-3.519927978515639,8.243011474609375,5.009361267089844,5.6371841430664205,-3.6655731201171875,-12.939781188964872,-5.558349609375,2.966796875,21.0614013671875,8.970001220703153,25.119995117187443,8.0,4.0,10-03,5.407051086425777
08-20,13.560493469238281,-3.467124938964858,8.822242736816406,5.009361267089844,4.392608642578139,-2.6447906494140625,-12.939781188964872,-5.558349609375,2.966796875,21.0614013671875,-4.410003662109375,26.81999206542963,7.0,5.0,10-04,4.4677371978759695
08-21,13.560493469238281,-3.467124938964858,8.109329223632812,5.009361267089844,4.392608642578139,-2.6447906494140625,-12.939781188964872,-5.558349609375,2.966796875,18.148544311523438,-4.410003662109375,26.75999450683588,7.0,5.0,10-05,4.160589853922519
08-22,13.560493469238281,-3.467124938964858,8.109329223632812,5.009361267089844,4.392608642578139,-1.2527923583984375,-12.939781188964872,-5.558349609375,17.197616577148438,14.81109619140625,-5.419998168945341,22.300003051757812,7.0,5.0,10-06,4.728538513183589
08-23,13.560493469238281,-3.467124938964858,8.109329223632812,5.009361267089844,4.392608642578139,-1.2527923583984375,-12.939781188964872,-5.558349609375,17.197616577148438,14.81109619140625,-4.690002441406278,32.77000427246088,7.0,5.0,10-07,5.661871592203767
08-24,13.560493469238281,-3.467124938964858,8.109329223632812,5.009361267089844,4.392608642578139,-1.2527923583984375,-12.939781188964872,-5.558349609375,17.197616577148438,7.9288787841796875,-1.599990844726591,23.600006103515625,7.0,5.0,10-08,4.581687927246089
08-25,13.560493469238281,-3.467124938964858,9.223258972167969,5.009361267089844,6.588912963867202,-1.2527923583984375,-12.939781188964872,-5.558349609375,17.197616577148438,4.5717010498046875,3.3000030517578125,31.12001037597662,8.0,4.0,10-09,5.612775802612307
08-26,7.0398406982421875,-3.467124938964858,4.6339111328125,5.009361267089844,6.588912963867202,-2.8768157958984375,-12.939781188964872,-5.558349609375,17.197616577148438,-16.440322875976562,3.3000030517578125,26.35000610351571,7.0,5.0,10-10,2.403104782104497
08-27,7.0398406982421875,-3.739921569824247,3.6091156005859375,5.009361267089844,8.419166564941392,-2.8768157958984375,-4.504890441894531,-5.558349609375,17.197616577148438,-14.741973876953125,3.3000030517578125,31.80000305175784,7.0,5.0,10-11,3.7460962931315094
08-28,5.939857482910156,-5.499893188476577,6.549858093261719,5.009361267089844,8.419166564941392,-2.8768157958984375,-4.504890441894531,-5.558349609375,17.197616577148438,-14.0606689453125,3.3000030517578125,24.529983520507812,7.0,5.0,10-12,3.2037690480550105
08-29,5.939857482910156,-5.499893188476577,5.703285217285156,5.009361267089844,8.419166564941392,-3.7119903564453125,-4.504890441894531,-5.558349609375,17.197616577148438,-14.0606689453125,4.0,37.86997985839841,7.0,5.0,10-13,4.2336228688557895
08-30,5.939857482910156,-2.2791595458984375,5.703285217285156,5.009361267089844,8.419166564941392,-3.7119903564453125,-4.504890441894531,-5.558349609375,17.197616577148438,-15.176437377929688,-5.5,42.36997985839841,6.0,6.0,10-14,3.992369969685869
08-31,5.939857482910156,-2.2791595458984375,5.703285217285156,5.009361267089844,8.419166564941392,-3.7119903564453125,-4.504890441894531,-5.558349609375,17.197616577148438,-20.004852294921903,-5.5,37.86997985839841,6.0,6.0,10-15,3.2150020599365177
09-01,5.939857482910156,-2.2791595458984375,5.703285217285156,5.009361267089844,8.373405456542955,-11.414352416992159,-4.504890441894531,-5.558349609375,17.197616577148438,-26.294647216796847,-2.0,34.16001892089844,6.0,6.0,10-16,2.027678807576501
09-02,5.939857482910156,-2.2791595458984375,5.703285217285156,5.009361267089844,8.373405456542955,-13.790008544921875,-4.504890441894531,-5.558349609375,17.197616577148438,-35.2701721191406,-2.0,22.64001464843753,6.0,6.0,10-17,0.12174669901530304
09-03,5.939857482910156,-2.2791595458984375,7.084526062011719,5.009361267089844,8.373405456542955,-13.790008544921875,-4.504890441894531,-5.558349609375,17.197616577148438,-41.36247253417966,-2.0,39.110015869140625,6.0,6.0,10-18,1.1016585032145194
09-04,5.939857482910156,-2.2791595458984375,5.747833251953125,11.101814270019531,8.373405456542955,-13.790008544921875,-4.504890441894531,-5.558349609375,17.197616577148438,-38.42001342773435,-4.4499969482421875,43.669998168945256,6.0,6.0,10-19,1.919008890787757
09-05,3.431915283203125,2.1999435424804688,5.747833251953125,11.101814270019531,8.373405456542955,-13.790008544921875,-4.504890441894531,-5.558349609375,17.197616577148438,-38.46937561035156,-3.0500030517578125,40.36000061035162,7.0,5.0,10-20,1.91999181111654
09-06,3.431915283203125,2.1999435424804688,5.747833251953125,6.633995056152344,8.373405456542955,-13.790008544921875,-4.504890441894531,-5.031265258789091,17.197616577148438,-38.46937561035156,-1.600006103515625,41.550003051757756,7.0,5.0,10-21,1.8115971883137938
09-07,3.431915283203125,2.1999435424804688,5.747833251953125,6.5076446533203125,2.8826446533203125,-13.790008544921875,-4.504890441894531,-5.031265258789091,4.7954864501953125,-37.659698486328125,4.05999755859375,45.56999206542969,8.0,4.0,10-22,1.184132893880206
09-08,3.431915283203125,2.1999435424804688,9.392585754394531,6.5076446533203125,2.8826446533203125,-13.790008544921875,6.484039306640625,-5.031265258789091,4.7954864501953125,-41.32298278808594,4.05999755859375,42.56999206542969,9.0,3.0,10-23,1.8483327229817685
09-09,3.431915283203125,2.1999435424804688,9.392585754394531,4.287269592285142,2.8826446533203125,-13.790008544921875,6.484039306640625,-5.031265258789091,-1.1672515869140625,-39.792510986328125,3.6100006103515625,34.449981689453125,8.0,4.0,10-24,0.5797786712646449
09-10,3.431915283203125,-2.1999588012695312,22.6259765625,4.287269592285142,2.8826446533203125,-13.790008544921875,6.484039306640625,-5.031265258789091,-1.1672515869140625,-43.23854064941406,0.839996337890625,30.04998779296878,7.0,5.0,10-25,0.43123372395833215
09-11,3.431915283203125,-0.04399871826171875,22.6259765625,4.287269592285142,2.534904479980483,-13.790008544921875,6.484039306640625,-5.031265258789091,-1.1672515869140625,-41.332855224609375,0.839996337890625,22.309997558593665,7.0,5.0,10-26,0.09572664896646188
09-12,3.431915283203125,-0.04399871826171875,22.6259765625,4.287269592285142,1.6929931640625,-13.69720458984375,6.484039306640625,-5.031265258789091,-1.1672515869140625,-42.81396484375,2.339996337890625,14.740005493164034,7.0,5.0,10-27,-0.5959574381510476
09-13,3.431915283203125,-0.04399871826171875,22.6259765625,4.287269592285142,9.288558959960938,-13.69720458984375,6.484039306640625,-5.031265258789091,-1.1672515869140625,-50.2195129394531,-0.3600006103515625,13.700012207031222,6.0,6.0,10-28,-0.8917884826660192
09-14,3.431915283203125,-0.04399871826171875,22.6259765625,-1.218498229980483,9.288558959960938,-13.69720458984375,6.484039306640625,0.5270843505859091,1.0213623046875,-55.354034423828125,5.759994506835909,7.360000610351534,8.0,4.0,10-29,-1.1512336730957113
09-15,3.431915283203125,-0.04399871826171875,22.6259765625,-1.218498229980483,9.288558959960938,-13.69720458984375,6.484039306640625,0.5270843505859091,1.0213623046875,-51.1081848144531,8.199996948242188,-0.8500061035156534,7.0,5.0,10-30,-1.2782465616862015
09-16,3.431915283203125,0.6687774658203267,16.753379821777344,-1.218498229980483,9.288558959960938,-1.76318359375,6.484039306640625,0.5270843505859091,1.0213623046875,-43.63351440429685,8.610000610351562,0.9299926757812216,9.0,3.0,10-31,0.09165954589843513
09-17,3.431915283203125,0.6687774658203267,16.753379821777344,-1.218498229980483,9.105514526367202,-1.76318359375,6.484039306640625,0.5270843505859091,1.0213623046875,-43.63351440429685,8.449996948242188,2.110000610351534,9.0,3.0,11-01,0.16140619913736862
09-18,3.431915283203125,0.6687774658203267,16.753379821777344,-1.218498229980483,9.105514526367202,-1.76318359375,6.484039306640625,0.5270843505859091,1.0213623046875,-42.15240478515622,8.449996948242188,-7.590011596679631,8.0,4.0,11-02,-0.5235023498535097
09-19,3.431915283203125,-7.2950592041015625,16.753379821777344,-1.218498229980483,9.105514526367202,-3.66558837890625,6.484039306640625,0.5270843505859091,1.0213623046875,-39.49627685546878,8.449996948242188,-0.22999572753903408,7.0,5.0,11-03,-0.5110104878743513
09-20,3.431915283203125,-7.2950592041015625,16.753379821777344,-1.218498229980483,9.105514526367202,-3.66558837890625,6.484039306640625,0.5270843505859091,1.0213623046875,-38.36076354980469,4.6299896240234375,2.4700012207031534,8.0,4.0,11-04,-0.5097185770670573
09-21,3.431915283203125,-7.2950592041015625,16.753379821777344,-1.218498229980483,8.501533508300781,-3.66558837890625,6.484039306640625,0.5270843505859091,1.0213623046875,-38.36076354980469,6.050003051757784,7.729995727539091,8.0,4.0,11-05,-0.0033830006917353237
09-22,3.431915283203125,-7.2950592041015625,16.753379821777344,-1.218498229980483,8.501533508300781,-3.66558837890625,6.484039306640625,0.5270843505859091,1.0213623046875,-38.16328430175784,7.9499969482421875,19.540008544921903,8.0,4.0,11-06,1.1555741628011031
09-23,3.431915283203125,-7.2950592041015625,14.329490661621108,-1.218498229980483,8.501533508300781,-3.66558837890625,6.484039306640625,0.5270843505859091,1.0213623046875,-35.89224243164065,1.399993896484375,22.70001220703128,8.0,4.0,11-07,0.8603369394938127
09-24,-0.6599807739257812,-7.2950592041015625,14.329490661621108,-1.218498229980483,8.501533508300781,-3.66558837890625,6.484039306640625,0.5270843505859091,1.0213623046875,-38.54837036132815,1.100006103515625,28.20001220703128,7.0,5.0,11-08,0.7313359578450497
09-25,4.179916381835923,-7.2950592041015625,14.329490661621108,-1.218498229980483,8.501533508300781,-3.66558837890625,6.484039306640625,0.5270843505859091,1.0213623046875,-37.51158142089844,6.449996948242216,32.540008544921875,8.0,4.0,11-09,2.0285587310791002
09-26,5.499885559082031,-7.2950592041015625,14.329490661621108,3.745727539062486,8.501533508300781,-3.66558837890625,6.484039306640625,0.5270843505859091,1.0213623046875,-41.44146728515625,6.449996948242216,-2.900009155273409,8.0,4.0,11-10,-0.7285836537679012
09-27,8.579818725585923,1.1087646484375284,14.329490661621108,3.745727539062486,8.501533508300781,-3.66558837890625,6.484039306640625,0.5270843505859091,8.268081665039062,-38.25213623046875,7.599990844726591,23.549987792968693,10.0,2.0,11-11,3.3980662027994755
09-28,8.579818725585923,3.739921569824247,14.329490661621108,3.745727539062486,8.501533508300781,-5.094696044921875,6.484039306640625,0.5270843505859091,8.268081665039062,-39.49627685546875,3.5899963378906534,8.940002441406193,10.0,2.0,11-12,1.8428936004638636
09-29,9.239799499511705,3.739921569824247,14.329490661621108,3.745727539062486,8.501533508300781,-5.094696044921875,10.988929748535156,0.5270843505859091,8.268081665039062,-38.064544677734375,3.5899963378906534,10.229995727539062,10.0,2.0,11-13,2.5001099904378266
09-30,9.239799499511705,3.739921569824247,14.329490661621108,-0.722076416015625,8.501533508300781,-5.094696044921875,10.988929748535156,0.5270843505859091,8.268081665039062,-41.59944152832031,7.039993286132841,7.230010986328182,9.0,3.0,11-14,1.8707192738850982
10-01,9.239799499511705,3.739921569824247,15.042404174804702,-0.722076416015625,8.501533508300781,-0.315521240234375,10.988929748535156,0.5270843505859091,8.268081665039062,-41.59944152832031,-3.4700012207031534,4.730010986328182,8.0,4.0,11-15,1.2442270914713565
10-02,9.239799499511705,3.739921569824247,15.042404174804702,-0.722076416015625,9.746109008789062,-1.70751953125,10.988929748535156,0.5270843505859091,8.268081665039062,-43.39653015136719,5.3000030517578125,5.959991455078125,9.0,3.0,11-16,1.9155165354410808
10-03,9.239799499511705,3.739921569824247,15.042404174804702,-0.722076416015625,9.746109008789062,-1.70751953125,10.988929748535156,0.5270843505859091,8.268081665039062,-40.483673095703125,5.830001831054716,-4.25,8.0,4.0,11-17,1.3515885670979841
10-04,22.35150146484375,3.739921569824247,12.520492553710938,-0.722076416015625,9.746109008789062,-1.70751953125,10.988929748535156,0.5270843505859091,-5.962738037109375,-33.60145568847656,2.539993286132841,1.899993896484375,8.0,4.0,11-18,1.860019683837893
10-05,18.479591369628906,3.739921569824247,12.520492553710938,-0.722076416015625,7.5498046875,-1.70751953125,10.988929748535156,0.5270843505859091,-5.962738037109375,-37.402984619140625,0.6999969482421875,-8.949996948242102,7.0,5.0,11-19,-0.01995786031086529
10-06,18.479591369628906,3.739921569824247,17.109840393066406,-0.722076416015625,12.253555297851562,-1.70751953125,10.988929748535156,0.5270843505859091,-5.962738037109375,-16.390960693359375,0.6999969482421875,0.22000122070315342,8.0,4.0,11-20,3.2696355183919295
10-07,18.479591369628906,3.739921569824247,18.13463592529297,-0.722076416015625,12.253555297851562,-1.70751953125,10.988929748535156,0.5270843505859091,-5.962738037109375,-19.994979858398438,-13.050003051757812,-8.800003051757841,6.0,6.0,11-21,1.1571998596191382
10-08,18.479591369628906,3.739921569824247,15.193893432617188,-0.722076416015625,12.253555297851562,-0.08349609375,10.988929748535156,0.5270843505859091,-5.962738037109375,-19.994979858398438,-14.210006713867188,-7.629989624023409,6.0,6.0,11-22,1.0483074188232446
10-09,17.159629821777344,3.739921569824247,9.579719543457031,7.491462707519531,12.253555297851562,0.751678466796875,10.988929748535156,0.5270843505859091,-5.962738037109375,-23.421295166015625,-14.210006713867188,-14.749984741210909,8.0,4.0,11-23,0.3456630706787133
10-10,17.159629821777344,3.739921569824247,9.579719543457031,7.491462707519531,12.253555297851562,0.751678466796875,10.988929748535156,0.5270843505859091,-5.962738037109375,-23.421295166015625,-4.7100067138671875,-19.24998474121091,8.0,4.0,11-24,0.76232973734538
10-11,15.839645385742188,3.739921569824247,10.426292419433594,7.491462707519531,13.168685913085938,0.751678466796875,10.988929748535156,0.5270843505859091,-5.962738037109375,-23.421295166015625,-1.9600067138671875,-19.24998474121091,8.0,4.0,11-25,1.028306325276695
10-12,15.839645385742188,0.519187927246108,10.426292419433594,7.491462707519531,13.214447021484375,0.751678466796875,10.988929748535156,0.5270843505859091,-5.962738037109375,-17.003158569335938,-5.4600067138671875,-19.24998474121091,8.0,4.0,11-26,1.0069033304850272
10-13,15.839645385742188,0.519187927246108,10.426292419433594,7.491462707519531,13.214447021484375,0.751678466796875,10.988929748535156,0.5270843505859091,-9.026809692382812,0.809661865234375,-5.4600067138671875,-14.749984741210909,9.0,3.0,11-27,2.610965728759767
10-14,15.839645385742188,0.519187927246108,7.592491149902344,7.491462707519531,13.214447021484375,8.454040527343722,10.988929748535156,0.5270843505859091,-9.026809692382812,-1.3626251220703125,-5.4600067138671875,-11.340011596679659,8.0,4.0,11-28,3.11981964111328
10-15,15.839645385742188,0.519187927246108,8.929183959960938,9.477157592773452,13.214447021484375,10.829696655273438,10.988929748535156,0.5270843505859091,-9.026809692382812,-1.3626251220703125,-1.2100067138671875,-12.849990844726477,8.0,4.0,11-29,3.822991689046231
10-16,15.839645385742188,-3.9599151611327983,8.929183959960938,8.123275756835938,13.214447021484375,10.829696655273438,10.988929748535156,0.5270843505859091,-9.026809692382812,1.3231201171875,-1.2100067138671875,-10.539993286132841,8.0,4.0,11-30,3.7532215118408168
10-17,15.839645385742188,-3.7399215698242188,13.589828491210938,2.03082275390625,13.214447021484375,10.829696655273438,10.988929748535156,0.5270843505859091,-9.026809692382812,-1.6193389892578125,-2.660003662109375,-11.729995727538977,7.0,5.0,12-01,3.187032063802088
10-18,15.839645385742188,-1.9799499511718892,13.589828491210938,2.1571731567382812,13.214447021484375,10.829696655273438,10.988929748535156,0.5270843505859091,-9.026809692382812,-2.42901611328125,1.5500030517578125,-11.729995727538977,8.0,4.0,12-02,3.6275863647460973
10-19,15.839645385742188,-1.9799499511718892,13.589828491210938,2.644561767578111,13.214447021484375,10.829696655273438,10.988929748535156,0.0,-9.026809692382812,-0.592437744140625,0.25,-11.729995727538977,7.0,5.0,12-03,3.668992996215825
10-20,18.91957092285155,-1.9799499511718892,13.589828491210938,4.864936828613281,13.214447021484375,10.829696655273438,0.5089263916015625,0.0,-3.0640716552734375,-2.1229095458984375,-3.4499969482421875,-15.749984741210909,6.0,6.0,12-04,2.963374455769857
10-21,18.91957092285155,2.419952392578111,0.35643768310546875,4.864936828613281,13.214447021484375,10.829696655273438,-10.480003356933594,0.0,-3.0640716552734375,-2.1229095458984375,-2.349990844726591,-12.749984741210909,6.0,6.0,12-05,1.653173446655271
10-22,18.91957092285155,2.419952392578111,1.9426727294921875,4.864936828613281,13.214447021484375,10.829696655273438,-10.480003356933594,-14.710487365722642,-15.806625366210938,-2.1229095458984375,-1.8999938964844034,-9.849990844726477,6.0,6.0,12-06,-0.2232278188069626
10-23,18.91957092285155,4.223899841308594,1.9426727294921875,4.864936828613281,13.214447021484375,10.829696655273438,-10.480003356933594,-14.710487365722642,-15.806625366210938,1.3231201171875,2.710006713867159,-2.639999389648409,8.0,4.0,12-07,1.1992696126302083
10-24,18.91957092285155,3.387908935546875,3.2971878051757955,4.864936828613281,5.6188812255859375,10.829696655273438,-10.480003356933594,-14.710487365722642,-15.806625366210938,-2.3105316162109375,5.410003662109347,-1.6000061035155966,7.0,5.0,12-08,0.6183776855468762
10-25,18.91957092285155,3.387908935546875,3.2971878051757955,4.864936828613281,5.6188812255859375,10.829696655273438,-10.253822326660156,-14.710487365722642,-15.806625366210938,4.7691802978515625,-5.959991455078125,-1.6000061035155966,7.0,5.0,12-09,0.279702504475915
10-26,18.91957092285155,3.6079177856445312,3.2971878051757955,7.7532119750976705,5.6188812255859375,10.829696655273438,-11.629783630371094,-14.710487365722642,-15.806625366210938,3.3769378662109375,-8.399993896484403,-1.6000061035155966,7.0,5.0,12-10,0.10470898946126539
10-27,18.91957092285155,3.6079177856445312,-4.411140441894517,7.7532119750976705,4.8959197998046875,10.829696655273438,-11.629783630371094,-14.710487365722642,-15.806625366210938,0.1382293701171875,-4.5500030517578125,4.740005493164091,7.0,5.0,12-11,-0.018623987833654116
10-28,18.91957092285155,3.6079177856445312,-4.411140441894517,9.034896850585966,4.8959197998046875,10.829696655273438,-11.629783630371094,-14.710487365722642,-15.806625366210938,2.8634796142578125,-8.55999755859375,11.05000305175787,7.0,5.0,12-12,0.5069541931152427
10-29,18.91957092285155,3.6079177856445312,-4.411140441894517,9.034896850585966,4.8959197998046875,-1.1043243408203125,-11.629783630371094,-14.710487365722642,-15.806625366210938,2.8634796142578125,-9.120010375976562,16.600006103515625,6.0,6.0,12-13,-0.07171503702799124
10-30,18.91957092285155,11.57175445556642,-4.411140441894517,9.034896850585966,4.8959197998046875,-1.429107666015625,-12.232948303222656,-14.710487365722642,-15.806625366210938,2.8634796142578125,-8.960006713867188,21.779998779296903,6.0,6.0,12-14,0.9596087137858144
10-31,18.91957092285155,11.131767272949247,-4.411140441894517,9.034896850585966,4.8959197998046875,-1.429107666015625,-12.232948303222656,-18.678001403808608,-15.806625366210938,1.3823699951171875,-5.1399993896484375,19.080001831054716,6.0,6.0,12-15,0.5622253417968809
11-01,18.91957092285155,11.703750610351562,-9.401496887207031,9.034896850585966,4.8959197998046875,-1.429107666015625,-12.232948303222656,-18.678001403808608,-15.806625366210938,1.3823699951171875,-4.100006103515597,19.080001831054716,6.0,6.0,12-16,0.2806936899821011
11-02,18.91957092285155,11.703750610351562,-9.401496887207031,9.034896850585966,4.8959197998046875,-11.785552978515625,-12.232948303222656,-18.678001403808608,-15.806625366210938,2.7647552490234375,-11.300003051757812,19.080001831054716,6.0,6.0,12-17,-1.067144393920896
11-03,18.91957092285155,11.703750610351562,-6.9776077270507955,9.034896850585966,4.8959197998046875,-9.233551025390625,-12.232948303222656,-18.678001403808608,-15.806625366210938,0.49371337890625,-11.300003051757812,13.820007324218778,6.0,6.0,12-18,-1.2800731658935536
11-04,18.91957092285155,11.703750610351562,-6.9776077270507955,9.034896850585966,1.9675216674804688,-9.233551025390625,-12.232948303222656,-18.678001403808608,-15.806625366210938,-4.5420684814453125,-3.839996337890625,7.1199951171875,5.0,7.0,12-19,-1.8804219563802096
11-05,14.079673767089844,11.703750610351562,-6.9776077270507955,9.034896850585966,1.9675216674804688,-9.233551025390625,-12.232948303222656,-18.678001403808608,-15.17437744140625,-9.82470703125,1.2799987792968466,-0.9900054931640057,5.0,7.0,12-20,-2.920446395874021
11-06,12.759704589843736,10.603767395019545,-6.9776077270507955,9.034896850585966,1.9675216674804688,-9.233551025390625,-12.232948303222656,-18.678001403808608,-19.551589965820312,-2.4290313720703125,-6.320007324218778,3.850006103515625,5.0,7.0,12-21,-3.1005700429280623
11-07,4.267898559570327,10.603767395019545,-6.9776077270507955,9.034896850585966,1.9675216674804688,-9.233551025390625,-12.232948303222656,-18.678001403808608,-19.551589965820312,-2.4290313720703125,-7.470001220703153,-22.599990844726477,4.0,8.0,12-22,-6.108219782511386
11-08,4.267898559570327,10.603767395019545,-7.111282348632827,9.034896850585966,1.9675216674804688,-7.804443359375,-12.232948303222656,-18.678001403808608,-19.551589965820312,-1.1848907470703125,0.11999511718747158,-22.599990844726477,5.0,7.0,12-23,-5.264088948567701
11-09,7.699821472167983,2.1999435424804545,-7.111282348632827,8.980735778808608,1.9675216674804688,-7.804443359375,-12.232948303222656,-18.678001403808608,-19.551589965820312,-8.244842529296875,-0.19000244140625,-22.599990844726477,4.0,8.0,12-24,-6.297089894612625
11-10,7.699821472167983,2.1999435424804545,-7.111282348632827,13.448539733886719,1.9675216674804688,-7.804443359375,-12.232948303222656,-18.678001403808608,-19.551589965820312,-4.7099456787109375,-0.19000244140625,-7.990005493163977,4.0,8.0,12-25,-4.412699381510412
11-11,7.699821472167983,2.1999435424804545,-7.111282348632827,12.3203125,0.2562408447265625,-7.804443359375,-12.232948303222656,-18.678001403808608,-19.551589965820312,-1.3033905029296875,-0.19000244140625,-10.330001831054659,4.0,8.0,12-26,-4.560445149739583
11-12,7.699821472167983,2.1999435424804545,-7.521202087402358,12.3203125,0.2562408447265625,-7.804443359375,-12.232948303222656,-18.678001403808608,-17.314346313476562,-1.3033905029296875,-3.6399993896484375,-4.439987182617159,4.0,8.0,12-27,-4.204833348592122
11-13,7.699821472167983,2.1999435424804545,-7.521202087402358,10.397811889648438,0.2562408447265625,-7.804443359375,-12.232948303222656,-18.678001403808608,-17.314346313476562,-4.73956298828125,-3.6399993896484375,-4.699996948242102,4.0,8.0,12-28,-4.673056920369461
11-14,-5.4118804931640625,2.1999435424804545,-2.7892532348632812,10.397811889648438,0.2562408447265625,-7.804443359375,-12.232948303222656,-18.678001403808608,-17.314346313476562,-2.942474365234375,-3.6399993896484375,-10.849990844726477,3.0,9.0,12-29,-5.734111785888667
11-15,-5.4118804931640625,2.1999435424804545,-2.7892532348632812,10.397811889648438,0.2562408447265625,-7.804443359375,-12.232948303222656,-18.678001403808608,-17.314346313476562,0.8590545654296875,-8.949996948242188,-10.849990844726477,4.0,8.0,12-30,-5.859817504882808
11-16,-5.4118804931640625,2.1999435424804545,-0.26734161376951704,10.397811889648438,-4.447509765625,-6.4124603271484375,-12.232948303222656,-18.678001403808608,-17.314346313476562,7.0106048583984375,-7.849990844726591,-10.849990844726477,3.0,9.0,12-31,-5.321342468261715
11-17,-1.5399703979492188,2.1999435424804545,-0.26734161376951704,10.397811889648438,-4.447509765625,-6.4124603271484375,-12.232948303222656,-18.678001403808608,-17.314346313476562,10.6146240234375,-7.849990844726591,0.0,3.0,9.0,01-01,-3.7941824595133498
11-18,-1.5399703979492188,2.1999435424804545,-0.26734161376951704,10.397811889648438,-4.447509765625,-6.4124603271484375,-12.232948303222656,-18.678001403808608,-17.314346313476562,13.280609130859375,-7.849990844726591,0.0,3.0,9.0,01-02,-3.5720170338948605
11-19,-0.22000885009765625,2.1999435424804545,4.8121337890625,10.69565582275392,-4.447509765625,-6.4124603271484375,-12.232948303222656,-18.678001403808608,-17.70343017578125,10.752853393554688,5.900009155273409,0.0,5.0,7.0,01-03,-2.1111469268798864
11-20,-2.1999740600585938,2.1999435424804545,4.8121337890625,2.482116699218764,-4.447509765625,-6.4124603271484375,-7.7563323974609375,-18.678001403808608,-17.70343017578125,12.480819702148438,7.060012817382784,0.0,5.0,6.0,01-04,-2.3468901316324904
11-21,-0.8799896240234375,2.1999435424804545,6.371627807617202,2.482116699218764,-5.362640380859375,-5.020446777343722,-7.7563323974609375,-18.678001403808608,-17.70343017578125,6.06268310546875,4.310012817382784,0.0,5.0,6.0,01-05,-2.8312047322591147
11-22,-0.8799896240234375,2.1999435424804545,2.3614959716796875,2.482116699218764,-5.362640380859375,-5.020446777343722,-7.7563323974609375,-18.678001403808608,-14.639358520507812,-2.7746124267578125,4.310012817382784,0.0,4.0,7.0,01-06,-3.6464843750000013
11-23,-0.8799896240234375,0.879981994628892,3.814056396484375,2.482116699218764,-5.362640380859375,-5.020446777343722,-7.7563323974609375,-18.678001403808608,-14.639358520507812,-3.159698486328125,4.510009765625,0.0,4.0,7.0,01-07,-3.6508585611979156
11-24,7.6998291015625,0.879981994628892,3.814056396484375,2.482116699218764,-5.362640380859375,-10.634826660156222,-7.7563323974609375,-18.678001403808608,-14.639358520507812,0.987396240234375,4.5,0.0,6.0,5.0,01-08,-3.0589815775553375
11-25,7.6998291015625,0.879981994628892,3.814056396484375,6.588890075683594,-0.99749755859375,-11.284439086914062,-7.7563323974609375,-15.525070190429688,-9.970321655273438,0.987396240234375,4.5,0.0,6.0,5.0,01-09,-1.7552922566731783
11-26,7.6998291015625,-1.99755859375,3.814056396484375,5.776550292968764,-0.99749755859375,-11.284439086914062,-7.7563323974609375,-15.525070190429688,-8.569625854492188,2.201904296875,7.110000610351591,0.0,5.0,6.0,01-10,-1.6273485819498663
11-27,7.6998291015625,-2.2175521850585795,1.94268798828125,3.7908554077148438,-0.99749755859375,-11.284439086914062,-7.7563323974609375,-15.525070190429688,-11.8184814453125,2.201904296875,2.8999938964844034,0.0,5.0,6.0,01-11,-2.58867518107096
11-28,7.6998291015625,-3.7399139404296875,1.94268798828125,5.144737243652358,-0.99749755859375,-11.284439086914062,-7.7563323974609375,-15.525070190429688,-11.8184814453125,5.60845947265625,4.199996948242216,0.0,5.0,6.0,01-12,-2.2105019887288377
11-29,7.6998291015625,-3.7399139404296875,-2.71795654296875,4.657348632812528,-0.99749755859375,-11.284439086914062,-7.7563323974609375,-15.525070190429688,-11.8184814453125,5.60845947265625,3.75,0.0,4.0,7.0,01-13,-2.677004496256508
11-30,7.6998291015625,-5.499885559082017,-2.71795654296875,4.657348632812528,-0.99749755859375,-11.284439086914062,-7.7563323974609375,-15.525070190429688,-11.8184814453125,8.945907592773438,2.44000244140625,0.0,4.0,7.0,01-14,-2.6547145843505824
12-01,7.6998291015625,-5.499885559082017,-2.71795654296875,7.0492019653320455,-0.99749755859375,-9.242858886718722,-7.7563323974609375,-15.525070190429688,-11.8184814453125,10.318389892578125,2.44000244140625,0.0,4.0,7.0,01-15,-2.1708882649739536
12-02,4.619903564453139,-5.499885559082017,-4.304191589355469,7.410232543945327,-2.3701858520507812,-9.623321533203153,2.7236709594726562,-0.8145828247070455,-0.7781829833984375,10.318389892578125,6.490005493164091,0.0,5.0,6.0,01-16,0.6809876759847029
12-03,4.619903564453139,-7.3038330078125,-4.304191589355469,7.410232543945327,-2.3701858520507812,-9.623321533203153,2.7236709594726562,-0.8145828247070455,-0.7781829833984375,19.896240234375,6.939987182617216,0.0,5.0,6.0,01-17,1.3663113911946627
12-04,4.619903564453139,-6.467842102050781,-4.304191589355469,7.410232543945327,-2.3701858520507812,-9.623321533203153,2.7236709594726562,-0.8145828247070455,-0.7781829833984375,23.895248413085938,6.939987182617216,0.0,5.0,6.0,01-18,1.769227981567384
12-05,4.619903564453139,-4.9278717041015625,-4.304191589355469,7.410232543945327,-2.3701858520507812,-9.623321533203153,2.4974899291992188,-0.8145828247070455,-1.507720947265625,23.895248413085938,12.189987182617216,0.0,5.0,6.0,01-19,2.2554155985514335
12-06,5.719871520996108,-4.9278717041015625,-5.658706665039077,4.5219573974609375,-2.3701858520507812,-9.623321533203153,-7.8222885131835795,5.194190979003892,-1.507720947265625,23.895248413085938,12.189987182617216,0.0,5.0,6.0,01-20,1.6342633565266926
12-07,9.239799499511719,-4.9278717041015625,-5.658706665039077,4.5219573974609375,-1.7845001220703267,-9.623321533203153,-7.8222885131835795,5.194190979003892,-1.507720947265625,19.659286499023438,8.339996337890625,0.0,5.0,6.0,01-21,1.3025684356689406
12-08,9.239799499511719,-5.147880554199219,-5.658706665039077,3.240272521972642,-1.7845001220703267,-13.576599121093722,-6.446327209472642,5.194190979003892,-1.507720947265625,16.934036254882812,9.949996948242216,0.0,5.0,6.0,01-22,0.8697134653727225
12-09,9.239799499511719,-5.147880554199219,-5.658706665039077,3.240272521972642,-1.7845001220703267,-13.576599121093722,-6.446327209472642,5.194190979003892,-1.507720947265625,16.934036254882812,17.089996337890625,0.0,5.0,6.0,01-23,1.46471341451009
12-10,9.239799499511719,-5.147880554199219,-5.658706665039077,3.240272521972642,-1.7845001220703267,-13.576599121093722,-5.8431625366210795,5.194190979003892,-2.820892333984375,14.445755004882812,24.349990844726562,0.0,5.0,6.0,01-24,1.8031889597574857
12-11,9.239799499511719,-4.7078933715820455,0.0,3.240272521972642,-1.7845001220703267,-13.576599121093722,-5.8431625366210795,5.194190979003892,-2.2372589111328125,14.445755004882812,24.5,0.0,5.0,6.0,01-25,2.37255032857259
12-12,9.239799499511719,-4.7078933715820455,-1.1139068603515767,3.240272521972642,-1.7845001220703267,-17.947425842285156,-5.8431625366210795,5.194190979003892,-2.2372589111328125,14.445755004882812,22.039993286132812,0.0,5.0,6.0,01-26,1.7104886372884067
12-13,9.239799499511719,-3.9599075317382955,-1.1139068603515767,3.240272521972642,-1.7845001220703267,-7.3775482177734375,-5.8431625366210795,9.161705017089858,-2.2372589111328125,12.224075317382812,27.339996337890625,0.0,5.0,6.0,01-27,3.2407970428466775
12-14,3.9599151611328267,-4.531890869140611,3.8764495849609375,0.6679077148437358,-1.7845001220703267,-7.3775482177734375,-5.8431625366210795,9.161705017089858,-2.2372589111328125,13.724945068359375,33.0,0.0,6.0,5.0,01-28,3.5513801574707053
12-15,3.9599151611328267,-4.531890869140611,3.8764495849609375,2.6084747314452983,-1.7845001220703267,-7.3775482177734375,-5.8431625366210795,9.161705017089858,-2.2372589111328125,18.760726928710938,35.4100036621094,0.0,6.0,5.0,01-29,4.333576202392583
12-16,3.9599151611328267,-4.531890869140611,6.32708740234375,1.2184906005859233,-1.7845001220703267,-9.929550170898438,-5.8431625366210795,9.161705017089858,-2.8695068359375,20.686172485351562,35.510009765625,0.0,6.0,5.0,01-30,4.325397491455081
12-17,3.9599151611328267,-0.5719757080078125,6.32708740234375,1.2184906005859233,1.143898010253892,-9.929550170898438,-5.8431625366210795,9.161705017089858,-2.8695068359375,20.686172485351562,28.69000244140622,0.0,7.0,4.0,01-31,4.331089655558267
12-18,9.371788024902344,-0.5719757080078125,3.163543701171875,1.2184906005859233,1.143898010253892,-9.929550170898438,-5.8431625366210795,9.161705017089858,-2.8695068359375,25.96881103515625,30.120010375976562,0.0,7.0,4.0,02-01,5.077837626139323
12-19,9.371788024902344,-0.5719757080078125,3.163543701171875,1.2184906005859233,1.143898010253892,-14.922187805175781,-5.8431625366210795,9.161705017089858,1.5077056884765625,21.229263305664062,26.540008544921875,0.0,8.0,3.0,02-02,4.3332564036051435
12-20,9.371788024902344,-0.5719757080078125,3.163543701171875,1.2726516723632812,1.143898010253892,-14.922187805175781,-5.8431625366210795,9.161705017089858,1.5077056884765625,28.289215087890625,28.850006103515597,0.0,8.0,3.0,02-03,5.11859893798828
12-21,9.371788024902344,-0.5719757080078125,3.2972183227539062,2.40087890625,2.8551788330077983,-14.922187805175781,-5.8431625366210795,9.161705017089858,1.5077056884765625,28.545944213867188,26.910003662109375,0.0,8.0,3.0,02-04,5.226091384887696
12-22,5.9398651123046875,-0.5719757080078125,3.7071380615234375,2.40087890625,2.8551788330077983,-14.922187805175781,-5.8431625366210795,9.161705017089858,-0.7295379638671875,28.545944213867188,26.449996948242188,0.0,7.0,4.0,02-05,4.749486923217774
12-23,5.9398651123046875,-0.5719757080078125,3.7071380615234375,7.2206878662109375,2.8551788330077983,-14.922187805175781,-5.8431625366210795,12.793815612792983,-0.7295379638671875,24.29022216796875,22.24000549316409,0.0,7.0,4.0,02-06,4.748337427775069
12-24,5.9398651123046875,-0.5719757080078125,-1.0248107910156392,7.762245178222656,2.8551788330077983,-14.922187805175781,-5.8431625366210795,14.269645690917983,-2.23724365234375,27.894241333007812,22.24000549316409,0.0,6.0,5.0,02-07,4.696816762288414
12-26,5.9398651123046875,-0.5719757080078125,3.9209823608398295,9.684745788574219,2.8551788330077983,-14.922187805175781,-5.8431625366210795,14.269645690917983,-0.486358642578125,31.330413818359375,24.49000549316409,0.0,7.0,4.0,02-09,5.888929367065432
12-27,5.9398651123046875,-0.5719757080078125,3.9209823608398295,9.684745788574219,2.8551788330077983,-16.314170837402344,-5.8431625366210795,14.269645690917983,-0.486358642578125,25.178863525390625,23.389999389648494,0.0,7.0,4.0,02-10,5.168634414672856
12-28,5.9398651123046875,2.375946044921875,3.9209823608398295,8.601623535156236,2.8551788330077983,-16.314170837402344,-5.8431625366210795,14.269645690917983,-0.486358642578125,19.896255493164062,34.049987792968835,0.0,8.0,3.0,02-11,5.77214940388998
12-29,5.9398651123046875,2.375946044921875,4.455680847167969,8.303779602050753,2.8551788330077983,-16.314170837402344,-5.8431625366210795,14.269645690917983,-1.4104461669921875,18.671875,36.44998168945315,0.0,8.0,3.0,02-12,5.812847773234051
12-30,7.919830322265625,2.375946044921875,4.455680847167969,8.123283386230455,2.946716308593764,-16.007919311523438,-10.319778442382798,14.269645690917983,-4.7176666259765625,19.560531616210938,31.649993896484403,0.0,8.0,3.0,02-13,5.021355311075851
12-31,7.919830322265625,0.04400634765626421,2.896186828613267,8.123283386230455,2.946716308593764,-17.399932861328153,-10.319778442382798,14.269645690917983,-4.7176666259765625,19.560531616210938,29.59999084472659,0.0,8.0,3.0,02-14,4.410234451293948
