,2010,2011,2012,2013,2014,2015,2016,2017,2018,2019,2020,ups,downs,end_day_sum,avg
01-02,0.0,-0.14137172698974965,0.44165515899658203,0.28499794006347656,-0.13258171081543324,0.22955322265625,-0.8048648834228516,0.0,0.8519229888916051,0.9229431152343732,0.0,5.0,5.0,02-16,0.15020491860129567
01-03,0.0,-0.14137172698974965,0.44165515899658203,0.28499794006347656,-0.13258171081543324,0.22955322265625,-0.8048648834228516,0.0,0.8519229888916051,0.9229431152343732,0.0,5.0,5.0,02-17,0.15020491860129567
01-04,0.0,-0.11309814453125178,0.44165515899658203,0.28499794006347656,-0.13258171081543324,0.22955322265625,0.9877910614013707,0.0,0.8519229888916051,0.9229431152343732,0.0,6.0,4.0,02-18,0.31574396653608844
01-05,0.0,-0.11309814453125178,0.44165515899658203,1.2729663848876953,0.03977394104003551,0.22955322265625,0.9877910614013707,0.0,0.8519229888916051,0.9229431152343732,0.0,7.0,3.0,02-19,0.42122797532515094
01-06,0.0,-0.11309814453125178,0.44165515899658203,1.4249591827392578,-0.13258171081543324,0.7025642395019531,1.7121715545654332,0.0,-1.033893585205071,0.9229431152343732,0.0,5.0,5.0,02-20,0.35679271004416757
01-07,0.0,-0.11309814453125178,0.8116912841796875,1.4249591827392578,0.03977394104003551,0.6330051422119105,1.7121715545654332,0.0,-1.033893585205071,0.9229431152343732,0.0,6.0,4.0,02-21,0.3997774991122159
01-08,0.0,-0.11309814453125178,0.6326436996459961,1.817617416381836,0.03977394104003551,0.6330051422119105,1.7121715545654332,0.0,-1.033893585205071,0.9229431152343732,0.0,6.0,4.0,02-22,0.4191966490312056
01-09,0.0,-0.005651473999021661,0.6326436996459961,1.817617416381836,0.03977394104003551,0.6330051422119105,1.7121715545654332,0.0,-1.4970760345458949,0.9229431152343732,0.0,6.0,4.0,02-23,0.3868570327758789
01-10,0.0,-0.005651473999021661,0.6326436996459961,1.817617416381836,0.03977394104003551,0.6330051422119105,1.7121715545654332,0.0,-1.4970760345458949,0.9229431152343732,0.0,6.0,4.0,02-24,0.3868570327758789
01-11,0.0,0.0961313247680664,0.6326436996459961,1.817617416381836,0.03977394104003551,0.6330051422119105,1.7121715545654332,0.0,-1.4970760345458949,0.9229431152343732,0.0,7.0,3.0,02-25,0.3961100144819778
01-12,0.0,0.0961313247680664,0.6326436996459961,1.589620590209961,0.03977394104003551,0.6330051422119105,1.8950996398925852,0.0,-1.4970760345458949,0.9229431152343732,0.0,7.0,3.0,02-26,0.3920128562233666
01-13,0.0,0.0961313247680664,0.2148580551147461,1.589620590209961,0.03977394104003551,1.1755752563476527,1.726806640625,0.0,-1.4970760345458949,0.9229431152343732,0.0,7.0,3.0,02-27,0.3880575353449036
01-14,0.0,0.09047698974609553,0.16711235046386896,1.589620590209961,0.03977394104003551,1.1755752563476527,1.726806640625,0.0,-1.4970760345458949,-0.8154153823852575,0.0,6.0,4.0,02-28,0.22517039559104193
01-15,0.0,0.29970455169677734,0.4416551589965856,1.589620590209961,0.32482337951660156,1.1755752563476527,1.726806640625,0.0,-1.4970760345458949,-0.8154153823852575,0.0,6.0,4.0,02-29,0.2950631054964932
01-16,0.0,0.29970455169677734,0.4416551589965856,1.589620590209961,0.32482337951660156,1.1755752563476527,1.726806640625,0.0,-1.4970760345458949,-0.8154153823852575,0.0,6.0,4.0,03-01,0.2950631054964932
01-17,0.0,0.29970455169677734,0.4416551589965856,1.589620590209961,0.32482337951660156,1.1755752563476527,1.726806640625,-2.182220458984375,-1.8858165740966761,-0.8154153823852575,0.0,6.0,4.0,03-02,0.061339378356933594
01-18,0.0,0.2940521240234393,0.6147403717041033,1.589620590209961,0.29167747497558594,0.6190910339355433,1.726806640625,-2.182220458984375,-1.8858165740966761,-0.8154153823852575,0.0,6.0,4.0,03-03,0.022957801818847656
01-19,0.0,0.2940521240234393,0.7161998748779297,1.589620590209961,0.29167747497558594,0.6190910339355433,1.726806640625,-2.182220458984375,-1.8858165740966761,-0.8154153823852575,0.0,6.0,4.0,03-04,0.03218139301646823
01-20,0.0,0.32232570648193715,0.9728384017944336,1.589620590209961,0.29167747497558594,0.6190910339355433,1.726806640625,-2.4695615768432635,-1.8858165740966761,-0.8154153823852575,0.0,6.0,4.0,03-05,0.03196057406338762
01-21,0.0,0.2940521240234393,0.8713731765747088,1.589620590209961,-0.36459922790527344,0.6190910339355433,1.726806640625,-2.5938138961791974,-1.8858165740966761,-0.8154153823852575,0.0,5.0,5.0,03-06,-0.05079104683615929
01-22,0.0,0.022621154785154474,0.8713731765747088,1.589620590209961,-0.2253875732421875,0.6190910339355433,1.726806640625,-2.5938138961791974,-1.8858165740966761,-0.8154153823852575,0.0,5.0,5.0,03-07,-0.06281098452481372
01-23,0.0,0.022621154785154474,0.49536991119384766,1.589620590209961,-0.2452774047851527,0.6190910339355433,1.726806640625,-2.5938138961791974,-1.8858165740966761,-0.8154153823852575,0.0,5.0,5.0,03-08,-0.0988012660633434
01-24,0.0,0.022621154785154474,0.5908679962158203,1.589620590209961,-0.2253875732421875,0.6190910339355433,1.726806640625,-2.5938138961791974,-1.8858165740966761,-0.8154153823852575,0.0,5.0,5.0,03-09,-0.08831145546653087
01-25,0.0,0.022621154785154474,0.6087722778320295,1.589620590209961,-0.2253875732421875,0.6190910339355433,1.726806640625,-2.5938138961791974,-1.8858165740966761,-0.8154153823852575,0.0,5.0,5.0,03-10,-0.08668379350142094
01-26,0.0,0.022621154785154474,0.2745475769042951,1.589620590209961,-0.2253875732421875,0.6190910339355433,1.726806640625,-2.5938138961791974,-1.8858165740966761,-0.8154153823852575,0.0,5.0,5.0,03-11,-0.11706785722212407
01-27,0.0,0.022621154785154474,0.42375659942626775,1.589620590209961,-0.2253875732421875,0.6190910339355433,1.726806640625,-2.5938138961791974,-1.8858165740966761,-0.8154153823852575,0.4046363830566424,6.0,4.0,03-12,-0.06671827489679542
01-28,0.0,0.022621154785154474,0.42375659942626775,1.589620590209961,-0.2253875732421875,0.6190910339355433,1.726806640625,-2.5938138961791974,-1.8858165740966761,-0.8154153823852575,0.29865932464599787,6.0,4.0,03-13,-0.07635255293412674
01-29,0.0,0.022621154785154474,0.42375659942626775,1.0449714660644531,-0.2253875732421875,0.6190910339355433,1.726806640625,-2.5938138961791974,-1.8858165740966761,-0.8154153823852575,0.29865932464599787,6.0,4.0,03-14,-0.12586610967462744
01-30,0.0,0.022621154785154474,0.42375659942626775,1.0449714660644531,-0.2253875732421875,0.6190910339355433,1.726806640625,-2.5938138961791974,-1.8858165740966761,-0.8154153823852575,0.29865932464599787,6.0,4.0,03-15,-0.12586610967462744
01-31,0.0,-0.05089282989501953,0.42375659942626775,1.0449714660644531,-0.2253875732421875,0.6190910339355433,1.726806640625,-2.5938138961791974,-1.8858165740966761,-0.8154153823852575,0.29865932464599787,5.0,5.0,03-16,-0.1325491991910069
02-01,0.0,-0.05089282989501953,0.42375659942626775,1.0449714660644531,-0.2253875732421875,0.6190910339355433,1.726806640625,-2.5938138961791974,-1.8858165740966761,-0.8154153823852575,0.29865932464599787,5.0,5.0,03-17,-0.1325491991910069
02-02,0.0,-0.16398525238036932,0.42375659942626775,1.0449714660644531,-0.2253875732421875,0.6190910339355433,1.726806640625,-2.5938138961791974,-1.8858165740966761,-0.8154153823852575,0.29865932464599787,5.0,5.0,03-18,-0.1428303285078569
02-03,0.0,-0.16398525238036932,0.6923284530639613,0.7029838562011683,-0.2253875732421875,-0.05565071105957031,1.726806640625,-2.5938138961791974,-1.8858165740966761,-0.8154153823852575,0.29865932464599787,4.0,6.0,03-19,-0.21084464680064824
02-04,0.0,-0.16398525238036932,0.6923284530639613,0.7029838562011683,-0.1259555816650355,-0.05565071105957031,1.726806640625,-2.5938138961791974,-1.8858165740966761,-0.8154153823852575,0.29865932464599787,4.0,6.0,03-20,-0.20180537483908897
02-05,0.0,-0.16398525238036932,0.6923284530639613,0.7029838562011683,-0.2253875732421875,-0.05565071105957031,1.726806640625,-2.5938138961791974,-1.8858165740966761,-0.8154153823852575,0.29865932464599787,4.0,6.0,03-21,-0.21084464680064824
02-06,0.0,-0.16398525238036932,0.6923284530639613,0.7029838562011683,-0.2253875732421875,0.05565071105957031,1.726806640625,-2.5938138961791974,-1.8858165740966761,-0.8154153823852575,0.29865932464599787,5.0,5.0,03-22,-0.2007263356989082
02-07,0.0,-0.16398525238036932,0.6923284530639613,0.5256557464599574,-0.6430206298828125,-0.013914108276367188,1.726806640625,-2.5938138961791974,-1.8858165740966761,-1.7383584976196307,0.29865932464599787,4.0,6.0,03-23,-0.3450417085127397
02-08,0.0,-0.16398525238036932,0.6923284530639613,0.5256557464599574,-0.4839210510253906,-0.013914108276367188,1.726806640625,-2.5938138961791974,-1.8858165740966761,-1.7383584976196307,0.29865932464599787,4.0,6.0,03-24,-0.33057811043479224
02-09,0.0,-0.16398525238036932,0.6923284530639613,0.5256557464599574,-0.4839210510253906,-0.013914108276367188,1.7926559448242223,-2.5938138961791974,-1.8858165740966761,-1.7383584976196307,0.29865932464599787,4.0,6.0,03-25,-0.32459181005304477
02-10,0.0,-0.16398525238036932,0.6923284530639613,1.2539691925048793,-0.4839210510253906,-0.65386962890625,1.7926559448242223,-2.5938138961791974,-1.8858165740966761,-1.7383584976196307,0.29865932464599787,4.0,6.0,03-26,-0.3165592713789503
02-11,0.0,-0.16398525238036932,0.7520074844360352,1.5959644317626953,-0.4839210510253906,-0.65386962890625,1.7926559448242223,-2.5938138961791974,-1.8858165740966761,-1.7383584976196307,0.29865932464599787,4.0,6.0,03-27,-0.2800434285944149
02-12,0.0,-0.16398525238036932,0.7520074844360352,1.811288833618164,-0.4839210510253906,-0.65386962890625,-0.5341415405273438,-2.5938138961791974,-1.8858165740966761,-1.7383584976196307,0.29865932464599787,3.0,7.0,03-28,-0.47199552709406006
02-13,0.0,-0.16398525238036932,0.7520074844360352,1.811288833618164,-0.4839210510253906,-0.65386962890625,-1.9463138580322301,-2.5938138961791974,-1.8858165740966761,-1.7383584976196307,0.29865932464599787,3.0,7.0,03-29,-0.6003748286854134
02-14,0.0,-0.16398525238036932,0.9250907897949201,1.139974594116211,-0.6562767028808594,-0.65386962890625,-1.9463138580322301,-2.5938138961791974,-1.8858165740966761,-1.7383584976196307,0.29865932464599787,3.0,7.0,03-30,-0.6613372455943712
02-15,0.0,-0.16398525238036932,0.9250907897949201,0.9879817962646484,-0.4839210510253906,-0.65386962890625,-1.9463138580322301,-2.5938138961791974,0.0,-1.7383584976196307,0.29865932464599787,3.0,7.0,03-31,-0.4880482066761365
02-16,0.0,-0.16398525238036932,0.5550546646118146,0.9879817962646484,-0.0596542358398473,-0.65386962890625,-1.9463138580322301,-2.5938138961791974,0.0,-1.7383584976196307,0.29865932464599787,3.0,7.0,04-01,-0.48311814394864216
02-17,0.0,-0.16398525238036932,0.734102249145506,1.2476348876953125,-0.0596542358398473,-0.65386962890625,-1.9463138580322301,-2.5938138961791974,0.0,-1.7383584976196307,-0.443173408508299,2.0,8.0,04-02,-0.5106756036931823
02-18,0.0,-0.27143192291259943,0.734102249145506,1.2476348876953125,-0.0596542358398473,-0.65386962890625,-1.9463138580322301,-2.5938138961791974,0.0,-1.7383584976196307,-0.443173408508299,2.0,8.0,04-03,-0.520443482832476
02-19,0.0,-0.27143192291259943,0.734102249145506,1.4629669189453125,-0.23200988769531605,-0.65386962890625,-1.9463138580322301,-2.5938138961791974,-1.7617483139038121,-1.7383584976196307,-0.443173408508299,2.0,8.0,04-04,-0.6766954768787742
02-20,0.0,-0.27143192291259943,0.734102249145506,1.0703086853027344,-0.23200988769531605,-0.0069599151611328125,-1.9463138580322301,-2.5938138961791974,-1.7617483139038121,-1.7383584976196307,-0.443173408508299,2.0,8.0,04-05,-0.6535817059603616
02-21,0.0,0.5258932113647443,0.734102249145506,1.0703086853027344,-0.23200988769531605,-0.0069599151611328125,-1.9463138580322301,-2.5938138961791974,-1.7617483139038121,-1.7383584976196307,-0.443173408508299,3.0,7.0,04-06,-0.5810976028442394
02-22,0.0,0.5258932113647443,0.734102249145506,0.7599773406982422,-0.09280967712402344,-0.0069599151611328125,-1.9463138580322301,-2.5938138961791974,-1.7617483139038121,-1.7383584976196307,-0.443173408508299,3.0,7.0,04-07,-0.5966549786654394
02-23,0.0,0.6503009796142578,0.734102249145506,0.7599773406982422,-0.09280967712402344,-0.0069599151611328125,-1.9463138580322301,-2.5938138961791974,-1.7617483139038121,-1.7383584976196307,-0.443173408508299,3.0,7.0,04-08,-0.5853451815518472
02-24,0.0,0.6559553146362287,0.734102249145506,0.7599773406982422,-0.09280967712402344,-0.0069599151611328125,-1.9463138580322301,-2.5938138961791974,-1.7617483139038121,-1.7383584976196307,-0.443173408508299,3.0,7.0,04-09,-0.5848311510953045
02-25,0.0,0.4467277526855469,0.4595594406127894,1.1019668579101598,-0.09280967712402344,-0.549530029296875,-1.9463138580322301,-2.5938138961791974,-1.7617483139038121,-1.7383584976196307,-0.443173408508299,3.0,7.0,04-10,-0.647044875405052
02-26,0.0,0.4467277526855469,0.4595594406127894,1.1463088989257812,-0.09280967712402344,-0.549530029296875,-1.9463138580322301,-2.5938138961791974,-1.7617483139038121,0.0,-0.443173408508299,3.0,7.0,04-11,-0.4849811900745745
02-27,0.0,0.4467277526855469,0.4595594406127894,1.1463088989257812,-0.09280967712402344,-0.549530029296875,-1.9463138580322301,-2.5938138961791974,-1.7617483139038121,0.0,-0.443173408508299,3.0,7.0,04-12,-0.4849811900745745
02-28,0.0,0.4467277526855469,0.8176622390747053,1.1463088989257812,-0.09280967712402344,0.006954193115234375,-1.9463138580322301,-2.5938138961791974,-1.7617483139038121,0.0,-0.443173408508299,4.0,6.0,04-13,-0.4018369154496631
02-29,0.0,0.0,0.8176622390747053,0.0,0.0,0.0,-1.9463138580322301,0.0,0.0,0.0,-0.443173408508299,1.0,2.0,04-14,-0.1428931843150749
03-01,0.0,0.4467277526855469,0.8355674743652344,1.1463088989257812,-0.09280967712402344,0.006954193115234375,-1.9463138580322301,-0.41159343719482244,-1.7617483139038121,0.0,-0.443173408508299,4.0,6.0,04-15,-0.2018254886973991
03-02,0.0,0.45238018035888494,0.8295993804931641,1.1463088989257812,-0.09280967712402344,0.006954193115234375,-1.9463138580322301,-0.12425231933593395,-1.7617483139038121,0.0,-0.443173408508299,4.0,6.0,04-16,-0.1757322658192031
03-03,0.0,0.45238018035888494,1.0710029602050781,1.0006427764892543,0.12453842163085938,0.006954193115234375,-1.9463138580322301,0.0,-1.7617483139038121,0.0,-0.443173408508299,5.0,5.0,04-17,-0.1359742771495482
03-04,0.0,1.4589319229125994,1.0710029602050781,1.2568855285644496,0.12453842163085938,0.006954193115234375,-1.9463138580322301,0.28306674957275213,-1.7617483139038121,0.0,-0.443173408508299,6.0,4.0,04-18,0.0045585632324210675
03-05,0.0,1.4589319229125994,1.0710029602050781,1.2568855285644496,0.7808151245117188,0.006954193115234375,-1.9463138580322301,0.28306674957275213,-1.7617483139038121,0.0,-0.443173408508299,6.0,4.0,04-19,0.06422008167613556
03-06,0.0,1.447425842285158,1.4470062255859393,1.2568855285644496,0.7808151245117188,0.006954193115234375,-1.6316833496093786,0.28306674957275213,-1.7617483139038121,0.0,-0.443173408508299,6.0,4.0,04-20,0.1259589628739784
03-07,0.0,1.447425842285158,1.4470062255859393,1.2568855285644496,0.7808151245117188,0.006954193115234375,-1.6316833496093786,0.28306674957275213,-1.7617483139038121,0.0,-0.443173408508299,6.0,4.0,04-21,0.1259589628739784
03-08,0.0,1.447425842285158,1.4470062255859393,1.2568855285644496,0.8814353942871094,0.006954193115234375,-1.678466796875,0.28306674957275213,-1.7617483139038121,0.0,-0.443173408508299,6.0,4.0,04-22,0.1308532194657756
03-09,0.0,1.447425842285158,1.4470062255859393,1.2568855285644496,0.8814353942871094,0.006954193115234375,-1.678466796875,0.28306674957275213,-1.7617483139038121,0.0,-0.443173408508299,6.0,4.0,04-23,0.1308532194657756
03-10,0.0,1.447425842285158,1.4470062255859393,1.2568855285644496,0.8814353942871094,0.006954193115234375,-1.678466796875,0.28306674957275213,-1.7617483139038121,0.0,-0.8478097915649414,6.0,4.0,04-24,0.09406809373335356
03-11,0.0,1.447425842285158,1.4470062255859393,2.1152915954589844,0.8814353942871094,0.006954193115234375,-1.678466796875,0.3463201522827113,-1.7617483139038121,0.0,-0.7418327331542969,6.0,4.0,04-25,0.18748959628018433
03-12,0.0,1.3093519210815447,1.4470062255859393,2.1152915954589844,0.8814353942871094,0.006954193115234375,-1.678466796875,0.13283634185790838,-1.5059404373168999,0.0,-0.7418327331542969,6.0,4.0,04-26,0.178785064003684
03-13,0.0,1.3093519210815447,2.017157554626465,2.248289108276367,0.8814353942871094,0.006954193115234375,-1.678466796875,0.13283634185790838,-1.5059404373168999,0.0,-0.7418327331542969,6.0,4.0,04-27,0.24270768599076656
03-14,0.0,1.3093519210815447,2.017157554626465,2.248289108276367,0.8814353942871094,0.006954193115234375,-1.678466796875,0.13283634185790838,-1.5059404373168999,0.0,-0.7418327331542969,6.0,4.0,04-28,0.24270768599076656
03-15,0.0,1.3828659057617188,1.1636896133422852,2.248289108276367,0.8814353942871094,0.006954193115234375,-1.678466796875,0.13283634185790838,-1.5059404373168999,0.0,-0.7418327331542969,6.0,4.0,04-29,0.17180278084494785
03-16,0.0,1.3828659057617188,1.1636896133422852,2.590276718139652,0.8814353942871094,0.006954193115234375,-1.678466796875,0.13283634185790838,-1.5059404373168999,0.0,-0.7418327331542969,6.0,4.0,04-30,0.20289256355979193
03-17,0.0,1.3828659057617188,1.1636896133422852,3.1219635009765625,0.8814353942871094,0.006954193115234375,-1.678466796875,0.13283634185790838,-1.5059404373168999,0.0,-0.7418327331542969,6.0,4.0,05-01,0.2512277256358747
03-18,0.0,2.2055311203002947,1.1636896133422852,3.1219635009765625,0.8814353942871094,0.006954193115234375,-1.678466796875,0.13283634185790838,-1.5059404373168999,0.0,-0.7418327331542969,6.0,4.0,05-02,0.3260154724121089
03-19,0.0,2.2055311203002947,1.1636896133422852,3.1219635009765625,0.8814353942871094,0.006954193115234375,-1.678466796875,0.13283634185790838,-1.5059404373168999,0.0,-0.7418327331542969,6.0,4.0,05-03,0.3260154724121089
03-20,0.0,2.2055311203002947,1.1636896133422852,3.1219635009765625,0.8814353942871094,0.2666797637939453,-1.678466796875,0.13283634185790838,-1.5059404373168999,0.0,-0.7418327331542969,6.0,4.0,05-04,0.34962688792835533
03-21,0.0,1.9926767349243164,1.1636896133422852,3.1219635009765625,0.8814353942871094,0.2666797637939453,-1.678466796875,0.13283634185790838,-1.5059404373168999,0.0,-0.7418327331542969,6.0,4.0,05-05,0.33027648925781183
03-22,0.0,1.9926767349243164,1.1636896133422852,3.1219635009765625,0.8814353942871094,0.2666797637939453,-1.678466796875,0.13283634185790838,-1.5059404373168999,0.0,-0.7418327331542969,6.0,4.0,05-06,0.33027648925781183
03-23,0.0,1.9926767349243164,1.1636896133422852,2.3936500549316406,0.8814353942871094,0.2666797637939453,0.648330688476566,0.13283634185790838,-1.5059404373168999,0.2711391448974627,-0.7418327331542969,8.0,2.0,05-07,0.5002422332763671
03-24,0.0,1.9926767349243164,1.1636896133422852,2.3936500549316406,0.8814353942871094,0.2666797637939453,0.2678470611572301,0.13283634185790838,-1.5059404373168999,0.2711391448974627,-0.7418327331542969,8.0,2.0,05-08,0.46565281261097285
03-25,0.0,1.9926767349243164,1.1636896133422852,2.765205383300785,0.7003135681152344,0.9066352844238281,0.2678470611572301,0.13283634185790838,-1.5059404373168999,0.2711391448974627,-0.7418327331542969,8.0,2.0,05-09,0.5411427237770776
03-26,0.0,1.9926767349243164,1.1636896133422852,2.4232101440429688,0.7003135681152344,0.9066352844238281,0.2678470611572301,0.13283634185790838,-1.5059404373168999,0.2711391448974627,-0.7418327331542969,8.0,2.0,05-10,0.5100522474809125
03-27,0.0,1.9926767349243164,1.0605783462524432,2.4232101440429688,0.7003135681152344,0.9066352844238281,0.2678470611572301,0.13283634185790838,-1.5059404373168999,0.2711391448974627,-0.7418327331542969,8.0,2.0,05-11,0.5006784959272905
03-28,0.0,1.9926767349243164,1.0605783462524432,2.4232101440429688,0.9149818420410156,0.9066352844238281,0.2678470611572301,0.13283634185790838,-1.5059404373168999,0.2711391448974627,-0.7418327331542969,8.0,2.0,05-12,0.520193793556907
03-29,0.0,1.9926767349243164,1.0605783462524432,2.1635570526123047,0.2894668579101598,0.9066352844238281,0.2678470611572301,0.13283634185790838,-1.5059404373168999,0.2711391448974627,-0.7418327331542969,8.0,2.0,05-13,0.4397239685058597
03-30,0.0,1.9926767349243164,1.3082933425903338,2.1635570526123047,0.2894668579101598,0.9066352844238281,0.2678470611572301,0.13283634185790838,-2.5830173492431676,0.42495155334472834,-0.7418327331542969,8.0,2.0,05-14,0.37831037694757685
03-31,0.0,1.9926767349243164,1.3082933425903338,2.3108959197998047,0.2894668579101598,0.9066352844238281,0.2678470611572301,0.36308383941650213,-2.325041770935062,0.42495155334472834,0.0,8.0,2.0,05-15,0.5035280747847128
04-01,0.0,1.9926767349243164,1.3082933425903338,2.36214447021484,0.2894668579101598,0.25972557067871094,0.5452823638916016,0.36308383941650213,-2.325041770935062,0.42495155334472834,0.0,8.0,2.0,05-16,0.47459845109419374
04-02,0.0,1.9926767349243164,1.6102313995361346,1.7791976928710973,0.2894668579101598,0.25972557067871094,0.5452823638916016,0.36308383941650213,-2.325041770935062,0.42495155334472834,0.0,8.0,2.0,05-17,0.4490522037852899
04-03,0.0,1.9926767349243164,1.6102313995361346,1.5638656616210973,0.2894668579101598,0.25972557067871094,0.5452823638916016,0.36308383941650213,-0.56329345703125,0.42495155334472834,-0.06744003295898438,8.0,2.0,05-18,0.5835045901211834
04-04,0.0,1.9926767349243164,1.6102313995361346,1.8741970062255895,0.4225578308105469,0.25972557067871094,0.5452823638916016,0.36308383941650213,-0.56329345703125,0.42495155334472834,-0.06744003295898438,8.0,2.0,05-19,0.6238157098943542
04-05,0.0,1.1953516006469727,1.6102313995361346,2.135833740234375,0.4225578308105469,0.25972557067871094,0.5452823638916016,0.36308383941650213,-0.56329345703125,0.42495155334472834,-0.06744003295898438,8.0,2.0,05-20,0.5751167644153944
04-06,0.0,1.1953516006469727,1.6102313995361346,0.4390945434570348,0.4225578308105469,0.25972557067871094,0.5452823638916016,0.36308383941650213,-0.56329345703125,0.42495155334472834,-0.06744003295898438,8.0,2.0,05-21,0.42086774652654524
04-07,0.0,1.1953516006469727,1.0433254241943377,0.4390945434570348,0.4225578308105469,0.25972557067871094,0.5452823638916016,0.36308383941650213,-0.56329345703125,0.42495155334472834,-0.06744003295898438,8.0,2.0,05-22,0.36933083967729097
04-08,0.0,1.1953516006469727,1.4130477905273455,0.14119338989257812,0.4225578308105469,0.25972557067871094,0.5452823638916016,0.36308383941650213,-0.56329345703125,0.42495155334472834,-0.06744003295898438,8.0,2.0,05-23,0.37586004083806834
04-09,0.0,1.1953516006469727,1.4130477905273455,0.2784404754638672,0.4225578308105469,0.25972557067871094,0.5452823638916016,0.36308383941650213,-0.56329345703125,0.42495155334472834,-0.06744003295898438,8.0,2.0,05-24,0.3883370486172764
04-10,0.0,0.5050020217895508,1.4130477905273455,0.23409843444824574,0.4225578308105469,0.25972557067871094,0.5452823638916016,0.36308383941650213,-0.56329345703125,0.42495155334472834,-0.06744003295898438,8.0,2.0,05-25,0.3215469013560907
04-11,0.0,0.5050020217895508,1.0549449920654297,0.23409843444824574,0.4225578308105469,0.5297298431396484,0.5452823638916016,0.36308383941650213,-0.56329345703125,0.42495155334472834,-0.06744003295898438,8.0,2.0,05-26,0.31353794444691085
04-12,0.0,0.5050020217895508,1.0609130859375,0.23409843444824574,0.4225578308105469,0.5297298431396484,0.5452823638916016,0.36308383941650213,-0.56329345703125,0.42495155334472834,-0.06744003295898438,8.0,2.0,05-27,0.31408049843528085
04-13,0.0,0.5050020217895508,0.8195095062255859,0.37976455688477273,0.4225578308105469,0.5297298431396484,0.5452823638916016,0.08001708984375,-0.56329345703125,0.42495155334472834,0.09074115753174006,9.0,1.0,05-28,0.2940238605846068
04-14,0.0,-0.2301187515258789,0.8195095062255859,0.37976455688477273,0.4225578308105469,0.5297298431396484,0.5452823638916016,0.08001708984375,-0.56329345703125,0.42495155334472834,0.09074115753174006,8.0,2.0,05-29,0.22719469937411318
04-15,0.0,-0.2301187515258789,0.8195095062255859,0.37976455688477273,0.10335350036621094,0.5297298431396484,0.5452823638916016,0.08001708984375,-0.56329345703125,0.42495155334472834,0.09074115753174006,8.0,2.0,05-30,0.19817612387917355
04-16,0.0,-0.2186126708984375,0.8195095062255859,-0.9450435638427699,0.10335350036621094,0.5297298431396484,0.23065185546875,0.08001708984375,-0.56329345703125,0.42495155334472834,0.09074115753174006,7.0,3.0,05-31,0.05018225583163239
04-17,0.0,-0.2186126708984375,0.8195095062255859,-0.9450435638427699,0.0027332305908203125,0.5297298431396484,0.23065185546875,0.08001708984375,-0.56329345703125,0.42495155334472834,0.09074115753174006,7.0,3.0,06-01,0.041034958579324154
04-18,0.0,-0.2186126708984375,0.8195095062255859,-0.9450435638427699,0.0027332305908203125,0.5297298431396484,0.23065185546875,0.08001708984375,-0.56329345703125,0.42495155334472834,0.09074115753174006,7.0,3.0,06-02,0.041034958579324154
04-19,0.0,-0.2186126708984375,0.8195095062255859,-0.9450435638427699,0.17928314208984375,0.5297298431396484,0.23065185546875,0.08001708984375,-0.56329345703125,0.42495155334472834,0.09074115753174006,7.0,3.0,06-03,0.05708495053378083
04-20,0.0,-0.2186126708984375,0.20946598052978516,-2.058929443359368,0.17928314208984375,0.5297298431396484,0.27743530273437145,0.08001708984375,-0.56329345703125,0.42495155334472834,0.09074115753174006,7.0,3.0,06-04,-0.09538286382501711
04-21,0.0,-0.08053874969482422,0.14167881011963068,-2.058929443359368,0.17928314208984375,0.5297298431396484,0.27743530273437145,0.01676368713379084,-0.56329345703125,0.42495155334472834,0.09074115753174006,7.0,3.0,06-05,-0.09474346854469896
04-22,0.0,-0.08053874969482422,0.14167881011963068,-2.058929443359368,0.17928314208984375,0.5297298431396484,0.27743530273437145,0.23024749755859375,-2.31170654296875,0.42495155334472834,0.09074115753174006,7.0,3.0,06-06,-0.2342824935913078
04-23,0.0,-0.08053874969482422,0.14167881011963068,-2.9173355102539027,0.17928314208984375,0.5297298431396484,0.27743530273437145,0.23024749755859375,-2.31170654296875,0.42495155334472834,0.09074115753174006,7.0,3.0,06-07,-0.3123194087635382
04-24,0.0,-0.08053874969482422,0.14167881011963068,-2.9173355102539027,0.17928314208984375,0.5297298431396484,0.27743530273437145,0.23024749755859375,-2.5675144195556623,0.42495155334472834,0.2083263397216797,7.0,3.0,06-08,-0.3248851082541721
04-25,0.0,-0.08053874969482422,-0.4284725189208949,-2.9173355102539027,0.17928314208984375,0.5297298431396484,0.27743530273437145,0.23024749755859375,-2.5675144195556623,0.42495155334472834,0.2083263397216797,6.0,4.0,06-09,-0.37671704725785626
04-26,0.0,-0.08053874969482422,-0.4284725189208949,-2.9173355102539027,0.4101524353027344,0.5297298431396484,0.27743530273437145,0.23024749755859375,-2.5675144195556623,0.42495155334472834,0.2083263397216797,6.0,4.0,06-10,-0.355728929693048
04-27,0.0,-0.08053874969482422,-0.4284725189208949,-3.449022293090813,0.5527439117431641,0.5297298431396484,0.27743530273437145,0.23024749755859375,-2.5675144195556623,0.42495155334472834,0.2083263397216797,6.0,4.0,06-11,-0.39110123027454624
04-28,0.0,-0.9032039642334002,-0.4284725189208949,-3.449022293090813,0.5527439117431641,0.5297298431396484,0.27743530273437145,0.23024749755859375,-2.5675144195556623,0.42495155334472834,0.2083263397216797,6.0,4.0,06-12,-0.4658889770507804
04-29,0.0,-0.9032039642334002,-0.4284725189208949,-3.2223510742187464,0.5527439117431641,0.5297298431396484,0.27743530273437145,0.23024749755859375,-2.5675144195556623,0.42495155334472834,0.2083263397216797,6.0,4.0,06-13,-0.4452825026078653
04-30,0.0,-0.9032039642334002,-0.4284725189208949,-3.118738174438473,0.5527439117431641,0.2700042724609375,0.27743530273437145,0.23024749755859375,-2.5675144195556623,0.42495155334472834,0.2083263397216797,6.0,4.0,06-14,-0.4594745635986323
05-01,0.0,-0.9032039642334002,-0.4284725189208949,-3.118738174438473,0.5527439117431641,0.2700042724609375,0.27743530273437145,0.23024749755859375,-2.5675144195556623,0.42495155334472834,0.2083263397216797,6.0,4.0,06-15,-0.4594745635986323
05-02,0.0,-0.9032039642334002,-0.4284725189208949,-3.118738174438473,0.5527439117431641,0.2700042724609375,0.27743530273437145,0.23024749755859375,-2.5675144195556623,0.42495155334472834,0.2083263397216797,6.0,4.0,06-16,-0.4594745635986323
05-03,0.0,-0.6903495788574219,-0.4284725189208949,-3.118738174438473,0.5527439117431641,0.2700042724609375,0.27743530273437145,0.23024749755859375,-2.5675144195556623,0.15381240844726562,0.2083263397216797,6.0,4.0,06-17,-0.46477317810058544
05-04,0.0,-0.6903495788574219,-0.4284725189208949,-3.118738174438473,0.5527439117431641,0.2700042724609375,0.27743530273437145,0.23024749755859375,-2.5675144195556623,0.15381240844726562,0.2083263397216797,6.0,4.0,06-18,-0.46477317810058544
05-05,0.0,-0.6903495788574219,-0.4284725189208949,-3.118738174438473,0.5527439117431641,0.2700042724609375,0.27743530273437145,0.23024749755859375,-2.5675144195556623,0.15381240844726562,0.2083263397216797,6.0,4.0,06-19,-0.46477317810058544
05-06,0.0,-0.6903495788574219,-0.4284725189208949,-2.406364440917965,0.5527439117431641,0.2700042724609375,0.27743530273437145,0.23024749755859375,-2.5675144195556623,0.15381240844726562,0.2083263397216797,6.0,4.0,06-20,-0.4000119295987211
05-07,0.0,-0.6903495788574219,-0.4284725189208949,-2.7779197692871094,0.7338657379150391,0.2700042724609375,0.27743530273437145,0.23024749755859375,-2.5675144195556623,0.15381240844726562,0.2083263397216797,6.0,4.0,06-21,-0.4173240661621092
05-08,0.0,-0.6903495788574219,-0.4284725189208949,-2.7779197692871094,0.5191974639892578,0.2700042724609375,1.7626152038574148,0.23024749755859375,-2.5675144195556623,0.15381240844726562,0.2083263397216797,6.0,4.0,06-22,-0.3018230091441763
05-09,0.0,-0.6903495788574219,-0.3253612518310529,-2.7779197692871094,0.7204456329345703,0.2700042724609375,1.7626152038574148,0.23024749755859375,-2.5675144195556623,0.15381240844726562,0.09074115753174006,6.0,4.0,06-23,-0.284843531521884
05-10,0.0,-0.6903495788574219,-0.5730762481689435,-2.7779197692871094,0.7204456329345703,0.2700042724609375,1.7626152038574148,0.23024749755859375,-1.4904375076293945,-0.6618595123291016,-0.10523414611816406,4.0,6.0,06-24,-0.3014149232344199
05-11,0.0,-0.6903495788574219,0.16637611389160156,-2.9252586364746094,0.7204456329345703,0.2700042724609375,1.7626152038574148,0.0,-1.7484130859375,-0.6618595123291016,-0.10523414611816406,4.0,6.0,06-25,-0.2919703396883884
05-12,0.0,-0.6903495788574219,0.16637611389160156,-2.9252586364746094,0.7204456329345703,0.2700042724609375,1.4851799011230433,0.0,-1.7484130859375,-0.6618595123291016,-0.10523414611816406,4.0,6.0,06-26,-0.31719173084605856
05-13,0.0,-0.6903495788574219,0.16637611389160156,-2.9252586364746094,0.7204456329345703,0.2700042724609375,1.4851799011230433,0.0,-1.7484130859375,-0.6618595123291016,-0.10523414611816406,4.0,6.0,06-27,-0.31719173084605856
05-14,0.0,-0.6903495788574219,0.16637611389160156,-2.976507186889645,0.7204456329345703,0.2700042724609375,1.4851799011230433,0.0,-1.7484130859375,-0.6618595123291016,-0.03779411315917969,4.0,6.0,06-28,-0.31571977788751776
05-15,0.0,-0.6903495788574219,0.8195590972900391,-2.393560409545902,0.4481544494628906,0.2700042724609375,1.4851799011230433,0.0,-3.513967514038084,-0.6618595123291016,-0.03779411315917969,4.0,6.0,06-29,-0.388603037053889
05-16,0.0,-0.494748115539549,0.8195590972900391,-2.6551971435546875,0.4481544494628906,0.2700042724609375,1.4851799011230433,0.0,-3.513967514038084,-0.6618595123291016,-0.03779411315917969,4.0,6.0,06-30,-0.3946062434803356
05-17,0.0,-0.494748115539549,0.8195590972900391,-0.9584579467773473,0.4481544494628906,0.2700042724609375,1.4851799011230433,0.0,-3.513967514038084,-0.6618595123291016,-0.03779411315917969,4.0,6.0,07-01,-0.24035722559148648
05-18,0.0,-0.494748115539549,1.386465072631836,-1.2693099975585973,0.4481544494628906,0.2700042724609375,1.4851799011230433,0.0,-3.942498207092285,-0.6618595123291016,-0.03779411315917969,4.0,6.0,07-02,-0.2560369318181823
05-19,0.0,-0.494748115539549,1.0167427062988281,-1.2693099975585973,0.4481544494628906,0.2700042724609375,1.4851799011230433,0.0,-3.942498207092285,-0.6618595123291016,-0.03779411315917969,4.0,6.0,07-03,-0.28964805603027394
05-20,0.0,-0.494748115539549,1.0167427062988281,-1.2693099975585973,0.4481544494628906,0.2700042724609375,1.4851799011230433,0.0,-3.942498207092285,-0.6618595123291016,-0.03779411315917969,4.0,6.0,07-04,-0.28964805603027394
05-21,0.0,0.19560146331787287,1.0167427062988281,-0.9714088439941406,0.4481544494628906,0.0,1.4851799011230433,-0.3529939651489258,-3.942498207092285,-0.6618595123291016,-0.03779411315917969,4.0,6.0,07-05,-0.25644328377463615
05-22,0.0,0.38544178009033203,1.0167427062988281,-1.4506454467773473,0.4481544494628906,0.0,1.4851799011230433,-0.3529939651489258,-3.942498207092285,-0.6618595123291016,-0.03779411315917969,4.0,6.0,07-06,-0.2827520370483405
05-23,0.0,0.38544178009033203,1.0167427062988281,-1.4506454467773473,0.4481544494628906,0.0,1.4851799011230433,-0.3529939651489258,-3.942498207092285,-0.6618595123291016,-0.19597530364990412,4.0,6.0,07-07,-0.29713214527477
05-24,0.0,0.38544178009033203,1.0167427062988281,-1.4506454467773473,0.4481544494628906,0.0,1.4851799011230433,-0.3529939651489258,-3.942498207092285,-0.6618595123291016,-0.19597530364990412,4.0,6.0,07-08,-0.29713214527477
05-25,0.0,0.38544178009033203,1.3556632995605469,-1.4506454467773473,0.4481544494628906,0.0,1.4851799011230433,-0.3529939651489258,-3.942498207092285,-0.6618595123291016,-0.19597530364990412,4.0,6.0,07-09,-0.2663211822509774
05-26,0.0,0.38544178009033203,1.0167427062988281,-1.4506454467773473,0.4481544494628906,0.0,1.4851799011230433,-0.3529939651489258,-3.591100692749025,-0.6618595123291016,-0.19597530364990412,4.0,6.0,07-10,-0.26518691669811
05-27,0.0,0.38544178009033203,1.0167427062988281,-1.4506454467773473,0.4481544494628906,0.0,1.4851799011230433,-0.3529939651489258,-3.591100692749025,-0.6618595123291016,-0.19597530364990412,4.0,6.0,07-11,-0.26518691669811
05-28,0.0,0.38544178009033203,1.0167427062988281,-1.4506454467773473,0.5500106811523438,0.0,1.4851799011230433,-0.3529939651489258,-3.591100692749025,-0.6618595123291016,-0.19597530364990412,4.0,6.0,07-12,-0.25592725927179605
05-29,0.0,0.38544178009033203,1.0167427062988281,-0.382080078125,0.5500106811523438,0.0,1.4851799011230433,-0.3529939651489258,-3.591100692749025,-0.6618595123291016,-0.19597530364990412,4.0,6.0,07-13,-0.15878495303067358
05-30,0.0,0.38544178009033203,1.0167427062988281,-0.382080078125,0.3734607696533203,0.0,1.4851799011230433,-0.3529939651489258,-3.591100692749025,-0.6618595123291016,-0.19597530364990412,4.0,6.0,07-14,-0.17483494498513028
05-31,0.0,0.38544178009033203,1.626786231994629,0.731805801391598,0.3734607696533203,0.0,1.4851799011230433,-0.3529939651489258,-3.591100692749025,-0.6618595123291016,-0.19597530364990412,5.0,5.0,07-15,-0.01811408996582128
06-01,0.0,0.38544178009033203,1.8794412612915021,0.731805801391598,0.3734607696533203,-1.7098140716552734,1.4851799011230433,-0.3529939651489258,-3.591100692749025,-0.6618595123291016,-0.19597530364990412,5.0,5.0,07-16,-0.15058309381658494
06-02,0.0,0.38544178009033203,2.3600778579711896,0.731805801391598,0.3734607696533203,-1.7098140716552734,1.4851799011230433,-0.3529939651489258,-1.8426876068115252,-0.6618595123291016,-0.19597530364990412,5.0,5.0,07-17,0.0520577864213412
06-03,0.0,0.38544178009033203,2.3600778579711896,0.731805801391598,0.3734607696533203,-1.7098140716552734,1.4851799011230433,-0.3529939651489258,-1.8426876068115252,-0.6618595123291016,-0.19597530364990412,5.0,5.0,07-18,0.0520577864213412
06-04,0.0,0.38544178009033203,2.1875410079956072,0.731805801391598,0.3734607696533203,-1.7098140716552734,1.4851799011230433,-0.3529939651489258,-1.8426876068115252,-0.6618595123291016,-0.31356048583984375,5.0,5.0,07-19,0.025683056224475562
06-05,0.0,0.38544178009033203,2.1875410079956072,0.731805801391598,0.3734607696533203,-1.7098140716552734,1.4851799011230433,-0.3529939651489258,-1.8426876068115252,-0.6618595123291016,-0.31356048583984375,5.0,5.0,07-20,0.025683056224475562
06-06,0.0,0.38544178009033203,2.1875410079956072,0.731805801391598,0.1425914764404297,-1.7098140716552734,1.4851799011230433,-0.3529939651489258,-1.8426876068115252,-0.6618595123291016,-0.31356048583984375,5.0,5.0,07-21,0.0046949386596673226
06-07,0.0,0.5580301284790039,2.1875410079956072,0.731805801391598,0.0,-1.7098140716552734,1.4851799011230433,-0.3529939651489258,-1.8426876068115252,-0.6618595123291016,-0.6075248718261719,4.0,6.0,07-22,-0.01930210807106776
06-08,0.0,0.5580301284790039,2.1875410079956072,0.731805801391598,0.0,-1.7098140716552734,1.4851799011230433,-0.3529939651489258,-1.8426876068115252,-0.6618595123291016,-0.6075248718261719,4.0,6.0,07-23,-0.01930210807106776
06-09,0.0,0.5580301284790039,2.1875410079956072,0.731805801391598,0.0,-1.7098140716552734,1.4851799011230433,-0.3529939651489258,-1.8426876068115252,-0.6618595123291016,-0.6075248718261719,4.0,6.0,07-24,-0.01930210807106776
06-10,0.0,0.5580301284790039,2.1875410079956072,1.4117946624755824,0.0,-1.7098140716552734,1.4851799011230433,-0.3529939651489258,-1.8426876068115252,-0.6618595123291016,-0.6075248718261719,4.0,6.0,07-25,0.042515061118385364
06-11,0.0,0.5580301284790039,2.834561347961424,1.1851234436035156,0.0,-1.7098140716552734,1.4851799011230433,-0.3529939651489258,-1.8426876068115252,-0.6618595123291016,-0.6075248718261719,4.0,6.0,07-26,0.08072861758145354
06-12,0.0,0.7478780746459943,2.834561347961424,1.0815105438232422,0.0,-1.7098140716552734,1.4851799011230433,-0.3529939651489258,-1.8426876068115252,-0.6618595123291016,-0.6075248718261719,4.0,6.0,07-27,0.08856816725297327
06-13,0.0,0.8859462738037127,2.834561347961424,1.0815105438232422,0.0,-1.7098140716552734,1.4851799011230433,-0.3529939651489258,-1.8426876068115252,-0.6618595123291016,-0.6075248718261719,4.0,6.0,07-28,0.10111982172185675
06-14,0.0,0.8859462738037127,2.834561347961424,1.0815105438232422,0.0,-1.7098140716552734,1.4851799011230433,-0.3529939651489258,-1.8426876068115252,-0.6618595123291016,-0.6075248718261719,4.0,6.0,07-29,0.10111982172185675
06-15,0.0,0.8859462738037127,2.834561347961424,1.0815105438232422,0.0,-1.7098140716552734,1.4851799011230433,-0.3529939651489258,-1.8426876068115252,-0.6618595123291016,-0.6075248718261719,4.0,6.0,07-30,0.10111982172185675
06-16,0.0,0.8859462738037127,2.834561347961424,1.0815105438232422,0.0,-1.7098140716552734,1.4851799011230433,-0.3529939651489258,-1.8426876068115252,-0.6991462707519531,-0.6075248718261719,4.0,6.0,07-31,0.09773011641068843
06-17,0.0,0.8859462738037127,2.834561347961424,1.0815105438232422,0.0,-1.7098140716552734,1.4851799011230433,-0.3529939651489258,-1.8426876068115252,-0.6991462707519531,-0.6075248718261719,4.0,6.0,08-01,0.09773011641068843
06-18,0.0,0.8859462738037127,2.834561347961424,0.3691368103027344,0.0,-1.7098140716552734,0.0,-0.3529939651489258,-1.8426876068115252,-0.6991462707519531,-0.6075248718261719,3.0,7.0,08-02,-0.10204748673872531
06-19,0.0,0.8859462738037127,2.834561347961424,0.3691368103027344,0.0,-1.7098140716552734,0.0,-0.3529939651489258,-1.4741506576538086,-0.6991462707519531,-0.48993968963623225,3.0,7.0,08-03,-0.05785456570712019
06-20,0.0,0.8859462738037127,2.834561347961424,0.3691368103027344,0.0,-2.6644649505615234,0.0,-0.3529939651489258,-1.4741506576538086,-0.03728675842285156,-0.2939643859863281,3.0,7.0,08-04,-0.06665602597323331
06-21,0.0,0.8859462738037127,2.095108985900879,0.3691368103027344,0.0,-2.6644649505615234,0.0,-0.3529939651489258,-1.4741506576538086,-0.03728675842285156,-0.2939643859863281,3.0,7.0,08-05,-0.1338789679787374
06-22,0.0,0.8859462738037127,2.095108985900879,0.3691368103027344,0.0,-2.6644649505615234,0.0,-0.3529939651489258,-1.4741506576538086,-0.03728675842285156,-0.2939643859863281,3.0,7.0,08-06,-0.1338789679787374
06-23,0.0,0.8859462738037127,2.095108985900879,0.3691368103027344,0.0,-2.6644649505615234,0.0,-0.3529939651489258,-1.4741506576538086,-0.03728675842285156,-0.2939643859863281,3.0,7.0,08-07,-0.1338789679787374
06-24,0.0,0.8859462738037127,2.095108985900879,0.3691368103027344,0.0,-2.6644649505615234,0.0,-0.3529939651489258,-1.4741506576538086,-0.03728675842285156,-0.2939643859863281,3.0,7.0,08-08,-0.1338789679787374
06-25,0.0,0.42571544647216797,2.5264596939086914,0.3691368103027344,0.0,-2.6644649505615234,0.0,-0.3529939651489258,-1.4741506576538086,-0.03728675842285156,-0.2939643859863281,3.0,7.0,08-09,-0.13650443337180398
06-26,0.0,0.42571544647216797,2.5264596939086914,0.3691368103027344,0.0,-2.6644649505615234,0.0,-0.3529939651489258,-1.4741506576538086,-0.03728675842285156,-0.2939643859863281,3.0,7.0,08-10,-0.13650443337180398
06-27,0.0,0.5120105743408203,1.5713386535644531,0.3691368103027344,0.0,-2.6644649505615234,0.0,-0.3529939651489258,0.29140377044677557,-0.03728675842285156,-0.2939643859863281,4.0,6.0,08-11,-0.054983659224076865
06-28,0.0,-0.3854417800903338,1.5713386535644531,0.6799888610839844,0.0,-2.6644649505615234,0.0,-0.3529939651489258,0.7199344635009766,-0.03728675842285156,-0.2939643859863281,3.0,7.0,08-12,-0.06935362382368625
06-29,0.0,-0.3854417800903338,1.5713386535644531,0.7576942443847656,0.0,-2.6644649505615234,0.0,-0.3529939651489258,0.5228099822998047,-0.03728675842285156,-0.2939643859863281,3.0,7.0,08-13,-0.08020990545099448
06-30,0.0,-0.3854417800903338,1.1399879455566406,0.7576942443847656,0.0,-2.6644649505615234,0.0,0.23948383331298828,0.5228099822998047,-0.03728675842285156,-0.2939643859863281,4.0,6.0,08-14,-0.06556198813698524
07-01,0.0,-0.575282096862793,1.2817211151123047,0.7576942443847656,0.2748680114746094,-2.6644649505615234,0.2844409942627024,0.23948383331298828,0.5228099822998047,-0.03728675842285156,-0.2939643859863281,6.0,4.0,08-15,-0.019089091907847366
07-02,0.0,-0.575282096862793,1.4172821044921875,0.7576942443847656,0.2748680114746094,-2.6644649505615234,0.2844409942627024,0.23948383331298828,0.5228099822998047,-0.03728675842285156,-0.2939643859863281,6.0,4.0,08-16,-0.006765365600585291
07-03,0.0,-0.575282096862793,1.4172821044921875,0.7576942443847656,0.2748680114746094,-2.403890609741211,0.2844409942627024,0.23948383331298828,0.5228099822998047,-0.03728675842285156,-0.2939643859863281,6.0,4.0,08-17,0.016923210837624936
07-05,0.0,-0.33129787445068537,1.0783615112304688,1.0158557891845703,0.2748680114746094,-2.403890609741211,1.8366222381591868,0.23948383331298828,0.5228099822998047,-0.03728675842285156,-0.11066722869873047,6.0,4.0,08-19,0.1895326267589227
07-06,0.0,-0.33129787445068537,1.6677570343017578,1.0158557891845703,0.2748680114746094,-2.403890609741211,1.8366222381591868,0.23948383331298828,0.4285345077514666,0.1169443130493164,-0.27066707611083984,7.0,3.0,08-20,0.23401910608465085
07-07,0.0,-0.33129787445068537,1.6677570343017578,1.0158557891845703,0.2748680114746094,-2.403890609741211,1.8366222381591868,0.23948383331298828,0.5426168441772479,0.1169443130493164,-0.11066722869873047,7.0,3.0,08-21,0.2589356682517318
07-08,0.0,-0.33129787445068537,1.6677570343017578,1.0158557891845703,0.2748680114746094,-2.403890609741211,1.8366222381591868,0.23948383331298828,0.5426168441772479,0.1169443130493164,-0.11066722869873047,7.0,3.0,08-22,0.2589356682517318
07-09,0.0,-0.33129787445068537,0.9931602478027344,1.0158557891845703,0.2748680114746094,-2.403890609741211,1.8366222381591868,0.23948383331298828,0.5426168441772479,0.1169443130493164,-0.11066722869873047,7.0,3.0,08-23,0.19760868766091153
07-10,0.0,-0.33129787445068537,0.9994068145751953,1.0158557891845703,0.2748680114746094,-2.403890609741211,1.8366222381591868,0.23948383331298828,0.5426168441772479,0.1169443130493164,-0.11066722869873047,7.0,3.0,08-24,0.19817655736749887
07-11,0.0,-0.33129787445068537,0.9994068145751953,1.0158557891845703,0.2748680114746094,-2.403890609741211,1.8366222381591868,-0.013037681579589844,0.5426168441772479,0.1169443130493164,-0.11066722869873047,6.0,4.0,08-25,0.17522005601362814
07-12,0.0,-0.33129787445068537,0.8145389556884766,1.0158557891845703,0.2748680114746094,-2.403890609741211,1.8366222381591868,-0.013037681579589844,0.5426168441772479,0.15479183197021307,-0.11066722869873047,6.0,4.0,08-26,0.16185457056218977
07-13,0.0,-0.33129787445068537,0.283935546875,1.0158557891845703,0.2748680114746094,-4.085706710815426,1.8366222381591868,-0.013037681579589844,0.1564922332763672,0.15479183197021307,-0.16066646575927734,6.0,4.0,08-27,-0.07892209833318473
07-14,0.0,-0.33129787445068537,0.283935546875,1.0158557891845703,0.2748680114746094,-2.3758926391601527,1.8366222381591868,0.15802574157714844,0.00730800628662287,0.1169443130493164,-0.16066646575927734,7.0,3.0,08-28,0.07506387883966716
07-15,0.0,-0.33129787445068537,0.4026145935058594,1.0158557891845703,0.2748680114746094,-2.3758926391601527,1.8366222381591868,0.15802574157714844,0.00730800628662287,0.1169443130493164,-0.16066646575927734,7.0,3.0,08-29,0.08585288307883619
07-16,0.0,-0.33129787445068537,0.4026145935058594,1.0158557891845703,0.2748680114746094,-2.3758926391601527,1.8366222381591868,0.15802574157714844,0.00730800628662287,0.1169443130493164,-0.16066646575927734,7.0,3.0,08-30,0.08585288307883619
07-17,0.0,-0.33129787445068537,0.5751514434814418,1.0158557891845703,0.2748680114746094,-2.3758926391601527,1.8366222381591868,0.15802574157714844,-0.0541191101074201,0.1169443130493164,-0.16066646575927734,6.0,4.0,08-31,0.09595376794988524
07-18,0.0,-0.33129787445068537,0.5751514434814418,1.0158557891845703,0.2748680114746094,-2.3758926391601527,1.8366222381591868,0.15802574157714844,-0.0541191101074201,0.1169443130493164,0.13329792022705078,7.0,3.0,09-01,0.12267780303955143
07-19,0.0,-0.33129787445068537,0.5751514434814418,1.0158557891845703,0.2748680114746094,-2.3758926391601527,1.8366222381591868,0.15802574157714844,-0.0541191101074201,0.1169443130493164,0.13329792022705078,7.0,3.0,09-02,0.12267780303955143
07-20,0.0,-0.5038862228393572,0.5751514434814418,-0.1504383087158203,0.2748680114746094,-2.3758926391601527,1.8366222381591868,0.15802574157714844,-0.0541191101074201,0.1169443130493164,0.13329792022705078,6.0,4.0,09-03,0.0009612170132730181
07-21,0.0,-0.5038862228393572,0.5751514434814418,-0.1504383087158203,0.2748680114746094,-2.3758926391601527,1.8366222381591868,0.15802574157714844,-0.0541191101074201,0.1169443130493164,0.13329792022705078,6.0,4.0,09-04,0.0009612170132730181
07-22,0.0,-0.5038862228393572,0.5126838684081996,-0.1504383087158203,0.2748680114746094,-2.3758926391601527,1.8366222381591868,0.15802574157714844,-0.0541191101074201,0.1169443130493164,0.13329792022705078,6.0,4.0,09-05,-0.004717653447930817
07-23,0.0,-0.6937341690063477,0.6750926971435511,-0.8304271697998047,0.2748680114746094,-2.3758926391601527,1.8366222381591868,0.15802574157714844,-0.0541191101074201,0.1169443130493164,0.13329792022705078,6.0,4.0,09-06,-0.06902928785844202
07-24,0.0,-0.6937341690063477,0.32164573669433594,-0.8304271697998047,0.2748680114746094,-2.3758926391601527,1.8366222381591868,0.15802574157714844,-0.0541191101074201,0.1169443130493164,0.13329792022705078,6.0,4.0,09-07,-0.10116082971746158
07-25,0.0,-0.6937341690063477,0.32164573669433594,-0.8304271697998047,0.2748680114746094,-2.3758926391601527,1.8366222381591868,0.15802574157714844,-0.0541191101074201,0.1169443130493164,0.13329792022705078,6.0,4.0,09-08,-0.10116082971746158
07-26,0.0,-0.831802368164066,0.32164573669433594,-0.8173198699951172,0.2748680114746094,-2.3758926391601527,1.8366222381591868,0.15802574157714844,-0.0541191101074201,0.1169443130493164,0.13329792022705078,6.0,4.0,09-09,-0.11252091147682802
07-27,0.0,-0.831802368164066,0.3091526031494176,-0.8173198699951172,0.2748680114746094,-2.3758926391601527,1.8366222381591868,0.15802574157714844,-0.0541191101074201,0.15423107147216797,0.13329792022705078,6.0,4.0,09-10,-0.1102669455788341
07-28,0.0,-0.831802368164066,0.3091526031494176,-0.8173198699951172,0.2748680114746094,-2.2892818450927734,1.8366222381591868,0.15802574157714844,-0.0541191101074201,-1.236689567565918,0.13329792022705078,5.0,5.0,09-11,-0.22884056784889834
07-29,0.0,-0.831802368164066,0.3091526031494176,-0.8173198699951172,0.2748680114746094,-2.2892818450927734,1.8366222381591868,0.15802574157714844,-0.0541191101074201,-1.236689567565918,0.13329792022705078,5.0,5.0,09-12,-0.22884056784889834
07-30,0.0,-0.831802368164066,0.3091526031494176,-0.8173198699951172,0.2748680114746094,-2.2892818450927734,1.8366222381591868,0.15802574157714844,-0.0541191101074201,-1.236689567565918,0.13329792022705078,5.0,5.0,09-13,-0.22884056784889834
07-31,0.0,-0.831802368164066,0.3091526031494176,-0.8173198699951172,0.2748680114746094,-1.3346309661865234,1.8366222381591868,0.15802574157714844,-0.0541191101074201,-1.236689567565918,0.13329792022705078,5.0,5.0,09-14,-0.1420541243119665
08-01,0.0,-0.831802368164066,0.3091526031494176,-0.8173198699951172,0.2748680114746094,-1.8471107482910156,1.8366222381591868,0.15802574157714844,-0.4226560592651367,-1.236689567565918,0.13329792022705078,5.0,5.0,09-15,-0.22214655442671277
08-02,0.0,-0.831802368164066,0.3091526031494176,-0.8173198699951172,0.2748680114746094,-1.8471107482910156,1.8366222381591868,0.15802574157714844,-0.4226560592651367,-1.236689567565918,0.13329792022705078,5.0,5.0,09-16,-0.22214655442671277
08-03,0.0,-0.831802368164066,0.7026653289794922,-0.8173198699951172,0.2748680114746094,-1.8471107482910156,1.8366222381591868,0.15802574157714844,-0.4226560592651367,-1.236689567565918,0.13329792022705078,5.0,5.0,09-17,-0.18637267026034235
08-04,0.0,-0.831802368164066,0.7026653289794922,-0.8173198699951172,0.2748680114746094,-1.8471107482910156,1.8366222381591868,0.15802574157714844,-0.4226560592651367,-1.236689567565918,0.13329792022705078,5.0,5.0,09-18,-0.18637267026034235
08-05,0.0,-0.3715715408325213,0.7026653289794922,-0.8173198699951172,0.2748680114746094,-1.8471107482910156,1.8366222381591868,0.15802574157714844,-0.4226560592651367,-1.236689567565918,0.13329792022705078,5.0,5.0,09-19,-0.14453350413929283
08-06,0.0,-0.3715715408325213,0.9650135040283203,-0.8173198699951172,0.2748680114746094,-1.8471107482910156,1.8366222381591868,0.15802574157714844,-0.4226560592651367,-1.236689567565918,0.13329792022705078,5.0,5.0,09-20,-0.12068367004394483
08-07,0.0,0.21492958068847656,0.5961246490478516,-0.8173198699951172,0.2748680114746094,-1.8471107482910156,1.8366222381591868,0.15802574157714844,-0.4226560592651367,-1.236689567565918,0.13329792022705078,6.0,4.0,09-21,-0.10090073672207854
08-08,0.0,-0.019669532775878906,0.5961246490478516,-0.8173198699951172,0.2748680114746094,-1.8471107482910156,1.8366222381591868,0.15802574157714844,-0.4226560592651367,-1.236689567565918,0.13329792022705078,5.0,5.0,09-22,-0.12222792885520177
08-09,0.0,-0.10596466064453125,0.5961246490478516,0.9461421966552734,0.2748680114746094,-1.8471107482910156,1.8366222381591868,0.15802574157714844,-0.22553157806396484,-1.236689567565918,0.13329792022705078,6.0,4.0,09-23,0.0481622002341537
08-10,0.0,0.59588623046875,1.027475357055664,0.47439002990722656,0.2748680114746094,-1.8471107482910156,1.8366222381591868,-0.08145809173583984,-0.22553157806396484,-1.0285243988037092,0.13329792022705078,6.0,4.0,09-24,0.10544681549072346
08-11,0.0,0.59588623046875,0.8857421875,0.47439002990722656,0.2748680114746094,-1.8471107482910156,1.5521812438964844,-0.08145809173583984,-0.22553157806396484,-1.0285243988037092,0.13329792022705078,6.0,4.0,09-25,0.06670370968905379
08-12,0.0,0.59588623046875,0.8857421875,0.47439002990722656,0.2748680114746094,-1.8471107482910156,1.5521812438964844,-0.08145809173583984,-0.22553157806396484,-1.0285243988037092,0.13329792022705078,6.0,4.0,09-26,0.06670370968905379
08-13,0.0,0.2674436569213867,0.8857421875,0.47439002990722656,0.0,-2.107685089111328,1.5521812438964844,-0.08145809173583984,-0.22553157806396484,-1.0285243988037092,0.13329792022705078,5.0,5.0,09-27,-0.011831283569335776
08-14,0.0,0.2674436569213867,0.7501811981201172,0.47439002990722656,0.0,-2.107685089111328,1.5521812438964844,-0.08145809173583984,-0.22553157806396484,-1.0285243988037092,-0.049999237060546875,4.0,6.0,09-28,-0.040818387811834
08-15,0.0,0.2674436569213867,0.7501811981201172,0.21622848510742188,0.0,-2.107685089111328,1.5521812438964844,-0.08145809173583984,-0.22553157806396484,-1.0285243988037092,-0.049999237060546875,4.0,6.0,09-29,-0.06428761915727078
08-16,0.0,0.2674436569213867,0.4997062683105469,0.21622848510742188,0.0,-2.107685089111328,0.0,-0.08145809173583984,-0.4826536178588867,-1.1827554702758771,-0.049999237060546875,3.0,7.0,09-30,-0.2655611905184658
08-17,0.0,0.02345943450927912,0.4997062683105469,0.21622848510742188,0.0,-2.107685089111328,0.0,-0.08145809173583984,-0.596735954284668,-1.1827554702758771,-0.049999237060546875,3.0,7.0,10-01,-0.2981126958673647
08-18,0.0,0.02345943450927912,0.4997062683105469,0.21622848510742188,0.0,-2.107685089111328,0.0,-0.08145809173583984,-0.596735954284668,-1.1827554702758771,0.1100006103515625,4.0,6.0,10-02,-0.2835672551935366
08-19,0.0,0.12316417694091975,0.4997062683105469,0.45865058898926137,-1.4086627960205078,-2.107685089111328,0.0,-0.08145809173583984,-0.596735954284668,-1.1827554702758771,-0.049999237060546875,3.0,7.0,10-03,-0.39507050947709454
08-20,0.0,0.12316417694091975,0.18738937377930043,0.45865058898926137,-1.4086627960205078,-2.107685089111328,0.0,-0.08145809173583984,-0.596735954284668,-1.1827554702758771,-0.049999237060546875,3.0,7.0,10-04,-0.42346295443448057
08-21,0.0,-0.17008876800536932,0.8619861602783239,0.45865058898926137,-1.4086627960205078,-2.107685089111328,0.0,-0.08145809173583984,-0.596735954284668,-1.1827554702758771,-0.3099994659423828,2.0,8.0,10-05,-0.41243171691894437
08-22,0.0,-0.08797931671142223,0.8557395935058629,0.45865058898926137,-1.4086627960205078,-2.107685089111328,0.0,-0.08145809173583984,-0.596735954284668,-1.2206029891967738,-0.3099994659423828,2.0,8.0,10-06,-0.40897577459161805
08-23,0.0,-0.08797931671142223,0.905706405639652,0.45865058898926137,-1.4086627960205078,-2.107685089111328,0.0,0.17106342315673828,-0.2106113433837873,-1.2206029891967738,-0.3099994659423828,3.0,7.0,10-07,-0.34637459841641366
08-24,0.0,-0.08797931671142223,0.905706405639652,0.45865058898926137,-1.4086627960205078,-2.107685089111328,0.0,0.0,-0.06142711639404297,-1.1827554702758771,-0.3099994659423828,2.0,8.0,10-08,-0.3449229327115134
08-25,0.0,-0.08797931671142223,0.8494892120361328,0.45865058898926137,-1.4086627960205078,-0.4258689880371129,0.0,0.0,-0.06142711639404297,-1.1827554702758771,-0.26000022888183594,2.0,8.0,10-09,-0.19259582866321862
08-26,0.0,-0.08797931671142223,0.8494892120361328,0.45865058898926137,-1.4086627960205078,-0.4258689880371129,0.0,0.0,-0.06142711639404297,-1.1827554702758771,-0.26000022888183594,2.0,8.0,10-10,-0.19259582866321862
08-27,0.0,-0.08797931671142223,0.8245048522949219,0.38002967834472656,-1.4086627960205078,-0.4258689880371129,0.0,0.0,1.7638826370239258,-1.1827554702758771,-0.26000022888183594,3.0,7.0,10-11,-0.036077239296652894
08-28,0.0,-0.08797931671142223,0.630874633789066,0.38002967834472656,-1.4086627960205078,0.08661079406737926,0.0,0.0,1.7638826370239258,-1.1827554702758771,-0.26000022888183594,4.0,6.0,10-12,-0.007090915333140496
08-29,0.0,-0.08797931671142223,0.630874633789066,1.5463237762451172,-1.3262004852294922,0.08661079406737926,0.0,0.0,1.8253097534179688,-1.1827554702758771,-0.26000022888183594,4.0,6.0,10-13,0.1120166778564458
08-30,0.0,-0.08797931671142223,0.630874633789066,1.5463237762451172,-1.3262004852294922,0.08661079406737926,0.0,0.0,1.8253097534179688,-1.1827554702758771,-0.26000022888183594,4.0,6.0,10-14,0.1120166778564458
08-31,0.0,-0.08797931671142223,0.6933422088623082,1.5463237762451172,-1.3262004852294922,0.08661079406737926,0.0,0.0,1.8253097534179688,-1.1827554702758771,-0.26000022888183594,4.0,7.0,10-15,0.11769554831764963
09-01,0.0,-0.08797931671142223,0.5246829986572266,1.5463237762451172,-1.2025127410888672,0.08661079406737926,0.0,0.0,1.8691873550415057,-1.1827554702758771,-0.26000022888183594,4.0,7.0,10-16,0.11759610609574783
09-02,0.0,-0.08797931671142223,0.5246829986572266,1.788747787475586,-1.2025127410888672,0.08661079406737926,0.0,0.0,1.8691873550415057,-1.1827554702758771,-0.26000022888183594,4.0,7.0,10-17,0.139634652571245
09-03,0.0,-0.08797931671142223,0.5621623992919922,2.404664993286133,-1.2025127410888672,0.08661079406737926,0.0,0.0,1.8691873550415057,-1.627471923828125,-0.26000022888183594,4.0,7.0,10-18,0.1586055755615236
09-04,0.0,-0.08797931671142223,0.5621623992919922,2.404664993286133,-1.2025127410888672,0.08661079406737926,0.0,0.0,1.8691873550415057,-1.627471923828125,-0.030000686645506036,4.0,7.0,10-19,0.1795146248557354
09-05,0.0,0.29325199127197266,0.2685890197753906,2.3915576934814453,-1.2025127410888672,0.4475154876708949,0.0,0.0,1.8691873550415057,-1.627471923828125,-0.030000686645506036,5.0,6.0,10-20,0.21910147233442825
09-06,0.1777181625366211,0.29325199127197266,0.28108215332030895,2.516050338745117,-1.2025127410888672,0.4475154876708949,0.0,0.0,1.8691873550415057,-1.627471923828125,-0.030000686645506036,6.0,5.0,10-21,0.2477109215476293
09-07,0.1777181625366211,0.29325199127197266,0.28108215332030895,2.516050338745117,-1.2025127410888672,0.4475154876708949,0.0,0.0,1.8691873550415057,-0.23655128479003906,-0.030000686645506036,6.0,5.0,10-22,0.37415825236927347
09-08,0.1777181625366211,0.29325199127197266,0.13117027282714488,2.516050338745117,-1.4705047607421875,0.4475154876708949,0.0,0.0,1.8691873550415057,-0.23655128479003906,-0.030000686645506036,6.0,5.0,10-23,0.33616698871959305
09-09,0.1777181625366211,0.29325199127197266,0.36228752136230113,2.516050338745117,-1.4705047607421875,0.3609046936035156,0.0,0.0,1.8691873550415057,-0.23655128479003906,-0.030000686645506036,6.0,5.0,10-24,0.34930393912575464
09-10,0.1777181625366211,0.29325199127197266,0.36228752136230113,2.516050338745117,-1.4705047607421875,0.3609046936035156,0.0,0.0,1.8691873550415057,-0.23655128479003906,-0.030000686645506036,6.0,5.0,10-25,0.34930393912575464
09-11,0.4831695556640643,0.29325199127197266,0.24985313415527344,2.516050338745117,-1.4705047607421875,0.8733844757080078,0.0,0.0,1.8691873550415057,-0.23655128479003906,-0.030000686645506036,6.0,5.0,10-26,0.4134400107643826
09-12,0.4553995132446289,0.29325199127197266,0.24985313415527344,2.516050338745117,-1.2368717193603516,0.8733844757080078,0.0,0.0,1.8691873550415057,-0.23655128479003906,-0.030000686645506036,6.0,5.0,10-27,0.43215482885187356
09-13,0.4553995132446289,0.29325199127197266,-0.14365959167480113,2.516050338745117,-1.2368717193603516,0.8733844757080078,0.0,0.0,1.8691873550415057,-0.23655128479003906,-0.030000686645506036,5.0,6.0,10-28,0.3963809446855031
09-14,0.4553995132446289,0.29325199127197266,-0.14365959167480113,2.516050338745117,-1.2368717193603516,0.8733844757080078,0.0,0.0,1.8691873550415057,-0.23655128479003906,-0.030000686645506036,5.0,6.0,10-29,0.3963809446855031
09-15,0.4553995132446289,0.29325199127197266,-0.14365959167480113,2.516050338745117,-1.2368717193603516,0.8733844757080078,0.0,0.0,1.8691873550415057,-0.23655128479003906,-0.030000686645506036,5.0,6.0,10-30,0.3963809446855031
09-16,0.4553995132446289,0.29325199127197266,-0.14365959167480113,2.516050338745117,-1.2368717193603516,0.8733844757080078,0.0,0.0,1.8691873550415057,-0.23655128479003906,-0.030000686645506036,5.0,6.0,10-31,0.3963809446855031
09-17,0.4553995132446289,-0.2932491302490252,-0.14365959167480113,2.516050338745117,-1.2368717193603516,0.8733844757080078,0.0,0.0,1.4830636978149414,-0.23655128479003906,-0.030000686645506036,4.0,7.0,11-01,0.3079605102539066
09-18,0.4553995132446289,-0.2932491302490252,-0.40600776672362926,2.516050338745117,-1.2368717193603516,0.8733844757080078,0.0,0.0,1.4040842056274414,-0.23655128479003906,-0.030000686645506036,4.0,7.0,11-02,0.27693072232333127
09-19,0.4553995132446289,-0.2932491302490252,-0.468469619750973,0.6748828887939453,-1.2368717193603516,0.8733844757080078,0.0,0.04073047637939453,1.4040842056274414,-0.23655128479003906,-0.030000686645506036,5.0,6.0,11-03,0.107576283541593
09-20,0.4553995132446289,-0.058650016784669745,-0.468469619750973,1.1466350555419922,-1.2368717193603516,0.8733844757080078,0.0,0.04073047637939453,1.4040842056274414,-0.44471645355224787,-0.030000686645506036,5.0,6.0,11-04,0.15286593003706514
09-21,1.1773767471313477,-0.058650016784669745,-0.468469619750973,1.1466350555419922,-1.2368717193603516,0.8733844757080078,0.0,0.04073047637939453,2.01837158203125,-0.44471645355224787,-0.030000686645506036,5.0,6.0,11-05,0.2743445309725676
09-22,1.1773767471313477,-0.058650016784669745,-0.468469619750973,1.1466350555419922,-1.2368717193603516,0.8733844757080078,0.0,0.04073047637939453,2.01837158203125,-0.44471645355224787,-0.030000686645506036,5.0,6.0,11-06,0.2743445309725676
09-23,1.1773767471313477,0.26979255676269354,-0.468469619750973,1.1466350555419922,-1.0925674438476598,0.8733844757080078,0.0,0.04073047637939453,2.01837158203125,-0.44471645355224787,-0.030000686645506036,6.0,5.0,11-07,0.31732151725075447
09-24,1.1773767471313477,0.26979255676269354,-0.156158447265625,1.1466350555419922,-1.0925674438476598,0.8733844757080078,0.0,0.04073047637939453,2.01837158203125,-0.44471645355224787,-0.030000686645506036,6.0,5.0,11-08,0.3457134420221497
09-25,1.1773767471313477,0.26979255676269354,-0.156158447265625,1.1466350555419922,-1.0925674438476598,0.8733844757080078,-3.93015289306641,0.04073047637939453,2.01837158203125,-0.44471645355224787,-0.030000686645506036,6.0,5.0,11-09,-0.011573184620251163
09-26,1.0107641220092773,0.26979255676269354,-0.156158447265625,1.1466350555419922,-1.0925674438476598,0.8733844757080078,-3.93015289306641,0.04073047637939453,2.01837158203125,-0.44471645355224787,-0.030000686645506036,6.0,5.0,11-10,-0.026719786904075737
09-27,1.0107641220092773,0.26979255676269354,-0.156158447265625,1.1466350555419922,-1.4361438751220703,0.8733844757080078,-3.64980506896973,0.04073047637939453,2.01837158203125,-0.44471645355224787,0.10999965667724432,7.0,4.0,11-11,-0.019740538163619415
09-28,1.2884492874145508,0.26979255676269354,-0.5059490203857422,1.1466350555419922,-1.0032405853271484,0.8733844757080078,-3.64980506896973,0.04073047637939453,2.01837158203125,-0.44471645355224787,0.10999965667724432,7.0,4.0,11-12,0.013059269298205868
09-29,1.2884492874145508,0.1700878143310529,-0.5059490203857422,0.22932052612304688,-1.0032405853271484,0.8733844757080078,-3.64980506896973,0.04073047637939453,2.01837158203125,-0.44471645355224787,0.10999965667724432,7.0,4.0,11-13,-0.0793970281427565
09-30,1.2884492874145508,0.1700878143310529,-0.5059490203857422,0.22932052612304688,-1.0032405853271484,0.8733844757080078,-3.64980506896973,0.28390216827392933,1.7902069091796875,-0.44471645355224787,0.10999965667724432,7.0,4.0,11-14,-0.07803275368430446
10-01,1.1496086120605469,0.463340759277342,-0.14622688293457387,-0.013101577758792615,0.4054222106933594,0.8733844757080078,-3.64980506896973,0.28390216827392933,1.7902069091796875,-0.44471645355224787,0.36999988555908025,7.0,4.0,11-15,0.09836500341241897
10-02,1.1496086120605469,0.463340759277342,0.16609001159667258,-0.013101577758792615,0.4054222106933594,1.1309452056884766,-3.64980506896973,0.28390216827392933,1.7902069091796875,-0.44471645355224787,0.36999988555908025,8.0,3.0,11-16,0.15017206018621126
10-03,1.1773767471313477,0.5982379913330078,0.16609001159667258,-0.013101577758792615,0.4054222106933594,1.1309452056884766,-3.64980506896973,1.574193000793457,1.7902069091796875,-0.44471645355224787,0.36999988555908025,8.0,3.0,11-17,0.2822589874267562
10-04,1.1773767471313477,0.5161285400390607,0.16609001159667258,0.25271797180175426,0.4054222106933594,1.1309452056884766,-3.64980506896973,1.574193000793457,1.7902069091796875,-0.28478813171386896,0.36999988555908025,9.0,2.0,11-18,0.3134988437999361
10-05,1.1773767471313477,0.5161285400390607,0.10362815856933238,-0.012439727783206678,0.4054222106933594,1.1309452056884766,-3.64980506896973,1.574193000793457,1.7902069091796875,-0.28478813171386896,0.36999988555908025,8.0,3.0,11-19,0.2837152481079087
10-06,1.1773767471313477,0.5161285400390607,0.10362815856933238,-0.012439727783206678,0.4054222106933594,1.1309452056884766,-3.64980506896973,1.574193000793457,2.050065040588379,-0.28478813171386896,0.36999988555908025,8.0,3.0,11-20,0.30733871459960793
10-07,1.1773767471313477,0.7482967376708949,0.10362815856933238,-0.012439727783206678,0.4054222106933594,1.1309452056884766,-3.64980506896973,1.574193000793457,2.050065040588379,-0.28478813171386896,0.36999988555908025,8.0,3.0,11-21,0.3284449143843201
10-08,1.1773767471313477,0.7482967376708949,0.10362815856933238,0.060483932495113635,0.4054222106933594,0.6184654235839844,-3.64980506896973,1.574193000793457,2.050065040588379,-0.28478813171386896,0.36999988555908025,9.0,2.0,11-22,0.28848526694557725
10-09,1.1773767471313477,0.7482967376708949,0.12861251831054332,0.13910484313964844,0.32295989990234375,0.6184654235839844,-3.64980506896973,1.574193000793457,0.22475528717041016,-0.28478813171386896,0.36999988555908025,9.0,2.0,11-23,0.12447010387073734
10-10,1.397348403930664,0.7482967376708949,0.32224273681639914,0.13910484313964844,0.32295989990234375,0.6184654235839844,-3.64980506896973,1.574193000793457,0.22475528717041016,-0.28478813171386896,0.36999988555908025,9.0,2.0,11-24,0.16207027435302573
10-11,1.397348403930664,0.7482967376708949,0.32224273681639914,0.13910484313964844,0.32295989990234375,0.6184654235839844,-3.64980506896973,1.574193000793457,0.22475528717041016,-0.28478813171386896,0.36999988555908025,9.0,2.0,11-25,0.16207027435302573
10-12,1.397348403930664,0.7482967376708949,0.32849311828612926,0.13910484313964844,-0.2886066436767578,0.6184654235839844,-3.64980506896973,1.574193000793457,0.18087768554687322,-0.28478813171386896,0.36999988555908025,8.0,3.0,11-26,0.10305265946821587
10-13,1.397348403930664,0.7482967376708949,0.32849311828612926,0.13910484313964844,-0.2886066436767578,0.6184654235839844,-3.64980506896973,1.574193000793457,0.18087768554687322,-0.28478813171386896,0.36999988555908025,8.0,3.0,11-27,0.10305265946821587
10-14,1.397348403930664,0.7482967376708949,0.32849311828612926,0.13910484313964844,-0.4122943878173828,0.6184654235839844,-3.64980506896973,1.574193000793457,0.18087768554687322,-0.28478813171386896,0.36999988555908025,8.0,3.0,11-28,0.09180831909179542
10-15,1.397348403930664,0.7482967376708949,0.32849311828612926,-0.10331916809082031,-0.4122943878173828,0.6184654235839844,-3.64980506896973,1.574193000793457,0.18087768554687322,-0.28478813171386896,0.14000034332275035,7.0,4.0,11-29,0.048860723322086456
10-16,1.397348403930664,0.7482967376708949,0.29101371765136363,-0.7192363739013672,-0.4122943878173828,0.25756072998046875,-3.64980506896973,1.574193000793457,-0.21338939666748047,0.1599283218383789,0.14000034332275035,7.0,4.0,11-30,-0.03876217928799845
10-17,1.397348403930664,0.4558486938476545,0.29101371765136363,-0.8437290191650391,-0.4122943878173828,0.25756072998046875,-3.64980506896973,1.574193000793457,-0.21338939666748047,0.1599283218383789,0.14000034332275035,7.0,4.0,12-01,-0.07666587829589956
10-18,0.4643077850341797,0.07461738586425959,0.29101371765136363,-0.8437290191650391,-0.4122943878173828,0.25756072998046875,-3.64980506896973,1.574193000793457,-0.21338939666748047,0.1599283218383789,0.14000034332275035,7.0,4.0,12-02,-0.1961451443758886
10-19,0.2865896224975586,0.07461738586425959,0.4409255981445277,-0.8437290191650391,-0.4122943878173828,0.25756072998046875,-3.64980506896973,1.574193000793457,-0.21338939666748047,0.1599283218383789,0.14000034332275035,7.0,4.0,12-03,-0.19867298819802104
10-20,0.2865896224975586,0.07461738586425959,0.46946907043457387,-0.8437290191650391,-0.4122943878173828,0.25756072998046875,-3.64980506896973,1.574193000793457,-0.21338939666748047,0.1599283218383789,0.14000034332275035,7.0,4.0,12-04,-0.19607812708074412
10-21,0.2865896224975586,0.07461738586425959,0.46946907043457387,-0.8437290191650391,-0.1443023681640625,0.25756072998046875,-3.64980506896973,1.574193000793457,-0.21338939666748047,0.1599283218383789,0.14000034332275035,7.0,4.0,12-05,-0.17171521620316954
10-22,-0.01886177062988459,0.07461738586425959,0.46946907043457387,-0.8437290191650391,-0.1443023681640625,0.25756072998046875,-3.64980506896973,1.574193000793457,-0.21338939666748047,0.1599283218383789,0.14000034332275035,6.0,5.0,12-06,-0.19948352466930075
10-23,0.4895648956298828,0.07461738586425959,0.46946907043457387,-0.8437290191650391,-0.37793540954589844,0.05999946594238281,-3.64980506896973,1.574193000793457,-0.21338939666748047,0.1599283218383789,0.14000034332275035,7.0,4.0,12-07,-0.1924624009565875
10-24,0.4895648956298828,0.07461738586425959,0.5819034576416016,-0.8437290191650391,-0.37793540954589844,0.05999946594238281,-3.64980506896973,1.574193000793457,-0.21338939666748047,0.1599283218383789,0.14000034332275035,7.0,4.0,12-08,-0.18224109302867592
10-25,0.4895648956298828,0.07461738586425959,0.5819034576416016,-1.7717933654785156,-0.37793540954589844,0.05999946594238281,-3.64980506896973,1.574193000793457,-0.21338939666748047,0.1599283218383789,0.14000034332275035,7.0,4.0,12-09,-0.2666105790571738
10-26,0.4895648956298828,0.07461738586425959,0.5819034576416016,-1.7717933654785156,-0.37793540954589844,0.05999946594238281,-3.64980506896973,1.574193000793457,-0.21338939666748047,0.1599283218383789,0.14000034332275035,7.0,4.0,12-10,-0.2666105790571738
10-27,0.4895648956298828,0.07461738586425959,0.5819034576416016,-1.7717933654785156,-0.8210296630859375,0.05999946594238281,-3.64980506896973,1.574193000793457,-0.21338939666748047,0.1599283218383789,0.14000034332275035,7.0,4.0,12-11,-0.30689187483354097
10-28,0.4895648956298828,0.07461738586425959,0.5819034576416016,-1.7717933654785156,-0.4314918518066406,0.05999946594238281,-3.64980506896973,1.574193000793457,-0.21338939666748047,0.1599283218383789,0.14000034332275035,7.0,4.0,12-12,-0.27147934653542305
10-29,0.4895648956298828,0.07461738586425959,1.5128803253173793,-1.9110031127929723,-0.4314918518066406,0.05999946594238281,-3.64980506896973,1.574193000793457,-0.21338939666748047,0.1599283218383789,0.14000034332275035,7.0,4.0,12-13,-0.1995005174116666
10-30,0.4895648956298828,0.07461738586425959,1.5128803253173793,-1.9110031127929723,-0.4314918518066406,0.05999946594238281,-3.64980506896973,1.574193000793457,0.1727342605590838,0.1599283218383789,0.14000034332275035,8.0,3.0,12-14,-0.16439836675470623
10-31,0.4895648956298828,0.07461738586425959,1.5128803253173793,-1.9110031127929723,-0.4314918518066406,0.05999946594238281,-3.64980506896973,1.574193000793457,0.2517137527465838,0.1599283218383789,0.14000034332275035,8.0,3.0,12-15,-0.15721841291947894
11-01,0.4895648956298828,0.07461738586425959,1.5128803253173793,-1.9110031127929723,-0.4314918518066406,0.05999946594238281,-3.64980506896973,1.5334625244140625,-0.3625736236572248,0.1599283218383789,0.14000034332275035,7.0,4.0,12-16,-0.2167654904452247
11-02,0.23509979248046875,0.07461738586425959,1.2342185974121058,-1.9110031127929723,-0.4384498596191406,0.05999946594238281,-3.64980506896973,1.5334625244140625,-0.3625736236572248,0.1599283218383789,0.14000034332275035,7.0,4.0,12-17,-0.26586411216042355
11-03,-0.48687744140625,0.07461738586425959,1.2342185974121058,-1.9110031127929723,-0.4384498596191406,0.05999946594238281,-3.64980506896973,2.087629318237301,-0.3625736236572248,0.1599283218383789,0.14000034332275035,6.0,5.0,12-18,-0.28111960671164904
11-04,-0.48687744140625,0.07461738586425959,1.132888793945309,-1.9110031127929723,-0.4384498596191406,0.05999946594238281,-3.64980506896973,2.087629318237301,-0.3625736236572248,0.1599283218383789,0.14000034332275035,6.0,5.0,12-19,-0.29033140702681237
11-05,-0.48687744140625,0.07461738586425959,1.132888793945309,-1.9110031127929723,-0.5827541351318324,0.05999946594238281,0.2803478240966797,2.087629318237301,-0.3625736236572248,0.1599283218383789,0.14000034332275035,7.0,4.0,12-20,0.053836649114434726
11-06,-0.99884033203125,0.07461738586425959,0.8205776214599609,-1.9110031127929723,-0.5827541351318324,0.05999946594238281,0.2803478240966797,2.087629318237301,-0.3625736236572248,0.1599283218383789,0.14000034332275035,7.0,4.0,12-21,-0.021097356622869642
11-07,-0.99884033203125,0.07461738586425959,0.8205776214599609,-1.9110031127929723,-0.23917770385742188,0.05999946594238281,0.2803478240966797,2.087629318237301,-0.3625736236572248,0.1599283218383789,0.0,6.0,5.0,12-22,-0.0025904395363550814
11-08,-0.99884033203125,0.07461738586425959,1.1703681945800781,-1.9110031127929723,-0.8390274047851562,0.05999946594238281,0.2803478240966797,2.087629318237301,-0.3625736236572248,0.1599283218383789,0.0,6.0,5.0,12-23,-0.025323087518865736
11-09,-0.99884033203125,0.07461738586425959,1.1703681945800781,-0.993688583374027,-0.8390274047851562,0.05999946594238281,0.0,2.087629318237301,-0.3625736236572248,0.1599283218383789,0.0,5.0,6.0,12-24,0.032582976601340234
11-10,-1.2765254974365234,0.07461738586425959,1.1703681945800781,-0.993688583374027,-0.8390274047851562,0.05999946594238281,0.0,1.8444576263427663,-0.1344089508056623,0.1599283218383789,0.0,5.0,6.0,12-25,0.0059745961969542545
11-11,-1.1376848220825195,0.07461738586425959,1.1703681945800781,-0.6688690185546875,-0.8390274047851562,0.05999946594238281,0.0,1.8444576263427663,-0.1344089508056623,0.9788351058959943,0.0,5.0,6.0,12-26,0.1225715983997687
11-12,-1.1376848220825195,0.07461738586425959,1.1703681945800781,-0.6688690185546875,-0.8390274047851562,-0.19756126403808594,0.0,1.5715103149414027,-0.1344089508056623,0.9788351058959943,0.0,4.0,7.0,12-27,0.07434359463778394
11-13,-1.1654529571533203,0.07461738586425959,0.8106460571289098,-0.6688690185546875,-0.8390274047851562,-0.19756126403808594,0.0,1.5715103149414027,-0.1344089508056623,0.9788351058959943,0.0,4.0,7.0,12-28,0.03911720622669583
11-14,-1.1654529571533203,0.07461738586425959,0.8106460571289098,-0.9346885681152344,-0.8390274047851562,-0.19756126403808594,0.0,1.5715103149414027,-0.1344089508056623,0.8189067840576154,0.0,4.0,7.0,12-29,0.00041285428133893987
11-15,-1.1654529571533203,-0.06624889373779297,0.8106460571289098,-0.6695308685302734,-0.8390274047851562,-0.19756126403808594,0.0,0.281219482421875,-0.1344089508056623,0.8189067840576154,0.0,3.0,8.0,12-30,-0.10558709231289919
11-16,-0.37378311157226385,-0.06624889373779297,0.6903190612793004,-0.6695308685302734,-0.8390274047851562,-0.19756126403808594,0.0,0.281219482421875,-0.3942670822143537,0.8189067840576154,0.0,3.0,8.0,12-31,-0.06817939064719412
11-17,-0.37378311157226385,-0.29841709136962713,0.6903190612793004,-0.6695308685302734,-0.8390274047851562,-0.19756126403808594,0.0,0.281219482421875,-0.3942670822143537,0.8189067840576154,0.0,3.0,8.0,01-01,-0.08928559043190631
11-18,-0.37378311157226385,-0.29841709136962713,0.6903190612793004,-0.6695308685302734,-0.8390274047851562,-0.19756126403808594,0.0,0.281219482421875,-0.3942670822143537,0.8189067840576154,0.0,3.0,8.0,01-02,-0.08928559043190631
11-19,-0.37378311157226385,-0.29841709136962713,0.8423099517822301,-0.6695308685302734,-0.8390274047851562,-0.19756126403808594,0.0,0.198511123657223,-1.2276039123535138,0.8189067840576154,0.0,3.0,7.0,01-03,-0.1587450721047138
11-20,-0.5937547683715803,-0.29841709136962713,0.8423099517822301,-0.7424545288085938,-0.8390274047851562,-0.19756126403808594,0.0,0.198511123657223,-1.2276039123535138,0.8189067840576154,0.0,3.0,7.0,01-04,-0.1853719191117717
11-21,-0.5937547683715803,-0.29841709136962713,0.8423099517822301,-0.7424545288085938,-0.6233901977539062,-0.13170433044433594,0.0,0.198511123657223,-1.2276039123535138,0.8189067840576154,0.0,3.0,7.0,01-05,-0.15978154269131714
11-22,-0.6220283508300781,-0.29841709136962713,0.8423099517822301,-0.5767269134521449,0.04382514953613281,-0.13170433044433594,0.0,0.198511123657223,-1.2276039123535138,0.8189067840576154,0.0,4.0,6.0,01-06,-0.08662978085604532
11-23,-0.6220283508300781,-0.29841709136962713,0.8423099517822301,-0.5767269134521449,0.04382514953613281,-0.13170433044433594,0.0,0.198511123657223,-1.2276039123535138,0.8189067840576154,0.0,4.0,6.0,01-07,-0.08662978085604532
11-24,-0.6220283508300781,-0.29841709136962713,0.8423099517822301,-0.5767269134521449,-0.4291858673095703,-0.8560848236083984,0.0,0.198511123657223,-1.2276039123535138,0.8189067840576154,0.0,3.0,7.0,01-08,-0.19548355449329674
11-25,-0.6220283508300781,-0.29841709136962713,0.5256557464599645,-0.5767269134521449,-0.3596267700195277,-0.8560848236083984,0.0,0.198511123657223,-1.2276039123535138,0.8189067840576154,0.0,3.0,7.0,01-09,-0.21794674613258974
11-26,-0.6220283508300781,-0.29841709136962713,0.5256557464599645,-0.5767269134521449,-0.3596267700195277,-0.8560848236083984,0.0,0.198511123657223,-1.2276039123535138,0.8189067840576154,0.0,3.0,7.0,01-10,-0.21794674613258974
11-27,-0.6220283508300781,-0.29841709136962713,0.5256557464599645,-0.5767269134521449,-0.3596267700195277,-0.8560848236083984,0.0,0.6616935729980469,-1.2276039123535138,0.8189067840576154,0.0,3.0,7.0,01-11,-0.17583925073796938
11-28,-0.6220283508300781,-0.29841709136962713,0.5256557464599645,-0.5767269134521449,-0.3596267700195277,-0.8560848236083984,0.0,0.6616935729980469,-0.8333368301391602,0.8189067840576154,0.0,3.0,7.0,01-12,-0.1399967887184827
11-29,-0.8482189178466797,-0.005969047546386719,0.5256557464599645,-0.5767269134521449,-0.3596267700195277,-0.8560848236083984,0.0,0.6616935729980469,-0.8333368301391602,0.8189067840576154,0.0,3.0,7.0,01-13,-0.133973381736061
11-30,0.08482170104980469,-0.005969047546386719,0.2659950256347621,-0.5767269134521449,-0.3596267700195277,-1.0390129089355504,0.0,0.6616935729980469,-0.8333368301391602,0.8189067840576154,0.0,4.0,6.0,01-14,-0.08938685330477644
12-01,0.08482170104980469,-0.005969047546386719,0.2659950256347621,-0.5767269134521449,-0.3596267700195277,-0.8707199096679652,0.0,0.6616935729980469,-0.8333368301391602,0.8189067840576154,0.0,4.0,6.0,01-15,-0.07408748973499596
12-02,0.08482170104980469,-0.005969047546386719,0.4939918518066371,-0.5767269134521449,-0.3596267700195277,-0.8707199096679652,0.0,0.6616935729980469,-0.8333368301391602,0.8189067840576154,0.0,4.0,6.0,01-16,-0.05336050553755278
12-03,-0.39583492279052734,-0.005969047546386719,0.4939918518066371,-0.8617763519287109,-0.3596267700195277,-0.6731586456298793,0.0,0.6616935729980469,-0.8333368301391602,0.8189067840576154,0.0,3.0,7.0,01-17,-0.10501003265380843
12-04,-0.39583492279052734,0.4118165969848633,0.4939918518066371,-0.8617763519287109,-0.3596267700195277,-0.6731586456298793,0.0,0.6616935729980469,-0.8333368301391602,0.8189067840576154,0.0,4.0,6.0,01-18,-0.06702951951460388
12-05,-0.39583492279052734,0.4595623016357404,0.4939918518066371,0.06628799438476562,-0.3596267700195277,-0.6731586456298793,0.0,1.0504341125488281,-0.8333368301391602,0.8189067840576154,0.0,5.0,5.0,01-19,0.0570205341685902
12-06,-0.39583492279052734,0.28647708892822266,0.4939918518066371,0.06628799438476562,-0.3596267700195277,-0.6731586456298793,0.0,1.0504341125488281,-0.8333368301391602,0.8189067840576154,0.0,5.0,5.0,01-20,0.04128551483154313
12-07,-0.39583492279052734,0.28647708892822266,0.4939918518066371,0.06628799438476562,-0.3596267700195277,-0.6731586456298793,0.0,1.0504341125488281,-0.8333368301391602,0.8189067840576154,0.0,5.0,5.0,01-21,0.04128551483154313
12-08,-0.39583492279052734,0.28647708892822266,0.4939918518066371,0.06628799438476562,-0.3596267700195277,-0.6731586456298793,0.0,1.0504341125488281,-0.8333368301391602,0.8189067840576154,0.0,5.0,5.0,01-22,0.04128551483154313
12-09,-0.39583492279052734,0.1850175857543963,0.4939918518066371,0.09943389892578125,0.08346748352051137,-0.6731586456298793,0.0,1.0504341125488281,-0.8333368301391602,0.8189067840576154,0.0,6.0,4.0,01-23,0.07535648345947298
12-10,-0.4241085052490252,-0.08952617645263672,0.4939918518066371,-0.03977775573730469,-0.3060703277587855,-0.6731586456298793,0.0,1.0504341125488281,-0.8333368301391602,0.8189067840576154,0.0,3.0,7.0,01-24,-0.0002404993230646307
12-11,-0.39583492279052734,0.011939048767088067,-0.4369850158691406,0.09943199157715199,-0.3060703277587855,-0.6731586456298793,0.0,1.0504341125488281,-0.8333368301391602,0.8189067840576154,0.0,4.0,6.0,01-25,-0.060424891385164485
12-12,-0.39583492279052734,-0.08355903625488459,-0.4369850158691406,0.09943199157715199,-0.3060703277587855,-0.6731586456298793,0.0,1.0504341125488281,-0.8333368301391602,0.8189067840576154,0.0,3.0,7.0,01-26,-0.0691065354780711
12-13,-0.39583492279052734,-0.10146331787109375,-0.1583232879638672,0.11932182312011719,-0.2991123199462855,-0.6731586456298793,0.0,1.0504341125488281,-0.8333368301391602,0.8189067840576154,0.0,3.0,7.0,01-27,-0.042960600419477496
12-14,-0.39583492279052734,-0.10146331787109375,-0.1583232879638672,0.09943199157715199,-0.2991123199462855,-0.6731586456298793,0.0,0.4962673187255895,-0.8333368301391602,0.8189067840576154,0.0,3.0,7.0,01-28,-0.09514756636185967
12-15,-0.14136981964111328,-0.10146331787109375,-0.05699348449707031,0.09943199157715199,-0.2991123199462855,-0.6731586456298793,0.0,0.4962673187255895,-0.8333368301391602,0.8189067840576154,0.0,3.0,7.0,01-29,-0.06280257485129503
12-16,-0.14136981964111328,0.23276138305664062,-0.05699348449707031,0.09943199157715199,-0.2991123199462855,-0.6731586456298793,0.0,0.4962673187255895,-0.8333368301391602,0.8189067840576154,0.0,4.0,6.0,01-30,-0.03241851113059191
12-17,0.537205696105957,0.08355236053466797,0.3546581268310547,0.09943199157715199,-0.2991123199462855,-0.6731586456298793,0.0,0.4962673187255895,-0.8333368301391602,0.8189067840576154,0.0,6.0,4.0,01-31,0.05312858928333742
12-18,0.537205696105957,0.08355236053466797,0.3546581268310547,0.09943199157715199,-0.2991123199462855,-0.6731586456298793,0.0,0.4962673187255895,-0.8333368301391602,0.8189067840576154,0.0,6.0,4.0,02-01,0.05312858928333742
12-19,0.537205696105957,0.08355236053466797,0.3546581268310547,0.09943199157715199,-0.132165908813473,-0.6731586456298793,0.0,0.4962673187255895,-0.8333368301391602,0.8189067840576154,0.0,6.0,4.0,02-02,0.06830553574995674
12-20,0.537205696105957,0.08355236053466797,0.3546581268310547,0.09943199157715199,-0.132165908813473,-0.6731586456298793,0.0,0.4962673187255895,-0.8333368301391602,0.8189067840576154,0.0,6.0,4.0,02-03,0.06830553574995674
12-21,0.6502981185913068,0.08355236053466797,0.3546581268310547,-0.2253875732421875,-0.132165908813473,-0.6731586456298793,0.0,0.4962673187255895,-0.8333368301391602,0.0,0.0,4.0,6.0,02-04,-0.025388457558370995
12-22,0.6502981185913068,0.08355236053466797,0.3546581268310547,-0.2253875732421875,0.5425758361816406,-0.6731586456298793,0.0,0.7692146301269531,-0.8333368301391602,0.0,0.0,5.0,5.0,02-05,0.06076509302312694
12-23,0.6502981185913068,0.08355236053466797,0.3546581268310547,-0.3248195648193395,0.5425758361816406,-0.6731586456298793,0.0,0.7692146301269531,-0.8333368301391602,0.0,0.0,5.0,5.0,02-06,0.051725821061567666
12-24,0.6502981185913068,0.6684484481811541,0.3546581268310547,-0.2253875732421875,0.5425758361816406,-0.6731586456298793,0.0,0.7692146301269531,-0.8333368301391602,0.0,0.0,5.0,5.0,02-07,0.11393746462735295
12-26,0.6502981185913068,0.6684484481811541,0.3546581268310547,-0.2253875732421875,0.5425758361816406,-0.6731586456298793,0.0,0.7692146301269531,-0.8333368301391602,0.0,0.0,5.0,5.0,02-09,0.11393746462735295
12-27,0.6502981185913068,0.6684484481811541,0.47498512268066406,-0.2253875732421875,0.4312744140625,-0.6731586456298793,0.0,0.7692146301269531,-0.8333368301391602,0.0,0.0,5.0,5.0,02-10,0.11475797133012283
12-28,0.6502981185913068,0.6744174957275408,0.652313232421875,0.1922454833984375,0.5008392333984375,-0.7390079498291016,0.0,0.7692146301269531,0.08960628509521307,0.0,0.0,7.0,3.0,02-11,0.253629684448242
12-29,-0.14137172698974965,0.6744174957275408,0.5003223419189453,0.033145904541015625,0.5008392333984375,-0.7390079498291016,0.0,0.8519229888916051,0.9229431152343732,0.0,0.0,6.0,4.0,02-12,0.23665558208118787
12-30,-0.14137172698974965,0.6744174957275408,0.5003223419189453,0.033145904541015625,0.5008392333984375,-0.7390079498291016,0.0,0.8519229888916051,0.9229431152343732,0.0,0.0,6.0,4.0,02-13,0.23665558208118787
12-31,-0.14137172698974965,0.6744174957275408,0.28499794006347656,0.033145904541015625,0.2852020263671875,-0.8048648834228516,0.0,0.8519229888916051,0.9229431152343732,0.0,0.0,6.0,4.0,02-14,0.19149026003750888
