,2009,2010,2011,2012,2013,2014,2015,2016,2017,2018,2019,2020,ups,downs,end_day_sum,avg
01-02,0.0,0.0,0.0,0.0,0.0,0.0,0.0,0.0,0.8500003814697266,0.0,0.25,0.15000057220458984,3.0,9.0,02-16,0.10416674613952637
01-03,0.0,0.0,0.0,0.0,0.0,0.0,0.0,0.0,0.8500003814697266,0.0,0.25,0.15000057220458984,3.0,9.0,02-17,0.10416674613952637
01-04,0.0,0.0,0.0,0.0,0.0,0.0,0.0,0.0,0.8500003814697266,0.0,0.25,0.15000057220458984,3.0,9.0,02-18,0.10416674613952637
01-05,0.0,0.0,0.0,0.0,0.0,0.0,0.0,0.0,0.8500003814697266,0.0,0.25,0.15000057220458984,3.0,9.0,02-19,0.10416674613952637
01-06,0.0,0.0,0.0,0.0,0.0,0.0,0.0,0.0,0.8500003814697266,0.0,0.25,0.15000057220458984,3.0,9.0,02-20,0.10416674613952637
01-07,0.0,0.0,0.0,0.0,0.0,0.0,0.0,0.0,0.8500003814697266,0.0,0.25,0.15000057220458984,3.0,9.0,02-21,0.10416674613952637
01-08,0.0,0.0,0.0,0.0,0.0,0.0,0.0,0.0,0.8500003814697266,0.0,0.25,0.15000057220458984,3.0,9.0,02-22,0.10416674613952637
01-09,0.0,0.0,0.0,0.0,0.0,0.0,0.0,0.0,0.8500003814697266,0.0,0.25,0.15000057220458984,3.0,9.0,02-23,0.10416674613952637
01-10,-4.0,0.0,0.0,0.0,0.0,0.0,0.0,0.0,0.8500003814697266,0.0,0.25,0.10000038146972656,3.0,9.0,02-24,-0.23333326975504556
01-11,-4.0,0.0,0.0,0.0,0.0,0.0,0.0,0.0,0.8500003814697266,0.0,0.25,-0.6499996185302734,2.0,10.0,02-25,-0.2958332697550456
01-12,-4.0,0.0,0.0,0.0,0.0,0.0,0.0,0.0,0.8500003814697266,0.0,0.25,-0.6499996185302734,2.0,10.0,02-26,-0.2958332697550456
01-13,-4.0,0.0,0.0,0.0,0.0,0.0,0.0,0.0,0.8500003814697266,0.0,0.36999988555908203,-0.6499996185302734,2.0,10.0,02-27,-0.28583327929178876
01-14,-4.0,0.0,0.0,0.0,0.0,0.0,0.0,0.0,0.8500003814697266,0.0,0.36999988555908203,-0.6499996185302734,2.0,10.0,02-28,-0.28583327929178876
01-15,-4.0,0.0,0.0,0.0,0.0,0.0,0.0,0.0,0.8500003814697266,0.0,0.36999988555908203,-0.6499996185302734,2.0,10.0,02-29,-0.28583327929178876
01-16,-4.0,0.0,0.0,0.0,0.0,0.0,0.0,0.0,0.8500003814697266,0.0,0.36999988555908203,-0.6499996185302734,2.0,10.0,03-01,-0.28583327929178876
01-17,-4.0,0.0,0.0,0.0,0.0,0.0,0.0,0.0,0.8500003814697266,0.0,0.36999988555908203,-0.6499996185302734,2.0,10.0,03-02,-0.28583327929178876
01-18,-4.0,0.0,0.0,0.0,0.0,0.0,0.0,0.0,0.8500003814697266,0.0,-0.029999732971191406,-1.4299993515014648,1.0,11.0,03-03,-0.38416655858357746
01-19,-4.0,0.0,0.0,0.0,0.0,0.0,0.0,0.0,0.8500003814697266,0.0,-0.029999732971191406,-1.4299993515014648,1.0,11.0,03-04,-0.38416655858357746
01-20,-4.0,0.0,0.0,0.0,0.0,0.0,0.0,0.0,0.8500003814697266,0.0,-0.029999732971191406,-1.4299993515014648,1.0,11.0,03-05,-0.38416655858357746
01-21,-4.0,0.0,0.0,0.0,0.0,0.0,0.0,0.0,0.8500003814697266,0.0,-0.029999732971191406,-0.5,1.0,11.0,03-06,-0.30666661262512207
01-22,-4.0,0.0,0.0,0.0,0.0,0.0,0.0,0.0,0.8500003814697266,0.0,-0.029999732971191406,-0.5,1.0,11.0,03-07,-0.30666661262512207
01-23,-4.0,0.0,0.0,0.0,0.0,0.0,0.0,0.0,0.8500003814697266,0.0,-0.029999732971191406,-0.40000057220458984,1.0,11.0,03-08,-0.2983333269755046
01-24,-4.0,0.0,0.0,0.0,0.0,0.0,0.0,0.0,0.8500003814697266,0.0,-0.029999732971191406,-0.40000057220458984,1.0,11.0,03-09,-0.2983333269755046
01-25,-4.0,0.0,0.0,0.0,0.0,0.0,0.0,0.0,0.8500003814697266,0.0,-0.029999732971191406,-0.40000057220458984,1.0,11.0,03-10,-0.2983333269755046
01-26,-4.0,0.0,0.0,0.0,0.0,0.0,0.0,0.0,0.8500003814697266,0.0,-0.029999732971191406,-0.40000057220458984,1.0,11.0,03-11,-0.2983333269755046
01-27,-4.0,0.0,0.0,0.0,0.0,0.0,0.0,0.0,0.8500003814697266,0.0,-0.029999732971191406,-0.40000057220458984,1.0,11.0,03-12,-0.2983333269755046
01-28,-4.0,0.0,0.0,0.0,0.0,0.0,0.0,0.0,0.8500003814697266,0.0,-0.029999732971191406,-0.40000057220458984,1.0,11.0,03-13,-0.2983333269755046
01-29,-4.0,0.35000038146972656,0.0,0.0,0.0,0.0,0.0,0.0,0.8500003814697266,1.130000114440918,-0.029999732971191406,-0.40000057220458984,3.0,9.0,03-14,-0.17499995231628418
01-30,-4.0,0.35000038146972656,0.0,0.0,0.0,0.0,0.0,0.0,0.8500003814697266,1.130000114440918,-0.029999732971191406,-0.40000057220458984,3.0,9.0,03-15,-0.17499995231628418
01-31,-4.0,0.35000038146972656,0.0,0.0,0.0,0.0,0.0,0.0,0.0,1.130000114440918,-0.029999732971191406,-0.40000057220458984,2.0,10.0,03-16,-0.24583331743876138
02-01,-4.0,0.35000038146972656,0.0,0.0,0.0,0.0,0.0,0.0,0.0,1.130000114440918,-0.14999961853027344,-1.900000572204588,2.0,10.0,03-17,-0.3808333079020181
02-02,-4.0,0.35000038146972656,0.0,0.0,0.0,0.0,0.0,0.0,0.0,1.130000114440918,-0.14999961853027344,-1.900000572204588,2.0,10.0,03-18,-0.3808333079020181
02-03,-4.0,0.35000038146972656,0.0,0.0,0.0,0.0,0.0,0.0,0.0,1.130000114440918,-0.14999961853027344,-1.900000572204588,2.0,10.0,03-19,-0.3808333079020181
02-04,-4.0,0.35000038146972656,0.0,0.0,0.0,0.0,0.0,0.0,0.0,1.130000114440918,-0.14999961853027344,-1.900000572204588,2.0,10.0,03-20,-0.3808333079020181
02-05,-4.0,0.35000038146972656,0.0,0.0,0.0,0.0,0.0,0.0,0.0,1.130000114440918,-0.14999961853027344,-1.900000572204588,2.0,10.0,03-21,-0.3808333079020181
02-06,-4.0,0.35000038146972656,0.0,0.0,0.0,0.0,0.0,0.0,0.0,1.130000114440918,-0.14999961853027344,-1.900000572204588,2.0,10.0,03-22,-0.3808333079020181
02-07,-4.0,0.35000038146972656,0.0,0.0,0.0,0.0,0.0,0.0,0.0,1.130000114440918,-0.14999961853027344,-1.900000572204588,2.0,10.0,03-23,-0.3808333079020181
02-08,-4.0,0.35000038146972656,0.0,0.0,0.0,0.0,0.0,0.0,0.0,1.130000114440918,-0.14999961853027344,-1.900000572204588,2.0,10.0,03-24,-0.3808333079020181
02-09,-4.0,0.35000038146972656,0.0,0.0,0.0,0.0,0.0,0.0,0.0,1.130000114440918,-0.14999961853027344,-1.900000572204588,2.0,10.0,03-25,-0.3808333079020181
02-10,-4.0,0.35000038146972656,0.0,0.0,0.0,0.0,0.0,0.0,0.0,1.130000114440918,0.0,-2.1000003814697266,2.0,10.0,03-26,-0.38499999046325684
02-11,-4.0,0.35000038146972656,0.0,0.0,0.0,0.0,0.0,0.0,0.0,1.130000114440918,0.0,-2.1000003814697266,2.0,10.0,03-27,-0.38499999046325684
02-12,-4.0,0.35000038146972656,0.0,0.0,0.0,0.0,0.0,0.0,0.0,1.130000114440918,0.14999961853027344,-2.1000003814697266,3.0,9.0,03-28,-0.3725000222524007
02-13,-4.0,0.35000038146972656,0.0,0.0,0.0,0.0,0.0,0.0,0.0,1.130000114440918,0.14999961853027344,-2.1000003814697266,3.0,9.0,03-29,-0.3725000222524007
02-14,-4.0,0.35000038146972656,0.0,0.0,0.0,0.0,0.0,0.0,0.0,1.130000114440918,0.14999961853027344,-1.25,3.0,9.0,03-30,-0.3016666571299235
02-15,-4.0,0.35000038146972656,0.0,0.0,0.0,0.0,0.0,0.0,0.0,1.130000114440918,0.14999961853027344,-1.8400001525878906,3.0,9.0,03-31,-0.35083333651224774
02-16,-4.0,0.35000038146972656,0.0,0.0,0.0,0.0,0.0,0.0,0.0,1.079999923706053,0.14999961853027344,-1.8400001525878906,3.0,9.0,04-01,-0.3550000190734865
02-17,0.059999465942386365,0.35000038146972656,0.0,0.0,0.0,0.0,0.0,0.0,0.0,1.079999923706053,0.14999961853027344,-1.8400001525878906,4.0,8.0,04-02,-0.01666673024495428
02-18,0.059999465942386365,0.35000038146972656,0.0,0.0,0.0,0.0,0.0,0.0,0.0,1.079999923706053,0.14999961853027344,-1.8400001525878906,4.0,8.0,04-03,-0.01666673024495428
02-19,0.059999465942386365,0.35000038146972656,0.0,0.0,0.0,0.0,0.0,0.0,0.0,1.079999923706053,0.14999961853027344,-1.8400001525878906,4.0,8.0,04-04,-0.01666673024495428
02-20,4.459999084472656,0.35000038146972656,0.0,0.0,0.0,0.0,0.0,0.0,0.0,1.079999923706053,0.14999961853027344,-1.8400001525878906,4.0,8.0,04-05,0.3499999046325682
02-21,4.680000305175781,0.35000038146972656,0.0,0.0,0.0,0.0,0.0,0.0,0.0,1.079999923706053,0.14999961853027344,-1.0900001525878906,4.0,8.0,04-06,0.43083333969116194
02-22,4.680000305175781,0.35000038146972656,0.0,0.0,0.0,0.0,0.0,0.0,0.0,1.079999923706053,0.14999961853027344,-1.0900001525878906,4.0,8.0,04-07,0.43083333969116194
02-23,4.680000305175781,0.35000038146972656,0.0,0.0,0.0,0.0,0.0,0.0,0.0,1.079999923706053,0.029999732971191406,-1.8500003814697266,4.0,8.0,04-08,0.35749999682108546
02-24,4.680000305175781,0.35000038146972656,0.0,0.0,0.0,0.0,0.0,0.0,0.0,1.079999923706053,0.029999732971191406,-1.8500003814697266,4.0,8.0,04-09,0.35749999682108546
02-25,4.680000305175781,0.35000038146972656,2.3999996185302734,0.0,0.0,0.0,0.0,0.0,0.0,1.079999923706053,-0.36999988555908203,-1.8500003814697266,4.0,8.0,04-10,0.5241666634877521
02-26,4.680000305175781,0.35000038146972656,2.3999996185302734,0.0,0.0,0.0,0.0,0.0,0.0,1.079999923706053,-0.36999988555908203,-1.8500003814697266,4.0,8.0,04-11,0.5241666634877521
02-27,4.680000305175781,0.35000038146972656,2.3999996185302734,0.0,0.0,0.0,0.0,0.0,0.0,1.079999923706053,-0.36999988555908203,-1.8500003814697266,4.0,8.0,04-12,0.5241666634877521
02-28,5.770000457763672,0.35000038146972656,2.3999996185302734,0.0,0.0,0.0,0.0,0.0,0.0,1.079999923706053,-0.36999988555908203,-1.2700004577636719,4.0,8.0,04-13,0.6633333365122476
02-29,0.0,0.0,0.0,0.0,0.0,0.0,0.0,0.0,0.0,0.0,0.0,-1.2700004577636719,0.0,3.0,04-14,-0.10583337148030598
03-01,5.770000457763672,0.35000038146972656,2.3999996185302734,0.0,0.0,0.0,0.0,0.0,0.0,1.079999923706053,-0.36999988555908203,-1.2700004577636719,4.0,8.0,04-15,0.6633333365122476
03-02,5.770000457763672,0.35000038146972656,2.3999996185302734,0.0,0.0,0.0,0.0,0.0,0.0,1.079999923706053,-0.36999988555908203,-1.2700004577636719,4.0,8.0,04-16,0.6633333365122476
03-03,5.770000457763672,0.35000038146972656,2.3999996185302734,0.0,0.0,0.0,0.0,0.0,0.0,1.079999923706053,-0.36999988555908203,-1.2700004577636719,4.0,8.0,04-17,0.6633333365122476
03-04,5.770000457763672,0.35000038146972656,2.3999996185302734,0.0,0.0,0.0,0.0,0.0,0.0,1.079999923706053,-0.36999988555908203,-2.1999998092651367,4.0,8.0,04-18,0.5858333905537921
03-05,5.770000457763672,0.35000038146972656,2.3999996185302734,0.0,0.0,0.0,0.0,0.0,0.0,1.079999923706053,-0.36999988555908203,-2.1999998092651367,4.0,8.0,04-19,0.5858333905537921
03-06,5.770000457763672,0.35000038146972656,2.3999996185302734,0.0,0.0,0.0,0.0,0.0,0.0,1.079999923706053,-0.36999988555908203,-2.1999998092651367,4.0,8.0,04-20,0.5858333905537921
03-07,5.770000457763672,0.35000038146972656,2.3999996185302734,0.0,0.0,0.0,0.0,0.0,0.0,1.079999923706053,-0.36999988555908203,-2.1999998092651367,4.0,8.0,04-21,0.5858333905537921
03-08,5.770000457763672,0.35000038146972656,2.3999996185302734,0.0,0.0,0.0,0.0,0.0,0.0,1.079999923706053,-0.36999988555908203,-2.1999998092651367,4.0,8.0,04-22,0.5858333905537921
03-09,5.770000457763672,0.35000038146972656,2.3999996185302734,0.0,0.0,0.0,0.0,0.0,0.0,1.079999923706053,-0.36999988555908203,-2.1999998092651367,4.0,8.0,04-23,0.5858333905537921
03-10,5.770000457763672,0.35000038146972656,2.3999996185302734,0.0,0.0,0.0,0.0,0.0,0.0,1.079999923706053,-0.36999988555908203,-2.1999998092651367,4.0,8.0,04-24,0.5858333905537921
03-11,5.770000457763672,0.0,2.3999996185302734,0.0,0.0,0.0,0.0,0.0,0.0,1.079999923706053,-0.36999988555908203,-2.1999998092651367,3.0,9.0,04-25,0.5566666920979816
03-12,5.770000457763672,0.0,2.3999996185302734,0.0,0.0,0.0,0.0,0.0,0.0,1.079999923706053,-0.36999988555908203,-2.1999998092651367,3.0,9.0,04-26,0.5566666920979816
03-13,5.770000457763672,0.0,2.3999996185302734,0.0,0.0,0.0,0.0,0.0,0.0,-0.05000019073486506,-0.36999988555908203,-0.6999998092651385,2.0,10.0,04-27,0.5875000158945717
03-14,5.770000457763672,0.0,2.3999996185302734,0.0,0.0,0.0,0.0,0.0,0.0,-0.05000019073486506,-0.25,-0.6999998092651385,2.0,10.0,04-28,0.5975000063578285
03-15,5.770000457763672,0.0,2.3999996185302734,0.0,0.0,0.0,0.0,0.0,0.0,-0.05000019073486506,-0.25,-0.6999998092651385,2.0,10.0,04-29,0.5975000063578285
03-16,5.770000457763672,0.0,2.3999996185302734,0.0,0.0,0.0,0.0,0.0,0.0,-0.05000019073486506,-0.25,-0.6999998092651385,2.0,10.0,04-30,0.5975000063578285
03-17,5.770000457763672,0.0,2.3999996185302734,0.0,0.0,0.0,0.0,0.0,0.0,-0.05000019073486506,-0.25,-0.6999998092651385,2.0,10.0,05-01,0.5975000063578285
03-18,5.770000457763672,0.0,2.3999996185302734,0.0,0.0,0.0,0.0,0.0,0.0,-0.05000019073486506,-0.25,-0.6999998092651385,2.0,10.0,05-02,0.5975000063578285
03-19,5.770000457763672,0.0,2.3999996185302734,0.39999961853027344,0.0,0.0,0.0,0.0,0.0,-0.05000019073486506,-0.25,-0.6999998092651385,3.0,9.0,05-03,0.630833307902018
03-20,5.879999160766602,0.0,2.3999996185302734,0.39999961853027344,0.0,0.0,0.0,0.0,0.0,-0.05000019073486506,-0.25,-0.6999998092651385,3.0,9.0,05-04,0.6399998664855954
03-21,5.879999160766602,0.0,2.3999996185302734,0.39999961853027344,0.0,0.0,0.0,0.0,0.0,-0.05000019073486506,-0.25,-0.6999998092651385,3.0,9.0,05-05,0.6399998664855954
03-22,6.180000305175781,0.0,2.3999996185302734,0.39999961853027344,0.0,0.0,0.0,0.0,0.0,-0.05000019073486506,-0.25,-0.6999998092651385,3.0,9.0,05-06,0.664999961853027
03-23,6.180000305175781,0.0,2.3999996185302734,0.39999961853027344,0.0,0.0,0.0,0.0,0.0,-0.05000019073486506,-0.39999961853027344,-0.050000190734866834,3.0,9.0,05-07,0.7066666285196935
03-24,6.180000305175781,0.0,2.3999996185302734,0.39999961853027344,0.0,0.0,0.0,0.0,0.0,-0.05000019073486506,-0.39999961853027344,0.050000190734861505,4.0,8.0,05-08,0.7149999936421709
03-25,6.180000305175781,0.0,2.3999996185302734,0.39999961853027344,0.0,0.0,0.0,0.0,0.0,-0.05000019073486506,-0.39999961853027344,0.050000190734861505,4.0,8.0,05-09,0.7149999936421709
03-26,6.180000305175781,0.0,2.3999996185302734,0.39999961853027344,0.0,0.0,0.0,0.0,0.0,-0.05000019073486506,-0.39999961853027344,-0.8000001907348651,3.0,9.0,05-10,0.6441666285196938
03-27,6.180000305175781,0.0,2.3999996185302734,0.39999961853027344,0.0,0.0,0.0,0.0,0.0,-0.05000019073486506,-0.39999961853027344,-0.21000003814697443,3.0,9.0,05-11,0.693333307902018
03-28,6.180000305175781,0.0,2.3999996185302734,0.39999961853027344,0.0,0.0,0.0,0.0,0.0,0.0,-0.39999961853027344,-0.06000041961669744,3.0,9.0,05-12,0.7099999586741131
03-29,6.180000305175781,0.0,2.3999996185302734,0.39999961853027344,0.0,0.0,0.0,0.0,0.0,0.0,-0.39999961853027344,-0.06000041961669744,3.0,9.0,05-13,0.7099999586741131
03-30,6.180000305175781,0.0,2.3999996185302734,0.39999961853027344,0.0,0.0,0.0,0.0,0.0,0.0,-0.39999961853027344,-0.06000041961669744,3.0,9.0,05-14,0.7099999586741131
03-31,6.180000305175781,0.0,2.3999996185302734,0.39999961853027344,0.0,0.0,0.0,0.0,0.0,0.0,-0.39999961853027344,-0.21000003814697443,3.0,9.0,05-15,0.6974999904632567
04-01,2.120000839233395,0.0,2.3999996185302734,0.39999961853027344,0.0,0.0,0.0,0.0,0.0,0.0,-0.39999961853027344,-0.21000003814697443,3.0,9.0,05-16,0.3591667016347245
04-02,1.720001220703125,0.0,2.3999996185302734,0.39999961853027344,0.0,0.0,0.0,0.0,0.0,0.0,-0.39999961853027344,-0.21000003814697443,3.0,9.0,05-17,0.32583340009053535
04-03,1.5,0.0,2.3999996185302734,0.39999961853027344,0.0,0.0,0.0,0.0,0.0,0.0,-0.39999961853027344,-0.3600006103515643,3.0,9.0,05-18,0.2949999173482258
04-04,1.5,0.0,2.3999996185302734,0.39999961853027344,0.0,0.0,0.0,0.0,0.0,0.0,-0.39999961853027344,0.39999961853027166,4.0,8.0,05-19,0.3583332697550454
04-05,1.5,0.0,2.3999996185302734,0.39999961853027344,0.0,0.0,0.0,0.0,0.0,0.0,-0.39999961853027344,0.39999961853027166,4.0,8.0,05-20,0.3583332697550454
04-06,1.5,0.0,2.3999996185302734,0.39999961853027344,0.0,0.0,0.0,0.0,0.0,0.0,-0.39999961853027344,0.39999961853027166,4.0,8.0,05-21,0.3583332697550454
04-07,1.5,0.0,0.0,0.39999961853027344,0.0,0.0,0.0,0.0,0.0,0.0,-0.39999961853027344,0.39999961853027166,3.0,9.0,05-22,0.15833330154418931
04-08,1.5,0.0,0.0,0.39999961853027344,0.0,0.0,0.0,0.0,0.0,0.0,-0.39999961853027344,0.39999961853027166,3.0,9.0,05-23,0.15833330154418931
04-09,0.4099998474121094,0.0,0.0,0.39999961853027344,0.0,0.0,0.0,0.0,0.0,0.0,0.0,0.39999961853027166,3.0,9.0,05-24,0.10083325703938788
04-10,0.4099998474121094,0.0,0.0,0.39999961853027344,0.0,0.0,0.0,0.0,0.0,0.0,0.0,0.39999961853027166,3.0,9.0,05-25,0.10083325703938788
04-11,0.4099998474121094,0.0,0.0,0.39999961853027344,0.0,0.0,0.0,0.0,0.0,0.0,0.0,0.39999961853027166,3.0,9.0,05-26,0.10083325703938788
04-12,0.4099998474121094,0.0,0.0,0.39999961853027344,0.0,0.0,-7.949999809265138,0.0,0.0,0.0,0.0,0.39999961853027166,3.0,9.0,05-27,-0.5616667270660403
04-13,0.4099998474121094,0.0,0.0,0.39999961853027344,0.0,0.0,-7.949999809265138,0.0,0.0,0.0,0.0,0.39999961853027166,3.0,9.0,05-28,-0.5616667270660403
04-14,0.9200000762939418,0.0,0.0,0.39999961853027344,0.0,0.0,-7.949999809265138,0.0,0.0,0.0,0.0,0.8999996185302734,3.0,9.0,05-29,-0.4775000413258874
04-15,0.9200000762939418,0.0,0.0,0.39999961853027344,0.0,0.0,-7.949999809265138,0.0,0.0,0.0,0.0,0.8999996185302734,3.0,9.0,05-30,-0.4775000413258874
04-16,0.9200000762939418,0.0,0.0,0.39999961853027344,0.0,0.0,-7.949999809265138,0.0,0.0,0.0,0.0,0.8999996185302734,3.0,9.0,05-31,-0.4775000413258874
04-17,0.9200000762939418,0.0,0.0,0.39999961853027344,0.0,0.0,-7.949999809265138,0.0,0.0,0.0,0.0,0.8900003433227539,3.0,9.0,06-01,-0.4783333142598474
04-18,0.9200000762939418,0.0,0.0,0.39999961853027344,0.0,0.0,-7.949999809265138,0.0,0.0,0.0,0.0,0.8900003433227539,3.0,9.0,06-02,-0.4783333142598474
04-19,0.9799995422363281,0.0,0.0,0.39999961853027344,0.0,0.0,-7.949999809265138,0.0,0.0,0.0,0.0,0.8900003433227539,3.0,9.0,06-03,-0.4733333587646485
04-20,0.8899993896484375,0.0,0.0,0.39999961853027344,0.0,0.0,-7.949999809265138,0.0,0.0,0.0,0.0,0.8900003433227539,3.0,9.0,06-04,-0.4808333714803061
04-21,0.8899993896484375,0.0,0.0,0.39999961853027344,0.0,0.0,-7.949999809265138,0.0,0.0,0.0,0.0,1.0500001907348633,3.0,9.0,06-05,-0.4675000508626303
04-22,0.8899993896484375,0.0,0.0,0.39999961853027344,0.0,0.0,-7.949999809265138,0.0,0.0,0.0,-0.6499996185302734,1.0500001907348633,3.0,9.0,06-06,-0.5216666857401531
04-23,0.8899993896484375,0.0,0.0,0.39999961853027344,0.0,0.0,-7.949999809265138,0.0,0.0,0.0,-0.6499996185302734,1.0500001907348633,3.0,9.0,06-07,-0.5216666857401531
04-24,0.2700004577636719,0.0,0.0,0.39999961853027344,0.0,0.0,-7.949999809265138,0.0,0.0,0.0,-0.6499996185302734,1.0500001907348633,3.0,9.0,06-08,-0.5733332633972169
04-25,0.2700004577636719,0.0,0.0,0.39999961853027344,0.0,0.0,-7.949999809265138,0.0,0.0,0.0,-0.6499996185302734,1.0500001907348633,3.0,9.0,06-09,-0.5733332633972169
04-26,-0.060001373291015625,0.0,0.0,0.39999961853027344,0.0,0.0,-7.949999809265138,0.0,0.0,0.0,-0.6499996185302734,1.0500001907348633,2.0,10.0,06-10,-0.6008334159851074
04-27,-0.060001373291015625,0.0,0.0,0.39999961853027344,0.0,0.0,-11.400000095367432,0.0,0.0,0.0,-0.6499996185302734,1.0500001907348633,2.0,10.0,06-11,-0.8883334398269653
04-28,1.1599998474121094,0.0,0.0,0.39999961853027344,0.0,0.0,-11.400000095367432,0.0,0.0,0.0,-0.6499996185302734,1.0500001907348633,3.0,9.0,06-12,-0.7866666714350382
04-29,1.1599998474121094,0.0,0.0,0.39999961853027344,0.0,0.0,-11.400000095367432,0.5500001907348633,0.0,0.0,-0.6499996185302734,1.0500001907348633,4.0,8.0,06-13,-0.7408333222071329
04-30,1.0500011444091797,0.0,0.0,0.39999961853027344,0.0,0.0,-11.400000095367432,0.5500001907348633,0.0,0.0,-0.6499996185302734,1.0500001907348633,4.0,8.0,06-14,-0.7499998807907104
05-01,1.0500011444091797,0.0,0.0,0.0,0.0,0.0,-11.400000095367432,0.5500001907348633,0.0,-1.5999994277954084,-0.6499996185302734,1.0500001907348633,3.0,9.0,06-15,-0.9166664679845172
05-02,0.75,0.0,0.0,0.0,0.0,0.0,-11.400000095367432,0.5500001907348633,0.0,-1.5999994277954084,-0.6499996185302734,1.0500001907348633,3.0,9.0,06-16,-0.9416665633519489
05-03,0.75,0.0,0.0,0.0,0.0,0.0,-11.400000095367432,0.5500001907348633,0.0,-1.5999994277954084,-0.6499996185302734,1.0500001907348633,3.0,9.0,06-17,-0.9416665633519489
05-04,0.75,0.0,0.0,0.0,0.0,0.0,-11.400000095367432,0.5500001907348633,0.0,-1.5999994277954084,-0.6499996185302734,1.0500001907348633,3.0,9.0,06-18,-0.9416665633519489
05-05,0.8899993896484375,0.0,0.0,0.0,0.0,0.0,-11.400000095367432,0.5500001907348633,0.0,-1.5999994277954084,-0.6499996185302734,0.4000005722045916,3.0,9.0,06-19,-0.9841665824254351
05-06,0.8899993896484375,0.0,0.0,0.0,0.0,0.0,-11.400000095367432,0.5500001907348633,0.0,-1.5999994277954084,-0.6499996185302734,0.5000000000000018,3.0,9.0,06-20,-0.9758332967758175
05-07,0.8899993896484375,-4.0,0.0,0.0,0.0,0.0,-11.400000095367432,0.5500001907348633,0.0,-1.5999994277954084,-0.6499996185302734,0.5000000000000018,3.0,9.0,06-21,-1.3091666301091511
05-08,0.8899993896484375,-4.0,0.0,0.0,0.0,0.0,-11.400000095367432,0.5500001907348633,0.0,-1.5999994277954084,-0.6499996185302734,0.3500003814697248,3.0,9.0,06-22,-1.3216665983200075
05-09,0.8899993896484375,-4.0,0.0,0.0,0.0,0.0,-11.400000095367432,0.5500001907348633,0.0,-1.5999994277954084,-0.6499996185302734,0.3500003814697248,3.0,9.0,06-23,-1.3216665983200075
05-10,0.8899993896484375,-4.0,0.0,0.0,0.0,0.0,-11.400000095367432,0.5500001907348633,0.0,-1.5999994277954084,-0.6499996185302734,0.3500003814697248,3.0,9.0,06-24,-1.3216665983200075
05-11,0.8899993896484375,-4.0,0.0,0.0,0.0,0.0,-11.400000095367432,0.5500001907348633,0.0,-1.5999994277954084,-0.6499996185302734,0.3500003814697248,3.0,9.0,06-25,-1.3216665983200075
05-12,0.8899993896484375,-4.0,0.0,0.0,0.0,0.0,-11.400000095367432,0.5500001907348633,0.0,-1.5999994277954084,-0.6499996185302734,0.3500003814697248,3.0,9.0,06-26,-1.3216665983200075
05-13,0.8899993896484375,-4.0,0.0,0.0,0.0,0.0,-11.400000095367432,0.5500001907348633,0.0,-1.5999994277954084,-0.6499996185302734,0.5000000000000018,3.0,9.0,06-27,-1.3091666301091511
05-14,0.8899993896484375,-4.0,0.0,0.0,0.0,0.0,-11.400000095367432,0.5500001907348633,0.0,-1.5999994277954084,-0.6499996185302734,0.6500005722045916,3.0,9.0,06-28,-1.2966665824254353
05-15,0.8899993896484375,-4.0,0.0,0.0,0.0,0.0,-11.400000095367432,0.5500001907348633,0.0,-1.5999994277954084,-0.6499996185302734,0.6000003814697283,3.0,9.0,06-29,-1.3008332649866738
05-16,0.8899993896484375,-4.0,0.0,0.0,0.0,0.0,-11.400000095367432,0.5500001907348633,0.0,-1.5999994277954084,-0.6499996185302734,0.6000003814697283,3.0,9.0,06-30,-1.3008332649866738
05-17,0.8899993896484375,-4.0,0.0,0.0,0.0,0.0,-11.400000095367432,0.5500001907348633,0.0,-1.5999994277954084,-0.6499996185302734,0.6000003814697283,3.0,9.0,07-01,-1.3008332649866738
05-18,1.5699996948242188,-4.0,0.0,0.0,0.0,0.0,-11.400000095367432,0.5500001907348633,0.0,-1.5999994277954084,-0.6499996185302734,0.6000003814697283,3.0,9.0,07-02,-1.244166572888692
05-19,1.5699996948242188,-4.0,0.0,0.0,0.0,0.0,-11.400000095367432,0.5500001907348633,0.0,-1.5999994277954084,-0.8999996185302734,0.6000003814697283,3.0,9.0,07-03,-1.2649999062220252
05-20,1.5699996948242188,-4.0,0.0,0.0,0.0,0.0,-11.400000095367432,0.5500001907348633,0.0,-1.5999994277954084,-0.8999996185302734,0.6000003814697283,3.0,9.0,07-04,-1.2649999062220252
05-21,1.5699996948242188,-4.0,0.0,0.0,0.0,0.0,-11.400000095367432,0.5500001907348633,0.0,-1.5999994277954084,-0.8999996185302734,0.6000003814697283,3.0,9.0,07-05,-1.2649999062220252
05-22,1.5699996948242188,-4.0,0.0,0.0,0.0,0.0,-3.450000286102294,0.5500001907348633,0.0,-1.5999994277954084,-0.8999996185302734,0.6000003814697283,3.0,9.0,07-06,-0.6024999221165971
05-23,1.5699996948242188,-4.0,0.0,0.0,0.0,0.0,-3.450000286102294,0.5500001907348633,0.0,-1.5999994277954084,-0.8999996185302734,0.6000003814697283,3.0,9.0,07-07,-0.6024999221165971
05-24,1.5699996948242188,-4.0,0.0,0.0,0.0,0.0,-3.450000286102294,0.5500001907348633,0.0,-1.5999994277954084,-0.8999996185302734,0.6000003814697283,3.0,9.0,07-08,-0.6024999221165971
05-25,1.5699996948242188,-4.0,0.0,-0.39999961853027344,0.0,0.0,-3.450000286102294,0.5500001907348633,0.0,-1.5999994277954084,-0.8999996185302734,0.6000003814697283,3.0,9.0,07-09,-0.6358332236607865
05-26,1.5699996948242188,-4.0,0.0,-0.39999961853027344,0.0,0.0,-3.450000286102294,0.5500001907348633,0.0,-1.699999809265135,-0.8999996185302734,0.6000003814697283,3.0,9.0,07-10,-0.6441665887832637
05-27,1.0599994659423864,-4.0,0.0,-0.39999961853027344,0.0,0.0,-3.450000286102294,0.5500001907348633,0.0,-1.699999809265135,-0.8999996185302734,0.10000038146972656,3.0,9.0,07-11,-0.7283332745234166
05-28,1.0599994659423864,-4.0,0.0,-0.39999961853027344,0.0,0.0,-3.450000286102294,0.5500001907348633,0.0,-1.699999809265135,-0.8999996185302734,0.1099996566772461,3.0,9.0,07-12,-0.7275000015894566
05-29,1.0599994659423864,-4.0,0.0,-0.39999961853027344,0.0,0.0,-3.450000286102294,0.5500001907348633,0.0,-1.699999809265135,-0.8999996185302734,0.1099996566772461,3.0,9.0,07-13,-0.7275000015894566
05-30,1.0,-4.0,0.0,-0.39999961853027344,0.0,0.0,-3.450000286102294,0.5500001907348633,0.0,-1.699999809265135,-0.8999996185302734,0.1099996566772461,3.0,9.0,07-14,-0.7324999570846554
05-31,1.0,-4.0,0.0,-0.39999961853027344,0.0,0.0,-3.450000286102294,0.5500001907348633,0.0,-1.699999809265135,-0.8999996185302734,0.1099996566772461,3.0,9.0,07-15,-0.7324999570846554
06-01,1.0,-4.0,0.0,-0.39999961853027344,0.0,0.0,-3.450000286102294,0.5500001907348633,0.0,-1.699999809265135,-0.8999996185302734,0.1099996566772461,3.0,9.0,07-16,-0.7324999570846554
06-02,1.0900001525878906,-4.0,0.0,-0.39999961853027344,0.0,0.0,-3.450000286102294,0.5500001907348633,0.0,-1.699999809265135,-0.8999996185302734,0.21000003814697266,3.0,9.0,07-17,-0.7166665792465207
06-03,1.0900001525878906,-4.0,0.0,-0.39999961853027344,0.0,0.0,-3.450000286102294,0.5500001907348633,0.0,-1.699999809265135,-0.8999996185302734,0.05000019073486328,3.0,9.0,07-18,-0.7299998998641964
06-04,1.7099990844726562,-4.0,0.0,-0.39999961853027344,0.0,0.0,-3.450000286102294,0.5500001907348633,0.0,-1.199999809265135,-0.25,0.05000019073486328,3.0,9.0,07-19,-0.5825000206629433
06-05,1.7099990844726562,-4.0,0.0,-0.39999961853027344,0.0,0.0,-3.450000286102294,0.5500001907348633,0.0,-1.199999809265135,-0.25,0.4499998092651367,3.0,9.0,07-20,-0.5491667191187538
06-06,2.0400009155273438,-4.0,0.0,-0.39999961853027344,0.0,0.0,-3.450000286102294,0.5500001907348633,0.0,-1.199999809265135,-0.25,0.4499998092651367,3.0,9.0,07-21,-0.5216665665308632
06-07,2.0400009155273438,-4.0,0.0,-0.39999961853027344,0.0,0.0,-3.450000286102294,0.5500001907348633,0.0,-1.199999809265135,-0.25,0.14999961853027344,3.0,9.0,07-22,-0.5466665824254352
06-08,2.0400009155273438,-4.0,0.0,-0.39999961853027344,0.0,0.0,-3.450000286102294,0.5500001907348633,0.0,-1.199999809265135,-0.25,0.14999961853027344,3.0,9.0,07-23,-0.5466665824254352
06-09,2.0400009155273438,-4.0,0.0,-0.39999961853027344,0.0,0.0,0.0,0.0,0.0,-1.199999809265135,-0.25,0.14999961853027344,2.0,10.0,07-24,-0.3049999078114826
06-10,0.8199996948242188,-4.0,0.0,-0.39999961853027344,0.0,0.0,0.0,0.0,0.0,-1.199999809265135,-0.25,0.14999961853027344,2.0,10.0,07-25,-0.4066666762034097
06-11,0.8199996948242188,-4.0,0.0,-0.39999961853027344,0.0,0.0,0.0,0.0,0.0,-1.3000001907348615,-0.25,0.14999961853027344,2.0,10.0,07-26,-0.4150000413258869
06-12,0.8199996948242188,-4.0,0.0,-0.39999961853027344,0.0,0.0,0.0,0.0,0.0,-1.3000001907348615,-0.25,0.14999961853027344,2.0,10.0,07-27,-0.4150000413258869
06-13,0.8199996948242188,-4.0,0.0,-0.39999961853027344,0.0,0.0,0.0,0.0,0.0,0.2999992370605469,-0.25,0.14999961853027344,3.0,9.0,07-28,-0.28166675567626953
06-14,3.6999988555908203,-4.0,0.0,-0.39999961853027344,0.0,0.0,0.0,0.0,0.0,0.2999992370605469,-0.25,0.14999961853027344,3.0,9.0,07-29,-0.04166682561238607
06-15,3.6999988555908203,-4.0,0.0,-0.39999961853027344,0.0,0.0,0.0,0.0,0.0,0.2999992370605469,-0.25,0.14999961853027344,3.0,9.0,07-30,-0.04166682561238607
06-16,3.6999988555908203,-4.0,0.0,-0.39999961853027344,0.0,0.0,0.0,0.0,0.0,0.2999992370605469,-0.25,0.14999961853027344,3.0,9.0,07-31,-0.04166682561238607
06-17,3.559999465942383,0.0,0.0,-0.39999961853027344,0.0,0.0,0.0,0.0,0.0,0.2999992370605469,-0.25,0.14999961853027344,3.0,9.0,08-01,0.2799998919169108
06-18,3.559999465942383,0.0,0.0,-0.39999961853027344,0.0,0.0,0.0,0.0,0.0,0.2999992370605469,-0.25,0.14999961853027344,3.0,9.0,08-02,0.2799998919169108
06-19,3.559999465942383,0.0,-0.39999961853027344,-0.39999961853027344,0.0,0.0,0.0,0.0,0.0,0.2999992370605469,-0.25,0.14999961853027344,3.0,9.0,08-03,0.24666659037272134
06-20,3.559999465942383,0.0,-0.39999961853027344,-0.39999961853027344,0.0,0.0,0.0,0.0,0.0,0.2999992370605469,-0.25,0.14999961853027344,3.0,9.0,08-04,0.24666659037272134
06-21,3.559999465942383,0.0,-0.39999961853027344,-0.39999961853027344,0.0,0.0,0.0,0.0,0.0,0.2999992370605469,-0.25,0.14999961853027344,3.0,9.0,08-05,0.24666659037272134
06-22,4.659999847412109,0.0,-0.39999961853027344,-0.39999961853027344,0.0,0.0,0.0,0.0,0.0,0.2999992370605469,-0.25,0.14999961853027344,3.0,9.0,08-06,0.3383332888285319
06-23,4.659999847412109,0.0,-0.39999961853027344,-0.39999961853027344,0.0,0.0,0.0,0.0,0.0,0.2999992370605469,-0.25,0.14999961853027344,3.0,9.0,08-07,0.3383332888285319
06-24,4.659999847412109,0.0,-0.39999961853027344,-0.39999961853027344,0.0,0.0,0.0,0.0,0.0,0.2999992370605469,-0.25,0.14999961853027344,3.0,9.0,08-08,0.3383332888285319
06-25,4.659999847412109,0.0,-0.39999961853027344,-0.39999961853027344,0.0,0.0,0.0,0.0,0.0,0.2999992370605469,-0.25,0.19999980926513672,3.0,9.0,08-09,0.3424999713897705
06-26,4.659999847412109,0.0,-0.39999961853027344,-0.39999961853027344,0.0,0.0,0.0,0.0,0.0,-0.25,-0.25,0.19999980926513672,2.0,10.0,08-10,0.2966667016347249
06-27,4.659999847412109,0.0,-0.39999961853027344,-0.39999961853027344,0.0,0.0,0.0,0.0,0.0,-0.25,-0.25,0.19999980926513672,2.0,10.0,08-11,0.2966667016347249
06-28,4.229999542236332,0.0,-0.39999961853027344,-0.39999961853027344,0.0,0.0,0.0,0.0,0.0,-0.25,-0.25,0.19999980926513672,2.0,10.0,08-12,0.2608333428700768
06-29,4.229999542236332,0.0,-0.39999961853027344,-0.39999961853027344,0.0,0.0,0.0,0.0,0.0,-0.25,0.0,0.19999980926513672,2.0,10.0,08-13,0.2816666762034101
06-30,3.5499992370605504,0.0,-0.39999961853027344,-0.39999961853027344,0.0,0.0,0.0,0.0,0.0,-0.25,0.0,0.19999980926513672,2.0,10.0,08-14,0.22499998410542835
07-01,3.5499992370605504,0.0,-0.39999961853027344,-0.39999961853027344,0.0,0.0,0.0,0.0,0.0,-0.25,0.0,0.19999980926513672,2.0,10.0,08-15,0.22499998410542835
07-02,3.5499992370605504,0.0,-0.39999961853027344,-0.39999961853027344,0.0,0.0,0.0,0.0,0.0,-0.25,0.0,0.19999980926513672,2.0,10.0,08-16,0.22499998410542835
07-03,3.5499992370605504,0.0,-0.39999961853027344,-0.39999961853027344,0.0,0.0,0.0,0.0,0.0,-0.25,0.0,0.19999980926513672,2.0,10.0,08-17,0.22499998410542835
07-05,3.5499992370605504,0.0,-0.39999961853027344,0.0,0.0,0.0,0.0,0.0,0.0,-0.25,0.0,0.19999980926513672,2.0,10.0,08-19,0.2583332856496178
07-06,3.5499992370605504,0.0,-0.39999961853027344,0.0,0.0,0.0,0.0,0.0,0.0,-0.14999961853027344,0.0,0.19999980926513672,2.0,10.0,08-20,0.266666650772095
07-07,3.5499992370605504,0.0,-0.39999961853027344,0.0,0.0,0.0,0.0,0.0,0.0,-0.14999961853027344,-0.3000001907348633,0.19999980926513672,2.0,10.0,08-21,0.24166663487752307
07-08,3.5499992370605504,0.0,-0.39999961853027344,0.0,0.0,0.0,0.0,0.0,0.0,-0.14999961853027344,-0.3000001907348633,0.19999980926513672,2.0,10.0,08-22,0.24166663487752307
07-09,3.5499992370605504,0.0,-0.39999961853027344,0.0,0.0,0.0,0.0,0.0,0.0,-0.14999961853027344,-0.3000001907348633,0.19999980926513672,2.0,10.0,08-23,0.24166663487752307
07-10,3.5499992370605504,0.0,-0.39999961853027344,0.0,0.0,0.0,0.0,0.0,0.0,-0.020000457763671875,-0.3000001907348633,0.19999980926513672,2.0,10.0,08-24,0.2524998982747399
07-11,3.5499992370605504,0.0,-0.39999961853027344,0.0,0.0,0.0,0.0,0.0,0.0,-0.020000457763671875,-0.3000001907348633,0.19999980926513672,2.0,10.0,08-25,0.2524998982747399
07-12,3.5499992370605504,0.0,-0.39999961853027344,0.0,0.0,0.0,0.0,0.0,0.0,-0.020000457763671875,-0.3000001907348633,0.19999980926513672,2.0,10.0,08-26,0.2524998982747399
07-13,3.5499992370605504,0.0,-0.39999961853027344,0.0,0.0,0.0,0.0,0.0,0.0,-0.020000457763671875,-0.3000001907348633,1.1499996185302734,2.0,10.0,08-27,0.3316665490468346
07-14,3.5499992370605504,0.0,-0.39999961853027344,0.0,0.0,0.0,0.0,0.0,0.0,-0.020000457763671875,-0.3000001907348633,0.869999885559082,2.0,10.0,08-28,0.308333237965902
07-15,3.5499992370605504,0.0,-0.39999961853027344,0.0,0.0,0.0,0.0,0.0,0.0,-0.10000038146972656,-0.5399999618530273,0.7699995040893555,2.0,10.0,08-29,0.2733332316080732
07-16,3.5499992370605504,0.0,-0.39999961853027344,0.0,0.0,0.0,0.0,0.0,0.0,-0.10000038146972656,-0.5399999618530273,0.36999988555908203,2.0,10.0,08-30,0.23999993006388376
07-17,3.5499992370605504,0.0,-0.39999961853027344,0.0,0.0,0.0,0.0,0.0,0.0,-0.6000003814697266,-0.5399999618530273,0.36999988555908203,2.0,10.0,08-31,0.1983332633972171
07-18,3.5499992370605504,0.0,-0.39999961853027344,0.0,0.0,0.0,0.0,0.0,0.0,-0.6000003814697266,-0.5399999618530273,0.6700000762939453,2.0,10.0,09-01,0.22333327929178903
07-19,3.5499992370605504,0.0,-0.39999961853027344,0.0,0.0,0.0,0.0,0.0,0.0,-0.6000003814697266,-0.5399999618530273,0.6700000762939453,2.0,10.0,09-02,0.22333327929178903
07-20,3.5499992370605504,0.0,-0.39999961853027344,0.0,0.0,0.0,0.0,0.0,0.0,-0.6000003814697266,-0.5399999618530273,0.6700000762939453,2.0,10.0,09-03,0.22333327929178903
07-21,3.5499992370605504,0.0,-0.39999961853027344,0.0,0.0,0.0,0.0,0.0,0.0,-0.6000003814697266,-0.5399999618530273,0.6700000762939453,2.0,10.0,09-04,0.22333327929178903
07-22,3.5499992370605504,0.0,-0.39999961853027344,0.0,0.0,0.0,0.0,0.0,0.0,-0.6000003814697266,-0.5399999618530273,0.6700000762939453,2.0,10.0,09-05,0.22333327929178903
07-23,3.5499992370605504,0.0,-0.39999961853027344,0.0,0.0,0.0,0.0,0.0,0.0,-0.39999961853027344,-0.5399999618530273,0.6700000762939453,2.0,10.0,09-06,0.24000000953674347
07-24,3.5499992370605504,0.0,-0.39999961853027344,0.0,0.0,0.0,0.0,0.0,0.0,-0.2999992370605469,-0.5399999618530273,0.6700000762939453,2.0,10.0,09-07,0.24833337465922067
07-25,0.6700000762939489,0.0,-0.39999961853027344,0.0,0.0,0.0,0.0,0.0,0.0,-0.2999992370605469,-0.5399999618530273,0.6700000762939453,2.0,10.0,09-08,0.00833344459533721
07-26,0.6700000762939489,0.0,-0.39999961853027344,0.0,0.0,0.0,0.0,0.0,0.0,-0.2999992370605469,-0.5399999618530273,0.5700006484985352,2.0,10.0,09-09,1.5894571969710114e-07
07-27,0.6700000762939489,0.0,-0.39999961853027344,0.0,0.0,0.0,0.0,0.0,0.0,-0.2999992370605469,-0.5399999618530273,0.5700006484985352,2.0,10.0,09-10,1.5894571969710114e-07
07-28,0.6700000762939489,0.0,-0.39999961853027344,0.0,0.0,0.0,0.0,0.0,0.0,-0.2999992370605469,-0.5399999618530273,0.5700006484985352,2.0,10.0,09-11,1.5894571969710114e-07
07-29,0.6700000762939489,0.0,-0.39999961853027344,0.0,0.0,0.0,0.0,0.0,2.1499996185302734,-0.2999992370605469,-0.5399999618530273,0.5700006484985352,3.0,9.0,09-12,0.1791667938232425
07-30,0.6700000762939489,0.0,0.0,0.0,0.0,0.0,0.0,0.0,2.1499996185302734,-0.2999992370605469,-0.5399999618530273,0.5700006484985352,3.0,9.0,09-13,0.21250009536743195
07-31,0.6700000762939489,0.0,0.0,0.0,0.0,0.0,5.400000095367432,0.0,2.1499996185302734,-0.2999992370605469,-0.5399999618530273,0.5700006484985352,4.0,8.0,09-14,0.6625001033147179
08-01,0.6700000762939489,0.0,0.0,0.0,0.0,0.0,5.400000095367432,0.0,2.1499996185302734,-0.2999992370605469,-0.5399999618530273,0.5700006484985352,4.0,8.0,09-15,0.6625001033147179
08-02,0.6700000762939489,0.0,0.0,0.0,0.0,0.0,5.400000095367432,0.0,2.1499996185302734,-0.2999992370605469,-0.5399999618530273,0.5700006484985352,4.0,8.0,09-16,0.6625001033147179
08-03,0.6700000762939489,0.0,0.0,0.0,0.0,0.0,5.400000095367432,0.0,2.1499996185302734,-0.2999992370605469,-0.5399999618530273,0.5700006484985352,4.0,8.0,09-17,0.6625001033147179
08-04,-0.4300003051757777,0.0,0.0,0.0,0.0,0.0,5.400000095367432,0.0,2.1499996185302734,-0.2999992370605469,-0.5399999618530273,0.35000038146972656,3.0,9.0,09-18,0.5525000492731733
08-05,-0.4300003051757777,0.0,0.0,0.0,0.0,0.0,5.400000095367432,0.0,2.1499996185302734,-0.2999992370605469,-0.5399999618530273,0.35000038146972656,3.0,9.0,09-19,0.5525000492731733
08-06,-0.4300003051757777,0.0,0.0,0.0,0.0,0.0,5.400000095367432,0.0,2.1499996185302734,-0.2999992370605469,-0.5399999618530273,0.35000038146972656,3.0,9.0,09-20,0.5525000492731733
08-07,-0.4300003051757777,0.0,0.0,0.0,0.0,0.0,5.400000095367432,0.0,2.1499996185302734,-0.2999992370605469,-0.5399999618530273,0.35000038146972656,3.0,9.0,09-21,0.5525000492731733
08-08,0.0,0.0,0.0,0.0,0.0,0.0,5.400000095367432,0.3000001907348633,2.1499996185302734,0.25,-0.5399999618530273,0.35000038146972656,5.0,7.0,09-22,0.659166693687439
08-09,0.0,0.0,0.0,0.0,0.0,0.0,5.400000095367432,0.3000001907348633,2.1499996185302734,0.25,-0.5399999618530273,0.35000038146972656,5.0,7.0,09-23,0.659166693687439
08-10,0.0,0.0,0.0,0.0,0.0,0.0,5.400000095367432,0.3000001907348633,2.1499996185302734,0.14999961853027344,-0.5399999618530273,0.35000038146972656,5.0,7.0,09-24,0.6508333285649618
08-11,0.0,0.0,0.0,0.0,0.0,0.0,5.400000095367432,0.3000001907348633,2.1499996185302734,0.14999961853027344,-0.5399999618530273,0.35000038146972656,5.0,7.0,09-25,0.6508333285649618
08-12,0.0,0.0,0.0,0.0,0.0,0.0,5.400000095367432,0.3000001907348633,2.1499996185302734,0.14999961853027344,-0.5399999618530273,0.35000038146972656,5.0,7.0,09-26,0.6508333285649618
08-13,0.0,0.0,0.0,0.0,0.0,0.0,5.400000095367432,0.3000001907348633,2.1499996185302734,0.14999961853027344,-0.5399999618530273,0.35000038146972656,5.0,7.0,09-27,0.6508333285649618
08-14,0.0,0.0,0.0,0.0,0.0,0.0,5.400000095367432,0.3000001907348633,2.1499996185302734,0.14999961853027344,-0.5399999618530273,0.35000038146972656,5.0,7.0,09-28,0.6508333285649618
08-15,0.0,0.0,0.0,0.0,0.0,0.0,5.400000095367432,0.3000001907348633,2.1499996185302734,0.14999961853027344,-0.5399999618530273,0.35000038146972656,5.0,7.0,09-29,0.6508333285649618
08-16,0.0,0.0,0.0,0.0,0.0,0.0,5.400000095367432,0.3000001907348633,2.1499996185302734,0.14999961853027344,-0.5399999618530273,0.35000038146972656,5.0,7.0,09-30,0.6508333285649618
08-17,0.0,0.0,0.0,-3.219999313354492,0.0,0.0,5.400000095367432,0.3000001907348633,2.1499996185302734,0.14999961853027344,-0.23999977111816406,0.10000038146972656,5.0,7.0,10-01,0.386666735013326
08-18,0.0,0.0,0.0,-3.219999313354492,0.0,0.0,5.400000095367432,0.3000001907348633,2.1499996185302734,0.14999961853027344,-0.23999977111816406,0.10000038146972656,5.0,7.0,10-02,0.386666735013326
08-19,0.0,0.0,0.0,-3.219999313354492,0.0,0.0,5.400000095367432,0.3000001907348633,2.3900003433227557,0.14999961853027344,-0.23999977111816406,0.10000038146972656,5.0,7.0,10-03,0.4066667954126995
08-20,0.0,0.0,0.0,-3.219999313354492,0.0,0.0,5.400000095367432,0.3000001907348633,2.3900003433227557,0.14999961853027344,-0.23999977111816406,0.10000038146972656,5.0,7.0,10-04,0.4066667954126995
08-21,0.0,0.0,0.0,-3.219999313354492,0.0,0.0,5.400000095367432,0.3000001907348633,2.3900003433227557,0.14999961853027344,-0.23999977111816406,0.3000001907348633,5.0,7.0,10-05,0.42333344618479424
08-22,0.0,0.0,0.0,-3.219999313354492,0.0,0.0,5.400000095367432,0.3000001907348633,2.3900003433227557,0.020000457763671875,-0.23999977111816406,0.3000001907348633,5.0,7.0,10-06,0.41250018278757744
08-23,-1.8099994659423864,0.0,0.0,-3.219999313354492,0.0,0.0,5.400000095367432,0.3000001907348633,2.3900003433227557,0.020000457763671875,-0.23999977111816406,0.3000001907348633,5.0,7.0,10-07,0.26166689395904524
08-24,-1.8099994659423864,0.0,0.0,-3.219999313354492,0.0,0.0,5.400000095367432,0.3000001907348633,2.3900003433227557,0.020000457763671875,-0.19999980926513672,0.3000001907348633,5.0,7.0,10-08,0.2650002241134642
08-25,-1.8099994659423864,0.0,0.0,-3.219999313354492,0.0,0.0,5.400000095367432,0.3000001907348633,2.3900003433227557,0.10000038146972656,-0.19999980926513672,-0.6499996185302734,4.0,8.0,10-09,0.19250023365020738
08-26,-1.8099994659423864,0.0,0.0,-3.219999313354492,0.0,0.0,5.400000095367432,0.3000001907348633,2.3900003433227557,0.10000038146972656,-0.19999980926513672,-0.36999988555908203,4.0,8.0,10-10,0.21583354473114
08-27,-1.8099994659423864,0.0,0.0,-3.219999313354492,0.0,0.0,5.400000095367432,0.3000001907348633,2.3900003433227557,0.10000038146972656,0.039999961853027344,-0.36999988555908203,5.0,7.0,10-11,0.23583352565765367
08-28,-1.8099994659423864,0.0,0.0,-3.219999313354492,0.0,0.0,5.400000095367432,0.3000001907348633,2.3900003433227557,0.10000038146972656,0.039999961853027344,-0.36999988555908203,5.0,7.0,10-12,0.23583352565765367
08-29,-1.8099994659423864,0.0,0.0,-3.219999313354492,0.0,0.0,5.400000095367432,0.3000001907348633,2.3900003433227557,0.10000038146972656,0.039999961853027344,-0.36999988555908203,5.0,7.0,10-13,0.23583352565765367
08-30,-1.7099990844726598,0.0,0.0,-3.219999313354492,0.0,0.0,5.400000095367432,0.3000001907348633,2.3900003433227557,0.10000038146972656,0.039999961853027344,-0.36999988555908203,5.0,7.0,10-14,0.24416689078013087
08-31,-1.7099990844726598,0.0,0.0,-3.219999313354492,0.0,0.0,5.400000095367432,0.3000001907348633,2.3900003433227557,-0.3599996566772461,0.039999961853027344,-0.36999988555908203,4.0,8.0,10-15,0.20583355426788316
09-01,-1.7099990844726598,0.0,0.0,-3.219999313354492,0.0,0.0,5.400000095367432,0.3000001907348633,2.3900003433227557,-0.5600004196166992,0.039999961853027344,-0.36999988555908203,4.0,8.0,10-16,0.18916682402292873
09-02,-1.7099990844726598,0.0,0.0,-3.219999313354492,0.0,0.0,5.400000095367432,0.3000001907348633,2.3900003433227557,-0.5600004196166992,0.039999961853027344,-0.36999988555908203,4.0,8.0,10-17,0.18916682402292873
09-03,-1.7099990844726598,0.0,0.0,-3.219999313354492,0.0,0.0,5.400000095367432,0.3000001907348633,2.3900003433227557,-0.5600004196166992,0.039999961853027344,-0.36999988555908203,4.0,8.0,10-18,0.18916682402292873
09-04,-1.7099990844726598,0.0,0.39999961853027344,-3.219999313354492,0.0,0.0,5.400000095367432,0.3000001907348633,2.3900003433227557,-0.5600004196166992,0.039999961853027344,-0.2700004577636719,5.0,7.0,10-19,0.2308334112167357
09-05,-1.7599983215332067,0.0,0.39999961853027344,-3.219999313354492,0.0,0.0,5.400000095367432,0.3000001907348633,2.3900003433227557,-0.5600004196166992,0.039999961853027344,-0.2700004577636719,5.0,7.0,10-20,0.2266668081283568
09-06,-1.7599983215332067,0.0,0.39999961853027344,-3.219999313354492,0.0,0.0,5.400000095367432,0.3000001907348633,2.3900003433227557,-0.5600004196166992,0.039999961853027344,-0.2700004577636719,5.0,7.0,10-21,0.2266668081283568
09-07,-1.7599983215332067,0.0,0.39999961853027344,-3.219999313354492,0.0,0.0,5.400000095367432,0.3000001907348633,2.3900003433227557,-0.5600004196166992,0.039999961853027344,-0.2700004577636719,5.0,7.0,10-22,0.2266668081283568
09-08,-1.7599983215332067,0.0,0.39999961853027344,-3.219999313354492,0.0,0.0,5.400000095367432,0.3000001907348633,0.24000072479248225,-0.7000007629394531,0.039999961853027344,-0.2700004577636719,5.0,7.0,10-23,0.03583347797393784
09-09,-1.7599983215332067,0.0,0.39999961853027344,-3.219999313354492,0.0,0.0,5.400000095367432,0.3000001907348633,0.24000072479248225,-0.7000007629394531,0.039999961853027344,-0.2700004577636719,5.0,7.0,10-24,0.03583347797393784
09-10,-1.7599983215332067,0.0,0.39999961853027344,-3.219999313354492,0.0,0.0,0.0,0.3000001907348633,0.24000072479248225,-0.7000007629394531,0.039999961853027344,-0.2700004577636719,4.0,8.0,10-25,-0.41416652997334813
09-11,-1.7599983215332067,0.0,0.39999961853027344,-3.219999313354492,0.0,0.0,0.0,0.3000001907348633,0.24000072479248225,-0.7000007629394531,0.039999961853027344,-0.2700004577636719,4.0,8.0,10-26,-0.41416652997334813
09-12,-1.7599983215332067,0.0,0.39999961853027344,-3.219999313354492,0.0,0.0,0.0,-0.3000001907348633,0.24000072479248225,-0.7000007629394531,0.039999961853027344,-2.6200003623962393,3.0,9.0,10-27,-0.6599998871485393
09-13,-1.7599983215332067,0.0,0.39999961853027344,-3.219999313354492,0.0,0.0,0.0,-0.3000001907348633,0.24000072479248225,-0.7000007629394531,0.5399999618530273,-2.6200003623962393,3.0,9.0,10-28,-0.6183332204818727
09-14,-1.7599983215332067,0.0,0.39999961853027344,-3.219999313354492,0.0,0.0,0.0,-0.3000001907348633,0.24000072479248225,-0.7000007629394531,0.5399999618530273,-0.2700004577636719,3.0,9.0,10-29,-0.42249989509582536
09-15,-1.7599983215332067,0.0,0.39999961853027344,-3.219999313354492,0.0,0.0,0.0,-0.3000001907348633,0.24000072479248225,-0.7000007629394531,0.5399999618530273,-0.2700004577636719,3.0,9.0,10-30,-0.42249989509582536
09-16,-1.7599983215332067,0.0,0.39999961853027344,-3.219999313354492,0.0,0.0,0.0,-0.3000001907348633,0.24000072479248225,-0.7000007629394531,0.5399999618530273,-0.05000019073486328,3.0,9.0,10-31,-0.4041665395100913
09-17,-1.7599983215332067,0.0,0.0,-3.219999313354492,0.0,0.0,0.0,-0.3000001907348633,0.24000072479248225,-0.7000007629394531,0.5399999618530273,-0.05000019073486328,2.0,10.0,11-01,-0.43749984105428075
09-18,-1.7599983215332067,0.0,0.0,-3.219999313354492,0.0,0.0,0.0,-0.3000001907348633,0.24000072479248225,-0.7000007629394531,0.5399999618530273,-0.05000019073486328,2.0,10.0,11-02,-0.43749984105428075
09-19,-1.7599983215332067,2.0,0.0,-3.219999313354492,0.0,0.0,0.0,-0.3000001907348633,0.24000072479248225,-0.7000007629394531,0.5399999618530273,-0.05000019073486328,3.0,9.0,11-03,-0.27083317438761406
09-20,-1.7599983215332067,2.0,0.0,-3.219999313354492,0.0,0.0,0.0,-0.6000003814697266,0.24000072479248225,-0.6000003814697266,0.5399999618530273,-0.05000019073486328,3.0,9.0,11-04,-0.2874998251597088
09-21,-1.7599983215332067,2.0,0.0,-3.219999313354492,0.0,0.0,0.0,-0.6000003814697266,0.24000072479248225,-0.6000003814697266,0.5399999618530273,-0.05000019073486328,3.0,9.0,11-05,-0.2874998251597088
09-22,-1.7599983215332067,2.0,0.0,-3.219999313354492,0.0,0.0,0.0,-0.6000003814697266,0.24000072479248225,-0.6000003814697266,0.5399999618530273,-0.05000019073486328,3.0,9.0,11-06,-0.2874998251597088
09-23,-1.7599983215332067,2.0,0.0,-3.219999313354492,0.0,0.0,0.0,-0.6000003814697266,-0.6499996185302734,-0.6000003814697266,0.6399993896484375,-0.05000019073486328,2.0,10.0,11-07,-0.3533332347869876
09-24,-1.7599983215332067,2.0,0.0,-3.219999313354492,0.0,0.0,0.0,-0.6000003814697266,-0.6499996185302734,-1.4499998092651367,0.5399999618530273,-0.05000019073486328,2.0,10.0,11-08,-0.4324998060862226
09-25,-1.7599983215332067,2.0,0.0,-3.219999313354492,0.0,0.0,0.0,-0.6000003814697266,-0.6499996185302734,-1.4499998092651367,0.5399999618530273,-0.05000019073486328,2.0,10.0,11-09,-0.4324998060862226
09-26,-1.7599983215332067,2.0,0.0,-3.219999313354492,0.0,0.0,0.0,-0.6000003814697266,-0.6499996185302734,-1.4499998092651367,0.5399999618530273,-0.05000019073486328,2.0,10.0,11-10,-0.4324998060862226
09-27,-1.7599983215332067,2.0,0.0,0.0,0.0,0.0,0.0,-0.6000003814697266,-0.6499996185302734,-1.4499998092651367,0.6899995803833008,-0.05000019073486328,2.0,10.0,11-11,-0.15166656176249216
09-28,-1.7599983215332067,2.0,0.0,0.0,0.0,0.0,0.0,-0.6000003814697266,-0.6499996185302734,-1.4499998092651367,0.6899995803833008,0.6999998092651367,3.0,9.0,11-12,-0.08916656176249216
09-29,-1.7599983215332067,2.0,0.0,0.0,0.0,0.0,0.0,-0.6000003814697266,-0.8900003433227557,-1.4499998092651367,0.6899995803833008,0.9499998092651367,3.0,9.0,11-13,-0.08833328882853235
09-30,-1.7599983215332067,2.0,0.0,0.0,-5.530000686645508,0.0,0.0,-0.6000003814697266,-0.8900003433227557,-1.4499998092651367,0.6899995803833008,0.9499998092651367,3.0,9.0,11-14,-0.5491666793823247
10-01,-1.7599983215332067,2.0,0.0,0.0,-5.530000686645508,0.0,0.0,-0.6000003814697266,-0.8900003433227557,-1.4499998092651367,0.6899995803833008,0.75,3.0,9.0,11-15,-0.5658333301544194
10-02,-1.7599983215332067,2.0,0.0,0.0,-5.530000686645508,0.0,0.0,-0.6000003814697266,-0.8900003433227557,-1.4499998092651367,0.6899995803833008,0.75,3.0,9.0,11-16,-0.5658333301544194
10-03,0.05000114440917969,2.0,0.0,0.0,-5.530000686645508,0.0,0.0,-0.6000003814697266,-0.8900003433227557,-1.4499998092651367,0.6899995803833008,0.75,4.0,8.0,11-17,-0.4150000413258872
10-04,0.05000114440917969,2.0,0.0,0.0,-5.530000686645508,0.0,0.0,-0.6000003814697266,-0.8900003433227557,-1.4499998092651367,0.6499996185302734,0.75,4.0,8.0,11-18,-0.41833337148030614
10-05,0.05000114440917969,2.0,0.0,0.0,-5.530000686645508,0.0,0.0,-0.6000003814697266,-0.8900003433227557,-1.4499998092651367,0.6499996185302734,0.75,4.0,8.0,11-19,-0.41833337148030614
10-06,0.05000114440917969,2.0,0.0,0.0,-5.530000686645508,0.0,0.0,-0.6000003814697266,-0.8900003433227557,-1.4499998092651367,0.6499996185302734,0.75,4.0,8.0,11-20,-0.41833337148030614
10-07,0.05000114440917969,2.0,0.0,0.0,-5.530000686645508,0.0,0.0,-0.6000003814697266,-0.8900003433227557,-1.4499998092651367,0.6499996185302734,0.75,4.0,8.0,11-21,-0.41833337148030614
10-08,0.05000114440917969,2.0,0.0,0.0,-5.530000686645508,0.0,0.0,-0.6000003814697266,-0.49000072479248225,-1.4499998092651367,0.6499996185302734,0.75,4.0,8.0,11-22,-0.3850000699361167
10-09,0.05000114440917969,2.0,0.0,0.0,-5.530000686645508,0.0,0.0,-0.6000003814697266,-0.49000072479248225,-1.4499998092651367,0.6499996185302734,0.75,4.0,8.0,11-23,-0.3850000699361167
10-10,-0.049999237060546875,2.0,0.0,0.0,-5.530000686645508,0.0,0.0,-0.6000003814697266,-0.49000072479248225,-1.4499998092651367,0.6499996185302734,0.75,3.0,9.0,11-24,-0.3933334350585939
10-11,-0.049999237060546875,2.0,0.0,0.0,-5.530000686645508,0.0,0.0,-0.6000003814697266,-0.49000072479248225,-0.9899997711181641,0.6499996185302734,0.75,3.0,9.0,11-25,-0.3550000985463462
10-12,-0.049999237060546875,2.0,0.0,0.0,-5.530000686645508,0.0,0.0,-0.6000003814697266,-0.49000072479248225,-0.9899997711181641,0.6499996185302734,0.75,3.0,9.0,11-26,-0.3550000985463462
10-13,-0.049999237060546875,2.0,0.0,0.0,-5.530000686645508,0.0,0.0,-0.6000003814697266,-0.49000072479248225,-0.9899997711181641,0.6499996185302734,0.75,3.0,9.0,11-27,-0.3550000985463462
10-14,-0.049999237060546875,2.0,0.0,0.0,-5.530000686645508,0.0,0.0,-0.6000003814697266,-0.49000072479248225,-0.9899997711181641,0.6499996185302734,0.75,3.0,9.0,11-28,-0.3550000985463462
10-15,-0.049999237060546875,2.0,-0.39999961853027344,0.0,-5.530000686645508,0.0,0.0,-0.6000003814697266,-0.49000072479248225,-0.9899997711181641,0.6499996185302734,0.75,3.0,9.0,11-29,-0.38833340009053563
10-16,0.0,2.0,-0.39999961853027344,0.0,-5.530000686645508,0.0,0.0,-0.6000003814697266,-0.49000072479248225,-0.9899997711181641,0.6499996185302734,0.75,3.0,9.0,11-30,-0.3841667970021567
10-17,0.0,2.0,-0.39999961853027344,0.0,-5.530000686645508,0.0,0.0,-0.4500007629394531,-0.49000072479248225,-0.9899997711181641,0.6499996185302734,0.75,3.0,9.0,12-01,-0.3716668287913006
10-18,0.0,2.0,-0.39999961853027344,0.0,-5.530000686645508,0.0,0.0,-0.4500007629394531,-0.49000072479248225,-0.9899997711181641,0.6499996185302734,0.75,3.0,9.0,12-02,-0.3716668287913006
10-19,0.0,2.0,-0.39999961853027344,0.0,-5.530000686645508,0.0,0.0,-0.4500007629394531,-0.49000072479248225,-0.8499994277954102,0.6499996185302734,0.75,3.0,9.0,12-03,-0.36000013351440446
10-20,0.0,2.0,-0.39999961853027344,0.0,-5.530000686645508,0.0,0.0,-0.4500007629394531,-0.49000072479248225,-0.8499994277954102,0.6499996185302734,0.75,3.0,9.0,12-04,-0.36000013351440446
10-21,0.0,2.0,-0.39999961853027344,0.0,-5.530000686645508,0.0,0.0,-0.4500007629394531,-0.49000072479248225,-0.8499994277954102,0.6499996185302734,0.75,3.0,9.0,12-05,-0.36000013351440446
10-22,0.0,2.0,-0.39999961853027344,0.0,-5.530000686645508,0.0,0.0,-0.4500007629394531,-0.49000072479248225,-0.8499994277954102,0.6499996185302734,0.75,3.0,9.0,12-06,-0.36000013351440446
10-23,0.0,2.0,-0.39999961853027344,0.0,-5.530000686645508,0.0,0.0,-0.4500007629394531,-0.49000072479248225,-0.8499994277954102,0.6499996185302734,3.0999999046325675,3.0,9.0,12-07,-0.16416680812835716
10-24,0.0,2.0,-0.39999961853027344,0.0,-5.530000686645508,0.0,0.0,-0.4500007629394531,-0.49000072479248225,-0.8499994277954102,0.14999961853027344,3.0999999046325675,3.0,9.0,12-08,-0.2058334747950238
10-25,-0.29000091552734375,2.0,-0.39999961853027344,0.0,-5.530000686645508,0.0,0.0,0.14999961853027344,-0.49000072479248225,-0.8499994277954102,0.5099992752075195,3.0999999046325675,4.0,8.0,12-09,-0.1500002145767214
10-26,-0.29000091552734375,2.0,-0.39999961853027344,0.0,-5.530000686645508,0.0,0.0,0.14999961853027344,-0.49000072479248225,-0.8499994277954102,0.5099992752075195,3.0999999046325675,4.0,8.0,12-10,-0.1500002145767214
10-27,-0.29000091552734375,2.0,-0.39999961853027344,0.0,-5.530000686645508,0.0,0.0,0.14999961853027344,-0.49000072479248225,-0.8499994277954102,0.5099992752075195,0.75,4.0,8.0,12-11,-0.3458335399627687
10-28,-0.29000091552734375,2.0,0.0,0.0,-5.530000686645508,0.0,0.0,0.14999961853027344,-0.49000072479248225,-0.8499994277954102,0.6199998855590803,0.75,4.0,8.0,12-12,-0.3033335208892825
10-29,-0.29000091552734375,2.0,0.0,0.0,-5.530000686645508,0.0,0.0,0.14999961853027344,-0.49000072479248225,-0.6499996185302734,0.6199998855590803,0.75,4.0,8.0,12-13,-0.2866668701171878
10-30,-0.29000091552734375,0.0,0.0,0.0,-5.530000686645508,0.0,0.0,0.14999961853027344,-0.49000072479248225,-0.6499996185302734,0.6199998855590803,0.75,3.0,9.0,12-14,-0.45333353678385446
10-31,-0.29000091552734375,0.0,0.0,0.0,-5.530000686645508,0.0,0.0,0.14999961853027344,-0.49000072479248225,-0.6499996185302734,0.6199998855590803,0.75,3.0,9.0,12-15,-0.45333353678385446
11-01,-0.29000091552734375,0.0,0.0,0.0,-5.530000686645508,0.0,0.0,0.14999961853027344,-0.49000072479248225,-0.6499996185302734,0.6199998855590803,0.75,3.0,9.0,12-16,-0.45333353678385446
11-02,-1.8900012969970703,0.0,0.0,0.0,-5.530000686645508,0.0,0.0,0.14999961853027344,-0.49000072479248225,-0.6499996185302734,0.6199998855590803,0.75,3.0,9.0,12-17,-0.5866669019063316
11-03,-1.8900012969970703,0.0,0.0,0.0,-5.530000686645508,0.0,0.0,0.14999961853027344,0.75,-0.6499996185302734,0.6199998855590803,0.75,4.0,8.0,12-18,-0.4833335081736248
11-04,-1.8900012969970703,0.0,0.0,0.0,-5.530000686645508,0.0,0.0,0.14999961853027344,0.75,-0.6499996185302734,0.6199998855590803,0.75,4.0,8.0,12-19,-0.4833335081736248
11-05,-1.8900012969970703,0.0,0.0,0.0,-5.530000686645508,0.0,0.0,0.14999961853027344,0.75,-0.6499996185302734,0.5200004577636701,0.75,4.0,8.0,12-20,-0.49166679382324235
11-06,-1.8900012969970703,0.0,0.0,0.0,-5.530000686645508,0.0,0.0,0.14999961853027344,0.869999885559082,0.19999980926513672,0.6199998855590803,0.75,5.0,7.0,12-21,-0.4025002320607505
11-07,-1.8900012969970703,0.0,0.0,0.0,-5.530000686645508,0.0,0.0,0.14999961853027344,0.869999885559082,0.19999980926513672,0.4700002670288068,0.75,5.0,7.0,12-22,-0.4150002002716066
11-08,-1.8900012969970703,0.0,0.0,0.0,-5.530000686645508,0.0,0.0,0.14999961853027344,0.869999885559082,0.19999980926513672,0.4700002670288068,0.75,5.0,7.0,12-23,-0.4150002002716066
11-09,-1.8900012969970703,0.0,0.0,0.0,-5.530000686645508,0.0,0.0,0.14999961853027344,0.869999885559082,0.19999980926513672,0.0,0.75,4.0,8.0,12-24,-0.45416688919067383
11-10,-1.8900012969970703,0.0,0.0,0.0,-5.530000686645508,0.0,0.0,0.14999961853027344,0.869999885559082,0.19999980926513672,0.0,0.0,3.0,9.0,12-25,-0.5166668891906738
11-11,-1.8900012969970703,0.0,0.0,0.0,-5.530000686645508,0.0,0.0,0.14999961853027344,0.869999885559082,0.19999980926513672,0.0,0.0,3.0,9.0,12-26,-0.5166668891906738
11-12,-1.8900012969970703,0.0,0.0,0.0,0.0,0.0,0.0,0.14999961853027344,0.869999885559082,0.19999980926513672,0.6499996185302734,0.0,4.0,8.0,12-27,-0.0016668637593587239
11-13,-1.8900012969970703,0.0,0.0,0.0,0.0,0.0,0.0,0.14999961853027344,0.869999885559082,0.19999980926513672,0.6499996185302734,0.0,4.0,8.0,12-28,-0.0016668637593587239
11-14,-1.8900012969970703,0.0,0.0,0.0,0.0,0.0,0.0,0.14999961853027344,0.869999885559082,0.19999980926513672,0.6499996185302734,0.0,4.0,8.0,12-29,-0.0016668637593587239
11-15,-1.8900012969970703,0.0,0.0,0.0,0.0,0.0,0.0,0.14999961853027344,0.869999885559082,0.19999980926513672,0.6499996185302734,0.0,4.0,8.0,12-30,-0.0016668637593587239
11-16,-1.8900012969970703,0.0,0.0,0.0,0.0,0.0,0.0,0.14999961853027344,0.869999885559082,0.19999980926513672,0.6499996185302734,0.0,4.0,8.0,12-31,-0.0016668637593587239
11-17,-1.8900012969970703,0.0,0.0,0.0,0.0,0.0,0.0,0.14999961853027344,0.869999885559082,0.19999980926513672,0.6499996185302734,0.0,4.0,8.0,01-01,-0.0016668637593587239
11-18,-1.8900012969970703,0.0,0.0,0.0,0.0,0.0,0.0,0.14999961853027344,0.4700002670288086,0.19999980926513672,0.6499996185302734,0.0,4.0,8.0,01-02,-0.03500016530354818
11-19,-1.8900012969970703,0.0,0.0,0.0,0.0,0.0,0.0,0.14999961853027344,0.4700002670288086,0.19999980926513672,0.6499996185302734,0.0,4.0,7.0,01-03,-0.03500016530354818
11-20,-1.8900012969970703,0.0,0.0,0.0,0.0,0.0,0.0,0.14999961853027344,0.4700002670288086,0.19999980926513672,0.6499996185302734,0.0,4.0,7.0,01-04,-0.03500016530354818
11-21,-1.8900012969970703,0.0,0.0,0.0,0.0,0.0,0.0,0.14999961853027344,0.4700002670288086,0.19999980926513672,0.6499996185302734,0.0,4.0,7.0,01-05,-0.03500016530354818
11-22,-1.8900012969970703,0.0,0.0,0.0,0.0,0.0,0.0,0.14999961853027344,0.4700002670288086,0.19999980926513672,0.6999998092651367,0.0,4.0,7.0,01-06,-0.03083348274230957
11-23,-1.8900012969970703,0.0,0.0,0.0,0.0,0.0,0.0,0.14999961853027344,0.4700002670288086,0.19999980926513672,0.6999998092651367,0.0,4.0,7.0,01-07,-0.03083348274230957
11-24,-1.8900012969970703,0.0,0.0,0.0,0.0,0.0,0.0,0.14999961853027344,0.4700002670288086,0.19999980926513672,0.6999998092651367,0.0,4.0,7.0,01-08,-0.03083348274230957
11-25,-1.8900012969970703,0.0,0.0,0.0,0.0,0.0,0.0,0.14999961853027344,0.4700002670288086,0.19999980926513672,0.6999998092651367,0.0,4.0,7.0,01-09,-0.03083348274230957
11-26,-1.8900012969970703,0.0,0.0,0.0,0.0,0.0,0.0,0.14999961853027344,0.4700002670288086,0.19999980926513672,0.6999998092651367,0.0,4.0,7.0,01-10,-0.03083348274230957
11-27,-1.8900012969970703,0.0,0.0,0.0,0.0,0.0,0.0,0.14999961853027344,0.4700002670288086,0.19999980926513672,0.6999998092651367,0.0,4.0,7.0,01-11,-0.03083348274230957
11-28,-1.8900012969970703,0.0,0.0,0.0,0.0,0.0,0.0,0.14999961853027344,0.4700002670288086,0.19999980926513672,0.6999998092651367,0.0,4.0,7.0,01-12,-0.03083348274230957
11-29,-1.8900012969970703,0.0,0.0,0.0,0.0,0.0,0.0,0.0,0.4700002670288086,0.19999980926513672,0.6999998092651367,0.0,3.0,8.0,01-13,-0.04333345095316569
11-30,-1.8900012969970703,0.0,0.0,0.0,0.0,0.0,0.0,0.0,0.4700002670288086,0.19999980926513672,0.75,0.0,3.0,8.0,01-14,-0.039166768391927086
12-01,-1.8900012969970703,0.0,0.0,0.0,0.0,0.0,0.0,0.0,0.4700002670288086,0.19999980926513672,0.75,0.0,3.0,8.0,01-15,-0.039166768391927086
12-02,-1.8900012969970703,0.0,0.0,0.0,0.0,0.0,0.0,0.0,0.4700002670288086,0.19999980926513672,0.75,0.0,3.0,8.0,01-16,-0.039166768391927086
12-03,-1.8900012969970703,0.0,0.0,0.0,0.0,0.0,0.0,0.0,0.4700002670288086,0.19999980926513672,0.75,0.0,3.0,8.0,01-17,-0.039166768391927086
12-04,-1.8900012969970703,0.0,0.0,0.0,0.0,0.0,0.0,0.0,0.4700002670288086,0.19999980926513672,0.75,0.0,3.0,8.0,01-18,-0.039166768391927086
12-05,-1.6000003814697266,0.0,0.0,0.0,0.0,0.0,0.0,0.0,0.4700002670288086,0.19999980926513672,0.3900003433227539,0.0,3.0,8.0,01-19,-0.04499999682108561
12-06,-1.6000003814697266,0.0,0.0,0.0,0.0,0.0,0.0,0.0,0.4700002670288086,0.19999980926513672,0.3900003433227539,0.0,3.0,8.0,01-20,-0.04499999682108561
12-07,-1.6000003814697266,0.0,0.0,0.0,0.0,0.0,0.0,0.0,0.4700002670288086,0.19999980926513672,0.3900003433227539,0.0,3.0,8.0,01-21,-0.04499999682108561
12-08,-1.6000003814697266,0.0,0.0,0.0,0.0,0.0,0.0,0.0,0.4700002670288086,0.19999980926513672,0.3900003433227539,0.0,3.0,8.0,01-22,-0.04499999682108561
12-09,-1.6000003814697266,0.0,0.0,0.0,0.0,0.0,0.0,0.0,0.4700002670288086,0.5999994277954102,0.5900001525878906,0.0,3.0,8.0,01-23,0.004999955495198567
12-10,-1.6000003814697266,0.0,0.0,0.0,0.0,0.0,0.0,0.0,0.4700002670288086,0.5999994277954102,0.4799995422363299,0.0,3.0,8.0,01-24,-0.004166762034098159
12-11,-1.6000003814697266,0.0,0.0,0.0,0.0,0.0,0.0,0.0,0.4700002670288086,0.39999961853027344,0.4799995422363299,0.0,3.0,8.0,01-25,-0.020833412806192886
12-12,-1.6000003814697266,0.0,0.0,0.0,0.0,0.0,0.0,0.0,0.4700002670288086,0.39999961853027344,0.4799995422363299,0.0,3.0,8.0,01-26,-0.020833412806192886
12-13,-1.6000003814697266,0.0,0.0,0.0,0.0,0.0,0.0,0.0,0.4700002670288086,0.39999961853027344,0.38000011444091975,0.0,3.0,8.0,01-27,-0.029166698455810398
12-14,-1.6000003814697266,0.0,0.0,0.0,0.0,0.0,0.0,0.0,0.11999988555908203,0.39999961853027344,0.38000011444091975,0.0,3.0,8.0,01-28,-0.05833339691162095
12-15,0.0,0.0,0.0,0.0,0.0,0.0,0.0,0.0,0.11999988555908203,0.39999961853027344,0.38000011444091975,0.0,3.0,8.0,01-29,0.07499996821085626
12-16,0.0,0.0,0.0,0.0,0.0,0.0,0.0,0.0,0.11999988555908203,0.39999961853027344,0.38000011444091975,0.0,3.0,8.0,01-30,0.07499996821085626
12-17,0.0,0.0,0.0,0.0,0.0,0.0,0.0,0.0,0.11999988555908203,0.39999961853027344,0.38000011444091975,0.0,3.0,8.0,01-31,0.07499996821085626
12-18,0.0,0.0,0.0,0.0,0.0,0.0,0.0,0.0,0.11999988555908203,0.39999961853027344,0.38000011444091975,0.0,3.0,8.0,02-01,0.07499996821085626
12-19,0.0,0.0,0.0,0.0,0.0,0.0,0.0,0.8500003814697266,0.0,0.39999961853027344,0.38000011444091975,0.0,3.0,8.0,02-02,0.13583334287007665
12-20,0.0,0.0,0.0,0.0,0.0,0.0,0.0,0.8500003814697266,0.0,0.39999961853027344,0.8500003814697266,0.0,3.0,8.0,02-03,0.1750000317891439
12-21,0.0,0.0,0.0,0.0,0.0,0.0,0.0,0.8500003814697266,0.0,0.39999961853027344,0.8500003814697266,0.0,3.0,8.0,02-04,0.1750000317891439
12-22,0.0,0.0,0.0,0.0,0.0,0.0,0.0,0.8500003814697266,0.0,0.39999961853027344,0.8500003814697266,0.0,3.0,8.0,02-05,0.1750000317891439
12-23,0.0,0.0,0.0,0.0,0.0,0.0,0.0,0.8500003814697266,0.0,0.39999961853027344,0.8500003814697266,0.0,3.0,8.0,02-06,0.1750000317891439
12-24,0.0,0.0,0.0,0.0,0.0,0.0,0.0,0.8500003814697266,0.0,0.39999961853027344,0.20000076293945312,0.0,3.0,8.0,02-07,0.1208333969116211
12-26,0.0,0.0,0.0,0.0,0.0,0.0,0.0,0.8500003814697266,0.0,0.39999961853027344,0.20000076293945312,0.0,3.0,8.0,02-09,0.1208333969116211
12-27,0.0,0.0,0.0,0.0,0.0,0.0,0.0,0.8500003814697266,0.0,0.39999961853027344,0.20000076293945312,0.0,3.0,8.0,02-10,0.1208333969116211
12-28,0.0,0.0,0.0,0.0,0.0,0.0,0.0,0.8500003814697266,0.0,0.39999961853027344,0.20000076293945312,0.0,3.0,8.0,02-11,0.1208333969116211
12-29,0.0,0.0,0.0,0.0,0.0,0.0,0.0,0.8500003814697266,0.0,0.39999961853027344,0.20000076293945312,0.0,3.0,8.0,02-12,0.1208333969116211
12-30,0.0,0.0,0.0,0.0,0.0,0.0,0.0,0.8500003814697266,0.0,0.39999961853027344,0.20000076293945312,0.0,3.0,8.0,02-13,0.1208333969116211
12-31,0.0,0.0,0.0,0.0,0.0,0.0,0.0,0.8500003814697266,0.0,0.25,0.20000076293945312,0.0,3.0,8.0,02-14,0.10833342870076497
