,2009,2010,2011,2012,2013,2014,2015,2016,2017,2018,2019,2020
01-02,0.4000000059604645,,,,0.20000000298023224,0.2800000011920929,0.059999998658895486,,,0.03790000081062317,0.059999998658895486,0.021700000390410423
01-03,,,0.5299999713897705,0.3799999952316284,0.20000000298023224,0.2800000011920929,,,0.019999999552965164,0.03790000081062317,0.05000000074505806,0.02989999949932098
01-04,,0.17000000178813934,0.5,0.4000000059604645,0.20000000298023224,,,0.03999999910593033,0.019999999552965164,0.03790000081062317,0.05700000002980232,
01-05,0.4000000059604645,0.17000000178813934,0.5,0.3799999952316284,,,0.059999998658895486,0.03999999910593033,0.019999999552965164,0.03099999949336052,,
01-06,0.4000000059604645,0.17000000178813934,0.5099999904632568,0.3799999952316284,,0.2800000011920929,0.059999998658895486,0.03999999910593033,0.019999999552965164,,,0.02989999949932098
01-07,0.30000001192092896,0.17000000178813934,0.5099999904632568,,0.20000000298023224,0.25,0.059999998658895486,0.03999999910593033,,,0.04919999837875366,0.021700000390410423
01-08,0.30000001192092896,0.17000000178813934,,,0.20000000298023224,0.25,0.059999998658895486,0.03999999910593033,,0.035100001841783524,0.04919999837875366,0.021700000390410423
01-09,0.4000000059604645,,,0.3799999952316284,0.20000000298023224,0.23000000417232516,0.10000000149011612,,0.019999999552965164,0.037000000476837165,0.04919999837875366,0.021980000659823414
01-10,,,0.5099999904632568,0.3799999952316284,0.20000000298023224,0.23000000417232516,,,0.019999999552965164,0.037000000476837165,0.04919999837875366,0.021980000659823414
01-11,,0.17000000178813934,0.5,0.3799999952316284,0.20000000298023224,,,0.03999999910593033,0.019999999552965164,0.01860000006854534,0.04309999942779541,
01-12,0.4000000059604645,0.25,0.5,0.4000000059604645,,,0.059999998658895486,0.03999999910593033,0.019999999552965164,0.035999998450279236,,
01-13,0.4000000059604645,0.25,0.5,0.41999998688697815,,0.12999999523162842,0.059999998658895486,0.03999999910593033,0.019999999552965164,,,0.021980000659823414
01-14,0.4000000059604645,0.25,0.5,,0.20000000298023224,0.10000000149011612,0.059999998658895486,0.03999999910593033,,,0.04230000078678131,0.02989999949932098
01-15,0.30000001192092896,0.25,,,0.20000000298023224,0.10000000149011612,0.059999998658895486,0.03999999910593033,,,0.041200000792741776,0.013500000350177288
01-16,0.30000001192092896,,,,0.20000000298023224,0.10000000149011612,0.059999998658895486,,,0.037000000476837165,0.04129999876022339,0.014000000432133676
01-17,,,,0.5099999904632568,0.20000000298023224,0.10000000149011612,,,0.019999999552965164,0.037000000476837165,0.04129999876022339,0.014000000432133676
01-18,,,0.5,0.5099999904632568,0.20000000298023224,,,,0.019999999552965164,0.037000000476837165,0.05000000074505806,
01-19,,0.25,0.5199999809265137,0.3799999952316284,,,,0.03999999910593033,0.019999999552965164,0.024000000208616257,,
01-20,0.30000001192092896,0.25,0.5,0.3799999952316284,,,0.059999998658895486,0.03999999910593033,0.019999999552965164,,,
01-21,0.30000001192092896,0.25,0.5,,,0.10000000149011612,0.059999998658895486,0.03999999910593033,,,,0.017980000004172325
01-22,0.30000001192092896,0.25,,,0.20000000298023224,0.12999999523162842,0.10999999940395357,0.03999999910593033,,0.024000000208616257,0.04899999871850014,0.017980000004172325
01-23,0.30000001192092896,,,0.3799999952316284,0.20000000298023224,0.12999999523162842,0.10999999940395357,,0.019999999552965164,0.024000000208616257,0.05249999836087227,0.017980000004172325
01-24,,,0.5,0.3799999952316284,0.20000000298023224,0.20000000298023224,,,0.019999999552965164,0.024000000208616257,0.04149999842047691,0.017980000004172325
01-25,,0.25,0.5,0.41999998688697815,0.20000000298023224,,,0.03999999910593033,0.05000000074505806,0.01769999973475933,0.04149999842047691,
01-26,0.30000001192092896,0.15000000596046448,0.5,0.41999998688697815,,,0.10999999940395357,0.03999999910593033,0.15000000596046448,0.01769999973475933,,
01-27,0.4000000059604645,0.15000000596046448,0.5,0.4300000071525574,,0.20000000298023224,0.10000000149011612,0.09000000357627869,0.09000000357627869,,,0.017980000004172325
01-28,0.4000000059604645,0.15000000596046448,0.5799999833106995,,0.20000000298023224,0.10999999940395357,0.10999999940395357,0.09000000357627869,,,0.04149999842047691,0.014750000089406969
01-29,0.4000000059604645,0.15000000596046448,,,0.20000000298023224,0.20000000298023224,0.10999999940395357,0.09000000357627869,,0.01769999973475933,0.045000001788139336,0.014750000089406969
01-30,0.4000000059604645,,,0.4300000071525574,0.20000000298023224,0.1899999976158142,0.119999997317791,,0.09000000357627869,0.01769999973475933,0.05000000074505806,0.029799999669194218
01-31,,,0.5,0.4399999976158142,0.20000000298023224,0.1899999976158142,,,0.09000000357627869,0.01769999973475933,0.04129999876022339,0.02989999949932098
02-01,,0.15000000596046448,0.5,0.4399999976158142,0.20000000298023224,,,0.09000000357627869,0.09000000357627869,0.01769999973475933,0.05689999833703041,
02-02,0.4000000059604645,0.15000000596046448,0.5,0.4399999976158142,,,0.119999997317791,0.09000000357627869,0.09000000357627869,0.01769999973475933,,
02-03,0.5,0.15000000596046448,0.4699999988079071,0.4300000071525574,,0.1899999976158142,0.119999997317791,0.09000000357627869,0.09000000357627869,,,0.02989999949932098
02-04,0.5,0.15000000596046448,0.5,,0.20000000298023224,0.1899999976158142,0.119999997317791,0.09000000357627869,,,0.045000001788139336,0.02989999949932098
02-05,0.5,0.15000000596046448,,,0.2199999988079071,0.1899999976158142,0.119999997317791,0.09000000357627869,,0.01769999973475933,0.05689999833703041,0.029799999669194218
02-06,0.5,,,0.4300000071525574,0.2199999988079071,0.12999999523162842,0.119999997317791,,0.09000000357627869,0.01769999973475933,0.0568000003695488,0.01899999938905239
02-07,,,0.5099999904632568,0.4300000071525574,0.2199999988079071,0.12999999523162842,,,0.09000000357627869,0.019600000232458115,0.05000000074505806,0.01899999938905239
02-08,,0.20000000298023224,0.5099999904632568,0.44999998807907104,0.2199999988079071,,,0.09000000357627869,0.10000000149011612,0.019600000232458115,0.05000000074505806,
02-09,0.4000000059604645,0.20000000298023224,0.5099999904632568,0.44999998807907104,,,0.119999997317791,0.09000000357627869,0.10000000149011612,0.019600000232458115,,
02-10,0.4000000059604645,0.20000000298023224,0.5,0.4300000071525574,,0.12999999523162842,0.119999997317791,0.09000000357627869,0.10000000149011612,,,0.029799999669194218
02-11,0.4000000059604645,0.25,0.5,,0.2199999988079071,0.12999999523162842,0.119999997317791,0.09000000357627869,,,0.045000001788139336,0.02245000004768372
02-12,0.4000000059604645,0.25,,,0.2199999988079071,0.1899999976158142,0.119999997317791,0.09000000357627869,,0.019600000232458115,0.0430000014603138,0.029799999669194218
02-13,0.4000000059604645,,,0.4300000071525574,0.2199999988079071,0.1899999976158142,0.119999997317791,,0.10000000149011612,0.019600000232458115,0.05000000074505806,0.016300000250339508
02-14,,,0.5,0.4300000071525574,0.2199999988079071,0.1899999976158142,,,0.10000000149011612,0.019600000232458115,0.05000000074505806,0.018400000408291817
02-15,,,0.3199999928474426,0.4300000071525574,0.2199999988079071,,,,0.10000000149011612,0.07699999958276749,0.05000000074505806,
02-16,,0.25,0.479999989271164,0.4300000071525574,,,,0.09000000357627869,0.10000000149011612,0.06780000030994415,,
02-17,0.4000000059604645,0.25,0.479999989271164,0.4300000071525574,,,0.119999997317791,0.09000000357627869,0.10000000149011612,,,
02-18,0.6000000238418579,0.20999999344348907,0.5799999833106995,,,0.14000000059604645,0.119999997317791,0.09000000357627869,,,,0.017000000923871994
02-19,0.6000000238418579,0.20999999344348907,,,0.2199999988079071,0.14000000059604645,0.119999997317791,0.09000000357627869,,,0.05000000074505806,0.017000000923871994
02-20,0.6000000238418579,,,,0.2199999988079071,0.14000000059604645,0.119999997317791,,,0.06780000030994415,0.05000000074505806,0.017000000923871994
02-21,,,,0.4300000071525574,0.2199999988079071,0.20000000298023224,,,0.07999999821186066,0.020999999716877937,0.04309999942779541,0.017000000923871994
02-22,,0.20999999344348907,0.550000011920929,0.4300000071525574,0.20999999344348907,,,0.09000000357627869,0.09000000357627869,0.053800001740455634,0.05000000074505806,
02-23,0.4000000059604645,0.20999999344348907,0.550000011920929,0.41999998688697815,,,0.119999997317791,0.09000000357627869,0.09000000357627869,0.053700000047683716,,
02-24,0.5,0.20999999344348907,0.550000011920929,0.4300000071525574,,0.20000000298023224,0.119999997317791,0.09000000357627869,0.09000000357627869,,,0.016000000759959217
02-25,0.5,0.20999999344348907,0.550000011920929,,0.20000000298023224,0.20000000298023224,0.119999997317791,0.09000000357627869,,,0.05000000074505806,0.017000000923871994
02-26,0.5,0.20999999344348907,,,0.25,0.20000000298023224,0.119999997317791,0.09000000357627869,,0.022099999710917476,0.04309999942779541,0.02500000037252903
02-27,0.4000000059604645,,,0.4300000071525574,0.25,0.20000000298023224,0.119999997317791,,0.09000000357627869,0.022099999710917476,0.04309999942779541,0.015300000086426737
02-28,,,0.5199999809265137,0.4300000071525574,0.25,0.20000000298023224,,,0.07999999821186066,0.022099999710917476,0.05000000074505806,0.019999999552965164
02-29,,,,0.3899999856948853,,,,0.09000000357627869,,,,
03-01,,0.20999999344348907,0.5199999809265137,0.3899999856948853,0.25,,,0.09000000357627869,0.07999999821186066,0.022099999710917476,0.04989999905228615,
03-02,0.4000000059604645,0.20999999344348907,0.5199999809265137,0.3899999856948853,,,0.119999997317791,0.019999999552965164,0.10000000149011612,0.022099999710917476,,0.019999999552965164
03-03,0.4000000059604645,0.20999999344348907,0.5199999809265137,,,0.20000000298023224,0.119999997317791,0.019999999552965164,0.10000000149011612,,,0.019999999552965164
03-04,0.4000000059604645,0.20999999344348907,0.5,,0.25,0.20000000298023224,0.119999997317791,0.019999999552965164,,,0.05000000074505806,0.019999999552965164
03-05,0.4000000059604645,0.20999999344348907,,0.4300000071525574,0.2199999988079071,0.18000000715255735,0.119999997317791,,,0.022099999710917476,0.05000000074505806,0.016000000759959217
03-06,0.4000000059604645,,,0.4699999988079071,0.2199999988079071,0.18000000715255735,0.119999997317791,,0.10000000149011612,0.022099999710917476,0.05000000074505806,0.0194499995559454
03-07,,,0.5,0.4300000071525574,0.2199999988079071,0.20000000298023224,,0.019999999552965164,0.119999997317791,0.019999999552965164,0.05000000074505806,
03-08,,0.25,0.6700000166893005,0.4300000071525574,0.2199999988079071,,,0.09000000357627869,0.10999999940395357,0.05000000074505806,0.05000000074505806,
03-09,0.4000000059604645,0.25,0.6499999761581421,0.4699999988079071,,,0.119999997317791,0.09000000357627869,0.10999999940395357,0.03950000181794167,,0.01290000043809414
03-10,0.4000000059604645,0.25,0.6000000238418579,,,0.20000000298023224,0.119999997317791,0.09000000357627869,0.15000000596046448,,,0.01549999974668026
03-11,0.4000000059604645,0.20999999344348907,0.5199999809265137,,0.2199999988079071,0.20000000298023224,0.119999997317791,0.09000000357627869,,,0.04259999841451645,0.01549999974668026
03-12,0.4000000059604645,0.2199999988079071,,0.4699999988079071,0.2199999988079071,0.20000000298023224,0.25,,,0.03950000181794167,0.052400000393390656,0.015069999732077122
03-13,0.4000000059604645,,,0.4699999988079071,0.2199999988079071,0.20000000298023224,0.10000000149011612,,0.10000000149011612,0.019999999552965164,0.059999998658895486,0.01290000043809414
03-14,,,0.5199999809265137,0.4699999988079071,0.2199999988079071,0.20000000298023224,,0.09000000357627869,0.10000000149011612,0.019999999552965164,0.052400000393390656,
03-15,,0.25,0.5199999809265137,0.44999998807907104,0.2199999988079071,,,0.09000000357627869,0.10000000149011612,0.07450000196695328,0.05990000069141387,
03-16,0.5,0.25,0.5099999904632568,0.44999998807907104,,,0.10000000149011612,0.09000000357627869,0.10999999940395357,0.1599999964237213,,0.019999999552965164
03-17,0.5,0.2800000011920929,0.5099999904632568,,,0.20000000298023224,0.10000000149011612,0.09000000357627869,0.10999999940395357,,,0.01290000043809414
03-18,0.5,0.2800000011920929,0.5,,0.2199999988079071,0.20000000298023224,0.10000000149011612,0.09000000357627869,,,0.052400000393390656,0.01290000043809414
03-19,0.4000000059604645,0.2800000011920929,,0.44999998807907104,0.18000000715255735,0.20000000298023224,0.10000000149011612,,,0.1899999976158142,0.054999999701976776,0.019999999552965164
03-20,0.4000000059604645,,,0.44999998807907104,0.23000000417232516,0.20000000298023224,0.10000000149011612,,0.10999999940395357,0.2199999988079071,0.05486999824643135,0.019999999552965164
03-21,,,0.5,0.4600000083446503,0.25,0.20000000298023224,,0.09000000357627869,0.10999999940395357,0.16050000488758087,0.054999999701976776,
03-22,,0.23000000417232516,0.479999989271164,0.4600000083446503,0.15000000596046448,,,0.09000000357627869,0.10999999940395357,0.10999999940395357,0.05990000069141387,
03-23,0.30000001192092896,0.2800000011920929,0.479999989271164,0.4699999988079071,,,0.10000000149011612,0.09000000357627869,0.10999999940395357,0.13320000469684598,,0.019999999552965164
03-24,0.4000000059604645,0.30000001192092896,0.4900000095367432,,,0.20000000298023224,0.10000000149011612,0.09000000357627869,0.10999999940395357,,,0.017149999737739563
03-25,0.30000001192092896,0.3100000023841858,0.4900000095367432,,0.15000000596046448,0.20000000298023224,0.10000000149011612,,,,0.052400000393390656,0.017149999737739563
03-26,0.20000000298023224,0.30000001192092896,,0.4699999988079071,0.15000000596046448,0.20000000298023224,0.10000000149011612,,,0.09000000357627869,0.05990000069141387,0.0215000007301569
03-27,0.30000001192092896,,,0.4399999976158142,0.15000000596046448,0.20000000298023224,0.10000000149011612,,0.10999999940395357,0.06989999860525131,0.05990000069141387,0.0215000007301569
03-28,,,0.44999998807907104,0.4399999976158142,0.15000000596046448,0.20000000298023224,,0.09000000357627869,0.10000000149011612,0.059999998658895486,0.052400000393390656,
03-29,,0.4900000095367432,0.4000000059604645,0.4600000083446503,,,,0.09000000357627869,0.10000000149011612,0.05150000005960465,0.05990000069141387,
03-30,0.4000000059604645,0.4900000095367432,0.4000000059604645,0.4600000083446503,,,0.10000000149011612,0.09000000357627869,0.10000000149011612,,,0.0215000007301569
03-31,0.6000000238418579,0.4900000095367432,0.4399999976158142,,,0.20000000298023224,0.10000000149011612,0.09000000357627869,0.10000000149011612,,,0.012799999676644802
04-01,0.699999988079071,0.4900000095367432,0.5,,0.15000000596046448,0.20000000298023224,0.10000000149011612,0.09000000357627869,,,0.052400000393390656,0.024000000208616257
04-02,0.699999988079071,,,0.4600000083446503,0.15000000596046448,0.20000000298023224,0.10000000149011612,,,0.04650000110268593,0.052400000393390656,0.0215000007301569
04-03,0.699999988079071,,,0.4699999988079071,0.15000000596046448,0.20000000298023224,,,0.12999999523162842,0.05000000074505806,0.05990000069141387,0.0215000007301569
04-04,,,0.5,0.41999998688697815,0.15000000596046448,0.20000000298023224,,0.09000000357627869,0.15000000596046448,0.05700000002980232,0.052400000393390656,
04-05,,0.4900000095367432,0.5,0.41999998688697815,0.15000000596046448,,,0.09000000357627869,0.09000000357627869,0.07010000199079514,0.052400000393390656,
04-06,0.699999988079071,0.4399999976158142,0.5,,,,0.10000000149011612,0.09000000357627869,0.09000000357627869,0.10000000149011612,,0.0215000007301569
04-07,0.6000000238418579,0.4300000071525574,0.41999998688697815,,,0.20000000298023224,0.10000000149011612,0.09000000357627869,0.09000000357627869,,,0.0215000007301569
04-08,0.699999988079071,0.4300000071525574,0.5,,0.15000000596046448,0.1599999964237213,0.10000000149011612,0.09000000357627869,,,0.05990000069141387,0.017149999737739563
04-09,0.699999988079071,0.4300000071525574,,0.41999998688697815,0.15000000596046448,0.1599999964237213,0.10000000149011612,,,0.09950000047683716,0.052400000393390656,0.01730000041425228
04-10,,,,0.41999998688697815,0.15000000596046448,0.1599999964237213,0.10000000149011612,,0.09000000357627869,0.07999999821186066,0.059999998658895486,
04-11,,,0.5,0.41999998688697815,0.15000000596046448,0.1599999964237213,,0.09000000357627869,0.09000000357627869,0.0835999995470047,0.052400000393390656,
04-12,,0.4300000071525574,0.5,0.5,0.15000000596046448,,,0.09000000357627869,0.09000000357627869,0.07999999821186066,0.052400000393390656,
04-13,0.699999988079071,0.4300000071525574,0.5,0.5,,,0.10000000149011612,0.09000000357627869,0.09000000357627869,0.08449999988079071,,0.01730000041425228
04-14,0.8999999761581421,0.3499999940395355,0.3799999952316284,,,0.1599999964237213,0.10000000149011612,0.019999999552965164,,,,0.01730000041425228
04-15,0.8999999761581421,0.3499999940395355,0.3799999952316284,,0.15000000596046448,0.25,0.10000000149011612,0.019999999552965164,,,0.052400000393390656,0.013100000098347664
04-16,0.8000000119209291,0.3499999940395355,,0.5,0.15000000596046448,0.25,0.15000000596046448,,,0.08500000089406967,0.052400000393390656,0.014999999664723871
04-17,0.8999999761581421,,,0.5,0.15000000596046448,0.25,0.15000000596046448,,0.09000000357627869,0.09000000357627869,0.052400000393390656,0.014899999834597109
04-18,,,0.3799999952316284,0.5,0.15000000596046448,,,0.09000000357627869,0.09000000357627869,0.10000000149011612,0.056200001388788216,
04-19,,0.3499999940395355,0.5,0.4099999964237213,0.15000000596046448,,,0.09000000357627869,0.09000000357627869,0.10010000318288803,,
04-20,0.8000000119209291,0.3499999940395355,0.5,0.20000000298023224,,,0.15000000596046448,0.09000000357627869,0.09000000357627869,0.09000000357627869,,0.014899999834597109
04-21,0.8000000119209291,0.3499999940395355,0.5,,,0.25,0.15000000596046448,0.09000000357627869,0.09000000357627869,,,0.014000000432133676
04-22,0.8000000119209291,0.3499999940395355,,,0.15000000596046448,0.25,0.14000000059604645,0.09000000357627869,,,0.052400000393390656,0.014000000432133676
04-23,0.699999988079071,0.3499999940395355,,0.4099999964237213,0.15000000596046448,0.25,0.14000000059604645,,,0.09000000357627869,0.052400000393390656,0.014000000432133676
04-24,0.699999988079071,,,0.3899999856948853,0.15000000596046448,0.20000000298023224,0.14000000059604645,,0.09000000357627869,0.10000000149011612,0.052400000393390656,0.013100000098347664
04-25,,,0.3499999940395355,0.3499999940395355,0.15000000596046448,0.20000000298023224,,0.09000000357627869,0.09000000357627869,0.10000000149011612,0.052400000393390656,
04-26,,0.3499999940395355,0.3400000035762787,0.3499999940395355,0.15000000596046448,,,0.09000000357627869,0.029999999329447743,0.10000000149011612,0.052400000393390656,
04-27,0.6000000238418579,0.3499999940395355,0.3499999940395355,0.3499999940395355,,,0.14000000059604645,0.09000000357627869,0.029999999329447743,0.090999998152256,,0.013100000098347664
04-28,0.6000000238418579,0.3499999940395355,0.3499999940395355,,,0.20000000298023224,0.14000000059604645,0.029999999329447743,0.019999999552965164,,,0.013100000098347664
04-29,0.5,0.3499999940395355,0.5,,0.2199999988079071,0.20000000298023224,0.14000000059604645,0.029999999329447743,,,0.052400000393390656,0.013100000098347664
04-30,0.5,0.4300000071525574,,0.4099999964237213,0.25,0.20000000298023224,0.1599999964237213,,,0.0998999997973442,0.056200001388788216,0.0130000002682209
05-01,0.5,,,0.4099999964237213,0.2199999988079071,0.20000000298023224,0.1599999964237213,,0.019999999552965164,0.0998999997973442,0.052400000393390656,0.007199999876320362
05-02,,,0.5,0.36000001430511475,0.2199999988079071,0.20000000298023224,,0.07999999821186066,0.09000000357627869,0.08500000089406967,0.052400000393390656,
05-03,,0.4300000071525574,0.5,0.3499999940395355,0.25,,,0.029999999329447743,0.09000000357627869,0.0998999997973442,0.056200001388788216,
05-04,0.5,0.3499999940395355,0.5,0.3499999940395355,,,0.1599999964237213,0.09000000357627869,0.09000000357627869,0.09300000220537186,,0.0130000002682209
05-05,0.4000000059604645,0.44999998807907104,0.5,,,0.20000000298023224,0.1599999964237213,0.09000000357627869,0.03999999910593033,,,0.0130000002682209
05-06,0.4000000059604645,0.3499999940395355,0.5,,0.18000000715255735,0.20000000298023224,0.1599999964237213,0.09000000357627869,,,0.056200001388788216,0.007199999876320362
05-07,0.30000001192092896,0.44999998807907104,,0.3400000035762787,0.20000000298023224,0.20000000298023224,0.1599999964237213,,,0.09494999796152116,0.052400000393390656,0.007199999876320362
05-08,0.4000000059604645,,,0.2800000011920929,0.20000000298023224,0.20000000298023224,0.1599999964237213,,0.03999999910593033,0.07999999821186066,0.056200001388788216,0.007199999876320362
05-09,,,0.5,0.2800000011920929,0.20000000298023224,0.20000000298023224,,0.09000000357627869,0.03999999910593033,0.07999999821186066,0.052400000393390656,
05-10,,0.44999998807907104,0.30000001192092896,0.2800000011920929,0.20000000298023224,,,0.09000000357627869,0.03999999910593033,0.09910000115633012,0.04280000180006027,
05-11,0.4000000059604645,0.44999998807907104,0.3799999952316284,0.2800000011920929,,,0.1599999964237213,0.09000000357627869,0.03999999910593033,0.08100000023841858,,0.004100000020116568
05-12,0.30000001192092896,0.3700000047683716,0.3799999952316284,,,0.20000000298023224,0.1599999964237213,0.09000000357627869,0.03999999910593033,,,0.004100000020116568
05-13,0.30000001192092896,0.4399999976158142,0.5,,0.20000000298023224,0.20000000298023224,0.1599999964237213,0.09000000357627869,,,0.04280000180006027,0.004100000020116568
05-14,0.4000000059604645,0.44999998807907104,,0.3799999952316284,0.20000000298023224,0.20000000298023224,0.1599999964237213,,,0.09009999781847,0.0980999991297722,0.004100000020116568
05-15,0.4000000059604645,,,0.3799999952316284,0.20000000298023224,0.20000000298023224,0.1599999964237213,,0.03999999910593033,0.09104999899864197,0.08550000190734862,0.004100000020116568
05-16,,,0.5,0.3799999952316284,0.20000000298023224,0.2899999916553497,,0.09000000357627869,0.03999999910593033,0.09049999713897704,0.07750000059604645,
05-17,,0.33000001311302185,0.5,0.3799999952316284,0.20000000298023224,,,0.09000000357627869,0.03999999910593033,0.09790000319480896,0.08990000188350677,
05-18,0.30000001192092896,0.3499999940395355,0.30000001192092896,0.3799999952316284,,,0.1599999964237213,0.09000000357627869,0.03999999910593033,0.0980999991297722,,0.01899999938905239
05-19,0.30000001192092896,0.3499999940395355,0.25,,,0.2899999916553497,0.1599999964237213,0.09000000357627869,0.09000000357627869,,,0.01899999938905239
05-20,0.30000001192092896,0.3499999940395355,0.25,,0.20000000298023224,0.25,0.1599999964237213,0.09000000357627869,,,0.06499999761581421,0.0215000007301569
05-21,0.30000001192092896,0.3499999940395355,,0.3799999952316284,0.20000000298023224,0.25,0.1599999964237213,,,0.09000000357627869,0.04320000112056732,0.014999999664723871
05-22,0.30000001192092896,,,0.3799999952316284,0.20000000298023224,0.25,0.1599999964237213,,0.09000000357627869,0.09700000286102296,0.0430000014603138,0.014999999664723871
05-23,,,0.30000001192092896,0.3799999952316284,0.20000000298023224,0.25,,0.09000000357627869,0.09000000357627869,0.09700000286102296,0.0430000014603138,
05-24,,0.3499999940395355,0.30000001192092896,0.3799999952316284,0.4000000059604645,,,0.09000000357627869,0.09000000357627869,0.0851999968290329,0.0430000014603138,
05-25,,0.3499999940395355,0.479999989271164,0.3799999952316284,,,,0.09000000357627869,0.09000000357627869,0.09700000286102296,,
05-26,0.30000001192092896,0.3100000023841858,0.4900000095367432,,,,0.1599999964237213,0.05000000074505806,0.09000000357627869,,,0.014999999664723871
05-27,0.30000001192092896,0.3499999940395355,0.479999989271164,,,0.25,0.1599999964237213,0.09000000357627869,,,,0.01278000045567751
05-28,0.30000001192092896,0.3499999940395355,,,0.4000000059604645,0.20000000298023224,0.1599999964237213,,,,0.0430000014603138,0.017249999567866325
05-29,0.30000001192092896,,,0.3799999952316284,0.20999999344348907,0.25,0.15000000596046448,,,0.09700000286102296,0.0430000014603138,0.01527999993413687
05-30,,,,0.36000001430511475,0.20999999344348907,0.25,,,0.07000000029802322,0.08760000020265579,0.04654999822378159,
05-31,,,0.33000001311302185,0.36000001430511475,0.20999999344348907,,,0.09000000357627869,0.07000000029802322,0.08760000020265579,0.050200000405311584,
06-01,0.30000001192092896,0.3499999940395355,0.4900000095367432,0.36000001430511475,,,0.15000000596046448,0.09000000357627869,0.059999998658895486,0.08760000020265579,,0.011500000022351742
06-02,0.30000001192092896,0.3499999940395355,0.25999999046325684,,,0.25,0.15000000596046448,0.09000000357627869,0.09000000357627869,,,0.014999999664723871
06-03,0.30000001192092896,0.30000001192092896,0.25999999046325684,,0.23000000417232516,0.20000000298023224,0.15000000596046448,0.09000000357627869,,,0.04309999942779541,0.011500000022351742
06-04,0.30000001192092896,0.3499999940395355,,0.3799999952316284,0.23000000417232516,0.2899999916553497,0.10000000149011612,,,0.09690000116825104,0.04309999942779541,0.011500000022351742
06-05,0.30000001192092896,,,0.3799999952316284,0.23000000417232516,0.2899999916553497,0.10000000149011612,,0.09000000357627869,0.08500000089406967,0.0466499999165535,0.011500000022351742
06-06,,,0.4900000095367432,0.3799999952316284,0.23000000417232516,0.20000000298023224,,0.019999999552965164,0.09000000357627869,0.07999999821186066,0.04309999942779541,
06-07,,0.3100000023841858,0.479999989271164,0.3799999952316284,0.20000000298023224,,,0.019999999552965164,0.059999998658895486,0.07000000029802322,0.04309999942779541,
06-08,0.20000000298023224,0.3100000023841858,0.479999989271164,0.3799999952316284,,,0.10000000149011612,0.019999999552965164,0.029999999329447743,0.08799999952316284,,0.014089999720454216
06-09,0.30000001192092896,0.3100000023841858,0.4900000095367432,,,0.20000000298023224,0.10000000149011612,0.019999999552965164,0.024299999698996544,,,0.014089999720454216
06-10,0.4000000059604645,0.3100000023841858,0.4900000095367432,,0.2199999988079071,0.20000000298023224,0.10000000149011612,0.059999998658895486,,,0.04309999942779541,0.016310000792145733
06-11,0.4000000059604645,0.3100000023841858,,0.3799999952316284,0.2199999988079071,0.20000000298023224,0.10000000149011612,,,0.09640000015497208,0.04349999874830246,0.016310000792145733
06-12,0.30000001192092896,,,0.3799999952316284,0.2199999988079071,0.20000000298023224,0.10000000149011612,,0.045000001788139336,0.0843999981880188,0.04309999942779541,0.016300000250339508
06-13,,,0.4900000095367432,0.3799999952316284,0.2199999988079071,0.20000000298023224,,0.059999998658895486,0.045000001788139336,0.0731000006198883,0.04309999942779541,
06-14,,0.3100000023841858,0.4900000095367432,0.3799999952316284,0.2199999988079071,,,0.059999998658895486,0.045000001788139336,0.07900000363588333,0.0430000014603138,
06-15,0.30000001192092896,0.3100000023841858,0.10999999940395357,0.3799999952316284,,,0.10000000149011612,0.059999998658895486,0.045000001788139336,0.07900000363588333,,0.018899999558925632
06-16,0.30000001192092896,0.30000001192092896,0.4900000095367432,,,0.2199999988079071,0.10000000149011612,0.059999998658895486,0.045000001788139336,,,0.011500000022351742
06-17,0.4000000059604645,0.30000001192092896,0.4900000095367432,,0.2199999988079071,0.2199999988079071,0.10000000149011612,0.059999998658895486,,,0.0430000014603138,0.011500000022351742
06-18,0.4000000059604645,0.30000001192092896,,0.3799999952316284,0.2199999988079071,0.2199999988079071,0.07999999821186066,,,0.07900000363588333,0.04309999942779541,0.011500000022351742
06-19,0.4000000059604645,,,0.3799999952316284,0.30000001192092896,0.20999999344348907,0.07999999821186066,,0.08990000188350677,0.07900000363588333,0.04309999942779541,0.011500000022351742
06-20,,,0.44999998807907104,0.3799999952316284,0.30000001192092896,0.20999999344348907,,0.059999998658895486,0.08990000188350677,0.06989999860525131,0.05404999852180481,
06-21,,0.30000001192092896,0.44999998807907104,0.3799999952316284,0.3100000023841858,,,0.029999999329447743,0.08990000188350677,0.061000000685453415,0.05404999852180481,
06-22,0.4000000059604645,0.2800000011920929,0.4900000095367432,0.3799999952316284,,,0.07999999821186066,0.059999998658895486,0.08990000188350677,0.06499999761581421,,0.010999999940395357
06-23,0.30000001192092896,0.2800000011920929,0.479999989271164,,,0.1899999976158142,0.07999999821186066,0.05000000074505806,0.08990000188350677,,,0.010999999940395357
06-24,0.30000001192092896,0.2800000011920929,0.479999989271164,,0.3100000023841858,0.1899999976158142,0.07999999821186066,0.059999998658895486,,,0.05404999852180481,0.015490000136196613
06-25,0.4000000059604645,0.3400000035762787,,0.36000001430511475,0.3100000023841858,0.1899999976158142,0.07999999821186066,,,0.06499999761581421,0.05000000074505806,0.017899999395012856
06-26,0.4000000059604645,,,0.3700000047683716,0.3100000023841858,0.20999999344348907,0.07999999821186066,,0.05299999937415123,0.06499999761581421,0.05000000074505806,0.010300000198185444
06-27,,,0.4399999976158142,0.3700000047683716,0.3100000023841858,0.20999999344348907,,0.059999998658895486,0.054999999701976776,0.07800000160932541,0.04309999942779541,
06-28,,0.4300000071525574,0.4399999976158142,0.3799999952316284,0.3100000023841858,,,0.059999998658895486,0.054999999701976776,0.06700000166893005,0.04309999942779541,
06-29,0.30000001192092896,0.4300000071525574,0.4399999976158142,0.3799999952316284,,,0.07999999821186066,0.059999998658895486,0.054999999701976776,0.05750000104308128,,0.011780000291764736
06-30,0.4000000059604645,0.23000000417232516,0.4399999976158142,,,0.20999999344348907,0.07999999821186066,0.059999998658895486,0.06499999761581421,,,0.016899999231100082
07-01,0.4000000059604645,0.4300000071525574,0.4399999976158142,,0.3100000023841858,0.20999999344348907,0.07999999821186066,0.059999998658895486,,,0.04320000112056732,0.011500000022351742
07-02,0.30000001192092896,0.4300000071525574,,0.3799999952316284,0.3100000023841858,0.20999999344348907,0.07999999821186066,,,0.0575999990105629,0.04309999942779541,0.01679999940097332
07-03,,,,0.3799999952316284,0.3100000023841858,0.20999999344348907,,,0.06499999761581421,0.06390000134706497,0.04309999942779541,
07-05,,,0.4399999976158142,0.3799999952316284,0.3100000023841858,,,0.059999998658895486,0.06499999761581421,0.06350000202655792,0.06499999761581421,
07-06,0.30000001192092896,0.4300000071525574,0.4399999976158142,0.3799999952316284,,,0.07999999821186066,0.059999998658895486,0.06499999761581421,0.06390000134706497,,0.01679999940097332
07-07,0.239999994635582,0.4300000071525574,0.4399999976158142,,,0.4000000059604645,0.07999999821186066,0.059999998658895486,0.07000000029802322,,,0.01679999940097332
07-08,0.10000000149011612,0.36000001430511475,0.4399999976158142,,0.3100000023841858,0.4000000059604645,0.07999999821186066,0.059999998658895486,,,0.04309999942779541,0.014999999664723871
07-09,0.10000000149011612,0.36000001430511475,,0.3799999952316284,0.3100000023841858,0.4000000059604645,0.07999999821186066,,,0.05764999985694885,0.06244999915361405,0.013550000265240671
07-10,0.10000000149011612,,,0.3799999952316284,0.3100000023841858,0.4000000059604645,0.07999999821186066,,0.07000000029802322,0.0649000033736229,0.05400000140070915,0.011800000444054605
07-11,,,0.4399999976158142,0.3799999952316284,0.3100000023841858,0.4000000059604645,,0.059999998658895486,0.07000000029802322,0.059999998658895486,0.05400000140070915,
07-12,,0.36000001430511475,0.4399999976158142,0.3700000047683716,0.3100000023841858,,,0.059999998658895486,0.07000000029802322,0.059999998658895486,0.05400000140070915,
07-13,0.10000000149011612,0.3799999952316284,0.4399999976158142,0.36000001430511475,,,0.07999999821186066,0.059999998658895486,0.059999998658895486,0.059999998658895486,,0.011800000444054605
07-14,0.25,0.3799999952316284,0.479999989271164,,,0.4000000059604645,0.07999999821186066,0.059999998658895486,0.0820000022649765,,,0.014399999752640724
07-15,0.25,0.3799999952316284,0.479999989271164,,0.3100000023841858,0.4000000059604645,0.07999999821186066,0.059999998658895486,,,0.059999998658895486,0.010099999606609344
07-16,0.30000001192092896,0.3799999952316284,,0.3100000023841858,0.3100000023841858,0.4000000059604645,0.1599999964237213,,,0.059999998658895486,0.04320000112056732,0.010099999606609344
07-17,0.25,,,0.3100000023841858,0.25999999046325684,0.4000000059604645,0.1599999964237213,,0.07989999651908875,0.0511000007390976,0.04320000112056732,0.01590000092983246
07-18,,,0.479999989271164,0.3100000023841858,0.25999999046325684,0.4000000059604645,,0.059999998658895486,0.07989999651908875,0.07400000095367433,0.04309999942779541,
07-19,,0.41999998688697815,0.479999989271164,0.3100000023841858,0.2700000107288361,,,0.059999998658895486,0.07989999651908875,0.0689999982714653,0.04309999942779541,
07-20,0.25,0.4000000059604645,0.4300000071525574,0.3100000023841858,,,0.1599999964237213,0.059999998658895486,0.07989999651908875,0.07050000131130219,,0.015799999237060547
07-21,0.25,0.4000000059604645,0.4399999976158142,,,0.4000000059604645,0.1599999964237213,0.059999998658895486,0.07989999651908875,,,0.015799999237060547
07-22,0.23000000417232516,0.4000000059604645,0.3499999940395355,,0.30000001192092896,0.4000000059604645,0.1599999964237213,0.059999998658895486,,,0.059999998658895486,0.010099999606609344
07-23,0.23000000417232516,0.41999998688697815,,0.4000000059604645,0.3100000023841858,0.4000000059604645,0.1599999964237213,,,0.07249999791383742,0.059999998658895486,0.014999999664723871
07-24,0.23000000417232516,,,0.3100000023841858,0.3100000023841858,0.4000000059604645,0.1599999964237213,,0.07989999651908875,0.059999998658895486,0.03500000014901161,0.014899999834597109
07-25,,,0.3499999940395355,0.3100000023841858,0.3100000023841858,0.4000000059604645,,0.059999998658895486,0.06610000133514404,0.059000000357627876,0.058899998664855964,
07-26,,0.23000000417232516,0.4699999988079071,0.3100000023841858,0.3100000023841858,,,0.059999998658895486,0.06610000133514404,0.0511000007390976,0.05490000173449516,
07-27,0.23000000417232516,0.4000000059604645,0.44999998807907104,0.3100000023841858,,,0.1599999964237213,0.059999998658895486,0.06639999896287918,0.050999999046325684,,0.010099999606609344
07-28,0.23000000417232516,0.4000000059604645,0.44999998807907104,,,0.4000000059604645,0.1599999964237213,0.059999998658895486,0.06639999896287918,,,0.014999999664723871
07-29,0.23000000417232516,0.4000000059604645,0.44999998807907104,,0.3100000023841858,0.25,0.1599999964237213,0.059999998658895486,,,0.03539999946951866,0.014999999664723871
07-30,0.15000000596046448,0.4000000059604645,,0.3100000023841858,0.3100000023841858,0.25,0.1599999964237213,,,0.04650000110268593,0.035999998450279236,0.014999999664723871
07-31,0.20000000298023224,,,0.3100000023841858,0.3100000023841858,0.15000000596046448,0.1599999964237213,,0.06639999896287918,0.04650000110268593,0.04800000041723251,0.009999999776482582
08-01,,,0.44999998807907104,0.3499999940395355,0.3100000023841858,0.15000000596046448,,0.059999998658895486,0.06639999896287918,0.054999999701976776,0.045000001788139336,
08-02,,0.4000000059604645,0.44999998807907104,0.3499999940395355,0.3100000023841858,,,0.059999998658895486,0.06639999896287918,0.05400000140070915,0.045000001788139336,
08-03,0.3899999856948853,0.4000000059604645,0.44999998807907104,0.20000000298023224,,,0.1599999964237213,0.059999998658895486,0.07500000298023224,0.05400000140070915,,0.009999999776482582
08-04,0.3899999856948853,0.4000000059604645,0.44999998807907104,,,0.15000000596046448,0.09000000357627869,0.059999998658895486,0.07500000298023224,,,0.014999999664723871
08-05,0.3899999856948853,0.3899999856948853,0.44999998807907104,,0.3100000023841858,0.15000000596046448,0.09000000357627869,0.029999999329447743,,,0.045000001788139336,0.014999999664723871
08-06,0.3899999856948853,0.4300000071525574,,0.20000000298023224,0.3100000023841858,0.15000000596046448,0.09000000357627869,,,0.048749998211860664,0.045000001788139336,0.014999999664723871
08-07,0.3899999856948853,,,0.20000000298023224,0.3100000023841858,0.15000000596046448,0.09000000357627869,,0.07500000298023224,0.05000000074505806,0.045000001788139336,0.014999999664723871
08-08,,,0.44999998807907104,0.25,0.3100000023841858,0.15000000596046448,,0.029999999329447743,0.07500000298023224,0.05490000173449516,0.022099999710917476,
08-09,,0.41999998688697815,0.44999998807907104,0.25,0.3100000023841858,,,0.029999999329447743,0.07000000029802322,0.04010000079870224,0.044700000435113914,
08-10,0.119999997317791,0.41999998688697815,0.4399999976158142,0.20000000298023224,,,0.09000000357627869,0.029999999329447743,0.07000000029802322,0.07249999791383742,,0.014999999664723871
08-11,0.119999997317791,0.41999998688697815,0.4399999976158142,,,0.15000000596046448,0.09000000357627869,0.029999999329447743,0.07000000029802322,,,0.009999999776482582
08-12,0.119999997317791,0.41999998688697815,0.4399999976158142,,0.3100000023841858,0.15000000596046448,0.09000000357627869,0.029999999329447743,,,0.023649999871850014,0.014899999834597109
08-13,0.05000000074505806,0.41999998688697815,,0.2800000011920929,0.2199999988079071,0.23000000417232516,0.09000000357627869,,,0.10999999940395357,0.023649999871850014,0.009999999776482582
08-14,0.07000000029802322,,,0.2800000011920929,0.2199999988079071,0.23000000417232516,0.09000000357627869,,0.06509999930858612,0.10000000149011612,0.03799999877810478,0.012000000104308128
08-15,,,0.4399999976158142,0.2800000011920929,0.2199999988079071,0.20000000298023224,,0.059999998658895486,0.06499999761581421,0.1143999993801117,0.03799999877810478,
08-16,,0.41999998688697815,0.4399999976158142,0.2899999916553497,0.2199999988079071,,,0.059999998658895486,0.06499999761581421,0.11500000208616255,0.03799999877810478,
08-17,0.07000000029802322,0.41999998688697815,0.4399999976158142,0.2899999916553497,,,0.09000000357627869,0.05000000074505806,0.06499999761581421,0.10999999940395357,,0.012000000104308128
08-18,0.05000000074505806,0.41999998688697815,0.4399999976158142,,,0.20000000298023224,0.09000000357627869,0.05000000074505806,0.06300000101327896,,,0.008000000379979609
08-19,0.10999999940395357,0.41999998688697815,0.4399999976158142,,0.2199999988079071,0.20000000298023224,0.09000000357627869,0.05000000074505806,,,0.03799999877810478,0.011049999855458736
08-20,0.059999998658895486,0.41999998688697815,,0.2899999916553497,0.2199999988079071,0.20000000298023224,0.09000000357627869,,,0.0949999988079071,0.04194999858736992,0.011500000022351742
08-21,0.059999998658895486,,,0.25,0.2199999988079071,0.20000000298023224,0.09000000357627869,,0.06300000101327896,0.11990000307559967,0.04194999858736992,0.011500000022351742
08-22,,,0.4399999976158142,0.2199999988079071,0.2199999988079071,0.20000000298023224,,0.05000000074505806,0.050999999046325684,0.10100000351667404,0.04490000009536743,
08-23,,0.41999998688697815,0.5099999904632568,0.25999999046325684,0.2199999988079071,,,0.05000000074505806,0.05559999868273735,0.11649999767541885,0.03999999910593033,
08-24,0.07999999821186066,0.41999998688697815,0.25999999046325684,0.30000001192092896,,,0.09000000357627869,0.05000000074505806,0.054999999701976776,0.11749999970197678,,0.011500000022351742
08-25,0.05000000074505806,0.3499999940395355,0.4399999976158142,,,0.20000000298023224,0.09000000357627869,0.05000000074505806,0.05000000074505806,,,0.009999999776482582
08-26,0.05000000074505806,0.3499999940395355,0.4399999976158142,,0.2199999988079071,0.20000000298023224,0.059999998658895486,0.05000000074505806,,,0.03999999910593033,0.00989999994635582
08-27,0.059999998658895486,0.4000000059604645,,0.30000001192092896,0.2199999988079071,0.20000000298023224,0.059999998658895486,,,0.1185000017285347,0.043900001794099815,0.00989999994635582
08-28,0.059999998658895486,,,0.23000000417232516,0.20999999344348907,0.20000000298023224,0.09000000357627869,,0.07500000298023224,0.1169999986886978,0.03799999877810478,0.0070000002160668364
08-29,,,0.4399999976158142,0.23000000417232516,0.20999999344348907,0.20000000298023224,,0.05000000074505806,0.045000001788139336,0.11980000138282774,0.03799999877810478,
08-30,,0.3499999940395355,0.4399999976158142,0.2199999988079071,0.20999999344348907,,,0.05000000074505806,0.045000001788139336,0.11980000138282774,0.04490000009536743,
08-31,0.059999998658895486,0.3799999952316284,0.4399999976158142,0.23000000417232516,,,0.09000000357627869,0.029999999329447743,0.050999999046325684,0.119999997317791,,0.008000000379979609
09-01,0.059999998658895486,0.4000000059604645,0.4399999976158142,,,,0.09000000357627869,0.029999999329447743,0.050999999046325684,,,0.008000000379979609
09-02,0.059999998658895486,0.4000000059604645,0.4399999976158142,,,0.20000000298023224,0.09000000357627869,0.029999999329447743,,,,0.008000000379979609
09-03,0.07000000029802322,0.4000000059604645,,,0.20999999344348907,0.20000000298023224,0.09000000357627869,,,,0.04490000009536743,0.008000000379979609
09-04,0.07000000029802322,,,0.23000000417232516,0.20999999344348907,0.20000000298023224,0.09000000357627869,,,0.11500000208616255,0.04490000009536743,0.0130000002682209
09-05,,,,0.23000000417232516,0.20999999344348907,0.20000000298023224,,,0.050999999046325684,0.11500000208616255,0.04490000009536743,
09-06,,,0.4399999976158142,0.23000000417232516,0.20999999344348907,,,0.029999999329447743,0.06499999761581421,0.10000000149011612,0.04490000009536743,
09-07,,0.4099999964237213,0.4399999976158142,0.23000000417232516,,,,0.029999999329447743,0.06499999761581421,0.10000000149011612,,
09-08,0.20000000298023224,0.4099999964237213,0.4399999976158142,,,0.20000000298023224,0.09000000357627869,0.029999999329447743,0.06499999761581421,,,0.0130000002682209
09-09,0.20000000298023224,0.4099999964237213,0.4399999976158142,,0.20999999344348907,0.20000000298023224,0.09000000357627869,0.029999999329447743,,,0.04490000009536743,0.016000000759959217
09-10,0.20000000298023224,0.4099999964237213,,0.23000000417232516,0.20999999344348907,0.18000000715255735,0.09000000357627869,,,0.1143999993801117,0.04490000009536743,0.012000000104308128
09-11,0.20000000298023224,,,0.23000000417232516,0.20999999344348907,0.18000000715255735,0.059999998658895486,,0.06499999761581421,0.10499999672174454,0.03999999910593033,0.012000000104308128
09-12,,,0.4399999976158142,0.2199999988079071,0.20999999344348907,0.09000000357627869,,0.03999999910593033,0.06400000303983687,0.090999998152256,0.03999999910593033,
09-13,,0.41999998688697815,0.4399999976158142,0.2199999988079071,0.20999999344348907,,,0.03999999910593033,0.06400000303983687,0.10450000315904616,0.03999999910593033,
09-14,0.20000000298023224,0.4099999964237213,0.4399999976158142,0.23000000417232516,,,0.059999998658895486,0.03999999910593033,0.07000000029802322,0.0949999988079071,,0.002000000094994902
09-15,0.07000000029802322,0.4300000071525574,0.4399999976158142,,,0.10999999940395357,0.059999998658895486,0.029999999329447743,0.07000000029802322,,,0.002000000094994902
09-16,0.07000000029802322,0.4300000071525574,0.4399999976158142,,0.20000000298023224,0.10000000149011612,0.059999998658895486,0.029999999329447743,,,0.03999999910593033,0.002000000094994902
09-17,0.07000000029802322,0.41999998688697815,,0.23000000417232516,0.05000000074505806,0.10000000149011612,0.059999998658895486,,,0.10350000113248824,0.024000000208616257,0.002000000094994902
09-18,0.12999999523162842,,,0.23000000417232516,0.30000001192092896,0.10999999940395357,0.059999998658895486,,0.054999999701976776,0.0949999988079071,0.02410000003874302,
09-19,,,0.4399999976158142,0.23000000417232516,0.30000001192092896,0.10999999940395357,,0.029999999329447743,0.054999999701976776,0.0949999988079071,0.02410000003874302,
09-20,,0.41999998688697815,0.4399999976158142,0.23000000417232516,0.30000001192092896,,,0.029999999329447743,0.054999999701976776,0.10000000149011612,0.02410000003874302,
09-21,0.15000000596046448,0.4300000071525574,0.25,0.23000000417232516,,,0.059999998658895486,0.029999999329447743,0.06800000369548798,0.0989999994635582,,0.002000000094994902
09-22,0.15000000596046448,0.41999998688697815,0.25,,,0.10999999940395357,0.059999998658895486,0.029999999329447743,0.06800000369548798,,,0.014000000432133676
09-23,0.1899999976158142,0.4300000071525574,0.41999998688697815,,0.30000001192092896,0.10999999940395357,0.059999998658895486,0.029999999329447743,,,0.032499998807907104,0.014000000432133676
09-24,0.1899999976158142,0.4300000071525574,,0.23000000417232516,0.30000001192092896,0.10999999940395357,0.059999998658895486,,,0.10000000149011612,0.029999999329447743,0.003000000026077032
09-25,0.1899999976158142,,,0.23000000417232516,0.30000001192092896,0.10999999940395357,0.059999998658895486,,0.054999999701976776,0.09030000120401382,0.03245000168681145,0.003000000026077032
09-26,,,0.41999998688697815,0.23000000417232516,0.30000001192092896,0.10999999940395357,,0.009999999776482582,0.054999999701976776,0.0957999974489212,0.03245000168681145,
09-27,,0.44999998807907104,0.41999998688697815,0.23000000417232516,0.30000001192092896,,,0.029999999329447743,0.054999999701976776,0.0948999971151352,0.03245000168681145,
09-28,0.1899999976158142,0.44999998807907104,0.41999998688697815,0.23000000417232516,,,0.059999998658895486,0.029999999329447743,0.07999999821186066,0.0948999971151352,,0.003000000026077032
09-29,0.1899999976158142,0.4300000071525574,0.23000000417232516,,,0.10000000149011612,0.059999998658895486,0.029999999329447743,0.04600000008940697,,,0.003599999938160181
09-30,0.1899999976158142,0.44999998807907104,0.23000000417232516,,0.30000001192092896,0.10000000149011612,0.059999998658895486,0.029999999329447743,,,0.025100000202655792,0.003599999938160181
10-01,0.20000000298023224,0.44999998807907104,,0.23000000417232516,0.30000001192092896,0.10000000149011612,0.059999998658895486,,,0.08560000360012054,0.025100000202655792,0.003599999938160181
10-02,0.20000000298023224,,,0.23000000417232516,0.30000001192092896,0.07000000029802322,0.059999998658895486,,0.04600000008940697,0.07999999821186066,0.02500000037252903,0.009250000119209291
10-03,,,0.4000000059604645,0.23000000417232516,0.30000001192092896,0.09000000357627869,,0.029999999329447743,0.04600000008940697,0.09239999949932097,0.02500000037252903,
10-04,,0.44999998807907104,0.4000000059604645,0.23000000417232516,0.30000001192092896,,,0.029999999329447743,0.04749999940395355,0.08100000023841858,0.02500000037252903,
10-05,0.20000000298023224,0.4300000071525574,0.4000000059604645,0.20000000298023224,,,0.059999998658895486,0.029999999329447743,0.07999999821186066,0.08100000023841858,,0.009200000204145908
10-06,0.20000000298023224,0.4600000083446503,0.4000000059604645,,,0.09000000357627869,0.09000000357627869,0.029999999329447743,0.07999999821186066,,,0.009200000204145908
10-07,0.20000000298023224,0.4600000083446503,0.4000000059604645,,0.30000001192092896,0.09000000357627869,0.09000000357627869,0.019999999552965164,,,0.020999999716877937,0.006750000175088644
10-08,0.23000000417232516,0.4300000071525574,,0.20000000298023224,0.30000001192092896,0.09000000357627869,0.09000000357627869,,,0.08810000121593475,0.02199999988079071,0.006750000175088644
10-09,0.23000000417232516,,,0.20000000298023224,0.2199999988079071,0.09000000357627869,0.09000000357627869,,0.07999999821186066,0.08810000121593475,0.021299999207258224,0.008899999782443047
10-10,,,0.4000000059604645,0.20000000298023224,0.2899999916553497,0.09000000357627869,,0.019999999552965164,0.07999999821186066,0.08959999680519104,0.021299999207258224,
10-11,,0.4699999988079071,0.4000000059604645,0.20000000298023224,0.2899999916553497,,,0.019999999552965164,0.059999998658895486,0.08810000121593475,0.029999999329447743,
10-12,0.23000000417232516,0.4699999988079071,0.4000000059604645,0.23000000417232516,,,0.09000000357627869,0.019999999552965164,0.06499999761581421,0.08699999749660492,,0.014000000432133676
10-13,0.20000000298023224,0.479999989271164,0.4000000059604645,,,0.09000000357627869,0.059999998658895486,0.019999999552965164,0.06300000101327896,,,0.014000000432133676
10-14,0.2199999988079071,0.5,0.4000000059604645,,0.239999994635582,0.09000000357627869,0.059999998658895486,0.019999999552965164,,,0.029999999329447743,0.0130000002682209
10-15,0.2199999988079071,0.5199999809265137,,0.20000000298023224,0.30000001192092896,0.059999998658895486,0.059999998658895486,,,0.08100000023841858,0.021299999207258224,0.009999999776482582
10-16,0.25,,,0.20000000298023224,0.2199999988079071,0.059999998658895486,0.059999998658895486,,0.06300000101327896,0.08100000023841858,0.021299999207258224,0.009999999776482582
10-17,,,0.4000000059604645,0.23000000417232516,0.2199999988079071,0.059999998658895486,,0.019999999552965164,0.05000000074505806,0.08495000004768373,0.021299999207258224,
10-18,,0.5199999809265137,0.23000000417232516,0.23000000417232516,0.2199999988079071,,,0.019999999552965164,0.03400000184774399,0.08889999985694885,0.021299999207258224,
10-19,0.3499999940395355,0.5,0.41999998688697815,0.23000000417232516,,,0.09000000357627869,0.019999999552965164,0.05000000074505806,0.08100000023841858,,0.011049999855458736
10-20,0.2199999988079071,0.550000011920929,0.41999998688697815,,,0.059999998658895486,0.09000000357627869,0.019999999552965164,0.032999999821186066,,,0.011049999855458736
10-21,0.30000001192092896,0.550000011920929,0.3199999928474426,,0.2199999988079071,0.059999998658895486,0.09000000357627869,0.019999999552965164,,,0.02019999921321869,0.011500000022351742
10-22,0.2199999988079071,0.550000011920929,,0.20999999344348907,0.2199999988079071,0.059999998658895486,0.09000000357627869,,,0.07999999821186066,0.02504999935626984,0.0130000002682209
10-23,0.2199999988079071,,,0.20999999344348907,0.2199999988079071,0.059999998658895486,0.09000000357627869,,0.032999999821186066,0.07599999755620956,0.02504999935626984,0.0130000002682209
10-24,,,0.3199999928474426,0.20999999344348907,0.2199999988079071,0.059999998658895486,,0.019999999552965164,0.032999999821186066,0.07599999755620956,0.02504999935626984,
10-25,,0.5199999809265137,0.33000001311302185,0.20999999344348907,0.2199999988079071,,,0.019999999552965164,0.032999999821186066,0.07599999755620956,0.02504999935626984,
10-26,0.20000000298023224,0.5199999809265137,0.3799999952316284,0.20999999344348907,,,0.09000000357627869,0.019999999552965164,0.03990000113844872,0.07500000298023224,,0.012500000186264515
10-27,0.3499999940395355,0.5199999809265137,0.41999998688697815,,,0.059999998658895486,0.09000000357627869,0.019999999552965164,0.03990000113844872,,,0.012500000186264515
10-28,0.3499999940395355,0.5,0.4000000059604645,,0.2199999988079071,0.059999998658895486,0.059999998658895486,0.019999999552965164,,,0.02504999935626984,0.012500000186264515
10-29,0.3499999940395355,0.5299999713897705,,,0.2199999988079071,0.059999998658895486,0.059999998658895486,,,0.07000000029802322,0.020099999383091927,0.012500000186264515
10-30,0.3499999940395355,,,,0.2199999988079071,0.059999998658895486,0.059999998658895486,,0.029999999329447743,0.059999998658895486,0.027000000700354576,0.012500000186264515
10-31,,,0.30000001192092896,0.20999999344348907,0.2199999988079071,0.059999998658895486,,0.019999999552965164,0.02989999949932098,0.0575999990105629,0.027000000700354576,
11-01,,0.5299999713897705,0.2899999916553497,0.20999999344348907,0.2199999988079071,,,0.019999999552965164,0.02989999949932098,0.0575999990105629,0.020099999383091927,
11-02,0.5,0.5,0.3499999940395355,0.2199999988079071,,,0.059999998658895486,0.019999999552965164,0.035100001841783524,0.07819999754428864,,0.012500000186264515
11-03,0.5099999904632568,0.5,0.33000001311302185,,,0.059999998658895486,0.059999998658895486,0.019999999552965164,0.035100001841783524,,,0.009700000286102295
11-04,0.5099999904632568,0.5199999809265137,0.3499999940395355,,0.2199999988079071,0.059999998658895486,0.059999998658895486,0.019999999552965164,,,0.020999999716877937,0.007799999788403511
11-05,0.36000001430511475,0.5199999809265137,,0.2199999988079071,0.2199999988079071,0.059999998658895486,0.059999998658895486,,,0.059999998658895486,0.020099999383091927,0.007600000128149986
11-06,0.36000001430511475,,,0.2199999988079071,0.2199999988079071,0.07999999821186066,0.059999998658895486,,0.03610000014305115,0.05000000074505806,0.02355000004172325,0.009999999776482582
11-07,,,0.3499999940395355,0.2199999988079071,0.23000000417232516,0.07999999821186066,,0.019999999552965164,0.03610000014305115,0.05000000074505806,0.020600000396370888,
11-08,,0.5199999809265137,0.30000001192092896,0.2199999988079071,0.23000000417232516,,,0.019999999552965164,0.02989999949932098,0.06750000268220901,0.020099999383091927,
11-09,0.5199999809265137,0.5400000214576721,0.33000001311302185,0.20000000298023224,,,0.059999998658895486,0.019999999552965164,0.02800000086426735,0.03099999949336052,,0.010499999858438969
11-10,0.3499999940395355,0.5400000214576721,0.33000001311302185,,,0.03999999910593033,0.059999998658895486,0.019999999552965164,0.02800000086426735,,,0.010499999858438969
11-11,0.3499999940395355,0.5400000214576721,0.33000001311302185,,0.23000000417232516,0.03999999910593033,0.059999998658895486,0.019999999552965164,,,0.020099999383091927,0.006000000052154064
11-12,0.3499999940395355,0.5400000214576721,,0.20000000298023224,0.23000000417232516,0.03999999910593033,0.05000000074505806,,,0.04628999903798103,0.014100000262260437,0.006000000052154064
11-13,0.3499999940395355,,,0.20000000298023224,0.23000000417232516,0.03999999910593033,0.05000000074505806,,0.02800000086426735,0.07249999791383742,0.014100000262260437,0.012450000271201134
11-14,,,0.33000001311302185,0.20000000298023224,0.23000000417232516,0.059999998658895486,,0.019999999552965164,0.029999999329447743,0.054999999701976776,0.026900000870227814,
11-15,,0.5400000214576721,0.33000001311302185,0.20000000298023224,0.23000000417232516,,,0.019999999552965164,0.029999999329447743,0.05700000002980232,0.012249999679625034,
11-16,0.3499999940395355,0.5400000214576721,0.33000001311302185,0.20000000298023224,,,0.05000000074505806,0.019999999552965164,0.029999999329447743,0.05000000074505806,,
11-17,0.3499999940395355,0.5400000214576721,0.3499999940395355,,,0.07999999821186066,0.05000000074505806,0.009999999776482582,0.029999999329447743,,,
11-18,0.2199999988079071,0.5400000214576721,0.3499999940395355,,0.23000000417232516,0.07999999821186066,0.059999998658895486,0.009999999776482582,,,0.026900000870227814,
11-19,0.2199999988079071,0.550000011920929,,0.20000000298023224,0.2199999988079071,0.07999999821186066,0.09000000357627869,,,0.05000000074505806,0.026900000870227814,
11-20,0.33000001311302185,,,0.20000000298023224,0.2199999988079071,0.10999999940395357,0.09000000357627869,,0.028999999165534977,0.036249998956918716,0.026900000870227814,
11-21,,,0.3499999940395355,0.20000000298023224,0.2199999988079071,0.05000000074505806,,0.009999999776482582,0.027000000700354576,0.036249998956918716,0.026900000870227814,
11-22,,0.550000011920929,0.3499999940395355,,0.2199999988079071,,,0.009999999776482582,0.027000000700354576,,0.026900000870227814,
11-23,0.33000001311302185,0.550000011920929,0.3499999940395355,0.20000000298023224,,,0.09000000357627869,0.009999999776482582,,0.07000000029802322,,
11-24,0.15000000596046448,0.5199999809265137,,,,0.059999998658895486,0.09000000357627869,,0.027000000700354576,,,
11-25,0.18000000715255735,,0.33000001311302185,,0.2700000107288361,0.059999998658895486,0.09000000357627869,0.009999999776482582,,,0.026900000870227814,
11-26,,0.5299999713897705,,0.20000000298023224,0.239999994635582,0.059999998658895486,,,,0.07000000029802322,0.026900000870227814,
11-27,0.2800000011920929,,,0.20000000298023224,0.239999994635582,,0.09000000357627869,,0.023099999874830246,0.07000000029802322,0.026900000870227814,
11-28,,,0.3400000035762787,0.20000000298023224,,0.059999998658895486,,0.009999999776482582,0.035999998450279236,0.04109999909996986,,
11-29,,0.5199999809265137,0.33000001311302185,0.20000000298023224,0.239999994635582,,,0.009999999776482582,0.03579999879002571,0.04100000113248825,0.026900000870227814,
11-30,0.30000001192092896,0.5400000214576721,0.30000001192092896,0.20000000298023224,,,0.09000000357627869,0.009999999776482582,0.03579999879002571,0.07000000029802322,,
12-01,0.2700000107288361,0.5299999713897705,0.33000001311302185,,,0.059999998658895486,0.09000000357627869,0.009999999776482582,0.03999999910593033,,,
12-02,0.2700000107288361,0.5199999809265137,0.33000001311302185,,0.239999994635582,0.059999998658895486,0.09000000357627869,0.009999999776482582,,,0.01209999993443489,
12-03,0.2700000107288361,0.5400000214576721,,0.20000000298023224,0.239999994635582,0.059999998658895486,0.09000000357627869,,,0.045000001788139336,0.01209999993443489,
12-04,0.20000000298023224,,,0.20000000298023224,0.239999994635582,0.059999998658895486,0.09000000357627869,,0.048900000751018524,0.07000000029802322,0.01209999993443489,
12-05,,,0.33000001311302185,0.20000000298023224,0.239999994635582,0.059999998658895486,,0.009999999776482582,0.029300000518560413,,0.014399999752640724,
12-06,,0.5400000214576721,0.33000001311302185,0.20000000298023224,0.239999994635582,,,0.009999999776482582,0.02319999970495701,0.07000000029802322,0.02989999949932098,
12-07,0.20000000298023224,0.5400000214576721,0.3400000035762787,0.20000000298023224,,,0.09000000357627869,0.009999999776482582,0.02319999970495701,0.0689999982714653,,
12-08,0.10000000149011612,0.5400000214576721,0.3400000035762787,,,0.059999998658895486,0.09000000357627869,0.009999999776482582,0.029999999329447743,,,
12-09,0.10000000149011612,0.5199999809265137,0.33000001311302185,,0.239999994635582,0.059999998658895486,0.09000000357627869,0.009999999776482582,,,0.0130000002682209,
12-10,0.10000000149011612,0.5199999809265137,,0.20000000298023224,0.239999994635582,0.059999998658895486,0.09000000357627869,,,0.06499999761581421,0.0130000002682209,
12-11,0.10000000149011612,,,0.20000000298023224,0.2199999988079071,0.059999998658895486,0.09000000357627869,,0.029999999329447743,0.05000000074505806,0.013100000098347664,
12-12,,,0.33000001311302185,0.20000000298023224,0.25,0.05000000074505806,,0.009999999776482582,0.029999999329447743,0.07000000029802322,0.013100000098347664,
12-13,,0.5199999809265137,0.33000001311302185,0.20000000298023224,0.25,,,0.019999999552965164,0.01860000006854534,0.07000000029802322,0.013100000098347664,
12-14,0.10000000149011612,0.5199999809265137,0.20000000298023224,0.20000000298023224,,,0.03999999910593033,0.019999999552965164,0.028699999675154686,0.0511000007390976,,
12-15,0.10000000149011612,0.5199999809265137,0.33000001311302185,,,0.05000000074505806,0.09000000357627869,0.03999999910593033,0.021400000900030136,,,
12-16,0.10000000149011612,0.5299999713897705,0.3199999928474426,,0.25,0.05000000074505806,0.09000000357627869,0.029999999329447743,,,0.0130000002682209,
12-17,0.10000000149011612,0.550000011920929,,0.20000000298023224,0.25,0.05000000074505806,0.09000000357627869,,,0.050999999046325684,0.029799999669194218,
12-18,0.10000000149011612,,,0.20999999344348907,0.20000000298023224,0.05000000074505806,0.03999999910593033,,0.021400000900030136,0.0689999982714653,0.029799999669194218,
12-19,,,0.3199999928474426,0.20999999344348907,0.20000000298023224,0.05000000074505806,,0.10999999940395357,0.021400000900030136,0.0689999982714653,0.029799999669194218,
12-20,,0.5600000023841858,0.3199999928474426,0.20000000298023224,0.20000000298023224,,,0.10000000149011612,0.01549999974668026,0.05990000069141387,0.0130000002682209,
12-21,0.10000000149011612,0.699999988079071,0.33000001311302185,0.20000000298023224,,,0.05000000074505806,0.10000000149011612,0.01860000006854534,0.04509999975562096,,
12-22,0.10000000149011612,0.6000000238418579,0.33000001311302185,,,0.05000000074505806,0.03999999910593033,0.10000000149011612,0.01860000006854534,,,
12-23,0.10000000149011612,0.6499999761581421,0.3499999940395355,,0.25,0.05000000074505806,0.03999999910593033,0.019999999552965164,,,0.0130000002682209,
12-24,0.10000000149011612,,,0.20000000298023224,0.25,0.05000000074505806,0.03999999910593033,,,0.04509999975562096,0.02989999949932098,
12-26,,,,0.20000000298023224,0.2800000011920929,0.05000000074505806,,,0.02850000001490116,0.05990000069141387,0.021449999883770943,
12-27,,0.6000000238418579,0.3499999940395355,0.20000000298023224,0.2800000011920929,,,0.05000000074505806,0.02850000001490116,0.04509999975562096,0.01240000035613775,
12-28,0.18000000715255735,0.6000000238418579,0.3499999940395355,0.20000000298023224,,,0.03999999910593033,0.05000000074505806,0.03790000081062317,0.05990000069141387,,
12-29,0.18000000715255735,0.550000011920929,0.4000000059604645,,,0.05000000074505806,0.03999999910593033,0.05000000074505806,0.03790000081062317,,,
12-30,0.2800000011920929,0.550000011920929,0.4000000059604645,,0.2800000011920929,0.059999998658895486,0.03999999910593033,0.05000000074505806,,,0.0130000002682209,
12-31,0.3199999928474426,0.6399999856948853,,0.20000000298023224,0.2800000011920929,0.059999998658895486,0.03999999910593033,,,0.05000000074505806,0.021700000390410423,
