,2009,2010,2011,2012,2013,2014,2015,2016,2017,2018,2019,2020
01-02,15.031548500061035,,,,15.542716979980469,19.219627380371094,21.48360252380371,,,29.58869171142578,30.039709091186523,32.273738861083984
01-03,,,11.278480529785156,11.436488151550293,15.855359077453613,18.904048919677734,,,24.86425018310547,29.58869171142578,28.97183609008789,31.869112014770508
01-04,,9.22080135345459,11.712533950805664,11.436488151550293,15.855359077453613,,,19.900569915771484,26.800823211669922,29.63358497619629,28.869691848754883,
01-05,15.031548500061035,9.061246871948242,11.285368919372559,10.920231819152832,,,21.48360252380371,19.892284393310547,25.382976531982422,29.63358497619629,,
01-06,15.031548500061035,9.08784294128418,11.368048667907715,11.07797622680664,,19.71224021911621,19.371116638183594,20.14094352722168,25.452136993408203,,,31.271806716918945
01-07,15.031548500061035,9.34046459197998,11.333599090576172,,15.855359077453613,19.265811920166016,19.371116638183594,20.14094352722168,,,28.97183609008789,31.271806716918945
01-08,15.031548500061035,9.34046459197998,,,15.29706859588623,19.319692611694336,19.729835510253906,20.14094352722168,,29.63358497619629,28.73969268798828,31.271806716918945
01-09,15.031548500061035,,,11.07797622680664,15.29706859588623,19.319692611694336,19.729835510253906,,23.3426513671875,29.184593200683594,28.97183609008789,31.792037963867188
01-10,,,11.333599090576172,11.07797622680664,15.282185554504395,19.08877944946289,,,23.653886795043945,29.184593200683594,28.656118392944336,31.792037963867188
01-11,,8.768735885620117,11.712533950805664,11.042126655578613,15.55760669708252,,,20.14094352722168,23.653886795043945,29.59766387939453,28.78611946105957,
01-12,15.031548500061035,8.768735885620117,11.712533950805664,11.07797622680664,,,19.729835510253906,19.97517204284668,23.55879020690918,29.373165130615234,,
01-13,14.391902923583984,8.868451118469238,11.712533950805664,11.07797622680664,,19.08877944946289,19.92913055419922,19.767959594726562,22.99683952331543,,,32.12922286987305
01-14,14.391902923583984,8.868451118469238,11.712533950805664,,15.55760669708252,19.1811466217041,19.92913055419922,19.759674072265625,,,28.97183609008789,31.801673889160156
01-15,14.391902923583984,9.041302680969238,,,15.55760669708252,19.1811466217041,19.92913055419922,19.92544174194336,,,28.423973083496094,31.801673889160156
01-16,14.391902923583984,,,,15.55760669708252,19.1811466217041,21.459692001342773,,,27.38861083984375,27.96896743774414,31.801673889160156
01-17,,,,11.07797622680664,16.339210510253906,19.704545974731445,,,22.99683952331543,27.38861083984375,27.838964462280273,30.973154067993164
01-18,,,11.71942138671875,11.07797622680664,16.339210510253906,,,,23.17839241027832,27.343717575073242,27.71824836730957,
01-19,,9.041302680969238,11.643632888793945,11.1138277053833,,,,19.61876678466797,23.3426513671875,29.62460708618164,,
01-20,15.031548500061035,9.041302680969238,11.643632888793945,11.1138277053833,,,21.459692001342773,19.477863311767578,23.429105758666992,,,
01-21,15.031548500061035,9.008065223693848,11.643632888793945,,,19.242719650268555,19.171823501586914,19.477863311767578,,,,31.512651443481445
01-22,15.031548500061035,9.008065223693848,,,15.44594955444336,19.242719650268555,18.733379364013672,19.477863311767578,,29.62460708618164,28.173254013061523,31.792037963867188
01-23,15.031548500061035,,,11.1138277053833,15.44594955444336,19.66605567932129,18.733379364013672,,22.910381317138672,29.094791412353516,28.173254013061523,31.35851287841797
01-24,,,11.643632888793945,11.1138277053833,15.63204288482666,18.673137664794922,,,22.694246292114258,29.094791412353516,27.24466896057129,31.35851287841797
01-25,,9.008065223693848,11.919224739074707,11.1138277053833,15.63204288482666,,,19.79282569885254,22.910381317138672,28.825393676757812,29.603273391723633,
01-26,15.031548500061035,9.008065223693848,11.919224739074707,11.07797622680664,,,18.733379364013672,19.79282569885254,22.737470626831055,28.825393676757812,,
01-27,15.031548500061035,9.008065223693848,11.436943054199219,11.149680137634277,,19.504413604736328,18.733379364013672,19.79282569885254,22.590499877929688,,,30.42401695251465
01-28,15.031548500061035,9.008065223693848,11.436943054199219,,15.63204288482666,19.25811767578125,19.92913055419922,19.79282569885254,,,29.603273391723633,31.387414932250977
01-29,14.391902923583984,9.446831703186035,,,15.63204288482666,19.25811767578125,20.0487060546875,19.86741828918457,,28.825393676757812,29.603273391723633,30.635963439941406
01-30,14.26397705078125,,,11.149680137634277,15.63204288482666,19.74303436279297,20.56686019897461,,22.97954559326172,28.64579963684082,29.25041389465332,30.58779525756836
01-31,,,11.436943054199219,11.149680137634277,16.376422882080078,19.82000160217285,,,23.022768020629883,27.74781036376953,29.018264770507812,30.35658073425293
02-01,,9.446831703186035,11.919224739074707,11.364782333374023,16.376422882080078,,,19.635347366333008,24.00835418701172,27.74781036376953,29.018264770507812,
02-02,14.104069709777832,9.473424911499023,11.919224739074707,11.457999229431152,,,19.323286056518555,19.660207748413086,24.310941696166992,27.684953689575195,,
02-03,14.104069709777832,9.094486236572266,11.712533950805664,11.457999229431152,,19.342782974243164,19.323286056518555,19.660207748413086,24.207191467285156,,,31.454853057861328
02-04,14.104069709777832,9.147671699523926,11.912334442138672,,16.376422882080078,19.304298400878906,19.92913055419922,19.6104793548584,,,28.544687271118164,31.637895584106445
02-05,14.200017929077148,10.104986190795898,,,17.679096221923828,19.304298400878906,19.92913055419922,19.6104793548584,,27.631071090698242,28.46111488342285,31.637895584106445
02-06,14.200017929077148,,,11.457999229431152,17.679096221923828,19.057992935180664,21.523454666137695,,23.81814956665039,27.631071090698242,28.56325912475586,31.637895584106445
02-07,,,12.11902904510498,11.457999229431152,17.76842498779297,19.82000160217285,,,23.81814956665039,27.631071090698242,28.693260192871094,30.828643798828125
02-08,,10.104986190795898,12.11902904510498,11.823678970336914,16.78583335876465,,,19.602191925048828,23.55879020690918,27.613109588623047,28.693260192871094,
02-09,14.136051177978516,10.104986190795898,12.11902904510498,11.787829399108887,,,21.523454666137695,19.602191925048828,23.55879020690918,27.613109588623047,,
02-10,14.136051177978516,10.038507461547852,12.11902904510498,11.787829399108887,,18.865564346313477,21.523454666137695,19.602191925048828,22.910381317138672,,,31.194734573364258
02-11,14.136051177978516,9.905542373657227,12.11902904510498,,17.18779945373535,19.358179092407227,19.92913055419922,19.063444137573242,,,29.17612648010254,31.39704704284668
02-12,14.136051177978516,10.104986190795898,,,17.18779945373535,19.281198501586914,19.84941291809082,18.83965301513672,,28.690698623657227,28.628259658813477,31.39704704284668
02-13,14.136051177978516,,,11.759147644042969,17.247352600097656,19.281198501586914,19.155881881713867,,22.910381317138672,30.17237091064453,28.628259658813477,31.39704704284668
02-14,,,12.11902904510498,11.866700172424316,17.247352600097656,19.55060577392578,,,22.910381317138672,27.15513801574707,29.03683853149414,31.39704704284668
02-15,,,12.11902904510498,12.18218994140625,17.247352600097656,,,,22.988191604614258,30.082576751708984,28.02467918395996,
02-16,,10.104986190795898,12.11902904510498,12.18218994140625,,,,19.817689895629883,23.480981826782227,30.082576751708984,,
02-17,14.136051177978516,10.104986190795898,12.11902904510498,12.18218994140625,,,21.01327133178711,19.817689895629883,23.723051071166992,,,
02-18,14.295965194702148,10.038507461547852,12.11902904510498,,,18.688528060913086,19.8653564453125,19.817689895629883,,,,31.262170791625977
02-19,14.391902923583984,10.038507461547852,,,16.934715270996094,19.74303436279297,21.2045955657959,18.856225967407227,,,28.228967666625977,31.551189422607422
02-20,14.08487606048584,,,,17.708871841430664,19.627574920654297,20.05668067932129,,,30.082576751708984,28.87897491455078,31.21400260925293
02-21,,,,12.18218994140625,17.708871841430664,19.4736270904541,,,23.16974639892578,27.92740821838379,28.377540588378906,31.637895584106445
02-22,,10.038507461547852,12.11902904510498,12.325592994689941,17.708871841430664,,,18.872806549072266,24.034284591674805,30.02869987487793,28.60040283203125,
02-23,14.08487606048584,10.038507461547852,12.063907623291016,12.325592994689941,,,20.05668067932129,18.872806549072266,24.034284591674805,29.63358497619629,,
02-24,14.08487606048584,10.038507461547852,12.229260444641113,12.325592994689941,,19.4736270904541,20.05668067932129,19.38669204711914,24.034284591674805,,,31.551189422607422
02-25,14.08487606048584,9.897590637207031,12.20145034790039,,17.70142936706543,19.627574920654297,21.48360252380371,19.38669204711914,,,29.213268280029297,31.551189422607422
02-26,14.292580604553223,9.897590637207031,,,17.70142936706543,19.627574920654297,21.676639556884766,19.6046142578125,,27.478416442871094,28.46111488342285,30.88644790649414
02-27,14.292580604553223,,,12.325592994689941,20.64415740966797,19.798385620117188,21.676639556884766,,24.523178100585938,27.478416442871094,28.78611946105957,29.874881744384766
02-28,,,12.20145034790039,12.456025123596191,19.638229370117188,19.146203994750977,,,23.877145767211914,29.816617965698242,29.148265838623047,28.814525604248047
02-29,,,,12.173425674438477,,,,19.6046142578125,,,,
03-01,,9.897590637207031,12.20145034790039,12.173425674438477,19.127750396728516,,,19.96502113342285,24.444602966308594,29.816617965698242,29.523164749145508,
03-02,14.292580604553223,9.897590637207031,12.208405494689941,12.173425674438477,,,20.51036834716797,20.31705093383789,24.66286277770996,29.816617965698242,,28.561594009399414
03-03,14.292580604553223,9.897590637207031,12.208405494689941,,,19.604280471801758,20.51036834716797,20.14103889465332,24.66286277770996,,,28.892349243164062
03-04,14.292580604553223,9.39432144165039,12.507359504699707,,20.081134796142578,19.798385620117188,20.2851505279541,20.14103889465332,,,29.523164749145508,28.367033004760742
03-05,14.292580604553223,9.39432144165039,,12.173425674438477,20.081134796142578,19.837202072143555,20.2771053314209,,,29.454105377197266,28.932701110839844,27.238576889038086
03-06,14.292580604553223,,,12.427040100097656,18.0767765045166,19.91485023498535,19.979511260986328,,24.66286277770996,29.227535247802734,28.932701110839844,26.752174377441406
03-07,,,12.514309883117676,12.528486251831055,18.279464721679688,19.91485023498535,,19.956642150878906,24.66286277770996,30.351322174072266,28.829605102539062,
03-08,,9.39432144165039,12.514309883117676,12.528486251831055,18.279464721679688,,,19.956642150878906,24.66286277770996,29.90724754333496,29.120149612426758,
03-09,14.292580604553223,9.39432144165039,12.305736541748047,12.528486251831055,,,21.475557327270508,19.956642150878906,24.540639877319336,26.934646606445312,,25.584806442260742
03-10,14.292580604553223,9.39432144165039,12.305736541748047,,,19.798385620117188,21.475557327270508,19.956642150878906,24.00809669494629,,,24.709280014038086
03-11,14.292580604553223,9.39432144165039,12.305736541748047,,18.279464721679688,19.798385620117188,21.475557327270508,20.006929397583008,,,29.120149612426758,24.320159912109375
03-12,14.292580604553223,9.39432144165039,,12.528486251831055,18.279464721679688,19.798385620117188,21.475557327270508,,,28.547828674316406,29.120149612426758,24.320159912109375
03-13,14.292580604553223,,,12.542978286743164,17.09336280822754,19.798385620117188,21.475557327270508,,24.00809669494629,28.547828674316406,28.632781982421875,23.736474990844727
03-14,,,12.305736541748047,12.542978286743164,17.09336280822754,19.798385620117188,,20.11588478088379,24.881120681762695,28.547828674316406,29.20450210571289,
03-15,,9.39432144165039,13.202596664428711,12.542978286743164,18.759910583496094,,,20.32543182373047,25.30889892578125,29.90724754333496,29.241992950439453,
03-16,11.683311462402344,9.39432144165039,12.375260353088379,12.542978286743164,,,21.475557327270508,20.32543182373047,25.273977279663086,29.753177642822266,,20.876422882080078
03-17,11.683311462402344,9.414453506469727,12.375260353088379,,,19.798385620117188,21.153825759887695,20.32543182373047,27.500185012817383,,,22.432912826538086
03-18,11.683311462402344,9.065521240234375,12.124972343444824,,18.662321090698242,20.2564640045166,21.837505340576172,20.32543182373047,,,29.241992950439453,20.35110855102539
03-19,11.683311462402344,9.25340747833252,,12.542978286743164,17.26602554321289,20.039066314697266,20.32537078857422,,,29.771305084228516,29.054542541503906,22.520465850830078
03-20,11.683311462402344,,,12.869050025939941,17.26602554321289,20.194347381591797,20.027769088745117,,27.500185012817383,29.010028839111328,28.585920333862305,22.55937957763672
03-21,,,12.688117980957031,12.869050025939941,19.435537338256836,19.876026153564453,,20.954057693481445,26.190649032592773,29.90724754333496,29.241992950439453,
03-22,,10.065343856811523,11.895547866821289,12.760356903076172,19.14276885986328,,,20.954057693481445,24.558101654052734,29.90724754333496,29.429439544677734,
03-23,13.95506477355957,10.065343856811523,11.895547866821289,13.079185485839844,,,20.027769088745117,20.954057693481445,24.558101654052734,29.988811492919922,,24.242334365844727
03-24,13.95506477355957,10.065343856811523,11.895547866821289,,,19.798385620117188,20.027769088745117,20.954057693481445,24.558101654052734,,,24.242334365844727
03-25,13.95506477355957,10.065343856811523,11.895547866821289,,19.07520294189453,19.798385620117188,20.027769088745117,,,,29.148265838623047,22.37454605102539
03-26,13.95506477355957,9.494976043701172,,12.934263229370117,19.217838287353516,19.798385620117188,20.462106704711914,,,30.287883758544922,29.054542541503906,23.347352981567383
03-27,13.95506477355957,,,13.470476150512695,19.217838287353516,19.891557693481445,20.462106704711914,,26.190649032592773,30.287883758544922,28.548429489135742,23.347352981567383
03-28,,,11.895547866821289,13.470476150512695,18.016719818115234,19.891557693481445,,20.954057693481445,26.190649032592773,30.287883758544922,29.082658767700195,
03-29,,9.494976043701172,12.097162246704102,13.470476150512695,,,,20.954057693481445,26.190649032592773,30.278818130493164,28.867094039916992,
03-30,13.95506477355957,9.494976043701172,12.097162246704102,13.470476150512695,,,20.91253089904785,20.954057693481445,25.754138946533203,,,23.347352981567383
03-31,13.95506477355957,9.73654556274414,11.992881774902344,,,19.891557693481445,20.188634872436523,20.954057693481445,25.535884857177734,,,22.831764221191406
04-01,14.92867374420166,10.166001319885254,11.992881774902344,,19.428028106689453,19.91485023498535,20.027769088745117,19.797393798828125,,,28.867094039916992,22.831764221191406
04-02,11.683311462402344,,,13.470476150512695,19.315427780151367,19.91485023498535,20.027769088745117,,,28.602203369140625,29.054542541503906,22.81230926513672
04-03,11.683311462402344,,,13.470476150512695,18.279464721679688,19.883790969848633,,,25.850173950195312,28.37563133239746,28.642154693603516,22.81230926513672
04-04,,,11.992881774902344,13.470476150512695,18.279464721679688,19.883790969848633,,19.94825553894043,25.850173950195312,28.21249771118164,28.642154693603516,
04-05,,10.33375358581543,12.1666898727417,13.470476150512695,18.279464721679688,,,20.434391021728516,24.444602966308594,29.227535247802734,28.642154693603516,
04-06,11.683311462402344,9.635890007019043,12.173641204833984,,,,20.204723358154297,20.434391021728516,24.66286277770996,30.360383987426758,,22.81230926513672
04-07,11.683311462402344,9.635890007019043,12.173641204833984,,,19.883790969848633,20.204723358154297,19.78900718688965,24.66286277770996,,,23.347352981567383
04-08,11.683311462402344,9.635890007019043,12.688117980957031,,16.958236694335938,19.798385620117188,20.204723358154297,19.78900718688965,,,28.820232391357422,23.347352981567383
04-09,11.683311462402344,9.635890007019043,,13.470476150512695,18.542211532592773,19.798385620117188,20.204723358154297,,,30.306007385253906,29.06391716003418,22.851221084594727
04-10,,,,13.470476150512695,18.549718856811523,19.75956153869629,20.204723358154297,,24.66286277770996,29.372535705566406,29.054542541503906,
04-11,,,12.688117980957031,13.470476150512695,18.234426498413086,19.798385620117188,,19.78900718688965,24.66286277770996,29.90724754333496,28.642154693603516,
04-12,,10.15928840637207,12.688117980957031,13.470476150512695,18.016719818115234,,,20.954057693481445,24.66286277770996,28.756269454956055,28.585920333862305,
04-13,11.683311462402344,10.15928840637207,12.688117980957031,13.470476150512695,,,20.204723358154297,19.981786727905273,24.66286277770996,28.756269454956055,,23.9310359954834
04-14,14.92867374420166,10.15928840637207,12.688117980957031,,,19.80615234375,20.204723358154297,20.199703216552734,,,,23.13333511352539
04-15,14.92867374420166,10.501510620117188,12.688117980957031,,17.183448791503906,19.837202072143555,20.204723358154297,20.954057693481445,,,28.585920333862305,23.833755493164062
04-16,14.92867374420166,10.501510620117188,,14.129870414733887,17.183448791503906,19.837202072143555,20.75166130065918,,,30.360383987426758,28.34223747253418,21.878414154052734
04-17,14.92867374420166,,,14.67332649230957,18.50467300415039,19.837202072143555,20.880355834960938,,24.66286277770996,30.360383987426758,27.95796775817871,21.4017391204834
04-18,,,12.86192798614502,13.050203323364258,18.50467300415039,,,20.954057693481445,24.66286277770996,30.278818130493164,28.07980728149414,
04-19,,10.488088607788086,12.86192798614502,13.224108695983887,18.50467300415039,,,20.819950103759766,25.535884857177734,29.680675506591797,,
04-20,14.92867374420166,10.501510620117188,12.86192798614502,13.332799911499023,,,20.188634872436523,20.14103889465332,25.93747329711914,29.680675506591797,,22.32590675354004
04-21,14.92867374420166,10.501510620117188,12.514309883117676,,,19.837202072143555,20.188634872436523,20.0739803314209,24.66286277770996,,,22.32590675354004
04-22,14.92867374420166,10.501510620117188,,,18.497167587280273,19.441234588623047,20.188634872436523,20.11588478088379,,,28.1547908782959,21.158536911010742
04-23,14.92867374420166,10.501510620117188,,14.093636512756348,17.26602554321289,19.75956153869629,19.34408950805664,,,30.360383987426758,28.1547908782959,20.467845916748047
04-24,14.92867374420166,,,13.992195129394531,18.38456153869629,19.75956153869629,20.027769088745117,,25.151752471923828,28.855960845947266,28.117298126220703,22.014606475830078
04-25,,,12.180597305297852,13.992195129394531,18.38456153869629,19.75956153869629,,20.333812713623047,25.151752471923828,28.855960845947266,28.539058685302734,
04-26,,10.400857925415039,12.180597305297852,13.984947204589844,18.38456153869629,,,20.551734924316406,25.806520462036133,28.139999389648438,28.820232391357422,
04-27,14.92867374420166,10.669266700744629,12.180597305297852,14.91244888305664,,,19.97146224975586,20.157798767089844,25.806520462036133,30.31507110595703,,21.878414154052734
04-28,14.92867374420166,10.669266700744629,12.86192798614502,,,19.75956153869629,19.770381927490234,20.157798767089844,25.806520462036133,,,21.061256408691406
04-29,14.92867374420166,10.13916015625,12.86192798614502,,17.34109115600586,19.425708770751953,19.850814819335938,20.157798767089844,,,29.223247528076172,22.228626251220703
04-30,14.92867374420166,10.13916015625,,14.282038688659668,17.34109115600586,19.798385620117188,20.574710845947266,,,28.285003662109375,28.501567840576172,22.0340633392334
05-01,14.92867374420166,,,14.282038688659668,17.34109115600586,19.798385620117188,20.44601821899414,,25.701757431030273,28.285003662109375,28.679645538330078,21.48929214477539
05-02,,,12.86192798614502,14.129870414733887,18.009212493896484,19.837202072143555,,20.157798767089844,25.701757431030273,29.454105377197266,28.679645538330078,
05-03,,10.602167129516602,12.86192798614502,13.876253128051758,18.009212493896484,,,20.283519744873047,25.701757431030273,29.318161010742188,29.757478713989258,
05-04,14.92867374420166,10.722949028015137,12.86192798614502,13.876253128051758,,,20.429927825927734,20.954057693481445,25.806520462036133,29.318161010742188,,21.23636245727539
05-05,14.92867374420166,10.722949028015137,12.180597305297852,,,20.155532836914062,20.349498748779297,20.954057693481445,25.806520462036133,,,23.44463348388672
05-06,14.92867374420166,10.400857925415039,12.180597305297852,,18.009212493896484,20.155532836914062,20.14037322998047,20.954057693481445,,,29.757478713989258,21.858957290649414
05-07,14.92867374420166,10.400857925415039,,13.8400239944458,18.009212493896484,20.155532836914062,19.987550735473633,,,29.000965118408203,28.69839096069336,21.499019622802734
05-08,14.92867374420166,,,13.8400239944458,18.009212493896484,19.534408569335938,19.94733428955078,,25.797786712646484,29.000965118408203,28.69839096069336,22.131343841552734
05-09,,,11.895547866821289,13.8400239944458,18.009212493896484,19.75956153869629,,20.744516372680664,25.710487365722656,29.000965118408203,28.69839096069336,
05-10,,10.568615913391113,11.895547866821289,13.8400239944458,18.009212493896484,,,20.744516372680664,25.710487365722656,29.399728775024414,29.345088958740234,
05-11,14.92867374420166,10.568615913391113,11.29764175415039,13.8400239944458,,,19.899076461791992,20.568498611450195,25.535884857177734,30.242568969726562,,21.4017391204834
05-12,14.92867374420166,10.568615913391113,11.123831748962402,,,19.75956153869629,20.10015869140625,20.761276245117188,25.535884857177734,,,21.4017391204834
05-13,14.92867374420166,10.568615913391113,11.158594131469727,,18.53470230102539,19.837202072143555,19.850814819335938,20.551734924316406,,,29.345088958740234,19.456127166748047
05-14,14.92867374420166,10.568615913391113,,13.673368453979492,18.437108993530273,19.705209732055664,19.866901397705078,,,29.010028839111328,29.335718154907227,17.60779571533203
05-15,15.253212928771973,,,13.673368453979492,18.437108993530273,19.97696304321289,19.786470413208008,,25.535884857177734,30.224443435668945,29.335718154907227,17.996917724609375
05-16,,,11.158594131469727,13.673368453979492,18.437108993530273,20.303049087524414,,20.30028533935547,25.30889892578125,29.725988388061523,29.007680892944336,
05-17,,10.568615913391113,11.158594131469727,13.673368453979492,18.752397537231445,,,20.434391021728516,25.19540786743164,30.1610050201416,29.18575668334961,
05-18,15.253212928771973,10.89741325378418,11.992881774902344,13.673368453979492,,,19.21539878845215,20.283519744873047,25.212867736816406,30.1610050201416,,19.300477981567383
05-19,15.253212928771973,10.89741325378418,11.360213279724121,,,19.844968795776367,19.143007278442383,20.023693084716797,24.837467193603516,,,19.35884666442871
05-20,15.253212928771973,10.736370086669922,11.360213279724121,,18.752397537231445,19.720745086669922,19.400390625,20.023693084716797,,,29.898061752319336,18.99890899658203
05-21,15.253212928771973,10.736370086669922,,13.673368453979492,18.752397537231445,19.829444885253906,19.303871154785156,,,29.61723518371582,29.71061134338379,18.551416397094727
05-22,15.253212928771973,,,13.673368453979492,18.767417907714844,19.99248695373535,19.34408950805664,,24.96842384338379,31.42979621887207,29.71061134338379,19.047548294067383
05-23,,,11.360213279724121,13.673368453979492,18.767417907714844,19.876026153564453,,20.023693084716797,23.3795223236084,30.994783401489258,29.71061134338379,
05-24,,10.736370086669922,11.360213279724121,13.151646614074707,18.767417907714844,,,20.375720977783203,23.38825035095215,31.040096282958984,29.335718154907227,
05-25,,10.313624382019043,11.26287841796875,13.151646614074707,,,,20.35896110534668,23.38825035095215,31.77418327331543,,
05-26,13.630524635314941,10.313624382019043,11.26287841796875,,,,19.706043243408203,20.35896110534668,24.444602966308594,,,20.428932189941406
05-27,13.630524635314941,10.408432006835938,11.375227928161621,,,19.99248695373535,19.706043243408203,20.579240798950195,,,,20.380292892456055
05-28,13.395298957824707,10.408432006835938,,,17.386138916015625,19.876026153564453,19.06257438659668,,,,29.335718154907227,20.740230560302734
05-29,13.395298957824707,,,13.151646614074707,17.198455810546875,20.048316955566406,18.982141494750977,,,31.493236541748047,29.61688804626465,21.657854080200195
05-30,,,,13.283382415771484,17.349918365478516,20.048316955566406,,,24.682615280151367,31.574796676635742,31.350788116455078,
05-31,,,11.550771713256836,13.283382415771484,17.349918365478516,,,20.782577514648438,23.792278289794922,31.719806671142578,30.887523651123047,
06-01,13.395298957824707,10.408432006835938,11.86674690246582,13.283382415771484,,,19.303871154785156,20.977436065673828,24.682615280151367,31.51881217956543,,21.657854080200195
06-02,13.101248741149902,10.44906234741211,11.86674690246582,,,20.157957077026367,19.143007278442383,20.706323623657227,24.241857528686523,,,21.657854080200195
06-03,12.77453327178955,10.44906234741211,11.86674690246582,,18.554039001464844,20.165782928466797,19.44060707092285,20.706323623657227,,,30.887523651123047,22.05253028869629
06-04,12.77453327178955,10.44906234741211,,14.527559280395508,18.7963809967041,20.08746910095215,19.45685386657715,,,30.88844108581543,32.61767578125,21.70718765258789
06-05,13.395298957824707,,,14.527559280395508,18.7963809967041,19.437471389770508,18.522600173950195,,24.241857528686523,30.69658851623535,30.688983917236328,22.95041847229004
06-06,,,11.585881233215332,14.527559280395508,18.7963809967041,19.437471389770508,,20.706323623657227,24.241857528686523,30.523000717163086,30.017719268798828,
06-07,,10.44906234741211,11.585881233215332,14.527559280395508,18.7963809967041,,,20.706323623657227,24.241857528686523,30.523000717163086,30.017719268798828,
06-08,13.395298957824707,10.44906234741211,11.86674690246582,13.729823112487793,,,18.62821388244629,20.977436065673828,24.241857528686523,31.33609962463379,,24.667259216308594
06-09,13.395298957824707,10.44906234741211,11.01711654663086,,,19.437471389770508,18.522600173950195,20.799518585205078,24.241857528686523,,,24.173913955688477
06-10,12.578510284423828,10.496465682983398,11.01711654663086,,18.932697296142578,19.437471389770508,18.295129776000977,20.858823776245117,,,30.821340560913086,24.42058563232422
06-11,12.578510284423828,10.496465682983398,,13.729823112487793,17.546823501586914,19.186861038208008,18.587596893310547,,,31.062015533447266,30.254079818725586,22.940549850463867
06-12,12.480493545532227,,,13.539539337158203,17.501386642456055,18.951923370361328,18.68508529663086,,24.091997146606445,31.272144317626953,30.518800735473633,22.930683135986328
06-13,,,11.01711654663086,13.539539337158203,17.501386642456055,19.3513240814209,,20.94354820251465,24.091997146606445,30.979799270629883,30.518800735473633,
06-14,,10.496465682983398,11.10137939453125,13.539539337158203,17.501386642456055,,,20.75716209411621,23.801095962524414,31.062015533447266,29.497726440429688,
06-15,12.349806785583496,10.496465682983398,11.494597434997559,13.539539337158203,,,18.8881778717041,20.7232666015625,23.801095962524414,31.96647834777832,,22.930683135986328
06-16,12.349806785583496,10.496465682983398,11.241814613342285,,,19.3513240814209,19.611209869384766,20.7232666015625,24.23303985595703,,,22.713611602783203
06-17,12.284466743469238,10.530325889587402,11.241814613342285,,19.690004348754883,20.118797302246094,19.172517776489258,20.977436065673828,,,29.488271713256836,23.51283073425293
06-18,12.284466743469238,10.530325889587402,,14.271405220031738,19.235618591308594,20.635669708251953,20.301748275756836,,,31.96647834777832,29.1951847076416,22.901081085205078
06-19,12.284466743469238,,,14.198216438293457,19.235618591308594,20.71398162841797,19.06690788269043,,23.642417907714844,30.78795051574707,29.497726440429688,25.75261878967285
06-20,,,11.72631549835205,14.198216438293457,19.08415985107422,20.71398162841797,,20.977436065673828,23.360336303710938,31.308696746826172,30.064990997314453,
06-21,,11.173656463623047,11.375227928161621,14.24945068359375,19.076587677001953,,,21.01979637145996,23.836355209350586,31.33609962463379,30.064990997314453,
06-22,12.284466743469238,11.173656463623047,11.241814613342285,14.161625862121582,,,20.179887771606445,20.909658432006836,23.801095962524414,31.33609962463379,,23.700302124023438
06-23,12.284466743469238,11.173656463623047,11.23479175567627,,,21.176027297973633,19.830556869506836,20.638547897338867,23.801095962524414,,,23.433895111083984
06-24,12.480493545532227,11.173656463623047,11.23479175567627,,19.076587677001953,19.96217155456543,19.830556869506836,20.54534912109375,,,30.74570655822754,22.79254722595215
06-25,11.435007095336914,10.665765762329102,,14.161625862121582,19.076587677001953,20.839279174804688,19.84680938720703,,,31.135107040405273,30.140625,22.79254722595215
06-26,11.435007095336914,,,14.271405220031738,17.47109031677246,20.839279174804688,19.513723373413086,,23.801095962524414,31.135107040405273,30.72679901123047,22.79254722595215
06-27,,,11.670143127441406,14.60074520111084,17.433225631713867,20.126628875732422,,20.02006721496582,24.091997146606445,31.062015533447266,30.96316146850586,
06-28,,10.665765762329102,11.241814613342285,14.11771297454834,18.705507278442383,,,20.502986907958984,24.091997146606445,31.199068069458008,29.554452896118164,
06-29,11.761722564697266,10.665765762329102,11.670143127441406,14.60074520111084,,,19.513723373413086,20.596179962158203,24.091997146606445,31.33609962463379,,21.815723419189453
06-30,11.761722564697266,10.733484268188477,11.670143127441406,,,21.058563232421875,19.44873046875,20.282705307006836,24.576833724975586,,,19.74367332458496
07-01,11.761722564697266,10.733484268188477,11.670143127441406,,19.19775390625,21.129043579101562,19.863054275512695,20.282705307006836,,,29.554452896118164,20.720497131347656
07-02,11.761722564697266,10.733484268188477,,14.622700691223145,19.19775390625,21.536279678344727,20.082399368286133,,,31.199068069458008,29.97044563293457,23.33522605895996
07-03,,,,14.637337684631348,19.19775390625,20.94892120361328,,,24.568021774291992,31.199068069458008,29.97044563293457,
07-05,,,11.466507911682129,14.637337684631348,19.235618591308594,,,20.791046142578125,25.370206832885742,32.36845397949219,30.584983825683594,
07-06,11.761722564697266,10.530325889587402,11.312031745910645,14.637337684631348,,,19.830556869506836,20.892715454101562,25.370206832885742,31.975616455078125,,23.33522605895996
07-07,11.761722564697266,10.530325889587402,11.473532676696777,,,20.94892120361328,19.798065185546875,20.680906295776367,25.370206832885742,,,23.128021240234375
07-08,11.761722564697266,10.530325889587402,11.473532676696777,,19.235618591308594,20.94892120361328,20.277372360229492,20.680906295776367,,,30.584983825683594,23.128021240234375
07-09,11.761722564697266,10.530325889587402,,14.637337684631348,19.235618591308594,20.86277961730957,19.659957885742188,,,32.36845397949219,30.584983825683594,23.68056869506836
07-10,11.761722564697266,,,13.905471801757812,19.046293258666992,20.760974884033203,19.52997398376465,,25.370206832885742,32.36845397949219,29.639541625976562,23.68056869506836
07-11,,,11.473532676696777,13.905471801757812,18.932697296142578,20.760974884033203,,20.579240798950195,24.75313949584961,32.34104537963867,29.705724716186523,
07-12,,10.530325889587402,11.480552673339844,13.612724304199219,18.743371963500977,,,20.41826820373535,25.052858352661133,31.774620056152344,32.99585723876953,
07-13,11.761722564697266,10.530325889587402,11.852703094482422,13.612724304199219,,,19.52997398376465,20.333538055419922,25.229164123535156,31.1259765625,,23.68056869506836
07-14,11.435007095336914,10.530325889587402,12.112512588500977,,,20.753143310546875,19.52997398376465,20.121728897094727,25.229164123535156,,,22.46693992614746
07-15,11.435007095336914,10.530325889587402,12.323162078857422,,18.743371963500977,20.753143310546875,19.489351272583008,20.502986907958984,,,33.45912551879883,22.46693992614746
07-16,11.435007095336914,10.530325889587402,,13.612724304199219,19.137170791625977,20.596508026123047,20.106773376464844,,,32.11265182495117,33.45912551879883,22.555742263793945
07-17,11.23897647857666,,,14.556831359863281,19.31135368347168,20.596508026123047,20.106773376464844,,24.603281021118164,32.11265182495117,34.03583908081055,20.177818298339844
07-18,,,12.674248695373535,14.556831359863281,18.576759338378906,20.596508026123047,,20.460622787475586,24.612098693847656,32.11265182495117,34.98127746582031,
07-19,,10.530325889587402,12.40040111541748,14.556831359863281,18.576759338378906,,,20.54534912109375,25.123380661010742,33.34599304199219,30.2257137298584,
07-20,10.487532615661621,10.530325889587402,11.438423156738281,14.556831359863281,,,19.326879501342773,20.638547897338867,25.123380661010742,32.889198303222656,,21.253311157226562
07-21,10.487532615661621,10.530325889587402,11.17159652709961,,,21.13687515258789,19.37561798095703,20.587711334228516,25.555322647094727,,,21.687454223632812
07-22,10.454863548278809,10.530325889587402,11.10137939453125,,20.424591064453125,21.121213912963867,19.37561798095703,20.638547897338867,,,34.016929626464844,20.83890151977539
07-23,10.454863548278809,10.530325889587402,,14.139666557312012,19.659717559814453,20.604339599609375,19.140018463134766,,,34.25959014892578,32.21113967895508,21.29277801513672
07-24,10.454863548278809,,,14.710525512695312,19.659717559814453,20.604339599609375,19.334999084472656,,24.682615280151367,33.7662467956543,32.21113967895508,21.29277801513672
07-25,,,11.10137939453125,14.710525512695312,19.659717559814453,20.157957077026367,,20.638547897338867,24.726694107055664,33.7662467956543,32.21113967895508,
07-26,,10.530325889587402,11.10137939453125,14.527559280395508,19.659717559814453,,,20.84187889099121,24.726694107055664,33.80278778076172,32.21113967895508,
07-27,10.454863548278809,10.530325889587402,11.10137939453125,14.527559280395508,,,19.334999084472656,20.519933700561523,24.87655258178711,34.716373443603516,,22.042661666870117
07-28,10.618221282958984,10.835063934326172,11.10137939453125,,,20.157957077026367,19.334999084472656,20.63007354736328,24.87655258178711,,,22.042661666870117
07-29,10.618221282958984,10.835063934326172,11.10137939453125,,18.175386428833008,20.157957077026367,19.334999084472656,20.63007354736328,,,31.237335205078125,21.184240341186523
07-30,10.618221282958984,10.835063934326172,,14.966678619384766,19.500680923461914,21.13687515258789,19.334999084472656,,,34.48797607421875,30.358078002929688,21.361845016479492
07-31,10.716236114501953,,,14.637337684631348,19.462812423706055,21.144702911376953,19.391864776611328,,24.94707489013672,34.48797607421875,30.320261001586914,20.3356876373291
08-01,,,10.546658515930176,15.910782814025879,19.500680923461914,20.361570358276367,,20.82493019104004,24.94707489013672,33.30031204223633,31.30352020263672,
08-02,,10.868922233581543,10.567726135253906,15.559489250183105,19.500680923461914,,,20.63007354736328,24.94707489013672,33.36426544189453,33.98857116699219,
08-03,11.108293533325195,10.868922233581543,10.567726135253906,15.559489250183105,,,19.391864776611328,20.63007354736328,24.94707489013672,32.980560302734375,,20.51329231262207
08-04,11.108293533325195,10.868922233581543,10.532614707946777,,,20.361570358276367,19.391864776611328,20.63007354736328,25.32613182067871,,,20.700763702392578
08-05,11.108293533325195,10.868922233581543,10.532614707946777,,19.500680923461914,20.361570358276367,19.5218505859375,20.63007354736328,,,32.958038330078125,20.50342559814453
08-06,11.435007095336914,10.868922233581543,,15.559489250183105,19.500680923461914,20.361570358276367,19.5218505859375,,,34.688968658447266,32.958038330078125,20.128482818603516
08-07,11.435007095336914,,,15.559489250183105,19.500680923461914,20.361570358276367,19.123777389526367,,25.56414031982422,34.47884750366211,31.435880661010742,20.21728515625
08-08,,,10.904767990112305,15.6107177734375,19.500680923461914,20.361570358276367,,20.63007354736328,25.56414031982422,34.47884750366211,31.549331665039062,
08-09,,10.868922233581543,10.85561752319336,15.6107177734375,19.500680923461914,,,20.342012405395508,24.71788215637207,34.64328384399414,31.549331665039062,
08-10,11.435007095336914,10.868922233581543,10.764337539672852,15.735138893127441,,,19.091278076171875,20.54534912109375,24.71788215637207,34.64328384399414,,20.80929946899414
08-11,11.435007095336914,10.868922233581543,10.567726135253906,,,20.361570358276367,19.050657272338867,21.07063102722168,24.71788215637207,,,22.506406784057617
08-12,11.435007095336914,10.753798484802246,10.86263656616211,,18.735795974731445,20.361570358276367,19.050657272338867,21.07063102722168,,,32.45695877075195,21.40131378173828
08-13,11.435007095336914,10.753798484802246,,15.910782814025879,18.410158157348633,20.369401931762695,19.050657272338867,,,34.57933807373047,32.61767578125,21.904525756835938
08-14,11.435007095336914,,,15.910782814025879,18.629772186279297,20.181447982788086,18.76632308959961,,24.71788215637207,34.25959014892578,31.785688400268555,22.101863861083984
08-15,,,10.86263656616211,15.910782814025879,18.607051849365234,20.07181167602539,,20.82493019104004,24.67380142211914,34.25959014892578,31.785688400268555,
08-16,,10.753798484802246,10.86263656616211,15.954697608947754,18.607051849365234,,,20.82493019104004,24.67380142211914,34.241310119628906,31.672237396240234,
08-17,11.435007095336914,10.67253589630127,10.86263656616211,15.669275283813477,,,19.489351272583008,20.82493019104004,25.334941864013672,34.250450134277344,,22.101863861083984
08-18,11.435007095336914,10.67253589630127,10.86263656616211,,,19.970001220703125,19.489351272583008,21.096050262451172,25.334941864013672,,,22.101863861083984
08-19,11.435007095336914,10.665765762329102,10.86263656616211,,19.47038459777832,20.165782928466797,19.45685386657715,21.138410568237305,,,31.19951629638672,22.940549850463867
08-20,11.435007095336914,10.665765762329102,,16.40846061706543,19.1826114654541,19.836872100830078,19.45685386657715,,,34.25959014892578,31.19951629638672,22.940549850463867
08-21,11.435007095336914,,,16.40846061706543,19.099308013916016,19.970001220703125,19.45685386657715,,24.788400650024414,34.533660888671875,31.19951629638672,24.469919204711914
08-22,,,10.86263656616211,16.386497497558594,18.175386428833008,19.970001220703125,,21.138410568237305,24.788400650024414,34.85341262817383,30.10280990600586,
08-23,,10.665765762329102,10.86263656616211,16.386497497558594,19.114450454711914,,,20.909658432006836,25.088117599487305,34.80773162841797,30.112266540527344,
08-24,11.435007095336914,10.665765762329102,10.88370418548584,16.467002868652344,,,19.45685386657715,20.15562629699707,25.088117599487305,34.80773162841797,,24.469919204711914
08-25,11.761722564697266,10.665765762329102,10.88370418548584,,,19.774213790893555,19.45685386657715,19.99464988708496,25.088117599487305,,,23.463497161865234
08-26,11.761722564697266,11.105938911437988,10.88370418548584,,17.74372673034668,19.805543899536133,19.45685386657715,19.774372100830078,,,30.112266540527344,22.940549850463867
08-27,11.761722564697266,11.105938911437988,,16.540191650390625,18.932697296142578,19.813373565673828,18.92879867553711,,,34.89909362792969,30.112266540527344,21.904525756835938
08-28,11.68928050994873,,,16.80366325378418,18.932697296142578,19.908174514770508,18.928800582885742,,24.71788215637207,34.91736602783203,29.223548889160156,22.240001678466797
08-29,,,10.88370418548584,16.93644142150879,18.703670501708984,19.908174514770508,,19.740478515625,24.682615280151367,35.20058059692383,28.760284423828125,
08-30,,11.201560020446777,10.997222900390625,16.93644142150879,18.703670501708984,,,20.348804473876953,25.109867095947266,35.26453399658203,31.461631774902344,
08-31,11.68928050994873,11.201560020446777,10.997222900390625,16.943824768066406,,,19.12580108642578,20.7857666015625,24.77162742614746,33.681671142578125,,21.280000686645508
09-01,11.68928050994873,11.160578727722168,10.81984806060791,,,,19.503393173217773,20.640111923217773,24.976354598999023,,,21.360000610351562
09-02,11.68928050994873,11.160578727722168,11.777673721313477,,,19.75017547607422,18.756418228149414,20.640111923217773,,,,23.0
09-03,11.68928050994873,11.160578727722168,,,18.703670501708984,20.10567855834961,19.28176498413086,,,,30.927093505859375,22.75
09-04,11.68928050994873,,,18.389612197875977,18.703670501708984,20.081979751586914,19.46235466003418,,,34.095794677734375,31.356630325317383,22.950000762939453
09-05,,,,15.726696968078613,19.604501724243164,20.137277603149414,,,25.26118278503418,34.141807556152344,31.356630325317383,
09-06,,,11.344876289367676,16.04388427734375,19.581600189208984,,,20.871444702148438,25.26118278503418,35.05287170410156,31.356630325317383,
09-07,,11.160578727722168,10.897892951965332,16.04388427734375,,,,21.205595016479492,25.26118278503418,34.325862884521484,,
09-08,11.68928050994873,10.757598876953125,10.897892951965332,,,19.789676666259766,18.895967483520508,21.197025299072266,25.26118278503418,,,25.469999313354492
09-09,11.68928050994873,10.757598876953125,10.897892951965332,,19.581600189208984,20.026676177978516,19.12580108642578,21.18845558166504,,,31.356630325317383,23.780000686645508
09-10,11.524643898010254,10.894203186035156,,15.638175010681152,19.581600189208984,19.829172134399414,19.12580108642578,,,34.23383331298828,31.356630325317383,24.0
09-11,11.524643898010254,,,15.638175010681152,19.390745162963867,19.829172134399414,18.756418228149414,,25.32349395751953,34.60193634033203,31.356630325317383,24.979999542236328
09-12,,,11.529348373413086,18.426490783691406,19.230430603027344,19.607975006103516,,21.257001876831055,25.32349395751953,34.50991439819336,31.957996368408203,
09-13,,10.894203186035156,10.848231315612793,18.426490783691406,19.352575302124023,,,20.905717849731445,25.1187686920166,34.01296615600586,31.738447189331055,
09-14,11.524643898010254,11.030803680419922,11.26683235168457,18.065046310424805,,,18.93701171875,20.734357833862305,25.189977645874023,34.01296615600586,,24.329999923706055
09-15,11.524643898010254,11.030803680419922,11.011411666870117,,,19.765974044799805,18.87955093383789,20.991395950317383,24.79833221435547,,,24.5
09-16,11.524643898010254,10.757598876953125,11.529348373413086,,19.352575302124023,19.923980712890625,19.084762573242188,19.954675674438477,,,32.167991638183594,25.739999771118164
09-17,11.524643898010254,11.269861221313477,,17.327396392822266,19.390745162963867,20.540180206298828,19.076555252075195,,,34.00376892089844,32.148902893066406,25.829999923706055
09-18,11.524643898010254,,,18.32322120666504,19.810626983642578,19.75806999206543,19.207887649536133,,25.617229461669922,34.04978561401367,32.215721130371094,27.0
09-19,,,11.529348373413086,18.21995735168457,19.810626983642578,19.884475708007812,,20.15174102783203,24.789430618286133,33.856529235839844,30.497547149658203,
09-20,,11.611373901367188,11.699626922607422,18.072416305541992,19.696109771728516,,,20.28882598876953,25.15437126159668,33.12952423095703,29.3807373046875,
09-21,12.051481246948242,11.611373901367188,11.699626922607422,18.21995735168457,,,19.002676010131836,20.28882598876953,25.15437126159668,34.878021240234375,,28.350000381469727
09-22,11.327075004577637,11.611373901367188,11.699626922607422,,,19.884475708007812,19.2735595703125,20.28882598876953,24.922943115234375,,,26.969999313354492
09-23,11.261222839355469,12.294398307800293,11.011411666870117,,19.726646423339844,20.184680938720703,19.2735595703125,20.562999725341797,,,29.600278854370117,26.5
09-24,11.261222839355469,12.294398307800293,,18.441246032714844,19.810626983642578,20.184680938720703,19.010881423950195,,,33.377986907958984,29.600278854370117,26.5
09-25,11.261222839355469,,,18.330595016479492,19.810626983642578,19.829172134399414,19.117595672607422,,24.922943115234375,34.04978561401367,29.98209571838379,26.399999618530273
09-26,,,11.011411666870117,18.330595016479492,19.810626983642578,19.829172134399414,,20.554431915283203,25.011953353881836,33.64486312866211,30.917543411254883,
09-27,,10.79175090789795,11.706724166870117,16.560239791870117,19.810626983642578,,,20.880016326904297,25.23448371887207,34.37187576293945,30.736183166503906,
09-28,11.261222839355469,11.536243438720703,11.351974487304688,16.560239791870117,,,19.084762573242188,21.282705307006836,25.23448371887207,34.325862884521484,,27.6200008392334
09-29,11.261222839355469,11.536243438720703,11.351974487304688,,,20.113574981689453,18.781047821044922,20.614404678344727,25.50151252746582,,,26.959999084472656
09-30,11.261222839355469,11.269861221313477,11.600296974182129,,19.810626983642578,20.113574981689453,18.797466278076172,21.094209671020508,,,31.40436363220215,25.110000610351562
10-01,11.261222839355469,11.570393562316895,,16.27255630493164,19.810626983642578,20.145177841186523,19.24072265625,,,33.12952423095703,29.352100372314453,24.700000762939453
10-02,11.261222839355469,,,18.03554344177246,19.772451400756836,20.145177841186523,19.24072265625,,25.76854705810547,33.12952423095703,28.598012924194336,26.25
10-03,,,11.600296974182129,18.042909622192383,19.810626983642578,20.145177841186523,,21.034231185913086,25.76854705810547,33.12952423095703,28.683921813964844,
10-04,,11.570393562316895,11.600296974182129,18.013412475585938,19.810626983642578,,,21.0599365234375,25.76854705810547,32.540550231933594,28.559829711914062,
10-05,11.261222839355469,11.099111557006836,10.7489013671875,17.89539337158203,,,18.797466278076172,20.802900314331055,26.213598251342773,32.715396881103516,,24.059999465942383
10-06,11.261222839355469,11.23571491241455,10.7489013671875,,,19.829172134399414,18.863136291503906,21.419795989990234,25.72403907775879,,,24.059999465942383
10-07,11.261222839355469,10.887370109558105,10.7489013671875,,19.802993774414062,19.829172134399414,18.863136291503906,21.565444946289062,,,30.249366760253906,24.31999969482422
10-08,11.261222839355469,10.887370109558105,,17.89539337158203,18.146377563476562,20.53227996826172,19.23251724243164,,,32.53134536743164,30.249366760253906,23.600000381469727
10-09,11.261222839355469,,,17.629825592041016,19.650300979614258,19.844974517822266,18.87955093383789,,24.79833221435547,32.76140594482422,30.249366760253906,23.5
10-10,,,11.004318237304688,17.629825592041016,19.642677307128906,19.844974517822266,,21.702533721923828,25.083162307739258,32.080421447753906,29.027557373046875,
10-11,,10.92835521697998,10.997222900390625,17.629825592041016,19.65794563293457,,,21.702533721923828,25.661733627319336,32.209259033203125,29.20891761779785,
10-12,11.261222839355469,10.92835521697998,10.997222900390625,16.37582778930664,,,19.043718338012695,22.03668212890625,24.985252380371094,32.945465087890625,,23.5
10-13,11.195368766784668,10.92835521697998,10.997222900390625,,,19.844974517822266,19.002676010131836,22.105222702026367,24.985252380371094,,,23.5
10-14,11.195368766784668,10.798580169677734,10.997222900390625,,19.810626983642578,19.844974517822266,18.961633682250977,22.105222702026367,,,29.37118911743164,23.25
10-15,10.708040237426758,10.798580169677734,,16.442216873168945,20.230499267578125,19.844974517822266,19.17505645751953,,,33.773704528808594,29.37118911743164,24.25
10-16,10.708040237426758,,,16.442216873168945,19.932769775390625,20.53227996826172,19.12580108642578,,25.35909652709961,33.773704528808594,29.37118911743164,24.0
10-17,,,10.997222900390625,17.40853500366211,21.375619888305664,20.53227996826172,,21.98527717590332,25.403602600097656,33.773704528808594,29.37118911743164,
10-18,,10.866881370544434,10.997222900390625,17.40853500366211,19.009037017822266,,,22.053817749023438,25.412500381469727,33.773704528808594,29.37118911743164,
10-19,10.708040237426758,10.866881370544434,10.6637601852417,16.965946197509766,,,19.700397491455078,21.419795989990234,25.45701026916504,32.374900817871094,,24.010000228881836
10-20,10.536815643310547,10.866881370544434,10.6637601852417,,,20.53227996826172,19.49518394470215,21.419795989990234,25.45701026916504,,,23.700000762939453
10-21,10.536815643310547,10.92835521697998,10.6637601852417,,19.176992416381836,20.53227996826172,19.49518394470215,20.99995994567871,,,30.258913040161133,23.700000762939453
10-22,10.470959663391113,10.92835521697998,,16.302061080932617,19.688480377197266,19.394672393798828,19.49518394470215,,,32.21845626831055,30.258913040161133,23.299999237060547
10-23,10.470959663391113,,,16.302061080932617,19.154088973999023,19.394672393798828,19.49518394470215,,26.38271713256836,31.960783004760742,30.258913040161133,23.6299991607666
10-24,,,10.699234962463379,15.15870189666748,18.85635757446289,19.394672393798828,,20.99995994567871,27.593259811401367,30.966896057128906,29.55255126953125,
10-25,,10.92835521697998,10.805660247802734,15.15870189666748,18.741844177246094,,,20.580137252807617,27.593259811401367,30.009822845458984,29.55255126953125,
10-26,10.470959663391113,10.92835521697998,10.805660247802734,14.775126457214355,,,19.49518394470215,21.62542152404785,27.593259811401367,28.89630126953125,,23.5
10-27,10.470959663391113,10.92835521697998,10.805660247802734,,,18.762666702270508,19.733234405517578,21.62542152404785,27.593259811401367,,,24.0
10-28,11.195368766784668,10.92835521697998,10.805660247802734,,18.780012130737305,18.762666702270508,19.979488372802734,21.62542152404785,,,29.55255126953125,23.670000076293945
10-29,11.195368766784668,10.92835521697998,,,19.467090606689453,19.75017547607422,19.946659088134766,,,30.092647552490234,29.352100372314453,23.799999237060547
10-30,10.536815643310547,,,,19.062475204467773,19.2603702545166,20.34066390991211,,27.593259811401367,29.63251304626465,29.352100372314453,23.850000381469727
10-31,,,10.777278900146484,14.775126457214355,19.03194236755371,19.75017547607422,,22.062387466430664,27.42413902282715,29.061948776245117,30.392547607421875,
11-01,,10.962502479553223,10.855321884155273,16.243045806884766,19.085378646850586,,,22.062387466430664,27.42413902282715,29.071151733398438,30.392547607421875,
11-02,10.536815643310547,10.969330787658691,10.784375190734863,16.0365047454834,,,20.414539337158203,21.376955032348633,27.42413902282715,30.193872451782227,,23.790000915527344
11-03,10.536815643310547,10.982995986938477,10.734708786010742,,,18.960168838500977,20.414539337158203,21.376955032348633,27.42413902282715,,,24.389999389648438
11-04,10.075830459594727,11.23571491241455,10.734708786010742,,19.085378646850586,18.960168838500977,20.414539337158203,21.788211822509766,,,30.392547607421875,23.739999771118164
11-05,9.878267288208008,11.23571491241455,,16.0365047454834,18.665502548217773,18.93646812438965,19.88919448852539,,,30.138660430908203,29.829370498657227,23.739999771118164
11-06,9.878267288208008,,,16.0365047454834,18.764745712280273,18.565160751342773,20.51304054260254,,27.42413902282715,30.138660430908203,29.59073257446289,23.739999771118164
11-07,,,10.734708786010742,15.136577606201172,19.047208786010742,18.549362182617188,,21.788211822509766,26.097885131835938,30.552778244018555,30.898452758789062,
11-08,,11.23571491241455,10.677949905395508,15.136577606201172,18.489913940429688,,,21.788211822509766,26.097885131835938,30.17546844482422,30.554819107055664,
11-09,9.878267288208008,11.030803680419922,10.677949905395508,15.136577606201172,,,20.332454681396484,20.665813446044922,26.836673736572266,30.28590202331543,,23.739999771118164
11-10,10.168027877807617,11.030803680419922,10.670852661132812,,,18.565160751342773,20.521249771118164,21.52260971069336,26.836673736572266,,,23.100000381469727
11-11,10.168027877807617,11.030803680419922,10.670852661132812,,18.741844177246094,18.960168838500977,20.521249771118164,21.35981559753418,,,31.261178970336914,24.239999771118164
11-12,10.168027877807617,11.030803680419922,,15.136577606201172,18.818185806274414,18.960168838500977,20.521249771118164,,,31.058923721313477,30.908000946044922,24.239999771118164
11-13,10.168027877807617,,,14.981666564941406,19.009037017822266,18.960168838500977,20.521249771118164,,27.219417572021484,31.058923721313477,31.261178970336914,23.979999542236328
11-14,,,10.7489013671875,14.716115951538086,18.4975528717041,18.960168838500977,,21.668262481689453,27.219417572021484,31.058923721313477,30.841182708740234,
11-15,,11.037633895874023,10.7489013671875,14.716115951538086,18.970870971679688,,,21.633989334106445,27.548757553100586,31.058923721313477,31.337547302246094,
11-16,10.036316871643066,11.037633895874023,10.7489013671875,14.716115951538086,,,20.521249771118164,21.702533721923828,26.881175994873047,31.058923721313477,,24.010000228881836
11-17,10.036316871643066,11.099111557006836,10.975937843322754,,,20.698183059692383,20.521249771118164,21.848188400268555,26.881175994873047,,,24.8700008392334
11-18,10.036316871643066,11.099111557006836,10.975937843322754,,19.009037017822266,20.935184478759766,20.3160400390625,21.848188400268555,,,31.08936309814453,
11-19,10.042902946472168,11.099111557006836,,14.634974479675293,18.89452362060547,20.935184478759766,20.521249771118164,,,30.672412872314453,31.261178970336914,
11-20,9.62143325805664,,,15.121826171875,18.85635757446289,20.935184478759766,20.521249771118164,,26.169092178344727,31.206167221069336,30.316184997558594,
11-21,,,10.81984806060791,14.738245010375977,18.36777114868164,19.007568359375,,22.276582717895508,26.329309463500977,30.672412872314453,30.54527473449707,
11-22,,11.071786880493164,10.81984806060791,,18.344865798950195,,,22.276582717895508,27.50425148010254,,30.78390884399414,
11-23,9.871682167053223,11.071786880493164,10.81984806060791,14.738245010375977,,,20.3160400390625,22.268014907836914,,30.138660430908203,,
11-24,9.805826187133789,11.071786880493164,,,,19.007568359375,20.422744750976562,,27.379634857177734,,,
11-25,9.805826187133789,,10.81984806060791,,18.688405990600586,19.355167388916016,20.422744750976562,25.703752517700195,,,30.354366302490234,
11-26,,11.071786880493164,,14.834139823913574,18.673133850097656,21.48360252380371,,,,30.368722915649414,30.354366302490234,
11-27,9.506668090820312,,,14.834139823913574,18.780895233154297,,20.314998626708984,,27.379634857177734,28.988327026367188,30.11573028564453,
11-28,,,10.81984806060791,14.679234504699707,,20.726295471191406,,24.846954345703125,27.379634857177734,28.00364112854004,,
11-29,,11.168241500854492,11.185529708862305,15.073758125305176,18.85786247253418,,,22.590499877929688,27.379634857177734,28.75826072692871,30.19280242919922,
11-30,9.174263954162598,11.168241500854492,10.611912727355957,15.207742691040039,,,20.68797492980957,22.789350509643555,27.62209129333496,30.643287658691406,,
12-01,8.675663948059082,11.168241500854492,10.611912727355957,,,20.327713012695312,20.323284149169922,22.175521850585938,27.62209129333496,,,
12-02,9.513310432434082,11.168241500854492,10.683611869812012,,18.780895233154297,20.327713012695312,20.314998626708984,22.175521850585938,,,30.39511489868164,
12-03,8.808622360229492,11.168241500854492,,15.267290115356445,18.626953125,19.729835510253906,20.314998626708984,,,29.714704513549805,30.39511489868164,
12-04,8.974823951721191,,,15.259854316711426,18.626953125,19.53054428100586,20.314998626708984,,27.379634857177734,29.946849822998047,30.019392013549805,
12-05,,,10.79833984375,15.259854316711426,18.6192569732666,19.53054428100586,,22.175521850585938,26.93962287902832,,31.28144073486328,
12-06,,11.168241500854492,10.79833984375,15.259854316711426,18.850168228149414,,,25.071735382080078,27.020442962646484,29.714704513549805,29.96158790588379,
12-07,8.841861724853516,11.168241500854492,10.79833984375,14.887657165527344,,,20.314998626708984,23.11787223815918,28.169862747192383,28.693260192871094,,
12-08,8.875102043151855,11.919224739074707,10.79833984375,,,19.53054428100586,20.314998626708984,22.478111267089844,28.169862747192383,,,
12-09,9.20085620880127,11.712533950805664,10.79833984375,,19.211936950683594,19.53054428100586,20.14094352722168,22.53862762451172,,,29.672569274902344,
12-10,8.974823951721191,11.347376823425293,,14.887657165527344,19.211936950683594,19.14790916442871,19.50273323059082,,,28.321826934814453,30.57815933227539,
12-11,8.974823951721191,,,14.887657165527344,19.211936950683594,19.53054428100586,19.50273323059082,,28.51110076904297,27.76467514038086,29.595497131347656,
12-12,,,10.999105453491211,14.887657165527344,18.319067001342773,19.53054428100586,,22.910381317138672,28.51110076904297,28.97183609008789,31.41631317138672,
12-13,,11.347376823425293,11.271573066711426,14.887657165527344,19.05029296875,,,23.81814956665039,28.017210006713867,28.136110305786133,31.551189422607422,
12-14,10.138223648071289,11.540287017822266,11.465166091918945,14.96209716796875,,,19.477863311767578,23.81814956665039,28.017210006713867,28.34039878845215,,
12-15,9.898897171020508,11.540287017822266,11.465166091918945,,,19.53054428100586,19.32866668701172,23.81814956665039,27.58617401123047,,,
12-16,9.141023635864258,11.540287017822266,11.465166091918945,,19.011808395385742,20.1284236907959,20.207246780395508,23.792217254638672,,,31.551189422607422,
12-17,9.141023635864258,11.540287017822266,,14.96209716796875,19.627574920654297,20.327713012695312,19.43642234802246,,,27.8668212890625,31.474117279052734,
12-18,8.974823951721191,,,15.542716979980469,19.627574920654297,19.92913055419922,20.033191680908203,,27.280855178833008,28.87897491455078,31.637895584106445,
12-19,,,11.465166091918945,15.542716979980469,19.627574920654297,19.92913055419922,,23.783573150634766,27.280855178833008,28.73969268798828,32.75543212890625,
12-20,,11.26469898223877,10.7839994430542,15.542716979980469,19.627574920654297,,,24.207191467285156,28.05312728881836,27.92253875732422,32.75543212890625,
12-21,9.905542373657227,11.26469898223877,10.7839994430542,15.073758125305176,,,19.527589797973633,24.207191467285156,28.05312728881836,29.02755355834961,,
12-22,9.905542373657227,11.26469898223877,11.1138277053833,,,19.92913055419922,19.71823501586914,25.504009246826172,27.253915786743164,,,
12-23,9.905542373657227,11.26469898223877,11.1138277053833,,19.627574920654297,19.53054428100586,19.43642234802246,25.071735382080078,,,32.31227493286133,
12-24,9.83906364440918,,,15.334288597106934,19.627574920654297,20.327713012695312,19.643634796142578,,,29.018264770507812,32.31227493286133,
12-26,,,,15.073758125305176,19.16575050354004,19.92913055419922,,,27.253915786743164,28.34039878845215,32.31227493286133,
12-27,,11.26469898223877,11.436488151550293,15.073758125305176,19.242719650268555,,,25.287874221801758,27.253915786743164,28.34039878845215,32.273738861083984,
12-28,9.18756103515625,11.26469898223877,10.977594375610352,15.259854316711426,,,19.635347366333008,25.287874221801758,27.253915786743164,28.60040283203125,,
12-29,9.18756103515625,11.26469898223877,10.97042179107666,,,19.92913055419922,19.68507194519043,25.287874221801758,27.253915786743164,,,
12-30,9.174263954162598,11.26469898223877,11.436488151550293,,19.242719650268555,19.92913055419922,19.635347366333008,25.287874221801758,,,31.503019332885742,
12-31,9.207505226135254,11.26469898223877,,15.5203857421875,19.350481033325195,19.92913055419922,19.892284393310547,,,28.173254013061523,31.33924102783203,
