,2009,2010,2011,2012,2013,2014,2015,2016,2017,2018,2019,2020
01-02,6.6103644371032715,,,,7.197393417358398,8.709449768066406,9.290584564208984,,,13.767822265625,12.160901069641113,18.82138442993164
01-03,,,10.279537200927734,8.264355659484863,7.207473278045654,8.585125923156738,,,10.417153358459473,13.809818267822266,12.180312156677246,18.653160095214844
01-04,,9.279143333435059,10.22972297668457,8.3707914352417,7.1033101081848145,,,8.852449417114258,10.62944507598877,14.50851821899414,11.947381973266602,
01-05,6.7187299728393555,9.251111030578613,10.080276489257812,8.402092933654785,,,9.058319091796875,8.96662712097168,10.62944507598877,14.325254440307617,,
01-06,6.596819877624512,9.293160438537598,9.939620018005371,8.204878807067871,,8.642247200012207,8.95778751373291,8.706155776977539,11.061473846435547,,,18.82138442993164
01-07,6.745823860168457,9.32119369506836,9.889805793762207,,6.72697639465332,8.732972145080566,8.867655754089355,8.616952896118164,,,12.403536796569824,19.157833099365234
01-08,6.63745641708374,9.287553787231445,,,6.4716057777404785,8.880817413330078,8.902320861816406,8.616952896118164,,14.302345275878906,12.597644805908203,19.51407241821289
01-09,6.244626522064209,,,8.22365951538086,6.690014362335205,8.766573905944824,8.676990509033203,,11.061473846435547,14.275618553161621,12.578234672546387,19.959375381469727
01-10,,,9.863435745239258,8.574267387390137,6.629532337188721,8.712811470031738,,,10.882704734802246,14.245074272155762,12.41324234008789,20.10780906677246
01-11,,9.340818405151367,9.819478988647461,8.718268394470215,6.595930576324463,,,8.616952896118164,11.009333610534668,14.054173469543457,12.384125709533691,
01-12,6.176898002624512,9.279143333435059,9.804828643798828,8.586791038513184,,,8.6561918258667,8.616952896118164,10.804491996765137,14.031264305114746,,
01-13,5.919527530670166,9.326802253723145,9.725709915161133,8.59618091583252,,8.635528564453125,8.569524765014648,8.706155776977539,11.042852401733398,,,20.10780906677246
01-14,6.041440486907959,9.413707733154297,9.599705696105957,,6.599291801452637,8.588486671447754,8.562590599060059,8.738269805908203,,,12.219134330749512,20.14739227294922
01-15,6.258172035217285,9.503413200378418,,,6.612731456756592,8.749773979187012,8.611122131347656,8.738269805908203,,,12.238544464111328,19.99895668029785
01-16,6.166061878204346,,,,6.552249431610107,8.638890266418457,8.749789237976074,,,14.245074272155762,12.422947883605957,20.028644561767578
01-17,,,,8.449049949645996,6.434645175933838,8.706089973449707,,,11.042852401733398,14.141988754272461,12.306482315063477,19.850522994995117
01-18,,,9.819478988647461,8.5648775100708,6.575768947601318,,,,11.042852401733398,13.920541763305664,12.539413452148438,
01-19,,9.32119369506836,9.798966407775879,8.680702209472656,,,,8.242302894592285,11.042852401733398,13.958723068237305,,
01-20,6.01434850692749,9.096923828125,9.699333190917969,8.630616188049316,,,9.169251441955566,7.849812030792236,11.065197944641113,,,
01-21,6.2039899826049805,9.068890571594238,9.746219635009766,,,8.571686744689941,9.196985244750977,7.742770195007324,,,,19.672401428222656
01-22,6.152514934539795,8.97077465057373,,,6.535449504852295,8.749773979187012,9.318316459655762,8.021080017089844,,14.038900375366211,12.393832206726074,19.9296875
01-23,5.946619033813477,,,8.621225357055664,6.427924156188965,8.507842063903809,9.266317367553711,,11.147136688232422,14.126714706420898,12.490885734558105,19.791149139404297
01-24,,,9.670031547546387,8.561747550964355,6.548888683319092,8.228954315185547,,,11.337080001831055,14.237438201904297,13.04409408569336,19.830732345581055
01-25,,8.942739486694336,10.015809059143066,8.655661582946777,6.639611721038818,,,7.757042407989502,11.337080001831055,13.954904556274414,13.170265197753906,
01-26,5.905981540679932,8.841817855834961,9.963064193725586,8.715137481689453,,,9.48124885559082,7.774884223937988,11.337080001831055,14.382523536682129,,
01-27,6.190444469451904,8.872654914855957,9.963064193725586,8.521051406860352,,8.05086612701416,9.560981750488281,7.774884223937988,11.135961532592773,,,19.36564064025879
01-28,6.3936309814453125,8.917509078979492,9.289090156555176,,6.592570781707764,8.111348152160645,9.474316596984863,7.674975872039795,,,12.869397163391113,19.702089309692383
01-29,6.52908992767334,8.508219718933105,,,6.7202558517456055,8.175191879272461,9.425783157348633,7.082672119140625,,14.329071998596191,12.665583610534668,19.662508010864258
01-30,6.0956220626831055,,,8.333224296569824,6.703455924987793,8.60192584991455,9.46738338470459,,11.072648048400879,14.218347549438477,13.034390449523926,20.34530258178711
01-31,,,9.098621368408203,8.107832908630371,6.703455924987793,9.324356079101562,,,11.340804100036621,13.168390274047852,12.500591278076172,21.127052307128906
02-01,,8.998807907104492,9.245139122009277,8.211137771606445,6.911782264709473,,,6.947084426879883,11.340804100036621,12.133703231811523,12.869397163391113,
02-02,5.862635612487793,9.164205551147461,9.08983039855957,8.013919830322266,,,10.167642593383789,6.57600212097168,11.329630851745605,11.641176223754883,,
02-03,5.943910121917725,8.864246368408203,9.318392753601074,7.948182106018066,,9.613327026367188,10.372174263000488,6.294122695922852,11.266316413879395,,,21.740577697753906
02-04,5.946619033813477,9.052072525024414,9.359417915344238,,7.026027679443359,9.613327026367188,10.594038963317871,6.365484714508057,,,13.257615089416504,22.67076301574707
02-05,5.7976155281066895,8.883870124816895,,,7.079789638519287,9.3713960647583,10.895638465881348,6.23346471786499,,11.15628719329834,13.480838775634766,23.086376190185547
02-06,5.905981540679932,,,7.716529846191406,7.036107540130615,9.848533630371094,10.743104934692383,,11.359426498413086,11.641176223754883,13.315847396850586,22.838987350463867
02-07,,,9.544028282165527,7.741570949554443,7.395641803741455,9.942617416381836,,,10.893877029418945,11.297554016113281,13.170265197753906,22.92804718017578
02-08,,8.914704322814941,9.585054397583008,7.901226043701172,7.822375297546387,,,6.169238567352295,10.938569068908691,11.072291374206543,13.082916259765625,
02-09,5.5808820724487305,8.897886276245117,9.447330474853516,7.913745880126953,,,10.632172584533691,5.9908342361450195,10.621994972229004,11.35482406616211,,
02-10,5.4860615730285645,8.77453899383545,9.37407112121582,7.926267147064209,,9.882134437561035,10.704971313476562,5.794589042663574,10.621994972229004,,,22.85877799987793
02-11,5.499606609344482,8.895082473754883,9.450258255004883,,7.993745803833008,10.01318073272705,10.663370132446289,5.676842212677002,,,13.073211669921875,22.8488826751709
02-12,5.323511123657227,8.682025909423828,,,7.624129295349121,10.14422607421875,10.48310661315918,5.823133945465088,,11.526636123657227,13.383784294128418,22.957735061645508
02-13,5.207016944885254,,,7.904355525970459,7.570366859436035,10.171107292175293,10.62524127960205,,10.621994972229004,11.312827110290527,13.179970741271973,22.690553665161133
02-14,,,9.456119537353516,7.926267147064209,7.462843894958496,10.171107292175293,,,10.621994972229004,11.190649032592773,13.509955406188965,22.36400032043457
02-15,,,9.335977554321289,7.963833808898926,7.365397930145264,,,,10.674137115478516,11.702265739440918,13.694358825683594,
02-16,,8.900689125061035,9.623147964477539,8.07339859008789,,,,6.151398658752441,10.674137115478516,11.770990371704102,,
02-17,5.225980758666992,9.20064926147461,9.699333190917969,8.092180252075195,,,10.254308700561523,6.190647602081299,10.674137115478516,,,
02-18,5.109487056732178,9.262323379516602,9.675893783569336,,,10.298792839050293,10.320175170898438,6.5224809646606445,,,,22.31452178955078
02-19,4.9686102867126465,9.0548734664917,,,7.3082780838012695,10.567602157592773,10.275108337402344,6.340507507324219,,,13.636126518249512,22.660865783691406
02-20,4.911718845367432,,,,7.187313556671143,10.567602157592773,10.444973945617676,,,11.267009735107422,13.15085506439209,22.31452178955078
02-21,,,,8.104702949523926,7.099950313568115,10.567602157592773,,,10.890151977539062,11.484638214111328,13.063505172729492,22.077028274536133
02-22,,9.158600807189941,9.655380249023438,8.154788970947266,7.099950313568115,,,6.515344619750977,10.890151977539062,11.358643531799316,13.228498458862305,
02-23,4.713949203491211,9.026840209960938,9.743291854858398,8.386443138122559,,,10.48310661315918,6.397597312927246,10.890151977539062,11.583907127380371,,
02-24,4.646219730377197,9.110942840576172,9.801897048950195,8.492877006530762,,10.503758430480957,10.48310661315918,6.5224809646606445,10.897600173950195,,,21.542667388916016
02-25,4.646219730377197,9.099727630615234,9.930830001831055,,7.405721664428711,10.325671195983887,10.542038917541504,6.565297603607178,,,13.315847396850586,21.57235336303711
02-26,4.551398754119873,9.167009353637695,,,7.476283073425293,10.187909126281738,10.576704978942871,6.6259565353393555,,11.553362846374512,13.354669570922852,21.780160903930664
02-27,4.537853240966797,,,8.580530166625977,7.889580726623535,10.500399589538574,10.47270679473877,,10.797041893005371,11.625904083251953,13.335257530212402,21.02809715270996
02-28,,,9.922039031982422,8.680702209472656,7.748453140258789,10.486958503723145,,,10.782143592834473,11.526636123657227,13.112032890319824,20.384885787963867
02-29,,,,8.517921447753906,,,,6.57600212097168,,,,
03-01,,9.167009353637695,9.634868621826172,8.527311325073242,7.74509334564209,,,6.383325099945068,10.964639663696289,11.194466590881348,13.335257530212402,
03-02,4.307572841644287,9.388474464416504,9.696405410766602,8.514790534973145,,,10.542038917541504,6.454687118530273,10.763522148132324,11.282282829284668,,21.611936569213867
03-03,4.185661792755127,9.307177543640137,9.637798309326172,,,10.087102890014648,10.56977367401123,6.6188201904296875,10.581027030944824,,,20.40467643737793
03-04,4.4782514572143555,9.251111030578613,9.49128246307373,,7.687973499298096,10.349193572998047,10.43457317352295,6.447551250457764,,,13.383784294128418,21.02809715270996
03-05,4.605582237243652,9.259520530700684,,8.48974609375,7.560286998748779,10.392873764038086,10.812437057495117,,,11.163924217224121,13.296436309814453,20.117704391479492
03-06,4.537853240966797,,,8.264355659484863,7.627490520477295,10.476880073547363,11.048168182373047,,10.581027030944824,11.454092979431152,13.344963073730469,20.236452102661133
03-07,,,9.426817893981934,8.22365951538086,7.456124782562256,10.359274864196777,,6.497503757476807,10.581027030944824,11.083744049072266,13.014978408813477,
03-08,,8.872654914855957,9.321325302124023,8.486617088317871,7.409080505371094,,,6.586706638336182,10.581027030944824,11.102835655212402,13.112032890319824,
03-09,4.562234878540039,8.77453899383545,9.412165641784668,8.486617088317871,,,11.048168182373047,6.397597312927246,10.707656860351562,11.568635940551758,,19.949480056762695
03-10,4.5486907958984375,8.634369850158691,9.20997428894043,,,10.174467086791992,11.010035514831543,6.404733180999756,10.718830108642578,,,20.008852005004883
03-11,4.876499176025391,8.628763198852539,8.790938377380371,,7.338520526885986,9.932538032531738,11.190300941467285,6.568865776062012,,,13.374079704284668,19.048982620239258
03-12,4.743749141693115,8.606335639953613,,8.436529159545898,7.257875919342041,9.872054100036621,11.457230567932129,,,11.67553997039795,13.335257530212402,17.910991668701172
03-13,4.903590202331543,,,8.46157169342041,7.328438758850098,9.892215728759766,11.276968002319336,,10.83800983428955,11.583907127380371,13.296436309814453,16.654253005981445
03-14,,,8.380693435668945,8.301920890808105,7.291477680206299,9.636846542358398,,6.686613082885742,10.938569068908691,11.423548698425293,13.082916259765625,
03-15,,8.578301429748535,8.172642707824707,8.311309814453125,7.395641803741455,,,6.611683368682861,11.039129257202148,11.602995872497559,13.15085506439209,
03-16,4.979447364807129,8.732486724853516,7.794632434844971,8.280007362365723,,,11.717227935791016,6.572433948516846,11.128514289855957,11.54572582244873,,16.109996795654297
03-17,5.0851054191589355,8.634369850158691,7.911844253540039,,,9.653647422790527,11.783096313476562,6.725862979888916,11.068922996520996,,,16.426654815673828
03-18,5.418332576751709,8.659600257873535,8.29278564453125,,7.301557540893555,9.875414848327637,11.82816219329834,6.568865776062012,,,13.247908592224121,17.1688232421875
03-19,5.011957168579102,8.760520935058594,,8.283137321472168,7.294837951660156,9.737650871276855,11.82816219329834,,,11.274645805358887,13.490544319152832,16.327699661254883
03-20,4.827733039855957,,,8.226790428161621,7.372118949890137,9.55284309387207,12.167892456054688,,11.076374053955078,11.305190086364746,13.616715431213379,16.337594985961914
03-21,,,8.497906684875488,8.057747840881348,7.230993747711182,9.66708755493164,,6.6295247077941895,11.10244369506836,11.347189903259277,13.713769912719727,
03-22,,8.816588401794434,9.113271713256836,8.245572090148926,7.133551120758057,,,6.718726634979248,11.001885414123535,11.225010871887207,13.55848217010498,
03-23,5.0525946617126465,9.007218360900879,8.483256340026855,8.161050796508789,,,12.12629222869873,6.54388952255249,11.001885414123535,11.079926490783691,,14.952213287353516
03-24,5.039048671722412,8.830605506896973,8.462743759155273,,,9.378117561340332,12.199090003967285,6.351212501525879,11.139686584472656,,,16.07041358947754
03-25,4.895463466644287,8.830605506896973,8.451022148132324,,6.992425918579102,9.344515800476074,12.459088325500488,,,,13.820528984069824,16.782894134521484
03-26,5.334981441497803,9.198318481445312,,8.214268684387207,6.989065170288086,9.829392433166504,12.25232219696045,,,11.251738548278809,13.917583465576172,17.574541091918945
03-27,5.290685176849365,,,8.400578498840332,7.073069095611572,9.829392433166504,12.161173820495605,,11.266316413879395,11.725173950195312,13.772002220153809,18.190000534057617
03-28,,,8.645121574401855,8.465147018432617,7.073069095611572,10.369771003723145,,6.635279178619385,11.856228828430176,11.703307151794434,14.132428169250488,
03-29,,9.29861068725586,8.346494674682617,8.416719436645508,,,,6.965028762817383,11.79171085357666,11.699455261230469,14.152043342590332,
03-30,5.066432476043701,9.524986267089844,8.605907440185547,8.536175727844238,,,12.147150993347168,6.789162635803223,11.89797592163086,,,18.420000076293945
03-31,5.2463884353637695,9.350190162658691,8.446036338806152,,,10.369771003723145,11.94382095336914,6.789162635803223,11.753759384155273,,,17.809999465942383
04-01,5.204859733581543,9.513525009155273,8.536529541015625,,6.972264766693115,10.397132873535156,11.912270545959473,6.46674108505249,,,14.201080322265625,17.3700008392334
04-02,5.5426225662231445,,,8.536175727844238,6.868102550506592,10.284268379211426,11.761527061462402,,,11.911333084106445,14.132428169250488,17.6200008392334
04-03,5.719809055328369,,,8.348920822143555,6.874821662902832,10.246646881103516,,,11.636107444763184,11.803466796875,14.112813949584961,17.0
04-04,,,8.455086708068848,8.139068603515625,7.2679572105407715,10.034600257873535,,6.393464088439941,11.689240455627441,11.74953556060791,13.798977851867676,
04-05,,9.682591438293457,8.249967575073242,8.11001205444336,7.1033101081848145,,,6.100353717803955,11.734783172607422,11.799615859985352,13.779363632202148,
04-06,5.786253452301025,9.628145217895508,8.204718589782715,,,,12.343469619750977,6.100353717803955,11.491889953613281,11.9691162109375,,17.610000610351562
04-07,5.5813822746276855,9.479141235351562,8.126293182373047,,,10.027759552001953,12.497718811035156,6.10401725769043,11.537431716918945,,,18.260000228881836
04-08,5.633983135223389,9.496332168579102,8.289180755615234,,7.271317005157471,9.80887222290039,12.57484245300293,6.459413051605225,,,13.661674499511719,18.389999389648438
04-09,5.999431610107422,9.653937339782715,,7.987330436706543,7.163792610168457,9.983299255371094,12.592370986938477,,,11.919036865234375,13.798977851867676,18.690000534057617
04-10,,,,7.825902938842773,7.207473278045654,9.86701488494873,12.522257804870605,,11.537431716918945,12.092391014099121,13.965703010559082,
04-11,,,8.298230171203613,7.935671329498291,7.200753688812256,9.80887222290039,,6.496051788330078,11.643697738647461,11.892071723937988,13.995125770568848,
04-12,,9.699783325195312,8.09311294555664,8.11001205444336,7.291477680206299,,,6.756187915802002,11.56399917602539,11.587738037109375,14.024547576904297,
04-13,6.010505199432373,9.714111328125,8.002619743347168,7.858187198638916,,,12.112092971801758,6.939381122589111,11.423575401306152,11.911333084106445,,18.3799991607666
04-14,5.941293239593506,9.653937339782715,8.084062576293945,,,9.911476135253906,12.122611045837402,6.979683876037598,,,,18.950000762939453
04-15,5.855469226837158,9.55077838897705,8.084062576293945,,7.348597526550293,9.911476135253906,11.964856147766113,6.624288558959961,,,14.161850929260254,19.739999771118164
04-16,5.7308831214904785,9.57083511352539,,7.867872714996338,7.301557540893555,9.911476135253906,11.79307746887207,,,11.684046745300293,14.220695495605469,19.280000686645508
04-17,5.910838603973389,,,7.9614996910095215,7.14027214050293,9.911476135253906,11.617794036865234,,11.423575401306152,12.04231071472168,14.240310668945312,19.65999984741211
04-18,,,7.942291259765625,7.890474319458008,7.0193071365356445,,,6.624288558959961,11.526046752929688,11.946002006530762,14.093199729919434,
04-19,,9.599492073059082,7.909109592437744,7.87755823135376,6.97898530960083,,,6.888087272644043,12.045989990234375,11.919036865234375,,
04-20,5.758568286895752,9.699783325195312,8.056915283203125,7.709677696228027,,,11.617794036865234,7.00166654586792,12.045989990234375,11.83813762664795,,19.170000076293945
04-21,5.766874313354492,9.914698600769043,8.352527618408203,,,10.232964515686035,11.761527061462402,7.052961349487305,11.700627326965332,,,19.100000381469727
04-22,5.913607120513916,9.871715545654297,,,6.97898530960083,10.232964515686035,11.687907218933105,6.979683876037598,,,13.975510597229004,19.25
04-23,5.932987213134766,9.940488815307617,,7.716133117675781,7.160431385040283,10.263748168945312,11.586244583129883,,,11.75723934173584,14.083391189575195,18.950000762939453
04-24,5.8886895179748535,,,7.780704498291016,6.888261795043945,10.239805221557617,11.838652610778809,,11.704421043395996,11.745682716369629,13.906859397888184,19.110000610351562
04-25,,,8.427936553955078,7.90015983581543,6.888261795043945,10.103002548217773,,6.979683876037598,11.704421043395996,11.795762062072754,14.034356117248535,
04-26,,10.267154693603516,8.394755363464355,7.955043792724609,6.965546131134033,,,6.844120502471924,11.67026424407959,11.919036865234375,14.004932403564453,
04-27,6.076950550079346,10.029319763183594,8.349508285522461,7.87755823135376,,,11.803595542907715,6.774506568908691,11.727192878723145,11.483726501464844,,19.15999984741211
04-28,5.993894577026367,10.000664710998535,8.602890014648438,,,10.103002548217773,11.7229642868042,6.320186138153076,12.326836585998535,,,19.690000534057617
04-29,6.063107490539551,10.000664710998535,8.60892391204834,,7.04954719543457,10.072221755981445,11.533658027648926,6.228589057922363,,,14.181466102600098,20.110000610351562
04-30,5.9800519943237305,10.189787864685059,,7.851730823516846,6.989065170288086,10.18166446685791,10.902637481689453,,,11.241031646728516,14.053970336914062,19.25
05-01,6.976727485656738,,,7.854959011077881,6.787457466125488,10.58865737915039,9.538932800292969,,12.88473129272461,11.626261711120605,13.720518112182617,19.270000457763672
05-02,,,8.310297012329102,7.867872714996338,6.686654567718506,10.961450576782227,,6.488724231719971,12.88473129272461,11.75723934173584,13.759747505187988,
05-03,,10.238500595092773,8.304264068603516,7.777476787567139,6.8176984786987305,,,6.499716281890869,12.82400894165039,11.626261711120605,13.759747505187988,
05-04,7.123461723327637,9.865983009338379,8.310297012329102,7.719363212585449,,,9.521404266357422,6.503378868103027,12.846778869628906,11.946002006530762,,19.170000076293945
05-05,7.059783935546875,9.914698600769043,8.231868743896484,,,10.937508583068848,9.444278717041016,6.422774314880371,12.968226432800293,,,19.440000534057617
05-06,7.195440769195557,10.169729232788086,8.476201057434082,,6.787457466125488,10.913568496704102,9.430254936218262,6.488724231719971,,,13.730326652526855,19.34000015258789
05-07,7.128997325897217,9.931890487670898,,8.013154983520508,6.787457466125488,10.958028793334961,9.738755226135254,,,11.892071723937988,12.9457368850708,19.489999771118164
05-08,7.414155960083008,,,7.909843444824219,6.632892608642578,10.958028793334961,10.096333503723145,,13.27943229675293,12.115504264831543,13.034002304077148,19.65999984741211
05-09,,,8.512397766113281,7.667706489562988,6.8176984786987305,10.958028793334961,,6.551009654998779,13.207324981689453,11.999935150146484,12.828047752380371,
05-10,,10.089493751525879,8.491281509399414,7.535337924957275,6.905062198638916,,,6.638943195343018,13.207324981689453,12.11935806274414,12.955543518066406,
05-11,7.242507457733154,9.966278076171875,8.271082878112793,7.4610819816589355,,,9.794844627380371,6.598641395568848,13.207324981689453,11.818877220153809,,19.81999969482422
05-12,7.42246150970459,9.886043548583984,8.277113914489746,,,10.916988372802734,10.00869083404541,6.569330215454102,13.207324981689453,,,19.790000915527344
05-13,7.225894927978516,9.96054744720459,8.020716667175293,,7.069708347320557,10.916988372802734,10.057770729064941,6.46674108505249,,,12.779009819030762,19.899999618530273
05-14,7.156681537628174,9.651069641113281,,7.380370616912842,6.999145984649658,10.968292236328125,9.956107139587402,,,11.961411476135254,13.04380989074707,19.40999984741211
05-15,7.059783935546875,,,7.50628137588501,7.042827129364014,10.934088706970215,10.001680374145508,,13.17316722869873,11.807318687438965,13.288994789123535,19.209999084472656
05-16,,,7.9302239418029785,7.302884101867676,6.891622066497803,10.968292236328125,,6.510707378387451,13.491963386535645,11.807318687438965,13.259572982788086,
05-17,,9.84019660949707,7.921175003051758,7.309341907501221,6.995785713195801,,,6.496051788330078,13.507144927978516,12.026902198791504,13.249764442443848,
05-18,7.239739894866943,9.530718803405762,8.081048011779785,7.196345329284668,,,9.928062438964844,6.558338165283203,13.545096397399902,12.038458824157715,,19.540000915527344
05-19,7.364322662353516,9.78001880645752,7.797500133514404,,,10.968292236328125,9.756282806396484,6.627951622009277,13.605820655822754,,,19.079999923706055
05-20,7.322794437408447,9.427558898925781,7.719072341918945,,7.217555522918701,10.872526168823242,9.70019245147705,6.627951622009277,,,13.210535049438477,19.350000381469727
05-21,7.101311683654785,9.596625328063965,,7.20280122756958,7.859338283538818,11.139294624328613,9.68617057800293,,,12.092391014099121,13.593022346496582,19.059999465942383
05-22,7.156681537628174,,,7.131773948669434,7.640931129455566,11.139294624328613,9.609045028686523,,13.560277938842773,12.277300834655762,13.475334167480469,19.56999969482422
05-23,,,7.426479339599609,7.044604778289795,7.483005523681641,11.365023612976074,,7.008995532989502,13.431241989135742,12.057720184326172,13.14188289642334,
05-24,,9.398904800415039,7.471724510192871,7.067203521728516,7.446043968200684,,,6.891750812530518,13.742448806762695,11.988378524780273,13.338031768798828,
05-25,,9.112350463867188,7.480772972106934,7.022005081176758,,,,6.987011909484863,13.78799057006836,12.196401596069336,,
05-26,7.156681537628174,9.063637733459473,7.465691566467285,,,,9.924554824829102,6.990675449371338,13.848713874816895,,,19.920000076293945
05-27,6.962886333465576,9.341594696044922,7.707006931304932,,,11.580488204956055,9.798351287841797,7.030978202819824,,,,20.479999542236328
05-28,7.0071797370910645,9.229837417602539,,,7.644289970397949,11.67967414855957,9.591517448425293,,,,13.573408126831055,20.399999618530273
05-29,7.156681537628174,,,7.067203521728516,7.288118362426758,11.744654655456543,9.710710525512695,,,11.741829872131348,13.298802375793457,20.530000686645508
05-30,,,,6.9251484870910645,7.224273681640625,11.631791114807129,,,13.848713874816895,11.872809410095215,13.308609008789062,
05-31,,,7.91212797164917,6.989719867706299,6.972264766693115,,,7.353399276733398,13.848713874816895,11.841991424560547,13.181113243103027,
06-01,7.225894927978516,9.057908058166504,7.821633338928223,6.705610275268555,,,9.76329517364502,7.437668323516846,13.68172550201416,11.942150115966797,,21.799999237060547
06-02,7.3781657218933105,8.997732162475586,7.936257362365723,,,11.744654655456543,9.808867454528809,7.29111385345459,13.833534240722656,,,22.040000915527344
06-03,7.004411697387695,9.040714263916016,7.869895935058594,,6.928584575653076,11.925919532775879,10.2786283493042,7.06028938293457,,,13.230149269104004,21.540000915527344
06-04,7.253580570220947,8.731237411499023,,6.79278039932251,7.076429843902588,12.117447853088379,10.404830932617188,,,11.826581954956055,13.455719947814941,21.6299991607666
06-05,6.921356678009033,,,7.096259593963623,6.636251926422119,11.874619483947754,10.282133102416992,,14.057451248168945,11.911333084106445,13.396875381469727,21.280000686645508
06-06,,,7.842747211456299,7.354541301727295,6.787457466125488,11.874619483947754,,7.06028938293457,13.966365814208984,11.872809410095215,13.465526580810547,
06-07,,8.608022689819336,7.9302239418029785,7.277058124542236,7.0394673347473145,,,7.364391326904297,13.82973861694336,12.15402603149414,13.51456356048584,
06-08,7.142841339111328,8.699718475341797,8.147407531738281,7.164059638977051,,,10.06127643585205,7.437668323516846,13.82973861694336,12.165583610534668,,21.15999984741211
06-09,7.062553405761719,8.576499938964844,8.201704978942871,,,11.874619483947754,9.917542457580566,7.459651470184326,13.772809982299805,,,21.450000762939453
06-10,7.167757034301758,8.883111000061035,8.234884262084961,,7.062989234924316,11.860939025878906,10.02271556854248,7.181197166442871,,,13.7499418258667,22.200000762939453
06-11,7.4778337478637695,8.800010681152344,,7.24799919128418,6.884902477264404,11.789115905761719,10.145411491394043,,,12.076980590820312,13.808785438537598,21.93000030517578
06-12,7.486139297485352,,,7.360997676849365,6.905062198638916,11.864357948303223,10.285639762878418,,13.981546401977539,11.93059253692627,13.691097259521484,22.110000610351562
06-13,,,8.138360023498535,7.257685661315918,6.992425918579102,12.052464485168457,,7.00166654586792,13.700699806213379,11.976820945739746,13.534178733825684,
06-14,,8.825800895690918,8.271082878112793,7.306112289428711,6.824419021606445,,,6.8624396324157715,13.776605606079102,12.015344619750977,13.583216667175293,
06-15,7.173293113708496,9.057908058166504,8.268064498901367,7.425568103790283,,,10.338225364685059,7.027313709259033,13.442626953125,12.3004150390625,,21.989999771118164
06-16,7.173293113708496,9.24416732788086,8.114228248596191,,,12.052464485168457,10.226043701171875,6.8770952224731445,13.442626953125,,,22.3700008392334
06-17,7.3504815101623535,9.287149429321289,8.114228248596191,,7.015945911407471,11.631791114807129,10.169952392578125,6.998002529144287,,,13.632251739501953,22.940000534057617
06-18,7.253580570220947,9.456214904785156,,7.438482284545898,7.056268692016602,11.984061241149902,10.215526580810547,,,12.242630958557129,13.95589542388916,23.170000076293945
06-19,7.256350517272949,,,7.557937145233154,7.180593013763428,12.452616691589355,10.264605522155762,,13.689314842224121,11.822729110717773,13.85782241821289,22.84000015258789
06-20,,,8.225836753845215,7.622506141662598,6.599291801452637,12.432095527648926,,7.313096523284912,13.560277938842773,11.691750526428223,13.81859302520752,
06-21,,9.527853012084961,8.147407531738281,7.6063642501831055,6.7202558517456055,,,7.254475116729736,13.560277938842773,11.67634105682373,13.808785438537598,
06-22,7.2674241065979,9.47054386138916,8.156457901000977,7.68062162399292,,,10.334717750549316,7.313096523284912,14.125763893127441,11.884366989135742,,22.790000915527344
06-23,7.059783935546875,9.461946487426758,8.156457901000977,,,12.302131652832031,10.334717750549316,7.437668323516846,14.125763893127441,,,23.520000457763672
06-24,7.087469100952148,9.441887855529785,8.41285514831543,,6.723616600036621,12.302131652832031,10.334717750549316,6.946708679199219,,,13.740133285522461,23.420000076293945
06-25,7.380934715270996,9.221240997314453,,7.493366241455078,6.891622066497803,12.302131652832031,10.33121395111084,,,11.726421356201172,13.867630004882812,23.799999237060547
06-26,7.544279098510742,,,7.570851802825928,6.794178009033203,12.832249641418457,10.303167343139648,,14.125763893127441,11.741829872131348,13.651867866516113,24.350000381469727
06-27,,,8.35855770111084,7.528879642486572,6.918503284454346,12.832249641418457,,6.514370918273926,14.125763893127441,11.71101188659668,13.642060279846191,
06-28,,9.18112564086914,8.446036338806152,7.625734806060791,6.999145984649658,,,6.452085971832275,14.288958549499512,11.529953002929688,13.681288719177246,
06-29,7.46122407913208,8.911765098571777,8.675286293029785,7.703219413757324,,,9.973634719848633,6.605969429016113,13.98534107208252,11.818877220153809,,24.06999969482422
06-30,7.463991641998291,9.055042266845703,8.630041122436523,,,12.7809476852417,9.784327507019043,6.605969429016113,13.943593978881836,,,23.420000076293945
07-01,7.516592502593994,9.009195327758789,8.925650596618652,,6.958825588226318,12.7809476852417,9.689676284790039,6.580321311950684,,,13.60283088684082,23.270000457763672
07-02,7.580269813537598,8.840127944946289,,7.7710185050964355,6.958825588226318,12.7809476852417,9.714215278625488,,,12.057720184326172,14.004932403564453,23.149999618530273
07-03,,,,7.8097615242004395,6.898342609405518,12.996415138244629,,,13.894257545471191,12.516143798828125,14.348191261291504,
07-05,,,8.786892890930176,7.699990749359131,6.898342609405518,,,6.627951622009277,13.841123580932617,12.342789649963379,14.044161796569824,
07-06,7.463991641998291,9.16966438293457,8.801976203918457,7.448166847229004,,,9.67214584350586,6.411783218383789,13.670339584350586,12.223367691040039,,23.559999465942383
07-07,7.419694423675537,9.149602890014648,8.916600227355957,,,12.914331436157227,9.556459426879883,6.364152908325195,13.677929878234863,,,24.149999618530273
07-08,7.458454608917236,9.178260803222656,8.895485877990723,,7.083149433135986,12.928013801574707,9.293534278869629,6.3604888916015625,,,13.916666030883789,24.229999542236328
07-09,7.4058518409729,9.439022064208984,,7.3674540519714355,7.002505779266357,13.092178344726562,9.416234016418457,,,12.78965950012207,13.85782241821289,24.40999984741211
07-10,7.36985969543457,,,7.267370223999023,6.8176984786987305,12.835668563842773,9.612550735473633,,13.677929878234863,12.63941764831543,14.044161796569824,24.520000457763672
07-11,,,8.913585662841797,7.2512288093566895,6.8176984786987305,12.904073715209961,,6.668254375457764,13.677929878234863,12.519996643066406,13.995125770568848,
07-12,,9.226972579956055,8.711483001708984,7.1414594650268555,6.8176984786987305,,,6.924726486206055,13.947388648986816,12.481473922729492,14.063776969909668,
07-13,7.270192623138428,9.57083511352539,8.97994613647461,7.176973819732666,,,9.822891235351562,6.888087272644043,14.15612506866455,12.59319019317627,,24.6200008392334
07-14,7.270192623138428,9.688322067260742,8.865321159362793,,,13.003254890441895,9.787834167480469,6.899077892303467,14.034680366516113,,,24.59000015258789
07-15,7.281266212463379,9.854522705078125,8.907550811767578,,6.804258346557617,12.979314804077148,9.616056442260742,6.899077892303467,,,14.063776969909668,24.920000076293945
07-16,7.289573669433594,9.513525009155273,,7.131773948669434,6.871460437774658,12.856188774108887,9.616056442260742,,,12.442950248718262,14.063776969909668,24.559999465942383
07-17,7.145608425140381,,,6.980033874511719,6.871460437774658,13.03061580657959,9.479333877563477,,14.133353233337402,12.747282981872559,14.073585510253906,24.959999084472656
07-18,,,8.847222328186035,7.086575031280518,6.965546131134033,13.239243507385254,,6.844120502471924,14.763359069824219,12.635564804077148,14.112813949584961,
07-19,,9.639609336853027,8.92263126373291,7.070432186126709,6.8781819343566895,,,7.038305282592773,14.751974105834961,12.78965950012207,14.073585510253906,
07-20,7.228663921356201,9.642474174499512,9.03122615814209,7.102717399597168,,,9.43726634979248,6.924726486206055,14.751974105834961,12.708759307861328,,26.18000030517578
07-21,7.447380065917969,9.44761848449707,9.154899597167969,,,13.160579681396484,9.402210235595703,6.910069942474365,14.649504661560059,,,26.799999237060547
07-22,7.779604434967041,9.599492073059082,9.299690246582031,,6.894982814788818,13.369206428527832,9.745765686035156,6.814809322357178,,,14.142236709594727,26.75
07-23,8.02877426147461,9.828731536865234,,6.980033874511719,6.86474084854126,13.444449424743652,9.63007926940918,,,12.78965950012207,14.17165756225586,26.549999237060547
07-24,8.266868591308594,,,6.828293800354004,6.86474084854126,13.444449424743652,9.595022201538086,,14.490104675292969,12.828180313110352,14.240310668945312,26.989999771118164
07-25,,,9.091553688049316,6.808923244476318,6.6564130783081055,13.396567344665527,,6.814809322357178,14.486309051513672,12.963011741638184,15.191624641418457,
07-26,,9.811539649963379,9.182046890258789,6.873493194580078,6.5253682136535645,,,6.855112075805664,14.175101280212402,13.040057182312012,15.505461692810059,
07-27,8.26409912109375,9.55650806427002,8.958830833435059,6.786323547363281,,,9.584505081176758,7.019986629486084,14.1371488571167,13.159479141235352,,26.6299991607666
07-28,8.302858352661133,9.748497009277344,8.883421897888184,,,13.372627258300781,9.63007926940918,7.06028938293457,13.80317211151123,,,26.739999771118164
07-29,8.385915756225586,9.599492073059082,8.838171005249023,,6.300239562988281,13.3555269241333,9.535425186157227,7.540256977081299,,,15.691802024841309,26.950000762939453
07-30,8.679381370544434,10.186922073364258,,6.050224304199219,6.700094223022461,13.3555269241333,9.076183319091797,,,13.105546951293945,15.35835075378418,27.760000228881836
07-31,9.039291381835938,,,6.295590400695801,6.700094223022461,13.119537353515625,9.153307914733887,,14.22823429107666,13.117103576660156,15.270084381103516,26.950000762939453
08-01,,,8.702433586120605,6.227792263031006,6.522007465362549,12.842510223388672,,7.6904754638671875,14.080222129821777,13.251934051513672,15.377965927124023,
08-02,,10.201249122619629,8.708465576171875,6.276219367980957,6.569049835205078,,,7.477970123291016,14.269981384277344,13.09013843536377,15.515268325805664,
08-03,9.094661712646484,10.27288818359375,8.590826034545898,6.166450500488281,,,9.167329788208008,7.36805534362793,14.380043029785156,13.093990325927734,,27.299999237060547
08-04,8.88425350189209,10.146804809570312,8.123276710510254,,,13.064817428588867,8.862337112426758,7.829702854156494,14.383838653564453,,,26.469999313354492
08-05,8.754131317138672,10.141075134277344,8.132328033447266,,6.505207061767578,12.493659973144531,8.918426513671875,7.804055213928223,,,15.309313774108887,27.149999618530273
08-06,8.997764587402344,10.181191444396973,,6.295590400695801,6.535449504852295,12.346592903137207,8.862337112426758,,,13.040057182312012,15.015092849731445,26.739999771118164
08-07,9.235859870910645,,,6.2826762199401855,6.535449504852295,12.271350860595703,8.862337112426758,,14.213053703308105,13.44840145111084,14.98567008972168,26.209999084472656
08-08,,,7.88799524307251,6.324647426605225,6.495126724243164,12.100346565246582,,7.804055213928223,14.251006126403809,13.494629859924316,15.260276794433594,
08-09,,10.206981658935547,7.631596088409424,6.392445087432861,6.495126724243164,,,8.03121566772461,14.065040588378906,13.459959030151367,15.32892894744873,
08-10,9.141727447509766,10.158268928527832,7.897045135498047,6.32787561416626,,,8.921932220458984,7.979922294616699,14.07642650604248,13.47536849975586,,26.399999618530273
08-11,8.914705276489258,9.828731536865234,7.97848653793335,,,12.387636184692383,9.030610084533691,7.92496395111084,14.220643997192383,,,25.719999313354492
08-12,8.997764587402344,9.696916580200195,7.900058746337891,,6.411123752593994,12.202948570251465,9.030610084533691,7.92496395111084,,,15.32892894744873,26.239999771118164
08-13,9.08082103729248,9.639609336853027,,6.2826762199401855,6.558969020843506,12.47997760772705,8.956990242004395,,,13.078581809997559,15.534883499145508,26.15999984741211
08-14,9.147265434265137,,,6.360161304473877,6.787457466125488,12.432095527648926,8.907910346984863,,14.353476524353027,13.540857315063477,15.260276794433594,26.68000030517578
08-15,,,8.126293182373047,6.314960956573486,6.730336666107178,12.432095527648926,,8.119150161743164,14.467333793640137,13.452255249023438,15.662379264831543,
08-16,,9.662532806396484,7.933241367340088,6.498987197875977,6.774018287658691,,,8.42691707611084,14.414199829101562,13.502335548400879,15.82910442352295,
08-17,8.906402587890625,9.608088493347168,7.918158531188965,6.498987197875977,,,8.858832359313965,8.540493965148926,14.213053703308105,13.598642349243164,,26.479999542236328
08-18,9.01160717010498,9.602357864379883,7.480772972106934,,,12.432095527648926,8.788718223571777,8.939857482910156,14.307934761047363,,,26.59000015258789
08-19,8.972846984863281,9.585162162780762,7.405364513397217,,6.750496864318848,12.346592903137207,8.711592674255371,9.342883110046387,,,15.770259857177734,26.959999084472656
08-20,9.066977500915527,9.671128273010254,,6.544185161590576,6.622812271118164,12.264511108398438,8.585390090942383,,,13.506186485290527,15.6427640914917,26.3700008392334
08-21,9.235859870910645,,,6.847665309906006,6.622812271118164,12.264511108398438,8.154190063476562,,14.190281867980957,13.483073234558105,15.348543167114258,26.280000686645508
08-22,,,7.317885875701904,6.8315229415893555,6.602651119232178,12.264511108398438,,9.342883110046387,14.175101280212402,13.718064308166504,15.122974395751953,
08-23,,9.722707748413086,7.57428503036499,6.715296268463135,6.602651119232178,,,9.37219524383545,14.292752265930176,13.664131164550781,15.162203788757324,
08-24,9.47948932647705,9.642474174499512,7.399330139160156,6.754039287567139,,,8.084077835083008,9.199992179870605,14.065040588378906,13.664131164550781,,27.049999237060547
08-25,9.57085132598877,9.653937339782715,7.33900260925293,,,12.264511108398438,7.97540283203125,9.130379676818848,13.932208061218262,,,26.40999984741211
08-26,9.593002319335938,9.679726600646973,7.498873233795166,,6.532088279724121,12.264511108398438,8.273385047912598,9.199992179870605,,,15.39758014678955,26.280000686645508
08-27,9.413043022155762,9.949085235595703,,6.679783344268799,6.434645175933838,11.9909029006958,8.29792308807373,,,13.775848388671875,15.270084381103516,26.489999771118164
08-28,9.343831062316895,,,6.5732421875,6.434645175933838,11.730976104736328,8.644987106323242,,14.004318237304688,13.810518264770508,15.28969955444336,25.959999084472656
08-29,,,7.519989013671875,6.64749813079834,6.310319423675537,11.754915237426758,,9.020462036132812,13.852509498596191,14.23042106628418,15.368158340454102,
08-30,,9.934757232666016,7.565234184265137,6.540956497192383,6.192715644836426,,,9.174345016479492,13.886666297912598,13.895270347595215,15.417195320129395,
08-31,9.246932983398438,9.99206829071045,7.583333969116211,6.599071025848389,,,8.634468078613281,9.221976280212402,14.133353233337402,14.053215026855469,,26.200000762939453
09-01,9.208172798156738,10.121016502380371,7.670808792114258,,,,8.308441162109375,9.346548080444336,13.928413391113281,,,26.270000457763672
09-02,9.083587646484375,10.255694389343262,7.474740982055664,,,11.949860572814941,8.382061004638672,9.405169486999512,,,,26.639999389648438
09-03,9.025449752807617,10.235638618469238,,,6.179275035858154,11.573648452758789,8.445161819458008,,,,15.299506187438965,26.209999084472656
09-04,9.039291381835938,,,6.4570159912109375,6.222956657409668,11.624951362609863,8.25585651397705,,,14.0223970413208,15.525075912475586,25.969999313354492
09-05,,,,6.340790748596191,6.222956657409668,11.624951362609863,,,13.662750244140625,13.748882293701172,15.68199348449707,
09-06,,,7.100703716278076,6.311733245849609,6.044869422912598,,,9.405169486999512,13.583048820495605,13.637166023254395,15.75064468383789,
09-07,,10.232770919799805,7.133882522583008,6.47315788269043,,,,9.59935474395752,13.643774032592773,13.864452362060547,,
09-08,8.975616455078125,10.347392082214355,7.15198278427124,,,11.624951362609863,8.392576217651367,9.493102073669434,14.000521659851074,,,24.850000381469727
09-09,8.983922004699707,10.49926471710205,6.886536598205566,,6.18935489654541,11.173495292663574,8.248846054077148,9.419825553894043,,,15.603534698486328,25.3799991607666
09-10,9.468414306640625,10.533648490905762,,6.524814605712891,6.142313480377197,11.306882858276367,8.392576217651367,,,13.764291763305664,15.377965927124023,25.399999618530273
09-11,9.565314292907715,,,6.531270980834961,6.108712196350098,11.12219524383545,8.266372680664062,,14.15233039855957,13.795109748840332,15.152395248413086,25.280000686645508
09-12,,,6.937814235687256,6.4570159912109375,6.054949760437012,10.86226749420166,,9.419825553894043,13.947388648986816,13.590937614440918,15.132781028747559,
09-13,,10.699851989746094,7.0705389976501465,6.498987197875977,6.122152805328369,,,9.419825553894043,14.175101280212402,13.768142700195312,15.436809539794922,
09-14,9.191560745239258,10.688389778137207,7.148966312408447,6.337560653686523,,,8.501252174377441,9.26227855682373,14.068836212158203,13.721916198730469,,25.489999771118164
09-15,9.316144943237305,10.616751670837402,7.329953193664551,,,10.86226749420166,8.557342529296875,9.26227855682373,14.091608047485352,,,25.559999465942383
09-16,9.468414306640625,10.355987548828125,7.453625202178955,,6.122152805328369,11.074313163757324,8.750153541564941,9.320899963378906,,,15.201433181762695,25.90999984741211
09-17,9.579156875610352,10.539381980895996,,6.2439351081848145,6.28679895401001,11.200858116149902,8.750153541564941,,,13.810518264770508,15.250470161437988,26.049999237060547
09-18,9.772954940795898,,,6.214877605438232,6.310319423675537,11.194016456604004,8.511770248413086,,14.125763893127441,13.902974128723145,15.613343238830566,27.170000076293945
09-19,,,7.33900260925293,6.382760047912598,6.310319423675537,11.029851913452148,,9.320899963378906,14.376248359680176,14.060918807983398,16.00563621520996,
09-20,,10.608154296875,7.19722843170166,6.237477779388428,6.374162197113037,,,9.320899963378906,14.497694969177246,14.07632827758789,15.86833381652832,
09-21,9.620684623718262,10.479206085205078,6.955913066864014,6.231019973754883,,,8.494241714477539,9.709272384643555,14.383838653564453,13.802814483642578,,26.84000015258789
09-22,9.739731788635254,10.31873607635498,6.8774871826171875,,,11.029851913452148,8.427633285522461,9.940093994140625,14.402814865112305,,,26.790000915527344
09-23,9.670519828796387,10.22704029083252,6.8141398429870605,,6.411123752593994,10.951189994812012,8.389070510864258,9.940093994140625,,,15.848719596862793,27.360000610351562
09-24,9.606842994689941,10.358853340148926,,6.253620147705078,6.343921184539795,10.800704956054688,8.15068531036377,,,13.729620933532715,15.98602294921875,27.229999542236328
09-25,9.447346687316895,,,6.424564361572266,6.185994625091553,10.82630443572998,8.616952896118164,,14.364862442016602,14.026248931884766,16.42735481262207,26.84000015258789
09-26,,,6.696499347686768,6.354001522064209,6.296879291534424,10.95803451538086,,9.940093994140625,14.402814865112305,14.638766288757324,16.19197654724121,
09-27,,10.549127578735352,7.109223365783691,6.495126724243164,6.27335786819458,,,9.86221694946289,14.216849327087402,14.113454818725586,15.85271167755127,
09-28,9.293160438537598,10.335213661193848,7.1217451095581055,6.266638278961182,,,8.11742115020752,9.851042747497559,14.18398666381836,13.818291664123535,,27.170000076293945
09-29,9.293160438537598,10.522754669189453,7.3690505027771,,,10.756969451904297,7.767746925354004,10.000020980834961,14.042718887329102,,,27.649999618530273
09-30,9.0548734664917,10.370376586914062,7.31270170211792,,6.243117332458496,10.666837692260742,7.739201068878174,9.966500282287598,,,15.882397651672363,27.450000762939453
10-01,8.830605506896973,10.270746231079102,,6.276717662811279,6.269998550415039,10.465774536132812,7.660702705383301,,,13.736734390258789,15.605321884155273,27.0
10-02,8.740897178649902,,,6.320400714874268,6.269998550415039,10.2993745803833,7.732065677642822,,14.30616283416748,14.330944061279297,15.654799461364746,26.489999771118164
10-03,,,7.124875545501709,6.384243011474609,6.35064172744751,10.2993745803833,,9.966500282287598,14.382523536682129,14.365897178649902,15.83292007446289,
10-04,,10.121299743652344,7.190613746643066,6.4716057777404785,6.182635307312012,,,9.966500282287598,13.993083953857422,13.54877758026123,16.001144409179688,
10-05,8.620352745056152,10.399680137634277,7.278267860412598,6.414483070373535,,,8.113852500915527,10.055885314941406,14.1534423828125,13.112032890319824,,27.059999465942383
10-06,8.687633514404297,10.379169464111328,7.691483974456787,,,10.923370361328125,7.981832981109619,10.268176078796387,14.355796813964844,,,26.469999313354492
10-07,8.746503829956055,10.197486877441406,7.8918328285217285,,6.091911315917969,10.923370361328125,8.253006935119629,10.204862594604492,,,16.001144409179688,26.459999084472656
10-08,9.032447814941406,10.23265552520752,,6.343921184539795,6.135593891143799,11.228433609008789,8.356483459472656,,,12.99556827545166,15.971457481384277,26.860000610351562
10-09,9.169814109802246,,,6.1523942947387695,6.192715644836426,11.228433609008789,8.520615577697754,,14.329071998596191,12.908219337463379,16.149578094482422,26.950000762939453
10-10,,,8.035833358764648,6.044869422912598,6.431285381317139,10.784704208374023,,10.204862594604492,14.710874557495117,13.112032890319824,16.18916130065918,
10-11,,10.223862648010254,8.029571533203125,6.078470706939697,6.431285381317139,,,9.832422256469727,14.985772132873535,12.520001411437988,16.25843048095703,
10-12,9.167009353637695,10.0187406539917,8.120354652404785,6.081830978393555,,,8.520615577697754,9.836146354675293,15.127039909362793,12.655878067016602,,27.219999313354492
10-13,9.237093925476074,10.07148551940918,8.067136764526367,,,10.639105796813965,8.599113464355469,10.048436164855957,15.249217987060547,,,26.729999542236328
10-14,9.32119369506836,10.0011568069458,8.154788970947266,,6.572409629821777,10.729240417480469,8.452820777893066,10.167619705200195,,,16.149578094482422,27.3799991607666
10-15,9.20345401763916,9.945481300354004,,6.23303747177124,6.51864767074585,10.80203628540039,8.581273078918457,,,12.665583610534668,16.08030891418457,26.90999984741211
10-16,9.22587776184082,,,6.535449504852295,6.710175514221191,10.954569816589355,8.581273078918457,,15.321759223937988,12.84998607635498,15.971457481384277,26.6299991607666
10-17,,,8.308180809020996,6.495126724243164,7.002505779266357,10.954569816589355,,10.20113754272461,15.272124290466309,12.69469928741455,16.12978744506836,
10-18,,10.109579086303711,8.389573097229004,6.411123752593994,6.992425918579102,,,10.279349327087402,15.127039909362793,12.500591278076172,16.050622940063477,
10-19,9.248306274414062,9.957202911376953,8.023311614990234,6.501847743988037,,,8.62052059173584,10.134098052978516,15.073586463928223,12.7626371383667,,26.469999313354492
10-20,9.052072525024414,10.05097484588623,8.092180252075195,,,11.30470085144043,8.62052059173584,10.048436164855957,15.100314140319824,,,26.459999084472656
10-21,9.0548734664917,9.869292259216309,8.414617538452148,,6.992425918579102,11.30470085144043,8.62052059173584,10.171342849731445,,,16.208951950073242,27.049999237060547
10-22,9.026840209960938,9.933760643005371,,6.649693012237549,6.992425918579102,11.283900260925293,8.72399616241455,,,12.626761436462402,16.100101470947266,26.280000686645508
10-23,8.578301429748535,,,6.448085308074951,7.052907466888428,11.166034698486328,8.85958480834961,,15.28357982635498,12.646171569824219,16.12978744506836,26.489999771118164
10-24,,,8.305049896240234,6.4447245597839355,7.0394673347473145,11.11750316619873,,10.204862594604492,15.508842468261719,12.830575942993164,16.307907104492188,
10-25,,9.757942199707031,8.292529106140137,6.532088279724121,7.0394673347473145,,,10.055885314941406,15.436300277709961,12.471474647521973,16.3969669342041,
10-26,8.536252975463867,9.61142635345459,8.48348617553711,6.37080192565918,,,8.895264625549316,9.776556015014648,14.546699523925781,12.0541410446167,,25.75
10-27,8.438132286071777,9.78724479675293,8.780877113342285,,,11.11750316619873,8.888129234313965,10.30169677734375,14.260346412658691,,,25.059999465942383
10-28,8.564285278320312,10.062695503234863,8.81218147277832,,7.120110988616943,11.11750316619873,8.888129234313965,10.826837539672852,,,16.268325805664062,24.34000015258789
10-29,8.485790252685547,9.922039031982422,,,7.372118949890137,11.11750316619873,8.888129234313965,,,11.42328929901123,17.208404541015625,24.3799991607666
10-30,8.213863372802734,,,,7.348597526550293,11.11750316619873,8.470661163330078,,14.489428520202637,11.510636329650879,17.604228973388672,23.8799991607666
10-31,,,8.449049949645996,6.384243011474609,7.271317005157471,10.448441505432129,,10.826837539672852,14.794870376586914,11.733861923217773,17.534957885742188,
11-01,,9.927901268005371,8.126616477966309,6.333840847015381,7.133551120758057,,,10.986987113952637,14.901776313781738,11.801800727844238,17.4755859375,
11-02,8.30918025970459,9.960132598876953,8.104702949523926,6.212876796722412,,,8.395732879638672,10.986987113952637,14.649785995483398,11.675629615783691,,23.59000015258789
11-03,8.22788143157959,9.963064193725586,8.226790428161621,,,10.57323932647705,8.445684432983398,10.986987113952637,14.642149925231934,,,24.09000015258789
11-04,8.213863372802734,9.963064193725586,8.345746040344238,,7.133551120758057,10.417241096496582,8.37075424194336,10.73745059967041,,,17.515169143676758,24.860000610351562
11-05,8.30918025970459,10.188697814941406,,5.9306254386901855,7.247795581817627,10.361774444580078,8.531319618225098,,,11.782389640808105,16.822477340698242,25.899999618530273
11-06,8.443740844726562,,,6.0482306480407715,7.395641803741455,10.361774444580078,8.545591354370117,,14.355796813964844,11.995908737182617,16.773000717163086,25.809999465942383
11-07,,,8.367660522460938,6.014628887176514,7.257875919342041,10.171109199523926,,10.92367172241211,14.481792449951172,12.0541410446167,17.139135360717773,
11-08,,10.024600982666016,8.1328763961792,5.8634233474731445,7.187313556671143,,,10.92367172241211,14.775781631469727,12.025025367736816,16.970911026000977,
11-09,8.606335639953613,10.004088401794434,8.139137268066406,5.725658416748047,,,8.720429420471191,10.789593696594238,14.600152015686035,11.957086563110352,,26.489999771118164
11-10,8.39608383178711,10.0187406539917,7.982614517211914,,,10.285508155822754,8.641929626464844,10.789593696594238,14.561970710754395,,,25.850000381469727
11-11,8.620352745056152,9.825338363647461,8.095311164855957,,7.187313556671143,9.980443000793457,8.656203269958496,10.934845924377441,,,17.10944938659668,25.350000381469727
11-12,8.42131519317627,9.587984085083008,,5.718936920166016,7.2679572105407715,9.748178482055664,8.656203269958496,,,11.908559799194336,17.040180206298828,25.389999389648438
11-13,8.460559844970703,,,5.782779216766357,7.432602882385254,9.408449172973633,8.506343841552734,,14.5390625,11.695040702819824,17.346942901611328,25.309999465942383
11-14,,,8.013919830322266,5.718936920166016,7.748453140258789,9.408449172973633,,10.886427879333496,14.329071998596191,11.743568420410156,17.4755859375,
11-15,,9.652451515197754,8.038963317871094,5.779418468475342,8.047506332397461,,,11.080097198486328,14.012174606323242,11.743568420410156,17.574541091918945,
11-16,8.454955101013184,9.479560852050781,7.913745880126953,6.044869422912598,,,8.506343841552734,11.039129257202148,14.111444473266602,11.792094230651855,,25.520000457763672
11-17,8.36524486541748,9.473700523376465,7.976353168487549,,,9.290584564208984,8.506343841552734,11.288664817810059,14.11526107788086,,,25.18000030517578
11-18,8.026041030883789,9.775524139404297,7.963833808898926,,7.926539897918701,9.342584609985352,8.656203269958496,11.288664817810059,,,17.72297477722168,25.65999984741211
11-19,7.958758354187012,9.623147964477539,,6.07511043548584,7.926539897918701,9.522849082946777,8.91667366027832,,,11.957086563110352,17.920886993408203,
11-20,7.87465763092041,,,6.095272541046143,7.795496940612793,9.872978210449219,8.91667366027832,,14.084716796875,11.607691764831543,17.97036361694336,
11-21,,,7.794788837432861,6.115433216094971,7.795496940612793,10.070577621459961,,11.288664817810059,14.019810676574707,11.762978553771973,18.25733757019043,
11-22,,9.570401191711426,7.866787910461426,,7.943342685699463,,,10.819388389587402,13.954904556274414,,18.178173065185547,
11-23,8.045662879943848,9.391654014587402,7.669571876525879,6.222956657409668,,,8.920241355895996,10.897600173950195,,12.102668762207031,,
11-24,7.998005390167236,9.347699165344238,,,,10.053244590759277,9.005876541137695,,14.035082817077637,,,
11-25,8.253111839294434,,7.516180515289307,,7.899661064147949,9.997777938842773,9.005876541137695,10.726279258728027,,,17.910991668701172,
11-26,,9.473700523376465,,6.165834426879883,7.704773902893066,10.03244400024414,,,,11.782389640808105,17.762557983398438,
11-27,7.975578784942627,,,6.165834426879883,7.704773902893066,,9.013012886047363,,14.084716796875,11.98620319366455,18.15838050842285,
11-28,,,7.785397052764893,6.122152805328369,,9.918045043945312,,10.726279258728027,14.11526107788086,11.850327491760254,,
11-29,,9.637798309326172,7.9513115882873535,6.293519496917725,7.815657615661621,,,10.681587219238281,14.374889373779297,11.937676429748535,18.059425354003906,
11-30,8.382067680358887,9.467840194702148,8.305049896240234,6.37080192565918,,,9.013012886047363,11.169482231140137,14.37106990814209,11.889148712158203,,
12-01,8.424118041992188,9.464910507202148,8.233051300048828,,,9.95964527130127,9.013012886047363,11.3966703414917,13.924360275268555,,,
12-02,8.757719039916992,9.626076698303223,8.323832511901855,,7.815657615661621,10.139908790588379,9.187849998474121,11.3966703414917,,,18.069320678710938,
12-03,8.951148986816406,9.637798309326172,,6.384243011474609,7.842538356781006,10.053244590759277,9.280618667602539,,,12.025025367736816,18.38597869873047,
12-04,8.757719039916992,,,6.411123752593994,7.805576801300049,10.101778030395508,9.280618667602539,,13.798365592956543,11.762978553771973,18.801591873168945,
12-05,,,8.45218276977539,6.31704044342041,7.788776874542236,9.9735107421875,,11.240245819091797,13.576918601989746,,18.554203033447266,
12-06,,9.626076698303223,8.395833969116211,6.2834391593933105,7.87614107131958,,,10.84173583984375,13.496740341186523,11.627102851867676,18.722427368164062,
12-07,8.987593650817871,9.546958923339844,8.470962524414062,6.0482306480407715,,,9.473295211791992,11.731866836547852,13.664734840393066,11.782389640808105,,
12-08,8.914704322814941,9.538169860839844,8.280007362365723,,,9.814045906066895,9.305595397949219,11.731866836547852,13.771637916564941,,,
12-09,8.942739486694336,9.640728950500488,8.48348617553711,,7.919821739196777,9.924979209899902,9.444750785827637,11.53074836730957,,,18.306814193725586,
12-10,8.816588401794434,9.585054397583008,,5.964226722717285,7.852616310119629,9.67538070678711,9.51611328125,,,11.850327491760254,18.554203033447266,
12-11,8.939937591552734,,,5.981027126312256,7.842538356781006,9.571380615234375,9.409071922302246,,13.805999755859375,12.005614280700684,18.623472213745117,
12-12,,,8.386443138122559,6.044869422912598,7.906382083892822,9.522849082946777,,11.273765563964844,13.59982681274414,12.122079849243164,18.50472640991211,
12-13,,9.854643821716309,8.389573097229004,6.142313480377197,7.872780799865723,,,11.28121566772461,13.714367866516113,12.209427833557129,18.118797302246094,
12-14,9.00161075592041,10.24144458770752,8.367660522460938,6.575768947601318,,,9.409071922302246,11.28121566772461,13.664734840393066,12.092963218688965,,
12-15,8.984790802001953,9.898598670959473,8.27061653137207,,,9.654581069946289,9.39836597442627,11.240245819091797,13.725823402404785,,,
12-16,9.085711479187012,9.948413848876953,8.042095184326172,,7.852616310119629,9.654581069946289,9.39836597442627,10.819388389587402,,,18.306814193725586,
12-17,9.07449722290039,9.886877059936523,,6.622812271118164,7.852616310119629,9.522849082946777,9.434045791625977,,,12.190017700195312,18.484933853149414,
12-18,9.259520530700684,,,6.669853210449219,8.07774829864502,9.522849082946777,9.066533088684082,,13.882362365722656,12.083257675170898,18.544307708740234,
12-19,,,7.860529899597168,6.8210601806640625,8.07774829864502,9.668448448181152,,10.856633186340332,13.790728569030762,12.131784439086914,18.564098358154297,
12-20,,9.9952974319458,8.079659461975098,6.958825588226318,8.07774829864502,,,10.83800983428955,13.59218978881836,11.927969932556152,18.851070404052734,
12-21,8.984790802001953,9.904458999633789,8.064007759094238,6.958825588226318,,,9.116486549377441,10.536334037780762,13.78309154510498,11.71445083618164,,
12-22,9.0548734664917,9.904458999633789,7.995137691497803,,,9.67884635925293,8.920241355895996,10.458122253417969,13.748729705810547,,,
12-23,9.116549491882324,9.922039031982422,8.029571533203125,,8.618728637695312,9.689247131347656,8.920241355895996,10.432051658630371,,,18.544307708740234,
12-24,9.265128135681152,,,6.95210599899292,8.51456356048584,9.443116188049316,8.880993843078613,,,11.753273010253906,18.564098358154297,
12-26,,,,7.106669902801514,8.524641990661621,9.394582748413086,,,13.534921646118164,11.801800727844238,18.583890914916992,
12-27,,10.027531623840332,8.107832908630371,7.093230247497559,8.766573905944824,,,10.536334037780762,13.714367866516113,11.830915451049805,18.52451515197754,
12-28,9.276339530944824,10.159392356872559,7.941917896270752,6.958825588226318,,,9.04869270324707,10.536334037780762,13.622734069824219,12.248249053955078,,
12-29,9.147385597229004,10.300048828125,7.995137691497803,,,9.26285171508789,9.04869270324707,10.536334037780762,13.63418960571289,,,
12-30,9.138976097106934,10.256095886230469,8.092180252075195,,8.732972145080566,9.283650398254395,8.905969619750977,10.368736267089844,,,18.564098358154297,
12-31,9.040857315063477,10.261955261230469,,6.9823455810546875,8.776655197143555,9.290584564208984,8.852449417114258,,,12.151195526123047,18.554203033447266,
