,2009,2010,2011,2012,2013,2014,2015,2016,2017,2018,2019,2020
01-02,4.070596694946289,,,,8.684006690979004,7.906570911407471,9.48123836517334,,,11.66708755493164,10.715487480163574,13.48275375366211
01-03,,,6.004481315612793,6.9486870765686035,8.73908805847168,7.906570911407471,,,10.328641891479492,11.709732055664062,10.724516868591309,13.501769065856934
01-04,,6.101626873016357,6.046696186065674,6.988821983337402,8.824764251708984,,,10.434419631958008,10.304546356201172,11.760902404785156,10.787705421447754,
01-05,4.217409133911133,6.1455230712890625,6.025589466094971,7.000284194946289,,,9.446022033691406,10.479655265808105,10.40092945098877,11.769432067871094,,
01-06,4.239652633666992,6.204050064086914,6.015036582946777,7.046151161193848,,7.95906400680542,9.502371788024902,10.524890899658203,10.368802070617676,,,13.558820724487305
01-07,4.159574031829834,6.208925247192383,6.00976037979126,,8.818645477294922,7.985306739807129,9.523507118225098,10.50981330871582,,,10.859926223754883,13.682426452636719
01-08,4.328628063201904,6.2528276443481445,,,8.800283432006836,7.985306739807129,9.495330810546875,10.464576721191406,,11.78648853302002,10.959230422973633,13.625377655029297
01-09,4.600001335144043,,,7.109213352203369,8.824764251708984,8.00499153137207,9.523507118225098,,10.40092945098877,11.726787567138672,10.995336532592773,13.644394874572754
01-10,,,5.993929862976074,7.09201717376709,8.812522888183594,8.077168464660645,,,10.416990280151367,11.692676544189453,11.040473937988281,13.70144271850586
01-11,,6.233312606811523,5.9464430809021,7.099514484405518,8.808218955993652,,,10.47211742401123,10.488039016723633,11.67982292175293,11.031447410583496,
01-12,4.511027812957764,6.199173927307129,5.874148368835449,7.139882564544678,,,9.565768241882324,10.50981330871582,10.560705184936523,11.654111862182617,,
01-13,4.490392208099365,6.186408519744873,5.783777713775635,7.24369478225708,,8.04151439666748,9.605436325073242,10.476456642150879,10.560705184936523,,,13.682426452636719
01-14,4.230207443237305,6.191318035125732,5.704036235809326,,8.789765357971191,8.120741844177246,9.662108421325684,10.491619110107422,,,11.055480003356934,13.730168342590332
01-15,4.3064656257629395,6.230595111846924,,,8.660594940185547,8.166955947875977,9.74002742767334,10.499199867248535,,,11.10082721710205,13.768360137939453
01-16,4.463473320007324,,,,8.78361701965332,8.147150039672852,9.69752311706543,,,11.688392639160156,11.046409606933594,13.711071968078613
01-17,,,,7.1802592277526855,8.777466773986816,8.180161476135254,,,10.520339012145996,11.67982292175293,11.03734016418457,13.787455558776855
01-18,,,5.810355186462402,7.145652770996094,8.900487899780273,,,,10.576855659484863,11.66268253326416,11.055480003356934,
01-19,,6.25514554977417,5.751878261566162,7.151420593261719,,,,10.423392295837402,10.568781852722168,11.688392639160156,,
01-20,4.530762195587158,6.245325088500977,5.8581976890563965,7.168721675872803,,,9.754195213317871,10.377908706665039,10.528411865234375,,,
01-21,4.611510753631592,6.215865135192871,5.895412921905518,,,8.160358428955078,9.747113227844238,10.393071174621582,,,,13.758811950683594
01-22,4.5890793800354,6.13731050491333,,,8.906631469726562,8.219779014587402,9.76127815246582,10.499199867248535,,11.696962356567383,11.055480003356934,13.758811950683594
01-23,4.741603374481201,,,7.2321624755859375,8.91893482208252,8.259391784667969,9.754195213317871,,10.53648567199707,11.696962356567383,11.091757774353027,13.787455558776855
01-24,,,6.007046222686768,7.284066200256348,8.931236267089844,8.239577293395996,,,10.504189491271973,11.636974334716797,11.218729019165039,13.797005653381348
01-25,,6.102938175201416,6.012362480163574,7.353277206420898,8.795912742614746,,,10.446138381958008,10.488039016723633,11.59412956237793,11.227799415588379,
01-26,4.728145122528076,6.142220497131348,6.038939952850342,7.3244404792785645,,,9.775444030761719,10.499199867248535,10.576855659484863,11.559852600097656,,
01-27,4.633936405181885,6.142220497131348,5.985782623291016,7.457080841064453,,8.17356014251709,9.839193344116211,10.476456642150879,10.54455852508545,,,13.82564926147461
01-28,4.73711633682251,6.147128582000732,5.959202289581299,,8.648295402526855,8.219779014587402,9.93128490447998,10.499199867248535,,,11.236865997314453,13.87338924407959
01-29,4.728145122528076,6.161856174468994,,,8.65444278717041,8.232975959777832,9.938366889953613,10.514362335205078,,11.294208526611328,11.2096586227417,13.88293743133545
01-30,4.683283805847168,,,7.497454643249512,8.629839897155762,8.279196739196777,9.97378921508789,,10.520339012145996,11.259930610656738,11.218729019165039,13.88293743133545
01-31,,,5.953886985778809,7.491687297821045,8.65444278717041,8.31881046295166,,,10.520339012145996,11.251360893249512,11.245933532714844,13.902034759521484
02-01,,6.2256879806518555,6.012362480163574,7.50899076461792,8.715951919555664,,,10.597750663757324,10.512261390686035,11.268499374389648,11.291280746459961,
02-02,4.562164783477783,6.284605026245117,6.07083797454834,7.526296138763428,,,10.0375394821167,10.575006484985352,10.520339012145996,11.045701026916504,,
02-03,4.620479106903076,6.284605026245117,6.065521240234375,7.503225326538086,,8.351821899414062,9.995038032531738,10.544684410095215,10.520339012145996,,,13.892485618591309
02-04,4.557678699493408,6.196227073669434,6.028307914733887,,8.697501182556152,8.325411796569824,9.966700553894043,10.590167999267578,,,11.300352096557617,13.911581039428711
02-05,4.638426303863525,6.13731050491333,,,8.703652381896973,8.332015991210938,9.945453643798828,10.597750663757324,,10.977147102355957,11.291280746459961,13.892485618591309
02-06,4.647397518157959,,,7.451317310333252,8.722101211547852,8.305603981018066,9.902947425842285,,10.520339012145996,11.122822761535645,11.372904777526855,13.902034759521484
02-07,,,6.118682384490967,7.491687297821045,8.709798812866211,8.40463924407959,,,10.601075172424316,11.285638809204102,11.518013954162598,13.921130180358887
02-08,,6.201136589050293,6.123996734619141,7.503225326538086,8.679046630859375,,,10.590167999267578,10.625299453735352,11.174237251281738,11.554291725158691,
02-09,4.777486801147461,6.215865135192871,6.145261287689209,7.445548057556152,,,9.917119979858398,10.582585334777832,10.593003273010254,11.174237251281738,,
02-10,4.768514633178711,6.178303241729736,6.161208152770996,7.416712760925293,,8.3848295211792,9.825032234191895,10.617650032043457,10.584927558898926,,,13.892485618591309
02-11,4.806496620178223,6.158530235290527,6.1365790367126465,,8.740557670593262,8.431048393249512,9.7652006149292,10.579538345336914,,,11.599637985229492,13.911581039428711
02-12,4.747718334197998,6.084392547607422,,,8.765161514282227,8.441676139831543,9.807938575744629,10.564295768737793,,11.165668487548828,11.644983291625977,13.930678367614746
02-13,4.5894575119018555,,,7.482257843017578,8.729918479919434,8.454957962036133,9.686849594116211,,10.62388801574707,11.191377639770508,11.717538833618164,13.978616714477539
02-14,,,6.125866413116455,7.435853481292725,8.674276351928711,8.428391456604004,,,10.550844192504883,11.204294204711914,11.696131706237793,13.96902847290039
02-15,,,6.115157604217529,7.33144998550415,8.661905288696289,,,,10.534607887268066,11.212910652160645,11.759899139404297,
02-16,,6.128876686096191,6.099093437194824,7.221245288848877,,,,10.488073348999023,10.510260581970215,11.238740921020508,,
02-17,4.526157379150391,6.104162693023682,6.1365790367126465,7.227047920227051,,,9.473169326782227,10.510937690734863,10.494029998779297,,,
02-18,4.521635055541992,6.084392547607422,6.141932010650635,,,8.44831371307373,9.686849594116211,10.54904842376709,,,,13.96902847290039
02-19,4.521635055541992,6.0547332763671875,,,8.674276351928711,8.461601257324219,9.658356666564941,10.526185035705566,,,11.750787734985352,14.103254318237305
02-20,4.5397186279296875,,,,8.593900680541992,8.468244552612305,9.658356666564941,,,11.22152042388916,11.778116226196289,14.304591178894043
02-21,,,,7.383648872375488,8.593900680541992,8.435033798217773,,,10.5670747756958,11.22152042388916,11.72346019744873,14.266242027282715
02-22,,5.985538959503174,6.050900936126709,7.418455123901367,8.63718032836914,,,10.541426658630371,10.5670747756958,11.16984748840332,11.759899139404297,
02-23,4.20512056350708,6.0547332763671875,6.099093437194824,7.435853481292725,,,9.686849594116211,10.587162017822266,10.62388801574707,11.27319049835205,,
02-24,4.259378433227539,6.12393045425415,6.099093437194824,7.470656871795654,,8.435033798217773,9.779443740844727,10.594782829284668,10.656351089477539,,,14.22789192199707
02-25,4.6934590339660645,6.084392547607422,6.120514392852783,,8.569169998168945,8.454957962036133,9.7652006149292,10.594782829284668,,,11.787226676940918,14.295004844665527
02-26,4.639198303222656,6.148649215698242,,,8.686643600463867,8.421753883361816,9.715339660644531,10.571915626525879,,11.238740921020508,11.823664665222168,14.247066497802734
02-27,4.607546806335449,,,7.464855194091797,8.680458068847656,8.415111541748047,9.800812721252441,,10.5670747756958,11.238740921020508,11.914751052856445,14.132017135620117
02-28,,,6.2168965339660645,7.459056854248047,8.705187797546387,8.381898880004883,,,10.656351089477539,11.204294204711914,11.860099792480469,13.681402206420898
02-29,,,,7.482257843017578,,,,10.594782829284668,,,,
03-01,,6.188187122344971,6.206186294555664,7.4764533042907715,8.717552185058594,,,10.594782829284668,10.631999015808105,11.144010543823242,11.741681098937988,
03-02,4.259378433227539,6.138761520385742,6.2168965339660645,7.4880523681640625,,,9.786565780639648,10.556671142578125,10.5670747756958,11.16984748840332,,14.141603469848633
03-03,4.20512056350708,6.13381814956665,6.222250938415527,,,8.361974716186523,9.843548774719238,10.610025405883789,10.62388801574707,,,14.266242027282715
03-04,4.372419357299805,6.16841983795166,6.2436747550964355,,8.711366653442383,8.375259399414062,9.900528907775879,10.579538345336914,,,11.860099792480469,14.25665283203125
03-05,4.164425849914551,6.203014373779297,,7.493855953216553,8.655730247497559,8.395182609558105,9.872038841247559,,,11.109561920166016,11.878314971923828,14.199128150939941
03-06,4.006168365478516,,,7.424256324768066,8.717552185058594,8.335410118103027,9.722464561462402,,10.558955192565918,11.118175506591797,11.832770347595215,14.122426986694336
03-07,,,6.249027729034424,7.4880523681640625,8.773199081420898,8.302200317382812,,10.610025405883789,10.599536895751953,11.057890892028809,11.869209289550781,
03-08,,6.237614154815674,6.254382610321045,7.459056854248047,8.686643600463867,,,10.625269889831543,10.575188636779785,11.014830589294434,11.951189041137695,
03-09,3.9790406227111816,6.237614154815674,6.275800704956055,7.505456924438477,,,9.793691635131836,10.625269889831543,10.46967887878418,10.988993644714355,,13.700577735900879
03-10,4.22772741317749,6.277153968811035,6.222250938415527,,,8.328763008117676,9.893403053283691,10.648136138916016,10.46967887878418,,,13.662225723266602
03-11,4.43031120300293,6.259243488311768,6.208230972290039,,8.612447738647461,8.342048645019531,9.869059562683105,10.629745483398438,,,12.115155220031738,12.693885803222656
03-12,4.407496929168701,6.234364032745361,,7.505456924438477,8.575356483459473,8.399511337280273,9.869059562683105,,,10.937318801879883,12.115155220031738,10.91211986541748
03-13,4.316244602203369,,,7.513040065765381,8.471556663513184,8.486383438110352,9.833245277404785,,10.443572044372559,10.92870807647705,11.978515625,12.087122917175293
03-14,,,6.240593910217285,7.4080424308776855,8.322386741638184,8.446292877197266,,10.637411117553711,10.38646125793457,10.885444641113281,11.951065063476562,
03-15,,6.269192218780518,6.262165546417236,7.192218780517578,8.24780559539795,,,10.629745483398438,10.5088472366333,10.833527565002441,11.923612594604492,
03-16,4.398370265960693,6.284121036529541,6.251382350921631,7.098891735076904,,,9.783114433288574,10.691056251525879,10.574112892150879,10.859484672546387,,11.239580154418945
03-17,4.361870765686035,6.284121036529541,6.25677490234375,,,8.486383438110352,9.732978820800781,10.691056251525879,10.557799339294434,,,11.162530899047852
03-18,4.498746871948242,6.3189496994018555,6.235197067260742,,8.471556663513184,8.466340065002441,9.861898422241211,10.683395385742188,,,11.87785816192627,9.6408052444458
03-19,4.5671892166137695,6.3189496994018555,,7.244715213775635,8.527494430541992,8.399511337280273,9.811760902404785,,,10.842178344726562,11.941911697387695,10.469085693359375
03-20,4.521559715270996,,,7.262214660644531,8.5088472366333,8.319327354431152,9.897706031799316,,10.6067533493042,10.816222190856934,11.97851848602295,10.584659576416016
03-21,,,6.272956371307373,7.291383266448975,8.452909469604492,8.419560432434082,,10.721709251403809,10.614911079406738,10.781609535217285,12.051725387573242,
03-22,,6.393582344055176,6.240593910217285,7.332218647003174,8.434266090393066,,,10.744704246520996,10.6067533493042,10.781609535217285,12.17983627319336,
03-23,4.517000675201416,6.408509731292725,6.262165546417236,7.373044490814209,,,9.904865264892578,10.752363204956055,10.614911079406738,10.755647659301758,,9.96826457977295
03-24,4.380119323730469,6.433390140533447,6.262165546417236,,,8.466340065002441,9.962162017822266,10.70638370513916,10.631232261657715,,,10.334249496459961
03-25,4.585440158843994,6.368703842163086,6.262165546417236,,8.44047737121582,8.486383438110352,9.926353454589844,,,,12.225591659545898,11.239580154418945
03-26,4.594564437866211,6.373681545257568,,7.4080424308776855,8.490202903747559,8.506430625915527,9.904865264892578,,,10.746997833251953,12.289648056030273,12.0100736618042
03-27,4.699502468109131,,,7.460543155670166,8.459126472473145,8.533156394958496,9.904865264892578,,10.688342094421387,10.729691505432129,12.280495643615723,11.740399360656738
03-28,,,6.2837419509887695,7.5305352210998535,8.44047737121582,8.51979923248291,,10.729374885559082,10.712821960449219,10.816222190856934,12.43606185913086,
03-29,,6.373681545257568,6.316104888916016,7.472209453582764,,,,10.70638370513916,10.712821960449219,10.816222190856934,12.39030647277832,
03-30,4.580872058868408,6.393582344055176,6.305319786071777,7.518870830535889,,,9.861898422241211,10.698720932006836,10.737300872802734,,,12.270116806030273
03-31,4.653879642486572,6.413485050201416,6.326892375946045,,,8.499749183654785,9.912027359008789,10.714043617248535,10.729138374328613,,,11.990811347961426
04-01,4.644753932952881,6.438360691070557,6.380828380584717,,8.459126472473145,8.486383438110352,9.912027359008789,10.767696380615234,,,12.399456977844238,11.191424369812012
04-02,4.617376327514648,,,7.5597052574157715,8.446696281433105,8.526476860046387,9.912027359008789,,,10.816222190856934,12.426909446716309,11.355154037475586
04-03,4.731441974639893,,,7.548038482666016,8.44047737121582,8.539840698242188,,,10.720978736877441,10.790264129638672,12.408608436584473,11.046957015991211
04-04,,,6.3700456619262695,7.524707317352295,8.428048133850098,8.553203582763672,,10.767696380615234,10.745453834533691,10.807562828063965,12.445212364196777,
04-05,,6.478169918060303,6.380828380584717,7.583034515380859,8.546138763427734,,,10.78302001953125,10.745453834533691,10.876794815063477,12.454362869262695,
04-06,4.75881814956665,6.498068332672119,6.353861331939697,,,,9.94067668914795,10.78302001953125,10.753618240356445,10.894096374511719,,11.220317840576172
04-07,4.726879596710205,6.512996673583984,6.34846830368042,,,8.593299865722656,9.947836875915527,10.775355339050293,10.778093338012695,,,11.412941932678223
04-08,4.736008167266846,6.562751770019531,6.337677478790283,,8.539926528930664,8.620026588439941,9.99797534942627,10.813676834106445,,,12.47266674041748,11.634459495544434
04-09,4.621940612792969,6.542849540710449,,7.565539836883545,8.577215194702148,8.620026588439941,9.962162017822266,,,10.876794815063477,12.47266674041748,12.0100736618042
04-10,,,,7.594707012176514,8.558571815490723,8.646757125854492,9.94067668914795,,10.79440975189209,10.86813735961914,12.47266674041748,
04-11,,,6.299925327301025,7.584733009338379,8.547950744628906,8.597017288208008,,10.790687561035156,10.8419771194458,10.885444641113281,12.509267807006836,
04-12,,6.572703838348389,6.34846830368042,7.619932174682617,8.597935676574707,,,10.867324829101562,10.825575828552246,10.772416114807129,12.536842346191406,
04-13,4.554769515991211,6.584719657897949,6.350639820098877,7.584733009338379,,,9.916194915771484,10.895060539245605,10.850178718566895,10.815886497497559,,12.000442504882812
04-14,4.614574432373047,6.584719657897949,6.280016899108887,,,8.509634971618652,9.97380256652832,10.887356758117676,,,,12.300454139709473
04-15,4.688189506530762,6.574703693389893,6.345209121704102,,8.566694259643555,8.556686401367188,9.981001853942871,10.86424446105957,,,12.500077247619629,12.31013298034668
04-16,4.4627532958984375,6.554676055908203,,7.614062786102295,8.516703605651855,8.60373592376709,10.002609252929688,,,10.781110763549805,12.454120635986328,12.25206470489502
04-17,4.4627532958984375,,,7.608197212219238,8.510455131530762,8.556686401367188,9.995407104492188,,10.850178718566895,10.781110763549805,12.444929122924805,12.223031044006348
04-18,,,6.350639820098877,7.649259090423584,8.504202842712402,,,10.925882339477539,10.86658000946045,10.755025863647461,12.435737609863281,
04-19,,6.5797119140625,6.350639820098877,7.660991191864014,8.579193115234375,,,10.895060539245605,10.891183853149414,10.755025863647461,,
04-20,4.563968658447266,6.5797119140625,6.394102096557617,7.649259090423584,,,10.009809494018555,10.918182373046875,10.882983207702637,10.772416114807129,,12.184320449829102
04-21,4.577771186828613,6.544661998748779,6.394102096557617,,,8.610461235046387,10.009809494018555,10.918182373046875,10.891183853149414,,,12.193997383117676
04-22,4.596175193786621,6.574703693389893,,,8.616683006286621,8.637351036071777,9.944997787475586,10.925882339477539,,,12.270297050476074,12.164963722229004
04-23,4.586971759796143,6.60474967956543,,7.684455871582031,8.591690063476562,8.69784164428711,9.944997787475586,,,10.755025863647461,12.362207412719727,11.806886672973633
04-24,4.646785259246826,,,7.6961846351623535,8.622933387756348,8.66423225402832,9.944997787475586,,10.874784469604492,10.76372241973877,12.353015899658203,11.506875991821289
04-25,,,6.394102096557617,7.619932174682617,8.610432624816895,8.731450080871582,,10.887356758117676,10.833775520324707,10.676777839660645,12.417357444763184,
04-26,,6.574703693389893,6.350639820098877,7.71378231048584,8.610432624816895,,,10.895060539245605,10.833775520324707,10.685473442077637,12.500077247619629,
04-27,4.619174957275391,6.584719657897949,6.361504077911377,7.71378231048584,,,9.937795639038086,10.895060539245605,10.833775520324707,10.737638473510742,,11.216543197631836
04-28,4.72960090637207,6.629789352416992,6.356071949005127,,,8.738171577453613,9.988202095031738,10.887356758117676,10.8419771194458,,,11.41977596282959
04-29,4.692793369293213,6.60474967956543,6.394102096557617,,8.641677856445312,8.724725723266602,9.959403038024902,10.895060539245605,,,12.426547050476074,11.671399116516113
04-30,4.701993942260742,6.599742889404297,,7.678587913513184,8.654170989990234,8.751612663269043,9.937795639038086,,,10.78980541229248,12.509267807006836,11.61333179473877
05-01,4.826213359832764,,,7.754848003387451,8.635422706604004,8.79194450378418,9.894585609436035,,10.850178718566895,10.833279609680176,12.57360553741455,11.719785690307617
05-02,,,6.442993640899658,7.813509464263916,8.67916488647461,8.778501510620117,,10.86424446105957,10.86658000946045,10.841974258422852,12.54603385925293,
05-03,,6.644809246063232,6.464720726013184,7.790042877197266,8.635422706604004,,,10.879650115966797,10.891183853149414,10.824584007263184,12.601180076599121,
05-04,4.817012786865234,6.66984748840332,6.51904821395874,7.790042877197266,,,9.9017915725708,10.879650115966797,10.858378410339355,10.807194709777832,,11.748819351196289
05-05,4.830814838409424,6.609755516052246,6.644000053405762,,,8.79194450378418,9.944997787475586,10.910472869873047,10.882983207702637,,,11.981087684631348
05-06,4.8032097816467285,6.159092426300049,6.649430274963379,,8.64792537689209,8.812110900878906,9.779369354248047,10.918182373046875,,,12.656328201293945,11.932698249816895
05-07,4.8032097816467285,6.25924015045166,,7.825236797332764,8.622933387756348,8.872601509094238,9.76496410369873,,,10.841974258422852,12.674713134765625,11.952054977416992
05-08,4.886023044586182,,,7.848700523376465,8.591690063476562,8.939824104309082,9.851383209228516,,10.882983207702637,10.850666046142578,12.582797050476074,11.990766525268555
05-09,,,6.6765923500061035,7.836971282958984,8.654170989990234,8.926376342773438,,10.933585166931152,10.874784469604492,10.833279609680176,12.601180076599121,
05-10,,6.454525470733643,6.649430274963379,7.8956298828125,8.6041841506958,,,10.902767181396484,10.874784469604492,10.989779472351074,12.665518760681152,
05-11,4.863021373748779,6.514620780944824,6.6078572273254395,7.873803615570068,,,9.808176040649414,10.984883308410645,10.922597885131836,10.90283203125,,11.952054977416992
05-12,4.881420612335205,6.511594772338867,6.635207176208496,,,8.95998764038086,9.786568641662598,10.938399314880371,10.955564498901367,,,11.961731910705566
05-13,4.771981239318848,6.5166335105896,6.673498630523682,,8.618632316589355,8.991085052490234,9.769186019897461,10.961642265319824,,,12.656328201293945,11.893986701965332
05-14,4.795166015625,6.476315975189209,,7.838418006896973,8.662609100341797,8.997841835021973,9.783674240112305,,,10.929043769836426,12.628633499145508,11.827842712402344
05-15,4.827629089355469,,,7.80302619934082,8.662609100341797,8.943761825561523,9.88505744934082,,10.963815689086914,10.876625061035156,12.610170364379883,11.827842712402344
05-16,,,6.6297383308410645,7.832518100738525,8.650039672851562,9.0181245803833,,10.95389461517334,10.939079284667969,10.859151840209961,12.656327247619629,
05-17,,6.425915241241455,6.646150588989258,7.808930397033691,8.624910354614258,,,10.95389461517334,10.996785163879395,10.832942962646484,12.665559768676758,
05-18,4.836904048919678,6.4007158279418945,6.66802978515625,7.808930397033691,,,9.841606140136719,10.915164947509766,10.980299949645996,10.850419044494629,,11.915387153625488
05-19,4.785890579223633,6.355353355407715,6.678969383239746,,,8.977560997009277,9.718496322631836,10.884173393249512,11.013270378112793,,,11.8959321975708
05-20,4.887917995452881,6.204159736633301,6.678969383239746,,8.668886184692383,9.011364936828613,9.689526557922363,10.87642765045166,,,12.730179786682129,11.954294204711914
05-21,4.892551898956299,6.189033508300781,,7.838418006896973,8.650039672851562,9.024883270263672,9.74746322631836,,,10.876625061035156,12.71171760559082,12.002928733825684
05-22,4.911101341247559,,,7.850216388702393,8.656322479248047,9.07896614074707,9.660561561584473,,11.005029678344727,10.885360717773438,12.757875442504883,12.071016311645508
05-23,,,6.728201866149902,7.903295040130615,8.631196022033691,9.126289367675781,,10.915164947509766,11.013270378112793,10.885360717773438,12.71171760559082,
05-24,,6.199117183685303,6.7610182762146,7.938686847686768,8.612353324890137,,,10.922910690307617,11.046250343322754,10.937780380249023,12.693253517150879,
05-25,,6.1235175132751465,6.74461030960083,7.94458532333374,,,,10.915164947509766,11.013270378112793,10.955251693725586,,
05-26,4.906463623046875,6.204159736633301,6.826658248901367,,,,9.70401382446289,10.946148872375488,11.05449104309082,,,12.129376411437988
05-27,4.934290409088135,6.224318504333496,6.870420455932617,,,9.133049011230469,9.696769714355469,10.891922950744629,,,,12.158556938171387
05-28,5.07341194152832,6.315032005310059,,,8.555814743041992,9.153328895568848,9.667802810668945,,,,12.767105102539062,12.304459571838379
05-29,5.0641398429870605,,,7.920989513397217,8.32338809967041,9.133049011230469,9.732979774475098,,,11.007667541503906,12.785567283630371,12.343366622924805
05-30,,,,7.903295040130615,8.392481803894043,9.058683395385742,,,11.070976257324219,10.998933792114258,12.776335716247559,
05-31,,,6.848540782928467,7.94458532333374,8.216596603393555,,,10.891922950744629,11.079218864440918,11.068824768066406,12.840956687927246,
06-01,5.115154266357422,6.360393047332764,6.815722465515137,7.956376075744629,,,9.740220069885254,10.938399314880371,11.095707893371582,11.025138854980469,,12.39200210571289
06-02,5.166165828704834,6.365435600280762,6.777429580688477,,,9.051920890808105,9.732979774475098,10.961642265319824,11.103951454162598,,,12.430910110473633
06-03,5.184716701507568,6.355353355407715,6.74461030960083,,7.965326309204102,8.970805168151855,9.646077156066895,11.015871047973633,,,12.924041748046875,12.489270210266113
06-04,5.184716701507568,6.375513076782227,,7.938686847686768,7.990454196929932,8.896441459655762,9.609870910644531,,,11.042612075805664,12.91480827331543,12.547630310058594
06-05,5.305286884307861,,,7.9917683601379395,8.028144836425781,8.950521469116211,9.472272872924805,,11.120441436767578,11.077560424804688,12.877882957458496,12.683807373046875
06-06,,,6.640679836273193,7.920989513397217,8.072115898132324,9.045165061950684,,11.023614883422852,11.112192153930664,11.06008529663086,12.887112617492676,
06-07,,6.38055419921875,6.5695672035217285,7.879706859588623,8.116085052490234,,,11.046857833862305,11.103951454162598,11.06008529663086,12.942502975463867,
06-08,5.254278659820557,6.4007158279418945,6.465633869171143,7.909193515777588,,,9.407098770141602,11.139816284179688,11.103951454162598,11.051348686218262,,12.77134895324707
06-09,5.319205284118652,6.39567232131958,6.4054670333862305,,,9.045165061950684,9.356404304504395,11.124326705932617,11.087462425231934,,,12.839435577392578
06-10,5.305286884307861,6.461193084716797,6.383589744567871,,8.015583038330078,9.051920890808105,9.378132820129395,11.232778549194336,,,12.970197677612305,12.888070106506348
06-11,5.311825752258301,6.448001861572266,,7.903295040130615,8.090965270996094,9.015212059020996,9.462631225585938,,,11.051348686218262,12.970197677612305,12.800529479980469
06-12,5.068897247314453,,,7.926886558532715,7.833837509155273,9.137590408325195,9.535476684570312,,11.046250343322754,11.033878326416016,12.951733589172363,12.919758796691895
06-13,,,6.42103385925293,7.881223678588867,7.915961742401123,9.03561019897461,,11.237451553344727,11.143595695495605,10.963987350463867,12.942461967468262,
06-14,,6.397268772125244,6.387991428375244,7.774484157562256,7.947550296783447,,,11.198512077331543,11.102173805236816,11.051770210266113,12.970276832580566,
06-15,4.9053826332092285,6.417562961578369,6.354949474334717,7.709246635437012,,,9.542763710021973,11.214088439941406,11.143595695495605,10.999098777770996,,12.919758796691895
06-16,5.0128326416015625,6.3516106605529785,6.305385589599609,,,9.022012710571289,9.535476684570312,11.346478462219238,11.143595695495605,,,12.870894432067871
06-17,4.961447238922119,6.412487983703613,6.338430881500244,,7.9917731285095215,8.92682933807373,9.557332992553711,11.330904006958008,,,12.970276832580566,12.949077606201172
06-18,4.919399738311768,6.463221073150635,,7.768555641174316,7.9349188804626465,8.960823059082031,9.564614295959473,,,11.016654968261719,12.877565383911133,12.978395462036133
06-19,4.910056114196777,,,7.780412197113037,7.903328895568848,9.022012710571289,9.61560344696045,,11.151883125305176,11.051770210266113,12.868294715881348,12.958849906921387
06-20,,,6.332924842834473,7.821924686431885,7.783297538757324,9.02880859375,,11.330904006958008,11.168451309204102,11.025434494018555,12.859023094177246,
06-21,,6.524101734161377,6.360456943511963,7.845643043518066,7.821201801300049,,,11.424352645874023,11.151883125305176,10.999098777770996,12.868294715881348,
06-22,4.802606582641602,6.488587379455566,6.376978397369385,7.839715480804443,,,9.622896194458008,11.463292121887207,11.143595695495605,11.069327354431152,,12.997941017150879
06-23,4.727856159210205,6.488587379455566,6.4100189208984375,,,9.022012710571289,9.644745826721191,11.486654281616211,11.16016960144043,,,13.027259826660156
06-24,4.751214504241943,6.483517646789551,6.415523529052734,,7.732752799987793,8.981218338012695,9.644745826721191,11.603466033935547,,,12.942461967468262,13.017487525939941
06-25,4.811948776245117,6.503807544708252,,7.91680383682251,7.713796615600586,9.022012710571289,9.66660213470459,,,11.051770210266113,12.877565383911133,13.027259826660156
06-26,4.835309028625488,,,7.887157917022705,7.846468925476074,8.988016128540039,9.586471557617188,,11.151883125305176,11.042991638183594,12.89610767364502,12.98816967010498
06-27,,,6.432044982910156,7.904947280883789,7.9980926513671875,9.02880859375,,11.525589942932129,11.176741600036621,11.078104019165039,12.970276832580566,
06-28,,6.5596137046813965,6.503633975982666,7.910876274108887,8.01072883605957,,,11.564531326293945,11.168451309204102,11.078104019165039,12.942461967468262,
06-29,4.85866641998291,6.519029140472412,6.525659561157227,7.922738552093506,,,9.469914436340332,11.611252784729004,11.135311126708984,11.121996879577637,,12.958849906921387
06-30,4.9427571296691895,6.493661880493164,6.542183876037598,,,9.008417129516602,9.513623237609863,11.580106735229492,11.118744850158691,,,12.890440940856934
07-01,4.961447238922119,6.519029140472412,6.558703899383545,,8.035998344421387,8.988016128540039,9.513623237609863,11.634615898132324,,,13.016633033752441,12.98816967010498
07-02,4.914729118347168,6.574833869934082,,7.99983024597168,8.017041206359863,8.9064302444458,9.513623237609863,,,11.078104019165039,13.025903701782227,12.949077606201172
07-03,,,,8.01169204711914,7.922280788421631,8.824845314025879,,,11.143595695495605,11.104437828063965,13.044445991516113,
07-05,,,6.525659561157227,8.017617225646973,7.814880847930908,,,11.720281600952148,11.143595695495605,11.113213539123535,13.035174369812012,
07-06,4.9474287033081055,6.5393195152282715,6.553195476531982,8.017617225646973,,,9.564614295959473,11.728069305419922,11.127026557922363,11.139548301696777,,12.978395462036133
07-07,4.9474287033081055,6.590051174163818,6.536676406860352,,,8.858842849731445,9.681170463562012,11.922758102416992,11.135311126708984,,,13.037033081054688
07-08,4.952104568481445,6.590051174163818,6.547687530517578,,7.915961742401123,8.879234313964844,9.72487735748291,11.938334465026855,,,13.025903701782227,13.085898399353027
07-09,4.938088893890381,6.6458563804626465,,8.01169204711914,7.878056049346924,8.838440895080566,9.659316062927246,,,11.14832878112793,13.08153247833252,13.105443000793457
07-10,4.966115474700928,,,8.035409927368164,7.795961856842041,8.838440895080566,9.72487735748291,,11.16016960144043,11.13077449798584,13.183512687683105,13.124990463256836
07-11,,,6.542183876037598,7.98353910446167,7.808687210083008,8.883577346801758,,11.844881057739258,11.143595695495605,11.139548301696777,13.183512687683105,
07-12,,6.666150093078613,6.498129844665527,7.99546480178833,7.745048999786377,,,11.650192260742188,11.17482852935791,11.28948974609375,13.202133178710938,
07-13,4.953874588012695,6.632449626922607,6.485933303833008,8.03123950958252,,,9.670656204223633,11.490513801574707,11.17482852935791,11.32476806640625,,13.164082527160645
07-14,4.953874588012695,6.622241020202637,6.419408798217773,,,8.822027206420898,9.729269027709961,11.24003791809082,11.258092880249023,,,13.195499420166016
07-15,4.977418422698975,6.606924057006836,6.3861494064331055,,7.764140605926514,8.856223106384277,9.707292556762695,11.560957908630371,,,13.16489315032959,13.166044235229492
07-16,4.991547584533691,6.5864973068237305,,8.055086135864258,7.725955486297607,8.856223106384277,9.736597061157227,,,11.280670166015625,13.146269798278809,13.18568229675293
07-17,4.986834526062012,,,8.084900856018066,7.770502090454102,8.876736640930176,9.758577346801758,,11.224785804748535,11.227749824523926,13.071789741516113,13.234771728515625
07-18,,,6.325169563293457,8.138561248779297,7.725955486297607,8.904097557067871,,11.639237403869629,11.233111381530762,11.236572265625,12.997303009033203,
07-19,,6.5864973068237305,6.286364555358887,8.108746528625488,7.592314720153809,,,11.576617240905762,11.241439819335938,11.2718505859375,13.081099510192871,
07-20,5.015091896057129,6.612030029296875,6.302995204925537,8.108746528625488,,,9.751250267028809,11.623581886291504,11.241439819335938,11.263031959533691,,13.234771728515625
07-21,5.015091896057129,6.652873516082764,6.33071231842041,,,8.938289642333984,9.707292556762695,11.662714958190918,11.241439819335938,,,13.34277057647705
07-22,5.038636684417725,6.668193340301514,6.447126865386963,,7.522307872772217,8.917773246765137,9.692638397216797,11.686200141906738,,,13.109029769897461,13.293680191040039
07-23,5.156360626220703,6.668193340301514,,8.186257362365723,7.570262908935547,8.972480773925781,9.699965476989746,,,11.315950393676758,13.109029769897461,13.234771728515625
07-24,5.109272003173828,,,8.257804870605469,7.442384719848633,8.979320526123047,9.670656204223633,,11.24976921081543,11.315950393676758,13.118338584899902,13.244589805603027
07-25,,,6.397232532501221,8.251843452453613,7.3400797843933105,8.945128440856934,,11.717508316040039,11.224785804748535,11.315950393676758,13.090409278869629,
07-26,,6.657979488372803,6.36397647857666,8.287614822387695,7.378446578979492,,,11.670544624328613,11.299729347229004,11.37768840789795,13.118338584899902,
07-27,5.2599592208862305,6.652873516082764,6.280824661254883,8.305503845214844,,,9.736597061157227,11.733160972595215,11.28307819366455,11.37768840789795,,13.234771728515625
07-28,5.344722747802734,6.673295497894287,6.264190673828125,,,8.938289642333984,9.736597061157227,11.670544624328613,11.28307819366455,,,13.21513557434082
07-29,5.316468715667725,6.6375555992126465,6.264190673828125,,7.410417079925537,8.931451797485352,9.802531242370605,11.686200141906738,,,13.127650260925293,13.293680191040039
07-30,5.325887680053711,6.668193340301514,,8.3114652633667,7.410417079925537,8.883577346801758,9.802531242370605,,,11.360048294067383,13.13696002960205,13.303498268127441
07-31,5.363558292388916,,,8.371091842651367,7.352874755859375,8.81518840789795,9.780555725097656,,11.333035469055176,11.37768840789795,13.13696002960205,13.31331729888916
08-01,,,6.34180212020874,8.323390007019043,7.288935661315918,8.849382400512695,,11.740987777709961,11.324710845947266,11.386509895324707,13.13696002960205,
08-02,,6.709038734436035,6.380603313446045,8.3114652633667,7.295327663421631,,,11.709678649902344,11.374672889709473,11.448249816894531,13.192824363708496,
08-03,5.311761856079102,6.724359035491943,6.447126865386963,8.317427635192871,,,9.802531242370605,11.842743873596191,11.333035469055176,11.45706558227539,,13.323134422302246
08-04,5.288213729858398,6.754988670349121,6.302995204925537,,,8.794676780700684,9.758577346801758,11.819267272949219,11.299729347229004,,,13.35258960723877
08-05,5.146944999694824,6.714144706726074,6.3362579345703125,,7.218602657318115,8.739961624145508,9.707292556762695,11.787955284118652,,,13.183511734008789,13.391860961914062
08-06,5.156360626220703,6.744781017303467,,8.371091842651367,7.186629772186279,8.774157524108887,9.773229598999023,,,11.509986877441406,13.304548263549805,13.421316146850586
08-07,5.184615135192871,,,8.269733428955078,7.141878128051758,8.794676780700684,9.780555725097656,,11.28307819366455,11.53644847869873,13.26730728149414,13.450769424438477
08-08,,,6.075711727142334,8.251843452453613,7.2122063636779785,8.849382400512695,,11.834915161132812,11.291401863098145,11.527628898620605,13.379030227661133,
08-09,,6.790733814239502,6.181035995483398,8.227994918823242,7.1994218826293945,,,11.811437606811523,11.28307819366455,11.509986877441406,13.406961441040039,
08-10,5.2269978523254395,6.811158657073975,6.291909217834473,8.245879173278809,,,9.802531242370605,11.8583984375,11.308058738708496,11.562908172607422,,13.49004077911377
08-11,5.231705188751221,6.761826038360596,6.218229293823242,,,8.856223106384277,9.927082061767578,11.831653594970703,11.314332962036133,,,13.470405578613281
08-12,5.219367980957031,6.72072172164917,6.301959991455078,,7.250568389892578,8.897260665893555,9.924134254455566,11.910320281982422,,,13.546619415283203,13.49004077911377
08-13,5.167173862457275,6.838901996612549,,8.229696273803711,7.129086494445801,8.915139198303223,9.924134254455566,,,11.562908172607422,13.369719505310059,13.482151985168457
08-14,5.2003889083862305,,,8.217708587646484,7.1354827880859375,8.922021865844727,9.87255859375,,11.29759407043457,11.616070747375488,13.4445161819458,13.422975540161133
08-15,,,6.374520778656006,8.205720901489258,7.052366256713867,8.89450454711914,,11.847387313842773,11.331067085266113,11.642653465270996,13.40711784362793,
08-16,,6.8543195724487305,6.391263484954834,8.181746482849121,7.065149784088135,,,11.863120079040527,11.322699546813965,11.562908172607422,13.42581844329834,
08-17,5.176663398742676,6.8851447105407715,6.380102634429932,8.205720901489258,,,9.865194320678711,11.863120079040527,11.331067085266113,11.58062744140625,,13.324350357055664
08-18,5.195641994476318,6.864594459533691,6.2684645652771,,,8.89450454711914,9.879929542541504,11.910320281982422,11.331067085266113,,,13.393387794494629
08-19,5.1909003257751465,6.838901996612549,6.341029167175293,,6.969243049621582,8.901385307312012,9.887296676635742,11.910320281982422,,,13.528661727905273,13.363800048828125
08-20,5.238349437713623,6.8543195724487305,,8.217708587646484,7.045971870422363,8.901385307312012,9.887296676635742,,,11.58062744140625,13.4445161819458,13.27503776550293
08-21,5.238349437713623,,,8.145780563354492,7.090723514556885,8.873866081237793,9.931501388549805,,11.33944034576416,11.571770668029785,13.42581844329834,13.334213256835938
08-22,,,6.329864025115967,8.049874305725098,7.282544136047363,8.853229522705078,,11.933919906616211,11.33944034576416,11.562908172607422,13.435166358947754,
08-23,,6.828625679016113,6.374520778656006,8.031892776489258,7.295327663421631,,,11.926054954528809,11.33944034576416,11.571770668029785,13.416468620300293,
08-24,5.309521198272705,6.79265832901001,6.3633527755737305,8.061867713928223,,,9.784146308898926,11.926054954528809,11.34780502319336,11.589489936828613,,13.334213256835938
08-25,5.285797595977783,6.79265832901001,6.3633527755737305,,,8.846352577209473,9.784146308898926,11.87885856628418,11.34780502319336,,,13.31448745727539
08-26,5.285797595977783,6.813211917877197,6.3633527755737305,,7.3209028244018555,8.860111236572266,9.791516304016113,11.80018424987793,,,13.416468620300293,13.196136474609375
08-27,5.300030708312988,6.8851447105407715,,8.11581039428711,7.378446578979492,8.89450454711914,9.798885345458984,,,11.616070747375488,13.42581844329834,13.067922592163086
08-28,5.314264297485352,,,8.169756889343262,7.359269618988037,8.901385307312012,9.813621520996094,,11.381281852722168,11.624931335449219,13.42581844329834,13.31448745727539
08-29,,,6.413593292236328,8.229696273803711,7.378446578979492,8.915139198303223,,11.831653594970703,11.372912406921387,11.624931335449219,13.472563743591309,
08-30,,6.869731426239014,6.374520778656006,8.259666442871094,7.378446578979492,,,11.815918922424316,11.414754867553711,11.616070747375488,13.481913566589355,
08-31,5.352228164672852,6.905697345733643,6.4749956130981445,8.325603485107422,,,9.84308910369873,11.894584655761719,11.40638542175293,11.616070747375488,,13.304624557495117
09-01,5.375950813293457,6.895416736602783,6.452667713165283,,,,9.902032852172852,11.855252265930176,11.414754867553711,,,13.353937149047852
09-02,5.413908958435059,6.931387901306152,6.374520778656006,,,8.915139198303223,9.916767120361328,11.831653594970703,,,,13.383524894714355
09-03,5.470844268798828,6.880005359649658,,,7.295327663421631,8.915139198303223,9.946233749389648,,,,13.491265296936035,13.27503776550293
09-04,5.485082149505615,,,8.187736511230469,7.3209028244018555,8.887626647949219,10.019913673400879,,,11.607208251953125,13.491265296936035,13.008747100830078
09-05,,,,8.187736511230469,7.2122063636779785,8.908265113830566,,,11.46496868133545,11.527463912963867,13.472563743591309,
09-06,,,6.301959991455078,8.259666442871094,7.2122063636779785,,,11.776585578918457,11.46496868133545,11.571770668029785,13.453866004943848,
09-07,,6.864594459533691,6.318700790405273,8.2776517868042,,,,11.65857982635498,11.448230743408203,11.545187950134277,,
09-08,5.594213008880615,6.8851447105407715,6.318700790405273,,,8.887626647949219,9.960972785949707,11.64284896850586,11.46496868133545,,,13.156686782836914
09-09,5.6464080810546875,6.936526775360107,6.335447788238525,,7.250568389892578,8.908265113830566,9.946233749389648,11.430445671081543,,,13.463214874267578,13.26517391204834
09-10,5.784010410308838,6.95707893371582,,8.325603485107422,7.237784385681152,8.949538230895996,9.975706100463867,,,11.438860893249512,13.42581844329834,13.255311012268066
09-11,5.781144618988037,,,8.343585968017578,7.111008167266846,8.946768760681152,10.002376556396484,,11.506807327270508,11.385700225830078,13.24817943572998,13.304624557495117
09-12,,,6.380102634429932,8.369494438171387,7.136747360229492,8.884498596191406,,11.430445671081543,11.540285110473633,11.465441703796387,13.022835731506348,
09-13,,6.9281229972839355,6.3874053955078125,8.327311515808105,7.14962100982666,,,11.296064376831055,11.557021141052246,11.417829513549805,12.872608184814453,
09-14,5.771591663360596,6.891936302185059,6.370550632476807,8.309237480163574,,,9.957924842834473,11.414634704589844,11.510778427124023,11.275443077087402,,13.326422691345215
09-15,5.781144618988037,6.7833571434021,6.348080635070801,,,8.870659828186035,9.883833885192871,11.39091968536377,11.552817344665527,,,13.356146812438965
09-16,5.881477355957031,6.726487636566162,6.381786346435547,,7.181796550750732,8.884498596191406,9.861602783203125,11.319778442382812,,,12.863221168518066,13.336331367492676
09-17,5.938808441162109,6.7988715171813965,,8.321290016174316,7.226842880249023,8.926009178161621,9.920879364013672,,,11.141949653625488,13.163675308227539,13.336331367492676
09-18,5.962699890136719,,,8.375518798828125,7.432775497436523,8.905252456665039,9.928287506103516,,11.527594566345215,11.13305377960205,13.229400634765625,13.316514015197754
09-19,,,6.393024444580078,8.435773849487305,7.509997367858887,8.926009178161621,,11.359301567077637,11.519183158874512,11.230944633483887,13.257566452026367,
09-20,,6.778186798095703,6.370550632476807,8.435773849487305,7.54217529296875,,,11.37511157989502,11.435102462768555,11.239845275878906,13.304513931274414,
09-21,6.024811744689941,6.829891681671143,6.393024444580078,8.514107704162598,,,9.972743034362793,11.430445671081543,11.418289184570312,11.106353759765625,,13.27688217163086
09-22,6.115588665008545,6.788530349731445,6.421114444732666,,,8.960610389709473,10.039427757263184,11.50949478149414,11.418289184570312,,,13.27688217163086
09-23,6.187256336212158,6.778186798095703,6.443582057952881,,7.561476707458496,8.946768760681152,10.017199516296387,11.48577880859375,,,13.31390380859375,13.217432975769043
09-24,6.029589653015137,6.778186798095703,,8.423727035522461,7.464951038360596,8.974447250366211,9.965333938598633,,,11.106353759765625,13.351458549499512,13.227341651916504
09-25,6.09169864654541,,,8.465903282165527,7.580784797668457,8.981362342834473,9.906060218811035,,11.46873664855957,11.13305377960205,13.351458549499512,13.167892456054688
09-26,,,6.454819202423096,8.477954864501953,7.587222576141357,8.98828411102295,,11.517401695251465,11.443511009216309,11.13305377960205,13.370238304138184,
09-27,,6.829891681671143,6.443582057952881,8.562309265136719,7.593652725219727,,,11.501588821411133,11.401471138000488,11.13305377960205,13.342069625854492,
09-28,6.211147308349609,6.7833571434021,6.4379658699035645,8.604490280151367,,,9.891240119934082,11.59644889831543,11.38465404510498,11.16865062713623,,13.266974449157715
09-29,6.1681437492370605,6.7988715171813965,6.454819202423096,,,8.995203018188477,9.935696601867676,11.430445671081543,11.443511009216309,,,13.346240043640137
09-30,6.187256336212158,6.7730183601379395,6.499760627746582,,7.509997367858887,9.022883415222168,9.846789360046387,11.469970703125,,,13.407792091369629,13.36605453491211
10-01,6.1920318603515625,6.7833571434021,,8.544235229492188,7.587222576141357,9.036722183227539,9.928287506103516,,,11.222044944763184,13.398406982421875,13.356146812438965
10-02,6.206371784210205,,,8.514107704162598,7.625833988189697,8.981362342834473,9.943108558654785,,11.393061637878418,11.248744010925293,13.351458549499512,13.326422691345215
10-03,,,6.471670627593994,8.47192668914795,7.587222576141357,8.974447250366211,,11.438349723815918,11.426694869995117,11.177552223205566,13.37962532043457,
10-04,,6.7626776695251465,6.381786346435547,8.483978271484375,7.555042266845703,,,11.319778442382812,11.435102462768555,11.035160064697266,13.407792091369629,
10-05,6.22547721862793,6.767849445343018,6.421114444732666,8.5382080078125,,,9.957924842834473,11.232826232910156,11.493959426879883,10.928366661071777,,13.316514015197754
10-06,6.230257034301758,6.757506847381592,6.432345390319824,,,9.022883415222168,9.965333938598633,11.169587135314941,11.485550880432129,,,13.336331367492676
10-07,6.2445902824401855,6.778186798095703,6.4042558670043945,,7.490691661834717,9.050557136535645,10.009787559509277,11.098442077636719,,,13.426572799682617,13.326422691345215
10-08,6.254144668579102,6.7730183601379395,,8.55025863647461,7.497127056121826,9.09899616241455,10.106106758117676,,,10.785981178283691,13.426572799682617,13.30660629272461
10-09,6.149031162261963,,,8.483978271484375,7.477818012237549,9.078235626220703,10.150559425354004,,11.485550880432129,10.785981178283691,13.464130401611328,13.326422691345215
10-10,,,6.409876823425293,8.496028900146484,7.408524990081787,9.110250473022461,,11.106344223022461,11.536001205444336,10.625788688659668,13.454741477966309,
10-11,,6.7988715171813965,6.4379658699035645,8.455449104309082,7.415002822875977,,,11.08263111114502,11.561224937438965,10.536800384521484,13.483027458190918,
10-12,5.919699192047119,6.788530349731445,6.473581790924072,8.4796781539917,,,10.039427757263184,10.955517768859863,11.616137504577637,10.587323188781738,,13.30660629272461
10-13,5.974539279937744,6.754187107086182,6.473581790924072,,,9.075454711914062,10.051348686218262,10.756902694702148,11.514760971069336,,,13.316514015197754
10-14,5.8350348472595215,6.759391784667969,6.467930793762207,,7.447382926940918,9.047612190246582,10.133307456970215,10.653623580932617,,,13.47359848022461,13.358322143554688
10-15,5.719584941864014,6.722962856292725,,8.4796781539917,7.376151084899902,9.089373588562012,10.08115291595459,,,10.614145278930664,13.4264554977417,13.358322143554688
10-16,5.916813373565674,,,8.467558860778809,7.453862190246582,9.110250473022461,10.088602066040039,,11.548553466796875,10.658855438232422,13.445313453674316,13.31850528717041
10-17,,,6.450969219207764,8.54024600982666,7.654613971710205,9.124176025390625,,10.51856803894043,11.531656265258789,10.667798042297363,13.360454559326172,
10-18,,6.712556838989258,6.462277412414551,8.516016006469727,7.693469047546387,,,10.590069770812988,11.514760971069336,10.560494422912598,13.379310607910156,
10-19,6.046692371368408,6.670929908752441,6.4905476570129395,8.570528984069824,,,10.058798789978027,10.780736923217773,11.557003021240234,10.524724960327148,,13.328459739685059
10-20,6.070747375488281,6.660521507263184,6.524467468261719,,,9.179845809936523,10.06624984741211,10.836352348327637,11.548553466796875,,,13.308551788330078
10-21,6.061126232147217,6.691743850708008,6.524467468261719,,7.648136138916016,9.179845809936523,10.073699951171875,10.891963005065918,,,13.27559757232666,13.288643836975098
10-22,6.123659610748291,6.707350730895996,,8.54024600982666,7.661092281341553,9.145049095153809,10.178016662597656,,,10.587323188781738,13.351024627685547,13.2687349319458
10-23,6.114040851593018,,,8.570528984069824,7.712902069091797,9.124176025390625,10.178016662597656,,11.514760971069336,10.524724960327148,13.294451713562012,13.238873481750488
10-24,,,6.530125141143799,8.612929344177246,7.77118444442749,9.145049095153809,,10.907849311828613,11.50631332397461,10.587323188781738,13.322737693786621,
10-25,,6.69694709777832,6.558391094207764,8.600813865661621,7.810039043426514,,,10.899906158447266,11.531656265258789,10.533670425415039,13.351024627685547,
10-26,6.041884899139404,6.70215368270874,6.614930629730225,8.631096839904785,,,10.178016662597656,10.836352348327637,11.455621719360352,10.560494422912598,,13.218964576721191
10-27,6.017831325531006,6.717761516571045,6.643196105957031,,,9.172886848449707,10.133307456970215,10.725127220153809,11.362696647644043,,,13.288643836975098
10-28,5.796555042266846,6.70215368270874,6.637544631958008,,7.822987079620361,9.207687377929688,10.140759468078613,10.605958938598633,,,13.332168579101562,13.199057579040527
10-29,5.772500038146973,6.738575458526611,,,7.78413200378418,9.207687377929688,10.18546199798584,,,10.542611122131348,13.322737693786621,13.189103126525879
10-30,5.734018802642822,,,,7.78413200378418,9.207687377929688,10.252522468566895,,11.430277824401855,10.560494422912598,13.388739585876465,13.159241676330566
10-31,,,6.643196105957031,8.612929344177246,7.764704704284668,9.193772315979004,,10.582124710083008,11.430277824401855,10.51578426361084,13.407596588134766,
11-01,,6.70215368270874,6.586660861968994,8.64321231842041,7.693469047546387,,,10.64568042755127,11.430277824401855,10.480016708374023,13.398167610168457,
11-02,5.671481609344482,6.759391784667969,6.547084331512451,8.558416366577148,,,10.282320022583008,10.693350791931152,11.50631332397461,10.390596389770508,,13.17914867401123
11-03,5.661862373352051,6.7906107902526855,6.552737236022949,,,9.193772315979004,10.27487564086914,10.709238052368164,11.49786376953125,,,13.189103126525879
11-04,5.772500038146973,6.858255863189697,6.569697380065918,,7.635186672210693,9.277280807495117,10.245071411132812,10.693350791931152,,,13.379310607910156,13.308551788330078
11-05,5.902379035949707,6.7906107902526855,,8.509961128234863,7.71937370300293,9.31208324432373,10.237622261047363,,,10.426363945007324,13.407596588134766,13.358322143554688
11-06,5.926433563232422,,,8.558416366577148,7.74527645111084,9.332962989807129,10.18546199798584,,11.514760971069336,10.381653785705566,13.379310607910156,13.358322143554688
11-07,,,6.575352668762207,8.576586723327637,7.71937370300293,9.332962989807129,,10.685404777526855,11.548553466796875,10.426363945007324,13.332168579101562,
11-08,,6.73337459564209,6.654504776000977,8.594759941101074,7.686999320983887,,,10.748961448669434,11.540104866027832,10.49790096282959,13.464167594909668,
11-09,5.96010684967041,6.759391784667969,6.750615119934082,8.491787910461426,,,10.08115291595459,10.717183113098145,11.514760971069336,10.569436073303223,,13.427999496459961
11-10,5.8748674392700195,6.599126815795898,6.666996955871582,,,9.339920043945312,10.033195495605469,10.565450668334961,11.523209571838379,,,13.467816352844238
11-11,5.816747188568115,6.379155158996582,6.712503433227539,,7.648136138916016,9.395597457885742,10.00322437286377,10.4776029586792,,,13.549026489257812,13.427999496459961
11-12,5.797375202178955,6.40533971786499,,8.516016006469727,7.5898566246032715,9.357805252075195,10.093141555786133,,,10.614145278930664,13.586742401123047,13.449999809265137
11-13,5.748943328857422,,,8.359545707702637,7.533164024353027,9.350804328918457,10.175561904907227,,11.565452575683594,10.703566551208496,13.577312469482422,13.449999809265137
11-14,,,6.746639728546143,8.323013305664062,7.539677619934082,9.329806327819824,,10.3258695602417,11.586668014526367,10.673466682434082,13.501568794250488,
11-15,,6.1801323890686035,6.746639728546143,8.231683731079102,7.494061470031738,,,10.429685592651367,11.595158576965332,10.628546714782715,13.435291290283203,
11-16,5.671449184417725,6.143470764160156,6.735263824462891,8.359545707702637,,,10.19054889678955,10.42170238494873,11.60364818572998,10.628546714782715,,13.479999542236328
11-17,5.7247233390808105,6.284881591796875,6.718198299407959,,,9.238821029663086,10.123112678527832,10.34982967376709,11.595158576965332,,,13.479999542236328
11-18,5.773158073425293,6.1696577072143555,6.729567527770996,,7.487542629241943,9.25281810760498,10.093141555786133,10.277950286865234,,,13.425825119018555,13.489999771118164
11-19,5.748943328857422,6.201082706451416,,8.408251762390137,7.454957485198975,9.210823059082031,10.205535888671875,,,10.637532234191895,13.41635513305664,
11-20,5.690822124481201,,,8.40216064453125,7.402827262878418,9.19682788848877,10.175561904907227,,11.620625495910645,10.601593971252441,13.435291290283203,
11-21,,,6.786459445953369,8.481310844421387,7.435412406921387,9.168828964233398,,10.381773948669434,11.654579162597656,10.583627700805664,13.397418975830078,
11-22,,6.462951183319092,6.877472877502441,,7.402827262878418,,,10.461629867553711,11.595158576965332,,13.38795280456543,
11-23,5.734414100646973,6.442002296447754,6.883164405822754,8.505666732788086,,,10.160578727722168,10.333857536315918,,10.520733833312988,,
11-24,5.739253520965576,6.36867618560791,,,,9.168828964233398,10.145591735839844,,11.637601852416992,,,
11-25,5.802214622497559,,6.87178373336792,,7.376763343811035,9.182826042175293,10.205535888671875,10.277950286865234,,,13.473164558410645,
11-26,,6.41057825088501,,8.432602882385254,7.422380447387695,9.19682788848877,,,,10.511747360229492,13.406888008117676,
11-27,5.85065221786499,,,8.426517486572266,7.389796257019043,,10.27297306060791,,11.5781831741333,10.520733833312988,13.425825119018555,
11-28,,,6.888853073120117,8.51175594329834,,9.182826042175293,,10.3258695602417,11.569692611694336,10.529719352722168,,
11-29,,6.352969169616699,6.860409736633301,8.542198181152344,7.428894519805908,,,10.34982967376709,11.518760681152344,10.556671142578125,13.520503997802734,
11-30,5.923298358917236,6.337255954742432,6.877472877502441,8.59090518951416,,,10.228014945983887,10.2300386428833,11.510272979736328,10.529719352722168,,
12-01,5.937830448150635,6.3634443283081055,6.888853073120117,,,9.217820167541504,10.265480041503906,10.142192840576172,11.612137794494629,,,
12-02,5.966890335083008,6.26917028427124,6.951425552368164,,7.389796257019043,9.343804359436035,10.228014945983887,10.214065551757812,,,13.435291290283203,
12-03,6.000786781311035,6.284881591796875,,8.554375648498535,7.474510669708252,9.399798393249512,10.153080940246582,,,10.592609405517578,13.425825119018555,
12-04,6.015317916870117,,,8.596997261047363,7.435412406921387,9.385801315307617,10.198042869567871,,11.56120777130127,10.736358642578125,13.463696479797363,
12-05,,,6.922985076904297,8.663969039916992,7.376763343811035,9.357805252075195,,10.206076622009277,11.671553611755371,,13.501568794250488,
12-06,,6.206320285797119,6.883164405822754,8.633525848388672,7.402827262878418,,,10.2300386428833,11.730971336364746,10.700421333312988,13.463696479797363,
12-07,5.9426703453063965,6.117282867431641,6.97418212890625,8.633525848388672,,,10.228014945983887,10.309898376464844,11.781906127929688,10.736358642578125,,
12-08,6.020162105560303,6.038723945617676,6.9684882164001465,,,9.336809158325195,10.34040355682373,10.333857536315918,11.773418426513672,,,
12-09,6.054066181182861,6.038723945617676,6.97418212890625,,7.389796257019043,9.3648042678833,10.317930221557617,10.293923377990723,,,13.511037826538086,
12-10,6.087967395782471,5.960161209106445,,8.639613151550293,7.428894519805908,9.441793441772461,10.377875328063965,,,10.772295951843262,13.4447603225708,
12-11,6.101626873016357,,,8.69441032409668,7.434145450592041,9.354447364807129,10.268553733825684,,11.756439208984375,10.700421333312988,13.454227447509766,
12-12,,,7.008311748504639,8.708486557006836,7.480076789855957,9.424886703491211,,10.261980056762695,11.722484588623047,10.664483070373535,13.530295372009277,
12-13,,5.803981781005859,6.977351188659668,8.763564109802246,7.4669508934021,,,10.320610046386719,11.713995933532715,10.625216484069824,13.463735580444336,
12-14,6.096749305725098,5.788153648376465,6.937222003936768,8.696248054504395,,,10.140386581420898,10.296514511108398,11.752375602722168,10.625216484069824,,
12-15,5.994322299957275,5.872575283050537,6.9142889976501465,,,9.403759002685547,10.140386581420898,10.25635814666748,11.641504287719727,,,
12-16,6.052850246429443,6.173327922821045,6.931484699249268,,7.421018600463867,9.410798072814941,10.163005828857422,10.232264518737793,,,13.48275375366211,
12-17,5.989445686340332,6.252471446990967,,8.531012535095215,7.506316661834717,9.396711349487305,10.253473281860352,,,10.471750259399414,13.463735580444336,
12-18,5.92116117477417,,,8.371899604797363,7.709723949432373,9.368536949157715,10.298713684082031,,11.650033950805664,10.525914192199707,13.473244667053223,
12-19,,,6.937222003936768,8.396377563476562,7.77534294128418,9.382621765136719,,10.208170890808105,11.658559799194336,10.480775833129883,13.473244667053223,
12-20,,5.9200639724731445,6.920019149780273,8.494290351867676,7.7884674072265625,,,10.200138092041016,11.598859786987305,10.309257507324219,13.492260932922363,
12-21,5.8772664070129395,5.9464430809021,6.9142889976501465,8.567734718322754,,,10.321331977844238,10.216202735900879,11.598859786987305,10.291200637817383,,
12-22,5.945549011230469,5.9569993019104,6.977351188659668,,,9.368536949157715,10.34394645690918,10.26439094543457,11.547688484191895,,,
12-23,5.994322299957275,5.867297649383545,6.971619606018066,,7.932814598083496,9.424886703491211,10.36656665802002,10.232264518737793,,,13.501769065856934,
12-24,5.999200820922852,,,8.592209815979004,7.873761177062988,9.446022033691406,10.38918685913086,,,10.318284034729004,13.492260932922363,
12-26,,,,8.573847770690918,7.8868818283081055,9.453062057495117,,,11.573275566101074,10.264119148254395,13.530295372009277,
12-27,,5.930617332458496,6.971619606018066,8.488177299499512,7.854079723358154,,,10.200138092041016,11.675620079040527,10.345365524291992,13.48275375366211,
12-28,6.096749305725098,5.872575283050537,6.954421043395996,8.543248176574707,,,10.374104499816895,10.24029541015625,11.60738754272461,10.381477355957031,,
12-29,6.047974586486816,5.883129119873047,6.965888023376465,,,9.417841911315918,10.36656665802002,10.232264518737793,11.60738754272461,,,
12-30,6.11625862121582,5.930617332458496,6.942950248718262,,7.840956211090088,9.460107803344727,10.38918685913086,10.288487434387207,,,13.492260932922363,
12-31,6.1455230712890625,6.041418552398682,,8.62893009185791,7.873761177062988,9.438974380493164,10.419341087341309,,,10.50786304473877,13.492260932922363,
