,2010,2011,2012,2013,2014,2015,2016,2017,2018,2019,2020
01-02,,,,0.8199999928474426,0.8199999928474426,0.6399999856948853,,,0.546999990940094,0.2151000052690506,0.5794399976730347
01-03,,,0.7300000190734863,0.8199999928474426,0.8199999928474426,,,0.5080000162124634,0.5430999994277954,0.22450000047683716,0.5659999847412109
01-04,,5.5,0.7300000190734863,0.8199999928474426,,,0.4000000059604645,0.5080000162124634,0.5389999747276306,0.2289000004529953,
01-05,,4.75,0.7300000190734863,,,0.6399999856948853,0.4000000059604645,0.5080000162124634,0.5493999719619751,,
01-06,,,0.7300000190734863,,0.8199999928474426,0.6399999856948853,0.4000000059604645,0.5080000162124634,,,0.5899999737739563
01-07,,5.789999961853027,,0.8199999928474426,0.8199999928474426,0.6399999856948853,0.4000000059604645,,,0.22499999403953552,0.6462200284004211
01-08,,,,0.8199999928474426,0.8199999928474426,0.6399999856948853,0.4000000059604645,,0.5688999891281128,0.23000000417232513,0.6299999952316284
01-09,,,0.7300000190734863,0.8199999928474426,0.8199999928474426,0.6399999856948853,,0.6930000185966492,0.5547000169754028,0.23109999299049377,0.7059999704360962
01-10,,,0.7300000190734863,0.8199999928474426,0.8199999928474426,,,0.7400000095367432,0.5370000004768372,0.22624999284744263,0.6499999761581421
01-11,,6.565000057220459,0.7300000190734863,0.8199999928474426,,,0.4000000059604645,0.6940000057220459,0.571399986743927,0.22624999284744263,
01-12,,,0.7300000190734863,,,0.6399999856948853,0.4000000059604645,0.7360000014305115,0.6068999767303467,,
01-13,,6.84499979019165,0.7300000190734863,,0.8199999928474426,0.6399999856948853,0.4000000059604645,0.6980000138282776,,,0.5989999771118164
01-14,,,,0.8199999928474426,0.8199999928474426,0.6399999856948853,0.4000000059604645,,,0.22164000570774078,0.6600000262260437
01-15,,,,0.8199999928474426,0.8199999928474426,0.6399999856948853,0.4000000059604645,,,0.21240000426769257,0.7379999756813049
01-16,,,,0.8199999928474426,0.8199999928474426,0.6399999856948853,,,0.597000002861023,0.21400000154972076,0.8269000053405762
01-17,,,0.7300000190734863,0.8199999928474426,0.8199999928474426,,,0.7020000219345093,0.6269999742507935,0.2199999988079071,0.800000011920929
01-18,,7.164999961853027,0.7300000190734863,0.8199999928474426,,,,0.7020000219345093,0.5891000032424927,0.23880000412464142,
01-19,,7.315000057220459,0.7300000190734863,,,,0.4000000059604645,0.7020000219345093,0.5799999833106995,,
01-20,,,0.7300000190734863,,,0.6399999856948853,0.4000000059604645,0.7020000219345093,,,
01-21,,,,,0.8199999928474426,0.6399999856948853,0.4000000059604645,,,,0.795799970626831
01-22,,,,0.8199999928474426,0.8199999928474426,0.6399999856948853,0.4000000059604645,,0.5968999862670898,0.22130000591278076,0.7099999785423279
01-23,,,0.7300000190734863,0.8199999928474426,0.8199999928474426,0.6399999856948853,,0.7020000219345093,0.6371999979019165,0.2249000072479248,0.7250000238418579
01-24,,6.789999961853027,0.7300000190734863,0.8199999928474426,0.8199999928474426,,,0.6759999990463257,0.6381000280380249,0.2199999988079071,0.755079984664917
01-25,,,0.7300000190734863,0.8199999928474426,,,0.4000000059604645,0.6759999990463257,0.6323999762535095,0.23000000417232513,
01-26,,,0.7300000190734863,,,0.6399999856948853,0.4000000059604645,0.6600000262260437,0.6200000047683716,,
01-27,,,0.7300000190734863,,0.8199999928474426,0.6399999856948853,0.4000000059604645,0.6600000262260437,,,0.7178999781608582
01-28,,5.90500020980835,,0.8199999928474426,0.8199999928474426,0.6399999856948853,0.4000000059604645,,,0.22599999606609344,0.7824000120162964
01-29,,,,0.8199999928474426,0.8199999928474426,0.6399999856948853,0.4000000059604645,,0.6549999713897705,0.2199999988079071,0.7847999930381775
01-30,,,0.7300000190734863,0.8199999928474426,0.8199999928474426,0.6399999856948853,,0.6069999933242798,0.6200000047683716,0.2221599966287613,0.7599999904632568
01-31,,,0.7300000190734863,0.8199999928474426,0.8199999928474426,,,0.6069999933242798,0.652999997138977,0.2150000035762787,0.7599999904632568
02-01,,6.050000190734863,0.7300000190734863,0.8199999928474426,,,0.4000000059604645,0.6399999856948853,0.6137999892234802,0.22689999639987946,
02-02,,,0.7300000190734863,,,0.6399999856948853,0.4000000059604645,0.6930000185966492,0.5916000008583069,,
02-03,,,0.7300000190734863,,0.8199999928474426,0.6399999856948853,0.4000000059604645,0.6930000185966492,,,0.8140000104904175
02-04,,,,0.8199999928474426,0.8199999928474426,0.699999988079071,0.4099999964237213,,,0.2242400050163269,0.7971400022506714
02-05,,,,0.8199999928474426,0.8199999928474426,0.699999988079071,0.4099999964237213,,0.5972999930381775,0.22100000083446503,0.824999988079071
02-06,,,0.7300000190734863,0.8199999928474426,0.8199999928474426,0.699999988079071,,0.6520000100135803,0.5960000157356262,0.20600000023841858,0.8700000047683716
02-07,,6.75,0.7300000190734863,0.8199999928474426,0.8199999928474426,,,0.6190000176429749,0.5543000102043152,0.19699999690055847,0.8324000239372253
02-08,,6.559999942779541,0.7300000190734863,0.8199999928474426,,,0.4099999964237213,0.6600000262260437,0.5733000040054321,0.2053000032901764,
02-09,,6.039999961853027,0.7300000190734863,,,0.699999988079071,0.4099999964237213,0.6110000014305115,0.5489000082015991,,
02-10,,6.114999771118164,0.7300000190734863,,0.8199999928474426,0.699999988079071,0.4099999964237213,0.6110000014305115,,,0.8410000205039978
02-11,,,,0.8199999928474426,0.8199999928474426,0.7599999904632568,0.5210000276565552,,,0.19493000209331512,0.8761199712753296
02-12,,,,0.8199999928474426,0.8199999928474426,0.7599999904632568,0.5210000276565552,,0.5209000110626221,0.20589999854564667,0.8672999739646912
02-13,,,0.7300000190734863,0.8199999928474426,0.8199999928474426,0.7599999904632568,,0.6520000100135803,0.5400000214576721,0.1981000006198883,0.8310999870300293
02-14,,6.170000076293945,0.7300000190734863,0.8199999928474426,0.3400000035762787,,,0.5839999914169312,0.5680000185966492,0.210999995470047,0.8149999976158142
02-15,,,0.7300000190734863,0.8199999928474426,,,,0.6700000166893005,0.5805000066757202,0.19820000231266022,
02-16,,,0.7300000190734863,,,,0.5210000276565552,0.6700000166893005,0.5598000288009644,,
02-17,,,0.7300000190734863,,,0.7599999904632568,0.5210000276565552,0.6700000166893005,,,
02-18,,,,,0.3400000035762787,0.7599999904632568,0.5210000276565552,,,,0.8198999762535095
02-19,,,,0.8199999928474426,0.3400000035762787,0.7599999904632568,0.5210000276565552,,,0.2134999930858612,0.8050000071525574
02-20,,,,0.8199999928474426,0.3400000035762787,0.7599999904632568,,,0.5562999844551086,0.20999999344348907,0.817300021648407
02-21,,,0.7300000190734863,0.8199999928474426,0.3400000035762787,,,0.6200000047683716,0.5250999927520752,0.20200000703334808,0.8500000238418579
02-22,,,0.7300000190734863,0.8199999928474426,,,0.5210000276565552,0.5799999833106995,0.5799999833106995,0.21119999885559082,
02-23,,,0.7300000190734863,,,0.7599999904632568,0.5210000276565552,0.5220000147819519,0.5799999833106995,,
02-24,,,0.7300000190734863,,0.3400000035762787,0.7599999904632568,0.5210000276565552,0.6129999756813049,,,0.8254899978637695
02-25,,5.5,,0.8199999928474426,0.3400000035762787,0.7599999904632568,0.5210000276565552,,,0.2102999985218048,0.7651600241661072
02-26,,,,0.8199999928474426,0.3400000035762787,0.7599999904632568,0.5210000276565552,,0.5386000275611877,0.21199999749660492,0.7400000095367432
02-27,,,0.7300000190734863,0.8199999928474426,0.3400000035762787,0.7599999904632568,,0.6129999756813049,0.520799994468689,0.21140000224113464,0.6399999856948853
02-28,,,0.7300000190734863,0.8199999928474426,0.3400000035762787,,,0.5799999833106995,0.5120000243186951,0.21140000224113464,0.6071000099182129
02-29,,,0.7300000190734863,,,,0.49900001287460327,,,,
03-01,,6.925000190734863,0.7300000190734863,0.8199999928474426,,,0.49900001287460327,0.49399998784065247,0.5120000243186951,0.23199999332427979,
03-02,,,0.7300000190734863,,,0.7599999904632568,0.49900001287460327,0.49399998784065247,0.5396000146865845,,0.6880000233650208
03-03,,6.949999809265137,,,0.3400000035762787,0.7599999904632568,0.49900001287460327,0.5,,,0.6899999976158142
03-04,,7.5,,0.8199999928474426,0.3400000035762787,0.7599999904632568,0.49900001287460327,,,0.2745000123977661,0.7289000153541565
03-05,2.5,,0.7300000190734863,0.8199999928474426,0.3400000035762787,0.7599999904632568,,,0.5270000100135803,0.27730000019073486,0.75
03-06,,,0.7300000190734863,0.8199999928474426,0.3400000035762787,0.7599999904632568,,0.5720000267028809,0.5049999952316284,0.26899999380111694,0.6800000071525574
03-07,,,0.7300000190734863,0.8199999928474426,0.3400000035762787,,0.49900001287460327,0.5720000267028809,0.5169000029563904,0.26969999074935913,
03-08,,,0.7300000190734863,0.8199999928474426,,,0.699999988079071,0.5699999928474426,0.4941999912261963,0.27250000834465027,
03-09,,,0.7300000190734863,,,0.7599999904632568,0.6700000166893005,0.5699999928474426,0.5112000107765198,,0.6100000143051147
03-10,,,,,0.3400000035762787,0.7599999904632568,0.6700000166893005,0.5799999833106995,,,0.6309999823570251
03-11,,,,0.8199999928474426,0.3400000035762787,0.7599999904632568,0.6700000166893005,,,0.26669999957084656,0.5649999976158142
03-12,,,0.7300000190734863,0.8199999928474426,0.3400000035762787,0.7599999904632568,,,0.5120000243186951,0.27000001072883606,0.4749999940395355
03-13,,,0.7300000190734863,0.8199999928474426,0.3400000035762787,0.5199999809265137,,0.5699999928474426,0.5350000262260437,0.26570001244544983,0.450080007314682
03-14,,,0.7300000190734863,0.8199999928474426,0.3400000035762787,,0.6700000166893005,0.49300000071525574,0.515500009059906,0.26499998569488525,
03-15,,,0.7300000190734863,0.8199999928474426,,,0.6299999952316284,0.5799999833106995,0.4860000014305115,0.26820001006126404,
03-16,,,0.7300000190734863,,,0.5199999809265137,0.5899999737739563,0.5799999833106995,0.5,,0.4986000061035156
03-17,,,,,0.3400000035762787,0.5199999809265137,0.5899999737739563,0.550000011920929,,,0.5820000171661377
03-18,,,,0.8199999928474426,0.3400000035762787,0.5199999809265137,0.5899999737739563,,,0.26809999346733093,0.5274999737739563
03-19,,,0.7300000190734863,0.8199999928474426,0.3400000035762787,0.5199999809265137,,,0.4699999988079071,0.25999999046325684,0.5299999713897705
03-20,,,0.7300000190734863,0.8199999928474426,0.3400000035762787,0.5199999809265137,,0.6000000238418579,0.46000000834465027,0.26350000500679016,0.5235999822616577
03-21,,6.139999866485596,0.7300000190734863,0.8199999928474426,0.3400000035762787,,0.5899999737739563,0.6000000238418579,0.4650000035762787,0.2637999951839447,
03-22,,,0.7300000190734863,0.8199999928474426,,,0.5899999737739563,0.4970000088214874,0.4620000123977661,0.27000001072883606,
03-23,,,0.7300000190734863,,,0.5199999809265137,0.5899999737739563,0.4970000088214874,0.5008000135421753,,0.5059999823570251
03-24,1.649999976158142,,,,0.3400000035762787,0.5199999809265137,0.5899999737739563,0.4970000088214874,,,0.5799999833106995
03-25,,,,0.8199999928474426,0.3400000035762787,0.5199999809265137,,,,0.27799999713897705,0.5879999995231628
03-26,,,0.7300000190734863,0.8199999928474426,0.3400000035762787,0.5199999809265137,,,0.47099998593330383,0.30869999527931213,0.6019999980926514
03-27,,,0.7300000190734863,0.8199999928474426,0.3400000035762787,0.5199999809265137,,0.4090000092983246,0.45509999990463257,0.30570000410079956,0.5899999737739563
03-28,,,0.7300000190734863,0.8199999928474426,0.3400000035762787,,0.5899999737739563,0.550000011920929,0.4447999894618988,0.3125,
03-29,,,0.7300000190734863,,,,0.5899999737739563,0.5379999876022339,0.46140000224113464,0.3174999952316284,
03-30,,,0.7300000190734863,,,0.5199999809265137,0.5899999737739563,0.5,,,0.578000009059906
03-31,,,,,0.3400000035762787,0.5199999809265137,0.5899999737739563,0.5,,,0.5561400055885315
04-01,,,,0.8199999928474426,0.3400000035762787,0.5199999809265137,0.5899999737739563,,,0.32679998874664307,0.5816599726676941
04-02,,,0.7300000190734863,0.8199999928474426,0.3400000035762787,0.5199999809265137,,,0.42980000376701355,0.30880001187324524,0.6115000247955322
04-03,,,0.7300000190734863,0.8199999928474426,0.3400000035762787,,,0.4959999918937683,0.4392000138759613,0.31154999136924744,0.6150000095367432
04-04,,,0.7300000190734863,0.8199999928474426,0.3400000035762787,,0.5899999737739563,0.4959999918937683,0.44999998807907104,0.3131999969482422,
04-05,,5.440000057220459,0.7300000190734863,0.8199999928474426,,,0.75,0.4959999918937683,0.4415999948978424,0.3131999969482422,
04-06,,,,,,0.5199999809265137,0.75,0.4959999918937683,0.4496999979019165,,0.6665499806404114
04-07,,,,,0.3400000035762787,0.5199999809265137,0.75,0.4959999918937683,,,0.6349999904632568
04-08,,5.5,,0.8199999928474426,0.3400000035762787,0.5199999809265137,0.75,,,0.3783000111579895,0.6600000262260437
04-09,,,0.7300000190734863,0.8199999928474426,0.7580000162124634,0.5199999809265137,,,0.43799999356269836,0.36809998750686646,0.6832000017166138
04-10,,,0.7300000190734863,0.8199999928474426,0.7580000162124634,0.5199999809265137,,0.49000000953674316,0.41600000858306885,0.357699990272522,
04-11,,,0.7300000190734863,0.8199999928474426,0.7580000162124634,,0.6399999856948853,0.49900001287460327,0.39899998903274536,0.36000001430511475,
04-12,,,0.7300000190734863,0.8199999928474426,,,0.6610000133514404,0.49900001287460327,0.38999998569488525,0.33410000801086426,
04-13,,,0.7300000190734863,,,0.5199999809265137,0.6389999985694885,0.49900001287460327,0.4009999930858612,,0.699999988079071
04-14,,,,,0.7580000162124634,0.5199999809265137,0.6420000195503235,,,,0.699999988079071
04-15,,,,0.8199999928474426,0.7580000162124634,0.5199999809265137,0.6420000195503235,,,0.3100000023841858,0.6629999876022339
04-16,,,0.7300000190734863,0.8199999928474426,0.7580000162124634,0.5199999809265137,,,0.41499999165534973,0.33500000834465027,0.699999988079071
04-17,,,0.7300000190734863,0.8199999928474426,0.7580000162124634,0.5199999809265137,,0.5400000214576721,0.42800000309944153,0.3400000035762787,0.6850000023841858
04-18,,5.420000076293945,0.7300000190734863,0.8199999928474426,,,0.6000000238418579,0.5400000214576721,0.4068000018596649,0.3492000102996826,
04-19,,,0.7300000190734863,0.8199999928474426,,,0.6209999918937683,0.5,0.4047999978065491,,
04-20,,4.71999979019165,0.7300000190734863,,,0.5199999809265137,0.6209999918937683,0.49399998784065247,0.39500001072883606,,0.6898000240325928
04-21,,4.735000133514404,,,0.7580000162124634,0.5199999809265137,0.5320000052452087,0.49399998784065247,,,0.6917999982833862
04-22,,,,0.8199999928474426,0.7580000162124634,0.5199999809265137,0.5320000052452087,,,0.34700000286102295,0.7318000197410583
04-23,,,0.7300000190734863,0.8199999928474426,0.7580000162124634,0.5199999809265137,,,0.38947999477386475,0.35199999809265137,0.7426999807357788
04-24,,,0.7300000190734863,0.8199999928474426,0.7580000162124634,0.5199999809265137,,0.5400000214576721,0.3723999857902527,0.33000001311302185,0.7129999995231628
04-25,,,0.7300000190734863,0.8199999928474426,0.7580000162124634,,0.6000000238418579,0.5189999938011169,0.375110000371933,0.3547999858856201,
04-26,,5.0,0.7300000190734863,0.8199999928474426,,,0.6000000238418579,0.5189999938011169,0.3741999864578247,0.3443000018596649,
04-27,,,0.7300000190734863,,,0.5199999809265137,0.6000000238418579,0.515999972820282,0.375,,0.6797000169754028
04-28,,,,,0.7580000162124634,0.5199999809265137,0.6000000238418579,0.515999972820282,,,0.7111999988555908
04-29,2.740000009536743,,,0.8199999928474426,0.7580000162124634,0.5199999809265137,0.6000000238418579,,,0.3546999990940094,0.7276999950408936
04-30,,,0.7300000190734863,0.8199999928474426,0.7580000162124634,0.5199999809265137,,,0.3659000098705292,0.3659999966621399,0.7391899824142456
05-01,,,0.7300000190734863,0.8199999928474426,0.7580000162124634,0.5199999809265137,,0.515999972820282,0.3869999945163727,0.36000001430511475,0.7059999704360962
05-02,,,0.7300000190734863,0.8199999928474426,0.7580000162124634,,0.6000000238418579,0.515999972820282,0.3919999897480011,0.3499999940395355,
05-03,,5.510000228881836,0.7300000190734863,0.8199999928474426,,,0.6000000238418579,0.515999972820282,0.4035699963569641,0.3499999940395355,
05-04,,5.0,0.7300000190734863,,,0.5199999809265137,0.6000000238418579,0.515999972820282,0.38420000672340393,,0.7143999934196472
05-05,,,,,0.7580000162124634,0.5199999809265137,0.6700000166893005,0.515999972820282,,,0.7634000182151794
05-06,,5.730000019073486,,0.8199999928474426,0.7580000162124634,0.5199999809265137,0.6700000166893005,,,0.36000001430511475,0.7300000190734863
05-07,,,0.7300000190734863,0.8199999928474426,0.7580000162124634,0.5199999809265137,,,0.3790000081062317,0.3449999988079071,0.794700026512146
05-08,,,0.7300000190734863,0.8199999928474426,0.7580000162124634,0.5199999809265137,,0.5299999713897705,0.3840000033378601,0.3662000000476837,0.800000011920929
05-09,,,0.7300000190734863,0.8199999928474426,0.7580000162124634,,0.6700000166893005,0.5299999713897705,0.4099999964237213,0.3660700023174286,
05-10,2.1549999713897705,5.454999923706055,0.7300000190734863,0.8199999928474426,,,0.6700000166893005,0.5299999713897705,0.41830000281333923,0.36000001430511475,
05-11,,5.985000133514404,0.7300000190734863,,,0.5199999809265137,0.6700000166893005,0.5299999713897705,0.41190001368522644,,0.8181999921798706
05-12,,,,,0.7580000162124634,0.5199999809265137,0.5419999957084656,0.5299999713897705,,,0.800000011920929
05-13,1.9700000286102295,5.934999942779541,,0.8199999928474426,0.7580000162124634,0.5199999809265137,0.5320000052452087,,,0.35120001435279846,0.7699999809265137
05-14,,,0.7300000190734863,0.8199999928474426,0.7580000162124634,0.5199999809265137,,,0.37860000133514404,0.3546999990940094,0.7950000166893005
05-15,,,0.7300000190734863,0.8199999928474426,0.7580000162124634,0.5199999809265137,,0.5299999713897705,0.4000000059604645,0.3210799992084503,0.8084999918937683
05-16,,,0.8650000095367432,0.8199999928474426,0.7580000162124634,,0.5320000052452087,0.527999997138977,0.3889999985694885,0.3199999928474426,
05-17,,5.380000114440918,0.8650000095367432,0.8199999928474426,,,0.7170000076293945,0.5299999713897705,0.3846000134944916,0.3138999938964844,
05-18,,5.349999904632568,0.8650000095367432,,,0.5199999809265137,0.7170000076293945,0.5299999713897705,0.38499999046325684,,0.8500000238418579
05-19,2.1449999809265137,4.900000095367432,,,0.7580000162124634,0.5199999809265137,0.5529999732971191,0.49399998784065247,,,0.8807399868965149
05-20,,,,0.8199999928474426,0.7580000162124634,0.5199999809265137,0.5529999732971191,,,0.3199999928474426,0.8863999843597412
05-21,,,0.8650000095367432,0.8199999928474426,0.7580000162124634,0.5199999809265137,,,0.41600000858306885,0.30889999866485596,0.8654000163078308
05-22,,,0.8650000095367432,0.8199999928474426,0.7580000162124634,0.5199999809265137,,0.49399998784065247,0.38499999046325684,0.30149999260902405,0.8700000047683716
05-23,,,0.8650000095367432,0.8199999928474426,0.7580000162124634,,0.5529999732971191,0.3959999978542328,0.37700000405311584,0.30149999260902405,
05-24,,4.090000152587891,0.8650000095367432,0.8199999928474426,,,0.5529999732971191,0.5,0.3700000047683716,0.30149999260902405,
05-25,,4.5,0.8650000095367432,,,,0.5529999732971191,0.4099999964237213,0.3700000047683716,,
05-26,,,,,,0.5199999809265137,0.5529999732971191,0.4000000059604645,,,0.8500000238418579
05-27,,,,,0.8600000143051147,0.5199999809265137,0.5529999732971191,,,,0.8466600179672241
05-28,,,,0.8199999928474426,0.8600000143051147,0.5199999809265137,,,,0.31929999589920044,0.8690000176429749
05-29,,,0.8650000095367432,0.8199999928474426,0.8600000143051147,0.5199999809265137,,,0.36800000071525574,0.31929999589920044,0.8650000095367432
05-30,,,0.8650000095367432,0.8199999928474426,0.8600000143051147,,,0.4300000071525574,0.3386000096797943,0.28700000047683716,
05-31,,,0.8650000095367432,0.8199999928474426,,,0.5529999732971191,0.4300000071525574,0.3465000092983246,0.2833999991416931,
06-01,,3.75,0.17299999296665192,,,0.5199999809265137,0.5529999732971191,0.4309999942779541,0.32190001010894775,,0.9200000166893005
06-02,,,,,0.8600000143051147,0.5199999809265137,0.5529999732971191,0.38199999928474426,,,1.0088000297546387
06-03,,,,0.8199999928474426,0.8600000143051147,0.5199999809265137,0.5529999732971191,,,0.3149000108242035,0.9800999760627747
06-04,,,0.17299999296665192,0.8199999928474426,0.8600000143051147,0.5199999809265137,,,0.3172000050544739,0.31200000643730164,1.0099999904632568
06-05,,,0.17299999296665192,0.8199999928474426,0.8600000143051147,0.5199999809265137,,0.46000000834465027,0.32170000672340393,0.3368000090122223,0.9916800260543823
06-06,,,0.17299999296665192,0.8199999928474426,0.8600000143051147,,0.6520000100135803,0.44999998807907104,0.3156000077724457,0.32265999913215637,
06-07,,,0.17299999296665192,0.8199999928474426,,,0.6520000100135803,0.44999998807907104,0.3188000023365021,0.33489999175071716,
06-08,,,0.17299999296665192,,,0.5199999809265137,0.6520000100135803,0.44999998807907104,0.31905001401901245,,0.9660000205039978
06-09,,,,,0.8600000143051147,0.5199999809265137,0.800000011920929,0.44999998807907104,,,0.9800000190734863
06-10,,3.3299999237060547,,0.8199999928474426,0.949999988079071,0.5,0.800000011920929,,,0.31029999256134033,1.0299999713897705
06-11,,,0.17299999296665192,0.8199999928474426,0.949999988079071,0.5,,,0.3149999976158142,0.31029999256134033,1.0
06-12,,,0.17299999296665192,0.8199999928474426,0.949999988079071,0.5,,0.44999998807907104,0.3199000060558319,0.3122999966144562,1.0
06-13,,,0.17299999296665192,0.8199999928474426,0.949999988079071,,0.800000011920929,0.44999998807907104,0.3199000060558319,0.3100000023841858,
06-14,,,0.17299999296665192,0.8199999928474426,,,0.800000011920929,0.44999998807907104,0.33000001311302185,0.3149999976158142,
06-15,,3.315000057220459,0.17299999296665192,,,0.5,0.800000011920929,0.44999998807907104,0.31310001015663147,,0.9977999925613403
06-16,,,,,1.0360000133514404,0.5,0.6019999980926514,0.4699999988079071,,,1.0124000310897827
06-17,,,,0.8199999928474426,1.0360000133514404,0.5,0.6110000014305115,,,0.31975001096725464,1.149999976158142
06-18,,,0.17299999296665192,0.8199999928474426,1.0360000133514404,0.5,,,0.31679999828338623,0.32100000977516174,1.1299999952316284
06-19,,,0.17299999296665192,0.8199999928474426,1.0360000133514404,0.5,,0.4699999988079071,0.31940001249313354,0.29420000314712524,1.2253999710083008
06-20,,,0.17299999296665192,0.8199999928474426,1.0360000133514404,,0.7099999785423279,0.4300000071525574,0.31940001249313354,0.3149999976158142,
06-21,,,0.17299999296665192,0.8199999928474426,,,0.6129999756813049,0.4300000071525574,0.31130000948905945,0.31453999876976013,
06-22,,4.300000190734863,0.17299999296665192,,,0.5,0.6499999761581421,0.4300000071525574,0.30309998989105225,,1.2899999618530273
06-23,,,,,1.0360000133514404,0.5,0.6499999761581421,0.4300000071525574,,,1.3473199605941772
06-24,,,,0.8199999928474426,1.0360000133514404,0.5,0.6499999761581421,,,0.3179999887943268,1.292449951171875
06-25,,,0.17299999296665192,0.8199999928474426,1.0360000133514404,0.5,,,0.29499998688697815,0.3174999952316284,1.3281999826431274
06-26,,,0.17299999296665192,0.8199999928474426,1.0360000133514404,0.5,,0.4300000071525574,0.2847999930381775,0.3107999861240387,1.305400013923645
06-27,,3.2950000762939453,0.17299999296665192,0.8199999928474426,1.0360000133514404,,0.6499999761581421,0.4300000071525574,0.2824000120162964,0.29499998688697815,
06-28,,,0.17299999296665192,0.8199999928474426,,,0.6499999761581421,0.39500001072883606,0.2955000102519989,0.27399998903274536,
06-29,,,0.17299999296665192,,,0.5,0.7609999775886536,0.4399999976158142,0.299699991941452,,1.3014999628067017
06-30,,,,,1.0360000133514404,0.5,0.7429999709129333,0.4399999976158142,,,1.409999966621399
07-01,,,,0.8199999928474426,1.0360000133514404,0.5,0.7429999709129333,,,0.2800000011920929,1.4800000190734863
07-02,,,0.17299999296665192,0.8199999928474426,1.0360000133514404,0.5,,,0.3240000009536743,0.2800000011920929,1.4286999702453613
07-03,,,0.17299999296665192,0.8199999928474426,1.0360000133514404,,,0.4399999976158142,0.32589998841285706,0.28600001335144043,
07-05,,3.125,0.17299999296665192,0.8199999928474426,,,0.7429999709129333,0.4399999976158142,0.3190000057220459,0.2720099985599518,
07-06,,,0.17299999296665192,,,0.5,0.878000020980835,0.4399999976158142,0.32760000228881836,,1.6799999475479126
07-07,,,,,1.0360000133514404,0.5,1.027999997138977,0.4399999976158142,,,1.8849999904632568
07-08,,,,0.8199999928474426,1.0360000133514404,0.6000000238418579,1.027999997138977,,,0.2709999978542328,1.8799999952316284
07-09,,,0.17299999296665192,0.8199999928474426,1.0360000133514404,0.6100000143051147,,,0.3546999990940094,0.27000001072883606,1.8768999576568604
07-10,,,0.17299999296665192,0.8199999928474426,1.0360000133514404,0.6000000238418579,,0.4399999976158142,0.3214699923992157,0.2816999852657318,1.9299999475479126
07-11,,,0.17299999296665192,0.8199999928474426,1.0360000133514404,,1.0800000429153442,0.4399999976158142,0.35600000619888306,0.2847999930381775,
07-12,,,0.17299999296665192,0.8199999928474426,,,1.0679999589920044,0.4399999976158142,0.35120001435279846,0.27320000529289246,
07-13,,,0.17299999296665192,,,0.6000000238418579,1.149999976158142,0.4399999976158142,0.3619000017642975,,1.7799999713897705
07-14,,3.140000104904175,,,1.0360000133514404,0.6000000238418579,1.1779999732971191,0.4099999964237213,,,1.7081999778747559
07-15,,,,0.8199999928474426,1.0360000133514404,0.6000000238418579,1.1699999570846558,,,0.29420000314712524,1.7999999523162842
07-16,,,0.17299999296665192,0.8199999928474426,1.0360000133514404,0.6000000238418579,,,0.36500000953674316,0.29420000314712524,1.7390999794006348
07-17,,,0.17299999296665192,0.8199999928474426,1.0360000133514404,0.6000000238418579,,0.4099999964237213,0.35600000619888306,0.296999990940094,1.809999942779541
07-18,,,0.17299999296665192,0.8199999928474426,1.0360000133514404,,1.031000018119812,0.4099999964237213,0.3499999940395355,0.2879999876022339,
07-19,,,0.17299999296665192,0.8199999928474426,,,1.0230000019073486,0.4099999964237213,0.33899998664855957,0.30000001192092896,
07-20,,,0.17299999296665192,,,0.6000000238418579,1.159999966621399,0.4099999964237213,0.33899998664855957,,1.9499000310897827
07-21,,2.6500000953674316,,,1.0360000133514404,0.6000000238418579,1.2039999961853027,0.4099999964237213,,,2.200000047683716
07-22,,2.884999990463257,,0.8199999928474426,1.0360000133514404,0.6000000238418579,1.2089999914169312,,,0.30799999833106995,2.175600051879883
07-23,,,0.17299999296665192,0.8199999928474426,1.0360000133514404,0.6000000238418579,,,0.3255999982357025,0.30300000309944153,2.194999933242798
07-24,,,0.5,0.8199999928474426,1.0360000133514404,0.6000000238418579,,0.4099999964237213,0.3095000088214874,0.29490000009536743,2.2049999237060547
07-25,,2.5,0.5,0.8199999928474426,1.0360000133514404,,1.1469999551773071,0.4099999964237213,0.3027999997138977,0.289000004529953,
07-26,,,0.5,0.8199999928474426,,,1.156000018119812,0.4099999964237213,0.30239999294281006,0.27900001406669617,
07-27,,,0.5,,,0.6000000238418579,1.159999966621399,0.4099999964237213,0.3143399953842163,,2.2200000286102295
07-28,,,,,1.0360000133514404,0.6000000238418579,1.2280000448226929,0.4099999964237213,,,2.1489999294281006
07-29,,,,0.8199999928474426,1.0360000133514404,0.6000000238418579,1.2389999628067017,,,0.271699994802475,2.0905001163482666
07-30,,,0.5,0.8199999928474426,1.0360000133514404,0.6499999761581421,,,0.2810699939727783,0.2736000120639801,2.0269999504089355
07-31,,,0.5,0.8199999928474426,1.0360000133514404,0.8700000047683716,,0.4300000071525574,0.29330000281333923,0.2736000120639801,2.078399896621704
08-01,,,0.5,0.8199999928474426,1.0360000133514404,,1.0,0.4300000071525574,0.29330000281333923,0.262800008058548,
08-02,,,0.5,0.8199999928474426,,,1.2999999523162842,0.4300000071525574,0.2822999954223633,0.2800000011920929,
08-03,,,0.5,,,0.8700000047683716,1.503999948501587,0.4790000021457672,0.2797999978065491,,2.0399999618530273
08-04,,,,,1.0360000133514404,0.6299999952316284,1.5099999904632568,0.4790000021457672,,,2.159899950027466
08-05,,2.799999952316284,,0.8199999928474426,1.0360000133514404,0.6650000214576721,1.4520000219345093,,,0.3310000002384186,2.1500000953674316
08-06,,,0.5,0.8199999928474426,1.0360000133514404,0.6650000214576721,,,0.27000001072883606,0.2930000126361847,2.223099946975708
08-07,,,0.5,0.8199999928474426,1.0360000133514404,0.6650000214576721,,0.4790000021457672,0.25999999046325684,0.3107999861240387,2.1600000858306885
08-08,,,0.5,0.8199999928474426,1.0360000133514404,,1.4240000247955322,0.48500001430511475,0.25,0.30250000953674316,
08-09,,,0.5,0.8199999928474426,,,1.399999976158142,0.5239999890327454,0.2353000044822693,0.30855000019073486,
08-10,,,0.5,,,0.7599999904632568,1.4800000190734863,0.5299999713897705,0.24969999492168427,,2.0999999046325684
08-11,,,,,1.0360000133514404,0.7599999904632568,1.399999976158142,0.5299999713897705,,,1.9800000190734863
08-12,,,,0.8199999928474426,1.0360000133514404,0.8100000023841858,1.371000051498413,,,0.29899999499320984,1.9448299407958984
08-13,2.6549999713897705,,0.5,0.8199999928474426,1.0360000133514404,0.8100000023841858,,,0.2619999945163727,0.29280000925064087,2.0255000591278076
08-14,,,0.5,0.8199999928474426,1.0360000133514404,0.8100000023841858,,0.5299999713897705,0.24230000376701355,0.28999999165534973,1.9700000286102295
08-15,,,0.5,0.8199999928474426,1.0360000133514404,,1.2970000505447388,0.46000000834465027,0.23000000417232513,0.28154000639915466,
08-16,2.6449999809265137,,0.5,0.8199999928474426,,,1.2999999523162842,0.46000000834465027,0.23999999463558197,0.28999999165534973,
08-17,,,0.5,,,0.7900000214576721,1.2999999523162842,0.46000000834465027,0.2549999952316284,,2.0999999046325684
08-18,,,,,1.0360000133514404,0.7799999713897705,1.2999999523162842,0.4399999976158142,,,2.1098999977111816
08-19,,,,0.8199999928474426,1.0360000133514404,0.7799999713897705,1.2999999523162842,,,0.28999999165534973,1.9850000143051147
08-20,,,0.5,0.8199999928474426,1.0360000133514404,0.5540000200271606,,,0.25999999046325684,0.28700000047683716,1.998900055885315
08-21,,,0.5,0.8199999928474426,1.0360000133514404,0.6600000262260437,,0.4300000071525574,0.24500000476837158,0.3059000074863434,1.9672000408172607
08-22,,,0.5,0.8199999928474426,1.0360000133514404,,1.284999966621399,0.4300000071525574,0.3050000071525574,0.30970001220703125,
08-23,2.950000047683716,,0.5,0.8199999928474426,,,1.1050000190734863,0.44999998807907104,0.3197999894618988,0.29750001430511475,
08-24,2.950000047683716,,0.5,,,0.6600000262260437,1.1050000190734863,0.44999998807907104,0.39399999380111694,,2.0
08-25,,,,,1.0360000133514404,0.6600000262260437,1.1030000448226929,0.44999998807907104,,,1.9700000286102295
08-26,,2.7750000953674316,,0.8199999928474426,1.0360000133514404,0.6600000262260437,1.1100000143051147,,,0.3140000104904175,1.9800000190734863
08-27,,,0.5,0.8199999928474426,1.0360000133514404,0.6600000262260437,,,0.41940000653266907,0.2973000109195709,1.9800000190734863
08-28,,,0.5,0.8199999928474426,1.0360000133514404,0.6600000262260437,,0.5,0.3856000006198883,0.2836900055408478,2.0399999618530273
08-29,,,0.5,0.8199999928474426,1.0360000133514404,,0.9399999976158142,0.5,0.35850000381469727,0.2750000059604645,
08-30,,2.299999952316284,0.5,0.8199999928474426,,,0.9399999976158142,0.4699999988079071,0.3977000117301941,0.3050000071525574,
08-31,,,0.5,,,0.6600000262260437,0.9330000281333923,0.5080000162124634,0.415800005197525,,2.2730000019073486
09-01,,,,,,0.6600000262260437,0.9330000281333923,0.5400000214576721,,,2.2100000381469727
09-02,,2.5,,,1.0360000133514404,0.6100000143051147,0.9330000281333923,,,,2.2300000190734863
09-03,,,,0.8199999928474426,1.0360000133514404,0.5180000066757202,,,,0.30790001153945923,2.297300100326538
09-04,,,0.8199999928474426,0.8199999928474426,1.0360000133514404,0.6800000071525574,,,0.41339999437332153,0.30799999833106995,2.4800000190734863
09-05,,,0.8199999928474426,0.8199999928474426,1.0360000133514404,,,0.4970000088214874,0.450300008058548,0.3059999942779541,
09-06,,2.4000000953674316,0.8199999928474426,0.8199999928474426,,,0.9330000281333923,0.47999998927116394,0.37389999628067017,0.2978000044822693,
09-07,,2.4100000858306885,0.8199999928474426,,,,1.1440000534057617,0.550000011920929,0.37389999628067017,,
09-08,,2.130000114440918,,,1.0360000133514404,0.6800000071525574,0.9929999709129333,0.5239999890327454,,,2.4100000858306885
09-09,,2.5,,0.8199999928474426,1.0360000133514404,0.6800000071525574,0.968999981880188,,,0.3077999949455261,2.4000000953674316
09-10,,,0.8199999928474426,0.8199999928474426,1.0360000133514404,0.6800000071525574,,,0.4812999963760376,0.3140000104904175,2.299999952316284
09-11,,,0.8199999928474426,0.8199999928474426,1.0360000133514404,0.5,,0.5239999890327454,0.4537000060081482,0.3070000112056732,2.319999933242798
09-12,,,0.8199999928474426,0.8199999928474426,1.0360000133514404,,1.0920000076293945,0.5239999890327454,0.43549999594688416,0.30799999833106995,
09-13,,,0.8199999928474426,0.8199999928474426,,,1.0299999713897705,0.550000011920929,0.4099999964237213,0.3370000123977661,
09-14,3.200000047683716,,0.8199999928474426,,,0.5,1.0299999713897705,0.5899999737739563,0.42500001192092896,,2.390000104904175
09-15,,,,,0.6100000143051147,0.5,1.312999963760376,0.6290000081062317,,,2.3499999046325684
09-16,,,,0.8199999928474426,0.6100000143051147,0.5,1.25,,,0.33500000834465027,2.295599937438965
09-17,,,0.8199999928474426,0.8199999928474426,0.6100000143051147,0.5,,,0.41850000619888306,0.33500000834465027,2.3499999046325684
09-18,,,0.8199999928474426,0.8199999928474426,0.6100000143051147,0.5,,0.6200000047683716,0.38690000772476196,0.33000001311302185,
09-19,,,0.8199999928474426,0.8199999928474426,0.6100000143051147,,1.2719999551773071,0.6000000238418579,0.41290000081062317,0.32109999656677246,
09-20,,,0.8199999928474426,0.8199999928474426,,,1.1549999713897705,0.6200000047683716,0.39719998836517334,0.32899999618530273,
09-21,,,0.8199999928474426,,,0.5,1.0509999990463257,0.5799999833106995,0.3659999966621399,,2.1684000492095947
09-22,,,,,0.6100000143051147,0.5839999914169312,1.2369999885559082,0.6200000047683716,,,2.0492000579833984
09-23,,,,0.8199999928474426,0.6100000143051147,0.5839999914169312,1.1410000324249268,,,0.33559998869895935,2.0
09-24,,,0.8199999928474426,0.8199999928474426,0.6100000143051147,0.5839999914169312,,,0.38999998569488525,0.34369999170303345,2.0292000770568848
09-25,,,0.8199999928474426,0.8199999928474426,0.6100000143051147,0.5440000295639038,,0.6000000238418579,0.36800000071525574,0.3451499938964844,2.0171000957489014
09-26,,,0.8199999928474426,0.8199999928474426,0.6100000143051147,,1.2309999465942383,0.6000000238418579,0.36000001430511475,0.3451499938964844,
09-27,,,0.8199999928474426,0.8199999928474426,,,1.190000057220459,0.6100000143051147,0.350600004196167,0.3472999930381775,
09-28,,,0.8199999928474426,,,0.5440000295639038,1.190000057220459,0.5799999833106995,0.35600000619888306,,2.0999999046325684
09-29,,,,,0.6100000143051147,0.5440000295639038,1.2000000476837158,0.5799999833106995,,,2.1017000675201416
09-30,,2.3949999809265137,,0.8199999928474426,0.6100000143051147,0.5440000295639038,1.2000000476837158,,,0.3361000120639801,2.0299999713897705
10-01,,,0.8199999928474426,0.8199999928474426,0.6100000143051147,0.5440000295639038,,,0.37770000100135803,0.33000001311302185,2.0460000038146973
10-02,,,0.8199999928474426,0.8199999928474426,0.6100000143051147,0.5440000295639038,,0.4699999988079071,0.3799999952316284,0.31779998540878296,1.9850000143051147
10-03,,,0.8199999928474426,0.8199999928474426,0.6100000143051147,,1.100000023841858,0.5,0.37209999561309814,0.3416000008583069,
10-04,,2.140000104904175,0.8199999928474426,0.8199999928474426,,,1.0,0.5,0.37229999899864197,0.3393000066280365,
10-05,,1.5499999523162842,0.8199999928474426,,,0.5440000295639038,1.0449999570846558,0.49000000953674316,0.35679998993873596,,1.9900000095367432
10-06,,,,,0.6100000143051147,0.5440000295639038,1.0019999742507935,0.49000000953674316,,,1.9500000476837158
10-07,,,,0.8199999928474426,0.6100000143051147,0.5440000295639038,0.949999988079071,,,0.31299999356269836,1.909999966621399
10-08,,,0.8199999928474426,0.8199999928474426,0.6100000143051147,0.5440000295639038,,,0.3756999969482422,0.3312999904155731,1.809999942779541
10-09,,,0.8199999928474426,0.8199999928474426,0.6100000143051147,0.5440000295639038,,0.49000000953674316,0.3449999988079071,0.3303000032901764,1.9108999967575073
10-10,,,0.8199999928474426,0.8199999928474426,0.6100000143051147,,0.949999988079071,0.44999998807907104,0.3324500024318695,0.33000001311302185,
10-11,,,0.8199999928474426,0.8199999928474426,,,1.0,0.46000000834465027,0.33180001378059387,0.3337000012397766,
10-12,,,0.8199999928474426,,,0.5440000295639038,0.9190000295639038,0.46000000834465027,0.34564998745918274,,1.9500000476837158
10-13,,,,,0.6100000143051147,0.5440000295639038,0.8889999985694885,0.453000009059906,,,1.840399980545044
10-14,,1.475000023841858,,0.8199999928474426,0.6100000143051147,0.5440000295639038,0.8889999985694885,,,0.335999995470047,1.804800033569336
10-15,,,0.8199999928474426,0.8199999928474426,0.6100000143051147,0.6990000009536743,,,0.36000001430511475,0.33320000767707825,1.8381999731063843
10-16,,,0.8199999928474426,0.8199999928474426,0.6100000143051147,0.699999988079071,,0.453000009059906,0.33799999952316284,0.3447999954223633,1.809999942779541
10-17,,,0.8199999928474426,0.8199999928474426,0.6100000143051147,,0.8560000061988831,0.4699999988079071,0.31630000472068787,0.35359999537467957,
10-18,,,0.8199999928474426,0.8199999928474426,,,0.75,0.4699999988079071,0.32010000944137573,0.36550000309944153,
10-19,,,0.8199999928474426,,,0.699999988079071,0.8880000114440918,0.453000009059906,0.3264000117778778,,1.7799999713897705
10-20,,,,,0.6100000143051147,0.699999988079071,0.8880000114440918,0.453000009059906,,,1.8595999479293823
10-21,,,,0.8199999928474426,0.6100000143051147,0.699999988079071,0.843999981880188,,,0.38040000200271606,2.031100034713745
10-22,,,0.8199999928474426,0.8199999928474426,0.6100000143051147,0.699999988079071,,,0.33390000462532043,0.40237000584602356,2.049999952316284
10-23,,,0.8199999928474426,0.8199999928474426,0.6100000143051147,0.6399999856948853,,0.453000009059906,0.33390000462532043,0.41999998688697815,2.035599946975708
10-24,,,0.8199999928474426,0.8199999928474426,0.6100000143051147,,0.843999981880188,0.453000009059906,0.3483999967575073,0.41999998688697815,
10-25,3.680000066757202,,0.8199999928474426,0.8199999928474426,,,0.8799999952316284,0.42579999566078186,0.31439998745918274,0.4300000071525574,
10-26,,,0.8199999928474426,,,0.6399999856948853,0.8799999952316284,0.42579999566078186,0.2939000129699707,,1.881600022315979
10-27,,,,,0.6100000143051147,0.6399999856948853,0.8799999952316284,0.39469999074935913,,,1.9099899530410767
10-28,,,,0.8199999928474426,0.6100000143051147,0.6399999856948853,0.8799999952316284,,,0.41499999165534973,1.7799999713897705
10-29,,,,0.8199999928474426,0.6100000143051147,0.6399999856948853,,,0.29440000653266907,0.43024998903274536,1.7699999809265137
10-30,,,,0.8199999928474426,0.6100000143051147,0.6399999856948853,,0.38580000400543213,0.2892000079154968,0.4203000068664551,1.774399995803833
10-31,,,0.8199999928474426,0.8199999928474426,0.6100000143051147,,0.8980000019073486,0.3700000047683716,0.305400013923645,0.430400013923645,
11-01,3.950000047683716,,0.8199999928474426,0.8199999928474426,,,0.9160000085830688,0.38659998774528503,0.305400013923645,0.43560001254081726,
11-02,,,0.8199999928474426,,,0.6399999856948853,0.984000027179718,0.4081999957561493,0.289000004529953,,1.8300000429153442
11-03,,,,,0.6100000143051147,0.6399999856948853,0.9100000262260437,0.4081999957561493,,,1.864400029182434
11-04,,,,0.8199999928474426,0.6100000143051147,0.6399999856948853,0.8759999871253967,,,0.41885000467300415,1.9299999475479126
11-05,,,0.8199999928474426,0.8199999928474426,0.6100000143051147,0.6399999856948853,,,0.29490000009536743,0.44339999556541443,1.965000033378601
11-06,,,0.8199999928474426,0.8199999928474426,0.6100000143051147,0.6399999856948853,,0.4081999957561493,0.28999999165534973,0.41975000500679016,2.0155999660491943
11-07,,,0.8199999928474426,0.8199999928474426,0.6100000143051147,,0.9089999794960022,0.4081999957561493,0.27000001072883606,0.48570001125335693,
11-08,,,0.8199999928474426,0.8199999928474426,,,0.843999981880188,0.38940000534057617,0.26750001311302185,0.4887000024318695,
11-09,,,0.8199999928474426,,,0.6399999856948853,0.843999981880188,0.37299999594688416,0.25760000944137573,,1.9700000286102295
11-10,,,,,0.6100000143051147,0.6399999856948853,0.75,0.37299999594688416,,,1.9500000476837158
11-11,,,,0.8199999928474426,0.6100000143051147,0.6399999856948853,0.6399999856948853,,,0.4634000062942505,1.8200000524520874
11-12,,,0.8199999928474426,0.8199999928474426,0.6100000143051147,0.6399999856948853,,,0.25,0.4699999988079071,1.9800000190734863
11-13,,,0.8199999928474426,0.8199999928474426,0.6100000143051147,0.6399999856948853,,0.37290000915527344,0.23160000145435333,0.47040000557899475,2.009999990463257
11-14,,,0.8199999928474426,0.8199999928474426,0.6100000143051147,,0.6000000238418579,0.367000013589859,0.23229999840259552,0.4575999975204468,
11-15,3.7200000286102295,,0.8199999928474426,0.8199999928474426,,,0.6190000176429749,0.3930000066757202,0.23229999840259552,0.4530999958515167,
11-16,,,0.8199999928474426,,,0.5180000066757202,0.6019999980926514,0.3930000066757202,0.2409999966621399,,1.940000057220459
11-17,,1.475000023841858,,,0.6100000143051147,0.5180000066757202,0.5820000171661377,0.4025000035762787,,,1.9299999475479126
11-18,,1.475000023841858,,0.8199999928474426,0.6100000143051147,0.5180000066757202,0.5820000171661377,,,0.45080000162124634,1.8799999952316284
11-19,,,0.8199999928474426,0.8199999928474426,0.6100000143051147,0.5090000033378601,,,0.22939999401569366,0.4350000023841858,1.8841420412063599
11-20,,,0.8199999928474426,0.8199999928474426,0.6100000143051147,0.550000011920929,,0.45879998803138733,0.23149999976158142,0.4350000023841858,
11-21,,1.475000023841858,0.8199999928474426,0.8199999928474426,0.6100000143051147,,0.5690000057220459,0.4941999912261963,0.25429999828338623,0.46000000834465027,
11-22,,1.475000023841858,,0.8199999928474426,,,0.5099999904632568,0.5,,0.48500001430511475,
11-23,,1.475000023841858,0.8199999928474426,,,0.550000011920929,0.5989999771118164,,0.25429999828338623,,
11-24,,,,,0.6100000143051147,0.550000011920929,,0.5090000033378601,,,
11-25,,1.475000023841858,,0.8199999928474426,0.6100000143051147,0.550000011920929,0.5989999771118164,,,0.47350001335144043,
11-26,,,0.8199999928474426,0.8199999928474426,0.6100000143051147,,,,0.24500000476837158,0.45399999618530273,
11-27,,,0.8199999928474426,0.8199999928474426,,0.550000011920929,,0.49000000953674316,0.23999999463558197,0.4867999851703644,
11-28,,1.4500000476837158,0.8199999928474426,,0.6100000143051147,,0.6460000276565552,0.5083000063896179,0.2460000067949295,,
11-29,,1.4500000476837158,0.8199999928474426,0.8199999928474426,,,0.5799999833106995,0.5001000165939331,0.24310000240802765,0.4867999851703644,
11-30,,1.4500000476837158,0.8199999928474426,,,0.550000011920929,0.5799999833106995,0.48570001125335693,0.2379000037908554,,
12-01,,1.4500000476837158,,,0.6100000143051147,0.550000011920929,0.5799999833106995,0.48500001430511475,,,
12-02,,1.4500000476837158,,0.8199999928474426,0.6100000143051147,0.550000011920929,0.5799999833106995,,,0.47749999165534973,
12-03,,,0.8199999928474426,0.8199999928474426,0.6100000143051147,0.550000011920929,,,0.23000000417232513,0.47999998927116394,
12-04,,,0.8199999928474426,0.8199999928474426,0.6100000143051147,0.550000011920929,,0.48249998688697815,0.23999999463558197,0.47293999791145325,
12-05,,1.4500000476837158,0.8199999928474426,0.8199999928474426,0.6100000143051147,,0.5389999747276306,0.46700000762939453,,0.45019999146461487,
12-06,4.480000019073486,1.4500000476837158,0.8199999928474426,0.8199999928474426,,,0.5389999747276306,0.4636000096797943,0.23489999771118164,0.44999998807907104,
12-07,4.735000133514404,1.4500000476837158,0.8199999928474426,,,0.550000011920929,0.47999998927116394,0.5078999996185303,0.23499999940395355,,
12-08,,1.4500000476837158,,,0.6399999856948853,0.550000011920929,0.47999998927116394,0.5383999943733215,,,
12-09,,1.4500000476837158,,0.8199999928474426,0.6399999856948853,0.550000011920929,0.5809999704360962,,,0.44095999002456665,
12-10,,,0.8199999928474426,0.8199999928474426,0.6399999856948853,0.550000011920929,,,0.22190000116825104,0.44839999079704285,
12-11,,,0.8199999928474426,0.8199999928474426,0.6399999856948853,0.550000011920929,,0.5548999905586243,0.22220000624656677,0.4575999975204468,
12-12,,1.4500000476837158,0.8199999928474426,0.8199999928474426,0.6399999856948853,,0.5899999737739563,0.5460000038146973,0.22220000624656677,0.4499000012874603,
12-13,,1.4500000476837158,0.8199999928474426,0.8199999928474426,,,0.5899999737739563,0.5472000241279602,0.22220000624656677,0.45500001311302185,
12-14,,1.4500000476837158,0.8199999928474426,,,0.550000011920929,0.5400000214576721,0.5098999738693237,0.23000000417232513,,
12-15,,1.4500000476837158,,,0.6399999856948853,0.550000011920929,0.43799999356269836,0.48899999260902405,,,
12-16,,1.4500000476837158,,0.8199999928474426,0.6399999856948853,0.550000011920929,0.5400000214576721,,,0.4787999987602234,
12-17,,,0.8199999928474426,0.8199999928474426,0.6399999856948853,0.550000011920929,,,0.22902999818325043,0.47999998927116394,
12-18,,,0.8199999928474426,0.8199999928474426,0.6399999856948853,0.550000011920929,,0.49160000681877136,0.22450000047683716,0.4995500147342682,
12-19,,1.4500000476837158,0.8199999928474426,0.8199999928474426,0.6399999856948853,,0.5400000214576721,0.5457000136375427,0.2199999988079071,0.4999000132083893,
12-20,,1.4500000476837158,0.8199999928474426,0.8199999928474426,,,0.5400000214576721,0.5350000262260437,0.22349999845027924,0.47119998931884766,
12-21,,1.100000023841858,0.8199999928474426,,,0.550000011920929,0.5400000214576721,0.5282999873161316,0.22470000386238098,,
12-22,,1.100000023841858,,,0.6399999856948853,0.550000011920929,0.5400000214576721,0.5500500202178955,,,
12-23,,0.7300000190734863,,0.8199999928474426,0.6399999856948853,0.550000011920929,0.6000000238418579,,,0.4893999993801117,
12-24,,,0.8199999928474426,0.8199999928474426,0.6399999856948853,0.550000011920929,,,0.20819999277591705,0.4975999891757965,
12-26,,,0.8199999928474426,0.8199999928474426,0.6399999856948853,,,0.5490000247955322,0.2199999988079071,0.5199999809265137,
12-27,,0.7300000190734863,0.8199999928474426,0.8199999928474426,,,0.6000000238418579,0.5777000188827515,0.22380000352859497,0.5,
12-28,,0.7300000190734863,0.8199999928474426,,,0.550000011920929,0.6000000238418579,0.5759999752044678,0.21040000021457672,,
12-29,,0.7300000190734863,,,0.6399999856948853,0.550000011920929,0.6039999723434448,0.5482000112533569,,,
12-30,,0.7300000190734863,,0.8199999928474426,0.6399999856948853,0.550000011920929,0.5080000162124634,,,0.5019000172615051,
12-31,,,0.8199999928474426,0.8199999928474426,0.6399999856948853,0.550000011920929,,,0.2199999988079071,0.5149999856948853,
