Date,High,Low,Open,Close,Volume,Adj Close
2012-08-03,3.299999952316284,1.649999976158142,3.299999952316284,1.649999976158142,100.0,1.649999976158142
2012-08-06,1.649999976158142,1.649999976158142,1.649999976158142,1.649999976158142,0.0,1.649999976158142
2012-08-07,1.9800000190734863,0.9900000095367432,1.649999976158142,1.3200000524520874,11300.0,1.3200000524520874
2012-08-08,1.9800000190734863,0.9900000095367432,0.9900000095367432,1.9800000190734863,8200.0,1.9800000190734863
2012-08-09,2.309999942779541,0.9900000095367432,0.9900000095367432,1.3200000524520874,7900.0,1.3200000524520874
2012-08-10,2.309999942779541,1.649999976158142,1.649999976158142,1.649999976158142,1200.0,1.649999976158142
2012-08-13,1.649999976158142,1.649999976158142,1.649999976158142,1.649999976158142,0.0,1.649999976158142
2012-08-14,1.649999976158142,1.649999976158142,1.649999976158142,1.649999976158142,0.0,1.649999976158142
2012-08-15,1.649999976158142,1.3200000524520874,1.3200000524520874,1.649999976158142,100.0,1.649999976158142
2012-08-16,1.649999976158142,1.649999976158142,1.649999976158142,1.649999976158142,0.0,1.649999976158142
2012-08-17,2.9700000286102295,1.649999976158142,1.649999976158142,1.9800000190734863,1100.0,1.9800000190734863
2012-08-20,1.9800000190734863,1.9800000190734863,1.9800000190734863,1.9800000190734863,300.0,1.9800000190734863
2012-08-21,1.649999976158142,1.649999976158142,1.649999976158142,1.649999976158142,300.0,1.649999976158142
2012-08-22,1.9800000190734863,1.9800000190734863,1.9800000190734863,1.9800000190734863,300.0,1.9800000190734863
2012-08-23,1.9800000190734863,1.9800000190734863,1.9800000190734863,1.9800000190734863,200.0,1.9800000190734863
2012-08-24,1.9800000190734863,1.9800000190734863,1.9800000190734863,1.9800000190734863,0.0,1.9800000190734863
2012-08-27,1.9800000190734863,1.9800000190734863,1.9800000190734863,1.9800000190734863,0.0,1.9800000190734863
2012-08-28,1.9800000190734863,1.9800000190734863,1.9800000190734863,1.9800000190734863,0.0,1.9800000190734863
2012-08-29,1.9800000190734863,1.9800000190734863,1.9800000190734863,1.9800000190734863,0.0,1.9800000190734863
2012-08-30,1.9800000190734863,1.9800000190734863,1.9800000190734863,1.9800000190734863,0.0,1.9800000190734863
2012-08-31,2.9700000286102295,1.9800000190734863,1.9800000190734863,2.9700000286102295,3000.0,2.9700000286102295
2012-09-04,2.9700000286102295,2.9700000286102295,2.9700000286102295,2.9700000286102295,0.0,2.9700000286102295
2012-09-05,2.9700000286102295,2.9700000286102295,2.9700000286102295,2.9700000286102295,0.0,2.9700000286102295
2012-09-06,2.9700000286102295,2.9700000286102295,2.9700000286102295,2.9700000286102295,0.0,2.9700000286102295
2012-09-07,2.640000104904175,2.309999942779541,2.309999942779541,2.640000104904175,9800.0,2.640000104904175
2012-09-10,2.640000104904175,2.640000104904175,2.640000104904175,2.640000104904175,5800.0,2.640000104904175
2012-09-11,2.640000104904175,2.640000104904175,2.640000104904175,2.640000104904175,0.0,2.640000104904175
2012-09-12,2.9700000286102295,2.309999942779541,2.640000104904175,2.309999942779541,400.0,2.309999942779541
2012-09-13,2.640000104904175,2.309999942779541,2.309999942779541,2.640000104904175,0.0,2.640000104904175
2012-09-14,2.640000104904175,2.640000104904175,2.640000104904175,2.640000104904175,0.0,2.640000104904175
2012-09-17,2.640000104904175,2.640000104904175,2.640000104904175,2.640000104904175,400.0,2.640000104904175
2012-09-18,2.640000104904175,2.640000104904175,2.640000104904175,2.640000104904175,0.0,2.640000104904175
2012-09-19,2.640000104904175,2.640000104904175,2.640000104904175,2.640000104904175,0.0,2.640000104904175
2012-09-20,2.640000104904175,2.640000104904175,2.640000104904175,2.640000104904175,0.0,2.640000104904175
2012-09-21,2.640000104904175,2.640000104904175,2.640000104904175,2.640000104904175,0.0,2.640000104904175
2012-09-24,2.640000104904175,2.640000104904175,2.640000104904175,2.640000104904175,0.0,2.640000104904175
2012-09-25,2.640000104904175,2.640000104904175,2.640000104904175,2.640000104904175,0.0,2.640000104904175
2012-09-26,2.640000104904175,2.640000104904175,2.640000104904175,2.640000104904175,0.0,2.640000104904175
2012-09-27,2.640000104904175,2.640000104904175,2.640000104904175,2.640000104904175,0.0,2.640000104904175
2012-09-28,1.649999976158142,1.649999976158142,1.649999976158142,1.649999976158142,0.0,1.649999976158142
2012-10-01,1.649999976158142,1.649999976158142,1.649999976158142,1.649999976158142,0.0,1.649999976158142
2012-10-02,1.649999976158142,1.649999976158142,1.649999976158142,1.649999976158142,0.0,1.649999976158142
2012-10-03,1.649999976158142,1.649999976158142,1.649999976158142,1.649999976158142,0.0,1.649999976158142
2012-10-04,1.649999976158142,1.649999976158142,1.649999976158142,1.649999976158142,0.0,1.649999976158142
2012-10-05,1.649999976158142,1.649999976158142,1.649999976158142,1.649999976158142,0.0,1.649999976158142
2012-10-08,1.649999976158142,1.649999976158142,1.649999976158142,1.649999976158142,0.0,1.649999976158142
2012-10-09,1.649999976158142,1.649999976158142,1.649999976158142,1.649999976158142,0.0,1.649999976158142
2012-10-10,1.649999976158142,1.649999976158142,1.649999976158142,1.649999976158142,0.0,1.649999976158142
2012-10-11,1.649999976158142,1.649999976158142,1.649999976158142,1.649999976158142,0.0,1.649999976158142
2012-10-12,1.649999976158142,1.649999976158142,1.649999976158142,1.649999976158142,0.0,1.649999976158142
2012-10-15,1.649999976158142,1.649999976158142,1.649999976158142,1.649999976158142,0.0,1.649999976158142
2012-10-16,2.640000104904175,2.640000104904175,2.640000104904175,2.640000104904175,300.0,2.640000104904175
2012-10-17,2.640000104904175,2.640000104904175,2.640000104904175,2.640000104904175,0.0,2.640000104904175
2012-10-18,2.640000104904175,2.640000104904175,2.640000104904175,2.640000104904175,0.0,2.640000104904175
2012-10-19,2.640000104904175,2.640000104904175,2.640000104904175,2.640000104904175,0.0,2.640000104904175
2012-10-22,2.640000104904175,2.640000104904175,2.640000104904175,2.640000104904175,0.0,2.640000104904175
2012-10-23,2.640000104904175,2.640000104904175,2.640000104904175,2.640000104904175,0.0,2.640000104904175
2012-10-24,2.640000104904175,2.640000104904175,2.640000104904175,2.640000104904175,0.0,2.640000104904175
2012-10-25,2.640000104904175,2.640000104904175,2.640000104904175,2.640000104904175,0.0,2.640000104904175
2012-10-26,2.9700000286102295,2.9700000286102295,2.9700000286102295,2.9700000286102295,300.0,2.9700000286102295
2012-10-31,2.9700000286102295,2.9700000286102295,2.9700000286102295,2.9700000286102295,0.0,2.9700000286102295
2012-11-01,2.9700000286102295,2.9700000286102295,2.9700000286102295,2.9700000286102295,300.0,2.9700000286102295
2012-11-02,2.9700000286102295,2.9700000286102295,2.9700000286102295,2.9700000286102295,0.0,2.9700000286102295
2012-11-05,2.9700000286102295,2.9700000286102295,2.9700000286102295,2.9700000286102295,0.0,2.9700000286102295
2012-11-06,2.9700000286102295,2.9700000286102295,2.9700000286102295,2.9700000286102295,0.0,2.9700000286102295
2012-11-07,2.9700000286102295,2.9700000286102295,2.9700000286102295,2.9700000286102295,0.0,2.9700000286102295
2012-11-08,2.9700000286102295,2.9700000286102295,2.9700000286102295,2.9700000286102295,0.0,2.9700000286102295
2012-11-09,2.9700000286102295,2.9700000286102295,2.9700000286102295,2.9700000286102295,0.0,2.9700000286102295
2012-11-12,2.640000104904175,2.640000104904175,2.640000104904175,2.640000104904175,0.0,2.640000104904175
2012-11-13,2.9700000286102295,2.640000104904175,2.9700000286102295,2.640000104904175,0.0,2.640000104904175
2012-11-14,2.640000104904175,2.640000104904175,2.640000104904175,2.640000104904175,0.0,2.640000104904175
2012-11-15,2.640000104904175,2.640000104904175,2.640000104904175,2.640000104904175,0.0,2.640000104904175
2012-11-16,2.640000104904175,2.640000104904175,2.640000104904175,2.640000104904175,0.0,2.640000104904175
2012-11-19,2.9700000286102295,2.9700000286102295,2.9700000286102295,2.9700000286102295,0.0,2.9700000286102295
2012-11-20,2.640000104904175,2.640000104904175,2.640000104904175,2.640000104904175,0.0,2.640000104904175
2012-11-21,2.640000104904175,2.640000104904175,2.640000104904175,2.640000104904175,0.0,2.640000104904175
2012-11-23,2.9700000286102295,2.9700000286102295,2.9700000286102295,2.9700000286102295,0.0,2.9700000286102295
2012-11-26,2.9700000286102295,2.9700000286102295,2.9700000286102295,2.9700000286102295,0.0,2.9700000286102295
2012-11-27,2.9700000286102295,2.9700000286102295,2.9700000286102295,2.9700000286102295,0.0,2.9700000286102295
2012-11-28,2.9700000286102295,2.9700000286102295,2.9700000286102295,2.9700000286102295,0.0,2.9700000286102295
2012-11-29,2.9700000286102295,2.9700000286102295,2.9700000286102295,2.9700000286102295,0.0,2.9700000286102295
2012-11-30,2.9700000286102295,2.9700000286102295,2.9700000286102295,2.9700000286102295,0.0,2.9700000286102295
2012-12-03,2.9700000286102295,2.9700000286102295,2.9700000286102295,2.9700000286102295,0.0,2.9700000286102295
2012-12-04,2.9700000286102295,2.9700000286102295,2.9700000286102295,2.9700000286102295,0.0,2.9700000286102295
2012-12-05,2.9700000286102295,2.9700000286102295,2.9700000286102295,2.9700000286102295,0.0,2.9700000286102295
2012-12-06,2.9700000286102295,2.9700000286102295,2.9700000286102295,2.9700000286102295,0.0,2.9700000286102295
2012-12-07,2.9700000286102295,2.9700000286102295,2.9700000286102295,2.9700000286102295,0.0,2.9700000286102295
2012-12-10,2.9700000286102295,2.9700000286102295,2.9700000286102295,2.9700000286102295,0.0,2.9700000286102295
2012-12-11,2.640000104904175,2.640000104904175,2.640000104904175,2.640000104904175,200.0,2.640000104904175
2012-12-12,2.640000104904175,2.640000104904175,2.640000104904175,2.640000104904175,0.0,2.640000104904175
2012-12-13,2.640000104904175,2.640000104904175,2.640000104904175,2.640000104904175,0.0,2.640000104904175
2012-12-14,2.640000104904175,2.640000104904175,2.640000104904175,2.640000104904175,0.0,2.640000104904175
2012-12-17,3.299999952316284,2.640000104904175,3.299999952316284,3.299999952316284,600.0,3.299999952316284
2012-12-18,3.299999952316284,3.299999952316284,3.299999952316284,3.299999952316284,0.0,3.299999952316284
2012-12-19,3.299999952316284,3.299999952316284,3.299999952316284,3.299999952316284,0.0,3.299999952316284
2012-12-20,3.299999952316284,3.299999952316284,3.299999952316284,3.299999952316284,0.0,3.299999952316284
2012-12-21,3.299999952316284,3.299999952316284,3.299999952316284,3.299999952316284,0.0,3.299999952316284
2012-12-24,3.299999952316284,3.299999952316284,3.299999952316284,3.299999952316284,0.0,3.299999952316284
2012-12-26,3.299999952316284,3.299999952316284,3.299999952316284,3.299999952316284,0.0,3.299999952316284
2012-12-27,3.299999952316284,3.299999952316284,3.299999952316284,3.299999952316284,0.0,3.299999952316284
2012-12-28,3.299999952316284,3.299999952316284,3.299999952316284,3.299999952316284,0.0,3.299999952316284
2012-12-31,3.299999952316284,3.299999952316284,3.299999952316284,3.299999952316284,0.0,3.299999952316284
2013-01-02,3.299999952316284,3.299999952316284,3.299999952316284,3.299999952316284,0.0,3.299999952316284
2013-01-03,3.299999952316284,3.299999952316284,3.299999952316284,3.299999952316284,0.0,3.299999952316284
2013-01-04,2.640000104904175,2.640000104904175,2.640000104904175,2.640000104904175,100.0,2.640000104904175
2013-01-07,2.640000104904175,2.640000104904175,2.640000104904175,2.640000104904175,0.0,2.640000104904175
2013-01-08,2.640000104904175,2.640000104904175,2.640000104904175,2.640000104904175,0.0,2.640000104904175
2013-01-09,2.640000104904175,2.640000104904175,2.640000104904175,2.640000104904175,0.0,2.640000104904175
2013-01-10,2.640000104904175,2.640000104904175,2.640000104904175,2.640000104904175,0.0,2.640000104904175
2013-01-11,2.640000104904175,2.640000104904175,2.640000104904175,2.640000104904175,0.0,2.640000104904175
2013-01-14,2.640000104904175,2.640000104904175,2.640000104904175,2.640000104904175,2400.0,2.640000104904175
2013-01-15,2.640000104904175,2.640000104904175,2.640000104904175,2.640000104904175,3200.0,2.640000104904175
2013-01-16,2.640000104904175,2.640000104904175,2.640000104904175,2.640000104904175,0.0,2.640000104904175
2013-01-17,2.640000104904175,2.640000104904175,2.640000104904175,2.640000104904175,0.0,2.640000104904175
2013-01-18,2.640000104904175,2.640000104904175,2.640000104904175,2.640000104904175,2800.0,2.640000104904175
2013-01-22,4.949999809265137,2.9700000286102295,2.9700000286102295,4.949999809265137,0.0,4.949999809265137
2013-01-23,3.630000114440918,3.630000114440918,3.630000114440918,3.630000114440918,0.0,3.630000114440918
2013-01-24,2.9700000286102295,2.9700000286102295,2.9700000286102295,2.9700000286102295,2800.0,2.9700000286102295
2013-01-25,2.9700000286102295,2.9700000286102295,2.9700000286102295,2.9700000286102295,0.0,2.9700000286102295
2013-01-28,2.9700000286102295,2.9700000286102295,2.9700000286102295,2.9700000286102295,0.0,2.9700000286102295
2013-01-29,2.9700000286102295,2.9700000286102295,2.9700000286102295,2.9700000286102295,0.0,2.9700000286102295
2013-01-30,2.9700000286102295,2.9700000286102295,2.9700000286102295,2.9700000286102295,0.0,2.9700000286102295
2013-01-31,2.640000104904175,2.640000104904175,2.640000104904175,2.640000104904175,2800.0,2.640000104904175
2013-02-01,2.640000104904175,2.640000104904175,2.640000104904175,2.640000104904175,0.0,2.640000104904175
2013-02-04,2.640000104904175,2.640000104904175,2.640000104904175,2.640000104904175,0.0,2.640000104904175
2013-02-05,2.640000104904175,2.640000104904175,2.640000104904175,2.640000104904175,0.0,2.640000104904175
2013-02-06,2.640000104904175,2.640000104904175,2.640000104904175,2.640000104904175,0.0,2.640000104904175
2013-02-07,2.640000104904175,2.640000104904175,2.640000104904175,2.640000104904175,0.0,2.640000104904175
2013-02-08,2.640000104904175,2.640000104904175,2.640000104904175,2.640000104904175,0.0,2.640000104904175
2013-02-11,2.640000104904175,2.640000104904175,2.640000104904175,2.640000104904175,0.0,2.640000104904175
2013-02-12,3.299999952316284,1.9800000190734863,2.640000104904175,3.299999952316284,25700.0,3.299999952316284
2013-02-13,2.9700000286102295,2.9700000286102295,2.9700000286102295,2.9700000286102295,3200.0,2.9700000286102295
2013-02-14,2.9700000286102295,2.9700000286102295,2.9700000286102295,2.9700000286102295,0.0,2.9700000286102295
2013-02-15,2.640000104904175,2.640000104904175,2.640000104904175,2.640000104904175,100.0,2.640000104904175
2013-02-19,2.640000104904175,2.640000104904175,2.640000104904175,2.640000104904175,0.0,2.640000104904175
2013-02-20,2.640000104904175,2.640000104904175,2.640000104904175,2.640000104904175,0.0,2.640000104904175
2013-02-21,2.640000104904175,2.640000104904175,2.640000104904175,2.640000104904175,0.0,2.640000104904175
2013-02-22,2.640000104904175,2.640000104904175,2.640000104904175,2.640000104904175,3000.0,2.640000104904175
2013-02-25,2.640000104904175,2.640000104904175,2.640000104904175,2.640000104904175,0.0,2.640000104904175
2013-02-26,2.640000104904175,2.640000104904175,2.640000104904175,2.640000104904175,0.0,2.640000104904175
2013-02-27,2.640000104904175,2.640000104904175,2.640000104904175,2.640000104904175,0.0,2.640000104904175
2013-02-28,2.640000104904175,2.640000104904175,2.640000104904175,2.640000104904175,0.0,2.640000104904175
2013-03-01,2.640000104904175,2.640000104904175,2.640000104904175,2.640000104904175,0.0,2.640000104904175
2013-03-04,3.299999952316284,3.299999952316284,3.299999952316284,3.299999952316284,0.0,3.299999952316284
2013-03-05,3.299999952316284,2.9700000286102295,3.299999952316284,2.9700000286102295,800.0,2.9700000286102295
2013-03-06,4.949999809265137,2.9700000286102295,4.949999809265137,3.630000114440918,9400.0,3.630000114440918
2013-03-07,3.299999952316284,2.9700000286102295,3.299999952316284,2.9700000286102295,6900.0,2.9700000286102295
2013-03-08,2.9700000286102295,2.9700000286102295,2.9700000286102295,2.9700000286102295,3600.0,2.9700000286102295
2013-03-11,2.9700000286102295,2.9700000286102295,2.9700000286102295,2.9700000286102295,0.0,2.9700000286102295
2013-03-12,3.630000114440918,2.640000104904175,2.9700000286102295,3.630000114440918,3400.0,3.630000114440918
2013-03-13,2.640000104904175,2.640000104904175,2.640000104904175,2.640000104904175,2500.0,2.640000104904175
2013-03-14,2.640000104904175,2.640000104904175,2.640000104904175,2.640000104904175,0.0,2.640000104904175
2013-03-15,3.299999952316284,3.299999952316284,3.299999952316284,3.299999952316284,300.0,3.299999952316284
2013-03-18,2.9700000286102295,2.640000104904175,2.640000104904175,2.9700000286102295,4200.0,2.9700000286102295
2013-03-19,2.9700000286102295,2.9700000286102295,2.9700000286102295,2.9700000286102295,300.0,2.9700000286102295
2013-03-20,2.9700000286102295,2.9700000286102295,2.9700000286102295,2.9700000286102295,0.0,2.9700000286102295
2013-03-21,2.9700000286102295,2.9700000286102295,2.9700000286102295,2.9700000286102295,0.0,2.9700000286102295
2013-03-22,2.9700000286102295,2.9700000286102295,2.9700000286102295,2.9700000286102295,0.0,2.9700000286102295
2013-03-25,2.9700000286102295,2.9700000286102295,2.9700000286102295,2.9700000286102295,0.0,2.9700000286102295
2013-03-26,2.9700000286102295,2.9700000286102295,2.9700000286102295,2.9700000286102295,0.0,2.9700000286102295
2013-03-27,2.9700000286102295,2.9700000286102295,2.9700000286102295,2.9700000286102295,0.0,2.9700000286102295
2013-03-28,2.9700000286102295,2.9700000286102295,2.9700000286102295,2.9700000286102295,0.0,2.9700000286102295
2013-04-01,2.640000104904175,2.640000104904175,2.640000104904175,2.640000104904175,0.0,2.640000104904175
2013-04-02,2.640000104904175,2.640000104904175,2.640000104904175,2.640000104904175,0.0,2.640000104904175
2013-04-03,2.640000104904175,2.640000104904175,2.640000104904175,2.640000104904175,0.0,2.640000104904175
2013-04-04,2.9700000286102295,2.640000104904175,2.640000104904175,2.9700000286102295,1500.0,2.9700000286102295
2013-04-05,0.9900000095367432,0.9900000095367432,0.9900000095367432,0.9900000095367432,0.0,0.9900000095367432
2013-04-08,2.9700000286102295,2.9700000286102295,2.9700000286102295,2.9700000286102295,500.0,2.9700000286102295
2013-04-09,2.9700000286102295,2.9700000286102295,2.9700000286102295,2.9700000286102295,0.0,2.9700000286102295
2013-04-10,2.9700000286102295,2.9700000286102295,2.9700000286102295,2.9700000286102295,0.0,2.9700000286102295
2013-04-11,1.3200000524520874,1.3200000524520874,1.3200000524520874,1.3200000524520874,0.0,1.3200000524520874
2013-04-12,1.3200000524520874,1.3200000524520874,1.3200000524520874,1.3200000524520874,0.0,1.3200000524520874
2013-04-15,1.3200000524520874,1.3200000524520874,1.3200000524520874,1.3200000524520874,0.0,1.3200000524520874
2013-04-16,1.3200000524520874,1.3200000524520874,1.3200000524520874,1.3200000524520874,0.0,1.3200000524520874
2013-04-17,1.3200000524520874,1.3200000524520874,1.3200000524520874,1.3200000524520874,0.0,1.3200000524520874
2013-04-18,2.9700000286102295,2.9700000286102295,2.9700000286102295,2.9700000286102295,100.0,2.9700000286102295
2013-04-19,2.9700000286102295,2.9700000286102295,2.9700000286102295,2.9700000286102295,0.0,2.9700000286102295
2013-04-22,2.9700000286102295,2.9700000286102295,2.9700000286102295,2.9700000286102295,0.0,2.9700000286102295
2013-04-23,2.9700000286102295,2.9700000286102295,2.9700000286102295,2.9700000286102295,0.0,2.9700000286102295
2013-04-24,2.9700000286102295,2.9700000286102295,2.9700000286102295,2.9700000286102295,0.0,2.9700000286102295
2013-04-25,2.9700000286102295,2.9700000286102295,2.9700000286102295,2.9700000286102295,0.0,2.9700000286102295
2013-04-26,2.9700000286102295,2.9700000286102295,2.9700000286102295,2.9700000286102295,0.0,2.9700000286102295
2013-04-29,2.9700000286102295,2.9700000286102295,2.9700000286102295,2.9700000286102295,0.0,2.9700000286102295
2013-04-30,2.9700000286102295,2.9700000286102295,2.9700000286102295,2.9700000286102295,0.0,2.9700000286102295
2013-05-01,2.9700000286102295,2.9700000286102295,2.9700000286102295,2.9700000286102295,0.0,2.9700000286102295
2013-05-02,2.9700000286102295,2.9700000286102295,2.9700000286102295,2.9700000286102295,0.0,2.9700000286102295
2013-05-03,2.9700000286102295,2.9700000286102295,2.9700000286102295,2.9700000286102295,0.0,2.9700000286102295
2013-05-06,2.9700000286102295,2.9700000286102295,2.9700000286102295,2.9700000286102295,0.0,2.9700000286102295
2013-05-07,2.9700000286102295,2.9700000286102295,2.9700000286102295,2.9700000286102295,0.0,2.9700000286102295
2013-05-08,2.9700000286102295,2.9700000286102295,2.9700000286102295,2.9700000286102295,0.0,2.9700000286102295
2013-05-09,2.9700000286102295,2.9700000286102295,2.9700000286102295,2.9700000286102295,0.0,2.9700000286102295
2013-05-10,2.9700000286102295,2.9700000286102295,2.9700000286102295,2.9700000286102295,0.0,2.9700000286102295
2013-05-13,2.9700000286102295,2.9700000286102295,2.9700000286102295,2.9700000286102295,0.0,2.9700000286102295
2013-05-14,2.9700000286102295,2.9700000286102295,2.9700000286102295,2.9700000286102295,0.0,2.9700000286102295
2013-05-15,2.9700000286102295,2.9700000286102295,2.9700000286102295,2.9700000286102295,0.0,2.9700000286102295
2013-05-16,1.649999976158142,1.649999976158142,1.649999976158142,1.649999976158142,1400.0,1.649999976158142
2013-05-17,1.649999976158142,1.649999976158142,1.649999976158142,1.649999976158142,0.0,1.649999976158142
2013-05-20,1.649999976158142,1.649999976158142,1.649999976158142,1.649999976158142,0.0,1.649999976158142
2013-05-21,1.649999976158142,1.649999976158142,1.649999976158142,1.649999976158142,0.0,1.649999976158142
2013-05-22,1.649999976158142,1.649999976158142,1.649999976158142,1.649999976158142,0.0,1.649999976158142
2013-05-23,1.649999976158142,1.649999976158142,1.649999976158142,1.649999976158142,0.0,1.649999976158142
2013-05-24,1.649999976158142,1.649999976158142,1.649999976158142,1.649999976158142,0.0,1.649999976158142
2013-05-28,1.649999976158142,1.649999976158142,1.649999976158142,1.649999976158142,0.0,1.649999976158142
2013-05-29,1.649999976158142,1.649999976158142,1.649999976158142,1.649999976158142,0.0,1.649999976158142
2013-05-30,1.9800000190734863,1.9800000190734863,1.9800000190734863,1.9800000190734863,100.0,1.9800000190734863
2013-05-31,1.9800000190734863,1.9800000190734863,1.9800000190734863,1.9800000190734863,0.0,1.9800000190734863
2013-06-03,1.9800000190734863,1.9800000190734863,1.9800000190734863,1.9800000190734863,0.0,1.9800000190734863
2013-06-04,1.9800000190734863,1.9800000190734863,1.9800000190734863,1.9800000190734863,0.0,1.9800000190734863
2013-06-05,2.309999942779541,1.9800000190734863,1.9800000190734863,2.309999942779541,1400.0,2.309999942779541
2013-06-06,2.309999942779541,2.309999942779541,2.309999942779541,2.309999942779541,0.0,2.309999942779541
2013-06-07,2.309999942779541,2.309999942779541,2.309999942779541,2.309999942779541,0.0,2.309999942779541
2013-06-10,2.640000104904175,2.640000104904175,2.640000104904175,2.640000104904175,600.0,2.640000104904175
2013-06-11,2.9700000286102295,2.640000104904175,2.640000104904175,2.9700000286102295,3400.0,2.9700000286102295
2013-06-12,2.9700000286102295,2.9700000286102295,2.9700000286102295,2.9700000286102295,2700.0,2.9700000286102295
2013-06-13,2.9700000286102295,2.9700000286102295,2.9700000286102295,2.9700000286102295,0.0,2.9700000286102295
2013-06-14,2.9700000286102295,2.9700000286102295,2.9700000286102295,2.9700000286102295,0.0,2.9700000286102295
2013-06-17,2.9700000286102295,2.9700000286102295,2.9700000286102295,2.9700000286102295,0.0,2.9700000286102295
2013-06-18,2.9700000286102295,2.9700000286102295,2.9700000286102295,2.9700000286102295,0.0,2.9700000286102295
2013-06-19,2.9700000286102295,2.9700000286102295,2.9700000286102295,2.9700000286102295,0.0,2.9700000286102295
2013-06-20,2.9700000286102295,2.9700000286102295,2.9700000286102295,2.9700000286102295,0.0,2.9700000286102295
2013-06-21,2.9700000286102295,2.9700000286102295,2.9700000286102295,2.9700000286102295,0.0,2.9700000286102295
2013-06-24,2.9700000286102295,2.9700000286102295,2.9700000286102295,2.9700000286102295,0.0,2.9700000286102295
2013-06-25,4.619999885559082,4.619999885559082,4.619999885559082,4.619999885559082,0.0,4.619999885559082
2013-06-26,4.619999885559082,4.619999885559082,4.619999885559082,4.619999885559082,0.0,4.619999885559082
2013-06-27,4.619999885559082,4.619999885559082,4.619999885559082,4.619999885559082,0.0,4.619999885559082
2013-06-28,2.9700000286102295,2.9700000286102295,2.9700000286102295,2.9700000286102295,600.0,2.9700000286102295
2013-07-01,2.9700000286102295,2.9700000286102295,2.9700000286102295,2.9700000286102295,0.0,2.9700000286102295
2013-07-02,2.9700000286102295,2.9700000286102295,2.9700000286102295,2.9700000286102295,0.0,2.9700000286102295
2013-07-03,2.9700000286102295,2.9700000286102295,2.9700000286102295,2.9700000286102295,0.0,2.9700000286102295
2013-07-05,4.949999809265137,4.289999961853027,4.949999809265137,4.289999961853027,100.0,4.289999961853027
2013-07-08,4.619999885559082,4.289999961853027,4.289999961853027,4.619999885559082,700.0,4.619999885559082
2013-07-09,4.619999885559082,4.619999885559082,4.619999885559082,4.619999885559082,200.0,4.619999885559082
2013-07-10,4.619999885559082,4.619999885559082,4.619999885559082,4.619999885559082,0.0,4.619999885559082
2013-07-11,4.619999885559082,4.619999885559082,4.619999885559082,4.619999885559082,0.0,4.619999885559082
2013-07-12,4.289999961853027,3.630000114440918,3.630000114440918,4.289999961853027,200.0,4.289999961853027
2013-07-15,2.9700000286102295,2.9700000286102295,2.9700000286102295,2.9700000286102295,0.0,2.9700000286102295
2013-07-16,2.9700000286102295,2.9700000286102295,2.9700000286102295,2.9700000286102295,0.0,2.9700000286102295
2013-07-17,2.9700000286102295,2.9700000286102295,2.9700000286102295,2.9700000286102295,0.0,2.9700000286102295
2013-07-18,2.9700000286102295,2.9700000286102295,2.9700000286102295,2.9700000286102295,0.0,2.9700000286102295
2013-07-19,4.949999809265137,3.9600000381469727,3.9600000381469727,4.949999809265137,2800.0,4.949999809265137
2013-07-22,4.949999809265137,4.949999809265137,4.949999809265137,4.949999809265137,0.0,4.949999809265137
2013-07-23,4.949999809265137,4.949999809265137,4.949999809265137,4.949999809265137,0.0,4.949999809265137
2013-07-24,4.949999809265137,4.289999961853027,4.289999961853027,4.949999809265137,400.0,4.949999809265137
2013-07-25,4.619999885559082,4.289999961853027,4.619999885559082,4.289999961853027,400.0,4.289999961853027
2013-07-26,4.289999961853027,4.289999961853027,4.289999961853027,4.289999961853027,0.0,4.289999961853027
2013-07-29,4.289999961853027,4.289999961853027,4.289999961853027,4.289999961853027,100.0,4.289999961853027
2013-07-30,4.289999961853027,4.289999961853027,4.289999961853027,4.289999961853027,0.0,4.289999961853027
2013-07-31,4.289999961853027,4.289999961853027,4.289999961853027,4.289999961853027,100.0,4.289999961853027
2013-08-01,4.289999961853027,4.289999961853027,4.289999961853027,4.289999961853027,100.0,4.289999961853027
2013-08-02,4.289999961853027,4.289999961853027,4.289999961853027,4.289999961853027,0.0,4.289999961853027
2013-08-05,4.289999961853027,4.289999961853027,4.289999961853027,4.289999961853027,0.0,4.289999961853027
2013-08-06,4.289999961853027,4.289999961853027,4.289999961853027,4.289999961853027,0.0,4.289999961853027
2013-08-07,4.289999961853027,4.289999961853027,4.289999961853027,4.289999961853027,0.0,4.289999961853027
2013-08-08,4.289999961853027,4.289999961853027,4.289999961853027,4.289999961853027,0.0,4.289999961853027
2013-08-09,4.289999961853027,4.289999961853027,4.289999961853027,4.289999961853027,0.0,4.289999961853027
2013-08-12,4.289999961853027,4.289999961853027,4.289999961853027,4.289999961853027,0.0,4.289999961853027
2013-08-13,4.289999961853027,4.289999961853027,4.289999961853027,4.289999961853027,0.0,4.289999961853027
2013-08-14,4.289999961853027,4.289999961853027,4.289999961853027,4.289999961853027,0.0,4.289999961853027
2013-08-15,4.289999961853027,4.289999961853027,4.289999961853027,4.289999961853027,0.0,4.289999961853027
2013-08-16,4.289999961853027,3.299999952316284,4.289999961853027,3.299999952316284,1700.0,3.299999952316284
2013-08-19,3.299999952316284,3.299999952316284,3.299999952316284,3.299999952316284,0.0,3.299999952316284
2013-08-20,3.299999952316284,3.299999952316284,3.299999952316284,3.299999952316284,0.0,3.299999952316284
2013-08-21,3.299999952316284,3.299999952316284,3.299999952316284,3.299999952316284,0.0,3.299999952316284
2013-08-22,3.299999952316284,3.299999952316284,3.299999952316284,3.299999952316284,0.0,3.299999952316284
2013-08-23,3.299999952316284,3.299999952316284,3.299999952316284,3.299999952316284,0.0,3.299999952316284
2013-08-26,4.289999961853027,4.289999961853027,4.289999961853027,4.289999961853027,0.0,4.289999961853027
2013-08-27,4.289999961853027,4.289999961853027,4.289999961853027,4.289999961853027,0.0,4.289999961853027
2013-08-28,4.289999961853027,4.289999961853027,4.289999961853027,4.289999961853027,0.0,4.289999961853027
2013-08-29,4.289999961853027,4.289999961853027,4.289999961853027,4.289999961853027,0.0,4.289999961853027
2013-08-30,4.289999961853027,4.289999961853027,4.289999961853027,4.289999961853027,100.0,4.289999961853027
2013-09-03,4.289999961853027,4.289999961853027,4.289999961853027,4.289999961853027,0.0,4.289999961853027
2013-09-04,4.289999961853027,4.289999961853027,4.289999961853027,4.289999961853027,0.0,4.289999961853027
2013-09-05,4.289999961853027,4.289999961853027,4.289999961853027,4.289999961853027,0.0,4.289999961853027
2013-09-06,4.289999961853027,4.289999961853027,4.289999961853027,4.289999961853027,0.0,4.289999961853027
2013-09-09,4.289999961853027,4.289999961853027,4.289999961853027,4.289999961853027,0.0,4.289999961853027
2013-09-10,4.289999961853027,4.289999961853027,4.289999961853027,4.289999961853027,0.0,4.289999961853027
2013-09-11,4.289999961853027,3.299999952316284,4.289999961853027,3.299999952316284,0.0,3.299999952316284
2013-09-12,3.299999952316284,3.299999952316284,3.299999952316284,3.299999952316284,0.0,3.299999952316284
2013-09-13,3.299999952316284,3.299999952316284,3.299999952316284,3.299999952316284,100.0,3.299999952316284
2013-09-16,3.299999952316284,3.299999952316284,3.299999952316284,3.299999952316284,0.0,3.299999952316284
2013-09-17,3.299999952316284,3.299999952316284,3.299999952316284,3.299999952316284,0.0,3.299999952316284
2013-09-18,3.299999952316284,3.299999952316284,3.299999952316284,3.299999952316284,0.0,3.299999952316284
2013-09-19,3.299999952316284,3.299999952316284,3.299999952316284,3.299999952316284,0.0,3.299999952316284
2013-09-20,3.299999952316284,3.299999952316284,3.299999952316284,3.299999952316284,0.0,3.299999952316284
2013-09-23,3.299999952316284,3.299999952316284,3.299999952316284,3.299999952316284,0.0,3.299999952316284
2013-09-24,3.299999952316284,3.299999952316284,3.299999952316284,3.299999952316284,0.0,3.299999952316284
2013-09-25,3.299999952316284,3.299999952316284,3.299999952316284,3.299999952316284,0.0,3.299999952316284
2013-09-26,3.299999952316284,3.299999952316284,3.299999952316284,3.299999952316284,0.0,3.299999952316284
2013-09-27,3.299999952316284,3.299999952316284,3.299999952316284,3.299999952316284,0.0,3.299999952316284
2013-09-30,3.299999952316284,3.299999952316284,3.299999952316284,3.299999952316284,0.0,3.299999952316284
2013-10-01,3.299999952316284,3.299999952316284,3.299999952316284,3.299999952316284,0.0,3.299999952316284
2013-10-02,3.299999952316284,3.299999952316284,3.299999952316284,3.299999952316284,0.0,3.299999952316284
2013-10-03,3.299999952316284,3.299999952316284,3.299999952316284,3.299999952316284,0.0,3.299999952316284
2013-10-04,3.299999952316284,3.299999952316284,3.299999952316284,3.299999952316284,0.0,3.299999952316284
2013-10-07,3.299999952316284,3.299999952316284,3.299999952316284,3.299999952316284,0.0,3.299999952316284
2013-10-08,3.299999952316284,3.299999952316284,3.299999952316284,3.299999952316284,0.0,3.299999952316284
2013-10-09,3.299999952316284,3.299999952316284,3.299999952316284,3.299999952316284,0.0,3.299999952316284
2013-10-10,3.299999952316284,3.299999952316284,3.299999952316284,3.299999952316284,0.0,3.299999952316284
2013-10-11,3.299999952316284,3.299999952316284,3.299999952316284,3.299999952316284,0.0,3.299999952316284
2013-10-14,3.299999952316284,3.299999952316284,3.299999952316284,3.299999952316284,0.0,3.299999952316284
2013-10-15,3.299999952316284,3.299999952316284,3.299999952316284,3.299999952316284,0.0,3.299999952316284
2013-10-16,3.299999952316284,3.299999952316284,3.299999952316284,3.299999952316284,0.0,3.299999952316284
2013-10-17,3.299999952316284,3.299999952316284,3.299999952316284,3.299999952316284,0.0,3.299999952316284
2013-10-18,3.299999952316284,3.299999952316284,3.299999952316284,3.299999952316284,0.0,3.299999952316284
2013-10-21,3.299999952316284,3.299999952316284,3.299999952316284,3.299999952316284,0.0,3.299999952316284
2013-10-22,3.299999952316284,3.299999952316284,3.299999952316284,3.299999952316284,0.0,3.299999952316284
2013-10-23,3.299999952316284,3.299999952316284,3.299999952316284,3.299999952316284,0.0,3.299999952316284
2013-10-24,3.299999952316284,3.299999952316284,3.299999952316284,3.299999952316284,0.0,3.299999952316284
2013-10-25,3.299999952316284,3.299999952316284,3.299999952316284,3.299999952316284,0.0,3.299999952316284
2013-10-28,3.299999952316284,3.299999952316284,3.299999952316284,3.299999952316284,0.0,3.299999952316284
2013-10-29,3.299999952316284,3.299999952316284,3.299999952316284,3.299999952316284,0.0,3.299999952316284
2013-10-30,3.299999952316284,3.299999952316284,3.299999952316284,3.299999952316284,0.0,3.299999952316284
2013-10-31,3.299999952316284,3.299999952316284,3.299999952316284,3.299999952316284,0.0,3.299999952316284
2013-11-01,3.299999952316284,3.299999952316284,3.299999952316284,3.299999952316284,0.0,3.299999952316284
2013-11-04,3.299999952316284,3.299999952316284,3.299999952316284,3.299999952316284,0.0,3.299999952316284
2013-11-05,3.299999952316284,3.299999952316284,3.299999952316284,3.299999952316284,0.0,3.299999952316284
2013-11-06,3.299999952316284,3.299999952316284,3.299999952316284,3.299999952316284,0.0,3.299999952316284
2013-11-07,3.299999952316284,3.299999952316284,3.299999952316284,3.299999952316284,0.0,3.299999952316284
2013-11-08,3.299999952316284,3.299999952316284,3.299999952316284,3.299999952316284,0.0,3.299999952316284
2013-11-11,3.299999952316284,3.299999952316284,3.299999952316284,3.299999952316284,0.0,3.299999952316284
2013-11-12,3.299999952316284,3.299999952316284,3.299999952316284,3.299999952316284,0.0,3.299999952316284
2013-11-13,3.299999952316284,3.299999952316284,3.299999952316284,3.299999952316284,0.0,3.299999952316284
2013-11-14,3.299999952316284,3.299999952316284,3.299999952316284,3.299999952316284,0.0,3.299999952316284
2013-11-15,3.299999952316284,3.299999952316284,3.299999952316284,3.299999952316284,0.0,3.299999952316284
2013-11-18,3.299999952316284,3.299999952316284,3.299999952316284,3.299999952316284,0.0,3.299999952316284
2013-11-19,3.299999952316284,3.299999952316284,3.299999952316284,3.299999952316284,0.0,3.299999952316284
2013-11-20,3.299999952316284,3.299999952316284,3.299999952316284,3.299999952316284,0.0,3.299999952316284
2013-11-21,3.299999952316284,3.299999952316284,3.299999952316284,3.299999952316284,0.0,3.299999952316284
2013-11-22,3.299999952316284,3.299999952316284,3.299999952316284,3.299999952316284,0.0,3.299999952316284
2013-11-25,3.299999952316284,3.299999952316284,3.299999952316284,3.299999952316284,0.0,3.299999952316284
2013-11-26,3.299999952316284,3.299999952316284,3.299999952316284,3.299999952316284,2500.0,3.299999952316284
2013-11-27,3.299999952316284,3.299999952316284,3.299999952316284,3.299999952316284,0.0,3.299999952316284
2013-11-29,3.299999952316284,3.299999952316284,3.299999952316284,3.299999952316284,0.0,3.299999952316284
2013-12-02,3.299999952316284,3.299999952316284,3.299999952316284,3.299999952316284,0.0,3.299999952316284
2013-12-03,3.299999952316284,3.299999952316284,3.299999952316284,3.299999952316284,0.0,3.299999952316284
2013-12-04,3.299999952316284,3.299999952316284,3.299999952316284,3.299999952316284,6500.0,3.299999952316284
2013-12-05,3.299999952316284,3.299999952316284,3.299999952316284,3.299999952316284,0.0,3.299999952316284
2013-12-06,3.299999952316284,3.299999952316284,3.299999952316284,3.299999952316284,0.0,3.299999952316284
2013-12-09,3.299999952316284,2.640000104904175,3.299999952316284,2.640000104904175,300.0,2.640000104904175
2013-12-10,2.640000104904175,2.640000104904175,2.640000104904175,2.640000104904175,0.0,2.640000104904175
2013-12-11,2.640000104904175,2.640000104904175,2.640000104904175,2.640000104904175,0.0,2.640000104904175
2013-12-12,2.640000104904175,2.640000104904175,2.640000104904175,2.640000104904175,0.0,2.640000104904175
2013-12-13,2.640000104904175,2.640000104904175,2.640000104904175,2.640000104904175,0.0,2.640000104904175
2013-12-16,2.640000104904175,2.640000104904175,2.640000104904175,2.640000104904175,0.0,2.640000104904175
2013-12-17,2.640000104904175,2.640000104904175,2.640000104904175,2.640000104904175,0.0,2.640000104904175
2013-12-18,2.640000104904175,2.640000104904175,2.640000104904175,2.640000104904175,0.0,2.640000104904175
2013-12-19,2.640000104904175,2.640000104904175,2.640000104904175,2.640000104904175,0.0,2.640000104904175
2013-12-20,2.640000104904175,2.640000104904175,2.640000104904175,2.640000104904175,0.0,2.640000104904175
2013-12-23,2.640000104904175,2.640000104904175,2.640000104904175,2.640000104904175,0.0,2.640000104904175
2013-12-24,2.640000104904175,2.640000104904175,2.640000104904175,2.640000104904175,0.0,2.640000104904175
2013-12-26,2.640000104904175,2.640000104904175,2.640000104904175,2.640000104904175,0.0,2.640000104904175
2013-12-27,2.640000104904175,2.640000104904175,2.640000104904175,2.640000104904175,0.0,2.640000104904175
2013-12-30,2.640000104904175,2.640000104904175,2.640000104904175,2.640000104904175,0.0,2.640000104904175
2013-12-31,2.640000104904175,2.640000104904175,2.640000104904175,2.640000104904175,0.0,2.640000104904175
2014-01-02,2.640000104904175,2.640000104904175,2.640000104904175,2.640000104904175,0.0,2.640000104904175
2014-01-03,2.640000104904175,2.640000104904175,2.640000104904175,2.640000104904175,0.0,2.640000104904175
2014-01-06,2.640000104904175,2.640000104904175,2.640000104904175,2.640000104904175,0.0,2.640000104904175
2014-01-07,2.640000104904175,2.640000104904175,2.640000104904175,2.640000104904175,0.0,2.640000104904175
2014-01-08,2.640000104904175,2.640000104904175,2.640000104904175,2.640000104904175,0.0,2.640000104904175
2014-01-09,2.640000104904175,2.640000104904175,2.640000104904175,2.640000104904175,0.0,2.640000104904175
2014-01-10,2.640000104904175,2.640000104904175,2.640000104904175,2.640000104904175,0.0,2.640000104904175
2014-01-13,2.640000104904175,2.640000104904175,2.640000104904175,2.640000104904175,0.0,2.640000104904175
2014-01-14,2.640000104904175,2.640000104904175,2.640000104904175,2.640000104904175,0.0,2.640000104904175
2014-01-15,2.640000104904175,2.640000104904175,2.640000104904175,2.640000104904175,0.0,2.640000104904175
2014-01-16,2.640000104904175,2.640000104904175,2.640000104904175,2.640000104904175,0.0,2.640000104904175
2014-01-17,2.640000104904175,2.640000104904175,2.640000104904175,2.640000104904175,0.0,2.640000104904175
2014-01-21,2.640000104904175,2.640000104904175,2.640000104904175,2.640000104904175,0.0,2.640000104904175
2014-01-22,7.590000152587891,3.9600000381469727,3.9600000381469727,4.949999809265137,1300.0,4.949999809265137
2014-01-23,4.949999809265137,3.299999952316284,4.949999809265137,3.299999952316284,600.0,3.299999952316284
2014-01-24,3.299999952316284,3.299999952316284,3.299999952316284,3.299999952316284,0.0,3.299999952316284
2014-01-27,3.299999952316284,3.299999952316284,3.299999952316284,3.299999952316284,0.0,3.299999952316284
2014-01-28,3.299999952316284,3.299999952316284,3.299999952316284,3.299999952316284,0.0,3.299999952316284
2014-01-29,3.299999952316284,3.299999952316284,3.299999952316284,3.299999952316284,0.0,3.299999952316284
2014-01-30,3.299999952316284,3.299999952316284,3.299999952316284,3.299999952316284,0.0,3.299999952316284
2014-01-31,3.299999952316284,3.299999952316284,3.299999952316284,3.299999952316284,0.0,3.299999952316284
2014-02-03,14.1899995803833,5.940000057220459,5.940000057220459,14.1899995803833,0.0,14.1899995803833
2014-02-04,4.730000019073486,4.730000019073486,4.730000019073486,4.730000019073486,0.0,4.730000019073486
2014-02-05,20.899999618530273,20.899999618530273,20.899999618530273,20.899999618530273,0.0,20.899999618530273
2014-02-06,22.0,22.0,22.0,22.0,0.0,22.0
2014-02-07,5.5,5.5,5.5,5.5,0.0,5.5
2014-02-10,5.5,5.5,5.5,5.5,0.0,5.5
2014-02-11,5.5,5.5,5.5,5.5,0.0,5.5
2014-02-12,5.5,5.5,5.5,5.5,0.0,5.5
2014-02-13,5.5,5.5,5.5,5.5,0.0,5.5
2014-02-14,5.5,5.5,5.5,5.5,0.0,5.5
2014-02-18,5.5,5.5,5.5,5.5,0.0,5.5
2014-02-19,5.5,5.5,5.5,5.5,100.0,5.5
2014-02-20,5.5,5.5,5.5,5.5,0.0,5.5
2014-02-21,5.5,5.5,5.5,5.5,0.0,5.5
2014-02-24,5.5,5.5,5.5,5.5,0.0,5.5
2014-02-25,5.5,5.5,5.5,5.5,0.0,5.5
2014-02-26,5.5,5.5,5.5,5.5,0.0,5.5
2014-02-27,5.5,5.5,5.5,5.5,0.0,5.5
2014-02-28,5.5,5.5,5.5,5.5,0.0,5.5
2014-03-03,5.5,5.5,5.5,5.5,0.0,5.5
2014-03-04,5.5,5.5,5.5,5.5,0.0,5.5
2014-03-05,5.5,5.5,5.5,5.5,0.0,5.5
2014-03-06,5.5,5.5,5.5,5.5,0.0,5.5
2014-03-07,5.5,5.5,5.5,5.5,0.0,5.5
2014-03-10,5.5,5.5,5.5,5.5,0.0,5.5
2014-03-11,5.5,5.5,5.5,5.5,0.0,5.5
2014-03-12,2.200000047683716,2.200000047683716,2.200000047683716,2.200000047683716,0.0,2.200000047683716
2014-03-13,2.200000047683716,2.200000047683716,2.200000047683716,2.200000047683716,0.0,2.200000047683716
2014-03-14,2.200000047683716,2.200000047683716,2.200000047683716,2.200000047683716,0.0,2.200000047683716
2014-03-17,2.200000047683716,2.200000047683716,2.200000047683716,2.200000047683716,0.0,2.200000047683716
2014-03-18,2.200000047683716,2.200000047683716,2.200000047683716,2.200000047683716,0.0,2.200000047683716
2014-03-19,2.200000047683716,2.200000047683716,2.200000047683716,2.200000047683716,0.0,2.200000047683716
2014-03-20,2.200000047683716,2.200000047683716,2.200000047683716,2.200000047683716,0.0,2.200000047683716
2014-03-21,2.200000047683716,2.200000047683716,2.200000047683716,2.200000047683716,0.0,2.200000047683716
2014-03-24,2.200000047683716,2.200000047683716,2.200000047683716,2.200000047683716,0.0,2.200000047683716
2014-03-25,2.200000047683716,2.200000047683716,2.200000047683716,2.200000047683716,0.0,2.200000047683716
2014-03-26,2.200000047683716,2.200000047683716,2.200000047683716,2.200000047683716,0.0,2.200000047683716
2014-03-27,3.299999952316284,3.299999952316284,3.299999952316284,3.299999952316284,0.0,3.299999952316284
2014-03-28,3.299999952316284,3.299999952316284,3.299999952316284,3.299999952316284,0.0,3.299999952316284
2014-03-31,2.200000047683716,2.200000047683716,2.200000047683716,2.200000047683716,0.0,2.200000047683716
2014-04-01,2.200000047683716,2.200000047683716,2.200000047683716,2.200000047683716,0.0,2.200000047683716
2014-04-02,2.200000047683716,2.200000047683716,2.200000047683716,2.200000047683716,0.0,2.200000047683716
2014-04-03,2.200000047683716,2.200000047683716,2.200000047683716,2.200000047683716,0.0,2.200000047683716
2014-04-04,2.200000047683716,2.200000047683716,2.200000047683716,2.200000047683716,0.0,2.200000047683716
2014-04-07,2.200000047683716,2.200000047683716,2.200000047683716,2.200000047683716,0.0,2.200000047683716
2014-04-08,2.200000047683716,2.200000047683716,2.200000047683716,2.200000047683716,0.0,2.200000047683716
2014-04-09,2.200000047683716,2.200000047683716,2.200000047683716,2.200000047683716,0.0,2.200000047683716
2014-04-10,2.200000047683716,2.200000047683716,2.200000047683716,2.200000047683716,0.0,2.200000047683716
2014-04-11,2.200000047683716,2.200000047683716,2.200000047683716,2.200000047683716,0.0,2.200000047683716
2014-04-14,2.200000047683716,2.200000047683716,2.200000047683716,2.200000047683716,0.0,2.200000047683716
2014-04-15,2.200000047683716,2.200000047683716,2.200000047683716,2.200000047683716,0.0,2.200000047683716
2014-04-16,2.200000047683716,2.200000047683716,2.200000047683716,2.200000047683716,0.0,2.200000047683716
2014-04-17,2.200000047683716,2.200000047683716,2.200000047683716,2.200000047683716,0.0,2.200000047683716
2014-04-21,2.200000047683716,2.200000047683716,2.200000047683716,2.200000047683716,0.0,2.200000047683716
2014-04-22,2.200000047683716,2.200000047683716,2.200000047683716,2.200000047683716,0.0,2.200000047683716
2014-04-23,2.200000047683716,2.200000047683716,2.200000047683716,2.200000047683716,0.0,2.200000047683716
2014-04-24,2.200000047683716,2.200000047683716,2.200000047683716,2.200000047683716,0.0,2.200000047683716
2014-04-25,2.200000047683716,2.200000047683716,2.200000047683716,2.200000047683716,0.0,2.200000047683716
2014-04-28,2.200000047683716,2.200000047683716,2.200000047683716,2.200000047683716,0.0,2.200000047683716
2014-04-29,2.200000047683716,2.200000047683716,2.200000047683716,2.200000047683716,0.0,2.200000047683716
2014-04-30,2.200000047683716,2.200000047683716,2.200000047683716,2.200000047683716,0.0,2.200000047683716
2014-05-01,2.200000047683716,2.200000047683716,2.200000047683716,2.200000047683716,0.0,2.200000047683716
2014-05-02,2.200000047683716,2.200000047683716,2.200000047683716,2.200000047683716,0.0,2.200000047683716
2014-05-05,2.200000047683716,2.200000047683716,2.200000047683716,2.200000047683716,0.0,2.200000047683716
2014-05-06,2.200000047683716,2.200000047683716,2.200000047683716,2.200000047683716,0.0,2.200000047683716
2014-05-07,2.200000047683716,2.200000047683716,2.200000047683716,2.200000047683716,0.0,2.200000047683716
2014-05-08,2.200000047683716,2.200000047683716,2.200000047683716,2.200000047683716,0.0,2.200000047683716
2014-05-09,2.200000047683716,2.200000047683716,2.200000047683716,2.200000047683716,0.0,2.200000047683716
2014-05-12,2.200000047683716,2.200000047683716,2.200000047683716,2.200000047683716,0.0,2.200000047683716
2014-05-13,2.200000047683716,2.200000047683716,2.200000047683716,2.200000047683716,0.0,2.200000047683716
2014-05-14,2.200000047683716,2.200000047683716,2.200000047683716,2.200000047683716,0.0,2.200000047683716
2014-05-15,2.200000047683716,2.200000047683716,2.200000047683716,2.200000047683716,0.0,2.200000047683716
2014-05-16,11.0,11.0,11.0,11.0,0.0,11.0
2014-05-19,3.299999952316284,3.299999952316284,3.299999952316284,3.299999952316284,0.0,3.299999952316284
2014-05-20,3.299999952316284,3.299999952316284,3.299999952316284,3.299999952316284,0.0,3.299999952316284
2014-05-21,3.299999952316284,3.299999952316284,3.299999952316284,3.299999952316284,0.0,3.299999952316284
2014-05-22,3.299999952316284,3.299999952316284,3.299999952316284,3.299999952316284,0.0,3.299999952316284
2014-05-23,3.299999952316284,3.299999952316284,3.299999952316284,3.299999952316284,0.0,3.299999952316284
2014-05-27,3.299999952316284,3.299999952316284,3.299999952316284,3.299999952316284,0.0,3.299999952316284
2014-05-28,3.299999952316284,3.299999952316284,3.299999952316284,3.299999952316284,0.0,3.299999952316284
2014-05-29,3.299999952316284,3.299999952316284,3.299999952316284,3.299999952316284,0.0,3.299999952316284
2014-05-30,3.299999952316284,3.299999952316284,3.299999952316284,3.299999952316284,0.0,3.299999952316284
2014-06-02,3.299999952316284,3.299999952316284,3.299999952316284,3.299999952316284,0.0,3.299999952316284
2014-06-03,3.299999952316284,3.299999952316284,3.299999952316284,3.299999952316284,0.0,3.299999952316284
2014-06-04,3.299999952316284,3.299999952316284,3.299999952316284,3.299999952316284,0.0,3.299999952316284
2014-06-05,3.299999952316284,3.299999952316284,3.299999952316284,3.299999952316284,0.0,3.299999952316284
2014-06-06,3.299999952316284,3.299999952316284,3.299999952316284,3.299999952316284,0.0,3.299999952316284
2014-06-09,3.299999952316284,3.299999952316284,3.299999952316284,3.299999952316284,0.0,3.299999952316284
2014-06-10,3.299999952316284,3.299999952316284,3.299999952316284,3.299999952316284,0.0,3.299999952316284
2014-06-11,3.299999952316284,3.299999952316284,3.299999952316284,3.299999952316284,0.0,3.299999952316284
2014-06-12,3.299999952316284,3.299999952316284,3.299999952316284,3.299999952316284,0.0,3.299999952316284
2014-06-13,3.299999952316284,3.299999952316284,3.299999952316284,3.299999952316284,0.0,3.299999952316284
2014-06-16,3.299999952316284,3.299999952316284,3.299999952316284,3.299999952316284,0.0,3.299999952316284
2014-06-17,3.299999952316284,3.299999952316284,3.299999952316284,3.299999952316284,0.0,3.299999952316284
2014-06-18,3.299999952316284,3.299999952316284,3.299999952316284,3.299999952316284,0.0,3.299999952316284
2014-06-19,3.299999952316284,3.299999952316284,3.299999952316284,3.299999952316284,0.0,3.299999952316284
2014-06-20,3.299999952316284,3.299999952316284,3.299999952316284,3.299999952316284,0.0,3.299999952316284
2014-06-23,3.299999952316284,3.299999952316284,3.299999952316284,3.299999952316284,0.0,3.299999952316284
2014-06-24,3.299999952316284,3.299999952316284,3.299999952316284,3.299999952316284,0.0,3.299999952316284
2014-06-25,3.299999952316284,3.299999952316284,3.299999952316284,3.299999952316284,0.0,3.299999952316284
2014-06-26,3.299999952316284,3.299999952316284,3.299999952316284,3.299999952316284,0.0,3.299999952316284
2014-06-27,3.299999952316284,3.299999952316284,3.299999952316284,3.299999952316284,0.0,3.299999952316284
2014-06-30,3.299999952316284,3.299999952316284,3.299999952316284,3.299999952316284,0.0,3.299999952316284
2014-07-01,3.299999952316284,3.299999952316284,3.299999952316284,3.299999952316284,0.0,3.299999952316284
2014-07-02,3.299999952316284,3.299999952316284,3.299999952316284,3.299999952316284,0.0,3.299999952316284
2014-07-03,3.299999952316284,3.299999952316284,3.299999952316284,3.299999952316284,0.0,3.299999952316284
2014-07-07,3.299999952316284,3.299999952316284,3.299999952316284,3.299999952316284,0.0,3.299999952316284
2014-07-08,3.299999952316284,3.299999952316284,3.299999952316284,3.299999952316284,0.0,3.299999952316284
2014-07-09,3.299999952316284,3.299999952316284,3.299999952316284,3.299999952316284,0.0,3.299999952316284
2014-07-10,3.299999952316284,3.299999952316284,3.299999952316284,3.299999952316284,0.0,3.299999952316284
2014-07-11,3.299999952316284,3.299999952316284,3.299999952316284,3.299999952316284,0.0,3.299999952316284
2014-07-14,3.299999952316284,3.299999952316284,3.299999952316284,3.299999952316284,0.0,3.299999952316284
2014-07-15,3.299999952316284,3.299999952316284,3.299999952316284,3.299999952316284,0.0,3.299999952316284
2014-07-16,3.299999952316284,3.299999952316284,3.299999952316284,3.299999952316284,0.0,3.299999952316284
2014-07-17,3.299999952316284,3.299999952316284,3.299999952316284,3.299999952316284,0.0,3.299999952316284
2014-07-18,3.299999952316284,3.299999952316284,3.299999952316284,3.299999952316284,0.0,3.299999952316284
2014-07-21,3.299999952316284,3.299999952316284,3.299999952316284,3.299999952316284,0.0,3.299999952316284
2014-07-22,3.299999952316284,3.299999952316284,3.299999952316284,3.299999952316284,0.0,3.299999952316284
2014-07-23,3.299999952316284,3.299999952316284,3.299999952316284,3.299999952316284,0.0,3.299999952316284
2014-07-24,3.299999952316284,3.299999952316284,3.299999952316284,3.299999952316284,0.0,3.299999952316284
2014-07-25,3.299999952316284,3.299999952316284,3.299999952316284,3.299999952316284,0.0,3.299999952316284
2014-07-28,3.299999952316284,3.299999952316284,3.299999952316284,3.299999952316284,0.0,3.299999952316284
2014-07-29,3.299999952316284,3.299999952316284,3.299999952316284,3.299999952316284,0.0,3.299999952316284
2014-07-30,3.299999952316284,3.299999952316284,3.299999952316284,3.299999952316284,0.0,3.299999952316284
2014-07-31,3.299999952316284,3.299999952316284,3.299999952316284,3.299999952316284,0.0,3.299999952316284
2014-08-01,3.299999952316284,3.299999952316284,3.299999952316284,3.299999952316284,0.0,3.299999952316284
2014-08-04,3.299999952316284,3.299999952316284,3.299999952316284,3.299999952316284,0.0,3.299999952316284
2014-08-05,3.299999952316284,3.299999952316284,3.299999952316284,3.299999952316284,0.0,3.299999952316284
2014-08-06,3.299999952316284,3.299999952316284,3.299999952316284,3.299999952316284,0.0,3.299999952316284
2014-08-07,3.299999952316284,3.299999952316284,3.299999952316284,3.299999952316284,0.0,3.299999952316284
2014-08-08,3.299999952316284,3.299999952316284,3.299999952316284,3.299999952316284,0.0,3.299999952316284
2014-08-11,3.299999952316284,3.299999952316284,3.299999952316284,3.299999952316284,0.0,3.299999952316284
2014-08-12,3.299999952316284,3.299999952316284,3.299999952316284,3.299999952316284,0.0,3.299999952316284
2014-08-13,3.299999952316284,3.299999952316284,3.299999952316284,3.299999952316284,0.0,3.299999952316284
2014-08-14,3.299999952316284,3.299999952316284,3.299999952316284,3.299999952316284,0.0,3.299999952316284
2014-08-15,3.299999952316284,3.299999952316284,3.299999952316284,3.299999952316284,0.0,3.299999952316284
2014-08-18,3.299999952316284,3.299999952316284,3.299999952316284,3.299999952316284,0.0,3.299999952316284
2014-08-19,3.299999952316284,3.299999952316284,3.299999952316284,3.299999952316284,0.0,3.299999952316284
2014-08-20,3.299999952316284,3.299999952316284,3.299999952316284,3.299999952316284,0.0,3.299999952316284
2014-08-21,3.299999952316284,3.299999952316284,3.299999952316284,3.299999952316284,0.0,3.299999952316284
2014-08-22,3.299999952316284,3.299999952316284,3.299999952316284,3.299999952316284,0.0,3.299999952316284
2014-08-25,3.299999952316284,3.299999952316284,3.299999952316284,3.299999952316284,0.0,3.299999952316284
2014-08-26,3.299999952316284,3.299999952316284,3.299999952316284,3.299999952316284,0.0,3.299999952316284
2014-08-27,3.299999952316284,3.299999952316284,3.299999952316284,3.299999952316284,0.0,3.299999952316284
2014-08-28,3.299999952316284,3.299999952316284,3.299999952316284,3.299999952316284,0.0,3.299999952316284
2014-08-29,3.299999952316284,3.299999952316284,3.299999952316284,3.299999952316284,0.0,3.299999952316284
2014-09-02,3.299999952316284,3.299999952316284,3.299999952316284,3.299999952316284,0.0,3.299999952316284
2014-09-03,3.299999952316284,3.299999952316284,3.299999952316284,3.299999952316284,0.0,3.299999952316284
2014-09-04,3.299999952316284,3.299999952316284,3.299999952316284,3.299999952316284,0.0,3.299999952316284
2014-09-05,3.299999952316284,3.299999952316284,3.299999952316284,3.299999952316284,0.0,3.299999952316284
2014-09-08,3.299999952316284,3.299999952316284,3.299999952316284,3.299999952316284,0.0,3.299999952316284
2014-09-09,3.299999952316284,3.299999952316284,3.299999952316284,3.299999952316284,0.0,3.299999952316284
2014-09-10,3.299999952316284,3.299999952316284,3.299999952316284,3.299999952316284,0.0,3.299999952316284
2014-09-11,3.299999952316284,3.299999952316284,3.299999952316284,3.299999952316284,0.0,3.299999952316284
2014-09-12,3.299999952316284,3.299999952316284,3.299999952316284,3.299999952316284,0.0,3.299999952316284
2014-09-15,3.299999952316284,3.299999952316284,3.299999952316284,3.299999952316284,0.0,3.299999952316284
2014-09-16,3.299999952316284,3.299999952316284,3.299999952316284,3.299999952316284,0.0,3.299999952316284
2014-09-17,3.299999952316284,3.299999952316284,3.299999952316284,3.299999952316284,0.0,3.299999952316284
2014-09-18,3.299999952316284,3.299999952316284,3.299999952316284,3.299999952316284,0.0,3.299999952316284
2014-09-19,3.299999952316284,3.299999952316284,3.299999952316284,3.299999952316284,0.0,3.299999952316284
2014-09-22,3.299999952316284,3.299999952316284,3.299999952316284,3.299999952316284,0.0,3.299999952316284
2014-09-23,3.299999952316284,3.299999952316284,3.299999952316284,3.299999952316284,0.0,3.299999952316284
2014-09-24,3.299999952316284,3.299999952316284,3.299999952316284,3.299999952316284,0.0,3.299999952316284
2014-09-25,3.299999952316284,3.299999952316284,3.299999952316284,3.299999952316284,0.0,3.299999952316284
2014-09-26,3.299999952316284,3.299999952316284,3.299999952316284,3.299999952316284,0.0,3.299999952316284
2014-09-29,3.299999952316284,3.299999952316284,3.299999952316284,3.299999952316284,0.0,3.299999952316284
2014-09-30,3.299999952316284,3.299999952316284,3.299999952316284,3.299999952316284,0.0,3.299999952316284
2014-10-01,3.299999952316284,3.299999952316284,3.299999952316284,3.299999952316284,0.0,3.299999952316284
2014-10-02,3.299999952316284,3.299999952316284,3.299999952316284,3.299999952316284,0.0,3.299999952316284
2014-10-03,3.299999952316284,3.299999952316284,3.299999952316284,3.299999952316284,0.0,3.299999952316284
2014-10-06,3.299999952316284,3.299999952316284,3.299999952316284,3.299999952316284,0.0,3.299999952316284
2014-10-07,3.299999952316284,3.299999952316284,3.299999952316284,3.299999952316284,0.0,3.299999952316284
2014-10-08,3.299999952316284,3.299999952316284,3.299999952316284,3.299999952316284,0.0,3.299999952316284
2014-10-09,3.299999952316284,3.299999952316284,3.299999952316284,3.299999952316284,0.0,3.299999952316284
2014-10-10,3.299999952316284,3.299999952316284,3.299999952316284,3.299999952316284,0.0,3.299999952316284
2014-10-13,3.299999952316284,3.299999952316284,3.299999952316284,3.299999952316284,0.0,3.299999952316284
2014-10-14,3.299999952316284,3.299999952316284,3.299999952316284,3.299999952316284,0.0,3.299999952316284
2014-10-15,3.299999952316284,3.299999952316284,3.299999952316284,3.299999952316284,0.0,3.299999952316284
2014-10-16,4.400000095367432,4.400000095367432,4.400000095367432,4.400000095367432,0.0,4.400000095367432
2014-10-17,4.400000095367432,4.400000095367432,4.400000095367432,4.400000095367432,0.0,4.400000095367432
2014-10-20,4.400000095367432,4.400000095367432,4.400000095367432,4.400000095367432,0.0,4.400000095367432
2014-10-21,4.400000095367432,4.400000095367432,4.400000095367432,4.400000095367432,0.0,4.400000095367432
2014-10-22,4.400000095367432,4.400000095367432,4.400000095367432,4.400000095367432,0.0,4.400000095367432
2014-10-23,4.400000095367432,4.400000095367432,4.400000095367432,4.400000095367432,0.0,4.400000095367432
2014-10-24,4.400000095367432,4.400000095367432,4.400000095367432,4.400000095367432,0.0,4.400000095367432
2014-10-27,4.400000095367432,4.400000095367432,4.400000095367432,4.400000095367432,0.0,4.400000095367432
2014-10-28,4.400000095367432,4.400000095367432,4.400000095367432,4.400000095367432,0.0,4.400000095367432
2014-10-29,4.400000095367432,4.400000095367432,4.400000095367432,4.400000095367432,0.0,4.400000095367432
2014-10-30,4.400000095367432,4.400000095367432,4.400000095367432,4.400000095367432,0.0,4.400000095367432
2014-10-31,4.400000095367432,4.400000095367432,4.400000095367432,4.400000095367432,0.0,4.400000095367432
2014-11-03,4.400000095367432,4.400000095367432,4.400000095367432,4.400000095367432,0.0,4.400000095367432
2014-11-04,4.400000095367432,4.400000095367432,4.400000095367432,4.400000095367432,0.0,4.400000095367432
2014-11-05,11.0,3.299999952316284,11.0,3.299999952316284,100.0,3.299999952316284
2014-11-06,3.299999952316284,3.299999952316284,3.299999952316284,3.299999952316284,0.0,3.299999952316284
2014-11-07,3.299999952316284,3.299999952316284,3.299999952316284,3.299999952316284,0.0,3.299999952316284
2014-11-10,3.299999952316284,3.299999952316284,3.299999952316284,3.299999952316284,0.0,3.299999952316284
2014-11-11,3.299999952316284,3.299999952316284,3.299999952316284,3.299999952316284,0.0,3.299999952316284
2014-11-12,3.299999952316284,3.299999952316284,3.299999952316284,3.299999952316284,0.0,3.299999952316284
2014-11-13,3.299999952316284,3.299999952316284,3.299999952316284,3.299999952316284,0.0,3.299999952316284
2014-11-14,3.299999952316284,3.299999952316284,3.299999952316284,3.299999952316284,0.0,3.299999952316284
2014-11-17,3.299999952316284,3.299999952316284,3.299999952316284,3.299999952316284,0.0,3.299999952316284
2014-11-18,3.299999952316284,3.299999952316284,3.299999952316284,3.299999952316284,0.0,3.299999952316284
2014-11-19,3.299999952316284,3.299999952316284,3.299999952316284,3.299999952316284,0.0,3.299999952316284
2014-11-20,3.299999952316284,3.299999952316284,3.299999952316284,3.299999952316284,0.0,3.299999952316284
2014-11-21,3.299999952316284,3.299999952316284,3.299999952316284,3.299999952316284,0.0,3.299999952316284
2014-11-24,3.299999952316284,3.299999952316284,3.299999952316284,3.299999952316284,0.0,3.299999952316284
2014-11-25,3.299999952316284,3.299999952316284,3.299999952316284,3.299999952316284,0.0,3.299999952316284
2014-11-26,3.299999952316284,3.299999952316284,3.299999952316284,3.299999952316284,0.0,3.299999952316284
2014-11-28,3.299999952316284,3.299999952316284,3.299999952316284,3.299999952316284,0.0,3.299999952316284
2014-12-01,3.299999952316284,3.299999952316284,3.299999952316284,3.299999952316284,0.0,3.299999952316284
2014-12-02,3.299999952316284,3.299999952316284,3.299999952316284,3.299999952316284,0.0,3.299999952316284
2014-12-03,3.299999952316284,3.299999952316284,3.299999952316284,3.299999952316284,0.0,3.299999952316284
2014-12-04,3.299999952316284,3.299999952316284,3.299999952316284,3.299999952316284,0.0,3.299999952316284
2014-12-05,3.299999952316284,3.299999952316284,3.299999952316284,3.299999952316284,0.0,3.299999952316284
2014-12-08,3.299999952316284,3.299999952316284,3.299999952316284,3.299999952316284,0.0,3.299999952316284
2014-12-09,3.299999952316284,3.299999952316284,3.299999952316284,3.299999952316284,0.0,3.299999952316284
2014-12-10,3.299999952316284,3.299999952316284,3.299999952316284,3.299999952316284,0.0,3.299999952316284
2014-12-11,3.299999952316284,3.299999952316284,3.299999952316284,3.299999952316284,0.0,3.299999952316284
2014-12-12,3.299999952316284,3.299999952316284,3.299999952316284,3.299999952316284,0.0,3.299999952316284
2014-12-15,3.299999952316284,3.299999952316284,3.299999952316284,3.299999952316284,0.0,3.299999952316284
2014-12-16,3.299999952316284,3.299999952316284,3.299999952316284,3.299999952316284,0.0,3.299999952316284
2014-12-17,3.299999952316284,3.299999952316284,3.299999952316284,3.299999952316284,0.0,3.299999952316284
2014-12-18,3.299999952316284,3.299999952316284,3.299999952316284,3.299999952316284,0.0,3.299999952316284
2014-12-19,3.299999952316284,3.299999952316284,3.299999952316284,3.299999952316284,0.0,3.299999952316284
2014-12-22,3.299999952316284,3.299999952316284,3.299999952316284,3.299999952316284,0.0,3.299999952316284
2014-12-23,3.299999952316284,3.299999952316284,3.299999952316284,3.299999952316284,0.0,3.299999952316284
2014-12-24,3.299999952316284,3.299999952316284,3.299999952316284,3.299999952316284,0.0,3.299999952316284
2014-12-26,3.299999952316284,3.299999952316284,3.299999952316284,3.299999952316284,0.0,3.299999952316284
2014-12-29,3.299999952316284,3.299999952316284,3.299999952316284,3.299999952316284,0.0,3.299999952316284
2014-12-30,3.299999952316284,3.299999952316284,3.299999952316284,3.299999952316284,0.0,3.299999952316284
2014-12-31,3.299999952316284,3.299999952316284,3.299999952316284,3.299999952316284,0.0,3.299999952316284
2015-01-02,3.299999952316284,3.299999952316284,3.299999952316284,3.299999952316284,0.0,3.299999952316284
2015-01-05,3.299999952316284,3.299999952316284,3.299999952316284,3.299999952316284,0.0,3.299999952316284
2015-01-06,3.299999952316284,3.299999952316284,3.299999952316284,3.299999952316284,0.0,3.299999952316284
2015-01-07,3.299999952316284,3.299999952316284,3.299999952316284,3.299999952316284,0.0,3.299999952316284
2015-01-08,3.299999952316284,3.299999952316284,3.299999952316284,3.299999952316284,0.0,3.299999952316284
2015-01-09,3.299999952316284,3.299999952316284,3.299999952316284,3.299999952316284,0.0,3.299999952316284
2015-01-12,3.299999952316284,3.299999952316284,3.299999952316284,3.299999952316284,0.0,3.299999952316284
2015-01-13,3.299999952316284,3.299999952316284,3.299999952316284,3.299999952316284,0.0,3.299999952316284
2015-01-14,3.299999952316284,3.299999952316284,3.299999952316284,3.299999952316284,0.0,3.299999952316284
2015-01-15,3.299999952316284,3.299999952316284,3.299999952316284,3.299999952316284,0.0,3.299999952316284
2015-01-16,3.299999952316284,3.299999952316284,3.299999952316284,3.299999952316284,0.0,3.299999952316284
2015-01-20,3.299999952316284,3.299999952316284,3.299999952316284,3.299999952316284,0.0,3.299999952316284
2015-01-21,3.299999952316284,3.299999952316284,3.299999952316284,3.299999952316284,0.0,3.299999952316284
2015-01-22,3.299999952316284,3.299999952316284,3.299999952316284,3.299999952316284,0.0,3.299999952316284
2015-01-23,3.299999952316284,3.299999952316284,3.299999952316284,3.299999952316284,0.0,3.299999952316284
2015-01-26,3.299999952316284,3.299999952316284,3.299999952316284,3.299999952316284,0.0,3.299999952316284
2015-01-27,3.299999952316284,3.299999952316284,3.299999952316284,3.299999952316284,0.0,3.299999952316284
2015-01-28,3.299999952316284,3.299999952316284,3.299999952316284,3.299999952316284,0.0,3.299999952316284
2015-01-29,3.299999952316284,3.299999952316284,3.299999952316284,3.299999952316284,0.0,3.299999952316284
2015-01-30,3.299999952316284,3.299999952316284,3.299999952316284,3.299999952316284,0.0,3.299999952316284
2015-02-02,3.299999952316284,3.299999952316284,3.299999952316284,3.299999952316284,0.0,3.299999952316284
2015-02-03,3.299999952316284,3.299999952316284,3.299999952316284,3.299999952316284,0.0,3.299999952316284
2015-02-04,3.299999952316284,3.299999952316284,3.299999952316284,3.299999952316284,0.0,3.299999952316284
2015-02-05,3.299999952316284,3.299999952316284,3.299999952316284,3.299999952316284,0.0,3.299999952316284
2015-02-06,3.299999952316284,3.299999952316284,3.299999952316284,3.299999952316284,0.0,3.299999952316284
2015-02-09,3.299999952316284,3.299999952316284,3.299999952316284,3.299999952316284,0.0,3.299999952316284
2015-02-10,3.299999952316284,3.299999952316284,3.299999952316284,3.299999952316284,0.0,3.299999952316284
2015-02-11,3.299999952316284,3.299999952316284,3.299999952316284,3.299999952316284,0.0,3.299999952316284
2015-02-12,3.299999952316284,3.299999952316284,3.299999952316284,3.299999952316284,0.0,3.299999952316284
2015-02-13,3.299999952316284,3.299999952316284,3.299999952316284,3.299999952316284,0.0,3.299999952316284
2015-02-17,3.299999952316284,3.299999952316284,3.299999952316284,3.299999952316284,0.0,3.299999952316284
2015-02-18,3.299999952316284,3.299999952316284,3.299999952316284,3.299999952316284,0.0,3.299999952316284
2015-02-19,3.299999952316284,3.299999952316284,3.299999952316284,3.299999952316284,0.0,3.299999952316284
2015-02-20,3.299999952316284,3.299999952316284,3.299999952316284,3.299999952316284,0.0,3.299999952316284
2015-02-23,3.299999952316284,3.299999952316284,3.299999952316284,3.299999952316284,0.0,3.299999952316284
2015-02-24,3.299999952316284,3.299999952316284,3.299999952316284,3.299999952316284,0.0,3.299999952316284
2015-02-25,3.299999952316284,3.299999952316284,3.299999952316284,3.299999952316284,0.0,3.299999952316284
2015-02-26,3.299999952316284,3.299999952316284,3.299999952316284,3.299999952316284,0.0,3.299999952316284
2015-02-27,3.299999952316284,3.299999952316284,3.299999952316284,3.299999952316284,0.0,3.299999952316284
2015-03-02,3.299999952316284,3.299999952316284,3.299999952316284,3.299999952316284,0.0,3.299999952316284
2015-03-03,3.299999952316284,3.299999952316284,3.299999952316284,3.299999952316284,0.0,3.299999952316284
2015-03-04,3.299999952316284,3.299999952316284,3.299999952316284,3.299999952316284,0.0,3.299999952316284
2015-03-05,3.299999952316284,3.299999952316284,3.299999952316284,3.299999952316284,0.0,3.299999952316284
2015-03-06,3.299999952316284,3.299999952316284,3.299999952316284,3.299999952316284,0.0,3.299999952316284
2015-03-09,3.299999952316284,3.299999952316284,3.299999952316284,3.299999952316284,0.0,3.299999952316284
2015-03-10,3.299999952316284,3.299999952316284,3.299999952316284,3.299999952316284,0.0,3.299999952316284
2015-03-11,3.299999952316284,3.299999952316284,3.299999952316284,3.299999952316284,0.0,3.299999952316284
2015-03-12,3.299999952316284,3.299999952316284,3.299999952316284,3.299999952316284,0.0,3.299999952316284
2015-03-13,3.299999952316284,3.299999952316284,3.299999952316284,3.299999952316284,0.0,3.299999952316284
2015-03-16,3.299999952316284,3.299999952316284,3.299999952316284,3.299999952316284,0.0,3.299999952316284
2015-03-17,3.299999952316284,3.299999952316284,3.299999952316284,3.299999952316284,0.0,3.299999952316284
2015-03-18,3.299999952316284,3.299999952316284,3.299999952316284,3.299999952316284,0.0,3.299999952316284
2015-03-19,3.299999952316284,3.299999952316284,3.299999952316284,3.299999952316284,0.0,3.299999952316284
2015-03-20,3.299999952316284,3.299999952316284,3.299999952316284,3.299999952316284,0.0,3.299999952316284
2015-03-23,3.299999952316284,3.299999952316284,3.299999952316284,3.299999952316284,0.0,3.299999952316284
2015-03-24,3.299999952316284,3.299999952316284,3.299999952316284,3.299999952316284,0.0,3.299999952316284
2015-03-25,3.299999952316284,3.299999952316284,3.299999952316284,3.299999952316284,0.0,3.299999952316284
2015-03-26,3.299999952316284,3.299999952316284,3.299999952316284,3.299999952316284,0.0,3.299999952316284
2015-03-27,3.299999952316284,3.299999952316284,3.299999952316284,3.299999952316284,0.0,3.299999952316284
2015-03-30,3.299999952316284,3.299999952316284,3.299999952316284,3.299999952316284,0.0,3.299999952316284
2015-03-31,3.299999952316284,3.299999952316284,3.299999952316284,3.299999952316284,0.0,3.299999952316284
2015-04-01,3.299999952316284,3.299999952316284,3.299999952316284,3.299999952316284,0.0,3.299999952316284
2015-04-02,3.299999952316284,3.299999952316284,3.299999952316284,3.299999952316284,0.0,3.299999952316284
2015-04-06,3.299999952316284,3.299999952316284,3.299999952316284,3.299999952316284,0.0,3.299999952316284
2015-04-07,3.299999952316284,3.299999952316284,3.299999952316284,3.299999952316284,0.0,3.299999952316284
2015-04-08,3.299999952316284,3.299999952316284,3.299999952316284,3.299999952316284,0.0,3.299999952316284
2015-04-09,3.299999952316284,3.299999952316284,3.299999952316284,3.299999952316284,0.0,3.299999952316284
2015-04-10,3.299999952316284,3.299999952316284,3.299999952316284,3.299999952316284,0.0,3.299999952316284
2015-04-13,3.299999952316284,3.299999952316284,3.299999952316284,3.299999952316284,0.0,3.299999952316284
2015-04-14,3.299999952316284,3.299999952316284,3.299999952316284,3.299999952316284,0.0,3.299999952316284
2015-04-15,3.299999952316284,3.299999952316284,3.299999952316284,3.299999952316284,0.0,3.299999952316284
2015-04-16,3.299999952316284,3.299999952316284,3.299999952316284,3.299999952316284,0.0,3.299999952316284
2015-04-17,3.299999952316284,3.299999952316284,3.299999952316284,3.299999952316284,0.0,3.299999952316284
2015-04-20,3.299999952316284,3.299999952316284,3.299999952316284,3.299999952316284,0.0,3.299999952316284
2015-04-21,3.299999952316284,3.299999952316284,3.299999952316284,3.299999952316284,0.0,3.299999952316284
2015-04-22,3.299999952316284,3.299999952316284,3.299999952316284,3.299999952316284,0.0,3.299999952316284
2015-04-23,3.299999952316284,3.299999952316284,3.299999952316284,3.299999952316284,0.0,3.299999952316284
2015-04-24,3.299999952316284,3.299999952316284,3.299999952316284,3.299999952316284,0.0,3.299999952316284
2015-04-27,3.299999952316284,3.299999952316284,3.299999952316284,3.299999952316284,0.0,3.299999952316284
2015-04-28,3.299999952316284,3.299999952316284,3.299999952316284,3.299999952316284,0.0,3.299999952316284
2015-04-29,3.299999952316284,3.299999952316284,3.299999952316284,3.299999952316284,0.0,3.299999952316284
2015-04-30,3.299999952316284,3.299999952316284,3.299999952316284,3.299999952316284,0.0,3.299999952316284
2015-05-01,3.299999952316284,3.299999952316284,3.299999952316284,3.299999952316284,0.0,3.299999952316284
2015-05-04,3.299999952316284,3.299999952316284,3.299999952316284,3.299999952316284,0.0,3.299999952316284
2015-05-05,3.299999952316284,3.299999952316284,3.299999952316284,3.299999952316284,0.0,3.299999952316284
2015-05-06,3.299999952316284,3.299999952316284,3.299999952316284,3.299999952316284,0.0,3.299999952316284
2015-05-07,3.299999952316284,3.299999952316284,3.299999952316284,3.299999952316284,0.0,3.299999952316284
2015-05-08,3.299999952316284,3.299999952316284,3.299999952316284,3.299999952316284,0.0,3.299999952316284
2015-05-11,3.299999952316284,3.299999952316284,3.299999952316284,3.299999952316284,0.0,3.299999952316284
2015-05-12,3.299999952316284,3.299999952316284,3.299999952316284,3.299999952316284,0.0,3.299999952316284
2015-05-13,3.299999952316284,3.299999952316284,3.299999952316284,3.299999952316284,0.0,3.299999952316284
2015-05-14,3.299999952316284,3.299999952316284,3.299999952316284,3.299999952316284,0.0,3.299999952316284
2015-05-15,3.299999952316284,3.299999952316284,3.299999952316284,3.299999952316284,0.0,3.299999952316284
2015-05-18,3.299999952316284,3.299999952316284,3.299999952316284,3.299999952316284,0.0,3.299999952316284
2015-05-19,3.299999952316284,3.299999952316284,3.299999952316284,3.299999952316284,0.0,3.299999952316284
2015-05-20,3.299999952316284,3.299999952316284,3.299999952316284,3.299999952316284,0.0,3.299999952316284
2015-05-21,3.299999952316284,3.299999952316284,3.299999952316284,3.299999952316284,0.0,3.299999952316284
2015-05-22,3.299999952316284,3.299999952316284,3.299999952316284,3.299999952316284,0.0,3.299999952316284
2015-05-26,3.299999952316284,3.299999952316284,3.299999952316284,3.299999952316284,0.0,3.299999952316284
2015-05-27,3.299999952316284,3.299999952316284,3.299999952316284,3.299999952316284,0.0,3.299999952316284
2015-05-28,3.299999952316284,3.299999952316284,3.299999952316284,3.299999952316284,0.0,3.299999952316284
2015-05-29,3.299999952316284,3.299999952316284,3.299999952316284,3.299999952316284,0.0,3.299999952316284
2015-06-01,3.299999952316284,3.299999952316284,3.299999952316284,3.299999952316284,0.0,3.299999952316284
2015-06-02,3.299999952316284,3.299999952316284,3.299999952316284,3.299999952316284,0.0,3.299999952316284
2015-06-03,3.299999952316284,3.299999952316284,3.299999952316284,3.299999952316284,0.0,3.299999952316284
2015-06-04,3.299999952316284,3.299999952316284,3.299999952316284,3.299999952316284,0.0,3.299999952316284
2015-06-05,3.299999952316284,3.299999952316284,3.299999952316284,3.299999952316284,0.0,3.299999952316284
2015-06-08,3.299999952316284,3.299999952316284,3.299999952316284,3.299999952316284,0.0,3.299999952316284
2015-06-09,3.299999952316284,3.299999952316284,3.299999952316284,3.299999952316284,0.0,3.299999952316284
2015-06-10,3.299999952316284,3.299999952316284,3.299999952316284,3.299999952316284,600.0,3.299999952316284
2015-06-11,3.299999952316284,3.299999952316284,3.299999952316284,3.299999952316284,0.0,3.299999952316284
2015-06-12,3.299999952316284,3.299999952316284,3.299999952316284,3.299999952316284,0.0,3.299999952316284
2015-06-15,3.299999952316284,3.299999952316284,3.299999952316284,3.299999952316284,0.0,3.299999952316284
2015-06-16,3.299999952316284,3.299999952316284,3.299999952316284,3.299999952316284,0.0,3.299999952316284
2015-06-17,3.299999952316284,3.299999952316284,3.299999952316284,3.299999952316284,0.0,3.299999952316284
2015-06-18,3.299999952316284,2.200000047683716,2.200000047683716,2.200000047683716,600.0,2.200000047683716
2015-06-19,2.200000047683716,2.200000047683716,2.200000047683716,2.200000047683716,0.0,2.200000047683716
2015-06-22,2.200000047683716,2.200000047683716,2.200000047683716,2.200000047683716,0.0,2.200000047683716
2015-06-23,2.200000047683716,2.200000047683716,2.200000047683716,2.200000047683716,0.0,2.200000047683716
2015-06-24,2.200000047683716,2.200000047683716,2.200000047683716,2.200000047683716,0.0,2.200000047683716
2015-06-25,2.200000047683716,2.200000047683716,2.200000047683716,2.200000047683716,0.0,2.200000047683716
2015-06-26,2.200000047683716,2.200000047683716,2.200000047683716,2.200000047683716,0.0,2.200000047683716
2015-06-29,2.200000047683716,2.200000047683716,2.200000047683716,2.200000047683716,0.0,2.200000047683716
2015-06-30,2.200000047683716,2.200000047683716,2.200000047683716,2.200000047683716,0.0,2.200000047683716
2015-07-01,2.200000047683716,2.200000047683716,2.200000047683716,2.200000047683716,0.0,2.200000047683716
2015-07-02,2.200000047683716,2.200000047683716,2.200000047683716,2.200000047683716,0.0,2.200000047683716
2015-07-06,2.200000047683716,2.200000047683716,2.200000047683716,2.200000047683716,0.0,2.200000047683716
2015-07-07,2.200000047683716,2.200000047683716,2.200000047683716,2.200000047683716,0.0,2.200000047683716
2015-07-08,2.200000047683716,2.200000047683716,2.200000047683716,2.200000047683716,0.0,2.200000047683716
2015-07-09,2.200000047683716,2.200000047683716,2.200000047683716,2.200000047683716,0.0,2.200000047683716
2015-07-10,2.200000047683716,2.200000047683716,2.200000047683716,2.200000047683716,0.0,2.200000047683716
2015-07-13,2.200000047683716,2.200000047683716,2.200000047683716,2.200000047683716,0.0,2.200000047683716
2015-07-14,2.200000047683716,2.200000047683716,2.200000047683716,2.200000047683716,0.0,2.200000047683716
2015-07-15,2.200000047683716,2.200000047683716,2.200000047683716,2.200000047683716,0.0,2.200000047683716
2015-07-16,2.200000047683716,2.200000047683716,2.200000047683716,2.200000047683716,0.0,2.200000047683716
2015-07-17,2.200000047683716,2.200000047683716,2.200000047683716,2.200000047683716,0.0,2.200000047683716
2015-07-20,2.200000047683716,2.200000047683716,2.200000047683716,2.200000047683716,0.0,2.200000047683716
2015-07-21,2.200000047683716,2.200000047683716,2.200000047683716,2.200000047683716,0.0,2.200000047683716
2015-07-22,2.200000047683716,2.200000047683716,2.200000047683716,2.200000047683716,0.0,2.200000047683716
2015-07-23,2.200000047683716,2.200000047683716,2.200000047683716,2.200000047683716,0.0,2.200000047683716
2015-07-24,2.200000047683716,2.200000047683716,2.200000047683716,2.200000047683716,0.0,2.200000047683716
2015-07-27,2.200000047683716,2.200000047683716,2.200000047683716,2.200000047683716,0.0,2.200000047683716
2015-07-28,2.200000047683716,2.200000047683716,2.200000047683716,2.200000047683716,0.0,2.200000047683716
2015-07-29,2.200000047683716,2.200000047683716,2.200000047683716,2.200000047683716,0.0,2.200000047683716
2015-07-30,2.200000047683716,2.200000047683716,2.200000047683716,2.200000047683716,0.0,2.200000047683716
2015-07-31,2.200000047683716,2.200000047683716,2.200000047683716,2.200000047683716,0.0,2.200000047683716
2015-08-03,2.200000047683716,2.200000047683716,2.200000047683716,2.200000047683716,0.0,2.200000047683716
2015-08-04,2.200000047683716,2.200000047683716,2.200000047683716,2.200000047683716,0.0,2.200000047683716
2015-08-05,2.200000047683716,2.200000047683716,2.200000047683716,2.200000047683716,0.0,2.200000047683716
2015-08-06,2.200000047683716,2.200000047683716,2.200000047683716,2.200000047683716,0.0,2.200000047683716
2015-08-07,2.200000047683716,2.200000047683716,2.200000047683716,2.200000047683716,0.0,2.200000047683716
2015-08-10,2.200000047683716,2.200000047683716,2.200000047683716,2.200000047683716,0.0,2.200000047683716
2015-08-11,2.200000047683716,2.200000047683716,2.200000047683716,2.200000047683716,0.0,2.200000047683716
2015-08-12,2.200000047683716,2.200000047683716,2.200000047683716,2.200000047683716,0.0,2.200000047683716
2015-08-13,2.200000047683716,2.200000047683716,2.200000047683716,2.200000047683716,0.0,2.200000047683716
2015-08-14,2.200000047683716,2.200000047683716,2.200000047683716,2.200000047683716,0.0,2.200000047683716
2015-08-17,2.200000047683716,2.200000047683716,2.200000047683716,2.200000047683716,0.0,2.200000047683716
2015-08-18,2.200000047683716,2.200000047683716,2.200000047683716,2.200000047683716,0.0,2.200000047683716
2015-08-19,2.200000047683716,2.200000047683716,2.200000047683716,2.200000047683716,0.0,2.200000047683716
2015-08-20,2.200000047683716,2.200000047683716,2.200000047683716,2.200000047683716,0.0,2.200000047683716
2015-08-21,2.200000047683716,2.200000047683716,2.200000047683716,2.200000047683716,0.0,2.200000047683716
2015-08-24,2.200000047683716,2.200000047683716,2.200000047683716,2.200000047683716,0.0,2.200000047683716
2015-08-25,2.200000047683716,2.200000047683716,2.200000047683716,2.200000047683716,0.0,2.200000047683716
2015-08-26,2.200000047683716,2.200000047683716,2.200000047683716,2.200000047683716,0.0,2.200000047683716
2015-08-27,2.200000047683716,2.200000047683716,2.200000047683716,2.200000047683716,0.0,2.200000047683716
2015-08-28,2.200000047683716,2.200000047683716,2.200000047683716,2.200000047683716,0.0,2.200000047683716
2015-08-31,2.200000047683716,2.200000047683716,2.200000047683716,2.200000047683716,0.0,2.200000047683716
2015-09-01,2.200000047683716,2.200000047683716,2.200000047683716,2.200000047683716,0.0,2.200000047683716
2015-09-02,2.200000047683716,2.200000047683716,2.200000047683716,2.200000047683716,0.0,2.200000047683716
2015-09-03,2.200000047683716,2.200000047683716,2.200000047683716,2.200000047683716,0.0,2.200000047683716
2015-09-04,2.200000047683716,2.200000047683716,2.200000047683716,2.200000047683716,0.0,2.200000047683716
2015-09-08,2.200000047683716,2.200000047683716,2.200000047683716,2.200000047683716,0.0,2.200000047683716
2015-09-09,2.200000047683716,2.200000047683716,2.200000047683716,2.200000047683716,0.0,2.200000047683716
2015-09-10,2.200000047683716,2.200000047683716,2.200000047683716,2.200000047683716,0.0,2.200000047683716
2015-09-11,2.200000047683716,2.200000047683716,2.200000047683716,2.200000047683716,0.0,2.200000047683716
2015-09-14,2.200000047683716,2.200000047683716,2.200000047683716,2.200000047683716,0.0,2.200000047683716
2015-09-15,2.200000047683716,2.200000047683716,2.200000047683716,2.200000047683716,0.0,2.200000047683716
2015-09-16,2.200000047683716,2.200000047683716,2.200000047683716,2.200000047683716,0.0,2.200000047683716
2015-09-17,2.200000047683716,2.200000047683716,2.200000047683716,2.200000047683716,0.0,2.200000047683716
2015-09-18,2.200000047683716,2.200000047683716,2.200000047683716,2.200000047683716,0.0,2.200000047683716
2015-09-21,2.200000047683716,2.200000047683716,2.200000047683716,2.200000047683716,0.0,2.200000047683716
2015-09-22,2.200000047683716,2.200000047683716,2.200000047683716,2.200000047683716,0.0,2.200000047683716
2015-09-23,2.200000047683716,2.200000047683716,2.200000047683716,2.200000047683716,0.0,2.200000047683716
2015-09-24,2.200000047683716,2.200000047683716,2.200000047683716,2.200000047683716,0.0,2.200000047683716
2015-09-25,2.200000047683716,2.200000047683716,2.200000047683716,2.200000047683716,0.0,2.200000047683716
2015-09-28,2.200000047683716,2.200000047683716,2.200000047683716,2.200000047683716,0.0,2.200000047683716
2015-09-29,2.200000047683716,2.200000047683716,2.200000047683716,2.200000047683716,0.0,2.200000047683716
2015-09-30,2.200000047683716,2.200000047683716,2.200000047683716,2.200000047683716,0.0,2.200000047683716
2015-10-01,2.200000047683716,2.200000047683716,2.200000047683716,2.200000047683716,0.0,2.200000047683716
2015-10-02,2.200000047683716,2.200000047683716,2.200000047683716,2.200000047683716,0.0,2.200000047683716
2015-10-05,2.200000047683716,2.200000047683716,2.200000047683716,2.200000047683716,0.0,2.200000047683716
2015-10-06,2.200000047683716,2.200000047683716,2.200000047683716,2.200000047683716,0.0,2.200000047683716
2015-10-07,2.200000047683716,2.200000047683716,2.200000047683716,2.200000047683716,0.0,2.200000047683716
2015-10-08,2.200000047683716,2.200000047683716,2.200000047683716,2.200000047683716,0.0,2.200000047683716
2015-10-09,2.200000047683716,2.200000047683716,2.200000047683716,2.200000047683716,0.0,2.200000047683716
2015-10-12,2.200000047683716,2.200000047683716,2.200000047683716,2.200000047683716,0.0,2.200000047683716
2015-10-13,4.400000095367432,4.400000095367432,4.400000095367432,4.400000095367432,0.0,4.400000095367432
2015-10-14,4.400000095367432,4.400000095367432,4.400000095367432,4.400000095367432,0.0,4.400000095367432
2015-10-15,4.400000095367432,4.400000095367432,4.400000095367432,4.400000095367432,0.0,4.400000095367432
2015-10-16,4.400000095367432,4.400000095367432,4.400000095367432,4.400000095367432,0.0,4.400000095367432
2015-10-19,4.400000095367432,4.400000095367432,4.400000095367432,4.400000095367432,0.0,4.400000095367432
2015-10-20,4.400000095367432,4.400000095367432,4.400000095367432,4.400000095367432,0.0,4.400000095367432
2015-10-21,4.400000095367432,4.400000095367432,4.400000095367432,4.400000095367432,0.0,4.400000095367432
2015-10-22,4.400000095367432,4.400000095367432,4.400000095367432,4.400000095367432,0.0,4.400000095367432
2015-10-23,4.400000095367432,4.400000095367432,4.400000095367432,4.400000095367432,0.0,4.400000095367432
2015-10-26,4.400000095367432,4.400000095367432,4.400000095367432,4.400000095367432,0.0,4.400000095367432
2015-10-27,4.400000095367432,4.400000095367432,4.400000095367432,4.400000095367432,0.0,4.400000095367432
2015-10-28,4.400000095367432,4.400000095367432,4.400000095367432,4.400000095367432,0.0,4.400000095367432
2015-10-29,4.400000095367432,4.400000095367432,4.400000095367432,4.400000095367432,0.0,4.400000095367432
2015-10-30,4.400000095367432,4.400000095367432,4.400000095367432,4.400000095367432,0.0,4.400000095367432
2015-11-02,4.400000095367432,4.400000095367432,4.400000095367432,4.400000095367432,0.0,4.400000095367432
2015-11-03,4.400000095367432,4.400000095367432,4.400000095367432,4.400000095367432,0.0,4.400000095367432
2015-11-04,4.400000095367432,4.400000095367432,4.400000095367432,4.400000095367432,0.0,4.400000095367432
2015-11-05,4.400000095367432,4.400000095367432,4.400000095367432,4.400000095367432,0.0,4.400000095367432
2015-11-06,4.400000095367432,4.400000095367432,4.400000095367432,4.400000095367432,0.0,4.400000095367432
2015-11-09,4.400000095367432,4.400000095367432,4.400000095367432,4.400000095367432,0.0,4.400000095367432
2015-11-10,4.400000095367432,4.400000095367432,4.400000095367432,4.400000095367432,0.0,4.400000095367432
2015-11-11,4.400000095367432,4.400000095367432,4.400000095367432,4.400000095367432,0.0,4.400000095367432
2015-11-12,4.400000095367432,4.400000095367432,4.400000095367432,4.400000095367432,0.0,4.400000095367432
2015-11-13,4.400000095367432,4.400000095367432,4.400000095367432,4.400000095367432,0.0,4.400000095367432
2015-11-16,4.400000095367432,4.400000095367432,4.400000095367432,4.400000095367432,0.0,4.400000095367432
2015-11-17,4.400000095367432,4.400000095367432,4.400000095367432,4.400000095367432,0.0,4.400000095367432
2015-11-18,4.400000095367432,4.400000095367432,4.400000095367432,4.400000095367432,0.0,4.400000095367432
2015-11-19,4.400000095367432,4.400000095367432,4.400000095367432,4.400000095367432,0.0,4.400000095367432
2015-11-20,4.400000095367432,4.400000095367432,4.400000095367432,4.400000095367432,0.0,4.400000095367432
2015-11-23,4.400000095367432,4.400000095367432,4.400000095367432,4.400000095367432,0.0,4.400000095367432
2015-11-24,4.400000095367432,4.400000095367432,4.400000095367432,4.400000095367432,0.0,4.400000095367432
2015-11-25,4.400000095367432,4.400000095367432,4.400000095367432,4.400000095367432,0.0,4.400000095367432
2015-11-27,4.400000095367432,4.400000095367432,4.400000095367432,4.400000095367432,0.0,4.400000095367432
2015-11-30,4.400000095367432,4.400000095367432,4.400000095367432,4.400000095367432,0.0,4.400000095367432
2015-12-01,4.400000095367432,4.400000095367432,4.400000095367432,4.400000095367432,0.0,4.400000095367432
2015-12-02,4.400000095367432,4.400000095367432,4.400000095367432,4.400000095367432,0.0,4.400000095367432
2015-12-03,4.400000095367432,4.400000095367432,4.400000095367432,4.400000095367432,0.0,4.400000095367432
2015-12-04,4.400000095367432,4.400000095367432,4.400000095367432,4.400000095367432,0.0,4.400000095367432
2015-12-07,4.400000095367432,4.400000095367432,4.400000095367432,4.400000095367432,0.0,4.400000095367432
2015-12-08,4.400000095367432,4.400000095367432,4.400000095367432,4.400000095367432,0.0,4.400000095367432
2015-12-09,4.400000095367432,4.400000095367432,4.400000095367432,4.400000095367432,0.0,4.400000095367432
2015-12-10,4.400000095367432,4.400000095367432,4.400000095367432,4.400000095367432,0.0,4.400000095367432
2015-12-11,4.400000095367432,4.400000095367432,4.400000095367432,4.400000095367432,0.0,4.400000095367432
2015-12-14,4.400000095367432,4.400000095367432,4.400000095367432,4.400000095367432,0.0,4.400000095367432
2015-12-15,4.400000095367432,4.400000095367432,4.400000095367432,4.400000095367432,0.0,4.400000095367432
2015-12-16,4.400000095367432,4.400000095367432,4.400000095367432,4.400000095367432,0.0,4.400000095367432
2015-12-17,4.400000095367432,4.400000095367432,4.400000095367432,4.400000095367432,0.0,4.400000095367432
2015-12-18,4.400000095367432,4.400000095367432,4.400000095367432,4.400000095367432,0.0,4.400000095367432
2015-12-21,4.400000095367432,4.400000095367432,4.400000095367432,4.400000095367432,0.0,4.400000095367432
2015-12-22,4.400000095367432,4.400000095367432,4.400000095367432,4.400000095367432,0.0,4.400000095367432
2015-12-23,4.400000095367432,4.400000095367432,4.400000095367432,4.400000095367432,0.0,4.400000095367432
2015-12-24,4.400000095367432,4.400000095367432,4.400000095367432,4.400000095367432,0.0,4.400000095367432
2015-12-28,4.400000095367432,4.400000095367432,4.400000095367432,4.400000095367432,0.0,4.400000095367432
2015-12-29,4.400000095367432,4.400000095367432,4.400000095367432,4.400000095367432,0.0,4.400000095367432
2015-12-30,4.400000095367432,4.400000095367432,4.400000095367432,4.400000095367432,0.0,4.400000095367432
2015-12-31,2.200000047683716,2.200000047683716,2.200000047683716,2.200000047683716,0.0,2.200000047683716
2016-01-04,2.200000047683716,2.200000047683716,2.200000047683716,2.200000047683716,0.0,2.200000047683716
2016-01-05,2.200000047683716,2.200000047683716,2.200000047683716,2.200000047683716,0.0,2.200000047683716
2016-01-06,4.400000095367432,4.400000095367432,4.400000095367432,4.400000095367432,0.0,4.400000095367432
2016-01-07,4.400000095367432,2.200000047683716,3.299999952316284,2.200000047683716,100.0,2.200000047683716
2016-01-08,2.200000047683716,2.200000047683716,2.200000047683716,2.200000047683716,0.0,2.200000047683716
2016-01-11,2.200000047683716,2.200000047683716,2.200000047683716,2.200000047683716,0.0,2.200000047683716
2016-01-12,2.200000047683716,2.200000047683716,2.200000047683716,2.200000047683716,0.0,2.200000047683716
2016-01-13,2.200000047683716,2.200000047683716,2.200000047683716,2.200000047683716,0.0,2.200000047683716
2016-01-14,2.200000047683716,2.200000047683716,2.200000047683716,2.200000047683716,0.0,2.200000047683716
2016-01-15,2.200000047683716,2.200000047683716,2.200000047683716,2.200000047683716,0.0,2.200000047683716
2016-01-19,2.200000047683716,2.200000047683716,2.200000047683716,2.200000047683716,0.0,2.200000047683716
2016-01-20,2.200000047683716,2.200000047683716,2.200000047683716,2.200000047683716,0.0,2.200000047683716
2016-01-21,2.200000047683716,2.200000047683716,2.200000047683716,2.200000047683716,0.0,2.200000047683716
2016-01-22,2.200000047683716,2.200000047683716,2.200000047683716,2.200000047683716,0.0,2.200000047683716
2016-01-25,2.200000047683716,2.200000047683716,2.200000047683716,2.200000047683716,0.0,2.200000047683716
2016-01-26,2.200000047683716,2.200000047683716,2.200000047683716,2.200000047683716,0.0,2.200000047683716
2016-01-27,2.200000047683716,2.200000047683716,2.200000047683716,2.200000047683716,0.0,2.200000047683716
2016-01-28,2.200000047683716,2.200000047683716,2.200000047683716,2.200000047683716,0.0,2.200000047683716
2016-01-29,2.200000047683716,2.200000047683716,2.200000047683716,2.200000047683716,0.0,2.200000047683716
2016-02-01,2.200000047683716,2.200000047683716,2.200000047683716,2.200000047683716,0.0,2.200000047683716
2016-02-02,2.200000047683716,2.200000047683716,2.200000047683716,2.200000047683716,0.0,2.200000047683716
2016-02-03,2.200000047683716,2.200000047683716,2.200000047683716,2.200000047683716,0.0,2.200000047683716
2016-02-04,2.200000047683716,2.200000047683716,2.200000047683716,2.200000047683716,0.0,2.200000047683716
2016-02-05,2.200000047683716,2.200000047683716,2.200000047683716,2.200000047683716,0.0,2.200000047683716
2016-02-08,2.200000047683716,2.200000047683716,2.200000047683716,2.200000047683716,0.0,2.200000047683716
2016-02-09,2.200000047683716,2.200000047683716,2.200000047683716,2.200000047683716,0.0,2.200000047683716
2016-02-10,2.200000047683716,2.200000047683716,2.200000047683716,2.200000047683716,0.0,2.200000047683716
2016-02-11,2.200000047683716,2.200000047683716,2.200000047683716,2.200000047683716,0.0,2.200000047683716
2016-02-12,2.200000047683716,2.200000047683716,2.200000047683716,2.200000047683716,0.0,2.200000047683716
2016-02-16,2.200000047683716,2.200000047683716,2.200000047683716,2.200000047683716,0.0,2.200000047683716
2016-02-17,2.200000047683716,2.200000047683716,2.200000047683716,2.200000047683716,0.0,2.200000047683716
2016-02-18,2.200000047683716,2.200000047683716,2.200000047683716,2.200000047683716,0.0,2.200000047683716
2016-02-19,2.200000047683716,2.200000047683716,2.200000047683716,2.200000047683716,0.0,2.200000047683716
2016-02-22,2.200000047683716,2.200000047683716,2.200000047683716,2.200000047683716,0.0,2.200000047683716
2016-02-23,2.200000047683716,2.200000047683716,2.200000047683716,2.200000047683716,0.0,2.200000047683716
2016-02-24,2.200000047683716,2.200000047683716,2.200000047683716,2.200000047683716,0.0,2.200000047683716
2016-02-25,2.200000047683716,2.200000047683716,2.200000047683716,2.200000047683716,0.0,2.200000047683716
2016-02-26,2.200000047683716,2.200000047683716,2.200000047683716,2.200000047683716,0.0,2.200000047683716
2016-02-29,2.200000047683716,2.200000047683716,2.200000047683716,2.200000047683716,0.0,2.200000047683716
2016-03-01,2.200000047683716,2.200000047683716,2.200000047683716,2.200000047683716,0.0,2.200000047683716
2016-03-02,2.200000047683716,2.200000047683716,2.200000047683716,2.200000047683716,0.0,2.200000047683716
2016-03-03,2.200000047683716,2.200000047683716,2.200000047683716,2.200000047683716,0.0,2.200000047683716
2016-03-04,2.200000047683716,2.200000047683716,2.200000047683716,2.200000047683716,0.0,2.200000047683716
2016-03-07,2.200000047683716,2.200000047683716,2.200000047683716,2.200000047683716,0.0,2.200000047683716
2016-03-08,2.200000047683716,2.200000047683716,2.200000047683716,2.200000047683716,0.0,2.200000047683716
2016-03-09,2.200000047683716,2.200000047683716,2.200000047683716,2.200000047683716,0.0,2.200000047683716
2016-03-10,1.7599999904632568,1.7599999904632568,1.7599999904632568,1.7599999904632568,0.0,1.7599999904632568
2016-03-11,1.7599999904632568,1.7599999904632568,1.7599999904632568,1.7599999904632568,0.0,1.7599999904632568
2016-03-14,1.7599999904632568,1.7599999904632568,1.7599999904632568,1.7599999904632568,0.0,1.7599999904632568
2016-03-15,1.7599999904632568,1.7599999904632568,1.7599999904632568,1.7599999904632568,0.0,1.7599999904632568
2016-03-16,1.7599999904632568,1.7599999904632568,1.7599999904632568,1.7599999904632568,0.0,1.7599999904632568
2016-03-17,1.7599999904632568,1.7599999904632568,1.7599999904632568,1.7599999904632568,0.0,1.7599999904632568
2016-03-18,1.7599999904632568,1.7599999904632568,1.7599999904632568,1.7599999904632568,0.0,1.7599999904632568
2016-03-21,1.7599999904632568,1.7599999904632568,1.7599999904632568,1.7599999904632568,0.0,1.7599999904632568
2016-03-22,1.7599999904632568,1.7599999904632568,1.7599999904632568,1.7599999904632568,0.0,1.7599999904632568
2016-03-23,1.7599999904632568,1.7599999904632568,1.7599999904632568,1.7599999904632568,0.0,1.7599999904632568
2016-03-24,1.7599999904632568,1.7599999904632568,1.7599999904632568,1.7599999904632568,0.0,1.7599999904632568
2016-03-28,1.7599999904632568,1.7599999904632568,1.7599999904632568,1.7599999904632568,0.0,1.7599999904632568
2016-03-29,1.7599999904632568,1.7599999904632568,1.7599999904632568,1.7599999904632568,0.0,1.7599999904632568
2016-03-30,1.7599999904632568,1.7599999904632568,1.7599999904632568,1.7599999904632568,0.0,1.7599999904632568
2016-03-31,1.7599999904632568,1.7599999904632568,1.7599999904632568,1.7599999904632568,0.0,1.7599999904632568
2016-04-01,1.7599999904632568,1.7599999904632568,1.7599999904632568,1.7599999904632568,0.0,1.7599999904632568
2016-04-04,1.7599999904632568,1.7599999904632568,1.7599999904632568,1.7599999904632568,0.0,1.7599999904632568
2016-04-05,1.7599999904632568,1.7599999904632568,1.7599999904632568,1.7599999904632568,0.0,1.7599999904632568
2016-04-06,1.7599999904632568,1.7599999904632568,1.7599999904632568,1.7599999904632568,0.0,1.7599999904632568
2016-04-07,1.7599999904632568,1.7599999904632568,1.7599999904632568,1.7599999904632568,0.0,1.7599999904632568
2016-04-08,1.7599999904632568,1.7599999904632568,1.7599999904632568,1.7599999904632568,0.0,1.7599999904632568
2016-04-11,1.7599999904632568,1.7599999904632568,1.7599999904632568,1.7599999904632568,0.0,1.7599999904632568
2016-04-12,1.7599999904632568,1.7599999904632568,1.7599999904632568,1.7599999904632568,0.0,1.7599999904632568
2016-04-13,1.7599999904632568,1.7599999904632568,1.7599999904632568,1.7599999904632568,0.0,1.7599999904632568
2016-04-14,1.7599999904632568,1.7599999904632568,1.7599999904632568,1.7599999904632568,0.0,1.7599999904632568
2016-04-15,1.7599999904632568,1.7599999904632568,1.7599999904632568,1.7599999904632568,0.0,1.7599999904632568
2016-04-18,1.7599999904632568,1.7599999904632568,1.7599999904632568,1.7599999904632568,0.0,1.7599999904632568
2016-04-19,1.7599999904632568,1.7599999904632568,1.7599999904632568,1.7599999904632568,0.0,1.7599999904632568
2016-04-20,1.7599999904632568,1.7599999904632568,1.7599999904632568,1.7599999904632568,0.0,1.7599999904632568
2016-04-21,1.7599999904632568,1.7599999904632568,1.7599999904632568,1.7599999904632568,0.0,1.7599999904632568
2016-04-22,1.649999976158142,0.2199999988079071,1.649999976158142,0.33000001311302185,17400.0,0.33000001311302185
2016-04-25,0.33000001311302185,0.33000001311302185,0.33000001311302185,0.33000001311302185,0.0,0.33000001311302185
2016-04-26,0.6600000262260437,0.6600000262260437,0.6600000262260437,0.6600000262260437,0.0,0.6600000262260437
2016-04-27,0.6600000262260437,0.6600000262260437,0.6600000262260437,0.6600000262260437,500.0,0.6600000262260437
2016-04-28,0.6600000262260437,0.6600000262260437,0.6600000262260437,0.6600000262260437,0.0,0.6600000262260437
2016-04-29,0.6600000262260437,0.6600000262260437,0.6600000262260437,0.6600000262260437,0.0,0.6600000262260437
2016-05-02,0.33000001311302185,0.33000001311302185,0.33000001311302185,0.33000001311302185,0.0,0.33000001311302185
2016-05-03,0.6600000262260437,0.6600000262260437,0.6600000262260437,0.6600000262260437,100.0,0.6600000262260437
2016-05-04,0.33000001311302185,0.33000001311302185,0.33000001311302185,0.33000001311302185,0.0,0.33000001311302185
2016-05-05,0.6600000262260437,0.6600000262260437,0.6600000262260437,0.6600000262260437,200.0,0.6600000262260437
2016-05-06,0.6600000262260437,0.6600000262260437,0.6600000262260437,0.6600000262260437,0.0,0.6600000262260437
2016-05-09,0.33000001311302185,0.33000001311302185,0.33000001311302185,0.33000001311302185,0.0,0.33000001311302185
2016-05-10,0.33000001311302185,0.33000001311302185,0.33000001311302185,0.33000001311302185,0.0,0.33000001311302185
2016-05-11,0.33000001311302185,0.33000001311302185,0.33000001311302185,0.33000001311302185,0.0,0.33000001311302185
2016-05-12,0.33000001311302185,0.33000001311302185,0.33000001311302185,0.33000001311302185,0.0,0.33000001311302185
2016-05-13,0.33000001311302185,0.33000001311302185,0.33000001311302185,0.33000001311302185,0.0,0.33000001311302185
2016-05-16,0.33000001311302185,0.33000001311302185,0.33000001311302185,0.33000001311302185,0.0,0.33000001311302185
2016-05-17,0.33000001311302185,0.33000001311302185,0.33000001311302185,0.33000001311302185,0.0,0.33000001311302185
2016-05-18,0.33000001311302185,0.33000001311302185,0.33000001311302185,0.33000001311302185,0.0,0.33000001311302185
2016-05-19,0.33000001311302185,0.33000001311302185,0.33000001311302185,0.33000001311302185,0.0,0.33000001311302185
2016-05-20,0.33000001311302185,0.33000001311302185,0.33000001311302185,0.33000001311302185,0.0,0.33000001311302185
2016-05-23,0.33000001311302185,0.33000001311302185,0.33000001311302185,0.33000001311302185,0.0,0.33000001311302185
2016-05-24,0.33000001311302185,0.33000001311302185,0.33000001311302185,0.33000001311302185,0.0,0.33000001311302185
2016-05-25,0.33000001311302185,0.33000001311302185,0.33000001311302185,0.33000001311302185,0.0,0.33000001311302185
2016-05-26,0.33000001311302185,0.33000001311302185,0.33000001311302185,0.33000001311302185,0.0,0.33000001311302185
2016-05-27,0.33000001311302185,0.33000001311302185,0.33000001311302185,0.33000001311302185,0.0,0.33000001311302185
2016-05-31,0.33000001311302185,0.33000001311302185,0.33000001311302185,0.33000001311302185,0.0,0.33000001311302185
2016-06-01,0.33000001311302185,0.33000001311302185,0.33000001311302185,0.33000001311302185,0.0,0.33000001311302185
2016-06-02,0.33000001311302185,0.33000001311302185,0.33000001311302185,0.33000001311302185,0.0,0.33000001311302185
2016-06-03,0.33000001311302185,0.33000001311302185,0.33000001311302185,0.33000001311302185,100.0,0.33000001311302185
2016-06-06,0.33000001311302185,0.33000001311302185,0.33000001311302185,0.33000001311302185,0.0,0.33000001311302185
2016-06-07,0.33000001311302185,0.33000001311302185,0.33000001311302185,0.33000001311302185,0.0,0.33000001311302185
2016-06-08,0.33000001311302185,0.33000001311302185,0.33000001311302185,0.33000001311302185,0.0,0.33000001311302185
2016-06-09,0.33000001311302185,0.33000001311302185,0.33000001311302185,0.33000001311302185,0.0,0.33000001311302185
2016-06-10,0.33000001311302185,0.33000001311302185,0.33000001311302185,0.33000001311302185,0.0,0.33000001311302185
2016-06-13,0.33000001311302185,0.33000001311302185,0.33000001311302185,0.33000001311302185,0.0,0.33000001311302185
2016-06-14,0.33000001311302185,0.33000001311302185,0.33000001311302185,0.33000001311302185,0.0,0.33000001311302185
2016-06-15,0.33000001311302185,0.33000001311302185,0.33000001311302185,0.33000001311302185,0.0,0.33000001311302185
2016-06-16,0.33000001311302185,0.33000001311302185,0.33000001311302185,0.33000001311302185,0.0,0.33000001311302185
2016-06-17,0.33000001311302185,0.33000001311302185,0.33000001311302185,0.33000001311302185,0.0,0.33000001311302185
2016-06-20,0.33000001311302185,0.33000001311302185,0.33000001311302185,0.33000001311302185,0.0,0.33000001311302185
2016-06-21,0.33000001311302185,0.33000001311302185,0.33000001311302185,0.33000001311302185,0.0,0.33000001311302185
2016-06-22,0.33000001311302185,0.33000001311302185,0.33000001311302185,0.33000001311302185,0.0,0.33000001311302185
2016-06-23,0.33000001311302185,0.33000001311302185,0.33000001311302185,0.33000001311302185,0.0,0.33000001311302185
2016-06-24,0.33000001311302185,0.33000001311302185,0.33000001311302185,0.33000001311302185,0.0,0.33000001311302185
2016-06-27,0.33000001311302185,0.33000001311302185,0.33000001311302185,0.33000001311302185,0.0,0.33000001311302185
2016-06-28,0.33000001311302185,0.33000001311302185,0.33000001311302185,0.33000001311302185,0.0,0.33000001311302185
2016-06-29,0.33000001311302185,0.33000001311302185,0.33000001311302185,0.33000001311302185,0.0,0.33000001311302185
2016-06-30,0.33000001311302185,0.33000001311302185,0.33000001311302185,0.33000001311302185,0.0,0.33000001311302185
2016-07-01,0.33000001311302185,0.33000001311302185,0.33000001311302185,0.33000001311302185,0.0,0.33000001311302185
2016-07-05,0.33000001311302185,0.33000001311302185,0.33000001311302185,0.33000001311302185,0.0,0.33000001311302185
2016-07-06,0.33000001311302185,0.33000001311302185,0.33000001311302185,0.33000001311302185,0.0,0.33000001311302185
2016-07-07,0.33000001311302185,0.33000001311302185,0.33000001311302185,0.33000001311302185,0.0,0.33000001311302185
2016-07-08,0.33000001311302185,0.33000001311302185,0.33000001311302185,0.33000001311302185,0.0,0.33000001311302185
2016-07-11,0.33000001311302185,0.33000001311302185,0.33000001311302185,0.33000001311302185,0.0,0.33000001311302185
2016-07-12,0.33000001311302185,0.33000001311302185,0.33000001311302185,0.33000001311302185,0.0,0.33000001311302185
2016-07-13,0.33000001311302185,0.33000001311302185,0.33000001311302185,0.33000001311302185,0.0,0.33000001311302185
2016-07-14,0.33000001311302185,0.33000001311302185,0.33000001311302185,0.33000001311302185,0.0,0.33000001311302185
2016-07-15,0.33000001311302185,0.33000001311302185,0.33000001311302185,0.33000001311302185,0.0,0.33000001311302185
2016-07-18,0.2199999988079071,0.2199999988079071,0.2199999988079071,0.2199999988079071,38600.0,0.2199999988079071
2016-07-19,0.2199999988079071,0.2199999988079071,0.2199999988079071,0.2199999988079071,0.0,0.2199999988079071
2016-07-20,0.2199999988079071,0.2199999988079071,0.2199999988079071,0.2199999988079071,900.0,0.2199999988079071
2016-07-21,0.2199999988079071,0.2199999988079071,0.2199999988079071,0.2199999988079071,0.0,0.2199999988079071
2016-07-22,0.2199999988079071,0.2199999988079071,0.2199999988079071,0.2199999988079071,0.0,0.2199999988079071
2016-07-25,0.2199999988079071,0.2199999988079071,0.2199999988079071,0.2199999988079071,0.0,0.2199999988079071
2016-07-26,0.2199999988079071,0.2199999988079071,0.2199999988079071,0.2199999988079071,0.0,0.2199999988079071
2016-07-27,0.2199999988079071,0.2199999988079071,0.2199999988079071,0.2199999988079071,0.0,0.2199999988079071
2016-07-28,0.2199999988079071,0.2199999988079071,0.2199999988079071,0.2199999988079071,0.0,0.2199999988079071
2016-07-29,0.2199999988079071,0.2199999988079071,0.2199999988079071,0.2199999988079071,0.0,0.2199999988079071
2016-08-01,0.2199999988079071,0.2199999988079071,0.2199999988079071,0.2199999988079071,0.0,0.2199999988079071
2016-08-02,0.2199999988079071,0.2199999988079071,0.2199999988079071,0.2199999988079071,0.0,0.2199999988079071
2016-08-03,0.2199999988079071,0.2199999988079071,0.2199999988079071,0.2199999988079071,0.0,0.2199999988079071
2016-08-04,0.2199999988079071,0.2199999988079071,0.2199999988079071,0.2199999988079071,0.0,0.2199999988079071
2016-08-05,0.2199999988079071,0.2199999988079071,0.2199999988079071,0.2199999988079071,0.0,0.2199999988079071
2016-08-08,0.2199999988079071,0.2199999988079071,0.2199999988079071,0.2199999988079071,0.0,0.2199999988079071
2016-08-09,0.2199999988079071,0.2199999988079071,0.2199999988079071,0.2199999988079071,0.0,0.2199999988079071
2016-08-10,0.2199999988079071,0.2199999988079071,0.2199999988079071,0.2199999988079071,0.0,0.2199999988079071
2016-08-11,0.2199999988079071,0.2199999988079071,0.2199999988079071,0.2199999988079071,0.0,0.2199999988079071
2016-08-12,0.2199999988079071,0.2199999988079071,0.2199999988079071,0.2199999988079071,0.0,0.2199999988079071
2016-08-15,0.2199999988079071,0.2199999988079071,0.2199999988079071,0.2199999988079071,0.0,0.2199999988079071
2016-08-16,0.2199999988079071,0.2199999988079071,0.2199999988079071,0.2199999988079071,0.0,0.2199999988079071
2016-08-17,0.2199999988079071,0.2199999988079071,0.2199999988079071,0.2199999988079071,0.0,0.2199999988079071
2016-08-18,0.2199999988079071,0.2199999988079071,0.2199999988079071,0.2199999988079071,0.0,0.2199999988079071
2016-08-19,0.2199999988079071,0.2199999988079071,0.2199999988079071,0.2199999988079071,0.0,0.2199999988079071
2016-08-22,0.2199999988079071,0.2199999988079071,0.2199999988079071,0.2199999988079071,0.0,0.2199999988079071
2016-08-23,0.2199999988079071,0.2199999988079071,0.2199999988079071,0.2199999988079071,0.0,0.2199999988079071
2016-08-24,0.2199999988079071,0.2199999988079071,0.2199999988079071,0.2199999988079071,0.0,0.2199999988079071
2016-08-25,0.2199999988079071,0.2199999988079071,0.2199999988079071,0.2199999988079071,0.0,0.2199999988079071
2016-08-26,0.2199999988079071,0.2199999988079071,0.2199999988079071,0.2199999988079071,0.0,0.2199999988079071
2016-08-29,0.2199999988079071,0.2199999988079071,0.2199999988079071,0.2199999988079071,0.0,0.2199999988079071
2016-08-30,0.2199999988079071,0.2199999988079071,0.2199999988079071,0.2199999988079071,0.0,0.2199999988079071
2016-08-31,0.2199999988079071,0.2199999988079071,0.2199999988079071,0.2199999988079071,0.0,0.2199999988079071
2016-09-01,0.2199999988079071,0.2199999988079071,0.2199999988079071,0.2199999988079071,0.0,0.2199999988079071
2016-09-02,0.2199999988079071,0.2199999988079071,0.2199999988079071,0.2199999988079071,0.0,0.2199999988079071
2016-09-06,0.2199999988079071,0.2199999988079071,0.2199999988079071,0.2199999988079071,0.0,0.2199999988079071
2016-09-07,0.2199999988079071,0.2199999988079071,0.2199999988079071,0.2199999988079071,0.0,0.2199999988079071
2016-09-08,0.2199999988079071,0.2199999988079071,0.2199999988079071,0.2199999988079071,0.0,0.2199999988079071
2016-09-09,0.2199999988079071,0.2199999988079071,0.2199999988079071,0.2199999988079071,0.0,0.2199999988079071
2016-09-12,0.2199999988079071,0.2199999988079071,0.2199999988079071,0.2199999988079071,0.0,0.2199999988079071
2016-09-13,0.2199999988079071,0.2199999988079071,0.2199999988079071,0.2199999988079071,0.0,0.2199999988079071
2016-09-14,0.2199999988079071,0.2199999988079071,0.2199999988079071,0.2199999988079071,0.0,0.2199999988079071
2016-09-15,0.2199999988079071,0.2199999988079071,0.2199999988079071,0.2199999988079071,0.0,0.2199999988079071
2016-09-16,0.2199999988079071,0.2199999988079071,0.2199999988079071,0.2199999988079071,0.0,0.2199999988079071
2016-09-19,0.2199999988079071,0.2199999988079071,0.2199999988079071,0.2199999988079071,0.0,0.2199999988079071
2016-09-20,0.2199999988079071,0.2199999988079071,0.2199999988079071,0.2199999988079071,0.0,0.2199999988079071
2016-09-21,0.2199999988079071,0.2199999988079071,0.2199999988079071,0.2199999988079071,0.0,0.2199999988079071
2016-09-22,0.2199999988079071,0.2199999988079071,0.2199999988079071,0.2199999988079071,0.0,0.2199999988079071
2016-09-23,0.2199999988079071,0.2199999988079071,0.2199999988079071,0.2199999988079071,0.0,0.2199999988079071
2016-09-26,0.2199999988079071,0.2199999988079071,0.2199999988079071,0.2199999988079071,0.0,0.2199999988079071
2016-09-27,0.2199999988079071,0.2199999988079071,0.2199999988079071,0.2199999988079071,0.0,0.2199999988079071
2016-09-28,0.2199999988079071,0.2199999988079071,0.2199999988079071,0.2199999988079071,0.0,0.2199999988079071
2016-09-29,0.2199999988079071,0.2199999988079071,0.2199999988079071,0.2199999988079071,0.0,0.2199999988079071
2016-09-30,0.2199999988079071,0.2199999988079071,0.2199999988079071,0.2199999988079071,0.0,0.2199999988079071
2016-10-03,0.2199999988079071,0.2199999988079071,0.2199999988079071,0.2199999988079071,0.0,0.2199999988079071
2016-10-04,0.2199999988079071,0.2199999988079071,0.2199999988079071,0.2199999988079071,0.0,0.2199999988079071
2016-10-05,0.2199999988079071,0.2199999988079071,0.2199999988079071,0.2199999988079071,0.0,0.2199999988079071
2016-10-06,0.2199999988079071,0.2199999988079071,0.2199999988079071,0.2199999988079071,0.0,0.2199999988079071
2016-10-07,0.2199999988079071,0.2199999988079071,0.2199999988079071,0.2199999988079071,0.0,0.2199999988079071
2016-10-10,0.2199999988079071,0.2199999988079071,0.2199999988079071,0.2199999988079071,0.0,0.2199999988079071
2016-10-11,0.2199999988079071,0.2199999988079071,0.2199999988079071,0.2199999988079071,0.0,0.2199999988079071
2016-10-12,0.2199999988079071,0.2199999988079071,0.2199999988079071,0.2199999988079071,0.0,0.2199999988079071
2016-10-13,0.2199999988079071,0.2199999988079071,0.2199999988079071,0.2199999988079071,0.0,0.2199999988079071
2016-10-14,0.2199999988079071,0.2199999988079071,0.2199999988079071,0.2199999988079071,0.0,0.2199999988079071
2016-10-17,0.2199999988079071,0.2199999988079071,0.2199999988079071,0.2199999988079071,0.0,0.2199999988079071
2016-10-18,0.33000001311302185,0.33000001311302185,0.33000001311302185,0.33000001311302185,300.0,0.33000001311302185
2016-10-19,0.33000001311302185,0.33000001311302185,0.33000001311302185,0.33000001311302185,0.0,0.33000001311302185
2016-10-20,0.33000001311302185,0.33000001311302185,0.33000001311302185,0.33000001311302185,0.0,0.33000001311302185
2016-10-21,0.33000001311302185,0.33000001311302185,0.33000001311302185,0.33000001311302185,0.0,0.33000001311302185
2016-10-24,0.33000001311302185,0.33000001311302185,0.33000001311302185,0.33000001311302185,0.0,0.33000001311302185
2016-10-25,0.33000001311302185,0.33000001311302185,0.33000001311302185,0.33000001311302185,0.0,0.33000001311302185
2016-10-26,0.33000001311302185,0.33000001311302185,0.33000001311302185,0.33000001311302185,0.0,0.33000001311302185
2016-10-27,0.33000001311302185,0.33000001311302185,0.33000001311302185,0.33000001311302185,0.0,0.33000001311302185
2016-10-28,0.33000001311302185,0.33000001311302185,0.33000001311302185,0.33000001311302185,0.0,0.33000001311302185
2016-10-31,0.33000001311302185,0.33000001311302185,0.33000001311302185,0.33000001311302185,0.0,0.33000001311302185
2016-11-01,0.33000001311302185,0.33000001311302185,0.33000001311302185,0.33000001311302185,0.0,0.33000001311302185
2016-11-02,0.33000001311302185,0.33000001311302185,0.33000001311302185,0.33000001311302185,0.0,0.33000001311302185
2016-11-03,0.33000001311302185,0.33000001311302185,0.33000001311302185,0.33000001311302185,0.0,0.33000001311302185
2016-11-04,0.33000001311302185,0.33000001311302185,0.33000001311302185,0.33000001311302185,0.0,0.33000001311302185
2016-11-07,0.33000001311302185,0.33000001311302185,0.33000001311302185,0.33000001311302185,0.0,0.33000001311302185
2016-11-08,0.33000001311302185,0.33000001311302185,0.33000001311302185,0.33000001311302185,0.0,0.33000001311302185
2016-11-09,0.33000001311302185,0.33000001311302185,0.33000001311302185,0.33000001311302185,0.0,0.33000001311302185
2016-11-10,0.33000001311302185,0.33000001311302185,0.33000001311302185,0.33000001311302185,0.0,0.33000001311302185
2016-11-11,0.33000001311302185,0.33000001311302185,0.33000001311302185,0.33000001311302185,0.0,0.33000001311302185
2016-11-14,0.33000001311302185,0.33000001311302185,0.33000001311302185,0.33000001311302185,0.0,0.33000001311302185
2016-11-15,0.33000001311302185,0.33000001311302185,0.33000001311302185,0.33000001311302185,0.0,0.33000001311302185
2016-11-16,0.33000001311302185,0.33000001311302185,0.33000001311302185,0.33000001311302185,200.0,0.33000001311302185
2016-11-17,0.33000001311302185,0.33000001311302185,0.33000001311302185,0.33000001311302185,0.0,0.33000001311302185
2016-11-18,0.33000001311302185,0.33000001311302185,0.33000001311302185,0.33000001311302185,0.0,0.33000001311302185
2016-11-21,0.33000001311302185,0.33000001311302185,0.33000001311302185,0.33000001311302185,0.0,0.33000001311302185
2016-11-22,0.33000001311302185,0.33000001311302185,0.33000001311302185,0.33000001311302185,0.0,0.33000001311302185
2016-11-23,0.33000001311302185,0.33000001311302185,0.33000001311302185,0.33000001311302185,0.0,0.33000001311302185
2016-11-25,0.33000001311302185,0.33000001311302185,0.33000001311302185,0.33000001311302185,0.0,0.33000001311302185
2016-11-28,0.33000001311302185,0.33000001311302185,0.33000001311302185,0.33000001311302185,0.0,0.33000001311302185
2016-11-29,0.33000001311302185,0.33000001311302185,0.33000001311302185,0.33000001311302185,0.0,0.33000001311302185
2016-11-30,0.33000001311302185,0.33000001311302185,0.33000001311302185,0.33000001311302185,0.0,0.33000001311302185
2016-12-01,0.33000001311302185,0.33000001311302185,0.33000001311302185,0.33000001311302185,0.0,0.33000001311302185
2016-12-02,0.33000001311302185,0.33000001311302185,0.33000001311302185,0.33000001311302185,0.0,0.33000001311302185
2016-12-05,0.33000001311302185,0.33000001311302185,0.33000001311302185,0.33000001311302185,0.0,0.33000001311302185
2016-12-06,0.33000001311302185,0.33000001311302185,0.33000001311302185,0.33000001311302185,0.0,0.33000001311302185
2016-12-07,0.33000001311302185,0.33000001311302185,0.33000001311302185,0.33000001311302185,0.0,0.33000001311302185
2016-12-08,0.33000001311302185,0.33000001311302185,0.33000001311302185,0.33000001311302185,0.0,0.33000001311302185
2016-12-09,0.33000001311302185,0.2199999988079071,0.33000001311302185,0.2199999988079071,200.0,0.2199999988079071
2016-12-12,0.2199999988079071,0.2199999988079071,0.2199999988079071,0.2199999988079071,0.0,0.2199999988079071
2016-12-13,0.2199999988079071,0.2199999988079071,0.2199999988079071,0.2199999988079071,0.0,0.2199999988079071
2016-12-14,0.33000001311302185,0.2199999988079071,0.33000001311302185,0.2199999988079071,0.0,0.2199999988079071
2016-12-15,0.4399999976158142,0.4399999976158142,0.4399999976158142,0.4399999976158142,100.0,0.4399999976158142
2016-12-16,0.4399999976158142,0.4399999976158142,0.4399999976158142,0.4399999976158142,0.0,0.4399999976158142
2016-12-19,0.4399999976158142,0.4399999976158142,0.4399999976158142,0.4399999976158142,900.0,0.4399999976158142
2016-12-20,0.4399999976158142,0.4399999976158142,0.4399999976158142,0.4399999976158142,0.0,0.4399999976158142
2016-12-21,0.4399999976158142,0.4399999976158142,0.4399999976158142,0.4399999976158142,0.0,0.4399999976158142
2016-12-22,0.4399999976158142,0.4399999976158142,0.4399999976158142,0.4399999976158142,0.0,0.4399999976158142
2016-12-23,0.4399999976158142,0.4399999976158142,0.4399999976158142,0.4399999976158142,0.0,0.4399999976158142
2016-12-27,0.4399999976158142,0.4399999976158142,0.4399999976158142,0.4399999976158142,0.0,0.4399999976158142
2016-12-28,0.4399999976158142,0.4399999976158142,0.4399999976158142,0.4399999976158142,0.0,0.4399999976158142
2016-12-29,0.4399999976158142,0.4399999976158142,0.4399999976158142,0.4399999976158142,0.0,0.4399999976158142
2016-12-30,0.4399999976158142,0.4399999976158142,0.4399999976158142,0.4399999976158142,0.0,0.4399999976158142
2017-01-03,0.4399999976158142,0.4399999976158142,0.4399999976158142,0.4399999976158142,0.0,0.4399999976158142
2017-01-04,0.4399999976158142,0.4399999976158142,0.4399999976158142,0.4399999976158142,0.0,0.4399999976158142
2017-01-05,0.4399999976158142,0.4399999976158142,0.4399999976158142,0.4399999976158142,0.0,0.4399999976158142
2017-01-06,0.4399999976158142,0.4399999976158142,0.4399999976158142,0.4399999976158142,0.0,0.4399999976158142
2017-01-09,0.4399999976158142,0.4399999976158142,0.4399999976158142,0.4399999976158142,0.0,0.4399999976158142
2017-01-10,0.4399999976158142,0.4399999976158142,0.4399999976158142,0.4399999976158142,0.0,0.4399999976158142
2017-01-11,0.6600000262260437,0.6600000262260437,0.6600000262260437,0.6600000262260437,0.0,0.6600000262260437
2017-01-12,0.6600000262260437,0.6600000262260437,0.6600000262260437,0.6600000262260437,0.0,0.6600000262260437
2017-01-13,0.6600000262260437,0.6600000262260437,0.6600000262260437,0.6600000262260437,0.0,0.6600000262260437
2017-01-17,0.6600000262260437,0.6600000262260437,0.6600000262260437,0.6600000262260437,0.0,0.6600000262260437
2017-01-18,0.6600000262260437,0.6600000262260437,0.6600000262260437,0.6600000262260437,0.0,0.6600000262260437
2017-01-19,0.6600000262260437,0.6600000262260437,0.6600000262260437,0.6600000262260437,0.0,0.6600000262260437
2017-01-20,0.6600000262260437,0.6600000262260437,0.6600000262260437,0.6600000262260437,0.0,0.6600000262260437
2017-01-23,0.6600000262260437,0.6600000262260437,0.6600000262260437,0.6600000262260437,0.0,0.6600000262260437
2017-01-24,0.6600000262260437,0.6600000262260437,0.6600000262260437,0.6600000262260437,0.0,0.6600000262260437
2017-01-25,0.6600000262260437,0.6600000262260437,0.6600000262260437,0.6600000262260437,0.0,0.6600000262260437
2017-01-26,0.6600000262260437,0.6600000262260437,0.6600000262260437,0.6600000262260437,0.0,0.6600000262260437
2017-01-27,0.6600000262260437,0.6600000262260437,0.6600000262260437,0.6600000262260437,0.0,0.6600000262260437
2017-01-30,0.6600000262260437,0.6600000262260437,0.6600000262260437,0.6600000262260437,0.0,0.6600000262260437
2017-01-31,0.6600000262260437,0.6600000262260437,0.6600000262260437,0.6600000262260437,0.0,0.6600000262260437
2017-02-01,0.6600000262260437,0.6600000262260437,0.6600000262260437,0.6600000262260437,0.0,0.6600000262260437
2017-02-02,0.6600000262260437,0.6600000262260437,0.6600000262260437,0.6600000262260437,0.0,0.6600000262260437
2017-02-03,0.6600000262260437,0.6600000262260437,0.6600000262260437,0.6600000262260437,100.0,0.6600000262260437
2017-02-06,0.6600000262260437,0.6600000262260437,0.6600000262260437,0.6600000262260437,0.0,0.6600000262260437
2017-02-07,0.6600000262260437,0.6600000262260437,0.6600000262260437,0.6600000262260437,0.0,0.6600000262260437
2017-02-08,0.6600000262260437,0.6600000262260437,0.6600000262260437,0.6600000262260437,0.0,0.6600000262260437
2017-02-09,0.6600000262260437,0.6600000262260437,0.6600000262260437,0.6600000262260437,0.0,0.6600000262260437
2017-02-10,0.6600000262260437,0.6600000262260437,0.6600000262260437,0.6600000262260437,0.0,0.6600000262260437
2017-02-13,0.6600000262260437,0.6600000262260437,0.6600000262260437,0.6600000262260437,0.0,0.6600000262260437
2017-02-14,0.6600000262260437,0.6600000262260437,0.6600000262260437,0.6600000262260437,0.0,0.6600000262260437
2017-02-15,0.6600000262260437,0.6600000262260437,0.6600000262260437,0.6600000262260437,0.0,0.6600000262260437
2017-02-16,0.6600000262260437,0.6600000262260437,0.6600000262260437,0.6600000262260437,0.0,0.6600000262260437
2017-02-17,0.6600000262260437,0.6600000262260437,0.6600000262260437,0.6600000262260437,0.0,0.6600000262260437
2017-02-21,0.6600000262260437,0.6600000262260437,0.6600000262260437,0.6600000262260437,0.0,0.6600000262260437
2017-02-22,0.6600000262260437,0.6600000262260437,0.6600000262260437,0.6600000262260437,0.0,0.6600000262260437
2017-02-23,0.6600000262260437,0.6600000262260437,0.6600000262260437,0.6600000262260437,0.0,0.6600000262260437
2017-02-24,1.2100000381469727,0.6600000262260437,0.6600000262260437,0.9900000095367432,14100.0,0.9900000095367432
2017-02-27,0.9900000095367432,0.8799999952316284,0.9900000095367432,0.9900000095367432,1800.0,0.9900000095367432
2017-02-28,0.9900000095367432,0.550000011920929,0.7699999809265137,0.9900000095367432,1400.0,0.9900000095367432
2017-03-01,1.100000023841858,0.9900000095367432,0.9900000095367432,1.100000023841858,400.0,1.100000023841858
2017-03-02,1.100000023841858,0.550000011920929,1.100000023841858,0.550000011920929,2500.0,0.550000011920929
2017-03-03,0.550000011920929,0.550000011920929,0.550000011920929,0.550000011920929,0.0,0.550000011920929
2017-03-06,0.550000011920929,0.550000011920929,0.550000011920929,0.550000011920929,0.0,0.550000011920929
2017-03-07,0.550000011920929,0.550000011920929,0.550000011920929,0.550000011920929,0.0,0.550000011920929
2017-03-08,0.550000011920929,0.550000011920929,0.550000011920929,0.550000011920929,0.0,0.550000011920929
2017-03-09,0.550000011920929,0.550000011920929,0.550000011920929,0.550000011920929,0.0,0.550000011920929
2017-03-10,0.550000011920929,0.550000011920929,0.550000011920929,0.550000011920929,0.0,0.550000011920929
2017-03-13,0.550000011920929,0.550000011920929,0.550000011920929,0.550000011920929,0.0,0.550000011920929
2017-03-14,0.9900000095367432,0.4399999976158142,0.6600000262260437,0.9900000095367432,500.0,0.9900000095367432
2017-03-15,0.9900000095367432,0.9900000095367432,0.9900000095367432,0.9900000095367432,0.0,0.9900000095367432
2017-03-16,0.9900000095367432,0.9900000095367432,0.9900000095367432,0.9900000095367432,0.0,0.9900000095367432
2017-03-17,0.9900000095367432,0.9900000095367432,0.9900000095367432,0.9900000095367432,0.0,0.9900000095367432
2017-03-20,0.9900000095367432,0.9900000095367432,0.9900000095367432,0.9900000095367432,0.0,0.9900000095367432
2017-03-21,0.9900000095367432,0.9900000095367432,0.9900000095367432,0.9900000095367432,0.0,0.9900000095367432
2017-03-22,0.9900000095367432,0.9900000095367432,0.9900000095367432,0.9900000095367432,0.0,0.9900000095367432
2017-03-23,0.9900000095367432,0.9900000095367432,0.9900000095367432,0.9900000095367432,0.0,0.9900000095367432
2017-03-24,0.9900000095367432,0.9900000095367432,0.9900000095367432,0.9900000095367432,0.0,0.9900000095367432
2017-03-27,0.9900000095367432,0.9900000095367432,0.9900000095367432,0.9900000095367432,0.0,0.9900000095367432
2017-03-28,0.9900000095367432,0.9900000095367432,0.9900000095367432,0.9900000095367432,0.0,0.9900000095367432
2017-03-29,0.9900000095367432,0.9900000095367432,0.9900000095367432,0.9900000095367432,0.0,0.9900000095367432
2017-03-30,0.9900000095367432,0.9900000095367432,0.9900000095367432,0.9900000095367432,0.0,0.9900000095367432
2017-03-31,0.9900000095367432,0.9900000095367432,0.9900000095367432,0.9900000095367432,0.0,0.9900000095367432
2017-04-03,0.9900000095367432,0.9900000095367432,0.9900000095367432,0.9900000095367432,0.0,0.9900000095367432
2017-04-04,0.9900000095367432,0.9900000095367432,0.9900000095367432,0.9900000095367432,0.0,0.9900000095367432
2017-04-05,0.9900000095367432,0.9900000095367432,0.9900000095367432,0.9900000095367432,0.0,0.9900000095367432
2017-04-06,0.9900000095367432,0.9900000095367432,0.9900000095367432,0.9900000095367432,0.0,0.9900000095367432
2017-04-07,0.9900000095367432,0.9900000095367432,0.9900000095367432,0.9900000095367432,0.0,0.9900000095367432
2017-04-10,0.9900000095367432,0.9900000095367432,0.9900000095367432,0.9900000095367432,0.0,0.9900000095367432
2017-04-11,0.9900000095367432,0.9900000095367432,0.9900000095367432,0.9900000095367432,0.0,0.9900000095367432
2017-04-12,0.9900000095367432,0.9900000095367432,0.9900000095367432,0.9900000095367432,0.0,0.9900000095367432
2017-04-13,0.9900000095367432,0.9900000095367432,0.9900000095367432,0.9900000095367432,0.0,0.9900000095367432
2017-04-17,0.9900000095367432,0.9900000095367432,0.9900000095367432,0.9900000095367432,0.0,0.9900000095367432
2017-04-18,0.9900000095367432,0.9900000095367432,0.9900000095367432,0.9900000095367432,0.0,0.9900000095367432
2017-04-19,0.9900000095367432,0.9900000095367432,0.9900000095367432,0.9900000095367432,0.0,0.9900000095367432
2017-04-20,0.9900000095367432,0.9900000095367432,0.9900000095367432,0.9900000095367432,0.0,0.9900000095367432
2017-04-21,0.9900000095367432,0.9900000095367432,0.9900000095367432,0.9900000095367432,0.0,0.9900000095367432
2017-04-24,0.9900000095367432,0.9900000095367432,0.9900000095367432,0.9900000095367432,0.0,0.9900000095367432
2017-04-25,0.8799999952316284,0.8799999952316284,0.8799999952316284,0.8799999952316284,100.0,0.8799999952316284
2017-04-26,0.8799999952316284,0.8799999952316284,0.8799999952316284,0.8799999952316284,0.0,0.8799999952316284
2017-04-27,0.8799999952316284,0.8799999952316284,0.8799999952316284,0.8799999952316284,0.0,0.8799999952316284
2017-04-28,0.8799999952316284,0.8799999952316284,0.8799999952316284,0.8799999952316284,0.0,0.8799999952316284
2017-05-01,0.8799999952316284,0.4399999976158142,0.550000011920929,0.8799999952316284,3100.0,0.8799999952316284
2017-05-02,0.8799999952316284,0.8799999952316284,0.8799999952316284,0.8799999952316284,0.0,0.8799999952316284
2017-05-03,0.8799999952316284,0.8799999952316284,0.8799999952316284,0.8799999952316284,0.0,0.8799999952316284
2017-05-04,0.8799999952316284,0.8799999952316284,0.8799999952316284,0.8799999952316284,0.0,0.8799999952316284
2017-05-05,0.8799999952316284,0.8799999952316284,0.8799999952316284,0.8799999952316284,0.0,0.8799999952316284
2017-05-08,0.8799999952316284,0.8799999952316284,0.8799999952316284,0.8799999952316284,0.0,0.8799999952316284
2017-05-09,0.8799999952316284,0.8799999952316284,0.8799999952316284,0.8799999952316284,0.0,0.8799999952316284
2017-05-10,0.8799999952316284,0.8799999952316284,0.8799999952316284,0.8799999952316284,0.0,0.8799999952316284
2017-05-11,0.8799999952316284,0.8799999952316284,0.8799999952316284,0.8799999952316284,0.0,0.8799999952316284
2017-05-12,0.8799999952316284,0.8799999952316284,0.8799999952316284,0.8799999952316284,0.0,0.8799999952316284
2017-05-15,0.8799999952316284,0.8799999952316284,0.8799999952316284,0.8799999952316284,0.0,0.8799999952316284
2017-05-16,0.8799999952316284,0.8799999952316284,0.8799999952316284,0.8799999952316284,0.0,0.8799999952316284
2017-05-17,0.8799999952316284,0.8799999952316284,0.8799999952316284,0.8799999952316284,0.0,0.8799999952316284
2017-05-18,0.8799999952316284,0.8799999952316284,0.8799999952316284,0.8799999952316284,0.0,0.8799999952316284
2017-05-19,0.8799999952316284,0.8799999952316284,0.8799999952316284,0.8799999952316284,0.0,0.8799999952316284
2017-05-22,0.8799999952316284,0.8799999952316284,0.8799999952316284,0.8799999952316284,0.0,0.8799999952316284
2017-05-23,0.8799999952316284,0.8799999952316284,0.8799999952316284,0.8799999952316284,0.0,0.8799999952316284
2017-05-24,0.8799999952316284,0.8799999952316284,0.8799999952316284,0.8799999952316284,0.0,0.8799999952316284
2017-05-25,0.8799999952316284,0.8799999952316284,0.8799999952316284,0.8799999952316284,0.0,0.8799999952316284
2017-05-26,0.8799999952316284,0.8799999952316284,0.8799999952316284,0.8799999952316284,0.0,0.8799999952316284
2017-05-30,0.7699999809265137,0.4399999976158142,0.4399999976158142,0.7699999809265137,300.0,0.7699999809265137
2017-05-31,0.7699999809265137,0.7699999809265137,0.7699999809265137,0.7699999809265137,0.0,0.7699999809265137
2017-06-01,0.7699999809265137,0.7699999809265137,0.7699999809265137,0.7699999809265137,0.0,0.7699999809265137
2017-06-02,0.7699999809265137,0.7699999809265137,0.7699999809265137,0.7699999809265137,0.0,0.7699999809265137
2017-06-05,0.7699999809265137,0.7699999809265137,0.7699999809265137,0.7699999809265137,0.0,0.7699999809265137
2017-06-06,0.7699999809265137,0.7699999809265137,0.7699999809265137,0.7699999809265137,0.0,0.7699999809265137
2017-06-07,0.7699999809265137,0.7699999809265137,0.7699999809265137,0.7699999809265137,0.0,0.7699999809265137
2017-06-08,0.7699999809265137,0.7699999809265137,0.7699999809265137,0.7699999809265137,0.0,0.7699999809265137
2017-06-09,0.7699999809265137,0.7699999809265137,0.7699999809265137,0.7699999809265137,0.0,0.7699999809265137
2017-06-12,0.550000011920929,0.550000011920929,0.550000011920929,0.550000011920929,0.0,0.550000011920929
2017-06-13,0.550000011920929,0.550000011920929,0.550000011920929,0.550000011920929,0.0,0.550000011920929
2017-06-14,0.550000011920929,0.550000011920929,0.550000011920929,0.550000011920929,0.0,0.550000011920929
2017-06-15,0.550000011920929,0.550000011920929,0.550000011920929,0.550000011920929,0.0,0.550000011920929
2017-06-16,0.550000011920929,0.550000011920929,0.550000011920929,0.550000011920929,0.0,0.550000011920929
2017-06-19,0.550000011920929,0.550000011920929,0.550000011920929,0.550000011920929,0.0,0.550000011920929
2017-06-20,0.550000011920929,0.550000011920929,0.550000011920929,0.550000011920929,0.0,0.550000011920929
2017-06-21,0.550000011920929,0.550000011920929,0.550000011920929,0.550000011920929,0.0,0.550000011920929
2017-06-22,0.550000011920929,0.550000011920929,0.550000011920929,0.550000011920929,0.0,0.550000011920929
2017-06-23,0.550000011920929,0.550000011920929,0.550000011920929,0.550000011920929,0.0,0.550000011920929
2017-06-26,0.550000011920929,0.550000011920929,0.550000011920929,0.550000011920929,0.0,0.550000011920929
2017-06-27,0.550000011920929,0.550000011920929,0.550000011920929,0.550000011920929,0.0,0.550000011920929
2017-06-28,0.550000011920929,0.550000011920929,0.550000011920929,0.550000011920929,0.0,0.550000011920929
2017-06-29,0.6600000262260437,0.6600000262260437,0.6600000262260437,0.6600000262260437,0.0,0.6600000262260437
2017-06-30,0.6600000262260437,0.6600000262260437,0.6600000262260437,0.6600000262260437,0.0,0.6600000262260437
2017-07-03,0.6600000262260437,0.6600000262260437,0.6600000262260437,0.6600000262260437,0.0,0.6600000262260437
2017-07-05,0.6600000262260437,0.6600000262260437,0.6600000262260437,0.6600000262260437,0.0,0.6600000262260437
2017-07-06,0.4399999976158142,0.4399999976158142,0.4399999976158142,0.4399999976158142,400.0,0.4399999976158142
2017-07-07,0.4399999976158142,0.4399999976158142,0.4399999976158142,0.4399999976158142,0.0,0.4399999976158142
2017-07-10,0.4399999976158142,0.4399999976158142,0.4399999976158142,0.4399999976158142,0.0,0.4399999976158142
2017-07-11,0.4399999976158142,0.4399999976158142,0.4399999976158142,0.4399999976158142,0.0,0.4399999976158142
2017-07-12,0.4399999976158142,0.4399999976158142,0.4399999976158142,0.4399999976158142,0.0,0.4399999976158142
2017-07-13,0.4399999976158142,0.4399999976158142,0.4399999976158142,0.4399999976158142,0.0,0.4399999976158142
2017-07-14,0.4399999976158142,0.4399999976158142,0.4399999976158142,0.4399999976158142,0.0,0.4399999976158142
2017-07-17,0.4399999976158142,0.4399999976158142,0.4399999976158142,0.4399999976158142,0.0,0.4399999976158142
2017-07-18,0.4399999976158142,0.4399999976158142,0.4399999976158142,0.4399999976158142,0.0,0.4399999976158142
2017-07-19,0.4399999976158142,0.4399999976158142,0.4399999976158142,0.4399999976158142,0.0,0.4399999976158142
2017-07-20,0.4399999976158142,0.4399999976158142,0.4399999976158142,0.4399999976158142,300.0,0.4399999976158142
2017-07-21,0.4399999976158142,0.4399999976158142,0.4399999976158142,0.4399999976158142,0.0,0.4399999976158142
2017-07-24,0.4399999976158142,0.4399999976158142,0.4399999976158142,0.4399999976158142,0.0,0.4399999976158142
2017-07-25,0.4399999976158142,0.4399999976158142,0.4399999976158142,0.4399999976158142,0.0,0.4399999976158142
2017-07-26,0.4399999976158142,0.4399999976158142,0.4399999976158142,0.4399999976158142,0.0,0.4399999976158142
2017-07-27,0.4399999976158142,0.4399999976158142,0.4399999976158142,0.4399999976158142,0.0,0.4399999976158142
2017-07-28,0.4399999976158142,0.4399999976158142,0.4399999976158142,0.4399999976158142,0.0,0.4399999976158142
2017-07-31,0.4399999976158142,0.4399999976158142,0.4399999976158142,0.4399999976158142,0.0,0.4399999976158142
2017-08-01,0.4399999976158142,0.4399999976158142,0.4399999976158142,0.4399999976158142,0.0,0.4399999976158142
2017-08-02,0.4399999976158142,0.4399999976158142,0.4399999976158142,0.4399999976158142,0.0,0.4399999976158142
2017-08-03,0.4399999976158142,0.4399999976158142,0.4399999976158142,0.4399999976158142,0.0,0.4399999976158142
2017-08-04,0.4399999976158142,0.4399999976158142,0.4399999976158142,0.4399999976158142,0.0,0.4399999976158142
2017-08-07,0.4399999976158142,0.4399999976158142,0.4399999976158142,0.4399999976158142,0.0,0.4399999976158142
2017-08-08,0.4399999976158142,0.4399999976158142,0.4399999976158142,0.4399999976158142,0.0,0.4399999976158142
2017-08-09,0.4399999976158142,0.4399999976158142,0.4399999976158142,0.4399999976158142,0.0,0.4399999976158142
2017-08-10,1.100000023841858,0.7699999809265137,0.7699999809265137,0.8799999952316284,6700.0,0.8799999952316284
2017-08-11,1.100000023841858,0.550000011920929,0.550000011920929,1.100000023841858,2600.0,1.100000023841858
2017-08-14,1.100000023841858,1.100000023841858,1.100000023841858,1.100000023841858,0.0,1.100000023841858
2017-08-15,1.100000023841858,1.100000023841858,1.100000023841858,1.100000023841858,0.0,1.100000023841858
2017-08-16,1.100000023841858,1.100000023841858,1.100000023841858,1.100000023841858,0.0,1.100000023841858
2017-08-17,1.100000023841858,1.100000023841858,1.100000023841858,1.100000023841858,0.0,1.100000023841858
2017-08-18,0.6600000262260437,0.6600000262260437,0.6600000262260437,0.6600000262260437,500.0,0.6600000262260437
2017-08-21,0.6600000262260437,0.6600000262260437,0.6600000262260437,0.6600000262260437,0.0,0.6600000262260437
2017-08-22,0.6600000262260437,0.550000011920929,0.6600000262260437,0.6600000262260437,900.0,0.6600000262260437
2017-08-23,0.6600000262260437,0.6600000262260437,0.6600000262260437,0.6600000262260437,0.0,0.6600000262260437
2017-08-24,0.6600000262260437,0.6600000262260437,0.6600000262260437,0.6600000262260437,0.0,0.6600000262260437
2017-08-25,0.6600000262260437,0.6600000262260437,0.6600000262260437,0.6600000262260437,0.0,0.6600000262260437
2017-08-28,0.6600000262260437,0.6600000262260437,0.6600000262260437,0.6600000262260437,0.0,0.6600000262260437
2017-08-29,1.8700000047683716,0.9900000095367432,1.100000023841858,1.5399999618530273,25800.0,1.5399999618530273
2017-08-30,3.190000057220459,1.3200000524520874,1.649999976158142,2.0899999141693115,25800.0,2.0899999141693115
2017-08-31,3.8499999046325684,1.8700000047683716,2.309999942779541,2.4200000762939453,28000.0,2.4200000762939453
2017-09-01,4.070000171661377,1.3200000524520874,1.9800000190734863,2.75,39900.0,2.75
2017-09-05,3.5199999809265137,1.8700000047683716,3.5199999809265137,1.8700000047683716,7300.0,1.8700000047683716
2017-09-06,2.0899999141693115,1.5399999618530273,1.8700000047683716,1.8700000047683716,4900.0,1.8700000047683716
2017-09-07,1.8700000047683716,1.2100000381469727,1.4299999475479126,1.649999976158142,3500.0,1.649999976158142
2017-09-08,1.649999976158142,0.9900000095367432,1.3200000524520874,1.3200000524520874,5200.0,1.3200000524520874
2017-09-11,1.9800000190734863,1.4299999475479126,1.4299999475479126,1.8700000047683716,1600.0,1.8700000047683716
2017-09-12,1.8700000047683716,1.2100000381469727,1.4299999475479126,1.649999976158142,2100.0,1.649999976158142
2017-09-13,1.7599999904632568,1.2100000381469727,1.2100000381469727,1.649999976158142,1800.0,1.649999976158142
2017-09-14,1.7599999904632568,1.2100000381469727,1.3200000524520874,1.5399999618530273,100.0,1.5399999618530273
2017-09-15,1.649999976158142,1.100000023841858,1.2100000381469727,1.4299999475479126,1500.0,1.4299999475479126
2017-09-18,1.5399999618530273,1.100000023841858,1.100000023841858,1.5399999618530273,600.0,1.5399999618530273
2017-09-19,1.5399999618530273,1.100000023841858,1.3200000524520874,1.5399999618530273,1000.0,1.5399999618530273
2017-09-20,3.630000114440918,1.4299999475479126,1.4299999475479126,2.5299999713897705,32500.0,2.5299999713897705
2017-09-21,2.5299999713897705,1.3200000524520874,2.5299999713897705,1.9800000190734863,7500.0,1.9800000190734863
2017-09-22,2.640000104904175,1.649999976158142,2.200000047683716,2.0899999141693115,3000.0,2.0899999141693115
2017-09-25,2.5299999713897705,2.0899999141693115,2.0899999141693115,2.5299999713897705,1200.0,2.5299999713897705
2017-09-26,3.190000057220459,2.5299999713897705,3.190000057220459,2.75,2900.0,2.75
2017-09-27,2.5299999713897705,2.309999942779541,2.4200000762939453,2.309999942779541,1100.0,2.309999942779541
2017-09-28,2.75,2.200000047683716,2.309999942779541,2.75,2000.0,2.75
2017-09-29,3.190000057220459,2.200000047683716,2.75,2.200000047683716,1300.0,2.200000047683716
2017-10-02,2.200000047683716,2.200000047683716,2.200000047683716,2.200000047683716,600.0,2.200000047683716
2017-10-03,2.200000047683716,1.7599999904632568,2.200000047683716,1.8700000047683716,400.0,1.8700000047683716
2017-10-04,1.7599999904632568,1.7599999904632568,1.7599999904632568,1.7599999904632568,1900.0,1.7599999904632568
2017-10-05,1.649999976158142,1.649999976158142,1.649999976158142,1.649999976158142,100.0,1.649999976158142
2017-10-06,2.200000047683716,1.3200000524520874,1.3200000524520874,2.200000047683716,1400.0,2.200000047683716
2017-10-09,1.8700000047683716,1.8700000047683716,1.8700000047683716,1.8700000047683716,0.0,1.8700000047683716
2017-10-10,1.8700000047683716,1.100000023841858,1.8700000047683716,1.4299999475479126,1300.0,1.4299999475479126
2017-10-11,1.4299999475479126,1.4299999475479126,1.4299999475479126,1.4299999475479126,0.0,1.4299999475479126
2017-10-12,1.4299999475479126,1.4299999475479126,1.4299999475479126,1.4299999475479126,0.0,1.4299999475479126
2017-10-13,1.2100000381469727,1.100000023841858,1.2100000381469727,1.100000023841858,400.0,1.100000023841858
2017-10-16,1.2100000381469727,1.100000023841858,1.100000023841858,1.2100000381469727,1200.0,1.2100000381469727
2017-10-17,1.100000023841858,1.100000023841858,1.100000023841858,1.100000023841858,0.0,1.100000023841858
2017-10-18,1.100000023841858,1.100000023841858,1.100000023841858,1.100000023841858,700.0,1.100000023841858
2017-10-19,1.100000023841858,0.9900000095367432,1.100000023841858,0.9900000095367432,200.0,0.9900000095367432
2017-10-20,1.100000023841858,0.6600000262260437,0.6600000262260437,1.100000023841858,3000.0,1.100000023841858
2017-10-23,1.100000023841858,1.100000023841858,1.100000023841858,1.100000023841858,0.0,1.100000023841858
2017-10-24,1.100000023841858,1.100000023841858,1.100000023841858,1.100000023841858,0.0,1.100000023841858
2017-10-25,1.100000023841858,1.100000023841858,1.100000023841858,1.100000023841858,0.0,1.100000023841858
2017-10-26,1.100000023841858,1.100000023841858,1.100000023841858,1.100000023841858,0.0,1.100000023841858
2017-10-27,1.100000023841858,1.100000023841858,1.100000023841858,1.100000023841858,0.0,1.100000023841858
2017-10-30,1.100000023841858,1.100000023841858,1.100000023841858,1.100000023841858,0.0,1.100000023841858
2017-10-31,1.100000023841858,1.100000023841858,1.100000023841858,1.100000023841858,0.0,1.100000023841858
2017-11-01,1.100000023841858,1.100000023841858,1.100000023841858,1.100000023841858,0.0,1.100000023841858
2017-11-02,1.100000023841858,1.100000023841858,1.100000023841858,1.100000023841858,0.0,1.100000023841858
2017-11-03,0.9900000095367432,0.7699999809265137,0.7699999809265137,0.9900000095367432,0.0,0.9900000095367432
2017-11-06,0.9900000095367432,0.9900000095367432,0.9900000095367432,0.9900000095367432,0.0,0.9900000095367432
2017-11-07,0.8799999952316284,0.6600000262260437,0.7699999809265137,0.8799999952316284,1500.0,0.8799999952316284
2017-11-08,0.7699999809265137,0.7699999809265137,0.7699999809265137,0.7699999809265137,0.0,0.7699999809265137
2017-11-09,0.7699999809265137,0.7699999809265137,0.7699999809265137,0.7699999809265137,0.0,0.7699999809265137
2017-11-10,0.7699999809265137,0.7699999809265137,0.7699999809265137,0.7699999809265137,0.0,0.7699999809265137
2017-11-13,0.8799999952316284,0.550000011920929,0.6600000262260437,0.6600000262260437,7900.0,0.6600000262260437
2017-11-14,0.6600000262260437,0.6600000262260437,0.6600000262260437,0.6600000262260437,0.0,0.6600000262260437
2017-11-15,0.550000011920929,0.550000011920929,0.550000011920929,0.550000011920929,2200.0,0.550000011920929
2017-11-16,0.5600000023841858,0.550000011920929,0.550000011920929,0.550000011920929,1600.0,0.550000011920929
2017-11-17,0.550000011920929,0.550000011920929,0.550000011920929,0.550000011920929,1600.0,0.550000011920929
2017-11-20,0.9900000095367432,0.9900000095367432,0.9900000095367432,0.9900000095367432,300.0,0.9900000095367432
2017-11-21,0.9900000095367432,0.9900000095367432,0.9900000095367432,0.9900000095367432,100.0,0.9900000095367432
2017-11-22,0.550000011920929,0.550000011920929,0.550000011920929,0.550000011920929,400.0,0.550000011920929
2017-11-24,0.550000011920929,0.550000011920929,0.550000011920929,0.550000011920929,0.0,0.550000011920929
2017-11-27,0.5,0.5,0.5,0.5,400.0,0.5
2017-11-28,0.5,0.5,0.5,0.5,0.0,0.5
2017-11-29,0.5,0.5,0.5,0.5,0.0,0.5
2017-11-30,0.5,0.5,0.5,0.5,0.0,0.5
2017-12-01,0.5,0.5,0.5,0.5,0.0,0.5
2017-12-04,0.5,0.5,0.5,0.5,0.0,0.5
2017-12-05,0.5,0.5,0.5,0.5,0.0,0.5
2017-12-06,0.5,0.5,0.5,0.5,0.0,0.5
2017-12-07,0.5,0.5,0.5,0.5,0.0,0.5
2017-12-08,0.5,0.5,0.5,0.5,0.0,0.5
2017-12-11,0.5,0.5,0.5,0.5,0.0,0.5
2017-12-12,0.10000000149011612,0.10000000149011612,0.10000000149011612,0.10000000149011612,500.0,0.10000000149011612
2017-12-13,0.10000000149011612,0.10000000149011612,0.10000000149011612,0.10000000149011612,0.0,0.10000000149011612
2017-12-14,0.10000000149011612,0.10000000149011612,0.10000000149011612,0.10000000149011612,0.0,0.10000000149011612
2017-12-15,0.10000000149011612,0.10000000149011612,0.10000000149011612,0.10000000149011612,0.0,0.10000000149011612
2017-12-18,0.10000000149011612,0.10000000149011612,0.10000000149011612,0.10000000149011612,0.0,0.10000000149011612
2017-12-19,0.10000000149011612,0.10000000149011612,0.10000000149011612,0.10000000149011612,0.0,0.10000000149011612
2017-12-20,0.10999999940395355,0.10999999940395355,0.10999999940395355,0.10999999940395355,1900.0,0.10999999940395355
2017-12-21,0.10999999940395355,0.10999999940395355,0.10999999940395355,0.10999999940395355,0.0,0.10999999940395355
2017-12-22,0.10999999940395355,0.10999999940395355,0.10999999940395355,0.10999999940395355,0.0,0.10999999940395355
2017-12-26,0.10999999940395355,0.10999999940395355,0.10999999940395355,0.10999999940395355,0.0,0.10999999940395355
2017-12-27,0.10999999940395355,0.10999999940395355,0.10999999940395355,0.10999999940395355,0.0,0.10999999940395355
2017-12-28,0.10999999940395355,0.10999999940395355,0.10999999940395355,0.10999999940395355,0.0,0.10999999940395355
2017-12-29,0.10999999940395355,0.10999999940395355,0.10999999940395355,0.10999999940395355,0.0,0.10999999940395355
2018-01-02,0.9900000095367432,0.9900000095367432,0.9900000095367432,0.9900000095367432,1300.0,0.9900000095367432
2018-01-03,0.9900000095367432,0.9900000095367432,0.9900000095367432,0.9900000095367432,0.0,0.9900000095367432
2018-01-04,0.9900000095367432,0.9900000095367432,0.9900000095367432,0.9900000095367432,400.0,0.9900000095367432
2018-01-05,0.9900000095367432,0.9900000095367432,0.9900000095367432,0.9900000095367432,0.0,0.9900000095367432
2018-01-08,0.11999999731779099,0.11999999731779099,0.11999999731779099,0.11999999731779099,500.0,0.11999999731779099
2018-01-09,0.11999999731779099,0.11999999731779099,0.11999999731779099,0.11999999731779099,0.0,0.11999999731779099
2018-01-10,0.9900000095367432,0.11999999731779099,0.9900000095367432,0.11999999731779099,300.0,0.11999999731779099
2018-01-11,0.11999999731779099,0.11999999731779099,0.11999999731779099,0.11999999731779099,0.0,0.11999999731779099
2018-01-12,0.11999999731779099,0.11999999731779099,0.11999999731779099,0.11999999731779099,0.0,0.11999999731779099
2018-01-16,0.11999999731779099,0.11999999731779099,0.11999999731779099,0.11999999731779099,0.0,0.11999999731779099
2018-01-17,0.11999999731779099,0.11999999731779099,0.11999999731779099,0.11999999731779099,0.0,0.11999999731779099
2018-01-18,0.11999999731779099,0.11999999731779099,0.11999999731779099,0.11999999731779099,0.0,0.11999999731779099
2018-01-19,0.11999999731779099,0.11999999731779099,0.11999999731779099,0.11999999731779099,0.0,0.11999999731779099
2018-01-22,0.11999999731779099,0.11999999731779099,0.11999999731779099,0.11999999731779099,0.0,0.11999999731779099
2018-01-23,0.11999999731779099,0.11999999731779099,0.11999999731779099,0.11999999731779099,0.0,0.11999999731779099
2018-01-24,0.11999999731779099,0.11999999731779099,0.11999999731779099,0.11999999731779099,0.0,0.11999999731779099
2018-01-25,0.11999999731779099,0.11999999731779099,0.11999999731779099,0.11999999731779099,0.0,0.11999999731779099
2018-01-26,0.11999999731779099,0.11999999731779099,0.11999999731779099,0.11999999731779099,0.0,0.11999999731779099
2018-01-29,0.11999999731779099,0.11999999731779099,0.11999999731779099,0.11999999731779099,0.0,0.11999999731779099
2018-01-30,0.11999999731779099,0.11999999731779099,0.11999999731779099,0.11999999731779099,0.0,0.11999999731779099
2018-01-31,0.11999999731779099,0.11999999731779099,0.11999999731779099,0.11999999731779099,0.0,0.11999999731779099
2018-02-01,0.11999999731779099,0.11999999731779099,0.11999999731779099,0.11999999731779099,0.0,0.11999999731779099
2018-02-02,0.12099999934434891,0.12099999934434891,0.12099999934434891,0.12099999934434891,1200.0,0.12099999934434891
2018-02-05,0.12099999934434891,0.12099999934434891,0.12099999934434891,0.12099999934434891,0.0,0.12099999934434891
2018-02-06,0.12099999934434891,0.12099999934434891,0.12099999934434891,0.12099999934434891,0.0,0.12099999934434891
2018-02-07,0.12099999934434891,0.12099999934434891,0.12099999934434891,0.12099999934434891,0.0,0.12099999934434891
2018-02-08,0.12099999934434891,0.12099999934434891,0.12099999934434891,0.12099999934434891,0.0,0.12099999934434891
2018-02-09,0.12099999934434891,0.12099999934434891,0.12099999934434891,0.12099999934434891,0.0,0.12099999934434891
2018-02-12,0.12099999934434891,0.12099999934434891,0.12099999934434891,0.12099999934434891,0.0,0.12099999934434891
2018-02-13,0.12099999934434891,0.12099999934434891,0.12099999934434891,0.12099999934434891,0.0,0.12099999934434891
2018-02-14,0.12099999934434891,0.12099999934434891,0.12099999934434891,0.12099999934434891,0.0,0.12099999934434891
2018-02-15,0.12099999934434891,0.12099999934434891,0.12099999934434891,0.12099999934434891,0.0,0.12099999934434891
2018-02-16,0.12099999934434891,0.12099999934434891,0.12099999934434891,0.12099999934434891,0.0,0.12099999934434891
2018-02-20,0.12099999934434891,0.12099999934434891,0.12099999934434891,0.12099999934434891,0.0,0.12099999934434891
2018-02-21,0.12099999934434891,0.12099999934434891,0.12099999934434891,0.12099999934434891,0.0,0.12099999934434891
2018-02-22,0.9900000095367432,0.10100000351667404,0.9900000095367432,0.9900000095367432,2100.0,0.9900000095367432
2018-02-23,0.9900000095367432,0.9900000095367432,0.9900000095367432,0.9900000095367432,0.0,0.9900000095367432
2018-02-26,0.10100000351667404,0.10100000351667404,0.10100000351667404,0.10100000351667404,200.0,0.10100000351667404
2018-02-27,0.9850000143051147,0.9850000143051147,0.9850000143051147,0.9850000143051147,300.0,0.9850000143051147
2018-02-28,0.9850000143051147,0.9850000143051147,0.9850000143051147,0.9850000143051147,0.0,0.9850000143051147
2018-03-01,0.75,0.75,0.75,0.75,9200.0,0.75
2018-03-02,0.75,0.75,0.75,0.75,600.0,0.75
2018-03-05,0.75,0.75,0.75,0.75,0.0,0.75
2018-03-06,0.75,0.75,0.75,0.75,0.0,0.75
2018-03-07,0.75,0.75,0.75,0.75,0.0,0.75
2018-03-08,0.75,0.75,0.75,0.75,0.0,0.75
2018-03-09,0.75,0.75,0.75,0.75,0.0,0.75
2018-03-12,0.75,0.75,0.75,0.75,0.0,0.75
2018-03-13,0.30000001192092896,0.30000001192092896,0.30000001192092896,0.30000001192092896,300.0,0.30000001192092896
2018-03-14,0.30000001192092896,0.30000001192092896,0.30000001192092896,0.30000001192092896,0.0,0.30000001192092896
2018-03-15,0.30000001192092896,0.30000001192092896,0.30000001192092896,0.30000001192092896,0.0,0.30000001192092896
2018-03-16,0.949999988079071,0.949999988079071,0.949999988079071,0.949999988079071,300.0,0.949999988079071
2018-03-19,0.949999988079071,0.949999988079071,0.949999988079071,0.949999988079071,0.0,0.949999988079071
2018-03-20,0.25,0.25,0.25,0.25,300.0,0.25
2018-03-21,0.25,0.25,0.25,0.25,0.0,0.25
2018-03-22,0.949999988079071,0.949999988079071,0.949999988079071,0.949999988079071,200.0,0.949999988079071
2018-03-23,0.949999988079071,0.949999988079071,0.949999988079071,0.949999988079071,0.0,0.949999988079071
2018-03-26,0.25,0.25,0.25,0.25,100.0,0.25
2018-03-27,0.25,0.25,0.25,0.25,0.0,0.25
2018-03-28,0.25,0.25,0.25,0.25,0.0,0.25
2018-03-29,0.25,0.25,0.25,0.25,0.0,0.25
2018-04-02,0.800000011920929,0.800000011920929,0.800000011920929,0.800000011920929,100.0,0.800000011920929
2018-04-03,0.800000011920929,0.800000011920929,0.800000011920929,0.800000011920929,0.0,0.800000011920929
2018-04-04,0.800000011920929,0.800000011920929,0.800000011920929,0.800000011920929,0.0,0.800000011920929
2018-04-05,0.800000011920929,0.800000011920929,0.800000011920929,0.800000011920929,0.0,0.800000011920929
2018-04-06,0.800000011920929,0.800000011920929,0.800000011920929,0.800000011920929,0.0,0.800000011920929
2018-04-09,0.800000011920929,0.800000011920929,0.800000011920929,0.800000011920929,0.0,0.800000011920929
2018-04-10,0.800000011920929,0.800000011920929,0.800000011920929,0.800000011920929,0.0,0.800000011920929
2018-04-16,0.800000011920929,0.800000011920929,0.800000011920929,0.800000011920929,0.0,0.800000011920929
2018-04-17,0.800000011920929,0.800000011920929,0.800000011920929,0.800000011920929,100.0,0.800000011920929
2018-04-18,0.800000011920929,0.800000011920929,0.800000011920929,0.800000011920929,0.0,0.800000011920929
2018-04-19,0.800000011920929,0.800000011920929,0.800000011920929,0.800000011920929,0.0,0.800000011920929
2018-04-20,0.800000011920929,0.800000011920929,0.800000011920929,0.800000011920929,500.0,0.800000011920929
2018-04-23,0.800000011920929,0.800000011920929,0.800000011920929,0.800000011920929,500.0,0.800000011920929
2018-04-24,0.800000011920929,0.800000011920929,0.800000011920929,0.800000011920929,0.0,0.800000011920929
2018-04-25,0.800000011920929,0.800000011920929,0.800000011920929,0.800000011920929,0.0,0.800000011920929
2018-04-26,0.800000011920929,0.800000011920929,0.800000011920929,0.800000011920929,0.0,0.800000011920929
2018-04-27,0.800000011920929,0.800000011920929,0.800000011920929,0.800000011920929,0.0,0.800000011920929
2018-04-30,0.800000011920929,0.800000011920929,0.800000011920929,0.800000011920929,0.0,0.800000011920929
2018-05-01,0.800000011920929,0.800000011920929,0.800000011920929,0.800000011920929,0.0,0.800000011920929
2018-05-02,0.800000011920929,0.800000011920929,0.800000011920929,0.800000011920929,0.0,0.800000011920929
2018-05-03,0.800000011920929,0.800000011920929,0.800000011920929,0.800000011920929,0.0,0.800000011920929
2018-05-04,0.800000011920929,0.800000011920929,0.800000011920929,0.800000011920929,0.0,0.800000011920929
2018-05-07,0.800000011920929,0.800000011920929,0.800000011920929,0.800000011920929,0.0,0.800000011920929
2018-05-08,0.800000011920929,0.800000011920929,0.800000011920929,0.800000011920929,0.0,0.800000011920929
2018-05-09,0.800000011920929,0.800000011920929,0.800000011920929,0.800000011920929,0.0,0.800000011920929
2018-05-10,0.30000001192092896,0.30000001192092896,0.30000001192092896,0.30000001192092896,1000.0,0.30000001192092896
2018-05-11,0.28999999165534973,0.28999999165534973,0.28999999165534973,0.28999999165534973,500.0,0.28999999165534973
2018-05-14,0.30000001192092896,0.30000001192092896,0.30000001192092896,0.30000001192092896,1100.0,0.30000001192092896
2018-05-15,0.3499999940395355,0.3100000023841858,0.3499999940395355,0.3499999940395355,31000.0,0.3499999940395355
2018-05-16,0.3100000023841858,0.3100000023841858,0.3100000023841858,0.3100000023841858,100.0,0.3100000023841858
2018-05-17,0.3700000047683716,0.3499999940395355,0.3499999940395355,0.3700000047683716,15200.0,0.3700000047683716
2018-05-18,0.75,0.75,0.75,0.75,100.0,0.75
2018-05-21,0.7900000214576721,0.75,0.75,0.7900000214576721,4000.0,0.7900000214576721
2018-05-22,0.7900000214576721,0.7900000214576721,0.7900000214576721,0.7900000214576721,300.0,0.7900000214576721
2018-05-23,0.7900000214576721,0.7900000214576721,0.7900000214576721,0.7900000214576721,0.0,0.7900000214576721
2018-05-24,0.7900000214576721,0.7900000214576721,0.7900000214576721,0.7900000214576721,0.0,0.7900000214576721
2018-05-25,0.7900000214576721,0.7900000214576721,0.7900000214576721,0.7900000214576721,0.0,0.7900000214576721
2018-05-29,0.7900000214576721,0.7900000214576721,0.7900000214576721,0.7900000214576721,0.0,0.7900000214576721
2018-05-30,0.7900000214576721,0.7900000214576721,0.7900000214576721,0.7900000214576721,0.0,0.7900000214576721
2018-05-31,0.7900000214576721,0.7900000214576721,0.7900000214576721,0.7900000214576721,0.0,0.7900000214576721
2018-06-01,0.7900000214576721,0.7900000214576721,0.7900000214576721,0.7900000214576721,0.0,0.7900000214576721
2018-06-04,0.44999998807907104,0.44999998807907104,0.44999998807907104,0.44999998807907104,300.0,0.44999998807907104
2018-06-05,0.44999998807907104,0.44999998807907104,0.44999998807907104,0.44999998807907104,0.0,0.44999998807907104
2018-06-06,0.44999998807907104,0.44999998807907104,0.44999998807907104,0.44999998807907104,0.0,0.44999998807907104
2018-06-07,0.44999998807907104,0.44999998807907104,0.44999998807907104,0.44999998807907104,0.0,0.44999998807907104
2018-06-08,0.44999998807907104,0.44999998807907104,0.44999998807907104,0.44999998807907104,0.0,0.44999998807907104
2018-06-11,0.44999998807907104,0.44999998807907104,0.44999998807907104,0.44999998807907104,0.0,0.44999998807907104
2018-06-12,0.44999998807907104,0.44999998807907104,0.44999998807907104,0.44999998807907104,0.0,0.44999998807907104
2018-06-13,0.5,0.5,0.5,0.5,2000.0,0.5
2018-06-14,0.5,0.38999998569488525,0.5,0.4000000059604645,10400.0,0.4000000059604645
2018-06-15,0.4000000059604645,0.4000000059604645,0.4000000059604645,0.4000000059604645,0.0,0.4000000059604645
2018-06-18,0.38999998569488525,0.3700000047683716,0.38999998569488525,0.3700000047683716,11800.0,0.3700000047683716
2018-06-19,0.3700000047683716,0.3700000047683716,0.3700000047683716,0.3700000047683716,0.0,0.3700000047683716
2018-06-20,0.3700000047683716,0.3700000047683716,0.3700000047683716,0.3700000047683716,0.0,0.3700000047683716
2018-06-21,0.41999998688697815,0.41999998688697815,0.41999998688697815,0.41999998688697815,3200.0,0.41999998688697815
2018-06-22,0.41999998688697815,0.41999998688697815,0.41999998688697815,0.41999998688697815,0.0,0.41999998688697815
2018-06-25,0.41999998688697815,0.41999998688697815,0.41999998688697815,0.41999998688697815,0.0,0.41999998688697815
2018-06-26,0.41999998688697815,0.41999998688697815,0.41999998688697815,0.41999998688697815,0.0,0.41999998688697815
2018-06-27,0.3799999952316284,0.3799999952316284,0.3799999952316284,0.3799999952316284,4100.0,0.3799999952316284
2018-06-28,0.3799999952316284,0.3799999952316284,0.3799999952316284,0.3799999952316284,0.0,0.3799999952316284
2018-06-29,0.3799999952316284,0.3799999952316284,0.3799999952316284,0.3799999952316284,0.0,0.3799999952316284
2018-07-02,0.3799999952316284,0.3799999952316284,0.3799999952316284,0.3799999952316284,0.0,0.3799999952316284
2018-07-03,0.3799999952316284,0.3799999952316284,0.3799999952316284,0.3799999952316284,0.0,0.3799999952316284
2018-07-05,0.5099999904632568,0.3799999952316284,0.5099999904632568,0.3799999952316284,7400.0,0.3799999952316284
2018-07-06,0.3799999952316284,0.3799999952316284,0.3799999952316284,0.3799999952316284,0.0,0.3799999952316284
2018-07-09,0.4099999964237213,0.4099999964237213,0.4099999964237213,0.4099999964237213,1000.0,0.4099999964237213
2018-07-10,0.4099999964237213,0.4099999964237213,0.4099999964237213,0.4099999964237213,100.0,0.4099999964237213
2018-07-11,0.4099999964237213,0.4099999964237213,0.4099999964237213,0.4099999964237213,0.0,0.4099999964237213
2018-07-12,0.4099999964237213,0.4099999964237213,0.4099999964237213,0.4099999964237213,0.0,0.4099999964237213
2018-07-13,0.4099999964237213,0.4099999964237213,0.4099999964237213,0.4099999964237213,0.0,0.4099999964237213
2018-07-16,0.4099999964237213,0.4099999964237213,0.4099999964237213,0.4099999964237213,0.0,0.4099999964237213
2018-07-17,0.4099999964237213,0.4099999964237213,0.4099999964237213,0.4099999964237213,0.0,0.4099999964237213
2018-07-18,0.38999998569488525,0.3700000047683716,0.38999998569488525,0.3700000047683716,4000.0,0.3700000047683716
2018-07-19,0.3700000047683716,0.3700000047683716,0.3700000047683716,0.3700000047683716,0.0,0.3700000047683716
2018-07-20,0.3700000047683716,0.3700000047683716,0.3700000047683716,0.3700000047683716,0.0,0.3700000047683716
2018-07-23,0.3700000047683716,0.3700000047683716,0.3700000047683716,0.3700000047683716,0.0,0.3700000047683716
2018-07-24,0.3700000047683716,0.3700000047683716,0.3700000047683716,0.3700000047683716,0.0,0.3700000047683716
2018-07-25,0.3700000047683716,0.3700000047683716,0.3700000047683716,0.3700000047683716,0.0,0.3700000047683716
2018-07-26,0.3700000047683716,0.3700000047683716,0.3700000047683716,0.3700000047683716,5000.0,0.3700000047683716
2018-07-27,0.3700000047683716,0.3700000047683716,0.3700000047683716,0.3700000047683716,0.0,0.3700000047683716
2018-07-30,0.3700000047683716,0.3700000047683716,0.3700000047683716,0.3700000047683716,0.0,0.3700000047683716
2018-07-31,0.3700000047683716,0.3700000047683716,0.3700000047683716,0.3700000047683716,0.0,0.3700000047683716
2018-08-01,0.3700000047683716,0.3700000047683716,0.3700000047683716,0.3700000047683716,0.0,0.3700000047683716
2018-08-02,0.3700000047683716,0.3700000047683716,0.3700000047683716,0.3700000047683716,0.0,0.3700000047683716
2018-08-03,0.3700000047683716,0.3700000047683716,0.3700000047683716,0.3700000047683716,0.0,0.3700000047683716
2018-08-06,0.3700000047683716,0.3700000047683716,0.3700000047683716,0.3700000047683716,0.0,0.3700000047683716
2018-08-07,0.3700000047683716,0.3700000047683716,0.3700000047683716,0.3700000047683716,0.0,0.3700000047683716
2018-08-08,0.3700000047683716,0.3700000047683716,0.3700000047683716,0.3700000047683716,0.0,0.3700000047683716
2018-08-09,0.3700000047683716,0.3700000047683716,0.3700000047683716,0.3700000047683716,0.0,0.3700000047683716
2018-08-10,0.3700000047683716,0.3700000047683716,0.3700000047683716,0.3700000047683716,0.0,0.3700000047683716
2018-08-13,0.3700000047683716,0.3700000047683716,0.3700000047683716,0.3700000047683716,0.0,0.3700000047683716
2018-08-14,0.3700000047683716,0.3700000047683716,0.3700000047683716,0.3700000047683716,0.0,0.3700000047683716
2018-08-15,0.3700000047683716,0.3700000047683716,0.3700000047683716,0.3700000047683716,0.0,0.3700000047683716
2018-08-16,0.550000011920929,0.550000011920929,0.550000011920929,0.550000011920929,1100.0,0.550000011920929
2018-08-17,0.550000011920929,0.550000011920929,0.550000011920929,0.550000011920929,0.0,0.550000011920929
2018-08-20,0.550000011920929,0.5,0.5299999713897705,0.5,1500.0,0.5
2018-08-21,0.5,0.5,0.5,0.5,0.0,0.5
2018-08-22,0.5,0.5,0.5,0.5,0.0,0.5
2018-08-23,0.5,0.5,0.5,0.5,0.0,0.5
2018-08-24,0.5,0.5,0.5,0.5,0.0,0.5
2018-08-27,0.5,0.5,0.5,0.5,0.0,0.5
2018-08-28,0.5,0.5,0.5,0.5,0.0,0.5
2018-08-29,0.5,0.5,0.5,0.5,0.0,0.5
2018-08-30,0.5,0.5,0.5,0.5,0.0,0.5
2018-08-31,0.5,0.5,0.5,0.5,0.0,0.5
2018-09-04,0.3499999940395355,0.3499999940395355,0.3499999940395355,0.3499999940395355,800.0,0.3499999940395355
2018-09-05,0.3499999940395355,0.3499999940395355,0.3499999940395355,0.3499999940395355,0.0,0.3499999940395355
2018-09-06,0.3499999940395355,0.3499999940395355,0.3499999940395355,0.3499999940395355,0.0,0.3499999940395355
2018-09-07,0.3499999940395355,0.3499999940395355,0.3499999940395355,0.3499999940395355,0.0,0.3499999940395355
2018-09-10,0.3499999940395355,0.3499999940395355,0.3499999940395355,0.3499999940395355,3000.0,0.3499999940395355
2018-09-11,0.36500000953674316,0.3499999940395355,0.36500000953674316,0.3499999940395355,3600.0,0.3499999940395355
2018-09-12,0.3499999940395355,0.3499999940395355,0.3499999940395355,0.3499999940395355,0.0,0.3499999940395355
2018-09-13,0.3499999940395355,0.3499999940395355,0.3499999940395355,0.3499999940395355,0.0,0.3499999940395355
2018-09-14,0.3499999940395355,0.3499999940395355,0.3499999940395355,0.3499999940395355,0.0,0.3499999940395355
2018-09-17,0.3499999940395355,0.3499999940395355,0.3499999940395355,0.3499999940395355,0.0,0.3499999940395355
2018-09-18,0.3499999940395355,0.3499999940395355,0.3499999940395355,0.3499999940395355,0.0,0.3499999940395355
2018-09-19,0.3499999940395355,0.3499999940395355,0.3499999940395355,0.3499999940395355,0.0,0.3499999940395355
2018-09-20,0.3499999940395355,0.3499999940395355,0.3499999940395355,0.3499999940395355,0.0,0.3499999940395355
2018-09-21,0.3499999940395355,0.3499999940395355,0.3499999940395355,0.3499999940395355,0.0,0.3499999940395355
2018-09-24,0.25,0.25,0.25,0.25,100.0,0.25
2018-09-25,0.25,0.25,0.25,0.25,0.0,0.25
2018-09-26,0.25,0.25,0.25,0.25,0.0,0.25
2018-09-27,0.25,0.25,0.25,0.25,0.0,0.25
2018-09-28,0.25,0.25,0.25,0.25,0.0,0.25
2018-10-01,0.25,0.25,0.25,0.25,0.0,0.25
2018-10-02,0.25,0.25,0.25,0.25,0.0,0.25
2018-10-03,0.25,0.25,0.25,0.25,0.0,0.25
2018-10-04,0.25,0.25,0.25,0.25,0.0,0.25
2018-10-05,0.25,0.25,0.25,0.25,0.0,0.25
2018-10-08,0.25,0.25,0.25,0.25,0.0,0.25
2018-10-09,0.25,0.25,0.25,0.25,0.0,0.25
2018-10-10,0.25,0.25,0.25,0.25,0.0,0.25
2018-10-11,0.25,0.25,0.25,0.25,0.0,0.25
2018-10-12,0.25,0.25,0.25,0.25,0.0,0.25
2018-10-15,0.25,0.25,0.25,0.25,0.0,0.25
2018-10-16,0.25,0.25,0.25,0.25,0.0,0.25
2018-10-17,0.25,0.25,0.25,0.25,0.0,0.25
2018-10-18,0.25,0.25,0.25,0.25,0.0,0.25
2018-10-19,0.25,0.25,0.25,0.25,0.0,0.25
2018-10-22,0.25,0.25,0.25,0.25,0.0,0.25
2018-10-23,0.4000000059604645,0.4000000059604645,0.4000000059604645,0.4000000059604645,200.0,0.4000000059604645
2018-10-24,0.4000000059604645,0.4000000059604645,0.4000000059604645,0.4000000059604645,0.0,0.4000000059604645
2018-10-25,0.4000000059604645,0.4000000059604645,0.4000000059604645,0.4000000059604645,0.0,0.4000000059604645
2018-10-26,0.4000000059604645,0.4000000059604645,0.4000000059604645,0.4000000059604645,0.0,0.4000000059604645
2018-10-29,0.4000000059604645,0.4000000059604645,0.4000000059604645,0.4000000059604645,0.0,0.4000000059604645
2018-10-30,0.4000000059604645,0.4000000059604645,0.4000000059604645,0.4000000059604645,0.0,0.4000000059604645
2018-10-31,0.4000000059604645,0.4000000059604645,0.4000000059604645,0.4000000059604645,0.0,0.4000000059604645
2018-11-01,0.4000000059604645,0.4000000059604645,0.4000000059604645,0.4000000059604645,0.0,0.4000000059604645
2018-11-02,0.4000000059604645,0.4000000059604645,0.4000000059604645,0.4000000059604645,0.0,0.4000000059604645
2018-11-05,0.4000000059604645,0.4000000059604645,0.4000000059604645,0.4000000059604645,0.0,0.4000000059604645
2018-11-06,0.4000000059604645,0.4000000059604645,0.4000000059604645,0.4000000059604645,0.0,0.4000000059604645
2018-11-07,0.4000000059604645,0.4000000059604645,0.4000000059604645,0.4000000059604645,0.0,0.4000000059604645
2018-11-08,0.4000000059604645,0.4000000059604645,0.4000000059604645,0.4000000059604645,1300.0,0.4000000059604645
2018-11-09,0.4000000059604645,0.4000000059604645,0.4000000059604645,0.4000000059604645,0.0,0.4000000059604645
2018-11-12,0.4000000059604645,0.4000000059604645,0.4000000059604645,0.4000000059604645,0.0,0.4000000059604645
2018-11-13,0.4000000059604645,0.4000000059604645,0.4000000059604645,0.4000000059604645,0.0,0.4000000059604645
2018-11-14,0.4000000059604645,0.4000000059604645,0.4000000059604645,0.4000000059604645,0.0,0.4000000059604645
2018-11-15,0.4000000059604645,0.4000000059604645,0.4000000059604645,0.4000000059604645,0.0,0.4000000059604645
2018-11-16,0.4000000059604645,0.4000000059604645,0.4000000059604645,0.4000000059604645,0.0,0.4000000059604645
2018-11-19,0.4000000059604645,0.4000000059604645,0.4000000059604645,0.4000000059604645,0.0,0.4000000059604645
2018-11-20,0.4000000059604645,0.4000000059604645,0.4000000059604645,0.4000000059604645,0.0,0.4000000059604645
2018-11-21,0.4000000059604645,0.4000000059604645,0.4000000059604645,0.4000000059604645,0.0,0.4000000059604645
2018-11-23,0.4000000059604645,0.4000000059604645,0.4000000059604645,0.4000000059604645,0.0,0.4000000059604645
2018-11-26,0.4000000059604645,0.4000000059604645,0.4000000059604645,0.4000000059604645,0.0,0.4000000059604645
2018-11-27,0.4000000059604645,0.4000000059604645,0.4000000059604645,0.4000000059604645,400.0,0.4000000059604645
2018-11-28,0.4000000059604645,0.4000000059604645,0.4000000059604645,0.4000000059604645,0.0,0.4000000059604645
2018-11-29,0.4000000059604645,0.4000000059604645,0.4000000059604645,0.4000000059604645,0.0,0.4000000059604645
2018-11-30,0.4000000059604645,0.4000000059604645,0.4000000059604645,0.4000000059604645,0.0,0.4000000059604645
2018-12-03,0.4000000059604645,0.4000000059604645,0.4000000059604645,0.4000000059604645,0.0,0.4000000059604645
2018-12-04,0.4000000059604645,0.4000000059604645,0.4000000059604645,0.4000000059604645,100.0,0.4000000059604645
2018-12-06,0.4000000059604645,0.4000000059604645,0.4000000059604645,0.4000000059604645,0.0,0.4000000059604645
2018-12-07,0.4000000059604645,0.4000000059604645,0.4000000059604645,0.4000000059604645,0.0,0.4000000059604645
2018-12-10,0.4000000059604645,0.4000000059604645,0.4000000059604645,0.4000000059604645,0.0,0.4000000059604645
2018-12-11,0.4000000059604645,0.4000000059604645,0.4000000059604645,0.4000000059604645,0.0,0.4000000059604645
2018-12-12,0.4000000059604645,0.4000000059604645,0.4000000059604645,0.4000000059604645,0.0,0.4000000059604645
2018-12-13,0.4000000059604645,0.4000000059604645,0.4000000059604645,0.4000000059604645,0.0,0.4000000059604645
2018-12-14,0.4000000059604645,0.4000000059604645,0.4000000059604645,0.4000000059604645,0.0,0.4000000059604645
2018-12-17,0.4000000059604645,0.4000000059604645,0.4000000059604645,0.4000000059604645,0.0,0.4000000059604645
2018-12-18,0.4000000059604645,0.4000000059604645,0.4000000059604645,0.4000000059604645,0.0,0.4000000059604645
2018-12-19,0.4000000059604645,0.4000000059604645,0.4000000059604645,0.4000000059604645,0.0,0.4000000059604645
2018-12-20,0.4000000059604645,0.4000000059604645,0.4000000059604645,0.4000000059604645,0.0,0.4000000059604645
2018-12-21,0.3499999940395355,0.3499999940395355,0.3499999940395355,0.3499999940395355,2500.0,0.3499999940395355
2018-12-24,0.3499999940395355,0.3499999940395355,0.3499999940395355,0.3499999940395355,300.0,0.3499999940395355
2018-12-26,0.3499999940395355,0.3499999940395355,0.3499999940395355,0.3499999940395355,0.0,0.3499999940395355
2018-12-27,0.3499999940395355,0.3499999940395355,0.3499999940395355,0.3499999940395355,0.0,0.3499999940395355
2018-12-28,0.3499999940395355,0.3499999940395355,0.3499999940395355,0.3499999940395355,0.0,0.3499999940395355
2018-12-31,0.3499999940395355,0.3499999940395355,0.3499999940395355,0.3499999940395355,0.0,0.3499999940395355
2019-01-02,0.3499999940395355,0.3499999940395355,0.3499999940395355,0.3499999940395355,100.0,0.3499999940395355
2019-01-03,0.3499999940395355,0.3499999940395355,0.3499999940395355,0.3499999940395355,0.0,0.3499999940395355
2019-01-04,0.3499999940395355,0.3499999940395355,0.3499999940395355,0.3499999940395355,0.0,0.3499999940395355
2019-01-07,0.3499999940395355,0.3499999940395355,0.3499999940395355,0.3499999940395355,0.0,0.3499999940395355
2019-01-08,0.3499999940395355,0.3499999940395355,0.3499999940395355,0.3499999940395355,0.0,0.3499999940395355
2019-01-09,0.3499999940395355,0.3499999940395355,0.3499999940395355,0.3499999940395355,0.0,0.3499999940395355
2019-01-10,0.3499999940395355,0.3499999940395355,0.3499999940395355,0.3499999940395355,0.0,0.3499999940395355
2019-01-11,0.3499999940395355,0.3499999940395355,0.3499999940395355,0.3499999940395355,0.0,0.3499999940395355
2019-01-14,0.3499999940395355,0.3499999940395355,0.3499999940395355,0.3499999940395355,0.0,0.3499999940395355
2019-01-15,0.3499999940395355,0.3499999940395355,0.3499999940395355,0.3499999940395355,0.0,0.3499999940395355
2019-01-16,0.3499999940395355,0.3499999940395355,0.3499999940395355,0.3499999940395355,0.0,0.3499999940395355
2019-01-17,0.3499999940395355,0.3499999940395355,0.3499999940395355,0.3499999940395355,0.0,0.3499999940395355
2019-01-18,0.3499999940395355,0.3499999940395355,0.3499999940395355,0.3499999940395355,0.0,0.3499999940395355
2019-01-22,0.3499999940395355,0.3499999940395355,0.3499999940395355,0.3499999940395355,0.0,0.3499999940395355
2019-01-23,0.3499999940395355,0.3499999940395355,0.3499999940395355,0.3499999940395355,0.0,0.3499999940395355
2019-01-24,0.3499999940395355,0.3499999940395355,0.3499999940395355,0.3499999940395355,0.0,0.3499999940395355
2019-01-25,0.3499999940395355,0.3499999940395355,0.3499999940395355,0.3499999940395355,0.0,0.3499999940395355
2019-01-28,0.3499999940395355,0.3499999940395355,0.3499999940395355,0.3499999940395355,0.0,0.3499999940395355
2019-01-29,0.3499999940395355,0.3499999940395355,0.3499999940395355,0.3499999940395355,0.0,0.3499999940395355
2019-01-30,0.3499999940395355,0.3499999940395355,0.3499999940395355,0.3499999940395355,0.0,0.3499999940395355
2019-01-31,0.3499999940395355,0.3499999940395355,0.3499999940395355,0.3499999940395355,0.0,0.3499999940395355
2019-02-01,0.3499999940395355,0.3499999940395355,0.3499999940395355,0.3499999940395355,2500.0,0.3499999940395355
2019-02-04,0.3499999940395355,0.3499999940395355,0.3499999940395355,0.3499999940395355,0.0,0.3499999940395355
2019-02-05,0.3499999940395355,0.3499999940395355,0.3499999940395355,0.3499999940395355,0.0,0.3499999940395355
2019-02-06,0.3499999940395355,0.3499999940395355,0.3499999940395355,0.3499999940395355,0.0,0.3499999940395355
2019-02-07,0.3499999940395355,0.3499999940395355,0.3499999940395355,0.3499999940395355,100.0,0.3499999940395355
2019-02-08,0.3499999940395355,0.3499999940395355,0.3499999940395355,0.3499999940395355,0.0,0.3499999940395355
2019-02-11,0.3499999940395355,0.3499999940395355,0.3499999940395355,0.3499999940395355,0.0,0.3499999940395355
2019-02-12,0.3499999940395355,0.3499999940395355,0.3499999940395355,0.3499999940395355,0.0,0.3499999940395355
2019-02-13,0.3499999940395355,0.3499999940395355,0.3499999940395355,0.3499999940395355,0.0,0.3499999940395355
2019-02-14,0.3499999940395355,0.3499999940395355,0.3499999940395355,0.3499999940395355,0.0,0.3499999940395355
2019-02-15,0.3499999940395355,0.3499999940395355,0.3499999940395355,0.3499999940395355,0.0,0.3499999940395355
2019-02-19,0.3499999940395355,0.3499999940395355,0.3499999940395355,0.3499999940395355,0.0,0.3499999940395355
2019-02-20,0.3499999940395355,0.3499999940395355,0.3499999940395355,0.3499999940395355,0.0,0.3499999940395355
2019-02-21,0.3499999940395355,0.3499999940395355,0.3499999940395355,0.3499999940395355,0.0,0.3499999940395355
2019-02-22,0.3499999940395355,0.3499999940395355,0.3499999940395355,0.3499999940395355,1000.0,0.3499999940395355
2019-02-25,0.3499999940395355,0.3400000035762787,0.3499999940395355,0.3400000035762787,8000.0,0.3400000035762787
2019-02-26,0.3400000035762787,0.3400000035762787,0.3400000035762787,0.3400000035762787,0.0,0.3400000035762787
2019-02-27,0.3400000035762787,0.3400000035762787,0.3400000035762787,0.3400000035762787,0.0,0.3400000035762787
2019-02-28,0.3400000035762787,0.3400000035762787,0.3400000035762787,0.3400000035762787,0.0,0.3400000035762787
2019-03-01,0.3400000035762787,0.3400000035762787,0.3400000035762787,0.3400000035762787,0.0,0.3400000035762787
2019-03-04,0.3400000035762787,0.3400000035762787,0.3400000035762787,0.3400000035762787,0.0,0.3400000035762787
2019-03-05,0.3400000035762787,0.3400000035762787,0.3400000035762787,0.3400000035762787,0.0,0.3400000035762787
2019-03-06,0.3400000035762787,0.3400000035762787,0.3400000035762787,0.3400000035762787,0.0,0.3400000035762787
2019-03-07,0.3400000035762787,0.3400000035762787,0.3400000035762787,0.3400000035762787,0.0,0.3400000035762787
2019-03-08,0.3400000035762787,0.3400000035762787,0.3400000035762787,0.3400000035762787,0.0,0.3400000035762787
2019-03-11,0.3400000035762787,0.3400000035762787,0.3400000035762787,0.3400000035762787,0.0,0.3400000035762787
2019-03-12,0.3400000035762787,0.3400000035762787,0.3400000035762787,0.3400000035762787,0.0,0.3400000035762787
2019-03-13,0.22200000286102295,0.22200000286102295,0.22200000286102295,0.22200000286102295,1000.0,0.22200000286102295
2019-03-14,0.22200000286102295,0.22200000286102295,0.22200000286102295,0.22200000286102295,0.0,0.22200000286102295
2019-03-15,0.22200000286102295,0.22200000286102295,0.22200000286102295,0.22200000286102295,0.0,0.22200000286102295
2019-03-18,0.22200000286102295,0.22200000286102295,0.22200000286102295,0.22200000286102295,0.0,0.22200000286102295
2019-03-19,0.22200000286102295,0.22200000286102295,0.22200000286102295,0.22200000286102295,0.0,0.22200000286102295
2019-03-20,0.22200000286102295,0.22200000286102295,0.22200000286102295,0.22200000286102295,0.0,0.22200000286102295
2019-03-21,0.22200000286102295,0.22200000286102295,0.22200000286102295,0.22200000286102295,0.0,0.22200000286102295
2019-03-22,0.22200000286102295,0.22200000286102295,0.22200000286102295,0.22200000286102295,0.0,0.22200000286102295
2019-03-25,0.22200000286102295,0.22200000286102295,0.22200000286102295,0.22200000286102295,0.0,0.22200000286102295
2019-03-26,0.22200000286102295,0.22200000286102295,0.22200000286102295,0.22200000286102295,0.0,0.22200000286102295
2019-03-27,0.22200000286102295,0.22200000286102295,0.22200000286102295,0.22200000286102295,0.0,0.22200000286102295
2019-03-28,0.22200000286102295,0.22200000286102295,0.22200000286102295,0.22200000286102295,0.0,0.22200000286102295
2019-03-29,0.22200000286102295,0.22200000286102295,0.22200000286102295,0.22200000286102295,0.0,0.22200000286102295
2019-04-01,0.22200000286102295,0.22200000286102295,0.22200000286102295,0.22200000286102295,0.0,0.22200000286102295
2019-04-02,0.22200000286102295,0.22200000286102295,0.22200000286102295,0.22200000286102295,0.0,0.22200000286102295
2019-04-03,0.22200000286102295,0.22200000286102295,0.22200000286102295,0.22200000286102295,0.0,0.22200000286102295
2019-04-04,0.22200000286102295,0.22200000286102295,0.22200000286102295,0.22200000286102295,0.0,0.22200000286102295
2019-04-05,0.22200000286102295,0.22200000286102295,0.22200000286102295,0.22200000286102295,0.0,0.22200000286102295
2019-04-08,0.22200000286102295,0.22200000286102295,0.22200000286102295,0.22200000286102295,0.0,0.22200000286102295
2019-04-09,0.22200000286102295,0.22200000286102295,0.22200000286102295,0.22200000286102295,0.0,0.22200000286102295
2019-04-10,0.22200000286102295,0.22200000286102295,0.22200000286102295,0.22200000286102295,0.0,0.22200000286102295
2019-04-11,0.22200000286102295,0.22200000286102295,0.22200000286102295,0.22200000286102295,0.0,0.22200000286102295
2019-04-12,0.22200000286102295,0.22200000286102295,0.22200000286102295,0.22200000286102295,0.0,0.22200000286102295
2019-04-15,0.22200000286102295,0.22200000286102295,0.22200000286102295,0.22200000286102295,0.0,0.22200000286102295
2019-04-16,0.22200000286102295,0.22200000286102295,0.22200000286102295,0.22200000286102295,0.0,0.22200000286102295
2019-04-17,0.22200000286102295,0.22200000286102295,0.22200000286102295,0.22200000286102295,0.0,0.22200000286102295
2019-04-18,0.20999999344348907,0.20999999344348907,0.20999999344348907,0.20999999344348907,4700.0,0.20999999344348907
2019-04-22,0.20999999344348907,0.20999999344348907,0.20999999344348907,0.20999999344348907,0.0,0.20999999344348907
2019-04-23,0.20999999344348907,0.20999999344348907,0.20999999344348907,0.20999999344348907,0.0,0.20999999344348907
2019-04-24,0.20999999344348907,0.20999999344348907,0.20999999344348907,0.20999999344348907,0.0,0.20999999344348907
2019-04-25,0.20999999344348907,0.20999999344348907,0.20999999344348907,0.20999999344348907,0.0,0.20999999344348907
2019-04-26,0.20999999344348907,0.20999999344348907,0.20999999344348907,0.20999999344348907,0.0,0.20999999344348907
2019-04-29,0.20999999344348907,0.20999999344348907,0.20999999344348907,0.20999999344348907,0.0,0.20999999344348907
2019-04-30,0.20999999344348907,0.20999999344348907,0.20999999344348907,0.20999999344348907,0.0,0.20999999344348907
2019-05-01,0.20999999344348907,0.20399999618530273,0.20399999618530273,0.20999999344348907,4000.0,0.20999999344348907
2019-05-02,0.20999999344348907,0.20999999344348907,0.20999999344348907,0.20999999344348907,0.0,0.20999999344348907
2019-05-03,0.20999999344348907,0.20999999344348907,0.20999999344348907,0.20999999344348907,0.0,0.20999999344348907
2019-05-06,0.20999999344348907,0.20999999344348907,0.20999999344348907,0.20999999344348907,0.0,0.20999999344348907
2019-05-07,0.15000000596046448,0.15000000596046448,0.15000000596046448,0.15000000596046448,1000.0,0.15000000596046448
2019-05-08,0.15000000596046448,0.15000000596046448,0.15000000596046448,0.15000000596046448,0.0,0.15000000596046448
2019-05-09,0.11999999731779099,0.10999999940395355,0.11999999731779099,0.10999999940395355,10000.0,0.10999999940395355
2019-05-10,0.13500000536441803,0.13500000536441803,0.13500000536441803,0.13500000536441803,5000.0,0.13500000536441803
2019-05-13,0.13500000536441803,0.13500000536441803,0.13500000536441803,0.13500000536441803,0.0,0.13500000536441803
2019-05-14,0.13500000536441803,0.13500000536441803,0.13500000536441803,0.13500000536441803,0.0,0.13500000536441803
2019-05-15,0.13500000536441803,0.13500000536441803,0.13500000536441803,0.13500000536441803,0.0,0.13500000536441803
2019-05-16,0.13500000536441803,0.13500000536441803,0.13500000536441803,0.13500000536441803,0.0,0.13500000536441803
2019-05-17,0.13500000536441803,0.13500000536441803,0.13500000536441803,0.13500000536441803,0.0,0.13500000536441803
2019-05-20,0.13500000536441803,0.13500000536441803,0.13500000536441803,0.13500000536441803,0.0,0.13500000536441803
2019-05-21,0.13500000536441803,0.13500000536441803,0.13500000536441803,0.13500000536441803,100.0,0.13500000536441803
2019-05-22,0.13500000536441803,0.13500000536441803,0.13500000536441803,0.13500000536441803,0.0,0.13500000536441803
2019-05-23,0.13500000536441803,0.13500000536441803,0.13500000536441803,0.13500000536441803,0.0,0.13500000536441803
2019-05-24,0.13500000536441803,0.13500000536441803,0.13500000536441803,0.13500000536441803,0.0,0.13500000536441803
2019-05-28,0.13500000536441803,0.13500000536441803,0.13500000536441803,0.13500000536441803,0.0,0.13500000536441803
2019-05-29,0.13500000536441803,0.13500000536441803,0.13500000536441803,0.13500000536441803,0.0,0.13500000536441803
2019-05-30,0.13500000536441803,0.13500000536441803,0.13500000536441803,0.13500000536441803,0.0,0.13500000536441803
2019-05-31,0.13500000536441803,0.13500000536441803,0.13500000536441803,0.13500000536441803,0.0,0.13500000536441803
2019-06-03,0.13500000536441803,0.13500000536441803,0.13500000536441803,0.13500000536441803,0.0,0.13500000536441803
2019-06-04,0.13500000536441803,0.13500000536441803,0.13500000536441803,0.13500000536441803,0.0,0.13500000536441803
2019-06-05,0.13500000536441803,0.13500000536441803,0.13500000536441803,0.13500000536441803,0.0,0.13500000536441803
2019-06-06,0.13500000536441803,0.13500000536441803,0.13500000536441803,0.13500000536441803,0.0,0.13500000536441803
2019-06-07,0.13500000536441803,0.13500000536441803,0.13500000536441803,0.13500000536441803,0.0,0.13500000536441803
2019-06-10,0.13500000536441803,0.13500000536441803,0.13500000536441803,0.13500000536441803,0.0,0.13500000536441803
2019-06-11,0.13500000536441803,0.13500000536441803,0.13500000536441803,0.13500000536441803,0.0,0.13500000536441803
2019-06-12,0.13500000536441803,0.13500000536441803,0.13500000536441803,0.13500000536441803,0.0,0.13500000536441803
2019-06-13,0.13500000536441803,0.13500000536441803,0.13500000536441803,0.13500000536441803,0.0,0.13500000536441803
2019-06-14,0.13500000536441803,0.13500000536441803,0.13500000536441803,0.13500000536441803,0.0,0.13500000536441803
2019-06-17,0.13500000536441803,0.13500000536441803,0.13500000536441803,0.13500000536441803,0.0,0.13500000536441803
2019-06-18,0.13500000536441803,0.13500000536441803,0.13500000536441803,0.13500000536441803,0.0,0.13500000536441803
2019-06-19,0.13500000536441803,0.13500000536441803,0.13500000536441803,0.13500000536441803,0.0,0.13500000536441803
2019-06-20,0.13500000536441803,0.13500000536441803,0.13500000536441803,0.13500000536441803,0.0,0.13500000536441803
2019-06-21,0.13500000536441803,0.13500000536441803,0.13500000536441803,0.13500000536441803,0.0,0.13500000536441803
2019-06-24,0.13500000536441803,0.13500000536441803,0.13500000536441803,0.13500000536441803,0.0,0.13500000536441803
2019-06-25,0.1120000034570694,0.10000000149011612,0.1120000034570694,0.10000000149011612,16000.0,0.10000000149011612
2019-06-26,0.10000000149011612,0.10000000149011612,0.10000000149011612,0.10000000149011612,0.0,0.10000000149011612
2019-06-27,0.10000000149011612,0.10000000149011612,0.10000000149011612,0.10000000149011612,0.0,0.10000000149011612
2019-06-28,0.10000000149011612,0.10000000149011612,0.10000000149011612,0.10000000149011612,0.0,0.10000000149011612
2019-07-01,0.10000000149011612,0.10000000149011612,0.10000000149011612,0.10000000149011612,0.0,0.10000000149011612
2019-07-02,0.10000000149011612,0.10000000149011612,0.10000000149011612,0.10000000149011612,0.0,0.10000000149011612
2019-07-03,0.10000000149011612,0.10000000149011612,0.10000000149011612,0.10000000149011612,0.0,0.10000000149011612
2019-07-05,0.10000000149011612,0.10000000149011612,0.10000000149011612,0.10000000149011612,0.0,0.10000000149011612
2019-07-08,0.10000000149011612,0.10000000149011612,0.10000000149011612,0.10000000149011612,0.0,0.10000000149011612
2019-07-09,0.10000000149011612,0.10000000149011612,0.10000000149011612,0.10000000149011612,0.0,0.10000000149011612
2019-07-10,0.10000000149011612,0.10000000149011612,0.10000000149011612,0.10000000149011612,0.0,0.10000000149011612
2019-07-11,0.10000000149011612,0.10000000149011612,0.10000000149011612,0.10000000149011612,0.0,0.10000000149011612
2019-07-12,0.10000000149011612,0.10000000149011612,0.10000000149011612,0.10000000149011612,0.0,0.10000000149011612
2019-07-15,0.10000000149011612,0.10000000149011612,0.10000000149011612,0.10000000149011612,0.0,0.10000000149011612
2019-07-16,0.10000000149011612,0.10000000149011612,0.10000000149011612,0.10000000149011612,0.0,0.10000000149011612
2019-07-17,0.10000000149011612,0.10000000149011612,0.10000000149011612,0.10000000149011612,0.0,0.10000000149011612
2019-07-18,0.10000000149011612,0.10000000149011612,0.10000000149011612,0.10000000149011612,0.0,0.10000000149011612
2019-07-19,0.20999999344348907,0.1979999989271164,0.20999999344348907,0.1979999989271164,2000.0,0.1979999989271164
2019-07-22,0.1979999989271164,0.1979999989271164,0.1979999989271164,0.1979999989271164,0.0,0.1979999989271164
2019-07-23,0.18000000715255737,0.18000000715255737,0.18000000715255737,0.18000000715255737,1000.0,0.18000000715255737
2019-07-24,0.07000000029802322,0.07000000029802322,0.07000000029802322,0.07000000029802322,2000.0,0.07000000029802322
2019-07-25,0.07000000029802322,0.07000000029802322,0.07000000029802322,0.07000000029802322,0.0,0.07000000029802322
2019-07-26,0.07000000029802322,0.07000000029802322,0.07000000029802322,0.07000000029802322,0.0,0.07000000029802322
2019-07-29,0.07000000029802322,0.07000000029802322,0.07000000029802322,0.07000000029802322,2000.0,0.07000000029802322
2019-07-30,0.07000000029802322,0.07000000029802322,0.07000000029802322,0.07000000029802322,2000.0,0.07000000029802322
2019-07-31,0.07000000029802322,0.07000000029802322,0.07000000029802322,0.07000000029802322,2000.0,0.07000000029802322
2019-08-01,0.07000000029802322,0.07000000029802322,0.07000000029802322,0.07000000029802322,2000.0,0.07000000029802322
2019-08-02,0.07000000029802322,0.07000000029802322,0.07000000029802322,0.07000000029802322,2000.0,0.07000000029802322
2019-08-05,0.07000000029802322,0.07000000029802322,0.07000000029802322,0.07000000029802322,2000.0,0.07000000029802322
2019-08-06,0.07000000029802322,0.07000000029802322,0.07000000029802322,0.07000000029802322,2000.0,0.07000000029802322
2019-08-07,0.07000000029802322,0.07000000029802322,0.07000000029802322,0.07000000029802322,2000.0,0.07000000029802322
2019-08-08,0.07000000029802322,0.07000000029802322,0.07000000029802322,0.07000000029802322,2000.0,0.07000000029802322
2019-08-09,0.07000000029802322,0.07000000029802322,0.07000000029802322,0.07000000029802322,2000.0,0.07000000029802322
2019-08-12,0.07000000029802322,0.07000000029802322,0.07000000029802322,0.07000000029802322,2000.0,0.07000000029802322
2019-08-13,0.07000000029802322,0.07000000029802322,0.07000000029802322,0.07000000029802322,2000.0,0.07000000029802322
2019-08-14,0.07000000029802322,0.07000000029802322,0.07000000029802322,0.07000000029802322,2000.0,0.07000000029802322
2019-08-15,0.07000000029802322,0.07000000029802322,0.07000000029802322,0.07000000029802322,2000.0,0.07000000029802322
2019-08-16,0.07000000029802322,0.07000000029802322,0.07000000029802322,0.07000000029802322,0.0,0.07000000029802322
2019-08-19,0.07000000029802322,0.07000000029802322,0.07000000029802322,0.07000000029802322,0.0,0.07000000029802322
2019-08-20,0.07000000029802322,0.07000000029802322,0.07000000029802322,0.07000000029802322,0.0,0.07000000029802322
2019-08-21,0.07000000029802322,0.07000000029802322,0.07000000029802322,0.07000000029802322,0.0,0.07000000029802322
2019-08-22,0.10000000149011612,0.10000000149011612,0.10000000149011612,0.10000000149011612,0.0,0.10000000149011612
2019-08-23,0.10000000149011612,0.10000000149011612,0.10000000149011612,0.10000000149011612,0.0,0.10000000149011612
2019-08-26,0.07000000029802322,0.07000000029802322,0.07000000029802322,0.07000000029802322,0.0,0.07000000029802322
2019-08-27,0.07000000029802322,0.07000000029802322,0.07000000029802322,0.07000000029802322,0.0,0.07000000029802322
2019-08-28,0.07000000029802322,0.07000000029802322,0.07000000029802322,0.07000000029802322,0.0,0.07000000029802322
2019-08-29,0.07000000029802322,0.07000000029802322,0.07000000029802322,0.07000000029802322,0.0,0.07000000029802322
2019-08-30,0.07000000029802322,0.07000000029802322,0.07000000029802322,0.07000000029802322,0.0,0.07000000029802322
2019-09-03,0.07000000029802322,0.07000000029802322,0.07000000029802322,0.07000000029802322,0.0,0.07000000029802322
2019-09-04,0.07000000029802322,0.07000000029802322,0.07000000029802322,0.07000000029802322,0.0,0.07000000029802322
2019-09-05,0.07000000029802322,0.07000000029802322,0.07000000029802322,0.07000000029802322,0.0,0.07000000029802322
2019-09-06,0.07000000029802322,0.07000000029802322,0.07000000029802322,0.07000000029802322,0.0,0.07000000029802322
2019-09-09,0.07000000029802322,0.07000000029802322,0.07000000029802322,0.07000000029802322,0.0,0.07000000029802322
2019-09-10,0.07000000029802322,0.07000000029802322,0.07000000029802322,0.07000000029802322,0.0,0.07000000029802322
2019-09-11,0.07000000029802322,0.07000000029802322,0.07000000029802322,0.07000000029802322,0.0,0.07000000029802322
2019-09-12,0.07000000029802322,0.07000000029802322,0.07000000029802322,0.07000000029802322,0.0,0.07000000029802322
2019-09-13,0.07000000029802322,0.07000000029802322,0.07000000029802322,0.07000000029802322,0.0,0.07000000029802322
2019-09-16,0.07000000029802322,0.07000000029802322,0.07000000029802322,0.07000000029802322,0.0,0.07000000029802322
2019-09-17,0.07000000029802322,0.07000000029802322,0.07000000029802322,0.07000000029802322,0.0,0.07000000029802322
2019-09-18,0.07000000029802322,0.07000000029802322,0.07000000029802322,0.07000000029802322,0.0,0.07000000029802322
2019-09-19,0.07000000029802322,0.07000000029802322,0.07000000029802322,0.07000000029802322,0.0,0.07000000029802322
2019-09-20,0.07000000029802322,0.07000000029802322,0.07000000029802322,0.07000000029802322,0.0,0.07000000029802322
2019-09-23,0.07000000029802322,0.07000000029802322,0.07000000029802322,0.07000000029802322,0.0,0.07000000029802322
2019-09-24,0.07000000029802322,0.07000000029802322,0.07000000029802322,0.07000000029802322,0.0,0.07000000029802322
2019-09-25,0.07000000029802322,0.07000000029802322,0.07000000029802322,0.07000000029802322,0.0,0.07000000029802322
2019-09-26,0.07000000029802322,0.07000000029802322,0.07000000029802322,0.07000000029802322,0.0,0.07000000029802322
2019-09-27,0.07000000029802322,0.07000000029802322,0.07000000029802322,0.07000000029802322,0.0,0.07000000029802322
2019-09-30,0.07000000029802322,0.07000000029802322,0.07000000029802322,0.07000000029802322,0.0,0.07000000029802322
2019-10-01,0.07000000029802322,0.07000000029802322,0.07000000029802322,0.07000000029802322,0.0,0.07000000029802322
2019-10-02,0.07000000029802322,0.07000000029802322,0.07000000029802322,0.07000000029802322,0.0,0.07000000029802322
2019-10-03,0.07000000029802322,0.07000000029802322,0.07000000029802322,0.07000000029802322,0.0,0.07000000029802322
2019-10-04,0.10000000149011612,0.10000000149011612,0.10000000149011612,0.10000000149011612,500.0,0.10000000149011612
2019-10-07,0.10000000149011612,0.10000000149011612,0.10000000149011612,0.10000000149011612,0.0,0.10000000149011612
2019-10-08,0.10000000149011612,0.10000000149011612,0.10000000149011612,0.10000000149011612,0.0,0.10000000149011612
2019-10-09,0.10000000149011612,0.10000000149011612,0.10000000149011612,0.10000000149011612,100.0,0.10000000149011612
2019-10-10,0.20800000429153442,0.20800000429153442,0.20800000429153442,0.20800000429153442,300.0,0.20800000429153442
2019-10-11,0.20800000429153442,0.20800000429153442,0.20800000429153442,0.20800000429153442,0.0,0.20800000429153442
2019-10-14,0.20800000429153442,0.20800000429153442,0.20800000429153442,0.20800000429153442,1200.0,0.20800000429153442
2019-10-15,0.20800000429153442,0.20800000429153442,0.20800000429153442,0.20800000429153442,0.0,0.20800000429153442
2019-10-16,0.20800000429153442,0.20800000429153442,0.20800000429153442,0.20800000429153442,100.0,0.20800000429153442
2019-10-17,0.20800000429153442,0.20800000429153442,0.20800000429153442,0.20800000429153442,0.0,0.20800000429153442
2019-10-18,0.050999999046325684,0.05000000074505806,0.050999999046325684,0.05000000074505806,13500.0,0.05000000074505806
2019-10-21,0.05000000074505806,0.05000000074505806,0.05000000074505806,0.05000000074505806,0.0,0.05000000074505806
2019-10-22,0.05000000074505806,0.05000000074505806,0.05000000074505806,0.05000000074505806,0.0,0.05000000074505806
2019-10-23,0.05000000074505806,0.05000000074505806,0.05000000074505806,0.05000000074505806,0.0,0.05000000074505806
2019-10-24,0.05000000074505806,0.05000000074505806,0.05000000074505806,0.05000000074505806,0.0,0.05000000074505806
2019-10-25,0.05000000074505806,0.05000000074505806,0.05000000074505806,0.05000000074505806,0.0,0.05000000074505806
2019-10-28,0.05000000074505806,0.05000000074505806,0.05000000074505806,0.05000000074505806,0.0,0.05000000074505806
2019-10-29,0.05000000074505806,0.05000000074505806,0.05000000074505806,0.05000000074505806,0.0,0.05000000074505806
2019-10-30,0.05000000074505806,0.05000000074505806,0.05000000074505806,0.05000000074505806,2000.0,0.05000000074505806
2019-10-31,0.20800000429153442,0.20800000429153442,0.20800000429153442,0.20800000429153442,2000.0,0.20800000429153442
2019-11-01,0.20800000429153442,0.20800000429153442,0.20800000429153442,0.20800000429153442,0.0,0.20800000429153442
2019-11-04,0.20800000429153442,0.20800000429153442,0.20800000429153442,0.20800000429153442,0.0,0.20800000429153442
2019-11-05,0.20800000429153442,0.20800000429153442,0.20800000429153442,0.20800000429153442,0.0,0.20800000429153442
2019-11-06,0.20800000429153442,0.20800000429153442,0.20800000429153442,0.20800000429153442,0.0,0.20800000429153442
2019-11-07,0.20800000429153442,0.20800000429153442,0.20800000429153442,0.20800000429153442,0.0,0.20800000429153442
2019-11-08,0.20800000429153442,0.20800000429153442,0.20800000429153442,0.20800000429153442,0.0,0.20800000429153442
2019-11-11,0.20800000429153442,0.20800000429153442,0.20800000429153442,0.20800000429153442,0.0,0.20800000429153442
2019-11-12,0.20800000429153442,0.20800000429153442,0.20800000429153442,0.20800000429153442,0.0,0.20800000429153442
2019-11-13,0.20800000429153442,0.20800000429153442,0.20800000429153442,0.20800000429153442,0.0,0.20800000429153442
2019-11-14,0.20800000429153442,0.20800000429153442,0.20800000429153442,0.20800000429153442,0.0,0.20800000429153442
2019-11-15,0.20800000429153442,0.20800000429153442,0.20800000429153442,0.20800000429153442,0.0,0.20800000429153442
2019-11-18,0.20800000429153442,0.20800000429153442,0.20800000429153442,0.20800000429153442,0.0,0.20800000429153442
2019-11-19,0.20800000429153442,0.20800000429153442,0.20800000429153442,0.20800000429153442,0.0,0.20800000429153442
2019-11-20,0.20800000429153442,0.20800000429153442,0.20800000429153442,0.20800000429153442,0.0,0.20800000429153442
2019-11-21,0.20800000429153442,0.20800000429153442,0.20800000429153442,0.20800000429153442,0.0,0.20800000429153442
2019-11-22,0.20800000429153442,0.20800000429153442,0.20800000429153442,0.20800000429153442,0.0,0.20800000429153442
2019-11-25,0.20800000429153442,0.20800000429153442,0.20800000429153442,0.20800000429153442,0.0,0.20800000429153442
2019-11-26,0.20800000429153442,0.20800000429153442,0.20800000429153442,0.20800000429153442,0.0,0.20800000429153442
2019-11-27,0.20800000429153442,0.20800000429153442,0.20800000429153442,0.20800000429153442,0.0,0.20800000429153442
2019-11-29,0.20800000429153442,0.20800000429153442,0.20800000429153442,0.20800000429153442,0.0,0.20800000429153442
2019-12-02,0.20800000429153442,0.20800000429153442,0.20800000429153442,0.20800000429153442,0.0,0.20800000429153442
2019-12-03,0.20800000429153442,0.20800000429153442,0.20800000429153442,0.20800000429153442,0.0,0.20800000429153442
2019-12-04,0.20800000429153442,0.20800000429153442,0.20800000429153442,0.20800000429153442,0.0,0.20800000429153442
2019-12-05,0.20800000429153442,0.20800000429153442,0.20800000429153442,0.20800000429153442,0.0,0.20800000429153442
2019-12-06,0.20800000429153442,0.20800000429153442,0.20800000429153442,0.20800000429153442,0.0,0.20800000429153442
2019-12-09,0.20800000429153442,0.20800000429153442,0.20800000429153442,0.20800000429153442,0.0,0.20800000429153442
2019-12-10,0.20800000429153442,0.20800000429153442,0.20800000429153442,0.20800000429153442,0.0,0.20800000429153442
2019-12-11,0.20800000429153442,0.20800000429153442,0.20800000429153442,0.20800000429153442,0.0,0.20800000429153442
2019-12-12,0.20800000429153442,0.20800000429153442,0.20800000429153442,0.20800000429153442,0.0,0.20800000429153442
2019-12-13,0.20800000429153442,0.20800000429153442,0.20800000429153442,0.20800000429153442,0.0,0.20800000429153442
2019-12-16,0.20800000429153442,0.20800000429153442,0.20800000429153442,0.20800000429153442,0.0,0.20800000429153442
2019-12-17,0.20800000429153442,0.20800000429153442,0.20800000429153442,0.20800000429153442,0.0,0.20800000429153442
2019-12-18,0.20800000429153442,0.20800000429153442,0.20800000429153442,0.20800000429153442,0.0,0.20800000429153442
2019-12-19,0.20800000429153442,0.20800000429153442,0.20800000429153442,0.20800000429153442,0.0,0.20800000429153442
2019-12-20,0.20800000429153442,0.20800000429153442,0.20800000429153442,0.20800000429153442,0.0,0.20800000429153442
2019-12-23,0.20800000429153442,0.20800000429153442,0.20800000429153442,0.20800000429153442,0.0,0.20800000429153442
2019-12-24,0.20800000429153442,0.20800000429153442,0.20800000429153442,0.20800000429153442,0.0,0.20800000429153442
2019-12-26,0.20800000429153442,0.20800000429153442,0.20800000429153442,0.20800000429153442,0.0,0.20800000429153442
2019-12-27,0.20800000429153442,0.20800000429153442,0.20800000429153442,0.20800000429153442,0.0,0.20800000429153442
2019-12-30,0.20800000429153442,0.20800000429153442,0.20800000429153442,0.20800000429153442,0.0,0.20800000429153442
2019-12-31,0.20800000429153442,0.20800000429153442,0.20800000429153442,0.20800000429153442,0.0,0.20800000429153442
2020-01-02,0.20800000429153442,0.20800000429153442,0.20800000429153442,0.20800000429153442,0.0,0.20800000429153442
2020-01-03,0.20800000429153442,0.20800000429153442,0.20800000429153442,0.20800000429153442,0.0,0.20800000429153442
2020-01-06,0.1469999998807907,0.1469999998807907,0.1469999998807907,0.1469999998807907,300.0,0.1469999998807907
2020-01-07,0.1469999998807907,0.1469999998807907,0.1469999998807907,0.1469999998807907,0.0,0.1469999998807907
2020-01-08,0.1469999998807907,0.1469999998807907,0.1469999998807907,0.1469999998807907,0.0,0.1469999998807907
2020-01-09,0.1469999998807907,0.1469999998807907,0.1469999998807907,0.1469999998807907,0.0,0.1469999998807907
2020-01-10,0.1469999998807907,0.1469999998807907,0.1469999998807907,0.1469999998807907,200.0,0.1469999998807907
2020-01-13,0.1469999998807907,0.1469999998807907,0.1469999998807907,0.1469999998807907,0.0,0.1469999998807907
2020-01-14,0.1469999998807907,0.13699999451637268,0.13699999451637268,0.1469999998807907,1000.0,0.1469999998807907
2020-01-15,0.1469999998807907,0.1469999998807907,0.1469999998807907,0.1469999998807907,0.0,0.1469999998807907
2020-01-16,0.1469999998807907,0.1469999998807907,0.1469999998807907,0.1469999998807907,0.0,0.1469999998807907
2020-01-17,0.1469999998807907,0.1469999998807907,0.1469999998807907,0.1469999998807907,0.0,0.1469999998807907
2020-01-21,0.020999999716877937,0.020999999716877937,0.020999999716877937,0.020999999716877937,300.0,0.020999999716877937
2020-01-22,0.020999999716877937,0.020999999716877937,0.020999999716877937,0.020999999716877937,0.0,0.020999999716877937
2020-01-23,0.020999999716877937,0.020999999716877937,0.020999999716877937,0.020999999716877937,4000.0,0.020999999716877937
2020-01-24,0.10000000149011612,0.10000000149011612,0.10000000149011612,0.10000000149011612,500.0,0.10000000149011612
2020-01-27,0.10000000149011612,0.10000000149011612,0.10000000149011612,0.10000000149011612,0.0,0.10000000149011612
2020-01-28,0.10000000149011612,0.10000000149011612,0.10000000149011612,0.10000000149011612,0.0,0.10000000149011612
2020-01-29,0.10000000149011612,0.10000000149011612,0.10000000149011612,0.10000000149011612,500.0,0.10000000149011612
2020-01-30,0.10000000149011612,0.10000000149011612,0.10000000149011612,0.10000000149011612,300.0,0.10000000149011612
2020-01-31,0.10000000149011612,0.10000000149011612,0.10000000149011612,0.10000000149011612,0.0,0.10000000149011612
2020-02-03,0.10000000149011612,0.10000000149011612,0.10000000149011612,0.10000000149011612,0.0,0.10000000149011612
2020-02-04,0.10000000149011612,0.10000000149011612,0.10000000149011612,0.10000000149011612,0.0,0.10000000149011612
2020-02-05,0.1469999998807907,0.10000000149011612,0.10000000149011612,0.1469999998807907,1300.0,0.1469999998807907
2020-02-06,0.1469999998807907,0.1469999998807907,0.1469999998807907,0.1469999998807907,0.0,0.1469999998807907
2020-02-07,0.1469999998807907,0.1469999998807907,0.1469999998807907,0.1469999998807907,0.0,0.1469999998807907
2020-02-10,0.1469999998807907,0.1469999998807907,0.1469999998807907,0.1469999998807907,0.0,0.1469999998807907
2020-02-11,0.1469999998807907,0.1469999998807907,0.1469999998807907,0.1469999998807907,1100.0,0.1469999998807907
2020-02-12,0.1469999998807907,0.1469999998807907,0.1469999998807907,0.1469999998807907,0.0,0.1469999998807907
2020-02-13,0.1469999998807907,0.1469999998807907,0.1469999998807907,0.1469999998807907,0.0,0.1469999998807907
2020-02-14,0.1469999998807907,0.1469999998807907,0.1469999998807907,0.1469999998807907,500.0,0.1469999998807907
2020-02-18,0.1469999998807907,0.1469999998807907,0.1469999998807907,0.1469999998807907,0.0,0.1469999998807907
2020-02-19,0.1469999998807907,0.1469999998807907,0.1469999998807907,0.1469999998807907,300.0,0.1469999998807907
2020-02-20,0.1469999998807907,0.1469999998807907,0.1469999998807907,0.1469999998807907,0.0,0.1469999998807907
2020-02-21,0.1469999998807907,0.1469999998807907,0.1469999998807907,0.1469999998807907,0.0,0.1469999998807907
2020-02-24,0.1469999998807907,0.1469999998807907,0.1469999998807907,0.1469999998807907,0.0,0.1469999998807907
2020-02-25,0.1469999998807907,0.1469999998807907,0.1469999998807907,0.1469999998807907,0.0,0.1469999998807907
2020-02-26,0.1469999998807907,0.026000000536441803,0.1469999998807907,0.026000000536441803,300.0,0.026000000536441803
2020-02-27,0.026000000536441803,0.026000000536441803,0.026000000536441803,0.026000000536441803,0.0,0.026000000536441803
2020-02-28,0.026000000536441803,0.026000000536441803,0.026000000536441803,0.026000000536441803,0.0,0.026000000536441803
2020-03-02,0.026000000536441803,0.026000000536441803,0.026000000536441803,0.026000000536441803,0.0,0.026000000536441803
2020-03-03,0.026000000536441803,0.026000000536441803,0.026000000536441803,0.026000000536441803,0.0,0.026000000536441803
2020-03-04,0.026000000536441803,0.026000000536441803,0.026000000536441803,0.026000000536441803,0.0,0.026000000536441803
2020-03-05,0.1469999998807907,0.1469999998807907,0.1469999998807907,0.1469999998807907,1500.0,0.1469999998807907
2020-03-06,0.14499999582767487,0.14499999582767487,0.14499999582767487,0.14499999582767487,2700.0,0.14499999582767487
2020-03-09,0.14499999582767487,0.14499999582767487,0.14499999582767487,0.14499999582767487,300.0,0.14499999582767487
2020-03-10,0.14499999582767487,0.14499999582767487,0.14499999582767487,0.14499999582767487,1000.0,0.14499999582767487
2020-03-11,0.14399999380111694,0.14399999380111694,0.14399999380111694,0.14399999380111694,100.0,0.14399999380111694
2020-03-12,0.14399999380111694,0.14399999380111694,0.14399999380111694,0.14399999380111694,0.0,0.14399999380111694
2020-03-13,0.14399999380111694,0.14399999380111694,0.14399999380111694,0.14399999380111694,0.0,0.14399999380111694
2020-03-16,0.14499999582767487,0.14399999380111694,0.14399999380111694,0.14499999582767487,1300.0,0.14499999582767487
2020-03-17,0.14499999582767487,0.14499999582767487,0.14499999582767487,0.14499999582767487,0.0,0.14499999582767487
2020-03-18,0.14499999582767487,0.14499999582767487,0.14499999582767487,0.14499999582767487,1000.0,0.14499999582767487
2020-03-19,0.14499999582767487,0.14499999582767487,0.14499999582767487,0.14499999582767487,400.0,0.14499999582767487
2020-03-20,0.14499999582767487,0.14499999582767487,0.14499999582767487,0.14499999582767487,0.0,0.14499999582767487
2020-03-23,0.14499999582767487,0.14499999582767487,0.14499999582767487,0.14499999582767487,0.0,0.14499999582767487
2020-03-24,0.14499999582767487,0.03099999949336052,0.03099999949336052,0.14499999582767487,700.0,0.14499999582767487
2020-03-25,0.14499999582767487,0.14499999582767487,0.14499999582767487,0.14499999582767487,0.0,0.14499999582767487
2020-03-26,0.14499999582767487,0.14499999582767487,0.14499999582767487,0.14499999582767487,0.0,0.14499999582767487
2020-03-27,0.14800000190734863,0.029999999329447746,0.03099999949336052,0.14800000190734863,1600.0,0.14800000190734863
2020-03-30,0.14800000190734863,0.14800000190734863,0.14800000190734863,0.14800000190734863,0.0,0.14800000190734863
2020-03-31,0.14800000190734863,0.14800000190734863,0.14800000190734863,0.14800000190734863,0.0,0.14800000190734863
2020-04-01,0.14800000190734863,0.14800000190734863,0.14800000190734863,0.14800000190734863,0.0,0.14800000190734863
2020-04-02,0.14800000190734863,0.14800000190734863,0.14800000190734863,0.14800000190734863,0.0,0.14800000190734863
2020-04-03,0.14800000190734863,0.14800000190734863,0.14800000190734863,0.14800000190734863,0.0,0.14800000190734863
2020-04-06,0.14800000190734863,0.14800000190734863,0.14800000190734863,0.14800000190734863,400.0,0.14800000190734863
2020-04-07,0.14800000190734863,0.14800000190734863,0.14800000190734863,0.14800000190734863,500.0,0.14800000190734863
2020-04-08,0.13699999451637268,0.04100000113248825,0.04100000113248825,0.13699999451637268,4000.0,0.13699999451637268
2020-04-09,0.13699999451637268,0.13699999451637268,0.13699999451637268,0.13699999451637268,0.0,0.13699999451637268
2020-04-13,0.1379999965429306,0.041999999433755875,0.1379999965429306,0.13699999451637268,11500.0,0.13699999451637268
2020-04-14,0.13699999451637268,0.13699999451637268,0.13699999451637268,0.13699999451637268,0.0,0.13699999451637268
2020-04-15,0.13699999451637268,0.13699999451637268,0.13699999451637268,0.13699999451637268,0.0,0.13699999451637268
2020-04-16,0.1379999965429306,0.1379999965429306,0.1379999965429306,0.1379999965429306,100.0,0.1379999965429306
2020-04-17,0.1379999965429306,0.1379999965429306,0.1379999965429306,0.1379999965429306,100.0,0.1379999965429306
2020-04-20,0.1379999965429306,0.1379999965429306,0.1379999965429306,0.1379999965429306,0.0,0.1379999965429306
2020-04-21,0.1379999965429306,0.1379999965429306,0.1379999965429306,0.1379999965429306,0.0,0.1379999965429306
2020-04-22,0.1379999965429306,0.1379999965429306,0.1379999965429306,0.1379999965429306,300.0,0.1379999965429306
2020-04-23,0.1379999965429306,0.1379999965429306,0.1379999965429306,0.1379999965429306,0.0,0.1379999965429306
2020-04-24,0.1379999965429306,0.1379999965429306,0.1379999965429306,0.1379999965429306,2000.0,0.1379999965429306
2020-04-27,0.1379999965429306,0.1379999965429306,0.1379999965429306,0.1379999965429306,0.0,0.1379999965429306
2020-04-28,0.1379999965429306,0.1379999965429306,0.1379999965429306,0.1379999965429306,0.0,0.1379999965429306
2020-04-29,0.1379999965429306,0.1379999965429306,0.1379999965429306,0.1379999965429306,0.0,0.1379999965429306
2020-04-30,0.1379999965429306,0.1379999965429306,0.1379999965429306,0.1379999965429306,0.0,0.1379999965429306
2020-05-01,0.1379999965429306,0.1379999965429306,0.1379999965429306,0.1379999965429306,0.0,0.1379999965429306
2020-05-04,0.1379999965429306,0.1379999965429306,0.1379999965429306,0.1379999965429306,0.0,0.1379999965429306
2020-05-05,0.1379999965429306,0.1379999965429306,0.1379999965429306,0.1379999965429306,0.0,0.1379999965429306
2020-05-06,0.1379999965429306,0.1379999965429306,0.1379999965429306,0.1379999965429306,0.0,0.1379999965429306
2020-05-07,0.1379999965429306,0.1379999965429306,0.1379999965429306,0.1379999965429306,100.0,0.1379999965429306
2020-05-08,0.1379999965429306,0.1379999965429306,0.1379999965429306,0.1379999965429306,0.0,0.1379999965429306
2020-05-11,0.1379999965429306,0.1379999965429306,0.1379999965429306,0.1379999965429306,0.0,0.1379999965429306
2020-05-12,0.1379999965429306,0.1379999965429306,0.1379999965429306,0.1379999965429306,400.0,0.1379999965429306
2020-05-13,0.1379999965429306,0.1379999965429306,0.1379999965429306,0.1379999965429306,0.0,0.1379999965429306
2020-05-14,0.1379999965429306,0.1379999965429306,0.1379999965429306,0.1379999965429306,3800.0,0.1379999965429306
2020-05-15,0.11999999731779099,0.10000000149011612,0.11999999731779099,0.10000000149011612,9300.0,0.10000000149011612
2020-05-18,0.10000000149011612,0.10000000149011612,0.10000000149011612,0.10000000149011612,0.0,0.10000000149011612
2020-05-19,0.10000000149011612,0.10000000149011612,0.10000000149011612,0.10000000149011612,0.0,0.10000000149011612
2020-05-20,0.10000000149011612,0.10000000149011612,0.10000000149011612,0.10000000149011612,0.0,0.10000000149011612
2020-05-21,0.10000000149011612,0.10000000149011612,0.10000000149011612,0.10000000149011612,0.0,0.10000000149011612
2020-05-22,0.10000000149011612,0.10000000149011612,0.10000000149011612,0.10000000149011612,0.0,0.10000000149011612
2020-05-26,0.15000000596046448,0.15000000596046448,0.15000000596046448,0.15000000596046448,200.0,0.15000000596046448
2020-05-27,0.15000000596046448,0.15000000596046448,0.15000000596046448,0.15000000596046448,0.0,0.15000000596046448
2020-05-28,0.15000000596046448,0.15000000596046448,0.15000000596046448,0.15000000596046448,1500.0,0.15000000596046448
2020-05-29,0.15000000596046448,0.15000000596046448,0.15000000596046448,0.15000000596046448,0.0,0.15000000596046448
2020-06-01,0.15000000596046448,0.15000000596046448,0.15000000596046448,0.15000000596046448,0.0,0.15000000596046448
2020-06-02,0.09000000357627869,0.09000000357627869,0.09000000357627869,0.09000000357627869,1000.0,0.09000000357627869
2020-06-03,0.09000000357627869,0.09000000357627869,0.09000000357627869,0.09000000357627869,0.0,0.09000000357627869
2020-06-04,0.09000000357627869,0.09000000357627869,0.09000000357627869,0.09000000357627869,0.0,0.09000000357627869
2020-06-05,0.09000000357627869,0.09000000357627869,0.09000000357627869,0.09000000357627869,0.0,0.09000000357627869
2020-06-08,0.09000000357627869,0.09000000357627869,0.09000000357627869,0.09000000357627869,0.0,0.09000000357627869
2020-06-09,0.09000000357627869,0.09000000357627869,0.09000000357627869,0.09000000357627869,0.0,0.09000000357627869
2020-06-10,0.09000000357627869,0.09000000357627869,0.09000000357627869,0.09000000357627869,0.0,0.09000000357627869
2020-06-11,0.09000000357627869,0.09000000357627869,0.09000000357627869,0.09000000357627869,0.0,0.09000000357627869
2020-06-12,0.09000000357627869,0.09000000357627869,0.09000000357627869,0.09000000357627869,0.0,0.09000000357627869
2020-06-15,0.09000000357627869,0.09000000357627869,0.09000000357627869,0.09000000357627869,0.0,0.09000000357627869
2020-06-16,0.09000000357627869,0.09000000357627869,0.09000000357627869,0.09000000357627869,0.0,0.09000000357627869
2020-06-17,0.09000000357627869,0.09000000357627869,0.09000000357627869,0.09000000357627869,0.0,0.09000000357627869
2020-06-18,0.09000000357627869,0.09000000357627869,0.09000000357627869,0.09000000357627869,0.0,0.09000000357627869
2020-06-19,0.09000000357627869,0.09000000357627869,0.09000000357627869,0.09000000357627869,0.0,0.09000000357627869
2020-06-22,0.09000000357627869,0.09000000357627869,0.09000000357627869,0.09000000357627869,0.0,0.09000000357627869
2020-06-23,0.15000000596046448,0.07999999821186066,0.15000000596046448,0.07999999821186066,12200.0,0.07999999821186066
2020-06-24,0.07999999821186066,0.07999999821186066,0.07999999821186066,0.07999999821186066,0.0,0.07999999821186066
2020-06-25,0.07999999821186066,0.07999999821186066,0.07999999821186066,0.07999999821186066,0.0,0.07999999821186066
2020-06-26,0.07999999821186066,0.07999999821186066,0.07999999821186066,0.07999999821186066,0.0,0.07999999821186066
2020-06-29,0.07999999821186066,0.07999999821186066,0.07999999821186066,0.07999999821186066,0.0,0.07999999821186066
2020-06-30,0.07999999821186066,0.07999999821186066,0.07999999821186066,0.07999999821186066,0.0,0.07999999821186066
2020-07-01,0.07999999821186066,0.07999999821186066,0.07999999821186066,0.07999999821186066,0.0,0.07999999821186066
2020-07-02,0.15000000596046448,0.07999999821186066,0.15000000596046448,0.07999999821186066,2000.0,0.07999999821186066
2020-07-06,0.07999999821186066,0.07999999821186066,0.07999999821186066,0.07999999821186066,0.0,0.07999999821186066
2020-07-07,0.07999999821186066,0.07999999821186066,0.07999999821186066,0.07999999821186066,0.0,0.07999999821186066
2020-07-08,0.07000000029802322,0.07000000029802322,0.07000000029802322,0.07000000029802322,300.0,0.07000000029802322
2020-07-09,0.07000000029802322,0.07000000029802322,0.07000000029802322,0.07000000029802322,2000.0,0.07000000029802322
2020-07-10,0.07000000029802322,0.07000000029802322,0.07000000029802322,0.07000000029802322,0.0,0.07000000029802322
2020-07-13,0.07000000029802322,0.07000000029802322,0.07000000029802322,0.07000000029802322,2000.0,0.07000000029802322
2020-07-14,0.07000000029802322,0.07000000029802322,0.07000000029802322,0.07000000029802322,0.0,0.07000000029802322
2020-07-15,0.07000000029802322,0.07000000029802322,0.07000000029802322,0.07000000029802322,0.0,0.07000000029802322
2020-07-16,0.07000000029802322,0.07000000029802322,0.07000000029802322,0.07000000029802322,0.0,0.07000000029802322
2020-07-17,0.07000000029802322,0.07000000029802322,0.07000000029802322,0.07000000029802322,0.0,0.07000000029802322
2020-07-20,0.07000000029802322,0.07000000029802322,0.07000000029802322,0.07000000029802322,0.0,0.07000000029802322
2020-07-21,0.07000000029802322,0.07000000029802322,0.07000000029802322,0.07000000029802322,0.0,0.07000000029802322
2020-07-22,0.07000000029802322,0.07000000029802322,0.07000000029802322,0.07000000029802322,0.0,0.07000000029802322
2020-07-23,0.07000000029802322,0.07000000029802322,0.07000000029802322,0.07000000029802322,0.0,0.07000000029802322
2020-07-24,0.07000000029802322,0.07000000029802322,0.07000000029802322,0.07000000029802322,0.0,0.07000000029802322
2020-07-27,0.17000000178813934,0.10000000149011612,0.10000000149011612,0.17000000178813934,8500.0,0.17000000178813934
2020-07-28,0.17000000178813934,0.17000000178813934,0.17000000178813934,0.17000000178813934,200.0,0.17000000178813934
2020-07-29,0.17000000178813934,0.17000000178813934,0.17000000178813934,0.17000000178813934,0.0,0.17000000178813934
2020-07-30,0.17000000178813934,0.17000000178813934,0.17000000178813934,0.17000000178813934,0.0,0.17000000178813934
2020-07-31,0.07100000232458115,0.07100000232458115,0.07100000232458115,0.07100000232458115,400.0,0.07100000232458115
2020-08-03,0.07100000232458115,0.07100000232458115,0.07100000232458115,0.07100000232458115,0.0,0.07100000232458115
2020-08-04,0.07100000232458115,0.07100000232458115,0.07100000232458115,0.07100000232458115,0.0,0.07100000232458115
2020-08-05,0.07100000232458115,0.07100000232458115,0.07100000232458115,0.07100000232458115,0.0,0.07100000232458115
2020-08-06,0.07100000232458115,0.07100000232458115,0.07100000232458115,0.07100000232458115,0.0,0.07100000232458115
2020-08-07,0.07100000232458115,0.07100000232458115,0.07100000232458115,0.07100000232458115,0.0,0.07100000232458115
2020-08-10,0.07100000232458115,0.07100000232458115,0.07100000232458115,0.07100000232458115,0.0,0.07100000232458115
2020-08-11,0.07100000232458115,0.07100000232458115,0.07100000232458115,0.07100000232458115,0.0,0.07100000232458115
2020-08-12,0.07100000232458115,0.07100000232458115,0.07100000232458115,0.07100000232458115,0.0,0.07100000232458115
2020-08-13,0.20800000429153442,0.20000000298023224,0.20800000429153442,0.20000000298023224,1500.0,0.20000000298023224
2020-08-14,0.20000000298023224,0.07100000232458115,0.20000000298023224,0.1979999989271164,9200.0,0.1979999989271164
2020-08-17,0.1979999989271164,0.1979999989271164,0.1979999989271164,0.1979999989271164,0.0,0.1979999989271164
2020-08-18,0.07100000232458115,0.07100000232458115,0.07100000232458115,0.07100000232458115,1600.0,0.07100000232458115
2020-08-19,0.07100000232458115,0.07100000232458115,0.07100000232458115,0.07100000232458115,0.0,0.07100000232458115
2020-08-20,0.07100000232458115,0.07100000232458115,0.07100000232458115,0.07100000232458115,0.0,0.07100000232458115
2020-08-21,0.07100000232458115,0.07100000232458115,0.07100000232458115,0.07100000232458115,0.0,0.07100000232458115
2020-08-24,0.07100000232458115,0.07100000232458115,0.07100000232458115,0.07100000232458115,2300.0,0.07100000232458115
2020-08-25,0.07100000232458115,0.07100000232458115,0.07100000232458115,0.07100000232458115,0.0,0.07100000232458115
2020-08-26,0.07100000232458115,0.07100000232458115,0.07100000232458115,0.07100000232458115,0.0,0.07100000232458115
2020-08-27,0.07100000232458115,0.07100000232458115,0.07100000232458115,0.07100000232458115,0.0,0.07100000232458115
2020-08-28,0.07100000232458115,0.07100000232458115,0.07100000232458115,0.07100000232458115,0.0,0.07100000232458115
2020-08-31,0.07100000232458115,0.07100000232458115,0.07100000232458115,0.07100000232458115,0.0,0.07100000232458115
2020-09-01,0.20800000429153442,0.20800000429153442,0.20800000429153442,0.20800000429153442,1500.0,0.20800000429153442
2020-09-02,0.20000000298023224,0.20000000298023224,0.20000000298023224,0.20000000298023224,100.0,0.20000000298023224
2020-09-03,0.20000000298023224,0.07599999755620956,0.20000000298023224,0.19900000095367432,600.0,0.19900000095367432
2020-09-04,0.19900000095367432,0.19900000095367432,0.19900000095367432,0.19900000095367432,0.0,0.19900000095367432
2020-09-08,0.19900000095367432,0.19900000095367432,0.19900000095367432,0.19900000095367432,3500.0,0.19900000095367432
2020-09-09,0.19900000095367432,0.19900000095367432,0.19900000095367432,0.19900000095367432,0.0,0.19900000095367432
2020-09-10,0.15399999916553497,0.15399999916553497,0.15399999916553497,0.15399999916553497,100.0,0.15399999916553497
2020-09-11,0.15399999916553497,0.15399999916553497,0.15399999916553497,0.15399999916553497,0.0,0.15399999916553497
2020-09-14,0.15399999916553497,0.15399999916553497,0.15399999916553497,0.15399999916553497,0.0,0.15399999916553497
2020-09-15,0.19900000095367432,0.1899999976158142,0.19900000095367432,0.1899999976158142,300.0,0.1899999976158142
2020-09-16,0.1899999976158142,0.1899999976158142,0.1899999976158142,0.1899999976158142,0.0,0.1899999976158142
2020-09-17,0.1899999976158142,0.1899999976158142,0.1899999976158142,0.1899999976158142,0.0,0.1899999976158142
2020-09-18,0.19900000095367432,0.1889999955892563,0.19900000095367432,0.1889999955892563,1800.0,0.1889999955892563
2020-09-21,0.19900000095367432,0.07100000232458115,0.07100000232458115,0.19900000095367432,1100.0,0.19900000095367432
2020-09-22,0.19900000095367432,0.19900000095367432,0.19900000095367432,0.19900000095367432,0.0,0.19900000095367432
2020-09-23,0.19900000095367432,0.19900000095367432,0.19900000095367432,0.19900000095367432,0.0,0.19900000095367432
2020-09-24,0.19900000095367432,0.19900000095367432,0.19900000095367432,0.19900000095367432,0.0,0.19900000095367432
2020-09-25,0.19900000095367432,0.19900000095367432,0.19900000095367432,0.19900000095367432,0.0,0.19900000095367432
2020-09-28,0.19900000095367432,0.19900000095367432,0.19900000095367432,0.19900000095367432,0.0,0.19900000095367432
2020-09-29,0.19900000095367432,0.19900000095367432,0.19900000095367432,0.19900000095367432,0.0,0.19900000095367432
2020-09-30,0.19900000095367432,0.19900000095367432,0.19900000095367432,0.19900000095367432,0.0,0.19900000095367432
2020-10-01,0.19900000095367432,0.19900000095367432,0.19900000095367432,0.19900000095367432,0.0,0.19900000095367432
2020-10-02,0.19900000095367432,0.19900000095367432,0.19900000095367432,0.19900000095367432,0.0,0.19900000095367432
2020-10-05,0.19900000095367432,0.19900000095367432,0.19900000095367432,0.19900000095367432,0.0,0.19900000095367432
2020-10-06,0.19900000095367432,0.19900000095367432,0.19900000095367432,0.19900000095367432,0.0,0.19900000095367432
2020-10-07,0.19900000095367432,0.19900000095367432,0.19900000095367432,0.19900000095367432,0.0,0.19900000095367432
2020-10-08,0.19900000095367432,0.19900000095367432,0.19900000095367432,0.19900000095367432,0.0,0.19900000095367432
2020-10-09,0.19900000095367432,0.19900000095367432,0.19900000095367432,0.19900000095367432,0.0,0.19900000095367432
2020-10-12,0.19900000095367432,0.19900000095367432,0.19900000095367432,0.19900000095367432,0.0,0.19900000095367432
2020-10-13,0.19900000095367432,0.19900000095367432,0.19900000095367432,0.19900000095367432,0.0,0.19900000095367432
2020-10-14,0.19900000095367432,0.19900000095367432,0.19900000095367432,0.19900000095367432,0.0,0.19900000095367432
2020-10-15,0.19900000095367432,0.19900000095367432,0.19900000095367432,0.19900000095367432,0.0,0.19900000095367432
2020-10-16,0.19900000095367432,0.19900000095367432,0.19900000095367432,0.19900000095367432,0.0,0.19900000095367432
2020-10-19,0.19900000095367432,0.19900000095367432,0.19900000095367432,0.19900000095367432,0.0,0.19900000095367432
2020-10-20,0.19900000095367432,0.19900000095367432,0.19900000095367432,0.19900000095367432,0.0,0.19900000095367432
2020-10-21,0.19900000095367432,0.19900000095367432,0.19900000095367432,0.19900000095367432,0.0,0.19900000095367432
2020-10-22,0.19900000095367432,0.19900000095367432,0.19900000095367432,0.19900000095367432,0.0,0.19900000095367432
2020-10-23,0.19900000095367432,0.19900000095367432,0.19900000095367432,0.19900000095367432,0.0,0.19900000095367432
2020-10-26,0.19900000095367432,0.19900000095367432,0.19900000095367432,0.19900000095367432,0.0,0.19900000095367432
2020-10-27,0.19900000095367432,0.19900000095367432,0.19900000095367432,0.19900000095367432,0.0,0.19900000095367432
2020-10-28,0.19900000095367432,0.19900000095367432,0.19900000095367432,0.19900000095367432,0.0,0.19900000095367432
2020-10-29,0.19900000095367432,0.19900000095367432,0.19900000095367432,0.19900000095367432,0.0,0.19900000095367432
2020-10-30,0.19900000095367432,0.19900000095367432,0.19900000095367432,0.19900000095367432,0.0,0.19900000095367432
2020-11-02,0.19900000095367432,0.19900000095367432,0.19900000095367432,0.19900000095367432,0.0,0.19900000095367432
2020-11-03,0.19900000095367432,0.19900000095367432,0.19900000095367432,0.19900000095367432,0.0,0.19900000095367432
2020-11-04,0.19900000095367432,0.19900000095367432,0.19900000095367432,0.19900000095367432,0.0,0.19900000095367432
2020-11-05,0.19900000095367432,0.19900000095367432,0.19900000095367432,0.19900000095367432,0.0,0.19900000095367432
2020-11-06,0.19900000095367432,0.19900000095367432,0.19900000095367432,0.19900000095367432,0.0,0.19900000095367432
2020-11-09,0.19900000095367432,0.19900000095367432,0.19900000095367432,0.19900000095367432,0.0,0.19900000095367432
2020-11-10,0.19900000095367432,0.19900000095367432,0.19900000095367432,0.19900000095367432,0.0,0.19900000095367432
2020-11-11,0.19900000095367432,0.19900000095367432,0.19900000095367432,0.19900000095367432,0.0,0.19900000095367432
2020-11-12,0.19900000095367432,0.19900000095367432,0.19900000095367432,0.19900000095367432,0.0,0.19900000095367432
