Date,High,Low,Open,Close,Volume,Adj Close
2015-05-06,5.7813334465026855,5.7002668380737305,5.7813334465026855,5.7002668380737305,3300.0,5.7002668380737305
2015-05-08,6.400000095367432,5.7173333168029785,6.400000095367432,5.7173333168029785,6100.0,5.7173333168029785
2015-05-15,6.186666488647461,6.186666488647461,6.186666488647461,6.186666488647461,1000.0,6.186666488647461
2015-05-18,6.186666488647461,6.186666488647461,6.186666488647461,6.186666488647461,1000.0,6.186666488647461
2015-06-02,6.015999794006348,6.015999794006348,6.015999794006348,6.015999794006348,1200.0,6.015999794006348
2015-06-05,6.186666488647461,6.186666488647461,6.186666488647461,6.186666488647461,2200.0,6.186666488647461
2015-06-17,6.229333400726318,6.229333400726318,6.229333400726318,6.229333400726318,300.0,6.229333400726318
2015-06-18,6.186666488647461,6.101333141326904,6.186666488647461,6.101333141326904,2700.0,6.101333141326904
2015-06-22,6.1909332275390625,6.1909332275390625,6.1909332275390625,6.1909332275390625,100.0,6.1909332275390625
2015-06-24,6.250666618347168,6.186666488647461,6.186666488647461,6.250666618347168,3900.0,6.250666618347168
2015-06-25,6.506666660308838,6.400000095367432,6.400000095367432,6.506666660308838,300.0,6.506666660308838
2015-06-29,6.400000095367432,6.400000095367432,6.400000095367432,6.400000095367432,2400.0,6.400000095367432
2015-07-07,6.421333312988281,6.421333312988281,6.421333312988281,6.421333312988281,300.0,6.421333312988281
2015-07-13,6.421333312988281,6.421333312988281,6.421333312988281,6.421333312988281,1000.0,6.421333312988281
2015-07-15,6.506666660308838,6.421333312988281,6.485333442687988,6.421333312988281,3700.0,6.421333312988281
2015-07-16,6.506666660308838,6.421333312988281,6.506666660308838,6.421333312988281,400.0,6.421333312988281
2015-07-21,6.506666660308838,6.421333312988281,6.421333312988281,6.506666660308838,1800.0,6.506666660308838
2015-07-23,6.442666530609131,6.442666530609131,6.442666530609131,6.442666530609131,1500.0,6.442666530609131
2015-07-27,6.442666530609131,6.421333312988281,6.421333312988281,6.442666530609131,6700.0,6.442666530609131
2015-07-28,6.485333442687988,6.485333442687988,6.485333442687988,6.485333442687988,100.0,6.485333442687988
2015-07-29,6.5279998779296875,6.5279998779296875,6.5279998779296875,6.5279998779296875,1000.0,6.5279998779296875
2015-08-03,6.570666790008545,6.570666790008545,6.570666790008545,6.570666790008545,1000.0,6.570666790008545
2015-08-04,6.570666790008545,6.570666790008545,6.570666790008545,6.570666790008545,100.0,6.570666790008545
2015-08-06,6.613333225250244,6.613333225250244,6.613333225250244,6.613333225250244,1000.0,6.613333225250244
2015-08-07,6.613333225250244,6.613333225250244,6.613333225250244,6.613333225250244,1000.0,6.613333225250244
2015-08-11,6.749866485595703,6.741333484649658,6.741333484649658,6.741333484649658,3700.0,6.741333484649658
2015-08-12,6.826666831970215,6.826666831970215,6.826666831970215,6.826666831970215,100.0,6.826666831970215
2015-08-13,7.679999828338623,7.253333568572998,7.253333568572998,7.4666666984558105,3700.0,7.4666666984558105
2015-08-14,7.7226667404174805,7.679999828338623,7.679999828338623,7.7226667404174805,6400.0,7.7226667404174805
2015-08-26,7.4666666984558105,7.168000221252441,7.4666666984558105,7.168000221252441,1000.0,7.168000221252441
2015-09-01,7.4666666984558105,7.146666526794434,7.4666666984558105,7.146666526794434,400.0,7.146666526794434
2015-09-02,7.4666666984558105,7.253333568572998,7.445333480834961,7.253333568572998,10600.0,7.253333568572998
2015-09-03,7.445333480834961,7.445333480834961,7.445333480834961,7.445333480834961,1000.0,7.445333480834961
2015-09-09,7.4666666984558105,7.445333480834961,7.445333480834961,7.4666666984558105,1000.0,7.4666666984558105
2015-09-15,7.462399959564209,7.462399959564209,7.462399959564209,7.462399959564209,100.0,7.462399959564209
2015-09-22,7.470933437347412,7.4666666984558105,7.4666666984558105,7.4666666984558105,2700.0,7.4666666984558105
2015-09-28,7.253333568572998,7.253333568572998,7.253333568572998,7.253333568572998,100.0,7.253333568572998
2015-09-29,7.210666656494141,7.155200004577637,7.210666656494141,7.155200004577637,3700.0,7.155200004577637
2015-10-08,7.253333568572998,7.210666656494141,7.210666656494141,7.253333568572998,1000.0,7.253333568572998
2015-10-13,7.189333438873291,7.125333309173584,7.189333438873291,7.125333309173584,1200.0,7.125333309173584
2015-10-15,7.082666873931885,7.082666873931885,7.082666873931885,7.082666873931885,300.0,7.082666873931885
2015-10-21,7.168000221252441,7.039999961853027,7.168000221252441,7.039999961853027,4600.0,7.039999961853027
2015-10-22,7.125333309173584,7.125333309173584,7.125333309173584,7.125333309173584,100.0,7.125333309173584
2015-10-23,7.125333309173584,7.125333309173584,7.125333309173584,7.125333309173584,100.0,7.125333309173584
2015-10-26,7.168000221252441,7.168000221252441,7.168000221252441,7.168000221252441,300.0,7.168000221252441
2015-10-27,7.168000221252441,7.168000221252441,7.168000221252441,7.168000221252441,1500.0,7.168000221252441
2015-10-28,7.168000221252441,7.125333309173584,7.168000221252441,7.125333309173584,400.0,7.125333309173584
2015-11-03,7.253333568572998,7.253333568572998,7.253333568572998,7.253333568572998,300.0,7.253333568572998
2015-11-06,7.253333568572998,7.253333568572998,7.253333568572998,7.253333568572998,300.0,7.253333568572998
2015-11-10,7.168000221252441,7.168000221252441,7.168000221252441,7.168000221252441,3300.0,7.168000221252441
2015-11-13,7.168000221252441,7.168000221252441,7.168000221252441,7.168000221252441,4600.0,7.168000221252441
2015-11-17,7.253333568572998,7.253333568572998,7.253333568572998,7.253333568572998,56500.0,7.253333568572998
2015-11-18,7.253333568572998,7.253333568572998,7.253333568572998,7.253333568572998,0.0,7.253333568572998
2015-11-19,7.23199987411499,7.23199987411499,7.23199987411499,7.23199987411499,4900.0,7.23199987411499
2015-11-20,7.253333568572998,7.253333568572998,7.253333568572998,7.253333568572998,17400.0,7.253333568572998
2015-11-23,7.253333568572998,7.253333568572998,7.253333568572998,7.253333568572998,3300.0,7.253333568572998
2015-11-24,7.253333568572998,7.253333568572998,7.253333568572998,7.253333568572998,6900.0,7.253333568572998
2015-11-25,7.296000003814697,7.296000003814697,7.296000003814697,7.296000003814697,300.0,7.296000003814697
2015-11-27,7.296000003814697,7.296000003814697,7.296000003814697,7.296000003814697,0.0,7.296000003814697
2015-11-30,7.296000003814697,7.253333568572998,7.253333568572998,7.296000003814697,2200.0,7.296000003814697
2015-12-01,7.296000003814697,7.296000003814697,7.296000003814697,7.296000003814697,100.0,7.296000003814697
2015-12-02,7.381333351135254,7.296000003814697,7.296000003814697,7.381333351135254,9700.0,7.381333351135254
2015-12-03,7.381333351135254,7.381333351135254,7.381333351135254,7.381333351135254,0.0,7.381333351135254
2015-12-04,7.381333351135254,7.381333351135254,7.381333351135254,7.381333351135254,0.0,7.381333351135254
2015-12-07,7.381333351135254,7.381333351135254,7.381333351135254,7.381333351135254,0.0,7.381333351135254
2015-12-08,7.381333351135254,7.274666786193848,7.381333351135254,7.274666786193848,15000.0,7.274666786193848
2015-12-09,7.3386664390563965,7.3386664390563965,7.3386664390563965,7.3386664390563965,11500.0,7.3386664390563965
2015-12-10,7.3386664390563965,7.3386664390563965,7.3386664390563965,7.3386664390563965,0.0,7.3386664390563965
2015-12-11,7.3386664390563965,7.3386664390563965,7.3386664390563965,7.3386664390563965,0.0,7.3386664390563965
2015-12-14,7.3386664390563965,7.3386664390563965,7.3386664390563965,7.3386664390563965,0.0,7.3386664390563965
2015-12-15,7.360000133514404,7.360000133514404,7.360000133514404,7.360000133514404,900.0,7.360000133514404
2015-12-16,7.4026665687561035,7.3386664390563965,7.4026665687561035,7.3386664390563965,2400.0,7.3386664390563965
2015-12-17,7.4026665687561035,7.4026665687561035,7.4026665687561035,7.4026665687561035,1900.0,7.4026665687561035
2015-12-18,7.4026665687561035,7.4026665687561035,7.4026665687561035,7.4026665687561035,0.0,7.4026665687561035
2015-12-21,7.381333351135254,7.381333351135254,7.381333351135254,7.381333351135254,1200.0,7.381333351135254
2015-12-22,7.381333351135254,7.381333351135254,7.381333351135254,7.381333351135254,0.0,7.381333351135254
2015-12-23,7.423999786376953,7.423999786376953,7.423999786376953,7.423999786376953,300.0,7.423999786376953
2015-12-24,7.381760120391846,7.381333351135254,7.381760120391846,7.381333351135254,5500.0,7.381333351135254
2015-12-28,7.381333351135254,7.381333351135254,7.381333351135254,7.381333351135254,0.0,7.381333351135254
2015-12-29,7.381333351135254,7.381333351135254,7.381333351135254,7.381333351135254,0.0,7.381333351135254
2015-12-30,7.381333351135254,7.360000133514404,7.381333351135254,7.360000133514404,1500.0,7.360000133514404
2015-12-31,7.360000133514404,7.360000133514404,7.360000133514404,7.360000133514404,0.0,7.360000133514404
2016-01-04,7.360000133514404,7.360000133514404,7.360000133514404,7.360000133514404,0.0,7.360000133514404
2016-01-05,7.360000133514404,7.360000133514404,7.360000133514404,7.360000133514404,0.0,7.360000133514404
2016-01-06,7.360000133514404,7.360000133514404,7.360000133514404,7.360000133514404,1200.0,7.360000133514404
2016-01-07,7.360000133514404,7.360000133514404,7.360000133514404,7.360000133514404,0.0,7.360000133514404
2016-01-08,7.4026665687561035,7.3386664390563965,7.360000133514404,7.4026665687561035,1500.0,7.4026665687561035
2016-01-11,7.4026665687561035,7.4026665687561035,7.4026665687561035,7.4026665687561035,0.0,7.4026665687561035
2016-01-12,7.360000133514404,7.342933177947998,7.360000133514404,7.342933177947998,3700.0,7.342933177947998
2016-01-13,7.317333221435547,7.300266742706299,7.300266742706299,7.317333221435547,22600.0,7.317333221435547
2016-01-14,7.317333221435547,7.317333221435547,7.317333221435547,7.317333221435547,0.0,7.317333221435547
2016-01-15,7.300266742706299,7.257599830627441,7.300266742706299,7.257599830627441,1500.0,7.257599830627441
2016-01-19,7.257599830627441,7.257599830627441,7.257599830627441,7.257599830627441,0.0,7.257599830627441
2016-01-20,7.236266613006592,7.150933265686035,7.236266613006592,7.150933265686035,1800.0,7.150933265686035
2016-01-21,7.150933265686035,7.150933265686035,7.150933265686035,7.150933265686035,1000.0,7.150933265686035
2016-01-22,7.236266613006592,7.214933395385742,7.236266613006592,7.214933395385742,900.0,7.214933395385742
2016-01-25,7.236266613006592,7.236266613006592,7.236266613006592,7.236266613006592,300.0,7.236266613006592
2016-01-26,7.236266613006592,7.236266613006592,7.236266613006592,7.236266613006592,0.0,7.236266613006592
2016-01-27,7.236266613006592,7.236266613006592,7.236266613006592,7.236266613006592,100.0,7.236266613006592
2016-01-28,7.3386664390563965,7.3386664390563965,7.3386664390563965,7.3386664390563965,2200.0,7.3386664390563965
2016-01-29,7.3386664390563965,7.3386664390563965,7.3386664390563965,7.3386664390563965,0.0,7.3386664390563965
2016-02-01,7.3386664390563965,7.3386664390563965,7.3386664390563965,7.3386664390563965,0.0,7.3386664390563965
2016-02-02,7.3386664390563965,7.3386664390563965,7.3386664390563965,7.3386664390563965,0.0,7.3386664390563965
2016-02-03,7.3386664390563965,7.3386664390563965,7.3386664390563965,7.3386664390563965,0.0,7.3386664390563965
2016-02-04,7.3386664390563965,7.3386664390563965,7.3386664390563965,7.3386664390563965,0.0,7.3386664390563965
2016-02-05,7.257599830627441,7.253333568572998,7.257599830627441,7.253333568572998,4900.0,7.253333568572998
2016-02-08,7.253333568572998,7.253333568572998,7.253333568572998,7.253333568572998,1000.0,7.253333568572998
2016-02-09,7.253333568572998,7.253333568572998,7.253333568572998,7.253333568572998,0.0,7.253333568572998
2016-02-10,7.253333568572998,7.253333568572998,7.253333568572998,7.253333568572998,3700.0,7.253333568572998
2016-02-11,7.253333568572998,7.253333568572998,7.253333568572998,7.253333568572998,3000.0,7.253333568572998
2016-02-12,7.253333568572998,7.253333568572998,7.253333568572998,7.253333568572998,1000.0,7.253333568572998
2016-02-16,7.253333568572998,7.253333568572998,7.253333568572998,7.253333568572998,0.0,7.253333568572998
2016-02-17,7.253333568572998,7.253333568572998,7.253333568572998,7.253333568572998,1000.0,7.253333568572998
2016-02-18,7.253333568572998,7.253333568572998,7.253333568572998,7.253333568572998,0.0,7.253333568572998
2016-02-19,7.253333568572998,7.253333568572998,7.253333568572998,7.253333568572998,1000.0,7.253333568572998
2016-02-22,7.253333568572998,7.253333568572998,7.253333568572998,7.253333568572998,400.0,7.253333568572998
2016-02-23,7.253333568572998,7.253333568572998,7.253333568572998,7.253333568572998,900.0,7.253333568572998
2016-02-24,7.253333568572998,7.253333568572998,7.253333568572998,7.253333568572998,1000.0,7.253333568572998
2016-02-25,7.253333568572998,7.253333568572998,7.253333568572998,7.253333568572998,0.0,7.253333568572998
2016-02-26,7.253333568572998,7.253333568572998,7.253333568572998,7.253333568572998,0.0,7.253333568572998
2016-02-29,7.253333568572998,7.253333568572998,7.253333568572998,7.253333568572998,2200.0,7.253333568572998
2016-03-01,7.253333568572998,7.253333568572998,7.253333568572998,7.253333568572998,400.0,7.253333568572998
2016-03-02,7.253333568572998,7.253333568572998,7.253333568572998,7.253333568572998,0.0,7.253333568572998
2016-03-03,7.253333568572998,7.253333568572998,7.253333568572998,7.253333568572998,0.0,7.253333568572998
2016-03-04,7.253333568572998,7.253333568572998,7.253333568572998,7.253333568572998,0.0,7.253333568572998
2016-03-07,7.253333568572998,7.253333568572998,7.253333568572998,7.253333568572998,0.0,7.253333568572998
2016-03-08,7.360000133514404,7.360000133514404,7.360000133514404,7.360000133514404,300.0,7.360000133514404
2016-03-09,7.360000133514404,7.360000133514404,7.360000133514404,7.360000133514404,0.0,7.360000133514404
2016-03-10,7.253333568572998,7.253333568572998,7.253333568572998,7.253333568572998,1000.0,7.253333568572998
2016-03-11,7.3386664390563965,7.3386664390563965,7.3386664390563965,7.3386664390563965,1900.0,7.3386664390563965
2016-03-14,7.3386664390563965,7.3386664390563965,7.3386664390563965,7.3386664390563965,0.0,7.3386664390563965
2016-03-15,7.274666786193848,7.274666786193848,7.274666786193848,7.274666786193848,1000.0,7.274666786193848
2016-03-16,7.274666786193848,7.274666786193848,7.274666786193848,7.274666786193848,0.0,7.274666786193848
2016-03-17,7.274666786193848,7.274666786193848,7.274666786193848,7.274666786193848,1000.0,7.274666786193848
2016-03-18,7.274666786193848,7.274666786193848,7.274666786193848,7.274666786193848,300.0,7.274666786193848
2016-03-21,7.274666786193848,7.274666786193848,7.274666786193848,7.274666786193848,0.0,7.274666786193848
2016-03-22,7.274666786193848,7.274666786193848,7.274666786193848,7.274666786193848,1000.0,7.274666786193848
2016-03-23,7.3386664390563965,7.274666786193848,7.3386664390563965,7.274666786193848,900.0,7.274666786193848
2016-03-24,7.274666786193848,7.274666786193848,7.274666786193848,7.274666786193848,0.0,7.274666786193848
2016-03-28,7.317333221435547,7.274666786193848,7.317333221435547,7.274666786193848,300.0,7.274666786193848
2016-03-29,7.317333221435547,7.317333221435547,7.317333221435547,7.317333221435547,100.0,7.317333221435547
2016-03-30,7.3386664390563965,7.3386664390563965,7.3386664390563965,7.3386664390563965,900.0,7.3386664390563965
2016-03-31,7.3386664390563965,7.3386664390563965,7.3386664390563965,7.3386664390563965,0.0,7.3386664390563965
2016-04-01,7.423999786376953,7.381333351135254,7.381333351135254,7.423999786376953,1000.0,7.423999786376953
2016-04-04,7.423999786376953,7.423999786376953,7.423999786376953,7.423999786376953,0.0,7.423999786376953
2016-04-05,7.423999786376953,7.423999786376953,7.423999786376953,7.423999786376953,0.0,7.423999786376953
2016-04-06,7.552000045776367,7.423999786376953,7.423999786376953,7.552000045776367,1000.0,7.552000045776367
2016-04-07,7.552000045776367,7.552000045776367,7.552000045776367,7.552000045776367,0.0,7.552000045776367
2016-04-08,7.360000133514404,7.360000133514404,7.360000133514404,7.360000133514404,1200.0,7.360000133514404
2016-04-11,7.3386664390563965,7.3386664390563965,7.3386664390563965,7.3386664390563965,400.0,7.3386664390563965
2016-04-12,7.360000133514404,7.360000133514404,7.360000133514404,7.360000133514404,7900.0,7.360000133514404
2016-04-13,7.637333393096924,7.4666666984558105,7.552000045776367,7.4666666984558105,3900.0,7.4666666984558105
2016-04-14,7.4666666984558105,7.4666666984558105,7.4666666984558105,7.4666666984558105,0.0,7.4666666984558105
2016-04-15,7.4666666984558105,7.4666666984558105,7.4666666984558105,7.4666666984558105,0.0,7.4666666984558105
2016-04-18,7.76533317565918,7.679999828338623,7.679999828338623,7.76533317565918,1200.0,7.76533317565918
2016-04-19,7.616000175476074,7.616000175476074,7.616000175476074,7.616000175476074,100.0,7.616000175476074
2016-04-20,7.76533317565918,7.679999828338623,7.76533317565918,7.679999828338623,300.0,7.679999828338623
2016-04-21,7.850666522979736,7.850666522979736,7.850666522979736,7.850666522979736,100.0,7.850666522979736
2016-04-22,7.850666522979736,7.850666522979736,7.850666522979736,7.850666522979736,0.0,7.850666522979736
2016-04-25,7.850666522979736,7.850666522979736,7.850666522979736,7.850666522979736,0.0,7.850666522979736
2016-04-26,7.850666522979736,7.850666522979736,7.850666522979736,7.850666522979736,0.0,7.850666522979736
2016-04-27,7.872000217437744,7.872000217437744,7.872000217437744,7.872000217437744,300.0,7.872000217437744
2016-04-28,7.893333435058594,7.688533306121826,7.688533306121826,7.893333435058594,1800.0,7.893333435058594
2016-04-29,7.701333522796631,7.697066783905029,7.697066783905029,7.701333522796631,1200.0,7.701333522796631
2016-05-02,7.701333522796631,7.697066783905029,7.701333522796631,7.697066783905029,2200.0,7.697066783905029
2016-05-03,7.697066783905029,7.697066783905029,7.697066783905029,7.697066783905029,0.0,7.697066783905029
2016-05-04,7.697066783905029,7.697066783905029,7.697066783905029,7.697066783905029,0.0,7.697066783905029
2016-05-05,7.697066783905029,7.697066783905029,7.697066783905029,7.697066783905029,1200.0,7.697066783905029
2016-05-06,7.697066783905029,7.697066783905029,7.697066783905029,7.697066783905029,0.0,7.697066783905029
2016-05-09,7.697066783905029,7.697066783905029,7.697066783905029,7.697066783905029,300.0,7.697066783905029
2016-05-10,7.697066783905029,7.697066783905029,7.697066783905029,7.697066783905029,100.0,7.697066783905029
2016-05-11,7.7866668701171875,7.76533317565918,7.76533317565918,7.7866668701171875,1000.0,7.7866668701171875
2016-05-12,7.7866668701171875,7.7866668701171875,7.7866668701171875,7.7866668701171875,0.0,7.7866668701171875
2016-05-13,7.7866668701171875,7.7866668701171875,7.7866668701171875,7.7866668701171875,300.0,7.7866668701171875
2016-05-16,7.7866668701171875,7.7866668701171875,7.7866668701171875,7.7866668701171875,1800.0,7.7866668701171875
2016-05-17,7.679999828338623,7.679999828338623,7.679999828338623,7.679999828338623,1500.0,7.679999828338623
2016-05-18,7.679999828338623,7.679999828338623,7.679999828338623,7.679999828338623,0.0,7.679999828338623
2016-05-19,7.679999828338623,7.679999828338623,7.679999828338623,7.679999828338623,0.0,7.679999828338623
2016-05-20,7.679999828338623,7.679999828338623,7.679999828338623,7.679999828338623,0.0,7.679999828338623
2016-05-23,7.679999828338623,7.679999828338623,7.679999828338623,7.679999828338623,0.0,7.679999828338623
2016-05-24,7.679999828338623,7.679999828338623,7.679999828338623,7.679999828338623,300.0,7.679999828338623
2016-05-25,7.679999828338623,7.679999828338623,7.679999828338623,7.679999828338623,0.0,7.679999828338623
2016-05-26,7.679999828338623,7.679999828338623,7.679999828338623,7.679999828338623,0.0,7.679999828338623
2016-05-27,7.679999828338623,7.645866870880127,7.679999828338623,7.645866870880127,1800.0,7.645866870880127
2016-05-31,7.645866870880127,7.645866870880127,7.645866870880127,7.645866870880127,0.0,7.645866870880127
2016-06-01,7.671466827392578,7.671466827392578,7.671466827392578,7.671466827392578,300.0,7.671466827392578
2016-06-02,7.671466827392578,7.671466827392578,7.671466827392578,7.671466827392578,400.0,7.671466827392578
2016-06-03,7.671466827392578,7.671466827392578,7.671466827392578,7.671466827392578,0.0,7.671466827392578
2016-06-06,7.671466827392578,7.671466827392578,7.671466827392578,7.671466827392578,300.0,7.671466827392578
2016-06-07,7.679999828338623,7.679999828338623,7.679999828338623,7.679999828338623,400.0,7.679999828338623
2016-06-08,7.679999828338623,7.679999828338623,7.679999828338623,7.679999828338623,0.0,7.679999828338623
2016-06-09,7.679999828338623,7.679999828338623,7.679999828338623,7.679999828338623,0.0,7.679999828338623
2016-06-10,7.679999828338623,7.679999828338623,7.679999828338623,7.679999828338623,1200.0,7.679999828338623
2016-06-13,7.679999828338623,7.679999828338623,7.679999828338623,7.679999828338623,400.0,7.679999828338623
2016-06-14,7.893333435058594,7.7866668701171875,7.7866668701171875,7.893333435058594,1900.0,7.893333435058594
2016-06-15,8.170666694641113,7.957333564758301,7.957333564758301,8.170666694641113,2200.0,8.170666694641113
2016-06-16,8.170666694641113,8.170666694641113,8.170666694641113,8.170666694641113,0.0,8.170666694641113
2016-06-17,8.170666694641113,8.170666694641113,8.170666694641113,8.170666694641113,0.0,8.170666694641113
2016-06-20,7.893333435058594,7.893333435058594,7.893333435058594,7.893333435058594,300.0,7.893333435058594
2016-06-21,8.319999694824219,8.106666564941406,8.106666564941406,8.255999565124512,1500.0,8.255999565124512
2016-06-22,8.255999565124512,8.255999565124512,8.255999565124512,8.255999565124512,0.0,8.255999565124512
2016-06-23,9.066666603088379,8.128000259399414,8.319999694824219,8.128000259399414,3300.0,8.128000259399414
2016-06-24,8.319999694824219,8.319999694824219,8.319999694824219,8.319999694824219,300.0,8.319999694824219
2016-06-27,8.319999694824219,8.319999694824219,8.319999694824219,8.319999694824219,0.0,8.319999694824219
2016-06-28,8.319999694824219,8.319999694824219,8.319999694824219,8.319999694824219,0.0,8.319999694824219
2016-06-29,8.319999694824219,8.149333000183105,8.319999694824219,8.149333000183105,1900.0,8.149333000183105
2016-06-30,8.533333778381348,8.533333778381348,8.533333778381348,8.533333778381348,300.0,8.533333778381348
2016-07-01,10.533333778381348,9.333333015441895,10.533333778381348,9.600000381469727,5200.0,9.600000381469727
2016-07-05,9.600000381469727,9.600000381469727,9.600000381469727,9.600000381469727,0.0,9.600000381469727
2016-07-06,9.600000381469727,9.600000381469727,9.600000381469727,9.600000381469727,0.0,9.600000381469727
2016-07-07,8.800000190734863,8.800000190734863,8.800000190734863,8.800000190734863,1000.0,8.800000190734863
2016-07-08,9.866666793823242,9.600000381469727,9.600000381469727,9.866666793823242,1000.0,9.866666793823242
2016-07-11,9.866666793823242,9.866666793823242,9.866666793823242,9.866666793823242,0.0,9.866666793823242
2016-07-12,9.866666793823242,9.333333015441895,9.333333015441895,9.466666221618652,1200.0,9.466666221618652
2016-07-13,9.520000457763672,9.386666297912598,9.520000457763672,9.466666221618652,1500.0,9.466666221618652
2016-07-14,9.600000381469727,9.333333015441895,9.600000381469727,9.546667098999023,1800.0,9.546667098999023
2016-07-15,9.546667098999023,9.546667098999023,9.546667098999023,9.546667098999023,1500.0,9.546667098999023
2016-07-18,9.546667098999023,9.546667098999023,9.546667098999023,9.546667098999023,0.0,9.546667098999023
2016-07-19,9.546667098999023,9.546667098999023,9.546667098999023,9.546667098999023,13200.0,9.546667098999023
2016-07-20,9.546667098999023,9.333333015441895,9.333333015441895,9.546667098999023,8200.0,9.546667098999023
2016-07-21,9.333333015441895,9.333333015441895,9.333333015441895,9.333333015441895,57000.0,9.333333015441895
2016-07-22,9.600000381469727,9.600000381469727,9.600000381469727,9.600000381469727,400.0,9.600000381469727
2016-07-25,9.600000381469727,9.173333168029785,9.600000381469727,9.173333168029785,5700.0,9.173333168029785
2016-07-26,9.279999732971191,9.226666450500488,9.279999732971191,9.226666450500488,400.0,9.226666450500488
2016-07-27,9.386666297912598,9.173333168029785,9.173333168029785,9.386666297912598,1500.0,9.386666297912598
2016-07-28,9.173333168029785,9.173333168029785,9.173333168029785,9.173333168029785,3000.0,9.173333168029785
2016-07-29,9.332799911499023,9.221333503723145,9.221333503723145,9.332799911499023,1500.0,9.332799911499023
2016-08-01,9.332799911499023,9.332799911499023,9.332799911499023,9.332799911499023,0.0,9.332799911499023
2016-08-02,9.333333015441895,9.173333168029785,9.333333015441895,9.173333168029785,2700.0,9.173333168029785
2016-08-03,9.279999732971191,9.173333168029785,9.173333168029785,9.279999732971191,3900.0,9.279999732971191
2016-08-04,9.333333015441895,9.173333168029785,9.173333168029785,9.333333015441895,700.0,9.333333015441895
2016-08-05,9.333333015441895,9.333333015441895,9.333333015441895,9.333333015441895,300.0,9.333333015441895
2016-08-08,9.333333015441895,9.333333015441895,9.333333015441895,9.333333015441895,0.0,9.333333015441895
2016-08-09,9.381333351135254,9.333333015441895,9.333333015441895,9.381333351135254,1800.0,9.381333351135254
2016-08-10,9.386666297912598,9.333333015441895,9.333333015441895,9.386666297912598,400.0,9.386666297912598
2016-08-11,9.333333015441895,9.333333015441895,9.333333015441895,9.333333015441895,400.0,9.333333015441895
2016-08-12,9.386666297912598,9.386666297912598,9.386666297912598,9.386666297912598,700.0,9.386666297912598
2016-08-15,9.333333015441895,9.199999809265137,9.333333015441895,9.199999809265137,1800.0,9.199999809265137
2016-08-16,9.199999809265137,9.199999809265137,9.199999809265137,9.199999809265137,0.0,9.199999809265137
2016-08-17,9.199999809265137,9.199999809265137,9.199999809265137,9.199999809265137,0.0,9.199999809265137
2016-08-18,9.199999809265137,9.199999809265137,9.199999809265137,9.199999809265137,0.0,9.199999809265137
2016-08-19,9.199999809265137,9.199999809265137,9.199999809265137,9.199999809265137,0.0,9.199999809265137
2016-08-22,9.173333168029785,9.173333168029785,9.173333168029785,9.173333168029785,700.0,9.173333168029785
2016-08-23,9.173333168029785,9.173333168029785,9.173333168029785,9.173333168029785,0.0,9.173333168029785
2016-08-24,9.173333168029785,9.173333168029785,9.173333168029785,9.173333168029785,0.0,9.173333168029785
2016-08-25,9.173333168029785,9.173333168029785,9.173333168029785,9.173333168029785,0.0,9.173333168029785
2016-08-26,9.226666450500488,9.226666450500488,9.226666450500488,9.226666450500488,100.0,9.226666450500488
2016-08-29,9.226666450500488,9.226666450500488,9.226666450500488,9.226666450500488,100.0,9.226666450500488
2016-08-30,9.226666450500488,9.226666450500488,9.226666450500488,9.226666450500488,100.0,9.226666450500488
2016-08-31,9.333333015441895,9.279999732971191,9.333333015441895,9.279999732971191,2200.0,9.279999732971191
2016-09-01,9.173333168029785,9.173333168029785,9.173333168029785,9.173333168029785,1000.0,9.173333168029785
2016-09-02,9.173333168029785,9.173333168029785,9.173333168029785,9.173333168029785,0.0,9.173333168029785
2016-09-06,9.199999809265137,9.199999809265137,9.199999809265137,9.199999809265137,1000.0,9.199999809265137
2016-09-07,9.173333168029785,9.066666603088379,9.173333168029785,9.066666603088379,3000.0,9.066666603088379
2016-09-08,9.119999885559082,9.066666603088379,9.066666603088379,9.066666603088379,19900.0,9.066666603088379
2016-09-09,9.066666603088379,9.066666603088379,9.066666603088379,9.066666603088379,0.0,9.066666603088379
2016-09-12,9.119999885559082,9.119999885559082,9.119999885559082,9.119999885559082,300.0,9.119999885559082
2016-09-13,9.119999885559082,9.119999885559082,9.119999885559082,9.119999885559082,0.0,9.119999885559082
2016-09-14,9.119999885559082,9.119999885559082,9.119999885559082,9.119999885559082,0.0,9.119999885559082
2016-09-15,9.119999885559082,9.119999885559082,9.119999885559082,9.119999885559082,1000.0,9.119999885559082
2016-09-16,9.119999885559082,9.119999885559082,9.119999885559082,9.119999885559082,400.0,9.119999885559082
2016-09-19,9.119999885559082,9.119999885559082,9.119999885559082,9.119999885559082,300.0,9.119999885559082
2016-09-20,9.119999885559082,9.119999885559082,9.119999885559082,9.119999885559082,0.0,9.119999885559082
2016-09-21,9.119999885559082,9.119999885559082,9.119999885559082,9.119999885559082,0.0,9.119999885559082
2016-09-22,9.119999885559082,9.09333324432373,9.09333324432373,9.119999885559082,300.0,9.119999885559082
2016-09-23,9.09333324432373,9.09333324432373,9.09333324432373,9.09333324432373,100.0,9.09333324432373
2016-09-26,9.09333324432373,9.09333324432373,9.09333324432373,9.09333324432373,100.0,9.09333324432373
2016-09-27,9.119999885559082,9.09333324432373,9.119999885559082,9.09333324432373,400.0,9.09333324432373
2016-09-28,9.119999885559082,9.09333324432373,9.09333324432373,9.119999885559082,700.0,9.119999885559082
2016-09-29,9.119999885559082,9.119999885559082,9.119999885559082,9.119999885559082,0.0,9.119999885559082
2016-09-30,9.09333324432373,9.09333324432373,9.09333324432373,9.09333324432373,400.0,9.09333324432373
2016-10-03,9.09333324432373,9.09333324432373,9.09333324432373,9.09333324432373,0.0,9.09333324432373
2016-10-04,9.09333324432373,9.09333324432373,9.09333324432373,9.09333324432373,700.0,9.09333324432373
2016-10-05,9.09333324432373,9.09333324432373,9.09333324432373,9.09333324432373,400.0,9.09333324432373
2016-10-06,9.173333168029785,9.119999885559082,9.119999885559082,9.173333168029785,1000.0,9.173333168029785
2016-10-07,9.173333168029785,9.173333168029785,9.173333168029785,9.173333168029785,0.0,9.173333168029785
2016-10-10,9.173333168029785,9.173333168029785,9.173333168029785,9.173333168029785,300.0,9.173333168029785
2016-10-11,9.173333168029785,9.173333168029785,9.173333168029785,9.173333168029785,1800.0,9.173333168029785
2016-10-12,9.173333168029785,9.173333168029785,9.173333168029785,9.173333168029785,0.0,9.173333168029785
2016-10-13,9.09333324432373,9.09333324432373,9.09333324432373,9.09333324432373,100.0,9.09333324432373
2016-10-14,9.119999885559082,9.119999885559082,9.119999885559082,9.119999885559082,100.0,9.119999885559082
2016-10-17,9.119999885559082,9.119999885559082,9.119999885559082,9.119999885559082,100.0,9.119999885559082
2016-10-18,9.119999885559082,9.119999885559082,9.119999885559082,9.119999885559082,4900.0,9.119999885559082
2016-10-19,9.119999885559082,9.119999885559082,9.119999885559082,9.119999885559082,0.0,9.119999885559082
2016-10-20,9.119999885559082,9.119999885559082,9.119999885559082,9.119999885559082,0.0,9.119999885559082
2016-10-21,9.132266998291016,9.077333450317383,9.119999885559082,9.077333450317383,700.0,9.077333450317383
2016-10-24,9.050666809082031,9.050666809082031,9.050666809082031,9.050666809082031,100.0,9.050666809082031
2016-10-25,9.066666603088379,8.800000190734863,9.066666603088379,8.800000190734863,2500.0,8.800000190734863
2016-10-26,8.90666675567627,8.90666675567627,8.90666675567627,8.90666675567627,300.0,8.90666675567627
2016-10-27,8.90666675567627,8.90666675567627,8.90666675567627,8.90666675567627,0.0,8.90666675567627
2016-10-28,8.773333549499512,8.640000343322754,8.773333549499512,8.640000343322754,3000.0,8.640000343322754
2016-10-31,8.784000396728516,8.704000473022461,8.704000473022461,8.784000396728516,1900.0,8.784000396728516
2016-11-01,9.039999961853027,9.039999961853027,9.039999961853027,9.039999961853027,1500.0,9.039999961853027
2016-11-02,9.039999961853027,9.039999961853027,9.039999961853027,9.039999961853027,0.0,9.039999961853027
2016-11-03,9.039999961853027,9.039999961853027,9.039999961853027,9.039999961853027,400.0,9.039999961853027
2016-11-04,9.039999961853027,9.039999961853027,9.039999961853027,9.039999961853027,0.0,9.039999961853027
2016-11-07,9.039999961853027,9.039999961853027,9.039999961853027,9.039999961853027,0.0,9.039999961853027
2016-11-08,8.880000114440918,8.693333625793457,8.880000114440918,8.800000190734863,1900.0,8.800000190734863
2016-11-09,8.853333473205566,8.853333473205566,8.853333473205566,8.853333473205566,100.0,8.853333473205566
2016-11-10,8.853333473205566,8.853333473205566,8.853333473205566,8.853333473205566,0.0,8.853333473205566
2016-11-11,8.853333473205566,8.853333473205566,8.853333473205566,8.853333473205566,0.0,8.853333473205566
2016-11-14,8.853333473205566,8.853333473205566,8.853333473205566,8.853333473205566,0.0,8.853333473205566
2016-11-15,8.853333473205566,8.853333473205566,8.853333473205566,8.853333473205566,0.0,8.853333473205566
2016-11-16,8.880000114440918,8.880000114440918,8.880000114440918,8.880000114440918,300.0,8.880000114440918
2016-11-17,8.890666961669922,8.890666961669922,8.890666961669922,8.890666961669922,100.0,8.890666961669922
2016-11-18,8.895999908447266,8.895999908447266,8.895999908447266,8.895999908447266,300.0,8.895999908447266
2016-11-21,8.960000038146973,8.960000038146973,8.960000038146973,8.960000038146973,100.0,8.960000038146973
2016-11-22,8.960000038146973,8.960000038146973,8.960000038146973,8.960000038146973,0.0,8.960000038146973
2016-11-23,8.960000038146973,8.960000038146973,8.960000038146973,8.960000038146973,0.0,8.960000038146973
2016-11-25,8.960000038146973,8.960000038146973,8.960000038146973,8.960000038146973,0.0,8.960000038146973
2016-11-28,8.86400032043457,8.86400032043457,8.86400032043457,8.86400032043457,100.0,8.86400032043457
2016-11-29,8.880000114440918,8.86400032043457,8.86400032043457,8.880000114440918,400.0,8.880000114440918
2016-11-30,8.90666675567627,8.890666961669922,8.90666675567627,8.90666675567627,1200.0,8.90666675567627
2016-12-01,8.90666675567627,8.90666675567627,8.90666675567627,8.90666675567627,100.0,8.90666675567627
2016-12-02,8.90666675567627,8.90666675567627,8.90666675567627,8.90666675567627,400.0,8.90666675567627
2016-12-05,8.869333267211914,8.432000160217285,8.869333267211914,8.432533264160156,15400.0,8.432533264160156
2016-12-06,8.661333084106445,8.432000160217285,8.432000160217285,8.661333084106445,5200.0,8.661333084106445
2016-12-07,8.767999649047852,8.693333625793457,8.693333625793457,8.767999649047852,1000.0,8.767999649047852
2016-12-08,8.800000190734863,8.800000190734863,8.800000190734863,8.800000190734863,3400.0,8.800000190734863
2016-12-09,8.800000190734863,8.800000190734863,8.800000190734863,8.800000190734863,3000.0,8.800000190734863
2016-12-12,8.800000190734863,8.720000267028809,8.800000190734863,8.720000267028809,1800.0,8.720000267028809
2016-12-13,8.720000267028809,8.720000267028809,8.720000267028809,8.720000267028809,0.0,8.720000267028809
2016-12-14,8.74666690826416,8.720000267028809,8.74666690826416,8.720000267028809,7000.0,8.720000267028809
2016-12-15,8.74666690826416,8.720000267028809,8.74666690826416,8.72053337097168,1000.0,8.72053337097168
2016-12-16,8.72053337097168,8.72053337097168,8.72053337097168,8.72053337097168,0.0,8.72053337097168
2016-12-19,8.72053337097168,8.72053337097168,8.72053337097168,8.72053337097168,0.0,8.72053337097168
2016-12-20,8.74666690826416,8.74666690826416,8.74666690826416,8.74666690826416,18700.0,8.74666690826416
2016-12-21,8.826666831970215,8.800000190734863,8.800000190734863,8.826666831970215,400.0,8.826666831970215
2016-12-22,9.013333320617676,8.847999572753906,8.847999572753906,9.013333320617676,3000.0,9.013333320617676
2016-12-23,9.013333320617676,8.826666831970215,9.013333320617676,8.826666831970215,1900.0,8.826666831970215
2016-12-27,9.039999961853027,8.831999778747559,8.933333396911621,9.039999961853027,2200.0,9.039999961853027
2016-12-28,9.066666603088379,9.039999961853027,9.066666603088379,9.039999961853027,2200.0,9.039999961853027
2016-12-29,9.013333320617676,9.013333320617676,9.013333320617676,9.013333320617676,100.0,9.013333320617676
2016-12-30,8.960000038146973,8.960000038146973,8.960000038146973,8.960000038146973,1500.0,8.960000038146973
2017-01-03,8.933333396911621,8.933333396911621,8.933333396911621,8.933333396911621,3100.0,8.933333396911621
2017-01-04,9.066666603088379,9.013333320617676,9.013333320617676,9.013333320617676,1800.0,9.013333320617676
2017-01-05,9.066666603088379,8.853333473205566,8.853333473205566,8.933333396911621,2400.0,8.933333396911621
2017-01-06,8.933333396911621,8.933333396911621,8.933333396911621,8.933333396911621,0.0,8.933333396911621
2017-01-09,8.933333396911621,8.933333396911621,8.933333396911621,8.933333396911621,400.0,8.933333396911621
2017-01-10,8.933333396911621,8.933333396911621,8.933333396911621,8.933333396911621,400.0,8.933333396911621
2017-01-11,8.960000038146973,8.933333396911621,8.933333396911621,8.960000038146973,400.0,8.960000038146973
2017-01-12,8.960000038146973,8.960000038146973,8.960000038146973,8.960000038146973,400.0,8.960000038146973
2017-01-13,9.066666603088379,9.039999961853027,9.039999961853027,9.066666603088379,3000.0,9.066666603088379
2017-01-17,9.066666603088379,8.853333473205566,8.853333473205566,9.066666603088379,5200.0,9.066666603088379
2017-01-18,9.066666603088379,8.933333396911621,8.933333396911621,9.066666603088379,2400.0,9.066666603088379
2017-01-19,9.066666603088379,9.066666603088379,9.066666603088379,9.066666603088379,0.0,9.066666603088379
2017-01-20,9.119999885559082,9.119999885559082,9.119999885559082,9.119999885559082,100.0,9.119999885559082
2017-01-23,9.146666526794434,9.130666732788086,9.130666732788086,9.146666526794434,3400.0,9.146666526794434
2017-01-24,9.173333168029785,9.173333168029785,9.173333168029785,9.173333168029785,300.0,9.173333168029785
2017-01-25,9.173333168029785,9.173333168029785,9.173333168029785,9.173333168029785,0.0,9.173333168029785
2017-01-26,9.173333168029785,9.173333168029785,9.173333168029785,9.173333168029785,300.0,9.173333168029785
2017-01-27,9.184000015258789,9.157333374023438,9.157333374023438,9.184000015258789,11200.0,9.184000015258789
2017-01-30,9.173333168029785,9.173333168029785,9.173333168029785,9.173333168029785,100.0,9.173333168029785
2017-01-31,9.173333168029785,9.173333168029785,9.173333168029785,9.173333168029785,0.0,9.173333168029785
2017-02-01,9.226666450500488,9.226666450500488,9.226666450500488,9.226666450500488,300.0,9.226666450500488
2017-02-02,9.226666450500488,9.199999809265137,9.226666450500488,9.199999809265137,11400.0,9.199999809265137
2017-02-03,9.333333015441895,9.226666450500488,9.226666450500488,9.333333015441895,400.0,9.333333015441895
2017-02-06,9.359999656677246,9.333333015441895,9.333333015441895,9.359999656677246,2500.0,9.359999656677246
2017-02-07,9.359999656677246,9.359999656677246,9.359999656677246,9.359999656677246,0.0,9.359999656677246
2017-02-08,9.386666297912598,9.386666297912598,9.386666297912598,9.386666297912598,300.0,9.386666297912598
2017-02-09,9.466666221618652,9.333333015441895,9.333333015441895,9.466666221618652,5700.0,9.466666221618652
2017-02-10,9.466666221618652,9.466666221618652,9.466666221618652,9.466666221618652,0.0,9.466666221618652
2017-02-13,9.543999671936035,9.359999656677246,9.359999656677246,9.543999671936035,3900.0,9.543999671936035
2017-02-14,9.600000381469727,9.386666297912598,9.386666297912598,9.600000381469727,2500.0,9.600000381469727
2017-02-15,9.786666870117188,9.65333366394043,9.65333366394043,9.65333366394043,1800.0,9.65333366394043
2017-02-16,10.266666412353516,9.866666793823242,9.866666793823242,10.266666412353516,1900.0,10.266666412353516
2017-02-17,10.239999771118164,10.239999771118164,10.239999771118164,10.239999771118164,100.0,10.239999771118164
2017-02-21,10.239999771118164,10.026666641235352,10.15999984741211,10.239999771118164,3100.0,10.239999771118164
2017-02-22,10.0,10.0,10.0,10.0,400.0,10.0
2017-02-23,10.0,10.0,10.0,10.0,300.0,10.0
2017-02-24,10.133333206176758,10.0,10.0,10.133333206176758,1500.0,10.133333206176758
2017-02-27,10.0,10.0,10.0,10.0,300.0,10.0
2017-02-28,10.133333206176758,10.128000259399414,10.133333206176758,10.133333206176758,1600.0,10.133333206176758
2017-03-01,10.186666488647461,10.186666488647461,10.186666488647461,10.186666488647461,400.0,10.186666488647461
2017-03-02,10.213333129882812,10.213333129882812,10.213333129882812,10.213333129882812,300.0,10.213333129882812
2017-03-03,10.213333129882812,10.213333129882812,10.213333129882812,10.213333129882812,0.0,10.213333129882812
2017-03-06,10.213333129882812,10.213333129882812,10.213333129882812,10.213333129882812,900.0,10.213333129882812
2017-03-07,10.186666488647461,10.186666488647461,10.186666488647461,10.186666488647461,100.0,10.186666488647461
2017-03-08,10.186666488647461,10.186666488647461,10.186666488647461,10.186666488647461,0.0,10.186666488647461
2017-03-09,10.186666488647461,10.186666488647461,10.186666488647461,10.186666488647461,0.0,10.186666488647461
2017-03-10,10.239999771118164,10.239999771118164,10.239999771118164,10.239999771118164,700.0,10.239999771118164
2017-03-13,10.186666488647461,10.133333206176758,10.186666488647461,10.133333206176758,1200.0,10.133333206176758
2017-03-14,10.106133460998535,10.106133460998535,10.106133460998535,10.106133460998535,1800.0,10.106133460998535
2017-03-15,10.079999923706055,10.079999923706055,10.079999923706055,10.079999923706055,300.0,10.079999923706055
2017-03-16,10.079999923706055,10.079999923706055,10.079999923706055,10.079999923706055,900.0,10.079999923706055
2017-03-17,10.0,10.0,10.0,10.0,300.0,10.0
2017-03-20,10.0,10.0,10.0,10.0,2500.0,10.0
2017-03-21,10.071999549865723,10.0,10.0,10.071999549865723,18900.0,10.071999549865723
2017-03-22,10.133333206176758,10.039999961853027,10.079999923706055,10.053333282470703,6900.0,10.053333282470703
2017-03-23,10.079999923706055,10.026666641235352,10.066666603088379,10.026666641235352,1900.0,10.026666641235352
2017-03-24,10.079999923706055,10.053333282470703,10.079999923706055,10.053333282470703,700.0,10.053333282470703
2017-03-27,10.026666641235352,10.0,10.026666641235352,10.026666641235352,1000.0,10.026666641235352
2017-03-28,10.053333282470703,10.053333282470703,10.053333282470703,10.053333282470703,400.0,10.053333282470703
2017-03-29,10.026666641235352,10.026666641235352,10.026666641235352,10.026666641235352,300.0,10.026666641235352
2017-03-30,10.026666641235352,10.026666641235352,10.026666641235352,10.026666641235352,0.0,10.026666641235352
2017-03-31,10.026666641235352,10.026666641235352,10.026666641235352,10.026666641235352,0.0,10.026666641235352
2017-04-03,10.026666641235352,10.026666641235352,10.026666641235352,10.026666641235352,400.0,10.026666641235352
2017-04-04,10.074666976928711,10.074666976928711,10.074666976928711,10.074666976928711,300.0,10.074666976928711
2017-04-05,10.050666809082031,10.026666641235352,10.026666641235352,10.050666809082031,900.0,10.050666809082031
2017-04-06,10.026666641235352,10.026666641235352,10.026666641235352,10.026666641235352,100.0,10.026666641235352
2017-04-07,10.026666641235352,10.026666641235352,10.026666641235352,10.026666641235352,300.0,10.026666641235352
2017-04-10,10.026666641235352,10.026666641235352,10.026666641235352,10.026666641235352,0.0,10.026666641235352
2017-04-11,10.026666641235352,10.026666641235352,10.026666641235352,10.026666641235352,1000.0,10.026666641235352
2017-04-12,10.053333282470703,10.053333282470703,10.053333282470703,10.053333282470703,4600.0,10.053333282470703
2017-04-13,10.026666641235352,10.026666641235352,10.026666641235352,10.026666641235352,1000.0,10.026666641235352
2017-04-17,10.101333618164062,10.026666641235352,10.026666641235352,10.101333618164062,4000.0,10.101333618164062
2017-04-18,10.053333282470703,10.0,10.053333282470703,10.053333282470703,98500.0,10.053333282470703
2017-04-19,10.026666641235352,10.026666641235352,10.026666641235352,10.026666641235352,300.0,10.026666641235352
2017-04-20,10.026666641235352,10.026666641235352,10.026666641235352,10.026666641235352,0.0,10.026666641235352
2017-04-21,10.212800025939941,10.026666641235352,10.026666641235352,10.212800025939941,2200.0,10.212800025939941
2017-04-24,10.212800025939941,10.212800025939941,10.212800025939941,10.212800025939941,0.0,10.212800025939941
2017-04-25,10.212800025939941,10.212800025939941,10.212800025939941,10.212800025939941,0.0,10.212800025939941
2017-04-26,10.212800025939941,10.212800025939941,10.212800025939941,10.212800025939941,0.0,10.212800025939941
2017-04-27,10.212800025939941,10.212800025939941,10.212800025939941,10.212800025939941,0.0,10.212800025939941
2017-04-28,10.053333282470703,10.026666641235352,10.053333282470703,10.026666641235352,1200.0,10.026666641235352
2017-05-01,10.133333206176758,10.053333282470703,10.053333282470703,10.133333206176758,400.0,10.133333206176758
2017-05-02,10.133333206176758,10.133333206176758,10.133333206176758,10.133333206176758,0.0,10.133333206176758
2017-05-03,10.213333129882812,10.133333206176758,10.133333206176758,10.213333129882812,700.0,10.213333129882812
2017-05-04,10.152000427246094,10.152000427246094,10.152000427246094,10.152000427246094,300.0,10.152000427246094
2017-05-05,10.152000427246094,10.152000427246094,10.152000427246094,10.152000427246094,0.0,10.152000427246094
2017-05-08,10.15999984741211,10.15999984741211,10.15999984741211,10.15999984741211,700.0,10.15999984741211
2017-05-09,10.15999984741211,10.15999984741211,10.15999984741211,10.15999984741211,0.0,10.15999984741211
2017-05-10,10.15999984741211,10.15999984741211,10.15999984741211,10.15999984741211,0.0,10.15999984741211
2017-05-11,10.239999771118164,10.239999771118164,10.239999771118164,10.239999771118164,400.0,10.239999771118164
2017-05-12,10.319999694824219,10.266666412353516,10.266666412353516,10.319999694824219,1500.0,10.319999694824219
2017-05-15,10.800000190734863,10.373332977294922,10.373332977294922,10.800000190734863,4800.0,10.800000190734863
2017-05-16,11.466666221618652,10.773333549499512,10.773333549499512,11.199999809265137,4900.0,11.199999809265137
2017-05-17,11.199999809265137,11.199999809265137,11.199999809265137,11.199999809265137,0.0,11.199999809265137
2017-05-18,10.800000190734863,10.506667137145996,10.800000190734863,10.613333702087402,36100.0,10.613333702087402
2017-05-19,10.933333396911621,10.666666984558105,10.666666984558105,10.933333396911621,1200.0,10.933333396911621
2017-05-22,10.933333396911621,10.933333396911621,10.933333396911621,10.933333396911621,0.0,10.933333396911621
2017-05-23,11.013333320617676,10.720000267028809,10.720000267028809,11.013333320617676,900.0,11.013333320617676
2017-05-24,10.933333396911621,10.933333396911621,10.933333396911621,10.933333396911621,900.0,10.933333396911621
2017-05-25,10.933333396911621,10.933333396911621,10.933333396911621,10.933333396911621,100.0,10.933333396911621
2017-05-26,10.933333396911621,10.933333396911621,10.933333396911621,10.933333396911621,0.0,10.933333396911621
2017-05-30,10.933333396911621,10.933333396911621,10.933333396911621,10.933333396911621,100.0,10.933333396911621
2017-05-31,10.933333396911621,10.933333396911621,10.933333396911621,10.933333396911621,900.0,10.933333396911621
2017-06-01,10.933333396911621,10.933333396911621,10.933333396911621,10.933333396911621,0.0,10.933333396911621
2017-06-02,10.933333396911621,10.933333396911621,10.933333396911621,10.933333396911621,0.0,10.933333396911621
2017-06-05,10.666666984558105,10.666666984558105,10.666666984558105,10.666666984558105,400.0,10.666666984558105
2017-06-06,10.666666984558105,10.640000343322754,10.666666984558105,10.640000343322754,30300.0,10.640000343322754
2017-06-07,10.640000343322754,10.613333702087402,10.613333702087402,10.640000343322754,300.0,10.640000343322754
2017-06-08,10.479999542236328,10.453332901000977,10.479999542236328,10.453332901000977,400.0,10.453332901000977
2017-06-09,10.720000267028809,10.720000267028809,10.720000267028809,10.720000267028809,700.0,10.720000267028809
2017-06-12,10.666666984558105,10.613333702087402,10.613333702087402,10.666666984558105,700.0,10.666666984558105
2017-06-13,10.666666984558105,10.533333778381348,10.533333778381348,10.666666984558105,2200.0,10.666666984558105
2017-06-14,10.613333702087402,10.543999671936035,10.543999671936035,10.613333702087402,4600.0,10.613333702087402
2017-06-15,10.543999671936035,10.533333778381348,10.543999671936035,10.533333778381348,1800.0,10.533333778381348
2017-06-16,10.506667137145996,10.506667137145996,10.506667137145996,10.506667137145996,300.0,10.506667137145996
2017-06-19,10.613333702087402,10.613333702087402,10.613333702087402,10.613333702087402,300.0,10.613333702087402
2017-06-20,10.506667137145996,10.479999542236328,10.479999542236328,10.506667137145996,33400.0,10.506667137145996
2017-06-21,10.506667137145996,10.453866958618164,10.479999542236328,10.479999542236328,5500.0,10.479999542236328
2017-06-22,10.479999542236328,10.479999542236328,10.479999542236328,10.479999542236328,1800.0,10.479999542236328
2017-06-23,10.479999542236328,10.479999542236328,10.479999542236328,10.479999542236328,0.0,10.479999542236328
2017-06-26,10.453866958618164,10.453332901000977,10.453332901000977,10.453866958618164,3700.0,10.453866958618164
2017-06-27,10.453866958618164,10.453332901000977,10.453866958618164,10.453332901000977,3300.0,10.453332901000977
2017-06-28,10.479999542236328,10.453332901000977,10.453866958618164,10.453332901000977,3700.0,10.453332901000977
2017-06-29,10.479999542236328,10.479999542236328,10.479999542236328,10.479999542236328,3300.0,10.479999542236328
2017-06-30,10.506667137145996,10.506667137145996,10.506667137145996,10.506667137145996,100.0,10.506667137145996
2017-07-03,10.506133079528809,10.506133079528809,10.506133079528809,10.506133079528809,100.0,10.506133079528809
2017-07-05,10.5600004196167,10.453332901000977,10.506667137145996,10.453332901000977,3000.0,10.453332901000977
2017-07-06,10.453332901000977,10.453332901000977,10.453332901000977,10.453332901000977,0.0,10.453332901000977
2017-07-07,10.426666259765625,10.426666259765625,10.426666259765625,10.426666259765625,400.0,10.426666259765625
2017-07-10,10.533333778381348,10.426666259765625,10.533333778381348,10.426666259765625,2200.0,10.426666259765625
2017-07-11,10.426666259765625,10.426666259765625,10.426666259765625,10.426666259765625,0.0,10.426666259765625
2017-07-12,10.426666259765625,10.399999618530273,10.426666259765625,10.399999618530273,2400.0,10.399999618530273
2017-07-13,10.533333778381348,10.399999618530273,10.533333778381348,10.399999618530273,700.0,10.399999618530273
2017-07-14,10.399999618530273,10.399999618530273,10.399999618530273,10.399999618530273,0.0,10.399999618530273
2017-07-17,10.53279972076416,10.399999618530273,10.399999618530273,10.53279972076416,4900.0,10.53279972076416
2017-07-18,10.399999618530273,10.399999618530273,10.399999618530273,10.399999618530273,100.0,10.399999618530273
2017-07-19,10.426666259765625,10.426666259765625,10.426666259765625,10.426666259765625,400.0,10.426666259765625
2017-07-20,10.426666259765625,10.41333293914795,10.41333293914795,10.426666259765625,700.0,10.426666259765625
2017-07-21,10.479999542236328,10.479999542236328,10.479999542236328,10.479999542236328,100.0,10.479999542236328
2017-07-24,10.479999542236328,10.479999542236328,10.479999542236328,10.479999542236328,0.0,10.479999542236328
2017-07-25,10.533333778381348,10.453332901000977,10.479999542236328,10.533333778381348,3000.0,10.533333778381348
2017-07-26,10.506667137145996,10.506667137145996,10.506667137145996,10.506667137145996,400.0,10.506667137145996
2017-07-27,10.666666984558105,10.506667137145996,10.506667137145996,10.666666984558105,5200.0,10.666666984558105
2017-07-28,10.640000343322754,10.533333778381348,10.640000343322754,10.533333778381348,4800.0,10.533333778381348
2017-07-31,10.720000267028809,10.613333702087402,10.613333702087402,10.720000267028809,900.0,10.720000267028809
2017-08-01,10.720000267028809,10.720000267028809,10.720000267028809,10.720000267028809,0.0,10.720000267028809
2017-08-02,10.666666984558105,10.666666984558105,10.666666984558105,10.666666984558105,1200.0,10.666666984558105
2017-08-03,10.666666984558105,10.666666984558105,10.666666984558105,10.666666984558105,0.0,10.666666984558105
2017-08-04,10.666666984558105,10.666666984558105,10.666666984558105,10.666666984558105,0.0,10.666666984558105
2017-08-07,10.5600004196167,10.5600004196167,10.5600004196167,10.5600004196167,700.0,10.5600004196167
2017-08-08,10.5600004196167,10.5600004196167,10.5600004196167,10.5600004196167,0.0,10.5600004196167
2017-08-09,10.5600004196167,10.5600004196167,10.5600004196167,10.5600004196167,900.0,10.5600004196167
2017-08-10,10.549333572387695,10.426666259765625,10.549333572387695,10.426666259765625,7600.0,10.426666259765625
2017-08-11,10.506667137145996,10.479999542236328,10.506667137145996,10.479999542236328,3700.0,10.479999542236328
2017-08-14,10.426666259765625,10.426666259765625,10.426666259765625,10.426666259765625,300.0,10.426666259765625
2017-08-15,10.490666389465332,10.426666259765625,10.426666259765625,10.453332901000977,13900.0,10.453332901000977
2017-08-16,10.720000267028809,10.720000267028809,10.720000267028809,10.720000267028809,2400.0,10.720000267028809
2017-08-17,10.693333625793457,10.666666984558105,10.666666984558105,10.666666984558105,6700.0,10.666666984558105
2017-08-18,10.666666984558105,10.666666984558105,10.666666984558105,10.666666984558105,0.0,10.666666984558105
2017-08-21,10.541333198547363,10.533333778381348,10.541333198547363,10.533333778381348,3700.0,10.533333778381348
2017-08-22,10.533333778381348,10.533333778381348,10.533333778381348,10.533333778381348,400.0,10.533333778381348
2017-08-23,10.533333778381348,10.533333778381348,10.533333778381348,10.533333778381348,2400.0,10.533333778381348
2017-08-24,10.640000343322754,10.5600004196167,10.5600004196167,10.640000343322754,300.0,10.640000343322754
2017-08-25,10.666666984558105,10.666666984558105,10.666666984558105,10.666666984558105,300.0,10.666666984558105
2017-08-28,10.58666706085205,10.5600004196167,10.5600004196167,10.58666706085205,1200.0,10.58666706085205
2017-08-29,10.613333702087402,10.613333702087402,10.613333702087402,10.613333702087402,300.0,10.613333702087402
2017-08-30,10.613333702087402,10.613333702087402,10.613333702087402,10.613333702087402,0.0,10.613333702087402
2017-08-31,10.800000190734863,10.666666984558105,10.666666984558105,10.773333549499512,9100.0,10.773333549499512
2017-09-01,11.066666603088379,10.933333396911621,10.933333396911621,11.066666603088379,900.0,11.066666603088379
2017-09-05,11.09333324432373,11.09333324432373,11.09333324432373,11.09333324432373,400.0,11.09333324432373
2017-09-06,11.226666450500488,11.199999809265137,11.199999809265137,11.226666450500488,3700.0,11.226666450500488
2017-09-07,11.226666450500488,11.226666450500488,11.226666450500488,11.226666450500488,0.0,11.226666450500488
2017-09-08,11.199999809265137,11.199999809265137,11.199999809265137,11.199999809265137,1200.0,11.199999809265137
2017-09-11,11.199999809265137,11.199999809265137,11.199999809265137,11.199999809265137,0.0,11.199999809265137
2017-09-12,11.199999809265137,11.09333324432373,11.199999809265137,11.09333324432373,4800.0,11.09333324432373
2017-09-13,11.199999809265137,11.013333320617676,11.039999961853027,11.199999809265137,1800.0,11.199999809265137
2017-09-14,11.199999809265137,11.199999809265137,11.199999809265137,11.199999809265137,0.0,11.199999809265137
2017-09-15,11.199999809265137,11.199999809265137,11.199999809265137,11.199999809265137,0.0,11.199999809265137
2017-09-18,11.199999809265137,11.199999809265137,11.199999809265137,11.199999809265137,0.0,11.199999809265137
2017-09-19,11.199999809265137,11.199999809265137,11.199999809265137,11.199999809265137,0.0,11.199999809265137
2017-09-20,11.199999809265137,11.199999809265137,11.199999809265137,11.199999809265137,0.0,11.199999809265137
2017-09-21,11.199999809265137,11.199999809265137,11.199999809265137,11.199999809265137,100.0,11.199999809265137
2017-09-22,11.199999809265137,11.199999809265137,11.199999809265137,11.199999809265137,0.0,11.199999809265137
2017-09-25,11.199999809265137,11.013333320617676,11.066666603088379,11.199999809265137,1200.0,11.199999809265137
2017-09-26,11.333333015441895,11.333333015441895,11.333333015441895,11.333333015441895,900.0,11.333333015441895
2017-09-27,11.333333015441895,11.266666412353516,11.266666412353516,11.326000213623047,2800.0,11.326000213623047
2017-09-28,11.326000213623047,11.326000213623047,11.326000213623047,11.326000213623047,0.0,11.326000213623047
2017-09-29,17.100000381469727,16.950000762939453,17.049999237060547,16.950000762939453,1800.0,16.950000762939453
2017-10-02,18.0,17.149999618530273,17.149999618530273,18.0,2300.0,18.0
2017-10-03,18.100000381469727,18.100000381469727,18.100000381469727,18.100000381469727,400.0,18.100000381469727
2017-10-04,18.350000381469727,18.200000762939453,18.200000762939453,18.299999237060547,30800.0,18.299999237060547
2017-10-05,18.350000381469727,18.299999237060547,18.299999237060547,18.350000381469727,900.0,18.350000381469727
2017-10-06,18.399999618530273,18.25,18.299999237060547,18.399999618530273,8100.0,18.399999618530273
2017-10-09,19.700000762939453,18.5,18.5,19.700000762939453,2100.0,19.700000762939453
2017-10-10,19.549999237060547,19.200000762939453,19.200000762939453,19.549999237060547,400.0,19.549999237060547
2017-10-11,19.549999237060547,19.450000762939453,19.549999237060547,19.5,1500.0,19.5
2017-10-12,19.5,19.5,19.5,19.5,0.0,19.5
2017-10-13,19.219999313354492,19.200000762939453,19.219999313354492,19.200000762939453,1400.0,19.200000762939453
2017-10-16,19.200000762939453,18.75,19.1200008392334,18.75,1900.0,18.75
2017-10-17,18.850000381469727,18.75,18.75,18.850000381469727,1700.0,18.850000381469727
2017-10-18,18.700000762939453,18.700000762939453,18.700000762939453,18.700000762939453,300.0,18.700000762939453
2017-10-19,18.700000762939453,18.700000762939453,18.700000762939453,18.700000762939453,0.0,18.700000762939453
2017-10-20,18.899999618530273,18.75,18.899999618530273,18.75,2100.0,18.75
2017-10-23,19.25,18.799999237060547,18.799999237060547,19.239999771118164,2000.0,19.239999771118164
2017-10-24,18.75,18.75,18.75,18.75,500.0,18.75
2017-10-25,19.0,19.0,19.0,19.0,400.0,19.0
2017-10-26,19.0,19.0,19.0,19.0,0.0,19.0
2017-10-27,18.75,18.75,18.75,18.75,1000.0,18.75
2017-10-30,18.950000762939453,18.950000762939453,18.950000762939453,18.950000762939453,300.0,18.950000762939453
2017-10-31,18.950000762939453,18.75,18.950000762939453,18.75,1200.0,18.75
2017-11-01,18.75,18.75,18.75,18.75,200.0,18.75
2017-11-02,18.75,18.700000762939453,18.700000762939453,18.75,2400.0,18.75
2017-11-03,18.75,18.75,18.75,18.75,0.0,18.75
2017-11-06,18.75,18.75,18.75,18.75,0.0,18.75
2017-11-07,18.700000762939453,18.649999618530273,18.700000762939453,18.649999618530273,400.0,18.649999618530273
2017-11-08,18.649999618530273,18.649999618530273,18.649999618530273,18.649999618530273,0.0,18.649999618530273
2017-11-09,18.649999618530273,18.549999237060547,18.649999618530273,18.549999237060547,500.0,18.549999237060547
2017-11-10,18.5,18.450000762939453,18.5,18.450000762939453,200.0,18.450000762939453
2017-11-13,18.350000381469727,18.200000762939453,18.350000381469727,18.200000762939453,800.0,18.200000762939453
2017-11-14,18.149999618530273,18.0,18.149999618530273,18.0,22500.0,18.0
2017-11-15,17.75,17.649999618530273,17.75,17.649999618530273,1400.0,17.649999618530273
2017-11-16,17.649999618530273,17.299999237060547,17.649999618530273,17.299999237060547,5600.0,17.299999237060547
2017-11-17,17.5,17.5,17.5,17.5,200.0,17.5
2017-11-20,17.5,17.5,17.5,17.5,0.0,17.5
2017-11-21,17.5,17.5,17.5,17.5,300.0,17.5
2017-11-22,17.5,17.5,17.5,17.5,0.0,17.5
2017-11-24,17.5,17.5,17.5,17.5,0.0,17.5
2017-11-27,17.5,17.5,17.5,17.5,500.0,17.5
2017-11-28,17.5,17.299999237060547,17.5,17.299999237060547,3400.0,17.299999237060547
2017-11-29,17.299999237060547,17.299999237060547,17.299999237060547,17.299999237060547,300.0,17.299999237060547
2017-11-30,17.600000381469727,17.299999237060547,17.299999237060547,17.299999237060547,8600.0,17.299999237060547
2017-12-01,17.5,17.5,17.5,17.5,200.0,17.5
2017-12-04,17.450000762939453,17.450000762939453,17.450000762939453,17.450000762939453,200.0,17.450000762939453
2017-12-05,17.450000762939453,17.450000762939453,17.450000762939453,17.450000762939453,0.0,17.450000762939453
2017-12-06,17.450000762939453,17.450000762939453,17.450000762939453,17.450000762939453,0.0,17.450000762939453
2017-12-07,17.450000762939453,17.450000762939453,17.450000762939453,17.450000762939453,0.0,17.450000762939453
2017-12-08,17.5,17.450000762939453,17.450000762939453,17.5,3500.0,17.5
2017-12-11,17.600000381469727,17.5,17.5,17.600000381469727,300.0,17.600000381469727
2017-12-12,17.698999404907227,17.698999404907227,17.698999404907227,17.698999404907227,100.0,17.698999404907227
2017-12-13,17.549999237060547,17.520000457763672,17.520000457763672,17.520000457763672,5600.0,17.520000457763672
2017-12-14,17.520000457763672,17.520000457763672,17.520000457763672,17.520000457763672,0.0,17.520000457763672
2017-12-15,17.510000228881836,17.5,17.510000228881836,17.5,5600.0,17.5
2017-12-18,17.510000228881836,17.5,17.5,17.510000228881836,1300.0,17.510000228881836
2017-12-19,17.600000381469727,17.549999237060547,17.549999237060547,17.600000381469727,600.0,17.600000381469727
2017-12-20,17.600000381469727,17.600000381469727,17.600000381469727,17.600000381469727,400.0,17.600000381469727
2017-12-21,17.5,17.5,17.5,17.5,10000.0,17.5
2017-12-22,17.549999237060547,17.5,17.520000457763672,17.549999237060547,5300.0,17.549999237060547
2017-12-26,17.649999618530273,17.549999237060547,17.549999237060547,17.600000381469727,3000.0,17.600000381469727
2017-12-27,17.600000381469727,17.520000457763672,17.520000457763672,17.549999237060547,38800.0,17.549999237060547
2017-12-28,17.520000457763672,17.5,17.520000457763672,17.5,1900.0,17.5
2017-12-29,17.520000457763672,17.510000228881836,17.510000228881836,17.520000457763672,2400.0,17.520000457763672
2018-01-02,17.510000228881836,17.5,17.510000228881836,17.5,3000.0,17.5
2018-01-03,17.5,17.5,17.5,17.5,200.0,17.5
2018-01-04,17.5,17.5,17.5,17.5,200.0,17.5
2018-01-05,17.600000381469727,17.600000381469727,17.600000381469727,17.600000381469727,5200.0,17.600000381469727
2018-01-08,17.549999237060547,17.549999237060547,17.549999237060547,17.549999237060547,3600.0,17.549999237060547
2018-01-09,17.549999237060547,17.549999237060547,17.549999237060547,17.549999237060547,200.0,17.549999237060547
2018-01-10,17.549999237060547,17.549999237060547,17.549999237060547,17.549999237060547,0.0,17.549999237060547
2018-01-11,17.549999237060547,17.549999237060547,17.549999237060547,17.549999237060547,200.0,17.549999237060547
2018-01-12,17.549999237060547,17.549999237060547,17.549999237060547,17.549999237060547,0.0,17.549999237060547
2018-01-16,17.549999237060547,17.520000457763672,17.549999237060547,17.520000457763672,5100.0,17.520000457763672
2018-01-17,17.549999237060547,17.5,17.549999237060547,17.5,1700.0,17.5
2018-01-18,17.649999618530273,17.469999313354492,17.5,17.649999618530273,3500.0,17.649999618530273
2018-01-19,17.649999618530273,17.649999618530273,17.649999618530273,17.649999618530273,0.0,17.649999618530273
2018-01-22,17.520999908447266,17.469999313354492,17.469999313354492,17.520999908447266,1300.0,17.520999908447266
2018-01-23,17.520000457763672,17.520000457763672,17.520000457763672,17.520000457763672,100.0,17.520000457763672
2018-01-24,17.520000457763672,17.520000457763672,17.520000457763672,17.520000457763672,100.0,17.520000457763672
2018-01-25,17.520000457763672,17.520000457763672,17.520000457763672,17.520000457763672,0.0,17.520000457763672
2018-01-26,17.559999465942383,17.535999298095703,17.535999298095703,17.559999465942383,5600.0,17.559999465942383
2018-01-29,17.56999969482422,17.559999465942383,17.559999465942383,17.56999969482422,1100.0,17.56999969482422
2018-01-30,17.600000381469727,17.600000381469727,17.600000381469727,17.600000381469727,100.0,17.600000381469727
2018-01-31,17.600000381469727,17.5,17.600000381469727,17.5,1600.0,17.5
2018-02-01,17.5,17.5,17.5,17.5,0.0,17.5
2018-02-02,17.5,17.5,17.5,17.5,0.0,17.5
2018-02-05,17.5,17.350000381469727,17.5,17.5,4800.0,17.5
2018-02-06,17.5,17.420000076293945,17.420000076293945,17.5,1200.0,17.5
2018-02-07,17.5,17.5,17.5,17.5,0.0,17.5
2018-02-08,17.5,17.5,17.5,17.5,0.0,17.5
2018-02-09,17.5,17.5,17.5,17.5,0.0,17.5
2018-02-12,17.5,17.5,17.5,17.5,0.0,17.5
2018-02-13,17.5,17.5,17.5,17.5,0.0,17.5
2018-02-14,17.549999237060547,17.399999618530273,17.399999618530273,17.549999237060547,1000.0,17.549999237060547
2018-02-15,17.599000930786133,17.5,17.599000930786133,17.5,800.0,17.5
2018-02-16,17.700000762939453,17.600000381469727,17.600000381469727,17.700000762939453,4200.0,17.700000762939453
2018-02-20,17.700000762939453,17.597000122070312,17.655000686645508,17.600000381469727,3300.0,17.600000381469727
2018-02-21,17.600000381469727,17.600000381469727,17.600000381469727,17.600000381469727,0.0,17.600000381469727
2018-02-22,17.600000381469727,17.600000381469727,17.600000381469727,17.600000381469727,0.0,17.600000381469727
2018-02-23,17.700000762939453,17.687000274658203,17.700000762939453,17.700000762939453,1300.0,17.700000762939453
2018-02-26,17.649999618530273,17.649999618530273,17.649999618530273,17.649999618530273,400.0,17.649999618530273
2018-02-27,17.649999618530273,17.649999618530273,17.649999618530273,17.649999618530273,0.0,17.649999618530273
2018-02-28,17.649999618530273,17.649999618530273,17.649999618530273,17.649999618530273,5300.0,17.649999618530273
2018-03-01,17.68000030517578,17.68000030517578,17.68000030517578,17.68000030517578,1200.0,17.68000030517578
2018-03-02,17.68000030517578,17.68000030517578,17.68000030517578,17.68000030517578,400.0,17.68000030517578
2018-03-05,17.600000381469727,17.600000381469727,17.600000381469727,17.600000381469727,600.0,17.600000381469727
2018-03-06,17.600000381469727,17.600000381469727,17.600000381469727,17.600000381469727,10200.0,17.600000381469727
2018-03-07,17.649999618530273,17.649999618530273,17.649999618530273,17.649999618530273,600.0,17.649999618530273
2018-03-08,17.649999618530273,17.649999618530273,17.649999618530273,17.649999618530273,300.0,17.649999618530273
2018-03-09,17.649999618530273,17.649999618530273,17.649999618530273,17.649999618530273,600.0,17.649999618530273
2018-03-12,17.649999618530273,17.649999618530273,17.649999618530273,17.649999618530273,0.0,17.649999618530273
2018-03-13,17.649999618530273,17.549999237060547,17.649999618530273,17.559999465942383,7700.0,17.559999465942383
2018-03-14,17.5,17.5,17.5,17.5,200.0,17.5
2018-03-15,17.530000686645508,17.5,17.5,17.530000686645508,17500.0,17.530000686645508
2018-03-16,17.450000762939453,17.399999618530273,17.450000762939453,17.399999618530273,300.0,17.399999618530273
2018-03-19,17.5,17.399999618530273,17.399999618530273,17.5,1100.0,17.5
2018-03-20,17.399999618530273,17.399999618530273,17.399999618530273,17.399999618530273,800.0,17.399999618530273
2018-03-21,17.5,17.399999618530273,17.5,17.399999618530273,700.0,17.399999618530273
2018-03-22,17.399999618530273,17.399999618530273,17.399999618530273,17.399999618530273,500.0,17.399999618530273
2018-03-23,17.399999618530273,17.399999618530273,17.399999618530273,17.399999618530273,0.0,17.399999618530273
2018-03-26,17.399999618530273,17.399999618530273,17.399999618530273,17.399999618530273,1800.0,17.399999618530273
2018-03-27,17.399999618530273,17.399999618530273,17.399999618530273,17.399999618530273,1500.0,17.399999618530273
2018-03-28,17.399999618530273,17.399999618530273,17.399999618530273,17.399999618530273,0.0,17.399999618530273
2018-03-29,17.399999618530273,17.399999618530273,17.399999618530273,17.399999618530273,500.0,17.399999618530273
2018-04-02,17.399999618530273,17.399999618530273,17.399999618530273,17.399999618530273,3600.0,17.399999618530273
2018-04-03,17.399999618530273,17.350000381469727,17.399999618530273,17.350000381469727,2100.0,17.350000381469727
2018-04-04,17.350000381469727,17.350000381469727,17.350000381469727,17.350000381469727,0.0,17.350000381469727
2018-04-05,17.350000381469727,17.350000381469727,17.350000381469727,17.350000381469727,0.0,17.350000381469727
2018-04-06,17.350000381469727,17.350000381469727,17.350000381469727,17.350000381469727,500.0,17.350000381469727
2018-04-09,17.350000381469727,17.350000381469727,17.350000381469727,17.350000381469727,500.0,17.350000381469727
2018-04-10,17.399999618530273,17.399999618530273,17.399999618530273,17.399999618530273,100.0,17.399999618530273
2018-04-11,17.399999618530273,17.350000381469727,17.399999618530273,17.399999618530273,3200.0,17.399999618530273
2018-04-12,17.450000762939453,17.31999969482422,17.450000762939453,17.450000762939453,4200.0,17.450000762939453
2018-04-13,17.450000762939453,17.399999618530273,17.448999404907227,17.399999618530273,1900.0,17.399999618530273
2018-04-16,17.399999618530273,17.270000457763672,17.399999618530273,17.270000457763672,7500.0,17.270000457763672
2018-04-17,17.299999237060547,17.299999237060547,17.299999237060547,17.299999237060547,700.0,17.299999237060547
2018-04-18,17.299999237060547,17.299999237060547,17.299999237060547,17.299999237060547,19200.0,17.299999237060547
2018-04-19,17.299999237060547,17.299999237060547,17.299999237060547,17.299999237060547,0.0,17.299999237060547
2018-04-20,17.299999237060547,17.299999237060547,17.299999237060547,17.299999237060547,0.0,17.299999237060547
2018-04-23,17.299999237060547,17.299999237060547,17.299999237060547,17.299999237060547,0.0,17.299999237060547
2018-04-24,17.39900016784668,17.39900016784668,17.39900016784668,17.39900016784668,100.0,17.39900016784668
2018-04-25,17.299999237060547,17.299999237060547,17.299999237060547,17.299999237060547,200.0,17.299999237060547
2018-04-26,17.39900016784668,17.39900016784668,17.39900016784668,17.39900016784668,200.0,17.39900016784668
2018-04-27,17.299999237060547,17.299999237060547,17.299999237060547,17.299999237060547,1300.0,17.299999237060547
2018-04-30,17.299999237060547,17.299999237060547,17.299999237060547,17.299999237060547,0.0,17.299999237060547
2018-05-01,17.270000457763672,17.25,17.270000457763672,17.25,2600.0,17.25
2018-05-02,17.25,17.25,17.25,17.25,400.0,17.25
2018-05-03,17.25,17.25,17.25,17.25,1100.0,17.25
2018-05-04,17.399999618530273,17.399999618530273,17.399999618530273,17.399999618530273,1200.0,17.399999618530273
2018-05-07,17.299999237060547,17.049999237060547,17.200000762939453,17.049999237060547,7100.0,17.049999237060547
2018-05-08,17.049999237060547,17.049999237060547,17.049999237060547,17.049999237060547,0.0,17.049999237060547
2018-05-09,17.25,17.25,17.25,17.25,500.0,17.25
2018-05-10,17.25,17.25,17.25,17.25,0.0,17.25
2018-05-11,17.25,17.25,17.25,17.25,1200.0,17.25
2018-05-14,17.100000381469727,17.0,17.100000381469727,17.0,2300.0,17.0
2018-05-15,17.259000778198242,17.239999771118164,17.239999771118164,17.259000778198242,1100.0,17.259000778198242
2018-05-16,17.25,17.25,17.25,17.25,200.0,17.25
2018-05-17,17.25,17.25,17.25,17.25,0.0,17.25
2018-05-18,17.25,17.25,17.25,17.25,0.0,17.25
2018-05-21,17.149999618530273,17.049999237060547,17.049999237060547,17.149999618530273,13100.0,17.149999618530273
2018-05-22,17.200000762939453,17.200000762939453,17.200000762939453,17.200000762939453,500.0,17.200000762939453
2018-05-23,17.090999603271484,17.010000228881836,17.010000228881836,17.090999603271484,1300.0,17.090999603271484
2018-05-24,17.010000228881836,17.0,17.010000228881836,17.0,1000.0,17.0
2018-05-25,17.0,17.0,17.0,17.0,800.0,17.0
2018-05-29,17.000999450683594,17.000999450683594,17.000999450683594,17.000999450683594,500.0,17.000999450683594
2018-05-30,17.000999450683594,17.000999450683594,17.000999450683594,17.000999450683594,0.0,17.000999450683594
2018-05-31,17.0,16.950000762939453,17.0,16.950000762939453,800.0,16.950000762939453
2018-06-01,16.950000762939453,16.950000762939453,16.950000762939453,16.950000762939453,0.0,16.950000762939453
2018-06-04,17.010000228881836,17.010000228881836,17.010000228881836,17.010000228881836,200.0,17.010000228881836
2018-06-05,17.100000381469727,17.100000381469727,17.100000381469727,17.100000381469727,100.0,17.100000381469727
2018-06-06,17.049999237060547,16.850000381469727,16.850000381469727,17.049999237060547,3200.0,17.049999237060547
2018-06-07,17.049999237060547,17.049999237060547,17.049999237060547,17.049999237060547,100.0,17.049999237060547
2018-06-08,17.100000381469727,17.09000015258789,17.09000015258789,17.100000381469727,1800.0,17.100000381469727
2018-06-11,17.049999237060547,17.0,17.049999237060547,17.0,600.0,17.0
2018-06-12,17.049999237060547,17.0,17.0,17.049999237060547,9900.0,17.049999237060547
2018-06-13,17.0,17.0,17.0,17.0,100.0,17.0
2018-06-14,17.100000381469727,17.0,17.0,17.049999237060547,4800.0,17.049999237060547
2018-06-15,17.100000381469727,17.049999237060547,17.100000381469727,17.049999237060547,1900.0,17.049999237060547
2018-06-18,17.100000381469727,17.059999465942383,17.059999465942383,17.100000381469727,3300.0,17.100000381469727
2018-06-19,17.100000381469727,17.100000381469727,17.100000381469727,17.100000381469727,200.0,17.100000381469727
2018-06-20,17.020000457763672,17.0,17.020000457763672,17.0,600.0,17.0
2018-06-21,17.0,17.0,17.0,17.0,200.0,17.0
2018-06-22,17.079999923706055,17.079999923706055,17.079999923706055,17.079999923706055,1100.0,17.079999923706055
2018-06-25,17.100000381469727,17.08099937438965,17.08099937438965,17.100000381469727,3300.0,17.100000381469727
2018-06-26,17.149999618530273,17.0,17.010000228881836,17.149999618530273,10000.0,17.149999618530273
2018-06-27,17.049999237060547,17.049999237060547,17.049999237060547,17.049999237060547,3500.0,17.049999237060547
2018-06-28,17.200000762939453,17.149999618530273,17.149999618530273,17.200000762939453,13500.0,17.200000762939453
2018-06-29,17.200000762939453,17.200000762939453,17.200000762939453,17.200000762939453,0.0,17.200000762939453
2018-07-02,17.200000762939453,17.200000762939453,17.200000762939453,17.200000762939453,200.0,17.200000762939453
2018-07-03,17.350000381469727,17.25,17.25,17.350000381469727,900.0,17.350000381469727
2018-07-05,17.350000381469727,17.350000381469727,17.350000381469727,17.350000381469727,0.0,17.350000381469727
2018-07-06,17.25,17.25,17.25,17.25,600.0,17.25
2018-07-09,17.450000762939453,17.450000762939453,17.450000762939453,17.450000762939453,1200.0,17.450000762939453
2018-07-10,17.700000762939453,17.450000762939453,17.450000762939453,17.700000762939453,10300.0,17.700000762939453
2018-07-11,17.75,17.600000381469727,17.700000762939453,17.75,2100.0,17.75
2018-07-12,17.850000381469727,17.75,17.75,17.850000381469727,300.0,17.850000381469727
2018-07-13,18.0,17.899999618530273,18.0,17.899999618530273,300.0,17.899999618530273
2018-07-16,18.200000762939453,18.049999237060547,18.049999237060547,18.200000762939453,4600.0,18.200000762939453
2018-07-17,18.5,18.299999237060547,18.299999237060547,18.350000381469727,3000.0,18.350000381469727
2018-07-18,18.399999618530273,18.350000381469727,18.350000381469727,18.350000381469727,2700.0,18.350000381469727
2018-07-19,19.5,18.350000381469727,18.350000381469727,19.448999404907227,1600.0,19.448999404907227
2018-07-20,19.299999237060547,19.299999237060547,19.299999237060547,19.299999237060547,100.0,19.299999237060547
2018-07-23,19.299999237060547,19.299999237060547,19.299999237060547,19.299999237060547,0.0,19.299999237060547
2018-07-24,19.299999237060547,19.299999237060547,19.299999237060547,19.299999237060547,0.0,19.299999237060547
2018-07-25,18.75,18.75,18.75,18.75,2500.0,18.75
2018-07-26,18.5,18.5,18.5,18.5,1500.0,18.5
2018-07-27,18.5,18.5,18.5,18.5,0.0,18.5
2018-07-30,18.350000381469727,18.350000381469727,18.350000381469727,18.350000381469727,200.0,18.350000381469727
2018-07-31,18.5,18.25,18.5,18.25,7500.0,18.25
2018-08-01,18.5,18.299999237060547,18.299999237060547,18.5,1300.0,18.5
2018-08-02,18.5,18.5,18.5,18.5,1000.0,18.5
2018-08-03,18.600000381469727,18.600000381469727,18.600000381469727,18.600000381469727,700.0,18.600000381469727
2018-08-06,18.799999237060547,18.600000381469727,18.700000762939453,18.600000381469727,2100.0,18.600000381469727
2018-08-07,18.5,18.5,18.5,18.5,1100.0,18.5
2018-08-08,18.850000381469727,18.5,18.500999450683594,18.850000381469727,300.0,18.850000381469727
2018-08-09,18.850000381469727,18.850000381469727,18.850000381469727,18.850000381469727,100.0,18.850000381469727
2018-08-10,18.774999618530273,18.774999618530273,18.774999618530273,18.774999618530273,300.0,18.774999618530273
2018-08-13,18.950000762939453,18.600000381469727,18.600000381469727,18.950000762939453,11400.0,18.950000762939453
2018-08-14,18.950000762939453,18.850000381469727,18.899999618530273,18.950000762939453,67700.0,18.950000762939453
2018-08-15,18.950000762939453,18.950000762939453,18.950000762939453,18.950000762939453,0.0,18.950000762939453
2018-08-16,18.950000762939453,18.950000762939453,18.950000762939453,18.950000762939453,1000.0,18.950000762939453
2018-08-17,18.950000762939453,18.950000762939453,18.950000762939453,18.950000762939453,700.0,18.950000762939453
2018-08-20,18.950000762939453,18.950000762939453,18.950000762939453,18.950000762939453,0.0,18.950000762939453
2018-08-21,19.625,19.13800048828125,19.13800048828125,19.625,800.0,19.625
2018-08-22,19.850000381469727,19.299999237060547,19.850000381469727,19.849000930786133,5300.0,19.849000930786133
2018-08-23,19.850000381469727,19.149999618530273,19.850000381469727,19.149999618530273,2700.0,19.149999618530273
2018-08-24,19.149999618530273,19.149999618530273,19.149999618530273,19.149999618530273,0.0,19.149999618530273
2018-08-27,19.5,19.5,19.5,19.5,500.0,19.5
2018-08-28,19.700000762939453,19.5,19.5,19.700000762939453,900.0,19.700000762939453
2018-08-29,19.698999404907227,19.25,19.25,19.698999404907227,500.0,19.698999404907227
2018-08-30,19.698999404907227,19.698999404907227,19.698999404907227,19.698999404907227,0.0,19.698999404907227
2018-08-31,19.700000762939453,19.649999618530273,19.700000762939453,19.649999618530273,1700.0,19.649999618530273
2018-09-04,19.700000762939453,19.700000762939453,19.700000762939453,19.700000762939453,900.0,19.700000762939453
2018-09-05,19.75,19.701000213623047,19.75,19.701000213623047,2000.0,19.701000213623047
2018-09-06,19.764999389648438,19.700000762939453,19.700000762939453,19.75,2600.0,19.75
2018-09-07,19.799999237060547,19.799999237060547,19.799999237060547,19.799999237060547,400.0,19.799999237060547
2018-09-10,19.799999237060547,19.75,19.799999237060547,19.75,900.0,19.75
2018-09-11,20.5,19.700000762939453,19.700000762939453,20.399999618530273,3200.0,20.399999618530273
2018-09-12,20.0,19.700000762939453,19.700000762939453,20.0,3000.0,20.0
2018-09-13,20.299999237060547,20.09000015258789,20.09000015258789,20.299999237060547,2300.0,20.299999237060547
2018-09-14,21.200000762939453,20.0,21.200000762939453,20.0,641800.0,20.0
2018-09-17,20.100000381469727,20.0,20.049999237060547,20.0,63900.0,20.0
2018-09-18,20.299999237060547,19.799999237060547,20.079999923706055,19.969999313354492,121600.0,19.969999313354492
2018-09-19,20.02199935913086,19.950000762939453,20.0,20.0,46000.0,20.0
2018-09-20,20.040000915527344,20.0,20.0,20.0,5000.0,20.0
2018-09-21,20.066999435424805,20.0,20.01799964904785,20.0,3100.0,20.0
2018-09-24,20.100000381469727,20.0,20.0,20.0,5500.0,20.0
2018-09-25,20.040000915527344,20.0,20.0,20.0,7900.0,20.0
2018-09-26,20.035999298095703,20.0,20.0,20.0,25000.0,20.0
2018-09-27,20.020999908447266,19.799999237060547,20.020999908447266,19.940000534057617,6600.0,19.940000534057617
2018-09-28,20.040000915527344,19.799999237060547,20.040000915527344,19.799999237060547,800.0,19.799999237060547
2018-10-01,19.95199966430664,19.799999237060547,19.8799991607666,19.799999237060547,4600.0,19.799999237060547
2018-10-02,19.899999618530273,19.700000762939453,19.799999237060547,19.739999771118164,21600.0,19.739999771118164
2018-10-03,19.75,19.700000762939453,19.709999084472656,19.75,1400.0,19.75
2018-10-04,19.899999618530273,19.75,19.75,19.81999969482422,5500.0,19.81999969482422
2018-10-05,19.889999389648438,19.75,19.81999969482422,19.75,50300.0,19.75
2018-10-08,19.757999420166016,19.600000381469727,19.75,19.6299991607666,117500.0,19.6299991607666
2018-10-09,19.579999923706055,19.350000381469727,19.579999923706055,19.3700008392334,127100.0,19.3700008392334
2018-10-10,19.594999313354492,19.350000381469727,19.350000381469727,19.5,4300.0,19.5
2018-10-11,19.649999618530273,19.25,19.5,19.360000610351562,26600.0,19.360000610351562
2018-10-12,19.43000030517578,19.110000610351562,19.43000030517578,19.110000610351562,3400.0,19.110000610351562
2018-10-15,19.25,18.549999237060547,19.09000015258789,18.549999237060547,10700.0,18.549999237060547
2018-10-16,18.906999588012695,18.613000869750977,18.709999084472656,18.700000762939453,4100.0,18.700000762939453
2018-10-17,18.780000686645508,18.56999969482422,18.780000686645508,18.56999969482422,1400.0,18.56999969482422
2018-10-18,18.65999984741211,17.905000686645508,18.65999984741211,18.0,3700.0,18.0
2018-10-19,18.0,16.43000030517578,18.0,17.049999237060547,22700.0,17.049999237060547
2018-10-22,17.458999633789062,17.049999237060547,17.049999237060547,17.389999389648438,5400.0,17.389999389648438
2018-10-23,17.389999389648438,17.049999237060547,17.34000015258789,17.06999969482422,23400.0,17.06999969482422
2018-10-24,17.25,16.56999969482422,17.049999237060547,16.700000762939453,47200.0,16.700000762939453
2018-10-25,17.149999618530273,16.75,16.799999237060547,17.0,20200.0,17.0
2018-10-26,17.139999389648438,16.895000457763672,16.93000030517578,17.1299991607666,3200.0,17.1299991607666
2018-10-29,18.75,16.799999237060547,17.139999389648438,17.260000228881836,6800.0,17.260000228881836
2018-10-30,18.75,16.989999771118164,17.350000381469727,17.690000534057617,13700.0,17.690000534057617
2018-10-31,17.790000915527344,17.1200008392334,17.360000610351562,17.5,12700.0,17.5
2018-11-01,17.5,17.5,17.5,17.5,100.0,17.5
2018-11-02,18.479999542236328,17.6200008392334,17.6200008392334,18.479999542236328,1000.0,18.479999542236328
2018-11-05,18.726999282836914,18.149999618530273,18.479999542236328,18.149999618530273,1200.0,18.149999618530273
2018-11-06,18.639999389648438,18.0,18.639999389648438,18.440000534057617,4100.0,18.440000534057617
2018-11-07,18.440000534057617,18.440000534057617,18.440000534057617,18.440000534057617,500.0,18.440000534057617
2018-11-08,18.829999923706055,18.440000534057617,18.440000534057617,18.829999923706055,9900.0,18.829999923706055
2018-11-09,18.940000534057617,18.40999984741211,18.940000534057617,18.93000030517578,27400.0,18.93000030517578
2018-11-12,19.200000762939453,18.399999618530273,18.899999618530273,19.200000762939453,13700.0,19.200000762939453
2018-11-13,19.93000030517578,18.600000381469727,19.010000228881836,19.8700008392334,41900.0,19.8700008392334
2018-11-14,20.510000228881836,19.5,19.950000762939453,20.510000228881836,112700.0,20.510000228881836
2018-11-15,20.450000762939453,18.530000686645508,20.440000534057617,20.25,7100.0,20.25
2018-11-16,20.43000030517578,20.200000762939453,20.43000030517578,20.299999237060547,13400.0,20.299999237060547
2018-11-19,20.489999771118164,19.44499969482422,20.25,20.450000762939453,11100.0,20.450000762939453
2018-11-20,20.25,19.549999237060547,20.25,19.549999237060547,6200.0,19.549999237060547
2018-11-21,20.200000762939453,18.700000762939453,19.889999389648438,20.0,21300.0,20.0
2018-11-23,20.200000762939453,20.200000762939453,20.200000762939453,20.200000762939453,200.0,20.200000762939453
2018-11-26,20.489999771118164,19.270000457763672,20.200000762939453,19.270000457763672,10300.0,19.270000457763672
2018-11-27,20.040000915527344,19.01799964904785,19.309999465942383,19.8799991607666,15000.0,19.8799991607666
2018-11-28,20.0,18.770000457763672,19.940000534057617,19.899999618530273,36200.0,19.899999618530273
2018-11-29,20.1299991607666,19.174999237060547,19.850000381469727,20.1299991607666,6700.0,20.1299991607666
2018-11-30,20.25,19.239999771118164,19.239999771118164,20.25,24000.0,20.25
2018-12-03,20.450000762939453,19.700000762939453,20.0,20.09000015258789,33100.0,20.09000015258789
2018-12-04,20.34000015258789,19.540000915527344,20.0,20.0,47500.0,20.0
2018-12-06,20.40999984741211,19.420000076293945,20.0,20.0,19900.0,20.0
2018-12-07,20.260000228881836,19.100000381469727,20.0,20.0,27400.0,20.0
2018-12-10,20.3799991607666,18.854999542236328,20.0,20.059999465942383,47400.0,20.059999465942383
2018-12-11,20.350000381469727,19.0049991607666,20.31999969482422,20.100000381469727,54200.0,20.100000381469727
2018-12-12,20.299999237060547,19.329999923706055,19.510000228881836,19.84000015258789,37800.0,19.84000015258789
2018-12-13,20.260000228881836,19.299999237060547,19.989999771118164,20.1299991607666,43600.0,20.1299991607666
2018-12-14,20.239999771118164,19.405000686645508,20.239999771118164,19.850000381469727,35900.0,19.850000381469727
2018-12-17,19.899999618530273,18.290000915527344,19.56999969482422,18.920000076293945,41800.0,18.920000076293945
2018-12-18,19.729999542236328,18.100000381469727,19.0,18.15999984741211,57400.0,18.15999984741211
2018-12-19,18.440000534057617,15.529999732971191,18.31999969482422,15.899999618530273,59200.0,15.899999618530273
2018-12-20,17.0,15.899999618530273,16.299999237060547,15.949999809265137,100700.0,15.949999809265137
2018-12-21,18.389999389648438,16.09000015258789,16.09000015258789,17.510000228881836,194700.0,17.510000228881836
2018-12-24,17.479999542236328,16.3700008392334,17.479999542236328,16.600000381469727,4700.0,16.600000381469727
2018-12-26,17.211999893188477,16.049999237060547,16.690000534057617,16.610000610351562,14100.0,16.610000610351562
2018-12-27,16.5,16.049999237060547,16.5,16.350000381469727,18900.0,16.350000381469727
2018-12-28,16.700000762939453,16.290000915527344,16.290000915527344,16.690000534057617,5800.0,16.690000534057617
2018-12-31,17.950000762939453,16.295000076293945,16.84000015258789,17.610000610351562,20800.0,17.610000610351562
2019-01-02,17.75,16.959999084472656,17.670000076293945,17.670000076293945,19800.0,17.670000076293945
2019-01-03,17.709999084472656,16.780000686645508,17.649999618530273,17.709999084472656,7900.0,17.709999084472656
2019-01-04,18.25,17.709999084472656,17.829999923706055,18.239999771118164,16600.0,18.239999771118164
2019-01-07,18.229999542236328,17.850000381469727,18.229999542236328,17.850000381469727,6500.0,17.850000381469727
2019-01-08,18.100000381469727,17.15999984741211,18.100000381469727,17.780000686645508,2300.0,17.780000686645508
2019-01-09,18.190000534057617,17.329999923706055,17.799999237060547,17.639999389648438,4200.0,17.639999389648438
2019-01-10,18.139999389648438,17.520000457763672,18.139999389648438,17.520000457763672,2200.0,17.520000457763672
2019-01-11,17.804000854492188,17.34000015258789,17.459999084472656,17.56999969482422,1600.0,17.56999969482422
2019-01-14,17.989999771118164,17.423999786376953,17.423999786376953,17.670000076293945,2600.0,17.670000076293945
2019-01-15,17.979999542236328,17.5,17.670000076293945,17.559999465942383,3000.0,17.559999465942383
2019-01-16,18.079999923706055,17.600000381469727,17.610000610351562,18.079999923706055,1500.0,18.079999923706055
2019-01-17,18.09000015258789,17.56999969482422,17.950000762939453,17.56999969482422,9200.0,17.56999969482422
2019-01-18,18.469999313354492,17.440000534057617,17.6299991607666,17.600000381469727,11300.0,17.600000381469727
2019-01-22,18.329999923706055,17.457000732421875,17.459999084472656,17.649999618530273,5400.0,17.649999618530273
2019-01-23,17.8799991607666,17.719999313354492,17.719999313354492,17.8799991607666,1100.0,17.8799991607666
2019-01-24,17.768999099731445,17.3700008392334,17.768999099731445,17.559999465942383,3100.0,17.559999465942383
2019-01-25,17.604999542236328,17.40999984741211,17.450000762939453,17.420000076293945,51900.0,17.420000076293945
2019-01-28,17.450000762939453,17.309999465942383,17.309999465942383,17.450000762939453,4500.0,17.450000762939453
2019-01-29,17.549999237060547,17.25,17.329999923706055,17.25,50000.0,17.25
2019-01-30,17.5,17.260000228881836,17.270000457763672,17.350000381469727,2400.0,17.350000381469727
2019-01-31,17.5,17.292999267578125,17.464000701904297,17.5,5600.0,17.5
2019-02-01,17.540000915527344,17.31999969482422,17.474000930786133,17.450000762939453,5500.0,17.450000762939453
2019-02-04,17.5,17.420000076293945,17.450000762939453,17.450000762939453,7700.0,17.450000762939453
2019-02-05,17.489999771118164,17.420000076293945,17.454999923706055,17.450000762939453,6100.0,17.450000762939453
2019-02-06,17.479999542236328,17.31999969482422,17.479999542236328,17.31999969482422,5800.0,17.31999969482422
2019-02-07,17.440000534057617,17.270000457763672,17.440000534057617,17.280000686645508,5100.0,17.280000686645508
2019-02-08,17.44499969482422,17.139999389648438,17.139999389648438,17.290000915527344,3100.0,17.290000915527344
2019-02-11,17.510000228881836,17.309999465942383,17.510000228881836,17.350000381469727,3700.0,17.350000381469727
2019-02-12,17.450000762939453,17.398000717163086,17.450000762939453,17.399999618530273,2100.0,17.399999618530273
2019-02-13,17.399999618530273,17.399999618530273,17.399999618530273,17.399999618530273,300.0,17.399999618530273
2019-02-14,17.450000762939453,17.420000076293945,17.420000076293945,17.450000762939453,8300.0,17.450000762939453
2019-02-15,17.75,17.459999084472656,17.459999084472656,17.459999084472656,31600.0,17.459999084472656
2019-02-19,17.59000015258789,17.469999313354492,17.5,17.59000015258789,10200.0,17.59000015258789
2019-02-20,17.649999618530273,17.56999969482422,17.56999969482422,17.600000381469727,15900.0,17.600000381469727
2019-02-21,17.665000915527344,17.600000381469727,17.665000915527344,17.65999984741211,14700.0,17.65999984741211
2019-02-22,17.8799991607666,17.600000381469727,17.799999237060547,17.8799991607666,62200.0,17.8799991607666
2019-02-25,17.989999771118164,17.65999984741211,17.81999969482422,17.739999771118164,4400.0,17.739999771118164
2019-02-26,17.75,17.68000030517578,17.68000030517578,17.68000030517578,6900.0,17.68000030517578
2019-02-27,17.860000610351562,17.6200008392334,17.68000030517578,17.729999542236328,10000.0,17.729999542236328
2019-02-28,17.90999984741211,17.729999542236328,17.90999984741211,17.75,3000.0,17.75
2019-03-01,17.920000076293945,17.770000457763672,17.770000457763672,17.770000457763672,9500.0,17.770000457763672
2019-03-04,17.812000274658203,17.65999984741211,17.690000534057617,17.65999984741211,20000.0,17.65999984741211
2019-03-05,17.75,17.65999984741211,17.65999984741211,17.65999984741211,4900.0,17.65999984741211
2019-03-06,17.739999771118164,17.65999984741211,17.65999984741211,17.65999984741211,7500.0,17.65999984741211
2019-03-07,17.6560001373291,17.610000610351562,17.6560001373291,17.610000610351562,900.0,17.610000610351562
2019-03-08,17.639999389648438,17.329999923706055,17.610000610351562,17.5,12400.0,17.5
2019-03-11,17.510000228881836,17.3700008392334,17.459999084472656,17.44499969482422,9500.0,17.44499969482422
2019-03-12,17.510000228881836,17.3700008392334,17.420000076293945,17.3700008392334,5800.0,17.3700008392334
2019-03-13,17.399999618530273,17.3700008392334,17.399999618530273,17.389999389648438,9000.0,17.389999389648438
2019-03-14,17.399999618530273,17.295000076293945,17.399999618530273,17.360000610351562,17000.0,17.360000610351562
2019-03-15,17.349000930786133,17.309999465942383,17.34000015258789,17.309999465942383,11200.0,17.309999465942383
2019-03-18,17.334999084472656,17.054000854492188,17.290000915527344,17.31999969482422,97400.0,17.31999969482422
2019-03-19,17.6200008392334,17.219999313354492,17.280000686645508,17.6200008392334,14800.0,17.6200008392334
2019-03-20,17.5,17.219999313354492,17.5,17.360000610351562,12000.0,17.360000610351562
2019-03-21,17.489999771118164,17.190000534057617,17.299999237060547,17.190000534057617,2500.0,17.190000534057617
2019-03-22,17.170000076293945,16.709999084472656,17.15999984741211,17.100000381469727,4700.0,17.100000381469727
2019-03-25,17.149999618530273,16.59000015258789,16.649999618530273,16.790000915527344,11100.0,16.790000915527344
2019-03-26,17.200000762939453,16.624000549316406,17.010000228881836,17.190000534057617,17800.0,17.190000534057617
2019-03-27,17.229999542236328,16.8799991607666,17.040000915527344,16.969999313354492,17900.0,16.969999313354492
2019-03-28,17.0,16.920000076293945,16.93400001525879,16.920000076293945,7600.0,16.920000076293945
2019-03-29,16.90999984741211,16.829999923706055,16.829999923706055,16.90999984741211,1700.0,16.90999984741211
2019-04-01,16.989999771118164,16.8700008392334,16.8700008392334,16.950000762939453,6800.0,16.950000762939453
2019-04-02,17.049999237060547,16.8700008392334,16.8700008392334,17.020000457763672,9000.0,17.020000457763672
2019-04-03,17.170000076293945,16.8700008392334,16.8799991607666,16.989999771118164,7200.0,16.989999771118164
2019-04-04,17.0,16.920000076293945,17.0,16.979999542236328,2100.0,16.979999542236328
2019-04-05,17.1299991607666,16.93000030517578,17.0,17.1299991607666,6000.0,17.1299991607666
2019-04-08,17.1200008392334,16.940000534057617,17.0,16.940000534057617,8400.0,16.940000534057617
2019-04-09,16.899999618530273,16.8700008392334,16.899999618530273,16.8700008392334,1100.0,16.8700008392334
2019-04-10,17.110000610351562,16.81999969482422,16.81999969482422,16.81999969482422,5100.0,16.81999969482422
2019-04-11,16.889999389648438,16.183000564575195,16.770000457763672,16.420000076293945,28600.0,16.420000076293945
2019-04-12,16.83799934387207,16.450000762939453,16.829999923706055,16.450000762939453,9800.0,16.450000762939453
2019-04-15,16.479999542236328,16.3700008392334,16.399999618530273,16.420000076293945,3000.0,16.420000076293945
2019-04-16,16.6299991607666,16.6299991607666,16.6299991607666,16.6299991607666,1400.0,16.6299991607666
2019-04-17,16.735000610351562,16.56999969482422,16.56999969482422,16.56999969482422,2700.0,16.56999969482422
2019-04-18,16.739999771118164,16.649999618530273,16.649999618530273,16.739999771118164,2400.0,16.739999771118164
2019-04-22,16.729999542236328,15.930000305175781,16.59000015258789,16.040000915527344,11500.0,16.040000915527344
2019-04-23,16.469999313354492,16.020000457763672,16.059999465942383,16.1299991607666,24000.0,16.1299991607666
2019-04-24,16.299999237060547,16.049999237060547,16.1200008392334,16.049999237060547,16400.0,16.049999237060547
2019-04-25,16.440000534057617,16.06999969482422,16.25,16.200000762939453,5800.0,16.200000762939453
2019-04-26,16.738000869750977,16.200000762939453,16.200000762939453,16.25,7400.0,16.25
2019-04-29,16.25,16.25,16.25,16.25,2600.0,16.25
2019-04-30,16.600000381469727,16.170000076293945,16.25,16.399999618530273,33200.0,16.399999618530273
2019-05-01,16.739999771118164,16.3799991607666,16.399999618530273,16.3799991607666,22300.0,16.3799991607666
2019-05-02,16.709999084472656,16.31999969482422,16.389999389648438,16.690000534057617,26900.0,16.690000534057617
2019-05-03,16.989999771118164,16.360000610351562,16.610000610351562,16.739999771118164,17200.0,16.739999771118164
2019-05-06,17.0,16.43000030517578,16.43000030517578,16.700000762939453,13100.0,16.700000762939453
2019-05-07,16.780000686645508,16.31999969482422,16.649999618530273,16.3799991607666,11400.0,16.3799991607666
2019-05-08,17.0,16.469999313354492,16.469999313354492,16.639999389648438,15500.0,16.639999389648438
2019-05-09,16.895000457763672,16.540000915527344,16.729999542236328,16.6299991607666,9700.0,16.6299991607666
2019-05-10,16.799999237060547,16.614999771118164,16.770000457763672,16.799999237060547,6300.0,16.799999237060547
2019-05-13,17.31999969482422,16.531999588012695,16.65999984741211,17.1299991607666,26800.0,17.1299991607666
2019-05-14,17.5,17.139999389648438,17.5,17.489999771118164,26600.0,17.489999771118164
2019-05-15,18.610000610351562,17.440000534057617,17.56999969482422,17.489999771118164,122900.0,17.489999771118164
2019-05-16,17.8700008392334,16.770000457763672,17.5,17.670000076293945,103800.0,17.670000076293945
2019-05-17,18.06999969482422,16.937999725341797,17.59000015258789,17.25,54600.0,17.25
2019-05-20,17.56999969482422,16.200000762939453,17.399999618530273,16.989999771118164,117400.0,16.989999771118164
2019-05-21,17.5,16.770000457763672,17.1200008392334,17.31999969482422,32200.0,17.31999969482422
2019-05-22,17.5,16.815000534057617,17.420000076293945,17.0,43300.0,17.0
2019-05-23,17.579999923706055,16.950000762939453,17.165000915527344,17.579999923706055,23200.0,17.579999923706055
2019-05-24,17.940000534057617,17.143999099731445,17.940000534057617,17.739999771118164,30400.0,17.739999771118164
2019-05-28,17.979999542236328,17.375,17.719999313354492,17.979999542236328,22100.0,17.979999542236328
2019-05-29,18.0,17.670000076293945,17.798999786376953,17.8799991607666,31100.0,17.8799991607666
2019-05-30,18.010000228881836,17.649999618530273,17.649999618530273,17.940000534057617,39600.0,17.940000534057617
2019-05-31,18.0,17.3700008392334,17.45800018310547,17.75,24000.0,17.75
2019-06-03,17.8700008392334,17.549999237060547,17.829999923706055,17.850000381469727,17400.0,17.850000381469727
2019-06-04,17.889999389648438,17.274999618530273,17.8799991607666,17.56999969482422,19400.0,17.56999969482422
2019-06-05,18.0,17.34000015258789,17.34000015258789,17.920000076293945,36600.0,17.920000076293945
2019-06-06,18.09000015258789,17.764999389648438,18.0,17.979999542236328,10900.0,17.979999542236328
2019-06-07,18.3700008392334,17.062000274658203,17.062000274658203,18.0,15700.0,18.0
2019-06-10,18.100000381469727,17.34000015258789,17.860000610351562,18.09000015258789,40800.0,18.09000015258789
2019-06-11,18.450000762939453,17.559999465942383,18.09000015258789,18.09000015258789,29700.0,18.09000015258789
2019-06-12,18.43000030517578,17.545000076293945,18.190000534057617,18.25,77800.0,18.25
2019-06-13,19.600000381469727,17.849000930786133,18.100000381469727,19.0,47800.0,19.0
2019-06-14,18.850000381469727,18.44499969482422,18.850000381469727,18.649999618530273,30000.0,18.649999618530273
2019-06-17,19.0,18.334999084472656,18.450000762939453,18.899999618530273,48400.0,18.899999618530273
2019-06-18,19.1299991607666,18.280000686645508,18.770000457763672,18.889999389648438,35700.0,18.889999389648438
2019-06-19,19.0,18.68000030517578,18.889999389648438,18.899999618530273,46200.0,18.899999618530273
2019-06-20,18.979999542236328,18.729999542236328,18.75,18.899999618530273,39400.0,18.899999618530273
2019-06-21,18.899999618530273,18.239999771118164,18.84000015258789,18.899999618530273,38300.0,18.899999618530273
2019-06-24,18.899999618530273,18.700000762939453,18.8799991607666,18.899999618530273,48300.0,18.899999618530273
2019-06-25,19.0,18.520000457763672,18.739999771118164,18.889999389648438,43200.0,18.889999389648438
2019-06-26,19.0,18.125,19.0,18.799999237060547,41600.0,18.799999237060547
2019-06-27,19.0,18.635000228881836,18.969999313354492,19.0,58000.0,19.0
2019-06-28,19.610000610351562,18.8799991607666,19.0,19.420000076293945,1241700.0,19.420000076293945
2019-07-01,19.59000015258789,18.950000762939453,19.579999923706055,19.209999084472656,38200.0,19.209999084472656
2019-07-02,19.43000030517578,18.860000610351562,19.3799991607666,19.1200008392334,25400.0,19.1200008392334
2019-07-03,18.969999313354492,18.764999389648438,18.829999923706055,18.770000457763672,7400.0,18.770000457763672
2019-07-05,19.1299991607666,18.739999771118164,18.760000228881836,19.1299991607666,36800.0,19.1299991607666
2019-07-08,19.280000686645508,18.979999542236328,19.1200008392334,19.15999984741211,86400.0,19.15999984741211
2019-07-09,19.280000686645508,18.950000762939453,18.950000762939453,19.209999084472656,21000.0,19.209999084472656
2019-07-10,19.28499984741211,18.989999771118164,19.18000030517578,19.09000015258789,13400.0,19.09000015258789
2019-07-11,19.229999542236328,18.893999099731445,18.989999771118164,19.219999313354492,21800.0,19.219999313354492
2019-07-12,19.520000457763672,19.200000762939453,19.275999069213867,19.5,76800.0,19.5
2019-07-15,19.639999389648438,19.049999237060547,19.5,19.209999084472656,70800.0,19.209999084472656
2019-07-16,19.389999389648438,18.90999984741211,19.239999771118164,19.059999465942383,16200.0,19.059999465942383
2019-07-17,19.219999313354492,18.81999969482422,19.079999923706055,18.989999771118164,23600.0,18.989999771118164
2019-07-18,19.100000381469727,18.735000610351562,18.950000762939453,18.989999771118164,10400.0,18.989999771118164
2019-07-19,18.780000686645508,18.030000686645508,18.780000686645508,18.350000381469727,18500.0,18.350000381469727
2019-07-22,17.790000915527344,16.350000381469727,16.68000030517578,17.25,60500.0,17.25
2019-07-23,17.229999542236328,17.010000228881836,17.200000762939453,17.18000030517578,10400.0,17.18000030517578
2019-07-24,17.8700008392334,17.06999969482422,17.06999969482422,17.59000015258789,22000.0,17.59000015258789
2019-07-25,17.6200008392334,17.020000457763672,17.229999542236328,17.059999465942383,32200.0,17.059999465942383
2019-07-26,17.829999923706055,17.059999465942383,17.059999465942383,17.5,17600.0,17.5
2019-07-29,17.600000381469727,17.049999237060547,17.34000015258789,17.149999618530273,66600.0,17.149999618530273
2019-07-30,17.700000762939453,17.079999923706055,17.079999923706055,17.520000457763672,16300.0,17.520000457763672
2019-07-31,18.299999237060547,17.479999542236328,17.530000686645508,18.020000457763672,17500.0,18.020000457763672
2019-08-01,17.950000762939453,17.1200008392334,17.93000030517578,17.1299991607666,16100.0,17.1299991607666
2019-08-02,17.674999237060547,17.15999984741211,17.190000534057617,17.549999237060547,10300.0,17.549999237060547
2019-08-05,17.420000076293945,17.049999237060547,17.309999465942383,17.079999923706055,15900.0,17.079999923706055
2019-08-06,17.350000381469727,16.950000762939453,17.260000228881836,17.040000915527344,12400.0,17.040000915527344
2019-08-07,17.25,16.81999969482422,16.920000076293945,16.829999923706055,11400.0,16.829999923706055
2019-08-08,17.3700008392334,16.950000762939453,16.989999771118164,17.0,11800.0,17.0
2019-08-09,17.579999923706055,17.0,17.424999237060547,17.350000381469727,15800.0,17.350000381469727
2019-08-12,17.709999084472656,17.219999313354492,17.219999313354492,17.309999465942383,10800.0,17.309999465942383
2019-08-13,18.139999389648438,17.399999618530273,17.399999618530273,17.600000381469727,18500.0,17.600000381469727
2019-08-14,17.799999237060547,17.020000457763672,17.489999771118164,17.079999923706055,32000.0,17.079999923706055
2019-08-15,17.3799991607666,16.860000610351562,17.350000381469727,16.959999084472656,10900.0,16.959999084472656
2019-08-16,17.040000915527344,16.579999923706055,17.020000457763672,16.8700008392334,17600.0,16.8700008392334
2019-08-19,17.25,16.93000030517578,16.979999542236328,17.0,109600.0,17.0
2019-08-20,16.959999084472656,16.6200008392334,16.81999969482422,16.8700008392334,9100.0,16.8700008392334
2019-08-21,17.020000457763672,16.75,16.860000610351562,17.0,12100.0,17.0
2019-08-22,17.0,16.75,17.0,16.8799991607666,9800.0,16.8799991607666
2019-08-23,16.815000534057617,16.5,16.6200008392334,16.549999237060547,27200.0,16.549999237060547
2019-08-26,16.899999618530273,16.5,16.520000457763672,16.59000015258789,21600.0,16.59000015258789
2019-08-27,16.670000076293945,16.31999969482422,16.5,16.5,25100.0,16.5
2019-08-28,16.520000457763672,16.350000381469727,16.459999084472656,16.469999313354492,31700.0,16.469999313354492
2019-08-29,16.899999618530273,16.469999313354492,16.559999465942383,16.889999389648438,26100.0,16.889999389648438
2019-08-30,16.790000915527344,16.350000381469727,16.780000686645508,16.549999237060547,14000.0,16.549999237060547
2019-09-03,16.559999465942383,16.170000076293945,16.469999313354492,16.25,13300.0,16.25
2019-09-04,16.479999542236328,16.200000762939453,16.25,16.3799991607666,12200.0,16.3799991607666
2019-09-05,16.90999984741211,16.200000762939453,16.43000030517578,16.549999237060547,16900.0,16.549999237060547
2019-09-06,16.93000030517578,16.5,16.690000534057617,16.549999237060547,4400.0,16.549999237060547
2019-09-09,18.559999465942383,16.719999313354492,16.719999313354492,17.799999237060547,62500.0,17.799999237060547
2019-09-10,18.899999618530273,17.6200008392334,17.6200008392334,18.75,33600.0,18.75
2019-09-11,19.139999389648438,18.524999618530273,18.75,18.81999969482422,50800.0,18.81999969482422
2019-09-12,19.1200008392334,18.31999969482422,18.31999969482422,18.889999389648438,56800.0,18.889999389648438
2019-09-13,19.489999771118164,18.6299991607666,18.8799991607666,19.299999237060547,54100.0,19.299999237060547
2019-09-16,19.5,19.030000686645508,19.030000686645508,19.350000381469727,53400.0,19.350000381469727
2019-09-17,19.6200008392334,19.014999389648438,19.020000457763672,19.350000381469727,48700.0,19.350000381469727
2019-09-18,19.479999542236328,19.1299991607666,19.360000610351562,19.299999237060547,47100.0,19.299999237060547
2019-09-19,19.450000762939453,18.549999237060547,19.0,19.290000915527344,41800.0,19.290000915527344
2019-09-20,19.389999389648438,18.579999923706055,19.229999542236328,18.68000030517578,236000.0,18.68000030517578
2019-09-23,18.80699920654297,17.920000076293945,18.600000381469727,18.15999984741211,30900.0,18.15999984741211
2019-09-24,18.059999465942383,17.31999969482422,18.059999465942383,17.489999771118164,32500.0,17.489999771118164
2019-09-25,17.979999542236328,17.360000610351562,17.360000610351562,17.81999969482422,20900.0,17.81999969482422
2019-09-26,17.899999618530273,17.469999313354492,17.690000534057617,17.670000076293945,12800.0,17.670000076293945
2019-09-27,17.889999389648438,17.469999313354492,17.68000030517578,17.549999237060547,18300.0,17.549999237060547
2019-09-30,17.6200008392334,17.459999084472656,17.489999771118164,17.559999465942383,19600.0,17.559999465942383
2019-10-01,17.8799991607666,17.549999237060547,17.65999984741211,17.579999923706055,18700.0,17.579999923706055
2019-10-02,17.584999084472656,16.899999618530273,17.520000457763672,17.270000457763672,33500.0,17.270000457763672
2019-10-03,17.139999389648438,16.700000762939453,17.110000610351562,16.850000381469727,19500.0,16.850000381469727
2019-10-04,17.479999542236328,16.760000228881836,16.780000686645508,17.3700008392334,9900.0,17.3700008392334
2019-10-07,17.540000915527344,17.270000457763672,17.270000457763672,17.350000381469727,10000.0,17.350000381469727
2019-10-08,17.399999618530273,17.049999237060547,17.219999313354492,17.299999237060547,19600.0,17.299999237060547
2019-10-09,17.510000228881836,17.260000228881836,17.350000381469727,17.40999984741211,8300.0,17.40999984741211
2019-10-10,17.6299991607666,17.399999618530273,17.469999313354492,17.399999618530273,19500.0,17.399999618530273
2019-10-11,17.899999618530273,17.610000610351562,17.6200008392334,17.670000076293945,15600.0,17.670000076293945
2019-10-14,17.790000915527344,17.5,17.559999465942383,17.739999771118164,4100.0,17.739999771118164
2019-10-15,17.920000076293945,17.520000457763672,17.565000534057617,17.899999618530273,11500.0,17.899999618530273
2019-10-16,17.899999618530273,17.780000686645508,17.780000686645508,17.780000686645508,9900.0,17.780000686645508
2019-10-17,17.799999237060547,17.56999969482422,17.790000915527344,17.649999618530273,14800.0,17.649999618530273
2019-10-18,17.621999740600586,17.329999923706055,17.549999237060547,17.459999084472656,42100.0,17.459999084472656
2019-10-21,17.6200008392334,17.410999298095703,17.6200008392334,17.469999313354492,26100.0,17.469999313354492
2019-10-22,17.5,17.360000610351562,17.360000610351562,17.43000030517578,6700.0,17.43000030517578
2019-10-23,17.469999313354492,17.299999237060547,17.31999969482422,17.469999313354492,4000.0,17.469999313354492
2019-10-24,17.31999969482422,17.200000762939453,17.260000228881836,17.270000457763672,8700.0,17.270000457763672
2019-10-25,17.5,17.25,17.25,17.280000686645508,3200.0,17.280000686645508
2019-10-28,17.5,17.239999771118164,17.239999771118164,17.440000534057617,4900.0,17.440000534057617
2019-10-29,17.5,17.299999237060547,17.309999465942383,17.299999237060547,12600.0,17.299999237060547
2019-10-30,17.3799991607666,17.229999542236328,17.260000228881836,17.299999237060547,36700.0,17.299999237060547
2019-10-31,17.290000915527344,17.100000381469727,17.260000228881836,17.219999313354492,16900.0,17.219999313354492
2019-11-01,17.299999237060547,17.079999923706055,17.260000228881836,17.239999771118164,11500.0,17.239999771118164
2019-11-04,17.309999465942383,16.719999313354492,17.239999771118164,17.209999084472656,25100.0,17.209999084472656
2019-11-05,17.610000610351562,17.110000610351562,17.110000610351562,17.299999237060547,15500.0,17.299999237060547
2019-11-06,17.299999237060547,17.190000534057617,17.299999237060547,17.190000534057617,19000.0,17.190000534057617
2019-11-07,17.5,17.170000076293945,17.31999969482422,17.350000381469727,15500.0,17.350000381469727
2019-11-08,17.399999618530273,17.27199935913086,17.27199935913086,17.280000686645508,14300.0,17.280000686645508
2019-11-11,17.3799991607666,17.290000915527344,17.347000122070312,17.3799991607666,4600.0,17.3799991607666
2019-11-12,17.399999618530273,17.329999923706055,17.329999923706055,17.350000381469727,11500.0,17.350000381469727
2019-11-13,17.389999389648438,17.270000457763672,17.270000457763672,17.3700008392334,3500.0,17.3700008392334
2019-11-14,17.450000762939453,17.385000228881836,17.43000030517578,17.389999389648438,10600.0,17.389999389648438
2019-11-15,17.625,17.280000686645508,17.5,17.350000381469727,8300.0,17.350000381469727
2019-11-18,17.357999801635742,17.219999313354492,17.357999801635742,17.239999771118164,6100.0,17.239999771118164
2019-11-19,17.514999389648438,17.170000076293945,17.170000076293945,17.280000686645508,18700.0,17.280000686645508
2019-11-20,17.315000534057617,17.059999465942383,17.190000534057617,17.059999465942383,37200.0,17.059999465942383
2019-11-21,17.15999984741211,17.059999465942383,17.1299991607666,17.06999969482422,6500.0,17.06999969482422
2019-11-22,17.200000762939453,17.020000457763672,17.200000762939453,17.030000686645508,2400.0,17.030000686645508
2019-11-25,17.479999542236328,17.13800048828125,17.200000762939453,17.209999084472656,19700.0,17.209999084472656
2019-11-26,17.479000091552734,17.110000610351562,17.219999313354492,17.110000610351562,13700.0,17.110000610351562
2019-11-27,17.299999237060547,17.170000076293945,17.25,17.299999237060547,7400.0,17.299999237060547
2019-11-29,17.264999389648438,17.020000457763672,17.15999984741211,17.1299991607666,9800.0,17.1299991607666
2019-12-02,17.204999923706055,17.0,17.18000030517578,17.079999923706055,143400.0,17.079999923706055
2019-12-03,17.065000534057617,16.690000534057617,17.0,16.93000030517578,28400.0,16.93000030517578
2019-12-04,17.079999923706055,16.8700008392334,17.079999923706055,16.8700008392334,5900.0,16.8700008392334
2019-12-05,17.014999389648438,16.823999404907227,17.014999389648438,16.90999984741211,3700.0,16.90999984741211
2019-12-06,17.139999389648438,16.934999465942383,16.979999542236328,16.950000762939453,52300.0,16.950000762939453
2019-12-09,17.09000015258789,16.860000610351562,16.8700008392334,16.93000030517578,74800.0,16.93000030517578
2019-12-10,17.579999923706055,16.860000610351562,17.059999465942383,17.3700008392334,14400.0,17.3700008392334
2019-12-11,17.34000015258789,16.915000915527344,17.34000015258789,17.0,16000.0,17.0
2019-12-12,17.239999771118164,16.979999542236328,17.0,17.100000381469727,36400.0,17.100000381469727
2019-12-13,17.200000762939453,16.920000076293945,17.020000457763672,17.040000915527344,14400.0,17.040000915527344
2019-12-16,17.31999969482422,16.940000534057617,17.09000015258789,17.149999618530273,43800.0,17.149999618530273
2019-12-17,17.385000228881836,17.0,17.1200008392334,17.1200008392334,106100.0,17.1200008392334
2019-12-18,17.420000076293945,17.020000457763672,17.200000762939453,17.25,113800.0,17.25
2019-12-19,17.56999969482422,17.149999618530273,17.149999618530273,17.450000762939453,33800.0,17.450000762939453
2019-12-20,17.6200008392334,17.450000762939453,17.450000762939453,17.469999313354492,84700.0,17.469999313354492
2019-12-23,17.5,17.450000762939453,17.479999542236328,17.5,11000.0,17.5
2019-12-24,17.5,17.360000610351562,17.360000610351562,17.5,3500.0,17.5
2019-12-26,17.540000915527344,17.3799991607666,17.540000915527344,17.3799991607666,11200.0,17.3799991607666
2019-12-27,17.530000686645508,17.280000686645508,17.489999771118164,17.280000686645508,53000.0,17.280000686645508
2019-12-30,17.5,17.350000381469727,17.350000381469727,17.450000762939453,20000.0,17.450000762939453
2019-12-31,17.527999877929688,17.40999984741211,17.474000930786133,17.469999313354492,47100.0,17.469999313354492
2020-01-02,17.469999313354492,17.1200008392334,17.469999313354492,17.350000381469727,15100.0,17.350000381469727
2020-01-03,17.489999771118164,17.1299991607666,17.1299991607666,17.290000915527344,17400.0,17.290000915527344
2020-01-06,17.549999237060547,17.1200008392334,17.1200008392334,17.520000457763672,62000.0,17.520000457763672
2020-01-07,17.559999465942383,17.31100082397461,17.420000076293945,17.350000381469727,18700.0,17.350000381469727
2020-01-08,17.450000762939453,17.191999435424805,17.191999435424805,17.389999389648438,31100.0,17.389999389648438
2020-01-09,17.639999389648438,17.3700008392334,17.639999389648438,17.5,6800.0,17.5
2020-01-10,17.459999084472656,16.950000762939453,17.389999389648438,17.280000686645508,38700.0,17.280000686645508
2020-01-13,17.3799991607666,17.100000381469727,17.219999313354492,17.3799991607666,16100.0,17.3799991607666
2020-01-14,17.280000686645508,17.15999984741211,17.273000717163086,17.209999084472656,7600.0,17.209999084472656
2020-01-15,17.34000015258789,17.06999969482422,17.170000076293945,17.149999618530273,28100.0,17.149999618530273
2020-01-16,17.280000686645508,16.670000076293945,17.280000686645508,16.920000076293945,49900.0,16.920000076293945
2020-01-17,17.079999923706055,16.799999237060547,16.899999618530273,16.889999389648438,37500.0,16.889999389648438
2020-01-21,16.799999237060547,16.240999221801758,16.799999237060547,16.530000686645508,44100.0,16.530000686645508
2020-01-22,16.81999969482422,16.530000686645508,16.729999542236328,16.81999969482422,17000.0,16.81999969482422
2020-01-23,16.790000915527344,16.530000686645508,16.530000686645508,16.649999618530273,23100.0,16.649999618530273
2020-01-24,17.0049991607666,16.690000534057617,16.889999389648438,16.700000762939453,11400.0,16.700000762939453
2020-01-27,16.700000762939453,16.559999465942383,16.610000610351562,16.579999923706055,7900.0,16.579999923706055
2020-01-28,16.700000762939453,16.3700008392334,16.700000762939453,16.375,14100.0,16.375
2020-01-29,16.31999969482422,16.200000762939453,16.315000534057617,16.229999542236328,21900.0,16.229999542236328
2020-01-30,16.239999771118164,16.100000381469727,16.100000381469727,16.239999771118164,13800.0,16.239999771118164
2020-01-31,16.219999313354492,15.949999809265137,16.110000610351562,15.949999809265137,16200.0,15.949999809265137
2020-02-03,16.110000610351562,15.949999809265137,16.110000610351562,15.949999809265137,9900.0,15.949999809265137
2020-02-04,16.649999618530273,15.949999809265137,16.190000534057617,16.360000610351562,46300.0,16.360000610351562
2020-02-05,17.010000228881836,16.579999923706055,16.600000381469727,17.010000228881836,26700.0,17.010000228881836
2020-02-06,17.09000015258789,16.65999984741211,17.09000015258789,16.68000030517578,18200.0,16.68000030517578
2020-02-07,16.950000762939453,16.604999542236328,16.799999237060547,16.690000534057617,16700.0,16.690000534057617
2020-02-10,16.790000915527344,16.610000610351562,16.610000610351562,16.700000762939453,11300.0,16.700000762939453
2020-02-11,16.90999984741211,16.610000610351562,16.799999237060547,16.649999618530273,85000.0,16.649999618530273
2020-02-12,16.854999542236328,16.75,16.81999969482422,16.850000381469727,11500.0,16.850000381469727
2020-02-13,17.0,16.760000228881836,16.850000381469727,16.940000534057617,4900.0,16.940000534057617
2020-02-14,17.0,16.6299991607666,16.979999542236328,16.649999618530273,12400.0,16.649999618530273
2020-02-18,16.75,16.469999313354492,16.75,16.639999389648438,37900.0,16.639999389648438
2020-02-19,16.760000228881836,16.479999542236328,16.760000228881836,16.540000915527344,12400.0,16.540000915527344
2020-02-20,16.770000457763672,16.510000228881836,16.510000228881836,16.770000457763672,18900.0,16.770000457763672
2020-02-21,17.049999237060547,16.700000762939453,16.81999969482422,17.020000457763672,94400.0,17.020000457763672
2020-02-24,16.67099952697754,16.260000228881836,16.670000076293945,16.329999923706055,9500.0,16.329999923706055
2020-02-25,16.5,16.200000762939453,16.309999465942383,16.5,24000.0,16.5
2020-02-26,16.729999542236328,16.020000457763672,16.450000762939453,16.040000915527344,9800.0,16.040000915527344
2020-02-27,15.949999809265137,15.329999923706055,15.949999809265137,15.399999618530273,117300.0,15.399999618530273
2020-02-28,15.619999885559082,14.550000190734863,15.029999732971191,15.430000305175781,99900.0,15.430000305175781
2020-03-02,15.729999542236328,15.130000114440918,15.34000015258789,15.609999656677246,15000.0,15.609999656677246
2020-03-03,15.835000038146973,15.029999732971191,15.4399995803833,15.119999885559082,19700.0,15.119999885559082
2020-03-04,15.5600004196167,15.050000190734863,15.057000160217285,15.520000457763672,15000.0,15.520000457763672
2020-03-05,15.399999618530273,14.899999618530273,15.0600004196167,15.020000457763672,29200.0,15.020000457763672
2020-03-06,15.420000076293945,14.710000038146973,14.710000038146973,15.149999618530273,115000.0,15.149999618530273
2020-03-09,15.229999542236328,13.260000228881836,14.5600004196167,13.479999542236328,37300.0,13.479999542236328
2020-03-10,14.680000305175781,13.579999923706055,13.800000190734863,13.729999542236328,23500.0,13.729999542236328
2020-03-11,13.800000190734863,13.0,13.569999694824219,13.329999923706055,23400.0,13.329999923706055
2020-03-12,12.319999694824219,11.762999534606934,12.3100004196167,12.029999732971191,201300.0,12.029999732971191
2020-03-13,13.0,12.199999809265137,12.569999694824219,12.859999656677246,41700.0,12.859999656677246
2020-03-16,11.239999771118164,9.270000457763672,9.869999885559082,10.220000267028809,33100.0,10.220000267028809
2020-03-17,14.399999618530273,10.260000228881836,10.729999542236328,14.399999618530273,49200.0,14.399999618530273
2020-03-18,13.5,11.5,13.5,11.510000228881836,47800.0,11.510000228881836
2020-03-19,12.050000190734863,10.600000381469727,11.020000457763672,11.6899995803833,54500.0,11.6899995803833
2020-03-20,12.984999656677246,11.8100004196167,11.8100004196167,12.109999656677246,68500.0,12.109999656677246
2020-03-23,11.989999771118164,11.279999732971191,11.75,11.529999732971191,18600.0,11.529999732971191
2020-03-24,13.65999984741211,11.149999618530273,11.680000305175781,13.65999984741211,33300.0,13.65999984741211
2020-03-25,14.399999618530273,11.84000015258789,13.149999618530273,14.130000114440918,21200.0,14.130000114440918
2020-03-26,14.0,13.015000343322754,13.960000038146973,13.899999618530273,20000.0,13.899999618530273
2020-03-27,13.40999984741211,11.9399995803833,13.369999885559082,12.1899995803833,29400.0,12.1899995803833
2020-03-30,12.880000114440918,11.460000038146973,12.489999771118164,11.739999771118164,19000.0,11.739999771118164
2020-03-31,13.489999771118164,11.520000457763672,11.520000457763672,13.319999694824219,17400.0,13.319999694824219
2020-04-01,13.270000457763672,11.510000228881836,13.270000457763672,11.739999771118164,18900.0,11.739999771118164
2020-04-02,12.288000106811523,11.4399995803833,11.4399995803833,11.600000381469727,16000.0,11.600000381469727
2020-04-03,11.75,10.199999809265137,11.510000228881836,10.619999885559082,59100.0,10.619999885559082
2020-04-06,11.789999961853027,10.760000228881836,11.600000381469727,11.75,36100.0,11.75
2020-04-07,11.960000038146973,10.470000267028809,11.960000038146973,11.0,15100.0,11.0
2020-04-08,11.989999771118164,11.15999984741211,11.420000076293945,11.869999885559082,21200.0,11.869999885559082
2020-04-09,13.295000076293945,11.5,11.569999694824219,12.979999542236328,22100.0,12.979999542236328
2020-04-13,12.489999771118164,11.449999809265137,12.399999618530273,11.529999732971191,10500.0,11.529999732971191
2020-04-14,12.119999885559082,11.289999961853027,11.829999923706055,11.3100004196167,26700.0,11.3100004196167
2020-04-15,11.385000228881836,10.194999694824219,11.350000381469727,10.5600004196167,30400.0,10.5600004196167
2020-04-16,10.460000038146973,9.75,10.289999961853027,10.140000343322754,32100.0,10.140000343322754
2020-04-17,10.539999961853027,9.890000343322754,10.390000343322754,10.100000381469727,90300.0,10.100000381469727
2020-04-20,10.640000343322754,9.850000381469727,9.850000381469727,10.229999542236328,22100.0,10.229999542236328
2020-04-21,10.100000381469727,9.800000190734863,9.859999656677246,10.069999694824219,13600.0,10.069999694824219
2020-04-22,10.510000228881836,10.079999923706055,10.140000343322754,10.260000228881836,15200.0,10.260000228881836
2020-04-23,10.395000457763672,9.949999809265137,10.149999618530273,10.09000015258789,11900.0,10.09000015258789
2020-04-24,10.619999885559082,9.949999809265137,10.0600004196167,10.3100004196167,7500.0,10.3100004196167
2020-04-27,12.170000076293945,10.6899995803833,10.729999542236328,12.170000076293945,15000.0,12.170000076293945
2020-04-28,12.15999984741211,10.5600004196167,11.65999984741211,11.930000305175781,11300.0,11.930000305175781
2020-04-29,13.479999542236328,11.65999984741211,12.0,13.020000457763672,33200.0,13.020000457763672
2020-04-30,12.420000076293945,11.0,12.420000076293945,11.510000228881836,16300.0,11.510000228881836
2020-05-01,11.520000457763672,11.039999961853027,11.039999961853027,11.479999542236328,24000.0,11.479999542236328
2020-05-04,11.579999923706055,11.119999885559082,11.1899995803833,11.579999923706055,10300.0,11.579999923706055
2020-05-05,11.880000114440918,10.75,11.670000076293945,10.75,14400.0,10.75
2020-05-06,10.930000305175781,10.180000305175781,10.930000305175781,10.460000038146973,24200.0,10.460000038146973
2020-05-07,10.9399995803833,10.4350004196167,10.75,10.699999809265137,18700.0,10.699999809265137
2020-05-08,12.4399995803833,10.140000343322754,10.989999771118164,10.979999542236328,26700.0,10.979999542236328
2020-05-11,11.100000381469727,10.140000343322754,10.869999885559082,10.460000038146973,28900.0,10.460000038146973
2020-05-12,10.553999900817871,9.979999542236328,10.1899995803833,10.0,39400.0,10.0
2020-05-13,10.104999542236328,9.699999809265137,10.0,10.050000190734863,36100.0,10.050000190734863
2020-05-14,10.649999618530273,9.510000228881836,9.779999732971191,10.649999618530273,28700.0,10.649999618530273
2020-05-15,11.079999923706055,10.420000076293945,10.529999732971191,11.010000228881836,26300.0,11.010000228881836
2020-05-18,12.289999961853027,11.135000228881836,11.4399995803833,12.119999885559082,26500.0,12.119999885559082
2020-05-19,11.829999923706055,10.399999618530273,11.829999923706055,10.40999984741211,10900.0,10.40999984741211
2020-05-20,11.970000267028809,10.9399995803833,11.180000305175781,11.699999809265137,16400.0,11.699999809265137
2020-05-21,11.699999809265137,11.199999809265137,11.550000190734863,11.350000381469727,8700.0,11.350000381469727
2020-05-22,11.489999771118164,10.680000305175781,11.489999771118164,11.050000190734863,19200.0,11.050000190734863
2020-05-26,11.774999618530273,10.949999809265137,11.489999771118164,11.149999618530273,19300.0,11.149999618530273
2020-05-27,11.545000076293945,11.255000114440918,11.364999771118164,11.300000190734863,26000.0,11.300000190734863
2020-05-28,11.649999618530273,11.069999694824219,11.550000190734863,11.359999656677246,16100.0,11.359999656677246
2020-05-29,11.579999923706055,11.0600004196167,11.1899995803833,11.130000114440918,7600.0,11.130000114440918
2020-06-01,11.265000343322754,10.920000076293945,11.210000038146973,10.920000076293945,17200.0,10.920000076293945
2020-06-02,11.130000114440918,10.600000381469727,11.079999923706055,10.600000381469727,9400.0,10.600000381469727
2020-06-03,11.170000076293945,10.800000190734863,11.020000457763672,10.829999923706055,19400.0,10.829999923706055
2020-06-04,10.850000381469727,10.569999694824219,10.729999542236328,10.739999771118164,13900.0,10.739999771118164
2020-06-05,11.449999809265137,11.180000305175781,11.180000305175781,11.369999885559082,78600.0,11.369999885559082
2020-06-08,11.819999694824219,11.5,11.59000015258789,11.819999694824219,20000.0,11.819999694824219
2020-06-09,11.75,11.270000457763672,11.520000457763672,11.75,39500.0,11.75
2020-06-10,11.699999809265137,11.210000038146973,11.600000381469727,11.3100004196167,14400.0,11.3100004196167
2020-06-11,10.970000267028809,10.180000305175781,10.970000267028809,10.289999961853027,33000.0,10.289999961853027
2020-06-12,10.779999732971191,10.15999984741211,10.779999732971191,10.350000381469727,30400.0,10.350000381469727
2020-06-15,10.770000457763672,10.010000228881836,10.010000228881836,10.649999618530273,12600.0,10.649999618530273
2020-06-16,11.513999938964844,10.729999542236328,11.1899995803833,11.149999618530273,9900.0,11.149999618530273
2020-06-17,11.1899995803833,10.399999618530273,11.1899995803833,10.529999732971191,9700.0,10.529999732971191
2020-06-18,10.550000190734863,10.359999656677246,10.399999618530273,10.550000190734863,14400.0,10.550000190734863
2020-06-19,10.640000343322754,10.0,10.640000343322754,10.600000381469727,56500.0,10.600000381469727
2020-06-22,10.873000144958496,10.319999694824219,10.380000114440918,10.520000457763672,23300.0,10.520000457763672
2020-06-23,10.609999656677246,10.25,10.609999656677246,10.390000343322754,14000.0,10.390000343322754
2020-06-24,10.630000114440918,9.975000381469727,10.229999542236328,10.09000015258789,25400.0,10.09000015258789
2020-06-25,10.270000457763672,10.020000457763672,10.020000457763672,10.270000457763672,16600.0,10.270000457763672
2020-06-26,10.15999984741211,9.819999694824219,10.15999984741211,9.920000076293945,104600.0,9.920000076293945
2020-06-29,10.119999885559082,10.0,10.079999923706055,10.119999885559082,55000.0,10.119999885559082
2020-06-30,10.770000457763672,10.050000190734863,10.050000190734863,10.760000228881836,11600.0,10.760000228881836
2020-07-01,10.989999771118164,10.460000038146973,10.649999618530273,10.989999771118164,17600.0,10.989999771118164
2020-07-02,11.0,10.319999694824219,11.0,10.470000267028809,11600.0,10.470000267028809
2020-07-06,10.885000228881836,10.420000076293945,10.720000267028809,10.739999771118164,10800.0,10.739999771118164
2020-07-07,10.574999809265137,10.3100004196167,10.569999694824219,10.3100004196167,11000.0,10.3100004196167
2020-07-08,10.430000305175781,10.029999732971191,10.260000228881836,10.069999694824219,17000.0,10.069999694824219
2020-07-09,10.105999946594238,9.699999809265137,10.0600004196167,9.949999809265137,22500.0,9.949999809265137
2020-07-10,10.170000076293945,9.90999984741211,9.90999984741211,10.170000076293945,8300.0,10.170000076293945
2020-07-13,10.4399995803833,10.0600004196167,10.229999542236328,10.170000076293945,7200.0,10.170000076293945
2020-07-14,10.4399995803833,9.970000267028809,9.970000267028809,10.3100004196167,8100.0,10.3100004196167
2020-07-15,11.234999656677246,10.399999618530273,10.550000190734863,10.989999771118164,27800.0,10.989999771118164
2020-07-16,10.979999542236328,10.399999618530273,10.979999542236328,10.399999618530273,15100.0,10.399999618530273
2020-07-17,10.5,10.319999694824219,10.319999694824219,10.34000015258789,8100.0,10.34000015258789
2020-07-20,10.520000457763672,10.3100004196167,10.520000457763672,10.3100004196167,4600.0,10.3100004196167
2020-07-21,10.649999618530273,10.399999618530273,10.399999618530273,10.649999618530273,5000.0,10.649999618530273
2020-07-22,10.899999618530273,10.510000228881836,10.510000228881836,10.850000381469727,6000.0,10.850000381469727
2020-07-23,11.029999732971191,10.760000228881836,10.760000228881836,10.8100004196167,22900.0,10.8100004196167
2020-07-24,11.0,10.40999984741211,11.0,10.40999984741211,13900.0,10.40999984741211
2020-07-27,10.515000343322754,10.100000381469727,10.479999542236328,10.5,6600.0,10.5
2020-07-28,10.557999610900879,10.100000381469727,10.359999656677246,10.100000381469727,13700.0,10.100000381469727
2020-07-29,10.354999542236328,10.09000015258789,10.210000038146973,10.09000015258789,8200.0,10.09000015258789
2020-07-30,10.53499984741211,10.010000228881836,10.050000190734863,10.100000381469727,10600.0,10.100000381469727
2020-07-31,10.0600004196167,9.859999656677246,10.0600004196167,9.859999656677246,13800.0,9.859999656677246
2020-08-03,10.100000381469727,9.819999694824219,10.0,9.9399995803833,8600.0,9.9399995803833
2020-08-04,10.069999694824219,9.850000381469727,9.850000381469727,9.869999885559082,11200.0,9.869999885559082
2020-08-05,10.050000190734863,9.970000267028809,9.970000267028809,10.029999732971191,5200.0,10.029999732971191
2020-08-06,10.25,9.899999618530273,10.0,9.899999618530273,90100.0,9.899999618530273
2020-08-07,10.270000457763672,9.880000114440918,9.880000114440918,10.15999984741211,8500.0,10.15999984741211
2020-08-10,10.220000267028809,9.949999809265137,10.220000267028809,10.149999618530273,10600.0,10.149999618530273
2020-08-11,11.0,10.3100004196167,10.3100004196167,10.369999885559082,6100.0,10.369999885559082
2020-08-12,10.729999542236328,10.520000457763672,10.520000457763672,10.729999542236328,3700.0,10.729999542236328
2020-08-13,11.0,10.3100004196167,10.579999923706055,10.710000038146973,3800.0,10.710000038146973
2020-08-14,10.899999618530273,10.600000381469727,10.600000381469727,10.880000114440918,3700.0,10.880000114440918
2020-08-17,11.350000381469727,10.718999862670898,11.350000381469727,10.770000457763672,3700.0,10.770000457763672
2020-08-18,11.0,10.609999656677246,10.859999656677246,10.699999809265137,2700.0,10.699999809265137
2020-08-19,11.145000457763672,10.800000190734863,11.145000457763672,10.90999984741211,5000.0,10.90999984741211
2020-08-20,11.0,10.75,10.779999732971191,10.890000343322754,3600.0,10.890000343322754
2020-08-21,11.322999954223633,10.5,10.789999961853027,10.619999885559082,10600.0,10.619999885559082
2020-08-24,10.75,10.619999885559082,10.75,10.619999885559082,3100.0,10.619999885559082
2020-08-25,10.760000228881836,10.619999885559082,10.760000228881836,10.619999885559082,2700.0,10.619999885559082
2020-08-26,10.989999771118164,10.640000343322754,10.847000122070312,10.6899995803833,4700.0,10.6899995803833
2020-08-27,11.11299991607666,10.649999618530273,10.75,10.84000015258789,12400.0,10.84000015258789
2020-08-28,11.199999809265137,10.359999656677246,10.699999809265137,10.640000343322754,12000.0,10.640000343322754
2020-08-31,10.739999771118164,10.539999961853027,10.5600004196167,10.539999961853027,10700.0,10.539999961853027
2020-09-01,10.739999771118164,10.489999771118164,10.489999771118164,10.739999771118164,4200.0,10.739999771118164
2020-09-02,10.729999542236328,10.600000381469727,10.640000343322754,10.729999542236328,5300.0,10.729999542236328
2020-09-03,10.600000381469727,10.329999923706055,10.600000381469727,10.399999618530273,17700.0,10.399999618530273
2020-09-04,10.600000381469727,10.319999694824219,10.550000190734863,10.550000190734863,13100.0,10.550000190734863
2020-09-08,10.744999885559082,10.40999984741211,10.40999984741211,10.430000305175781,4800.0,10.430000305175781
2020-09-09,10.75,10.399999618530273,10.579999923706055,10.449999809265137,9500.0,10.449999809265137
2020-09-10,10.5600004196167,10.399999618530273,10.5600004196167,10.420000076293945,6900.0,10.420000076293945
2020-09-11,10.550000190734863,10.350000381469727,10.4399995803833,10.350000381469727,7600.0,10.350000381469727
2020-09-14,10.5,10.40999984741211,10.449999809265137,10.5,5600.0,10.5
2020-09-15,10.5,10.300000190734863,10.5,10.34000015258789,7900.0,10.34000015258789
2020-09-16,10.75,10.373000144958496,10.489999771118164,10.550000190734863,32700.0,10.550000190734863
2020-09-17,10.75,10.399999618530273,10.75,10.75,3700.0,10.75
2020-09-18,10.84000015258789,10.510000228881836,10.84000015258789,10.789999961853027,33500.0,10.789999961853027
2020-09-21,10.529999732971191,10.0,10.510000228881836,10.020000457763672,12800.0,10.020000457763672
2020-09-22,10.069999694824219,9.859999656677246,10.069999694824219,9.859999656677246,12200.0,9.859999656677246
2020-09-23,9.8100004196167,9.369999885559082,9.8100004196167,9.449999809265137,16100.0,9.449999809265137
2020-09-24,9.420000076293945,9.350000381469727,9.399999618530273,9.399999618530273,4000.0,9.399999618530273
2020-09-25,9.739999771118164,9.399999618530273,9.399999618530273,9.65999984741211,4700.0,9.65999984741211
2020-09-28,10.180000305175781,9.84000015258789,9.979999542236328,9.84000015258789,14900.0,9.84000015258789
2020-09-29,10.100000381469727,9.729999542236328,9.9399995803833,10.0,1500.0,10.0
2020-09-30,10.010000228881836,9.850000381469727,9.97700023651123,10.0,3700.0,10.0
2020-10-01,10.5,9.899999618530273,10.079999923706055,10.239999771118164,8100.0,10.239999771118164
2020-10-02,10.600000381469727,9.920000076293945,10.119999885559082,10.529999732971191,13900.0,10.529999732971191
2020-10-05,10.600000381469727,10.369999885559082,10.40999984741211,10.600000381469727,19000.0,10.600000381469727
2020-10-06,11.119999885559082,10.350000381469727,10.5,10.859999656677246,26400.0,10.859999656677246
2020-10-07,11.109999656677246,10.729999542236328,10.850000381469727,11.100000381469727,7700.0,11.100000381469727
2020-10-08,11.239999771118164,10.890000343322754,11.239999771118164,11.010000228881836,6700.0,11.010000228881836
2020-10-09,11.45300006866455,11.026000022888184,11.130000114440918,11.149999618530273,19700.0,11.149999618530273
2020-10-12,11.154999732971191,10.95199966430664,11.130000114440918,11.149999618530273,6300.0,11.149999618530273
2020-10-13,11.260000228881836,10.970000267028809,10.989999771118164,11.100000381469727,9000.0,11.100000381469727
2020-10-14,10.899999618530273,10.800000190734863,10.800000190734863,10.899999618530273,1600.0,10.899999618530273
2020-10-15,11.5,10.989999771118164,11.220000267028809,11.5,4000.0,11.5
2020-10-16,12.420000076293945,11.229999542236328,11.229999542236328,12.234999656677246,8800.0,12.234999656677246
2020-10-19,12.5,11.890000343322754,12.0,11.890000343322754,6100.0,11.890000343322754
2020-10-20,12.149999618530273,12.050000190734863,12.050000190734863,12.149999618530273,1800.0,12.149999618530273
2020-10-21,12.34000015258789,12.0,12.25,12.149999618530273,5500.0,12.149999618530273
2020-10-22,12.984999656677246,12.149999618530273,12.260000228881836,12.619999885559082,10600.0,12.619999885559082
2020-10-23,12.899999618530273,12.520000457763672,12.520000457763672,12.720000267028809,3800.0,12.720000267028809
2020-10-26,12.210000038146973,11.779999732971191,11.829999923706055,12.100000381469727,5500.0,12.100000381469727
2020-10-27,12.800000190734863,12.119999885559082,12.119999885559082,12.470000267028809,7600.0,12.470000267028809
2020-10-28,12.994999885559082,11.975000381469727,12.994999885559082,12.619999885559082,5400.0,12.619999885559082
2020-10-29,13.25,12.199999809265137,12.4399995803833,13.199999809265137,14600.0,13.199999809265137
2020-10-30,13.369999885559082,12.109999656677246,13.289999961853027,12.34000015258789,20800.0,12.34000015258789
2020-11-02,13.1899995803833,12.475000381469727,12.520000457763672,13.0,15500.0,13.0
2020-11-03,13.119999885559082,11.90999984741211,13.119999885559082,12.199999809265137,33900.0,12.199999809265137
2020-11-04,12.300000190734863,11.779999732971191,12.069999694824219,12.0,4400.0,12.0
2020-11-05,12.420000076293945,11.899999618530273,11.899999618530273,12.399999618530273,74000.0,12.399999618530273
2020-11-06,12.380000114440918,12.0600004196167,12.380000114440918,12.0600004196167,4700.0,12.0600004196167
2020-11-09,15.175000190734863,12.819999694824219,12.819999694824219,14.149999618530273,35700.0,14.149999618530273
2020-11-10,14.25,13.800000190734863,14.0,13.949999809265137,19700.0,13.949999809265137
2020-11-11,13.930000305175781,13.0,13.930000305175781,13.350000381469727,12300.0,13.350000381469727
2020-11-12,13.0,12.470000267028809,13.0,12.59000015258789,30100.0,12.59000015258789
2020-11-13,13.0,12.399999618530273,12.600000381469727,12.729999542236328,20200.0,12.729999542236328
2020-11-16,13.350000381469727,12.779999732971191,13.149999618530273,13.119999885559082,18000.0,13.119999885559082
2020-11-17,13.345000267028809,12.869999885559082,13.345000267028809,13.109999656677246,14300.0,13.109999656677246
2020-11-18,13.675000190734863,12.760000228881836,13.239999771118164,12.760000228881836,6281.0,12.760000228881836
