Date,High,Low,Open,Close,Volume,Adj Close
2015-09-25,19.5,19.5,19.5,19.5,288.0,19.5
2015-09-28,19.5,19.5,19.5,19.5,0.0,19.5
2015-09-29,19.5,19.5,19.5,19.5,0.0,19.5
2015-09-30,19.5,19.5,19.5,19.5,0.0,19.5
2015-10-01,19.5,19.5,19.5,19.5,0.0,19.5
2015-10-02,19.5,19.5,19.5,19.5,0.0,19.5
2015-10-05,19.5,19.5,19.5,19.5,0.0,19.5
2015-10-06,19.5,19.5,19.5,19.5,0.0,19.5
2015-10-07,19.5,19.5,19.5,19.5,0.0,19.5
2015-10-08,19.5,19.5,19.5,19.5,0.0,19.5
2015-10-09,19.5,19.5,19.5,19.5,0.0,19.5
2015-10-12,19.5,19.5,19.5,19.5,0.0,19.5
2015-10-13,19.5,19.5,19.5,19.5,0.0,19.5
2015-10-14,19.5,19.5,19.5,19.5,0.0,19.5
2015-10-15,19.5,19.5,19.5,19.5,0.0,19.5
2015-10-16,19.5,19.5,19.5,19.5,0.0,19.5
2015-10-19,19.5,19.5,19.5,19.5,0.0,19.5
2015-10-20,19.5,19.5,19.5,19.5,0.0,19.5
2015-10-21,19.5,19.5,19.5,19.5,0.0,19.5
2015-10-22,19.5,19.5,19.5,19.5,0.0,19.5
2015-10-23,19.5,19.5,19.5,19.5,0.0,19.5
2015-10-26,19.5,19.5,19.5,19.5,0.0,19.5
2015-10-27,19.5,19.5,19.5,19.5,0.0,19.5
2015-10-28,19.5,19.5,19.5,19.5,0.0,19.5
2015-10-29,19.5,19.5,19.5,19.5,0.0,19.5
2015-10-30,19.5,19.5,19.5,19.5,0.0,19.5
2015-11-02,19.5,19.5,19.5,19.5,0.0,19.5
2015-11-03,19.5,19.5,19.5,19.5,0.0,19.5
2015-11-04,19.5,19.5,19.5,19.5,0.0,19.5
2015-11-05,19.5,19.5,19.5,19.5,0.0,19.5
2015-11-06,19.5,19.5,19.5,19.5,0.0,19.5
2015-11-09,19.5,19.5,19.5,19.5,0.0,19.5
2015-11-10,19.5,19.5,19.5,19.5,0.0,19.5
2015-11-11,19.5,19.5,19.5,19.5,0.0,19.5
2015-11-12,19.5,19.5,19.5,19.5,0.0,19.5
2015-11-13,19.5,19.5,19.5,19.5,0.0,19.5
2015-11-16,19.5,19.5,19.5,19.5,0.0,19.5
2015-11-17,19.5,19.5,19.5,19.5,0.0,19.5
2015-11-18,19.5,19.5,19.5,19.5,0.0,19.5
2015-11-19,19.5,19.5,19.5,19.5,0.0,19.5
2015-11-20,19.5,19.5,19.5,19.5,0.0,19.5
2015-11-23,19.5,19.5,19.5,19.5,0.0,19.5
2015-11-24,19.5,19.5,19.5,19.5,0.0,19.5
2015-11-25,19.5,19.5,19.5,19.5,0.0,19.5
2015-11-27,19.5,19.5,19.5,19.5,0.0,19.5
2015-11-30,19.5,19.5,19.5,19.5,0.0,19.5
2015-12-01,19.5,19.5,19.5,19.5,0.0,19.5
2015-12-02,19.5,19.5,19.5,19.5,0.0,19.5
2015-12-03,19.5,19.5,19.5,19.5,0.0,19.5
2015-12-04,19.5,19.5,19.5,19.5,0.0,19.5
2015-12-07,19.5,19.5,19.5,19.5,0.0,19.5
2015-12-08,19.5,19.5,19.5,19.5,0.0,19.5
2015-12-09,19.5,19.5,19.5,19.5,0.0,19.5
2015-12-10,19.5,19.5,19.5,19.5,0.0,19.5
2015-12-11,19.5,19.5,19.5,19.5,0.0,19.5
2015-12-14,19.5,19.5,19.5,19.5,0.0,19.5
2015-12-15,19.5,19.5,19.5,19.5,0.0,19.5
2015-12-16,19.5,19.5,19.5,19.5,0.0,19.5
2015-12-17,19.5,19.5,19.5,19.5,0.0,19.5
2015-12-18,19.5,19.5,19.5,19.5,0.0,19.5
2015-12-21,19.5,19.5,19.5,19.5,0.0,19.5
2015-12-22,19.5,19.5,19.5,19.5,0.0,19.5
2015-12-23,19.5,19.5,19.5,19.5,0.0,19.5
2015-12-24,19.5,19.5,19.5,19.5,0.0,19.5
2015-12-28,19.5,19.5,19.5,19.5,0.0,19.5
2015-12-29,19.5,19.5,19.5,19.5,0.0,19.5
2015-12-30,19.5,19.5,19.5,19.5,0.0,19.5
2015-12-31,19.5,19.5,19.5,19.5,0.0,19.5
2016-01-04,19.5,19.5,19.5,19.5,0.0,19.5
2016-01-05,19.5,19.5,19.5,19.5,0.0,19.5
2016-01-06,19.5,19.5,19.5,19.5,0.0,19.5
2016-01-07,19.5,19.5,19.5,19.5,0.0,19.5
2016-01-08,19.5,19.5,19.5,19.5,0.0,19.5
2016-01-11,19.5,19.5,19.5,19.5,0.0,19.5
2016-01-12,19.5,19.5,19.5,19.5,0.0,19.5
2016-01-13,19.5,19.5,19.5,19.5,0.0,19.5
2016-01-14,19.5,19.5,19.5,19.5,0.0,19.5
2016-01-15,19.5,19.5,19.5,19.5,0.0,19.5
2016-01-19,19.5,19.5,19.5,19.5,0.0,19.5
2016-01-20,20.5,20.5,20.5,20.5,34.0,20.5
2016-01-21,20.5,20.5,20.5,20.5,0.0,20.5
2016-01-22,20.5,20.5,20.5,20.5,0.0,20.5
2016-01-25,20.5,20.5,20.5,20.5,0.0,20.5
2016-01-26,20.5,20.5,20.5,20.5,0.0,20.5
2016-01-27,20.5,20.5,20.5,20.5,0.0,20.5
2016-01-28,20.5,20.5,20.5,20.5,0.0,20.5
2016-01-29,20.5,20.5,20.5,20.5,0.0,20.5
2016-02-01,20.5,20.5,20.5,20.5,0.0,20.5
2016-02-02,20.5,20.5,20.5,20.5,0.0,20.5
2016-02-03,20.5,20.5,20.5,20.5,0.0,20.5
2016-02-04,20.5,20.5,20.5,20.5,0.0,20.5
2016-02-05,20.5,20.5,20.5,20.5,0.0,20.5
2016-02-08,20.5,20.5,20.5,20.5,0.0,20.5
2016-02-09,20.5,20.5,20.5,20.5,0.0,20.5
2016-02-10,20.5,20.5,20.5,20.5,0.0,20.5
2016-02-11,20.5,20.5,20.5,20.5,0.0,20.5
2016-02-12,20.5,20.5,20.5,20.5,0.0,20.5
2016-02-16,20.5,20.5,20.5,20.5,0.0,20.5
2016-02-17,20.5,20.5,20.5,20.5,0.0,20.5
2016-02-18,20.5,20.5,20.5,20.5,0.0,20.5
2016-02-19,20.5,20.5,20.5,20.5,0.0,20.5
2016-02-22,20.5,20.5,20.5,20.5,0.0,20.5
2016-02-23,20.5,20.5,20.5,20.5,0.0,20.5
2016-02-24,20.5,20.5,20.5,20.5,0.0,20.5
2016-02-25,20.5,20.5,20.5,20.5,0.0,20.5
2016-02-26,20.5,20.5,20.5,20.5,0.0,20.5
2016-02-29,20.5,20.5,20.5,20.5,0.0,20.5
2016-03-01,20.5,20.5,20.5,20.5,0.0,20.5
2016-03-02,20.5,20.5,20.5,20.5,0.0,20.5
2016-03-03,20.5,20.5,20.5,20.5,0.0,20.5
2016-03-04,20.5,20.5,20.5,20.5,0.0,20.5
2016-03-07,20.5,20.5,20.5,20.5,0.0,20.5
2016-03-08,20.5,20.5,20.5,20.5,0.0,20.5
2016-03-09,20.5,20.5,20.5,20.5,0.0,20.5
2016-03-10,20.5,20.5,20.5,20.5,0.0,20.5
2016-03-11,20.5,20.5,20.5,20.5,0.0,20.5
2016-03-14,20.5,20.5,20.5,20.5,0.0,20.5
2016-03-15,20.5,20.5,20.5,20.5,0.0,20.5
2016-03-16,20.5,20.5,20.5,20.5,0.0,20.5
2016-03-17,20.5,20.5,20.5,20.5,0.0,20.5
2016-03-18,20.5,20.5,20.5,20.5,0.0,20.5
2016-03-21,20.5,20.5,20.5,20.5,0.0,20.5
2016-03-22,20.5,20.5,20.5,20.5,0.0,20.5
2016-03-23,20.5,20.5,20.5,20.5,0.0,20.5
2016-03-24,20.5,20.5,20.5,20.5,0.0,20.5
2016-03-28,20.5,20.5,20.5,20.5,0.0,20.5
2016-03-29,20.5,20.5,20.5,20.5,0.0,20.5
2016-03-30,20.5,20.5,20.5,20.5,0.0,20.5
2016-03-31,20.5,20.5,20.5,20.5,0.0,20.5
2016-04-01,20.5,20.5,20.5,20.5,0.0,20.5
2016-04-04,20.5,20.5,20.5,20.5,0.0,20.5
2016-04-05,20.5,20.5,20.5,20.5,0.0,20.5
2016-04-06,20.5,20.5,20.5,20.5,0.0,20.5
2016-04-07,20.5,20.5,20.5,20.5,0.0,20.5
2016-04-08,20.5,20.5,20.5,20.5,0.0,20.5
2016-04-11,20.5,20.5,20.5,20.5,0.0,20.5
2016-04-12,20.5,20.5,20.5,20.5,0.0,20.5
2016-04-13,20.5,20.5,20.5,20.5,0.0,20.5
2016-04-14,20.5,20.5,20.5,20.5,0.0,20.5
2016-04-15,20.5,20.5,20.5,20.5,0.0,20.5
2016-04-18,20.5,20.5,20.5,20.5,0.0,20.5
2016-04-19,20.5,20.5,20.5,20.5,0.0,20.5
2016-04-20,20.5,20.5,20.5,20.5,0.0,20.5
2016-04-21,20.5,20.5,20.5,20.5,0.0,20.5
2016-04-22,20.5,20.5,20.5,20.5,0.0,20.5
2016-04-25,20.5,20.5,20.5,20.5,0.0,20.5
2016-04-26,20.5,20.5,20.5,20.5,0.0,20.5
2016-04-27,20.5,20.5,20.5,20.5,0.0,20.5
2016-04-28,20.5,20.5,20.5,20.5,0.0,20.5
2016-04-29,20.5,20.5,20.5,20.5,0.0,20.5
2016-05-02,20.5,20.5,20.5,20.5,0.0,20.5
2016-05-03,20.5,20.5,20.5,20.5,0.0,20.5
2016-05-04,20.5,20.5,20.5,20.5,0.0,20.5
2016-05-05,20.5,20.5,20.5,20.5,0.0,20.5
2016-05-06,20.5,20.5,20.5,20.5,0.0,20.5
2016-05-09,20.5,20.5,20.5,20.5,0.0,20.5
2016-05-10,20.5,20.5,20.5,20.5,0.0,20.5
2016-05-11,20.5,20.5,20.5,20.5,0.0,20.5
2016-05-12,20.5,20.5,20.5,20.5,0.0,20.5
2016-05-13,20.5,20.5,20.5,20.5,0.0,20.5
2016-05-16,20.5,20.5,20.5,20.5,0.0,20.5
2016-05-17,20.5,20.5,20.5,20.5,0.0,20.5
2016-05-18,20.5,20.5,20.5,20.5,0.0,20.5
2016-05-19,20.5,20.5,20.5,20.5,0.0,20.5
2016-05-20,20.5,20.5,20.5,20.5,0.0,20.5
2016-05-23,20.5,20.5,20.5,20.5,0.0,20.5
2016-05-24,20.5,20.5,20.5,20.5,0.0,20.5
2016-05-25,20.5,20.5,20.5,20.5,0.0,20.5
2016-05-26,20.5,20.5,20.5,20.5,0.0,20.5
2016-05-27,20.5,20.5,20.5,20.5,0.0,20.5
2016-05-31,20.5,20.5,20.5,20.5,0.0,20.5
2016-06-01,20.5,20.5,20.5,20.5,0.0,20.5
2016-06-02,20.5,20.5,20.5,20.5,0.0,20.5
2016-06-03,20.5,20.5,20.5,20.5,0.0,20.5
2016-06-06,20.5,20.5,20.5,20.5,0.0,20.5
2016-06-07,20.5,20.5,20.5,20.5,0.0,20.5
2016-06-08,20.5,20.5,20.5,20.5,0.0,20.5
2016-06-09,20.5,20.5,20.5,20.5,0.0,20.5
2016-06-10,20.5,20.5,20.5,20.5,0.0,20.5
2016-06-13,20.5,20.5,20.5,20.5,0.0,20.5
2016-06-14,20.5,20.5,20.5,20.5,0.0,20.5
2016-06-15,20.5,20.5,20.5,20.5,0.0,20.5
2016-06-16,20.5,20.5,20.5,20.5,0.0,20.5
2016-06-17,20.5,20.5,20.5,20.5,0.0,20.5
2016-06-20,20.5,20.5,20.5,20.5,0.0,20.5
2016-06-21,20.5,20.5,20.5,20.5,0.0,20.5
2016-06-22,20.5,20.5,20.5,20.5,0.0,20.5
2016-06-23,20.5,20.5,20.5,20.5,0.0,20.5
2016-06-24,20.5,20.5,20.5,20.5,0.0,20.5
2016-06-27,20.5,20.5,20.5,20.5,0.0,20.5
2016-06-28,20.5,20.5,20.5,20.5,0.0,20.5
2016-06-29,20.5,20.5,20.5,20.5,0.0,20.5
2016-06-30,20.5,20.5,20.5,20.5,0.0,20.5
2016-07-01,20.5,20.5,20.5,20.5,0.0,20.5
2016-07-05,20.5,20.5,20.5,20.5,0.0,20.5
2016-07-06,20.5,20.5,20.5,20.5,0.0,20.5
2016-07-07,20.5,20.5,20.5,20.5,0.0,20.5
2016-07-08,20.5,20.5,20.5,20.5,0.0,20.5
2016-07-11,20.5,20.5,20.5,20.5,0.0,20.5
2016-07-12,20.5,20.5,20.5,20.5,0.0,20.5
2016-07-13,20.5,20.5,20.5,20.5,0.0,20.5
2016-07-14,20.5,20.5,20.5,20.5,0.0,20.5
2016-07-15,20.5,20.5,20.5,20.5,0.0,20.5
2016-07-18,20.5,20.5,20.5,20.5,0.0,20.5
2016-07-19,20.5,20.5,20.5,20.5,0.0,20.5
2016-07-20,20.5,20.5,20.5,20.5,0.0,20.5
2016-07-21,20.5,20.5,20.5,20.5,0.0,20.5
2016-07-22,20.5,20.5,20.5,20.5,0.0,20.5
2016-07-25,20.5,20.5,20.5,20.5,0.0,20.5
2016-07-26,20.5,20.5,20.5,20.5,0.0,20.5
2016-07-27,20.5,20.5,20.5,20.5,0.0,20.5
2016-07-28,20.5,20.5,20.5,20.5,0.0,20.5
2016-07-29,20.5,20.5,20.5,20.5,0.0,20.5
2016-08-01,20.5,20.5,20.5,20.5,0.0,20.5
2016-08-02,20.5,20.5,20.5,20.5,0.0,20.5
2016-08-03,20.5,20.5,20.5,20.5,0.0,20.5
2016-08-04,20.5,20.5,20.5,20.5,0.0,20.5
2016-08-05,20.5,20.5,20.5,20.5,0.0,20.5
2016-08-08,20.5,20.5,20.5,20.5,0.0,20.5
2016-08-09,20.5,20.5,20.5,20.5,0.0,20.5
2016-08-10,20.5,20.5,20.5,20.5,0.0,20.5
2016-08-11,20.5,20.5,20.5,20.5,0.0,20.5
2016-08-12,20.5,20.5,20.5,20.5,0.0,20.5
2016-08-15,25.360000610351562,25.360000610351562,25.360000610351562,25.360000610351562,17.0,25.360000610351562
2016-08-16,25.360000610351562,25.360000610351562,25.360000610351562,25.360000610351562,0.0,25.360000610351562
2016-08-17,25.360000610351562,25.360000610351562,25.360000610351562,25.360000610351562,0.0,25.360000610351562
2016-08-18,25.360000610351562,25.360000610351562,25.360000610351562,25.360000610351562,0.0,25.360000610351562
2016-08-19,25.360000610351562,25.360000610351562,25.360000610351562,25.360000610351562,0.0,25.360000610351562
2016-08-22,25.360000610351562,25.360000610351562,25.360000610351562,25.360000610351562,0.0,25.360000610351562
2016-08-23,25.360000610351562,25.360000610351562,25.360000610351562,25.360000610351562,0.0,25.360000610351562
2016-08-24,25.360000610351562,25.360000610351562,25.360000610351562,25.360000610351562,0.0,25.360000610351562
2016-08-25,25.360000610351562,25.360000610351562,25.360000610351562,25.360000610351562,0.0,25.360000610351562
2016-08-26,25.360000610351562,25.360000610351562,25.360000610351562,25.360000610351562,0.0,25.360000610351562
2016-08-29,25.360000610351562,25.360000610351562,25.360000610351562,25.360000610351562,0.0,25.360000610351562
2016-08-30,25.360000610351562,25.360000610351562,25.360000610351562,25.360000610351562,0.0,25.360000610351562
2016-08-31,25.360000610351562,25.360000610351562,25.360000610351562,25.360000610351562,0.0,25.360000610351562
2016-09-01,25.360000610351562,25.360000610351562,25.360000610351562,25.360000610351562,0.0,25.360000610351562
2016-09-02,25.360000610351562,25.360000610351562,25.360000610351562,25.360000610351562,0.0,25.360000610351562
2016-09-06,25.360000610351562,25.360000610351562,25.360000610351562,25.360000610351562,0.0,25.360000610351562
2016-09-07,25.360000610351562,25.360000610351562,25.360000610351562,25.360000610351562,0.0,25.360000610351562
2016-09-08,25.360000610351562,25.360000610351562,25.360000610351562,25.360000610351562,0.0,25.360000610351562
2016-09-09,25.360000610351562,25.360000610351562,25.360000610351562,25.360000610351562,0.0,25.360000610351562
2016-09-12,25.360000610351562,25.360000610351562,25.360000610351562,25.360000610351562,0.0,25.360000610351562
2016-09-13,25.360000610351562,25.360000610351562,25.360000610351562,25.360000610351562,0.0,25.360000610351562
2016-09-14,25.360000610351562,25.360000610351562,25.360000610351562,25.360000610351562,0.0,25.360000610351562
2016-09-15,25.360000610351562,25.360000610351562,25.360000610351562,25.360000610351562,0.0,25.360000610351562
2016-09-16,25.360000610351562,25.360000610351562,25.360000610351562,25.360000610351562,0.0,25.360000610351562
2016-09-19,25.360000610351562,25.360000610351562,25.360000610351562,25.360000610351562,0.0,25.360000610351562
2016-09-20,25.360000610351562,25.360000610351562,25.360000610351562,25.360000610351562,0.0,25.360000610351562
2016-09-21,25.360000610351562,25.360000610351562,25.360000610351562,25.360000610351562,0.0,25.360000610351562
2016-09-22,25.360000610351562,25.360000610351562,25.360000610351562,25.360000610351562,0.0,25.360000610351562
2016-09-23,25.360000610351562,25.360000610351562,25.360000610351562,25.360000610351562,0.0,25.360000610351562
2016-09-26,25.360000610351562,25.360000610351562,25.360000610351562,25.360000610351562,0.0,25.360000610351562
2016-09-27,25.360000610351562,25.360000610351562,25.360000610351562,25.360000610351562,0.0,25.360000610351562
2016-09-28,25.360000610351562,25.360000610351562,25.360000610351562,25.360000610351562,0.0,25.360000610351562
2016-09-29,25.360000610351562,25.360000610351562,25.360000610351562,25.360000610351562,0.0,25.360000610351562
2016-09-30,25.360000610351562,25.360000610351562,25.360000610351562,25.360000610351562,0.0,25.360000610351562
2016-10-03,25.360000610351562,25.360000610351562,25.360000610351562,25.360000610351562,0.0,25.360000610351562
2016-10-04,25.360000610351562,25.360000610351562,25.360000610351562,25.360000610351562,0.0,25.360000610351562
2016-10-05,25.360000610351562,25.360000610351562,25.360000610351562,25.360000610351562,0.0,25.360000610351562
2016-10-06,25.360000610351562,25.360000610351562,25.360000610351562,25.360000610351562,0.0,25.360000610351562
2016-10-07,25.360000610351562,25.360000610351562,25.360000610351562,25.360000610351562,0.0,25.360000610351562
2016-10-10,25.360000610351562,25.360000610351562,25.360000610351562,25.360000610351562,0.0,25.360000610351562
2016-10-11,25.360000610351562,25.360000610351562,25.360000610351562,25.360000610351562,0.0,25.360000610351562
2016-10-12,25.360000610351562,25.360000610351562,25.360000610351562,25.360000610351562,0.0,25.360000610351562
2016-10-13,25.360000610351562,25.360000610351562,25.360000610351562,25.360000610351562,0.0,25.360000610351562
2016-10-14,25.360000610351562,25.360000610351562,25.360000610351562,25.360000610351562,0.0,25.360000610351562
2016-10-17,25.360000610351562,25.360000610351562,25.360000610351562,25.360000610351562,0.0,25.360000610351562
2016-10-18,25.360000610351562,25.360000610351562,25.360000610351562,25.360000610351562,0.0,25.360000610351562
2016-10-19,25.360000610351562,25.360000610351562,25.360000610351562,25.360000610351562,0.0,25.360000610351562
2016-10-20,25.360000610351562,25.360000610351562,25.360000610351562,25.360000610351562,0.0,25.360000610351562
2016-10-21,25.360000610351562,25.360000610351562,25.360000610351562,25.360000610351562,0.0,25.360000610351562
2016-10-24,25.360000610351562,25.360000610351562,25.360000610351562,25.360000610351562,0.0,25.360000610351562
2016-10-25,25.360000610351562,25.360000610351562,25.360000610351562,25.360000610351562,0.0,25.360000610351562
2016-10-26,25.360000610351562,25.360000610351562,25.360000610351562,25.360000610351562,0.0,25.360000610351562
2016-10-27,25.360000610351562,25.360000610351562,25.360000610351562,25.360000610351562,0.0,25.360000610351562
2016-10-28,25.360000610351562,25.360000610351562,25.360000610351562,25.360000610351562,0.0,25.360000610351562
2016-10-31,25.360000610351562,25.360000610351562,25.360000610351562,25.360000610351562,0.0,25.360000610351562
2016-11-01,25.360000610351562,25.360000610351562,25.360000610351562,25.360000610351562,0.0,25.360000610351562
2016-11-02,25.360000610351562,25.360000610351562,25.360000610351562,25.360000610351562,0.0,25.360000610351562
2016-11-03,25.360000610351562,25.360000610351562,25.360000610351562,25.360000610351562,0.0,25.360000610351562
2016-11-04,25.360000610351562,25.360000610351562,25.360000610351562,25.360000610351562,0.0,25.360000610351562
2016-11-07,25.360000610351562,25.360000610351562,25.360000610351562,25.360000610351562,0.0,25.360000610351562
2016-11-08,25.360000610351562,25.360000610351562,25.360000610351562,25.360000610351562,0.0,25.360000610351562
2016-11-09,25.360000610351562,25.360000610351562,25.360000610351562,25.360000610351562,0.0,25.360000610351562
2016-11-10,25.360000610351562,25.360000610351562,25.360000610351562,25.360000610351562,0.0,25.360000610351562
2016-11-11,25.360000610351562,25.360000610351562,25.360000610351562,25.360000610351562,0.0,25.360000610351562
2016-11-14,25.360000610351562,25.360000610351562,25.360000610351562,25.360000610351562,0.0,25.360000610351562
2016-11-15,25.360000610351562,25.360000610351562,25.360000610351562,25.360000610351562,0.0,25.360000610351562
2016-11-16,25.360000610351562,25.360000610351562,25.360000610351562,25.360000610351562,0.0,25.360000610351562
2016-11-17,25.360000610351562,25.360000610351562,25.360000610351562,25.360000610351562,0.0,25.360000610351562
2016-11-18,25.360000610351562,25.360000610351562,25.360000610351562,25.360000610351562,0.0,25.360000610351562
2016-11-21,25.360000610351562,25.360000610351562,25.360000610351562,25.360000610351562,0.0,25.360000610351562
2016-11-22,25.360000610351562,25.360000610351562,25.360000610351562,25.360000610351562,0.0,25.360000610351562
2016-11-23,25.360000610351562,25.360000610351562,25.360000610351562,25.360000610351562,0.0,25.360000610351562
2016-11-25,25.360000610351562,25.360000610351562,25.360000610351562,25.360000610351562,0.0,25.360000610351562
2016-11-28,25.360000610351562,25.360000610351562,25.360000610351562,25.360000610351562,0.0,25.360000610351562
2016-11-29,25.360000610351562,25.360000610351562,25.360000610351562,25.360000610351562,0.0,25.360000610351562
2016-11-30,25.360000610351562,25.360000610351562,25.360000610351562,25.360000610351562,0.0,25.360000610351562
2016-12-01,25.360000610351562,25.360000610351562,25.360000610351562,25.360000610351562,0.0,25.360000610351562
2016-12-02,25.360000610351562,25.360000610351562,25.360000610351562,25.360000610351562,0.0,25.360000610351562
2016-12-05,25.360000610351562,25.360000610351562,25.360000610351562,25.360000610351562,0.0,25.360000610351562
2016-12-06,25.360000610351562,25.360000610351562,25.360000610351562,25.360000610351562,0.0,25.360000610351562
2016-12-07,25.360000610351562,25.360000610351562,25.360000610351562,25.360000610351562,0.0,25.360000610351562
2016-12-08,25.360000610351562,25.360000610351562,25.360000610351562,25.360000610351562,0.0,25.360000610351562
2016-12-09,25.360000610351562,25.360000610351562,25.360000610351562,25.360000610351562,0.0,25.360000610351562
2016-12-12,25.360000610351562,25.360000610351562,25.360000610351562,25.360000610351562,0.0,25.360000610351562
2016-12-13,25.360000610351562,25.360000610351562,25.360000610351562,25.360000610351562,0.0,25.360000610351562
2016-12-14,25.360000610351562,25.360000610351562,25.360000610351562,25.360000610351562,0.0,25.360000610351562
2016-12-15,25.360000610351562,25.360000610351562,25.360000610351562,25.360000610351562,0.0,25.360000610351562
2016-12-16,25.360000610351562,25.360000610351562,25.360000610351562,25.360000610351562,0.0,25.360000610351562
2016-12-19,25.360000610351562,25.360000610351562,25.360000610351562,25.360000610351562,0.0,25.360000610351562
2016-12-20,25.360000610351562,25.360000610351562,25.360000610351562,25.360000610351562,0.0,25.360000610351562
2016-12-21,25.360000610351562,25.360000610351562,25.360000610351562,25.360000610351562,0.0,25.360000610351562
2016-12-22,25.360000610351562,25.360000610351562,25.360000610351562,25.360000610351562,0.0,25.360000610351562
2016-12-23,25.360000610351562,25.360000610351562,25.360000610351562,25.360000610351562,0.0,25.360000610351562
2016-12-27,25.360000610351562,25.360000610351562,25.360000610351562,25.360000610351562,0.0,25.360000610351562
2016-12-28,25.360000610351562,25.360000610351562,25.360000610351562,25.360000610351562,0.0,25.360000610351562
2016-12-29,25.360000610351562,25.360000610351562,25.360000610351562,25.360000610351562,0.0,25.360000610351562
2016-12-30,25.360000610351562,25.360000610351562,25.360000610351562,25.360000610351562,0.0,25.360000610351562
2017-01-03,25.360000610351562,25.360000610351562,25.360000610351562,25.360000610351562,0.0,25.360000610351562
2017-01-04,25.360000610351562,25.360000610351562,25.360000610351562,25.360000610351562,0.0,25.360000610351562
2017-01-05,25.360000610351562,25.360000610351562,25.360000610351562,25.360000610351562,0.0,25.360000610351562
2017-01-06,25.360000610351562,25.360000610351562,25.360000610351562,25.360000610351562,0.0,25.360000610351562
2017-01-09,25.360000610351562,25.360000610351562,25.360000610351562,25.360000610351562,0.0,25.360000610351562
2017-01-10,25.360000610351562,25.360000610351562,25.360000610351562,25.360000610351562,0.0,25.360000610351562
2017-01-11,25.360000610351562,25.360000610351562,25.360000610351562,25.360000610351562,0.0,25.360000610351562
2017-01-12,25.360000610351562,25.360000610351562,25.360000610351562,25.360000610351562,0.0,25.360000610351562
2017-01-13,25.360000610351562,25.360000610351562,25.360000610351562,25.360000610351562,0.0,25.360000610351562
2017-01-17,25.360000610351562,25.360000610351562,25.360000610351562,25.360000610351562,0.0,25.360000610351562
2017-01-18,25.360000610351562,25.360000610351562,25.360000610351562,25.360000610351562,0.0,25.360000610351562
2017-01-19,25.360000610351562,25.360000610351562,25.360000610351562,25.360000610351562,0.0,25.360000610351562
2017-01-20,25.360000610351562,25.360000610351562,25.360000610351562,25.360000610351562,0.0,25.360000610351562
2017-01-23,25.360000610351562,25.360000610351562,25.360000610351562,25.360000610351562,0.0,25.360000610351562
2017-01-24,25.360000610351562,25.360000610351562,25.360000610351562,25.360000610351562,0.0,25.360000610351562
2017-01-25,25.360000610351562,25.360000610351562,25.360000610351562,25.360000610351562,0.0,25.360000610351562
2017-01-26,25.360000610351562,25.360000610351562,25.360000610351562,25.360000610351562,0.0,25.360000610351562
2017-01-27,25.360000610351562,25.360000610351562,25.360000610351562,25.360000610351562,0.0,25.360000610351562
2017-01-30,25.360000610351562,25.360000610351562,25.360000610351562,25.360000610351562,0.0,25.360000610351562
2017-01-31,25.360000610351562,25.360000610351562,25.360000610351562,25.360000610351562,0.0,25.360000610351562
2017-02-01,25.360000610351562,25.360000610351562,25.360000610351562,25.360000610351562,0.0,25.360000610351562
2017-02-02,25.360000610351562,25.360000610351562,25.360000610351562,25.360000610351562,0.0,25.360000610351562
2017-02-03,25.360000610351562,25.360000610351562,25.360000610351562,25.360000610351562,0.0,25.360000610351562
2017-02-06,25.360000610351562,25.360000610351562,25.360000610351562,25.360000610351562,0.0,25.360000610351562
2017-02-07,25.360000610351562,25.360000610351562,25.360000610351562,25.360000610351562,0.0,25.360000610351562
2017-02-08,25.360000610351562,25.360000610351562,25.360000610351562,25.360000610351562,0.0,25.360000610351562
2017-02-09,25.360000610351562,25.360000610351562,25.360000610351562,25.360000610351562,0.0,25.360000610351562
2017-02-10,25.360000610351562,25.360000610351562,25.360000610351562,25.360000610351562,0.0,25.360000610351562
2017-02-13,25.360000610351562,25.360000610351562,25.360000610351562,25.360000610351562,0.0,25.360000610351562
2017-02-14,25.360000610351562,25.360000610351562,25.360000610351562,25.360000610351562,0.0,25.360000610351562
2017-02-15,25.360000610351562,25.360000610351562,25.360000610351562,25.360000610351562,0.0,25.360000610351562
2017-02-16,25.360000610351562,25.360000610351562,25.360000610351562,25.360000610351562,0.0,25.360000610351562
2017-02-17,25.360000610351562,25.360000610351562,25.360000610351562,25.360000610351562,0.0,25.360000610351562
2017-02-21,25.360000610351562,25.360000610351562,25.360000610351562,25.360000610351562,0.0,25.360000610351562
2017-02-22,25.360000610351562,25.360000610351562,25.360000610351562,25.360000610351562,0.0,25.360000610351562
2017-02-23,25.360000610351562,25.360000610351562,25.360000610351562,25.360000610351562,0.0,25.360000610351562
2017-02-24,25.360000610351562,25.360000610351562,25.360000610351562,25.360000610351562,0.0,25.360000610351562
2017-02-27,25.360000610351562,25.360000610351562,25.360000610351562,25.360000610351562,0.0,25.360000610351562
2017-02-28,25.360000610351562,25.360000610351562,25.360000610351562,25.360000610351562,0.0,25.360000610351562
2017-03-01,25.360000610351562,25.360000610351562,25.360000610351562,25.360000610351562,0.0,25.360000610351562
2017-03-02,25.360000610351562,25.360000610351562,25.360000610351562,25.360000610351562,0.0,25.360000610351562
2017-03-03,25.360000610351562,25.360000610351562,25.360000610351562,25.360000610351562,0.0,25.360000610351562
2017-03-06,25.360000610351562,25.360000610351562,25.360000610351562,25.360000610351562,0.0,25.360000610351562
2017-03-07,25.360000610351562,25.360000610351562,25.360000610351562,25.360000610351562,0.0,25.360000610351562
2017-03-08,25.360000610351562,25.360000610351562,25.360000610351562,25.360000610351562,0.0,25.360000610351562
2017-03-09,25.360000610351562,25.360000610351562,25.360000610351562,25.360000610351562,0.0,25.360000610351562
2017-03-10,25.360000610351562,25.360000610351562,25.360000610351562,25.360000610351562,0.0,25.360000610351562
2017-03-13,25.360000610351562,25.360000610351562,25.360000610351562,25.360000610351562,0.0,25.360000610351562
2017-03-14,25.360000610351562,25.360000610351562,25.360000610351562,25.360000610351562,0.0,25.360000610351562
2017-03-15,25.360000610351562,25.360000610351562,25.360000610351562,25.360000610351562,0.0,25.360000610351562
2017-03-16,25.360000610351562,25.360000610351562,25.360000610351562,25.360000610351562,0.0,25.360000610351562
2017-03-17,25.360000610351562,25.360000610351562,25.360000610351562,25.360000610351562,0.0,25.360000610351562
2017-03-20,25.360000610351562,25.360000610351562,25.360000610351562,25.360000610351562,0.0,25.360000610351562
2017-03-21,25.360000610351562,25.360000610351562,25.360000610351562,25.360000610351562,0.0,25.360000610351562
2017-03-22,25.360000610351562,25.360000610351562,25.360000610351562,25.360000610351562,0.0,25.360000610351562
2017-03-23,25.360000610351562,25.360000610351562,25.360000610351562,25.360000610351562,0.0,25.360000610351562
2017-03-24,25.360000610351562,25.360000610351562,25.360000610351562,25.360000610351562,0.0,25.360000610351562
2017-03-27,25.360000610351562,25.360000610351562,25.360000610351562,25.360000610351562,0.0,25.360000610351562
2017-03-28,25.360000610351562,25.360000610351562,25.360000610351562,25.360000610351562,0.0,25.360000610351562
2017-03-29,25.360000610351562,25.360000610351562,25.360000610351562,25.360000610351562,0.0,25.360000610351562
2017-03-30,25.360000610351562,25.360000610351562,25.360000610351562,25.360000610351562,0.0,25.360000610351562
2017-03-31,25.360000610351562,25.360000610351562,25.360000610351562,25.360000610351562,0.0,25.360000610351562
2017-04-03,25.360000610351562,25.360000610351562,25.360000610351562,25.360000610351562,0.0,25.360000610351562
2017-04-04,25.360000610351562,25.360000610351562,25.360000610351562,25.360000610351562,0.0,25.360000610351562
2017-04-05,25.360000610351562,25.360000610351562,25.360000610351562,25.360000610351562,0.0,25.360000610351562
2017-04-06,25.360000610351562,25.360000610351562,25.360000610351562,25.360000610351562,0.0,25.360000610351562
2017-04-07,25.360000610351562,25.360000610351562,25.360000610351562,25.360000610351562,0.0,25.360000610351562
2017-04-10,25.360000610351562,25.360000610351562,25.360000610351562,25.360000610351562,0.0,25.360000610351562
2017-04-11,25.360000610351562,25.360000610351562,25.360000610351562,25.360000610351562,0.0,25.360000610351562
2017-04-12,25.360000610351562,25.360000610351562,25.360000610351562,25.360000610351562,0.0,25.360000610351562
2017-04-13,25.360000610351562,25.360000610351562,25.360000610351562,25.360000610351562,0.0,25.360000610351562
2017-04-17,25.360000610351562,25.360000610351562,25.360000610351562,25.360000610351562,0.0,25.360000610351562
2017-04-18,25.360000610351562,25.360000610351562,25.360000610351562,25.360000610351562,0.0,25.360000610351562
2017-04-19,25.360000610351562,25.360000610351562,25.360000610351562,25.360000610351562,0.0,25.360000610351562
2017-04-20,25.360000610351562,25.360000610351562,25.360000610351562,25.360000610351562,0.0,25.360000610351562
2017-04-21,25.360000610351562,25.360000610351562,25.360000610351562,25.360000610351562,0.0,25.360000610351562
2017-04-24,25.360000610351562,25.360000610351562,25.360000610351562,25.360000610351562,0.0,25.360000610351562
2017-04-25,25.360000610351562,25.360000610351562,25.360000610351562,25.360000610351562,0.0,25.360000610351562
2017-04-26,25.360000610351562,25.360000610351562,25.360000610351562,25.360000610351562,0.0,25.360000610351562
2017-04-27,25.360000610351562,25.360000610351562,25.360000610351562,25.360000610351562,0.0,25.360000610351562
2017-04-28,25.360000610351562,25.360000610351562,25.360000610351562,25.360000610351562,0.0,25.360000610351562
2017-05-01,25.360000610351562,25.360000610351562,25.360000610351562,25.360000610351562,0.0,25.360000610351562
2017-05-02,25.360000610351562,25.360000610351562,25.360000610351562,25.360000610351562,0.0,25.360000610351562
2017-05-03,25.360000610351562,25.360000610351562,25.360000610351562,25.360000610351562,0.0,25.360000610351562
2017-05-04,25.360000610351562,25.360000610351562,25.360000610351562,25.360000610351562,0.0,25.360000610351562
2017-05-05,25.360000610351562,25.360000610351562,25.360000610351562,25.360000610351562,0.0,25.360000610351562
2017-05-08,25.360000610351562,25.360000610351562,25.360000610351562,25.360000610351562,0.0,25.360000610351562
2017-05-09,25.360000610351562,25.360000610351562,25.360000610351562,25.360000610351562,0.0,25.360000610351562
2017-05-10,25.360000610351562,25.360000610351562,25.360000610351562,25.360000610351562,0.0,25.360000610351562
2017-05-11,25.360000610351562,25.360000610351562,25.360000610351562,25.360000610351562,0.0,25.360000610351562
2017-05-12,25.360000610351562,25.360000610351562,25.360000610351562,25.360000610351562,0.0,25.360000610351562
2017-05-15,25.360000610351562,25.360000610351562,25.360000610351562,25.360000610351562,0.0,25.360000610351562
2017-05-16,25.360000610351562,25.360000610351562,25.360000610351562,25.360000610351562,0.0,25.360000610351562
2017-05-17,25.360000610351562,25.360000610351562,25.360000610351562,25.360000610351562,0.0,25.360000610351562
2017-05-18,25.360000610351562,25.360000610351562,25.360000610351562,25.360000610351562,0.0,25.360000610351562
2017-05-19,25.360000610351562,25.360000610351562,25.360000610351562,25.360000610351562,0.0,25.360000610351562
2017-05-22,25.360000610351562,25.360000610351562,25.360000610351562,25.360000610351562,0.0,25.360000610351562
2017-05-23,25.360000610351562,25.360000610351562,25.360000610351562,25.360000610351562,0.0,25.360000610351562
2017-05-24,25.360000610351562,25.360000610351562,25.360000610351562,25.360000610351562,0.0,25.360000610351562
2017-05-25,25.360000610351562,25.360000610351562,25.360000610351562,25.360000610351562,0.0,25.360000610351562
2017-05-26,25.360000610351562,25.360000610351562,25.360000610351562,25.360000610351562,0.0,25.360000610351562
2017-05-30,25.360000610351562,25.360000610351562,25.360000610351562,25.360000610351562,0.0,25.360000610351562
2017-05-31,25.360000610351562,25.360000610351562,25.360000610351562,25.360000610351562,0.0,25.360000610351562
2017-06-01,25.360000610351562,25.360000610351562,25.360000610351562,25.360000610351562,0.0,25.360000610351562
2017-06-02,25.360000610351562,25.360000610351562,25.360000610351562,25.360000610351562,0.0,25.360000610351562
2017-06-05,25.360000610351562,25.360000610351562,25.360000610351562,25.360000610351562,0.0,25.360000610351562
2017-06-06,25.360000610351562,25.360000610351562,25.360000610351562,25.360000610351562,0.0,25.360000610351562
2017-06-07,25.360000610351562,25.360000610351562,25.360000610351562,25.360000610351562,0.0,25.360000610351562
2017-06-08,25.360000610351562,25.360000610351562,25.360000610351562,25.360000610351562,0.0,25.360000610351562
2017-06-09,25.360000610351562,25.360000610351562,25.360000610351562,25.360000610351562,0.0,25.360000610351562
2017-06-12,25.360000610351562,25.360000610351562,25.360000610351562,25.360000610351562,0.0,25.360000610351562
2017-06-13,25.360000610351562,25.360000610351562,25.360000610351562,25.360000610351562,0.0,25.360000610351562
2017-06-14,25.360000610351562,25.360000610351562,25.360000610351562,25.360000610351562,0.0,25.360000610351562
2017-06-15,25.360000610351562,25.360000610351562,25.360000610351562,25.360000610351562,0.0,25.360000610351562
2017-06-16,25.360000610351562,25.360000610351562,25.360000610351562,25.360000610351562,0.0,25.360000610351562
2017-06-19,25.360000610351562,25.360000610351562,25.360000610351562,25.360000610351562,0.0,25.360000610351562
2017-06-20,25.360000610351562,25.360000610351562,25.360000610351562,25.360000610351562,0.0,25.360000610351562
2017-06-21,25.360000610351562,25.360000610351562,25.360000610351562,25.360000610351562,0.0,25.360000610351562
2017-06-22,25.360000610351562,25.360000610351562,25.360000610351562,25.360000610351562,0.0,25.360000610351562
2017-06-23,25.360000610351562,25.360000610351562,25.360000610351562,25.360000610351562,0.0,25.360000610351562
2017-06-26,25.360000610351562,25.360000610351562,25.360000610351562,25.360000610351562,0.0,25.360000610351562
2017-06-27,25.360000610351562,25.360000610351562,25.360000610351562,25.360000610351562,0.0,25.360000610351562
2017-06-28,25.360000610351562,25.360000610351562,25.360000610351562,25.360000610351562,0.0,25.360000610351562
2017-06-29,25.360000610351562,25.360000610351562,25.360000610351562,25.360000610351562,0.0,25.360000610351562
2017-06-30,25.360000610351562,25.360000610351562,25.360000610351562,25.360000610351562,0.0,25.360000610351562
2017-07-03,25.360000610351562,25.360000610351562,25.360000610351562,25.360000610351562,0.0,25.360000610351562
2017-07-05,25.360000610351562,25.360000610351562,25.360000610351562,25.360000610351562,0.0,25.360000610351562
2017-07-06,25.360000610351562,25.360000610351562,25.360000610351562,25.360000610351562,0.0,25.360000610351562
2017-07-07,25.360000610351562,25.360000610351562,25.360000610351562,25.360000610351562,0.0,25.360000610351562
2017-07-10,25.360000610351562,25.360000610351562,25.360000610351562,25.360000610351562,0.0,25.360000610351562
2017-07-11,25.360000610351562,25.360000610351562,25.360000610351562,25.360000610351562,0.0,25.360000610351562
2017-07-12,25.360000610351562,25.360000610351562,25.360000610351562,25.360000610351562,0.0,25.360000610351562
2017-07-13,25.360000610351562,25.360000610351562,25.360000610351562,25.360000610351562,0.0,25.360000610351562
2017-07-14,25.360000610351562,25.360000610351562,25.360000610351562,25.360000610351562,0.0,25.360000610351562
2017-07-17,25.360000610351562,25.360000610351562,25.360000610351562,25.360000610351562,0.0,25.360000610351562
2017-07-18,25.360000610351562,25.360000610351562,25.360000610351562,25.360000610351562,0.0,25.360000610351562
2017-07-19,25.360000610351562,25.360000610351562,25.360000610351562,25.360000610351562,0.0,25.360000610351562
2017-07-20,25.360000610351562,25.360000610351562,25.360000610351562,25.360000610351562,0.0,25.360000610351562
2017-07-21,25.360000610351562,25.360000610351562,25.360000610351562,25.360000610351562,0.0,25.360000610351562
2017-07-24,25.360000610351562,25.360000610351562,25.360000610351562,25.360000610351562,0.0,25.360000610351562
2017-07-25,25.360000610351562,25.360000610351562,25.360000610351562,25.360000610351562,0.0,25.360000610351562
2017-07-26,25.360000610351562,25.360000610351562,25.360000610351562,25.360000610351562,0.0,25.360000610351562
2017-07-27,25.360000610351562,25.360000610351562,25.360000610351562,25.360000610351562,0.0,25.360000610351562
2017-07-28,25.360000610351562,25.360000610351562,25.360000610351562,25.360000610351562,0.0,25.360000610351562
2017-07-31,25.360000610351562,25.360000610351562,25.360000610351562,25.360000610351562,0.0,25.360000610351562
2017-08-01,25.360000610351562,25.360000610351562,25.360000610351562,25.360000610351562,0.0,25.360000610351562
2017-08-02,25.360000610351562,25.360000610351562,25.360000610351562,25.360000610351562,0.0,25.360000610351562
2017-08-03,25.360000610351562,25.360000610351562,25.360000610351562,25.360000610351562,0.0,25.360000610351562
2017-08-04,25.360000610351562,25.360000610351562,25.360000610351562,25.360000610351562,0.0,25.360000610351562
2017-08-07,25.360000610351562,25.360000610351562,25.360000610351562,25.360000610351562,0.0,25.360000610351562
2017-08-08,25.360000610351562,25.360000610351562,25.360000610351562,25.360000610351562,0.0,25.360000610351562
2017-08-09,25.360000610351562,25.360000610351562,25.360000610351562,25.360000610351562,0.0,25.360000610351562
2017-08-10,25.360000610351562,25.360000610351562,25.360000610351562,25.360000610351562,0.0,25.360000610351562
2017-08-11,25.360000610351562,25.360000610351562,25.360000610351562,25.360000610351562,0.0,25.360000610351562
2017-08-14,25.360000610351562,25.360000610351562,25.360000610351562,25.360000610351562,0.0,25.360000610351562
2017-08-15,25.360000610351562,25.360000610351562,25.360000610351562,25.360000610351562,0.0,25.360000610351562
2017-08-16,25.360000610351562,25.360000610351562,25.360000610351562,25.360000610351562,0.0,25.360000610351562
2017-08-17,25.360000610351562,25.360000610351562,25.360000610351562,25.360000610351562,0.0,25.360000610351562
2017-08-18,25.360000610351562,25.360000610351562,25.360000610351562,25.360000610351562,0.0,25.360000610351562
2017-08-21,25.360000610351562,25.360000610351562,25.360000610351562,25.360000610351562,0.0,25.360000610351562
2017-08-22,25.360000610351562,25.360000610351562,25.360000610351562,25.360000610351562,0.0,25.360000610351562
2017-08-23,25.360000610351562,25.360000610351562,25.360000610351562,25.360000610351562,0.0,25.360000610351562
2017-08-24,25.360000610351562,25.360000610351562,25.360000610351562,25.360000610351562,0.0,25.360000610351562
2017-08-25,25.360000610351562,25.360000610351562,25.360000610351562,25.360000610351562,0.0,25.360000610351562
2017-08-28,25.360000610351562,25.360000610351562,25.360000610351562,25.360000610351562,0.0,25.360000610351562
2017-08-29,25.360000610351562,25.360000610351562,25.360000610351562,25.360000610351562,0.0,25.360000610351562
2017-08-30,25.360000610351562,25.360000610351562,25.360000610351562,25.360000610351562,0.0,25.360000610351562
2017-08-31,25.360000610351562,25.360000610351562,25.360000610351562,25.360000610351562,0.0,25.360000610351562
2017-09-01,25.360000610351562,25.360000610351562,25.360000610351562,25.360000610351562,0.0,25.360000610351562
2017-09-05,25.360000610351562,25.360000610351562,25.360000610351562,25.360000610351562,0.0,25.360000610351562
2017-09-06,25.360000610351562,25.360000610351562,25.360000610351562,25.360000610351562,0.0,25.360000610351562
2017-09-07,25.360000610351562,25.360000610351562,25.360000610351562,25.360000610351562,0.0,25.360000610351562
2017-09-08,25.360000610351562,25.360000610351562,25.360000610351562,25.360000610351562,0.0,25.360000610351562
2017-09-11,25.360000610351562,25.360000610351562,25.360000610351562,25.360000610351562,0.0,25.360000610351562
2017-09-12,25.360000610351562,25.360000610351562,25.360000610351562,25.360000610351562,0.0,25.360000610351562
2017-09-13,25.360000610351562,25.360000610351562,25.360000610351562,25.360000610351562,0.0,25.360000610351562
2017-09-14,25.360000610351562,25.360000610351562,25.360000610351562,25.360000610351562,0.0,25.360000610351562
2017-09-15,25.360000610351562,25.360000610351562,25.360000610351562,25.360000610351562,0.0,25.360000610351562
2017-09-18,25.360000610351562,25.360000610351562,25.360000610351562,25.360000610351562,0.0,25.360000610351562
2017-09-19,25.360000610351562,25.360000610351562,25.360000610351562,25.360000610351562,0.0,25.360000610351562
2017-09-20,25.360000610351562,25.360000610351562,25.360000610351562,25.360000610351562,0.0,25.360000610351562
2017-09-21,25.360000610351562,25.360000610351562,25.360000610351562,25.360000610351562,0.0,25.360000610351562
2017-09-22,25.360000610351562,25.360000610351562,25.360000610351562,25.360000610351562,0.0,25.360000610351562
2017-09-25,25.360000610351562,25.360000610351562,25.360000610351562,25.360000610351562,0.0,25.360000610351562
2017-09-26,25.360000610351562,25.360000610351562,25.360000610351562,25.360000610351562,0.0,25.360000610351562
2017-09-27,25.360000610351562,25.360000610351562,25.360000610351562,25.360000610351562,0.0,25.360000610351562
2017-09-28,25.360000610351562,25.360000610351562,25.360000610351562,25.360000610351562,0.0,25.360000610351562
2017-09-29,25.360000610351562,25.360000610351562,25.360000610351562,25.360000610351562,0.0,25.360000610351562
2017-10-02,25.360000610351562,25.360000610351562,25.360000610351562,25.360000610351562,0.0,25.360000610351562
2017-10-03,25.360000610351562,25.360000610351562,25.360000610351562,25.360000610351562,0.0,25.360000610351562
2017-10-04,25.360000610351562,25.360000610351562,25.360000610351562,25.360000610351562,0.0,25.360000610351562
2017-10-05,25.360000610351562,25.360000610351562,25.360000610351562,25.360000610351562,0.0,25.360000610351562
2017-10-06,25.360000610351562,25.360000610351562,25.360000610351562,25.360000610351562,0.0,25.360000610351562
2017-10-09,25.360000610351562,25.360000610351562,25.360000610351562,25.360000610351562,0.0,25.360000610351562
2017-10-10,25.360000610351562,25.360000610351562,25.360000610351562,25.360000610351562,0.0,25.360000610351562
2017-10-11,25.360000610351562,25.360000610351562,25.360000610351562,25.360000610351562,0.0,25.360000610351562
2017-10-12,25.360000610351562,25.360000610351562,25.360000610351562,25.360000610351562,0.0,25.360000610351562
2017-10-13,25.360000610351562,25.360000610351562,25.360000610351562,25.360000610351562,0.0,25.360000610351562
2017-10-16,25.360000610351562,25.360000610351562,25.360000610351562,25.360000610351562,0.0,25.360000610351562
2017-10-17,25.360000610351562,25.360000610351562,25.360000610351562,25.360000610351562,0.0,25.360000610351562
2017-10-18,25.360000610351562,25.360000610351562,25.360000610351562,25.360000610351562,0.0,25.360000610351562
2017-10-19,25.360000610351562,25.360000610351562,25.360000610351562,25.360000610351562,0.0,25.360000610351562
2017-10-20,25.360000610351562,25.360000610351562,25.360000610351562,25.360000610351562,0.0,25.360000610351562
2017-10-23,25.360000610351562,25.360000610351562,25.360000610351562,25.360000610351562,0.0,25.360000610351562
2017-10-24,25.360000610351562,25.360000610351562,25.360000610351562,25.360000610351562,0.0,25.360000610351562
2017-10-25,25.360000610351562,25.360000610351562,25.360000610351562,25.360000610351562,0.0,25.360000610351562
2017-10-26,25.360000610351562,25.360000610351562,25.360000610351562,25.360000610351562,0.0,25.360000610351562
2017-10-27,25.360000610351562,25.360000610351562,25.360000610351562,25.360000610351562,0.0,25.360000610351562
2017-10-30,25.360000610351562,25.360000610351562,25.360000610351562,25.360000610351562,0.0,25.360000610351562
2017-10-31,25.360000610351562,25.360000610351562,25.360000610351562,25.360000610351562,0.0,25.360000610351562
2017-11-01,25.360000610351562,25.360000610351562,25.360000610351562,25.360000610351562,0.0,25.360000610351562
2017-11-02,25.360000610351562,25.360000610351562,25.360000610351562,25.360000610351562,0.0,25.360000610351562
2017-11-03,25.360000610351562,25.360000610351562,25.360000610351562,25.360000610351562,0.0,25.360000610351562
2017-11-06,25.360000610351562,25.360000610351562,25.360000610351562,25.360000610351562,0.0,25.360000610351562
2017-11-07,25.360000610351562,25.360000610351562,25.360000610351562,25.360000610351562,0.0,25.360000610351562
2017-11-08,25.360000610351562,25.360000610351562,25.360000610351562,25.360000610351562,0.0,25.360000610351562
2017-11-09,25.360000610351562,25.360000610351562,25.360000610351562,25.360000610351562,0.0,25.360000610351562
2017-11-10,25.360000610351562,25.360000610351562,25.360000610351562,25.360000610351562,0.0,25.360000610351562
2017-11-13,25.360000610351562,25.360000610351562,25.360000610351562,25.360000610351562,0.0,25.360000610351562
2017-11-14,25.360000610351562,25.360000610351562,25.360000610351562,25.360000610351562,0.0,25.360000610351562
2017-11-15,25.360000610351562,25.360000610351562,25.360000610351562,25.360000610351562,0.0,25.360000610351562
2017-11-16,25.360000610351562,25.360000610351562,25.360000610351562,25.360000610351562,0.0,25.360000610351562
2017-11-17,25.360000610351562,25.360000610351562,25.360000610351562,25.360000610351562,0.0,25.360000610351562
2017-11-20,25.360000610351562,25.360000610351562,25.360000610351562,25.360000610351562,0.0,25.360000610351562
2017-11-21,25.360000610351562,25.360000610351562,25.360000610351562,25.360000610351562,0.0,25.360000610351562
2017-11-22,25.360000610351562,25.360000610351562,25.360000610351562,25.360000610351562,0.0,25.360000610351562
2017-11-24,25.360000610351562,25.360000610351562,25.360000610351562,25.360000610351562,0.0,25.360000610351562
2017-11-27,25.360000610351562,25.360000610351562,25.360000610351562,25.360000610351562,0.0,25.360000610351562
2017-11-28,25.360000610351562,25.360000610351562,25.360000610351562,25.360000610351562,0.0,25.360000610351562
2017-11-29,25.360000610351562,25.360000610351562,25.360000610351562,25.360000610351562,0.0,25.360000610351562
2017-11-30,25.360000610351562,25.360000610351562,25.360000610351562,25.360000610351562,0.0,25.360000610351562
2017-12-01,25.360000610351562,25.360000610351562,25.360000610351562,25.360000610351562,0.0,25.360000610351562
2017-12-04,25.360000610351562,25.360000610351562,25.360000610351562,25.360000610351562,0.0,25.360000610351562
2017-12-05,25.360000610351562,25.360000610351562,25.360000610351562,25.360000610351562,0.0,25.360000610351562
2017-12-06,25.360000610351562,25.360000610351562,25.360000610351562,25.360000610351562,0.0,25.360000610351562
2017-12-07,25.360000610351562,25.360000610351562,25.360000610351562,25.360000610351562,0.0,25.360000610351562
2017-12-08,25.360000610351562,25.360000610351562,25.360000610351562,25.360000610351562,0.0,25.360000610351562
2017-12-11,25.360000610351562,25.360000610351562,25.360000610351562,25.360000610351562,0.0,25.360000610351562
2017-12-12,25.360000610351562,25.360000610351562,25.360000610351562,25.360000610351562,0.0,25.360000610351562
2017-12-13,25.360000610351562,25.360000610351562,25.360000610351562,25.360000610351562,0.0,25.360000610351562
2017-12-14,25.360000610351562,25.360000610351562,25.360000610351562,25.360000610351562,0.0,25.360000610351562
2017-12-15,25.360000610351562,25.360000610351562,25.360000610351562,25.360000610351562,0.0,25.360000610351562
2017-12-18,25.360000610351562,25.360000610351562,25.360000610351562,25.360000610351562,0.0,25.360000610351562
2017-12-19,25.360000610351562,25.360000610351562,25.360000610351562,25.360000610351562,0.0,25.360000610351562
2017-12-20,25.360000610351562,25.360000610351562,25.360000610351562,25.360000610351562,0.0,25.360000610351562
2017-12-21,25.360000610351562,25.360000610351562,25.360000610351562,25.360000610351562,0.0,25.360000610351562
2017-12-22,25.360000610351562,25.360000610351562,25.360000610351562,25.360000610351562,0.0,25.360000610351562
2017-12-26,25.360000610351562,25.360000610351562,25.360000610351562,25.360000610351562,0.0,25.360000610351562
2017-12-27,25.360000610351562,25.360000610351562,25.360000610351562,25.360000610351562,0.0,25.360000610351562
2017-12-28,25.360000610351562,25.360000610351562,25.360000610351562,25.360000610351562,0.0,25.360000610351562
2017-12-29,25.360000610351562,25.360000610351562,25.360000610351562,25.360000610351562,0.0,25.360000610351562
2018-01-02,25.360000610351562,25.360000610351562,25.360000610351562,25.360000610351562,0.0,25.360000610351562
2018-01-03,25.360000610351562,25.360000610351562,25.360000610351562,25.360000610351562,0.0,25.360000610351562
2018-01-04,25.360000610351562,25.360000610351562,25.360000610351562,25.360000610351562,0.0,25.360000610351562
2018-01-05,25.360000610351562,25.360000610351562,25.360000610351562,25.360000610351562,0.0,25.360000610351562
2018-01-08,25.360000610351562,25.360000610351562,25.360000610351562,25.360000610351562,0.0,25.360000610351562
2018-01-09,25.360000610351562,25.360000610351562,25.360000610351562,25.360000610351562,0.0,25.360000610351562
2018-01-10,25.360000610351562,25.360000610351562,25.360000610351562,25.360000610351562,0.0,25.360000610351562
2018-01-11,25.360000610351562,25.360000610351562,25.360000610351562,25.360000610351562,0.0,25.360000610351562
2018-01-12,25.360000610351562,25.360000610351562,25.360000610351562,25.360000610351562,0.0,25.360000610351562
2018-01-16,25.360000610351562,25.360000610351562,25.360000610351562,25.360000610351562,0.0,25.360000610351562
2018-01-17,25.360000610351562,25.360000610351562,25.360000610351562,25.360000610351562,0.0,25.360000610351562
2018-01-18,25.360000610351562,25.360000610351562,25.360000610351562,25.360000610351562,0.0,25.360000610351562
2018-01-19,25.360000610351562,25.360000610351562,25.360000610351562,25.360000610351562,0.0,25.360000610351562
2018-01-22,25.360000610351562,25.360000610351562,25.360000610351562,25.360000610351562,0.0,25.360000610351562
2018-01-23,25.360000610351562,25.360000610351562,25.360000610351562,25.360000610351562,0.0,25.360000610351562
2018-01-24,25.360000610351562,25.360000610351562,25.360000610351562,25.360000610351562,0.0,25.360000610351562
2018-01-25,25.360000610351562,25.360000610351562,25.360000610351562,25.360000610351562,0.0,25.360000610351562
2018-01-26,25.360000610351562,25.360000610351562,25.360000610351562,25.360000610351562,0.0,25.360000610351562
2018-01-29,25.360000610351562,25.360000610351562,25.360000610351562,25.360000610351562,0.0,25.360000610351562
2018-01-30,25.360000610351562,25.360000610351562,25.360000610351562,25.360000610351562,0.0,25.360000610351562
2018-01-31,25.360000610351562,25.360000610351562,25.360000610351562,25.360000610351562,0.0,25.360000610351562
2018-02-01,25.360000610351562,25.360000610351562,25.360000610351562,25.360000610351562,0.0,25.360000610351562
2018-02-02,25.360000610351562,25.360000610351562,25.360000610351562,25.360000610351562,0.0,25.360000610351562
2018-02-05,25.360000610351562,25.360000610351562,25.360000610351562,25.360000610351562,0.0,25.360000610351562
2018-02-06,25.360000610351562,25.360000610351562,25.360000610351562,25.360000610351562,0.0,25.360000610351562
2018-02-07,25.360000610351562,25.360000610351562,25.360000610351562,25.360000610351562,0.0,25.360000610351562
2018-02-08,25.360000610351562,25.360000610351562,25.360000610351562,25.360000610351562,0.0,25.360000610351562
2018-02-09,25.360000610351562,25.360000610351562,25.360000610351562,25.360000610351562,0.0,25.360000610351562
2018-02-12,25.360000610351562,25.360000610351562,25.360000610351562,25.360000610351562,0.0,25.360000610351562
2018-02-13,25.360000610351562,25.360000610351562,25.360000610351562,25.360000610351562,0.0,25.360000610351562
2018-02-14,25.360000610351562,25.360000610351562,25.360000610351562,25.360000610351562,0.0,25.360000610351562
2018-02-15,25.360000610351562,25.360000610351562,25.360000610351562,25.360000610351562,0.0,25.360000610351562
2018-02-16,25.360000610351562,25.360000610351562,25.360000610351562,25.360000610351562,0.0,25.360000610351562
2018-02-20,25.360000610351562,25.360000610351562,25.360000610351562,25.360000610351562,0.0,25.360000610351562
2018-02-21,25.360000610351562,25.360000610351562,25.360000610351562,25.360000610351562,0.0,25.360000610351562
2018-02-22,25.360000610351562,25.360000610351562,25.360000610351562,25.360000610351562,0.0,25.360000610351562
2018-02-23,25.360000610351562,25.360000610351562,25.360000610351562,25.360000610351562,0.0,25.360000610351562
2018-02-26,25.360000610351562,25.360000610351562,25.360000610351562,25.360000610351562,0.0,25.360000610351562
2018-02-27,25.360000610351562,25.360000610351562,25.360000610351562,25.360000610351562,0.0,25.360000610351562
2018-02-28,25.360000610351562,25.360000610351562,25.360000610351562,25.360000610351562,0.0,25.360000610351562
2018-03-01,25.360000610351562,25.360000610351562,25.360000610351562,25.360000610351562,0.0,25.360000610351562
2018-03-02,25.360000610351562,25.360000610351562,25.360000610351562,25.360000610351562,0.0,25.360000610351562
2018-03-05,25.360000610351562,25.360000610351562,25.360000610351562,25.360000610351562,0.0,25.360000610351562
2018-03-06,25.360000610351562,25.360000610351562,25.360000610351562,25.360000610351562,0.0,25.360000610351562
2018-03-07,25.360000610351562,25.360000610351562,25.360000610351562,25.360000610351562,0.0,25.360000610351562
2018-03-08,25.360000610351562,25.360000610351562,25.360000610351562,25.360000610351562,0.0,25.360000610351562
2018-03-09,25.360000610351562,25.360000610351562,25.360000610351562,25.360000610351562,0.0,25.360000610351562
2018-03-12,25.360000610351562,25.360000610351562,25.360000610351562,25.360000610351562,0.0,25.360000610351562
2018-03-13,25.360000610351562,25.360000610351562,25.360000610351562,25.360000610351562,0.0,25.360000610351562
2018-03-14,25.360000610351562,25.360000610351562,25.360000610351562,25.360000610351562,0.0,25.360000610351562
2018-03-15,25.360000610351562,25.360000610351562,25.360000610351562,25.360000610351562,0.0,25.360000610351562
2018-03-16,25.360000610351562,25.360000610351562,25.360000610351562,25.360000610351562,0.0,25.360000610351562
2018-03-19,25.360000610351562,25.360000610351562,25.360000610351562,25.360000610351562,0.0,25.360000610351562
2018-03-20,25.360000610351562,25.360000610351562,25.360000610351562,25.360000610351562,0.0,25.360000610351562
2018-03-21,25.360000610351562,25.360000610351562,25.360000610351562,25.360000610351562,0.0,25.360000610351562
2018-03-22,25.360000610351562,25.360000610351562,25.360000610351562,25.360000610351562,0.0,25.360000610351562
2018-03-23,25.360000610351562,25.360000610351562,25.360000610351562,25.360000610351562,0.0,25.360000610351562
2018-03-26,25.360000610351562,25.360000610351562,25.360000610351562,25.360000610351562,0.0,25.360000610351562
2018-03-27,25.360000610351562,25.360000610351562,25.360000610351562,25.360000610351562,0.0,25.360000610351562
2018-03-28,25.360000610351562,25.360000610351562,25.360000610351562,25.360000610351562,0.0,25.360000610351562
2018-03-29,25.360000610351562,25.360000610351562,25.360000610351562,25.360000610351562,0.0,25.360000610351562
2018-04-02,25.360000610351562,25.360000610351562,25.360000610351562,25.360000610351562,0.0,25.360000610351562
2018-04-03,25.360000610351562,25.360000610351562,25.360000610351562,25.360000610351562,0.0,25.360000610351562
2018-04-04,25.360000610351562,25.360000610351562,25.360000610351562,25.360000610351562,0.0,25.360000610351562
2018-04-05,25.360000610351562,25.360000610351562,25.360000610351562,25.360000610351562,0.0,25.360000610351562
2018-04-06,25.360000610351562,25.360000610351562,25.360000610351562,25.360000610351562,0.0,25.360000610351562
2018-04-09,25.360000610351562,25.360000610351562,25.360000610351562,25.360000610351562,0.0,25.360000610351562
2018-04-10,25.360000610351562,25.360000610351562,25.360000610351562,25.360000610351562,0.0,25.360000610351562
2018-04-11,25.360000610351562,25.360000610351562,25.360000610351562,25.360000610351562,0.0,25.360000610351562
2018-04-12,25.360000610351562,25.360000610351562,25.360000610351562,25.360000610351562,0.0,25.360000610351562
2018-04-13,25.360000610351562,25.360000610351562,25.360000610351562,25.360000610351562,0.0,25.360000610351562
2018-04-16,25.360000610351562,25.360000610351562,25.360000610351562,25.360000610351562,0.0,25.360000610351562
2018-04-17,25.360000610351562,25.360000610351562,25.360000610351562,25.360000610351562,0.0,25.360000610351562
2018-04-18,25.360000610351562,25.360000610351562,25.360000610351562,25.360000610351562,0.0,25.360000610351562
2018-04-19,25.360000610351562,25.360000610351562,25.360000610351562,25.360000610351562,0.0,25.360000610351562
2018-04-20,25.360000610351562,25.360000610351562,25.360000610351562,25.360000610351562,0.0,25.360000610351562
2018-04-23,25.360000610351562,25.360000610351562,25.360000610351562,25.360000610351562,0.0,25.360000610351562
2018-04-24,25.360000610351562,25.360000610351562,25.360000610351562,25.360000610351562,0.0,25.360000610351562
2018-04-25,25.360000610351562,25.360000610351562,25.360000610351562,25.360000610351562,0.0,25.360000610351562
2018-04-26,25.360000610351562,25.360000610351562,25.360000610351562,25.360000610351562,0.0,25.360000610351562
2018-04-27,25.360000610351562,25.360000610351562,25.360000610351562,25.360000610351562,0.0,25.360000610351562
2018-04-30,25.360000610351562,25.360000610351562,25.360000610351562,25.360000610351562,0.0,25.360000610351562
2018-05-01,25.360000610351562,25.360000610351562,25.360000610351562,25.360000610351562,0.0,25.360000610351562
2018-05-02,25.360000610351562,25.360000610351562,25.360000610351562,25.360000610351562,0.0,25.360000610351562
2018-05-03,25.360000610351562,25.360000610351562,25.360000610351562,25.360000610351562,0.0,25.360000610351562
2018-05-04,25.360000610351562,25.360000610351562,25.360000610351562,25.360000610351562,0.0,25.360000610351562
2018-05-07,25.360000610351562,25.360000610351562,25.360000610351562,25.360000610351562,0.0,25.360000610351562
2018-05-08,25.360000610351562,25.360000610351562,25.360000610351562,25.360000610351562,0.0,25.360000610351562
2018-05-09,25.360000610351562,25.360000610351562,25.360000610351562,25.360000610351562,0.0,25.360000610351562
2018-05-10,25.360000610351562,25.360000610351562,25.360000610351562,25.360000610351562,0.0,25.360000610351562
2018-05-11,25.360000610351562,25.360000610351562,25.360000610351562,25.360000610351562,0.0,25.360000610351562
2018-05-14,25.360000610351562,25.360000610351562,25.360000610351562,25.360000610351562,0.0,25.360000610351562
2018-05-15,25.360000610351562,25.360000610351562,25.360000610351562,25.360000610351562,0.0,25.360000610351562
2018-05-16,25.360000610351562,25.360000610351562,25.360000610351562,25.360000610351562,0.0,25.360000610351562
2018-05-17,25.360000610351562,25.360000610351562,25.360000610351562,25.360000610351562,0.0,25.360000610351562
2018-05-18,25.360000610351562,25.360000610351562,25.360000610351562,25.360000610351562,0.0,25.360000610351562
2018-05-21,25.360000610351562,25.360000610351562,25.360000610351562,25.360000610351562,0.0,25.360000610351562
2018-05-22,25.360000610351562,25.360000610351562,25.360000610351562,25.360000610351562,0.0,25.360000610351562
2018-05-23,25.360000610351562,25.360000610351562,25.360000610351562,25.360000610351562,0.0,25.360000610351562
2018-05-24,25.360000610351562,25.360000610351562,25.360000610351562,25.360000610351562,0.0,25.360000610351562
2018-05-25,25.360000610351562,25.360000610351562,25.360000610351562,25.360000610351562,0.0,25.360000610351562
2018-05-29,25.360000610351562,25.360000610351562,25.360000610351562,25.360000610351562,0.0,25.360000610351562
2018-05-30,25.360000610351562,25.360000610351562,25.360000610351562,25.360000610351562,0.0,25.360000610351562
2018-05-31,25.360000610351562,25.360000610351562,25.360000610351562,25.360000610351562,0.0,25.360000610351562
2018-06-01,25.360000610351562,25.360000610351562,25.360000610351562,25.360000610351562,0.0,25.360000610351562
2018-06-04,25.360000610351562,25.360000610351562,25.360000610351562,25.360000610351562,0.0,25.360000610351562
2018-06-05,25.360000610351562,25.360000610351562,25.360000610351562,25.360000610351562,0.0,25.360000610351562
2018-06-06,25.360000610351562,25.360000610351562,25.360000610351562,25.360000610351562,0.0,25.360000610351562
2018-06-07,25.360000610351562,25.360000610351562,25.360000610351562,25.360000610351562,0.0,25.360000610351562
2018-06-08,25.360000610351562,25.360000610351562,25.360000610351562,25.360000610351562,0.0,25.360000610351562
2018-06-11,25.360000610351562,25.360000610351562,25.360000610351562,25.360000610351562,0.0,25.360000610351562
2018-06-12,25.360000610351562,25.360000610351562,25.360000610351562,25.360000610351562,0.0,25.360000610351562
2018-06-13,25.360000610351562,25.360000610351562,25.360000610351562,25.360000610351562,0.0,25.360000610351562
2018-06-14,25.360000610351562,25.360000610351562,25.360000610351562,25.360000610351562,0.0,25.360000610351562
2018-06-15,25.360000610351562,25.360000610351562,25.360000610351562,25.360000610351562,0.0,25.360000610351562
2018-06-18,25.360000610351562,25.360000610351562,25.360000610351562,25.360000610351562,0.0,25.360000610351562
2018-06-19,25.360000610351562,25.360000610351562,25.360000610351562,25.360000610351562,0.0,25.360000610351562
2018-06-20,25.360000610351562,25.360000610351562,25.360000610351562,25.360000610351562,0.0,25.360000610351562
2018-06-21,25.360000610351562,25.360000610351562,25.360000610351562,25.360000610351562,0.0,25.360000610351562
2018-06-22,25.360000610351562,25.360000610351562,25.360000610351562,25.360000610351562,0.0,25.360000610351562
2018-06-25,25.360000610351562,25.360000610351562,25.360000610351562,25.360000610351562,0.0,25.360000610351562
2018-06-26,25.360000610351562,25.360000610351562,25.360000610351562,25.360000610351562,0.0,25.360000610351562
2018-06-27,25.360000610351562,25.360000610351562,25.360000610351562,25.360000610351562,0.0,25.360000610351562
2018-06-28,25.360000610351562,25.360000610351562,25.360000610351562,25.360000610351562,0.0,25.360000610351562
2018-06-29,25.360000610351562,25.360000610351562,25.360000610351562,25.360000610351562,0.0,25.360000610351562
2018-07-02,25.360000610351562,25.360000610351562,25.360000610351562,25.360000610351562,0.0,25.360000610351562
2018-07-03,25.360000610351562,25.360000610351562,25.360000610351562,25.360000610351562,0.0,25.360000610351562
2018-07-05,25.360000610351562,25.360000610351562,25.360000610351562,25.360000610351562,0.0,25.360000610351562
2018-07-06,25.360000610351562,25.360000610351562,25.360000610351562,25.360000610351562,0.0,25.360000610351562
2018-07-09,25.360000610351562,25.360000610351562,25.360000610351562,25.360000610351562,0.0,25.360000610351562
2018-07-10,25.360000610351562,25.360000610351562,25.360000610351562,25.360000610351562,0.0,25.360000610351562
2018-07-11,25.360000610351562,25.360000610351562,25.360000610351562,25.360000610351562,0.0,25.360000610351562
2018-07-12,25.360000610351562,25.360000610351562,25.360000610351562,25.360000610351562,0.0,25.360000610351562
2018-07-13,25.360000610351562,25.360000610351562,25.360000610351562,25.360000610351562,0.0,25.360000610351562
2018-07-16,25.360000610351562,25.360000610351562,25.360000610351562,25.360000610351562,0.0,25.360000610351562
2018-07-17,25.360000610351562,25.360000610351562,25.360000610351562,25.360000610351562,0.0,25.360000610351562
2018-07-18,25.360000610351562,25.360000610351562,25.360000610351562,25.360000610351562,0.0,25.360000610351562
2018-07-19,25.360000610351562,25.360000610351562,25.360000610351562,25.360000610351562,0.0,25.360000610351562
2018-07-20,25.360000610351562,25.360000610351562,25.360000610351562,25.360000610351562,0.0,25.360000610351562
2018-07-23,25.360000610351562,25.360000610351562,25.360000610351562,25.360000610351562,0.0,25.360000610351562
2018-07-24,25.360000610351562,25.360000610351562,25.360000610351562,25.360000610351562,0.0,25.360000610351562
2018-07-25,25.360000610351562,25.360000610351562,25.360000610351562,25.360000610351562,0.0,25.360000610351562
2018-07-26,25.360000610351562,25.360000610351562,25.360000610351562,25.360000610351562,0.0,25.360000610351562
2018-07-27,25.360000610351562,25.360000610351562,25.360000610351562,25.360000610351562,0.0,25.360000610351562
2018-07-30,25.360000610351562,25.360000610351562,25.360000610351562,25.360000610351562,0.0,25.360000610351562
2018-07-31,25.360000610351562,25.360000610351562,25.360000610351562,25.360000610351562,0.0,25.360000610351562
2018-08-01,25.360000610351562,25.360000610351562,25.360000610351562,25.360000610351562,0.0,25.360000610351562
2018-08-02,25.360000610351562,25.360000610351562,25.360000610351562,25.360000610351562,0.0,25.360000610351562
2018-08-03,25.360000610351562,25.360000610351562,25.360000610351562,25.360000610351562,0.0,25.360000610351562
2018-08-06,25.360000610351562,25.360000610351562,25.360000610351562,25.360000610351562,0.0,25.360000610351562
2018-08-07,25.360000610351562,25.360000610351562,25.360000610351562,25.360000610351562,0.0,25.360000610351562
2018-08-08,25.360000610351562,25.360000610351562,25.360000610351562,25.360000610351562,0.0,25.360000610351562
2018-08-09,25.360000610351562,25.360000610351562,25.360000610351562,25.360000610351562,0.0,25.360000610351562
2018-08-10,25.360000610351562,25.360000610351562,25.360000610351562,25.360000610351562,0.0,25.360000610351562
2018-08-13,25.360000610351562,25.360000610351562,25.360000610351562,25.360000610351562,0.0,25.360000610351562
2018-08-14,25.360000610351562,25.360000610351562,25.360000610351562,25.360000610351562,0.0,25.360000610351562
2018-08-15,25.360000610351562,25.360000610351562,25.360000610351562,25.360000610351562,0.0,25.360000610351562
2018-08-16,25.360000610351562,25.360000610351562,25.360000610351562,25.360000610351562,0.0,25.360000610351562
2018-08-17,25.360000610351562,25.360000610351562,25.360000610351562,25.360000610351562,0.0,25.360000610351562
2018-08-20,25.360000610351562,25.360000610351562,25.360000610351562,25.360000610351562,0.0,25.360000610351562
2018-08-21,25.360000610351562,25.360000610351562,25.360000610351562,25.360000610351562,0.0,25.360000610351562
2018-08-22,25.360000610351562,25.360000610351562,25.360000610351562,25.360000610351562,0.0,25.360000610351562
2018-08-23,25.360000610351562,25.360000610351562,25.360000610351562,25.360000610351562,0.0,25.360000610351562
2018-08-24,25.360000610351562,25.360000610351562,25.360000610351562,25.360000610351562,0.0,25.360000610351562
2018-08-27,25.360000610351562,25.360000610351562,25.360000610351562,25.360000610351562,0.0,25.360000610351562
2018-08-28,25.360000610351562,25.360000610351562,25.360000610351562,25.360000610351562,0.0,25.360000610351562
2018-08-29,25.360000610351562,25.360000610351562,25.360000610351562,25.360000610351562,0.0,25.360000610351562
2018-08-30,25.360000610351562,25.360000610351562,25.360000610351562,25.360000610351562,0.0,25.360000610351562
2018-08-31,25.360000610351562,25.360000610351562,25.360000610351562,25.360000610351562,0.0,25.360000610351562
2018-09-04,25.360000610351562,25.360000610351562,25.360000610351562,25.360000610351562,0.0,25.360000610351562
2018-09-05,25.360000610351562,25.360000610351562,25.360000610351562,25.360000610351562,0.0,25.360000610351562
2018-09-06,25.360000610351562,25.360000610351562,25.360000610351562,25.360000610351562,0.0,25.360000610351562
2018-09-07,25.360000610351562,25.360000610351562,25.360000610351562,25.360000610351562,0.0,25.360000610351562
2018-09-10,25.360000610351562,25.360000610351562,25.360000610351562,25.360000610351562,0.0,25.360000610351562
2018-09-11,25.360000610351562,25.360000610351562,25.360000610351562,25.360000610351562,0.0,25.360000610351562
2018-09-12,25.360000610351562,25.360000610351562,25.360000610351562,25.360000610351562,0.0,25.360000610351562
2018-09-13,25.360000610351562,25.360000610351562,25.360000610351562,25.360000610351562,0.0,25.360000610351562
2018-09-14,25.360000610351562,25.360000610351562,25.360000610351562,25.360000610351562,0.0,25.360000610351562
2018-09-17,25.360000610351562,25.360000610351562,25.360000610351562,25.360000610351562,0.0,25.360000610351562
2018-09-18,25.360000610351562,25.360000610351562,25.360000610351562,25.360000610351562,0.0,25.360000610351562
2018-09-19,25.360000610351562,25.360000610351562,25.360000610351562,25.360000610351562,0.0,25.360000610351562
2018-09-20,25.360000610351562,25.360000610351562,25.360000610351562,25.360000610351562,0.0,25.360000610351562
2018-09-21,25.360000610351562,25.360000610351562,25.360000610351562,25.360000610351562,0.0,25.360000610351562
2018-09-24,25.360000610351562,25.360000610351562,25.360000610351562,25.360000610351562,0.0,25.360000610351562
2018-09-25,25.360000610351562,25.360000610351562,25.360000610351562,25.360000610351562,0.0,25.360000610351562
2018-09-26,25.360000610351562,25.360000610351562,25.360000610351562,25.360000610351562,0.0,25.360000610351562
2018-09-27,25.360000610351562,25.360000610351562,25.360000610351562,25.360000610351562,0.0,25.360000610351562
2018-09-28,25.360000610351562,25.360000610351562,25.360000610351562,25.360000610351562,0.0,25.360000610351562
2018-10-01,25.360000610351562,25.360000610351562,25.360000610351562,25.360000610351562,0.0,25.360000610351562
2018-10-02,25.360000610351562,25.360000610351562,25.360000610351562,25.360000610351562,0.0,25.360000610351562
2018-10-03,25.360000610351562,25.360000610351562,25.360000610351562,25.360000610351562,0.0,25.360000610351562
2018-10-04,25.360000610351562,25.360000610351562,25.360000610351562,25.360000610351562,0.0,25.360000610351562
2018-10-05,25.360000610351562,25.360000610351562,25.360000610351562,25.360000610351562,0.0,25.360000610351562
2018-10-08,25.360000610351562,25.360000610351562,25.360000610351562,25.360000610351562,0.0,25.360000610351562
2018-10-09,25.360000610351562,25.360000610351562,25.360000610351562,25.360000610351562,0.0,25.360000610351562
2018-10-10,25.360000610351562,25.360000610351562,25.360000610351562,25.360000610351562,0.0,25.360000610351562
2018-10-11,25.360000610351562,25.360000610351562,25.360000610351562,25.360000610351562,0.0,25.360000610351562
2018-10-12,25.360000610351562,25.360000610351562,25.360000610351562,25.360000610351562,0.0,25.360000610351562
2018-10-15,25.360000610351562,25.360000610351562,25.360000610351562,25.360000610351562,0.0,25.360000610351562
2018-10-16,25.360000610351562,25.360000610351562,25.360000610351562,25.360000610351562,0.0,25.360000610351562
2018-10-17,25.360000610351562,25.360000610351562,25.360000610351562,25.360000610351562,0.0,25.360000610351562
2018-10-18,25.360000610351562,25.360000610351562,25.360000610351562,25.360000610351562,0.0,25.360000610351562
2018-10-19,25.360000610351562,25.360000610351562,25.360000610351562,25.360000610351562,0.0,25.360000610351562
2018-10-22,25.360000610351562,25.360000610351562,25.360000610351562,25.360000610351562,0.0,25.360000610351562
2018-10-23,25.360000610351562,25.360000610351562,25.360000610351562,25.360000610351562,0.0,25.360000610351562
2018-10-24,25.360000610351562,25.360000610351562,25.360000610351562,25.360000610351562,0.0,25.360000610351562
2018-10-25,25.360000610351562,25.360000610351562,25.360000610351562,25.360000610351562,0.0,25.360000610351562
2018-10-26,25.360000610351562,25.360000610351562,25.360000610351562,25.360000610351562,0.0,25.360000610351562
2018-10-29,25.360000610351562,25.360000610351562,25.360000610351562,25.360000610351562,0.0,25.360000610351562
2018-10-30,25.360000610351562,25.360000610351562,25.360000610351562,25.360000610351562,0.0,25.360000610351562
2018-10-31,25.360000610351562,25.360000610351562,25.360000610351562,25.360000610351562,0.0,25.360000610351562
2018-11-01,25.360000610351562,25.360000610351562,25.360000610351562,25.360000610351562,0.0,25.360000610351562
2018-11-02,25.360000610351562,25.360000610351562,25.360000610351562,25.360000610351562,0.0,25.360000610351562
2018-11-05,25.360000610351562,25.360000610351562,25.360000610351562,25.360000610351562,0.0,25.360000610351562
2018-11-06,25.360000610351562,25.360000610351562,25.360000610351562,25.360000610351562,0.0,25.360000610351562
2018-11-07,25.360000610351562,25.360000610351562,25.360000610351562,25.360000610351562,0.0,25.360000610351562
2018-11-08,25.360000610351562,25.360000610351562,25.360000610351562,25.360000610351562,0.0,25.360000610351562
2018-11-09,25.360000610351562,25.360000610351562,25.360000610351562,25.360000610351562,0.0,25.360000610351562
2018-11-12,25.360000610351562,25.360000610351562,25.360000610351562,25.360000610351562,0.0,25.360000610351562
2018-11-13,25.360000610351562,25.360000610351562,25.360000610351562,25.360000610351562,0.0,25.360000610351562
2018-11-14,25.360000610351562,25.360000610351562,25.360000610351562,25.360000610351562,0.0,25.360000610351562
2018-11-15,25.360000610351562,25.360000610351562,25.360000610351562,25.360000610351562,0.0,25.360000610351562
2018-11-16,25.360000610351562,25.360000610351562,25.360000610351562,25.360000610351562,0.0,25.360000610351562
2018-11-19,25.360000610351562,25.360000610351562,25.360000610351562,25.360000610351562,0.0,25.360000610351562
2018-11-20,25.360000610351562,25.360000610351562,25.360000610351562,25.360000610351562,0.0,25.360000610351562
2018-11-21,25.360000610351562,25.360000610351562,25.360000610351562,25.360000610351562,0.0,25.360000610351562
2018-11-23,25.360000610351562,25.360000610351562,25.360000610351562,25.360000610351562,0.0,25.360000610351562
2018-11-26,25.360000610351562,25.360000610351562,25.360000610351562,25.360000610351562,0.0,25.360000610351562
2018-11-27,25.360000610351562,25.360000610351562,25.360000610351562,25.360000610351562,0.0,25.360000610351562
2018-11-28,25.360000610351562,25.360000610351562,25.360000610351562,25.360000610351562,0.0,25.360000610351562
2018-11-29,25.360000610351562,25.360000610351562,25.360000610351562,25.360000610351562,0.0,25.360000610351562
2018-11-30,25.360000610351562,25.360000610351562,25.360000610351562,25.360000610351562,0.0,25.360000610351562
2018-12-03,25.360000610351562,25.360000610351562,25.360000610351562,25.360000610351562,0.0,25.360000610351562
2018-12-04,25.360000610351562,25.360000610351562,25.360000610351562,25.360000610351562,0.0,25.360000610351562
2018-12-06,25.360000610351562,25.360000610351562,25.360000610351562,25.360000610351562,0.0,25.360000610351562
2018-12-07,25.360000610351562,25.360000610351562,25.360000610351562,25.360000610351562,0.0,25.360000610351562
2018-12-10,25.360000610351562,25.360000610351562,25.360000610351562,25.360000610351562,0.0,25.360000610351562
2018-12-11,25.360000610351562,25.360000610351562,25.360000610351562,25.360000610351562,0.0,25.360000610351562
2018-12-12,25.360000610351562,25.360000610351562,25.360000610351562,25.360000610351562,0.0,25.360000610351562
2018-12-13,25.360000610351562,25.360000610351562,25.360000610351562,25.360000610351562,0.0,25.360000610351562
2018-12-14,25.360000610351562,25.360000610351562,25.360000610351562,25.360000610351562,0.0,25.360000610351562
2018-12-17,25.360000610351562,25.360000610351562,25.360000610351562,25.360000610351562,0.0,25.360000610351562
2018-12-18,25.360000610351562,25.360000610351562,25.360000610351562,25.360000610351562,0.0,25.360000610351562
2018-12-19,25.360000610351562,25.360000610351562,25.360000610351562,25.360000610351562,0.0,25.360000610351562
2018-12-20,25.360000610351562,25.360000610351562,25.360000610351562,25.360000610351562,0.0,25.360000610351562
2018-12-21,25.360000610351562,25.360000610351562,25.360000610351562,25.360000610351562,0.0,25.360000610351562
2018-12-24,25.360000610351562,25.360000610351562,25.360000610351562,25.360000610351562,0.0,25.360000610351562
2018-12-26,25.360000610351562,25.360000610351562,25.360000610351562,25.360000610351562,0.0,25.360000610351562
2018-12-27,25.360000610351562,25.360000610351562,25.360000610351562,25.360000610351562,0.0,25.360000610351562
2018-12-28,25.360000610351562,25.360000610351562,25.360000610351562,25.360000610351562,0.0,25.360000610351562
2018-12-31,25.360000610351562,25.360000610351562,25.360000610351562,25.360000610351562,0.0,25.360000610351562
2019-01-02,25.360000610351562,25.360000610351562,25.360000610351562,25.360000610351562,0.0,25.360000610351562
2019-01-03,25.360000610351562,25.360000610351562,25.360000610351562,25.360000610351562,0.0,25.360000610351562
2019-01-04,25.360000610351562,25.360000610351562,25.360000610351562,25.360000610351562,0.0,25.360000610351562
2019-01-07,25.360000610351562,25.360000610351562,25.360000610351562,25.360000610351562,0.0,25.360000610351562
2019-01-08,25.360000610351562,25.360000610351562,25.360000610351562,25.360000610351562,0.0,25.360000610351562
2019-01-09,25.360000610351562,25.360000610351562,25.360000610351562,25.360000610351562,0.0,25.360000610351562
2019-01-10,25.360000610351562,25.360000610351562,25.360000610351562,25.360000610351562,0.0,25.360000610351562
2019-01-11,25.360000610351562,25.360000610351562,25.360000610351562,25.360000610351562,0.0,25.360000610351562
2019-01-14,25.360000610351562,25.360000610351562,25.360000610351562,25.360000610351562,0.0,25.360000610351562
2019-01-15,25.360000610351562,25.360000610351562,25.360000610351562,25.360000610351562,0.0,25.360000610351562
2019-01-16,25.360000610351562,25.360000610351562,25.360000610351562,25.360000610351562,0.0,25.360000610351562
2019-01-17,25.360000610351562,25.360000610351562,25.360000610351562,25.360000610351562,0.0,25.360000610351562
2019-01-18,25.360000610351562,25.360000610351562,25.360000610351562,25.360000610351562,0.0,25.360000610351562
2019-01-22,25.360000610351562,25.360000610351562,25.360000610351562,25.360000610351562,0.0,25.360000610351562
2019-01-23,25.360000610351562,25.360000610351562,25.360000610351562,25.360000610351562,0.0,25.360000610351562
2019-01-24,25.360000610351562,25.360000610351562,25.360000610351562,25.360000610351562,0.0,25.360000610351562
2019-01-25,25.360000610351562,25.360000610351562,25.360000610351562,25.360000610351562,0.0,25.360000610351562
2019-01-28,25.360000610351562,25.360000610351562,25.360000610351562,25.360000610351562,0.0,25.360000610351562
2019-01-29,25.360000610351562,25.360000610351562,25.360000610351562,25.360000610351562,0.0,25.360000610351562
2019-01-30,25.360000610351562,25.360000610351562,25.360000610351562,25.360000610351562,0.0,25.360000610351562
2019-01-31,25.360000610351562,25.360000610351562,25.360000610351562,25.360000610351562,0.0,25.360000610351562
2019-02-01,25.360000610351562,25.360000610351562,25.360000610351562,25.360000610351562,0.0,25.360000610351562
2019-02-04,25.360000610351562,25.360000610351562,25.360000610351562,25.360000610351562,0.0,25.360000610351562
2019-02-05,25.360000610351562,25.360000610351562,25.360000610351562,25.360000610351562,0.0,25.360000610351562
2019-02-06,25.360000610351562,25.360000610351562,25.360000610351562,25.360000610351562,0.0,25.360000610351562
2019-02-07,25.360000610351562,25.360000610351562,25.360000610351562,25.360000610351562,0.0,25.360000610351562
2019-02-08,25.360000610351562,25.360000610351562,25.360000610351562,25.360000610351562,0.0,25.360000610351562
2019-02-11,25.360000610351562,25.360000610351562,25.360000610351562,25.360000610351562,0.0,25.360000610351562
2019-02-12,25.360000610351562,25.360000610351562,25.360000610351562,25.360000610351562,0.0,25.360000610351562
2019-02-13,25.360000610351562,25.360000610351562,25.360000610351562,25.360000610351562,0.0,25.360000610351562
2019-02-14,25.360000610351562,25.360000610351562,25.360000610351562,25.360000610351562,0.0,25.360000610351562
2019-02-15,25.360000610351562,25.360000610351562,25.360000610351562,25.360000610351562,0.0,25.360000610351562
2019-02-19,25.360000610351562,25.360000610351562,25.360000610351562,25.360000610351562,0.0,25.360000610351562
2019-02-20,25.360000610351562,25.360000610351562,25.360000610351562,25.360000610351562,0.0,25.360000610351562
2019-02-21,25.360000610351562,25.360000610351562,25.360000610351562,25.360000610351562,0.0,25.360000610351562
2019-02-22,25.360000610351562,25.360000610351562,25.360000610351562,25.360000610351562,0.0,25.360000610351562
2019-02-25,25.360000610351562,25.360000610351562,25.360000610351562,25.360000610351562,0.0,25.360000610351562
2019-02-26,25.360000610351562,25.360000610351562,25.360000610351562,25.360000610351562,0.0,25.360000610351562
2019-02-27,25.360000610351562,25.360000610351562,25.360000610351562,25.360000610351562,0.0,25.360000610351562
2019-02-28,25.360000610351562,25.360000610351562,25.360000610351562,25.360000610351562,0.0,25.360000610351562
2019-03-01,25.360000610351562,25.360000610351562,25.360000610351562,25.360000610351562,0.0,25.360000610351562
2019-03-04,25.360000610351562,25.360000610351562,25.360000610351562,25.360000610351562,0.0,25.360000610351562
2019-03-05,25.360000610351562,25.360000610351562,25.360000610351562,25.360000610351562,0.0,25.360000610351562
2019-03-06,25.360000610351562,25.360000610351562,25.360000610351562,25.360000610351562,0.0,25.360000610351562
2019-03-07,25.360000610351562,25.360000610351562,25.360000610351562,25.360000610351562,0.0,25.360000610351562
2019-03-08,25.360000610351562,25.360000610351562,25.360000610351562,25.360000610351562,0.0,25.360000610351562
2019-03-11,25.360000610351562,25.360000610351562,25.360000610351562,25.360000610351562,0.0,25.360000610351562
2019-03-12,25.360000610351562,25.360000610351562,25.360000610351562,25.360000610351562,0.0,25.360000610351562
2019-03-13,25.360000610351562,25.360000610351562,25.360000610351562,25.360000610351562,0.0,25.360000610351562
2019-03-14,25.360000610351562,25.360000610351562,25.360000610351562,25.360000610351562,0.0,25.360000610351562
2019-03-15,25.360000610351562,25.360000610351562,25.360000610351562,25.360000610351562,0.0,25.360000610351562
2019-03-18,25.360000610351562,25.360000610351562,25.360000610351562,25.360000610351562,0.0,25.360000610351562
2019-03-19,25.360000610351562,25.360000610351562,25.360000610351562,25.360000610351562,0.0,25.360000610351562
2019-03-20,25.360000610351562,25.360000610351562,25.360000610351562,25.360000610351562,0.0,25.360000610351562
2019-03-21,25.360000610351562,25.360000610351562,25.360000610351562,25.360000610351562,0.0,25.360000610351562
2019-03-22,25.360000610351562,25.360000610351562,25.360000610351562,25.360000610351562,0.0,25.360000610351562
2019-03-25,25.360000610351562,25.360000610351562,25.360000610351562,25.360000610351562,0.0,25.360000610351562
2019-03-26,25.360000610351562,25.360000610351562,25.360000610351562,25.360000610351562,0.0,25.360000610351562
2019-03-27,25.360000610351562,25.360000610351562,25.360000610351562,25.360000610351562,0.0,25.360000610351562
2019-03-28,25.360000610351562,25.360000610351562,25.360000610351562,25.360000610351562,0.0,25.360000610351562
2019-03-29,25.360000610351562,25.360000610351562,25.360000610351562,25.360000610351562,0.0,25.360000610351562
2019-04-01,25.360000610351562,25.360000610351562,25.360000610351562,25.360000610351562,0.0,25.360000610351562
2019-04-02,25.360000610351562,25.360000610351562,25.360000610351562,25.360000610351562,0.0,25.360000610351562
2019-04-03,25.360000610351562,25.360000610351562,25.360000610351562,25.360000610351562,0.0,25.360000610351562
2019-04-04,25.360000610351562,25.360000610351562,25.360000610351562,25.360000610351562,0.0,25.360000610351562
2019-04-05,25.360000610351562,25.360000610351562,25.360000610351562,25.360000610351562,0.0,25.360000610351562
2019-04-08,25.360000610351562,25.360000610351562,25.360000610351562,25.360000610351562,0.0,25.360000610351562
2019-04-09,25.360000610351562,25.360000610351562,25.360000610351562,25.360000610351562,0.0,25.360000610351562
2019-04-10,25.360000610351562,25.360000610351562,25.360000610351562,25.360000610351562,0.0,25.360000610351562
2019-04-11,25.360000610351562,25.360000610351562,25.360000610351562,25.360000610351562,0.0,25.360000610351562
2019-04-12,25.360000610351562,25.360000610351562,25.360000610351562,25.360000610351562,0.0,25.360000610351562
2019-04-15,25.360000610351562,25.360000610351562,25.360000610351562,25.360000610351562,0.0,25.360000610351562
2019-04-16,25.360000610351562,25.360000610351562,25.360000610351562,25.360000610351562,0.0,25.360000610351562
2019-04-17,25.360000610351562,25.360000610351562,25.360000610351562,25.360000610351562,0.0,25.360000610351562
2019-04-18,25.360000610351562,25.360000610351562,25.360000610351562,25.360000610351562,0.0,25.360000610351562
2019-04-22,25.360000610351562,25.360000610351562,25.360000610351562,25.360000610351562,0.0,25.360000610351562
2019-04-23,25.360000610351562,25.360000610351562,25.360000610351562,25.360000610351562,0.0,25.360000610351562
2019-04-24,25.360000610351562,25.360000610351562,25.360000610351562,25.360000610351562,0.0,25.360000610351562
2019-04-25,25.360000610351562,25.360000610351562,25.360000610351562,25.360000610351562,0.0,25.360000610351562
2019-04-26,25.360000610351562,25.360000610351562,25.360000610351562,25.360000610351562,0.0,25.360000610351562
2019-04-29,25.360000610351562,25.360000610351562,25.360000610351562,25.360000610351562,0.0,25.360000610351562
2019-04-30,25.360000610351562,25.360000610351562,25.360000610351562,25.360000610351562,0.0,25.360000610351562
2019-05-01,25.360000610351562,25.360000610351562,25.360000610351562,25.360000610351562,0.0,25.360000610351562
2019-05-02,25.360000610351562,25.360000610351562,25.360000610351562,25.360000610351562,0.0,25.360000610351562
2019-05-03,25.360000610351562,25.360000610351562,25.360000610351562,25.360000610351562,0.0,25.360000610351562
2019-05-06,25.360000610351562,25.360000610351562,25.360000610351562,25.360000610351562,0.0,25.360000610351562
2019-05-07,25.360000610351562,25.360000610351562,25.360000610351562,25.360000610351562,0.0,25.360000610351562
2019-05-08,25.360000610351562,25.360000610351562,25.360000610351562,25.360000610351562,0.0,25.360000610351562
2019-05-09,25.360000610351562,25.360000610351562,25.360000610351562,25.360000610351562,0.0,25.360000610351562
2019-05-10,25.360000610351562,25.360000610351562,25.360000610351562,25.360000610351562,0.0,25.360000610351562
2019-05-13,25.360000610351562,25.360000610351562,25.360000610351562,25.360000610351562,0.0,25.360000610351562
2019-05-14,25.360000610351562,25.360000610351562,25.360000610351562,25.360000610351562,0.0,25.360000610351562
2019-05-15,25.360000610351562,25.360000610351562,25.360000610351562,25.360000610351562,0.0,25.360000610351562
2019-05-16,25.360000610351562,25.360000610351562,25.360000610351562,25.360000610351562,0.0,25.360000610351562
2019-05-17,25.360000610351562,25.360000610351562,25.360000610351562,25.360000610351562,0.0,25.360000610351562
2019-05-20,25.360000610351562,25.360000610351562,25.360000610351562,25.360000610351562,0.0,25.360000610351562
2019-05-21,25.360000610351562,25.360000610351562,25.360000610351562,25.360000610351562,0.0,25.360000610351562
2019-05-22,25.360000610351562,25.360000610351562,25.360000610351562,25.360000610351562,0.0,25.360000610351562
2019-05-23,25.360000610351562,25.360000610351562,25.360000610351562,25.360000610351562,0.0,25.360000610351562
2019-05-24,25.360000610351562,25.360000610351562,25.360000610351562,25.360000610351562,0.0,25.360000610351562
2019-05-28,25.360000610351562,25.360000610351562,25.360000610351562,25.360000610351562,0.0,25.360000610351562
2019-05-29,25.360000610351562,25.360000610351562,25.360000610351562,25.360000610351562,0.0,25.360000610351562
2019-05-30,25.360000610351562,25.360000610351562,25.360000610351562,25.360000610351562,0.0,25.360000610351562
2019-05-31,25.360000610351562,25.360000610351562,25.360000610351562,25.360000610351562,0.0,25.360000610351562
2019-06-03,25.360000610351562,25.360000610351562,25.360000610351562,25.360000610351562,0.0,25.360000610351562
2019-06-04,25.360000610351562,25.360000610351562,25.360000610351562,25.360000610351562,0.0,25.360000610351562
2019-06-05,25.360000610351562,25.360000610351562,25.360000610351562,25.360000610351562,0.0,25.360000610351562
2019-06-06,25.360000610351562,25.360000610351562,25.360000610351562,25.360000610351562,0.0,25.360000610351562
2019-06-07,25.360000610351562,25.360000610351562,25.360000610351562,25.360000610351562,0.0,25.360000610351562
2019-06-10,25.360000610351562,25.360000610351562,25.360000610351562,25.360000610351562,0.0,25.360000610351562
2019-06-11,25.360000610351562,25.360000610351562,25.360000610351562,25.360000610351562,0.0,25.360000610351562
2019-06-12,25.360000610351562,25.360000610351562,25.360000610351562,25.360000610351562,0.0,25.360000610351562
2019-06-13,25.360000610351562,25.360000610351562,25.360000610351562,25.360000610351562,0.0,25.360000610351562
2019-06-14,25.360000610351562,25.360000610351562,25.360000610351562,25.360000610351562,0.0,25.360000610351562
2019-06-17,25.360000610351562,25.360000610351562,25.360000610351562,25.360000610351562,0.0,25.360000610351562
2019-06-18,25.360000610351562,25.360000610351562,25.360000610351562,25.360000610351562,0.0,25.360000610351562
2019-06-19,25.360000610351562,25.360000610351562,25.360000610351562,25.360000610351562,0.0,25.360000610351562
2019-06-20,25.360000610351562,25.360000610351562,25.360000610351562,25.360000610351562,0.0,25.360000610351562
2019-06-21,25.360000610351562,25.360000610351562,25.360000610351562,25.360000610351562,0.0,25.360000610351562
2019-06-24,25.360000610351562,25.360000610351562,25.360000610351562,25.360000610351562,0.0,25.360000610351562
2019-06-25,25.360000610351562,25.360000610351562,25.360000610351562,25.360000610351562,0.0,25.360000610351562
2019-06-26,25.360000610351562,25.360000610351562,25.360000610351562,25.360000610351562,0.0,25.360000610351562
2019-06-27,25.360000610351562,25.360000610351562,25.360000610351562,25.360000610351562,0.0,25.360000610351562
2019-06-28,25.360000610351562,25.360000610351562,25.360000610351562,25.360000610351562,0.0,25.360000610351562
2019-07-01,25.360000610351562,25.360000610351562,25.360000610351562,25.360000610351562,0.0,25.360000610351562
2019-07-02,25.360000610351562,25.360000610351562,25.360000610351562,25.360000610351562,0.0,25.360000610351562
2019-07-03,25.360000610351562,25.360000610351562,25.360000610351562,25.360000610351562,0.0,25.360000610351562
2019-07-05,25.360000610351562,25.360000610351562,25.360000610351562,25.360000610351562,0.0,25.360000610351562
2019-07-08,25.360000610351562,25.360000610351562,25.360000610351562,25.360000610351562,0.0,25.360000610351562
2019-07-09,25.360000610351562,25.360000610351562,25.360000610351562,25.360000610351562,0.0,25.360000610351562
2019-07-10,25.360000610351562,25.360000610351562,25.360000610351562,25.360000610351562,0.0,25.360000610351562
2019-07-11,25.360000610351562,25.360000610351562,25.360000610351562,25.360000610351562,0.0,25.360000610351562
2019-07-12,25.360000610351562,25.360000610351562,25.360000610351562,25.360000610351562,0.0,25.360000610351562
2019-07-15,25.360000610351562,25.360000610351562,25.360000610351562,25.360000610351562,0.0,25.360000610351562
2019-07-16,25.360000610351562,25.360000610351562,25.360000610351562,25.360000610351562,0.0,25.360000610351562
2019-07-17,25.360000610351562,25.360000610351562,25.360000610351562,25.360000610351562,0.0,25.360000610351562
2019-07-18,25.360000610351562,25.360000610351562,25.360000610351562,25.360000610351562,0.0,25.360000610351562
2019-07-19,25.360000610351562,25.360000610351562,25.360000610351562,25.360000610351562,0.0,25.360000610351562
2019-07-22,25.360000610351562,25.360000610351562,25.360000610351562,25.360000610351562,0.0,25.360000610351562
2019-07-23,25.360000610351562,25.360000610351562,25.360000610351562,25.360000610351562,0.0,25.360000610351562
2019-07-24,25.360000610351562,25.360000610351562,25.360000610351562,25.360000610351562,0.0,25.360000610351562
2019-07-25,25.360000610351562,25.360000610351562,25.360000610351562,25.360000610351562,0.0,25.360000610351562
2019-07-26,25.360000610351562,25.360000610351562,25.360000610351562,25.360000610351562,0.0,25.360000610351562
2019-07-29,25.360000610351562,25.360000610351562,25.360000610351562,25.360000610351562,0.0,25.360000610351562
2019-07-30,25.360000610351562,25.360000610351562,25.360000610351562,25.360000610351562,0.0,25.360000610351562
2019-07-31,25.360000610351562,25.360000610351562,25.360000610351562,25.360000610351562,0.0,25.360000610351562
2019-08-01,25.360000610351562,25.360000610351562,25.360000610351562,25.360000610351562,0.0,25.360000610351562
2019-08-02,25.360000610351562,25.360000610351562,25.360000610351562,25.360000610351562,0.0,25.360000610351562
2019-08-05,25.360000610351562,25.360000610351562,25.360000610351562,25.360000610351562,0.0,25.360000610351562
2019-08-06,25.360000610351562,25.360000610351562,25.360000610351562,25.360000610351562,0.0,25.360000610351562
2019-08-07,25.360000610351562,25.360000610351562,25.360000610351562,25.360000610351562,0.0,25.360000610351562
2019-08-08,25.360000610351562,25.360000610351562,25.360000610351562,25.360000610351562,0.0,25.360000610351562
2019-08-09,25.360000610351562,25.360000610351562,25.360000610351562,25.360000610351562,0.0,25.360000610351562
2019-08-12,25.360000610351562,25.360000610351562,25.360000610351562,25.360000610351562,0.0,25.360000610351562
2019-08-13,25.360000610351562,25.360000610351562,25.360000610351562,25.360000610351562,0.0,25.360000610351562
2019-08-14,25.360000610351562,25.360000610351562,25.360000610351562,25.360000610351562,0.0,25.360000610351562
2019-08-15,25.360000610351562,25.360000610351562,25.360000610351562,25.360000610351562,0.0,25.360000610351562
2019-08-16,25.360000610351562,25.360000610351562,25.360000610351562,25.360000610351562,0.0,25.360000610351562
2019-08-19,25.360000610351562,25.360000610351562,25.360000610351562,25.360000610351562,0.0,25.360000610351562
2019-08-20,25.360000610351562,25.360000610351562,25.360000610351562,25.360000610351562,0.0,25.360000610351562
2019-08-21,25.360000610351562,25.360000610351562,25.360000610351562,25.360000610351562,0.0,25.360000610351562
2019-08-22,25.360000610351562,25.360000610351562,25.360000610351562,25.360000610351562,0.0,25.360000610351562
2019-08-23,25.360000610351562,25.360000610351562,25.360000610351562,25.360000610351562,0.0,25.360000610351562
2019-08-26,25.360000610351562,25.360000610351562,25.360000610351562,25.360000610351562,0.0,25.360000610351562
2019-08-27,25.360000610351562,25.360000610351562,25.360000610351562,25.360000610351562,0.0,25.360000610351562
2019-08-28,25.360000610351562,25.360000610351562,25.360000610351562,25.360000610351562,0.0,25.360000610351562
2019-08-29,25.360000610351562,25.360000610351562,25.360000610351562,25.360000610351562,0.0,25.360000610351562
2019-08-30,25.360000610351562,25.360000610351562,25.360000610351562,25.360000610351562,0.0,25.360000610351562
2019-09-03,25.360000610351562,25.360000610351562,25.360000610351562,25.360000610351562,0.0,25.360000610351562
2019-09-04,25.360000610351562,25.360000610351562,25.360000610351562,25.360000610351562,0.0,25.360000610351562
2019-09-05,25.360000610351562,25.360000610351562,25.360000610351562,25.360000610351562,0.0,25.360000610351562
2019-09-06,25.360000610351562,25.360000610351562,25.360000610351562,25.360000610351562,0.0,25.360000610351562
2019-09-09,25.360000610351562,25.360000610351562,25.360000610351562,25.360000610351562,0.0,25.360000610351562
2019-09-10,25.360000610351562,25.360000610351562,25.360000610351562,25.360000610351562,0.0,25.360000610351562
2019-09-11,25.360000610351562,25.360000610351562,25.360000610351562,25.360000610351562,0.0,25.360000610351562
2019-09-12,25.360000610351562,25.360000610351562,25.360000610351562,25.360000610351562,0.0,25.360000610351562
2019-09-13,25.360000610351562,25.360000610351562,25.360000610351562,25.360000610351562,0.0,25.360000610351562
2019-09-16,25.360000610351562,25.360000610351562,25.360000610351562,25.360000610351562,0.0,25.360000610351562
2019-09-17,25.360000610351562,25.360000610351562,25.360000610351562,25.360000610351562,0.0,25.360000610351562
2019-09-18,25.360000610351562,25.360000610351562,25.360000610351562,25.360000610351562,0.0,25.360000610351562
2019-09-19,25.360000610351562,25.360000610351562,25.360000610351562,25.360000610351562,0.0,25.360000610351562
2019-09-20,25.360000610351562,25.360000610351562,25.360000610351562,25.360000610351562,0.0,25.360000610351562
2019-09-23,25.360000610351562,25.360000610351562,25.360000610351562,25.360000610351562,0.0,25.360000610351562
2019-09-24,25.360000610351562,25.360000610351562,25.360000610351562,25.360000610351562,0.0,25.360000610351562
2019-09-25,25.360000610351562,25.360000610351562,25.360000610351562,25.360000610351562,0.0,25.360000610351562
2019-09-26,25.360000610351562,25.360000610351562,25.360000610351562,25.360000610351562,0.0,25.360000610351562
2019-09-27,25.360000610351562,25.360000610351562,25.360000610351562,25.360000610351562,0.0,25.360000610351562
2019-09-30,25.360000610351562,25.360000610351562,25.360000610351562,25.360000610351562,0.0,25.360000610351562
2019-10-01,25.360000610351562,25.360000610351562,25.360000610351562,25.360000610351562,0.0,25.360000610351562
2019-10-02,25.360000610351562,25.360000610351562,25.360000610351562,25.360000610351562,0.0,25.360000610351562
2019-10-03,25.360000610351562,25.360000610351562,25.360000610351562,25.360000610351562,0.0,25.360000610351562
2019-10-04,25.360000610351562,25.360000610351562,25.360000610351562,25.360000610351562,0.0,25.360000610351562
2019-10-07,25.360000610351562,25.360000610351562,25.360000610351562,25.360000610351562,0.0,25.360000610351562
2019-10-08,25.360000610351562,25.360000610351562,25.360000610351562,25.360000610351562,0.0,25.360000610351562
2019-10-09,25.360000610351562,25.360000610351562,25.360000610351562,25.360000610351562,0.0,25.360000610351562
2019-10-10,25.360000610351562,25.360000610351562,25.360000610351562,25.360000610351562,0.0,25.360000610351562
2019-10-11,25.360000610351562,25.360000610351562,25.360000610351562,25.360000610351562,0.0,25.360000610351562
2019-10-14,25.360000610351562,25.360000610351562,25.360000610351562,25.360000610351562,0.0,25.360000610351562
2019-10-15,25.360000610351562,25.360000610351562,25.360000610351562,25.360000610351562,0.0,25.360000610351562
2019-10-16,36.0,36.0,36.0,36.0,251.0,36.0
2019-10-17,36.0,36.0,36.0,36.0,0.0,36.0
2019-10-18,36.0,36.0,36.0,36.0,0.0,36.0
2019-10-21,36.0,36.0,36.0,36.0,0.0,36.0
2019-10-22,36.0,36.0,36.0,36.0,0.0,36.0
2019-10-23,36.0,36.0,36.0,36.0,0.0,36.0
2019-10-24,36.0,36.0,36.0,36.0,0.0,36.0
2019-10-25,36.0,36.0,36.0,36.0,0.0,36.0
2019-10-28,36.0,36.0,36.0,36.0,0.0,36.0
2019-10-29,36.0,36.0,36.0,36.0,0.0,36.0
2019-10-30,36.0,36.0,36.0,36.0,0.0,36.0
2019-10-31,36.0,36.0,36.0,36.0,0.0,36.0
2019-11-01,36.0,36.0,36.0,36.0,0.0,36.0
2019-11-04,36.0,36.0,36.0,36.0,0.0,36.0
2019-11-05,36.0,36.0,36.0,36.0,0.0,36.0
2019-11-06,36.0,36.0,36.0,36.0,0.0,36.0
2019-11-07,36.0,36.0,36.0,36.0,0.0,36.0
2019-11-08,36.0,36.0,36.0,36.0,0.0,36.0
2019-11-11,36.0,36.0,36.0,36.0,0.0,36.0
2019-11-12,36.0,36.0,36.0,36.0,0.0,36.0
2019-11-13,36.0,36.0,36.0,36.0,0.0,36.0
2019-11-14,36.0,36.0,36.0,36.0,0.0,36.0
2019-11-15,36.0,36.0,36.0,36.0,0.0,36.0
2019-11-18,36.0,36.0,36.0,36.0,0.0,36.0
2019-11-19,36.0,36.0,36.0,36.0,0.0,36.0
2019-11-20,36.0,36.0,36.0,36.0,0.0,36.0
2019-11-21,36.0,36.0,36.0,36.0,0.0,36.0
2019-11-22,36.0,36.0,36.0,36.0,0.0,36.0
2019-11-25,36.0,36.0,36.0,36.0,0.0,36.0
2019-11-26,36.0,36.0,36.0,36.0,0.0,36.0
2019-11-27,36.0,36.0,36.0,36.0,0.0,36.0
2019-11-29,36.0,36.0,36.0,36.0,0.0,36.0
2019-12-02,36.0,36.0,36.0,36.0,0.0,36.0
2019-12-03,36.0,36.0,36.0,36.0,0.0,36.0
2019-12-04,36.0,36.0,36.0,36.0,0.0,36.0
2019-12-05,36.0,36.0,36.0,36.0,0.0,36.0
2019-12-06,36.0,36.0,36.0,36.0,0.0,36.0
2019-12-09,36.0,36.0,36.0,36.0,0.0,36.0
2019-12-10,36.0,36.0,36.0,36.0,0.0,36.0
2019-12-11,36.0,36.0,36.0,36.0,0.0,36.0
2019-12-12,36.0,36.0,36.0,36.0,0.0,36.0
2019-12-13,36.0,36.0,36.0,36.0,0.0,36.0
2019-12-16,36.0,36.0,36.0,36.0,0.0,36.0
2019-12-17,36.0,36.0,36.0,36.0,0.0,36.0
2019-12-18,36.0,36.0,36.0,36.0,0.0,36.0
2019-12-19,36.0,36.0,36.0,36.0,0.0,36.0
2019-12-20,36.0,36.0,36.0,36.0,0.0,36.0
2019-12-23,36.0,36.0,36.0,36.0,0.0,36.0
2019-12-24,36.0,36.0,36.0,36.0,0.0,36.0
2019-12-26,36.0,36.0,36.0,36.0,0.0,36.0
2019-12-27,36.0,36.0,36.0,36.0,0.0,36.0
2019-12-30,36.0,36.0,36.0,36.0,0.0,36.0
2019-12-31,36.0,36.0,36.0,36.0,0.0,36.0
2020-01-02,36.0,36.0,36.0,36.0,0.0,36.0
2020-01-03,36.0,36.0,36.0,36.0,0.0,36.0
2020-01-06,36.0,36.0,36.0,36.0,0.0,36.0
2020-01-07,36.0,36.0,36.0,36.0,0.0,36.0
2020-01-08,36.0,36.0,36.0,36.0,0.0,36.0
2020-01-09,36.0,36.0,36.0,36.0,0.0,36.0
2020-01-10,36.0,36.0,36.0,36.0,0.0,36.0
2020-01-13,36.0,36.0,36.0,36.0,0.0,36.0
2020-01-14,36.0,36.0,36.0,36.0,0.0,36.0
2020-01-15,36.0,36.0,36.0,36.0,0.0,36.0
2020-01-16,36.0,36.0,36.0,36.0,0.0,36.0
2020-01-17,36.0,36.0,36.0,36.0,0.0,36.0
2020-01-21,36.0,36.0,36.0,36.0,0.0,36.0
2020-01-22,36.0,36.0,36.0,36.0,0.0,36.0
2020-01-23,36.0,36.0,36.0,36.0,0.0,36.0
2020-01-24,36.0,36.0,36.0,36.0,0.0,36.0
2020-01-27,36.0,36.0,36.0,36.0,0.0,36.0
2020-01-28,36.0,36.0,36.0,36.0,0.0,36.0
2020-01-29,36.0,36.0,36.0,36.0,0.0,36.0
2020-01-30,36.0,36.0,36.0,36.0,0.0,36.0
2020-01-31,36.0,36.0,36.0,36.0,0.0,36.0
2020-02-03,36.0,36.0,36.0,36.0,0.0,36.0
2020-02-04,36.0,36.0,36.0,36.0,0.0,36.0
2020-02-05,36.0,36.0,36.0,36.0,0.0,36.0
2020-02-06,36.0,36.0,36.0,36.0,0.0,36.0
2020-02-07,36.0,36.0,36.0,36.0,0.0,36.0
2020-02-10,36.0,36.0,36.0,36.0,0.0,36.0
2020-02-11,36.0,36.0,36.0,36.0,0.0,36.0
2020-02-12,36.0,36.0,36.0,36.0,0.0,36.0
2020-02-13,36.0,36.0,36.0,36.0,0.0,36.0
2020-02-14,36.0,36.0,36.0,36.0,0.0,36.0
2020-02-18,36.0,36.0,36.0,36.0,0.0,36.0
2020-02-19,36.0,36.0,36.0,36.0,0.0,36.0
2020-02-20,36.0,36.0,36.0,36.0,0.0,36.0
2020-02-21,36.0,36.0,36.0,36.0,0.0,36.0
2020-02-24,36.0,36.0,36.0,36.0,0.0,36.0
2020-02-25,36.0,36.0,36.0,36.0,0.0,36.0
2020-02-26,36.0,36.0,36.0,36.0,0.0,36.0
2020-02-27,36.0,36.0,36.0,36.0,0.0,36.0
2020-02-28,36.0,36.0,36.0,36.0,0.0,36.0
2020-03-02,36.0,36.0,36.0,36.0,0.0,36.0
2020-03-03,36.0,36.0,36.0,36.0,0.0,36.0
2020-03-04,36.0,36.0,36.0,36.0,0.0,36.0
2020-03-05,36.0,36.0,36.0,36.0,0.0,36.0
2020-03-06,36.0,36.0,36.0,36.0,0.0,36.0
2020-03-09,36.0,36.0,36.0,36.0,0.0,36.0
2020-03-10,36.0,36.0,36.0,36.0,0.0,36.0
2020-03-11,36.0,36.0,36.0,36.0,0.0,36.0
2020-03-12,36.0,36.0,36.0,36.0,0.0,36.0
2020-03-13,36.0,36.0,36.0,36.0,0.0,36.0
2020-03-16,36.0,36.0,36.0,36.0,0.0,36.0
2020-03-17,36.0,36.0,36.0,36.0,0.0,36.0
2020-03-18,36.0,36.0,36.0,36.0,0.0,36.0
2020-03-19,36.0,36.0,36.0,36.0,0.0,36.0
2020-03-20,36.0,36.0,36.0,36.0,0.0,36.0
2020-03-23,36.0,36.0,36.0,36.0,0.0,36.0
2020-03-24,36.0,36.0,36.0,36.0,0.0,36.0
2020-03-25,36.0,36.0,36.0,36.0,0.0,36.0
2020-03-26,36.0,36.0,36.0,36.0,0.0,36.0
2020-03-27,36.0,36.0,36.0,36.0,0.0,36.0
2020-03-30,36.0,36.0,36.0,36.0,0.0,36.0
2020-03-31,36.0,36.0,36.0,36.0,0.0,36.0
2020-04-01,36.0,36.0,36.0,36.0,0.0,36.0
2020-04-02,36.0,36.0,36.0,36.0,0.0,36.0
2020-04-03,36.0,36.0,36.0,36.0,0.0,36.0
2020-04-06,36.0,36.0,36.0,36.0,0.0,36.0
2020-04-07,36.0,36.0,36.0,36.0,0.0,36.0
2020-04-08,36.0,36.0,36.0,36.0,0.0,36.0
2020-04-09,36.0,36.0,36.0,36.0,0.0,36.0
2020-04-13,36.0,36.0,36.0,36.0,0.0,36.0
2020-04-14,36.0,36.0,36.0,36.0,0.0,36.0
2020-04-15,36.0,36.0,36.0,36.0,0.0,36.0
2020-04-16,36.0,36.0,36.0,36.0,0.0,36.0
2020-04-17,36.0,36.0,36.0,36.0,0.0,36.0
2020-04-20,36.0,36.0,36.0,36.0,0.0,36.0
2020-04-21,36.0,36.0,36.0,36.0,0.0,36.0
2020-04-22,36.0,36.0,36.0,36.0,0.0,36.0
2020-04-23,36.0,36.0,36.0,36.0,0.0,36.0
2020-04-24,36.0,36.0,36.0,36.0,0.0,36.0
2020-04-27,36.0,36.0,36.0,36.0,0.0,36.0
2020-04-28,36.0,36.0,36.0,36.0,0.0,36.0
2020-04-29,36.0,36.0,36.0,36.0,0.0,36.0
2020-04-30,36.0,36.0,36.0,36.0,0.0,36.0
2020-05-01,36.0,36.0,36.0,36.0,0.0,36.0
2020-05-04,36.0,36.0,36.0,36.0,0.0,36.0
2020-05-05,36.0,36.0,36.0,36.0,0.0,36.0
2020-05-06,36.0,36.0,36.0,36.0,0.0,36.0
2020-05-07,36.0,36.0,36.0,36.0,0.0,36.0
2020-05-08,36.0,36.0,36.0,36.0,0.0,36.0
2020-05-11,36.0,36.0,36.0,36.0,0.0,36.0
2020-05-12,24.350000381469727,24.350000381469727,24.350000381469727,24.350000381469727,237.0,24.350000381469727
2020-05-13,24.350000381469727,24.350000381469727,24.350000381469727,24.350000381469727,0.0,24.350000381469727
2020-05-14,24.350000381469727,24.350000381469727,24.350000381469727,24.350000381469727,0.0,24.350000381469727
2020-05-15,24.350000381469727,24.350000381469727,24.350000381469727,24.350000381469727,0.0,24.350000381469727
2020-05-18,24.350000381469727,24.350000381469727,24.350000381469727,24.350000381469727,0.0,24.350000381469727
2020-05-19,24.350000381469727,24.350000381469727,24.350000381469727,24.350000381469727,0.0,24.350000381469727
2020-05-20,24.350000381469727,24.350000381469727,24.350000381469727,24.350000381469727,0.0,24.350000381469727
2020-05-21,24.350000381469727,24.350000381469727,24.350000381469727,24.350000381469727,0.0,24.350000381469727
2020-05-22,24.350000381469727,24.350000381469727,24.350000381469727,24.350000381469727,0.0,24.350000381469727
2020-05-26,24.350000381469727,24.350000381469727,24.350000381469727,24.350000381469727,0.0,24.350000381469727
2020-05-27,24.350000381469727,24.350000381469727,24.350000381469727,24.350000381469727,0.0,24.350000381469727
2020-05-28,24.350000381469727,24.350000381469727,24.350000381469727,24.350000381469727,0.0,24.350000381469727
2020-05-29,24.350000381469727,24.350000381469727,24.350000381469727,24.350000381469727,0.0,24.350000381469727
2020-06-01,24.350000381469727,24.350000381469727,24.350000381469727,24.350000381469727,0.0,24.350000381469727
2020-06-02,24.350000381469727,24.350000381469727,24.350000381469727,24.350000381469727,0.0,24.350000381469727
2020-06-03,24.350000381469727,24.350000381469727,24.350000381469727,24.350000381469727,0.0,24.350000381469727
2020-06-04,24.350000381469727,24.350000381469727,24.350000381469727,24.350000381469727,0.0,24.350000381469727
2020-06-05,24.350000381469727,24.350000381469727,24.350000381469727,24.350000381469727,0.0,24.350000381469727
2020-06-08,24.350000381469727,24.350000381469727,24.350000381469727,24.350000381469727,0.0,24.350000381469727
2020-06-09,24.350000381469727,24.350000381469727,24.350000381469727,24.350000381469727,0.0,24.350000381469727
2020-06-10,24.350000381469727,24.350000381469727,24.350000381469727,24.350000381469727,0.0,24.350000381469727
2020-06-11,24.350000381469727,24.350000381469727,24.350000381469727,24.350000381469727,0.0,24.350000381469727
2020-06-12,24.350000381469727,24.350000381469727,24.350000381469727,24.350000381469727,0.0,24.350000381469727
2020-06-15,24.350000381469727,24.350000381469727,24.350000381469727,24.350000381469727,0.0,24.350000381469727
2020-06-16,24.350000381469727,24.350000381469727,24.350000381469727,24.350000381469727,0.0,24.350000381469727
2020-06-17,24.350000381469727,24.350000381469727,24.350000381469727,24.350000381469727,0.0,24.350000381469727
2020-06-18,24.350000381469727,24.350000381469727,24.350000381469727,24.350000381469727,0.0,24.350000381469727
2020-06-19,24.350000381469727,24.350000381469727,24.350000381469727,24.350000381469727,0.0,24.350000381469727
2020-06-22,24.350000381469727,24.350000381469727,24.350000381469727,24.350000381469727,0.0,24.350000381469727
2020-06-23,24.350000381469727,24.350000381469727,24.350000381469727,24.350000381469727,0.0,24.350000381469727
2020-06-24,24.350000381469727,24.350000381469727,24.350000381469727,24.350000381469727,0.0,24.350000381469727
2020-06-25,24.350000381469727,24.350000381469727,24.350000381469727,24.350000381469727,0.0,24.350000381469727
2020-06-26,24.350000381469727,24.350000381469727,24.350000381469727,24.350000381469727,0.0,24.350000381469727
2020-06-29,24.350000381469727,24.350000381469727,24.350000381469727,24.350000381469727,0.0,24.350000381469727
2020-06-30,24.350000381469727,24.350000381469727,24.350000381469727,24.350000381469727,0.0,24.350000381469727
2020-07-01,24.350000381469727,24.350000381469727,24.350000381469727,24.350000381469727,0.0,24.350000381469727
2020-07-02,24.350000381469727,24.350000381469727,24.350000381469727,24.350000381469727,0.0,24.350000381469727
2020-07-06,24.350000381469727,24.350000381469727,24.350000381469727,24.350000381469727,0.0,24.350000381469727
2020-07-07,24.350000381469727,24.350000381469727,24.350000381469727,24.350000381469727,0.0,24.350000381469727
2020-07-08,24.350000381469727,24.350000381469727,24.350000381469727,24.350000381469727,0.0,24.350000381469727
2020-07-09,24.350000381469727,24.350000381469727,24.350000381469727,24.350000381469727,0.0,24.350000381469727
2020-07-10,24.350000381469727,24.350000381469727,24.350000381469727,24.350000381469727,0.0,24.350000381469727
2020-07-13,24.350000381469727,24.350000381469727,24.350000381469727,24.350000381469727,0.0,24.350000381469727
2020-07-14,24.350000381469727,24.350000381469727,24.350000381469727,24.350000381469727,0.0,24.350000381469727
2020-07-15,24.350000381469727,24.350000381469727,24.350000381469727,24.350000381469727,0.0,24.350000381469727
2020-07-16,24.350000381469727,24.350000381469727,24.350000381469727,24.350000381469727,0.0,24.350000381469727
2020-07-17,24.350000381469727,24.350000381469727,24.350000381469727,24.350000381469727,0.0,24.350000381469727
2020-07-20,24.350000381469727,24.350000381469727,24.350000381469727,24.350000381469727,0.0,24.350000381469727
2020-07-21,24.350000381469727,24.350000381469727,24.350000381469727,24.350000381469727,0.0,24.350000381469727
2020-07-22,24.350000381469727,24.350000381469727,24.350000381469727,24.350000381469727,0.0,24.350000381469727
2020-07-23,24.350000381469727,24.350000381469727,24.350000381469727,24.350000381469727,0.0,24.350000381469727
2020-07-24,24.350000381469727,24.350000381469727,24.350000381469727,24.350000381469727,0.0,24.350000381469727
2020-07-27,24.350000381469727,24.350000381469727,24.350000381469727,24.350000381469727,0.0,24.350000381469727
2020-07-28,24.350000381469727,24.350000381469727,24.350000381469727,24.350000381469727,0.0,24.350000381469727
2020-07-29,24.350000381469727,24.350000381469727,24.350000381469727,24.350000381469727,0.0,24.350000381469727
2020-07-30,24.350000381469727,24.350000381469727,24.350000381469727,24.350000381469727,0.0,24.350000381469727
2020-07-31,24.350000381469727,24.350000381469727,24.350000381469727,24.350000381469727,0.0,24.350000381469727
2020-08-03,24.350000381469727,24.350000381469727,24.350000381469727,24.350000381469727,0.0,24.350000381469727
2020-08-04,24.350000381469727,24.350000381469727,24.350000381469727,24.350000381469727,0.0,24.350000381469727
2020-08-05,24.350000381469727,24.350000381469727,24.350000381469727,24.350000381469727,0.0,24.350000381469727
2020-08-06,24.350000381469727,24.350000381469727,24.350000381469727,24.350000381469727,0.0,24.350000381469727
2020-08-07,24.350000381469727,24.350000381469727,24.350000381469727,24.350000381469727,0.0,24.350000381469727
2020-08-10,24.350000381469727,24.350000381469727,24.350000381469727,24.350000381469727,0.0,24.350000381469727
2020-08-11,24.350000381469727,24.350000381469727,24.350000381469727,24.350000381469727,0.0,24.350000381469727
2020-08-12,24.350000381469727,24.350000381469727,24.350000381469727,24.350000381469727,0.0,24.350000381469727
2020-08-13,24.350000381469727,24.350000381469727,24.350000381469727,24.350000381469727,0.0,24.350000381469727
2020-08-14,24.350000381469727,24.350000381469727,24.350000381469727,24.350000381469727,0.0,24.350000381469727
2020-08-17,24.350000381469727,24.350000381469727,24.350000381469727,24.350000381469727,0.0,24.350000381469727
2020-08-18,24.350000381469727,24.350000381469727,24.350000381469727,24.350000381469727,0.0,24.350000381469727
2020-08-19,24.350000381469727,24.350000381469727,24.350000381469727,24.350000381469727,0.0,24.350000381469727
2020-08-20,24.350000381469727,24.350000381469727,24.350000381469727,24.350000381469727,0.0,24.350000381469727
2020-08-21,24.350000381469727,24.350000381469727,24.350000381469727,24.350000381469727,0.0,24.350000381469727
2020-08-24,24.350000381469727,24.350000381469727,24.350000381469727,24.350000381469727,0.0,24.350000381469727
2020-08-25,24.350000381469727,24.350000381469727,24.350000381469727,24.350000381469727,0.0,24.350000381469727
2020-08-26,24.350000381469727,24.350000381469727,24.350000381469727,24.350000381469727,0.0,24.350000381469727
2020-08-27,24.350000381469727,24.350000381469727,24.350000381469727,24.350000381469727,0.0,24.350000381469727
2020-08-28,24.350000381469727,24.350000381469727,24.350000381469727,24.350000381469727,0.0,24.350000381469727
2020-08-31,24.350000381469727,24.350000381469727,24.350000381469727,24.350000381469727,0.0,24.350000381469727
2020-09-01,24.350000381469727,24.350000381469727,24.350000381469727,24.350000381469727,0.0,24.350000381469727
2020-09-02,24.350000381469727,24.350000381469727,24.350000381469727,24.350000381469727,0.0,24.350000381469727
2020-09-03,24.350000381469727,24.350000381469727,24.350000381469727,24.350000381469727,0.0,24.350000381469727
2020-09-04,24.350000381469727,24.350000381469727,24.350000381469727,24.350000381469727,0.0,24.350000381469727
2020-09-08,24.350000381469727,24.350000381469727,24.350000381469727,24.350000381469727,0.0,24.350000381469727
2020-09-09,24.350000381469727,24.350000381469727,24.350000381469727,24.350000381469727,0.0,24.350000381469727
2020-09-10,24.350000381469727,24.350000381469727,24.350000381469727,24.350000381469727,0.0,24.350000381469727
2020-09-11,24.350000381469727,24.350000381469727,24.350000381469727,24.350000381469727,0.0,24.350000381469727
2020-09-14,24.350000381469727,24.350000381469727,24.350000381469727,24.350000381469727,0.0,24.350000381469727
2020-09-15,24.350000381469727,24.350000381469727,24.350000381469727,24.350000381469727,0.0,24.350000381469727
2020-09-16,24.350000381469727,24.350000381469727,24.350000381469727,24.350000381469727,0.0,24.350000381469727
2020-09-17,24.350000381469727,24.350000381469727,24.350000381469727,24.350000381469727,0.0,24.350000381469727
2020-09-21,24.350000381469727,24.350000381469727,24.350000381469727,24.350000381469727,0.0,24.350000381469727
2020-09-22,24.350000381469727,24.350000381469727,24.350000381469727,24.350000381469727,0.0,24.350000381469727
2020-09-23,24.350000381469727,24.350000381469727,24.350000381469727,24.350000381469727,0.0,24.350000381469727
2020-09-24,24.350000381469727,24.350000381469727,24.350000381469727,24.350000381469727,0.0,24.350000381469727
2020-09-25,24.350000381469727,24.350000381469727,24.350000381469727,24.350000381469727,0.0,24.350000381469727
2020-09-28,24.350000381469727,24.350000381469727,24.350000381469727,24.350000381469727,0.0,24.350000381469727
2020-09-29,24.350000381469727,24.350000381469727,24.350000381469727,24.350000381469727,0.0,24.350000381469727
2020-09-30,24.350000381469727,24.350000381469727,24.350000381469727,24.350000381469727,0.0,24.350000381469727
2020-10-01,24.350000381469727,24.350000381469727,24.350000381469727,24.350000381469727,0.0,24.350000381469727
2020-10-02,24.350000381469727,24.350000381469727,24.350000381469727,24.350000381469727,0.0,24.350000381469727
2020-10-05,24.350000381469727,24.350000381469727,24.350000381469727,24.350000381469727,0.0,24.350000381469727
2020-10-06,24.350000381469727,24.350000381469727,24.350000381469727,24.350000381469727,0.0,24.350000381469727
2020-10-07,24.350000381469727,24.350000381469727,24.350000381469727,24.350000381469727,0.0,24.350000381469727
2020-10-08,24.350000381469727,24.350000381469727,24.350000381469727,24.350000381469727,0.0,24.350000381469727
2020-10-09,24.350000381469727,24.350000381469727,24.350000381469727,24.350000381469727,0.0,24.350000381469727
2020-10-12,24.350000381469727,24.350000381469727,24.350000381469727,24.350000381469727,0.0,24.350000381469727
2020-10-13,24.350000381469727,24.350000381469727,24.350000381469727,24.350000381469727,0.0,24.350000381469727
2020-10-14,24.350000381469727,24.350000381469727,24.350000381469727,24.350000381469727,0.0,24.350000381469727
2020-10-15,24.350000381469727,24.350000381469727,24.350000381469727,24.350000381469727,0.0,24.350000381469727
2020-10-16,24.350000381469727,24.350000381469727,24.350000381469727,24.350000381469727,0.0,24.350000381469727
2020-10-19,24.350000381469727,24.350000381469727,24.350000381469727,24.350000381469727,0.0,24.350000381469727
2020-10-20,24.350000381469727,24.350000381469727,24.350000381469727,24.350000381469727,0.0,24.350000381469727
2020-10-21,24.350000381469727,24.350000381469727,24.350000381469727,24.350000381469727,0.0,24.350000381469727
2020-10-22,24.350000381469727,24.350000381469727,24.350000381469727,24.350000381469727,0.0,24.350000381469727
2020-10-23,24.350000381469727,24.350000381469727,24.350000381469727,24.350000381469727,0.0,24.350000381469727
2020-10-26,24.350000381469727,24.350000381469727,24.350000381469727,24.350000381469727,0.0,24.350000381469727
2020-10-27,24.350000381469727,24.350000381469727,24.350000381469727,24.350000381469727,0.0,24.350000381469727
2020-10-28,24.350000381469727,24.350000381469727,24.350000381469727,24.350000381469727,0.0,24.350000381469727
2020-10-29,24.350000381469727,24.350000381469727,24.350000381469727,24.350000381469727,0.0,24.350000381469727
2020-10-30,24.350000381469727,24.350000381469727,24.350000381469727,24.350000381469727,0.0,24.350000381469727
2020-11-02,24.350000381469727,24.350000381469727,24.350000381469727,24.350000381469727,0.0,24.350000381469727
2020-11-03,24.350000381469727,24.350000381469727,24.350000381469727,24.350000381469727,0.0,24.350000381469727
2020-11-04,24.350000381469727,24.350000381469727,24.350000381469727,24.350000381469727,0.0,24.350000381469727
2020-11-05,24.350000381469727,24.350000381469727,24.350000381469727,24.350000381469727,0.0,24.350000381469727
2020-11-06,24.350000381469727,24.350000381469727,24.350000381469727,24.350000381469727,0.0,24.350000381469727
2020-11-09,41.099998474121094,41.099998474121094,41.099998474121094,41.099998474121094,253.0,41.099998474121094
2020-11-10,41.099998474121094,41.099998474121094,41.099998474121094,41.099998474121094,0.0,41.099998474121094
2020-11-11,41.099998474121094,41.099998474121094,41.099998474121094,41.099998474121094,0.0,41.099998474121094
2020-11-12,41.099998474121094,41.099998474121094,41.099998474121094,41.099998474121094,0.0,41.099998474121094
2020-11-13,41.099998474121094,41.099998474121094,41.099998474121094,41.099998474121094,0.0,41.099998474121094
2020-11-16,41.099998474121094,41.099998474121094,41.099998474121094,41.099998474121094,0.0,41.099998474121094
2020-11-17,41.099998474121094,41.099998474121094,41.099998474121094,41.099998474121094,0.0,41.099998474121094
2020-11-18,41.099998474121094,41.099998474121094,41.099998474121094,41.099998474121094,0.0,41.099998474121094
