Date,High,Low,Open,Close,Volume,Adj Close
2018-05-11,17.06999969482422,15.25,15.5,16.059999465942383,11585200,16.059999465942383
2018-05-14,18.950000762939453,16.600000381469727,16.68000030517578,18.3799991607666,3893800,18.3799991607666
2018-05-15,20.75,17.799999237060547,18.3799991607666,19.0,3063500,19.0
2018-05-16,22.75,19.299999237060547,19.790000915527344,22.5,3058900,22.5
2018-05-17,24.350000381469727,19.25,23.299999237060547,20.0,8340000,20.0
2018-05-18,20.200000762939453,19.010000228881836,19.329999923706055,19.040000915527344,2458800,19.040000915527344
2018-05-21,20.100000381469727,19.079999923706055,19.850000381469727,19.18000030517578,2533300,19.18000030517578
2018-05-22,19.729999542236328,18.75,19.450000762939453,19.479999542236328,1641700,19.479999542236328
2018-05-23,20.43000030517578,19.219999313354492,19.489999771118164,19.959999084472656,2800300,19.959999084472656
2018-05-24,23.3799991607666,20.5,20.690000534057617,23.09000015258789,4538100,23.09000015258789
2018-05-25,24.350000381469727,22.5,23.389999389648438,23.93000030517578,3590100,23.93000030517578
2018-05-29,24.739999771118164,22.31999969482422,23.899999618530273,23.270000457763672,2581900,23.270000457763672
2018-05-30,25.8700008392334,23.506000518798828,23.530000686645508,25.8700008392334,3359200,25.8700008392334
2018-05-31,27.200000762939453,24.600000381469727,26.5,25.450000762939453,3552300,25.450000762939453
2018-06-01,29.59000015258789,26.0,26.0,29.06999969482422,4240700,29.06999969482422
2018-06-04,31.600000381469727,27.670000076293945,30.299999237060547,29.700000762939453,6127000,29.700000762939453
2018-06-05,29.989999771118164,27.049999237060547,29.799999237060547,29.719999313354492,4813200,29.719999313354492
2018-06-06,31.329999923706055,27.56999969482422,30.389999389648438,29.260000228881836,8474000,29.260000228881836
2018-06-07,30.5,27.5,28.540000915527344,29.8700008392334,5482700,29.8700008392334
2018-06-08,35.29999923706055,28.860000610351562,29.299999237060547,34.88999938964844,9780800,34.88999938964844
2018-06-11,37.45000076293945,33.22999954223633,35.75,36.38999938964844,8422800,36.38999938964844
2018-06-12,37.61000061035156,35.5,37.400001525878906,36.220001220703125,5311600,36.220001220703125
2018-06-13,39.599998474121094,35.70000076293945,36.36000061035156,38.939998626708984,4936600,38.939998626708984
2018-06-14,47.900001525878906,38.529998779296875,40.02000045776367,44.040000915527344,14441300,44.040000915527344
2018-06-15,50.81999969482422,42.29999923706055,44.400001525878906,46.20000076293945,15495700,46.20000076293945
2018-06-18,49.849998474121094,44.29999923706055,45.349998474121094,48.56999969482422,9483100,48.56999969482422
2018-06-19,50.4900016784668,42.06999969482422,47.79999923706055,42.720001220703125,11072000,42.720001220703125
2018-06-20,46.720001220703125,41.349998474121094,46.310001373291016,43.9900016784668,7507000,43.9900016784668
2018-06-21,43.86000061035156,37.5099983215332,42.7599983215332,38.029998779296875,8411300,38.029998779296875
2018-06-22,39.22200012207031,34.869998931884766,38.470001220703125,35.849998474121094,9796100,35.849998474121094
2018-06-25,34.7400016784668,30.6200008392334,33.400001525878906,31.489999771118164,9773100,31.489999771118164
2018-06-26,34.349998474121094,32.08000183105469,33.75,34.150001525878906,7828400,34.150001525878906
2018-06-27,35.529998779296875,30.6200008392334,35.349998474121094,31.079999923706055,7884900,31.079999923706055
2018-06-28,33.5,29.75,30.09000015258789,32.68000030517578,6698800,32.68000030517578
2018-06-29,35.0,32.68000030517578,34.90999984741211,32.88999938964844,5612100,32.88999938964844
2018-07-02,32.4900016784668,30.510000228881836,31.450000762939453,32.099998474121094,5684900,32.099998474121094
2018-07-03,33.244998931884766,31.079999923706055,32.150001525878906,31.149999618530273,3733000,31.149999618530273
2018-07-05,32.0,28.579999923706055,31.770000457763672,29.920000076293945,6565000,29.920000076293945
2018-07-06,31.260000228881836,28.399999618530273,28.43000030517578,28.540000915527344,6374000,28.540000915527344
2018-07-09,34.5,28.829999923706055,29.520000457763672,33.689998626708984,11342900,33.689998626708984
2018-07-10,35.470001220703125,32.0,33.560001373291016,32.09000015258789,13797800,32.09000015258789
2018-07-11,36.779998779296875,30.75,31.06999969482422,36.470001220703125,15828500,36.470001220703125
2018-07-12,39.849998474121094,36.599998474121094,37.77000045776367,37.369998931884766,15065100,37.369998931884766
2018-07-13,38.630001068115234,36.25,38.099998474121094,36.93000030517578,7376300,36.93000030517578
2018-07-16,39.25,36.5,37.959999084472656,37.91999816894531,8669300,37.91999816894531
2018-07-17,40.290000915527344,37.04999923706055,37.540000915527344,38.709999084472656,7631500,38.709999084472656
2018-07-18,40.599998474121094,38.04999923706055,39.630001068115234,38.72999954223633,7733300,38.72999954223633
2018-07-19,40.380001068115234,35.25,39.20000076293945,35.4900016784668,11130000,35.4900016784668
2018-07-20,36.91999816894531,34.0,36.0,35.709999084472656,6680500,35.709999084472656
2018-07-23,36.4900016784668,34.14500045776367,35.720001220703125,34.59000015258789,3911500,34.59000015258789
2018-07-24,36.180999755859375,32.22999954223633,35.5,33.400001525878906,5168400,33.400001525878906
2018-07-25,35.59000015258789,33.119998931884766,33.310001373291016,35.18000030517578,4482900,35.18000030517578
2018-07-26,36.060001373291016,34.16999816894531,34.84000015258789,34.4900016784668,3126600,34.4900016784668
2018-07-27,35.87300109863281,33.83000183105469,35.5,35.279998779296875,3830200,35.279998779296875
2018-07-30,35.29999923706055,32.04999923706055,35.29999923706055,32.36000061035156,3451100,32.36000061035156
2018-07-31,33.31999969482422,31.65999984741211,32.5,32.20000076293945,3035000,32.20000076293945
2018-08-01,34.83000183105469,32.520999908447266,32.959999084472656,34.5,4519300,34.5
2018-08-02,34.34000015258789,32.650001525878906,34.34000015258789,33.439998626708984,2527500,33.439998626708984
2018-08-03,34.189998626708984,31.200000762939453,33.54999923706055,31.56999969482422,2739700,31.56999969482422
2018-08-06,31.56999969482422,30.6200008392334,31.079999923706055,31.030000686645508,2142500,31.030000686645508
2018-08-07,32.959999084472656,31.059999465942383,31.729999542236328,32.04999923706055,2341400,32.04999923706055
2018-08-08,32.415000915527344,30.68000030517578,32.400001525878906,31.020000457763672,1879500,31.020000457763672
2018-08-09,31.850000381469727,30.709999084472656,31.510000228881836,30.90999984741211,1181500,30.90999984741211
2018-08-10,32.25,30.132999420166016,30.25,32.189998626708984,2128700,32.189998626708984
2018-08-13,33.5,31.0,33.0,32.880001068115234,4169800,32.880001068115234
2018-08-14,29.229999542236328,27.459999084472656,28.618000030517578,27.600000381469727,10792600,27.600000381469727
2018-08-15,26.90999984741211,24.190000534057617,24.520000457763672,25.829999923706055,8227000,25.829999923706055
2018-08-16,27.579999923706055,26.25,26.809999465942383,26.3700008392334,2483700,26.3700008392334
2018-08-17,26.55500030517578,25.010000228881836,26.34000015258789,25.610000610351562,2553900,25.610000610351562
2018-08-20,27.790000915527344,24.899999618530273,25.799999237060547,26.489999771118164,4415700,26.489999771118164
2018-08-21,27.799999237060547,26.209999084472656,26.979999542236328,26.309999465942383,2850100,26.309999465942383
2018-08-22,27.399999618530273,26.110000610351562,26.479999542236328,27.0,2114800,27.0
2018-08-23,27.649999618530273,26.100000381469727,27.239999771118164,26.219999313354492,1880800,26.219999313354492
2018-08-24,26.780000686645508,25.81100082397461,26.59000015258789,26.170000076293945,1390400,26.170000076293945
2018-08-27,29.8799991607666,26.969999313354492,26.969999313354492,28.959999084472656,4542200,28.959999084472656
2018-08-28,30.65999984741211,28.079999923706055,30.540000915527344,29.1200008392334,3319200,29.1200008392334
2018-08-29,29.1200008392334,28.360000610351562,28.59000015258789,28.770000457763672,2146400,28.770000457763672
2018-08-30,28.5,27.399999618530273,28.100000381469727,28.020000457763672,2246300,28.020000457763672
2018-08-31,28.25,26.399999618530273,26.399999618530273,28.030000686645508,1870200,28.030000686645508
2018-09-04,28.1200008392334,26.920000076293945,28.049999237060547,27.0,1721700,27.0
2018-09-05,26.739999771118164,25.610000610351562,26.3700008392334,26.479999542236328,1739600,26.479999542236328
2018-09-06,27.386999130249023,26.100000381469727,26.40999984741211,26.280000686645508,1079300,26.280000686645508
2018-09-07,27.235000610351562,25.899999618530273,25.899999618530273,26.25,1130800,26.25
2018-09-10,26.200000762939453,25.299999237060547,26.0,25.799999237060547,892400,25.799999237060547
2018-09-11,25.899999618530273,24.860000610351562,24.8700008392334,25.40999984741211,1294600,25.40999984741211
2018-09-12,27.799999237060547,24.639999389648438,25.450000762939453,27.010000228881836,3360500,27.010000228881836
2018-09-13,28.8799991607666,27.270000457763672,28.100000381469727,27.549999237060547,2560000,27.549999237060547
2018-09-14,27.889999389648438,26.170000076293945,27.549999237060547,26.3799991607666,1575100,26.3799991607666
2018-09-17,26.479999542236328,25.1299991607666,25.579999923706055,25.219999313354492,1330100,25.219999313354492
2018-09-18,26.200000762939453,25.077999114990234,25.799999237060547,25.229999542236328,924300,25.229999542236328
2018-09-19,26.100000381469727,25.0,25.90999984741211,25.639999389648438,1237200,25.639999389648438
2018-09-20,26.3799991607666,24.90999984741211,26.15999984741211,25.56999969482422,1011400,25.56999969482422
2018-09-21,26.719999313354492,24.950000762939453,26.389999389648438,25.0,1338100,25.0
2018-09-24,24.5,23.18000030517578,24.25,23.350000381469727,2470100,23.350000381469727
2018-09-25,24.469999313354492,23.149999618530273,23.5,24.3799991607666,2280900,24.3799991607666
2018-09-26,24.549999237060547,23.530000686645508,24.34000015258789,23.6299991607666,1294400,23.6299991607666
2018-09-27,24.110000610351562,23.020000457763672,23.600000381469727,23.59000015258789,1587000,23.59000015258789
2018-09-28,24.079999923706055,23.1200008392334,23.270000457763672,23.579999923706055,1063900,23.579999923706055
2018-10-01,24.040000915527344,22.350000381469727,23.940000534057617,22.5,1797500,22.5
2018-10-02,22.030000686645508,21.020000457763672,21.829999923706055,21.1299991607666,3790100,21.1299991607666
2018-10-03,22.200000762939453,21.40999984741211,21.719999313354492,21.709999084472656,1517800,21.709999084472656
2018-10-04,21.59600067138672,20.510000228881836,21.25,21.0,2161500,21.0
2018-10-05,21.959999084472656,20.540000915527344,20.709999084472656,21.760000228881836,1229600,21.760000228881836
2018-10-08,21.799999237060547,20.600000381469727,20.65999984741211,21.6200008392334,869600,21.6200008392334
2018-10-09,22.75,21.350000381469727,21.510000228881836,21.530000686645508,1060700,21.530000686645508
2018-10-10,22.040000915527344,20.738000869750977,21.360000610351562,21.059999465942383,2006600,21.059999465942383
2018-10-11,22.8799991607666,20.440000534057617,20.700000762939453,22.18000030517578,2573300,22.18000030517578
2018-10-12,23.790000915527344,22.280000686645508,22.940000534057617,22.809999465942383,1468500,22.809999465942383
2018-10-15,22.700000762939453,21.700000762939453,22.5,22.06999969482422,1026300,22.06999969482422
2018-10-16,23.040000915527344,21.899999618530273,22.209999084472656,23.020000457763672,981000,23.020000457763672
2018-10-17,23.0,22.02899932861328,22.8700008392334,22.18000030517578,692600,22.18000030517578
2018-10-18,22.100000381469727,21.399999618530273,21.5,21.969999313354492,1291500,21.969999313354492
2018-10-19,22.450000762939453,21.549999237060547,22.1299991607666,22.079999923706055,589400,22.079999923706055
2018-10-22,23.860000610351562,22.10099983215332,22.729999542236328,22.520000457763672,1914100,22.520000457763672
2018-10-23,21.639999389648438,20.31999969482422,21.5,21.350000381469727,2509100,21.350000381469727
2018-10-24,21.399999618530273,19.399999618530273,21.0,19.510000228881836,1562600,19.510000228881836
2018-10-25,20.094999313354492,19.0,19.969999313354492,19.59000015258789,1143100,19.59000015258789
2018-10-26,19.219999313354492,17.829999923706055,18.809999465942383,18.93000030517578,1974600,18.93000030517578
2018-10-29,19.5,16.760000228881836,19.5,17.3700008392334,1505700,17.3700008392334
2018-10-30,18.27899932861328,16.920000076293945,17.43000030517578,17.790000915527344,1814200,17.790000915527344
2018-10-31,18.3700008392334,17.110000610351562,18.06999969482422,17.31999969482422,1708000,17.31999969482422
2018-11-01,19.979999542236328,17.3700008392334,17.5,19.56999969482422,2297400,19.56999969482422
2018-11-02,21.450000762939453,19.579999923706055,20.790000915527344,19.760000228881836,3043700,19.760000228881836
2018-11-05,20.200000762939453,19.3700008392334,19.5,19.549999237060547,874600,19.549999237060547
2018-11-06,21.238000869750977,19.280000686645508,19.959999084472656,19.280000686645508,1084100,19.280000686645508
2018-11-07,21.520000457763672,18.920000076293945,20.850000381469727,19.040000915527344,2277800,19.040000915527344
2018-11-08,19.649999618530273,18.549999237060547,18.93000030517578,19.0,2187500,19.0
2018-11-09,19.0,18.510000228881836,18.700000762939453,18.979999542236328,1448100,18.979999542236328
2018-11-12,19.200000762939453,18.049999237060547,18.719999313354492,18.5,2772900,18.5
2018-11-13,20.100000381469727,18.65999984741211,19.579999923706055,18.670000076293945,10526300,18.670000076293945
2018-11-14,19.1299991607666,17.34000015258789,18.950000762939453,17.649999618530273,5293100,17.649999618530273
2018-11-15,18.239999771118164,16.986000061035156,18.0,18.15999984741211,3914200,18.15999984741211
2018-11-16,18.040000915527344,17.549999237060547,17.8799991607666,17.690000534057617,1343700,17.690000534057617
2018-11-19,17.8700008392334,17.549999237060547,17.610000610351562,17.6299991607666,1196100,17.6299991607666
2018-11-20,17.5,16.540000915527344,17.0,17.040000915527344,1005000,17.040000915527344
2018-11-21,18.34000015258789,17.190000534057617,17.31999969482422,17.690000534057617,1458400,17.690000534057617
2018-11-23,17.959999084472656,17.34000015258789,17.399999618530273,17.719999313354492,594100,17.719999313354492
2018-11-26,17.979999542236328,16.700000762939453,17.739999771118164,16.899999618530273,1892300,16.899999618530273
2018-11-27,16.841999053955078,16.010000228881836,16.809999465942383,16.270000457763672,2589600,16.270000457763672
2018-11-28,17.139999389648438,16.229999542236328,16.40999984741211,17.040000915527344,2001400,17.040000915527344
2018-11-29,17.1200008392334,16.010000228881836,16.309999465942383,17.06999969482422,2836400,17.06999969482422
2018-11-30,17.6299991607666,16.615999221801758,16.860000610351562,17.270000457763672,2953200,17.270000457763672
2018-12-03,18.447999954223633,16.440000534057617,18.447999954223633,17.010000228881836,6130700,17.010000228881836
2018-12-04,16.93000030517578,15.699999809265137,16.829999923706055,15.8100004196167,3865200,15.8100004196167
2018-12-06,16.329999923706055,15.050000190734863,15.649999618530273,15.229999542236328,4519300,15.229999542236328
2018-12-07,15.5,14.4399995803833,15.390000343322754,14.65999984741211,4078300,14.65999984741211
2018-12-10,15.390000343322754,14.5,14.5,15.279999732971191,2086600,15.279999732971191
2018-12-11,16.309999465942383,15.300000190734863,15.399999618530273,16.149999618530273,2885800,16.149999618530273
2018-12-12,17.32900047302246,16.399999618530273,16.40999984741211,16.75,2408700,16.75
2018-12-13,18.18000030517578,16.829999923706055,17.0,18.110000610351562,3189100,18.110000610351562
2018-12-14,18.5,17.209999084472656,17.510000228881836,18.299999237060547,3280600,18.299999237060547
2018-12-17,18.34000015258789,16.200000762939453,18.299999237060547,16.399999618530273,2133700,16.399999618530273
2018-12-18,17.18600082397461,15.6899995803833,16.40999984741211,16.049999237060547,2575100,16.049999237060547
2018-12-19,16.569000244140625,15.529999732971191,15.789999961853027,15.800000190734863,2102400,15.800000190734863
2018-12-20,16.459999084472656,15.600000381469727,15.600000381469727,16.15999984741211,1694900,16.15999984741211
2018-12-21,17.110000610351562,15.229999542236328,16.600000381469727,15.579999923706055,2838800,15.579999923706055
2018-12-24,15.699999809265137,14.930000305175781,15.479999542236328,15.550000190734863,946700,15.550000190734863
2018-12-26,16.25,15.09000015258789,15.640000343322754,16.219999313354492,1436500,16.219999313354492
2018-12-27,16.459999084472656,15.420000076293945,15.710000038146973,15.930000305175781,1566200,15.930000305175781
2018-12-28,16.030000686645508,15.25,15.84000015258789,15.470000267028809,1144200,15.470000267028809
2018-12-31,15.9399995803833,15.1850004196167,15.710000038146973,15.479999542236328,1448800,15.479999542236328
2019-01-02,16.079999923706055,15.119999885559082,15.170000076293945,15.770000457763672,1157800,15.770000457763672
2019-01-03,16.290000915527344,15.420000076293945,15.529999732971191,15.670000076293945,991300,15.670000076293945
2019-01-04,17.639999389648438,16.1200008392334,16.15999984741211,17.110000610351562,2690900,17.110000610351562
2019-01-07,18.709999084472656,17.110000610351562,17.3799991607666,18.5,2116800,18.5
2019-01-08,20.0,17.25,18.700000762939453,18.139999389648438,4326200,18.139999389648438
2019-01-09,20.200000762939453,18.141000747680664,18.31999969482422,19.450000762939453,3802900,19.450000762939453
2019-01-10,20.3799991607666,19.049999237060547,19.18000030517578,19.959999084472656,2663600,19.959999084472656
2019-01-11,20.899999618530273,19.6200008392334,19.84000015258789,20.200000762939453,2355800,20.200000762939453
2019-01-14,19.84000015258789,18.260000228881836,19.770000457763672,18.610000610351562,2423800,18.610000610351562
2019-01-15,19.25,18.75,19.1200008392334,19.06999969482422,1229200,19.06999969482422
2019-01-16,19.6200008392334,18.756999969482422,19.0,19.049999237060547,1221200,19.049999237060547
2019-01-17,19.979999542236328,18.75,18.780000686645508,19.709999084472656,962200,19.709999084472656
2019-01-18,20.75,19.770000457763672,19.979999542236328,20.309999465942383,1816900,20.309999465942383
2019-01-22,20.290000915527344,19.207000732421875,20.15999984741211,19.8799991607666,1864600,19.8799991607666
2019-01-23,20.600000381469727,19.809999465942383,20.0,19.950000762939453,1443000,19.950000762939453
2019-01-24,20.43000030517578,19.860000610351562,20.25,20.079999923706055,1684200,20.079999923706055
2019-01-25,22.530000686645508,20.219999313354492,20.559999465942383,22.3700008392334,4736100,22.3700008392334
2019-01-28,21.3799991607666,20.5,21.299999237060547,20.950000762939453,3544600,20.950000762939453
2019-01-29,20.600000381469727,19.18400001525879,20.600000381469727,20.09000015258789,3291900,20.09000015258789
2019-01-30,20.799999237060547,19.760000228881836,20.200000762939453,19.889999389648438,1873300,19.889999389648438
2019-01-31,21.139999389648438,19.899999618530273,20.0,20.979999542236328,2610300,20.979999542236328
2019-02-01,21.43000030517578,19.520000457763672,20.700000762939453,19.670000076293945,3034700,19.670000076293945
2019-02-04,20.09000015258789,19.625999450683594,19.8700008392334,19.739999771118164,1728300,19.739999771118164
2019-02-05,20.25,19.809999465942383,19.940000534057617,20.0,1248400,20.0
2019-02-06,20.200000762939453,19.420000076293945,20.1200008392334,19.43000030517578,1433300,19.43000030517578
2019-02-07,19.549999237060547,18.450000762939453,19.260000228881836,18.84000015258789,1982800,18.84000015258789
2019-02-08,19.479999542236328,18.299999237060547,18.5,19.200000762939453,1496700,19.200000762939453
2019-02-11,19.829999923706055,19.225000381469727,19.459999084472656,19.360000610351562,1202300,19.360000610351562
2019-02-12,20.469999313354492,19.520000457763672,19.520000457763672,20.0,2132600,20.0
2019-02-13,20.3439998626709,19.31999969482422,20.200000762939453,19.3799991607666,2341300,19.3799991607666
2019-02-14,19.84000015258789,19.027999877929688,19.229999542236328,19.799999237060547,1414100,19.799999237060547
2019-02-15,19.8700008392334,19.34000015258789,19.700000762939453,19.440000534057617,1156900,19.440000534057617
2019-02-19,20.190000534057617,19.299999237060547,19.34000015258789,20.049999237060547,2654800,20.049999237060547
2019-02-20,22.040000915527344,20.15999984741211,20.170000076293945,22.0,5376800,22.0
2019-02-21,22.360000610351562,21.013999938964844,22.0,21.260000228881836,3104100,21.260000228881836
2019-02-22,24.700000762939453,21.799999237060547,21.8700008392334,23.75,6208600,23.75
2019-02-25,26.059999465942383,24.709999084472656,25.8700008392334,24.8700008392334,6188400,24.8700008392334
2019-02-26,26.1200008392334,24.25,24.40999984741211,25.469999313354492,3165000,25.469999313354492
2019-02-27,26.200000762939453,24.860000610351562,25.860000610351562,25.790000915527344,2411200,25.790000915527344
2019-02-28,26.18000030517578,25.0,25.860000610351562,25.84000015258789,2112700,25.84000015258789
2019-03-01,26.5,24.760000228881836,26.40999984741211,25.209999084472656,3451200,25.209999084472656
2019-03-04,25.6299991607666,23.684999465942383,25.5,24.559999465942383,6706600,24.559999465942383
2019-03-05,30.0,24.010000228881836,25.381999969482422,29.959999084472656,21982800,29.959999084472656
2019-03-06,29.440000534057617,26.100000381469727,29.260000228881836,27.31999969482422,12711100,27.31999969482422
2019-03-07,26.899999618530273,25.100000381469727,26.770000457763672,25.219999313354492,8474500,25.219999313354492
2019-03-08,24.479999542236328,22.700000762939453,23.729999542236328,24.139999389648438,7628900,24.139999389648438
2019-03-11,25.739999771118164,24.43000030517578,24.520000457763672,25.459999084472656,4322700,25.459999084472656
2019-03-12,26.280000686645508,24.8799991607666,25.59000015258789,26.100000381469727,3825400,26.100000381469727
2019-03-13,26.450000762939453,24.968000411987305,25.5,25.100000381469727,3011500,25.100000381469727
2019-03-14,24.770000457763672,24.079999923706055,24.600000381469727,24.469999313354492,3599000,24.469999313354492
2019-03-15,27.1200008392334,24.594999313354492,24.75,26.709999084472656,6388900,26.709999084472656
2019-03-18,28.049999237060547,27.0,27.0,27.829999923706055,4100200,27.829999923706055
2019-03-19,28.43899917602539,27.010000228881836,28.049999237060547,28.020000457763672,3305000,28.020000457763672
2019-03-20,27.940000534057617,26.40999984741211,27.360000610351562,27.729999542236328,2830400,27.729999542236328
2019-03-21,28.290000915527344,27.049999237060547,27.170000076293945,27.989999771118164,1602900,27.989999771118164
2019-03-22,27.49799919128418,25.0,27.1299991607666,25.030000686645508,5474100,25.030000686645508
2019-03-25,26.059999465942383,24.530000686645508,24.700000762939453,25.8700008392334,3336600,25.8700008392334
2019-03-26,26.350000381469727,25.299999237060547,26.1200008392334,25.809999465942383,2186300,25.809999465942383
2019-03-27,26.190000534057617,25.059999465942383,25.719999313354492,26.110000610351562,1601400,26.110000610351562
2019-03-28,27.030000686645508,25.649999618530273,25.950000762939453,26.959999084472656,1838200,26.959999084472656
2019-03-29,28.860000610351562,27.420000076293945,27.440000534057617,28.1299991607666,4365300,28.1299991607666
2019-04-01,29.450000762939453,27.920000076293945,28.809999465942383,29.299999237060547,3550100,29.299999237060547
2019-04-02,29.25,27.670000076293945,28.8799991607666,27.700000762939453,2698200,27.700000762939453
2019-04-03,28.3799991607666,26.3700008392334,28.229999542236328,27.040000915527344,4192500,27.040000915527344
2019-04-04,26.959999084472656,24.8799991607666,26.959999084472656,25.739999771118164,6570900,25.739999771118164
2019-04-05,26.558000564575195,25.889999389648438,26.1299991607666,25.989999771118164,3061000,25.989999771118164
2019-04-08,26.08099937438965,24.850000381469727,25.030000686645508,25.229999542236328,3011800,25.229999542236328
2019-04-09,25.209999084472656,24.079999923706055,24.81999969482422,24.329999923706055,6079400,24.329999923706055
2019-04-10,24.049999237060547,22.670000076293945,23.920000076293945,23.209999084472656,18379200,23.209999084472656
2019-04-11,23.190000534057617,22.479999542236328,22.950000762939453,22.770000457763672,8984400,22.770000457763672
2019-04-12,23.770000457763672,22.700000762939453,23.020000457763672,23.010000228881836,6019700,23.010000228881836
2019-04-15,23.010000228881836,22.100000381469727,22.8799991607666,22.25,4004400,22.25
2019-04-16,23.350000381469727,22.450000762939453,22.850000381469727,22.510000228881836,4435400,22.510000228881836
2019-04-17,22.867000579833984,21.979999542236328,22.809999465942383,22.020000457763672,3804800,22.020000457763672
2019-04-18,23.065000534057617,22.010000228881836,22.049999237060547,22.940000534057617,3297900,22.940000534057617
2019-04-22,23.030000686645508,22.350000381469727,22.5,22.3799991607666,2982900,22.3799991607666
2019-04-23,22.850000381469727,22.40999984741211,22.479999542236328,22.65999984741211,2463900,22.65999984741211
2019-04-24,22.979999542236328,22.200000762939453,22.639999389648438,22.950000762939453,2578300,22.950000762939453
2019-04-25,23.18000030517578,22.722999572753906,22.850000381469727,22.959999084472656,3355500,22.959999084472656
2019-04-26,23.110000610351562,22.280000686645508,22.940000534057617,22.889999389648438,2917600,22.889999389648438
2019-04-29,23.139999389648438,22.600000381469727,22.780000686645508,23.059999465942383,1908400,23.059999465942383
2019-04-30,24.239999771118164,22.8700008392334,22.950000762939453,23.889999389648438,4163800,23.889999389648438
2019-05-01,24.100000381469727,22.709999084472656,24.0,22.90999984741211,2918900,22.90999984741211
2019-05-02,23.229999542236328,22.270000457763672,22.860000610351562,22.889999389648438,2552800,22.889999389648438
2019-05-03,23.899999618530273,22.81999969482422,22.899999618530273,23.84000015258789,2385900,23.84000015258789
2019-05-06,23.18000030517578,22.09000015258789,22.389999389648438,22.8799991607666,4065000,22.8799991607666
2019-05-07,22.709999084472656,21.700000762939453,22.530000686645508,21.850000381469727,3971200,21.850000381469727
2019-05-08,22.3799991607666,21.868000030517578,22.239999771118164,22.1299991607666,2557900,22.1299991607666
2019-05-09,22.739999771118164,20.90999984741211,21.610000610351562,22.579999923706055,3921600,22.579999923706055
2019-05-10,23.079999923706055,21.559999465942383,22.56999969482422,21.989999771118164,2734200,21.989999771118164
2019-05-13,20.979999542236328,19.905000686645508,20.799999237060547,20.049999237060547,3912700,20.049999237060547
2019-05-14,20.739999771118164,19.600000381469727,20.309999465942383,20.469999313354492,4769700,20.469999313354492
2019-05-15,21.690000534057617,20.399999618530273,20.399999618530273,21.510000228881836,3322300,21.510000228881836
2019-05-16,22.049999237060547,20.850000381469727,21.799999237060547,20.969999313354492,4561400,20.969999313354492
2019-05-17,21.68000030517578,20.059999465942383,20.299999237060547,21.649999618530273,7646100,21.649999618530273
2019-05-20,20.767000198364258,19.479999542236328,20.610000610351562,19.600000381469727,5935900,19.600000381469727
2019-05-21,20.770000457763672,19.850000381469727,19.899999618530273,20.68000030517578,3116600,20.68000030517578
2019-05-22,21.270000457763672,20.100000381469727,20.239999771118164,20.469999313354492,3273600,20.469999313354492
2019-05-23,20.65999984741211,19.8700008392334,20.0,20.270000457763672,2908400,20.270000457763672
2019-05-24,21.06999969482422,20.450000762939453,20.450000762939453,20.850000381469727,1998700,20.850000381469727
2019-05-28,21.84000015258789,20.989999771118164,21.709999084472656,20.989999771118164,2143100,20.989999771118164
2019-05-29,21.280000686645508,20.579999923706055,20.739999771118164,21.100000381469727,1518400,21.100000381469727
2019-05-30,22.06999969482422,21.18000030517578,21.299999237060547,21.850000381469727,2108700,21.850000381469727
2019-05-31,21.959999084472656,21.200000762939453,21.290000915527344,21.3700008392334,1617700,21.3700008392334
2019-06-03,21.719999313354492,20.149999618530273,21.290000915527344,20.510000228881836,2036800,20.510000228881836
2019-06-04,22.229999542236328,20.600000381469727,20.84000015258789,22.059999465942383,2539900,22.059999465942383
2019-06-05,22.170000076293945,20.8799991607666,22.100000381469727,21.110000610351562,2637100,21.110000610351562
2019-06-06,21.290000915527344,20.829999923706055,21.290000915527344,21.1299991607666,1908200,21.1299991607666
2019-06-07,22.649999618530273,21.15999984741211,21.200000762939453,22.020000457763672,2459200,22.020000457763672
2019-06-10,23.719999313354492,22.825000762939453,22.829999923706055,22.950000762939453,2403600,22.950000762939453
2019-06-11,23.5,22.799999237060547,23.40999984741211,23.18000030517578,1585200,23.18000030517578
2019-06-12,23.05500030517578,22.360000610351562,22.860000610351562,22.860000610351562,1093200,22.860000610351562
2019-06-13,23.559999465942383,22.690000534057617,23.100000381469727,23.299999237060547,1754500,23.299999237060547
2019-06-14,23.59000015258789,22.700000762939453,22.90999984741211,23.299999237060547,2114700,23.299999237060547
2019-06-17,24.450000762939453,23.25,23.440000534057617,23.8700008392334,2968600,23.8700008392334
2019-06-18,26.19499969482422,24.200000762939453,24.200000762939453,26.149999618530273,5534700,26.149999618530273
2019-06-19,26.299999237060547,25.350000381469727,26.030000686645508,25.639999389648438,2863300,25.639999389648438
2019-06-20,26.209999084472656,24.700000762939453,26.200000762939453,25.040000915527344,2248300,25.040000915527344
2019-06-21,25.540000915527344,24.770000457763672,25.06999969482422,25.040000915527344,1748200,25.040000915527344
2019-06-24,25.850000381469727,24.600000381469727,25.030000686645508,25.450000762939453,2391700,25.450000762939453
2019-06-25,25.06999969482422,23.030000686645508,25.020000457763672,23.399999618530273,4164900,23.399999618530273
2019-06-26,24.450000762939453,23.799999237060547,23.979999542236328,24.15999984741211,1967300,24.15999984741211
2019-06-27,25.0,24.15999984741211,24.190000534057617,24.93000030517578,1272700,24.93000030517578
2019-06-28,25.139999389648438,24.520000457763672,24.6299991607666,24.709999084472656,1326200,24.709999084472656
2019-07-01,26.239999771118164,25.450000762939453,25.959999084472656,25.6299991607666,3012400,25.6299991607666
2019-07-02,26.3799991607666,25.649999618530273,25.780000686645508,25.959999084472656,2355300,25.959999084472656
2019-07-03,25.989999771118164,25.440000534057617,25.700000762939453,25.920000076293945,1521900,25.920000076293945
2019-07-05,26.200000762939453,25.010000228881836,25.520000457763672,25.989999771118164,1354200,25.989999771118164
2019-07-08,25.56999969482422,24.75,25.5,24.889999389648438,2024400,24.889999389648438
2019-07-09,25.530000686645508,24.450000762939453,24.520000457763672,25.399999618530273,1766200,25.399999618530273
2019-07-10,25.790000915527344,24.441999435424805,25.59000015258789,24.59000015258789,1951900,24.59000015258789
2019-07-11,24.549999237060547,23.510000228881836,24.5,23.93000030517578,1907700,23.93000030517578
2019-07-12,24.5,23.850000381469727,24.09000015258789,24.100000381469727,1205100,24.100000381469727
2019-07-15,24.420000076293945,23.93000030517578,24.200000762939453,24.280000686645508,1233100,24.280000686645508
2019-07-16,24.450000762939453,23.520000457763672,24.040000915527344,24.06999969482422,2168200,24.06999969482422
2019-07-17,24.926000595092773,22.69499969482422,24.100000381469727,22.8700008392334,4086800,22.8700008392334
2019-07-18,22.815000534057617,21.8700008392334,22.5,22.239999771118164,2470300,22.239999771118164
2019-07-19,22.479999542236328,21.610000610351562,22.280000686645508,21.65999984741211,2238800,21.65999984741211
2019-07-22,21.950000762939453,21.110000610351562,21.690000534057617,21.43000030517578,1384500,21.43000030517578
2019-07-23,22.610000610351562,21.610000610351562,21.719999313354492,22.489999771118164,2519400,22.489999771118164
2019-07-24,22.670000076293945,22.040000915527344,22.440000534057617,22.459999084472656,1914400,22.459999084472656
2019-07-25,22.559999465942383,22.100000381469727,22.489999771118164,22.139999389648438,805800,22.139999389648438
2019-07-26,22.579999923706055,21.889999389648438,22.25,22.0,1265000,22.0
2019-07-29,22.80500030517578,21.400999069213867,21.979999542236328,22.670000076293945,2065000,22.670000076293945
2019-07-30,22.670000076293945,21.809999465942383,22.350000381469727,22.559999465942383,1121900,22.559999465942383
2019-07-31,23.179000854492188,22.1200008392334,22.350000381469727,22.670000076293945,1373000,22.670000076293945
2019-08-01,22.940000534057617,20.610000610351562,22.520000457763672,21.010000228881836,2034700,21.010000228881836
2019-08-02,21.579999923706055,20.6299991607666,20.719999313354492,21.059999465942383,1450500,21.059999465942383
2019-08-05,20.469999313354492,19.75,20.399999618530273,20.350000381469727,2015800,20.350000381469727
2019-08-06,20.899999618530273,19.75,20.739999771118164,20.110000610351562,1292900,20.110000610351562
2019-08-07,20.399999618530273,19.299999237060547,19.899999618530273,20.149999618530273,1606300,20.149999618530273
2019-08-08,20.690000534057617,19.850000381469727,20.18000030517578,20.600000381469727,2210000,20.600000381469727
2019-08-09,20.940000534057617,20.200000762939453,20.200000762939453,20.389999389648438,1278700,20.389999389648438
2019-08-12,20.780000686645508,19.93000030517578,20.18000030517578,20.399999618530273,1424300,20.399999618530273
2019-08-13,21.389999389648438,20.579999923706055,21.010000228881836,21.329999923706055,3773400,21.329999923706055
2019-08-14,22.200000762939453,20.420000076293945,20.829999923706055,21.389999389648438,8769200,21.389999389648438
2019-08-15,23.489999771118164,21.610000610351562,21.649999618530273,23.18000030517578,6188000,23.18000030517578
2019-08-16,24.450000762939453,22.93400001525879,23.299999237060547,24.290000915527344,4853100,24.290000915527344
2019-08-19,25.06999969482422,23.700000762939453,24.799999237060547,24.010000228881836,3150500,24.010000228881836
2019-08-20,23.934999465942383,23.209999084472656,23.829999923706055,23.299999237060547,2317600,23.299999237060547
2019-08-21,23.989999771118164,23.350000381469727,23.899999618530273,23.75,1818700,23.75
2019-08-22,23.68000030517578,22.5,23.479999542236328,22.649999618530273,2428700,22.649999618530273
2019-08-23,22.979999542236328,22.010000228881836,22.270000457763672,22.06999969482422,1852700,22.06999969482422
2019-08-26,23.15999984741211,22.049999237060547,22.3799991607666,22.809999465942383,1437400,22.809999465942383
2019-08-27,23.1299991607666,21.3700008392334,22.940000534057617,21.989999771118164,1959100,21.989999771118164
2019-08-28,23.709999084472656,21.610000610351562,21.81999969482422,23.6200008392334,2738400,23.6200008392334
2019-08-29,24.950000762939453,23.8799991607666,23.979999542236328,24.510000228881836,3056400,24.510000228881836
2019-08-30,25.725000381469727,24.219999313354492,24.59000015258789,25.200000762939453,3111500,25.200000762939453
2019-09-03,25.139999389648438,23.950000762939453,24.950000762939453,24.100000381469727,2097100,24.100000381469727
2019-09-04,25.0,24.450000762939453,24.709999084472656,24.610000610351562,1475400,24.610000610351562
2019-09-05,25.389999389648438,24.860000610351562,24.899999618530273,25.0,2983500,25.0
2019-09-06,25.229999542236328,24.25,25.170000076293945,24.25,2196900,24.25
2019-09-09,24.75,23.68000030517578,24.5,23.959999084472656,1810200,23.959999084472656
2019-09-10,23.799999237060547,23.110000610351562,23.610000610351562,23.190000534057617,1798700,23.190000534057617
2019-09-11,23.899999618530273,23.31999969482422,23.31999969482422,23.5,2364200,23.5
2019-09-12,24.280000686645508,22.860000610351562,23.829999923706055,24.18000030517578,2426100,24.18000030517578
2019-09-13,24.81999969482422,23.829999923706055,24.18000030517578,24.139999389648438,1577800,24.139999389648438
2019-09-16,24.639999389648438,23.739999771118164,24.0,23.850000381469727,1938100,23.850000381469727
2019-09-17,25.549999237060547,23.8799991607666,23.899999618530273,25.1200008392334,2458500,25.1200008392334
2019-09-18,26.049999237060547,24.93000030517578,25.010000228881836,25.950000762939453,3348500,25.950000762939453
2019-09-19,27.979999542236328,25.829999923706055,26.15999984741211,27.93000030517578,5963800,27.93000030517578
2019-09-20,28.200000762939453,26.850000381469727,27.93000030517578,27.8799991607666,6222400,27.8799991607666
2019-09-23,28.0,26.94099998474121,27.5,27.040000915527344,2061800,27.040000915527344
2019-09-24,27.399999618530273,25.309999465942383,27.399999618530273,26.450000762939453,3378300,26.450000762939453
2019-09-25,26.75,25.43000030517578,26.270000457763672,26.610000610351562,3005900,26.610000610351562
2019-09-26,27.110000610351562,26.149999618530273,26.610000610351562,26.3799991607666,1543800,26.3799991607666
2019-09-27,26.59000015258789,23.1200008392334,26.459999084472656,23.889999389648438,4266900,23.889999389648438
2019-09-30,24.8799991607666,23.520000457763672,24.860000610351562,23.639999389648438,3191900,23.639999389648438
2019-10-01,23.979999542236328,23.290000915527344,23.65999984741211,23.440000534057617,1713800,23.440000534057617
2019-10-02,23.15999984741211,22.25,23.09000015258789,23.040000915527344,1888500,23.040000915527344
2019-10-03,23.68000030517578,22.6299991607666,23.059999465942383,23.520000457763672,1868000,23.520000457763672
2019-10-04,23.610000610351562,22.690000534057617,23.450000762939453,22.729999542236328,2066900,22.729999542236328
2019-10-07,23.280000686645508,22.5,22.670000076293945,22.68000030517578,1817100,22.68000030517578
2019-10-08,22.450000762939453,21.530000686645508,22.280000686645508,21.6200008392334,1913400,21.6200008392334
2019-10-09,22.100000381469727,21.139999389648438,22.09000015258789,21.6200008392334,1842600,21.6200008392334
2019-10-10,22.09000015258789,20.90999984741211,21.68000030517578,21.6299991607666,2049300,21.6299991607666
2019-10-11,23.200000762939453,22.059999465942383,22.149999618530273,22.34000015258789,2045500,22.34000015258789
2019-10-14,23.010000228881836,22.280000686645508,22.639999389648438,22.40999984741211,1302900,22.40999984741211
2019-10-15,23.979999542236328,22.450000762939453,22.450000762939453,23.729999542236328,1778700,23.729999542236328
2019-10-16,24.1200008392334,23.469999313354492,23.5,24.049999237060547,1767900,24.049999237060547
2019-10-17,24.184999465942383,22.790000915527344,24.149999618530273,22.84000015258789,2189800,22.84000015258789
2019-10-18,22.809999465942383,21.3700008392334,22.790000915527344,21.5,3160300,21.5
2019-10-21,22.229999542236328,21.440000534057617,21.440000534057617,22.010000228881836,1750300,22.010000228881836
2019-10-22,22.299999237060547,20.639999389648438,22.110000610351562,20.739999771118164,2016300,20.739999771118164
2019-10-23,21.579999923706055,20.700000762939453,20.799999237060547,21.540000915527344,1280000,21.540000915527344
2019-10-24,22.25,21.520000457763672,21.899999618530273,21.829999923706055,1957800,21.829999923706055
2019-10-25,22.649999618530273,21.700000762939453,21.889999389648438,21.940000534057617,3791000,21.940000534057617
2019-10-28,22.639999389648438,21.8799991607666,22.479999542236328,22.020000457763672,1644800,22.020000457763672
2019-10-29,22.139999389648438,21.700000762939453,22.0,21.84000015258789,1146600,21.84000015258789
2019-10-30,22.25,21.40999984741211,21.719999313354492,22.25,2111200,22.25
2019-10-31,22.489999771118164,21.719999313354492,22.139999389648438,22.239999771118164,1625900,22.239999771118164
2019-11-01,23.68000030517578,22.239999771118164,22.469999313354492,23.260000228881836,2602300,23.260000228881836
2019-11-04,24.950000762939453,23.510000228881836,23.579999923706055,24.850000381469727,2676800,24.850000381469727
2019-11-05,24.969999313354492,24.079999923706055,24.940000534057617,24.360000610351562,1954000,24.360000610351562
2019-11-06,24.440000534057617,23.1200008392334,24.360000610351562,23.25,1927000,23.25
2019-11-07,24.25,23.610000610351562,23.959999084472656,24.239999771118164,2195300,24.239999771118164
2019-11-08,25.299999237060547,23.950000762939453,24.200000762939453,25.25,3252500,25.25
2019-11-11,25.579999923706055,24.600000381469727,24.799999237060547,25.350000381469727,3926400,25.350000381469727
2019-11-12,25.899999618530273,24.030000686645508,25.559999465942383,24.260000228881836,5089500,24.260000228881836
2019-11-13,25.139999389648438,23.059999465942383,25.0,24.18000030517578,5375600,24.18000030517578
2019-11-14,24.1200008392334,22.3799991607666,24.0,22.399999618530273,3418900,22.399999618530273
2019-11-15,22.75,21.940000534057617,22.600000381469727,22.440000534057617,3628600,22.440000534057617
2019-11-18,23.31999969482422,21.84000015258789,22.34000015258789,22.979999542236328,2373900,22.979999542236328
2019-11-19,23.174999237060547,22.459999084472656,23.170000076293945,22.489999771118164,1723600,22.489999771118164
2019-11-20,22.290000915527344,21.3799991607666,22.170000076293945,21.920000076293945,3624800,21.920000076293945
2019-11-21,22.030000686645508,21.059999465942383,21.8799991607666,21.350000381469727,2963900,21.350000381469727
2019-11-22,21.860000610351562,21.260000228881836,21.399999618530273,21.770000457763672,1480300,21.770000457763672
2019-11-25,22.190000534057617,21.510000228881836,22.010000228881836,21.770000457763672,2124200,21.770000457763672
2019-11-26,22.0,21.010000228881836,21.6200008392334,21.579999923706055,8550900,21.579999923706055
2019-11-27,21.770000457763672,21.020000457763672,21.600000381469727,21.610000610351562,2463300,21.610000610351562
2019-11-29,21.360000610351562,20.600000381469727,21.360000610351562,21.100000381469727,2262500,21.100000381469727
2019-12-02,20.8700008392334,19.850000381469727,20.690000534057617,20.600000381469727,4080200,20.600000381469727
2019-12-03,20.040000915527344,19.139999389648438,19.979999542236328,19.25,6085100,19.25
2019-12-04,19.649999618530273,18.358999252319336,19.559999465942383,18.670000076293945,4847400,18.670000076293945
2019-12-05,19.09000015258789,18.5,18.799999237060547,18.709999084472656,3994000,18.709999084472656
2019-12-06,19.219999313354492,18.610000610351562,18.84000015258789,18.68000030517578,3260500,18.68000030517578
2019-12-09,18.780000686645508,17.969999313354492,18.68000030517578,18.079999923706055,3602400,18.079999923706055
2019-12-10,18.209999084472656,17.510000228881836,18.209999084472656,17.579999923706055,5533700,17.579999923706055
2019-12-11,18.530000686645508,17.40999984741211,17.729999542236328,18.209999084472656,4139700,18.209999084472656
2019-12-12,18.709999084472656,17.780000686645508,18.389999389648438,18.010000228881836,4863800,18.010000228881836
2019-12-13,18.09000015258789,16.81999969482422,18.020000457763672,16.950000762939453,7084100,16.950000762939453
2019-12-16,17.489999771118164,16.399999618530273,17.030000686645508,17.3700008392334,4106200,17.3700008392334
2019-12-17,17.979999542236328,17.420000076293945,17.450000762939453,17.760000228881836,3736200,17.760000228881836
2019-12-18,17.940000534057617,17.18000030517578,17.799999237060547,17.450000762939453,4633000,17.450000762939453
2019-12-19,17.540000915527344,16.829999923706055,17.3700008392334,17.290000915527344,3735900,17.290000915527344
2019-12-20,17.65999984741211,17.1200008392334,17.420000076293945,17.440000534057617,3773300,17.440000534057617
2019-12-23,17.920000076293945,17.299999237060547,17.40999984741211,17.579999923706055,3284700,17.579999923706055
2019-12-24,18.309999465942383,17.549999237060547,17.579999923706055,17.690000534057617,2397300,17.690000534057617
2019-12-26,18.110000610351562,17.709999084472656,17.899999618530273,17.90999984741211,1953500,17.90999984741211
2019-12-27,18.700000762939453,17.81999969482422,18.1200008392334,18.020000457763672,4697800,18.020000457763672
2019-12-30,18.459999084472656,17.860000610351562,17.899999618530273,18.15999984741211,2290400,18.15999984741211
2019-12-31,18.350000381469727,17.920000076293945,18.18000030517578,17.950000762939453,2943300,17.950000762939453
2020-01-02,20.09000015258789,18.309999465942383,18.350000381469727,20.020000457763672,7344800,20.020000457763672
2020-01-03,19.770000457763672,19.110000610351562,19.770000457763672,19.239999771118164,4500900,19.239999771118164
2020-01-06,20.229999542236328,18.950000762939453,19.0,19.829999923706055,4836900,19.829999923706055
2020-01-07,20.979999542236328,19.709999084472656,19.950000762939453,20.81999969482422,5678900,20.81999969482422
2020-01-08,21.118000030517578,20.450000762939453,20.68000030517578,20.950000762939453,3218900,20.950000762939453
2020-01-09,21.729999542236328,20.780000686645508,21.540000915527344,20.979999542236328,5436900,20.979999542236328
2020-01-10,21.18000030517578,20.280000686645508,21.09000015258789,20.389999389648438,4055200,20.389999389648438
2020-01-13,21.280000686645508,20.540000915527344,20.760000228881836,21.040000915527344,3569600,21.040000915527344
2020-01-14,21.06999969482422,20.31999969482422,20.979999542236328,20.59000015258789,3417500,20.59000015258789
2020-01-15,20.815000534057617,20.299999237060547,20.530000686645508,20.68000030517578,2483900,20.68000030517578
2020-01-16,21.020000457763672,20.350000381469727,20.600000381469727,20.5,2136900,20.5
2020-01-17,20.59000015258789,20.079999923706055,20.459999084472656,20.43000030517578,1870600,20.43000030517578
2020-01-21,20.559999465942383,19.860000610351562,20.299999237060547,20.479999542236328,2931300,20.479999542236328
2020-01-22,20.739999771118164,18.28499984741211,20.700000762939453,18.389999389648438,8765800,18.389999389648438
2020-01-23,19.299999237060547,18.030000686645508,18.219999313354492,19.0,5904500,19.0
2020-01-24,19.079999923706055,18.059999465942383,19.030000686645508,18.149999618530273,3463000,18.149999618530273
2020-01-27,18.280000686645508,17.299999237060547,17.299999237060547,17.93000030517578,3955000,17.93000030517578
2020-01-28,18.399999618530273,17.979999542236328,18.239999771118164,18.209999084472656,3067600,18.209999084472656
2020-01-29,18.469999313354492,17.959999084472656,18.40999984741211,18.420000076293945,1606400,18.420000076293945
2020-01-30,18.149999618530273,17.670000076293945,18.100000381469727,18.139999389648438,2691600,18.139999389648438
2020-01-31,18.200000762939453,17.579999923706055,17.940000534057617,17.8799991607666,2477800,17.8799991607666
2020-02-03,18.989999771118164,17.93000030517578,17.979999542236328,18.600000381469727,2564400,18.600000381469727
2020-02-04,19.3700008392334,18.68000030517578,19.079999923706055,18.8700008392334,2733200,18.8700008392334
2020-02-05,19.219999313354492,18.309999465942383,19.190000534057617,18.649999618530273,2300600,18.649999618530273
2020-02-06,19.440000534057617,18.799999237060547,18.8700008392334,19.059999465942383,3279600,19.059999465942383
2020-02-07,19.19499969482422,18.68000030517578,19.1200008392334,19.09000015258789,1382900,19.09000015258789
2020-02-10,20.389999389648438,19.1200008392334,19.18000030517578,20.309999465942383,4037900,20.309999465942383
2020-02-11,21.479999542236328,20.329999923706055,20.540000915527344,20.389999389648438,4655700,20.389999389648438
2020-02-12,21.239999771118164,20.459999084472656,20.850000381469727,20.989999771118164,2715900,20.989999771118164
2020-02-13,20.809999465942383,19.920000076293945,20.25,20.540000915527344,2428200,20.540000915527344
2020-02-14,21.1200008392334,20.649999618530273,20.979999542236328,21.049999237060547,2011900,21.049999237060547
2020-02-18,21.049999237060547,20.184999465942383,21.0,20.579999923706055,2375100,20.579999923706055
2020-02-19,20.8799991607666,20.43000030517578,20.559999465942383,20.610000610351562,1736600,20.610000610351562
2020-02-20,21.06999969482422,20.40999984741211,20.75,20.93000030517578,2251600,20.93000030517578
2020-02-21,20.770000457763672,19.860000610351562,20.739999771118164,20.049999237060547,2469000,20.049999237060547
2020-02-24,19.81999969482422,18.8700008392334,19.1200008392334,19.489999771118164,2988700,19.489999771118164
2020-02-25,20.170000076293945,19.270000457763672,19.989999771118164,19.270000457763672,3243100,19.270000457763672
2020-02-26,19.84000015258789,18.90999984741211,19.190000534057617,19.600000381469727,1954900,19.600000381469727
2020-02-27,19.31100082397461,17.719999313354492,19.309999465942383,18.579999923706055,3501100,18.579999923706055
2020-02-28,19.8799991607666,17.920000076293945,17.920000076293945,19.809999465942383,4592800,19.809999465942383
2020-03-02,19.850000381469727,18.93000030517578,19.850000381469727,19.389999389648438,2438400,19.389999389648438
2020-03-03,19.899999618530273,18.700000762939453,19.40999984741211,19.209999084472656,2025900,19.209999084472656
2020-03-04,20.68000030517578,19.290000915527344,19.399999618530273,20.3799991607666,2696700,20.3799991607666
2020-03-05,20.479999542236328,19.5049991607666,20.229999542236328,20.100000381469727,2460900,20.100000381469727
2020-03-06,20.0,19.299999237060547,19.760000228881836,19.899999618530273,2562200,19.899999618530273
2020-03-09,19.59000015258789,17.809999465942383,18.3799991607666,18.989999771118164,3218600,18.989999771118164
2020-03-10,19.549999237060547,18.06999969482422,19.5,18.84000015258789,2538900,18.84000015258789
2020-03-11,19.19300079345703,17.559999465942383,18.25,17.75,2001700,17.75
2020-03-12,16.739999771118164,14.579999923706055,16.739999771118164,15.460000038146973,6170000,15.460000038146973
2020-03-13,16.3799991607666,14.510000228881836,16.219999313354492,15.399999618530273,4488200,15.399999618530273
2020-03-16,15.130000114440918,13.850000381469727,14.010000228881836,14.4399995803833,3756000,14.4399995803833
2020-03-17,15.149999618530273,13.010000228881836,14.970000267028809,14.850000381469727,6247000,14.850000381469727
2020-03-18,14.359999656677246,11.779999732971191,13.890000343322754,12.359999656677246,6321000,12.359999656677246
2020-03-19,13.869999885559082,12.270000457763672,12.359999656677246,13.039999961853027,3788100,13.039999961853027
2020-03-20,13.989999771118164,13.149999618530273,13.800000190734863,13.359999656677246,2100400,13.359999656677246
2020-03-23,13.59000015258789,12.40999984741211,13.069999694824219,13.489999771118164,2589100,13.489999771118164
2020-03-24,14.710000038146973,13.569999694824219,14.270000457763672,14.180000305175781,4450800,14.180000305175781
2020-03-25,16.3799991607666,14.5,14.520000457763672,14.979999542236328,4794400,14.979999542236328
2020-03-26,17.18000030517578,15.399999618530273,15.5,16.700000762939453,4052300,16.700000762939453
2020-03-27,17.049999237060547,15.789999961853027,15.970000267028809,16.489999771118164,2767400,16.489999771118164
2020-03-30,16.969999313354492,16.100000381469727,16.600000381469727,16.899999618530273,2297800,16.899999618530273
2020-03-31,17.59000015258789,16.540000915527344,16.93000030517578,16.950000762939453,2758000,16.950000762939453
2020-04-01,17.75,16.459999084472656,16.59000015258789,16.700000762939453,2486200,16.700000762939453
2020-04-02,17.299999237060547,16.100000381469727,16.530000686645508,16.989999771118164,1930900,16.989999771118164
2020-04-03,18.540000915527344,15.699999809265137,18.020000457763672,15.970000267028809,6420100,15.970000267028809
2020-04-06,16.84000015258789,16.059999465942383,16.59000015258789,16.1299991607666,2577300,16.1299991607666
2020-04-07,16.75,14.5,16.610000610351562,15.079999923706055,5678700,15.079999923706055
2020-04-08,15.739999771118164,14.699999809265137,14.710000038146973,15.369999885559082,3490400,15.369999885559082
2020-04-09,15.854999542236328,15.029999732971191,15.5,15.619999885559082,2344300,15.619999885559082
2020-04-13,16.1200008392334,15.329999923706055,15.5600004196167,15.949999809265137,2235300,15.949999809265137
2020-04-14,16.8799991607666,16.049999237060547,16.389999389648438,16.579999923706055,3209200,16.579999923706055
2020-04-15,16.799999237060547,15.65999984741211,16.200000762939453,16.540000915527344,2586300,16.540000915527344
2020-04-16,16.81999969482422,15.819999694824219,16.610000610351562,16.049999237060547,2421200,16.049999237060547
2020-04-17,16.610000610351562,15.90999984741211,16.459999084472656,16.549999237060547,2749000,16.549999237060547
2020-04-20,16.739999771118164,15.949999809265137,16.299999237060547,16.18000030517578,2114300,16.18000030517578
2020-04-21,15.9399995803833,14.760000228881836,15.819999694824219,15.170000076293945,3093000,15.170000076293945
2020-04-22,15.529999732971191,14.869999885559082,15.489999771118164,15.4399995803833,2591700,15.4399995803833
2020-04-23,15.739999771118164,15.199999809265137,15.279999732971191,15.390000343322754,2001700,15.390000343322754
2020-04-24,16.31999969482422,15.300000190734863,15.59000015258789,16.209999084472656,2763700,16.209999084472656
2020-04-27,16.719999313354492,16.270000457763672,16.450000762939453,16.31999969482422,3387400,16.31999969482422
2020-04-28,16.600000381469727,15.510000228881836,16.600000381469727,15.710000038146973,1954700,15.710000038146973
2020-04-29,16.09000015258789,15.40999984741211,15.920000076293945,15.989999771118164,1950400,15.989999771118164
2020-04-30,16.979999542236328,15.760000228881836,16.030000686645508,16.229999542236328,2571000,16.229999542236328
2020-05-01,15.850000381469727,14.531000137329102,15.680000305175781,15.109999656677246,3353700,15.109999656677246
2020-05-04,15.25,14.75,14.8100004196167,15.100000381469727,1893900,15.100000381469727
2020-05-05,15.819999694824219,14.640000343322754,15.460000038146973,14.699999809265137,2265500,14.699999809265137
2020-05-06,15.34000015258789,14.869999885559082,15.130000114440918,15.039999961853027,1337000,15.039999961853027
2020-05-07,15.569999694824219,15.020000457763672,15.220000267028809,15.5,1527100,15.5
2020-05-08,16.209999084472656,15.420000076293945,15.579999923706055,15.850000381469727,1740200,15.850000381469727
2020-05-11,16.141000747680664,15.640000343322754,15.800000190734863,16.100000381469727,1934400,16.100000381469727
2020-05-12,16.56999969482422,15.800000190734863,16.399999618530273,15.84000015258789,1982900,15.84000015258789
2020-05-13,16.229999542236328,15.569999694824219,16.0,16.030000686645508,1719200,16.030000686645508
2020-05-14,16.395000457763672,15.3100004196167,15.800000190734863,16.34000015258789,1465100,16.34000015258789
2020-05-15,17.2450008392334,16.100000381469727,16.1200008392334,17.1299991607666,2675600,17.1299991607666
2020-05-18,18.40999984741211,17.329999923706055,17.719999313354492,17.5,4152300,17.5
2020-05-19,19.18000030517578,17.75,17.959999084472656,18.75,4378200,18.75
2020-05-20,20.1200008392334,18.6200008392334,19.139999389648438,19.149999618530273,7926600,19.149999618530273
2020-05-21,17.979999542236328,16.51300048828125,17.56999969482422,17.09000015258789,8391700,17.09000015258789
2020-05-22,16.520000457763672,15.312999725341797,16.520000457763672,15.539999961853027,6535200,15.539999961853027
2020-05-26,16.8799991607666,16.0,16.0,16.31999969482422,4010700,16.31999969482422
2020-05-27,16.75,15.835000038146973,16.5,16.299999237060547,2417400,16.299999237060547
2020-05-28,16.25,15.520000457763672,16.079999923706055,15.609999656677246,2261300,15.609999656677246
2020-05-29,15.824999809265137,14.979999542236328,15.600000381469727,15.520000457763672,2892200,15.520000457763672
2020-06-01,16.15999984741211,15.359999656677246,15.5,16.049999237060547,3001500,16.049999237060547
2020-06-02,16.899999618530273,15.920000076293945,16.0,16.56999969482422,3053500,16.56999969482422
2020-06-03,16.899999618530273,16.049999237060547,16.5,16.81999969482422,3752200,16.81999969482422
2020-06-04,17.43000030517578,16.719999313354492,16.90999984741211,16.93000030517578,2912000,16.93000030517578
2020-06-05,16.739999771118164,15.880000114440918,16.559999465942383,16.68000030517578,4624400,16.68000030517578
2020-06-08,17.1299991607666,16.510000228881836,16.860000610351562,16.59000015258789,2197600,16.59000015258789
2020-06-09,16.5,15.859999656677246,16.5,15.90999984741211,2322400,15.90999984741211
2020-06-10,16.329999923706055,15.460000038146973,16.0,16.040000915527344,2759300,16.040000915527344
2020-06-11,17.8799991607666,16.049999237060547,16.149999618530273,17.25,8338200,17.25
2020-06-12,17.729999542236328,16.386999130249023,17.700000762939453,16.479999542236328,3654900,16.479999542236328
2020-06-15,17.799999237060547,16.15999984741211,16.350000381469727,17.440000534057617,3599900,17.440000534057617
2020-06-16,18.549999237060547,17.799999237060547,18.200000762939453,18.489999771118164,3553500,18.489999771118164
2020-06-17,19.295000076293945,18.6299991607666,18.8799991607666,19.030000686645508,3747300,19.030000686645508
2020-06-18,19.989999771118164,18.84000015258789,18.989999771118164,19.469999313354492,2765900,19.469999313354492
2020-06-19,20.780000686645508,19.790000915527344,19.8700008392334,20.219999313354492,4932400,20.219999313354492
2020-06-22,20.149999618530273,19.079999923706055,20.100000381469727,19.5,2864100,19.5
2020-06-23,18.8700008392334,18.170000076293945,18.469999313354492,18.520000457763672,4315200,18.520000457763672
2020-06-24,18.280000686645508,17.719999313354492,18.229999542236328,17.979999542236328,2268500,17.979999542236328
2020-06-25,18.700000762939453,18.049999237060547,18.25,18.540000915527344,1492800,18.540000915527344
2020-06-26,18.90999984741211,18.219999313354492,18.520000457763672,18.6299991607666,1769900,18.6299991607666
2020-06-29,19.600000381469727,18.610000610351562,18.860000610351562,18.829999923706055,2173900,18.829999923706055
2020-06-30,19.399999618530273,18.579999923706055,18.989999771118164,18.670000076293945,3123400,18.670000076293945
2020-07-01,19.59000015258789,18.80500030517578,18.860000610351562,19.489999771118164,1565200,19.489999771118164
2020-07-02,20.0,19.329999923706055,19.84000015258789,19.479999542236328,1864500,19.479999542236328
2020-07-06,22.5,20.219999313354492,20.399999618530273,22.479999542236328,5609500,22.479999542236328
2020-07-07,22.71500015258789,21.78499984741211,22.420000076293945,22.420000076293945,2675100,22.420000076293945
2020-07-08,23.940000534057617,22.524999618530273,22.799999237060547,23.65999984741211,3471200,23.65999984741211
2020-07-09,24.729999542236328,23.75,24.190000534057617,24.309999465942383,4491600,24.309999465942383
2020-07-10,24.6200008392334,23.809999465942383,24.1200008392334,24.399999618530273,1935800,24.399999618530273
2020-07-13,25.469999313354492,23.709999084472656,25.0,23.739999771118164,2058700,23.739999771118164
2020-07-14,23.989999771118164,22.149999618530273,22.75,23.969999313354492,2809900,23.969999313354492
2020-07-15,24.09000015258789,22.760000228881836,24.0,23.739999771118164,2444500,23.739999771118164
2020-07-16,23.739999771118164,22.31999969482422,22.5,23.549999237060547,1752000,23.549999237060547
2020-07-17,24.510000228881836,23.450000762939453,23.65999984741211,24.280000686645508,2469300,24.280000686645508
2020-07-20,25.3799991607666,24.299999237060547,24.479999542236328,24.81999969482422,2332600,24.81999969482422
2020-07-21,26.440000534057617,24.790000915527344,24.799999237060547,24.969999313354492,7449100,24.969999313354492
2020-07-22,24.829999923706055,23.264999389648438,24.34000015258789,23.790000915527344,2880100,23.790000915527344
2020-07-23,24.200000762939453,22.65999984741211,24.0,22.790000915527344,2497800,22.790000915527344
2020-07-24,22.6200008392334,21.649999618530273,22.049999237060547,22.469999313354492,2068600,22.469999313354492
2020-07-27,22.684999465942383,22.03499984741211,22.540000915527344,22.3700008392334,1101500,22.3700008392334
2020-07-28,23.65999984741211,22.260000228881836,22.520000457763672,22.780000686645508,1910800,22.780000686645508
2020-07-29,23.770000457763672,22.8799991607666,23.1299991607666,23.459999084472656,1280500,23.459999084472656
2020-07-30,23.520000457763672,22.989999771118164,23.139999389648438,23.43000030517578,1243500,23.43000030517578
2020-07-31,24.610000610351562,23.43000030517578,23.709999084472656,24.31999969482422,3296300,24.31999969482422
2020-08-03,24.709999084472656,23.700000762939453,24.549999237060547,24.100000381469727,2205200,24.100000381469727
2020-08-04,25.229999542236328,24.290000915527344,24.290000915527344,25.110000610351562,2245200,25.110000610351562
2020-08-05,28.1299991607666,26.579999923706055,28.010000228881836,27.059999465942383,6080300,27.059999465942383
2020-08-06,28.469999313354492,27.5,27.56999969482422,28.010000228881836,4706300,28.010000228881836
2020-08-07,27.690000534057617,26.079999923706055,26.690000534057617,26.65999984741211,2471800,26.65999984741211
2020-08-10,28.59000015258789,23.31999969482422,27.440000534057617,24.040000915527344,7051900,24.040000915527344
2020-08-11,24.8799991607666,22.34000015258789,24.149999618530273,24.059999465942383,6224200,24.059999465942383
2020-08-12,25.729999542236328,23.920000076293945,24.18000030517578,25.729999542236328,3040100,25.729999542236328
2020-08-13,25.940000534057617,24.280000686645508,25.299999237060547,24.719999313354492,2731500,24.719999313354492
2020-08-14,24.68000030517578,24.0,24.479999542236328,24.1200008392334,3122700,24.1200008392334
2020-08-17,24.989999771118164,24.270000457763672,24.540000915527344,24.799999237060547,1831900,24.799999237060547
2020-08-18,26.149999618530273,24.920000076293945,24.989999771118164,25.5,1967300,25.5
2020-08-19,25.860000610351562,24.709999084472656,25.5,24.84000015258789,1812100,24.84000015258789
2020-08-20,25.40999984741211,24.538999557495117,24.799999237060547,24.59000015258789,1288000,24.59000015258789
2020-08-21,25.06999969482422,24.549999237060547,24.75,24.690000534057617,777000,24.690000534057617
2020-08-24,26.6299991607666,24.93000030517578,24.969999313354492,26.440000534057617,3335000,26.440000534057617
2020-08-25,27.360000610351562,25.700000762939453,26.440000534057617,27.110000610351562,2663300,27.110000610351562
2020-08-26,28.100000381469727,27.110000610351562,27.18000030517578,27.860000610351562,3203700,27.860000610351562
2020-08-27,28.219999313354492,27.6299991607666,28.0,28.190000534057617,1783400,28.190000534057617
2020-08-28,28.895000457763672,27.920000076293945,28.030000686645508,28.799999237060547,1875900,28.799999237060547
2020-08-31,29.1299991607666,28.420000076293945,28.950000762939453,28.719999313354492,2728600,28.719999313354492
2020-09-01,29.670000076293945,28.700000762939453,28.729999542236328,29.579999923706055,2859100,29.579999923706055
2020-09-02,30.6200008392334,29.139999389648438,29.93000030517578,29.469999313354492,2672100,29.469999313354492
2020-09-03,28.84000015258789,25.510000228881836,28.700000762939453,26.799999237060547,2989400,26.799999237060547
2020-09-04,27.440000534057617,25.030000686645508,26.010000228881836,27.049999237060547,2141300,27.049999237060547
2020-09-08,26.5,25.299999237060547,25.760000228881836,26.190000534057617,2007000,26.190000534057617
2020-09-09,27.21500015258789,26.16699981689453,26.6299991607666,27.049999237060547,1281800,27.049999237060547
2020-09-10,27.450000762939453,25.5,27.43000030517578,25.610000610351562,1646100,25.610000610351562
2020-09-11,26.09000015258789,25.049999237060547,25.920000076293945,25.790000915527344,1361200,25.790000915527344
2020-09-14,26.899999618530273,26.079999923706055,26.170000076293945,26.510000228881836,1517500,26.510000228881836
2020-09-15,27.420000076293945,26.40999984741211,26.93000030517578,27.1299991607666,1674400,27.1299991607666
2020-09-16,27.600000381469727,26.860000610351562,27.299999237060547,27.25,1172100,27.25
2020-09-17,27.690000534057617,26.40999984741211,26.5,27.559999465942383,1408700,27.559999465942383
2020-09-18,27.600000381469727,26.6200008392334,27.549999237060547,26.8700008392334,1968000,26.8700008392334
2020-09-21,26.5,25.09000015258789,26.450000762939453,25.989999771118164,1647800,25.989999771118164
2020-09-22,26.25,25.510000228881836,26.100000381469727,26.18000030517578,966800,26.18000030517578
2020-09-23,26.274999618530273,25.010000228881836,26.139999389648438,25.139999389648438,1071200,25.139999389648438
2020-09-24,25.420000076293945,24.43000030517578,24.709999084472656,25.09000015258789,880300,25.09000015258789
2020-09-25,25.450000762939453,24.850000381469727,25.329999923706055,25.020000457763672,619400,25.020000457763672
2020-09-28,25.709999084472656,24.209999084472656,25.65999984741211,24.799999237060547,1255800,24.799999237060547
2020-09-29,24.950000762939453,23.549999237060547,24.8799991607666,23.700000762939453,1602000,23.700000762939453
2020-09-30,24.229999542236328,23.34000015258789,23.780000686645508,23.950000762939453,2067600,23.950000762939453
2020-10-01,25.260000228881836,23.959999084472656,23.959999084472656,24.969999313354492,1617400,24.969999313354492
2020-10-02,25.860000610351562,24.329999923706055,24.3799991607666,25.549999237060547,1814000,25.549999237060547
2020-10-05,25.799999237060547,24.139999389648438,25.600000381469727,24.360000610351562,1283600,24.360000610351562
2020-10-06,25.200000762939453,24.141000747680664,24.700000762939453,24.360000610351562,1056200,24.360000610351562
2020-10-07,24.780000686645508,24.309999465942383,24.489999771118164,24.600000381469727,913600,24.600000381469727
2020-10-08,24.899999618530273,24.440000534057617,24.809999465942383,24.520000457763672,868000,24.520000457763672
2020-10-09,25.8700008392334,24.610000610351562,24.790000915527344,25.790000915527344,1172000,25.790000915527344
2020-10-12,24.3700008392334,22.360000610351562,23.739999771118164,22.90999984741211,19103200,22.90999984741211
2020-10-13,23.56999969482422,21.420000076293945,23.530000686645508,22.34000015258789,10638700,22.34000015258789
2020-10-14,22.530000686645508,21.829999923706055,22.399999618530273,22.239999771118164,4342900,22.239999771118164
2020-10-15,22.3799991607666,21.850000381469727,21.93000030517578,22.149999618530273,2876800,22.149999618530273
2020-10-16,22.440000534057617,21.829999923706055,22.389999389648438,22.190000534057617,2503600,22.190000534057617
2020-10-19,23.0,21.920000076293945,22.350000381469727,23.0,3717900,23.0
2020-10-20,23.110000610351562,21.799999237060547,23.09000015258789,21.889999389648438,2691400,21.889999389648438
2020-10-21,22.209999084472656,21.709999084472656,22.15999984741211,21.75,1837100,21.75
2020-10-22,22.100000381469727,21.020000457763672,21.850000381469727,21.200000762939453,2443000,21.200000762939453
2020-10-23,21.770000457763672,21.1200008392334,21.239999771118164,21.68000030517578,1609000,21.68000030517578
2020-10-26,21.940000534057617,21.149999618530273,21.450000762939453,21.399999618530273,1500800,21.399999618530273
2020-10-27,22.0310001373291,21.219999313354492,21.270000457763672,21.989999771118164,1279500,21.989999771118164
2020-10-28,21.350000381469727,20.229999542236328,21.329999923706055,20.790000915527344,3336000,20.790000915527344
2020-10-29,22.09000015258789,20.950000762939453,20.950000762939453,22.0,2599900,22.0
2020-10-30,22.459999084472656,21.489999771118164,21.68000030517578,22.399999618530273,4833100,22.399999618530273
2020-11-02,22.450000762939453,21.6299991607666,22.299999237060547,22.049999237060547,2762600,22.049999237060547
2020-11-03,22.540000915527344,21.469999313354492,21.940000534057617,22.149999618530273,5051600,22.149999618530273
2020-11-04,22.75,22.020000457763672,22.15999984741211,22.639999389648438,4066100,22.639999389648438
2020-11-05,23.149999618530273,21.309999465942383,23.149999618530273,22.670000076293945,5054000,22.670000076293945
2020-11-06,22.860000610351562,21.829999923706055,22.43000030517578,22.0,2444800,22.0
2020-11-09,22.190000534057617,20.56999969482422,22.1200008392334,21.020000457763672,5618600,21.020000457763672
2020-11-10,21.229999542236328,19.75,21.040000915527344,19.90999984741211,5943300,19.90999984741211
2020-11-11,21.079999923706055,19.15999984741211,20.079999923706055,20.600000381469727,5082000,20.600000381469727
2020-11-12,22.170000076293945,20.979999542236328,21.0,21.360000610351562,4605800,21.360000610351562
2020-11-13,22.06999969482422,21.299999237060547,21.860000610351562,21.520000457763672,1874600,21.520000457763672
2020-11-16,22.139999389648438,21.3700008392334,21.84000015258789,21.600000381469727,2504000,21.600000381469727
2020-11-17,21.81999969482422,21.15999984741211,21.700000762939453,21.729999542236328,2363200,21.729999542236328
2020-11-18,21.600000381469727,20.479999542236328,21.59000015258789,20.90999984741211,3582179,20.90999984741211
