Date,High,Low,Open,Close,Volume,Adj Close
2019-02-22,23.299999237060547,23.299999237060547,23.299999237060547,23.299999237060547,252.0,23.299999237060547
2019-02-25,23.299999237060547,23.299999237060547,23.299999237060547,23.299999237060547,0.0,23.299999237060547
2019-02-26,23.299999237060547,23.299999237060547,23.299999237060547,23.299999237060547,0.0,23.299999237060547
2019-02-27,23.299999237060547,23.299999237060547,23.299999237060547,23.299999237060547,0.0,23.299999237060547
2019-02-28,23.299999237060547,23.299999237060547,23.299999237060547,23.299999237060547,0.0,23.299999237060547
2019-03-01,23.299999237060547,23.299999237060547,23.299999237060547,23.299999237060547,0.0,23.299999237060547
2019-03-04,23.299999237060547,23.299999237060547,23.299999237060547,23.299999237060547,0.0,23.299999237060547
2019-03-05,23.299999237060547,23.299999237060547,23.299999237060547,23.299999237060547,0.0,23.299999237060547
2019-03-06,23.299999237060547,23.299999237060547,23.299999237060547,23.299999237060547,0.0,23.299999237060547
2019-03-07,23.299999237060547,23.299999237060547,23.299999237060547,23.299999237060547,0.0,23.299999237060547
2019-03-08,23.299999237060547,23.299999237060547,23.299999237060547,23.299999237060547,0.0,23.299999237060547
2019-03-11,23.299999237060547,23.299999237060547,23.299999237060547,23.299999237060547,0.0,23.299999237060547
2019-03-12,23.299999237060547,23.299999237060547,23.299999237060547,23.299999237060547,0.0,23.299999237060547
2019-03-13,23.299999237060547,23.299999237060547,23.299999237060547,23.299999237060547,0.0,23.299999237060547
2019-03-14,23.299999237060547,23.299999237060547,23.299999237060547,23.299999237060547,0.0,23.299999237060547
2019-03-15,23.299999237060547,23.299999237060547,23.299999237060547,23.299999237060547,0.0,23.299999237060547
2019-03-18,23.299999237060547,23.299999237060547,23.299999237060547,23.299999237060547,0.0,23.299999237060547
2019-03-19,23.299999237060547,23.299999237060547,23.299999237060547,23.299999237060547,0.0,23.299999237060547
2019-03-20,23.299999237060547,23.299999237060547,23.299999237060547,23.299999237060547,0.0,23.299999237060547
2019-03-21,23.299999237060547,23.299999237060547,23.299999237060547,23.299999237060547,0.0,23.299999237060547
2019-03-22,23.299999237060547,23.299999237060547,23.299999237060547,23.299999237060547,0.0,23.299999237060547
2019-03-25,23.299999237060547,23.299999237060547,23.299999237060547,23.299999237060547,0.0,23.299999237060547
2019-03-26,23.299999237060547,23.299999237060547,23.299999237060547,23.299999237060547,0.0,23.299999237060547
2019-03-27,23.299999237060547,23.299999237060547,23.299999237060547,23.299999237060547,0.0,23.299999237060547
2019-03-28,23.299999237060547,23.299999237060547,23.299999237060547,23.299999237060547,0.0,23.299999237060547
2019-03-29,23.299999237060547,23.299999237060547,23.299999237060547,23.299999237060547,0.0,23.299999237060547
2019-04-01,23.299999237060547,23.299999237060547,23.299999237060547,23.299999237060547,0.0,23.299999237060547
2019-04-02,23.299999237060547,23.299999237060547,23.299999237060547,23.299999237060547,0.0,23.299999237060547
2019-04-03,23.299999237060547,23.299999237060547,23.299999237060547,23.299999237060547,0.0,23.299999237060547
2019-04-04,23.299999237060547,23.299999237060547,23.299999237060547,23.299999237060547,0.0,23.299999237060547
2019-04-05,23.299999237060547,23.299999237060547,23.299999237060547,23.299999237060547,0.0,23.299999237060547
2019-04-08,23.299999237060547,23.299999237060547,23.299999237060547,23.299999237060547,0.0,23.299999237060547
2019-04-09,23.299999237060547,23.299999237060547,23.299999237060547,23.299999237060547,0.0,23.299999237060547
2019-04-10,23.299999237060547,23.299999237060547,23.299999237060547,23.299999237060547,0.0,23.299999237060547
2019-04-11,23.299999237060547,23.299999237060547,23.299999237060547,23.299999237060547,0.0,23.299999237060547
2019-04-12,23.299999237060547,23.299999237060547,23.299999237060547,23.299999237060547,0.0,23.299999237060547
2019-04-15,23.299999237060547,23.299999237060547,23.299999237060547,23.299999237060547,0.0,23.299999237060547
2019-04-16,23.299999237060547,23.299999237060547,23.299999237060547,23.299999237060547,0.0,23.299999237060547
2019-04-17,23.299999237060547,23.299999237060547,23.299999237060547,23.299999237060547,0.0,23.299999237060547
2019-04-18,23.299999237060547,23.299999237060547,23.299999237060547,23.299999237060547,0.0,23.299999237060547
2019-04-22,23.299999237060547,23.299999237060547,23.299999237060547,23.299999237060547,0.0,23.299999237060547
2019-04-23,23.299999237060547,23.299999237060547,23.299999237060547,23.299999237060547,0.0,23.299999237060547
2019-04-24,23.299999237060547,23.299999237060547,23.299999237060547,23.299999237060547,0.0,23.299999237060547
2019-04-25,23.299999237060547,23.299999237060547,23.299999237060547,23.299999237060547,0.0,23.299999237060547
2019-04-26,23.299999237060547,23.299999237060547,23.299999237060547,23.299999237060547,0.0,23.299999237060547
2019-04-29,23.299999237060547,23.299999237060547,23.299999237060547,23.299999237060547,0.0,23.299999237060547
2019-04-30,23.299999237060547,23.299999237060547,23.299999237060547,23.299999237060547,0.0,23.299999237060547
2019-05-01,23.299999237060547,23.299999237060547,23.299999237060547,23.299999237060547,0.0,23.299999237060547
2019-05-02,23.299999237060547,23.299999237060547,23.299999237060547,23.299999237060547,0.0,23.299999237060547
2019-05-03,23.299999237060547,23.299999237060547,23.299999237060547,23.299999237060547,0.0,23.299999237060547
2019-05-06,23.299999237060547,23.299999237060547,23.299999237060547,23.299999237060547,0.0,23.299999237060547
2019-05-07,23.299999237060547,23.299999237060547,23.299999237060547,23.299999237060547,0.0,23.299999237060547
2019-05-08,23.299999237060547,23.299999237060547,23.299999237060547,23.299999237060547,0.0,23.299999237060547
2019-05-09,23.299999237060547,23.299999237060547,23.299999237060547,23.299999237060547,0.0,23.299999237060547
2019-05-10,23.299999237060547,23.299999237060547,23.299999237060547,23.299999237060547,0.0,23.299999237060547
2019-05-13,23.299999237060547,23.299999237060547,23.299999237060547,23.299999237060547,0.0,23.299999237060547
2019-05-14,23.299999237060547,23.299999237060547,23.299999237060547,23.299999237060547,0.0,23.299999237060547
2019-05-15,23.299999237060547,23.299999237060547,23.299999237060547,23.299999237060547,0.0,23.299999237060547
2019-05-16,23.299999237060547,23.299999237060547,23.299999237060547,23.299999237060547,0.0,23.299999237060547
2019-05-17,23.299999237060547,23.299999237060547,23.299999237060547,23.299999237060547,0.0,23.299999237060547
2019-05-20,23.299999237060547,23.299999237060547,23.299999237060547,23.299999237060547,0.0,23.299999237060547
2019-05-21,23.299999237060547,23.299999237060547,23.299999237060547,23.299999237060547,0.0,23.299999237060547
2019-05-22,23.299999237060547,23.299999237060547,23.299999237060547,23.299999237060547,0.0,23.299999237060547
2019-05-23,23.299999237060547,23.299999237060547,23.299999237060547,23.299999237060547,0.0,23.299999237060547
2019-05-24,23.299999237060547,23.299999237060547,23.299999237060547,23.299999237060547,0.0,23.299999237060547
2019-05-28,23.299999237060547,23.299999237060547,23.299999237060547,23.299999237060547,0.0,23.299999237060547
2019-05-29,23.299999237060547,23.299999237060547,23.299999237060547,23.299999237060547,0.0,23.299999237060547
2019-05-30,23.299999237060547,23.299999237060547,23.299999237060547,23.299999237060547,0.0,23.299999237060547
2019-05-31,21.399999618530273,21.399999618530273,21.399999618530273,21.399999618530273,165.0,21.399999618530273
2019-06-03,21.399999618530273,21.399999618530273,21.399999618530273,21.399999618530273,0.0,21.399999618530273
2019-06-04,21.399999618530273,21.399999618530273,21.399999618530273,21.399999618530273,0.0,21.399999618530273
2019-06-05,21.399999618530273,21.399999618530273,21.399999618530273,21.399999618530273,0.0,21.399999618530273
2019-06-06,21.399999618530273,21.399999618530273,21.399999618530273,21.399999618530273,0.0,21.399999618530273
2019-06-07,21.399999618530273,21.399999618530273,21.399999618530273,21.399999618530273,0.0,21.399999618530273
2019-06-10,21.399999618530273,21.399999618530273,21.399999618530273,21.399999618530273,0.0,21.399999618530273
2019-06-11,21.399999618530273,21.399999618530273,21.399999618530273,21.399999618530273,0.0,21.399999618530273
2019-06-12,21.399999618530273,21.399999618530273,21.399999618530273,21.399999618530273,0.0,21.399999618530273
2019-06-13,21.399999618530273,21.399999618530273,21.399999618530273,21.399999618530273,0.0,21.399999618530273
2019-06-14,21.399999618530273,21.399999618530273,21.399999618530273,21.399999618530273,0.0,21.399999618530273
2019-06-17,21.399999618530273,21.399999618530273,21.399999618530273,21.399999618530273,0.0,21.399999618530273
2019-06-18,21.399999618530273,21.399999618530273,21.399999618530273,21.399999618530273,0.0,21.399999618530273
2019-06-19,21.399999618530273,21.399999618530273,21.399999618530273,21.399999618530273,0.0,21.399999618530273
2019-06-20,21.399999618530273,21.399999618530273,21.399999618530273,21.399999618530273,0.0,21.399999618530273
2019-06-21,21.399999618530273,21.399999618530273,21.399999618530273,21.399999618530273,0.0,21.399999618530273
2019-06-24,21.399999618530273,21.399999618530273,21.399999618530273,21.399999618530273,0.0,21.399999618530273
2019-06-25,21.399999618530273,21.399999618530273,21.399999618530273,21.399999618530273,0.0,21.399999618530273
2019-06-26,21.399999618530273,21.399999618530273,21.399999618530273,21.399999618530273,0.0,21.399999618530273
2019-06-27,21.399999618530273,21.399999618530273,21.399999618530273,21.399999618530273,0.0,21.399999618530273
2019-06-28,21.399999618530273,21.399999618530273,21.399999618530273,21.399999618530273,0.0,21.399999618530273
2019-07-01,21.399999618530273,21.399999618530273,21.399999618530273,21.399999618530273,0.0,21.399999618530273
2019-07-02,21.399999618530273,21.399999618530273,21.399999618530273,21.399999618530273,0.0,21.399999618530273
2019-07-03,21.399999618530273,21.399999618530273,21.399999618530273,21.399999618530273,0.0,21.399999618530273
2019-07-05,21.399999618530273,21.399999618530273,21.399999618530273,21.399999618530273,0.0,21.399999618530273
2019-07-08,21.399999618530273,21.399999618530273,21.399999618530273,21.399999618530273,0.0,21.399999618530273
2019-07-09,21.399999618530273,21.399999618530273,21.399999618530273,21.399999618530273,0.0,21.399999618530273
2019-07-10,21.399999618530273,21.399999618530273,21.399999618530273,21.399999618530273,0.0,21.399999618530273
2019-07-11,21.399999618530273,21.399999618530273,21.399999618530273,21.399999618530273,0.0,21.399999618530273
2019-07-12,21.399999618530273,21.399999618530273,21.399999618530273,21.399999618530273,0.0,21.399999618530273
2019-07-15,21.399999618530273,21.399999618530273,21.399999618530273,21.399999618530273,0.0,21.399999618530273
2019-07-16,21.399999618530273,21.399999618530273,21.399999618530273,21.399999618530273,0.0,21.399999618530273
2019-07-17,21.399999618530273,21.399999618530273,21.399999618530273,21.399999618530273,0.0,21.399999618530273
2019-07-18,21.399999618530273,21.399999618530273,21.399999618530273,21.399999618530273,0.0,21.399999618530273
2019-07-19,21.399999618530273,21.399999618530273,21.399999618530273,21.399999618530273,0.0,21.399999618530273
2019-07-22,21.399999618530273,21.399999618530273,21.399999618530273,21.399999618530273,0.0,21.399999618530273
2019-07-23,21.399999618530273,21.399999618530273,21.399999618530273,21.399999618530273,0.0,21.399999618530273
2019-07-24,21.399999618530273,21.399999618530273,21.399999618530273,21.399999618530273,0.0,21.399999618530273
2019-07-25,21.399999618530273,21.399999618530273,21.399999618530273,21.399999618530273,0.0,21.399999618530273
2019-07-26,21.399999618530273,21.399999618530273,21.399999618530273,21.399999618530273,0.0,21.399999618530273
2019-07-29,21.399999618530273,21.399999618530273,21.399999618530273,21.399999618530273,0.0,21.399999618530273
2019-07-30,21.399999618530273,21.399999618530273,21.399999618530273,21.399999618530273,0.0,21.399999618530273
2019-07-31,21.399999618530273,21.399999618530273,21.399999618530273,21.399999618530273,0.0,21.399999618530273
2019-08-01,21.399999618530273,21.399999618530273,21.399999618530273,21.399999618530273,0.0,21.399999618530273
2019-08-02,21.399999618530273,21.399999618530273,21.399999618530273,21.399999618530273,0.0,21.399999618530273
2019-08-05,21.399999618530273,21.399999618530273,21.399999618530273,21.399999618530273,0.0,21.399999618530273
2019-08-06,21.399999618530273,21.399999618530273,21.399999618530273,21.399999618530273,0.0,21.399999618530273
2019-08-07,21.399999618530273,21.399999618530273,21.399999618530273,21.399999618530273,0.0,21.399999618530273
2019-08-08,21.399999618530273,21.399999618530273,21.399999618530273,21.399999618530273,0.0,21.399999618530273
2019-08-09,21.399999618530273,21.399999618530273,21.399999618530273,21.399999618530273,0.0,21.399999618530273
2019-08-12,21.399999618530273,21.399999618530273,21.399999618530273,21.399999618530273,0.0,21.399999618530273
2019-08-13,21.399999618530273,21.399999618530273,21.399999618530273,21.399999618530273,0.0,21.399999618530273
2019-08-14,21.399999618530273,21.399999618530273,21.399999618530273,21.399999618530273,0.0,21.399999618530273
2019-08-15,21.399999618530273,21.399999618530273,21.399999618530273,21.399999618530273,0.0,21.399999618530273
2019-08-16,21.399999618530273,21.399999618530273,21.399999618530273,21.399999618530273,0.0,21.399999618530273
2019-08-19,21.399999618530273,21.399999618530273,21.399999618530273,21.399999618530273,0.0,21.399999618530273
2019-08-20,21.399999618530273,21.399999618530273,21.399999618530273,21.399999618530273,0.0,21.399999618530273
2019-08-21,21.399999618530273,21.399999618530273,21.399999618530273,21.399999618530273,0.0,21.399999618530273
2019-08-22,21.399999618530273,21.399999618530273,21.399999618530273,21.399999618530273,0.0,21.399999618530273
2019-08-23,21.399999618530273,21.399999618530273,21.399999618530273,21.399999618530273,0.0,21.399999618530273
2019-08-26,21.399999618530273,21.399999618530273,21.399999618530273,21.399999618530273,0.0,21.399999618530273
2019-08-27,21.399999618530273,21.399999618530273,21.399999618530273,21.399999618530273,0.0,21.399999618530273
2019-08-28,21.399999618530273,21.399999618530273,21.399999618530273,21.399999618530273,0.0,21.399999618530273
2019-08-29,21.399999618530273,21.399999618530273,21.399999618530273,21.399999618530273,0.0,21.399999618530273
2019-08-30,21.399999618530273,21.399999618530273,21.399999618530273,21.399999618530273,0.0,21.399999618530273
2019-09-03,21.399999618530273,21.399999618530273,21.399999618530273,21.399999618530273,0.0,21.399999618530273
2019-09-04,21.399999618530273,21.399999618530273,21.399999618530273,21.399999618530273,0.0,21.399999618530273
2019-09-05,21.399999618530273,21.399999618530273,21.399999618530273,21.399999618530273,0.0,21.399999618530273
2019-09-06,21.399999618530273,21.399999618530273,21.399999618530273,21.399999618530273,0.0,21.399999618530273
2019-09-09,21.399999618530273,21.399999618530273,21.399999618530273,21.399999618530273,0.0,21.399999618530273
2019-09-10,21.399999618530273,21.399999618530273,21.399999618530273,21.399999618530273,0.0,21.399999618530273
2019-09-11,21.399999618530273,21.399999618530273,21.399999618530273,21.399999618530273,0.0,21.399999618530273
2019-09-12,21.399999618530273,21.399999618530273,21.399999618530273,21.399999618530273,0.0,21.399999618530273
2019-09-13,21.399999618530273,21.399999618530273,21.399999618530273,21.399999618530273,0.0,21.399999618530273
2019-09-16,21.399999618530273,21.399999618530273,21.399999618530273,21.399999618530273,0.0,21.399999618530273
2019-09-17,21.399999618530273,21.399999618530273,21.399999618530273,21.399999618530273,0.0,21.399999618530273
2019-09-18,21.399999618530273,21.399999618530273,21.399999618530273,21.399999618530273,0.0,21.399999618530273
2019-09-19,21.399999618530273,21.399999618530273,21.399999618530273,21.399999618530273,0.0,21.399999618530273
2019-09-20,21.399999618530273,21.399999618530273,21.399999618530273,21.399999618530273,0.0,21.399999618530273
2019-09-23,21.399999618530273,21.399999618530273,21.399999618530273,21.399999618530273,0.0,21.399999618530273
2019-09-24,21.399999618530273,21.399999618530273,21.399999618530273,21.399999618530273,0.0,21.399999618530273
2019-09-25,21.399999618530273,21.399999618530273,21.399999618530273,21.399999618530273,0.0,21.399999618530273
2019-09-26,21.399999618530273,21.399999618530273,21.399999618530273,21.399999618530273,0.0,21.399999618530273
2019-09-27,21.399999618530273,21.399999618530273,21.399999618530273,21.399999618530273,0.0,21.399999618530273
2019-09-30,21.399999618530273,21.399999618530273,21.399999618530273,21.399999618530273,0.0,21.399999618530273
2019-10-01,21.399999618530273,21.399999618530273,21.399999618530273,21.399999618530273,0.0,21.399999618530273
2019-10-02,21.399999618530273,21.399999618530273,21.399999618530273,21.399999618530273,0.0,21.399999618530273
2019-10-03,21.549999237060547,21.549999237060547,21.549999237060547,21.549999237060547,125.0,21.549999237060547
2019-10-04,21.549999237060547,21.549999237060547,21.549999237060547,21.549999237060547,0.0,21.549999237060547
2019-10-07,21.549999237060547,21.549999237060547,21.549999237060547,21.549999237060547,0.0,21.549999237060547
2019-10-08,21.549999237060547,21.549999237060547,21.549999237060547,21.549999237060547,0.0,21.549999237060547
2019-10-09,21.549999237060547,21.549999237060547,21.549999237060547,21.549999237060547,0.0,21.549999237060547
2019-10-10,21.549999237060547,21.549999237060547,21.549999237060547,21.549999237060547,0.0,21.549999237060547
2019-10-11,21.549999237060547,21.549999237060547,21.549999237060547,21.549999237060547,0.0,21.549999237060547
2019-10-14,21.549999237060547,21.549999237060547,21.549999237060547,21.549999237060547,0.0,21.549999237060547
2019-10-15,21.549999237060547,21.549999237060547,21.549999237060547,21.549999237060547,0.0,21.549999237060547
2019-10-16,21.549999237060547,21.549999237060547,21.549999237060547,21.549999237060547,0.0,21.549999237060547
2019-10-17,21.549999237060547,21.549999237060547,21.549999237060547,21.549999237060547,0.0,21.549999237060547
2019-10-18,21.549999237060547,21.549999237060547,21.549999237060547,21.549999237060547,0.0,21.549999237060547
2019-10-21,21.549999237060547,21.549999237060547,21.549999237060547,21.549999237060547,0.0,21.549999237060547
2019-10-22,21.549999237060547,21.549999237060547,21.549999237060547,21.549999237060547,0.0,21.549999237060547
2019-10-23,21.549999237060547,21.549999237060547,21.549999237060547,21.549999237060547,0.0,21.549999237060547
2019-10-24,21.549999237060547,21.549999237060547,21.549999237060547,21.549999237060547,0.0,21.549999237060547
2019-10-25,21.549999237060547,21.549999237060547,21.549999237060547,21.549999237060547,0.0,21.549999237060547
2019-10-28,21.549999237060547,21.549999237060547,21.549999237060547,21.549999237060547,0.0,21.549999237060547
2019-10-29,21.549999237060547,21.549999237060547,21.549999237060547,21.549999237060547,0.0,21.549999237060547
2019-10-30,21.549999237060547,21.549999237060547,21.549999237060547,21.549999237060547,0.0,21.549999237060547
2019-10-31,21.549999237060547,21.549999237060547,21.549999237060547,21.549999237060547,0.0,21.549999237060547
2019-11-01,21.549999237060547,21.549999237060547,21.549999237060547,21.549999237060547,0.0,21.549999237060547
2019-11-04,21.549999237060547,21.549999237060547,21.549999237060547,21.549999237060547,0.0,21.549999237060547
2019-11-05,21.549999237060547,21.549999237060547,21.549999237060547,21.549999237060547,0.0,21.549999237060547
2019-11-06,21.549999237060547,21.549999237060547,21.549999237060547,21.549999237060547,0.0,21.549999237060547
2019-11-07,21.549999237060547,21.549999237060547,21.549999237060547,21.549999237060547,0.0,21.549999237060547
2019-11-08,21.549999237060547,21.549999237060547,21.549999237060547,21.549999237060547,0.0,21.549999237060547
2019-11-11,21.549999237060547,21.549999237060547,21.549999237060547,21.549999237060547,0.0,21.549999237060547
2019-11-12,21.549999237060547,21.549999237060547,21.549999237060547,21.549999237060547,0.0,21.549999237060547
2019-11-13,21.549999237060547,21.549999237060547,21.549999237060547,21.549999237060547,0.0,21.549999237060547
2019-11-14,21.549999237060547,21.549999237060547,21.549999237060547,21.549999237060547,0.0,21.549999237060547
2019-11-15,21.549999237060547,21.549999237060547,21.549999237060547,21.549999237060547,0.0,21.549999237060547
2019-11-18,21.549999237060547,21.549999237060547,21.549999237060547,21.549999237060547,0.0,21.549999237060547
2019-11-19,21.549999237060547,21.549999237060547,21.549999237060547,21.549999237060547,0.0,21.549999237060547
2019-11-20,21.549999237060547,21.549999237060547,21.549999237060547,21.549999237060547,0.0,21.549999237060547
2019-11-21,21.549999237060547,21.549999237060547,21.549999237060547,21.549999237060547,0.0,21.549999237060547
2019-11-22,21.549999237060547,21.549999237060547,21.549999237060547,21.549999237060547,0.0,21.549999237060547
2019-11-25,21.549999237060547,21.549999237060547,21.549999237060547,21.549999237060547,0.0,21.549999237060547
2019-11-26,21.549999237060547,21.549999237060547,21.549999237060547,21.549999237060547,0.0,21.549999237060547
2019-11-27,21.549999237060547,21.549999237060547,21.549999237060547,21.549999237060547,0.0,21.549999237060547
2019-11-29,21.549999237060547,21.549999237060547,21.549999237060547,21.549999237060547,0.0,21.549999237060547
2019-12-02,21.549999237060547,21.549999237060547,21.549999237060547,21.549999237060547,0.0,21.549999237060547
2019-12-03,21.549999237060547,21.549999237060547,21.549999237060547,21.549999237060547,0.0,21.549999237060547
2019-12-04,21.549999237060547,21.549999237060547,21.549999237060547,21.549999237060547,0.0,21.549999237060547
2019-12-05,21.549999237060547,21.549999237060547,21.549999237060547,21.549999237060547,0.0,21.549999237060547
2019-12-06,21.549999237060547,21.549999237060547,21.549999237060547,21.549999237060547,0.0,21.549999237060547
2019-12-09,21.549999237060547,21.549999237060547,21.549999237060547,21.549999237060547,0.0,21.549999237060547
2019-12-10,21.549999237060547,21.549999237060547,21.549999237060547,21.549999237060547,0.0,21.549999237060547
2019-12-11,21.549999237060547,21.549999237060547,21.549999237060547,21.549999237060547,0.0,21.549999237060547
2019-12-12,21.549999237060547,21.549999237060547,21.549999237060547,21.549999237060547,0.0,21.549999237060547
2019-12-13,21.84000015258789,21.84000015258789,21.84000015258789,21.84000015258789,204.0,21.84000015258789
2019-12-16,21.84000015258789,21.84000015258789,21.84000015258789,21.84000015258789,0.0,21.84000015258789
2019-12-17,21.84000015258789,21.84000015258789,21.84000015258789,21.84000015258789,0.0,21.84000015258789
2019-12-18,21.84000015258789,21.84000015258789,21.84000015258789,21.84000015258789,0.0,21.84000015258789
2019-12-19,21.84000015258789,21.84000015258789,21.84000015258789,21.84000015258789,0.0,21.84000015258789
2019-12-20,21.84000015258789,21.84000015258789,21.84000015258789,21.84000015258789,0.0,21.84000015258789
2019-12-23,21.84000015258789,21.84000015258789,21.84000015258789,21.84000015258789,0.0,21.84000015258789
2019-12-24,21.84000015258789,21.84000015258789,21.84000015258789,21.84000015258789,0.0,21.84000015258789
2019-12-26,21.84000015258789,21.84000015258789,21.84000015258789,21.84000015258789,0.0,21.84000015258789
2019-12-27,21.84000015258789,21.84000015258789,21.84000015258789,21.84000015258789,0.0,21.84000015258789
2019-12-30,21.84000015258789,21.84000015258789,21.84000015258789,21.84000015258789,0.0,21.84000015258789
2019-12-31,21.84000015258789,21.84000015258789,21.84000015258789,21.84000015258789,0.0,21.84000015258789
2020-01-02,21.84000015258789,21.84000015258789,21.84000015258789,21.84000015258789,0.0,21.84000015258789
2020-01-03,21.84000015258789,21.84000015258789,21.84000015258789,21.84000015258789,0.0,21.84000015258789
2020-01-06,21.84000015258789,21.84000015258789,21.84000015258789,21.84000015258789,0.0,21.84000015258789
2020-01-07,21.84000015258789,21.84000015258789,21.84000015258789,21.84000015258789,0.0,21.84000015258789
2020-01-08,21.84000015258789,21.84000015258789,21.84000015258789,21.84000015258789,0.0,21.84000015258789
2020-01-09,21.84000015258789,21.84000015258789,21.84000015258789,21.84000015258789,0.0,21.84000015258789
2020-01-10,21.84000015258789,21.84000015258789,21.84000015258789,21.84000015258789,0.0,21.84000015258789
2020-01-13,21.84000015258789,21.84000015258789,21.84000015258789,21.84000015258789,0.0,21.84000015258789
2020-01-14,21.84000015258789,21.84000015258789,21.84000015258789,21.84000015258789,0.0,21.84000015258789
2020-01-15,21.84000015258789,21.84000015258789,21.84000015258789,21.84000015258789,0.0,21.84000015258789
2020-01-16,21.84000015258789,21.84000015258789,21.84000015258789,21.84000015258789,0.0,21.84000015258789
2020-01-17,21.84000015258789,21.84000015258789,21.84000015258789,21.84000015258789,0.0,21.84000015258789
2020-01-21,21.84000015258789,21.84000015258789,21.84000015258789,21.84000015258789,0.0,21.84000015258789
2020-01-22,21.84000015258789,21.84000015258789,21.84000015258789,21.84000015258789,0.0,21.84000015258789
2020-01-23,21.84000015258789,21.84000015258789,21.84000015258789,21.84000015258789,0.0,21.84000015258789
2020-01-24,21.84000015258789,21.84000015258789,21.84000015258789,21.84000015258789,0.0,21.84000015258789
2020-01-27,21.84000015258789,21.84000015258789,21.84000015258789,21.84000015258789,0.0,21.84000015258789
2020-01-28,21.84000015258789,21.84000015258789,21.84000015258789,21.84000015258789,0.0,21.84000015258789
2020-01-29,21.84000015258789,21.84000015258789,21.84000015258789,21.84000015258789,0.0,21.84000015258789
2020-01-30,21.84000015258789,21.84000015258789,21.84000015258789,21.84000015258789,0.0,21.84000015258789
2020-01-31,21.84000015258789,21.84000015258789,21.84000015258789,21.84000015258789,0.0,21.84000015258789
2020-02-03,21.84000015258789,21.84000015258789,21.84000015258789,21.84000015258789,0.0,21.84000015258789
2020-02-04,21.84000015258789,21.84000015258789,21.84000015258789,21.84000015258789,0.0,21.84000015258789
2020-02-05,21.84000015258789,21.84000015258789,21.84000015258789,21.84000015258789,0.0,21.84000015258789
2020-02-06,21.84000015258789,21.84000015258789,21.84000015258789,21.84000015258789,0.0,21.84000015258789
2020-02-07,21.84000015258789,21.84000015258789,21.84000015258789,21.84000015258789,0.0,21.84000015258789
2020-02-10,21.84000015258789,21.84000015258789,21.84000015258789,21.84000015258789,0.0,21.84000015258789
2020-02-11,21.84000015258789,21.84000015258789,21.84000015258789,21.84000015258789,0.0,21.84000015258789
2020-02-12,21.84000015258789,21.84000015258789,21.84000015258789,21.84000015258789,0.0,21.84000015258789
2020-02-13,21.84000015258789,21.84000015258789,21.84000015258789,21.84000015258789,0.0,21.84000015258789
2020-02-14,21.84000015258789,21.84000015258789,21.84000015258789,21.84000015258789,0.0,21.84000015258789
2020-02-18,21.84000015258789,21.84000015258789,21.84000015258789,21.84000015258789,0.0,21.84000015258789
2020-02-19,21.84000015258789,21.84000015258789,21.84000015258789,21.84000015258789,0.0,21.84000015258789
2020-02-20,21.84000015258789,21.84000015258789,21.84000015258789,21.84000015258789,0.0,21.84000015258789
2020-02-21,21.84000015258789,21.84000015258789,21.84000015258789,21.84000015258789,0.0,21.84000015258789
2020-02-24,21.84000015258789,21.84000015258789,21.84000015258789,21.84000015258789,0.0,21.84000015258789
2020-02-25,21.84000015258789,21.84000015258789,21.84000015258789,21.84000015258789,0.0,21.84000015258789
2020-02-26,21.84000015258789,21.84000015258789,21.84000015258789,21.84000015258789,0.0,21.84000015258789
2020-02-27,21.84000015258789,21.84000015258789,21.84000015258789,21.84000015258789,0.0,21.84000015258789
2020-02-28,17.700000762939453,17.700000762939453,17.700000762939453,17.700000762939453,166.0,17.700000762939453
2020-03-02,17.700000762939453,17.700000762939453,17.700000762939453,17.700000762939453,0.0,17.700000762939453
2020-03-03,17.700000762939453,17.700000762939453,17.700000762939453,17.700000762939453,0.0,17.700000762939453
2020-03-04,18.219999313354492,18.219999313354492,18.219999313354492,18.219999313354492,204.0,18.219999313354492
2020-03-05,18.219999313354492,18.219999313354492,18.219999313354492,18.219999313354492,0.0,18.219999313354492
2020-03-06,18.219999313354492,18.219999313354492,18.219999313354492,18.219999313354492,0.0,18.219999313354492
2020-03-09,18.219999313354492,18.219999313354492,18.219999313354492,18.219999313354492,0.0,18.219999313354492
2020-03-10,18.219999313354492,18.219999313354492,18.219999313354492,18.219999313354492,0.0,18.219999313354492
2020-03-11,18.219999313354492,18.219999313354492,18.219999313354492,18.219999313354492,0.0,18.219999313354492
2020-03-12,18.219999313354492,18.219999313354492,18.219999313354492,18.219999313354492,0.0,18.219999313354492
2020-03-13,18.219999313354492,18.219999313354492,18.219999313354492,18.219999313354492,0.0,18.219999313354492
2020-03-16,18.219999313354492,18.219999313354492,18.219999313354492,18.219999313354492,0.0,18.219999313354492
2020-03-17,18.219999313354492,18.219999313354492,18.219999313354492,18.219999313354492,0.0,18.219999313354492
2020-03-18,18.219999313354492,18.219999313354492,18.219999313354492,18.219999313354492,0.0,18.219999313354492
2020-03-19,18.219999313354492,18.219999313354492,18.219999313354492,18.219999313354492,0.0,18.219999313354492
2020-03-20,18.219999313354492,18.219999313354492,18.219999313354492,18.219999313354492,0.0,18.219999313354492
2020-03-23,18.219999313354492,18.219999313354492,18.219999313354492,18.219999313354492,0.0,18.219999313354492
2020-03-24,18.219999313354492,18.219999313354492,18.219999313354492,18.219999313354492,0.0,18.219999313354492
2020-03-25,18.219999313354492,18.219999313354492,18.219999313354492,18.219999313354492,0.0,18.219999313354492
2020-03-26,18.219999313354492,18.219999313354492,18.219999313354492,18.219999313354492,0.0,18.219999313354492
2020-03-27,18.219999313354492,18.219999313354492,18.219999313354492,18.219999313354492,0.0,18.219999313354492
2020-03-30,18.219999313354492,18.219999313354492,18.219999313354492,18.219999313354492,0.0,18.219999313354492
2020-03-31,18.219999313354492,18.219999313354492,18.219999313354492,18.219999313354492,0.0,18.219999313354492
2020-04-01,18.219999313354492,18.219999313354492,18.219999313354492,18.219999313354492,0.0,18.219999313354492
2020-04-02,18.219999313354492,18.219999313354492,18.219999313354492,18.219999313354492,0.0,18.219999313354492
2020-04-03,18.219999313354492,18.219999313354492,18.219999313354492,18.219999313354492,0.0,18.219999313354492
2020-04-06,18.219999313354492,18.219999313354492,18.219999313354492,18.219999313354492,0.0,18.219999313354492
2020-04-07,18.219999313354492,18.219999313354492,18.219999313354492,18.219999313354492,0.0,18.219999313354492
2020-04-08,19.399999618530273,19.399999618530273,19.399999618530273,19.399999618530273,200.0,19.399999618530273
2020-04-09,19.399999618530273,19.399999618530273,19.399999618530273,19.399999618530273,0.0,19.399999618530273
2020-04-13,19.399999618530273,19.399999618530273,19.399999618530273,19.399999618530273,0.0,19.399999618530273
2020-04-14,19.399999618530273,19.399999618530273,19.399999618530273,19.399999618530273,0.0,19.399999618530273
2020-04-15,19.399999618530273,19.399999618530273,19.399999618530273,19.399999618530273,0.0,19.399999618530273
2020-04-16,19.399999618530273,19.399999618530273,19.399999618530273,19.399999618530273,0.0,19.399999618530273
2020-04-17,19.399999618530273,19.399999618530273,19.399999618530273,19.399999618530273,0.0,19.399999618530273
2020-04-20,19.399999618530273,19.399999618530273,19.399999618530273,19.399999618530273,0.0,19.399999618530273
2020-04-21,19.399999618530273,19.399999618530273,19.399999618530273,19.399999618530273,0.0,19.399999618530273
2020-04-22,19.399999618530273,19.399999618530273,19.399999618530273,19.399999618530273,0.0,19.399999618530273
2020-04-23,19.399999618530273,19.399999618530273,19.399999618530273,19.399999618530273,0.0,19.399999618530273
2020-04-24,19.0,19.0,19.0,19.0,150.0,19.0
2020-04-27,19.0,19.0,19.0,19.0,0.0,19.0
2020-04-28,19.0,19.0,19.0,19.0,0.0,19.0
2020-04-29,19.0,19.0,19.0,19.0,0.0,19.0
2020-04-30,19.0,19.0,19.0,19.0,0.0,19.0
2020-05-01,19.0,19.0,19.0,19.0,0.0,19.0
2020-05-04,19.0,19.0,19.0,19.0,0.0,19.0
2020-05-05,19.0,19.0,19.0,19.0,0.0,19.0
2020-05-06,19.0,19.0,19.0,19.0,0.0,19.0
2020-05-07,19.0,19.0,19.0,19.0,0.0,19.0
2020-05-08,19.0,19.0,19.0,19.0,0.0,19.0
2020-05-11,19.0,19.0,19.0,19.0,0.0,19.0
2020-05-12,19.0,19.0,19.0,19.0,0.0,19.0
2020-05-13,19.0,19.0,19.0,19.0,0.0,19.0
2020-05-14,19.0,19.0,19.0,19.0,0.0,19.0
2020-05-15,19.0,19.0,19.0,19.0,0.0,19.0
2020-05-18,19.0,19.0,19.0,19.0,0.0,19.0
2020-05-19,19.0,19.0,19.0,19.0,0.0,19.0
2020-05-20,19.0,19.0,19.0,19.0,0.0,19.0
2020-05-21,19.0,19.0,19.0,19.0,0.0,19.0
2020-05-22,19.0,19.0,19.0,19.0,0.0,19.0
2020-05-26,19.0,19.0,19.0,19.0,0.0,19.0
2020-05-27,19.0,19.0,19.0,19.0,0.0,19.0
2020-05-28,19.0,19.0,19.0,19.0,0.0,19.0
2020-05-29,19.0,19.0,19.0,19.0,0.0,19.0
2020-06-01,19.0,19.0,19.0,19.0,0.0,19.0
2020-06-02,19.0,19.0,19.0,19.0,0.0,19.0
2020-06-03,19.0,19.0,19.0,19.0,0.0,19.0
2020-06-04,19.0,19.0,19.0,19.0,0.0,19.0
2020-06-05,19.0,19.0,19.0,19.0,0.0,19.0
2020-06-08,19.0,19.0,19.0,19.0,0.0,19.0
2020-06-09,19.0,19.0,19.0,19.0,0.0,19.0
2020-06-10,19.0,19.0,19.0,19.0,0.0,19.0
2020-06-11,19.0,19.0,19.0,19.0,0.0,19.0
2020-06-12,19.0,19.0,19.0,19.0,0.0,19.0
2020-06-15,19.0,19.0,19.0,19.0,0.0,19.0
2020-06-16,19.0,19.0,19.0,19.0,0.0,19.0
2020-06-17,19.0,19.0,19.0,19.0,0.0,19.0
2020-06-18,19.0,19.0,19.0,19.0,0.0,19.0
2020-06-19,19.0,19.0,19.0,19.0,0.0,19.0
2020-06-22,19.0,19.0,19.0,19.0,0.0,19.0
2020-06-23,19.520000457763672,19.520000457763672,19.520000457763672,19.520000457763672,179.0,19.520000457763672
2020-06-24,19.520000457763672,19.520000457763672,19.520000457763672,19.520000457763672,0.0,19.520000457763672
2020-06-25,19.520000457763672,19.520000457763672,19.520000457763672,19.520000457763672,0.0,19.520000457763672
2020-06-26,19.520000457763672,19.520000457763672,19.520000457763672,19.520000457763672,0.0,19.520000457763672
2020-06-29,19.520000457763672,19.520000457763672,19.520000457763672,19.520000457763672,0.0,19.520000457763672
2020-06-30,19.520000457763672,19.520000457763672,19.520000457763672,19.520000457763672,0.0,19.520000457763672
2020-07-01,19.520000457763672,19.520000457763672,19.520000457763672,19.520000457763672,0.0,19.520000457763672
2020-07-02,19.520000457763672,19.520000457763672,19.520000457763672,19.520000457763672,0.0,19.520000457763672
2020-07-06,19.520000457763672,19.520000457763672,19.520000457763672,19.520000457763672,0.0,19.520000457763672
2020-07-07,19.520000457763672,19.520000457763672,19.520000457763672,19.520000457763672,0.0,19.520000457763672
2020-07-08,19.520000457763672,19.520000457763672,19.520000457763672,19.520000457763672,0.0,19.520000457763672
2020-07-09,19.520000457763672,19.520000457763672,19.520000457763672,19.520000457763672,0.0,19.520000457763672
2020-07-10,19.520000457763672,19.520000457763672,19.520000457763672,19.520000457763672,0.0,19.520000457763672
2020-07-13,19.520000457763672,19.520000457763672,19.520000457763672,19.520000457763672,0.0,19.520000457763672
2020-07-14,19.520000457763672,19.520000457763672,19.520000457763672,19.520000457763672,0.0,19.520000457763672
2020-07-15,19.520000457763672,19.520000457763672,19.520000457763672,19.520000457763672,0.0,19.520000457763672
2020-07-16,19.520000457763672,19.520000457763672,19.520000457763672,19.520000457763672,0.0,19.520000457763672
2020-07-17,19.520000457763672,19.520000457763672,19.520000457763672,19.520000457763672,0.0,19.520000457763672
2020-07-20,19.520000457763672,19.520000457763672,19.520000457763672,19.520000457763672,0.0,19.520000457763672
2020-07-21,19.520000457763672,19.520000457763672,19.520000457763672,19.520000457763672,0.0,19.520000457763672
2020-07-22,19.520000457763672,19.520000457763672,19.520000457763672,19.520000457763672,0.0,19.520000457763672
2020-07-23,19.520000457763672,19.520000457763672,19.520000457763672,19.520000457763672,0.0,19.520000457763672
2020-07-24,19.520000457763672,19.520000457763672,19.520000457763672,19.520000457763672,0.0,19.520000457763672
2020-07-27,19.520000457763672,19.520000457763672,19.520000457763672,19.520000457763672,0.0,19.520000457763672
2020-07-28,19.520000457763672,19.520000457763672,19.520000457763672,19.520000457763672,0.0,19.520000457763672
2020-07-29,19.520000457763672,19.520000457763672,19.520000457763672,19.520000457763672,0.0,19.520000457763672
2020-07-30,19.520000457763672,19.520000457763672,19.520000457763672,19.520000457763672,0.0,19.520000457763672
2020-07-31,19.520000457763672,19.520000457763672,19.520000457763672,19.520000457763672,0.0,19.520000457763672
2020-08-03,19.520000457763672,19.520000457763672,19.520000457763672,19.520000457763672,0.0,19.520000457763672
2020-08-04,19.520000457763672,19.520000457763672,19.520000457763672,19.520000457763672,0.0,19.520000457763672
2020-08-05,19.520000457763672,19.520000457763672,19.520000457763672,19.520000457763672,0.0,19.520000457763672
2020-08-06,19.520000457763672,19.520000457763672,19.520000457763672,19.520000457763672,0.0,19.520000457763672
2020-08-07,19.520000457763672,19.520000457763672,19.520000457763672,19.520000457763672,0.0,19.520000457763672
2020-08-10,19.520000457763672,19.520000457763672,19.520000457763672,19.520000457763672,0.0,19.520000457763672
2020-08-11,19.520000457763672,19.520000457763672,19.520000457763672,19.520000457763672,0.0,19.520000457763672
2020-08-12,19.520000457763672,19.520000457763672,19.520000457763672,19.520000457763672,0.0,19.520000457763672
2020-08-13,19.520000457763672,19.520000457763672,19.520000457763672,19.520000457763672,0.0,19.520000457763672
2020-08-14,19.520000457763672,19.520000457763672,19.520000457763672,19.520000457763672,0.0,19.520000457763672
2020-08-17,19.520000457763672,19.520000457763672,19.520000457763672,19.520000457763672,0.0,19.520000457763672
2020-08-18,19.520000457763672,19.520000457763672,19.520000457763672,19.520000457763672,0.0,19.520000457763672
2020-08-19,19.520000457763672,19.520000457763672,19.520000457763672,19.520000457763672,0.0,19.520000457763672
2020-08-20,19.520000457763672,19.520000457763672,19.520000457763672,19.520000457763672,0.0,19.520000457763672
2020-08-21,19.520000457763672,19.520000457763672,19.520000457763672,19.520000457763672,0.0,19.520000457763672
2020-08-24,19.520000457763672,19.520000457763672,19.520000457763672,19.520000457763672,0.0,19.520000457763672
2020-08-25,19.520000457763672,19.520000457763672,19.520000457763672,19.520000457763672,0.0,19.520000457763672
2020-08-26,19.520000457763672,19.520000457763672,19.520000457763672,19.520000457763672,0.0,19.520000457763672
2020-08-27,19.520000457763672,19.520000457763672,19.520000457763672,19.520000457763672,0.0,19.520000457763672
2020-08-28,19.520000457763672,19.520000457763672,19.520000457763672,19.520000457763672,0.0,19.520000457763672
2020-08-31,19.520000457763672,19.520000457763672,19.520000457763672,19.520000457763672,0.0,19.520000457763672
2020-09-01,19.520000457763672,19.520000457763672,19.520000457763672,19.520000457763672,0.0,19.520000457763672
2020-09-02,19.520000457763672,19.520000457763672,19.520000457763672,19.520000457763672,0.0,19.520000457763672
2020-09-03,19.520000457763672,19.520000457763672,19.520000457763672,19.520000457763672,0.0,19.520000457763672
2020-09-04,19.520000457763672,19.520000457763672,19.520000457763672,19.520000457763672,0.0,19.520000457763672
2020-09-08,19.520000457763672,19.520000457763672,19.520000457763672,19.520000457763672,0.0,19.520000457763672
2020-09-09,19.520000457763672,19.520000457763672,19.520000457763672,19.520000457763672,0.0,19.520000457763672
2020-09-10,19.520000457763672,19.520000457763672,19.520000457763672,19.520000457763672,0.0,19.520000457763672
2020-09-11,19.520000457763672,19.520000457763672,19.520000457763672,19.520000457763672,0.0,19.520000457763672
2020-09-14,19.520000457763672,19.520000457763672,19.520000457763672,19.520000457763672,0.0,19.520000457763672
2020-09-15,19.520000457763672,19.520000457763672,19.520000457763672,19.520000457763672,0.0,19.520000457763672
2020-09-16,19.520000457763672,19.520000457763672,19.520000457763672,19.520000457763672,0.0,19.520000457763672
2020-09-17,19.520000457763672,19.520000457763672,19.520000457763672,19.520000457763672,0.0,19.520000457763672
2020-09-21,19.520000457763672,19.520000457763672,19.520000457763672,19.520000457763672,0.0,19.520000457763672
2020-09-22,19.520000457763672,19.520000457763672,19.520000457763672,19.520000457763672,0.0,19.520000457763672
2020-09-23,19.520000457763672,19.520000457763672,19.520000457763672,19.520000457763672,0.0,19.520000457763672
2020-09-24,19.520000457763672,19.520000457763672,19.520000457763672,19.520000457763672,0.0,19.520000457763672
2020-09-25,19.520000457763672,19.520000457763672,19.520000457763672,19.520000457763672,0.0,19.520000457763672
2020-09-28,19.520000457763672,19.520000457763672,19.520000457763672,19.520000457763672,0.0,19.520000457763672
2020-09-29,19.520000457763672,19.520000457763672,19.520000457763672,19.520000457763672,0.0,19.520000457763672
2020-09-30,19.520000457763672,19.520000457763672,19.520000457763672,19.520000457763672,0.0,19.520000457763672
2020-10-01,19.520000457763672,19.520000457763672,19.520000457763672,19.520000457763672,0.0,19.520000457763672
2020-10-02,19.520000457763672,19.520000457763672,19.520000457763672,19.520000457763672,0.0,19.520000457763672
2020-10-05,19.520000457763672,19.520000457763672,19.520000457763672,19.520000457763672,0.0,19.520000457763672
2020-10-06,19.520000457763672,19.520000457763672,19.520000457763672,19.520000457763672,0.0,19.520000457763672
2020-10-07,19.520000457763672,19.520000457763672,19.520000457763672,19.520000457763672,0.0,19.520000457763672
2020-10-08,19.520000457763672,19.520000457763672,19.520000457763672,19.520000457763672,0.0,19.520000457763672
2020-10-09,19.5,19.5,19.5,19.5,509.0,19.5
2020-10-12,19.5,19.5,19.5,19.5,0.0,19.5
2020-10-13,19.5,19.5,19.5,19.5,0.0,19.5
2020-10-14,19.5,19.5,19.5,19.5,0.0,19.5
2020-10-15,19.5,19.5,19.5,19.5,0.0,19.5
2020-10-16,19.5,19.5,19.5,19.5,0.0,19.5
2020-10-19,19.5,19.5,19.5,19.5,0.0,19.5
2020-10-20,19.5,19.5,19.5,19.5,0.0,19.5
2020-10-21,19.5,19.5,19.5,19.5,0.0,19.5
2020-10-22,19.5,19.5,19.5,19.5,0.0,19.5
2020-10-23,19.5,19.5,19.5,19.5,0.0,19.5
2020-10-26,19.5,19.5,19.5,19.5,0.0,19.5
2020-10-27,19.5,19.5,19.5,19.5,0.0,19.5
2020-10-28,19.5,19.5,19.5,19.5,0.0,19.5
2020-10-29,19.5,19.5,19.5,19.5,0.0,19.5
2020-10-30,19.5,19.5,19.5,19.5,0.0,19.5
2020-11-02,19.5,19.5,19.5,19.5,0.0,19.5
2020-11-03,19.5,19.5,19.5,19.5,0.0,19.5
2020-11-04,19.5,19.5,19.5,19.5,0.0,19.5
2020-11-05,19.5,19.5,19.5,19.5,0.0,19.5
2020-11-06,19.5,19.5,19.5,19.5,0.0,19.5
2020-11-09,19.5,19.5,19.5,19.5,0.0,19.5
2020-11-10,19.5,19.5,19.5,19.5,0.0,19.5
2020-11-11,19.5,19.5,19.5,19.5,0.0,19.5
2020-11-12,19.5,19.5,19.5,19.5,0.0,19.5
2020-11-13,19.5,19.5,19.5,19.5,0.0,19.5
2020-11-16,19.5,19.5,19.5,19.5,0.0,19.5
2020-11-17,18.600000381469727,18.600000381469727,18.600000381469727,18.600000381469727,165.0,18.600000381469727
