,2009,2010,2011,2012,2013,2014,2015,2016,2017,2018,2019,2020
01-02,1.109264850616455,,,,3.7293100357055664,3.692817211151123,4.6367530822753915,,,5.7702674865722665,5.39408016204834,7.7539920806884775
01-03,,,2.3308820724487305,3.0420031547546387,3.6781351566314697,3.658750772476196,,,5.168977737426758,5.779050350189209,5.495680809020996,7.2139129638671875
01-04,,1.5363060235977173,2.3308820724487305,2.979921579360962,3.7293100357055664,,,4.79416036605835,5.168977737426758,5.7614850997924805,5.680409908294678,
01-05,1.109264850616455,1.5363060235977173,2.3308820724487305,2.886798858642578,,,4.6367530822753915,4.762826442718506,5.168977737426758,5.726353645324707,,
01-06,1.109264850616455,1.5363060235977173,2.3308820724487305,2.886798858642578,,3.692817211151123,4.6367530822753915,4.65315580368042,5.1854400634765625,,,7.2139129638671875
01-07,1.109264850616455,1.5363060235977173,2.3308820724487305,,3.6525483131408687,3.692817211151123,4.487180233001709,4.496484279632568,,,5.754301071166992,7.271778583526611
01-08,1.1613434553146362,1.5363060235977173,,,3.684532165527344,3.7064440250396733,4.599360466003418,4.4338154792785645,,5.7614850997924805,5.754301071166992,7.464663982391357
01-09,1.1613434553146362,,,2.9426722526550293,3.710118532180786,3.692817211151123,4.576923847198486,,5.218362808227539,5.647308349609375,5.9020843505859375,7.464663982391357
01-10,,,2.3308820724487305,2.973712921142578,3.7740864753723145,3.7405107021331783,,,5.3089027404785165,5.647308349609375,6.132995128631593,7.464663982391357
01-11,,1.6665011644363403,2.3308820724487305,2.961296796798706,3.710118532180786,,,4.4024810791015625,5.399442672729492,5.533133506774902,6.132995128631593,
01-12,1.1613434553146362,1.6404625177383425,2.3308820724487305,2.9426722526550293,,,4.6367530822753915,4.4729838371276855,5.374749660491943,5.5682644844055185,,
01-13,1.1613434553146362,1.6404625177383425,2.3308820724487305,2.917839765548706,,3.7882041931152335,4.696582794189453,4.457315921783447,5.39121150970459,,,7.512885093688965
01-14,1.1613434553146362,1.6821246147155762,2.3308820724487305,,3.7740864753723145,3.679190397262573,4.584402561187744,4.425981521606445,,,5.9020843505859375,7.715415000915527
01-15,1.1613434553146362,1.692540407180786,,,3.838053941726685,3.686004161834717,4.689103603363037,4.339812278747559,,,5.9020843505859375,7.676837921142577
01-16,1.1613434553146362,,,,3.934005498886109,3.692817211151123,4.808762073516847,,,5.603395462036133,5.9390296936035165,7.676837921142577
01-17,,,,3.0171704292297363,3.8892285823822017,3.692817211151123,,,5.226593494415283,5.612177848815918,5.9205570220947275,7.474308490753174
01-18,,,2.3308820724487305,3.0233783721923833,3.934005498886109,,,,5.218362808227539,5.603395462036133,5.91132116317749,
01-19,,1.692540407180786,2.3308820724487305,3.0171704292297363,,,,4.410314559936523,5.201901912689209,5.559481143951416,,
01-20,1.1613434553146362,1.692540407180786,2.3308820724487305,2.973712921142578,,,4.644232273101807,4.465149402618408,5.25128698348999,,,
01-21,1.1613434553146362,1.692540407180786,2.284953355789185,,,3.699630498886109,4.786326408386231,4.504318237304688,,,,7.474308490753174
01-22,1.1613434553146362,1.692540407180786,,,3.9084184169769287,3.7064440250396733,4.838676452636719,4.543484687805176,,5.585829734802246,5.828192710876465,7.59968376159668
01-23,1.1613434553146362,,,3.0295867919921875,3.914815664291382,3.624685049057007,4.733976364135742,,5.25128698348999,5.585829734802246,5.772773742675781,7.59968376159668
01-24,,,2.3768105506896973,3.0109617710113525,3.921211242675781,3.645124912261963,,,5.25128698348999,5.585829734802246,5.745064735412598,7.464663982391357
01-25,,1.5050591230392456,2.2677297592163086,3.0420031547546387,3.914815664291382,,,4.543484687805176,5.144285678863525,5.6824398040771475,5.975975036621094,
01-26,1.1613434553146362,1.5363060235977173,2.2677297592163086,3.08545994758606,,,4.7115397453308105,4.6688232421875,5.1854400634765625,5.6824398040771475,,
01-27,1.1613434553146362,1.5363060235977173,2.2677297592163086,3.19720721244812,,3.63831090927124,4.719018459320068,4.590487480163574,5.267749309539795,,,7.464663982391357
01-28,1.1613434553146362,1.4738122224807741,2.2677297592163086,,3.8700377941131587,3.63831090927124,4.726497173309326,4.629655838012695,,,6.003684997558594,7.320000171661378
01-29,1.1613434553146362,1.4581888914108276,,,3.97238564491272,3.604244947433472,4.644232273101807,4.645322799682617,,5.7087883949279785,5.975975036621094,7.320000171661378
01-30,1.1613434553146362,,,3.19720721244812,3.9595930576324463,3.6314973831176762,4.681625843048097,,5.144285678863525,5.612177848815918,5.975975036621094,7.377865791320801
01-31,,,2.2677297592163086,3.166167020797729,3.895625591278076,3.576991081237793,,,5.144285678863525,5.6560916900634775,6.068340301513673,7.175335884094237
02-01,,1.4581888914108276,2.2677297592163086,3.259288787841797,3.902021884918213,,,4.723658561706543,5.1525163650512695,5.673657417297362,6.068340301513673,
02-02,1.1613434553146362,1.4581888914108276,2.307917594909668,3.1847913265228267,,,4.86111307144165,4.65315580368042,5.1525163650512695,5.717571258544923,,
02-03,1.1613434553146362,1.4581888914108276,2.307917594909668,3.2158315181732178,,3.5838043689727783,4.928419589996338,4.731491565704347,5.1525163650512695,,,7.175335884094237
02-04,1.1613434553146362,1.4061106443405151,2.307917594909668,,3.876434326171875,3.679190397262573,4.973292350769043,4.919498920440674,,,6.2900147438049325,7.387509822845459
02-05,1.1613434553146362,1.4061106443405151,,,3.9276094436645512,3.63831090927124,5.0256428718566895,4.723658561706543,,5.691222667694093,6.2900147438049325,7.31035566329956
02-06,1.1613434553146362,,,3.1599583625793457,3.8316574096679688,3.7064440250396733,4.973292350769043,,5.168977737426758,5.577047348022461,6.234596252441406,7.31035566329956
02-07,,,2.307917594909668,3.1785829067230225,3.825260639190674,3.679190397262573,,,5.1525163650512695,5.5155677795410165,6.049867153167725,7.127114295959473
02-08,,1.43215012550354,2.307917594909668,3.1785829067230225,3.838053941726685,,,4.848996162414551,5.1525163650512695,5.392609119415283,6.049867153167725,
02-09,1.1613434553146362,1.43215012550354,2.307917594909668,3.2220401763916016,,,4.935898780822754,4.786326885223389,5.3089027404785165,5.35747766494751,,
02-10,1.1613434553146362,1.43215012550354,2.307917594909668,3.1040844917297363,,3.679190397262573,4.950855731964111,4.817661762237549,5.3089027404785165,,,7.127114295959473
02-11,1.1613434553146362,1.43215012550354,2.307917594909668,,3.8444511890411377,3.699630498886109,4.935898780822754,4.770659923553467,,,6.022157669067383,7.377865791320801
02-12,1.1613434553146362,1.468604564666748,,,3.8316574096679688,3.767763376235962,4.846155166625977,4.707992076873778,,5.35747766494751,6.096049308776856,7.397154331207275
02-13,1.1613434553146362,,,3.1847913265228267,3.8508477210998535,3.7745766639709473,4.920941352844238,,5.432365417480469,5.35747766494751,6.10528564453125,7.464663982391357
02-14,,,2.307917594909668,3.135125637054444,3.825260639190674,3.8086440563201904,,,5.4570584297180185,5.418957710266113,6.040630340576173,7.474308490753174
02-15,,,2.307917594909668,3.1537504196166988,3.8060703277587886,,,,5.4570584297180185,5.418957710266113,6.003684997558594,
02-16,,1.468604564666748,2.307917594909668,3.1599583625793457,,,,4.8803300857543945,5.4570584297180185,5.498002529144287,,
02-17,1.1613434553146362,1.468604564666748,2.307917594909668,3.22824764251709,,,5.018163681030273,4.919498920440674,5.440596580505371,,,
02-18,1.1613434553146362,1.468604564666748,2.2964351177215576,,,3.822269916534424,5.0256428718566895,4.872496128082275,,,,7.377865791320801
02-19,1.1613434553146362,1.5258903503417969,,,3.8892285823822017,3.9653503894805913,5.0480780601501465,4.888164043426514,,,6.049867153167725,7.377865791320801
02-20,1.1613434553146362,,,,3.914815664291382,3.9653503894805913,5.100428581237793,,,5.6560916900634775,6.160704135894775,7.377865791320801
02-21,,,,3.2406649589538574,3.97238564491272,3.972163200378418,,,5.4570584297180185,5.498002529144287,6.2900147438049325,7.377865791320801
02-22,,1.5258903503417969,2.284953355789185,3.2034151554107666,4.0427513122558585,,,4.997834205627441,5.374749660491943,5.7087883949279785,6.326960563659668,
02-23,1.1613434553146362,1.4946438074111938,2.284953355789185,3.2158315181732178,,,5.085471630096436,4.935165882110597,5.267749309539795,5.620960712432861,,
02-24,1.1613434553146362,1.4946438074111938,2.284953355789185,3.2158315181732178,,4.019856929779054,5.115386486053467,4.9900007247924805,5.267749309539795,,,6.972806453704834
02-25,1.1613434553146362,1.4946438074111938,2.284953355789185,,4.068337917327882,4.040296554565431,5.264958381652832,4.825495719909668,,,6.419324398040772,6.972806453704834
02-26,1.1613434553146362,1.4946438074111938,,,3.978782176971436,4.067549705505371,5.22008752822876,4.817661762237549,,5.559481143951416,6.419324398040772,6.857075214385986
02-27,0.9634461402893066,,,3.22824764251709,4.0171637535095215,4.047110080718993,5.2799153327941895,,5.267749309539795,5.375043869018555,6.3823790550231925,6.837786674499513
02-28,,,2.336623191833496,3.19720721244812,3.997972249984741,4.060736656188965,,,5.267749309539795,5.498002529144287,6.3823790550231925,6.664189338684082
02-29,,,,3.3027470111846924,,,,4.80982780456543,,,,
03-01,,1.4946438074111938,2.336623191833496,3.2406649589538574,3.902021884918213,,,4.8803300857543945,5.193670749664307,5.489219665527344,6.3823790550231925,
03-02,0.8176271915435791,1.5883841514587402,2.39977502822876,3.2220401763916016,,,5.54166841506958,4.8803300857543945,5.210132598876953,5.164257526397705,,6.615968704223633
03-03,0.812419593334198,1.5883841514587402,2.3308820724487305,,,3.9789764881134033,5.407053470611572,4.888164043426514,5.2595176696777335,,,6.84743070602417
03-04,0.812419593334198,1.5883841514587402,2.3308820724487305,,3.978782176971436,4.019856929779054,5.34722375869751,4.958667278289795,,,6.3823790550231925,6.84743070602417
03-05,0.812419593334198,1.5883841514587402,,3.259288787841797,3.9851801395416264,4.047110080718993,5.384617328643799,,,4.988602638244629,6.419324398040772,6.84743070602417
03-06,0.812419593334198,,,3.2406649589538574,4.0043697357177725,4.040296554565431,5.392095565795898,,5.333595275878906,5.3135643005371085,6.419324398040772,6.982450485229492
03-07,,,2.3768105506896973,3.253081083297729,4.0043697357177725,4.033483028411865,,4.958667278289795,5.350056171417236,5.3135643005371085,6.419324398040772,
03-08,,1.676917314529419,2.394033670425415,3.1847913265228267,4.0427513122558585,,,4.927331447601318,5.350056171417236,5.401391983032227,6.2715415954589835,
03-09,0.812419593334198,1.676917314529419,2.39977502822876,3.2096238136291504,,,5.212608337402344,4.817661762237549,5.382980346679688,5.3135643005371085,,6.596680164337157
03-10,0.812419593334198,1.676917314529419,2.39977502822876,,,4.019856929779054,4.973292350769043,4.762826442718506,5.424134731292725,,,6.731699466705322
03-11,0.812419593334198,1.692540407180786,2.39977502822876,,4.0555434226989755,4.033483028411865,5.010685443878174,4.888164043426514,,,6.2715415954589835,6.374861717224121
03-12,0.812419593334198,1.692540407180786,,3.2158315181732178,3.9851801395416264,4.053923606872559,5.122864246368408,,,5.445305824279785,6.2900147438049325,5.458655834197998
03-13,0.812419593334198,,,3.2965378761291504,3.9531965255737305,4.047110080718993,5.0256428718566895,,5.275979518890381,5.3662614822387695,6.2900147438049325,5.487588882446289
03-14,,,2.39977502822876,3.2654974460601807,3.946799516677856,3.992603302001953,,4.778493881225586,5.275979518890381,5.33991289138794,6.3823790550231925,
03-15,,1.692540407180786,2.39977502822876,3.333787202835083,3.991576671600342,,,4.778493881225586,5.292440891265869,5.278433799743652,6.253068923950195,
03-16,0.812419593334198,1.692540407180786,2.39977502822876,3.2965378761291504,,,5.040599822998047,4.8568291664123535,5.366518497467041,5.278433799743652,,4.986086845397949
03-17,0.812419593334198,1.692540407180786,2.39977502822876,,,3.9994170665740967,5.010685443878174,4.942998886108398,5.514674186706543,,,4.822134494781494
03-18,0.812419593334198,1.692540407180786,2.39977502822876,,3.9084184169769287,4.060736656188965,5.0256428718566895,5.005667209625244,,,6.326960563659668,4.928221225738525
03-19,0.812419593334198,1.692540407180786,,3.30895471572876,3.876434326171875,4.040296554565431,5.1303439140319815,,,5.445305824279785,6.326960563659668,5.285059452056885
03-20,0.812419593334198,,,3.1785829067230225,3.8700377941131587,4.067549705505371,5.1826934814453125,,5.448827266693115,5.471653938293457,6.474743366241455,5.285059452056885
03-21,,,2.3595874309539795,3.2158315181732178,3.825260639190674,4.047110080718993,,5.005667209625244,5.448827266693115,5.3662614822387695,6.4655070304870605,
03-22,,1.692540407180786,2.3595874309539795,3.166167020797729,3.934005498886109,,,5.005667209625244,5.415903568267822,5.225736618041992,6.4655070304870605,
03-23,0.812419593334198,1.6404625177383425,2.3595874309539795,3.2654974460601807,,,5.063035011291504,4.919498920440674,5.4570584297180185,5.225736618041992,,5.015019416809082
03-24,0.812419593334198,1.6404625177383425,2.3595874309539795,,,4.053923606872559,5.175215244293213,5.0135016441345215,5.407673358917236,,,5.3815016746521
03-25,0.812419593334198,1.6144236326217651,2.3595874309539795,,3.9404020309448238,4.026670455932616,5.212608337402344,,,,6.585580825805664,5.680474281311035
03-26,0.812419593334198,1.6144236326217651,,3.2654974460601807,3.895625591278076,4.060736656188965,5.1303439140319815,,,5.225736618041992,6.668708801269531,5.776916980743407
03-27,0.984277606010437,,,3.2717053890228267,3.857244968414306,4.019856929779054,5.175215244293213,,5.473519802093506,5.2608675956726065,6.48397970199585,5.584031581878662
03-28,,,2.3595874309539795,3.166167020797729,3.9276094436645512,4.026670455932616,,5.0135016441345215,5.448827266693115,5.2608675956726065,6.548635482788086,
03-29,,1.6144236326217651,2.336623191833496,3.2406649589538574,,,,5.131006240844727,5.522905826568604,5.35747766494751,6.668708801269531,
03-30,0.984277606010437,1.6144236326217651,2.39977502822876,3.3027470111846924,,,5.092950344085693,5.091838359832764,5.580521106719972,,,6.046956539154053
03-31,0.984277606010437,1.6665011644363403,2.5260791778564453,,,4.087989807128906,5.122864246368408,5.225008487701416,5.572289943695068,,,6.046956539154053
04-01,0.984277606010437,1.6665011644363403,2.468668222427368,,3.9404020309448238,4.047110080718993,5.122864246368408,5.068336486816406,,,6.668708801269531,6.027667999267577
04-02,0.984277606010437,,,3.383452892303467,3.9851801395416264,4.019856929779054,5.100428581237793,,,5.35747766494751,6.437797546386719,6.027667999267577
04-03,0.984277606010437,,,3.290330410003662,3.978782176971436,4.013042449951172,,,5.572289943695068,5.269650936126709,6.437797546386719,5.9794464111328125
04-04,,,2.468668222427368,3.259288787841797,3.9276094436645512,4.067549705505371,,5.060503005981445,5.555828094482422,5.225736618041992,6.428560733795166,
04-05,,1.6665011644363403,2.583489418029785,3.2965378761291504,3.876434326171875,,,4.9743332862854,5.539366722106934,5.18182373046875,6.428560733795166,
04-06,0.984277606010437,1.6665011644363403,2.4973738193511963,,,,5.063035011291504,5.0135016441345215,5.514674186706543,5.216954708099365,,5.9794464111328125
04-07,0.984277606010437,1.6665011644363403,2.4973738193511963,,,4.081176280975342,5.235043525695801,4.9743332862854,5.514674186706543,,,6.008379459381104
04-08,0.984277606010437,1.6665011644363403,2.4973738193511963,,4.0043697357177725,4.081176280975342,5.294873237609863,5.146673202514648,,,6.3731422424316415,6.008379459381104
04-09,0.984277606010437,1.7185797691345217,,3.290330410003662,4.0555434226989755,4.122056484222412,5.324788093566895,,,5.269650936126709,6.326960563659668,6.693122386932372
04-10,,,,3.259288787841797,4.0939245223999015,4.128869533538818,5.294873237609863,,5.506443500518799,5.322346687316895,6.326960563659668,
04-11,,,2.4973738193511963,3.2654974460601807,4.189876079559326,4.128869533538818,,5.107504367828369,5.555828094482422,5.322346687316895,6.326960563659668,
04-12,,1.7185797691345217,2.617936611175537,3.414493560791016,4.0811309814453125,,,5.131006240844727,5.555828094482422,5.269650936126709,6.326960563659668,
04-13,0.984277606010437,1.7185797691345217,2.617936611175537,3.414493560791016,,,5.242523193359375,5.131006240844727,5.588752269744873,5.322346687316895,,6.693122386932372
04-14,0.984277606010437,1.7185797691345217,2.468668222427368,,,4.101615905761719,5.212608337402344,5.084003448486328,,,,6.934229373931885
04-15,0.984277606010437,1.7185797691345217,2.468668222427368,,4.125908374786377,4.1356825828552255,5.1901726722717285,5.232841968536377,,,6.326960563659668,6.7413434982299805
04-16,0.984277606010437,1.7185797691345217,,3.30895471572876,4.1195125579833975,4.1152429580688485,5.384617328643799,,,5.392609119415283,6.2715415954589835,6.635257244110107
04-17,0.984277606010437,,,3.3462035655975337,4.049147129058838,4.1356825828552255,5.34722375869751,,5.596983432769775,5.392609119415283,6.253068923950195,6.635257244110107
04-18,,,2.439962863922119,3.30895471572876,4.029956340789795,,,5.326845645904541,5.6463680267333975,5.401391983032227,6.26230525970459,
04-19,,1.7185797691345217,2.6351592540740967,3.19720721244812,4.0939245223999015,,,5.358180522918701,5.638136386871338,5.401391983032227,,
04-20,0.984277606010437,1.7185797691345217,2.5203378200531006,3.259288787841797,,,5.34722375869751,5.381680488586426,5.506443500518799,5.401391983032227,,6.548458576202393
04-21,0.984277606010437,1.7185797691345217,2.6409006118774414,,,4.162936210632323,5.324788093566895,5.342512607574463,5.506443500518799,,,6.442371368408202
04-22,0.984277606010437,1.7185797691345217,,,4.068337917327882,4.197003364562988,5.34722375869751,5.16234016418457,,,6.26230525970459,6.442371368408202
04-23,0.984277606010437,1.7185797691345217,,3.2096238136291504,4.209065914154054,4.1901888847351065,5.34722375869751,,,5.3135643005371085,6.345433235168457,6.654545307159424
04-24,0.984277606010437,,,3.30895471572876,4.337001323699951,4.197003364562988,5.504274845123291,,5.605213642120361,5.278433799743652,6.2992515563964835,6.770276546478272
04-25,,,2.6409006118774414,3.3151626586914062,4.330604553222656,4.244696140289307,,5.138838768005371,5.605213642120361,5.331130504608153,6.234596252441406,
04-26,,1.7185797691345217,2.6409006118774414,3.2965378761291504,4.279430866241455,,,5.178006649017334,5.605213642120361,5.392609119415283,6.391615390777588,
04-27,0.984277606010437,1.7185797691345217,2.6409006118774414,3.364827871322632,,,5.571582317352295,5.16234016418457,5.498211860656738,5.445305824279785,,6.943873405456543
04-28,0.984277606010437,1.7185797691345217,2.6696059703826904,,,4.2378830909728995,5.676283359527588,5.209341526031494,5.498211860656738,,,6.943873405456543
04-29,0.984277606010437,1.7185797691345217,2.6696059703826904,,4.273034572601318,4.224255084991455,5.534189701080322,5.178006649017334,,,6.363906383514403,7.030672073364258
04-30,0.984277606010437,1.7185797691345217,,3.395869016647339,4.279430866241455,4.265135765075684,5.579061508178711,,,5.445305824279785,6.363906383514403,6.7992095947265625
05-01,0.984277606010437,,,3.22824764251709,4.2218589782714835,4.1901888847351065,5.594018459320068,,5.802753925323486,5.445305824279785,6.363906383514403,6.558103084564209
05-02,,,2.5949721336364746,3.1227092742919917,4.2858262062072745,4.1901888847351065,,5.193674087524414,5.703983783721924,5.489219665527344,6.363906383514403,
05-03,,1.7185797691345217,2.686829090118408,3.091668128967285,4.311414241790772,,,5.193674087524414,5.662829399108888,5.489219665527344,6.363906383514403,
05-04,0.984277606010437,1.7185797691345217,2.686829090118408,3.135125637054444,,,5.653847694396973,5.272010803222656,5.662829399108888,5.489219665527344,,6.6738338470458975
05-05,0.984277606010437,1.7185797691345217,2.686829090118408,,,4.224255084991455,5.736112594604492,5.264176845550537,5.761600017547607,,,6.963161945343018
05-06,0.984277606010437,1.7185797691345217,2.686829090118408,,4.260239601135254,4.2583227157592765,5.564105033874512,5.16234016418457,,,6.35467004776001,6.963161945343018
05-07,0.984277606010437,1.7185797691345217,,3.091668128967285,4.177082061767578,4.312828540802002,5.212608337402344,,,5.489219665527344,6.35467004776001,6.963161945343018
05-08,0.984277606010437,,,3.097876787185669,4.3050174713134775,4.326456546783446,5.2574801445007315,,5.629906177520753,5.489219665527344,6.35467004776001,6.963161945343018
05-09,,,2.686829090118408,3.110292911529541,4.266637325286865,4.421842575073242,,5.225008487701416,5.605213642120361,5.489219665527344,6.410088062286378,
05-10,,1.7185797691345217,2.5260791778564453,3.135125637054444,4.189876079559326,,,5.279843330383301,5.671060085296631,5.489219665527344,6.548635482788086,
05-11,0.984277606010437,1.7185797691345217,2.6696059703826904,3.141333818435669,,,5.369659900665283,5.279843330383301,5.687521457672119,5.489219665527344,,7.0885372161865225
05-12,0.984277606010437,1.6404625177383425,2.6696059703826904,,,4.435469150543213,5.332266330718994,5.138838768005371,5.6545982360839835,,,7.0885372161865225
05-13,0.984277606010437,1.6404625177383425,2.554784774780273,,4.260239601135254,4.421842575073242,5.422009944915772,5.107504367828369,,,6.548635482788086,6.876363754272461
05-14,0.984277606010437,1.6404625177383425,,3.0420031547546387,4.2410497665405265,4.367334842681885,5.294873237609863,,,5.506784915924072,6.493216514587402,6.876363754272461
05-15,0.984277606010437,,,3.0233783721923833,4.2410497665405265,4.380961418151856,5.294873237609863,,5.6463680267333975,5.33991289138794,6.493216514587402,6.876363754272461
05-16,,,2.5260791778564453,3.079252004623413,4.164288520812988,4.3332695960998535,,5.209341526031494,5.6545982360839835,5.269650936126709,6.668708801269531,
05-17,,1.557137370109558,2.5260791778564453,3.079252004623413,4.2282562255859375,,,5.209341526031494,5.6545982360839835,5.269650936126709,6.539398193359375,
05-18,0.984277606010437,1.557137370109558,2.554784774780273,2.9861295223236084,,,5.250001430511475,5.107504367828369,5.679291248321532,5.269650936126709,,7.049960613250732
05-19,0.984277606010437,1.557137370109558,2.554784774780273,,,4.292389392852783,5.242523193359375,5.107504367828369,5.671060085296631,,,7.281423091888428
05-20,0.984277606010437,1.557137370109558,2.554784774780273,,4.349794864654541,4.292389392852783,5.227565288543701,4.966500282287598,,,6.539398193359375,7.281423091888428
05-21,0.984277606010437,1.557137370109558,,3.097876787185669,4.279430866241455,4.3400821685791025,5.197650909423828,,,5.295999526977539,6.493216514587402,7.281423091888428
05-22,0.984277606010437,,,3.0357952117919917,4.292223930358887,4.353709220886231,5.197650909423828,,5.6463680267333975,5.304781913757324,6.493216514587402,7.281423091888428
05-23,,,2.554784774780273,2.9861295223236084,4.125908374786377,4.312828540802002,,4.935165882110597,5.69575309753418,5.35747766494751,6.474743366241455,
05-24,,1.4790202379226685,2.4112565517425537,3.0295867919921875,3.946799516677856,,,4.935165882110597,5.69575309753418,5.35747766494751,6.410088062286378,
05-25,,1.4790202379226685,2.4112565517425537,3.0606276988983154,,,,4.864663124084473,5.7698307037353525,5.401391983032227,,
05-26,0.984277606010437,1.4790202379226685,2.4112565517425537,,,,5.235043525695801,4.864663124084473,5.78629207611084,,,7.397154331207275
05-27,0.984277606010437,1.4790202379226685,2.4112565517425537,,,4.421842575073242,5.2574801445007315,5.052669048309326,,,,7.0885372161865225
05-28,0.984277606010437,1.4790202379226685,,,4.029956340789795,4.346896171569823,5.22008752822876,,,,6.410088062286378,7.0885372161865225
05-29,0.984277606010437,,,3.097876787185669,3.9851801395416264,4.360522270202637,5.287394046783447,,,5.401391983032227,6.410088062286378,7.271778583526611
05-30,,,,2.992337942123413,3.895625591278076,4.428655624389648,,,5.761600017547607,5.7966156005859375,6.447034358978272,
05-31,,,2.4112565517425537,3.0544192790985107,3.9084184169769287,,,5.052669048309326,5.761600017547607,5.7966156005859375,6.447034358978272,
06-01,0.984277606010437,1.4790202379226685,2.583489418029785,2.961296796798706,,,5.324788093566895,5.005667209625244,5.967371463775635,5.673657417297362,,7.435731410980225
06-02,0.984277606010437,1.4790202379226685,2.583489418029785,,,4.462721824645996,5.317309379577637,5.005667209625244,6.115525722503662,,,7.570750713348389
06-03,0.984277606010437,1.4790202379226685,2.583489418029785,,3.902021884918213,4.442282199859619,5.317309379577637,4.942998886108398,,,6.511689186096191,7.59968376159668
06-04,0.984277606010437,1.4790202379226685,,2.9550890922546387,3.902021884918213,4.442282199859619,5.0256428718566895,,,5.849311828613281,6.539398193359375,7.667193412780763
06-05,0.984277606010437,,,2.979921579360962,3.780483722686768,4.476348876953125,4.935898780822754,,5.942678451538086,5.620960712432861,6.539398193359375,7.715415000915527
06-06,,,2.583489418029785,3.1475417613983154,3.7740864753723145,4.449095726013184,,4.966500282287598,5.761600017547607,5.647308349609375,6.81649112701416,
06-07,,1.4790202379226685,2.583489418029785,3.166167020797729,3.735705852508545,,,5.044836521148682,5.761600017547607,5.629743099212647,6.90885591506958,
06-08,0.984277606010437,1.4790202379226685,2.583489418029785,3.08545994758606,,,4.958334445953369,5.107504367828369,5.761600017547607,5.5682644844055185,,7.7829246520996085
06-09,0.984277606010437,1.4790202379226685,2.583489418029785,,,4.442282199859619,4.9957275390625,5.060503005981445,5.8439083099365225,,,7.7829246520996085
06-10,0.984277606010437,1.4790202379226685,2.583489418029785,,3.742103099822998,4.476348876953125,4.9433770179748535,5.068336486816406,,,6.90885591506958,7.715415000915527
06-11,0.984277606010437,1.5415139198303225,,3.0544192790985107,3.646151781082153,4.449095726013184,4.973292350769043,,,5.603395462036133,7.056639194488525,7.329644203186035
06-12,0.984277606010437,,,3.135125637054444,3.8060703277587886,4.449095726013184,5.0256428718566895,,5.69575309753418,5.603395462036133,7.056639194488525,7.300711631774902
06-13,,,2.583489418029785,3.166167020797729,3.767690420150757,4.455908298492432,,4.997834205627441,5.761600017547607,6.569498062133789,7.038166046142577,
06-14,,1.5415139198303225,2.583489418029785,3.166167020797729,3.767690420150757,,,4.9900007247924805,5.959140300750732,6.3323631286621085,7.038166046142577,
06-15,0.984277606010437,1.5415139198303225,2.583489418029785,3.1785829067230225,,,4.9433770179748535,5.0213356018066415,5.8850626945495605,6.48167085647583,,7.34893274307251
06-16,1.1977980136871338,1.5415139198303225,2.583489418029785,,,4.462721824645996,4.928419589996338,4.9900007247924805,6.02498722076416,,,7.34893274307251
06-17,1.1977980136871338,1.5415139198303225,2.6696059703826904,,3.8444511890411377,4.449095726013184,5.018163681030273,5.044836521148682,,,7.139767169952393,7.34893274307251
06-18,1.1977980136871338,1.6821246147155762,,3.2096238136291504,3.7740864753723145,4.483161926269531,5.018163681030273,,,6.367494583129883,7.22289514541626,7.34893274307251
06-19,1.2498761415481567,,,3.253081083297729,3.780483722686768,4.5444817543029785,5.018163681030273,,6.057910919189452,6.4465394020080575,7.204422473907472,7.34893274307251
06-20,,,2.6696059703826904,3.259288787841797,3.614167928695679,4.564921379089356,,5.060503005981445,5.901524543762207,6.367494583129883,7.42609691619873,
06-21,,1.6821246147155762,2.686829090118408,3.141333818435669,3.646151781082153,,,5.170173645019531,5.876831531524657,6.393843173980713,7.306022644042969,
06-22,1.2498761415481567,1.6821246147155762,2.7557222843170166,3.2158315181732178,,,5.115386486053467,5.16234016418457,5.860369682312013,6.349928855895996,,7.590039253234862
06-23,1.2498761415481567,1.6821246147155762,2.727017641067505,,,4.524042129516602,5.250001430511475,5.279843330383301,5.835677623748778,,,7.541818141937256
06-24,1.2498761415481567,1.7696824073791504,2.53391170501709,,3.6879575252532963,4.5444817543029785,5.212608337402344,5.146673202514648,,,7.306022644042969,7.618972301483153
06-25,1.2498761415481567,1.703936219215393,,3.0357952117919917,3.6482298374176025,4.517228603363037,5.1303439140319815,,,6.367494583129883,7.306022644042969,7.320000171661378
06-26,1.2498761415481567,,,3.048211574554444,3.727683782577514,4.542424201965332,4.876926898956299,,5.942678451538086,6.367494583129883,7.269076824188232,7.320000171661378
06-27,,,2.5697686672210693,3.1040844917297363,3.760789632797241,4.577418804168701,,5.060503005981445,5.827446460723878,6.323580741882324,7.2104859352111825,
06-28,,1.703936219215393,2.5697686672210693,3.0357952117919917,3.6217463016510014,,,5.170173645019531,5.827446460723878,6.4100074768066415,7.2104859352111825,
06-29,1.2498761415481567,1.703936219215393,2.659412384033203,3.2344558238983154,,,4.838646411895752,5.3196372985839835,6.022458553314209,6.446018695831299,,7.0999999046325675
06-30,1.2498761415481567,1.703936219215393,2.6952693462371826,,,4.549422740936278,4.800365924835205,5.496423721313477,6.022458553314209,,,7.8499999046325675
07-01,1.2498761415481567,1.6710625886917114,2.755030870437622,,3.6217463016510014,4.591418266296387,4.838646411895752,5.472315788269043,,,7.163235187530518,7.949999809265138
07-02,1.2498761415481567,1.6710625886917114,,3.2344558238983154,3.701199769973755,4.654409885406494,4.930520057678223,,,6.428013324737549,7.1159844398498535,7.559999942779541
07-03,,,,3.22824764251709,3.641610145568848,4.6614089012146,,,5.971420764923097,6.5000362396240225,7.408939838409424,
07-05,,,2.7012453079223637,3.19720721244812,3.66147255897522,,,5.624994277954102,5.971420764923097,6.6890950202941895,7.3144378662109375,
07-06,1.2498761415481567,1.6710625886917114,2.6534359455108643,3.172374725341797,,,4.838646411895752,5.624994277954102,5.971420764923097,6.6620869636535645,,7.920000076293945
07-07,1.0415633916854858,1.6710625886917114,2.713197469711304,,,4.556422233581543,4.861614227294922,5.64106559753418,5.758763790130615,,,7.71999979019165
07-08,1.0415633916854858,1.6984574794769287,2.6833171844482417,,3.780652284622192,4.654409885406494,4.700836658477783,5.528565406799316,,,7.2388362884521475,7.71999979019165
07-09,1.0415633916854858,1.7148940563201904,,3.1537504196166988,3.7475469112396236,4.63341236114502,4.708493232727051,,,6.6890950202941895,7.0876336097717285,7.579999923706055
07-10,1.0415633916854858,,,3.141333818435669,3.78727388381958,4.612414360046387,4.7697410583496085,,5.767270088195801,6.635077953338622,7.1821351051330575,7.579999923706055
07-11,,,2.713197469711304,3.1537504196166988,3.820379018783569,4.619414806365967,,5.713387489318848,5.622663497924805,6.635077953338622,7.257736682891847,
07-12,,1.7148940563201904,2.6414833068847656,3.1227092742919917,3.840242624282837,,,5.825887203216553,5.631169319152832,6.572059154510497,7.257736682891847,
07-13,1.0415633916854858,1.7148940563201904,2.719174385070801,3.22824764251709,,,4.754429340362549,5.721423625946045,5.716232299804688,6.572059154510497,,7.690000057220459
07-14,1.0415633916854858,1.7148940563201904,2.689292430877685,,,4.647409915924072,4.861614227294922,5.729458332061768,5.775776386260986,,,7.570000171661378
07-15,1.0415633916854858,1.7148940563201904,2.7490556240081787,,3.760789632797241,4.647409915924072,4.861614227294922,5.657136917114258,,,7.0876336097717285,7.880000114440918
07-16,1.0415633916854858,1.753245830535889,,3.1475417613983154,3.760789632797241,4.619414806365967,4.907551765441895,,,6.572059154510497,7.0876336097717285,7.769999980926514
07-17,1.0415633916854858,,,3.2406649589538574,3.66147255897522,4.668408393859863,4.876926898956299,,5.835320472717285,6.47302770614624,7.172685146331787,7.6500000953674325
07-18,,,2.677340269088745,3.259288787841797,3.5886409282684326,4.6614089012146,,5.6973161697387695,5.818307876586914,6.3920021057128915,7.134884834289551,
07-19,,1.753245830535889,2.713197469711304,3.2965378761291504,3.595261812210083,,,5.657136917114258,5.843826770782472,6.337985515594482,7.276637077331543,
07-20,1.0415633916854858,1.753245830535889,2.713197469711304,3.166167020797729,,,4.907551765441895,5.753565311431885,5.9203834533691415,6.337985515594482,,7.670000076293945
07-21,1.0415633916854858,1.753245830535889,2.7729597091674805,,,4.647409915924072,4.98411226272583,5.77767276763916,5.843826770782472,,,8.0
07-22,1.0415633916854858,1.753245830535889,2.778935670852661,,3.66147255897522,4.759396553039551,4.815678119659424,5.77767276763916,,,7.276637077331543,7.940000057220459
07-23,1.0415633916854858,1.835429549217224,,3.1040844917297363,3.714441299438477,4.780394077301025,4.785053730010986,,,6.337985515594482,7.3616886138916025,7.940000057220459
07-24,1.0415633916854858,,,3.172374725341797,3.714441299438477,4.752397060394287,4.823334693908691,,5.801295280456543,6.337985515594482,7.3616886138916025,7.820000171661378
07-25,,,2.737102746963501,3.2096238136291504,3.681335926055908,4.752397060394287,,5.83392333984375,5.894864559173584,6.346988201141357,7.3616886138916025,
07-26,,1.835429549217224,2.719174385070801,3.2220401763916016,3.6879575252532963,,,5.83392333984375,5.945901393890381,6.292970657348633,7.3616886138916025,
07-27,1.0415633916854858,1.835429549217224,2.713197469711304,3.2406649589538574,,,4.853959083557129,5.825887203216553,5.894864559173584,6.382999897003174,,7.820000171661378
07-28,1.0415633916854858,1.835429549217224,2.689292430877685,,,4.766395092010498,4.922863483428955,5.84999418258667,5.869345188140869,,,7.820000171661378
07-29,1.0415633916854858,1.6436681747436523,2.719174385070801,,3.628366708755493,4.836386680603027,4.8922386169433585,5.898208618164063,,,7.2104859352111825,7.820000171661378
07-30,1.0415633916854858,1.6436681747436523,,3.22824764251709,3.608503580093384,4.948371887207031,4.968799591064453,,,6.382999897003174,7.172685146331787,7.820000171661378
07-31,1.0415633916854858,,,3.2158315181732178,3.5820195674896236,4.815390110015869,5.022392272949219,,5.758763790130615,6.3920021057128915,7.125434398651122,7.820000171661378
08-01,,,2.784912347793579,3.1785829067230225,3.6482298374176025,4.79439115524292,,5.898208618164063,5.860839366912843,6.428013324737549,7.125434398651122,
08-02,,1.6436681747436523,2.659412384033203,3.166167020797729,3.595261812210083,,,5.769637107849121,5.869345188140869,6.428013324737549,7.1159844398498535,
08-03,1.0415633916854858,1.6436681747436523,2.659412384033203,3.2158315181732178,,,5.037704944610597,5.769637107849121,5.9203834533691415,6.419011116027832,,7.889999866485597
08-04,1.0415633916854858,1.6436681747436523,2.5697686672210693,,,4.773395538330078,5.053017139434815,5.705350875854492,5.9203834533691415,,,7.889999866485597
08-05,1.119680881500244,1.6436681747436523,2.4920785427093506,,3.595261812210083,4.766395092010498,5.083641052246094,5.705350875854492,,,7.1159844398498535,8.039999961853027
08-06,1.119680881500244,1.6436681747436523,,3.2096238136291504,3.562156438827514,4.815390110015869,4.991767883300781,,,6.428013324737549,7.1159844398498535,8.039999961853027
08-07,1.119680881500244,,,3.2220401763916016,3.562156438827514,4.780394077301025,4.999424457550049,,5.9203834533691415,6.45502233505249,6.794678211212157,7.889999866485597
08-08,,,2.3307209014892583,3.166167020797729,3.595261812210083,4.808389186859131,,5.624994277954102,5.7332444190979,6.446018695831299,6.794678211212157,
08-09,,1.6436681747436523,2.3904829025268555,3.1537504196166988,3.6482298374176025,,,5.657136917114258,5.6396751403808585,6.446018695831299,6.794678211212157,
08-10,1.119680881500244,1.6436681747436523,2.300839424133301,3.08545994758606,,,5.1831698417663565,5.657136917114258,5.648181438446045,6.446018695831299,,8.0
08-11,1.119680881500244,1.8463873863220213,2.300839424133301,,,4.871381759643555,4.915207386016847,5.657136917114258,5.571624755859375,,,8.140000343322754
08-12,1.119680881500244,1.8463873863220213,2.300839424133301,,3.6217463016510014,4.941373348236084,4.899895191192627,5.665173530578612,,,6.794678211212157,8.199999809265138
08-13,1.119680881500244,1.8463873863220213,,3.08545994758606,3.5753982067108154,4.93437385559082,4.8309903144836435,,,6.45502233505249,6.794678211212157,8.199999809265138
08-14,1.119680881500244,,,3.079252004623413,3.641610145568848,4.962370872497559,4.861614227294922,,5.614156246185303,6.382999897003174,6.719076633453369,8.199999809265138
08-15,,,2.4801254272460938,3.08545994758606,3.5687770843505864,4.983367919921875,,5.624994277954102,5.563118934631348,6.3920021057128915,6.662375926971436,
08-16,,1.8463873863220213,2.4801254272460938,3.1040844917297363,3.608503580093384,,,5.624994277954102,5.580131530761719,6.3920021057128915,6.662375926971436,
08-17,1.1457197666168213,1.808035135269165,2.659412384033203,3.0606276988983154,,,4.930520057678223,5.576780319213867,5.563118934631348,6.382999897003174,,8.149999618530272
08-18,1.1457197666168213,1.808035135269165,2.3486487865448,,,5.018362522125244,4.930520057678223,5.560708522796631,5.520586967468262,,,8.25
08-19,1.1457197666168213,1.791598558425903,2.3486487865448,,3.5422933101654053,5.039360046386719,4.899895191192627,5.6008872985839835,,,6.832479000091553,8.189999580383299
08-20,1.1457197666168213,1.791598558425903,,3.0357952117919917,3.529050588607788,5.046360492706299,4.915207386016847,,,6.617072582244872,6.898630619049072,8.189999580383299
08-21,1.1457197666168213,,,3.135125637054444,3.5422933101654053,5.025362491607666,4.708493232727051,,5.6737003326416025,6.617072582244872,7.14433479309082,7.889999866485597
08-22,,,2.4143872261047363,3.1040844917297363,3.6349883079528813,5.018362522125244,,5.6008872985839835,5.571624755859375,6.617072582244872,6.898630619049072,
08-23,,1.7970774173736572,2.4801254272460938,3.1227092742919917,3.5886409282684326,,,5.520529747009277,5.605649948120117,6.166931629180907,6.898630619049072,
08-24,1.1457197666168213,1.7751615047454834,2.5697686672210693,3.110292911529541,,,4.555371284484863,5.5446367263793945,5.622663497924805,6.121918201446532,,7.78000020980835
08-25,1.1457197666168213,1.753245830535889,2.5697686672210693,,,5.060358047485352,4.6242756843566895,5.761600971221924,5.631169319152832,,,7.75
08-26,1.1457197666168213,1.7861192226409912,2.557816982269287,,3.60188364982605,5.039360046386719,4.417561531066895,5.785708427429199,,,6.85137939453125,7.75
08-27,1.1457197666168213,1.7861192226409912,,3.079252004623413,3.628366708755493,5.067357063293457,4.838646411895752,,,6.4100074768066415,6.85137939453125,7.619999885559082
08-28,1.1457197666168213,,,3.1040844917297363,3.5886409282684326,5.074356555938722,4.853959083557129,,5.631169319152832,6.4100074768066415,6.85137939453125,7.510000228881836
08-29,,,2.557816982269287,3.1227092742919917,3.5356714725494385,5.109351634979248,,5.785708427429199,5.911876678466798,6.5000362396240225,6.85137939453125,
08-30,,1.764204025268555,2.510006189346313,3.091668128967285,3.555535078048706,,,5.785708427429199,5.6396751403808585,6.5000362396240225,6.85137939453125,
08-31,1.1457197666168213,1.764204025268555,2.510006189346313,3.141333818435669,,,4.7238054275512695,5.785708427429199,5.835320472717285,6.5090389251708975,,7.449999809265138
09-01,1.1457197666168213,1.764204025268555,2.689292430877685,,,,4.432874202728272,5.496423721313477,5.877851486206055,,,7.4099998474121085
09-02,1.1457197666168213,1.7806402444839478,2.629530906677246,,,5.1303486824035645,4.417561531066895,5.552672863006592,,,,7.78000020980835
09-03,1.2602919340133667,1.7806402444839478,,,3.668093919754028,5.186342239379883,4.287408351898193,,,,6.85137939453125,7.78000020980835
09-04,1.2602919340133667,,,3.0606276988983154,3.707820177078247,5.1933417320251465,4.417561531066895,,,6.5090389251708975,6.85137939453125,7.800000190734862
09-05,,,,3.097876787185669,3.641610145568848,5.24933385848999,,,5.7332444190979,6.301974296569824,6.85137939453125,
09-06,,,2.3606014251708984,3.141333818435669,3.641610145568848,,,5.633030414581299,5.792788505554199,6.157929420471191,7.059282779693604,
09-07,,1.7806402444839478,2.5697686672210693,3.1227092742919917,,,,5.576780319213867,5.792788505554199,6.13092041015625,,
09-08,1.2602919340133667,1.7806402444839478,2.5697686672210693,,,5.074356555938722,4.524747371673584,5.576780319213867,5.860839366912843,,,7.429999828338622
09-09,1.2602919340133667,1.94500732421875,2.5697686672210693,,3.641610145568848,5.018362522125244,4.402250289916992,5.464280605316162,,,7.059282779693604,7.3499999046325675
09-10,1.3123703002929688,1.94500732421875,,3.1289174556732178,3.60188364982605,4.983367919921875,4.3792805671691895,,,6.19394063949585,7.229386329650879,7.3499999046325675
09-11,1.3123703002929688,,,3.141333818435669,3.707820177078247,4.90637731552124,4.386937618255615,,5.869345188140869,6.19394063949585,7.229386329650879,7.300000190734862
09-12,,,2.4801254272460938,3.1289174556732178,3.615125417709351,4.913376331329347,,5.335708618164063,5.8098015785217285,6.19394063949585,7.229386329650879,
09-13,,1.94500732421875,2.52793550491333,3.172374725341797,3.562156438827514,,,5.335708618164063,5.8098015785217285,6.19394063949585,7.2671871185302725,
09-14,1.3123703002929688,1.9669228792190552,2.4801254272460938,3.19720721244812,,,4.471154689788818,5.327673435211182,5.792788505554199,6.220948696136475,,7.480000019073486
09-15,1.3123703002929688,1.972401738166809,2.4801254272460938,,,4.822388648986816,4.4558424949646,5.134815692901611,5.792788505554199,,,7.5900001525878915
09-16,1.3123703002929688,1.972401738166809,2.4801254272460938,,3.595261812210083,4.759396553039551,4.593651294708252,5.06249475479126,,,7.2671871185302725,7.679999828338622
09-17,1.42173433303833,1.972401738166809,,3.091668128967285,3.608503580093384,4.752397060394287,4.6855244636535645,,,6.382999897003174,7.201035499572754,7.679999828338622
09-18,1.42173433303833,,,3.0668354034423833,3.707820177078247,4.689404487609863,4.61661958694458,,5.8098015785217285,6.3920021057128915,7.201035499572754,7.480000019073486
09-19,,,2.510006189346313,3.1599583625793457,3.707820177078247,4.6614089012146,,5.1267805099487305,5.6737003326416025,6.401005268096924,7.3616886138916025,
09-20,,1.972401738166809,2.510006189346313,3.08545994758606,3.694578647613525,,,5.142851829528809,5.6737003326416025,6.355990886688232,7.399489402770996,
09-21,1.42173433303833,2.0710217952728267,2.4980542659759517,3.0730438232421875,,,4.509434700012207,5.142851829528809,5.520586967468262,6.382999897003174,,7.21999979019165
09-22,1.42173433303833,2.0710217952728267,2.3606014251708984,,,4.598416805267334,4.509434700012207,5.27142333984375,5.622663497924805,,,7.309999942779541
09-23,1.42173433303833,2.0710217952728267,2.32474422454834,,3.7343049049377437,4.654409885406494,4.478810787200928,5.263388156890869,,,7.3900394439697275,7.559999942779541
09-24,1.42173433303833,2.0710217952728267,,3.091668128967285,3.707820177078247,4.63341236114502,4.593651294708252,,,6.346988201141357,7.3900394439697275,7.360000133514403
09-25,1.42173433303833,,,3.097876787185669,3.7541692256927486,4.577418804168701,4.547714710235597,,5.529093265533447,6.4100074768066415,7.3900394439697275,7.360000133514403
09-26,,,2.294863700866699,3.1040844917297363,3.707820177078247,4.584418296813965,,5.2312445640563965,5.469549179077148,6.5270442962646475,7.371139049530028,
09-27,,2.0710217952728267,2.4203639030456543,3.116501569747925,3.6747150421142583,,,5.2312445640563965,5.48656177520752,6.5270442962646475,7.371139049530028,
09-28,1.42173433303833,2.0710217952728267,2.408411026000977,3.091668128967285,,,4.608964443206787,5.34374475479126,5.4355244636535645,6.55405330657959,,7.429999828338622
09-29,1.42173433303833,2.0710217952728267,2.4203639030456543,,,4.507428169250488,4.4558424949646,5.2232093811035165,5.520586967468262,,,7.519999980926514
09-30,1.42173433303833,2.0710217952728267,2.3964591026306152,,3.66147255897522,4.570420742034912,4.532403945922852,5.34374475479126,,,7.29553747177124,7.519999980926514
10-01,1.42173433303833,2.0710217952728267,,3.1289174556732178,3.641610145568848,4.493430137634277,4.654900550842285,,,6.45502233505249,7.29553747177124,7.53000020980835
10-02,1.42173433303833,,,3.1040844917297363,3.707820177078247,4.556422233581543,4.601308822631836,,5.631169319152832,6.45502233505249,7.078183174133301,7.53000020980835
10-03,,,2.2888867855072017,3.079252004623413,3.7475469112396236,4.500429153442383,,5.2232093811035165,5.529093265533447,6.45502233505249,7.078183174133301,
10-04,,2.092937469482422,2.2829105854034424,3.0730438232421875,3.760789632797241,,,5.054459095001222,5.418511867523193,6.301974296569824,7.078183174133301,
10-05,1.42173433303833,2.164163112640381,2.4203639030456543,3.079252004623413,,,4.823334693908691,4.998208522796631,5.418511867523193,6.319979667663574,,7.53000020980835
10-06,1.42173433303833,2.164163112640381,2.4203639030456543,,,4.507428169250488,4.823334693908691,4.9419593811035165,5.418511867523193,,,7.46999979019165
10-07,1.42173433303833,2.164163112640381,2.4323160648345947,,3.740926504135132,4.500429153442383,4.945831775665283,4.877673625946045,,,7.078183174133301,7.46999979019165
10-08,1.468604564666748,2.136768102645874,,3.0668354034423833,3.6482298374176025,4.619414806365967,4.838646411895752,,,6.319979667663574,7.14433479309082,7.679999828338622
10-09,1.468604564666748,,,3.1227092742919917,3.701199769973755,4.493430137634277,5.0606727600097665,,5.358968257904053,6.319979667663574,7.163235187530518,7.690000057220459
10-10,,,2.551840305328369,3.1040844917297363,3.727683782577514,4.437437057495117,,4.958031177520752,5.358968257904053,6.319979667663574,7.163235187530518,
10-11,,2.136768102645874,2.4143872261047363,3.2096238136291504,3.767410755157471,,,4.837495803833008,5.444030284881592,6.319979667663574,7.163235187530518,
10-12,1.4738122224807741,2.1422472000122066,2.587697505950928,3.172374725341797,,,5.053017139434815,4.861602306365967,5.444030284881592,6.292970657348633,,7.690000057220459
10-13,1.4738122224807741,2.1422472000122066,2.5697686672210693,,,4.5214266777038565,4.945831775665283,4.821423530578613,5.588637351989746,,,7.690000057220459
10-14,1.5363060235977173,2.186078786849976,2.6534359455108643,,3.7541692256927486,4.444436550140381,4.922863483428955,4.821423530578613,,,7.002581596374513,7.690000057220459
10-15,1.5363060235977173,2.186078786849976,,3.166167020797729,3.740926504135132,4.507428169250488,4.9534878730773935,,,6.184937477111816,7.229386329650879,7.75
10-16,1.5363060235977173,,,3.19720721244812,3.740926504135132,4.507428169250488,4.976456642150879,,5.588637351989746,6.256959915161133,7.201035499572754,7.75
10-17,,,2.5996499061584477,3.22824764251709,3.767410755157471,4.598416805267334,,4.829460144042969,5.529093265533447,6.202943325042725,7.276637077331543,
10-18,,2.218951940536499,2.629530906677246,3.2034151554107666,3.873348474502564,,,4.829460144042969,5.605649948120117,6.202943325042725,7.276637077331543,
10-19,1.5258903503417969,2.153205394744873,2.659412384033203,3.135125637054444,,,4.884582996368408,4.829460144042969,5.622663497924805,6.2479567527771,,7.75
10-20,1.5258903503417969,2.153205394744873,2.629530906677246,,,4.549422740936278,4.976456642150879,4.885709285736084,5.6737003326416025,,,7.8400001525878915
10-21,1.5258903503417969,2.164163112640381,2.7072217464447017,,3.8865907192230233,4.654409885406494,4.976456642150879,4.91785192489624,,,7.276637077331543,7.8400001525878915
10-22,1.5363060235977173,2.164163112640381,,3.2034151554107666,3.899833202362061,4.640410900115967,5.014737129211426,,,6.139924049377441,7.276637077331543,7.8400001525878915
10-23,1.5363060235977173,,,3.1785829067230225,3.820379018783569,4.612414360046387,5.106609344482422,,5.6737003326416025,6.004880905151367,7.286087512969972,7.8400001525878915
10-24,,,2.778935670852661,3.2096238136291504,3.7740321159362793,4.682406425476074,,4.91785192489624,5.656687736511231,6.004880905151367,7.550692081451416,
10-25,,2.153205394744873,2.7490556240081787,3.22824764251709,3.740926504135132,,,4.949995040893555,5.631169319152832,5.986875534057617,7.44674015045166,
10-26,1.5363060235977173,2.153205394744873,2.719174385070801,3.2158315181732178,,,5.030048847198486,4.949995040893555,5.546105861663818,5.986875534057617,,7.539999961853027
10-27,1.4842281341552734,2.153205394744873,2.8984594345092773,,,4.780394077301025,5.030048847198486,4.949995040893555,5.5120811462402335,,,7.460000038146973
10-28,1.4842281341552734,2.147726535797119,2.808817148208618,,3.8336210250854488,4.787392616271973,5.007080078125,4.821423530578613,,,7.522341728210449,7.460000038146973
10-29,1.4842281341552734,2.147726535797119,,,3.7541692256927486,4.780394077301025,4.945831775665283,,,5.986875534057617,7.522341728210449,7.4099998474121085
10-30,1.4842281341552734,,,,3.7541692256927486,4.773395538330078,4.999424457550049,,5.546105861663818,5.932858467102051,7.286087512969972,7.4000000953674325
10-31,,,2.7968642711639404,3.339995861053467,3.840242624282837,4.8293867111206055,,4.78124475479126,5.546105861663818,5.932858467102051,7.484540939331055,
11-01,,2.147726535797119,2.7490556240081787,3.383452892303467,3.7541692256927486,,,4.78124475479126,5.588637351989746,6.166931629180907,7.560142517089844,
11-02,1.4842281341552734,2.147726535797119,2.629530906677246,3.30895471572876,,,4.999424457550049,4.8133883476257315,5.588637351989746,6.166931629180907,,7.4000000953674325
11-03,1.4842281341552734,2.147726535797119,2.7490556240081787,,,4.843385696411133,5.091297149658203,4.821423530578613,5.580131530761719,,,7.619999885559082
11-04,1.4842281341552734,2.147726535797119,2.7669835090637207,,3.707820177078247,4.843385696411133,5.007080078125,4.78124475479126,,,7.427839756011963,7.619999885559082
11-05,1.4842281341552734,2.147726535797119,,3.35241174697876,3.767410755157471,4.766395092010498,4.884582996368408,,,6.238954067230225,7.427839756011963,7.869999885559082
11-06,1.4842281341552734,,,3.383452892303467,3.82699990272522,4.787392616271973,4.8922386169433585,,5.843826770782472,6.238954067230225,7.427839756011963,7.869999885559082
11-07,,,2.76100754737854,3.377244234085083,3.8336210250854488,4.878381729125977,,4.78124475479126,5.8098015785217285,6.211945533752441,7.427839756011963,
11-08,,2.147726535797119,2.689292430877685,3.364827871322632,3.8071367740631104,,,4.78124475479126,5.8098015785217285,5.7077879905700675,7.201035499572754,
11-09,1.4842281341552734,2.3285298347473145,2.7012453079223637,3.426909685134888,,,4.8922386169433585,4.90178108215332,5.911876678466798,5.7347965240478525,,7.869999885559082
11-10,1.4842281341552734,2.301135778427124,2.719174385070801,,,4.871381759643555,4.677868366241455,4.700888633728027,5.860839366912843,,,7.869999885559082
11-11,1.4842281341552734,2.301135778427124,2.790888786315918,,3.820379018783569,4.892378807067871,4.739117622375488,4.491960048675537,,,7.1915855407714835,7.739999771118164
11-12,1.4842281341552734,2.301135778427124,,3.426909685134888,3.800516366958618,4.941373348236084,4.6855244636535645,,,5.815821647644043,7.1915855407714835,7.739999771118164
11-13,1.4842281341552734,,,3.414493560791016,3.760789632797241,4.948371887207031,4.6855244636535645,,5.860839366912843,5.878841876983643,7.040382385253906,
11-14,,,2.6833171844482417,3.3462035655975337,3.7343049049377437,4.871381759643555,,4.580352306365967,5.78428316116333,5.941861152648926,7.040382385253906,
11-15,,2.301135778427124,2.6833171844482417,3.339995861053467,3.7740321159362793,,,4.499995231628418,5.775776386260986,5.941861152648926,7.040382385253906,
11-16,1.4842281341552734,2.301135778427124,2.689292430877685,3.383452892303467,,,4.700836658477783,4.395531177520752,5.8863582611083975,5.941861152648926,,
11-17,1.4842281341552734,2.301135778427124,2.7251505851745605,,,4.8293867111206055,4.838646411895752,4.596423149108887,5.741751670837402,,,
11-18,1.4842281341552734,2.1422472000122066,2.7490556240081787,,3.7343049049377437,4.836386680603027,4.907551765441895,4.516066551208496,,,7.040382385253906,
11-19,1.4842281341552734,2.213473320007324,,3.364827871322632,3.780652284622192,4.79439115524292,5.045360565185547,,,5.878841876983643,7.153785228729247,
11-20,1.4842281341552734,,,3.4455342292785645,3.780652284622192,4.79439115524292,5.083641052246094,,5.6396751403808585,5.5817484855651855,7.153785228729247,
11-21,,,2.689292430877685,3.4889907836914062,3.7210636138916016,4.787392616271973,,4.55624532699585,5.656687736511231,5.5817484855651855,6.908080577850343,
11-22,,2.213473320007324,2.713197469711304,,3.7475469112396236,,,4.508031368255615,5.682207107543945,,6.974231243133545,
11-23,1.4842281341552734,2.213473320007324,2.605626106262207,3.4889907836914062,,,5.053017139434815,4.524102687835693,,5.5817484855651855,,
11-24,1.4842281341552734,2.213473320007324,,,,4.766395092010498,5.022392272949219,,5.860839366912843,,,
11-25,1.4842281341552734,,2.5996499061584477,,3.740926504135132,4.738398551940918,5.014737129211426,4.612495422363281,,,6.983681201934815,
11-26,,2.213473320007324,,3.5138235092163086,3.7343049049377437,4.745398044586182,,,,5.851832866668701,6.983681201934815,
11-27,1.4842281341552734,,,3.5634894371032715,3.707820177078247,,4.945831775665283,,5.801295280456543,5.815821647644043,6.983681201934815,
11-28,,,2.689292430877685,3.6069469451904297,,4.696404933929443,,4.700888633728027,5.869345188140869,5.923855781555176,,
11-29,,2.0545854568481445,2.7430787086486816,3.551072835922241,3.694578647613525,,,4.700888633728027,5.869345188140869,6.004880905151367,6.983681201934815,
11-30,1.4842281341552734,2.136768102645874,2.9283409118652344,3.6566123962402335,,,4.8922386169433585,4.700888633728027,5.9629154205322275,6.004880905151367,,
12-01,1.4842281341552734,2.136768102645874,2.8566269874572754,,,4.63341236114502,4.899895191192627,4.684816360473633,5.9629154205322275,,,
12-02,1.4842281341552734,2.136768102645874,2.8685789108276367,,3.714441299438477,4.6614089012146,4.7697410583496085,4.55624532699585,,,7.030932426452638,
12-03,1.4842281341552734,2.136768102645874,,3.637986898422241,3.681335926055908,4.843385696411133,4.7697410583496085,,,5.82482385635376,6.955330848693848,
12-04,1.4842281341552734,,,3.5634894371032715,3.6747150421142583,4.752397060394287,4.731461524963379,,5.988433837890625,5.82482385635376,6.955330848693848,
12-05,,,2.886507749557495,3.6566123962402335,3.6482298374176025,4.752397060394287,,4.580352306365967,6.03947114944458,,6.908080577850343,
12-06,,2.136768102645874,2.892483949661255,3.6876528263092037,3.707820177078247,,,4.652674198150635,6.03947114944458,5.7347965240478525,6.908080577850343,
12-07,1.4842281341552734,2.1312899589538574,2.8984594345092773,3.7062773704528813,,,4.6855244636535645,4.684816360473633,5.945901393890381,5.851832866668701,,
12-08,1.4842281341552734,2.1312899589538574,2.820769786834717,,,4.752397060394287,4.670212745666504,4.757138729095459,5.707725524902344,,,
12-09,1.4842281341552734,2.213473320007324,2.778935670852661,,3.727683782577514,4.619414806365967,4.601308822631836,4.757138729095459,,,7.049832820892334,
12-10,1.4842281341552734,2.213473320007324,,3.6441957950592037,3.7343049049377437,4.60541582107544,4.6242756843566895,,,5.63576602935791,7.049832820892334,
12-11,1.4842281341552734,,,3.7559430599212646,3.66147255897522,4.4164395332336435,4.524747371673584,,5.656687736511231,5.6807799339294425,7.14433479309082,
12-12,,,2.778935670852661,3.7931914329528813,3.654851913452149,4.059484958648682,,4.877673625946045,5.614156246185303,5.7077879905700675,7.14433479309082,
12-13,,2.213473320007324,2.755030870437622,3.7373178005218506,3.6879575252532963,,,4.877673625946045,5.614156246185303,5.6717772483825675,7.14433479309082,
12-14,1.4842281341552734,2.213473320007324,2.7669835090637207,3.7559430599212646,,,4.517090320587158,5.054459095001222,5.631169319152832,5.6717772483825675,,
12-15,1.562345266342163,2.213473320007324,2.7490556240081787,,,4.464621543884277,4.532403945922852,4.8535661697387695,5.631169319152832,,,
12-16,1.5415139198303225,2.213473320007324,2.8327214717864986,,3.7343049049377437,4.48654317855835,4.601308822631836,4.837495803833008,,,7.304987907409668,
12-17,1.577968955039978,2.213473320007324,,3.7373178005218506,3.6482298374176025,4.676526546478272,4.6242756843566895,,,5.7077879905700675,7.229386329650879,
12-18,1.6144236326217651,,,3.7931914329528813,3.5820195674896236,4.632683753967285,4.708493232727051,,5.631169319152832,5.572745800018311,7.229386329650879,
12-19,,,2.689292430877685,3.749733686447144,3.608503580093384,4.523077487945557,,4.90178108215332,5.571624755859375,5.572745800018311,7.4183897972106925,
12-20,,2.213473320007324,2.814793586730957,3.7373178005218506,3.66147255897522,,,4.885709285736084,5.614156246185303,5.572745800018311,7.4183897972106925,
12-21,1.56755268573761,2.2408678531646733,2.8327214717864986,3.5310096740722656,,,4.6472439765930185,5.183030128479004,5.690713882446289,5.4196977615356445,,
12-22,1.56755268573761,2.2408678531646733,2.8028409481048584,,,4.614317893981934,4.853959083557129,4.990173816680908,5.614156246185303,,,
12-23,1.5363060235977173,2.3481056690216064,2.820769786834717,,3.6314973831176762,4.4797024726867685,4.731461524963379,4.91785192489624,,,7.654644966125487,
12-24,1.5363060235977173,,,3.620564222335816,3.679190397262573,4.434830188751222,4.777398109436035,,,5.338672637939453,7.654644966125487,
12-26,,,,3.5757875442504883,3.699630498886109,4.389958381652832,,,5.622663497924805,5.374683856964111,7.654644966125487,
12-27,,2.3308820724487305,2.838698387145996,3.6013741493225098,3.679190397262573,,,4.982137680053711,5.656687736511231,5.374683856964111,7.560142517089844,
12-28,1.5363060235977173,2.3308820724487305,2.886798858642578,3.6973259449005127,,,4.6625566482543945,4.982137680053711,5.717571258544923,5.440262317657472,,
12-29,1.5363060235977173,2.3308820724487305,2.8805911540985107,,,4.427352428436278,4.895997524261475,5.01259183883667,5.7087883949279785,,,
12-30,1.5363060235977173,2.3308820724487305,2.9054231643676762,,3.692817211151123,4.576923847198486,4.888164043426514,5.037283897399902,,,7.7539920806884775,
12-31,1.5363060235977173,2.3308820724487305,,3.7165160179138175,3.6178705692291264,4.6367530822753915,4.895997524261475,,,5.514153957366943,7.7539920806884775,
