,2010,2011,2012,2013,2014,2015,2016,2017,2018,2019,2020
01-02,,,,34.94579696655273,22.664825439453125,28.33842849731445,,,64.29201507568361,60.28989791870117,78.08558654785156
01-03,,32.96145248413086,26.215614318847656,35.23889923095703,23.13231658935547,,,41.63611221313477,63.35303497314453,60.90251922607422,76.53257751464844
01-04,,31.78704643249512,25.97399711608887,35.272396087646484,,,31.64022827148437,41.64551544189453,63.35303497314453,60.90251922607422,
01-05,,31.458215713500977,25.40216827392578,,,28.518693923950195,30.93035125732422,42.29417037963867,63.35303497314453,,
01-06,,31.93581199645996,24.967254638671875,,22.81199836730957,28.59981346130371,30.63533592224121,42.63259506225586,,,78.34276580810547
01-07,,31.66960906982422,,35.08816146850586,23.028432846069336,28.61784362792969,29.49215888977051,,,60.494102478027344,78.34276580810547
01-08,,,,34.585704803466804,23.10634803771973,29.311880111694336,29.224802017211914,,63.35303497314453,60.494102478027344,78.34276580810547
01-09,,,24.90282249450684,35.30590057373047,23.07171630859375,29.38398742675781,,43.685489654541016,64.91481781005861,64.57826232910156,78.34276580810547
01-10,,30.65180015563965,25.08000373840332,35.866973876953125,23.26218032836914,,,44.39054870605469,64.32075500488281,64.57826232910156,78.34276580810547
01-11,,31.53650665283203,24.51622772216797,35.53199768066406,,,29.19714736938477,44.39054870605469,64.32075500488281,64.57826232910156,
01-12,,31.94363594055176,24.322940826416016,,,29.771568298339844,29.46450233459473,44.51276016235352,64.32075500488281,,
01-13,,32.389907836914055,23.968564987182614,,23.314119338989254,29.33891677856445,30.08219146728516,44.85119247436523,,,79.242919921875
01-14,,32.021923065185554,,35.62411117553711,23.07171630859375,29.05048751831055,29.78717613220215,,,64.57826232910156,79.242919921875
01-15,,,,35.73297500610352,23.01977157592773,29.71748924255371,28.11850166320801,,,64.74356842041016,79.242919921875
01-16,,,,36.10982131958008,22.76005744934082,29.158647537231445,,,64.32075500488281,64.74356842041016,79.242919921875
01-17,,,24.757850646972656,36.23542785644531,22.344501495361328,,,44.85119247436523,64.26326751708984,65.61875152587889,82.79405975341797
01-18,,30.925819396972656,25.12833595275879,36.02607727050781,,,,43.64788436889648,62.8452033996582,65.61875152587889,
01-19,,31.35643768310547,25.474653244018555,,,,29.51059913635254,43.64788436889648,62.99851608276367,,
01-20,,30.416912078857425,25.48270606994629,,,28.96035575866699,29.722637176513672,45.02040100097656,,,
01-21,,30.808387756347656,,,22.73408508300781,29.78058433532715,30.644554138183594,,,,82.79405975341797
01-22,,,,35.523624420166016,22.985145568847656,29.104570388793945,31.225364685058594,,62.74938583374024,65.61875152587889,82.79405975341797
01-23,,,25.53103065490723,35.49011993408203,22.69945526123047,29.13160896301269,,45.02040100097656,62.96018600463867,65.61875152587889,82.79405975341797
01-24,,30.69094467163086,25.788753509521484,35.19701766967773,21.556686401367188,,,45.02040100097656,65.77715301513672,65.61875152587889,80.3705825805664
01-25,,30.53435707092285,25.740434646606445,35.66598129272461,,,30.70909309387207,45.02040100097656,65.43222045898439,65.61875152587889,
01-26,,31.278139114379886,26.014263153076172,,,29.104570388793945,30.893474578857425,44.700775146484375,65.70050048828125,,
01-27,,30.557846069335934,25.708213806152344,,21.66057777404785,29.438068389892575,30.62612152099609,44.700775146484375,,,76.53257751464844
01-28,,30.10375022888184,,35.54037475585937,21.902978897094727,29.02345085144043,31.354433059692386,,,67.51495361328125,76.53257751464844
01-29,,,,35.88371658325195,21.859691619873047,28.879234313964844,30.690656661987305,,66.04543304443361,66.77592468261719,76.53257751464844
01-30,,,25.885406494140625,35.43988800048828,21.954923629760746,28.83416557312012,,44.700775146484375,66.04543304443361,66.77592468261719,76.53257751464844
01-31,,30.025449752807614,25.61156845092773,35.33938217163086,21.686546325683594,,,44.38114547729492,66.04543304443361,66.77592468261719,78.98573303222656
02-01,,30.581336975097656,25.57935333251953,35.465003967285156,,,30.690656661987305,44.38114547729492,66.04543304443361,66.77592468261719,
02-02,,30.65180015563965,25.2491397857666,,,29.34793472290039,30.736751556396484,44.38114547729492,66.16041564941406,,
02-03,,30.808387756347656,25.474653244018555,,21.52205848693848,29.51017951965332,31.24380111694336,44.38114547729492,,,78.98573303222656
02-04,,31.39558982849121,,34.94579696655273,21.5913200378418,29.73551750183105,31.022544860839844,,,68.11785888671875,78.98573303222656
02-05,,,,31.947813034057614,21.91163825988769,30.30336570739746,29.989994049072266,,65.25016021728516,68.11785888671875,78.98573303222656
02-06,,,25.08000373840332,30.331573486328125,22.43107795715332,30.366456985473636,,44.38114547729492,63.688392639160156,68.11785888671875,82.01261901855469
02-07,,31.16069793701172,27.278738021850586,29.653263092041016,22.38779067993164,,,44.38114547729492,64.96273040771484,68.11785888671875,82.01261901855469
02-08,,31.23899269104004,27.13376426696777,30.26458549499512,,,29.989994049072266,44.38114547729492,64.96273040771484,68.11785888671875,
02-09,,30.573501586914066,27.367328643798828,,,30.73600959777832,29.37231254577637,47.17318344116211,62.24156951904297,,
02-10,,30.338623046875,26.62636756896973,,22.73408508300781,30.40251350402832,29.75029754638672,47.17318344116211,,,81.11246490478516
02-11,,31.513023376464844,,30.540943145751953,21.31428337097168,29.89775657653809,33.659225463867195,,,68.11785888671875,78.30320739746094
02-12,,,,30.66654396057129,21.816410064697266,31.042465209960934,33.622360229492195,,62.24156951904297,67.62193298339844,77.73937225341797
02-13,,,26.223669052124023,30.54931259155273,21.496089935302734,31.12359046936035,,47.17318344116211,62.24156951904297,67.62193298339844,76.16658020019531
02-14,,31.826194763183594,26.135072708129886,30.52418327331543,21.747150421142575,,,47.17318344116211,62.24156951904297,67.36909484863281,76.16658020019531
02-15,,31.35643768310547,26.239776611328125,30.79216957092285,,,,45.7254638671875,62.24156951904297,67.36909484863281,
02-16,,31.826194763183594,26.46528625488281,,,,34.73787307739258,45.7254638671875,65.61427307128906,,
02-17,,32.021923065185554,25.708213806152344,,,31.511173248291016,34.69177627563477,45.7254638671875,,,
02-18,,32.10022735595703,,,21.643259048461914,32.241268157958984,34.69177627563477,,,,75.92918395996094
02-19,,,,31.04338836669922,21.56534767150879,32.14210891723633,34.35988235473633,,,67.36909484863281,83.48648834228516
02-20,,,,30.440444946289066,22.41376304626465,32.313369750976555,,,65.61427307128906,67.36909484863281,78.36255645751953
02-21,,,27.0210075378418,30.04685211181641,22.54361915588379,,,47.00396347045898,67.31018829345703,67.36909484863281,78.36255645751953
02-22,,32.20493698120117,26.25588035583496,30.826251983642575,,,34.35988235473633,47.00396347045898,67.64554595947266,58.70485305786133,
02-23,,31.689342498779297,26.615800857543945,,,32.33139419555664,34.286136627197266,47.00396347045898,67.64554595947266,,
02-24,,30.8961124420166,26.747276306152344,,23.01111221313477,32.259292602539055,34.267696380615234,47.00396347045898,,,78.36255645751953
02-25,,31.3006534576416,,30.885944366455078,22.638851165771484,32.98037338256836,34.56270980834961,,,58.70485305786133,70.37989807128906
02-26,,,,30.30608558654785,22.75139808654785,32.097042083740234,34.56270980834961,,67.64554595947266,59.75506973266602,69.7369384765625
02-27,,,26.53363037109375,31.073545455932614,22.56093597412109,31.862703323364254,,47.00396347045898,67.64554595947266,59.75506973266602,66.73973083496094
02-28,,31.49102783203125,26.771930694580078,30.84330177307129,22.638851165771484,,,47.00396347045898,67.64554595947266,58.47147750854492,65.96817779541016
02-29,,,27.1170597076416,,,,33.66845321655273,,,,
03-01,,31.213394165039066,26.55828285217285,30.399885177612305,,,34.05565643310547,47.5680160522461,67.64554595947266,59.38554763793945,
03-02,,32.48255157470703,26.08989524841309,,,31.57138061523437,34.66411590576172,47.5680160522461,67.02274322509766,,66.05719757080078
03-03,,32.522216796875,,,22.554723739624023,31.489450454711914,35.06976318359375,46.844154357910156,,,69.49953460693361
03-04,,32.522216796875,,30.621597290039066,22.7141227722168,31.616901397705078,35.466182708740234,,,59.89120864868164,69.49953460693361
03-05,,,25.83515930175781,30.8688907623291,22.82038688659668,31.462141036987305,,,67.02274322509766,59.89120864868164,67.372802734375
03-06,,,25.16134262084961,30.72391700744629,23.04177284240723,31.12530517578125,,45.78186416625977,67.02274322509766,60.16347885131836,65.57250213623047
03-07,,32.323909759521484,25.03807830810547,30.544841766357425,22.91779518127441,,35.751976013183594,45.78186416625977,67.02274322509766,60.16347885131836,
03-08,,32.680858612060554,25.18599510192871,30.71539688110352,,,35.50882339477539,45.99808120727539,67.02274322509766,60.16347885131836,
03-09,,32.760181427001946,25.268165588378906,,,31.006954193115234,35.87230682373047,45.99808120727539,71.04698944091797,,62.31811141967773
03-10,,31.959026336669922,,,23.059484481811523,30.651914596557614,35.87230682373047,45.99808120727539,,,62.9412956237793
03-11,,31.84797477722168,,30.74098014831543,22.590150833129886,30.73384666442871,36.31965255737305,,,60.64968872070313,59.58798599243164
03-12,,,24.58613204956055,30.911529541015625,22.891231536865234,31.962839126586914,,,71.78477478027344,60.64968872070313,52.594505310058594
03-13,,,24.93947792053223,30.48515892028809,23.02406311035156,31.07068252563477,,47.74568557739258,71.23861694335938,61.43735122680664,67.92674255371094
03-14,,31.72899436950684,25.259950637817386,30.59601783752441,23.01520538330078,,34.99623489379883,47.74568557739258,71.85183715820312,61.46652221679688,
03-15,,32.522216796875,25.27638435363769,30.71539688110352,,,34.99623489379883,47.74568557739258,72.36923217773438,61.46652221679688,
03-16,,30.499492645263672,25.046300888061523,,,31.25275039672852,35.32242965698242,47.74568557739258,72.90300750732422,,52.75277709960938
03-17,,30.69780540466309,,,23.05063056945801,31.10709571838379,35.32242965698242,47.74568557739258,,,50.12156677246094
03-18,,31.22132682800293,,30.68981742858887,23.103759765625,32.56367874145508,35.163986206054695,,,61.46652221679688,47.10457992553711
03-19,,,25.47360038757324,30.28903579711914,22.7141227722168,31.74435234069824,,,71.7737045288086,61.46652221679688,48.172889709472656
03-20,,,24.684743881225586,30.24639320373535,22.722978591918945,32.90961456298828,,47.74568557739258,71.7737045288086,61.46652221679688,46.38248062133789
03-21,,30.77712821960449,24.791561126708984,29.982046127319336,23.652795791625977,,35.163986206054695,47.74568557739258,71.7737045288086,61.26231384277344,
03-22,,31.25305557250977,24.306743621826172,29.811504364013672,,,35.01487350463867,47.74568557739258,71.7737045288086,61.8048210144043,
03-23,,32.20493698120117,24.85730361938477,,,32.80947494506836,34.781875610351555,47.74568557739258,69.157958984375,,43.93999862670898
03-24,,32.363571166992195,,,23.11261558532715,32.87320327758789,34.781875610351555,47.74568557739258,,,50.099998474121094
03-25,,32.680858612060554,,29.2657527923584,23.14803695678711,33.064380645751946,,,,61.8048210144043,50.20000076293945
03-26,,,24.98056411743164,29.495990753173828,23.334003448486328,32.18132781982422,,,69.157958984375,61.608619689941406,56.0
03-27,,,25.63794708251953,30.47663688659668,23.36056327819824,32.09939193725586,,47.74568557739258,69.157958984375,61.608619689941406,52.02000045776367
03-28,,32.688796997070305,25.12025451660156,30.365779876708984,23.50225257873535,,35.73250961303711,47.74568557739258,69.157958984375,60.87284469604492,
03-29,,33.315444946289055,25.86802864074707,,,,35.73250961303711,49.52178573608398,67.15995788574219,61.33393096923828,
03-30,,33.75171661376953,26.50075912475586,,,31.53496742248535,36.123931884765625,49.52178573608398,,,56.9000015258789
03-31,,33.831043243408196,,,23.387134552001953,31.207233428955078,36.58061599731445,49.52178573608398,,,59.4900016784668
04-01,,34.26731109619141,,30.34019470214844,23.36942481994629,31.90821647644043,36.347618103027344,,,60.863037109375,59.4900016784668
04-02,,,26.27067375183105,29.41072082519531,23.21002578735352,31.47124481201172,,,67.26612854003906,61.45165252685547,56.97999954223633
04-03,,,26.17207145690918,28.95876884460449,23.086050033569336,,,49.52178573608398,67.26612854003906,61.45165252685547,54.68000030517578
04-04,,34.227649688720696,26.27889442443848,29.07814979553223,23.670507431030273,,36.347618103027344,48.7524642944336,67.26612854003906,61.45165252685547,
04-05,26.41773796081543,34.465621948242195,26.29532814025879,28.54093360900879,,,36.347618103027344,48.81894302368164,67.44951629638672,61.45165252685547,
04-06,26.41773796081543,35.21918869018555,,,,31.63510513305664,35.49950408935547,49.54078674316406,67.44951629638672,,60.02000045776367
04-07,26.41773796081543,35.10020065307617,,,23.581951141357425,32.12670135498047,35.49950408935547,49.59777450561523,,,57.36000061035156
04-08,26.41773796081543,35.457149505615234,,28.114564895629886,23.80333709716797,31.84449005126953,35.49950408935547,,,59.7348518371582,57.709999084472656
04-09,26.41773796081543,,26.254247665405273,28.43859672546387,24.37894058227539,31.53496742248535,,,68.06725311279297,59.87219619750977,60.34000015258789
04-10,,,25.67902946472168,28.40449523925781,24.1309871673584,31.56227684020996,,49.59777450561523,68.06725311279297,59.87219619750977,
04-11,,34.981212615966804,25.92555046081543,28.114564895629886,23.56424331665039,,36.20782470703125,48.80945205688477,68.06725311279297,59.87219619750977,
04-12,26.41773796081543,34.30697631835937,26.673322677612305,27.33004951477051,,,36.20782470703125,48.80945205688477,67.43987274169922,59.87219619750977,
04-13,26.41773796081543,35.02880477905273,26.19672203063965,,,31.28916931152344,36.52469253540039,49.331825256347656,67.43987274169922,,60.27000045776367
04-14,26.41773796081543,34.465621948242195,,,23.61737632751465,31.616901397705078,37.139808654785156,,,,63.5
04-15,26.41773796081543,34.24351119995117,,26.40909767150879,23.35170936584473,31.59869766235352,37.55920791625977,,,58.361412048339844,62.099998474121094
04-16,26.41773796081543,,26.459672927856445,26.69050598144531,23.812196731567386,32.17221069335937,,,67.15029907226561,63.71782684326172,61.52999877929688
04-17,,,26.747276306152344,26.1959171295166,23.652795791625977,31.371103286743164,,49.331825256347656,69.10970306396484,63.71782684326172,61.25
04-18,,34.38629531860352,26.393932342529297,26.2556095123291,,,37.93199920654297,49.13237380981445,71.29109191894531,63.71782684326172,
04-19,26.41773796081543,34.465621948242195,26.574716567993164,27.36416435241699,,,38.192955017089844,49.13237380981445,71.29109191894531,,
04-20,26.41773796081543,35.34610366821289,26.64867210388184,,,30.970542907714844,38.192955017089844,49.13237380981445,71.29109191894531,,59.33000183105469
04-21,26.41773796081543,35.417484283447266,,,23.785627365112305,31.198137283325195,38.192955017089844,49.13237380981445,,,56.79999923706055
04-22,26.41773796081543,,,27.96960258483887,24.086711883544922,31.07068252563477,38.21159362792969,,,63.71782684326172,58.4900016784668
04-23,26.41773796081543,,26.4678897857666,28.67737007141113,23.57309913635254,31.48034477233887,,,71.29109191894531,63.71782684326172,57.86000061035156
04-24,,,26.895193099975586,28.65178108215332,23.67936515808105,31.43482780456543,,49.84471130371094,71.29109191894531,61.93235778808594,57.86000061035156
04-25,,35.33816146850586,27.44575309753418,28.78822135925293,23.643939971923828,,38.21159362792969,49.84471130371094,71.29109191894531,61.93235778808594,
04-26,26.41773796081543,35.81410598754883,27.27318382263184,28.600622177124023,,,38.21159362792969,49.84471130371094,71.29109191894531,62.57983779907226,
04-27,26.41773796081543,35.139862060546875,27.56900787353516,,,31.73524284362793,37.139808654785156,49.84471130371094,71.0884017944336,,59.29999923706055
04-28,26.41773796081543,35.457149505615234,,,23.776769638061523,31.73524284362793,37.20504760742188,49.84471130371094,,,60.5
04-29,26.41773796081543,35.10020065307617,,29.01846122741699,23.519962310791016,30.5335693359375,37.20504760742188,,,62.57983779907226,60.06000137329102
04-30,26.41773796081543,,27.963436126708984,28.992876052856445,24.184120178222656,29.83259201049805,,,71.0884017944336,62.57983779907226,60.540000915527344
05-01,,,27.58544540405273,28.737060546875,23.953880310058594,29.72334289550781,,49.84471130371094,71.0884017944336,65.24823760986328,57.93999862670898
05-02,,35.33816146850586,27.98808670043945,28.34479904174805,23.998159408569336,,38.85466766357422,49.84471130371094,71.0884017944336,65.72894287109375,
05-03,26.41773796081543,34.50527191162109,27.36357688903809,28.7967529296875,,,38.96651077270508,49.84471130371094,70.9050064086914,66.61186981201172,
05-04,26.41773796081543,34.743247985839844,27.32248878479004,,,29.941835403442386,38.96651077270508,49.84471130371094,70.9050064086914,,58.790000915527344
05-05,26.41773796081543,34.30697631835937,,,24.3258056640625,29.75065612792969,38.49119186401367,49.84471130371094,,,58.9900016784668
05-06,26.41773796081543,34.92568588256836,,28.69442367553711,24.618038177490234,29.81438446044922,38.21159362792969,,,65.89571380615234,58.72000122070313
05-07,26.41773796081543,,26.83766746520996,29.163429260253906,24.290388107299805,29.058780670166016,,,70.9050064086914,65.89571380615234,60.5099983215332
05-08,,,26.4432373046875,29.67506599426269,24.502914428710934,29.17712593078613,,50.31010818481445,70.9050064086914,65.89571380615234,59.59000015258789
05-09,,35.21918869018555,26.66510772705078,29.709171295166016,24.352375030517575,,38.21159362792969,50.31010818481445,70.9050064086914,66.63148498535156,
05-10,26.41773796081543,34.70359039306641,27.4046573638916,29.99057006835937,,,38.21159362792969,50.31010818481445,70.9050064086914,66.63148498535156,
05-11,26.41773796081543,34.663925170898445,27.27318382263184,,,29.17712593078613,39.63753890991211,51.31687927246094,71.83161926269531,,62.41999816894531
05-12,26.41773796081543,34.640125274658196,,,24.5206241607666,29.095195770263672,37.97860336303711,51.31687927246094,,,61.849998474121094
05-13,26.41773796081543,33.934165954589844,,30.34019470214844,24.67116928100586,29.13161277770996,37.52191925048828,,,66.63148498535156,60.59000015258789
05-14,26.41773796081543,,26.66510772705078,30.65570831298828,24.59147071838379,29.35009574890137,,,71.9088363647461,66.63148498535156,60.61999893188477
05-15,,,27.108842849731445,30.502212524414066,24.44978332519531,28.967742919921875,,51.31687927246094,71.9088363647461,66.63148498535156,60.709999084472656
05-16,,33.950023651123054,26.95271301269531,29.521568298339844,24.54718971252441,,39.51638793945313,51.52582550048828,71.71578979492188,66.63148498535156,
05-17,26.41773796081543,34.12453079223633,26.13097953796387,29.58125877380371,,,40.522926330566406,51.52582550048828,71.71578979492188,66.63148498535156,
05-18,26.41773796081543,34.11660003662109,25.76120948791504,,,28.67642593383789,40.07558059692383,51.52582550048828,71.71578979492188,,62.75
05-19,26.41773796081543,34.211788177490234,,,24.41436004638672,28.539873123168945,40.07558059692383,51.52582550048828,,,59.65999984741211
05-20,26.41773796081543,34.02935028076172,,29.92235565185547,24.148700714111328,30.287769317626953,39.29270935058594,,,66.81787872314453,61.22999954223633
05-21,26.41773796081543,,25.498247146606445,29.939416885375977,24.01586532592773,31.68062973022461,,,71.71578979492188,66.81787872314453,62.709999084472656
05-22,,,24.914825439453125,28.33627510070801,24.556049346923828,31.152606964111328,,50.42408752441406,71.71578979492188,66.81787872314453,61.61999893188477
05-23,,33.196460723876946,24.701171875,27.95254898071289,24.254962921142575,,39.29270935058594,50.69952011108398,71.71578979492188,66.81787872314453,
05-24,26.41773796081543,33.323379516601555,24.849082946777344,26.81841468811035,,,39.9637451171875,50.69952011108398,71.71578979492188,66.81787872314453,
05-25,26.41773796081543,33.53753662109375,25.00521469116211,,,,40.46701049804688,51.86775207519531,71.71578979492188,,
05-26,26.41773796081543,33.43442916870117,,,,31.006954193115234,40.46701049804688,51.86775207519531,,,64.23000335693361
05-27,26.41773796081543,33.88656234741211,,,24.4409294128418,30.87950134277344,40.46701049804688,,,,62.66999816894531
05-28,26.41773796081543,,,26.78430557250977,24.467491149902344,30.469844818115234,,,,68.30904388427734,62.66999816894531
05-29,,,25.243513107299805,27.22772979736328,24.733158111572266,30.469844818115234,,,71.71578979492188,67.40650177001953,65.15000152587889
05-30,,,24.52861022949219,27.33004951477051,24.635746002197266,,,51.86775207519531,72.10186767578125,67.40650177001953,
05-31,,33.87070083618164,24.94769287109375,26.093589782714844,,,40.56953430175781,51.516334533691406,71.59996032714844,67.40650177001953,
06-01,26.41773796081543,32.736385345458984,24.849082946777344,,,30.22404670715332,40.93301010131836,51.516334533691406,73.68482971191406,,66.19999694824219
06-02,26.41773796081543,32.40323257446289,,,25.21134757995605,30.178529739379886,41.14736557006836,51.516334533691406,,,67.01999664306639
06-03,26.41773796081543,32.561878204345696,,23.526870727539066,24.653459548950195,29.80528259277344,41.8650016784668,,,67.40650177001953,68.38999938964844
06-04,26.41773796081543,,25.087385177612305,22.904375076293945,24.45863914489746,28.68553352355957,,,74.76587677001953,67.40650177001953,67.84999847412111
06-05,,,25.399642944335934,23.18577766418457,24.51177406311035,28.83119201660156,,54.33719253540039,73.30839538574219,67.40650177001953,68.0
06-06,,32.760181427001946,26.68154335021973,23.134611129760746,24.662311553955078,,42.470794677734375,54.33719253540039,73.30839538574219,68.84861755371094,
06-07,26.41773796081543,32.64120101928711,27.07597541809082,22.76793670654297,,,42.517391204833984,54.33719253540039,73.30839538574219,68.84861755371094,
06-08,26.41773796081543,31.530691146850586,26.878751754760746,,,28.94953918457031,42.60126876831055,54.33719253540039,73.55935668945312,,67.83999633789061
06-09,26.41773796081543,31.64967536926269,,,24.750865936279297,28.88581085205078,42.60126876831055,54.33719253540039,,,67.83999633789061
06-10,24.759395599365234,30.97543334960937,,22.6485538482666,24.59147071838379,29.50485801696777,41.93955993652344,,,68.84861755371094,67.12000274658203
06-11,24.759395599365234,,26.377498626708984,22.8873233795166,24.626888275146484,28.85849952697754,,,73.6558837890625,69.25083160400389,65.62999725341797
06-12,,,26.492542266845703,22.98964691162109,24.777433395385746,28.612701416015625,,54.33719253540039,73.6558837890625,68.35810089111328,65.26000213623047
06-13,,30.8961124420166,26.29532814025879,23.407489776611328,24.78628921508789,,41.510841369628906,54.33719253540039,73.6558837890625,68.35810089111328,
06-14,24.759395599365234,31.52275466918945,25.72833251953125,23.2369384765625,,,41.5667610168457,55.55292129516602,70.14247894287111,68.35810089111328,
06-15,25.87781143188477,30.658138275146484,25.950199127197266,,,28.603595733642575,42.76902770996094,55.67639541625977,68.24098968505861,,65.54000091552734
06-16,25.87781143188477,30.4201717376709,,,24.936826705932614,28.55808258056641,42.24711990356445,55.98031997680664,,,65.95999908447266
06-17,25.87781143188477,30.70572853088379,,23.919124603271484,25.246768951416016,28.29407501220703,41.85568237304688,,,68.35810089111328,67.54000091552734
06-18,25.87781143188477,,26.492542266845703,23.705942153930664,25.255624771118164,28.64911651611328,,,69.33169555664061,68.35810089111328,65.87999725341797
06-19,,,27.519702911376953,23.995872497558594,25.42387962341309,28.64911651611328,,55.53392791748047,69.33169555664061,68.35810089111328,66.66000366210939
06-20,,30.61848068237305,27.0924015045166,23.791215896606445,25.29104804992676,,41.85568237304688,56.27475357055664,71.2331771850586,70.54579162597656,
06-21,25.87781143188477,30.816781997680664,26.35284805297852,23.680360794067386,,,42.0793571472168,57.10107040405274,73.49178314208984,70.54579162597656,
06-22,25.87781143188477,30.4598331451416,26.410369873046875,,,28.5762882232666,42.40555953979492,56.52169418334961,72.25630950927734,,66.33999633789061
06-23,25.87781143188477,29.35724639892578,,,25.29104804992676,28.94953918457031,42.87155151367188,57.26253890991211,,,66.36000061035156
06-24,25.72354507446289,29.428638458251953,,23.82532501220703,25.0430965423584,28.694637298583984,42.14459991455078,,,69.74134826660156,66.36000061035156
06-25,25.72354507446289,,26.18028450012207,24.50751304626465,25.3530330657959,28.4033203125,,,72.25630950927734,70.13375854492189,64.0
06-26,,,26.29532814025879,24.354019165039066,25.999481201171875,28.12111091613769,,57.26253890991211,70.43204498291016,70.13375854492189,64.0
06-27,,28.91304588317871,26.65688896179199,24.712167739868164,26.203155517578125,,40.82117080688477,57.205543518066406,70.43204498291016,70.13375854492189,
06-28,25.72354507446289,29.666603088378906,26.788366317749023,24.14083480834961,,,41.34309005737305,57.86089324951172,68.44368743896484,70.516357421875,
06-29,25.72354507446289,30.499492645263672,28.094913482666016,,,27.401918411254886,41.34309005737305,57.84189987182617,70.74091339111328,,67.18000030517578
06-30,24.134626388549805,31.015092849731445,,,25.813514709472656,28.130210876464844,42.28439331054688,57.84189987182617,,,67.26999664306639
07-01,24.134626388549805,30.8961124420166,,24.20052528381348,25.893218994140625,28.47614860534668,42.10731506347656,,,72.10562896728516,67.26999664306639
07-02,23.5638484954834,,27.552574157714844,24.03850746154785,25.97291374206543,28.7037410736084,,,70.74091339111328,72.10562896728516,67.01999664306639
07-03,,,27.610095977783203,23.58656120300293,25.64526176452637,,,55.63840103149414,70.74091339111328,74.37179565429688,
07-05,,30.4598331451416,27.881267547607425,23.91059875488281,,,41.93955993652344,55.63840103149414,70.74091339111328,74.37179565429688,
07-06,23.371021270751953,29.975969314575195,27.18279457092285,,,27.10149955749512,42.312355041503906,55.63840103149414,70.74091339111328,,70.80000305175781
07-07,23.371021270751953,30.380512237548828,,,25.618696212768555,27.083293914794922,42.58262634277344,55.63840103149414,,,70.58000183105469
07-08,23.371021270751953,30.73746490478516,,24.08967208862305,26.123455047607425,26.60080146789551,43.02067565917969,,,74.37179565429688,70.58000183105469
07-09,24.37373352050781,,27.21566200256348,23.98734474182129,25.893218994140625,26.85570335388184,,,72.1887435913086,74.37179565429688,70.58000183105469
07-10,,,27.00201797485352,24.31990623474121,25.724958419799805,27.06508827209473,,55.63840103149414,72.1887435913086,75.78449249267578,65.70999908447266
07-11,,30.293251037597656,27.1992301940918,24.84860038757324,25.91092109680176,,43.02067565917969,55.59090805053711,70.1231689453125,75.78449249267578,
07-12,23.910945892333984,29.09548759460449,26.81302070617676,24.52456283569336,,,43.02067565917969,55.59090805053711,70.82778930664062,75.78449249267578,
07-13,23.910945892333984,30.4598331451416,27.24853134155273,,,28.31228256225586,44.5398063659668,56.208274841308594,70.82778930664062,,65.33999633789061
07-14,23.910945892333984,29.674541473388672,,,26.22086524963379,29.24084854125977,44.5398063659668,56.208274841308594,,,64.94999694824219
07-15,23.910945892333984,29.246198654174805,,24.422237396240234,26.017189025878906,28.83119201660156,44.10177612304688,,,75.78449249267578,67.41999816894531
07-16,23.910945892333984,,26.706193923950195,24.805967330932614,25.884355545043945,29.213542938232425,,,70.82778930664062,75.78449249267578,67.41999816894531
07-17,,,26.95271301269531,24.85712814331055,25.600988388061523,29.213542938232425,,56.208274841308594,70.82778930664062,75.39207458496094,67.41999816894531
07-18,,29.74593734741211,27.67583465576172,24.74627685546875,26.04375457763672,,44.10177612304688,56.208274841308594,70.82778930664062,75.39207458496094,
07-19,24.219470977783203,30.261531829833984,27.979867935180664,24.85712814331055,,,44.10177612304688,57.68993377685547,70.82778930664062,75.09777069091797,
07-20,24.836524963378906,31.213394165039066,27.88948059082031,,,29.67782592773437,44.10177612304688,57.68993377685547,75.48979187011719,,67.41999816894531
07-21,25.60784912109375,31.88763999938965,,,26.45110511779785,29.87810516357422,44.10177612304688,57.75642395019531,,,67.41999816894531
07-22,25.68498039245605,31.713134765625,,24.925350189208984,26.60165023803711,29.89631462097168,44.10177612304688,,,75.09777069091797,67.41999816894531
07-23,25.993507385253906,,27.856616973876953,24.86565971374512,26.814178466796875,29.90541839599609,,,75.48979187011719,75.09777069091797,69.54000091552734
07-24,,,27.15814208984375,24.302852630615234,26.513093948364254,29.413822174072266,,56.79713821411133,75.48979187011719,75.09777069091797,68.20999908447266
07-25,,31.88763999938965,27.1170597076416,24.44782066345215,26.38026237487793,,44.10177612304688,57.917884826660156,75.48979187011719,76.01992797851562,
07-26,25.492151260375977,31.89556884765625,27.3800106048584,23.97881507873535,,,45.49044418334961,57.965370178222656,74.08057403564453,76.01992797851562,
07-27,26.22490501403809,31.72899436950684,28.472909927368164,,,30.287769317626953,45.3599624633789,57.965370178222656,74.08057403564453,,68.31999969482422
07-28,25.2607536315918,31.76865577697754,,,26.477670669555664,30.20583915710449,45.3599624633789,57.965370178222656,,,68.31999969482422
07-29,24.99079132080078,30.80884552001953,,24.20052528381348,26.17658615112305,30.26956558227539,45.3599624633789,,,75.53923034667969,68.31999969482422
07-30,24.759395599365234,,28.513999938964844,23.833850860595703,26.158878326416016,30.023761749267575,,,72.72926330566406,75.53923034667969,68.31999969482422
07-31,,,28.333215713500977,23.458650588989254,25.99062156677246,30.406116485595703,,54.49866104125977,72.72926330566406,75.53923034667969,67.91999816894531
08-01,,30.792991638183594,28.42360496520996,22.24776840209961,26.096885681152344,,46.23603439331055,53.48239135742188,72.8740463256836,75.53923034667969,
08-02,25.839244842529297,30.063220977783203,27.77444076538086,22.290407180786133,,,46.23603439331055,53.7103385925293,72.68101501464844,75.53923034667969,
08-03,24.836524963378906,29.785593032836914,28.34143257141113,,,30.078388214111328,46.15215301513672,53.7103385925293,72.68101501464844,,67.91999816894531
08-04,24.836524963378906,27.80253028869629,,,25.724958419799805,30.67922782897949,45.52771759033203,53.53937530517578,,,71.76000213623047
08-05,24.836524963378906,27.81046295166016,,22.59738922119141,28.204477310180664,30.569982528686523,45.52771759033203,,,75.53923034667969,70.22000122070311
08-06,24.759395599365234,,29.07277107238769,23.10903167724609,29.258270263671875,30.21493721008301,,,72.19839477539062,71.07554626464844,70.22000122070311
08-07,,,27.453968048095703,22.89584732055664,27.814838409423828,30.23315238952637,,53.88129806518555,71.95708465576172,69.16254425048828,67.34999847412111
08-08,,26.2557430267334,27.1992301940918,22.87026786804199,27.93881225585937,,45.23880386352539,53.88129806518555,71.95708465576172,69.16254425048828,
08-09,25.2993221282959,27.69940948486328,27.36357688903809,22.91290283203125,,,44.68893051147461,53.88129806518555,71.95708465576172,69.16254425048828,
08-10,24.91366004943848,27.683549880981445,27.46218299865723,,,30.44253158569336,44.68893051147461,53.18795394897461,69.698486328125,,67.34999847412111
08-11,24.258037567138672,29.50796318054199,,,27.88568115234375,27.68413162231445,44.68893051147461,53.18795394897461,,,69.16000366210939
08-12,24.258037567138672,29.03203010559082,,22.810577392578125,27.912250518798828,28.56718826293945,44.68893051147461,,,69.45685577392578,71.87999725341797
08-13,24.41230010986328,,27.1992301940918,22.92995834350586,28.11592102050781,28.394216537475586,,,69.38961029052734,68.11284637451172,71.87999725341797
08-14,,,27.6922664642334,22.92142677307129,28.24875259399414,28.49435997009277,,53.09297561645508,67.56534576416016,68.11284637451172,71.87999725341797
08-15,,31.35618019104004,28.062042236328125,22.725299835205078,27.96538162231445,,49.56324005126953,53.09297561645508,69.52474212646484,68.11284637451172,
08-16,24.06521034240723,30.77712821960449,28.55508232116699,22.75941276550293,,,49.48868179321289,53.66284561157226,71.27177429199219,68.11284637451172,
08-17,25.02935791015625,30.317049026489254,28.144222259521484,,,28.67642593383789,48.69648742675781,57.0535774230957,71.69647979736328,,71.87999725341797
08-18,24.142337799072266,29.10341835021973,,,28.34615898132324,28.44883728027344,48.69648742675781,57.0535774230957,,,78.13999938964844
08-19,24.68226432800293,29.58728790283203,,23.032283782958984,28.54983711242676,29.13161277770996,48.69648742675781,,,68.11284637451172,78.13999938964844
08-20,24.103775024414066,,28.96594619750977,22.87026786804199,28.76236724853516,28.27586936950684,,,72.34317779541016,72.1546859741211,78.13999938964844
08-21,,,29.705507278442386,22.810577392578125,28.753507614135746,28.148418426513672,,57.0535774230957,72.34317779541016,72.05657958984375,78.13999938964844
08-22,,30.68986511230469,29.376813888549805,22.68266868591309,28.904054641723636,,48.69648742675781,58.60172653198242,72.34317779541016,72.05657958984375,
08-23,24.48943519592285,31.213394165039066,29.1713809967041,23.0578670501709,,,50.01991653442383,58.60172653198242,73.55935668945312,71.20308685302734,
08-24,24.142337799072266,31.61000823974609,28.93307876586914,,,27.502058029174805,50.01991653442383,58.487754821777344,73.55935668945312,,78.13999938964844
08-25,24.296600341796875,30.69780540466309,,,29.14314842224121,27.547576904296875,49.917396545410156,59.0576286315918,,,72.4000015258789
08-26,24.68226432800293,32.1256103515625,,22.664825439453125,29.169715881347656,28.030071258544922,49.917396545410156,,,69.06443786621094,71.93000030517578
08-27,25.06792449951172,,28.891202926635746,22.335844039916992,29.612483978271484,28.539873123168945,,,74.01300811767578,69.18215942382811,71.93000030517578
08-28,,,29.435535430908203,22.266586303710934,29.78959083557129,27.87530899047852,,59.0576286315918,75.06510162353516,69.18215942382811,71.93000030517578
08-29,,32.860122680664055,29.569522857666016,21.954923629760746,30.07802581787109,,49.917396545410156,58.44026565551758,75.06510162353516,70.93820190429688,
08-30,25.836767196655273,32.69904327392578,29.435535430908203,21.96358299255371,,,49.917396545410156,58.44026565551758,76.88936614990234,70.93820190429688,
08-31,25.05383110046387,32.98093795776367,29.309917449951172,,,27.502058029174805,49.13452529907226,58.79168701171875,74.17708587646484,,72.5
09-01,25.12429618835449,33.061473846435554,,,,26.646318435668945,49.49800109863281,58.79168701171875,,,72.5
09-02,25.594057083129886,32.417160034179695,,,30.59179496765137,27.21074485778809,48.790122985839844,,,,71.94999694824219
09-03,26.063817977905273,,,22.54361915588379,30.745025634765625,26.801082611083984,,,,71.65435791015625,70.26000213623047
09-04,,,28.91633033752441,22.56959342956543,29.987890243530273,26.10871887207031,,,74.17708587646484,73.07684326171875,70.26000213623047
09-05,,,29.18430328369141,22.56959342956543,29.57327079772949,,,58.79168701171875,75.10370635986328,73.07684326171875,
09-06,,30.605016708374023,29.59464263916016,22.682138442993164,,,49.85240936279297,58.79168701171875,75.10370635986328,72.72367858886719,
09-07,25.51576042175293,31.14463233947754,29.427160263061523,,,,49.79600524902344,58.79168701171875,75.10370635986328,,
09-08,26.204742431640625,31.0640869140625,,,28.78909683227539,26.56968116760254,49.38236999511719,60.03590393066406,,,70.26000213623047
09-09,26.46310997009277,29.89627265930176,,22.872602462768555,28.50066566467285,26.781719207763672,47.89704132080078,,,72.72367858886719,70.26000213623047
09-10,26.03249549865723,,28.681846618652344,23.37472343444824,28.1942081451416,27.261117935180664,,,75.10370635986328,72.72367858886719,70.26000213623047
09-11,,,29.8123722076416,23.71235656738281,27.89676094055176,26.827816009521484,,60.03590393066406,75.10370635986328,72.72367858886719,70.26000213623047
09-12,,24.322940826416016,29.619760513305664,23.946107864379886,27.22976112365723,,47.71842575073242,60.03590393066406,75.10370635986328,70.9185791015625,
09-13,26.776281356811523,25.32968139648437,30.021730422973636,24.015361785888672,,,47.71842575073242,60.03590393066406,75.10370635986328,70.9185791015625,
09-14,26.776281356811523,22.228906631469727,29.8123722076416,,,26.86469078063965,47.4928092956543,60.03590393066406,70.71421813964844,,70.26000213623047
09-15,27.089458465576172,21.383243560791016,,,27.43707275390625,26.64343452453613,47.4928092956543,60.03590393066406,,,71.2699966430664
09-16,26.267377853393555,21.30270004272461,,24.29239845275879,27.76155662536621,27.18736457824707,47.91584396362305,,,70.9185791015625,72.52999877929688
09-17,26.38481521606445,,29.435535430908203,24.63003349304199,27.07653617858887,26.901573181152344,,,70.71421813964844,70.98725891113281,71.22000122070312
09-18,,,29.36016845703125,25.32261085510254,27.17568016052246,26.8370361328125,,60.22945022583008,70.71421813964844,70.28098297119139,69.97000122070311
09-19,,22.3094482421875,29.80400276184082,24.58674621582031,26.598817825317386,,48.508094787597656,60.22945022583008,70.71421813964844,70.28098297119139,
09-20,26.85457420349121,21.785940170288086,29.577899932861328,24.101940155029297,,,49.749000549316406,60.13363647460938,70.71421813964844,70.28098297119139,
09-21,26.815431594848636,21.753725051879886,29.435535430908203,,,26.56045913696289,49.749000549316406,59.95158767700195,71.43380737304688,,69.05999755859375
09-22,26.85457420349121,19.45029640197754,,,26.35545539855957,26.42217063903809,49.86180877685547,59.95158767700195,,,69.40000152587889
09-23,26.58055305480957,19.756345748901367,,24.179851531982425,26.49065399169922,26.32998085021973,50.27544403076172,,,70.28098297119139,71.18000030517578
09-24,27.206890106201172,,29.268051147460934,23.90281867980957,26.77007293701172,27.57457160949707,,,71.43380737304688,69.70726013183594,71.4800033569336
09-25,,,28.782339096069336,24.76855087280273,26.43657684326172,27.417842864990234,,59.95158767700195,71.62828826904297,69.70726013183594,70.55000305175781
09-26,,20.247634887695312,28.83259010314941,25.0975284576416,27.13061332702637,,49.70199584960938,59.95158767700195,71.3754653930664,69.18299865722656,
09-27,27.32433319091797,20.457040786743164,29.77050399780273,24.76855087280273,,,50.46345901489258,60.0186538696289,71.3754653930664,69.18299865722656,
09-28,27.676652908325195,19.893266677856445,29.058692932128906,,,27.132049560546875,50.94289779663086,60.0186538696289,70.568359375,,70.55000305175781
09-29,27.59836387634277,18.886520385742188,,,26.761064529418945,26.32076072692871,50.6608772277832,59.52041625976562,,,70.55000305175781
09-30,26.972021102905273,17.839506149291992,,24.448226928710934,27.32890892028809,26.827816009521484,50.924095153808594,,,69.18299865722656,70.55000305175781
10-01,27.128602981567386,,29.76213073730469,24.30105400085449,27.03146743774414,27.06751251220703,,,70.568359375,70.627197265625,70.55000305175781
10-02,,,29.66163444519043,24.30105400085449,27.50016975402832,26.680307388305664,,59.52041625976562,70.568359375,69.25224304199219,70.55000305175781
10-03,,18.12944984436035,29.60301780700684,24.032678604125977,27.06751823425293,,50.31304550170898,59.52041625976562,70.71421813964844,68.64884185791016,
10-04,27.12077522277832,17.718692779541016,29.376914978027344,24.37031364440918,,,50.68908309936523,59.52041625976562,70.71421813964844,68.54003143310547,
10-05,27.64533996582031,17.86366844177246,29.678386688232425,,,27.21502494812012,51.24372482299805,59.52041625976562,70.71421813964844,,72.0
10-06,27.52007293701172,19.329484939575195,,,27.13962745666504,27.60222816467285,51.24372482299805,59.52041625976562,,,69.37000274658203
10-07,27.246042251586914,19.33753967285156,,24.101940155029297,27.04949378967285,28.11850166320801,51.30012893676758,,,68.54003143310547,70.54000091552734
10-08,27.35564994812012,,29.829124450683594,23.92013359069824,27.59030532836914,28.210695266723636,,,70.71421813964844,68.54003143310547,70.54000091552734
10-09,,,30.08872413635254,24.16253471374512,27.292858123779297,28.542583465576172,,61.05345916748047,70.71421813964844,68.54003143310547,70.54000091552734
10-10,,19.780506134033203,30.65817832946777,24.80317306518555,26.84218597412109,,51.30012893676758,61.27383422851562,67.96227264404297,68.54003143310547,
10-11,27.246042251586914,20.13488006591797,31.11039733886719,24.898406982421875,,,51.30012893676758,61.27383422851562,67.96227264404297,68.54003143310547,
10-12,26.8702335357666,20.779191970825195,30.365079879760746,,,28.542583465576172,51.30012893676758,61.27383422851562,67.96227264404297,,77.5999984741211
10-13,27.011165618896484,20.94027709960937,,,27.00442314147949,28.542583465576172,49.0439338684082,63.16139602661133,,,77.30000305175781
10-14,27.011165618896484,22.47052574157715,,24.82049369812012,27.12160301208496,28.68087387084961,49.73019409179688,,,68.559814453125,77.69999694824219
10-15,27.480920791625977,,30.482318878173828,24.15388107299805,28.203222274780273,28.75462532043457,,,67.96227264404297,68.559814453125,77.69999694824219
10-16,,,31.04338836669922,23.928789138793945,28.24828720092773,28.23834991455078,,62.9410171508789,67.96227264404297,68.559814453125,76.22000122070312
10-17,,22.09199523925781,31.646339416503906,24.335681915283203,28.320392608642575,,49.73019409179688,62.9410171508789,67.96227264404297,68.559814453125,
10-18,27.55921745300293,22.38998413085937,31.570974349975586,24.456886291503906,,,49.41057586669922,62.9410171508789,67.96227264404297,68.559814453125,
10-19,26.65884017944336,23.4370059967041,31.319744110107425,,,28.266008377075195,50.153236389160156,62.9410171508789,64.31570434570311,,76.22000122070312
10-20,27.16774177551269,23.098735809326172,,,28.1942081451416,28.219913482666016,50.153236389160156,64.33034515380861,,,76.22000122070312
10-21,27.44177436828613,24.451801300048828,,24.4309139251709,28.753042221069336,27.9986515045166,48.04745483398438,,,72.62532806396484,78.69999694824219
10-22,27.79409408569336,,31.13551139831543,24.82049369812012,28.365461349487305,28.11850166320801,,,64.31570434570311,72.62532806396484,79.41999816894531
10-23,,,30.60792732238769,24.29239845275879,28.53671646118164,28.210695266723636,,64.33034515380861,58.95768737792969,69.55888366699219,79.41999816894531
10-24,,25.5713005065918,30.65817832946777,24.560773849487305,28.76205635070801,,46.7407455444336,64.33034515380861,61.6026611328125,69.55888366699219,
10-25,28.38129806518555,24.564558029174805,30.909404754638672,24.42225456237793,,,45.83826446533203,64.33034515380861,59.79396438598633,70.85470581054688,
10-26,28.342145919799805,24.58871841430664,31.160633087158203,,,28.210695266723636,45.85707092285156,64.33034515380861,59.79396438598633,,80.88999938964844
10-27,27.32433319091797,25.909563064575195,,,28.70797920227051,28.385860443115234,45.16141128540039,64.33034515380861,,,80.88999938964844
10-28,27.59836387634277,25.26525115966797,,24.21447944641113,28.99640464782715,28.71774673461914,44.99220275878906,,,70.85470581054688,77.61000061035156
10-29,27.52007293701172,,,23.98073387145996,28.44658088684082,28.71774673461914,,,59.32720184326172,70.85470581054688,77.61000061035156
10-30,,,,23.74698829650879,29.05048751831055,29.16026496887207,,64.33034515380861,59.58003234863281,72.6648941040039,77.61000061035156
10-31,,24.84644317626953,30.64980125427246,24.119251251220703,29.03246116638184,,45.49984359741211,64.33034515380861,59.58003234863281,72.6648941040039,
11-01,27.87238502502441,23.734994888305664,31.54584503173828,23.972078323364254,,,45.518638610839844,64.13872528076172,63.50859451293945,72.6648941040039,
11-02,28.420440673828125,22.95376396179199,31.02664375305176,,,29.381534576416016,44.8699836730957,64.13872528076172,61.67072677612305,,75.72000122070312
11-03,28.65532302856445,23.114843368530273,,,29.086544036865234,29.59356689453125,45.15200805664063,64.13872528076172,,,79.41999816894531
11-04,28.96849250793457,22.003398895263672,,23.859529495239254,28.951335906982425,29.01276206970215,44.73837661743164,,,72.6648941040039,79.41999816894531
11-05,29.594837188720703,,31.52910804748535,23.53921318054199,28.419544219970703,29.01276206970215,,,60.67886734008789,74.44541931152344,79.41999816894531
11-06,,,32.048301696777344,23.23620796203613,28.01393699645996,28.72696685791016,,64.13872528076172,60.67886734008789,74.44541931152344,79.41999816894531
11-07,,21.51210594177246,31.83894920349121,23.443981170654297,28.04097557067871,,45.83826446533203,66.46703338623047,60.33851623535156,74.44541931152344,
11-08,29.00763893127441,21.947019577026367,32.324649810791016,23.210235595703125,,,45.68785095214844,65.58551788330078,60.38713836669922,74.44541931152344,
11-09,28.96849250793457,21.342973709106445,32.42514038085937,,,28.468830108642575,44.72897720336914,65.58551788330078,61.0289306640625,,84.37999725341797
11-10,29.2033805847168,21.479888916015625,,,28.21223449707031,28.348979949951172,45.0015983581543,65.58551788330078,,,83.29000091552734
11-11,28.89020347595215,22.56717300415039,,23.28815078735352,28.21223449707031,28.67165565490723,44.08972549438477,,,74.44541931152344,82.81999969482422
11-12,27.59836387634277,,32.64287567138672,23.37472343444824,28.11308479309082,28.957447052001953,,,61.0289306640625,74.44541931152344,83.44999694824219
11-13,,,33.162078857421875,23.331438064575195,28.50066566467285,28.51492500305176,,65.58551788330078,58.59788513183594,74.70259857177734,83.69999694824219
11-14,,22.49468994140625,32.701492309570305,23.53055191040039,28.365461349487305,,43.2060432434082,65.24057769775389,57.07119369506836,74.70259857177734,
11-15,28.420440673828125,22.96987342834473,31.780330657958984,24.093280792236328,,,42.698402404785156,65.24057769775389,56.18629455566406,74.70259857177734,
11-16,27.770606994628906,22.11614799499512,31.90593147277832,,,28.551801681518555,42.444583892822266,65.24057769775389,56.18629455566406,,
11-17,27.59836387634277,22.38193702697754,,,28.122100830078125,29.31699562072754,41.842933654785156,65.92088317871094,,,
11-18,28.107267379760746,21.665128707885746,,23.885507583618164,27.74353218078613,29.888582229614254,41.842933654785156,,,74.70259857177734,
11-19,28.224706649780273,,32.701492309570305,24.11059379577637,27.608327865600586,30.69986915588379,,,55.01939392089844,75.681884765625,
11-20,,,32.61775588989258,24.119251251220703,27.16667175292969,31.27146148681641,,65.53762054443361,55.01939392089844,75.681884765625,
11-21,,21.5684871673584,32.19903564453125,23.6777286529541,27.17568016052246,,40.33880233764648,65.53762054443361,58.09223175048828,75.681884765625,
11-22,28.55354309082031,21.600704193115234,,23.72101783752441,,,41.54211044311523,66.03585052490234,,75.6225357055664,
11-23,28.92934799194336,21.2221622467041,32.91085433959961,,,31.27146148681641,42.3223762512207,,57.81995391845703,,
11-24,29.82971000671387,,,,27.22075080871582,31.455846786499023,,66.03585052490234,,,
11-25,,20.859737396240234,,23.69504356384277,26.65290069580078,31.225364685058594,41.53269958496094,,,75.6225357055664,
11-26,30.22118377685547,,32.78523635864258,23.73832702636719,27.04949378967285,,,,57.81995391845703,75.6225357055664,
11-27,,,33.078330993652344,23.1150016784668,,31.225364685058594,,66.80238342285156,57.81995391845703,75.6225357055664,
11-28,,21.55237579345703,32.885730743408196,,26.64388084411621,,41.53269958496094,66.80238342285156,57.81995391845703,,
11-29,30.9649658203125,21.447673797607425,32.835487365722656,23.210235595703125,,,41.44810104370117,66.80238342285156,57.81995391845703,75.6225357055664,
11-30,29.868860244750977,22.994029998779297,33.011341094970696,,,31.43740463256836,42.30357360839844,64.69443511962889,60.15375900268555,,
12-01,30.36994361877441,23.59807777404785,,,26.49065399169922,32.51605224609375,41.13787078857422,64.92439270019531,,,
12-02,30.612646102905273,23.807483673095703,,23.23620796203613,27.05850601196289,32.21181488037109,41.13787078857422,,,75.6225357055664,
12-03,31.004119873046875,,32.868980407714844,22.95051574707031,27.22075080871582,31.621789932250977,,,61.10672378540039,75.6225357055664,
12-04,,,32.90247344970703,22.941856384277344,27.473127365112305,31.63100814819336,,64.92439270019531,59.99817276000977,75.6225357055664,
12-05,,23.525596618652344,32.575889587402344,22.638851165771484,27.04047775268555,,40.8088493347168,64.99146270751953,,77.4525146484375,
12-06,31.04326629638672,23.24370574951172,33.01972198486328,22.855281829833984,,,40.0849838256836,65.32682037353516,59.99817276000977,78.4021224975586,
12-07,30.69094467163086,22.95376396179199,33.028091430664055,,,31.1331729888916,40.02858352661133,65.60468292236328,59.99817276000977,,
12-08,30.53435707092285,22.2933349609375,,,27.17568016052246,30.94879531860352,41.01565933227539,65.60468292236328,,,
12-09,30.58916282653809,22.75241470336914,,22.638851165771484,27.238779067993164,30.46017646789551,41.01565933227539,,,78.4021224975586,
12-10,30.9649658203125,,32.87735366821289,22.344501495361328,26.9593563079834,30.9395751953125,,,58.90906524658203,77.50196838378906,
12-11,,,33.22069549560547,22.08478546142578,27.193708419799805,30.00843048095703,,64.89566040039061,58.90906524658203,77.50196838378906,
12-12,,22.89738464355469,34.00787734985352,21.452800750732425,26.97738647460937,,39.727760314941406,64.22494506835939,58.90906524658203,78.45157623291016,
12-13,31.23899269104004,22.204744338989254,33.882266998291016,21.877010345458984,,,40.64904022216797,64.22494506835939,58.90906524658203,78.45157623291016,
12-14,31.19985389709473,22.172531127929688,33.99950790405273,,,30.3587646484375,40.42341613769531,64.22494506835939,58.90906524658203,,
12-15,30.53435707092285,22.2933349609375,,,26.84218597412109,30.55237007141113,40.42341613769531,64.79025268554689,,,
12-16,30.769235610961914,22.08393859863281,,21.781776428222656,26.61684799194336,30.54314613342285,39.89696502685547,,,79.82653045654297,
12-17,31.19985389709473,,34.1251220703125,21.80775260925293,26.58980369567871,30.764406204223636,,,58.90906524658203,79.82653045654297,
12-18,,,34.334476470947266,21.877010345458984,27.35595321655273,31.206926345825195,,64.29201507568361,58.90906524658203,79.82653045654297,
12-19,,21.90675163269043,34.04975128173828,21.764463424682614,27.806625366210934,,39.12610244750977,64.29201507568361,59.53141403198242,79.13410949707031,
12-20,31.630460739135746,26.135072708129886,34.326107025146484,22.02418327331543,,,40.49861526489258,64.86690521240234,59.53141403198242,79.13410949707031,
12-21,32.021923065185554,25.45048713684082,34.18373870849609,,,31.096302032470703,40.30120086669922,64.86690521240234,56.17657089233398,,
12-22,31.364267349243164,25.38606071472168,,,28.365461349487305,31.105512619018555,41.23188018798828,64.86690521240234,,,
12-23,32.05324172973633,25.49076271057129,,22.35316276550293,28.11308479309082,31.42818832397461,40.12259292602539,,,78.08558654785156,
12-24,,,34.175365447998054,22.77736854553223,27.752544403076172,31.42818832397461,,,56.17657089233398,78.08558654785156,
12-26,,,34.09161376953125,22.76005744934082,28.04097557067871,,,64.19619750976561,55.53477478027344,78.08558654785156,
12-27,32.41339111328125,25.72432518005371,34.409847259521484,22.43973159790039,,,40.89345169067383,64.19619750976561,59.31747817993164,78.08558654785156,
12-28,32.76572036743164,25.53103065490723,34.476829528808594,,,31.3452091217041,40.93105697631836,64.29201507568361,60.28989791870117,,
12-29,32.256805419921875,25.61156845092773,,,28.888242721557614,31.796953201293945,41.63611221313477,64.29201507568361,,,
12-30,32.78137588500977,25.51492118835449,,22.855281829833984,28.53671646118164,32.174942016601555,41.63611221313477,,,78.08558654785156,
12-31,32.88315963745117,,34.69457244873047,22.820655822753906,28.50066566467285,32.174942016601555,,,60.28989791870117,78.08558654785156,
