,2010,2011,2012,2013,2014,2015,2016,2017,2018,2019,2020
01-02,,,,1.992345062262757e-07,4.406207153806463e-06,0.00030888302717357874,,,0.004611427430063486,-0.16939117014408112,1.1100165843963623
01-03,,1.4110430868186086e-07,9.980917781149401e-08,1.992345062262757e-07,4.406207153806463e-06,,,0.0043539367616176605,0.004611427430063486,-0.16939117014408112,1.1100165843963623
01-04,,1.4110430868186086e-07,9.980917781149401e-08,1.992345062262757e-07,,,0.0008895142818801105,0.0043539367616176605,0.004611427430063486,-0.16939117014408112,
01-05,,1.4110430868186086e-07,9.980917781149401e-08,,,0.00030888302717357874,0.0008895142818801105,0.0043539367616176605,0.004611427430063486,,
01-06,,1.4110430868186086e-07,9.511228427072638e-08,,4.406207153806463e-06,0.00030888302717357874,0.0008895142818801105,0.0043539367616176605,,,1.1100165843963623
01-07,,1.4110430868186086e-07,,1.992345062262757e-07,4.406207153806463e-06,0.00030888302717357874,0.0008895142818801105,,,-0.16939117014408112,1.1100165843963623
01-08,,,,1.992345062262757e-07,4.093420557182981e-06,0.00030888302717357874,0.0008895142818801105,,0.004611427430063486,-0.16939117014408112,1.1100165843963623
01-09,,,9.511228427072638e-08,1.992345062262757e-07,4.093420557182981e-06,0.00030888302717357874,,0.0043539367616176605,0.004611427430063486,-0.16939117014408112,1.1100165843963623
01-10,,1.4110430868186086e-07,9.511228427072638e-08,1.992345062262757e-07,4.093420557182981e-06,,,0.0043539367616176605,0.004611427430063486,-0.16939117014408112,1.1100165843963623
01-11,,1.4110430868186086e-07,9.511228427072638e-08,1.992345062262757e-07,,,0.0008895142818801105,0.0043539367616176605,0.004611427430063486,-0.16939117014408112,
01-12,,1.4110430868186086e-07,9.511228427072638e-08,,,0.00030888302717357874,0.0008895142818801105,0.0043539367616176605,0.004611427430063486,,
01-13,,1.4110430868186086e-07,9.511228427072638e-08,,4.093420557182981e-06,0.00030888302717357874,0.0008895142818801105,0.0043539367616176605,,,1.1100165843963623
01-14,,1.4110430868186086e-07,,1.992345062262757e-07,4.093420557182981e-06,0.00030888302717357874,0.0008895142818801105,,,-0.16939117014408112,1.1100165843963623
01-15,,,,1.992345062262757e-07,4.161418473813683e-06,0.00030888302717357874,0.0008895142818801105,,,-0.16939117014408112,1.1100165843963623
01-16,,,,2.06255990065074e-07,4.161418473813683e-06,0.00030888302717357874,,,0.004611427430063486,-0.16939117014408112,1.1100165843963623
01-17,,,9.511228427072638e-08,2.06255990065074e-07,4.161418473813683e-06,,,0.0043539367616176605,0.004611427430063486,-0.16939117014408112,1.1100165843963623
01-18,,1.4110430868186086e-07,9.511228427072638e-08,2.06255990065074e-07,,,,0.0043539367616176605,0.004611427430063486,-0.16939117014408112,
01-19,,1.4110430868186086e-07,9.511228427072638e-08,,,,0.0008895142818801105,0.0043539367616176605,0.004611427430063486,,
01-20,,1.4110430868186086e-07,9.511228427072638e-08,,,0.00030888302717357874,0.0008895142818801105,0.0043539367616176605,,,
01-21,,1.4110430868186086e-07,,,4.256613465258852e-06,0.0003100137982983142,0.0008895142818801105,,,,1.1100165843963623
01-22,,,,2.06255990065074e-07,4.256613465258852e-06,0.0003100137982983142,0.0008895142818801105,,0.004611427430063486,-0.16939117014408112,1.1100165843963623
01-23,,,9.511228427072638e-08,2.06255990065074e-07,4.256613465258852e-06,0.0003100137982983142,,0.0043539367616176605,0.004611427430063486,-0.16939117014408112,1.1100165843963623
01-24,,1.4110430868186086e-07,9.511228427072638e-08,2.06255990065074e-07,4.256613465258852e-06,,,0.0043539367616176605,0.062406428158283234,-0.16939117014408112,1.1100165843963623
01-25,,1.4110430868186086e-07,9.511228427072638e-08,2.06255990065074e-07,,,0.0008895142818801105,0.0043539367616176605,0.06259369105100632,-0.16939117014408112,
01-26,,1.4110430868186086e-07,9.511228427072638e-08,,,0.0003100137982983142,0.0008895142818801105,0.0043539367616176605,0.06250005960464478,,
01-27,,1.3634796403039218e-07,9.511228427072638e-08,,4.256613465258852e-06,0.0003100137982983142,0.0008895142818801105,0.0043539367616176605,,,1.1100165843963623
01-28,,1.3634796403039218e-07,,1.930907131963977e-07,4.256613465258852e-06,0.0003100137982983142,0.0008895142818801105,,,-0.16939117014408112,1.1100165843963623
01-29,,,,1.930907131963977e-07,4.256613465258852e-06,0.0003100137982983142,0.0008895142818801105,,0.06250005960464478,-0.16939117014408112,1.1100165843963623
01-30,,,9.511228427072638e-08,1.930907131963977e-07,4.256613465258852e-06,0.0003100137982983142,,0.0043539367616176605,0.06250005960464478,-0.16939117014408112,1.1100165843963623
01-31,,1.3634796403039218e-07,9.511228427072638e-08,1.930907131963977e-07,4.256613465258852e-06,,,0.0043539367616176605,0.06250005960464478,-0.16939117014408112,1.1100165843963623
02-01,,1.3634796403039218e-07,9.511228427072638e-08,1.930907131963977e-07,,,0.0008895142818801105,0.0043539367616176605,0.06250005960464478,-0.16939117014408112,
02-02,,1.3634796403039218e-07,9.511228427072638e-08,,,0.0003100137982983142,0.0008895142818801105,0.0043539367616176605,0.06250005960464478,,
02-03,,1.3634796403039218e-07,9.511228427072638e-08,,4.256613465258852e-06,0.0003100137982983142,0.0008895142818801105,0.0043539367616176605,,,1.1100165843963623
02-04,,1.3634796403039218e-07,,1.930907131963977e-07,4.256613465258852e-06,0.0003100137982983142,0.0008895142818801105,,,-0.16939117014408112,1.1100165843963623
02-05,,,,1.930907131963977e-07,4.256613465258852e-06,0.0003100137982983142,0.0008895142818801105,,0.05568825453519821,-0.16939117014408112,1.1100165843963623
02-06,,,9.511228427072638e-08,1.930907131963977e-07,4.256613465258852e-06,0.0003100137982983142,,0.0043539367616176605,0.05568825453519821,-0.16939117014408112,1.1100165843963623
02-07,,1.3634796403039218e-07,9.511228427072638e-08,1.930907131963977e-07,4.256613465258852e-06,,,0.0043539367616176605,0.05568825453519821,-0.16939117014408112,1.1100165843963623
02-08,,1.3634796403039218e-07,9.511228427072638e-08,1.930907131963977e-07,,,0.0008895142818801105,0.0043539367616176605,0.05568825453519821,-0.16939117014408112,
02-09,,1.3634796403039218e-07,9.511228427072638e-08,,,0.0003100137982983142,0.0008895142818801105,0.0043539367616176605,0.05568825453519821,,
02-10,,1.3634796403039218e-07,9.511228427072638e-08,,4.256613465258852e-06,0.0003100137982983142,0.0008895142818801105,0.0043539367616176605,,,1.1100165843963623
02-11,,1.3634796403039218e-07,,1.930907131963977e-07,4.256613465258852e-06,0.0003100137982983142,0.0008895142818801105,,,-0.16939117014408112,1.1100165843963623
02-12,,,,2.071336666631396e-07,4.256613465258852e-06,0.0003100137982983142,0.0008895142818801105,,0.05568825453519821,-0.16939117014408112,1.1100165843963623
02-13,,,9.511228427072638e-08,2.071336666631396e-07,4.256613465258852e-06,0.0003100137982983142,,0.0043539367616176605,0.05568825453519821,-0.16939117014408112,1.1100165843963623
02-14,,1.3634796403039218e-07,9.511228427072638e-08,2.0450059423637867e-07,4.256613465258852e-06,,,0.0043539367616176605,0.05568825453519821,-0.16939117014408112,1.1100165843963623
02-15,,1.3634796403039218e-07,9.511228427072638e-08,2.0450059423637867e-07,,,,0.0043539367616176605,0.05568825453519821,-0.16939117014408112,
02-16,,1.3634796403039218e-07,9.511228427072638e-08,,,,0.0008895142818801105,0.0043539367616176605,0.05568825453519821,,
02-17,,1.3634796403039218e-07,9.511228427072638e-08,,,0.0003100137982983142,0.0008895142818801105,0.0043539367616176605,,,
02-18,,1.3634796403039218e-07,,,4.256613465258852e-06,0.0003100137982983142,0.0008895142818801105,,,,1.1100165843963623
02-19,,,,2.0450059423637867e-07,4.256613465258852e-06,0.0003100137982983142,0.0008895142818801105,,,-0.16939117014408112,1.1100165843963623
02-20,,,,2.0450059423637867e-07,4.256613465258852e-06,0.0003100137982983142,,,0.05568825453519821,-0.16939117014408112,1.1100165843963623
02-21,,,9.511228427072638e-08,2.0450059423637867e-07,4.256613465258852e-06,,,0.0043539367616176605,0.05568825453519821,-0.16939117014408112,1.1100165843963623
02-22,,1.4110430868186086e-07,9.511228427072638e-08,2.0450059423637867e-07,,,0.0008895142818801105,0.0043539367616176605,0.05568825453519821,-0.16939117014408112,
02-23,,1.4110430868186086e-07,9.511228427072638e-08,,,0.0003100137982983142,0.0008895142818801105,0.0043539367616176605,0.05568825453519821,,
02-24,,1.4110430868186086e-07,9.511228427072638e-08,,4.256613465258852e-06,0.0003100137982983142,0.0008895142818801105,0.0043539367616176605,,,1.1100165843963623
02-25,,1.4110430868186086e-07,,2.0450059423637867e-07,4.256613465258852e-06,0.0003100137982983142,0.0008895142818801105,,,-0.16939117014408112,1.1100165843963623
02-26,,,,2.0450059423637867e-07,4.256613465258852e-06,0.0003100137982983142,0.0008895142818801105,,0.05568825453519821,-0.16939117014408112,1.1100165843963623
02-27,,,9.511228427072638e-08,2.0450059423637867e-07,4.256613465258852e-06,0.0003100137982983142,,0.0043539367616176605,0.05568825453519821,-0.16939117014408112,1.1100165843963623
02-28,,1.4110430868186086e-07,9.511228427072638e-08,2.0450059423637867e-07,4.256613465258852e-06,,,0.0043539367616176605,0.05568825453519821,-0.16939117014408112,1.1100165843963623
02-29,,,9.511228427072638e-08,,,,0.0008895142818801105,,,,
03-01,,1.4110430868186086e-07,9.511228427072638e-08,2.0450059423637867e-07,,,0.0008895142818801105,0.0043539367616176605,0.05568825453519821,-0.16939117014408112,
03-02,,1.4110430868186086e-07,9.511228427072638e-08,,,0.0003100137982983142,0.0008895142818801105,0.0043539367616176605,0.05568825453519821,,1.1100165843963623
03-03,,1.4110430868186086e-07,,,4.256613465258852e-06,0.0003100137982983142,0.0008895142818801105,0.0043539367616176605,,,1.1100165843963623
03-04,,1.4110430868186086e-07,,2.0450059423637867e-07,4.256613465258852e-06,0.0003100137982983142,0.0008895142818801105,,,-0.16939117014408112,1.1100165843963623
03-05,,,9.511228427072638e-08,2.0450059423637867e-07,4.256613465258852e-06,0.0003100137982983142,,,0.05568825453519821,-0.16939117014408112,1.1100165843963623
03-06,,,9.511228427072638e-08,2.0450059423637867e-07,4.256613465258852e-06,0.0003100137982983142,,0.0043539367616176605,0.05568825453519821,-0.16939117014408112,1.1100165843963623
03-07,,1.4110430868186086e-07,9.511228427072638e-08,2.06255990065074e-07,4.256613465258852e-06,,0.0008895142818801105,0.0043539367616176605,0.05568825453519821,-0.16939117014408112,
03-08,,1.4110430868186086e-07,9.511228427072638e-08,2.06255990065074e-07,,,0.0008895142818801105,0.0043539367616176605,0.05568825453519821,-0.16939117014408112,
03-09,,1.4110430868186086e-07,9.511228427072638e-08,,,0.0003100137982983142,0.0008895142818801105,0.0043539367616176605,0.05568825453519821,,0.8672401309013367
03-10,,1.4110430868186086e-07,,,4.256613465258852e-06,0.0003100137982983142,0.0008895142818801105,0.0043539367616176605,,,0.8672401309013367
03-11,,1.4110430868186086e-07,,2.06255990065074e-07,4.256613465258852e-06,0.0003100137982983142,0.0008895142818801105,,,-0.16939117014408112,0.8672401309013367
03-12,,,9.511228427072638e-08,2.06255990065074e-07,4.256613465258852e-06,0.0003100137982983142,,,0.05568825453519821,-0.16939117014408112,0.8672401309013367
03-13,,,9.511228427072638e-08,2.06255990065074e-07,4.256613465258852e-06,0.0003100137982983142,,0.0043539367616176605,0.05568825453519821,-0.16939117014408112,0.8672401309013367
03-14,,1.220790011302597e-07,9.511228427072638e-08,2.06255990065074e-07,4.256613465258852e-06,,0.0008895142818801105,0.0043539367616176605,0.05568825453519821,-0.16939117014408112,
03-15,,1.220790011302597e-07,9.511228427072638e-08,2.06255990065074e-07,,,0.0008895142818801105,0.0043539367616176605,0.05568825453519821,-0.16939117014408112,
03-16,,1.220790011302597e-07,9.511228427072638e-08,,,0.0003100137982983142,0.0008895142818801105,0.0043539367616176605,0.05568825453519821,,0.8672401309013367
03-17,,1.220790011302597e-07,,,4.256613465258852e-06,0.0003100137982983142,0.0008895142818801105,0.0043539367616176605,,,0.8672401309013367
03-18,,1.220790011302597e-07,,2.325865295915719e-07,4.256613465258852e-06,0.0003100137982983142,0.0008895142818801105,,,-0.16939117014408112,0.8672401309013367
03-19,,,9.511228427072638e-08,2.325865295915719e-07,4.256613465258852e-06,0.0003100137982983142,,,0.05568825453519821,-0.16939117014408112,0.8672401309013367
03-20,,,9.511228427072638e-08,2.325865295915719e-07,4.256613465258852e-06,0.0003100137982983142,,0.0043539367616176605,0.05568825453519821,-0.16939117014408112,0.8672401309013367
03-21,,1.220790011302597e-07,9.511228427072638e-08,2.325865295915719e-07,4.256613465258852e-06,,0.0008895142818801105,0.0043539367616176605,0.05568825453519821,-0.16939117014408112,
03-22,,1.220790011302597e-07,9.511228427072638e-08,2.325865295915719e-07,,,0.0008895142818801105,0.0043539367616176605,0.05568825453519821,-0.16939117014408112,
03-23,,1.220790011302597e-07,1.2329370235875103e-07,,,0.0003100137982983142,0.0008895142818801105,0.0043539367616176605,0.05568825453519821,,0.8672401309013367
03-24,,1.220790011302597e-07,,,4.256613465258852e-06,0.0003100137982983142,0.0008895142818801105,0.0043539367616176605,,,0.8672401309013367
03-25,,1.220790011302597e-07,,2.325865295915719e-07,4.256613465258852e-06,0.0003100137982983142,,,,-0.16939117014408112,0.8672401309013367
03-26,,,1.2329370235875103e-07,2.2995345716481097e-07,4.256613465258852e-06,0.0003100137982983142,,,0.05568825453519821,-0.16939117014408112,0.8672401309013367
03-27,,,1.2329370235875103e-07,9.71739041233377e-07,0.00010248605394735932,-0.00045012199552729726,,0.0043539367616176605,0.05568825453519821,-0.3618811368942261,0.8672401309013367
03-28,,1.220790011302597e-07,1.3165259815650643e-07,9.71739041233377e-07,0.00010248605394735932,,0.0008895142818801105,0.0043539367616176605,-0.21333716809749603,-0.3618811368942261,
03-29,,1.4029973272045027e-07,1.3165259815650643e-07,,,,0.005571166984736919,0.0043539367616176605,-0.21333716809749603,-0.3618811368942261,
03-30,,1.4029973272045027e-07,1.3374233276408631e-07,,,-0.00045012199552729726,0.005571166984736919,0.0043539367616176605,,,-1.8471266031265259
03-31,,1.4029973272045027e-07,,,9.364539437228814e-05,-0.00045012199552729726,0.005571166984736919,0.0043539367616176605,,,-1.8471266031265259
04-01,,1.4029973272045027e-07,,9.71739041233377e-07,9.364539437228814e-05,-0.00045012199552729726,0.005571166984736919,,,-0.3618811368942261,-1.8471266031265259
04-02,,,1.3374233276408631e-07,9.71739041233377e-07,9.364539437228814e-05,-0.00045152066741138697,,,-0.21333716809749603,-0.3618811368942261,-1.8471266031265259
04-03,,,1.3374233276408631e-07,9.71739041233377e-07,9.364539437228814e-05,,,0.0043539367616176605,-0.21333716809749603,-0.3618811368942261,-1.8471266031265259
04-04,,1.4029973272045027e-07,1.3374233276408631e-07,9.71739041233377e-07,9.364539437228814e-05,,0.005571166984736919,0.0043539367616176605,-0.21333716809749603,-0.3618811368942261,
04-05,,1.384776595614312e-07,1.3374233276408631e-07,9.71739041233377e-07,,,0.005571166984736919,0.0043539367616176605,-0.21333716809749603,-0.3618811368942261,
04-06,,1.351978937691456e-07,,,,-0.00045152066741138697,0.005571166984736919,0.0043539367616176605,-0.21333716809749603,,-1.8471266031265259
04-07,,1.351978937691456e-07,,,9.364539437228814e-05,-0.00045152066741138697,0.005571166984736919,0.0043539367616176605,,,-1.8471266031265259
04-08,,1.351978937691456e-07,,9.71739041233377e-07,9.364539437228814e-05,-0.00045152066741138697,0.005571166984736919,,,-0.3618811368942261,-1.8471266031265259
04-09,,,1.2914492231175245e-07,9.71739041233377e-07,9.364539437228814e-05,-0.00045152066741138697,,,-0.21333716809749603,-0.3618811368942261,-1.8471266031265259
04-10,,,1.2956287775978126e-07,9.71739041233377e-07,9.364539437228814e-05,-0.00045152066741138697,,0.0043539367616176605,-0.21333716809749603,-0.3618811368942261,
04-11,,1.348335132433931e-07,1.2956287775978126e-07,9.71739041233377e-07,9.364539437228814e-05,,0.005571166984736919,0.0043539367616176605,-0.21333716809749603,-0.3618811368942261,
04-12,,1.348335132433931e-07,1.2956287775978126e-07,9.71739041233377e-07,,,0.004588019102811813,0.0043539367616176605,-0.21333716809749603,-0.3618811368942261,
04-13,,1.348335132433931e-07,1.2956287775978126e-07,,,-0.00045152066741138697,0.004588019102811813,0.0043539367616176605,-0.21333716809749603,,-1.8471266031265259
04-14,,1.348335132433931e-07,,,9.364539437228814e-05,-0.00045152066741138697,0.004588019102811813,,,,-1.8471266031265259
04-15,,1.348335132433931e-07,,9.71739041233377e-07,9.364539437228814e-05,-0.00045152066741138697,0.004588019102811813,,,-0.3618811368942261,-1.8471266031265259
04-16,,,1.2956287775978126e-07,9.71739041233377e-07,9.364539437228814e-05,-0.00045152066741138697,,,-0.21333716809749603,-0.3618811368942261,-1.8471266031265259
04-17,,,1.2956287775978126e-07,9.71739041233377e-07,9.364539437228814e-05,-0.00045152066741138697,,0.0043539367616176605,-0.21333716809749603,-0.3618811368942261,-1.8471266031265259
04-18,,1.348335132433931e-07,1.2956287775978126e-07,9.71739041233377e-07,,,0.004588019102811813,0.0043539367616176605,-0.21333716809749603,-0.3618811368942261,
04-19,,1.3228259376774076e-07,1.2956287775978126e-07,9.494856385572348e-07,,,0.004588019102811813,0.0043539367616176605,-0.21333716809749603,,
04-20,,1.3228259376774076e-07,1.2956287775978126e-07,,,-0.00045152066741138697,0.004588019102811813,0.0043539367616176605,-0.21333716809749603,,-1.8471266031265259
04-21,,1.3228259376774076e-07,,,9.364539437228814e-05,-0.00045152066741138697,0.004588019102811813,0.0043539367616176605,,,-1.8471266031265259
04-22,,,,9.494856385572348e-07,9.364539437228814e-05,-0.00045152066741138697,0.004588019102811813,,,-0.3618811368942261,-1.8471266031265259
04-23,,,1.2956287775978126e-07,9.494856385572348e-07,9.364539437228814e-05,-0.00045152066741138697,,,-0.21333716809749603,-0.3618811368942261,-1.8471266031265259
04-24,,,1.2956287775978126e-07,9.494856385572348e-07,9.364539437228814e-05,-0.00045152066741138697,,0.004681652411818504,-0.21333716809749603,-0.3618811368942261,-1.7534810304641724
04-25,,1.3228259376774076e-07,1.1911425445987334e-07,9.494856385572348e-07,9.364539437228814e-05,,0.004588019102811813,0.004681652411818504,-0.21333716809749603,-0.3618811368942261,
04-26,1.1242218533880077e-07,1.3228259376774076e-07,1.1911425445987334e-07,9.494856385572348e-07,,,0.004588019102811813,0.004681652411818504,-0.21333716809749603,-0.3618811368942261,
04-27,1.1242218533880077e-07,1.3228259376774076e-07,1.1911425445987334e-07,,,-0.00045152066741138697,0.004588019102811813,0.004681652411818504,-0.21333716809749603,,-1.7534810304641724
04-28,1.1242218533880077e-07,1.3228259376774076e-07,,,9.364539437228814e-05,-0.00045152066741138697,0.004588019102811813,0.004681652411818504,,,-1.7534810304641724
04-29,1.1242218533880077e-07,1.3228259376774076e-07,,9.494856385572348e-07,9.364539437228814e-05,-0.00045152066741138697,0.004588019102811813,,,-0.3618811368942261,-1.7534810304641724
04-30,1.1242218533880077e-07,,1.1911425445987334e-07,9.420677429261559e-07,8.840650116326287e-05,-0.00045152066741138697,,,-0.21333716809749603,-0.3618811368942261,-1.7534810304641724
05-01,,,1.1911425445987334e-07,9.420677429261559e-07,8.840650116326287e-05,-0.00045152066741138697,,0.004681652411818504,-0.21333716809749603,-0.3618811368942261,-1.7534810304641724
05-02,,1.3228259376774076e-07,1.1911425445987334e-07,9.420677429261559e-07,8.840650116326287e-05,,0.004588019102811813,0.004330528900027275,-0.21333716809749603,-0.3618811368942261,
05-03,1.1242218533880077e-07,1.3228259376774076e-07,1.1911425445987334e-07,9.420677429261559e-07,,,0.004588019102811813,0.004330528900027275,-0.21333716809749603,-0.3618811368942261,
05-04,1.1242218533880077e-07,1.3228259376774076e-07,1.1911425445987334e-07,,,-0.00045152066741138697,0.004588019102811813,0.004330528900027275,-0.21333716809749603,,-1.7534810304641724
05-05,1.1242218533880077e-07,1.3228259376774076e-07,,,8.840650116326287e-05,-0.00045152066741138697,0.004588019102811813,0.004330528900027275,,,-1.7534810304641724
05-06,1.1242218533880077e-07,1.3228259376774076e-07,,9.420677429261559e-07,8.840650116326287e-05,-0.00045152066741138697,0.004588019102811813,,,-0.3618811368942261,-1.7534810304641724
05-07,1.1242218533880077e-07,,1.1911425445987334e-07,9.420677429261559e-07,8.840650116326287e-05,-0.00045152066741138697,,,-0.21333716809749603,-0.3618811368942261,-1.7534810304641724
05-08,,,1.1911425445987334e-07,9.420677429261559e-07,8.840650116326287e-05,-0.0004712840891443193,,0.004330528900027275,-0.21333716809749603,-0.3618811368942261,-1.7534810304641724
05-09,,1.3228259376774076e-07,1.1911425445987334e-07,9.420677429261559e-07,8.840650116326287e-05,,0.004588019102811813,0.004330528900027275,-0.21333716809749603,-0.3618811368942261,
05-10,1.1242218533880077e-07,1.3228259376774076e-07,1.1911425445987334e-07,9.272320653508359e-07,,,0.004588019102811813,0.004330528900027275,-0.21333716809749603,-0.3618811368942261,
05-11,1.1242218533880077e-07,1.3228259376774076e-07,1.1911425445987334e-07,,,-0.0004712840891443193,0.004588019102811813,0.004330528900027275,-0.21333716809749603,,-1.7534810304641724
05-12,9.903863684712633e-08,1.3228259376774076e-07,,,8.840650116326287e-05,-0.0004712840891443193,0.004588019102811813,0.004330528900027275,,,-1.7534810304641724
05-13,9.903863684712633e-08,1.3228259376774076e-07,,9.272320653508359e-07,8.840650116326287e-05,-0.0004712840891443193,0.004588019102811813,,,-0.3618811368942261,-1.7534810304641724
05-14,9.903863684712633e-08,,1.1911425445987334e-07,9.272320653508359e-07,8.840650116326287e-05,-0.0004712840891443193,,,-0.21333716809749603,-0.3618811368942261,-1.7534810304641724
05-15,,,1.1911425445987334e-07,9.865748324955348e-07,8.840650116326287e-05,-0.0004712840891443193,,0.004330528900027275,-0.21333716809749603,-0.3618811368942261,-1.7534810304641724
05-16,,1.3228259376774076e-07,1.1911425445987334e-07,9.865748324955348e-07,8.840650116326287e-05,,0.004588019102811813,0.004330528900027275,-0.21333716809749603,-0.3618811368942261,
05-17,9.903863684712633e-08,1.3228259376774076e-07,1.1911425445987334e-07,9.791571073947125e-07,,,0.004588019102811813,0.004330528900027275,-0.21333716809749603,-0.3618811368942261,
05-18,9.903863684712633e-08,1.3228259376774076e-07,1.1911425445987334e-07,,,-0.0004712840891443193,0.004588019102811813,0.004330528900027275,-0.21333716809749603,,-1.7534810304641724
05-19,9.903863684712633e-08,1.3228259376774076e-07,,,8.840650116326287e-05,-0.0004712840891443193,0.004588019102811813,0.004330528900027275,,,-1.7534810304641724
05-20,9.903863684712633e-08,1.3228259376774076e-07,,9.791571073947125e-07,8.840650116326287e-05,-0.0004712840891443193,0.004588019102811813,,,-0.3618811368942261,-1.7534810304641724
05-21,9.903863684712633e-08,,1.0657590365781289e-07,9.791571073947125e-07,8.840650116326287e-05,-0.0004712840891443193,,,-0.21333716809749603,-0.3618811368942261,-1.7534810304641724
05-22,,,1.0657590365781289e-07,9.791571073947125e-07,8.840650116326287e-05,-0.0004712840891443193,,0.004330528900027275,-0.21333716809749603,-0.3618811368942261,-1.7534810304641724
05-23,,1.3228259376774076e-07,1.0657590365781289e-07,1.0273731732013403e-06,8.840650116326287e-05,,0.004588019102811813,0.004330528900027275,-0.21333716809749603,-0.3618811368942261,
05-24,9.903863684712633e-08,1.3228259376774076e-07,1.0657590365781289e-07,1.0273731732013403e-06,,,0.004588019102811813,0.004330528900027275,-0.21333716809749603,-0.3618811368942261,
05-25,9.903863684712633e-08,1.3228259376774076e-07,1.0824768992279132e-07,,,,0.004588019102811813,0.004330528900027275,-0.21333716809749603,,
05-26,9.903863684712633e-08,1.3228259376774076e-07,,,,-0.0004712840891443193,0.004588019102811813,0.004330528900027275,,,-1.7534810304641724
05-27,9.903863684712633e-08,1.3228259376774076e-07,,,8.840650116326287e-05,-0.0004712840891443193,0.004588019102811813,,,,-1.7534810304641724
05-28,9.903863684712633e-08,,,1.0273731732013403e-06,8.840650116326287e-05,-0.0004712840891443193,,,,-0.3618811368942261,-1.7534810304641724
05-29,,,1.0824768992279132e-07,1.0273731732013403e-06,8.840650116326287e-05,-0.0004712840891443193,,,-0.21333716809749603,-0.3618811368942261,-1.7534810304641724
05-30,,,1.0824768992279132e-07,1.0273731732013403e-06,8.840650116326287e-05,,,0.004330528900027275,-0.21333716809749603,-0.3618811368942261,
05-31,,1.3228259376774076e-07,1.1493478524471357e-07,1.0273731732013403e-06,,,0.004588019102811813,0.004330528900027275,-0.21333716809749603,-0.3618811368942261,
06-01,9.903863684712633e-08,1.3228259376774076e-07,1.1493478524471357e-07,,,-0.0004712840891443193,0.004588019102811813,0.004330528900027275,-0.21333716809749603,,-1.7534810304641724
06-02,9.903863684712633e-08,1.3228259376774076e-07,,,8.840650116326287e-05,-0.0004712840891443193,0.004588019102811813,0.004330528900027275,,,-1.9434866905212402
06-03,9.903863684712633e-08,1.3228259376774076e-07,,1.0273731732013403e-06,8.840650116326287e-05,-0.0004712840891443193,0.004588019102811813,,,-0.3618811368942261,-1.9434866905212402
06-04,9.903863684712633e-08,,1.1493478524471357e-07,1.0273731732013403e-06,8.840650116326287e-05,-0.0004712840891443193,,,-0.21333716809749603,-0.3618811368942261,-1.9434866905212402
06-05,,,1.1493478524471357e-07,1.0273731732013403e-06,8.840650116326287e-05,-0.0004712840891443193,,0.004330528900027275,-0.21333716809749603,-0.3618811368942261,-1.9434866905212402
06-06,,1.3228259376774076e-07,1.1493478524471357e-07,1.0273731732013403e-06,8.840650116326287e-05,,0.004588019102811813,0.004330528900027275,-0.21333716809749603,-0.3618811368942261,
06-07,9.903863684712633e-08,1.3228259376774076e-07,1.1075535155669058e-07,1.0273731732013403e-06,,,0.004588019102811813,0.004330528900027275,-0.21333716809749603,-0.3618811368942261,
06-08,9.903863684712633e-08,1.3228259376774076e-07,1.1075535155669058e-07,,,-0.0004712840891443193,0.004588019102811813,0.004330528900027275,-0.21333716809749603,,-1.9434866905212402
06-09,9.903863684712633e-08,1.3228259376774076e-07,,,8.840650116326287e-05,-0.0004712840891443193,0.004588019102811813,0.004330528900027275,,,-1.9434866905212402
06-10,9.903863684712633e-08,1.3118935271450027e-07,,1.0273731732013403e-06,8.840650116326287e-05,-0.0004712840891443193,0.004588019102811813,,,-0.3618811368942261,-1.9434866905212402
06-11,9.903863684712633e-08,,1.1075535155669058e-07,1.0273731732013403e-06,8.840650116326287e-05,-0.0004712840891443193,,,-0.21333716809749603,-0.3618811368942261,-1.9434866905212402
06-12,,,1.0950152073974095e-07,1.0273731732013403e-06,8.840650116326287e-05,-0.0004712840891443193,,0.004330528900027275,-0.21333716809749603,-0.3618811368942261,-1.9434866905212402
06-13,,1.3118935271450027e-07,1.0950152073974095e-07,1.0273731732013403e-06,8.840650116326287e-05,,0.004588019102811813,0.004330528900027275,-0.21333716809749603,-0.3618811368942261,
06-14,9.903863684712633e-08,1.3118935271450027e-07,1.0950152073974095e-07,1.0273731732013403e-06,,,0.004588019102811813,0.004330528900027275,-0.21333716809749603,-0.3618811368942261,
06-15,9.903863684712633e-08,1.2754519218560745e-07,1.0950152073974095e-07,,,-0.0004712840891443193,0.004588019102811813,0.004330528900027275,-0.21333716809749603,,-1.9434866905212402
06-16,9.903863684712633e-08,1.2754519218560745e-07,,,8.840650116326287e-05,-0.0004712840891443193,0.004588019102811813,0.004330528900027275,,,-1.9434866905212402
06-17,9.903863684712633e-08,1.2754519218560745e-07,,1.0273731732013403e-06,8.840650116326287e-05,-0.0004712840891443193,0.004588019102811813,,,-0.3618811368942261,-1.9434866905212402
06-18,9.903863684712633e-08,,1.0950150119981572e-08,1.0273731732013403e-06,8.840650116326287e-05,-0.0004712840891443193,,,-0.21333716809749603,-0.3618811368942261,-1.9434866905212402
06-19,,,1.0950150119981572e-08,1.0273731732013403e-06,8.840650116326287e-05,-0.0004712840891443193,,0.004330528900027275,-0.21333716809749603,-0.3618811368942261,-1.9434866905212402
06-20,,1.2754519218560745e-07,1.0950150119981572e-08,1.0199552207268425e-06,8.840650116326287e-05,,0.004588019102811813,0.004330528900027275,-0.21333716809749603,-0.3618811368942261,
06-21,9.903863684712633e-08,1.2754519218560745e-07,1.0950150119981572e-08,1.0199552207268425e-06,,,0.004588019102811813,0.004330528900027275,-0.21333716809749603,-0.3618811368942261,
06-22,9.903863684712633e-08,1.2754519218560745e-07,1.0950150119981572e-08,,,-0.0004712840891443193,0.004588019102811813,0.004330528900027275,-0.21333716809749603,,-1.9434866905212402
06-23,9.903863684712633e-08,1.2754519218560745e-07,,,8.840650116326287e-05,-0.0004712840891443193,0.004588019102811813,0.004330528900027275,,,-1.9434866905212402
06-24,1.0037697961706726e-07,1.2754519218560745e-07,,1.0199552207268425e-06,8.840650116326287e-05,-0.0004712840891443193,0.004588019102811813,,,-0.3618811368942261,-1.9434866905212402
06-25,1.0037697961706726e-07,,1.0950150119981572e-08,1.0199552207268425e-06,8.840650116326287e-05,-0.0004712840891443193,,,-0.21333716809749603,-0.3618811368942261,-1.9434866905212402
06-26,,,1.0950150119981572e-08,1.0199552207268425e-06,8.840650116326287e-05,-0.0004712840891443193,,0.004330528900027275,-0.21333716809749603,-0.3618811368942261,-1.9434866905212402
06-27,,1.2754519218560745e-07,1.0950150119981572e-08,1.0199552207268425e-06,8.840650116326287e-05,,0.004588019102811813,0.004330528900027275,-0.21333716809749603,-0.3618811368942261,
06-28,1.0037697961706726e-07,1.2754519218560745e-07,1.0950150119981572e-08,1.0199552207268425e-06,,,0.004588019102811813,0.004330528900027275,-0.21333716809749603,-0.3618811368942261,
06-29,1.0037697961706726e-07,1.2754519218560745e-07,1.0950150119981572e-08,,,-0.0004712840891443193,0.004588019102811813,0.004330528900027275,-0.21333716809749603,,-1.9434866905212402
06-30,9.636189446382559e-08,1.2754519218560745e-07,,,8.840650116326287e-05,-0.0004712840891443193,0.004588019102811813,0.004330528900027275,,,-1.9434866905212402
07-01,9.636189446382559e-08,1.2754519218560745e-07,,1.0199552207268425e-06,8.840650116326287e-05,-0.0004712840891443193,0.004588019102811813,,,-0.3618811368942261,-1.9434866905212402
07-02,9.50235445884573e-08,,1.0950150119981572e-08,1.0199552207268425e-06,8.840650116326287e-05,-0.0004712840891443193,,,-0.21333716809749603,-0.3618811368942261,-1.9434866905212402
07-03,,,1.0950150119981572e-08,1.0199552207268425e-06,8.840650116326287e-05,,,0.004330528900027275,-0.21333716809749603,-0.3618811368942261,
07-05,,1.2754519218560745e-07,1.0950150119981572e-08,1.0199552207268425e-06,,,0.004588019102811813,0.004330528900027275,-0.21333716809749603,-0.3618811368942261,
07-06,9.50235445884573e-08,1.2754519218560745e-07,1.0950150119981572e-08,,,-0.0004712840891443193,0.004588019102811813,0.004330528900027275,-0.21333716809749603,,-1.9434866905212402
07-07,9.50235445884573e-08,1.2754519218560745e-07,,,8.840650116326287e-05,-0.00043227398418821394,0.004588019102811813,0.004330528900027275,,,-1.9434866905212402
07-08,9.50235445884573e-08,1.2754519218560745e-07,,1.0199552207268425e-06,9.6264855528716e-05,-0.00043227398418821394,0.004588019102811813,,,-0.3618811368942261,-1.9434866905212402
07-09,9.50235445884573e-08,,1.0950150119981572e-08,1.0199552207268425e-06,9.6264855528716e-05,-0.00043227398418821394,,,-0.21333716809749603,-0.3618811368942261,-1.9434866905212402
07-10,,,1.0950150119981572e-08,1.0199552207268425e-06,9.6264855528716e-05,-0.00043227398418821394,,0.004330528900027275,-0.21333716809749603,-0.3618811368942261,-1.9434866905212402
07-11,,1.2754519218560745e-07,1.0950150119981572e-08,1.0199552207268425e-06,9.6264855528716e-05,,0.004588019102811813,0.004330528900027275,-0.21333716809749603,-0.3618811368942261,
07-12,9.50235445884573e-08,1.2754519218560745e-07,1.019785145217611e-08,1.0199552207268425e-06,,,0.004588019102811813,0.004330528900027275,-0.21333716809749603,-0.3618811368942261,
07-13,9.50235445884573e-08,1.2754519218560745e-07,1.019785145217611e-08,,,-0.00043227398418821394,0.004588019102811813,0.004330528900027275,-0.21333716809749603,,-1.9434866905212402
07-14,9.50235445884573e-08,1.2754519218560745e-07,,,9.6264855528716e-05,-0.00043227398418821394,0.004588019102811813,0.004330528900027275,,,-1.9434866905212402
07-15,9.50235445884573e-08,1.4029973272045027e-07,,1.0199552207268425e-06,9.6264855528716e-05,-0.00043227398418821394,0.004588019102811813,,,-0.3618811368942261,-1.9434866905212402
07-16,9.50235445884573e-08,,1.019785145217611e-08,1.0199552207268425e-06,9.6264855528716e-05,-0.00043227398418821394,,,-0.21333716809749603,-0.3618811368942261,-1.9434866905212402
07-17,,,1.019785145217611e-08,1.0199552207268425e-06,9.6264855528716e-05,-0.00043227398418821394,,0.004330528900027275,-0.21333716809749603,-0.3618811368942261,-1.9434866905212402
07-18,,1.4029973272045027e-07,1.019785145217611e-08,1.0199552207268425e-06,9.6264855528716e-05,,0.004588019102811813,0.004330528900027275,-0.21333716809749603,-0.3618811368942261,
07-19,9.50235445884573e-08,1.4029973272045027e-07,1.019785145217611e-08,1.0199552207268425e-06,,,0.004588019102811813,0.004330528900027275,-0.21333716809749603,-0.3618811368942261,
07-20,9.50235445884573e-08,1.4029973272045027e-07,1.019785145217611e-08,,,-0.00043227398418821394,0.004588019102811813,0.004330528900027275,-0.21333716809749603,,-1.9434866905212402
07-21,9.50235445884573e-08,1.4029973272045027e-07,,,9.6264855528716e-05,-0.00043227398418821394,0.004588019102811813,0.004330528900027275,,,-1.9434866905212402
07-22,9.50235445884573e-08,1.4029973272045027e-07,,1.0199552207268425e-06,9.6264855528716e-05,-0.00043227398418821394,0.004588019102811813,,,-0.3618811368942261,-1.9434866905212402
07-23,9.50235445884573e-08,,1.019785145217611e-08,1.0199552207268425e-06,9.6264855528716e-05,-0.00043227398418821394,,,-0.21333716809749603,-0.3618811368942261,-1.9434866905212402
07-24,,,1.019785145217611e-08,1.0199552207268425e-06,9.6264855528716e-05,-0.00043227398418821394,,0.004330528900027275,-0.21333716809749603,-0.3618811368942261,-1.9434866905212402
07-25,,1.4029973272045027e-07,1.1284509326969783e-08,1.0199552207268425e-06,9.6264855528716e-05,,0.004588019102811813,0.004330528900027275,-0.1653161197900772,-0.3618811368942261,
07-26,9.50235445884573e-08,1.4029973272045027e-07,1.1284509326969783e-08,1.0199552207268425e-06,,,0.004588019102811813,0.004330528900027275,-0.1653161197900772,-0.3618811368942261,
07-27,1.0278602502467038e-07,1.4029973272045027e-07,1.1284509326969783e-08,,,-0.00043227398418821394,0.004588019102811813,0.004330528900027275,-0.1653161197900772,,-1.9434866905212402
07-28,1.0278602502467038e-07,1.3556234534917166e-07,,,9.6264855528716e-05,-0.00043227398418821394,0.004588019102811813,0.004330528900027275,,,-1.9434866905212402
07-29,1.0278602502467038e-07,1.3556234534917166e-07,,1.0199552207268425e-06,9.6264855528716e-05,-0.00043227398418821394,0.004588019102811813,,,-0.3618811368942261,-1.9434866905212402
07-30,1.0278602502467038e-07,,9.529140143627046e-09,1.0199552207268425e-06,9.6264855528716e-05,-0.00043227398418821394,,,-0.1653161197900772,-0.3618811368942261,-1.9434866905212402
07-31,,,9.529140143627046e-09,1.0199552207268425e-06,9.6264855528716e-05,-0.00043227398418821394,,0.004611427430063486,-0.1653161197900772,-0.3618811368942261,-1.7860534191131592
08-01,,1.3556234534917166e-07,9.236578613069923e-09,1.0199552207268425e-06,9.6264855528716e-05,,0.004588019102811813,0.004611427430063486,-0.1653161197900772,-0.3618811368942261,
08-02,1.0278602502467038e-07,1.3556234534917166e-07,9.236578613069923e-09,1.0199552207268425e-06,,,0.004588019102811813,0.004611427430063486,-0.172579824924469,-0.3618811368942261,
08-03,1.0278602502467038e-07,1.3556234534917166e-07,9.236578613069923e-09,,,-0.00043227398418821394,0.004588019102811813,0.004611427430063486,-0.172579824924469,,-1.7860534191131592
08-04,1.0278602502467038e-07,1.3556234534917166e-07,,,9.6264855528716e-05,-0.00043227398418821394,0.004588019102811813,0.004611427430063486,,,-1.7860534191131592
08-05,1.0278602502467038e-07,1.3556234534917166e-07,,1.0199552207268425e-06,9.6264855528716e-05,-0.00043227398418821394,0.004588019102811813,,,-0.3618811368942261,-1.7860534191131592
08-06,1.0278602502467038e-07,,9.236578613069923e-09,1.0199552207268425e-06,9.6264855528716e-05,-0.00043227398418821394,,,-0.172579824924469,-0.3618811368942261,-1.7860534191131592
08-07,,,9.236578613069923e-09,1.0199552207268425e-06,9.6264855528716e-05,-0.00043227398418821394,,0.004611427430063486,-0.172579824924469,-0.3618811368942261,-1.7860534191131592
08-08,,1.1515509612536334e-07,9.236578613069923e-09,1.0199552207268425e-06,9.6264855528716e-05,,0.004588019102811813,0.004611427430063486,-0.172579824924469,-0.3618811368942261,
08-09,1.0278602502467038e-07,1.0568030717195143e-07,9.236578613069923e-09,1.0199552207268425e-06,,,0.004588019102811813,0.004611427430063486,-0.172579824924469,-0.3618811368942261,
08-10,1.0278602502467038e-07,1.0568030717195143e-07,9.529140143627046e-09,,,-0.00043227398418821394,0.004588019102811813,0.004611427430063486,-0.172579824924469,,-1.7860534191131592
08-11,1.0278602502467038e-07,1.0568030717195143e-07,,,9.6264855528716e-05,-0.00043227398418821394,0.004588019102811813,0.004611427430063486,,,-1.7860534191131592
08-12,1.0278602502467038e-07,1.0568030717195143e-07,,1.0199552207268425e-06,9.6264855528716e-05,-0.00043227398418821394,0.004588019102811813,,,-0.3618811368942261,-1.7860534191131592
08-13,1.0278602502467038e-07,,9.529140143627046e-09,1.0199552207268425e-06,9.6264855528716e-05,-0.00043227398418821394,,,-0.172579824924469,-0.3618811368942261,-1.7860534191131592
08-14,,,9.529140143627046e-09,1.0199552207268425e-06,9.6264855528716e-05,-0.00043227398418821394,,0.004611427430063486,-0.172579824924469,-0.3618811368942261,-1.7860534191131592
08-15,,1.0568030717195143e-07,9.529140143627046e-09,1.0199552207268425e-06,9.6264855528716e-05,,0.004588019102811813,0.004611427430063486,-0.172579824924469,-0.3618811368942261,
08-16,1.0278602502467038e-07,1.0568030717195143e-07,9.738110762214092e-09,1.0199552207268425e-06,,,0.004588019102811813,0.004611427430063486,-0.172579824924469,-0.3618811368942261,
08-17,1.0278602502467038e-07,1.0568030717195143e-07,9.738110762214092e-09,,,-0.00043227398418821394,0.004588019102811813,0.004611427430063486,-0.172579824924469,,-1.7860534191131592
08-18,1.0278602502467038e-07,1.0568030717195143e-07,,,9.6264855528716e-05,-0.00043227398418821394,0.004588019102811813,0.004611427430063486,,,-1.7860534191131592
08-19,1.0278602502467038e-07,1.0568030717195143e-07,,1.0199552207268425e-06,9.6264855528716e-05,-0.00043227398418821394,0.004588019102811813,,,-0.3618811368942261,-1.7860534191131592
08-20,1.0278602502467038e-07,,9.738110762214092e-09,1.0199552207268425e-06,9.6264855528716e-05,-0.00043227398418821394,,,-0.172579824924469,-0.3618811368942261,-1.7860534191131592
08-21,,,9.738110762214092e-09,1.0199552207268425e-06,9.6264855528716e-05,-0.00043227398418821394,,0.004611427430063486,-0.172579824924469,-0.3618811368942261,-1.7860534191131592
08-22,,1.0568030717195143e-07,1.1493479945556828e-08,1.0199552207268425e-06,9.6264855528716e-05,,0.004588019102811813,0.004611427430063486,-0.172579824924469,-0.3618811368942261,
08-23,1.0278602502467038e-07,1.0568030717195143e-07,8.56786641634244e-09,1.0199552207268425e-06,,,0.004588019102811813,0.004611427430063486,-0.172579824924469,-0.3618811368942261,
08-24,1.0278602502467038e-07,1.0568030717195143e-07,8.776838811286325e-09,,,-0.00043227398418821394,0.004588019102811813,0.004611427430063486,-0.172579824924469,,-1.7860534191131592
08-25,1.0278602502467038e-07,1.0568030717195143e-07,,,9.6264855528716e-05,-0.00043227398418821394,0.004588019102811813,0.004611427430063486,,,-1.7860534191131592
08-26,1.0278602502467038e-07,1.0568030717195143e-07,,1.0199552207268425e-06,9.6264855528716e-05,-0.00043227398418821394,0.004588019102811813,,,-0.3618811368942261,-1.7860534191131592
08-27,1.0278602502467038e-07,,8.776838811286325e-09,1.0199552207268425e-06,9.6264855528716e-05,-0.00043227398418821394,,,-0.172579824924469,-0.3618811368942261,-1.7860534191131592
08-28,,,8.776838811286325e-09,1.0199552207268425e-06,9.6264855528716e-05,-0.00043227398418821394,,0.004611427430063486,-0.172579824924469,-0.3618811368942261,-1.7860534191131592
08-29,,1.0568030717195143e-07,8.776838811286325e-09,1.0199552207268425e-06,9.6264855528716e-05,,0.004588019102811813,0.004611427430063486,-0.172579824924469,-0.3618811368942261,
08-30,1.0278602502467038e-07,1.0568030717195143e-07,8.776838811286325e-09,1.0199552207268425e-06,,,0.004588019102811813,0.004611427430063486,-0.172579824924469,-0.3618811368942261,
08-31,1.0278602502467038e-07,1.0568030717195143e-07,8.776838811286325e-09,,,-0.00043227398418821394,0.004400753416121006,0.004611427430063486,-0.172579824924469,,-1.7860534191131592
09-01,1.0278602502467038e-07,1.0568030717195143e-07,,,,-0.00043227398418821394,0.004377344623208046,0.004611427430063486,,,-1.7860534191131592
09-02,1.0278602502467038e-07,1.0568030717195143e-07,,,9.6264855528716e-05,-0.00043227398418821394,0.004377344623208046,,,,-1.7860534191131592
09-03,1.0278602502467038e-07,,,1.0199552207268425e-06,9.6264855528716e-05,-0.00043227398418821394,,,,-0.3618811368942261,-1.7860534191131592
09-04,,,8.776838811286325e-09,1.0199552207268425e-06,9.6264855528716e-05,-0.00043227398418821394,,,-0.172579824924469,-0.29566457867622375,-1.7860534191131592
09-05,,,8.776838811286325e-09,1.0199552207268425e-06,9.6264855528716e-05,,,0.004611427430063486,-0.172579824924469,-0.29566457867622375,
09-06,,1.0568030717195143e-07,8.776838811286325e-09,1.0199552207268425e-06,,,0.004377344623208046,0.004611427430063486,-0.172579824924469,-0.29566457867622375,
09-07,1.0278602502467038e-07,1.0568030717195143e-07,8.776838811286325e-09,,,,0.004377344623208046,0.004611427430063486,-0.172579824924469,,
09-08,1.0278602502467038e-07,1.0568030717195143e-07,,,9.6264855528716e-05,-0.00043227398418821394,0.004377344623208046,0.004611427430063486,,,-1.7860534191131592
09-09,1.0278602502467038e-07,1.0568030717195143e-07,,1.0199552207268425e-06,9.528256487101316e-05,-0.00043227398418821394,0.004377344623208046,,,-0.29566457867622375,-1.7860534191131592
09-10,1.0278602502467038e-07,,8.776838811286325e-09,1.0199552207268425e-06,9.528256487101316e-05,-0.00043227398418821394,,,-0.172579824924469,-0.29566457867622375,-1.7860534191131592
09-11,,,8.776838811286325e-09,1.0199552207268425e-06,9.528256487101316e-05,-0.00043227398418821394,,0.004611427430063486,-0.16500224173069,-0.29566457867622375,-1.7860534191131592
09-12,,1.0568030717195143e-07,8.776838811286325e-09,1.0199552207268425e-06,9.528256487101316e-05,,0.004377344623208046,0.004611427430063486,-0.16500224173069,-0.29566457867622375,
09-13,1.0278602502467038e-07,1.0568030717195143e-07,8.776838811286325e-09,1.0199552207268425e-06,,,0.004377344623208046,0.004611427430063486,-0.16500224173069,-0.29566457867622375,
09-14,1.0278602502467038e-07,1.0568030717195143e-07,8.776838811286325e-09,,,-0.00043227398418821394,0.004377344623208046,0.004611427430063486,-0.16500224173069,,-1.7860534191131592
09-15,1.0278602502467038e-07,1.0568030717195143e-07,,,9.528256487101316e-05,-0.00043227398418821394,0.00439841253682971,0.004611427430063486,,,-2.390000104904175
09-16,1.0278602502467038e-07,1.0568030717195143e-07,,1.0199552207268425e-06,9.528256487101316e-05,-0.00043227398418821394,0.00439841253682971,,,-0.29566457867622375,-2.390000104904175
09-17,1.0278602502467038e-07,,8.776838811286325e-09,1.0199552207268425e-06,9.528256487101316e-05,-0.00043227398418821394,,,-0.16500224173069,-0.29566457867622375,-2.390000104904175
09-18,,,8.776838811286325e-09,1.0199552207268425e-06,9.528256487101316e-05,-0.00043227398418821394,,0.004611427430063486,-0.168589249253273,-0.29566457867622375,
09-19,,1.0568030717195143e-07,8.776838811286325e-09,1.0199552207268425e-06,9.528256487101316e-05,,0.00439841253682971,0.004611427430063486,-0.168589249253273,-0.29566457867622375,
09-20,1.0305369357865857e-07,1.0568030717195143e-07,8.776838811286325e-09,1.0199552207268425e-06,,,0.00439841253682971,0.004611427430063486,-0.168589249253273,-0.29566457867622375,
09-21,1.0305369357865857e-07,1.0568030717195143e-07,8.776838811286325e-09,,,-0.00043227398418821394,0.00439841253682971,0.004611427430063486,-0.168589249253273,,-2.390000104904175
09-22,1.0305369357865857e-07,1.0568030717195143e-07,,,9.528256487101316e-05,-0.00043227398418821394,0.00439841253682971,0.004611427430063486,,,-2.390000104904175
09-23,1.0305369357865857e-07,1.0568030717195143e-07,,1.0199552207268425e-06,9.528256487101316e-05,-0.00043227398418821394,0.00439841253682971,,,-0.29566457867622375,-2.390000104904175
09-24,1.0305369357865857e-07,,8.776838811286325e-09,1.0199552207268425e-06,9.528256487101316e-05,-0.00043227398418821394,,,-0.168589249253273,-0.29566457867622375,-2.390000104904175
09-25,,,8.776838811286325e-09,1.0199552207268425e-06,9.528256487101316e-05,-0.00043227398418821394,,0.004611427430063486,-0.168589249253273,-0.29566457867622375,-2.390000104904175
09-26,,1.0568030717195143e-07,1.843138619506135e-07,3.7398363019747194e-06,0.0003046947531402111,,0.00439841253682971,0.004611427430063486,-0.16939117014408112,-0.29566457867622375,
09-27,1.0305369357865857e-07,1.0568030717195143e-07,1.843138619506135e-07,3.7398363019747194e-06,,,0.00439841253682971,0.004611427430063486,-0.16939117014408112,0.9787515997886658,
09-28,1.220790011302597e-07,1.1350849149494024e-07,1.843138619506135e-07,,,0.0010627078590914607,0.00439841253682971,0.004611427430063486,-0.16939117014408112,,-2.390000104904175
09-29,1.220790011302597e-07,1.1350849149494024e-07,,,0.0003046947531402111,0.0010627078590914607,0.00439841253682971,0.004611427430063486,,,17.610000610351562
09-30,1.220790011302597e-07,1.1350849149494024e-07,,3.7398363019747194e-06,0.0003046947531402111,0.0010627078590914607,0.00439841253682971,,,0.9787515997886658,17.610000610351562
10-01,1.220790011302597e-07,,1.843138619506135e-07,3.7398363019747194e-06,0.0002774711756501347,0.0010627078590914607,,,-0.16939117014408112,0.9787515997886658,17.610000610351562
10-02,,,1.5622792659542029e-07,3.7398363019747194e-06,0.0002774711756501347,0.0010627078590914607,,0.004611427430063486,-0.16939117014408112,0.9787515997886658,17.610000610351562
10-03,,1.1350849149494024e-07,1.5622792659542029e-07,3.7398363019747194e-06,0.0002774711756501347,,0.00439841253682971,0.004611427430063486,-0.16939117014408112,0.9787515997886658,
10-04,1.220790011302597e-07,1.1350849149494024e-07,1.5622792659542029e-07,3.7398363019747194e-06,,,0.00439841253682971,0.004611427430063486,-0.16939117014408112,0.9787515997886658,
10-05,1.220790011302597e-07,1.1350849149494024e-07,1.5622792659542029e-07,,,0.0010627078590914607,0.00439841253682971,0.004611427430063486,-0.16939117014408112,,17.610000610351562
10-06,1.220790011302597e-07,1.1350849149494024e-07,,,0.0002774711756501347,0.0010627078590914607,0.004400753416121006,0.004611427430063486,,,17.610000610351562
10-07,1.220790011302597e-07,1.1350849149494024e-07,,3.7398363019747194e-06,0.0002774711756501347,0.0010627078590914607,0.004377344623208046,,,0.9787515997886658,17.610000610351562
10-08,1.220790011302597e-07,,1.5622792659542029e-07,3.7398363019747194e-06,0.0002774711756501347,0.0010627078590914607,,,-0.16939117014408112,0.9787515997886658,17.610000610351562
10-09,,,1.5622792659542029e-07,3.7398363019747194e-06,0.0002774711756501347,0.0010627078590914607,,0.004611427430063486,-0.16939117014408112,0.9787515997886658,17.610000610351562
10-10,,1.1350849149494024e-07,1.5622792659542029e-07,4.596599410433555e-06,0.0002774711756501347,,0.004377344623208046,0.004611427430063486,-0.16939117014408112,0.9787515997886658,
10-11,1.315916193789235e-07,9.941778245092792e-08,1.5622792659542029e-07,4.596599410433555e-06,,,0.004377344623208046,0.004611427430063486,-0.16939117014408112,0.9787515997886658,
10-12,1.315916193789235e-07,9.941778245092792e-08,1.5622792659542029e-07,,,0.0010627078590914607,0.004377344623208046,0.004611427430063486,-0.16939117014408112,,17.610000610351562
10-13,1.315916193789235e-07,9.941778245092792e-08,,,0.0002774711756501347,0.0010627078590914607,0.004377344623208046,0.004611427430063486,,,17.610000610351562
10-14,1.315916193789235e-07,9.941778245092792e-08,,4.596599410433555e-06,0.0002774711756501347,0.0010627078590914607,0.004377344623208046,,,0.9787515997886658,17.610000610351562
10-15,1.315916193789235e-07,,1.5622792659542029e-07,4.596599410433555e-06,0.0002774711756501347,0.0010627078590914607,,,-0.16939117014408112,0.9787515997886658,17.610000610351562
10-16,,,1.5622792659542029e-07,4.596599410433555e-06,0.0002774711756501347,0.0010627078590914607,,0.004611427430063486,-0.16939117014408112,0.9787515997886658,17.610000610351562
10-17,,9.941778245092792e-08,1.5622792659542029e-07,4.596599410433555e-06,0.0002774711756501347,,0.004377344623208046,0.004611427430063486,-0.16939117014408112,0.9787515997886658,
10-18,1.315916193789235e-07,9.941778245092792e-08,1.7027088006216218e-07,4.596599410433555e-06,,,0.004377344623208046,0.004611427430063486,-0.16939117014408112,0.9787515997886658,
10-19,1.315916193789235e-07,9.941778245092792e-08,1.7027088006216218e-07,,,0.0010627078590914607,0.004377344623208046,0.004611427430063486,-0.16939117014408112,,17.610000610351562
10-20,1.315916193789235e-07,9.941778245092792e-08,,,0.0002774711756501347,0.0010627078590914607,0.004377344623208046,0.004611427430063486,,,17.610000610351562
10-21,1.315916193789235e-07,9.941778245092792e-08,,4.596599410433555e-06,0.0002774711756501347,0.0010627078590914607,0.004377344623208046,,,0.9787515997886658,17.610000610351562
10-22,1.315916193789235e-07,,1.7027088006216218e-07,4.596599410433555e-06,0.0002774711756501347,0.0010627078590914607,,,-0.16939117014408112,0.9787515997886658,17.610000610351562
10-23,,,1.7027088006216218e-07,4.596599410433555e-06,0.0002774711756501347,0.0010627078590914607,,0.004611427430063486,-0.16939117014408112,0.9787515997886658,17.610000610351562
10-24,,9.941778245092792e-08,1.7027088006216218e-07,4.596599410433555e-06,0.0002774711756501347,,0.004377344623208046,0.004611427430063486,-0.16939117014408112,1.1469745635986328,
10-25,1.315916193789235e-07,9.941778245092792e-08,1.7027088006216218e-07,4.596599410433555e-06,,,0.004377344623208046,0.004611427430063486,-0.16939117014408112,1.1469745635986328,
10-26,1.315916193789235e-07,9.941778245092792e-08,1.7027088006216218e-07,,,0.0010627078590914607,0.004377344623208046,0.004611427430063486,-0.16939117014408112,,17.610000610351562
10-27,1.315916193789235e-07,9.941778245092792e-08,,,0.0002774711756501347,0.0010627078590914607,0.004377344623208046,0.004611427430063486,,,17.610000610351562
10-28,1.315916193789235e-07,9.941778245092792e-08,,4.596599410433555e-06,0.0002774711756501347,0.0010627078590914607,0.004377344623208046,,,1.1469745635986328,17.610000610351562
10-29,1.315916193789235e-07,,,4.596599410433555e-06,0.0002774711756501347,0.0010627078590914607,,,-0.16939117014408112,1.1469745635986328,17.610000610351562
10-30,,,,4.582998826663243e-06,0.0002774711756501347,0.0010627078590914607,,0.004611427430063486,-0.16939117014408112,1.1469745635986328,17.610000610351562
10-31,,9.941778245092792e-08,1.7027088006216218e-07,4.188616458122851e-06,0.0002774711756501347,,0.004681652411818504,0.004611427430063486,-0.16939117014408112,1.1469745635986328,
11-01,1.315916193789235e-07,9.941778245092792e-08,1.7027088006216218e-07,4.188616458122851e-06,,,0.004681652411818504,0.004611427430063486,-0.16939117014408112,1.1469745635986328,
11-02,1.315916193789235e-07,9.746074169925123e-08,1.7027088006216218e-07,,,0.0010627078590914607,0.004681652411818504,0.004611427430063486,-0.16939117014408112,,17.610000610351562
11-03,1.315916193789235e-07,9.746074169925123e-08,,,0.0002774711756501347,0.0010627078590914607,0.004681652411818504,0.004611427430063486,,,17.610000610351562
11-04,1.315916193789235e-07,9.746074169925123e-08,,4.188616458122851e-06,0.0002774711756501347,0.0010627078590914607,0.004681652411818504,,,1.1469745635986328,17.610000610351562
11-05,1.315916193789235e-07,,1.7027088006216218e-07,4.188616458122851e-06,0.0002774711756501347,0.0010627078590914607,,,-0.16939117014408112,1.1469745635986328,17.610000610351562
11-06,,,1.7027088006216218e-07,4.188616458122851e-06,0.0002774711756501347,0.0010627078590914607,,0.004611427430063486,-0.16939117014408112,1.1469745635986328,17.610000610351562
11-07,,9.746074169925123e-08,1.7027088006216218e-07,4.188616458122851e-06,0.0002774711756501347,,0.004681652411818504,0.004611427430063486,-0.16939117014408112,1.1469745635986328,
11-08,1.315916193789235e-07,9.746074169925123e-08,1.606163664291671e-07,4.188616458122851e-06,,,0.004681652411818504,0.004611427430063486,-0.16939117014408112,1.1469745635986328,
11-09,1.315916193789235e-07,9.15895981279391e-08,1.606163664291671e-07,,,0.0010627078590914607,0.004681652411818504,0.004611427430063486,-0.16939117014408112,,17.610000610351562
11-10,1.315916193789235e-07,9.15895981279391e-08,,,0.0002774711756501347,0.0009829506743699312,0.004681652411818504,0.004611427430063486,,,17.610000610351562
11-11,1.315916193789235e-07,9.15895981279391e-08,,4.188616458122851e-06,0.0002774711756501347,0.0009829506743699312,0.004681652411818504,,,1.1469745635986328,17.610000610351562
11-12,1.315916193789235e-07,,1.606163664291671e-07,4.188616458122851e-06,0.0002774711756501347,0.0009829506743699312,,,-0.16939117014408112,1.1469745635986328,17.610000610351562
11-13,,,1.606163664291671e-07,4.188616458122851e-06,0.0002774711756501347,0.0009829506743699312,,0.004611427430063486,-0.16939117014408112,1.1469745635986328,17.610000610351562
11-14,,9.15895981279391e-08,1.5359486837951408e-07,4.134219125262462e-06,0.0002774711756501347,,0.0043539367616176605,0.004611427430063486,-0.16939117014408112,1.1469745635986328,
11-15,1.315916193789235e-07,9.15895981279391e-08,1.5359486837951408e-07,4.134219125262462e-06,,,0.0043539367616176605,0.004611427430063486,-0.16939117014408112,1.1469745635986328,
11-16,1.315916193789235e-07,8.3761428015805e-08,1.5359486837951408e-07,,,0.0009829506743699312,0.0043539367616176605,0.004611427430063486,-0.16939117014408112,,17.610000610351562
11-17,1.315916193789235e-07,8.3761428015805e-08,,,0.0002774711756501347,0.0009979004971683025,0.0043539367616176605,0.004611427430063486,,,17.610000610351562
11-18,1.315916193789235e-07,8.3761428015805e-08,,4.134219125262462e-06,0.0002774711756501347,0.0009979004971683025,0.0043539367616176605,,,1.1469745635986328,17.610000610351562
11-19,1.315916193789235e-07,,1.5359486837951408e-07,3.875829861499369e-06,0.0002774711756501347,0.0009605259401723742,,,-0.16939117014408112,1.1469745635986328,
11-20,,,1.5359486837951408e-07,3.875829861499369e-06,0.0002774711756501347,0.0009605259401723742,,0.004611427430063486,-0.16939117014408112,1.1469745635986328,
11-21,,8.3761428015805e-08,1.5359486837951408e-07,4.283812359062722e-06,0.0002774711756501347,,0.0043539367616176605,0.004611427430063486,-0.16939117014408112,1.1469745635986328,
11-22,1.315916193789235e-07,8.3761428015805e-08,,4.283812359062722e-06,,,0.0043539367616176605,0.004611427430063486,,1.1469745635986328,
11-23,1.315916193789235e-07,8.3761428015805e-08,1.5359486837951408e-07,,,0.0009605259401723742,0.0043539367616176605,,-0.16939117014408112,,
11-24,1.315916193789235e-07,,,,0.0002774711756501347,0.0009605259401723742,,0.004611427430063486,,,
11-25,,8.3761428015805e-08,,4.283812359062722e-06,0.0002774711756501347,0.0009605259401723742,0.0043539367616176605,,,1.1469745635986328,
11-26,1.315916193789235e-07,,1.5359486837951408e-07,4.283812359062722e-06,0.0002774711756501347,,,,-0.16939117014408112,1.1100165843963623,
11-27,,,1.8909727828031464e-07,4.039023224322591e-06,,0.0009605259401723742,,0.004611427430063486,-0.16939117014408112,1.1100165843963623,
11-28,,8.3761428015805e-08,1.8909727828031464e-07,,0.0002774711756501347,,0.0043539367616176605,0.004611427430063486,-0.16939117014408112,,
11-29,1.315916193789235e-07,8.3761428015805e-08,1.8080314134749642e-07,4.039023224322591e-06,,,0.0043539367616176605,0.004611427430063486,-0.16939117014408112,1.1100165843963623,
11-30,1.315916193789235e-07,8.3761428015805e-08,1.799254363277214e-07,,,0.0009605259401723742,0.0043539367616176605,0.004611427430063486,-0.16939117014408112,,
12-01,1.315916193789235e-07,8.3761428015805e-08,,,0.0002774711756501347,0.0009605259401723742,0.0043539367616176605,0.004611427430063486,,,
12-02,1.315916193789235e-07,8.3761428015805e-08,,4.039023224322591e-06,0.0002774711756501347,0.0009605259401723742,0.0043539367616176605,,,1.1100165843963623,
12-03,1.315916193789235e-07,,1.799254363277214e-07,4.039023224322591e-06,0.0002774711756501347,0.0009605259401723742,,,-0.16939117014408112,1.1100165843963623,
12-04,,,1.772923923226699e-07,4.039023224322591e-06,0.0002774711756501347,0.0009605259401723742,,0.004611427430063486,-0.16939117014408112,1.1100165843963623,
12-05,,8.3761428015805e-08,1.772923923226699e-07,4.283812359062722e-06,0.0002774711756501347,,0.0043539367616176605,0.004611427430063486,,1.1100165843963623,
12-06,1.315916193789235e-07,8.3761428015805e-08,1.772923923226699e-07,4.283812359062722e-06,,,0.0043539367616176605,0.004611427430063486,-0.16939117014408112,1.1100165843963623,
12-07,1.315916193789235e-07,8.3761428015805e-08,1.772923923226699e-07,,,0.0009605259401723742,0.0043539367616176605,0.004611427430063486,-0.16939117014408112,,
12-08,1.315916193789235e-07,8.3761428015805e-08,,,0.0002774711756501347,0.0009605259401723742,0.0043539367616176605,0.004611427430063486,,,
12-09,1.315916193789235e-07,8.3761428015805e-08,,4.283812359062722e-06,0.0002774711756501347,0.0009605259401723742,0.0043539367616176605,,,1.1100165843963623,
12-10,1.315916193789235e-07,,1.772923923226699e-07,4.283812359062722e-06,0.0002774711756501347,0.0009605259401723742,,,-0.16939117014408112,1.1100165843963623,
12-11,,,1.799254363277214e-07,4.283812359062722e-06,0.0002774711756501347,0.0009268888388760388,,0.004611427430063486,-0.16939117014408112,1.1100165843963623,
12-12,,8.3761428015805e-08,1.7553705333739344e-07,4.283812359062722e-06,0.0002774711756501347,,0.0043539367616176605,0.004611427430063486,-0.16939117014408112,1.1100165843963623,
12-13,1.315916193789235e-07,8.3761428015805e-08,1.7553705333739344e-07,4.283812359062722e-06,,,0.0043539367616176605,0.004611427430063486,-0.16939117014408112,1.1100165843963623,
12-14,1.315916193789235e-07,8.3761428015805e-08,1.7553705333739344e-07,,,0.0009268888388760388,0.0043539367616176605,0.004611427430063486,-0.16939117014408112,,
12-15,1.315916193789235e-07,8.3761428015805e-08,,,0.0002774711756501347,0.0009268888388760388,0.0043539367616176605,0.004611427430063486,,,
12-16,1.315916193789235e-07,8.3761428015805e-08,,4.283812359062722e-06,0.0002774711756501347,0.0009268888388760388,0.0043539367616176605,,,1.1100165843963623,
12-17,1.3793338382583897e-07,,1.7553705333739344e-07,4.283812359062722e-06,0.00028898881282657385,0.0009268888388760388,,,-0.16939117014408112,1.1100165843963623,
12-18,,,1.7553705333739344e-07,4.283812359062722e-06,0.00028898881282657385,0.0009268888388760388,,0.004611427430063486,-0.16939117014408112,1.1100165843963623,
12-19,,8.3761428015805e-08,1.7553705333739344e-07,4.283812359062722e-06,0.00028898881282657385,,0.0043539367616176605,0.004611427430063486,-0.16939117014408112,1.1100165843963623,
12-20,1.4110430868186086e-07,8.3761428015805e-08,1.7553705333739344e-07,4.283812359062722e-06,,,0.0043539367616176605,0.004611427430063486,-0.16939117014408112,1.1100165843963623,
12-21,1.4110430868186086e-07,9.980917781149401e-08,1.7553705333739344e-07,,,0.0009119389578700066,0.0043539367616176605,0.004611427430063486,-0.16939117014408112,,
12-22,1.4110430868186086e-07,9.980917781149401e-08,,,0.00028898881282657385,0.0009119389578700066,0.0043539367616176605,0.004611427430063486,,,
12-23,1.4110430868186086e-07,9.980917781149401e-08,,4.1478178900433704e-06,0.00028898881282657385,0.0008895142818801105,0.0043539367616176605,,,1.1100165843963623,
12-24,,,1.7553705333739344e-07,4.07982088290737e-06,0.00028898881282657385,0.0008895142818801105,,,-0.16939117014408112,1.1100165843963623,
12-26,,,1.7553705333739344e-07,4.07982088290737e-06,0.00030888302717357874,,,0.004611427430063486,-0.16939117014408112,1.1100165843963623,
12-27,1.4110430868186086e-07,9.980917781149401e-08,1.7553705333739344e-07,4.07982088290737e-06,,,0.0043539367616176605,0.004611427430063486,-0.16939117014408112,1.1100165843963623,
12-28,1.4110430868186086e-07,9.980917781149401e-08,1.992345062262757e-07,,,0.0008895142818801105,0.0043539367616176605,0.004611427430063486,-0.16939117014408112,,
12-29,1.4110430868186086e-07,9.980917781149401e-08,,,0.00030888302717357874,0.0008895142818801105,0.0043539367616176605,0.004611427430063486,,,
12-30,1.4110430868186086e-07,9.980917781149401e-08,,4.406207153806463e-06,0.00030888302717357874,0.0008895142818801105,0.0043539367616176605,,,1.1100165843963623,
12-31,1.4110430868186086e-07,,1.992345062262757e-07,4.406207153806463e-06,0.00030888302717357874,0.0008895142818801105,,,-0.16939117014408112,1.1100165843963623,
