,2009,2010,2011,2012,2013,2014,2015,2016,2017,2018,2019,2020
01-02,2.9627628326416016,,,,3.864469289779663,4.573589324951172,3.3223283290863037,,,3.4728293418884277,2.319258451461792,3.138516902923584
01-03,,,2.472055673599243,1.9361271858215332,3.8549740314483643,4.573589324951172,,,3.271165132522583,3.4728293418884277,2.338996648788452,3.118652820587158
01-04,,1.9813473224639893,2.472055673599243,1.9548338651657104,3.9689149856567383,,,3.585845947265625,3.4070591926574707,3.511849880218506,2.487034559249878,
01-05,2.74981427192688,2.0924508571624756,2.453537940979004,1.8987140655517578,,,3.3223283290863037,3.6147632598876953,3.4555928707122803,3.580136299133301,,
01-06,2.6850039958953857,2.1109681129455566,2.3979856967926025,1.8987140655517578,,4.497203350067139,3.2071032524108887,3.6244029998779297,3.3294053077697754,,,3.1087207794189453
01-07,2.74981427192688,2.2220726013183594,2.2776241302490234,,3.731539011001587,4.506750583648682,3.2071032524108887,3.5762062072753906,,,2.477165460586548,3.118652820587158
01-08,2.814624547958374,2.240588903427124,,,3.731539011001587,4.506750583648682,3.2071032524108887,3.4798123836517334,,3.531360387802124,2.5955958366394043,3.138516902923584
01-09,2.823883056640625,,,1.8987140655517578,3.731539011001587,4.554492950439453,3.0918781757354736,,3.4264724254608154,3.638666868209839,2.575857162475586,3.0888564586639404
01-10,,,2.2961411476135254,1.945480465888977,3.6460840702056885,4.459009647369385,,,3.377938985824585,3.7069530487060547,2.6252033710479736,3.0789246559143066
01-11,,2.18503737449646,2.2776241302490234,1.9361271858215332,3.6460840702056885,,,3.5183701515197754,3.3099920749664307,3.638666868209839,2.6054649353027344,
01-12,2.823883056640625,2.166520118713379,2.3516926765441895,1.9080673456192017,,,3.0918781757354736,3.4701731204986572,3.3002851009368896,3.6289117336273193,,
01-13,2.74981427192688,2.166520118713379,2.3146586418151855,1.8800078630447388,,4.4208173751831055,3.0918781757354736,3.373779296875,3.3002851009368896,,,3.0888564586639404
01-14,2.6479687690734863,2.453537940979004,2.3239169120788574,,3.6460840702056885,4.4685587882995605,3.0918781757354736,3.4798123836517334,,,2.5955958366394043,3.0193324089050293
01-15,2.6294519901275635,2.453537940979004,,,3.62709379196167,4.4685587882995605,3.0822761058807373,3.3641397953033447,,,2.6844184398651123,2.9994685649871826
01-16,2.6016762256622314,,,,3.5416390895843506,4.296691417694092,3.0822761058807373,,,3.6874425411224365,2.575857162475586,2.9895365238189697
01-17,,,,1.8706543445587158,3.418203592300415,4.382624626159668,,,3.3973522186279297,3.550870656967163,2.6054649353027344,2.9994685649871826
01-18,,,2.2868828773498535,1.861301064491272,3.418203592300415,,,,3.368232011795044,3.40454363822937,2.664680004119873,
01-19,,2.453537940979004,2.2961411476135254,1.8706543445587158,,,,3.3930585384368896,3.3876454830169678,3.40454363822937,,
01-20,2.3146586418151855,2.453537940979004,2.2868828773498535,1.9828933477401733,,,3.111081838607788,3.2195496559143066,3.4070591926574707,,,
01-21,2.4072444438934326,2.2961411476135254,2.19429612159729,,,4.382624626159668,3.1782968044281006,3.3159432411193848,,,,3.0789246559143066
01-22,2.2961411476135254,2.268364906311035,,,3.59860897064209,4.382624626159668,3.187898874282837,3.3545007705688477,,3.453319549560547,2.575857162475586,3.1087207794189453
01-23,2.3702101707458496,,,2.067073106765747,3.58911395072937,4.163016319274902,3.2263073921203613,,3.4167659282684326,3.580136299133301,2.6054649353027344,3.0987884998321533
01-24,,,2.17577862739563,1.9735400676727295,3.655579090118408,4.143919944763184,,,3.348818778991699,3.5216052532196045,2.6844184398651123,3.2477688789367676
01-25,,2.3239169120788574,2.2220726013183594,2.0764262676239014,3.6175990104675293,,,3.4026975631713867,3.339111804962158,3.463073968887329,2.7140259742736816,
01-26,2.3331756591796875,2.2591066360473633,2.18503737449646,2.0764262676239014,,,3.2263073921203613,3.412337064743042,3.3973522186279297,3.511849880218506,,
01-27,2.546124219894409,2.249847888946533,2.1294853687286377,1.9735400676727295,,4.07708215713501,3.2263073921203613,3.4412550926208496,3.3973522186279297,,,3.0689926147460938
01-28,2.518348217010498,2.3146586418151855,2.1294853687286377,,3.5416390895843506,4.0961785316467285,3.30312442779541,3.335221767425537,,,2.7140259742736816,3.029264450073242
01-29,2.462796688079834,2.2868828773498535,,,3.5416390895843506,4.067534923553467,3.30312442779541,2.9400079250335693,,3.5411157608032227,2.7140259742736816,3.049128532409668
01-30,2.444279432296753,,,1.9735400676727295,3.693558931350708,3.828829526901245,3.408747434616089,,3.3294053077697754,3.463073968887329,2.7041566371917725,3.029264450073242
01-31,,,2.157261371612549,2.141899347305298,3.9499239921569824,3.8670220375061035,,,3.3099920749664307,3.40454363822937,2.763371706008911,3.138516902923584
02-01,,2.2313308715820312,2.17577862739563,2.0296599864959717,3.731539011001587,,,2.6508266925811768,3.4264724254608154,3.21919584274292,2.6942875385284424,
02-02,2.416503429412842,2.3054001331329346,2.17577862739563,2.0296599864959717,,,3.5047686100006104,2.6411871910095215,3.358525276184082,3.1021342277526855,,
02-03,2.3146586418151855,2.3146586418151855,2.536865711212158,2.0296599864959717,,3.676058053970337,3.475961685180664,2.5544331073760986,3.4264724254608154,,,3.128584861755371
02-04,2.3239169120788574,2.3146586418151855,2.3146586418151855,,3.5701236724853516,3.685606002807617,3.4471559524536133,2.48695707321167,,,2.644941568374634,3.128584861755371
02-05,2.2776241302490234,2.2868828773498535,,,3.522649049758911,3.78108811378479,3.4471559524536133,2.564072608947754,,3.053358793258667,2.6350724697113037,3.1087207794189453
02-06,2.2776241302490234,,,2.0296599864959717,3.655579090118408,3.78108811378479,3.4471559524536133,,3.5041263103485107,3.053358793258667,2.654810905456543,3.0888564586639404
02-07,,,2.3609519004821777,2.095132827758789,3.655579090118408,3.8956665992736816,,,3.5041263103485107,3.1021342277526855,2.6252033710479736,3.1782448291778564
02-08,,2.3146586418151855,2.3609519004821777,2.1886653900146484,3.655579090118408,,,2.5158755779266357,3.484712839126587,3.1411547660827637,2.6054649353027344,
02-09,2.2220726013183594,2.3146586418151855,2.3054001331329346,2.2073721885681152,,,3.3703391551971436,2.313448429107666,3.4555928707122803,3.1021342277526855,,
02-10,2.18503737449646,2.157261371612549,2.3054001331329346,2.2073721885681152,,3.7715396881103516,3.3703391551971436,2.1881368160247803,3.494419574737549,,,3.1583807468414307
02-11,2.203555107116699,2.1387441158294678,2.2868828773498535,,3.655579090118408,3.8956665992736816,3.3703391551971436,2.2459733486175537,,,2.565988063812256,3.1484487056732178
02-12,2.1294853687286377,2.1109681129455566,,,3.655579090118408,3.8956665992736816,3.3703391551971436,2.265251874923706,,3.160665273666382,2.6942875385284424,3.208040952682495
02-13,2.17577862739563,,,2.2915515899658203,3.7790138721466064,3.8479256629943848,3.571983575820923,,3.5138328075408936,3.1509101390838623,2.6844184398651123,3.0689926147460938
02-14,,,2.2313308715820312,2.254138708114624,3.7790138721466064,3.8479256629943848,,,3.5429532527923584,3.2094404697418213,2.644941568374634,3.0193324089050293
02-15,,,2.203555107116699,2.328964948654175,3.7790138721466064,,,,3.60119366645813,3.21919584274292,2.733764171600342,
02-16,,2.0276403427124023,2.3146586418151855,2.310258388519287,,,,2.265251874923706,3.6206071376800537,3.0631136894226074,,
02-17,1.9813473224639893,2.0091233253479004,2.3146586418151855,2.2728450298309326,,,3.571983575820923,2.3616456985473633,3.610900402069092,,,
02-18,1.9443132877349854,2.19429612159729,2.3331756591796875,,,3.905214786529541,3.571983575820923,2.496596574783325,,,,3.1087207794189453
02-19,1.7869162559509277,2.19429612159729,,,3.7790138721466064,3.9434080123901367,3.7928316593170166,2.43876051902771,,,2.7140259742736816,3.0888564586639404
02-20,1.7683990001678467,,,,4.206289291381836,3.8861186504364014,3.7928316593170166,,,3.072868824005127,2.733764171600342,3.0789246559143066
02-21,,,,2.2728450298309326,4.206289291381836,3.8479256629943848,,,3.610900402069092,3.1411547660827637,2.82258677482605,3.039196491241455
02-22,,2.0739336013793945,2.3794684410095215,2.2915515899658203,4.206289291381836,,,2.448399782180786,3.591487169265747,3.111889600753784,2.6942875385284424,
02-23,1.6480365991592407,2.1017093658447266,2.462796688079834,2.338317632675171,,,3.7928316593170166,2.390563726425171,3.60119366645813,3.180175304412842,,
02-24,1.6295194625854492,2.0461578369140625,2.462796688079834,2.357024669647217,,3.857473850250244,3.639198064804077,2.3230881690979004,3.6400201320648193,,,2.900148391723633
02-25,1.5091572999954224,2.1294853687286377,2.462796688079834,,4.1208343505859375,3.857473850250244,3.639198064804077,2.3230881690979004,,,2.7140259742736816,2.89021635055542
02-26,1.6850714683532715,2.0924508571624756,,,4.1208343505859375,3.838376998901367,3.639198064804077,2.2845306396484375,,3.2289509773254395,2.7238948345184326,2.880284309387207
02-27,1.573967695236206,,,2.36637806892395,4.1208343505859375,3.962503671646118,3.639198064804077,,3.5235400199890137,3.2094404697418213,2.733764171600342,2.6816439628601074
02-28,,,2.3979856967926025,2.385084390640259,4.1208343505859375,3.972052812576294,,,3.484712839126587,3.092379331588745,2.7140259742736816,2.562459707260132
02-29,,,,2.394437313079834,,,,2.3327274322509766,,,,
03-01,,2.0924508571624756,2.5553829669952393,2.394437313079834,4.1208343505859375,,,2.400203227996826,3.552659749984741,3.033848285675049,2.733764171600342,
03-02,1.546191692352295,2.0646753311157227,2.5553829669952393,2.4131436347961426,,,3.639198064804077,2.3327274322509766,3.572073221206665,3.0826239585876465,,2.622051954269409
03-03,1.5091572999954224,2.0646753311157227,2.499831199645996,,,3.905214786529541,3.639198064804077,2.5833513736724854,3.572073221206665,,,2.6717121601104736
03-04,1.6480365991592407,2.0554165840148926,2.499831199645996,,4.3392205238342285,3.905214786529541,3.687208414077759,2.5447938442230225,,,2.8127174377441406,2.631983995437622
03-05,1.573967695236206,2.0646753311157227,,2.328964948654175,4.3392205238342285,3.905214786529541,3.687208414077759,,,3.092379331588745,2.7831099033355713,2.6121201515197754
03-06,1.4628641605377197,,,2.3196115493774414,4.348715305328369,3.905214786529541,3.725616931915283,,3.5429532527923584,3.111889600753784,2.6942875385284424,2.542595863342285
03-07,,,2.499831199645996,2.3196115493774414,4.253764629364014,3.914762258529663,,2.5929906368255615,3.5332465171813965,3.092379331588745,2.6844184398651123,
03-08,,2.1387441158294678,2.6572275161743164,2.4131436347961426,4.253764629364014,,,2.5929906368255615,3.4458861351013184,3.1411547660827637,2.6844184398651123,
03-09,1.4628641605377197,2.19429612159729,2.5924172401428223,2.422497510910034,,,3.725616931915283,2.5351545810699463,3.4555928707122803,3.1411547660827637,,2.2744314670562744
03-10,1.425829529762268,2.0924508571624756,2.5831587314605713,,,3.914762258529663,3.725616931915283,2.5158755779266357,3.465299606323242,,,2.4432756900787354
03-11,1.425829529762268,2.0183818340301514,2.546124219894409,,4.775990009307861,3.914762258529663,3.725616931915283,2.621908664703369,,,2.7732410430908203,2.3439555168151855
03-12,1.425829529762268,2.0183818340301514,,2.4318506717681885,4.775990009307861,3.7715396881103516,3.725616931915283,,,3.1509101390838623,2.7732410430908203,2.1651792526245117
03-13,1.5184160470962524,,,2.4318506717681885,4.633565902709961,3.676058053970337,3.725616931915283,,3.475006103515625,3.160665273666382,2.82258677482605,2.2446353435516357
03-14,,,2.4257616996765137,2.4318506717681885,4.7664947509765625,3.628316640853882,,2.6508266925811768,3.552659749984741,3.160665273666382,2.6942875385284424,
03-15,,2.1017093658447266,2.453537940979004,2.4318506717681885,4.586089611053467,,,2.660466194152832,3.5623667240142822,3.1411547660827637,2.8521945476531982,
03-16,1.8517266511917114,2.1387441158294678,2.3424341678619385,2.4599108695983887,,,3.725616931915283,2.660466194152832,3.5235400199890137,3.1021342277526855,,2.065859079360962
03-17,1.9257959127426147,2.0831923484802246,2.268364906311035,,,3.656961441040039,3.725616931915283,2.6797444820404053,3.5235400199890137,,,2.2545673847198486
03-18,1.9257959127426147,2.1387441158294678,2.3516926765441895,,4.624070167541504,3.656961441040039,3.725616931915283,2.6508266925811768,,,2.82258677482605,2.314159393310547
03-19,1.9443132877349854,2.0924508571624756,,2.497323751449585,4.624070167541504,3.561479330062866,3.8792507648468018,,,3.1021342277526855,2.8719327449798584,2.5227317810058594
03-20,1.9257959127426147,,,2.4599108695983887,4.4626545906066895,3.50419020652771,4.0136799812316895,,3.475006103515625,3.0826239585876465,2.8620638847351074,2.473071813583374
03-21,,,2.509089231491089,2.4599108695983887,4.367704391479492,3.5423831939697266,,2.621908664703369,3.5138328075408936,3.092379331588745,2.921278953552246,
03-22,,2.0924508571624756,2.536865711212158,2.347670793533325,4.4626545906066895,,,2.631547689437866,3.475006103515625,3.0826239585876465,2.82258677482605,
03-23,2.0646753311157227,2.120227098464966,2.444279432296753,2.357024669647217,,,4.0136799812316895,2.5447938442230225,3.5429532527923584,2.9948275089263916,,2.4532077312469482
03-24,2.1294853687286377,2.0646753311157227,2.3794684410095215,,,3.3418707847595215,3.917658567428589,2.5833513736724854,3.494419574737549,,,2.463139772415161
03-25,2.0461578369140625,2.0646753311157227,2.2868828773498535,,4.491139888763428,3.3418707847595215,3.917658567428589,,,,2.7140259742736816,2.542595863342285
03-26,2.1109681129455566,1.9535716772079468,,2.385084390640259,4.491139888763428,3.4183497428894043,3.994476318359375,,,3.0143380165100098,2.8028485774993896,2.6717121601104736
03-27,2.157261371612549,,,2.4037907123565674,4.491139888763428,3.4279518127441406,3.913583993911743,,3.5138328075408936,3.0240931510925293,2.842325210571289,2.711440086364746
03-28,,,2.2915515899658203,2.478616714477539,4.3392205238342285,3.4279518127441406,,2.5447938442230225,3.5623667240142822,3.120619297027588,2.8703525066375732,
03-29,,2.148002862930298,2.254138708114624,2.4879703521728516,,,,2.5722811222076416,3.5235400199890137,3.1186625957489014,2.800828218460083,
03-30,1.9720885753631592,2.2220726013183594,2.254138708114624,2.4131436347961426,,,3.913583993911743,2.5819880962371826,3.580136299133301,,,2.7300000190734863
03-31,1.898019790649414,2.19429612159729,2.2354319095611572,,,3.7544233798980713,3.913583993911743,2.6111083030700684,3.5996463298797607,,,2.690000057220459
04-01,2.0646753311157227,2.19429612159729,2.198018789291382,,4.168309688568115,3.7544233798980713,3.8846664428710938,2.6111083030700684,,,2.79089617729187,2.5799999237060547
04-02,2.3887274265289307,,,2.385084390640259,4.453159332275391,3.8216381072998047,3.8846664428710938,,,3.0298397541046143,2.9200124740600586,2.490000009536743
04-03,2.4257616996765137,,,2.385084390640259,4.4626545906066895,3.744821548461914,,,3.4825844764709473,3.019970417022705,2.880284309387207,2.4700000286102295
04-04,,,2.198018789291382,2.385084390640259,4.728515625,3.7928316593170166,,2.426680564880371,3.511849880218506,2.9903628826141357,2.810760259628296,
04-05,,2.2591066360473633,2.198018789291382,2.347670793533325,5.003870487213135,,,2.3490264415740967,3.4142990112304688,3.089055061340332,2.7511680126190186,
04-06,2.4257616996765137,2.2313308715820312,2.067073106765747,,,,3.8750264644622803,2.3296127319335938,3.40454363822937,3.019970417022705,,2.6600000858306885
04-07,2.3979856967926025,2.3239169120788574,2.067073106765747,,,3.7928316593170166,3.8750264644622803,2.41697359085083,3.4435641765594482,,,2.880000114440918
04-08,2.2961411476135254,2.3239169120788574,2.1044859886169434,,5.459630489349365,3.6487998962402344,3.8750264644622803,2.41697359085083,,,2.8306241035461426,2.7899999618530273
04-09,2.4072444438934326,2.3239169120788574,,2.282198190689087,5.288721084594727,3.687208414077759,3.9328625202178955,,,3.019970417022705,2.731304168701172,2.740000009536743
04-10,,,,2.328964948654175,5.317205905914307,3.571983575820923,3.903944969177246,,3.5020947456359863,3.0594472885131836,2.701508045196533,
04-11,,,2.1044859886169434,2.328964948654175,5.17478084564209,3.571983575820923,,2.4655070304870605,3.492339849472046,3.108793258666992,2.701508045196533,
04-12,,2.3239169120788574,2.095132827758789,2.347670793533325,5.07033634185791,,,2.6984682083129883,3.463073968887329,3.1186625957489014,2.79089617729187,
04-13,2.3516926765441895,2.3516926765441895,2.095132827758789,2.394437313079834,,,3.903944969177246,2.766415596008301,3.4338090419769287,3.1186625957489014,,2.630000114440918
04-14,2.3516926765441895,2.444279432296753,2.095132827758789,,,3.5911874771118164,3.903944969177246,2.7761223316192627,,,,2.6500000953674316
04-15,2.3702101707458496,2.6294519901275635,2.123192548751831,,4.9753851890563965,3.639198064804077,3.894305467605591,2.7858288288116455,,,2.810760259628296,2.5
04-16,2.3516926765441895,2.5553829669952393,,2.394437313079834,5.003870487213135,3.744821548461914,4.000339031219482,,,3.1482701301574707,2.7611000537872314,2.359999895095825
04-17,2.3146586418151855,,,2.394437313079834,5.098820209503174,3.744821548461914,4.000339031219482,,3.4338090419769287,3.1186625957489014,2.810760259628296,2.3499999046325684
04-18,,,2.0764262676239014,2.394437313079834,5.098820209503174,,,2.717881917953491,3.4435641765594482,2.9804937839508057,2.810760259628296,
04-19,,2.462796688079834,2.0857794284820557,2.4131436347961426,5.098820209503174,,,2.8149490356445312,3.5411157608032227,3.010101318359375,,
04-20,2.2591066360473633,2.499831199645996,2.0857794284820557,2.385084390640259,,,4.000339031219482,2.7858288288116455,3.6679325103759766,3.0397088527679443,,2.2899999618530273
04-21,2.2220726013183594,2.499831199645996,2.141899347305298,,,3.8792507648468018,4.000339031219482,2.824655771255493,3.6191565990448,,,2.25
04-22,2.21281361579895,2.499831199645996,,,5.032355308532715,3.6199934482574463,4.000339031219482,2.96055006980896,,,2.7511680126190186,2.369999885559082
04-23,2.3424341678619385,2.453537940979004,,2.347670793533325,5.136800765991211,3.7928316593170166,4.096732139587402,,,3.0693163871765137,2.7611000537872314,2.4100000858306885
04-24,2.481313705444336,,,2.282198190689087,5.136800765991211,3.7928316593170166,4.096732139587402,,3.677687406539917,3.098924160003662,2.7611000537872314,2.380000114440918
04-25,,,2.141899347305298,2.282198190689087,5.136800765991211,3.773627519607544,,2.9217233657836914,3.7069530487060547,3.098924160003662,2.731304168701172,
04-26,,2.453537940979004,2.198018789291382,2.282198190689087,5.136800765991211,,,2.931429862976074,3.7557284832000732,3.2074851989746094,2.6717121601104736,
04-27,2.777590036392212,2.536865711212158,2.198018789291382,2.282198190689087,,,4.096732139587402,2.9120163917541504,3.7654833793640137,3.17787766456604,,2.4200000762939453
04-28,2.6942625045776367,2.3702101707458496,2.263491630554199,,,3.7928316593170166,4.096732139587402,2.824655771255493,3.7069530487060547,,,2.490000009536743
04-29,2.722038507461548,2.3887274265289307,2.2167251110076904,,5.136800765991211,3.8408420085906982,4.096732139587402,2.6693484783172607,,,2.7511680126190186,2.5399999618530273
04-30,2.3979856967926025,2.3887274265289307,,2.385084390640259,5.260235786437988,3.744821548461914,4.096732139587402,,,3.18774676322937,2.7511680126190186,2.369999885559082
05-01,2.490572214126587,,,2.385084390640259,5.260235786437988,3.744821548461914,4.019617557525635,,3.6484220027923584,3.0791854858398438,2.721372127532959,2.359999895095825
05-02,,,2.2167251110076904,2.282198190689087,5.260235786437988,3.8504445552825928,,2.6208150386810303,3.697197914123535,3.0594472885131836,2.711440086364746,
05-03,,2.3887274265289307,2.347670793533325,2.282198190689087,5.260235786437988,,,2.640228271484375,3.6679325103759766,3.089055061340332,2.6816439628601074,
05-04,2.4072444438934326,2.2961411476135254,2.347670793533325,2.263491630554199,,,4.019617557525635,2.747002124786377,3.6874425411224365,3.0397088527679443,,2.3299999237060547
05-05,2.416503429412842,2.2961411476135254,2.338317632675171,,,3.8984549045562744,3.9714200496673584,2.6014013290405273,3.736218214035034,,,2.4100000858306885
05-06,2.453537940979004,2.2776241302490234,2.338317632675171,,5.250741004943848,3.8984549045562744,3.9617812633514404,2.717881917953491,,,2.731304168701172,2.3399999141693115
05-07,2.453537940979004,2.2961411476135254,,2.263491630554199,5.250741004943848,3.8984549045562744,4.000339031219482,,,3.1285316944122314,2.651848077774048,2.4000000953674316
05-08,2.6016762256622314,,,2.282198190689087,5.1842756271362305,3.8984549045562744,4.106372356414795,,3.736218214035034,3.0397088527679443,2.711440086364746,2.440000057220459
05-09,,,2.2915515899658203,2.2728450298309326,5.060840606689453,4.052088737487793,,2.747002124786377,3.7264630794525146,3.1482701301574707,2.6915760040283203,
05-10,,2.240588903427124,2.2915515899658203,2.300905227661133,5.079831123352051,,,2.824655771255493,3.589891195297241,3.1482701301574707,2.651848077774048,
05-11,2.6201932430267334,2.2313308715820312,2.2915515899658203,2.282198190689087,,,4.067814350128174,3.0090835094451904,3.346012830734253,3.1482701301574707,,2.5899999141693115
05-12,2.722038507461548,2.1294853687286377,2.2915515899658203,,,4.080894470214844,4.0581746101379395,3.0187900066375732,3.3167474269866943,,,2.440000057220459
05-13,2.6942625045776367,2.2220726013183594,2.2915515899658203,,5.440640926361084,4.1385064125061035,4.0581746101379395,2.9120163917541504,,,2.6915760040283203,2.5
05-14,2.6387107372283936,2.0368995666503906,,2.282198190689087,5.269731521606445,4.023281574249268,4.0581746101379395,,,3.286438465118408,2.622051954269409,2.4000000953674316
05-15,2.5739002227783203,,,2.123192548751831,5.12730598449707,4.080894470214844,4.0581746101379395,,3.3362574577331543,3.276569366455078,2.701508045196533,2.3499999046325684
05-16,,,2.1606059074401855,2.123192548751831,4.965890407562256,4.080894470214844,,2.9896700382232666,3.3167474269866943,3.3061769008636475,2.651848077774048,
05-17,,2.0368995666503906,2.0296599864959717,2.123192548751831,4.965890407562256,,,2.863482713699341,3.238706350326538,3.3752613067626953,2.6915760040283203,
05-18,2.5739002227783203,1.9906057119369507,2.0483665466308594,2.123192548751831,,,4.0099778175354,3.067324161529541,3.238706350326538,3.3851304054260254,,2.4200000762939453
05-19,2.6294519901275635,1.9257959127426147,1.9174206256866455,,,4.080894470214844,4.019617557525635,3.077030897140503,3.3167474269866943,,,2.440000057220459
05-20,2.6294519901275635,1.9165369272232056,1.8706543445587158,,5.07033634185791,3.9848742485046387,4.019617557525635,3.077030897140503,,,2.731304168701172,2.440000057220459
05-21,2.6201932430267334,1.9906057119369507,,2.123192548751831,5.07033634185791,4.061690330505371,3.981060266494751,,,3.3061769008636475,2.8604204654693604,2.390000104904175
05-22,2.5924172401428223,,,2.123192548751831,5.003870487213135,4.061690330505371,3.981060266494751,,3.2874820232391357,3.345653772354126,2.7809641361236572,2.390000104904175
05-23,,,1.8425946235656738,1.9828933477401733,4.38669490814209,4.0136799812316895,,3.067324161529541,3.258216381072998,3.3160459995269775,2.721372127532959,
05-24,,1.8054333925247192,1.9922471046447754,2.113839626312256,4.4626545906066895,,,3.0576171875,3.326502561569214,3.2074851989746094,2.7710320949554443,
05-25,,1.842468023300171,1.9828933477401733,2.001600503921509,,,,3.0576171875,3.2679715156555176,3.246961832046509,,
05-26,2.6294519901275635,1.7776575088500977,1.9828933477401733,,,,3.7497150897979736,3.077030897140503,3.258216381072998,,,2.4600000381469727
05-27,2.6294519901275635,1.8239508867263794,1.9641869068145752,,,4.023281574249268,3.7497150897979736,3.0867373943328857,,,,2.569999933242798
05-28,2.6294519901275635,1.8239508867263794,,,4.595584392547607,4.071292400360107,3.826829671859741,,,,2.7511680126190186,2.5999999046325684
05-29,2.444279432296753,,,2.001600503921509,4.443665027618408,4.071292400360107,3.9521408081054688,,,3.266700029373169,2.7412362098693848,2.509999990463257
05-30,,,,2.001600503921509,4.443665027618408,4.03288459777832,,,3.2484610080718994,3.2272233963012695,2.7710320949554443,
05-31,,,1.9828933477401733,1.945480465888977,4.510129928588867,,,3.0867373943328857,3.2094404697418213,3.168008327484131,2.7809641361236572,
06-01,2.518348217010498,1.8239508867263794,1.9641869068145752,1.8893609046936035,,,4.048535346984863,3.1061508655548096,3.160665273666382,3.2074851989746094,,2.5799999237060547
06-02,2.6850039958953857,1.842468023300171,1.9641869068145752,,,4.090497970581055,4.019617557525635,3.0576171875,3.160665273666382,,,2.549999952316284
06-03,2.536865711212158,1.8239508867263794,1.9641869068145752,,3.930933952331543,4.0136799812316895,3.9521408081054688,3.0090835094451904,,,2.8604204654693604,2.5899999141693115
06-04,2.6294519901275635,1.898019790649414,,1.8893609046936035,3.930933952331543,4.023281574249268,4.000339031219482,,,3.18774676322937,2.9398765563964844,2.619999885559082
06-05,2.6757452487945557,,,1.926774024963379,3.930933952331543,4.023281574249268,4.000339031219482,,3.160665273666382,3.246961832046509,2.9994685649871826,2.6700000762939453
06-06,,,1.9548338651657104,1.9174206256866455,4.035379409790039,4.023281574249268,,2.8828964233398438,3.4142990112304688,3.1976158618927,2.9895365238189697,
06-07,,1.8517266511917114,1.9548338651657104,1.9548338651657104,4.3392205238342285,,,3.0576171875,3.4728293418884277,3.4048688411712646,3.029264450073242,
06-08,2.7035207748413086,1.8517266511917114,1.8893609046936035,1.9922471046447754,,,4.000339031219482,2.96055006980896,3.4825844764709473,3.158139228820801,,2.7799999713897705
06-09,2.7035207748413086,1.7869162559509277,1.9174206256866455,,,4.080894470214844,4.000339031219482,2.834362506866455,3.463073968887329,,,2.75
06-10,2.870176315307617,1.860985517501831,1.8800078630447388,,4.4685587882995605,4.080894470214844,4.000339031219482,2.7761223316192627,,,3.1087207794189453,2.7799999713897705
06-11,2.870176315307617,1.9072784185409546,,2.02243709564209,4.3444318771362305,4.080894470214844,3.9232239723205566,,,3.158139228820801,3.059060573577881,2.569999933242798
06-12,3.0460898876190186,,,1.9464774131774902,4.287143230438232,4.042486190795898,3.9232239723205566,,3.4338090419769287,3.168008327484131,3.0193324089050293,2.619999885559082
06-13,,,1.83324134349823,1.9939521551132202,4.277594566345215,4.042486190795898,,2.717881917953491,3.4435641765594482,3.2272233963012695,3.138516902923584,
06-14,,1.9072784185409546,1.9174206256866455,2.01294207572937,4.153468608856201,,,2.7955358028411865,3.4142990112304688,3.1384007930755615,3.029264450073242,
06-15,3.0553486347198486,1.8054333925247192,1.8519479036331177,2.04142689704895,,,3.9232239723205566,2.863482713699341,3.326502561569214,3.1482701301574707,,2.5299999713897705
06-16,2.823883056640625,1.8332093954086304,1.861301064491272,,,4.042486190795898,3.9232239723205566,2.8828964233398438,3.3557677268981934,,,2.559999942779541
06-17,2.9257283210754395,1.870244026184082,1.861301064491272,,4.1725640296936035,4.042486190795898,3.9232239723205566,3.0090835094451904,,,2.969672441482544,2.6500000953674316
06-18,2.823883056640625,1.870244026184082,,2.079407215118408,4.325335502624512,4.042486190795898,3.9232239723205566,,,3.1384007930755615,2.959740400314331,2.619999885559082
06-19,3.0183145999908447,,,2.079407215118408,4.353980541229248,4.042486190795898,3.9232239723205566,,3.346012830734253,3.1384007930755615,2.949808359146118,2.5899999141693115
06-20,,,1.861301064491272,2.079407215118408,4.000696659088135,4.042486190795898,,2.941136598587036,3.385033369064331,3.158139228820801,2.979604482650757,
06-21,,1.7591402530670166,1.83324134349823,2.117387056350708,4.000696659088135,,,2.941136598587036,3.365523099899292,2.911409616470337,2.9200124740600586,
06-22,2.9997973442077637,1.7869162559509277,1.8145349025726318,2.1363773345947266,,,3.9232239723205566,2.9799633026123047,3.365523099899292,3.0594472885131836,,2.569999933242798
06-23,2.9257283210754395,1.7869162559509277,1.8145349025726318,,,3.9848742485046387,3.9232239723205566,3.0187900066375732,3.385033369064331,,,2.5799999237060547
06-24,2.9257283210754395,1.7961750030517578,1.7584149837493896,,4.0961785316467285,3.9848742485046387,3.9232239723205566,2.9023098945617676,,,2.9994685649871826,2.450000047683716
06-25,3.129417896270752,1.7961750030517578,,2.088901996612549,4.124823570251465,4.023281574249268,3.9232239723205566,,,3.1384007930755615,2.9994685649871826,2.4800000190734863
06-26,3.0460898876190186,,,2.088901996612549,4.067534923553467,4.042486190795898,3.9232239723205566,,3.326502561569214,3.18774676322937,2.959740400314331,2.4100000858306885
06-27,,,1.7584149837493896,2.155366897583008,4.1916608810424805,4.080894470214844,,2.6790549755096436,3.2972371578216553,3.1186625957489014,2.9895365238189697,
06-28,,1.573967695236206,1.7303553819656372,2.2313272953033447,4.296691417694092,,,2.6887617111206055,3.4142990112304688,3.0791854858398438,3.0193324089050293,
06-29,3.0460898876190186,1.4628641605377197,1.8145349025726318,2.2313272953033447,,,3.9232239723205566,2.7858288288116455,3.385033369064331,3.000232219696045,,2.430000066757202
06-30,2.897952079772949,1.546191692352295,1.8425946235656738,,,4.311345100402832,3.9232239723205566,2.853775978088379,3.4435641765594482,,,2.430000066757202
07-01,3.0553486347198486,1.564708948135376,1.9174206256866455,,4.535396099090576,4.224925994873047,3.9232239723205566,2.747002124786377,,,3.039196491241455,2.369999885559082
07-02,2.870176315307617,1.4813814163208008,,2.2788028717041016,4.535396099090576,4.292140960693359,3.9232239723205566,,,2.9410171508789062,3.1087207794189453,2.369999885559082
07-03,,,,2.3642578125,4.401721000671387,4.292140960693359,,,3.453319549560547,3.019970417022705,3.0987884998321533,
07-05,,,2.010953426361084,2.3167829513549805,4.401721000671387,,,2.717881917953491,3.4142990112304688,2.931147813796997,3.1782448291778564,
07-06,2.870176315307617,1.564708948135376,1.9922471046447754,2.3167829513549805,,,4.279880046844482,2.6984682083129883,3.40454363822937,2.9706246852874756,,2.369999885559082
07-07,2.759072780609131,1.546191692352295,2.0203068256378174,,,4.234528541564941,4.1449294090271,2.6693484783172607,3.365523099899292,,,2.3399999141693115
07-08,2.7405552864074707,1.555450201034546,2.0203068256378174,,4.401721000671387,4.205721855163574,4.067814350128174,2.6887617111206055,,,3.1484487056732178,2.369999885559082
07-09,2.7035207748413086,1.4906399250030518,,2.3167829513549805,4.6213297843933105,4.167314529418945,4.067814350128174,,,3.000232219696045,3.059060573577881,2.3499999046325684
07-10,2.5553829669952393,,,2.3167829513549805,4.6213297843933105,4.004078388214111,4.067814350128174,,3.346012830734253,3.010101318359375,3.1683127880096436,2.4000000953674316
07-11,,,1.9922471046447754,2.3167829513549805,4.6213297843933105,4.052088737487793,,2.737295389175415,3.306992530822754,2.9903628826141357,3.1782448291778564,
07-12,,1.4443467855453491,1.9922471046447754,2.3167829513549805,4.47810697555542,,,2.824655771255493,3.3557677268981934,2.9607553482055664,3.2477688789367676,
07-13,2.5831587314605713,1.4165709018707275,2.0483665466308594,2.3167829513549805,,,4.087092399597168,2.853775978088379,3.2679715156555176,2.9903628826141357,,2.430000066757202
07-14,2.6942625045776367,1.4443467855453491,1.9922471046447754,,,4.042486190795898,4.087092399597168,2.853775978088379,3.306992530822754,,,2.4100000858306885
07-15,2.5924172401428223,1.3425019979476929,2.0577199459075928,,4.47810697555542,4.042486190795898,4.193126201629639,2.931429862976074,,,3.1782448291778564,2.4000000953674316
07-16,2.4257616996765137,1.2962086200714111,,2.3167829513549805,4.487655162811279,4.080894470214844,4.241322040557861,,,2.9508864879608154,3.118652820587158,2.4100000858306885
07-17,2.444279432296753,,,2.3167829513549805,4.487655162811279,3.975271463394165,4.241322040557861,,3.306992530822754,2.921278953552246,3.029264450073242,2.4000000953674316
07-18,,,2.0483665466308594,2.3167829513549805,4.506750583648682,3.975271463394165,,2.931429862976074,3.2874820232391357,2.9015402793884277,3.118652820587158,
07-19,,1.2962086200714111,2.067073106765747,2.3167829513549805,4.506750583648682,,,2.9799633026123047,3.2289509773254395,2.9804937839508057,3.1484487056732178,
07-20,2.481313705444336,1.249915599822998,2.0764262676239014,2.3167829513549805,,,4.241322040557861,2.9023098945617676,3.2289509773254395,3.010101318359375,,2.4200000762939453
07-21,2.3794684410095215,1.3054674863815308,2.113839626312256,,,3.9560673236846924,4.241322040557861,2.863482713699341,3.2289509773254395,,,2.3399999141693115
07-22,2.3702101707458496,1.3425019979476929,2.1325459480285645,,4.6213297843933105,3.9560673236846924,4.241322040557861,2.766415596008301,,,3.049128532409668,2.369999885559082
07-23,2.3702101707458496,1.3517603874206543,,2.02243709564209,4.6213297843933105,3.9560673236846924,4.241322040557861,,,3.0594472885131836,3.1583807468414307,2.319999933242798
07-24,2.3702101707458496,,,2.02243709564209,4.6213297843933105,3.9560673236846924,4.241322040557861,,3.277726650238037,3.158139228820801,3.039196491241455,2.3499999046325684
07-25,,,2.151252508163452,2.02243709564209,4.459009647369385,3.90805721282959,,2.727588653564453,3.306992530822754,3.158139228820801,3.1683127880096436,
07-26,,1.3147259950637817,2.151252508163452,2.02243709564209,4.439914226531982,,,2.727588653564453,3.306992530822754,3.1976158618927,3.0987884998321533,
07-27,2.462796688079834,1.3980536460876465,2.151252508163452,2.193347454071045,,,4.154567718505859,2.649934768676758,3.258216381072998,3.168008327484131,,2.440000057220459
07-28,2.6109349727630615,1.4906399250030518,2.123192548751831,,,3.90805721282959,4.154567718505859,2.649934768676758,3.131399631500244,,,2.440000057220459
07-29,2.5739002227783203,1.4906399250030518,2.422497510910034,,4.306240081787109,3.9560673236846924,4.154567718505859,2.941136598587036,,,3.049128532409668,2.4000000953674316
07-30,2.6294519901275635,1.6850714683532715,,2.117387056350708,4.411269664764404,4.186517238616943,4.038895130157471,,,3.2272233963012695,3.0987884998321533,2.359999895095825
07-31,2.833141803741455,,,2.117387056350708,4.277594566345215,4.0136799812316895,4.183487415313721,,3.2289509773254395,3.1186625957489014,3.029264450073242,2.2300000190734863
08-01,,,2.357024669647217,2.193347454071045,4.353980541229248,4.0136799812316895,,2.931429862976074,3.3947885036468506,3.108793258666992,3.1583807468414307,
08-02,,1.7961750030517578,2.282198190689087,2.193347454071045,4.497203350067139,,,2.853775978088379,3.3752779960632324,3.0594472885131836,3.0987884998321533,
08-03,2.9905385971069336,1.7961750030517578,2.2915515899658203,2.2313272953033447,,,4.183487415313721,2.766415596008301,3.2972371578216553,3.0594472885131836,,2.119999885559082
08-04,3.0553486347198486,1.749881625175476,2.2915515899658203,,,4.03288459777832,4.405191898345947,2.950843334197998,3.3167474269866943,,,2.2100000381469727
08-05,3.0183145999908447,1.749881625175476,2.2354319095611572,,4.535396099090576,3.917658567428589,4.549781799316406,2.9120163917541504,,,3.039196491241455,2.180000066757202
08-06,2.9257283210754395,1.749881625175476,,2.2788028717041016,4.3157877922058105,3.917658567428589,4.549781799316406,,,2.9607553482055664,3.049128532409668,2.2100000381469727
08-07,2.9442453384399414,,,2.326277256011963,4.3157877922058105,3.946465492248535,4.549781799316406,,3.40454363822937,2.921278953552246,3.128584861755371,2.2300000190734863
08-08,,,2.1044859886169434,2.326277256011963,4.3157877922058105,3.946465492248535,,2.9120163917541504,3.4338090419769287,3.010101318359375,2.979604482650757,
08-09,,1.749881625175476,2.0577199459075928,2.2977921962738037,4.3157877922058105,,,2.9120163917541504,3.19968581199646,2.921278953552246,2.6617801189422607,
08-10,3.0553486347198486,1.7591402530670166,2.226078748703003,2.2977921962738037,,,4.385912895202637,2.9896700382232666,3.306992530822754,2.8818020820617676,,2.240000009536743
08-11,2.9257283210754395,1.7591402530670166,2.226078748703003,,,3.9368624687194824,4.385912895202637,2.9896700382232666,3.306992530822754,,,2.25
08-12,2.9812798500061035,1.7591402530670166,2.198018789291382,,4.3157877922058105,3.9272613525390625,4.308798313140869,2.96055006980896,,,2.6816439628601074,2.259999990463257
08-13,3.083124876022339,1.7591402530670166,,2.2788028717041016,4.3157877922058105,3.9272613525390625,4.308798313140869,,,2.8818020820617676,2.701508045196533,2.2200000286102295
08-14,3.0183145999908447,,,2.3737525939941406,4.153468608856201,3.9560673236846924,4.318437576293945,,3.160665273666382,2.9804937839508057,2.711440086364746,2.180000066757202
08-15,,,2.1886653900146484,2.3737525939941406,4.182112216949463,3.9560673236846924,,2.96055006980896,3.1411547660827637,2.8620638847351074,2.6617801189422607,
08-16,,1.7591402530670166,2.2354319095611572,2.2977921962738037,4.182112216949463,,,2.824655771255493,3.258216381072998,2.921278953552246,2.6717121601104736,
08-17,2.851659059524536,1.6387779712677002,2.2073721885681152,2.2977921962738037,,,4.318437576293945,2.9702565670013428,3.1704201698303223,3.0693163871765137,,2.240000009536743
08-18,2.9442453384399414,1.5369330644607544,2.141899347305298,,,3.9560673236846924,4.318437576293945,2.9702565670013428,3.277726650238037,,,2.2200000286102295
08-19,2.9257283210754395,1.5369330644607544,2.1044859886169434,,4.182112216949463,3.975271463394165,4.318437576293945,2.9993765354156494,,,2.641916036605835,2.240000009536743
08-20,2.9997973442077637,1.5091572999954224,,2.2977921962738037,4.124823570251465,4.004078388214111,4.318437576293945,,,2.9903628826141357,2.651848077774048,2.2200000286102295
08-21,2.9997973442077637,,,2.2977921962738037,4.124823570251465,4.042486190795898,4.318437576293945,,3.180175304412842,2.931147813796997,2.8206920623779297,2.1500000953674316
08-22,,,2.1044859886169434,2.2977921962738037,4.124823570251465,4.042486190795898,,3.028496742248535,3.180175304412842,2.9410171508789062,2.711440086364746,
08-23,,1.5091572999954224,2.010953426361084,2.3452677726745605,4.124823570251465,,,3.028496742248535,3.19968581199646,2.931147813796997,2.6816439628601074,
08-24,3.073866128921509,1.4536052942276,2.095132827758789,2.3452677726745605,,,4.318437576293945,3.0187900066375732,3.19968581199646,2.8916714191436768,,2.1700000762939453
08-25,3.073866128921509,1.4350881576538086,2.0483665466308594,,,4.042486190795898,3.9521408081054688,3.0576171875,3.180175304412842,,,2.2300000190734863
08-26,3.09238338470459,1.4350881576538086,2.095132827758789,,3.9816009998321533,4.03288459777832,4.048535346984863,3.028496742248535,,,2.79089617729187,2.2300000190734863
08-27,3.184969902038574,1.4350881576538086,,2.2693076133728027,3.9816009998321533,4.03288459777832,4.125650405883789,,,2.9410171508789062,2.731304168701172,2.259999990463257
08-28,3.2405216693878174,,,2.2028422355651855,3.9816009998321533,3.975271463394165,4.241322040557861,,3.1704201698303223,2.9903628826141357,2.7412362098693848,2.299999952316284
08-29,,,2.123192548751831,2.2028422355651855,3.9816009998321533,3.9848742485046387,,3.0187900066375732,3.1216444969177246,2.9903628826141357,2.7412362098693848,
08-30,,1.4350881576538086,2.2073721885681152,2.2028422355651855,3.809732675552368,,,3.0576171875,3.1216444969177246,2.9607553482055664,2.800828218460083,
08-31,3.194228410720825,1.3702776432037354,2.263491630554199,2.155366897583008,,,4.241322040557861,3.0964443683624268,3.131399631500244,2.9508864879608154,,2.369999885559082
09-01,3.09238338470459,1.4813814163208008,2.2167251110076904,,,,4.241322040557861,3.0964443683624268,3.1021342277526855,,,2.299999952316284
09-02,3.0553486347198486,1.4813814163208008,2.141899347305298,,,3.9848742485046387,4.135289192199707,3.154684066772461,,,,2.319999933242798
09-03,3.0553486347198486,1.4813814163208008,,,3.8956665992736816,4.023281574249268,4.135289192199707,,,,2.7511680126190186,2.2799999713897705
09-04,2.9442453384399414,,,2.155366897583008,3.8956665992736816,4.090497970581055,4.135289192199707,,,3.0397088527679443,2.7611000537872314,2.5
09-05,,,,2.155366897583008,3.8956665992736816,4.090497970581055,,,3.19968581199646,2.931147813796997,2.731304168701172,
09-06,,,2.141899347305298,2.155366897583008,3.8956665992736816,,,3.174097776412964,3.19968581199646,2.9410171508789062,2.7511680126190186,
09-07,,1.4813814163208008,2.039013147354126,2.2123374938964844,,,,3.164391040802002,3.053358793258667,2.8818020820617676,,
09-08,2.796107292175293,1.4813814163208008,2.0296599864959717,,,4.205721855163574,3.981060266494751,3.2420449256896973,3.1411547660827637,,,2.630000114440918
09-09,2.8886935710906982,1.407312273979187,1.9828933477401733,,4.143919944763184,4.205721855163574,3.981060266494751,3.144977331161499,,,2.7611000537872314,2.6500000953674316
09-10,2.9349868297576904,1.3980536460876465,,2.2503178119659424,4.153468608856201,4.205721855163574,3.981060266494751,,,2.8916714191436768,2.89021635055542,2.700000047683716
09-11,3.073866128921509,,,2.1743576526641846,4.153468608856201,4.205721855163574,4.125650405883789,,3.092379331588745,2.8620638847351074,2.9200124740600586,2.6600000858306885
09-12,,,1.945480465888977,2.2408227920532227,4.048437118530273,4.205721855163574,,3.1255640983581543,3.1509101390838623,2.8916714191436768,2.9398765563964844,
09-13,,1.3980536460876465,2.067073106765747,2.2977921962738037,4.048437118530273,,,3.038203716278076,3.1509101390838623,2.911409616470337,2.9299445152282715,
09-14,3.09238338470459,1.4443467855453491,1.9361271858215332,2.4212276935577393,,,4.125650405883789,2.941136598587036,3.111889600753784,2.9015402793884277,,2.690000057220459
09-15,2.9905385971069336,1.3795363903045654,1.9361271858215332,,,4.253732681274414,4.077453136444092,2.9799633026123047,3.092379331588745,,,2.7699999809265137
09-16,3.036832094192505,1.3795363903045654,2.0483665466308594,,4.048437118530273,4.272936820983887,4.077453136444092,2.96055006980896,,,2.9100804328918457,2.680000066757202
09-17,2.9627628326416016,1.3795363903045654,,2.3642578125,4.057985305786133,4.167314529418945,4.077453136444092,,,2.9607553482055664,2.8405561447143555,2.690000057220459
09-18,2.9812798500061035,,,2.3642578125,4.1725640296936035,4.167314529418945,4.077453136444092,,3.0436034202575684,3.0594472885131836,2.900148391723633,2.609999895095825
09-19,,,2.0483665466308594,2.3832473754882812,4.430366516113281,4.167314529418945,,2.9799633026123047,3.131399631500244,3.089055061340332,2.959740400314331,
09-20,,1.3795363903045654,1.9828933477401733,2.3832473754882812,4.382624626159668,,,2.9896700382232666,2.9753174781799316,3.2272233963012695,2.89021635055542,
09-21,2.9812798500061035,1.388795018196106,1.9922471046447754,2.3832473754882812,,,4.077453136444092,3.174097776412964,2.8972766399383545,3.2963075637817383,,2.509999990463257
09-22,2.9349868297576904,1.3517603874206543,1.9080673456192017,,,4.167314529418945,3.8750264644622803,3.1255640983581543,3.0143380165100098,,,2.5399999618530273
09-23,2.814624547958374,1.3517603874206543,1.9080673456192017,,4.373076438903809,4.167314529418945,3.9714200496673584,3.028496742248535,,,2.89021635055542,2.509999990463257
09-24,2.870176315307617,1.3425019979476929,,2.3832473754882812,4.373076438903809,4.176916599273682,3.8750264644622803,,,3.1384007930755615,2.89021635055542,2.4200000762939453
09-25,3.0275731086730957,,,2.5446629524230957,4.373076438903809,4.176916599273682,4.106372356414795,,3.0143380165100098,3.2074851989746094,2.880284309387207,2.430000066757202
09-26,,,1.8706543445587158,2.5446629524230957,4.516300201416016,4.186517238616943,,3.0576171875,2.985072612762451,3.1976158618927,2.959740400314331,
09-27,,1.240656852722168,1.8706543445587158,2.497187614440918,4.516300201416016,,,2.941136598587036,3.1411547660827637,3.2963075637817383,2.9299445152282715,
09-28,3.0183145999908447,1.249915599822998,2.010953426361084,2.497187614440918,,,4.048535346984863,2.96055006980896,3.092379331588745,3.17787766456604,,2.490000009536743
09-29,2.9720213413238525,1.3332433700561523,2.1044859886169434,,,4.080894470214844,4.048535346984863,2.9702565670013428,2.9948275089263916,,,2.5899999141693115
09-30,2.796107292175293,1.2962086200714111,2.0577199459075928,,4.516300201416016,4.080894470214844,4.038895130157471,2.9993765354156494,,,2.959740400314331,2.4200000762939453
10-01,2.6479687690734863,1.249915599822998,,2.4212276935577393,4.487655162811279,4.0136799812316895,4.125650405883789,,,3.246961832046509,2.949808359146118,2.4200000762939453
10-02,2.518348217010498,,,2.3072874546051025,4.487655162811279,4.0136799812316895,4.096732139587402,,3.1704201698303223,3.256830930709839,2.900148391723633,2.4600000381469727
10-03,,,2.0857794284820557,2.3927431106567383,4.487655162811279,4.023281574249268,,2.9993765354156494,3.180175304412842,3.1384007930755615,2.8703525066375732,
10-04,,1.249915599822998,1.9641869068145752,2.3737525939941406,4.487655162811279,,,3.0090835094451904,3.19968581199646,3.108793258666992,2.900148391723633,
10-05,2.564641237258911,1.3239843845367432,1.9641869068145752,2.5541577339172363,,,4.048535346984863,2.9896700382232666,3.1216444969177246,3.246961832046509,,2.440000057220459
10-06,2.518348217010498,1.3147259950637817,1.9641869068145752,,,4.023281574249268,4.038895130157471,2.9799633026123047,3.1704201698303223,,,2.4600000381469727
10-07,2.7312967777252197,1.4165709018707275,1.9641869068145752,,4.487655162811279,4.03288459777832,4.250962257385254,2.9993765354156494,,,2.9100804328918457,2.4600000381469727
10-08,2.7312967777252197,1.4998986721038818,,2.5541577339172363,4.487655162811279,4.090497970581055,4.125650405883789,,,3.2074851989746094,2.9200124740600586,2.4800000190734863
10-09,2.6016762256622314,,,2.5541577339172363,4.487655162811279,4.090497970581055,4.038895130157471,,3.2094404697418213,3.17787766456604,2.8604204654693604,2.4700000286102295
10-10,,,2.1044859886169434,2.5541577339172363,4.487655162811279,4.090497970581055,,2.9993765354156494,3.1899304389953613,3.2074851989746094,2.8504881858825684,
10-11,,1.5091572999954224,2.151252508163452,2.5541577339172363,4.487655162811279,,,3.0090835094451904,3.1704201698303223,3.0594472885131836,2.959740400314331,
10-12,2.6109349727630615,1.5091572999954224,2.141899347305298,2.5161776542663574,,,4.038895130157471,3.0090835094451904,3.1509101390838623,3.1482701301574707,,2.4700000286102295
10-13,2.76833176612854,1.5091572999954224,2.16995906829834,,,3.8696489334106445,3.981060266494751,3.067324161529541,3.258216381072998,,,2.4700000286102295
10-14,2.6387107372283936,1.5091572999954224,2.16995906829834,,4.4685587882995605,3.8504445552825928,3.981060266494751,3.1061508655548096,,,2.9994685649871826,2.549999952316284
10-15,2.509089231491089,1.5091572999954224,,2.4497125148773193,4.3444318771362305,3.802433729171753,3.981060266494751,,,3.108793258666992,3.059060573577881,2.509999990463257
10-16,2.481313705444336,,,2.6586029529571533,4.487655162811279,3.8408420085906982,4.048535346984863,,3.306992530822754,3.0693163871765137,3.0094006061553955,2.5199999809265137
10-17,,,2.123192548751831,2.6586029529571533,4.573589324951172,3.8120357990264893,,3.1061508655548096,3.306992530822754,3.0693163871765137,3.0193324089050293,
10-18,,1.4813814163208008,2.123192548751831,2.6586029529571533,4.573589324951172,,,3.1061508655548096,3.2289509773254395,3.0298397541046143,3.0789246559143066,
10-19,2.462796688079834,1.4721226692199707,2.123192548751831,2.630117893218994,,,4.048535346984863,3.144977331161499,3.2094404697418213,3.010101318359375,,2.5199999809265137
10-20,2.5924172401428223,1.4721226692199707,2.123192548751831,,,3.8120357990264893,4.0099778175354,3.1158576011657715,3.1899304389953613,,,2.509999990463257
10-21,2.444279432296753,1.5369330644607544,2.095132827758789,,4.611782073974609,3.8120357990264893,4.048535346984863,3.038203716278076,,,3.0987884998321533,2.569999933242798
10-22,2.4072444438934326,1.5369330644607544,,2.5921378135681152,4.611782073974609,3.8120357990264893,4.135289192199707,,,3.019970417022705,3.128584861755371,2.490000009536743
10-23,2.4072444438934326,,,2.5161776542663574,4.554492950439453,3.90805721282959,4.000339031219482,,3.092379331588745,3.0594472885131836,3.0789246559143066,2.5799999237060547
10-24,,,2.123192548751831,2.5161776542663574,4.573589324951172,3.917658567428589,,2.950843334197998,3.1704201698303223,2.9015402793884277,3.1981089115142822,
10-25,,1.4998986721038818,2.0577199459075928,2.5541577339172363,4.487655162811279,,,3.047910451889038,3.1021342277526855,2.82258677482605,3.217972755432129,
10-26,2.18503737449646,1.4628641605377197,2.0203068256378174,2.497187614440918,,,4.000339031219482,2.9799633026123047,3.1021342277526855,2.8620638847351074,,2.5399999618530273
10-27,2.2868828773498535,1.425829529762268,2.141899347305298,,,3.9368624687194824,4.154567718505859,3.1158576011657715,3.21919584274292,,,2.4700000286102295
10-28,2.2868828773498535,1.407312273979187,2.113839626312256,,4.5449442863464355,3.9368624687194824,4.106372356414795,3.0576171875,,,3.1484487056732178,2.359999895095825
10-29,2.444279432296753,1.4998986721038818,,,4.525847434997559,4.042486190795898,4.106372356414795,,,2.8127174377441406,3.2477688789367676,2.359999895095825
10-30,2.3887274265289307,,,,4.497203350067139,4.03288459777832,4.135289192199707,,3.258216381072998,2.8719327449798584,3.1782448291778564,2.3299999237060547
10-31,,,2.0483665466308594,2.744058132171631,4.497203350067139,4.224925994873047,,3.2032179832458496,3.2679715156555176,2.931147813796997,3.1484487056732178,
11-01,,1.4998986721038818,1.9828933477401733,2.839008331298828,4.497203350067139,,,3.1158576011657715,3.3167474269866943,2.9804937839508057,3.138516902923584,
11-02,2.490572214126587,1.4628641605377197,1.9735400676727295,2.839008331298828,,,3.9328625202178955,3.144977331161499,3.1704201698303223,3.0791854858398438,,2.4700000286102295
11-03,2.499831199645996,1.4628641605377197,1.9735400676727295,,,4.224925994873047,3.9714200496673584,3.038203716278076,3.111889600753784,,,2.5299999713897705
11-04,2.3794684410095215,1.4906399250030518,1.9548338651657104,,4.4208173751831055,3.975271463394165,3.855747699737549,3.038203716278076,,,3.1881768703460693,2.5299999713897705
11-05,2.3794684410095215,1.5276743173599243,,2.839008331298828,4.163016319274902,4.03288459777832,3.855747699737549,,,3.0791854858398438,3.227904796600342,2.5299999713897705
11-06,2.3702101707458496,,,2.839008331298828,4.163016319274902,3.965670108795166,3.768993616104126,,3.0631136894226074,3.0495779514312744,3.2676329612731934,2.569999933242798
11-07,,,1.9735400676727295,2.9244630336761475,4.163016319274902,3.965670108795166,,3.154684066772461,3.033848285675049,3.1285316944122314,3.2775650024414062,
11-08,,1.5276743173599243,1.9548338651657104,2.744058132171631,4.143919944763184,,,3.164391040802002,3.0240931510925293,3.108793258666992,3.2477688789367676,
11-09,2.3887274265289307,1.5184160470962524,1.9361271858215332,2.867493152618408,,,3.817190408706665,3.0964443683624268,3.033848285675049,3.108793258666992,,2.5299999713897705
11-10,2.3424341678619385,1.592484951019287,1.926774024963379,,,3.965670108795166,3.768993616104126,3.280872106552124,2.965562105178833,,,2.5299999713897705
11-11,2.3331756591796875,1.6202608346939087,1.9174206256866455,,4.2680463790893555,3.975271463394165,3.807551145553589,3.290578842163086,,,3.2378368377685547,2.630000114440918
11-12,2.3702101707458496,1.6017436981201172,,2.9529480934143066,4.306240081787109,3.975271463394165,3.7400755882263184,,,3.0298397541046143,3.3172929286956787,2.630000114440918
11-13,2.3609519004821777,,,2.9339582920074463,4.306240081787109,3.975271463394165,3.720796585083008,,2.887521266937256,2.9607553482055664,3.2775650024414062,2.4700000286102295
11-14,,,1.9174206256866455,2.9339582920074463,4.4208173751831055,3.5911874771118164,,3.290578842163086,2.9558069705963135,2.9706246852874756,3.1881768703460693,
11-15,,1.6202608346939087,1.9361271858215332,2.8864831924438477,4.4208173751831055,,,3.475006103515625,2.8972766399383545,2.82258677482605,3.1981089115142822,
11-16,2.3424341678619385,1.5832263231277466,1.9361271858215332,3.0384037494659424,,,3.720796585083008,3.377938985824585,2.926541566848755,2.832456111907959,,2.5299999713897705
11-17,2.268364906311035,1.5184160470962524,1.945480465888977,,,3.5911874771118164,3.682239055633545,3.3876454830169678,2.9558069705963135,,,2.5
11-18,2.203555107116699,1.6943299770355225,1.945480465888977,,4.4208173751831055,3.5911874771118164,3.7786333560943604,3.377938985824585,,,3.0987884998321533,2.5799999237060547
11-19,2.0554165840148926,1.7128472328186035,,2.943452835083008,4.602233409881592,3.5911874771118164,3.826829671859741,,,2.7238948345184326,3.0689926147460938,2.4790000915527344
11-20,2.1017093658447266,,,3.0953733921051025,4.640426158905029,3.5911874771118164,3.7979116439819336,,2.946052074432373,2.6942875385284424,3.0987884998321533,
11-21,,,1.9080673456192017,3.0668883323669434,4.640426158905029,3.5911874771118164,,3.3196985721588135,2.9362969398498535,2.753502368927002,3.1683127880096436,
11-22,,1.7591402530670166,1.9080673456192017,,4.4685587882995605,,,3.4167659282684326,3.072868824005127,,3.0987884998321533,
11-23,2.1294853687286377,1.740623116493225,1.9080673456192017,3.152343511581421,,,3.682239055633545,3.368232011795044,,2.7140259742736816,,
11-24,2.0183818340301514,1.740623116493225,,,,3.581585645675659,3.7882723808288574,,3.0826239585876465,,,
11-25,2.0461578369140625,,1.7022956609725952,,4.4685587882995605,3.581585645675659,3.6051242351531982,3.261458396911621,,,3.1782448291778564,
11-26,,1.740623116493225,,3.0668883323669434,4.4685587882995605,3.581585645675659,,,,2.8127174377441406,3.1484487056732178,
11-27,2.0461578369140625,,,3.114363431930542,4.4685587882995605,,3.7497150897979736,,3.1216444969177246,2.7831099033355713,3.1683127880096436,
11-28,,,1.7958282232284546,3.1618380546569824,,3.581585645675659,,3.1061508655548096,2.780214548110962,2.743633508682251,,
11-29,,1.7128472328186035,1.83324134349823,3.142848014831543,4.678619384765625,,,3.0867373943328857,2.926541566848755,2.7041566371917725,3.2378368377685547,
11-30,2.240588903427124,1.7128472328186035,1.8706543445587158,3.142848014831543,,,3.6051242351531982,3.154684066772461,3.092379331588745,2.7238948345184326,,
12-01,2.3702101707458496,1.6943299770355225,1.8706543445587158,,,3.581585645675659,3.691878318786621,3.1158576011657715,2.926541566848755,,,
12-02,2.3702101707458496,1.740623116493225,1.8706543445587158,,4.707263469696045,3.5911874771118164,3.6629605293273926,3.2032179832458496,,,3.138516902923584,
12-03,2.3424341678619385,1.8054333925247192,,3.142848014831543,4.697716236114502,3.5911874771118164,3.5665669441223145,,,2.7140259742736816,2.949808359146118,
12-04,2.268364906311035,,,3.380223512649536,4.564040660858154,3.4375534057617188,3.5762062072753906,,3.0143380165100098,2.644941568374634,3.0094006061553955,
12-05,,,1.8706543445587158,3.2662835121154785,4.47810697555542,3.4567580223083496,,3.2032179832458496,3.111889600753784,,3.059060573577881,
12-06,,1.8517266511917114,1.8145349025726318,3.3707287311553955,4.592685699462891,,,3.2032179832458496,3.072868824005127,2.5561187267303467,3.0193324089050293,
12-07,2.2776241302490234,1.898019790649414,1.8800078630447388,3.418203592300415,,,3.585845947265625,3.4070591926574707,3.1021342277526855,2.4672961235046387,,
12-08,2.157261371612549,1.898019790649414,1.861301064491272,,,3.4567580223083496,3.5569276809692383,3.4458861351013184,3.1411547660827637,,,
12-09,2.157261371612549,1.9072784185409546,1.861301064491272,,4.487655162811279,3.3991456031799316,3.4508941173553467,3.5623667240142822,,,3.0987884998321533,
12-10,2.120227098464966,1.8887609243392944,,3.418203592300415,4.487655162811279,3.389543294906616,3.4412550926208496,,,2.5462496280670166,2.979604482650757,
12-11,2.19429612159729,,,3.2757785320281982,4.459009647369385,3.360736846923828,3.4508941173553467,,3.1411547660827637,2.4376888275146484,3.1484487056732178,
12-12,,,1.8238880634307861,3.3422434329986572,4.535396099090576,3.3415327072143555,,3.4555928707122803,3.2972371578216553,2.477165460586548,3.1484487056732178,
12-13,,1.8795024156570435,1.861301064491272,3.399214029312134,4.535396099090576,,,3.5429532527923584,3.3752779960632324,2.417950391769409,3.1782448291778564,
12-14,2.1294853687286377,1.8795024156570435,1.8706543445587158,3.2757785320281982,,,3.4701731204986572,3.60119366645813,3.3362574577331543,2.338996648788452,,
12-15,2.148002862930298,1.9720885753631592,1.83324134349823,,,3.2647159099578857,3.335221767425537,3.4361796379089355,3.346012830734253,,,
12-16,2.3979856967926025,2.0183818340301514,1.83324134349823,,4.459009647369385,3.216705322265625,3.412337064743042,3.377938985824585,,,3.217972755432129,
12-17,2.3609519004821777,2.0368995666503906,,3.1713335514068604,4.459009647369385,3.216705322265625,3.4026975631713867,,,2.38834285736084,3.1484487056732178,
12-18,2.268364906311035,,,3.256788969039917,4.611782073974609,3.2551140785217285,3.373779296875,,3.346012830734253,2.3784737586975098,3.128584861755371,
12-19,,,1.7677682638168335,3.256788969039917,4.516300201416016,3.3223283290863037,,3.3973522186279297,3.326502561569214,2.319258451461792,3.0888564586639404,
12-20,,2.0276403427124023,1.8425946235656738,3.380223512649536,4.516300201416016,,,3.3099920749664307,3.4142990112304688,2.3784737586975098,2.979604482650757,
12-21,2.19429612159729,2.19429612159729,1.8706543445587158,3.399214029312134,,,3.4701731204986572,3.348818778991699,3.3557677268981934,2.2797815799713135,,
12-22,2.18503737449646,2.21281361579895,1.83324134349823,,,3.2839198112487793,3.4508941173553467,3.368232011795044,3.2679715156555176,,,
12-23,2.21281361579895,2.2313308715820312,1.8519479036331177,,4.573589324951172,3.2839198112487793,3.4412550926208496,3.368232011795044,,,3.128584861755371,
12-24,2.1109681129455566,,,3.4371933937072754,4.573589324951172,3.3223283290863037,3.4701731204986572,,,2.220566511154175,3.0888564586639404,
12-26,,,,3.7600245475769043,4.564040660858154,3.3703391551971436,,,3.2679715156555176,2.250174045562744,3.049128532409668,
12-27,,2.3424341678619385,1.861301064491272,3.7695188522338867,4.669070720672607,,,3.280872106552124,3.3362574577331543,2.2995200157165527,3.0888564586639404,
12-28,2.1387441158294678,2.416503429412842,1.8893609046936035,3.7695188522338867,,,3.5183701515197754,3.3002851009368896,3.2484610080718994,2.39821195602417,,
12-29,2.0924508571624756,2.4257616996765137,1.8706543445587158,,,3.3703391551971436,3.547287940979004,3.2323381900787354,3.3167474269866943,,,
12-30,1.9813473224639893,2.4257616996765137,1.8706543445587158,,4.669070720672607,3.3223283290863037,3.6147632598876953,3.2032179832458496,,,3.0094006061553955,
12-31,1.9813473224639893,2.453537940979004,,3.798004150390625,4.669070720672607,3.3223283290863037,3.5762062072753906,,,2.338996648788452,3.0689926147460938,
