,2009,2010,2011,2012,2013,2014,2015,2016,2017,2018,2019,2020
01-02,2.549999952316284,,,,4.5,13.869999885559082,19.84000015258789,,,27.299999237060547,37.45000076293945,27.56999969482422
01-03,,,4.940000057220459,3.6700000762939453,4.599999904632568,13.430000305175781,,,28.75,27.100000381469727,36.77000045776367,27.579999923706055
01-04,,6.070000171661377,4.929999828338623,3.619999885559082,4.659999847412109,,,22.489999771118164,29.100000381469727,27.600000381469727,37.4900016784668,
01-05,2.700000047683716,6.25,4.989999771118164,3.5999999046325684,,,19.969999313354492,21.68000030517578,27.75,28.649999618530273,,
01-06,2.9000000953674316,6.25,5.099999904632568,3.5299999713897705,,13.75,19.31999969482422,21.399999618530273,27.75,,,27.190000534057617
01-07,2.819999933242798,6.28000020980835,5.019999980926514,,4.599999904632568,13.390000343322754,19.93000030517578,19.649999618530273,,,36.9900016784668,26.549999237060547
01-08,2.799999952316284,6.400000095367432,,,4.53000020980835,13.109999656677246,20.670000076293945,20.010000228881836,,27.75,37.810001373291016,26.149999618530273
01-09,2.890000104904175,,,3.5199999809265137,4.599999904632568,13.050000190734863,20.18000030517578,,27.600000381469727,27.950000762939453,38.439998626708984,26.34000015258789
01-10,,,5.159999847412109,3.5199999809265137,4.619999885559082,12.829999923706055,,,28.25,27.950000762939453,38.5099983215332,25.65999984741211
01-11,,6.460000038146973,5.170000076293945,3.619999885559082,4.519999980926514,,,19.8700008392334,28.0,28.700000762939453,37.72999954223633,
01-12,2.759999990463257,6.360000133514404,5.380000114440918,3.680000066757202,,,20.690000534057617,19.65999984741211,27.5,28.600000381469727,,
01-13,2.8499999046325684,6.139999866485596,5.53000020980835,3.7100000381469727,,12.720000267028809,21.239999771118164,18.40999984741211,27.649999618530273,,,25.709999084472656
01-14,2.700000047683716,6.179999828338623,5.650000095367432,,4.610000133514404,13.020000457763672,21.020000457763672,18.56999969482422,,,37.93000030517578,25.649999618530273
01-15,2.7899999618530273,6.119999885559082,,,4.570000171661377,12.930000305175781,20.8799991607666,18.790000915527344,,,37.709999084472656,26.280000686645508
01-16,2.859999895095825,,,,4.519999980926514,12.710000038146973,21.760000228881836,,,28.850000381469727,37.9900016784668,26.5
01-17,,,,3.6700000762939453,4.610000133514404,12.59000015258789,,,26.950000762939453,30.200000762939453,38.04999923706055,26.010000228881836
01-18,,,5.679999828338623,3.75,4.610000133514404,,,,27.700000762939453,29.75,38.0,
01-19,,6.139999866485596,5.510000228881836,3.880000114440918,,,,18.049999237060547,27.149999618530273,29.850000381469727,,
01-20,2.9100000858306885,6.090000152587891,5.25,3.890000104904175,,,22.600000381469727,17.639999389648438,27.200000762939453,,,
01-21,3.009999990463257,5.960000038146973,5.340000152587891,,,12.65999984741211,22.549999237060547,17.6299991607666,,,,26.260000228881836
01-22,3.0899999141693115,5.989999771118164,,,4.639999866485596,12.40999984741211,22.059999465942383,18.3799991607666,,30.0,36.9900016784668,26.06999969482422
01-23,3.2300000190734863,,,3.8499999046325684,4.570000171661377,11.859999656677246,22.170000076293945,,26.799999237060547,29.600000381469727,37.959999084472656,26.110000610351562
01-24,,,5.46999979019165,3.880000114440918,4.570000171661377,11.130000114440918,,,27.049999237060547,29.399999618530273,37.560001373291016,25.8799991607666
01-25,,5.960000038146973,5.489999771118164,3.9200000762939453,4.539999961853027,,,17.809999465942383,27.5,29.5,37.869998931884766,
01-26,3.390000104904175,5.860000133514404,5.570000171661377,3.9200000762939453,,,22.979999542236328,18.280000686645508,27.149999618530273,29.549999237060547,,
01-27,3.4600000381469727,5.679999828338623,5.599999904632568,4.099999904632568,,11.09000015258789,23.6200008392334,17.770000457763672,26.950000762939453,,,25.3700008392334
01-28,3.549999952316284,5.5,5.420000076293945,,4.53000020980835,11.34000015258789,23.329999923706055,17.670000076293945,,,37.439998626708984,25.350000381469727
01-29,3.5299999713897705,5.909999847412109,,,4.599999904632568,11.15999984741211,24.149999618530273,18.739999771118164,,29.75,37.40999984741211,24.760000228881836
01-30,3.630000114440918,,,4.050000190734863,4.570000171661377,11.199999809265137,23.229999542236328,,26.350000381469727,29.649999618530273,37.77000045776367,24.889999389648438
01-31,,,5.420000076293945,4.010000228881836,4.539999961853027,11.149999618530273,,,26.149999618530273,29.399999618530273,37.720001220703125,24.34000015258789
02-01,,5.789999961853027,5.570000171661377,4.099999904632568,4.550000190734863,,,18.389999389648438,26.649999618530273,29.350000381469727,37.36000061035156,
02-02,3.630000114440918,5.840000152587891,5.449999809265137,4.139999866485596,,,23.190000534057617,18.219999313354492,26.75,29.200000762939453,,
02-03,3.5999999046325684,5.889999866485596,5.440000057220459,4.230000019073486,,10.1899995803833,23.270000457763672,18.100000381469727,27.0,,,24.280000686645508
02-04,3.609999895095825,5.75,5.510000228881836,,4.440000057220459,10.1899995803833,23.329999923706055,17.760000228881836,,,37.689998626708984,24.5
02-05,3.549999952316284,5.650000095367432,,,4.460000038146973,10.140000343322754,23.31999969482422,16.520000457763672,,28.700000762939453,37.400001525878906,25.5
02-06,3.5899999141693115,,,4.159999847412109,4.46999979019165,10.380000114440918,23.1299991607666,,26.799999237060547,29.649999618530273,37.90999984741211,25.530000686645508
02-07,,,5.630000114440918,4.079999923706055,4.420000076293945,10.649999618530273,,,25.950000762939453,29.5,38.02000045776367,25.290000915527344
02-08,,5.679999828338623,5.579999923706055,4.179999828338623,4.579999923706055,,,17.299999237060547,25.25,29.100000381469727,38.18000030517578,
02-09,3.6500000953674316,5.679999828338623,5.670000076293945,4.070000171661377,,,23.219999313354492,16.530000686645508,25.899999618530273,29.649999618530273,,
02-10,3.4800000190734863,5.760000228881836,5.699999809265137,4.010000228881836,,10.779999732971191,23.270000457763672,17.18000030517578,26.399999618530273,,,24.93000030517578
02-11,3.4700000286102295,5.840000152587891,5.78000020980835,,4.550000190734863,11.0,23.399999618530273,16.440000534057617,,,38.650001525878906,24.969999313354492
02-12,3.700000047683716,5.900000095367432,,,4.579999923706055,11.390000343322754,23.5,16.709999084472656,,27.899999618530273,38.630001068115234,24.93000030517578
02-13,3.799999952316284,,,4.03000020980835,4.550000190734863,11.9399995803833,23.229999542236328,,26.100000381469727,28.600000381469727,38.779998779296875,24.709999084472656
02-14,,,5.880000114440918,4.059999942779541,4.53000020980835,11.619999885559082,,,26.25,28.899999618530273,38.310001373291016,24.639999389648438
02-15,,,5.909999847412109,4.03000020980835,4.369999885559082,,,,26.75,28.950000762939453,39.040000915527344,
02-16,,6.0,6.0,4.119999885559082,,,,17.56999969482422,26.899999618530273,29.100000381469727,,
02-17,3.559999942779541,6.139999866485596,5.989999771118164,4.059999942779541,,,23.010000228881836,17.760000228881836,26.049999237060547,,,
02-18,3.609999895095825,6.110000133514404,6.03000020980835,,,11.779999732971191,23.260000228881836,18.809999465942383,,,,24.360000610351562
02-19,3.4000000953674316,6.099999904632568,,,4.5,11.40999984741211,23.15999984741211,18.170000076293945,,,39.720001220703125,24.139999389648438
02-20,3.3299999237060547,,,,4.440000057220459,11.710000038146973,23.15999984741211,,,28.75,40.88999938964844,23.559999465942383
02-21,,,,4.03000020980835,4.389999866485596,11.539999961853027,,,26.149999618530273,31.100000381469727,40.04999923706055,23.3700008392334
02-22,,6.150000095367432,5.949999809265137,3.9700000286102295,4.449999809265137,,,18.799999237060547,27.299999237060547,30.850000381469727,40.4900016784668,
02-23,3.299999952316284,6.150000095367432,5.760000228881836,4.159999847412109,,,22.989999771118164,18.290000915527344,27.100000381469727,30.100000381469727,,
02-24,3.3299999237060547,6.070000171661377,5.630000114440918,4.090000152587891,,11.6899995803833,22.68000030517578,18.81999969482422,27.149999618530273,,,23.3700008392334
02-25,3.4000000953674316,6.150000095367432,5.690000057220459,,4.320000171661377,12.800000190734863,22.489999771118164,19.360000610351562,,,39.70000076293945,22.780000686645508
02-26,3.5,6.050000190734863,,,4.380000114440918,12.729999542236328,25.280000686645508,19.860000610351562,,30.75,39.4900016784668,22.8799991607666
02-27,3.5199999809265137,,,4.099999904632568,4.380000114440918,12.920000076293945,24.899999618530273,,26.899999618530273,30.700000762939453,38.75,21.989999771118164
02-28,,,5.769999980926514,4.119999885559082,4.389999866485596,13.359999656677246,,,26.950000762939453,29.299999237060547,39.040000915527344,20.690000534057617
02-29,,,,4.03000020980835,,,,19.520000457763672,,,,
03-01,,6.03000020980835,5.820000171661377,3.9700000286102295,4.320000171661377,,,19.68000030517578,27.100000381469727,29.299999237060547,32.79999923706055,
03-02,3.4000000953674316,6.099999904632568,5.739999771118164,3.9700000286102295,,,25.979999542236328,19.90999984741211,26.299999237060547,29.299999237060547,,21.489999771118164
03-03,3.3499999046325684,6.119999885559082,5.849999904632568,,,14.390000343322754,25.549999237060547,19.139999389648438,26.5,,,20.549999237060547
03-04,3.369999885559082,6.090000152587891,5.909999847412109,,4.349999904632568,14.079999923706055,25.100000381469727,18.59000015258789,,,31.290000915527344,21.770000457763672
03-05,3.4200000762939453,6.110000133514404,,4.019999980926514,4.400000095367432,14.140000343322754,25.40999984741211,,,30.200000762939453,31.510000228881836,21.84000015258789
03-06,3.440000057220459,,,3.950000047683716,4.440000057220459,14.600000381469727,25.0,,26.049999237060547,30.799999237060547,31.139999389648438,22.399999618530273
03-07,,,5.900000095367432,4.0,4.449999809265137,14.960000038146973,,18.709999084472656,25.5,31.700000762939453,31.209999084472656,
03-08,,6.039999961853027,5.980000019073486,4.050000190734863,4.579999923706055,,,18.450000762939453,25.5,32.349998474121094,31.34000015258789,
03-09,3.450000047683716,6.110000133514404,5.849999904632568,4.139999866485596,,,25.350000381469727,18.850000381469727,25.25,32.70000076293945,,22.229999542236328
03-10,3.5299999713897705,6.150000095367432,5.670000076293945,,,14.65999984741211,24.190000534057617,18.1200008392334,25.100000381469727,,,22.450000762939453
03-11,3.5999999046325684,6.210000038146973,5.599999904632568,,4.630000114440918,14.430000305175781,24.520000457763672,18.649999618530273,,,31.40999984741211,21.489999771118164
03-12,3.7200000286102295,6.25,,4.210000038146973,4.510000228881836,14.470000267028809,25.040000915527344,,,32.75,31.360000610351562,17.770000457763672
03-13,3.4000000953674316,,,4.239999771118164,4.480000019073486,14.130000114440918,24.579999923706055,,24.5,32.75,31.079999923706055,20.15999984741211
03-14,,,5.429999828338623,4.170000076293945,4.440000057220459,14.079999923706055,,18.299999237060547,24.649999618530273,32.29999923706055,31.639999389648438,
03-15,,6.260000228881836,5.380000114440918,4.159999847412109,4.489999771118164,,,18.579999923706055,25.100000381469727,32.29999923706055,31.530000686645508,
03-16,3.4000000953674316,6.269999980926514,5.460000038146973,4.079999923706055,,,25.329999923706055,19.1299991607666,24.5,32.5,,18.40999984741211
03-17,3.3499999046325684,5.309999942779541,5.639999866485596,,,14.260000228881836,25.18000030517578,19.40999984741211,24.299999237060547,,,19.229999542236328
03-18,3.4000000953674316,5.28000020980835,5.670000076293945,,4.590000152587891,14.859999656677246,25.579999923706055,18.950000762939453,,,32.150001525878906,16.270000457763672
03-19,3.700000047683716,5.170000076293945,,4.139999866485596,4.630000114440918,14.699999809265137,25.8700008392334,,,32.79999923706055,31.709999084472656,16.75
03-20,3.690000057220459,,,4.150000095367432,4.599999904632568,14.520000457763672,26.299999237060547,,24.100000381469727,32.70000076293945,31.059999465942383,15.59000015258789
03-21,,,5.760000228881836,4.190000057220459,4.559999942779541,14.279999732971191,,18.81999969482422,23.350000381469727,32.25,31.329999923706055,
03-22,,4.96999979019165,5.659999847412109,4.130000114440918,4.679999828338623,,,18.25,23.5,31.600000381469727,30.65999984741211,
03-23,3.9800000190734863,5.070000171661377,5.46999979019165,4.199999809265137,,,26.639999389648438,18.170000076293945,23.799999237060547,31.5,,15.949999809265137
03-24,4.210000038146973,4.96999979019165,5.349999904632568,,,14.319999694824219,26.68000030517578,17.31999969482422,23.75,,,18.149999618530273
03-25,4.179999828338623,4.920000076293945,5.389999866485596,,4.789999961853027,13.729999542236328,25.739999771118164,,,,30.610000610351562,16.68000030517578
03-26,4.400000095367432,4.980000019073486,,3.930000066757202,4.800000190734863,13.529999732971191,24.68000030517578,,,31.850000381469727,30.889999389648438,17.729999542236328
03-27,4.139999866485596,,,3.700000047683716,4.789999961853027,12.930000305175781,24.530000686645508,,23.799999237060547,31.649999618530273,31.3700008392334,17.079999923706055
03-28,,,5.400000095367432,3.7699999809265137,4.849999904632568,12.529999732971191,,17.65999984741211,23.950000762939453,31.700000762939453,31.399999618530273,
03-29,,5.079999923706055,5.460000038146973,3.8499999046325684,,,,17.84000015258789,23.850000381469727,31.899999618530273,31.0,
03-30,3.640000104904175,5.079999923706055,5.480000019073486,3.890000104904175,,,25.670000076293945,17.950000762939453,24.299999237060547,,,17.920000076293945
03-31,3.759999990463257,5.059999942779541,5.420000076293945,,,12.699999809265137,25.59000015258789,17.799999237060547,24.5,,,17.920000076293945
04-01,3.799999952316284,5.079999923706055,5.5,,4.880000114440918,12.880000114440918,26.479999542236328,17.639999389648438,,,31.989999771118164,16.020000457763672
04-02,3.799999952316284,,,3.9700000286102295,5.019999980926514,12.949999809265137,26.309999465942383,,,31.0,31.899999618530273,16.93000030517578
04-03,3.9200000762939453,,,3.990000009536743,5.039999961853027,13.430000305175781,,,23.799999237060547,31.75,31.809999465942383,16.479999542236328
04-04,,,5.550000190734863,3.9000000953674316,5.110000133514404,13.359999656677246,,17.200000762939453,23.950000762939453,32.25,31.75,
04-05,,5.039999961853027,5.519999980926514,3.880000114440918,5.260000228881836,,,16.850000381469727,23.0,31.5,31.040000915527344,
04-06,4.010000228881836,5.170000076293945,5.599999904632568,,,,26.31999969482422,16.670000076293945,22.799999237060547,31.049999237060547,,17.6299991607666
04-07,3.869999885559082,5.260000228881836,5.5,,,13.199999809265137,25.989999771118164,16.530000686645508,22.799999237060547,,,16.920000076293945
04-08,3.9000000953674316,5.239999771118164,5.460000038146973,,5.389999866485596,13.59000015258789,26.81999969482422,16.65999984741211,,,30.479999542236328,17.18000030517578
04-09,3.9700000286102295,5.110000133514404,,3.7899999618530273,5.420000076293945,13.9399995803833,26.610000610351562,,,30.850000381469727,30.1200008392334,18.25
04-10,,,,3.859999895095825,5.570000171661377,13.25,25.969999313354492,,22.850000381469727,31.100000381469727,30.860000610351562,
04-11,,,5.400000095367432,4.050000190734863,5.349999904632568,13.010000228881836,,16.5,23.149999618530273,31.5,30.540000915527344,
04-12,,5.110000133514404,5.389999866485596,4.050000190734863,5.289999961853027,,,16.40999984741211,22.799999237060547,31.600000381469727,29.479999542236328,
04-13,3.8399999141693115,5.130000114440918,5.400000095367432,4.03000020980835,,,26.1200008392334,17.25,22.25,31.049999237060547,,17.510000228881836
04-14,3.9100000858306885,5.21999979019165,5.409999847412109,,,13.1899995803833,25.899999618530273,16.959999084472656,,,,17.829999923706055
04-15,3.9600000381469727,5.239999771118164,5.489999771118164,,5.260000228881836,13.180000305175781,26.049999237060547,16.860000610351562,,,29.190000534057617,16.399999618530273
04-16,4.130000114440918,5.199999809265137,,4.050000190734863,5.400000095367432,13.470000267028809,25.59000015258789,,,32.150001525878906,29.6200008392334,16.399999618530273
04-17,4.199999809265137,,,4.03000020980835,5.199999809265137,13.510000228881836,24.649999618530273,,22.950000762939453,32.599998474121094,29.760000228881836,17.469999313354492
04-18,,,5.380000114440918,3.9700000286102295,5.199999809265137,,,16.860000610351562,22.899999618530273,32.70000076293945,29.75,
04-19,,5.230000019073486,5.449999809265137,3.9600000381469727,5.25,,,16.670000076293945,22.799999237060547,32.400001525878906,,
04-20,4.110000133514404,5.170000076293945,5.389999866485596,4.03000020980835,,,25.200000762939453,17.34000015258789,22.899999618530273,32.54999923706055,,17.510000228881836
04-21,4.190000057220459,5.150000095367432,5.340000152587891,,,13.529999732971191,25.110000610351562,16.6200008392334,22.700000762939453,,,17.59000015258789
04-22,4.139999866485596,5.190000057220459,,,5.289999961853027,13.59000015258789,25.489999771118164,17.030000686645508,,,29.209999084472656,17.3799991607666
04-23,4.25,5.199999809265137,,3.9100000858306885,5.320000171661377,13.670000076293945,25.420000076293945,,,32.45000076293945,30.0,17.31999969482422
04-24,4.170000076293945,,,3.990000009536743,5.360000133514404,13.789999961853027,25.219999313354492,,22.899999618530273,32.75,29.899999618530273,17.559999465942383
04-25,,,5.340000152587891,4.03000020980835,5.599999904632568,13.279999732971191,,16.93000030517578,23.350000381469727,33.599998474121094,30.0,
04-26,,5.170000076293945,5.409999847412109,4.019999980926514,5.699999809265137,,,17.1299991607666,26.049999237060547,32.150001525878906,29.510000228881836,
04-27,3.9800000190734863,5.090000152587891,5.420000076293945,4.190000057220459,,,24.8799991607666,17.09000015258789,25.600000381469727,33.099998474121094,,18.299999237060547
04-28,4.03000020980835,5.130000114440918,5.440000057220459,,,13.649999618530273,24.469999313354492,17.15999984741211,26.049999237060547,,,18.34000015258789
04-29,4.079999923706055,5.070000171661377,5.409999847412109,,5.869999885559082,13.739999771118164,25.25,17.610000610351562,,,29.68000030517578,19.079999923706055
04-30,4.070000171661377,5.050000190734863,,4.139999866485596,5.980000019073486,14.630000114440918,24.020000457763672,,,32.45000076293945,29.790000915527344,18.229999542236328
05-01,4.110000133514404,,,4.039999961853027,5.769999980926514,14.5,26.239999771118164,,26.200000762939453,33.099998474121094,29.959999084472656,17.780000686645508
05-02,,,5.349999904632568,4.03000020980835,5.989999771118164,14.609999656677246,,17.59000015258789,25.75,32.900001525878906,29.479999542236328,
05-03,,5.070000171661377,5.349999904632568,4.0,6.289999961853027,,,17.3700008392334,24.950000762939453,32.349998474121094,29.75,
05-04,4.039999961853027,5.070000171661377,5.309999942779541,3.950000047683716,,,27.290000915527344,17.06999969482422,25.149999618530273,33.099998474121094,,17.530000686645508
05-05,4.210000038146973,4.75,5.119999885559082,,,15.199999809265137,27.280000686645508,17.34000015258789,25.100000381469727,,,17.200000762939453
05-06,4.199999809265137,4.630000114440918,5.159999847412109,,6.769999980926514,14.739999771118164,27.219999313354492,17.81999969482422,,,29.899999618530273,17.200000762939453
05-07,4.159999847412109,4.739999771118164,,3.9700000286102295,6.78000020980835,14.890000343322754,27.170000076293945,,,33.25,30.15999984741211,17.40999984741211
05-08,4.150000095367432,,,3.940000057220459,7.070000171661377,15.130000114440918,27.170000076293945,,24.899999618530273,33.349998474121094,29.799999237060547,18.6299991607666
05-09,,,5.630000114440918,3.9700000286102295,7.289999961853027,12.739999771118164,,18.079999923706055,24.75,33.70000076293945,29.270000457763672,
05-10,,4.940000057220459,5.71999979019165,3.930000066757202,7.400000095367432,,,18.229999542236328,24.850000381469727,34.400001525878906,29.770000457763672,
05-11,4.150000095367432,4.920000076293945,5.610000133514404,3.8299999237060547,,,26.700000762939453,17.969999313354492,24.850000381469727,34.650001525878906,,17.770000457763672
05-12,4.320000171661377,5.039999961853027,5.489999771118164,,,12.329999923706055,25.809999465942383,18.219999313354492,24.399999618530273,,,16.739999771118164
05-13,4.0,5.099999904632568,5.420000076293945,,7.25,11.819999694824219,25.81999969482422,18.510000228881836,,,29.110000610351562,16.350000381469727
05-14,4.269999980926514,4.989999771118164,,3.75,7.349999904632568,11.920000076293945,26.56999969482422,,,34.25,29.09000015258789,16.440000534057617
05-15,4.25,,,3.5999999046325684,7.420000076293945,12.390000343322754,26.399999618530273,,24.799999237060547,34.29999923706055,29.350000381469727,16.940000534057617
05-16,,,5.320000171661377,3.5999999046325684,7.28000020980835,12.3100004196167,,19.1299991607666,24.450000762939453,35.150001525878906,28.979999542236328,
05-17,,4.980000019073486,5.400000095367432,3.549999952316284,7.590000152587891,,,18.780000686645508,24.299999237060547,35.349998474121094,28.40999984741211,
05-18,4.309999942779541,4.800000190734863,5.5,3.5799999237060547,,,26.3799991607666,19.100000381469727,24.549999237060547,34.95000076293945,,18.0
05-19,4.400000095367432,4.869999885559082,5.420000076293945,,,12.5600004196167,26.360000610351562,18.969999313354492,24.5,,,17.34000015258789
05-20,4.449999809265137,4.619999885559082,5.389999866485596,,7.920000076293945,12.220000267028809,26.15999984741211,19.219999313354492,,,28.329999923706055,17.829999923706055
05-21,4.289999961853027,4.710000038146973,,3.690000057220459,7.909999847412109,12.100000381469727,25.81999969482422,,,35.5,28.459999084472656,18.040000915527344
05-22,4.440000057220459,,,3.5799999237060547,7.230000019073486,12.149999618530273,25.34000015258789,,24.700000762939453,35.349998474121094,28.110000610351562,17.690000534057617
05-23,,,5.380000114440918,3.5199999809265137,7.210000038146973,11.90999984741211,,18.780000686645508,24.899999618530273,35.5,27.81999969482422,
05-24,,4.730000019073486,5.429999828338623,3.490000009536743,7.369999885559082,,,19.389999389648438,24.649999618530273,35.79999923706055,28.260000228881836,
05-25,,4.599999904632568,5.429999828338623,3.549999952316284,,,,19.09000015258789,24.899999618530273,35.849998474121094,,
05-26,4.550000190734863,4.710000038146973,5.460000038146973,,,,25.290000915527344,19.489999771118164,24.799999237060547,,,18.139999389648438
05-27,4.590000152587891,4.829999923706055,5.46999979019165,,,11.539999961853027,25.729999542236328,19.389999389648438,,,,18.75
05-28,4.940000057220459,4.730000019073486,,,7.179999828338623,12.069999694824219,25.68000030517578,,,,28.350000381469727,18.06999969482422
05-29,5.130000114440918,,,3.569999933242798,7.019999980926514,12.369999885559082,25.530000686645508,,,35.099998474121094,28.579999923706055,17.860000610351562
05-30,,,,3.5199999809265137,7.139999866485596,12.489999771118164,,,24.100000381469727,36.25,28.350000381469727,
05-31,,,5.389999866485596,3.5,6.670000076293945,,,19.440000534057617,24.649999618530273,35.650001525878906,29.040000915527344,
06-01,5.210000038146973,4.570000171661377,5.300000190734863,3.5899999141693115,,,25.459999084472656,19.770000457763672,25.100000381469727,35.599998474121094,,17.700000762939453
06-02,5.550000190734863,4.599999904632568,5.239999771118164,,,12.210000038146973,25.40999984741211,19.479999542236328,25.100000381469727,,,18.15999984741211
06-03,5.639999866485596,4.53000020980835,5.179999828338623,,6.900000095367432,12.430000305175781,26.209999084472656,19.31999969482422,,,28.59000015258789,18.8799991607666
06-04,5.630000114440918,4.440000057220459,,3.5799999237060547,6.900000095367432,12.279999732971191,25.899999618530273,,,36.25,29.049999237060547,18.799999237060547
06-05,5.599999904632568,,,3.640000104904175,6.860000133514404,12.899999618530273,25.5,,24.549999237060547,36.20000076293945,29.540000915527344,19.399999618530273
06-06,,,5.070000171661377,3.680000066757202,6.989999771118164,13.0600004196167,,19.3799991607666,24.799999237060547,36.150001525878906,29.25,
06-07,,4.380000114440918,5.010000228881836,3.7100000381469727,6.989999771118164,,,19.31999969482422,24.75,36.099998474121094,28.920000076293945,
06-08,5.650000095367432,4.130000114440918,4.940000057220459,3.690000057220459,,,25.260000228881836,19.489999771118164,25.600000381469727,36.5,,19.780000686645508
06-09,5.659999847412109,4.190000057220459,4.940000057220459,,,13.260000228881836,24.610000610351562,19.229999542236328,25.899999618530273,,,19.639999389648438
06-10,5.579999923706055,4.340000152587891,4.900000095367432,,7.010000228881836,13.0,24.600000381469727,19.079999923706055,,,29.5,18.739999771118164
06-11,5.639999866485596,4.409999847412109,,3.5299999713897705,7.099999904632568,12.729999542236328,24.59000015258789,,,36.20000076293945,28.790000915527344,18.040000915527344
06-12,5.599999904632568,,,3.5999999046325684,6.940000057220459,12.979999542236328,24.469999313354492,,26.0,35.650001525878906,29.010000228881836,18.25
06-13,,,4.849999904632568,3.559999942779541,7.179999828338623,12.930000305175781,,18.479999542236328,25.700000762939453,35.75,29.299999237060547,
06-14,,4.5,5.0,3.5999999046325684,7.059999942779541,,,19.329999923706055,25.799999237060547,35.45000076293945,28.950000762939453,
06-15,5.300000190734863,4.510000228881836,4.909999847412109,3.5999999046325684,,,24.18000030517578,18.729999542236328,25.399999618530273,35.29999923706055,,17.920000076293945
06-16,5.360000133514404,4.400000095367432,4.860000133514404,,,13.0600004196167,24.25,18.65999984741211,25.149999618530273,,,18.190000534057617
06-17,5.5,4.46999979019165,4.860000133514404,,7.079999923706055,13.670000076293945,23.979999542236328,18.3700008392334,,,28.530000686645508,17.600000381469727
06-18,5.400000095367432,4.409999847412109,,3.5899999141693115,7.21999979019165,13.609999656677246,24.479999542236328,,,35.04999923706055,27.889999389648438,17.559999465942383
06-19,5.5,,,3.6700000762939453,7.289999961853027,13.430000305175781,24.489999771118164,,24.899999618530273,35.150001525878906,27.739999771118164,17.299999237060547
06-20,,,4.800000190734863,3.630000114440918,7.159999847412109,13.4399995803833,,18.399999618530273,24.850000381469727,35.04999923706055,28.209999084472656,
06-21,,4.309999942779541,4.690000057220459,3.5399999618530273,7.159999847412109,,,18.18000030517578,24.899999618530273,34.79999923706055,27.8700008392334,
06-22,5.320000171661377,4.340000152587891,4.679999828338623,3.319999933242798,,,24.5,18.190000534057617,24.950000762939453,35.349998474121094,,17.510000228881836
06-23,5.070000171661377,4.329999923706055,4.699999809265137,,,13.270000457763672,24.549999237060547,18.790000915527344,25.299999237060547,,,17.190000534057617
06-24,4.789999961853027,4.369999885559082,4.889999866485596,,6.880000114440918,13.180000305175781,24.399999618530273,18.149999618530273,,,27.899999618530273,16.84000015258789
06-25,4.96999979019165,4.309999942779541,,3.380000114440918,7.239999771118164,13.279999732971191,24.09000015258789,,,34.900001525878906,28.010000228881836,17.200000762939453
06-26,5.599999904632568,,,3.3499999046325684,7.21999979019165,13.170000076293945,24.399999618530273,,25.75,35.400001525878906,27.360000610351562,16.75
06-27,,,4.769999980926514,3.380000114440918,7.139999866485596,12.819999694824219,,17.31999969482422,25.950000762939453,34.70000076293945,27.479999542236328,
06-28,,4.300000190734863,4.739999771118164,3.4000000953674316,7.079999923706055,,,17.56999969482422,25.850000381469727,35.04999923706055,27.899999618530273,
06-29,5.349999904632568,4.199999809265137,4.71999979019165,3.4100000858306885,,,23.739999771118164,18.020000457763672,25.799999237060547,35.099998474121094,,17.329999923706055
06-30,5.019999980926514,4.179999828338623,4.670000076293945,,,12.970000267028809,24.200000762939453,18.579999923706055,25.200000762939453,,,17.75
07-01,5.320000171661377,4.070000171661377,4.699999809265137,,7.230000019073486,13.020000457763672,25.270000457763672,18.75,,,28.90999984741211,17.420000076293945
07-02,5.239999771118164,4.039999961853027,,3.390000104904175,7.420000076293945,12.960000038146973,25.209999084472656,,,35.95000076293945,28.81999969482422,17.31999969482422
07-03,,,,3.490000009536743,7.079999923706055,13.029999732971191,,,25.950000762939453,35.900001525878906,28.56999969482422,
07-05,,,4.75,3.359999895095825,7.300000190734863,,,18.260000228881836,25.149999618530273,35.70000076293945,28.959999084472656,
07-06,5.03000020980835,4.03000020980835,4.75,3.3299999237060547,,,25.8799991607666,18.389999389648438,24.899999618530273,35.650001525878906,,17.3700008392334
07-07,4.960000038146973,4.170000076293945,4.840000152587891,,,12.6899995803833,25.510000228881836,18.31999969482422,25.200000762939453,,,17.200000762939453
07-08,4.650000095367432,4.25,4.769999980926514,,7.329999923706055,12.359999656677246,25.15999984741211,18.690000534057617,,,28.75,16.920000076293945
07-09,4.78000020980835,4.300000190734863,,3.309999942779541,7.610000133514404,12.819999694824219,25.010000228881836,,,35.849998474121094,28.6200008392334,16.3799991607666
07-10,4.590000152587891,,,3.299999952316284,7.639999866485596,12.880000114440918,26.729999542236328,,24.950000762939453,35.45000076293945,28.75,17.100000381469727
07-11,,,4.730000019073486,3.4000000953674316,7.710000038146973,12.720000267028809,,18.950000762939453,25.149999618530273,36.099998474121094,28.34000015258789,
07-12,,4.130000114440918,4.710000038146973,3.3499999046325684,7.71999979019165,,,19.610000610351562,25.399999618530273,36.04999923706055,28.270000457763672,
07-13,4.579999923706055,4.25,4.75,3.3299999237060547,,,27.139999389648438,20.030000686645508,25.049999237060547,36.650001525878906,,17.040000915527344
07-14,4.559999942779541,4.190000057220459,4.659999847412109,,,12.710000038146973,26.59000015258789,20.31999969482422,25.100000381469727,,,16.950000762939453
07-15,4.75,4.139999866485596,4.679999828338623,,7.989999771118164,12.510000228881836,26.459999084472656,20.360000610351562,,,27.479999542236328,17.459999084472656
07-16,4.900000095367432,4.070000171661377,,3.309999942779541,8.0,12.4399995803833,26.709999084472656,,,36.5,27.40999984741211,17.600000381469727
07-17,4.789999961853027,,,3.299999952316284,8.130000114440918,12.329999923706055,26.709999084472656,,24.75,37.04999923706055,26.940000534057617,17.3700008392334
07-18,,,4.670000076293945,3.299999952316284,8.279999732971191,12.470000267028809,,20.739999771118164,23.950000762939453,37.150001525878906,26.549999237060547,
07-19,,4.130000114440918,4.699999809265137,3.2899999618530273,8.300000190734863,,,20.639999389648438,23.899999618530273,37.599998474121094,25.600000381469727,
07-20,4.75,4.079999923706055,4.670000076293945,3.2899999618530273,,,26.219999313354492,20.8799991607666,23.799999237060547,37.650001525878906,,17.190000534057617
07-21,4.690000057220459,4.03000020980835,4.699999809265137,,,12.640000343322754,26.690000534057617,20.799999237060547,23.5,,,17.639999389648438
07-22,4.739999771118164,4.110000133514404,4.610000133514404,,8.260000228881836,12.739999771118164,26.799999237060547,21.200000762939453,,,25.530000686645508,17.510000228881836
07-23,4.860000133514404,4.139999866485596,,3.2699999809265137,8.260000228881836,12.779999732971191,27.190000534057617,,,38.04999923706055,25.8700008392334,17.59000015258789
07-24,5.039999961853027,,,3.240000009536743,7.989999771118164,12.729999542236328,28.09000015258789,,23.649999618530273,37.75,26.309999465942383,17.670000076293945
07-25,,,4.449999809265137,3.259999990463257,7.599999904632568,12.539999961853027,,20.610000610351562,23.75,38.04999923706055,25.290000915527344,
07-26,,4.150000095367432,4.460000038146973,3.200000047683716,7.78000020980835,,,20.530000686645508,23.149999618530273,42.04999923706055,25.5,
07-27,5.099999904632568,4.190000057220459,4.340000152587891,3.2799999713897705,,,27.790000915527344,20.6200008392334,22.75,42.099998474121094,,17.200000762939453
07-28,5.039999961853027,4.179999828338623,4.340000152587891,,,12.470000267028809,27.75,20.8700008392334,23.549999237060547,,,17.1200008392334
07-29,4.989999771118164,4.070000171661377,4.269999980926514,,7.760000228881836,12.449999809265137,27.579999923706055,21.739999771118164,,,25.079999923706055,17.229999542236328
07-30,4.929999828338623,4.0,,3.2699999809265137,7.789999961853027,12.180000305175781,27.670000076293945,,,44.349998474121094,25.139999389648438,17.600000381469727
07-31,5.0,,,3.200000047683716,7.860000133514404,12.0600004196167,27.420000076293945,,23.850000381469727,44.400001525878906,24.809999465942383,17.510000228881836
08-01,,,4.28000020980835,3.180000066757202,7.920000076293945,12.170000076293945,,21.489999771118164,23.700000762939453,44.20000076293945,25.049999237060547,
08-02,,4.090000152587891,4.050000190734863,3.1600000858306885,7.730000019073486,,,21.299999237060547,23.350000381469727,45.29999923706055,26.489999771118164,
08-03,5.130000114440918,4.119999885559082,4.159999847412109,3.2699999809265137,,,27.969999313354492,21.0,24.399999618530273,44.70000076293945,,17.670000076293945
08-04,5.380000114440918,4.170000076293945,4.019999980926514,,,12.15999984741211,28.360000610351562,21.209999084472656,24.200000762939453,,,17.760000228881836
08-05,5.570000171661377,4.039999961853027,4.090000152587891,,7.639999866485596,12.4399995803833,30.350000381469727,21.559999465942383,,,26.469999313354492,18.280000686645508
08-06,5.539999961853027,4.039999961853027,,3.2899999618530273,7.489999771118164,12.569999694824219,28.290000915527344,,,44.5,26.790000915527344,18.75
08-07,5.079999923706055,,,3.2799999713897705,8.119999885559082,12.989999771118164,28.3700008392334,,23.649999618530273,43.900001525878906,27.200000762939453,19.75
08-08,,,3.609999895095825,3.3299999237060547,8.550000190734863,13.029999732971191,,21.59000015258789,23.5,44.349998474121094,28.0,
08-09,,4.210000038146973,3.700000047683716,3.3299999237060547,8.369999885559082,,,21.940000534057617,23.350000381469727,44.849998474121094,27.850000381469727,
08-10,5.050000190734863,4.21999979019165,3.75,3.309999942779541,,,29.469999313354492,21.959999084472656,22.850000381469727,45.25,,19.84000015258789
08-11,4.889999866485596,4.070000171661377,4.099999904632568,,,13.34000015258789,29.489999771118164,22.059999465942383,22.649999618530273,,,20.170000076293945
08-12,4.960000038146973,4.170000076293945,4.03000020980835,,8.479999542236328,13.239999771118164,28.709999084472656,21.920000076293945,,,27.170000076293945,20.200000762939453
08-13,4.989999771118164,4.210000038146973,,3.309999942779541,8.449999809265137,13.329999923706055,28.809999465942383,,,45.29999923706055,27.440000534057617,20.079999923706055
08-14,4.849999904632568,,,3.259999990463257,8.510000228881836,13.489999771118164,28.860000610351562,,23.600000381469727,45.45000076293945,26.850000381469727,19.920000076293945
08-15,,,4.21999979019165,3.259999990463257,8.329999923706055,13.34000015258789,,21.969999313354492,23.299999237060547,45.29999923706055,27.030000686645508,
08-16,,4.25,4.059999942779541,3.309999942779541,8.390000343322754,,,22.040000915527344,22.850000381469727,45.150001525878906,27.81999969482422,
08-17,4.599999904632568,4.329999923706055,4.090000152587891,3.309999942779541,,,29.549999237060547,22.170000076293945,22.700000762939453,44.54999923706055,,19.549999237060547
08-18,4.849999904632568,4.320000171661377,3.9100000858306885,,,13.350000381469727,29.5,22.530000686645508,23.200000762939453,,,19.43000030517578
08-19,4.860000133514404,4.230000019073486,3.869999885559082,,8.109999656677246,13.470000267028809,29.350000381469727,22.530000686645508,,,27.950000762939453,19.68000030517578
08-20,4.909999847412109,4.170000076293945,,3.3399999141693115,8.229999542236328,13.319999694824219,28.43000030517578,,,44.650001525878906,27.18000030517578,19.110000610351562
08-21,4.920000076293945,,,3.319999933242798,7.929999828338623,13.59000015258789,25.959999084472656,,22.850000381469727,45.0,27.459999084472656,19.030000686645508
08-22,,,3.859999895095825,3.319999933242798,8.020000457763672,13.59000015258789,,22.770000457763672,22.850000381469727,45.04999923706055,26.739999771118164,
08-23,,4.210000038146973,4.019999980926514,3.369999885559082,8.010000228881836,,,22.790000915527344,22.549999237060547,45.20000076293945,26.260000228881836,
08-24,4.840000152587891,4.150000095367432,4.019999980926514,3.4700000286102295,,,24.190000534057617,22.979999542236328,22.399999618530273,45.400001525878906,,19.270000457763672
08-25,4.889999866485596,4.25,3.9000000953674316,,,13.979999542236328,24.329999923706055,23.43000030517578,22.899999618530273,,,19.450000762939453
08-26,4.960000038146973,4.179999828338623,4.0,,7.869999885559082,14.100000381469727,23.479999542236328,23.899999618530273,,,26.3700008392334,18.790000915527344
08-27,4.989999771118164,4.25,,3.509999990463257,7.320000171661377,13.520000457763672,23.899999618530273,,,44.849998474121094,25.65999984741211,18.8700008392334
08-28,4.989999771118164,,,3.569999933242798,7.510000228881836,13.539999961853027,24.079999923706055,,22.549999237060547,44.54999923706055,24.079999923706055,18.81999969482422
08-29,,,4.139999866485596,3.5299999713897705,7.579999923706055,13.859999656677246,,24.149999618530273,22.649999618530273,44.099998474121094,24.200000762939453,
08-30,,4.159999847412109,4.269999980926514,3.450000047683716,7.380000114440918,,,24.59000015258789,22.549999237060547,43.79999923706055,25.0,
08-31,5.019999980926514,4.159999847412109,4.300000190734863,3.5,,,24.6299991607666,24.780000686645508,21.450000762939453,44.599998474121094,,18.549999237060547
09-01,4.78000020980835,4.300000190734863,4.130000114440918,,,,24.479999542236328,24.209999084472656,21.549999237060547,,,18.670000076293945
09-02,4.820000171661377,4.329999923706055,4.050000190734863,,,14.359999656677246,24.25,24.56999969482422,,,,18.68000030517578
09-03,4.840000152587891,4.389999866485596,,,7.659999847412109,14.079999923706055,24.84000015258789,,,,26.290000915527344,18.559999465942383
09-04,4.820000171661377,,,3.509999990463257,7.550000190734863,14.449999809265137,24.68000030517578,,,45.04999923706055,26.299999237060547,18.6299991607666
09-05,,,,3.5399999618530273,7.559999942779541,14.399999618530273,,,18.399999618530273,45.25,26.56999969482422,
09-06,,,4.039999961853027,3.559999942779541,7.460000038146973,,,24.729999542236328,18.649999618530273,45.54999923706055,26.969999313354492,
09-07,,4.429999828338623,4.050000190734863,3.7100000381469727,,,,25.709999084472656,16.5,46.150001525878906,,
09-08,4.889999866485596,4.46999979019165,4.099999904632568,,,14.079999923706055,25.959999084472656,25.309999465942383,17.850000381469727,,,18.15999984741211
09-09,4.989999771118164,4.460000038146973,3.9800000190734863,,7.619999885559082,13.600000381469727,26.700000762939453,24.540000915527344,,,27.68000030517578,18.1299991607666
09-10,4.889999866485596,4.460000038146973,,3.7899999618530273,7.380000114440918,13.529999732971191,26.700000762939453,,,44.599998474121094,28.049999237060547,17.329999923706055
09-11,4.900000095367432,,,3.809999942779541,7.320000171661377,13.5,27.15999984741211,,20.049999237060547,45.0,28.989999771118164,17.190000534057617
09-12,,,4.070000171661377,3.700000047683716,7.380000114440918,13.229999542236328,,25.010000228881836,20.399999618530273,44.5,28.75,
09-13,,4.619999885559082,4.059999942779541,3.799999952316284,7.360000133514404,,,24.18000030517578,21.0,45.29999923706055,28.790000915527344,
09-14,4.980000019073486,4.590000152587891,4.03000020980835,3.809999942779541,,,27.270000457763672,24.020000457763672,20.950000762939453,45.45000076293945,,17.520000457763672
09-15,4.929999828338623,4.619999885559082,3.9600000381469727,,,13.09000015258789,27.639999389648438,24.280000686645508,21.25,,,16.90999984741211
09-16,5.019999980926514,4.630000114440918,3.890000104904175,,7.360000133514404,13.130000114440918,28.3700008392334,24.030000686645508,,,28.90999984741211,16.670000076293945
09-17,5.0,4.610000133514404,,3.809999942779541,7.46999979019165,13.079999923706055,28.489999771118164,,,45.25,28.799999237060547,16.549999237060547
09-18,5.010000228881836,,,3.930000066757202,7.559999942779541,13.130000114440918,28.290000915527344,,20.399999618530273,45.95000076293945,28.489999771118164,16.40999984741211
09-19,,,3.7899999618530273,3.9000000953674316,7.550000190734863,12.739999771118164,,24.34000015258789,20.649999618530273,45.5,28.299999237060547,
09-20,,4.650000095367432,3.7799999713897705,3.8499999046325684,7.360000133514404,,,24.239999771118164,20.649999618530273,46.599998474121094,28.399999618530273,
09-21,5.0,4.670000076293945,3.6700000762939453,3.9000000953674316,,,27.899999618530273,24.799999237060547,20.399999618530273,47.70000076293945,,15.930000305175781
09-22,5.039999961853027,4.690000057220459,3.700000047683716,,,12.640000343322754,27.34000015258789,25.3700008392334,21.25,,,15.539999961853027
09-23,5.050000190734863,4.46999979019165,3.7899999618530273,,7.150000095367432,12.5,27.510000228881836,25.030000686645508,,,28.600000381469727,14.880000114440918
09-24,4.940000057220459,4.440000057220459,,3.869999885559082,7.170000076293945,12.619999885559082,27.899999618530273,,,47.900001525878906,29.84000015258789,14.5600004196167
09-25,4.96999979019165,,,3.8499999046325684,7.309999942779541,12.319999694824219,27.940000534057617,,21.700000762939453,49.150001525878906,28.93000030517578,14.180000305175781
09-26,,,3.9000000953674316,3.809999942779541,7.119999885559082,13.09000015258789,,24.43000030517578,21.799999237060547,49.599998474121094,29.329999923706055,
09-27,,4.429999828338623,3.9700000286102295,3.740000009536743,7.059999942779541,,,24.450000762939453,22.649999618530273,48.79999923706055,29.579999923706055,
09-28,5.039999961853027,4.400000095367432,3.7699999809265137,3.8499999046325684,,,27.329999923706055,25.25,23.100000381469727,48.54999923706055,,14.40999984741211
09-29,5.010000228881836,4.389999866485596,3.8499999046325684,,,12.930000305175781,27.56999969482422,25.030000686645508,23.0,,,13.6899995803833
09-30,5.03000020980835,4.489999771118164,3.8499999046325684,,7.050000190734863,12.930000305175781,29.540000915527344,25.200000762939453,,,29.989999771118164,13.84000015258789
10-01,4.949999809265137,4.489999771118164,,3.799999952316284,7.170000076293945,12.420000076293945,29.229999542236328,,,47.90999984741211,29.40999984741211,13.850000381469727
10-02,5.019999980926514,,,3.740000009536743,7.019999980926514,12.989999771118164,29.520000457763672,,23.799999237060547,47.369998931884766,28.799999237060547,14.0600004196167
10-03,,,3.690000057220459,3.799999952316284,6.949999809265137,13.239999771118164,,24.0,23.399999618530273,48.04999923706055,28.780000686645508,
10-04,,4.429999828338623,3.8499999046325684,3.9000000953674316,6.980000019073486,,,22.809999465942383,23.149999618530273,47.16999816894531,29.079999923706055,
10-05,5.03000020980835,4.300000190734863,3.9100000858306885,3.9100000858306885,,,31.75,22.229999542236328,23.25,47.16999816894531,,14.34000015258789
10-06,5.0,4.239999771118164,3.950000047683716,,,13.0600004196167,31.239999771118164,19.510000228881836,23.200000762939453,,,14.260000228881836
10-07,5.050000190734863,4.340000152587891,3.880000114440918,,6.800000190734863,12.819999694824219,33.06999969482422,22.34000015258789,,,29.020000457763672,14.210000038146973
10-08,5.079999923706055,4.429999828338623,,3.9000000953674316,6.610000133514404,13.109999656677246,32.79999923706055,,,47.56999969482422,28.81999969482422,14.289999961853027
10-09,5.099999904632568,,,3.8299999237060547,6.579999923706055,12.6899995803833,33.25,,23.399999618530273,48.43000030517578,28.510000228881836,14.199999809265137
10-10,,,4.050000190734863,3.880000114440918,6.679999828338623,12.869999885559082,,22.049999237060547,23.649999618530273,46.4900016784668,28.440000534057617,
10-11,,4.619999885559082,4.150000095367432,3.9100000858306885,6.800000190734863,,,22.100000381469727,23.950000762939453,45.349998474121094,28.459999084472656,
10-12,5.050000190734863,4.659999847412109,4.260000228881836,3.880000114440918,,,34.58000183105469,22.100000381469727,24.200000762939453,45.119998931884766,,14.449999809265137
10-13,5.059999942779541,4.699999809265137,4.230000019073486,,,12.979999542236328,33.95000076293945,22.100000381469727,24.25,,,14.100000381469727
10-14,5.059999942779541,4.690000057220459,4.329999923706055,,6.769999980926514,13.260000228881836,33.7400016784668,22.799999237060547,,,28.260000228881836,14.020000457763672
10-15,5.039999961853027,4.699999809265137,,3.9800000190734863,6.809999942779541,13.930000305175781,34.29999923706055,,,45.439998626708984,28.360000610351562,14.359999656677246
10-16,5.010000228881836,,,4.03000020980835,6.880000114440918,14.449999809265137,34.75,,24.399999618530273,45.95000076293945,28.459999084472656,14.319999694824219
10-17,,,4.150000095367432,4.010000228881836,7.170000076293945,13.9399995803833,,23.5,24.399999618530273,46.41999816894531,28.760000228881836,
10-18,,4.710000038146973,4.309999942779541,3.950000047683716,7.510000228881836,,,23.0,24.75,46.68000030517578,28.950000762939453,
10-19,5.010000228881836,4.71999979019165,4.269999980926514,3.9600000381469727,,,35.02000045776367,22.850000381469727,24.700000762939453,47.0,,13.779999732971191
10-20,4.960000038146973,4.650000095367432,4.159999847412109,,,14.0,35.560001373291016,22.0,24.200000762939453,,,13.6899995803833
10-21,5.139999866485596,4.570000171661377,4.300000190734863,,7.489999771118164,14.5,34.709999084472656,21.799999237060547,,,29.1200008392334,13.9399995803833
10-22,5.159999847412109,4.590000152587891,,4.0,7.559999942779541,14.390000343322754,35.77000045776367,,,47.75,28.920000076293945,14.289999961853027
10-23,5.050000190734863,,,3.9800000190734863,7.519999980926514,14.640000343322754,36.31999969482422,,24.100000381469727,47.279998779296875,28.920000076293945,14.350000381469727
10-24,,,4.260000228881836,3.990000009536743,7.690000057220459,14.279999732971191,,22.100000381469727,23.850000381469727,44.599998474121094,28.81999969482422,
10-25,,4.599999904632568,4.159999847412109,4.0,7.75,,,22.149999618530273,23.950000762939453,46.4900016784668,28.90999984741211,
10-26,5.110000133514404,4.639999866485596,4.210000038146973,4.0,,,35.06999969482422,21.850000381469727,24.549999237060547,47.25,,14.100000381469727
10-27,5.28000020980835,4.570000171661377,4.360000133514404,,,14.460000038146973,34.08000183105469,21.0,24.5,,,13.449999809265137
10-28,5.199999809265137,4.519999980926514,4.28000020980835,,8.020000457763672,15.0,35.84000015258789,20.899999618530273,,,29.059999465942383,11.079999923706055
10-29,5.380000114440918,4.550000190734863,,,8.029999732971191,15.420000076293945,35.310001373291016,,,47.54999923706055,29.260000228881836,12.029999732971191
10-30,5.309999942779541,,,,7.889999866485596,14.989999771118164,31.549999237060547,,24.049999237060547,43.34000015258789,29.610000610351562,12.470000267028809
10-31,,,4.21999979019165,3.950000047683716,7.840000152587891,17.5,,21.299999237060547,23.850000381469727,41.97999954223633,27.110000610351562,
11-01,,4.519999980926514,4.239999771118164,3.9800000190734863,7.800000190734863,,,20.899999618530273,23.649999618530273,41.720001220703125,27.81999969482422,
11-02,5.380000114440918,4.650000095367432,4.360000133514404,3.9200000762939453,,,32.40999984741211,20.75,23.399999618530273,43.20000076293945,,12.84000015258789
11-03,5.510000228881836,4.590000152587891,4.5,,,18.469999313354492,32.349998474121094,19.850000381469727,23.299999237060547,,,12.5600004196167
11-04,5.760000228881836,4.710000038146973,4.409999847412109,,7.840000152587891,17.920000076293945,31.239999771118164,19.700000762939453,,,27.559999465942383,12.4399995803833
11-05,6.119999885559082,4.690000057220459,,3.890000104904175,8.079999923706055,18.3799991607666,32.220001220703125,,,43.029998779296875,27.56999969482422,12.369999885559082
11-06,5.489999771118164,,,3.990000009536743,8.020000457763672,18.770000457763672,33.060001373291016,,23.299999237060547,44.11000061035156,29.270000457763672,12.109999656677246
11-07,,,4.400000095367432,3.759999990463257,7.940000057220459,18.100000381469727,,19.399999618530273,23.399999618530273,44.599998474121094,29.829999923706055,
11-08,,4.730000019073486,4.139999866485596,3.799999952316284,7.96999979019165,,,19.549999237060547,23.399999618530273,45.099998474121094,30.15999984741211,
11-09,5.940000057220459,4.71999979019165,3.9200000762939453,3.940000057220459,,,31.40999984741211,20.700000762939453,25.25,44.959999084472656,,13.100000381469727
11-10,6.210000038146973,4.96999979019165,3.9700000286102295,,,18.760000228881836,31.979999542236328,22.0,25.25,,,13.819999694824219
11-11,6.289999961853027,5.039999961853027,3.940000057220459,,8.0600004196167,18.959999084472656,31.639999389648438,22.450000762939453,,,30.399999618530273,13.34000015258789
11-12,5.989999771118164,5.0,,3.930000066757202,8.010000228881836,19.469999313354492,30.59000015258789,,,45.060001373291016,30.459999084472656,13.229999542236328
11-13,5.989999771118164,,,3.9200000762939453,8.180000305175781,19.190000534057617,30.479999542236328,,25.399999618530273,44.7400016784668,30.34000015258789,13.510000228881836
11-14,,,3.880000114440918,3.859999895095825,8.029999732971191,18.889999389648438,,22.799999237060547,25.0,44.15999984741211,30.100000381469727,
11-15,,5.010000228881836,3.940000057220459,3.880000114440918,8.039999961853027,,,22.549999237060547,25.25,44.04999923706055,29.90999984741211,
11-16,6.190000057220459,4.840000152587891,3.799999952316284,3.9100000858306885,,,29.8700008392334,22.850000381469727,24.75,44.779998779296875,,14.510000228881836
11-17,5.820000171661377,4.949999809265137,3.690000057220459,,,18.889999389648438,20.690000534057617,23.700000762939453,25.950000762939453,,,14.399999618530273
11-18,5.710000038146973,4.889999866485596,3.549999952316284,,7.989999771118164,19.239999771118164,23.489999771118164,24.450000762939453,,,29.75,14.069999694824219
11-19,5.579999923706055,4.880000114440918,,4.019999980926514,8.119999885559082,18.229999542236328,19.559999465942383,,,44.970001220703125,29.43000030517578,14.180000305175781
11-20,5.75,,,4.090000152587891,8.199999809265137,18.84000015258789,18.469999313354492,,26.350000381469727,43.470001220703125,29.200000762939453,
11-21,,,3.5199999809265137,4.099999904632568,8.949999809265137,19.299999237060547,,24.350000381469727,26.75,44.0,28.969999313354492,
11-22,,4.840000152587891,3.5,,9.460000038146973,,,25.25,26.600000381469727,,29.170000076293945,
11-23,5.659999847412109,4.860000133514404,3.430000066757202,4.21999979019165,,,21.469999313354492,25.399999618530273,,44.06999969482422,,
11-24,5.619999885559082,4.909999847412109,,,,19.469999313354492,20.15999984741211,,26.25,,,
11-25,5.550000190734863,,3.4000000953674316,,10.430000305175781,19.469999313354492,20.8799991607666,25.149999618530273,,,29.40999984741211,
11-26,,4.989999771118164,,4.360000133514404,11.170000076293945,19.719999313354492,,,,43.349998474121094,29.299999237060547,
11-27,5.480000019073486,,,4.239999771118164,11.520000457763672,,20.229999542236328,,26.200000762939453,42.7599983215332,29.309999465942383,
11-28,,,3.430000066757202,4.260000228881836,,19.399999618530273,,24.950000762939453,26.5,43.790000915527344,,
11-29,,4.929999828338623,3.440000057220459,4.449999809265137,12.399999618530273,,,24.649999618530273,26.799999237060547,43.91999816894531,29.100000381469727,
11-30,5.46999979019165,4.869999885559082,3.4600000381469727,4.590000152587891,,,19.75,24.0,26.399999618530273,43.88999938964844,,
12-01,5.53000020980835,4.880000114440918,3.4000000953674316,,,18.309999465942383,20.469999313354492,24.5,26.299999237060547,,,
12-02,5.5,4.909999847412109,3.4200000762939453,,13.010000228881836,18.770000457763672,20.84000015258789,24.149999618530273,,,28.719999313354492,
12-03,5.440000057220459,4.860000133514404,,4.53000020980835,12.140000343322754,19.559999465942383,20.649999618530273,,,44.25,28.31999969482422,
12-04,5.570000171661377,,,4.610000133514404,13.010000228881836,19.950000762939453,21.829999923706055,,26.399999618530273,42.060001373291016,28.520000457763672,
12-05,,,3.559999942779541,4.5,12.829999923706055,19.719999313354492,,24.799999237060547,26.25,,28.18000030517578,
12-06,,4.820000171661377,3.8399999141693115,4.360000133514404,12.710000038146973,,,25.299999237060547,26.100000381469727,42.5,28.829999923706055,
12-07,5.599999904632568,4.78000020980835,3.75,4.449999809265137,,,21.6200008392334,25.649999618530273,25.700000762939453,41.40999984741211,,
12-08,5.619999885559082,4.860000133514404,3.680000066757202,,,20.459999084472656,23.1299991607666,25.75,25.950000762939453,,,
12-09,5.690000057220459,4.920000076293945,3.6700000762939453,,12.850000381469727,21.059999465942383,22.75,25.700000762939453,,,28.850000381469727,
12-10,5.699999809265137,4.869999885559082,,4.480000019073486,13.149999618530273,20.09000015258789,23.190000534057617,,,40.529998779296875,28.90999984741211,
12-11,5.800000190734863,,,4.510000228881836,12.420000076293945,20.420000076293945,22.079999923706055,,25.799999237060547,39.810001373291016,29.020000457763672,
12-12,,,3.609999895095825,4.360000133514404,11.899999618530273,19.81999969482422,,25.850000381469727,26.100000381469727,39.7400016784668,28.3700008392334,
12-13,,4.840000152587891,3.5999999046325684,4.349999904632568,12.010000228881836,,,25.700000762939453,26.149999618530273,40.95000076293945,27.860000610351562,
12-14,5.78000020980835,4.920000076293945,3.640000104904175,4.320000171661377,,,21.860000610351562,25.950000762939453,25.350000381469727,39.61000061035156,,
12-15,5.699999809265137,4.840000152587891,3.680000066757202,,,19.229999542236328,20.860000610351562,26.450000762939453,26.100000381469727,,,
12-16,5.710000038146973,4.929999828338623,3.759999990463257,,12.239999771118164,19.149999618530273,21.030000686645508,26.700000762939453,,,28.6200008392334,
12-17,5.679999828338623,4.849999904632568,,4.03000020980835,11.890000343322754,19.579999923706055,20.690000534057617,,,38.310001373291016,29.479999542236328,
12-18,5.760000228881836,,,4.139999866485596,12.420000076293945,19.959999084472656,20.799999237060547,,26.350000381469727,38.61000061035156,29.469999313354492,
12-19,,,3.4700000286102295,4.139999866485596,12.619999885559082,19.860000610351562,,27.549999237060547,25.75,39.279998779296875,29.350000381469727,
12-20,,4.880000114440918,3.4700000286102295,4.199999809265137,12.84000015258789,,,28.25,25.75,37.810001373291016,29.3799991607666,
12-21,5.75,4.889999866485596,3.3299999237060547,4.119999885559082,,,21.520000457763672,28.5,26.200000762939453,36.959999084472656,,
12-22,5.71999979019165,4.920000076293945,3.4600000381469727,,,19.84000015258789,22.389999389648438,28.25,26.299999237060547,,,
12-23,5.78000020980835,4.900000095367432,3.3399999141693115,,13.359999656677246,20.010000228881836,23.299999237060547,28.399999618530273,,,29.270000457763672,
12-24,5.730000019073486,,,4.130000114440918,13.920000076293945,20.209999084472656,24.040000915527344,,,36.029998779296875,28.81999969482422,
12-26,,,,4.150000095367432,14.550000190734863,20.170000076293945,,,26.950000762939453,38.060001373291016,28.3700008392334,
12-27,,4.909999847412109,3.4700000286102295,4.239999771118164,14.630000114440918,,,28.100000381469727,27.100000381469727,38.13999938964844,28.030000686645508,
12-28,5.769999980926514,4.880000114440918,3.5,4.320000171661377,,,23.639999389648438,28.0,27.25,38.09000015258789,,
12-29,5.78000020980835,4.880000114440918,3.5899999141693115,,,20.3799991607666,24.229999542236328,28.299999237060547,27.350000381469727,,,
12-30,5.800000190734863,4.889999866485596,3.5799999237060547,,13.779999732971191,20.479999542236328,24.110000610351562,28.399999618530273,,,27.8799991607666,
12-31,5.869999885559082,4.869999885559082,,4.380000114440918,14.479999542236328,20.450000762939453,23.18000030517578,,,37.91999816894531,27.989999771118164,
