,2009,2010,2011,2012,2013,2014,2015,2016,2017,2018,2019,2020,ups,downs,end_day_sum,avg
01-02,0.0,-0.6938514709472656,0.0,0.0,0.0,-0.6516532897949219,-0.04393959045410156,-1.1190204620361328,0.9126529693603516,-0.6869049072265625,0.602951049804684,0.009893417358398438,3.0,8.0,01-17,-0.13915602366129587
01-03,0.0,-0.6938514709472656,0.0,0.0,0.0,-0.8660049438476562,-0.07030296325683949,-1.1190204620361328,0.9126529693603516,-0.6869049072265625,0.602951049804684,0.009893417358398438,3.0,8.0,01-18,-0.15921560923258524
01-04,0.0,-0.6167526245117188,0.0,0.0,0.0,0.3258247375488281,-0.07030296325683949,-1.1190204620361328,0.9126529693603516,-0.6869049072265625,0.602951049804684,0.009893417358398438,4.0,7.0,01-19,-0.05347156524658262
01-05,0.0,-0.46257209777831676,0.0,0.0,0.0,0.3258247375488281,0.32515525817871094,-1.1190204620361328,0.9126529693603516,-0.6869049072265625,0.602951049804684,0.009893417358398438,5.0,6.0,01-20,-0.007668336232503255
01-06,0.0,-0.3854808807372976,0.0,0.0,0.0,0.4372901916503906,0.694244384765625,-0.8843898773193288,0.9126529693603516,0.0,0.602951049804684,0.6827163696289098,5.0,6.0,01-21,0.1716653505961112
01-07,0.0,-0.3854808807372976,0.0,0.0,0.0,0.03429794311524148,0.20212173461914062,-0.8843898773193288,0.9126529693603516,0.0,0.602951049804684,0.8608150482177699,5.0,6.0,01-22,0.11191399892171343
01-08,0.0,-0.7709522247314453,0.0,0.0,0.0,0.3086738586425781,-0.1230316162109375,-0.8843898773193288,0.9126529693603516,0.0,0.0,0.8608150482177699,3.0,8.0,01-23,0.025314013163248994
01-09,0.0,-0.7709522247314453,0.0,0.0,0.0,-0.18005752563477273,-0.08788108825683594,-0.3790225982666051,0.9126529693603516,0.0,0.0,0.8608150482177699,2.0,9.0,01-24,0.029629548390705196
01-10,0.0,-0.7709522247314453,0.0,0.0,0.0,-0.13718795776367188,-0.1318206787109375,-0.3790225982666051,0.0,0.0,-0.07780075073242543,0.8608150482177699,1.0,10.0,01-25,-0.052997430165609614
01-11,0.0,-0.7709522247314453,0.0,0.0,0.0,-0.2658042907714986,-0.34272956848144176,-1.4078044891357422,0.0,0.0,-0.07780075073242543,0.8608150482177699,1.0,10.0,01-26,-0.16702302296956528
01-12,0.0,-0.3160896301269531,0.0,0.0,0.0,-0.8917274475097727,-0.15818405151367188,-1.1190242767333949,0.0,0.0,-0.07780075073242543,0.8608150482177699,1.0,10.0,01-27,-0.141834259033204
01-13,0.0,-0.3160896301269531,0.0,0.0,0.0,-0.6516494750976634,-0.0878753662109375,-0.9746360778808523,0.0,0.0,-0.07780075073242543,0.8608150482177699,1.0,10.0,01-28,-0.10393635431925514
01-14,0.0,0.02312469482421875,0.0,0.0,0.0,-1.8691978454589986,0.11424446105957031,-0.7219543457031179,0.0,0.0,-0.07780075073242543,0.8509216308593714,3.0,8.0,01-29,-0.14005517959594846
01-15,0.0,0.9482669830322301,0.0,0.0,0.0,-0.6344947814941406,0.14939117431641336,-0.7219543457031179,0.0,0.0,-0.07780075073242543,0.8509216308593714,3.0,8.0,01-30,0.04286082585652758
01-16,0.0,0.8711757659912109,0.0,0.0,0.0,-0.19720077514647727,0.34272766113282316,-0.7219543457031179,0.0,0.0,-0.2625770568847656,0.3759880065917933,3.0,8.0,01-31,0.034013271331788886
01-17,0.0,0.8711757659912109,0.0,0.0,0.0,0.08574676513672586,0.4921207427978622,-0.4963436126708949,0.0,0.0,-0.2625770568847656,0.19788932800293324,4.0,7.0,02-01,0.07400099436442265
01-18,0.0,0.8711757659912109,0.0,0.0,0.0,-0.08573532104491477,0.3954563140869105,-0.33390235900878906,0.5773963928222692,0.0,-0.2625770568847656,0.19788932800293324,4.0,8.0,02-02,0.11330858866373787
01-19,0.0,0.8711757659912109,0.0,0.0,0.0,-0.454437255859375,0.34272956848144887,-0.33390235900878906,0.5773963928222692,0.0,-0.2625770568847656,0.19788932800293324,4.0,8.0,02-03,0.07818953196207772
01-20,0.0,0.8711757659912109,0.0,0.0,0.0,-0.454437255859375,0.6590919494628906,-0.33390235900878906,0.5773963928222692,0.0,-0.2625770568847656,0.19788932800293324,4.0,8.0,02-04,0.10455306371053119
01-21,0.56451416015625,0.8711757659912109,0.0,0.0,0.0,-0.7974014282226634,1.3797073364257812,0.21657943725586293,0.5773963928222692,0.0,-0.2625770568847656,0.19788932800293324,6.0,6.0,02-05,0.22894032796223987
01-22,0.56451416015625,0.8711757659912109,0.0,0.0,0.0,-1.9292144775390554,1.2478866577148402,1.245361328125,0.5773963928222692,0.0,-0.2625770568847656,0.19788932800293324,6.0,6.0,02-06,0.2093693415323902
01-23,0.56451416015625,0.41631317138671875,0.0,0.0,0.0,-1.0374832153320312,1.0633411407470703,1.3356037139892578,0.5773963928222692,0.0,-0.1847763061523402,0.19788932800293324,6.0,6.0,02-07,0.244399865468344
01-24,0.56451416015625,0.41631317138671875,0.0,0.0,0.0,-1.2775611877441406,0.7381839752197266,1.480001449584961,0.5773963928222692,0.0,-0.1847763061523402,0.19788932800293324,6.0,6.0,02-08,0.20933008193969815
01-25,0.56451416015625,0.41631317138671875,0.0,0.0,0.0,-0.7373809814453054,0.9666690826416016,1.480001449584961,0.5773963928222692,0.0,-0.1847763061523402,0.19788932800293324,6.0,6.0,02-09,0.27338552474975736
01-26,-1.5053367614746094,0.41631317138671875,0.0,0.0,0.0,-0.6945152282714773,1.0984878540039062,2.156829833984375,0.5773963928222692,0.0,-0.1847763061523402,0.19788932800293324,5.0,7.0,02-10,0.17185735702514796
01-27,-1.5053367614746094,0.0,0.0,0.0,0.0,-0.754535675048821,-0.7909145355224609,2.0936603546142507,0.5773963928222692,0.0,-0.1847763061523402,0.7222957611083984,3.0,9.0,02-11,0.013149102528890566
01-28,-1.5053367614746094,0.0,0.0,0.0,0.0,-2.006380081176758,-0.6678752899170028,1.8680496215820277,0.5773963928222692,0.0,0.14587593078613637,0.7222957611083984,4.0,8.0,02-12,-0.07216453552246153
01-29,-1.5053367614746094,0.0,0.0,0.0,0.0,-2.4008026123046946,-0.7030334472656214,1.7056083679199219,0.5773963928222692,0.0,0.33065223693847656,0.5244064331054652,4.0,8.0,02-13,-0.12259244918823271
01-30,-1.5053367614746094,0.0,0.0,0.0,0.0,-1.774871826171875,-0.6503067016601598,1.7056083679199219,0.5773963928222692,0.0,0.33065223693847656,0.6233501434326172,4.0,8.0,02-14,-0.057792345682779946
01-31,-1.5053367614746094,0.0,0.0,0.0,0.0,-1.774871826171875,-0.9666690826416016,1.7056083679199219,0.0,0.0,0.33065223693847656,0.6233501434326172,3.0,9.0,02-15,-0.13227224349975586
02-01,-1.5053367614746094,0.0,0.0,0.0,0.0,-1.4319076538085866,-0.9666690826416016,1.8139019012451207,0.0,0.0,0.33065223693847656,0.6233501434326172,3.0,9.0,02-16,-0.09466743469238192
02-02,-3.3870258331298757,0.0,0.0,0.0,0.0,-1.4319076538085866,0.17576026916503906,2.481702804565444,0.0,0.0,0.33065223693847656,0.6233501434326172,4.0,8.0,02-17,-0.10062233606974047
02-03,-3.2741432189941335,0.0,0.0,0.0,0.0,-1.7834625244140554,0.24605941772460938,1.931221008300792,0.0,0.0,0.33065223693847656,0.6233501434326172,4.0,8.0,02-18,-0.16052691141764117
02-04,-3.0483322143554616,0.0,0.0,0.0,0.0,-0.3086814880371094,0.7118206024169886,1.7868232727050888,0.0,0.0,0.33065223693847656,0.32651710510253906,4.0,8.0,02-19,-0.016766707102456497
02-05,-3.0483322143554616,0.0,0.0,0.0,0.0,-0.44586944580078125,0.4306106567382848,1.7868232727050888,0.0,0.0,0.33065223693847656,0.32651710510253906,4.0,8.0,02-20,-0.05163319905598781
02-06,-0.9784812927246023,0.0,0.0,0.0,0.0,0.08574676513672586,0.2987918853759801,0.9656066894531321,0.0,0.0,0.33065223693847656,0.32651710510253906,5.0,7.0,02-21,0.08573611577352096
02-07,-0.9784812927246023,0.0,0.0,0.0,0.0,0.1457672119140696,2.030014038085941,0.9656066894531321,0.0,0.0,0.33065223693847656,-0.19788932800292613,4.0,8.0,02-22,0.19130579630534092
02-08,0.0,0.0,0.0,0.0,0.0,0.763113021850593,2.4254703521728516,0.9656066894531321,0.0,1.7649612426757812,0.0,-0.19788932800292613,4.0,8.0,02-23,0.47677183151245267
02-09,0.0,0.0,0.0,0.0,0.0,0.6173458099365234,2.495773315429691,1.5973148345947301,0.0,1.7649612426757812,0.0,-2.077833175659176,4.0,8.0,02-24,0.3664635022481291
02-10,0.0,0.0,0.0,0.0,0.0,0.6173458099365234,2.126676559448253,1.5973148345947301,0.0,1.7649612426757812,2.703561782836914,-2.2955131530761683,5.0,7.0,02-25,0.5428622563680028
02-11,0.0,0.0,0.0,0.0,0.0,0.39441299438477273,2.583650588989258,1.4890213012695312,0.0,1.7649612426757812,2.703561782836914,-2.8891792297363246,5.0,7.0,02-26,0.503869056701661
02-12,-1.1290225982666016,0.0,0.0,0.0,0.0,0.6687889099121094,1.2478866577148438,0.8212203979492081,0.8567771911621058,1.7554244995117188,2.703561782836914,-2.9881229400634766,6.0,6.0,02-27,0.3280428250630685
02-13,-1.8064193725585938,0.0,0.0,0.0,0.0,0.5487632751464773,0.8524303436279297,0.8212203979492081,0.8567771911621058,1.7554244995117188,2.703561782836914,-2.9881229400634766,6.0,6.0,02-28,0.22863626480102361
02-14,-2.0322303771972656,0.0,0.0,0.0,0.0,0.5487632751464773,0.7293987274169957,0.8212203979492081,0.8567771911621058,1.7554244995117188,2.703561782836914,-2.6912899017333984,6.0,6.0,02-29,0.2243021329243963
02-15,-2.7849025726318324,0.0,0.0,0.0,0.0,0.42014312744139914,1.283041000366211,0.8212203979492081,0.8567771911621058,1.7554244995117188,2.703561782836914,-2.6912899017333984,6.0,6.0,03-01,0.19699796040852716
02-16,-1.2795486450195348,0.0,0.0,0.0,0.0,0.5401763916015625,0.861221313476566,0.8212203979492081,0.8567771911621058,1.7554244995117188,2.703561782836914,-2.9287548065185547,6.0,6.0,03-02,0.27750651041666546
02-17,-2.408563613891598,0.0,0.0,0.0,0.0,0.10289764404297586,0.8700084686279297,0.6497573852538956,0.8567771911621058,1.7554244995117188,2.703561782836914,-2.9287548065185547,6.0,6.0,03-03,0.1334257125854489
02-18,-2.9354419708251953,0.0,0.0,0.0,0.0,-0.008563995361328125,0.8875789642333949,0.6497573852538956,0.8567771911621058,1.7554244995117188,2.703561782836914,-2.9287548065185547,5.0,7.0,03-04,0.08169492085774592
02-19,-3.46231460571288,0.0,0.0,0.0,0.0,-0.11147308349610796,0.3690910339355504,0.6497573852538956,1.4621105194091761,1.7554244995117188,2.703561782836914,-2.137201309204098,5.0,7.0,03-05,0.10241301854451408
02-20,-3.46231460571288,0.0,0.0,0.0,0.0,0.5316047668457102,0.29878807067871094,-0.1714630126953125,1.4062347412109304,1.7554244995117188,2.703561782836914,-0.9498691558837891,5.0,7.0,03-06,0.1759972572326669
02-21,-3.46231460571288,0.0,0.0,0.0,0.0,0.5316047668457102,0.11424064636229758,-0.1714630126953125,1.4062347412109304,-0.0095367431640625,0.0,-0.7321891784667969,3.0,9.0,03-07,-0.1936186154683428
02-22,-4.327884674072255,0.0,0.0,0.0,0.0,0.6002006530761719,0.6415176391601456,-0.1714630126953125,1.4062347412109304,-0.0095367431640625,0.0,-0.13852310180664062,3.0,9.0,03-08,-0.16662120819091855
02-23,-2.559108734130856,0.0,0.0,0.0,0.0,0.38584136962889914,0.5184860229492081,-0.1714630126953125,0.5494575500488246,0.0,0.0,-0.1978893280029297,3.0,9.0,03-09,-0.12288967768351385
02-24,-2.258029937744137,0.0,0.0,0.0,0.0,0.18864059448242188,-0.3339424133300781,-0.1714630126953125,0.5494575500488246,0.0,0.0,0.17809867858886363,3.0,9.0,03-10,-0.15393654505411813
02-25,-0.3763332366943324,0.0,0.0,0.0,0.0,-0.3515472412109375,-0.16696929931640625,-0.1714630126953125,0.5494575500488246,-1.1543846130371165,0.0,0.17809867858886363,2.0,10.0,03-11,-0.12442843119303475
02-26,0.2634353637695277,0.0,0.0,0.0,0.0,0.22292709350586648,-0.861221313476559,-0.1714630126953125,0.5494575500488246,-1.1543846130371165,0.0,0.17809867858886363,4.0,8.0,03-12,-0.08109585444132546
02-27,-1.2419185638427699,0.0,0.0,0.0,0.0,-0.14575958251953125,-0.43940162658691406,-0.1714630126953125,0.5494575500488246,-1.1543846130371165,0.0,0.4155635833740199,2.0,10.0,03-13,-0.18232552210489997
02-28,-0.11290359497070668,0.0,0.0,0.0,0.0,0.2915191650390554,-0.4481887817382777,-0.08122062683105113,0.5494575500488246,-1.1543846130371165,0.0,0.4155635833740199,3.0,9.0,03-14,-0.04501310984293768
02-29,0.0,0.0,0.0,0.0,0.0,0.0,0.0,-0.08122062683105113,0.0,0.0,0.0,0.4155635833740199,1.0,2.0,03-15,0.027861913045247395
03-01,-1.5053520202636754,0.0,0.0,0.0,0.0,0.4029808044433594,0.09666633605957742,0.09024238586426137,0.5494575500488246,-1.1543846130371165,0.0,0.4155635833740199,5.0,7.0,03-16,-0.09206883112589577
03-02,-1.129013061523441,0.0,0.0,0.0,0.0,0.26578903198241477,-0.17576026916503906,0.09024238586426137,-0.05587577819824574,-1.1543846130371165,0.0,-3.4036922454833984,2.0,10.0,03-17,-0.46355787913004703
03-03,-0.6021347045898438,0.0,-2.5688323974609375,0.0,0.0,-0.47159004211425426,-0.05272483825683594,0.09024238586426137,0.0,-1.1543846130371165,0.0,-5.362791061401374,1.0,11.0,03-18,-0.8435179392496751
03-04,-1.0537433624267614,0.0,-2.5688323974609375,0.0,0.0,-1.0374908447265554,0.5536422729492188,0.09024238586426137,0.0,-1.1543846130371165,0.0,-4.155666351318359,2.0,10.0,03-19,-0.7771860758463541
03-05,-3.01070594787598,0.0,-2.5688323974609375,0.0,0.0,-1.0203380584716975,0.246063232421875,0.09024238586426137,0.0,-1.1543846130371165,0.0,-6.144451141357422,2.0,10.0,03-20,-1.1302005449930848
03-06,-4.779481887817379,0.0,-2.5688323974609375,0.0,0.0,-1.3976078033447266,0.3690948486328125,0.09024238586426137,0.0,-1.1543846130371165,0.0,-6.520439147949215,2.0,10.0,03-21,-1.3301173845926917
03-07,-5.080560684204098,0.0,-2.5688323974609375,0.0,0.0,-1.2004070281982493,0.8963718414306641,-0.1895122528076172,0.0,-1.1543846130371165,0.0,-6.520439147949215,1.0,11.0,03-22,-1.3181470235188808
03-08,-5.080560684204098,0.0,-2.5688323974609375,0.0,0.0,-1.191823959350586,1.344552993774414,-0.1895122528076172,1.3596706390380895,0.0,0.0,-4.6305999755859375,2.0,10.0,03-23,-0.9130921363830561
03-09,-5.080560684204098,0.0,-2.5688323974609375,0.0,0.0,-2.1178379058837855,1.2127361297607386,-0.1985340118408203,1.3596706390380895,0.0,0.0,-4.6305999755859375,2.0,10.0,03-24,-1.0019965171813958
03-10,-0.715042114257816,0.0,-2.5688323974609375,0.0,0.0,-2.237880706787106,1.7487983703613317,-0.2887763977050817,1.3596706390380895,0.0,0.0,-5.273740768432617,2.0,10.0,03-25,-0.6646502812703448
03-11,-1.3924484252929688,0.0,-2.5688323974609375,0.0,0.0,-1.2346973419189453,1.4060745239257777,-0.2887763977050817,1.3596706390380895,0.0,0.0,-3.3146381378173793,2.0,10.0,03-26,-0.5028039614359537
03-12,-0.7526760101318359,0.0,-2.5688323974609375,0.0,0.0,-0.9860439300537109,1.1248550415039027,-0.2887763977050817,1.3596706390380895,0.0,0.0,-3.571893692016598,2.0,10.0,03-27,-0.47364139556884766
03-13,-1.1290149688720703,0.0,-2.5688323974609375,0.0,0.4126434326171875,0.46787261962891336,1.3972816467285192,-0.2887763977050817,1.3596706390380895,0.0,0.0,0.2473621368408203,5.0,7.0,03-28,-0.008482774098713305
03-14,-1.1290149688720703,0.0,-2.5688323974609375,0.4927101135253835,0.4126434326171875,1.2052516937255824,1.3094005584716797,-0.2887763977050817,1.3596706390380895,0.0,0.0,1.4149074554443395,6.0,6.0,03-29,0.18399667739868106
03-15,-0.7695560455322266,0.3932075500488281,-2.0977630615234304,0.4927101135253835,0.4126434326171875,1.2995796203613281,1.5560588836669922,-0.5112781524658203,1.7619094848632812,0.0,0.0,1.4149074554443395,7.0,5.0,03-30,0.32936827341715524
03-16,-0.5026226043701136,0.3932075500488281,0.4710693359375071,0.4927101135253835,0.4126434326171875,0.9435043334960866,0.06240653991699219,-0.5112781524658203,1.7619094848632812,0.0,0.0,6.118173599243168,8.0,4.0,03-31,0.8034769694010416
03-17,-0.5026226043701136,0.3932075500488281,0.4710693359375071,0.4927101135253835,0.4126434326171875,0.9435043334960866,-0.44760322570801137,-0.8045387268066406,1.7619094848632812,0.0,0.22814369201660156,4.7236614227294815,8.0,4.0,04-01,0.6393404006957993
03-18,2.31991004943848,0.3932075500488281,0.4710693359375071,0.4927101135253835,0.4126434326171875,0.4290409088134801,-0.8006649017333949,-0.5247840881347621,1.7619094848632812,0.4188385009765767,0.22814369201660156,6.771812438964833,10.0,2.0,04-02,1.0311530431111668
03-19,2.31991004943848,0.3932075500488281,0.4710693359375071,0.4927101135253835,0.4126434326171875,0.7861843109130859,-1.2488460540771449,-0.5247840881347621,1.7619094848632812,0.4188385009765767,0.22814369201660156,4.881973266601555,10.0,2.0,04-03,0.8660799662272151
03-20,2.31991004943848,0.3932075500488281,0.4710693359375071,0.4927101135253835,0.4126434326171875,2.1203708648681605,-1.1170291900634695,-0.5247840881347621,1.7619094848632812,0.892040252685554,0.22814369201660156,4.881973266601555,10.0,2.0,04-04,1.0276803970336923
03-21,-0.9165935516357386,0.3932075500488281,0.4710693359375071,0.4927101135253835,0.4126434326171875,2.240413665771481,-1.626729965209961,-0.5247840881347621,0.40223884582519176,1.1334686279296946,0.22814369201660156,5.525114059448235,9.0,3.0,04-05,0.6859084765116373
03-22,-1.7936534881591797,0.3932075500488281,0.4710693359375071,0.4927101135253835,0.4126434326171875,1.1343364715576172,-1.8223247528076207,-0.515762329101559,0.40223884582519176,1.6259803771972727,0.22814369201660156,3.925113677978519,9.0,3.0,04-06,0.41280857721964576
03-23,-1.7936534881591797,0.3932075500488281,0.4710693359375071,0.4927101135253835,0.4126434326171875,1.0474987030029297,-2.035711288452152,-0.515762329101559,-0.6642494201660156,1.6259803771972727,0.22814369201660156,4.66511344909668,8.0,4.0,04-07,0.3605825106302903
03-24,-1.0033435821533203,0.3932075500488281,0.4710693359375071,0.4927101135253835,0.4126434326171875,1.4122486114501953,-1.187850952148434,-0.515762329101559,-0.6642494201660156,1.6259803771972727,0.22814369201660156,2.156011581420902,8.0,4.0,04-08,0.31840070088704575
03-25,-0.2506675720214844,0.3932075500488281,0.4710693359375071,0.4927101135253835,0.4126434326171875,2.141756057739265,-1.2381057739257777,-0.2932605743408203,-0.6642494201660156,1.6259803771972727,0.22814369201660156,2.4132671356201207,8.0,4.0,04-09,0.4777078628540057
03-26,-0.6101264953613281,0.0,0.0,0.4927101135253835,0.0,1.4503288269042969,-1.947088241577152,-0.2932605743408203,-0.6642494201660156,1.4521522521972727,-2.2821407318115234,2.4132671356201207,4.0,8.0,04-10,0.0009660720825195312
03-27,-0.877059936523441,0.0,0.0,0.0,0.0,1.5458641052246165,-0.453435897827152,-0.2932605743408203,-0.6642494201660156,1.6742630004882884,-2.2821407318115234,-2.2899990081787074,2.0,10.0,04-11,-0.30333487192789627
03-28,-0.877059936523441,0.0,0.0,0.0,0.0,1.5458641052246165,-0.4267616271972692,-0.2932605743408203,-1.0664882659912074,1.2554244995117116,-2.510284423828125,-1.4099998474120952,2.0,10.0,04-12,-0.3152138392130525
03-29,-0.877059936523441,0.0,0.0,0.0,0.0,1.5458641052246165,-0.5156688690185547,-0.2932605743408203,-1.0664882659912074,0.019317626953117895,-2.510284423828125,-1.350000381469716,2.0,10.0,04-13,-0.42063172658284415
03-30,-0.877059936523441,0.0,0.0,0.0,0.0,0.4255523681640767,-0.7557239532470703,0.0,-1.0664882659912074,-0.4538841247558594,-2.510284423828125,-1.2100009918212784,1.0,11.0,04-14,-0.5373241106669088
03-31,-0.877059936523441,0.0,0.0,0.0,0.0,0.30395889282227273,-0.7735004425048757,0.0,-1.0664882659912074,-0.4538841247558594,-2.510284423828125,-1.2100009918212784,1.0,11.0,04-15,-0.5489382743835428
04-01,-0.877059936523441,0.0,0.0,0.0,0.0,1.1637420654296875,-0.5779056549072159,0.0,-1.0664882659912074,-0.4538841247558594,-2.510284423828125,-0.07999992370604758,1.0,11.0,04-16,-0.36682335535685073
04-02,0.0,0.0,0.0,0.0,0.0,-0.1910552978515625,-0.08001518249511719,0.0,-1.0664882659912074,-0.4538841247558594,-2.510284423828125,1.5200004577636683,1.0,11.0,04-17,-0.2318105697631836
04-03,0.0,0.0,0.0,0.0,0.0,-0.104217529296875,-0.44454193115234375,0.0,-1.0664882659912074,-0.6953125,-2.510284423828125,0.7800006866455078,1.0,11.0,04-18,-0.33673699696858694
04-04,0.0,0.0,0.0,0.0,0.0,-0.4689674377441406,-0.44454193115234375,0.0,-1.0664882659912074,-1.1878242492675781,-2.510284423828125,1.3299999237060476,1.0,11.0,04-19,-0.36234219868977896
04-05,0.4194698333740199,0.0,0.0,0.0,0.0,-1.1984748840332102,-0.7201576232910156,0.0,0.0,-1.1878242492675781,-2.510284423828125,1.3299999237060476,2.0,10.0,04-20,-0.3222726186116551
04-06,-0.15253257751464844,0.0,0.0,0.0,0.0,-0.877147674560554,-0.8890819549560547,-0.3024196624755895,0.0,-1.0139961242675781,0.0,1.3299999237060476,1.0,11.0,04-21,-0.15876483917236475
04-07,-0.15253257751464844,0.0,0.0,0.0,0.0,-0.17368698120118609,-0.960210800170902,-0.3024196624755895,0.0,-1.2361068725585938,0.0,3.4399986267089773,1.0,11.0,04-22,0.051253477732338126
04-08,-0.15253257751464844,0.0,0.0,0.0,0.0,-0.9032058715820312,-0.5779018402099574,-0.3024196624755895,0.0,-1.2361068725585938,0.0,3.379999160766598,1.0,11.0,04-23,0.017319361368814807
04-09,-0.15253257751464844,0.0,0.0,0.0,0.0,-1.007415771484375,-0.4534339904785156,-0.3024196624755895,0.0,-1.2361068725585938,0.0,3.2399997711181605,1.0,11.0,04-24,0.007340908050536517
04-10,-0.15253257751464844,0.0,0.0,0.0,0.0,0.06947708129882102,-0.21337890625,-0.3024196624755895,0.0,-1.2361068725585938,0.0,3.2399997711181605,2.0,10.0,04-25,0.11708656946817915
04-11,-0.15253257751464844,0.0,0.0,0.0,0.0,0.191070556640625,-0.062238693237315346,-0.3024196624755895,0.0,0.0,0.0,3.2399997711181605,2.0,10.0,04-26,0.2428232828776027
04-12,-0.15253257751464844,0.0,0.0,0.0,0.0,-0.43422698974609375,0.01778221130370028,-1.108879089355483,0.0,0.0,0.0,3.2399997711181605,2.0,10.0,04-27,0.13017861048380297
04-13,-0.15253257751464844,0.0,0.0,0.0,0.0,-0.5992393493652344,0.4801025390624858,-1.108879089355483,0.0,0.0,0.0,3.2399997711181605,2.0,10.0,04-28,0.15495427449544005
04-14,-0.15253257751464844,0.0,0.0,0.0,0.0,-0.4255485534667969,0.906864166259755,-1.108879089355483,0.0,0.0,0.0,2.1099987030029297,2.0,10.0,04-29,0.11082522074381303
04-15,-0.15253257751464844,0.0,0.0,0.0,0.0,0.20843124389648438,0.44454193115234375,-1.108879089355483,0.0,0.0,1.1276683807373047,2.1099987030029297,4.0,8.0,04-30,0.21910238265991092
04-16,-0.5720024108886683,0.0,0.0,0.0,0.0,-0.04341888427734375,0.4978866577148473,-1.108879089355483,-0.217071533203125,0.0,1.1276683807373047,4.680000305175785,3.0,9.0,05-01,0.3636819521586097
04-17,0.0,0.0,0.0,0.0,0.0,-0.3126525878906179,0.6668109893798864,-1.3196563720703196,-0.217071533203125,0.0,1.1276683807373047,4.680000305175785,3.0,9.0,05-02,0.3854249318440761
04-18,0.0,0.0,0.0,0.0,0.0,-0.20843124389648438,0.5245590209960973,-1.3471508026123082,-0.217071533203125,0.0,1.1276683807373047,2.570001602172855,3.0,9.0,05-03,0.2041312853495283
04-19,1.9066524505615234,0.0,0.0,0.0,0.0,-0.20843124389648438,0.5690155029296875,-1.0447311401367188,-0.217071533203125,0.0,1.1276683807373047,2.570001602172855,4.0,8.0,05-04,0.3919253349304202
04-20,1.9066524505615234,0.0,0.0,0.0,0.0,-0.20843124389648438,-1.4403057098388636,-1.0447311401367188,-0.217071533203125,0.0,1.1276683807373047,2.570001602172855,3.0,9.0,05-05,0.22448190053304096
04-21,3.813304901123047,0.0,0.0,0.0,0.0,0.043422698974609375,-1.1824779510498011,-0.8431186676025391,-0.217071533203125,0.0,1.1276683807373047,2.570001602172855,4.0,8.0,05-06,0.4426441192626959
04-22,3.4319667816162074,0.0,0.0,0.0,0.0,0.6166114807128906,-1.3514041900634766,-0.8431186676025391,-0.217071533203125,0.0,1.1276683807373047,2.570001602172855,4.0,8.0,05-07,0.44455448786417645
04-23,3.4319667816162074,0.0,0.0,0.0,0.0,0.416851043701179,-1.0224475860595739,-0.03665924072264559,-0.217071533203125,0.0,1.1276683807373047,2.570001602172855,4.0,8.0,05-08,0.5225257873535168
04-24,3.4319667816162074,0.0,0.0,0.0,0.0,0.807659149169929,-1.4847679138183594,0.11913871765137785,-0.217071533203125,0.0,1.1276683807373047,2.570001602172855,5.0,7.0,05-09,0.5295495986938491
04-25,3.4319667816162074,0.0,0.0,0.0,0.0,0.6339683532714915,-1.9115295410156286,-0.7423114776611222,-0.217071533203125,0.0,1.1276683807373047,2.570001602172855,4.0,8.0,05-10,0.40772438049316523
04-26,3.4319667816162074,0.0,0.0,0.0,0.0,0.9466133117675852,-5.467855453491207,-0.7423114776611222,-0.217071533203125,0.0,0.0,2.570001602172855,3.0,9.0,05-11,0.0434452692667661
04-27,3.241306304931644,0.0,0.0,0.0,0.0,2.1624717712402273,-5.467855453491207,-0.7423114776611222,2.8408145904541016,0.0,0.0,2.570001602172855,4.0,8.0,05-12,0.3837022781372082
04-28,3.241306304931644,0.0,0.0,0.0,0.0,1.7977142333984375,-5.290037155151364,-5.590229034423825,2.8408145904541016,0.0,0.0,2.570001602172855,4.0,8.0,05-13,-0.035869121551512485
04-29,4.194633483886719,0.0,0.0,0.0,0.0,2.0756263732910156,-5.930170059204105,-5.562734603881836,2.8408145904541016,0.0,0.0,0.0,3.0,9.0,05-14,-0.1984858512878421
04-30,2.2879810333251953,0.0,0.0,0.0,0.0,1.3548049926757812,-5.672340393066406,-5.562734603881836,2.8408145904541016,0.0,0.0,0.0,3.0,9.0,05-15,-0.39595619837443036
05-01,2.2879810333251953,0.0,0.0,0.0,0.0,1.7282371520996094,-3.663019180297855,-4.710454940795898,2.8408145904541016,1.3616523742675781,0.0,0.0,4.0,8.0,05-16,-0.012899080912272431
05-02,0.3813285827636719,2.239105224609375,0.0,0.0,0.0,1.4763832092285156,-3.8408317565918004,-5.18699836730957,2.8408145904541016,1.1781654357910156,0.0,0.0,5.0,7.0,05-17,-0.07600275675455759
05-03,-0.3813381195068395,2.239105224609375,0.0,0.0,0.0,1.2679443359375,-3.805273056030277,-5.287807464599613,2.8408145904541016,1.1781654357910156,0.0,0.0,4.0,8.0,05-18,-0.16236575444539478
05-04,-0.3813381195068395,2.239105224609375,0.0,0.0,0.0,1.1376800537109446,-3.751926422119144,-5.150337219238281,2.8408145904541016,1.1781654357910156,0.0,0.0,4.0,8.0,05-19,-0.157319704691569
05-05,1.9066581726074183,2.239105224609375,0.0,0.0,0.0,1.1376800537109446,-3.4407444000244105,-5.104522705078125,2.8408145904541016,1.1781654357910156,0.0,0.0,5.0,7.0,05-20,0.0630963643391933
05-06,1.1440010070800817,2.239105224609375,0.0,0.0,0.0,1.5632362365722514,-3.814161300659176,-4.243072509765625,2.8408145904541016,1.2554244995117188,0.0,0.0,5.0,7.0,05-21,0.08211231231689393
05-07,1.1440010070800817,2.239105224609375,0.0,0.0,0.0,1.1637496948242116,0.0,-4.243072509765625,2.8408145904541016,2.105255126953132,0.0,0.0,5.0,7.0,05-22,0.4374877611796064
05-08,1.3346614837646449,2.239105224609375,0.0,0.0,0.0,0.8163528442382884,0.0,-4.481342315673828,2.8408145904541016,2.105255126953132,0.0,0.0,5.0,7.0,05-23,0.4045705795288095
05-09,1.3346614837646449,2.239105224609375,0.0,0.0,0.0,1.1811103820800781,0.0,-4.939558029174805,2.8408145904541016,2.105255126953132,0.0,0.0,5.0,7.0,05-24,0.39678239822387723
05-10,1.3346614837646449,2.239105224609375,0.0,0.0,0.0,0.8337211608886719,0.0,-4.939558029174805,0.0,1.0816001892089844,0.0,0.0,4.0,8.0,05-25,0.04579416910807262
05-11,1.3346614837646449,2.239105224609375,0.0,0.0,0.0,0.8337211608886719,-0.11557960510254262,-0.10997390747070668,0.0,1.0816001892089844,0.0,0.0,4.0,8.0,05-26,0.4386278788248689
05-12,0.0,2.239105224609375,0.0,0.0,0.0,0.8510971069335938,1.1824760437011683,-1.3471508026123047,0.0,-0.28005218505859375,0.0,0.0,3.0,9.0,05-27,0.2204562822977699
05-13,0.0,0.0,0.0,0.0,0.0,1.05084228515625,1.191366195678711,-0.8706073760986328,0.0,-0.28005218505859375,0.0,0.0,2.0,10.0,05-28,0.09096240997314453
05-14,0.5719947814941406,0.0,0.0,0.0,0.0,1.1376914978027344,0.9513225555419957,-0.7697982788085902,0.0,-0.28005218505859375,0.0,0.0,3.0,9.0,05-29,0.1342631975809739
05-15,0.5719947814941406,0.0,0.0,0.0,0.0,1.2071647644042898,0.8979759216308629,-0.7697982788085902,0.0,-0.09656524658203125,0.0,0.0,3.0,9.0,05-30,0.1508976618448893
05-16,-1.3346633911132777,0.0,0.0,0.0,0.0,1.2071647644042898,0.7201595306396484,-0.577346801757809,0.0,-0.09656524658203125,0.0,0.0,2.0,10.0,05-31,-0.006770928700764974
05-17,-1.4490642547607386,0.0,0.0,0.0,0.0,1.0247879028320384,0.5423412322997976,-0.9164295196533203,0.0,-0.17382431030273438,0.0,0.0,2.0,10.0,06-01,-0.08101574579874644
05-18,-0.7626571655273366,0.0,0.0,0.0,0.0,1.250591278076186,0.8979759216308558,-1.136373519897461,0.0,-1.0236549377441477,0.0,0.0,2.0,10.0,06-02,-0.06450986862182528
05-19,0.0,0.0,0.0,0.0,0.0,1.5892829895019602,0.6134700775146449,-0.1649608612060547,0.0,-1.0236549377441477,0.0,0.0,2.0,10.0,06-03,0.08451143900553355
05-20,-1.1440010070800817,0.0,0.0,0.0,0.0,2.101673126220703,0.3645229339599574,0.2932548522949219,0.0,-1.0236549377441477,0.0,0.0,3.0,9.0,06-04,0.049316247304279415
05-21,-0.7626628875732422,0.0,0.0,0.0,0.0,0.7642478942871094,0.6312484741210973,0.2932548522949219,0.0,-1.0236549377441477,0.0,0.0,3.0,9.0,06-05,-0.008130550384521781
05-22,-0.3813285827636719,0.0,0.0,0.0,0.0,0.6079139709472656,0.19559669494629617,0.12829971313476562,0.0,-0.00966262817383523,0.0,0.0,3.0,9.0,06-06,0.04506826400756836
05-23,-0.3813285827636719,0.0,0.0,0.0,0.0,0.69476318359375,-0.11557960510253551,0.6873245239257812,0.0,0.7822227478027344,0.0,0.0,3.0,9.0,06-07,0.1389501889546715
05-24,-0.3813285827636719,0.0,0.0,0.0,0.0,0.2344818115234375,-0.01777839660644176,0.9164352416992223,0.0,0.7822227478027344,0.0,0.0,3.0,9.0,06-08,0.12783606847127338
05-25,-1.143991470336914,0.0,0.0,0.0,0.0,0.22579574584960938,-0.19559478759765625,1.5396041870117152,0.0,0.7822227478027344,0.0,-2.950000762939453,3.0,9.0,06-09,-0.14516369501749704
05-26,-1.9066486358642614,0.0,0.0,0.0,0.0,0.3994941711425781,-0.00889015197753551,1.5945873260498047,0.0,0.7822227478027344,0.0,-2.950000762939453,3.0,9.0,06-10,-0.1741029421488444
05-27,-0.9533195495605433,0.0,0.0,0.0,0.0,0.06947708129882812,0.4267539978027308,1.5945873260498047,0.0,0.7822227478027344,0.0,-2.950000762939453,4.0,8.0,06-11,-0.08585659662882487
05-28,-0.8389186859130824,0.0,0.0,0.0,0.0,0.03472900390625,0.7468299865722727,1.6129188537597656,3.3315906524658203,0.8884506225585938,0.0,-2.950000762939453,5.0,7.0,06-12,0.23546663920084723
05-29,-1.5253257751464844,0.0,0.0,0.0,0.0,0.9292449951171804,0.3911952972412145,1.2371826171875,3.3315906524658203,0.8884506225585938,0.0,-2.950000762939453,5.0,7.0,06-13,0.1918614705403643
05-30,-1.5253257751464844,0.0,0.0,0.0,0.0,0.5905532836914062,0.6401405334472727,0.8431148529052734,3.3315906524658203,0.8884506225585938,0.0,-2.950000762939453,5.0,7.0,06-14,0.15154361724853574
05-31,-1.5253257751464844,0.0,0.0,0.0,0.0,0.25185394287109375,0.6757011413574254,0.6873245239257812,3.3315906524658203,0.8884506225585938,0.0,-3.6100006103515625,5.0,7.0,06-15,0.05829954147338897
06-01,-1.5253257751464844,0.0,0.0,0.0,0.0,0.6252975463867188,0.6757011413574254,-0.4765434265136719,3.3315906524658203,0.8884506225585938,0.0,-3.6100006103515625,4.0,8.0,06-16,-0.007569154103596709
06-02,-0.3813247680664027,0.0,0.0,0.0,0.0,1.1203155517578125,0.6490325927734375,0.03665542602539418,3.3315906524658203,-0.12554168701171875,0.0,-3.6100006103515625,4.0,8.0,06-17,0.08506059646606505
06-03,-0.7626628875732422,0.0,0.0,0.0,0.0,1.4763870239257741,0.4267597198486257,-0.5223693847656214,3.3315906524658203,-0.12554168701171875,0.0,-3.6100006103515625,3.0,9.0,06-18,0.017846902211506272
06-04,-0.7626628875732422,0.0,0.0,0.0,0.0,1.224536895751946,0.4445381164550746,-0.5223693847656214,3.3315906524658203,-0.12554168701171875,0.0,-3.5100002288818324,3.0,9.0,06-19,0.006674289703368845
06-05,0.0,0.0,0.0,0.0,0.0,1.8064079284667969,0.6223545074462891,-0.35741233825683594,3.3315906524658203,-1.0622825622558594,0.0,-0.5599994659423793,3.0,9.0,06-20,0.3150548934936526
06-06,0.7626571655273473,0.0,0.0,0.0,0.0,1.6327095031738281,0.4356498718261683,-0.28409767150878906,3.3315906524658203,-1.0622825622558594,-3.961545944213867,-0.5599994659423793,4.0,8.0,06-21,0.02455679575602243
06-07,0.7626571655273473,0.0,0.0,0.0,0.0,1.9627265930175781,0.4623184204101527,0.40323066711426137,3.3315906524658203,-1.0622825622558594,-3.961545944213867,-0.5599994659423793,5.0,7.0,06-22,0.1115579605102545
06-08,2.097305297851566,0.0,0.0,0.0,0.0,1.2332191467285156,0.4623184204101527,0.12829780578612926,0.0,-1.1685104370117188,-3.961545944213867,-0.5599994659423793,4.0,8.0,06-23,-0.14740959803263345
06-09,0.991455078125,0.0,0.0,0.0,0.0,1.4329643249511719,0.40008544921875,0.4857063293457031,0.0,-1.1685104370117188,-3.961545944213867,-0.5599994659423793,4.0,8.0,06-24,-0.198320388793945
06-10,0.991455078125,0.0,0.0,0.0,0.0,1.52850341796875,0.2845039367675781,0.8797740936279297,0.0,-1.1685104370117188,-3.961545944213867,-0.5599994659423793,4.0,8.0,06-25,-0.16715161005655896
06-11,0.991455078125,0.0,0.0,0.0,0.0,-0.347381591796875,-0.49788665771484375,1.0355644226074219,0.0,-1.1685104370117188,-4.226301193237305,0.10000038146973012,3.0,9.0,06-26,-0.34275499979654916
06-12,0.991455078125,0.0,0.0,0.0,0.0,-0.8076667785644531,-0.49788665771484375,0.9530849456787109,0.0,-1.1685104370117188,-4.226301193237305,0.10000038146973012,3.0,9.0,06-27,-0.3879853884379066
06-13,0.991455078125,0.0,0.0,0.0,0.0,-1.3026847839355469,-0.4801063537597656,0.9530849456787109,0.0,-1.1685104370117188,-4.226301193237305,0.10000038146973012,3.0,9.0,06-28,-0.42775519688924124
06-14,0.991455078125,0.0,0.0,0.0,0.0,-1.1897926330566335,-0.5779018402099609,1.0538978576660156,0.0,-1.1685104370117188,-4.226301193237305,0.10000038146973012,3.0,9.0,06-29,-0.41809606552123935
06-15,1.143991470336914,0.0,0.0,0.0,0.0,-0.7381973266601491,-1.1113529205322266,0.8339538574218714,0.0,-1.1685104370117188,-4.226301193237305,0.10000038146973012,3.0,9.0,06-30,-0.430534680684407
06-16,1.143991470336914,0.0,0.0,0.0,0.0,-0.5731849670410085,-1.3958587646484375,1.1180477142333984,0.0,0.0,-4.226301193237305,0.10000038146973012,3.0,9.0,07-01,-0.319442113240559
06-17,1.143991470336914,0.0,0.0,0.0,0.0,0.39080810546875,-1.3691864013671875,1.0447330474853516,0.0,0.0,-3.5889244079589844,0.0,3.0,9.0,07-02,-0.19821484883626303
06-18,1.143991470336914,0.0,0.0,0.0,0.0,0.3386955261230469,-1.3958549499511719,0.11913299560546875,0.0,0.0,-3.5889244079589844,0.0,3.0,9.0,07-03,-0.28191328048706055
06-19,-0.1906566619873047,0.0,0.0,0.0,0.0,1.0682029724121094,-1.3958549499511719,0.11913299560546875,0.0,0.0,0.3726215362548828,0.0,3.0,9.0,07-04,-0.0022128423055013022
06-20,0.15253639221191406,0.0,0.0,0.0,0.0,0.8684577941894531,-1.5647811889648438,-0.15579605102539062,0.0,0.0,0.3726215362548828,0.0,3.0,9.0,07-05,-0.027246793111165363
06-21,0.15253639221191406,0.0,0.0,0.0,0.0,0.8684577941894531,-1.031332015991211,0.2291088104248118,0.0,0.0,0.3726215362548828,-0.23999977111816762,4.0,8.0,07-06,0.029282728830973603
06-22,0.15253639221191406,0.0,0.0,0.0,0.0,0.060791015625,-0.8624038696289062,0.0,-0.5474014282226562,0.0,0.6373767852783203,-0.23999977111816762,3.0,9.0,07-07,-0.06659173965454131
06-23,0.15253639221191406,0.0,0.0,0.0,0.0,-0.3300209045410156,-0.871297836303718,-0.21994400024414062,-0.5474014282226562,0.0,0.6373767852783203,-0.23999977111816762,2.0,10.0,07-08,-0.11822923024495531
06-24,0.15253639221191406,0.0,0.0,0.0,0.0,0.06946945190430398,-0.24893951416015625,-0.21994400024414062,-0.5474014282226562,0.0,0.6373767852783203,-1.1700000762939524,3.0,9.0,07-09,-0.11057519912719727
06-25,0.15253639221191406,0.0,0.0,0.0,0.0,0.564495086669929,-0.31118011474609375,0.10996818542480469,-0.5474014282226562,0.0,0.6373767852783203,-1.1700000762939524,4.0,8.0,07-10,-0.04701709747314453
06-26,0.0,0.0,0.0,0.0,0.0,-0.0521087646484375,0.22227096557617188,0.47654151916503906,-0.5474014282226562,0.0,0.6373767852783203,-1.1700000762939524,3.0,9.0,07-11,-0.036110083262126245
06-27,0.0,0.0,0.0,0.0,0.0,-0.21712112426757812,0.5779037475585973,0.6781597137451207,-0.5474014282226562,0.0,0.6373767852783203,-1.1700000762939524,3.0,9.0,07-12,-0.0034235318501790366
06-28,0.0,0.0,0.0,0.0,0.0,-0.7903060913085866,0.3734169006347692,0.8064556121826172,-0.5474014282226562,0.0,0.0,-1.1700000762939524,2.0,10.0,07-13,-0.11065292358398408
06-29,0.0,0.0,0.0,0.0,0.0,-2.5706520080566335,0.3823051452636754,0.10997390747070312,-0.5474014282226562,0.0,0.0,-1.1700000762939524,2.0,10.0,07-14,-0.3163145383199053
06-30,3.8132915496826243,0.0,0.0,0.0,0.0,-3.143836975097649,0.7023773193359375,0.6873226165771591,-0.5474014282226562,0.0,0.6177654266357422,-0.8900012969970703,4.0,8.0,07-15,0.10329310099284061
07-01,3.8132915496826243,-0.9362068176269531,0.0,0.0,0.0,-3.9254493713378906,0.613470077514652,0.32991600036621804,-0.5474014282226562,0.0,0.6177654266357422,-0.6500015258789027,4.0,8.0,07-16,-0.05705134073893051
07-02,3.8132915496826243,-0.9362068176269531,0.0,0.0,0.0,-2.996192932128899,0.17781639099121094,0.5773525238037216,1.2741127014160156,0.0,0.6177654266357422,-0.6500015258789027,5.0,7.0,07-17,0.15649477640787998
07-03,3.8132915496826243,-0.9362068176269531,0.0,0.0,0.0,-2.0582542419433594,0.16003417968750355,0.4215583801269531,1.2741127014160156,0.0,0.3235912322998047,-0.6500015258789027,5.0,7.0,07-18,0.19567712148030716
07-05,3.8132915496826243,-0.9362068176269531,0.0,0.0,0.0,-1.702178955078132,0.2756118774414098,-0.054983139038082385,2.340606689453125,0.0,0.3235912322998047,-0.6500015258789027,4.0,8.0,07-20,0.28414424260457444
07-06,4.194631576538086,-0.9362068176269531,0.0,0.0,0.0,-1.4676971435546946,0.551229476928718,1.0172443389892578,2.340606689453125,0.0,0.3235912322998047,-0.6500015258789027,5.0,7.0,07-21,0.4477831522623701
07-07,4.194631576538086,-0.9362068176269531,0.0,0.0,0.0,-1.6848106384277415,0.6223545074462891,0.6506710052490234,2.340606689453125,0.0,-0.25495147705078125,0.2799987792968821,5.0,7.0,07-22,0.4343578020731608
07-08,4.194631576538086,-0.9362068176269531,0.0,0.0,0.0,-2.1798362731933594,1.3158378601074219,0.44905281066894176,2.340606689453125,0.0,-0.25495147705078125,0.2799987792968821,5.0,7.0,07-23,0.43409442901611356
07-09,4.194631576538086,-0.9362068176269531,0.0,0.0,0.0,-2.2058906555175852,1.4936542510986328,0.1924571990966797,2.340606689453125,0.0,0.04902839660644531,0.2799987792968821,6.0,6.0,07-24,0.45068995157877606
07-10,4.194631576538086,-0.9362068176269531,0.0,0.0,0.0,-0.9466209411621094,1.4847660064697266,0.1924571990966797,2.340606689453125,0.0,0.04902839660644531,0.2799987792968821,6.0,6.0,07-25,0.5548884073893235
07-11,0.38134002685546164,-0.9362068176269531,0.0,0.0,0.0,-0.37343597412109375,1.0224418640136719,0.1924571990966797,2.340606689453125,0.0,-0.5687370300292969,0.0,4.0,8.0,07-26,0.17153882980346621
07-12,0.38134002685546164,-0.9362068176269531,0.0,0.0,0.0,-0.11289596557617188,0.9957695007324254,-0.16495704650879262,2.340606689453125,0.0,-0.5687370300292969,0.6200008392333984,4.0,8.0,07-27,0.21291001637776633
07-13,0.38134002685546164,-0.9362068176269531,0.0,0.0,0.0,-0.7989845275878835,0.7823905944824254,-0.4673767089843892,0.5190925598144531,0.0,-0.5687370300292969,0.6200008392333984,4.0,8.0,07-28,-0.03904008865356534
07-14,0.38134002685546164,0.0,0.0,0.0,0.0,-0.7381935119628835,0.3645210266113246,-0.31158256530762074,0.5190925598144531,0.0,-0.5687370300292969,2.0100002288818324,4.0,8.0,07-29,0.13803672790527255
07-15,0.38134002685546164,0.0,0.0,0.0,0.0,-1.2158546447753906,0.4801063537597656,0.09164810180664062,0.5190925598144531,0.0,-0.5687370300292969,2.0100002288818324,5.0,7.0,07-30,0.14146629969278882
07-16,0.38134002685546164,0.0,0.0,0.0,0.0,-1.50244140625,0.7468318939208984,0.16495895385741477,0.5190925598144531,0.0,-0.2745628356933594,2.0100002288818324,5.0,7.0,07-31,0.1704349517822251
07-17,0.0,0.0,0.0,0.0,0.0,-2.0843048095703125,0.4712142944335902,0.16495895385741477,0.5190925598144531,0.0,0.20592117309570312,2.0100002288818324,5.0,7.0,08-01,0.10724020004272343
07-18,0.0,0.0,0.0,0.0,0.0,-1.8671913146972656,0.5245609283447266,0.16495895385741477,0.0,-0.869140625,0.7844638824462891,2.0100002288818324,4.0,8.0,08-02,0.06230433781941643
07-19,0.0,0.0,0.0,0.0,0.0,-1.7803497314453196,0.5245609283447266,-0.8431224822998047,0.0,0.521484375,0.7844638824462891,2.0100002288818324,4.0,8.0,08-03,0.10141976674397697
07-20,-1.9829216003417969,0.0,0.0,0.0,0.0,-1.7803497314453196,0.5245609283447266,-1.1547088623046875,0.0,0.521484375,0.4804840087890625,2.0100002288818324,4.0,8.0,08-04,-0.11512088775634854
07-21,-2.059185028076179,0.0,0.0,0.0,0.0,-2.6835479736328196,-0.08001518249511363,-1.2096920013427734,0.0,0.521484375,0.4804840087890625,2.0100002288818324,3.0,9.0,08-05,-0.2517059644063326
07-22,-2.059185028076179,0.0,0.0,0.0,0.0,-3.2827816009521413,0.33785247802734375,-1.2096920013427734,0.0,0.521484375,-0.8629093170166016,2.0100002288818324,3.0,9.0,08-06,-0.3787692387898766
07-23,-1.677856445312493,0.0,0.0,0.0,0.0,-2.6227569580078125,0.9868812561035121,-0.6048469543456996,0.0,0.521484375,-0.8629093170166016,1.389999389648434,3.0,9.0,08-07,-0.2391670544942217
07-24,-1.677856445312493,0.0,0.0,0.0,0.0,-2.275365829467784,1.200260162353512,-0.6048469543456996,0.0,0.521484375,1.3532028198242188,1.389999389648434,4.0,8.0,08-08,-0.007760206858317649
07-25,-1.677856445312493,0.0,0.0,0.0,0.0,-2.336156845092784,1.1735877990722656,0.0,0.0,0.0675964355468679,1.3826179504394531,0.0,3.0,9.0,08-09,-0.11585092544555753
07-26,-1.677856445312493,0.0,0.0,0.0,0.0,-1.9800853729248153,0.8268470764160156,0.0,0.0,0.0675964355468679,1.3826179504394531,0.0,3.0,9.0,08-10,-0.11507336298624764
07-27,-1.677856445312493,0.0,0.0,0.0,0.0,-2.3708953857421946,0.3823089599609375,0.0,0.0,0.0675964355468679,1.3826179504394531,0.0,3.0,9.0,08-11,-0.18468570709228574
07-28,-1.677856445312493,0.0,0.0,0.0,0.0,-1.0247802734375,0.9068565368652344,0.0,0.0,0.0675964355468679,1.3139781951904297,0.0,3.0,9.0,08-12,-0.034517129262288414
07-29,-2.2879905700683523,0.0,0.0,0.0,0.0,-1.789031982421875,-0.008892059326168322,0.0,0.0,0.0675964355468679,1.3139781951904297,0.0,2.0,10.0,08-13,-0.22536166508992483
07-30,-2.2879905700683523,0.0,0.0,0.0,0.0,-1.441650390625,-0.06223487854003906,0.23827743530273082,0.0,0.0675964355468679,1.8532981872558594,0.0,3.0,9.0,08-14,-0.13605864842732776
07-31,-0.3050689697265554,0.0,0.0,0.0,0.0,-1.346115112304684,-0.06223487854003906,0.23827743530273082,0.0,0.9367370605468679,1.8532981872558594,0.0,3.0,9.0,08-15,0.10957447687784831
08-01,-0.2288055419921733,0.0,0.0,0.0,0.0,-0.44291687011718395,0.008893966674801135,0.23827743530273082,0.0,-0.4538879394531321,0.7060184478759766,0.0,3.0,9.0,08-16,-0.014368375142415069
08-02,-0.2288055419921733,0.0,0.0,0.0,0.0,0.34737968444824574,-0.11557960510254262,0.5498638153076136,0.0,-0.4538879394531321,2.0494117736816406,0.0,3.0,9.0,08-17,0.179031848907471
08-03,-0.2288055419921733,0.0,0.0,0.0,0.0,0.408172607421875,-0.08890724182128906,0.6873226165771484,0.0,-0.4538879394531321,2.0494117736816406,-3.219999313354492,3.0,9.0,08-18,-0.07055775324503522
08-04,-0.2288055419921733,0.0,0.0,0.0,0.0,1.02478218078614,-0.14225387573243253,0.6873226165771484,0.0,-0.4538879394531321,2.1964988708496094,-3.219999313354492,3.0,9.0,08-19,-0.011361916859944365
08-05,0.533863067626946,0.0,0.0,0.0,0.0,0.8945198059082031,-1.1202468872070312,0.08247566223144887,0.0,-0.4538879394531321,2.1964988708496094,-3.219999313354492,4.0,8.0,08-20,-0.09056472778320401
08-06,0.533863067626946,0.0,0.0,0.0,0.0,0.43423271179199574,-0.8357372283935511,0.08247566223144887,0.0,-0.4538879394531321,0.03922080993652344,-2.7899990081787145,4.0,8.0,08-21,-0.24915266036987363
08-07,0.533863067626946,0.0,0.0,0.0,0.0,1.163745880126946,-0.391199111938473,0.08247566223144887,0.0,0.0,0.009805679321289062,-2.7899990081787145,4.0,8.0,08-22,-0.11594231923421312
08-08,0.533863067626946,0.0,0.0,0.0,0.0,-0.18236923217774859,-0.7646064758300746,0.08247566223144887,0.0,0.0,0.41184425354003906,-2.7899990081787145,3.0,9.0,08-23,-0.22573264439900864
08-09,0.533863067626946,0.0,0.0,0.0,0.0,0.32134246826171164,-0.93353271484375,0.08247566223144887,0.0,0.0,0.41184425354003906,-2.7899990081787145,4.0,8.0,08-24,-0.1978338559468599
08-10,1.677856445312493,0.0,0.0,0.0,0.0,0.32134246826171164,-1.4136333465576278,0.08247566223144887,0.0,0.0,-0.6079597473144531,-2.7899990081787145,3.0,9.0,08-25,-0.22749312718709516
08-11,1.5253334045410014,0.0,0.0,0.0,0.0,-0.2518444061279297,-1.1024608612060618,0.08247566223144887,0.0,0.0,-0.4510688781738281,-2.7899990081787145,2.0,10.0,08-26,-0.248963673909507
08-12,2.8599777221679688,0.0,0.0,0.0,0.0,-0.286590576171875,-1.3603000640869105,0.08247566223144887,0.0,-5.079641342163079,-0.4510688781738281,-2.7899990081787145,2.0,10.0,08-27,-0.5854288736979157
08-13,2.8599777221679688,0.0,0.0,0.0,0.0,-0.4863395690918004,-0.8357353210449254,0.08247566223144887,0.0,-4.973415374755849,-0.4510688781738281,-3.139999389648434,2.0,10.0,08-28,-0.5786754290262849
08-14,2.8599777221679688,0.0,0.0,0.0,0.0,-0.6773967742919886,-0.862407684326179,0.08247566223144887,0.0,-4.973415374755849,1.6375694274902308,0.07999992370605824,4.0,8.0,08-29,-0.1544330914815258
08-15,2.8599777221679688,0.0,0.0,0.0,0.0,-1.2940063476562536,-1.2002582550048757,0.08247566223144887,0.0,-4.722330093383782,1.490482330322262,0.07999992370605824,4.0,8.0,08-30,-0.22530492146809777
08-16,2.8599777221679688,0.0,0.0,0.0,0.0,-1.3026924133300746,-0.6668109893798757,0.0,0.0,-5.079641342163079,1.490482330322262,0.5499992370605469,3.0,9.0,08-31,-0.17905712127685428
08-17,3.622650146484368,0.0,0.0,0.0,0.0,-1.3026924133300746,-0.3378505706786967,0.0,0.0,-5.079641342163079,1.4316482543945277,0.5499992370605469,3.0,9.0,09-01,-0.09299055735270063
08-18,3.7370338439941406,0.0,0.0,0.0,0.0,-1.580596923828125,-0.4978809356689453,-0.7239799499511719,0.0,-5.079641342163079,1.4316482543945277,0.5499992370605469,3.0,9.0,09-02,-0.18028481801350882
08-19,3.7370338439941406,0.0,0.0,0.0,0.0,-0.8858356475830078,-0.9602069854736364,-0.7239799499511719,0.0,-5.079641342163079,1.0394134521484375,0.11999893188476918,3.0,9.0,09-03,-0.22943480809529562
08-20,1.33465576171875,0.0,0.0,0.0,0.0,-1.181119918823235,-0.47121620178222656,-0.7239799499511719,0.0,-5.079641342163079,1.0394134521484375,0.11999893188476918,3.0,9.0,09-04,-0.41349077224731295
08-21,0.19066238403320312,0.0,0.0,0.0,0.0,-1.0942649841308523,0.008884429931651283,-0.7239799499511719,0.0,-5.079641342163079,0.7060146331787109,0.11999893188476918,4.0,8.0,09-05,-0.4893604914347307
08-22,0.953319549560554,0.0,0.0,0.0,0.0,-0.5210781097412109,0.23115730285644887,-0.7239799499511719,0.0,-5.079641342163079,0.5491237640380859,0.11999893188476918,4.0,8.0,09-06,-0.37259165445963366
08-23,0.953319549560554,0.0,0.0,0.0,0.0,-0.4863319396972656,0.23115730285644887,-0.7239799499511719,0.0,0.0,0.5491237640380859,0.11999893188476918,4.0,8.0,09-07,0.0536073048909517
08-24,0.953319549560554,0.0,0.0,0.0,0.0,-0.8163528442382777,0.07112693786621449,-0.7239799499511719,0.0,-0.10622596740723012,0.5491237640380859,0.11999893188476918,4.0,8.0,09-08,0.0039175351460786585
08-25,-0.38132476806641336,0.0,0.0,0.0,0.0,-0.798980712890625,-0.06223106384277699,0.21077728271484375,0.0,-0.10622596740723012,0.5491237640380859,0.11999893188476918,3.0,9.0,09-09,-0.03907187779744555
08-26,-0.38132476806641336,0.0,0.0,0.0,0.0,-1.4676990509033203,0.29339599609375355,0.21077728271484375,0.0,-0.10622596740723012,0.5491237640380859,0.46999931335448863,4.0,8.0,09-10,-0.03599611918131599
08-27,-0.38132476806641336,0.0,0.0,0.0,0.0,-1.2940101623535192,-0.515665054321282,0.21077728271484375,0.0,-0.10622596740723012,-0.3922348022460902,0.0,1.0,11.0,09-11,-0.2065569559733076
08-28,-1.1439971923828125,0.0,0.0,0.0,0.0,-0.5731945037841797,-0.8446254730224609,0.21077728271484375,0.0,-0.3573112487792969,-0.3922348022460902,0.0,1.0,11.0,09-12,-0.25838216145833304
08-29,-2.4023780822753906,0.0,0.0,0.0,0.0,-0.46897125244140625,-0.3289585113525355,0.21077728271484375,0.0,0.0,0.0,0.0,1.0,11.0,09-13,-0.2491275469462074
08-30,-2.4023780822753906,0.0,0.0,0.0,0.0,-0.51239013671875,-0.11557769775390625,0.21077728271484375,0.0,0.0,0.0,0.0,1.0,11.0,09-14,-0.23496405283610025
08-31,-2.4023780822753906,0.0,0.0,0.0,0.0,-0.8250370025634766,-0.23116302490234375,0.9347572326660156,0.0,0.0,0.0,0.0,1.0,11.0,09-15,-0.21031840642293295
09-01,-2.4023780822753906,0.0,0.0,0.0,0.0,-0.9553012847900391,0.34674072265624645,0.9347572326660156,0.0,0.0,0.0,0.0,2.0,10.0,09-16,-0.17301511764526398
09-02,0.0,0.0,0.0,0.0,0.0,-0.9205665588378906,0.4623260498046875,0.9347572326660156,0.0,0.0,0.0,0.0,2.0,10.0,09-17,0.03970972696940104
09-03,0.0,0.0,0.0,0.0,0.0,-0.9292583465576136,0.7379360198974609,0.9347572326660156,0.0,0.0,0.0,0.0,2.0,10.0,09-18,0.06195290883382191
09-04,0.0,0.0,0.0,0.0,0.0,-0.9205665588378906,1.1824760437011719,0.9347572326660156,0.0,0.0,0.0,0.0,2.0,10.0,09-19,0.09972222646077473
09-05,0.0,0.0,0.0,0.0,0.0,-0.9379386901855433,0.4267578125,0.9347572326660156,0.0,0.0,0.0,0.0,2.0,10.0,09-20,0.035298029581706025
09-06,0.190673828125,0.0,0.0,0.0,0.0,-0.16500663757323863,0.4267578125,2.2177619934081996,0.0,0.0,0.0,0.0,3.0,9.0,09-21,0.22251558303833008
09-07,0.190673828125,0.0,0.0,0.0,0.0,-0.3821239471435547,-0.20449066162109375,1.5579338073730469,0.0,0.0,0.0,0.0,2.0,10.0,09-22,0.0968327522277832
09-08,0.190673828125,0.0,0.0,0.0,0.0,-0.5210781097412109,0.16892051696777344,2.3735580444335938,0.0,0.0,0.0,0.0,3.0,9.0,09-23,0.1843395233154297
09-09,0.190673828125,0.0,0.0,0.0,0.0,-0.3734416961669922,0.22226715087889914,2.3735580444335938,0.0,0.0,0.0,0.0,3.0,9.0,09-24,0.20108811060587506
09-10,0.190673828125,0.0,0.0,0.0,0.0,-0.8945140838623047,-0.0977993011474716,2.3735580444335938,0.0,0.0,0.0,0.0,2.0,10.0,09-25,0.1309932072957348
09-11,0.190673828125,0.0,0.0,0.0,0.0,-0.41685676574707387,0.017786026000965904,2.6209945678710938,0.0,0.0,0.0,0.0,3.0,9.0,09-26,0.2010498046874988
09-12,0.190673828125,0.0,0.0,0.4831733703613281,0.3955726623535156,-0.28659248352051137,-0.035560607910163355,2.6209945678710938,0.0,0.0,0.0,0.0,4.0,8.0,09-27,0.28068844477335525
09-13,0.190673828125,0.0,0.0,0.4831733703613281,0.3955726623535156,-0.3213272094726598,-0.11557960510253551,2.0069847106933594,0.0,0.0,0.0,0.0,4.0,8.0,09-28,0.21995814641316733
09-14,0.5762786865234375,0.45333099365234375,0.49591827392578125,0.4831733703613281,0.3955726623535156,-0.3898181915283203,1.4864864349365163,2.3959255218505824,0.0,0.0,0.0,0.6900005340576172,8.0,4.0,09-29,0.5489056905110669
09-15,0.5762786865234375,0.45333099365234375,0.49591827392578125,0.4831733703613281,0.3955726623535156,-0.24042510986328125,1.050836563110341,2.3959255218505824,0.0,0.0,0.2279129028320277,0.6900005340576172,9.0,3.0,09-30,0.5440436999003078
09-16,0.5762786865234375,0.45333099365234375,0.49591827392578125,0.4831733703613281,0.3955726623535156,-0.8722286224365305,-0.6891288757324219,2.3959255218505824,0.0,0.214086532592777,0.2279129028320277,0.6900005340576172,9.0,3.0,10-01,0.3642368316650382
09-17,0.3856048583984375,0.45333099365234375,0.49591827392578125,0.4831733703613281,0.3955726623535156,-0.9287796020507848,0.41184425354003906,1.1129207611083984,0.4016990661621094,0.214086532592777,0.2279129028320277,0.6900005340576172,11.0,1.0,10-02,0.36194038391113253
09-18,0.3856048583984375,0.45333099365234375,0.49591827392578125,0.4831733703613281,0.3955726623535156,-0.9928760528564453,1.0430927276611328,0.47033691406250355,0.4016990661621094,0.214086532592777,0.2279129028320277,0.6900005340576172,11.0,1.0,10-03,0.3556543986002607
09-19,0.3856048583984375,0.45333099365234375,0.49591827392578125,0.4831733703613281,0.3955726623535156,-0.8539218902587891,0.6696815490722656,0.4889621734619176,0.4016990661621094,0.214086532592777,0.2279129028320277,0.6900005340576172,11.0,1.0,10-04,0.3376684188842776
09-20,0.3856048583984375,0.45333099365234375,0.49591827392578125,0.4831733703613281,0.3955726623535156,-1.04498291015625,0.2545566558837926,0.2140331268310547,0.4016990661621094,0.214086532592777,0.2279129028320277,0.6900005340576172,11.0,1.0,10-05,0.2642421722412112
09-21,0.3856048583984375,0.45333099365234375,0.49591827392578125,0.4831733703613281,0.3955726623535156,-0.9483184814453125,-0.3320274353027344,-0.6015911102294922,0.4016990661621094,0.214086532592777,0.2279129028320277,0.6900005340576172,9.0,3.0,10-06,0.15544684727986655
09-22,0.3856048583984375,0.45333099365234375,0.49591827392578125,0.4831733703613281,0.3955726623535156,-0.7198314666748047,0.9641418457031321,-0.46720123291015625,0.4016990661621094,0.214086532592777,0.2279129028320277,0.6900005340576172,10.0,2.0,10-07,0.2937006950378424
09-23,0.3856048583984375,0.45333099365234375,0.49591827392578125,0.4831733703613281,0.3955726623535156,-1.0195484161376953,0.610586166381843,-0.46720123291015625,0.4016990661621094,-4.697059631347646,0.2279129028320277,0.6900005340576172,9.0,3.0,10-08,-0.17000087102254113
09-24,-0.9250373840332031,0.45333099365234375,0.49591827392578125,0.4831733703613281,0.3955726623535156,-1.3075904846191264,0.573287963867191,0.14680862426757812,0.4016990661621094,-4.697059631347646,0.2279129028320277,0.6900005340576172,9.0,3.0,10-09,-0.25516525904337356
09-25,-1.3106422424316406,0.0,0.49591827392578125,0.0,0.0,-1.1248550415039062,-1.0287780761718608,0.14680862426757812,0.4016990661621094,-4.697059631347646,0.2279129028320277,0.0,4.0,8.0,10-10,-0.5740830103556297
09-26,-1.3106422424316406,0.0,0.49591827392578125,0.0,0.0,-1.2742481231689453,-1.0287780761718608,0.14680862426757812,0.4016990661621094,-4.512285232543945,0.0,0.0,3.0,9.0,10-11,-0.5901273091634103
09-27,-1.3106422424316406,0.0,0.0,0.0,0.0,-0.7206077575683558,-0.8843879699706925,-0.17694282531737926,0.4016990661621094,-4.726371765136722,0.0,0.0,1.0,11.0,10-12,-0.6181044578552234
09-28,-2.0815773010253835,0.0,0.0,0.0,0.0,-1.3797054290771484,-1.1731662750244034,-0.17694282531737926,0.0,-4.726371765136722,0.0,0.0,0.0,12.0,10-13,-0.7948136329650864
09-29,-2.0815773010253835,0.0,0.0,0.0,0.0,-1.6784934997558558,0.4512195587158203,0.4656410217285156,0.0,-4.726371765136722,0.0,0.0,2.0,10.0,10-14,-0.6307984987894688
09-30,-2.0815773010253835,0.0,0.0,0.0,0.0,-1.3006134033203125,-0.6678066253662109,0.44701576232910156,0.0,-5.095922470092777,0.5837726593017614,0.0,2.0,10.0,10-15,-0.6762609481811518
10-01,-1.9273872375488281,0.0,0.0,0.0,0.0,-1.212738037109375,-0.3338966369628906,0.44701576232910156,0.0,-5.095922470092777,0.5837726593017614,0.0,2.0,10.0,10-16,-0.628262996673584
10-02,-1.9273872375488281,0.0,0.0,0.0,0.0,-1.2478809356689453,0.25268745422363637,0.44701576232910156,0.0,-5.095922470092777,0.8212413787841832,0.0,3.0,9.0,10-17,-0.5625205039978024
10-03,-1.9273872375488281,0.0,0.0,0.0,0.0,-1.4763679504394531,-0.8212146759033203,0.44701576232910156,0.0,-5.095922470092777,0.8212413787841832,0.0,2.0,10.0,10-18,-0.6710529327392578
10-04,-1.9273872375488281,0.0,0.0,0.0,0.0,-1.098489761352539,-0.3609733581543004,0.44701576232910156,0.0,-0.1847763061523544,0.8212413787841832,0.0,2.0,10.0,10-19,-0.19194746017456144
10-05,-1.9273872375488281,0.0,0.0,0.0,0.0,-1.3181915283203232,-0.3880481719970703,0.06518936157226562,0.0,-0.1847763061523544,0.8212413787841832,0.0,2.0,10.0,10-20,-0.24433104197184394
10-06,-1.3491783142089915,0.0,0.0,0.0,0.0,-1.9157695770263672,-0.12634086608886008,0.06518936157226562,0.0,-0.1847763061523544,0.8212413787841832,0.0,2.0,10.0,10-21,-0.2241361935933437
10-07,-0.6167449951171875,0.0,0.0,0.0,0.0,-0.9754581451416122,-0.009023666381835938,0.06518936157226562,0.0,1.0697536468505753,0.8212413787841832,0.0,3.0,9.0,10-22,0.029579798380532374
10-08,-0.4240074157714844,0.0,0.0,0.0,0.0,-0.8260669708251918,-0.15341377258300426,0.0,0.0,1.0697536468505753,0.9993400573730504,-0.5900001525878942,2.0,10.0,10-23,0.006300449371337595
10-09,0.3469276428222585,0.0,0.0,0.0,0.0,0.28121185302735086,0.13536453247070668,0.0,-3.806587219238274,0.884979248046875,1.4742755889892614,-0.5900001525878942,5.0,7.0,10-24,-0.10615237553914299
10-10,0.3469276428222585,0.0,0.0,0.0,0.0,0.5799999237060582,0.13536453247070668,0.0,-3.806587219238274,0.884979248046875,1.4742755889892614,-0.5900001525878942,5.0,7.0,10-25,-0.08125336964925071
10-11,0.3469276428222585,0.0,0.0,0.0,0.0,0.5799999237060582,0.13536453247070668,0.0,-2.9384193420410227,1.2545299530029297,0.8905029296875,-0.5900001525878942,5.0,7.0,10-26,-0.02675787607828865
10-12,0.3469276428222585,0.0,0.0,0.0,0.0,0.2021198272705078,0.7038993835449219,0.0,-2.9384193420410227,1.2545299530029297,0.8905029296875,-1.489999771118164,5.0,7.0,10-27,-0.08586994806925574
10-13,0.3469276428222585,0.0,0.0,0.0,0.0,0.5184879302978516,0.7219524383544922,0.0,-2.9384193420410227,1.2545299530029297,0.8905029296875,-1.639999389648434,5.0,7.0,10-28,-0.07050148646036873
10-14,0.19273757934570312,0.0,0.0,0.0,0.0,0.4569759368896449,0.8031673431396449,0.0,-2.9384193420410227,1.2545299530029297,0.29683494567871094,-1.639999389648434,5.0,7.0,10-29,-0.1311810811360686
10-15,0.19273757934570312,0.0,0.0,0.0,0.0,0.5624237060546875,0.342926025390625,0.0,-2.9384193420410227,1.2545299530029297,0.23746681213378906,-1.639999389648434,5.0,7.0,10-30,-0.16569455464681018
10-16,0.19273757934570312,0.0,0.0,0.0,0.0,1.0633392333984446,0.3700008392333949,0.0,-2.9384193420410227,1.2545299530029297,0.23746681213378906,-1.639999389648434,5.0,7.0,10-31,-0.12169535954793294
10-17,-0.3854713439941335,0.0,0.0,0.0,0.0,1.6609172821044886,0.5685348510742152,0.0,-2.9384193420410227,1.2545299530029297,-0.20778465270996094,-1.639999389648434,3.0,9.0,11-01,-0.1406410535176598
10-18,-1.3491744995117116,0.0,0.0,0.0,0.0,0.8436374664306605,0.16244125366210582,0.0,-2.9384193420410227,-0.4765262603759801,-0.20778465270996094,-2.6000003814697266,2.0,10.0,11-02,-0.5471522013346363
10-19,-1.3491744995117116,0.0,0.0,0.0,0.0,0.6766681671142578,0.16244125366210582,0.0,-2.9384193420410227,-0.4765262603759801,-0.3858833312988281,-2.370000839233395,2.0,10.0,11-03,-0.5567412376403812
10-20,0.19273757934570312,0.0,0.0,0.0,0.0,0.12302780151367188,0.16244125366210582,0.0,0.8681678771972514,-0.4765262603759801,-0.3858833312988281,-2.909999847412106,4.0,8.0,11-04,-0.20216957728068183
10-21,-0.19273757934570312,0.0,0.0,0.0,0.0,0.2987880706787074,0.16244125366210582,0.0,0.8681678771972514,-0.4765262603759801,-0.3858833312988281,-2.3199996948242116,3.0,9.0,11-05,-0.17047913869222153
10-22,-0.19273757934570312,0.0,0.0,0.0,0.0,-1.520309448242191,0.16244125366210582,0.0,0.8681678771972514,-0.4765262603759801,-0.8608188629150391,-2.100000381469723,2.0,10.0,11-06,-0.34331528345743995
10-23,-0.19273757934570312,0.0,0.0,0.0,0.0,-0.49212455749512074,-0.4060935974121094,0.0,0.8681678771972514,-0.4765262603759801,0.11873245239257812,-1.2000007629394531,2.0,10.0,11-07,-0.1483818689982114
10-24,-0.19273757934570312,0.0,0.0,0.0,0.0,-0.8084926605224645,-0.4060935974121094,0.0,-1.8699073791503906,-0.4765262603759801,0.11873245239257812,-1.0500011444091832,1.0,11.0,11-08,-0.3904188474019377
10-25,-2.120119094848633,0.0,0.0,0.0,0.0,-0.5536422729492188,-0.07219505310058594,0.0,-1.8699073791503906,-0.4765262603759801,0.7124004364013672,-1.0500011444091832,1.0,11.0,11-09,-0.4524992307027187
10-26,-2.120119094848633,0.0,0.0,0.0,0.0,-1.6697063446044886,-0.07219505310058594,0.0,-1.8699073791503906,-0.4765262603759801,0.5342998504638672,-0.01000022888183949,1.0,11.0,11-10,-0.4736795425415042
10-27,-2.120119094848633,0.0,0.0,0.0,0.0,-1.485162734985348,-0.07219505310058594,1.5273017883300781,-1.8699073791503906,-0.4765262603759801,0.9795494079589844,-0.01000022888183949,2.0,10.0,11-11,-0.29392162958780954
10-28,-0.5782089233398438,0.0,0.0,0.0,0.0,-0.4657611846923828,-0.07219505310058594,1.5273017883300781,-1.8699073791503906,-0.4765262603759801,0.4749336242675781,-0.01000022888183949,2.0,10.0,11-12,-0.1225303014119472
10-29,-0.115631103515625,0.0,0.0,0.0,0.0,-0.7469749450683558,0.33389854431152344,1.5273017883300781,-1.8699073791503906,-0.4765262603759801,0.4749336242675781,0.9500007629394531,4.0,8.0,11-13,0.0064245859781901045
10-30,-0.115631103515625,0.0,0.0,0.0,0.0,-0.6503067016601598,0.33389854431152344,1.5273017883300781,0.6678199768066477,-0.4765262603759801,0.9201850891113281,0.7200012207031214,5.0,7.0,11-14,0.2438952128092445
10-31,-1.0793342590332031,0.0,0.0,0.0,0.0,-0.09666633605957387,0.33389854431152344,1.5273017883300781,0.7059860229492259,0.0,0.9201850891113281,1.2600002288818324,5.0,7.0,11-15,0.29761425654093426
11-01,-1.0793342590332031,0.0,0.0,0.0,0.0,-0.5360622406005895,0.33389854431152344,1.5273017883300781,0.7059860229492259,0.048624038696292615,0.9201850891113281,1.2600002288818324,6.0,6.0,11-16,0.2650499343872073
11-02,-1.0793342590332031,0.0,0.0,0.0,0.0,-0.5536403656005895,0.33389854431152344,0.10243988037109375,0.7059860229492259,0.048624038696292615,0.9201850891113281,1.2600002288818324,6.0,6.0,11-17,0.14484659830729196
11-03,-0.2698326110839915,0.0,0.0,0.0,0.0,-0.4657611846923828,0.33389854431152344,0.10243988037109375,0.7059860229492259,0.048624038696292615,0.9201850891113281,1.2600002288818324,6.0,6.0,11-18,0.21962833404541016
11-04,-0.2698326110839915,0.0,0.0,0.0,0.0,0.6327304840087891,0.33389854431152344,0.10243988037109375,2.5758934020996165,1.3420543670654332,0.9201850891113281,1.0400009155273438,7.0,5.0,11-19,0.5564475059509281
11-05,1.9273815155029297,0.0,0.0,0.0,0.0,0.15818786621094105,0.0,0.10243988037109375,2.5758934020996165,1.3420543670654332,-0.05936622619628906,1.0400009155273438,6.0,6.0,11-20,0.5905493100484224
11-06,1.9273815155029297,0.0,0.0,0.0,0.0,1.107278823852539,0.0,0.10243988037109375,2.5758934020996165,1.3420543670654332,-0.05936622619628906,0.0,5.0,7.0,11-21,0.5829734802246103
11-07,1.9273815155029297,0.0,0.0,0.0,0.0,0.9227352142333984,0.0,0.10243988037109375,2.5758934020996165,1.3420543670654332,-0.5046157836914062,0.0,5.0,7.0,11-22,0.5304907162984221
11-08,1.9273815155029297,0.0,0.0,0.0,0.0,-0.26363563537597656,0.0,0.10243988037109375,2.5758934020996165,1.3420543670654332,0.0,0.0,4.0,8.0,11-23,0.4736777941385914
11-09,1.9273815155029297,0.0,0.0,0.0,0.0,-0.2021198272705078,0.0,-1.4248619079589844,2.5758934020996165,1.3420543670654332,0.0,0.0,3.0,9.0,11-24,0.35152896245320725
11-10,0.3854713439941406,0.0,0.0,0.0,0.0,0.008790969848632812,-1.2092666625976562,-1.1175365447998047,0.038166046142578125,1.3420543670654332,0.0,0.0,4.0,8.0,11-25,-0.04602670669555634
11-11,0.8865966796875,0.0,0.0,0.0,0.0,-0.1933307647705078,-1.2092666625976562,-1.1175365447998047,0.0,1.3420543670654332,-0.2473621368408203,0.0,2.0,10.0,11-26,-0.04490375518798798
11-12,0.8865966796875,0.0,0.0,0.0,0.0,-0.12302970886230113,-0.7851219177246094,-1.1175365447998047,0.0,1.3420543670654332,0.5936660766601527,0.0,3.0,9.0,11-27,0.06638574600219756
11-13,0.8865966796875,0.0,0.0,0.0,0.0,-0.5009078979492152,-0.7851219177246094,-1.1175365447998047,0.0,1.3420543670654332,0.5936660766601527,0.0,3.0,8.0,11-28,0.03489589691162139
11-14,0.2698326110839915,0.0,0.0,0.0,0.0,-0.5887870788574219,-0.7851219177246094,-1.1175365447998047,0.0,1.2934303283691406,0.5936660766601527,0.0,3.0,8.0,11-29,-0.027876377105712596
11-15,-0.30838775634764914,0.0,0.0,0.0,0.0,-0.3163623809814453,-1.4078025817871094,0.3073253631591797,0.0,0.0,0.5936660766601527,0.0,2.0,9.0,11-30,-0.09429677327473929
11-16,-0.30838775634764914,0.0,0.0,0.0,0.0,-0.3163623809814453,-1.4078025817871094,0.3073253631591797,0.0,0.0,0.5936660766601527,0.0,2.0,9.0,12-01,-0.09429677327473929
11-17,-0.30838775634764914,0.0,0.0,0.0,0.0,-0.3163623809814453,-1.4078025817871094,0.3073253631591797,0.0,0.0,0.5936660766601527,0.0,2.0,9.0,12-02,-0.09429677327473929
11-18,-0.5782203674316406,0.0,0.0,0.0,0.0,-0.6151580810546875,-1.1280441284179688,0.3073253631591797,0.0,0.0,0.5936660766601527,0.0,2.0,9.0,12-03,-0.11836926142374704
11-19,0.19273757934570312,0.0,0.0,0.0,0.0,-0.25485038757323863,-0.9024372100830078,0.3073253631591797,0.0,0.0,0.5936660766601527,0.0,3.0,8.0,12-04,-0.005296548207600911
11-20,0.19273757934570312,0.0,0.0,0.0,0.0,0.8172740936279332,-0.9024372100830078,0.3073253631591797,0.0,0.0,0.5936660766601527,0.0,4.0,7.0,12-05,0.0840471585591634
11-21,0.19273757934570312,0.0,0.0,0.0,0.0,0.6063632965087926,0.30682945251464844,0.3073253631591797,0.0,0.0,0.5936660766601527,0.0,5.0,6.0,12-06,0.16724348068237305
11-22,0.19273757934570312,0.0,0.0,0.0,0.0,0.8084850311279332,0.13536643981933594,0.0,0.0,0.0,0.841028213500973,0.0,4.0,7.0,12-07,0.16480143864949545
11-23,-1.1564292907714844,0.0,0.0,0.0,0.0,0.210906982421875,0.41512489318847656,0.0,0.0,0.0,0.0,0.0,2.0,9.0,12-08,-0.04419978459676107
11-24,-1.1564292907714844,0.0,0.0,0.0,0.0,-0.5624275207519531,0.18951416015625,0.0,0.0,0.0,0.0,0.0,1.0,10.0,12-09,-0.12744522094726562
11-25,0.5782203674316406,0.0,0.0,0.0,0.0,-0.5184917449951136,1.4439029693603516,0.0,0.0,0.0,0.0,0.0,2.0,9.0,12-10,0.12530263264973987
11-26,0.5782203674316406,0.0,0.0,0.0,0.0,-0.4745521545410156,1.6243896484375,0.0,0.0,0.0,0.0,0.0,2.0,9.0,12-11,0.14400482177734375
11-27,0.5782203674316406,0.0,0.0,0.0,0.0,-0.30757904052734375,1.6243896484375,0.8474636077880859,0.0,0.0,0.0,0.0,3.0,8.0,12-12,0.22854121526082358
11-28,0.5782203674316406,0.0,0.0,0.0,0.0,-0.30757904052734375,1.6243896484375,0.8474636077880859,0.0,0.0,0.0,0.0,3.0,8.0,12-13,0.22854121526082358
11-29,0.5782203674316406,0.0,0.0,0.0,0.0,-0.18454551696777344,1.6424388885498047,0.8474636077880859,0.0,0.0,0.0,0.0,3.0,8.0,12-14,0.24029811223347983
11-30,0.5782203674316406,0.0,0.0,0.0,0.0,-0.4657611846923828,1.2904911041259801,0.8474636077880859,0.0,0.0,0.0,0.0,3.0,8.0,12-15,0.18753449122111032
12-01,0.5782203674316406,0.0,0.0,0.0,0.0,-0.7557640075683594,1.4258499145507812,0.8474636077880859,0.0,0.0,-0.5540904998779226,0.0,3.0,8.0,12-16,0.12847328186035215
12-02,-1.50335693359375,0.0,0.0,0.0,0.0,-0.6415195465087926,1.4438991546630753,0.8474636077880859,0.0,0.0,-0.5540904998779226,0.0,2.0,9.0,12-17,-0.033967018127441996
12-03,-0.4240264892578125,0.0,0.0,0.0,0.0,-1.5290966033935582,1.5341434478759801,0.8474636077880859,0.0,0.0,-1.3654346466064418,0.0,2.0,9.0,12-18,-0.07807922363281221
12-04,0.925140380859375,0.0,0.0,0.0,0.0,-1.2215194702148438,1.2543849945068395,1.0616626739501953,-0.8967933654785156,0.0,-1.3654346466064418,0.0,3.0,8.0,12-19,-0.020213286081949278
12-05,0.925140380859375,0.0,0.0,0.0,-2.0578231811523438,-0.4481849670410156,1.0558509826660192,1.0616626739501953,-0.8967933654785156,0.0,-1.5633220672607386,0.0,3.0,8.0,12-20,-0.16028912862141867
12-06,0.925140380859375,0.0,0.0,0.0,-2.0578231811523438,-0.09666442871094105,1.0107307434082031,1.0616626739501953,-0.8967933654785156,0.0,-1.5633220672607386,0.0,3.0,8.0,12-21,-0.13475577036539713
12-07,0.925140380859375,0.0,0.0,0.0,-2.0578231811523438,0.11424636840819957,1.272439956665039,1.0616626739501953,-0.8967933654785156,0.0,-1.5633220672607386,0.0,4.0,7.0,12-22,-0.09537076950073242
12-08,-1.1564292907714844,0.0,0.0,0.0,-1.9720840454101634,0.035154342651363635,0.7490215301513672,0.21419906616210938,-0.8967933654785156,0.0,-1.019128799438473,0.0,3.0,8.0,12-23,-0.33717171351114966
12-09,-0.3854713439941406,0.0,0.0,0.0,-3.0438652038574148,-0.3339424133300781,0.9746322631835938,0.21419906616210938,-0.8967933654785156,-2.917512893676758,-1.2763843536376918,0.0,2.0,9.0,12-24,-0.6387615203857413
12-10,-0.3854713439941406,0.0,0.0,0.0,-3.0438652038574148,-0.50091552734375,0.9565830230712891,0.21419906616210938,-0.8967933654785156,-2.917512893676758,-1.2763843536376918,0.0,2.0,9.0,12-25,-0.6541800498962393
12-11,-0.3854713439941406,0.0,0.0,0.0,-1.3290138244628906,-0.14939498901367188,1.3085308074951136,0.21419906616210938,-0.8967933654785156,-4.522144317626953,-1.2763843536376918,0.0,2.0,9.0,12-26,-0.5863726933797201
12-12,-0.3854713439941406,0.0,0.0,0.0,-2.1864433288574148,0.1406078338623047,0.8934135437011719,0.21419906616210938,-0.8967933654785156,-3.9969921112060653,-0.7222938537597692,0.0,3.0,8.0,12-27,-0.5783144632975267
12-13,-0.3854713439941406,0.0,0.0,0.0,-2.1864433288574148,-0.16697120666503906,1.0739002227783168,0.21419906616210938,-0.8967933654785156,-3.9969921112060653,-0.7222938537597692,0.0,2.0,9.0,12-28,-0.5889054934183765
12-14,-0.3854713439941406,0.0,0.0,0.0,-2.1864433288574148,0.17576026916504262,1.0739002227783168,0.21419906616210938,-0.8967933654785156,-3.9969921112060653,0.08905029296875,0.0,4.0,7.0,12-29,-0.49273252487182645
12-15,0.9251480102539062,0.0,0.0,0.0,-3.4725856781005895,-0.04393768310546875,0.8302440643310618,0.0,0.0,-3.9969921112060653,0.08905029296875,0.0,3.0,8.0,12-30,-0.47242275873820044
12-16,-0.23128890991210938,0.0,0.0,0.0,-2.0235328674316406,-0.4833393096923828,1.3897571563720668,0.0,0.0,-3.9969921112060653,0.08905029296875,0.0,2.0,9.0,12-31,-0.43802881240844843
12-17,-0.23128890991210938,0.0,0.0,0.0,-2.0235328674316406,-0.19333839416503906,1.4348773956298828,0.0,0.0,-3.9969921112060653,0.08905029296875,0.0,2.0,9.0,01-01,-0.41010204950968515
12-18,-0.23128890991210938,0.0,0.0,0.0,0.7288093566894531,-0.5975818634033203,1.1731681823730469,0.0,0.0,-3.5788135528564418,0.2869377136230469,0.0,3.0,8.0,01-02,-0.18489742279052704
12-19,0.6938514709472656,0.0,0.0,0.0,0.6430702209472727,-0.5184898376464844,1.0648784637451172,0.0,0.0,-3.5788135528564418,0.0197906494140625,0.0,4.0,7.0,01-03,-0.13964271545410067
12-20,0.6938514709472656,0.0,0.0,0.0,1.7148513793945241,-0.19333267211914062,1.010734558105458,0.0,0.0,-0.661300659179684,0.27704620361328125,0.0,4.0,7.0,01-04,0.23682085673014205
12-21,0.6938514709472656,0.0,0.0,0.0,0.0,-0.19333267211914062,0.8843898773193359,0.0,0.0,0.9433307647705114,0.27704620361328125,0.0,4.0,7.0,01-05,0.21710713704427112
12-22,-0.07710647583007812,0.0,0.0,0.0,1.2861480712890625,-0.14939308166503906,0.7399978637695277,0.0,0.0,0.4181785583496236,0.27704620361328125,0.0,4.0,7.0,01-06,0.2079059282938648
12-23,-1.1564292907714915,0.0,0.0,0.0,1.5004997253417969,-0.19333457946776988,0.5595111846923828,0.0,0.0,0.4181785583496236,0.27704620361328125,0.0,4.0,7.0,01-07,0.11712265014648526
12-24,-1.1564292907714915,0.0,0.0,0.0,1.1660995483398366,-1.0984916687011754,0.32488059997557883,0.0,0.0,0.4181785583496236,0.27704620361328125,0.0,4.0,7.0,01-08,-0.005726337432862216
12-26,-1.1564292907714915,0.0,0.0,0.0,2.4693927764892614,-0.5360641479492188,0.32488059997557883,0.0,-0.6869049072265625,1.0211296081543075,0.27704620361328125,0.0,4.0,7.0,01-10,0.14275423685709634
12-27,-1.1564292907714915,0.0,0.0,0.0,1.0203399658203125,-0.3427257537841797,0.32488059997557883,0.0,-0.6869049072265625,1.0211296081543075,0.27704620361328125,0.0,4.0,7.0,01-11,0.03811136881510387
12-28,-0.7709579467773438,0.0,0.0,0.0,0.3258209228515625,-0.41303062438964844,0.32488059997557883,0.9126529693603516,-0.6869049072265625,0.602951049804684,0.27704620361328125,0.0,5.0,6.0,01-12,0.04770485560099195
12-29,-0.6938514709472656,0.0,0.0,0.0,0.4715843200683594,-0.44818115234375,-0.6587810516357422,0.9126529693603516,-0.6869049072265625,0.602951049804684,0.27704620361328125,0.0,4.0,7.0,01-13,-0.01862366994222035
12-30,-0.6938514709472656,0.0,0.0,0.0,0.4287147521972585,-0.2109088897705078,-0.9836597442626882,0.9126529693603516,-0.6869049072265625,0.602951049804684,0.27704620361328125,0.0,4.0,7.0,01-14,-0.029496669769287404
12-31,-0.6938514709472656,0.0,0.0,0.0,0.5573310852050852,0.04393959045410156,-0.857315063476566,0.9126529693603516,-0.6869049072265625,0.602951049804684,0.0,0.0,4.0,7.0,01-15,-0.01009972890218099
