,2009,2010,2011,2012,2013,2014,2015,2016,2017,2018,2019,2020,ups,downs,end_day_sum,avg
01-02,0.770000457763679,0.0,0.05999755859375,-4.299995422363281,-1.6500015258789062,1.6000061035155682,-17.860000610351562,-12.609992980957031,0.7300033569335795,7.110000610351577,8.520000457763672,1.4599990844726634,7.0,5.0,01-17,-1.3474985758463578
01-03,-1.0799980163574148,0.0,0.5199966430664062,-5.599998474121108,1.8300018310546875,3.229995727539091,-11.690002441406236,-12.609992980957031,-1.8199996948242188,4.710006713867173,8.369995117187493,-0.2200012207031179,5.0,7.0,01-18,-1.1966663996378564
01-04,-1.0799980163574148,0.3800010681152415,1.6100006103515625,-2.2299957275390483,1.0500030517578125,5.990005493164091,-11.690002441406236,-10.64999389648436,-2.25,2.1800003051757955,5.819995880126939,-1.0699996948242045,6.0,6.0,01-19,-0.9949986139933186
01-05,-0.39500045776366477,-0.45999908447265625,1.1800003051757812,1.6500015258789062,2.720001220703139,5.990005493164091,-15.680000305175781,-10.5,-3.600006103515639,1.5399932861328267,2.4399948120117045,-1.0699996948242045,6.0,6.0,01-20,-1.3487507502237914
01-06,-1.845001220703118,-0.13500213623046875,2.1300048828125,3.099998474121108,2.720001220703139,5.440002441406165,-13.309997558593764,-9.129997253417983,-3.4200057983398295,-1.0800018310546733,2.4399948120117045,-1.0,5.0,7.0,01-21,-1.1741669972737683
01-07,-1.8100013732910085,-1.7600021362304616,2.6300048828125,1.3300018310546875,2.6100006103515625,7.45999145507821,-10.740005493164077,-8.5,-2.410003662109375,-3.2299957275390767,1.9499969482422017,-1.4099998474121094,5.0,7.0,01-22,-1.1566677093505788
01-08,-1.3600006103515696,-1.8500022888183452,3.19000244140625,3.809997558593736,3.6100006103515767,7.30999755859375,-9.54000091552733,-6.0100021362304545,-2.940002441406264,-2.529998779296875,3.410003662109389,-0.8899993896484375,5.0,7.0,01-23,-0.31583372751871447
01-09,1.3600006103515554,-1.7750015258788991,0.0800018310546875,2.5500030517578267,6.440002441406236,5.569992065429716,-5.959999084472656,-2.5400009155273438,-0.8600006103515625,1.5099945068359233,-0.5500030517578125,-0.9499969482421875,6.0,6.0,01-24,0.4062493642171236
01-10,1.1749992370605398,-1.9300003051757812,-1.4300003051757812,-0.6399993896484375,5.689994812011719,1.849990844726591,2.2399978637695312,-0.7700042724609233,-0.7399978637695455,4.0,-3.950004577636733,-1.1699981689453125,5.0,7.0,01-25,0.3604148228963222
01-11,-0.28499984741210227,-2.490001678466804,-5.049995422363281,-1.0600051879882812,5.8199996948242045,2.939987182617216,2.67999267578125,1.5499954223632812,0.28000640869139204,1.9500045776367188,-2.950004577636733,-1.1800003051757812,6.0,6.0,01-26,0.18374824523925662
01-12,1.2199974060058665,-0.06000137329102273,-5.0099945068359375,0.4700012207031392,6.469993591308608,1.889999389648409,2.0199966430664062,-6.689994812011719,1.7399978637695455,1.840003967285142,-2.5500030517578125,-1.5600013732910156,7.0,5.0,01-27,-0.01833375295003255
01-13,1.329998016357429,-0.9550018310546875,-3.2099990844726562,1.770004272460966,6.7399978637695455,-1.8500061035155966,5.650001525878906,-4.660003662109375,4.290000915527344,3.1399993896484375,-2.3199996948242188,-2.370002746582024,6.0,6.0,01-28,0.6295824050903391
01-14,1.43499755859375,-1.1100006103515696,-3.7900009155273438,1.3600006103515767,8.939994812011719,-7.360000610351591,5.030006408691392,-4.990005493164091,2.5999984741210938,1.2999954223632955,-0.43000030517578125,-4.780002593994141,6.0,6.0,01-29,-0.14958477020264085
01-15,1.3899993896484304,-1.220001220703125,-4.010002136230469,-1.4300003051757812,9.220001220703125,-3.020004272460966,2.3799972534179688,-4.260002136230483,-2.5699996948242045,0.75,-1.400001525878892,-3.8699989318847727,4.0,8.0,01-30,-0.670001029968264
01-16,1.2649993896484304,-1.9949989318847656,-3.0800018310546875,-0.45000457763670454,6.5099945068359375,-3.319992065429574,-1.1000061035156108,-0.9400024414062642,-4.880004882812486,-1.3000030517577983,-1.6099929809570028,-4.279998779296868,2.0,10.0,01-31,-1.265000979105616
01-17,3.0699996948242116,-2.8649978637695312,-1.839996337890625,-3.1399993896484233,4.399993896484403,-5.019989013671932,-3.150001525878892,-3.3199996948242188,-6.060005187988281,-1.409996032714858,-0.06999969482423296,-4.170001983642578,2.0,10.0,02-01,-1.9645827611287465
01-18,2.025001525878899,-3.8800010681152344,0.510002136230483,-6.6699981689453125,2.9399948120117188,-5.539993286132784,-13.889999389648423,5.8300018310546875,-4.939994812011719,-1.0,-2.2900009155273438,-3.6500015258789062,4.0,8.0,02-02,-2.5462490717569946
01-19,1.4750022888183523,-2.9300003051757812,1.4699935913085795,-8.52999877929686,0.6499938964844034,-11.910003662109375,-10.239997863769517,2.8199996948242188,-3.470001220703111,-1.6999969482422017,0.31999969482421875,-3.0800018310546875,5.0,7.0,02-03,-2.927084287007647
01-20,0.420001983642571,-0.8400001525879048,5.05999755859375,-7.270004272460952,11.08999633789064,-12.610000610351562,-5.139999389648423,1.8000030517578125,-5.5500030517578125,-4.969993591308608,-0.43000030517578125,-4.180000305175781,4.0,8.0,02-04,-1.8850002288818377
01-21,-2.1000022888183594,-0.6300010681152273,6.569999694824219,-4.790000915527344,17.809997558593764,-14.300003051757812,-0.5200042724609517,3.7300033569335795,-2.9200057983398295,-2.339996337890625,-0.29000091552732954,-4.409999847412109,3.0,9.0,02-05,-0.34916782379150213
01-22,0.24499893188475141,-0.06999969482420454,7.879997253417969,3.910003662109361,16.75999450683598,-12.029998779296903,-3.2899932861328267,1.410003662109375,-2.680000305175753,-5.649993896484361,-0.1399993896484375,-2.6599998474121094,5.0,7.0,02-06,0.3070844014485701
01-23,-1.2599983215332173,-1.0050010681152273,8.77999877929689,4.8600006103515625,16.18000030517581,-12.830001831054659,-2.629997253417983,6.9499969482421875,-0.6900024414062358,-9.5,2.279998779296875,-1.7099990844726491,5.0,7.0,02-07,0.7854162851969461
01-24,-2.0099983215332173,-2.700000762939453,7.109992980957031,5.7099990844726705,13.12999725341794,-9.089996337890653,-4.559997558593764,10.669998168945312,-4.130004882812486,-7.470001220703111,1.6899948120117188,-0.8999977111816406,5.0,7.0,02-08,0.6208321253458623
01-25,-1.1349983215332173,-2.549999237060547,6.80999755859375,5.759994506835923,10.930000305175767,-6.2299957275390625,0.470001220703125,11.139999389648452,-7.470001220703125,-8.400001525878892,-0.20000457763671875,1.0100021362304759,6.0,6.0,02-09,0.8445828755696608
01-26,-1.6299972534179688,-1.0699996948242259,4.660003662109375,12.549995422363281,9.87999725341794,-2.1699981689453125,2.6200027465820312,13.930000305175781,-3.3000030517578267,-7.850006103515597,0.8499984741210795,0.6200027465820312,7.0,5.0,02-10,2.4241663614908826
01-27,-1.4650001525878977,-0.6199989318847656,3.630004882812486,11.569999694824205,10.400001525878878,-2.8699951171875,6.509994506835923,4.540000915527358,-0.9899978637695455,-5.800003051757798,-3.399997711181662,-1.2999992370605469,5.0,7.0,02-11,1.6837507883707612
01-28,-3.289999008178711,0.8049964904785156,2.3899993896484233,14.259994506835923,12.019996643066435,-8.239990234375,9.0,5.470001220703125,0.19000244140625,-9.510002136230483,-3.1599998474121165,-1.8899993896484446,7.0,5.0,02-12,1.5037500063578264
01-29,-2.1900005340576207,1.8199996948242188,0.04000091552731533,14.709999084472642,12.080001831054688,-3.730010986328068,19.550003051757812,-3.6800003051757812,1.1300048828125,-11.699996948242202,-2.260002136230497,-1.8600006103515554,6.0,6.0,02-13,1.9924998283386213
01-30,-1.6400012969970739,0.8699989318847656,4.229995727539034,12.889999389648423,14.400009155273423,2.6800079345703125,15.900001525878906,-0.6699981689453125,1.3400039672851562,-9.69000244140625,-2.8499984741210938,-2.279998779296882,7.0,5.0,02-14,2.931668122609451
01-31,-0.5850009918212926,0.8699989318847656,5.290000915527315,16.64999389648436,4.4499969482421875,3.3800048828125,10.800003051757812,-0.6699981689453125,0.05999755859375,-8.800003051757798,-1.4799957275390483,-1.1800003051757884,7.0,5.0,02-15,2.3987498283386213
02-01,-0.5850009918212926,2.2849998474121094,7.220001220703139,14.569999694824219,-2.2700042724609375,5.07000732421875,10.800003051757812,0.1399993896484375,-1.0799942016601705,-11.180000305175781,-1.6199951171875,-0.9500007629394602,6.0,6.0,02-16,1.8666679064432774
02-02,-0.2849998474121094,1.0800018310546946,7.909996032714844,4.309997558593764,-1.2200012207031534,5.07000732421875,10.680000305175781,6.399993896484361,-1.2200012207031392,-7.8700027465820455,-1.769996643066392,-0.9500007629394602,6.0,6.0,02-17,1.8445828755696578
02-03,-0.1999969482421804,1.4249992370605398,9.489997863769517,3.3600006103515625,-1.2200012207031534,7.6399993896484375,6.550003051757827,4.989997863769531,-3.2099990844726562,-5.050003051757798,-1.769996643066392,-1.5800018310546875,6.0,6.0,02-18,1.7020832697550456
02-04,-2.170000076293949,3.1700019836425852,11.160003662109375,3.0200042724609375,0.6900024414062216,8.520004272460938,10.699996948242202,5.430000305175781,-1.8799972534179688,-5.050003051757798,-2.660003662109389,-2.6500015258789062,7.0,5.0,02-19,2.356667359670002
02-05,-1.4350013732910014,3.020000457763679,10.959999084472656,3.0200042724609375,0.7799987792968466,13.019989013671875,6.549995422363267,4.959999084472642,-1.8799972534179688,-4.560005187988281,-0.279998779296875,-3.940002441406257,7.0,5.0,02-20,2.517915089925127
02-06,-0.94000244140625,2.405002593994155,10.959999084472656,4.350006103515611,5.910003662109432,8.929992675781335,4.399993896484361,1.9000015258789062,-3.290000915527358,-7.040000915527344,-0.089996337890625,-3.8200035095214915,7.0,5.0,02-21,1.972916285196949
02-07,-0.28499984741210227,2.965000152587905,12.139999389648438,4.280006408691392,3.8099975585937784,9.629989624023523,1.8899993896484375,2.059997558593736,-2.589996337890611,-4.509994506835966,3.5600013732910227,-1.9000015258789134,8.0,4.0,02-22,2.58749993642172
02-08,1.4799995422363281,3.6850013732910227,10.689994812011719,1.0600051879882812,2.1900024414062216,10.659988403320398,2.5500030517578267,3.3600006103515625,-1.0699996948242188,-2.4499969482421733,3.3200035095214773,-1.3500022888183594,9.0,3.0,02-23,2.843750000000007
02-09,1.4900016784667898,2.43499755859375,9.719993591308608,3.019996643066392,2.5,10.67999267578125,1.9400024414062642,13.880004882812486,-3.8300018310546875,-0.26000213623045454,2.290000915527358,-1.4300003051757741,9.0,3.0,02-24,3.5362488428751653
02-10,2.460000991821282,1.8050003051757812,4.770004272460966,4.839996337890611,3.3899993896484375,7.329986572265625,1.6800003051757812,8.349998474121094,-4.040000915527344,-1.80999755859375,-0.20999908447264204,-2.909999847412106,8.0,4.0,02-25,2.1379157702128113
02-11,4.585000991821293,0.24500274658203125,3.7099990844726847,2.1100006103515625,4.7700042724609375,9.210006713867102,2.3499984741210938,7.0999984741210795,-4.069999694824219,0.9800033569335938,-0.650001525878892,-3.9200000762939524,9.0,3.0,02-26,2.201667785644526
02-12,4.444999694824219,0.9350013732910156,1.6600036621093892,2.9200057983398438,0.22999572753909092,6.6100006103515625,2.80999755859375,3.25,-3.6500015258789205,3.1800003051757812,-0.6100006103515625,-4.9400005340576065,9.0,3.0,02-27,1.4033335049947135
02-13,4.424999237060547,0.535003662109375,0.970001220703125,4.880004882812528,1.210006713867159,2.2700042724609375,-0.8400039672851562,0.959999084472642,-2.6999969482422017,4.6100006103515625,-2.880004882812514,-5.0,8.0,4.0,02-28,0.703334490458167
02-14,5.510000228881847,0.7600021362304688,3.3100051879882812,3.3400039672851705,2.3600006103515625,0.5,-2.660003662109375,0.6800003051757812,-1.0,2.8199996948242188,0.31000518798828125,-5.430000305175781,9.0,3.0,02-29,0.8750011126200379
02-15,5.444997787475597,0.595001220703125,3.5800018310546875,4.1399993896484375,3.1300048828125,-2.149993896484375,-4.739997863769517,3.3600006103515625,-2.3700027465820312,-3.279998779296861,-2.559997558593764,-4.709999084472656,6.0,6.0,03-01,0.03666798273722538
02-16,6.510000228881847,0.7650032043457102,-1.9599990844726562,0.4700012207031392,0.7799987792968466,-1.5399932861328125,-4.0800018310546875,3.2700042724609233,3.3600006103515625,-3.470001220703125,-2.3899993896484517,-6.079998016357425,6.0,6.0,03-02,-0.3637487093607608
02-17,3.3399982452392685,1.30999755859375,-0.9199981689452983,-0.1399993896484233,1.569992065429659,-1.239990234375,-5.099998474121094,2.549995422363267,4.619995117187472,-3.2300033569335795,-2.9800033569335938,-6.189998626708984,5.0,7.0,03-03,-0.5341677665710464
02-18,2.1350021362304616,2.0800018310546804,0.42000579833985796,-0.9199981689453125,0.8000030517577841,-3.9799957275391478,-4.680000305175753,3.4900054931640767,4.0999984741210795,-3.2000045776367188,-0.4199981689453125,-5.389999389648434,6.0,6.0,03-04,-0.46374829610189483
02-19,0.7600021362304688,1.3600006103515625,1.4900054931640767,1.5199966430664062,-1.680007934570341,-0.029998779296988687,-3.6299972534179688,2.19000244140625,0.5999984741210795,-1.1900024414062358,-1.2700042724609517,-5.579998016357415,6.0,6.0,03-05,-0.45500024159750474
02-20,0.7500000000000071,1.9350013732910156,2.0100021362304688,1.5199966430664062,2.5099945068359375,-0.100006103515625,-3.0199966430664062,-0.5699996948242045,-0.4400024414062358,2.2299957275390767,-0.0800018310546875,-6.030000686645508,6.0,6.0,03-06,0.05958191553752042
02-21,0.9650001525878977,2.049999237060561,1.8700027465820312,0.7599945068359375,1.1100006103515625,3.25,1.3900070190429688,3.869995117187514,-2.2099990844726562,4.5199966430664205,0.9700012207031392,-4.550001144409176,10.0,2.0,03-07,1.1662497520446833
02-22,0.520000457763679,3.265003204345703,1.9700012207031108,-4.479995727539034,-0.2700042724609375,-2.290008544921875,2.6500015258789062,5.1399993896484375,-0.8099975585937358,1.4599990844726562,1.4100036621093892,-3.229999542236328,7.0,5.0,03-08,0.44458357493083095
02-23,0.9650001525878977,3.4550018310546875,1.6399993896484233,-3.0100021362304545,4.169998168945284,1.69000244140625,-0.9899978637695312,15.800003051757827,-3.8799972534179545,-0.7399978637695312,0.9100036621093892,-4.3899993896484375,7.0,5.0,03-09,1.3016678492228209
02-24,-1.4750022888183594,3.970001220703125,1.4400024414062642,-4.970001220703139,3.339996337890568,1.5,-1.5599975585937642,9.860000610351562,-4.830001831054673,-1.3199996948242188,1.1600036621093892,-6.039999008178711,6.0,6.0,03-10,0.08958355585733695
02-25,-0.375,3.9499969482421875,-0.900001525878892,-1.9700012207031392,3.580001831054659,4.610000610351534,-5.629997253417969,13.349998474121108,-6.330001831054673,-3.5999984741210795,0.650001525878892,-15.489999771118168,5.0,7.0,03-11,-0.679583390553795
02-26,-1.3049964904785156,4.114997863769531,-2.339996337890611,1.150001525878892,2.2700042724609943,5.1399993896484375,-1.9599990844726847,10.669998168945327,-5.080001831054673,-3.0400009155273438,4.459999084472656,-15.25999927520752,6.0,6.0,03-12,-0.09833280245462579
02-27,-2.3699989318847656,3.944995880126946,-5.819999694824219,3.1699981689452983,-2.4900054931640625,6.0,-2.619995117187514,10.759994506835966,-5.75,-1.4599990844726562,2.5699996948242188,-16.020000457763672,5.0,7.0,03-13,-0.8404175440470384
02-28,0.8000030517578125,3.9699974060058665,-5.180000305175781,2.5,-1.8399963378905966,5.6999969482421875,-1.599998474121108,9.939994812011719,-5.25,3.8300018310546875,4.2400054931640625,-15.909999847412111,7.0,5.0,03-14,0.10000038146972819
02-29,0.0,0.0,0.0,7.669998168945341,0.0,0.0,0.0,12.479995727539077,0.0,0.0,0.0,-16.709999084472663,2.0,1.0,03-15,0.2866662343343129
03-01,2.170001983642578,3.979999542236321,-1.6399993896484375,3.1200027465820312,-1.0700073242187216,8.440002441406335,-5.2099990844726705,3.790000915527358,-8.959999084472642,4.950004577636719,1.6800003051757812,-19.57999897003174,7.0,5.0,03-16,-0.6941659450530905
03-02,1.44000244140625,2.965003967285149,-4.279998779296889,3.1200027465820312,1.4100036621094034,8.16999816894537,-10.739997863769531,0.3999938964843608,-2.470001220703111,2.940002441406236,2.5300064086914205,-19.149999618530277,8.0,4.0,03-17,-1.1387486457824656
03-03,0.1999969482421804,2.095001220703125,-7.0,3.8800048828125,3.8800048828125,6.680007934570426,-10.119995117187514,-3.1899948120117188,-1.4300003051757955,-0.4799957275390767,2.1200027465820455,-19.020000457763672,6.0,6.0,03-18,-1.8654139836629167
03-04,0.8349990844726562,2.0999984741210795,-6.8600006103515625,2.9900054931640625,2.7799987792968466,8.400009155273466,-12.150001525878892,-4.459999084472642,0.339996337890625,-3.040000915527358,1.9500045776367188,-18.65999984741211,7.0,5.0,03-19,-2.147915840148926
03-05,1.7299995422363281,0.8849945068359375,-6.959999084472642,5.110000610351591,0.5500030517578409,12.530014038085938,-14.769996643066406,-8.139999389648452,-0.970001220703125,-1.6899948120117188,3.8300018310546875,-17.4399995803833,6.0,6.0,03-20,-2.111248095830277
03-06,1.2849998474121094,0.7699966430664062,-4.8499984741210795,8.340003967285142,1.5099945068359375,5.80999755859375,-11.129997253417969,-5.2800064086914205,-1.6800003051757812,-3.9899978637695455,5.859992980957017,-15.78999996185303,6.0,6.0,03-21,-1.5954178969065385
03-07,1.5450019836425781,0.01999664306640625,-5.919998168945298,5.99999237060544,3.169998168945341,6.0,-11.04000091552733,-4.810005187988281,-2.5,-3.5699996948242188,5.989997863769517,-5.47000026702881,6.0,6.0,03-22,-0.8820847670237213
03-08,2.1850013732910156,-0.69000244140625,-1.7399978637695312,2.089996337890625,2.92999267578125,5.449996948242216,-13.16000366210936,1.849998474121108,0.15000152587892046,2.9399948120117188,6.500000000000014,-4.130000114440918,8.0,4.0,03-23,0.36458150545756735
03-09,1.1800003051757884,-0.350006103515625,-1.6200027465820455,0.06999969482421875,2.7699890136718466,8.209991455078125,-9.870002746582017,-2.2099990844726847,-0.9599990844726562,2.379997253417983,4.340003967285156,-3.570000648498535,6.0,6.0,03-24,0.030830939610796193
03-10,2.114997863769524,-0.2649993896484375,2.720001220703125,1.5,1.169998168945284,6.149993896484403,-5.80999755859375,-1.3899993896484375,-0.29000091552732954,2.339996337890639,3.850006103515625,-3.260000228881836,7.0,5.0,03-25,0.7358330090840676
03-11,2.2399978637695312,-0.4550018310547017,2.0800018310546875,0.20999908447265625,2.8499908447265057,3.3600006103515625,-4.8600006103515625,-3.9300003051757955,0.48000335693359375,-1.470001220703125,-0.34999847412109375,-0.0200004577636701,6.0,6.0,03-26,0.011249224344882366
03-12,0.6499977111816406,-0.46500396728515625,1.5999984741210938,3.050003051757784,3.25,1.990005493164091,-0.13000488281247158,1.3199996948242045,0.0500030517578125,-1.94000244140625,-1.3800048828125,2.210000038146971,8.0,4.0,03-27,0.8504159450531016
03-13,1.3799972534179688,-0.04500579833984375,2.1899948120117188,2.720001220703068,3.010009765625,-0.6399993896484091,5.399993896484389,0.19000244140625,-0.1699981689453125,-0.8700027465820312,-1.1100006103515625,1.7800006866455078,7.0,5.0,03-28,1.152916113535562
03-14,2.2150001525878977,-1.5149993896484233,1.4799957275390483,2.910003662109375,0.5400085449219034,0.8499908447265341,3.4799957275390767,1.700004577636733,-0.1999969482421875,-2.8000030517577983,-1.1500015258789062,2.1100006103515607,8.0,4.0,03-29,0.8016665776570678
03-15,3.270000457763686,-2.485004425048828,2.9799957275390625,2.0399932861328125,1.6400146484375568,-4.790008544921875,6.029998779296875,2.6200027465820455,-0.2299957275390625,-0.23999786376951704,-0.9800033569335795,2.100000381469725,7.0,5.0,03-30,0.9962496757507417
03-16,2.230003356933601,-1.7450027465820312,6.5500030517578125,-0.08000183105471592,1.260009765625,-0.6100006103515909,5.9199981689453125,1.1299972534179688,3.590003967285142,-1.5900039672851562,-3.4500045776367188,1.5900001525878888,7.0,5.0,03-31,1.2329168319702093
03-17,0.6100006103515625,-1.149993896484375,4.150001525878906,-0.480010986328125,1.6900024414062216,1.9700012207030966,4.419998168945298,0.7400054931640625,4.300003051757798,0.06999969482421875,-1.6600036621093608,1.5200004577636719,9.0,3.0,04-01,1.3483336766560814
03-18,-0.029998779296875,-0.399993896484375,5.220001220703125,0.5699920654296591,0.8600006103515057,-3.2700042724609375,6.089996337890611,0.2700042724609233,5.540000915527315,-1.0999984741210938,-2.0100021362304688,2.289999961853029,7.0,5.0,04-02,1.1691664854685349
03-19,-0.29000091552734375,0.31000518798828125,2.1299972534179688,2.7200012207031534,-3.3899993896484375,3.3199920654296875,8.209999084472642,-0.0099945068359375,4.559997558593736,3.1500015258789062,-2.589996337890625,0.09999942779541016,8.0,4.0,04-03,1.5183335145314534
03-20,0.7150001525878835,-0.399993896484375,2.0099945068359375,4.170013427734432,-2.4799957275390625,0.5800018310546307,4.919998168945298,-1.92999267578125,6.009994506835923,1.1599960327148295,-3.5200042724609375,-0.46000003814697266,7.0,5.0,04-04,0.8979176680246947
03-21,-1.479999542236321,-0.17499542236329546,3.5499954223632812,6.539993286132784,-5.160003662109347,2.6399993896483522,4.589996337890611,-6.029998779296861,5.5699996948242045,-2.6100006103515767,-2.6200027465820312,-0.3100004196166992,5.0,7.0,04-05,0.37541524569192514
03-22,0.06000137329102273,0.9850006103515625,5.7700042724609375,7.829994201660128,-6.839996337890568,6.669998168945227,6.099998474121094,-7.439994812011719,4.479995727539048,1.470001220703125,1.5800018310546875,-0.15000057220458984,9.0,3.0,04-06,1.7095836798349964
03-23,0.69000244140625,1.6850051879882812,4.900001525878906,4.989990234375,-5.539993286132784,5.5200042724609375,12.400001525878892,-6.6200027465820455,5.029998779296875,1.94000244140625,2.200004577636733,0.09999942779541016,10.0,2.0,04-07,2.274584531784059
03-24,0.6899986267089844,2.3050003051757812,0.8300018310546875,2.489990234375,-5.75,6.4799957275390625,12.18000030517581,-6.020004272460952,5.25,1.19000244140625,2.720001220703139,-0.5999994277954102,9.0,3.0,04-08,1.813748915990196
03-25,0.4099998474121094,3.294998168945284,1.540000915527358,1.169998168945341,-4.0,0.5599975585937216,10.810005187988281,-4.650001525878906,4.6699981689453125,3.660003662109375,4.1500015258789205,0.17999935150146484,10.0,2.0,04-09,1.8162500858306885
03-26,-0.645000457763679,4.265003204345689,0.45999908447265625,1.4599914550781534,-5.460006713867216,5.57000732421875,8.529998779296875,-4.650001525878906,6.25,0.2400054931640625,3.2599945068359375,0.18999958038330078,9.0,3.0,04-10,1.622499227523802
03-27,0.39499664306640625,3.065002441406236,-1.4499969482421733,2.769989013671875,-4.3800048828125,2.6499938964844034,8.639999389648438,-8.769996643066406,5.769996643066406,0.5699996948242188,2.3000030517578125,0.6999998092651367,9.0,3.0,04-11,1.021665175755821
03-28,0.9899978637695312,3.220001220703125,-1.2900009155273438,2.8700103759765625,-0.2299957275390625,0.06999206542971592,10.459999084472656,-5.8899993896484375,4.900001525878892,9.099998474121094,1.3600006103515483,0.9399995803833008,9.0,3.0,04-12,2.208333730697632
03-29,1.8849983215332102,3.2750015258789062,-5.69000244140625,2.8899993896484943,3.5700073242187216,1.2299957275390625,14.050003051757812,-5.8700027465820455,2.2999954223632955,7.760002136230469,1.7099990844726562,1.5199995040893572,10.0,2.0,04-13,2.385833024978641
03-30,3.395000457763672,2.8349990844726562,-7.0800018310546875,0.739990234375,3.5700073242187216,-2.2400054931640625,14.339996337890625,-2.4300003051757812,3.279998779296875,9.60000610351564,1.7099990844726562,2.1599998474121094,9.0,3.0,04-14,2.4899991353352853
03-31,2.2249984741210938,2.4399948120117188,-7.1999969482421875,-0.6500091552734375,4.040008544921875,2.149993896484375,13.440002441406264,-0.19000244140625,1.8300018310546875,9.60000610351564,0.9899978637695312,1.510000228881836,9.0,3.0,04-15,2.515416304270429
04-01,0.6100006103515625,2.3250045776367188,-8.739997863769531,1.6100006103515625,2.080001831054716,0.7200012207032103,12.0,3.910003662109361,2.2699966430664062,10.690002441406264,1.9499969482421875,2.5,11.0,1.0,04-16,2.6604175567627046
04-02,-0.3600006103515625,1.3349990844726562,-10.19000244140625,0.08999633789056816,-9.260002136230469,5.690002441406335,10.639999389648438,6.169998168945327,1.7200012207031108,10.370002746582045,3.3800048828125,1.920000076293947,9.0,3.0,04-17,1.7920832633972203
04-03,-0.9900016784667898,1.3349990844726562,-11.35000610351561,-3.709991455078068,-1.930007934570341,6.839996337890625,8.31999969482419,6.6399993896484375,-0.5500030517578125,9.920005798339858,4.680000305175781,1.670000076293947,7.0,5.0,04-18,1.7395825386047392
04-04,-0.11999893188476562,1.8649978637695312,-9.810005187988281,-0.470001220703125,-5.129997253417983,5.8800048828125,8.31999969482419,6.909996032714858,2.700004577636733,10.25,4.160003662109375,1.2599992752075213,8.0,4.0,04-19,2.1512502829233795
04-05,0.11500167846679688,4.424995422363281,-9.620002746582031,0.3000030517578409,-6.879997253417983,11.699996948242188,6.360000610351548,7.819999694824247,1.220001220703125,12.360000610351548,2.7300033569335938,0.5,10.0,2.0,04-20,2.585833549499513
04-06,0.9950027465820241,2.5600051879882812,-4.400001525878906,0.9100036621094034,-6.6200027465820455,15.179992675781222,6.949996948242173,9.020004272460952,-4.720001220703125,15.77999877929686,2.2700042724609375,1.4399995803833008,9.0,3.0,04-21,3.2804168860117566
04-07,0.24000167846679688,4.694999694824233,-2.4900054931640767,0.9100036621094034,3.6399993896484375,18.399993896484375,6.559997558593736,14.959999084472642,-4.239997863769531,16.23000335693358,2.7700042724609375,1.510000228881836,10.0,2.0,04-22,5.265416622161864
04-08,-0.029998779296882105,4.150001525878906,-2.6500015258789062,-2.4199981689453125,6.6399993896484375,18.099990844726648,0.09000396728515625,12.080001831054673,-6.330001831054673,16.090003967285142,2.6300048828125,1.0500001907348615,8.0,4.0,04-23,4.116667191187546
04-09,-0.7800025939941406,4.095001220703125,0.37999725341796875,-1.6599884033203125,10.0,14.729995727539091,-4.230003356933594,12.700004577636719,-3.940002441406236,15.790000915527344,5.0800018310546875,1.3199996948242188,8.0,4.0,04-24,4.457083702087406
04-10,0.5799980163574219,3.8199996948242188,-0.7099990844726562,0.1199951171875,6.529998779296903,17.490005493164062,-4.519996643066406,18.790000915527358,-4.950004577636719,9.669998168945298,3.9199981689453125,1.1399993896484375,9.0,3.0,04-25,4.323332786560061
04-11,0.5799980163574219,6.739997863769531,-0.12999725341795454,-1.0999908447265625,6.3600006103515625,13.100006103515625,-3.9300003051757812,23.2200088500977,-4.779998779296875,2.219993591308608,3.029998779296875,1.1399993896484375,8.0,4.0,04-26,3.8708346684773822
04-12,1.7350006103515625,8.220001220703125,2.3600006103515625,-2.0300140380859943,8.320007324218722,10.680007934570227,7.3899993896484375,16.74999237060547,-2.8899993896484233,3.440002441406264,2.0699996948242188,3.089999198913574,10.0,2.0,04-27,4.927916447321562
04-13,2.8699989318847656,8.41000366210939,1.9099960327148295,-0.510009765625,17.920005798339844,-9.019989013671932,6.7600021362304545,18.25,-0.8899993896484375,3.760002136230483,1.1899948120117188,3.109999656677246,9.0,3.0,04-28,4.48000041643778
04-14,3.5349998474121094,5.654998779296875,1.6000061035156108,1.7099914550780682,15.400001525878906,-12.330001831054773,7.720001220703125,21.27999877929689,-3.19000244140625,3.75,-7.3000030517578125,3.520000457763672,9.0,3.0,04-29,3.4458325703938684
04-15,2.7649993896484446,5.375,0.06000518798828125,3.009994506835909,13.480003356933622,-18.5,2.9499969482422017,21.01000213623047,-3.19000244140625,7.5999984741210795,-5.900001525878906,5.360000610351557,9.0,3.0,04-30,2.8349997202555337
04-16,3.8800010681152273,2.81500244140625,-0.1199951171875,5.190002441406222,13.029998779296875,-22.149993896484347,8.43999481201169,20.41000366210936,-5.180000305175781,6.0699996948242045,-8.300003051757812,8.899998664855957,8.0,4.0,05-01,2.7487507661183623
04-17,3.0,4.224998474121094,-0.6599960327148295,4.2299957275390625,18.540000915527358,-27.020004272460938,7.849998474121065,18.210006713867173,-6.010002136230469,5.089996337890639,-10.580001831054688,7.959999084472656,8.0,4.0,05-02,2.0695826212565103
04-18,4.255001068115227,4.784996032714844,0.45000457763671875,4.800003051757784,4.9900054931640625,-28.830001831054773,8.489997863769503,20.10000610351561,-3.5800018310546875,-0.26000213623045454,-13.810001373291016,7.749999046325684,8.0,4.0,05-03,0.7616671721140419
04-19,3.615001678466797,4.379997253417969,-3.6800003051757812,11.419998168945312,1.9900054931640625,-28.830001831054773,10.349998474121094,15.559989929199176,0.720001220703125,-0.04000091552731533,-14.85000228881836,7.650000572204586,8.0,4.0,05-04,0.6904156208038245
04-20,5.084999084472656,3.7249984741210938,-4.4499969482421875,10.659988403320312,-2.8799896240234375,-28.47000122070321,11.549995422363281,9.58999633789064,-0.04000091552734375,0.26000213623048296,-14.85000228881836,5.550000190734863,7.0,5.0,05-05,-0.3558342456817674
04-21,6.099998474121094,1.5699996948242188,-5.599998474121108,10.539993286132812,-1.6299896240234375,-25.36000061035162,16.30998992919919,-0.30999755859375,0.9700012207031392,-0.9799957275390341,-15.520004272460938,6.510000228881836,6.0,6.0,05-06,-0.6166669527689663
04-22,4.125,-2.5849990844726562,-6.409996032714844,6.199996948242216,0.6100006103515625,-22.409988403320312,16.710006713867216,-4.740005493164091,0.8899993896484375,-2.7900009155273153,-14.35000228881836,4.1100006103515625,6.0,6.0,05-07,-1.7199989954630486
04-23,3.384998321533203,-4.06500244140625,-6.409996032714844,4.410003662109375,-0.9799957275390625,-22.529998779296875,4.150001525878906,-4.17999267578125,-1.1399993896484375,-1.3099975585937358,-14.369998931884773,1.6500005722045898,4.0,8.0,05-08,-3.4491647879282628
04-24,2.25,-4.084999084472656,-5.290000915527344,4.489990234375,1.0699920654296875,-1.3800048828125,4.779998779296889,-3.409996032714858,0.8600006103515625,3.880004882812486,-13.539997100830078,1.630000114440918,7.0,5.0,05-09,-0.7287509441375745
04-25,2.8199996948242188,-4.980003356933594,-5.0500030517578125,4.850006103515653,4.6399993896484375,1.930007934570341,3.75,-3.639991760253892,-3.160003662109375,3.3699951171874716,-5.5,1.0799999237060547,7.0,5.0,05-10,0.00916719436645863
04-26,2.220001220703125,-6.154998779296889,-1.9699935913085795,3.5,6.559997558593722,3.110000610351591,1.5100021362304688,-9.050003051757812,-6.8799972534179545,-1.19000244140625,-6.900001525878906,0.7800006866455114,6.0,6.0,05-11,-1.2054162025451645
04-27,3.3199996948242188,-2.7649993896484375,1.0499954223632812,1.3199920654296875,3.9600067138671875,-0.0500030517578125,4.6199951171875,-11.610000610351562,-4.4599990844726705,0.339996337890625,-6.209999084472656,3.440000534057617,7.0,5.0,05-12,-0.5870846112569185
04-28,2.545001983642571,-3.2900009155273438,-0.45999908447267046,0.3600006103515625,2.1200103759765625,-0.3999938964844034,1.4300003051757812,-9.03000640869142,-3.629997253417983,0.7200012207031108,-6.439998626708984,1.510000228881836,6.0,6.0,05-13,-1.2137484550476152
04-29,1.904998779296882,-3.3499984741210938,-1.5699996948242188,1.6100006103515625,4.3600006103515625,-22.30999755859375,-0.8899993896484091,-10.920005798339858,-4.699996948242202,0.23000335693357954,-7.569999694824219,-1.0,4.0,8.0,05-14,-3.6837495168050136
04-30,0.5099983215332031,-2.9449996948242188,0.82000732421875,1.1100006103515625,1.9300079345703125,-24.819992065429688,-2.199996948242159,-9.689994812011705,-5.209999084472656,1.0600051879882812,-8.479999542236328,-2.3199996948242116,5.0,7.0,05-15,-4.186246871948238
05-01,-0.9599990844726562,-3.9449996948242188,-0.1999969482421875,-1.970001220703125,4.739990234375,-25.589996337890625,-3.3999938964843466,-13.72999572753902,-8.699996948242202,1.3300018310547017,-4.119998931884773,-0.21999931335448863,2.0,10.0,05-16,-4.730415503183995
05-02,-2.5999984741210938,-5.4199981689453125,-0.3699951171875,-5.339996337890597,2.0099945068359375,-28.699996948242216,-1.9599914550780682,-15.439994812011705,-6.9900054931640625,2.25,-3.549999237060547,-1.2999992370605433,2.0,10.0,05-17,-5.617498397827142
05-03,-2.6800003051757812,-5.680000305175781,1.7899932861328125,1.1399993896484375,-0.2299957275390625,-29.540008544921903,-2.939987182617159,-10.819999694824219,-8.209999084472656,6.3199996948242045,-4.720001220703125,-0.8800010681152344,3.0,9.0,05-18,-4.704166730244956
05-04,-3.05999755859375,-2.8800048828125,4.5,2.9299926757812784,1.5099945068359375,-29.66999816894534,-3.5999908447265483,-6.400001525878906,-7.040000915527344,4.839996337890625,-4.38999938964843,-0.5200004577636719,4.0,8.0,05-19,-3.6483341852823874
05-05,-0.09999847412109375,-1.3799972534179688,4.8600006103515625,3.0,1.3699951171875,-32.0400085449219,-4.240005493164091,-10.769996643066392,-9.040000915527344,4.189994812011719,-4.3199996948242045,3.489999771118164,5.0,7.0,05-20,-3.7483347256978377
05-06,-0.779998779296875,-1.3149948120117188,4.620002746582031,1.199996948242159,3.1999969482421875,-31.550003051757812,-6.1300048828125,-10.540000915527358,-6.3600006103515625,6.750000000000028,-6.04999923706054,2.3600006103515625,5.0,7.0,05-21,-3.7162504196166997
05-07,1.18499755859375,-0.1399993896484233,2.2299957275390625,-1.5899963378906534,1.1200103759765625,-31.649993896484403,-3.7700042724609375,-6.9499969482421875,-4.970001220703125,5.229995727539077,-4.840000152587891,3.5499992370605433,5.0,7.0,05-22,-3.382916132609052
05-08,0.08499908447265625,-1.8199996948242188,2.589996337890625,1.430007934570341,0.160003662109375,-30.05999755859375,-6.879997253417969,-6.029998779296875,-2.0800018310546875,5.9700088500976705,-4.1100006103515625,0.8899993896484375,6.0,6.0,05-23,-3.32124837239583
05-09,1.05999755859375,-5.044998168945298,2.7599945068359375,-0.3499908447265625,0.0200042724609375,-29.71000671386716,-3.8600006103515625,-3.4000015258789062,0.8499984741210795,3.8600006103515625,-4.549999237060547,1.399999618530277,6.0,6.0,05-24,-3.0804168383280413
05-10,1.05999755859375,-5.035003662109375,0.6600036621093892,-0.6100006103515625,-2.2199859619140625,-7.6300048828125,-3.8600006103515625,-3.2099990844726562,-0.09000396728514204,4.25,-3.4199981689453125,1.399999618530277,4.0,8.0,05-25,-1.5587496757507298
05-11,-0.420001983642571,-6.239997863769531,3.1299972534179688,-0.1100006103515625,-1.8899993896484375,-7.6300048828125,-2.8300018310547017,-3.5499954223632812,0.37000274658201704,3.4199981689452983,-0.7299995422363281,1.25,4.0,8.0,05-26,-1.2691669464111357
05-12,-1.0699996948242188,-6.194999694824219,6.1999969482421875,1.339996337890625,-1.8899993896484375,-7.0200042724609375,-4.479995727539077,3.940002441406236,3.8600006103515625,3.9199981689452983,-0.7299995422363281,0.9300003051757848,6.0,6.0,05-27,-0.09958362579346029
05-13,1.8199996948242188,-3.44000244140625,6.3699951171875,1.339996337890625,-3.8899993896484375,-2.2899932861328125,-8.450004577636761,5.6500015258789205,2.2100067138671733,3.9199981689452983,-2.979999542236328,2.469999313354492,7.0,5.0,05-28,0.2274998029073032
05-14,2.890003204345703,-3.1800003051757812,6.069999694824219,0.14999389648434658,-2.769989013671875,-1.959991455078125,-6.9600067138671875,5.180000305175781,2.2100067138671733,2.900001525878892,-5.600002288818352,2.780000686645508,7.0,5.0,05-29,0.14250135421752516
05-15,3.270000457763672,-3.43499755859375,6.069999694824219,-1.330001831054716,-1.529998779296875,-3.910003662109375,-6.300003051757798,5.180000305175781,-4.7599945068359375,-1.7200012207031392,-6.86000061035157,2.4200000762939453,4.0,8.0,05-30,-1.0754167238871286
05-16,1.5250015258789062,-3.43499755859375,8.540000915527358,-1.050003051757841,-3.2299957275390625,-1.5399932861328125,-5.3300018310546875,3.8799972534179688,-2.5400009155273438,-3.4899978637695312,-6.9899978637695455,-0.10000038146972656,3.0,9.0,05-31,-1.1466657320658389
05-17,2.9099998474121094,-0.34499359130859375,7.1199951171875,-7.92999267578125,-5.05999755859375,-1.1999969482421875,-6.55999755859375,4.180000305175781,-3.6399993896484375,-2.610000610351591,-5.25999832153321,-0.620000839233402,3.0,9.0,06-01,-1.5845818519592318
05-18,4.060001373291023,-2.7950057983398438,5.550003051757798,-5.1399993896484375,-5.3300018310546875,0.94000244140625,-8.989997863769531,6.779998779296875,-3.540000915527358,-1.0899963378906392,-5.6899986267089915,-0.370000839233402,4.0,8.0,06-02,-1.3012496630350787
05-19,5.255001068115227,-5.2249984741210795,4.160003662109375,-9.850006103515653,-8.07000732421875,0.2400054931640625,-7.67999267578125,6.150001525878906,-6.4300003051757955,-3.6300048828125,-6.900001525878906,0.8400001525878906,5.0,7.0,06-03,-2.5949999491373728
05-20,3.5300025939941406,1.329994201660142,3.9900054931640625,-10.920005798339872,-8.95001220703125,-1.20001220703125,-5.4799957275390625,3.5200042724609375,-5.3700027465820455,-5.670005798339844,-6.930000305175781,1.2999992370605504,5.0,7.0,06-04,-2.5708357493082725
05-21,2.7350006103515554,1.3199996948242188,4.5400009155273295,-16.120010375976577,-9.630004882812528,0.1199951171875,-5.6599960327148295,2.3899993896484375,-3.5999984741210795,-4.9700088500976705,-5.819999694824212,1.8599987030029332,6.0,6.0,06-05,-2.7362519900004103
05-22,2.674999237060547,2.7999954223632812,4.8899993896484375,-13.79000854492186,-10.470001220703125,-0.1199951171875,-5.220001220703111,0.6999969482421875,-5.1200027465820455,-1.6100006103515625,-3.709999084472649,1.9099998474121058,5.0,7.0,06-06,-2.255418141682941
05-23,1.8199996948242188,5.709999084472656,4.860000610351548,-12.299995422363281,-8.790008544921875,-0.69000244140625,-1.799995422363267,1.1399993896484375,-2.9599990844726562,-1.7099990844726562,-2.8899993896484375,1.7899990081787074,5.0,7.0,06-07,-1.318333466847738
05-24,2.2050018310546804,3.3199996948242188,2.7099990844726562,-11.259994506835909,-9.430007934570312,-0.6100006103515625,-2.3499984741210795,9.539993286132827,-0.9800033569335795,-0.75,-1.2599983215332031,3.209999084472649,5.0,7.0,06-08,-0.47125085194905125
05-25,1.8199996948242188,1.8600006103515625,0.40000152587889204,-9.699996948242188,-9.19000244140625,-0.25,0.9200057983398438,8.210006713867188,1.3799972534179688,2.8700027465820312,0.10000228881836648,7.1000003814697195,9.0,3.0,06-09,0.4600014686584461
05-26,1.7050018310546804,1.0250015258789062,-1.5299987792968892,-12.1199951171875,-6.3800048828125,-0.790008544921875,-0.45999908447264204,10.460006713867159,-1.25,2.3800048828125,0.0,9.389999389648434,5.0,7.0,06-10,0.20250066121418944
05-27,1.0900001525878835,-1.0800018310547017,-2.25,-14.349990844726577,-3.220001220703125,-0.1300048828125,-0.6100006103515625,9.550003051757784,0.7099990844726562,5.680007934570341,0.02000045776367898,8.100000381469727,6.0,6.0,06-11,0.29250097274780035
05-28,-0.220001220703125,1.1050033569335795,-2.160003662109361,-15.20999145507814,-4.149993896484347,1.089996337890625,3.5499954223632812,10.550003051757784,2.6699981689453125,4.5800018310546875,0.5,6.770000457763675,8.0,4.0,06-12,0.7562506993611645
05-29,-1.3700027465820384,4.364997863769503,-0.4700012207031108,-17.949996948242173,-4.340011596679716,-1.089996337890625,5.9799957275390625,9.949996948242216,5.959999084472656,2.80999755859375,1.7399978637695455,6.520000457763675,7.0,5.0,06-13,1.0087480545043954
05-30,-2.3000030517578054,7.139999389648423,-1.8300018310546733,-8.790000915527344,-1.6000061035156534,-0.3899993896484375,7.799995422363281,5.25,5.779998779296875,-1.1200027465820312,0.75,6.94999885559082,6.0,6.0,06-14,1.4699982007344545
05-31,-1.5300025939941264,8.40499877929686,-1.650001525878892,-10.44000244140625,-0.7200012207031534,-0.29998779296875,6.4799957275390625,3.5500030517577983,6.099998474121108,0.339996337890625,0.779998779296875,2.259998321533203,7.0,5.0,06-15,1.1062494913736967
06-01,-2.4800033569335866,8.059997558593736,2.8799972534179688,-5.2399978637695455,-0.1300048828125,0.20001220703125,6.639999389648423,1.900001525878892,0.7799987792968608,-0.3600006103515483,-0.6100006103515696,4.079999923706055,7.0,5.0,06-16,1.3099999427795364
06-02,-2.645000457763672,6.935005187988281,1.519996643066392,-5.7399978637695455,3.410003662109432,0.2400054931640625,2.6699981689453125,3.2000045776367045,2.3000030517578267,-0.9000015258789062,0.5699996948242116,0.11000061035155895,9.0,3.0,06-17,0.9725014368693049
06-03,-1.6800003051757812,3.8499984741210938,1.5499954223632812,-5.360000610351577,3.6600036621094034,0.0,0.8300018310546875,2.7600021362304545,0.6500015258789062,-0.34999847412109375,-1.0399971008300852,0.14000129699706676,7.0,5.0,06-18,0.41750065485636306
06-04,-2.6350021362304616,6.239997863769531,3.279998779296875,-4.619995117187514,15.42999267578125,-0.4900054931640625,2.5400009155273438,-5.679992675781264,0.720001220703125,-1.9000015258789062,-0.7800025939941548,-3.2899990081787074,5.0,7.0,06-19,0.7345827420552545
06-05,-2.25,7.154998779296875,4.029998779296875,-7.1399993896484375,19.600006103515625,1.1899871826171875,-0.7300033569335795,-7.679992675781264,2.720001220703125,-0.01000213623046875,1.9199981689453125,-7.180000305175778,6.0,6.0,06-20,0.9687493642171227
06-06,-2.1350021362304616,8.470001220703125,3.059997558593764,-4.580001831054673,15.5,1.7299957275390625,0.6500015258789062,-5.5099945068359375,0.43000030517578125,0.10999298095703125,2.710002899169922,-9.469999313354492,8.0,4.0,06-21,0.9137495358785023
06-07,-2.1850013732910085,9.834999084472656,5.4000015258789205,-3.7300033569335795,12.339996337890625,1.0699920654296875,-2.6299972534179688,-8.250007629394531,2.9199981689452983,-3.420005798339872,2.690002441406243,-9.180000305175785,6.0,6.0,06-22,0.4049978256225571
06-08,-2.4650001525878835,10.150001525878906,8.989997863769531,-2.870002746582017,13.269989013671847,1.4900054931640625,-6.049995422363267,-8.350006103515582,-2.3899993896484375,-2.3199996948242188,2.210002899169922,-9.649999618530273,5.0,7.0,06-23,0.1679161389668824
06-09,-4.720001220703118,7.3949966430664205,5.9499969482421875,-0.12999725341798296,10.399993896484347,4.7400054931640625,-4.019996643066392,-7.250000000000014,-5.680000305175781,-0.5499954223632812,4.9300003051757955,-8.01000022888184,5.0,7.0,06-24,0.25458351771036697
06-10,-4.049999237060547,3.5949935913085938,7.30999755859375,-4.369995117187514,11.199996948242159,5.720001220703125,-4.739997863769531,-2.5500030517577983,-5.5,-4.67999267578125,5.560001373291023,-5.489999771118164,5.0,7.0,06-25,0.16708358128865383
06-11,-3.8400001525878906,2.3299942016601562,7.129997253417969,-4.599998474121108,13.270004272460966,3.55999755859375,-5.330001831054673,-0.8500061035155966,-7.479995727539077,-1.8899993896484233,1.8899993896484304,-2.689998626708988,5.0,7.0,06-26,0.12499936421712625
06-12,-2.8899993896484304,2.6749954223632812,6.870002746582031,-6.029998779296875,13.860000610351591,-0.25,-5.490005493164034,2.119995117187514,-8.299995422363281,-4.430000305175781,3.3500022888183594,-4.5100002288818395,5.0,7.0,06-27,-0.252083619435622
06-13,-2.3650016784667898,3.5250015258789062,4.620002746582031,-4.540000915527344,12.160003662109347,-0.2899932861328125,-3.840003967285142,-3.7000045776367045,-9.729995727539062,-1.8599929809570312,0.44000244140625,-1.889999389648441,4.0,8.0,06-28,-0.6224985122680661
06-14,-1.7700004577636719,3.1100006103515625,0.9700012207031392,-3.4699935913085795,11.910003662109375,0.20001220703125,-4.290000915527344,-7.2600021362304545,-6.220001220703125,-0.6699981689453125,2.049999237060547,-0.8700008392333984,5.0,7.0,06-29,-0.5258316993713343
06-15,-2.095001220703125,1.8499984741210938,4.010002136230469,-4.209999084472642,2.9600067138671875,1.7400054931640625,-6.650001525878906,-5.350006103515597,-5.529998779296875,0.8800048828125,0.3500022888183665,-1.5900001525878906,6.0,6.0,06-30,-1.1362489064534465
06-16,-0.16500091552734375,-0.6750030517578125,5.8499984741210795,-4.169998168945298,2.9600067138671875,6.4900054931640625,-5.25,0.3699951171875142,-7.529998779296875,-0.80999755859375,1.5400009155273509,-2.319999694824215,5.0,7.0,07-01,-0.3091659545898417
06-17,0.060001373291015625,-2.3300018310546875,6.81999969482419,-6.510002136230469,1.8800048828125,7.6699981689453125,-6.779998779296875,-1.8000030517578125,-7.1699981689453125,0.25,2.590000152587905,0.6399993896484375,7.0,5.0,07-02,-0.3900000254313163
06-18,0.1100006103515625,-3.6949996948242188,4.739997863769517,-2.6399993896484375,-2.3000030517578125,5.3400115966796875,-3.5,-1.1800003051757812,-6.6399993896484375,1.0,1.920001983642571,0.3500003814697301,6.0,6.0,07-03,-0.5412491162618016
06-19,0.3899993896484375,-4.4550018310546875,4.739997863769517,-5.0499954223632955,-1.0099945068359375,4.9199981689453125,-0.08000183105470171,-1.1800003051757812,-6.6399993896484375,0.94000244140625,1.2299995422363281,0.8199996948242188,6.0,6.0,07-04,-0.4479163487752314
06-20,2.270000457763672,-4.4550018310546875,6.150001525878906,-5.209999084472656,1.0399932861328125,1.6699981689453125,-2.470001220703139,1.2900009155273438,-3.1100006103515483,-12.379997253417969,-1.8799972534179759,-0.2600002288818324,5.0,7.0,07-05,-1.4454169273376467
06-21,0.9599990844726562,-4.4900054931640625,3.9900054931640767,2.3199996948242188,0.239990234375,1.5500030517578125,-7.010002136230483,1.5200042724609233,2.230003356933608,-7.75,-2.509998321533203,-0.22999954223632457,7.0,5.0,07-06,-0.7650000254313148
06-22,0.095001220703125,-2.8649978637695312,6.290000915527344,2.5500030517578125,0.1999969482421875,-3.4799957275390625,-6.520004272460966,-3.1100006103515767,1.2799987792968892,-10.539993286132827,-0.01999664306640625,0.6900005340576207,6.0,6.0,07-07,-1.2858322461446159
06-23,-1.2049980163574148,-0.1649932861328125,8.109992980957031,3.5,1.2700042724609375,0.0,-10.720001220703125,-7.869995117187514,2.0999984741210938,-7.5099945068359375,-0.009998321533203125,0.610000610351559,5.0,7.0,07-08,-0.9908320109049488
06-24,-2.3050003051757884,1.8050003051757812,10.359992980957031,1.8300018310546875,2.82000732421875,0.2899932861328125,-5.819999694824247,-2.0499954223632955,1.720001220703125,-6.8300018310546875,0.94000244140625,2.2399997711181676,8.0,4.0,07-09,0.4166668256123822
06-25,-2.325000762939453,2.220001220703125,10.509994506835923,-0.48999786376953125,4.3100128173828125,3.0399932861328125,-9.220001220703125,2.870002746582017,-0.5,-3.040000915527358,0.9899978637695312,1.6500015258789062,7.0,5.0,07-10,0.8345836003621384
06-26,-2.0,1.2750015258789062,10.08999633789061,1.6399993896484517,3.8300018310546875,2.25,-6.8600006103515625,4.1699981689453125,4.069999694824219,-2.57000732421875,1.279998779296875,2.3700008392333984,9.0,3.0,07-11,1.6287490526835124
06-27,-2.6199989318847656,1.154998779296875,10.059997558593736,-1.9599990844726705,3.3899993896484375,-2.5,-7.2700042724609375,4.879997253417983,5.169998168945298,-4.730003356933594,2.6100006103515625,2.6599998474121094,7.0,5.0,07-12,0.9037488301595028
06-28,-2.4499969482421804,1.7649993896484375,7.129997253417969,1.5500030517578125,4.470001220703125,-3.55999755859375,-5.5800018310546875,2.3100051879882812,5.6999969482421875,-9.08999633789061,1.5600013732910085,0.7199993133544922,8.0,4.0,07-13,0.377084255218507
06-29,-4.42499923706054,5.0850067138671875,4.060005187988281,-2.3199996948242188,4.8000030517578125,-4.970001220703125,-4.6300048828125,4.200004577636733,3.779998779296875,-9.83999633789061,0.9599990844726634,1.4099998474121094,7.0,5.0,07-14,-0.15749867757161104
06-30,-2.6650009155273438,6.31500244140625,3.94000244140625,-0.779998779296875,2.5800018310546875,-4.5999908447265625,-2.80999755859375,-2.25,2.3700027465820312,3.7099990844726705,2.1199989318847727,-0.1399993896484375,6.0,6.0,07-15,0.6491683324178078
07-01,-0.625,7.010002136230469,1.9700012207031108,-1.8400039672851562,2.6999969482421875,-3.910003662109375,3.5699996948242188,-3.3300018310546875,0.37999725341795454,4.079994201660142,1.4899978637695455,0.7399997711181641,8.0,4.0,07-16,1.0195816357930478
07-02,1.8449974060058665,7.154998779296875,1.0200042724609375,0.08999633789063921,2.4199981689453125,3.0800018310546875,-2.6100006103515625,0.8000030517578125,0.5499954223632812,5.9499969482421875,0.8699989318847656,0.11999893188476918,11.0,1.0,07-17,1.7741657892862976
07-03,2.3999977111816406,5.4799957275390625,0.8799972534179688,-3.5699996948242188,0.2299957275390625,0.350006103515625,-0.6200027465820455,2.8900070190429688,3.079994201660142,3.589996337890625,1.3100013732910227,-0.4700012207031179,9.0,3.0,07-18,1.295832316080728
07-05,2.5249977111816406,4.189994812011719,0.7000045776367188,0.46999359130860796,-0.040008544921875,2.260009765625,-1.0699996948242188,4.160003662109375,6.1699981689453125,1.0200042724609375,0.009998321533203125,-1.2000007629394496,9.0,3.0,07-20,1.599582990010581
07-06,2.239997863769524,6.1199951171875,0.11000061035154829,2.7899932861328267,-2.1200103759765625,1.05999755859375,-3.8899993896484375,3.9799957275390767,11.05999755859375,-2.769996643066392,0.7000007629394531,-1.560001373291012,8.0,4.0,07-21,1.4766642252604187
07-07,2.4950027465820384,4.379997253417969,-1.8899993896484375,1.8899993896484375,-3.600006103515625,1.910003662109375,-8.669998168945298,3.5200042724609517,6.489997863769531,-5.2299957275390625,0.5,-1.380001068115238,7.0,5.0,07-22,0.03458372751872011
07-08,2.375,4.0,-1.8600006103515625,-1.599998474121108,-0.3000030517578125,2.9900054931640625,-3.7299957275390625,2.8100051879882812,5.4300003051757955,-5.109992980957031,1.5900001525878906,0.28999900817871094,7.0,5.0,07-23,0.5737516085306803
07-09,0.9099998474120952,3.3899993896484375,-0.9599990844726562,-6.129997253417983,-4.010009765625,2.839996337890625,-8.819999694824205,3.8600006103515625,4.130004882812528,-7.529998779296861,3.3100013732910085,2.170000076293949,7.0,5.0,07-24,-0.5700001716613748
07-10,2.8850021362304545,2.7699966430664062,-6.029998779296875,-5.890007019042969,-4.7100067138671875,5.029998779296875,-9.769996643066392,-1.770004272460966,1.9500045776367188,-8.40999603271483,1.2999992370605469,1.4799995422363317,6.0,6.0,07-25,-1.7637507120768239
07-11,1.470001220703118,-1.3100051879882812,-5.360000610351548,-7.880004882812486,-4.410003662109375,4.6599884033203125,-11.22000122070311,-1.290000915527358,1.2700042724609233,-5.290000915527358,-0.09999847412110086,2.0799999237060582,4.0,8.0,07-26,-2.281668504079184
07-12,2.0900001525878906,-1.0800018310546875,-3.370002746582017,-4.6699981689453125,-4.529998779296875,4.2599945068359375,-2.7400054931640767,-10.230003356933608,-3.4300003051757812,-4.919998168945298,0.5300025939941264,3.4300003051757777,4.0,8.0,07-27,-2.0550009409586605
07-13,3.049999237060547,-2.160003662109375,-6.6300048828125,-6.599998474121108,-3.42999267578125,-12.649993896484375,-6.9300003051757955,-3.940002441406236,-5.0,-6.790000915527344,1.5400009155273366,3.559999465942383,3.0,9.0,07-28,-3.8316664695739764
07-14,2.3650016784667898,-3.0999984741210938,-8.3699951171875,-6.230003356933594,-2.9499969482421875,-15.639999389648438,-8.75,-7.730003356933594,-7.529998779296861,-4.930000305175781,-0.3300018310546804,2.2700004577636683,2.0,10.0,07-29,-5.077082951863606
07-15,-0.4349975585937571,-4.409996032714844,-9.669998168945312,-2.709999084472642,-3.0099945068359375,-17.770004272460938,4.660003662109389,-7.800003051757798,-8.10000610351561,-5.480003356933594,-0.3300018310546804,1.1599998474121094,2.0,10.0,07-30,-4.491250038146968
07-16,-1.6599998474121165,-2.7999954223632812,-8.19000244140625,-1.3100051879882812,-4.05999755859375,-15.20001220703125,5.400001525878906,-9.0,-8.430000305175781,-5.9199981689453125,-5.790000915527351,2.299999237060547,2.0,10.0,07-31,-4.55500094095866
07-17,-1.375,-4.7299957275390625,-8.590003967285156,-0.3600006103515625,-5.05999755859375,-15.3699951171875,8.220001220703125,-8.540000915527344,-5.200004577636719,-3.9500045776367045,-2.180000305175774,2.6599998474121094,2.0,10.0,08-01,-3.7062501907348615
07-18,-1.5100021362304759,-5.3899993896484375,-6.480003356933594,-4.8899993896484375,-2.0099945068359375,-16.220001220703125,10.010002136230469,-8.190002441406236,-5.970001220703125,-2.739997863769517,-3.0900001525878906,2.7399997711181676,2.0,10.0,08-02,-3.6449999809265115
07-19,-0.8600006103515696,-4.1699981689453125,-8.299995422363267,-0.55999755859375,-5.30999755859375,-16.740005493164062,9.090003967285156,-8.08999633789064,-8.549995422363267,-3.0699996948242188,-4.180000305175781,1.9200000762939524,2.0,10.0,08-03,-4.068331877390542
07-20,-0.24000167846680398,-3.8300018310546875,-6.879997253417969,3.970001220703125,-2.959991455078125,-19.310012817382812,7.309997558593736,-9.790000915527358,-7.5,-0.6499938964843892,-4.460002899169915,1.1100006103515625,3.0,9.0,08-04,-3.60250027974447
07-21,1.19000244140625,-3.3499984741210938,-1.7099990844726562,5.8800048828125,1.6800079345703125,-19.57000732421875,4.529998779296861,-4.75,-5.31999969482419,0.650001525878892,-8.280002593994134,0.4099998474121094,6.0,6.0,08-05,-2.3866659800211583
07-22,2.3899993896484446,0.1699981689453125,-2.379997253417983,4.450004577636719,1.6800079345703125,-16.789993286132812,9.119995117187472,-5.230003356933608,-5.930000305175753,0.579994201660142,-9.38999938964843,1.4799995422363246,7.0,5.0,08-06,-1.654166221618655
07-23,1.8100013732910156,-0.06000518798828125,-3.8899993896484375,8.490005493164077,1.2100067138671875,-17.669998168945312,1.170005798339858,-1.9000015258789205,-5.310005187988281,0.3899993896484233,-12.180000305175781,1.3199996948242223,6.0,6.0,08-07,-2.2183326085408526
07-24,0.8500022888183594,0.12999725341796875,-11.26999664306642,7.840003967285142,0.5099945068359375,-1.0900115966796875,5.360000610351577,-1.5699996948242188,-4.340003967285142,1.9700012207031108,-13.24000167846679,1.1900005340576172,7.0,5.0,08-08,-1.138334433237712
07-25,0.8050003051757884,1.5100021362304688,-7.569999694824219,8.75,0.290008544921875,1.899993896484375,5.340003967285156,-0.15000152587892046,-0.2299957275390625,1.4800033569335795,-11.879997253417976,1.5699996948242223,8.0,4.0,08-09,0.15125147501627398
07-26,0.22999954223633523,1.3300018310546875,-9.83999633789061,5.279998779296861,0.350006103515625,2.0699920654296875,9.680000305175781,2.0500030517577983,-0.3099975585937642,1.4200057983398295,-11.879997253417976,0.5,9.0,3.0,08-10,0.07333469390868785
07-27,1.0449981689453196,1.8600006103515625,-7.160003662109361,3.8800048828125,2.5200042724609375,2.5399932861328125,6.559997558593736,2.4599990844726562,-1.9300003051757955,1.8600006103515483,-6.869998931884766,0.14999961853028054,9.0,3.0,08-11,0.5762495994567859
07-28,3.204998016357422,2.4599990844726562,-5.930000305175781,2.2000045776367045,3.2700042724609375,2.410003662109375,4.680000305175781,-0.9799957275390625,-5.159996032714858,1.740005493164034,-7.270000457763672,1.9700012207031214,8.0,4.0,08-12,0.2162520090738882
07-29,4.280002593994141,1.8700027465820312,-8.040000915527344,3.7700042724609233,2.649993896484375,-2.7299957275390625,2.1899948120117188,-1.3299942016601705,-3.9799957275390767,0.37000274658201704,-8.200000762939453,1.4100017547607422,7.0,5.0,08-13,-0.6449987093607632
07-30,3.4199981689453196,0.6500015258789062,-7.19000244140625,3.130004882812486,-0.3600006103515625,-0.9499969482421875,5.5099945068359375,0.540000915527358,-6.430000305175781,1.9500045776367045,-11.069999694824226,2.319999694824215,7.0,5.0,08-14,-0.7066663106282567
07-31,2.799999237060554,-0.7699966430664062,-2.5,6.209999084472642,1.42999267578125,0.8700103759765625,7.290000915527358,2.159996032714858,-7.6100006103515625,-0.5800018310547017,-9.75,3.129999160766605,7.0,5.0,08-15,0.22333319981892993
08-01,0.9149971008300852,-1.3899993896484375,-0.910003662109375,3.75,-5.3899993896484375,1.1300048828125,8.979995727539077,0.29000091552735796,-8.950004577636733,0.43999481201171875,-8.180000305175781,1.7299995422363281,7.0,5.0,08-16,-0.6320845286051414
08-02,1.5349998474121023,-1.0499954223632812,4.1599960327148295,7.330001831054673,-5.3899993896484375,-2.25,6.059997558593764,3.2299957275390767,-10.72000122070314,-2.3899993896484233,-7.070003509521484,1.3100013732910156,6.0,6.0,08-17,-0.43708388010660865
08-03,0.9399986267089844,-1.4000015258789062,3.120002746582017,3.2900009155273153,-3.779998779296875,-4.6500091552734375,3.040000915527358,4.660003662109389,-11.52999877929686,-2.2000045776367045,-4.790000915527344,1.7900009155273438,6.0,6.0,08-18,-0.95916716257731
08-04,0.2550010681152344,1.6400070190429688,12.01999664306642,4.7600021362304545,-2.9300079345703125,-4.1100006103515625,1.8199996948242472,3.8199996948242188,-12.5,-3.6000061035155966,-5.939998626708984,0.35000038146972656,7.0,5.0,08-19,-0.3679172197977654
08-05,0.9449996948242116,-0.720001220703125,8.319999694824219,7.900001525878892,-2.1100006103515625,-4.0,1.4599990844726705,2.4000015258789205,-10.520004272460938,-3.190002441406236,-4.189998626708984,-1.3700008392333949,5.0,7.0,08-20,-0.42291720708211056
08-06,2.3149986267089844,-0.5400009155273438,12.559997558593736,10.279998779296875,-0.0699920654296875,0.480010986328125,-6.5,-2.1100006103515625,-11.25,-2.9800033569335795,-1.5,-0.0699996948242152,4.0,8.0,08-21,0.05125077565511097
08-07,1.5,-0.7900009155273438,7.019996643066392,4.7099990844726705,-0.4900054931640625,-0.30999755859375,-3.3799972534179545,-0.6299972534179545,-10.430000305175781,-0.9900054931640341,-2.0600013732910156,0.28000068664550426,4.0,8.0,08-22,-0.4641674359639441
08-08,0.5349998474121094,-1.2000045776367188,5.790000915527315,5.110000610351577,-2.8800048828125,-0.1800079345703125,-9.220001220703125,-2.260002136230483,-9.44000244140625,1.409996032714858,-1.5999984741210938,-0.7299995422363281,4.0,8.0,08-23,-1.2220853169759127
08-09,1.029998779296875,-1.0800018310546875,2.850006103515611,5.1199951171875,-2.2599945068359375,1.6399993896484375,-10.330001831054688,-2.279998779296875,-6.740005493164048,4.440002441406264,-0.6699981689453125,-1.1000003814697266,5.0,7.0,08-24,-0.781666596730549
08-10,1.8899993896484446,-1.7700042724609375,5.129997253417969,5.7599945068359375,0.470001220703125,4.9199981689453125,-11.709999084472642,2.5099945068359233,-3.9499969482421875,2.8600006103515767,-1.05999755859375,-2.1400012969970703,7.0,5.0,08-25,0.24249887466430842
08-11,1.80999755859375,-1.19000244140625,0.04000091552735796,5.569999694824219,1.4900054931640625,3.3000030517578125,-16.14999389648436,-0.1699981689453125,-2.7699966430664062,4.220001220703139,-2.05999755859375,-1.2400016784667969,6.0,6.0,08-26,-0.5958318710327113
08-12,1.5900001525878906,-0.5199966430664062,-1.549995422363267,3.1100006103515483,2.720001220703125,5.1199951171875,-16.62999725341797,1.6999969482421875,-1.5199966430664062,2.6200027465820312,-3.3999977111816406,-1.9399986267089844,6.0,6.0,08-27,-0.7249987920125326
08-13,0.5849990844726634,-0.8600006103515625,-5.619995117187472,4.0200042724609375,-0.970001220703125,5.899993896484375,-10.260002136230483,-0.37999725341798296,-2.9499969482421875,2.409996032714858,-3.2899971008300852,-2.3900012969970703,4.0,8.0,08-28,-1.1504165331522611
08-14,1.1800003051757812,-0.48999786376953125,-9.0,6.069999694824219,1.6999969482421875,9.6300048828125,-7.240005493164077,0.1399993896484375,-2.05999755859375,3.3600006103515625,-0.8999977111816406,-2.8700008392333984,6.0,6.0,08-29,-0.039999802907309125
08-15,1.9599990844726562,0.160003662109375,-5.779998779296861,3.6499938964844034,4.6800079345703125,9.089996337890625,-7.209999084472685,-1.6800003051758097,-1.8700027465820312,5.830001831054673,2.3899993896484375,-2.440000534057617,7.0,5.0,08-30,0.7316667238871233
08-16,2.0849990844726562,1.6999969482421875,-2.340003967285142,0.5199966430664205,3.8600006103515625,9.080001831054688,-2.6399993896484375,-2.8100051879882812,-1.80999755859375,5.4199981689453125,0.6399993896484375,-2.489999771118164,7.0,5.0,08-31,0.9345822334289574
08-17,2.424999237060547,-0.3800048828125,-2.2399978637695312,-1.8600006103515625,4.44000244140625,9.080001831054688,0.8000030517577983,-3.2299957275390625,-1.2600021362304688,5.209999084472656,-0.75,-2.190000534057617,5.0,7.0,09-01,0.8370836575825997
08-18,0.579998016357429,0.18000030517578125,5.5500030517578125,0.650001525878892,4.44000244140625,10.930007934570312,4.559997558593736,-7.3400039672851705,-2.0800018310546875,2.970001220703111,-0.75,-2.629999160766605,8.0,4.0,09-02,1.4216672579447385
08-19,-0.5550003051757741,2.57000732421875,6.779998779296889,0.650001525878892,2.0999908447265625,8.389999389648438,4.160003662109375,-5.709999084472642,-1.589996337890625,2.970001220703111,0.17000198364257812,-2.7100009918212926,8.0,4.0,09-03,1.4354173342386884
08-20,-1.43499755859375,2.4500045776367188,8.919998168945312,-0.8600006103515625,1.7299957275390625,9.0,8.889999389648438,-4.400001525878906,-1.589996337890625,2.5,0.5,-3.3099994659423864,7.0,5.0,09-04,1.8662501970926917
08-21,-2.2949981689453196,3.5300064086914062,8.919998168945312,0.43000030517575283,2.8800048828125,6.8800048828125,10.269996643066392,-4.400001525878906,-0.8799972534179688,0.45000457763670454,0.9399986267089844,-2.2699985504150426,8.0,4.0,09-05,2.0379182497660264
08-22,-2.1899986267089844,3.5300064086914062,8.439994812011719,-0.7299957275390625,3.720001220703125,8.5,16.90999603271483,-4.75,-0.220001220703125,-0.790000915527358,3.579998016357422,-3.0199985504150426,6.0,6.0,09-06,2.748333454132078
08-23,-2.1899986267089844,4.650001525878906,3.4000015258789062,2.5200042724609517,2.4900054931640625,6.2700042724609375,16.90999603271483,-5.669998168945298,0.04999542236329546,-3.0900039672851562,4.9199981689453125,-3.0199985504150426,8.0,4.0,09-07,2.2700006167093933
08-24,-1.0799980163574148,7.069999694824219,3.9199981689452983,1.6100006103515625,2.82000732421875,5.410003662109375,18.459999084472642,-4.7399978637695455,2.339996337890639,-2.879997253417983,4.599998474121101,-2.8999996185302734,8.0,4.0,09-08,2.885834217071531
08-25,0.36500167846678977,6.629997253417969,11.990005493164077,1.1800003051757812,5.8600006103515625,5.029998779296875,15.58999633789061,-6.75,1.4499969482422017,-4.6399993896484375,6.2399978637695455,-1.659999847412113,9.0,3.0,09-09,3.4404163360595716
08-26,1.7599983215332102,6.1699981689453125,8.770004272460938,1.2099990844726562,6.8699951171875,2.3000030517578125,11.430000305175795,-4.930000305175753,3.279998779296889,-7.7299957275390625,6.00999832153321,-2.680000305175785,9.0,3.0,09-10,2.7049999237060605
08-27,2.6899986267089844,4.6300048828125,6.2700042724609375,1.8699951171875,11.789993286132812,1.25,3.5,-4.639999389648423,3.30999755859375,-6.839996337890611,7.470001220703125,-2.8700008392333984,9.0,3.0,09-11,2.369166533152265
08-28,2.3499984741210938,4.230003356933594,5.599998474121108,1.370002746582017,9.409988403320312,0.149993896484375,0.05999755859376421,-2.349998474121108,3.4000015258789062,-8.479995727539077,6.040000915527344,-3.1700000762939453,9.0,3.0,09-12,1.5508325894673654
08-29,3.4650001525878906,4.040000915527344,3.6699981689452983,3.4199981689452983,12.910003662109375,-1.4600067138671875,-3.870002746582017,-5.139999389648423,3.3899993896484375,-6.279998779296875,6.619998931884766,-2.200000762939453,7.0,5.0,09-13,1.5470825831095378
08-30,3.8100013732910156,6.1399993896484375,2.089996337890625,5.400001525878892,13.44000244140625,-1.75,-2.4800033569335795,-3.94000244140625,5.3600006103515625,-4.0799942016601705,7.3600006103515625,-3.2399997711181676,7.0,5.0,09-14,2.3425002098083483
08-31,3.5800018310546875,8.129997253417969,1.1699981689453125,3.659996032714858,13.92999267578125,-0.6300048828125,-7.879997253417983,-3.529998779296875,6.5,-3.8199996948242045,6.8600006103515625,-3.3000011444091797,7.0,5.0,09-15,2.055832068125408
09-01,4.17499923706054,4.399993896484375,-1.1100006103515767,3.2399978637695312,13.220001220703125,-3.7700042724609375,-6.150001525878892,-2.910003662109375,5.090003967285156,-4.239997863769531,6.8899993896484375,-3.4899997711181605,6.0,6.0,09-16,1.2787489891052244
09-02,5.369998931884766,3.5699996948242188,0.8199996948242045,5.5200042724609375,13.229995727539062,-4.600006103515625,-9.010002136230469,-3.8000030517578125,4.4800033569335795,-5.5999984741210795,6.819999694824219,-2.0200004577636683,7.0,5.0,09-17,1.2316659291585277
09-03,5.004997253417962,1.8199996948242188,0.6999969482421733,7.7700042724609375,13.519989013671875,-6.6699981689453125,-7.810005187988281,-3.6700057983398295,5.800003051757798,-6.05999755859375,11.729999542236328,-1.2299995422363281,7.0,5.0,09-18,1.7420819600423159
09-04,3.9899978637695312,2.2099990844726562,-2.599998474121108,7.6300048828125,11.30999755859375,-8.69000244140625,-6.860000610351548,-2.9800033569335795,6.680000305175753,-7.209999084472642,8.279998779296875,-1.860000610351559,6.0,6.0,09-19,0.8249994913736982
09-05,2.979999542236321,2.6100006103515625,-3.470001220703125,5.909996032714872,8.970001220703125,-8.30999755859375,-6.150001525878906,-5.240005493164034,7.840003967285142,-3.2099990844726562,5.780002593994126,0.030000686645511365,7.0,5.0,09-20,0.6449999809265158
09-06,2.2900009155273366,2.7600021362304688,-3.7700042724609375,3.7099990844726562,7.9600067138671875,-5.6100006103515625,-6.4300003051757955,-4.690002441406236,7.520004272460923,2.5199966430664062,6.010002136230462,-0.4899997711181605,7.0,5.0,09-21,0.9816670417785623
09-07,2.2900009155273366,5.040000915527344,-9.300003051757812,3.0500030517578125,2.5500030517578125,-4.6699981689453125,-8.439994812011719,-3.9199981689453267,7.2900009155273295,1.6299972534179545,4.409999847412102,-1.029998779296875,7.0,5.0,09-22,-0.09166558583577948
09-08,3.1350021362304545,4.709999084472656,-11.540000915527358,3.8199996948242188,3.010009765625,-5.1100006103515625,-6.4499969482421875,-6.1299972534179545,7.199996948242173,3.6999969482422017,5.119998931884766,-1.8400001525878906,7.0,5.0,09-23,-0.03124936421712358
09-09,2.520000457763672,3.9599990844726562,-9.610000610351548,5.049995422363281,4.2100067138671875,-6.4799957275390625,-1.040000915527358,-3.339996337890639,7.339996337890611,3.3999938964844034,4.079998016357422,-1.4599990844726562,7.0,5.0,09-24,0.7191664377848307
09-10,0.9949989318847656,1.8600006103515625,-9.650001525878906,4.559997558593736,2.8600006103515625,-7.4199981689453125,-3.9499969482422017,-3.6100006103515625,5.549995422363281,4.229995727539077,2.9699974060058594,-1.1499996185302663,7.0,5.0,09-25,-0.22958421707153379
09-11,1.2249984741210938,0.29000091552734375,-13.089996337890625,2.0,2.3300018310546875,-8.17999267578125,1.4499969482422017,-2.660003662109361,6.470001220703139,3.4199981689453125,-0.09000015258789062,-1.0899982452392543,7.0,5.0,09-26,-0.6604161262512168
09-12,0.970001220703125,-0.34999847412109375,-12.919998168945312,-1.5800018310546875,3.8600006103515625,-5.0399932861328125,3.739997863769517,-5.709999084472642,6.209999084472656,4.649993896484361,-0.5699996948242188,-1.0499992370605433,5.0,7.0,09-27,-0.6491664250691741
09-13,0.01500320434571023,0.40000152587890625,-11.5,-5.910003662109375,3.850006103515625,-4.209991455078125,1.2799987792968608,-4.1399993896484375,3.0800018310547017,4.589996337890611,-0.5,-1.4400005340576172,6.0,6.0,09-28,-1.2070822715759284
09-14,-0.6349983215332031,1.3600006103515625,-7.579994201660142,-8.160003662109375,3.5600128173828125,-7.239990234375,-1.9500045776367188,-3.9899978637695312,1.0999984741210938,5.049995422363281,-5.409999847412109,-2.0500001907348633,4.0,8.0,09-29,-2.1620817979176827
09-15,-0.11999893188476562,3.2099990844726562,-8.800003051757798,-8.020004272460938,5.3300018310546875,-5.339996337890625,-5.129997253417969,-0.9499969482421733,0.2200012207031392,6.199996948242173,-6.279998779296875,-2.0900001525878906,4.0,8.0,09-30,-1.8141663869221982
09-16,-0.37999725341796164,3.8000030517578125,-7.930000305175781,-6.4900054931640625,4.75,-4.540008544921875,-11.239997863769531,1.3100051879882812,-0.94000244140625,7.430000305175753,-5.950000762939446,-3.050000190734865,4.0,8.0,10-01,-1.9358336925506603
09-17,0.5099983215332031,3.6500015258789062,-7.629997253417969,-8.760002136230469,5.0200042724609375,-3.5399932861328125,-8.939994812011719,0.760002136230483,0.18000030517578125,8.069999694824205,-3.3899993896484304,-3.219999313354492,6.0,6.0,10-02,-1.4408316612243646
09-18,0.5099983215332031,1.3700027465820312,-12.889999389648452,-8.680000305175824,6.4499969482421875,-8.25,-6.9300003051757955,2.9800033569335938,0.659996032714858,9.199996948242202,-5.200000762939446,-2.6800003051757777,6.0,6.0,10-03,-1.955000559488935
09-19,-0.33500289916991477,-0.3899993896484375,-15.689994812011719,-26.190002441406236,8.399993896484375,-7.80999755859375,-8.919998168945327,4.8300018310546875,0.11000061035154829,8.419998168945312,-6.380001068115234,-1.869998931884762,4.0,8.0,10-04,-3.8187500635782876
09-20,-1.9300003051757741,0.25,-18.98999786376953,-27.809997558593736,7.1999969482421875,-6.720001220703125,-9.700004577636719,5.3800048828125,-0.8499984741210795,10.830001831054673,-5.340000152587891,-2.8399991989135707,4.0,8.0,10-05,-4.209999640782672
09-21,-2.225002288818345,-1.4500045776367188,-13.189994812011719,-27.31999969482419,7.100006103515625,-6.4799957275390625,-4.55999755859375,4.220001220703125,-0.5399932861328267,10.0,-4.939998626708984,-2.24999904632568,3.0,9.0,10-06,-3.469581524531044
09-22,-1.625,-0.34999847412109375,-6.709999084472642,-26.81999969482419,5.420013427734375,-7.9499969482421875,-2.7299957275390625,4.060005187988281,-1.4599990844726847,8.610000610351562,-3.25,-1.800000190734865,3.0,9.0,10-07,-2.8837474981943756
09-23,0.17499923706053977,1.5699996948242188,-6.8799972534179545,-25.0,9.180007934570312,-8.089996337890625,6.339996337890625,7.1100006103515625,-2.9899978637695455,4.470001220703125,-4.75,-0.7000007629394567,6.0,6.0,10-08,-1.6304155985514333
09-24,1.354999542236321,0.8199996948242188,-9.629997253417955,-24.81999969482419,8.32000732421875,-5.9199981689453125,9.459999084472656,7.760002136230483,-3.0500030517578267,5.0800018310546875,-3.44000244140625,0.05000114440917969,7.0,5.0,10-09,-1.1679158210754366
09-25,2.0050010681152344,1.6100006103515625,-7.599998474121094,-21.87999725341797,7.1899871826171875,-3.470001220703125,12.690002441406236,8.849998474121094,-4.779998779296861,2.1700057983398438,-3.8199996948242188,0.6600008010864258,7.0,5.0,10-10,-0.5312499205271403
09-26,0.6800003051757812,-0.43000030517578125,-9.669998168945312,-19.8800048828125,2.8300018310546875,-5.3699951171875,15.110000610351562,9.229995727539062,-1.9400024414062642,4.3300018310546875,-3.490001678466797,0.20000076293945312,6.0,6.0,10-11,-0.7000001271565767
09-27,2.1399993896484375,0.43000030517578125,-3.470001220703139,-23.209999084472656,3.410003662109375,-5.2599945068359375,17.120002746582045,9.900001525878906,-1.0499954223632955,-3.410003662109361,-3.819999694824226,0.75,6.0,6.0,10-12,-0.5391654968261724
09-28,1.5999984741210938,-1.3199996948242188,0.6999969482421875,-20.94000244140625,3.489990234375,-9.159988403320284,17.93000030517578,6.1599960327148295,-1.6500015258789062,-4.0500030517578125,-4.569999694824226,0.30999946594238637,6.0,6.0,10-13,-0.9583344459533683
09-29,1.6399993896484304,-1.410003662109375,8.78000640869142,-20.08999633789061,5.0,-12.129989624023438,19.220001220703125,1.7899932861328125,-2.129997253417983,-5.279998779296889,-3.9799995422363352,-0.13000011444091442,5.0,7.0,10-14,-0.726665417353313
09-30,1.1100006103515696,1.470001220703125,11.580001831054688,-17.4199981689453,4.269989013671875,-11.850006103515625,16.409996032714858,-0.06000518798828125,-2.120002746582017,-8.759994506835966,-2.4799995422363352,0.010000228881835938,6.0,6.0,10-15,-0.6533347765604643
10-01,3.729999542236328,0.8300018310546875,15.720001220703125,-17.11000061035155,4.089996337890625,-8.369995117187472,21.06000518798828,0.10999298095703125,-3.850006103515611,-9.809997558593764,0.14999771118164062,1.5799999237060547,8.0,4.0,10-16,0.6774996121724483
10-02,4.025001525878899,2.6700057983398438,14.939994812011705,2.0,0.1699981689453125,-4.260009765624972,15.919998168945312,0.48999786376953125,-3.7000045776367188,-12.279998779296875,1.0699996948242188,0.9899997711181641,9.0,3.0,10-17,1.8362485567728684
10-03,2.9850006103515625,2.0300064086914062,19.87999725341797,1.990005493164034,2.839996337890625,-2.7900085449218466,12.040000915527344,-0.75,-3.519996643066392,-13.049995422363281,-1.5799980163574219,0.3999996185302752,7.0,5.0,10-18,1.7062506675720226
10-04,3.8149986267089844,2.5900039672851562,14.65999603271483,1.3300018310547017,-0.9199981689453125,-2.460006713867159,9.26999664306642,-0.4900054931640625,-1.8000030517577983,-10.159996032714844,-0.07999801635742188,0.30000019073486506,6.0,6.0,10-19,1.3379158178965298
10-05,3.1899986267089844,3.029998779296875,12.989997863769517,1.150001525878892,-0.69000244140625,-1.1399993896484375,5.699996948242173,0.11999511718747158,-4.9099960327148295,-10.769996643066406,0.17000198364257812,-0.6199998855590803,7.0,5.0,10-20,0.6849997043609574
10-06,3.2050018310546946,-2.3899993896484375,9.019996643066406,1.3199996948242188,14.249999999999972,-1.9400024414062216,-3.2899932861328267,2.1399993896484375,-3.1800003051757955,-10.819999694824205,-1.3499984741210938,-1.0,5.0,7.0,10-21,0.4970836639404291
10-07,3.0349998474121094,-1.4399948120117188,11.089996337890625,4.0800018310546875,21.389999389648466,-1.720001220703125,-2.089996337890625,1.7600021362304688,-4.739997863769531,-13.780006408691392,-3.029998779296875,-1.1800003051757812,5.0,7.0,10-22,1.1145836512247758
10-08,1.6800003051757812,-2.2999954223632812,3.7299957275390767,2.9599990844726562,20.840011596679688,2.959991455078125,-7.330001831054702,0.6699981689453125,-6.510002136230469,-15.47000122070311,-0.529998779296875,-2.2899999618530273,6.0,6.0,10-23,-0.13250025113423547
10-09,2.220001220703125,-2.6899948120117188,-2.180000305175753,2.4600067138671733,18.080001831054688,1.0199890136718466,-8.139999389648438,-8.620002746582017,-6.3300018310546875,-16.81999969482422,0.2700004577636719,-1.8499994277954137,5.0,7.0,10-24,-1.8816665808359785
10-10,1.6949996948242188,-6.819999694824219,-0.4900054931640341,3.2999954223632812,12.469985961914062,3.989990234375,-6.069999694824219,-8.23000335693358,-8.300003051757798,-14.260002136230469,1.1599998474121094,-1.3599996566772479,5.0,7.0,10-25,-1.909586826960241
10-11,3.529998779296875,-7.900001525878906,3.970001220703139,0.599998474121108,13.199996948242188,5.589996337890625,-6.3600006103515625,-9.209999084472656,-2.75,-16.319999694824205,-0.3400001525878906,-0.8400001525878924,5.0,7.0,10-26,-1.4025007883707648
10-12,3.7399978637695312,-9.269996643066406,-0.650001525878892,0.29000091552735796,11.25,-5.8800048828125,-3.940002441406236,-7.75,-0.6299972534179688,-15.269996643066406,-0.2999992370605469,-0.46999931335449396,3.0,9.0,10-27,-2.4066665967305467
10-13,3.3650016784667898,-10.709999084472656,2.8800048828125284,0.8600006103515625,15.07000732421875,-5.529998779296875,-3.4300003051757812,-9.700004577636705,-0.7799987792968608,-14.659996032714844,0.10000228881835938,-0.20000076293945135,5.0,7.0,10-28,-1.8945817947387653
10-14,0.9700012207031179,-10.370002746582031,-2.059997558593736,0.8600006103515625,13.32000732421875,-4.590011596679716,-9.069999694824205,-8.460006713867173,0.1999969482421733,-18.300003051757812,0.14000320434570312,-0.7100000381469727,5.0,7.0,10-29,-3.1725010077158617
10-15,-1.039997100830071,-10.930000305175781,0.2700042724609659,0.8600006103515625,15.350006103515597,-2.0,-2.059997558593764,-7.639999389648423,-0.9599990844726847,-19.589996337890625,0.6199989318847656,-1.7400007247924787,4.0,8.0,10-30,-2.4049983819325784
10-16,-0.414997100830071,-11.529998779296875,4.760002136230483,0.7799987792968892,16.720001220703125,-3.6200103759765625,1.510002136230483,-8.42999267578125,1.1100006103515625,-23.960006713867188,3.5699996948242188,-0.8200006484985334,6.0,6.0,10-31,-1.6937501430511432
10-17,-1.0499992370605398,-12.029998779296875,9.349998474121108,0.5400009155273438,-0.3700103759765625,-2.8200073242187784,2.9499969482422017,-10.64999389648439,3.4000015258789062,-21.43000030517578,2.029998779296875,-0.8100004196166974,5.0,7.0,11-01,-2.5741678078969326
10-18,-1.0499992370605398,-12.260002136230469,3.6500015258789205,-2.80999755859375,-7.510009765625057,-5.57000732421875,3.7999954223632955,-15.019996643066392,8.819999694824219,-18.529998779296875,3.7099990844726562,-0.6199998855590838,4.0,8.0,11-02,-3.6158346335093188
10-19,-2.3699989318847727,-8.19000244140625,6.680000305175781,-1.6899948120117188,-6.650009155273466,-3.5500030517578125,4.029998779296889,-16.400001525878892,11.610000610351562,-16.840003967285156,2.039997100830078,-0.3900003433227557,4.0,8.0,11-03,-2.6433347860972094
10-20,-2.115001678466797,-6.319999694824219,12.379997253417955,-1.1399993896484233,-8.910003662109375,-2.3000030517578125,4.549995422363281,-8.729995727539077,11.430000305175781,-16.230003356933594,1.9799995422363281,0.3599996566772461,5.0,7.0,11-04,-1.2537511984507255
10-21,-1.4550018310546875,-1.0199966430664062,10.690002441406236,-2.2900009155273153,-8.669998168945312,-11.709991455078125,12.949996948242173,-9.119995117187514,13.169998168945312,-14.650001525878906,4.520000457763672,0.6599998474121094,5.0,7.0,11-05,-0.5770823160807304
10-22,-3.1599998474121094,0.06000518798828125,6.580001831054673,-3.5500030517577983,-2.0800018310546875,-9.44000244140625,13.300003051757798,-8.129997253417969,13.449996948242202,-15.44000244140625,6.510002136230469,0.16000080108642756,6.0,6.0,11-06,-0.14499974250793443
10-23,-3.3699989318847656,0.529998779296875,9.440002441406236,-1.579994201660142,1.2800140380859375,5.010009765625,10.880004882812472,-7.279998779296875,14.449996948242202,-10.419998168945312,4.760002136230476,-0.21000003814697088,7.0,5.0,11-07,1.9575032393137608
10-24,-2.6650009155273438,2.80999755859375,8.020004272460923,-0.4700012207031392,-2.889999389648409,4.660003662109375,11.16000366210936,-7.870002746582031,11.459999084472656,-4.3000030517578125,2.700000762939446,0.07000064849853516,7.0,5.0,11-08,1.8904168605804426
10-25,-1.7250022888183594,2.649993896484375,10.959999084472642,-2.3600006103515625,-1.139999389648409,4.010009765625,7.900001525878906,-6.8699951171875,11.050003051757827,0.20000457763671875,2.6599998474121023,0.5700006484985352,8.0,4.0,11-09,2.325417915980023
10-26,-1.9200019836425781,3.279998779296875,8.84999847412108,-3.279998779296875,-1.6600036621093182,6.820007324218722,7.270004272460923,-6.149993896484403,11.369995117187514,1.4899978637695312,1.7300033569335866,0.14000034332275213,8.0,4.0,11-10,2.328333934148151
10-27,0.549999237060554,3.2699966430664062,-1.510002136230483,-2.69000244140625,-7.270004272460909,9.270004272460938,9.269996643066392,-0.7300033569335938,9.299995422363267,4.5200042724609375,2.1300010681152344,3.4300003051757812,8.0,4.0,11-11,2.461665471394856
10-28,1.3249969482421804,5.5500030517578125,-6.099998474121108,-6.5500030517578125,1.209991455078125,1.1199951171874432,3.25,1.4899978637695455,6.769996643066406,1.220001220703125,3.2900009155273438,4.090001106262205,10.0,2.0,11-12,1.3887485663096057
10-29,0.7549972534179616,5.780006408691406,-1.770004272460966,-6.140007019042969,-1.05999755859375,3.2700042724609375,1.7799987792968608,4.459999084472656,7.349998474121094,1.4600067138671875,1.4099998474121094,3.779999732971193,9.0,3.0,11-13,1.7562501430511432
10-30,2.0749969482421946,5.850006103515625,0.1100006103515625,-5.420005798339858,-1.759994506835909,1.0299987792969034,1.549995422363267,8.1199951171875,7.75,-2.3899993896484375,2.770000457763679,3.550000190734865,9.0,3.0,11-14,1.9362494945526159
10-31,1.7649993896484375,6.010002136230469,2.1599960327148295,-4.860000610351577,2.600006103515625,-0.22000122070309658,-0.8300018310547017,6.580001831054673,4.400001525878892,-4.769996643066406,1.9500007629394531,2.619999885559082,8.0,4.0,11-15,1.45041728019714
11-01,0.7000007629394531,5.0800018310546875,0.23000335693359375,-4.660003662109389,2.3600006103515625,5.089996337890653,-2.7099990844726562,7.2300033569335795,0.4199981689453125,-5.540000915527344,-0.5900001525878906,2.619999885559082,8.0,4.0,11-16,0.8525000413258871
11-02,0.6749992370605469,4.379997253417969,2.3300018310546875,-3.4000015258789062,1.1200103759765625,2.7899932861328125,-2.5100021362304545,11.169998168945312,-1.75,-4.75,-2.8400001525878906,2.619999885559082,7.0,5.0,11-17,0.8195830186208101
11-03,1.2750015258789062,2.2299957275390625,-0.279998779296875,-4.410003662109389,1.5599975585938353,4.67999267578125,-5.799995422363267,8.430000305175781,-2.75,-5.819999694824219,-2.8300018310546875,2.880000114440918,6.0,6.0,11-18,-0.06958429018655703
11-04,1.7150001525878906,0.6500015258789062,1.1399993896484375,-3.529998779296889,1.6200103759765625,7.3800048828125,-9.830001831054673,9.020004272460938,-5.830001831054673,-2.9000015258789062,-2.25,2.8599996566772443,7.0,5.0,11-19,0.003751357396444721
11-05,0.10000228881835938,0.8100051879882812,0.0,-1.7400054931640767,-0.6300048828125,3.2599945068359375,-5.550003051757827,8.709999084472656,-5.25,-0.6199951171875,-3.9000015258789134,2.3599996566772443,5.0,7.0,11-20,-0.20416744550069485
11-06,0.2950019836425781,0.5,-2.8800048828125,-1.6099929809570312,-2.100006103515568,0.8199920654297159,-4.920005798339844,8.330001831054688,-4.769996643066392,-0.29000091552734375,-2.2800025939941264,2.7899999618530273,5.0,7.0,11-21,-0.509584506352733
11-07,-0.8050003051757812,2.1299972534179688,-2.1800003051757812,0.7600021362304688,3.8800048828125,-1.6300048828125,-5.1500015258789205,8.400001525878892,-4.970001220703139,-1.1500015258789062,-2.8600006103515696,-0.5900001525878906,4.0,8.0,11-22,-0.3470837275187216
11-08,-1.8250007629394531,1.8499984741210938,-5.1999969482421875,3.8499984741210938,-4.599990844726534,-0.4199981689452841,-7.379997253417969,11.459999084472685,-4.129997253417969,-2.7599945068359375,-4.020000457763679,-0.5900001525878906,3.0,9.0,11-23,-1.1470816930135026
11-09,-2.3300018310546804,2.660003662109375,0.670005798339858,3.44000244140625,-4.69000244140625,0.9500122070312784,-7.930000305175781,6.830001831054702,-5.0,-3.0,-4.1300010681152415,-0.5900001525878906,5.0,7.0,11-24,-1.0933316548665317
11-10,-1.5199966430664134,0.8799972534179688,-0.8400039672851705,2.720001220703139,-1.57000732421875,4.250000000000028,-3.470001220703125,3.9300003051757812,-5.400001525878906,-0.43000030517578125,-2.7900009155273366,-0.12000083923339844,4.0,8.0,11-25,-0.363334496815997
11-11,-0.9499969482421946,0.18000030517578125,-2.8899993896484375,2.8700027465820455,-2.090011596679716,1.100006103515625,-2.8499984741210795,5.469993591308608,-4.300003051757798,0.029998779296875,-2.4399986267089915,0.0,5.0,7.0,11-26,-0.48916721343994024
11-12,0.22499847412109375,1.1100006103515625,-2.0500030517578125,4.209999084472685,-4.6300048828125,1.3200073242187216,2.75,3.089996337890625,-3.25,-3.7300033569335938,-0.34999847412110086,0.0,6.0,6.0,11-27,-0.1087506612141933
11-13,0.25,1.029998779296875,-2.709999084472642,2.309997558593764,-6.730010986328125,2.7100067138671875,2.5500030517577983,3.1999969482421733,-2.7300033569335795,0.20999908447265625,0.529998779296875,0.0,8.0,4.0,11-28,0.05166562398274858
11-14,-1.1150016784667969,2.8899993896484375,-2.5999984741210938,3.8000030517578125,-4.889999389648523,0.82000732421875,0.6699981689453125,3.309997558593736,0.3000030517578125,-1.8300018310546875,-0.9700012207031179,0.0,6.0,5.0,11-29,0.032083829243970165
11-15,-0.7900009155273438,2.6299972534179688,-2.209999084472642,3.9499969482421875,-4.95001220703125,1.69000244140625,1.3199996948242188,-0.9199981689453125,1.0100021362304545,-2.839996337890625,-1.5500030517578054,0.0,5.0,6.0,11-30,-0.22166760762532492
11-16,-1.4949989318847727,4.340003967285156,-1.459999084472642,2.160003662109375,-1.9600067138671875,-1.3800048828125,-2.5,-0.20999908447265625,-0.44000244140625,-5.120002746582031,0.36999893188477273,0.0,3.0,8.0,12-01,-0.6412506103515613
11-17,-1.9449996948242188,3.0199966430664062,7.210006713867173,0.9499969482421875,-4.320007324218665,-9.199996948242159,4.040000915527344,5.779998779296889,-0.920005798339858,-6.029998779296875,0.1399993896484375,0.0,6.0,5.0,12-02,-0.10625076293944484
11-18,-0.095001220703125,2.5999984741210938,6.5100021362304545,0.2299957275390625,-5.19000244140625,-11.979995727539062,2.5900039672851705,5.709999084472685,-0.7000045776367188,-4.5,-0.8600006103515625,0.0,5.0,6.0,12-03,-0.4737504323323544
11-19,1.7649993896484375,2.8799972534179688,8.889999389648423,1.4499969482421875,0.5200042724608522,-15.979995727539062,3.089996337890611,3.5,0.45999908447265625,-4.279998779296875,-0.7299995422363352,0.0,8.0,3.0,12-04,0.13041655222573864
11-20,2.2700004577636648,2.3799972534179688,10.109992980957031,1.5800018310546875,2.489990234375,-15.120002746582017,3.6399993896484233,7.8799972534179545,4.75,0.6299972534179688,-1.2700004577636648,0.0,9.0,2.0,12-05,1.6116644541422513
11-21,1.8649978637695384,3.1999969482421875,9.939994812011719,4.470001220703125,-0.6199951171875,-18.419990539550767,0.959999084472642,6.0999984741210795,4.5,2.0799942016601562,-1.0099983215332102,0.0,8.0,3.0,12-06,1.088749885559081
11-22,0.6999969482421946,4.379997253417969,11.139999389648438,4.190002441406236,-0.09999084472653408,-17.120002746582017,1.0699996948242188,6.970001220703111,1.3199996948242472,0.3600006103515625,-1.3600006103515554,0.0,8.0,3.0,12-07,0.9625002543131558
11-23,1.0349998474121236,6.0200042724609375,10.21999359130858,4.190002441406236,5.290008544921875,-15.910003662109375,-0.9700012207031108,7.700004577636733,-2.9199981689453125,0.3600006103515625,-1.75,0.0,7.0,4.0,12-08,1.1054175694783541
11-24,0.10000228881835938,4.290000915527344,9.389999389648452,5.529998779296875,5.0,-22.8800048828125,-9.430000305175781,5.990005493164077,-2.9199981689453125,-1.1399993896484375,-2.3100013732910156,0.0,6.0,5.0,12-09,-0.698333104451495
11-25,-0.2649993896484375,3.8100051879882812,9.389999389648452,3.940002441406236,4.839996337890625,-26.860000610351562,-10.720001220703125,5.990005493164077,-2.9899978637695312,-4.480003356933594,-0.3400001525878906,0.0,5.0,6.0,12-10,-1.4737494786580392
11-26,1.2449989318847727,3.8100051879882812,7.1100006103515625,5.8899993896484375,2.350006103515625,-20.77999114990233,-1.5800018310546875,7.900001525878906,-2.3499984741210938,-5.680000305175781,-0.3899993896484446,0.0,6.0,5.0,12-11,-0.20624828338622928
11-27,1.2449989318847727,3.0800018310546875,4.529998779296861,5.6699981689453125,4.400009155273352,-18.790000915527372,-1.5800018310546875,13.699996948242188,-0.6399993896484375,-6.349998474121094,-1.5099983215332031,0.0,6.0,5.0,12-12,0.31291707356769827
11-28,1.125,2.5199966430664062,7.959999084472642,4.1100006103515625,4.4900054931640625,-18.790000915527372,-4.150001525878906,13.009994506835938,1.2799987792968608,-11.669998168945312,0.20000076293945312,0.0,8.0,3.0,12-13,0.007082939147944482
11-29,1.4949989318847727,2.7099990844726562,4.199996948242173,4.75,4.4900054931640625,-14.870002746582031,-3.5600051879882812,14.659996032714858,2.3800048828125,-11.889999389648438,0.20000076293945312,0.0,8.0,3.0,12-14,0.3804162343343105
11-30,1.1949996948242188,3.4300003051757812,-3.150001525878892,3.529998779296875,0.600006103515625,-12.1300048828125,-6.010002136230469,10.459999084472642,0.5999984741210938,-12.110000610351562,0.1100006103515625,0.0,7.0,4.0,12-15,-1.1229171752929688
12-01,0.345001220703125,2.470001220703125,-6.589996337890625,4.1699981689453125,1.80999755859375,-12.390007019042969,-1.69000244140625,2.6999969482421875,-3.69000244140625,-14.019996643066406,1.6399993896484446,0.0,6.0,5.0,12-16,-2.103750864664713
12-02,0.20999908447265625,1.2900009155273438,-6.4199981689453125,3.5499954223632812,3.6100006103515625,-8.319999694824219,3.349998474121108,4.4799957275390625,-3.1500015258789062,-15.229995727539062,0.9000015258789062,0.0,7.0,4.0,12-17,-1.3108336130777982
12-03,2.3850021362304688,0.1100006103515625,-7.989997863769531,3.0999984741210938,3.110000610351534,-8.680000305175795,2.4599990844726705,2.849998474121108,-4.6399993896484375,-18.659996032714844,2.1800003051757812,0.0,7.0,4.0,12-18,-1.981249491373699
12-04,2.0499992370605398,-0.9900054931640625,-7.729995727539077,-1.5500030517578125,3.6599884033203125,-5.160003662109361,4.5,3.8300018310547017,-6.410003662109375,-12.779998779296875,-0.3300018310546946,0.0,4.0,7.0,12-19,-1.7425018946329753
12-05,2.875,0.2799987792968608,-3.869995117187514,-0.220001220703125,6.400009155273466,1.8099975585937642,9.239997863769545,4.300003051757827,-3.319999694824247,-11.959999084472656,1.5600013732910156,0.0,7.0,4.0,12-20,0.591251055399578
12-06,2.8299980163574148,1.6099929809570312,-3.80999755859375,3.4899978637695455,6.560012817382841,6.699996948242202,2.3499984741210938,3.1699981689453125,1.4700012207031392,-14.749996185302734,-0.4099998474121094,0.0,8.0,3.0,12-21,0.7675002415974989
12-07,3.6199989318847656,1.5199966430664205,0.32999420166015625,1.5400009155273438,6.770004272460966,6.330001831054673,-0.839996337890625,4.009994506835923,4.299995422363281,-13.549999237060547,1.1300010681152344,0.0,9.0,2.0,12-22,1.2633326848347994
12-08,3.7750015258789134,2.069999694824233,3.2699966430664205,1.220001220703125,4.639999389648466,9.40000152587892,-0.29000091552734375,-0.8199996948242188,2.589996337890625,-11.64999771118164,1.6199989318847656,0.0,8.0,3.0,12-23,1.3187497456868555
12-09,3.200000762939453,2.630004882812514,-0.1600036621093608,2.190002441406264,3.649993896484375,5.430000305175753,-4.650001525878906,-0.12999725341796875,1.849998474121108,-14.349998474121094,1.8800010681152344,0.0,7.0,4.0,12-24,0.12833340962728101
12-10,2.8300018310546804,2.440002441406264,2.599998474121108,2.190002441406264,3.959991455078125,11.260002136230455,-5.239997863769531,-0.599998474121108,1.849998474121108,-14.349998474121094,3.229999542236328,0.0,8.0,3.0,12-25,0.84750016530355
12-11,3.1300010681152344,2.3400039672851705,2.599998474121108,2.1800003051757812,1.6599884033203125,11.139999389648438,-2.7900009155273438,-0.599998474121108,6.099998474121108,-10.85000228881836,3.0600013732910227,0.0,8.0,3.0,12-26,1.497499148050947
12-12,2.8050003051757812,2.0699996948242188,2.9000015258789062,2.8799972534179688,2.0,11.400001525878906,-6.680000305175781,-1.540000915527358,4.9099960327148295,-13.830001831054688,1.6599998474120952,0.0,8.0,3.0,12-27,0.71458276112874
12-13,3.4449996948242188,1.2399978637695312,5.110000610351577,2.660003662109375,0.1999969482421875,10.959999084472656,-2.839996337890639,-2.779998779296889,7.230003356933594,-8.870002746582031,2.3999977111816335,0.0,8.0,3.0,12-28,1.5629167556762678
12-14,3.6399993896484375,-0.279998779296875,6.989997863769531,3.1100006103515625,-1.639999389648409,9.610000610351562,-4.05999755859375,1.6100006103515767,9.209999084472656,-5.44000244140625,1.8400001525878835,0.0,7.0,4.0,12-29,2.0491666793823273
12-15,3.1949996948242188,0.18000030517578125,3.399993896484389,4.720001220703125,0.33000183105463066,10.0,-10.39999389648439,-1.029998779296875,10.980003356933594,-5.840003967285156,1.8600006103515625,0.0,8.0,3.0,12-30,1.44958368937174
12-16,2.979999542236328,0.0,-0.4600067138671733,5.69000244140625,-0.6499938964843466,9.239997863769531,-9.689994812011719,-1.5,10.01999664306642,-7.230003356933587,1.5699996948242188,0.0,5.0,6.0,12-31,0.8308331171671602
12-17,3.0250015258789134,-1.3299942016601705,1.05999755859375,5.69000244140625,-1.209991455078125,4.5100021362304545,-2.799995422363267,-1.2099990844726562,10.01999664306642,-7.230003356933587,2.4799995422363352,0.0,6.0,5.0,01-01,1.08375136057536
12-18,2.2350006103515625,-1.3699951171875284,1.05999755859375,1.8000030517578125,-3.9400024414062784,1.25,0.3899993896484517,-1.2099990844726562,9.5,-5.009998321533203,1.6899986267089844,0.0,7.0,4.0,01-02,0.5329170227050746
12-19,2.1199989318847585,-1.9300003051757955,1.9100036621093608,0.7699966430664205,-1.4100036621094034,-1.8199996948242472,0.48000335693360796,-0.8300018310546875,9.430000305175753,-1.7900009155273438,-8.59000015258789,0.0,5.0,6.0,01-03,-0.13833363850912228
12-20,2.0900001525878906,-2.5099945068359517,-2.75,2.709999084472642,-0.4199981689453125,-0.8600006103515625,-1.3199996948242188,0.8000030517578267,8.400001525878892,1.1599998474121094,-8.85000228881836,0.0,5.0,6.0,01-04,-0.12916596730550367
12-21,1.8400001525878906,-1.9400024414062642,-1.4700012207031392,3.25,2.660003662109375,-0.9600067138671733,0.34999847412107954,1.5,5.25,1.0699996948242188,-9.39000320434571,0.0,7.0,4.0,01-05,0.1799990336100231
12-22,3.6399993896484375,-2.1800003051757812,-4.730003356933608,2.6300048828125,-0.029998779296789735,-1.990005493164034,-2.0800018310546875,4.560005187988281,6.2099990844726705,2.740001678466797,-8.650001525878913,0.0,5.0,6.0,01-06,0.009999910990406017
12-23,3.950000762939453,-0.6999969482421875,-5.380004882812528,1.4900054931640625,-1.6599884033203125,-10.779998779296875,-6.800003051757798,4.389999389648452,4.5099945068359375,3.2300033569335866,-6.970001220703132,0.0,5.0,6.0,01-07,-1.226665814717612
12-24,4.2050018310546875,0.5699996948242188,-5.040000915527358,2.2700042724609375,-5.970001220703125,-8.319999694824219,-10.270004272460923,3.380004882812486,6.689994812011719,5.780002593994141,-6.25,0.0,6.0,5.0,01-08,-1.0795831680297863
12-26,3.9450035095214844,-1.220001220703125,-7.869995117187514,1.9000015258789062,-7.58999633789054,-9.229995727539062,-7.240005493164034,4.740005493164034,9.949996948242188,6.169998168945298,-7.009998321533203,0.0,5.0,6.0,01-10,-1.1212488810221306
12-27,3.9950027465820312,-1.720001220703125,-6.099998474121094,0.3899993896484375,-6.6100006103515625,-10.339996337890625,-9.260002136230455,3.7300033569335795,8.690002441406264,8.910003662109368,-6.719997406005859,0.0,5.0,6.0,01-11,-1.2529153823852532
12-28,4.085002899169915,-2.3799972534179688,-2.05999755859375,1.8899993896484375,-6.3300018310546875,-8.379997253417983,-11.75,2.6399993896484375,7.75,9.210002899169922,-7.259998321533203,0.0,5.0,6.0,01-12,-1.04874897003174
12-29,3.2150001525878906,-1.1600036621093608,-3.0,0.8000030517577983,-5.970001220703125,-11.959999084472656,-15.15000152587892,3.3499984741210938,6.75,8.78000259399414,-7.450000762939453,0.0,5.0,6.0,01-13,-1.8162501653035494
12-30,1.75,-0.1399993896484375,-1.759994506835966,1.2700042724609233,-2.25,-16.52999877929686,-10.650001525878906,2.4799957275390625,4.310005187988281,10.25000381469728,-7.229999542236328,0.0,5.0,6.0,01-14,-1.5416653951009127
12-31,2.029998779296868,0.43999481201171875,-3.399993896484389,1.1399993896484375,-3.739990234375,-18.12999725341797,-14.079994201660142,0.80999755859375,4.310005187988281,9.25000381469728,2.5700035095214844,0.0,7.0,4.0,01-15,-1.5666643778483067
