,2009,2010,2011,2012,2013,2014,2015,2016,2017,2018,2019,2020,ups,downs,avg
01-02,23.076921509411047,-9.999995761447483,11.764706982323315,-20.00000565140338,14.285760780186763,7.3684580374030295,0.0,-9.565217579094684,-4.500007978330246,8.92532161446434,-9.47368802869101,-3.3898338209309453,5.0,7.0,0.7077016753242286
01-03,15.384614339607364,-9.999995761447483,11.764706982323315,-28.571430733955346,21.428644954713953,7.3684580374030295,0.0,-9.565217579094684,15.04064301945187,8.92532161446434,-9.47368802869101,-3.3898338209309453,6.0,6.0,1.576018585320367
01-04,15.384614339607364,-9.999995761447483,5.714283292255704,-28.571430733955346,21.428644954713953,7.3684580374030295,0.0,33.68421210861821,30.333332339922624,10.595024079805796,-9.47368802869101,-3.3898338209309453,7.0,5.0,6.089468400608491
01-05,15.384614339607364,15.384617265629833,-19.354837607036284,-28.571430733955346,7.142884174527188,7.3684580374030295,0.0,33.68421210861821,30.333332339922624,10.595024079805796,-9.47368802869101,-3.3898338209309453,7.0,5.0,4.925279346241704
01-06,42.30768943392025,11.538456835925372,0.0,-14.285707798134128,7.142884174527188,7.3684580374030295,0.0,33.68421210861821,30.333332339922624,10.595024079805796,-9.47368802869101,-3.3898338209309453,7.0,5.0,9.65173561353053
01-07,42.30768943392025,23.076921822913423,-6.06060333610038,-28.571430733955346,-18.181894370986605,7.3684580374030295,0.0,33.68421210861821,30.333332339922624,-23.99999874516537,-9.47368802869101,-8.958842231472977,5.0,7.0,3.460346358033822
01-08,42.30768943392025,23.076921822913423,0.0,-28.571430733955346,-18.181894370986605,-2.1047898430898915,0.0,39.47368575843087,30.333332339922624,-23.99999874516537,-8.94737311636327,-8.958842231472977,4.0,8.0,3.7022750261794766
01-09,42.30768943392025,23.076921822913423,5.714283292255704,-16.12903931496791,-44.444655064906684,-2.1047898430898915,0.0,39.47368575843087,17.3913034942338,-32.359545256751204,-8.94737311636327,-3.928571286022047,5.0,7.0,1.6708258266377536
01-10,42.30768943392025,23.076921822913423,-3.1250053809750185,0.0,-20.00009112928469,-2.1047898430898915,0.0,39.47368575843087,-7.179494167978359,-62.707170380774066,0.0,-3.928571286022047,3.0,9.0,0.48443123559504003
01-11,42.30768943392025,23.076921822913423,3.030308090099294,0.0,-40.00018225856938,-2.1047898430898915,0.0,39.47368575843087,-2.5641014211250086,-47.249999953433885,0.0,37.50000166307598,5.0,7.0,4.4557944410184716
01-12,16.66666503142267,-62.5000016556846,-13.333334746184185,11.764706982323315,-61.2002765243969,-2.1047898430898915,0.0,39.47368575843087,-2.5641014211250086,-64.70000515952718,0.0,37.50000166307598,4.0,8.0,-8.416454159562912
01-13,-18.181816722261544,0.0,-9.677422221705722,17.64705735690228,-21.021095222408206,-2.1047898430898915,0.0,39.47368575843087,-26.153843410700063,-64.70000515952718,0.0,37.50000166307598,3.0,9.0,-3.934852316773623
01-14,-18.181816722261544,-29.999997880723722,-12.903227350149235,17.64705735690228,-59.60422447053008,0.00046707732292096654,0.0,0.0,-53.846161683714044,-64.70000515952718,0.0,37.50000166307598,3.0,9.0,-15.340658930800382
01-15,-18.181816722261544,20.000002119276257,0.0,6.666663840965002,-51.844066492266094,85.75006624062857,0.0,0.0,-53.846161683714044,-64.70000515952718,0.0,11.500004057905379,4.0,8.0,-5.387942816582805
01-16,18.18181672226156,0.0,-3.333331920482481,0.0,-51.844066492266094,85.75006624062857,0.0,0.0,-53.846161683714044,-40.170218823559644,0.0,11.500004057905379,3.0,9.0,-2.8134909916022295
01-17,18.18181672226156,16.666668138386264,-10.714280848600561,0.0,-19.30594059883862,85.75006624062857,0.0,0.0,-53.846161683714044,-76.38554870585307,0.0,11.500004057905379,4.0,8.0,-2.346114723152043
01-18,-12.499998620262886,16.666668138386264,-10.714280848600561,0.0,-19.30594059883862,85.74999968210855,0.0,0.0,-53.846161683714044,-30.136986580993835,0.0,11.500004057905379,3.0,9.0,-1.048891371167479
01-19,-12.499998620262886,0.0,-17.857142316511172,0.0,2.3861280062778687,85.74999968210855,0.0,0.0,-11.111115199221167,-30.136986580993835,0.0,-0.7317091269009581,2.0,10.0,1.316597987041367
01-20,-28.57143307669274,0.0,-24.999996215578225,-10.714280848600575,2.1739157977495918,85.74999968210855,0.0,0.0,6.296292480726912,-21.917812133913674,0.0,-0.7317091269009581,3.0,9.0,0.6070813799082395
01-21,-28.57143307669274,-20.000002119276257,-14.285707798134098,-7.142853899067064,2.1739157977495918,85.74999968210855,0.0,0.0,27.77777879980528,-21.917812133913674,0.0,-1.142858272391257,3.0,9.0,1.8867522483490264
01-22,-22.222220041896936,-20.000002119276257,-17.857142316511172,-7.142853899067064,34.87709768009038,-256.25001591009436,0.0,0.0,11.363636876761742,-21.917812133913674,36.666667287548385,-14.285720802257252,3.0,9.0,-23.06403044821802
01-23,11.111110020948441,-20.000002119276257,-17.857142316511172,-7.142853899067064,15.2542939079108,-256.25001591009436,0.0,0.0,11.363636876761742,0.8219113209430516,35.59322280039288,-14.285720802257252,5.0,7.0,-20.1159633433541
01-24,11.111110020948441,-20.000002119276257,-3.1250053809750185,-41.666665930806886,-66.50036216644475,-256.25001591009436,0.0,0.0,11.363636876761742,-9.589040257018498,24.000003576278633,-14.285720802257252,3.0,9.0,-30.411838507740345
01-25,11.111110020948441,-20.000002119276257,14.285714285714285,-41.666665930806886,-26.250143134722258,-256.25001591009436,-25.000007761021642,0.0,11.363636876761742,-29.659637682016953,24.000003576278633,-14.285720802257252,4.0,8.0,-29.362644048374378
01-26,11.111110020948441,-20.000002119276257,0.0,-30.434777801263863,-15.250084920530993,-256.25001591009436,-25.000007761021642,0.0,11.363636876761742,-29.659637682016953,24.000003576278633,0.0,3.0,9.0,-27.50998131001794
01-27,11.111110020948441,-20.000002119276257,-7.142853899067049,-21.73912963354396,-15.250084920530993,-256.25001591009436,16.94351940174891,0.0,11.363636876761742,-52.35007246504565,29.62963371773959,0.0,4.0,8.0,-25.307021577529962
01-28,11.111110020948441,0.0,0.0,-21.73912963354396,9.607884406692538,-2400.0000558793554,16.94351940174891,0.0,11.363636876761742,-52.35007246504565,29.62963371773959,-16.182576013505027,5.0,7.0,-200.96800413062996
01-29,12.50000413921128,0.0,0.0,-27.272736030067502,9.607884406692538,-2400.0000558793554,37.49999611948919,0.0,39.99999847167572,-52.35007246504565,29.62963371773959,-16.182576013505027,5.0,7.0,-197.21399362776387
01-30,12.50000413921128,0.0,6.666663840964988,-27.272736030067502,9.607884406692538,-2400.0000558793554,37.49999611948919,0.0,39.99999847167572,-21.069685991242366,29.62963371773959,-2.074685269004217,6.0,6.0,-192.8760818728247
01-31,12.50000413921128,0.0,3.4482743501002076,3.448274350100221,9.803970252712302,-2400.0000558793554,37.49999611948919,0.0,26.415092571358517,-28.975261505832083,-89.99999813735481,-2.074685269004217,6.0,6.0,-202.32786575071455
02-01,12.50000413921128,0.0,-3.703710099324987,3.448274350100221,9.803970252712302,-2400.0000558793554,37.49999611948919,0.0,-1.8867963430112475,-13.003097296396446,-89.99999813735481,-1.6597482152033733,4.0,8.0,-203.91676342576113
02-02,0.0,0.0,-12.000003390842014,0.0,-35.49034343436022,-2400.0000558793554,37.49999611948919,0.0,51.11111331869047,-13.003097296396446,-199.99999999999994,-1.6597482152033733,2.0,10.0,-214.4618448981648
02-03,-28.57143307669274,-25.00000331136924,0.0,0.0,-35.49034343436022,-2400.0000558793554,37.49999611948919,-79.2452726303172,51.11111331869047,-13.003097296396446,-199.99999999999994,-45.05623776570814,2.0,10.0,-228.14627782966826
02-04,-28.57143307669274,-25.00000331136924,-14.285707798134098,14.285715366977639,-6.307713287345424,0.0,-25.000007761021642,-79.2452726303172,51.11111331869047,-13.003097296396446,-19.999995529651695,-45.05623776570814,2.0,10.0,-15.92271998091404
02-05,-28.57143307669274,-25.00000331136924,-24.999996215578225,14.285715366977639,1.6666756441895267,0.0,0.0,-79.2452726303172,51.11111331869047,-13.003097296396446,-17.999998956918716,-45.05623776570814,3.0,9.0,-13.901044576926923
02-06,-28.57143307669274,-25.00000331136924,-24.999996215578225,7.692304557283576,33.333455486513,0.0,0.0,-79.2452726303172,39.808482368726075,-12.307694776523839,0.0,-65.77856689917564,3.0,9.0,-12.92239370809452
02-07,-28.57143307669274,-25.00000331136924,-24.999996215578225,19.99999858714916,33.333455486513,0.0,-50.50000537062699,-58.33334023201937,37.142855520962,5.076917504417621,-8.000001192092878,-65.77856689917564,4.0,8.0,-13.802509933209441
02-08,-28.57143307669274,-25.00000331136924,-12.727271185980888,17.857142316511162,15.000054306654578,0.0,-50.50000537062699,-58.33334023201937,37.142855520962,11.982882158708415,-8.000001192092878,-42.68797662044057,4.0,8.0,-11.986424723865541
02-09,-28.57143307669274,-25.00000331136924,6.666663840964988,21.42857683488824,15.000054306654578,0.0,-50.50000537062699,-58.33334023201937,18.750001164153243,11.982882158708415,-8.000001192092878,-42.68797662044057,5.0,7.0,-11.605381791489359
02-10,-28.57143307669274,20.000002119276257,11.764706982323315,21.42857683488824,7.272750041904043,9.090910630285245,-50.50000537062699,-80.9523781365909,18.750001164153243,11.982882158708415,-8.000001192092878,-42.68797662044057,7.0,5.0,-9.201830372075442
02-11,-14.285719692031313,0.0,14.70588216961278,-3.5714269495335538,7.272750041904043,9.090910630285245,-100.00000000000004,-11.764708030732624,33.750000853712386,11.982882158708415,-8.000001192092878,-42.68797662044057,5.0,7.0,-8.625617219217341
02-12,0.0,0.0,20.588238777357137,0.0,6.934334656726138,9.090910630285245,-100.00000000000004,-11.764708030732624,33.750000853712386,11.982882158708415,-8.000001192092878,-42.68797662044057,5.0,7.0,-6.675526563873066
02-13,0.0,0.0,15.625000413921155,3.333331920482481,6.934334656726138,82.9787233817698,-100.00000000000004,37.64705401115893,25.352115139383923,19.258203848942195,57.98319518454586,30.493824028168714,9.0,3.0,14.967148548758265
02-14,0.0,5.882356607744358,10.000002825701678,3.333331920482481,-20.370449044099473,82.9787233817698,0.0,37.64705401115893,25.352115139383923,7.845939428375742,-5.042015951755316,30.493824028168714,8.0,4.0,14.843406862244237
02-15,22.222224947628845,5.882356607744358,16.666666666666664,6.666663840965002,-11.111155807964135,82.9787233817698,0.0,37.64705401115893,-26.7605687010693,7.845939428375742,-5.042015951755316,30.493824028168714,8.0,4.0,13.957476037640776
02-16,-34.61537939034469,5.882356607744358,9.677415385330564,13.333334746184185,-11.111155807964135,82.9787233817698,0.0,37.64705401115893,-2.9577475824439974,7.2753270044851215,-5.042015951755316,37.4444440228581,7.0,5.0,11.709363035585241
02-17,22.222224947628845,-17.64705735690225,14.893616198948623,0.0,-9.689258392654102,86.66666661147718,0.0,7.826079257118787,1.4084535616853509,7.2753270044851215,-5.042015951755316,37.4444440228581,7.0,5.0,12.113206658574194
02-18,22.222224947628845,-17.64705735690225,16.413375583155236,6.666663840965002,-20.00009112928469,86.66666661147718,0.0,-4.347824209053363,1.4084535616853509,18.750001164153243,-5.042015951755316,37.4444440228581,7.0,5.0,11.877903423743945
02-19,12.50000413921128,5.882356607744358,8.814591545260257,6.666663840965002,-33.03785887195209,86.66666661147718,0.0,-4.347824209053363,12.500000776102175,-29.999993294477562,-5.042015951755316,37.4444440228581,7.0,5.0,8.170586268031668
02-20,12.50000413921128,0.0,14.285714285714285,0.0,-33.03785887195209,86.66666661147718,0.0,-4.347824209053363,12.500000776102175,-29.999993294477562,-5.042015951755316,37.4444440228581,5.0,7.0,7.58076145901039
02-21,-12.499998620262886,0.0,14.285714285714285,-7.6923127083462575,-11.788667571168107,85.3333330242722,0.0,-4.347824209053363,-6.060603323937324,-13.24717421088089,-5.042015951755316,37.4444440228581,3.0,9.0,6.365407894786704
02-22,-12.499998620262886,0.0,14.285714285714285,6.666663840965002,-11.788667571168107,85.3333330242722,0.0,-4.347824209053363,-21.212119159619675,-13.24717421088089,-5.042015951755316,37.4444440228581,4.0,8.0,6.2993629542557805
02-23,-12.499998620262886,0.0,0.0,3.333331920482481,-11.382169590897064,77.50511179934321,0.0,8.695648418106726,-21.212119159619675,-13.24717421088089,-5.042015951755316,37.4444440228581,4.0,8.0,5.29958821894789
02-24,-12.499998620262886,0.0,13.513513823122908,0.0,-37.00020484242728,66.1538450957755,0.0,-47.82608789547332,-7.575757917841168,-13.24717421088089,0.0,37.4444440228581,3.0,9.0,-0.08645171209408709
02-25,-12.499998620262886,0.0,18.91891706126255,0.0,-37.00020484242728,66.66666666666666,0.0,-47.82608789547332,-7.575757917841168,-13.24717421088089,0.0,37.4444440228581,3.0,9.0,0.40673368865847986
02-26,-12.499998620262886,0.0,18.91891706126255,-0.6711420851004637,-37.00020484242728,-78.0302997805089,0.0,-47.82608789547332,-7.575757917841168,-13.24717421088089,4.7999992251396435,10.00000344934278,3.0,9.0,-13.594312134729165
02-27,35.000000551894836,0.0,11.764706982323315,-7.142853899067064,-35.000193053887976,-78.0302997805089,0.0,-47.82608789547332,-7.575757917841168,-40.200001892447446,4.7999992251396435,-29.807695321402555,3.0,9.0,-16.168181916772554
02-28,-12.499998620262886,0.0,25.0,-7.913667090369445,-36.75019509039126,-127.27272248355699,0.0,-47.82608789547332,-7.575757917841168,-24.955440945881094,4.7999992251396435,-29.807695321402555,2.0,10.0,-22.06679717833659
02-29,0.0,0.0,0.0,3.2258051284435125,0.0,0.0,0.0,-47.82608789547332,0.0,0.0,0.0,-29.807695321402555,1.0,2.0,-6.200664840702697
03-01,-12.499998620262886,0.0,22.500001059638137,-24.999997792420604,-25.000134111191475,-127.27272248355699,0.0,0.0,-46.09054019470854,-36.98629507832389,4.7999992251396435,-29.807695321402555,2.0,10.0,-22.946448609757436
03-02,-12.499998620262886,-6.2500041392115655,26.888887381848004,-16.66666813838625,-12.75006687346942,-127.27272248355699,0.0,0.0,-64.60905606352601,14.383562386586771,4.7999992251396435,-29.807695321402555,3.0,9.0,-18.64864688718677
03-03,-12.499998620262886,-6.2500041392115655,16.66666498470135,-8.333329654034321,-12.75006687346942,-127.27272248355699,0.0,0.0,-64.60905606352601,14.383562386586771,4.7999992251396435,-29.807695321402555,3.0,9.0,-18.806053879919663
03-04,0.0,-112.50000827842312,16.66666498470135,16.129032478592748,-12.75006687346942,-127.27272248355699,0.0,0.0,-35.80247355197094,13.7930996831191,4.7999992251396435,-73.0769322615641,4.0,8.0,-25.834450589785973
03-05,0.0,-100.0,16.66666498470135,-10.16949091661122,-12.75006687346942,-127.27272248355699,0.0,0.0,-35.80247355197094,13.7930996831191,5.179281449390238,-73.0769322615641,3.0,9.0,-26.95271999749683
03-06,0.0,-100.0,14.63414987148916,3.2258051284435125,-4.680872122378412,-48.181813734731485,0.0,0.0,-57.89472746086604,-18.129772050625867,5.179281449390238,-73.0769322615641,3.0,9.0,-23.24374009840358
03-07,0.0,-100.0,12.5,-7.142853899067064,15.789546186104767,1.5151545939038307,0.0,0.0,-57.89472746086604,-18.129772050625867,0.39840569449948277,-73.0769322615641,4.0,8.0,-18.836764933134578
03-08,0.0,-33.333327446454945,17.07317312708192,-6.428566995391649,15.789546186104767,0.0,0.0,0.0,-57.89472746086604,-11.531531930637403,0.39840569449948277,-73.0769322615641,3.0,9.0,-12.416996757268995
03-09,0.0,-33.333327446454945,11.883784725544896,0.0,15.789546186104767,0.0,0.0,0.0,-57.89472746086604,-11.531531930637403,0.39840569449948277,-73.0769322615641,3.0,9.0,-12.313731874447777
03-10,0.0,0.0,-9.677422221705722,0.7142869036754013,15.789546186104767,0.0,0.0,0.0,-57.89472746086604,9.909909728498162,0.39840569449948277,-73.0769322615641,4.0,8.0,-9.486411119279836
03-11,0.0,0.0,-29.032259828741985,-15.833333406919314,15.789546186104767,0.0,0.0,0.0,-57.89472746086604,0.0,0.39840569449948277,-33.333337313344444,2.0,10.0,-9.99214217743896
03-12,0.0,0.0,-29.032259828741985,-15.833333406919314,15.789546186104767,0.0,0.0,0.0,-57.89472746086604,14.965986135964847,0.39840569449948277,-33.333337313344444,3.0,9.0,-8.744976666108556
03-13,0.0,50.0,-29.032259828741985,-29.166662619437755,15.789546186104767,0.0,0.0,-21.052628483138257,-57.89472746086604,4.591838383224019,0.39840569449948277,-33.333337313344444,4.0,8.0,-8.308318786808352
03-14,0.0,50.0,-14.285714285714285,0.0,15.789546186104767,0.0,0.0,-21.052628483138257,-16.267931894804917,-14.50980876258419,0.39840569449948277,-33.333337313344444,3.0,9.0,-2.77178907158182
03-15,0.0,60.00000105963813,-28.57142857142857,-29.166662619437755,15.789546186104767,0.0,0.0,-21.052628483138257,-16.267931894804917,-13.725489050275948,0.39840569449948277,10.729611709626873,4.0,8.0,-1.82221466410135
03-16,0.0,39.99999894036187,-13.513513823122908,1.6666694629339032,15.789546186104767,0.0,0.0,-21.052628483138257,7.110092679415139,-13.725489050275948,0.0,10.729611709626873,5.0,7.0,2.2503573018254532
03-17,0.0,24.99999668863076,-10.810817931826891,-29.166662619437755,2.439035264043209,0.0,0.0,-21.052628483138257,20.107027099588954,-2.745100731851554,0.0,33.04721078076649,4.0,8.0,1.4015050055645792
03-18,50.0,24.99999668863076,-8.108110584983267,-29.166662619437755,2.439035264043209,-48.314611632750996,0.0,-21.052628483138257,20.107027099588954,-2.745100731851554,-6.355929059741484,33.04721078076649,5.0,7.0,1.2375188934271757
03-19,50.0,24.99999668863076,-10.810817931826891,-33.6206931988494,-14.634224506745472,-48.314611632750996,0.0,-21.052628483138257,20.107027099588954,-2.745100731851554,-6.355929059741484,33.04721078076649,4.0,8.0,-0.7816475813264875
03-20,50.0,0.0,-5.128214045607262,-16.66666813838625,0.21008092356355748,33.66834238585111,0.0,-21.052628483138257,10.415770916847201,-2.745100731851554,0.0,33.04721078076649,5.0,7.0,6.812399467337087
03-21,50.0,0.0,-2.5000042385525174,-20.68966367723858,12.683871832345858,33.66834238585111,0.0,-21.052628483138257,-4.500007978330246,-8.823532849172198,0.0,33.04721078076649,4.0,8.0,5.986132314377639
03-22,50.0,0.0,-23.499999657175888,-3.44828184694568,12.683871832345858,33.66834238585111,0.0,39.79057887759152,-4.500007978330246,37.499997671693514,0.0,33.04721078076649,6.0,6.0,14.603476005483055
03-23,50.0,-33.333327446454945,11.428572639586445,-3.44828184694568,12.683871832345858,30.158727071789748,0.0,50.26178127904492,47.74999601083489,26.499997485429,0.0,42.22222528830469,8.0,4.0,19.51863019282791
03-24,-19.999997645248662,-66.66666372322747,-9.375002897448088,-3.44828184694568,-15.85374536938862,32.65306153480136,0.0,50.26178127904492,47.74999601083489,26.499997485429,3.088804949199052,42.22222528830469,6.0,6.0,7.2610145887796165
03-25,-19.999997645248662,-59.99999576144748,-15.625000413921155,-1.694918146096621,-15.85374536938862,31.95876526216826,0.0,50.26178127904492,47.74999601083489,50.999998323619344,3.088804949199052,-100.0,5.0,7.0,-2.426192625936339
03-26,0.0,-20.000002119276257,-21.874997930394223,14.285715366977639,-15.85374536938862,-9.999995032946465,0.0,50.26178127904492,30.333332339922624,63.249998742714496,3.088804949199052,-198.7179508610316,5.0,7.0,-8.768921552931536
03-27,0.0,-20.000002119276257,0.0,14.285715366977639,8.8889357225072,-9.999995032946465,0.0,47.22222356363331,37.98219112220927,54.98676288984932,3.088804949199052,-198.7179508610316,6.0,6.0,-5.188609533239879
03-28,0.0,0.0,2.5000042385525174,0.0,-2.7569069070863494,-9.999995032946465,0.0,47.22222356363331,19.615381933469564,48.69215324930017,3.088804949199052,-198.7179508610316,5.0,7.0,-7.529690405575817
03-29,0.0,-20.000002119276257,-25.80644786392334,14.285715366977639,-2.7569069070863494,25.83333912822912,0.0,47.22222356363331,5.422995537463125,48.11800840149578,8.880307936227332,-18.87754723848603,6.0,6.0,6.860140483771193
03-30,0.0,0.0,0.0,17.1428629816793,-2.7569069070863494,54.12371445484283,0.0,47.22222356363331,5.422995537463125,48.11800840149578,8.880307936227332,-1.3043456078138946,6.0,6.0,14.737405030036784
03-31,-50.00000441515883,0.0,-14.285714285714285,14.285715366977639,-2.7569069070863494,54.12371445484283,37.50000194025536,47.22222356363331,15.654372071294626,48.11800840149578,8.880307936227332,-1.3043456078138946,7.0,5.0,13.119781043246126
04-01,-50.00000441515883,0.0,2.857141646127841,14.285715366977639,-2.7569069070863494,54.12371445484283,37.50000194025536,47.22222356363331,27.69342126658614,43.58407365920666,8.880307936227332,-10.952380234354452,8.0,4.0,14.369775689771457
04-02,-50.00000441515883,16.666668138386264,2.857141646127841,0.0,-19.298348349604446,-2.5773170536871923,37.50000194025536,-6.11111091948097,27.69342126658614,43.58407365920666,3.088804949199052,-10.952380234354452,6.0,6.0,3.5375792189562856
04-03,0.0,16.666668138386264,14.999998940361861,10.769232901047145,-55.42891622402527,2.57732729503479,37.50000194025536,-6.11111091948097,27.69342126658614,43.33333664470236,3.088804949199052,-28.571433639850813,8.0,4.0,5.543110941017993
04-04,0.0,16.666668138386264,12.820507943808519,9.23076872916536,-17.14296440486486,-1.0309247732053575,37.50000194025536,-6.11111091948097,8.256878486834868,11.111116630059483,0.0,-28.571433639850813,6.0,6.0,3.5607923442589873
04-05,0.0,16.666668138386264,5.405403238139642,-7.6923127083462575,-17.14296440486486,0.0,37.50000194025536,-6.11111091948097,-83.48624302633031,-45.985401393693685,0.0,0.0,3.0,9.0,-8.40382992799457
04-06,23.076921509411047,16.666668138386264,11.11111765208691,-7.6923127083462575,-17.14296440486486,0.0,37.50000194025536,-6.11111091948097,-56.250008892837236,-94.64720185825823,0.0,0.0,4.0,8.0,-7.790740795303999
04-07,0.0,16.666668138386264,-8.333323521869634,-7.6923127083462575,-17.14296440486486,0.0,37.50000194025536,0.0,-75.5208324575236,-37.834556681833995,0.0,67.15789521566059,3.0,9.0,-2.099952040011344
04-08,0.0,7.692304557283576,-11.111105878330472,-17.647061966301887,-17.14296440486486,-16.504864481889495,37.50000194025536,0.0,-35.41667178678507,-61.85714661284365,23.598818324735877,-21.739127416724145,3.0,9.0,-9.385651477122064
04-09,9.090908361130772,23.076921822913423,13.88889412166954,-16.66666813838625,-28.571612387369218,-5.170907569964065,37.50000194025536,0.0,-35.41667178678507,-61.85714661284365,23.598818324735877,-42.85713789890396,5.0,7.0,-6.948716651962271
04-10,9.090908361130772,7.692304557283576,6.060609758149496,-9.090915221047267,-14.000088101899081,-70.02629883014347,37.50000194025536,0.0,-35.41667178678507,-41.797426478129765,23.598818324735877,-42.85713789890396,5.0,7.0,-10.770491281279462
04-11,9.090908361130772,7.692304557283576,13.88889412166954,-27.272736030067502,-14.000088101899081,-70.02629883014347,0.0,5.263155486885312,-44.062501576457485,-40.22824496955623,-31.47208438595631,-42.85713789890396,4.0,8.0,-19.498652438834572
04-12,0.0,7.692304557283576,-11.111105878330472,-27.272736030067502,-14.000088101899081,-70.02629883014347,0.0,5.263155486885312,-44.062501576457485,-28.95863099783678,-31.47208438595631,-42.85713789890396,2.0,10.0,-21.400426971285516
04-13,16.66666544023365,7.692304557283576,10.256406355046822,-9.090915221047267,-14.000088101899081,-88.34952898343502,0.0,5.263155486885312,-13.500205550830346,-28.95863099783678,-31.47208438595631,14.814816858869795,5.0,7.0,-10.889842045223803
04-14,-29.99999735090472,0.0,-12.676053647417628,-18.181820809020238,-14.000088101899081,-88.34952898343502,13.513513876336997,5.263155486885312,10.545756307822,-28.388018573946162,-31.47208438595631,22.222225288304692,4.0,8.0,-14.293578407769182
04-15,-29.99999735090472,-29.999997880723722,-9.859147530398479,-18.181820809020238,-33.000245396346,-79.62963439909136,13.513513876336997,5.263155486885312,10.545756307822,20.28343091790429,-31.47208438595631,22.222225288304692,5.0,7.0,-13.359570489598964
04-16,0.0,0.0,-4.225347235944453,-18.181820809020238,-16.666791763760408,-79.62963439909136,13.513513876336997,5.263155486885312,10.545756307822,20.28343091790429,-31.47208438595631,0.0,4.0,8.0,-8.380818500402013
04-17,0.0,0.0,-4.225347235944453,-3.1746001043491088,-16.666791763760408,-79.62963439909136,13.513513876336997,5.263155486885312,-4.306209577334646,20.28343091790429,-31.47208438595631,0.0,3.0,9.0,-8.367880598775807
04-18,0.0,37.49999834431538,-2.777770582704399,-3.999998304578977,-40.000360280170845,4.62963439909136,13.513513876336997,5.263155486885312,-4.306209577334646,27.192204725859202,-72.08121851408761,12.037040422503098,6.0,6.0,-1.9191675003237603
04-19,16.66666544023365,37.49999834431538,-0.5586601438739895,4.799999660915798,-40.000360280170845,4.62963439909136,13.513513876336997,5.263155486885312,8.13397783030549,37.99822624701704,-72.08121851408761,13.003664703133937,9.0,3.0,2.405716420841877
04-20,16.66666544023365,37.49999834431538,9.589034573816429,3.999998304578993,-40.000360280170845,4.62963439909136,13.513513876336997,5.263155486885312,8.13397783030549,37.99822624701704,-72.08121851408761,13.003664703133937,10.0,2.0,3.184690867621344
04-21,8.333332720116825,37.49999834431538,-1.4084530585095745,12.000003390842014,-40.000360280170845,4.62963439909136,13.513513876336997,5.263155486885312,8.13397783030549,37.90965078553473,-72.08121851408761,41.02563927618566,9.0,3.0,4.568239521403811
04-22,23.076921509411047,37.49999834431538,-1.4084530585095745,12.000003390842014,-9.375064158220962,-5.648147160188218,13.513513876336997,0.0,8.13397783030549,37.90965078553473,-72.08121851408761,41.02563927618566,7.0,5.0,7.053901843493745
04-23,7.692307169803682,37.49999834431538,-1.4084530585095745,11.147016314147265,-40.000360280170845,-5.648147160188218,-60.00000496705389,0.0,8.13397783030549,28.687690542151362,-72.08121851408761,41.02563927618566,6.0,6.0,-3.745962875258441
04-24,7.692307169803682,0.0,-1.4084530585095745,8.333338484351927,-40.000360280170845,4.62963439909136,-60.00000496705389,0.0,8.13397783030549,7.2751274778601465,0.0,1.0988992244846274,6.0,6.0,-5.353794476653089
04-25,23.076921509411047,0.0,-1.4084530585095745,8.333338484351927,-40.000360280170845,4.62963439909136,-85.00000651925819,0.0,8.13397783030549,7.2751274778601465,0.0,1.0988992244846274,6.0,6.0,-6.155076744369501
04-26,28.571426769322894,0.0,-9.859147530398479,0.0,-20.00018014008543,0.0,-85.00000651925819,0.0,-16.60286339937534,-49.3386229828735,0.0,1.0988992244846274,2.0,10.0,-12.594207881515283
04-27,47.36842129723871,0.0,0.0,0.0,-20.00018014008543,28.57142669423513,-85.00000651925819,0.0,-11.788994990680509,-49.3386229828735,0.0,1.0988992244846274,3.0,9.0,-7.424088118078264
04-28,66.66666764781304,0.0,-1.4285738506014385,-14.545460500445914,-20.00018014008543,28.57142669423513,-85.00000651925819,0.0,4.128430699173224,-49.3386229828735,0.0,1.0988992244846274,4.0,8.0,-5.820618310629872
04-29,65.71428492135921,0.0,-2.857147701202877,-57.50000629160156,-20.00018014008543,28.57142669423513,53.74999837018546,0.0,4.128430699173224,-12.899994657933778,0.0,1.0988992244846274,5.0,7.0,5.000475926551167
04-30,65.71428492135921,0.0,-2.2857181609623014,-57.50000629160156,-20.00018014008543,-1.8867963430112475,7.499996740370926,0.0,4.128430699173224,-14.040400961651697,0.0,0.0,3.0,9.0,-1.53086579470074
05-01,62.85714220838481,0.0,-11.875007202228101,-56.250004139211555,0.0,-1.8867963430112475,7.499996740370926,0.0,4.128430699173224,-41.124998579733024,-97.00000502914205,0.0,3.0,9.0,-11.137603470449752
05-02,62.85714220838481,0.0,0.5555564712921673,-38.88888234791309,0.0,-1.8867963430112475,7.499996740370926,0.0,4.128430699173224,-41.124998579733024,-97.00000502914205,0.0,4.0,8.0,-8.65496301504819
05-03,62.85714220838481,0.0,1.3513536734218121,-38.88888234791309,-28.00025431541472,-1.8867963430112475,7.499996740370926,0.0,4.128430699173224,-84.47711716098792,-97.00000502914205,0.0,4.0,8.0,-14.534677656259854
05-04,62.85714220838481,0.0,-10.937505587935597,-37.55555152631446,0.0,-1.8867963430112475,-12.804883219717023,0.0,0.47618670303180677,-60.620918235356754,-97.00000502914205,0.0,2.0,10.0,-13.122694252505042
05-05,62.85714220838481,0.0,-2.8985557101228063,-33.33332940874785,0.0,-1.8867963430112475,-31.205673009347574,0.0,0.47618670303180677,-23.529408184073166,-97.00000502914205,0.0,2.0,10.0,-10.54336989775234
05-06,53.33333588431389,-59.99999576144748,-2.8985557101228063,-33.33332940874785,32.24951899606584,-1.8867963430112475,25.925927799643045,0.0,0.47618670303180677,-23.529408184073166,-97.00000502914205,-1.4869862734828305,4.0,8.0,-9.012508943914403
05-07,53.33333588431389,-59.99999576144748,-2.8985557101228063,-51.898734007428615,0.0,-1.8867963430112475,33.33333747254462,0.0,-4.500007978330246,-11.34020030320241,-97.00000502914205,-1.4869862734828305,2.0,10.0,-12.028717337442432
05-08,36.66666823650086,0.0,-10.937505587935597,-140.00000423855252,0.0,-42.64151113149582,33.33333747254462,0.0,-4.500007978330246,-11.34020030320241,-97.00000502914205,-1.4869862734828305,2.0,10.0,-19.825517902757998
05-09,0.0,0.0,-4.411765897516901,0.0,0.0,-42.64151113149582,33.33333747254462,0.0,-4.500007978330246,-11.34020030320241,-97.00000502914205,-1.4869862734828305,1.0,11.0,-10.67059492838547
05-10,0.0,0.0,-4.411765897516901,33.33333627677253,0.0,-42.64151113149582,33.33333747254462,0.0,-8.999997330208572,-47.27540285803825,-97.00000502914205,-1.4869862734828305,2.0,10.0,-11.262416230880605
05-11,-50.00000441515879,0.0,0.0,33.33333627677253,0.0,-42.64151113149582,33.68700397397239,-216.66668046403873,-8.999997330208572,-45.802645866782306,-97.00000502914205,-1.4869862734828305,2.0,10.0,-32.96479085496368
05-12,-74.9999933772618,0.0,8.57143099345858,33.33333627677253,0.0,-42.64151113149582,-165.25198410411048,-216.66668046403873,-8.999997330208572,-17.820317897281623,-97.00000502914205,-1.8656754799438982,2.0,10.0,-48.611783128604316
05-13,12.500003311369095,0.0,-2.857147701202877,33.33333627677253,0.0,-0.952378159117155,-32.625992052055246,-216.66668046403873,-8.999997330208572,-17.820317897281623,-97.00000502914205,-13.749999805974467,2.0,10.0,-28.73659823757326
05-14,24.999997792420604,0.0,-5.714283292255704,33.33333627677253,40.476404477373315,-0.952378159117155,-36.51877164927719,-216.66668046403873,-8.999997330208572,-17.820317897281623,0.0,39.198217967149745,4.0,8.0,-12.38870602320523
05-15,50.0,0.0,-5.714283292255704,0.0,41.995575680589006,-0.952378159117155,-11.945391565739127,-216.66668046403873,-8.999997330208572,-17.820317897281623,0.0,39.198217967149745,3.0,9.0,-10.90877125507518
05-16,50.0,0.0,-13.846151237813837,-5.8823566077443346,50.00022252499752,-0.952378159117155,3.7542620458260725,-216.66668046403873,-8.999997330208572,9.8674542848189,0.0,39.198217967149745,5.0,7.0,-7.793950581344199
05-17,50.0,0.0,8.57143099345858,-5.8823566077443346,26.200114399041574,-0.952378159117155,-2.545452378013003,-216.66668046403873,-5.000004035731259,-9.090910298262946,0.0,40.652173613752666,4.0,8.0,-9.559505244721217
05-18,-27.65957614700472,0.0,4.166673534691256,7.058822942760927,50.00022252499752,-0.952378159117155,-8.461538241107087,-216.66668046403873,0.0,-21.033872318430113,0.0,45.400000432133666,4.0,8.0,-14.012360491259537
05-19,23.076921509411047,0.0,8.57143099345858,41.176471321548874,57.62733553433578,32.051283684107105,-7.142859958647306,-216.66668046403873,0.0,-21.033872318430113,0.0,49.0530283788101,6.0,6.0,-2.773911776620389
05-20,-55.844162456841254,0.0,2.857141646127841,50.0,57.62733553433578,32.051283684107105,-17.647065698344395,-216.66668046403873,0.0,-21.033872318430113,0.0,47.25489926814845,5.0,7.0,-10.116760067077943
05-21,-50.00000662273848,0.0,2.857141646127841,28.57143073395531,58.33355041277915,32.051283684107105,-31.130437749695705,-216.66668046403873,-5.263155486885299,-23.007251426121453,0.0,51.61870232457451,5.0,7.0,-12.719618578994647
05-22,41.249998178746914,0.0,0.0,-77.41935042814505,58.33355041277915,32.051283684107105,-31.130437749695705,-216.66668046403873,-5.263155486885299,-22.784811405666524,0.0,51.7985614884974,4.0,8.0,-14.152586814191729
05-23,41.249998178746914,0.0,4.225353205736577,-93.54839316130048,44.44466683872136,32.692307447383946,-31.130437749695705,-216.66668046403873,-24.999996119489293,-22.784811405666524,90.19607846717888,56.834530976225075,6.0,6.0,-9.957281982183163
05-24,41.249998178746914,-25.00000331136924,-12.903227350149235,-93.54839316130048,6.666704735334054,32.692307447383946,-31.130437749695705,0.0,-24.999996119489293,-24.1316344646979,90.19607846717888,62.55850042704265,5.0,7.0,1.8041580915820503
05-25,41.249998178746914,-66.66666372322747,-2.9411751872894665,-45.16129914370981,4.222248883371417,32.692307447383946,-31.130437749695705,50.0,-24.999996119489293,-24.1316344646979,90.19607846717888,59.999998758236536,6.0,6.0,6.944118778900671
05-26,41.249998178746914,-66.66666372322747,7.142857142857142,-37.09677777713211,-7.750037402121168,32.692307447383946,-18.7401557249547,50.0,-24.999996119489293,-24.1316344646979,90.19607846717888,59.999998758236536,6.0,6.0,8.491331231898398
05-27,22.000000211927624,-66.66666372322747,0.0,-39.3442698415511,4.222248883371417,32.692307447383946,-15.354326435744953,50.0,-24.999996119489293,-62.05250507537444,90.19607846717888,15.283017687608258,6.0,6.0,0.49799095850690556
05-28,-29.99999735090472,-66.66666372322747,-2.857147701202877,-39.3442698415511,-5.121975992863686,32.692307447383946,-5.7692327898516975,50.0,-24.999996119489293,-62.05250507537444,16.666669253673795,13.207545976233071,4.0,8.0,-10.35377215976454
05-29,-28.33332788797082,-66.66666372322747,-2.857147701202877,-39.3442698415511,-21.95133676011821,-1.2536134476965899,0.0,50.0,-24.999996119489293,-62.05250507537444,16.666669253673795,5.660374838714258,3.0,9.0,-14.594318038686898
05-30,-28.33332788797082,-66.66666372322747,-4.347833565184209,14.999998940361861,-43.9026735202364,-50.433939432025824,3.0769273385963087,50.0,-24.999996119489293,-28.965520253504728,16.666669253673795,0.37735785399097027,5.0,7.0,-13.544083426251317
05-31,23.000001907348633,-66.66666372322747,-9.090911426199675,0.0,-43.9026735202364,-50.433939432025824,-9.565217579094663,50.0,-5.263155486885299,-40.954775068747075,16.666669253673795,6.548671446071346,4.0,8.0,-10.805166135776885
06-01,23.000001907348633,-66.66666372322747,-16.666666666666664,29.999997880723733,-46.341715245522714,-50.433939432025824,-9.565217579094663,50.0,0.0,-38.693467665930584,16.666669253673795,6.548671446071346,5.0,7.0,-8.512694152054202
06-02,23.000001907348633,-66.66666372322747,-3.030301668050202,38.00000084771049,-71.42902339953136,-55.99999205271436,46.87499870649637,43.92523516330581,0.0,-38.94472820403287,16.666669253673795,9.734513391034234,6.0,6.0,-4.822440814832243
06-03,20.000002119276257,-33.333327446454945,-7.575757381150028,38.00000084771049,-71.42902339953136,-55.99999205271436,23.333338300386867,43.92523516330581,15.789472996252945,-38.94472820403287,16.666669253673795,5.682783471212258,7.0,5.0,-3.657110527672095
06-04,0.0,0.0,6.060609758149496,38.00000084771049,-71.42902339953136,-55.99999205271436,23.333338300386867,43.92523516330581,15.789472996252945,-38.94472820403287,33.33333333333333,-15.703968254608656,6.0,6.0,-1.802976792645693
06-05,39.99999894036187,0.0,6.060609758149496,48.333143333628556,-28.571612387369218,-55.99999205271436,23.333338300386867,43.92523516330581,15.789472996252945,-38.94472820403287,-537.499957799448,-8.303248587684568,6.0,6.0,-40.98981171159695
06-06,0.0,0.0,6.060609758149496,48.333143333628556,-14.285806193684621,-55.99999205271436,15.33333565129165,43.92523516330581,15.789472996252945,-33.0900232282279,-537.499957799448,-8.303248587684568,5.0,7.0,-43.311435913260915
06-07,0.0,39.99999894036187,-3.030301668050202,49.16648115572332,-28.571612387369218,-55.99999205271436,-1.599997218450021,-12.149529673388383,15.789472996252945,-1.946477819521391,-537.499957799448,-8.303248587684568,3.0,9.0,-45.345430342857334
06-08,0.0,39.99999894036187,-6.06060333610038,49.16648115572332,-17.14296440486486,-55.99999205271436,-1.599997218450021,-12.149529673388383,15.789472996252945,-1.946477819521391,25.00000291038289,-8.303248587684568,4.0,8.0,2.229428575833089
06-09,0.0,39.99999894036187,-9.375002897448088,49.16648115572332,-17.14296440486486,-55.99999205271436,-1.599997218450021,-12.149529673388383,15.789472996252945,-1.946477819521391,25.00000291038289,4.332129405559329,5.0,7.0,3.0061767784911044
06-10,0.0,0.0,-7.812500206960578,46.72468755361836,-17.14296440486486,-52.94117761639075,-13.043483425103252,-12.149529673388383,15.789472996252945,-1.946477819521391,39.99999813735481,4.332129405559329,4.0,8.0,0.1508462455463521
06-11,0.0,0.0,-3.1250053809750185,46.72468755361836,-17.14296440486486,-1.666670562395156,8.00000596046424,-12.149529673388383,15.789472996252945,-1.946477819521391,39.99999813735481,-1.9855595910626256,4.0,8.0,6.041496434623576
06-12,0.0,0.0,-3.1250053809750185,12.663418577924979,-17.14296440486486,-1.666670562395156,8.00000596046424,-12.149529673388383,15.789472996252945,-19.505486154969432,39.99999813735481,-1.9855595910626256,4.0,8.0,1.7398066586951249
06-13,0.0,0.0,-10.000002825701678,12.663418577924979,-44.03200804801687,1.9607785847130057,-91.9999841054287,-12.149529673388383,0.0,-9.340653323782673,39.99999813735481,-1.9855595910626256,3.0,9.0,-9.573628522282343
06-14,0.0,0.0,-7.142853899067049,12.663418577924979,-44.03200804801687,1.9607785847130057,-74.54544009584426,-12.149529673388383,12.037039272722152,-9.340653323782673,39.99999813735481,-6.6037729881165355,4.0,8.0,-7.262751954625068
06-15,0.0,37.49999834431538,-10.000002825701678,12.663418577924979,-44.03200804801687,12.28070022559136,-91.9999841054287,0.0,12.037039272722152,-9.340653323782673,25.00000000000001,-0.8928522724203596,5.0,7.0,-4.7320286795663655
06-16,0.0,47.36842222674582,5.714283292255704,-4.803510867672065,-45.83240477026991,12.28070022559136,-20.0,0.0,12.037039272722152,-9.340653323782673,25.00000000000001,-5.267853020804549,5.0,7.0,1.4296685862321545
06-17,54.999997880723726,28.57143073395531,5.714283292255704,-26.31591216919756,-45.83240477026991,12.28070022559136,3.225804901023846,0.0,12.037039272722152,-9.340653323782673,25.00000000000001,11.21794787602328,8.0,4.0,5.963186159920436
06-18,54.999997880723726,28.57143073395531,5.714283292255704,-26.31591216919756,-45.83240477026991,12.28070022559136,19.35483741751987,0.0,24.00000298023212,-9.340653323782673,19.999994412064446,11.21794787602328,8.0,4.0,7.887518712926305
06-19,0.0,28.57143073395531,5.714283292255704,-26.31591216919756,-45.83240477026991,12.28070022559136,19.35483741751987,0.0,24.00000298023212,-12.912080798677646,19.999994412064446,11.21794787602328,7.0,5.0,3.0065665999580813
06-20,0.0,28.57143073395531,5.714283292255704,-26.31591216919756,-45.83240477026991,12.28070022559136,19.35483741751987,27.210887916577843,24.00000298023212,-12.912080798677646,20.79207236063174,11.21794787602328,8.0,4.0,5.340147088720175
06-21,-100.0,28.57143073395531,2.94117518728949,-52.66653075001268,-45.83240477026991,10.526319458580684,19.35483741751987,27.210887916577843,24.00000298023212,-7.031242572460271,0.9900973665516131,-10.79999639391906,7.0,5.0,-8.561285285496249
06-22,0.0,28.57143073395531,4.477613262190587,-52.66653075001268,-45.83240477026991,10.526319458580684,19.35483741751987,27.210887916577843,24.00000298023212,-7.031242572460271,0.9900973665516131,11.923688996890053,8.0,4.0,1.7937250033129344
06-23,-33.33333333333333,28.57143073395531,6.249997516473068,-52.66653075001268,56.2500351834916,8.10811101069608,25.80645523094436,27.210887916577843,24.00000298023212,5.208333939663124,0.9900973665516131,11.515734398048751,10.0,2.0,8.992601849440653
06-24,-42.85713853208938,37.49999834431538,12.499995032946137,-14.500067923106357,56.2500351834916,6.422017846943471,19.35483741751987,27.210887916577843,24.00000298023212,5.208333939663124,0.9900973665516131,11.515734398048751,10.0,2.0,11.966227830924515
06-25,-42.85713853208938,0.0,6.249997516473068,-14.500067923106357,56.2500351834916,7.272732691331128,-30.95238404975001,27.210887916577843,24.00000298023212,5.208333939663124,0.9900973665516131,22.058828685522624,8.0,4.0,5.0776104812414475
06-26,-42.85713853208938,-18.750005794896175,6.249997516473068,-14.500067923106357,18.99939926903855,-3.6363618301623344,-19.047621863409102,27.210887916577843,24.00000298023212,-19.73684500758413,0.9900973665516131,17.647060757070985,6.0,6.0,-1.9525495954419414
06-27,-42.85713853208938,4.9999978807237415,6.249997516473068,-14.500067923106357,19.99940483217989,-3.6363618301623344,-19.047621863409102,43.68421145505854,13.600001192092867,-19.73684500758413,0.9900973665516131,17.647060757070985,7.0,5.0,0.6160613203166165
06-28,-42.85713853208938,4.9999978807237415,11.764706982323315,5.000020133214079,19.99940483217989,-3.6363618301623344,-19.047621863409102,43.68421145505854,13.600001192092867,-19.73684500758413,0.9900973665516131,17.647060757070985,8.0,4.0,2.700627780497506
06-29,-66.66666372322747,29.999997880723733,-6.06060333610038,5.000020133214079,19.99940483217989,-3.6363618301623344,-19.047621863409102,-18.88888390650485,0.0,-19.73684500758413,0.9900973665516131,12.500001455191434,5.0,7.0,-5.46228816659396
06-30,-66.66666372322747,29.999997880723733,-27.27272727272727,5.000020133214079,69.99983310607281,-13.999998013178569,-47.61904874536364,-63.33333448311426,0.0,-19.73684500758413,0.9900973665516131,-6.430150871395789,4.0,8.0,-11.589068302502406
07-01,16.666668138386264,29.999997880723733,-23.636365177655474,5.000020133214079,69.99983310607281,-13.999998013178569,-47.61904874536364,-63.33333448311426,0.0,-19.73684500758413,0.9900973665516131,15.110353347271452,6.0,6.0,-2.5465517878896757
07-02,-66.66666372322747,20.000002119276257,-21.81818027688998,5.000020133214079,0.8255291945034051,-13.999998013178569,-47.61904874536364,-63.33333448311426,0.0,-19.73684500758413,0.0,-10.350875943192852,3.0,9.0,-18.14161622879643
07-03,-24.999997792420604,0.0,1.470590710227457,24.999888737501262,-45.45433615326668,-10.999997019767878,-47.61904874536364,-63.33333448311426,0.0,-26.315793343445538,0.0,-9.842105858241178,2.0,10.0,-16.841177828990922
07-05,-50.0,-33.33333333333333,1.470590710227457,0.0,-45.45433615326668,-8.999993046125052,-47.61904874536364,-63.33333448311426,-41.24294062764337,7.246373420935844,0.0,7.926475045048639,3.0,9.0,-22.778295601052864
07-06,-50.0,-25.00000331136924,-4.918027091437248,0.0,-45.45433615326668,-8.999993046125052,-51.96078705887723,-63.33333448311426,-41.24294062764337,7.246373420935844,0.0,-12.204305073778738,1.0,11.0,-24.655612785389664
07-07,-40.00000423855254,-25.00000331136924,-8.474576514711442,0.0,-226.53178575738218,-8.999993046125052,-27.467113946607235,-63.33333448311426,-41.24294062764337,26.570047874478952,0.0,-13.629761864035132,1.0,11.0,-35.67578882625512
07-08,-16.66666813838628,-25.00000331136924,-8.474576514711442,0.0,-166.66716705504163,-10.0,13.651310565967409,-111.11110574546679,-41.24294062764337,26.034060393392465,0.0,-16.558110280466316,2.0,10.0,-29.6696000594771
07-09,6.666663840964976,-25.00000331136924,-15.254242036873123,-25.000134111191514,0.0,-120.0,13.651310565967409,-111.11110574546679,-41.24294062764337,-198.03920995726236,0.0,-11.84210945539933,2.0,10.0,-43.93098090318944
07-10,19.99999858714916,-25.00000331136924,-3.030301668050202,-25.000134111191514,-87.49939670740909,-1.8518555992860688,13.651310565967409,-111.11110574546679,-41.24294062764337,-198.03920995726236,0.0,-5.263161119537924,2.0,10.0,-38.69889997450833
07-11,19.99999858714916,-25.00000331136924,-6.2500041392115655,-33.33313553362902,-357.14267116460127,7.407404000649029,13.651310565967409,-111.11110574546679,-41.24294062764337,26.392248365201855,0.0,3.5690792577555386,5.0,7.0,-41.92165164543319
07-12,24.99999668863076,-99.60080617102814,5.714283292255704,-33.33313553362902,-357.14267116460127,7.407404000649029,-2.94117754477805,0.0,-41.24294062764337,30.830486318648543,0.0,15.274567346840787,5.0,7.0,-37.502832782887914
07-13,24.99999668863076,-24.999997792420604,8.333333333333332,-33.33313553362902,-38.2851485658103,8.256874881007162,-2.94117754477805,0.0,-41.24294062764337,30.830486318648543,0.0,17.42253678828988,5.0,7.0,-4.24659767119764
07-14,0.0,0.0,-13.333334746184185,-33.33313553362902,-38.2851485658103,6.542055207082946,-2.94117754477805,0.0,-41.24294062764337,30.830486318648543,0.0,34.555559639577346,3.0,9.0,-4.767302987728008
07-15,0.0,37.375000778171774,0.0,-33.33313553362902,-20.999426004708653,6.542055207082946,-2.94117754477805,0.0,-41.24294062764337,30.830486318648543,0.0,37.43139393329727,4.0,8.0,1.1385213772034535
07-16,23.076921822913423,37.375000778171774,-13.333334746184185,-33.33313553362902,-155.8139721137817,0.0,-2.94117754477805,0.0,-14.207407740208335,30.830486318648543,0.0,22.507120717062534,4.0,8.0,-8.819958170148748
07-17,23.076921822913423,37.375000778171774,-17.241379058350027,-35.13494317673317,-149.99998494826144,0.0,0.0,0.0,-38.888890805190435,29.465300890730074,0.0,36.410260285494346,4.0,8.0,-9.578142850935455
07-18,23.076921822913423,37.375000778171774,-13.333334746184185,-33.33313553362902,-11.363069186761189,0.0,-19.21568030678861,0.0,1.6666672415571429,5.802044425804336,0.0,37.207977580503204,5.0,7.0,2.3236160062989066
07-19,23.076921822913423,37.375000778171774,-22.000003390842014,-33.33313553362902,-36.363176054104855,0.0,-19.21568030678861,0.0,1.6666672415571429,6.484641377864145,0.0,29.773131436464524,5.0,7.0,-1.0446360523661238
07-20,16.666668138386264,37.375000778171774,1.666669492368345,-6.6663939856456755,-36.363176054104855,0.0,-19.21568030678861,26.350244958664113,1.6666672415571429,76.7918074634307,0.0,36.81192564525701,7.0,5.0,11.25697778094135
07-21,0.0,24.99999668863076,-32.00000339084201,-6.6663939856456755,-36.363176054104855,-66.6666666666667,-19.21568030678861,26.350244958664113,1.6666672415571429,76.7918074634307,0.0,31.364704426267163,5.0,7.0,0.021791697875170435
07-22,-24.999997792420604,0.0,-27.999996609157986,-6.6663939856456755,-36.363176054104855,19.35483741751987,-20.995019478387707,26.350244958664113,1.6666672415571429,76.7918074634307,0.0,23.999997019767694,5.0,7.0,2.594914181768559
07-23,-6.666663840964988,0.0,-40.0,-17.820058188212617,27.27273876678216,-115.99999205271433,-1.4925378666800886,26.350244958664113,1.6666672415571429,76.7918074634307,0.0,13.499995995312839,5.0,7.0,-3.033149793568754
07-24,-6.666663840964988,0.0,-40.0,-10.456586920963987,22.22262383813628,-117.99998609225011,-1.4925378666800886,37.06293508937788,1.6666672415571429,6.029579568557972,0.0,11.249995110556373,5.0,7.0,-8.19866448938946
07-25,19.99999858714916,0.0,-20.68965340845021,-20.578850688873718,22.22262383813628,-113.99999801317855,-1.4925378666800886,37.06293508937788,1.6666672415571429,0.0,0.0,-12.500006984919466,4.0,8.0,-7.359068517156796
07-26,0.0,0.0,-50.0,-25.000090511090967,11.111512072927589,-113.99999801317855,-1.4925378666800886,37.06293508937788,1.6666672415571429,0.0,0.0,-12.500006984919466,3.0,9.0,-12.762626581000541
07-27,0.0,20.000002119276257,-7.142853899067049,-25.000090511090967,4.444846191178018,-113.99999801317855,-1.4925378666800886,37.06293508937788,-21.61110522806537,0.0,0.0,-19.840222243585185,3.0,9.0,-10.631585363486256
07-28,0.0,20.000002119276257,0.0,-23.333414866901453,4.444846191178018,-101.12781993497077,-1.4925378666800886,37.06293508937788,0.0,0.0,0.0,-8.971292271127698,3.0,9.0,-6.1181067949873205
07-29,0.0,20.000002119276257,-3.44827435010018,1.3333395498954699,13.999592035688913,-87.96992691802261,-1.4925378666800886,37.06293508937788,0.0,0.0,0.0,-7.536764185571678,4.0,8.0,-2.3376362105113366
07-30,-8.333329654034321,0.0,13.793104708249851,1.3333395498954699,11.999570842737688,-87.96992691802261,-2.0000028560559713,37.06293508937788,0.0,-12.11734284169322,0.0,-7.626890853180448,4.0,8.0,-4.488211911060474
07-31,0.0,0.0,13.793104708249851,0.0,11.999570842737688,16.666666666666664,-2.0000028560559713,64.00000049670535,0.0,-12.11734284169322,0.0,-19.6159179565336,4.0,8.0,6.060506588339732
08-01,0.0,0.0,13.793104708249851,0.0,11.999570842737688,50.000000000000014,-2.0000028560559713,64.00000049670535,0.0,70.70000188748034,5.164319413048136,-16.598085210934247,6.0,6.0,16.42157577343593
08-02,14.28571536697766,0.0,-3.44827435010018,-25.000090511090967,11.999570842737688,48.33333416117559,-2.0000028560559713,51.12000103314713,0.0,70.70000188748034,5.164319413048136,-16.438359100435257,6.0,6.0,12.893017990573682
08-03,14.28571536697766,0.0,12.280700449814521,-13.166714630186268,11.999570842737688,38.0000009934107,-2.0000028560559713,51.12000103314713,0.0,70.70000188748034,5.164319413048136,-6.250003492459733,7.0,5.0,15.17779908399285
08-04,14.28571536697766,0.0,12.280700449814521,-13.166714630186268,11.999570842737688,38.0000009934107,-11.666663792214338,42.80000258286783,0.0,70.70000188748034,5.164319413048136,-11.111113410673122,7.0,5.0,13.273818308605263
08-05,16.666670591252146,0.0,-1.7543889654266005,-23.454646339513317,-120.00009669241089,50.0,-11.666663792214338,42.80000258286783,0.0,70.70000188748034,5.164319413048136,-14.285711244660995,5.0,7.0,1.1807906200351928
08-06,33.33333529562607,0.0,29.824560359851617,-23.454646339513317,9.999194667853455,50.0,-11.666663792214338,42.80000258286783,0.0,-58.66425881111861,5.164319413048136,-15.77423770371165,6.0,6.0,5.130133806057436
08-07,33.33333529562607,0.0,29.824560359851617,11.14289446818714,-17.188044136338526,50.0,-11.666663792214338,42.80000258286783,0.0,-58.66425881111861,5.164319413048136,-8.68306405396765,6.0,6.0,6.33859011049514
08-08,33.33333529562607,0.0,27.27272727272727,14.285760780186763,-17.188044136338526,46.800000596046424,-11.666663792214338,42.80000258286783,0.0,-58.66425881111861,5.164319413048136,-20.984080449018784,6.0,6.0,5.096091562651021
08-09,39.99999894036187,0.0,-1.8181849007654671,-7.142876605659574,-30.20777281254085,46.800000596046424,-11.666663792214338,42.80000258286783,0.0,-58.66425881111861,5.164319413048136,-28.61538863605311,4.0,8.0,-0.27923533550230556
08-10,33.33333529562607,-25.00000331136924,-5.454546995837293,-7.142876605659574,-30.20777281254085,46.800000596046424,-11.666663792214338,42.80000258286783,0.0,-41.51624966277379,5.164319413048136,-28.61538863605311,4.0,8.0,-1.7921536607383104
08-11,27.77778235646085,-11.111105878330447,-5.454546995837293,-7.142876605659574,4.581003620868378,46.800000596046424,-11.666663792214338,0.0,0.0,-41.51624966277379,5.164319413048136,-37.60539728586541,4.0,8.0,-2.5144778528547542
08-12,33.33333529562607,-11.111105878330447,-3.6363620950717976,-7.142876605659574,4.581003620868378,46.800000596046424,-11.111105745466775,0.0,0.0,-41.51624966277379,5.164319413048136,-20.098843552044077,4.0,8.0,-0.39482371781312037
08-13,22.22222353041737,-11.111105878330447,-3.6363620950717976,24.999888737501262,4.581003620868378,-23.711341473156402,-11.111105745466775,0.0,0.0,-41.51624966277379,5.164319413048136,17.700110675145265,5.0,7.0,-1.3682182398182332
08-14,22.22222353041737,-11.111105878330447,-49.99999442295735,24.999888737501262,4.581003620868378,-3.0927845609636697,-11.111105745466775,0.0,0.0,-441.51627656017706,0.0,9.808341156303275,4.0,8.0,-37.934984176900414
08-15,22.22222353041737,-11.111105878330447,-49.99999442295735,39.999954435357665,0.0,-3.0927845609636697,0.0,0.0,0.0,-441.51627656017706,-751.9999873340129,18.82750872062354,3.0,9.0,-98.05587183917025
08-16,22.22222353041737,-25.00000331136924,-3.6363620950717976,44.99997986678595,59.999822509033486,-3.0927845609636697,5.263155486885312,0.0,0.0,-441.51627656017706,-751.9999873340129,10.134798601835083,5.0,7.0,-90.21878615555313
08-17,29.929929176079916,-25.00000331136924,-3.6363620950717976,44.99997986678595,0.0,-3.0927845609636697,5.263155486885312,0.0,0.0,0.0,-751.9999873340129,10.134798601835083,4.0,8.0,-57.783439514152604
08-18,9.999995761447483,-25.00000331136924,-3.6363620950717976,29.99990887071532,0.0,-4.1666752900242106,5.263155486885312,0.0,0.0,0.0,-751.9999873340129,12.631050063216486,4.0,8.0,-60.5757431540178
08-19,24.999997792420604,-25.00000331136924,0.0,29.99990887071532,0.0,-85.18519199870195,5.263155486885312,0.0,0.0,0.0,-751.9999873340129,-6.307696152015692,3.0,9.0,-67.35248472050654
08-20,9.909907845847279,-25.00000331136924,0.0,29.99990887071532,23.199669389960885,-85.18519199870195,5.263155486885312,0.0,0.0,0.0,-751.9999873340129,0.0,4.0,8.0,-66.15104508755627
08-21,18.918913242746683,0.0,0.0,29.99990887071532,23.199669389960885,-85.18519199870195,5.263155486885312,0.0,45.99999940395356,0.0,-751.9999873340129,0.0,5.0,7.0,-59.483627744871086
08-22,18.918913242746683,0.0,0.0,29.99990887071532,-4.800934609149018,-85.18519199870195,5.263155486885312,-92.30769598154855,48.86363476011952,0.0,-751.9999873340129,8.769224791131574,5.0,7.0,-68.53991439765116
08-23,18.918913242746683,0.0,0.0,29.99990887071532,-4.800934609149018,-85.18519199870195,5.263155486885312,-92.30769598154855,52.63157774344266,16.314204700078136,-751.9999873340129,8.769224791131574,6.0,6.0,-66.86640209070106
08-24,18.181811175945985,-12.500008278423131,3.5087704947959737,0.0,-4.800934609149018,-85.18519199870195,-12.500001940255348,-92.30769598154855,47.57281423474652,16.314204700078136,-751.9999873340129,30.48065329626619,5.0,7.0,-70.26963052002151
08-25,18.181811175945985,0.0,32.14285768348884,0.0,-4.800934609149018,-85.18519199870195,-12.500001940255348,-92.30769598154855,47.57281423474652,16.314204700078136,-751.9999873340129,14.98599729149489,5.0,7.0,-68.13301056482612
08-26,18.181811175945985,0.0,1.7857172591885382,0.0,-4.800934609149018,-79.62963439909136,-12.500001940255348,-92.30769598154855,47.57281423474652,16.314204700078136,-751.9999873340129,-24.229684072433,4.0,8.0,-73.46778258054424
08-27,24.999997792420604,0.0,1.7857172591885382,-42.85695687925298,-19.091390363407367,-79.62963439909136,-18.749999029872328,-92.30769598154855,50.0,16.314204700078136,-751.9999873340129,-23.261538771905855,4.0,8.0,-77.89977358395033
08-28,16.749999845469443,0.0,1.7857172591885382,-42.85695687925298,-13.635809458717182,-77.77776960155767,-18.749999029872328,-92.30769598154855,50.0,16.314204700078136,0.0,-23.261538771905855,4.0,8.0,-15.311653993176536
08-29,16.666668138386264,0.0,1.7857172591885382,-42.85695687925298,-13.635809458717182,0.0,-18.749999029872328,-92.30769598154855,50.0,12.61829853183606,0.0,-23.261538771905855,4.0,8.0,-9.145109682657166
08-30,16.666668138386264,0.0,1.7857172591885382,-42.85695687925298,-13.635809458717182,0.0,-18.749999029872328,-92.30769598154855,58.77862402219659,12.61829853183606,0.0,-23.261538771905855,4.0,8.0,-8.41355768080745
08-31,16.666668138386264,0.0,1.7857172591885382,-42.85695687925298,-13.635809458717182,0.0,-18.749999029872328,-92.30769598154855,-9.89011375890561,12.61829853183606,0.0,-23.261538771905855,3.0,9.0,-14.135952495899303
09-01,7.692304557283576,0.0,19.117648067129707,-42.85695687925298,-13.635809458717182,0.0,-18.749999029872328,0.0,-16.043957771418313,12.61829853183606,0.0,12.868640178222673,4.0,8.0,-3.249152650399065
09-02,38.33333765037737,0.0,16.176472879840237,-42.85695687925298,-13.635809458717182,0.0,-18.749999029872328,0.0,-25.274727883913094,12.61829853183606,0.0,19.653895198602655,4.0,8.0,-1.144624082591605
09-03,45.00000211927626,0.0,17.64705735690227,-42.85695687925298,-13.635809458717182,0.0,0.0,0.0,34.104043529308306,12.61829853183606,0.0,-5.438813418118284,4.0,8.0,3.953151815102871
09-04,45.00000211927626,0.0,17.64705735690227,-42.85695687925298,-13.635809458717182,0.0,0.0,0.0,34.104043529308306,12.61829853183606,90.00000037252902,11.742888839730012,6.0,6.0,12.884960367634314
09-05,45.00000211927626,-75.00000993410775,6.666663840964988,-42.85695687925298,-13.635809458717182,0.0,0.0,0.0,24.99999754915104,-4.416408011653952,90.00000037252902,11.742888839730012,5.0,7.0,3.541697369826622
09-06,45.00000211927626,-75.00000993410775,6.666663840964988,-66.66654009831186,-13.635809458717182,0.0,0.0,0.0,39.76608314534053,-11.447817149204662,90.00000037252902,15.801882378699844,5.0,7.0,2.540371268039099
09-07,45.00000211927626,-75.00000993410775,0.0,-16.66672995084409,0.0,0.0,10.112356571959879,0.0,40.00000082784225,-11.447817149204662,90.00000037252902,11.41439102735648,5.0,7.0,7.784349490400615
09-08,47.619048580170656,-75.00000993410775,0.0,-16.66672995084409,-46.66673436607306,0.0,10.112356571959879,0.0,40.00000082784225,-11.447817149204662,91.40893515332321,-5.777776011714299,4.0,8.0,2.798439476779345
09-09,42.85714069461602,0.0,0.0,-16.66672995084409,-46.66673436607306,0.0,10.112356571959879,0.0,40.00000082784225,-11.447817149204662,92.01277994722705,3.7037110623015317,5.0,7.0,9.492058969818745
09-10,39.99999894036187,0.0,0.0,-16.66672995084409,-46.66673436607306,7.692310304827653,10.112356571959879,0.0,40.00000082784225,-11.447817149204662,93.13186856766994,4.411773406819428,6.0,6.0,10.047252262779935
09-11,39.99999894036187,0.0,0.0,-16.66672995084409,-46.66673436607306,7.692310304827653,10.112356571959879,0.0,39.66480463204663,-6.734007874285362,97.54901961679472,4.411773406819428,6.0,6.0,10.78023260680064
09-12,35.000001059638144,0.0,-12.000003390842014,-27.27284637303653,-46.66673436607306,7.692310304827653,10.112356571959879,0.0,26.81564608561075,-6.734007874285362,93.84236494446932,-9.705881772878705,5.0,7.0,5.923600432449173
09-13,35.000001059638144,0.0,-33.333340061194605,-40.00018225856938,-46.66673436607306,7.692310304827653,16.18648671309913,0.0,49.162013661284305,-6.734007874285362,93.84236494446932,-25.420314894753975,5.0,7.0,4.144049769036847
09-14,13.333334746184185,0.0,-61.904767190938635,-40.00018225856938,-46.66673436607306,7.692310304827653,16.18648671309913,0.0,3.3519620042044584,-6.734007874285362,93.84236494446932,-35.63637102536923,5.0,7.0,-4.711300333537577
09-15,-28.571430733955346,0.0,-50.0,-40.00018225856938,-46.66673436607306,7.692310304827653,16.18648671309913,0.0,3.3519620042044584,-6.734007874285362,94.25419471871834,-65.94872105239187,4.0,8.0,-9.703010212035453
09-16,0.0,0.0,-50.0,-40.00018225856938,-46.66673436607306,7.692310304827653,16.18648671309913,0.0,15.083804044907604,-6.734007874285362,93.30655953323259,-97.66899293245562,4.0,8.0,-9.066729736276372
09-17,-11.111105878330447,0.0,-40.00000423855251,0.0,-46.66673436607306,-35.0000034148495,5.882350363120852,0.0,15.083804044907604,-6.734007874285362,33.065592838824884,-74.0444843582051,3.0,9.0,-13.29371607362022
09-18,-16.666658817495684,0.0,-40.00000423855251,0.0,-46.66673436607306,-35.0000034148495,-4.705881751394866,40.90908936971475,15.083804044907604,-6.734007874285362,10.071938975455362,-45.75686137978444,3.0,9.0,-10.78877662102981
09-19,-16.666658817495684,0.0,3.4482743501002076,24.90599140508004,0.0,-35.0000034148495,-4.705881751394866,40.90908936971475,4.469274347601791,0.0,-4.676264560207012,-45.75686137978444,4.0,8.0,-2.75608670426956
09-20,-16.666658817495684,0.0,-12.000003390842014,24.90599140508004,0.0,-35.0000034148495,80.43956105436905,48.758373582556615,-0.5586603340340609,0.0,-12.589933769563075,-25.464684941546167,3.0,9.0,4.318665114472933
09-21,-31.250000827842296,0.0,13.793104708249851,24.90599140508004,0.0,62.758620784153216,80.43956105436905,48.758373582556615,-0.5586603340340609,0.0,-30.9352602822202,-25.464684941546167,5.0,7.0,11.8705870957305
09-22,-31.250000827842296,0.0,-10.526311093016728,24.90599140508004,0.0,61.42857011078162,80.43956105436905,48.758373582556615,0.0,0.0,-30.9352602822202,-43.00847487725877,4.0,8.0,8.317704089370773
09-23,-25.00000331136923,0.0,-5.263155546508375,0.0,0.0,58.214283104048214,57.31415030209096,48.758373582556615,0.0,0.0,-30.9352602822202,-44.06779901807032,3.0,9.0,4.918382402543972
09-24,4.761906043402116,0.0,-5.263155546508375,0.0,0.0,-46.25000783863183,54.220622825648434,48.758373582556615,0.0,0.0,-266.90647665184304,-37.36720909934437,3.0,9.0,-20.670495557060036
09-25,11.111109616030902,0.0,20.0,8.333369390597213,0.0,-46.25000783863183,54.220622825648434,48.758373582556615,-21.520705430861042,0.0,-46.043175445565836,-27.020787206337637,5.0,7.0,0.13239995778640137
09-26,-26.984125275463843,0.0,31.03448376659988,16.66672995084409,0.0,-46.25000783863183,54.220622825648434,48.758373582556615,-21.520705430861042,0.0,-56.51079922152151,-12.586603322391204,4.0,8.0,-1.0976692469350344
09-27,-122.22221175666095,0.0,20.0,16.66672995084409,0.0,-46.25000783863183,53.43902435921829,48.758373582556615,-21.520705430861042,23.846155830036203,-34.35251739512955,7.142857649699364,6.0,6.0,-4.541025087410735
09-28,-122.22221175666095,0.0,-16.000001695421023,-16.66672995084409,0.0,58.214283104048214,-19.312502338007707,48.758373582556615,-14.670082955840444,23.846155830036203,-34.35251739512955,7.142857649699364,4.0,8.0,-7.105197993796948
09-29,-122.22221175666095,42.85714610093296,-11.11111111111111,-16.66672995084409,8.53662328620805,-40.96386097348148,-19.312502338007707,13.283403706455926,-14.670082955840444,23.846155830036203,-34.35251739512955,4.666670971446382,5.0,7.0,-13.842418048832984
09-30,-50.00000441515883,42.85714610093296,-11.11111111111111,0.0,8.53662328620805,3.6144592012486814,-6.249997089616979,13.283403706455926,-14.670082955840444,23.846155830036203,-57.861362206064584,-2.91110729199887,5.0,7.0,-4.2221564120757495
10-01,-77.7777646958262,0.0,-28.888890772690022,0.0,8.53662328620805,3.6144592012486814,-468.7499990298723,0.0,-14.670082955840444,4.193547340449108,-17.497881890665077,-19.55555467252385,3.0,9.0,-50.899628682459344
10-02,-77.7777646958262,0.0,0.0,-14.142580511558583,8.53662328620805,-249.39759512012697,-468.7499990298723,0.0,-16.309296988571127,4.193547340449108,17.89722996185043,-19.55555467252385,3.0,9.0,-67.94211586916428
10-03,-77.7777646958262,-75.00000993410775,-3.5714269495335382,-14.142580511558583,8.53662328620805,-237.3493898034285,-468.7499990298723,0.0,-16.309296988571127,4.193547340449108,17.89722996185043,-4.888888668130986,3.0,9.0,-72.26349633271012
10-04,-6.666663840965002,12.499995032946124,-45.000002119276274,0.0,8.53662328620805,-237.3493898034285,-468.7499990298723,0.0,-24.30556446635835,4.193547340449108,17.89722996185043,-4.888888668130986,4.0,8.0,-61.98609269221481
10-05,-23.07692182291347,29.999997880723733,4.999997880723761,0.0,8.53662328620805,-237.3493898034285,-468.7499990298723,0.0,-19.333332008785725,4.193547340449108,17.89722996185043,5.599997854232806,6.0,6.0,-56.440187371734346
10-06,0.0,29.999997880723733,-31.57894443313547,0.0,-36.363573420002446,-38.61385564050256,-160.62500126116598,27.51428542437196,1.8000005960464243,4.193547340449108,17.89722996185043,15.03150234146725,6.0,6.0,-14.228734267491461
10-07,1.562496067749025,36.36363198496623,-52.631577773254236,0.0,-36.363573420002446,60.396040894293925,-160.62500126116598,27.51428542437196,1.8000005960464243,4.193547340449108,17.89722996185043,22.05220905349462,8.0,4.0,-6.4867259276000775
10-08,43.74999586078845,36.36363198496623,-31.57894443313547,14.285760780186763,-35.1350674078117,60.396040894293925,-156.25000485063836,27.51428542437196,1.8000005960464243,4.193547340449108,19.068416067312473,5.49055466251418,9.0,3.0,-0.8418152567213345
10-09,24.99999668863077,36.36363198496623,3.8461522786417803,14.285760780186763,-35.1350674078117,-38.61385564050256,0.0,27.51428542437196,1.8000005960464243,4.193547340449108,24.661245914800084,5.49055466251418,9.0,3.0,5.783854385191088
10-10,43.74999586078845,46.15384364582686,3.8461522786417803,14.285760780186763,-49.09090208500897,58.91089184383229,0.0,27.51428542437196,1.8000005960464243,-25.806456264670587,24.661245914800084,18.991898248275337,9.0,3.0,13.751393020257533
10-11,43.74999586078845,43.99999830457899,0.0,0.0,-49.09090208500897,58.91089184383229,0.0,27.51428542437196,-4.066665805710721,-25.806456264670587,35.880755573700775,18.991898248275337,6.0,6.0,12.506983425013125
10-12,35.714284633022345,49.999999999999986,10.0,0.0,-49.09090208500897,58.91089184383229,1.8404914518682598,27.51428542437196,-24.880003929138184,0.0,35.880755573700775,18.991898248275337,8.0,4.0,13.740141763410316
10-13,-50.0,41.666665930806865,-16.000001695421023,0.0,-49.09090208500897,58.91089184383229,1.8404914518682598,27.51428542437196,-23.11999797821045,0.0,39.94923771956639,18.991898248275337,6.0,6.0,4.2218807383400545
10-14,-42.857145740511974,66.66666813838627,-12.000003390842014,0.0,34.39968316537918,58.91089184383229,1.8404914518682598,27.51428542437196,-23.11999797821045,0.0,39.94923771956639,19.64285643011031,7.0,5.0,14.245580588662518
10-15,-66.6666588174957,33.33333627677253,20.0,0.0,34.39968316537918,58.91089184383229,2.439020327365196,27.51428542437196,-13.83136425647721,0.0,14.060909630792546,13.46153680830317,8.0,4.0,10.301803366903664
10-16,-44.444435287078306,16.666668138386264,16.666668138386264,12.499792210437876,34.39968316537918,58.91089184383229,2.439020327365196,27.51428542437196,-13.83136425647721,0.0,-2.6060663530649544,3.846154397232281,8.0,4.0,9.338441479064237
10-17,-77.7777646958262,15.966386853933514,20.0,24.999862577421066,55.99978542136884,0.0,2.439020327365196,27.51428542437196,-15.199995040893555,0.0,-61.23810556922924,-6.826923875986794,6.0,6.0,-1.1769540481229341
10-18,-45.45454720601352,9.090905587972992,20.0,0.0,55.99978542136884,0.0,2.439020327365196,27.51428542437196,-20.000004768371582,0.0,-61.23810556922924,-6.826923875986794,5.0,7.0,-1.5396320548768454
10-19,-45.45454720601352,9.090905587972992,23.99999830457901,-16.66672995084409,55.59978171260238,0.0,3.614459093096798,3.314918415797975,-20.000004768371582,0.0,-63.57143230938998,-6.642352037713742,5.0,7.0,-4.726250263190313
10-20,-16.66666813838625,-0.9174229873997366,-3.999998304578977,-16.66672995084409,55.59978171260238,0.0,3.614459093096798,3.314918415797975,-20.000004768371582,0.0,-63.57143230938998,-10.10901993558237,3.0,9.0,-5.783509764421319
10-21,-3.6269379984347894,0.7633600753103575,0.0,-16.66672995084409,55.59978171260238,-114.89361522243422,3.614459093096798,3.314918415797975,-20.000004768371582,0.0,-19.27083649972235,-17.690676845758908,4.0,8.0,-10.738023499063203
10-22,-9.37499344624881,4.580152363021347,0.0,-16.66672995084409,11.199883354416702,14.261457281313003,3.614459093096798,3.314918415797975,-20.000004768371582,-28.099172154286133,-28.571425789977344,-17.690676845758908,5.0,7.0,-6.952677703986754
10-23,-9.37499344624881,-6.87023258895236,-8.695648167719886,-16.66672995084409,15.384521725291279,14.261457281313003,1.807229546548399,3.314918415797975,-20.000004768371582,-28.099172154286133,-47.5999929368497,-17.690676845758908,4.0,8.0,-10.019110324173402
10-24,-9.37499344624881,12.499995032946162,-4.166664827017169,0.0,15.384521725291279,14.261457281313003,1.807229546548399,3.314918415797975,-20.000004768371582,-28.099172154286133,-57.59999815225607,-17.690676845758908,5.0,7.0,-7.471949016003488
10-25,-4.9999978807237415,12.499995032946162,0.0,-14.285442887747033,-92.30696732966047,14.261457281313003,8.426962647266693,3.314918415797975,0.0,-28.099172154286133,-57.59999815225607,-17.591027318190797,4.0,8.0,-14.698272695461702
10-26,4.545452793986496,7.692304557283576,0.0,-14.285442887747033,-92.30696732966047,14.261457281313003,8.426962647266693,-5.136678283813492,-8.159995079040527,-28.099172154286133,-57.59999815225607,-17.940555123618722,4.0,8.0,-15.716885977547724
10-27,4.545452793986496,0.8264476561111825,-4.166664827017169,14.285760780186763,-92.30696732966047,14.261457281313003,8.426962647266693,-5.136678283813492,-8.159995079040527,-28.099172154286133,-57.59999815225607,-18.895969489002486,5.0,7.0,-14.334947013017684
10-28,21.73912963354398,0.8333347314669516,-4.166664827017169,14.285760780186763,-16.27851816877257,-146.34145913014413,-8.609269344741987,-5.136678283813492,0.0,-28.099172154286133,-57.59999815225607,-15.299337815190725,3.0,9.0,-20.389406060918716
10-29,0.0,8.333338484351927,-4.166664827017169,14.285760780186763,-16.27851816877257,-146.34145913014413,-56.19046853152725,-5.136678283813492,0.0,-28.099172154286133,-31.999997317791024,-11.948333231345675,2.0,10.0,-23.128516031679894
10-30,-9.090915221047267,8.333338484351927,0.0,14.285760780186763,-16.27851816877257,-146.34145913014413,-58.09523899629091,-10.759486856209536,-2.3750998063520203,-8.013936739507775,16.000002384185755,-12.142088425799813,3.0,9.0,-18.706470141283297
10-31,12.272719653841238,9.090915459883371,0.0,14.285760780186763,0.0,-146.34145913014413,-58.09523899629091,-10.759486856209536,-2.3750998063520203,-8.013936739507775,16.000002384185755,-8.611411482411313,4.0,8.0,-15.212269561068211
11-01,3.4999953375922113,15.384617265629833,0.0,14.285760780186763,0.0,-14.634145307276148,-58.09523899629091,9.499999596426886,-2.3750998063520203,-8.013936739507775,-15.199996304512078,-8.611411482411313,4.0,8.0,-5.354954638042879
11-02,3.4999953375922113,16.153841200508058,-15.000004238552517,14.285760780186763,49.99981985991459,-14.634145307276148,-58.09523899629091,15.813950560254812,-8.695650202114823,15.67944201121546,-14.799996989965484,-8.145768493451074,6.0,6.0,-0.3281662064982556
11-03,3.9999961853027344,-0.7692320859409075,-4.347824083859943,14.285760780186763,37.50005215429698,-14.634145307276148,-58.09523899629091,12.560388994688731,-8.695650202114823,15.67944201121546,-16.666669190576165,-1.1789964858494217,5.0,7.0,-1.696843018851471
11-04,3.9999961853027344,-14.285707798134128,-4.347824083859943,14.285760780186763,37.50005215429698,-187.31705872165844,-58.09523899629091,12.560388994688731,-8.695650202114823,15.67944201121546,-474.0000063329936,-1.1789964858494217,5.0,7.0,-55.324570207934215
11-05,-17.64705735690225,-14.285707798134128,-4.347824083859943,14.285760780186763,-96.97001655394727,-187.31705872165844,-69.52380265328179,12.560388994688731,-8.695650202114823,15.67944201121546,-400.00001862645195,-1.2647380549943885,3.0,9.0,-63.12719018877117
11-06,-29.41175810606016,7.142861467910603,-4.347824083859943,-16.66672995084409,-8.333383004148285,-206.77083164908382,-69.52380265328179,12.560388994688731,-8.695650202114823,15.67944201121546,-400.00001862645195,-0.9646305845615346,3.0,9.0,-59.11099469888263
11-07,-29.41175810606016,-8.333329654034321,3.999998304578993,-16.66672995084409,-29.999913241740877,-206.77083164908382,-69.52380265328179,12.560388994688731,-8.695650202114823,15.67944201121546,-400.00001862645195,-0.9646305845615346,3.0,9.0,-61.51056961314085
11-08,-29.41175810606016,-18.181820809020238,0.0,-7.692339042656042,-115.0000658965403,-6.770838116601848,-69.52380265328179,19.589375832116467,-8.695650202114823,15.67944201121546,-400.00001862645195,-0.9646305845615346,2.0,10.0,-51.74767551616306
11-09,-29.41175810606016,-10.000007706459419,0.0,-7.692339042656042,-115.0000658965403,-17.142864035911515,-69.52380265328179,19.589375832116467,5.446295404581171,15.67944201121546,-400.00001862645195,-0.9646305845615346,3.0,9.0,-50.75169778366746
11-10,-35.2941209469699,-9.090915221047267,-19.047621450426647,-7.692339042656042,-168.75038494881588,-17.142864035911515,-43.809519642154534,23.67149610656178,7.63993903373748,0.0,-400.00001862645195,3.3226155706433875,3.0,9.0,-55.516144433624255
11-11,-29.41175810606016,-10.000007706459419,-19.047621450426647,-7.692339042656042,-168.75038494881588,-17.142864035911515,0.0,23.67149610656178,7.63993903373748,0.0,-400.00001862645195,0.428723816958814,3.0,9.0,-51.6920695799603
11-12,-17.64705735690225,-18.181820809020238,4.761902839658683,0.0,-168.75038494881588,-17.142864035911515,0.0,3.381645728855727,7.63993903373748,8.598723696513163,-400.00001862645195,0.428723816958814,5.0,7.0,-49.74260088844816
11-13,-17.64705735690225,-18.181820809020238,-11.111105878330447,-16.66672995084409,-212.4989651913551,-17.142864035911515,0.0,3.381645728855727,-6.917687723472557,8.598723696513163,-400.00001862645195,0.0,2.0,10.0,-57.34882334557661
11-14,-17.64705735690225,-18.181820809020238,-14.285714285714285,0.0,-150.0002814679514,-17.142864035911515,0.0,3.381645728855727,-6.917687723472557,8.598723696513163,-391.99999478459347,0.0,2.0,10.0,-50.34958758651641
11-15,-17.64705735690225,-12.068968194686208,-53.33333898473669,0.0,-150.0002814679514,-17.142864035911515,0.0,-3.8647276920801046,1.541096425628719,8.598723696513163,0.0,0.0,2.0,10.0,-20.326451467510523
11-16,4.761902839658683,7.142861467910603,-27.777776469582587,0.0,17.500096030242258,-17.142864035911515,0.0,-18.285719273041863,1.541096425628719,8.598723696513163,0.0,0.0,5.0,7.0,-1.9718066098818785
11-17,5.555558826043444,-16.66666813838625,-12.359552655679837,14.285760780186763,17.500096030242258,-17.142864035911515,0.0,-18.285719273041863,1.541096425628719,8.598723696513163,0.0,0.0,5.0,7.0,-1.4144640287004264
11-18,-4.9999978807237415,19.99999858714916,-22.12994403744172,24.999862577421066,17.500096030242258,-6.493506577282064,0.0,-18.285719273041863,1.541096425628719,8.598723696513163,0.0,0.0,5.0,7.0,1.7275507957054146
11-19,9.999995761447483,26.666669492368346,-22.12994403744172,14.285760780186763,-50.0,0.2597446495801743,0.0,-18.285719273041863,-18.312760813440896,8.598723696513163,0.0,0.0,5.0,6.0,-4.076460811985712
11-20,9.999995761447483,22.666669774938512,-31.57894443313547,7.142884174527188,-25.000140733975712,9.090914368770058,0.0,-72.50000931322614,-18.312760813440896,8.598723696513163,0.0,0.0,5.0,6.0,-7.491055626465152
11-21,0.0,17.1428629816793,-31.57894443313547,-8.333360560246875,0.0,9.090914368770058,0.0,-72.50000931322614,1.26960340098134,8.598723696513163,0.0,0.0,4.0,7.0,-6.359184154888719
11-22,-11.111105878330472,22.666669774938512,-4.9999978807237415,-16.66672995084409,0.0,9.090914368770058,0.0,-72.50000931322614,1.26960340098134,0.0,0.0,0.0,3.0,8.0,-6.020887956536211
11-23,0.0,6.666663840965002,5.263155546508313,-16.66672995084409,0.0,17.257687337477243,39.58573115250719,-72.50000931322614,1.6365158800046957,0.0,0.0,0.0,5.0,6.0,-1.5630821255506493
11-24,-11.111105878330472,22.580642735479785,6.815763803845773,0.0,20.00009006964305,17.257687337477243,39.58573115250719,-72.50000931322614,1.6365158800046957,0.0,0.0,0.0,6.0,5.0,2.0221096489500936
11-25,-11.111105878330472,27.27272785654991,6.815763803845773,3.3816568140732044,20.00009006964305,5.660379505668354,39.58573115250719,-72.50000931322614,1.6365158800046957,0.0,0.0,0.0,7.0,4.0,1.7284791575612968
11-26,-11.111105878330472,27.27272785654991,20.12779754615352,0.0,9.090958351194748,0.0,45.026178452973454,-72.50000931322614,3.220336650062395,0.0,0.0,0.0,5.0,6.0,1.7605736387814515
11-27,-11.111105878330472,27.27272785654991,6.249997516473081,0.0,-25.00017333068836,0.0,45.026178452973454,-72.50000931322614,3.220336650062395,0.0,0.0,0.0,4.0,7.0,-2.2368373371821777
11-28,-11.111105878330472,50.0,-4.022193908050598,-16.66672995084409,-25.00017333068836,0.0,45.026178452973454,-72.50000931322614,10.153840740051285,-16.728616349675402,0.0,0.0,3.0,8.0,-3.4040674614825264
11-29,-11.111105878330472,53.84615227864179,0.0,-14.285442887747033,-25.00017333068836,-10.00000638621214,16.666663381578157,-45.83333505800484,10.153840740051285,-32.489442456880745,0.0,0.0,3.0,8.0,-4.837737466466029
11-30,-42.85713853208938,55.390332097692806,-13.722218938652347,0.0,-25.00017333068836,-10.00000638621214,21.641787379513033,-45.83333505800484,37.49196008060235,-32.489442456880745,0.0,0.0,3.0,8.0,-4.614852928726635
12-01,-42.85713853208938,36.17021161469825,-5.555552939165191,0.0,-25.00017333068836,-10.00000638621214,21.641787379513033,0.0,37.49196008060235,-32.489442456880745,0.0,0.0,3.0,8.0,-1.7165295475185152
12-02,-28.57143073395528,41.66666593080687,-5.555552939165191,-22.80710755963648,-25.00017333068836,-10.00000638621214,21.641787379513033,0.0,13.890671278648082,-32.489442456880745,71.09826723401616,0.0,4.0,7.0,1.9894732013704963
12-03,-25.00000331136924,37.5000011037897,-11.111105878330447,-22.80710755963648,-25.00017333068836,-10.00000638621214,16.666663381578157,0.0,-10.478546723714835,-32.489442456880745,71.09826723401616,0.0,3.0,8.0,-0.9684544939540191
12-04,-12.500008278423106,37.5000011037897,-11.111105878330447,-42.51804068604001,-3.89611908749496,-20.85714887842859,-37.93651435025217,2.439025375184195,6.100980550745228,-32.489442456880745,71.09826723401616,0.0,4.0,7.0,-3.680842112676229
12-05,-12.500008278423106,37.5000011037897,-14.285714285714285,-42.51804068604001,-25.000140733975712,-20.85714887842859,-37.93651435025217,2.439025375184195,-21.727274882399342,-32.489442456880745,71.09826723401616,0.0,3.0,8.0,-8.023082569926991
12-06,-12.500008278423106,37.5000011037897,-26.666669492368317,-8.947405307952485,-25.000140733975712,-6.0000024125690175,-37.93651435025217,2.439025375184195,-1.4860130979123525,-32.489442456880745,71.09826723401616,0.0,3.0,8.0,-3.332408534778653
12-07,-12.500008278423106,32.60869905743811,-70.72728362140404,-5.263177952600158,-10.000059604977944,-6.0000024125690175,-37.93651435025217,2.439025375184195,-10.280373701623216,-32.489442456880745,71.09826723401616,0.0,3.0,8.0,-6.587572559340994
12-08,9.999995761447483,33.999998304579,-6.666663840965002,-22.80710755963648,-10.000059604977944,11.666668834825018,-37.93651435025217,1.518263451146468,-10.280373701623216,-32.489442456880745,71.09826723401616,0.0,5.0,6.0,0.675252672639882
12-09,-28.57143073395528,3.999998304578993,3.8666689837420427,-22.80710755963648,-10.000059604977944,16.666670608772737,-51.58730878320977,1.518263451146468,-21.495321766550767,-50.961532348011964,71.09826723401616,0.0,5.0,6.0,-7.356074351173817
12-10,0.0,-3.999998304578977,-20.00000565140338,-22.80710755963648,20.000110931486727,16.666670608772737,0.0,1.518263451146468,-21.495321766550767,-50.961532348011964,71.09826723401616,0.0,4.0,7.0,-0.83172111706329
12-11,0.0,-7.599995930989584,-20.00000565140338,-33.333494242133675,8.57148614906989,16.666670608772737,-6.349205567042396,1.518263451146468,-0.7751954102572899,-29.326926908640388,71.09826723401616,0.0,4.0,7.0,0.03915531104487968
12-12,0.0,-68.12499809596267,-21.04909445123754,-53.846429729633705,8.57148614906989,16.666670608772737,-6.349205567042396,31.034486696039366,-7.705048370131518,-13.942310835176949,71.09826723401616,0.0,4.0,7.0,-3.637181363440552
12-13,12.499995032946124,-45.40540323813961,-21.04909445123754,-25.274858098033288,8.57148614906989,16.666670608772737,-6.349205567042396,31.034486696039366,-28.831808237984024,-13.942310835176949,0.0,0.0,4.0,7.0,-6.006670161732142
12-14,12.499995032946124,32.857144068157865,0.0,-25.274858098033288,8.57148614906989,16.666670608772737,-6.349205567042396,31.034486696039366,-0.4142510407356128,-13.942310835176949,0.0,0.0,5.0,6.0,4.637429751166478
12-15,23.809524290085328,17.24137905835004,0.0,7.472558439040531,8.57148614906989,-39.99999006589293,-6.349205567042396,29.310348149783216,-18.144157312803383,-13.942310835176949,-4.848487927237178,0.0,5.0,6.0,0.2600953648480144
12-16,0.0,7.999996609157986,2.7777823564608584,7.472558439040531,0.0,-39.99999006589293,0.0,29.310348149783216,8.864956222438385,-13.942310835176949,-4.848487927237178,0.0,5.0,6.0,-0.19709558761883983
12-17,29.999997880723733,0.0,16.666670591252164,7.472558439040531,-20.31264923901619,-39.99999006589293,0.0,29.310348149783216,8.864956222438385,-13.942310835176949,-4.848487927237178,0.0,5.0,6.0,1.1009244346595657
12-18,29.999997880723733,36.000001695421,16.666670591252164,7.472558439040531,-37.93131482910918,-39.99999006589293,0.0,29.310348149783216,20.977013032307035,-13.942310835176949,-4.848487927237178,0.0,6.0,5.0,3.6420405109259533
12-19,20.000002119276257,33.33333627677252,-7.142853899067064,-14.00006485014213,9.090958351194748,-67.99999602635717,0.0,-17.703339048217494,17.934006458167275,-13.942310835176949,1.142855196583036,0.0,5.0,6.0,-3.273950521413914
12-20,20.000002119276257,49.99999999999999,38.888894121669544,5.000018102218193,9.090958351194748,-67.99999602635717,-25.124130102775382,-17.703339048217494,10.833330694586001,0.0,1.142855196583036,0.0,7.0,4.0,2.0107161173481436
12-21,0.0,46.6666680795175,16.666670591252164,25.000090511090967,20.45464876431121,-67.99999602635717,40.00000236526363,-16.60286339937534,-7.499996740370904,0.0,1.142855196583036,0.0,6.0,5.0,4.819006611826258
12-22,0.0,51.51515404504964,17.38889047180505,24.16676151934653,20.45464876431121,-67.99999602635717,0.0,-66.50717038134137,-0.583337012057562,0.0,32.4746287305521,0.0,5.0,6.0,0.9091316759423697
12-23,27.272726396993246,49.999999999999986,17.38889047180505,17.27279820747027,20.45464876431121,-67.99999602635717,0.0,-66.50717038134137,-0.583337012057562,0.0,32.4746287305521,0.0,6.0,5.0,2.4810990959479806
12-24,30.434787015508125,5.405403238139642,0.0,17.27279820747027,20.45464876431121,-67.99999602635717,0.0,-66.50717038134137,-2.4618034402708586,0.0,32.4746287305521,0.0,5.0,6.0,-2.577225324332337
12-26,8.695657381964148,-6.06060333610038,-12.500008278423117,30.00010514906835,27.83517662514896,0.0,0.0,-66.50717038134137,-2.4618034402708586,-0.4830909615100131,38.888890805190435,0.0,4.0,7.0,1.4505961303105133
12-27,-4.9999978807237415,0.0,0.0,30.00010514906835,34.02077446522507,0.0,0.0,-66.50717038134137,-2.4618034402708586,-0.4830909615100131,38.888890805190435,0.0,3.0,8.0,2.3714756463031557
12-28,-4.9999978807237415,12.121213094249853,-20.00000565140338,30.00010514906835,40.2063654777044,0.0,-9.565217579094684,-66.50717038134137,-18.16638803940179,-0.4830909615100131,38.888890805190435,0.0,4.0,7.0,0.12455866939483862
12-29,0.0,21.874997930394223,17.64705735690228,23.077000825786985,40.2063654777044,0.0,-9.565217579094684,-4.500007978330246,-18.336170204153465,-0.4830909615100131,43.29897105180687,0.0,5.0,6.0,9.434992159958863
12-30,38.461539088543276,29.41176433922557,-5.882356607744358,16.66672995084409,40.2063654777044,0.0,12.434781773028757,-4.500007978330246,-1.8675721884113994,-9.47368802869101,43.29897105180687,0.0,6.0,5.0,13.229710573164661
12-31,20.000002119276257,5.882356607744358,-5.882356607744358,28.571521560373526,9.278389932517399,0.0,-82.60870316378654,-4.500007978330246,-1.8675721884113994,-9.47368802869101,0.0,0.0,4.0,7.0,-3.383338145587668
