,2009,2010,2011,2012,2013,2014,2015,2016,2017,2018,2019,2020,ups,downs,end_day_sum,avg
01-02,0.1499999761581421,0.0,0.039999961853027344,-0.1499999761581421,0.5099999904632568,-0.1900000572204581,0.46999931335449396,-0.23000001907348633,0.0,0.06999993324279785,0.21000003814697266,-0.009999990463256614,6.0,6.0,01-17,0.0724999308586123
01-03,0.1499999761581421,0.0,0.039999961853027344,-0.1499999761581421,0.4399998188018799,-0.1900000572204581,1.1799993515014666,-0.23000001907348633,0.0,-0.1700000762939453,0.1700000762939453,-0.009999990463256614,5.0,7.0,01-18,0.10249992211659774
01-04,0.1499999761581421,0.0,0.039999961853027344,0.050000011920928955,0.4399998188018799,-0.1900000572204581,1.1799993515014666,-0.32000017166137784,0.0,-0.1600000858306898,0.12000000476837158,-0.009999990463256614,6.0,6.0,01-19,0.1083332349856695
01-05,0.1499999761581421,0.0,0.039999961853027344,0.050000011920928955,0.4399998188018799,-0.1900000572204581,1.5699996948242188,-0.4699997901916486,0.0,-0.23000001907348766,0.12000000476837158,-0.009999990463256614,6.0,6.0,01-20,0.1224999676148098
01-06,0.0,0.0,0.039999961853027344,0.050000011920928955,0.4399998188018799,-0.1300001144409162,0.8499994277954084,-0.7199997901916504,0.0,-0.23000001907348766,0.12000000476837158,-0.009999990463256614,5.0,7.0,01-21,0.03416660924752544
01-07,0.0,0.0,0.039999961853027344,0.0,0.4399998188018799,0.7699999809265163,1.2799997329711932,-0.48000001907348455,0.0,-0.23000001907348766,0.12000000476837158,0.05000001192092918,6.0,6.0,01-22,0.16583328942457878
01-08,0.0,0.0,0.039999961853027344,0.0,0.4399998188018799,0.4900002479553196,-0.3400001525878906,-0.42999982833862127,0.0,-0.23000001907348766,0.12000000476837158,-0.08999997377395608,4.0,8.0,01-23,4.967053564749098e-09
01-09,0.0,0.0,0.06999993324279785,0.0,0.3599998950958252,0.4900002479553196,0.009999275207517755,-0.2699999809265119,0.0,-0.23000001907348766,0.12000000476837158,-0.08999997377395608,5.0,7.0,01-24,0.038333281874656365
01-10,0.0,0.0,0.06999993324279785,0.0,0.3599998950958252,0.36000013351440163,0.22999954223632635,-0.3300001621246338,0.0,-0.23000001907348766,0.12000000476837158,-0.07999998331069946,5.0,7.0,01-25,0.041666612029075144
01-11,0.0,0.0,0.06999993324279785,0.0,0.3599998950958252,0.36000013351440163,-0.13000011444091797,-0.15000009536743164,0.0,-0.23000001907348766,0.060000061988830344,-0.07999998331069946,4.0,8.0,01-26,0.021666650970776524
01-12,0.0,0.0,0.029999971389770508,0.0,-0.07999992370605469,0.36000013351440163,-0.619999885559082,-0.2999997138977042,0.0,-0.23000001907348766,0.060000061988830344,-0.07999998331069946,3.0,9.0,01-27,-0.0716666132211688
01-13,0.0,1.2299999594688418,0.029999971389770508,0.0,-0.07999992370605469,0.11000013351440163,0.2799997329711932,-0.36999988555908203,0.0,0.009999990463255504,0.060000061988830344,-0.07999998331069946,6.0,6.0,01-28,0.09916667143503806
01-14,0.0,0.9699999690055847,0.029999971389770508,0.0,-0.07999992370605469,-0.32000017166137784,0.28999996185302734,-0.31999969482421786,0.0,0.029999971389770508,0.11000001430511452,-0.07999998331069946,5.0,7.0,01-29,0.05250000953674314
01-15,0.0,0.9699999690055847,0.029999971389770508,0.0,-0.07999992370605469,-0.5799999237060538,-0.43000030517578125,-0.13000011444091975,0.0,0.029999971389770508,0.04999995231628418,-0.07999998331069946,4.0,8.0,01-30,-0.018333365519841587
01-16,0.0,0.9699999690055847,0.029999971389770508,0.0,-0.12999987602233887,-0.6399998664855957,0.2899999618530291,-0.09999990463256836,0.0,0.029999971389770508,0.04999995231628418,-0.07999998331069946,5.0,7.0,01-31,0.03500001629193639
01-17,0.0,0.9699999690055847,0.029999971389770508,0.0,-0.12999987602233887,-0.8099999427795437,-0.7899999618530291,-0.25,0.0,0.019999980926515004,0.04999995231628418,-0.13999998569488525,4.0,8.0,02-01,-0.08749999105930355
01-18,0.0,0.9699999690055847,0.029999971389770508,0.0,-0.12999987602233887,-0.530000209808347,-0.7899999618530291,0.11000013351440341,0.0,0.019999980926515004,0.04999995231628418,0.0,5.0,7.0,02-02,-0.022500003377596427
01-19,0.0,0.9699999690055847,0.029999971389770508,0.0,-0.04999995231628418,-0.530000209808347,-1.7799997329711932,-0.019999980926513672,0.0,0.019999980926515004,0.04999995231628418,0.0,4.0,8.0,02-03,-0.10916666686534864
01-20,-0.029999971389770508,0.8699999451637268,0.0,0.0,-0.04999995231628418,-0.530000209808347,-2.25,-0.2300002574920672,0.0,0.019999980926515004,0.04999995231628418,0.0,3.0,9.0,02-04,-0.17916670938332857
01-21,-0.029999971389770508,0.8699999451637268,0.0,0.0,-0.04999995231628418,-0.530000209808347,-1.4799995422363263,0.009999990463256836,0.0,0.019999980926515004,0.04999995231628418,0.0,4.0,8.0,02-05,-0.09499998390674542
01-22,0.010000050067901611,0.8699999451637268,0.0,0.0,-0.04999995231628418,-0.2600002288818333,-1.0,-0.1700000762939453,0.0,-0.3700001239776598,0.04999995231628418,0.0,3.0,9.0,02-06,-0.07666670282681749
01-23,0.010000050067901611,0.8699999451637268,0.0,0.0,-0.04999995231628418,-0.2600002288818333,-0.5100002288818359,0.039999961853027344,0.0,-0.3700001239776598,0.04999995231628418,0.0,4.0,8.0,02-07,-0.018333385388056105
01-24,0.010000050067901611,0.8699999451637268,0.0,0.0,-0.04999995231628418,-0.010000228881833273,-1.5,0.07000017166137784,0.0,-0.2699999809265119,0.04999995231628418,0.0,4.0,8.0,02-08,-0.06916667024294491
01-25,0.030000030994415283,0.8699999451637268,0.0,0.0,-0.04999995231628418,0.26999998092651367,-0.7700004577636719,0.059999942779541016,0.0,-0.25999999046325684,0.0,0.0,4.0,8.0,02-09,0.012499958276748657
01-26,0.030000030994415283,-0.36000001430511497,0.0,0.0,-0.04999995231628418,0.0,-1.4600000381469727,-0.1400001049041748,0.0,-0.25999999046325684,0.0,0.0,1.0,11.0,02-10,-0.186666672428449
01-27,0.030000030994415283,-0.10000002384185791,0.0,0.0,-0.04999995231628418,-0.2399997711181623,-2.159999847412111,-0.21000003814697266,0.0,-0.25999999046325684,0.0,0.0,1.0,11.0,02-11,-0.24916663269201914
01-28,-0.09999996423721308,-0.10000002384185791,0.0,0.0,-0.04999995231628418,-0.2399997711181623,-1.7799997329711914,-0.09999990463256836,0.0,-0.49000000953674316,0.0,0.0,0.0,12.0,02-12,-0.23833327988783504
01-29,-0.09999996423721308,-0.10000002384185791,0.0,0.5099999904632568,0.0,-0.28999996185302734,-1.439999580383299,-0.46000003814697177,0.0,-0.48000001907348633,0.0,-0.08000004291534424,1.0,11.0,02-13,-0.20333330333232857
01-30,-0.09999996423721308,-0.10000002384185791,0.0,0.5099999904632568,0.0,-0.28999996185302734,-0.44999980926513494,-0.3299999237060547,0.0,-0.23000001907348633,0.0,-0.12000000476837158,1.0,11.0,02-14,-0.0924999763568241
01-31,-0.06999999284744257,-0.10000002384185791,0.0,0.5099999904632568,0.0,-0.28999996185302734,0.020000457763671875,-0.3299999237060547,0.0,-0.23000001907348633,0.0,-0.12000000476837158,2.0,10.0,02-15,-0.05083328982194265
02-01,-0.06999999284744257,-0.10000002384185791,0.0,0.5099999904632568,0.0,-0.28999996185302734,0.020000457763671875,-0.3900001049041748,0.0,-0.3299999237060547,0.0,-0.12000000476837158,2.0,10.0,02-16,-0.06416663030783336
02-02,-0.06999999284744257,0.0,0.0,0.3500000238418577,0.0,-0.28999996185302734,0.22000026702880682,-0.1299998760223393,0.0,0.06000018119812012,0.0,-0.12000000476837158,3.0,9.0,02-17,0.0016667197148003178
02-03,-0.06999999284744257,0.0,0.0,0.3500000238418577,0.0,-0.28999996185302734,0.5399999618530273,-0.019999980926513672,0.0,0.06000018119812012,0.0,-0.12000000476837158,3.0,9.0,02-18,0.03750001887480416
02-04,0.039999961853027344,0.0,0.0,0.3500000238418577,0.0,-0.559999942779541,0.5500001907348651,0.3299999237060556,0.0,0.06000018119812012,-0.12000000476837158,-0.12000000476837158,5.0,7.0,02-19,0.04416669408480347
02-05,0.04000002145767212,0.0,0.0,0.3500000238418577,0.0,-0.559999942779541,-0.3099994659423828,0.3400001525878924,0.0,0.06000018119812012,-0.12999999523162842,-0.12000000476837158,4.0,8.0,02-20,-0.027499919136365125
02-06,0.04000002145767212,0.0,0.0,0.3500000238418577,0.0,-0.28999996185302734,0.38000011444091797,0.5400002002716082,0.0,0.05999994277954057,-0.12999999523162842,-0.12000000476837158,5.0,7.0,02-21,0.0691666950782141
02-07,0.04000002145767212,0.0,0.0,0.3500000238418577,0.0,-0.05000019073486506,0.7600002288818359,0.9399998188018799,0.0,-0.029999971389770064,-0.12999999523162842,-0.12000000476837158,4.0,8.0,02-22,0.14666666090488423
02-08,0.04000002145767212,0.0,0.0,0.49000000953674316,0.0,-0.05000019073486506,0.6500005722045898,0.7200000286102295,0.0,0.24000000953674316,-0.12999999523162842,-0.12000000476837158,5.0,7.0,02-23,0.15333337088425938
02-09,-0.09000003337860107,0.0,0.0,-0.019999980926513672,0.0,0.6599998474121076,0.35000038146972656,1.0900001525878906,0.0,0.23000001907348633,-0.12999999523162842,-0.12999999523162842,4.0,8.0,02-24,0.16333336631456996
02-10,0.03999996185302729,0.0,0.0,-0.019999980926513672,0.0,0.759999752044676,-0.11999988555908203,1.2899999618530273,0.0,-0.019999980926513672,-0.12999999523162842,-0.12999999523162842,3.0,9.0,02-25,0.13916665315628038
02-11,0.03999996185302729,0.0,0.0,-0.019999980926513672,-0.18000006675720215,0.929999828338623,-0.46000003814697443,1.3700001239776611,0.0,-0.019999980926513672,-0.12999999523162842,-0.04999995231628418,3.0,9.0,02-26,0.12333332498868292
02-12,0.03999996185302729,0.0,0.0,0.0,-0.18000006675720215,1.1199998855590811,-0.21000003814697266,1.2899999618530278,0.0,-0.019999980926513672,-0.12999999523162842,-0.009999990463256836,3.0,9.0,02-27,0.15833331147829688
02-13,0.03999996185302729,0.0,0.0,0.0,-0.18000006675720215,1.3000001907348642,-0.38000011444091797,1.0,0.0,-0.019999980926513672,-0.11000001430511452,-0.030000030994415283,3.0,9.0,02-28,0.13499999543031066
02-14,-0.11000001430511475,0.0,0.0,0.0,-0.18000006675720215,1.3000001907348642,-0.5100002288818377,0.9699997901916504,0.0,0.0,0.009999990463257058,-0.030000030994415283,3.0,9.0,02-29,0.12083330253760015
02-15,-0.13999998569488525,0.0,0.0,0.15999996662139915,-0.18000006675720215,1.3000001907348642,-0.6100006103515643,0.9699997901916504,0.0,0.15999984741210982,0.019999980926513894,-0.030000030994415283,5.0,7.0,03-01,0.13749992350737253
02-16,-0.13999998569488525,0.0,0.0,0.15999996662139915,-0.18000006675720215,1.0399999618530273,-2.039999961853029,0.7899999618530273,0.0,0.05999994277954146,0.019999980926513894,-0.030000030994415283,5.0,7.0,03-02,-0.026666685938835217
02-17,-0.13999998569488525,0.0,0.0,0.15999996662139915,-0.18000006675720215,1.0500001907348642,-2.039999961853029,0.17000007629394354,0.0,0.11999988555908203,0.05000007152557373,-0.030000030994415283,5.0,7.0,03-03,-0.0699999878803891
02-18,-0.1600000262260437,0.0,0.0,0.019999980926513672,0.15000009536743164,0.8899998664855948,-1.4200000762939453,-0.4099998474121085,0.0,0.11999988555908203,0.060000061988830566,-0.030000030994415283,5.0,7.0,03-04,-0.06500000754992168
02-19,-0.1600000262260437,0.0,0.0,0.019999980926513672,0.2799999713897705,0.9499998092651367,-1.530000686645506,-0.1900000572204581,0.0,0.009999990463256392,0.060000061988830566,-0.030000030994415283,5.0,7.0,03-05,-0.049166748921076274
02-20,-0.029999971389770508,0.0,0.0,0.019999980926513672,0.2799999713897705,0.26999998092651367,-1.2300004959106428,-0.45000028610229403,0.0,-0.09000015258789107,0.060000061988830566,-0.020000040531158447,4.0,8.0,03-06,-0.09916674594084403
02-21,-0.029999971389770508,0.0,0.0,0.07999992370605469,-0.15000009536743164,0.1700000762939453,-0.8100004196166974,-0.1900000572204572,0.0,-0.06999993324279785,0.060000061988830566,-0.020000040531158447,3.0,9.0,03-07,-0.0800000379482902
02-22,-0.029999971389770508,0.0,0.0,0.07999992370605469,0.029999971389770508,0.05000019073486328,-0.5900001525878906,-0.13000011444091797,0.0,-0.06999993324279785,0.060000061988830566,-0.020000040531158447,4.0,8.0,03-08,-0.051666672031084694
02-23,-0.029999971389770508,0.0,0.0,0.059999942779541016,0.029999971389770508,0.010000228881835938,-0.9200000762939453,-0.3299999237060556,0.0,-0.06999993324279785,0.060000061988830566,-0.020000040531158447,4.0,8.0,03-09,-0.10083331167697913
02-24,-0.029999971389770508,0.0,0.0,0.059999942779541016,0.420000076293944,-0.03999996185302823,-1.3400001525878906,-0.4099998474121094,0.0,-0.06999993324279785,0.060000061988830566,-0.020000040531158447,3.0,9.0,03-10,-0.11416665216286996
02-25,-0.029999971389770508,0.0,0.0,0.059999942779541016,0.4900000095367445,-0.29999971389770685,-1.7899999618530273,-0.14999961853027344,0.0,-0.0399999618530269,0.060000061988830566,-0.12000000476837158,3.0,9.0,03-11,-0.15166660149892172
02-26,0.0,0.0,0.0,0.059999942779541016,0.559999942779541,-0.7400002479553232,-1.9399995803833008,-0.14999961853027344,0.0,-0.0399999618530269,0.04000008106231667,-0.12000000476837158,3.0,9.0,03-12,-0.1941666205724081
02-27,0.0,0.0,0.0,0.059999942779541016,0.5699999332427979,-0.48000001907348633,-0.5100002288818359,0.03000020980834961,0.0,-0.05000019073486328,0.04000008106231667,-0.09999996423721313,4.0,8.0,03-13,-0.03666668633619946
02-28,0.0,0.0,0.0,0.059999942779541016,0.6200001239776611,-0.49000024795532315,-0.5100002288818359,0.010000228881835938,0.0,-0.2799999713897696,0.009999990463256836,-0.09999996423721313,4.0,8.0,03-14,-0.05666667719682058
02-29,0.0,0.0,0.0,0.059999942779541016,0.0,0.0,0.0,0.05000019073486328,0.0,0.0,0.0,-0.09999996423721313,2.0,1.0,03-15,0.0008333474397659302
03-01,0.0,0.0,0.0,0.059999942779541016,0.28999996185302734,-0.3299999237060538,-0.6900005340576154,0.3899998664855957,0.0,-0.23000001907348677,0.0,-0.20999997854232788,3.0,9.0,03-16,-0.06000005702177665
03-02,0.0,0.0,0.0,0.059999942779541016,0.16000008583068848,-0.25999975204467685,0.03999996185302912,0.34000015258788974,0.0,-0.12000012397766113,0.0,-0.20999997854232788,4.0,8.0,03-17,0.0008333573738735408
03-03,0.0,0.0,0.0,0.0,0.16000008583068848,-0.44999980926513583,-1.1999998092651367,0.1900000572204572,0.0,-0.019999980926513672,0.0,-0.3099999725818634,2.0,10.0,03-18,-0.13583328574895867
03-04,0.0,0.0,0.0,0.0,0.18000006675720215,-0.43999958038330167,-0.7699995040893572,0.13000011444091797,0.0,-0.019999980926513672,0.0,-0.3099999725818634,2.0,10.0,03-19,-0.10249990473190966
03-05,0.0,0.0,0.0,0.0,0.18000006675720215,-0.6799998283386213,-0.6099996566772443,0.1700000762939462,0.0,-0.019999980926513672,0.0,-0.3099999725818634,2.0,10.0,03-20,-0.10583327462275786
03-06,0.0,0.0,0.0,-0.019999980926513894,0.6100001335144043,-0.6700000762939453,-0.27999973297118963,0.2599997520446786,0.0,-0.08000016212463379,0.0,-0.3099999725818634,2.0,10.0,03-21,-0.04083333661158859
03-07,0.0,0.0,0.0,-0.009999990463256836,0.22000002861023082,-0.6199998855590811,0.14000034332275568,-0.03000020980834872,0.0,-0.32000017166137695,-0.31000006198883057,-0.21000000834465027,2.0,10.0,03-22,-0.09499999632437983
03-08,0.0,0.0,0.0,-0.009999990463256836,0.1500000953674303,-0.5500001907348606,-0.6499996185302734,0.36999988555908203,0.0,-0.3500001430511479,-0.31000006198883057,-0.21000000834465027,2.0,10.0,03-23,-0.13000000268220893
03-09,0.0,0.0,0.0,-0.009999990463256836,0.08000016212463379,-0.5199999809265092,-1.2200002670288068,0.05999994277954279,0.0,-0.3500001430511479,-0.31000006198883057,-0.3100000023841858,2.0,10.0,03-24,-0.21500002841154672
03-10,0.0,-0.13999998569488503,0.0,-0.009999990463256836,0.020000219345092773,-0.36000013351440163,-0.75,0.07999992370605646,0.0,-0.25999999046325684,-0.3799999952316284,-0.28999996185302734,2.0,10.0,03-25,-0.17416665951410892
03-11,0.0,-0.13999998569488503,0.0,-0.009999990463256836,0.1700000762939453,-0.26999998092651367,-0.8000001907348633,0.03999996185302912,0.0,-0.25999999046325684,-0.3799999952316284,-0.3100000023841858,2.0,10.0,03-26,-0.16333334147930129
03-12,0.0,-0.13999998569488503,0.0,-0.009999990463256836,0.24000000953674316,-0.06999969482421875,-1.3199996948242205,-0.05999994277953924,0.0,-0.25999999046325684,-0.3500000238418579,-0.19999998807907104,1.0,11.0,03-27,-0.1808332751194636
03-13,0.0,-0.13999998569488503,0.0,0.030000090599059837,0.4900000095367436,-0.1399998664855957,-2.050000190734865,-0.25,0.0,0.07999992370605336,-0.3500000238418579,-0.19999998807907104,3.0,9.0,03-28,-0.2108333359162015
03-14,0.0,-0.13999998569488503,0.0,0.030000090599059837,0.4900000095367436,0.05000019073486328,-1.3000001907348633,-0.25,0.0,0.029999971389770508,-0.3500000238418579,-0.09999999403953552,4.0,8.0,03-29,-0.12833332767089203
03-15,0.0,-0.13999998569488503,0.0,0.030000090599059837,0.47000002861022994,-0.019999980926512784,-1.3699998855590838,-0.039999961853027344,0.0,0.029999971389770508,-0.3500000238418579,-0.09999999403953552,3.0,9.0,03-30,-0.12416664510965351
03-16,0.0,-0.13999998569488503,0.0,0.030000090599059837,0.47000002861022994,-0.10000038146972479,-0.9200000762939453,-0.15000009536743164,0.0,0.029999971389770508,-0.3500000238418579,-0.09999999403953552,3.0,9.0,03-31,-0.10250003884235999
03-17,0.0,-0.13999998569488503,0.0,0.05000007152557373,0.46000003814697266,-0.019999980926512784,-1.5600004196166992,-0.06999969482421875,0.0,0.029999971389770508,-0.3500000238418579,-0.09999999403953552,3.0,9.0,04-01,-0.1416666681567827
03-18,0.0,-0.13999998569488503,0.0,0.05000007152557373,0.46000003814697266,0.3099999427795401,-2.320000648498535,0.2200002670288086,0.0,0.21000003814697266,-0.4100000858306887,0.07999998331069952,6.0,6.0,04-02,-0.12833336492379513
03-19,0.0,-0.13999998569488503,0.0,0.05000007152557373,0.2999999523162842,0.3400001525878915,-1.530000686645506,-0.11999988555908203,0.0,0.21000003814697266,-0.390000104904175,0.07999998331069952,5.0,7.0,04-03,-0.10000003874301888
03-20,0.0,-0.13999998569488503,0.0,0.04000008106231667,0.6299998760223393,0.3099999427795401,-0.9600000381469727,-0.1700000762939453,0.0,0.4500000476837158,-0.08000004291534446,0.17999997735023504,5.0,7.0,04-04,0.02166664848724996
03-21,0.0,-0.13999998569488503,0.0,0.04000008106231667,0.6299998760223389,0.15000009536743253,-1.4300003051757795,-0.13000011444091797,0.0,0.2800002098083496,-0.010000109672546609,0.17999997735023504,5.0,7.0,04-05,-0.035833356281121366
03-22,0.0,-0.13999998569488503,-0.21000003814697266,0.04000008106231667,0.48000001907348633,0.32000017166137784,-1.6999998092651367,-0.05999994277954279,0.0,0.2800002098083496,-0.010000109672546609,0.18999999761581426,5.0,7.0,04-06,-0.06749995052814493
03-23,0.0,0.0,-0.21000003814697266,0.04000008106231667,0.40000009536743164,0.46000003814697266,-1.8000001907348615,0.11999988555908203,0.0,0.2800002098083496,-0.04000008106231712,0.18999999761581426,6.0,6.0,04-07,-0.046666666865348705
03-24,0.0,0.0,-0.21000003814697266,0.0,0.40000009536743164,0.46000003814697266,-0.7899999618530273,0.3399996757507324,0.0,0.010000228881835938,0.0,0.18999999761581426,5.0,7.0,04-08,0.033333336313565574
03-25,0.0,0.0,-0.21000003814697266,0.0,0.40000009536743164,0.25999975204467773,-0.32999992370605646,0.3599996566772461,0.0,0.010000228881835938,-0.009999990463257058,0.18999999761581426,5.0,7.0,04-09,0.05583331485589329
03-26,0.0,0.0,-0.21000003814697266,0.0,0.09999990463256792,0.31999969482421875,-0.030000686645506036,0.3599996566772461,0.0,0.010000228881835938,-0.009999990463257058,0.18999999761581426,5.0,7.0,04-10,0.06083323061466226
03-27,0.0,0.0,-0.21000003814697266,0.0,0.1099998950958252,0.4200000762939444,-0.48000049591064453,0.8599996566772461,0.0,0.08000016212463423,-0.009999990463257058,0.18999999761581426,5.0,7.0,04-11,0.07999993860721583
03-28,0.0,0.01999998092651345,-0.21000003814697266,0.0,0.1099998950958252,0.3399996757507324,-0.05000019073486328,1.239999771118164,0.0,-0.039999961853027344,-0.08000004291534424,0.18999999761581426,5.0,7.0,04-12,0.12666659057140348
03-29,0.0,0.060000061988830344,-0.21000003814697266,0.0,0.26999998092651367,0.2199997901916495,0.19999980926513672,1.4800000190734837,0.0,-0.039999961853027344,-0.01999998092651345,0.18999999761581426,6.0,6.0,04-13,0.17916663984457626
03-30,0.0,0.060000061988830344,-0.21000003814697266,0.0,0.26999998092651367,0.2199997901916495,0.23999977111816406,1.179999828338623,0.0,-0.039999961853027344,-0.03999996185302712,0.18999999761581426,6.0,6.0,04-14,0.15583328902721397
03-31,0.019999980926513672,0.060000061988830344,-0.21000003814697266,0.0,0.3599998950958252,0.2199997901916495,2.6800003051757795,1.5,0.0,-0.039999961853027344,-0.08999991416931119,0.010000020265579224,7.0,5.0,04-15,0.3758333449562388
04-01,0.019999980926513672,0.060000061988830344,-0.21000003814697266,0.0,0.3599998950958252,0.009999752044675958,2.0500001907348633,1.4600000381469727,0.0,-0.039999961853027344,-0.08999991416931119,0.010000020265579224,7.0,5.0,04-16,0.30250000208616246
04-02,0.019999980926513672,0.060000061988830344,0.0,0.0,0.029999971389770064,-0.09999990463257014,2.840000152587889,1.4699997901916504,0.0,-0.039999961853027344,-0.08999991416931119,0.0,5.0,7.0,04-17,0.3491666813691454
04-03,0.019999980926513672,0.060000061988830344,0.0,0.0,0.08999991416931152,-0.23999977111816495,2.130000114440918,1.419999599456788,0.0,0.12999987602233887,-0.08999991416931119,0.0,6.0,6.0,04-18,0.29333332180976873
04-04,0.019999980926513672,0.060000061988830344,-0.009999990463257058,0.0,0.08999991416931152,-0.23999977111816495,2.130000114440918,1.3199996948242188,0.0,0.7199997901916504,-0.1299999952316283,0.0,6.0,6.0,04-19,0.3299999833106993
04-05,0.019999980926513672,0.060000061988830344,-0.009999990463257058,0.0,0.08999991416931152,-0.23999977111816495,2.5799999237060547,1.4200000762939453,0.0,0.869999885559082,-0.12000000476837125,0.0,6.0,6.0,04-20,0.3891666730244953
04-06,0.019999980926513672,0.060000061988830344,-0.009999990463257058,0.0,0.08999991416931152,-0.23999977111816495,2.0500001907348633,1.260000228881836,0.0,0.869999885559082,-0.12000000476837125,0.03999996185302729,7.0,5.0,04-21,0.3350000381469725
04-07,0.019999980926513672,0.060000061988830344,-0.009999990463257058,0.0,0.08999991416931152,-0.23999977111816495,2.3000001907348633,0.6700000762939444,0.0,0.7999999523162837,-0.12000000476837125,0.03999996185302729,7.0,5.0,04-22,0.30083336432774843
04-08,0.019999980926513672,0.040000081062316895,-0.009999990463257058,-0.2599999904632566,0.08999991416931152,0.16000032424926758,1.5,0.28999996185302646,0.0,0.7999999523162837,-0.12000000476837125,0.03999996185302729,8.0,4.0,04-23,0.21250001589457188
04-09,0.019999980926513672,0.0,-0.009999990463257058,-0.2599999904632566,0.08999991416931152,0.6700000762939453,1.6900005340576172,0.049999713897706854,0.0,0.7999999523162837,-0.11000001430511441,0.06999999284744257,7.0,5.0,04-24,0.2508333474397661
04-10,0.0,0.0,-0.009999990463257058,-0.2599999904632566,0.009999990463256836,0.6700000762939453,1.6500005722045898,-0.010000228881833273,0.0,-0.1700000762939453,-0.10999995470047008,0.06999999284744257,4.0,8.0,04-25,0.15333336591720603
04-11,0.0,0.0,-0.019999980926513672,-0.2599999904632566,-0.07999992370605469,0.6700000762939453,-0.4099998474121094,-0.2899999618530238,0.0,-0.25,-0.06000000238418601,0.06999999284744257,2.0,10.0,04-26,-0.05249996980031302
04-12,0.0,0.24000000953674339,-0.009999990463257058,-0.2599999904632566,-0.07999992370605469,0.8800001144409189,-0.46000003814697266,-0.15000009536743164,0.0,-0.25999999046325684,-0.06000000238418601,0.08999997377395624,3.0,9.0,04-27,-0.005833327770233085
04-13,0.0,0.24000000953674339,-0.009999990463257058,-0.2599999904632566,-0.07999992370605469,0.7600002288818368,-0.44999980926513494,-0.34999990463256747,0.0,-0.25999999046325684,-0.06000000238418601,0.12000000476837153,3.0,9.0,04-28,-0.029166614015896822
04-14,0.0,0.24000000953674339,-0.009999990463257058,-0.2599999904632566,-0.07999992370605469,0.7400002479553232,0.19999980926513672,-0.11999988555908292,0.0,-0.25999999046325684,-0.02000004053115878,0.11000001430511469,4.0,8.0,04-29,0.04500002165635425
04-15,0.0,0.24000000953674339,0.0,-0.2599999904632566,-0.07999992370605469,0.839999675750736,-0.43000030517578125,-0.019999980926513672,0.0,-0.26999998092651367,-0.02000004053115878,0.1399999856948852,3.0,9.0,04-30,0.011666620771090491
04-16,0.0,0.24000000953674339,0.0,-0.2599999904632566,-0.07999992370605469,0.7799997329711923,-1.510000228881836,-0.1100001335144043,0.0,-0.34999990463256836,-0.02000004053115878,0.1399999856948852,3.0,9.0,05-01,-0.09750004112720483
04-17,0.0,0.24000000953674339,0.0,-0.2599999904632566,-0.07999992370605469,0.9099998474121103,-0.9800004959106445,-0.20000028610229492,0.0,-0.9399998188018799,0.06999993324279752,0.10000002384185791,4.0,8.0,05-02,-0.09500005841255181
04-18,0.0,0.24000000953674339,0.0,-0.2599999904632566,-0.07999992370605469,0.4499998092651367,-0.9900007247924787,-0.21000003814697266,0.0,-1.25,0.06999993324279752,0.10000002384185791,4.0,8.0,05-03,-0.1608334084351856
04-19,-0.04999998211860657,0.24000000953674339,0.009999990463257058,0.009999990463256614,-0.07999992370605469,0.4499998092651367,-1.27000045776367,-0.3000001907348624,0.0,-1.25,0.05999994277954068,0.1300000548362732,6.0,6.0,05-04,-0.17083339641491554
04-20,-0.04999998211860657,0.24000000953674339,0.009999990463257058,0.009999990463256614,-0.07999992370605469,0.4799995422363281,-0.6700000762939435,-0.25,0.0,-1.25,0.05999994277954068,0.1300000548362732,6.0,6.0,05-05,-0.1141667043169338
04-21,-0.04999998211860657,0.24000000953674339,0.019999980926513672,0.009999990463256614,-0.07999992370605469,0.5399999618530265,-0.039999961853027344,-0.009999752044675958,0.0,-0.3399999141693115,0.05999994277954068,0.15000003576278687,6.0,6.0,05-06,0.041666698952515964
04-22,-0.04999998211860657,0.24000000953674339,0.009999990463257058,0.009999990463256614,-0.06999993324279785,-0.09000015258788974,-0.8600006103515625,0.26999998092651456,0.0,-0.3699998855590825,0.05999994277954068,0.12000000476837158,6.0,6.0,05-07,-0.0608333870768546
04-23,-0.04999998211860657,0.0,0.009999990463257058,0.009999990463256614,0.1100001335144043,-0.5399999618530273,-0.8000001907348633,0.2600002288818377,0.0,-0.3699998855590825,0.08999997377395641,0.10000002384185791,6.0,6.0,05-08,-0.09833330661058415
04-24,-0.04999998211860657,0.0,0.009999990463257058,0.009999990463256614,0.049999952316284624,-0.5100002288818368,-0.810000419616701,-0.039999961853027344,0.0,-0.2899999618530278,0.08999997377395641,0.06999999284744263,5.0,7.0,05-09,-0.12250005453825019
04-25,-0.04999998211860657,0.0,0.009999990463257058,0.009999990463256614,0.28999996185302734,-0.49000024795532315,-0.5600004196166992,-0.029999732971192294,0.0,-0.21000003814697132,0.05000001192092918,0.07999998331069946,5.0,7.0,05-10,-0.07500004023313524
04-26,-0.04999998211860657,0.0,0.009999990463257058,0.009999990463256614,0.28999996185302734,-0.4800000190734899,-0.6999998092651367,-0.19000005722045987,0.0,-0.19000005722045898,0.05000001192092918,0.07999998331069946,5.0,7.0,05-11,-0.09749999890724853
04-27,-0.04999998211860657,0.11000001430511452,0.009999990463257058,0.009999990463256614,0.28999996185302734,-0.4800000190734899,-0.5799999237060565,-0.09999990463256836,0.0,-0.1100001335144043,0.05000001192092918,0.25999999046325684,6.0,6.0,05-12,-0.04916666696469033
04-28,-0.04999998211860657,0.11000001430511452,0.009999990463257058,0.009999990463256614,0.23000001907348633,-0.75,-0.9799995422363281,0.06000041961669833,0.0,-0.1100001335144043,0.05000001192092918,0.23000001907348633,7.0,5.0,05-13,-0.09916659941275922
04-29,-0.04999998211860657,0.06999993324279763,0.009999990463257058,0.009999990463256614,0.049999952316284624,-0.6500000953674325,0.0,0.07000017166137606,0.0,-0.1100001335144043,0.05000001192092918,0.3199999928474424,7.0,5.0,05-14,-0.01916668067375832
04-30,0.0,0.06999993324279763,0.0,0.009999990463256614,0.029999971389770508,-0.5599999427795401,0.05000019073486328,0.10000038146972479,0.0,-0.24000000953674316,-0.03999996185302712,0.2899999618530271,6.0,6.0,05-15,-0.02416662375132254
05-01,0.0,0.06999993324279763,0.0,0.039999961853027344,-0.1700000762939453,-0.5899996757507315,-0.5500001907348633,-0.04999971389770508,0.0,-0.07999992370605469,-0.03999996185302712,0.2899999618530271,3.0,9.0,05-16,-0.08999997377395624
05-02,0.0,0.06999993324279763,0.0,0.02999997138977073,-0.06999993324279785,-0.6500000953674299,-0.6099996566772461,0.039999961853026456,0.0,-0.04999995231628418,-0.03999996185302712,0.26999998092651345,4.0,8.0,05-17,-0.08416664600372308
05-03,0.0,-0.1600000858306887,0.0,0.17999994754791282,-0.07999992370605469,-0.5499997138977051,-0.7999992370605469,0.09000015258789151,0.0,-0.019999980926513228,-0.03999996185302712,0.26999998092651345,3.0,9.0,05-18,-0.09249990185101815
05-04,0.0,-0.1600000858306887,0.0,0.17999994754791282,-0.18000006675720215,-0.7799997329711923,-0.7699995040893555,-0.19000005722045987,0.0,-0.019999980926513228,0.0,0.26999998092651345,2.0,10.0,05-19,-0.1374999582767488
05-05,0.0,-0.1600000858306887,0.1700000762939453,0.17999994754791282,-0.26000022888183594,-0.7799997329711923,1.0200004577636719,-0.25,0.0,-0.019999980926513228,0.0,0.26999998092651345,4.0,8.0,05-20,0.014166702826817775
05-06,0.0,-0.1600000858306887,0.1700000762939453,0.17999994754791282,-0.29000020027160645,-0.3299999237060547,-0.4799995422363281,-0.26000022888183505,0.0,-0.019999980926513228,0.0,0.20999997854232788,3.0,9.0,05-21,-0.08166666328907002
05-07,0.0,-0.1600000858306887,0.1700000762939453,0.2699999809265139,-0.23000001907348677,-0.23999977111816317,-0.1400003433227539,-0.1700000762939453,0.0,-0.019999980926513228,0.0,0.20999997854232788,3.0,9.0,05-22,-0.025833353400230335
05-08,0.0,-0.2700001001358032,0.1700000762939453,0.2699999809265139,-0.28999996185302734,-0.23999977111816317,-0.26000022888183416,0.1799998283386257,0.0,-0.08999991416931286,0.0,0.029999971389770508,4.0,8.0,05-23,-0.04166667660077378
05-09,0.0,-0.2700001001358032,0.1600000858306887,0.2699999809265139,-0.15000009536743164,0.030000209808346945,0.07999992370605469,0.1700000762939453,0.0,-0.09999990463256836,0.0,0.029999971389770508,6.0,6.0,05-24,0.018333345651626403
05-10,0.0,-0.2700001001358032,0.1600000858306887,0.21999990940094016,0.029999971389770064,-0.009999752044676846,0.07999992370605469,-0.09999990463256836,0.0,-0.09999990463256836,0.0,0.029999971389770508,5.0,7.0,05-25,0.0033333500226339443
05-11,0.0,-0.2700001001358032,0.1600000858306887,0.21999990940094016,0.04999995231628418,-0.009999752044676846,0.36999988555908203,-0.17000007629394442,0.0,0.029999971389770508,0.0,0.029999971389770508,6.0,6.0,05-26,0.0341666539510093
05-12,0.0,-0.43999993801116966,0.1600000858306887,0.18999993801116943,0.04999995231628418,-0.009999752044676846,-0.25,-0.5500001907348642,0.0,0.029999971389770508,0.0,-0.06000000238418557,4.0,8.0,05-27,-0.07333332796891529
05-13,0.0,-0.43999993801116966,0.1600000858306887,0.18999993801116943,0.2200000286102295,-0.01999998092651456,-0.21000003814697266,-0.6399998664855957,0.0,0.029999971389770508,0.0,-0.06000000238418557,4.0,8.0,05-28,-0.06416665017604833
05-14,0.0,-0.20999991893768333,0.1600000858306887,0.18999993801116943,0.5700001716613761,0.11000013351440341,-0.21000003814697266,-0.6500000953674316,0.0,0.029999971389770508,-0.04000002145767201,-0.06000000238418557,5.0,7.0,05-29,-0.009166647990544757
05-15,0.0,-0.20999991893768333,0.1600000858306887,0.33000004291534424,0.20000004768371582,0.4400000572204563,-0.23999977111816406,-0.6500000953674316,0.0,0.0,-0.029999971389770397,-0.06000000238418557,4.0,8.0,05-30,-0.004999960462252494
05-16,0.0,-0.20999991893768333,0.1600000858306887,0.3400000333786011,0.440000057220459,0.4400000572204563,-1.6499996185302734,-0.23000001907348633,0.0,0.0,-0.029999971389770397,-0.06000000238418557,4.0,8.0,05-31,-0.06666660805543283
05-17,0.15000000596046448,-0.20999991893768333,0.1600000858306887,0.7300000190734863,0.4700000286102295,0.4400000572204563,-1.6499996185302734,0.09999990463256747,0.0,0.0,-0.029999971389770397,-0.06000000238418557,6.0,6.0,06-01,0.008333382507165005
05-18,0.1199999749660492,-0.25999999046325706,-0.009999990463256614,0.6399999856948853,0.4700000286102295,0.4400000572204563,-1.6700000762939435,0.059999942779541016,0.0,0.0,-0.029999971389770397,-0.06000000238418557,5.0,7.0,06-02,-0.02500000347693766
05-19,0.1199999749660492,-0.04999995231628418,-0.009999990463256614,0.6399999856948853,0.4700000286102295,0.26999998092651367,-0.2800006866455078,0.010000228881834161,0.0,0.0,-0.029999971389770397,0.0,5.0,7.0,06-03,0.09499996652205774
05-20,0.1199999749660492,-0.04999995231628418,0.0,0.5399999618530269,0.5400002002716064,0.26999998092651367,-0.2700004577636719,0.01999998092651456,0.0,0.0,-0.029999971389770397,0.0,5.0,7.0,06-04,0.09499997645616536
05-21,0.1199999749660492,-0.04999995231628418,0.0,0.4600000381469733,0.4099998474121094,0.15999984741210938,-0.7600002288818359,0.01999998092651456,0.0,-0.3300001621246338,-0.029999971389770397,-0.009999990463256836,5.0,7.0,06-05,-0.000833384692668776
05-22,0.1199999749660492,-0.04999995231628418,0.0,0.44999992847442627,0.3299999237060547,0.15999984741210938,-0.48999977111816406,-0.13000011444091797,0.0,-0.35000014305114746,-0.029999971389770397,-0.009999990463256836,4.0,8.0,06-06,-2.2351741781519625e-08
05-23,0.1199999749660492,-0.04999995231628418,0.0,0.5,0.09000015258788974,-0.05000019073486328,-0.3000001907348633,-0.07999992370605558,0.0,-0.35000014305114746,-0.029999971389770397,-0.009999990463256836,3.0,9.0,06-07,-0.013333352903525173
05-24,0.1199999749660492,-0.04999995231628418,0.0,0.43000006675720215,-0.059999942779541016,-0.18000030517578125,-0.1700000762939453,-0.23000001907348544,0.0,-0.35000014305114746,0.010000050067901611,-0.019999980926513672,3.0,9.0,06-08,-0.04166669398546211
05-25,0.1199999749660492,0.15999996662139915,0.0,0.28999996185302734,0.21000003814697177,-0.1400003433227539,-0.2799997329711914,0.23000001907348633,0.0,-0.35000014305114746,0.0,-0.019999980926513672,5.0,7.0,06-09,0.018333313365777277
05-26,0.1199999749660492,0.15999996662139915,0.0,0.12999999523162842,0.21000003814697177,-0.18000030517578125,-0.5699996948242205,-0.009999752044677734,0.0,-0.35000014305114746,0.0,-0.019999980926513672,4.0,8.0,06-10,-0.04249999175469101
05-27,0.1199999749660492,0.15999996662139915,0.0,0.13999998569488525,0.21000003814697177,0.0999999046325657,-0.4700002670288086,-0.23999977111816406,0.0,-0.5,0.0,-0.019999980926513672,5.0,7.0,06-11,-0.04166667908430127
05-28,-0.030000030994415283,0.21000003814697288,0.0,0.13999998569488525,0.1700000762939453,0.15999984741211204,-0.6500005722045898,0.16000032424926758,0.0,-0.6200001239776611,0.0,-0.019999980926513672,5.0,7.0,06-12,-0.04000003635883307
05-29,0.0,0.0,-0.0900000333786013,0.13999998569488525,0.010000228881835938,0.15999984741211204,-0.6300001144409197,0.09999990463256925,0.0,-0.6200001239776611,0.0,-0.019999980926513672,4.0,8.0,06-13,-0.07916669050852444
05-30,0.0,0.0,-0.05000007152557373,-0.25,0.010000228881835938,0.3299999237060547,-0.5299997329711914,-0.1399998664855957,0.0,-0.6200001239776611,0.0,-0.019999980926513672,2.0,10.0,06-14,-0.10583330194155376
05-31,0.0,0.21000003814697288,-0.05000007152557373,-0.14999997615814165,-0.059999942779541016,0.3299999237060547,-0.5999994277954102,-0.19999980926513672,0.0,-0.6200001239776611,0.0,-0.019999980926513672,2.0,10.0,06-15,-0.09666661421457921
06-01,0.0,0.19000005722045898,-0.05000007152557373,-0.07000005245208807,-0.1099996566772461,0.3299999237060547,-0.6699991226196289,-0.30000019073486417,0.0,-0.28999996185302734,0.0,-0.019999980926513672,2.0,10.0,06-16,-0.08249992132186902
06-02,0.0,0.20000004768371582,-0.05000007152557373,-0.059999942779541016,-0.1099996566772461,0.3299999237060547,-1.0999994277954102,-0.039999961853027344,0.0,-0.26999998092651367,0.0,-0.019999980926513672,2.0,10.0,06-17,-0.09333325425783794
06-03,0.0,0.20000004768371582,-0.05000007152557373,-0.059999942779541016,-0.1099996566772461,0.7000002861022949,-1.0100002288818377,-0.09000015258788974,0.0,-0.26999998092651367,-0.05000001192092918,-0.009999990463256836,2.0,10.0,06-18,-0.062499975164731436
06-04,0.0,0.20000004768371582,-0.05000007152557373,-0.059999942779541016,-0.1099996566772461,0.7000002861022949,-1.119999885559082,0.05999994277954013,0.0,-0.26999998092651367,-0.08000004291534435,0.0,3.0,9.0,06-19,-0.060833275318145835
06-05,0.0,0.20000004768371582,-0.05000007152557373,-0.18999993801116943,-0.09999990463256658,0.9600000381469727,-1.010000228881836,0.11999988555908114,0.0,-0.25999999046325684,-0.08000004291534435,0.0,3.0,9.0,06-20,-0.034166683753331435
06-06,0.0,0.20000004768371582,-0.05000007152557373,-0.12000000476837158,-0.09999990463256658,1.0,-0.7200002670288068,0.04999971389770508,0.0,-0.26999998092651367,-0.08000004291534435,0.0,3.0,9.0,06-21,-0.007500042517979653
06-07,0.0,0.20000004768371582,-0.05000007152557373,-0.12999999523162842,-0.09999990463256658,0.719999790191653,-0.6599998474121076,-0.17999982833862305,0.0,-0.12000012397766113,-0.08000004291534435,0.009999990463256836,3.0,9.0,06-22,-0.0324999988079066
06-08,0.0,0.20000004768371582,-0.05000007152557373,-0.12999999523162842,-0.05999994277954013,0.719999790191653,-0.9499998092651332,-0.37000036239623935,0.0,0.0,-0.08000004291534435,0.009999990463256836,3.0,9.0,06-23,-0.05916669964790278
06-09,0.0,0.20000004768371582,0.039999961853027566,-0.12999999523162842,-0.05999994277954013,0.719999790191653,-0.6599998474121094,-0.3699998855590829,0.0,0.0,-0.08000004291534435,0.009999990463256836,4.0,8.0,06-24,-0.027499993642170994
06-10,0.0,0.20000004768371582,0.0,-0.12999999523162842,0.009999752044678623,1.0099997520446777,-0.5299997329711914,-0.13000011444091797,0.0,0.0700001716613774,-0.08000004291534435,0.009999990463256836,5.0,7.0,06-25,0.03583331902821869
06-11,0.0,-0.009999990463257058,0.0,-0.12999999523162842,0.009999752044678623,1.0099997520446777,-0.5,-0.07000017166137695,0.0,0.0700001716613774,-0.08000004291534435,0.009999990463256836,4.0,8.0,06-26,0.025833288828531985
06-12,0.0,0.009999990463256836,0.0,-0.12999999523162842,0.009999752044678623,0.7199997901916504,-0.43000030517578125,-0.07000017166137695,0.0,0.0700001716613774,-0.07000005245208751,0.009999990463256836,5.0,7.0,06-27,0.009999930858612163
06-13,0.0,0.009999990463256836,-0.13999998569488548,-0.12999999523162842,0.37999963760375977,0.7199997901916504,-0.21000003814697266,-0.3000001907348633,0.0,0.0700001716613774,-0.07000005245208751,0.009999990463256836,5.0,7.0,06-28,0.028333276510238658
06-14,0.0,0.009999990463256836,-0.13999998569488548,-0.12999999523162842,0.37999963760375977,0.45999956130981445,0.05999946594238281,-0.6999998092651367,0.0,0.0700001716613774,-0.020000040531158336,0.009999990463256836,6.0,6.0,06-29,-8.443991340404781e-08
06-15,0.0,0.0,-0.13999998569488548,-0.12999999523162842,0.37999963760375977,0.45999956130981445,-0.13000011444091797,-0.809999942779541,0.0,0.0700001716613774,0.009999990463256836,0.009999990463256836,5.0,7.0,06-30,-0.0233333905537923
06-16,0.0,0.0,-0.13999998569488548,0.0,0.2999997138977051,0.45999956130981445,-0.14999961853027166,-0.6300001144409171,0.0,0.06000018119812056,0.009999990463256836,0.029999971389770508,5.0,7.0,07-01,-0.005000025033950565
06-17,0.0,0.0,-0.13999998569488548,0.0,0.4199995994567871,0.45999956130981445,-0.189999580383299,-0.559999942779541,0.0,0.10000014305114746,0.009999990463256836,0.029999971389770508,5.0,7.0,07-02,0.010833313067754239
06-18,0.0,0.0,-0.13999998569488548,0.0,0.47999954223632724,0.15999984741210938,-0.24999999999999822,-0.26000022888183505,0.0,0.10000014305114746,0.009999990463256836,0.019999980926513672,5.0,7.0,07-03,0.009999940792719653
06-19,0.0,0.0,-0.13999998569488548,0.0,0.47999954223632724,0.15999984741210938,0.039999961853027344,-0.26000022888183505,0.0,0.1100001335144043,0.009999990463256836,0.019999980926513672,6.0,6.0,07-04,0.03499993681907652
06-20,0.0,0.0,-0.13999998569488548,0.0,0.45999956130981356,0.15999984741210938,-0.1599998474121076,-0.18000030517578125,0.0,0.1100001335144043,0.009999990463256836,0.019999980926513672,5.0,7.0,07-05,0.023333281278610285
06-21,0.0,0.0,-0.13999998569488548,0.0,0.3899998664855948,-0.28999996185302734,-0.15000057220458984,-0.3699998855590829,0.0,0.08999991416931108,0.009999990463256836,0.019999980926513672,4.0,8.0,07-06,-0.03666672110557576
06-22,0.0,0.0,-0.13999998569488548,0.0,0.3899998664855948,-0.1700000762939453,0.25999927520751953,-0.029999732971191406,0.0,0.08999991416931108,0.009999990463256836,0.019999980926513672,5.0,7.0,07-07,0.03583326935768114
06-23,0.0,0.0,-0.13999998569488548,0.0,0.3899998664855948,-0.1700000762939453,0.11999988555908203,0.15000009536743164,0.0,0.08999991416931108,0.009999990463256836,0.019999980926513672,6.0,6.0,07-08,0.03916663924852994
06-24,0.0,0.0,0.0,0.0,0.5799999237060529,-0.1700000762939453,-0.3100004196166992,0.38000011444091797,0.0,0.10999989509582475,0.009999990463256836,0.019999980926513672,5.0,7.0,07-09,0.051666617393493465
06-25,0.0,0.0,0.0,0.0,0.8499999046325675,0.11999988555908203,-0.5899991989135724,0.5799999237060547,0.0,0.019999980926513228,0.0,0.019999980926513672,5.0,7.0,07-10,0.08333337306976323
06-26,0.0,0.0,0.0,0.0,0.48000001907348633,0.11999988555908203,-0.39999961853027166,0.11999988555908203,0.0,-0.009999990463256836,0.0,0.019999980926513672,4.0,8.0,07-11,0.027500013510386296
06-27,0.0,0.0,0.0,0.0,0.940000057220459,0.11999988555908203,-0.2699995040893537,0.17999982833862305,0.0,0.0,0.0,0.0,3.0,9.0,07-12,0.08083335558573419
06-28,0.0,0.0,0.0,0.0,0.820000171661377,0.11999988555908203,-0.430000305175783,0.2999997138977051,0.0,-0.0399999618530269,0.0,0.0,3.0,9.0,07-13,0.0641666253407795
06-29,0.0,0.0,0.0,0.0,0.820000171661377,0.15000057220458984,-0.5100002288818359,0.0799999237060538,0.0,-0.0399999618530269,0.0,0.0,3.0,9.0,07-14,0.04166670640309648
06-30,0.0,0.0,0.0,0.0,1.010000228881836,0.05000019073486328,-0.310000419616701,0.35000038146972656,0.0,-0.0399999618530269,0.0,0.0,3.0,9.0,07-15,0.08833336830139149
07-01,0.0,0.0,0.0,0.0,1.010000228881836,0.05000019073486328,-0.4200000762939471,0.5500001907348633,0.0,-0.049999952316283736,0.020000040531158336,0.0600000023841859,5.0,7.0,07-16,0.10166671872138966
07-02,0.0,0.0,0.0,0.0,1.2100000381469718,-0.1700000762939471,-1.0399994850158691,0.26999998092651367,0.0,-0.08000016212463423,0.020000040531158336,0.07000005245208751,4.0,8.0,07-17,0.023333365718523402
07-03,0.0,0.0,0.0,0.0,1.130000114440918,-0.1700000762939471,-0.8499999046325684,0.0,0.0,-0.10999989509582475,0.020000040531158336,0.07000005245208751,3.0,9.0,07-18,0.007500027616818635
07-05,0.0,0.0,0.0,0.0,1.059999942779542,-0.1700000762939471,-0.6499996185302734,-0.06000041961669922,0.0,-0.19000005722045854,0.020000040531158336,0.07000005245208751,3.0,9.0,07-20,0.006666655341784122
07-06,0.0,0.0,0.0,0.0,0.7899999618530273,-0.1700000762939471,0.21000003814697266,-0.38000011444091797,0.0,-0.10000014305114702,0.020000040531158336,0.07000005245208751,4.0,8.0,07-21,0.03666664659976948
07-07,0.0,0.0,0.0,0.0,0.7800002098083496,-0.1700000762939471,1.0000000000000018,0.17999982833862305,0.0,-0.07000017166137695,0.020000040531158336,0.1499999761581421,5.0,7.0,07-22,0.1574999839067459
07-08,0.0,0.0,0.0,0.0,1.010000228881836,-0.1700000762939471,1.6299991607665998,0.11999988555908203,0.0,-0.07000017166137695,0.020000040531158336,0.21000003814697266,5.0,7.0,07-23,0.2291665921608604
07-09,0.0,0.0,0.0,0.0,1.130000114440918,-0.1700000762939471,1.3500003814697283,0.0,0.0,-0.07000017166137695,0.020000040531158336,0.19000005722045876,4.0,8.0,07-24,0.2041666954755783
07-10,0.0,0.0,0.0,0.0,1.200000286102295,-0.2000007629394549,1.4300003051757812,-0.029999732971191406,0.0,-0.08000016212463379,0.020000040531158336,0.19000005722045876,4.0,8.0,07-25,0.21083333591620113
07-11,0.0,0.0,0.0,0.0,0.9699997901916504,-0.10000038146972834,1.25,0.05000019073486328,0.0,-0.08000016212463379,0.020000040531158336,0.19000005722045876,5.0,7.0,07-26,0.19166662792364741
07-12,0.0,0.0,0.0,-0.24000000953674316,0.9699997901916504,-0.10000038146972834,1.380000114440918,-0.15999984741210938,0.0,0.0,0.0,0.19000005722045876,3.0,9.0,07-27,0.16999997695287053
07-13,0.0,0.0,0.0,-0.24000000953674316,0.7899999618530282,-0.10000038146972834,1.2899999618530273,-0.5199999809265137,0.0,0.030000209808350498,0.0,0.19000005722045876,4.0,8.0,07-28,0.11999998490015663
07-14,0.0,0.0,0.0,-0.24000000953674316,0.8200001716613778,-0.10000038146972834,1.050000190734865,-0.28999996185302734,0.0,0.009999990463256836,0.0,0.1899999976158141,4.0,8.0,07-29,0.11999999980131792
07-15,0.0,0.0,0.0,-0.24000000953674316,0.8400001525878915,0.16000080108642933,1.0399994850158691,-0.4199995994567871,0.0,0.009999990463256836,0.0,0.11000001430511464,5.0,7.0,07-30,0.12500006953875262
07-16,0.0,0.0,0.0,-0.24000000953674316,0.940000057220459,-0.019999504089353692,0.4699993133544922,-0.22999954223632812,0.0,-0.010000228881836826,0.0,0.1299999952316283,3.0,9.0,07-31,0.08666667342185981
07-17,0.0,0.0,0.0,-0.24000000953674316,0.080000400543212,-0.019999504089353692,-0.3900003433227539,-0.23999977111816406,0.0,-0.010000228881836826,0.0,0.1299999952316283,2.0,10.0,08-01,-0.05749995509783428
07-18,0.0,0.0,0.0,-0.060000061988830566,1.150000095367429,-0.019999504089353692,-0.7100000381469744,-0.23999977111816406,0.0,0.04999995231628329,0.0,0.05000007152557373,3.0,9.0,08-02,0.018333395322163604
07-19,0.0,0.0,0.0,-0.060000061988830566,0.9200000762939426,-0.019999504089353692,-0.8199996948242205,-0.1399998664855957,0.0,0.19000005722045854,0.0,0.05000007152557373,3.0,9.0,08-03,0.010000089804331203
07-20,0.0,0.0,-0.12999999523162842,-0.060000061988830566,0.8000001907348606,-0.019999504089353692,-1.0799999237060565,-0.12999963760375977,0.0,0.19000005722045854,0.0,0.05000007152557373,3.0,9.0,08-04,-0.031666566928228
07-21,0.0,0.0,-0.12999999523162842,-0.060000061988830566,1.3499999046325675,-0.019999504089353692,-1.0,-0.07999992370605291,0.0,0.19000005722045854,0.0,-0.009999990463256836,2.0,10.0,08-05,0.02000004053115863
07-22,0.0,0.0,-0.12999999523162842,-0.060000061988830566,1.2200002670288086,-0.019999504089353692,-0.8999996185302717,-0.1599998474121076,0.0,0.09000015258789018,0.0,0.009999990463257058,3.0,9.0,08-06,0.004166781902313658
07-23,0.0,0.0,-0.12999999523162842,-0.060000061988830566,0.7699999809265137,-0.019999504089353692,-0.09000015258789062,0.030000209808351386,0.0,0.09000015258789018,0.0,0.009999990463257058,4.0,8.0,08-07,0.05000005165735908
07-24,0.0,0.0,-0.12999999523162842,-0.060000061988830566,0.820000171661377,-0.019999504089353692,0.0,0.039999961853027344,0.0,0.09000015258789018,0.0,0.009999990463257058,4.0,8.0,08-08,0.0625000596046449
07-25,0.0,0.0,-0.12999999523162842,0.1799999475479126,0.7899999618530273,-0.019999504089353692,0.3400001525878906,0.030000209808351386,0.0,0.16999983787536577,0.0,-0.04999995231628418,5.0,7.0,08-09,0.10916672150294011
07-26,0.0,0.0,-0.12999999523162842,0.1799999475479126,0.7699999809265137,-0.18000030517578303,0.05000019073486328,0.019999980926513672,0.0,0.16999983787536577,0.0,-0.04999995231628418,5.0,7.0,08-10,0.06916664044062278
07-27,0.0,0.0,-0.12999999523162842,0.1799999475479126,0.75,-0.18000030517578303,-0.6999998092651367,-0.05000019073486328,0.0,0.19000005722045943,0.0,-0.04999995231628418,3.0,9.0,08-11,0.0008333126703897001
07-28,0.0,0.0,-0.12999999523162842,0.1799999475479126,0.8200001716613743,-0.18000030517578303,-0.049999237060546875,-0.11999988555908203,0.0,0.19000005722045943,0.0,0.019999980926513672,4.0,8.0,08-12,0.06083339452743497
07-29,0.0,0.0,-0.12999999523162842,0.1799999475479126,0.8000001907348642,0.9799995422363281,-0.0499992370605451,-0.11999988555908203,0.0,0.3200001716613774,-0.06999999284744252,-0.05000007152557373,4.0,8.0,08-13,0.1550000558296842
07-30,0.0,0.0,-0.12999999523162842,0.1799999475479126,1.7699999809265154,1.1099996566772479,0.039999961853027344,-0.07999992370605469,0.0,0.23000001907348677,-0.06999999284744252,-0.029999971389770508,5.0,7.0,08-14,0.25166664024194113
07-31,0.0,0.0,-0.12999999523162842,0.0,0.9000000953674343,1.1099996566772479,0.3000001907348633,-0.11999988555908025,0.0,0.1800000667572026,-0.009999990463256836,-0.029999971389770508,4.0,8.0,08-15,0.18333334724108433
08-01,0.0,0.0,-0.12999999523162842,0.0,0.35000038146972745,1.1099996566772479,-0.39999961853027344,-0.19999980926513672,0.0,0.039999961853027344,-0.009999990463256836,-0.029999971389770508,3.0,9.0,08-16,0.060833384593328065
08-02,0.0,0.0,0.0,0.0,0.48000001907348633,1.1099996566772479,-0.46000003814697443,-0.4700002670288086,0.0,0.1399998664855957,-0.009999990463256836,-0.029999971389770508,3.0,9.0,08-17,0.06333327293395996
08-03,0.0,0.0,0.0,0.0,0.48000001907348633,1.1099996566772479,-1.3199996948242188,-0.6700000762939471,0.0,0.1399998664855957,-0.009999990463256836,-0.14000004529952992,3.0,9.0,08-18,-0.034166688720385224
08-04,0.0,0.0,0.0,0.0,0.619999885559082,1.1099996566772479,-1.370000362396242,-0.48999977111816495,0.0,0.1399998664855957,-0.050000011920928844,-0.14000004529952992,3.0,9.0,08-19,-0.01500006516774501
08-05,0.0,0.0,0.0,0.0,0.8799996376037615,1.0900001525878906,-2.5399999618530273,-0.480000019073489,0.0,0.1399998664855957,-0.030000030994415172,-0.1600000262260437,3.0,9.0,08-20,-0.09166669845581062
08-06,0.0,0.0,0.0,0.0,0.8500003814697266,1.0900001525878906,-2.369999885559082,-0.46000003814697354,0.0,0.1399998664855957,-0.030000030994415172,-0.17000001668930054,3.0,9.0,08-21,-0.07916663090387986
08-07,0.0,0.0,0.0,0.060000061988830566,0.30000019073486417,1.0900001525878906,-1.619999885559082,-0.7800002098083505,1.0400002002716082,-0.009999990463256836,0.0,-0.17000001668930054,4.0,8.0,08-22,-0.00749995807806636
08-08,0.0,0.0,0.0,0.060000061988830566,-0.1300001144409153,1.0900001525878906,-2.0500001907348633,-1.0599999427795401,1.0400002002716082,0.24000000953674316,0.009999990463256947,-0.17000001668930054,5.0,7.0,08-23,-0.08083332081635748
08-09,0.0,0.0,0.0,0.060000061988830566,-0.11000013351440519,0.1100006103515625,-2.510000228881836,-0.7300000190734863,0.0,0.1099998950958252,0.07999998331069946,-0.12000000476837147,4.0,8.0,08-24,-0.25916665295759844
08-10,0.0,0.0,0.0,0.060000061988830566,-0.3400001525878915,0.1100006103515625,-2.7400002479553223,-0.7000002861022949,0.0,0.20000004768371582,0.07999998331069946,-0.1500000357627871,4.0,8.0,08-25,-0.29000000158945727
08-11,0.0,0.0,0.0,0.060000061988830566,-0.4200000762939453,0.28000068664550604,-2.810000419616701,-0.9400000572204608,0.0,0.25,0.10999995470047008,-0.09999996423721336,4.0,8.0,08-26,-0.2974999845027928
08-12,0.0,0.0,0.0,0.060000061988830566,0.4500002861022958,0.1500005722045863,-2.7799997329711914,-0.8600001335144043,0.0,0.16000008583068848,0.10999995470047008,-0.12000006437301658,5.0,7.0,08-27,-0.2358332475026451
08-13,0.0,0.0,0.0,0.060000061988830566,0.9699993133544904,0.7200002670288068,-2.679999351501464,-0.6999998092651367,0.0,0.1100001335144043,0.0499999523162844,-0.12000006437301658,5.0,7.0,08-28,-0.13249995807806672
08-14,0.0,0.0,0.0,0.060000061988830566,0.7199993133544904,0.8299999237060529,-1.8199996948242196,-0.509999752044676,0.0,0.1100001335144043,0.06000000238418601,-0.009999990463257169,5.0,7.0,08-29,-0.046666666865349045
08-15,0.0,0.0,0.0,0.08000004291534424,0.42999982833862305,0.8299999237060529,-1.429999828338624,-0.7099997997283936,0.0,0.42000007629394487,0.10000002384185802,-0.009999990463257169,5.0,7.0,08-30,-0.02416664361953763
08-16,0.0,0.0,0.0,0.08000004291534424,0.17000007629394354,0.8499994277954102,-1.6599998474121094,-0.5500001907348633,0.0,0.2799999713897705,0.08000004291534435,-0.08999997377395641,5.0,7.0,08-31,-0.07000003755092636
08-17,0.0,0.0,0.0,0.08000004291534424,0.18999958038330078,0.8499994277954102,-1.7699999809265137,-0.6800000667572017,0.0,0.2799999713897705,0.08000004291534435,-0.08999997377395641,5.0,7.0,09-01,-0.08833341300487514
08-18,0.0,-0.2700001001358032,0.0,0.019999980926513672,0.18999958038330078,0.3199996948242205,-1.5999999046325684,0.01999998092651456,-1.0400002002716082,0.2799999713897705,0.08000004291534435,-0.06999999284744263,6.0,6.0,09-02,-0.17250007887681318
08-19,0.0,-0.2700001001358032,0.0,0.019999980926513672,0.6099996566772461,0.3199996948242205,-1.7200002670288095,0.2999997138977042,-1.0400002002716082,0.2799999713897705,0.08000004291534435,-0.06000000238418579,6.0,6.0,09-03,-0.12333345909913396
08-20,0.0,-0.2700001001358032,0.0,0.019999980926513672,1.2699995040893546,0.7899999618530273,-1.25,0.07999992370605469,-1.0400002002716082,0.2799999713897705,0.039999961853027566,-0.11000001430511486,6.0,6.0,09-04,-0.01583341757456483
08-21,0.0,-0.2700001001358032,0.0,0.019999980926513672,1.4800000190734863,1.6899995803833008,-1.0199999809265137,0.07999992370605469,0.04999971389770419,0.10000014305114746,0.06000000238418579,-0.07999998331069924,7.0,5.0,09-05,0.17583327492078138
08-22,0.0,-0.2700001001358032,0.0,0.019999980926513672,1.5999999046325675,1.5199995040893572,-0.5799999237060547,0.15999984741211026,1.1499998569488534,0.019999980926514116,0.030000030994415172,-0.07999998331069924,7.0,5.0,09-06,0.29749992489814786
08-23,0.0,-0.2700001001358032,0.0,0.019999980926513672,0.7299995422363263,1.5199995040893572,-0.5799999237060547,0.15000009536743253,1.2099997997283936,-0.029999971389770952,0.030000030994415172,-0.07999998331069924,6.0,6.0,09-07,0.2249999145666759
08-24,0.0,-0.2700001001358032,0.0,0.019999980926513672,0.02000045776367365,1.5199995040893572,-0.9000000953674316,0.2999997138977051,1.2200000286102304,0.019999980926513228,0.030000030994415172,-0.0699999928474424,7.0,5.0,09-08,0.1574999590714776
08-25,0.0,-0.36000001430511497,0.0,0.019999980926513672,0.02000045776367365,1.7699995040893572,-0.6600003242492676,0.17000007629394442,1.2200000286102304,0.019999980926513228,0.030000030994415172,-0.0699999928474424,7.0,5.0,09-09,0.1799999773502353
08-26,0.10000002384185791,-0.36000001430511497,0.0,0.019999980926513672,-0.019999504089353692,1.1800003051757795,-0.6300001144409171,0.370000123977662,1.2200000286102304,0.05999994277954057,0.030000030994415172,-0.0699999928474424,7.0,5.0,09-10,0.15833340088526424
08-27,0.10000002384185791,-0.36000001430511497,0.0,0.019999980926513672,0.2800006866455096,1.0700006484985334,-0.7300000190734846,0.3900003433227548,1.2200000286102304,0.05999994277954057,0.01999998092651356,0.009999990463256836,9.0,3.0,09-11,0.17333346605300926
08-28,0.10000002384185791,-0.36000001430511497,0.0,0.0,0.5299997329711914,1.5500001907348615,-0.6199998855590803,0.34999990463256747,1.2099997997283936,-0.32999992370605424,0.04999995231628407,0.009999990463256836,7.0,5.0,09-12,0.20749998092651364
08-29,0.10000002384185791,-0.36000001430511497,0.0,0.0,0.28999996185302734,1.5500001907348615,-0.5599999427795392,0.04000020027160689,1.2099997997283936,-0.11999988555908203,0.04999995231628407,0.009999990463256836,7.0,5.0,09-13,0.184166689713796
08-30,0.10000002384185791,-0.36000001430511497,0.0,0.039999961853027344,0.18000030517578125,1.0799999237060547,-0.38000011444091797,-0.029999971389770064,1.2099997997283936,-0.06999993324279785,0.06000000238418568,0.009999990463256836,7.0,5.0,09-14,0.15333333114782968
08-31,0.030000030994415283,-0.08999991416931175,0.0,0.039999961853027344,0.3299999237060547,1.0799999237060547,-0.4100003242492676,-0.4099998474121094,-0.21000003814697354,-0.1400001049041748,0.029999971389770508,0.009999990463256836,6.0,6.0,09-15,0.021666631102561857
09-01,0.030000030994415283,0.20000004768371582,0.0,0.039999961853027344,0.4600000381469709,1.0799999237060547,-0.25999975204467685,-0.48999977111816495,-0.26999998092651456,-0.05999994277954146,0.059999942779541016,0.009999990463256836,7.0,5.0,09-16,0.066666707396507
09-02,0.030000030994415283,0.20000004768371582,0.0,0.039999961853027344,0.4600000381469709,1.0799999237060547,-0.25,-0.42999982833862394,-0.3299999237060547,-0.05999994277954146,0.11000001430511475,0.009999990463256836,7.0,5.0,09-17,0.07166669269402796
09-03,0.010000050067901611,0.20000004768371582,0.0,0.039999961853027344,0.3699998855590838,0.18000030517578125,0.09000015258789062,-0.2999997138977051,-0.39999985694885254,-0.05999994277954146,0.11000001430511475,0.019999980926513672,8.0,4.0,09-18,0.02166674037774415
09-04,0.010000050067901611,0.28999996185302757,0.0,0.039999961853027344,0.32999992370605646,0.18000030517578125,-0.15999984741210938,-0.2999997138977051,-0.39999985694885254,-0.05999994277954146,0.11000001430511475,0.019999980926513672,7.0,5.0,09-19,0.0050000697374345164
09-05,-0.0899999737739563,0.28999996185302757,0.0,0.039999961853027344,0.26000022888183594,-0.06999969482421875,-0.23000001907348633,-0.19999980926513672,-0.5699996948242188,-0.019999980926513228,0.09000003337860107,0.019999980926513672,5.0,7.0,09-20,-0.03999991714954371
09-06,-0.0899999737739563,0.28999996185302757,0.0,0.039999961853027344,0.3000001907348633,-0.050000190734861505,0.15000009536743164,-0.2899997234344478,-0.6000001430511483,-0.05999994277954057,0.09000003337860107,0.019999980926513672,6.0,6.0,09-21,-0.01666664580504083
09-07,-0.0899999737739563,0.28999996185302757,0.0,0.039999961853027344,0.25,-0.050000190734861505,-0.34999990463256836,-0.30000019073486417,-0.5899999141693115,-0.05999994277954057,0.09000003337860107,0.019999980926513672,5.0,7.0,09-22,-0.06250001490116107
09-08,-0.0899999737739563,0.28999996185302757,0.0,0.039999961853027344,-2.380000114440918,-0.03999996185302557,-0.5199999809265137,-0.2699997425079337,-0.5899999141693115,0.019999980926513672,0.12999999523162842,0.019999980926513672,5.0,7.0,09-23,-0.2824999839067457
09-09,-0.0899999737739563,0.28999996185302757,0.0,0.039999961853027344,-1.4300003051757812,-0.03999996185302557,-0.230000019073489,0.0399999618530269,-0.5899999141693115,0.019999980926513672,0.12999999523162842,-0.04000002145767212,5.0,7.0,09-24,-0.1583333611488343
09-10,-0.0899999737739563,0.28999996185302757,0.0,0.039999961853027344,-1.4499998092651376,0.010000228881835938,-0.48999977111816406,0.04999995231628418,-0.5399997234344478,0.019999980926513672,0.10000002384185791,-0.04000002145767212,6.0,6.0,09-25,-0.17499993244806925
09-11,-0.019999980926513672,0.28999996185302757,0.0,0.039999961853027344,-2.0399999618530273,-1.359999656677246,-0.45999956130981445,0.039999961853027344,-0.5399997234344478,-0.13000011444091797,0.20000004768371582,-0.04000002145767212,4.0,8.0,09-26,-0.3349999239047368
09-12,-0.019999980926513672,0.28999996185302757,0.0,0.0,-2.710000038146971,-1.359999656677246,-0.36999988555908203,-0.05000019073486328,-0.5399997234344478,-0.18000006675720215,0.1700000762939453,-0.04000002145767212,2.0,10.0,09-27,-0.40083329379558547
09-13,-0.019999980926513672,0.28999996185302757,0.0,0.0,-2.710000038146971,-1.359999656677246,-0.5999999046325684,-0.06000018119811967,-0.2099997997283931,-0.19000005722045854,0.12000000476837158,-0.04000002145767212,2.0,10.0,09-28,-0.39833330611387874
09-14,-0.019999980926513672,0.0,0.0,0.0,-2.619999885559084,-1.359999656677246,-0.9800000190734868,-0.05000019073486328,-0.13999986648559526,-0.19000005722045854,0.12000000476837158,-0.04000002145767212,1.0,11.0,09-29,-0.4399999727805457
09-15,-0.019999980926513672,0.0,0.0,0.0,-3.0799999237060565,-0.5100002288818359,-1.3100001811981201,-0.08000016212463334,-0.13999986648559526,-0.19000005722045854,0.10000002384185791,-0.04000002145767212,1.0,11.0,09-30,-0.43916669984658574
09-16,-0.020000040531158447,0.0,0.0,0.0,-2.7100000381469744,-0.5399999618530273,-1.27999997138977,-0.1800000667572017,0.029999971389770952,-0.19000005722045854,0.10000002384185791,-0.06000000238418579,2.0,10.0,10-01,-0.40416667858759564
09-17,-0.04000002145767212,0.0,0.0,0.0,-3.0099997520446786,-0.5399999618530273,-1.6100001335144043,-0.09000015258789062,0.1699998378753662,-0.19000005722045854,0.10000002384185791,-0.06000000238418579,2.0,10.0,10-02,-0.4391666849454244
09-18,-0.04000002145767212,0.0,0.0,0.0,-2.9100003242492676,-0.38000011444091797,-1.1100001335144043,0.0399999618530269,0.1699998378753662,0.08999991416931152,0.12000000476837158,-0.06000000238418579,4.0,8.0,10-03,-0.34000007311503094
09-19,-0.04000002145767212,0.0,0.0,0.0,-0.21000003814697266,-0.3900003433227539,-0.940000057220459,-0.14000010490417525,0.19000005722045898,0.08999991416931152,0.08000004291534424,-0.06000000238418579,3.0,9.0,10-04,-0.11833337942759199
09-20,-0.04000002145767212,0.0,0.0,-0.1499999761581421,-1.1599998474121094,-0.3900003433227539,-0.7599999904632568,-0.16000008583068848,0.19000005722045898,0.08999991416931152,0.08000004291534424,-0.06000000238418579,3.0,9.0,10-05,-0.1966666877269745
09-21,-0.04000002145767212,0.04999995231628418,0.0,-0.1499999761581421,-1.2399997711181632,-0.3900003433227539,-0.75,-0.06999993324279785,0.13999986648559526,0.08999991416931152,0.08000004291534424,-0.06000000238418579,4.0,8.0,10-06,-0.195000022649765
09-22,-0.04000002145767212,0.04999995231628418,0.0,-0.1499999761581421,-1.2399997711181632,-0.7700004577636719,-0.05999994277954013,-0.19000005722045898,0.13999986648559526,0.1700000762939453,0.08000004291534424,0.0,4.0,8.0,10-07,-0.16750002404053996
09-23,-0.04000002145767212,0.04999995231628418,0.0,-0.1499999761581421,-0.9899997711181632,-0.9300003051757812,-0.06000041961669922,-0.09999990463256836,0.13999986648559526,0.07000017166137695,-0.13999998569488514,0.0,3.0,9.0,10-08,-0.17916669944922126
09-24,-0.04000002145767212,0.04999995231628418,0.0,-0.1499999761581421,-0.5799999237060547,0.44999980926513494,0.11999988555908203,-0.08999991416931197,0.13999986648559526,0.07000017166137695,-0.24000000953674305,-0.019999980926513672,5.0,7.0,10-09,-0.024166678388913686
09-25,-0.04000002145767212,0.04999995231628418,0.0,-0.1499999761581421,0.25,0.009999275207521308,0.5000000000000004,-0.15999984741211026,0.13999986648559526,0.07000017166137695,-0.24000000953674305,-0.019999980926513672,6.0,6.0,10-10,0.03416661918163308
09-26,-0.04000002145767212,0.04999995231628418,0.0,-0.1499999761581421,0.7699999809265137,-0.8400001525878888,0.8100001811981201,-0.10999989509582564,0.13999986648559526,0.08000016212463334,-0.22000002861022938,-0.019999980926513672,5.0,7.0,10-11,0.03916667401790624
09-27,-0.04000002145767212,0.04999995231628418,0.0,-0.1499999761581421,0.40000009536743164,-0.8100004196166974,0.8500001430511475,-0.11999988555908203,-0.16000008583068892,0.009999990463256392,-0.22000002861022938,-0.019999980926513672,4.0,8.0,10-12,-0.017500018080075497
09-28,-0.04000002145767212,0.04999995231628418,0.0,-0.1499999761581421,0.6999998092651358,-0.8100004196166974,0.8399999141693115,-0.2599999904632573,-0.2999999523162842,0.009999990463256392,-0.22000002861022938,-0.019999980926513672,4.0,8.0,10-13,-0.016666725277900685
09-29,-0.019999980926513672,0.04999995231628418,0.0,-0.1499999761581421,0.7199997901916495,-0.75,0.6499998569488521,-0.31999993324279785,-0.2999999523162842,-0.1700000762939453,-0.21000003814697266,-0.019999980926513672,3.0,9.0,10-14,-0.043333361546198636
09-30,0.0,0.04999995231628418,0.0,-0.1499999761581421,0.9499998092651358,-0.75,0.5099997520446768,-0.1399998664855957,-0.2999999523162842,-0.1700000762939453,-0.250000059604645,-0.019999980926513672,3.0,9.0,10-15,-0.022500033179919093
10-01,0.0,0.04999995231628418,0.0,-0.1499999761581421,0.9200000762939453,-0.9099998474121094,0.25999999046325684,-0.1699998378753662,-0.2799999713897705,-0.20000004768371582,-0.250000059604645,-0.019999980926513672,3.0,9.0,10-16,-0.06249997516473136
10-02,0.0,0.0,0.0,-0.1499999761581421,0.679999828338623,-1.6899995803833008,0.25,-0.1699998378753662,-0.2799999713897705,-0.20000004768371582,-0.250000059604645,-0.019999980926513672,2.0,10.0,10-17,-0.15249996880690259
10-03,0.0,0.0,0.0,0.0,0.679999828338623,-1.3099994659423828,-0.40000009536743164,-0.14999985694885254,-0.21000003814697266,-0.20000004768371582,-0.250000059604645,-0.019999980926513672,1.0,11.0,10-18,-0.15499997635682425
10-04,0.0,0.0,0.0,0.0,0.42999982833862305,-1.1499996185302734,-0.570000171661377,-0.18000006675720215,-0.21000003814697266,-0.10000014305114746,-0.030000030994415616,-0.019999980926513672,1.0,11.0,10-19,-0.1525000184774399
10-05,0.0,0.0,0.0,0.0,0.42999982833862305,-1.1499996185302734,-0.570000171661377,-0.059999942779541016,-0.21000003814697266,-0.10000014305114746,-0.030000030994415616,-0.03999996185302723,1.0,11.0,10-20,-0.14416667322317764
10-06,0.0,0.0,0.0,0.0,0.719999790191653,-1.1499996185302734,-0.48999977111816406,0.00999999046325728,-0.21000003814697266,-0.10000014305114746,-0.030000030994415616,-0.06000000238418579,2.0,10.0,10-21,-0.1091666519641874
10-07,0.0,0.0,0.0,0.0,1.0399999618530273,-1.1599998474121076,-0.440000057220459,-0.039999961853027344,-0.21000003814697266,-0.10000014305114746,-0.04000002145767223,-0.050000011920928955,1.0,11.0,10-22,-0.08333334326744064
10-08,0.0,0.0,0.0,0.0,0.6100001335144052,-0.719999313354494,-0.26000022888183594,-0.039999961853027344,-0.04999995231628418,-0.09000015258789062,-0.09000003337860119,-0.050000011920928955,1.0,11.0,10-23,-0.057499960064888084
10-09,0.0,0.0,0.0,0.0,0.5500001907348642,-0.719999313354494,-0.25,-0.039999961853027344,-0.04999995231628418,-0.09000015258789062,-0.09000003337860119,-0.050000011920928955,1.0,11.0,10-24,-0.06166660288969684
10-10,0.0,0.0,0.0,0.0,0.5300002098083505,-0.7799997329711914,-0.1100001335144043,-0.12000012397766113,0.25,-0.019999980926513672,-0.10000002384185791,-0.050000011920928955,2.0,10.0,10-25,-0.03333331644535057
10-11,0.0,0.0,0.0,0.0,0.30000019073486417,-0.7799997329711914,-0.3599998950958252,0.039999961853027344,0.25,-0.019999980926513672,-0.06000000238418557,-0.050000011920928955,3.0,9.0,10-26,-0.05666662255922944
10-12,0.0,0.0,0.0,0.0,0.30000019073486417,-0.7799997329711914,0.05000019073486239,-0.1600000858306898,-0.12999987602233887,0.009999990463256836,-0.06000000238418557,-0.050000011920928955,3.0,9.0,10-27,-0.06833327809969593
10-13,0.0,0.0,0.0,0.0,0.30000019073486417,-0.7799997329711914,0.11000013351440607,-0.13000011444091797,-0.12999987602233887,0.009999990463256836,-0.0699999928474424,-0.04000002145767212,3.0,9.0,10-28,-0.060833285252252976
10-14,0.0,0.0,0.0,0.0,0.30000019073486417,1.1700000762939453,0.029999732971191406,-0.15000009536743164,-0.19999980926513672,0.009999990463256836,-0.0699999928474424,-0.050000011920928955,4.0,8.0,10-29,0.08666667342185984
10-15,0.0,0.0,0.0,0.0,0.4700002670288095,1.989999771118164,0.23000001907348722,-0.20000004768371582,-0.19999980926513672,0.009999990463256836,-0.0699999928474424,-0.050000011920928955,4.0,8.0,10-30,0.18166668216387447
10-16,0.0,0.0,0.0,0.0,0.4700002670288095,3.049999237060545,0.23000001907348722,-0.20000004768371582,-0.19999980926513672,0.009999990463256836,-0.0699999928474424,-0.030000030994415394,4.0,8.0,10-31,0.27166663606961566
10-17,0.0,0.0,0.0,0.0,0.30999994277953924,3.049999237060545,0.23000001907348722,-0.21000003814697266,-0.19999980926513672,0.009999990463256836,-0.06000000238418557,-0.009999990463256836,4.0,8.0,11-01,0.25999994575977303
10-18,0.0,0.0,0.0,0.0,-0.01000022888183505,3.049999237060545,0.19999980926513672,0.009999990463256836,-0.19999980926513672,0.009999990463256836,-0.050000011920928955,-0.009999990463256836,4.0,8.0,11-02,0.2499999155600865
10-19,0.0,0.0,0.0,0.0,0.12999963760375977,3.8799991607666016,0.15999984741211026,-0.18000006675720215,-0.3599998950958252,0.0,0.0,-0.009999990463256836,3.0,9.0,11-03,0.30166655778884893
10-20,0.0,0.0,0.0,0.0,0.12999963760375977,4.299999237060545,0.25999975204467685,-0.18000006675720215,-0.3599998950958252,0.0,0.0,-0.029999971389770508,3.0,9.0,11-04,0.34333322445551534
10-21,0.0,0.0,0.0,0.0,0.14999961853027255,3.839999198913574,0.19000005722045987,-0.09999990463256836,-0.3599998950958252,0.0,0.0,-0.029999971389770508,3.0,9.0,11-05,0.3074999252955119
10-22,0.0,0.0,0.0,0.4200000762939453,0.16999959945678622,4.069999694824219,1.2200000286102295,-0.08999991416931152,-0.29999995231628374,0.0,0.0,-0.06000000238418579,4.0,8.0,11-06,0.4524999608596166
10-23,0.0,0.0,0.0,0.4200000762939453,0.3299999237060538,4.189999580383301,0.8099999427795419,-0.1499998569488521,-0.19000005722045898,0.0,0.0,-0.06000000238418579,4.0,8.0,11-07,0.4458333005507787
10-24,0.0,0.0,0.0,0.4200000762939453,0.5,4.189999580383301,0.8400001525878897,-0.08999991416931152,-0.21000003814697132,0.0,0.07999998331069957,-0.06999999284744263,5.0,7.0,11-08,0.4716666539510091
10-25,0.0,0.0,0.0,0.4200000762939453,0.5,2.239999771118164,0.46000003814697177,-0.25,0.14999985694885387,-0.5799999237060547,0.07999998331069957,-0.06999999284744263,6.0,6.0,11-09,0.24583331743876144
10-26,0.0,0.0,0.0,0.4200000762939453,0.5,2.8299999237060547,0.28999996185302646,-0.5399999618530273,0.31999993324279785,-0.5799999237060547,0.07999998331069957,-0.06999999284744263,6.0,6.0,11-10,0.27083333333333326
10-27,0.0,0.0,0.0,0.4200000762939453,0.6900000572204581,2.689999580383299,0.32000017166137695,-0.5999999046325684,0.31999993324279785,-0.5799999237060547,0.0,-0.04999995231628418,5.0,7.0,11-11,0.26750000317891415
10-28,0.0,0.0,0.0,0.4200000762939453,0.8600001335144034,1.8999996185302717,0.5399999618530265,-0.5899999141693115,0.31999993324279785,-0.5799999237060547,0.0,-0.04999995231628418,5.0,7.0,11-12,0.23499999443689953
10-29,0.0,0.0,0.0,0.4200000762939453,1.0399994850158683,1.4000005722045916,0.6400003433227539,-0.7999999523162842,0.31999993324279785,-0.9199999570846558,0.0,-0.04999995231628418,5.0,7.0,11-13,0.17083337903022774
10-30,0.0,0.0,0.0,0.4200000762939453,0.9200000762939444,0.5700006484985352,0.6800003051757804,-0.440000057220459,0.31999993324279785,-0.9199999570846558,-0.009999990463256836,-0.04999995231628418,5.0,7.0,11-14,0.12416675686836227
10-31,0.0,0.0,0.0,0.4200000762939453,1.2399997711181614,0.15000057220459162,0.5800004005432138,-0.7799999713897705,0.31999993324279785,-0.9199999570846558,0.020000040531158336,-0.019999980926513672,6.0,6.0,11-15,0.08416674037774403
11-01,0.0,0.0,0.0,0.4200000762939453,1.2199997901916486,0.6100006103515625,0.24000024795532315,-0.7999999523162842,0.31999993324279785,-0.9199999570846558,0.020000040531158336,-0.019999980926513672,6.0,6.0,11-16,0.09083340068658186
11-02,0.0,0.0,0.0,0.0,1.199999809265135,0.030000686645506036,0.1700000762939453,-0.6900000572204585,0.05999994277954057,-0.9199999570846558,0.020000040531158336,-0.019999980926513672,5.0,7.0,11-17,-0.01249995330969523
11-03,0.0,0.0,0.0,0.0,1.2899999618530273,0.030000686645506036,-0.07999992370605558,-0.6400001049041752,-0.04999995231628418,-0.9199999570846558,0.020000040531158336,-0.019999980926513672,3.0,9.0,11-18,-0.030833269158999393
11-04,0.0,0.0,0.0,0.0,0.6500005722045898,0.06999969482421697,-1.0399999618530273,-0.7000000476837158,-0.02999997138977184,-0.9199999570846558,0.020000040531158336,0.010000050067901611,4.0,8.0,11-19,-0.16166663169860865
11-05,-0.12999999523162842,0.0,0.0,0.0,0.9599995613098145,0.8199996948242205,-0.7999999523162842,-0.41000008583068714,-0.02999997138977184,-0.9199999570846558,0.020000040531158336,0.010000050067901611,4.0,8.0,11-20,-0.04000005125999437
11-06,-0.12999999523162842,0.0,0.0,0.0,0.7800002098083505,-0.31999969482421875,-0.6299998760223389,-0.28999996185302646,-0.11999988555908336,-0.9199999570846558,-0.0499999523162844,0.010000050067901611,2.0,10.0,11-21,-0.139166588584582
11-07,-0.12999999523162842,0.0,0.0,0.0,0.1099996566772461,-0.17999935150146307,-0.5099999904632568,-0.3700001239776598,-0.11999988555908336,-0.3400000333786011,0.030000030994415172,0.0,2.0,10.0,11-22,-0.12583330770333592
11-08,-0.12999999523162842,-0.26999998092651345,0.0,0.14999985694885254,-0.06000041961669922,0.5700006484985369,-0.05000019073486328,-0.12000012397766113,-0.28999996185302734,-0.3400000333786011,0.030000030994415172,0.0,3.0,9.0,11-23,-0.04250001410643244
11-09,-0.12999999523162842,-0.26999998092651345,0.0,0.14999985694885254,-0.23999977111816406,0.48999977111816584,-0.3400001525878915,-0.06000018119812012,-0.21000003814697266,0.0,0.030000030994415172,0.0,3.0,9.0,11-24,-0.04833337167898805
11-10,-0.12999999523162842,-0.26999998092651345,0.0,0.14999985694885254,-0.23999977111816406,0.8000001907348651,-0.690000057220459,-0.40000009536743164,-0.21000003814697266,0.0,0.019999980926513672,0.0,3.0,9.0,11-25,-0.0808333257834115
11-11,-0.12999999523162842,-0.26999998092651345,0.0,0.16999983787536577,-0.23999977111816406,0.23999977111816406,-0.7600002288818359,-0.06000018119812012,-0.21000003814697266,-0.039999961853027344,0.019999980926513672,0.0,3.0,9.0,11-26,-0.1066667139530182
11-12,-0.12999999523162842,-0.26999998092651345,0.0,0.16999983787536577,-0.05000019073486328,0.23999977111816406,-0.3699998855590829,0.14999985694885254,-0.059999942779541016,-0.039999961853027344,0.030000030994415172,0.0,4.0,8.0,11-27,-0.02750003834565491
11-13,-0.12999999523162842,-0.26999998092651345,0.0,0.20000004768371626,-0.36999988555908025,1.0699996948242205,-0.2999997138977051,0.029999971389770508,-0.03999996185302779,0.12000000476837158,0.0,0.0,4.0,8.0,11-28,0.02583334843317699
11-14,-0.12999999523162842,-0.26999998092651345,0.0,0.20000004768371626,-0.46000003814697266,1.0699996948242205,-0.1999998092651376,0.029999971389770508,0.06999993324279785,0.12000000476837158,0.0,0.0,5.0,6.0,11-29,0.035833319028218714
11-15,-0.12999999523162842,-0.26999998092651345,0.0,0.24000000953674316,0.17999935150146484,0.8000001907348651,0.01999998092651456,0.3400001525878902,0.26999998092651367,0.12000000476837158,0.0,0.0,7.0,4.0,11-30,0.13083330790201844
11-16,-0.12999999523162842,-0.26999998092651345,0.0,0.24000000953674316,-0.28999996185302734,0.5399999618530291,-0.07000017166137784,0.00999999046325728,0.25,0.12000000476837158,0.0,0.0,5.0,6.0,12-01,0.033333321412404505
11-17,-0.12999999523162842,-0.26999998092651345,0.0,0.24000000953674316,-0.28999996185302734,0.05000019073486506,0.46000003814697443,-0.1800000667572017,0.3399999141693115,0.12000000476837158,-0.0100000500679015,0.0,5.0,6.0,12-02,0.027500008543332777
11-18,0.0,-0.26999998092651345,0.0,0.2999999523162842,-0.28999996185302734,-0.5599994659423846,0.3999998569488534,-0.09999990463256836,0.3399999141693115,0.25999999046325684,-0.0100000500679015,0.0,4.0,7.0,12-03,0.005833362539609227
11-19,0.0,0.0,0.0,0.2999999523162842,-0.2600002288818395,0.12999916076660156,-0.19999980926513672,-0.08999991416931152,0.36999988555908203,0.25999999046325684,0.0,0.0,4.0,7.0,12-04,0.042499919732411406
11-20,0.0,0.0,0.0,0.15000009536743164,-0.15999984741210938,1.4300003051757812,0.09000015258789151,0.1400001049041748,0.48000001907348633,0.25999999046325684,0.0,0.0,6.0,5.0,12-05,0.19916673501332607
11-21,0.0,0.07000005245208718,0.0,0.1300001144409184,-0.6900000572204599,1.119999885559082,0.19000005722045898,0.0,0.40000009536743164,0.25,0.0100000500679015,0.0,7.0,4.0,12-06,0.12333334982395165
11-22,0.0,0.07000005245208718,0.0,0.1300001144409184,-0.6900000572204599,1.119999885559082,0.07000017166137695,0.09000015258789107,0.309999942779541,0.15999996662139893,0.0100000500679015,0.0,8.0,3.0,12-07,0.10583335657914476
11-23,0.0,0.07000005245208718,0.0,0.1300001144409184,-0.8899998664855966,1.050000190734865,0.07999992370605558,0.18000006675720215,0.2899999618530278,0.15999996662139893,0.0,0.0,7.0,4.0,12-08,0.08916670083999655
11-24,0.0,0.07000005245208718,0.0,0.09999990463256792,-0.8999996185302734,0.8999996185302734,-0.09000015258788974,0.25,0.2899999618530278,0.0,-0.020000040531158336,0.0,5.0,6.0,12-09,0.0499999771515529
11-25,0.0,0.07000005245208718,0.0,0.09999990463256792,-1.0399994850158691,0.19999980926513494,-0.3599998950958261,0.25,0.18000006675720215,-0.12999999523162842,-0.21000003814697255,0.0,5.0,6.0,12-10,-0.07833329836527533
11-26,0.0,0.07000005245208718,0.0,0.09999990463256792,-1.0299997329711914,0.26000022888183594,-0.28999972343444735,-0.1700000762939453,0.20000004768371582,-0.12999999523162842,-0.04000002145767201,0.0,4.0,7.0,12-11,-0.08583327631155646
11-27,0.0,0.07000005245208718,0.0,0.09999990463256792,-1.0399994850158691,0.7799997329711932,-0.28999972343444735,-0.1700000762939453,0.20000004768371582,-0.11000001430511475,-0.029999971389770508,0.0,4.0,7.0,12-12,-0.040833294391631914
11-28,0.0,0.07000005245208718,0.0,0.059999942779541016,-1.3299999237060547,0.7799997329711932,-0.6400001049041766,-0.1700000762939453,-0.029999971389770508,-0.11000001430511475,-0.13999998569488525,0.0,3.0,8.0,12-13,-0.12583336234092715
11-29,0.0,0.07000005245208718,0.0,0.0,-1.3299999237060547,0.5199995040893572,-0.5900001525878924,0.17000007629394487,-0.009999990463256836,-0.25,-0.13999998569488525,0.0,3.0,8.0,12-14,-0.13000003496805831
11-30,0.0,0.01999998092651345,0.0,0.0,-1.3500003814697248,0.5399999618530291,-0.6900000572204608,0.24000000953674316,-0.039999961853027344,-0.25,-0.15000003576278675,0.0,3.0,8.0,12-15,-0.14000004033247615
12-01,0.0,0.01999998092651345,0.0,0.0,-1.3500003814697248,-0.1900005340576154,-0.40999984741211026,0.009999990463256836,-0.15000009536743164,-0.20000004768371582,-0.15000003576278675,0.0,2.0,9.0,12-16,-0.2016667475303012
12-02,0.0,-0.05000007152557373,0.0,0.0,-1.6000003814697248,-0.5399999618530291,-0.15000009536743164,0.15000009536743164,-0.15000009536743164,-0.20000004768371582,-0.15000003576278675,0.0,1.0,10.0,12-17,-0.22416671613852182
12-03,0.0,-0.05000007152557373,0.0,0.0,-0.5900001525878906,-0.619999885559082,0.34999990463256836,0.0399999618530269,-0.15000009536743164,-0.20000004768371582,-0.21000003814697255,0.0,2.0,9.0,12-18,-0.11916670203208928
12-04,0.0,-0.05000007152557373,0.0,0.0,-0.05999994277954013,-0.5500001907348651,0.34000015258788974,0.0399999618530269,-0.15000009536743164,-0.21000003814697266,-0.22000002861022938,0.0,2.0,9.0,12-19,-0.07166668772697467
12-05,0.0,-0.05000007152557373,0.0,0.009999990463256836,0.019999980926513672,-0.39999961853027344,0.46000003814697266,0.0399999618530269,-0.5199999809265137,-0.08000004291534424,-0.1899999976158142,0.0,4.0,7.0,12-20,-0.059166645010312435
12-06,0.0,-0.05000007152557373,0.0,0.009999990463256836,0.15999984741210938,0.05000019073486506,0.5900001525878897,0.06999993324279785,-0.5199999809265137,-0.08000004291534424,0.0,0.0,5.0,6.0,12-21,0.019166668256123936
12-07,0.0,-0.05000007152557373,0.0,0.009999990463256836,0.15000009536743164,1.300000190734865,0.3600001335144043,0.0,-0.5399999618530273,-0.08000004291534424,-0.17000001668930054,0.0,4.0,7.0,12-22,0.08166669309139267
12-08,0.0,-0.05000007152557373,0.0,0.009999990463256836,0.15000009536743164,1.8699998855590874,0.7000000476837158,0.0,-0.5399999618530273,-0.10000002384185791,-0.1600000262260437,0.0,4.0,7.0,12-23,0.15666666130224907
12-09,0.0,-0.05000007152557373,0.0,0.009999990463256836,0.01000022888183505,2.3299999237060547,0.7499997615814209,0.0,-0.309999942779541,-0.10000002384185791,-0.10000002384185791,0.0,4.0,7.0,12-24,0.21166665355364475
12-10,0.0,-0.05000007152557373,0.0,0.009999990463256836,0.019999980926512784,2.3000001907348615,0.6999998092651367,0.0,-0.309999942779541,-0.10000002384185791,-0.10000002384185791,0.0,4.0,7.0,12-25,0.20583332578341143
12-11,0.0,0.0,0.0,0.009999990463256836,0.31000041961669833,2.1199998855590803,0.7999997138977051,0.0,-0.309999942779541,-0.10000002384185791,0.009999990463256836,0.0,5.0,6.0,12-26,0.23666666944821654
12-12,0.0,0.0,0.0,0.009999990463256836,0.31000041961669833,2.850000381469725,0.7199997901916504,0.0,-0.309999942779541,-0.10000002384185791,0.009999990463256836,0.0,5.0,6.0,12-27,0.290833383798599
12-13,0.0,0.0,0.0,0.009999990463256836,0.5600004196166983,3.060000419616701,0.6700000762939453,0.0,-0.309999942779541,-0.10000002384185791,0.009999990463256836,0.0,5.0,6.0,12-28,0.32500007748603826
12-14,0.0,0.0,0.0,0.009999990463256836,-0.06999969482421964,2.8400001525878906,0.7899999618530273,0.0,-0.20000004768371582,-0.10000002384185791,0.06999999284744263,0.0,4.0,7.0,12-29,0.278333360950152
12-15,0.0,0.0,0.0,0.009999990463256836,-0.06999969482421964,3.1400003433227557,0.7100000381469727,0.0,-0.20000004768371582,0.0,0.06999999284744263,0.0,4.0,7.0,12-30,0.305000051856041
12-16,0.0,0.010000109672546387,0.0,0.009999990463256836,-0.019999980926515448,0.75,0.17999982833862216,0.0,0.1099998950958252,-0.09999990463256836,0.06999999284744263,0.0,6.0,5.0,12-31,0.08416666090488412
12-17,0.0,0.010000109672546387,0.0,0.009999990463256836,-0.019999980926515448,0.75,0.04999971389770508,0.0,0.1099998950958252,-0.09999990463256836,0.07999998331069946,0.0,6.0,5.0,01-01,0.07416665057341243
12-18,0.0,0.010000109672546387,0.0,0.08999991416931152,-0.0900001525878924,-0.44999980926513494,0.2799997329711905,0.0,0.19000005722045898,-0.09999990463256836,0.22000002861022938,0.0,5.0,6.0,01-02,0.012499998013178424
12-19,0.0,0.010000109672546387,0.0,0.08999991416931152,-0.0900001525878924,-1.0199995040893572,-0.010000228881836826,0.0,0.19000005722045898,-0.039999961853027344,0.24000000953674294,0.0,4.0,7.0,01-03,-0.052499979734421165
12-20,0.0,0.010000109672546387,0.0,0.08999991416931152,0.04999971389770419,-1.2799997329711896,-0.07999992370605291,0.0,0.19000005722045898,-0.039999961853027344,0.18000000715255715,0.0,5.0,6.0,01-04,-0.07333331803480764
12-21,0.0,0.010000109672546387,0.0,0.08999991416931152,0.04999971389770419,-2.1700000762939453,0.009999752044677734,0.0,0.19000005722045898,-0.039999961853027344,0.18000000715255715,0.0,6.0,5.0,01-05,-0.1400000403324764
12-22,0.0,0.010000109672546387,-0.19999998807907104,0.08999991416931152,0.04999971389770419,-2.2699995040893555,-0.15999984741210938,0.0,0.19000005722045898,-0.039999961853027344,0.18000000715255715,0.0,5.0,6.0,01-06,-0.1791666249434154
12-23,0.0,0.010000109672546387,-0.19999998807907104,0.16000008583068848,0.04999971389770419,-2.8199996948242188,-0.15000009536743164,0.0,0.19000005722045898,0.0,0.18000000715255715,0.0,5.0,6.0,01-07,-0.21499998370806384
12-24,0.0,0.010000109672546387,-0.19999998807907104,0.16000008583068848,0.04999971389770419,-2.5999994277954084,-0.05000019073486328,0.0,0.19000005722045898,0.05000007152557373,0.18000000715255715,0.0,6.0,5.0,01-08,-0.18416663010915113
12-26,0.0,0.010000109672546387,-0.19999998807907104,0.16000008583068848,-0.6800003051757804,-2.25,-0.09000015258789062,0.0,0.25999999046325684,0.05000007152557373,0.18000000715255715,0.0,5.0,6.0,01-10,-0.2133333484331766
12-27,0.0,0.010000109672546387,-0.1499999761581421,0.16000008583068848,-0.7300000190734846,-1.0,-0.2999997138977051,0.0,0.15000009536743164,0.1499999761581421,0.18000000715255715,0.0,5.0,6.0,01-11,-0.1274999529123305
12-28,0.0,0.010000109672546387,-0.1499999761581421,0.07000017166137695,-0.7300000190734846,-0.30000019073486506,-0.34999990463256836,0.0,0.06999993324279785,0.1499999761581421,0.029999971389770397,0.0,5.0,6.0,01-12,-0.09999999403953552
12-29,0.0,0.0,-0.1499999761581421,0.07000017166137695,-0.7300000190734846,-0.6499996185302734,-0.3599996566772452,0.0,0.06999993324279785,0.09000003337860107,0.029999971389770397,0.0,4.0,7.0,01-13,-0.13583326339721657
12-30,0.0,0.039999961853027344,-0.1499999761581421,0.07000017166137695,-0.5999999046325666,-0.9200000762939471,-0.3500003814697292,0.0,0.06999993324279785,0.09000003337860107,0.019999980926513783,0.0,5.0,6.0,01-14,-0.144166688124339
12-31,0.0,0.039999961853027344,-0.1499999761581421,0.07000017166137695,-0.5999999046325666,0.06000041961669744,-0.36999988555908203,0.0,0.06999993324279785,0.1499999761581423,-0.009999990463256614,0.0,5.0,6.0,01-15,-0.061666607856750454
