,2009,2010,2011,2012,2013,2014,2015,2016,2017,2018,2019,2020,ups,downs,avg
01-02,-1.644736862743991,1.6765790685763535,-0.9727663819775587,-6.39032037635707,-2.920728219882195,-9.108339227887775,-5.930080077684569,-3.4768218455840225,-3.9639600474053447,3.1446541634962486,2.425107999191324,0.20747362086481042,4.0,8.0,-2.246161515616149
01-03,-7.894735686336526,1.6765790685763535,-0.14472111581279334,-7.13043212890625,-0.13812471267927487,-9.63566716237006,-3.245945336485124,-3.4768218455840225,-2.9437994878062828,4.87499833106998,0.42857442583356586,0.20747362086481042,4.0,8.0,-2.2852185024696348
01-04,-7.894735686336526,2.7287330888647703,0.5755435829154624,-5.845263643663112,-1.427262353090479,-9.395968490528379,-3.245945336485124,-1.2965951817962895,-1.3204276121295782,2.746570046721706,0.5714280264718192,0.20747362086481042,5.0,7.0,-1.9663708281825765
01-05,-4.458597565409163,3.7096802145500547,2.7906994486964027,-2.8064244224535138,0.7366475712258737,-9.395968490528379,-2.2881931817418004,-6.408096550440906,-3.1971549676690865,0.37453444383406115,4.000002997262137,0.20747362086481042,6.0,6.0,-1.394616406817459
01-06,-8.22369058789318,5.925920394128878,2.1739087324658684,-1.2600299670048538,0.7366475712258737,-7.540058592098039,1.7879101137812405,-4.351468335258905,-2.6643000411790805,0.6242220887157591,4.000002997262137,0.0,6.0,6.0,-0.7325779688211919
01-07,-2.2508001511405,6.443029539832336,0.8979231352917897,-1.9473091089120365,1.507537381943045,-4.875766147432077,2.3794960596200663,-4.351529552795937,-0.3552394408521365,-0.25188892673024776,4.545457008456409,4.11523211127299,6.0,6.0,0.4880118257128085
01-08,-8.970095752068493,5.0053274743810485,1.134214427451975,-2.005721827040978,0.0,-2.5713004212395734,0.5457862573504926,-3.4982921337087323,0.08841935022822106,-1.7902795832784681,5.211266063787784,3.2921876513111523,6.0,6.0,-0.2965407077354644
01-09,-11.627900492672568,3.833872174536797,0.8530819996281123,-0.6787269785828918,0.7309266874067398,-2.8904378080768076,0.9096399066844995,-4.778152330915898,-0.26619105370600926,2.5157209316162823,3.025937124142904,6.300811747406586,7.0,5.0,-0.17261817437768778
01-10,-3.6544862708603456,2.166845278268315,-0.4320698651826085,-1.4285714285714286,-0.546451931859343,-2.8904378080768076,1.8192798133690204,-5.136981268138623,2.112674105382511,3.1446541634962486,0.8708264723109207,7.926826431664778,6.0,6.0,0.3293423076502197
01-11,-9.859159091615814,-0.11085670399179144,1.1363715384942585,2.501383331384263,0.04552969922604722,0.419581116022118,1.938217385754057,-2.6755827241100896,2.302924975733661,0.5082587348752643,-1.3062431688230873,6.504068428844849,8.0,4.0,0.11704112681614465
01-12,-7.216496061652834,0.27639157898732336,0.9633948012255172,3.926986103256094,1.6393384244604792,0.8356559773682721,1.3406417757474267,-2.1258502987611805,2.4604545707858048,-1.01651746975054,0.0,4.3659052109181635,8.0,4.0,0.4541587177153772
01-13,-2.2801265087779545,-2.836486328510789,0.33653700669130937,4.590707561993823,1.6841098928021259,-0.5176499310661598,0.5444655102803764,-1.087867083814741,1.4938495130436749,-1.651843917805633,2.4079331114982017,4.166672461562456,7.0,5.0,0.5708584406580576
01-14,-0.131749036148151,-5.177265349433325,-0.2403901261692827,3.48450864726254,2.3508157234848155,-2.6963089464578,8.352397727156172,-3.177258471813462,0.1757509451893028,-3.092780464424631,3.9051632751596066,-0.8510630526872615,5.0,7.0,0.24181840592654355
01-15,-4.318934287658182,-4.670792922480931,-3.3653884068044664,4.800868327492472,1.2362658236139192,0.6666637602306718,7.547168165227649,0.8361235882171614,1.4744152665313301,-2.960103212845318,1.8207232497855768,-4.103672840694992,7.0,5.0,-0.08638862411542592
01-16,-0.996675193549919,-6.359027189967841,-3.0680698510183553,5.573586606118667,2.1180766534086315,-2.265056931828861,7.261294879265049,0.08361395359482877,0.263394958219636,-4.986878217164661,3.8461566172910975,-5.021834561241093,6.0,6.0,-0.2959515230727351
01-17,-3.3222590941082633,-8.37155412708565,-5.340520140798029,5.522461225418341,1.573742738631899,-2.795180355209885,6.2893104394786485,-2.839930524579135,-0.8880943673421109,-5.118114818634797,3.030306612851063,-6.11354180071203,4.0,8.0,-1.5311145176741625
01-18,-5.067567502259338,-9.883713838279466,-4.470359959691754,6.43087230842545,2.383096637140212,-3.0843344079442945,7.765903390915868,-0.589223014729838,0.7054666898553611,-3.2509752683976205,2.20386114607479,-6.11354180071203,5.0,7.0,-1.0808763016335547
01-19,-1.6339869077347535,-7.999997820172991,0.7504683381911679,6.933329264322917,1.573742738631899,-1.8571399507068622,8.486881466854413,-0.08375401367906189,0.2645479062391829,-1.6905086277451502,4.407715724144853,-5.652179005916804,6.0,6.0,0.29159325936906755
01-20,-3.666667938232434,-6.704547043181614,-0.23753513644384303,5.7066650390625,1.8825642597396819,-4.290585816412627,8.33333244437513,-2.17959890305007,0.6172812511668634,-3.3810110547470558,3.6111077629488895,-8.24054301241304,5.0,7.0,-0.7124615122656349
01-21,4.140125009088737,-7.827092170278519,1.0451274172360339,6.666666666666667,1.7945334654529304,-4.290585816412627,9.49505821862632,-1.6536165173406725,-0.1763624675506695,-4.605261960848568,2.2535190079046843,-8.724840304881353,6.0,6.0,-0.15689412102808623
01-22,7.310704359462041,-5.373831957914422,-0.33254919102138025,6.316918018726324,1.1291779895752279,-5.044077780593447,7.765359884195165,-4.090515895485261,-0.1763624675506695,-7.577807211055523,4.011064468713381,-11.564631440545671,5.0,7.0,-0.6355459352911862
01-23,5.026106523680256,-5.66588356194218,0.2832835933799334,7.358387689573716,-0.8727543533019385,-4.0579716020677505,8.324021245093771,-2.3498734825248517,-0.4420798868744834,-11.188807038143036,5.357147418722646,-9.567200206549765,5.0,7.0,-0.6496353050794735
01-24,-0.19582694022925867,-8.975902029384429,0.37735811710868267,6.057440577124864,-1.3376337827332705,-2.657001047291003,7.653625480899608,-1.8181821184334517,0.0,-10.845070299565897,2.35131501860951,-9.339415415005274,4.0,8.0,-1.5607743699083265
01-25,6.686932100015095,-10.304881544924516,2.580944396265964,6.804122272061283,-2.0295227300000245,-2.1255971521351142,9.91825426152088,-3.7037043266538006,0.6113510566836383,-7.330569964179174,0.829874725051936,-7.061502328192776,6.0,6.0,-0.4270249362072174
01-26,5.538459190955529,-9.500605716772203,1.6083262176174944,1.4516153345494751,-0.7380066658666594,-2.5218163397241398,9.075905340114458,-7.367472474328965,-0.34812848259209733,-7.468879120725473,1.2448153852068917,-6.094807932030358,5.0,7.0,-1.2600496052996706
01-27,5.772813593676754,-5.773817052106269,3.425924805783804,0.6451657890983132,-1.157943484173777,-1.732428734876271,3.104220315249611,-9.223746543148277,0.8703170564613233,-5.394189010466609,1.9230815836258999,-6.575963081341307,6.0,6.0,-1.1763803968514004
01-28,9.82624500206674,-2.5882384356330213,5.509261634451166,0.6989304594033862,-0.9708784094739942,-3.0927792577857884,3.3701690469358447,-6.4102546188141245,2.0017366998950377,-5.980526076725154,-0.28089861303341696,-7.424598048950489,5.0,7.0,-0.44515255147198446
01-29,9.756094298853382,-1.17647507611443,4.722224258101016,0.32380664364606265,-2.731482139667174,0.5749920192039932,0.5039202100347466,-8.791209079119179,3.4305285057019255,-7.779345127914755,-2.9702974971445286,-6.511621408168819,6.0,6.0,-0.8874053660489801
01-30,6.707313740132803,-2.941176470588235,4.055947824191029,-1.76308375509557,-3.1061663689068744,-0.1430647955548849,-0.27995092582229575,-9.340654734093437,3.678352155144951,-7.323943491706626,-0.8333391834189815,-3.603600120498037,3.0,9.0,-1.2411138438513467
01-31,8.536583238382647,-2.941176470588235,6.624323644164239,-1.0834278053008177,-4.009317820113127,2.193605624868592,-0.11197396266295762,-9.340654734093437,4.060909937641654,-7.402237724905991,-0.27855127304568805,-1.1261196678678882,4.0,8.0,-0.40650308446008426
02-01,8.536583238382647,-2.4590168511125663,2.914387141759785,-2.0685854295391497,-3.9160844881610117,2.193605624868592,-0.11197396266295762,-11.693171647020588,2.9109601344549962,-4.395600076948915,1.114205092182641,-0.6756696528056335,5.0,7.0,-0.6375300730501801
02-02,9.310766809460283,-3.5294140086454506,4.274672777815219,-1.7429176698600062,-3.216776700078925,2.193605624868592,0.27886861995616397,-3.8009056022107823,2.994007188697727,-1.5109842514708467,-0.6963815032072737,-0.6756696528056335,5.0,7.0,0.3232393027099223
02-03,7.374636562892663,1.5526081649879455,4.979814108389425,-2.886703494977355,-3.216776700078925,3.482351864085461,-2.244666809093431,-3.9818965863206857,3.2506345116065596,1.7857158062408822,-0.6963815032072737,-17.94194815786103,6.0,6.0,-0.7118843527779805
02-04,5.13931853443342,3.0373857025287387,4.890085723722829,-4.302826698890766,-2.881035867548483,4.801867832215215,-3.348729410655671,-4.054052196397808,3.4217248322361185,1.7857158062408822,-0.9776560496251758,-17.28723028184815,6.0,6.0,-0.8146193394657374
02-05,-6.818189418302001,4.205614400748877,4.396596721996017,-4.302826698890766,0.04591473171058078,2.3584904811610645,-4.677693455248413,-2.1621600258574607,3.4217248322361185,1.650617412295893,-1.8181833945029688,-13.436692410945444,6.0,6.0,-1.4280655686332084
02-06,-5.519483133278466,4.088789302715953,4.396596721996017,-3.234503537180756,0.823423147987199,1.8095198131742933,-3.707926942783569,-0.2702678553171294,3.9148939416763633,2.872777562117499,1.0943902097437728,-13.589736410538688,7.0,5.0,-0.6101272649739592
02-07,-4.610396164990615,5.902582473423366,4.866072192636069,-3.4115105641796686,0.32317495529706647,1.0476157778785342,-2.9092995373945314,6.861922241943892,1.0371641203479627,2.4291475309744555,-0.970876162150029,-13.07691639932199,7.0,5.0,-0.20927662796129054
02-08,-5.01955964865992,4.81159376061481,5.498441678320065,-0.6493552067419409,0.1385073262089253,2.999996003650484,-12.750005722045898,8.770489438955723,2.4617993924171704,3.4899296469958543,1.248268406542497,-10.512816343238626,8.0,4.0,0.040607394418261965
02-09,-5.5009831526286055,1.2345737154354737,1.5496816057962373,-0.7065275587522996,0.27700584656075805,5.650761022381265,-14.539688352554563,10.83061850673394,0.1712367914477473,5.100666407147769,1.9417457107472624,-6.15763555476422,8.0,4.0,-0.012378751037436317
02-10,-10.529802069005827,-1.9184633631267194,0.6944426661165968,1.3586956803424604,-0.7932807926880283,5.034964500197315,-16.100065454234034,7.692306452078404,-0.08561023070427756,4.6979854173592654,-10.81504772482163,-4.106282168512623,5.0,7.0,-2.0725130905832576
02-11,-7.400125257966709,-1.3649824156043526,-2.037039473550594,-0.32608406079508034,-0.37174684946251235,2.8850578803543003,-13.757967053042469,7.445892607356286,-1.1986248800558925,11.360802724674828,-9.782610385764974,-7.769428081633325,3.0,9.0,-1.8597379371242082
02-12,-5.889891400183809,-0.8902054310647431,-1.6666606326163145,1.0187696404499462,-2.227484857143658,2.192169818076843,-15.677421323714718,4.329004257515856,-3.051433475564144,13.41463329535308,-9.422490771244268,-12.69035514564773,4.0,8.0,-2.5467805021486387
02-13,-8.514730391323347,-3.2047418157483154,-0.5034265495767039,2.2763383751691455,-0.941180060891544,0.37505824656445325,-14.967739966607862,4.329004257515856,-3.1413582502523107,12.469442783740261,-6.845238876619858,4.050635035422663,5.0,7.0,-1.2181614343839635
02-14,-3.393084102780205,-2.3543238606173813,0.04551765677914125,2.287225613177101,-1.5094324684347307,-0.5625918408936967,-11.741933514994983,5.068729683726718,-3.362832814396635,8.542711370349714,-5.294112449698941,4.8101279728306645,5.0,7.0,-0.6219998962461027
02-15,-6.600660232208057,-1.6364627078240754,1.3901321818307162,4.821152208589,-2.735848598269747,0.6094662973820155,-15.15957273107788,5.555552385697838,-3.5429550033817847,8.668342385851115,-5.14705727669614,2.0253205356679924,6.0,6.0,-0.9793825462032505
02-16,-1.8927396204436482,-2.59586198763498,-2.813655912200028,4.035182047201779,-3.113206715378413,1.0732596311759202,-15.620829266317596,3.577660087673127,-5.951306026430451,8.165830304678575,-7.49999614322899,0.7692361301217658,5.0,7.0,-1.8222022892319114
02-17,-9.49152283749338,-0.2929182501645884,-3.2733935776433944,2.948782706021492,-2.0065342932912786,1.1194018896451001,-14.930325451650555,6.4080885093418525,-4.328219437619397,6.909550101747236,-7.9763657810103155,-3.4759325051028904,4.0,8.0,-2.3657824106016765
02-18,-8.680307237923635,-0.4027710331015199,-3.1350866225570124,4.397311871829311,-1.627151918853855,-0.616996060741134,-15.177400651042506,-0.589223014729838,-6.221817591429778,5.8449815099875995,-10.757576491002986,-1.57480167140813,2.0,10.0,-3.211736575914457
02-19,-5.793104500606142,0.747981398411437,-1.1526048586649424,4.987152610047147,0.6363608620383684,2.370991275941753,-7.023412736661952,-2.6936000988353226,-5.8400683903580175,7.259073095378666,-11.263314334602779,-2.9023782222051113,5.0,7.0,-1.7222436583430747
02-20,-5.310347984577048,2.1288777315938727,0.5890310945364085,5.279347383711143,1.2311922207312875,0.8723623878217632,-5.351171912651609,-3.3670001235441864,-4.897597623813783,7.605992213642092,-10.413473300004389,-2.0100483246901604,6.0,6.0,-1.136903019770384
02-21,-4.137933665308459,1.04712216162619,0.4988603483398442,6.049824755678531,0.6029645824989952,1.5151511170906227,-4.2809388059397895,1.6813454122919544,-6.126120073262821,6.87500238418578,2.297091738865871,-4.020096649380343,8.0,4.0,0.16685610889053146
02-22,-7.626519378927562,1.6194370839741006,-0.09124296393273479,3.7153373581615177,0.1855241612686475,1.3315009475879354,-4.211230700765113,3.7617593048640985,-6.764175074735713,0.49689392428913826,1.37825650377019,-0.25125604058627005,7.0,5.0,-0.5379762395859804
02-23,-6.713786491523082,3.360370312947746,1.3698595538180198,3.7667676669158947,2.1335765114433562,1.1954033511808548,-7.147765967146006,7.722307290832895,-5.22936393070618,-1.8633492543629862,-0.7656923781197326,-2.307690050475046,6.0,6.0,-0.3732802820995221
02-24,-16.03343947429065,0.9406222531404815,1.0864634199201106,2.528378701430129,1.4018656187300926,2.095676427483129,-6.009448780768299,10.603714221896968,-5.137618708395957,-1.6149082156612025,-0.7656923781197326,-8.71934404878656,6.0,6.0,-1.6353109136184572
02-25,-12.61715944080168,1.3356536086384068,0.5432360271819356,2.9927757937173824,0.14197245853457308,2.63396871775071,-9.001404422889243,9.486775629274868,-3.6697301486559737,-2.377979217776967,-2.492209431630911,-32.21476617458032,6.0,6.0,-3.769905550103102
02-26,-15.914307362453439,0.6387845957556063,-0.9506522545136986,2.942703032920521,-0.5679169143376567,2.2456451786037253,-5.322130553875741,9.020216783674698,-3.2906821221189766,-1.7412978107836607,-4.024763939773253,-33.898304536814514,4.0,8.0,-4.238558825309699
02-27,-21.27008991244582,1.5679358953612106,-2.812349875441976,3.1925892729024006,0.04713966037142671,2.811786636448958,-4.901959540299573,10.886466997713764,-3.9558446154819493,0.12546740662382472,-6.583073178059797,-42.85714535236607,6.0,6.0,-5.312423050389467
02-28,-12.85386644531497,3.1428527832031246,-3.528311463465863,0.3615686602137151,-0.28076492085217514,2.766434122943994,-5.53221272146799,11.642252874276524,-4.151289694933315,-0.25188892673024776,-3.9938516575034826,-36.99633638852621,4.0,8.0,-4.139617814846408
02-29,0.0,0.0,0.0,1.927951184259388,0.0,0.0,0.0,13.050077596381874,0.0,0.0,0.0,-39.56043648939561,2.0,1.0,-2.0485339757295296
03-01,-7.2727272727272725,4.2913515574347825,-2.0235308478860294,2.064450326342906,-0.6551211237737286,4.444442522198338,-4.435200111665173,8.979279357415283,-3.6448630866801732,0.631315533500098,-1.3824834498691079,-66.37554612431326,5.0,7.0,-5.448219393335278
03-02,-8.45587931083569,3.8309876347931135,-3.6311524978520513,1.762338221114102,-2.9480539823376133,6.063310708193521,-7.259782848700487,6.235200924198473,-2.8650686539759063,-0.8838345220947794,-0.9216580748085098,-59.414216550099276,4.0,8.0,-5.707317412700426
03-03,-4.575644847466644,3.337043363434385,-7.8690160429841445,0.9566995378569138,-1.7576278724144376,4.531037670265653,-6.957138135205408,3.1031851167622264,-3.7892778093906254,-1.2626310670002183,-2.336450055838981,-83.0917915014485,4.0,8.0,-8.309300970285815
03-04,-3.2763535569572815,5.445543204068694,-7.7712620905958945,0.6565614433119588,-3.092782768007954,3.84443709471506,-1.0135109229537242,1.0085346080557869,-2.587806788751068,-1.3906524965048355,-1.7027884344402933,-102.03045488690911,4.0,8.0,-9.325877966247388
03-05,-1.2265518073952404,4.895486109508228,-7.135880044732268,1.0563334674937601,-3.006103157006769,2.767852421621807,1.8372686166428187,0.5430616496049723,-2.777779494783976,-1.2626310670002183,-0.7716078794396721,-108.55615430067908,5.0,7.0,-9.46972545718047
03-06,-2.0923518689505713,5.0605063853163115,-6.047411685467784,3.3872601265696636,0.23137965292430943,1.0914041546893585,4.527556369724758,2.509505196038445,-3.064066013740702,-2.8277607231204662,0.30534321136056225,-96.2566880714276,7.0,5.0,-7.764610272173644
03-07,5.050503799456449,5.372804575294418,-2.621720271257846,2.269292812258107,0.4188001561025971,0.18189635559362735,2.8215180968465043,2.583587815578503,-3.207539496960208,-5.921056470382296,-1.397517884910318,-59.35828938367329,7.0,5.0,-4.483976658004479
03-08,4.2212513345540925,1.0888282277966592,-1.8604633420012717,2.955903167842483,1.6752006244103883,-0.1364287719771191,1.6600265141716568,1.2987018664039995,-1.584343742278615,-4.1720950670295025,0.310558707279667,-49.000000953674316,7.0,5.0,-3.62857178620849
03-09,8.292686428038529,3.132114201525312,-3.031714563149135,2.705405976690593,1.6752006244103883,0.09074617483151466,3.265839231195253,0.38729815124581823,-2.3386343294041176,-4.8239880297088815,-0.310558707279667,-49.74874395941373,7.0,5.0,-3.39202906675151
03-10,2.392682277798415,2.3255806405510993,-4.028777636543501,3.006004517243941,1.6294245294629428,1.3882645185917648,7.8418665859721015,-0.46475925891451425,-1.6838195719491986,-3.911339125340158,-1.7322855931722927,-63.88889587955732,6.0,6.0,-4.7605044996547266
03-11,5.971222636578846,-0.5169451658626442,-3.30935501886537,2.7135629071866103,3.3394392918693394,1.3562438201949756,5.928857405211788,-2.0914055844686428,-1.4031859503516595,-4.868419607920666,-2.7027039320341024,-38.57867915867048,5.0,7.0,-2.846780696427667
03-12,0.7220243950571992,-1.7231432492237495,-1.9184633631266979,3.441389790347673,4.027155120518971,0.5861184234740437,6.782941008465042,-0.9295111307312566,-0.5565901772073614,-3.2383420569211405,-1.109352968243325,-9.569380664936938,5.0,7.0,-0.2904295727106283
03-13,1.8050541019080508,-1.9529015253749678,-1.626017001764685,3.3823556223543134,4.084379799671899,-4.520043159764008,9.237722182095604,-2.036016177661542,-0.46339379899568106,-0.5063286249386676,-4.326930571590225,-14.354076701199336,4.0,8.0,-0.9396829879382705
03-14,2.166066299436638,-2.838932587603494,-2.1634652857951124,1.7804090763008342,2.962297248974993,-2.8425006354866404,8.074935639303114,-2.356639446368455,2.9038170163876202,-1.0204071702683166,-3.8834992657247818,0.9569369257348699,6.0,6.0,0.3115848179076058
03-15,-3.67253639723287,-0.9670084017731182,-0.7218460710960048,0.5524892576323165,4.219032787647299,-4.240455701692794,7.65736740337441,1.7067514442912668,0.8249326658720092,-0.8928532329315185,-4.530747857376937,0.0,5.0,7.0,-0.005406175273828436
03-16,-4.070658328242689,-1.8120028176054113,1.6346161781683768,0.15068150113224277,4.4434458734624895,-2.8505785711880387,8.193551340410785,2.126041999613882,1.5496816057962373,-1.0204071702683166,-4.854372153203014,-5.612239436475814,6.0,6.0,-0.17685333153327262
03-17,-10.551182462304535,-1.000001695421007,3.4112128749956665,0.6529340118679046,4.99776412097612,-1.6818219965154475,3.0779322392871724,1.1278238349882583,1.8231522734438759,0.7653053777012573,-4.347825753107082,-2.0725431165496673,7.0,5.0,-0.31643752421979027
03-18,-3.664919785432536,-1.3333320617675781,0.1869112565033848,1.5430535768435536,5.545696314230851,-0.9463680911154077,-1.4647090988654197,1.0526341452256793,3.3728338792401296,4.8899765335502146,-7.820295712020199,0.5319143876925675,7.0,5.0,0.1577829453404366
03-19,-1.4022109055999552,3.055551317003038,-0.4672915105247767,2.6095460031184525,4.125999411717533,0.6326226613539004,-0.266311322463055,1.5789476325967728,2.2140199975999786,5.237513110117788,-8.803990224046123,-9.289614923387202,7.0,5.0,-0.06460156270947086
03-20,-5.904060365119999,2.444447411431187,-1.7510688780357466,4.755042198027881,5.786934352169162,0.22634330790029153,-1.9307586751978398,0.3805189454220466,3.019212392425873,6.9767462220139995,-6.622518177048375,-8.743167369903759,7.0,5.0,-0.11352738632627313
03-21,-4.870847513813308,1.403705825359898,0.09293892815163209,2.443792875726256,6.159894648357912,-1.0864634199200944,-2.729692642586993,-1.6304350642941599,0.1860507698946221,4.244695916011894,-7.445009620653859,1.639349174618989,7.0,5.0,-0.13266834359560084
03-22,-6.282723708136853,3.675261070312407,0.8784033013446223,2.7370454105610067,4.499776351076179,-0.13581116540641203,-1.9828168437918552,0.6158577761019344,0.09346008467380283,6.288529884520758,-6.429782136243449,-6.508869311918361,7.0,5.0,-0.21263910724218515
03-23,-5.18134565067341,4.1326821865455665,2.5700899386199154,2.0039094123091297,3.4512845314271887,-0.5454583601518112,-2.729692642586993,-0.31422558496272057,0.7366475712258899,4.808876485765263,-6.768191297713585,-13.207541794288721,6.0,6.0,-0.9202471003736906
03-24,-0.3610053117936527,4.340664189069803,1.3679287975984682,0.2932525348347505,3.155124114737804,-1.4213726771295785,-0.19802433927992702,1.241278485840466,0.6445644294397338,2.5893905080120994,-8.419239805250516,-27.922082948612438,7.0,5.0,-2.0574601685444156
03-25,-0.6540708654857647,5.940055203969364,1.8867995824706032,-3.1866421152216065,4.576854373601504,0.7606267265878507,-0.9784710976959402,0.0,-1.4733039239835486,2.4691392183120744,-9.930316975436739,-32.278471987439865,5.0,7.0,-2.7389834883601725
03-26,5.014538681542494,4.196187693495838,1.9811323640523817,-2.358250407213663,1.979757433583065,5.044253441392805,0.19429879395402586,0.0,-1.2867678478875457,4.12620977178249,-9.28195673258154,-31.0126504441942,7.0,5.0,-1.7836039376728212
03-27,5.377905223903459,3.7602208158774553,1.1417686293604286,-1.6591248558699951,2.6498722772433094,5.104712357763345,-0.38860376455534656,-0.7818638136668156,-1.7543909085513336,4.854364437391153,-8.80281716744784,-24.05063195634286,6.0,6.0,-1.212382393741253
03-28,7.70349129349425,3.073542739005063,0.6692131411943996,-0.1509088929174328,3.468948405607701,4.013961925093959,1.1010306168376764,2.0516679879935458,-0.9250640510054295,0.7281488787497977,-8.000000663425611,-22.151892096582774,8.0,4.0,-0.7014883929962376
03-29,5.856189586781197,4.797840572792755,2.8944950374653313,0.1491087743247375,3.468948405607701,3.1849892661709323,1.0369400145665446,1.643019129110917,-0.549958024343417,-1.9875756971566634,-4.521743110988451,-16.265059419009813,8.0,4.0,-0.02440045538985247
03-30,5.925927338776779,3.5369767031570603,-1.9047600882393971,-0.9443271311326006,3.468948405607701,1.3777754041883838,1.1010306168376764,1.1887061438235675,0.6416104106621314,-1.490681772867503,-4.695651842200238,-8.426965088152604,7.0,5.0,-0.018450908294920243
03-31,0.7423933146794416,4.247316663038241,1.0767857818950308,-3.479119415471611,3.3447632483030976,2.5472108565913585,2.3406999609787227,2.3048287757508645,-0.18332225520987774,-1.490681772867503,-4.33275564690481,-6.818182126057051,7.0,5.0,0.02499478206049181
04-01,-0.6686489772126527,2.617520240872039,-0.7490629346451106,-2.713365686431892,3.798546214495068,3.5729916118217235,3.01282215087054,4.237916006746471,1.466543076534157,-0.8641937225627103,-6.172837741147565,-10.909095112614114,6.0,6.0,-0.2809054061061706
04-02,5.24450594701449,1.762820169927207,-1.2640381212545235,-4.886646320974387,2.729216529530037,4.5788314618109665,3.964193554661798,3.420074681563165,2.7149338059415205,-0.24540440122475035,-7.092200440364148,-8.333340974954739,7.0,5.0,0.2160788243063864
04-03,4.252299379124874,1.762820169927207,0.3225880171046097,-0.24497421574888714,1.9280238217545789,4.967601025832257,3.1329968928145204,2.8421848742972355,0.9216624696208595,2.4360512586584275,-6.871602589268769,-1.9230828012472205,9.0,3.0,1.1272140252391412
04-04,1.8426596848602959,1.5524674025138419,-0.5111463785459445,3.088231237976808,2.645054714621467,5.7883376875535335,3.1329968928145204,3.920123289205677,2.0146544458951237,3.106334915612355,-5.244122076861162,1.2820501064172338,10.0,2.0,1.8848034935053126
04-05,3.5515270710356437,0.5408349524477879,-1.5180251232560893,2.638002082522864,1.194542151305264,3.4557203034258044,2.7599506243995924,4.786838809280899,1.1828946055354763,3.456495232253766,-3.7974602774398862,1.9108337322794968,10.0,2.0,1.6801795136492181
04-06,3.4843204648667054,0.9793166814249243,1.715340459525124,2.833414475630488,3.0290144012141496,4.077248440762921,3.0710204247993635,5.290222861991385,-1.1152405483875372,1.7878494167639571,-3.254969647548372,2.531650631382945,10.0,2.0,2.035765671868838
04-07,3.4385948850397483,2.4973396438669924,2.5498342366343225,2.833414475630488,2.4463507016669395,4.6908330306247645,0.9049795792255719,5.678469276813175,-0.6505547707734092,1.7878494167639571,-3.629760452945088,-0.6369420464437858,9.0,3.0,1.825867331341973
04-08,8.789724097957247,2.618919268279474,3.013442873094906,2.5477729625245535,3.152960344132174,2.8374885680034967,0.7712135989540964,2.9498566358886342,-0.4646857776141444,1.1990453194259814,-3.818182511763139,-6.410258173707518,9.0,3.0,1.4322747670979803
04-09,0.7352969019469963,0.855156895998421,0.6954085333912465,4.282970488875083,2.7460904792360483,2.0094028457414166,2.0939081149332557,1.2536878394783186,-1.8850213893606076,1.0804340145521774,-2.5270734196678126,-15.584416589722503,9.0,3.0,-0.3536796070498302
04-10,0.9558831676067269,0.26723270714663483,2.636363289572976,3.961360250966528,3.552245912947992,-0.5361967995234185,2.030460938141998,-0.2245560435364024,-1.1225523287541204,0.8423663653890129,-3.9782962358924543,-14.285716497389489,7.0,5.0,-0.4917837727770012
04-11,0.9558831676067269,1.4783562764003697,1.381212000665624,3.4548911136408194,-1.2152724312965433,-1.7426332065318597,2.4111682038210147,0.2235449538050549,-5.717055911191461,3.2451864662605816,-5.484464391987705,-14.285716497389489,7.0,5.0,-1.2745750213497389
04-12,1.2463348388196316,1.3220518350993706,3.1811918721448422,-0.39623537191645897,-1.692705616975932,-2.5469241445374715,3.995008271130196,0.14836427869816943,-7.490277021059022,3.110039304844382,-3.6563125004304178,-13.548389974667641,6.0,6.0,-1.3606545190708628
04-13,0.7369154756396555,3.3766213949624597,3.435805606000955,1.6840026923939697,-1.7795131559035429,-2.0907528037092007,4.412678877649217,0.07429590530086237,-5.750488688363221,2.511962281951107,-3.107862574305359,-7.975459853492514,7.0,5.0,-0.372649570156301
04-14,5.211266063787772,1.3698642526479474,3.038420122102703,-1.08964491102112,-1.2959012930999882,-1.9546891585236852,4.2944717076996275,4.157705603127219,-6.43274690729745,1.7942538838559243,-4.83270904301271,2.3668686217741897,7.0,5.0,0.5522632451700357
04-15,-4.985119770925138,-3.375764364435959,3.8427110601083303,-0.8897692004390578,-0.1280985762073988,-2.6607556619497896,7.565010208035135,3.0824326693959634,-6.43274690729745,4.088789302715953,-2.732242288179246,11.36363913451346,5.0,7.0,0.7281738004445669
04-16,-5.5882298080155355,-2.3242948720925862,5.808754628282213,0.048972717161962394,1.1016958672847597,-2.778999376472858,3.2898861984210797,4.157705603127219,-5.916582268188915,4.64575649802802,0.5395635482002183,22.27722439225097,8.0,4.0,2.105121093998879
04-17,-5.514705727669611,-1.7155477098938512,5.808754628282213,-1.949022414730013,-1.4279528991368013,-4.407843805974214,2.9795187940726566,4.020103426764647,-6.225684435283281,3.0127488462806316,0.5415114292014733,21.782175354742066,6.0,6.0,1.4086712905546597
04-18,-4.779408825722615,-0.6571682934316714,3.035877894943358,-0.34313576535869733,0.21413765992423697,-3.561893041047587,3.972689752174933,3.3959556491834646,-7.21950996212843,2.4418608003722633,-0.5484499261251069,22.27722439225097,6.0,6.0,1.5190150279195933
04-19,-5.088492323238476,-2.5097537531046274,0.827587610003592,-0.7901227032696758,-0.5139140467851477,-3.561893041047587,1.6528880023766186,3.1316763564727546,-4.466019705133166,3.135882867079636,-1.2797106827480222,20.707068821810047,5.0,7.0,0.9370997835346623
04-20,-3.2608681380110327,-3.5203486188404076,-2.611937742505289,-2.617287341459298,-1.3704483494491204,-3.4237459564251136,0.5784071347095082,0.0,-2.909788795834987,3.2520295486196145,-1.2797106827480222,18.65284481241616,3.0,9.0,0.12409548920600066
04-21,-4.522970746123802,-3.8867231909762183,-3.4285681588308985,-2.2222259898244596,-1.762682043756005,-4.1648020974172875,0.25641000560833843,0.29850718650554975,-3.6857337080567163,3.484311835342398,-2.2140199975999786,19.587634187256896,4.0,8.0,-0.18840522648934854
04-22,1.4492739601512157,-6.8848830021323995,-3.285716828845779,-3.6554906093401436,-0.2541273375320466,-4.982040703743153,-0.8962890163154628,-0.1492571517391248,-0.09698617653298851,3.033830623874376,-0.9107503245793322,23.000001907348643,3.0,9.0,0.5306304450511504
04-23,2.011492323538382,-6.715578894863645,-3.285716828845779,-3.2934122617765444,-3.0212726998836437,-1.129688248896164,-0.8181253092014211,-0.5970143730110731,-1.07737175579102,3.1468473949907665,0.1805009406774978,20.512824901854078,4.0,8.0,0.492790432399286
04-24,2.5143705427543988,-8.634315721967544,-4.580524462022363,-3.681590831213978,1.158294966113278,-0.8071762840091821,-1.2586520134921093,-11.86721434744023,0.0,2.9171529626889656,1.6187077970165946,16.410258698823913,5.0,7.0,-0.5175573910623547
04-25,-2.011492323538382,-11.788622343737245,-3.779908755725109,-0.14881293091554948,1.9483311305786364,-0.9417085157217866,-2.5802321263641734,-11.497099851987223,1.9083952099339212,1.762638873915742,1.465200057639656,13.3333325182271,5.0,7.0,-1.0274982548078675
04-26,-1.356171144034758,-19.86301768454279,-9.831189223385174,0.5408092897067504,0.8047459938408891,-1.1210762715387297,-2.9040345962212823,-10.964549968327479,0.9652454740281612,1.154727823988279,-0.5494456549742587,15.920394764233084,5.0,7.0,-2.2669634331022754
04-27,-1.9382591398008475,-12.108678086874175,-11.509713508058002,-0.39331328960622536,0.042355902682375775,-3.535346768318379,5.561998720109411,-13.877549463388858,-1.877475654211636,0.5773694181970076,-1.8315000720495702,15.49999713897705,4.0,8.0,-2.115842900195154
04-28,8.259386140983143,-6.356680036817779,-10.737259646692198,1.6224184917917255,-0.29749125703998464,-4.060909818497355,3.8636380138475674,-19.673538610904544,-1.5810261780775892,0.3464172459559347,-11.42284965543497,3.825139388552757,5.0,7.0,-3.017729660194442
04-29,8.969205063921395,-7.348618360848624,-7.570513389191627,1.6707623892601196,-0.9409804473915772,-4.953702203367335,8.257396923064242,-18.90034144652888,-1.2845861256028668,-6.543206271738747,-14.876028253979973,-14.124293937513857,3.0,9.0,-4.8037421716598105
04-30,8.378376723903246,-5.4085835621086416,-7.619994979171111,2.437835175135241,1.3657690595656249,-2.463499116328514,10.011441909775424,-20.70446543237945,-2.9116461921919927,-5.889576912608581,-12.373228291165484,-12.50000169331378,4.0,8.0,-3.9731311092406685
05-01,6.756756669679116,-6.878307234278362,-5.480112098815085,0.48780673887671494,0.42644084527178683,-2.413482280244071,10.983976961672113,-19.67632423042788,-2.9116461921919927,-4.1162244935424,-10.282252986336884,-9.659088523057866,4.0,8.0,-3.5635380686162343
05-02,4.391895701538616,-9.452135082076849,-6.87960487610154,-2.272731213530385,1.4406785893734657,-1.684885494804109,10.755144221966503,-21.539789625723284,-3.413656137406467,-4.744517968116882,-9.274194246152184,-10.22727657571314,3.0,9.0,-4.408422725562188
05-03,5.033557175848972,-10.516714054712265,-6.349209803242211,-0.20069747900766324,-0.04237385050926025,-1.4572022564386917,12.50700814233549,-16.79587270114994,-3.306622169507877,-10.012833591666038,-10.685478405141227,-8.988769011370557,2.0,10.0,-4.234600667046772
05-04,1.3937335025977822,-8.493974789217873,-3.0422024767643654,-0.5519348151891176,0.423730423107317,-0.8144810048361212,12.260968621970703,-14.627887934371541,-2.4072193048164174,-10.141206235193717,-11.693546758978238,-9.604524187901859,3.0,9.0,-3.9415454132994543
05-05,5.930469536704097,-7.52427066481518,-0.8264466641519707,-0.8529858188200661,0.7182090230080073,-0.22492643022407185,11.7514168797976,-2.553193112637149,-3.5105257614974787,-10.012833591666038,-13.292435851017325,-2.0408143405366443,3.0,9.0,-1.869861399654685
05-06,7.936506735104152,-5.1282063225000885,-1.604277727768215,-1.7206485255548334,0.2969864053056824,0.49460706602350824,9.613194469383302,-2.8936183198969414,-5.115338631375061,-8.207065811474484,-14.226805583261818,-4.27807715033954,4.0,8.0,-2.0693952830295284
05-07,10.707453132133374,1.9536001905950975,2.090424460647773,-1.106646026108994,3.117207051736,-0.2697817741001092,9.89760966251104,-3.2340435271567483,-0.8662097780527329,-8.070616397726708,-15.592515778006428,-6.349206649557296,5.0,7.0,-0.6435604527571442
05-08,11.217331563271623,-3.357760516414087,3.728492752394312,-1.0526269495827065,1.8295161774099467,2.767852421621807,1.8202485563877029,-4.209619902625252,0.3802368230680391,-5.714286052768185,-11.885244059517873,-5.820106621041676,6.0,6.0,-0.8579971506496958
05-09,6.6284256830274595,-7.287709706367989,2.611222957246229,-2.36537138149726,0.12732928682889114,3.2589265833399397,-0.11376824715853334,-3.4982921337087323,2.905345992503228,-6.7817535637258715,-3.0991655744074427,3.174600171093727,6.0,6.0,-0.37001749440219617
05-10,6.6284256830274595,-7.765755977507347,1.3274358689192012,-4.358976315229366,0.764008103803176,3.571425226269879,-0.11376824715853334,-3.7256525381019525,5.3320834162631545,-0.3717557345727145,0.0,3.174600171093727,6.0,6.0,0.37183913806722363
05-11,5.4838734288369455,-8.42373764133642,2.225452298613467,-5.1794883532402025,0.5517791329092682,3.571425226269879,0.28328180249961016,2.1848679289254407,6.828807959692671,-0.991324990475052,-1.859497374243033,-0.5494500096185684,7.0,5.0,0.3438324507361672
05-12,3.3009723959737176,-10.382870845637445,-0.04852124495725044,-5.128205128205128,0.5517791329092682,3.7433160989145384,-0.8615716246118952,3.294897536181702,6.828807959692671,-2.3544057155228404,-1.859497374243033,0.0,5.0,7.0,-0.24294156745880788
05-13,6.918235560920645,-9.636970485699102,1.2615246054444313,-5.128205128205128,1.2642193124639007,2.1428551357619274,-3.554504806281527,4.777593964608642,6.828807959692671,-2.3544057155228404,-2.0703914329638025,7.368420392192272,7.0,5.0,0.6514316135343409
05-14,5.155954281666828,-8.580865855726636,2.1834097506694525,-3.378719510195196,1.3047115444282076,1.964288131923133,-2.7073692213710934,4.365738646268015,6.828807959692671,-4.689485027343161,-3.765686620039709,10.101012411974777,7.0,5.0,0.7318163743289409
05-15,8.656904222628258,-9.57096237260579,2.1834097506694525,-0.9174229873997366,0.7569398653418319,1.2069756264386646,-2.4193551931300297,4.365738646268015,6.302916924560953,-4.580154292611213,-2.904561441900115,10.606062430506404,7.0,5.0,1.1405409315638912
05-16,6.6199870103609335,-9.57096237260579,2.843374229339232,-1.891619884129524,-2.9130438099736753,0.6258439505801469,-1.9585261557257811,3.970227376778826,3.9461096009483505,-0.6459973154190413,-0.41067723606770756,1.0101000370632403,6.0,6.0,0.1354012859291008
05-17,7.210628166133802,-4.402520627256204,2.441360669137015,-3.7270394764112718,-2.4782595427139946,0.5811402022266952,-3.2070038288217404,2.58333683013916,4.318616180137179,-0.8917219428253638,0.41067723606768936,-1.554408881574091,6.0,6.0,0.10706708201990627
05-18,7.7358463631839,-4.303793311978662,1.531831997002311,-4.356955154577347,-4.6086933301842885,1.9832558499238155,-3.387849855572918,0.5922140154950445,0.8587710195106485,-1.0191073207382428,1.232031708203068,-7.103824709453445,6.0,6.0,-0.9038560607655096
05-19,3.3248110380360663,-2.954112620126378,-1.9990240996426263,-4.724417647891613,-4.336513543623074,2.4133441084438543,-3.7168090407645957,0.3424654178758757,-0.3816881419329523,-2.547774376204356,1.028810480684202,2.6041642413474073,5.0,7.0,-0.9122286819831826
05-20,1.2586580152183482,4.0146032825190145,-0.8288643315300918,-3.744156203029183,-3.8411712849281825,2.541629848652469,-3.5945824103335364,-0.3424654178759061,-1.8129822743968478,-1.7699158789308513,-0.2083281593192355,-0.5319143876925793,3.0,9.0,-0.7382907668038817
05-21,-0.7802333203262409,4.440392166644699,0.8288643315301264,-6.117029641213504,-5.159590531377985,1.321590900115585,-4.068399594958323,-1.1130146493516149,-2.694896282184769,-1.641415570563327,-0.6185610391392863,1.0869554654186009,4.0,8.0,-1.209611480450503
05-22,-0.4551345533378206,4.683700929136295,1.501208095249575,-4.744341372987437,-2.882095451556483,-0.6729457710599701,-2.65330652848587,-1.2864543239070614,-4.710505551292548,-2.788337058485162,0.41152222998085514,3.804350607730879,4.0,8.0,-0.8160282290845623
05-23,-3.381011054747044,5.8293230104198095,1.5488852719633597,-2.3622088239458066,-4.537439403872085,-0.4934890017267965,0.4716976888241511,-0.42517168164730046,-5.113072764880948,-3.3290621504427964,1.226992728379426,-3.2608663962559357,4.0,8.0,-1.1521185481609972
05-24,-6.354513855420815,3.62853717271112,-0.6819258887775159,-3.1737806042881607,-4.6696010146086415,-0.4934890017267965,-1.9939573348564248,-0.8474527642289873,-4.803919414518757,1.0037631845926096,2.2494817930599016,1.5544027049268307,4.0,8.0,-1.215204585261303
05-25,-8.755128201030372,4.935220741788025,3.0117618336397225,-2.0811734660207803,-4.757708755099669,0.6211237413953532,-3.3680296364369013,-1.6750483246921053,-4.420430213900355,1.380171387364662,1.4314866408069629,10.798127977713612,6.0,6.0,-0.23996885620598718
05-26,-6.49698120246002,5.90062571695871,1.1434005418542175,-1.7689914918553509,-4.115589000778154,1.797456628722345,-3.3680296364369013,0.9016365442375375,-2.062868682235745,2.8858221471541046,2.032518355322763,14.414416591355398,7.0,5.0,0.9386180426532419
05-27,-4.2468504066563435,0.31348082340300143,0.47641916417417784,-1.9812260412950107,-4.481548539131024,1.365035131834666,-6.307413909722491,1.6393427245240417,-2.35756153166461,3.491280182839117,3.9840599606580844,7.476639158288892,7.0,5.0,-0.052361940228958126
05-28,-6.393006627779956,0.9404364910596248,0.47641916417417784,0.7610331075481283,-3.077594283542978,0.7542150372178368,-3.064905334065706,3.1147550850970354,-1.3618710793709965,2.3959654644817836,3.792416138529088,6.763284551201207,8.0,4.0,0.42509564287910373
05-29,-6.998654009966359,0.2507834628925208,2.65610307148912,0.7610331075481283,0.216916436943564,-2.762683933239656,-2.884624201870874,1.6638997946981908,-3.4756742013568904,2.272731104063447,1.6161601371441519,11.594197974271324,8.0,4.0,0.4091823952180556
05-30,-5.248995320770571,5.522567082832617,-0.8204637158669388,3.6418877290434297,0.6034538465218783,-3.21558421320013,-1.8629890905156168,-2.1607606447201224,-2.660103132129638,4.034234574959753,1.2195110131936755,7.246375893508217,6.0,6.0,0.5249278352380461
05-31,-1.6244314127547583,5.241221084755364,1.694120519301454,2.682189678676449,0.12931330025397447,-3.3514482503402165,-1.74070178981659,-3.231440102380511,-4.486538596664859,1.9826499809501592,2.439022026387315,1.030932966283424,7.0,5.0,0.06374078372093357
06-01,-2.6920604951392155,7.122004513279215,3.5277516083048783,4.858304558206052,1.4224134174736984,-3.9635485268578137,-3.164944906299636,-4.472271792054648,-0.775944912221729,1.8587314027592505,1.4227676946319379,8.57142646296484,7.0,5.0,1.1428857520872358
06-02,-8.095241833320198,7.795846301717329,0.6256066593817823,3.9979802954286434,3.3389645531427155,-2.515720845392413,-3.728598290008385,-2.191060502570491,1.1639266183255865,2.2304812285688835,-1.252608418734305,11.320750154859605,7.0,5.0,1.0575271601165628
06-03,-5.559371561994187,7.349664599735011,0.5774823641392768,2.668037269729749,2.969872145329448,-2.761433255490929,-1.1933105779209165,-3.0674880468916905,1.3579082213845395,5.054158025547671,-2.9723962919685034,13.20754091015622,7.0,5.0,1.4692219834796407
06-04,-3.7473974154829994,9.46547295239317,1.2030798447502709,3.3622000796170095,2.7187819545704253,-1.3181859796697444,3.216380889705616,-3.4180573929736844,0.5865050696695184,4.247571776146674,-4.291851773629636,7.65550110967311,8.0,4.0,1.6400000928974776
06-05,-1.4573215848068628,9.74387577509939,-0.048734057791175074,2.1068852348469673,3.691128312045816,-3.1578971259093627,4.5029265531366685,-2.8770698868653257,0.7804870605468923,4.987838332485429,-2.515720881319048,-1.9138852590577886,6.0,6.0,1.1535427060343002
06-06,-3.608608350242675,8.676061495928717,0.9169818195241087,3.7556335793084097,0.47930547579411065,-4.393588410583296,4.5029265531366685,-0.7685751690410269,0.8746370546310805,4.091463444724268,-2.9288673711419957,-6.220101424864756,7.0,5.0,0.44810572476446797
06-07,-1.0832758459936649,8.881403877138897,-3.105285641413303,3.2778599144280314,0.8278890097660925,-3.935920768826469,6.632360563707136,5.087443141527544,-0.09833066673368333,4.295938565166262,-5.020915493386279,-10.447763141460127,6.0,6.0,0.44261695949336977
06-08,4.294872178912243,9.499721456352276,-0.7681221699382796,0.6051479561023003,-0.5228711455145052,-3.0866925857127208,6.845411956279175,2.7113249890126063,1.5325656498372509,5.369931741729077,-4.811715668998015,-7.246381652411225,7.0,5.0,1.2019327254708485
06-09,1.5032711963619754,9.580496818922986,-1.9477428136446924,0.6051479561023003,-2.2606393659350577,-4.031145963546154,7.321230726930366,4.223105377818795,3.5440603489516223,5.489260523448837,-7.974145970751569,-5.41872586525688,7.0,5.0,0.8861810807835441
06-10,2.236843137199542,5.393253514718625,1.5676956563735245,-1.5979354228764058,-3.592273105596882,-3.1107057922668964,5.988708065541238,7.808768773040637,2.777777524033005,5.489260523448837,-5.473689029091283,-1.470586860331121,7.0,5.0,1.3347597486827352
06-11,-2.9431474225500267,5.674148116986035,-0.9501224236974439,-2.389605633624188,-4.677560208377416,-1.7511481447299442,5.287096629382104,8.764943145433685,3.1488543713775385,7.368422226745805,-7.6086937367126986,0.0,5.0,7.0,0.8269322433527876
06-12,-1.8729079367456962,3.7640455337715575,-3.3057866566078826,-2.4883334341884664,-5.984474233975972,-2.426507001206534,6.594655129900328,11.446252598448986,4.425614614816597,4.550751499839311,-7.423584241302095,-8.247414571799014,5.0,7.0,-0.08064072492074
06-13,1.672240824010343,7.255009217130946,-3.406329873127434,-0.867790071310905,-9.79118647356096,-3.87307471715526,6.992606774112888,-3.339349170638986,5.82159537809112,5.614040762604794,-5.274720023240309,-9.27834139327387,5.0,7.0,-0.7062748971964696
06-14,2.6490103450292657,7.605187082703228,-2.211543311028986,0.7131910118888164,-9.373552340038055,-3.0797939244672152,6.03101232776072,-4.878053144530849,1.43403076465807,2.1201337615319686,-3.5164800154935385,-12.765951645541552,6.0,6.0,-1.2727340906273439
06-15,3.5433068895210957,2.8867138835860624,0.04810114690455404,0.0,-9.234346862734442,-2.9356994174853925,5.049326494479094,-3.1645516683220873,3.581528055957764,2.9446408332125795,-2.417574770683237,-15.217382994626696,6.0,6.0,-1.2429948675158924
06-16,3.509938233484465,-0.9555826880083851,1.8181778358966487,0.866021821507334,-6.757377460414945,-2.9836800320968084,0.6520486359179378,0.7785480045067039,3.3930223216424484,3.1802062587546516,-4.2505607637245975,-12.765951645541552,7.0,5.0,-1.1262657898396748
06-17,2.635137420923175,-0.39592586886848913,0.8612454950295485,1.2182825846296363,-6.660630906342353,-2.182997205597027,-2.517986022839721,-1.2975745076594647,3.016019841459954,3.066029354276962,-2.6431693076513265,-12.365585919101372,5.0,7.0,-1.4389295868117067
06-18,0.20270089584170206,-0.6221753871766623,1.3875550883819,3.184085994282319,-7.039051793089578,-0.6912424574032812,-4.8561118172824305,-8.823524801594914,2.8328629500685314,2.491103565180639,-4.37636327686239,-8.064514785188386,5.0,7.0,-2.031222985403546
06-19,-5.4054066244923415,-0.6221753871766623,1.3875550883819,0.646771470885575,-4.2234345406104845,-1.5207369221371094,-5.095925455145084,-8.823524801594914,2.8328629500685314,1.423486135408604,-4.595186657742056,-11.29031813562315,4.0,8.0,-2.940502739981433
06-20,-3.378378334839558,-0.6221753871766623,1.1984659285002135,2.025690968619326,-1.9430651671153938,-0.5990744525162335,-5.635494705392421,-4.225354115796119,2.95801030041108,1.5276158747882809,0.8547000709447942,-9.139782568666634,5.0,7.0,-1.4149034656866106
06-21,-2.753524768023051,-0.6221753871766623,1.0921156128625917,2.854279992103158,-0.6326312801912486,-0.7373264598467805,-7.308165391983954,-2.6186553832377766,1.5094414653619204,3.1213816878205773,-1.4957302185676933,-3.5714250959391363,4.0,8.0,-0.9302012689015046
06-22,-3.9402168015254366,1.231809704281944,0.18966768723534294,3.6054047977508206,0.4970569687049154,-0.0457676371040856,-5.44585161351889,-4.3225309169249755,0.8514678825578633,1.1560628000628876,1.7094001418896263,-3.5714250959391363,7.0,5.0,-0.6737435068774271
06-23,-3.754267611305501,1.8743118193372967,1.3429289281661416,3.4050997556740583,2.0462593142334877,-0.3212468649982208,-6.306313324119254,-11.177989492198346,-0.4730387150280141,0.9248546501051265,1.4989329875328017,-5.699482761378893,6.0,6.0,-1.3866626094982764
06-24,-5.281690211788907,2.2233990993356456,1.4388543833112029,1.7820696792158217,2.480068502367234,-0.23095217224107303,-7.649938729052142,4.729150346713486,-0.7568583350596143,1.6073518106727653,-1.098894764873179,-1.5706853991273635,6.0,6.0,-0.19401048254384357
06-25,-8.243731813105823,1.852824168500998,0.2398136378626535,3.3082697853233785,3.0128503073560795,0.5106806205949015,-8.744532158123846,8.340500924194865,-1.4285677955264138,2.5028471898016953,-3.8548771468485703,4.081634763179814,8.0,4.0,0.1314760402674777
06-26,-9.247311680938184,2.8057109392354818,0.6211231066398332,1.951948941860614,5.024245351100463,-0.5152163983022722,-7.620232953861105,8.340500924194865,1.2059380116987164,2.9511942848823343,-0.4415006622562565,6.122449103716481,8.0,4.0,0.9332374139975809
06-27,-8.243731813105823,2.184335841305365,0.9523845854259673,1.8990557909477468,2.260639365935089,-0.4683858533160484,-5.371646458818508,8.966696731975576,2.6976740637490915,3.4129714679955474,-0.6756696528056335,4.081634763179814,8.0,4.0,0.9746632360390152
06-28,-6.188467636539581,2.340418322154057,-0.7267516003616397,0.5552685813649034,2.171984852472598,-0.8430927492254692,-3.560465875439017,8.745870263624068,0.4690449479415485,1.0501768470569173,-2.2522500753112733,0.0,6.0,6.0,0.1468113231447594
06-29,-5.890604061047461,4.354835749086036,-1.8518477207091395,-1.4639117786242934,2.3936126815690835,-1.844850086362999,0.4132213259585106,4.145936837503786,1.8535663574811507,1.6335985371503454,-2.927930467692404,2.5906711748780054,7.0,5.0,0.28385821243255177
06-30,-0.4070584840460239,6.206896830856833,0.09577850200597603,-2.1706224975676545,4.177541791104982,-2.3775557949339987,2.6837753842072627,2.0292208294861243,2.873034482971964,0.7001104793343108,-2.2371451043276016,2.6177985963386883,8.0,4.0,1.1826479179525717
07-01,-0.8807595692752105,8.251168213892267,-0.862070461736437,-1.555441350705231,2.3936126815690835,-3.136881267552774,5.632181400697673,0.8116836872765888,1.7608858299816998,1.5046308943886313,-2.008931968855296,-1.554408881574091,6.0,6.0,0.8629724340089089
07-02,2.902371931477379,7.3170722050711525,-1.0057519169630988,0.09871894144978133,3.066144394562997,-2.5340259458493604,4.89471044558361,2.353895852569378,1.8518500530834543,1.3904969173555572,-3.9999961853027344,1.999998092651356,9.0,3.0,1.5279570654741226
07-03,3.3641176386218477,5.864042767367791,-2.2297673801950637,3.0111745247144936,3.1869069466016966,-1.6798908316609547,5.236198590060095,4.219750548875224,3.2846683889073405,-1.7647013944737844,-4.70852099441288,3.500002622604359,8.0,4.0,1.7736651189175137
07-05,4.560265443279616,3.5106376287029004,-2.978518671807319,3.4889482973562846,3.0901259095720555,-1.0265950080334711,5.985316322640262,4.219750548875224,2.670349641076828,-7.134070301866656,-1.3363123090261775,3.0150784774517616,8.0,4.0,1.5054146648517763
07-06,3.3003301161040284,4.071922072855253,-0.7246358116026133,1.9656000542118146,3.133045348238501,-2.3640662364926572,5.932209599717583,6.959999084472656,3.403862828468205,-8.118079189688869,1.7817355853925323,3.980101656463487,9.0,3.0,1.9435020923449935
07-07,7.250167079873629,-1.9978343560443264,0.8996237050552774,1.8181859080961653,3.5057704840604837,-0.9323955639963016,7.6314321125691285,8.280758402712875,0.8279682937941432,-8.364087276800037,4.130436112164146,5.445545314048013,9.0,3.0,2.3746308512944334
07-08,8.163264024835977,-1.2951956946830059,0.5681857692471293,1.8181859080961653,3.7526696779728503,-0.046447879994907834,8.304690330025933,7.64984419308624,1.103954800574591,-9.713582971152835,4.130436112164146,3.9215649608830008,9.0,3.0,2.363130769254607
07-09,7.722255627297401,-1.4570887232056384,2.272734045982075,-0.35158058945599274,3.1583429854019496,0.37330808477278965,6.10950687398536,4.416406988477075,1.3761433374297585,-9.169773888183514,-0.22124400274413455,9.178741262736265,8.0,4.0,1.950646000207783
07-10,7.462684165590044,-0.3777641242866614,3.821061182698393,-1.1627883430338612,3.4659877800739625,0.7511730194511791,2.3631114605046575,4.5669286017069135,0.18570526382154728,-8.652655081115386,2.6315764707211,6.763284551201207,9.0,3.0,1.8181920789444248
07-11,4.347826625101896,1.5351986106343205,4.311545286664672,-2.642488337007386,2.915084629630689,1.2675988736434318,1.2103803297063662,4.791827797427282,-0.3766474791343331,-7.393479628327546,1.7582504876838732,7.7294672358152265,9.0,3.0,1.6212137026532076
07-12,4.098894724344377,4.271744264898229,4.156933190057983,-2.5205748850660776,4.689482918351362,1.22064944059164,-0.6459113245320528,4.9645325579086625,-1.4097708053591116,-8.270680735235093,1.538465246746975,4.020102639796842,8.0,4.0,1.3428222693753111
07-13,3.344263795946465,3.084834745163523,1.8335744645210743,-4.218105310170336,3.548796577441391,1.4519881049343688,-1.6607281682123054,3.599374395605158,-1.02900481449428,-8.145364584133166,1.0989052448102827,19.067794427005865,8.0,4.0,1.8313607398681697
07-14,2.251656582771539,-1.3677023974298264,0.5783172975103539,-5.915635735274558,3.630226217661697,1.4519881049343688,-1.6355068082427104,2.180683252677047,-2.5257293579237983,-6.516290472225938,-2.0408198571867464,20.576136027705196,6.0,6.0,0.8889435712480521
07-15,-0.2645500142578096,-2.0052725354489853,1.0602376547204444,-3.623549486383768,2.9749287824574813,1.2053789177577976,-2.929115459513479,2.258566654257993,-1.964453193546738,-7.052895953952665,-2.0408198571867464,21.874998253770134,5.0,7.0,0.7911211468894713
07-16,-0.9204493292020404,0.7915647484947044,1.3012070253670933,-1.729250916144604,0.1290352113785435,0.41821631353832833,-2.2517286173219646,2.180683252677047,-2.53997649278065,-6.918241558872465,1.3274323679807223,23.166020251587764,7.0,5.0,1.2462093547252067
07-17,0.39448007538604213,0.2110866169756236,-0.7378239994746288,-0.19685490220518548,1.604734219670484,1.1220185973184928,-2.1940015866673916,1.9516002483275525,-2.0599186055067538,-3.726710355611565,-21.680208712525477,22.393820190224893,6.0,6.0,-0.24314818450732614
07-18,-0.6574647022940413,1.8681920176422322,-2.348822128827893,-1.648351229572935,2.256585493693221,-0.2805113370879729,-2.136263543607103,1.87499818392102,-2.452823262742843,-3.4351142028008166,-22.015913207035993,22.00772015954346,4.0,8.0,-0.5806473132641387
07-19,-3.7262884973310686,0.8390133716443365,-4.124756724291688,-1.546903451996301,2.0058484584829417,-0.6545175361941316,-5.738200944941332,1.6522426240495052,-0.2767503002666417,-5.657892549136997,-22.015913207035993,20.158102617807756,4.0,8.0,-1.5905013449341343
07-20,-4.3626471710587476,5.798572728872621,-8.307696611453325,0.6487078950905001,2.0894274702196967,-2.8667002996715314,-5.991611551835485,-0.8751043199854048,-0.8325549992602629,-6.184207843281217,-19.89389930489284,18.54838849230437,4.0,8.0,-1.8524437929126354
07-21,-3.686006661529194,9.16666160221963,-6.395632143278289,1.2974062724736863,2.0894274702196967,-3.360541361033828,-5.117389782582912,-2.8340033763930643,0.3700273848319209,-6.447371764526516,-24.17582007310149,19.04761994867187,5.0,7.0,-1.670468540335708
07-22,-1.783352034126158,6.3460618830136015,-6.940999569830001,-0.6615830566868878,2.4156598008207064,-2.5849733427705375,-2.9062856072337153,-3.0769161864704277,1.7576366945631832,-8.59060885514144,-23.835612680210147,17.200002670288068,4.0,8.0,-1.888414190315313
07-23,-2.809365094664788,3.6688139232477996,-6.1477430164988025,2.6095460031184525,2.9081797443534714,-1.8651333930865863,-0.5906696967935574,-2.7530298656809613,0.840337556184195,-8.010686245724038,-28.08988809194278,18.775511395678006,5.0,7.0,-1.7886772318174655
07-24,-2.0066902646309233,3.5696544899903913,-9.514069989453484,3.980105120528774,2.0686801755139523,-1.1369008251022061,0.41346540792923164,-1.8459032225695984,-1.1428560529436385,-5.976092918018523,-32.653064203480746,3.6734755443363665,5.0,7.0,-3.380849728158367
07-25,-1.003348321861717,3.3300201210104587,-8.680198062172591,5.216965786852943,3.3455719590649786,-1.1369008251022061,-1.1222712972990203,-3.5073355911403814,-2.801931895309231,-4.04172020464085,-30.860534040655928,0.8163257362146804,4.0,8.0,-3.3704463862532386
07-26,-3.851447187661002,4.1871847589496465,-10.781247982134502,4.333170913310502,3.9983661080570965,-2.1790576559580646,-1.2418745932362085,-4.241431438674479,-3.5852703149269076,-2.1879031751770235,-30.860534040655928,0.4098356651125996,4.0,8.0,-3.8333507452495224
07-27,-3.6376163194689775,6.63065000490886,-11.559137496965931,2.551760592029248,5.140759759753464,-2.861232241851468,-1.2418745932362085,-4.730831263279292,-2.408477815450057,-2.316600113004895,-34.12463306884199,-2.9661091005486773,3.0,9.0,-4.293611804662993
07-28,-3.846150067330322,8.232440130726815,-8.311131741593167,2.1665900482503173,5.218102938506489,-3.0578087927221484,-0.058617990591382056,-4.742443982743719,-2.890175216062798,-3.6036063126857294,-34.92537640601134,-5.349788989751847,3.0,9.0,-4.263997198500736
07-29,-3.8934404471116797,3.9860450883158505,-6.606285247080414,0.6357020208567866,4.985694105388367,-3.411826093428172,-2.3640639286444403,-4.660675959390175,-2.119463050127896,-4.4098592854171335,-38.650306568995006,-3.187247968526468,3.0,9.0,-4.974643944513365
07-30,-0.20367065565402637,4.982561112135375,-5.913685007630411,-0.29614740999285105,1.415487702365954,-2.4425299299825975,0.9473052290941482,-3.9247793448639294,-2.0211745063312865,-6.481484810371109,-14.241487165034815,-1.6064241646516784,3.0,9.0,-2.482169079243102
07-31,0.4073283625728723,2.042849295697014,-1.4803420414491488,0.9401218966653014,1.6844693707551892,0.3333318801153274,1.1841258899831542,-4.095004082210318,-1.532574784649095,-4.105959403285341,-16.718264974126047,0.4016060411629196,7.0,5.0,-1.7448593790640141
08-01,0.5431087996755565,3.768969389435586,-0.40404003428603796,1.1346795118015665,1.9664053471397973,0.8095241728283279,1.6577785045302071,-4.265795534566549,-4.03071087541995,-1.198397776402341,-14.465409700951898,-1.204818123488759,6.0,6.0,-1.3073921933087078
08-02,0.4078886435153096,4.144321657650563,5.339807578155229,4.8426151015647,1.6386711226164836,0.5238124302455188,1.013111259460443,-3.456790859922286,-4.042349012662573,-0.5398105624387946,-14.779874803257833,-4.132227333881368,7.0,5.0,-0.753402064912884
08-03,0.20436434619778987,-1.2406948125700998,-0.7995994281957418,1.6464898734564044,1.3928724076740895,1.6015080542581686,1.4827994718250905,-1.3125578883850524,-1.3245065975858605,-1.0796211248775531,-11.94968138506498,-5.882347048478309,5.0,7.0,-1.4384145109788378
08-04,-5.505226068656852,1.1758930568958084,2.4451180443167293,2.663434611238468,0.4549239411217734,1.135824801942175,0.059278176552206484,-2.805281813517169,0.6622487875614326,-1.6194381223658245,-9.202452551960075,-4.166662527455388,7.0,5.0,-1.2251949720272264
08-05,-1.700680294175444,2.1876463892415523,1.696607470334258,3.919692599587622,0.16591005605435746,1.9230762349009018,-0.9540837390856116,-1.1551183551541415,2.0813559101824795,-1.2096794609637969,-8.206686445505005,-4.700860579025012,6.0,6.0,-0.49606835113398656
08-06,1.0211002233831212,1.3125933970315462,4.191617336389659,3.7356264877753835,-0.12427790971017573,0.18912060945698517,-1.683708363053243,-1.1551183551541415,1.9886366458553146,-0.9383400979011879,-4.892969014188006,-5.172419285802719,6.0,6.0,-0.1273448604931219
08-07,0.8168814771058636,1.0208997938172033,0.7751918117475523,1.1089659825195095,-0.16346921393463373,1.3176502900965241,-1.683708363053243,0.48700866419332045,0.9569323408671173,-3.508775090901522,-3.692304171048678,-1.7241363363798308,7.0,5.0,-0.35740523458090134
08-08,0.8849500645336952,-0.9920672839941672,0.05204748573509676,-0.8252430735237515,-0.4093343439236219,1.5058809168198528,-2.585690480311284,1.7628150755129746,0.7692300638503147,-2.913904432236022,-3.7151667136368487,-4.741385201707737,5.0,7.0,-0.9339889935734581
08-09,1.2881327483613612,-1.3439544833895298,7.092907311814148,2.153104611503649,-0.16372905312749067,2.070590748506417,-2.7710787584447787,1.5261010706353881,0.19230293098973975,-3.489936047494762,-0.9287916784092122,-2.9661091005486773,6.0,6.0,0.2216283583663544
08-10,3.9577799065600465,-2.9925207197049764,8.03527389470501,3.062198092487046,1.6782637834238838,2.3921211828424336,-5.962727091469945,2.4720926679404123,-0.775944912221729,-1.4765118970553872,0.0,-5.194810690482909,6.0,6.0,0.43293451808532396
08-11,4.438638153049043,-1.9817041849631924,4.205381800816848,3.3014380222564776,1.5170108287981485,2.070590748506417,-11.90476325634116,2.085005800435189,-1.2609035448655648,-1.342287033958847,0.3086416800562491,-7.264960791859452,7.0,5.0,-0.48565931483915376
08-12,5.2733160028327,-1.1386115522248088,3.1784914505082686,1.7501245293753946,1.959181805046237,2.063792403169849,-12.00264903912253,2.245394391737419,-1.0669219418066118,-3.001367930677622,2.710840842740767,-7.32758970627753,7.0,5.0,-0.4463332287248723
08-13,5.765532596570512,-1.534650763534308,-0.733494439775819,2.6962029896426474,0.0,1.5009366763823357,-13.60866734317062,2.566163926592915,-0.9689959731285274,-3.7087908399060434,1.524388803427296,-6.1403555553045885,5.0,7.0,-1.0534774935170166
08-14,5.957715387288005,0.2475304085181809,-7.459573810561179,1.840189674510257,-0.9094638631560228,0.794392894038849,-14.150305266167459,2.409640123139641,-1.65853732969701,-2.1768751880993107,4.5045003118772975,-4.385971241490521,6.0,6.0,-1.2488964916499394
08-15,8.07174441332257,-0.1490992944611527,-5.641027597280649,1.5259881034923415,1.063830700492457,1.2616844045636257,-14.218011620750426,1.8578392066600669,-1.0700448755728482,-1.5068445726461392,1.5105726036447358,-5.263163398397555,6.0,6.0,-1.046377660577748
08-16,11.255409315009418,0.7877885357920117,-1.832064210383391,-0.04782510260550575,1.350245157508022,0.3738314258509739,-12.84281641781937,1.0551957602363768,-4.86110887725095,1.0638287753851585,0.6042290414578542,-5.726877336265777,7.0,5.0,-0.7350136610904316
08-17,12.499995638684428,-1.0395993888175363,-3.673052222574284,0.14347530781651727,1.2275005640491217,0.3738314258509739,-12.167559055996875,1.0612254240074936,-3.7328104425273714,0.797871581538869,1.2084580829157887,0.8264454667762735,8.0,4.0,-0.20618480152304994
08-18,10.091746383532932,-3.0561154225006755,1.376149063275073,0.8130085008823426,1.2275005640491217,0.6060655640621029,-12.474853315806023,-0.735896614526245,-2.6522543810935097,1.4627677366144414,1.2084580829157887,3.3057917191121846,8.0,4.0,0.0976973233764612
08-19,7.493706079859893,0.9823219889186249,2.0897132376308396,0.8130085008823426,0.9031248571054239,1.3065827468881648,-16.53818239171083,-2.0441537968715737,-2.1610933866341884,1.4627677366144414,1.506022690411543,3.33333995607136,9.0,3.0,-0.07107014840282973
08-20,11.464585023443444,1.3261318746051167,-2.038733952194379,1.1910433669656117,-1.8734340008947397,1.6658981961301402,-15.038115248795991,-1.7988575246387823,-2.1610933866341884,1.2000020345052202,4.41176738706007,3.278695092153664,7.0,5.0,0.13565740514209898
08-21,9.003601523039649,1.5226000196355556,-2.038733952194379,0.67502117258167,0.0818014606935489,1.3419755082673381,-11.573111857072854,-1.7988575246387823,0.0960636794276415,-1.7520230876580802,4.4378724937482135,5.327873417716571,8.0,4.0,0.44367357112884087
08-22,8.043218276475786,1.5226000196355556,-4.434013448548997,0.4287763390628003,1.3748490047773811,1.6658981961301402,-4.781701772631371,-2.4691374498261185,0.0960636794276415,-1.4986328936037296,5.26315972929035,4.0983664223788265,8.0,4.0,0.7757871752140221
08-23,8.043218276475786,-0.04989182173867193,-6.025973233309659,2.3730422745227826,0.9300426465577254,1.3419755082673381,-4.781701772631371,0.15923930808500913,0.38647304713767794,0.9459482535033839,2.9239807257405483,4.0983664223788265,9.0,3.0,0.8620599695824479
08-24,7.15151700106533,2.910706163116602,-10.06459013408006,1.4238217437385192,1.5770295061362947,0.3738314258509739,-4.9271342516667795,2.1193054076927975,0.09680763751882189,1.6216200542241166,4.093570227515456,2.0920580979166106,10.0,2.0,0.7057119065857235
08-25,8.529410642736087,1.0289029203460927,-0.8416614702035536,1.9933558726966525,1.0971168267671625,0.6060655640621029,-6.874559111486437,0.47961965242956617,0.7744426359816969,0.675678244466055,4.373180537843098,3.33333995607136,10.0,2.0,1.2645743559758236
08-26,7.193817241978392,4.0991359474131785,-2.5775895066729415,3.5046729596694695,2.3666271374469225,-0.6609980530275332,-1.7918692266062903,1.0391695608509002,0.48402895550966174,5.6482677711823355,3.812319975623973,2.145920770536129,9.0,3.0,2.105291961158683
08-27,5.549069604963849,3.19351806917401,-3.366645880814271,4.618937725726786,3.5870849464201946,-1.8562559990471257,-3.1746034880128478,1.518789213280438,0.0,3.7958110853532228,2.631583350296838,2.1551704204748314,8.0,4.0,1.554371587317994
08-28,4.205614400748877,3.717820764135881,-3.968254048347555,1.1781338741263117,2.7844028344688967,-0.2336502116845071,-3.795722563302849,2.2997618536766815,0.38759654104533053,6.887754481417726,6.760563739730456,-4.310351117612794,8.0,4.0,1.3261392123668712
08-29,4.497666004776636,4.806779375214751,-6.101507196739299,2.2897185974427448,3.562943825713971,-0.14019012701070424,-2.8985512969510197,0.5649769698050093,2.5145089462765764,4.203820735224571,9.041100095955299,-4.310351117612794,8.0,4.0,1.5025762343413118
08-30,5.545922091802883,4.037997648116726,-5.398035784522419,1.7781986578942317,4.908946001118297,-0.9813130633864381,-4.192867995817162,1.842945117569402,1.926780414837315,0.5305034755357873,6.849314889533817,-9.00901104082061,8.0,4.0,0.653281700988486
08-31,7.3654349300705455,4.95238531203497,-4.919786303523821,2.948062907693523,3.206648688056031,-1.5507514711366814,-5.07399780352467,-1.5780696095123468,-2.259327459149408,1.5915104266073616,7.397259558135266,-11.0091744122627,6.0,6.0,0.08918289695733901
09-01,9.412438719763276,5.434277933022404,-1.6976110787710683,1.7781986578942317,2.356230555175556,-2.223279253892798,-2.293911490134953,0.0,-2.259327459149408,2.6525173776789246,9.866663614908854,-9.589042587218195,6.0,6.0,1.1197629157730686
09-02,6.5095390980788235,6.355134239466556,-2.1220138484638356,3.8038493827428126,3.7022396585493063,-3.199618238806784,-2.704627112329164,-3.374492295959607,-1.6699417602916433,3.800785812626111,11.749342512511072,-12.962961123313507,6.0,6.0,0.8239363604008451
09-03,7.563027185540994,5.2803700042505355,1.432363142173176,2.3720940878224925,3.891508452575708,-2.368545644450709,0.962201659707915,-4.8559684865180275,-0.4854387360093434,2.5232410614407392,11.979161719015389,-9.13242203005032,8.0,4.0,1.5967993679582122
09-04,4.7619067972240545,4.626167237222391,2.8242724467840463,3.1379801697355436,2.599448063323689,-1.4217973063356426,3.024058613674822,-5.4635749303020384,-0.6809401781793756,4.052286783202331,9.523806820651009,-9.589042587218195,8.0,4.0,1.4495476608152196
09-05,5.770311846686338,6.160920241783406,1.1702091610770378,3.9653638015317574,4.833719916849633,-1.6587695504361275,0.2749138235647602,-8.057674404910056,-1.9704509404544526,5.97204316424538,9.01856540820867,-6.392687800350247,8.0,4.0,1.5905387223163416
09-06,4.104909823954122,5.025592997713933,-1.7524627098200587,1.7898177173510772,3.5962887982435148,-0.3791465509939591,-0.554400013958156,-7.148859573185422,0.5774823641392597,0.1282080594525331,9.549068883744443,-7.373264598467968,7.0,5.0,0.6302695998477768
09-07,0.8839105751302425,4.626167237222391,-2.2043002096955644,0.6425024833170463,2.9775732389404626,0.6100383107675325,-2.3272208505214533,-5.748100672537904,-0.3906246362021285,2.0512861581634128,9.28381714597655,-9.905662711467192,7.0,5.0,0.04161550575778309
09-08,0.17804561404340738,-0.3827747615608829,-5.882348541295059,2.615886086386887,1.992188364383765,-0.5220721971751324,-3.7911352217449754,-6.683586990268295,-0.7812492724042397,-0.5128200112166997,10.937496022476425,-17.676762689949165,4.0,8.0,-1.7090944665269971
09-09,0.7536183232846262,-1.3371479090531748,-3.7535017477617503,2.2119881691651337,2.7519345173188134,-0.047620137532569,-6.153847443684657,-4.8223406363379935,-0.9765662471182551,1.5075362435176094,9.999996862913394,-17.76649236292055,5.0,7.0,-1.4693701973507807
09-10,-2.365461987816,-0.5253042034264859,-2.7450966982994465,2.660550201855254,2.140915270437698,-3.1325282820736073,-5.530973280170446,-5.583755198412657,-0.7797263345165959,0.7594929374079901,3.5326117413762166,-16.230370021272268,4.0,8.0,-2.3166371545758624
09-11,-4.37610749731268,-0.28653039356327115,-3.9093515522414157,2.4167837632014093,1.2895659309821401,-4.724414400782764,-4.646011366306505,-4.2606454789504635,-0.7797263345165959,-1.2903213500976334,0.2732237767417331,-14.136131144201327,3.0,9.0,-2.8691388372539475
09-12,-3.666474540674125,-1.1560682489023615,-4.800000871930803,3.1278270326989404,-3.130149124336095,-4.035431629622945,-2.8761016045710406,-5.942273558002692,-1.26829379942359,3.3333361862051394,-2.179834388091921,-14.659690863469086,2.0,10.0,-3.104429617510048
09-13,-7.348443163171282,0.9433997912353016,-2.7472526320886033,-2.9245231583604934,-4.571658449801657,-3.051185278272015,-3.7174721716766954,-3.259006169929389,1.0689956956757762,3.5398197012961665,-4.359668776183842,-12.886597558053078,3.0,9.0,-3.276132680777484
09-14,-6.695072191345049,-3.1130342528952557,-1.2896279594137736,-1.4150906899257627,-4.777593964608569,-4.127299346171152,-3.5634709184917166,-4.561099295963471,-1.6781843472202933,4.804041023187659,-4.63214807469533,-9.50000286102295,1.0,11.0,-3.379048573213806
09-15,-8.592320905075871,-3.431604959622582,-5.402433751702293,-2.2169778133976124,-7.4324333032087795,-4.023851997320029,-5.639097663490787,-3.247864278937857,-1.4807464643207835,3.286975436917868,-1.8567621643752672,-5.882359128509931,1.0,11.0,-3.82662308275366
09-16,-10.18518235076234,-6.617649052519874,-3.6383675282190673,-0.04616910873630843,-6.666667199817858,-5.181868118291712,-8.01781664659375,-0.7692320859409075,-0.1974284685431048,5.555558826043476,-1.3192599688533604,-10.050253604283867,1.0,11.0,-3.927861275543222
09-17,-9.419838828452521,-5.343138102795809,-0.661526148131387,-2.7501181579407654,-5.265333773742135,-5.132041366752642,-5.636899460943602,-1.6239362150002843,0.0,5.555558826043476,-0.2652517377678936,-7.960203312926996,1.0,11.0,-3.2085606898675465
09-18,-5.8639961724523895,-4.901960875977926,1.880711284206173,-3.931785408376794,-8.200841100857788,-7.355158974382644,-3.8067383863271735,0.41875409395064656,-0.1974284685431048,1.747819467194914,0.0,-5.472631622772914,3.0,9.0,-2.9736046803615834
09-19,-5.115406485960761,-5.159701313896061,0.9224095142646301,-2.977320759254562,-5.785122208236781,-6.146092140599553,-2.342603941425686,-0.8481796589761085,-0.775944912221729,2.132993775809122,-0.2610963619440614,1.4925358971198917,3.0,9.0,-2.071960716276805
09-20,-5.378365369991645,-4.441190129708087,-1.639350584242798,-1.0712690122998838,-6.611563734210218,-5.793448848513955,-3.173426903679938,-0.25423502107012547,-0.2938269623810511,0.12546740662382472,0.7832890858321957,1.9801961500356329,3.0,9.0,-2.1473103269671707
09-21,-6.645570747211653,-3.1589308115410413,1.923078938449443,-1.5370281055425836,-6.157023653486755,-6.382979956896239,-0.9386220735454331,-1.3722114022807854,-6.652810300793047,0.878289795068307,3.916445429160944,3.883491549912931,4.0,8.0,-1.853655944892159
09-22,-8.695652957733477,-0.04777940150989596,4.954227740511839,-2.1425291408144984,-7.579570506286817,-6.979118175264845,2.846979122949536,-4.632873304945945,-6.652810300793047,2.7603487576297687,5.882353299862477,5.288456688971042,5.0,7.0,-1.2498306814519886
09-23,-6.822488495964627,-1.3177182078071892,5.761980142209945,-1.8105820476883183,-8.671747873677301,-4.639435601782942,3.2119900207956817,-2.9720294148516095,-6.548857816377245,2.022754115026376,4.4155803139322645,7.281552442945611,5.0,7.0,-0.8407502019366131
09-24,-2.3824458870537595,-3.465109808454349,1.9924552394467232,-2.2377600240726063,-7.792756526141241,-3.199589353372039,7.2413806257576905,-1.9230793277829596,-8.926675517629294,2.638191421364102,3.684207059009528,6.280187449991145,5.0,7.0,-0.6742495540780883
09-25,-3.0094075338597626,-1.9033645388232951,2.0978987974572245,-3.1323052613932645,-4.07201357070793,-1.2078498287945714,7.103446434284091,-6.67886113315703,-11.050926417668455,3.10558998852865,5.655527575253095,3.381639396149088,5.0,7.0,-0.8092188410610132
09-26,-2.8840128128388236,-1.3592173500576323,4.461934426052241,-0.47393544863415304,-1.9371535592210005,-1.3084967818412738,8.275860753552655,-8.667291191533007,-12.459020665028918,1.861049186046145,-3.8567455116226097,1.4492740269210287,4.0,8.0,-1.4081462440171124
09-27,-0.736641652182973,0.5240619892855893,4.61301695526357,-2.2662867578855987,-2.668966213736374,-1.0065367244269148,11.03678688683124,-9.107984054206671,-8.226500918879502,0.0,-4.407709156140125,2.8571402621105646,4.0,8.0,-0.7824682819972661
09-28,-2.948558841916273,1.1466782972708227,4.274413407281403,0.424929892781433,-3.8312583492689596,-2.923075358072917,10.738251468178435,-14.593533452998736,-7.978723728046974,0.0,-3.8567455116226097,1.9230751596258082,5.0,7.0,-1.4687122513990474
09-29,-3.646837135796937,2.2051820630964643,5.292615920450086,0.3304990265137834,-3.519320296236613,-5.910284363023084,8.429638123062638,-15.697673773881576,-7.76596303761109,1.1111129425843564,8.495143552293413,4.784684628674456,7.0,5.0,-0.4909335291561749
09-30,-2.559184704259983,2.398081490897099,6.208648025641755,1.3551355763932078,-3.076928343763569,-6.302969210562711,3.7350228938969074,-14.244189055219202,-9.680859978893361,-1.264227350174277,3.82653297061271,2.427182218695582,6.0,6.0,-1.431479622227987
10-01,-1.2025289752509936,1.7266216007914812,6.870231082328643,2.5392393394973323,-2.8842018488883925,-5.923162347431191,7.25530110096837,-14.34109050073817,-8.184687392455185,-3.2216493895132694,-5.0139295560081445,1.4634132725648943,5.0,7.0,-1.7430369678445519
10-02,0.0,2.829736891094952,5.572755265606182,1.5355976138704452,-2.6728938322963742,-7.107973110420891,5.201911656857386,-15.234379438334262,-10.149581172919602,-2.5740001255609815,-3.513510117485598,-0.4878044241882981,4.0,8.0,-2.2166783994814203
10-03,-0.44303603784299234,3.293558515177834,6.537286474121851,1.0142979035785606,-2.007686101742751,-6.511116851440415,3.8329875366317436,-15.009745882051142,-10.978263585013174,-2.0486536310417205,-7.123287223834554,-1.4634132725648943,4.0,8.0,-2.5755893463351374
10-04,-0.44303603784299234,2.36144468008752,4.61215494908487,-1.1267684838655314,-0.9824841680285499,-7.596308167922827,4.68113698166602,-14.876850104753848,-5.482456209146636,-1.021710402114393,-5.479446686014497,-3.482583759946414,3.0,9.0,-2.4030756173997734
10-05,-0.3160568375435551,-2.1473916006471767,3.9317135637945784,-0.7042325410881415,-1.4096536773046369,-6.7276641826307895,4.551630870514783,-8.745238427634073,-2.393909434973366,-1.66028244837309,-4.1095850145108725,-3.482583759946414,2.0,10.0,-1.9344377908618962
10-06,0.2520476505448834,-0.29368313776863925,1.6402088476152539,-0.4225359427774065,0.6694554391877791,-4.094491957396319,4.3032793693086235,-2.822203080951142,-0.4352553175128547,-2.809709695688955,-3.5422308806493636,-2.999997138977051,4.0,8.0,-0.8795929870887659
10-07,0.0,0.19379365000744697,-0.7936487913111288,0.9263583211020795,1.0421008853071265,-3.413863378547359,1.6282209962338274,-0.9407283792928689,0.4352553175128547,-3.6036063126857294,-2.150535566956493,-3.499996662139915,5.0,7.0,-0.8480541600641799
10-08,-1.6853960677187547,-1.6957383324597304,-3.2275165220294415,-0.5641698603770781,1.561184925411404,-3.59750012032804,-3.891587578746863,-0.1881420872440634,-0.10940125636674097,-1.7699158789308513,-1.8324652587612313,-2.4390221209414906,1.0,11.0,-1.61997251320774
10-09,0.4993812427864243,-1.4050432369333503,-4.3315477694935804,-0.9569414669372972,2.965751779375336,-3.3934218925590542,-3.5441227452379285,0.7455724801399315,0.7592261005551082,-4.1343754258575105,5.958543702219387,-1.4634132725648943,5.0,7.0,-0.6916992087089523
10-10,2.4344590023638264,-1.6019413475491913,-1.933128793272101,-2.170770732640873,1.1874499047983593,-0.4772012177905043,-2.223764330712495,-0.7568583350596143,-0.2141274492786179,-3.053438217284312,-5.370838749835427,-1.9512176967531925,2.0,10.0,-1.3442814969178452
10-11,3.2198112468852047,-1.948366318323934,5.060112063426416,-4.492187972937256,0.7633600753103276,-0.10603684924626221,-2.081888923744439,2.203060837938116,-2.844630912924008,-2.0645141601562385,-0.25575422618261723,-0.48076878990645744,4.0,8.0,-0.2523169941550956
10-12,0.4458579342332707,-2.9615023429979193,-2.450465619792829,-5.761720368900606,1.4843103587877948,0.5792554590698948,-2.723466142696307,1.7142886207217094,-6.361603709793096,-0.12903521137852822,8.184147433167961,0.9478664417471422,6.0,6.0,-0.5860055956526259
10-13,-0.1923059758820662,-3.115732391242703,-1.7322831334505309,-4.931641852817875,0.47129652798809374,-0.26552967213560014,-0.07051674888802024,2.6616033694073624,-4.464281437804522,-0.25806427001953125,8.184147433167961,0.483091342307031,4.0,8.0,-0.2691847341142
10-14,0.8782897950682959,-3.867132789762616,-2.7821559468329116,-4.931641852817875,0.4286342983143808,0.7415222238958669,-5.869561266283185,2.4714849578733427,-2.6785688626827135,-0.12886278028008039,6.020943012903137,-0.4901956201103519,5.0,7.0,-0.8506037358928924
10-15,1.4348127639336579,-2.8755573699166015,-0.15748392570609587,-4.931641852817875,-0.8989686600419118,3.507853732526415,-5.738882459226488,3.517118090620813,-2.108763324713924,-0.7782093707221491,4.145073879804791,-5.789474509759658,4.0,8.0,-0.8895102505015853
10-16,1.3100497992881421,-1.586513106662396,3.636360308574359,-4.278852546356351,-0.21403782429009946,2.671556965978874,-5.5954139894174855,2.777777524033005,-2.108763324713924,-2.09150124728756,2.9255291323091863,-5.789474509759658,5.0,7.0,-0.6952735681919923
10-17,0.9981334637104627,-0.6385027351153916,0.9345810126516206,-2.403846242018709,-3.1951631087806396,0.20953858149614066,-5.0215264276228,2.027027462415243,-1.4460524777605055,-0.902057896386238,2.652517377678948,-5.263159215615438,5.0,7.0,-1.0040425171122755
10-18,4.455151701387071,3.2577928428499643,-0.939949393009922,-3.549159508773118,-3.5837648064527023,0.2619132355206862,-6.5502226142420765,-0.3816881419329523,-1.3230417816613378,-1.968505218112954,1.3262586888394683,-6.3829789932306245,4.0,8.0,-1.2815161657348748
10-19,1.244553908296312,2.388915397561437,-1.1235905750242847,-2.0143888182717595,-2.3316101860323615,1.0909043349228895,-6.7055397841707425,-1.722490990059063,-3.3936672574269,-3.805773834755761,-1.3262586888394798,-8.108106714865881,3.0,9.0,-2.1505877673887994
10-20,-0.31446661593997766,1.9477428136446755,1.0581950244842009,-0.23980448990774747,-3.947375245592027,1.8050463390315925,-5.663082241250906,-4.0737061641675805,-4.298643754317945,-1.57480167140813,-0.7915559813120209,-6.951871385034071,3.0,9.0,-1.9203602809808282
10-21,0.8663328649155727,2.9674949333524037,-1.269840084456207,0.7125872872536009,-3.9018032346994325,-1.9128619351177145,-5.498533585940491,-2.5218163397241398,-5.656108499654563,-0.781249272404234,2.301794133305495,-5.670097518111823,4.0,8.0,-1.6970084376067944
10-22,0.24707173692300666,3.2972155943677603,-5.608462895962809,-0.5290942672387061,-4.359197806100141,0.47493482303128776,-1.8374574974641698,-1.2609035448655648,-6.6210035222805965,-2.245701395003755,-0.52083284826947,-6.122443021609956,3.0,9.0,-2.090489553706093
10-23,3.0265639816484455,4.569002987610572,-4.066729754359753,1.520188629084739,-1.9014716752950394,0.783697091502531,-1.201413999130585,1.6022627878876348,-5.775767081408794,-1.9455265191344944,-1.0335969368078737,-7.653053777012425,5.0,7.0,-1.0063203554512536
10-24,3.6442256524127394,6.5066905512131745,-4.77690227746447,0.8232449367282106,-2.368425147355219,1.6196419844717869,-0.21201899260985374,0.19120896453854153,-1.7817462053743054,1.399492769031517,2.005010614407056,-5.612239436475814,7.0,5.0,0.11984861779361378
10-25,3.465343262562358,6.377075784145947,1.031985883651138,-0.9708682130449126,-2.324564492897019,1.3584129423873252,-2.6792170479119344,-1.7441890552192056,-0.22371877743213897,4.433493371317446,4.260653531017978,-3.499996662139915,6.0,6.0,0.7903675438697556
10-26,1.7013201388554622,5.953491565793076,2.2073938156079476,-0.9708682130449126,-2.456146456271574,1.5641352431481632,-4.959289895951368,-0.959696552183666,0.9890126243418337,5.0492592757454196,3.258148223814455,-3.499996662139915,7.0,5.0,0.6563969256429102
10-27,1.0552515426909834,5.305160569210162,-5.487473384002213,-1.2135922105364714,-4.00713073270383,1.3068479402378692,-5.504589229575525,-1.1627896231359742,0.9890126243418337,5.78817483763166,2.030460938141998,8.108111010696042,7.0,5.0,0.6006203569163779
10-28,2.256091100555306,5.784358929639404,-2.6105474649335623,-1.3612089975672728,-3.5002256367265447,-0.3151232303431905,-7.8112857801188635,-0.3875965410453133,1.208797865278732,5.086852393349717,1.7811748211784746,16.666666666666686,6.0,6.0,1.3998295104944642
10-29,-2.215388371394231,1.9898208839929425,-2.024502671812274,-3.0138370417474705,-2.3663493547277183,0.46923957849783665,-5.855163757200682,-1.5503861641813048,-1.3528735863283312,4.6134705894943835,4.8101279728306645,17.90392897166841,5.0,7.0,0.9506739207576856
10-30,1.1076941856970934,3.146692669920823,-1.807550038496787,-1.7073189339986663,-1.1795564218571837,-2.666666666666667,-5.701084367411185,-2.1442427723850876,-1.238734856527326,3.6024839128178,4.071248934168859,19.213971412258456,5.0,7.0,1.2247447547933439
10-31,2.1538485013521633,3.946767206139649,0.8285854574688589,-5.837561289305661,2.3136285861054975,-3.4133300781250187,-7.47303775992033,-2.343747817212667,-4.493080367933711,5.459063413777632,2.5706976954853022,18.340609785198414,7.0,5.0,1.0043702777525108
11-01,1.1194048882451455,4.21052659145108,3.060166657548741,-5.197396283272419,2.27078270428691,-0.37333170572916663,-9.929080146145882,-4.291410497574317,-2.078525500546855,3.5175905586243243,-0.5141383132946418,18.340609785198414,6.0,6.0,0.8445998948992779
11-02,2.453985504617773,3.5288747412142203,1.6649308338001458,-3.89805436143711,1.7137944126617024,0.0,-10.363919543992761,-4.457958856730965,-1.038064034554909,4.899495786640521,1.2853519122487151,18.340609785198414,7.0,5.0,1.1774205149721455
11-03,2.474350361878279,-0.14150367083626259,-3.56371399081383,-5.197396283272419,-4.036287200868423,-1.1284206210925682,-7.064368825538844,-6.955640877788002,-1.8454422837848747,3.140703502536642,2.290080179620771,15.2838388848424,4.0,8.0,-0.5619834020930945
11-04,4.764702740837567,-3.4367507739100938,-2.861764396310784,-4.935193407153224,-4.22535345526897,-1.3368983411779416,-10.633304618714073,-5.443547960684795,-3.575541674907278,-4.755433400589437,3.0303061318608746,14.41047725778236,3.0,9.0,-1.5831918248529828
11-05,6.046516682535364,-3.293549410888783,-4.643621391717699,-5.885312503447955,-4.753278541455966,-2.243590233437308,-6.805878528004848,-4.03225418804346,-2.9816429730008465,-3.3512064171798417,3.250002861022949,12.663754003662309,3.0,9.0,-1.335838386663007
11-06,7.732562897590686,-2.625294592034075,-6.425041928154646,-2.7363145603101255,-3.4482681032820746,-2.8970007146417878,-4.485691492782772,-2.686562178757677,-4.54015579418756,-7.230562282739811,-2.570691566473151,12.663754003662309,2.0,10.0,-1.6041055260092236
11-07,6.33720990836521,-1.4150906899257627,-6.894650070944325,-2.487562141844296,-3.550016281493363,-2.6287542229764105,-1.1600898297754216,-4.5592686371105104,-4.68383630347793,-10.777625785480263,-0.7672626785479084,3.0567656947101627,2.0,10.0,-2.460848419875068
11-08,6.33720990836521,-2.4297295590426184,-7.5648751281746875,-0.7345720762479894,-4.057165233282643,-2.1459310030934873,-0.9259250401687473,-6.762293359984082,-6.5573819920157135,-8.333338140159512,-0.5115084523652571,3.0567656947101627,2.0,10.0,-2.552395365121614
11-09,4.730923975631957,-1.7191914700165247,-3.6443943962920757,0.8814902277338764,-5.209770091947585,-3.590869341112715,-1.2383889045456165,-5.737699311576158,-4.599060900655493,-7.795704248420389,-1.0230169047305484,3.0567656947101627,3.0,9.0,-2.1574096392684257
11-10,4.927538443302763,-3.199618238806784,-4.326116192966146,-0.3917723967049759,-3.0248310963104297,-5.077262879049997,-1.811027554054374,-1.5841568452379267,-4.7169881344015305,-8.198926462673914,5.048072294017782,0.4366808135300537,3.0,9.0,-1.8265340207796232
11-11,5.797101449275362,-7.871287586805605,-7.099271938713516,-0.04880541236477629,-2.8854796250795878,-7.270700254067811,-2.2047223399713967,-1.386132518423382,-2.358499690280775,-7.764396477022266,7.710283783827483,0.0,2.0,10.0,-2.1151592174688556
11-12,7.903775676562576,-8.168314634707814,-6.932889364368424,0.24330529886529922,-3.201077884146733,-4.865776734164553,0.15736001340396374,0.7920784226189633,-0.23095217224105244,-21.601213442543905,9.44700625381804,0.0,5.0,7.0,-2.2047248805753035
11-13,6.643756633662741,-8.019796389596905,-7.769711260031439,3.7615953895645404,-5.229936120160554,-5.19843676302136,0.5507450402370135,0.9881366494688024,-17.297299909626474,-18.181821359885017,10.368664328626526,0.0,5.0,7.0,-3.2820086467301777
11-14,5.097362178214062,-6.699261030677067,-9.173277764613303,2.7696778276837133,-1.3793068370599857,-4.024601706357411,-0.2360325167675228,1.2807799571663976,-17.34416955450361,-15.69767304856822,8.60465366431598,0.0,4.0,7.0,-3.0668207359305804
11-15,5.530223318542863,-9.979836325646705,-7.194640190866748,1.9550324361149876,-1.1954033511808713,-4.52767691965211,1.8489967610338947,5.09615146549487,-15.754343674694423,-6.358382259673348,7.9069799420121685,0.0,5.0,6.0,-1.8894082332096185
11-16,2.1264064020217255,-8.384464937499695,-1.5907894833209,2.834799362949257,-1.5632190923581177,-3.8888931274414062,3.703702101831949,5.343506587815043,-13.689702480970652,-7.803467570801359,6.976748312273766,0.0,5.0,6.0,-1.3279478271250325
11-17,-1.7964025350603783,-9.743324229881768,2.6723678485636473,1.759524531338504,0.4954982277982479,-5.411505096996851,1.917177919718906,4.467682952256455,-11.994785751533875,-5.924853220979842,6.32318459326851,0.0,6.0,5.0,-1.4362862301257036
11-18,-0.5260090553909184,-7.668868399825617,3.0999462965628575,3.965599195432424,0.4057716472027675,-6.363630156871815,1.8223217139547814,6.178712394683356,-11.34289278885452,-5.164994897431777,4.988124376345726,0.0,6.0,5.0,-0.8838266395160611
11-19,0.11613560518280476,-6.602332157441812,3.2068332628569363,3.919692599587622,0.45166430387460443,-5.073278636652144,0.38432121333760055,7.224336462086009,-9.487176320805284,-3.6775070117654547,6.93779271157796,0.0,7.0,4.0,-0.21662649734676317
11-20,1.8002292584412087,-6.348400030959301,3.4133300781250187,3.3143974200943322,1.2744596633950618,-3.549291046572403,0.6917767179441919,7.136060738980525,-9.627727903372103,-5.233378735154047,7.7830118655984615,0.0,7.0,4.0,0.0545390022100789
11-21,-0.17422002230999867,-5.757582529918865,1.0382439050828431,4.341738103936965,-2.5937909309151084,-2.0845117703290055,2.3827856584391807,7.837581791754995,-8.16325736214659,-5.807363324859906,1.421799662620745,0.0,5.0,6.0,-0.6298814015537288
11-22,-0.7593408551048827,-4.543184304625736,2.064091058751518,3.4758179739066835,-2.7327473294027285,-0.7323896381216989,0.07868000670199585,3.9923959887662246,-9.34343136350623,3.3576645587679534,-1.421810962080095,0.0,5.0,6.0,-0.5470212388289165
11-23,-1.2323889271701587,-1.8145191914456953,-0.16796628371607034,3.4758179739066835,-2.7327473294027285,-0.7891735707706451,0.5481648080598087,5.06566575593452,5.97204316424538,3.3576645587679534,-2.84361062470084,0.0,5.0,6.0,0.736579194475684
11-24,-1.926444482623586,-2.2500038146972656,1.9977835805018593,3.851580868532546,-2.495383229010862,-1.1312152270284241,-1.924617209132987,6.018523710418211,5.97204316424538,0.43795231224604947,-2.358499690280817,0.0,5.0,6.0,0.5159766652641754
11-25,-5.662653689495851,1.3916534541067953,1.9977835805018593,3.8967133964113714,-3.019041327450821,-1.1877776066054675,-7.717836819758153,6.018523710418211,6.226172531683012,2.1520749360904654,-2.358499690280817,0.0,6.0,5.0,0.1447593729683838
11-26,-1.377242704962854,1.3916534541067953,0.49944589512546483,4.8791873702325095,-1.3985977920284034,-3.151857954233691,-7.212312630821084,3.703708936484497,5.019303313294103,3.6723129215597354,1.149418735491407,0.0,7.0,4.0,0.5979182953540402
11-27,-1.377242704962854,2.7833069082135733,-0.7303431106028658,4.501157065872849,-4.323308489699914,-2.130103131883852,-7.212312630821084,3.7927917222131207,4.404140997292591,-2.077156499658573,-0.7075521563162469,0.0,4.0,7.0,-0.2563851691961047
11-28,0.0,2.9761923909277392,-0.4481788347136589,5.714293248249766,-4.573320427030287,-2.130103131883852,-5.672607784517213,4.936014465862599,0.9259282035872661,-3.1296577787347686,2.093026711529258,0.0,5.0,6.0,0.057632255273070844
11-29,1.7068805890844647,5.278451199629929,-2.7621182493807837,3.8585215200963754,-4.573320427030287,-1.3241193501662216,-2.274509504729626,4.466733936782246,0.6476647053958512,-0.5772000410369087,2.093026711529258,0.0,6.0,5.0,0.5450009241811913
11-30,2.850493053489734,6.878048036156631,-6.427754070936227,3.9044573431168543,-4.384725814800324,-3.104866409612211,-2.5157208184474937,6.071422884658794,-4.41767616883354,-2.0202070243964054,2.7907059784509536,0.0,5.0,6.0,-0.03131858426276953
12-01,-0.29308995295688944,4.091573913752001,-8.193883915437869,2.9857584054320445,-4.3355330163227865,-6.731356129523432,-4.193035748224238,3.7545773310219093,-4.283804292492048,-1.8759035737535468,3.464205496776248,0.0,4.0,7.0,-1.3008742901440504
12-02,-0.7017481240222747,3.8368184054046797,-5.597226299046953,2.9411736347271544,-5.629772694264758,-8.968052966178892,-3.83081010486839,3.0219773022020813,-4.95315090747477,-1.8759035737535468,12.73486718940231,0.0,4.0,7.0,-0.7518190114894469
12-03,2.4501334274654103,2.719764263197435,-6.2319672732871805,3.340958945041561,-4.123217612113437,-5.654766702868448,1.1664045298196255,3.6630001440991244,-6.089313859707769,-2.9154490579095484,12.757208752335988,0.0,6.0,5.0,0.09022962967273014
12-04,2.9059734683989613,3.6425448977266517,-4.011294089654864,1.833178845667696,-2.6140647011790388,-7.190335884685961,0.6998382684002836,8.60121417403603,-6.6666701267096204,-1.6320495140930147,11.344546485810508,0.0,6.0,5.0,0.5760734853098025
12-05,2.3931629319221255,5.162523517052399,-5.50142717765099,4.055879210768536,0.04619043444819819,-6.827801330557248,3.0326547438587195,8.202439592097019,-7.317072540369951,-3.874809993540313,10.924378839490629,0.0,7.0,4.0,0.8580098522932603
12-06,0.4069860410918491,3.689321431107726,-3.5362354223278984,3.75056464158177,0.5542675935294628,-6.827801330557248,1.8110200448076752,6.409134977231146,-7.220704658763891,-4.029850576311086,10.924378839490629,0.0,7.0,4.0,0.49425679840667786
12-07,0.6380545928767813,4.443384097542519,-1.8079078024348976,2.7564334664972434,0.9237822591906234,-4.8635804575283474,0.9531364901089193,5.429070765473115,-4.716979798299169,-5.671643660577893,8.613451775937836,0.0,7.0,4.0,0.558100144065561
12-08,4.816514488904385,2.989387361267745,-2.2988484327568064,2.6208763926856062,2.455657179623757,-3.5735244361868186,3.290528460328015,4.505294072054661,-4.043122787237833,-0.5970143730110596,8.613451775937836,0.0,7.0,4.0,1.5649333084674575
12-09,3.912534123489287,2.796528110447442,-2.586211337960152,3.708668252146726,4.026843862054063,-0.6924456997212497,0.9630809405433051,3.356891560824556,-1.886790634044322,1.46199384852197,7.643314874707241,0.0,8.0,3.0,1.892033991750739
12-10,2.243955169622873,0.4339448099378567,-1.9540239082867832,3.708668252146726,4.787470588641915,-0.23081890192410937,-2.327447519784724,3.0918678200622387,-1.886790634044322,1.46199384852197,9.97877416607663,0.0,7.0,4.0,1.6089661409141893
12-11,1.093202738109936,1.1571830943430375,-1.9540239082867832,0.5043498656416878,6.025700614712191,1.8965513272460937,-2.08667919812062,3.0918678200622387,-2.5780198123577818,0.8862620819583765,8.70487991701616,0.0,8.0,3.0,1.3951062116937114
12-12,1.8411951109098736,1.866919105041699,0.05633931764414613,1.7599250556582582,6.807207348477211,5.229884295186981,-1.444625237758445,2.8343640027054433,-3.903095135304645,-2.2123836856711923,9.033619422257697,0.0,8.0,3.0,1.822445799928919
12-13,2.847380496621027,1.536982226295467,1.7877078304121952,0.04593582302046337,7.949061646478257,6.4367756117190575,2.0913981973708298,1.5817249856383184,-0.26845612669197594,-0.5805509815405364,-0.630246460686381,0.0,8.0,3.0,1.8998094373863934
12-14,3.5067920165809667,1.9579743885166885,3.615125890317055,-0.36747782280144564,7.3342118696556335,7.762033776173228,3.2159269739615386,3.8732358598679655,-0.1354979930842175,0.4354097757987154,-2.100838231599377,0.0,8.0,3.0,2.4247413752822293
12-15,3.8245235034581686,0.5794250950727224,0.3939206135114985,-0.22967035374000655,7.779715229837603,8.487915408502808,3.6894733855965285,-1.5887052637940615,0.40650690166857933,2.177069641134046,-5.422993335347566,0.0,8.0,3.0,1.6747650688250266
12-16,1.9553094353555314,0.04777940150991293,1.8007860809278236,0.1373029113123056,8.380374501225877,5.405410920322552,1.4559427684339483,-1.147397310823589,0.0,-2.4316086514784128,-1.4613814659467401,0.0,7.0,4.0,1.1785432159032674
12-17,3.910608215131881,1.576683797870987,2.9262827482735654,0.1373029113123056,8.6409019183057,6.813068559839035,2.6819952211052116,-0.5295712270144023,0.0,-2.4316086514784128,0.6262992319437496,0.0,8.0,3.0,2.0293302271074682
12-18,3.6871500641199475,0.0,2.9262827482735654,-1.8357026237903185,6.1551802994281095,2.824206111496673,3.5249044553544264,-0.5295712270144023,0.8064508376086847,0.7396477668926611,0.8333325054910776,0.0,8.0,3.0,1.594323411488369
12-19,2.569827342322755,-2.5980426301777153,3.0898834867106015,-0.5909052762118253,5.133738215663035,1.6138367751539224,4.521073900112094,0.6974709838151935,1.2113011821004973,2.474528080434019,2.057611149904531,0.0,9.0,2.0,1.6816936008189256
12-20,3.4329952946785465,-1.4050432369333503,0.6733946910202195,-0.810803565951388,3.5806726176820924,0.11527641108891795,4.447852188671592,0.9540300019495472,3.636360258532455,0.0,3.0864216305887515,0.0,8.0,3.0,1.4759296909439488
12-21,3.9118407680173446,0.09634131764531621,5.844155576074003,1.756762538711857,2.6315815458180025,-0.40556021955947313,2.274509504729626,1.9064147985792579,3.1537482752248547,1.0233942997047214,3.0864216305887515,0.0,10.0,1.0,2.1066341696278554
12-22,4.40044626501698,-0.7718275491811821,3.8982097461904215,0.18018429798489485,0.8348002291164965,-2.121394371938843,0.31999969482421875,1.9113836894352607,2.3653127729007397,0.8771921263311961,2.07900012104328,0.0,9.0,2.0,1.1644422518102886
12-23,1.9542176686299415,0.3827747615608829,3.086084006576462,-1.8850567697108478,1.3117670896387938,-5.199508194679605,-2.2979394966942186,1.129453621683786,2.102500938792674,2.7259624978851895,2.07900012104328,0.0,8.0,3.0,0.4491046870605282
12-24,0.562431820066444,-0.19139194381551447,2.6529495903330798,-0.5901005751915681,0.2191027069640459,-10.79723339864377,-4.7313563749302965,1.3032195414575047,4.364571941628265,2.586204415977936,1.0394951037943647,0.0,7.0,4.0,-0.29850893102995907
12-26,0.0,-1.1594191414130166,-1.6968282346280432,-0.276376673520588,-4.284405669224217,-11.187505722045898,-4.3303925444236855,1.7301103432493339,6.4070380205746735,-2.3774122876472012,1.9148867958104259,0.0,3.0,8.0,-1.2716920927723512
12-27,-1.1952247892363237,0.1430556999483097,-1.0112377128702963,-0.5522358111428135,-4.968095378557001,-11.000001430511475,-6.377765460675398,-0.5309687161914761,4.7741920717300905,2.2288275622929645,-1.9148969412822698,0.0,3.0,8.0,-1.7003625755413072
12-28,0.3363198734820595,1.0038288291368471,-0.11267863528829226,-0.2761222943166276,-5.150406259163484,-8.292686841375929,-7.254741188281331,-1.8884895711167038,3.3766202400658516,-0.4457683465575935,-2.1276677771900165,0.0,3.0,8.0,-1.7359826642171017
12-29,0.8859349509607751,-0.23946909204446498,-1.482316465006767,-1.242523991953499,-4.531037670265653,-8.690330863118438,-6.270362170255253,-3.98912551867387,3.506493345644425,-2.080235751691266,-4.121476176088841,0.0,2.0,9.0,-2.354537450207738
12-30,-0.11085670399179144,0.7782093947869624,-1.596344154400822,0.3623184962974557,-4.531037670265653,-7.164915436364031,-8.576184124411855,-4.533091678192753,0.0,-0.5856509853564215,-5.96026420356251,0.0,2.0,9.0,-2.6598180887884513
12-31,1.8388326489813118,-0.3891046973934725,-5.35917091017278,-0.22778694907822492,-8.520597578738867,-4.987832531546976,-5.546358282495702,-4.623755586841283,0.0,1.5759331405991246,-5.652179005916804,0.0,2.0,9.0,-2.657668312716973
