,2009,2010,2011,2012,2013,2014,2015,2016,2017,2018,2019,2020,ups,downs,avg
01-02,6.77418729641169,4.761904016205914,3.650793843018221,0.7575840359983141,2.3508157234848155,-0.32573259546273337,1.6501634583630274,-7.356325946595772,0.8421044600637336,-1.549055997835946,7.916668736272306,1.1804333364345174,9.0,3.0,1.7211283638631742
01-03,1.612901737240904,4.761904016205914,1.4610337334430392,1.3182706669622877,4.085257804587563,0.8143276056180737,0.0,-7.356325946595772,1.8750031044084587,-0.5154593141983689,9.710749012631865,0.33726781628115093,9.0,3.0,1.508744186382093
01-04,1.612901737240904,2.3569000864809353,2.0800018310546875,1.127818436908127,3.907642318949693,0.9771977863883013,0.0,-7.852197657705336,0.6289352186228403,-1.3745690952998357,8.057858079079319,0.674535632562272,9.0,3.0,1.0164186978568255
01-05,2.243587686230149,1.1725242426176152,1.7741880655038913,0.9380809495948226,2.4866845555411947,0.9771977863883013,4.265402593692853,-13.636368303104177,0.836829224570041,-1.3745690952998357,5.991734560131546,0.674535632562272,10.0,2.0,0.5291523248690561
01-06,-1.1475438156682118,-1.8242065149238706,3.650793843018221,1.6885582340742649,2.4866845555411947,0.8156637814259406,5.063293717874337,-13.075059246726623,0.6276194245094487,-1.8900284094982047,5.991734560131546,1.5050192692446502,8.0,4.0,0.324377449916891
01-07,-10.11419044020081,-0.1634024357652808,3.0158738328275585,0.5628467804992386,3.174608514175435,-0.48701640505647015,5.196849270270166,-12.871286778131704,0.836829224570041,-1.1945340141526244,6.1855612329219785,2.1558890533612245,7.0,5.0,-0.30849768039010417
01-08,-3.03030740897305,0.653594160147165,3.492067624892339,0.1883192495750447,4.028021322888234,1.1326811774853538,2.672957118320152,-11.386139665604981,0.836829224570041,-2.0654025256611694,4.938276571234792,1.6666650772094578,9.0,3.0,0.26063016050694826
01-09,1.5151500920837457,1.4705829646026318,3.7974721746286413,1.1194018896451001,2.99823763679844,0.6493500461664935,1.8867981112750332,-10.643560207891586,0.21053113435444082,-1.192507206577396,2.9166737033258583,0.6700161349879066,10.0,2.0,0.4498455394499425
01-10,8.939389155696931,1.3093276916188665,4.851329409339052,1.3035325198509,3.6649221195103707,0.48700866419329175,3.930817527543906,-10.098518551490839,0.836829224570041,2.372879054621064,2.674899400607842,-0.3350080674939459,10.0,2.0,1.66145067904729
01-11,5.205045989965074,0.3305781867104948,0.4838666757112054,0.9363331330736552,3.4903980558358834,0.9740250692497618,4.231974546761819,-5.924170910649435,0.6276194245094487,2.8428106312997024,2.263377170626932,-0.3350080674939459,10.0,2.0,1.260570825466716
01-12,5.354325682787629,0.0,0.15847467726400255,1.8587342473125619,4.013961925093959,0.9740250692497618,5.417955148077143,-7.95180520777403,1.0416705989173811,2.8428106312997024,2.674899400607842,0.33278630618942545,10.0,2.0,1.3931532065854482
01-13,3.0400009155273438,-0.6611563734210483,1.7543880996655208,1.3011184046908013,2.8268525039848607,-0.32894705884012293,5.279505428057986,-3.8186120579255856,0.0,2.6755827241100603,3.469389244597508,0.1666704813639323,8.0,4.0,1.308732692650938
01-14,-5.802042116112155,0.5025081076297382,0.31897896311569507,1.1152405483875372,4.181180848225219,-2.0033450247334263,6.912446548094629,-5.09708844611962,0.6250043461718422,1.8549689689967892,3.8617897210192527,-1.192507206577396,8.0,4.0,0.43976127150817557
01-15,-9.28195673258154,0.0,1.1164301734341024,0.9310933885150261,3.4903980558358834,-1.8242065149238706,2.61538578913762,-1.4563093312173492,1.0373483185505576,3.1613985022394533,2.439022026387315,-0.16891472830751916,7.0,5.0,0.17164074558914
01-16,-6.8301202080579815,-1.005032189704199,2.5157283158868893,1.4814800424667633,1.4010494425848816,-1.8272447485535477,2.769228128286495,-0.24272400872843497,0.831600048417312,1.522837192460166,1.626014684258192,0.33333301544189453,8.0,4.0,0.21467914289653592
01-17,-7.355517924484026,-0.16611675936080056,2.5157283158868893,1.8450166646666484,0.5263111223693173,-2.3255791848698313,2.3076937748835773,0.7211474536436109,0.831600048417312,1.522837192460166,2.2177446102500378,-0.5000034968058269,8.0,4.0,0.1784051514214228
01-18,-4.965752641710432,0.1655588097323412,2.9733968887382174,1.660519397066695,-0.1754426178327243,-2.657804782708381,1.854712356266218,2.823526719037224,1.0351907802793576,1.512599640937631,2.01612709402173,0.0,8.0,4.0,0.5202193036523232
01-19,-10.053858626947017,-0.3327783721271951,3.374229920785806,2.568804979544997,0.5263111223693173,-1.6447352942006732,1.5503861641813497,3.051645714935589,0.8298746976857471,2.352939007957505,3.225803350434739,-2.2146527593762677,8.0,4.0,0.269497492103658
01-20,-11.454547535289418,-2.1702857998048075,2.4691334404499794,1.651370255054534,0.17605197793820596,-2.4875557763046903,-2.584811727513204,3.34927924007214,1.4522856673934312,1.3445365759757237,4.191617336389659,0.0,7.0,5.0,-0.3385771954698705
01-21,-14.583327124516401,0.0,1.3888912395521567,1.4678885597399987,1.5625025870070488,-4.391887646856968,-1.4354091365497974,3.3333303057956836,0.8298746976857471,2.8145708173446833,3.807606995956344,-1.6949136104435911,7.0,5.0,-0.5750726929404246
01-22,-10.260872218919852,0.9819957687141608,4.320990879385573,2.3636384443803267,-0.17668249384157098,-3.0100305646238192,-0.7898924381912068,-0.4761900436850765,1.0351907802793576,1.3445365759757237,4.572564800792517,-1.1864354863177085,6.0,6.0,-0.10676549967096462
01-23,-10.434780950131609,3.273327033255841,3.125004423782163,3.243248630446404,0.0,-3.7037001358985737,-2.053714312919078,1.1904694325796505,0.8298746976857471,-2.608697310737957,3.9525654451939465,-1.5202728281759206,6.0,6.0,-0.3922229895766156
01-24,-8.695652173913043,2.7960539214994418,2.821321347132199,3.085300712019084,1.0489500870686497,-2.3569000864809198,-1.7377588442371101,1.6587606233278713,1.0351907802793576,-4.912284546978735,3.92156496088299,-1.3513500451867637,7.0,5.0,-0.2239002720489148
01-25,-2.965400712490518,0.6722682879878842,0.9419143462712156,3.2374070178252197,-0.3496500290228781,-0.8417460171052885,0.1550349200059576,-0.7281604524675513,1.0309219563065746,-0.850335253819264,3.5294084647946913,0.8445978055825387,7.0,5.0,0.38968836115571515
01-26,-9.075043266938684,-3.418808365174781,4.999998916279157,4.1071432676850606,-0.17482918266856926,-0.1672199333241315,-1.257860409223754,-3.712873682766868,1.0266881945103998,-2.2108862569857046,3.5294084647946913,1.3445365759757237,5.0,7.0,-0.41747880648645497
01-27,-0.5145833653678332,-4.3706295309431065,2.900764147903671,3.571425226269879,-0.5263194879337452,0.49834235719935,-1.086959177630651,-1.7283874451254646,1.232031708203068,-0.510199530396488,2.7667958116357503,-0.6861057011403852,5.0,7.0,0.12884791772283707
01-28,1.3816912648208648,-5.429070765473115,2.900764147903671,3.2142827036428914,-0.17482918266856926,0.0,1.6641472207644052,-2.7160407776989763,1.232031708203068,-1.7211687713843054,2.7667958116357503,-0.8517920223111054,6.0,6.0,0.1889009447862149
01-29,-0.6896544920278892,-5.779333126119336,2.4427529708409814,3.2142827036428914,-0.1754426178327243,0.49587122086858565,1.522075781688146,-4.938266662867668,1.6359903045058952,-2.2491285966245553,2.3809501283202863,-2.2146527593762677,6.0,6.0,-0.36287959541513787
01-30,3.9655174398251933,-5.253943760606703,2.1439561841432453,2.692999833834669,-0.35211235089711906,-0.16474055620891165,1.8264894864667158,-5.185185882889292,1.6359903045058952,-3.684211318842917,2.745095472618093,0.8445978055825387,7.0,5.0,0.10120438812761727
01-31,5.172416911538968,-5.253943760606703,3.181818805778633,3.041146183426214,-0.1763624675506695,0.6589779361090219,5.78386764858831,-5.185185882889292,2.424240205716228,-5.496453016278323,2.1484308424986343,-1.3513500451867637,7.0,5.0,0.41230028009535463
02-01,5.172416911538968,-4.703840915155215,1.0622180582786298,1.6245515019423797,-1.5873042570877176,2.4711711882271175,5.78386764858831,-7.035181117248649,2.8225779316303967,-4.6793757680941725,2.5390647919267,0.33783751129667594,8.0,4.0,0.31733362382028535
02-02,4.6793757680941725,-2.56848655155947,1.6691977385039687,1.0791356726084065,0.17637087737701101,2.4711711882271175,5.061348537905372,-3.4653432625623806,3.7848617119992842,-3.1195810907042776,1.7578062062965232,0.33783751129667594,9.0,3.0,0.9886411922902004
02-03,8.571427706417866,-4.08859033448623,2.587520119515565,0.17985165733074962,0.17637087737701101,2.9508169041432866,4.1284400994096115,-1.6949078180278618,3.9840599606580844,0.3466201211893625,1.7578062062965232,1.006710442877694,10.0,2.0,1.6588438285584717
02-04,3.6850887424334045,-0.9966767935156483,2.8919338242941617,0.8992754390696873,0.8756600770722656,2.605860763702113,3.2110097763283747,-0.4761900436850765,3.7848617119992842,0.3466201211893625,1.9493158362914895,1.3377913620550226,10.0,2.0,1.6762125681028701
02-05,-2.016812878033706,1.1627935528764342,3.0441443055810615,0.8992754390696873,0.1742117150421029,3.4146347136670583,-0.9389662603004103,1.9047601747403906,3.7848617119992842,-1.4109333797107222,1.937982705226636,1.497506641603493,9.0,3.0,1.1211215368134426
02-06,3.6974755839332145,2.8239215420692108,3.0441443055810615,0.5415114292014733,0.8665544350111859,2.922075207749271,0.46947939902998126,3.809520349480802,3.2064099148496847,1.213174556200533,0.5847993984229982,2.459017995287413,12.0,0.0,2.136507009734736
02-07,2.0168048639635785,2.662234911079806,4.497753932583948,0.5366763683264283,-0.1757425649229863,2.272725161582763,-0.7824756147039129,3.809520349480802,2.414484720822386,-2.083331263727694,1.7475757460441266,4.426229264716295,9.0,3.0,1.7785379896037952
02-08,-4.856114814841813,2.3372265748761887,3.2258102857967743,-1.0830314655719266,-0.5272360750352286,2.1103837796095615,3.1578952651935324,4.265398987862234,2.404807436137263,-0.3454228162052162,1.7475757460441266,3.7704921749066727,8.0,4.0,1.3506487565643475
02-09,-11.472273469300303,5.140968637322019,3.6764704851130743,0.0,-0.1757425649229863,2.2690415681435065,0.0,4.481122420749415,1.6096564805482394,0.17270729033782964,2.1359248830568465,2.0033370641795774,8.0,4.0,0.8201010662689349
02-10,-16.498998114238482,5.775576038570619,3.2592561509874134,0.5357095264657825,-1.6042722568413488,3.2102698018110165,-2.639752714028972,3.571419651005139,1.6096564805482394,1.5544067906882362,2.3255792462719667,4.2414392174207824,9.0,3.0,0.4450241515550328
02-11,-8.818016393178617,5.901641625289304,2.2222236350730746,0.17856700383877877,-1.0638287978706684,3.0448651819302084,-2.177299332198098,5.910165457984052,0.40241412013706435,-0.35211235089711906,2.8901752160628154,1.3445365759757237,8.0,4.0,0.7902776618455433
02-12,-8.867920250517638,4.262291083762517,2.370368109809015,0.17856700383877877,-1.2477663664575924,2.5682158414487994,0.3058101076937457,4.491727100797421,0.6024138492660298,-0.7067131259962505,2.111326923397255,-1.0238897851962725,8.0,4.0,0.4203692076538174
02-13,-18.8679238492885,3.7704921749066727,2.080235751691253,1.061945871978593,-1.250003086669157,2.243587686230149,0.0,2.36406392864442,1.0000038146972656,3.589744300349023,1.9157070622965848,-2.405495916774697,8.0,4.0,-0.3748035218281993
02-14,-12.641501421604465,5.475042681148593,0.9022547657005084,2.6362055159750923,-1.4209577634084827,1.6025626330215104,0.0,3.278685412434551,1.3916534541067953,-0.17360679943269625,2.0992301809542493,-2.749138190599656,7.0,5.0,0.033369205691333316
02-15,-9.140768175102282,5.929485562990344,1.7883738431724392,1.940037602015398,-1.9538126898984887,1.4423025489086554,-0.15313555472261187,3.5046749536058837,-0.19959584007662895,1.3913030209748642,1.5267161679471672,-3.2646056978761337,7.0,5.0,0.23424797849488377
02-16,-5.663711317219146,5.322579578355975,0.755282700333182,2.1201393779886413,-2.4866760859648447,2.0700654474163525,-1.2383889045456165,3.5046749536058837,1.7716565736133332,-0.34782575524371606,2.0992301809542493,-8.679927682862084,7.0,5.0,-0.06440841113064925
02-17,-20.606061014736486,3.370787118845041,-0.6033176645940432,1.2367437581508516,-1.5845097765472331,2.0700654474163525,-1.7107330707787427,2.325590163581752,2.1653569914653654,-0.17391702403192935,1.912044058659176,-15.134108629172587,6.0,6.0,-2.227671636811874
02-18,-34.61537797651029,2.593190363592579,-2.865762502878657,2.1201393779886413,-1.228073228135787,1.5999984741210795,0.6220834046796658,3.2258142488606643,1.7716565736133332,-1.4084577986090112,2.285712105887277,-10.885611518133361,7.0,5.0,-3.0653907062936554
02-19,-14.876028253979992,2.9173468873585446,-2.5641036705816087,1.9469049850918918,-1.9434653088321188,2.3771806137506526,-4.395607768268828,2.764985211456437,0.7952373165350151,-1.4084577986090112,2.285712105887277,-12.338859990331517,6.0,6.0,-2.036596305876938
02-20,-8.057848227072192,2.2690415681435065,-5.100470034689707,2.9772342409495725,0.6980796111671768,2.218698379637799,-1.0989038134846556,2.3041561740521894,0.7952373165350151,-1.4084577986090112,2.091257200150122,-7.540387549602406,7.0,5.0,-0.8210302444018825
02-21,-2.6859428410193247,0.3305781867104948,-5.426362663871165,1.5985817186227183,2.4347802867060278,1.2678276455073136,-1.0989038134846556,3.1963547868679685,0.20000457763671872,-1.4010494425848816,1.149424237377968,-10.053858626947017,7.0,5.0,-0.8740471623731528
02-22,-17.77251273194826,0.6589779361090219,-6.084248870617488,-2.189778925938227,1.913045800250494,1.109352968243325,-0.31152617895386386,4.932741371011614,0.6000041961669922,1.3888957875743682,0.574707551283062,-6.8222554020212405,7.0,5.0,-1.8335497082366834
02-23,-20.631066219489075,1.9417457749564513,-4.166666360058413,-0.7194237817389376,2.4347802867060278,0.7949155967901353,-2.5477681857751433,6.666670905219184,-0.20121185722324375,1.7361176648623171,0.19156613882374499,-6.630822412508941,6.0,6.0,-1.7609302041196575
02-24,-35.27918391621027,2.55591562938086,-2.591464600255995,-1.6187077970166104,2.604168218870911,0.9523875841295742,-2.38852887769012,4.514668555645122,-0.6036259773603081,-1.562494308584477,-0.5791546486975764,-8.77513779679084,4.0,8.0,-3.5642631612149778
02-25,-30.86419607731402,0.3210269801811017,-1.3719535575141713,-2.338131578755532,3.4423375427686564,0.796181354528795,-5.65427950560846,4.474268873658309,-1.2072519547206162,-1.2110673405414785,-1.1650474110381597,-19.59183713189265,4.0,8.0,-4.5308291505206855
02-26,-28.705877416274127,-0.1605096631470778,-2.2865868395705355,-2.338131578755532,4.273504343171462,0.160003662109375,-5.322587269278089,4.25055009622615,-1.8218654158990055,0.847460846214634,0.0,-14.11765255867553,4.0,8.0,-3.768474316156523
02-27,-32.94117871452782,0.4815442972151114,-3.5493829999459146,-2.1543964427435447,2.0869545314622964,-0.8025712773962271,-4.193552207748405,4.25055009622615,-2.028405374274141,3.6789262456513523,0.19048055013020831,-14.02062512467817,5.0,7.0,-4.083471368385759
02-28,-16.47058374741498,-1.9736823530408398,-2.9141113155871414,-1.6129059824093233,0.8726036748416793,-0.8025712773962271,-3.7096778411150564,4.464281437804503,-1.417007507096331,3.198654131147717,0.7590125616280361,-7.6288637697841954,4.0,8.0,-2.2695709990351802
02-29,0.0,0.0,0.0,-0.35460959929019126,0.0,0.0,0.0,5.30972947192287,0.0,0.0,0.0,-11.752581090093024,1.0,2.0,-0.5664551014550289
03-01,-6.451606618171474,0.0,-2.160491760393744,-2.169979765032264,0.5235638692580601,-0.3210269801811017,-4.383116682055503,2.494323366967815,-2.626265039396384,3.0716774927414567,0.37950628081401805,-18.599559577774798,4.0,8.0,-2.520247951101993
03-02,-11.738149008496206,-1.6313197841055633,-5.405407864068205,-3.254969647548372,1.2216434804252676,-2.124184916206776,-5.582917360129307,1.1389456815116539,-3.2854276798591617,3.0716774927414567,0.37950628081401805,-11.752581090093024,4.0,8.0,-3.246932034584518
03-03,2.6431693076513456,-0.9819957687141754,-4.523420523148133,-1.8083164708602064,1.2216434804252676,-2.2913234603330563,-5.409834899430743,1.1286617570018374,-3.2854276798591617,3.0716774927414567,-1.9417456850635995,-30.215820839132785,4.0,8.0,-3.5327277740601626
03-04,-6.607933772149578,2.103554064963587,-4.200319057208994,-0.89606077810938,1.0489500870686497,-1.9386087956349143,-4.426229264716324,-0.6772056652562117,-2.669406930098804,0.525397716426045,-1.7441890552192407,-29.836834992778556,3.0,9.0,-4.109907203559477
03-05,8.260872224328272,1.7799297691374802,-3.5541161253306615,0.8802766797323814,0.8650551716246593,-1.4469478396094535,-4.9019639925607175,-1.5801393763852363,-2.2494915443312604,0.525397716426045,-1.9379919462571413,-46.456693110478916,5.0,7.0,-4.151317697808712
03-06,10.43478323967111,0.0,-2.070057854468227,1.6158016124628964,0.17361507785525276,-2.11039152047274,-2.6143844320456395,-0.6711456647979699,-1.6260146842582102,3.709945979092646,-0.7722000613628688,-43.56955045519177,4.0,8.0,-3.124966563626293
03-07,14.347823067288253,-1.1456578280622018,0.0,0.5366763683264283,0.6896544920278432,-2.2727329024459273,-2.6143844320456395,1.0989052448102827,-2.2494915443312604,2.866772417840257,0.0,-28.608928319108944,5.0,7.0,-1.4459469529750757
03-08,17.40041775733587,1.904767599415625,1.0687048797402028,0.7142850452539758,-0.17240951234195823,-1.9480578793626877,-1.9480578793626877,2.4229104501909973,-2.263367359163077,2.6936000988353372,0.5791454433467268,-43.274853393491036,7.0,5.0,-1.9019095624668927
03-09,12.249437459564419,2.187497881241188,1.0558095090965136,0.5357095264657825,-0.8620640043698015,-1.9480578793626877,-2.1138229662604613,1.5418540143072155,-1.437375221895736,0.6734000247088194,-0.7722000613628688,-30.666669209798176,6.0,6.0,-1.6297067439721493
03-10,27.67856679096506,1.8897620056897424,0.30769201425405646,0.3571425226269879,-1.0362684486156333,1.1023574153623281,0.1612863282630303,1.3215846538256728,-1.232031708203068,-0.6734000247088343,0.3816790419867876,-44.067795468646054,8.0,4.0,-1.1507854064333263
03-11,18.269227771363912,5.000002607703183,-0.30769201425405646,0.5347630854610157,1.1824353168792447,-1.6260146842581955,-0.32362429582610636,0.440528217941891,-1.437375221895736,-1.7006786171138801,-0.5780295306443208,-29.679141504422507,5.0,7.0,-0.8521332390887961
03-12,8.823525836860915,3.125004423782163,0.30769201425405646,-0.3597118908694688,2.542374456658225,-1.136366451222978,-0.16259759170098878,2.863438668132908,-2.2774355124627266,-2.0477795703925294,-1.351354710060445,-9.592328250577145,5.0,7.0,0.06120511853349875
03-13,13.13725664358058,4.218749639112521,0.7656996803730692,1.913045800250494,3.8590606980095887,1.449277810548068,0.9756088105549258,1.3422806620975125,-1.646088919923658,-1.8867947676486185,-1.9342341036144073,-16.30695002152059,8.0,4.0,0.4905759943182906
03-14,10.980391240220747,4.813663664986654,1.519755407174008,5.145792758552888,3.8590606980095887,1.6103044125327999,0.8130112188539371,1.5625038250748635,-1.2269927283793896,-0.5145833653678332,0.1937936500074126,0.0,9.0,3.0,2.396391731805473
03-15,15.140186116230797,4.961235725380245,3.9694690276438744,4.1237154789776005,4.026849772134245,0.32206088250655707,0.16366986355667915,2.444447411431187,2.0120706006853215,2.0583171034211554,0.0,4.794521293609118,11.0,1.0,3.668045272964731
03-16,18.491924202241613,4.976667237437547,4.915517056999252,2.4055041098528207,3.020131328633127,-0.3241487954490724,0.8130112188539371,1.9911538267184308,1.807231972754771,2.0583171034211554,0.0,7.333331637912346,10.0,2.0,3.9573867416146604
03-17,11.154601893705985,4.629632559441849,4.559266221522024,4.295532519351041,2.8571362169133248,0.0,1.2944971833043104,2.826089502958412,1.204818123488759,-1.7152642528509474,0.38610003068145154,1.3793090596541042,10.0,2.0,2.739309921514193
03-18,13.043479436600217,5.709874760339672,2.58358781557853,2.1089610606735474,6.0162582084801945,-0.6472485916521696,0.9708728874782185,1.0869503246587322,1.807231972754771,-3.130431797193429,0.7692300638503489,14.573993045020057,10.0,2.0,3.7410632655490574
03-19,7.91505523164483,2.7777751205062557,0.45592299876951276,5.110727763994358,3.8397253927339245,1.1235982575773433,0.3236242958260776,1.3043466092057148,1.411293772641335,-2.2413729884255185,0.5758197617791133,14.499998092651367,11.0,1.0,3.0913761924086933
03-20,13.320464866535762,1.2345667202249828,0.15243524591315197,4.444440278345719,2.3569000864809353,1.1235982575773433,0.4854325858331698,1.3043466092057148,0.40733159975663125,-3.3101056584788973,0.3846150319251659,6.25,11.0,1.0,2.3461688019433065
03-21,-8.108109849660972,2.2900777251824924,-1.0802495594959076,1.234570912160037,1.0256400642336192,-1.926161881086596,-0.32362429582610636,1.0893287379668937,0.6134914885540426,-2.4137907220975205,-0.5758106094344931,11.500000953674306,6.0,6.0,0.2771135803474829
03-22,-19.148938976407113,2.587520119515565,-0.6069796802253257,1.0582000347830574,-1.1965841504705885,1.2841079207243926,0.6410250532085956,0.0,0.6122491678461899,0.0,0.38387679040453543,11.500000953674306,7.0,5.0,-0.2404602305788656
03-23,-16.424115826423737,3.641885317120607,0.30674817461689025,1.940037602015398,-0.8547041290593922,0.6462029318782903,-0.48621932901517645,-0.2242096851827024,1.226992728379426,0.3401357234227911,0.5758197617791133,10.831235860412097,8.0,4.0,0.12665076082863372
03-24,-4.6277671787309504,1.538460071270269,-0.15337774403512916,-1.4109333797107222,-1.2006890665082486,0.16233364111002335,0.8025712773962416,0.0,0.6134914885540426,0.8503433632946009,0.5758197617791133,11.374402950695583,7.0,5.0,0.7103879320929019
03-25,-0.9900933071139003,0.9230760427621695,-0.9202445238506708,-3.231594664115317,-1.549055997835946,-1.4826964284269115,1.5999984741210795,-0.44642814378045226,0.0,1.5202728281759206,0.3846150319251659,2.3419181517389855,5.0,7.0,-0.15418604469998973
03-26,-5.940588169642225,0.7692337036132676,-0.4601259186520058,-1.5901087458340093,-1.8803441932930112,-1.970441421222104,3.7795240113795128,-0.44642814378045226,0.8113582808481795,1.8518540817300488,0.5769179629149057,-2.5761155504861675,5.0,7.0,-0.5896053418686716
03-27,-10.29702893636613,1.0769257178673515,0.45592299876951276,-3.5523944085212067,-2.058317103421171,-0.8169965959124458,3.149603342816233,-0.8968601235628331,0.20408629973884054,2.833334604899089,0.578038718258075,-5.386417332572925,6.0,6.0,-1.225841901500634
03-28,-1.1881176339284274,2.8700915484141842,-0.6144387165389837,-4.488330202787639,-4.94880469702495,-1.1437936759860283,2.677166596017171,-0.8968601235628331,-0.40404003428603796,4.326126771715766,0.3846150319251659,-1.8735345213911718,4.0,8.0,-0.44165997145281527
03-29,0.5836524075963659,3.7425150662343256,-1.7187520605511515,-3.6429926127585297,-2.218423799348897,-0.980391240220733,1.904767599415625,-0.4444440205891927,-1.6326514724293246,3.6544815762240583,0.0,0.6849362790982247,5.0,7.0,-0.005608523110769074
03-30,-1.792831731670224,3.2835790515609142,-4.278922082011609,-6.921678147238287,-2.218423799348897,-2.1487542728154754,1.5923627090576038,-2.222220102945964,-1.2244886043219934,4.651166290622744,-0.19231210093542617,4.185023321958561,4.0,8.0,-0.6072916223406712
03-31,-9.297516427236602,0.0,-4.126980066239506,-6.557379754518299,-1.6977912886139794,-2.828612196050028,0.9615375798129291,-1.3215846538256728,-0.2040765683684544,4.651166290622744,0.0,0.6681455345312957,3.0,9.0,-1.6460909624904643
04-01,-12.608694255013969,-0.15244251477233434,-2.8571400458581238,-6.170592770006634,-2.0442911055977437,-3.4883727377462947,-0.1605096631470778,-1.101325796365344,0.20408629973884054,4.4925199248104795,0.19156613882374499,14.16308731809581,4.0,8.0,-0.7943424339198871
04-02,-2.1739110153428576,-0.4573202754577936,-4.603173858304315,-6.363634629683045,-2.9462751621473604,-3.316746306904246,1.7515944241944736,0.0,0.40733159975663125,7.71704236759623,0.19194297137457783,12.663754003662275,5.0,7.0,0.23921700989538097
04-03,-4.565218315232698,-0.4573202754577936,-3.6163524252379986,-3.278694220038557,1.1824353168792447,-2.653397045523397,0.796181354528795,0.0,0.20408629973884054,3.814262206813377,0.19156613882374499,13.3187752239573,6.0,6.0,0.41136035493757134
04-04,-8.04347593978127,-2.1705480226782274,-2.647976234792845,0.1792070283405349,1.3536366458805316,-2.155881145614266,0.796181354528795,-0.2207450680250806,1.8036007991752916,4.390243524221985,0.19156613882374499,7.860265054832129,7.0,5.0,0.11133951124261017
04-05,-4.852321311805241,-1.0736222678858134,-2.839113943319843,-2.1660629311438373,1.6920458073506683,-0.6633492613808639,1.7350178370185814,1.762112871767564,1.212120102858096,4.516124864274465,0.38314141245931693,8.061009806015623,7.0,5.0,0.6472585821840596
04-06,-3.1120251698781782,1.065451595622663,-1.242234829118668,-1.6245515019423797,1.01522748441041,0.32840690353701973,1.1111138022554712,1.9693686916246216,0.40404003428603796,4.1935445168262895,0.38314141245931693,10.593220809861496,9.0,3.0,1.257058645828675
04-07,-7.218686832997455,2.255640499493024,-2.173910950957669,-1.6245515019423797,-1.3864804847574344,0.8169888044554522,0.15974805936424355,3.2537980699163054,1.0100952691779579,3.225803474481765,0.38314141245931693,10.294122361217353,8.0,4.0,0.7496423483258733
04-08,-9.129507958725966,2.0710109257779004,-1.086959177630651,-1.9927560488132674,-1.0362684486156333,0.9756088105549258,-2.7508103724275776,3.2537980699163054,0.0,2.4390259031121326,0.0,3.736265256430437,5.0,7.0,-0.2933827533684496
04-09,-9.60698830895217,1.1834378377890464,0.6211174145593202,-1.9927560488132674,1.0186747731684118,0.1631358677837154,-2.2727329024459273,2.3861199637438086,0.8016024787124212,0.33222559783854944,-0.19305461801614193,1.9438477400287997,8.0,4.0,-0.467947517050286
04-10,-5.676860987182053,0.8875801417927308,0.4665588456001707,-1.4572022564386917,0.8460188695199227,1.944892772694449,-1.9480578793626877,1.7467232541200604,1.197613111289029,0.33167463069042463,0.0,3.0237654397911227,8.0,4.0,0.11355882854287314
04-11,-5.676860987182053,1.4705938038939663,0.7751893856784726,1.4362728559728388,0.3384091614701066,2.593190363592579,-1.2987000923330303,2.3861199637438086,1.4084446233250134,0.49587122086858565,-0.3853560829674596,3.0237654397911227,9.0,3.0,0.5472449713211626
04-12,-4.7619106597052765,1.0339759506438897,1.2519550137338944,0.5415114292014733,0.6768183229402582,2.4311198300264896,-1.2987000923330303,1.9607875728968869,1.60320495742486,0.6611563734210043,-0.5780295306443208,2.8138553606303005,9.0,3.0,0.527978710686369
04-13,-3.4188104726078117,2.6745888236030697,0.3164553858114521,0.7220209770479511,2.3688641302909414,2.272725161582763,-0.1605096631470778,1.7316001231106875,2.195611347086801,-2.809910646236509,-0.3853560829674596,3.648070426190089,8.0,4.0,0.7629457924804081
04-14,5.154639276615404,0.45523837805329065,0.7800267564419885,0.9025305248944288,3.5117063123272216,1.7944556518892787,-0.32206088250655707,1.518441857571312,0.39921071556788545,0.3305781867104948,-0.3853560829674596,1.8947400544819266,10.0,2.0,1.3361792290899344
04-15,7.258067152130472,1.5267233367592539,-0.15600981466285355,2.4866845555411947,3.833333651224772,1.791525392006375,-1.9480578793626877,1.735356212344974,0.39921071556788545,1.4705829646026318,-0.19231210093542617,3.1712493607307364,9.0,3.0,1.7813627954956106
04-16,5.389230447678688,0.45801845701905114,1.092038946810237,1.0810886045889432,2.3102288417082386,1.2965951817962753,-4.276319607638319,1.518441857571312,1.7716565736133332,2.741929107848431,0.0,4.375000620881673,10.0,2.0,1.4798257526564889
04-17,3.792416138529088,-0.30534321136060294,2.16049176039373,0.8881028369184767,2.635919600072709,0.4878082820022807,-3.6184254899580144,0.8733616270600302,0.7952373165350151,0.324148795449058,0.19120896453854153,1.666674945089223,10.0,2.0,0.824300130439128
04-18,5.9880274856158895,0.45454141522233493,3.20610735926422,1.5985817186227183,5.409834899430729,0.0,-2.960531372277754,1.0893287379668937,2.7504978217255043,-5.0847408313308184,0.19194297137457783,0.8333325054910776,9.0,3.0,1.1230768925921142
04-19,2.484469719556563,-0.30534321136060294,2.276177418729308,1.7793577699089274,5.0819663545259175,0.0,-3.8142622068133623,1.5086141560007937,2.3668709730421487,-1.9900477841425623,0.5758197617791133,1.0394951037943647,8.0,4.0,0.9169265045850507
04-20,3.0864216305887515,-1.2176548191143326,3.3082746447187033,1.7793577699089274,3.442623630001847,0.16233364111002335,-2.2875873519720566,-0.2173962845469631,1.383402617647555,0.16584126921869166,0.5758197617791133,-1.7094103307181667,8.0,4.0,0.7060021815518412
04-21,2.484469719556563,-2.8919338242941346,2.56797702768521,2.3131693432051637,4.538090864603892,0.4854325858331698,-1.311474179619245,-0.21881294680657368,0.9881366494688024,0.0,0.7662828249186339,2.150535539390491,8.0,4.0,0.9893228003284977
04-22,5.761321031196612,-6.084248870617488,3.4743205898720513,1.6129059824093233,3.6006589561605318,0.6482975908981448,-1.3157882353605355,-0.8752726553724588,1.7786591621669476,-0.16611675936080056,1.7077827877348073,0.8565302184057098,8.0,4.0,0.9165874831777371
04-23,7.2289183159758545,-5.616226865586386,3.4743205898720513,1.6129059824093233,4.677418883459639,-0.32520293685162754,-2.4958338239228333,-0.43763632768625854,0.7984119134284571,0.3305781867104948,1.14069233851448,3.14465609994187,8.0,4.0,1.127750196355422
04-24,6.024100192487095,-4.992202484849834,3.3282944415288105,-0.36036000430957676,7.221350807082476,0.16207826188299718,-3.660562093399146,-0.8791200038734043,2.1653569914653654,0.0,0.19230293098973975,2.3060824728355453,7.0,5.0,0.9589434593200057
04-25,2.6104440550806283,-16.234888832704275,3.3282944415288105,0.18018429798489485,3.5483838219299404,0.6482975908981448,-3.3277837212719508,-0.43763632768625854,1.5779171170520443,0.9819957687141608,0.0,0.4192868135531716,8.0,4.0,-0.5587920812433907
04-26,2.2177446102500378,-14.846414091074772,2.01549831702353,-2.925051743807502,3.225803474481765,0.4862270573320408,-1.970441421222104,-1.31578823536055,1.5717076877764236,-0.8237184923179189,-0.19267344767686134,0.21008883195337735,6.0,6.0,-1.0289181210535443
04-27,3.578534744885021,-6.980524607584713,2.1374097594804327,-1.4625302305616714,2.25806243213724,0.1626053451506243,-2.138159803819152,-0.6550264259409219,0.392156496088299,-2.141674364535948,-0.5780295306443208,4.04040034286038,6.0,6.0,-0.11556465354039425
04-28,4.98083836197112,-4.96795562479882,1.0687048797402028,-2.925051743807502,1.1419277382470532,0.0,-1.149420247460441,-0.21881294680657368,1.372543061434859,-1.6474448402725033,-0.7722000613628688,3.665984397809989,5.0,7.0,0.04575941455787628
04-29,0.39761391833571513,-5.76923312049888,0.0,-1.0771982213717723,2.4154604580677392,0.4838666757112054,-0.3300326916726055,-0.43763632768625854,0.19607357316994467,-2.3217224148329723,-1.162789623136009,2.040814340536656,5.0,7.0,-0.46373195278143636
04-30,0.0,-4.96795562479882,-0.6106864227211789,-2.5500974345986105,1.300811747406568,0.8064470231593661,0.8223637257420856,-1.5317219298653104,0.19607357316994467,-1.8151837384993523,-3.5643529017853353,-0.41753613957810165,4.0,8.0,-1.0276531768640622
05-01,-0.6211223660916663,-5.288468151403154,-1.0736222678858134,-3.4926480739328998,0.8130112188539371,1.2820501064172338,-0.657894117680275,-2.2026410897094744,-0.5928895286087867,1.3377913620550226,-2.9644287957251265,2.296453745102962,4.0,8.0,-0.9303673298840035
05-02,0.0,-3.7914731571562026,-2.329194006749333,-4.0740701167835995,0.4838666757112054,0.9615375798129291,-0.32894705884012293,-3.340759532601877,0.9765569338923008,-1.3445445900458366,-3.3663285749707903,2.9227529770467116,4.0,8.0,-1.1025502392237179
05-03,0.8213544721353787,-3.464571186344614,-2.4653363619718887,-4.887213226601884,1.4516077180557447,1.1217900223043646,-0.16419953684938174,-1.5452470547938502,0.9784772882280681,0.660065383345211,-4.356431324404298,1.8987274281977768,6.0,6.0,-0.829248031558281
05-04,-1.0460190732859773,-6.829269427334088,-2.6356601755204223,-4.887213226601884,0.0,0.8038539482999643,0.4893998246048425,-1.7817462053743054,-0.20000457763671872,0.16501241153629506,-4.158416439909361,2.105261150159334,4.0,8.0,-1.4979001492551935
05-05,0.8163257362146804,-3.5541161253306615,-2.321982886713074,-4.323308489699914,0.8000030517577982,0.0,0.653594160147165,-1.3363123090261775,-1.5999984741210938,0.16501241153629506,-3.5433131472266663,3.9094660905505716,5.0,7.0,-0.8612191651592563
05-06,1.3861419607429897,4.297524308842281,-2.321982886713074,-5.714289347330729,0.6410250532085956,0.6462029318782903,2.276420557961508,-1.7817462053743054,-1.400003433227539,-0.4983423571993353,-3.747535518488913,2.4539854567588337,6.0,6.0,-0.31354995657844986
05-07,-1.2244886043219934,3.1404967145526763,0.15480230375824547,-6.525914589221723,-2.247188861267712,0.32310146593915234,0.8143276056180737,-1.5590239472093448,-0.5952422626074705,-0.8333365122477066,-3.585653964592276,5.555550299414001,5.0,7.0,-0.5485475293488399
05-08,-2.653063508382846,-1.818176086104966,0.9216653994957549,-5.313096979539704,0.958473121772004,0.966182647519657,0.9771977863883013,-2.4719132186338113,-0.5952422626074705,0.6504058737033128,-3.386455715933476,1.7857173267676134,6.0,6.0,-0.8315254679629692
05-09,-6.5306058897172985,-6.944437545758965,0.4629661993834093,-2.242988555105843,2.6984138277321987,1.1272169280414963,0.8143276056180737,-2.242150308907083,0.3913890490010008,0.8169888044554522,-2.7777751497070007,2.57936736954106,7.0,5.0,-0.9872739721186249
05-10,-6.5306058897172985,-9.026544131615797,-1.5503935570056713,-3.1481495054006667,1.4285738073508167,0.16103428052182522,0.8143276056180737,-2.4608532142612933,-0.3937004178520325,1.791525392006375,-2.3809501283202685,2.57936736954106,5.0,7.0,-1.5596973657612399
05-11,-3.3663285749707903,-8.900519203264196,-1.708076592189971,-1.6666606326163145,2.380953822636839,0.16103428052182522,-0.16447745077834147,-1.330375603870353,0.9708774720186868,1.3029303818510636,-0.19841724122075613,2.772283921485997,5.0,7.0,-0.8122312850330259
05-12,-2.653063508382846,-9.666075718220249,-1.8749981839209924,-0.7407400212333817,2.380953822636839,0.4815442972151114,0.3289470588401375,0.219785240936898,1.7475757460441266,2.605860763702113,-0.19841724122075613,3.73281044252737,7.0,5.0,-0.3029847750896358
05-13,1.8292713656964905,-9.326424273070396,-0.6249993946403216,-0.7407400212333817,0.966182647519657,1.743266790996968,-0.4958633392629428,1.3186904857471808,0.5825283350059669,2.605860763702113,-1.0000038146972656,6.262234115467545,7.0,5.0,0.2600003051026345
05-14,2.2088380139177084,-9.671847089275595,-1.406244912650498,-0.3690033329333297,1.9138737786941564,1.109352968243325,-0.3294889680545036,0.4395600019366923,0.5825283350059669,2.922075207749271,-1.6064241646516784,6.692916490042927,7.0,5.0,0.2071780273353702
05-15,4.016060411629196,-6.217618927223464,-1.406244912650498,0.3690033329333297,2.668761057270001,1.26984758922492,-0.9884669041634961,0.4395600019366923,0.5825283350059669,3.8772252946164016,-2.22672332470168,6.4960615878377235,8.0,4.0,0.7399994618095911
05-16,1.6064241646516784,-6.217618927223464,-1.7241325188735581,0.7462679264300613,-1.461041474306232,2.0634938175415076,-0.8237184923179189,0.6578888892025976,0.9689867320980912,0.6557370898096079,-3.885481848837137,4.330704596372375,7.0,5.0,-0.2568741704543658
05-17,3.3530585904938612,-2.8428106312997174,-1.2558857950283016,2.5974001846660473,-1.2987000923330303,1.746033812446162,-1.6611279891927473,1.3186904857471808,2.9126231570822863,1.954395572776588,-3.6809879364096,7.251901797748982,7.0,5.0,0.8662159297248092
05-18,3.5433037606682927,-9.36396155647742,-2.7027039320341024,3.339514523142056,-1.136366451222978,0.32206088250655707,-1.9999980926513672,1.5350915030649859,0.787400835704065,2.2801281682393504,-2.6584891204577294,7.779883280759113,7.0,5.0,0.14382198343673522
05-19,-0.19841724122075613,-6.140357775114522,-2.5196901834997214,2.226343015428043,0.6379579262313901,0.9599990844726562,-1.1513186272987541,3.8876954800575994,0.787400835704065,-0.16287018077021315,-1.209676256413027,8.59813170741662,6.0,6.0,0.4762664820827817
05-20,6.309749952247905,2.372879054621064,-2.0472459274539325,0.7532949582686662,-0.32206088250655707,1.2759158524627803,-1.9933535870313113,3.671707820561753,-0.590555320057218,0.8064470231593661,-2.240328654437382,5.084745458305619,7.0,5.0,1.090099645678396
05-21,-0.19841724122075613,4.237288067101817,-1.5748016714081583,0.9398531789755334,1.8808759154637988,0.4807649690957547,-0.6622510282393388,3.455730459924361,0.5836524075963659,0.4854325858331698,-3.0800841661664933,7.846712168649297,8.0,4.0,1.1995629704671127
05-22,2.7777751497070007,2.8813571787469465,-2.5437177803253035,-0.943390794308112,1.0988963278148616,0.0,-0.6622510282393388,3.2467553914079725,0.776698274025457,8.383232891771156,-2.231240108409367,7.116785860003205,7.0,5.0,1.65840844684954
05-23,2.3809501283202863,0.8650551716246593,-2.87081066804127,-1.694918146096621,-0.4854403016450487,-1.2841079207244068,-0.1655667043873135,3.036883715142643,1.930500153407172,2.2293047555013614,-0.6036259773603081,6.751822705680199,6.0,6.0,0.8408372426184462
05-24,5.566218037038075,-0.5263194879337452,-4.376012602720924,0.0,-1.4563131891232814,-1.2841079207244068,-0.1655667043873135,3.6324702071011856,0.38684682072288146,3.7500038184225257,-0.20121185722324375,2.294452870391028,5.0,7.0,0.6350383326302317
05-25,6.1068646717886015,-1.607145609296145,-4.404567306458194,0.0,-3.0744346682536694,-0.6379579262313901,-0.8333365122477066,3.1914813748412993,1.1516303712136065,3.2812505471520175,0.6036163830508849,5.018586899315941,6.0,6.0,0.7329990187396037
05-26,6.1068646717886015,-2.8419155268169654,-4.761904016205871,1.1070099988000055,-4.255314997761378,0.0,-1.8518540817300337,3.797464916251698,0.9596965521836658,4.68750291038303,0.4032254188043424,5.1948003693320945,7.0,5.0,0.7121313512524324
05-27,1.5810261780775718,-4.728546044180675,-4.597696649518261,1.8315000720495862,-0.7911346920827766,0.7861665044845421,-2.3608827550671085,4.00843015944872,1.1516303712136065,4.388717943352059,1.0019983204628704,6.273065457600027,8.0,4.0,0.7120229054866801
05-28,1.1695895017748938,0.8756600770722656,-3.284069035370183,0.7407400212333981,0.46875327127050836,1.2539172769758797,-0.5008382463218262,3.797464916251698,1.717551138967462,5.426355271046844,2.178220383361953,2.6022368093816026,10.0,2.0,1.3704651154703746
05-29,0.9746625656812962,0.17513535577979356,-3.9669382405261278,-6.138612496456751,1.1235982575773433,2.358492016014217,-0.16694873562522985,4.201686480785667,1.5296352469273407,4.088053827416592,4.305288870462349,2.044612103615826,9.0,3.0,0.8773887709710264
05-30,1.754388900197892,2.564104236115389,-5.536911436139104,-0.3724391313358905,-5.378154317972963,1.729561811402347,-1.5025067784116148,3.1847153747889414,0.1937936500074126,5.3929108933121865,2.745095472618093,0.5576247057657765,8.0,4.0,0.4443486150290388
05-31,3.076920255401327,1.0416739102863881,-4.833332697550455,1.6666694629339032,-4.369751885991182,1.415096709096412,-0.16474055620891165,2.3554632059385114,2.681989887215219,5.053604746406237,3.725491387713046,-5.731224607360877,8.0,4.0,0.4931549848233015
06-01,1.3698663372291036,0.869568534519346,-5.657232326162301,1.4814800424667633,-7.2268961169746335,-0.6420539603622034,-2.876481906651595,-2.8888914320203996,-0.19492693609361497,5.359883158104825,4.509804379889626,-4.901960875977926,5.0,7.0,-0.8998200918360841
06-02,-4.600000381469727,-2.7874622060847236,-5.360137067125495,1.8518500530834543,-6.1564038513842245,-0.31999969482421875,-2.0338963325323123,-3.5874404942513323,-0.38986316725829795,-2.2970844366125207,2.7944179027313156,-4.733723135940626,2.0,10.0,-2.301645234305726
06-03,-1.4084542176344366,-1.4035158459685266,-5.02512899963155,0.1883192495750447,-5.980068681976942,-0.1605096631470778,-2.3728790546210337,-3.3632308090686105,-0.9746532706101936,-7.395499255037728,2.404807436137263,-8.086781726434488,2.0,10.0,-2.798132903201523
06-04,-3.5785252650214363,0.0,-3.35008866216182,0.1883192495750447,-4.426229264716324,-0.16077538937550045,-1.8549770100958565,-4.932730679595583,-2.3715392671163573,-7.915989767182512,1.400003433227539,-2.952757827169431,2.0,10.0,-2.49627420413602
06-05,-4.174941402593216,1.75438435050512,-2.1523197891053445,1.117317394007622,1.277961623293798,0.31796472254066116,-1.1804413775335543,-4.464281437804522,-2.1696184014368693,-1.618129194942238,1.19285123487073,-5.905515654338862,5.0,7.0,-1.3337306610447228
06-06,-4.174941402593216,2.9462751621473604,-2.1523197891053445,-1.4981258692901709,0.4885950101553403,-0.31796472254066116,-0.1686379286901015,-4.697987651090448,-0.19380289103791803,-4.575166912487149,1.3916534541067953,-6.102361169985708,3.0,9.0,-1.5878987258676018
06-07,0.945183196510814,2.268762897176017,-0.6568138070740249,-1.8656698160752112,-2.9316011252425245,-1.1128803193307824,0.8347197964645588,-4.212850792480056,-2.156865403359832,-3.4035662163737066,0.7952373165350151,-5.06822117435789,4.0,8.0,-1.380380453967302
06-08,-3.353049185422026,2.256946341582947,0.16393036395101865,-0.7462679264300944,-4.234531507093574,-1.5974425076088137,0.0,-5.3333282470703125,-2.9469472305223556,-4.538083136287028,-0.39761391833571513,-6.311630847920853,2.0,10.0,-2.2531681500964003
06-09,-1.6064241646516784,-1.6014262352415927,1.305055827284465,5.783580877940795,-4.404567306458194,-0.7923960568664826,0.8361235882171614,-4.8458209003819945,-2.750488453608693,-3.07941742092462,0.7858538438882204,-6.066534925241565,4.0,8.0,-1.3697051105036813
06-10,-1.5841568452379267,-3.539819573261945,2.7732475223526167,4.356060794206574,-3.225811165403894,-1.4308450418714578,-1.011803448843468,-3.7444951040166705,-1.3752395427459323,-4.433497112668836,0.5905459334988622,-6.746034824628942,3.0,9.0,-1.6143207007184184
06-11,-0.5802656195064579,-1.9469049850918605,2.1207196087103912,6.133827447703462,-4.530200993261395,-0.47393696950922487,-0.33057818671053885,-2.8634386681328885,0.0,-2.415460458067725,0.0,-0.796811992131617,2.0,10.0,-0.4735875679998211
06-12,1.1605404621686615,-1.7699097866309725,4.153358136989674,0.9225127312000354,1.490068760865991,2.5039100274677746,2.3140551885792386,-1.7429176698599669,-0.389104697393438,-3.839996337890625,0.0,-1.593623984263234,6.0,6.0,0.2674077359360948
06-13,3.2882025877223566,-0.3490398055835884,3.3816431055874103,0.3690033329333297,4.2993626099696165,2.1909212740343045,2.479340341131628,-1.9650688665309866,-0.9671124402293393,-4.983929743945337,1.5717076877764236,-0.9960197395386249,7.0,5.0,0.6932508619439329
06-14,1.1857696335581787,-0.5244792116914474,2.9079131934523708,2.568804979544997,4.140130894832733,2.5039100274677746,1.006710442877694,0.0,0.3883491370127199,0.955420662613804,1.964643977837301,0.7827780980020538,10.0,2.0,1.4899959862923484
06-15,3.8461503192516595,0.863561158277819,4.173358396241269,2.568804979544997,2.8662468019451754,2.351098631298006,1.006710442877694,0.6681455345312957,2.1276621255537123,1.4331234009725806,1.7681758328068624,0.9765569338923008,12.0,0.0,2.054132879766114
06-16,1.19285123487073,0.5235638692580601,3.205125266043049,1.4678885597399987,0.9740250692497618,1.4240530085971914,-0.5110768380448301,1.9693686916246216,1.9342341036144073,1.5923627090576038,2.1526444352311747,1.3618618023832938,11.0,1.0,1.4405751593020886
06-17,-1.0040198904289495,-2.4866760859648447,3.205125266043049,1.6483544314852254,1.2944971833043104,1.1128803193307966,-1.0221455527988565,2.1881920725042874,0.19342802193932218,3.738321574816357,2.534115234714488,0.7812492724042223,9.0,3.0,1.0152768206124507
06-18,-6.224898425546905,-1.7761972042606033,2.40384012872157,2.3636384443803267,0.634920010190677,0.3169569113768284,-2.0442911055977437,1.3129089830587173,-1.3752395427459323,5.214726281940515,1.7578062062965232,-0.19531697471403273,7.0,5.0,0.19907114275832846
06-19,-1.8072319727547885,-2.30906060032696,2.40384012872157,2.9090881347656086,2.539687609606288,0.7923885000176453,-1.192507206577396,1.3129089830587173,-1.3752395427459323,6.1349708057911725,1.7578062062965232,0.9765569338923008,8.0,4.0,1.0119339983120625
06-20,0.0,-2.30906060032696,2.2471888612676976,3.2490943967157957,-0.9884669041634961,0.0,-1.8739375751099772,3.010749755146688,1.1627896231359747,3.291536589029905,1.3565832731433873,0.19530766148809575,7.0,5.0,0.7784820900272593
06-21,0.39999961853027344,-4.159132194345022,2.55591562938086,5.376339032249574,-2.141674364535948,0.3169569113768284,-1.8739375751099772,3.4334732328577875,0.5859322976901722,2.40384012872157,1.5503861641813053,0.776698274025457,9.0,3.0,0.7687330962519067
06-22,0.39999961853027344,-2.5547420802612653,3.0063299376543116,3.584226021499716,1.81219325211811,0.6319109373639357,-2.0477795703925294,1.9438477400287997,-0.389104697393438,0.4807649690957547,0.9689867320980912,3.0360502465121613,9.0,3.0,0.9060569255711601
06-23,-1.405625931591869,-1.6187077970166104,-1.7886200294088197,2.867380817199773,1.6501634583630274,0.6319109373639357,-1.1945340141526244,1.0775800719058122,0.0,-0.16026008411285514,1.5414243318698555,4.725897954684064,6.0,6.0,0.5272174762586407
06-24,-4.868159357242833,-3.616632941720413,-0.9756088105549114,2.867380817199773,0.0,-0.6359294450813223,-3.2423217216978237,1.2931022522849065,-0.5836616845840689,1.2638218747278713,1.1605404621686615,4.015297081856893,5.0,7.0,-0.27684762272027214
06-25,-2.6369192488334656,-3.4357969832678448,-0.6504058737032694,2.692999833834669,-0.8347277570184223,-2.403847770343004,-2.405495916774697,3.0172385886647564,-0.19380289103791803,1.729561811402347,1.7341069671604366,2.666664123535173,5.0,7.0,-0.060035426365103284
06-26,-5.476673231802157,-4.701622824236536,0.9599990844726562,3.5587155398178547,-4.145936837503786,-1.9169310091305933,-2.405495916774697,2.5974001846660313,-0.19380289103791803,2.201263213580968,1.9267804148372807,2.476192656017485,6.0,6.0,-0.42667596809111763
06-27,-2.028405374274141,-4.512635410134184,-0.6504058737032694,-0.18381896947602347,0.16207826188299718,-0.9584655045653109,-0.859101588023343,5.063286555002263,0.1937936500074126,0.632910771622862,2.1072732011203468,2.0952406383695887,6.0,6.0,0.08847919648576659
06-28,-3.711346571447364,-4.324320051714921,-0.9724463863472171,-0.5524900691852977,-0.16207053356607523,-0.47922894367928753,-1.2068912503837461,5.473689029091283,0.5769179629149057,-2.5559080121741244,1.7241317886610128,2.8355405755974226,4.0,8.0,-0.2795352051861174
06-29,-4.79166687362723,-1.7761972042606033,-1.7944478731429605,-1.289137640411204,-2.106971034577403,-0.9630809405433051,0.0,4.592897535359118,2.115378090615552,-4.153350519782952,1.9157070622965848,3.3834642738285527,4.0,8.0,-0.4056170936871544
06-30,-2.4691333798854775,1.5734209624458213,-1.136366451222978,-2.0257852116371105,-1.6129094281629897,-0.9630809405433051,1.011803448843438,2.105261150159334,0.7692300638503489,-1.9169310091305933,1.7274501329927199,2.476192656017485,6.0,6.0,-0.03840400052277556
07-01,-3.950105186709507,4.15944145427235,-1.6233828562794337,-1.2797106827480222,-0.8000030517577982,-1.1217976639257699,1.011803448843438,1.8947400544819266,1.5384601277006635,-0.314465102305949,2.1032530231977176,1.9047600882393971,6.0,6.0,0.29358280441741774
07-02,-0.6036259773603081,5.025995889283536,-2.59740792552921,-2.2140199975999786,3.4976119479472585,-1.9323652950393424,0.3401357234227911,2.5263133801912008,0.1949362311647003,-1.2698400203813962,1.9011478539609379,0.5660416741266188,7.0,5.0,0.45291029034890057
07-03,-0.20121185722324375,3.639515404526086,-4.983391888461308,-1.8248157716151892,2.4154604580677392,-1.9323652950393424,0.3401357234227911,3.941909760450672,0.9671216633850679,2.040818159755871,1.3308016847036812,0.1886835570179361,8.0,4.0,0.49355513324923
07-05,-0.4032254188043424,0.5366763683264283,-5.1580687350026535,-2.3853232842304783,4.333868059388346,-1.2882435300262283,-0.3424654178758756,4.338843626578999,2.2813756116841244,0.15773231295199394,1.3358720969806743,0.1886835570179361,7.0,5.0,0.2996437705824103
07-06,1.3861419607429897,2.2847120058628345,-2.671124046126648,-2.2018415889159595,3.852331416060166,-1.6155073296957618,-0.5145833653678332,3.734446032472591,1.5267161679471672,-0.3154571048132894,0.9541930549938866,0.5639137000061576,7.0,5.0,0.5819950752638584
07-07,2.5691722512057336,1.9503485688163693,-4.166666666666666,-3.1192675641004777,3.852331416060166,-1.2882435300262283,-2.0905987313804895,5.13347034650494,1.5267161679471672,-0.3154571048132894,1.1428560529436385,3.8602947782737913,7.0,5.0,0.7545796653970548
07-08,2.952757827169431,2.1201393779886413,-2.5000015894572085,-2.5547420802612653,4.006410403364515,-1.2987000923330303,-0.8665544350112013,2.669406930098804,1.5267161679471672,2.153844099778409,1.3308016847036812,2.9574833997203336,8.0,4.0,1.0414634744756897
07-09,3.9604015554144243,1.9434568841470865,-2.833334604899089,-3.499080354088923,3.8277475573883413,-0.4815442972151256,-1.933218495750561,2.464063416406136,2.6415158166879853,2.900764147903671,1.1428560529436385,2.3985260629333545,8.0,4.0,1.0443461451559117
07-10,4.950494862528325,0.5300306321546482,-1.8151837384993523,-0.3690033329333297,1.7515944241944736,-0.16077538937550045,-3.163441591010321,2.6639367088582855,2.824860583499637,3.511450570624796,1.3232546723281389,1.8450166646666484,8.0,4.0,1.1576862555863707
07-11,3.7623772285998975,3.595890970206838,-1.8151837384993523,0.36697213993499966,3.4267953958624657,-0.16077538937550045,-4.217922121347079,3.061226376490177,1.3282765069207891,2.9457300155323374,2.434459002363843,3.1365327288000135,9.0,3.0,1.488698259624119
07-12,5.631067116171343,3.9249149118286466,-2.680072527173928,-0.36697213993499966,2.6479762347928313,-0.3215431125584883,-5.14184341698807,1.4403327106651118,2.4390265722654325,1.5479861306820342,2.0599275350412958,1.6853960677187487,8.0,4.0,1.0721830068758298
07-13,7.428568885439935,4.026849772134245,-2.4958338239228333,0.5504538352495189,2.024923876885104,-0.8077498131745868,-4.955747402566735,2.061853744307326,2.0992301809542493,2.4767778090912462,1.498125869290204,0.7561429516346501,9.0,3.0,1.2219663237768603
07-14,8.206103952689016,1.3675200856448306,-3.259006169929389,-0.5504625845554801,2.1772919163789135,-0.1605096631470778,-7.039708829801997,0.6185512074451094,1.3358720969806743,1.3931912083038753,1.6822369599072635,1.6853960677187487,8.0,4.0,0.6213730206362073
07-15,6.578954326620357,3.06122962028029,-3.0874838341568522,0.9041625467966503,4.552354837458602,-0.32310146593915234,-5.7553988301194705,0.6185512074451094,0.9541930549938866,3.0441443055810615,0.7547162342173653,0.0,8.0,4.0,0.9418601669314873
07-16,4.247100337495778,4.931972044367897,-3.0874838341568522,1.792113010749858,4.314325775745755,-0.16129401918514474,-3.9145955784467725,0.20618045858362583,1.5180251232560722,2.150542832573763,0.941614207843711,2.0332654303098345,9.0,3.0,1.2476471490947936
07-17,2.5096455967538986,3.2312934272540326,-3.6206901938112948,1.9748676862534873,-0.16077538937550045,0.0,-3.7366555591323056,0.6160109584426923,2.6266391836690874,0.46875327127050836,1.6885582340742649,1.663580005344791,8.0,4.0,0.6051022683953051
07-18,2.3166001840886064,3.066436658396615,-4.340277605310641,1.4466617994212594,0.47923656088600913,-0.32310146593915234,-2.135229323890713,0.8196713302251447,1.6822369599072635,2.9096485622629777,2.234634788015244,-0.5545325444454716,8.0,4.0,0.6334988253014284
07-19,3.2504794583932224,2.9010251266323897,-3.454228162052162,2.1428551357619274,0.3194961187284871,0.48465605058203687,-2.6833562510875817,0.6185512074451094,2.42085879350784,0.0,2.048410782522648,-0.3690033329333297,8.0,4.0,0.6399787439583823
07-20,3.4351113778810887,4.89038735662617,-4.166662527455388,3.0357156998040966,-0.159740442157522,-2.3255791848698313,-1.773047996451098,-0.6198291740786416,-0.5692639452927531,-0.7692337036132676,2.234634788015244,-0.7407400212333817,4.0,8.0,0.20597935226455957
07-21,7.636365023526278,4.7138082005233635,-4.663212136535198,3.2142827036428914,3.389827395228807,-2.3255791848698313,-2.852047123069814,-1.2448120465286208,-0.7590125616280361,-0.7692337036132676,1.6853960677187487,0.7339442798700156,6.0,6.0,0.7299772428554446
07-22,7.339442798699992,1.6835000617720708,-4.663212136535198,2.867380817199773,1.415096709096412,-2.4671068626592896,-1.607145609296145,-1.6597493953714941,0.0,-1.8662576298582239,1.5009366763823357,1.0948894629691135,6.0,6.0,0.3031479076999456
07-23,2.6465003307212753,1.3468000494176835,-3.108805345846946,2.3423443238423554,1.4128677765719195,-3.1509050376855545,-0.35587155398180126,-0.8298746976857287,-0.7648176234636703,-1.236482274149228,-2.7184439590890395,3.956830799564141,5.0,7.0,-0.03832143431538274
07-24,0.7561429516346501,-0.33670001235441716,-7.3740980509280964,2.6785731771771086,-2.0667744869527804,-2.145216430171958,-0.533811573296252,-0.6211223660916663,0.18939826675118485,-0.6240243807365797,-1.9084043098801198,4.856114814841813,4.0,8.0,-0.5941602000005929
07-25,0.945183196510814,-0.8460269378307756,-9.541284387615951,3.3687954205370034,-1.100624109351054,-2.805281813517169,1.423486215927142,-0.41322273338809995,-1.138518842442054,-0.310558707279667,-2.0992392809004143,3.956830799564141,4.0,8.0,-0.7133717649821737
07-26,0.945183196510814,-0.8460269378307756,-19.483100958177214,1.9503485688163693,-3.6163524252379986,-2.145216430171958,0.7168452042999433,-0.4140782865927606,0.945183196510814,-2.0186352994696657,-1.1450462259065275,4.472271792054647,5.0,7.0,-1.7198853837661925
07-27,2.9629689152511154,1.5151540693756465,-11.900189654885219,1.063828797870684,-2.0440194162688727,-2.483445303225014,-0.7272720336914062,0.41067723606768936,-1.9342341036144073,-1.086959177630651,-1.335881196926839,4.129264128997016,5.0,7.0,-0.952508978223355
07-28,1.4814800424667633,-0.5128241076481654,-11.32437904545071,1.241129370235924,-2.6898670069513204,-0.9787918704633379,1.4184383971609067,-0.8281565731855212,-3.0947745657830517,0.6211174145593202,-0.7590125616280361,5.187834596368887,5.0,7.0,-0.8531504925265284
07-29,5.474456016253534,-1.7331006059468121,-10.556625464641655,2.792318444668707,-3.1796472254066113,-0.8130034654043016,-1.4440419540959022,-1.0352006526844453,-3.4816213865059327,1.081911856169386,-0.7590125616280361,1.9927560488132834,4.0,8.0,-0.9717342458673989
07-30,4.562043779741956,-1.5597946773898954,-11.13243607407615,0.1792070283405349,1.4263098796201534,-0.48701640505647015,-1.2681190562183398,-0.4140782865927606,-6.573703684459943,1.3867438971453994,-1.5238080705915178,2.5179832360862817,5.0,7.0,-1.0738890361208957
07-31,4.379566553284421,-2.7729609695148842,-7.821230637702671,1.9503485688163693,1.1058403739006004,0.49587122086858565,-2.1739109777848467,-0.6224010768209367,-8.961304906198087,0.30534321136056225,-0.3738314258509739,2.8776951269557505,6.0,6.0,-0.9675812448905093
08-01,-0.3649631543230379,-3.130431797193429,-6.826566058133311,1.234570912160037,-3.6741139588969434,0.49587122086858565,-1.6304375525157795,-0.20660644069050485,-5.500976907217404,0.15361334147838557,-2.6923143934218645,1.9784196878860634,4.0,8.0,-1.6803279249999334
08-02,0.18149234966302932,-2.595149015318914,-3.9711239809327106,2.9565230659816577,-1.5974425076088137,-0.4958633392629428,-1.6304375525157795,0.20618045858362583,-4.356431324404298,2.5757587689451564,-2.5000022924864216,0.9090943769975142,5.0,7.0,-0.859783416029908
08-03,-0.9174347244904797,-2.5906752393039003,-6.043954604404194,3.4782575524371606,-1.7571829497663498,0.4910017864613848,-1.6304375525157795,0.6185512074451094,-1.1605404621686444,1.9696987321116393,0.9615329948400716,0.9090943769975142,6.0,6.0,-0.47267407352970564
08-04,-1.3011095415467853,-2.5906752393039003,-1.8315000720495702,2.608697310737942,-2.5764870600524565,0.9771977863883013,-2.5641001008693984,0.4123707488614652,-2.1276621255537123,2.8787887873619082,1.9047600882393971,1.792113010749858,6.0,6.0,-0.20146720058641276
08-05,2.578266499290672,-2.2491285966245553,0.18315437384556937,1.234570912160037,-1.2718588901626446,3.365377708534499,-3.1192675641004777,0.20618045858362583,-1.9342341036144073,3.463855778587869,2.6465003307212753,0.17953731730053332,8.0,4.0,0.4402461853768331
08-06,2.9357771194799973,-2.2491285966245553,7.875454676453764,0.3558715539817855,-2.276420557961479,2.572344900467906,-1.8248157716151892,0.4123707488614652,-1.9342341036144073,3.463855778587869,1.6885582340742649,-0.17921557380945263,7.0,5.0,0.903368200690164
08-07,0.9174259751845185,-2.768163349554871,6.156714841155834,1.0526306103030625,-4.262298900765262,2.265370070782529,-0.3649631543230379,0.8213544721353787,-1.7374547407418794,3.5928110372100615,1.5037668789816911,0.1792070283405349,8.0,4.0,0.61303339739238
08-08,0.9174259751845185,-4.210530806776693,4.007625390888188,3.9182286807077054,-2.59740792552921,0.8090568816592617,-2.919705234584319,0.4123707488614652,-3.5225014410093376,4.592591744882089,1.8621956566793698,-0.17921557380945263,7.0,5.0,0.2575111747627988
08-09,0.5524812876535615,-3.484325680788911,1.6981160254526668,2.2184319365015517,-2.11039152047274,0.4854325858331698,-4.638219038825427,0.0,1.1472264351955055,6.3675841814272145,1.8621956566793698,-0.7207200086191695,7.0,5.0,0.28148432166973275
08-10,1.2797019654321813,-2.0942388335015147,3.6968542496504213,4.7781604680685374,-2.435066543555994,0.4854325858331698,-8.0459787964575,1.6293263990266518,6.864562054253469,6.078148850484278,2.234634788015244,0.35650589038369307,9.0,3.0,1.2356702564693864
08-11,-0.18281954781364923,-1.4059740404490313,1.2867678478875457,3.754270682872265,-2.1035617807754368,0.0,-11.693546758978238,2.032518355322763,8.905380908412882,5.2098359569728645,2.052241245790406,1.60428075661219,7.0,5.0,0.7882828021545469
08-12,0.3636360168457031,-0.8771963580347659,0.3676467043408923,2.4221511806380205,-0.7987174452010531,0.0,-11.515155426763494,1.626014684258192,5.565857538570066,-1.8662576298582239,0.0,1.2433422777705974,6.0,6.0,-0.28905653811950527
08-13,-0.9157544026653974,-1.4035158459685266,-1.8382335217044614,4.568527714002234,-0.6359294450813223,1.944892772694449,-9.090909947605397,1.4227676946319379,6.94697718791768,-1.0802495594959076,-0.37523416909558394,2.482267195031575,5.0,7.0,0.16880047272177323
08-14,0.18315437384556937,-1.5789500982368077,-2.2140199975999786,1.7331006059468121,-1.6233828562794337,1.7684832859754436,-9.090909947605397,0.2057660207223822,6.605498518829977,-3.333333837922918,1.3282765069207891,2.482267195031575,7.0,5.0,-0.29450418586433225
08-15,1.465200057639656,-1.7574675505612893,-1.2797106827480222,0.8620722256998297,0.7987250624077747,1.2861724502339387,-7.905140314047218,-0.20660644069050485,7.678237944540611,-4.761900076430183,-0.5747166860948889,1.063828797870684,6.0,6.0,-0.27760876768163434
08-16,0.9208050732665146,-3.024912451168735,0.7272720336914062,2.910960134455026,-0.47922894367928753,-0.3215431125584883,-6.019416253184046,-0.20660644069050485,5.999998612837358,-3.26594158247799,-1.3409995110135229,1.063828797870684,5.0,7.0,-0.25298197022096547
08-17,0.37037001061669084,-1.9366221274443207,1.621624315223202,3.7671277616546006,1.7571905669730572,-0.3215431125584883,-5.202311713867573,-0.20660644069050485,4.612546060533332,-3.26594158247799,-2.107282335932157,0.3571425226269879,6.0,6.0,-0.0461921729452636
08-18,-0.1844972675999537,-1.760570149506099,4.285710271523871,2.397266090150961,1.7571905669730572,-0.9708728874782472,-6.445311153947811,-0.20575620925852772,4.428048792933379,-3.8880249871576558,-2.107282335932157,1.7636667246384026,5.0,7.0,-0.07753604538839837
08-19,-2.2514050145735034,1.0416739102863881,6.428573922235181,2.397266090150961,0.6462029318782903,-0.3225803474481607,-8.730159931562515,0.2057660207223822,5.719556059333338,-3.8880249871576558,-0.7561429516346501,0.8881028369184767,7.0,5.0,0.11490237826237769
08-20,-1.6853871381841727,0.34723015571050553,5.357137839404818,0.17513535577979356,1.929258675350944,0.8025712773962416,-4.863813355912284,-0.20575620925852772,5.719556059333338,-1.3657006626227133,-0.1883282295592884,2.631572342975442,7.0,5.0,0.7211230092011748
08-21,-2.4344500728292666,0.5208369551432018,5.357137839404818,-3.163441591010321,1.2820501064172338,0.4830951630284109,-1.5564187895738728,-0.20575620925852772,10.350871850762374,-2.118000963052349,-0.939844215871345,1.5789417326723953,6.0,6.0,0.7629184838193961
08-22,-2.4344500728292666,0.5208369551432018,5.017916430099603,-3.350970981726104,0.6430862251169908,0.966182647519657,3.50194227654127,-0.20575620925852772,9.982787081209143,-14.975034679785995,-0.5628557267874965,1.5789417326723953,7.0,5.0,0.05688547315957252
08-23,-2.4344500728292666,-0.3502623606462204,1.6363664106889366,-1.0489584233828948,-0.6430938913094892,0.8051560455349681,3.50194227654127,-1.0288006692203293,7.388321176853734,-9.914528771987799,1.5009366763823357,1.5789417326723953,6.0,6.0,0.08263084410813669
08-24,-1.8621956566793698,1.0434772657311482,-0.18416628357234469,-3.3216794438744564,-1.1254047270509653,0.9646293376754791,2.745095472618093,-0.8196713302251629,8.83333683013916,-10.769232901047175,0.0,-0.899284015277641,4.0,8.0,-0.4495912876302695
08-25,-1.4760133317333188,0.6968634747041876,2.867380817199773,-0.8741292407143254,-1.1254047270509653,0.9646293376754791,2.94117839553643,0.6134914885540426,9.166669845581055,-7.6923127083462575,0.1872701984285614,-3.8745393946666735,7.0,5.0,0.199590346263999
08-26,0.1828108304978084,0.8710751897463059,1.9713285845592947,-1.050787081938661,-1.2882435300262283,0.0,1.937982705226636,1.0224890646804756,8.83333683013916,-3.2786932660508277,-0.5660326771994293,-5.223875485010578,6.0,6.0,0.2842825970519964
08-27,1.2727303938432173,2.0905904241126096,1.4336904085998865,-1.5845097765472331,0.3236242958260776,-0.9740250692497763,-0.5859416109161438,1.0224890646804756,6.174959489288585,-4.477611468194197,1.310864600396202,-2.919705234584319,7.0,5.0,0.257262959771282
08-28,1.8181800842285156,1.0452952120563201,0.9009043066040483,-2.292770946943063,-0.3205201682257103,0.9615375798129291,-1.3671908833203663,1.0224890646804756,4.3706295309431065,-7.142858301353602,2.2471977334698403,-2.189778925938227,7.0,5.0,-0.0789071428321444
08-29,1.4545440673828125,1.8998296068934832,-0.3649631543230379,-1.7421669940284192,0.48231083574147604,0.6410250532085956,0.0,-0.414937348842892,4.6793757680941725,-8.067227469924365,1.6728652541533133,-3.467154316772843,6.0,6.0,-0.2688748915348086
08-30,2.3423443238423554,2.068971697413619,-2.587806788751102,-0.5281727238559696,0.0,0.1602524424914498,0.0,-0.414937348842892,4.912276181414307,-11.694916035039284,1.3011184046908013,-4.999999558484121,5.0,7.0,-0.7867391170934029
08-31,1.9891524293127743,1.3888957875743682,-3.5120159441658214,-0.17606037295888183,-0.3215431125584883,-0.16077538937550045,-0.19568985877503864,-2.3157922845137557,1.213174556200533,-12.033898757127977,1.1152405483875372,-5.3903337487784375,4.0,8.0,-1.5333038455648909
09-01,2.5594126481802038,-1.0526389758675059,-1.8248157716151892,0.17605197793820596,-1.7944478731429605,-1.6313197841055633,-1.6129016752173695,-4.516129760001179,-0.693240242378725,-1.8644090124807524,1.8450166646666484,-2.737228008126767,3.0,9.0,-1.0955541510125795
09-02,2.018342394989501,-0.5281727238559696,-0.3649631543230379,1.047119416750765,-0.48308748449127464,-1.4658005626212478,-3.212848329303375,-4.516129760001179,-0.8665544350112013,-5.438604034912496,0.0,-7.142850100418155,2.0,10.0,-1.7461290644331389
09-03,3.5906692987163833,-1.232397425650145,0.9124122365115777,-0.17668249384157098,2.040818159755871,0.1607677231829878,-2.409636246977518,-4.946236867879296,-1.7482584814286666,-4.703840915155215,-0.5671117206934889,-4.119846140547999,4.0,8.0,-1.0999452395005902
09-04,2.692999833834669,-1.0563370526912788,-1.8761708454779196,-0.7104788817042413,0.0,-1.138206402255929,-2.409636246977518,-4.946236867879296,-0.5181383420726181,-5.253943760606703,-0.3766474791343331,-1.4981258692901709,1.0,11.0,-1.4242434928546117
09-05,1.7953389297634297,-0.7017537402020261,-2.067662652779472,-0.17512700486641128,1.1128803193307966,-1.138206402255929,-3.6144543704662593,-4.721035927736881,-3.008850857070469,-4.8387094017590515,-0.9451831965108306,-0.37453146732251363,2.0,10.0,-1.556441314322968
09-06,1.6187077970165946,-0.3496500290228781,-3.0360502465121444,0.0,1.2718588901626446,-0.32520293685162754,-3.1999969482421697,-2.7368445145456417,-4.712041536261136,-7.773852810643412,-0.18904024487616386,-1.5151500099837607,2.0,10.0,-1.7456052158133077
09-07,2.3214306545501207,1.374577288377929,-6.285712832496279,0.525397716426045,1.748809764412133,0.32310146593915234,-2.7888419724606415,-2.3012479466325657,-5.807616724712141,-6.537109052492545,-0.9451831965108306,-0.5628557267874965,5.0,7.0,-1.5779375468655934
09-08,1.2635410134184044,1.034489959371816,-8.610568409473792,0.7005247212924408,1.4354091365498258,1.7515944241944736,-4.242425176540518,-4.042554573000443,-3.8112441485765673,-3.886930617664222,-0.5649757086936382,-0.5628557267874965,5.0,7.0,-1.627999592159143
09-09,2.30906060032696,0.17241773367197108,-7.240702072244671,1.047119416750765,2.215195245571535,0.6451606948963788,-5.349788989751847,-2.5531993035336478,-4.7186885888286145,-3.157900196473631,-0.9451831965108306,-4.3809527442568825,5.0,7.0,-1.8297884500318762
09-10,2.4604545707858048,0.0,-5.870835735015534,1.047119416750765,2.652107337609034,-0.9708728874782472,-3.018110698182694,-2.5531993035336478,-3.220032619413994,-3.886930617664222,-0.9451831965108306,-4.6511677335744555,3.0,9.0,-1.5797209555190017
09-11,2.8119480808980626,0.6896544920278432,-7.5546644483785705,0.17391702403192935,3.41615318437997,-0.3225803474481607,-2.8169084352688554,-1.0482220321760118,-0.17360679943269625,-4.938266828987543,-0.938089895883097,-4.263571192529126,4.0,8.0,-1.2470197665638547
09-12,3.866436991501153,0.5181301065430459,-7.5546644483785705,2.9059842575266304,4.0688537946351255,1.1290273706075555,0.20120226291382054,-1.6877722448568986,2.8960831279088337,-5.169339660449485,-1.8796973948468785,-6.201553897755779,7.0,5.0,-0.5756091445542872
09-13,3.866436991501153,0.8605802821021181,-6.286830751105589,-1.7761972042606033,2.8168987809012447,0.9677410423445252,0.0,2.6639367088582855,2.2033917345695038,-1.6042722568413488,0.0,-3.9848204726189156,6.0,6.0,-0.02276126204580235
09-14,3.866436991501153,2.229847618218796,-6.61478913267677,-0.5328549264899902,0.312988753433484,0.32467502308322516,0.6011970811066598,3.925620893190862,-1.598573249046368,-2.317284037608782,0.5639137000061576,-3.787875024959444,7.0,5.0,-0.25222469252008467
09-15,9.317810287685923,3.565365753943145,-2.107282335932157,0.0,-0.6319109373639357,-0.32679708007359703,-2.6804147834466123,6.626504466709824,-2.8419155268169654,-1.7825294519186397,0.3766474791343331,1.4814800424667633,5.0,7.0,0.91641315953234
09-16,2.2806954728744215,3.5533002295918235,-1.9157161971084118,2.256946341582947,-1.5948948155784755,-2.3026294118809623,-4.842105664704975,6.4257062336500335,-0.3552394408521365,-1.2411378247956353,0.1886835570179361,0.9276384997446399,6.0,6.0,0.28177058162843377
09-17,2.2847120058628345,3.2148910681217022,-0.9578580985542059,2.426340848325537,0.0,-2.5000015894572085,-2.8806556098663876,4.618474260895226,0.35273334492766484,-0.3514935101122578,0.18797422103678196,2.222220063700145,7.0,5.0,0.7181114170733194
09-18,1.5817249856383184,1.522837192460166,-2.929689428128811,0.0,-1.6155073296957618,-3.8590606980095887,-3.2921778398472976,5.566604336563597,2.0797207271361593,1.9332184957505765,0.3766474791343331,1.2962994523172122,7.0,5.0,0.221718114443242
09-19,2.6362055159750923,0.6825931901308079,-3.3333348916247294,-0.5281727238559696,-1.620743977245362,-5.369130362637857,-1.8518451291821674,4.809614872274526,1.206899471713759,3.741501067125873,-1.1428560529436385,1.2962994523172122,6.0,6.0,0.04391920267062893
09-20,2.1201393779886413,1.1884498541760693,-4.581673704130901,-1.0582000347830416,-2.4311198300265042,-4.026841771510851,-2.484469719556563,2.2494817930599016,4.999999177866981,5.000003178914373,-0.7619040352957589,2.0220612565693306,6.0,6.0,0.18632712860597303
09-21,1.0714275678809637,0.6849308357518424,-8.262719505479415,-1.0582000347830416,-3.889785545388855,-3.5058438425912066,-1.020402304583135,4.081638412443698,4.6075081019594695,5.666669209798192,-0.7619040352957589,2.3809544603050536,6.0,6.0,-0.00047722333184951893
09-22,1.0544805303367737,1.5280081118988982,-2.653063508382846,-1.4109333797107222,-4.738561556795422,-2.8192304069951444,2.21327286359916,1.446284492862042,1.7064829753270803,5.499998728434244,-0.7619040352957589,3.669721399349996,7.0,5.0,0.3945463512190252
09-23,0.17543425226829654,1.5306148101401529,-2.653063508382846,-0.8771963580347659,-4.058441658972249,-1.311474179619245,0.6000041961669922,2.066123518947792,-0.17064422895638223,5.025121012409188,-0.18938923574475955,4.972375496540751,6.0,6.0,0.4257886763969103
09-24,-0.35273334492768055,1.190479086717377,-3.8775521127048576,-0.17422002230999867,-9.710394936525418,-4.026841771510851,0.998007753505086,-0.8264454667762551,1.3445365759757237,5.025121012409188,0.0,4.181818528608843,5.0,7.0,-0.5190187247949035
09-25,-0.35273334492768055,0.8503433632946009,-1.5968047914423042,0.0,-10.36269272168606,-0.9836056347144337,0.39921071556788545,-1.4553050414575712,-0.17064422895638223,6.343900703235343,0.18761261140365473,3.9999961853027344,5.0,7.0,-0.2617268486983509
09-26,-5.99647527359688,0.511948961174456,-1.8000030517578303,1.7451990279179417,-8.576329443279933,-0.3278685449048258,3.1936191005918872,-1.6666650109821552,-1.724136230069677,3.1088053458469616,2.0295227300000245,1.8181800842285156,6.0,6.0,-0.6403501920692927
09-27,-5.438604034912496,1.1864435683033403,-1.1811012535561152,-1.5873042570877176,-7.547170891569355,0.32786854490479667,3.386455715933476,-0.8333325054910962,2.426340848325537,0.35335656299807816,2.2140199975999786,2.1739109777848307,7.0,5.0,-0.37659306056389513
09-28,-7.1301263074454,0.3384091614701066,-3.9840599606580844,-1.7636667246384026,-6.6895346756313145,-2.1848759429955833,4.527559498577561,-3.9665983034153687,0.8741209044000651,-0.5300390568396806,1.8450166646666484,2.8776951269557505,5.0,7.0,-1.3155083012961422
09-29,-0.5290958124783813,-0.1694873200515297,-0.5893856988577467,-0.7054666898553611,-3.1509050376855545,-2.7027000903735274,6.12648115188027,-4.79166687362723,-0.8741292407143254,-0.5300390568396806,1.1152405483875372,3.921573293991829,3.0,9.0,-0.23996506885197502
09-30,0.0,1.3468000494176835,-0.1964587769136452,-2.1466884129426576,-3.66666316986084,-2.9159533193591964,3.7623772285998975,-3.958324434029085,-1.3986084524057574,-4.788217994500127,2.025776430105374,3.3989275855833263,4.0,8.0,-0.7114194388587523
10-01,1.2216434804252676,0.8417540446667822,1.3752489108627608,-2.1466884129426576,-4.033617741997254,-5.1146377063645225,3.4000015258789062,-1.8749931703014093,-1.0453035193241849,-4.595588186955577,1.6666694629339032,2.5089582150498013,6.0,6.0,-0.6497127581723486
10-02,2.268762897176017,1.6835000617720708,1.568625984353196,-1.4285700905079357,-3.523490550383686,-5.643733518842889,1.9999980926513672,-2.731084692285796,-3.9426571691185734,-10.112358547243291,3.3149140705165783,2.1505356128998296,6.0,6.0,-1.1996298207510925
10-03,0.6980796111671768,1.0169481662661637,1.568625984353196,0.5263111223693173,-1.830277079668458,-6.34920861852456,0.6000041961669922,-1.6632000968346425,-3.756708987740391,-11.111109148818315,3.3149140705165783,2.3297511867092666,7.0,5.0,-1.2213224661698063
10-04,0.8710751897463059,0.3412965950653888,6.903360347521166,-0.7067131259962505,-2.4958338239228333,-7.5837711208582705,1.9723940450470965,-2.083331263727694,-4.642861309100225,-9.742642047728069,2.76242400133128,1.4466617994212594,6.0,6.0,-1.0798283927667371
10-05,0.3502623606462204,-0.1700638069737422,3.5433037606682927,-1.4134262519924539,2.329456538952596,-4.991393540604556,2.3575708997814027,-2.5423806722535605,-2.233670683323194,-9.742642047728069,1.8416189280647655,1.4466617994212594,6.0,6.0,-0.76872522627842
10-06,1.7241444513996593,-0.5128241076481654,2.906969437324727,-3.356891560824541,3.7704921749066727,-5.172408690208939,2.534115234714488,0.20747362086481042,-0.6872845476498873,-10.11028875206896,1.2962994523172122,0.0,6.0,6.0,-0.6166836072394103
10-07,1.5625025870070488,0.5093333387305017,3.100772328362628,-2.811948080898047,4.552848869372609,-2.229847618218811,2.906969437324727,0.41493734884287353,0.34364227382498946,-11.75372428938145,1.2962994523172122,-0.3649631543230379,8.0,4.0,-0.206098125586563
10-08,1.7241444513996593,-0.1697831767151262,1.5503861641813053,-3.907633849373312,5.237318570684148,-3.214891068121717,2.14425206745619,0.41493734884287353,1.6949136104436362,-13.44696085410924,3.090910478071733,-0.3636360168457031,7.0,5.0,-0.43717018950712944
10-09,3.27586294779735,-0.33955825772276876,2.8680706466613874,-1.5957474240858578,4.8939671310630075,-0.16834599239646925,0.9746625656812962,-0.20877304721245377,0.34364227382498946,-11.346157196710923,0.732600028819828,-1.0909080505371094,6.0,6.0,-0.1383903645681436
10-10,2.2413812097555468,0.33726781628115093,3.238096691313244,-0.8896831272780218,1.9512176211098662,0.33670001235441716,1.3645257329395941,-0.20877304721245377,1.7035759213314527,-13.199996948242172,2.1818161010742188,-2.0000024275346076,8.0,4.0,-0.2453228703423138
10-11,2.4096362799380486,-0.1694873200515297,4.7438330342469515,-0.17921557380945263,2.4390259031121326,1.8518540817300488,1.1718739086063334,0.6224109697076841,-1.4184383971608752,-11.270485676222496,1.2727303938432173,-2.559421365496028,7.0,5.0,-0.09047364679633045
10-12,1.5625025870070488,0.16920054657961936,2.49041461357963,-0.17921557380945263,3.2520371219660262,2.833334604899089,2.879080504206326,0.2078950553770528,-0.3496500290228781,-11.475408394405292,1.8181800842285156,-2.0000024275346076,8.0,4.0,0.10069739108925631
10-13,0.524470875377187,-0.1686379286901015,3.409096553469925,-0.3584226021499716,3.2520371219660262,2.0168048639635785,1.1741671470030892,1.449269066872118,2.4475502031601466,-9.426230068842404,2.3508157234848155,-2.757354665251131,8.0,4.0,0.3261305241969399
10-14,-0.7029870202245156,0.5058977038721855,3.409096553469925,-0.3584226021499716,4.03225818856326,4.865771140887298,2.723732881754325,0.4140782865927606,2.272721020491562,-10.788380962801478,3.2258034193497447,-2.0109714393709375,8.0,4.0,0.6323830975361798
10-15,-3.7974602774398862,1.1804333364345174,3.9772732917106293,-0.3584226021499716,4.487175372460269,5.970151260174601,2.123545566072464,0.6211124936865969,0.7104788817042256,-12.421055843955612,3.208561513224396,-4.536866723742903,8.0,4.0,0.097077189014944
10-16,-3.254969647548372,0.8431655201533513,5.410446914725756,-2.1505356128998456,2.276420557961508,4.125412580207591,1.7374455353910128,0.0,1.2367437581508516,-14.649682624884258,2.688173788859238,-4.536866723742903,7.0,5.0,-0.5228538294688393
10-17,-4.882458782689088,1.507532310111576,6.284652224405727,-1.6157930516524046,0.9740250692497618,4.290424991743886,0.9652454740281612,0.2078950553770528,0.3558715539817855,-14.526316994114927,2.5270734196678286,-2.6465003307212753,8.0,4.0,-0.5465290883843265
10-18,-2.8368852488814933,0.5076097080497711,4.511282710736697,-2.338131578755532,0.16233364111002335,3.795379888534985,0.3883491370127199,2.4793462523359286,-1.3937352566763175,-11.203318311644315,2.5270734196678286,-2.452823262742843,7.0,5.0,-0.4877932417710455
10-19,-4.5045043496998,1.1824353168792447,1.149424237377968,-1.2589959061471256,0.8116836872765602,3.156147139907745,1.1560682489023788,-2.5531993035336478,-2.966842508343209,-9.54356891627284,0.7220209770479511,-5.0290086693974585,6.0,6.0,-1.4731950038335195
10-20,-3.7837843410806626,1.0084024319817817,2.0599275350412958,-1.4388475634778912,0.9724463863472316,3.9538754722907092,1.3384353997340641,-5.04386013069312,-1.570683286008856,-7.883809628014597,0.7220209770479511,-5.791509665572366,6.0,6.0,-1.2881155343670383
10-21,-4.5045043496998,1.0016685320898036,1.6853960677187487,-1.4388475634778912,0.6504058737033128,1.990055691889521,1.5355071616181417,-5.04386013069312,-2.4432786390851184,-6.557370641801303,1.9607866469959145,-4.166662527455388,6.0,6.0,-1.2775586565164314
10-22,-5.444640679417632,1.5024988178577363,1.310864600396202,-1.9891438065796958,0.9693043978174571,1.164728269476298,1.5384601277006635,-5.7017594768510715,-2.4432786390851184,-5.906313052247389,2.846972431854284,-1.2962906219996235,6.0,6.0,-1.120716469256491
10-23,-4.537204893197135,1.3355580427863996,2.407409484167285,-1.0791356726084065,-0.4901995158388778,1.153215316009103,-0.19231210093542617,-7.349675219716803,-3.163441591010321,-1.4198818275611693,0.18149234966302932,-1.8518500530834543,4.0,8.0,-1.2505021401104814
10-24,-3.8112441485765673,1.6638997946982204,0.5660416741266188,-0.17952875649005742,-0.16287018077021315,1.9769416639636728,1.7307630586904204,-3.655915544245001,4.406783469138978,1.2145737264080234,1.9503485688163693,-0.7407400212333817,7.0,5.0,0.41325444204392353
10-25,-3.24909439671578,2.3140551885792386,0.5714325677780877,-2.3853232842304783,-0.9771977863882867,1.81219325211811,1.7307630586904204,-3.6637948531387554,4.026849772134245,2.8225779316303967,1.063828797870684,1.0909080505371094,8.0,4.0,0.42976652490541595
10-26,-2.6929912730241927,1.1666695276896308,0.9380809495948226,-2.2018415889159595,-1.6286629773137968,1.81219325211811,0.776698274025457,-5.0000005183012695,6.322797004478938,4.233871704271749,0.5319101716554943,1.449273985189887,8.0,4.0,0.4756665426224058
10-27,-0.17606037295888183,1.3311214225710255,-2.0952406383695887,-2.0183511442954787,-2.127653596776377,2.1346487879097418,-0.7843129921766155,-3.0042993113079777,5.823633413319274,5.0403225418804345,-0.1785755187881774,0.7259607446205675,5.0,7.0,0.38926611130232885
10-28,2.1238917439572016,0.9950317998182325,-3.047616141183019,-3.9252344278573443,-1.2987000923330303,0.4950451032088859,-1.9685020892601628,-3.218886272082902,6.48919015757365,4.848480411432456,0.3552394408521365,2.037039473550594,7.0,5.0,0.3237482589730581
10-29,0.1769951984608878,1.990055691889521,-1.3333366030738467,-4.119846140547999,0.0,0.49261427022464316,-0.980395915094935,-3.862667619522449,6.953643691168045,4.462470544665087,-0.7220209770479511,4.332125862287707,6.0,6.0,0.6158031669507258
10-30,1.769909786631004,1.8242144226708148,-2.307699361496682,-3.538176187515462,-1.6501634583630127,1.1494280772986827,-1.7647089072715332,-4.989154282261357,4.745766191227714,2.6639367088582855,2.6362055159750923,6.678698341278038,7.0,5.0,0.6015214039192988
10-31,1.769909786631004,1.497506641603493,-2.111326923397255,-5.502845595874987,-1.1475438156682118,0.32840690353701973,-2.5490218994481313,-5.4466229126168395,0.0,1.2295069953377444,5.136989433158225,6.498197400600539,6.0,6.0,-0.02473699884478327
11-01,1.0695176711511585,0.671140295251806,-0.7722000613628688,-9.233787349744755,-0.8196752707634151,0.9852207106110739,-3.7698424337011858,-2.3965066017530785,2.3850062898640343,0.0,3.9383563880827586,6.666672967217489,6.0,6.0,-0.10634144959558182
11-02,0.35906607379059075,0.9983430504438009,-3.2882025877223735,-8.644401650886993,-1.475412360573023,0.4950451032088859,-6.952968545421354,1.2987000923330156,-0.5263194879337452,-0.6147486120423477,3.7671277616546006,8.480565936639614,6.0,6.0,-0.5086004355424438
11-03,1.0695176711511585,-1.011803448843468,-4.046243464965194,-9.233787349744755,-0.48701640505647015,-0.3327783721271951,-6.109983707901415,2.6030446620563947,0.17543425226829654,-1.0245842771549472,2.599655040957998,7.04224701794174,5.0,7.0,-0.7296915317848214
11-04,0.5415114292014733,0.0,-2.119463050127896,-10.317460017109372,0.1612863282630303,2.276420557961508,-6.557370641801303,-0.867678106172516,-3.508777066574667,-0.40733159975668554,0.8818375672323565,4.929572912559213,5.0,7.0,-1.2489543071937381
11-05,2.4647864562795987,-0.6655567442543754,-1.1560682489023788,-5.703416365848308,1.449277810548068,-0.8305679550379141,-5.906313052247389,-0.6507534078599491,-4.056437671581497,-0.6122394364758037,4.835919426873027,3.1690111580737743,4.0,8.0,-0.6385298358694288
11-06,1.9366137324236448,0.16639315309471273,-2.7397233430072667,-5.2930096753775535,0.1626053451506243,-0.9983351163816,-4.887988908631413,-0.6507534078599491,-4.240287180662347,-1.437375221895736,3.424662343778679,2.8168988071766865,5.0,7.0,-0.9783582893492931
11-07,0.0,0.0,-3.55029235195547,-3.0245718065386002,1.4516077180557447,-1.3311134885087952,-3.8696550534640517,0.4291841541071877,-6.04982490233747,-1.8480524579634254,4.4368638730031185,2.9929507851149078,4.0,8.0,-0.8635752942072378
11-08,0.350876870101052,0.49751589990911627,-5.128200063935679,-0.943390794308112,0.6451606948963788,-0.8319419632868726,-4.508192316238396,0.8620681681899441,-6.9395080296154905,-3.5564768199791166,3.9249149118286466,2.9929507851149078,6.0,6.0,-1.0528518881103015
11-09,0.0,0.4966843238520106,-3.55029235195547,-0.7547162342173822,0.8064470231593661,-0.4975079921621575,-4.508192316238396,-0.43103408409492416,-6.9026523876586285,-3.138067195530261,5.460753658199375,2.9929507851149078,4.0,8.0,-0.83546889762763
11-10,1.2237709334229276,0.1655588097323412,-2.3622025071121953,-1.3207489114167947,-0.32626395682112713,-1.3377913620550372,-5.394185534957356,1.2847953276085837,-4.42477868637526,-2.092048122244283,5.621804602039174,4.929572912559213,5.0,7.0,-0.336043041301651
11-11,1.2237709334229276,-0.3338974712504597,-2.5590574093173983,-0.5617927362165324,-0.32626395682112713,-0.8278177326266817,-5.80912288380023,1.7130604368114004,-1.5929145881700846,-2.7368445145456417,5.460753658199375,2.4647864562795987,4.0,8.0,-0.32377831733623774
11-12,1.232389030629485,0.5008302857679626,-1.9685020892601628,0.7393708499300711,0.9803912402207475,-0.8278177326266817,-2.857140076751318,1.7130604368114004,-0.17451574190910119,-2.7368445145456417,0.6980796111671768,2.2887260833207326,7.0,5.0,-0.03433105143711079
11-13,1.9366137324236448,-0.3338974712504597,-2.9820996475860713,2.226343015428043,0.32679708007359703,0.6557370898096079,0.20408629973884054,1.5021394230965632,0.17391702403192935,-2.3060824728355267,-1.9197230915924444,0.35211235089708776,8.0,4.0,-0.013671388980432431
11-14,1.232389030629485,-0.1666704813639323,-2.574250152351827,5.740739579717486,-0.32573259546273337,1.475404543570278,-0.2040765683684544,1.9230700652115402,-2.0869545314622964,-2.521005877919275,-2.12389174395717,0.0,4.0,8.0,0.03075177235359176
11-15,1.9230709914687147,0.0,-0.9765662471182551,5.794391557112213,-0.9771977863882867,-0.8196752707634151,-1.2371122465843774,1.0706678783299468,4.040408175814499,-2.9350076948721826,-0.353981957326182,0.0,4.0,8.0,0.46074978330605626
11-16,0.8833871951527733,1.3311214225710255,-3.386455715933476,1.6822369599072635,-1.1400679671584857,-1.3179558722180145,-1.0288006692203293,0.8602142157562156,3.571429150676809,-2.7253692863886982,-2.4778737012833676,0.0,5.0,7.0,-0.31234452234485705
11-17,2.2927709469430786,0.0,2.1072732011203468,1.1214942775529215,-1.1400679671584857,-0.8196752707634151,1.810858743462078,0.8602142157562156,3.741501067125873,-2.096434067765858,-1.2237792697372036,0.0,6.0,6.0,0.5545129897112958
11-18,0.1757509451893028,0.9900980750178164,2.8735560260389637,2.578266499290672,-1.1400679671584857,0.0,0.6072916894910001,-0.21504842665786417,4.421772513971409,-1.8828383221836906,-0.17300608445841736,0.0,6.0,6.0,0.6863145790450588
11-19,1.213174556200533,0.4950451032088859,2.8735560260389637,1.8552858461900383,0.966182647519657,1.475404543570278,0.8130073421291051,0.2150586812201959,2.9360980555091163,-0.4123707488614652,-2.456146456271605,0.0,9.0,2.0,0.8311912997044754
11-20,1.5597946773899263,0.3300326916726055,3.428568158830915,2.573526930386246,-0.9771977863882867,1.6313197841055633,0.8130073421291051,-0.21597736063741138,2.4305614194381997,1.44329270516804,-1.5597946773898954,0.0,8.0,3.0,0.9547611570587508
11-21,0.8665544350111859,0.821021173761663,4.1587862339905755,0.1869112565033516,-1.1551183551541415,2.4469835655315038,2.032518355322763,0.2150586812201959,5.042012159908908,3.651112263816889,0.0,0.0,9.0,2.0,1.5221533141594075
11-22,0.6944520329984546,1.30718832029433,5.576211605081701,-1.500936676382319,-1.1551183551541415,1.468191695068166,1.2295069953377444,-0.8639300402664769,1.5463943287513695,2.263377170626932,0.17035353048778137,0.0,8.0,3.0,0.8946408839036285
11-23,0.5217427792756454,2.124184916206776,5.273064707880663,-1.500936676382319,-0.9900980750178164,2.5806427795854145,1.832987343129293,-0.6479423807706114,1.5410984629514017,2.263377170626932,2.3850062898640343,0.0,8.0,3.0,1.2819272764457843
11-24,2.068971697413619,2.2801281682393504,5.783580877940795,-1.1257025072867684,-0.9900980750178164,1.7886200294088483,-2.083331263727694,-1.079907400903869,1.5410984629514017,1.8518549406460219,2.5510219804084806,0.0,7.0,4.0,1.048853075839364
11-25,0.6944520329984546,2.9079131934523708,5.783580877940795,-1.1257025072867684,-0.4926064403864161,1.929258675350944,0.0,-1.079907400903869,1.5410984629514017,-1.705755282089844,1.3769350171074566,0.0,6.0,5.0,0.8191055524278771
11-26,2.245252423098699,2.9079131934523708,4.477616454795867,-1.1257025072867684,0.1626053451506243,1.1400602010808358,-2.3157922845137557,-0.8639300402664769,-1.7699097866309725,-2.58064264726859,3.5836183167632125,0.0,6.0,5.0,0.4884240556979204
11-27,2.245252423098699,2.9079131934523708,3.9399632486477687,-2.2727250149756664,0.32467502308322516,-0.16419953684938174,-2.3157922845137557,-0.6465562644740185,-2.6785731771771086,-1.9271980967356568,3.050852580784108,0.0,5.0,6.0,0.20530100786171523
11-28,2.0725368972312976,2.7508026566157273,1.7274501329927199,-0.5639047369019694,-1.8242065149238706,-0.16419953684938174,-4.631574530350535,-0.6465562644740185,-4.947000306658551,-2.58064264726859,3.66666316986084,0.0,4.0,7.0,-0.4283859733938609
11-29,0.0,-0.1666704813639323,2.901355766999475,-4.624272995609515,-1.8242065149238706,1.1494280772986827,-4.852321311805241,-0.21552218037905607,-1.7301020934717943,-1.9189797759028058,3.66666316986084,0.0,3.0,8.0,-0.6345523616081014
11-30,-0.353981957326182,1.475404543570278,-1.5564187895738728,-3.8535608296746124,-2.9850716762138214,2.272725161582763,-7.112067525898455,0.21458696077490486,-1.5789500982368077,-3.411510564179688,5.000003178914373,0.0,4.0,7.0,-0.990736799688427
12-01,0.6980796111671768,-0.4975079921621575,-2.3391790035497877,-4.816955630900114,-3.156147139907745,-0.16638521903248238,-7.391307818191111,0.43010710787809825,-1.0526389758675059,-5.117265846269532,2.8960831279088337,0.0,3.0,8.0,-1.709426481577194
12-02,-2.3049666226663037,0.3273319229046912,-3.1189053380663836,-5.222436691336763,-3.5000006357828775,-1.6666650772094578,-6.034487453992643,0.0,-4.38596505904499,-6.021499510293376,1.213174556200533,0.0,2.0,9.0,-2.559534992440631
12-03,-0.5235638692580755,-0.16366205934805564,-4.873294238264276,-4.615389553047677,-2.163055451795668,-2.680072527173928,-4.721035927736881,0.43010710787809825,-2.9411694340133034,-7.407400096904921,0.5172449796859003,0.0,2.0,9.0,-2.428440922498232
12-04,-0.3490398055835884,-0.16366205934805564,-4.669265645709408,-2.6871375328317484,-0.8319419632868726,-5.0847408313308184,-5.364807042619011,0.43010710787809825,-2.409636279938064,-6.578951633758086,0.1700719164490489,0.0,2.0,9.0,-2.2949169808398753
12-05,-1.2216434804252367,0.3257325954627767,-4.061896229168119,-0.9469642407366483,0.3289470588401375,-4.237288067101817,-3.0042993113079777,0.6437711148821307,-1.9264471590109264,-5.869079886157546,-1.0309268214748615,0.0,3.0,8.0,-1.7500078688498404
12-06,-1.933218495750561,-1.4925318842334314,-2.70792774506017,-1.138518842442054,-0.16447745077834147,-5.423723553419524,-3.2258084363669033,0.8565302184057098,-2.0979085104515445,-6.108596748100095,0.17182523345153372,0.0,2.0,9.0,-1.938696351228782
12-07,-1.933218495750561,-1.4875978993944858,-2.6819990220270284,-1.138518842442054,-1.1513186272987541,-1.3029303818510345,-4.121476176088841,1.279316461567383,3.5836183167632125,-5.20362025120903,-0.6872845476498873,0.0,2.0,9.0,-1.2370857887817568
12-08,0.0,-2.653397045523397,-0.5660326771994293,-0.1897576644787351,-1.3179558722180145,-1.4681839163218477,-2.5369954561350645,2.1097027312509247,4.4368638730031185,-5.656108499654563,-0.5145833653678332,0.0,2.0,9.0,-0.6963706577204034
12-09,0.8561676271995897,-2.4875557763046903,1.6981160254526668,-0.5714325677780877,0.4854325858331698,-0.16312808903741174,1.247400072625968,2.1097027312509247,3.412974087806876,-9.882354736328125,-0.17094408623693885,0.0,6.0,5.0,-0.2888018437930049
12-10,2.910960134455026,0.49751589990911627,2.4528322596700325,-0.5714325677780877,0.3236242958260776,0.6525279136422109,1.4553050414575712,2.1097027312509247,3.412974087806876,-9.882354736328125,-0.8547041290593922,0.0,8.0,3.0,0.20891257757101922
12-11,3.2534255523309166,-1.160857253542992,2.4528322596700325,-0.1883282295592884,2.4271783607896498,-0.6535941601471505,3.534305162500833,2.1097027312509247,2.5817572606665387,-12.04819249421562,-1.8675744653291053,0.0,6.0,5.0,0.0367212270345616
12-12,1.8835638808273079,0.32679708007359703,2.6365323539403316,2.8089904696863894,2.90322312703359,1.7973800446762143,4.3659052109181635,1.902751632663185,2.1996555154004542,-15.517244416747697,0.33955825772281395,0.0,10.0,1.0,0.4705927630161959
12-13,1.8835638808273079,0.8130112188539371,2.2813756116841244,2.4528322596700325,3.225803474481765,1.960782480441495,6.313644652004021,1.0615751662400295,3.5533002295918235,-9.41176694982192,2.037349546336808,0.0,10.0,1.0,1.3476226308591184
12-14,2.8813571787469465,1.147535998665467,0.9652454740281612,1.8867995824706032,3.064509455296606,3.5369742381433706,5.54414758257263,1.4830444477917337,2.1996555154004542,-8.00000359030333,1.5280081118988982,0.0,10.0,1.0,1.353106166225962
12-15,1.398600116091497,-1.1589432467463217,-0.7843129921766155,1.6981160254526668,3.3761988487678702,2.755268625475562,4.526754341253864,1.4830444477917337,1.6920458073506683,-7.294116300695083,1.360542893691119,0.0,8.0,3.0,0.7544332138547466
12-16,3.045682453231215,-2.163055451795668,-1.372552411183234,0.572514013007099,3.685890235138804,3.241495682807617,4.11523211127299,1.2711852848854823,3.384091614701352,-6.5420495150800075,0.34364227382498946,0.0,8.0,3.0,0.7985063575675532
12-17,3.722500776171488,-0.3327783721271951,-1.372552411183234,0.572514013007099,3.685890235138804,4.376012602720909,4.320988320531481,1.0593160194965792,3.384091614701352,-6.5420495150800075,-1.0309268214748615,0.0,7.0,4.0,0.9869172051585343
12-18,3.722500776171488,-0.6655567442543754,-1.372552411183234,0.1890312309411612,1.6181214791303737,1.1272169280414963,5.144032780493319,1.0593160194965792,1.3816912648208648,-1.839078746205445,0.0,0.0,7.0,4.0,0.8637268814543523
12-19,2.538064676870591,-0.4983423571993353,0.0,1.1257025072867517,1.4610337334430392,1.2882435300262283,2.674899400607842,0.8492560834195725,3.050852580784108,-0.6833760984226478,0.3418800214111963,0.0,8.0,3.0,1.0123511731856123
12-20,0.6896544920278432,1.1437858845290638,-2.1526351037802165,2.777779494783976,-0.32467502308325397,1.2882435300262283,2.2727299596383155,0.21276069043588397,0.6779654441774726,3.8461555058724333,0.0,0.0,8.0,3.0,0.8693137395523122
12-21,1.2006808874831143,0.6589779361090219,-1.1450462259065275,1.6666694629339032,-0.32467502308325397,-0.8223715684586019,1.0460290489583053,-0.6369370005991342,0.6837600428224078,6.108596748100095,-0.6837600428224533,0.0,6.0,5.0,0.6459936887947396
12-22,-0.6896544920278892,0.0,-0.9505648616356421,1.1111100318500562,-0.32467502308325397,-2.85235025513188,-2.997855764419984,0.21096524319702226,-1.0256400642336345,8.144799260190398,-0.5119408240218165,0.0,3.0,8.0,0.009516104223614605
12-23,1.0169481662661637,-0.9852207106110592,0.0,1.1111100318500562,-1.4778271509974608,-0.9900980750178164,-3.3684178402549154,0.6329057894472109,-1.0256400642336345,7.0938203866767555,0.3384091614701066,0.0,5.0,6.0,0.1954991412162839
12-24,3.9087911455531468,-0.16419953684938174,1.5209200962377005,1.2938945803797306,-1.9736823530408398,-3.66666316986084,-4.282651092028549,0.4219405462501886,-0.1694873200515297,8.764042319138873,0.0,0.0,5.0,6.0,0.4710754346440417
12-26,6.840392270795687,-0.49422952426340067,1.1450371259603627,3.2846683889073405,-1.800321673871657,-2.4916959442306466,-4.068523642749912,0.6315833643863076,0.33726781628115093,8.008655729962364,0.3389827220887363,0.0,7.0,4.0,0.9776513861055278
12-27,6.688422782952285,0.16366986355667915,2.2641576995792856,4.727276888760653,-2.127653596776377,-2.4916959442306466,-6.578951633758086,0.4219405462501886,0.505054032312395,8.154498928037253,1.3559308883548848,0.0,8.0,3.0,1.0902208712532093
12-28,5.921054901838992,0.657894117680275,3.773590168014016,3.818182511763139,-1.1456578280622018,0.32310146593915234,-8.000002966986743,0.4219405462501886,-0.5208286767206454,6.65235950494067,1.3559308883548848,0.0,8.0,3.0,1.1047970527509772
12-29,1.990055691889521,2.593190363592579,2.26842885490395,3.090910478071733,-0.980391240220733,1.1217900223043646,-8.724840304881353,0.8421044600637336,-2.430553141015659,5.7939911967262,1.8549689689967892,0.0,8.0,3.0,0.6183046125359272
12-30,1.8612463539303328,4.444447640178375,3.4026432823559425,3.4420300340031544,-0.8156560026796081,-1.6366596145236156,-8.035717231734681,1.0526355944181742,-2.430553141015659,7.1881638735064755,2.8380568606441217,0.0,7.0,4.0,0.9425531374235842
12-31,4.2692975758194684,2.8571476147016472,0.945183196510814,3.616641564453507,-0.9836056347144337,0.32786854490479667,-9.885064703515255,0.8421044600637336,-2.430553141015659,7.578950179250599,2.3372265748761887,0.0,8.0,3.0,0.7895996859446172
