,2009,2010,2011,2012,2013,2014,2015,2016,2017,2018,2019,2020,ups,downs,end_day_sum,avg
01-02,-0.006552934646606445,-0.09829854965209961,0.19003915786743164,0.18186092376708984,0.5446910858154261,-1.1186256408691406,2.576335906982422,-1.939975738525387,0.5429534912109304,2.676725387573242,-2.0766563415527415,0.048740386962890625,7.0,5.0,01-17,0.1267697612444548
01-03,0.02621293067932129,-0.09829854965209961,0.16289186477661222,0.26187896728515625,0.7134780883789098,-0.6871643066406179,2.8470916748046946,-1.939975738525387,0.3502998352050781,2.958003997802738,-0.06577301025389914,-0.1072235107421875,7.0,5.0,01-18,0.36845185359319327
01-04,0.02621293067932129,-0.09829854965209961,0.08823251724243253,0.6692476272583008,0.7211513519287109,0.03195571899414773,2.8470916748046946,-0.927810668945309,-0.280231475830071,3.7474098205566406,-1.766559600830071,0.009746551513671875,8.0,4.0,01-19,0.42234565814336417
01-05,-0.13106727600097656,-0.15727901458740234,0.12216806411743253,0.931126594543457,0.9819908142089844,0.03195571899414773,2.198905944824226,-2.2604808807373047,0.6743125915527273,0.9436550140380859,-0.8926811218261648,0.009746551513671875,8.0,4.0,01-20,0.204362750053407
01-06,-0.4325203895568852,0.013106822967528409,0.040723323822020596,0.9674992561340323,0.9819908142089844,-0.031955718994140625,4.266551971435547,-2.589433670043949,0.49040985107422586,1.9145374298095703,-0.8926811218261648,0.6238632202148438,8.0,4.0,01-21,0.44600764910380103
01-07,-0.18349361419677734,-0.032765865325927734,0.05429553985595703,1.0475187301635733,1.1354236602783203,0.23969650268554688,2.2727584838867188,-1.9652748107910156,0.9370307922363352,2.350069046020508,-1.0336341857910156,1.3354606628417969,8.0,4.0,01-22,0.5130904118220017
01-08,-0.12451553344726607,-0.032765865325927734,-0.02036142349243253,1.1711831092834464,1.4883155822753906,0.09586715698241477,1.4932937622070312,-1.0543346405029297,0.770652770996108,1.5788192749023438,-0.2537078857421875,2.8171463012695312,7.0,5.0,01-23,0.6607993841171269
01-09,-0.09830164909362793,-0.05897808074951261,-0.02036142349243253,1.1348114013671857,1.5573711395263672,0.43148040771484375,1.5343132019042969,-1.248331069946289,0.963298797607429,2.077865600585934,-0.6577568054199219,2.3102569580078125,7.0,5.0,01-24,0.6604723731676737
01-10,-0.07208728790283203,-0.13106584548950284,-0.25790882110595703,1.0984392166137686,2.1020641326904332,0.407501220703125,0.8040695190429616,-1.4844970703125,0.227691650390625,1.678619384765625,-0.20672607421875,2.65142822265625,7.0,5.0,01-25,0.5681273539861039
01-11,-0.36043334007263184,-0.21625757217407315,-0.21718788146972745,0.9238553047180176,1.9179382324218786,2.357105255126946,1.2799644470214773,-0.5988597869873047,-0.061305999755859375,0.3810939788818324,0.5168190002441406,2.407733917236328,7.0,5.0,01-26,0.6942054629325853
01-12,-0.22936749458312988,-0.032765865325927734,-0.11537981033325195,0.9311261177062988,1.449960708618164,1.1585807800292898,0.9435539245605398,-0.4892101287841797,1.2610511779785156,0.390161514282223,0.5825920104980469,2.6416778564453125,8.0,4.0,01-27,0.7076650659243251
01-13,-0.24247360229492188,-0.13762140274047852,-0.027148723602294922,0.8511080741882324,0.9129371643066371,-3.116142272949226,1.255359649658196,0.45547485351562855,1.453704833984368,0.680521011352532,-0.037586212158203125,1.8521041870117188,7.0,5.0,01-28,0.32501979668934905
01-14,-0.15728020668029785,-0.1638340950012207,0.0,0.4437394142150879,0.6290855407714808,-3.603546142578125,0.44307708740234375,-0.6663379669189453,1.5587997436523366,0.8982830047607351,0.0,-0.35092926025391336,5.0,7.0,01-29,-0.08074524005254317
01-15,-0.03276658058166504,-0.10485363006591797,-0.027148723602294922,0.5092101097106925,-0.6367511749267578,-3.8272666931152415,0.7958793640136719,0.6072921752929688,1.0683937072753835,0.680521011352532,-0.9678497314453125,-0.321685791015625,5.0,7.0,01-30,-0.18808549642563052
01-16,0.1638340950012207,-0.10485363006591797,-0.05429697036743253,0.37099742889404297,-0.1764545440673828,-5.07373046875,-0.3446044921875,1.2145862579345739,1.4537124633788991,1.2249374389648402,-1.926311492919929,-1.6376495361328125,5.0,7.0,01-31,-0.40748612085978314
01-17,0.13106727600097656,-0.07208728790283203,-0.006788730621338779,0.37099742889404297,-0.8285465240478516,-5.481224060058594,0.3446083068847656,1.5519714355468786,1.1296920776367188,0.1542510986328054,-1.5692367553710938,-1.627899169921875,6.0,6.0,02-01,-0.49193290869394973
01-18,0.18349361419677734,-0.26868581771850586,0.0,0.1673116683959961,-0.8899173736572266,-6.088462829589844,0.6728057861328125,2.7243881225585973,0.9545402526855469,-0.816625595092777,-1.7853622436523438,-2.534454345703125,5.0,7.0,02-02,-0.640080730120341
01-19,0.22936630249023482,-0.23591995239257812,0.0678725242614755,0.18186235427856445,-1.2504940032958984,-6.479988098144524,0.35280609130859375,2.024309158325199,0.8669586181640554,-0.04537582397461293,-0.5544090270996094,-2.193279266357422,6.0,6.0,02-03,-0.5863575935363768
01-20,0.22936630249023482,-0.20315265655517578,0.0678725242614755,0.2182340621948251,-1.0970630645751953,-7.207084655761719,0.42665863037109375,1.7544059753418004,0.6743125915527344,-0.2631416320800781,-0.4228553771972656,-2.5539512634277344,6.0,6.0,02-04,-0.698033213615417
01-21,0.03931999206543013,-0.12451171875,0.305419921875,0.10911703109741211,-1.1354179382324183,-9.316476821899414,1.632781982421875,1.6278858184814453,1.1559638977050781,0.190546035766598,0.05637359619140625,-1.8521003723144531,8.0,4.0,02-05,-0.60925821463267
01-22,0.32766604423522994,-0.03931999206542969,0.21718788146972745,0.37827014923095703,-2.247821807861328,-9.324481964111328,1.3948211669921946,0.74224853515625,1.75146484375,0.20869255065917613,0.2818946838378906,-0.8090782165527415,8.0,4.0,02-06,-0.5932046771049501
01-23,0.19660019874572798,-0.19659948348999023,0.19003915786743253,0.37827014923095703,-2.125076293945316,-8.613361358642578,1.731231689453132,0.7169437408447266,3.310253143310547,-0.9799518585205114,0.5919837951660156,-0.31192779541015625,7.0,5.0,02-07,-0.42596624294916774
01-24,0.17693877220153853,-0.28179407119750977,0.29184436798095703,0.5455813407897949,-1.718475341796875,-4.3386383056640625,1.0994453430175852,0.9446792602539027,2.9249420166015625,0.6351528167724716,0.5450019836425852,0.4776458740234375,9.0,3.0,02-08,0.10852700471878234
01-25,0.11140632629394531,-0.3407740592956543,0.07465744018554688,0.6910738945007324,-1.4346237182617188,-4.63427734375,1.2717475891113281,1.6110153198242223,1.9441184997558594,0.09074592590332387,0.5074157714843821,1.2184906005859375,9.0,3.0,02-09,0.09258302052815874
01-26,0.11140632629394531,-0.09174680709838956,0.013573646545409268,0.661973476409913,-0.7134780883789062,-4.386589050292969,1.3948173522949219,0.7759895324706996,2.040443420410149,0.308507919311527,0.977245330810554,1.325714111328118,9.0,3.0,02-10,0.20148809750874772
01-27,0.13106727600097656,-0.10485267639160156,0.14252758026122958,0.8001861572265625,-1.012670516967777,-3.2759552001953125,0.7712478637695384,0.44703674316406605,1.6551246643066335,-0.23590850830078125,0.2912940979003906,1.4329414367675781,8.0,4.0,02-11,0.08683657646179192
01-28,0.15728068351745605,-0.19659852981567383,0.09501934051513583,0.8001861572265625,-0.7058048248291016,-3.8592376708984446,1.3538093566894531,0.5398197174072301,1.979145050048814,-0.5716361999511683,0.3570709228515625,1.764373779296875,8.0,4.0,02-12,0.14278564850489173
01-29,0.08519315719604492,0.0,0.08823060989379705,0.9020285606384286,-0.7825164794921875,-1.9975433349609375,1.5917549133300781,-0.6325969696044886,2.3907394409179688,-0.6351528167724609,0.4510383605957031,2.358989715576172,7.0,5.0,02-13,0.3183470964431765
01-30,0.03932046890258745,-0.032765865325927734,0.027147293090819424,1.0475168228149405,-0.4909954071044922,-0.8948936462402415,1.9117546081542969,0.0674819946289098,2.8899078369140554,-1.007171630859368,0.5544090270996094,1.2574806213378906,8.0,4.0,02-14,0.44743267695109007
01-31,0.03932046890258745,-0.032765865325927734,-0.0678725242614755,0.9384012222290039,-0.5895881652832031,-0.16779708862304688,1.8379020690917969,0.0674819946289098,2.802337646484375,-0.7621803283691371,0.3476715087890554,1.6181526184082031,7.0,5.0,02-15,0.5025886297225951
02-01,0.03932046890258745,0.03276491165161133,-0.03393602371215909,0.7856369018554688,-0.5512332916259801,1.9415950775146484,1.8379020690917969,0.05904960632324219,3.7306175231933594,-0.11796188354492188,-0.13155746459961648,0.9163017272949219,8.0,4.0,02-16,0.7090416351954132
02-02,-0.006552457809448686,0.06553173065185547,-0.04751110076904297,0.6787586212158203,0.5611705780029297,1.9415950775146484,2.4614715576171875,1.1049461364746094,3.0203781127929688,-0.1361083984375,-0.35707855224610086,0.9163017272949219,8.0,4.0,02-17,0.8502419193585707
02-03,0.006553649902343306,0.06553220748901278,0.08268880844116122,0.6787586212158203,0.5611705780029297,2.668691635131836,1.6573829650878906,2.083358764648441,1.4615898132324219,1.134204864501946,-0.35707855224610086,1.4036979675292969,11.0,1.0,02-18,0.9538792769114166
02-04,-0.1638333797454843,0.2031540870666504,-0.01911640167236328,0.6569347381591797,0.4123268127441406,2.413013458251946,-1.0502166748046946,1.7535037994384801,1.3302230834960938,1.134204864501946,-0.5276451110839844,2.6221885681152415,8.0,4.0,02-19,0.7303948203722627
02-05,-0.03276658058166504,0.2621340751647949,0.06911516189575195,0.6569347381591797,-0.2629432678222656,3.9631004333496094,-1.4124565124511719,1.0871677398681605,1.3302230834960938,1.5099449157714844,-0.5423812866210938,0.5751228332519531,8.0,4.0,02-20,0.6002662777900692
02-06,-0.03276658058166504,0.052427291870118076,0.06911516189575195,0.48728418350219727,-0.10119056701659801,1.2191390991210938,-1.5355262756347656,1.3823795318603516,1.021331787109375,0.424560546875,1.2524223327636648,0.31193923950196023,9.0,3.0,02-21,0.3792596459388737
02-07,-0.1638338565826416,-0.026212215423583096,0.11720609664917081,0.2911777496337882,-0.09184646606444957,0.1085052490234375,-0.6001663208007884,1.9269771575927734,0.8508605957031321,-0.17439842224120738,1.2466201782226634,0.2047119140625,7.0,5.0,02-22,0.30746680498123297
02-08,-0.1638338565826416,-0.026212215423583096,0.0828561782836914,0.24743223190307706,-0.398712158203125,0.7077674865722727,-0.07168197631836648,1.9014415740966797,0.5477294921875071,1.0594406127929723,1.1808433532714915,-0.24369430541992188,7.0,5.0,02-23,0.4019480347633378
02-09,-0.4259681701660152,-0.04587554931640625,-0.06017160415649325,0.10870933532714755,-0.5674934387207031,5.435020446777351,-0.23682785034180398,2.7059383392333984,4.1075782775878835,1.122957229614265,0.9929122924804759,-0.6861534118652344,6.0,6.0,02-24,1.037552158037822
02-10,-0.13106870651245117,0.09829807281494052,-0.10900735855102539,-0.036778926849364346,-1.061021804809572,4.759689331054695,-0.5074844360351562,1.7141685485839808,3.608409881591797,1.5040473937988352,0.4906883239746165,-0.41085052490233664,6.0,6.0,02-25,0.8265908161799133
02-11,-0.11795997619628906,0.032767295837401456,-0.013987541198730469,-0.0440526008605957,-0.8730106353759766,5.358024597167976,-1.4452247619628906,1.8076915740966797,2.995403289794922,1.265777587890618,0.4717369079589844,-0.8345680236816406,6.0,6.0,02-26,0.716883142789205
02-12,-0.07864046096801758,0.006553649902342862,-0.047924041748046875,0.11084794998169123,-0.5718612670898438,4.5182647705078125,-2.2504653930664062,0.9220542907714808,2.7482872009277344,1.357421875,-0.8427352905273438,-0.40853118896484375,6.0,6.0,02-27,0.45527267456054665
02-13,-0.09174656867980957,0.0,0.020775318145751065,-0.036678314208984375,-0.6502037048339844,3.4374427795410227,-2.8330116271972656,0.3063278198242152,3.0571823120117188,2.1059932708740305,-1.0328788757324148,-1.1515693664550781,5.0,7.0,02-28,0.26096942027410014
02-14,0.07864046096801802,-0.013106346130370206,0.06886625289916992,0.10326623916625977,-0.509185791015625,3.285625457763686,-0.3633460998535156,0.8083629608154297,3.715503692626953,0.4582252502441406,-0.7201766967773438,-2.7599754333496094,7.0,5.0,02-29,0.3460583289464328
02-15,0.08519387245178267,0.24247312545776456,0.041220664978026456,-0.036877632141111505,-0.5013542175292969,2.222942352294929,0.6936264038085938,0.5020370483398438,3.9273147583007812,-0.6873302459716797,-1.2034568786621094,-1.4440040588378906,7.0,5.0,03-01,0.3201487660408027
02-16,0.07864046096801802,0.17694091796875,-0.12366151809692383,0.13277292251587092,-0.5326843261718786,2.8741378784179688,0.5119590759277344,0.995569229125973,4.4833221435546875,-1.0355777740478587,-2.3311004638671875,-2.65338134765625,7.0,5.0,03-02,0.21474476655324196
02-17,0.22936820983886763,0.14417362213134766,-0.13740015029907404,0.11064481735229759,-0.8303766250610387,3.1716041564941335,1.089996337890625,1.4976139068603516,5.012840270996087,-0.10997390747070668,-2.5679969787597656,-3.744770050048828,7.0,5.0,03-03,0.32214363416035807
02-18,0.07863926887512207,0.1376185417175293,-0.10305023193359464,0.11802005767822354,-0.5091896057128942,2.6570701599121094,0.6275787353515625,0.7232761383056605,5.710052490234375,0.027484893798824572,-3.0986557006835938,-3.213825225830078,8.0,4.0,03-04,0.26291829347610385
02-19,0.1638338565826416,0.1376185417175293,-0.061828136444092685,0.11802005767822354,-0.6737003326416069,6.841651916503913,-0.5037078857421875,0.7488117218017543,5.215827941894531,0.357416152954098,-4.444244384765625,-3.2250175476074148,7.0,5.0,03-05,0.3895568251609804
02-20,0.4259681701660152,0.19660043716430664,-0.061828136444092685,0.19178009033203036,-0.06266784667969105,-5.5151329040527415,-0.33856201171875,0.38291549682616477,5.056972503662109,1.7504062652587926,-4.046249389648445,-1.3470344543457031,6.0,6.0,03-06,-0.280569314956667
02-21,0.13762187957763672,0.19660043716430664,0.1717529296875,0.22866058349609286,3.5956974029541033,-4.839801788330085,-0.3550834655761719,-0.9955711364746094,4.271507263183594,0.8889503479003906,-2.8333282470703196,-1.6223373413086009,7.0,5.0,03-07,-0.09627759456634692
02-22,0.10485434532165527,0.24902725219726562,0.07557201385498136,0.19177818298339844,3.407686233520508,-5.989456176757827,-0.12386322021484375,-3.514266967773441,-0.19415664672851562,5.810253143310554,-2.8143768310546875,-1.0913887023925781,6.0,6.0,03-08,-0.32402811447779417
02-23,0.13762187957763672,0.16383314132690519,0.25419044494628906,0.14752101898193182,3.3136749267578125,-7.6857872009277415,0.4376487731933594,-2.688886642456051,0.2029876708984446,5.718608856201172,-1.81939697265625,-1.8878059387207031,8.0,4.0,03-09,-0.3088158369064329
02-24,0.24247336387634233,0.22936820983886808,0.041219711303711826,0.2950472831726074,3.5251903533935547,-7.742073059082038,0.39636993408203125,-2.5357227325439453,-0.10590744018553977,5.260391235351555,-3.003894805908203,-0.9144058227539062,7.0,5.0,03-10,-0.3593286474545801
02-25,0.24902677536010698,0.09174585342407227,-0.006871223449707031,0.16965198516845703,3.7132015228271484,-6.704967498779293,-0.8835639953613352,-3.199432373046875,-1.4385490417480398,5.242057800292962,-7.978794097900391,-3.873943328857422,5.0,7.0,03-11,-1.218369801839193
02-26,0.4128594398498535,-0.1638336181640625,0.03434944152832031,0.20653152465820312,3.9717159271240234,-6.809494018554691,-1.1725807189941406,-2.893106460571289,-1.6856651306152344,4.463085174560547,-6.415252685546875,-3.392162322998047,5.0,7.0,03-12,-1.120296120643616
02-27,0.41941285133361816,-0.09830141067504794,-0.08243989944458008,1.5711164474487305,3.8698673248291016,-7.951105117797852,-0.9909133911132812,-3.3866386413574183,-0.9531478881835938,4.6921958923339915,-5.353946685791016,-3.9919395446777273,4.0,8.0,03-13,-1.021320005257923
02-28,0.26868510246276855,-0.12451362609863192,0.006870269775390625,1.3277015686035156,4.15189266204834,-8.248571395874016,-1.5689506530761719,-3.48874473571777,-1.4561958312988281,5.104593276977539,-4.510578155517578,-2.900550842285149,5.0,7.0,03-14,-0.9531968633333827
02-29,0.0,0.0,0.0,0.7449846267700178,0.0,0.0,0.0,-2.9101257324218786,0.0,0.0,0.0,-3.431495666503899,1.0,2.0,03-15,-0.4663863976796467
03-01,0.26213073730468794,-0.11796140670776278,0.0,0.6417217254638654,3.8307056427001953,-7.734037399291992,0.3963737487792969,-3.0717926025390625,-1.5709228515625,4.481420516967773,-3.97991943359375,-7.128456115722656,5.0,7.0,03-16,-1.1658947865168254
03-02,0.15727853775024458,-0.39975452423095703,-0.054961204528807706,0.5679616928100586,3.995216369628908,-8.481708526611328,0.5697708129882884,-2.9101276397705043,-0.9972724914550781,4.1514892578125,-2.6343307495117188,-4.690032958984375,5.0,7.0,03-17,-0.8938726186752307
03-03,0.052427053451538086,-0.30800437927246094,-0.07557106018066406,0.5310811996459961,3.9482116699218768,-8.891725540161133,1.4616012573242188,-1.8124465942382848,-0.8384170532226562,2.7584991455078054,-1.355072021484375,-5.820751190185554,5.0,7.0,03-18,-0.8625139594078077
03-04,0.1638317108154297,-0.40630483627319425,-0.30915212631225675,0.6195926666259783,3.8698749542236346,-10.18609619140626,0.19817733764648438,0.7062492370605469,-0.052951812744140625,2.3919181823730398,-1.5161590576171804,-4.522880554199219,6.0,6.0,03-19,-0.7536583741505948
03-05,-0.0327672958374019,-0.45873165130615323,-0.2129712104797381,0.5458335876464844,2.9219894409179723,-1.54357719421386,-1.2303848266601562,0.4424705505371058,-0.9090232849121094,2.8867950439453054,-2.1700057983398366,-10.245315551757812,4.0,8.0,03-20,-0.8338073492050166
03-06,-0.06553483009338334,-0.45873165130615323,-0.206101894378663,0.7154855728149414,-0.5953655242919922,-0.2813949584960902,-1.7918968200683594,1.0891666412353516,-1.0060997009277344,2.731006622314446,-2.331096649169922,-11.21871566772461,3.0,9.0,03-21,-1.118273238341014
03-07,-0.1638338565826407,-0.6487789154052734,-0.27480268478393644,0.7966213226318359,-0.46219635009765625,-0.22510910034179332,-1.3790206909179688,0.9955692291259766,-1.041412353515632,-2.410247802734375,-2.056285858154297,-7.9248809814453125,2.0,10.0,03-22,-1.232864836851756
03-08,-0.2228138446807857,-0.6749930381774902,-0.2679324150085449,1.1801815032958967,-0.65020751953125,-1.1335792541503906,-1.2303886413574219,1.1232070922851598,-2.6741065979003906,-2.6576919555664062,2.9186134338378906,-6.164890289306641,3.0,9.0,03-23,-0.8712167938550311
03-09,-0.21625995635986284,-0.7339730262756348,-0.18549013137817383,-0.18440341949463068,-0.8852176666259766,-1.6641864776611364,-0.7514533996582031,1.5741939544677699,-2.1269264221191406,-1.8787193298339915,1.6203994750976562,-7.256278991699219,2.0,10.0,03-24,-1.057359615961712
03-10,-0.1638338565826407,-0.5504779815673828,-0.03435087203979492,0.03688049316405895,-1.2690677642822266,-2.1224346160888707,0.31378936767579546,1.6763000488281214,-2.8594436645507812,-1.5579681396484375,1.7056770324707031,-6.204216003417969,4.0,8.0,03-25,-0.9190954963366188
03-11,-0.3342199325561519,-0.5832467079162598,-0.12366104125976562,-0.2212848663330096,-0.3995151519775355,-1.1416282653808665,-0.6110610961914062,1.0976810455322301,-2.4534683227539062,-2.0620079040527415,2.1320953369140625,-1.641998291015632,2.0,10.0,03-26,-0.5285262664159153
03-12,-0.2293648719787602,-0.5897989273071289,-0.054959774017333984,-0.14752197265625355,-0.10967254638671875,-0.60296630859375,-2.6919898986816406,0.8594226837158203,-2.2063522338867116,-2.2911109924316335,1.8383522033691335,1.052062988281257,3.0,9.0,03-27,-0.43115830421447665
03-13,-0.12451267242431685,-0.3276658058166504,-0.03434944152832031,0.33193016052246094,-0.23501014709472656,-0.7316074371337891,-2.865386962890632,0.7488021850585902,-2.0475006103515625,-1.3838348388671875,1.3171615600585938,-1.3863601684570241,3.0,9.0,03-28,-0.5615278482437137
03-14,0.06553339958190918,-0.2883458137512207,-0.03434944152832031,0.31717586517333984,-0.1880054473876953,-0.3215904235839844,-3.1048622131347656,0.910476684570309,-2.2328414916992188,-1.5029678344726634,0.4832763671875,-0.08848953247069602,4.0,8.0,03-29,-0.4987491567929589
03-15,0.09829974174499512,-0.5504789352416992,-0.01374053955078125,0.1917819976806623,-0.10966873168945312,-0.7155284881591761,-4.442588806152344,0.9700431823730504,-2.073982238769524,-1.1363868713378977,0.6443634033203054,2.11395263671875,5.0,7.0,03-30,-0.418661137421926
03-16,-0.019658803939819336,-0.6684408187866202,0.006869316101075107,0.26554107666015625,0.5170326232910156,-1.0371055603027308,-4.863727569580078,1.3104114532470703,-1.8621635437011719,-1.6312637329101634,1.591968536376946,0.4522857666015625,6.0,6.0,03-31,-0.4948542714118965
03-17,-0.19004607200622559,-0.557034969329834,0.03434944152832031,0.16965198516845703,0.9165534973144531,-0.9727878570556605,-1.9570465087890625,0.7743339538574183,-1.7650871276855469,-1.5121307373046946,1.1750259399413991,-0.5997734069824219,5.0,7.0,04-01,-0.37366598844528315
03-18,0.19004702568054155,-0.3669877052307138,0.10305023193359375,0.4573202133178693,2.154285430908203,-1.6641960144042969,0.47893524169921875,0.8679313659667933,-1.235553741455071,-1.0264167785644531,1.089740753173821,7.010467529296875,8.0,4.0,04-02,0.6715519626935317
03-19,0.25558042526245117,-0.340773582458497,0.027480602264404297,0.5753383636474627,2.271791458129883,-0.33765411376953125,0.3303031921386719,0.502038955688473,-1.1120033264160085,-1.3929977416992188,0.23690414428710938,4.286907196044922,8.0,4.0,04-03,0.44190963109334347
03-20,0.24902653694152832,-0.34732866287231534,0.04809141159057617,0.4794502258300781,1.958444595336914,0.5145320892333984,-0.14863204956054688,0.5360736846923793,-0.5559959411620952,-1.5304641723632812,0.8623161315917969,5.3782958984375,8.0,4.0,04-04,0.620317478974661
03-21,0.1966004371643062,-0.3145604133605966,0.006871700286865234,-0.08113765716552557,1.175064086914066,0.9727802276611328,0.24773025512694602,0.2808017730712855,-0.33536529541016336,-0.879772186279304,0.5401382446289062,4.100093841552734,8.0,4.0,04-05,0.4924370845158877
03-22,0.1966004371643062,-0.34732866287231534,0.12366199493408114,0.17702770233154297,0.305511474609375,0.45022583007812855,1.3129692077636648,0.0,-0.10590362548828125,0.623180389404304,0.11371994018554688,4.532718658447266,9.0,3.0,04-06,0.6151986122131349
03-23,0.04587411880493164,-0.3800950050354013,0.08931207656860263,0.10326480865478693,0.1253433227539098,0.6994514465332067,0.8587951660156179,-0.19570922851562145,-0.8560714721679688,0.852283477783196,-0.795978546142571,4.050930023193359,8.0,4.0,04-07,0.38311668237050406
03-24,0.0327672958374019,-0.28179407119750977,0.0,0.2065296173095703,0.6580390930175781,-0.08842468261718395,0.6771278381347656,-0.22974777221679332,-1.014923095703118,0.3024253845214844,-0.11370849609373579,0.9832344055175781,6.0,6.0,04-08,0.09429379304250314
03-25,-0.10485315322875977,-0.3014526367187491,0.0,0.036879539489746094,0.642364501953125,-1.3988761901855469,0.9165992736816406,-0.22123908996582387,-0.9619712829589773,0.17412948608398438,0.3885154724121165,2.585906982421868,6.0,6.0,04-09,0.14633357524871862
03-26,-0.1376194953918457,-0.039319515228270596,0.0,-0.029503822326660156,1.0497245788574254,-0.016077041625976562,2.4194717407226562,-0.22123908996582387,-0.9707946777343679,-0.18328857421875,-0.43589019775390625,0.3834648132324219,3.0,9.0,04-10,0.15157739321390853
03-27,-0.01966094970703125,0.07208681106567383,-0.027480125427245206,0.22865772247314453,0.9948902130126953,0.06431770324707031,2.8406105041503906,-0.07658767700195668,-0.3618431091308594,0.30242156982422586,-1.6772499084472656,2.0451316833496094,7.0,5.0,04-11,0.365441203117371
03-28,-0.04587292671203613,0.4390730857849112,0.006868839263916016,0.03688240051269531,-0.007837295532226562,0.0,1.8001556396484375,0.03403663635253551,-0.30888748168946023,0.3940696716308594,-0.9096908569335938,0.3637962341308594,7.0,5.0,04-12,0.15021616220474146
03-29,-0.03932046890258745,0.5046048164367667,0.0,0.0,0.2271747589111328,-0.3215789794921875,1.4450759887695312,-0.45949554443359375,0.9707984924316406,0.274932861328125,-0.8244056701660156,-0.27530670166014914,5.0,7.0,04-13,0.1252066294352219
03-30,-0.03932046890258745,0.39320087432861417,-0.03434944152832031,-0.1180181503295934,0.2271747589111328,-1.262210845947262,1.8497047424316406,-0.2042217254638672,0.8472480773925781,0.8706207275390625,-0.5211753845214844,1.8681449890136719,6.0,6.0,04-14,0.32306651274363213
03-31,-0.19004702568054155,0.30800533294677823,-0.0893096923828125,-0.21390914916992365,0.3916854858398473,-1.7365303039550781,0.8505401611328125,-0.05956459045410156,0.29124069213866477,0.8706207275390625,-0.4264183044433594,-0.33429718017578125,5.0,7.0,04-15,-0.028165320555369393
04-01,-0.1966004371643062,0.3538804054260263,-0.04808998107910156,-0.15490150451660334,0.10967063903808594,-2.009889602661133,-0.01651763916015625,0.1957073211669922,1.5532760620117188,1.4479827880859375,-0.7391242980957031,1.0520591735839844,6.0,6.0,04-16,0.1289544105529785
04-02,-0.1966004371643062,0.3538804054260263,-0.10305118560790927,0.1106414794921875,-1.1437301635742188,-1.905374526977539,-0.11561203002929688,0.1871967315673828,0.6707344055175781,1.58544921875,-0.7201805114746094,-1.258544921875,5.0,7.0,04-17,-0.21126596132914208
04-03,-0.04587411880493164,0.3538804054260263,-0.10305118560790927,-0.03688144683837713,0.26634407043456676,-2.154600143432617,0.22294998168945312,0.0,0.1764984130859375,1.8878707885742259,-0.312713623046875,-0.7767562866210938,5.0,7.0,04-18,-0.04352776209513287
04-04,-0.0327672958374019,0.29490089416504084,-0.15114307403564364,0.06638526916503729,-0.9008865356445348,-1.3667240142822266,0.22294998168945312,-0.017021179199215197,0.5383453369140625,1.8420562744140625,-0.9949836730957102,-0.4621238708496094,5.0,7.0,04-19,-0.08008432388305713
04-05,-0.12451338768005371,0.19004726409912198,-0.10305118560790927,0.272915840148924,-0.8852119445800817,-0.10451889038085938,0.6358337402343821,-0.4765148162841797,1.3855972290038991,1.7870635986328125,-1.4972076416015625,0.6292724609375,6.0,6.0,04-20,0.14247602224349945
04-06,0.0,0.1900482177734384,-0.027480125427245206,0.13277149200439275,-1.1515674591064524,-0.11255455017089844,-0.9578819274902344,-0.8253860473632848,1.2708663940429616,2.144481658935547,-0.7580833435058594,2.408924102783203,5.0,7.0,04-21,0.19284486770629736
04-07,-0.0262143611907959,0.21625804901122958,0.0,0.13277149200439275,-1.2690715789794957,0.36178016662597656,-0.3798522949218679,-0.9530239105224574,0.6619148254394531,2.2636184692382812,-0.5969924926757812,1.9959678649902344,6.0,6.0,04-22,0.20059635241826412
04-08,0.0,-0.14417457580566406,-0.03434896469116122,0.1032676696777326,-0.9400558471679723,0.4421710968017578,-1.0156898498535156,-1.0636482238769496,0.37067413330078125,2.291107177734375,-0.18004226684570312,2.6744003295898366,5.0,7.0,04-23,0.20863838990529313
04-09,-0.1638333797454843,-0.20970630645751953,-0.027480125427245206,-0.26554012298583984,-1.7860984802246094,0.7959156036376989,0.23122024536132812,-0.6296787261962855,0.30888748168946023,2.5660438537597656,-0.3600883483886719,1.1208877563476562,5.0,7.0,04-24,0.13171078761418778
04-10,-0.1638333797454843,-0.11140775680541992,-0.04808998107910156,0.2802915573120117,-1.4649066925048828,1.7526226043701136,-0.17340850830078125,-1.3699684143066406,0.141204833984375,2.0253448486328125,-0.5117111206054688,2.2319412231445312,5.0,7.0,04-25,0.21567326784133875
04-11,-0.1638333797454843,-0.11796140670776367,-0.041220664978027344,0.339302062988283,-1.2612342834472692,2.2269420623779297,-0.4128837585449219,-1.318912506103512,-0.141204833984375,2.7035140991210938,-0.7391281127929688,2.2319412231445312,4.0,8.0,04-26,0.2754433751106263
04-12,-0.2948994636535649,-0.11796140670776367,-0.027480125427245206,0.5753402709960955,-0.9792194366455078,1.6079082489013636,-0.7431907653808594,-2.5357208251953125,1.0943565368652344,2.3644256591796875,-0.426422119140625,3.185680389404297,5.0,7.0,04-27,0.3085680802663166
04-13,-0.07863950729370162,0.013106822967529297,-0.034351348876953125,0.3097972869873047,0.2428436279296875,1.423002243041985,-0.1569061279296804,-2.5782642364501953,2.788848876953125,2.226959228515625,-0.16109085083007812,3.126686096191399,7.0,5.0,04-28,0.593499342600504
04-14,-0.09829902648925826,-0.09174680709838867,-0.034351348876953125,0.5974683761596662,0.36818504333496094,1.0049495697021449,-1.7506103515625,-2.99521446228027,1.8974761962890625,1.5396232604980469,0.6822700500488281,3.087360382080078,7.0,5.0,04-29,0.35059257348378486
04-15,-0.09829902648925826,-0.03276729583740323,0.01374053955078125,0.5900907516479474,0.10183906555176137,1.213968276977539,-1.4615974426269531,-2.9781932830810547,1.8974761962890625,1.8420486450195312,0.9476013183593821,5.9289093017578125,8.0,4.0,04-30,0.6637347539265956
04-16,0.09174609184265181,0.07208633422851562,-0.034351348876953125,0.7744941711425763,0.28985023498535156,2.950510025024414,-2.4442481994628906,-2.2123699188232386,2.5152511596679688,2.0711593627929688,0.8717918395996094,5.024330139160156,9.0,3.0,05-01,0.8308541576067608
04-17,-0.0327672958374019,0.03276538848876864,-0.054963111877441406,1.1359224319458026,1.1828994750976598,2.0581226348876918,-0.8505325317382741,-2.110260009765625,2.0563316345214844,0.7881393432617188,0.8717918395996094,3.244678497314453,8.0,4.0,05-02,0.6935106913248705
04-18,0.032766819000244585,-0.06553363800049006,-0.054963111877441406,1.2318143844604528,1.1437282562255895,1.4712448120117152,-1.55242919921875,-1.8124427795410156,2.1975364685058594,-0.0183258056640625,0.151611328125,3.057861328125,7.0,5.0,05-03,0.4819057385126751
04-19,0.06553411483764648,0.0,-0.020609855651856357,1.556362152099613,0.814712524414066,1.4712448120117152,-1.9075088500976634,-1.3104076385498011,1.9239425659179688,-0.10080337524413352,1.1276435852050781,0.10815811157226562,7.0,5.0,05-04,0.3106890122095749
04-20,0.13106751441955566,0.00655364990234375,0.01374053955078125,1.9251699447631854,1.3160686492919957,0.6833591461181641,0.4376525878906179,-1.2763652801513743,0.0706024169921804,-0.37574005126952414,1.1276435852050781,0.4621162414550781,10.0,2.0,05-05,0.37682241201400685
04-21,0.09830069541931108,-0.01965951919555664,-0.027480125427246094,1.6079959869384783,2.2561225891113246,1.4471225738525426,1.3872947692871094,-2.0932502746581996,0.23828506469726562,-0.412403106689446,2.3026695251464773,-0.019664764404296875,7.0,5.0,05-06,0.5637777845064803
04-22,0.28834772109985396,0.01966142654419034,-0.04122066497802823,1.6522493362426758,5.663805007934567,2.10635948181152,-0.16515350341796875,-2.144306182861328,-0.11473846435546875,-0.6323509216308594,-0.27480316162108664,-1.2093772888183594,5.0,7.0,05-07,0.42903939882914227
04-23,0.23591947555541992,0.01966142654419034,-0.04122066497802823,1.5121088027954102,4.551412582397461,2.1224327087402344,0.5532569885253906,-1.293390274047848,-0.11473846435546875,-0.42156219482421875,0.7486114501953125,-2.4482574462890625,7.0,5.0,05-08,0.45201953252156607
04-24,0.01965951919555664,-0.05897951126098544,-0.07557058334350675,1.7112598419189453,5.883152008056644,2.918361663818356,-0.033027648925788355,0.6552066802978516,0.52069091796875,-0.5223770141601491,0.9286422729492188,-2.3892631530761648,7.0,5.0,05-09,0.7964795827865606
04-25,0.03931903839111328,-0.12451219558715731,-0.2541937828063974,1.6965074539184553,5.428794860839844,3.336414337158196,1.3624954223632812,0.587127685546875,-0.72369384765625,-0.9531059265136719,0.21794891357421875,-2.772724151611328,7.0,5.0,05-10,0.6533648173014316
04-26,0.2555797100067143,-0.07208728790283203,-0.01374053955078125,1.7997751235961914,5.695140838623043,2.701301574707024,1.9240188598632812,0.9700393676757812,-1.96807861328125,-0.824798583984375,-0.04738235473633523,-1.710826873779304,6.0,6.0,05-11,0.7257451017697631
04-27,0.11140751838684082,-0.06553220748901367,-0.01374053955078125,1.6153717041015625,5.264286041259766,1.8812503814697266,1.1065139770507812,2.1783313751220703,-2.312255859375,-1.0539093017578125,-0.14213943481445312,-0.21631240844726562,6.0,6.0,05-12,0.696105937163035
04-28,0.26213288307189897,-0.06553220748901367,0.041222572326660156,1.320326805114746,5.209449768066406,2.596771240234375,0.9743995666503906,1.608224868774414,-1.8533363342285156,-0.7239875793457031,-0.7012252807617188,-1.406024932861321,7.0,5.0,05-13,0.6052017807960516
04-29,0.1638338565826407,-0.07208728790283203,0.041222572326660156,1.4457197189331072,4.574913024902347,1.712423324584961,0.462421417236321,1.3104076385498047,-2.3387413024902344,-0.05498504638671875,-0.3695640563964844,-3.529815673828125,7.0,5.0,05-14,0.27881234884262057
04-30,0.34732508659362793,-0.1376209259033221,0.0,1.3055782318115217,4.465244293212891,1.9777126312255895,1.5241584777832031,1.0296077728271484,-2.3210906982421875,0.8706245422363281,-1.1560707092285156,-0.8750877380371094,7.0,5.0,05-15,0.5858650803565979
05-01,0.28179168701171875,-0.19004583358764737,-0.13053083419799805,0.31717109680175604,4.629755020141598,1.976490020751946,-0.8210029602050781,1.3359375,-2.674114227294922,0.91644287109375,-0.5590858459472656,-1.2290458679199219,6.0,6.0,05-16,0.3211468855539947
05-02,0.28179168701171875,-0.18349218368530273,-0.08931112289428711,0.35859775543212713,3.764642715454105,1.2127265930175675,-1.2999534606933594,1.2848796844482386,-2.153411865234375,1.622100830078118,-1.4972076416015554,-0.7865943908691406,6.0,6.0,05-17,0.20956405003865455
05-03,-0.026214361190795454,-0.18349218368530273,-0.20610427856445312,-0.5380535125732422,0.3569602966308629,0.44092750549315696,-1.5992507934570312,1.3614616394042969,-0.4677467346191406,1.6679306030273438,1.0802650451660085,-1.1142730712890625,5.0,7.0,05-18,0.06436751286188676
05-04,-0.032765865325927734,-0.22281360626220703,-0.034349918365478516,-0.39791297912597656,0.9131565093994141,-0.21466255187987926,-1.4911613464355469,2.5357265472412074,-1.3305130004882812,1.4571418762207031,-0.14214324951171875,0.8518257141113281,4.0,8.0,05-19,0.15762734413146973
05-05,0.1507267951965332,-0.2621326446533221,-0.05566072463989258,-0.9068603515625,2.0649166107177734,-0.5303287506103551,-1.2295951843261719,1.471994400024414,-1.9659423828125,1.3655052185058523,0.1544342041015625,3.4177017211914062,6.0,6.0,05-20,0.3062299092610667
05-06,0.21626067161560103,-0.3997535705566415,0.12296247482299805,-0.9666814804077148,2.25424766540527,-0.10922050476074574,-1.5844497680664062,1.5400733947753906,-1.0745773315429688,1.7954559326171804,-0.02733612060546875,3.9411582946777344,6.0,6.0,05-21,0.4756783048311857
05-07,-0.12451338768005416,-0.4521784782409668,-0.07627010345458984,-0.951725959777832,0.7831096649169886,-1.5053215026855362,-2.1376609802246094,1.0210132598876953,-0.8166313171386719,1.693756103515618,-0.6391792297363281,3.623996734619155,4.0,8.0,05-22,0.034866233666739056
05-08,0.019658803939819336,-0.3669867515563965,-0.05539751052856445,-1.1198644638061506,0.6703414916992188,-0.5962543487548793,-1.3201560974121094,0.033054351806640625,-0.8611068725585938,2.154346466064453,-0.6283340454101562,2.1294822692871165,5.0,7.0,05-23,0.004898607730866515
05-09,-0.1310665607452388,-0.3276681900024414,-0.29891395568847656,-1.4550228118896484,0.4806346893310547,-1.3117752075195277,-0.9237861633300781,0.4196453094482422,-0.292205810546875,1.5664291381835938,-0.07881546020507812,2.3556251525878906,4.0,8.0,05-24,0.0002566774686180902
05-10,-0.1310665607452388,-0.19660139083862394,-0.33370113372802734,-1.4906873703002947,1.1151714324951136,-2.1559333801269496,-0.9237861633300781,-0.4078578948974645,-0.21001434326171875,0.9436569213867188,-0.4104766845703125,2.3556251525878906,3.0,9.0,05-25,-0.1538059512774154
05-11,-0.05897998809814409,-0.18349361419677734,-0.5141620635986328,-1.3505458831787092,0.9663257598876953,-2.1559333801269496,-1.7634620666503906,0.4982757568359375,-0.8769683837890625,0.018047332763671875,0.21493911743164062,3.090431213378899,5.0,7.0,05-26,-0.1762938499450685
05-12,-0.05897998809814409,-0.13106584548950195,-0.38363122940063477,-0.5981779098510742,0.9663257598876953,-1.7998027801513707,-0.39073944091796164,0.2263088226318395,-0.5239448547363281,0.9619827270507812,0.21493911743164062,4.1535797119140625,5.0,7.0,05-27,0.21973284085591696
05-13,-0.39319729804992676,-0.2752399444580078,-0.4248509407043457,-0.5981779098510742,1.2029857635498047,-1.2099876403808558,-2.3028602600097656,0.27736663818360086,-0.6474990844726562,0.9619827270507812,0.7985382080078196,5.133708953857422,5.0,7.0,05-28,0.21023076772689966
05-14,-0.13761878013610884,-0.2752399444580078,-0.32179832458496094,-0.8224964141845703,0.8401565551757812,0.2670745849609446,-1.571258544921875,0.14972877502442117,-0.6474990844726562,0.9434890747070312,0.8300704956054688,6.295494079589844,6.0,6.0,05-29,0.462508539358776
05-15,-0.13106727600097656,-0.21625900268554688,-0.32179832458496094,-1.0617647171020508,1.893310546875,0.2023448944091797,-1.6793479919433594,0.14972877502442117,-0.5140838623046875,0.006187438964836645,0.5644645690917969,4.329395294189453,6.0,6.0,05-30,0.2684258619944255
05-16,-0.3407735824584961,-0.21625900268554688,-0.3565864562988281,-0.2243185043334961,0.5995559692382812,0.5180110931396555,-1.2802963256835938,-0.07364082336425781,0.5781402587890696,-0.411468505859375,-0.35398101806640625,2.363292694091797,4.0,8.0,05-31,0.0668063163757336
05-17,-0.2752411365509029,0.12451457977294833,-0.4939894676208496,-0.10468196868896484,0.4102249145507848,0.06475448608399148,-0.8396797180175781,0.403772354125973,0.4091529846191406,-0.2773895263671804,-0.172210693359375,1.4994010925292969,6.0,6.0,06-01,0.062385658423107025
05-18,-0.09174752235412598,-0.1310672760009748,-0.39658308029174805,-0.11963748931884766,0.1814403533935547,-0.10522270202636363,-0.9809989929199219,-0.4123649597167969,0.3646736145019531,-0.1756896972656179,0.3922615051269531,0.8539619445800781,4.0,8.0,06-02,-0.051747858524321476
05-19,-0.23592019081115767,0.19659948348998935,-0.5426931381225586,-0.23179244995117188,0.8677597045898438,-0.3884963989257777,-0.8064193725585938,1.2456893920898402,0.409149169921875,-0.44382476806639914,0.01913833618163352,1.6682052612304759,6.0,6.0,06-03,0.14644958575566658
05-20,0.06553339958190918,0.0,-0.2991766929626465,-0.2542228698730469,0.5127639770507812,-0.0404739379882848,-1.0142555236816406,0.8590984344482386,-0.11562347412109375,-1.0540847778320312,-0.42095184326172586,1.2710113525390554,4.0,8.0,06-04,-0.04086516300837376
05-21,-0.09174537658691406,-0.13106679916381747,-0.2643895149230957,-0.12711048126220703,0.37866783142089844,-0.2670841217041051,0.19121551513671875,1.0824565887451136,0.409149169921875,-0.49005126953125,-0.019138336181640625,1.6781349182128906,5.0,7.0,06-05,0.19575317700703887
05-22,-0.09174537658691406,-0.14417457580566406,-0.34787893295287997,0.11215782165527344,-0.7809944152832031,-0.5018138885498011,-0.0997619628906321,0.9879531860351527,0.17789459228515625,-0.21266937255859375,-0.10524368286132102,2.551959991455078,4.0,8.0,06-06,0.12880694866180428
05-23,0.026213407516479492,-0.17694091796875,-0.5357346534729004,-0.12711620330810547,-1.5225372314453125,-0.9388656616210973,1.1057014465332031,0.48109245300293324,-0.5870437622070312,-0.4808082580566406,-0.660137176513679,1.8668060302734375,4.0,8.0,06-07,-0.12911421060562192
05-24,0.11140561103820801,-0.14417457580566406,-0.38266754150390625,0.2467479705810547,-1.1675434112548828,-1.6268196105957031,0.8729209899902344,0.36940765380859375,-0.19568252563475852,-0.7119636535644531,-0.9854240417480469,2.14483642578125,5.0,7.0,06-08,-0.12241305907567283
05-25,0.07208657264709473,-0.12451457977294833,-0.2922182083129883,0.14954566955566406,-2.2956390380859375,-0.36421585083008523,0.9976310729980469,0.0,-0.1867828369140625,-0.42533111572264914,-0.9567222595214844,2.551959991455078,4.0,8.0,06-09,-0.07285004854202264
05-26,0.1376192569732666,0.00655364990234375,-0.34092092514038086,0.16449737548828125,-1.0965404510498047,-0.3237419128417969,0.31591033935546875,-0.6614990234374964,-1.0495452880859446,0.16644287109375,-0.8801841735839844,3.167610168457024,6.0,6.0,06-10,-0.03281650940577278
05-27,0.19659948348999023,-0.3932001590728751,-0.34092092514038086,0.12711334228515625,-0.25244140625,0.4289703369140554,-0.5154380798339844,-0.7560024261474574,-0.017791748046875,0.24040985107421875,-0.6505699157714844,2.4030113220214844,5.0,7.0,06-11,0.03914497296015399
05-28,0.12451434135436967,-0.13106656074524015,-0.38266658782958984,0.15701961517333984,0.26033020019531605,0.5017986297607386,-0.3076057434082031,-0.8247299194335938,1.2719078063964844,0.7489585876464844,-0.23917770385742188,1.3206634521484375,7.0,5.0,06-12,0.20832884311676014
05-29,-0.05897927284240723,-0.255579710006713,-0.2435145378112793,0.46358585357666016,0.13409805297851562,0.445148468017571,-0.16628646850585938,-0.8505020141601562,2.3392410278320384,2.0249557495117188,-0.6984100341796875,1.9661026000976562,6.0,6.0,06-13,0.4249883095423381
05-30,0.2031538486480713,-0.32111334800720126,-0.36179542541503906,0.30656814575195135,-1.4357624053955078,0.7284221649169851,-0.374114990234375,-0.8075466156005895,2.196929931640625,1.5163955688476491,0.009563446044936086,0.9135437011718679,7.0,5.0,06-14,0.21452033519744776
05-31,0.1769402027130127,-0.38664674758911,-0.3200492858886719,0.7551965713500994,-1.0807666778564453,1.1654777526855398,-0.17458343505859375,-1.7353725433349574,1.3608512878417969,1.8030433654785085,0.44965362548829546,-1.290874481201179,6.0,6.0,06-15,0.060239136219024624
06-01,0.13106679916381836,-0.38664674758911,-0.2226419448852539,0.6280841827392596,-0.5048866271972656,1.303070068359375,-0.06650924682617188,-2.8092422485351562,1.2007484436035156,1.2390098571777273,-0.0956726074218679,-0.9731178283691477,5.0,7.0,06-16,-0.046394824981689786
06-02,-0.006552934646606445,-0.49805235862731934,-0.3270077705383301,0.6280841827392596,0.7099838256835938,1.5135040283203125,-0.3657989501953125,-2.9552860260009695,1.4320030212402344,1.1188125610351491,0.17221450805664062,-1.7575721740722656,6.0,6.0,06-17,-0.02797234058380112
06-03,0.07863926887512207,-0.4718387126922603,-0.13915205001830966,0.7776336669921875,-0.1577739715576172,2.0314998626708984,-0.4073677062988281,-2.44842529296875,1.8411521911621094,1.18353271484375,0.07654190063476562,-1.7476425170898438,6.0,6.0,06-18,0.051399946212768666
06-04,0.026213645935058594,-0.5046050548553462,-0.14610958099365146,0.9869956970214826,0.19721794128418324,2.193378448486328,-0.27434539794921875,-2.77487754821777,1.9301033020019531,1.7013397216796875,-0.12436676025391336,-2.879638671875,6.0,6.0,06-19,0.027608811855316124
06-05,0.06553268432617188,-0.4718387126922603,-0.16698217391967773,1.323472976684572,1.183319091796875,1.3273696899414134,-0.39905548095703125,-2.9209213256835938,2.2947769165039062,1.2759971618652415,-0.8897476196289062,-3.286762237548828,6.0,6.0,06-20,-0.055403252442676444
06-06,0.0,-0.557032585144043,0.08349037170410156,1.5776987075805682,-0.3786697387695348,1.286895751953125,0.2826652526855469,-3.7456550598144496,2.5349349975585866,1.9787216186523438,-0.4209556579589844,-3.902412414550774,6.0,6.0,06-21,-0.10502656300862616
06-07,0.10485219955444336,-0.4718387126922603,0.0,1.772106170654295,-1.2227687835693395,0.5341835021972727,0.3076057434082031,-3.4621562957763707,1.9834671020507812,1.1835365295410156,-0.6505699157714844,-4.031501770019524,6.0,6.0,06-22,-0.3294236858685807
06-08,0.1376175880432129,-0.48494672775268555,0.01391458511352539,1.7421998977661115,-1.7355403900146555,0.22661209106446734,0.814727783203125,-2.207874298095703,0.2846260070800781,0.67498779296875,-1.0619621276855469,-4.22016525268554,7.0,5.0,06-23,-0.4846502542495717
06-09,0.1638331413269043,-0.4259665012359619,-0.10436487197875977,1.4356336593627912,-2.437637329101566,0.36421585083008523,1.9453811645507812,-2.706146240234375,-0.7827072143554759,-0.6010093688964844,-0.545330047607429,-4.547847747802734,4.0,8.0,06-24,-0.6868287920951853
06-10,-0.039318799972533736,-0.34077262878417924,0.013916015625,1.0617694854736328,-2.5796375274658203,0.7850799560546875,2.3527565002441406,-2.7491016387939418,-0.6403961181640625,-1.5441436767578196,-1.090667724609375,-3.7435340881347656,4.0,8.0,06-25,-0.7095041871070865
06-11,0.0,-0.2752392292022705,-0.027830123901367188,1.487973213195799,-4.267831802368164,0.5908470153808594,1.4548797607421875,-1.8212757110595739,-0.6314964294433594,-2.1081695556640696,-0.49748992919921875,-0.23831558227539062,3.0,9.0,06-26,-0.5278290311495474
06-12,0.045873403549194336,-0.2752392292022705,-0.027830123901367188,1.9515609741210973,-3.0293006896972656,0.24280929565429688,1.3468055725097656,-1.640869140625,-0.311309814453125,-2.2838363647460938,-0.2678794860839915,-0.5560722351074219,4.0,8.0,06-27,-0.4004406531651818
06-13,0.006552934646606445,-0.2752392292022705,0.18089675903320312,1.8020191192626935,-4.046945571899414,0.032375335693359375,1.8456192016601562,-2.0360527038574254,0.391357421875,-1.7383155822753906,-1.7412338256835938,-0.11915969848632812,6.0,6.0,06-28,-0.47484381993611696
06-14,0.07208609580993608,-0.2752392292022705,0.18089628219604492,1.824446678161621,-3.179187774658203,-0.3480262756347656,1.6876564025878906,-1.9329662322998047,0.044479370117194605,-2.6074676513671875,-1.6455612182617188,0.0397186279296875,6.0,6.0,06-29,-0.5115970770517979
06-15,-0.058980464935302734,-0.05898118019104004,0.19481325149536044,1.615084648132326,-2.1299743652343786,-0.6960563659667898,1.8123588562011719,-1.6580505371093786,2.1613616943359375,-3.125274658203125,-1.3489799499511719,-0.13901901245117188,4.0,8.0,06-30,-0.2859748403231302
06-16,0.03276658058166504,-0.006554126739502397,0.34788036346435636,1.4281530380249006,-1.159652709960941,-0.2913703918457031,0.5487060546875,-1.5549583435058558,1.7966880798339844,-2.4780235290527415,-1.0906639099121094,-0.268108367919929,5.0,7.0,07-01,-0.22459477186203133
06-17,0.006552696228027344,0.32111263275146484,0.09740781784057706,1.0542907714843732,-1.4042053222656286,-0.2589912414550781,0.9477500915527344,-0.730224609375,1.8144721984863281,-2.53350830078125,-0.49749755859375,1.3802413940429688,7.0,5.0,07-02,0.016450047492980586
06-18,-0.09829950332641602,0.23591876029968217,0.09044885635376065,1.6524686813354474,-1.6724281311035156,-0.8336372375488281,0.9228096008300781,-0.6786785125732386,0.7115516662597656,-1.6366043090820384,0.7558059692382812,1.5093307495117188,7.0,5.0,07-03,0.07989054918289144
06-19,-0.13106489181518555,0.25557899475097656,0.09044885635376065,1.2486972808837873,-1.3095378875732386,-0.5260658264160227,0.41568756103515625,-0.6786785125732386,0.7115516662597656,-2.089679718017578,0.21047592163085938,1.6979942321777344,7.0,5.0,07-04,-0.008716026941935295
06-20,-0.1638331413269043,0.25557899475097656,-0.07653427124023438,1.6823787689209002,-1.2858753204345739,-0.6636695861816406,-0.3159217834472656,-0.4381313323974645,0.48030853271484375,-1.1280593872070312,0.15307235717774148,1.9561691284179688,5.0,7.0,07-05,0.03795691331227635
06-21,-0.1638331413269043,0.04587268829345614,0.10436344146728516,1.831926345825197,-1.1438751220703196,-0.437042236328125,-0.0748291015625,-0.8848667144775426,1.8500480651855469,-0.22191238403319602,0.6984100341796875,0.913543701171875,6.0,6.0,07-06,0.2098171313603717
06-22,-0.19659948348999023,0.07208704948425293,0.013915538787841797,1.405722618103031,0.812545776367184,-0.33184051513671164,-1.4798316955566406,-0.6529140472412074,1.085113525390625,0.342113494873054,1.1863327026367188,1.1915740966796875,8.0,4.0,07-07,0.2873515884081537
06-23,-0.019660711288452593,0.05242681503295854,-0.03478717803955078,1.039337158203125,0.7020988464355433,0.3156585693359375,-1.9786415100097656,-0.5670032501220703,0.7649269104003906,0.462310791015625,1.3776702880859375,2.3632888793945312,8.0,4.0,07-08,0.3731354673703508
06-24,-0.013105154037475142,0.013105154037475586,-0.2435140609741211,1.5029239654540998,0.9072093963623047,-0.5018157958984304,-1.14727783203125,-0.17181968688964488,0.6848716735839844,0.4438209533691406,1.5211830139160227,-0.13901519775390625,6.0,6.0,07-09,0.23804720242818334
06-25,0.019659757614136186,0.013105154037475586,-0.2156834602355957,2.243173599243164,0.7888832092285156,-0.6394004821777344,-1.3218574523925781,0.12886810302735086,0.08895111083984375,0.45306396484375,0.3731231689453125,-0.6255760192871094,8.0,4.0,07-10,0.10885922114054425
06-26,0.150726318359375,0.06553363800048873,-0.2087268829345703,3.01332950592041,1.1359901428222692,-0.21851539611816762,-1.4465599060058594,0.46391296386719105,0.4625205993652344,0.31436920166016336,1.3872451782226634,-0.44683837890625,8.0,4.0,07-11,0.38941558202107895
06-27,0.05897927284240723,0.07208800315856934,-0.2087268829345703,1.8767881393432617,-0.07889175415039062,-0.6232013702392543,-0.5071334838867188,0.91064453125,-0.35578155517578836,0.3421134948730469,0.7940750122070312,-1.4696083068847585,6.0,6.0,07-12,0.0676120917002363
06-28,0.1376175880432129,0.10485529899597168,0.0,1.2935638427734375,0.16566085815429688,-0.9388599395751918,-0.7731704711914062,1.6408710479736293,-2.3303604125976562,0.6287574768066406,0.20090866088867188,-1.0426254272460866,7.0,5.0,07-13,-0.07606512308120668
06-29,0.05897927284240723,0.019659280776977983,-0.18089818954467862,0.6953859329223633,-0.04733467102050781,-1.141214370727539,0.04987335205078125,2.3023719787597585,-1.2896957397460938,-0.268146514892571,-0.3157196044921875,0.10923004150391336,6.0,6.0,07-14,-0.0006257692972813459
06-30,0.31455826759338423,-0.2883472442626953,-0.006956577301025391,0.10468101501464844,0.4181098937988281,-1.141214370727539,0.3491630554199219,1.898595809936527,-0.6492996215820312,-0.5085487365722585,-0.478363037109375,-0.3177528381347656,5.0,7.0,07-15,-0.025447865327198376
07-01,0.5766921043395996,-0.052426576614378995,-0.11827802658081055,-0.5458402633666992,1.0728797912597656,-0.1537933349609375,-0.5403785705566406,1.975917816162113,-1.6098976135253906,-0.5085487365722585,-0.0478363037109375,0.4964866638183594,4.0,8.0,07-16,0.04541474580764867
07-02,0.6225659847259521,-0.07864093780517578,-0.04870271682739258,-0.059814453125,2.0905284881591832,-0.16186904907227273,1.5546340942382812,2.268009185791012,-1.8678436279296946,-0.09246444702148438,-0.3922576904296875,0.3376159667968821,5.0,7.0,07-17,0.3476467331250503
07-03,0.6553318500518799,-0.07864093780517578,-0.09740591049194336,-0.059820175170900214,2.3193073272705114,-0.5422744750976491,0.99761962890625,2.1649188995361293,-2.0190467834472656,-0.2496490478515625,-0.8036384582519531,0.3078269958496165,5.0,7.0,07-18,0.21621074279149477
07-05,0.681544303894043,-0.06553435325622559,-0.13219404220581055,-0.044863700866700995,3.218629837036133,0.6960601806640696,1.6377754211425781,1.8212814331054652,-1.0762290954589844,0.416088104248054,-1.3107070922851634,0.7645950317382812,7.0,5.0,07-20,0.5505371689796449
07-06,0.28834676742553755,-0.05242681503295854,0.08349084854125977,-0.7851133346557653,2.981966018676758,0.461345672607429,1.687652587890625,1.2714576721191335,-0.3291015625,0.4068450927734446,-0.7271080017089844,0.3674049377441406,8.0,4.0,07-21,0.471229990323385
07-07,0.380090475082397,-0.04587173461914107,0.02087259292602539,-1.8319253921508807,3.3842906951904297,0.833648681640625,1.1223373413085938,1.3058242797851598,-0.7026710510253906,0.32363128662110086,-0.6697044372558594,1.141925811767571,8.0,4.0,07-22,0.4385373791058859
07-08,0.8322722911834717,-0.039319753646850586,0.02087259292602539,-2.646944999694824,3.676179885864258,1.58636474609375,0.6650848388671875,0.8590927124023509,0.09783935546875,0.4160919189453125,-1.2820053100585938,3.3165550231933594,9.0,3.0,07-23,0.6251736084620164
07-09,0.8847017288208008,-0.07208704948425293,-0.013916015625,-1.8394021987915057,3.360622406005856,2.5656757354736293,1.8206710815429688,0.0944976806640696,0.3202056884765625,0.3791046142578125,-1.1193618774414134,2.1349029541015625,8.0,4.0,07-24,0.7096345623334241
07-10,0.9633400440216064,-0.032765388488769975,-0.07653331756591797,-1.2262678146362322,4.678052902221683,3.099874496459961,0.9976272583007812,0.0,-0.6403999328613352,0.9616241455078125,-0.6888313293457031,0.9830474853515625,6.0,6.0,07-25,0.7515640457471208
07-11,0.7012083530426021,-0.06553363800048873,-0.0069580078125,-0.32152271270751953,2.4297485351562464,3.099874496459961,0.3990516662597656,0.45532035827637074,-1.3608589172363281,0.6287536621093679,-0.14350128173828125,0.6156463623046875,7.0,5.0,07-26,0.5359357396761569
07-12,0.45218110084533736,-0.11795926094055265,-0.048702239990234375,-0.2093648910522461,1.774978637695309,2.2905044555664062,0.17458724975585938,-0.25773048400878906,-0.9606094360351562,0.6749839782714773,-0.5740280151367188,-0.9830513000488281,5.0,7.0,07-27,0.18464914957682202
07-13,0.596354246139525,-0.019658803939818892,0.03478717803955078,-0.6953907012939453,1.435764312744137,2.5575942993164062,-0.27434539794921875,-0.025775909423828125,-0.9606018066406179,0.2588996887207031,-0.6888351440429688,-1.02276611328125,5.0,7.0,07-28,0.09966882069905621
07-14,0.4390745162963867,0.02621412277221724,0.04870319366455078,-0.4710683822631836,2.035308837890625,2.363349914550774,0.7149620056152415,0.7044563293457031,-0.8093986511230469,0.45307159423828125,-0.9854202270507812,-1.2312965393066406,8.0,4.0,07-29,0.27399639288584393
07-15,0.3932001590728751,0.07863903045654341,0.013916015625,-0.1570243835449201,3.076635360717777,1.7805938720703125,0.09977340698242898,0.6271419525146484,-0.8005027770996094,1.25750732421875,-0.7366752624511719,-1.3107337951660227,8.0,4.0,07-30,0.3602059086163843
07-16,0.39975452423095703,0.013107538223267046,0.08349132537841797,0.3289966583251953,2.17730712890625,1.545886993408196,-0.5902633666992188,1.0480937957763672,-1.6810531616210866,0.7766914367675781,-1.2341728210449219,-1.8965911865234375,8.0,4.0,07-31,0.08093740542729695
07-17,0.7929520606994624,0.0,0.08349132537841797,-0.3140420913696307,1.1359882354736328,0.7203330993652273,-0.6401405334472656,1.1941394805908168,-0.9161300659179688,1.0171051025390625,-0.6122970581054688,-1.4994010925292969,6.0,6.0,08-01,0.08016653855641576
07-18,0.6815476417541504,-0.04587292671203702,0.09740591049194336,-0.38881301879882635,1.3095378875732386,0.34803009033203125,-0.20784378051757812,1.0223178863525355,-0.8093948364257812,0.5270423889160085,-0.4209556579589844,-1.072418212890618,6.0,6.0,08-02,0.08671528100967356
07-19,0.8453803062438965,-0.04587292671203702,0.16002321243286133,0.4262065887451172,1.0176486968994105,-0.0566558837890625,-0.09976959228515625,1.3573703765869176,-0.8805503845214844,0.009250640869140625,0.19134521484375,-0.9135437011718679,7.0,5.0,08-03,0.16756937901179048
07-20,0.8453803062438965,0.013106346130371094,0.07653427124023438,-0.38133621215820135,0.788873672485348,-1.1412124633788991,-0.09145355224609375,0.6013679504394496,-1.3697547912597656,0.046237945556640625,0.2200469970703125,-0.7546653747558452,7.0,5.0,08-04,-0.09557290871937936
07-21,0.4259657859802246,0.0,0.10436344146728516,-0.029906272888181817,1.135995864868164,-1.2545242309570384,-0.0831298828125,0.5841846466064489,-0.4091491699218679,0.24040603637695312,0.047832489013671875,-2.3732261657714844,6.0,6.0,08-05,-0.13426562150319374
07-22,0.22936630249023438,0.2097079753875737,0.03478813171386719,0.8374500274658203,-0.11833000183105469,-2.4685630798339844,-0.457244873046875,0.12886428833007812,0.08005523681640625,0.6102523803710938,0.5835990905761719,-0.8142433166503906,8.0,4.0,08-06,-0.09535815318425493
07-23,0.5439252853393546,0.2621335983276376,0.12523603439331055,0.23179531097412287,-1.3884220123291016,-2.962276458740231,-4.140155792236328,0.2233657836914098,-1.0495376586914062,-2.6259689331054688,-0.26788330078125,1.8568763732910156,6.0,6.0,08-07,-0.7659093141555778
07-24,0.3997521400451669,0.22936677932739258,0.229600429534913,1.5029249191284197,0.0,-2.0072250366210938,-3.69122314453125,1.4604606628418004,-0.6848716735839844,-2.413299560546868,-0.2200469970703125,1.8965911865234375,6.0,6.0,08-08,-0.2748308579126982
07-25,0.29489803314208984,0.23592066764831454,0.2713441848754883,2.848829269409178,0.3549995422363317,-1.8129806518554616,-4.032081604003913,1.9673271179199219,-1.8411598205566477,-2.3208389282226562,0.9088821411132812,2.333507537841797,8.0,4.0,08-09,-0.06594604253768972
07-26,0.29489803314208984,0.3211121559143062,-0.18089818954467773,2.75162887573242,-0.6863269805908203,-1.3273506164550781,-3.0593910217285227,2.3367404937744176,-1.9123115539550781,-2.866374969482422,0.6601371765136719,2.3632965087890625,6.0,6.0,08-10,-0.10873667399088587
07-27,0.10485219955444336,0.1769394874572745,0.06261730194091797,2.2656078338623047,0.09466934204101918,-2.5009231567382812,-3.0510826110839915,2.164920806884769,-1.3697471618652415,-2.38555908203125,1.3776779174804688,15.083370208740234,8.0,4.0,08-11,1.001945257186889
07-28,0.18349409103393644,0.11795973777770907,-0.10436439514160156,2.9086465835571307,-0.06310462951660156,-2.1205177307128977,-2.9346885681152415,1.8900089263916051,-2.1346702575683594,-2.875621795654297,1.5881538391113281,16.354381561279297,6.0,6.0,08-12,1.067473113536834
07-29,0.1638326644897461,0.5504779815673833,-0.11827898025512695,3.185305595397951,-0.3707618713378906,-1.7158546447753906,-2.8349266052246165,2.0618305206298864,-2.437084197998047,-2.690692901611321,1.3968124389648438,16.08627700805664,6.0,6.0,08-13,1.106411417325338
07-30,-0.28179168701171786,0.5504779815673833,-0.34787845611572266,2.654421806335451,-0.30766105651855113,-1.0198020935058594,-1.429931640625,2.010284423828125,-3.6378402709960938,-2.2561187744140625,1.2628669738769531,14.437931060791023,5.0,7.0,08-14,0.969579855600994
07-31,-0.28179168701171786,0.5242652893066406,-0.5357332229614249,1.9665126800537127,-0.9781990051269496,0.5089225769042898,-1.4382476806640625,1.3745555877685582,-4.233768463134766,-1.4979095458984375,1.8943023681640625,14.279052734375,6.0,6.0,08-15,0.9651634693145755
08-01,-0.4128570556640616,0.4914989471435547,-0.36179399490356445,1.9590339660644513,-1.885061264038086,0.622234344482429,-0.6567764282226562,1.0824642181396484,-3.5489044189453054,-0.832172393798821,1.0811004638671875,14.050666809082038,6.0,6.0,08-16,0.9657860994339013
08-02,-0.4259657859802246,0.406306028366088,-0.32004880905151367,1.1747293472290057,-0.6307353973388672,0.7841072082519531,-0.5071296691894531,1.2199172973632812,-4.082569122314453,-1.303730010986321,0.5453338623046875,12.571125030517578,6.0,6.0,08-17,0.7859449982643133
08-03,-0.6291170120239249,0.39319944381713867,-0.33396387100219727,1.7803840637207031,-0.4335136413574254,0.8329887390136648,-0.8313636779785227,1.099639892578125,-2.917083740234375,1.9324913024902415,1.3011398315429688,10.664608001708984,7.0,5.0,08-18,1.0716174443562816
08-04,-0.865039587020874,0.3342192173004155,-0.3817648887634286,0.5615959167480451,-1.3068523406982457,1.0448875427246094,-1.07244873046875,-0.05937767028808594,-3.281749725341797,1.821533203125,1.6682701110839844,8.996402740478516,6.0,6.0,08-19,0.6216396490732824
08-05,-0.9305713176727295,0.24247288703918501,-0.4235086441040039,0.5917930603027326,-1.2671566009521555,1.6712837219238246,2.2529754638671875,-0.5662441253662074,-2.4634552001953054,1.8541946411132741,2.4991493225097656,7.606224060058594,7.0,5.0,08-20,0.9222631057103468
08-06,-0.5570325851440439,0.15728139877319336,-0.06171417236328125,0.5162973403930646,-2.1509685516357386,0.5795440673828125,0.8951492309570312,-1.0043830871582067,-2.6339340209960866,1.8355255126953054,2.3198165893554688,10.138324737548828,7.0,5.0,08-21,0.8361588716506955
08-07,-0.3669867515563974,0.22936677932739302,-0.033432960510253906,0.7355546951293963,-1.8590202331543004,1.7531166076660156,0.8868408203125,-0.4318275451660192,-2.2929725646972585,1.9394493103027344,1.0816993713378906,-2.5817489624023438,6.0,6.0,08-22,-0.07833011945088693
08-08,-0.4128618240356454,0.2686874866485591,0.0019183158874511719,-0.017337799072265625,-2.328462600708008,1.372711181640632,0.6956253051757812,-0.7441310882568395,-2.4304542541503906,1.4845924377441406,0.8325767517089915,-3.8924827575683594,6.0,6.0,08-23,-0.4308015704154961
08-09,-0.4783954620361328,0.42596697807312145,-0.30579614639282227,-0.7319011688232404,-2.0208053588867188,0.9356613159179688,-0.21697998046875,-1.242828369140625,-1.5720596313476491,0.9264183044433594,1.0239181518554759,-5.3124847412109375,4.0,8.0,08-24,-0.7141071756680791
08-10,-0.4456276893615714,0.4849467277526869,-0.16002607345581144,-0.2010173797607404,-2.147020339965824,1.2779541015625,-0.727710723876946,-0.5067043304443359,-0.4789772033691406,0.49184417724610086,0.8995437622070384,-5.4224853515625,4.0,8.0,08-25,-0.5779400269190452
08-11,-0.37353944778442294,0.14417457580566406,0.06318187713622958,0.08311939239501953,-2.1549568176269567,1.1068115234375,-1.2380828857421875,-0.5042591094970739,0.11695098876953125,-0.17390060424803977,0.6386909484863281,-4.48529052734375,6.0,6.0,08-26,-0.5647583405176798
08-12,-0.33422207832336515,0.17038631439209073,-0.11075735092163086,-1.1022300720214862,-2.4169597625732457,1.5851211547851562,-3.17816162109375,-0.21216773986816406,-0.6479644775390696,0.2646598815917969,0.3585052490234375,-2.345817565917976,4.0,8.0,08-27,-0.6641340057055172
08-13,-0.20970678329467685,0.25557923316955744,-0.013351917266845703,-0.8002290725708008,-2.5207805633544957,1.189838409423821,-2.6077651977539062,0.03697013854980469,-0.9261131286621165,1.2724189758300781,-0.17386627197265625,-2.7262763977050852,4.0,8.0,08-28,-0.6019402146339435
08-14,-0.0065555572509765625,0.26868581771850675,0.007860183715820312,-0.0754938125610316,-2.802621841430664,1.108360290527358,-2.2835311889648366,0.3579483032226598,-0.20831680297852273,0.07091140747069602,-0.5410385131835938,-0.8197593688964915,5.0,7.0,08-29,-0.410295923550923
08-15,0.29489874839782804,0.275240421295166,0.007860183715820312,-0.4077024459838867,-2.1754150390625,0.8964614868164134,-2.557880401611328,0.4967498779296875,-0.6908721923828125,0.07931137084960227,-2.705181121826172,0.04413223266600852,7.0,5.0,08-30,-0.5368664065996811
08-16,0.44562506675720304,0.2621326446533194,0.04949235916137695,-0.3623991012573242,-2.21511077880859,0.43193435668946023,-3.403514862060547,0.6419601440429688,-0.107666015625,0.10264205932617188,-3.536060333251953,0.19412994384766336,7.0,5.0,08-31,-0.6247362097104375
08-17,0.37353873252868564,0.013106346130370206,-0.014141559600830078,-0.28690338134765625,-0.9368610382080078,0.43193435668946023,-3.914234161376953,0.9282398223876953,0.3140411376953125,0.12131118774414062,-3.787250518798828,0.6041297912597585,7.0,5.0,09-01,-0.512757440408071
08-18,0.4390718936920157,0.1638324260711661,-0.035352230072021484,-1.3137016296386719,-0.9368610382080078,0.4156455993652344,-2.109893798828125,0.3643569946289027,-0.026920318603515625,-0.12130355834960938,-3.787250518798828,0.7018890380859446,5.0,7.0,09-02,-0.5205405950546264
08-19,-0.36043190956115634,0.15727949142456232,-0.07070350646972656,-1.3137016296386719,-0.5557651519775426,0.6601295471191406,-2.3443183898925852,0.676660537719723,0.4396514892578125,-0.12130355834960938,-3.816242218017578,-1.1800003051757884,4.0,8.0,09-03,-0.6523954669634516
08-20,-0.01965951919555753,0.0,0.028282642364501953,-1.2079973220825213,1.294137954711914,1.4343490600585866,-1.6661453247070312,0.7200355529785085,0.4396514892578125,-0.4385643005371094,-2.656879425048828,0.5200004577636719,6.0,6.0,09-04,-0.12939906120300435
08-21,-0.052427291870118964,0.0,0.028282642364501953,-0.9135541915893555,2.7629318237304688,1.2387542724609375,-1.1554145812988352,0.7200355529785085,-0.5921783447265625,-0.475879669189446,-0.4637413024902415,0.6300010681152344,5.0,7.0,09-05,0.1439008315404243
08-22,-0.1376209259033221,0.0,0.10605621337890625,-0.1660919189453125,2.1436557769775426,1.4098968505859375,-0.6949234008788991,0.13012504577636363,-1.3907241821289134,-0.6158332824707102,-0.5990066528320312,0.09000015258789062,5.0,7.0,09-06,0.02296113967895434
08-23,-0.1376209259033221,-0.09830141067504972,0.12019777297973722,0.7021512985229474,2.4056587219238317,1.2958030700683594,-0.6949234008788991,-0.05205345153808594,-8.227714538574219,-0.6438446044921875,-0.3188209533691406,0.09000015258789062,5.0,7.0,09-07,-0.4632890224456781
08-24,-0.06553363800049006,-0.14417457580566406,0.14847660064697266,0.4001502990722621,2.6041431427002024,0.8638534545898438,-1.0633201599121023,1.2665691375732386,-6.343503952026367,-1.6516036987304688,-0.6666297912597656,-0.5400009155273438,5.0,7.0,09-08,-0.43263117472330687
08-25,0.28834795951843173,-0.07863807678222834,0.00706911087036044,-0.31710624694824574,2.524749755859382,0.8394126892089773,-1.2809982299804723,1.3186168670654226,-7.061300277709961,-0.6905021667480469,-1.0530891418457031,-0.7000007629394531,5.0,7.0,09-09,-0.5169532100359614
08-26,0.4783935546874991,0.013106346130370206,0.00706911087036044,0.3321914672851545,2.238925933837894,0.35858917236328125,-1.3479766845703125,1.1798152923583949,-5.778242111206055,-0.6718368530273366,-0.24153518676757812,0.6299972534179759,8.0,4.0,09-10,-0.23345855871836263
08-27,0.1900482177734366,0.026214122772216797,0.01414012908935458,1.1098442077636737,3.1519641876220703,-0.757915496826179,-0.05860137939453125,1.2665634155273402,-8.263599395751953,-0.3639068603515554,1.9999046325683594,1.0900001525878906,8.0,4.0,09-11,-0.04961200555165638
08-28,0.262134552001954,0.15728092193603427,0.02121114730834961,2.6198558807373047,3.572765350341797,-0.7986793518066335,0.452117919921875,1.0236625671386719,-7.536834716796875,-0.7558097839355469,3.9031867980957102,0.6800003051757955,9.0,3.0,09-12,0.3000742991765364
08-29,0.19660139083862394,0.15728092193603427,0.056561946868896484,1.8724002838134766,3.747421264648441,-1.1735649108886648,-0.7702713012695312,-0.03470039367675426,-3.328765869140618,-0.6438446044921875,4.917640686035156,0.8999977111816406,7.0,5.0,09-13,0.4913964271545428
08-30,0.36043405532837003,0.0655336380004874,-0.0070705413818359375,1.48734760284424,0.6510257720947266,-1.9477844238281108,-1.1135482788085938,0.19085121154785156,-4.073484420776367,-0.6065139770507812,4.164051055908203,-0.10000228881835938,6.0,6.0,09-14,-0.07743004957834747
08-31,0.340773582458497,0.013107299804689276,0.01414012908935458,1.7289533615112305,-0.1905517578125,-1.7358818054199148,-1.1637840270996165,-0.33833122253417613,-1.4804496765136719,-0.373241424560554,2.0095596313476562,-0.4700012207031321,5.0,7.0,09-15,-0.1371422608693448
09-01,0.8191659450531006,-0.019660472869873047,-0.0989847183227548,1.419395446777342,0.14292144775390625,-2.2982101440429616,-0.5693321228027273,0.09542465209960938,-1.2023124694824219,0.13995742797851562,1.5554771423339915,-1.3000030517578054,6.0,6.0,09-16,-0.10968007644017323
09-02,0.6291198730468759,-0.09174442291259854,-0.09191465377807706,1.7968959808349592,0.571640014648441,-2.493812561035142,-0.2511787414550781,-0.3296546936035156,5.742351531982422,0.5785140991211009,1.69073486328125,-2.3300018310546875,6.0,6.0,09-17,0.45174578825632916
09-03,0.760185718536377,-0.09174442291259854,-0.15554666519165128,1.509992599487303,0.11909484863281605,-2.8850021362304688,0.6028289794921804,-1.0149936676025355,6.074333190917962,0.6624946594238281,1.4878463745117188,-2.9399986267089844,7.0,5.0,09-18,0.3441242376963289
09-04,0.6487784385681152,-0.150726318359375,-0.12726449966430664,1.8799495697021467,0.5239963531494141,-2.8360843658447266,1.2475166320800746,-1.4747695922851491,6.092277526855462,0.7278099060058594,1.922607421875,-3.4300003051757812,7.0,5.0,09-19,0.4186742305755611
09-05,0.34732627868652255,-0.15728068351745517,-0.11312437057495117,2.136653900146486,1.0321235656738246,-2.81164360046386,0.5944519042968679,-1.7523727416992152,5.5629005432128835,0.4572257995605469,1.7390518188476562,-2.8999977111816406,7.0,5.0,09-20,0.34460955858230546
09-06,0.49805212020874023,-0.15728068351745517,-0.042421817779541016,1.3892040252685547,1.3179473876953125,-2.3797054290771413,1.306121826171868,-1.3619937896728445,2.512273788452152,1.0824050903320312,0.9274978637695312,-3.2399978637695312,7.0,5.0,09-21,0.1543418765068064
09-07,0.10485363006591797,-0.13106822967529208,0.042421817779541904,0.6115512847900355,1.246490478515625,-2.2085723876953054,-0.14233398437500355,-1.8217716217040945,5.562904357910163,0.77447509765625,0.038646697998046875,-2.2199974060058594,7.0,5.0,09-22,0.15479997793833547
09-08,0.6553335189819336,-0.10485315322875977,0.12726640701293945,-0.6493034362792969,0.44460868835449574,-3.0805816650390554,1.0968017578125,-1.5354976654052734,4.836139678955085,1.2596893310546946,-0.11594009399414062,-3.2099990844726562,6.0,6.0,09-23,-0.023027976353961144
09-09,0.9502325057983398,-0.15728092193603427,0.09191560745239258,-0.18120574951171875,1.5084896087646484,-2.5427074432373047,-0.00837326049805398,-0.4771347045898473,0.00897216796875,1.9501914978027344,-0.048309326171875,-4.4099998474121165,5.0,7.0,09-24,-0.2762674887975071
09-10,0.7863998413085938,-0.0655336380004874,0.16261863708496094,-0.1585521697998047,2.135713577270508,-3.382127761840824,-0.1674518585205078,-1.0670433044433594,0.6011428833007741,2.454059600830078,-0.05796432495117898,-4.379997253417976,5.0,7.0,09-25,-0.2615613142649353
09-11,0.8060603141784668,-0.07864093780517667,0.04949331283569336,0.7474517822265625,3.445735931396481,-3.3658390045166016,-0.11721611022948508,-0.8501625061035121,1.6060600280761648,2.108814239501946,-0.29949951171875,-4.009998321533203,6.0,6.0,09-26,0.003521601359048813
09-12,0.7536330223083496,-0.019659042358400214,0.14847660064697266,0.6870479583740234,3.826810836791992,-2.8035106658935547,-0.09210777282714844,-1.075714111328125,2.7814579010009695,2.0061721801757812,0.009658813476555395,-3.859996795654297,7.0,5.0,09-27,0.19685574372609324
09-13,0.3407735824584961,0.019660472869873047,0.028282165527344638,-0.2491474151611328,3.3980922698974574,-2.6079082489013743,0.0,-1.0757160186767578,0.053833007812507105,2.1554718017578054,-0.12559890747070312,-3.729999542236321,6.0,6.0,09-28,-0.14935473601023377
09-14,0.622565746307373,0.08519411087035955,0.36765670776367276,0.03775596618652344,3.8506374359130824,-3.0316867828369247,-0.016754150390632105,-0.8241348266601527,0.15253067016602273,2.071491241455078,0.07728958129882812,-4.439998626708984,8.0,4.0,09-29,-0.08728774388631282
09-15,0.41941308975219727,0.05897808074951261,0.20503854751586914,-0.3322010040283203,3.73947715759277,-2.3552646636962926,-0.8372516632080043,0.09542083740234375,0.13458633422852273,2.006175994873047,0.579681396484375,-2.539997100830071,8.0,4.0,09-30,0.09783808390299575
09-16,0.24247360229492276,0.1507265567779532,0.19089841842651367,-0.12080001831054688,4.430219650268558,-2.974641799926758,-0.7870178222656179,0.3730239868164098,0.6639633178711009,2.3700828552246094,0.37679290771484375,-2.4099998474121094,8.0,4.0,10-01,0.2088101506233233
09-17,0.3276681900024423,0.1507265567779532,0.12019586563110352,0.42279624938964844,4.0014953613281286,-2.640508651733395,-0.9126129150390554,-0.017354965209960938,0.8972396850586009,2.8179702758789062,-0.7149429321288991,-2.479999542236328,7.0,5.0,10-02,0.16438943147659538
09-18,0.7208666801452646,0.12451410293579013,0.08484458923339844,0.6417465209960938,5.32737731933593,-3.325071334838867,0.535842895507816,-0.4944839477539098,0.9959449768066477,3.0325889587402344,0.45407867431641336,-3.5,9.0,3.0,10-03,0.38318745295206763
09-19,0.17038679122924894,0.23592138290405185,0.0565638542175293,1.2155513763427699,6.216596603393558,-2.453062057495117,-0.7032928466796875,-0.39905738830566406,2.117488861083981,3.060577392578118,-0.40576934814453125,-2.509998321533203,7.0,5.0,10-04,0.5501588582992545
09-20,0.026212692260742188,0.23592138290405185,0.11312532424926758,0.8758029937744141,5.1527156829834055,-1.8418350219726562,-1.8503379821777344,-0.08675193786621449,0.8792915344238139,2.9672584533691406,-0.4734001159667969,-2.6199989318847656,7.0,5.0,10-05,0.2815003395080557
09-21,-0.07208633422851562,0.2490267753601083,0.0,0.8531494140625,4.350822448730476,-0.8149681091308594,-2.3108367919921875,-0.8414840698242223,0.19739913940429688,2.463390350341797,-0.5700149536132812,-3.1699981689453196,5.0,7.0,10-06,0.027866641680399356
09-22,0.12451314926147461,0.32111406326293945,0.12726449966430664,0.6191005706787109,3.247241973876953,1.4588031768798757,0.36001968383789773,-1.674295425415039,-0.8075180053710938,2.640678405761726,-0.19322967529296875,-2.5400009155273438,8.0,4.0,10-07,0.30697429180145325
09-23,0.1900463104248047,0.22936582565307795,0.028281211853027344,1.2533016204833984,3.6203880310058594,4.034097671508793,1.1135578155517578,-1.4487438201904261,-1.4894256591796804,2.827301025390632,-0.048305511474609375,-0.94000244140625,8.0,4.0,10-08,0.7808218399683654
09-24,0.5242652893066406,0.1900463104248047,0.1201944351196289,1.8422088623046875,0.0396881103515625,3.8548030853271555,2.3861770629882812,-0.9282321929931605,-1.5432548522949148,2.7806434631347727,-0.5990104675292969,-2.4599990844726634,8.0,4.0,10-09,0.5172941684722915
09-25,0.24247312545776367,0.12451267242431818,0.04949140548706055,1.7969093322753906,-2.492992401123047,5.672197341918949,2.4029312133789134,-4.09465217590332,-1.624011993408196,2.6780052185058594,-1.6037864685058594,-1.75,7.0,5.0,10-10,0.116756439208986
09-26,0.36043310165405273,0.25558042526245206,0.16261768341064542,1.713846206665039,-2.151580810546875,4.995775222778317,3.1397075653076136,-1.067037582397461,-0.03588485717774148,2.164806365966804,-2.7438278198242116,-2.9000015258789134,7.0,5.0,10-11,0.3245361646016434
09-27,0.5439252853393546,0.08519315719604492,-0.13433599472045898,1.2835006713867188,-2.8423233032226634,5.859643936157227,2.2522068023681676,-1.9345493316650426,0.13458251953125,0.6811676025390625,-2.5409393310546804,-3.1500015258789134,7.0,5.0,10-12,0.019839207331338853
09-28,0.5046067237854004,0.41941404342651367,0.0,0.7399044036865234,-2.1912879943847727,5.574392318725593,2.1015033721923864,-1.3272895812988352,-0.44861602783202414,0.23328018188476562,-1.4878463745117188,-3.0600013732910227,6.0,6.0,10-13,0.08817164103190074
09-29,0.1900472640991211,0.29489994049072354,0.028281688690186435,0.5813560485839844,-0.23024368286133523,6.479013442993164,1.6158981323242259,-0.7460575103759766,-0.547321319580071,-0.12130355834960938,-1.5264930725097727,-1.8300018310546804,6.0,6.0,10-14,0.3490062952041633
09-30,-0.05242633819580167,0.3276658058166513,0.056562423706055576,0.6040019989013672,0.0873260498046804,6.73165130615234,0.76190185546875,-0.8414840698242223,-0.22430038452147727,-0.5971870422363352,-1.5168304443359446,-2.2800025939941406,6.0,6.0,10-15,0.2547398805618269
10-01,-0.15728044509887695,0.3276658058166513,0.035352706909180576,0.18875694274902344,-1.5561332702636648,8.149698257446289,1.2475051879882812,-1.067037582397461,0.12562179565429688,-1.5396232604980398,-1.8356590270996165,-2.0900001525878906,6.0,6.0,10-16,0.15240557988484774
10-02,-0.05898141860961914,0.1900463104248047,-0.0070705413818359375,0.00755119323730824,-1.8657722473144602,7.139135360717766,1.7080039978027344,-1.4140434265136683,0.7357482910156321,-2.1274757385253906,-0.5796852111816406,-1.5400009155273366,5.0,7.0,10-17,0.1822879711786912
10-03,-0.4128608703613281,0.0,0.014141559600830078,-0.08304977416992188,-0.14291763305664062,4.865364074707031,-0.3014183044433594,-1.6309204101562536,1.2830543518066477,-2.1647987365722656,-0.7246017456054759,-1.5799980163574219,3.0,9.0,10-18,-0.07316712538401315
10-04,-0.09174680709838867,0.07864046096801669,0.0777730941772461,-1.034353256225586,-0.5160636901855469,3.186542510986314,0.31816482543946023,-0.5725574493408132,1.3727760314941406,-1.9035263061523366,-0.8695259094238352,-1.6999969482421804,5.0,7.0,10-19,-0.13782278696695913
10-05,-0.08519315719604492,0.15728139877319336,0.12726783752441406,-1.623260498046875,1.1988620758056676,4.34379577636718,0.4018898010253835,-0.05205535888671875,1.8572883605957031,-1.8568687438964773,-1.0627479553222727,-1.9099998474121094,6.0,6.0,10-20,0.12468830744425367
10-06,0.03276634216308594,0.1900477409362784,0.3888707160949698,-1.2382087707519531,1.2465038299560582,4.180793762207024,0.16744232177734375,3.053640365600586,1.9380455017089844,-1.3716583251953054,-0.8985061645507812,-2.6499977111816477,8.0,4.0,10-21,0.41997830073038694
10-07,0.08519268035888672,0.03276538848876953,0.27574443817138494,-1.5100059509277344,1.6117153167724645,5.435859680175774,2.1517562866210938,0.026025772094726562,1.5163383483886719,-1.4929656982421875,-0.83087158203125,-0.6699981689453125,8.0,4.0,10-22,0.552629709243774
10-08,-0.19659757614135565,0.20315265655517667,0.2686748504638663,-1.1551570892333984,3.9459228515625,5.036502838134766,2.788074493408196,0.7981109619140625,1.4804458618164062,-1.62359619140625,0.5893440246582031,0.8100013732910227,9.0,3.0,10-23,1.0787399212519329
10-09,-0.15727901458740146,0.06553316116333008,0.39594030380249023,-0.7398967742919922,4.8112945556640625,4.6045875549316335,2.9387779235839773,0.4077320098876953,1.0856552124023438,-1.6889305114746094,0.6859588623046804,0.7200012207031321,9.0,3.0,10-24,1.0941145420074452
10-10,0.13106679916381925,0.07208633422851562,0.5939106941223145,-0.9890537261962891,2.858196258544922,3.6999664306640625,2.888538360595696,-0.14747428894043324,-0.179443359375,-1.3436622619628906,0.9468116760253906,0.6000022888183594,8.0,4.0,10-25,0.7609121004740388
10-11,0.03276634216308594,0.07208633422851562,0.7494583129882812,-1.1476020812988281,2.5406265258789062,3.496227264404297,3.332286834716797,-1.1277675628662038,0.34992218017577414,-1.483631134033196,0.9371490478515625,0.9600028991699148,9.0,3.0,10-26,0.7259604136149088
10-12,0.36043214797973633,0.11140632629394531,0.791879177093505,-0.7323570251464844,2.4294700622558594,3.699970245361328,3.5499687194824148,-1.3533172607421875,0.16150283813476562,-0.5411949157714915,0.6569709777832031,2.6300010681152273,9.0,3.0,10-27,0.9803943634033185
10-13,0.2621321678161621,-0.05242586135864258,0.9898495674133301,-1.026803970336914,2.794689178466797,3.716266632080078,4.018833160400391,-1.4747695922851562,-0.4486236572265696,-0.6251754760742188,0.6473121643066406,2.5900001525878906,7.0,5.0,10-28,0.9492737054824824
10-14,0.602907657623291,0.18349266052246094,0.9686374664306641,-1.026803970336914,2.627971649169922,3.4065704345703196,4.152805328369148,-1.257892608642571,-0.32300567626953125,0.3545799255371094,-0.5700225830078125,0.6300010681152415,8.0,4.0,10-29,0.8124367793401106
10-15,-0.06553268432617188,0.10485219955444425,0.926215648651123,-1.026803970336914,3.2869415283203125,4.376384735107429,4.713756561279283,-1.6048965454101562,0.11664962768553977,0.84912109375,-0.16424942016601562,0.46999740600584516,8.0,4.0,10-30,0.9985363483428932
10-16,-0.07208633422851562,0.0065517425537109375,1.0181312561035156,-0.8607025146484375,1.9689788818359375,2.4938201904296875,4.630031585693359,-2.0386543273925852,-0.18841552734375,1.4276542663574219,0.6956214904785227,0.6800003051757741,8.0,4.0,10-31,0.8134109179178868
10-17,-0.25557899475097656,0.0065517425537109375,1.011059284210205,-0.8833484649658203,0.5081253051757741,2.6568222045898438,4.613296508789055,-2.3249340057373082,-0.8792839050292969,1.2596855163574148,0.49272918701171875,0.7899971008300781,8.0,4.0,11-01,0.5829267899195333
10-18,-0.22281265258789062,-0.12451505661010831,0.8979325294494629,-1.0721035003662074,0.1429138183593679,1.3528594970703125,4.110942840576179,-1.665618896484375,-1.4266166687011719,0.13996505737304688,0.4250946044921875,0.37999725341798296,7.0,5.0,11-02,0.24483656883239888
10-19,-0.2883448600769043,0.0065517425537109375,0.5373463630676278,-1.4269523620605433,-0.37316131591797586,0.6193771362304688,3.2318153381347656,-2.481084823608395,-1.7227058410644531,0.2705955505371094,0.15457916259765625,0.329998016357429,7.0,5.0,11-03,-0.09516549110412531
10-20,-0.39319849014282227,-0.07863903045654297,0.26160287857055664,-1.200454711914059,0.9368400573730469,2.1515159606933594,0.3516387939453125,-1.7263469696044886,-1.3279151916503906,0.26127243041991477,0.2705192565917969,0.9599990844726562,7.0,5.0,11-04,0.038902839024861656
10-21,-0.19004631042480558,0.4914989471435547,0.06363248825073242,-1.38165283203125,0.1905364990234375,0.3748931884765696,-0.5107269287109375,-1.17114067077636,-0.6639633178710938,1.2690238952636648,0.5796775817871094,-0.19000244140625,6.0,6.0,11-05,-0.09485582510630237
10-22,-0.13106727600097656,0.4914989471435547,-0.09191513061523438,-2.1819543838500977,0.23025131225585938,0.6112289428710938,-3.5332298278808665,-1.2578868865966797,-0.8254661560058594,1.595611572265618,1.5844650268554688,0.089996337890625,6.0,6.0,11-06,-0.2848722934722912
10-23,-0.45873308181762695,0.4914989471435547,-0.28281450271606445,-1.5326509475708026,-0.4763641357421946,0.5867729187011719,-3.7509117126464844,-1.899847030639652,-4.818195343017578,1.9968376159667969,1.4202194213867188,-1.5800018310546875,4.0,8.0,11-07,-0.8586824735005707
10-24,-0.3538799285888672,0.4914989471435547,0.03535127639770508,-1.192901611328125,-1.6355171203613281,0.5704765319824219,-3.951854705810547,-0.03469848632812855,-5.589817047119144,2.8179664611816406,4.366943359375,-0.6800003051757812,5.0,7.0,11-08,-0.42970271905263324
10-25,-0.026214122772216797,0.5832457542419434,-0.007070064544676846,-2.159299850463867,-1.4687995910644531,-0.024444580078132105,-2.0596466064453125,0.22554779052734375,-5.356533050537113,7.250221252441413,5.584278106689453,-1.5999984741210938,4.0,8.0,11-09,0.07844054698944063
10-26,-0.09174633026123047,0.7077584266662598,-0.07070255279541016,-1.8195514678955078,-1.9054679870605469,-0.52972412109375,-1.9591827392578125,1.1190910339355433,-5.518049240112301,6.755680084228523,4.9369659423828125,2.19000244140625,5.0,7.0,11-10,0.3179227908452358
10-27,0.032766342163086826,0.6618862152099609,-0.007071971893310547,-1.3589992523193395,-2.6438560485839915,-5.240249633789077,-2.151752471923828,2.7239875793457102,-5.212984085083011,5.617286682128913,3.255878448486328,3.6499977111816406,6.0,6.0,11-11,-0.05609254042307654
10-28,0.33421993255615234,0.8257198333740234,0.0,-0.6417465209960973,-2.1754226684570312,-5.5743865966796875,-3.307167053222649,3.0102672576904332,-4.5221157073974645,7.614124298095703,3.680988311767578,5.70000076293946,6.0,6.0,11-12,0.41204015413920175
10-29,0.19659852981567383,0.9567866325378427,0.049492835998535156,-0.5737991333007848,-0.6272010803222727,-5.003925323486328,-2.7210884094238352,2.446380615234375,-4.252937316894528,8.855144500732422,2.9273910522460938,6.19000244140625,7.0,5.0,11-13,0.7035704453786202
10-30,0.2621307373046875,0.8257198333740234,-0.06363105773925781,-1.1476001739501989,0.849529266357429,-5.6966400146484375,-1.8419609069824219,3.478719711303704,-4.091432571411133,9.0791015625,3.1689300537109375,6.240001678466804,7.0,5.0,11-14,0.9219056765238447
10-31,0.39319849014282227,0.8257198333740234,-0.056560516357421875,-1.2986040115356463,1.101593017578125,-7.228778839111328,-2.3108253479003906,4.658538818359375,-4.674634933471683,8.892478942871094,2.9080734252929688,5.020000457763679,7.0,5.0,11-15,0.6858499447504681
11-01,0.39319849014282227,0.7667393684387216,0.3676581382751465,-1.834707260131836,1.8478965759277344,-6.446414947509773,-2.871788024902351,6.220064163208008,-4.602853775024414,8.379276275634766,2.5989151000976562,2.6399993896484375,8.0,4.0,11-16,0.6214986244837432
11-02,0.38009214401245117,1.1206188201904297,0.5090656280517587,-1.0344057083129883,0.7125587463378906,-6.5849609375,-2.8969078063964844,4.727933883666989,-4.961746215820309,8.052688598632812,2.135162353515625,3.579998016357429,8.0,4.0,11-17,0.4783414602279669
11-03,0.026213645935058594,0.6618871688842773,0.600980281829834,-1.2156076431274396,0.8164253234863281,-5.574390411376967,-1.3898468017578125,5.369895935058594,-0.9690170288085902,8.425926208496094,2.339862823486328,4.710002899169915,8.0,4.0,11-18,1.1501943667729682
11-04,0.04587364196777344,0.7569060325622559,0.28281450271606445,-1.0238161087036115,2.4623870849609375,-5.4847564697265625,0.8456306457519602,3.5047473907470703,-0.37683868408202414,8.45881271362304,2.1449050903320312,4.070003509521484,9.0,3.0,11-19,1.3072224458058683
11-05,-0.2883443832397461,0.6651592254638672,0.2898845672607413,-0.8550367355346662,3.065177917480476,-7.041332244873047,-1.2658767700195241,3.365947723388672,-1.1481018066406214,8.440017700195312,2.184425354003899,4.990001678466797,7.0,5.0,11-20,1.0334935188293466
11-06,-0.22281217575073242,0.5603055953979492,0.2898845672607413,-0.4835042953491211,3.6593551635742188,-6.950405120849609,-1.3663406372070241,3.365947723388672,-1.084589004516598,10.142257690429688,-0.4114646911621094,1.2000007629394531,6.0,6.0,11-21,0.7248862981796274
11-07,-0.4390721321105966,0.4652867317199707,0.19796800613403231,0.27904415130615234,4.341819763183601,-2.2398796081542827,-0.64630126953125,3.6111545562744105,-1.4067840576171804,4.730247497558587,1.172149658203125,1.6200027465820241,8.0,4.0,11-22,0.9738030036290494
11-08,-0.43251991271972745,0.34990406036376953,0.09191560745239258,0.24457931518554332,3.8733863830566406,-2.8918609619140554,-1.6078529357910227,3.264883041381836,-1.6849231719970632,0.7507209777832102,0.747039794921875,1.6200027465820241,8.0,4.0,11-23,0.36043957869211857
11-09,-0.44562578201294034,0.34311819076538175,-0.06363058090209961,0.17663192749023082,3.0238533020019602,-2.4405899047851634,-1.4813232421875,2.093744277954098,-1.9178047180175817,-0.4902992248535085,0.40889739990234375,1.6200027465820241,6.0,6.0,11-24,0.0689145326614371
11-10,-0.43252086639404297,0.17928457260131925,0.1343364715576163,0.7504329681396449,3.407379150390632,-1.8170089721679688,-0.9835052490234375,1.8495578765869212,-2.0793094635009766,-0.9941825866699148,-0.010265350341796875,-0.14999771118164062,5.0,7.0,11-25,-0.012149930000303696
11-11,-0.3276658058166504,0.15892457962036222,0.12726593017578036,0.9345493316650391,3.559185028076186,-1.2437210083007812,-1.067230224609375,0.66973876953125,-1.3794574737548793,-0.6277122497558594,0.1262054443359375,-0.22999954223633523,6.0,6.0,11-26,0.058340231577556224
11-12,-0.5046052932739258,0.21790504455566406,-0.12726640701294034,1.1800498962402344,4.5024261474609375,0.18247604370117188,-1.4003334045410014,-0.015596389770507812,-1.5337104797363246,-0.33641433715821023,0.9858360290527344,2.1500015258789062,6.0,6.0,11-27,0.4417306979497282
11-13,-0.4914989471435547,-0.024569034576415127,-0.10605525970458984,0.6022348403930646,2.9403610229492188,0.3374328613281179,-1.375213623046868,0.1070175170898402,-1.4792690277099574,-0.11153411865234375,1.1307525634765625,1.2100028991699148,6.0,6.0,11-28,0.2283051411310825
11-14,-0.24247455596923828,-0.010994911193847656,-0.19797182083129883,0.9359502792358398,3.571582794189446,-0.6731376647949148,-1.768726348876946,0.43103218078612926,-1.2009201049804652,-0.15504837036132102,1.3939476013183594,0.0,4.0,8.0,11-29,0.17360325654347855
11-15,-0.06553506851196289,-0.22818231582641513,-0.12019586563110529,1.074045181274414,1.9256210327148366,-0.2819404602050781,-1.675952911376946,1.637619018554691,-0.8619976043701207,0.3194847106933594,1.5889053344726562,0.0,5.0,7.0,11-30,0.2759892543156941
11-16,-0.06553506851196289,-0.17646360397338867,0.09154176712036133,0.9052658081054688,2.0214996337890554,-0.363983154296875,-3.042354583740231,1.7339496612548828,0.05444145202636719,0.33827972412108664,1.491424560546882,0.0,7.0,5.0,12-01,0.24900551637013724
11-17,-0.14417266845703125,-0.1696767807006836,0.08426761627197354,0.32988643646240234,2.3570823669433594,-1.5126686096191406,-1.1302375793457102,0.5867404937744176,-0.00907135009765625,-1.5692367553711009,1.2769813537597727,0.0,5.0,7.0,12-02,0.008324543635050233
11-18,-0.20315456390380948,-0.19682645797729492,0.17618417739868253,0.5063390731811523,2.1413612365722656,-0.2912750244140625,-1.7375335693359446,0.341533660888679,-0.08166313171387074,-1.4376869201660156,1.491424560546882,0.0,5.0,7.0,12-03,0.05905858675638864
11-19,-0.04587364196777344,-0.08144378662109375,0.19032192230224698,0.28385257720947266,3.715423583984375,0.18050003051756391,-0.9699802398681605,0.2627201080322301,-0.23591804504395242,-0.9866447448730469,0.7018508911132812,0.0,6.0,5.0,12-04,0.2512340545654286
11-20,-0.03276777267456055,-0.07465791702270597,0.24124383926391602,-1.0586986541748011,0.5752906799316406,0.6727981567382884,-1.0965099334716832,0.7005844116210938,-0.43553161621094105,0.9960441589355398,0.8285675048828125,0.0,6.0,5.0,12-05,0.10969690481821659
11-21,0.0,-0.18325090408325195,0.21941947937011808,-1.1891164779663068,0.5113677978515625,0.04921722412109375,-1.6194477081298793,0.2714805603027344,0.00907135009765625,1.9075088500976491,1.2574806213378906,0.0,7.0,4.0,12-06,0.10281089941660555
11-22,0.03276777267456055,-0.1289553642272958,0.07638263702392667,-1.8028593063354492,0.3595619201660085,-0.3692207336425781,-1.9230976104736293,-0.20141220092773793,-0.4264602661132777,-0.5638008117675781,1.1210098266601562,0.0,4.0,7.0,12-07,-0.31884034474690787
11-23,0.026212215423584873,-0.040722370147705966,0.09154176712036133,-1.8028593063354492,-0.6471977233886719,-0.5415229797363281,-1.855621337890625,0.4291019439697301,0.27220916748046875,-0.5638008117675781,0.058490753173828125,0.0,5.0,6.0,12-08,-0.38118072350819876
11-24,0.1769394874572754,-0.027148723602294922,-0.00567626953125,-1.074040412902832,-0.5353355407714844,-0.7712593078613281,-0.7928600311279332,0.6743087768554723,0.27220916748046875,0.6389694213867116,-0.3411750793457031,0.0,4.0,7.0,12-09,-0.1487557093302415
11-25,-0.0065522193908682524,0.17646360397338778,-0.00567626953125,-1.6724414825439453,-0.2556800842285156,0.6071586608886648,-1.2651958465576243,0.6743087768554723,0.25406074523925426,1.6068191528320312,0.1169738769531179,0.0,6.0,5.0,12-10,0.019186576207477064
11-26,0.0,0.17646360397338778,-0.07638168334960849,-1.6187381744384783,-1.1665496826171804,1.444061279296875,-0.6579093933105504,0.5954933166503906,-0.145177841186527,0.6671600341796946,0.2826957702636719,0.0,5.0,6.0,12-11,-0.04157356421152706
11-27,0.0,0.006785392761230469,0.0036368370056161226,-0.9282779693603516,-1.5580711364746094,2.797870635986328,-0.6579093933105504,1.077142715454098,0.1451797485351527,0.2537078857421804,0.5751152038574219,0.0,7.0,4.0,12-12,0.14293166001637636
11-28,0.09829902648925781,-0.040723323822021484,0.03273534774780362,-0.4833230972290039,-2.0694503784179688,2.797870635986328,-2.2267494201660156,1.628860473632809,0.44460296630859375,-0.13155364990233664,0.1169738769531179,0.0,6.0,5.0,12-13,0.013961871465046979
11-29,0.06553316116333008,0.033935070037842685,-0.021824359893798828,-0.35289955139160156,-2.0694503784179688,2.953765869140625,-2.505096435546875,1.8390235900878906,0.21776580810546875,-0.20672988891601562,0.1169738769531179,0.0,6.0,5.0,12-14,0.005916396776834605
11-30,0.09174680709838956,-0.06787061691284091,0.04364728927612216,-0.13041305541992188,-3.443756103515625,2.371227264404297,-4.276365280151364,3.152627944946282,-0.06350898742675426,-0.6577720642089844,0.5653724670410085,0.0,5.0,6.0,12-15,-0.20125536123911592
12-01,0.13106727600097745,0.054297924041748935,-0.04364776611328125,0.5293502807617188,-3.0602340698242116,2.3794174194335938,-4.714969635009766,3.2577056884765696,0.13610458374023438,-1.9357070922851491,0.721343994140625,0.0,7.0,4.0,12-16,-0.21210594971974497
12-02,-0.06553268432617188,0.02714824676513583,-0.02182340621948331,0.713470458984375,-3.931163787841797,0.7958908081054688,-4.453491210937507,3.686809539794929,-0.34479522705078125,-3.467346191406236,0.9260482788085938,0.0,5.0,6.0,12-17,-0.5112320979436228
12-03,-0.2555809020996094,-0.027147293090820312,0.036370277404785156,1.3885822296142578,-1.3263664245605469,0.23794937133789062,-2.9521217346191406,3.3715496063232493,-1.3247489929199219,-2.84716796875,0.9260520935058594,0.0,5.0,6.0,12-18,-0.23105247815449972
12-04,-0.2490253448486337,-0.09502029418945312,0.0800180435180664,2.048356056213377,0.2237243652343821,2.1825103759765625,-3.019598007202145,4.615095138549805,-0.9799518585205043,-2.4995040893554616,1.3842010498046946,0.0,6.0,5.0,12-19,0.30756711959839084
12-05,-0.22281312942504883,0.020360946655273438,0.007274627685546875,1.9179410934448242,0.7510719299316406,2.4122467041015625,-3.18829345703125,4.466215133666992,-0.03629493713379617,-3.50494384765625,2.086051940917976,0.0,7.0,4.0,12-20,0.3924014170964559
12-06,-0.29489946365356445,0.01357269287109375,0.02909708023071289,2.1480884552001953,0.4714164733886719,1.0174179077148509,-3.6775016784668004,3.7481174468994105,-1.3247509002685547,-3.8902015686035156,1.6279029846191548,0.0,7.0,4.0,12-21,-0.010978380839028764
12-07,-0.15072393417358398,-0.05429506301879883,0.2182316780090332,2.0943851470947283,0.6471977233886719,1.9117507934570312,-4.630615234375,4.072137832641598,-0.7077426910400391,-2.950542449951179,0.9942855834961009,0.0,6.0,5.0,12-22,0.12033911546071356
12-08,-0.28179359436035245,-0.006785392761230469,0.14548921585083008,1.787510871887207,1.5101280212402344,2.7076263427734446,-3.475067138671875,3.9670639038085938,-0.9981002807617188,-2.9881248474121094,0.44840240478515625,0.0,6.0,5.0,12-23,0.23469579219818168
12-09,-0.24247312545776367,0.040723323822021484,0.11639070510864258,1.534346580505371,2.413017272949226,0.97637939453125,-2.0243129730224574,3.415346145629883,-1.1160507202148438,-3.2700233459472656,0.45815277099610086,0.0,7.0,4.0,12-24,0.19179133574168036
12-10,-0.20970726013183594,-0.033935070037842685,0.0581974983215332,1.534346580505371,2.468955993652351,0.7712554931640625,-1.745965957641598,3.1088504791259766,-1.1160507202148438,-3.2700233459472656,0.38017654418946023,0.0,6.0,5.0,12-25,0.16217501958211403
12-11,-0.23592090606689542,-0.033935070037842685,0.0581974983215332,0.6290884017944336,4.274726867675781,2.0019798278808594,0.025302886962890625,3.1088504791259766,-1.034389495849613,-4.547958374023445,-0.14621353149412641,0.0,6.0,5.0,12-26,0.34164404869079606
12-12,-0.20970726013183594,-0.033935070037842685,0.13094234466552734,0.5293483734130824,3.180084228515618,1.9937896728515625,1.290502548217777,2.811098098754883,-1.3156719207763636,-4.369426727294922,-0.21445465087890625,0.0,6.0,5.0,12-27,0.3160474697748817
12-13,-0.09829998016357422,-0.027149677276612216,0.07274484634399414,0.21480560302734375,4.051013946533203,3.5198936462402415,1.8724918365478551,2.530857086181644,-0.7712612152099609,-2.3585548400878977,-0.419158935546875,0.0,6.0,5.0,12-28,0.7156151930491136
12-14,-0.07208776473999023,0.0,0.10184240341186523,-0.46030616760253906,4.64227294921875,3.4460525512695384,2.3110923767089844,1.646381378173821,0.5807132720947266,-2.9787330627441335,-0.4484062194824219,0.0,6.0,5.0,12-29,0.7307351430257167
12-15,-0.01966094970703125,0.14252948760986417,0.0,-1.1737785339355469,4.858005523681641,3.8316802978515767,2.1255302429199254,0.008758544921867895,0.23591613769530895,-1.1463851928710938,-0.9260520935058594,0.0,6.0,5.0,12-30,0.6613786220550543
12-16,0.21626091003418058,-0.04072380065917969,0.07274341583251953,-1.3502216339111328,5.3453941345214915,2.272754669189453,1.7544040679931605,0.1576385498046804,-0.11795616149901988,-0.3852577209472656,-0.9260520935058594,0.0,6.0,5.0,12-31,0.5832486947377523
12-17,0.2883472442626962,-0.033935546875,0.01455068588256836,-1.3502216339111328,3.4757003784179688,0.5004959106445312,2.243612289428711,0.12260818481444602,-0.11795616149901988,-0.3852577209472656,-1.393951416015632,0.0,6.0,5.0,01-01,0.2803326845169059
12-18,0.14417171478271573,0.0067844390869140625,0.01455068588256836,-1.1200828552246094,2.7725677490234375,-0.7630538940429616,3.1967258453369105,0.12260818481444602,0.02721977233887074,0.15034866333007812,-1.822856903076179,0.0,8.0,3.0,01-02,0.22741528352101592
12-19,0.28179359436035245,-0.11538314819335938,0.01455068588256836,-0.5907220840454102,2.740619659423828,-1.558929443359375,2.4207401275634766,0.8056716918945312,0.7258892059326207,0.49802398681640625,-1.3647041320800781,0.0,7.0,4.0,01-03,0.3214625120162968
12-20,0.15727996826171875,-0.01357698440551669,0.01455068588256836,1.242824554443363,1.8377304077148366,-0.5825424194335938,2.0158824920654297,0.5341949462890625,2.0234146118164062,0.15974807739258523,-1.3744544982910227,0.0,8.0,3.0,01-04,0.5012543201446531
12-21,0.15727996826171875,-0.02715015411376953,0.014548778533935547,1.3732414245605504,0.7590599060058594,-1.2635498046875,1.3326683044433594,-0.27148056030272727,1.3701152801513707,1.3155250549316548,-0.6043663024902415,0.0,7.0,4.0,01-05,0.3463243246078509
12-22,0.40630674362182617,0.020360469818115234,-0.058196067810058594,1.1661052703857493,-0.6312217712402273,-1.5589332580566406,-0.6241626739502024,0.5517082214355469,1.7330589294433558,1.0806198120117259,-0.9552917480468821,0.0,6.0,5.0,01-06,0.09419616063435902
12-23,0.29489946365356445,0.0067882537841796875,-0.058196067810058594,0.7825145721435547,-1.06268310546875,-2.477874755859382,-1.1471118927001989,0.6655540466308594,1.6241779327392578,0.122161865234375,-0.799327850341804,0.0,6.0,5.0,01-07,-0.1707581281662002
12-24,0.09830141067504972,-0.02036142349243253,-0.05092048645019531,0.7748413085937536,-1.0706825256347656,-3.331195831298828,-1.864053726196289,1.0070877075195312,1.8963871002197266,1.8229484558105469,-1.0040283203125,0.0,5.0,6.0,01-08,-0.14513969421386688
12-26,0.07864141464233487,-0.006789207458496094,-0.029097080230712002,0.3529033660888672,-0.3995056152343679,-2.412242889404304,-1.7459716796875,1.1121749877929616,3.729259490966797,-0.093963623046875,-1.8228607177734375,0.0,4.0,7.0,01-10,-0.10312096277872766
12-27,0.08519363403320312,-0.02036142349243253,-0.10911655426025302,0.8208675384521484,-0.8868942260742188,-1.2389450073242188,-2.260486602783203,0.6655540466308523,3.075958251953125,-1.6819953918457031,-1.8228607177734375,0.0,4.0,7.0,01-11,-0.2810905377070115
12-28,0.08519363403320312,0.04750871658325195,0.09456729888916104,1.089385986328125,-0.8229713439941335,-0.27896881103515625,-3.171426773071289,1.3135871887207102,3.248359680175785,-2.180011749267578,-1.6961402893066406,0.0,6.0,5.0,01-12,-0.18924303849538013
12-29,0.032764434814453125,0.16289186477661222,0.12366390228271484,0.928278923034668,-0.7430839538574219,-0.3199882507324219,-3.8040237426757812,1.4361991882324219,3.0850353240966797,-2.1424293518066406,-1.8423576354980469,0.0,6.0,5.0,01-13,-0.25692077477773023
12-30,0.13106584548950195,0.3122067451477051,0.12366390228271484,0.928278923034668,-0.7191047668457031,0.7794723510742259,-3.483510971069336,0.8144340515136719,1.5697402954101598,-2.4055328369140625,-2.1835289001464844,0.0,7.0,4.0,01-14,-0.3444012800852449
12-31,0.19660091400146484,0.2104005813598624,0.11638975143432617,1.1124048233032227,-3.4996910095214773,1.7804603576660227,-3.205167770385742,1.2435340881347585,1.5697402954101598,-3.129077911376953,-1.8521041870117188,0.0,7.0,4.0,01-15,-0.4547091722488395
