,2010,2011,2012,2013,2014,2015,2016,2017,2018,2019,2020,ups,downs,avg
01-02,0.0,4.422106420279391,-3.0215833656141546,3.553303227562949,5.73378307703905,-3.287889644206084,-4.632587080668961,0.2795245330544775,7.980042568598439,5.803568121425903,-3.50291980243113,6.0,4.0,1.2115770959127163
01-03,0.0,4.422106420279391,-3.0215833656141546,3.553303227562949,5.73378307703905,-3.287889644206084,-4.632587080668961,0.2795245330544775,8.978784675493854,9.051725484528196,-3.50291980243113,6.0,4.0,1.5976588659125077
01-04,0.0,4.422106420279391,10.146703784571287,2.538070967695712,6.484640505133645,-3.287889644206084,-7.201310108112498,0.2795245330544775,8.208953170226877,3.6206901938112943,-2.2518804246690336,7.0,3.0,2.087237217980461
01-05,0.0,4.422106420279391,10.146703784571287,0.0,6.484640505133645,-3.287889644206084,-8.71369439099426,0.2795245330544775,8.208953170226877,3.6206901938112943,-2.2518804246690336,6.0,4.0,1.719014013382509
01-06,0.0,1.5075338834740315,10.146703784571287,0.0,7.181574547285781,1.4308450418714578,-8.71369439099426,0.2795245330544775,8.208953170226877,3.6206901938112943,-2.2518804246690336,7.0,3.0,1.946386394421083
01-07,0.0,1.5075338834740315,10.146703784571287,0.0,7.181574547285781,1.5898236127033056,-12.599814240836348,0.2795245330544775,8.208953170226877,3.6206901938112943,-2.2518804246690336,7.0,3.0,1.6075553690565159
01-08,0.0,1.5075338834740315,10.146703784571287,0.0,7.181574547285781,1.7584062964670157,-10.647735230911014,0.2795245330544775,8.208953170226877,6.2866720940033485,-2.2518804246690336,7.0,3.0,2.0427047866820702
01-09,0.0,1.5075338834740315,17.415727868915003,0.0,2.4390284875953205,5.504589229575525,-11.091392628461701,0.2795245330544775,5.671648136126615,6.2866720940033485,-2.0016661859851075,7.0,3.0,2.3646968562088646
01-10,0.0,10.502279804217192,21.91011115556828,-2.604166563186385,1.55826891832011,5.963300745572072,-10.79646235784238,0.2795245330544775,5.671648136126615,6.119031661666724,-2.0016661859851075,7.0,3.0,3.3274427134101447
01-11,0.0,10.502279804217192,21.91011115556828,-2.604166563186385,1.55826891832011,7.169809881246302,-7.100093303452081,0.0,0.7462667446939887,6.119031661666724,0.1668015385415819,7.0,3.0,3.497119076146883
01-12,0.0,9.132420250399171,21.91011115556828,-2.604166563186385,1.55826891832011,7.169809881246302,-7.100093303452081,0.0,0.24876190776232993,6.119031661666724,-5.929204114910463,6.0,4.0,2.773176344855817
01-13,0.0,9.545456279407848,21.91011115556828,-2.604166563186385,-6.213445971004982,0.23566169717177393,-7.74527178199957,0.0,-0.8457715077989206,6.119031661666724,-3.9062481890950504,4.0,6.0,1.4995778891572469
01-14,0.0,9.545456279407848,8.089880272077936,-2.604166563186385,-6.6030785838125565,2.0424138614057346,-6.631764627853549,0.0,-0.8457715077989206,6.119031661666724,-8.212995069297161,4.0,6.0,0.0817277929645155
01-15,0.0,9.545456279407848,8.089880272077936,-2.604166563186385,-7.483488595195762,0.16012413495478228,-5.148343373681983,0.0,-0.8457715077989206,6.119031661666724,-8.212995069297161,4.0,6.0,-0.034570251004811064
01-16,0.0,12.71929699811758,11.08695136126127,-2.604166563186385,-8.290536353287983,-0.7205776960541399,-5.148343373681983,0.0,-0.8457715077989206,3.4941768743666635,-8.212995069297161,3.0,7.0,0.1343667882217222
01-17,0.0,12.71929699811758,11.08695136126127,-2.604166563186385,-8.290536353287983,-0.7205776960541399,-8.168759599343813,0.0,0.0,3.4941768743666635,-8.212995069297161,3.0,7.0,-0.06332818612945136
01-18,0.0,12.71929699811758,11.08695136126127,-2.604166563186385,-8.290536353287983,-0.7205776960541399,-8.168759599343813,-0.77465219597955,0.0,0.7487533208017613,-8.212995069297161,3.0,7.0,-0.3833350724516746
01-19,0.0,15.677969081070975,14.345548253372986,-2.604166563186385,-8.290536353287983,0.3169569113768284,-8.168759599343813,-0.77465219597955,0.0,0.7487533208017613,-9.899174507891809,4.0,6.0,0.122903486084819
01-20,0.0,15.677969081070975,6.806288578247378,-2.604166563186385,-8.290536353287983,1.6419080435755344,-2.0833378324762215,-0.77465219597955,0.0,-0.42087702233338364,-9.899174507891809,3.0,7.0,0.004856475248959733
01-21,0.0,7.203392946867343,6.806288578247378,-2.604166563186385,-8.290536353287983,0.7587282181659335,-6.30291692456097,-0.77465219597955,0.0,-0.42087702233338364,-9.899174507891809,3.0,7.0,-1.2294467112690386
01-22,0.0,7.203392946867343,6.806288578247378,-2.604166563186385,-13.103448376659971,-3.3541366256770053,-9.97177285541481,-0.77465219597955,0.0,-2.4034394490463513,-9.899174507891809,2.0,8.0,-2.554646277158288
01-23,0.0,7.045839919528682,6.806288578247378,0.0,-13.103448376659971,-3.3541366256770053,-9.97177285541481,-0.77465219597955,-9.536784542888578,-1.2733495382410558,0.0,2.0,8.0,-2.1965468760986284
01-24,0.0,8.368200970385566,6.4143069996885265,0.0,-4.827587013279869,0.7020292880679856,-9.97177285541481,-0.77465219597955,-9.536784542888578,5.467508610462517,-1.9469049850918605,4.0,6.0,-0.5550596112772794
01-25,0.0,8.368200970385566,6.4143069996885265,0.0,-4.444443794857847,0.7020292880679856,-0.8628078212154435,-0.77465219597955,-9.536784542888578,5.467508610462517,1.946904985091876,5.0,5.0,0.6618420453413685
01-26,0.0,7.949789325758619,6.4143069996885265,0.0,1.2318845937993743,0.7020292880679856,-0.25884152352226564,-0.77465219597955,-9.536784542888578,5.467508610462517,1.946904985091876,6.0,4.0,1.1947405036798642
01-27,0.0,4.602512129819722,3.259730937494923,0.0,1.58844953768487,-2.6612897891779803,1.1216575731613836,-0.77465219597955,-9.536784542888578,3.3225270854322293,3.90286053501213,6.0,4.0,0.43863738823265
01-28,0.0,4.602512129819722,3.259730937494923,0.0,1.0167054369545807,-0.7258077044889298,3.8826557665286816,-0.77465219597955,-10.13698839161494,1.729819046195336,3.90286053501213,6.0,4.0,0.614257778174723
01-29,0.0,4.602512129819722,-1.321584653825653,0.0,1.0167054369545807,4.5107045567988155,3.8826557665286816,-0.77465219597955,-10.13698839161494,0.9884669041635255,3.90286053501213,6.0,4.0,0.606425462532483
01-30,0.0,4.602512129819722,-6.8524991418592265,0.0,1.0167054369545807,3.5168198840221203,3.8826557665286816,-0.77465219597955,-10.13698839161494,0.9884669041635255,5.377275801543445,6.0,4.0,0.14729965396166894
01-31,0.0,4.602512129819722,-6.976737223037999,-7.2625763805235195,1.0167054369545807,2.2171251035516786,3.8826557665286816,0.0,-10.13698839161494,2.222218210423417,5.377275801543445,6.0,4.0,-0.45980086785044844
02-01,0.0,2.074688763841039,-11.046508920070318,-7.2625763805235195,1.0167054369545807,2.2171251035516786,3.8826557665286816,2.203861146074802,-10.13698839161494,2.222218210423417,5.377275801543445,7.0,3.0,-0.8592312239355574
02-02,0.0,1.7485431652362462,-11.046508920070318,-7.2625763805235195,1.0167054369545807,6.093978933040089,4.745471816167799,2.001380030599203,-10.13698839161494,4.11522646665303,5.377275801543445,7.0,3.0,-0.3043174583649439
02-03,0.0,1.9150748670056974,-11.046508920070318,-7.2625763805235195,1.0167054369545807,5.8571406773158605,8.28300280852557,2.001380030599203,-0.547947295724529,4.11522646665303,5.377275801543445,7.0,3.0,0.8826157720253653
02-04,0.0,0.4995871646397729,-10.581393105201117,-7.2625763805235195,9.937885459829632,8.428573608398425,8.28300280852557,2.001380030599203,-0.547947295724529,4.11522646665303,5.377275801543445,7.0,3.0,1.8410013235218101
02-05,0.0,0.4995871646397729,-10.581393105201117,-7.2625763805235195,9.999998684587137,8.428573608398425,0.0,2.001380030599203,-0.21846486452249286,3.0452666434226385,-1.3452966577263776,5.0,5.0,0.4151886476066977
02-06,0.0,0.4995871646397729,-9.310349854882533,-7.2625763805235195,4.166662803402539,8.428573608398425,0.0,2.001380030599203,-0.21846486452249286,-3.8683150764218888,-3.57470530501671,4.0,6.0,-0.830746170393382
02-07,0.0,0.4995871646397729,-9.310349854882533,-7.2625763805235195,3.819439247434384,11.42857415335519,0.0,2.001380030599203,-0.7135075357546948,-1.5637904528642332,-5.682858792212999,4.0,7.0,-0.6167365836554023
02-08,0.0,0.4995871646397729,-9.310349854882533,-7.2625763805235195,4.374994287888058,12.614517369877722,0.0,2.001380030599203,-0.16465800096667474,0.08229856396264906,-5.682858792212999,5.0,6.0,-0.25887869196530144
02-09,0.0,0.4995871646397729,-4.367817503124927,-7.2625763805235195,4.374994287888058,13.104420317071638,0.1722610222288112,2.001380030599203,-0.16465800096667474,0.08229856396264906,-7.455733689324375,6.0,5.0,0.089468710222785
02-10,0.0,0.4995871646397729,1.034484535184081,-7.2625763805235195,4.374994287888058,14.482761251515356,-2.385163118750974,2.001380030599203,-0.16465800096667474,2.4899555878842787,-7.355679503620516,6.0,5.0,0.7013714412590061
02-11,2.857142857142857,0.4995871646397729,1.1494187354914067,-17.07317810694013,4.374994287888058,11.08089809798702,-2.385163118750974,2.001380030599203,-0.16465800096667474,3.57426373162225,-11.400959497683647,7.0,4.0,-0.49875216536098715
02-12,2.857142857142857,-0.3330554628703219,1.1494187354914067,-17.07317810694013,5.555551921679921,7.786056442537928,-2.385163118750974,2.001380030599203,-0.16465800096667474,3.57426373162225,-14.158408886053692,6.0,5.0,-1.0173318051371114
02-13,2.857142857142857,-0.3330554628703219,2.824858635299635,-9.146341676161713,4.63988325546644,5.2132730798862665,-2.385163118750974,2.001380030599203,-0.16465800096667474,3.4948413719214653,-15.184809883457397,6.0,5.0,-0.5620589919901103
02-14,6.0773500457816345,-0.3330554628703219,2.824858635299635,-9.146341676161713,-0.34626171875232187,5.2132730798862665,-1.9349188148034078,-0.2070440794989241,-0.16465800096667474,3.4948413719214653,-15.184809883457397,4.0,7.0,-0.8824333185110689
02-15,6.0773500457816345,0.0,4.444440205891907,-9.146341676161713,-0.4155153833813792,6.229070905332644,-1.9349188148034078,0.0,-0.4939635344658406,3.4948413719214653,-11.388605030789103,4.0,7.0,-0.2848765373339812
02-16,6.0773500457816345,0.0,0.0,-9.146341676161713,-0.9046632948936879,6.229070905332644,-1.9349188148034078,0.0,-0.4939635344658406,3.4948413719214653,-15.067080509504216,3.0,8.0,-1.0677914097084658
02-17,6.0773500457816345,0.0,0.0,-9.146341676161713,0.6849341017596597,6.417112538095177,5.1554836389058085,0.0,0.0,8.093802018802954,-19.892466557564962,5.0,6.0,-0.23728417185285847
02-18,6.0773500457816345,0.0,0.0,-9.146341676161713,-4.6931379106669535,4.697070116358008,5.1554836389058085,0.0,0.0,8.988769502996394,-18.239652785699803,4.0,7.0,-0.6509508244078749
02-19,6.0773500457816345,0.0,0.0,-9.146341676161713,-1.6231442554549564,3.403676067272928,5.1554836389058085,-2.765953043242298,-5.439806651370329,8.301889671469635,-16.93461882771856,4.0,7.0,-1.1792240936834408
02-20,6.0773500457816345,0.0,0.0,-9.146341676161713,-0.3484267298355706,2.8590819238721177,4.991821579557781,-2.765953043242298,-5.439806651370329,4.705885344860601,-17.65350522894824,4.0,7.0,-1.5199904032260017
02-21,6.0773500457816345,0.0,0.0,-9.146341676161713,-0.3484267298355706,1.2933940490850797,4.991821579557781,-0.06906235633962925,-2.417079121405984,-0.241543742245623,-17.763156862800457,3.0,8.0,-1.6020949831240436
02-22,15.0,1.959181805046237,0.0,0.0,-0.3484267298355706,1.0914041546893585,4.991821579557781,0.06896709573679957,-2.417079121405984,-1.3687606702871482,-13.486847712117509,5.0,6.0,0.499114581943997
02-23,15.0,1.5573736340471598,0.0,0.0,-0.9109961919859281,1.0914041546893585,7.3649799716691335,2.489905074747584,-2.417079121405984,-1.3687606702871482,-16.817164588370577,5.0,6.0,0.544514751191236
02-24,12.93532503544964,1.5573736340471598,-1.7241445458980778,0.0,-1.5514760833551815,-2.1527807488118476,7.9674835830396376,2.489905074747584,-2.417079121405984,-6.334459377824173,-23.067783225401413,4.0,7.0,-1.1179668886738778
02-25,9.227683567235408,1.5573736340471598,-1.7241445458980778,1.7964139563091546,-3.0388714965947425,-2.5694503405213447,7.636072315315862,2.489905074747584,-2.417079121405984,-6.334459377824173,-30.65977175353626,5.0,6.0,-2.1851207352841286
02-26,9.227683567235408,1.5573736340471598,-1.7241445458980778,1.7964139563091546,-2.0494697503260353,-3.6805604214286793,7.636072315315862,4.039739039345569,-2.417079121405984,-6.334459377824173,-37.8787866846052,5.0,6.0,-2.711565217203182
02-27,9.227683567235408,1.5573736340471598,-1.7241445458980778,1.7964139563091546,-0.3491633505616165,-3.6805604214286793,7.636072315315862,4.039739039345569,-3.8176644183499135,-6.334459377824173,-33.471064392455624,5.0,6.0,-2.2836158176604484
02-28,9.227683567235408,1.5573736340471598,-3.4482781300221843,0.6060629179983212,-1.9553120992503144,-3.8888919059141984,8.894228344485516,4.039739039345569,-3.8176644183499135,-11.655406221758257,-28.09917214241221,5.0,6.0,-2.5945124922359186
02-29,0.0,0.0,0.0,0.0,0.0,0.0,8.894228344485516,0.0,0.0,0.0,-29.889807271096476,1.0,2.0,-1.9086889933282691
03-01,9.227683567235408,2.3577232305368203,0.0,0.6060629179983212,3.2821181799631547,-5.277973244100021,2.0833276021172935,4.039739039345569,-3.8176644183499135,-12.753380147142924,-56.90515717218594,6.0,5.0,-5.196138222234748
03-02,6.217610896515166,2.3577232305368203,0.0,0.6060629179983212,2.8070148668791117,-5.277973244100021,2.0833276021172935,7.601571625252246,1.5384533455983282,-11.908782341560386,-64.86015124241507,7.0,4.0,-5.34864930392529
03-03,7.179485223232171,-5.814976433742156,0.0,0.6060629179983212,2.8070148668791117,-3.3778996548047973,2.6294814238304416,7.601571625252246,1.5384533455983282,-11.908782341560386,-77.0398473903933,6.0,5.0,-6.889039674337275
03-04,9.950248567377184,-5.814976433742156,5.945948007944449,0.6060629179983212,0.5614029733758223,-1.5905915742016985,2.6294814238304416,5.111406782086672,1.5384533455983282,-11.908782341560386,-66.42335499664865,7.0,4.0,-5.3995183025401525
03-05,0.4975143262281594,-7.929511791027194,5.945948007944449,0.6060629179983212,-1.8452819451111366,-2.7330019421005427,2.6294814238304416,5.111406782086672,0.974212429004552,-3.658534977943359,-61.38433562944766,6.0,5.0,-5.61691276350339
03-06,0.4975143262281594,-7.929511791027194,5.945948007944449,0.6060629179983212,-1.2775039263766144,-2.7330019421005427,4.231974546761819,5.111406782086672,-1.948424858009104,-0.9756088105549114,-53.18761745046889,5.0,6.0,-4.696251108865258
03-07,0.4975143262281594,-7.929511791027194,5.945948007944449,0.6060629179983212,-0.6387519631882945,-0.9109961919859281,4.231974546761819,4.980342185339039,-1.948424858009104,4.36187364185185,-40.801463412430984,6.0,5.0,-2.873221144592533
03-08,-4.712039793483079,-7.488981490988644,2.2471889644660736,-1.212125835996707,-0.42583012982695245,1.0989065691980104,3.6050159082738578,4.005167337811918,-1.948424858009104,4.36187364185185,-40.801463412430984,5.0,6.0,-3.7518830090121598
03-09,-5.235601989674154,1.6129017372408898,2.2471889644660736,-1.212125835996707,1.6678298753748626,3.485257741988145,1.4411477566052064,-2.234258046570298,-1.948424858009104,4.36187364185185,-52.76680052346543,6.0,5.0,-4.416455594198969
03-10,-4.397906470215735,5.352990812099187,2.2471889644660736,-1.212125835996707,1.6678298753748626,3.5499040576829115,0.08006588522892079,-2.234258046570298,-0.5730571332321764,4.36187364185185,-39.347412202015676,6.0,5.0,-2.7731733137569807
03-11,-4.947371231882177,5.352990812099187,0.6849362790982045,-1.212125835996707,-4.044111923775619,3.5499040576829115,0.08006588522892079,-2.234258046570298,-0.5730571332321764,1.168609307161155,-15.238095382263703,5.0,6.0,-1.5829557465863908
03-12,-4.947371231882177,4.577192683268787,0.7981829514794019,-1.212125835996707,-4.678358007099602,5.581396291974908,0.08006588522892079,-2.234258046570298,-0.5730571332321764,1.168609307161155,10.164421861322785,6.0,5.0,0.7931544296049996
03-13,-1.5789433529502468,6.463874163141685,2.466370685505777,-13.324172558192634,-4.166664342898904,5.581396291974908,0.08006588522892079,-1.4784964068333584,-0.5730571332321764,1.168609307161155,14.499256483292488,6.0,5.0,0.830749002017965
03-14,1.5306180539302816,7.518796884654383,2.466370685505777,-13.324172558192634,-4.166664342898904,5.581396291974908,0.08006588522892079,-1.6835016402555616,-0.5730571332321764,1.168609307161155,21.225710973819073,7.0,4.0,1.8021974916086565
03-15,2.4267008742271403,6.321400734743213,-4.99431963026449,-13.324172558192634,-4.166664342898904,3.003410183210931,-3.74064687658969,-2.7609416624912644,-0.5730571332321764,1.168609307161155,18.67284003989832,5.0,6.0,0.184832630506509
03-16,1.4155747063980166,13.556738137522743,-4.99431963026449,-13.324172558192634,-4.166664342898904,3.003410183210931,-4.3225309169249755,-2.553764190311605,0.0,-2.671124046126648,13.322367647100345,4.0,7.0,-0.06677136458974738
03-17,-1.6177941542755707,13.556738137522743,-4.99431963026449,-15.223466142696335,-2.5179884250006483,1.2969254971377402,-4.590167445670088,-2.553764190311605,0.0,-2.9288735318503187,9.868419607920643,3.0,8.0,-0.8822082070443568
03-18,-1.6177941542755707,13.556738137522743,-4.99431963026449,-18.5344821089466,1.3305292992731028,2.5938509942754804,-4.590167445670088,-2.553764190311605,0.0,-2.9288735318503187,-7.647056348596018,3.0,8.0,-2.3077580889857603
03-19,3.43781739924248,13.556738137522743,-12.942618729256298,-18.5344821089466,3.691045506691463,0.6143290188194774,-4.590167445670088,-2.553764190311605,0.0,-2.9288735318503187,-4.571424211774554,4.0,7.0,-2.2564909232303005
03-20,3.43781739924248,13.556738137522743,-10.7784380528598,-18.5344821089466,1.6404632210581076,-1.8430065856258295,-4.590167445670088,-1.0596016117221856,0.0,-3.5983289710380832,3.6190487089611234,4.0,7.0,-1.6499961190071033
03-21,3.43781739924248,13.556738137522743,-6.586816909387217,-18.5344821089466,1.6404632210581076,-1.9112675354021371,-8.503401195044722,-4.8070349523886025,-5.438075935759112,-3.5983289710380832,0.7619040352957589,4.0,7.0,-2.7256804377133985
03-22,3.43781739924248,5.559790476374481,-4.910177588997203,-18.5344821089466,7.040326212673803,-2.2602733909848918,-5.6683595058579,0.0,-5.438075935759112,-0.2510437945608471,0.572514013007099,4.0,7.0,-1.8592694748916996
03-23,3.535347891734263,-0.5460269123625354,-5.02994080366759,-18.5344821089466,7.4829894018236605,-2.2602733909848918,-9.369524410471444,0.0,-5.438075935759112,-0.2510437945608471,-5.465586595123076,2.0,9.0,-3.2615106053016523
03-24,4.04040034286038,-2.5741024302776134,-6.826343338727947,-18.5344821089466,8.908237752982377,-2.2602733909848918,-8.13852437108481,-0.7447505299123136,-5.438075935759112,-0.2510437945608471,-27.53036675630367,2.0,9.0,-5.395393141883186
03-25,1.0100952691779579,-3.744153723376715,-18.933334350585938,-14.583336368755123,8.372404383452443,1.5052326325636969,-4.155840123893438,-0.5416379229968384,-5.438075935759112,4.845119959956284,-35.42510080424281,4.0,7.0,-6.098966089496327
03-26,0.1010027837658038,-2.4181000545721774,-17.678102454818106,-1.1111167036458183,2.21586469631234,4.123037470226555,-4.155840123893438,0.3355653579907861,-5.438075935759112,4.845119959956284,-31.174087935527755,5.0,6.0,-4.577702994542241
03-27,0.1010027837658038,-2.4181000545721774,-17.678102454818106,3.8926170372833138,2.8409063970008153,4.123037470226555,-5.897888173791735,0.3355653579907861,-5.438075935759112,6.0392192765778185,-23.076920106900324,6.0,5.0,-3.3797034911814876
03-28,0.1010027837658038,-2.4181000545721774,-20.85048649818246,6.577178304203181,1.2784112652779236,4.123037470226555,-5.897888173791735,0.3355653579907861,-5.438075935759112,6.274511299881294,-23.076920106900324,6.0,5.0,-3.544705844350933
03-29,0.1010027837658038,-2.4181000545721774,-20.85048649818246,6.577178304203181,-1.420453198500414,4.123037470226555,-5.897888173791735,0.1342248630965281,-5.438075935759112,6.274511299881294,-23.076920106900324,5.0,6.0,-3.808360840593897
03-30,0.1010027837658038,-2.4181000545721774,-12.345673844166976,6.577178304203181,-2.145924181388601,4.123037470226555,-4.991393540604556,0.1342248630965281,-5.438075935759112,6.274511299881294,-23.076920106900324,5.0,6.0,-3.01873935838349
03-31,3.0392105072472235,0.9056595136534493,-14.540472224464349,6.577178304203181,-2.145924181388601,4.123037470226555,-0.16419953684941094,-1.342287033958871,-5.438075935759112,6.274511299881294,-3.2388632704213958,5.0,6.0,-0.5409295534209124
04-01,3.0392105072472235,0.9056595136534493,-14.540472224464349,6.577178304203181,-4.649503529959427,4.450257613775762,3.4482764020577927,0.8724776113747619,-5.438075935759112,10.754297962178256,6.082292366852412,8.0,3.0,1.045599871923632
04-02,2.94117839553643,0.9056595136534493,-19.285719735281834,6.577178304203181,-4.649503529959427,4.450257613775762,2.9556699616713473,0.8724776113747619,-5.438075935759112,11.350146772463217,-0.5758106094344931,7.0,4.0,0.00940530565848018
04-03,2.94117839553643,0.9056595136534493,-19.285719735281834,11.33757805475098,-5.150216670991615,4.450257613775762,2.9556699616713473,-0.47619489392385456,0.0,12.390032929030925,5.182341246633539,7.0,4.0,1.3864169468050116
04-04,2.94117839553643,0.9056595136534493,-7.142857142857142,8.179418097618507,-6.795427711348003,4.450257613775762,2.9556699616713473,-0.47619489392385456,0.0,12.390032929030925,5.182341246633539,7.0,4.0,2.053643455435542
04-05,2.94117839553643,3.2452853220813545,-8.285713195800781,5.013194172370458,-6.795427711348003,4.450257613775762,6.2397389970415595,-0.47619489392385456,0.0,7.697948418666102,1.1999988555908203,7.0,4.0,1.3845696339990772
04-06,1.492542978684478,3.2452853220813545,-8.285713195800781,5.013194172370458,-9.2172657048253,4.450257613775762,5.172414603086682,-1.3605429378242737,0.0,7.697948418666102,1.1999988555908203,7.0,4.0,0.8552836478004818
04-07,3.508777800395784,3.2452853220813545,-8.285713195800781,5.013194172370458,-7.101870549448447,0.0,10.621560797938038,-1.3605429378242737,0.0,6.947521056431523,2.3715392671163573,6.0,5.0,1.3599774302963648
04-08,1.492542978684478,3.2452853220813545,-8.285713195800781,5.013194172370458,0.5685851132995061,-3.173526671423674,10.621560797938038,-1.3605429378242737,0.0,6.947521056431523,-0.20284440628887296,6.0,5.0,1.3514602026788867
04-09,1.492542978684478,3.2452853220813545,-8.285713195800781,1.7150411048732137,0.35385838874667014,-3.173526671423674,10.621560797938038,-1.3605429378242737,0.0,5.13392560956927,-0.20284440628887296,6.0,5.0,0.8672351809595839
04-10,1.492542978684478,-5.081966354525961,-4.142856597900391,1.7150411048732137,0.639659946979244,-3.173526671423674,10.621560797938038,-1.3605429378242737,0.0,4.992548975297561,-0.20284440628887296,5.0,6.0,0.49996516689176024
04-11,1.492542978684478,-5.081966354525961,-4.142856597900391,8.700981022348245,0.639659946979244,-3.173526671423674,12.615387256328889,8.194700931721618,0.0,4.992548975297561,-0.20284440628887296,6.0,5.0,2.1849660982928305
04-12,1.492542978684478,-1.7460262436026381,-4.142856597900391,8.700981022348245,0.639659946979244,-3.173526671423674,9.289621351107062,8.194700931721618,0.0,0.2235449538050549,-0.20284440628887296,6.0,5.0,1.7523452059481932
04-13,-3.0303050736824217,-3.9215686274509802,0.0,8.700981022348245,0.4273534172344844,-3.173526671423674,4.094484345661139,9.426985681605107,0.0,-0.4470899076101363,0.6036163830508849,5.0,6.0,1.1528118699756953
04-14,-1.4925334893879774,-3.9215686274509802,0.0,10.34898395818891,-1.6727239435369319,-3.173526671423674,2.3255810396395833,9.426985681605107,0.0,-8.01282080672903,-12.474856912867857,3.0,8.0,-0.7860436156329864
04-15,-1.4925334893879774,-3.9215686274509802,-0.7194272245620277,10.34898395818891,-1.6727239435369319,1.736337327664767,2.3255810396395833,9.426985681605107,0.0,-8.01282080672903,6.294962378319689,5.0,6.0,1.30125239034101
04-16,-1.4925334893879774,-3.9215686274509802,1.1299424374029994,5.535505315959431,2.2174497574611034,1.736337327664767,2.3255810396395833,9.426985681605107,0.0,-9.294878554767667,15.54054162901103,7.0,4.0,2.1093965924670357
04-17,0.0,-0.9139366680362873,-0.7194272245620277,8.784602395294677,1.900073589295224,1.736337327664767,2.3255810396395833,9.259264710072436,0.0,-7.2107754014594985,15.54054162901103,6.0,5.0,2.791114672447264
04-18,0.0,-0.9139366680362873,-0.7194272245620277,8.784602395294677,0.9852240882964037,1.736337327664767,2.3255810396395833,10.52952199499143,0.0,-7.2107754014594985,14.527029095120959,6.0,5.0,2.731286967904546
04-19,0.0,-0.9139366680362873,-3.7037037037037033,8.784602395294677,0.9852240882964037,1.736337327664767,2.3255810396395833,10.52952199499143,0.0,-6.497620461649407,14.527029095120959,6.0,5.0,2.5248213734198566
04-20,-2.0895525787210687,6.870233175547572,-3.7037037037037033,8.784602395294677,1.6771538627174076,1.736337327664767,-5.9166669845581055,10.52952199499143,0.0,-6.497620461649407,14.527029095120959,6.0,5.0,2.3561212838822296
04-21,-19.642864846859222,6.870233175547572,-3.7037037037037033,8.784602395294677,1.6771538627174076,5.6086627425206315,-8.5397096220526,10.52952199499143,0.0,-7.95180551232957,5.9160297007682905,6.0,5.0,-0.04107998300955346
04-22,-19.642864846859222,3.8167937819853983,-3.7037037037037033,8.784602395294677,1.2578637309404261,3.32897705852972,-11.016225086683782,1.2172900744039874,0.0,-7.95180551232957,5.9160297007682905,6.0,5.0,-1.6357311279685256
04-23,-19.642864846859222,3.8167937819853983,-6.8702258955911715,8.784602395294677,1.6771538627174076,3.32897705852972,-9.393683841898554,1.2172900744039874,0.0,-8.488279712602493,1.400003433227539,6.0,5.0,-2.1972939718902467
04-24,-17.857143668090465,3.8167937819853983,-6.8702258955911715,1.8050609462124265,1.886795596410639,3.32897705852972,-11.682651450669988,1.2172900744039874,0.0,-8.488279712602493,0.6000041961669922,6.0,5.0,-2.9312162793859047
04-25,-17.857143668090465,3.8167937819853983,-6.8702258955911715,0.0,3.9133501271532394,3.32897705852972,-10.71737906222406,5.858470082893328,0.0,-0.8892454138634334,0.6000041961669922,5.0,6.0,-1.7105817084582229
04-26,-17.857143668090465,2.6717585593723396,-6.106864227211544,0.0,3.9133501271532394,3.32897705852972,-9.956706489518261,5.858470082893328,-4.482317409300396,-0.8892454138634334,4.789272223147376,5.0,6.0,-1.7027681051716455
04-27,-19.642864846859222,2.6717585593723396,-8.091598741033474,0.0,4.513886359370718,7.43749737739563,-5.588482844723966,5.858470082893328,-4.482317409300396,-0.8892454138634334,9.800370531014838,5.0,6.0,-0.7647751223394214
04-28,-19.642864846859222,-0.2290055885313314,-6.106864227211544,7.35785761164446,4.513886359370718,2.8124988079070934,-5.409977577770393,6.032476925672592,-4.482317409300396,-7.679028282408716,-2.9629600849335267,4.0,7.0,-2.3451180284018425
04-29,-19.642864846859222,-0.2290055885313314,-1.7569529560692774,7.35785761164446,1.2711886095724656,2.8124988079070934,-5.409977577770393,4.698372834664202,-4.482317409300396,-7.124463097714375,-9.629629106351551,4.0,7.0,-2.9213902471643935
04-30,-19.642864846859222,-0.2290055885313314,-3.576747686344918,7.35785761164446,-1.6452110403563875,2.8124988079070934,-5.409977577770393,0.4242405746922564,-4.482317409300396,-8.326182822237557,-14.285719545914771,3.0,8.0,-4.273039047551925
05-01,-19.642864846859222,-0.2290055885313314,-9.621445457351504,7.35785761164446,-2.3605213747208897,2.8124988079070934,-5.588482844723966,0.4242405746922564,-2.5402717652831335,-8.326182822237557,-14.285719545914771,3.0,8.0,-4.727263386488961
05-02,-19.642864846859222,-0.2290055885313314,-10.837435646559834,7.35785761164446,-2.3605213747208897,1.9375026226043701,-5.588482844723966,0.4242405746922564,-4.482317409300396,-11.359565916124433,-1.1583000920443032,3.0,8.0,-4.176262991811208
05-03,-19.642864846859222,0.0,-10.837435646559834,7.35785761164446,-2.3605213747208897,1.9375026226043701,-4.438644378077343,2.8959797216826857,-4.482317409300396,-11.359565916124433,0.945183196510814,4.0,7.0,-3.634984219927254
05-04,0.0,0.0,-7.553366611189623,7.35785761164446,-6.078581633886615,5.139064619676569,-1.9147108042753163,2.8959797216826857,-4.482317409300396,-10.644003111810225,0.945183196510814,4.0,7.0,-1.3031722200861495
05-05,-5.660375095112487,-11.016950590861828,-7.553366611189623,7.35785761164446,-6.078581633886615,7.376065013139264,0.1740600912771904,2.8959797216826857,-4.482317409300396,-10.644003111810225,0.945183196510814,5.0,6.0,-2.426040801627887
05-06,-4.999995231628396,-11.016950590861828,-7.553366611189623,7.35785761164446,-6.078581633886615,7.376065013139264,-0.6962569651841791,-1.8912511429155356,-4.482317409300396,-10.644003111810225,5.482040906318715,3.0,8.0,-2.4678871968794875
05-07,-4.999995231628396,-11.016950590861828,-13.126083486857315,7.35785761164446,-6.078581633886615,7.376065013139264,-0.5221968739070043,-4.611652002380482,-6.08973610487385,-10.644003111810225,9.532065728820807,3.0,8.0,-2.983928243872835
05-08,-4.999995231628396,-9.623435904266437,-13.126083486857315,11.02783421995771,-4.727269952947443,3.2648179300909694,-1.1383547598285815,-4.611652002380482,-6.08973610487385,-11.945698389498709,4.506061575461712,3.0,8.0,-3.4057738278882566
05-09,-4.999995231628396,-9.623435904266437,-13.126083486857315,4.5744613718260645,-4.727269952947443,3.2648179300909694,0.7731971643756771,-4.611652002380482,0.5025120811725401,-5.363637750799006,6.412476374040985,5.0,6.0,-2.447691764306622
05-10,-4.999995231628396,-15.929204958870036,-17.96200291373036,4.5744613718260645,-2.9818170720880683,3.2648179300909694,-1.4604817120255797,-1.5312145812201414,0.5025120811725401,-5.909087441184304,6.412476374040985,4.0,7.0,-3.2745032866923935
05-11,-4.999995231628396,-14.410485586815824,-15.88946601649906,4.5744613718260645,-2.9818170720880683,3.4981901470142454,1.25208367497377,2.8268525039848758,0.5025120811725401,-5.909087441184304,6.412476374040985,6.0,5.0,-2.2840250177457433
05-12,-4.999995231628396,-14.410485586815824,-9.499139798937797,4.5744613718260645,-3.1318304407295208,3.1477024416140047,1.4190244500451363,2.8268525039848758,-1.3819052280162198,-5.909087441184304,4.085257804587563,5.0,6.0,-2.1162859232049467
05-13,-4.999995231628396,-14.410485586815824,-9.499139798937797,-0.22346880659111507,-0.9386220735454331,3.1477024416140047,1.4190244500451363,2.8268525039848758,-1.3819052280162198,-5.909087441184304,7.9929001235372406,4.0,7.0,-1.9978386043216212
05-14,-4.999995231628396,-14.410485586815824,-9.499139798937797,-0.22346880659111507,-1.8208303593233788,3.0303030303030303,4.09014849617177,2.8268525039848758,-4.1290283203125,-6.489945753015254,19.604862869458216,4.0,7.0,-1.0927933597005797
05-15,-4.999995231628396,-14.410485586815824,-5.181350478607816,-0.22346880659111507,2.669551909987442,-0.24242979107483215,4.09014849617177,2.1352348595440285,-2.193549371534778,-2.1937909871845704,19.604862869458216,4.0,7.0,-0.08593382893417098
05-16,-4.999995231628396,-12.446358887712828,-0.16447745077834147,-0.22346880659111507,2.669551909987442,-0.24242979107483215,4.09014849617177,-0.355868705636611,-2.193549371534778,-2.1937909871845704,19.604862869458216,3.0,8.0,0.3222385494069051
05-17,-4.999995231628396,-12.446358887712828,-6.842111515316594,-0.22346880659111507,2.669551909987442,-0.853666464960689,4.09014849617177,-0.355868705636611,-8.716544161732681,-2.1937909871845704,20.926757599298128,3.0,8.0,-0.8132133413914676
05-18,0.6250023841857799,1.2552269533424714,-1.5789500982368077,-0.22346880659111507,2.669551909987442,-0.853666464960689,6.96356748006203,2.253861532376959,-7.069325382425359,-2.1937909871845704,17.984494290152103,6.0,5.0,1.8029548009734768
05-19,0.0,0.0,-1.5789500982368077,-0.22346880659111507,3.5050056306352397,-3.117206804620444,7.530366610928844,2.253861532376959,-7.069325382425359,-2.5688137288509423,19.969745007547505,4.0,7.0,1.7001103600694436
05-20,0.0,0.0,-1.4010494425848816,1.428572626278526,4.461757220587775,0.48134729041171753,5.748987985557264,2.253861532376959,-8.033246778360601,-2.5688137288509423,14.391688770498693,6.0,5.0,1.523918679628592
05-21,0.0,5.439327438535262,-1.4010494425848816,-2.6373600116201543,1.3629812489425948,2.182895708432011,5.748987985557264,2.253861532376959,-3.8615173503956797,-1.3761520867357198,19.861109253065045,6.0,5.0,2.5066440250520636
05-22,0.0,5.439327438535262,-1.5789500982368077,-3.296694774556641,1.506456560030961,2.536874842601547,5.748987985557264,2.253861532376959,-5.57029281722604,-0.9174347244904797,21.805551894652904,6.0,5.0,2.5388807126586297
05-23,0.0,5.439327438535262,-1.5789500982368077,1.648357867215424,0.6456183760595176,2.536874842601547,5.748987985557264,-0.711737411273222,-5.57029281722604,-0.9174347244904797,21.805551894652904,6.0,5.0,2.6405730321268517
05-24,0.0,4.18410048519279,-1.5789500982368077,1.648357867215424,1.506456560030961,2.536874842601547,2.995958119876317,-0.711737411273222,-2.78514640861302,-0.36697213993499966,22.9822139738598,6.0,5.0,2.7646505264289805
05-25,-13.47517423494018,4.18410048519279,-1.5789500982368077,1.648357867215424,5.505851379470574,2.536874842601547,2.995958119876317,0.3546067711101615,-2.78514640861302,-0.36697213993499966,22.9822139738598,7.0,4.0,2.0001564143274186
05-26,-13.47517423494018,-0.4310278915198789,-6.666668897483839,1.648357867215424,5.505851379470574,2.536874842601547,2.995958119876317,0.3546067711101615,-2.78514640861302,-0.36697213993499966,30.835382346645602,6.0,5.0,1.8320037958570643
05-27,-13.47517423494018,-0.4310278915198789,-6.666668897483839,1.648357867215424,5.505851379470574,-1.2269986030718378,2.995958119876317,0.3546067711101615,-2.78514640861302,0.815957885464506,16.814158651863767,6.0,5.0,0.32271587630654514
05-28,-13.47517423494018,-3.0172363472893546,-6.666668897483839,1.648357867215424,4.01662008698383,-0.6134993015359189,0.0,1.1143614968380522,-2.78514640861302,0.815957885464506,15.423512183641739,5.0,6.0,-0.32171960633806906
05-29,-13.47517423494018,-3.0172363472893546,-0.6622510282393388,1.648357867215424,3.549062163837279,-0.6134993015359189,0.0,2.2041714954266225,-2.78514640861302,0.815957885464506,18.45764938446408,5.0,6.0,0.5565355887081908
05-30,-13.47517423494018,-3.0172363472893546,5.6291416346893515,1.648357867215424,2.7139898846810633,1.5950818018571038,0.0,2.2041714954266225,3.637567426572269,1.1786048738724777,16.43488924115494,8.0,3.0,1.6863085130217925
05-31,-13.47517423494018,-3.0172363472893546,2.0583171034211554,0.0,1.7397355740498912,3.3734906811658654,0.0,2.2041714954266225,4.497356549752628,1.1786048738724777,7.422965586581533,7.0,4.0,0.5438392074582399
06-01,-13.47517423494018,-3.0172363472893546,2.0583171034211554,0.0,1.7397355740498912,1.231520064098168,-13.406795152602335,2.2041714954266225,0.6613718819595913,1.1786048738724777,7.422965586581533,7.0,4.0,-1.2184108323111302
06-02,3.6144600462750134,-3.0172363472893546,2.229847618218796,0.10976153221027274,1.7397355740498912,-2.339908087874769,-13.406795152602335,2.2041714954266225,0.2645500142578096,2.7653917802121852,5.60224233679598,8.0,3.0,-0.021252653665444366
06-03,3.6144600462750134,-3.0172363472893546,2.229847618218796,0.10976153221027274,2.9923473110664647,-5.607486409100513,-13.406795152602335,2.2041714954266225,0.2645500142578096,2.1544050035540203,0.6896578032394813,8.0,3.0,-0.7065742804312474
06-04,3.6144600462750134,-3.0172363472893546,2.229847618218796,0.10976153221027274,1.7618041394843156,-5.607486409100513,-13.406795152602335,-0.8373283657090187,0.2645500142578096,2.2421525430774274,0.5442171751296926,7.0,4.0,-1.1001866550952633
06-05,15.06024061776952,-3.0172363472893546,2.229847618218796,0.10976153221027274,-2.685513248659645,-5.607486409100513,-13.406795152602335,-0.8373283657090187,0.2645500142578096,3.283059664638367,0.5442171751296926,6.0,5.0,-0.3693348091942188
06-06,15.06024061776952,-3.9130418196968253,2.229847618218796,0.10976153221027274,-2.685513248659645,-5.607486409100513,-13.406795152602335,-0.8373283657090187,0.2645500142578096,4.969491152820928,-10.748305427762848,5.0,6.0,-1.3240526807503508
06-07,15.06024061776952,-3.9130418196968253,2.229847618218796,0.10976153221027274,-2.685513248659645,-5.607486409100513,-4.927781658015807,-1.1961768609626064,-3.500344815127239,3.836098725493679,-10.748305427762848,4.0,7.0,-1.031154704148474
06-08,15.06024061776952,-0.8695685345193614,2.229847618218796,0.10976153221027274,-2.685513248659645,-5.607486409100513,-4.927781658015807,-1.973683835276711,-3.500344815127239,3.836098725493679,-17.291070262366933,4.0,7.0,-1.4199545699430858
06-09,15.06024061776952,2.1922367852779554,-3.6020590204995817,0.10976153221027274,-2.685513248659645,5.889148243279038,-2.745423553564917,-3.110050712432389,-3.500344815127239,2.2163121092038276,-13.976942106541484,5.0,6.0,-0.37751219718951307
06-10,15.06024061776952,2.1922367852779554,-3.6020590204995817,0.10976153221027274,-2.0494697503260353,5.889148243279038,-2.745423553564917,-3.110050712432389,-5.013929556008158,0.0,-13.976942106541484,4.0,7.0,-0.6587715928032527
06-11,15.06024061776952,2.1922367852779554,-3.6020590204995817,0.10976153221027274,-3.084650775606105,4.1570399886880764,-2.745423553564917,-3.110050712432389,-5.013929556008158,0.0,-2.8818416083016514,4.0,7.0,0.0983021543211838
06-12,15.06024061776952,2.1922367852779554,-0.4991635911596774,0.10976153221027274,-3.084650775606105,6.235565489234952,-2.745423553564917,-3.110050712432389,-5.2924808290538214,0.0,-2.8818416083016514,4.0,7.0,0.5440175776703763
06-13,11.87499761581422,2.1922367852779554,1.3536366458805316,0.0,-3.084650775606105,6.235565489234952,-22.27722688137746,-3.110050712432389,-5.2924808290538214,-1.6319157709289636,-2.8818416083016514,4.0,7.0,-1.5110663674084301
06-14,11.87499761581422,2.1922367852779554,1.3536366458805316,0.0,-3.084650775606105,6.235565489234952,-13.555789051620131,-3.110050712432389,-5.586593629775085,-0.997285702761567,-2.8818416083016514,4.0,7.0,-0.687252267662661
06-15,-3.750002384185769,2.1922367852779554,1.3536366458805316,0.0,-3.381296977895201,5.909620186776505,-13.201668117170293,0.0,-5.586593629775085,-1.0879409652238987,-2.8818416083016514,3.0,8.0,-1.8576227331469917
06-16,-3.750002384185769,2.1922367852779554,1.3536366458805316,0.0,-3.381296977895201,1.1699540439373737,-13.201668117170293,0.0,-5.586593629775085,-1.0879409652238987,-4.466857928293724,3.0,8.0,-2.432593866131646
06-17,-10.666669209798153,3.0354103465303437,1.3536366458805316,0.0,-0.2826852503984876,3.4876725975692393,-13.201668117170293,0.0,-5.586593629775085,-1.0879409652238987,-7.14285366736772,3.0,8.0,-2.7356082954321383
06-18,-10.666669209798153,3.0354103465303437,1.3536366458805316,0.0,2.211476451922973,3.4876725975692393,-22.349278563215275,0.0,-4.275861279717807,3.6752081924048414,-7.14285366736772,5.0,6.0,-2.7882962259810027
06-19,-10.666669209798153,3.0354103465303437,1.3536366458805316,0.0,2.211476451922973,3.4876725975692393,-22.349278563215275,0.0,-4.275861279717807,1.9658080853487994,-1.1661796231638164,5.0,6.0,-2.4003622316948334
06-20,-10.666669209798153,3.0354103465303437,10.99237016889352,0.0,2.211476451922973,-4.149131502576799,-22.349278563215275,0.0,-0.4827565160291071,3.589744300349023,-1.1661796231638164,4.0,7.0,-1.7259103770079356
06-21,-10.666669209798153,3.0354103465303437,10.99237016889352,0.0,2.211476451922973,-2.7893133692232026,-22.349278563215275,0.0,0.9655196091224529,5.726496471934761,-1.1661796231638164,5.0,6.0,-1.2763788833633087
06-22,-9.933774583481163,0.0,10.99237016889352,0.0,1.599447107651061,-2.7893133692232026,-24.3019685928521,0.0,0.9655196091224529,5.726496471934761,-1.1661796231638164,4.0,7.0,-1.7188548010107718
06-23,-5.732487790690707,0.0,8.244273986691935,0.0,3.1485287402914888,-8.453346306966472,-28.28175671900205,0.0,0.9655196091224529,5.726496471934761,6.216216651604423,5.0,6.0,-1.6515050324558331
06-24,-1.9108292635635837,0.0,8.244273986691935,0.0,4.585900698414677,-12.467533271778013,-7.790827159301374,0.0,1.5089181631002988,5.726496471934761,6.216216651604423,5.0,6.0,0.373874207009375
06-25,-1.9108292635635837,0.0,8.244273986691935,4.306730896762357,4.585900698414677,-12.394548126701444,-2.3479217685783547,0.0,1.5089181631002988,5.726496471934761,6.216216651604423,6.0,5.0,1.2668397917877334
06-26,-1.9108292635635837,0.0,9.77099732345123,4.306730896762357,4.859685522459802,-12.005194028476307,-2.3479217685783547,0.0,1.5089181631002988,2.647839300573721,6.216216651604423,6.0,5.0,1.1860402543030533
06-27,-1.9108292635635837,0.0,9.77099732345123,4.306730896762357,4.859685522459802,-5.38611247193128,-2.3479217685783547,0.0,1.7832663253934047,2.647839300573721,6.216216651604423,6.0,5.0,1.812715683288338
06-28,-1.9108292635635837,0.0,9.77099732345123,4.306730896762357,3.1485287402914888,-1.4999985694885254,-2.6680896803990004,0.0,1.7832663253934047,2.647839300573721,-0.7256921872825253,5.0,6.0,1.3502502623398696
06-29,-1.9108292635635837,0.0,9.77099732345123,4.306730896762357,-2.610584899732453,3.6201815818496486,-2.6680896803990004,0.0,0.5486963245862604,-3.2656653843829235,-0.7256921872825253,4.0,7.0,0.6423404282990008
06-30,15.254240941010345,0.0,0.0,4.306730896762357,-4.428039995199943,3.201403577644187,-2.6680896803990004,0.0,0.5486963245862604,-3.2656653843829235,4.5897068300390025,5.0,6.0,1.5944530463691167
07-01,15.254240941010345,0.0,0.0,4.306730896762357,-4.100724202457229,1.8065237103666623,-2.6680896803990004,0.0,0.5486963245862604,-3.2656653843829235,4.5897068300390025,5.0,6.0,1.497401766865952
07-02,14.689267058754318,0.0,-0.7692337036132676,4.306730896762357,-3.4532410725447034,1.1730138682710023,-3.201709652069663,0.0,0.5486963245862604,-3.2656653843829235,10.677079598341676,5.0,6.0,1.8822670849186414
07-03,11.299439929188887,-8.707606072886227,-0.7692337036132676,4.306730896762357,-4.88154584784041,6.334305093012625,-3.201709652069663,0.0,0.5486963245862604,-3.2656653843829235,3.645829937886348,5.0,6.0,0.48265832005854425
07-05,9.248552013620005,-20.773931010692767,-0.7692337036132676,4.306730896762357,-4.88154584784041,8.21838725777084,-3.201709652069663,0.0,0.0,-3.2656653843829235,3.645829937886348,4.0,7.0,-0.6793259538690438
07-06,9.248552013620005,-13.49282175260883,-0.7692337036132676,0.0,-4.88154584784041,8.21838725777084,0.0,0.0,0.0,-3.2656653843829235,3.645829937886348,3.0,8.0,-0.11786340719711262
07-07,9.248552013620005,-8.310501034366489,-0.7692337036132676,0.0,-4.88154584784041,11.494253125558023,14.42922329888232,0.0,0.0,-2.6315807085398704,2.7595273910986116,4.0,7.0,1.9398813213453563
07-08,9.248552013620005,-8.310501034366489,-0.7692337036132676,5.084738671836873,-4.88154584784041,9.724662431689673,14.42922329888232,0.0,-1.6027842238480245,-2.6315807085398704,3.896100276999046,5.0,6.0,2.1988755613472595
07-09,9.248552013620005,-8.310501034366489,-0.7692337036132676,5.084738671836873,-7.0329675089788495,6.268305295568669,14.42922329888232,0.0,-1.6027842238480245,0.6140324312856718,8.377661117537622,6.0,5.0,2.3915478507204115
07-10,9.248552013620005,-8.310501034366489,-0.7692337036132676,5.084738671836873,-0.5102018473894652,1.2888067796580074,15.049862988210162,0.0,-1.6027842238480245,0.6140324312856718,8.377661117537622,6.0,5.0,2.5882666539028265
07-11,9.248552013620005,-8.310501034366489,-15.31690825157493,5.084738671836873,1.2390675873562271,-0.6444089766733186,16.114594256404676,0.0,2.5401077103739556,0.4393689827069014,4.388296868923615,7.0,4.0,1.3439007116915924
07-12,9.248552013620005,-8.310501034366489,-15.31690825157493,5.084738671836873,-1.3119486005698682,-0.6444089766733186,16.114594256404676,0.0,2.5401077103739556,0.4393689827069014,4.388296868923615,6.0,5.0,1.1119901491528565
07-13,-2.31214765039998,-8.310501034366489,-14.436623176821902,5.084738671836873,-1.3119486005698682,-0.6444089766733186,16.114594256404676,0.0,2.5401077103739556,0.4393689827069014,3.099730683404036,5.0,6.0,0.023900987808625818
07-14,-2.31214765039998,0.3652964616417813,-14.436623176821902,5.084738671836873,-4.511273828502529,-0.5272416766075041,16.114594256404676,0.0,2.5401077103739556,0.4393689827069014,3.099730683404036,6.0,5.0,0.5324136758214824
07-15,10.824744447231202,0.3652964616417813,-6.035887090563743,6.206888516689677,-4.119844354641108,0.11716730006585616,16.114594256404676,0.0,2.5401077103739556,0.4393689827069014,-3.504039748939443,7.0,4.0,2.0862178619063414
07-16,10.824744447231202,10.319635928073605,-6.035887090563743,5.64915447179676,-2.4264699591897396,-1.933215756331326,16.114594256404676,10.204089367576694,3.9525716034745293,0.4393689827069014,-3.504039748939443,7.0,4.0,3.964049682021829
07-17,10.824744447231202,9.908256527550936,-6.035887090563743,8.108100644310122,-2.4264699591897396,-1.933215756331326,16.114594256404676,10.204089367576694,3.315649884148807,-0.7111104329427084,-3.504039748939443,6.0,5.0,3.9877011035686794
07-18,10.824744447231202,9.908256527550936,-6.035887090563743,8.108100644310122,-2.4264699591897396,-1.933215756331326,16.114594256404676,11.25265829120597,5.3246734749106235,-1.3333299424913194,-2.5606476451056466,6.0,5.0,4.294861567993796
07-19,10.824744447231202,4.128438761595237,0.15361334147838557,3.1853275544595285,-2.4264699591897396,-1.933215756331326,16.114594256404676,11.25265829120597,6.818177032920962,-1.3333299424913194,-2.5606476451056466,7.0,4.0,4.020353671107085
07-20,10.824744447231202,-0.45871736224523985,0.15361334147838557,3.1853275544595285,-5.690439928938965,-2.6548603854622006,1.9695637021141361,11.25265829120597,6.818177032920962,-1.3333299424913194,-2.5606476451056466,6.0,5.0,1.9550990095606195
07-21,10.824744447231202,-13.354037083122886,0.15361334147838557,4.019139559424343,-5.690439928938965,0.1754426080482095,3.245613139825542,11.25265829120597,6.818177032920962,-1.3333299424913194,-3.773581268088656,7.0,4.0,1.1216363815902535
07-22,10.824744447231202,-13.354037083122886,0.15361334147838557,4.019139559424343,-4.357795857407899,-0.7079582683390928,2.017539911689771,11.25265829120597,6.818177032920962,-1.3333299424913194,-6.214690140704679,6.0,5.0,0.8289146628986145
07-23,10.824744447231202,-13.354037083122886,0.15361334147838557,4.019139559424343,-4.493527398670639,-0.7079582683390928,2.017539911689771,9.523810998259648,6.818177032920962,-1.3333299424913194,-6.214690140704679,6.0,5.0,0.6594074961523361
07-24,10.824744447231202,-13.354037083122886,17.441864333454447,4.019139559424343,-3.3911062075499823,-0.7079582683390928,3.5405859249858707,9.523810998259648,2.8571402031326345,-17.319591115569892,-4.8022620939509295,6.0,5.0,0.7847573361777603
07-25,10.824744447231202,-13.354037083122886,21.655174781536246,7.5576093978667425,-0.22607183071830045,-0.7079582683390928,3.5405859249858707,9.179796567435499,2.8571402031326345,-17.319591115569892,-4.8022620939509295,6.0,5.0,1.745920993680645
07-26,10.824744447231202,-13.354037083122886,15.448274283573546,6.451619708096564,-0.6028630063780471,-4.723929409842924,3.5405859249858707,9.179796567435499,2.8571402031326345,-17.319591115569892,-4.8022620939509295,6.0,5.0,0.681770765962785
07-27,10.824744447231202,-28.823527167825137,15.448274283573546,7.004610158169297,-1.7530525755857773,-4.723929409842924,4.529912321464218,-2.872930645327686,1.4285670052210688,-17.319591115569892,3.7613483841528765,6.0,5.0,-1.1359613013035645
07-28,0.0,-28.235289629767923,15.448274283573546,9.910711389110965,-1.7530525755857773,-4.723929409842924,4.529912321464218,-2.872930645327686,2.077920147732825,-17.319591115569892,3.7613483841528765,5.0,6.0,-1.7433297136417971
07-29,0.0,-28.235289629767923,15.448274283573546,9.910711389110965,-3.6585403970846935,-5.370363524149056,4.529912321464218,-4.088396439349002,2.077920147732825,-17.319591115569892,3.7613483841528765,5.0,6.0,-2.085819507262376
07-30,0.0,-28.235289629767923,15.448274283573546,7.500001490116144,-3.6585403970846935,-5.370363524149056,4.529912321464218,-5.84270202305406,-8.022921794402437,-18.2965271213537,3.7613483841528765,4.0,7.0,-3.4715280009550074
07-31,0.0,-28.235289629767923,13.783403666253957,10.920038222413412,-0.45732027545776655,-4.6296294115971035,5.41913903965405,-5.84270202305406,-13.821137638325936,-18.2965271213537,3.7613483841528765,4.0,7.0,-3.399879707916563
08-01,0.0,-23.863629344081243,8.438817065619286,10.146176212935547,-0.45732027545776655,-5.555552939165236,5.41913903965405,-5.84270202305406,-13.821137638325936,-20.320850706014756,3.7613483841528765,4.0,7.0,-3.8268829294306586
08-02,0.0,-23.863629344081243,8.438817065619286,10.146176212935547,0.30487776068545924,-5.555552939165236,5.41913903965405,-4.7248493178657505,-15.789469155484104,-20.320850706014756,9.401703828333005,5.0,6.0,-3.3221488686712495
08-03,0.0,-9.772723159514273,8.438817065619286,10.146176212935547,0.30487776068545924,-5.555552939165236,3.7974746704914506,-2.7237341709410607,-15.789469155484104,-20.320850706014756,8.395065100631493,5.0,6.0,-2.0981744837051086
08-04,0.0,-9.772723159514273,3.2348806575872553,10.146176212935547,4.525546672926099,-4.6296294115971035,2.2784848022948703,-2.7237341709410607,-15.789469155484104,-20.320850706014756,12.59259765094723,5.0,6.0,-1.859883691532754
08-05,0.0,-9.772723159514273,3.2348806575872553,10.146176212935547,4.160581771970051,-6.0037586339137095,2.2784848022948703,-2.334630803988278,-14.583334072478257,-20.320850706014756,12.59259765094723,5.0,6.0,-1.8729614800158474
08-06,0.0,-9.772723159514273,4.4444403236294,10.146176212935547,3.1386814415184148,-3.099296675766485,2.2784848022948703,-2.334630803988278,-14.583334072478257,-3.7433092354633013,12.59259765094723,5.0,6.0,-0.08481031962592085
08-07,0.0,-9.772723159514273,0.4120907821943508,3.8972505037199636,4.23357614438656,-3.099296675766485,2.2784848022948703,-3.601572161855647,-14.583334072478257,-3.0818274873063007,4.814818826613325,5.0,6.0,-1.682048408882899
08-08,0.0,-9.772723159514273,0.4120907821943508,-0.44843221924212057,4.23357614438656,-3.099296675766485,2.360874713968042,-3.601572161855647,-14.583334072478257,-3.7433092354633013,4.814818826613325,4.0,7.0,-2.129755187014346
08-09,0.0,3.409093002642436,0.4120907821943508,-0.44843221924212057,4.23357614438656,-3.099296675766485,1.3490712651246037,-1.857061987648281,-14.583334072478257,-3.7433092354633013,4.814818826613325,5.0,6.0,-0.8647985608761062
08-10,0.0,3.409093002642436,0.4120907821943508,-0.44843221924212057,4.23357614438656,-9.764301807023333,4.098360719811498,-1.0215572602377907,-3.869051145824826,-1.7112282447517824,4.814818826613325,5.0,6.0,0.01394261805166516
08-11,0.0,3.409093002642436,2.335165815859524,1.7543843505051042,4.442823576219071,-10.354226336274404,3.1967163585712157,-1.0215572602377907,-0.6696440133767151,-1.7112282447517824,4.814818826613325,6.0,5.0,0.5633041887063621
08-12,0.0,0.0,0.5594400184546229,1.7543843505051042,4.442823576219071,-10.354226336274404,3.1967163585712157,-1.0215572602377907,-0.6696440133767151,-1.7112282447517824,4.814818826613325,5.0,6.0,0.09195702506569514
08-13,0.0,0.0,0.5594400184546229,-2.1968365332681907,4.23357614438656,-8.000005086263021,3.1967163585712157,-1.0215572602377907,-0.6696440133767151,-1.7112282447517824,0.24361093387020044,4.0,7.0,-0.4878116075104456
08-14,0.0,0.0,0.5594400184546229,-2.1968365332681907,4.858593750162086,-8.000005086263021,3.1967163585712157,-1.0215572602377907,3.1496100618986937,0.0,1.3398252882599457,5.0,6.0,0.17143514523432377
08-15,0.0,0.0,1.7955751617887576,-2.1968365332681907,0.6526479538568372,-8.000005086263021,3.1967163585712157,-2.099880330657597,4.7959918646189115,0.0,1.3398252882599457,5.0,6.0,-0.04690593846301285
08-16,0.0,0.0,1.7955751617887576,-2.1968365332681907,0.6526479538568372,-5.8823566077443346,2.8688478136664046,-2.099880330657597,3.793848793950157,0.0,1.3398252882599457,5.0,6.0,0.024697412713816383
08-17,0.0,0.0,0.5524856784194174,-2.1968365332681907,0.6526479538568372,-5.8823566077443346,2.8688478136664046,-2.099880330657597,3.793848793950157,0.0,1.3398252882599457,5.0,6.0,-0.08831072213794183
08-18,0.0,0.0,-0.5524922645682319,-2.1968365332681907,0.7246404354173055,-4.509801122755137,2.8688478136664046,-0.8513031293181228,3.793848793950157,0.0,1.3398252882599457,4.0,7.0,0.05606629830764829
08-19,-4.864862802866343,0.0,-0.5524922645682319,-2.1968365332681907,0.8683059928288362,-5.400002797444661,2.786886540192253,-0.8513031293181228,3.793848793950157,0.0,1.3398252882599457,4.0,7.0,-0.4615119011122143
08-20,-4.864862802866343,0.0,-0.5524922645682319,-3.5779849263457173,1.2968321591619336,-5.400002797444661,2.786886540192253,-0.8513031293181228,3.793848793950157,-0.641705491919472,-0.6211203670829039,3.0,8.0,-0.7847185714764642
08-21,-4.864862802866343,0.0,2.933330535888672,-0.996373705229461,2.1428585052490363,0.9999974568684896,2.786886540192253,-0.8513031293181228,3.793848793950157,0.0,-0.6211203670829039,5.0,6.0,0.48393289342288887
08-22,-4.864862802866343,0.0,2.933330535888672,-3.260866466677246,1.9285746983119418,2.133331298828137,7.198748791210344,-0.8513031293181228,0.22272224239623972,0.0,-0.6211203670829039,5.0,6.0,0.438050436426429
08-23,-4.864862802866343,-10.69182895424869,4.6666653951009,-3.260866466677246,1.9285746983119418,2.133331298828137,4.538340655905595,0.0,-1.0526269747421735,0.0,-0.6211203670829039,4.0,7.0,-0.6567630470427985
08-24,-4.864862802866343,-10.69182895424869,4.6666653951009,-3.0797115377056823,3.8515420239467213,2.133331298828137,4.538340655905595,0.0,-1.0526269747421735,0.0,0.7352875865728261,5.0,6.0,-0.34216939174624633
08-25,-4.864862802866343,-17.333335876464844,4.6666653951009,-2.9864245973746772,4.520170841666654,2.133331298828137,4.538340655905595,0.0,-5.037594486357088,0.0,0.7352875865728261,5.0,6.0,-1.2389474531808036
08-26,-4.864862802866343,-17.333335876464844,4.6666653951009,-2.9864245973746772,4.728792070682267,0.06662377567852243,4.538340655905595,0.0,-5.037594486357088,0.0,-0.6127474469343125,4.0,7.0,-1.5304130284209074
08-27,-4.864862802866343,-17.333335876464844,15.981199728981668,-0.2643148190564792,2.8188839348751316,-1.932045019526509,4.538340655905595,0.0,-5.037594486357088,9.223298948282428,-0.12195401359076806,4.0,7.0,0.2734196591075268
08-28,-4.864862802866343,-17.333335876464844,14.923624249191619,-0.2643148190564792,3.5639427947374918,-1.932045019526509,4.538340655905595,0.0,-6.886003008561589,10.952377319335938,-0.12195401359076806,4.0,7.0,0.23416086173673764
08-29,-4.864862802866343,-17.333335876464844,14.823532104492188,-0.2643148190564792,3.42418386040553,-1.932045019526509,3.861306440668656,0.0,-6.886003008561589,10.952377319335938,-0.12195401359076806,4.0,7.0,0.15080765316688935
08-30,0.0,-17.333335876464844,14.823532104492188,3.964764297930199,3.004893728628549,-1.932045019526509,3.861306440668656,3.239968560692234,-6.886003008561589,10.952377319335938,-0.12195401359076806,6.0,5.0,1.2339549576003686
08-31,0.0,-17.333335876464844,11.76470588235294,2.731281138305626,1.7692851944459576,-1.932045019526509,3.861306440668656,3.239968560692234,-6.886003008561589,10.952377319335938,1.5587543412763292,7.0,4.0,0.8842086338658852
09-01,4.639173382615028,-35.384618318997894,11.76470588235294,4.580810258865312,1.7692851944459576,0.06662377567852243,-0.7092210840339046,3.239968560692234,-3.0604482138051488,10.952377319335938,2.8402340418400276,8.0,3.0,0.06353552718081902
09-02,4.639173382615028,-22.30768937330981,11.76470588235294,4.580810258865312,1.209964939403004,0.3984091497005836,-0.7092210840339046,3.239968560692234,-6.062995821479675,10.952377319335938,4.733723403066719,8.0,3.0,1.1308387833825788
09-03,4.639173382615028,-22.30768937330981,11.76470588235294,4.580810258865312,0.3558732388333859,0.3984091497005836,-0.7092210840339046,3.239968560692234,-5.979545449258997,10.952377319335938,3.431952288745051,8.0,3.0,0.9424376522307053
09-04,4.639173382615028,-14.224134564541496,11.76470588235294,4.580810258865312,-0.07007200341105208,0.3984091497005836,-0.7092210840339046,2.0022175315258854,-5.979545449258997,10.952377319335938,3.431952288745051,7.0,4.0,1.5260611556268444
09-05,4.639173382615028,-10.263519656074106,11.76470588235294,4.494377854841054,-0.7708455020924696,0.33200656933405226,-0.7092210840339046,2.0022175315258854,-2.6234579597771805,10.952377319335938,3.431952288745051,7.0,4.0,2.1136151478883893
09-06,4.639173382615028,-10.263519656074106,11.76470588235294,4.494377854841054,-0.7708455020924696,0.33200656933405226,-0.7092210840339046,2.0022175315258854,-2.6234579597771805,10.952377319335938,3.431952288745051,7.0,4.0,2.1136151478883893
09-07,7.5,-4.022190850467175,-0.11764975155101104,1.901463432647362,1.843000075903364,-2.7378547679963727,-0.7092210840339046,2.0022175315258854,-2.6234579597771805,1.9047600882393971,3.431952288745051,6.0,5.0,0.7611835457486742
09-08,7.5,-4.022190850467175,-0.11764975155101104,3.5683947320231995,3.9412167138524037,-3.3035134530762242,-0.7092210840339046,2.0022175315258854,-0.8487627805051742,1.9047600882393971,-16.571426391601587,5.0,6.0,-0.6051068405085629
09-09,9.844056592110901,-4.022190850467175,-0.4722545524435849,3.5683947320231995,3.665987634993802,-7.985616120965974,0.0,2.0022175315258854,3.6845984616396614,1.9047600882393971,-15.819207593618382,6.0,5.0,-0.3299321888147517
09-10,5.458093636687273,-4.022190850467175,-0.4722545524435849,3.5683947320231995,2.320813704892668,-7.985616120965974,0.0,2.0022175315258854,3.6845984616396614,0.0,-15.819207593618382,5.0,6.0,-1.02410464097513
09-11,5.458093636687273,-26.050424208774842,-3.0303030303030303,1.3043445089588994,2.5517233486833244,-7.985616120965974,0.0,2.0022175315258854,3.6845984616396614,0.0,-17.796613594061764,5.0,6.0,-3.623816315146415
09-12,5.458093636687273,-26.050424208774842,-3.0303030303030303,-1.4022773843279284,2.5517233486833244,-7.985616120965974,0.0,-0.7190219099290671,3.8263462246146367,-1.6456929094821642,-19.350281077996843,3.0,8.0,-4.3952230392540566
09-13,8.143944850172442,-26.050424208774842,-3.0303030303030303,-1.4022773843279284,3.1034469604492068,-8.375449931135764,-3.9312001698336956,-0.7190219099290671,5.925927338776779,-1.6456929094821642,-19.350281077996843,3.0,8.0,-4.302848315671355
09-14,8.143944850172442,-9.243700980938199,-3.0303030303030303,-1.4022773843279284,2.8354069594086146,-8.375449931135764,-5.57403574961496,-0.7190219099290671,5.851851569281684,-1.6456929094821642,-19.350281077996843,3.0,8.0,-2.9554145086241097
09-15,8.143944850172442,-16.974794306868667,-3.0303030303030303,-2.38937610205294,2.2948534150194826,-8.736462128664364,-3.5073355911403814,0.5530994573656218,5.851851569281684,-1.5473872828915258,-17.524335772144287,4.0,7.0,-3.351476811111451
09-16,6.730767643663246,-21.176475113827827,-3.0303030303030303,-2.38937610205294,2.2948534150194826,-8.736462128664364,-3.5073355911403814,0.5530994573656218,5.851851569281684,-1.5473872828915258,-19.85815008019661,4.0,7.0,-4.0740833857951495
09-17,6.730767643663246,-21.176475113827827,-3.0303030303030303,-2.38937610205294,0.7649489276900662,-8.736462128664364,-3.5073355911403814,1.208797865278732,2.605365115850979,-1.5473872828915258,-19.85815008019661,4.0,7.0,-4.44869179787215
09-18,3.8461503192516595,-21.176475113827827,-4.294483409225553,0.2586266005079642,-0.8953109963374178,-5.487359236641902,-3.5073355911403814,1.208797865278732,0.6896563315898645,-1.4492716232052265,-19.85815008019661,4.0,7.0,-4.605923175813336
09-19,2.4390243902439024,-21.176475113827827,-4.294483409225553,-1.4655178508917102,-3.099172142412195,-4.909742474890147,-1.7642286178307567,1.208797865278732,0.6896563315898645,-1.4492716232052265,0.709222544427344,4.0,7.0,-3.010199100067598
09-20,2.4390243902439024,-9.741245810709863,-3.926388508914362,-1.4655178508917102,-1.4462746408549336,-3.2693677905066902,-1.7642286178307567,1.8558960603255237,-6.098512394820884,-1.4492716232052265,0.709222544427344,3.0,8.0,-2.196060385703423
09-21,2.4390243902439024,-9.741245810709863,-3.926388508914362,-1.4655178508917102,-1.4462746408549336,-3.2693677905066902,-1.7642286178307567,1.5873065586274275,-6.098512394820884,-1.4492716232052265,0.709222544427344,3.0,8.0,-2.2204776131305226
09-22,-0.09756320860327744,9.436839363726511,-1.2269986030718598,-1.4655178508917102,-1.4462746408549336,1.2082450602787376,-1.7642286178307567,1.5873065586274275,-6.098512394820884,-5.315945022829374,-0.4255281157384656,3.0,8.0,-0.5098343156371442
09-23,-0.09756320860327744,9.436839363726511,-1.2269986030718598,-1.4655178508917102,-2.16178146892445,5.762714450642214,-1.7642286178307567,1.0399591094530143,-6.098512394820884,-5.315945022829374,7.450982543210028,4.0,7.0,0.5054498454599504
09-24,-3.0243943377238947,9.436839363726511,-1.2269986030718598,0.8620722256998448,-2.6185412778655297,6.101692329018802,2.085005800435189,1.0399591094530143,-6.098512394820884,-5.315945022829374,7.571800721406069,6.0,5.0,0.8011798103116262
09-25,-3.0243943377238947,9.436839363726511,-1.2269986030718598,2.0600839397146835,-3.1383706563265337,6.101692329018802,2.085005800435189,1.0399591094530143,-6.254888140116605,-3.6108289572246357,7.571800721406069,6.0,5.0,1.0036273244809764
09-26,1.767437957053961,22.72727329024459,-1.2269986030718598,3.0042870322390893,-2.5677578097217095,6.101692329018802,2.085005800435189,1.7925036743139695,-9.046848749642853,-3.7111321529517745,6.135767618199582,7.0,4.0,2.4601118532833626
09-27,1.767437957053961,22.72727329024459,-1.2269986030718598,3.0042870322390893,-2.5677578097217095,6.101692329018802,3.608659179061551,1.7925036743139695,-9.046848749642853,-3.7111321529517745,6.135767618199582,7.0,4.0,2.5986257967948494
09-28,1.767437957053961,22.72727329024459,-1.2269986030718598,3.0042870322390893,-2.421653515040443,6.101692329018802,1.684041969928578,1.1406794471113253,-5.411955331990757,-3.7111321529517745,9.217171869208867,7.0,4.0,2.9882585719773074
09-29,3.255817502043968,22.72727329024459,0.0,3.0042870322390893,-2.7877080035976496,1.9121778064990744,1.684041969928578,1.1406794471113253,-5.411955331990757,-3.7111321529517745,10.984846934069568,7.0,4.0,2.9816662266905465
09-30,4.651162790697675,22.72727329024459,0.0,3.0042870322390893,-3.9017337854006797,1.9121778064990744,0.0,1.1406794471113253,-4.7351536980864735,-3.7111321529517745,10.984846934069568,6.0,5.0,2.9156734240383995
10-01,4.651162790697675,14.675320332398856,0.0,0.4291780145727989,-5.908099324310271,0.3541090024086905,0.0,1.1406794471113253,-4.7351536980864735,-3.8114353486789305,10.984846934069568,6.0,5.0,1.6164189227439303
10-02,4.651162790697675,14.675320332398856,0.0,0.4291780145727989,-10.92437195192141,0.3541090024086905,0.0,1.1406794471113253,-4.7351536980864735,7.836146007458872,10.984846934069568,7.0,4.0,2.219265170791809
10-03,4.651162790697675,14.675320332398856,0.0,0.4291780145727989,-10.92437195192141,0.3541090024086905,1.266823800176931,0.48886558030331506,-2.6484744999658254,11.219940574962896,10.984846934069568,8.0,3.0,2.7724909616094084
10-04,9.532214748266172,14.675320332398856,0.0,0.4291780145727989,-9.549274143842352,2.2916661975560118,1.266823800176931,0.7604529647408834,-2.6484744999658254,11.219940574962896,10.984846934069568,8.0,3.0,3.542063174812358
10-05,9.292036929307177,14.675320332398856,0.0,0.4291780145727989,-9.549274143842352,3.8277540344236543,1.266823800176931,0.598469575764343,-2.6484744999658254,11.219940574962896,10.984846934069568,8.0,3.0,3.645147413806186
10-06,3.8461524698018037,14.675320332398856,0.0,9.090907732011543,-3.7626662029407814,-0.8202316105290599,1.6561516805425776,0.598469575764343,-2.6484744999658254,12.313101430268263,-1.7287249304607308,6.0,5.0,3.020000543353726
10-07,-0.8442791170371324,0.0,12.271263164734888,9.090907732011543,-2.2431289903197094,-1.584018835986676,1.6561516805425776,-0.16322463555681974,-6.053063987036989,12.313101430268263,-1.8617003569240156,4.0,7.0,2.052909825881448
10-08,-0.8442791170371324,0.0,12.271263164734888,10.177337095775725,-0.14286041259765625,-1.584018835986676,1.6561516805425776,-0.16322463555681974,-6.053063987036989,13.30434550409733,-1.8617003569240156,4.0,7.0,2.4327227363646577
10-09,-0.8442791170371324,0.0,12.271263164734888,10.177337095775725,-0.2857140132359096,-1.584018835986676,3.333328404783763,0.7011923500303489,-3.2527135176615873,13.30434550409733,-5.319150217845466,5.0,6.0,2.591053710695935
10-10,-0.8442791170371324,0.0,12.271263164734888,10.177337095775725,0.07143020629882812,2.754824790592305,3.333328404783763,0.7011923500303489,-3.2527135176615873,13.30434550409733,-5.319150217845466,7.0,4.0,3.017961696706273
10-11,4.017855508290964,0.0,12.271263164734888,10.177337095775725,1.1428560529436385,2.754824790592305,3.333328404783763,0.7011923500303489,-3.9199355796566233,13.30434550409733,-5.319150217845466,8.0,3.0,3.4967197339769878
10-12,4.017855508290964,15.846993111657017,12.271263164734888,10.177337095775725,1.7045438382004816,2.754824790592305,3.2583403033927474,3.2580179551359145,-3.9199355796566233,13.30434550409733,-5.319150217845466,9.0,2.0,5.214039588579571
10-13,4.017855508290964,15.846993111657017,12.271263164734888,8.984379336470687,2.740684484850987,2.754824790592305,3.333328404783763,3.2580179551359145,-3.9199355796566233,13.30434550409733,-5.319150217845466,9.0,2.0,5.206600587555615
10-14,4.017855508290964,15.846993111657017,12.271263164734888,8.984379336470687,3.6542482137538737,3.617745711752874,2.093019473438691,3.2580179551359145,-5.952379214636241,13.30434550409733,-5.319150217845466,9.0,2.0,5.0705762315318665
10-15,-1.1607153272750603,15.846993111657017,12.271263164734888,9.055431405841713,8.0112398195431,1.7064846860731908,2.093019473438691,0.9682641403890663,-5.952379214636241,2.3478300675101904,-14.285718217581298,8.0,3.0,2.8092466463359327
10-16,-0.8928605640421851,22.768308896346294,5.7803470757257145,9.055431405841713,7.425743742861365,0.13651538983017306,2.093019473438691,0.9682641403890663,-5.952379214636241,1.0572760810591213,-14.285718217581298,8.0,3.0,2.5594498372029464
10-17,-0.8928605640421851,18.69060620754347,5.7803470757257145,0.3903215386183366,2.2630879825236145,0.13651538983017306,2.093019473438691,0.6476029939916976,-5.952379214636241,-0.17620707856545206,-8.513710926445093,7.0,4.0,1.3151220798166117
10-18,-7.109004610811863,14.917130972569684,-7.398848225978289,0.3903215386183366,2.2630879825236145,-1.5267194264982482,2.093019473438691,0.8095063158147193,-3.0769283437635844,-0.17620707856545206,-8.513710926445093,5.0,6.0,-0.6662138480997712
10-19,-1.0426507553416835,-2.6666641235351682,-7.398848225978289,-1.2490229677673588,1.1444910776192558,-1.5267194264982482,2.6113682076343885,0.9698292583794818,-3.0769283437635844,-1.3215824976989983,-8.513710926445093,3.0,8.0,-2.006403520308663
10-20,-1.0426507553416835,-2.6666641235351682,-7.398848225978289,-1.2490229677673588,1.1444910776192558,-0.7633630223203471,0.9216653994957685,0.10775081352636874,-2.478632192996965,-1.7699097866309725,-6.064877561133334,3.0,8.0,-1.9327328495511567
10-21,1.2962994523172122,-2.6666641235351682,-7.398848225978289,-1.7254922904220142,1.4084493799404152,-0.7633630223203471,0.9216653994957685,0.10775081352636874,4.462154670165867,-0.9657563947461182,-6.064877561133334,5.0,6.0,-1.0353347184263306
10-22,-3.7037001061669086,-2.6666641235351682,-7.398848225978289,-1.7254922904220142,0.9901014138862251,-0.4844335600174438,0.9216653994957685,0.10775081352636874,4.462154670165867,-0.3490398055835884,-6.064877561133334,4.0,7.0,-1.4464893977965922
10-23,-3.7037001061669086,8.333331441122272,-6.171428135463169,-1.7254922904220142,0.4243311043838455,-0.4844335600174438,0.9216653994957685,0.10775081352636874,4.462154670165867,1.0327012628305925,-6.064877561133334,6.0,5.0,-0.26072699651619596
10-24,-3.7037001061669086,8.333331441122272,-6.171428135463169,-0.392158358704824,-0.6364865398045921,-0.4844335600174438,1.526723336759281,0.10775081352636874,4.462154670165867,1.0327012628305925,-6.064877561133334,5.0,6.0,-0.18094752153508098
10-25,-3.7037001061669086,-8.928571834045245,1.142861502511181,-0.392158358704824,-0.6364865398045921,0.0,4.020848470456948,-2.5323342361381744,6.294820317502885,1.0327012628305925,-6.064877561133334,4.0,7.0,-0.8878997347901337
10-26,-3.7037001061669086,-8.928571834045245,1.142861502511181,-0.47059152640548413,0.5590557304995101,0.0,3.946393705153152,-0.1616416352842873,6.294820317502885,1.0327012628305925,-4.444446946367859,5.0,6.0,-0.4302835936156784
10-27,-3.7037001061669086,-33.82551036618403,1.142861502511181,2.585545313890851,-0.5653705007969752,-0.8953109963374178,8.704886666303555,-0.1616416352842873,6.294820317502885,1.0327012628305925,-4.444446946367859,5.0,6.0,-2.166833226190764
10-28,-3.7037001061669086,-27.114100798385397,1.142861502511181,2.585545313890851,-1.2811341569956838,-0.8953109963374178,8.704886666303555,0.16163135862113756,6.294820317502885,1.9607804877414228,20.25316268159183,7.0,4.0,0.7372220245706779
10-29,2.3148147739337146,-21.47651573735474,1.142861502511181,2.288323759854167,-0.7122534312067769,0.7575799372151292,8.704886666303555,0.16163135862113756,6.294820317502885,3.2395496640757298,20.25316268159183,9.0,2.0,2.0880783175498014
10-30,2.3148147739337146,-21.47651573735474,1.142861502511181,2.288323759854167,-1.8208303593233788,0.7575799372151292,8.704886666303555,0.16163135862113756,6.294820317502885,3.2395496640757298,20.25316268159183,9.0,2.0,1.9872985968119286
10-31,2.3148147739337146,-21.47651573735474,1.142861502511181,0.543475886663509,-1.8208303593233788,0.7575799372151292,8.704886666303555,-2.94444825914171,6.77291130319862,3.747867026929181,18.411962083487634,8.0,3.0,1.4685968022202447
11-01,2.3148147739337146,-0.6711435169794235,1.142861502511181,1.009317649734826,-3.4231630203845858,0.7575799372151292,7.3309588540106665,-3.1111081441243686,0.0,2.981255831507338,18.411962083487634,7.0,4.0,2.4312123591738284
11-02,2.3148147739337146,-2.5991800096815556,1.142861502511181,1.009317649734826,-2.011492323538382,0.7575799372151292,7.3309588540106665,-3.1111081441243686,0.0,2.3850062898640343,18.505743585909787,7.0,4.0,2.3385911014395484
11-03,-3.8461594891973454,-14.911076392379167,0.0,3.041822282387107,-2.305473286641298,-1.8374574974641698,7.3309588540106665,-3.1111081441243686,0.0,2.3850062898640343,18.505743585909787,4.0,7.0,0.47747783657865867
11-04,-4.8543688421458855,-14.911076392379167,0.0,2.8201211035552936,-1.0000024523053976,-1.8322779180435396,6.761564386964254,-3.1111081441243686,-2.5326832141630136,2.3850062898640343,18.505743585909787,4.0,7.0,0.2028107639210904
11-05,-4.8543688421458855,-14.911076392379167,0.0,3.409089513389828,-1.0000024523053976,-2.325587647208775,4.412810513468451,-3.1111081441243686,-2.5326832141630136,1.0221455527988719,18.505743585909787,4.0,7.0,-0.1259125024326977
11-06,-4.8543688421458855,-14.911076392379167,0.0,0.0,0.0,-2.325587647208775,1.5395896837332441,-3.1111081441243686,-2.5326832141630136,1.0221455527988719,17.24137968833704,3.0,8.0,-0.7210644831956414
11-07,-4.8543688421458855,-14.911076392379167,0.0,-3.13725191004136,1.118104796608465,-2.325587647208775,1.5395896837332441,-3.1111081441243686,-2.5326832141630136,-0.6060579538376896,17.24137968833704,3.0,8.0,-1.0526418122928651
11-08,-4.8543688421458855,-14.911076392379167,0.0,-3.13725191004136,1.8169127970493686,-2.325587647208775,1.5395896837332441,-3.1111081441243686,-2.953245469597009,-1.558435917999848,17.24137968833704,3.0,8.0,-1.1139265594887962
11-09,-4.8543688421458855,-1.9151828670516144,0.0,-2.8235267190372104,1.8169127970493686,-3.9370091640795737,-3.5923735981284914,-3.1111081441243686,-2.953245469597009,-1.558435917999848,17.24137968833704,2.0,9.0,-0.5169962033434171
11-10,-4.8543688421458855,-14.615381681002118,0.0,-0.8461512052095718,1.8169127970493686,-3.9370091640795737,-3.289472216567734,-3.1111081441243686,-2.953245469597009,-1.558435917999848,0.11494516208137916,2.0,9.0,-3.0212104255995786
11-11,-9.201211484552646,-14.615381681002118,0.0,-0.8461512052095718,2.296450426820693,-3.9370091640795737,-3.289472216567734,0.0,-2.032520293685164,-1.558435917999848,0.11494516208137916,2.0,9.0,-3.0062533067449624
11-12,-9.201211484552646,-14.615381681002118,0.0,0.6818193476390746,4.453725458730955,-3.9370091640795737,-2.7046774656803,0.0,-2.032520293685164,-1.558435917999848,0.11494516208137916,3.0,8.0,-2.618067821686204
11-13,-9.201211484552646,-14.615381681002118,1.6853890444890158,2.424240147334001,3.131522705976897,-3.9370091640795737,-4.616529199334003,1.1532075509642323,-2.032520293685164,-1.645017984811049,0.0,4.0,7.0,-2.5139373053364005
11-14,-9.201211484552646,-14.615381681002118,1.6853890444890158,0.37878932922230923,3.4098801323622983,-1.2884706375152388,-4.929050265045245,1.1532075509642323,-2.868855630669164,-1.9097161858724416,0.0,4.0,7.0,-2.562310893419909
11-15,-9.201211484552646,-12.461537581223709,1.6853890444890158,0.6060600368334902,2.5748078532060945,-2.5362277025937527,-5.401352371715793,0.7717717439854571,-0.3278685449048258,-1.9097161858724416,0.0,4.0,7.0,-2.3818077447590102
11-16,-5.156716456049935,-12.461537581223709,1.6853890444890158,0.0,3.3149140705165783,-2.5362277025937527,-5.243444114329487,0.7717717439854571,-0.3278685449048258,-1.9097161858724416,0.0,3.0,8.0,-1.9875850659984637
11-17,-18.39080938560241,-12.461537581223709,1.6853890444890158,-2.883865064374861,3.3149140705165783,-3.6523010615461295,-2.172284296377694,0.7717717439854571,-0.3278685449048258,-2.0869545314622964,0.0,3.0,8.0,-3.291231418772807
11-18,-9.574474560939487,-12.461537581223709,1.5748069506871014,-1.538460071270269,3.3149140705165783,-3.6523010615461295,-2.172284296377694,0.7717717439854571,-0.3278685449048258,-2.0869545314622964,0.0,3.0,8.0,-2.3774898075032067
11-19,-9.574474560939487,-12.461537581223709,1.5748069506871014,-0.3937022951637213,0.06982734232274751,-3.6523010615461295,-2.172284296377694,1.1532075509642323,-1.9999980926513672,-2.0869545314622964,0.0,3.0,7.0,-2.6857645977627564
11-20,-9.574474560939487,-12.461537581223709,1.5748069506871014,-0.3937022951637213,0.06982734232274751,-2.045293610138054,0.29239737544369754,1.1532075509642323,-1.5833298365275066,-0.4347842672596962,0.0,4.0,6.0,-2.127534811984945
11-21,-5.424766715850359,-12.461537581223709,2.561242249006288,-3.174600050953455,0.06982734232274751,-2.045293610138054,0.29239737544369754,-0.44642814378045226,-2.5000015894572085,-0.4347842672596962,0.0,3.0,7.0,-2.142176817444564
11-22,-5.424766715850359,19.753090198983568,2.561242249006288,-3.174600050953455,-0.3491633505616165,-2.7205873175063475,0.0,-1.2943136539754103,-0.7371019844939419,-0.4347842672596962,0.0,2.0,8.0,0.7435468279444571
11-23,-1.228248515216034,19.753090198983568,2.561242249006288,-4.761900076430168,-1.3399123857137833,-2.7205873175063475,6.018192155164492,-2.4760754945099057,-0.7371019844939419,-0.4347842672596962,0.0,3.0,7.0,1.330355869274952
11-24,-0.4060909675524187,19.753090198983568,0.8908677926962563,-4.678827665752345,-1.3399123857137833,-2.7205873175063475,7.463717372327407,-2.4760754945099057,-0.7371019844939419,-0.6974709838152554,0.0,3.0,7.0,1.3683280513330212
11-25,-0.4060909675524187,19.753090198983568,0.8908677926962563,-4.678827665752345,-1.3399123857137833,-1.470586791583052,7.463717372327407,-2.4760754945099057,-8.27465283861256,-0.6974709838152554,0.0,3.0,7.0,0.7967325669516281
11-26,-0.4060909675524187,19.753090198983568,3.2608717060269834,-2.4844696582373222,-2.115650427391368,-1.470586791583052,7.878371266656748,-2.4760754945099057,-8.27465283861256,1.873929451819219,0.0,4.0,6.0,1.4126124041454444
11-27,-0.4060909675524187,13.90728694316315,3.2608717060269834,-0.15612414858885612,-4.172661436140251,-1.470586791583052,8.510636905220098,-2.4760754945099057,-7.394367763859487,2.0442911055977437,0.0,4.0,6.0,1.0588345507067276
11-28,-0.4060909675524187,13.90728694316315,3.7837879077808276,-1.4832129130327223,-4.172661436140251,-0.6617587969791525,8.510636905220098,-2.082154880998427,-7.394367763859487,0.7765327989904712,0.0,4.0,6.0,0.9798179815083717
11-29,-0.4060909675524187,6.474817577192403,3.8918881802945524,-1.4832129130327223,-4.172661436140251,-3.320751550062647,8.37336540087836,1.3594345203769973,-7.394367763859487,0.7765327989904712,0.0,5.0,5.0,0.3726321679168417
11-30,15.204682113215808,4.692084510364823,3.8918881802945524,0.8587088739131807,-2.7679161492188262,-4.106463707360785,7.098117691109997,-0.10994254990591565,-5.633806009374064,0.7765327989904712,0.0,6.0,4.0,1.8094441592753858
12-01,8.38207203866006,1.9607860059875786,3.8918881802945524,0.8587088739131807,-6.784654086652561,-3.555214098797641,4.801667264289316,-0.10994254990591565,-5.633806009374064,0.7765327989904712,0.0,6.0,4.0,0.4170944015822707
12-02,4.775826122681925,1.9607860059875786,3.8918881802945524,0.8587088739131807,-5.604714245495607,-3.555214098797641,4.801667264289316,1.484334523564963,-5.633806009374064,5.427630392220527,0.0,7.0,3.0,0.7642824553895209
12-03,4.775826122681925,-22.171949346229685,3.8918881802945524,1.1673195933978269,-5.604714245495607,-2.874433485365766,4.801667264289316,1.484334523564963,-5.633806009374064,3.7656888405658284,0.0,6.0,4.0,-1.4907435056064282
12-04,4.775826122681925,-22.171949346229685,2.918923867715372,1.9455252340732314,-8.244273986691935,-2.874433485365766,4.801667264289316,1.0491470328775725,-7.482397950338937,4.166666666666666,0.0,6.0,4.0,-1.9195725982111127
12-05,-0.7216561842781968,-24.615390484149664,2.918923867715372,0.31620524157514934,-8.244273986691935,-2.874433485365766,4.801667264289316,1.8774165716678397,0.0,4.41666444142661,0.0,5.0,5.0,-2.011352432164661
12-06,-0.7216561842781968,-20.71535522236177,2.918923867715372,0.31620524157514934,-8.244273986691935,-0.740743566442419,-2.0714282989501953,3.476368250695027,0.0,4.41666444142661,0.0,4.0,6.0,-1.9422995870283961
12-07,-3.684214541786596,-15.714291163853261,0.5405426025390625,-1.8181857932527503,-5.037039297598366,-2.025509822273168,-2.7698888170171134,4.101458179813046,0.0,2.1666685740152998,0.0,3.0,7.0,-2.2036781890376225
12-08,-2.604166563186385,-8.477013640146058,0.5405426025390625,2.2761774187292816,-5.037039297598366,-3.1866469390673178,-3.4801120296397774,4.101458179813046,0.0,3.0553253183212825,0.0,4.0,6.0,-1.164679540930476
12-09,-2.604166563186385,-8.477013640146058,0.5405426025390625,2.2761774187292816,-8.409788898210126,-3.1866469390673178,-3.4801120296397774,4.101458179813046,-9.335892986547117,3.0553253183212825,0.0,4.0,6.0,-2.3200106852176465
12-10,-2.604166563186385,0.14368144866415125,0.5405426025390625,2.807282829984317,-6.269110853265832,-0.5311054112550488,-3.4801120296397774,4.101458179813046,-9.335892986547117,3.0553253183212825,0.0,5.0,5.0,-1.0520088604156639
12-11,-6.8749981373549245,0.14368144866415125,0.0,2.807282829984317,-5.385192768823281,0.227622806910898,-3.4801120296397774,3.68563835803031,-7.473982825561108,4.293967950714474,0.0,5.0,5.0,-1.0960083970068126
12-12,-6.8749981373549245,2.112677427918818,-1.0929003894951987,7.841721070700476,-1.4210960036195401,-0.30348984011266966,-3.4801120296397774,0.325210681896214,-7.473982825561108,4.293967950714474,0.0,4.0,6.0,-0.5520910995048397
12-13,-6.8749981373549245,6.447185084376618,-0.5434803453420628,7.841721070700476,-1.4210960036195401,3.079179367466462,-1.9148900481179405,1.4092152744194049,-7.473982825561108,-0.41288350249701133,0.0,4.0,6.0,0.012360903133670352
12-14,-6.8749981373549245,9.053495896649437,-0.5434803453420628,7.553951553068957,-1.954888910926161,3.079179367466462,-1.9148900481179405,1.4092152744194049,-7.473982825561108,1.3212209079121504,0.0,5.0,5.0,0.332256612019474
12-15,-9.732618291819433,9.053495896649437,-0.5434803453420628,7.553951553068957,-1.954888910926161,3.0080692881118787,-1.9148900481179405,1.842819179015174,-7.473982825561108,1.3212209079121504,0.0,5.0,5.0,0.10542694572644479
12-16,-3.7433092354633013,10.836762222042855,2.631578947368421,6.951484496577718,-1.4970117371185392,3.0080692881118787,-1.9148900481179405,1.842819179015174,-7.473982825561108,1.3212209079121504,0.0,6.0,4.0,1.0875219267970282
12-17,-3.7433092354633013,7.956103247476917,2.631578947368421,6.951484496577718,1.94610240934828,0.9537792615510216,0.7092225444273564,1.842819179015174,-7.473982825561108,0.908337405415139,0.0,8.0,2.0,1.1529214027414199
12-18,-1.6042739295235728,7.956103247476917,2.631578947368421,8.399715900360718,-1.0479067883267825,2.2010285268964496,0.7092225444273564,1.842819179015174,-7.67771991751936,0.908337405415139,0.0,7.0,3.0,1.30171864687186
12-19,0.10515487530131995,2.328964338826747,2.631578947368421,4.561912348286558,-1.0479067883267825,3.301539291906285,-1.0101035121982027,0.21680712126415547,-7.67771991751936,0.0,0.0,6.0,4.0,0.31002060953719474
12-20,0.10515487530131995,2.234634788015232,2.631578947368421,4.561912348286558,2.0958064383725303,3.301539291906285,-0.6433177559708944,-0.43360390459576925,1.5165862039758364,0.0,0.0,7.0,3.0,1.3972992029690472
12-21,-0.9463738214701667,2.793293485019043,2.631578947368421,4.561912348286558,-1.552793536398335,3.301539291906285,1.3314683108804413,0.0,-0.18956875571358806,0.0,0.0,5.0,5.0,1.0846414790798782
12-22,-0.9463738214701667,3.401360588350888,3.684214541786596,4.561912348286558,-1.552793536398335,-0.610686422721138,1.3314683108804413,0.0,-0.18956875571358806,2.417406884959994,0.0,5.0,5.0,1.0997218307237502
12-23,-0.9463738214701667,0.8163257626945449,3.684214541786596,4.561912348286558,-3.804346015251829,-4.122136993345988,1.1913109379156035,0.0,-0.18956875571358806,2.417406884959994,0.0,5.0,5.0,0.32806771726015677
12-24,-0.9463738214701667,0.8163257626945449,4.687507761021147,-1.4598526426977114,-7.258069353967168,-4.122136993345988,1.1913109379156035,0.0,5.456177045622792,1.2234956721389256,0.0,5.0,5.0,-0.03741960291709285
12-26,2.040814340536656,0.8163257626945449,6.598990325192279,-1.4598526426977114,-7.431341419947106,-4.04579937051673,1.1913109379156035,0.0,5.456177045622792,1.2234956721389256,0.0,6.0,4.0,0.3991018773581139
12-27,2.040814340536656,0.8163257626945449,3.553303227562949,-0.8029241743286177,-7.915989767182512,-7.407411860838095,1.1913109379156035,2.6898646949348626,5.456177045622792,1.2234956721389256,0.0,7.0,3.0,0.07681507991428264
12-28,4.5918346990500725,-4.892088660702278,3.553303227562949,-0.8029241743286177,-3.968865837101137,-9.302324158558347,1.1913109379156035,2.6898646949348626,5.63506348161062,1.2234956721389256,0.0,6.0,4.0,-0.0073936470433950486
12-29,4.5918346990500725,1.1510780705260828,3.553303227562949,4.09721676766122,-8.090615111463777,-8.865811630134035,3.1446593273510777,2.6898646949348626,5.63506348161062,0.9811928867590222,0.0,8.0,2.0,0.8079805830780088
12-30,4.422106420279391,-3.0215833656141546,3.553303227562949,4.955260334387244,-8.617881703293287,-8.865811630134035,2.236202928826375,2.6898646949348626,5.803568121425903,0.9811928867590222,0.0,7.0,3.0,0.3760201741031155
12-31,4.422106420279391,-3.0215833656141546,3.553303227562949,4.955260334387244,-1.4173252588906806,-8.865811630134035,0.2795245330544775,2.6898646949348626,5.803568121425903,-1.169585518172993,0.0,6.0,4.0,0.6572110508029967
