,2009,2010,2011,2012,2013,2014,2015,2016,2017,2018,2019,2020,ups,downs,end_day_sum,avg
01-02,-1.9899978637695312,-0.970001220703125,-0.5399971008300781,-0.5,0.9800033569335938,-0.4199981689453125,3.909996032714858,-3.279998779296861,-4.589996337890568,-2.67999267578125,5.0,2.0300140380859375,4.0,8.0,01-17,-0.25416405995686137
01-03,-2.2199974060058594,-0.970001220703125,-0.6599998474120952,-1.3899993896484304,0.730003356933608,-0.5,4.360000610351577,-3.279998779296861,-2.75,-1.029998779296875,0.8199920654296875,-1.1999969482421875,3.0,9.0,01-18,-0.67416636149088
01-04,-2.2199974060058594,-1.220001220703125,0.9899978637695312,-0.829998016357429,0.6400070190429972,0.9300003051757812,4.360000610351577,-2.1599960327148438,-4.600006103515625,2.32000732421875,-1.0,-1.3600006103515625,5.0,7.0,01-19,-0.3458321889241507
01-05,-1.2599983215332031,0.3800010681152344,1.2999992370605469,-0.9099998474121094,2.01000213623049,0.9300003051757812,4.830001831054702,-3.440002441406264,-3.4599914550781534,3.75,-1.57000732421875,-1.3600006103515625,6.0,6.0,01-20,0.10000038146972597
01-06,-0.9300003051757812,2.5800018310546804,0.4699974060058594,-0.9599990844726562,2.01000213623049,1.6800003051757812,5.69000244140625,-3.970001220703111,-1.5599975585937784,3.6399993896484375,-1.57000732421875,0.8799896240234375,7.0,5.0,01-21,0.6633323033650717
01-07,-1.7999992370605469,2.2000007629394602,0.7099990844726562,-0.5099983215332031,2.2999954223632884,-1.4000015258789062,4.5,-3.9000015258789062,0.38000488281244316,2.0800018310546875,0.3499908447265625,4.94000244140625,8.0,4.0,01-22,0.8208328882853154
01-08,-1.3100013732910156,2.059997558593757,-0.10000228881835938,0.15999984741211648,2.6800003051757812,0.1100006103515625,1.470001220703125,-3.6699981689453125,-1.1199951171875568,5.3899993896484375,-1.459991455078125,2.0800018310546875,7.0,5.0,01-23,0.5241676966349248
01-09,-0.6399993896484375,2.270000457763679,-0.7299995422363352,0.4500007629394531,1.5299987792968892,-0.5100021362304688,1.69000244140625,-5.010002136230469,-1.239990234375,2.410003662109375,-3.170013427734375,2.75,6.0,6.0,01-24,-0.016666730244953243
01-10,-0.9899978637695241,3.450000762939453,-3.44000244140625,-0.42000198364258523,1.25,-0.5600051879882812,2.7000045776367188,-6.540000915527344,-2.010002136230497,4.7599945068359375,-2.6999969482421875,1.589996337890625,5.0,7.0,01-25,-0.24250094095866123
01-11,-1.8799972534179616,5.760002136230469,-4.840000152587891,-2.2999992370605398,0.8600006103515767,0.279998779296875,5.7400054931640625,-4.459999084472656,-0.9600067138672159,1.7700042724609375,-2.67999267578125,-0.6100006103515625,5.0,7.0,01-26,-0.2766653696695964
01-12,-0.5199966430663991,5.029998779296875,-5.069999694824212,-2.479999542236321,0.5200042724609375,0.100006103515625,5.5400009155273295,-5.7099990844726705,4.479995727539006,1.8600006103515625,-1.489990234375,0.7400054931640625,7.0,5.0,01-27,0.25000222524006627
01-13,-0.060001373291015625,3.490001678466804,-4.849998474121101,-1.5900001525878906,0.6300048828125,-0.1199951171875,3.600006103515639,-3.6100006103515625,2.6399993896484375,1.6999969482421875,-1.899993896484375,1.1800079345703125,6.0,6.0,01-28,0.09250227610270301
01-14,1.6899986267089844,4.0,-4.8899993896484375,-1.690002441406243,1.0699996948242188,-0.7299957275390625,-13.069999694824219,-5.930000305175781,2.680007934570284,4.2599945068359375,-3.149993896484375,0.089996337890625,6.0,6.0,01-29,-1.3058328628540057
01-15,0.5,3.8999977111816406,-4.869998931884766,-1.670001983642571,1.1199951171875,5.8699951171875,-10.529998779296875,-3.989997863769517,1.1600036621093466,2.0699920654296875,-6.0,-18.70001220703125,6.0,6.0,01-30,-2.595002174377442
01-16,0.75,3.3699989318847656,-5.290000915527344,-1.200000762939446,2.9299926757812216,0.20999908447265625,-11.419998168945312,-3.6999969482422017,0.5900115966796875,2.8899993896484375,12.980010986328125,-17.489990234375,7.0,5.0,01-31,-1.2816645304362009
01-17,2.2099990844726562,2.6599998474121094,-6.180000305175774,-1.1500015258788991,1.7000045776367045,2.160003662109375,-11.69000244140625,-2.819999694824247,-1.8499908447265625,-13.05999755859375,4.7400054931640625,-19.509994506835938,5.0,7.0,02-01,-3.5658311843872093
01-18,1.6100006103515625,2.200000762939453,-6.329998016357415,-0.670001983642571,1.2900009155273295,1.7600021362304688,-12.310005187988281,-0.719993591308608,-2.870002746582003,-12.050003051757841,3.2599945068359375,-15.659988403320312,5.0,7.0,02-02,-3.3741661707560233
01-19,1.8699989318847656,1.8499984741210938,-4.349998474121094,-0.6899986267089915,0.900001525878892,3.44000244140625,-15.110000610351548,-1.5699996948242472,-2.870002746582003,-15.360000610351591,5.9600067138671875,-15.419998168945312,5.0,7.0,02-03,-3.445832570393883
01-20,2.3999977111816406,1.7600021362304545,-3.94000244140625,-0.9799995422363281,1.650001525878892,2.1699981689453125,-13.830001831054688,-1.7200012207031108,-2.7500076293945597,-11.309997558593778,9.810012817382812,-18.279998779296875,5.0,7.0,02-04,-2.918333053588873
01-21,1.029998779296875,0.7800025939941406,-1.2299995422363352,-0.509998321533196,1.8799972534179688,-0.660003662109375,-11.819999694824219,-0.08000183105467329,-1.5,-10.210006713867216,10.260009765625,-18.909988403320312,4.0,8.0,02-05,-2.5808324813842787
01-22,1.5699996948242116,-1.529998779296875,-0.7000007629394602,0.050003051757819605,1.8600006103515625,0.20000457763671875,-14.94000244140625,-2.160003662109361,-0.5400009155273438,-12.770004272460938,13.900009155273438,-19.330001831054688,5.0,7.0,02-06,-2.8658329645792637
01-23,0.20999908447264914,-1.279998779296875,-0.6100006103515554,0.6800003051757955,3.4499969482421875,0.6999969482421875,-14.739997863769517,-1.8800048828124716,0.12999725341798296,-16.979995727539062,12.04998779296875,-18.850006103515625,6.0,6.0,02-07,-3.093335469563796
01-24,-0.47999954223633523,-1.75,-0.6800003051757812,2.30999755859375,3.5799942016601562,0.9199981689453125,-14.730003356933608,-1.6900024414062358,-3.8999938964843466,-12.449996948242188,12.44000244140625,-19.290008544921875,4.0,8.0,02-08,-2.976667722066242
01-25,-0.18000030517578125,-1.720001220703125,-0.44000244140625,1.479999542236321,3.1399993896484375,1.1399993896484375,-15.050003051757827,-1.6800003051757528,-5.529998779296847,-16.17999267578125,13.69000244140625,-17.6300048828125,4.0,8.0,02-09,-3.246666908264157
01-26,-0.09000015258789062,-1.3199996948242259,-0.22999954223632812,1.970001220703125,2.779998779296875,2.1199951171875,-15.020004272460952,-1.2099990844726847,-3.86000061035152,-13.989990234375,18.240005493164062,-16.149993896484375,4.0,8.0,02-10,-2.229998906453451
01-27,-0.5799980163574219,-0.970001220703125,-0.07999801635742188,1.5,2.910003662109375,1.970001220703125,0.0500030517578125,0.04000091552734375,-3.290008544921861,-14.80999755859375,16.410003662109375,-15.330001831054688,6.0,6.0,02-11,-1.0149993896484364
01-28,-1.700000762939446,-0.5,0.8100013732910085,1.4500007629394531,2.5200042724609375,-5.129997253417969,-1.470001220703125,0.1600036621093892,-0.8500061035156108,-17.38000488281253,18.990005493164062,4.9300079345703125,6.0,6.0,02-12,0.15250110626220703
01-29,-0.3800010681152344,-0.04000091552734375,0.9599990844726491,1.4300003051757812,0.4600067138672017,0.7699966430664062,-1.4300003051757955,-1.94000244140625,1.5,-15.660003662109375,2.9199981689453125,2.7899932861328125,7.0,5.0,02-13,-0.7183345158894863
01-30,-0.6399993896484375,0.3100013732910156,0.9099998474120952,0.3899993896484375,1.2699966430664205,-1.2099990844726562,1.3699951171874716,-1.0899963378906108,2.55999755859375,-4.75,8.69000244140625,2.510009765625,8.0,4.0,02-14,0.8600006103515613
01-31,-1.1699981689453125,0.3100013732910156,1.4499969482421804,0.69000244140625,0.599998474121108,0.06000518798828125,0.08999633789061079,-1.0899963378906108,0.7600021362304972,-3.830001831054659,3.489990234375,5.3700103759765625,9.0,3.0,02-15,0.5608339309692436
02-01,-1.1699981689453125,0.69000244140625,0.7900009155273438,-0.6899986267089844,0.37000274658203125,2.8900070190429688,0.08999633789061079,-1.1899948120117188,1.1900024414062642,-1.1799926757812216,3.0399932861328125,6.0,8.0,4.0,02-16,0.902501742045087
02-02,-1.3400001525878977,0.5999984741211009,0.8900032043457102,-2.0800018310546875,0.3899993896484375,2.8900070190429688,1.1199951171875,2.5600051879882812,2.2299957275390625,1.3800048828125,-0.600006103515625,6.0,9.0,3.0,02-17,1.170000076293946
02-03,-1.2000007629394602,0.589996337890625,1.3899993896484304,-2.7099990844726634,0.3899993896484375,4.060005187988281,0.1100006103515625,3.3800048828124716,1.5599975585937358,5.1199951171875,-0.600006103515625,7.839996337890625,9.0,3.0,02-18,1.6608324050903267
02-04,-1.3800010681152273,1.1899986267089844,1.4599990844726562,-2.2099990844726634,0.5100021362304688,3.30999755859375,0.8700027465820455,2.3300018310546875,3.6199951171875,5.1199951171875,-1.1199951171875,8.330001831054688,9.0,3.0,02-19,1.835833231608074
02-05,-1.8899993896484375,1.1599998474121094,1.279998779296875,-2.2099990844726634,0.06999969482423296,3.6599960327148438,1.4000015258789062,2.3199996948242045,3.6199951171875,5.5399932861328125,-1.279998779296875,5.0200042724609375,9.0,3.0,02-20,1.557499249776204
02-06,-1.9799995422363281,1.3999977111816406,1.279998779296875,-1.2199974060058736,0.19000244140625,1.8900070190429688,1.3700027465820312,2.8400039672851705,4.289993286132784,3.19000244140625,-1.32000732421875,5.3699951171875,9.0,3.0,02-21,1.4416666030883765
02-07,-1.8800010681152344,1.30999755859375,1.8800010681152344,-0.35999679565428977,-0.48000335693357954,2.0400009155273438,2.3899993896484375,3.9000015258789205,2.69000244140625,3.8600006103515625,0.3300018310546875,4.5500030517578125,9.0,3.0,02-22,1.6858339309692412
02-08,-1.7900009155273509,1.6999969482421875,2.0900001525878906,-1.0800018310546804,-0.09000396728514204,1.7600021362304688,2.0999984741210938,4.9300003051757955,4.449996948242173,3.779998779296932,-2.25,4.0,8.0,4.0,02-23,1.6333322525024474
02-09,-2.7600021362304616,1.460002899169929,2.3899993896484375,-1.529998779296882,0.04999542236329546,3.1500015258789205,1.8699951171875142,4.930000305175781,2.419998168945341,2.0599975585937784,-3.0,4.6399993896484375,9.0,3.0,02-24,1.3066657384236742
02-10,-2.6499996185302805,1.8299980163574219,1.1399993896484446,-0.48999786376953836,0.06999969482421875,2.769996643066392,0.879997253417983,3.6399993896484375,1.360000610351591,1.7099914550781534,-3.0500030517578125,5.0999908447265625,9.0,3.0,02-25,1.0258310635884644
02-11,-2.3199996948242223,1.7999992370605469,0.6000022888183594,-1.319999694824233,0.1699981689452983,2.970001220703125,1.7799987792968892,4.509994506835966,3.75,0.3899993896484375,-3.6699981689453125,4.3899993896484375,9.0,3.0,02-26,1.0874996185302743
02-12,-2.7699985504150355,1.470001220703125,0.31999969482421875,0.15999984741209516,0.25,3.029998779296861,0.660003662109375,2.6899948120117188,4.830001831054659,1.1799926757812216,-4.8600006103515625,3.5699920654296875,10.0,2.0,02-27,0.877498785654697
02-13,-2.429998397827145,1.2800025939941406,1.0,-0.3899993896484446,0.01999664306639204,2.5800018310546875,1.0999984741210938,1.759994506835966,5.2299957275390625,2.5099945068359375,-5.149993896484375,-1.470001220703125,8.0,4.0,02-28,0.5033326148986825
02-14,-1.899999618530277,0.6700019836425781,1.6899986267089844,-0.5300025939941406,0.21999359130857954,2.5600051879882812,0.4199981689452983,3.1100006103515625,6.7300033569335795,-2.1999969482421875,-4.5800018310546875,-2.0099945068359375,7.0,5.0,02-29,0.3483338356018028
02-15,-2.5100002288818395,0.04000091552734375,-0.1100006103515554,0.09999847412109375,0.05999755859372158,1.8900070190429688,0.75,1.8999938964843892,4.540008544921847,-4.449996948242159,-4.239990234375,-0.529998779296875,7.0,5.0,03-01,-0.21333169937133878
02-16,-1.6599998474121094,-0.4499969482421804,-1.1699981689453125,-0.9800033569335866,-0.3000030517578267,1.8400039672851562,0.43000030517575283,2.099998474121108,3.8700103759765625,-4.770004272460909,-4.17999267578125,-5.2899932861328125,4.0,8.0,03-02,-0.8799982070922839
02-17,-2.2600002288818395,-0.5,-1.7099990844726562,-0.910003662109375,-0.1699981689453267,2.8600006103515483,0.8199996948242045,3.2699966430664062,3.949996948242159,-4.270004272460909,-1.6399993896484375,-11.289993286132812,4.0,8.0,03-03,-0.9875003496805865
02-18,-2.5799999237060582,-0.3899993896484375,-2.229999542236328,-0.7000007629394602,0.5900039672851705,3.4200057983398295,0.4499969482421875,1.6999969482421875,2.0400085449218466,-4.100006103515625,-1.279998779296875,-8.139999389648438,5.0,7.0,03-04,-0.9349993069966667
02-19,-1.4000015258788991,-0.779998779296875,-2.259998321533203,-0.7799987792968821,-0.5100021362304688,5.969993591308608,-0.37000274658201704,0.6699981689453125,1.5200042724609375,-1.3800048828125,-1.8800048828125,-9.75,3.0,9.0,03-05,-0.9125013351440406
02-20,-0.43000030517578836,-1.1500015258789134,-1.4599990844726562,-1.4599990844726634,2.209999084472642,4.029998779296861,-0.1399993896484375,0.6199951171875,2.169998168945284,0.08999633789059658,-1.029998779296875,-7.0500030517578125,5.0,7.0,03-06,-0.30000114440918857
02-21,0.8099994659423828,-1.1399993896484446,-1.3699989318847656,-1.079998016357429,1.4799957275390767,4.410003662109389,-0.6399993896484375,0.0,1.9900054931640625,4.990005493164034,-3.9499969482421875,-7.5099945068359375,5.0,7.0,03-07,-0.1674981117248547
02-22,0.1700000762939453,-0.9799995422363352,-1.8199996948242188,-1.190002441406243,1.3799972534179972,3.220001220703125,-0.7899932861328267,-1.220001220703125,0.3899993896484091,6.6999969482421875,-3.3300018310546875,-8.110000610351562,5.0,7.0,03-08,-0.4650003115336112
02-23,0.09000015258789062,-0.9499969482421875,0.5200004577636719,-2.220001220703118,1.4300003051757955,4.459999084472656,-1.9899978637695455,-0.9800033569335795,-0.69000244140625,5.910003662109403,-1.589996337890625,-16.529998779296875,5.0,7.0,03-09,-1.0449994405110636
02-24,-1.730001449584961,0.02000045776367898,-0.06999969482422586,-1.6700019836425781,1.0900039672851562,3.9899978637695312,-1.3299942016601705,-3.6499938964844034,-1.0899963378906534,4.2100067138671875,-2.3300018310546875,-14.509994506835938,4.0,8.0,03-10,-1.4224979082743385
02-25,-0.3999996185302699,0.8499984741210866,-0.7599983215332102,-0.7999992370605469,2.5699996948242188,4.439994812011719,-3.059997558593736,-5.120002746582017,-1.5200042724609375,3.8800048828125,-2.6399993896484375,-24.149993896484375,4.0,8.0,03-11,-2.225833098093667
02-26,0.2700004577636754,1.479999542236321,1.1599998474120952,-0.3400001525878835,2.3600006103515767,3.149993896484389,-3.029998779296889,-3.9099960327148438,-1.3400115966796875,4.6800079345703125,1.3800048828125,-15.009994506835938,7.0,5.0,03-12,-0.7624994913736977
02-27,-0.5799999237060547,1.9699974060058452,0.34999847412108664,-0.12999725341796875,2.1800003051757955,3.0999984741210938,-2.709999084472642,-4.1100006103515625,-0.3600006103515625,4.9499969482421875,-0.9000091552734375,-20.620010375976562,5.0,7.0,03-13,-1.4050021171569818
02-28,0.020000457763675428,2.0499992370605398,-0.270000457763679,0.69000244140625,2.8300018310547017,2.0800018310547017,-3.0999984741210938,-4.819999694824219,-0.3000030517577841,6.679992675781222,-4.0800018310546875,-14.620010375976562,6.0,6.0,03-14,-1.0700012842814113
02-29,0.0,0.0,0.0,1.2400016784667969,0.0,0.0,0.0,-4.779998779296861,0.0,0.0,0.0,-17.770004272460938,1.0,2.0,03-15,-1.7758334477742501
03-01,1.4899997711181676,1.8999977111816406,0.5900001525878906,0.5499992370605469,2.0699996948242045,1.5199966430664205,0.9399948120117188,-6.3300018310546875,0.3699951171875,4.429992675781222,-4.44000244140625,-37.41999816894533,9.0,3.0,03-16,-2.8608355522155797
03-02,1.9400005340576207,1.9200019836425852,0.2899971008300781,1.2299995422363281,3.1700057983398438,1.4499969482422017,1.2099990844726562,-6.42999267578125,2.270004272460909,1.7099914550780966,-3.839996337890625,-28.970001220703125,9.0,3.0,03-17,-2.0041661262512234
03-03,2.5500011444091903,1.7900009155273438,-0.9200019836425852,0.8499984741210938,3.1300048828125,2.5799942016601705,1.1200027465820312,-3.80999755859375,1.6200103759765625,0.239990234375,-4.7299957275390625,-54.01000213623047,8.0,4.0,03-18,-4.132499535878498
03-04,2.220001220703125,2.0499992370605398,-1.0100021362304759,1.0900001525878835,3.3199996948242188,1.2000045776367045,1.090003967285142,-2.589996337890625,1.800003051757784,-3.3099975585937216,-3.399993896484375,-47.86000061035156,7.0,5.0,03-19,-3.7833315531412803
03-05,3.1100006103515625,1.8899993896484304,-0.5600013732910227,0.8400001525878835,1.1200027465820312,1.6999969482421875,3.529998779296861,-2.5399932861328267,2.5200042724609375,-2.0,-3.010009765625,-43.66000366210936,7.0,5.0,03-20,-3.088333765665693
03-06,3.190000534057617,1.729999542236321,-0.5299987792968679,1.7900009155273438,2.440002441406236,-0.7299957275390625,4.7300033569335795,-1.409996032714858,4.9799957275390625,-4.8300018310546875,-0.350006103515625,-45.6800079345703,6.0,6.0,03-21,-2.8891669909159368
03-07,3.9600009918212926,1.779998779296875,0.7299995422363281,1.0499992370605469,3.8600006103515625,-0.2599945068359375,3.75,-3.2299957275390767,6.3800048828125,-5.6699981689453125,1.5399932861328125,-35.1800079345703,8.0,4.0,03-22,-1.7741665840148924
03-08,2.9600009918212926,1.3599967956542969,0.6399993896484375,0.7600021362304545,2.3800048828125,-0.46999359130857954,4.189994812011719,-1.2000045776367045,5.17999267578125,-7.179992675781222,1.8499908447265625,-26.440002441406264,8.0,4.0,03-23,-1.330834229787188
03-09,2.3099994659423864,0.3600006103515554,0.8600006103515696,0.5499992370605398,2.7400054931640625,-0.2599945068359091,5.3299942016601705,-1.7900009155273438,4.5900115966796875,-7.979995727539034,-0.5300140380859375,-26.8300018310547,7.0,5.0,03-24,-1.7208329836527463
03-10,3.3899993896484375,0.45000076293946023,1.9799995422363281,-0.06999969482422586,2.4500045776367188,-0.48999786376951704,6.75,-1.0800018310546875,3.6100006103515625,-7.289993286132784,1.9099884033203125,-48.15000915527344,7.0,5.0,03-25,-3.045000712076819
03-11,2.530000686645508,0.31999969482421875,2.5999984741210938,-0.3899993896484304,3.470001220703125,-0.08999633789063921,6.0399932861328125,-1.1200027465820455,3.7400054931640625,-7.410003662109347,0.55999755859375,-20.439994812011705,7.0,5.0,03-26,-0.8491667111714664
03-12,1.7299995422363281,0.4700012207031179,2.2099990844726562,0.43000030517577414,3.7700042724609375,0.2700042724609375,2.470001220703111,0.12000274658203125,3.330001831054716,-9.100006103515625,5.1100006103515625,-7.900001525878892,10.0,2.0,03-27,0.24250062306722123
03-13,1.279998779296875,0.3699989318847585,2.770000457763672,0.8300018310546875,3.779998779296875,-0.3600006103515625,2.1999969482421733,0.3800048828125,2.8099975585937784,-5.830001831054716,7.7700042724609375,-16.349998474121094,9.0,3.0,03-28,-0.02916653951009292
03-14,1.1999969482421804,0.029998779296867895,1.8199996948242188,1.69000244140625,3.8199996948242188,-1.4899978637695312,2.4499969482421733,0.7100067138671875,2.990005493164091,-3.8499908447265057,8.400009155273438,8.470001220703125,10.0,2.0,03-29,2.186669031778976
03-15,2.6199989318847585,0.09999847412108664,1.8800010681152344,1.3799972534179759,3.6300048828125,-1.8700027465820312,1.8899993896484375,1.9499969482421875,-0.2700042724609091,-0.3000030517577841,7.07000732421875,8.580001831054702,9.0,3.0,03-30,2.2216663360595756
03-16,1.959999084472642,-0.15999984741210938,2.8900032043457102,1.6299972534179759,3.6500015258789062,-2.3300018310546875,3.9199981689453125,0.839996337890625,-0.290008544921875,-1.6100006103515057,6.010009765625,4.379997253417983,8.0,4.0,03-31,1.7408326466878314
03-17,0.1399993896484375,-0.729999542236321,3.219997406005845,1.2599983215332031,3.9899978637695312,-1.7600021362304688,6.769996643066406,0.9700012207031392,-2.75,-1.0299987792968466,6.6699981689453125,4.370002746582031,8.0,4.0,04-01,1.7599992752075224
03-18,0.5099983215332031,-0.779998779296875,1.9599990844726491,1.3400001525878906,4.709999084472656,-0.37999725341796875,3.009994506835966,2.790000915527358,-2.8700103759765625,-1.4900054931640625,6.1399993896484375,5.550003051757798,8.0,4.0,04-02,1.7074985504150408
03-19,1.8699989318847727,-0.3599967956542969,1.009998321533196,1.4599990844726562,2.3300018310546875,1.3899993896484233,2.569999694824247,2.660003662109389,-3.2100067138671875,0.4499969482422159,0.30999755859375,-11.73000335693358,9.0,3.0,04-03,-0.10416762034097715
03-20,2.520000457763679,-0.6800003051757812,1.3899993896484375,2.020000457763672,1.9899978637695312,1.549995422363267,1.4300003051757955,2.6800003051757812,-3.2900085449218466,-1.3899993896484375,-1.0399932861328125,-11.340003967285142,7.0,5.0,04-04,-0.3466676076253214
03-21,0.7299995422363352,-0.8600006103515554,1.9799995422363281,1.3999977111816548,0.720001220703125,1.779998779296875,1.8299942016601562,3.3700027465820312,-3.5,3.619995117187443,-2.9499969482421875,4.040000915527344,9.0,3.0,04-05,1.0133326848347959
03-22,1.1800003051757812,-1.1500015258789062,2.25,1.7199974060058594,-0.29999542236328125,1.9499969482421875,2.4499969482421733,2.239997863769517,-2.1399993896484375,5.529998779296847,-1.600006103515625,5.310005187988281,8.0,4.0,04-06,1.453332583109533
03-23,1.220001220703125,-1.1300010681152344,2.1000022888183523,0.8999977111816548,-0.7399978637695312,1.30999755859375,4.229995727539048,-0.12000274658203125,-3.830001831054716,7.220001220703125,-3.9199981689453125,4.8400039672851705,7.0,5.0,04-07,1.0066665013631166
03-24,1.2299995422363281,-0.5400009155273438,1.5200004577636648,0.03999710083008523,-0.6399993896484375,-1.8000030517578125,4.5200042724609375,-0.8900070190429688,-3.3099975585937784,4.050003051757841,-3.410003662109375,-5.170005798339858,5.0,7.0,04-08,-0.36666774749755976
03-25,0.3000030517578196,-0.2200012207031179,2.470001220703118,-0.7100028991699148,-1.0999984741210938,-0.9900054931640767,2.980003356933608,-1.5200042724609375,-4.160003662109375,5.350006103515653,-2.0200042724609375,-0.31999969482421875,4.0,8.0,04-09,0.004999478658043917
03-26,-1.1199989318847585,-0.29000091552733664,2.650001525878899,-0.4900016784667969,-2.3800048828125,0.980003356933608,3.809997558593736,-1.5200042724609375,-4.1800079345703125,3.300003051757841,-4.350006103515625,-0.43000030517579546,4.0,8.0,04-10,-0.3350016276041649
03-27,-0.45999908447264204,0.07999801635742898,2.2900009155273438,-2.2000007629394602,-2.9499969482421875,1.4899978637695455,1.7799987792968608,-2.7099990844726562,-3.830001831054659,3.709991455078068,-5.8899993896484375,3.7700042724609233,6.0,6.0,04-11,-0.41000048319498933
03-28,0.42000198364258523,0.11999893188476562,1.6199989318847656,-2.5999984741210938,-2.089996337890625,0.9199981689453267,0.06999969482420454,-1.489997863769517,-2.67999267578125,5.480010986328125,-3.7299957275390625,-5.709999084472656,6.0,6.0,04-12,-0.8058309555053693
03-29,0.9099998474121094,0.06999969482421875,0.6399993896484446,-2.2099990844726634,-0.31999969482421875,-0.4100036621093608,-1.30999755859375,-4.050003051757798,-2.659988403320284,3.5400085449218466,-3.1999969482421875,-3.4500045776367188,4.0,8.0,04-13,-1.0374987920125303
03-30,0.8699989318847656,0.34999847412109375,-0.30999755859375,-2.329998016357429,-0.31999969482421875,-0.720001220703125,-0.6800003051757955,-5.810005187988281,-2.319992065429659,5.8300018310546875,2.94000244140625,3.6800003051757812,5.0,7.0,04-14,0.09833399454752663
03-31,-0.11999893188476562,0.27000045776366477,-0.5400009155273366,-2.599998474121101,0.20999908447265625,-1.6300048828125,-0.03999328613282671,-5.0,-2.239990234375,5.8300018310546875,1.720001220703125,0.9300003051757812,5.0,7.0,04-15,-0.2674986521403013
04-01,-1.5,0.25,-1.1300010681152273,-2.259998321533196,0.9699935913085938,-1.1800003051757528,-0.6699981689453125,-5.69000244140625,-0.8299865722655966,5.8499908447265625,2.3800048828125,17.93000030517578,5.0,7.0,04-16,1.1766668955485085
04-02,-1.3300018310546946,-0.07999801635742188,-1.7100028991699148,-2.520000457763672,-1.529998779296875,-1.3499984741210938,-1.9899978637695312,-3.8499984741210795,-0.739990234375,5.269989013671847,3.3600006103515625,8.349998474121094,3.0,9.0,04-17,0.15666675567626834
04-03,-1.3700027465820384,-0.07999801635742188,-1.3200035095214844,-1.7599983215332102,2.0199966430664062,-0.7099990844726562,-1.9300003051757812,-5.119995117187472,-1.479995727539091,4.970001220703153,2.850006103515625,8.819999694824205,4.0,8.0,04-18,0.4075009028116862
04-04,-0.5800018310546946,-0.20999908447265625,-0.6400032043457031,-0.20999908447266336,-0.34000396728515625,2.4000015258789062,-1.9300003051757812,-5.119995117187472,-1.20001220703125,4.7400054931640625,2.3400115966796875,1.4900054931640625,4.0,8.0,04-19,0.06166744232177853
04-05,-0.09999847412109375,0.5900001525878906,-1.25,-0.6100006103515625,0.1199951171875,1.3300018310547017,-1.3899993896484375,-2.1299972534179688,2.0700073242187784,3.4600067138671875,0.95001220703125,4.0300064086914205,7.0,5.0,04-20,0.5891695022583056
04-06,-0.09000015258789062,0.44000244140625,-1.2299995422363281,1.0099983215332102,0.6100006103515625,2.7400054931640767,-3.8000030517578267,-1.4399948120117188,2.3000030517578125,5.510009765625,1.260009765625,7.140007019042969,8.0,4.0,04-21,1.204169909159343
04-07,-0.8400001525878977,2.170001983642571,-0.8699989318847727,1.0099983215332102,0.660003662109375,2.7099990844726847,-0.5900039672851705,-0.34999847412110796,1.949996948242159,5.200012207031278,1.4600067138671875,7.0,8.0,4.0,04-22,1.625834782918293
04-08,-1.2000007629394531,2.8100013732910085,-0.1999969482421946,0.22999954223633523,2.0100021362304688,0.8799972534179545,-0.75,-1.5699996948242472,2.67999267578125,3.280014038085966,1.4900054931640625,0.8600006103515767,8.0,4.0,04-23,0.876667976379394
04-09,-2.5499992370605398,2.8600006103515554,0.18000030517576704,0.329998016357429,2.1999969482421875,1.6900024414062358,-0.739997863769517,0.10000610351559658,1.75,1.8800048828125,2.079986572265625,-7.819999694824219,9.0,3.0,04-24,0.16333325703938506
04-10,-2.180000305175774,2.8800010681152273,0.9499969482421804,-0.7099990844726562,1.1299972534179688,2.4000015258789062,-1.3699951171874716,-2.409996032714858,1.8799896240234375,0.55999755859375,0.7599945068359375,-2.029998779296875,7.0,5.0,04-25,0.1549990971883144
04-11,-2.180000305175774,3.1699981689453125,1.3600006103515554,5.549999237060554,0.089996337890625,3.3100051879882812,-0.5400009155273295,-1.759994506835966,3.199996948242159,0.1699981689453125,1.05999755859375,-2.029998779296875,8.0,4.0,04-26,0.9499998092651337
04-12,0.5699996948242259,3.6399993896484375,1.6499977111816548,4.989997863769524,-0.6699981689453125,2.279998779296861,-1.32000732421875,-1.469993591308608,2.8499908447265625,0.3300018310547159,0.399993896484375,-3.8400039672851562,8.0,4.0,04-27,0.7841647466023774
04-13,3.229999542236328,3.5900001525878906,1.2900009155273366,5.25,1.089996337890625,2.6100006103515483,-1.5400009155273295,-2.1500015258789205,2.2200012207031534,0.9100036621094318,-0.3800048828125,-4.1999969482421875,8.0,4.0,04-28,0.9933331807454481
04-14,4.940002441406243,3.5900001525878906,2.170001983642578,4.939998626708984,0.45999908447265625,2.8799972534179545,-1.5500030517578125,-0.34000396728517046,0.9900054931640625,-1.960006713867159,-1.6999969482421875,-5.940002441406236,7.0,5.0,04-29,0.706665992736817
04-15,4.960002899169922,3.9300003051757812,1.4900016784667969,5.689998626708984,-1.0800018310546875,4.019996643066406,1.1100006103515625,-0.34000396728517046,0.9900054931640625,-1.94000244140625,0.1199951171875,4.290000915527358,9.0,3.0,04-30,1.9366661707560222
04-16,4.4699974060058665,3.1300010681152344,1.9399986267089915,5.810001373291016,-1.8899993896484375,-0.790000915527358,-2.6300048828125,-1.2300033569335938,0.760009765625,-3.330001831054659,-0.529998779296875,12.45999908447267,6.0,6.0,05-01,1.5141665140787797
04-17,4.459999084472663,2.7399978637695312,2.849998474121101,4.740001678466804,0.9599990844726562,-3.349998474121108,-0.2200012207031108,-1.6100006103515625,0.6800079345703409,-6.55999755859375,1.0999908447265625,9.349998474121122,8.0,4.0,05-02,1.261666297912604
04-18,5.4699974060058665,3.6699981689453125,3.6699981689453196,4.220001220703125,-1.029998779296875,-2.7900009155273438,-2.3600006103515483,-1.7700042724609517,-1.460006713867216,-11.919998168945284,2.44000244140625,11.750000000000028,6.0,6.0,05-03,0.8241656621297236
04-19,5.109996795654297,2.0999984741210938,3.3400001525878977,5.0,-2.3799972534179688,-2.7900009155273438,-3.049995422363267,-0.5,-4.100006103515653,-12.410003662109375,3.6500091552734375,1.6999969482421875,6.0,6.0,05-04,-0.36083348592122455
04-20,5.279998779296875,2.020000457763679,2.5100021362304688,4.900001525878906,-2.339996337890625,-5.290000915527344,-2.4799957275390483,-0.7000045776367045,-3.1600036621094034,-11.009994506835909,3.6500091552734375,-1.9199981689453125,5.0,7.0,05-05,-0.711665153503415
04-21,5.470001220703125,0.2799987792968821,2.0999984741210938,6.409999847412109,-0.12999725341796875,-3.9199981689453125,-2.279998779296861,4.19000244140625,-3.289993286132841,-11.0,4.0500030517578125,-0.009994506835965922,6.0,6.0,05-06,0.1558351516723603
04-22,6.049999237060533,-0.5399971008300852,2.400001525878899,5.450000762939446,1.029998779296875,-5.069999694824219,-1.230003356933608,3.540000915527358,-5.330001831054716,-11.839996337890597,6.5800018310546875,4.1999969482421875,7.0,5.0,05-07,0.4366668065388968
04-23,3.249999999999993,-1.0099983215332102,2.400001525878899,4.55999755859375,0.0,-6.389999389648423,0.75,3.75,-4.6699981689453125,-7.960006713867159,8.050003051757812,-0.03999328613282671,6.0,6.0,05-08,0.2241671880086269
04-24,0.5900001525878906,-0.7000007629394602,2.1300010681152273,-1.6100006103515625,0.9500045776367188,-5.120002746582031,0.9699935913085795,3.6199951171875,-5.25,-5.220001220703153,4.980010986328125,0.31999969482420454,7.0,5.0,05-09,-0.36166667938233016
04-25,-0.10000228881835938,-1.970001220703125,1.5,-0.3400001525878835,2.0800018310546875,-5.3899993896484375,0.9899978637695312,4.269996643066406,-4.9199981689453125,-4.949996948242216,6.0800018310546875,-6.399993896484403,5.0,7.0,05-10,-0.7624994913737021
04-26,-0.3100013732910156,-2.4500007629394602,2.420001983642578,-1.5499992370605469,3.6200027465820312,-6.7299957275390625,1.3199996948242188,4.170005798339844,-3.8899993896484375,-4.7299957275390625,4.260009765625,-5.099998474121108,5.0,7.0,05-11,-0.7474975585937518
04-27,0.28999710083008523,-0.7400016784667898,2.5999984741210866,-1.6700019836425781,2.44000244140625,-6.9799957275390625,1.599998474121108,3.8100051879882812,-2.110000610351591,-3.3399963378906534,4.8899993896484375,3.8700103759765767,7.0,5.0,05-12,0.3883345921834292
04-28,-0.729999542236321,0.04999923706055398,1.5,-1.4000015258789134,1.3000030517578125,-6.589996337890625,-0.8300018310546875,2.900001525878892,-2.029998779296932,-1.6699981689453125,5.220001220703125,-4.819999694824247,5.0,7.0,05-13,-0.5916659037272213
04-29,-0.829998016357429,-0.18999862670897727,0.6800003051757812,-0.13000106811524148,1.4800033569335938,-2.029998779296861,2.4500045776367188,3.0600051879882812,-1.0599975585937784,-1.610000610351591,6.5699920654296875,-9.849998474121122,5.0,7.0,05-14,-0.12166563669841146
04-30,-1.2099990844726562,1.3800010681152415,1.0099983215332031,-0.06000137329102273,1.0200042724609375,0.02000427246095171,3.299995422363267,1.5400009155273295,-1.5700073242187784,-0.3300018310546591,5.6400146484375,-0.4499969482421875,7.0,5.0,05-15,0.8575010299682605
05-01,-1.3800010681152344,-0.25,2.2699966430664062,-0.5699996948242188,3.7999954223632812,1.2000045776367045,2.7299957275390483,3.3600006103515767,-1.5700073242187784,3.8999938964843466,4.739990234375,3.1699981689453125,8.0,4.0,05-16,1.7833305994669537
05-02,-1.7000007629394531,-0.1100006103515696,1.4599990844726562,-0.8600006103515625,3.6100006103515625,-0.1699981689453267,2.4199981689452983,1.9199981689453125,0.7800140380859943,7.050003051757841,5.0200042724609375,5.139999389648452,8.0,4.0,05-17,2.046668052673345
05-03,-1.5400009155273438,-0.26000213623047586,1.1500015258789062,0.3099975585937571,2.4500045776367188,0.12000274658201704,5.2700042724609375,3.4800033569335938,0.19999694824221592,9.819992065429659,2.4900054931640625,1.040000915527358,10.0,2.0,05-18,2.0441672007242837
05-04,-1.4199981689453125,0.6800003051757812,1.3699989318847656,1.2000007629394531,2.970001220703125,-1.7600021362304688,3.6399993896484375,-1.7200012207031108,1.1399993896484375,5.940002441406222,-0.4799957275390625,-0.48000335693357954,7.0,5.0,05-19,0.923333485921224
05-05,0.02000045776367898,1.0399971008300852,0.9900016784667898,0.6399993896484375,4.269996643066406,-0.3300018310546875,5.050003051757798,-1.7299957275390483,1.720001220703125,3.5899963378906534,-0.8899993896484375,2.720001220703125,9.0,3.0,05-20,1.424166679382327
05-06,-0.34999847412109375,1.7700004577636648,1.620002746582017,0.20000076293945312,4.120002746582031,1.5599975585937358,3.57000732421875,-2.3799972534179545,1.6500091552734375,5.25,-0.5999908447265625,4.9899978637695455,9.0,3.0,05-21,1.7833360036214188
05-07,-0.31999969482421875,2.25,0.9099998474121023,-0.40000152587890625,1.7900009155273438,-0.8499984741210795,3.5500030517578125,-2.430000305175753,1.1399993896484375,5.649993896484432,2.529998779296875,6.480003356933594,8.0,4.0,05-22,1.6916666030883867
05-08,-0.9199981689453196,0.8500022888183452,1.2599983215332031,-0.5,0.8499984741210938,-0.25,3.2700042724609233,-2.2900009155273153,-0.589996337890625,5.350006103515625,4.6100006103515625,-2.490005493164091,6.0,6.0,05-23,0.7625007629394501
05-09,-0.5400009155273438,-0.25,0.5999984741210938,0.0,1.2699966430664062,-0.6399993896484375,2.5800018310546875,-2.490005493164034,2.4900054931640625,1.5099945068359375,5.1099853515625,4.279998779296889,7.0,5.0,05-24,1.1599979400634801
05-10,-0.5400009155273438,0.5699996948242116,-1.6800003051757741,-1.0900001525878906,1.089996337890625,-1.8000030517578125,2.5800018310546875,-2.2400054931640767,0.5200042724609943,2.25,3.7599945068359375,4.279998779296889,7.0,5.0,05-25,0.641665458679204
05-11,-0.8000030517578125,-0.8199996948242259,-1.8699989318847727,-1.1599998474121094,0.9599990844726562,-1.8000030517578125,0.9300003051757812,1.7099990844726705,0.7200012207031534,0.9700012207030682,2.8599853515625,1.25,7.0,5.0,05-26,0.2458318074544247
05-12,-1.4000015258789062,-2.770000457763679,-3.259998321533203,0.049999237060546875,0.9599990844726562,-0.9900054931640625,0.45999908447265625,0.12999725341795454,0.7200012207031534,2.080001831054659,2.8599853515625,-2.7600021362304688,7.0,5.0,05-27,-0.32666873931884943
05-13,0.5100021362304688,-3.4099998474121094,-2.450000762939453,0.049999237060546875,1.05999755859375,0.1399993896484375,0.1900024414062642,1.5699996948242188,0.7999877929687216,2.080001831054659,-0.260009765625,2.67999267578125,9.0,3.0,05-28,0.2466643651326462
05-14,-0.55999755859375,-3.259998321533203,-2.0800018310546875,0.3600006103515554,0.7300033569335938,2.659996032714858,-1.44000244140625,0.30999755859375,0.7999877929687216,2.8699951171875,-0.709991455078125,15.230003356933622,7.0,5.0,05-29,1.2424993515014655
05-15,-0.6800003051757812,-3.1399993896484375,-2.0800018310546875,0.40000152587889914,-0.5,2.75,0.19000244140625,0.30999755859375,0.7799987792968466,2.3600006103515625,-1.8699951171875,16.75000762939456,7.0,5.0,05-30,1.2725009918212884
05-16,-1.30999755859375,-3.1399993896484375,-1.410003662109375,1.0699996948242259,-3.2399978637695312,1.3199996948242188,-0.900001525878892,-0.0800018310546875,0.0,1.4600067138671875,-3.399993896484375,10.890007019042997,4.0,8.0,05-31,0.10500144958496509
05-17,-1.1199989318847656,-2.6100006103515625,-1.3299980163574148,0.8999977111816406,-3.0900039672851562,0.34999847412109375,-0.7400054931640341,2.779998779296861,-2.7000122070312784,3.319992065429716,-3.69000244140625,3.0300064086914062,5.0,7.0,06-01,-0.4083356857299787
05-18,-0.9399986267089844,-3.2399978637695312,0.36999893188477273,1.5,-1.2000045776367188,1.5699996948242188,-2.1399993896484375,2.6299972534179545,-2.3799896240234375,2.919998168945284,-2.8300018310546875,1.8100051879882812,6.0,6.0,06-02,-0.16083272298177378
05-19,0.23999786376953836,-2.979999542236321,-1.6899986267089773,0.5499992370605398,-1.5100021362304688,0.8499984741210938,-1.3300018310546875,3.5400009155273153,-0.649993896484375,2.769989013671875,-2.540008544921875,8.069999694824219,6.0,6.0,06-03,0.44333171844482305
05-20,1.1100006103515696,-0.8999977111816548,-1.029998779296868,0.450000762939446,-2.2600021362304688,0.7900009155273153,-1.8499984741210795,3.740005493164034,-3.3899993896484375,0.769989013671875,-2.1399993896484375,2.910003662109375,6.0,6.0,06-04,-0.14999961853027757
05-21,1.5400009155273438,-1.7199974060058665,-0.1999969482421804,-0.7199974060058736,-1.0500030517578125,1.3300018310546733,0.7699966430664062,3.3100051879882812,0.04998779296872158,2.1999969482421875,-5.0,8.629989624023423,7.0,5.0,06-05,0.7616653442382754
05-22,2.25,-1.329998016357429,-0.5199966430664062,-0.5299987792968821,-0.9000015258789062,0.3899993896484517,1.1599960327148438,3.4000015258789205,2.1599884033203125,8.589996337890625,-4.8199920654296875,6.959991455078097,7.0,5.0,06-06,1.400832176208495
05-23,1.0799980163574219,-1.2599983215332031,-1.6899986267089844,-0.6199989318847585,-2.2399978637695312,-0.20000457763671875,1.2699966430664062,3.230003356933608,1.5299987792968466,9.399993896484403,0.7700042724609375,2.169998168945284,7.0,5.0,06-07,1.1199995676676426
05-24,1.6499977111816406,-2.55999755859375,-1.5300025939941335,0.5199966430664134,-2.75,-1.400001525878892,-0.1900024414062642,0.9700012207031392,0.8700103759765625,7.32000732421875,0.75,3.8200073242187784,7.0,5.0,06-08,0.6225013732910204
05-25,0.4799995422363281,-1.7099990844726562,-1.2000007629394531,0.7699966430664134,-3.5400009155273438,-0.8499984741210938,0.4400024414062642,1.0699996948242188,1.3399963378906534,7.089996337890597,1.2299957275390625,10.3800048828125,8.0,4.0,06-09,1.2916660308837908
05-26,0.48999786376953125,-1.1399993896484375,-1.5699996948242188,-0.1100006103515696,-3.5100021362304688,-0.8199996948242188,-0.01000213623045454,3.0500030517577983,2.6900024414062784,6.05999755859375,1.2899932861328125,13.870010375976562,6.0,6.0,06-10,1.6908334096272803
05-27,0.8999977111816406,-1.700000762939446,-1.8700027465820384,-0.1999969482421946,-2.0800018310546875,-0.8899993896484375,-1.1600036621093892,3.0100021362304545,3.790008544921932,6.0699920654296875,1.970001220703125,-0.8800048828125,5.0,7.0,06-11,0.5799992879231789
05-28,0.20999908447265625,-0.9000015258788991,-2.920001983642578,0.2800025939941406,-1.720001220703125,0.1300048828124858,0.6600036621093608,3.3000030517577983,2.620010375976591,7.17999267578125,2.3600006103515625,4.779998779296875,9.0,3.0,06-12,1.3316675821940098
05-29,0.029998779296875,-0.6200027465820241,-3.7900009155273438,-0.06999969482422586,-1.2099990844726562,-2.0800018310546733,2.059997558593764,3.4499969482422017,4.540008544921932,7.6699981689453125,2.7599945068359375,6.0,7.0,5.0,06-13,1.5616658528645917
05-30,-0.7299995422363352,0.23999786376953125,-4.569999694824219,0.94000244140625,-0.8400039672851562,-1.3600006103515483,1.529998779296875,3.660003662109375,5.480010986328153,5.0800018310546875,3.94000244140625,3.5200042724609375,8.0,4.0,06-14,1.4075015385945668
05-31,-0.5999984741211009,-0.10000228881835938,-4.74000167846679,0.8800010681152344,-0.09000396728515625,-0.4900054931640341,1.0999984741210938,2.660003662109375,6.4099884033203125,7.70001220703125,3.5399932861328125,-6.980003356933608,6.0,6.0,06-15,0.7741651535034192
06-01,-0.5399971008300852,-0.10000228881835938,-2.240001678466804,2.049999237060554,-0.8600006103515625,-0.870002746582017,0.8300018310546875,1.9499969482422017,3.460006713867216,6.2700042724609375,4.5399932861328125,-4.340003967285156,6.0,6.0,06-16,0.8458328247070354
06-02,-2.010002136230476,-0.38000106811522727,-2.470001220703125,1.8199996948242259,-0.40000152587890625,-0.590003967285142,0.11000061035154829,1.7600021362304688,1.350006103515625,3.480010986328125,4.4499969482421875,0.3099975585937216,7.0,5.0,06-17,0.6191670099894188
06-03,-2.75,-0.720001220703125,-1.2999992370605469,2.1100006103515696,-1.1100006103515625,-1.150001525878892,0.7200012207031392,1.9300003051757812,2.399993896484375,5.1800079345703125,4.2599945068359375,-0.2599945068359375,6.0,6.0,06-18,0.7758334477742542
06-04,-3.1899986267089844,0.5799980163574219,-1.0799980163574219,2.829998016357429,-0.1100006103515625,-0.4199981689453267,1.990005493164091,1.5299987792968608,2.3399963378905966,5.8800048828125,1.5800018310546875,-3.0899963378906534,7.0,5.0,06-19,0.7366676330566365
06-05,-2.020000457763672,0.9899978637695312,-0.14999771118164062,2.8400001525878906,1.1299972534179688,-0.8000030517577983,1.3600006103515625,2.589996337890611,-1.0299987792968466,4.220001220703125,-1.3699951171875,-9.649993896484375,6.0,6.0,06-20,-0.1574996312459286
06-06,-2.029998779296875,0.7899971008300852,-0.11999893188476562,1.8100013732910156,0.37999725341796875,-0.8300018310546733,1.8100051879882812,2.649993896484361,0.6100006103515625,6.970001220703125,1.160003662109375,-13.139999389648438,8.0,4.0,06-21,0.005000114440918561
06-07,-1.5099983215332031,0.47999954223633523,-0.05999755859375,2.30999755859375,-1.0500030517578125,-0.7600021362304545,3.090003967285142,2.3000030517578267,-0.5099945068359375,7.2299957275390625,0.4799957275390625,-14.300003051757784,6.0,6.0,06-22,-0.19166692097981355
06-08,-2.200000762939453,0.4399986267089844,0.5400009155273438,1.8299980163574148,-1.410003662109375,-0.5400009155273438,3.5100021362304545,2.2099990844726847,0.01998901367184658,6.1199951171875,0.089996337890625,-16.520004272460938,8.0,4.0,06-23,-0.4925025304158546
06-09,-2.299999237060547,0.4700012207031179,0.9099998474121094,2.1800003051757812,-2.2300033569335938,-0.15999603271484375,4.4599990844726705,2.3300018310546733,-1.9000091552734943,5.6299896240234375,-1.1100006103515625,-10.63999938964848,6.0,6.0,06-24,-0.19666798909506097
06-10,-2.2199974060058594,0.01000213623046875,1.6899986267089844,1.979999542236321,-0.8199996948242188,-0.29000091552731533,2.2399978637695312,2.1199951171875,-2.840011596679716,6.1699981689453125,-1.9000091552734375,-7.850006103515625,6.0,6.0,06-25,-0.1425027847290045
06-11,-2.029998779296875,0.3500022888183594,1.8600006103515554,2.1800003051757812,-0.5100021362304688,0.34000396728514204,2.0800018310547017,3.1199951171875,-3.160003662109375,7.1100006103515625,-1.3699951171875,-2.759994506835909,7.0,5.0,06-26,0.6008342107137062
06-12,-2.0900001525878906,0.3500022888183594,2.100002288818345,1.3699989318847656,-0.80999755859375,1.3499984741210938,2.349998474121108,5.3699951171875,-2.4000091552734375,6.0800018310546875,-1.970001220703125,-5.399993896484361,7.0,5.0,06-27,0.5249996185302747
06-13,-1.30999755859375,0.5100021362304688,1.7400016784667898,1.3600006103515696,-1.589996337890625,1.0699996948242188,3.279998779296889,4.599998474121108,-3.3600006103515625,7.6899871826171875,-6.4000091552734375,-7.680000305175739,7.0,5.0,06-28,-0.007501284281406839
06-14,-0.829998016357429,0.8100013732910156,1.3100013732910085,1.6199989318847656,-0.8799972534179688,0.7399978637695312,4.209999084472642,4.599998474121094,-5.7299957275390625,3.2899932861328125,-6.2100067138671875,-7.389999389648409,7.0,5.0,06-29,-0.37166722615559894
06-15,-1.4799995422363281,-0.31999969482421875,2.2099990844726562,0.9000015258789062,-1.30999755859375,0.30999755859375,4.180000305175781,4.599998474121094,-4.419998168945284,2.589996337890625,-4.540008544921875,-10.880004882812472,6.0,6.0,06-30,-0.6800012588500929
06-16,-0.45999908447265625,-1.1100006103515554,1.4099998474121094,0.7999992370605398,0.12000274658203125,1.4300003051757812,1.0500030517577983,6.0800018310546875,-1.050003051757841,2.6399993896484375,-1.9199981689453125,-6.61000061035152,7.0,5.0,07-01,0.198333740234375
06-17,-0.6199989318847656,-2.1800003051757884,1.3800010681152344,0.09999847412108664,1.8100051879882812,0.980003356933608,1.049995422363267,6.0200042724609375,-1.720001220703125,1.7100067138671875,-1.4900054931640625,-2.860008239746108,7.0,5.0,07-02,0.34833335876464605
06-18,-1.1399993896484375,-1.8700027465820384,1.1199989318847656,2.039997100830071,2.8499984741210938,1.7200012207031108,-0.23000335693359375,6.029998779296861,-2.430007934570284,0.8000030517578125,-0.3899993896484375,-1.7000045776367614,6.0,6.0,07-03,0.5666650136311802
06-19,-0.4499969482421875,-1.9000015258789062,1.1199989318847656,1.6199989318847656,3.5699996948242188,1.5,-0.6500015258789062,6.029998779296861,-2.430007934570284,-0.660003662109375,-2.9799957275390625,0.519996643066392,6.0,6.0,07-04,0.44083213806152344
06-20,0.15000152587890625,-1.9000015258789062,1.6099967956542969,1.6800003051757812,5.040000915527344,1.1199951171875,-1.6699981689453125,9.759994506835923,-1.5,-0.4799957275390625,-0.94000244140625,0.9399948120117188,7.0,5.0,07-05,1.150832176208495
06-21,1.2900009155273438,-1.0699996948242188,1.6300010681152344,1.7800025939941548,3.6299972534179688,2.019996643066392,0.48000335693359375,6.639999389648423,-0.3199920654296591,-0.6199951171875,-0.149993896484375,-1.8600006103515483,7.0,5.0,07-06,1.1208349863688174
06-22,0.2999992370605469,-1.3199996948242188,2.19000244140625,1.5800018310546946,4.25,1.5999984741210795,-0.5,6.660003662109361,-1.3800048828125,-1.55999755859375,0.8600006103515625,-2.6100006103515483,7.0,5.0,07-07,0.8391669591267897
06-23,1.029998779296875,-1.9200019836425781,2.4500007629394602,1.990001678466804,4.0500030517578125,1.9700012207031108,-0.29000091552732954,4.950004577636719,-2.1399993896484375,-1.459991455078125,2.3600006103515625,-1.790000915527358,7.0,5.0,07-08,0.9333346684773763
06-24,0.18000030517578125,-1.25,2.8100013732910156,1.420001983642571,3.8700027465820312,1.80999755859375,2.2900009155273153,5.720001220703111,-1.9199981689453125,1.029998779296875,2.25,2.1899948120117188,10.0,2.0,07-09,1.7000001271565715
06-25,-0.40000152587889914,-1.5499992370605469,2.4500007629394602,1.5699996948242188,5.370002746582031,0.8400039672851705,-1.120002746582017,5.3800048828125,-2.80999755859375,3.649993896484375,0.9000091552734375,1.2599945068359375,8.0,4.0,07-10,1.2950007120768265
06-26,0.25,-1.1199989318847656,2.9599990844726634,1.5200004577636648,6.680000305175781,1.3700027465820312,-1.0900039672851562,5.6300048828125,-1.55999755859375,-2.4799957275390625,5.029998779296875,4.75,8.0,4.0,07-11,1.8283341725667317
06-27,-0.20000076293945312,-0.26000213623046875,2.7599983215332102,0.23999786376953125,5.629997253417969,0.25,0.45999908447265625,7.3600006103515625,-1.9000091552734375,1.9600067138671875,3.1299896240234375,-1.6399993896484517,8.0,4.0,07-12,1.4824981689453118
06-28,-0.43000030517578125,-0.15999984741210938,1.7000007629394531,0.7200012207031179,3.9399948120117188,0.09999847412107954,-0.40000152587890625,7.650001525878906,-3.25,1.6699981689453125,2.6999969482421875,-4.529998779296889,7.0,5.0,07-13,0.8091659545898408
06-29,0.0,0.1100006103515554,1.7700004577636648,-1.2199974060058665,2.9000015258789062,-0.02000427246095171,1.279998779296875,4.599998474121094,-1.489990234375,2.5800018310546875,2.079986572265625,-2.7399978637695455,7.0,5.0,07-14,0.8208332061767537
06-30,0.7599983215332031,2.7600021362304688,1.4300003051757884,-1.6899986267089915,3.8300018310546875,0.2299957275390483,2.75,1.780006408691392,-1.75,2.1300048828125,1.6699981689453125,-5.339996337890611,9.0,3.0,07-15,0.7133344014485665
07-01,1.2299995422363281,2.049999237060547,0.5099983215332102,-2.6500015258789062,3.57000732421875,-0.7299957275390767,0.5999984741210938,3.400001525878892,-2.289993286132784,3.0800018310546875,2.3199920654296875,-0.34999847412109375,8.0,4.0,07-16,0.8950007756551113
07-02,3.2099990844726562,2.299999237060547,0.4499969482421946,-2.0900001525878906,3.3800048828125,-1.6999969482421875,0.0200042724609375,3.1100006103515625,-3.1499938964843466,3.4900054931640625,0.5399932861328125,2.5099945068359375,9.0,3.0,07-17,1.0058339436848989
07-03,2.8999977111816406,2.5,-0.15000152587890625,-2.75,3.2399978637695312,-2.470001220703111,0.05000305175779829,2.129997253417983,-3.2299957275390625,2.0099945068359375,-1.040008544921875,1.099998474121108,7.0,5.0,07-18,0.35749848683675367
07-05,3.25,1.0400009155273438,-0.7100028991699148,-2.720001220703118,3.5199966430664062,-1.9499969482421733,1.4200057983398295,2.569999694824247,0.279998779296875,-1.709991455078125,-0.1399993896484375,2.9500045776367188,7.0,5.0,07-20,0.650001207987471
07-06,2.720001220703125,0.9399986267089844,-0.5800018310546875,-2.8699989318847656,2.2599945068359375,-2.7699966430664205,1.4300003051757528,2.279998779296889,4.3000030517578125,-4.329986572265625,0.339996337890625,2.690002441406264,8.0,4.0,07-21,0.5341676076253243
07-07,3.2699966430664062,0.20999908447265625,-1.2400016784667969,-2.6500015258789062,3.0999984741210938,-1.2600021362304545,-0.650001525878892,1.959999084472642,3.0500030517578125,-0.42999267578125,1.92999267578125,2.779998779296861,7.0,5.0,07-22,0.8391656875610352
07-08,1.7700004577636719,-1.2899971008300852,-1.0400009155273438,-4.400001525878906,3.80999755859375,-2.0900039672851705,0.8099975585937358,0.23000335693357954,5.2700042724609375,0.910003662109375,0.75,4.8199996948242045,8.0,4.0,07-23,0.795833587646479
07-09,3.509998321533203,-1.3899993896484446,-0.3300018310546875,-4.8300018310546875,2.6599960327148438,-2.160003662109361,3.2000045776367188,0.04000091552732954,6.790008544921875,0.8699951171875,0.6300048828125,8.240005493164062,8.0,4.0,07-24,1.4358339309692376
07-10,3.079998016357422,-0.5999984741211009,0.8899993896484375,-5.109996795654297,1.8499984741210938,-2.1100006103515767,1.5200042724609375,0.6800003051757812,7.4900054931640625,-1.80999755859375,-0.6599884033203125,6.450004577636719,7.0,5.0,07-25,0.972502390543618
07-11,2.3499984741210938,-0.4799995422363281,0.20999908447265625,-4.49000167846679,-0.6399993896484375,-2.3600006103515767,0.2400054931640625,0.529998779296875,8.319992065429688,-0.8000030517578125,-1.2700042724609375,6.480003356933594,6.0,6.0,07-26,0.6741657257080073
07-12,2.7099990844726634,-0.7900009155273509,-0.3899993896484304,-1.25,-0.3800048828125,-2.3100051879882812,-2.3199996948242188,0.6999969482421875,-0.6900024414062784,-2.0099945068359375,-1.9199981689453125,8.680000305175781,3.0,9.0,07-27,0.0024992624918602027
07-13,5.180000305175781,-2.0,1.8199996948242116,-1.8100013732910156,-0.8400039672851562,-2.0800018310546733,-3.4599990844726562,0.6699981689453267,-0.18000793457034092,-2.4199981689453125,-0.9799957275390625,6.680000305175781,4.0,8.0,07-28,0.04833253224690696
07-14,4.899997711181641,-2.049999237060547,1.5999984741211009,-1.0500030517578196,0.2599945068359375,-3.5400009155273153,-2.6299972534179688,1.4400024414062642,-0.100006103515625,-1.339996337890625,-1.3699951171875,6.090003967285185,5.0,7.0,07-29,0.18416659037272728
07-15,4.310001373291016,-2.4099998474121165,1.329998016357429,0.12999725341796164,-0.25,-2.400001525878892,4.040000915527344,1.3300018310547017,-2.05999755859375,-0.2599945068359375,0.9199981689453125,-0.09999847412110796,6.0,6.0,07-30,0.3816671371459967
07-16,4.05999755859375,-1.3899993896484446,2.1599998474121094,0.759998321533196,-0.5100021362304688,0.5599975585937358,1.7399978637695312,1.0,-0.470001220703125,-1.94000244140625,0.3300018310546875,-3.2600021362304545,7.0,5.0,07-31,0.25333213806152227
07-17,4.589996337890625,-1.2899971008300852,1.4000015258788991,2.1300010681152273,-1.1299972534179688,0.3600006103515625,1.730003356933608,2.220001220703111,-0.720001220703125,-3.149993896484375,21.459991455078125,-3.0,7.0,5.0,08-01,2.0500005086263005
07-18,4.569999694824219,-1.2599983215332031,1.5699996948242045,1.6100006103515625,-3.7900009155273438,-1.1499938964844034,1.8199996948242188,1.0999984741210795,-0.1100006103515625,-9.139999389648438,20.589996337890625,-1.6599960327148438,6.0,6.0,08-02,1.1791671117146763
07-19,4.810001373291016,-1.7099990844726562,0.9599990844726562,2.3600006103515625,-4.5,0.02000427246092329,2.9799957275390483,1.579994201660142,-5.440002441406222,-14.220001220703125,21.769989013671875,-4.279998779296861,7.0,5.0,08-03,0.36083189646402997
07-20,4.240001678466797,-1.7400016784667898,-0.479999542236321,2.7900009155273438,-4.339996337890625,-1.94000244140625,5.209999084472656,1.0499954223632812,-6.970001220703153,-14.17999267578125,22.279998779296875,-3.2099990844726705,5.0,7.0,08-04,0.22583357493082445
07-21,6.5,-1.0900001525878835,-1.450000762939446,3.799999237060547,-3.25,-2.4300003051757812,5.730003356933608,0.279998779296875,-7.669998168945341,-13.240005493164062,17.729995727539062,-4.180000305175753,5.0,7.0,08-05,0.060832659403485444
07-22,4.840000152587891,-0.5299987792968679,-0.7700004577636648,3.8499984741210938,-3.5199966430664062,-1.040000915527358,2.8799972534179688,0.43000030517578125,-8.399993896484403,-12.639999389648438,18.55999755859375,-2.7700042724609375,5.0,7.0,08-06,0.0741666158040341
07-23,3.4099998474121094,-0.21999740600584516,-0.37000274658202414,4.939998626708984,-1.8299942016601562,-0.29999542236328125,6.5500030517578125,0.7700042724609375,-10.049995422363281,-13.050003051757812,18.75000000000003,-2.9500045776367188,5.0,7.0,08-07,0.4708344141642294
07-24,0.9399986267089915,-0.3899993896484304,-2.7700004577636648,4.380001068115234,-0.8600006103515625,-0.02000427246092329,7.69000244140625,0.12000274658203125,-9.889999389648423,-11.990005493164062,20.100006103515625,-0.9500045776367188,5.0,7.0,08-08,0.5299997329711955
07-25,-0.3899993896484304,-1.6100006103515625,-2.950000762939453,2.0200004577636648,-3.029998779296875,1.4399948120117188,6.8600006103515625,0.31000518798828125,-1.220001220703125,-9.360000610351562,23.289993286132812,-2.550010681152372,5.0,7.0,08-09,1.0674985249837217
07-26,-1.3199996948242188,-2.7299995422363352,-8.939998626708984,0.75,-2.5200042724609375,1.6899948120117188,7.220001220703139,-1.480003356933608,-1.7299957275390767,-11.860000610351562,21.0,-3.050010681152372,4.0,8.0,08-10,-0.24750137329101976
07-27,-0.4099998474121094,-2.470001220703125,-5.719997406005859,0.11999893188476562,-1.9199981689453125,2.4499969482421733,7.220001220703139,-0.42000579833985796,-2.269989013671875,-10.17999267578125,21.669998168945312,-1.4000091552734943,4.0,8.0,08-11,0.5558334986368756
07-28,-1.0099983215332031,-1.7400016784667898,-6.650001525878899,-1.3000030517578054,-2.2899932861328125,3.6199951171874716,2.1299972534179688,-1.4600067138671875,-2.019989013671875,-10.399993896484375,22.949996948242216,5.360008239746108,4.0,8.0,08-12,0.5991675059000681
07-29,-1.1299972534179688,-2.3699989318847656,-6.8199996948242045,-1.1000022888183523,-2.0699996948242188,2.4899978637695455,3.19000244140625,-0.34000396728515625,-2.79998779296875,-9.470001220703125,23.229995727539062,6.319999694824219,4.0,8.0,08-13,0.760833740234378
07-30,-1.0499992370605469,-1.9199981689453125,-6.8400001525878835,-1.4800033569335866,-2.6399993896484375,2.8600006103515767,1.3700027465820455,-1.0699996948242188,-3.1299896240234375,-10.710006713867188,3.400009155273409,9.330001831054673,4.0,8.0,08-14,-0.9899984995524088
07-31,-0.4799995422363281,-1.9899978637695384,-4.439998626708984,-0.8700027465820312,-0.7300033569335938,5.410003662109375,-0.8600006103515625,-0.8599929809570312,-3.3799896240234375,-1.5600128173828125,4.089996337890625,8.260002136230483,3.0,9.0,08-15,0.21583366394043027
08-01,-1.1399993896484375,-2.3899993896484446,-3.759998321533203,0.049999237060546875,-2.5399932861328125,5.900001525878906,-0.3600006103515625,0.03000640869142046,0.22999572753900566,3.5800018310546875,5.980010986328097,7.830001831054673,7.0,5.0,08-16,1.1175022125244063
08-02,-1.0600013732910227,-2.9799995422363352,-1.1499977111816406,0.40000152587890625,-2.2699966430664062,4.480003356933594,-0.20999908447265625,0.9900054931640767,-0.6199951171874432,2.9399871826171875,5.150009155273409,7.550003051757798,6.0,6.0,08-17,1.1016683578491222
08-03,-2.1300010681152273,-2.9099998474121165,-2.2599983215332102,-0.6899986267089844,-3.529998779296875,4.410003662109375,0.8000030517578125,0.029998779296875,1.4999923706054403,3.3499908447265625,5.529998779296818,7.869995117187457,7.0,5.0,08-18,0.9974988301594939
08-04,-2.609996795654297,-3.340000152587905,0.729999542236321,-0.529998779296875,-6.6100006103515625,4.220001220703111,2.6200027465820312,1.1200027465820312,1.3399963378905824,2.5,10.449996948242159,5.429992675781222,8.0,4.0,08-19,1.2766663233439015
08-05,-0.28999710083008523,-2.740001678466797,0.9099998474121094,-0.4099998474121094,-4.5,3.8600006103515625,1.150001525878892,0.9300003051757812,0.6299896240234091,3.470001220703125,11.769989013671875,3.6599960327148153,8.0,4.0,08-20,1.5366649627685482
08-06,0.9500007629394531,-1.6200027465820241,4.540000915527344,0.049999237060546875,-4.1999969482421875,3.0400009155273153,0.07999420166014204,1.8400039672851705,-1.3900070190429688,2.540008544921875,13.019989013671875,4.450004577636719,9.0,3.0,08-21,1.9416662851969384
08-07,0.04000091552734375,-1.9500007629394531,3.8400001525878906,0.06999969482422586,-1.9399948120117188,2.1500015258789062,0.07999420166014204,1.599998474121108,-1.75,0.9799957275390625,6.260009765625,2.800003051757841,9.0,3.0,08-22,1.0150006612141957
08-08,0.23999786376953125,-2.259998321533203,3.970001220703118,0.3800010681152344,-2.4800033569335938,0.980003356933608,0.05999755859375,2.1500015258789205,-1.1399993896484233,2.089996337890625,3.200012207031193,0.1199951171875,9.0,3.0,08-23,0.6091670989990217
08-09,0.5900001525878906,-2.680000305175774,1.55999755859375,-0.029998779296875,-2.6999969482421875,-0.4499969482422017,-1.529998779296875,1.7000045776367188,-0.44000244140625,-0.4499969482421875,2.9200134277343466,1.319992065429659,5.0,7.0,08-24,-0.015831947326665485
08-10,1.25,-2.6800003051757812,4.850002288818359,0.3500022888183594,-1.6100006103515625,-0.45999908447267046,-4.8899993896484375,1.4200057983398295,-1.3800048828125,0.790008544921875,0.8300018310546875,1.199996948242159,7.0,5.0,08-25,-0.027498881022140154
08-11,1.4500007629394531,-2.490001678466797,3.0,0.8500022888183594,0.04000091552734375,-0.8699951171875284,-6.7700042724609375,-0.01000213623046875,-1.1300048828125,0.290008544921875,0.9400024414062784,5.0,7.0,5.0,08-26,0.025000572204589844
08-12,1.1399993896484375,-1.4899978637695312,2.3199996948242188,0.14000320434571023,0.029998779296875,0.04999542236328125,-7.809997558593764,-0.9000015258789205,-2.539993286132784,-0.220001220703125,-2.3700103759765057,3.9900054931640625,6.0,6.0,08-27,-0.6383333206176705
08-13,1.220001220703132,-0.8999977111816406,1.2999992370605398,0.6000022888183594,-0.8499984741210938,-0.6399993896484375,-3.5,-1.2600021362304688,-4.129989624023423,-0.019989013671875,1.300003051757784,1.399993896484375,5.0,7.0,08-28,-0.4566647211710624
08-14,2.2900009155273366,-0.979999542236321,-0.40000152587891336,0.8400001525878906,-1.3800048828125,-0.6999969482421875,-4.510002136230469,-0.8300018310546875,-4.649993896484347,-1.529998779296875,1.409988403320341,1.080001831054716,4.0,8.0,08-29,-0.7800006866455013
08-15,2.9199981689453125,-1.220001220703118,0.1999969482421804,0.7699966430664062,1.7099990844726562,-0.5099945068359233,-5.010002136230469,-0.8100051879882812,-1.8000106811523722,-2.5699920654296875,-3.1300048828125284,1.580001831054716,5.0,7.0,08-30,-0.6558348337809257
08-16,2.9799995422363352,-0.920001983642571,2.5699996948242188,0.6300010681152344,-0.40000152587890625,-0.8199996948242045,-4.730003356933594,0.3600006103515625,-2.879989624023409,-2.1999969482421875,-4.449996948242244,4.940002441406278,5.0,7.0,08-31,-0.4099988937377906
08-17,2.9299964904785156,-1.8300018310546804,2.4699974060058594,0.17000198364257812,-0.1100006103515625,-0.8199996948242045,-4.44000244140625,0.5,-1.0299987792968892,-1.2700042724609375,-6.029998779296903,6.300003051757841,5.0,7.0,09-01,-0.2633339564005528
08-18,1.2099990844726562,-0.7599983215332031,2.6100006103515625,0.23000335693359375,-0.1100006103515625,-0.7300033569335795,-4.840003967285142,0.160003662109375,-0.670005798339858,-2.0800018310546875,-6.029998779296903,4.770004272460994,5.0,7.0,09-02,-0.5200001398722295
08-19,0.8600006103515625,0.09999847412109375,2.4799995422363352,0.23000335693359375,0.6500015258789062,-0.5299987792968608,-6.42999267578125,-0.3899993896484375,-0.42000579833985796,-2.0800018310546875,-3.8699951171875,3.949996948242159,6.0,6.0,09-03,-0.4541660944620786
08-20,0.7399978637695312,0.5200004577636648,2.4900016784667898,-0.37999725341797586,-1.2400054931640625,1.1800003051757812,-2.9599990844726562,-0.7900009155273438,-0.42000579833985796,-1.5200042724609375,1.9299926757812216,6.220001220703153,6.0,6.0,09-04,0.480831782023109
08-21,0.07999801635742188,0.5900001525878906,2.4900016784667898,-0.8800010681152344,-0.37000274658203125,0.9000015258789062,0.40000152587890625,-0.7900009155273438,1.079994201660142,0.1999969482421875,6.159988403320369,6.339996337890653,9.0,3.0,09-05,1.3499978383382214
08-22,-0.10000228881835938,0.5900001525878906,1.4600028991699148,-0.6800003051757812,-2.3100051879882812,1.3099975585937642,2.1500015258789062,-0.7300033569335795,-0.43000030517578125,2.0200042724609375,3.079986572265625,2.8899993896484375,7.0,5.0,09-06,0.7708317438761411
08-23,-0.10000228881835938,0.5,-1.9000015258789134,0.6499977111816335,-2.3000030517578125,1.0400009155273438,2.1500015258789062,1.0799942016601705,0.94000244140625,3.8700103759765625,6.389999389648409,2.8899993896484375,9.0,3.0,09-07,1.2674999237060522
08-24,-0.3900032043457031,1.3400001525878906,-2.6800003051757812,0.18999862670898438,-1.5100021362304688,1.1299972534179688,4.169998168945327,2.55999755859375,2.2699966430664205,3.6699981689453125,1.3099975585937784,3.8699951171875,9.0,3.0,09-08,1.3274978001912483
08-25,-0.2799987792968679,0.18999862670898438,0.470001220703125,0.029998779296875,-1.8600006103515625,0.840003967285142,5.559997558593764,2.0,2.7900009155273438,3.779998779296875,3.0599975585937784,6.8600006103515625,10.0,2.0,09-09,1.9533332188924184
08-26,-0.2799987792968821,0.8800010681152344,-0.12999725341796875,-0.17000198364257812,-2.30999755859375,1.279998779296875,1.2299957275390483,1.9800033569335938,0.8000030517578125,4.489990234375,2.150009155273466,7.4000091552734375,8.0,4.0,09-10,1.443334579467774
08-27,-0.270000457763679,0.5800018310546875,-1.6399993896484375,-0.13000106811523438,-0.5400009155273438,1.089996337890625,-1.1999969482421875,1.9000015258789062,-0.5399932861328125,4.94000244140625,4.7400054931640625,3.0,6.0,6.0,09-11,0.9941679636637364
08-28,-0.21999740600585938,1.2400016784667969,-1.7900009155273438,-0.529998779296875,-0.410003662109375,1.5900039672851562,-1.4899978637695312,0.37999725341795454,-1.1099929809570312,6.0399932861328125,-1.4899902343749716,1.6399993896484375,5.0,7.0,09-12,0.3208344777425142
08-29,0.25,1.3100013732910156,-3.1100006103515625,-0.8900032043457031,-0.26000213623046875,1.7000045776367188,-0.7299957275390625,-4.239997863769517,-0.26000213623046875,4.6399993896484375,-2.1199951171875284,2.919998168945284,5.0,7.0,09-13,-0.0658327738444046
08-30,0.029998779296875,1.5200004577636719,-3.3799972534179688,-0.27000045776366477,0.44000244140625,0.12000274658203125,0.25,-1.5699996948242045,-0.43999481201171875,5.730010986328125,-3.959991455078125,0.3099975585937216,7.0,5.0,09-14,-0.10166422526041725
08-31,-0.13000106811523438,1.2700004577636719,-2.4200019836425852,0.01000213623046875,0.48000335693359375,0.26000213623045454,0.7300033569335795,-2.4599990844726562,-1.579994201660142,4.32000732421875,-6.409988403320369,-1.300003051757841,6.0,6.0,09-15,-0.6024974187215258
09-01,-0.1399993896484375,0.6800003051757812,-0.7400016784667969,0.020000457763671875,0.6200027465820312,-0.9199981689452983,3.0199966430664062,-3.3299942016601705,-1.8199996948242188,4.1100006103515625,-5.909988403320369,0.4799957275390909,6.0,6.0,09-16,-0.32749875386556226
09-02,-0.30999755859375,1.1399993896484375,1.0200004577636719,0.9000015258789062,1.350006103515625,-0.849998474121108,2.029998779296875,-5.0399932861328125,-1.9199981689453125,3.3699951171875,-6.259994506835966,-3.0099945068359375,6.0,6.0,09-17,-0.6316645940144893
09-03,-0.039997100830078125,0.7099990844726562,1.25,0.6500015258789062,1.1300048828125,0.18000030517578125,2.660003662109361,-5.299995422363281,-1.3800048828124858,4.339996337890625,-3.2999877929687784,-4.1100006103515625,7.0,5.0,09-18,-0.26749833424886305
09-04,-0.15999984741211648,1.2599983215332031,1.75,0.3699989318847656,2.8600006103515625,0.01000213623046875,2.970001220703125,-5.209999084472656,0.1399993896484375,2.3899993896484375,0.4500122070312784,-6.480010986328125,9.0,3.0,09-19,0.029166857401531725
09-05,-0.31999969482421164,1.529998779296882,1.6500015258789062,0.37000274658203125,4.090003967285156,0.29999542236329546,2.8400039672851705,-4.599998474121094,0.9499969482421875,-0.290008544921875,-2.1799926757812216,-4.1500091552734375,7.0,5.0,09-20,0.015832901000982485
09-06,-0.5699996948242116,2.020000457763672,0.8299980163574219,0.40000152587890625,4.540000915527344,-0.04000091552734375,2.950004577636733,-5.040000915527358,0.7600021362304972,-1.529998779296875,-1.270004272460909,-5.350006103515597,6.0,6.0,09-21,-0.19166692097981
09-07,-0.5600013732910085,2.970001220703125,-1.3700027465820312,0.3600006103515625,4.0200042724609375,0.7700042724609375,2.3000030517578267,-5.44000244140625,1.8499984741211222,-1.980010986328125,-1.3099975585937216,-7.779998779296875,6.0,6.0,09-22,-0.5141668319702083
09-08,-0.0800018310546804,2.4300003051757884,-2.2000007629394602,0.43000030517578125,3.720001220703125,-0.2299957275390625,2.6800003051758097,-2.8600006103515483,2.419998168945341,-2.0,-1.069992065429716,-12.180000305175781,5.0,7.0,09-23,-0.7449992497762002
09-09,-0.44000244140625,2.0099983215332102,-0.8800010681152415,0.9599990844726491,3.9900054931640625,0.1699981689452983,3.4099960327148438,1.7599945068359233,2.1800003051758097,-0.7899932861328125,-1.779998779296875,-13.239997863769545,7.0,5.0,09-24,-0.22083346048991062
09-10,-0.6199989318847656,1.799999237060554,-1.1000022888183665,-0.23999786376953125,4.2100067138671875,-1.5500030517578125,3.2399978637695455,-1.4900054931640767,1.6699981689453125,-0.4499969482421875,4.8699951171875,-9.229995727539062,5.0,7.0,09-25,0.0924997329711914
09-11,-0.45999908447265625,1.5999984741211009,-0.8700027465820312,0.94000244140625,3.9199981689453125,-1.5500030517577983,2.759994506835966,-0.4700012207031392,2.8299942016601562,-1.5800018310546875,2.4199981689453125,-7.6199951171875,6.0,6.0,09-26,0.15999857584635713
09-12,-0.4099998474121094,1.7700004577636719,-0.20000076293945312,0.31999969482421875,3.0100021362304688,-0.37000274658204546,2.7699966430664205,-1.5699996948242472,3.2299957275390767,-2.290008544921875,5.110000610351591,-8.8699951171875,6.0,6.0,09-27,0.2083323796590181
09-13,-0.5200004577636719,2.729999542236328,-0.6099967956542898,-0.8900032043457031,2.279998779296875,-0.4400024414062358,3.0699996948242188,-1.2300033569335795,3.8699951171875,-0.7100067138671875,5.4600067138671875,-7.860000610351591,5.0,7.0,09-28,0.42916552225748755
09-14,-0.6899986267089844,2.8899993896484446,1.5999984741210866,-0.6400032043457031,2.5,-1.7200012207031108,3.1699981689453125,-0.8500061035156392,3.910003662109361,-1.6800079345703125,2.5,-7.0099945068359375,6.0,6.0,09-29,0.3316656748453764
09-15,0.1999969482421946,3.0300025939941335,-1.4399986267089915,-0.3600006103515625,3.5999984741210938,-1.2000045776367188,-0.8199996948242188,0.8499984741210938,2.3899993896484375,0.269989013671875,0.079986572265625,-5.5,7.0,5.0,09-30,0.09166399637858014
09-16,-0.14000320434570312,2.7600021362304545,-1.3400001525878977,0.020000457763671875,2.779998779296875,-1.9199981689452983,-5.44000244140625,0.23999786376953125,1.5800018310546875,0.8899993896484375,-0.8100128173827841,-6.4099884033203125,6.0,6.0,10-01,-0.649167060852049
09-17,-0.12000274658203836,2.2700004577636648,-0.5199966430664134,-0.12999725341796875,1.2700042724609375,-2.5400009155273295,-4.6699981689453125,0.6800003051757955,1.75,2.7899932861328125,-0.9900054931640909,-4.169998168945341,5.0,7.0,10-02,-0.365000089009607
09-18,-0.13000106811524148,1.3199996948242116,0.24000167846679688,-0.060001373291015625,0.3699951171875,-4.32000732421875,-4.019996643066406,-0.8799972534179545,2.520004272460909,2.4900054931640625,-2.7799987792969034,-1.7400054931640625,5.0,7.0,10-03,-0.5825001398722378
09-19,-0.6100006103515696,0.8699989318847656,-0.3699989318847656,0.009998321533203125,0.04000091552734375,-3.32000732421875,-4.399993896484389,0.13000488281252842,4.199996948242159,1.850006103515625,-1.7799987792968466,2.6599960327148438,7.0,5.0,10-04,-0.05999978383382102
09-20,-1.55999755859375,1.3899993896484375,-2.1599998474121094,-0.9699974060058452,-0.23000335693359375,-3.400001525878892,-4.089996337890639,0.23999786376954546,4.569992065429659,-0.790008544921875,-1.0699920654296875,4.180000305175781,4.0,8.0,10-05,-0.32416725158691406
09-21,-1.2700004577636648,0.6699981689453054,1.0900001525879048,0.22999954223633523,-0.5900039672851562,-3.1699981689452983,-3.1399993896484517,-3.589996337890625,5.439994812011719,-1.1300048828125,-1.8699951171875,4.799995422363281,5.0,7.0,10-06,-0.21083418528238754
09-22,-0.5799980163574219,2.150001525878899,1.0800018310546875,-0.5699996948242116,-1.2100067138671875,-2.2999954223632812,0.6299972534179688,-0.7600021362304688,4.279998779296875,0.05999755859375,0.4100036621093466,7.299995422363267,7.0,5.0,10-07,0.8741661707560185
09-23,0.14999771118164062,2.479999542236328,0.4099998474121094,-0.09000015258789062,-1.0300064086914062,-1.730003356933608,-0.06999969482424717,0.3399963378906392,4.2299957275390625,-0.0399932861328125,3.220001220703125,5.790008544921903,7.0,5.0,10-08,1.138333002726237
09-24,-0.20000076293945312,1.5200004577636719,0.4199981689453125,-0.720001220703125,-1.9599990844726562,-2.5500030517577983,1.589996337890625,1.4700012207031108,3.169998168945341,0.1999969482421875,0.959991455078125,5.810012817382841,8.0,4.0,10-09,0.8091659545898485
09-25,-0.030002593994140625,1.4000015258788991,0.6099967956542898,-0.020000457763671875,-1.3199996948242188,0.3399963378906392,1.4899978637695312,1.1600036621093608,3.0800018310546875,1.4499969482421875,-2.1000061035155966,4.9600067138671875,8.0,4.0,10-10,0.9183327356974296
09-26,-0.9799995422363352,1.979999542236321,1.1999969482421946,-0.14999771118164062,-2.25,-0.18000030517575283,4.589996337890625,-0.29999542236328125,0.7599945068359091,-0.4199981689453125,-0.18998718261721592,3.470001220703125,5.0,7.0,10-11,0.627500851949053
09-27,-1.1299972534179759,2.170001983642571,-1.7199974060058452,0.11999893188476562,-1.4300003051757812,-0.20000457763671875,5.069999694824219,0.9000015258789205,1.069992065429659,-1.3600006103515625,0.7000122070311932,3.449996948242216,7.0,5.0,10-12,0.6366669336954717
09-28,-0.7799987792968821,1.2299995422363352,0.629997253417983,0.26999664306640625,-1.3600006103515625,-1.7799987792968892,6.0800018310546875,-0.4499969482421875,0.589996337890625,-3.2599945068359375,0.10000610351559658,2.9400024414062784,7.0,5.0,10-13,0.3508342107137044
09-29,-1.25,0.7799987792968821,0.2200012207031179,-0.4200019836425781,-0.720001220703125,-1.8100051879882812,8.69000244140625,1.55999755859375,-0.18000793457028408,-1.6199951171875,-0.02000427246096592,4.17999267578125,5.0,7.0,10-14,0.7841647466023763
09-30,-1.0699996948242045,2.329998016357422,0.8300018310546804,-0.8699989318847727,1.279998779296875,-0.4799957275390767,6.659996032714844,0.549995422363267,-1.410003662109375,-4.4199981689453125,0.589996337890625,1.430007934570341,7.0,5.0,10-15,0.45166651407877606
10-01,0.20999908447265625,1.80999755859375,3.370002746582024,-1.1599998474121094,2.0400009155273438,1.2100067138671733,4.430000305175781,0.9700012207031108,-0.6100006103515909,-3.8300018310546875,2.8000030517578125,-0.5200042724609375,8.0,4.0,10-16,0.8933337529500273
10-02,-0.07999801635742898,2.6199989318847656,3.5800018310546875,-0.4399986267089844,2.970001220703125,1.410003662109375,3.4800033569335938,1.490005493164034,-1.1300048828125,-1.6800079345703125,1.2599945068359375,-1.1399993896484375,7.0,5.0,10-17,1.0283333460489879
10-03,-0.4799995422363281,3.1599998474121094,4.36000061035157,0.11999893188475852,5.1399993896484375,0.540000915527358,1.1300048828125,1.1300048828124858,-1.069992065429659,3.3700103759765625,0.4199981689453125,-1.539993286132784,9.0,3.0,10-18,1.3566694259643601
10-04,-1.0200004577636719,2.6000022888183594,0.700000762939446,0.09999847412109375,4.959999084472656,1.1000061035156392,2.8400039672851562,4.239997863769531,-2.3499908447265625,3.160003662109375,-2.389999389648466,-1.1299896240234375,8.0,4.0,10-19,1.0675026575724267
10-05,-1.0999984741210938,1.6300010681152344,1.9199981689453125,0.7299995422363281,5.269996643066406,0.9100036621093892,4.360000610351548,-0.15000152587892046,0.3000030517577841,2.920013427734375,0.790008544921875,-1.8599853515624432,9.0,3.0,10-20,1.3100032806396495
10-06,-0.8899993896484304,0.5400009155273438,0.31999969482422586,0.6399993896484375,5.290000915527344,1.4100036621093892,4.470001220703139,0.18000030517578125,0.3899993896484375,0.730010986328125,3.020004272460966,-4.080001831054716,10.0,2.0,10-21,1.0016682942708368
10-07,-0.75,-0.25,-0.270000457763679,0.22999954223632812,5.410003662109375,4.030006408691392,2.25,1.6399993896484233,1.710006713867216,1.720001220703125,2.380004882812557,-4.170013427734403,8.0,4.0,10-22,1.160833994547528
10-08,-0.7800025939941335,-0.44000244140625,-0.21000289916992898,-0.5499992370605469,5.1100006103515625,4.120002746582017,1.0100021362304688,0.8700027465820312,0.4800109863281534,4.82000732421875,1.050003051757784,-2.2599945068359375,7.0,5.0,10-23,1.1016689936319974
10-09,-1.1300010681152273,-0.01000213623046875,0.22999954223632102,0.07999801635742898,6.44000244140625,4.899993896484361,0.0,-1.2999954223632812,0.510009765625,8.32000732421875,-0.13000488281247158,-1.75,6.0,6.0,10-24,1.3466672897338885
10-10,-0.29999923706053977,-0.6700019836425852,0.7700004577636648,-0.7099990844726562,5.620002746582031,4.930000305175753,-0.6399993896484375,-0.5899963378906392,-1.199996948242159,7.839996337890625,-2.009994506835909,-1.9599914550780966,4.0,8.0,10-25,0.923335075378421
10-11,0.04000091552734375,-0.5200004577636719,1.479999542236321,-0.7800025939941264,3.6200027465820312,4.299995422363267,2.029998779296875,-0.09000396728517046,-1.1900024414062784,11.69000244140625,-2.6199951171875,1.4499969482421875,7.0,5.0,10-26,1.6174993515014606
10-12,-0.26999664306640625,-0.2599983215332031,-0.7600021362304545,-0.49000167846678977,2.8800048828125,5.1399993896484375,2.6800003051757812,1.0800018310546875,-0.3699951171875,11.100006103515625,-2.160003662109375,3.4600067138671875,6.0,6.0,10-27,1.8358351389567076
10-13,-1.1899986267089915,-1.3400001525878906,0.5999984741210866,-1.1100006103515554,3.0999984741210938,5.1599960327148295,3.7900009155273438,0.07999420166017046,0.15000915527340908,10.120010375976562,-2.0299987792969034,4.1299896240234375,8.0,4.0,10-28,1.7883332570393826
10-14,-1.3899993896484375,-2.5,-0.18000030517579546,-1.1100006103515554,2.9900054931640625,5.009994506835966,4.689994812011719,0.43999481201171875,-0.029998779296931843,9.550003051757812,-3.1699981689453125,4.660003662109347,6.0,6.0,10-29,1.5799999237060494
10-15,-1.5400009155273366,-1.94000244140625,1.2099990844726491,-1.1100006103515554,3.779998779296875,6.889999389648452,4.1699981689453125,0.09999847412109375,1.069992065429659,8.110000610351562,-1.2100067138671875,0.6100006103515909,8.0,4.0,10-30,1.678331375122072
10-16,-1.4600028991699148,-2.1000022888183594,4.869998931884766,-0.40000152587891336,2.69000244140625,7.0199966430664205,2.6500015258789205,-0.9899978637695312,1.9299926757812216,7.3699951171875,-0.2100067138671875,1.3399963378905966,7.0,5.0,10-31,1.8924976984659807
10-17,-2.0,-1.8199996948242188,4.290000915527344,-1.1199989318847656,1.55999755859375,6.5199966430664205,2.4300003051757812,0.7799987792968892,-0.57000732421875,8.539993286132812,-3.259994506835909,3.6699981689453125,7.0,5.0,11-01,1.5849987665812222
10-18,-2.099998474121101,-1.5300025939941335,1.6300010681152344,-0.3699989318847656,1.4399948120117188,4.5799942016601705,2.590003967285142,2.5200042724609517,0.9199981689452841,5.4600067138671875,-2.6199951171875,7.489990234375,8.0,4.0,11-02,1.6674998601277657
10-19,-3.2000007629394602,-1.5500030517578125,0.5400009155273438,0.4099998474121094,1.8699951171875,6.019996643066406,0.94000244140625,0.40000152587889204,1.2599945068359375,2.3600006103515625,-1.419998168945284,6.830001831054716,9.0,3.0,11-03,1.2049992879231801
10-20,-2.549999237060547,-0.479999542236321,1.0999984741210938,0.24000167846678977,1.2699966430664062,6.549995422363281,1.6400070190429688,0.5399932861328125,1.229995727539091,-0.1100006103515625,-2.900009155273409,8.240005493164062,8.0,4.0,11-04,1.2308320999145554
10-21,-2.379997253417976,0.10000228881836648,0.55999755859375,0.9700012207031179,0.5,5.099998474121094,3.0,-0.17000579833982954,2.0500030517578125,-0.8300018310546875,-3.8800048828125,11.399993896484347,8.0,4.0,11-05,1.3683322270711245
10-22,-3.079998016357429,-0.049999237060546875,0.04000091552734375,-0.270000457763679,-0.9600067138671875,5.639999389648452,0.4499969482422017,-1.1100006103515483,0.8800048828125,-0.6300048828125,-2.610000610351534,6.55999755859375,5.0,7.0,11-06,0.40499909718831856
10-23,-2.770000457763679,0.1399993896484375,1.720001220703125,-0.5200004577636648,-0.850006103515625,4.769996643066392,-0.20000457763670454,-2.6299972534179545,1.1300048828125,2.7899932861328125,-1.80999755859375,4.54998779296875,6.0,6.0,11-07,0.52666473388672
10-24,-1.799999237060554,0.1999969482421875,0.3400001525878906,0.8500022888183594,-0.92999267578125,4.75,-0.1600036621093608,-5.1399993896484375,0.5900115966797159,3.6999969482421875,0.1299896240234375,5.589996337890597,8.0,4.0,11-08,0.6766665776570644
10-25,-0.970001220703125,0.5900001525878906,2.3199996948242045,-0.15999984741209516,-0.8199996948242188,4.180000305175753,-0.6299972534179688,-4.160003662109375,-4.160003662109347,1.0500030517578125,1.2699890136718466,6.889999389648409,6.0,6.0,11-09,0.4499988555908156
10-26,-0.9599990844726491,0.14000320434570312,1.2600021362304759,0.09999847412110086,-1.9099960327148438,4.940002441406236,-9.239997863769517,-4.279998779296889,-3.229995727539091,2.4900054931640625,-0.3899993896484659,3.430007934570284,6.0,6.0,11-10,-0.6374972661336328
10-27,-0.9600028991699219,0.2700004577636719,-4.789997100830071,-0.24000167846678977,-3.5699996948242188,4.400001525878892,-9.259994506835938,-2.3300018310546875,-4.089996337890653,-0.3899993896484375,-0.0399932861328125,23.470001220703153,3.0,9.0,11-11,0.20583470662434897
10-28,-0.9799995422363352,0.6299972534179688,-4.209999084472649,-1.2099990844726491,-4.290000915527344,2.8600006103515483,-10.549995422363281,-4.099998474121108,-0.6699981689453409,-0.8899993896484375,-9.69000244140625,30.029998779296875,3.0,9.0,11-12,-0.25583299001058357
10-29,-0.6000022888183594,0.3400001525878835,-2.989997863769524,0.9799995422363281,-4.819999694824219,2.660003662109361,-9.450004577636719,-5.3000030517578125,-1.5299987792968466,-2.470001220703125,-9.440002441406222,20.930007934570312,4.0,8.0,11-13,-0.9741665522257451
10-30,0.5,0.9500007629394531,-2.55999755859375,1.720001220703125,-4.1699981689453125,1.8300018310546875,-7.800003051757827,-5.94000244140625,4.80999755859375,-4.8300018310546875,-10.540008544921903,21.589996337890597,6.0,6.0,11-14,-0.37000115712484316
10-31,0.1699981689453125,0.7400016784667969,-1.2999992370605469,2.2599983215332102,-3.1200027465820312,1.3000030517578125,-8.240005493164077,-3.1399993896484233,4.279998779296932,-3.30999755859375,-7.119995117187528,19.24000549316409,6.0,6.0,11-15,0.14666716257731652
11-01,-0.9000015258789062,0.0,0.220001220703125,0.4799995422363281,-2.350006103515625,1.0500030517578125,-9.300003051757812,-0.7300033569335795,8.160003662109347,-3.470001220703125,-6.1399993896484375,19.41999816894534,5.0,7.0,11-16,0.5366659164428723
11-02,-0.7799987792968679,-0.34999847412110086,0.8199996948242259,1.720001220703125,-2.3899993896484375,1.0100021362304688,-9.5,1.3000030517578125,8.669998168945312,-3.6699981689453125,-5.720001220703153,23.36999511718753,6.0,6.0,11-17,1.2066669464111335
11-03,0.1699981689453125,-1.1200027465820312,-1.509998321533196,2.1100006103515554,-2.4499969482421875,-0.529998779296875,-9.120002746582031,4.300003051757798,8.419998168945312,-6.2899932861328125,-6.270004272460966,21.229995727539062,5.0,7.0,11-18,0.7449998855590785
11-04,0.55999755859375,-1.4899978637695312,-0.12999725341796164,1.3500022888183594,-3.3499984741210938,0.39000701904296875,-9.959999084472685,6.810005187988281,9.259994506835938,-2.9199981689453125,-3.2799987792969034,22.660003662109375,6.0,6.0,11-19,1.6583350499470988
11-05,-1.0999984741210938,-1.8800010681152344,-0.21999740600584516,1.6800003051757741,-3.1899948120117188,0.02000427246096592,-8.5,4.210006713867173,13.899993896484375,-2.42999267578125,-2.8099975585937784,21.360000610351562,5.0,7.0,11-20,1.753335316975911
11-06,-1.1100006103515696,-1.4500007629394531,-0.37999725341795454,3.239997863769524,-3.2400054931640625,-0.5199966430664062,0.11000061035154829,5.600006103515611,13.509994506835938,-6.5099945068359375,-3.3999938964843466,24.819992065429688,5.0,7.0,11-21,2.5558334986368814
11-07,-1.2399978637695312,0.11999893188476562,-0.20999908447264914,3.430000305175774,-1.80999755859375,0.0200042724609375,1.1500015258789062,7.5800018310546875,18.680007934570312,-3.2899932861328125,-2.5800018310546875,4.67999267578125,7.0,5.0,11-22,2.210834821065267
11-08,-2.039997100830078,-0.06999969482421875,-2.170001983642571,4.739997863769524,-1.089996337890625,-0.75,1.3499984741210938,7.880004882812528,16.650009155273466,-3.350006103515625,7.07000732421875,4.67999267578125,6.0,6.0,11-23,2.7416674296061245
11-09,-1.4699974060058665,0.3600006103515625,0.21999740600585938,2.549999237060547,-1.0199966430664062,0.18000030517578125,1.8199996948242188,7.020004272460952,19.100006103515597,-1.7700042724609375,4.3800048828125,4.67999267578125,9.0,3.0,11-24,3.0041672388712546
11-10,0.15000152587890625,-0.279998779296875,-0.7600021362304688,1.80999755859375,0.779998779296875,0.18999481201171875,2.4099960327148438,8.540000915527344,12.760009765625,-0.2700042724609375,4.3000030517578125,1.7599945068359375,9.0,3.0,11-25,2.6158326466878257
11-11,-0.12999725341796875,-0.1699981689453125,-2.020000457763672,2.1399993896484304,1.80999755859375,0.4700012207031108,1.1500015258789205,5.739997863769517,10.210006713867159,-1.2700042724609375,1.889999389648466,7.0399932861328125,8.0,4.0,11-26,2.238333066304523
11-12,0.5500030517578125,0.5700035095214844,-1.0400009155273438,2.30999755859375,1.7699966430664062,-0.1399993896484517,2.529998779296875,5.430000305175781,8.350006103515597,0.4499969482421875,5.0200042724609375,6.8600006103515625,10.0,2.0,11-27,2.721667289733883
11-13,0.43000030517577414,0.060001373291015625,-2.4300003051757812,2.0699996948242116,1.3199996948242188,-0.48999786376954546,2.7299957275390625,5.120002746582017,8.550003051757784,-0.0600128173828125,3.0800018310546875,2.910003662109375,9.0,3.0,11-28,1.9408330917358338
11-14,-0.5099983215332031,1.5200004577636719,-2.770000457763672,4.100002288818359,2.80999755859375,1.0500030517577983,1.75,7.099998474121094,5.589996337890653,1.779998779296875,4.529998779296875,0.0,9.0,3.0,11-29,2.2458330790201835
11-15,-1.279998779296882,1.8699989318847656,-2.3899993896484446,4.360000610351555,3.7099990844726562,0.3899993896484233,2.7600021362304688,5.660003662109375,8.710006713867188,0.8899993896484375,1.5399932861328125,0.0,9.0,3.0,11-30,2.185000419616696
11-16,-2.579998016357422,4.0,-1.6100006103515696,4.030002593994141,3.6199951171875,1.9199981689453125,3.349998474121108,1.7099990844726847,6.8699951171875,0.399993896484375,2.2699890136719034,0.0,9.0,3.0,12-01,1.9983310699462944
11-17,-3.5900001525878835,4.1399993896484375,1.8199996948242045,1.6200027465820312,4.5800018310546875,1.6399993896484233,2.690002441406264,-0.7600021362304545,7.2599945068359375,2.519989013671875,0.9399871826172159,0.0,9.0,3.0,12-02,1.9049978256225615
11-18,-1.9500007629394531,3.9599990844726562,1.6500015258788991,2.299999237060547,4.339996337890625,2.680000305175753,2.1699981689453125,-2.7399978637695312,5.2199859619140625,1.769989013671875,-0.3500061035155966,0.0,8.0,4.0,12-03,1.5874970753987625
11-19,-0.5400009155273438,4.149997711181641,3.100002288818345,2.440002441406243,2.5900039672851562,4.159996032714844,0.529998779296875,-2.440002441406264,5.0399932861328125,3.1599884033203125,-2.5800018310546875,0.0,8.0,3.0,12-04,1.6341648101806612
11-20,-1.1100006103515554,4.209999084472656,2.450000762939446,2.7800025939941406,2.75,2.2199935913085795,0.05999755859375,-3.980003356933608,4.0,3.720001220703125,-1.05999755859375,0.0,8.0,3.0,12-05,1.336666107177732
11-21,-2.020000457763672,4.829998016357422,2.8400001525878906,2.7599983215332102,0.7099990844726562,2.209999084472642,-0.43000030517578125,-3.480003356933608,3.5699920654296875,2.5600128173828125,0.18000793457028408,0.0,8.0,3.0,12-06,1.1441669464111286
11-22,-2.8300018310546875,5.299999237060547,4.130001068115234,2.470001220703125,-0.31999969482421875,2.1899948120117188,-1.1200027465820312,-3.0400009155273438,3.589996337890625,-3.2299957275390625,2.5900115966796307,0.0,6.0,5.0,12-07,0.8108336130777948
11-23,-1.6300010681152344,6.319999694824212,7.409999847412109,2.470001220703125,0.18000030517578125,2.0199966430664205,0.3600006103515625,0.009994506835965922,4.5800018310546875,-3.2299957275390625,1.3800048828124716,0.0,9.0,2.0,12-08,1.6558335622151699
11-24,-1.1500015258789062,4.759998321533203,7.279998779296882,2.170001983642578,1.0800018310546875,3.1999969482422017,-0.08999633789061079,0.8800048828124858,4.5800018310546875,-2.149993896484375,1.289993286132841,0.0,8.0,3.0,12-09,1.8208338419596395
11-25,-1.0600013732910085,3.6700019836425852,7.279998779296882,1.9200019836425781,3.2300033569335938,2.719993591308608,-0.43000030517578125,0.8800048828124858,4.5500030517578125,-1.959991455078125,2.0800018310546875,0.0,8.0,3.0,12-10,1.9066680272420264
11-26,0.4299964904785156,3.6700019836425852,5.299999237060554,1.3900032043457031,1.5300064086914062,3.339996337890625,-2.4799957275390767,2.3199996948242045,2.9600067138671875,0.7800140380859375,-2.209991455078125,0.0,9.0,2.0,12-11,1.419169743855793
11-27,0.4299964904785156,2.3900032043457102,3.549999237060554,0.2599983215332031,-0.26000213623046875,2.029998779296889,-2.4799957275390767,4.419990539550781,2.339996337890625,-0.720001220703125,0.0300140380859375,0.0,8.0,3.0,12-12,0.9991664886474622
11-28,1.4099998474121094,1.8900032043457102,5.560001373291016,1.0,0.0800018310546875,2.029998779296889,-1.0999984741210938,9.499992370605469,0.5999908447265625,-1.470001220703125,2.1000061035155966,0.0,9.0,2.0,12-13,1.7999995549519852
11-29,0.9300003051757884,2.3300018310546875,4.590000152587891,0.0,0.0800018310546875,1.3899993896484517,-1.8199996948242188,10.790000915527301,-3.8600006103515625,3.260009765625,2.1000061035155966,0.0,8.0,3.0,12-14,1.649168332417802
11-30,0.9600028991699219,2.229999542236328,0.09999847412110086,-0.14000320434569602,1.7399978637695312,2.759994506835966,-2.370002746582017,11.549995422363281,-2.4499969482421875,1.8700103759765625,2.8500061035155966,0.0,8.0,3.0,12-15,1.5916668574015322
12-01,1.0400009155273438,0.8500022888183594,0.060001373291015625,-0.8200035095214844,1.9000015258789062,0.4199981689453267,-2.4500045776367045,10.729995727539062,-1.410003662109375,4.029998779296875,0.7700042724609091,0.0,8.0,3.0,12-16,1.2599992752075195
12-02,0.2999992370605469,0.470001220703125,-0.329998016357429,-1.0600013732910156,2.3299942016601562,-1.8700027465820312,-0.3600006103515625,10.229995727539062,-2.5699920654296875,4.519989013671875,0.779998779296875,0.0,6.0,5.0,12-17,1.036665280659993
12-03,1.6100006103515625,0.0,-1.0699996948242188,-1.6800003051757884,3.6699981689453125,-1.5799942016601562,0.6700057983398295,8.909996032714844,-2.720001220703125,-0.970001220703125,-2.5200042724609375,0.0,4.0,7.0,12-18,0.3599999745686831
12-04,0.4099998474121094,-0.920001983642571,0.1399993896484375,-0.220001220703125,3.6200027465820312,1.7700042724609375,-0.8099975585937642,11.719993591308565,-0.519989013671875,-0.9799957275390625,-5.639999389648409,0.0,5.0,6.0,12-19,0.7141679128011061
12-05,0.31999969482421875,-0.15000152587889914,0.1399993896484375,-0.24000167846678977,2.8300018310546875,0.5900039672851562,-0.6800003051758097,12.209999084472628,1.7299957275390625,-4.6300048828125,-4.889999389648466,0.0,6.0,5.0,12-20,0.6024993260701438
12-06,0.20999908447265625,-0.06000137329100852,-2.729999542236328,-0.3300018310546946,0.6800003051757812,1.4600067138671875,-2.0,7.430007934570298,2.2899932861328125,-1.279998779296875,-5.6800079345703125,0.0,5.0,6.0,12-21,-0.0008335113525402468
12-07,0.7000007629394531,-0.3600006103515696,-0.6699981689453196,0.1999969482421804,0.9499969482421875,2.4600067138671875,-3.6800003051758097,5.330001831054702,4.3699951171875,-4.0200042724609375,-2.290008544921875,0.0,6.0,5.0,12-22,0.24916553497314156
12-08,1.7700004577636719,0.6499977111816335,1.620002746582017,0.34999847412108664,0.2599945068359375,0.660003662109375,-4.120002746582031,2.2799987792968466,4.9900054931640625,-3.4799957275390625,-0.9199981689452841,0.0,8.0,3.0,12-23,0.33833376566568774
12-09,2.0100021362304688,1.1499977111816335,-0.3899993896484446,0.7000007629394531,0.0399932861328125,0.31000518798828125,-1.0500030517578125,-2.800003051757841,4.2700042724609375,-5.0099945068359375,1.80999755859375,0.0,7.0,4.0,12-24,0.08666674296060843
12-10,2.4900016784667898,0.7099990844726562,0.450000762939446,0.7000007629394531,0.8699951171875,1.9000015258789062,-0.3300018310546875,-1.6200103759765625,4.2700042724609375,-5.0099945068359375,0.899993896484375,0.0,8.0,3.0,12-25,0.4441658655802397
12-11,2.4599990844726562,0.9799995422363281,0.450000762939446,0.4199981689453125,1.2099990844726562,1.8600006103515625,0.2200012207031108,-1.6200103759765625,4.0,-12.169998168945312,-0.790008544921875,0.0,8.0,3.0,12-26,-0.24833488464355646
12-12,1.5699996948242188,0.8500022888183594,-0.020000457763671875,0.3500022888183594,1.6699981689453125,4.199996948242202,-0.1699981689453267,-1.1200103759765625,5.2400054931640625,-18.06001281738284,0.5899963378906818,0.0,7.0,4.0,12-27,-0.4083350499471005
12-13,1.9599990844726562,1.1199989318847656,1.3100013732910156,-0.1399993896484446,1.2400054931640625,4.790000915527358,1.2000045776367045,-0.489990234375,2.6100006103515625,-15.80999755859375,0.5800018310547159,0.0,8.0,3.0,12-28,-0.13583119710286282
12-14,2.1100006103515625,1.3699989318847656,2.1299972534179688,0.4799995422363281,-0.029998779296875,3.6800003051757955,3.5100021362304545,3.100006103515625,2.19000244140625,-10.32000732421875,1.1900024414062784,0.0,9.0,2.0,12-29,0.7841669718424503
12-15,2.479999542236328,1.6399993896484446,-0.06000137329102273,-1.2899971008300852,0.5800018310546875,4.8300018310546875,2.2900009155273438,0.16000366210940342,-0.010009765625,-6.2400054931640625,1.7599945068359375,0.0,7.0,4.0,12-30,0.5116656621297219
12-16,2.0800018310546875,0.9199981689453125,-0.06000137329102273,-1.5999984741210938,0.8000030517578125,6.709999084472685,3.6800003051758097,-0.3300018310546591,-0.4199981689453125,-5.029998779296875,2.2100067138671875,0.0,6.0,5.0,12-31,0.7466675440470443
12-17,2.19000244140625,0.8299980163574219,0.9199981689453054,-1.5999984741210938,1.0900039672851562,3.529998779296889,5.0,1.709991455078125,-0.4199981689453125,-5.029998779296875,4.1699981689453125,0.0,8.0,3.0,01-01,1.0324996312459316
12-18,1.7000007629394531,1.2299995422363352,0.9199981689453054,-1.8499984741211009,0.8300018310546875,1.089996337890625,6.68000030517581,1.709991455078125,0.9300079345703125,-3.2700042724609375,2.80999755859375,0.0,9.0,2.0,01-02,1.0649992624918638
12-19,1.3100013732910156,0.5800018310546946,2.290000915527351,0.69000244140625,1.5999984741210938,2.8899993896484375,6.450004577636733,1.159988403320284,-1.0399932861328125,-4.9600067138671875,-0.22000122070318184,0.0,8.0,3.0,01-03,0.8958330154418898
12-20,0.9500007629394531,-0.4499969482421804,0.1699981689453196,0.779998779296875,1.8199996948242188,1.089996337890625,6.3300018310546875,0.7999877929687216,-4.1800079345703125,-7.0200042724609375,-2.949996948242216,0.0,7.0,4.0,01-04,-0.2216685612996455
12-21,0.8699989318847656,0.479999542236321,-0.7100028991699219,0.8199996948242188,1.3799972534179688,-0.2100067138671875,3.75,1.1200103759765625,-5.399993896484375,-1.589996337890625,-2.0399932861328125,0.0,6.0,5.0,01-05,-0.12749894460042377
12-22,0.6800003051757812,-1.0,-0.7000007629394531,1.2099990844726562,-0.05999755859375,-1.290000915527358,-1.44000244140625,2.430007934570341,-4.9799957275390625,0.3200073242187784,-4.630004882812472,0.0,4.0,7.0,01-06,-0.7883323033650657
12-23,-1.2099990844726562,-1.5999984741210938,-0.8100013732910156,1.5699996948242188,0.0200042724609375,-3.069999694824247,-3.470001220703125,2.1199951171875,-3.5800018310546875,2.340011596679716,-1.3999938964843466,0.0,4.0,7.0,01-07,-0.7574987411499
12-24,-3.0300025939941335,-1.8600006103515625,-0.9399986267089844,1.6599960327148295,-2.029998779296875,-1.9300003051757955,-5.540000915527344,0.8899993896484375,-1.540008544921875,4.160003662109403,-0.5399932861328409,0.0,3.0,8.0,01-08,-0.891667048136395
12-26,-3.2700004577636648,-2.0699996948242188,-0.7599983215332031,1.049999237060554,-2.6200027465820312,-1.6199951171875,-4.970001220703125,-1.720001220703125,-2.8600006103515625,5.279998779296875,-4.1399993896484375,0.0,2.0,9.0,01-10,-1.4750000635782865
12-27,-2.3800010681152344,-2.3100013732910156,-1.2099990844726562,2.900001525878892,-2.8400039672851562,-2.779998779296889,-6.819999694824219,-3.6600036621093466,-3.3600006103515625,3.0800018310546875,-4.5900115966796875,0.0,2.0,9.0,01-11,-1.9975013732910156
12-28,-2.2399978637695312,-2.0099983215332102,0.17000198364258523,3.2900009155273295,-2.69000244140625,-1.1900024414062642,-7.0500030517578125,-4.009994506835909,-6.589996337890625,4.7800140380859375,-3.8899993896484375,0.0,3.0,8.0,01-12,-1.7858314514160156
12-29,-2.5500030517578125,-1.1899986267089844,-1.4500007629394602,1.0900001525878835,-2.160003662109375,-1.4100036621093892,-7.440002441406264,-2.539993286132784,-6.3699951171875,3.1200103759765625,-4.089996337890625,0.0,2.0,9.0,01-13,-2.082498868306479
12-30,-1.7099990844726562,-0.36999893188477273,-0.9199981689453196,0.3800010681152415,-2.1100006103515625,-0.9800033569335938,-6.349998474121094,-2.9299926757812216,-3.7199859619140625,4.32000732421875,-2.92999267578125,0.0,2.0,9.0,01-14,-1.4433301289876284
12-31,-0.7299995422363281,0.6599998474121023,-0.5799980163574148,0.7700004577636648,-3.029998779296875,2.25,-6.860000610351548,-2.300003051757784,-3.7199859619140625,4.3000030517578125,0.9299926757812784,0.0,5.0,6.0,01-15,-0.6924991607665962
