,2009,2010,2011,2012,2013,2014,2015,2016,2017,2018,2019,2020,ups,downs,avg
01-02,0.0,0.0,0.0,-1.79717416137564,-7.061075926674801,0.0,0.0,0.0,0.0,0.0,9.325150768310458,0.0,1.0,10.0,0.03890839002166816
01-03,0.0,0.0,0.0,1.6129104777920238,0.0,0.0,0.0,0.0,0.0,0.0,8.34355656646336,0.0,2.0,9.0,0.8297055870212819
01-04,0.0,0.0,0.0,7.074342227737403,0.0,0.0,0.0,0.0,0.0,0.0,2.3312833040053875,0.0,2.0,9.0,0.7838021276452326
01-05,0.0,0.0,0.0,10.722895456270521,0.0,0.0,-1.705755282089844,0.0,0.0,0.0,2.3312833040053875,0.0,2.0,9.0,0.9457019565155053
01-06,0.0,0.0,0.0,3.7349447288295883,0.0,0.0,-1.705755282089844,0.0,0.0,0.0,2.3312833040053875,-4.830053194211727,2.0,9.0,-0.039131703622216296
01-07,0.0,0.0,0.0,3.49397536372044,0.0,0.0,-1.705755282089844,0.0,0.0,0.0,2.3312833040053875,-5.776176423552572,2.0,9.0,-0.13805608649304904
01-08,0.0,0.0,0.0,3.143896184887824,0.0,0.0,-1.705755282089844,0.0,0.0,0.0,-0.6321136750871441,-6.934308633545669,1.0,10.0,-0.5106901171529028
01-09,0.0,0.0,0.0,3.9568335451847023,0.0,0.0,-1.705755282089844,0.0,0.0,0.0,-3.0341311725395697,-6.934308633545669,1.0,10.0,-0.643113461915865
01-10,0.0,0.0,0.0,6.235011647633554,0.0,0.0,-1.705755282089844,0.0,0.0,0.0,-3.0341311725395697,-6.934308633545669,1.0,10.0,-0.45326528671179406
01-11,0.0,0.0,0.0,0.6142529315232798,0.0,0.0,-3.6956539090955554,0.0,0.0,0.0,-3.0341311725395697,-6.934308633545669,1.0,10.0,-1.0874867319714594
01-12,0.0,0.0,0.0,4.299758804762607,0.0,0.0,-3.6956539090955554,0.0,0.0,0.0,-3.0341311725395697,-6.934308633545669,1.0,10.0,-0.7803612425348488
01-13,0.0,0.0,0.0,0.9828000040771114,0.0,0.0,-4.835160021303616,0.0,0.0,0.0,-5.161285400390602,-4.642861309100225,1.0,10.0,-1.1380422272264443
01-14,0.0,0.0,0.0,-2.4570000101928113,0.0,0.0,-1.489365414938639,0.0,0.0,0.0,-5.161285400390602,-4.830053194211727,0.0,11.0,-1.1614753349778149
01-15,0.0,0.0,0.0,-5.569620910238631,0.0,0.0,0.21276069043588397,0.0,0.0,0.0,-5.161285400390602,-4.830053194211727,1.0,10.0,-1.2790165678670895
01-16,0.0,0.0,0.0,-4.119849117059508,0.0,0.0,0.21276069043588397,0.0,0.0,0.0,-5.161285400390602,3.287198102485156,2.0,9.0,-0.4817646437107559
01-17,0.0,0.0,0.0,-0.6031386123635781,0.0,0.0,0.21276069043588397,0.0,0.0,0.0,-5.161285400390602,4.15225327410983,2.0,9.0,-0.11661750401737218
01-18,0.0,0.0,0.0,-2.2167525580375793,0.0,0.0,0.21276069043588397,0.0,0.0,0.0,-2.0645141601562385,5.190314530192907,2.0,9.0,0.0934840418695811
01-19,0.0,0.0,0.0,-2.47832429371376,0.0,0.0,0.21276069043588397,0.0,0.0,0.0,-2.0645141601562385,5.190314530192907,2.0,9.0,0.07168639722989933
01-20,0.0,0.0,4.0,-3.3457307059978922,0.0,0.0,0.21276069043588397,0.0,0.0,0.0,-2.0645141601562385,5.190314530192907,3.0,8.0,0.33273586287288837
01-21,0.0,0.0,4.0,-3.3457307059978922,0.0,-13.535355598193682,0.21276069043588397,0.0,0.0,0.0,-2.0645141601562385,5.190314530192907,3.0,8.0,-0.7952104369765852
01-22,0.0,0.0,4.0,-5.436160726557565,0.0,-15.163929380418525,2.127657631718154,0.0,0.0,0.0,-2.0645141601562385,5.190314530192907,3.0,8.0,-0.9455526754351057
01-23,0.0,0.0,4.0,-7.060336244264005,0.0,-15.163929380418525,2.127657631718154,0.0,0.0,0.0,-2.0645141601562385,5.190314530192907,3.0,8.0,-1.0809006352439756
01-24,0.0,0.0,4.0,-4.492944585155955,0.0,-15.163929380418525,3.1914813748412993,0.0,19.507578956057202,-2.67295711832018,0.0,3.1141920180267535,4.0,7.0,0.6236184387525495
01-25,0.0,0.0,4.0,-1.1180142913720421,0.0,-15.163929380418525,3.1914813748412993,0.0,19.507578956057202,-2.67295711832018,0.0,3.287198102485156,4.0,7.0,0.9192798036060759
01-26,0.0,0.0,4.0,-0.2538068608636505,0.0,-15.163929380418525,3.1914813748412993,0.0,19.507578956057202,-2.67295711832018,0.0,3.287198102485156,4.0,7.0,0.9912970894817752
01-27,0.0,0.0,4.0,-1.649747621230097,0.0,-15.163929380418525,0.0,0.0,19.507578956057202,-2.67295711832018,0.0,6.521736876951041,3.0,8.0,0.8785568094199535
01-28,0.0,0.0,4.0,-5.203043673321046,0.0,-15.163929380418525,0.0,0.0,19.507578956057202,-2.67295711832018,-9.154931043637397,6.521736876951041,3.0,8.0,-0.18046211522407543
01-29,0.0,0.0,4.0,-5.203043673321046,0.0,-6.641364438317042,0.0,0.0,19.507578956057202,-9.93266240579757,-12.481859944549845,3.3444784051375938,3.0,8.0,-0.6172394250658924
01-30,0.0,0.0,4.0,1.5439443380401654,0.0,-2.3679438954592245,0.0,0.0,19.507578956057202,-9.93266240579757,-12.481859944549845,3.3444784051375938,4.0,7.0,0.3011279544523603
01-31,0.0,0.0,4.0,4.470589581657858,0.0,-2.3679438954592245,0.0,0.0,22.867516815648706,-9.93266240579757,-11.19082113755562,3.3444784051375938,4.0,7.0,0.9325964469693119
02-01,0.0,0.0,4.0,5.058827119715073,0.0,9.836065288998071,0.0,0.0,22.867516815648706,-9.93266240579757,-11.19082113755562,3.3444784051375938,5.0,6.0,1.998617007178854
02-02,0.0,0.0,0.0,10.6214745032758,0.0,9.836065288998071,0.0,0.0,22.867516815648706,-9.93266240579757,-11.19082113755562,3.3444784051375938,4.0,7.0,2.1288376224755816
02-03,0.0,0.0,0.0,11.977405355101963,0.0,5.35373248159094,0.0,0.0,22.867516815648706,-9.93266240579757,-11.19082113755562,3.3444784051375938,4.0,7.0,1.8683041261771676
02-04,0.0,0.0,0.0,11.977405355101963,0.0,6.870222755762177,0.0,0.0,4.174228847902627,-9.93266240579757,-11.19082113755562,3.3444784051375938,4.0,7.0,0.436904318379264
02-05,0.0,0.0,0.0,11.977405355101963,0.0,6.69215876397974,0.0,0.0,4.174228847902627,-9.93266240579757,-5.298911133298737,3.3444784051375938,4.0,7.0,0.9130581527521345
02-06,0.0,0.0,0.0,15.418024651600822,0.0,10.128908495122078,0.0,0.0,4.174228847902627,-7.070708287004254,-4.026848300878737,3.3444784051375938,4.0,7.0,1.8306736509900106
02-07,0.0,0.0,0.0,6.504059097239249,0.0,10.128908495122078,0.0,0.0,4.174228847902627,-7.070708287004254,-4.026848300878737,0.0,3.0,8.0,0.80913665436508
02-08,0.0,0.0,0.0,7.836258027455761,0.0,10.128908495122078,0.0,0.0,4.174228847902627,-7.070708287004254,4.697985417359277,0.0,4.0,7.0,1.6472227084029571
02-09,0.0,0.0,0.0,11.361082000862275,0.0,10.128908495122078,0.0,0.0,4.174228847902627,0.0,7.516777947874592,0.0,4.0,7.0,2.7650831076467974
02-10,0.0,0.0,0.0,5.286841944633039,0.0,12.387792386991094,0.0,0.0,4.174228847902627,0.0,7.516777947874592,0.0,4.0,7.0,2.4471367606167793
02-11,0.0,0.0,0.0,4.386955323524613,0.0,5.385999667669338,-4.677061221646241,0.0,0.0,0.0,7.516777947874592,0.0,3.0,8.0,1.0510559764518586
02-12,0.0,0.0,0.0,4.386955323524613,0.0,2.1390438420732214,-6.575963081341307,0.0,0.0,0.0,7.516777947874592,0.0,3.0,8.0,0.6222345026775933
02-13,0.0,0.0,0.0,4.386955323524613,0.0,6.773620417061643,-6.575963081341307,0.0,0.7207200086191535,6.16113540578466,6.442953441106653,-7.168460588468334,5.0,6.0,0.89508007719059
02-14,0.0,0.0,0.0,-3.0303030303030303,0.0,6.595371721755225,-6.575963081341307,0.0,0.7207200086191535,6.16113540578466,6.442953441106653,-7.168460588468334,4.0,7.0,0.2621211564294183
02-15,0.0,0.0,0.0,-6.242502551336415,0.0,6.773620417061643,-6.575963081341307,0.0,0.7207200086191535,6.16113540578466,1.2080493698645034,-7.168460588468334,4.0,7.0,-0.4269500849846746
02-16,0.0,0.0,0.0,-13.006140726763077,0.0,6.773620417061643,-6.575963081341307,0.0,-1.1009251691109603,6.16113540578466,0.0,-7.168460588468334,2.0,9.0,-1.243061145236448
02-17,0.0,-0.5235602094240838,0.0,-5.644172511383853,0.0,6.440073769009524,-6.575963081341307,-4.270467132428526,-1.1009251691109603,6.16113540578466,0.0,-7.168460588468334,2.0,9.0,-1.0568616264469066
02-18,0.0,-0.5235602094240838,0.0,-4.90798271076145,0.0,6.440073769009524,-6.575963081341307,-4.270467132428526,-1.1009251691109603,6.16113540578466,0.0,-7.168460588468334,2.0,9.0,-0.9955124763950396
02-19,0.0,-0.5235602094240838,0.0,-4.2682974342787094,0.0,2.8622597474384017,-2.3965066017530785,-4.270467132428526,-1.1009251691109603,6.16113540578466,0.0,-14.34034411596169,2.0,9.0,-1.489725459144499
02-20,0.0,-0.5235602094240838,0.0,-4.2682974342787094,0.0,7.809848023331843,-2.3965066017530785,-4.270467132428526,-1.1009251691109603,6.16113540578466,0.0,-14.34034411596169,2.0,9.0,-1.077426436153379
02-21,0.0,-0.5235602094240838,0.0,-3.2608751989268874,0.0,5.432932123564798,-2.3965066017530785,-2.2687628971760017,-1.1009251691109603,6.16113540578466,0.0,-14.34034411596169,2.0,9.0,-1.0247422219169369
02-22,0.0,0.6211164426486174,0.0,-4.465336124801112,0.0,5.432932123564798,-3.524225743535128,-2.2687628971760017,-1.1009251691109603,6.16113540578466,0.0,-14.34034411596169,3.0,8.0,-1.1237008398822346
02-23,0.0,-1.4799170702544007,0.0,-6.594726386955771,0.0,5.432932123564798,-3.524225743535128,-4.642861309100225,-1.1009251691109603,6.16113540578466,0.0,-14.34034411596169,2.0,9.0,-1.6740776887973932
02-24,0.0,-1.3727593385967296,0.0,-6.594726386955771,0.0,5.432932123564798,1.1013257963653245,-4.642861309100225,-1.8348694489809594,0.0,0.0,-14.34034411596169,2.0,9.0,-1.8542752233054378
02-25,0.0,-1.3727593385967296,0.0,1.0791385004946545,0.0,4.753815608119214,2.863438668132908,-15.581852763412297,-1.8348694489809594,0.0,0.0,-13.472486541112819,3.0,8.0,-1.9637979429463357
02-26,0.0,-1.3727593385967296,0.0,1.9024952475040249,0.0,2.4347802867060278,2.863438668132908,-15.581852763412297,-1.8348694489809594,0.0,0.0,-5.882351876689006,3.0,8.0,-1.455926602111336
02-27,0.0,-1.3727593385967296,0.0,4.0697716970323405,0.0,2.4347802867060278,2.863438668132908,-15.581852763412297,-1.8348694489809594,0.0,0.0,-1.8248157716151892,3.0,8.0,-0.9371922225611581
02-28,0.0,-1.3727593385967296,0.0,-1.585367286155662,-38.62433361848952,2.782606041949713,2.863438668132908,-27.39130989139617,-1.8348694489809594,0.0,0.9308533489218386,-1.8248157716151892,3.0,8.0,-5.504713108019147
02-29,0.0,0.0,0.0,0.609758437779131,0.0,0.0,0.0,-34.71264970083672,0.0,0.0,0.0,-1.8248157716151892,1.0,2.0,-2.993975586222732
03-01,0.0,-1.9108313270400814,0.0,0.0,-38.62433361848952,2.782606041949713,2.863438668132908,-29.195402500446416,0.0,0.0,0.9308533489218386,-1.8248157716151892,3.0,8.0,-5.414873763215563
03-02,0.0,-1.3800457472117478,0.0,0.0,-38.62433361848952,2.782606041949713,2.863438668132908,-29.195402500446416,0.0,0.0,0.9308533489218386,-20.258622505789592,3.0,8.0,-6.906792192744401
03-03,0.0,-1.3800457472117478,0.0,-0.9756088483765744,-38.62433361848952,2.782606041949713,0.6756803923811503,-31.7241412573659,0.0,0.0,0.9308533489218386,-15.198239273527031,3.0,8.0,-6.959435746809839
03-04,0.0,-1.3800457472117478,0.0,-1.5950935033830504,-38.62433361848952,-4.096839324343948,-3.378380482754678,-31.7241412573659,0.0,0.0,0.9308533489218386,-15.198239273527031,1.0,10.0,-7.922184988179503
03-05,0.0,-2.547772403005027,0.0,-3.1133251346634494,-38.62433361848952,-9.683426294382059,-2.2522500753112733,-28.735632813895055,0.0,0.0,0.9308533489218386,-4.183267708065093,1.0,10.0,-7.350762891574136
03-06,0.0,-0.4246300836916919,0.0,-9.242622215078168,-38.62433361848952,-9.683426294382059,-2.2522500753112733,-28.735632813895055,0.0,0.0,0.9308533489218386,-4.183267708065093,1.0,10.0,-7.684609121665917
03-07,0.0,-0.4246300836916919,0.0,-7.060336244264005,-38.62433361848952,-9.683426294382059,-2.2522500753112733,-29.930393943836105,0.0,0.0,0.9308533489218386,-4.980079700196709,1.0,10.0,-7.668716384270794
03-08,0.0,-0.4246300836916919,1.2638218747278713,-5.124998092651389,-38.62433361848952,-9.683426294382059,-2.2522500753112733,-29.930393943836105,0.0,0.0,0.9308533489218386,-8.436210620340617,2.0,9.0,-7.6901306254210775
03-09,0.0,-0.5307855798283337,1.2638218747278713,-7.500004768371604,-38.62433361848952,-9.683426294382059,0.6564597085659045,-17.63341621744217,0.0,0.0,0.9308533489218386,-8.436210620340617,3.0,8.0,-6.629753513886556
03-10,0.0,-0.5307855798283337,1.2638218747278713,-2.499997615814231,-38.62433361848952,-9.683426294382059,0.6564597085659045,-6.72853748731154,0.0,0.0,0.9308533489218386,-8.436210620340617,3.0,8.0,-5.304346356995891
03-11,0.0,-0.5307855798283337,1.2638218747278713,-2.499997615814231,-23.87706258842765,-7.076352375030924,0.6564597085659045,-0.9280733731803988,0.0,0.0,0.9308533489218386,-11.608965160392119,3.0,8.0,-3.6391751467048365
03-12,0.0,0.0,1.2638218747278713,-5.943153123382072,-23.87706258842765,-7.076352375030924,0.6564597085659045,-0.9280733731803988,0.0,0.0,1.7150411048732137,-11.608965160392119,3.0,8.0,-3.8165236610205144
03-13,0.0,0.0,1.2638218747278713,-3.1446541634962597,15.056176777365044,-7.076352375030924,0.6564597085659045,-0.9280733731803988,0.0,0.0,0.7915559813120093,5.498981452490667,5.0,6.0,1.009826323562826
03-14,0.0,0.0,1.2638218747278713,-5.943153123382072,15.056176777365044,-7.076352375030924,2.8446413469971,-0.9280733731803988,0.0,0.0,0.7915559813120093,7.5356394512740215,5.0,6.0,1.1286880466735543
03-15,0.0,0.0,1.2638218747278713,-5.2971558079629855,15.056176777365044,0.0,2.8446413469971,-0.9280733731803988,10.80196906427303,0.0,0.7915559813120093,7.5356394512740215,6.0,5.0,2.6723812762338075
03-16,0.0,-3.289473794283743,1.2638218747278713,-3.746769643781686,15.056176777365044,0.0,2.8446413469971,-0.9280733731803988,12.096774565689794,0.0,0.7915559813120093,20.629368384978328,6.0,5.0,3.7265018433186934
03-17,0.0,-3.289473794283743,1.2638218747278713,-0.6459973154190413,16.923081034436862,0.0,2.8446413469971,-0.9280733731803988,12.096774565689794,0.0,0.7915559813120093,21.99313010403162,6.0,5.0,4.254121702026006
03-18,0.0,-3.289473794283743,1.2638218747278713,0.7643304905536623,16.923081034436862,0.0,2.8446413469971,0.0,12.096774565689794,0.0,0.7915559813120093,13.745707339154528,7.0,4.0,3.761703236549007
03-19,0.0,-3.289473794283743,0.0,-1.8300635913766035,16.923081034436862,0.0,2.8446413469971,0.0,11.812298371369574,0.0,0.7915559813120093,16.494845529754215,5.0,6.0,3.6455737398507844
03-20,0.0,-3.289473794283743,0.0,0.1282080594525331,16.923081034436862,0.0,0.0,0.0,11.812298371369574,0.0,0.7915559813120093,16.494845529754215,5.0,6.0,3.5717095985034546
03-21,0.0,-3.289473794283743,0.0,-3.8961064696895544,16.923081034436862,0.0,0.0,0.0,11.812298371369574,0.0,-5.174823505230557,16.494845529754215,3.0,8.0,2.7391517638630667
03-22,0.0,-3.289473794283743,0.0,-3.8961064696895544,7.032970510924182,0.0,0.0,0.0,13.902055687951734,0.0,-5.174823505230557,16.494845529754215,3.0,8.0,2.0891223299521897
03-23,0.0,-4.666663275824653,0.0,-0.5194800369331947,7.032970510924182,0.0,0.0,0.0,15.372674521102597,0.0,-6.013983532912454,16.494845529754215,3.0,8.0,2.3083636430092245
03-24,0.0,-4.666663275824653,0.0,-3.246753327177799,7.032970510924182,0.0,0.0,0.0,15.372674521102597,0.0,-6.013983532912454,15.635743941730857,3.0,8.0,2.0094990698202277
03-25,0.0,-4.666663275824653,0.0,-6.425703247056883,7.032970510924182,0.0,0.0,0.0,15.372674521102597,0.0,-6.013983532912454,15.635743941730857,3.0,8.0,1.7445865764969704
03-26,0.0,-4.666663275824653,0.0,-1.273884150922812,2.1978104896205655,0.0,0.0,0.0,15.372674521102597,0.0,-6.013983532912454,15.635743941730857,3.0,8.0,1.7709748327328416
03-27,0.0,-1.3333299424913194,0.0,2.0253205356680035,0.0,-14.743591507040838,0.0,0.0,15.372674521102597,8.127720662281853,-7.3654388830177275,1.718219562202888,4.0,7.0,0.31679791239212135
03-28,0.0,-1.3333299424913194,0.0,3.6114566811538866,0.0,-14.743591507040838,0.0,0.0,5.124222372266336,7.048458489084385,-7.517726505422227,0.0,3.0,8.0,-0.6508758677041483
03-29,0.0,-1.3333299424913194,0.0,1.997507112076623,0.0,-14.743591507040838,0.0,0.0,3.7267118916596234,7.048458489084385,-7.517726505422227,0.0,3.0,8.0,-0.9018308718444796
03-30,0.0,-1.3333299424913194,0.0,4.4943835608935805,0.0,-23.448275937667407,0.0,0.0,4.037270598939317,7.048458489084385,-7.517726505422227,-13.45029321301795,3.0,8.0,-2.5141260791401354
03-31,0.0,-1.3333299424913194,0.0,2.6217232477693537,0.0,-23.448275937667407,0.0,0.0,4.037270598939317,7.048458489084385,-7.517726505422227,-3.9285762638462813,3.0,8.0,-1.8767046928028481
04-01,0.0,-2.8184893867119167,0.0,4.059039594844446,0.0,-23.448275937667407,5.773190484060513,0.0,4.037270598939317,7.048458489084385,-7.517726505422227,-3.9285762638462813,4.0,7.0,-1.399592410559931
04-02,0.0,-1.4656179216289988,0.0,1.5151500555948885,0.0,-23.448275937667407,5.773190484060513,0.0,4.037270598939317,5.097453503730768,-7.517726505422227,-11.923084329571534,4.0,7.0,-2.3276366709970566
04-03,0.0,-1.4656179216289988,0.0,1.9108292635635498,0.0,-23.448275937667407,5.773190484060513,0.0,4.037270598939317,6.499262311079688,-1.4184383252072872,-11.923084329571534,4.0,7.0,-1.6695719880360131
04-04,0.0,-1.4656179216289988,0.0,6.62500262260437,0.0,-23.448275937667407,5.773190484060513,0.0,1.708076592189985,6.499262311079688,-1.4184383252072872,-11.923084329571534,4.0,7.0,-1.4708237086783893
04-05,0.0,-1.4656179216289988,0.0,-1.2903213500976447,0.0,-23.448275937667407,5.773190484060513,0.0,0.0,6.499262311079688,-1.4184383252072872,-11.923084329571534,2.0,9.0,-2.272773755752722
04-06,0.0,-1.4656179216289988,0.0,-1.9354851015152583,0.0,-23.448275937667407,5.773190484060513,0.0,0.0,6.499262311079688,-1.4184383252072872,-11.923084329571534,2.0,10.0,-2.32653740170419
04-07,0.0,-1.1235955056179776,0.0,-1.9354851015152583,0.0,-23.448275937667407,8.599996566772461,0.0,0.0,-1.7725241639167661,-1.4184383252072872,-11.923084329571534,1.0,11.0,-2.7517838997269806
04-08,0.0,0.0,0.0,-0.8939996467872982,0.0,-16.48589436081638,8.599996566772461,0.0,0.0,-1.7725241639167661,-1.4184383252072872,-11.923084329571534,1.0,11.0,-1.9911620216272337
04-09,0.0,0.0,0.0,-1.9354851015152583,0.0,-3.9999961853027344,8.599996566772461,0.0,0.0,-1.7725241639167661,-0.14184045069701326,1.3461480267652375,2.0,10.0,0.17469155767549385
04-10,0.0,0.0,0.0,-9.849518410774145,0.0,3.333335452609592,8.599996566772461,0.0,0.0,-0.590841387972251,0.0,-7.692309808449005,2.0,10.0,-0.5166114656511124
04-11,0.0,0.0,0.0,-9.575927381418394,0.0,3.333335452609592,8.599996566772461,0.0,0.0,-0.590841387972251,0.0,-7.692309808449005,2.0,10.0,-0.49381221320479973
04-12,0.0,0.0,0.0,-11.217512696034051,0.0,3.333335452609592,8.599996566772461,0.0,0.0,-0.590841387972251,0.0,-7.692309808449005,2.0,10.0,-0.6306109894227712
04-13,0.0,0.0,0.0,-8.344735133916553,0.0,3.333335452609592,8.599996566772461,0.0,0.0,1.4771034699306276,0.0,-7.692309808449005,3.0,9.0,-0.21888412108773977
04-14,-0.24096017860504518,1.4444478352864583,0.0,-7.387140438850645,0.0,3.333335452609592,3.000001907348633,0.0,0.0,0.0,0.0,-0.9008957149438354,3.0,9.0,-0.06260092809623684
04-15,0.2398136378626535,1.4444478352864583,0.0,-7.387140438850645,0.0,-3.5714310042713255,3.000001907348633,0.0,0.0,3.0085965268356505,0.0,6.3063129629079135,5.0,7.0,0.2533834522599449
04-16,0.2398136378626535,1.4444478352864583,0.0,-7.387140438850645,0.0,-3.5714310042713255,3.000001907348633,0.0,0.0,3.0085965268356505,0.0,6.3063129629079135,5.0,7.0,0.2533834522599449
04-17,0.2398136378626535,1.4444478352864583,0.0,-9.439125343660326,0.0,-3.5714310042713255,3.000001907348633,0.9195393731027225,0.0,3.0085965268356505,0.0,6.3063129629079135,6.0,6.0,0.15901299128436505
04-18,0.2398136378626535,1.4444478352864583,0.0,-6.019152676670941,26.612897891779813,-9.761912925443761,0.0,0.9195393731027225,0.0,3.0085965268356505,0.0,6.3063129629079135,6.0,6.0,1.8958785521383756
04-19,0.2398136378626535,1.4444478352864583,0.0,-7.113542886414713,26.612897891779813,-9.761912925443761,0.0,0.9195393731027225,0.0,3.0085965268356505,0.0,6.3063129629079135,6.0,6.0,1.8046793679930613
04-20,0.2398136378626535,1.1111111111111112,0.0,-6.019152676670941,26.612897891779813,-9.761912925443761,0.0,0.9195393731027225,0.0,3.0085965268356505,0.0,6.3063129629079135,6.0,6.0,1.86810049179043
04-21,0.2398136378626535,-2.1566419509496604,0.0,0.0,26.612897891779813,-9.761912925443761,0.0,0.9195393731027225,0.0,3.0085965268356505,0.0,6.3063129629079135,5.0,7.0,2.097383793007944
04-22,0.2398136378626535,-4.166664827017169,0.0,-4.4285706111363,26.612897891779813,-7.142862008542651,0.0,0.9195393731027225,0.0,3.0085965268356505,0.0,6.3063129629079135,5.0,7.0,1.7790885788160526
04-23,0.2398136378626535,-4.166664827017169,0.0,-5.942026691961598,26.612897891779813,-7.142862008542651,0.0,0.9195393731027225,0.0,3.0085965268356505,0.0,6.3063129629079135,5.0,7.0,1.652967238747278
04-24,0.2398136378626535,-4.166664827017169,0.0,-5.942026691961598,26.612897891779813,-7.142862008542651,0.0,0.9195393731027225,0.0,3.0085965268356505,0.0,6.3063129629079135,5.0,7.0,1.652967238747278
04-25,0.479618127770401,-4.166664827017169,0.0,-5.942026691961598,26.612897891779813,-7.142862008542651,0.0,4.856517811024917,0.0,3.0085965268356505,-21.76166212751728,0.0,4.0,8.0,-0.3379654414689928
04-26,0.479618127770401,-4.166664827017169,0.0,-13.509314873120964,26.612897891779813,0.0,0.0,4.856517811024917,0.0,0.0,-21.76166212751728,0.0,3.0,9.0,-0.6240506664233566
04-27,0.479618127770401,-4.166664827017169,0.0,-13.509314873120964,26.612897891779813,0.0,0.0,4.856517811024917,0.0,0.0,-21.76166212751728,0.0,3.0,9.0,-0.6240506664233566
04-28,0.0,-4.166664827017169,0.0,-13.509314873120964,26.612897891779813,0.0,0.0,3.9735164865124037,0.0,0.0,-21.76166212751728,0.0,2.0,10.0,-0.7376022874469328
04-29,0.0,-4.166664827017169,0.0,-11.773700082841343,26.612897891779813,0.0,0.0,3.9735164865124037,0.0,0.0,-25.8928626927795,0.0,2.0,10.0,-0.9372344353621495
04-30,0.0,-4.166664827017169,0.0,-11.773700082841343,26.612897891779813,0.0,0.0,3.9735164865124037,0.0,0.0,-25.8928626927795,0.0,2.0,10.0,-0.9372344353621495
05-01,0.0,-4.166664827017169,0.0,-7.817104964163016,0.0,0.0,0.0,3.9735164865124037,0.0,0.0,-25.8928626927795,0.0,1.0,11.0,-2.82525966645394
05-02,0.0,0.11098609968323311,0.0,-7.817104964163016,0.0,0.0,0.0,3.9735164865124037,0.0,0.0,-20.512825737860688,0.0,2.0,10.0,-2.020452342985672
05-03,0.0,0.11098609968323311,0.0,-3.2448345631816604,0.0,0.0,0.0,3.9735164865124037,0.0,0.0,-20.512825737860688,0.0,2.0,10.0,-1.639429809570559
05-04,0.0,2.219755864451468,0.0,-1.769909761735464,0.0,5.191874220901335,0.0,3.9735164865124037,0.0,0.0,-20.512825737860688,0.0,3.0,9.0,-0.9081324106442454
05-05,0.0,4.106544962156578,0.0,-1.769909761735464,0.0,5.191874220901335,0.0,3.9735164865124037,0.0,0.0,-20.512825737860688,0.0,3.0,9.0,-0.7508999858354862
05-06,0.0,8.085104759703292,0.0,-1.769909761735464,0.0,5.191874220901335,0.0,0.0,0.0,0.0,-20.512825737860688,0.0,2.0,10.0,-0.7504797099159605
05-07,0.0,8.085104759703292,0.0,-1.769909761735464,0.0,7.079649845391881,0.0,0.0,0.0,0.0,-20.512825737860688,0.0,2.0,10.0,-0.5931650745417483
05-08,0.0,8.085104759703292,0.0,-1.769909761735464,11.554927149351911,9.48276012675238,0.0,0.0,0.0,0.0,0.5154675072764926,0.0,4.0,8.0,2.3223624817790514
05-09,0.0,8.085104759703292,0.0,5.014751357913327,8.148150973849813,9.48276012675238,0.0,0.0,0.0,0.0,1.194542151305294,0.0,5.0,7.0,2.660442447460342
05-10,0.0,8.085104759703292,0.0,-2.02808295687251,8.148150973849813,9.48276012675238,0.0,0.0,0.0,0.0,4.4368638730031185,0.0,4.0,8.0,2.3437330647030077
05-11,0.0,8.085104759703292,0.0,-2.02808295687251,8.148150973849813,9.48276012675238,0.0,0.0,0.0,0.0,4.4368638730031185,0.0,4.0,8.0,2.3437330647030077
05-12,0.0,8.085104759703292,0.0,-5.772236680249225,8.148150973849813,9.48276012675238,0.0,0.0,0.0,0.0,4.4368638730031185,0.0,4.0,8.0,2.031720254421615
05-13,0.0,5.357141426058918,0.0,-5.772236680249225,8.148150973849813,9.48276012675238,0.0,0.0,0.0,0.0,4.4368638730031185,0.0,4.0,8.0,1.804389976617917
05-14,0.0,5.357141426058918,0.0,-4.147464998981869,8.148150973849813,9.48276012675238,0.0,0.0,0.0,0.0,4.4368638730031185,0.0,4.0,8.0,1.93978761672353
05-15,0.0,5.357141426058918,0.0,-4.147464998981869,-4.026841771510851,3.4858457283287576,0.0,0.0,0.0,0.0,0.17065236610905204,0.0,3.0,9.0,0.06994439583366734
05-16,0.0,5.357141426058918,0.0,-1.954888910926161,-4.026841771510851,3.4858457283287576,0.0,0.0,0.0,0.0,0.17065236610905204,0.0,3.0,9.0,0.2526590698383097
05-17,0.0,5.357141426058918,0.0,7.123287223834531,-4.026841771510851,3.4858457283287576,0.0,0.0,0.0,0.0,0.17065236610905204,0.0,4.0,8.0,1.0091737477350342
05-18,0.0,5.357141426058918,0.0,7.123287223834531,-4.026841771510851,3.4858457283287576,0.0,0.0,0.0,0.0,0.17065236610905204,0.0,4.0,8.0,1.0091737477350342
05-19,0.0,1.2605010364596916,0.0,7.123287223834531,-4.026841771510851,3.4858457283287576,0.0,0.0,0.0,0.0,0.17065236610905204,0.0,4.0,8.0,0.6677870486017651
05-20,0.0,0.0,0.0,7.755097989388513,-4.026841771510851,1.52505815543189,0.0,0.0,0.0,0.0,0.17065236610905204,0.0,3.0,9.0,0.45199722828488365
05-21,4.137929280598959,0.0,0.0,3.0042856678981207,-17.61745275191843,-1.0893183493581085,0.0,0.0,0.0,2.920723734015593,0.6825931901308079,0.0,4.0,8.0,-0.6634366023860884
05-22,4.137929280598959,0.0,0.0,4.101838116149312,-13.255032832158282,-1.0893183493581085,0.0,0.0,0.0,2.920723734015593,5.024310193619083,0.0,4.0,8.0,0.15337084523887964
05-23,4.137929280598959,-0.53475935828877,0.0,9.335223595817482,-13.255032832158282,-1.0893183493581085,0.0,0.0,0.0,2.920723734015593,5.024310193619083,0.0,4.0,8.0,0.5449230220204963
05-24,3.1358850128826896,-0.53475935828877,0.0,4.824560180473113,-13.255032832158282,-1.0893183493581085,0.0,0.0,0.0,2.920723734015593,5.024310193619083,-10.778441859942749,4.0,8.0,-0.812672773229786
05-25,3.1358850128826896,-0.53475935828877,0.0,4.824560180473113,0.0,-2.654864735961464,0.0,6.01659650466504,0.0,2.920723734015593,5.024310193619083,-5.916038800714455,5.0,7.0,1.0680343942242359
05-26,3.1358850128826896,-1.818178554269719,0.0,2.777778552367036,0.0,-5.454540134461594,0.0,6.01659650466504,0.0,2.920723734015593,5.024310193619083,-5.113635799198462,5.0,7.0,0.6240782924683056
05-27,3.1358850128826896,-0.7407375113673942,0.0,2.777778552367036,0.0,-5.454540134461594,0.0,6.01659650466504,0.0,2.920723734015593,5.024310193619083,-5.113635799198462,5.0,7.0,0.7138650460434993
05-28,3.1358850128826896,-0.7407375113673942,0.0,-1.8376704701913757,0.0,-4.3181830250527184,0.0,6.01659650466504,0.0,2.920723734015593,0.5093333387305017,-6.730776813608933,4.0,8.0,-0.087069102493883
05-29,3.1358850128826896,-0.7407375113673942,0.0,-1.8376704701913757,0.0,-4.3181830250527184,0.0,6.01659650466504,0.0,2.920723734015593,1.8425403776055367,-6.730776813608933,4.0,8.0,0.024031484079036547
05-30,3.1358850128826896,-0.7407375113673942,0.0,-11.791729803774565,0.5008302857679626,-4.3181830250527184,0.0,6.01659650466504,0.0,2.920723734015593,-0.17094408623693885,-6.730776813608933,4.0,8.0,-0.9315279752257718
05-31,3.1358850128826896,-0.7407375113673942,0.0,-12.557422181894298,0.5008302857679626,-4.3181830250527184,0.0,6.01659650466504,0.0,2.920723734015593,-0.17094408623693885,-6.93641868102801,4.0,8.0,-1.0124724956873397
06-01,-1.4598596376984176,-0.7407375113673942,0.0,-7.044403469066888,0.5008302857679626,-4.3181830250527184,0.0,6.01659650466504,0.0,0.0,-0.17094408623693885,-6.93641868102801,2.0,10.0,-1.179426635001447
06-02,0.07188780164378442,0.5291005291005291,0.0,-8.269524418114479,0.5008302857679626,-4.3181830250527184,0.0,6.01659650466504,0.0,0.0,-0.17094408623693885,-6.11855010505461,4.0,8.0,-0.9798988761067857
06-03,-4.241553983177487,1.0582010582010581,0.0,-10.468751036096348,0.5008302857679626,-4.3181830250527184,0.0,6.01659650466504,0.0,0.0,-0.17094408623693885,-7.5581464119296715,3.0,9.0,-1.598495891154925
06-04,-3.1631912516275085,1.0582010582010581,0.0,-10.468751036096348,0.5008302857679626,-4.3181830250527184,7.235619223491474,6.01659650466504,0.0,0.0,-7.118052623614234,2.906969437324727,5.0,7.0,-0.612496785578379
06-05,-3.1631912516275085,1.0582010582010581,0.0,-9.612409003572951,0.5008302857679626,-2.7272700672307866,7.235619223491474,6.01659650466504,0.0,0.0,-9.591473372583609,-1.55038616418134,4.0,8.0,-0.9861235655892218
06-06,-3.1631912516275085,1.0582010582010581,0.0,-6.875000791624175,0.5008302857679626,0.0,7.235619223491474,6.01659650466504,0.0,0.0,-9.591473372583609,-2.325588487302472,4.0,8.0,-0.5953339025843524
06-07,-3.1631912516275085,1.0582010582010581,-40.97996094395496,-6.875000791624175,0.5008302857679626,0.0,6.716420234086101,0.0,0.0,0.0,-9.591473372583609,-2.325588487302472,3.0,9.0,-4.5549802724198
06-08,-3.1631912516275085,1.0582010582010581,-29.97946760689426,-2.031251757871319,0.5008302857679626,0.0,6.716420234086101,-2.3354592913693693,10.555552391358292,0.0,-4.618112731077584,-2.325588487302472,4.0,8.0,-2.1351722630607584
06-09,-3.1631912516275085,0.0,-32.426770833967204,-2.031251757871319,0.5008302857679626,0.0,6.716420234086101,-2.3354592913693693,10.555552391358292,0.0,-4.618112731077584,-3.7328104425273354,3.0,9.0,-2.544566116435664
06-10,2.1590926430442114,0.0,-32.426770833967204,-7.57825412089022,0.5008302857679626,0.0,6.716420234086101,-2.3354592913693693,10.555552391358292,0.0,-4.618112731077584,-2.161093386634153,4.0,8.0,-2.432316234140164
06-11,1.2614661841949388,0.0,-32.426770833967204,-7.57825412089022,0.5008302857679626,0.0,6.716420234086101,-2.3354592913693693,6.395349562522706,0.0,-6.039070494486052,-1.9646346097204899,4.0,8.0,-2.9558435903218023
06-12,5.733945154800595,0.0,-44.68571254185268,-15.985791777498132,0.0,0.0,6.716420234086101,-2.3354592913693693,6.395349562522706,0.0,-3.907633849373312,-1.9646346097204899,3.0,9.0,-4.169459759867049
06-13,4.288988525985176,0.0,-38.360659838427765,-15.985791777498132,0.0,0.0,6.716420234086101,-2.3354592913693693,6.395349562522706,0.0,-3.907633849373312,-2.750488453608693,3.0,9.0,-3.8282729073069413
06-14,4.288988525985176,0.0,-37.012988755518975,-8.291036558484635,0.0,0.0,6.716420234086101,-2.3354592913693693,6.395349562522706,0.0,-3.907633849373312,-2.750488453608693,3.0,9.0,-3.0747373821467505
06-15,4.288988525985176,0.0,-36.27556404087311,-8.291036558484635,0.0,0.0,6.716420234086101,-2.3354592913693693,6.395349562522706,0.0,-2.30906060032696,-2.750488453608693,3.0,9.0,-2.880070885172398
06-16,4.288988525985176,1.9912862532740643,-36.27556404087311,-9.137055428004558,0.0,0.0,6.716420234086101,-2.3354592913693693,6.395349562522706,0.0,-2.30906060032696,-1.3752395427459323,4.0,8.0,-2.6700278606209893
06-17,4.288988525985176,1.9912862532740643,-36.27556404087311,-12.369339136901464,0.0,0.0,-0.5596964967148833,-2.3354592913693693,6.395349562522706,0.0,-2.30906060032696,-5.954824818640301,3.0,9.0,-3.9273600035870118
06-18,4.288988525985176,1.9912862532740643,3.3369259514492517,-12.369339136901464,0.0,6.976742544933333,0.0,-2.3354592913693693,6.395349562522706,0.0,0.0,-5.954824818640301,5.0,7.0,0.19413913260444962
06-19,4.288988525985176,1.9912862532740643,3.3369259514492517,-11.49826394715516,0.0,6.976742544933333,0.0,-2.3354592913693693,6.395349562522706,0.0,0.0,-5.954824818640301,5.0,7.0,0.2667287317499752
06-20,4.288988525985176,1.9912862532740643,6.846481095237535,-12.67606142233648,0.0,6.976742544933333,0.0,-2.3354592913693693,7.204610891606464,0.0,4.737728260581898,-4.517459388062248,6.0,6.0,1.0430714558208645
06-21,4.288988525985176,1.9912862532740643,2.404807436137263,-6.866203435024209,0.0,6.976742544933333,0.0,0.0,-3.746394090792143,0.0,4.737728260581898,-3.4552860499547187,5.0,7.0,0.5276391204283888
06-22,4.288988525985176,1.9912862532740643,6.822610074555765,-6.866203435024209,0.0,6.976742544933333,0.0,0.0,0.8645524824904915,0.0,4.737728260581898,-4.517459388062248,6.0,6.0,1.1915204432278557
06-23,-0.9174347244904797,1.9912862532740643,11.97182726980973,0.8802766797323814,0.0,6.976742544933333,0.0,0.0,0.8645524824904915,0.0,7.704914713764407,-1.3944257356044512,6.0,6.0,2.339811623659123
06-24,0.0,1.9912862532740643,7.947686068439087,3.9249149118286466,0.0,6.976742544933333,4.285710271523871,0.0,0.8645524824904915,0.0,2.256946341582947,-1.3944257356044512,7.0,5.0,2.2377844282056656
06-25,0.0,1.9912862532740643,7.042251899553337,3.9249149118286466,0.0,6.976742544933333,2.367935209900441,0.0,0.8645524824904915,0.0,5.69513714739708,-1.3944257356044512,7.0,5.0,2.289032892814412
06-26,0.0,1.9912862532740643,-1.31578823536055,0.17730057236525573,0.0,6.976742544933333,2.367935209900441,0.0,0.8645524824904915,0.0,5.69513714739708,-1.3944257356044512,6.0,6.0,1.2802283532829721
06-27,0.0,1.9912862532740643,-0.10834484699674202,-3.8664286112348205,0.0,6.976742544933333,2.367935209900441,0.0,0.8645524824904915,0.0,1.0544805303367737,-1.3944257356044512,5.0,7.0,0.6571498189249242
06-28,0.0,1.9912862532740643,-0.2157443700297316,-0.8787295851474863,0.0,6.976742544933333,2.367935209900441,0.0,0.8645524824904915,0.0,1.0544805303367737,-5.821210252375753,5.0,7.0,0.5282760677818444
06-29,0.0,0.0,-2.087907389215013,-0.8787295851474863,0.0,6.976742544933333,2.367935209900441,0.0,0.8645524824904915,0.0,1.0544805303367737,-4.732510550512446,4.0,8.0,0.29704693689884126
06-30,0.0,0.0,-2.1186522439583872,0.1757509451893028,17.150764103514156,6.976742544933333,2.367935209900441,0.0,0.0,0.0,1.0544805303367737,2.6000022888183594,6.0,6.0,2.350585281561165
07-01,0.0,0.0,-5.7203388332258935,0.1757509451893028,17.150764103514156,0.0,2.367935209900441,0.0,0.0,0.0,1.0544805303367737,1.5999984741210938,5.0,7.0,1.3857158691529896
07-02,0.0,0.0,-8.68644793377459,-1.2477663664575924,17.150764103514156,0.0,8.532423013788163,0.0,0.0,0.0,1.5000025431315254,7.238097417922247,4.0,8.0,2.0405893981769925
07-03,0.0,0.0,-11.521743930355237,-1.2477663664575924,17.150764103514156,0.0,8.532423013788163,0.0,0.0,0.0,-1.6666650772094578,4.3809527442568825,3.0,9.0,1.3023303739614094
07-05,0.0,-1.069178854037754,-16.723552598502135,-4.456327879682004,17.150764103514156,0.0,8.532423013788163,0.0,-5.954196261509444,0.0,0.6896544920278432,4.3809527442568825,4.0,8.0,0.21254489665464216
07-06,0.0,-1.069178854037754,-10.32185713514549,-4.456327879682004,17.150764103514156,0.0,12.561174005732328,0.0,-5.954196261509444,0.0,-2.9310274804533925,4.3809527442568825,3.0,9.0,0.7800252702229401
07-07,0.0,-1.069178854037754,2.3554632059385114,-0.5347545856901744,17.150764103514156,0.0,8.646006523878961,0.0,-5.954196261509444,0.0,-4.736841929145995,4.3809527442568825,4.0,8.0,1.6865179122670952
07-08,0.0,-1.069178854037754,1.1777367082920653,-21.81424896501624,18.169403952914816,0.0,10.440462175768241,0.0,-5.954196261509444,0.0,-4.736841929145995,4.3809527442568825,4.0,8.0,0.0495074642935478
07-09,0.0,-1.069178854037754,0.7494613884435913,-21.81424896501624,18.169403952914816,0.0,10.440462175768241,0.0,-5.954196261509444,0.0,-3.108805345846946,8.380953470865887,4.0,8.0,0.4828209634651794
07-10,0.0,-1.069178854037754,0.7494613884435913,-26.16407468855451,18.169403952914816,0.0,10.440462175768241,0.0,-5.954196261509444,0.0,1.727114081026081,7.428568885439935,5.0,7.0,0.44396338995757983
07-11,0.0,1.9125176240560469,0.7494613884435913,-38.78049242858172,-2.9914535429850018,0.0,10.440462175768241,0.0,-5.954196261509444,0.0,1.727114081026081,4.761904761904762,5.0,7.0,-2.3445568501564535
07-12,0.0,1.9125176240560469,-3.6446544217632395,-38.78049242858172,-2.9914535429850018,0.0,10.440462175768241,0.0,-5.954196261509444,0.0,1.727114081026081,4.761904761904762,4.0,8.0,-2.71073316767369
07-13,0.0,1.9125176240560469,-7.272720179282098,-36.8292747318285,-2.9914535429850018,0.0,10.440462175768241,0.0,-5.954196261509444,0.0,-3.626943687919549,4.761904761904762,3.0,9.0,-3.2966419868162955
07-14,0.0,1.9125176240560469,-8.618648396954592,-36.8292747318285,-9.87842101677916,1.0460290489583053,10.440462175768241,0.0,-5.954196261509444,0.0,-3.626943687919549,4.761904761904762,4.0,8.0,-3.895547540358658
07-15,0.0,1.9125176240560469,-4.132224519022199,-43.478261134680906,-9.87842101677916,1.0460290489583053,4.404567306458194,0.0,-5.954196261509444,0.0,-3.626943687919549,-1.5473872828915258,3.0,9.0,-5.1045266602775206
07-16,0.0,2.950154054778571,-3.778036419548679,-43.478261134680906,-9.87842101677916,1.0460290489583053,4.404567306458194,0.0,-5.954196261509444,0.0,-1.5228452607710488,-1.5473872828915258,3.0,9.0,-4.813199747165474
07-17,0.0,2.950154054778571,-4.394297888438229,-43.478261134680906,-9.87842101677916,1.0460290489583053,0.0,0.0,-5.954196261509444,0.0,5.844150415498571,-1.5473872828915258,3.0,9.0,-4.617685838755318
07-18,0.0,2.950154054778571,-8.251232582964676,-43.478261134680906,-16.801291635529097,1.0460290489583053,0.0,0.0,0.0,0.0,7.467533271777962,-1.5473872828915258,3.0,9.0,-4.884538021712614
07-19,0.0,2.950154054778571,-6.000002692727482,-18.414322578135273,-18.255252083928593,1.0460290489583053,0.0,0.0,0.0,0.0,7.467533271777962,-1.5473872828915258,3.0,9.0,-2.729437355180669
07-20,0.0,2.950154054778571,-13.902443534628764,-18.414322578135273,-18.255252083928593,1.0460290489583053,0.0,0.0,0.0,0.0,6.006491797471758,-14.130437148766667,3.0,9.0,-4.558315037020888
07-21,0.0,2.950154054778571,-13.212123061671402,-15.345271863943594,-18.255252083928593,-0.6383023622513776,0.0,0.0,0.0,0.0,6.310677626514417,-16.666666666666664,2.0,10.0,-4.5713986964307205
07-22,0.0,0.0,-13.212123061671402,-26.68540172392709,-18.255252083928593,-0.6383023622513776,0.0,0.0,0.0,0.0,6.913180753103754,-16.666666666666664,1.0,11.0,-5.712047095445115
07-23,0.0,0.0,-6.424239187529593,-26.68540172392709,-18.255252083928593,-1.5021496556539984,0.0,0.0,0.0,0.0,3.8205983355848447,-16.666666666666664,1.0,11.0,-5.4760925818434245
07-24,0.0,0.0,-10.301503654453604,-15.168538498104908,-13.408722391494704,-1.5021496556539984,0.0,0.0,0.0,0.0,4.139072873823361,-16.666666666666664,1.0,11.0,-4.409042332712543
07-25,0.0,0.0,-14.025973382577595,-15.168538498104908,1.9374085499531335,-2.5751151572007522,0.0,0.0,0.0,0.0,4.297524308842281,-16.666666666666664,2.0,10.0,-3.5167800704795424
07-26,0.0,0.0,-15.334207847252124,3.4567925508855755,1.9374085499531335,-2.5751151572007522,0.0,0.0,0.0,0.0,4.297524308842281,-16.666666666666664,3.0,9.0,-2.073688688453213
07-27,0.0,0.0,-11.300921398502593,3.4567925508855755,1.9374085499531335,-2.5751151572007522,0.0,0.0,0.0,0.0,2.3140551885792386,-16.666666666666664,3.0,9.0,-1.902870577746005
07-28,0.0,0.0,-2.1844697836849,3.4567925508855755,1.9374085499531335,-2.5751151572007522,0.0,-13.768120532458939,0.0,0.0,2.3140551885792386,-14.888890584309896,3.0,9.0,-2.142361647353045
07-29,0.0,0.0,1.4563093312173492,3.4567925508855755,1.9374085499531335,-2.5751151572007522,0.0,-13.768120532458939,0.0,0.0,2.3140551885792386,-14.888890584309896,4.0,8.0,-1.8389633877778575
07-30,0.0,0.0,-3.155342671163133,3.4567925508855755,1.9374085499531335,-2.5751151572007522,0.0,-13.768120532458939,0.0,0.0,-1.818176086104966,-14.888890584309896,2.0,10.0,-2.5676203275332483
07-31,0.0,0.0,4.494377928932187,3.4567925508855755,4.031004026871451,-2.5751151572007522,0.0,-13.768120532458939,0.0,0.0,-1.3157882353605355,-2.222220102945964,3.0,9.0,-0.6582557934397479
08-01,0.0,0.0,1.0477316762418765,12.723212741429402,2.672957118320152,-0.8583683082144707,0.0,-9.280744795311286,0.0,0.0,-1.6447352942006732,0.0,3.0,9.0,0.38833776152208327
08-02,0.0,0.0,6.499436929834366,20.535715901273846,2.672957118320152,-0.8583683082144707,0.0,-10.823530309340534,0.0,0.0,-2.3026294118809623,0.0,3.0,9.0,1.3102984933327
08-03,0.0,0.0,3.1690192870546308,20.535715901273846,2.672957118320152,-0.8583683082144707,0.0,-10.823530309340534,0.0,0.0,0.9868411765204126,8.350302650787357,5.0,7.0,2.00274479303345
08-04,0.0,0.0,5.125152414540725,20.535715901273846,2.672957118320152,-0.8583683082144707,0.0,-10.823530309340534,0.0,0.0,0.0,5.263157894736842,4.0,8.0,1.82625705927638
08-05,0.0,0.0,8.224082310160554,20.535715901273846,2.672957118320152,1.0615751662400295,0.0,-10.823530309340534,0.0,0.0,-2.0338963325323123,5.263157894736842,5.0,7.0,2.075005145738215
08-06,0.0,0.0,9.058405217905479,20.535715901273846,2.672957118320152,1.0615751662400295,0.0,-10.823530309340534,0.0,0.0,-2.3728790546210337,5.263157894736842,5.0,7.0,2.1162834945428988
08-07,0.0,0.0,11.484916290737909,20.535715901273846,-5.503143039073595,1.0615751662400295,0.0,-10.823530309340534,0.0,0.0,-2.54237445665818,5.263157894736842,4.0,8.0,1.6230264539930264
08-08,0.0,1.106638286956889,9.810873758433845,9.598210413122985,-8.400645817764548,1.0615751662400295,0.0,-10.823530309340534,4.099556897494963,0.0,-2.54237445665818,5.263157894736842,6.0,6.0,0.7644551527685243
08-09,0.0,1.106638286956889,12.929057977071235,9.598210413122985,-8.400645817764548,1.0615751662400295,0.0,-10.823530309340534,4.099556897494963,0.0,-2.54237445665818,8.350302650787357,6.0,6.0,1.281565900659183
08-10,0.0,1.106638286956889,11.397853740613103,9.598210413122985,-8.400645817764548,1.0615751662400295,0.0,2.5882384356330213,4.099556897494963,0.0,-2.54237445665818,8.350302650787357,7.0,5.0,2.271612943035468
08-11,0.0,1.106638286956889,1.1111153496636283,9.598210413122985,-8.400645817764548,1.0615751662400295,-0.9884669041634961,2.5882384356330213,4.099556897494963,0.0,-2.54237445665818,8.350302650787357,7.0,5.0,1.332012501776054
08-12,0.0,3.2861042482756924,4.555553860134568,9.598210413122985,-8.400645817764548,1.0615751662400295,-0.9884669041634961,-1.411763359518612,4.099556897494963,0.0,-2.54237445665818,8.350302650787357,6.0,6.0,1.46733772482923
08-13,0.0,3.2861042482756924,2.5555504692925153,9.598210413122985,-4.200319057208994,1.0615751662400295,-0.9884669041634961,0.0,4.239765429585679,0.0,-4.827581444195025,8.350302650787357,6.0,6.0,1.589595080978062
08-14,0.0,3.2861042482756924,-2.934272142816526,0.0,-2.746366312156075,-1.5250477668230662,-0.9884669041634961,0.0,4.239765429585679,0.0,-4.827581444195025,0.0,2.0,10.0,-0.45798874102440146
08-15,0.0,3.2861042482756924,-1.7401458723437415,0.0,-6.7114109531414545,-1.5250477668230662,-0.9884669041634961,0.0,4.239765429585679,0.0,-3.793099706153238,3.2586527980533213,3.0,9.0,-0.33113739389252533
08-16,0.0,3.2861042482756924,6.681266692564527,0.0,-6.7114109531414545,-2.61437650478996,-0.9884669041634961,0.0,4.239765429585679,0.0,-1.724136230069677,1.8595072262501784,4.0,8.0,0.3356877503759573
08-17,0.0,3.2861042482756924,7.087479607686063,0.0,-6.7114109531414545,-2.61437650478996,5.6923059316781845,0.0,4.239765429585679,0.0,-1.724136230069677,1.8595072262501784,5.0,7.0,0.9262698962895587
08-18,0.0,3.2861042482756924,0.9195393731027427,0.0,-6.7114109531414545,-2.61437650478996,2.3885364706382592,0.0,4.239765429585679,0.0,-1.724136230069677,3.061226376490177,5.0,7.0,0.23710401750762147
08-19,0.0,2.203854660783922,2.758618119308187,0.0,-12.966252295466916,-2.61437650478996,2.3885364706382592,0.0,0.1462021733735382,0.0,0.16920054657961936,3.4552860499547005,6.0,6.0,-0.37157756496822075
08-20,0.0,2.203854660783922,-0.45976968655134076,0.0,-12.966252295466916,-2.61437650478996,2.3885364706382592,0.0,0.1462021733735382,0.0,4.2207753000822725,0.20325668143829848,5.0,7.0,-0.5731477667076604
08-21,0.0,2.203854660783922,-0.45976968655134076,0.0,-9.94671281343573,-2.61437650478996,2.3885364706382592,0.0,0.1462021733735382,0.0,3.7520393928159397,0.20325668143829848,5.0,7.0,-0.36058080214392274
08-22,0.0,2.203854660783922,2.127665482245212,0.0,-9.94671281343573,-2.61437650478996,3.343949540303924,0.0,0.1462021733735382,0.0,3.7520393928159397,0.20325668143829848,6.0,6.0,-0.06534344893873788
08-23,0.0,2.203854660783922,-9.026969306779373,-31.76470274743744,-9.94671281343573,-2.61437650478996,3.343949540303924,0.0,0.1462021733735382,0.0,3.7520393928159397,0.20325668143829848,5.0,7.0,-3.6419549103105733
08-24,0.0,2.203854660783922,4.051173878515111,-31.76470274743744,-9.94671281343573,-2.61437650478996,3.343949540303924,0.0,2.70270343598806,0.0,5.383359176921532,-0.6147486120423477,5.0,7.0,-2.2712916654327437
08-25,4.385965059044991,0.0,5.333328247070293,-31.76470274743744,3.129887534334715,-2.61437650478996,3.343949540303924,0.0,2.70270343598806,0.0,5.383359176921532,-0.6147486120423477,6.0,6.0,-0.8928862392171862
08-26,4.385965059044991,0.0,4.222223493787977,-30.612242911965243,3.129887534334715,-2.61437650478996,3.343949540303924,0.0,2.70270343598806,0.0,5.383359176921532,-1.8672131233495388,6.0,6.0,-0.993812024976962
08-27,4.385965059044991,0.0,-1.4444457160101998,-30.612242911965243,3.129887534334715,0.8639300402664576,3.343949540303924,0.0,2.70270343598806,0.0,5.383359176921532,-0.414937348842892,6.0,6.0,-1.055152599163221
08-28,4.385965059044991,0.0,0.21857382429670424,-30.612242911965243,6.729261929939873,3.773581321978526,-3.5031812554408215,0.0,2.70270343598806,0.0,5.383359176921532,-0.414937348842892,6.0,6.0,-0.9447430640066058
08-29,4.385965059044991,0.0,-3.7499990517443087,-30.612242911965243,11.89358009271238,3.773581321978526,0.0,0.0,2.70270343598806,0.0,3.588911303778572,-1.6597493953714941,5.0,7.0,-0.8064375121315429
08-30,4.385965059044991,0.0,0.22099952864250774,-37.423313870527444,11.89358009271238,3.773581321978526,0.0,0.0,2.70270343598806,0.0,-0.48939204585849544,-1.6597493953714941,5.0,7.0,-1.3829688227825807
08-31,4.385965059044991,0.0,0.0,-37.423313870527444,11.89358009271238,3.773581321978526,0.0,0.0,2.0057287407311235,0.0,0.0,1.9999980926513672,5.0,7.0,-1.1137050469507546
09-01,4.385965059044991,0.0,-3.237002300505127,-37.423313870527444,11.89358009271238,3.773581321978526,0.0,0.0,2.0057287407311235,0.0,0.0,2.7667958116357503,5.0,7.0,-1.31955542874415
09-02,4.385965059044991,0.0,1.3872819751577,-37.423313870527444,11.89358009271238,3.773581321978526,0.0,0.0,2.0057287407311235,0.0,0.0,5.384610446952323,6.0,6.0,-0.7160471861625335
09-03,4.385965059044991,0.0,-8.439312463630852,-37.423313870527444,11.89358009271238,3.773581321978526,0.0,0.0,2.0057287407311235,0.0,0.0,2.7888419724606592,5.0,7.0,-1.7512440956025512
09-04,0.0,0.0,-1.295895060399715,-37.423313870527444,11.89358009271238,4.175361395780998,0.0,0.0,2.0057287407311235,0.0,0.0,2.7888419724606592,4.0,8.0,-1.4879747274368331
09-05,0.0,0.0,-1.295895060399715,-4.294481758089845,0.0,4.175361395780998,0.0,0.0,2.0057287407311235,0.0,0.0,3.9840599606580844,3.0,9.0,0.38123110655672043
09-06,0.0,0.0,-9.707601230295634,-5.2147262819404885,0.0,4.175361395780998,0.0,0.0,-0.7163351088572092,2.309783603397427,0.0,3.0181011038732706,3.0,9.0,-0.511284709836803
09-07,0.0,0.0,-5.88235294117647,-5.2147262819404885,0.0,4.175361395780998,0.0,0.0,-0.7163351088572092,2.309783603397427,0.0,3.0181011038732706,3.0,9.0,-0.19251401907687274
09-08,0.0,0.0,-3.1567050347661065,-5.2147262819404885,0.0,4.175361395780998,0.0,0.0,-0.7163351088572092,2.309783603397427,0.0,1.4314866408069629,3.0,9.0,-0.09759456546486801
09-09,0.0,0.0,0.7891735707706451,4.456820368730625,0.0,2.3206679744479652,0.0,0.0,-0.7163351088572092,4.641908572988275,2.5437177803252893,1.4314866408069629,6.0,6.0,1.2889533166010463
09-10,0.0,0.0,-2.0293157553342596,4.456820368730625,0.0,-0.632915849303355,0.0,0.0,-0.7163351088572092,4.768213568473613,2.5437177803252893,2.8225779316303967,4.0,8.0,0.934396911305425
09-11,0.0,0.0,-4.262671342747022,4.456820368730625,0.0,-0.632915849303355,0.0,0.0,-0.7163351088572092,4.768213568473613,2.5437177803252893,-0.8064508376086847,3.0,9.0,0.4458648815844381
09-12,0.0,0.0,-6.721706123444172,15.104165017449581,0.0,-0.632915849303355,0.0,0.0,-0.7163351088572092,4.768213568473613,2.5437177803252893,-2.0161270940217118,3.0,9.0,1.0274176825518364
09-13,0.0,0.0,2.1372387707535254,15.104165017449581,0.0,-0.632915849303355,-16.081338020968868,0.0,0.0,4.768213568473613,2.5437177803252893,-3.2653029448586492,4.0,8.0,0.3811481934892615
09-14,0.0,0.0,2.6996705908200096,15.104165017449581,0.0,-0.632915849303355,-9.407673523042535,0.0,0.0,4.768213568473613,2.5437177803252893,-3.2653029448586492,4.0,8.0,0.984156219988663
09-15,0.0,0.0,-5.828574044363839,15.104165017449581,0.0,-0.632915849303355,-14.598543575737446,0.0,0.0,4.768213568473613,2.5437177803252893,-6.339467305595953,3.0,9.0,-0.4152837007293426
09-16,0.0,0.0,-5.828574044363839,19.306930167197503,0.0,-0.632915849303355,-14.598543575737446,0.0,0.0,4.768213568473613,2.5437177803252893,-3.2921778398472976,3.0,9.0,0.18888751722870548
09-17,0.0,0.0,2.285712105887297,19.306930167197503,0.0,-1.0548563955535435,-14.598543575737446,0.0,0.0,4.768213568473613,-9.856634377327572,-2.263367359163077,3.0,9.0,-0.11771215551860208
09-18,0.0,0.0,3.389832517555709,19.306930167197503,0.0,-1.0548563955535435,-14.598543575737446,0.0,0.0,4.768213568473613,-9.856634377327572,-2.263367359163077,3.0,9.0,-0.02570212121290083
09-19,0.0,0.0,-0.5882375380571941,19.306930167197503,0.0,-1.0548563955535435,-14.598543575737446,0.0,0.0,2.5165569857020857,-9.856634377327572,-0.6172784392394559,2.0,10.0,-0.40767193108463506
09-20,0.0,0.0,2.857142857142857,11.138615146850483,0.0,0.0,-8.838825486442081,0.0,0.0,0.13245335932715652,-12.724015194527343,-0.6172784392394559,3.0,9.0,-0.670992313074032
09-21,0.0,0.0,-6.61057945803787,11.138615146850483,0.0,0.0,-8.838825486442081,0.0,0.0,0.0,-12.724015194527343,-0.6172784392394559,1.0,11.0,-1.4710069526163556
09-22,0.0,0.0,-5.339812454848033,11.138615146850483,0.0,-5.803565869145879,-8.838825486442081,0.0,0.0,0.0,-12.724015194527343,-4.487180466874558,1.0,11.0,-2.1712320270822842
09-23,0.0,0.0,-2.9126186624346766,11.138615146850483,0.0,-5.803565869145879,-8.838825486442081,0.0,0.0,0.0,-12.724015194527343,-5.982910685442232,1.0,11.0,-2.093610062595144
09-24,0.0,0.0,-7.888356677907833,12.439024446976463,0.0,-5.567929014342498,6.239170445484099,0.0,0.0,0.0,-11.130744371467967,-4.700860579025012,2.0,10.0,-0.8841413125235625
09-25,0.0,0.0,-7.888356677907833,6.341463329535295,0.0,-5.567929014342498,0.5199343138218234,0.0,0.0,0.0,-11.524824658771838,-4.700860579025012,2.0,10.0,-1.9017144405575053
09-26,0.0,0.0,-13.248413392673353,6.341463329535295,0.0,-5.567929014342498,5.025995889283536,0.0,0.0,0.0,-11.524824658771838,-4.487180466874558,2.0,10.0,-1.955074026153618
09-27,0.0,0.0,-13.39285931503802,1.463413272564916,0.0,-5.567929014342498,5.025995889283536,0.0,0.0,0.0,-11.524824658771838,-4.487180466874558,2.0,10.0,-2.373615357764872
09-28,0.0,0.0,-12.75772863296444,1.463413272564916,0.0,-5.567929014342498,5.025995889283536,0.0,0.0,0.0,1.063828797870684,-1.4522757745067023,3.0,9.0,-1.0187246218412087
09-29,0.0,0.0,-14.046393304616595,1.463413272564916,0.0,-5.567929014342498,5.025995889283536,0.0,0.0,0.0,1.063828797870684,-0.8298746976857287,3.0,9.0,-1.0742465880771406
09-30,0.0,0.0,-9.536079243451171,1.463413272564916,0.0,-8.715587751541184,5.025995889283536,0.0,0.0,0.0,1.063828797870684,-0.8298746976857287,3.0,9.0,-0.960691977746579
10-01,0.0,0.0,-12.75772863296444,1.463413272564916,0.0,-8.715587751541184,0.0,0.0,0.0,-4.715674768224724,1.063828797870684,-0.8298746976857287,2.0,10.0,-2.0409686483317064
10-02,0.0,0.0,-10.201510540833624,1.463413272564916,0.0,-8.715587751541184,0.0,0.0,0.0,-4.715674768224724,1.063828797870684,-0.8298746976857287,2.0,10.0,-1.8279504739874717
10-03,0.0,0.0,-16.51131469143494,1.463413272564916,7.52532550519895,-2.7522908689077563,0.0,0.0,0.0,-4.715674768224724,1.063828797870684,2.9045713347868625,4.0,8.0,-0.9185117848455008
10-04,0.0,0.0,-12.432426859463511,1.463413272564916,7.52532550519895,-2.7522908689077563,0.0,0.0,0.0,-1.342287033958847,1.063828797870684,2.9045713347868625,4.0,8.0,-0.29748882099239193
10-05,0.0,0.0,-7.291666084590057,0.0,7.52532550519895,-5.164314046278701,0.0,0.0,0.0,-1.342287033958847,-0.35460959929019126,2.9045713347868625,2.0,10.0,-0.3102483270109987
10-06,0.0,0.0,-11.3513468233141,0.0,4.341316905769311,-5.164314046278701,0.0,0.0,0.0,-1.342287033958847,-0.35460959929019126,-1.079907400903869,1.0,11.0,-1.2459289998313665
10-07,0.0,0.0,-6.081078425213062,0.0,4.341316905769311,-5.399049997156865,0.0,0.0,0.0,-1.342287033958847,-0.35460959929019126,-1.079907400903869,1.0,11.0,-0.8263012958961268
10-08,0.0,0.0,-5.945946642567058,0.0,4.341316905769311,-5.399049997156865,0.0,0.0,0.0,-1.342287033958847,0.0,-1.079907400903869,1.0,11.0,-0.7854895140681107
10-09,0.0,0.0,-2.2164286128154544,0.0,4.341316905769311,1.750555744818048,0.0,0.0,0.0,-1.342287033958847,1.398600116091497,-4.103672840694992,3.0,9.0,-0.014326310065869855
10-10,0.0,0.0,0.7594929374080013,0.0,4.341316905769311,1.750555744818048,0.0,0.0,0.0,-1.342287033958847,1.398600116091497,-4.103672840694992,4.0,8.0,0.23366715245275152
10-11,0.0,0.0,1.7721501872853473,0.0,4.341316905769311,4.595186657742076,0.0,0.0,0.0,-4.137933665308447,1.398600116091497,-4.103672840694992,4.0,8.0,0.32213728007373277
10-12,0.0,0.0,-0.7792262480903175,0.0,4.341316905769311,4.595186657742076,0.0,0.0,0.0,0.5517236117658945,1.398600116091497,-4.103672840694992,4.0,8.0,0.5003273502152891
10-13,0.0,0.0,-4.3363983957469,0.0,4.341316905769311,4.595186657742076,0.0,0.0,0.0,0.5517236117658945,1.398600116091497,-4.103672840694992,4.0,8.0,0.2038963379105739
10-14,0.0,0.0,1.3140591705401998,0.0,4.341316905769311,5.422993335347566,0.0,0.0,0.0,0.5517236117658945,1.913045800250494,-4.103672840694992,5.0,7.0,0.786622165248206
10-15,0.0,0.0,2.7595273910986116,0.0,1.0835939821674576,5.422993335347566,0.0,0.0,0.0,0.5517236117658945,1.913045800250494,-4.103672840694992,5.0,7.0,0.6356009399945859
10-16,0.0,0.0,3.896100276999046,0.0,-6.965941278759134,7.592188600778769,0.0,0.0,0.0,0.5517236117658945,1.913045800250494,-4.103672840694992,4.0,8.0,0.2402870141950065
10-17,0.0,0.0,1.8567621643752437,0.0,-3.405569487500431,7.592188600778769,0.0,0.0,0.0,-2.758618058829484,1.913045800250494,0.0,3.0,9.0,0.43315075158954935
10-18,0.0,0.0,-9.09090724365768,0.0,-3.405569487500431,7.592188600778769,0.0,0.0,0.0,-2.758618058829484,1.913045800250494,0.0,2.0,10.0,-0.47915503241319435
10-19,0.0,0.0,-4.372354529024788,0.0,-3.405569487500431,7.592188600778769,0.0,0.0,0.0,-2.758618058829484,1.913045800250494,0.0,2.0,10.0,-0.08594230619378668
10-20,0.0,0.0,-6.675939016042884,0.0,-3.405569487500431,7.592188600778769,0.0,0.0,0.0,-2.758618058829484,1.913045800250494,0.0,2.0,10.0,-0.2779076801119613
10-21,0.0,0.0,-9.874826599395723,0.0,-3.405569487500431,7.592188600778769,0.0,0.0,0.0,-2.758618058829484,1.913045800250494,0.0,2.0,10.0,-0.5444816453913646
10-22,0.0,0.0,-9.874826599395723,0.0,-3.405569487500431,0.8676781061724774,0.0,0.0,0.0,0.4010723226183188,0.5217427792756454,-3.3482164001966526,3.0,9.0,-1.2365099399188637
10-23,0.0,0.0,-8.367628761404694,0.0,-3.405569487500431,0.8676781061724774,0.0,0.0,0.0,0.4010723226183188,1.8867947676486185,-3.3482164001966526,3.0,9.0,-0.9971557877218636
10-24,0.0,0.0,-8.66575125300935,0.0,-3.405569487500431,0.8676781061724774,0.0,0.0,0.0,3.0748665573128617,1.8867947676486185,-3.3482164001966526,3.0,9.0,-0.7991831424643729
10-25,0.0,0.0,-8.450702995658995,0.0,-3.405569487500431,0.0,0.0,0.0,0.0,3.0748665573128617,1.3722114022807703,-3.3482164001966526,2.0,10.0,-0.8964509103135372
10-26,0.0,0.0,-5.694449098757853,0.0,0.0,0.0,0.0,0.0,0.0,3.0748665573128617,1.3722114022807703,-3.3482164001966526,2.0,10.0,-0.3829656282800728
10-27,0.0,0.0,-9.999997275216252,0.0,0.0,0.0,0.0,0.0,0.0,3.0748665573128617,1.3722114022807703,-3.3482164001966526,2.0,10.0,-0.741761309651606
10-28,0.0,0.0,-7.714285169328962,-0.7370941451077506,0.0,0.0,0.0,0.0,0.0,3.0748665573128617,1.3722114022807703,-3.3482164001966526,2.0,10.0,-0.6127098129199777
10-29,0.0,0.0,-0.5714280264718192,-0.7370941451077506,0.0,0.0,0.0,0.0,0.0,3.0748665573128617,1.3722114022807703,-3.3482164001966526,2.0,10.0,-0.01747171768188253
10-30,0.0,0.0,1.1235944521335182,-0.7370941451077506,0.0,0.0,0.0,0.0,0.0,3.0748665573128617,1.3722114022807703,-3.3482164001966526,3.0,9.0,0.12378015553522892
10-31,0.0,0.0,5.503353797435229,-0.7370941451077506,-7.1310085137176085,0.0,0.0,0.0,0.0,3.0748665573128617,-1.9503570233760807,-3.3482164001966526,2.0,10.0,-0.3823713106375002
11-01,0.0,0.0,0.14084157998581628,-0.7370941451077506,-7.1310085137176085,0.0,0.0,0.0,0.0,3.0748665573128617,-1.9503570233760807,-3.3482164001966526,2.0,10.0,-0.8292473287582846
11-02,0.0,0.0,2.309783603397427,-0.7370941451077506,-7.1310085137176085,0.0,0.0,0.0,-10.618067866397029,0.0,-1.9503570233760807,-3.3482164001966526,1.0,11.0,-1.7895800287831412
11-03,0.0,0.0,-1.2500021523899947,-0.7370941451077506,-7.1310085137176085,0.0,0.0,0.0,-10.618067866397029,0.0,-1.9503570233760807,-3.3482164001966526,0.0,12.0,-2.086228841765426
11-04,0.0,0.0,-0.9722246321631581,-0.7370941451077506,-7.1310085137176085,0.0,0.0,0.0,-10.618067866397029,0.0,-1.9503570233760807,0.0,0.0,12.0,-1.7840626817301357
11-05,-1.2208640319090065,0.0,1.3888876011342082,-0.7370941451077506,-7.1310085137176085,12.022894372556909,0.0,0.0,-10.618067866397029,0.0,-3.368795420536972,0.0,2.0,10.0,-0.8053373336647708
11-06,-1.2208640319090065,0.0,1.3888876011342082,-0.7370941451077506,-7.1310085137176085,12.022894372556909,0.0,0.0,-10.618067866397029,0.0,-3.368795420536972,0.0,2.0,10.0,-0.8053373336647708
11-07,-1.2208640319090065,0.0,2.068966832654242,-0.7370941451077506,-7.1310085137176085,12.022894372556909,0.0,0.0,-10.618067866397029,0.0,-3.368795420536972,0.0,2.0,10.0,-0.7486640643714346
11-08,-1.2208640319090065,0.0,4.127835022221488,0.0,-7.1310085137176085,12.022894372556909,0.0,0.0,-10.618067866397029,0.0,-3.368795420536972,0.0,2.0,10.0,-0.5156672031485182
11-09,-1.2208640319090065,0.0,6.790948246852049,0.0,-7.1310085137176085,12.022894372556909,0.0,0.0,-10.618067866397029,0.0,-3.368795420536972,0.0,2.0,10.0,-0.29374110109597146
11-10,-1.2208640319090065,0.0,3.5230382771007944,0.0,-7.1310085137176085,12.022894372556909,0.0,0.0,-10.618067866397029,0.0,-3.368795420536972,0.0,2.0,10.0,-0.566066931908576
11-11,-1.2208640319090065,-5.435682345256832,-0.9485053352132985,0.0,-8.937609193099048,12.022894372556909,0.0,0.0,-10.618067866397029,0.0,-3.368795420536972,0.0,1.0,11.0,-1.5422191516546064
11-12,-1.2208640319090065,-5.435682345256832,3.794040724477174,0.0,-8.937609193099048,12.022894372556909,0.0,0.0,-10.618067866397029,0.0,-4.856114814841813,0.0,2.0,10.0,-1.2709502628724705
11-13,-1.2208640319090065,-5.435682345256832,4.183535076425223,0.0,-1.686347122504792,12.022894372556909,0.0,0.0,-10.618067866397029,0.0,-1.4388475634778912,0.0,2.0,10.0,-0.34944829004695155
11-14,-1.2208640319090065,-5.435682345256832,9.438778489195037,11.90475600696141,-1.686347122504792,12.022894372556909,0.0,0.0,-10.618067866397029,2.73081972151346,-1.4388475634778912,0.0,4.0,8.0,1.3081199717234389
11-15,-1.2208640319090065,-5.435682345256832,-3.225806667347022,11.90475600696141,-1.686347122504792,12.022894372556909,0.0,0.0,0.0,0.0,-1.4388475634778912,0.0,2.0,10.0,0.9100085540852313
11-16,-1.2208640319090065,-5.435682345256832,-4.196815749013918,11.90475600696141,-1.686347122504792,12.022894372556909,0.0,0.0,0.0,0.0,-1.4388475634778912,0.0,2.0,10.0,0.8290911306129899
11-17,-1.2208640319090065,-4.182043801922254,2.702706534118825,11.90475600696141,-1.686347122504792,12.022894372556909,0.0,0.0,0.0,0.0,-1.4388475634778912,0.0,3.0,9.0,1.5085211994852665
11-18,9.628885424244103,-4.182043801922254,2.0270282896528067,11.135365950661305,-1.686347122504792,0.0,0.0,0.0,0.0,0.0,-1.4388475634778912,0.0,3.0,9.0,1.2903367647211064
11-19,9.628885424244103,-4.182043801922254,-1.4864882715780772,11.135365950661305,-1.686347122504792,0.0,0.0,0.0,0.0,1.7082800546664543,-1.4388475634778912,0.0,3.0,8.0,1.1399003891740707
11-20,9.628885424244103,-4.182043801922254,-0.6702438402035596,11.135365950661305,-1.686347122504792,0.0,0.0,0.0,0.0,1.7082800546664543,0.1769951984608878,0.0,4.0,7.0,1.3425743219501787
11-21,9.628885424244103,-4.182043801922254,-4.596105967032766,11.135365950661305,-6.725665628793317,0.0,0.0,0.0,0.0,1.7082800546664543,1.0526306103030625,0.0,4.0,7.0,0.668445553510549
11-22,9.628885424244103,-4.182043801922254,2.8947341177931984,11.135365950661305,-4.955747402566735,0.0,0.0,0.0,4.248864997345933,1.7082800546664543,1.0526306103030625,0.0,6.0,5.0,1.7942474958770889
11-23,9.628885424244103,1.189007853365473,-4.366196435823527,11.135365950661305,-4.955747402566735,0.0,0.0,0.0,4.248864997345933,1.7082800546664543,2.4561380907071615,0.0,6.0,5.0,1.7537165443833471
11-24,6.1458349227905416,1.189007853365473,-12.000002179827021,11.135365950661305,-5.704094246139596,0.0,0.0,0.0,4.248864997345933,1.7082800546664543,2.4561380907071615,0.0,6.0,5.0,0.7649496202975209
11-25,6.1458349227905416,1.189007853365473,-12.000002179827021,11.135365950661305,-5.704094246139596,-4.799995422363281,0.0,0.0,4.248864997345933,1.7082800546664543,2.112674105382511,0.0,6.0,5.0,0.3363280029901931
11-26,6.1458349227905416,1.189007853365473,-1.8571444920131137,11.135365950661305,-5.704094246139596,-4.799995422363281,0.0,0.0,3.5168198840221203,1.7082800546664543,5.442179684239737,0.0,6.0,5.0,1.3980211824358033
11-27,6.1458349227905416,1.189007853365473,1.3831245417532267,-0.8733616270600302,-5.704094246139596,-4.799995422363281,0.0,0.0,3.5168198840221203,-1.0512473364321808,5.442179684239737,0.0,5.0,6.0,0.4373556878480007
11-28,6.1458349227905416,1.189007853365473,-2.5899325196501377,-0.8733616270600302,-5.704094246139596,-4.799995422363281,0.0,0.0,3.3690698309375002,1.7082800546664543,5.442179684239737,0.0,5.0,6.0,0.3239157108988883
11-29,6.1458349227905416,75.29725196334137,0.8608313426920795,0.0,-5.704094246139596,-4.799995422363281,0.0,0.0,3.3690698309375002,1.7082800546664543,5.442179684239737,0.0,6.0,5.0,6.859946510847068
11-30,6.1458349227905416,75.0,-7.71470478365545,0.0,-5.704094246139596,-4.799995422363281,0.0,0.0,3.3690698309375002,0.0,5.442179684239737,0.0,4.0,7.0,5.978190832150787
12-01,-3.854163487752279,-1.6249974568685044,-8.588066410715468,0.0,-3.130431797193429,-4.799995422363281,0.0,0.0,3.3690698309375002,0.0,5.442179684239737,0.0,2.0,9.0,-1.0988670883096436
12-02,-3.854163487752279,-1.6249974568685044,-4.512371876907423,0.0,-3.130431797193429,-4.799995422363281,0.0,0.0,3.3690698309375002,0.0,5.442179684239737,0.0,2.0,9.0,-0.7592258771589732
12-03,-3.854163487752279,-1.6249974568685044,-10.62591020718886,0.0,-5.14184341698807,-4.799995422363281,0.0,0.0,3.3690698309375002,0.0,3.91156487409957,0.0,2.0,9.0,-1.56385627384366
12-04,-3.854163487752279,-1.6249974568685044,-5.997208141744985,16.270564910833627,-0.17730902692498274,-4.799995422363281,0.0,0.0,3.3690698309375002,0.0,3.06122962028029,0.0,3.0,8.0,0.5205992355331155
12-05,0.0,-1.6249974568685044,-1.604276540816707,16.270564910833627,0.5319101716554943,-4.799995422363281,0.0,0.0,-0.9188352350956946,0.0,3.06122962028029,0.0,3.0,8.0,0.9096333373021018
12-06,0.0,-1.6249974568685044,4.697985417359277,12.927761893279136,0.5319101716554943,0.0,0.0,0.0,-0.9188352350956946,-2.9769996076255762,3.4013653437030964,0.0,4.0,7.0,1.3365158772006023
12-07,0.0,-1.6249974568685044,-0.14306479555486792,12.927761893279136,0.5319101716554943,0.0,0.0,0.0,-0.15313555472261187,-2.9769996076255762,0.0,0.0,2.0,9.0,0.7134562208469227
12-08,0.0,-1.6249974568685044,-0.8368192767238295,12.927761893279136,-2.0000024275346076,0.0,0.0,0.0,-0.15313555472261187,-2.9769996076255762,-0.8576362159380408,0.0,1.0,10.0,0.3731809461554972
12-09,0.0,-1.6249974568685044,3.068343998435802,12.927761893279136,-2.0000024275346076,-1.010104902252232,0.0,0.0,0.0,-2.9769996076255762,-0.8576362159380408,0.0,2.0,9.0,0.6271971067913314
12-10,0.0,-306.499989827474,2.7894042395278715,12.927761893279136,-2.0000024275346076,-1.010104902252232,0.0,0.0,0.0,-2.9769996076255762,-0.8576362159380408,0.0,2.0,9.0,-24.802297237334788
12-11,0.0,-306.499989827474,2.7894042395278715,17.477481688165007,0.17793153466735062,-1.010104902252232,0.0,0.0,0.0,-2.9769996076255762,-0.8576362159380408,0.0,3.0,8.0,-24.241659424244133
12-12,0.0,-306.499989827474,4.520553313985491,17.477481688165007,-2.3131693432051637,-1.010104902252232,0.0,0.0,0.0,-2.9769996076255762,-0.34129659506543425,0.0,2.0,9.0,-24.261960439455994
12-13,0.0,-306.499989827474,8.400001525878906,17.477481688165007,-2.3131693432051637,-1.010104902252232,0.0,0.0,0.0,-2.9769996076255762,-0.34129659506543425,0.0,2.0,9.0,-23.938673088464878
12-14,0.0,0.0,6.657611943837642,17.477481688165007,-0.35587155398180126,-1.010104902252232,0.0,0.0,0.0,-2.9769996076255762,-0.34129659506543425,0.0,2.0,9.0,1.6209017477564673
12-15,0.0,0.0,0.4166629689710255,1.4414486088985201,-0.35587155398180126,-0.20040539760576132,1.5358387463707133,0.0,0.0,-2.9769996076255762,-0.34129659506543425,0.0,3.0,8.0,-0.04005190250319284
12-16,0.0,0.0,-3.888891905914185,2.4955497324569462,-0.35587155398180126,-5.04201175583855,1.5358387463707133,0.0,0.0,-2.9769996076255762,-0.34129659506543425,0.0,2.0,9.0,-0.714473578299824
12-17,0.0,0.0,-3.472222314204701,2.4955497324569462,-0.35587155398180126,-5.04201175583855,1.5358387463707133,0.0,0.0,-2.9769996076255762,-0.34129659506543425,0.0,2.0,9.0,-0.6797511123240336
12-18,0.0,0.0,-3.472222314204701,2.4955497324569462,-0.35587155398180126,-5.04201175583855,1.5358387463707133,0.0,0.0,-2.9769996076255762,-0.34129659506543425,0.0,2.0,9.0,-0.6797511123240336
12-19,0.0,0.0,3.870970203030483,6.238857331600612,2.135229323890713,-5.04201175583855,1.5358387463707133,0.0,0.0,0.0,0.511948961174456,0.0,5.0,6.0,0.7709027341857021
12-20,0.0,0.0,10.955415846653532,6.238857331600612,2.135229323890713,-3.991587631245414,1.5358387463707133,0.0,0.0,0.0,0.511948961174456,0.0,5.0,6.0,1.4488085482037176
12-21,0.0,0.0,9.583855844848118,1.0695176711511585,0.0,-6.451606618171474,1.5358387463707133,0.0,0.0,0.0,0.511948961174456,0.0,4.0,7.0,0.5207962171144144
12-22,0.0,0.0,5.806449151808227,1.0695176711511585,0.0,-3.773581321978544,1.5358387463707133,0.0,0.0,0.0,0.511948961174456,0.0,4.0,7.0,0.4291811007105009
12-23,0.0,0.0,3.225806451612903,-5.916038800714455,0.0,-3.773581321978544,1.5358387463707133,0.0,0.0,1.0709494772823993,0.511948961174456,0.0,4.0,7.0,-0.2787563738543773
12-24,0.0,0.0,5.032256341749633,-5.916038800714455,0.0,-3.773581321978544,1.5358387463707133,0.0,0.0,7.160806142333484,0.0,0.0,3.0,8.0,0.33660675898006925
12-26,0.0,0.0,7.884851760334845,-5.916038800714455,0.0,-4.612154949084887,0.0,0.0,0.0,7.160806142333484,0.0,0.0,2.0,9.0,0.37645534607241554
12-27,0.0,0.0,8.114857388189737,-7.061075926674801,0.0,0.2096384084835029,0.0,0.0,0.0,9.325150768310458,0.0,0.0,3.0,8.0,0.8823808865257415
12-28,0.0,0.0,7.92839320698531,-7.061075926674801,0.0,0.2096384084835029,0.0,0.0,0.0,9.325150768310458,0.0,0.0,3.0,8.0,0.8668422047587058
12-29,0.0,0.0,4.2027212135357885,-7.061075926674801,0.0,0.2096384084835029,0.0,0.0,0.0,9.325150768310458,0.0,0.0,3.0,8.0,0.5563695386379124
12-30,0.0,0.0,2.9666284725414784,-7.061075926674801,0.0,0.2096384084835029,0.0,0.0,0.0,9.325150768310458,0.0,0.0,3.0,8.0,0.4533618102217199
12-31,0.0,0.0,1.9777542797460221,-7.061075926674801,0.0,2.5157208813190297,0.0,0.0,0.0,9.325150768310458,0.0,0.0,3.0,8.0,0.5631291668917258
