,2009,2010,2011,2012,2013,2014,2015,2016,2017,2018,2019,2020,ups,downs,end_day_sum,avg
01-02,0.0,0.18220233917236328,0.11461067199706942,0.1792621612548828,-0.07720088958740234,-0.19643115997314453,0.022184371948242188,-0.9428300857543945,0.7359333038330078,0.8021812438964808,1.2376747131347656,-0.3255844116210902,7.0,4.0,01-17,0.14433352152506504
01-03,0.0,0.18220233917236328,0.047019004821776456,0.16456890106201172,0.03266286849975586,-0.2731647491455078,0.05387496948242365,-0.9428300857543945,0.7897024154663086,0.7606868743896449,1.7767200469970703,-0.33545112609862926,8.0,3.0,01-18,0.1879992882410686
01-04,0.0,0.18514108657836914,0.08228540420532138,0.1586918830871582,0.026723384857175958,-0.1043558120727539,0.05387496948242365,-0.8938961029052752,0.5981540679931641,0.6534957885742188,1.3192424774169922,-0.1578598022460902,8.0,3.0,01-19,0.16012477874755868
01-05,0.0,0.1586928367614755,0.052898406982421875,0.07053041458129972,0.03266286849975586,-0.1043558120727539,-0.14262676239013494,-0.995025634765625,0.5242252349853498,0.6292896270751953,1.443365097045902,-0.1578598022460902,7.0,4.0,01-20,0.12598303953806633
01-06,0.0,0.15281581878662198,0.09697866439819425,0.05289888381957919,0.03266286849975586,-0.18108749389648438,-0.050713539123535156,-0.6851034164428729,0.41669273376464844,0.5013580322265625,1.443365097045902,0.03946495056152344,8.0,3.0,01-21,0.15161104996999128
01-07,0.0,0.2733054161071786,0.11167240142822266,0.029387950897216797,0.1009545326232919,-0.14425277709960938,-0.1489610671997088,-0.42411231994628906,0.22850894927978516,0.5532283782958984,1.677419662475586,-0.19732284545898438,7.0,4.0,01-22,0.17165235678354898
01-08,0.0,0.1293053627014169,0.06759166717529208,0.05877590179443448,0.11580133438110352,-0.1688070297241211,-0.2757320404052752,-0.21205711364746094,0.02688312530517578,0.8471279144287109,1.7625312805175781,-0.23678970336913707,7.0,4.0,01-23,0.1762192249298098
01-09,0.0,0.0793466567993173,0.07934713363647283,0.10579490661621094,0.13658666610717773,-0.09821701049804688,-0.256716728210451,-0.505671501159668,0.0705718994140625,0.8989944458007848,1.0639038085937464,0.14799118041991832,8.0,3.0,01-24,0.1434942881266271
01-10,0.0,-0.055837154388427734,0.0587754249572745,-0.06759023666381836,0.07719945907592685,-0.10742664337158203,-0.1172666549682635,-0.5154571533203125,-0.07392787933349432,0.8056392669677734,0.9539623260498047,0.651168823242184,5.0,6.0,01-25,0.13410329818725542
01-11,0.0,-0.09991836547851562,0.05289793014526456,-0.15575408935546875,0.0801706314086914,-0.003070831298828125,0.11092567443847656,-0.30666542053222656,0.09073162078857422,0.535943984985348,0.7624626159667969,0.18745613098144176,7.0,4.0,01-26,0.10459832350412952
01-12,0.0,-0.020570278167725498,0.049958229064941406,-0.09110069274902433,0.17815494537353516,-0.05831432342529297,0.19015884399414062,-0.5219831466674822,0.05713081359863281,0.44604301452637074,0.6241550445556641,0.47357749938964844,7.0,4.0,01-27,0.11060082912445068
01-13,0.0,-0.026447772979736328,0.12636661529540927,-0.07640743255615323,0.2108173370361337,-0.30078887939453125,0.07923507690429865,-0.14028263092041016,0.0033617019653320312,0.41146659851074574,0.7872867584228516,0.11839485168457031,7.0,4.0,01-28,0.09941685199737586
01-14,0.0,-0.13518142700195312,0.079345703125,-0.07053041458129972,0.22863149642944336,-0.6138553619384766,0.0,-0.49588108062743963,-0.08400917053222656,0.44949722290039773,0.7411842346191406,-0.24665451049805043,4.0,7.0,01-29,-0.012287775675455359
01-15,0.0,-0.12048768997192472,0.14399909973144442,-0.08228540420532315,0.30286359786987305,-0.40207576751708984,0.05388164520263494,-0.33928871154785156,-0.1344127655029297,0.6085491180419957,0.5354976654052734,-0.06906318664551137,5.0,6.0,01-30,0.041431466738382605
01-16,0.0,-0.11167144775390625,0.1586923599243164,-0.20277428627014293,0.14846277236938565,-0.4051446914672834,0.05388164520263494,-0.29035091400146484,-0.1377754211425799,0.4979057312011754,0.37236595153808594,-0.34531593322753906,5.0,6.0,01-31,-0.0218103528022765
01-17,0.0,-0.17632532119751065,0.14399909973144442,-0.008817195892334873,0.053447246551512784,-0.35296821594238104,0.1204366683959961,-0.5121946334838867,-0.16802120208740234,0.3596038818359375,0.2517929077148473,-0.09866142272949219,5.0,6.0,02-01,-0.03230901559193914
01-18,0.0,-0.19101905822753906,0.19689702987670987,0.22628450393676847,0.017815589904784268,-0.3437604904174787,0.16480731964111506,-0.04241180419921875,-0.10081195831299006,0.35959625244140625,0.02837181091308949,-0.00986480712890625,6.0,5.0,02-02,0.025492032368978384
01-19,0.0,-0.03526496887207031,0.1586928367614746,0.4878330230712882,-0.011877536773682529,-0.27930545806884766,0.10775852203369318,0.22836875915527344,-0.06721019744873047,0.06569671630859375,0.15249061584473012,-0.3453159332275426,6.0,5.0,02-03,0.03848886489868164
01-20,0.0,-0.17044830322265625,0.15575313568115412,0.4408140182495117,0.0504765510559082,-0.28851318359375,0.19966983795166016,0.309928894042967,-0.11089897155761719,0.031118392944332385,0.1560382843017578,-0.8879566192626953,7.0,4.0,02-04,-0.009501496950785615
01-21,0.0,-0.06759214401245028,0.17632484436035245,0.4937105178833008,0.15736961364746183,-0.29771995544433594,0.2884111404418963,0.24141597747802734,-0.02352523803711115,0.05186271667479758,0.21632575988769887,-1.1346111297607422,7.0,4.0,02-05,0.008497675259907966
01-22,0.0,-0.023510932922362393,0.14987611770629883,0.5848126411437988,0.008906364440917969,-0.3591032028198242,-0.06338691711425959,0.032624244689941406,-0.050407409667970526,-0.3941764831543004,0.4681167602539098,-0.7892932891845668,5.0,6.0,02-06,-0.03629517555236809
01-23,0.0,-0.07347059249877841,0.18514108657836825,0.605384349822998,0.23160266876220703,-0.36217689514160156,-0.14262008666992365,0.19248199462890625,0.02352237701415838,-1.1375732421875,0.6418876647949219,-1.0162181854248047,6.0,5.0,02-07,-0.07100323836008737
01-24,0.0,-0.1586947441101083,0.14399957656860174,0.8522415161132812,0.24644899368285955,-0.11970233917236328,-0.16480636596679865,0.2675180435180664,-0.11425590515136719,-1.2171001434326172,0.37946128845214844,-0.6610355377197266,5.0,6.0,02-08,-0.045493801434835314
01-25,0.0,-0.0881638526916495,0.06759262084961026,0.7640771865844727,0.2286348342895499,0.0,-0.03486156463623047,-0.026096343994140625,-0.15121936798095525,-1.3346633911132884,0.4255638122558594,-0.562372207641598,4.0,7.0,02-09,-0.0592923561731975
01-26,0.0,-0.07640838623046875,0.05583715438842862,0.6817913055419922,0.15143346786498935,0.1626739501953125,0.015848159790037286,-0.4697837829589844,-0.14114093780517756,-1.4937152862548864,0.45038604736328125,-0.35518074035644176,6.0,5.0,02-10,-0.0848549207051598
01-27,0.0,0.06171274185180664,0.05877542495727539,0.802280187606812,0.08017206192016602,0.2731666564941406,-0.015844345092773438,-0.1663818359375,-0.13777828216552734,-1.383071899414066,0.17731475830078125,0.02960014343262074,7.0,4.0,02-11,-0.018337865670522018
01-28,0.0,0.13224411010742188,0.07346868515014737,0.6083230972290039,0.11283349990844727,0.15039539337158203,0.1901597976684588,0.1859579086303711,-0.1075325012207049,-2.0089073181152344,0.4042797088623047,-0.18745803833007812,8.0,3.0,02-12,-0.03718630472819003
01-29,0.0,0.14693784713745028,0.020570755004881924,0.6171393394470215,0.10095453262329102,0.30078792572021484,0.19649791717529475,-0.2838249206542969,0.06721115112304688,-1.8325672149658168,0.531951904296875,-0.13812637329101562,8.0,3.0,02-13,-0.022705594698587756
01-30,0.0,-0.008816242218018466,0.026448726654051846,0.6582827568054199,0.09798669815063565,0.15039443969726562,0.2535467147827166,-0.5546054840087891,0.18146228790283203,-1.414188385009762,0.6950855255126989,0.7892971038818395,8.0,3.0,02-14,0.07290784517924087
01-31,0.0,-0.008816242218018466,0.073469638824462,0.4731407165527335,0.041570186614989346,0.15960216522216797,0.16163539886474965,-0.5546054840087891,0.265472412109375,-1.479879379272461,0.65252685546875,1.3319377899169922,8.0,3.0,02-15,0.09300450483957927
02-01,0.0,0.023509979248046875,0.055837154388427734,0.1822042465209961,-0.06532287597656428,0.1688089370727539,0.16163539886474965,-0.6687889099121094,0.46037864685058594,-1.3657798767089808,0.592239379882809,1.578592300415039,8.0,3.0,02-16,0.09360953172047948
02-02,0.0,0.12048768997192205,0.07347059249877841,0.12048912048339844,0.08314037322997958,0.1688089370727539,0.40250778198242365,-0.4534711837768537,0.5813579559326172,-0.9197406768798828,0.340448379516598,1.578592300415039,9.0,2.0,02-17,0.17467427253723114
02-03,0.0,-0.0940389633178711,0.026450157165527344,0.09991741180419922,0.08314037322997958,0.21791839599609375,0.2693939208984357,-0.20226669311523615,0.5074281692504883,-0.13485336303710938,0.340448379516598,1.6180553436279297,8.0,3.0,02-18,0.22763276100158625
02-04,0.0,-0.1998355388641344,0.06759166717529386,-0.09404134750366211,0.10095596313476474,0.21791839599609375,0.3803224563598633,0.03262424468993963,0.48726558685302734,-0.13485336303710938,0.4574756622314453,1.2036743164062464,8.0,3.0,02-19,0.20992483695348071
02-05,0.0,-0.2703664302825932,0.07934665679931552,-0.09404134750366211,-0.07720041275024414,0.1841592788696289,0.6687335968017578,0.32623863220214666,0.48726558685302734,0.15905189514160156,0.4432964324951172,0.8386268615722621,8.0,3.0,02-20,0.22875922918319647
02-06,0.0,-0.28212189674377397,0.07934665679931552,-0.15869379043579102,0.10392236709594815,0.2946500778198242,0.6180238723754901,0.597017288208006,0.4234142303466797,0.33884620666503906,0.30853080749511363,1.7068500518798828,9.0,2.0,02-21,0.3358154892921445
02-07,0.0,-0.044081687927246094,0.10873317718505682,-0.12048864364623935,0.1098623275756836,0.1841573715209961,0.7511358261108398,0.3164501190185547,0.4234132766723615,-0.11064147949218395,-1.9433956146240234,1.3220691680908203,7.0,4.0,02-22,0.08310115337371833
02-08,0.0,-0.02644968032836914,0.11167192459106356,-0.0058765411376953125,0.07720088958740234,0.1841573715209961,0.7162694931030256,0.5676555633544904,0.5343112945556658,0.6292953491210938,-2.170360565185547,1.4305992126464844,8.0,3.0,02-23,0.1707061926523842
02-09,0.0,-0.09110164642333896,0.03232717514038086,-0.0793452262878418,0.1247100830078125,0.20256996154785156,0.7828264236450195,0.8416929244995117,-0.2755575180053711,0.45295524597167613,-2.287393569946289,1.2727413177490234,7.0,4.0,02-24,0.08136876424153623
02-10,0.0,-0.1381216049194327,-0.14105987548828214,-0.12048864364624023,-0.05641603469848633,0.28237152099609375,0.7099332809448242,0.6068019866943359,-0.38980865478515625,0.17979621887206676,-1.7979965209960973,0.44397926330566406,5.0,6.0,02-25,-0.03508408864339252
02-11,0.0,-0.273303747177124,-0.1880807876586923,-0.1087346076965332,-0.06829309463500977,0.3192071914672834,0.6307001113891584,0.8286447525024414,-0.5175056457519513,0.19708251953124645,-2.1703624725341832,-0.2170581817626953,4.0,7.0,02-26,-0.13064199686050496
02-12,0.0,-0.35852694511413485,-0.18514204025268644,-0.13812255859375,-0.15143394470214844,0.5156345367431641,0.4025058746337873,0.7275104522705078,-0.618316650390625,0.3872566223144496,-2.574647903442383,-1.7660503387451172,4.0,7.0,02-27,-0.31327774127324465
02-13,0.0,-0.11167263984680265,-0.2086524963378915,-0.1675105094909668,-0.1157999038696289,0.5463266372680646,0.4120140075683594,0.5546045303344744,-0.6149578094482386,0.5912570953369141,-2.4647083282470668,-1.8745765686035156,4.0,7.0,02-28,-0.2878063321113582
02-14,0.0,0.04995870590209783,-0.1880807876586914,-0.1675105094909668,-0.08610868453979492,0.5770206451415998,0.42469120025634766,0.7144613265991211,-0.5141429901123047,0.4633293151855469,-2.8157958984375036,-1.9337730407714808,5.0,6.0,02-29,-0.2896625598271691
02-15,0.0,-0.15575575828552335,-0.33208084106445224,-0.07640695571899414,-0.05344724655151456,0.6690969467163068,0.30425453186035334,0.825383186340332,-0.6317653656005877,0.8920783996581996,-2.9328289031982457,-1.6279220581054652,4.0,7.0,03-01,-0.2599495053291326
02-16,0.0,-0.13812232017517134,-0.27330541610717685,-0.047020912170410156,-0.2820787429809579,0.8563241958618164,0.2757310867309588,0.7731847763061541,-0.49062442779541016,0.7122840881347621,-2.6987686157226562,-2.6244087219238246,4.0,7.0,03-02,-0.328067084153493
02-17,0.0,0.1998355388641344,-0.28799867630004705,-0.017632961273194248,-0.28801536560058505,0.9391927719116211,0.5451250076293981,0.7340335845947283,-0.4805431365966797,1.2413043975830043,-2.3760509490966726,-2.8710632324218714,5.0,6.0,03-03,-0.22181775172551366
02-18,0.0,0.029387950897216797,-0.28799867630004705,-0.038204193115234375,-0.195970058441163,0.862462043762207,0.006335258483884942,0.939567565917967,-0.5511159896850586,1.2862529754638672,-2.1739082336425746,-1.9239101409912074,5.0,6.0,03-04,-0.17059179147084516
02-19,0.0,0.011755943298339844,-0.2262854576110831,-0.04995918273925781,-0.47805118560791016,0.7949390411376953,-0.03169536590575994,0.6883621215820312,-0.5107889175415039,1.2516765594482422,-2.2980327606201136,-3.4235687255859375,4.0,7.0,03-05,-0.3559706608454381
02-20,0.0,0.044081687927245206,-0.21159124374389648,-0.01763153076171875,-0.44835948944091797,0.9115734100341797,-0.0982522964477539,0.4175872802734357,-0.3965330123901385,1.517919540405277,0.47521018981933594,-2.4764156341552734,5.0,6.0,03-06,-0.02353425820668546
02-21,0.0,-0.011755466461183417,-0.10579586029052823,-0.032326698303222656,-0.38303327560424716,0.8317718505859375,-0.08874320983886719,0.5154581069946289,-0.5712766647338885,1.7495841979980469,0.1347579956054723,-1.647653579711914,4.0,7.0,03-07,0.03258228302001953
02-22,0.0,0.04701995849609375,-0.12048959732055664,-0.10579490661621005,-0.3711562156677237,0.7243442535400391,0.022184371948242188,0.5774440765380859,-0.02688312530517578,1.8533134460449183,0.5071239471435582,-0.9570198059082031,6.0,5.0,03-08,0.1791738669077557
02-23,0.0,0.08816242218017667,0.13224411010742188,-0.10285615921020508,-0.25832366943359286,0.7488994598388672,0.012678146362304688,0.6296415328979492,0.16129684448242365,1.6631393432617152,0.6347942352294886,-2.2889575958251953,8.0,3.0,03-09,0.11839322249094615
02-24,0.0,0.18514132499694913,0.14693784713745117,-0.07346820831298828,-0.48695850372314453,0.6046419143676758,0.028524398803710938,0.4110603332519549,0.1579380035400373,1.4729671478271449,0.6064243316650355,-2.9105262756347656,8.0,3.0,03-10,0.01189019282658843
02-25,0.0,0.029386997222902167,0.12636613845825106,-0.07346820831298828,-0.29395484924316406,0.5432615280151367,-0.1648054122924787,0.5382947921752947,0.030241012573242188,1.296630859375,0.4184684753417933,-3.6307621002197266,7.0,4.0,03-11,-0.09836173057556145
02-26,0.0,0.23510146141052335,0.24391698837280096,0.06465291976928711,-0.42163515090942294,0.35296440124512074,0.1711444854736328,0.4273729324340838,-0.010079383850097656,1.6147327423095739,0.23760223388671875,-1.8647117614746094,8.0,3.0,03-12,0.08758848905563428
02-27,0.0,0.21746802330017134,0.22334527969360174,0.049958229064942294,-0.44242000579833896,0.05831432342529297,0.19966793060302734,0.4795713424682617,0.0201606750488299,1.4280147552490234,0.5603237152099645,-1.1444778442382812,9.0,2.0,03-13,0.13749386866887459
02-28,0.0,0.14693713188171253,0.2468552589416495,-0.049959659576416016,-0.42460393905639826,-0.02455425262451172,-0.06972599029541193,0.42737293243408203,0.04368591308594105,0.6327533721923864,0.7021770477294886,-0.8978233337402344,6.0,5.0,03-14,0.06109287341435732
02-29,0.0,0.0,0.0,0.052896976470947266,0.0,0.0,0.0,0.7014122009277344,0.0,0.0,0.0,-1.8449764251708984,2.0,1.0,03-15,-0.0908889373143514
03-01,0.0,0.21746802330017134,0.19102001190185458,0.04114389419555575,-0.5166492462158203,0.052176475524902344,-0.060215950012210584,0.309928894042967,-0.08400917053222656,0.5324802398681641,0.5000343322753906,-3.463033676147461,7.0,4.0,03-16,-0.18997134764989274
03-02,0.0,0.0499591827392587,0.12636661529541016,0.00881624221801669,-0.23456811904907315,-0.0613861083984375,-0.1774806976318377,0.2609901428222674,-0.0436859130859375,0.5670566558837891,0.6241588592529297,-2.594808578491211,6.0,5.0,03-17,-0.12288180987040209
03-03,0.0,0.11167240142822354,0.06465291976928711,0.023511409759520596,-0.020783424377441406,0.11049175262451172,-0.03169250488280895,0.35560035705566406,-0.1579418182373029,0.30081367492675426,0.43265724182128906,-3.620894432067871,7.0,4.0,03-18,-0.2026593685150145
03-04,0.0,0.1586933135986337,-0.04114246368408114,0.0587763786315918,0.008908748626708096,-0.09514999389648438,0.0982522964477539,0.29361438751220703,0.01680183410644709,0.27660942077636363,0.5603199005126953,-3.2459793090820312,8.0,3.0,03-19,-0.15919129053751635
03-05,0.0,0.09991788864135653,-0.026448726654052734,0.0734705924987793,0.04750871658325284,0.021483421325683594,-0.0095062255859375,0.3458118438720703,0.1781063079834002,0.342309951782223,0.17731857299804688,-4.9626970291137695,8.0,3.0,03-20,-0.3093937238057456
03-06,0.0,0.09991788864135653,-0.005877494812011719,0.07640695571899325,0.0950155258178711,-0.08594131469726562,0.0,0.4632577896118164,0.2184276580810547,-0.11755943298339844,-0.017730712890625,-4.341128349304199,5.0,6.0,03-21,-0.30126762390136735
03-07,0.0,0.06465291976928711,-0.026448726654052734,0.07052898406982422,0.29692697525024414,0.05831623077392578,0.012678146362304688,0.3653860092163086,0.0891876220703125,-0.2524070739746058,0.0425567626953125,-2.663872718811035,8.0,3.0,03-22,-0.16187457243601452
03-08,0.0,0.14105987548828125,-0.05877399444580078,-0.014694690704344815,0.10392332077026367,0.009207725524902344,0.063385009765625,0.47960090637206676,-0.2925996780395508,0.1153106689453125,0.2305126190185547,-3.8738718032836896,7.0,4.0,03-23,-0.2580783367156983
03-09,0.0,0.25860929489135653,-0.07053089141845614,0.0,0.1900320053100586,-0.1411876678466797,0.1838226318359375,0.14319229125976562,-0.272585868835451,-0.20279121398926137,0.3404502868652344,-4.5938720703125,5.0,6.0,03-24,-0.34707176685333296
03-10,0.0,0.23510026931762606,0.03526496887207209,-0.020572662353514737,0.15706682205200195,-0.2946481704711914,0.4059762954711914,0.1953907012939453,-0.30282592773437855,-0.022989273071289062,1.1049633026123047,-8.160859107971191,6.0,5.0,03-25,-0.5556777318318686
03-11,0.0,0.2733054161071786,0.011754989624024326,-0.06759166717529297,0.15706682205200195,-0.1717729568481463,0.23515605926513672,-0.07864856719970703,-0.30282592773437855,-0.8302593231201172,0.6711349487304688,-7.7946062088012695,5.0,6.0,03-26,-0.6581072012583418
03-12,0.0,0.20277452468871981,0.020570278167725498,-0.008816242218017578,0.10336780548095792,-0.051971435546875,-0.02016067504882635,0.042058944702150214,-0.35697460174560725,-0.8546199798583984,0.7560043334960938,-4.456548690795898,5.0,6.0,03-27,-0.3853596448898313
03-13,0.0,0.22334623336791992,0.07346820831298828,-0.05877494812011719,0.11846542358398526,-0.14573192596435547,0.09710407257080078,-0.023699760437009942,-0.3941993713378924,-0.3922920227050746,0.38181495666503906,-5.324773788452148,5.0,6.0,03-28,-0.45377274354298874
03-14,0.0,0.25567197799682617,0.04701852798461914,-0.01763296127319247,-0.09531927108764648,-0.3176097869873047,0.07174968719482244,0.10781574249267756,-0.3471775054931623,-0.7475662231445312,0.6311588287353516,-3.874444007873535,5.0,6.0,03-29,-0.3571945826212563
03-15,0.0,0.3262033462524414,0.09697866439819247,0.029386520385742188,-0.125011444091796,-0.3176097869873047,0.046211242675779474,0.3041210174560529,-0.26877212524413885,-0.7233619689941406,0.5034961700439453,-3.694444656372072,6.0,5.0,03-30,-0.3185669183731082
03-16,0.0,0.18514156341552646,0.1880812644958496,0.014692306518554688,-0.12798166275024503,-0.4011573791503906,0.11963367462158025,0.23000144958496094,-0.3793144226074201,-0.7890625,0.6382522583007812,-4.094444274902342,6.0,5.0,03-31,-0.3680131435394287
03-17,0.0,0.2968153953552246,0.18220233917236328,0.14987659454345703,-0.1669483184814462,-0.3145160675048846,0.24774074554443537,0.23749351501464844,-0.4196357727050746,-0.6749591827392578,0.8190135955810547,-4.888654708862305,6.0,5.0,04-01,-0.3776309887568154
03-18,0.0,0.33208036422729403,0.2027735710144043,0.09697771072387695,-0.11899185180664151,-0.45789146423339844,0.37226200103759766,0.33536529541015625,-0.19966411590575994,-0.4766197204589879,1.3251476287841797,-2.0099992752075195,6.0,5.0,04-02,-0.04987998803456654
03-19,0.0,0.2556734085082999,0.1498742103576669,0.09697771072387695,0.039221286773679864,-0.24196720123291016,0.32155513763427734,0.33207225799560725,-0.15905380249023438,-0.3443927764892578,1.6387786865234375,-1.810000419616701,7.0,4.0,04-03,0.02322820822397853
03-20,0.0,0.14400100708007812,0.18807840347290128,0.17632675170898438,-0.0149822235107413,-0.03277587890625,0.20111751556396484,0.3156328201293963,-0.33841419219970703,-0.4801864624023402,1.8346214294433594,-1.0900001525878906,6.0,5.0,04-04,0.07528491814931293
03-21,0.0,0.0,0.32032346725463956,0.1616334915161124,-0.020981788635253906,0.12068462371826172,0.15961551666259766,0.4175558090209961,-0.24027633666992188,-0.5045452117919922,1.182180404663086,0.7799997329711914,7.0,4.0,04-05,0.19801580905914307
03-22,0.0,0.017634868621826172,0.3408970832824707,0.20865249633789062,-0.020981788635253906,0.10830497741699219,0.14046287536621094,0.3715248107910156,-0.5245456695556623,0.4384307861328125,1.6160087585449219,0.7200002670288068,9.0,2.0,04-06,0.2846991221110026
03-23,0.0,0.029387950897216797,0.28799915313720614,0.14987707138061523,0.0059952735900870024,0.10830497741699219,0.20111560821533203,0.48331451416015625,-0.6565265655517578,0.46279144287109375,1.4424781799316406,-0.7100000381469727,9.0,2.0,04-07,0.15039479732513414
03-24,0.0,0.14693784713745117,0.27330493927001953,0.13224554061889648,-0.029972553253173828,-0.11758613586425781,0.21707630157470525,0.4109792709350586,-0.6193017959594727,0.07307052612304332,1.2111015319824254,0.5,8.0,3.0,04-08,0.18315462271372462
03-25,0.0,0.020571231842040127,0.29975461959838867,0.08228588104248047,-0.11389780044555753,-0.45486927032470703,0.41499805450439453,0.3386459350585955,-0.6159181594848651,0.163537979125973,1.2219467163085938,-0.06000041961669922,7.0,4.0,04-09,0.10808789730071977
03-26,0.0,-0.04996013641357511,0.29975461959838867,0.12930631637573242,0.0,-0.3063392639160156,0.4948043823242205,0.3386459350585955,-0.5989971160888707,-0.2888088226318395,1.2255630493164062,-0.2399997711181623,5.0,6.0,04-10,0.08366409937540668
03-27,0.0,-0.03820419311523526,0.43787717819213867,0.04702043533325195,0.029973983764648438,0.18566322326660156,0.42138195037841975,0.2728881835937518,-0.42640495300293146,0.15310287475585938,1.033956527709961,0.1599998474121076,9.0,2.0,04-11,0.1897712548573811
03-28,0.0,0.038204193115234375,0.46726417541503906,-0.12342786788940341,0.12888431549072266,0.09902191162109553,0.23622703552246094,0.3649482727050799,-0.5719232559204119,0.2087783813476598,0.907424926757809,-0.21000003814697266,8.0,3.0,04-12,0.12878350416819276
03-29,0.0,0.06171464920043945,0.5524873733520508,0.06759309768676669,0.038964271545411044,-0.009283065795898438,0.1308822631835902,0.12822532653808594,-0.5617694854736346,-0.06263351440429688,0.40129089355468395,1.3099994659423828,8.0,3.0,04-13,0.1714559396107984
03-30,0.0,-0.12049055099487305,0.514284610748291,0.06759309768676669,0.038964271545411044,-0.11448955535888672,0.1500358581542951,-0.08548450469970703,-0.6023797988891602,0.08699226379394176,0.13376426696776988,1.7600002288818342,7.0,4.0,04-14,0.15239918231964023
03-31,0.0,0.023510456085205078,0.47608041763305664,0.020571231842040127,0.09591388702392667,-0.2258892059326172,-0.06065177917480469,0.28275203704833984,-0.4230194091796875,0.08699226379394176,0.1446094512939453,1.25,8.0,3.0,04-15,0.13923911253611218
04-01,0.0,0.05877399444580078,0.34383535385131836,0.08522367477416992,0.1888303756713876,-0.4115467071533203,-0.11173439025879084,0.18082904815674006,-0.22673892974853516,0.0452346801757777,0.506134033203125,2.3400001525878906,8.0,3.0,04-16,0.24990344047546365
04-02,0.0,0.06465291976928711,0.34383535385131836,0.04114246368408203,0.24577951431274325,-0.3837013244628906,-0.031922340393066406,0.27617740631103516,-0.2064352035522461,-0.1322231292724645,0.5314369201660156,1.8199996948242205,7.0,4.0,04-17,0.2140618562698362
04-03,0.0,0.06465291976928711,0.39379358291625977,0.0646524429321289,0.27575254440307617,-0.3837013244628906,-0.09257602691650213,0.10192489624023438,-0.3959493637084961,-0.16702270507812145,0.8784999847412074,3.25,7.0,4.0,04-18,0.3325022459030153
04-04,0.0,0.005878925323486328,0.4937114715576163,0.22922372817993164,0.3536829948425284,-0.15781021118164062,-0.09257602691650213,0.1315135955810547,0.11167716979980469,-0.48714637756347656,1.1098766326904226,1.9499998092651367,8.0,3.0,04-19,0.30400264263153015
04-05,0.0,-0.04114246368408203,0.44669198989868164,0.1733875274658203,0.4376082420349121,0.16709423065185547,-0.10853862762450994,0.1676788330078125,0.3756418228149414,-0.4558258056640625,1.0990314483642543,1.489999771118164,8.0,3.0,04-20,0.31263558069864894
04-06,0.0,-0.10285711288452148,0.414365291595459,0.23803949356079102,0.29673337936401367,0.30634021759033203,-0.30965137481689275,0.059180259704589844,0.43994140625,-0.00347900390625,1.0050334930419886,2.1700000762939435,8.0,3.0,04-21,0.37613717714945444
04-07,0.0,0.12636661529541193,0.276242733001709,0.23803949356079102,0.1528615951538086,0.33418941497802734,0.012768745422363281,0.06575775146484375,0.2673492431640607,-0.03479194641113281,1.2906360626220703,0.5100002288818342,10.0,1.0,04-22,0.2699516614278156
04-08,0.0,-0.017632007598876953,0.2468557357788086,0.25567054748535156,0.2098097801208496,0.38679313659668146,0.015962600708006036,-0.026302337646484375,0.253811836242674,-0.201812744140625,1.3990936279296875,-1.2299995422363281,7.0,4.0,04-23,0.1076875527699787
04-09,0.0,-0.04114246368408203,0.11754941940307617,0.3262014389038086,0.22779512405395508,0.043320655822753906,0.13407516479492365,0.09205913543701172,0.4264049530029297,-0.2992458343505895,1.3412494659423828,-1.9300003051757795,8.0,3.0,04-24,0.036522229512532554
04-10,0.0,0.03820514678955078,0.19689655303955078,0.3996720314025879,0.23678874969482422,0.1021108627319336,0.11492156982421875,0.07233142852783381,0.4230203628540039,-0.4523506164550746,1.3593254089355504,-1.25,9.0,2.0,04-25,0.1034101247787483
04-11,0.0,0.10285615921020508,0.24391698837280273,0.2879986763000497,0.19482660293579102,0.21351051330566406,0.19791889190673828,0.06904411315918146,0.507624626159668,-0.5080242156982422,1.4713954925537074,-1.25,9.0,2.0,04-26,0.12758898735046378
04-12,0.0,0.10873556137084961,0.3320808410644531,0.37910032272338867,0.10191011428833008,0.26611328125,0.17238235473632812,0.1315135955810547,0.5211591720581055,-0.4349479675292969,1.1098709106445277,-0.7399997711181641,9.0,2.0,04-27,0.16232653458913138
04-13,0.0,0.09404134750366211,0.38204002380371094,0.42318153381347656,0.12588787078857422,0.2970561981201154,0.2745342254638672,-0.111785888671875,0.6599140167236328,-0.2574901580810547,0.8568077087402308,0.28999996185302734,9.0,2.0,04-28,0.252848903338114
04-14,0.0,-0.04114246368408203,0.37322378158569336,0.3614673614501953,0.26076602935791016,0.18565940856933594,0.15642642974853693,-0.09863567352294922,0.4568634033203125,-0.3897132873535192,0.6688194274902308,1.0699996948242188,8.0,3.0,04-29,0.25031117598215696
04-15,0.0,-0.002941131591796875,0.2733058929443368,0.46726322174072177,0.28174638748169034,-0.08045482635497869,0.028729438781740058,-0.12822437286376953,0.4568634033203125,-0.3514366149902379,0.9038066864013672,2.449999809265135,7.0,4.0,04-30,0.3582214911778767
04-16,0.0,0.044080257415771484,0.28799915313720703,0.5436720848083496,0.35068559646606445,-0.2227954864501953,-0.12769222259521484,-0.2104206085205078,0.5719232559204102,-0.4836654663085973,0.4808254241943395,3.2899999618530273,7.0,4.0,05-01,0.3770509958267212
04-17,0.0,0.020570755004882812,0.36734437942504883,0.3791007995605469,0.41362857818603516,-0.15162563323974787,0.07342052459716797,-0.2531652450561541,0.37225818634033203,-0.43494987487792613,0.0976104736328125,2.609999656677248,8.0,3.0,05-02,0.2911827166875205
04-18,0.0,0.10579538345336914,0.6112613677978516,0.3614673614501944,0.470578670501709,-0.14543628692627308,-0.20111465454101562,-0.3978281021118182,0.15228843688964844,-0.5915355682373047,-0.13376426696777344,3.109999656677248,6.0,5.0,05-03,0.27847599983215293
04-19,0.0,0.1528167724609375,0.5466108322143555,0.29975461959838867,0.41363048553466797,-0.14543628692627308,-0.29688167572021307,-0.6838693618774414,0.016920089721679688,-0.3584022521972621,0.05784416198730469,2.5099992752075213,7.0,4.0,05-04,0.20941555500030548
04-20,0.0,0.06759214401245028,0.43787527084350586,0.22922372817993164,0.40463781356811523,-0.015473365783693183,-0.17876625061035156,-0.6805810928344727,-0.26058292388916016,-0.2609691619872976,0.05784416198730469,1.5900001525878924,6.0,5.0,05-05,0.11590003967285208
04-21,0.0,0.0646510124206543,0.24391603469848633,0.24391698837280185,0.46158504486083984,-0.015473365783693183,-0.23303794860839844,0.34522342681884766,-0.2571983337402344,-0.3618793487548828,0.032537460327144885,1.9399995803833008,7.0,4.0,05-06,0.20535337924957223
04-22,0.0,-0.020571231842041016,0.17926263809204102,0.15575313568115146,0.8272581100463867,-0.08354949951171875,-0.43414974212646307,0.3485107421875,-0.40271854400634766,-0.12874794006348012,0.303680419921875,2.0900001525878906,6.0,5.0,05-07,0.23622735341389953
04-23,0.0,-0.026450634002685547,0.17926263809204102,0.09697961807250888,0.5604987144470206,-0.009283065795898438,-0.5586509704589826,0.37481307983398615,-0.49409008026123047,0.20877647399901988,0.07953453063964844,1.3499994277954084,7.0,4.0,05-08,0.14678247769673636
04-24,0.0,-0.011756420135498047,0.2086505889892578,0.014693260192870206,0.6624064445495605,0.009285926818849433,-0.6608028411865217,0.1808319091796875,-0.2368927001953125,0.2505321502685547,-0.19160652160644176,0.319999694824217,7.0,4.0,05-09,0.0454451243082686
04-25,0.0,-0.202775478363038,0.2615494728088388,-0.2615513801574707,0.6054573059082022,0.1206827163696289,-0.47245979309081854,0.27617931365966797,-0.3248777389526367,0.3897132873535192,-0.5386676788330043,-0.5399999618530291,5.0,6.0,05-10,-0.05722916126251169
04-26,0.0,-0.17632532119750888,0.19689512252807706,-0.528977394104003,0.584476947784422,0.3001556396484357,-0.3766899108886719,0.213711738586424,-0.30457592010498047,0.13918495178222656,-0.7736549377441406,-2.0999994277954084,5.0,6.0,05-11,-0.235483209292094
04-27,0.0,-0.052898406982421875,0.2233448028564453,-0.6053862571716309,0.5245294570922843,0.21970081329345525,-0.22026920318603693,0.5227651596069336,-0.629452705383299,0.27141380310058594,-0.8098087310791016,-1.239999771118164,5.0,6.0,05-12,-0.14967175324757917
04-28,0.0,-0.023508071899414062,0.10285663604736328,-0.5554265975952148,0.45559120178222745,0.040226936340330255,-0.1883430480957049,0.460299491882326,-0.4297876358032209,0.4071159362792933,-0.6435127258300781,-2.949999809265135,5.0,6.0,05-13,-0.2770406405131023
04-29,0.0,-0.05877494812011719,-0.14106035232543945,-0.5965690612792969,0.5455107688903809,0.23517322540283025,-0.038305282592775214,0.6049623489379901,-0.2876529693603498,0.5776157379150391,-0.4591331481933594,-3.8500003814697266,4.0,7.0,05-14,-0.28901950518290204
04-30,0.0,-0.10579633712768555,-0.08228683471679688,-0.5818753242492676,0.347689151763916,0.05879306793213068,0.041499137878414416,0.9403219223022461,-0.22335433959961115,0.668085098266598,-0.74835205078125,-4.219999313354492,5.0,6.0,05-15,-0.32543965180714984
05-01,0.0,-0.15575456619262695,0.0,-0.6259555816650382,0.49455785751342773,-0.2630186080932617,-0.07661628723144709,0.9731998443603516,-0.35533618927001775,0.5845756530761683,-0.6507415771484375,-3.3000001907348633,3.0,8.0,05-16,-0.28125747044881205
05-02,0.0,-0.22334623336791992,-0.03232765197753995,-0.5906896591186523,0.5425143241882324,-0.2630186080932617,-0.079806327819826,0.8383970260620135,-0.125213623046875,0.2922878265380824,-0.6218185424804652,-3.429999351501465,3.0,8.0,05-17,-0.3077517350514731
05-03,0.0,-0.22040605545044034,0.020571231842040127,-0.43787431716918945,0.17684125900268555,-0.25992488861083984,-0.03830718994140625,1.1441679000854492,0.19289970397949396,0.37928199768066406,-0.8929615020751953,-2.3899993896484357,5.0,6.0,05-18,-0.1938092708587645
05-04,0.0,-0.20277357101440519,0.2997546195983878,-0.3791007995605469,0.2877402305603036,-0.17018699645996094,0.09896373748779119,0.08548545837402166,0.08121967315673828,0.04175758361816406,-0.7411212921142578,-2.359999656677246,6.0,5.0,05-19,-0.24652175108591753
05-05,0.0,-0.12636661529541016,0.41730642318725586,-0.32326316833496005,0.2517738342285165,-0.2382650375366211,0.226651191711424,0.3485107421875,-0.1759777069091797,0.19486045837402344,-0.35429191589355824,-1.510000228881836,5.0,6.0,05-20,-0.10742183526357045
05-06,0.0,0.0499606132507342,0.3644075393676749,-0.5201597213745099,0.30872344970703214,-0.16709613800049006,0.3607282638549787,0.25316333770751953,-0.12183094024658203,0.38275909423828125,-0.4916706085205078,-1.6499996185302717,6.0,5.0,05-21,-0.1025845607121784
05-07,0.0,0.023510456085205078,0.3791027069091788,-0.5407319068908683,0.18883132934570312,-0.36823081970214844,0.26815128326416016,0.20713329315185725,-0.1252155303955078,0.18094062805176137,-0.43021202087402344,0.42000007629394176,7.0,4.0,05-22,0.016939957936604966
05-08,0.0,-0.01763105392455966,0.3203263282775879,-0.3526482582092285,0.07493400573730558,-0.179473876953125,0.11173057556152521,0.20713329315185725,-0.043994903564453125,0.09395217895507457,0.36875152587890625,-0.43999958038330256,6.0,5.0,05-23,0.01192335287729899
05-09,0.0,-0.21452856063842773,0.24391841888427646,-0.21159076690673828,0.044960498809813565,0.0,0.06703662872314453,0.3517980575561559,0.27411556243896307,0.07306671142578125,0.10484504699707031,0.4700002670288068,8.0,3.0,05-24,0.1003018220265705
05-10,0.0,-0.16163063049316495,0.0881643295288086,-0.21159124374389648,-0.044959068298339844,-0.19185161590575994,0.06703662872314453,0.1808309555053711,0.46362972259521484,-0.20181655883789418,-0.07953453063964844,0.4700002670288068,5.0,6.0,05-25,0.03152318795522017
05-11,0.0,-0.27036619186401367,0.17926740646362216,-0.22628498077392578,0.04795694351196289,-0.19185161590575994,0.09895896911621271,0.41426658630370916,0.3248796463012713,-0.2922859191894531,0.3072967529296875,0.5699996948242205,7.0,4.0,05-26,0.08015310764312782
05-12,0.0,-0.5554254055023184,0.20571231842041016,-0.15575551986694336,0.04795694351196289,-0.16400146484374645,0.0510749816894549,0.4241323471069336,0.4568614959716779,-0.17397880554198863,0.3072967529296875,0.7900009155273438,7.0,4.0,05-27,0.10282287995020616
05-13,0.0,-0.35265111923217773,0.2380399703979501,-0.15575551986694336,0.1588578224182129,0.034040451049806464,-0.0031929016113263486,0.5589351654052717,0.280886650085451,-0.17397880554198863,0.574823379516598,2.8899993896484375,7.0,4.0,05-28,0.33750037352244094
05-14,0.0,-0.3555912971496573,0.21452951431274503,-0.20277690887451172,0.03596782684326172,0.43630313873291016,-0.012769699096679688,0.30905628204345703,0.280886650085451,-0.22269821166991832,0.7772750854492223,2.39999961853027,7.0,4.0,05-29,0.30501516660054584
05-15,0.0,-0.30269241333007724,0.21452951431274503,-0.1880817413330078,-0.059945106506348544,0.3280000686645508,-0.15004062652587713,0.30905628204345703,0.338417053222658,0.11134719848632812,0.7122001647949219,2.3699998855590803,7.0,4.0,05-30,0.30689918994903587
05-16,0.0,-0.30269241333007724,0.22628498077392667,-0.1968965530395499,-0.08692121505737216,0.39607810974121094,-0.08938407897949219,0.36495018005371094,0.21658515930175604,-0.33752250671386363,0.5205917358398473,1.6199998855590803,6.0,5.0,05-31,0.19425610701243143
05-17,0.0,-0.20865154266357333,0.24391794204712003,-0.18514347076416193,-0.14387083053588778,0.2970590591430682,-0.14684486389160156,0.4931735992431623,0.32149696350097656,-0.3166484832763672,0.6579704284667969,2.130000114440918,6.0,5.0,06-01,0.26187157630920416
05-18,0.0,-0.30856847763061523,0.2027740478515625,-0.16457128524780362,-0.14087390899658114,0.27540016174316406,-0.14365196228027344,0.3616619110107422,0.2978076934814453,-0.1148300170898473,0.7447376251220703,1.7700004577636719,6.0,5.0,06-02,0.2316571871439613
05-19,0.0,-0.2733054161071786,0.161632537841796,-0.2321643829345712,-0.1528635025024414,0.2475481033325213,-0.19472885131835938,0.5063276290893537,0.21658706665039062,-0.19834136962890625,0.9110393524169886,2.6000003814697266,6.0,5.0,06-03,0.29931096235911
05-20,0.0,-0.0793471336364755,0.23804044723510742,-0.2821221351623544,-0.20681524276733398,0.476531982421875,-0.08299922943115234,0.36166286468505504,-0.07106590270995916,-0.4419116973876953,0.8466262817382812,2.3899993896484375,5.0,6.0,06-04,0.26238330205281546
05-21,0.0,-0.13224506378173828,0.3262028694152832,-0.3702855110168457,-0.4316139221191415,0.36822986602783203,0.1308841705322248,0.38467884063720525,0.32149600982666193,-0.32360267639160156,0.9170913696289062,2.9900007247924787,7.0,4.0,06-05,0.34840305646260544
05-22,0.0,-0.03232717514038175,-0.00881624221801669,-0.2968149185180655,-0.3806581497192374,0.4455862045288068,0.20111465454101562,0.31892108917236506,0.26396846771240234,0.13222885131835938,1.448293685913086,3.2899999618530273,7.0,4.0,06-06,0.44845803578694676
05-23,0.0,-0.03232717514038175,-0.14399957656860263,-0.2703666687011719,-0.7103638648986808,0.3249053955078107,0.2713451385498047,0.21370983123779475,0.2098197937011701,0.49062156677246094,1.4049110412597692,2.160000801086426,7.0,4.0,06-07,0.32652135690053324
05-24,0.0,-0.2468571662902832,-0.24391984939575106,-0.08228492736816406,-0.64742088317871,0.11449146270751953,0.3064594268798846,0.11178779602050959,0.0744514465332049,0.7098445892333984,1.2277660369873011,2.1500005722045916,7.0,4.0,06-08,0.28952654202779177
05-25,0.0,-0.014694213867188388,-0.3320784568786621,-0.0881643295288086,-0.6564116477966291,0.2382688522338885,0.3256139755249041,0.17096805572509766,-0.02030467987060547,0.6019744873046875,1.289224624633789,2.9799995422363246,6.0,5.0,06-09,0.37453301747639983
05-26,0.0,-0.14399933815002397,-0.43199682235717773,-0.144001007080079,-0.5335216522216788,0.2815876007080078,0.29369163513183416,0.09863567352294922,-0.11167621612548828,0.7307186126708949,1.6383018493652344,3.6000003814697266,6.0,5.0,06-10,0.4398117264111832
05-27,0.0,-0.30563211441039995,-0.5818743705749512,-0.15281629562378019,-0.39264822006225497,0.27849292755126953,0.23623180389404297,0.023017883300783026,-0.013536453247070312,0.6924419403076136,1.7632350921630895,2.2699995040893572,6.0,5.0,06-11,0.31807597478230826
05-28,0.0,-0.26155090332031206,-0.6876702308654785,-0.03526687622070401,-0.2637624740600577,0.26920986175537287,0.30007648468017756,0.08548545837402344,-0.1252155303955078,0.8490257263183558,1.9065418243408203,0.930000305175783,6.0,5.0,06-12,0.24723947048187275
05-29,0.0,-0.28212213516235307,-0.7229361534118652,-0.08816432952880948,-0.2847452163696298,0.24445247650146662,0.29688358306884943,0.15781688690185547,0.006768226623535156,0.7933521270751918,1.5239219665527344,1.2899999618530291,7.0,4.0,06-13,0.24460228284200036
05-30,0.0,-0.31738734245300293,-0.6847324371337882,0.16457128524780362,-0.38665390014648526,0.2723045349121094,0.36392116546631037,-0.05918216705322443,0.1421337127685529,0.5845794677734375,1.4164123535156286,0.8299999237060565,7.0,4.0,06-14,0.19383054971694982
05-31,0.0,-0.29681396484375,-0.7846498489379883,0.2233457565307626,-0.3327021598815927,0.19494342803955078,0.4022293090820295,-0.24658679962158203,0.17259216308593928,0.6889629364013636,1.480825424194336,-0.7000007629394549,6.0,5.0,06-15,0.06684545675913449
06-01,0.0,-0.2321622371673584,-0.6876711845397958,0.3115091323852539,-0.07193517684936523,0.08045196533203125,0.3671131134033203,-0.5951013565063459,-0.39933013916015625,0.5706539154052699,1.1464462280273438,-0.06000041961669922,5.0,6.0,06-16,0.035831153392791526
06-02,0.0,-0.14987587928771928,-0.40261125564575284,0.25861120223998935,0.10790395736694514,0.08354568481445312,0.12769031524658203,-0.457008361816408,-0.34180259704589666,0.34795951843261363,1.539617538452152,0.15000057220459162,7.0,4.0,06-17,0.10533589124679583
06-03,0.0,-0.22922301292419345,-0.2674279212951669,0.2850599288940421,0.05095529556274592,0.18566131591796875,0.0,-0.3517971038818377,-0.2673511505126953,0.4836635589599645,1.150121688842777,-0.15000057220458984,5.0,6.0,06-18,0.07413850227991792
06-04,0.0,-0.014693021774291992,-0.2174677848815918,0.39379358291625977,0.18883132934570224,0.19804096221923828,0.03830909729003906,-0.3781003952026367,-0.2741222381591797,0.40015220642089844,0.6467113494873047,0.10999965667724432,7.0,4.0,06-19,0.09095456202824888
06-05,0.0,-0.011754512786865234,-0.2674269676208496,0.33501863479614347,0.5065455436706534,0.10211181640624822,0.01915454864501953,-0.3649511337280291,-0.5854625701904297,0.20529937744140625,0.5328044891357386,-0.7199993133544886,6.0,5.0,06-20,-0.020721673965454396
06-06,0.0,0.0,-0.28505849838256836,0.32326507568359375,0.30872392654418945,0.058793067932128906,0.05107688903808949,-0.5490694046020508,-0.061945915222169745,0.03827667236328125,0.6356906890869141,-1.3400001525878906,6.0,5.0,06-21,-0.06835397084554022
06-07,0.0,0.008817434310913086,-0.25861167907714844,0.2909383773803702,0.16785049438476562,0.06188774108886719,0.10853672027588068,-0.4522542953491211,-0.2906818389892578,0.4547576904296875,0.510757446289059,-1.4700002670288068,7.0,4.0,06-22,-0.07233351469039924
06-08,0.0,-0.02057123184204146,-0.10873556137084961,0.17338895797729403,0.03896474838256836,0.10520839691162287,0.06384849548340021,-0.4424400329589826,-0.3188028335571289,0.2981739044189453,0.3674507141113281,-1.9200000762939453,6.0,5.0,06-23,-0.14695954322814908
06-09,0.0,-0.04114151000976607,-0.11755180358886719,0.2262864112853995,-0.1635165214538583,0.07116889953613281,0.11510467529297053,-0.47833824157714666,-0.4507865905761719,0.3538475036621094,0.7532749176025391,-1.0999994277954102,5.0,6.0,06-24,-0.06930430730183908
06-10,0.0,0.0,-0.15575551986694425,0.14693880081176758,-0.2058243751525879,0.08966732025146307,0.15051460266112926,-0.26133918762206676,-0.5861520767211896,0.11922073364257812,0.7091827392578125,-0.6100006103515625,5.0,6.0,06-25,-0.05029563109080004
06-11,0.0,-0.02057337760925293,-0.05583810806274414,0.17044925689697266,-0.08261203765869052,-0.0167388916015625,-0.07103919982909979,-0.07393455505370916,-0.6952657699584961,0.1262226104736328,0.8083915710449183,0.5900001525878906,4.0,7.0,06-26,0.05658847093582161
06-12,0.0,-0.08522510528564453,-0.008817672729493076,0.05289697647094638,0.10986042022705167,0.1975545883178711,-0.035923004150390625,0.2606029510498047,-0.5861520767211896,-0.1539230346679652,0.45931434631347656,-0.05000019073486506,5.0,6.0,06-27,0.013349016507466857
06-13,0.0,-0.26448845863342285,0.0,0.08816242218017578,-0.0034890174865722656,0.19446086883544922,0.0885772705078125,0.05193042755126953,-0.39517879486083984,0.03779220581055043,0.2608909606933594,-0.560000419616701,6.0,5.0,06-28,-0.04177854458490993
06-14,0.0,-0.14987683296203613,0.0,0.1381206512451172,0.05345964431762695,0.0923452377319336,0.1593036651611328,-0.15825176239013672,-0.41358661651611506,-0.20297050476074574,0.6503868103027344,-0.2800006866455078,5.0,6.0,06-29,-0.009255866209666378
06-15,0.0,-0.38497829437255815,0.11461210250854492,0.029386997222899502,-0.03646039962768466,0.1952676773071289,0.2653923034667969,0.057579040527345526,-0.3352088928222656,-0.11945915222167969,0.7202053070068395,-1.7899999618530291,6.0,5.0,06-30,-0.10697193940480516
06-16,0.0,-0.2821218967437744,0.23510122299194336,0.1028566360473624,0.11766719818115234,0.17967128753661932,-0.20635604858398615,0.5346412658691406,-0.023868560791015625,-0.17861557006835938,0.7385768890380824,-1.4499998092651367,6.0,5.0,07-01,-0.01937061548233099
06-17,0.0,-0.26155018806457475,0.2527327537536621,0.20571470260620028,0.0028243064880371094,0.10886859893798828,-0.23798751831054865,0.7187595367431623,-0.33756542205810547,-0.06305122375488281,2.197355270385742,-2.1499996185302734,6.0,5.0,07-02,0.03634176651636726
06-18,0.0,-0.27036762237548784,0.20571279525756836,0.38791704177856356,0.06409072875976474,0.17458343505859375,-0.29544734954833984,0.5200204849243146,-0.494415283203125,0.027994155883789062,2.290988922119144,-2.0199995040893572,7.0,4.0,07-03,0.049256483713785694
06-19,0.0,-0.24685645103454545,0.20571279525756836,0.25861024856567383,0.1390223503112784,0.13126277923583807,-0.2507591247558594,0.5200204849243146,-0.494415283203125,0.02451324462890625,1.8390254974365234,-1.5699996948242188,7.0,4.0,07-04,0.046344737211862864
06-20,0.0,-0.24685645103454545,0.27036619186401367,0.332078456878663,0.407989501953125,0.16530227661132812,-0.2764778137207049,0.6823205947875994,-0.15684795379638672,-0.3011608123779297,1.4434928894043004,-1.609999656677246,6.0,5.0,07-05,0.0591839353243514
06-21,0.0,-0.30856966972351074,0.33795833587646484,0.4143662452697754,0.4502973556518546,0.174652099609375,-0.131808280944826,0.7353162765502894,-0.07501506805419922,-0.16458702087402344,1.487585067749027,-1.7699995040893555,6.0,5.0,07-06,0.09584965308507261
06-22,0.0,-0.16457176208496094,0.4261202812194824,0.3908557891845703,0.41101026535034,0.23079109191894354,-0.17038726806640803,0.5697040557861328,0.006821632385255683,-0.17158889770507812,1.575775146484382,-1.920000076293947,7.0,4.0,07-07,0.09871085484822606
06-23,0.0,-0.16457056999206499,0.3262033462524432,0.4408159255981454,0.42914152145385653,0.3212366104125959,-0.19932079315185192,0.35440731048583984,-0.10229206085205078,0.10855674743651988,1.624313354492191,-1.5099992752075213,7.0,4.0,07-08,0.13570767641067524
06-24,0.0,0.14399909973144487,0.3173856735229501,0.5025286674499521,0.48354101181030096,0.3804960250854492,-0.06429862976074219,0.563079833984375,-0.2966499328613299,0.4062156677246058,1.2845325469970774,-1.6599998474121076,8.0,3.0,07-09,0.17173584302266465
06-25,0.0,0.02938747406005815,0.32032489776611506,0.4114279747009286,0.5409641265869141,0.29004859924316406,-0.3311319351196307,0.9771108627319336,-0.6001186370849627,0.6128273010253871,1.4194889068603516,-1.669999122619629,8.0,3.0,07-10,0.1666942040125525
06-26,0.0,0.185141801834106,0.33501863479614347,0.3320798873901367,0.5953593254089347,0.06549358367919922,-0.43722057342529475,0.8678092956542969,-0.40917301177978693,1.1170940399169922,1.282989501953118,-0.1599998474121076,8.0,3.0,07-11,0.3145493865013115
06-27,0.0,0.120489120483398,0.3320798873901376,0.20865345001220703,0.37474727630615234,0.08108997344970881,-0.083587646484375,1.0698556900024414,-0.4841852188110334,1.5163097381591797,1.2257881164550781,-0.8999996185302734,8.0,3.0,07-12,0.2884367307027184
06-28,0.0,0.21159076690673784,0.058775901794433594,0.1087346076965332,0.4895901679992676,0.03430652618408203,-0.057867050170894885,0.9208030700683576,-0.6512670516967756,1.456777572631836,-0.23299026489258168,-1.2799997329711932,7.0,4.0,07-13,0.08820454279581687
06-29,0.0,0.09697985649108842,-0.058774471282958984,-0.07346773147583008,0.32941436767578214,-0.08420944213867188,0.0803680419921875,0.4835863113403338,-0.35802364349365234,1.365732192993164,-0.43686103820801137,-1.0100002288818377,5.0,6.0,07-14,0.027895351250966132
06-30,0.0,0.14106035232543856,-0.05583763122558594,-0.10579395294189453,0.4261207580566415,-0.22455501556396484,0.054653167724609375,0.29147815704345525,-0.4296293258666992,1.313201904296875,-0.5145263671875,-0.6700000762939453,5.0,6.0,07-15,0.018847664197285823
07-01,0.0,0.22922277450561523,-0.18514299392700195,-0.22922277450561523,0.40194320678711026,-0.2557401657104492,0.019289016723632812,0.2451066970825213,-0.3716621398925781,1.6353721618652344,-0.35919761657714844,-0.4500007629394531,5.0,6.0,07-16,0.05666395028432233
07-02,0.0,0.1733870506286621,-0.22922277450561523,-0.1968965530395499,0.38683462142944514,-0.3212366104125941,0.1446704864501953,0.37428569793700994,-0.3239278793334961,1.754434585571289,-0.3786144256591797,0.4499998092651385,6.0,5.0,07-17,0.15280950069427543
07-03,0.0,0.16750955581664995,-0.35852766036987305,-0.23510169982910156,0.308260440826416,-0.4647026062011701,0.13181018829345525,0.31466484069823863,-0.3750753402709961,1.908517837524414,-0.29123878479003906,0.37999916076660156,6.0,5.0,07-18,0.12384299437204964
07-05,0.0,0.08228611946105913,-0.4202413558959961,-0.3115077018737802,0.3082594871521005,-0.3711395263671875,0.18967533111572266,0.28154182434081854,-0.33756732940674006,1.4952983856201172,-0.2232837677001953,0.4199991226196289,6.0,5.0,07-20,0.09277671575546231
07-06,0.0,0.052899122238158736,-0.29975414276123136,-0.22040700912475675,0.17226219177246094,-0.5146055221557599,0.1157341003417951,0.1424264907836914,0.15002822875976562,1.288686752319336,-0.0679550170898402,0.01999950408935547,7.0,4.0,07-21,0.06994289159774791
07-07,0.0,-0.08228564262390048,-0.3203248977661133,-0.18514108657837003,0.19341659545898438,-0.45534610748291016,0.20253658294677734,0.24841690063476562,-0.040917396545410156,0.7318916320800781,0.2815361022949219,0.5900001525878906,6.0,5.0,07-22,0.09698190291722615
07-08,0.0,-0.07934641838073686,-0.3173861503601074,-0.11755084991455078,0.1480865478515616,-0.5925750732421875,0.2025365829467809,0.046370506286621094,0.23186302185058594,0.8159351348876953,0.3786144256591797,0.6499996185302734,7.0,4.0,07-23,0.11387894550959295
07-09,0.0,-0.1704480648040767,-0.1087350845336914,-0.246856689453125,0.09066629409790039,-0.48653411865234375,0.29898166656493963,-0.092742919921875,0.3239259719848633,0.8054294586181641,0.815475463867191,1.4299993515014648,6.0,5.0,07-24,0.22159677743911763
07-10,0.0,-0.07934641838073686,-0.03232717514038086,-0.246856689453125,0.18435001373291016,-0.3493061065673828,0.16074657440185725,-0.06624507904052557,0.4773693084716797,0.3606910705566406,1.6406574249267578,1.1599998474121094,6.0,5.0,07-25,0.26747773090998367
07-11,0.0,-0.01175451278686479,-0.055837154388427734,-0.24979591369628906,0.07253599166870117,-0.20896053314208984,0.1446695327758789,0.142425537109375,0.4773674011230451,0.08404350280761719,1.8639450073242223,1.2699995040893537,7.0,4.0,07-26,0.2940531969070435
07-12,0.0,0.07346820831298917,0.035265445709228516,-0.10873270034790039,0.09671354293823242,-0.27133846282958984,-0.006430625915527344,0.17223644256591797,0.4193992614746094,-0.31166839599609375,1.7086162567138707,1.2200002670288086,7.0,4.0,07-27,0.25229410330454544
07-13,0.0,0.02644920349121138,-0.08816146850585938,-0.14105892181396573,0.04533624649047763,-0.1497039794921875,0.03536510467529297,0.2451038360595703,0.47395896911620916,-0.43073081970214844,1.737741470336914,0.9300003051757812,7.0,4.0,07-28,0.22369166215260797
07-14,0.0,-0.10579538345336914,-0.13518238067626953,-0.10579395294189453,0.09368467330932528,-0.2588624954223633,-0.18324756622314275,0.142425537109375,0.5251064300537092,-0.48676109313964844,1.70861625671386,1.0900001525878906,5.0,6.0,07-29,0.19034918149312272
07-15,0.0,-0.12048935890197798,-0.11754894256591797,-0.0734705924987793,0.0362682342529288,-0.29005336761474965,-0.16395950317382812,0.19873428344726385,0.5353326797485352,-0.4727516174316406,1.8542366027831996,0.3400001525878906,5.0,6.0,07-30,0.14385821421941036
07-16,0.0,-0.02057194709777832,-0.07346868515014648,-0.0029382705688476562,-0.01813220977783203,-0.38985157012939275,0.07394313812255682,0.1755485534667951,0.6887702941894549,-0.5427894592285156,1.7474479675293004,1.2300004959106445,5.0,6.0,07-31,0.2389965256055199
07-17,0.0,0.00881505012512207,-0.07346868515014648,-0.14106035232543945,-0.006043434143067294,-0.2931680679321307,0.14788436889648438,0.21860790252685547,0.5728406906127947,-0.9980335235595703,2.048397064208981,1.630000114440918,6.0,5.0,08-01,0.25956426064173344
07-18,0.0,0.04701972007751465,-0.08522415161132724,-0.1322455406188956,0.14808702468871981,-0.35242748260498047,0.10930538177490234,0.1424274444580078,0.44667911529541193,-0.1190643310546875,1.6600742340087926,1.5399999618530273,7.0,4.0,08-02,0.2837192813555405
07-19,0.0,0.03232622146606445,-0.14693641662597656,-0.2586112022399911,0.19341707229614258,-0.22455310821533203,0.12216663360595703,0.21198368072509766,0.24550628662109375,-0.2311229705810547,1.5629959106445348,1.3000001907348615,7.0,4.0,08-03,0.2339310248692831
07-20,0.0,0.05289816856384233,-0.305631160736084,-0.1293053627014169,0.12995243072509677,-0.36177825927734375,0.21861171722412287,0.05962085723876953,0.04432868957519531,-0.22061729431152344,1.067886352539066,1.5,7.0,4.0,08-04,0.17133051156997706
07-21,0.0,0.06465244293212935,-0.2821216583251953,-0.08228588104248136,0.2991905212402344,-0.4522256851196289,0.46293926239013494,-0.40409183502197443,-0.1091146469116211,-0.07003593444824219,0.7183952331542969,1.1999998092651367,5.0,6.0,08-05,0.11210846900939908
07-22,0.0,0.06465148925781294,-0.25861167907714844,-0.11461067199706942,0.33243465423583984,-0.44599056243896484,0.19931983947754084,-0.612762451171875,-0.013637542724609375,-0.1891002655029297,0.7863521575927699,1.4900007247924822,5.0,6.0,08-06,0.10317047437032074
07-23,0.0,-0.020571231842041016,-0.30269384384155273,-0.2321624755859375,0.2689704895019531,-0.3898515701293963,0.5915365219116229,-0.6955680847167969,-0.04773521423339666,0.0210113525390625,-0.6601467132568359,2.339999198913574,4.0,7.0,08-07,0.0727323691050213
07-24,0.0,-0.04995894432067827,-0.5025291442871094,-0.15575361251831055,0.030218124389648438,-0.3804950714111346,0.5497407913208026,-0.8114967346191406,-0.0204582214355451,0.22412109375,-0.5824851989746165,2.6299991607666016,4.0,7.0,08-08,0.07757518688837646
07-25,0.0,-0.16750955581664995,-0.5965700149536133,-0.0029392242431640625,-0.04533100128173828,-0.2713365554809588,0.6590480804443359,-0.8015613555908203,-0.16707897186279297,0.6863689422607422,-2.1648941040039027,2.4099998474121094,3.0,8.0,08-09,-0.038483659426371074
07-26,0.0,-0.24685525894164995,-0.711181640625,0.032328128814697266,0.012085437774658203,-0.2307882308959961,0.530451774597168,-0.9307384490966815,-0.5728406906127912,0.7248859405517614,-2.310514450073242,2.8999996185302734,5.0,6.0,08-10,-0.06693065166473355
07-27,0.0,-0.13224387168884277,-0.32914161682128906,-0.038204193115234375,0.12692880630493164,-0.4397516250610334,0.520808219909668,-0.8181219100952148,0.35461711883544744,0.7949237823486364,-2.3396396636962926,3.280000686645508,5.0,6.0,08-11,0.08168131113052368
07-28,0.0,-0.23803877830505327,-1.1314234733581543,0.09697914123535156,0.3505668640136719,-0.3960838317871076,0.5947484970092756,-0.7651281356811523,0.4705467224121076,0.8474521636962926,-1.5824108123779332,2.9500007629394496,6.0,5.0,08-12,0.099767426649729
07-29,0.0,-0.41436481475830034,-1.1196680068969735,0.05583667755126953,0.49563074111938477,-0.20272254943847834,0.205752372741701,-0.6889476776123047,0.5762510299682599,1.316701889038086,-2.0581073760986364,1.8600006103515625,6.0,5.0,08-13,0.0021969079971308667
07-30,0.0,-0.39967131614685014,-1.1255464553833008,0.08228540420532227,0.5349187850952157,-0.25262260437011896,0.05143547058105469,-0.7386293411254883,0.17389869689941406,1.2221527099609375,-1.7959880828857422,2.909999847412111,6.0,5.0,08-14,0.055186092853546254
07-31,0.0,-0.41436481475830034,-1.2401597499847403,0.19395828247070312,0.4714531898498562,-0.10292530059814453,-0.04500961303711115,-0.6094522476196289,0.3409776687622088,0.6443443298339844,-1.7668647766113352,2.7100000381469727,5.0,6.0,08-15,0.015163083871205388
08-01,0.0,-0.37910032272338867,-1.149056911468505,0.31444883346557706,0.38683271408081055,-0.012477874755859375,-0.0932302474975586,-0.7021942138671875,0.6444444656372053,0.8859710693359375,-1.0581741333007812,2.6800003051757812,5.0,6.0,08-16,0.12645530700683594
08-02,0.0,-0.44669246673583984,-0.9315867424011222,0.3614673614501944,0.3535885810852051,-0.0031213760375976562,-0.07715511322021484,-0.4604015350341797,0.8456220626831055,1.1100940704345703,-1.1261310577392543,2.799999237060547,5.0,6.0,08-17,0.20214025179545114
08-03,0.0,-0.3791005611419682,-0.8786897659301758,0.4790191650390625,0.38985347747802734,0.14346599578857422,-0.05465221405029297,-0.01656341552734375,1.029747009277342,0.8999824523925781,-0.4659843444824183,2.8299999237060547,6.0,5.0,08-18,0.33142314354578667
08-04,0.0,-0.2497944831848149,-0.7728943824768066,0.40261030197143555,0.2387495040893537,0.08732891082763672,0.2218265533447248,0.11592864990234375,1.0024700164794904,0.9174880981445312,-0.8543090820312429,2.6099987030029297,8.0,3.0,08-19,0.30995023250579845
08-05,0.0,-0.12342810630798384,-0.6788535118103027,0.42318201065063477,0.2689704895019531,0.18089199066162287,-0.06429862976074574,0.10599327087402344,1.0706653594970703,0.8894729614257812,-0.26211738586425426,1.3600006103515625,7.0,4.0,08-20,0.26420658826828014
08-06,0.0,-0.04408240318298384,-0.5084052085876465,0.4261202812194824,0.39589881896972656,0.11227607727050959,-0.06750965118408558,0.192111015319826,1.0433902740478498,1.1556148529052734,-0.39802551269530895,0.7000007629394531,7.0,4.0,08-21,0.25061577558517467
08-07,0.0,-0.052898406982421875,-0.6347723007202157,0.21452808380126953,0.5590968132019043,0.31188488006591797,-0.057866096496585584,0.39746761322021484,0.8353948593139648,0.9420032501220703,0.8446006774902344,0.31999969482421875,8.0,3.0,08-22,0.30661992232004764
08-08,0.0,-0.19395756721496582,-0.6817922592163077,0.14987707138061523,0.38381290435791016,0.2682170867919922,-0.23789691925048828,0.3510971069335955,1.2343368530273438,1.1836318969726527,0.43686103820801137,0.649999618530277,8.0,3.0,08-23,0.29534890254338636
08-09,0.0,-0.24979519844055176,-0.9080781936645512,0.4349365234375,0.23874902725219727,0.2276744842529297,-0.530448913574217,0.4868974685668963,0.2318630218505877,0.525283813476566,0.9125576019287145,0.4099998474121129,8.0,3.0,08-24,0.14830329020818203
08-10,0.0,-0.12930631637573287,0.02644777297973544,0.40848779678344727,0.13297367095947266,0.205841064453125,-0.7972860336303711,0.5233345031738281,0.6512651443481445,0.6198329925537145,0.6213150024414098,0.04999923706055043,9.0,2.0,08-25,0.192742069562277
08-11,0.0,0.0,0.22334599494933993,0.3056321144104004,0.2447938919067365,0.2370290756225586,-1.006254196166994,0.38753318786621094,0.4841861724853498,0.8369483947753942,0.5242347717285156,0.4200000762939453,9.0,2.0,08-26,0.22145412365595477
08-12,0.0,0.08228540420532182,0.13224315643310458,0.12930631637573242,0.22666263580322266,0.4116830825805682,-0.9773168563842773,0.48027515411376953,0.19776535034179865,0.7669086456298828,-0.3300743103027379,0.03999900817871094,9.0,2.0,08-27,0.09664479891459136
08-13,0.0,0.149877548217773,0.0793447494506827,0.1528158187866211,0.024177551269529474,0.34930896759033203,-0.7104854583740234,0.39415645599365234,0.2318658828735387,0.7108802795410156,0.03883171081543324,-0.28999900817871094,9.0,2.0,08-28,0.09423120816548698
08-14,0.0,0.13224482536315874,-0.09110212326049894,0.04702043533325195,-0.1752786636352539,0.15282058715820135,-0.7329883575439453,0.3312234878540039,0.276191711425783,0.6758613586425781,-0.2524089813232422,-0.31999969482421875,6.0,5.0,08-29,0.003632048765818167
08-15,0.0,0.17632603645324707,-0.023511886596680576,0.16163110733032227,-0.057421684265133166,0.20895767211913885,-0.8680133819580078,0.34116077423095703,0.11593055725097656,0.5007648468017578,0.8154773712158203,-0.7899990081787109,7.0,4.0,08-30,0.04844186703364062
08-16,0.0,0.2145295143127437,-0.017632484436035156,0.16750860214233398,-0.0876426696777326,0.04054355621337713,-0.6976251602172852,0.4173431396484375,-0.04091453552246094,0.3711986541748047,0.22328567504883168,-0.6399993896484375,6.0,5.0,08-31,-0.004117091496785223
08-17,0.0,0.011755943298339844,0.05583620071411133,0.16457033157348633,0.03928899765014826,0.04054355621337713,-0.6236820220947248,0.34447002410888494,0.06478500366211115,0.1050567626953125,0.13591003417969105,-0.5699996948242188,9.0,2.0,09-01,-0.019288738568623415
08-18,0.0,0.04702138900756836,0.24391794204712003,0.20571374893188477,0.03928899765014826,0.034305572509765625,-0.6911964416503906,0.17554855346679865,0.2727804183959961,-0.070037841796875,0.13591003417969105,-0.6700000762939453,8.0,3.0,09-02,-0.023062308629353174
08-19,0.0,0.3144469261169438,0.290937900543212,0.20571374893188477,0.10880136489868342,0.046783447265625,-0.7908592224121076,0.22191905975341797,0.1773061752319336,-0.070037841796875,0.7281017303466797,-0.37000083923339844,8.0,3.0,09-03,0.07192603747049993
08-20,0.0,0.37028455734252974,0.31150960922241255,0.18514251708984375,-0.08159828186035156,0.11539554595947266,-0.33756351470947266,0.1358013153076172,0.1773061752319336,-0.05253028869628906,1.3105850219726562,0.6199989318847621,8.0,3.0,09-04,0.2295276323954262
08-21,0.0,0.35559058189392134,0.31150960922241255,0.18220281600952148,-0.012089729309082031,0.13099098205566406,-0.07072639465331854,0.1358013153076172,0.3102874755859375,-0.5357875823974609,0.33978271484374645,0.9799995422363246,8.0,3.0,09-05,0.17729677756627363
08-22,0.0,0.35559058189392134,0.23803997039795055,0.07052993774414062,0.033242225646972656,0.09980297088623047,0.23147010803222656,0.1391153335571289,0.3614349365234375,0.007001876831051135,0.5436515808105433,0.7699985504150355,11.0,0.0,09-06,0.23748983939488655
08-23,0.0,0.4055497646331787,-0.10285568237304688,0.3497123718261719,0.051373481750486505,0.021831512451171875,0.23147010803222656,0.15898513793945135,0.2011756896972674,0.0455245971679652,1.3979606628417969,0.7699985504150355,10.0,1.0,09-07,0.2942271828651421
08-24,0.0,0.5142817497253418,-0.1880803108215332,0.3262028694152832,0.1420392990112287,0.10915946960449219,0.28612327575683594,0.11924076080322266,0.36484432220458984,0.10155296325683238,1.0387630462646449,0.28999900817871094,10.0,1.0,09-08,0.2586772044499708
08-25,0.0,0.33501791954040616,0.11461067199707031,0.3702831268310547,0.18737125396728516,0.10915946960449219,0.3182716369628906,0.1854867935180664,0.3205184936523455,-0.07703971862793324,1.5435791015625,-0.22999954223632812,9.0,2.0,09-09,0.2647716005643208
08-26,0.0,0.12636637687683105,0.04702043533325195,0.36440610885620117,0.24176883697509766,0.1964864730834961,0.1639585494995135,0.17554950714111328,0.38871669769287287,0.09805297851562145,0.9319744110107422,-0.4600009918212926,10.0,1.0,09-10,0.18952494859695404
08-27,0.0,0.08816289901733443,-0.11167335510253906,0.4790167808532715,0.4593620300292951,0.20896244049072443,-0.09965991973876953,0.0927438735961914,0.11593246459960938,-0.06303215026855469,2.2522659301757777,-0.7700004577636719,7.0,4.0,09-11,0.22100671132405572
08-28,0.0,0.0940394401550293,-0.2968137264251709,0.326202392578125,0.601407051086424,0.29004955291748047,-0.1736030578613299,-0.04637050628661932,0.20117759704589844,0.03852272033691406,1.310586929321289,-0.8400001525878906,7.0,4.0,09-12,0.12543318669001247
08-29,0.0,0.2027740478515625,-0.2879974842071533,0.30857038497924805,0.4956293106079084,0.2151966094970703,-0.06107997894286932,-0.29810237884521484,0.43985843658447266,0.12956619262694957,1.1746730804443395,-0.29000091552734375,7.0,4.0,09-13,0.16909060875574747
08-30,0.0,0.20571327209472656,-0.22334623336791992,0.3849773406982422,0.5500316619873047,0.15593910217285156,-0.15109634399413885,-0.03312015533447088,0.19435691833496094,0.02451324462890625,0.9610977172851598,-0.7100009918212926,7.0,4.0,09-14,0.11325546105702748
08-31,0.0,0.18220162391662642,-0.14399957656860263,0.3849773406982422,0.43216896057128906,0.07796859741210938,-0.09965896606445135,-0.1788597106933576,0.29664707183837713,0.21361541748046875,1.5824108123779332,-1.5699996948242188,7.0,4.0,09-15,0.09812265634536799
09-01,0.0,0.061714172363280806,0.06465339660644442,0.2527332305908203,0.30221462249756037,0.06237506866455256,0.025720596313474786,-0.19873523712158203,0.1670780181884748,-0.14007568359375,1.1552562713623047,-1.5799989700317365,8.0,3.0,09-16,0.014411290486653683
09-02,0.0,0.11167144775390625,0.2733049392700204,0.24097919464111328,0.3143043518066406,0.06549263000488281,0.035365104675294745,-0.35109519958495916,0.31028747558593395,-0.021009445190429688,0.4465675354003906,-2.9899997711181605,8.0,3.0,09-17,-0.13034431139628055
09-03,0.0,0.01175451278686479,0.2762446403503418,0.24097919464111328,0.2478170394897461,0.028069496154785156,0.0032148361206054688,-0.30472660064697266,0.2489166259765625,-0.3782024383544922,0.2232818603515625,-2.2699995040893572,8.0,3.0,09-18,-0.13938752810160338
09-04,0.0,0.07346844673156694,0.22922372817993164,0.28505992889404297,0.22364044189453303,-0.0031213760375976562,0.08358478546142578,-0.1821737289428711,0.255734443664549,-0.34318351745605113,0.3689041137695348,-2.1799993515014666,7.0,4.0,09-19,-0.09907184044520019
09-05,0.0,0.06171393394470215,0.19102001190185547,0.12049055099487305,0.11484146118164062,-0.0031213760375976562,-0.045008659362794745,-0.2782278060913086,0.12275600433349432,0.0,-0.6795616149902344,-1.7399988174438459,5.0,6.0,09-20,-0.17792469263076796
09-06,0.0,0.04995894432067827,-0.00881671905517667,0.07640790939331055,0.060443878173828125,-0.040546417236328125,-0.10930728912353693,-0.09477901458740234,-0.002903938293460584,-0.7032756805419886,-0.06795692443847656,-2.0399990081787074,3.0,8.0,09-21,-0.24006452163060502
09-07,0.0,0.08522391319274858,-0.13224411010742188,-0.038202762603759766,-0.04231071472167791,-0.07173347473144531,-0.24111747741699574,0.07868671417236506,0.4965200424194336,-0.5421905517578125,-1.4562072753906214,-2.1599988937377876,3.0,8.0,09-22,-0.33529788255691456
09-08,0.0,0.3085708618164058,-0.152815580368042,-0.01469278335571289,0.015112876892089844,-0.2276744842529297,-0.101840019226076,0.3512153625488281,0.41127490997314453,-0.5737075805664062,-1.485549926757809,-2.519999504089352,4.0,7.0,09-23,-0.33250882228215495
09-09,0.0,0.1087336540222168,-0.16163182258605957,0.17044878005981445,0.03032875061035334,-0.38209056854248047,-0.1802692413330078,0.6029472351074237,0.1794118881225586,-0.6054000854492188,-1.7104854583740199,-1.8699989318847674,5.0,6.0,09-24,-0.3181671500205989
09-10,0.0,0.10579442977905273,-0.20571184158325195,0.5554261207580575,0.034106254577638495,-0.5324192047119141,-0.0675811767578125,0.3942747116088885,0.07639312744140625,-0.6934299468994176,-1.5559463500976598,-2.2199993133544886,5.0,6.0,09-25,-0.34242443243662507
09-11,0.0,0.08522486686706499,-0.4496300220489502,0.5906925201416025,-0.023947715759277344,-0.5425100326538086,-0.1190185546875,0.5677146911621112,0.19658660888671875,-0.80999755859375,-2.5110015869140696,-1.3600006103515625,4.0,7.0,09-26,-0.3646572828292851
09-12,0.0,-0.01763176918029785,-0.41730427742004395,0.34383583068847656,-0.046124458312991834,-0.5269165039062518,-0.012928009033201349,0.5943984985351562,0.562830924987793,-0.7541427612304688,-1.7904491424560511,-1.4800004959106463,3.0,8.0,09-27,-0.29536934693654393
09-13,0.0,0.005878925323485884,-0.4907748699188246,0.3350191116333008,-0.05821418762207209,-0.530034065246582,-0.04855632781982244,0.5102491378784144,0.4168462753295952,-1.0316638946533203,-1.081760406494137,-2.1400003433227557,4.0,7.0,09-28,-0.34275088707605983
09-14,0.0,-0.029387712478637695,-0.5201616287231445,0.3350191116333008,0.008273124694822442,-0.6055145263671875,0.02593898773193537,0.590184211730957,0.5434579849243146,-0.6744709014892578,-0.858474731445309,-1.8800001144409197,5.0,6.0,09-29,-0.2554280161857605
09-15,0.0,-0.09991645812988281,-0.6788537502288818,0.2909383773803711,0.06303787231445312,-0.5206003189086914,-0.40679836273193537,0.4242715835571289,0.5366401672363281,-0.7094898223876989,-0.9269351959228516,-0.8799991607666016,4.0,7.0,09-30,-0.24230875571568852
09-16,0.0,-0.08816194534301802,-0.6406500339508057,0.24979591369628906,-0.013025283813476562,-0.4266195297241193,-0.59124755859375,0.5203256607055664,0.6696186065673828,-0.9418926239013707,-1.2985744476318395,-1.1400003433227521,3.0,8.0,10-01,-0.3083692987759911
09-17,0.0,-0.07640695571899414,-0.4408133029937735,0.2409791946411124,0.033512115478515625,-0.53936767578125,-0.3326139450073242,0.33687686920166016,0.6627521514892578,-0.9454154968261754,-1.6292228698730469,-0.7700004577636719,4.0,7.0,10-02,-0.28831003109614084
09-18,0.0,-0.11167192459106445,-0.4055485725402823,0.2674264907836914,0.23998355865478516,-0.7943735122680664,-0.2008037567138654,0.25682735443115234,0.9100017547607422,-1.218347549438473,-1.1540336608886683,-0.6500005722045916,4.0,7.0,10-03,-0.23837836583455338
09-19,0.0,-0.1528148651123047,-0.4584457874298087,0.2703666687011719,0.34077167510986506,-0.638432502746582,-0.34008121490478516,0.37690162658691406,0.9306030273437518,-1.228912353515625,-1.7506046295166016,-0.28999996185302734,4.0,7.0,10-04,-0.24505402644475263
09-20,0.0,-0.15575337409973145,-0.6406502723693848,0.04114246368408292,0.32555580139160156,-0.4465913772583008,-0.2558698654174787,0.3101892471313459,0.8722295761108398,-0.7465019226074219,-1.5256690979003906,0.4400005340576172,5.0,6.0,10-05,-0.14849319060643507
09-21,0.0,-0.1763274669647208,-0.32914328575134233,-0.34383487701416016,0.2129802703857404,-0.3648233413696289,-0.13927268981933416,0.16009998321533203,0.8756637573242188,-0.658472061157223,-1.4180908203125,0.7200002670288086,4.0,7.0,10-06,-0.12176835536956747
09-22,0.0,0.023509740829467773,0.011754035949707031,-0.38791847229003906,0.1429996490478498,-0.31764793395996094,0.23967838287353516,0.13341617584228338,0.7554702758789062,-0.475366592407223,-1.682149887084961,0.6099996566772479,7.0,4.0,10-07,-0.07885458072026556
09-23,0.0,0.16163253784179643,-0.02057170867919922,-0.3555917739868182,0.09432029724120916,-0.26103782653808594,0.14251232147216797,0.10673236846923828,0.5563030242919922,-1.190179824829098,-1.4669914245605469,1.5399999618530256,6.0,5.0,10-08,-0.05773933728535988
09-24,0.0,0.1381218433380127,-0.08816242218017534,-0.3115110397338876,0.20080947875976562,-0.3868389129638672,0.2915000915527326,0.3001861572265643,0.453283309936527,-1.2500400543212855,-1.2420520782470632,2.4400005340576136,6.0,5.0,10-09,0.04544140895207808
09-25,0.0,0.1675095558166504,0.00294065475463956,-0.09110116958618164,0.04259681701660334,-0.1383800506591797,0.2170047760009748,0.2534923553466797,0.4292469024658203,-1.1972217559814453,-1.3594093322753942,2.1800003051757777,7.0,4.0,10-10,0.04222325483957875
09-26,0.0,0.13224339485168457,-0.008814334869384322,-0.16457080841064453,-0.009122848510742188,-0.22329425811767578,0.4793539047241193,0.15676593780517756,0.260974884033196,-1.0739803314208949,-1.232269287109375,1.840000152587887,5.0,6.0,10-11,0.01310720046361232
09-27,0.0,0.1675095558166504,-0.08522462844848633,-0.17044973373413175,0.0669403076171875,-0.27361392974853693,0.6769266128540021,0.07671451568603516,0.281585693359375,-1.2394771575927734,-0.8606300354003871,2.1199989318847656,6.0,5.0,10-12,0.06335667769114169
09-28,0.0,0.14987635612487793,0.1586930751800537,-0.16163301467895508,-0.11257266998291016,-0.4277219772338885,0.7773313522338867,0.056700706481933594,0.216339111328125,-1.2359542846679688,-0.7823925018310547,2.4699993133544957,6.0,5.0,10-13,0.09238878885904962
09-29,0.0,0.1704485416412349,0.19101905822753906,-0.12636756896972745,0.036511421203611505,-0.6006965637207067,0.9587135314941424,0.2501554489135742,-0.030910491943359375,-1.274688720703125,-0.9486522674560547,3.0699996948242188,6.0,5.0,10-14,0.1412943402926123
09-30,0.0,0.1733870506286621,0.24391627311706543,-0.052896976470947266,0.21906661987304688,-0.6887569427490234,0.6672096252441406,0.1300811767578125,-0.12362098693847656,-1.3169422149658203,-0.7334957122802734,2.5900001525878906,6.0,5.0,10-15,0.09232900540033977
10-01,0.0,0.17632555961608887,0.41730403900146484,-0.13224458694458008,0.17038440704345703,-0.3270835876464826,0.47611713409423473,0.02001476287841797,-0.16482734680175426,-1.162008285522461,-0.8215141296386719,1.0099992752075195,6.0,5.0,10-16,-0.028127729892730564
10-02,0.0,0.13812303543090776,0.34089779853820756,-0.01763439178466797,0.06693840026855469,-0.4088516235351545,0.3595199584960902,-0.0633707046508789,-0.17513084411621094,-0.34508323669433594,0.019559860229488635,0.7299995422363281,6.0,5.0,10-17,0.053747316201527395
10-03,0.0,0.07934904098510698,0.4319980144500737,0.052897930145262784,0.19168567657470703,-0.45602703094482244,0.15222835540771307,-0.023346900939941406,-0.188867568969723,-0.4190292358398402,0.3227367401123047,0.34999942779541016,7.0,4.0,10-18,0.04113537073135428
10-04,0.0,0.05877566337585405,0.32914328575134233,0.05877542495727628,0.24036502838134766,-0.4371576309204084,0.16194534301757812,-0.006671905517579901,-0.054943084716796875,0.14437294006347656,0.10757827758789062,1.0999994277954102,8.0,3.0,10-19,0.14184856414794922
10-05,0.0,-0.017632007598876953,0.20277547836303667,0.014694690704345703,0.2281951904296875,-0.3019227981567383,0.19109535217285334,-0.03668689727783203,0.12019157409667969,0.20423316955566406,0.3814163208007777,1.1699991226196254,8.0,3.0,10-20,0.17969659964243523
10-06,0.0,-0.061714887619018555,0.1057953834533687,-0.0146942138671875,0.34685611724853516,0.05346488952636719,0.3433208465576172,0.036688804626464844,0.14422798156738637,0.18310546875,0.7921752929687429,-0.010000228881834161,8.0,3.0,10-21,0.15993545452753685
10-07,0.0,0.0,0.11755037307739258,-0.14693880081176758,0.3285999298095703,0.3428068161010742,0.1975727081298828,0.13341522216796697,0.22321319580078836,-0.1971893310546875,1.271390914916985,-0.860000610351559,7.0,4.0,10-22,0.11753503481547052
10-08,0.0,-0.03526616096496582,0.08816409111022949,-0.19689655303955078,0.7058811187744123,0.34909534454345703,-0.07449245452880682,0.15009307861327947,0.13735961914062855,-0.29578208923339844,1.6723670959472656,-1.5099992752075195,6.0,5.0,10-23,0.08254365126291925
10-09,0.0,-0.047020673751831055,0.11461210250854537,-0.08816385269165039,0.6267709732055664,0.37426090240478516,-0.1748971939086914,0.10339736938476562,0.07898521423340199,-0.1725387573242223,1.7701644897460938,-1.8599996566772496,6.0,5.0,10-24,0.060464243094126124
10-10,0.0,-0.07346940040588379,0.16457247734069824,-0.03820323944091708,0.35598564147949396,0.5472354888916033,-0.19433307647705256,-0.0166778564453125,-0.10988235473633168,-0.028171539306644178,1.7408275604248082,-2.439999580383301,4.0,7.0,10-25,-0.007676323254903232
10-11,0.0,-0.04995989799499512,0.2439172267913814,-0.12342977523803711,0.1734304428100586,0.6919069290161133,-0.2137689590454137,0.1534290313720703,-0.1648273468017578,-0.49649810791015625,1.525671005249027,-2.5,5.0,6.0,10-26,-0.06334412097930912
10-12,0.0,-0.11167311668395996,0.11167311668395996,-0.0440821647644043,0.07910823822021484,0.8648824691772461,-0.1749000549316424,-0.17677783966064453,-0.2266445159912145,-0.6514320373535156,1.682149887084961,-2.2100000381469727,4.0,7.0,10-27,-0.07147467136383101
10-13,0.0,-0.05289816856384277,0.3644058704376216,-0.11167287826538086,0.18863773345947266,0.89947509765625,0.16194534301757812,-0.16676998138427734,-0.2163410186767578,-0.9296092987060547,2.083126068115231,-2.5500001907348633,5.0,6.0,10-28,-0.027475118637085294
10-14,0.0,-0.029388666152954546,0.2733056545257555,-0.11167287826538086,0.1004037857055664,0.8806056976318342,0.23319816589355646,-0.20679378509521484,-0.3708705902099645,-0.6126956939697301,2.2982845306396413,-1.7799997329711932,5.0,6.0,10-29,0.05619804064432632
10-15,0.0,-0.008815288543701616,0.2703652381896964,-0.11167287826538086,0.021297454833984375,1.0410003662109357,0.31093406677245916,-0.20679378509521484,-0.32966423034668324,-0.6232585906982422,2.22982215881348,-3.179999351501465,5.0,6.0,10-30,-0.04889873663584432
10-16,0.0,-0.041142225265503374,0.3467731475830087,-0.09697961807250977,-0.03955554962158203,0.9026212692260742,0.28178405761718395,-0.5069799423217773,-0.32966423034668324,-1.0493297576904332,2.5623435974121094,-3.24999904632568,4.0,7.0,10-31,-0.10167735815048273
10-17,0.0,-0.03526568412780762,0.26448774337768555,-0.18514156341552734,-0.25557994842529297,0.5472335815429688,0.2040529251098615,-0.3068561553955096,-0.3914718627929723,-0.4683265686035156,0.9095325469970739,-2.229999542236328,4.0,7.0,11-01,-0.16227787733078033
10-18,0.0,-0.047019243240356445,0.2497937679290776,0.24391698837280273,-0.23732376098632812,0.4717540740966797,0.2040529251098615,-0.3969125747680664,-0.31936073303223367,0.03169441223144531,0.4303169250488317,-1.7399997711181658,6.0,5.0,11-02,-0.09242391586303766
10-19,0.0,-0.0969774723052983,0.11167192459106445,0.29387474060058594,-0.30426120758056463,0.48747730255126953,0.26235294342041016,-0.6103773117065412,-0.20946884155273438,0.13028717041015625,-0.1466999053955078,-1.3799991607666016,5.0,6.0,11-03,-0.12184331814448013
10-20,0.0,-0.10579442977905273,0.19395875930786,0.27918243408203125,-0.1308307647705078,0.5912647247314453,0.4372520446777379,-0.5136508941650408,-0.1510944366455078,0.04225730895996094,-0.5281162261962855,0.14999961853027344,6.0,5.0,11-04,0.022035678227742845
10-21,0.0,-0.09110164642333984,0.14399838447570712,0.376162052154541,-0.32859992980956854,0.43401336669921875,0.4048614501953125,-0.3935756683349627,-0.048078536987301135,0.570440292358402,-0.20537948608398082,1.3499994277954137,6.0,5.0,11-05,0.18439497550328685
10-22,0.0,-0.11461114883422852,0.026448965072631392,0.32326459884643644,-0.19776630401611328,0.4874763488769531,0.3951463699340856,-0.5003089904785174,0.2781505584716797,0.4753646850585902,-0.9388713836669922,1.510000228881836,7.0,4.0,11-06,0.14535782734553007
10-23,0.0,-0.07347011566162065,-0.173386812210083,0.20865297317504883,-0.1673431396484375,1.1322050094604492,0.3562774658203143,-0.5236568450927752,0.3330917358398473,0.8415794372558629,0.12713813781737926,1.2200002670288086,7.0,4.0,11-07,0.2734240094820662
10-24,0.0,-0.14693856239318803,-0.1675097942352286,0.1528158187866211,-0.40770530700683594,1.0976123809814453,0.11660099029541193,-1.5776424407958967,0.7176990509033203,1.0845451354980469,-4.635684967041016,1.9700002670288086,6.0,5.0,11-08,-0.14968395233154255
10-25,0.0,-0.1851420402526851,-0.05289602279663086,-0.017632484436035156,-0.3194713592529297,1.041001319885254,-0.11659717559814453,-1.390861511230467,0.7383060455322266,0.14085006713867543,-4.850843429565426,2.310000419616699,4.0,7.0,11-09,-0.2252738475799553
10-26,0.0,-0.2703654766082759,-0.2115912437438956,0.03232526779174805,-0.29513072967529297,1.1762351989746094,-0.33684444427490234,-1.3441667556762695,0.7520408630371129,0.1514129638671875,-4.997541427612305,2.060000419616699,5.0,6.0,11-10,-0.27363544702529863
10-27,0.0,-0.24685716629028231,-0.4114286899566655,-0.26448869705200195,-0.5780935287475568,1.1164798736572266,-0.4048614501953125,-0.893885612487793,0.7520408630371129,0.2007122039794922,-4.3716278076171875,3.6600008010864276,4.0,7.0,11-11,-0.12016743421554506
10-28,0.0,-0.25273370742797807,-0.32914328575134233,-0.4261207580566406,-0.346855163574217,1.0472908020019531,-0.4372520446777326,-1.0940093994140607,0.7795085906982493,0.09859466552734375,-4.537885665893555,4.339999198913574,4.0,7.0,11-12,-0.09655056397120047
10-29,0.0,-0.24098014831542924,-0.28506064414977983,-0.38203954696655273,-0.30121612548828125,0.956085205078125,-0.47611713409423473,-1.1206941604614258,0.4910564422607493,0.4084644317626953,-4.782386779785153,3.6700010299682635,4.0,7.0,11-13,-0.17190728584925194
10-30,0.0,-0.1822052001953116,-0.3791000843048091,-0.3967313766479492,-0.1064901351928711,1.1384973526000977,-0.5344171524047834,-1.3074779510498047,0.5425662994384837,-0.12324142456054688,-3.7457122802734375,3.310000419616699,3.0,8.0,11-14,-0.14869262774785272
10-31,0.0,-0.1822052001953116,-0.2791821956634526,-0.7493834495544434,-0.30121707916259766,1.0347099304199219,-0.6769275665283203,-1.0773334503173828,0.3159255981445348,-0.07394981384277344,-2.89486122131348,2.3900012969970703,3.0,8.0,11-15,-0.20786859591801962
11-01,0.0,-0.179265975952148,-0.19395780563354492,-0.8933835029602051,-0.10344791412353693,1.0126943588256836,-0.8421134948730504,-0.7337865829467773,0.25411224365234375,-0.5915718078613317,-3.217597961425785,2.1000003814697266,3.0,8.0,11-16,-0.28235983848571883
11-02,0.0,-0.18514180183410645,-0.2791817188262935,-0.8404860496521005,-0.15821647644043146,1.040999412536621,-0.9328022003173846,-0.6704149246215803,-0.14423179626464488,-0.4964962005615199,-2.640583038330078,2.5900001525878906,2.0,9.0,11-17,-0.22637955347696895
11-03,0.0,-0.2027738094329834,-0.14693856239318803,-0.728813648223877,-0.08823680877685547,1.2359895706176758,-0.7935304641723633,-0.5269937515258771,-0.1991729736328125,-0.6091785430908203,-1.7701683044433594,2.3299999237060547,2.0,9.0,11-18,-0.12498478094736716
11-04,0.0,-0.07053089141845703,-0.15281558036804244,-0.6906099319458008,-0.0760650634765625,1.286311149597168,-0.7481861114501971,0.5269918441772443,-0.4567222595214844,-0.3486042022705078,-2.0537853240966797,2.2299995422363317,3.0,8.0,11-19,-0.04616806904474898
11-05,0.0,-0.03232741355895996,-0.2027759552001953,-0.5201621055603027,-0.09736251831054688,0.4497346878051758,-0.4502105712890625,0.5570125579833967,-0.5940780639648402,-0.40142250061035156,-2.963319778442383,1.889999389648441,3.0,8.0,11-20,-0.19707602262496904
11-06,0.0,0.032325506210326704,-0.20865345001220748,-0.361466884613038,-0.13387489318847656,0.3050699234008789,-0.2299633026123047,0.3769035339355451,-0.5356998443603516,-0.45072174072265625,1.2224903106689453,2.139999389648441,5.0,6.0,11-21,0.1797007123629252
11-07,0.0,0.04114317893981845,-0.26155161857605025,-0.23216152191162198,0.133874893188473,0.3648252487182617,-0.12631797790527344,0.4402732849121076,-0.3674354553222621,0.17605972290039062,0.24449920654296875,0.6199989318847692,7.0,4.0,11-22,0.08610065778096514
11-08,0.0,0.05877399444580078,-0.3438351154327388,-0.1439986228942871,-0.09736347198486683,0.2736196517944336,-0.07125377655029475,0.6303930282592773,-0.4223766326904297,0.15845680236816406,0.41075706481933594,0.6199989318847692,6.0,5.0,11-23,0.08943098783493031
11-09,0.0,0.07053017616271973,-0.22040557861328125,-0.188079833984375,-0.13691616058349787,0.31764793395996094,-0.00647735595703125,0.4802980422973633,-0.020603179931644178,-0.1514129638671875,0.2836189270019496,0.6199989318847692,5.0,6.0,11-24,0.08734991153081213
11-10,0.0,0.07053017616271973,-0.11461162567138716,-0.17338800430297852,-0.24949169158935547,0.28934192657470703,0.012955665588378906,0.613713264465332,-0.07211303710937855,-0.04929924011230469,-0.15648078918457387,0.5900001525878942,5.0,6.0,11-25,0.06342973311742113
11-11,0.0,0.06465339660644487,-0.2145295143127437,-0.1528162956237793,-0.17951393127441406,0.4686088562011701,0.051820755004881036,0.38356876373291016,0.010301589965820312,0.23240089416503906,0.3814182281494105,0.7699985504150426,8.0,3.0,11-26,0.15132594108581512
11-12,0.0,0.06171417236328125,-0.15575504302978516,-0.008817195892333984,-0.2920846939086914,0.2704734802246076,0.3692340850830096,0.2268047332763672,0.1510944366455078,0.12324142456054688,0.019559860229488635,1.0599994659423864,8.0,3.0,11-27,0.1521220604578654
11-13,0.0,0.049958229064941406,-0.15575504302978516,0.35265207290649414,-0.27078819274902166,0.3113584518432635,0.45992279052734375,0.5770225524902344,0.19573402404785156,0.14436721801757812,-0.44987487792969105,0.5699996948242223,8.0,3.0,11-28,0.14871641000111926
11-14,0.0,0.08228540420532227,-0.1528151035308838,0.3702831268310547,-0.3438129425048828,0.11636829376220881,0.4275341033935547,0.6137113571166992,0.07554817199706676,-0.20422935485839844,-1.3691921234130895,0.0,6.0,5.0,11-29,-0.03202658891677901
11-15,0.0,0.008815526962280273,-0.14693880081176713,0.3320794105529785,-0.3559846878051758,0.14152622222900568,0.4631614685058576,0.5136489868164062,0.2815895080566442,-0.04225349426269531,-1.0855751037597692,0.0,6.0,5.0,11-30,0.009172419706980425
11-16,0.0,-0.032326459884643555,0.07934832572936967,0.16163158416748047,-0.2434091567993164,0.0817708969116211,0.5959568023681658,0.376899719238283,0.7692108154296804,0.010564804077148438,-1.046453475952152,0.0,7.0,4.0,12-01,0.06276615460713642
11-17,0.0,-0.047019004821777344,0.20865345001220748,0.07052946090698331,-0.26166534423828125,0.11636543273925604,0.5894794464111328,0.7271156311035174,0.7108325958251918,0.32747840881347656,-1.036672592163086,0.0,7.0,4.0,12-02,0.11709145704905173
11-18,0.0,0.07053041458129927,0.26155161857605025,0.08522415161132812,-0.3164329528808576,-0.06604099273681463,0.6445426940917987,0.6637458801269549,0.6249847412109304,0.2253589630126953,-1.3105087280273402,0.0,7.0,4.0,12-03,0.0735796491305037
11-19,0.0,0.05289959907531694,0.32620382308959917,-0.15869474411010653,-0.22515201568603516,0.05031776428222656,0.5862388610839862,0.5003089904785174,0.8310203552246058,0.2429637908935547,-1.398529052734375,0.0,7.0,3.0,12-04,0.06729811429977417
11-20,0.0,0.05289959907531694,0.2644877433776851,0.023510456085205078,-0.19168567657470525,0.022013664245607245,0.5214624404907227,0.2768363952636719,0.7692089080810511,0.3626842498779297,-1.2322711944580043,0.0,8.0,2.0,12-05,0.07242888212204002
11-21,0.0,0.09697985649108798,0.3937926292419429,0.24979496002197354,-0.09432029724121271,0.05031967163086115,0.44696712493896484,0.3402090072631836,0.8138484954833949,0.04225540161132457,-0.6845932006835938,0.0,8.0,2.0,12-06,0.13793780406316059
11-22,0.0,0.1204905509948726,0.47608160972595215,-0.14106035232543945,-0.16429805755615412,-0.034597396850582385,0.3562774658203125,0.5203237533569336,0.7039623260498047,-0.6584720611572266,-1.2224922180175781,0.0,5.0,5.0,12-07,-0.003648698329925426
11-23,0.0,0.07053136825561568,0.3614678382873526,-0.14106035232543945,-0.14908981323242365,-0.07233619689941229,0.5408945083618164,0.38023471832275213,0.5047950744628906,-0.6584720611572266,-0.6552562713623011,0.0,5.0,5.0,12-08,0.015142401059468699
11-24,0.0,0.0499577522277832,0.3555903434753418,-0.14987754821777344,-0.1795177459716797,0.05975341796875355,0.35951900482177734,0.5169858932495117,0.5047950744628906,-0.8486156463623047,-0.4400978088378871,0.0,6.0,4.0,12-09,0.01904106140136778
11-25,0.0,0.14399933815002397,0.3555903434753418,-0.22628545761108398,-0.2281970977783203,-0.056610107421876776,0.28502368927001953,0.5169858932495117,0.662755966186527,-1.0317211151123047,-0.4498767852783203,0.0,5.0,5.0,12-10,-0.0023612777392068387
11-26,0.0,0.14399933815002397,0.3262031078338623,-0.23804092407226562,0.030426025390625,-0.0031442642211914062,0.11012172698974432,0.5036458969116211,0.7314357757568395,-2.1479530334472656,-0.5770149230956996,0.0,6.0,5.0,12-11,-0.09336010615030883
11-27,0.0,0.2145292758941646,0.3026919364929199,-0.17632532119750977,-0.006083488464355469,-0.19813728332519354,0.11012172698974432,0.5470085144042969,0.9924182891845739,-2.0458431243896484,-0.2836151123046875,0.0,5.0,6.0,12-12,-0.0452695488929746
11-28,0.0,0.2174677848815918,0.3262031078338623,-0.1880807876586914,0.18255805969238104,-0.19813728332519354,0.10040569305419922,0.5470085144042969,0.7692070007324183,-2.4859981536865234,-0.04890060424805043,0.0,6.0,5.0,12-13,-0.0648555556933091
11-29,0.0,0.32914090156555176,0.19689536094665527,-0.03820323944091708,0.18255805969238104,0.003141403198240411,0.07449626922607422,0.3835716247558576,0.4567146301269567,-2.2676773071289062,-0.04890060424805043,0.0,7.0,4.0,12-14,-0.0606885751088464
11-30,0.0,0.30856871604919434,0.09991669654846191,0.20571565628051758,0.2586221694946289,0.05975151062011541,-0.0129547119140625,0.20679283142089666,0.12362670898437855,-2.2852821350097656,0.21515655517578125,0.0,8.0,3.0,12-15,-0.06834050019582112
12-01,-0.008816242218018022,0.21452856063842773,0.017632961273193803,0.09697961807250977,0.3346853256225568,0.07547760009765447,-0.16842269897461115,0.4202594757080078,0.18543815612793324,-2.2465534210205043,0.6845932006835938,0.0,8.0,3.0,12-16,-0.03284978866577134
12-02,-0.06759142875671387,0.1557552814483647,-0.11167192459106401,0.08522224426269531,0.4107494354248047,-0.06604385375976562,-0.14251041412353516,0.3568868637084961,0.02747726440430398,-2.2430305480956996,0.6063518524169922,0.0,6.0,5.0,12-17,-0.08236710230509343
12-03,0.0793454647064209,0.13224458694458008,-0.20571541786193803,0.10579442977905185,0.4685630798339844,-0.19184398651123225,0.0,0.23014068603515625,-0.10988807678222301,-2.6691036224365163,0.9290943145751882,0.0,6.0,5.0,12-18,-0.10261404514312733
12-04,0.0793454647064209,0.18808054924011186,-0.15281724929809615,-0.001502037048340732,0.43204975128174006,0.13208961486816584,-0.1846170425415039,0.3969106674194336,0.10301780700683949,-1.8345680236816406,0.9193115234375,0.0,7.0,4.0,12-19,0.006441752115885861
12-05,0.0793454647064209,0.21746730804443315,-0.12636876106262207,0.3938179016113281,0.38267707824706854,0.0,-0.15546894073486328,0.2968511581420916,0.10988998413085938,-1.676111221313473,0.7237148284912074,0.0,7.0,4.0,12-20,0.02048456668853756
12-06,0.28506112098693803,0.26448631286621005,-0.023509502410887784,0.49397945404052734,0.43135643005370916,0.04717350006103693,-0.32065010070800604,0.0968017578125,0.12956809997558594,-2.0236473083496094,0.7334938049316406,0.0,8.0,3.0,12-21,0.009509464104970408
12-07,0.37616157531738326,0.235101699829102,0.06465101242065341,0.505734920501709,0.175778388977049,0.13208961486816406,-0.516389846801756,-0.11360263824462713,0.24068641662598012,-0.9074153900146484,0.9095344543456996,0.0,8.0,3.0,12-22,0.09186085065205907
12-08,0.4202432632446289,0.3438351154327397,0.06759142875671431,0.47340869903564453,0.4029064178466797,0.10378456115722656,-0.4155387878417951,-0.13344192504882812,-0.02029609680175426,-0.6714897155761719,0.7023429870605504,0.0,7.0,4.0,12-23,0.10611216227213623
12-09,0.3144466876983638,0.3408966064453125,0.04408025741577193,0.5268549919128418,0.3660745620727539,0.15725040435791016,-0.3669052124023455,-0.13344192504882812,0.06898880004883168,-0.8239803314208984,1.3436470031738281,0.0,8.0,3.0,12-24,0.1531593203544618
12-10,0.3144466876983638,0.22922348976135254,0.014693498611451083,0.5268549919128418,0.4208402633666992,0.31764888763427734,-0.3409957885742205,0.04667091369628906,0.06898880004883168,-0.8239803314208984,1.04046630859375,0.0,9.0,2.0,12-25,0.15123814344406147
12-11,0.3144466876983638,0.20571374893188477,0.014693498611451083,0.5000095367431632,0.32379817962646484,0.3082141876220721,-0.2535448074340838,0.04667091369628906,0.2729969024658203,-1.1539192199707031,0.71453857421875,0.0,9.0,2.0,12-26,0.10780151685078936
12-12,0.32326292991638184,0.23803997039794922,0.052897214889527255,0.37700700759887695,0.23545837402343928,0.292488098144533,-0.21791744232177912,-0.013815879821777344,0.09345817565917969,-1.585744857788086,0.33389854431152344,0.0,8.0,3.0,12-27,0.01075267791748069
12-13,0.308569192886353,0.24979448318481445,0.029386758804322177,0.3887643814086914,0.1593942642211914,0.32708168029785334,-0.12004566192626775,0.046622276306152344,0.14443969726562145,-1.0395870208740234,0.412139892578125,0.0,9.0,2.0,12-28,0.07554666201273612
12-14,0.4084877967834468,0.23804068565368564,0.1998355388641344,0.3681921958923349,0.0833272933959961,0.3587770462036133,-0.17224407196044922,0.1708812713623047,0.22302627563476562,-0.6135139465332067,0.2752170562744176,0.0,9.0,2.0,12-29,0.12833559513092027
12-15,0.4173042774200435,0.2674279212951669,0.11167407035827681,0.22863245010375977,0.0833272933959961,0.3587770462036133,-0.1916561126709002,-0.12022495269775568,0.010120391845703125,-0.6381626129150391,0.19628715515137074,0.0,8.0,3.0,12-30,0.06029224395751961
12-16,0.3585312366485591,0.22922396659851163,0.08522558212280273,0.4364814758300781,0.043422698974609375,0.472023010253908,-0.11950397491455078,-0.02016544342041371,-0.027658462524414062,-0.6452522277832067,0.17655372619629262,0.0,7.0,4.0,12-31,0.0824067989985147
12-17,0.152815580368042,0.18220496177673473,0.09698009490966797,0.4364814758300781,0.09514617919921875,0.18582820892333984,0.045677185058591974,-0.030244827270507812,-0.027658462524414062,-0.6452522277832067,0.07875823974609375,0.0,8.0,3.0,01-01,0.04756136735280322
12-18,0.06171512603759677,0.1998360157012944,0.09698009490966797,0.1603384017944336,0.2977218627929705,0.059711456298828125,0.24141693115234197,-0.030244827270507812,0.0034618377685546875,-0.8723945617675817,0.12825965881347656,0.0,9.0,2.0,01-02,0.02890016635258959
12-19,0.01763343811035112,0.19689822196960405,0.08816385269165039,0.2612953186035156,0.16881084442138672,0.08801651000976562,0.17943382263183594,-0.0268821716308576,0.06569671630859375,-0.14185333251953125,0.4538459777831996,0.0,9.0,2.0,01-03,0.11258826653162617
12-20,0.07346940040588246,0.12930512428283647,-0.0029375553131094634,0.3058342933654785,0.2056427001953125,0.04084014892578125,0.1663808822631836,0.023523330688474786,0.03803443908691051,-0.34754371643066406,-0.18745803833007812,0.0,8.0,3.0,01-04,0.037090917428334036
12-21,0.0969784259796147,0.0793480873107919,0.05877733230590865,0.3444352149963388,0.16881084442138672,-0.03522491455078125,0.0685129165649414,0.23186779022216797,-0.08990287780761719,0.0,0.17759132385253906,0.0,8.0,3.0,01-05,0.0917661786079409
12-22,0.255673885345459,0.0587763786315918,0.020573616027832475,0.30286550521850586,0.26088619232177734,-0.07325553894042969,0.026100158691408026,0.5712738037109375,0.05186271667480469,0.3156242370605469,0.769561767578125,0.0,10.0,1.0,01-06,0.2133285601933799
12-23,0.28212213516235307,0.01175546646118164,0.017635107040405273,0.31177234649658114,0.3376197814941406,-0.1521215438842809,-0.12723445892334162,0.5175075531005859,0.12793350219726562,-0.07092857360839844,0.7794284820556641,0.0,8.0,3.0,01-07,0.16962414979934637
12-24,0.17926430702209428,-0.0088176727294913,-0.008813858032224786,0.31771183013916104,0.18108749389648438,-0.2757301330566406,-0.433896064758299,0.40325450897216797,0.22820663452148438,0.3865489959716797,0.5130405426025391,0.0,7.0,4.0,01-08,0.12348804871241292
12-26,0.22922301292419345,0.0,0.03526544570923029,0.33255720138549805,0.1074228286743164,-0.24403762817382812,-0.4371566772460902,0.5611934661865234,0.3803443908691406,-0.14894485473633168,0.5327739715576136,0.0,7.0,4.0,01-10,0.11238676309585549
12-27,0.2321622371673584,-0.014693737030028409,0.058776378631592685,0.13361597061157227,0.14732742309570312,-0.24720764160156428,-0.8938913345336896,0.7493772506713867,0.42183494567871094,0.432653427124027,0.5525074005126918,0.0,8.0,3.0,01-11,0.13103852669398006
12-28,0.3761622905731201,0.01469278335571289,0.21452832221984863,0.2612953186035156,0.024552345275878906,-0.08557224273681818,-1.1059465408325178,0.9308395385742205,0.4425792694091797,0.6844444274902344,0.4834442138671875,0.0,9.0,2.0,01-12,0.1867516438166302
12-29,0.33795714378356934,0.05583620071411044,0.2586100101470947,0.13658475875854492,-0.015348434448242188,-0.1045875549316424,-0.936305046081543,0.9207582473754883,0.5151939392089844,0.3014392852783203,0.22692298889160512,0.0,8.0,3.0,01-13,0.1414217948913575
12-30,0.2527327537536639,0.12636566162109375,0.26448845863342285,0.11877059936523526,-0.006138801574707031,-0.2028369903564453,-0.8677921295165998,0.9073171615600586,0.36305809020996094,0.3688220977783203,-0.2762546539306605,0.0,7.0,4.0,01-14,0.08737768729527857
12-31,0.23510122299194247,0.19395875930786133,0.22334432601928622,0.1157994270324707,-0.2087116241455078,0.006338119506834161,-0.9787158966064453,0.6754493713378906,0.36305809020996094,0.5603218078613281,0.06906318664550781,0.0,9.0,2.0,01-15,0.1045838991800941
