,2009,2010,2011,2012,2013,2014,2015,2016,2017,2018,2019,2020,ups,downs,end_day_sum,avg
01-02,1.3738670349121094,0.0,-1.660945892333988,-1.173604965209961,0.13836669921875,0.3887214660644531,0.0,-0.2010803222656321,0.38947677612303977,-0.7156944274902344,3.3507423400878906,0.4725837707519531,6.0,6.0,01-17,0.19686937332153173
01-03,0.09420204162598012,0.0,-0.7106513977050781,-1.173604965209961,-0.8215293884277273,0.7332763671874929,0.0,-0.2010803222656321,0.38947677612303977,0.28250885009765625,3.5631790161132812,0.4725837707519531,6.0,6.0,01-18,0.21903006235758374
01-04,0.09420204162598012,0.0,-0.7106513977050781,-1.173604965209961,-0.8215293884277273,0.7332763671874929,0.0,-2.1570167541503977,0.38947677612303977,0.38610458374022727,3.5631790161132812,0.2461395263671875,6.0,6.0,01-19,0.04579798380533706
01-05,-0.5888061523437429,0.8084144592285156,-0.7106513977050781,-0.44750022888183594,-0.32861709594727273,0.7332763671874929,-3.951713562011726,-0.9596939086914134,0.38947677612303977,0.38610458374022727,3.5631790161132812,0.2461395263671875,6.0,6.0,01-20,-0.07169930140177705
01-06,-0.683008193969723,0.8084144592285156,-0.7106513977050781,0.8443069458007848,-0.32861709594727273,0.47707748413085227,-3.951713562011726,-1.3709869384765625,0.38947677612303977,0.3766822814941406,3.5631790161132812,0.3839759826660156,7.0,5.0,01-21,-0.016822020212811022
01-07,-0.683008193969723,0.8084144592285156,0.6115036010742188,0.726104736328125,-0.32861709594727273,1.1396713256836009,-4.320770263671882,-1.736583709716804,0.38947677612303977,1.186534881591804,3.5631790161132812,0.3839759826660156,8.0,4.0,01-22,0.1449901262919099
01-08,-0.683008193969723,0.8084144592285156,0.9502944946289098,0.726104736328125,-0.19024276733398438,0.3003730773925781,-4.878879547119141,-1.5812110900878906,-0.09273147583007812,1.280712127685554,3.0996742248535227,0.13783645629882812,7.0,5.0,01-23,-0.010221958160398614
01-09,-0.683008193969723,0.8084144592285156,0.9502944946289098,0.726104736328125,-0.17295074462890625,-0.618419647216804,-4.878879547119141,-1.5812110900878906,0.22256088256835227,1.186534881591804,0.9366607666015696,0.9550209045410156,7.0,5.0,01-24,-0.17907317479451437
01-10,-0.683008193969723,0.8084144592285156,0.9502944946289098,0.726104736328125,-1.0896110534667969,-0.618419647216804,-4.878879547119141,-1.8645362854003906,0.0649108886718679,1.8739662170410156,0.21244049072265625,0.9550209045410156,7.0,5.0,01-25,-0.2952752113342291
01-11,-0.683008193969723,1.536001205444336,0.9502944946289098,0.726104736328125,-1.0896110534667969,-0.9983062744140696,-4.878879547119141,-1.8645362854003906,0.27819442749022727,2.3824844360351562,0.21244049072265625,0.9550209045410156,7.0,5.0,01-26,-0.2061500549316412
01-12,-0.683008193969723,1.536001205444336,0.9502944946289098,0.726104736328125,-0.9858436584472656,-0.9983062744140696,-4.131748199462898,-0.5301170349121094,0.33383941650390625,2.3824844360351562,-0.5407524108886719,0.9550209045410156,6.0,6.0,01-27,-0.08216921488444069
01-13,-0.683008193969723,1.536001205444336,0.0,0.726104736328125,-0.9858436584472656,-1.2633514404296875,-4.131748199462898,-0.09139633178710938,0.33383941650390625,1.3842811584472656,-0.5407524108886719,0.5710411071777344,5.0,7.0,01-28,-0.262069384256999
01-14,-0.683008193969723,1.172206878662113,0.0,0.726104736328125,-0.9858436584472656,-1.5548858642578125,-3.2585830688476634,1.8645401000976562,0.33383941650390625,1.3089485168457031,-0.5407524108886719,0.5710411071777344,6.0,6.0,01-29,-0.08719937006632487
01-15,0.0,0.3637924194335973,0.0,0.726104736328125,-0.8301811218261719,-2.031951904296882,0.6931304931640625,1.4898147583007812,-0.055637359619140625,1.3089485168457031,-0.5407524108886719,0.5710411071777344,6.0,6.0,01-30,0.1411924362182614
01-16,0.0,0.3637924194335973,0.0,0.726104736328125,-0.40644073486328125,-1.7757530212402415,0.6931304931640625,1.4898147583007812,-0.055637359619140625,1.3089485168457031,-0.6373176574707031,0.43320465087890625,6.0,6.0,01-31,0.17832056681315075
01-17,0.0,0.3637924194335973,-0.413177490234375,0.726104736328125,-0.40644073486328125,-1.7757530212402415,1.0621871948242188,1.4898147583007812,-0.6213111877441406,-0.8852043151855469,-0.6373176574707031,0.43320465087890625,5.0,7.0,02-01,-0.055341720581054986
01-18,0.0,0.3637924194335973,-0.413177490234375,0.0,-0.40644073486328125,-1.9524383544921946,0.7201156616210938,2.1387367248535227,-0.6213111877441406,-1.2053680419921946,-0.1738128662109446,0.43320465087890625,4.0,8.0,02-02,-0.09305826822916756
01-19,0.0,0.3637924194335973,-0.413177490234375,0.0,-0.40644073486328125,-1.9524383544921946,0.7201156616210938,2.2392807006835938,-0.13910293579102273,-1.2995452880859446,-0.1738128662109446,0.43320465087890625,4.0,8.0,02-03,-0.05234368642171431
01-20,0.0,0.3637924194335973,-0.413177490234375,0.0,-0.7091102600097656,-2.0672988891601562,0.7201156616210938,2.2392807006835938,-0.4543952941894531,-1.2053680419921946,0.2510681152343679,0.22645187377929688,5.0,7.0,02-04,-0.08738676706949959
01-21,0.0,0.3637924194335973,-0.413177490234375,0.0,-1.3663330078125,-2.0672988891601562,1.2782249450683523,2.147876739501953,-0.29674530029296875,-2.0811424255371236,0.2510681152343679,0.4036712646484375,5.0,7.0,02-05,-0.14833863576253462
01-22,-1.656499862670902,-0.363794326782223,-0.413177490234375,0.0,-0.74371337890625,-1.1485061645507741,1.0621948242187358,2.147876739501953,-0.29674530029296875,-3.1170082092285227,1.0428810119628906,-0.39382171630858664,3.0,9.0,02-06,-0.3233594894409186
01-23,-1.656499862670902,-0.363794326782223,-0.413177490234375,0.0,0.43238067626953125,-1.3693656921386719,0.3150634765624929,0.8134574890136719,-0.29674530029296875,-3.305339813232422,1.3325653076171946,-0.4233589172363281,4.0,8.0,02-07,-0.4112345377604167
01-24,-1.656499862670902,-0.363794326782223,-0.413177490234375,0.0,0.43238067626953125,-1.104320526123054,0.3150634765624929,0.8134574890136719,-1.6135635375976562,-4.783802032470696,2.520294189453125,-0.039379119873046875,4.0,8.0,02-08,-0.49111175537109436
01-25,-1.656499862670902,-0.363794326782223,-0.413177490234375,0.0,0.43238067626953125,-0.812786102294929,0.3150634765624929,0.44786834716796875,-2.058685302734375,-3.9833602905273438,2.520294189453125,-0.039379119873046875,4.0,8.0,02-09,-0.4676729838053397
01-26,-1.656499862670902,-0.363794326782223,-0.413177490234375,0.0,0.2767181396484375,-0.812786102294929,0.2790527343750071,-0.26506805419921875,-1.6692085266113281,-3.9833602905273438,2.520294189453125,-0.039379119873046875,3.0,9.0,02-10,-0.510600725809733
01-27,-1.656499862670902,0.0,-0.413177490234375,0.0,0.39780426025390625,-0.2208709716796804,-0.5941123962402273,-0.6763572692871094,-1.6692085266113281,-3.9833602905273438,2.520294189453125,-0.039379119873046875,2.0,10.0,02-11,-0.5279056231180818
01-28,-1.656499862670902,0.0,0.0,0.0,0.39780426025390625,0.2561950683593892,-1.3322334289550781,-0.17366409301757812,-1.1035346984863281,-4.877967834472656,2.3754501342773438,-0.039379119873046875,3.0,9.0,02-12,-0.5128191312154126
01-29,-1.656499862670902,0.0,0.0,-0.1604175567626953,0.2421417236328125,0.2561950683593892,0.13502883911132812,-0.8225860595703196,-1.1035346984863281,-4.802635192871094,2.2595787048339844,-0.039379119873046875,4.0,8.0,02-13,-0.474342346191406
01-30,-1.656499862670902,0.0,0.0,-0.675445556640625,0.2421417236328125,0.2561950683593892,0.13502883911132812,-0.9231300354003906,-1.1035346984863281,-2.1847267150878906,2.2595787048339844,-0.039379119873046875,4.0,8.0,02-14,-0.30748097101847244
01-31,-1.656499862670902,0.0,0.0,-0.43059730529785156,0.3199577331542969,0.37105560302735086,0.13502883911132812,-0.9231300354003906,-1.1035346984863281,-2.6744155883789062,2.2402610778808594,0.1673736572265625,5.0,7.0,02-15,-0.29620838165283175
02-01,-1.656499862670902,0.0,0.0,-0.43059730529785156,0.9771804809570312,0.37105560302735086,0.13502883911132812,-1.5903434753417898,-1.1035346984863281,-1.968147277832017,2.2402610778808594,-0.009845733642578125,4.0,8.0,02-16,-0.2529535293579081
02-02,-1.656499862670902,0.0,0.0,-0.43059730529785156,0.35456085205078125,0.37105560302735086,0.7921600341796875,-1.5903434753417898,-0.3894767761230469,-0.9322814941406179,1.4484481811523366,-0.009845733642578125,4.0,8.0,02-17,-0.17023499806721917
02-03,-1.656499862670902,1.4390029907226491,0.0,-0.43059730529785156,0.35456085205078125,0.37105560302735086,0.585113525390625,-1.2156143188476491,-0.3894767761230469,-0.7251129150390554,1.4484481811523366,0.9254798889160227,6.0,6.0,02-18,0.05886332194010505
02-04,0.0,1.4390029907226491,0.0,-0.43059730529785156,0.35456085205078125,0.37105560302735086,0.8011436462402415,0.5666656494140696,0.7140579223632812,-0.7251129150390554,1.1394462585449148,0.9057884216308594,8.0,4.0,02-19,0.4280009269714367
02-05,0.0,1.4390029907226491,0.0,-0.43059730529785156,-0.9944877624511719,0.5919151306152486,1.2512283325195455,0.9322547912597727,0.7140579223632812,-0.22600936889648438,1.1394462585449148,0.9353256225586009,7.0,5.0,02-20,0.44601138432820875
02-06,0.0,1.4390029907226491,0.0,-0.5065746307373047,-0.9944877624511719,0.26503753662110796,1.2872390747070312,1.2064704895019602,0.7140579223632812,0.7910270690917898,0.14484405517577414,0.9353256225586009,8.0,4.0,02-21,0.4401618639628098
02-07,0.0,1.4390029907226491,0.0,-0.5065746307373047,-2.0322265625,-0.3268775939941406,1.2872390747070312,1.2064704895019602,0.7140579223632812,0.06591796875,0.299346923828125,0.9353256225586009,7.0,5.0,02-22,0.2568068504333502
02-08,0.0,1.4390029907226491,0.0,-0.5065746307373047,-2.0322265625,-0.3268775939941406,1.2872390747070312,1.2064704895019602,0.7789688110351562,0.11300277709960938,0.44419097900390625,0.9353256225586009,7.0,5.0,02-23,0.2782101631164557
02-09,0.0,2.3525066375732386,0.0,-0.3461570739746094,-2.0322265625,-0.3268775939941406,1.7553215026855398,1.6177597045898509,0.8346061706542969,0.037670135498046875,0.44419097900390625,0.9353256225586009,7.0,5.0,02-24,0.4393432935078942
02-10,-1.5623092651367188,2.3525066375732386,0.0,0.1688709259033203,-2.0322265625,1.4930534362792898,2.5024452209472727,1.1150665283203196,0.8346061706542969,-0.5179252624511719,-0.5600662231445312,0.9353256225586009,7.0,5.0,02-25,0.39411226908365976
02-11,-2.166810989379883,2.3525066375732386,0.0,-0.07597732543945312,-1.0636711120605469,2.350013732910149,1.3772544860839915,3.0253028869628835,0.8346061706542969,-0.8663558959960938,-0.5600662231445312,0.5907325744628906,6.0,6.0,02-26,0.4831279118855785
02-12,-2.166810989379883,2.3525066375732386,0.0,-1.3424625396728516,-1.0636711120605469,2.350013732910149,0.7201232910156321,3.0253028869628835,0.8346061706542969,-0.546173095703125,-0.6662864685058594,0.5907325744628906,6.0,6.0,02-27,0.34065675735473544
02-13,-2.166810989379883,0.9135036468505895,0.0,-1.3424625396728516,-0.8388175964355469,2.4295272827148366,0.9271697998046946,3.0253028869628835,0.8346061706542969,0.19776153564453125,-1.0718498229980469,-0.34459304809571023,6.0,6.0,02-28,0.21361144383748285
02-14,-2.166810989379883,-0.6952514648437464,0.0,-1.840600967407223,-0.9253158569335866,2.4295272827148366,0.9271697998046946,3.9392929077148366,0.8346061706542969,0.46143722534178977,-0.366943359375,-0.34459304809571023,5.0,7.0,02-29,0.1877098083496088
02-15,-2.166810989379883,-0.6952514648437464,0.0,-1.840600967407223,-0.03459548950194602,2.4295272827148366,2.0523719787597656,5.026931762695305,0.612030029296875,-0.40493011474609375,-0.366943359375,-0.34459304809571023,4.0,8.0,03-01,0.355594635009765
02-16,-2.166810989379883,-0.6952514648437464,0.7106590270996094,-1.4269046783447266,-0.03459548950194602,2.4295272827148366,1.2512245178222727,5.118339538574219,0.612030029296875,-0.40493011474609375,-0.5600700378417898,0.265827178955071,6.0,6.0,03-02,0.42492039998372483
02-17,-2.166810989379883,0.19401168823242898,0.991619110107429,-1.4269046783447266,0.08647918701171875,2.4295272827148366,-0.477081298828125,4.533378601074212,0.612030029296875,-0.40493011474609375,-0.5600700378417898,0.265827178955071,7.0,5.0,03-03,0.3397563298543294
02-18,-2.166810989379883,0.19401168823242898,0.991619110107429,-1.4269046783447266,0.08647918701171875,2.4295272827148366,-0.927165985107429,4.122077941894531,0.547119140625,-0.8475227355957031,-1.6319122314453054,0.265827178955071,7.0,5.0,03-04,0.13636207580566406
02-19,-2.166810989379883,0.19401168823242898,0.991619110107429,-1.4269046783447266,0.08647918701171875,2.8535804748535085,-1.0982093811035227,4.122077941894531,0.547119140625,-1.7421302795410156,-1.4194755554199148,-1.4965248107910227,6.0,6.0,03-05,-0.0462640126546224
02-20,-2.166810989379883,-0.7194919586181605,0.991619110107429,-1.4269046783447266,1.2106895446777415,2.9507675170898366,-1.5662918090820312,4.122077941894531,0.547119140625,-1.4972991943359304,-1.9892044067382812,0.02953720092772727,6.0,6.0,03-06,0.040483951568604404
02-21,-0.6045017242431641,-0.816497802734375,0.991619110107429,-1.4269046783447266,1.0636672973632741,1.1308364868164062,-1.5752944946289134,4.122077941894531,0.547119140625,0.14125823974609375,-0.9849472045898438,0.02953720092772727,7.0,5.0,03-07,0.21816412607828659
02-22,-0.6045017242431641,-0.816497802734375,0.991619110107429,-1.4269046783447266,0.09511184692382102,0.2738761901855469,-0.9091682434082102,4.332302093505859,0.3802032470703125,0.2825164794921946,-0.9849472045898438,0.3741302490234375,7.0,5.0,03-08,0.16564496358235678
02-23,-1.3189201354980469,-0.816497802734375,0.991619110107429,-0.16041946411132812,0.09511184692382102,0.8039512634277344,-0.9091682434082102,4.332302093505859,0.3802032470703125,-0.037666320800774145,-0.8787269592285156,0.5808868408203054,6.0,6.0,03-09,0.25522295633951764
02-24,-0.7144184112548828,-0.9215965270996094,0.991619110107429,-0.16041946411132812,0.19023513793946023,0.8039512634277344,-2.5024452209472727,4.2774658203125,0.3802032470703125,-0.7816009521484304,-0.8787269592285156,0.5808868408203054,6.0,6.0,03-10,0.10542949040730853
02-25,-0.7144184112548828,0.6871585845947266,0.991619110107429,0.3377189636230433,0.26806640625,0.8039512634277344,-2.5024452209472727,3.363475799560547,0.3802032470703125,-0.9228591918945312,-1.3808479309082031,0.5808868408203054,8.0,4.0,03-11,0.15770912170410067
02-26,-0.5480785369873047,0.6871585845947266,0.991619110107429,0.3377189636230433,0.26806640625,0.7244377136230469,-3.4532394409179688,2.275836944580078,0.3802032470703125,-0.9228591918945312,-1.3808479309082031,-3.4459457397460938,7.0,5.0,03-12,-0.3404941558837888
02-27,-0.5480785369873047,0.6871585845947266,0.6693382263183594,0.3377189636230433,0.3286323547363281,0.08150100708007812,-2.652091979980476,2.1844291687011648,0.3802032470703125,0.6874313354492188,-1.7767524719238281,-4.056365966796875,8.0,4.0,03-13,-0.30640633900960434
02-28,-0.5480785369873047,0.8579444885253871,0.5862770080566406,0.3377189636230433,0.3988609313964844,0.08150100708007812,-0.9237861633300781,2.1844291687011648,0.4220466613769531,0.5650215148925781,-1.7767524719238281,-4.056365966796875,8.0,4.0,03-14,-0.1559319496154797
02-29,0.0,0.0,0.0,0.17837905883788707,0.0,0.0,0.0,2.355945587158196,0.0,0.0,0.0,-4.056365966796875,2.0,1.0,03-15,-0.12683677673339933
03-01,-0.5480785369873047,0.8579444885253871,-0.12438201904296875,0.17837905883788707,0.3988609313964844,0.08150100708007812,-0.9237861633300781,1.4062728881835938,0.4220466613769531,0.9773521423339844,-0.7049102783203125,-3.829853057861321,7.0,5.0,03-16,-0.15072107315063477
03-02,-0.5480785369873047,-0.031318664550788355,-1.1612930297851634,0.17837905883788707,0.3988609313964844,0.08150100708007812,-1.4750709533691406,1.8175735473632741,0.4220466613769531,1.8719596862792969,-0.9173469543457031,-7.351161956787109,6.0,6.0,03-17,-0.559495766957603
03-03,0.2202587127685547,-0.031318664550788355,-1.1612930297851634,0.17837905883788707,0.016258239746086645,0.24134445190429688,-0.5170974731445312,3.853767395019524,0.4220466613769531,1.6271286010742116,0.15625381469726562,-5.193153381347656,8.0,4.0,03-18,-0.015618801116946615
03-04,0.2202587127685547,0.06568717956542613,-1.1612930297851634,0.17837905883788707,0.016258239746086645,0.2152099609375,-0.3460540771484375,3.643543243408196,0.4220466613769531,1.6271286010742116,0.15625381469726562,-6.719215393066406,9.0,3.0,03-19,-0.14014975229899385
03-05,0.2202587127685547,0.06568717956542613,-1.1612930297851634,0.17837905883788707,0.23477554321289062,0.49098968505860086,-0.4699363708496094,3.643543243408196,0.4220466613769531,0.19947052001952414,0.5714797973632812,-6.559997558593736,9.0,3.0,03-20,-0.18038304646809955
03-06,0.9346771240234375,0.06568717956542613,-1.1612930297851634,0.17837905883788707,0.38179779052735796,-0.207794189453125,-0.4699363708496094,4.991828918457031,0.8408927917480398,-0.22283554077148438,0.5714797973632812,-6.559997558593736,7.0,5.0,03-21,-0.05475950241088808
03-07,0.9346771240234375,0.06568717956542613,-1.1612930297851634,-1.333560943603512,0.434497833251946,-0.207794189453125,1.1233406066894531,4.991828918457031,0.3006439208984375,0.07888412475585938,0.5714797973632812,-6.559997558593736,8.0,4.0,03-22,-0.06346718470255534
03-08,0.9346771240234375,0.06568717956542613,-1.1612930297851634,-1.333560943603512,0.35666656494140625,-0.207794189453125,0.7437705993652273,3.803642272949226,1.3896217346191406,0.6456108093261719,1.0736007690429688,-6.372058868408196,8.0,4.0,03-23,-0.005119164784749349
03-09,0.9346771240234375,0.1707859039306605,-1.1612930297851634,-1.333560943603512,0.35666656494140625,-0.207794189453125,0.7437705993652273,3.803642272949226,1.3896217346191406,0.6456108093261719,1.0736007690429688,-5.8280372619628835,8.0,4.0,03-24,0.048974196116129555
03-10,0.9346771240234375,1.4232006072998047,-0.8390121459960938,-1.333560943603512,0.6175384521484375,-0.207794189453125,0.7437705993652273,3.803642272949226,1.3896217346191406,-1.0588493347167969,1.0736007690429688,-5.302730560302734,7.0,5.0,03-25,0.10367536544799834
03-11,0.7683372497558594,1.1141719818115234,-0.755950927734375,-1.333560943603512,0.6175384521484375,0.19181060791015625,2.8196678161621023,3.6321258544921946,0.8562965393066406,-1.5126800537109375,1.0736007690429688,-5.629146575927734,8.0,4.0,03-26,0.15351756413777698
03-12,0.7683372497558594,1.1141719818115234,-0.755950927734375,-1.333560943603512,0.7825965881347585,1.5451736450195312,2.873889923095703,3.3844795227050852,0.8562965393066406,-2.4770660400390625,1.3747978210449219,-5.855659484863288,8.0,4.0,03-27,0.18979215621948212
03-13,0.7683372497558594,1.1141719818115234,-0.755950927734375,-1.5119400024413991,0.5912933349609375,1.5806961059570312,3.4251747131347656,3.3844795227050852,1.3961372375488281,-1.9873924255371094,1.0347442626953125,-2.3343505859375,8.0,4.0,03-28,0.5587833722432466
03-14,0.0,1.1141719818115234,-0.755950927734375,-1.5119400024413991,0.9738960266113352,1.4208526611328125,2.4672012329101562,3.3844795227050852,1.3961372375488281,-2.420402526855476,0.3983573913574219,-2.7300071716308594,7.0,5.0,03-29,0.3113996187845878
03-15,0.0,1.1141719818115234,0.0,-0.6030712127685511,0.9738960266113352,1.3498115539550781,1.3827133178711009,2.192127227783203,1.3961372375488281,-2.420402526855476,0.3983573913574219,-2.7300071716308594,7.0,5.0,03-30,0.254477818806967
03-16,0.0,1.1141719818115234,0.0,-0.6030712127685511,0.5478210449218679,1.3498115539550781,1.3827133178711009,0.5595054626464844,1.3961372375488281,-0.9927444458007884,0.3983573913574219,-2.7300071716308594,7.0,5.0,03-31,0.20189126332600882
03-17,0.0,1.1141719818115234,0.0,-0.6030712127685511,0.5478210449218679,1.3498115539550781,1.3827133178711009,-0.2568054199218821,0.9772911071777415,-1.3614730834961009,0.3983573913574219,1.2759780883789062,7.0,5.0,04-01,0.4020662307739255
03-18,0.0,1.1141719818115234,0.0,-0.7134933471679652,1.8434791564941335,0.9324455261230398,0.8404693603515696,-0.2568054199218821,1.6288185119628906,-0.8320159912109375,0.3983573913574219,3.254241943359368,7.0,5.0,04-02,0.6841390927632635
03-19,0.0,1.1141719818115234,0.0,-0.6200675964355398,1.704345703124993,0.852508544921875,1.2200393676757955,-0.2568054199218821,1.6288185119628906,-0.4443702697753906,0.3983573913574219,3.709239959716797,7.0,5.0,04-03,0.7755198478698736
03-20,0.0,1.1141719818115234,0.0,0.8918724060058594,1.5565223693847656,0.852508544921875,1.2200393676757955,-1.219879150390632,1.6102027893066406,-0.8887405395507884,0.3983573913574219,3.1652183532714844,8.0,4.0,04-04,0.7250227928161621
03-21,0.0,1.1141719818115234,0.0,0.8918724060058594,0.7652168273925781,0.852508544921875,1.2200393676757955,-1.219879150390632,0.5212249755859375,-0.973846435546875,0.3983573913574219,6.666744232177734,8.0,4.0,04-05,0.8530341784159349
03-22,0.0,1.1141719818115234,0.988555908203125,0.8918724060058594,0.7652168273925781,0.45290374755859375,-0.49706649780272727,-1.219879150390632,0.5212249755859375,0.06618118286132812,0.3983573913574219,6.666744232177734,9.0,3.0,04-06,0.8456902503967285
03-23,0.0,1.2198905944824183,0.988555908203125,0.8918724060058594,0.6260910034179688,0.45290374755859375,0.32535171508790484,-2.7607803344726634,0.5212249755859375,1.0305671691894531,0.09716033935546875,6.666744232177734,10.0,2.0,04-07,0.8382984797159834
03-24,0.0,1.358133316040039,0.988555908203125,0.8918724060058594,0.713043212890625,0.47064971923828125,-0.6868476867675781,-4.13658523559571,-0.01861572265625,1.0305671691894531,0.09716033935546875,9.258270263671875,8.0,4.0,04-08,0.8305169741312657
03-25,0.0,1.358133316040039,0.988555908203125,0.8918724060058594,0.23479843139649148,-0.2841682434082031,-0.741069793701179,-2.944232940673828,-0.01861572265625,0.5011062622070312,0.41778564453125,9.258270263671875,7.0,5.0,04-09,0.8052029609680176
03-26,0.0,1.358133316040039,0.988555908203125,0.6370582580566371,0.23479843139649148,-0.5417022705078125,0.3434181213378764,-2.944232940673828,-0.01861572265625,0.5294723510742188,0.7578392028808594,9.258270263671875,8.0,4.0,04-10,0.883582909901936
03-27,0.0,1.358133316040039,0.988555908203125,0.6370582580566371,0.23479843139649148,-0.5417022705078125,0.3434181213378764,-3.0451316833496094,-0.01861572265625,2.146213531494155,0.32062530517578125,9.258270263671875,8.0,4.0,04-11,0.973468621571859
03-28,0.0,1.358133316040039,1.19622802734375,-0.9173641204833984,-1.0608596801757741,-0.5417022705078125,0.3434181213378764,-3.0451316833496094,-1.5543670654296875,1.8342208862304688,0.32062530517578125,5.252285003662109,6.0,6.0,04-12,0.2654571533203119
03-29,0.0,1.358133316040039,1.19622802734375,-0.781463623046875,-0.9217262268066335,-0.4973030090332031,0.3434181213378764,-3.4487037658691406,-1.5543670654296875,0.6145591735839844,0.32062530517578125,5.252285003662109,6.0,6.0,04-13,0.15680710474650006
03-30,0.0,1.358133316040039,1.19622802734375,-0.8748893737793004,-0.9217262268066335,-0.5594558715820312,0.3434181213378764,-2.944232940673828,-1.5543670654296875,0.9643821716308594,0.32062530517578125,3.8081512451171875,6.0,6.0,04-14,0.09468889236450106
03-31,0.0,1.358133316040039,1.19622802734375,-0.8748893737793004,-0.9217262268066335,-1.0922813415527344,0.9669990539550781,-1.5225601196288991,-1.5357513427734375,0.9643821716308594,0.32062530517578125,1.4639129638671875,6.0,6.0,04-15,0.02692270278930753
04-01,0.0,1.358133316040039,1.19622802734375,-0.8748893737793004,-0.9217262268066335,-0.7281913757324219,2.684104919433601,-1.5225601196288991,-1.5357513427734375,0.6807365417480469,0.43721771240235086,0.8209762573242188,6.0,6.0,04-16,0.13285652796427616
04-02,0.0,0.0,0.207672119140625,-0.8748893737793004,-0.9217262268066335,-0.5061836242675781,1.8887939453124858,-1.5225601196288991,-1.5357513427734375,0.6807365417480469,0.43721771240235086,0.8209762573242188,5.0,7.0,04-17,-0.11047617594401012
04-03,0.0,0.0,0.207672119140625,-0.8748893737793004,-0.35651016235352273,-0.5061836242675781,0.6506881713867188,-1.1098136901855469,-1.5357513427734375,0.3403739929199219,0.3789215087890625,0.8209762573242188,5.0,7.0,04-18,-0.1653763453165699
04-04,0.0,0.0,0.207672119140625,-0.8748893737793004,-1.0347785949707102,-0.5239295959472656,0.6506881713867188,-0.9355545043945312,-1.5357513427734375,-0.00945281982421875,0.3789215087890625,-1.4441337585449219,3.0,9.0,04-19,-0.42676734924316495
04-05,0.0,0.0,0.207672119140625,-0.6200752258300781,-0.5565338134765767,-0.4795379638671875,0.885673522949233,0.6053466796875,0.13030242919921875,0.9360122680663991,0.05829620361328125,-0.4253273010253906,6.0,6.0,04-20,0.06181907653808535
04-06,1.4337005615234375,0.0,1.8026466369628977,-0.6200752258300781,-0.5565338134765767,0.008880615234375,0.885673522949233,2.7791290283203054,0.13030242919921875,0.9076461791992116,0.05829620361328125,-0.20771408081054688,8.0,4.0,04-21,0.5518293380737299
04-07,1.4337005615234375,0.0,1.8026466369628977,-0.6200752258300781,-0.5565338134765767,-0.3907432556152344,0.885673522949233,2.7424392700195312,0.13030242919921875,-0.24582290649415484,0.05829620361328125,0.03956222534180398,7.0,5.0,04-22,0.4399538040161133
04-08,1.4337005615234375,-0.5042209625244105,1.5949745178222727,-0.6200752258300781,-0.5565338134765767,-0.168731689453125,0.885673522949233,2.7424392700195312,1.6660537719726562,-0.24582290649415484,0.05829620361328125,-0.9891319274902273,6.0,6.0,04-23,0.44138511021932
04-09,1.4337005615234375,-0.5042209625244105,1.5949745178222727,-0.6200752258300781,-0.5565338134765767,-0.168731689453125,0.885673522949233,2.7424392700195312,1.5357513427734375,-0.13236236572266336,0.05829620361328125,0.4550018310546946,7.0,5.0,04-24,0.5603260993957528
04-10,1.4337005615234375,-0.5042209625244105,1.5949745178222727,0.025478363037109375,-0.5565338134765767,-0.10657882690429688,0.885673522949233,2.7424392700195312,1.4426765441894602,-0.27419281005859375,0.05829620361328125,0.4550018310546946,8.0,4.0,04-25,0.5997262001037619
04-11,1.4337005615234375,-0.5042209625244105,1.5949745178222727,0.17837905883789062,-0.5565338134765767,0.42624664306640625,0.26209259033203125,2.7424392700195312,1.4426765441894602,-0.3309211730957031,-1.2533531188964844,0.4550018310546946,8.0,4.0,04-26,0.4908734957377125
04-12,1.4337005615234375,-0.016271591186523438,1.5949745178222727,0.17837905883789062,-0.5565338134765767,0.3108024597167969,0.26209259033203125,0.77044677734375,2.2338180541992188,-0.037815093994140625,-1.369945526123054,0.4550018310546946,8.0,4.0,04-27,0.43822081883748315
04-13,1.4337005615234375,-0.7400550842285121,1.5949745178222727,0.17837905883789062,-0.5565338134765767,0.3108024597167969,0.26209259033203125,0.311847686767571,2.2338180541992188,-0.037815093994140625,-1.369945526123054,0.4550018310546946,8.0,4.0,04-28,0.3396889368693025
04-14,1.4337005615234375,-0.7400550842285121,1.0633125305175781,0.17837905883789062,-0.5565338134765767,0.3108024597167969,0.26209259033203125,0.56866455078125,2.2338180541992188,-0.037815093994140625,-1.369945526123054,0.4550018310546946,8.0,4.0,04-29,0.3167851765950512
04-15,1.4337005615234375,-0.7400550842285121,1.0633125305175781,0.17837905883789062,-0.5565338134765767,0.08879470825195312,0.06326675415040484,0.3944053649902344,2.2338180541992188,-0.037815093994140625,-1.369945526123054,1.3551101684570312,8.0,4.0,04-30,0.3422031402587888
04-16,1.4337005615234375,-0.7400550842285121,1.0633125305175781,0.17837905883789062,0.21738052368164062,-0.3996238708496094,-0.17171859741210938,0.3944053649902344,2.9691162109375,0.7280120849609375,-1.3116493225097656,0.3363037109375,8.0,4.0,05-01,0.3914635976155602
04-17,0.0,-0.7400550842285121,1.0633125305175781,0.17837905883789062,0.8086967468261719,1.0833969116210938,-0.17171859741210938,0.3944053649902344,2.9691162109375,0.2741851806640696,-1.3116493225097656,0.11869049072265625,8.0,4.0,05-02,0.388896624247234
04-18,0.0,-0.7400550842285121,1.0633125305175781,0.17837905883789062,3.7391242980957102,1.0833969116210938,-0.17171859741210938,0.1375885009765625,1.3030624389648438,-0.31199264526366477,-1.3116493225097656,-0.1285858154296946,6.0,6.0,05-03,0.40340518951416104
04-19,0.0,-1.3662776947021449,0.2575225830078054,0.12740516662598012,3.7391242980957102,1.0833969116210938,-1.3556098937988352,-0.660388946533196,1.4054489135742188,-0.07563018798827414,-1.3116493225097656,-0.1285858154296946,5.0,7.0,05-04,0.1428963343302415
04-20,0.4514942169189453,-1.3662776947021449,0.2575225830078054,0.12740516662598012,3.7391242980957102,1.0833969116210938,-1.3556098937988352,-0.5228004455566406,1.2565231323242188,-0.18909072875976562,-1.3116493225097656,-4.233478546142585,6.0,6.0,05-05,-0.17195336023966531
04-21,0.506942749023441,-0.21145057678222656,1.4869728088378835,0.12740516662598012,5.139141082763686,0.9413070678710938,-1.3556098937988352,-0.5228004455566406,1.349597930908196,-0.2647247314453125,-1.25335693359375,-3.204784393310554,6.0,6.0,05-06,0.22821998596191348
04-22,0.506942749023441,-0.21145057678222656,1.4869728088378835,0.12740516662598012,6.252166748046882,0.9413070678710938,-0.7681770324707102,-0.5228004455566406,1.349597930908196,-0.9738311767578054,-1.059040069580071,-3.125652313232429,6.0,6.0,05-07,0.3336200714111328
04-23,3.081262588500973,-0.6993999481201136,1.4869728088378835,0.12740516662598012,4.817390441894531,1.4741325378417969,-0.09941864013672586,0.4127464294433594,2.1407394409179616,-0.9738311767578054,-1.059040069580071,-3.125652313232429,7.0,5.0,05-08,0.6319422721862784
04-24,3.081262588500973,0.024383544921875,0.8473243713378835,-0.05097389221191051,4.817390441894531,1.4741325378417969,-0.09941864013672586,0.4127464294433594,2.1407394409179616,-0.08508682250975852,0.3011932373046804,-3.125652313232429,8.0,4.0,05-09,0.8115034103393531
04-25,3.081262588500973,0.024383544921875,0.8473243713378835,-0.8663959503173828,4.817390441894531,1.4741325378417969,-0.09941864013672586,0.4127464294433594,1.3495979309082031,-0.09454727172850852,1.6517066955566406,-3.125652313232429,8.0,4.0,05-10,0.7893775304158513
04-26,3.081262588500973,-1.56146240234375,0.8473243713378835,-0.8663959503173828,4.817390441894531,1.4741325378417969,-0.09941864013672586,0.4127464294433594,1.4426803588867188,0.19855117797852273,1.6517066955566406,-3.758697509765632,8.0,4.0,05-11,0.6366516749064113
04-27,3.081262588500973,-1.56146240234375,1.3789863586425781,-0.8663959503173828,4.008693695068359,1.5274162292480469,0.5512809753417898,-0.2568168640136719,0.7073822021484375,-0.5672760009765554,1.6517066955566406,-3.758697509765632,7.0,5.0,05-12,0.49134000142415274
04-28,3.081262588500973,-1.56146240234375,1.3789863586425781,-0.8663959503173828,4.008693695068359,1.5274162292480469,0.6055068969726491,-1.4583587646484304,0.7073822021484375,-0.3498191833496094,1.6517066955566406,-4.658805847167969,7.0,5.0,05-13,0.33884270985921194
04-29,3.081262588500973,-1.56146240234375,1.3789863586425781,-0.8663959503173828,4.391296386718764,1.5274162292480469,0.6055068969726491,-1.2015419006347585,0.7073822021484375,0.6334648132324148,1.6517066955566406,-4.658805847167969,8.0,4.0,05-14,0.47406800587972037
04-30,3.081262588500973,-0.9352397918701172,0.5898017883300781,-0.611577987670902,4.104339599609382,0.4440193176269531,1.1838912963867259,-1.2015419006347585,0.39091873168946023,0.31201171875,1.9723320007324219,-4.658805847167969,8.0,4.0,05-15,0.389284292856854
05-01,2.6297683715820277,-0.9352397918701172,-0.0498504638671875,-0.611577987670902,1.1739120483398438,0.4440193176269531,1.1838912963867259,-1.2015419006347585,0.39091873168946023,1.021099090576179,1.9723320007324219,-0.5539131164550781,7.0,5.0,05-16,0.45531813303629737
05-02,2.574319839477532,-0.9352397918701172,-0.05815887451171875,-0.5606040954589915,-0.13914871215821023,0.5861091613769531,1.1838912963867259,-1.2015419006347585,0.28853225708008523,0.22690963745117898,1.9140396118164062,-0.5539131164550781,6.0,6.0,05-17,0.2770996093750006
05-03,3.3347339630126918,0.4716949462890625,-0.05815887451171875,-0.5606040954589915,-1.2521743774414062,0.5861091613769531,1.1838912963867259,-0.2843284606933594,0.567760467529304,1.3898391723632812,1.7197227478027273,-0.01978302001953125,7.0,5.0,05-18,0.5898919105529782
05-04,3.3347339630126918,-0.1789112091064453,-1.7860260009765625,-0.5606040954589915,0.1826019287109446,0.15986251831054688,1.1838912963867259,-0.2843284606933594,-0.4746856689453125,1.3898391723632812,1.7197227478027273,-0.01978302001953125,6.0,6.0,05-19,0.3888594309488929
05-05,3.3347339630126918,-0.1789112091064453,-0.3821296691894531,-0.5606040954589915,0.32175064086915484,0.15986251831054688,0.5964584350586009,-0.2843284606933594,-0.4746856689453125,1.3898391723632812,1.7197227478027273,-5.450115203857422,6.0,6.0,05-20,0.01596609751383493
05-06,0.7604141235351598,-0.1789112091064453,-0.3821296691894531,-0.5606040954589915,0.32175064086915484,-0.37296295166015625,-0.07229995727538352,-0.2843284606933594,-0.4746856689453125,1.0305595397949219,1.7197227478027273,0.6429328918457102,5.0,7.0,05-21,0.17912149429321436
05-07,0.7604141235351598,1.4069347381591797,-0.3821296691894531,-0.5606040954589915,0.32175064086915484,-0.37296295166015625,-0.07229995727538352,-0.2843284606933594,-0.4746856689453125,0.5956459045410085,1.6711387634277415,1.2759780883789134,6.0,6.0,05-22,0.3237376213073751
05-08,0.7604141235351598,1.4069347381591797,-0.3821296691894531,0.2548179626464808,0.32175064086915484,-0.42624664306640625,-0.7229995727538991,-0.2843284606933594,-0.4746856689453125,0.5956459045410085,0.32062530517578125,1.2759780883789134,7.0,5.0,05-23,0.22048139572143732
05-09,0.7604141235351598,1.4069347381591797,-0.3821296691894531,-0.7474822998046875,0.32175064086915484,-0.42624664306640625,-0.6055068969726491,-1.2749290466308594,-0.5677680969238281,0.34037017822264914,0.32062530517578125,1.2759780883789134,6.0,6.0,05-24,0.035167535146079544
05-10,0.7604141235351598,1.4069347381591797,-0.3821296691894531,-0.7474822998046875,-0.06085205078125,-0.42624664306640625,-0.6055068969726491,-1.2749290466308594,0.2140655517578125,-0.8320045471191335,0.32062530517578125,1.2759780883789134,5.0,7.0,05-25,-0.029261112213132694
05-11,0.7604141235351598,1.4069347381591797,-0.3821296691894531,-1.0023002624511683,0.2261047363281321,-0.42624664306640625,-0.6055068969726491,-0.07338714599610086,0.5305290222167898,-0.5105514526367188,0.0,1.2759780883789134,5.0,7.0,05-26,0.09998655319213985
05-12,0.7604141235351598,1.4069347381591797,0.2575225830078125,-1.0023002624511683,0.2261047363281321,-0.42624664306640625,-0.6055068969726491,-0.07338714599610086,0.5305290222167898,-1.0494651794433594,0.0,-0.7913055419921875,5.0,7.0,05-27,-0.06389220555623314
05-13,0.7604141235351598,1.4069347381591797,0.26583099365234375,-1.0023002624511683,0.2261047363281321,-0.42624664306640625,-0.28918838500977273,-0.07338714599610086,0.5305290222167898,-1.0494651794433594,0.0,0.4549980163574219,6.0,6.0,05-28,0.06701866785685162
05-14,0.5465507507324254,0.0,0.26583099365234375,-1.2486286163330043,1.6869621276855469,-0.6837882995605469,-0.33438873291016336,-0.9906005859375,0.5305290222167898,-1.1534767150878906,0.0,-0.9891319274902344,4.0,8.0,05-29,-0.19751183191935281
05-15,0.5465507507324254,0.0,0.26583099365234375,-1.2486286163330043,1.600006103515625,-0.6393890380859375,-0.33438873291016336,-0.9906005859375,0.5305290222167898,-0.7280120849609446,1.9237480163574219,-0.9891319274902344,5.0,7.0,05-30,-0.005290508270264856
05-16,0.5465507507324254,0.0,0.26583099365234375,-1.2486286163330043,1.4608573913574148,-0.6393890380859375,-0.33438873291016336,-0.9906005859375,0.046535491943345164,-1.0872879028320312,1.9237480163574219,4.362068176269531,6.0,6.0,05-31,0.3587746620178205
05-17,0.5386219024658203,0.0,0.7642478942871094,-1.2486286163330043,1.4608573913574148,-0.6393890380859375,-0.33438873291016336,-0.9906005859375,0.8562965393066406,0.17018890380858664,1.9237480163574219,4.362068176269531,7.0,5.0,06-01,0.5719184875488267
05-18,0.5386219024658203,0.0,0.2907524108886719,-1.2486286163330043,1.4608573913574148,-0.6038627624511719,-0.33438873291016336,-0.9906005859375,0.8562965393066406,0.6051025390625,1.9237480163574219,4.362068176269531,7.0,5.0,06-02,0.5716638565063468
05-19,0.5386219024658203,-0.6099491119384801,0.2907524108886719,-1.2486286163330043,1.4608573913574148,-1.0301284790039062,-0.33438873291016336,-0.9906005859375,0.8562965393066406,0.6051025390625,1.9237480163574219,0.2472839355468679,7.0,5.0,06-03,0.14241393407185696
05-20,0.5386219024658203,-0.6099491119384801,0.2907524108886719,-1.2486286163330043,1.4608573913574148,-1.0123558044433665,-0.33438873291016336,0.0,0.8562965393066406,0.5483741760253906,1.9237480163574219,0.1978302001953054,7.0,5.0,06-04,0.21759653091430428
05-21,0.8713111877441406,-0.6099491119384801,0.2907524108886719,-1.9111709594726527,2.417366027832024,-0.8170089721679616,-0.33438873291016336,0.0,0.9028358459472656,0.9076576232910227,1.9237480163574219,0.1978302001953054,7.0,5.0,06-05,0.3199152946472162
05-22,0.8713111877441406,-0.6099491119384801,0.2907524108886719,-0.8748893737793004,2.417366027832024,-0.7992324829101562,-0.33438873291016336,0.7245979309082102,1.0517501831054688,0.8698348999023509,1.9237480163574219,2.2651138305664062,8.0,4.0,06-06,0.6496678988138829
05-23,0.8713111877441406,-0.6099491119384801,0.2907524108886719,-0.8748893737793004,2.417366027832024,-0.7992324829101562,-0.045200347900390625,1.7702217102050781,0.2699165344238281,1.0589256286621094,1.9237480163574219,1.0188102722167969,8.0,4.0,06-07,0.6076483726501453
05-24,0.8713111877441406,-0.6099491119384801,0.2907524108886719,-0.6285610198974645,0.9565086364746094,-0.5416908264160156,-0.3976478576660085,2.531494140625,0.4560661315917969,-0.0756378173828196,1.9237480163574219,1.2265243530273509,7.0,5.0,06-08,0.5002431869506836
05-25,0.8713111877441406,-0.6099491119384801,0.2907524108886719,-0.6285610198974645,0.9565086364746094,-0.5416908264160156,-0.3976478576660085,2.8250083923339844,0.4560661315917969,0.05672454833984375,0.0,1.5628318786621094,7.0,5.0,06-09,0.4034461975097656
05-26,0.8713111877441406,-0.6099491119384801,0.2907524108886719,-0.6285610198974645,0.9565086364746094,0.46178436279296875,-0.3976478576660085,2.705768585205078,0.9400596618652415,-0.03782272338867898,0.0,0.9693527221679688,7.0,5.0,06-10,0.4601297378540039
05-27,0.3247604370117152,-0.6099491119384801,0.2907524108886719,-0.6285610198974645,0.9565086364746094,0.6749000549316406,-0.17168807983397727,2.705768585205078,0.3816032409667969,-0.03782272338867898,0.8355712890625,1.3551101684570312,8.0,4.0,06-11,0.5064128239949536
05-28,0.3326892852783203,-0.6099491119384801,0.0,0.31427955627441406,0.9565086364746094,1.0567474365234375,0.6778068542480469,2.705768585205078,-0.13961410522460938,-0.2931060791015696,0.5246658325195312,2.1464118957519602,8.0,4.0,06-12,0.6393507321675616
05-29,0.3326892852783203,0.0,0.0,0.31427955627441406,0.9565086364746094,1.2220687866211009,0.6778068542480469,2.705768585205078,-0.13961410522460938,-0.2931060791015696,0.5246658325195312,2.1464118957519602,8.0,4.0,06-13,0.7039566040039068
05-30,0.3326892852783203,0.0,0.0,0.31427955627441406,1.1662330627441406,1.6483345031738352,0.6778068542480469,1.9628334045410156,-0.01862335205078125,-1.0022087097167969,0.5246658325195312,0.16814804077149148,8.0,4.0,06-14,0.48117987314860144
05-31,0.5001201629638672,1.7831592559814489,-2.1454238891601562,0.4938468933105469,1.1662330627441406,1.6305618286132955,0.4999809265136719,0.962188720703125,0.2457275390625,-1.1251220703125,0.5246658325195312,0.16814804077149148,10.0,2.0,06-15,0.39200719197591355
06-01,0.5001201629638672,1.7831592559814489,-2.1454238891601562,1.1563892364501953,0.20972442626953125,1.6305618286132955,0.00098419189453125,0.9345664978027344,0.199188232421875,-1.484405517578132,0.5246658325195312,0.4817085266113281,10.0,2.0,06-16,0.3159365653991708
06-02,0.5001201629638672,1.7831592559814489,-2.3541145324707102,1.1224079132080114,0.20972442626953125,1.55023193359375,0.00098419189453125,-0.26871490478516336,0.050273895263671875,-1.484405517578132,0.7549896240234375,-0.35475921630858664,8.0,4.0,06-17,0.1258247693379714
06-03,-1.1879215240478516,1.7831592559814489,-2.3541145324707102,1.1224079132080114,0.20972442626953125,1.8458213806152273,0.00098419189453125,-1.3143386840820312,0.050273895263671875,-1.1358375549316548,0.7549896240234375,-0.35475921630858664,7.0,5.0,06-18,-0.04830090204874793
06-04,-1.1879215240478516,1.7831592559814489,-2.3541145324707102,1.1224079132080114,0.20972442626953125,1.8280448913574219,0.35343170166014914,-2.075611114501953,0.050273895263671875,-1.1358375549316548,0.7549896240234375,-0.5624732971191406,7.0,5.0,06-19,-0.10116052627563654
06-05,-1.1879215240478516,1.7831592559814489,-2.3541145324707102,1.1224079132080114,0.20972442626953125,1.8280448913574219,0.35343170166014914,-2.075611114501953,-1.4162406921386719,-1.1358375549316548,-0.8358078002929688,-0.8987808227538991,5.0,7.0,06-20,-0.3839621543884289
06-06,-1.1879215240478516,2.2575912475585973,-2.4709815979003906,1.1224079132080114,-0.9787025451660156,0.8245697021484375,0.35343170166014914,-2.075611114501953,-2.0974578857421875,-0.5620803833007812,-0.8358078002929688,-0.3053016662597585,4.0,8.0,06-21,-0.4963219960530593
06-07,-1.1879215240478516,2.2575912475585973,-2.5377655029296875,1.1224079132080114,-0.9787025451660156,0.6114540100097656,0.35343170166014914,-2.3691253662109375,-2.190868377685547,0.4826316833496094,-1.6713790893554688,-0.3053016662597585,5.0,7.0,06-22,-0.5344622929890944
06-08,-1.1879215240478516,2.2575912475585973,-2.5377655029296875,0.1795673370361328,-0.9787025451660156,0.6114540100097656,0.35343170166014914,-2.2498855590820312,-1.8658103942871094,0.7379150390625,-1.3604736328125,-0.3550720214843679,5.0,7.0,06-23,-0.5329726537068682
06-09,-1.1879215240478516,2.2575912475585973,-1.694622039794929,0.1795673370361328,-0.9787025451660156,0.21870040893554688,0.89849853515625,-2.2498855590820312,-1.8658103942871094,0.7379150390625,-1.3604736328125,0.16917037963867898,6.0,6.0,06-24,-0.40633106231689425
06-10,-1.8496589660644531,2.2575912475585973,-1.694622039794929,0.23087501525879262,-0.9787025451660156,0.21870040893554688,0.049003601074225855,-1.5069503784179688,-1.9868011474609375,0.7474212646484375,-1.3604736328125,-1.229339599609382,5.0,7.0,06-25,-0.5919130643208822
06-11,-2.01708984375,0.47443199157714844,0.45080184936522727,0.23087501525879262,-0.9787025451660156,0.017852783203117895,0.22682952880860086,-0.5063056945800781,-1.501068115234368,0.7474212646484375,-1.3604736328125,-1.229339599609382,6.0,6.0,06-26,-0.45373058319091825
06-12,-2.01708984375,0.47443199157714844,0.45080184936522727,-0.32493019104003906,-1.1884269714355469,0.3124237060546804,0.7258262634277415,-0.5063056945800781,-1.501068115234368,0.3493766784667969,-1.3604736328125,-1.5429000854492188,5.0,7.0,06-27,-0.5106945037841797
06-13,-2.01708984375,-0.9488391876220703,0.45080184936522727,-0.20522117614746094,-3.4167633056640625,0.39275360107422586,0.7258262634277415,-0.5063056945800781,-1.7654190063476491,1.1463508605957031,-1.5907974243164062,-0.6569786071777415,4.0,8.0,06-28,-0.6993068059285475
06-14,-2.01708984375,-0.9488391876220703,0.45080184936522727,-0.20522117614746094,-3.4167633056640625,-0.09818267822265625,0.7258262634277415,-2.098857879638679,-1.60662841796875,0.7502975463867259,-1.5907974243164062,-0.5275726318359446,3.0,9.0,06-29,-0.8819189071655279
06-15,-2.01708984375,-0.9488391876220703,0.6594924926757812,-0.20522117614746094,-3.4167633056640625,0.035709381103515625,1.0252151489257812,-1.6201744079589915,-0.7379264831542898,0.7502975463867259,-1.5907974243164062,-0.5275726318359446,4.0,8.0,06-30,-0.7161391576131185
06-16,-0.6617374420166016,-0.9488391876220703,0.6594924926757812,-0.20522117614746094,-3.4167633056640625,0.035709381103515625,-0.08164596557617188,-0.9665870666503906,0.728588104248054,0.7502975463867259,-1.5907974243164062,-0.5275726318359446,4.0,8.0,07-01,-0.5187563896179194
06-17,-0.6617374420166016,-1.4232711791992188,0.7763595581054616,-0.20522117614746094,-3.4167633056640625,0.035709381103515625,-0.08164596557617188,-0.9665870666503906,1.2236557006836009,0.08547592163087359,-1.5907974243164062,-0.5275726318359446,4.0,8.0,07-02,-0.5626996358235671
06-18,-0.6617374420166016,-1.4232711791992188,0.8431434631347585,-0.20522117614746094,-3.4167633056640625,0.8658409118652344,-0.08164596557617188,-0.9665870666503906,0.5978240966796875,0.7407989501953196,0.0,-0.5275726318359446,4.0,8.0,07-03,-0.35293261210123755
06-19,-0.6617374420166016,-1.4232711791992188,0.8431434631347585,-0.20522117614746094,-2.2283363342285156,0.8658409118652344,-0.08164596557617188,-0.9665870666503906,0.5978240966796875,1.4056167602539062,0.0,-0.47780227661133523,4.0,8.0,07-04,-0.19434801737467566
06-20,-0.6617374420166016,-1.4232711791992188,0.8431434631347585,-0.20522117614746094,-2.1322021484375,1.2585945129394531,-0.8074722290039134,-0.6996192932128906,0.7472648620605469,0.3609046936035156,0.0,-0.47780227661133523,4.0,8.0,07-05,-0.2664515177408872
06-21,-0.6617374420166016,-1.4232711791992188,0.8431434631347585,-0.25652885437012074,-2.1322021484375,1.2585945129394531,-0.8074722290039134,-0.6996192932128906,0.9434242248535156,0.3513984680175781,0.0,-0.47780227661133523,4.0,8.0,07-06,-0.25517272949218955
06-22,-0.6617374420166016,-1.4232711791992188,0.0,-0.25652885437012074,-2.1322021484375,0.5802078247070312,-1.896221160888679,-0.6996192932128906,0.457691192626946,0.3513984680175781,0.0,0.29862213134764914,4.0,8.0,07-07,-0.4484717051188172
06-23,0.0,-1.4232711791992188,0.0,0.29927635192871094,-2.1322021484375,0.5355720520019602,-1.660320281982429,-0.16570281982421875,0.457691192626946,0.5603485107421875,0.0,1.3338623046875,5.0,7.0,07-08,-0.18289550145467182
06-24,0.0,0.0,0.0,0.29927635192871094,-2.1322021484375,0.7230262756347656,-1.660320281982429,-0.16570281982421875,0.457691192626946,0.5603485107421875,0.0,1.0949630737304688,5.0,7.0,07-09,-0.06857665379842241
06-25,0.0,0.0,0.0,0.29927635192871094,-2.1322021484375,0.4284553527832031,-1.660320281982429,1.4544715881347727,0.457691192626946,0.5603485107421875,0.0,1.0949592590332031,6.0,6.0,07-10,0.041889985402424536
06-26,0.0,0.0,-0.041740417480461645,0.0,0.09613418579101562,0.365966796875,-1.9597091674804688,1.4544715881347727,0.457691192626946,0.10447311401367898,0.0,1.0949592590332031,6.0,6.0,07-11,0.13102054595947385
06-27,0.0,0.6134815216064453,-0.041740417480461645,0.701171875,-0.24467086791992188,0.365966796875,-0.8528480529785156,1.4544715881347727,0.2989006042480469,0.15195846557617898,0.0,1.0949592590332031,7.0,5.0,07-12,0.295137564341229
06-28,0.0,0.6134815216064453,-0.041740417480461645,0.701171875,-0.24467086791992188,0.365966796875,-0.8528480529785156,1.1046600341796946,-1.4291534423828196,0.9022598266601491,0.0,1.0949592590332031,6.0,6.0,07-13,0.1845072110493978
06-29,0.0,0.6134815216064453,-0.041740417480461645,0.701171875,-0.24467086791992188,0.4463043212890625,-1.1431694030761719,0.45107269287109375,-0.8033218383789062,0.24693679809570312,0.0,1.0949592590332031,6.0,6.0,07-14,0.11008532842000385
06-30,0.0,0.7934246063232422,-0.041740417480461645,0.701171875,-0.24467086791992188,0.4463043212890625,-1.1431694030761719,1.3716201782226491,-0.8593521118164062,0.24693679809570312,0.0,1.0949592590332031,6.0,6.0,07-15,0.19712368647257486
07-01,0.0,0.7934246063232422,-0.041740417480461645,0.5472583770751989,-0.24467086791992188,-0.38382720947265625,0.12700271606445312,1.3716201782226491,-0.8593521118164062,0.4843711853027344,0.0,1.7818031311035156,6.0,6.0,07-16,0.2979907989501956
07-02,0.0,0.7934246063232422,-0.041740417480461645,0.10261154174805043,-0.3408050537109375,0.2945594787597656,1.506084442138679,1.3716201782226491,-0.8593521118164062,0.9022636413574219,0.0,1.970935821533196,7.0,5.0,07-17,0.47496684392293326
07-03,0.0,0.7934246063232422,-0.041740417480461645,0.10261154174805043,2.490478515625,0.8926124572753764,1.270183563232429,1.3716201782226491,-0.8593521118164062,1.4056205749511719,0.0,1.5429039001464773,8.0,4.0,07-18,0.747363567352294
07-05,0.0,0.05726432800292969,-0.39236068725585227,0.10261154174805043,1.5379753112792969,0.705158233642571,1.270183563232429,1.344005584716804,-0.8593521118164062,1.2536659240722656,0.0,1.5429039001464773,8.0,4.0,07-20,0.5468379656473804
07-06,0.0,0.05726432800292969,0.24207687377930398,0.10261154174805043,1.5379753112792969,0.705158233642571,1.4879417419433594,0.8100891113281321,-0.8593521118164062,1.2536659240722656,0.0,2.2496566772460938,9.0,3.0,07-21,0.6322573026021331
07-07,0.0,0.05726432800292969,0.2838172912597656,0.10261154174805043,1.4418525695800781,0.705158233642571,1.4879417419433594,0.8100891113281321,-0.8593521118164062,1.0922088623046804,0.0,2.488555908203125,9.0,3.0,07-22,0.6341789563496905
07-08,0.0,-0.5562171936035156,0.2838172912597656,0.10261154174805043,1.3719406127929688,0.705158233642571,1.478862762451179,0.8100891113281321,-0.8593521118164062,0.9592514038085866,0.0,2.3591537475585938,8.0,4.0,07-23,0.5546096165974937
07-09,0.0,-0.5562171936035156,0.2838172912597656,0.10261154174805043,1.0923118591308594,2.2583351135253977,1.007080078125,1.1599006652832102,-0.8593521118164062,0.9592514038085866,-0.09759140014648438,2.3591537475585938,8.0,4.0,07-24,0.6424417495727548
07-10,0.0,-0.5562171936035156,0.15025711059570312,-0.5985603332519496,1.4331169128417969,2.1779975891113352,1.2974014282226562,1.0586318969726562,1.2143173217773438,0.9687423706054688,-0.09759140014648438,2.3591537475585938,8.0,4.0,07-25,0.7839374542236337
07-11,0.0,1.824054718017571,0.15025711059570312,-0.5985603332519496,2.455524444580078,2.1779975891113352,1.2974014282226562,1.0586318969726562,2.07366943359375,0.7408027648925781,-0.09759140014648438,2.3591537475585938,9.0,3.0,07-26,1.1201117833455407
07-12,0.0,1.6686439514160156,0.15025711059570312,-1.1287136077880895,2.455524444580078,2.1779975891113352,2.5585098266601562,0.26695632934571023,2.391254425048828,0.18995285034179688,-0.09759140014648438,2.3292884826660227,9.0,3.0,07-27,1.0801733334859227
07-13,0.0,2.470256805419922,-0.3673095703124929,-0.684066772460941,2.455524444580078,3.1866722106933594,2.5585098266601562,-0.9205589294433452,0.3175849914550781,-0.22793960571289062,-0.09759140014648438,2.3292884826660227,6.0,6.0,07-28,0.9183642069498719
07-14,0.0,2.772899627685547,-1.4024581909179616,-0.684066772460941,2.8312835693359375,3.1866722106933594,2.286334991455078,-0.9205589294433452,0.3175849914550781,-0.7312965393066406,-0.09759140014648438,1.6424446105957102,6.0,6.0,07-29,0.7667706807454447
07-15,0.0,3.5090599060058594,-1.051837921142571,-0.684066772460941,2.8312835693359375,4.293514251708984,1.996002197265618,-0.9205589294433452,0.3175849914550781,0.29443359375,-0.039035797119140625,0.6768875122070455,7.0,5.0,07-30,0.9352722167968771
07-16,0.0,3.5090599060058594,-1.051837921142571,-0.684066772460941,0.0,3.7400970458984446,1.996002197265618,-0.8929443359375,0.3175849914550781,-0.40838241577147727,-0.039035797119140625,1.1745986938476634,5.0,7.0,07-31,0.6384229660034194
07-17,0.0,3.5090599060058594,-1.051837921142571,-0.684066772460941,0.9525032043457031,3.7400970458984446,1.7782440185546875,0.8653182983398366,0.3175849914550781,-0.40838241577147727,-0.039035797119140625,0.4678459167480469,7.0,5.0,08-01,0.7872775395711272
07-18,0.0,3.7217369079589844,-1.051837921142571,0.8550891876220703,0.9787254333496094,3.7400970458984446,1.7782440185546875,0.8653182983398366,0.3175849914550781,0.2564277648925781,-0.039035797119140625,0.4678459167480469,9.0,3.0,08-02,0.9908496538798021
07-19,0.0,3.78717041015625,-1.6862754821777273,0.9149456024169886,1.0486373901367188,3.7400970458984446,1.7782440185546875,0.8653182983398366,0.3175849914550781,-0.24694442749024148,-0.039035797119140625,0.4678459167480469,8.0,4.0,08-03,0.9122989972432451
07-20,0.0,3.78717041015625,-1.6862754821777273,0.9149456024169886,1.3282661437988281,3.838291168212905,2.304473876953125,1.1046714782714773,0.018680572509765625,-0.24694442749024148,0.05855560302734375,0.4678459167480469,9.0,3.0,08-04,0.9908067385355634
07-21,0.0,3.78717041015625,-1.5527153015136648,0.9149456024169886,1.3282661437988281,2.8831787109375,2.3135528564453054,1.2059402465820312,-2.0549888610839844,-0.2564353942871236,0.05855560302734375,-0.8958816528320312,7.0,5.0,08-05,0.6442990303039536
07-22,2.0968112945556605,1.4068984985351634,-1.5527153015136648,0.9149456024169886,1.3282661437988281,0.24993896484375,2.7853355407714844,1.2059402465820312,-2.0549888610839844,-0.5983428955078196,0.05855560302734375,-0.8958816528320312,8.0,4.0,08-06,0.4120635986328125
07-23,2.0968112945556605,1.5623092651367188,-1.5527153015136648,0.9149456024169886,1.3282661437988281,1.222900390625,1.5242271423339844,1.9976158142089773,-2.680828094482422,-0.5983428955078196,0.05855560302734375,0.5176200866699148,9.0,3.0,08-07,0.5326137542724592
07-24,2.0968112945556605,0.5807533264160156,-1.5527153015136648,0.9149456024169886,0.3058586120605469,0.23207855224609375,1.5242271423339844,1.8135108947753906,-2.905010223388672,-0.4558830261230469,0.05855560302734375,0.5176200866699148,9.0,3.0,08-08,0.26089604695637963
07-25,2.0968112945556605,0.5807533264160156,-1.5527153015136648,2.2488784790039062,-0.0699005126953125,0.23207855224609375,0.5262298583984375,1.8135108947753906,-3.22259521484375,0.132965087890625,0.05855560302734375,0.5176200866699148,9.0,3.0,08-09,0.2801826794942217
07-26,2.0968112945556605,0.5807533264160156,-1.0351486206054688,2.385690689086914,-0.0699005126953125,-0.8747634887695312,0.5262298583984375,1.4820976257324148,-1.14892578125,-1.5006103515625,0.0,0.5176200866699148,6.0,6.0,08-10,0.2466545104980454
07-27,2.0968112945556605,0.2617530822753906,0.0,2.385690689086914,-0.0699005126953125,-1.285369873046875,0.5262298583984375,1.4820976257324148,-1.3544235229492188,-0.7977943420410227,0.0,0.5176200866699148,6.0,6.0,08-11,0.3135595321655253
07-28,0.11162376403808594,0.2862892150878906,0.0,2.385690689086914,-1.2408676147460938,-1.5977935791015625,1.1885452270507812,-0.2761650085449219,-1.3544235229492188,-0.7977943420410227,0.0,0.5176200866699148,5.0,7.0,08-12,-0.06477292378743608
07-29,0.11162376403808594,0.07361221313476562,0.0,2.385690689086914,-1.4680824279785085,-0.7765846252441406,0.3992118835449219,-0.2761650085449219,-1.3544235229492188,-0.7977943420410227,0.0,0.019908905029296875,5.0,7.0,08-13,-0.14025020599365234
07-30,0.11162376403808594,0.0081787109375,0.0,2.385690689086914,-1.4680824279785085,-0.7765846252441406,0.3992118835449219,-0.2761650085449219,-1.3544235229492188,-0.7977943420410227,1.981170654296875,1.6225357055664062,6.0,6.0,08-14,0.15294679005940756
07-31,0.11162376403808594,0.0081787109375,0.0,0.8465347290039027,-1.398181915283196,-0.8747787475586009,-0.12701797485351562,-0.2761650085449219,-1.3544235229492188,-1.6145706176757812,1.981170654296875,1.6225357055664062,5.0,7.0,08-15,-0.08959118525187204
08-01,0.11162376403808594,0.0081787109375,0.0,0.7866783142089844,-1.398181915283196,0.08033370971680398,-0.12701797485351562,-0.2761650085449219,-1.3544235229492188,0.3988990783691406,1.981170654296875,2.9862632751464844,7.0,5.0,08-16,0.26644659042358515
08-02,0.3667469024658203,0.0081787109375,0.0,0.7866783142089844,-1.398181915283196,1.0889930725097585,-0.12701797485351562,-0.5155181884765625,-1.0555191040039062,0.07598495483399148,1.981170654296875,2.9862632751464844,7.0,5.0,08-17,0.34981489181518616
08-03,0.3667469024658203,0.0081787109375,0.0,0.7866783142089844,-1.398181915283196,1.0889930725097585,-0.12701797485351562,-0.5155181884765625,-0.42967987060546875,0.07598495483399148,1.981170654296875,2.9862632751464844,7.0,5.0,08-18,0.4019681612650559
08-04,-1.7300643920898402,0.0081787109375,-1.3523559570312536,0.7866783142089844,-2.6565208435058594,1.0889930725097585,1.6240348815917898,-0.33141326904297586,-0.20549774169921875,0.07598495483399148,1.981170654296875,2.588092803955078,7.0,5.0,08-19,0.15644009908040246
08-05,-1.7300643920898402,0.0081787109375,-1.3523559570312536,0.7866783142089844,-2.6565208435058594,0.11603164672850852,1.6330986022949219,-0.33141326904297586,-0.20549774169921875,0.5318641662597656,1.981170654296875,1.3836326599121094,7.0,5.0,08-20,0.01373354593912642
08-06,-1.7300643920898402,0.0081787109375,-1.3523559570312536,1.5990066528320312,-2.6565208435058594,0.23207855224609375,1.8962173461914134,0.0,0.4109992980957031,0.5318641662597656,1.981170654296875,1.3836326599121094,8.0,4.0,08-21,0.1920172373453782
08-07,-1.7300643920898402,0.0245361328125,-2.0535869598388743,0.9320392608642578,-2.6565208435058594,0.1249542236328125,1.8962173461914134,1.5649452209472656,0.13077545166015625,0.25643157958984375,1.981170654296875,1.3836326599121094,9.0,3.0,08-22,0.1545441945393883
08-08,0.2551231384277344,0.0245361328125,-2.0535869598388743,0.79522705078125,-2.3506736755371094,0.4373779296875,1.2339019775390696,1.5649452209472656,0.24285888671875,0.8642768859863281,1.981170654296875,1.3836326599121094,10.0,2.0,08-23,0.3648991584777832
08-09,0.2551231384277344,-0.13086700439453125,-2.0535869598388743,0.79522705078125,-2.1234588623046946,-0.3838310241699219,0.3175392150878906,0.19331741333007102,0.44835662841796875,0.8642768859863281,1.981170654296875,1.4334068298339844,8.0,4.0,08-24,0.13305616378784002
08-10,0.2551231384277344,-0.15540313720703125,-2.0535869598388743,0.79522705078125,-2.1234588623046946,-0.3838310241699219,-0.6078681945800781,0.19331741333007102,0.44835662841796875,0.8642768859863281,0.0,1.4334068298339844,6.0,6.0,08-25,-0.11120335261027196
08-11,0.37471008300781605,-0.15540313720703125,-2.0535869598388743,0.79522705078125,-2.1234588623046946,-0.3838310241699219,0.18146514892578125,0.5339279174804759,0.44835662841796875,1.1681976318359375,0.0,1.353771209716804,7.0,5.0,08-26,0.011614640553792613
08-12,0.37471008300781605,-0.15540313720703125,-2.0535869598388743,0.79522705078125,-2.1234588623046946,0.39275360107421875,0.18146514892578125,0.5339279174804759,0.44835662841796875,0.96875,0.0,-0.2488555908203054,7.0,5.0,08-27,-0.07384284337361624
08-13,-0.32688331604003906,-0.15540313720703125,-2.0535869598388743,0.79522705078125,-2.1234588623046946,0.39275360107421875,0.18146514892578125,0.5339279174804759,0.037376403808586645,0.96875,0.0,-0.2488555908203054,6.0,6.0,08-28,-0.16655731201171933
08-14,-0.32688331604003906,-0.15540313720703125,-2.0535869598388743,0.79522705078125,-2.1234588623046946,0.008922576904296875,0.18146514892578125,0.5339279174804759,0.037376403808586645,-0.4083900451660085,0.0,-0.2488555908203054,5.0,7.0,08-29,-0.3133049011230469
08-15,-0.32688331604003906,-0.15540313720703125,-2.0535869598388743,0.79522705078125,-0.8651199340820312,0.008922576904296875,-1.5695877075195241,0.5339279174804759,0.15879440307617188,0.4938621520996094,0.0,0.14931488037110086,6.0,6.0,08-30,-0.23587767283121627
08-16,-0.32688331604003906,0.19630813598633523,-2.0535869598388743,0.79522705078125,-0.8651199340820312,0.008922576904296875,-2.231910705566399,0.5339279174804759,0.15879440307617188,0.06647872924805398,0.0,-0.3483924865722585,6.0,6.0,08-31,-0.3388528823852515
08-17,-0.32688331604003906,0.1226959228515625,-0.7012310028076207,-0.017101287841796875,-0.8651199340820312,0.008922576904296875,-2.3589439392089773,-1.0034027099609375,-0.45770263671875,0.06647872924805398,0.0,-0.3483924865722585,3.0,9.0,09-01,-0.49005667368570816
08-18,-0.32688331604003906,0.1226959228515625,0.5593185424804688,0.0,-0.8651199340820312,0.24101638793945312,-2.739971160888672,-2.568347930908203,-0.17747879028320312,0.06647872924805398,0.0,-1.7320289611816406,4.0,8.0,09-02,-0.6183600425720209
08-19,-0.32688331604003906,0.1226959228515625,0.5593185424804688,0.0,-1.555469512939446,0.10711669921875,-3.0030899047851634,-2.568347930908203,-0.2895622253417969,0.06647872924805398,1.405364990234375,-2.608001708984375,5.0,7.0,09-03,-0.6741983095804844
08-20,-0.32688331604003906,0.27809906005859375,0.5593185424804688,0.0,-1.8001365661621094,0.624847412109375,-2.6492462158203125,-1.1967201232910085,-0.2895622253417969,0.06647872924805398,1.405364990234375,-1.4234504699707031,5.0,7.0,09-04,-0.3959908485412586
08-21,-0.32688331604003906,0.27809906005859375,0.5593185424804688,0.0,-0.9350166320800781,0.624847412109375,-1.7238388061523438,-1.1967201232910085,-0.2895622253417969,-0.7693023681640554,1.405364990234375,-1.4234504699707031,4.0,8.0,09-05,-0.3164286613464344
08-22,-0.44647026062012074,0.27809906005859375,0.5593185424804688,0.0,-0.6903495788574148,0.624847412109375,-1.7238388061523438,-0.819293975830071,-0.2895622253417969,-1.9659767150878906,1.405364990234375,-1.3438148498535227,4.0,8.0,09-06,-0.36763970057169565
08-23,-0.44647026062012074,0.27809906005859375,0.5342636108398438,-0.26508140563964844,-0.6903495788574148,-0.15173721313476562,-1.7238388061523438,-0.819293975830071,-1.1115570068359375,0.4653739929199219,1.405364990234375,-1.3438148498535227,4.0,8.0,09-07,-0.32242012023925753
08-24,-0.44647026062012074,0.27809906005859375,0.5342636108398438,-0.26508140563964844,-0.6903495788574148,1.5888710021972727,-1.0343093872070312,-1.1599044799804759,-0.21485137939453125,0.4653739929199219,1.405364990234375,-1.3438148498535227,5.0,7.0,09-08,-0.07356739044189482
08-25,-0.33484840393067117,0.27809906005859375,0.5342636108398438,-0.26508140563964844,-0.6903495788574148,1.5888710021972727,-1.0343093872070312,-1.1599044799804759,-0.21485137939453125,0.4653739929199219,1.405364990234375,-2.2894668579101634,5.0,7.0,09-09,-0.14306990305582742
08-26,0.11162185668944957,0.27809906005859375,0.5342636108398438,-0.26508140563964844,-0.9350166320800781,1.5888710021972727,-1.3155593872070312,-1.1599044799804759,-0.3362693786621165,0.4653739929199219,1.405364990234375,-2.2894668579101634,6.0,6.0,09-10,-0.1598086357116714
08-27,0.17540359497070668,-0.07361221313477273,0.5342636108398438,-0.26508140563964844,0.1660308837890625,1.9727020263671946,-0.7802543640136719,-1.1599044799804759,0.12143325805663352,-0.9117507934570312,1.405364990234375,-1.791759490966804,6.0,6.0,09-11,-0.05059703191121567
08-28,0.17540359497070668,0.0,0.5342636108398438,1.0004520416259766,1.0398902893066406,1.7406082153320384,-0.6532211303710938,-1.1599044799804759,0.12143325805663352,-0.9307403564453196,1.405364990234375,-1.791759490966804,7.0,5.0,09-12,0.12348254521687678
08-29,0.17540359497070668,0.0,0.5342636108398438,1.2484264373779297,1.9410934448242116,1.7406082153320384,-0.28125762939453125,-1.1599044799804759,0.046703338623046875,-0.7977905273437571,0.0,-0.5872993469238281,6.0,6.0,09-13,0.23835388819376538
08-30,0.17540359497070668,0.0,0.5342636108398438,1.6784915924072266,2.185760498046875,1.7406082153320384,-0.8256263732910156,0.3774261474609375,0.046703338623046875,-0.7977905273437571,0.0,0.15926742553711648,8.0,4.0,09-14,0.4395422935485849
08-31,0.5206279754638707,-0.7727432250976562,0.1512451171875,1.6784915924072266,2.185760498046875,1.9414405822753977,-0.653533935546875,0.561279296875,0.046703338623046875,0.03799057006835227,0.0,0.15926742553711648,9.0,3.0,09-15,0.4880441029866545
09-01,0.37611961364746094,-0.7727432250976562,0.1512451171875,1.6784915924072266,2.185760498046875,1.9414405822753977,-0.653533935546875,0.1838531494140625,0.046703338623046875,1.2346649169921875,0.23427581787110086,1.2742385864257812,10.0,2.0,09-16,0.656709671020509
09-02,0.37611961364746094,-0.7727432250976562,0.176300048828125,1.6784915924072266,2.185760498046875,1.564880371093743,-0.09101486206054688,0.1838531494140625,0.8686981201171875,1.4512100219726562,-0.04018402099609375,0.4299125671386719,9.0,3.0,09-17,0.6676069895426426
09-03,0.37611961364746094,-0.7727432250976562,0.176300048828125,1.6784915924072266,2.185760498046875,1.9235153198242188,-0.7805442810058594,0.1838531494140625,1.3958244323730469,1.7342338562011719,-0.04018402099609375,0.4299125671386719,9.0,3.0,09-18,0.7075449625651041
09-04,0.26449775695801137,-0.7727432250976562,-0.2686500549316371,1.4204521179199254,1.9410934448242116,0.1829071044921804,-0.7805442810058594,0.1838531494140625,2.0242576599121094,1.7342338562011719,-0.04018402099609375,1.3755645751953125,8.0,4.0,09-19,0.6053948402404782
09-05,0.26449775695801137,-0.7727432250976562,-0.2686500549316371,1.6855335235595739,1.0274009704589773,0.1829071044921804,-0.4992942810058594,0.1838531494140625,1.6303253173828196,-0.4976692199707031,-0.04018402099609375,1.3755645751953125,7.0,5.0,09-20,0.3559617996215823
09-06,0.26449775695801137,-0.7727432250976562,-0.2686500549316371,1.6855335235595739,1.2720680236816406,0.1829071044921804,-0.6085586547851634,-1.9503936767578196,1.0132827758789134,-0.4976692199707031,-0.04018402099609375,1.3755645751953125,6.0,6.0,09-21,0.1379712422688799
09-07,0.26449775695801137,-0.7727432250976562,-0.2686500549316371,1.6855335235595739,0.1710205078125,2.0567283630371094,-0.6085586547851634,-1.6824531555175781,0.292949676513679,0.87945556640625,-0.04018402099609375,1.3755645751953125,7.0,5.0,09-22,0.279430071512859
09-08,0.26449775695801137,-0.7727432250976562,-0.2686500549316371,0.42000007629394887,0.1710205078125,2.119476318359368,-0.6085586547851634,-1.6824531555175781,0.292949676513679,0.6610145568847656,-0.04018402099609375,1.3755645751953125,7.0,5.0,09-23,0.1609945297241214
09-09,-0.032114028930667615,-0.7727432250976562,-0.2686500549316371,-0.9475879669189453,0.1710205078125,2.0925865173339773,-0.48154067993164773,-1.6824531555175781,0.3676795959472656,0.6610145568847656,-0.04018402099609375,1.3555641174316406,5.0,7.0,09-24,0.03521601359049361
09-10,-0.1043777465820348,-0.7727432250976562,-0.2686500549316371,-0.9991950988769567,-0.7028388977050781,2.0925865173339773,-0.5290336608886719,-1.6824531555175781,0.3676795959472656,0.6610145568847656,-0.04018402099609375,0.608997344970696,4.0,8.0,09-25,-0.11409982045491684
09-11,-0.44960212707519887,0.0,-0.2686500549316371,-1.2471694946289098,-0.9136924743652344,0.6724281311035085,-0.7011260986328125,-1.6824531555175781,1.0805320739746094,1.5741119384765625,-0.04018402099609375,0.608997344970696,4.0,8.0,09-26,-0.11390066146850734
09-12,-0.30509376525878906,0.0,-0.2686500549316371,-1.6772346496582067,-0.9136924743652344,0.6724281311035085,-0.7011260986328125,-1.6824531555175781,1.0805320739746094,0.4899787902832031,2.4603843688964773,0.3699989318847656,5.0,7.0,09-27,-0.039577325185141156
09-13,-0.30509376525878906,-0.9124794006347656,-0.4449501037597621,-2.0728855133056605,-0.9136924743652344,1.0489883422851634,-0.7011260986328125,-2.3559951782226562,0.6584510803222656,-0.19667434692383523,2.734844207763672,-0.06999969482422586,3.0,9.0,09-28,-0.2942177454630534
09-14,-1.1159706115722656,-0.9124794006347656,-0.4449501037597621,-2.0728855133056605,-0.9136924743652344,0.01793289184571023,-0.8286094665527344,-3.067413330078118,-0.112548828125,-0.47969818115235086,2.734844207763672,0.48999786376952414,3.0,9.0,09-29,-0.5587894121805821
09-15,-1.1159706115722656,-0.9124794006347656,0.0,-1.8148460388183594,-0.9136924743652344,-0.3048439025878835,-1.0289268493652344,-2.8918609619140625,-0.7409820556640625,-0.47969818115235086,2.734844207763672,0.09999847412108664,2.0,10.0,09-30,-0.6140381495157884
09-16,-1.1159706115722656,-0.9124794006347656,0.0,-1.2299747467041087,-0.9136924743652344,-0.6365737915039062,-1.0289268493652344,-2.8918609619140625,-0.34704971313477273,-0.6619873046875,2.734844207763672,0.09999847412108664,2.0,10.0,10-01,-0.5753060976664243
09-17,-1.1159706115722656,-0.9124794006347656,0.0,-1.2299747467041087,-0.9136924743652344,-0.6365737915039062,-0.9196624755859304,-0.7576141357421804,0.1594543457031179,-0.6619873046875,2.734844207763672,-0.09999847412109375,2.0,10.0,10-02,-0.3628045717875163
09-18,-1.1159706115722656,-0.9124794006347656,0.0,-1.2299747467041087,0.0,-2.8779869079589915,-0.9196624755859304,-1.0255584716796804,0.22510147094725852,-0.10553359985351562,2.734844207763672,-0.09999847412109375,2.0,10.0,10-03,-0.4439349174499518
09-19,-1.1159706115722656,-0.9124794006347656,0.0,-1.2299747467041087,0.13180160522460938,-2.94073486328125,-0.9196624755859304,-1.0255584716796804,0.3095245361328125,-0.8730506896972656,1.6860008239746094,-0.09999847412109375,3.0,9.0,10-04,-0.5825085639953608
09-20,-1.1159706115722656,-0.9124794006347656,0.0,0.7138862609863281,0.13180160522460938,-2.9138450622558594,-0.9196624755859304,-1.2934989929199219,1.1724433898925852,-1.3047904968261719,1.6860008239746094,-0.09999847412109375,4.0,8.0,10-05,-0.4046761194864897
09-21,-1.1159706115722656,-0.9371223449707102,-1.4104118347167969,0.7654933929443395,0.13180160522460938,-2.9138450622558594,-0.9196624755859304,-2.01416015625,1.3506660461425852,-1.3047904968261719,1.6860008239746094,-0.09999847412109375,4.0,8.0,10-06,-0.5651666323343904
09-22,-0.8831405639648438,-0.9371223449707102,-1.4104118347167969,0.7654933929443395,-0.2986907958984375,-2.9138450622558594,0.6738166809082102,-2.01416015625,0.6378135681152415,-2.37933349609375,2.2447280883789134,-0.470001220703125,4.0,8.0,10-07,-0.5820711453755681
09-23,-0.16859626770019176,-0.9371223449707102,-1.4104118347167969,0.7654933929443395,-0.2986907958984375,-2.9138450622558594,1.2656784057617188,-2.01416015625,0.6378135681152415,-2.9070091247558594,2.2447280883789134,-0.470001220703125,4.0,8.0,10-08,-0.5171769460042306
09-24,0.09635353088378906,-0.024642944335944605,-1.4104118347167969,0.8171157836914098,-0.2986907958984375,-1.2821006774902344,1.2656784057617188,-1.5244712829589844,0.26263046264647727,-2.9070091247558594,1.9114494323730398,0.4199981689453196,6.0,6.0,10-09,-0.2228417396545419
09-25,0.9072303771972656,-0.024642944335944605,-0.7891426086425852,0.8171157836914098,-0.2986907958984375,-0.25104522705078125,1.3931617736816406,-1.5244712829589844,0.38455963134765625,-1.8228759765625,-0.8233947753906321,-0.1399993896484304,4.0,8.0,10-10,-0.1810162862141936
09-26,0.9072303771972656,-0.024642944335944605,-0.7891426086425852,1.2127666473388636,-0.2986907958984375,0.0717315673828125,1.5934791564941406,-2.02337646484375,0.806640625,-1.6118087768554545,-0.8233947753906321,-0.1399993896484304,5.0,7.0,10-11,-0.09326728185017934
09-27,0.9072303771972656,-0.024642944335944605,-0.7891426086425852,0.6278953552246129,-0.2986907958984375,0.044826507568359375,1.5934791564941406,-1.3119583129882884,1.0505142211914062,-1.4295196533203054,-0.8233947753906321,-0.1399993896484304,5.0,7.0,10-12,-0.04945023854573657
09-28,0.9072303771972656,-0.024642944335944605,-0.7891426086425852,0.6278953552246129,-0.2986907958984375,-0.14344406127929688,1.5934791564941406,-1.4320831298828054,0.5440101623535156,-1.4295196533203054,-0.8233947753906321,0.02000045776367898,5.0,7.0,10-13,-0.10402520497639944
09-29,0.9072303771972656,-0.024642944335944605,-0.7891426086425852,0.6278953552246129,0.2196502685546875,-0.5379371643066406,0.19121932983398438,-1.1641387939453054,0.478363037109375,-1.9859733581542898,-0.8233947753906321,-8.10999679565429,5.0,7.0,10-14,-0.9175723393758135
09-30,1.1079330444335938,-0.024642944335944605,-0.7891426086425852,0.11182975769043324,0.7643318176269531,-0.5379371643066406,-0.3004875183105469,-1.1641387939453054,0.5252571105957031,-3.2427940368652344,-0.8233947753906321,0.10999679565429688,5.0,7.0,10-15,-0.3552657763163258
10-01,1.1079330444335938,-0.024642944335944605,-0.7891426086425852,0.11182975769043324,0.7643318176269531,-0.7710418701171875,-0.3004875183105469,-1.1641387939453054,0.5252571105957031,-2.763092041015625,-0.8233947753906321,-0.17000198364257812,4.0,8.0,10-16,-0.3580492337544768
10-02,1.1079330444335938,0.0,-0.7891426086425852,0.13762855529785512,0.6325302124023438,-1.3538131713867188,-0.3004875183105469,-1.1641387939453054,0.5252571105957031,-1.995574951171875,0.2254486083984304,-0.17000198364257812,5.0,7.0,10-17,-0.2620301246643069
10-03,1.1079330444335938,0.0,-0.7891426086425852,0.04300498962402344,1.0630226135253906,-1.3538131713867188,-1.8939666748046875,-1.1641387939453054,-0.0562744140625,-1.1704750061035156,-2.4309730529785227,0.220001220703125,4.0,8.0,10-18,-0.5354018211364752
10-04,0.8670711517333984,0.0,0.6212692260742116,0.04300498962402344,1.0630226135253906,-1.3538131713867188,0.309600830078125,-0.44347763061522727,-0.2344970703125,-0.6332130432128906,-2.4309730529785227,0.220001220703125,6.0,6.0,10-19,-0.16433366139729877
10-05,0.8670711517333984,0.0,1.8805732727050746,-0.008617401123046875,1.0630226135253906,-1.2910537719726491,0.309600830078125,-0.44347763061522727,-0.1031799316406179,-0.6332130432128906,-2.097694396972649,0.7300033569335938,5.0,7.0,10-20,0.022752920786541786
10-06,0.28903198242187145,0.0,1.0326080322265625,-0.008617401123046875,1.7307052612304688,-1.2910537719726491,0.309600830078125,0.5081634521484375,-0.22510910034179688,-0.6332130432128906,-2.097694396972649,0.7300033569335938,6.0,6.0,10-21,0.02870210011800219
10-07,0.024082183837890625,0.0,1.0326080322265625,-0.3870677947998047,1.7307052612304688,-1.7034721374511648,0.309600830078125,1.0070686340332031,-0.22510910034179688,-0.6332130432128906,-2.097694396972649,-0.3400001525878906,5.0,7.0,10-22,-0.10687430699666223
10-08,0.024082183837890625,0.0,1.0326080322265625,-0.3870677947998047,1.7307052612304688,-2.0352020263671875,0.309600830078125,1.0070686340332031,-0.22510910034179688,-0.6332130432128906,-2.097694396972649,-0.3400001525878906,5.0,7.0,10-23,-0.13451846440633078
10-09,0.024082183837890625,0.0,1.0326080322265625,-0.9117355346679723,1.7307052612304688,-1.6407127380371094,0.309600830078125,0.6836929321289062,-0.22510910034179688,-0.3741722106933665,-2.1467094421386648,-0.5,5.0,7.0,10-24,-0.16814581553141306
10-10,0.024082183837890625,0.0,1.0326080322265625,-0.9461345672607422,1.2123641967773438,-1.2462196350097656,1.7118606567382812,0.15706634521484375,-0.8347816467285156,-0.3741722106933665,-2.1467094421386648,7.629997253417969,6.0,6.0,10-25,0.5183300971984863
10-11,0.024082183837890625,0.0,2.1323833465576207,-0.38706016540527344,0.6676826477050781,-1.2462196350097656,1.7118606567382812,0.1016387939453054,-0.8347816467285156,1.8996200561523438,-2.1467094421386648,7.349998474121094,7.0,5.0,10-26,0.7727079391479496
10-12,0.024082183837890625,0.0,2.1323833465576207,-0.38706016540527344,0.6676826477050781,-1.2462196350097656,1.7118606567382812,-0.036956787109382105,-1.2381019592285156,1.4199180603027344,-2.1467094421386648,7.349998474121094,6.0,6.0,10-27,0.6875731150309248
10-13,-1.115966796875,0.0,2.3674755096435582,-0.4128589630126953,1.0542449951171875,-1.2462196350097656,2.813629150390625,-0.036956787109382105,-1.2381019592285156,1.4199180603027344,-2.1467094421386648,-1.729999542236321,4.0,8.0,10-28,-0.022628784179686612
10-14,-1.115966796875,0.0,2.3674755096435582,-0.4128589630126953,0.8961143493652344,-0.6455230712890625,2.813629150390625,-0.036956787109382105,-1.2568588256836009,1.0265731811523438,-2.1467094421386648,-2.2900009155273366,4.0,8.0,10-29,-0.0667568842569984
10-15,-0.8751049041748047,0.0,2.3674755096435582,-0.4128589630126953,0.4041404724121094,-0.06275177001953125,0.6100616455078125,-0.036956787109382105,-1.2568588256836009,0.5756416320800852,-2.921089172363274,-2.020000457763672,4.0,8.0,10-30,-0.30235846837361624
10-16,-0.8751049041748047,0.0,2.3674755096435582,-0.8945083618164062,0.4041404724121094,3.0035018920898366,0.6100616455078125,-0.1293487548828196,-1.2568588256836009,0.1822814941406321,-0.823394775390625,-2.5300025939941406,5.0,7.0,10-31,0.00485356648762932
10-17,-0.9393463134765625,0.0,2.3674755096435582,-1.0149307250976562,-0.26354217529296875,3.0035018920898366,0.6100616455078125,-0.1293487548828196,-1.2568588256836009,0.17269515991211648,-0.823394775390625,-2.5300025939941406,4.0,8.0,11-01,-0.06697416305542081
10-18,-0.9393463134765625,1.9482574462890625,1.1081714630126953,-0.08600425720214844,-0.26354217529296875,3.0035018920898366,0.6100616455078125,-0.3788108825683594,-2.6638031005859375,0.8538742065429759,-0.823394775390625,-2.6200027465820312,5.0,7.0,11-02,-0.0209197998046875
10-19,-0.9393463134765625,2.3264007568359446,0.2182788848876953,-0.08600425720214844,-0.26354217529296875,3.3173027038574148,0.6100616455078125,-1.3304519653320241,-2.992084503173828,0.8538742065429759,-0.823394775390625,-3.3400001525878906,5.0,7.0,11-03,-0.20407549540201705
10-20,-0.9393463134765625,2.3264007568359446,1.1837368011474645,0.4386634826660192,-0.26354217529296875,3.577301025390618,0.6100616455078125,-1.0070762634277273,-2.992084503173828,0.8538742065429759,-0.9900398254394602,-2.7199974060058594,6.0,6.0,11-04,0.006495952606202356
10-21,-0.9393463134765625,2.3264007568359446,1.1837368011474645,0.6708984375,-0.26354217529296875,2.1696929931640625,0.6100616455078125,-0.48044967651366477,-2.3824119567871094,0.8538742065429759,-1.1958847045898509,-2.7199974060058594,6.0,6.0,11-05,-0.013913949330646306
10-22,-0.9393463134765625,2.3264007568359446,0.08396148681640625,0.6708984375,-0.26354217529296875,2.4207305908203125,0.6100616455078125,-0.48044967651366477,-1.4069404602050781,-8.768985748291016,-1.1468696594238352,-1.529998779296882,5.0,7.0,11-06,-0.7020066579182943
10-23,-0.9393463134765625,2.3264007568359446,-0.0755462646484375,0.1376190185546875,-0.26354217529296875,2.4207305908203125,0.6100616455078125,-1.1733856201171875,-1.6976966857910227,-8.768985748291016,-1.1468696594238352,-1.529998779296882,4.0,8.0,11-07,-0.8417132695515962
10-24,0.0,2.3264007568359446,-0.0755462646484375,0.4128589630126953,-0.6501045227050781,2.4207305908203125,0.0,-1.1733856201171875,-1.6976966857910227,-8.1165771484375,-1.1468696594238352,-0.4699974060058736,3.0,9.0,11-08,-0.6808489163716652
10-25,-0.2809944152832031,2.3099632263183665,-0.22665977478027344,0.4128589630126953,-0.491973876953125,2.4207305908203125,0.0,-1.0347900390625,-1.4632148742675781,-7.723232269287109,-1.1468696594238352,-0.47999954223633523,3.0,9.0,11-09,-0.6420151392618821
10-26,-0.2809944152832031,2.3099632263183665,-0.12593841552734375,0.5332813262939453,0.0,2.34002685546875,0.0,-1.0347900390625,-1.1630706787109375,-7.272300720214851,-0.37248992919922586,0.15999984741210938,4.0,8.0,11-10,-0.4088594118754075
10-27,-0.2809944152832031,2.3099632263183665,-0.12593841552734375,-0.017194747924804688,0.19326019287109375,1.9903755187988281,0.0,-0.9423980712890625,-1.1630706787109375,-7.272300720214851,-0.37248992919922586,0.8600006103515554,4.0,8.0,11-11,-0.4017322858174654
10-28,-0.2809944152832031,2.3099632263183665,-0.12593841552734375,-0.017194747924804688,0.21962356567382812,1.9903755187988281,0.0,-0.9423980712890625,-1.1630706787109375,-7.272300720214851,-0.37248992919922586,0.44000244140625,4.0,8.0,11-12,-0.43453518549601294
10-29,-0.2809944152832031,0.361705780029304,-0.12593841552734375,-0.6364841461181605,0.21962356567382812,-1.1386375427246094,0.0,-0.6929359436035227,-1.1630706787109375,-5.6701011657714915,-0.37248992919922586,0.4900016784667969,3.0,9.0,11-13,-0.7507767677307138
10-30,-0.2809944152832031,-0.016437530517578125,-0.12593841552734375,-0.6364841461181605,-0.19329071044921875,1.057952880859375,0.0,-0.6929359436035227,-0.2251129150390625,-5.07527160644532,-0.37248992919922586,1.2099990844726562,2.0,10.0,11-14,-0.44591697057088364
10-31,-0.2809944152832031,-1.6112251281738281,-0.12593841552734375,-0.6364841461181605,-2.4862709045410156,0.7979545593261719,0.0,-0.6929359436035227,2.2980003356933594,-5.756450653076179,-0.20584487915039062,1.2099990844726562,3.0,9.0,11-15,-0.6241825421651214
11-01,-0.2809944152832031,-1.6112251281738281,0.9906501770019567,-0.8687191009521413,-2.4862709045410156,2.53729248046875,-3.596710205078125,-0.6929359436035227,2.222949981689446,-5.02729797363282,0.0,1.8999977111816406,4.0,8.0,11-16,-0.5761052767435718
11-02,-0.2809944152832031,-1.6112251281738281,-0.8395233154296875,-0.8687191009521413,-2.4862709045410156,2.5641746520996094,-3.596710205078125,-1.3951072692871094,1.3975601196289062,4.595561981201172,0.0,1.8999977111816406,4.0,8.0,11-17,-0.051771322886148496
11-03,-0.2809944152832031,-1.4468040466308594,-0.6800155639648438,-0.30104064941405895,-2.8288917541503906,3.2007369995117188,-2.7407913208007884,0.9516448974609375,1.6883163452148509,4.595561981201172,0.0,1.8999977111816406,5.0,7.0,11-18,0.33814334869384793
11-04,-0.2809944152832031,-1.88250732421875,-0.6800155639648438,-0.30104064941405895,-2.9430885314941406,2.5462570190429688,-1.9577140808105469,0.9516448974609375,1.6883163452148509,4.595561981201172,0.0,0.9899978637695384,5.0,7.0,11-19,0.22720146179199366
11-05,0.0,-1.8660697937011719,-0.5289020538330078,-0.30104064941405895,-2.9430885314941406,1.9903755187988281,-1.0835647583007884,0.9516448974609375,1.6039009094238352,4.595561981201172,0.15683746337891336,1.0,6.0,6.0,11-20,0.2979712486267099
11-06,0.0,-1.8660697937011719,-1.0578174591064453,-0.6192893981933558,-2.9430885314941406,1.981414794921882,-1.0835647583007884,0.9516448974609375,1.4350662231445384,2.4464797973632812,0.15683746337891336,0.3600006103515554,6.0,6.0,11-21,-0.019865512847899502
11-07,0.0,-1.8660697937011719,-1.8133792877197266,-0.6192893981933558,-3.030933380126953,2.331066131591804,-1.0835647583007884,0.9516448974609375,1.6883201599121094,2.4464797973632812,0.15683746337891336,0.5,6.0,6.0,11-22,-0.02824068069457919
11-08,0.0,-1.8660697937011719,-2.804025650024414,-0.6192893981933558,-3.0572967529296875,2.331066131591804,-2.4949264526367188,2.3097991943359375,1.3881759643554688,2.4368858337402344,0.15683746337891336,0.5,6.0,6.0,11-23,-0.14323695500691583
11-09,0.0,-1.8660697937011719,-2.804025650024414,0.0,-3.0572967529296875,2.331066131591804,-2.7407913208007884,2.3097991943359375,1.3225212097167969,0.834686279296875,0.15683746337891336,0.5,6.0,6.0,11-24,-0.2511061032613113
11-10,1.6217670440673828,-1.8660697937011719,-2.804025650024414,0.0,-3.0572967529296875,2.331066131591804,-2.7407913208007884,2.3097991943359375,0.3845634460449219,0.23985671997070312,0.15683746337891336,0.6499977111816406,7.0,5.0,11-25,-0.23119131724039654
11-11,1.6217670440673828,-0.2712821960449219,-2.804025650024414,0.0,-3.0572967529296875,2.8869400024414134,-2.7407913208007884,2.3097991943359375,-0.48773956298828125,1.9571990966796875,0.15683746337891336,0.6899986267089844,6.0,6.0,11-26,0.021783828735352156
11-12,1.6538810729980433,-0.2712821960449219,-2.804025650024414,0.0,-2.6443824768066406,0.37654876708985086,2.3492431640625,2.3097991943359375,-0.48773956298828125,1.9571990966796875,0.15683746337891336,0.0,6.0,6.0,11-27,0.2163399060567229
11-13,1.6538810729980433,-0.2712821960449219,-3.0139179229736293,0.0,-0.35140228271484375,0.0358734130859375,2.3492431640625,2.3097991943359375,-0.48773956298828125,1.9571990966796875,0.15683746337891336,0.0,6.0,6.0,11-28,0.36154095331827857
11-14,1.6538810729980433,-0.2712821960449219,-3.0139179229736293,-0.3612556457519567,-0.7994613647460938,-0.6006889343261719,1.4933242797851634,2.3097991943359375,-0.5815162658691335,1.2280464172363281,0.15683746337891336,0.0,5.0,7.0,11-29,0.10114717483520656
11-15,1.6538810729980433,-0.2712821960449219,-2.1492023468017543,-0.45586967468262074,-0.6852645874023438,-0.40346527099609375,1.4933242797851634,3.011970520019524,-0.731597900390625,1.2280464172363281,0.15683746337891336,0.0,5.0,7.0,11-30,0.23728148142496774
11-16,1.6538810729980433,-0.4357032775878906,-1.3432483673095703,-0.45586967468262074,-0.6852645874023438,-0.40346527099609375,1.4933242797851634,1.358154296875,-1.3694267272949219,1.2280464172363281,0.0,0.0,4.0,8.0,12-01,0.08670234680175781
11-17,1.6538810729980433,0.0,-0.8143329620361328,-0.45586967468262074,-0.8961181640625,0.2868995666503906,0.7102470397949219,2.0788116455078125,-1.200592041015625,1.7077484130859375,0.0,0.0,5.0,7.0,12-02,0.2558895746866856
11-18,1.6538810729980433,0.0,-0.05877113342285156,-0.45586967468262074,-0.7204132080078125,0.8427810668945312,-2.1580429077148366,2.0788116455078125,-1.2850074768066406,1.8900337219238281,0.0,0.0,4.0,8.0,12-03,0.14895025889078775
11-19,1.6538810729980433,0.0,0.5960617065429688,-0.45586967468262074,-0.7204132080078125,0.9324455261230398,-0.7102508544921875,0.7206573486328125,-1.2850074768066406,1.5926246643066477,0.0,0.0,5.0,6.0,12-04,0.1936774253845209
11-20,1.6538810729980433,0.0,1.679056167602539,-0.34405708312988637,-0.8258285522460938,0.9324455261230398,-0.4643859863281179,0.7206573486328125,-0.42208099365234375,1.6022186279296946,0.0,0.0,5.0,6.0,12-05,0.3776588439941406
11-21,0.03211402893066051,0.0,1.679056167602539,-0.1290187835693395,-0.8258285522460938,0.9324455261230398,-0.4643859863281179,0.7206573486328125,-0.3564262390136719,0.4125404357910156,0.0,0.0,5.0,6.0,12-06,0.16676282882690371
11-22,0.03211402893066051,0.0,1.679056167602539,-0.1290187835693395,-0.8258285522460938,0.3765716552734304,-0.4643859863281179,0.7206573486328125,-0.29076385498046875,0.4125404357910156,0.0,0.0,5.0,6.0,12-07,0.12591187159220318
11-23,0.03211402893066051,0.0,1.8889484405517543,-0.1290187835693395,-0.8258285522460938,-1.0220718383789134,-0.4643859863281179,0.7206573486328125,-0.31890869140625,0.4125404357910156,0.0,0.0,4.0,7.0,12-08,0.0245038668314607
11-24,0.0,0.0,1.8889484405517543,-0.1290187835693395,-0.7116050720214844,-1.0220718383789134,-2.4038810729980398,0.7206573486328125,-0.31890869140625,0.4125404357910156,0.0,0.0,3.0,8.0,12-09,-0.1302782694498704
11-25,0.0,0.0,1.8889484405517543,4.0425510406494105,-1.0981674194335938,-0.8069190979003906,-3.451030731201172,0.7206573486328125,0.17819976806640625,-0.49889373779296875,0.0,0.0,4.0,7.0,12-10,0.08127880096435487
11-26,0.0,0.0,1.8889484405517543,4.0425510406494105,-0.5271263122558594,0.07172012329102273,-3.451030731201172,0.7206573486328125,-0.06566619873046164,-0.2878227233886719,1.1958847045898366,0.0,5.0,6.0,12-11,0.29900964101155597
11-27,0.0,0.0,1.8889484405517543,5.84021186828614,-0.3953361511230469,-0.6186447143554616,-3.451030731201172,1.6815376281738352,-0.459613800048821,-0.2878227233886719,1.1958847045898366,0.0,4.0,7.0,12-12,0.4495112101236994
11-28,0.0,0.0,1.8889484405517543,6.4853057861328125,-0.3713798522949219,-0.6186447143554616,-3.451030731201172,2.356006622314453,-0.459613800048821,-0.2878227233886719,1.2350883483886719,0.0,4.0,7.0,12-13,0.564738114674887
11-29,0.0,0.0,1.0829944610595703,7.609508514404297,-0.3713798522949219,-0.6186447143554616,-3.451030731201172,2.356006622314453,0.2626304626464915,-0.4701080322265625,1.2350883483886719,0.0,5.0,6.0,12-14,0.6362554232279471
11-30,0.1697692871093821,0.17353439331055398,1.1589908599853516,7.609508514404297,-0.3713798522949219,-0.426910400390625,-3.2837753295898438,1.8189506530761719,0.478363037109375,-0.1726989746093821,1.2350883483886719,0.0,7.0,4.0,12-15,0.6991200447082525
12-01,0.2991123199462926,0.17353439331055398,0.07599639892578125,7.4976959228515625,-1.4580421447753906,-1.6691207885742116,-2.560077667236328,1.8189506530761719,-0.3845634460449219,-0.7003631591796875,1.47039794921875,0.0,6.0,5.0,12-16,0.3802933692932144
12-02,0.7680034637451207,0.17353439331055398,0.07599639892578125,6.987480163574219,-1.4580421447753906,-2.353260040283203,-2.09381103515625,1.8189506530761719,-0.3845634460449219,-0.4155006408691406,1.47039794921875,0.0,6.0,5.0,12-17,0.3824321428934742
12-03,1.4066543579101598,0.17353439331055398,0.07599639892578125,6.987480163574219,-1.0869789123535156,-2.353260040283203,-2.2948989868164062,1.8189506530761719,-0.23295211791992898,-0.4155006408691406,1.47039794921875,0.0,6.0,5.0,12-18,0.4624519348144534
12-04,1.4066543579101598,0.17353439331055398,-1.2918014526367188,6.530300140380859,-1.1929931640625,-0.20746994018554688,-2.2948989868164062,1.8189506530761719,-0.23295211791992898,-0.7148475646972656,1.47039794921875,0.0,5.0,6.0,12-19,0.455406188964844
12-05,1.4066543579101598,0.17353439331055398,-1.2918014526367188,6.530300140380859,-1.3072166442871094,-0.20746994018554688,-1.8487281799316477,1.8189506530761719,0.19106674194335938,0.19658660888671875,1.47039794921875,0.0,7.0,4.0,12-20,0.5943562189737959
12-06,1.4066543579101598,0.17353439331055398,-1.2918014526367188,2.3587303161621094,-0.920654296875,-0.10882949829101562,-2.0772171020507884,1.8189506530761719,-0.10096359252929688,0.19658660888671875,1.47039794921875,0.0,6.0,5.0,12-21,0.24378236134847034
12-07,0.7922554016113317,0.17353439331055398,-1.2918014526367188,2.3587303161621094,-0.7010154724121094,-0.693939208984375,-2.5890426635742188,1.8189506530761719,0.12407302856444602,-0.014484405517578125,0.27451324462891336,0.0,6.0,5.0,12-22,0.02098115285237719
12-08,0.7922554016113317,0.17353439331055398,-1.0385112762451172,0.9223251342773366,-0.7098655700683594,-0.693939208984375,-1.5418930053710866,0.8580703735351491,0.5180206298828054,-0.014484405517578125,-1.8028945922851491,0.0,5.0,6.0,12-23,-0.21144851048787405
12-09,0.7922554016113317,0.17353439331055398,-1.0385112762451172,1.0001564025878835,-0.7098655700683594,-1.5725784301757884,-1.6058692932128906,0.18360137939453125,0.5180206298828054,-0.0337982177734375,-2.6003837585449148,0.0,5.0,6.0,12-24,-0.40778652826945017
12-10,0.7922554016113317,0.17353439331055398,-1.0385112762451172,1.0001564025878835,-0.6308021545410156,-1.5725784301757884,-1.6058692932128906,0.18360137939453125,0.5180206298828054,-0.0337982177734375,-2.6003837585449148,0.0,5.0,6.0,12-25,-0.40119791030883817
12-11,0.6224861145019496,0.0,-1.0385112762451172,0.449676513671875,-0.2650299072265696,-0.20704269409179688,-1.7731246948242188,0.18360137939453125,0.5180206298828054,-0.0337982177734375,-2.63958740234375,0.0,4.0,7.0,12-26,-0.3486091295878107
12-12,0.49314308166503906,0.0,-1.0385112762451172,-0.6745262145996094,0.42406845092772727,1.0351676940917898,-0.5026817321777344,0.18360137939453125,0.5180206298828054,-1.3760261535644531,-2.874897003173828,0.0,5.0,6.0,12-27,-0.3177200953165708
12-13,0.49314308166503906,0.0,-1.1145076751708984,-0.16431045532226562,0.42406845092772727,1.7193069458007812,-0.5026817321777344,0.0,0.3022880554199219,-1.660888671875,-2.874897003173828,0.0,4.0,7.0,12-28,-0.2815399169921881
12-14,0.49314308166503906,0.0,-1.1145076751708984,-0.16431045532226562,0.05300521850585227,1.7193069458007812,-0.5026817321777344,0.0,0.6309471130371236,-1.660888671875,-2.874897003173828,0.0,4.0,7.0,12-29,-0.2850735982259109
12-15,0.024251937866210938,0.0,0.25329017639160156,0.07783126831054688,-0.23853302001953836,1.7193069458007812,-1.0053787231445312,0.0,0.6309471130371236,-1.361541748046875,-3.367176055908203,0.0,5.0,6.0,12-30,-0.2722501754760736
12-16,-0.6143989562988281,0.0,0.25329017639160156,0.07783126831054688,-0.23853302001953836,2.394439697265632,-0.804290771484375,0.0,0.1412658691406321,-1.178070068359368,-3.367176055908203,0.0,4.0,7.0,12-31,-0.2779701550801583
12-17,-0.6143989562988281,0.0,0.25329017639160156,0.07783126831054688,-0.13251876831055398,1.6472930908203196,-0.5758018493652344,0.0,0.1412658691406321,-1.178070068359368,-3.367176055908203,0.0,4.0,7.0,01-01,-0.31235710779825726
12-18,0.0,0.0,0.25329017639160156,0.07783126831054688,0.362213134765625,2.232402801513679,-0.06397628784180398,0.0,0.4708557128906321,-0.6856002807617188,-2.9339752197265625,0.0,5.0,6.0,01-02,-0.023913224538166727
12-19,0.0,0.05784225463866477,0.25329017639160156,0.07783126831054688,0.371063232421875,2.232402801513679,-0.06397628784180398,0.0,0.9605331420898438,-0.6083450317382812,-0.9156341552734375,0.0,6.0,5.0,01-03,0.19708395004272403
12-20,0.1616840362548828,0.05784225463866477,2.1023483276367188,0.0,0.371063232421875,2.232402801513679,-0.06397628784180398,-0.96441650390625,0.9793624877929688,-0.5890312194824219,-0.11814498901367188,0.0,6.0,5.0,01-04,0.3474278450012201
12-21,0.6709918975830078,0.05784225463866477,1.8490581512451172,0.0,-0.19437026977538352,2.232402801513679,0.19192886352538352,-1.1406097412109304,0.9793624877929688,-0.5890312194824219,-0.11814498901367188,0.0,6.0,5.0,01-05,0.32828585306803443
12-22,0.6709918975830078,0.05784225463866477,1.8490581512451172,0.0,-0.19437026977538352,2.232402801513679,-0.32903671264647727,-1.1406097412109304,0.9793624877929688,0.7531967163085938,-0.11814498901367188,0.0,6.0,5.0,01-06,0.39672438303629737
12-23,0.6709918975830078,0.05784225463866477,1.8490581512451172,0.6918182373046804,-0.5389251708984233,0.6751327514648509,-1.1516342163085866,-1.1406097412109304,0.9793624877929688,0.7531967163085938,-0.11814498901367188,0.0,7.0,4.0,01-07,0.22734069824218928
12-24,0.6709918975830078,0.05784225463866477,1.8490581512451172,0.6918182373046804,-0.14136123657225141,0.6751327514648509,-0.7403411865234375,-1.1406097412109304,1.0076065063476634,0.7531967163085938,0.10829925537109375,0.0,8.0,3.0,01-08,0.3159694671630877
12-26,0.6709918975830078,0.05784225463866477,0.5572509765624964,0.0605316162109375,0.5035667419433665,0.6751327514648509,-0.7403411865234375,-1.1406097412109304,1.01702880859375,0.7531967163085938,0.8467178344726562,0.0,9.0,2.0,01-10,0.271775722503663
12-27,0.6709918975830078,-1.264312744140632,0.6754531860351562,0.043239593505859375,0.5035667419433665,0.0,-0.374744415283196,-1.1406097412109304,0.5367584228515554,2.7327384948730398,0.8467178344726562,0.0,7.0,4.0,01-11,0.2691499392191569
12-28,0.6709918975830078,-1.6031036376953232,0.6754531860351562,0.043239593505859375,0.0088348388671875,0.0,-0.5301170349121094,-1.1406097412109304,-0.4990997314453196,2.2402687072753906,0.4135169982910156,0.0,6.0,5.0,01-12,0.02328125635782789
12-29,0.6709918975830078,-1.6031036376953232,0.6754531860351562,0.043239593505859375,0.0088348388671875,0.0,-0.5301170349121094,-1.1406097412109304,-0.6686019897460938,2.163013458251953,0.4135169982910156,0.0,6.0,5.0,01-13,0.0027181307474769176
12-30,0.509307861328125,-1.660945892333988,-1.173604965209961,0.24213409423828125,0.0088348388671875,0.0,-0.5301170349121094,-0.1761932373046804,-0.6686019897460938,2.5975494384765625,0.4135169982910156,0.0,5.0,6.0,01-14,-0.036509990692138374
12-31,0.0,-1.660945892333988,-1.173604965209961,0.24213409423828125,0.3887214660644531,0.0,-0.7860221862792969,0.0,-0.6686019897460938,2.5975494384765625,0.4725837707519531,0.0,4.0,7.0,01-15,-0.049015522003174126
