,2010,2011,2012,2013,2014,2015,2016,2017,2018,2019,2020,ups,downs,avg
01-02,0.0,-8.571429057997108,0.0,-7.1428609441737585,0.0,40.00000223517415,12.49999767169351,0.0,0.0,18.1818144873154,0.0,3.0,7.0,4.997047672001108
01-03,0.0,-8.571429057997108,0.0,-3.5714251502435985,0.0,40.00000223517415,12.49999767169351,-5.263160784158717,7.1428609441737585,9.090907243657705,-9.999997764825869,4.0,6.0,3.7570686670430757
01-04,0.0,-8.571429057997108,0.0,-3.5714251502435985,0.0,40.00000223517415,12.49999767169351,-5.263160784158717,0.0,9.090907243657705,0.0,3.0,7.0,4.016808378011449
01-05,0.0,8.108108325802206,0.0,-3.5714251502435985,0.0,40.00000223517415,22.22222498169641,-5.263160784158717,0.0,0.0,0.0,3.0,7.0,5.59052269166095
01-06,0.0,7.894737254879816,0.0,-3.5714251502435985,0.0,20.000002980232196,11.111116630059483,-5.263160784158717,0.0,0.0,0.0,3.0,7.0,2.7428428118881074
01-07,0.0,10.526313725600916,0.0,-7.407400048809537,0.0,20.000002980232196,-11.111108351636926,-5.263160784158717,6.666669978035689,-22.222216703273865,-11.111108351636926,3.0,7.0,-1.8110915959679246
01-08,0.0,7.894737254879816,-5.263160784158717,0.0,0.0,20.000002980232196,0.0,-11.111108351636943,0.0,-33.33332505491079,-9.999997764825869,2.0,8.0,-2.8920774291291185
01-09,0.0,2.777783296726149,-5.263160784158717,3.5714251502435985,0.0,20.000002980232196,0.0,-11.111108351636943,0.0,-37.50000232830651,0.0,3.0,7.0,-2.502278185172748
01-10,0.0,2.777783296726149,0.0,-3.7037000244047684,0.0,-19.999995529651695,0.0,0.0,0.0,-37.50000232830651,-9.999997764825869,1.0,9.0,-6.220537486405698
01-11,0.0,7.894737254879816,0.0,-3.7037000244047684,0.0,-19.999995529651695,18.1818144873154,-11.111108351636943,0.0,-50.00000000000002,-9.999997764825869,2.0,8.0,-6.248931811665826
01-12,0.0,2.777783296726149,4.761900369272073,-3.7037000244047684,12.49999767169351,-49.999999999999986,27.272728504228215,-11.111108351636943,0.0,-37.50000232830651,-22.222216703273865,4.0,6.0,-7.020419778700193
01-13,0.0,2.777783296726149,4.761900369272073,-7.6923121009354265,12.49999767169351,-25.00000465661298,27.272728504228215,-5.555550036607201,0.0,-37.50000232830651,-9.999997764825869,4.0,6.0,-3.4941324586698217
01-14,0.0,2.777783296726149,4.761900369272073,-12.000000476837158,12.49999767169351,-25.00000465661298,27.272728504228215,-5.555550036607201,0.0,-22.222216703273865,-9.999997764825869,4.0,6.0,-2.496850890567011
01-15,0.0,-2.7777750183035925,25.925927765575395,-12.000000476837158,12.49999767169351,-25.00000465661298,18.1818144873154,-5.555550036607201,-7.6923121009354265,-22.222216703273865,0.0,3.0,7.0,-1.694556278907811
01-16,0.0,-2.7777750183035925,35.48387050256521,-16.666669771075306,12.49999767169351,-25.00000465661298,18.1818144873154,-11.764703304297399,-16.666669771075306,-22.222216703273865,-25.00000465661298,3.0,7.0,-4.902941929061573
01-17,0.0,-2.7777750183035925,31.034479746495258,-12.500006984919477,12.49999767169351,-25.00000465661298,18.1818144873154,-11.764703304297399,-7.6923121009354265,0.0,-12.500006984919466,3.0,7.0,-0.956228831316743
01-18,0.0,-8.82352966957026,28.57142781116525,-12.500006984919477,12.49999767169351,-25.00000465661298,18.1818144873154,-5.555550036607201,-15.384624201870853,0.0,-25.00000465661298,3.0,7.0,-3.0009527487290537
01-19,0.0,-11.764703304297399,34.48275755758655,-16.666669771075306,12.49999767169351,-25.00000465661298,18.1818144873154,-5.882356034843106,-7.6923121009354265,11.111116630059483,-11.111108351636926,4.0,6.0,-0.16740617024965426
01-20,0.0,-5.882356034843122,34.48275755758655,-12.000000476837158,12.49999767169351,-25.00000465661298,18.1818144873154,-5.882356034843106,-7.6923121009354265,11.111116630059483,-11.111108351636926,4.0,6.0,0.7915953355405663
01-21,0.0,-5.882356034843122,34.48275755758655,-7.6923121009354265,12.49999767169351,-25.00000465661298,18.1818144873154,-11.764703304297399,-7.6923121009354265,20.000002980232196,0.0,4.0,6.0,2.466625863563937
01-22,0.0,-11.764703304297399,36.666669978035685,-7.6923121009354265,12.49999767169351,-25.00000465661298,0.0,-11.764703304297399,-7.6923121009354265,20.000002980232196,0.0,3.0,7.0,0.47751228753479663
01-23,0.0,-18.750001164153243,45.714285471001446,0.0,-14.285711244660995,0.0,0.0,-11.764703304297399,-16.666669771075306,11.111116630059483,9.999997764825855,3.0,7.0,0.48711948924544013
01-24,0.0,-18.750001164153243,50.0,16.129035979478314,-14.285711244660995,0.0,0.0,0.0,-16.666669771075306,11.111116630059483,0.0,3.0,7.0,2.503433675422569
01-25,0.0,-2.857148695965302,44.736843137199536,19.35483932991305,-14.285711244660995,0.0,0.0,5.263152941442215,-16.666669771075306,0.0,0.0,3.0,7.0,3.231391426986655
01-26,0.0,-5.882356034843122,24.999999999999982,19.35483932991305,-14.285711244660995,0.0,8.333331781129006,0.0,-8.333331781128996,0.0,-11.111108351636926,3.0,7.0,1.1886966998883637
01-27,0.0,-5.882356034843122,13.888891648363074,16.66666997803569,-14.285711244660995,0.0,0.0,5.555558315029726,0.0,0.0,0.0,3.0,7.0,1.4493684238113067
01-28,0.0,-5.882356034843122,19.44444996339283,13.793100967701974,-14.285711244660995,0.0,0.0,5.555558315029726,7.692306369719361,-12.500006984919466,-25.00000465661298,4.0,6.0,-1.0166057550175154
01-29,0.0,0.0,19.44444996339283,17.24137877879326,-14.285711244660995,33.33333333333333,0.0,0.0,7.692306369719361,-12.500006984919466,11.111116630059483,5.0,5.0,5.639715167792527
01-30,0.0,0.0,19.44444996339283,11.11111663005949,-33.33333333333335,33.33333333333333,0.0,0.0,-8.333331781128996,-12.500006984919466,0.0,3.0,7.0,0.8838388934003486
01-31,0.0,2.8571401810159034,22.22222498169641,10.714286094417377,-33.33333333333335,33.33333333333333,0.0,-5.882356034843106,-8.333331781128996,-12.500006984919466,0.0,4.0,6.0,0.8252687687489181
02-01,0.0,2.8571401810159034,19.44444996339283,7.1428609441737585,-33.33333333333335,33.33333333333333,15.384612739438733,5.555558315029726,0.0,-25.00000465661298,-11.111108351636926,6.0,4.0,1.2975917395273662
02-02,0.0,5.555558315029741,18.918916741977938,7.1428609441737585,-33.33333333333335,20.000002980232196,15.384612739438733,0.0,0.0,-25.00000465661298,-11.111108351636926,5.0,5.0,-0.22204496552098973
02-03,0.0,15.789474509759632,5.405408235428679,7.1428609441737585,-14.285711244660995,20.000002980232196,15.384612739438733,0.0,7.692306369719361,-25.00000465661298,-11.111108351636926,6.0,4.0,1.9107128659855872
02-04,0.0,15.789474509759632,-2.7027000903735274,0.0,-14.285711244660995,0.0,15.384612739438733,-5.882356034843106,7.692306369719361,-11.111108351636926,-11.111108351636926,3.0,7.0,-0.5660536776576138
02-05,0.0,7.894737254879816,-2.7027000903735274,-8.000004291534445,0.0,0.0,15.384612739438733,-5.882356034843106,7.692306369719361,0.0,-11.111108351636926,3.0,7.0,0.2977715996045369
02-06,0.0,7.894737254879816,-15.151509130844202,-29.166670547177464,0.0,0.0,7.692306369719361,0.0,7.692306369719361,0.0,0.0,3.0,7.0,-1.912620880336648
02-07,0.0,7.894737254879816,-15.151509130844202,-25.000007761021614,0.0,0.0,0.0,-5.555550036607201,0.0,0.0,-11.111108351636926,1.0,9.0,-4.447585275020921
02-08,0.0,8.108108325802206,-2.857148695965302,-20.83333255723113,0.0,0.0,0.0,0.0,-8.333331781128996,11.111116630059483,11.111116630059483,3.0,7.0,-0.1539519498549324
02-09,0.0,10.526313725600916,2.7027000903735274,-20.83333255723113,-16.66666977107533,0.0,8.333331781129006,0.0,-8.333331781128996,11.111116630059483,11.111116630059483,5.0,5.0,-0.18625047747391318
02-10,0.0,29.16666433836019,2.7027000903735274,-20.83333255723113,-16.66666977107533,0.0,8.333331781129006,0.0,0.0,0.0,11.111116630059483,4.0,6.0,1.2558009556014311
02-11,0.0,27.08333294528226,2.7027000903735274,-31.818178739429463,22.22222498169641,-49.999999999999986,-29.999993294477562,0.0,0.0,0.0,0.0,3.0,7.0,-5.437264910595892
02-12,0.0,27.08333294528226,2.7027000903735274,-17.391306882995252,45.454546378171166,-25.00000465661298,-29.999993294477562,5.555558315029726,0.0,11.111116630059483,0.0,5.0,5.0,1.7741772295300338
02-13,0.0,28.571431178045646,2.7027000903735274,-16.666669771075306,36.36363574788591,-25.00000465661298,-29.999993294477562,5.555558315029726,0.0,11.111116630059483,-12.500006984919466,5.0,5.0,0.012524295846270855
02-14,0.0,23.913046154272767,2.7027000903735274,-3.9999961853027344,36.36363574788591,0.0,-8.333331781128996,0.0,-8.333331781128996,0.0,-12.500006984919466,3.0,7.0,2.7102468418229098
02-15,0.0,14.285708203607486,-5.714288876981205,0.0,36.36363574788591,0.0,-18.18181448731537,0.0,-8.333331781128996,0.0,-12.500006984919466,2.0,8.0,0.5381728928316689
02-16,0.0,9.523807834335413,2.9411736347271384,4.000002145767201,46.15384394953229,0.0,-8.333331781128996,-5.882356034843106,-8.333331781128996,0.0,-12.500006984919466,4.0,6.0,2.5063455438492244
02-17,0.0,11.627909555636291,2.9411736347271384,-14.285715299398765,53.33333498901784,0.0,0.0,-5.882356034843106,0.0,0.0,-28.57143313300851,3.0,7.0,1.7420830647391716
02-18,0.0,13.953488694454535,-2.9411736347271384,0.0,46.15384394953229,0.0,14.285716566504245,-5.882356034843106,0.0,0.0,-12.500006984919466,3.0,7.0,4.824501141454669
02-19,0.0,11.627909555636291,-2.9411736347271384,-9.090907243657705,41.66666511446235,0.0,14.285716566504245,-5.882356034843106,7.692306369719361,0.0,-12.500006984919466,4.0,6.0,4.078013973470439
02-20,0.0,11.627909555636291,-2.9411736347271384,-14.285715299398765,53.84615318485969,0.0,14.285716566504245,-5.882356034843106,-9.090907243657693,0.0,-12.500006984919466,3.0,7.0,3.1872381917685506
02-21,0.0,13.636364252114102,-2.9411736347271384,-4.347821861674596,53.84615318485969,0.0,14.285716566504245,-28.57143313300849,-9.090907243657693,11.111116630059483,-12.500006984919466,4.0,6.0,3.220727979595466
02-22,0.0,7.317073525310204,-19.35483932991305,4.347828340440227,30.769225478877487,0.0,20.000004967053524,-30.769236941309597,-9.090907243657693,11.111116630059483,-12.500006984919466,5.0,5.0,0.1663871310855561
02-23,0.0,-17.073169136104095,-19.35483932991305,0.0,30.769225478877487,0.0,14.285716566504245,-38.461549042245004,-9.090907243657693,0.0,-12.500006984919466,2.0,8.0,-4.675048153768871
02-24,0.0,-28.947372548798185,-19.35483932991305,0.0,30.769225478877487,0.0,28.57142781116525,-38.461549042245004,-9.090907243657693,0.0,-28.57143313300851,2.0,8.0,-5.916858909779973
02-25,0.0,-21.052635293918364,-19.35483932991305,0.0,26.666669978035678,0.0,14.285716566504245,-38.461549042245004,0.0,0.0,-28.57143313300851,2.0,8.0,-6.044370023140456
02-26,0.0,-10.526313725600916,-15.625004074536356,-14.285715299398765,26.666669978035678,0.0,21.428572188834742,-38.461549042245004,0.0,0.0,-14.285711244660995,2.0,8.0,-4.099004656324692
02-27,0.0,-19.999998297010123,-15.625004074536356,-13.636364252114102,7.1428609441737585,0.0,14.285716566504245,-50.00000931322591,0.0,0.0,-14.285711244660995,2.0,8.0,-8.374409970079045
02-28,0.0,-10.526313725600916,-9.375000582076622,-4.999995157122685,-7.1428609441737585,0.0,14.285716566504245,-21.428572188834753,-9.090907243657693,9.999997764825855,0.0,2.0,8.0,-3.4798123191033024
02-29,0.0,0.0,-6.250003492459733,0.0,0.0,0.0,14.285716566504245,0.0,0.0,0.0,-14.285711244660995,1.0,2.0,-0.5681816518742256
03-01,0.0,-16.66665838824411,-6.250003492459733,-19.999995529651724,7.1428609441737585,0.0,-8.333331781128996,-13.33333002196431,-9.090907243657693,9.999997764825855,-33.33333333333335,2.0,8.0,-8.169518280130937
03-02,0.0,-22.857146992975423,-6.250003492459733,-9.999997764825855,13.333339956071377,0.0,-7.6923121009354265,-13.33333002196431,-18.18181448731537,9.999997764825855,-33.33333333333335,2.0,8.0,-8.028600042992023
03-03,0.0,-19.444441684970258,-6.250003492459733,-15.789474509759632,7.1428609441737585,0.0,-7.6923121009354265,-13.33333002196431,0.0,9.999997764825855,-59.99999403953561,2.0,8.0,-9.57879064914776
03-04,0.0,-22.22221670327385,-9.677419664956526,-9.999997764825855,14.285716566504245,0.0,-15.384624201870853,6.666669978035689,0.0,9.999997764825855,-59.99999403953561,3.0,7.0,-7.8483516422815365
03-05,0.0,-13.888883369940519,-17.2413839171249,-16.66665838824413,0.0,20.000002980232196,-7.6923121009354265,0.0,0.0,9.999997764825855,-59.99999403953561,2.0,8.0,-7.7717482791565935
03-06,0.0,-13.888883369940519,0.0,-9.523814930126692,-8.333331781128996,20.000002980232196,-7.6923121009354265,0.0,8.333331781129006,-12.500006984919466,-39.9999985098839,2.0,8.0,-5.7822739014158
03-07,0.0,-13.888883369940519,0.0,-9.523814930126692,-8.333331781128996,20.000002980232196,-7.6923121009354265,13.333339956071377,8.333331781129006,-12.500006984919466,-39.9999985098839,3.0,7.0,-4.570152087227493
03-08,0.0,-13.888883369940519,-3.225803350434739,-9.523814930126692,-25.000007761021614,20.000002980232196,-7.6923121009354265,13.333339956071377,0.0,-12.500006984919466,-39.9999985098839,2.0,8.0,-7.136134915541708
03-09,0.0,-5.555550036607185,-3.225803350434739,0.0,-25.000007761021614,20.000002980232196,-16.666669771075306,7.1428609441737585,0.0,-12.500006984919466,-39.9999985098839,2.0,8.0,-6.8913793172305695
03-10,0.0,2.777783296726149,-3.225803350434739,0.0,-7.1428609441737585,0.0,-16.666669771075306,14.285716566504245,0.0,-12.500006984919466,-39.9999985098839,2.0,8.0,-5.679258154296071
03-11,0.0,-5.555550036607185,-14.285711244660995,0.0,-25.000007761021614,0.0,-16.666669771075306,0.0,0.0,-12.500006984919466,-39.9999985098839,0.0,10.0,-10.364358573469861
03-12,0.0,0.0,-23.076924840374172,-9.999997764825855,-16.666669771075306,0.0,0.0,-7.6923121009354265,-9.090907243657693,-12.500006984919466,-19.999995529651695,0.0,10.0,-9.002437657767238
03-13,0.0,7.6923006385033315,-23.076924840374172,-11.111108351636943,-7.1428609441737585,0.0,0.0,0.0,0.0,-25.00000465661298,-19.999995529651695,1.0,9.0,-7.148963062176929
03-14,0.0,12.195117696277553,-14.285711244660995,-5.555550036607201,0.0,0.0,0.0,-7.1428609441737585,0.0,-25.00000465661298,0.0,1.0,9.0,-3.617182653252489
03-15,0.0,14.634147050620408,-19.230774521122513,-11.111108351636943,0.0,0.0,-8.333331781128996,-7.1428609441737585,0.0,-25.00000465661298,0.0,1.0,9.0,-5.107630291277707
03-16,0.0,12.195117696277553,-11.538462420187063,0.0,-16.666669771075306,20.000002980232196,-8.333331781128996,-7.6923121009354265,0.0,-25.00000465661298,0.0,2.0,8.0,-3.3668781866754567
03-17,0.0,7.6923006385033315,-19.230774521122513,0.0,0.0,20.000002980232196,0.0,-7.6923121009354265,-9.090907243657693,-42.857144377669506,0.0,2.0,8.0,-4.652621329513601
03-18,0.0,7.6923006385033315,-24.000000953674316,0.0,-8.333331781128996,0.0,0.0,-15.384624201870853,-9.090907243657693,-42.857144377669506,0.0,1.0,9.0,-8.36124617449982
03-19,0.0,7.6923006385033315,-24.000000953674316,-16.66665838824413,7.692306369719361,0.0,0.0,-15.384624201870853,-9.090907243657693,-14.285711244660995,0.0,2.0,8.0,-5.822117729444117
03-20,0.0,9.999997764825855,-24.000000953674316,-16.66665838824413,7.692306369719361,0.0,-18.18181448731537,-7.1428609441737585,-19.999995529651724,-14.285711244660995,0.0,2.0,8.0,-7.507703401197734
03-21,0.0,9.999997764825855,-24.000000953674316,-23.529406608594797,-7.6923121009354265,20.000002980232196,-8.333331781128996,-7.1428609441737585,-9.090907243657693,0.0,0.0,2.0,8.0,-4.526256262464267
03-22,0.0,2.7027000903735274,-12.000000476837158,-23.529406608594797,7.692306369719361,20.000002980232196,0.0,-7.6923121009354265,-9.090907243657693,0.0,0.0,3.0,7.0,-1.992510635427272
03-23,0.0,-2.857148695965302,-3.9999961853027344,-17.64705933914052,7.692306369719361,0.0,0.0,0.0,0.0,0.0,0.0,1.0,9.0,-1.5283543500626537
03-24,0.0,-5.405400180747071,-3.9999961853027344,-17.64705933914052,0.0,0.0,-9.090907243657693,-7.6923121009354265,0.0,11.111116630059483,16.666663562258005,2.0,8.0,-1.4598086234059962
03-25,0.0,-10.810808416175734,-8.333331781128996,0.0,0.0,0.0,-9.090907243657693,-7.6923121009354265,0.0,11.111116630059483,16.666663562258005,2.0,8.0,-0.7408708499618509
03-26,0.0,-10.810808416175734,-3.9999961853027344,-5.882356034843106,-7.6923121009354265,0.0,-9.090907243657693,-7.6923121009354265,0.0,20.000002980232196,16.666663562258005,2.0,8.0,-0.7729114126690834
03-27,0.0,-10.810808416175734,-12.000000476837158,0.0,0.0,-25.00000465661298,-9.090907243657693,-7.6923121009354265,0.0,20.000002980232196,16.666663562258005,2.0,8.0,-2.5388514865208
03-28,0.0,-10.810808416175734,-3.9999961853027344,0.0,-16.666669771075306,-25.00000465661298,-9.090907243657693,-7.6923121009354265,-9.999997764825869,22.22222498169641,16.666663562258005,2.0,8.0,-4.033800690421029
03-29,0.0,-13.888883369940519,-19.04762276446209,0.0,0.0,-25.00000465661298,0.0,0.0,0.0,22.22222498169641,16.666663562258005,2.0,8.0,-1.7316020224601067
03-30,0.0,-11.428569239013028,-19.04762276446209,0.0,0.0,-25.00000465661298,-8.333331781128996,0.0,9.090907243657705,22.22222498169641,28.57142781116525,3.0,7.0,-0.356815309517976
03-31,0.0,-14.285717934978315,-19.04762276446209,5.263152941442215,-19.999995529651724,-25.00000465661298,21.428572188834742,-7.6923121009354265,9.090907243657705,22.22222498169641,28.57142781116525,5.0,5.0,0.05005747092325372
04-01,0.0,-14.285717934978315,-13.636364252114102,-12.500006984919448,-44.4444334065477,-25.00000465661298,14.285716566504245,-7.6923121009354265,9.090907243657705,22.22222498169641,37.499997671693514,4.0,6.0,-3.1327266247778267
04-02,0.0,-5.714288876981205,-4.1666689949731435,-28.57143313300849,-44.4444334065477,0.0,14.285716566504245,-7.6923121009354265,9.090907243657705,22.22222498169641,37.499997671693514,4.0,6.0,-0.6809354589903717
04-03,0.0,-5.714288876981205,-19.04762276446209,-21.428572188834753,-44.4444334065477,0.0,14.285716566504245,6.666669978035689,0.0,0.0,37.499997671693514,3.0,7.0,-2.9256848200538452
04-04,0.0,0.0,-14.285715299398765,-21.428572188834753,-33.33332505491079,0.0,14.285716566504245,7.1428609441737585,0.0,-12.500006984919466,25.00000000000001,3.0,7.0,-3.1926401833987046
04-05,0.0,0.0,-19.04762276446209,-42.857144377669506,-33.33332505491079,0.0,40.000002235174136,0.0,8.333331781129006,-12.500006984919466,25.00000000000001,3.0,7.0,-3.127705924150791
04-06,0.0,0.0,-19.04762276446209,-21.428572188834753,-19.999995529651724,0.0,42.10526274512018,0.0,8.333331781129006,-25.00000465661298,25.00000000000001,3.0,7.0,-0.9125091466647587
04-07,0.0,0.0,-19.04762276446209,-13.33333002196431,-19.999995529651724,0.0,35.29411867828103,0.0,8.333331781129006,-25.00000465661298,25.00000000000001,3.0,7.0,-0.7957729557528229
04-08,0.0,0.0,-24.99999813735488,-13.33333002196431,-44.4444334065477,0.0,35.29411867828103,0.0,8.333331781129006,-25.00000465661298,14.285716566504265,3.0,7.0,-4.533145381505961
04-09,0.0,2.7027000903735274,-19.04762276446209,-19.999999999999982,-33.33332505491079,20.000002980232196,29.411767026132335,0.0,8.333331781129006,-25.00000465661298,0.0,4.0,6.0,-3.3575591452835254
04-10,0.0,2.7027000903735274,-19.04762276446209,-19.999999999999982,-33.33332505491079,20.000002980232196,36.84210588231972,0.0,9.090907243657705,-12.500006984919466,0.0,4.0,6.0,-1.4768398734281076
04-11,0.0,7.6923006385033315,0.0,-26.66666004392862,-11.111108351636926,20.000002980232196,36.84210588231972,7.1428609441737585,0.0,-28.57143313300851,0.0,4.0,7.0,0.48436990151408565
04-12,0.0,0.0,-4.761907465063339,-6.666660043928621,0.0,20.000002980232196,29.411767026132335,7.1428609441737585,0.0,-28.57143313300851,12.49999767169351,4.0,7.0,2.641329816384666
04-13,0.0,0.0,-14.285715299398765,6.666669978035689,0.0,20.000002980232196,17.64705933914052,-7.1428609441737585,0.0,-28.57143313300851,12.49999767169351,4.0,7.0,0.6194291447746252
04-14,-7.1428609441737585,0.0,0.0,17.64705933914052,0.0,33.33333333333333,26.31578823536055,0.0,0.0,-28.57143313300851,0.0,3.0,8.0,3.780171530059284
04-15,-7.1428609441737585,-5.714288876981205,0.0,17.64705933914052,0.0,33.33333333333333,26.31578823536055,0.0,0.0,-12.500006984919466,0.0,3.0,8.0,4.721729463796361
04-16,-7.1428609441737585,0.0,-4.999995157122685,17.64705933914052,0.0,33.33333333333333,-5.263160784158717,0.0,-9.999997764825869,-14.285711244660995,0.0,2.0,9.0,0.844424252502893
04-17,-7.1428609441737585,-6.06060003993511,-4.999995157122685,26.31578823536055,0.0,33.33333333333333,-11.111108351636943,-7.6923121009354265,-9.999997764825869,-14.285711244660995,0.0,2.0,9.0,-0.14940582132699134
04-18,-7.1428609441737585,2.777783296726149,-4.999995157122685,21.052627451201833,9.999997764825855,33.33333333333333,9.090907243657693,-8.333331781128996,-9.090907243657693,0.0,0.0,5.0,6.0,4.244323087605611
04-19,-7.1428609441737585,-8.82352966957026,0.0,21.052627451201833,9.999997764825855,33.33333333333333,5.000002607703171,-8.333331781128996,-9.090907243657693,0.0,11.111116630059483,5.0,6.0,4.282404377144815
04-20,3.225803350434739,-19.35483932991305,-4.999995157122685,21.052627451201833,0.0,33.33333333333333,0.0,-8.333331781128996,-9.090907243657693,0.0,11.111116630059483,4.0,7.0,2.449437023018814
04-21,0.0,-25.80644603078255,-4.999995157122685,0.0,0.0,33.33333333333333,-18.750001164153243,-8.333331781128996,0.0,0.0,30.00000074505805,2.0,9.0,0.49486908592762774
04-22,-15.384624201870853,-12.903223015391266,-4.999995157122685,-7.1428609441737585,0.0,16.666663562258005,-18.750001164153243,-16.666669771075306,0.0,0.0,22.22222498169641,2.0,9.0,-3.359862337257518
04-23,-15.384624201870853,-12.903223015391266,0.0,-7.1428609441737585,0.0,0.0,-6.250003492459733,-16.666669771075306,0.0,-14.285711244660995,20.000002980232196,1.0,10.0,-4.784826335399973
04-24,-15.384624201870853,-9.375000582076622,-4.999995157122685,-36.363642521141,0.0,0.0,-6.250003492459733,-16.666669771075306,0.0,12.49999767169351,20.000002980232196,2.0,9.0,-5.139994097620046
04-25,3.225803350434739,-9.375000582076622,-16.66665838824413,-41.66667132327962,0.0,-19.999995529651695,5.555558315029726,-16.666669771075306,0.0,12.49999767169351,20.000002980232196,4.0,7.0,-5.735784843357928
04-26,3.225803350434739,-9.375000582076622,-4.999995157122685,-41.66667132327962,0.0,-19.999995529651695,0.0,-16.666669771075306,0.0,0.0,27.272728504228215,2.0,9.0,-5.655436409867544
04-27,6.666669978035689,-9.375000582076622,0.0,-41.66667132327962,0.0,-19.999995529651695,-11.764703304297399,-16.666669771075306,9.090907243657705,12.49999767169351,20.000002980232196,4.0,7.0,-4.655951148796504
04-28,0.0,-17.857147038591133,0.0,-41.66667132327962,0.0,-19.999995529651695,-5.882356034843106,-8.333331781128996,9.090907243657705,12.49999767169351,27.272728504228215,3.0,8.0,-4.079624389810466
04-29,3.448272672759682,-28.57143313300851,0.0,-41.66667132327962,-11.111108351636926,-19.999995529651695,-29.411762643437918,0.0,9.090907243657705,12.49999767169351,27.272728504228215,4.0,7.0,-7.131733171697778
04-30,3.448272672759682,-21.428572188834753,0.0,-58.33333488553764,-11.111108351636926,0.0,-17.64705933914052,0.0,0.0,0.0,18.1818144873154,2.0,9.0,-7.899089782279524
05-01,-6.89655562218261,-17.2413839171249,0.0,-72.72727149577177,0.0,0.0,-17.64705933914052,-9.090907243657693,-9.999997764825869,0.0,18.1818144873154,1.0,10.0,-10.492850990489815
05-02,-6.89655562218261,-17.2413839171249,-17.64705933914052,-36.363642521141,0.0,0.0,-5.263160784158717,0.0,-9.999997764825869,0.0,9.090907243657705,1.0,10.0,-7.665535700446899
05-03,3.124997089616889,-14.814811135515876,-17.64705933914052,-27.272728504228187,0.0,0.0,19.047615668670826,0.0,-9.999997764825869,0.0,9.090907243657705,3.0,8.0,-3.49737061288773
05-04,-3.448282949422908,-19.230774521122513,-23.529406608594797,-27.272728504228187,0.0,-19.999995529651695,15.789474509759632,0.0,-9.999997764825869,12.49999767169351,23.076919109158116,3.0,8.0,-4.737708598839519
05-05,10.344828294942273,-23.076924840374172,-17.64705933914052,-39.9999985098839,0.0,0.0,11.111116630059469,0.0,-9.999997764825869,12.49999767169351,35.714283433495744,4.0,7.0,-1.913977674912133
05-06,-14.814811135515876,-23.076924840374172,-17.64705933914052,-55.55555003660718,0.0,16.666663562258005,0.0,0.0,-9.999997764825869,0.0,23.076919109158116,2.0,9.0,-7.395523676822498
05-07,-14.814811135515876,-23.076924840374172,-17.64705933914052,0.0,0.0,16.666663562258005,5.555558315029726,0.0,-22.222216703273865,-14.285711244660995,8.333331781129006,3.0,8.0,-5.590106327686246
05-08,-11.111111111111088,-18.518511159920667,9.999997764825869,-19.999995529651724,-12.500006984919466,16.666663562258005,5.555558315029726,14.285716566504245,-22.222216703273865,0.0,16.666663562258023,5.0,6.0,-1.9252037925455403
05-09,-11.111111111111088,-18.518511159920667,0.0,-19.999995529651724,-12.500006984919466,16.666663562258005,5.555558315029726,14.285716566504245,0.0,-14.285711244660995,8.333331781129006,4.0,7.0,-2.8703696186675414
05-10,-20.000004768371582,-27.99999713897705,-11.111108351636943,-19.999995529651724,-12.500006984919466,16.666663562258005,15.000000372529025,20.000004967053524,0.0,-14.285711244660995,8.333331781129006,4.0,7.0,-4.172438485022564
05-11,-12.000000476837158,-3.7037000244047684,-11.111108351636943,-19.999995529651724,-12.500006984919466,0.0,0.0,20.000004967053524,9.090907243657705,0.0,8.333331781129006,3.0,8.0,-1.9900515796008933
05-12,-7.407400048809537,-3.5714251502435985,-11.111108351636943,-19.999995529651724,-12.500006984919466,0.0,0.0,26.666669978035678,9.090907243657705,0.0,15.384612739438733,3.0,8.0,-0.31343146401174143
05-13,-7.407400048809537,-3.5714251502435985,-11.111108351636943,-9.090907243657693,0.0,-19.999995529651695,-11.764703304297399,20.000004967053524,9.090907243657705,12.49999767169351,0.0,3.0,8.0,-1.9413299768992844
05-14,-18.518511159920667,3.5714251502435985,-11.111108351636943,0.0,-12.500006984919466,-19.999995529651695,-23.529406608594797,20.000004967053524,9.090907243657705,0.0,-9.999997764825869,3.0,8.0,-5.726971730781329
05-15,-7.407400048809537,3.5714251502435985,5.555558315029726,-9.999997764825869,-12.500006984919466,0.0,-23.529406608594797,20.000004967053524,9.090907243657705,0.0,-29.999993294477562,4.0,7.0,-4.110809911422062
05-16,-7.407400048809537,3.5714251502435985,5.555558315029726,16.666663562258023,-12.500006984919466,-19.999995529651695,-23.529406608594797,14.285716566504245,0.0,0.0,-39.9999985098839,4.0,7.0,-5.759767644347618
05-17,-7.407400048809537,13.333339956071377,5.555558315029726,24.99999534338703,-12.500006984919466,-19.999995529651695,-11.764703304297399,14.285716566504245,0.0,12.49999767169351,-27.272728504228187,5.0,6.0,-0.7518387744745816
05-18,-7.407400048809537,13.333339956071377,5.555558315029726,8.333331781129006,0.0,-19.999995529651695,-5.882356034843106,14.285716566504245,9.999997764825855,12.49999767169351,-16.666669771075306,6.0,5.0,1.2774109700794618
05-19,3.5714251502435985,9.99999999999998,-11.111108351636943,8.333331781129006,0.0,-19.999995529651695,-5.882356034843106,0.0,9.999997764825855,12.49999767169351,-8.333331781128996,5.0,6.0,-0.08382175721534453
05-20,3.5714251502435985,9.99999999999998,-11.111108351636943,8.333331781129006,-12.500006984919466,-19.999995529651695,-5.882356034843106,0.0,9.999997764825855,30.00000074505805,-9.090907243657693,5.0,6.0,0.30185284514068916
05-21,10.714286094417377,16.66666997803569,-17.64705933914052,16.666663562258023,0.0,0.0,-17.64705933914052,-16.666669771075306,9.999997764825855,20.000002980232196,-9.090907243657693,5.0,6.0,1.1814476987959188
05-22,10.714286094417377,16.66666997803569,-17.64705933914052,16.666663562258023,0.0,0.0,-17.64705933914052,-16.666669771075306,-9.999997764825869,0.0,-18.18181448731537,3.0,8.0,-3.2813619151624085
05-23,0.0,16.66666997803569,-5.882356034843106,8.333331781129006,-12.500006984919466,0.0,-11.111108351636943,-25.000007761021614,-22.222216703273865,-14.285711244660995,0.0,2.0,9.0,-6.000127756471937
05-24,0.0,9.99999999999998,9.999997764825869,8.333331781129006,0.0,0.0,10.526313725600916,-25.000007761021614,-22.222216703273865,-14.285711244660995,8.333331781129006,5.0,6.0,-1.3013600596610635
05-25,-8.000004291534445,6.666669978035689,9.999997764825869,16.666663562258023,0.0,0.0,10.526313725600916,-25.000007761021614,-22.222216703273865,-14.285711244660995,8.333331781129006,5.0,6.0,-1.574087562603765
05-26,-17.391306882995252,-3.7037000244047684,9.999997764825869,9.090907243657705,0.0,0.0,5.555558315029726,-16.666669771075306,-11.111108351636926,-14.285711244660995,8.333331781129006,4.0,7.0,-2.743518288193722
05-27,-28.5714376945888,-11.111111111111088,9.999997764825869,9.090907243657705,0.0,0.0,5.555558315029726,-16.666669771075306,-11.111108351636926,-14.285711244660995,16.666663562258023,4.0,7.0,-3.6757192079365257
05-28,-28.5714376945888,-11.111111111111088,9.999997764825869,9.090907243657705,0.0,16.666663562258005,5.555558315029726,0.0,-11.111108351636926,11.111116630059483,8.333331781129006,6.0,5.0,0.9058107399657254
05-29,-33.33333806386084,-11.111111111111088,0.0,-9.090907243657693,-12.500006984919466,16.666663562258005,5.555558315029726,0.0,-11.111108351636926,11.111116630059483,0.0,3.0,8.0,-3.9830121134398904
05-30,-33.33333806386084,-25.000007761021614,0.0,-9.090907243657693,-12.500006984919466,16.666663562258005,10.526313725600916,0.0,-11.111108351636926,11.111116630059483,0.0,3.0,8.0,-4.793752226107103
05-31,-21.739128744669824,-36.363642521141024,5.263152941442215,-9.090907243657693,0.0,16.666663562258005,5.555558315029726,0.0,-11.111108351636926,-11.111108351636926,0.0,3.0,8.0,-5.630047308546586
06-01,-16.666669771075306,-15.384624201870853,10.526313725600916,-9.090907243657693,0.0,16.666663562258005,10.526313725600916,14.285716566504245,-11.111108351636926,-11.111108351636926,0.0,4.0,7.0,-1.0326736672648735
06-02,-16.666669771075306,-15.384624201870853,10.526313725600916,-19.999995529651724,0.0,16.666663562258005,15.000000372529025,14.285716566504245,-11.111108351636926,-25.00000465661298,0.0,4.0,7.0,-2.880337116723236
06-03,-4.1666689949731435,-15.384624201870853,10.526313725600916,-19.999995529651724,11.111116630059483,16.666663562258005,9.999997764825869,14.285716566504245,-11.111108351636926,-11.111108351636926,8.333331781129006,6.0,5.0,0.8317849636916317
06-04,-4.1666689949731435,-15.384624201870853,10.526313725600916,-9.090907243657693,11.111116630059483,16.666663562258005,5.000002607703171,0.0,-11.111108351636926,12.49999767169351,0.0,5.0,6.0,1.4591623095614972
06-05,-4.1666689949731435,-20.000004768371582,10.526313725600916,-9.090907243657693,0.0,16.666663562258005,0.0,0.0,0.0,22.22222498169641,0.0,3.0,8.0,1.4688746602320832
06-06,-4.1666689949731435,-7.1428609441737585,0.0,0.0,0.0,16.666663562258005,0.0,7.692306369719361,0.0,22.22222498169641,0.0,3.0,8.0,3.206514997684261
06-07,-4.1666689949731435,-25.000007761021614,0.0,0.0,0.0,16.666663562258005,0.0,7.692306369719361,0.0,22.22222498169641,-9.090907243657693,3.0,8.0,0.756691901274666
06-08,4.166662786155852,-12.500006984919477,0.0,0.0,11.111116630059483,0.0,5.263152941442215,-7.6923121009354265,0.0,0.0,0.0,3.0,8.0,0.0316921156184224
06-09,12.500000776102175,-12.500006984919477,9.999997764825869,-37.50000232830651,11.111116630059483,0.0,5.263152941442215,-7.6923121009354265,0.0,0.0,7.692306369719361,5.0,6.0,-1.0114315392738462
06-10,12.500000776102175,0.0,-5.882356034843106,-9.999997764825869,0.0,0.0,0.0,-7.6923121009354265,0.0,0.0,0.0,1.0,10.0,-1.0067877385911115
06-11,4.166662786155852,8.333331781129019,-5.882356034843106,-57.142855622330515,0.0,0.0,5.263152941442215,-7.6923121009354265,9.999997764825855,0.0,0.0,4.0,7.0,-3.904943498596009
06-12,0.0,8.333331781129019,-5.882356034843106,-22.222216703273865,0.0,0.0,5.263152941442215,-7.6923121009354265,9.999997764825855,0.0,0.0,3.0,8.0,-1.109127486514119
06-13,4.000002145767201,8.333331781129019,-11.764703304297399,-11.111108351636926,0.0,0.0,-5.882356034843106,-7.6923121009354265,9.999997764825855,11.111116630059483,8.333331781129006,5.0,6.0,0.4843000282907008
06-14,4.000002145767201,-8.333331781128996,-11.764703304297399,-11.111108351636926,-12.500006984919466,0.0,-18.750001164153243,-7.6923121009354265,9.999997764825855,0.0,8.333331781129006,3.0,8.0,-4.347102908668127
06-15,4.000002145767201,-8.333331781128996,-11.764703304297399,-22.222216703273865,-12.500006984919466,0.0,-25.00000465661298,7.692306369719361,9.999997764825855,11.111116630059483,0.0,4.0,7.0,-4.274258229078255
06-16,4.000002145767201,-4.1666689949731435,-11.764703304297399,-22.222216703273865,-12.500006984919466,0.0,-5.555550036607201,7.692306369719361,9.999997764825855,11.111116630059483,-9.090907243657693,4.0,7.0,-2.9542391233960785
06-17,4.000002145767201,-16.666669771075306,-11.764703304297399,-22.222216703273865,-12.500006984919466,-19.999995529651695,-5.555550036607201,0.0,9.999997764825855,11.111116630059483,7.692306369719361,4.0,7.0,-5.082338129041185
06-18,4.000002145767201,0.0,-26.66666004392862,-22.222216703273865,0.0,-19.999995529651695,-5.555550036607201,0.0,18.1818144873154,0.0,15.384612739438733,3.0,8.0,-3.3525448128127326
06-19,4.000002145767201,0.0,-33.33333002196431,-22.222216703273865,-12.500006984919466,0.0,-5.555550036607201,0.0,18.1818144873154,0.0,7.692306369719361,3.0,8.0,-3.9760891585420803
06-20,4.000002145767201,0.0,-33.33333002196431,0.0,-12.500006984919466,0.0,-5.555550036607201,0.0,18.1818144873154,0.0,0.0,2.0,9.0,-2.655188219128034
06-21,4.000002145767201,0.0,-13.33333002196431,-25.00000465661298,0.0,0.0,-18.750001164153243,-18.18181448731537,18.1818144873154,0.0,7.1428609441737585,3.0,8.0,-4.1764066138899585
06-22,4.000002145767201,0.0,-13.33333002196431,12.49999767169351,0.0,0.0,0.0,0.0,9.090907243657705,0.0,13.333339956071377,4.0,7.0,2.326446999565953
06-23,-14.285715299398765,0.0,-13.33333002196431,30.00000074505805,0.0,-19.999995529651695,13.636364252114102,0.0,9.090907243657705,0.0,14.285716566504245,4.0,7.0,1.7630861778472118
06-24,-38.888883369940544,0.0,-13.33333002196431,30.00000074505805,0.0,-19.999995529651695,22.727271495771795,0.0,9.090907243657705,0.0,14.285716566504245,4.0,7.0,0.35288064813047676
06-25,-38.888883369940544,0.0,-6.250003492459733,9.999997764825855,0.0,-19.999995529651695,27.272728504228205,0.0,0.0,0.0,14.285716566504245,3.0,8.0,-1.2345854142266968
06-26,-38.888883369940544,0.0,-6.250003492459733,9.999997764825855,0.0,-19.999995529651695,20.000002980232196,0.0,9.090907243657705,-12.500006984919466,21.428572188834742,4.0,7.0,-1.5563099272200858
06-27,-38.888883369940544,0.0,-6.250003492459733,-12.500006984919466,0.0,-19.999995529651695,15.789474509759632,-18.18181448731537,9.090907243657705,0.0,21.428572188834742,3.0,8.0,-4.501068174730428
06-28,-38.888883369940544,0.0,-13.33333002196431,-12.500006984919466,0.0,-19.999995529651695,15.789474509759632,-18.18181448731537,0.0,0.0,21.428572188834742,2.0,9.0,-5.971453063199727
06-29,-38.888883369940544,0.0,0.0,-12.500006984919466,0.0,-19.999995529651695,14.2857082036075,-8.333331781128996,-9.999997764825869,0.0,21.428572188834742,2.0,9.0,-4.909812276184029
06-30,-13.636364252114102,0.0,0.0,-12.500006984919466,0.0,0.0,27.99999713897706,-8.333331781128996,-9.999997764825869,0.0,-8.333331781128996,1.0,10.0,-2.2548214022854878
07-01,-13.636364252114102,0.0,0.0,-12.500006984919466,0.0,0.0,36.000001430511475,8.333331781129006,-9.999997764825869,0.0,-7.6923121009354265,2.0,9.0,0.04587746444051048
07-02,-13.636364252114102,0.0,0.0,11.111116630059483,0.0,0.0,24.000000953674316,8.333331781129006,-9.999997764825869,0.0,-25.000007761021614,3.0,8.0,-0.4719927648271623
07-03,4.545457008456409,11.11111663005949,0.0,-11.111108351636926,0.0,0.0,24.000000953674316,8.333331781129006,-9.999997764825869,-12.500006984919466,-16.666669771075306,4.0,7.0,-0.20798877264894083
07-05,4.545457008456409,11.11111663005949,0.0,0.0,0.0,0.0,17.391306882995252,-8.333331781128996,-9.999997764825869,-12.500006984919466,-7.6923121009354265,3.0,8.0,-0.49797891911805503
07-06,0.0,11.11111663005949,-6.666660043928621,0.0,0.0,16.666663562258005,4.347828340440227,-8.333331781128996,0.0,-12.500006984919466,-16.666669771075306,3.0,8.0,-1.0946418225722425
07-07,14.2857082036075,11.11111663005949,-6.666660043928621,0.0,0.0,16.666663562258005,9.090907243657693,-8.333331781128996,-9.999997764825869,-12.500006984919466,-7.6923121009354265,4.0,7.0,0.5420079058040277
07-08,9.999997764825869,11.11111663005949,-6.666660043928621,0.0,0.0,16.666663562258005,13.636364252114102,8.333331781129006,-9.999997764825869,-12.500006984919466,0.0,5.0,6.0,2.780073563337502
07-09,9.999997764825869,11.11111663005949,-6.666660043928621,0.0,0.0,16.666663562258005,13.636364252114102,8.333331781129006,-9.999997764825869,11.111116630059483,0.0,6.0,5.0,4.926539346517407
07-10,9.999997764825869,11.11111663005949,-6.666660043928621,27.272728504228215,0.0,16.666663562258005,13.636364252114102,0.0,-22.222216703273865,0.0,0.0,5.0,6.0,4.5270903605712
07-11,9.999997764825869,7.692306369719361,-7.1428609441737585,33.33333333333334,0.0,16.666663562258005,26.92307515962583,8.333331781129006,-11.111108351636926,9.999997764825855,14.285716566504245,8.0,3.0,9.90731390967371
07-12,9.999997764825869,7.692306369719361,0.0,33.33333333333334,0.0,0.0,19.230768789906456,0.0,-11.111108351636926,9.999997764825855,7.692306369719361,6.0,5.0,6.985236549153938
07-13,-9.999997764825855,11.11111663005949,0.0,24.99999534338703,0.0,0.0,0.0,0.0,-11.111108351636926,9.999997764825855,7.692306369719361,4.0,7.0,2.972028181048087
07-14,-9.999997764825855,3.5714251502435985,0.0,18.1818144873154,11.111116630059483,16.666663562258005,0.0,0.0,-11.111108351636926,9.999997764825855,7.1428609441737585,6.0,5.0,4.142070220219392
07-15,-9.999997764825855,3.5714251502435985,0.0,24.99999534338703,11.111116630059483,16.666663562258005,7.999998331069936,0.0,-11.111108351636926,9.999997764825855,14.285716566504245,7.0,4.0,6.1385279301713975
07-16,-9.999997764825855,3.5714251502435985,0.0,18.1818144873154,-14.285711244660995,16.666663562258005,7.999998331069936,0.0,0.0,20.000002980232196,0.0,5.0,6.0,3.8303814092392985
07-17,-4.999995157122685,-3.8461617816837887,-7.1428609441737585,0.0,-14.285711244660995,0.0,4.166662786155852,0.0,0.0,20.000002980232196,7.692306369719361,3.0,8.0,0.14402209167874377
07-18,-4.999995157122685,6.896545345519364,0.0,-11.111108351636926,-14.285711244660995,0.0,4.166662786155852,0.0,0.0,20.000002980232196,0.0,3.0,8.0,0.060581487135164286
07-19,-4.999995157122685,6.896545345519364,0.0,-11.111108351636926,-14.285711244660995,0.0,17.85714171674786,-9.090907243657693,0.0,20.000002980232196,0.0,3.0,8.0,0.4787243677655567
07-20,-4.999995157122685,6.896545345519364,0.0,-11.111108351636926,0.0,0.0,12.000000476837158,-9.090907243657693,0.0,9.999997764825855,0.0,3.0,8.0,0.3358666213422794
07-21,9.090907243657693,0.0,0.0,-11.111108351636926,0.0,0.0,12.000000476837158,0.0,9.999997764825855,0.0,0.0,3.0,8.0,1.816345193971253
07-22,9.090907243657693,3.7037110623015512,0.0,0.0,0.0,0.0,-3.9999961853027344,-9.090907243657693,9.999997764825855,9.999997764825855,-7.6923121009354265,4.0,7.0,1.0919453005195545
07-23,9.090907243657693,3.7037110623015512,0.0,-9.999997764825869,-14.285711244660995,16.666663562258005,-3.9999961853027344,-9.090907243657693,9.999997764825855,9.999997764825855,7.1428609441737585,6.0,5.0,1.7479569003268571
07-24,9.090907243657693,-13.043472063789393,6.666669978035689,-19.999995529651724,-14.285711244660995,16.666663562258005,0.0,-9.090907243657693,9.999997764825855,0.0,7.1428609441737585,5.0,6.0,-0.6229987808008002
07-25,9.090907243657693,-8.333331781128996,0.0,-22.222216703273865,-28.57143313300851,0.0,3.7037110623015512,-19.999995529651724,9.999997764825855,0.0,0.0,3.0,8.0,-5.1211237342070905
07-26,9.090907243657693,-12.500006984919477,0.0,-33.33332505491079,-28.57143313300851,0.0,10.714286094417377,0.0,0.0,0.0,0.0,2.0,9.0,-4.963597439523974
07-27,9.090907243657693,-16.666669771075306,0.0,-22.222216703273865,-28.57143313300851,0.0,3.8461503192516595,-9.090907243657693,-11.111108351636926,0.0,-7.6923121009354265,2.0,9.0,-7.492508158243489
07-28,13.043478542555038,-3.9999961853027344,6.666669978035689,-37.50000232830651,-28.57143313300851,0.0,7.692306369719361,-9.090907243657693,-11.111108351636926,0.0,0.0,3.0,8.0,-5.715544759236571
07-29,13.043478542555038,-15.999996662139871,6.666669978035689,-37.50000232830651,0.0,0.0,7.692306369719361,-9.090907243657693,-11.111108351636926,0.0,0.0,3.0,8.0,-4.209050881402811
07-30,13.043478542555038,-15.999996662139871,12.49999767169351,0.0,12.49999767169351,0.0,-7.6923121009354265,-9.090907243657693,-11.111108351636926,0.0,0.0,3.0,8.0,-0.5318954974934418
07-31,13.043478542555038,-15.999996662139871,6.249994179233778,9.999997764825855,0.0,0.0,-3.7037000244047684,-9.090907243657693,-11.111108351636926,0.0,0.0,3.0,8.0,-0.964749254111326
08-01,13.043478542555038,-15.999996662139871,0.0,18.1818144873154,0.0,0.0,-7.6923121009354265,8.333331781129006,-11.111108351636926,9.999997764825855,-7.6923121009354265,4.0,7.0,0.6420812145616044
08-02,13.043478542555038,-15.999996662139871,-7.1428609441737585,9.090907243657705,0.0,0.0,3.8461503192516595,8.333331781129006,-11.111108351636926,0.0,-7.6923121009354265,4.0,7.0,-0.6938554702084158
08-03,0.0,-8.000004291534445,-7.1428609441737585,9.090907243657705,-14.285711244660995,0.0,0.0,0.0,-11.111108351636926,0.0,-7.6923121009354265,1.0,10.0,-3.558280880843986
08-04,0.0,7.999998331069936,-7.1428609441737585,0.0,-14.285711244660995,0.0,-8.333331781128996,0.0,-11.111108351636926,-11.111108351636926,0.0,1.0,10.0,-3.9985565765606967
08-05,-4.761907465063339,4.000002145767201,-7.1428609441737585,9.090907243657705,12.49999767169351,0.0,-12.500006984919477,9.090907243657705,-11.111108351636926,-11.111108351636926,0.0,4.0,7.0,-1.0859252538776638
08-06,-4.761907465063339,4.000002145767201,0.0,9.090907243657705,0.0,0.0,-16.666669771075306,16.666663562258023,-11.111108351636926,-11.111108351636926,0.0,3.0,8.0,-1.263020089793597
08-07,-4.761907465063339,4.000002145767201,0.0,18.1818144873154,0.0,0.0,-12.000000476837158,16.666663562258023,-11.111108351636926,-11.111108351636926,7.1428609441737585,4.0,7.0,0.6370196813036396
08-08,-9.999997764825855,-14.285715299398765,6.249994179233778,20.000002980232196,0.0,0.0,-21.739128744669824,-9.090907243657693,0.0,-25.00000465661298,0.0,2.0,9.0,-4.896886959063559
08-09,-15.789474509759632,0.0,6.249994179233778,20.000002980232196,0.0,0.0,-18.181814487315386,15.384612739438733,0.0,-25.00000465661298,0.0,3.0,8.0,-1.5760621595257538
08-10,-27.77777501830363,-4.1666689949731435,0.0,0.0,0.0,0.0,-18.181814487315386,0.0,0.0,-25.00000465661298,-16.666669771075306,0.0,11.0,-8.344812084389131
08-11,-27.77777501830363,-4.1666689949731435,0.0,0.0,0.0,0.0,-35.00000335276125,0.0,0.0,-25.00000465661298,0.0,0.0,11.0,-8.358586547513728
08-12,-27.77777501830363,-4.1666689949731435,-6.666660043928621,0.0,-14.285711244660995,0.0,-29.999993294477562,-9.090907243657693,0.0,-25.00000465661298,-8.333331781128996,0.0,11.0,-11.392822934340328
08-13,-27.77777501830363,-4.1666689949731435,5.882356034843122,16.666663562258023,-14.285711244660995,0.0,-29.999993294477562,0.0,0.0,-11.111108351636926,0.0,2.0,9.0,-5.89020339154101
08-14,-22.22221670327387,0.0,16.666666666666654,8.333331781129006,-16.66666977107533,0.0,-18.181814487315386,0.0,0.0,-11.111108351636926,0.0,2.0,9.0,-3.925619169591441
08-15,-4.761907465063339,0.0,17.64705933914052,9.090907243657705,-16.66666977107533,0.0,-18.181814487315386,20.000004967053524,0.0,0.0,0.0,3.0,8.0,0.6479618023997902
08-16,0.0,-19.04762276446209,22.222224981696396,0.0,-33.33333333333335,0.0,-19.04762276446209,26.666669978035678,0.0,0.0,-8.333331781128996,2.0,9.0,-2.806637789423132
08-17,0.0,-19.04762276446209,16.666666666666654,0.0,-33.33333333333335,14.285716566504265,-14.285715299398765,7.692306369719361,0.0,0.0,-8.333331781128996,3.0,8.0,-3.3050285068575387
08-18,4.545457008456409,-19.04762276446209,16.666666666666654,0.0,-14.285711244660995,0.0,-24.99999813735488,7.692306369719361,0.0,0.0,-16.666669771075306,3.0,8.0,-4.190506533882805
08-19,4.761900369272073,0.0,16.666666666666654,0.0,0.0,0.0,-15.000000372529037,15.384612739438733,0.0,0.0,-16.666669771075306,3.0,8.0,0.4678645119793743
08-20,9.523807834335413,-14.285715299398765,16.666666666666654,-9.999997764825869,0.0,0.0,-9.999997764825855,15.384612739438733,0.0,0.0,-16.666669771075306,3.0,8.0,-0.8524812145168177
08-21,14.2857082036075,-14.285715299398765,20.000002980232196,0.0,0.0,0.0,-9.999997764825855,15.384612739438733,-12.500006984919466,11.111116630059483,0.0,4.0,7.0,2.1814291367448932
08-22,14.2857082036075,-4.347821861674596,20.000002980232196,0.0,0.0,0.0,-4.761907465063339,7.1428609441737585,-12.500006984919466,0.0,-8.333331781128996,3.0,8.0,1.0441367304751867
08-23,5.263152941442215,-4.347821861674596,24.99999813735488,0.0,0.0,0.0,0.0,15.384612739438733,-12.500006984919466,0.0,-8.333331781128996,3.0,8.0,1.860600290046615
08-24,5.263152941442215,-9.090907243657705,15.000000372529025,-19.999995529651724,0.0,0.0,13.043478542555038,7.692306369719361,-12.500006984919466,-12.500006984919466,-8.333331781128996,4.0,7.0,-1.947755481639247
08-25,5.263152941442215,-13.636364252114102,9.999997764825869,-19.999995529651724,0.0,0.0,8.333331781129019,7.692306369719361,-12.500006984919466,-12.500006984919466,0.0,4.0,7.0,-2.4861440813171174
08-26,-10.526313725600916,-13.636364252114102,9.999997764825869,-19.999995529651724,0.0,0.0,8.333331781129019,-15.384624201870853,-12.500006984919466,0.0,-8.333331781128996,2.0,9.0,-5.640664266302834
08-27,-15.789474509759632,4.545457008456409,9.999997764825869,-19.999995529651724,14.285716566504265,0.0,12.500000776102175,-15.384624201870853,-12.500006984919466,0.0,-9.090907243657693,4.0,7.0,-2.857621486724604
08-28,-15.789474509759632,-4.999995157122685,19.047615668670826,-9.999997764825869,0.0,-16.66666977107533,8.695656680880441,-7.1428609441737585,-12.500006984919466,0.0,-9.090907243657693,2.0,9.0,-4.404240002362107
08-29,-4.761907465063339,4.545457008456409,14.2857082036075,-22.222216703273865,0.0,0.0,0.0,-7.1428609441737585,-12.500006984919466,9.999997764825855,-9.090907243657693,3.0,8.0,-2.444248760381669
08-30,-4.761907465063339,4.545457008456409,18.1818144873154,-11.111108351636926,0.0,0.0,4.545457008456409,7.1428609441737585,-28.57143313300851,9.999997764825855,-9.090907243657693,5.0,6.0,-0.8290699072853305
08-31,-4.761907465063339,4.545457008456409,9.090907243657693,-11.111108351636926,-16.66666977107533,0.0,4.761900369272073,0.0,-14.285711244660995,9.999997764825855,-9.090907243657693,4.0,7.0,-2.501640153625659
09-01,-4.999995157122685,-9.523814930126692,9.090907243657693,-11.111108351636926,-16.66666977107533,0.0,4.545457008456409,-7.6923121009354265,-14.285711244660995,0.0,-9.090907243657693,2.0,9.0,-5.430377686100149
09-02,5.000002607703171,-9.523814930126692,9.090907243657693,-11.111108351636926,-16.66666977107533,14.285716566504265,0.0,0.0,0.0,0.0,-9.090907243657693,3.0,8.0,-1.6378067162392285
09-03,5.000002607703171,-4.761907465063339,13.043478542555038,-11.111108351636926,-39.9999985098839,14.285716566504265,-4.545457008456422,0.0,0.0,0.0,0.0,3.0,8.0,-2.5535703289343745
09-04,5.000002607703171,-4.761907465063339,13.043478542555038,0.0,-39.9999985098839,14.285716566504265,-9.523814930126692,0.0,0.0,11.111116630059483,0.0,4.0,7.0,-0.9859460507501795
09-05,9.523807834335413,-4.761907465063339,9.090907243657693,0.0,-39.9999985098839,14.285716566504265,-15.000000372529037,0.0,0.0,11.111116630059483,0.0,4.0,7.0,-1.431850733901766
09-06,9.523807834335413,-9.999997764825855,9.090907243657693,0.0,-39.9999985098839,14.285716566504265,-15.000000372529037,0.0,11.111116630059483,0.0,0.0,4.0,7.0,-1.908040761152904
09-07,5.000002607703171,-9.999997764825855,9.090907243657693,0.0,-39.9999985098839,14.285716566504265,-19.999995529651724,0.0,11.111116630059483,0.0,0.0,4.0,7.0,-2.7738407960397153
09-08,9.523807834335413,0.0,4.545457008456409,0.0,-39.9999985098839,14.285716566504265,-15.000000372529037,-7.6923121009354265,11.111116630059483,-12.500006984919466,0.0,4.0,7.0,-3.24783817535566
09-09,-4.999995157122685,-9.999997764825855,4.545457008456409,0.0,-39.9999985098839,0.0,-4.999995157122685,-7.6923121009354265,0.0,-12.500006984919466,8.333331781129006,2.0,9.0,-6.119410625929509
09-10,-4.999995157122685,-9.999997764825855,4.545457008456409,0.0,-16.66666977107533,0.0,-9.999997764825855,-7.6923121009354265,-14.285711244660995,0.0,0.0,1.0,10.0,-5.372656981362703
09-11,-4.999995157122685,-9.999997764825855,8.695656680880441,0.0,0.0,0.0,-9.999997764825855,-7.6923121009354265,-14.285711244660995,-11.111108351636926,0.0,1.0,10.0,-4.490315063920664
09-12,-4.999995157122685,-37.500002328306486,4.347828340440227,0.0,0.0,0.0,-9.999997764825855,-7.6923121009354265,0.0,-12.500006984919466,0.0,1.0,10.0,-6.213135090515426
09-13,-4.999995157122685,-37.500002328306486,4.347828340440227,0.0,0.0,0.0,0.0,0.0,-14.285711244660995,-12.500006984919466,0.0,1.0,10.0,-5.903444306779037
09-14,0.0,-31.249998835846753,0.0,0.0,0.0,0.0,-15.789474509759632,0.0,-14.285711244660995,-12.500006984919466,8.333331781129006,1.0,10.0,-5.95380543582344
09-15,0.0,-23.529406608594797,0.0,0.0,0.0,-16.66666977107533,-4.999995157122685,0.0,-14.285711244660995,-12.500006984919466,8.333331781129006,1.0,10.0,-5.786223453204025
09-16,-4.999995157122685,-23.529406608594797,-4.545457008456422,0.0,16.666663562258005,-16.66666977107533,0.0,0.0,-14.285711244660995,-12.500006984919466,-9.090907243657693,1.0,10.0,-6.268317314202671
09-17,-4.999995157122685,-17.64705933914052,4.166662786155852,-11.111108351636926,0.0,-16.66666977107533,0.0,0.0,0.0,-12.500006984919466,-9.090907243657693,1.0,10.0,-6.16809855103607
09-18,0.0,-17.64705933914052,8.333331781129019,-11.111108351636926,0.0,-16.66666977107533,4.761900369272073,7.1428609441737585,0.0,-28.57143313300851,-9.090907243657693,3.0,8.0,-5.713553158540376
09-19,-5.263160784158717,-17.64705933914052,8.333331781129019,-11.111108351636926,0.0,-16.66666977107533,4.761900369272073,0.0,-12.500006984919466,-14.285711244660995,-9.090907243657693,2.0,9.0,-6.679035597168052
09-20,0.0,-53.84616178168377,-4.761907465063339,-11.111108351636926,0.0,-16.66666977107533,0.0,7.1428609441737585,-14.285711244660995,-14.285711244660995,-9.090907243657693,1.0,10.0,-10.627756014387755
09-21,-4.999995157122685,-53.84616178168377,-4.761907465063339,-11.111108351636926,0.0,-16.66666977107533,-11.111108351636943,7.1428609441737585,0.0,-28.57143313300851,0.0,1.0,10.0,-11.26595664245943
09-22,-5.263160784158717,-42.857144377669506,-9.523814930126692,-11.111108351636926,0.0,0.0,-11.111108351636943,7.1428609441737585,0.0,-12.500006984919466,0.0,1.0,10.0,-7.747589348724954
09-23,9.090907243657693,-14.285711244660995,-9.523814930126692,0.0,-49.999999999999986,14.285716566504265,-11.111108351636943,7.1428609441737585,0.0,0.0,8.333331781129006,4.0,7.0,-4.187983453723627
09-24,9.090907243657693,-14.285711244660995,4.166662786155852,9.999997764825855,14.285716566504265,14.285716566504265,-16.66665838824413,7.1428609441737585,0.0,-12.500006984919466,0.0,6.0,5.0,1.4108622958179178
09-25,9.090907243657693,0.0,4.166662786155852,0.0,0.0,14.285716566504265,-31.249998835846753,0.0,0.0,11.111116630059483,-9.090907243657693,4.0,7.0,-0.15331844119337779
09-26,9.090907243657693,0.0,0.0,0.0,0.0,14.285716566504265,-16.66665838824413,0.0,0.0,0.0,-9.090907243657693,2.0,9.0,-0.21644925652180594
09-27,9.090907243657693,0.0,0.0,0.0,0.0,14.285716566504265,-5.555550036607201,0.0,12.49999767169351,0.0,0.0,3.0,8.0,2.7564610404771153
09-28,9.090907243657693,0.0,-9.090907243657705,0.0,0.0,25.00000000000001,-17.64705933914052,0.0,0.0,0.0,-9.090907243657693,2.0,9.0,-0.15799696207256486
09-29,9.090907243657693,5.555558315029726,-9.090907243657705,-12.500006984919466,0.0,33.33333747254462,-23.529406608594797,-7.6923121009354265,0.0,11.111116630059483,8.333331781129006,5.0,6.0,1.3283289549375579
09-30,9.523807834335413,5.555558315029726,-9.090907243657705,0.0,16.666663562258005,25.00000000000001,-23.529406608594797,0.0,0.0,11.111116630059483,8.333331781129006,6.0,5.0,3.9609240245962853
10-01,4.761900369272073,27.777783296726138,-9.090907243657705,0.0,16.666663562258005,33.33333747254462,-17.64705933914052,0.0,0.0,22.22222498169641,8.333331781129006,6.0,5.0,7.850661352802548
10-02,4.761900369272073,27.777783296726138,-9.090907243657705,0.0,16.666663562258005,33.33333747254462,-5.263160784158717,13.333339956071377,-14.285711244660995,22.22222498169641,0.0,6.0,5.0,8.132315487826473
10-03,9.090907243657693,27.777783296726138,8.695656680880441,-12.500006984919466,16.666663562258005,33.33333747254462,4.761900369272073,6.666669978035689,0.0,11.111116630059483,0.0,8.0,3.0,9.600366204410426
10-04,9.090907243657693,31.578949019519264,8.695656680880441,-25.00000465661298,33.33333333333333,45.454546378171166,14.2857082036075,0.0,0.0,0.0,-9.090907243657693,6.0,5.0,9.849835359899883
10-05,13.636364252114102,26.31578823536055,-4.347821861674596,-25.00000465661298,33.33333333333333,33.33333747254462,18.1818144873154,12.49999767169351,0.0,11.111116630059483,0.0,7.0,4.0,10.823993233103037
10-06,0.0,5.882356034843122,-4.347821861674596,-25.00000465661298,33.33333333333333,22.22222498169641,27.272728504228205,18.750001164153243,0.0,11.111116630059483,0.0,6.0,5.0,8.111266739093292
10-07,8.333331781129019,5.882356034843122,-9.090907243657705,-25.00000465661298,-16.66666977107533,22.22222498169641,18.1818144873154,18.750001164153243,0.0,11.111116630059483,0.0,6.0,5.0,3.0657512188955143
10-08,8.333331781129019,5.882356034843122,-9.090907243657705,-28.57143313300851,14.285716566504265,22.22222498169641,18.1818144873154,13.333339956071377,0.0,0.0,-9.090907243657693,6.0,5.0,3.2259578352032436
10-09,8.333331781129019,5.882356034843122,-9.523814930126692,-12.500006984919466,0.0,11.111116630059483,18.1818144873154,13.333339956071377,0.0,11.111116630059483,0.0,6.0,5.0,4.175386691311975
10-10,12.000000476837158,5.882356034843122,-4.761907465063339,0.0,0.0,0.0,9.999997764825869,13.333339956071377,-33.33333333333335,-12.500006984919466,-9.090907243657693,4.0,7.0,-1.6791327994905745
10-11,12.000000476837158,0.0,4.347828340440227,-12.500006984919466,0.0,0.0,5.555558315029726,13.333339956071377,-14.285711244660995,-12.500006984919466,-9.090907243657693,4.0,7.0,-1.1945368517981025
10-12,8.333331781129019,-5.882356034843106,4.347828340440227,-12.500006984919466,0.0,0.0,10.526313725600916,13.333339956071377,-14.285711244660995,-12.500006984919466,-9.090907243657693,4.0,7.0,-1.6107431536144716
10-13,12.500000776102175,-5.882356034843106,4.347828340440227,-28.57143313300851,0.0,11.111116630059483,5.000002607703171,0.0,0.0,-12.500006984919466,-9.090907243657693,4.0,7.0,-2.0987050038294295
10-14,8.333331781129019,-5.882356034843106,4.347828340440227,-28.57143313300851,0.0,-12.500006984919466,-4.999995157122685,0.0,0.0,-12.500006984919466,-9.090907243657693,2.0,9.0,-5.533049583354699
10-15,8.333331781129019,-11.764703304297399,4.347828340440227,0.0,0.0,-37.50000232830651,-4.999995157122685,-15.384624201870853,0.0,-12.500006984919466,0.0,2.0,9.0,-6.315288350449788
10-16,8.333331781129019,-11.764703304297399,0.0,11.111116630059483,0.0,-12.500006984919466,-16.66665838824413,11.764703304297399,0.0,-12.500006984919466,-9.090907243657693,3.0,8.0,-2.846648290050205
10-17,18.51852219781745,13.636364252114102,0.0,11.111116630059483,0.0,-12.500006984919466,-10.526313725600916,6.666669978035689,0.0,-12.500006984919466,-9.090907243657693,4.0,7.0,0.4832216471753803
10-18,24.137929262644263,13.636364252114102,0.0,11.111116630059483,0.0,-12.500006984919466,-15.789474509759632,-6.666660043928621,0.0,-12.500006984919466,-19.999995529651724,3.0,8.0,-1.6882485371237321
10-19,24.137929262644263,22.727271495771795,0.0,22.22222498169641,-19.999995529651695,-12.500006984919466,-22.22221670327387,0.0,0.0,-12.500006984919466,-19.999995529651724,3.0,8.0,-1.6486178174821602
10-20,17.24137877879326,22.727271495771795,4.545457008456409,12.49999767169351,-19.999995529651695,-12.500006984919466,-9.999997764825855,0.0,0.0,-12.500006984919466,-9.999997764825869,4.0,7.0,-0.7259909158570355
10-21,16.66666997803569,22.727271495771795,12.500000776102175,0.0,-39.9999985098839,-12.500006984919466,0.0,0.0,0.0,0.0,0.0,3.0,8.0,-0.055096658626700386
10-22,16.66666997803569,22.727271495771795,8.695656680880441,11.111116630059483,-19.999995529651695,0.0,9.999997764825869,11.764703304297399,0.0,0.0,0.0,6.0,5.0,5.542310938565362
10-23,20.000004967053524,22.727271495771795,8.695656680880441,-14.285711244660995,-19.999995529651695,0.0,9.999997764825869,11.764703304297399,14.285716566504265,0.0,0.0,6.0,5.0,4.835240364092782
10-24,22.580647487173934,22.727271495771795,0.0,0.0,-19.999995529651695,0.0,5.263152941442215,6.249994179233778,-16.66666977107533,0.0,0.0,4.0,7.0,1.8322182548086088
10-25,22.580647487173934,22.727271495771795,0.0,0.0,-19.999995529651695,-12.500006984919466,5.000002607703171,0.0,-16.66666977107533,0.0,8.333331781129006,4.0,7.0,0.8613255532846736
10-26,17.24137877879326,22.727271495771795,0.0,-28.57143313300851,-19.999995529651695,-12.500006984919466,0.0,13.333339956071377,-16.66666977107533,0.0,8.333331781129006,4.0,7.0,-1.4638894006263248
10-27,22.580647487173934,22.727271495771795,4.347828340440227,-28.57143313300851,-19.999995529651695,0.0,9.999997764825869,-13.33333002196431,-16.66666977107533,0.0,0.0,4.0,7.0,-1.7196075788625473
10-28,3.5714251502435985,0.0,0.0,-50.000009313225966,0.0,0.0,5.000002607703171,0.0,-16.66666977107533,0.0,0.0,2.0,9.0,-5.281386484214048
10-29,-3.5714251502435985,0.0,4.347828340440227,-50.000009313225966,-19.999995529651695,0.0,5.000002607703171,0.0,-16.66666977107533,0.0,9.090907243657705,3.0,8.0,-6.5272146883995905
10-30,-3.5714251502435985,0.0,8.333331781129019,-28.57143313300851,-25.00000465661298,0.0,0.0,0.0,-16.66666977107533,11.111116630059483,9.090907243657705,3.0,8.0,-4.115834277826746
10-31,-3.5714251502435985,0.0,18.51852219781745,-14.285711244660995,-25.00000465661298,0.0,-5.555550036607201,-7.1428609441737585,-16.66666977107533,0.0,9.090907243657705,2.0,9.0,-4.055708396536246
11-01,-3.5714251502435985,0.0,-4.347821861674596,0.0,-25.00000465661298,0.0,-12.500006984919448,-7.1428609441737585,0.0,-12.500006984919466,9.090907243657705,1.0,10.0,-5.0882926671714666
11-02,-3.5714251502435985,0.0,0.0,-28.57143313300851,0.0,0.0,-11.111108351636943,-30.769236941309597,0.0,-12.500006984919466,9.090907243657705,1.0,10.0,-7.03930030158731
11-03,-11.111111111111088,0.0,0.0,-50.000009313225966,0.0,0.0,-11.111108351636943,-30.769236941309597,0.0,-12.500006984919466,0.0,0.0,11.0,-10.49922479110937
11-04,-14.814811135515876,0.0,0.0,-50.000009313225966,-25.00000465661298,-12.500006984919466,-5.555550036607201,-23.076924840374172,0.0,-12.500006984919466,0.0,0.0,11.0,-13.040664904743194
11-05,-14.814811135515876,0.0,4.166662786155852,-16.66666977107533,0.0,0.0,-11.111108351636943,0.0,0.0,0.0,-9.090907243657693,1.0,10.0,-4.319712155975453
11-06,-7.407400048809537,-15.789474509759632,17.85714171674786,-16.66666977107533,0.0,0.0,-17.64705933914052,0.0,14.285716566504265,0.0,-9.090907243657693,2.0,9.0,-3.1326047844718725
11-07,-7.407400048809537,-15.789474509759632,17.85714171674786,-16.66666977107533,0.0,0.0,-25.00000465661298,-7.1428609441737585,14.285716566504265,0.0,0.0,2.0,9.0,-3.623959240652646
11-08,-3.5714251502435985,-22.22221670327387,18.51852219781745,0.0,-19.999995529651695,0.0,0.0,-7.1428609441737585,14.285716566504265,0.0,0.0,2.0,9.0,-1.83020541482011
11-09,-10.714286094417377,-22.22221670327387,14.81481665446428,0.0,-19.999995529651695,0.0,0.0,0.0,14.285716566504265,0.0,0.0,2.0,9.0,-2.166905918761309
11-10,0.0,-15.789474509759632,11.11111663005949,0.0,-19.999995529651695,0.0,5.000002607703171,0.0,14.285716566504265,0.0,0.0,3.0,8.0,-0.4902394759222186
11-11,-3.7037000244047684,-15.789474509759632,7.692306369719361,0.0,0.0,0.0,9.999997764825869,6.666669978035689,14.285716566504265,11.111116630059483,0.0,5.0,6.0,2.7511484340891155
11-12,-3.7037000244047684,-15.789474509759632,4.000002145767201,-16.66666977107533,20.000002980232196,0.0,20.000002980232196,6.666669978035689,25.00000000000001,0.0,0.0,5.0,6.0,3.59153034354796
11-13,-3.7037000244047684,-15.789474509759632,-3.8461617816837887,-16.66666977107533,0.0,0.0,15.789474509759632,6.666669978035689,25.00000000000001,11.111116630059483,0.0,4.0,7.0,1.687386820993754
11-14,-3.7037000244047684,-15.789474509759632,7.999998331069936,0.0,0.0,0.0,20.000002980232196,-7.6923121009354265,0.0,0.0,0.0,2.0,9.0,0.07404678874566416
11-15,-3.7037000244047684,-15.789474509759632,-4.545457008456422,0.0,20.000002980232196,0.0,14.2857082036075,0.0,12.49999767169351,0.0,0.0,3.0,8.0,2.0679161193556714
11-16,0.0,-22.22221670327387,-9.090907243657705,0.0,20.000002980232196,0.0,14.2857082036075,-23.076924840374172,12.49999767169351,0.0,0.0,3.0,8.0,-0.6913036301611399
11-17,-3.8461617816837887,-5.555550036607201,-27.272728504228205,0.0,20.000002980232196,11.111116630059483,15.000000372529025,-23.076924840374172,12.49999767169351,0.0,0.0,4.0,7.0,-0.10365886439810462
11-18,-3.8461617816837887,-5.555550036607201,-12.000000476837158,0.0,-25.00000465661298,11.111116630059483,20.000002980232196,-7.6923121009354265,12.49999767169351,11.111116630059483,0.0,4.0,7.0,0.057109532669828766
11-19,-7.6923121009354265,0.0,-12.000000476837158,0.0,-25.00000465661298,20.000002980232196,0.0,-7.6923121009354265,22.22222498169641,11.111116630059483,0.0,3.0,7.0,0.08624684151519108
11-20,-7.6923121009354265,9.999997764825869,-3.8461617816837887,0.0,-25.00000465661298,20.000002980232196,0.0,0.0,22.22222498169641,20.000002980232196,0.0,4.0,6.0,3.2439772879776796
11-21,-3.7037000244047684,18.1818144873154,-3.9999961853027344,0.0,-25.00000465661298,20.000002980232196,9.090907243657693,-7.1428609441737585,12.49999767169351,20.000002980232196,0.0,5.0,5.0,3.6296512320578866
11-22,9.677419664956526,20.83333255723118,7.4074110867063405,0.0,-25.00000465661298,11.111116630059483,9.090907243657693,-25.000007761021614,11.111116630059483,9.999997764825855,0.0,7.0,3.0,2.657389923623815
11-23,12.903223015391246,20.83333255723118,7.4074110867063405,0.0,-25.00000465661298,11.111116630059483,9.523807834335413,-15.384624201870853,11.111116630059483,9.999997764825855,0.0,7.0,3.0,3.8641251509204704
11-24,15.624994761310385,20.83333255723118,3.7037110623015512,14.285716566504265,-25.00000465661298,11.111116630059483,4.761900369272073,-15.384624201870853,11.111116630059483,0.0,0.0,7.0,3.0,3.7315690652958717
11-25,12.903223015391246,20.83333255723118,10.344828294942273,14.285716566504265,-66.666672875484,11.111116630059483,4.761900369272073,0.0,11.111116630059483,9.999997764825855,0.0,8.0,2.0,2.6076871775274424
11-26,12.903223015391246,20.83333255723118,10.344828294942273,0.0,-66.666672875484,0.0,0.0,0.0,11.111116630059483,11.111116630059483,0.0,5.0,5.0,-0.03300506798184796
11-27,12.903223015391246,20.83333255723118,10.714286094417377,0.0,-66.666672875484,0.0,0.0,0.0,12.49999767169351,11.111116630059483,0.0,5.0,5.0,0.12684391757352725
11-28,9.99999999999998,20.83333255723118,24.137929262644263,0.0,-66.666672875484,-12.500006984919466,0.0,0.0,0.0,0.0,0.0,3.0,7.0,-2.1995834582298217
11-29,12.903223015391246,18.1818144873154,16.66666997803569,0.0,-33.33333333333335,-12.500006984919466,-10.526313725600916,0.0,0.0,0.0,0.0,3.0,7.0,-0.78254059664649
11-30,23.529415373983642,18.1818144873154,16.66666997803569,0.0,-33.33333333333335,-12.500006984919466,-5.263160784158717,0.0,-12.500006984919466,0.0,0.0,3.0,7.0,-0.4744189316360241
12-01,23.529415373983642,-5.263160784158717,13.333339956071377,-19.999995529651695,0.0,-12.500006984919466,-11.111108351636943,-7.6923121009354265,0.0,0.0,0.0,2.0,8.0,-1.7912571292042934
12-02,22.857138478026005,-15.789474509759632,13.333339956071377,14.285716566504265,0.0,-25.00000465661298,-22.22221670327387,-7.6923121009354265,0.0,0.0,0.0,3.0,7.0,-1.838892088180024
12-03,11.428569239013012,-26.315788235360564,18.750001164153243,14.285716566504265,0.0,-12.500006984919466,-22.22221670327387,0.0,0.0,-11.111108351636926,0.0,3.0,7.0,-2.516803027774573
12-04,11.428569239013012,-26.315788235360564,16.66666997803569,14.285716566504265,0.0,-12.500006984919466,-29.411762643437918,-7.6923121009354265,0.0,0.0,0.0,3.0,7.0,-3.0489921982818555
12-05,8.82352966957026,-26.315788235360564,3.5714251502435985,0.0,0.0,-12.500006984919466,-29.411762643437918,7.692306369719361,0.0,9.999997764825855,0.0,4.0,6.0,-3.467299900850806
12-06,11.428569239013012,-26.315788235360564,-3.5714251502435985,0.0,25.00000000000001,-12.500006984919466,-23.529406608594797,0.0,0.0,0.0,0.0,2.0,8.0,-2.680732521827764
12-07,5.882356034843122,-19.999995529651724,-3.5714251502435985,14.285716566504265,25.00000000000001,-28.57143313300851,-16.66665838824413,0.0,0.0,9.999997764825855,0.0,4.0,6.0,-1.240131075906792
12-08,8.82352966957026,-19.999995529651724,0.0,14.285716566504265,25.00000000000001,-12.500006984919466,-16.66665838824413,0.0,11.111116630059483,9.999997764825855,0.0,5.0,5.0,1.8230636116495047
12-09,11.764703304297399,-19.999995529651724,-7.6923121009354265,0.0,25.00000000000001,0.0,-16.66665838824413,0.0,11.111116630059483,9.999997764825855,0.0,4.0,6.0,1.2288046982137697
12-10,8.82352966957026,-9.999997764825855,-7.6923121009354265,0.0,25.00000000000001,0.0,-5.555550036607201,0.0,11.111116630059483,9.999997764825855,0.0,4.0,6.0,2.8806167420079207
12-11,0.0,-9.999997764825855,-3.5714251502435985,0.0,25.00000000000001,0.0,-5.555550036607201,0.0,11.111116630059483,9.999997764825855,0.0,3.0,7.0,2.4531037675644267
12-12,0.0,-9.999997764825855,-11.111111111111088,16.666663562258005,0.0,0.0,-5.555550036607201,0.0,11.111116630059483,9.999997764825855,0.0,3.0,7.0,1.0101017313272
12-13,2.8571401810159034,-9.999997764825855,-7.1428609441737585,-16.66666977107533,0.0,0.0,-5.555550036607201,0.0,11.111116630059483,9.999997764825855,0.0,3.0,7.0,-1.3997112673437182
12-14,2.8571401810159034,5.000002607703171,-14.285711244660995,-16.66666977107533,0.0,0.0,-5.882356034843106,-7.6923121009354265,11.111116630059483,9.999997764825855,0.0,4.0,6.0,-1.414435633446404
12-15,0.0,5.000002607703171,-7.1428609441737585,-16.66666977107533,0.0,0.0,10.526313725600916,0.0,0.0,9.999997764825855,0.0,3.0,7.0,0.156071216625532
12-16,8.108108325802206,5.000002607703171,-3.448282949422908,-16.66666977107533,-33.33333333333335,20.000002980232196,10.526313725600916,0.0,0.0,9.999997764825855,0.0,5.0,5.0,0.016921759121159594
12-17,5.405408235428679,5.000002607703171,-3.448282949422908,-16.66666977107533,-33.33333333333335,20.000002980232196,10.526313725600916,0.0,0.0,0.0,0.0,4.0,6.0,-1.1378689549878749
12-18,8.108108325802206,5.000002607703171,3.448272672759682,-39.9999985098839,-33.33333333333335,30.00000074505805,10.526313725600916,0.0,0.0,0.0,0.0,5.0,5.0,-1.477330342390294
12-19,10.526313725600916,5.000002607703171,3.448272672759682,0.0,-33.33333333333335,20.000002980232196,5.555558315029726,0.0,0.0,0.0,0.0,5.0,5.0,1.0178924516356676
12-20,10.526313725600916,0.0,13.333339956071377,14.285716566504265,-33.33333333333335,0.0,9.999997764825869,7.1428609441737585,0.0,0.0,0.0,5.0,5.0,1.99589960216753
12-21,10.526313725600916,0.0,6.666669978035689,14.285716566504265,-33.33333333333335,0.0,9.999997764825869,0.0,0.0,0.0,0.0,4.0,6.0,0.7404877001484901
12-22,10.526313725600916,0.0,9.99999999999998,14.285716566504265,-33.33333333333335,-14.285711244660995,9.999997764825869,0.0,0.0,0.0,0.0,4.0,6.0,-0.2551833200966646
12-23,-2.9411736347271384,0.0,6.896545345519364,14.285716566504265,-33.33333333333335,-14.285711244660995,9.999997764825869,0.0,9.999997764825855,9.090907243657705,0.0,5.0,5.0,-0.02609577521712968
12-24,-2.9411736347271384,0.0,6.896545345519364,14.285716566504265,0.0,0.0,15.000000372529025,7.1428609441737585,9.999997764825855,0.0,0.0,5.0,5.0,4.580358850802285
12-26,0.0,0.0,-3.7037000244047684,14.285716566504265,0.0,0.0,15.000000372529025,7.1428609441737585,24.99999534338703,9.090907243657705,0.0,5.0,5.0,6.074161858713366
12-27,-2.9411736347271384,0.0,-7.407400048809537,14.285716566504265,25.00000000000001,20.000002980232196,15.000000372529025,7.1428609441737585,18.1818144873154,9.090907243657705,0.0,7.0,3.0,8.941157173715972
12-28,0.0,-5.263160784158717,-7.407400048809537,28.57142781116525,25.00000000000001,11.111116630059483,0.0,7.1428609441737585,18.1818144873154,9.090907243657705,0.0,6.0,4.0,7.857051480309397
12-29,-5.714288876981205,-5.263160784158717,-7.407400048809537,28.57142781116525,25.00000000000001,-11.111108351636926,9.999997764825869,7.1428609441737585,18.1818144873154,0.0,0.0,5.0,5.0,5.400012995081264
12-30,-8.571429057997108,-5.263160784158717,-3.5714251502435985,28.57142781116525,50.0,0.0,0.0,0.0,18.1818144873154,9.090907243657705,0.0,4.0,6.0,8.039830413612632
12-31,-8.571429057997108,-5.263160784158717,-3.5714251502435985,0.0,40.00000223517415,0.0,0.0,0.0,24.99999534338703,9.090907243657705,0.0,3.0,7.0,5.15317180271086
