,2009,2010,2011,2012,2013,2014,2015,2016,2017,2018,2019,2020,ups,downs,avg
01-02,-6.055044471670728,3.4123208285507993,5.882349058928044,0.2405057345227702,0.1759670612676251,0.7053303719270345,-5.275229633722381,-4.42478366904437,4.6267399013482144,6.487395983784139,3.5854494537458423,-1.8100423966692165,8.0,4.0,0.6292465185806477
01-03,-8.990828487851191,3.4123208285507993,5.637467326936818,0.3363752840973576,-0.17802567489193794,0.2873579254424158,-3.5550396381812455,-4.42478366904437,3.8097439543584724,5.530342616746308,3.7432210218451187,-0.866910566954773,7.0,5.0,0.39510341008781436
01-04,-8.990828487851191,7.414134302856619,2.975470441705704,2.5714329310825894,0.17802567489193794,-0.6269636523515011,-3.5550396381812455,-3.834070497812004,1.7709054129535864,2.2727310675744588,-1.0232690535359992,-1.9529345513229952,6.0,6.0,-0.23336717083250338
01-05,-7.027029776358377,4.197078958178317,3.3562771074955573,5.778191165047007,1.805694532002031,-0.6269636523515011,-4.423240163479483,-7.917322109269192,1.6956678418294748,3.030308090099282,-0.962048398414294,-1.9529345513229952,6.0,6.0,-0.25386007971201446
01-06,-2.1201427478626447,0.4119872929151512,2.286901709819737,7.29263137686402,1.805694532002031,-1.1554585229829488,-0.34452749232346996,-5.143575680962283,2.431950379316408,2.828283269393248,-0.962048398414294,-2.5095738303586614,6.0,6.0,0.40184349061719105
01-07,-4.821429933820465,-1.655311225075763,3.1531525577505217,7.106242700791541,4.169769836188628,0.6985781296357636,1.1781261308998596,-7.334635876289896,2.8558652119863543,-0.06934971448632511,-1.5392734298707733,-1.6312606040187903,6.0,6.0,0.1758728153075548
01-08,-2.068966832654242,-2.4148037299197225,2.8239796147658245,7.665589045617155,5.450059497048854,0.5189433269029192,1.0740561239205124,-6.679767041166526,2.2890494307189444,-0.19094013050887615,-0.017409579453362703,-1.3080542686426109,6.0,6.0,0.5951446213857391
01-09,-1.379309029414736,-3.3106150213348187,2.060416091747765,10.060912959506195,4.343579304978533,1.4267165964864608,0.7914148828177637,-5.664700361409455,2.5078346075042934,-0.6109241901342568,-1.3496813435595219,-1.2545140462937907,6.0,6.0,0.6350942042412026
01-10,0.0,-3.149910406906479,-1.5203622671274037,6.712016296802488,2.9883370913415175,1.0116715885003351,0.960995314650518,-7.316264666667513,3.2558165471169436,-1.9405604817242448,-1.8637935053573904,-0.2661079415020785,5.0,7.0,-0.09401353590610902
01-11,-7.4074074074074066,-6.955646913456053,-3.0826792144741395,6.683342416977873,3.5471309278064833,1.763943757804402,2.990027819198149,-2.705284466600122,3.8636830716038637,-1.2396649161620468,-0.6183239848932461,-0.8458462073020019,5.0,7.0,-0.33389375974202035
01-12,-9.22787507850301,-6.822258320518132,-1.6174369755084899,6.83396630980485,2.0894086820693563,0.2633718346151465,4.2361279874193185,-3.1663958580893334,3.055254172898426,-2.444900351545885,-0.33565697066601896,-1.6184662622498107,5.0,7.0,-0.7295717358561319
01-13,-6.26185804418663,-5.711419613169848,-2.6165916922711174,6.744346995727218,4.070457397747994,0.0791625139477821,2.671443635407407,-2.2624397010604267,3.8786584102788875,-2.4276856111567806,-0.33565697066601896,-1.560104518612458,5.0,7.0,-0.31097393316783245
01-14,5.217391304347826,-12.283208863361072,-2.296192432395742,5.892899406614993,5.22107525118283,-2.3280780611415053,2.8953150162719363,-2.085337237533806,3.3369466188723127,-1.5014520712354515,0.7167269451721225,-2.3350040362765925,6.0,6.0,0.037590153376487634
01-15,4.4750405204901895,-11.813917800081681,-3.417583051825697,5.5330614825221485,5.33079879596461,-2.3803139988679547,3.2718071137066795,-0.8983018478028691,3.1901066889985397,-2.781618142088256,-0.9600108588175523,-1.0492914864312881,5.0,7.0,-0.1250185486860943
01-16,2.581755661608373,-8.957362486619163,-2.1269099972829753,7.813874596101371,6.8467174895333045,-2.0637910196242704,2.60066144890869,-1.6682722376993186,1.8697723080496491,-2.56896841114965,0.3486155946715644,-0.3460213448516364,6.0,6.0,0.3608393001371615
01-17,3.6144552999540647,-10.17124031569036,-5.139341727922612,7.079647586119532,4.0714263916015625,-3.5915306975763124,0.3075973177215205,-1.3431406144724398,1.305310050064525,-4.41202700502608,2.3449542780247756,-1.3456377485190685,6.0,6.0,-0.6066272654767411
01-18,2.8789452858221027,-10.673578291976993,-4.028648274793723,5.670333694625687,3.45238276890346,-3.2967019484401408,-0.36599399335542465,0.4711043272972011,0.5767571554341833,-2.6699893055390516,1.3399738731570214,-1.4033055282824014,6.0,6.0,-0.6707266864290066
01-19,-4.089220806947457,-11.018717712869218,-1.852837631346903,4.97358800579893,2.428572518484933,-2.828178725286527,-2.148997040713202,0.5959806515390734,2.1949077477118877,-2.545390347824611,2.628412306065467,-1.6573532866973293,5.0,7.0,-1.1099361935070797
01-20,-2.3765982064507027,-2.087473663989477,0.3826773600278528,2.442774712149418,2.9140004001772057,-5.128208063121273,-0.991507921764772,1.5156378906335886,1.975420322104134,-1.975793172520328,2.5363227668851724,-3.128051664498183,6.0,6.0,-0.32673327003061364
01-21,-2.4735009957977545,-4.02508441291045,3.896332602310224,2.9489440868958363,0.024401404783847946,-6.229333550915465,2.855566043704157,-1.14362649789101,0.8999118416455555,-1.0049359706574872,0.22883482656693072,-2.8265122504951856,6.0,6.0,-0.5707502393967335
01-22,7.216496061652859,-0.32362429582609203,2.3830278423790103,4.379879671608501,0.2191384301354956,-8.714044648526091,3.6286035938153263,-5.684495661214845,4.160473485627571,-1.2906639400844218,0.1497385455590378,-0.9788908851576935,7.0,5.0,0.42880318333072154
01-23,8.76289041574366,-1.3956360448470764,3.573886260804282,5.324180462526702,1.5075402113263736,-4.514173704903538,2.374598187082405,-4.10360322733914,1.526710952100229,-3.981098906067394,1.838205768597484,1.6760817612493701,8.0,4.0,1.0491318446894464
01-24,9.450171697424246,-5.692601192424638,2.3150597274015254,5.600851676215689,-0.7192501645779881,-4.321496327264678,3.1216600406487145,0.0,-2.241452043390005,-3.4188069602194866,2.8740550311328645,1.6195796993731109,6.0,6.0,0.7156475986932795
01-25,13.179571498266638,-5.559063584631279,1.5064916569433293,4.391600736200626,-1.941983675546409,-2.8626398249754597,5.071891834533292,1.0866095961639062,-1.7192034656319164,-6.972074522710294,1.8445383849665962,2.4105439097530246,7.0,5.0,0.8696902119443379
01-26,12.892560722414114,-6.532880792746848,2.295651643172554,4.81695577842121,-0.7432303526624137,2.428199278593902,3.276503761958019,1.0553243328275241,-0.06515221387885466,-5.639715460767925,2.5909374625272217,3.3208933394956826,8.0,4.0,1.6413372916128492
01-27,4.958677685950414,-0.4715037884214483,-0.7080858546586204,2.461994720021127,-1.2530131512377636,3.211607508067063,3.440867117587118,-3.246106409076692,1.281216422069047,-5.858731576627791,0.21093150496078283,2.3921651047532824,7.0,5.0,0.5350016069488764
01-28,0.6837632921006822,-0.87409363228177,2.1773824046502974,3.232708951251418,-1.8666677763967803,2.2739126242855043,3.8192629693036917,-7.679061542467011,1.8458164781836175,-9.084073720874638,-1.6927893988522358,2.3684250341368926,7.0,5.0,-0.39961785974669434
01-29,-1.1224121089274435,-0.41623468494291727,1.1329495226226263,3.706855378516055,-1.0292013349431952,2.9648878206193463,4.232946045740781,-9.641870347061252,1.3746477044396317,-7.5268844580219705,-2.9058276805108028,2.0892162394811193,6.0,6.0,-0.5950773252490017
01-30,5.647143449408208,-0.10405668648165742,0.05369111206272473,-0.06642150810350844,-1.4492716232052265,3.0773175150151304,5.904552757345247,-9.779607974188268,-0.5114510473493931,-3.4551694002323505,-2.717488909980681,1.695558322157599,5.0,7.0,-0.14210033279601464
01-31,4.068747239914015,-0.10405668648165742,0.44563281069486105,1.280104470893049,-1.8089725435640094,5.197823679100588,4.826101127428681,-9.779607974188268,0.5734413777198963,-3.5385220107546904,-2.322512036751049,3.097467701543186,7.0,5.0,0.16130392962955017
02-01,4.068747239914015,2.076548208354248,0.052914627143622675,0.1757509451893028,1.1336165373478746,6.180500395181724,4.826101127428681,-11.859646178128425,-0.4852254520572052,-1.849528855079132,0.04398295343416818,2.8133003971664645,9.0,3.0,0.5980884954912781
02-02,5.526771465643522,-3.4128286764851206,-0.6830178892604711,0.5391416988541181,0.9406642505076602,6.180500395181724,4.310111626171657,-7.82336572355263,-1.2247522209094914,-1.5622243994180873,0.12316300862463231,2.8133003971664645,7.0,5.0,0.4772886610436647
02-03,-0.532858332372896,1.1200027465820455,-1.5706833121505566,-0.45288527929103173,0.9406642505076602,5.372982172906855,2.931775787307449,4.86400146484375,1.4826008333318308,1.2210456490290618,0.12316300862463231,2.490023490007828,9.0,3.0,1.499152706610552
02-04,-11.494252705566685,5.611939691192475,-0.26178277116256593,-0.49600937574783843,-0.29303767924069735,7.632196800622594,4.65530848924893,-0.09702680003712383,3.18005911715086,1.2210456490290618,-0.23838657776261152,0.03837386449262485,6.0,6.0,0.788202308518252
02-05,-16.238987636933196,5.492533973200405,-0.7853416560752783,-0.49600937574783843,-1.7035793632027192,6.486478100494743,2.6717538357364146,-1.1966391924981734,3.18005911715086,1.5569125446535508,0.16446919800280516,-2.688066939196336,6.0,6.0,-0.2963681162012302
02-06,-15.855991163811382,6.7860693480837995,-0.7853416560752783,1.5839493646655738,-0.9194222999826849,2.0961137965570975,4.478367317303904,-1.131954659140083,2.530820204478652,0.6017701815714878,-0.769429760298376,-4.077666940040959,6.0,6.0,-0.45522635555735397
02-07,-15.855991163811382,5.220554657929244,-1.0675544572408082,2.749999364217122,-1.665850833560888,1.3036767266308278,5.343507671472829,4.896595371199153,1.4980512827478207,4.045529983053657,3.0752198902131487,-3.0873789370638653,8.0,4.0,0.5380299629822384
02-08,-14.583334989017935,4.055713958650932,-1.7699115044247788,6.016099864321121,-1.0534059490213648,2.1983656284065636,5.655590983963566,4.343830616698526,0.04341319274182423,4.12910377448687,4.889682165102465,-3.300972355222239,8.0,4.0,0.8853479488904625
02-09,-18.025754937618238,1.9497511973932018,-2.1334302583214027,5.591316423452897,-2.351786113791634,1.0858375913362586,5.775072962849698,10.175543035368511,0.5209417524621648,2.7407148987660896,5.017462663150694,-3.90624994179234,8.0,4.0,0.536618272771325
02-10,-21.571075017704,1.9587821206899896,-1.5630690716037676,9.151252896315745,-4.319599438682306,1.1880239789971154,6.347608083967923,13.545695791579208,2.3876676392612763,0.8474529638740047,4.651960259819578,-3.3812703253463883,8.0,4.0,0.7702858234306981
02-11,-13.31478697053451,0.8077575165211605,-1.9629189519663612,7.300886924764856,-4.241509158128349,1.9382768152987946,6.90261041532995,14.874550807427175,1.584544274087201,1.2037336880741365,3.496625310294948,-6.654627186176147,8.0,4.0,0.9945952904160711
02-12,-18.550371304228886,1.7770619143386317,-3.053435643762745,6.870077612784269,-4.863226965310701,0.5145376085292379,6.749246438209765,14.097967078524077,2.136847915691653,1.680669804362573,1.785099792677487,-5.792162267028806,8.0,4.0,0.2793593320655463
02-13,-15.274363352100384,-0.9693043978174571,-3.4671561173927152,7.9304856408199855,-3.339980529069601,0.622088302426179,5.15672609886372,6.660691674810498,0.5919764397073766,5.189588056018127,1.3195626705834411,-4.116370238083001,7.0,5.0,0.025328687397180822
02-14,-6.879608107809419,-0.5025125628140703,-2.8105153112882935,7.854252931718298,-1.9671337612772701,0.49248945668351146,0.6319514441897562,7.02172141474076,0.08814657246767228,2.126542823763539,0.6142479412651892,-3.1466459350862763,7.0,5.0,0.29357807554611637
02-15,-8.750001589457208,-0.30090577827555476,-2.7347905595374153,6.4366472013969975,-2.315737820491327,-0.6998357445620297,1.1566484263966306,4.141099807697103,-3.0786253436818387,0.9571023012321017,-1.3688992375626508,-2.3352470486487387,4.0,8.0,-0.7410454487911609
02-16,-6.923394283580017,0.9116113611151557,-3.8607959739143016,3.9163968201772854,-2.913351563964143,-1.3566308850137043,1.9211587389875366,2.799382529280618,-1.5374495534969046,-0.1417969401826782,-1.5005257092053172,-5.530610376474809,4.0,8.0,-1.1846671530226065
02-17,-14.173226966805158,1.567089616094989,-3.7965489219859405,2.5974001846660455,-3.6619085484908895,-1.8348543125675822,2.0189371389788935,5.55895390613214,-1.1640733762442799,-1.2052469465517759,-2.254239180028941,-5.080268332678816,4.0,8.0,-1.7856654782901098
02-18,-13.769062058224415,4.961541982797476,-2.633970541389743,-0.8522767736329954,-4.818669822910203,-2.8049683326633974,1.2314693822376426,2.8081605424785834,-1.1860332308484105,-4.943941617814447,-2.4898082078656447,-4.191009412840256,3.0,9.0,-2.390714007556317
02-19,-14.285710747034116,6.115385202261118,-0.4723017980633108,-1.242616843461967,-6.4109208771485795,-2.007823959323706,1.449632693549176,3.369799416620869,-2.9957526633162486,-3.0128056282716207,-3.166246285586617,-4.866624638454323,3.0,9.0,-2.293832177352444
02-20,-10.952375487086035,4.326923076923077,0.9668703949567456,-2.898553929592376,-3.762073046507016,-1.7626993244643543,1.324665837368036,0.6503139485531632,-2.491654978587201,-2.3480866411478307,-4.207721082614118,-3.24662352368947,4.0,8.0,-2.0334178963239484
02-21,-4.155840123893438,2.3552517074981525,0.5573490912385481,-3.6712602975543676,-1.9083969836130117,-1.867937202111641,0.7748002289390518,4.975963739559637,-3.435111692517935,1.3693766032939365,-4.345500811852825,-3.7709193912700125,5.0,7.0,-1.0935187610236587
02-22,-6.4601728311020015,4.031636084946185,-0.8570408814649736,-7.2939168256055416,-1.9847394634516564,-3.1570660771632704,1.1454160513456733,7.639458164123206,-3.1340980149226656,0.19723975156656012,-3.0962802089339005,-0.4537174297817479,4.0,8.0,-1.1186068067036778
02-23,-5.9445197529433464,5.750003227820763,-0.2185772833325102,-5.544897254556892,-0.45801605259584327,-2.1625794509082557,0.6008960240900734,8.249113377260528,-4.795301493970431,-0.28689231862797304,-2.9713588294124698,-1.6632625034877084,3.0,9.0,-0.7871160258886721
02-24,-13.537906230402552,4.677575109699164,-0.735289889636056,-6.760507624025271,-0.9718697773524049,-2.322545398581116,1.3861419607429897,6.165921368056487,-3.1667078825401105,-2.6178932624868065,-3.9733343066843307,-0.8809184876154831,3.0,9.0,-1.8947778684021241
02-25,-4.582439731664217,4.326923076923077,-1.3786764319174032,-5.35295834698726,-2.0155006819633723,-2.181908507837697,0.7775208600415746,6.143537220248019,-2.6464646185742553,-3.079969507157195,-3.3494516757199957,-5.799407589484216,3.0,9.0,-1.5948996611744117
02-26,-1.9974470872890262,4.134618318997896,-2.1691181472016035,-2.4683726695807295,-3.4553898782051125,-2.2257554722557606,0.6991230577547083,8.96398429508053,-3.3477595668672135,-3.7151127686171117,-1.5874442732576222,-7.900911389220982,3.0,9.0,-1.2557987983885024
02-27,-3.73990282654791,2.9615402221679688,-5.585111085666913,-3.477167551422286,-3.3187572703254142,-2.3224846979311633,-0.07491284535750381,10.220607950442387,-4.13033309185838,-1.7525096370225262,-0.3080701278415482,-6.355273252787954,2.0,10.0,-1.4901978511792704
02-28,2.847429055428001,3.4258390727796053,-6.884618905874398,-4.468808617099058,-2.047604922726768,-1.8419713247997893,-0.1747807644386948,10.019585956404832,-2.988141808237833,-0.6062701975561451,0.5800633149900514,-6.811079579561925,4.0,8.0,-0.7458632267243436
02-29,0.0,0.0,0.0,-2.7737184467062286,0.0,0.0,0.0,13.318950138543755,0.0,0.0,0.0,-7.722700512970469,1.0,2.0,0.2352109315722548
03-01,1.9304970652114715,3.7022946276979205,-13.262162196451197,-2.9140447954214674,-0.9214246561646464,-0.8809445785370422,0.791295019018269,10.790188016757623,-4.522491606746776,2.4035877176464404,0.8085763568427046,-17.885992557987464,6.0,6.0,-1.6633851323445132
03-02,2.929930569267888,0.584224432278684,-11.437241977050984,-1.2578584161937014,0.5886858050495383,-1.997305516072952,0.5700112786468473,6.001666425885313,-2.2633695148139585,0.57399048398963,1.4589524086168986,-13.987138320008746,7.0,5.0,-1.5196210283671288
03-03,4.414824888953175,-0.386101864643198,-10.594056384398206,-0.5031401675699566,-0.38770103696866604,-3.3078158116586653,1.6802576838765262,2.4813937538460986,-2.76634439423979,-0.07175052112528027,0.29345861326437367,-20.067478600968048,4.0,8.0,-2.4345378201359695
03-04,7.004829953420444,2.3010560456915004,-10.13861174630648,-0.8201880040083454,-0.8045714588955033,-3.788897651622857,0.8180511398275669,-0.33084899467951234,-1.8289876688651032,-0.4501260278699552,2.2749067671789756,-13.712450031052912,4.0,8.0,-1.6229864730985153
03-05,12.062257935571965,0.5944417338840796,-8.594059708094832,0.33264002596216313,-1.0531719604368959,-2.1499576907927906,0.44620799329430316,-0.9374142495085435,-2.085720433495803,-0.7767346467394675,2.026440914096723,-15.757141224718731,5.0,7.0,-1.3243509425814857
03-06,11.634247430756925,0.2876347487822458,-5.664737071814959,4.571666305438322,-1.2364748738015197,-3.7577705503527965,0.991575419846032,-0.19157004124341173,-1.6198928925656664,-4.8480298757012035,2.4460285739692873,-16.654852190175028,5.0,7.0,-1.1701812514051477
03-07,13.774322219601565,-0.01923123910446848,-1.031690099272074,2.2717802479934877,0.2551078746735734,-3.595560843490476,-0.14873914988611228,-0.02732824220618752,-2.0095849166925537,-2.6126992152883246,4.27770523071828,-11.410342091726477,4.0,8.0,-0.02302168538998058
03-08,13.774322219601565,-0.6776349734389386,0.9025270509540255,-1.816263227171151,1.2755101792567083,-2.8386028370249816,-0.4975143262281594,3.358607598232592,-0.8209820362115261,-1.9276651616109248,3.699864940960526,-11.886116584022439,5.0,7.0,0.212171070274775
03-09,11.88866726230549,-0.3864749042308273,0.639266619399271,-0.823660436987886,1.0714336108882176,-3.5102065728635203,0.9075274165573579,1.91727466563409,-0.3198523833316644,-1.303468089886494,2.2078461629770314,-9.470747082040074,6.0,6.0,0.23480052236841598
03-10,16.48783567222307,0.4975092420278044,4.654953337151946,-0.19007424601517708,0.18017940173367086,-3.594770291238394,4.640043955237829,2.1363977407713,0.4340841323324307,-2.662010126210647,2.869623552700771,-9.929585700579924,8.0,4.0,1.2936822225112232
03-11,15.207204732808968,-3.260872679122282,5.814162538856917,-1.129820466895837,1.47358186499149,-3.1147629832601487,2.9090927586410986,-1.5886109496548748,-0.1599261916658322,-3.613112662843804,2.6862318431110435,-4.709087718616833,5.0,7.0,0.8761733405291586
03-12,18.210528189675838,-3.5573183913797948,11.773229682642885,-0.508470042140266,-0.5431947369413159,-1.9319702978847788,2.5307375494823576,-0.5204120792692247,0.022801190150790594,-4.523361063449182,2.564320671439073,3.148256350194111,6.0,6.0,2.2220955852100412
03-13,17.368423729612104,-1.4822134834323772,14.242958206431405,0.3739877439874384,-1.7978077319081118,-2.348062033720448,2.747657648173492,-8.966747121138157,0.8144810048361212,-3.871087400653776,3.428960215576048,-0.16449311215808046,6.0,6.0,1.6955048054671382
03-14,15.754385161818107,-1.0627771821197547,13.93992862606867,-0.5904736499494645,-0.8077059665620625,-1.0497266853769485,2.458424720414129,-8.966747121138157,1.4033475047580102,-1.6964617116982335,2.2411959978643017,5.904270695425698,6.0,6.0,2.293971699125358
03-15,15.931370175571576,-0.8840804219100157,10.765894181291294,-0.42238810852076913,-0.39082258209280696,-2.0718231607548168,3.8488926728719752,-5.884083263423385,2.4096341448260636,-1.3133915080468401,0.25906433330349876,7.836864707441163,6.0,6.0,2.507094264213078
03-16,14.09660259931688,0.26954061099346827,8.926962479408719,-1.5839493646655738,-1.433036012907968,-1.9873067341989878,1.388888114299613,-2.6896964075531007,1.4679262174812013,-0.98504363103513,0.04172594589755794,10.085735506561841,7.0,5.0,2.29986244363321
03-17,7.140186345465829,1.8814674906699616,7.569011370447111,-2.555444431178282,-2.1784825834532646,-0.5715815864965953,1.9684115267446887,-5.090596590338711,1.0162532986622184,2.17073811261138,-1.9832540939376957,1.7128653140152927,7.0,5.0,0.9232978477676611
03-18,3.018865045511511,2.1825020020879866,3.3303698945050857,-4.206014942808205,-3.7303532411815548,-0.24245731459484648,0.27194217126528647,-5.263152120404439,1.1065896054148876,0.16753564881383456,-3.0933422535615924,-1.2679488126024459,6.0,6.0,-0.6437886931295411
03-19,8.832918495726465,2.822201236004942,1.3357078889024312,-3.849450633810031,-7.089654330549569,0.0,0.6180469599126722,-6.183484851526871,0.364049703377999,0.9602962938332656,-1.9343392761376372,-4.074077841676312,6.0,6.0,-0.6831488629952204
03-20,10.783968988771667,2.63405735782949,-0.12651308965784888,-1.5449725761615412,-8.858657567608654,0.9700905535720821,-0.791099354236365,-8.588229908662685,-0.4818702974973556,-3.5435258833632908,-3.425204100423547,-6.370374891493055,3.0,9.0,-1.6118608974109254
03-21,0.8158972870790913,1.6159667277163292,0.30591716731852564,-2.9124107834638964,-10.212761628712324,1.050928006559081,-3.3621769708286475,-10.970837574274517,-0.6195425234562731,-3.241097334288612,-3.935183565664667,-5.185181417582947,4.0,8.0,-3.054206884133238
03-22,4.377567362055282,3.9888709926040047,2.3716151705226762,-1.9560998885272622,-11.6595761995789,1.3742983773711053,-3.644028793115464,-10.135736473590445,-0.29789429407295337,-1.8109845869962344,-3.739313532455188,-6.2344142023182325,4.0,8.0,-2.2804746723418012
03-23,5.444709594073377,1.9696173789331102,0.3429646862328829,-2.586399662721386,-9.673758432374777,1.0008188649310552,-2.601230363904333,-4.5638039816392375,0.340912558815696,-0.9243570910805956,-3.8105402340862895,-9.455294137480442,5.0,7.0,-2.0430300683584117
03-24,3.208929451851156,4.7080980637285785,-4.430961342997888,-4.6077001171935255,-7.478450195772337,0.13643396910230654,-1.7764649454440684,-4.3693827933395175,-0.4545471884987571,-1.8487141821611912,-3.4238075957885123,-7.737511840366315,3.0,9.0,-2.339506559740006
03-25,1.1103389944923818,2.401075618567507,-4.063245282722444,-7.649300052950133,-11.091956020047308,-1.1560642658330404,-0.8262457836704264,-5.330031596852134,-0.40909160267223016,-0.784024614588821,-2.830936680263976,-4.6412478409431825,2.0,10.0,-2.9392274272903163
03-26,0.9021520875606596,2.228197880930623,-1.7834183334955813,-6.884304625483603,-9.096079406425284,-0.33259125774622456,-1.8881596547251225,-5.330031596852134,-0.7295934572985264,-1.9833832243963796,-3.8061671320037167,-6.83549881065342,2.0,10.0,-2.9615731275490593
03-27,3.0187333140083696,0.23050853518342768,-3.6704101656678825,-6.251393757692128,-6.812448640076932,0.0,0.6535958576322892,-5.821926552823522,0.4282141791363812,-4.2998444872218755,-3.228932570133716,-9.50759133054835,4.0,8.0,-2.938457968183661
03-28,7.182511161497236,1.6101577459309186,-2.708718076328211,-7.58918491245135,-0.8870914236275766,-1.407679113094983,0.38731503774666365,-2.256317575597047,0.24482664056178696,-0.5239569633039087,-2.030772213482749,-6.811420775781077,4.0,8.0,-1.2325275389941914
03-29,8.827539669795959,1.7404501948916389,-3.8389497724397557,-4.6015696344954815,2.5537654393972287,-2.4565260858226017,-0.7837366653773495,-6.610318611841727,0.06771065913849948,0.14751616638890724,-0.9321255921238688,-9.528513380114793,5.0,7.0,-1.2845631343836121
03-30,13.008130081300814,-0.15074775111122296,-4.953273880147475,-4.960716323950433,2.5537654393972287,-3.803133876358806,-1.2300122539520355,-0.5785385152010777,0.8124590367730434,3.20855223761224,-1.990947464472568,-7.5636337742661155,4.0,8.0,-0.470674753698034
03-31,18.461538461538463,1.4981330129178088,-4.180006016174718,-6.0606078769432585,2.291101102642917,-3.340759532601877,0.6630659373025842,5.027930936929094,1.6474825538514968,3.20855223761224,-3.0164491557001094,-3.543516909136507,7.0,5.0,1.0547053960198447
04-01,13.127889456776535,-0.9930721465266652,-4.631894287708185,-2.829160425409719,1.6549121005175818,-2.5221723980868997,1.3209415396726,7.067035846966703,1.6474825538514968,3.2977102820289934,-2.8660089992874638,2.631361011703406,7.0,5.0,1.4087520445415318
04-02,10.581042541572888,0.11241813714540985,-5.592169434327304,-5.468751796122138,-0.16689167543940908,-4.037012938957568,0.48840234240107194,7.402228401274194,0.7741264846659933,3.617329120682146,-2.853211569129874,2.266634981342121,7.0,5.0,0.593678716258961
04-03,9.571868486506627,0.11241813714540985,-5.453180724402255,-4.449487215481384,2.435651929420587,-3.6445279464287057,1.0256458505922201,8.92857105428796,-1.9415247510051168,3.0681645678472957,-3.5971237702861183,5.142580241596898,7.0,5.0,0.9332546549827848
04-04,12.324160833699132,-0.49010770965070866,-6.615976155675623,-0.33661962872278617,-1.4954927046602924,-2.7474163365301076,1.0256458505922201,8.06988279697486,-1.15901716985183,2.2496795703509878,-3.9845044897460697,0.4630724649323214,5.0,7.0,0.6086089434760087
04-05,14.289986779137681,-3.715952900216308,-7.0531430451766175,-2.5974012428838544,1.8058674222580289,-1.8503047266315291,1.0980985065059592,9.700025966037108,-2.972151816918098,0.7043578549423734,-4.58402629094185,-0.39331328960622536,5.0,7.0,0.369336934708889
04-06,14.951050563807971,-3.5087704947959866,-3.4227024754476467,-1.6860371126852212,0.7336296038602499,-0.24834478040702523,3.0382786625451947,9.531813528775887,-3.958288784075396,1.8721077329887439,-4.685484151308305,-0.8395065495997299,5.0,7.0,0.9814788119715615
04-07,12.79878862294506,-3.478433616042503,-1.5402193780962545,-1.6860371126852212,-0.4568813401504071,-0.02753892157078984,1.8134056890962553,10.802553654445173,-5.167102100344026,2.576458517129957,-5.326649730864914,-4.111526446750174,4.0,8.0,0.5164014864260129
04-08,9.164084069316024,-5.558893595877472,-2.490970468701444,-2.479912399483147,0.19858069453679078,-0.58545554899151,1.8531688678288516,7.692298728628379,-6.494434149453153,3.4533381720101723,-5.228999960813234,-2.5310049164314785,5.0,7.0,-0.2506833756192684
04-09,3.3930252161317127,-5.698864995944644,-1.5402193780962545,-1.9648174579788322,-1.5082492558408955,-1.8554957916070653,3.016619214005612,7.997771140399617,-6.72209485421785,3.8595150289447973,-3.2428425739865006,-4.430379746835443,4.0,8.0,-0.7246694545854787
04-10,-2.104932698397377,-6.118779196146156,0.2801077746380961,-0.8247348982126942,-6.0131108611464335,-0.14001466911906876,3.444173398565565,6.964334455853423,-6.368367707902572,2.321331528086463,-1.2461064852090828,-2.2012638140328322,4.0,8.0,-1.0006135977518893
04-11,-2.104932698397377,-7.212120595604482,1.1294145799132618,-1.1580343118326122,-4.507037955270687,-0.5880680197607947,3.2779033335743404,6.597124533568044,-4.850930272548667,1.346191853799887,-1.3244422422971875,-2.2012638140328322,4.0,8.0,-0.9663496340740924
04-12,-2.3622047244094486,-8.284026754408599,-0.6585107508429431,-4.0770083235568215,-3.8309876347931335,-1.0361320528370304,4.614657927801659,1.566057100762666,-2.6647952832577597,2.984811368847663,-1.4726278780348474,1.0066198750410826,4.0,8.0,-1.1845122608072927
04-13,-1.4357024698140062,-9.538464668469537,0.22543477910337054,-1.47224844556492,-1.267607782928037,-1.4623184411748709,5.302322742550856,-4.160606196147345,1.0187511940249965,2.6630950100965047,-0.9539675536276403,0.8120431208871917,5.0,7.0,-0.8557723925886197
04-14,-2.852619802353906,-11.629360800855014,-0.6815611746147712,0.2265057426096399,0.055603161203565045,-0.36161631531660876,4.686403241167511,-4.119000226306703,0.11576577599060148,2.716712130539416,-0.8885589377431101,-0.2277144466538027,5.0,7.0,-1.0799534710277652
04-15,-8.278145486234301,-10.52083174387614,0.41651121161343496,-0.41030387407862384,-1.4676840341085398,1.1637627649399198,5.66689493922979,-3.146459718607147,0.11576577599060148,2.0338391651992636,0.6924217578705631,1.912510200188137,7.0,5.0,-0.9851432534894201
04-16,-9.67213364898179,-7.0833365122477066,2.025747256732883,-1.991203143543838,-0.8372850173859704,-0.3878205270453594,5.050973848199619,-2.0308898829119233,-0.09280955207309774,2.139515730962756,1.3466818347450953,4.975475355728752,5.0,7.0,-0.5464236881517149
04-17,-10.52458716220543,-6.874998410542806,3.6312862853537005,-3.652011243373861,0.7004763508534009,-1.6797269138203101,3.1510672269687428,-8.485392366777097,-0.09280955207309774,2.094240585293987,1.9382994496755155,5.395938563861425,6.0,6.0,-1.1998514322321527
04-18,-8.360653236264111,-4.629819527391426,3.8818724863756002,-2.5467293738735837,1.2686798631312048,-0.41992638873346355,2.8962001955960397,-7.927379704586582,1.7926885989118777,4.00355866451116,1.3174770367795312,6.797476650462446,7.0,5.0,-0.16054622792344211
04-19,-8.041840706772764,-9.381657927566971,2.3942110058544994,-2.9794237272541126,0.6202458785784161,-0.41992638873346355,2.918689772934929,-6.988596297821446,3.278313480495096,1.7860394606102183,1.2534334019490077,6.3819743645535105,7.0,5.0,-0.7648781402644236
04-20,-1.6923053448017045,-6.139239986782186,0.4646840214595869,-3.499644148016384,0.9303688178676041,0.6095905230616696,2.918689772934929,-9.154278537177547,3.595144860667019,1.3711025293995958,1.2534334019490077,4.144140478368994,8.0,4.0,-0.4331928009224512
04-21,2.1805003353167156,-8.717387655506963,-1.0477035558473455,-3.2158916550229253,1.5686312642109295,0.7470959112439854,3.6621618778055094,-9.132698267510225,3.2745512947958333,1.2989377895346952,1.1811031872455413,4.101947597356489,8.0,4.0,-0.3415626563648133
04-22,4.414412453554945,-8.43373131529589,0.5612707816246918,-3.9533216981588883,3.5939680270815044,1.7674659095003347,2.1385448020760043,-8.703647133383113,3.228760949238581,1.5830204455832646,2.3257915790264425,5.2303269894771836,9.0,3.0,0.3127384825270884
04-23,7.353371532251557,-7.360343227479474,0.5612707816246918,-5.206073174330923,3.333330881278106,1.025506451786162,0.39664484652743165,-7.631007607298755,3.3394392918693705,2.4429434769087024,0.7005770601446996,1.8768107993745415,9.0,3.0,0.06937259272134248
04-24,6.507147687332856,-6.790795992336863,-1.7224909586199026,-5.25812799932167,2.872774990364106,0.9470755936954426,-0.3266434616303407,-7.532146650232109,3.6918931338841188,1.2041663844265884,-0.699496354655126,2.069298801573792,6.0,6.0,-0.41977873545992556
04-25,7.936974567757617,-8.333333333333332,0.931966422701437,-4.620854804941063,5.689560051577428,-0.13927363491754835,-0.06999248453027246,-6.553397777336969,1.7680837457016607,3.5677347095698475,-2.0207737099281187,0.14437288572751625,6.0,6.0,-0.14157778016264982
04-26,7.748542300474298,-9.797293523933014,1.7715429208361118,-5.279579696691749,7.105398866912872,-0.5292440630455735,0.02331500203895117,-5.786387061543191,-1.9593909452271991,3.7588743913945377,-3.6449485880397043,1.04911454724934,6.0,6.0,-0.46167132079785994
04-27,9.98573488212586,-3.709333960455257,1.7850485426976692,-3.647709442177153,6.056627151443284,5.374932537667886,1.6058746512711237,-4.451741288996075,-3.730443478992953,3.654946521882163,-3.777148198645224,5.681818181818182,7.0,5.0,1.2357171749699585
04-28,15.853994771451916,-7.262569832402235,-2.4809145022992425,-3.16775514164822,7.079874079380326,5.2755863570400585,1.6315458945758614,1.9970139617923304,-3.730443478992953,4.053352106604303,-1.0481788959699658,7.598848226030965,7.0,5.0,2.1500294621302616
04-29,14.565828156333344,-5.850602552520046,-2.748088902245196,-2.9947291560480727,6.886688520546774,6.525117885705481,3.185289199906215,1.4903129996130722,-4.717206066094061,5.186578011410399,-5.268199156718065,2.1485682896205356,7.0,5.0,1.534129769125865
04-30,12.399765874581643,-1.2521628559498665,-2.824426525074427,-4.016452392617154,5.481990960904706,7.172552895962954,4.258154750820913,0.6259287309929078,-6.096074377762947,5.879352887314294,-6.917688942202771,2.9033374949833215,7.0,5.0,1.4678565418294642
05-01,6.930121122106568,-2.3316101860323615,-2.8440574457444914,-4.824877094439679,5.6397949541876065,6.454125350669342,4.258154750820913,3.3623183982959692,-6.930449225852699,2.7681634865752685,-3.5822654747400167,5.170138947429895,7.0,5.0,1.1724631319396928
05-02,5.441001749167674,-3.223003954591794,-5.95870734496911,-5.068325255968556,4.16107177734375,6.3245265049266735,3.104904682060778,-0.09005937574331337,-7.517868523547616,3.7172127861602755,-3.4084438368731047,6.138370024856922,6.0,6.0,0.30172326940188154
05-03,3.8719012385383973,-4.543452506304037,-7.3852312886809175,-4.219411080440782,2.147648958551804,6.1430861433353146,3.5753756289599052,3.3684760742272606,-6.903304284358097,4.484537072400791,-4.620334336789132,5.526255018762957,7.0,5.0,0.12046221985028871
05-04,4.150944190149734,-3.603600043095768,-7.114226710433005,-2.978408378434624,2.5503376186294044,6.627126806915341,3.126385576756041,4.813295711603535,-9.08183438960851,3.6426098008485535,-4.0617314940054365,4.5810379743390985,7.0,5.0,0.22099472197203032
05-05,4.1726640660127945,-5.573542446489461,-2.5716556902382006,-3.8471064825992434,1.4658005246761934,6.986902644183895,6.27451192238295,6.310960196271951,-9.481035587469044,4.3986277314985385,-3.532403796759146,6.599439092043068,7.0,5.0,0.9335968477928578
05-06,2.364666816066573,-1.925251290473591,-5.319990130013484,-3.821342294495959,2.2353940403396075,7.034268089758713,5.760771676023495,5.4503772019863375,-8.65767776317127,3.770322235700262,-3.3571632943029353,6.7743390168726325,7.0,5.0,0.859059525357532
05-07,6.557371068959535,-0.5662513960581866,-6.380055138627257,-5.84366669523104,2.6631158996483673,7.1151355535100835,4.6030679089046735,6.798619880634736,-9.284820337803183,4.332875626504669,-1.678524726112325,6.00627604063143,7.0,5.0,1.1935953070801253
05-08,4.234970769620397,-4.416753977005369,-7.6693754325925525,-6.56566259849096,3.49190549628178,2.877517328604547,3.0687147668564467,5.276960929602818,-6.271351204324516,-0.18995097675946243,-2.03885474980256,1.3895090693104677,6.0,6.0,-0.5676975482249136
05-09,1.9398882898169465,-6.58959184767883,-9.941159708191517,-5.8958063145796284,2.7735715540928596,2.979378584171289,1.867912229900471,4.272236319718379,-3.976433149586783,0.4483568351525231,-4.5568214248543715,-1.456749308468535,6.0,6.0,-1.5112681617089327
05-10,1.9398882898169465,-3.2474734573117026,-10.431207262368856,-6.9707872598498035,2.975290745627117,1.6552114038755859,1.867912229900471,1.9625019945034592,-2.5672697077712003,-2.473250112129085,-0.365319068521456,-1.456749308468535,5.0,7.0,-1.425937626058088
05-11,0.05569606752619696,-4.434076064264966,-6.764465303510906,-5.920044454616102,4.790724995433617,1.6552114038755859,2.518222615685744,3.0066519541472965,-1.888194587660132,-3.227504309350077,1.1920764312504761,-0.7791680834491387,6.0,6.0,-0.8162391112443671
05-12,2.592089286186383,-8.350876479120979,-5.817009019898605,-4.638650312806149,4.790724995433617,1.5549340236285456,2.42940868683988,1.6253199309503894,-1.0931642899601919,-1.3857234498969508,1.1920764312504761,1.3528714650829177,7.0,5.0,-0.47899989435922247
05-13,7.251004638225898,-4.601358935888931,-2.7065243345102057,-4.638650312806149,2.830680060579669,2.2854278859012087,1.4641568914350958,5.018529617475164,-0.7950302976999224,-1.3857234498969508,-0.42994181859604225,2.304915975626012,6.0,6.0,0.5497904933204038
05-14,5.890415139394283,-3.28017899010803,-1.1916787973941094,-5.4493815698109085,-1.4574923796143808,2.6986119890205993,0.9400968285888959,2.651840072051747,-0.7950302976999224,-1.7068403567705066,-1.5005748098614107,5.9926682816840255,5.0,7.0,0.23270459245669026
05-15,5.616436265919326,-1.1389521244213434,-1.1916787973941094,-5.228758169934641,-1.4157377191516602,1.3231564067647508,1.399219896939794,2.651840072051747,-0.8702100037255243,-2.346666124131944,-2.3251322393876754,6.923901763526592,5.0,7.0,0.2831182689212761
05-16,4.794520547945205,-1.1389521244213434,0.019960359426542375,-2.7020172971192182,-2.905030552209408,0.9414731273985637,-0.34980288924524905,1.6705121274846964,-1.8195402833277863,-5.511241704018911,-2.9979664077173025,3.8046980230016625,5.0,7.0,-0.5161155894002123
05-17,6.182507718479469,4.041493221059602,0.3196161466697238,-4.134362900719401,-3.7150889927334076,1.2468139269261236,-1.7738427468392408,1.4092656658489808,0.4470851912138403,-4.40592015104494,-3.1725978973012583,4.911571042375572,7.0,5.0,0.11304501866125523
05-18,8.311349337883325,3.93245214190471,-1.3731315954407508,-2.144697674404869,-4.888268260599238,3.09612456277425,-2.6386410397267293,0.7120478372372684,0.6234414202318233,-5.019860465292503,-2.309107655442715,3.638525854725705,6.0,6.0,0.16168620532085634
05-19,12.468828404636483,-0.340912558815696,-0.660003662109375,-2.3255754352426568,-3.614783382783695,2.0938396295085893,-0.7532125768390239,2.9977413885583912,-2.1945164628451326,-4.568433966234639,-1.3357672710550919,3.7148972664109636,4.0,8.0,0.45684178109909307
05-20,6.441719137445455,0.5518548383630643,1.4199981689453125,-2.0355503037259695,-5.8342720449024705,2.6938561478857994,-0.04449489972015536,4.015842644603563,-1.5960180266808117,-4.248425999576023,-1.6189653652533231,3.8776374581262436,6.0,6.0,0.30193181295922367
05-21,7.20930454915947,-2.66727938064546,2.5999984741210938,-4.900658209592301,-11.16737357497447,1.3564453576975672,0.8106900456459794,3.4502296370039236,-1.1420131904431612,-3.632782284349644,1.4584154170563175,3.4601346498808105,7.0,5.0,-0.26374070911998954
05-22,5.297155546890071,1.4716099784898098,1.8540874420578595,-3.1184450510150787,-9.770270343036637,2.0718966615115244,-0.10955135348200738,2.485001352741143,2.419157656366954,-2.7280795300509277,2.4861261625185813,4.685150144783069,8.0,4.0,0.5869865556478634
05-23,2.7131762696657744,-0.8235258214613971,1.2370727912451025,0.0768214593674167,-11.219239089053751,1.6974545228776783,-0.26292492000335665,2.928629038730908,-0.17309519584897787,-0.24617441933859127,4.985612099365587,3.438638547381622,7.0,5.0,0.3627037735773346
05-24,3.6838030726220183,-3.652632597870653,-1.1958800640302836,2.0490705378366254,-6.038925853702314,1.023464386812194,-0.9040790765319985,3.7830336063680297,1.8532025180165619,1.0447474681051323,3.4815709143763196,2.027911672041846,8.0,4.0,0.5962738820036232
05-25,3.0887953548866522,-6.079406474743532,-0.8966754217351143,3.2380440648211155,-5.123070938414473,0.10077375211385213,-2.6239025901358035,3.6008832733079332,2.6385865803737865,2.0546757773035145,4.168598924829816,2.516814587918757,8.0,4.0,0.5570097408772087
05-26,3.9540796094217177,-6.734744434303059,-1.4988893953345264,0.7589153714258983,-5.941740646344227,1.2453299651252123,-2.7621818458440623,4.902758650017129,2.8806642504147653,3.952638770157018,3.270544366706268,3.872488892367513,8.0,4.0,0.6583219628174706
05-27,7.006369426751593,-15.242836112820784,-1.3976148599035592,-0.20433719856828522,-2.6838106574983116,0.30173228690858644,-3.250569901142506,4.765811952238024,2.5417647466763147,4.863745631405104,3.7037047581683544,-0.6290692519006047,6.0,6.0,-0.01875909830717315
05-28,8.947884371538008,-12.104599280081619,-1.7824611852419823,-1.7639437578044204,-3.7863808298901533,0.8577198734182575,0.3975271864585139,3.8345597796314994,2.5417647466763147,4.6169840897511225,3.766549352102513,-1.7783554195836013,7.0,5.0,0.3122707439145378
05-29,6.833821923406355,-9.589036931018684,-1.7206446313079908,-3.3728557406166746,-1.7045410827172651,-0.07495946765051921,1.2367437581508827,3.037830715087743,2.824045317461443,5.2396483164936605,4.085240486739187,-0.4337470403211416,6.0,6.0,0.530128801975583
05-30,1.4257665356528844,-3.5294117647058822,-3.076923076923077,-1.0707752353326438,-4.167866412134224,0.9495278954738647,0.3091859395377363,0.34061576339479976,3.615039788561479,4.1204939795344515,2.153268404686035,-0.41205513813489353,7.0,5.0,0.05473888996754415
05-31,3.373497652720256,-6.2545282833410845,-3.437624755044305,-2.3740478224780155,-1.9833245431190165,0.7496232724363737,1.4840687684522036,-2.6308142355005053,3.9980894549695405,3.7094807429197374,2.425953801666013,-6.022443733431355,6.0,6.0,-0.580172473312513
06-01,2.195125672875381,-5.769234648823176,-1.4198798656638474,0.42205182816172343,-2.1845309040909036,3.003661829841758,0.3312023025980539,-4.8635804575283474,3.009872469881067,3.137454674432542,0.9684991011518558,-3.6141833146162616,7.0,5.0,-0.39862844264834624
06-02,0.8113582808481616,-3.0813062196566046,-2.393726515326738,-0.6594566104095251,4.691689104007365,2.551514091404288,0.9475546387280712,-3.2438763759093168,-0.5297404940276345,2.1494156583242443,0.26515036301396633,-4.291170342480294,6.0,6.0,-0.23188286845700137
06-03,-0.12936412700286404,-1.0221067466009115,-1.7540286935141949,-0.36822563903954314,0.19651795879636189,2.593583524091553,-0.2636180375176143,-3.7157131442138733,2.6246091611523976,2.487473902040629,0.056934484871406454,-4.327355092390105,5.0,7.0,-0.30177437077722996
06-04,-1.3744781131257535,1.7352021571945444,-0.08254419373309618,1.3443651852662744,0.6052198493556767,2.459211904159051,-0.5320280658884717,-6.015927232990033,0.9066472289417628,2.3694205104041215,-0.40662576734696726,-2.251955787274442,6.0,6.0,-0.10362436041977774
06-05,-0.7520671434180696,4.207274710252569,-1.6345321863874316,-1.2182410152908245,4.3264014546823475,4.4535441695834175,1.1527387513365395,-7.441726678415539,1.4139488653879824,-1.7534434656262385,-1.4313933591866135,-2.764775296887224,5.0,7.0,-0.12018926616409052
06-06,-1.6597493953714941,4.070457397747994,-0.6850775245979481,-0.7647189410174853,6.851163267397803,3.346170820927609,1.2857499960254604,-6.392423169244532,-0.4162540849905954,-1.8262389209763967,0.5869175283319644,-4.214054110695799,5.0,7.0,0.015161905294715025
06-07,-5.093837975179103,4.502373202674229,-2.592510592304505,0.45766665851933497,3.8957568924874635,4.260954306098869,0.9123272361838077,-4.962496330857722,-0.8791223532219566,-3.277520791934966,0.13973719172879598,-5.010117818527877,6.0,6.0,-0.6372325311944692
06-08,-2.8871452306370062,6.245721291272044,-1.1887641022217024,1.9832254199852497,4.916716203751171,4.856456498441861,1.4823052485253971,-5.459270502483333,-1.3991155408456772,-3.0103356960810133,0.07452413302527085,-6.785472217595838,6.0,6.0,-0.09759620790529804
06-09,-6.802721088435375,8.249535955484504,-1.2295129061450643,3.5087744822467704,0.7293187239886345,5.24184107446305,2.4658718120568626,-5.414849178968302,-1.6936637169401108,-3.687210041555331,0.31598173114510947,-5.831030809809587,6.0,6.0,-0.34563866353906986
06-10,-12.531116426244019,2.5229323683898777,0.1024574545947443,2.1402734463223663,1.1176348579118567,5.910281546019873,0.48351916638047887,-2.56186639652466,-2.528224685472418,-4.113752894540576,0.20469037386659777,-6.465017659378989,7.0,5.0,-1.3098490707229056
06-11,-13.698630136986301,5.022932805855175,0.450814363617418,2.8168975559854457,-0.8885106870565987,4.600715780870335,-1.8222215440538196,0.40756738243788976,-2.9071207212117938,-2.9354551190236156,-0.21448822189577108,-3.3120361864687538,5.0,7.0,-1.0399612273275325
06-12,-12.32876712328767,4.587156123840477,-0.4757049931587919,0.28645991140763316,1.1085826784119148,2.6853636381767054,-0.6444464789496528,3.7151695473555013,-2.6794497158575687,-3.014087098104598,0.03759837931838147,-5.713273928019993,6.0,6.0,-1.0362832549056387
06-13,-8.054790758106787,6.285201518110315,-0.06179731094874705,1.9653435674158743,-7.585812538262527,3.136890332897593,-0.8444468180338384,2.4522401421020974,-2.628991829893373,-2.962698346560497,0.4431047629446341,-5.2992615081888745,5.0,7.0,-1.0962515655436775
06-14,-2.8422430142296484,5.647542911883262,-0.9832026735698987,1.3492486907393129,-2.74012348748955,2.875482049710708,-0.0661578721138314,0.08888527199074074,-1.4907151457658336,-3.2275276381882203,0.6505161151989082,-4.630929392591524,5.0,7.0,-0.4474353487021312
06-15,-3.2460676413717104,1.078553066148922,1.3637328904464328,-0.3632573594258356,-4.845689050773017,2.0373975645920024,-0.0661578721138314,0.7318501203650897,2.3917722247165916,-3.102706503133521,-0.16026979299936958,-5.875350504794051,5.0,7.0,-0.8380160715285249
06-16,-3.6193091593337714,-0.7664663349083084,3.654346059362944,-0.1037906449847224,-4.634417725581827,1.8491846038669355,-3.431043385183805,4.753777207135666,1.889502247258979,0.33880605421277793,0.2066515335290833,-6.317038529169157,6.0,6.0,-0.514983172816267
06-17,-5.355199401321803,-1.2289116181522965,2.7458119197855466,1.0769183819110577,-5.484618223626283,0.98842780119762,-2.128146887873632,3.8144039619859402,2.320021977618923,-0.5577501770079871,-0.03766564658834489,-6.42083666091982,5.0,7.0,-0.8556287144159231
06-18,-1.9125704702813182,-1.686748826360128,3.43225719794037,4.339201389900445,-5.549138925767994,2.3277636778382838,-1.743265767905398,1.3378912792852389,2.1562086480298515,-0.8116897079479114,1.0252572138452507,-5.6140785352953175,6.0,6.0,-0.22490940222655223
06-19,-4.098360826601157,-5.7108407997223445,3.43225719794037,2.727503691733883,-7.572262607299433,1.7164344302584151,-2.3319054487041084,1.3378912792852389,2.1562086480298515,-1.7316070038779319,-0.04659839867337139,-3.858199059957383,5.0,7.0,-1.1649565747989976
06-20,-0.4098402517283393,-5.7108407997223445,4.071397421674764,2.9847041370174487,-0.3942641818172247,1.3167119084573087,-2.8299752135349645,0.9431317954402415,2.8008551513396958,-1.5557174915742533,1.3568054016224285,-3.359909672489456,6.0,6.0,-0.0655784829428913
06-21,0.13586749482916738,-3.4669748893962926,4.557899188264954,5.850934517510206,-0.7885176210339259,0.9405072246942296,-2.993196690468879,0.8874931880406364,3.505446469552914,-2.2868642581219865,1.4668119245168365,-3.4433643835735572,7.0,5.0,0.36383684706785857
06-22,-2.083333333333333,-5.09125591488791,3.8423660353486757,5.195434476807152,1.745984120502738,-0.09503662480950882,-2.1822213483843234,2.136752229641743,5.05263122201663,-3.4577376416475056,1.69600150629481,-2.4941208783318016,6.0,6.0,0.35545532076811387
06-23,-1.6877701876090687,-0.6695846031741698,5.3445639371020075,6.773481898154139,2.159283401734352,-0.09503662480950882,-2.362202967465396,-0.851544822476894,4.842104549296418,-2.5795826040033667,0.96970394735915,-1.595121482847884,5.0,7.0,0.8540245367716484
06-24,-4.8850597707169365,0.6268161870925054,4.953019779368911,7.803120962626227,2.2141281075402293,-0.3588553316190315,-2.763185793959659,0.45415796051966945,4.795319852773209,-2.0753675283359154,1.1158235496411697,-0.9493081889925182,7.0,5.0,0.9108841488281548
06-25,-10.646274215100721,1.298406178938771,4.424436286641779,6.796114527209484,1.7318406287644164,-0.35774272546425495,-7.822151672394607,4.200963841801914,3.2794700762032885,0.6379596108535607,1.745474151233372,-0.3301872278541987,8.0,4.0,0.41319245506940033
06-26,-10.21350528306958,4.5220432636388885,6.277597328056861,5.935301399124411,3.237520521430675,0.5956635518911517,-7.822151672394607,4.0920678684426965,4.05468524339784,1.373002244567548,1.6322007848873037,0.8490580127263334,10.0,2.0,1.21112360522496
06-27,-7.616847666678664,3.6158157607256354,5.019458666272023,4.956839357215503,3.6605647380865367,0.7862802512664926,-4.636226544396826,4.983109332637409,2.918157324806754,0.9537214959677319,1.9705335356504539,1.061322515907917,10.0,2.0,1.4727273972884138
06-28,-7.772316033720138,3.898151195582637,2.616451288131391,4.9707623538466255,4.4370555404455745,1.1675045609126502,-3.72377564221862,7.5757556991846915,-0.023928556012031445,1.2086678115279126,2.2099461874769877,-0.2150027503000907,8.0,4.0,1.3624393045714658
06-29,-9.09622911748833,5.542988055768801,2.114623966582634,1.730017223766753,4.048815428640905,-0.048240371937592064,-2.34883330589117,4.225733980819602,1.417096060365557,1.4575181643942132,1.2062592790053461,0.2852363507374326,9.0,3.0,0.8779154762303462
06-30,-6.086952098901721,7.054874396931838,5.100876015370892,1.218323559566069,6.813903908466995,0.0,-1.353823572972407,6.016647572687486,0.4959827201602593,1.741911787191134,0.39918334599232985,-0.5235637823177186,8.0,4.0,1.7397803210145966
07-01,-5.444119278254936,5.798704494520387,2.702706431097363,-1.0972629879031284,6.105834716872867,-0.63890314360496,0.5412757727579512,6.17781161788967,0.28341741013768984,0.1264673834759725,2.0182640040846174,0.07118837145556321,9.0,3.0,1.3871153993774215
07-02,-0.9817628587393588,7.487222967241318,3.406929737982433,0.14777724346958568,4.28571487326876,-0.525438801804179,-1.5071930431910139,5.721195525932839,0.635444686038919,0.7896669629697786,0.21040685452013794,1.1627906976744187,9.0,3.0,1.7360629037803033
07-03,0.2805113170774091,3.776931818788567,1.9891827029333669,-1.603349029359977,2.8867138835860997,0.1423520073995169,-1.5071930431910139,5.160767181934289,2.0190274513900377,2.1131810565030853,0.2579207678645753,0.8604626322901692,10.0,2.0,1.3647090622680107
07-05,2.9218998526310296,-0.09244491588667554,0.8789077270193737,-2.9666272937104647,4.547888481441296,0.8303731343958978,-0.7023139501078383,4.541751326766652,0.44247469209464946,1.7352436390436519,0.22082983354398036,1.5591606136538818,9.0,3.0,1.1597619284071194
07-06,2.200823303005352,0.4825346559370126,3.0740017237798742,-1.8541408797380168,4.226864060746125,0.6417885897843004,0.0,2.7601435623376607,2.3892339705732963,-0.9481194361891371,0.3680544026092136,1.2965908228750065,9.0,3.0,1.2198145646433909
07-07,6.072874618980699,-2.9262594433530658,0.9695785861745213,-1.6316435969435268,5.491028966220073,1.8548976583634529,1.705944634227896,2.6286684531919535,1.6005623559201871,-1.6279066593421099,-0.8569282448910559,2.7080646752441666,8.0,4.0,1.3324068336494328
07-08,9.052743919406689,-4.882677033288429,2.2813630856521536,-1.5061743465470678,4.761907178135807,1.3411757525275736,3.5763356185078923,1.7155477098938512,2.2268593618208894,-2.1211581566050373,0.055378955715144854,-1.0245420363811233,8.0,4.0,1.2897300007365287
07-09,9.088518813261418,-5.190809463596042,4.087448238690401,-3.8131368545816153,3.682792752116362,1.3630975951986466,2.728103291720032,-2.268953261407887,2.2268593618208894,-2.860767416531321,0.5625236044062063,0.3333318801153274,8.0,4.0,0.8282507117677014
07-10,10.1917549230838,-4.764167342157758,5.115662026850534,-4.510309367038479,3.81435113671156,2.6303492212750084,1.4213639318353446,-3.73280375101537,2.520814316088944,-1.8895073651734258,0.513013163430907,-0.1666659400576637,7.0,5.0,0.9286545794861167
07-11,9.377461842505808,-3.853381900212148,6.226763051352278,-7.042255483030319,0.5091067209610447,2.583377739585017,0.0916944103839688,-2.4674227811988194,2.6548659201384854,-0.46428271702357704,1.2648920923177729,0.17976306733630953,8.0,4.0,0.7550484969263184
07-12,10.24973664793884,-2.125697804045819,4.9229663406374184,-3.483867029989919,1.2593816306175045,0.7515347481457777,-0.22999606686108054,-3.236705784940824,1.0747642352160203,2.2775440138212732,-0.366637517390789,-0.5383662941771895,6.0,6.0,0.879554759914268
07-13,11.059553529966761,-3.5482435804579397,3.5078049966018017,-4.774189610635081,0.5894995243894287,0.28315890409995464,-3.2456829573493153,-5.82717231176074,0.9557105660352527,1.6242905700197534,-0.19248312319865246,-0.7558252745830236,6.0,6.0,-0.026964897239316582
07-14,8.877278796109406,-7.039236951671278,2.7970746492637475,-4.619357201360887,0.7490705885318258,0.5647098316865808,-5.621726145988048,-7.368717757121875,-0.4428872259931506,1.4124280467537491,-1.3819308736661695,0.7302741289033361,6.0,6.0,-0.9452516762127301
07-15,6.626502773898359,-2.999087372112013,2.5342637079358377,-3.5504453013357384,-1.8111961368965708,1.874851819522151,-4.660613661156599,-7.310706029943878,-0.2097905580110507,2.3776234129575795,-0.5889384378689948,-2.8954272743819764,4.0,8.0,-0.8844135881160745
07-16,4.010491566969564,0.9386443327554813,3.8858638577738795,-1.8848956590682704,-1.0456826266363688,1.7024242631820623,-3.372362063184786,-6.672466363822284,-0.2799224389361286,2.64993103484968,0.11041842679890206,-3.3090723840700944,6.0,6.0,-0.2722190044490304
07-17,4.718225372905391,0.366300014409914,3.5781502180412055,-1.9662279556260394,-3.459728654985086,1.4754123111445707,-4.098360582510516,-6.240970266744459,1.1496895394408895,2.95609354702934,-0.4065063286124795,-3.0342506555443127,6.0,6.0,-0.413514453420965
07-18,2.883361061131746,-0.5080859690058044,4.602193944987046,-2.4050652226315266,-4.008794543034418,0.25761266600968113,-4.332549042309995,-6.240970266744459,1.649109535546206,0.30318917401565815,0.5741829295305535,-2.6716377678713297,6.0,6.0,-0.8247877916980535
07-19,3.7662357478946835,-1.4452189040384038,0.13265054807085983,-2.9224944611756865,-3.2125262011688354,0.4683858533160484,-3.3402890427313334,-6.558822183048024,2.752089263051806,2.574426349016629,-0.33338856247953197,-2.6716377678713297,5.0,7.0,-0.8992157800969265
07-20,6.792454749533215,2.6905762091863727,-1.642509128736413,-0.6353240398838006,-2.141687625506898,-0.5441200372499273,-2.8393341433547747,-0.6124755899718486,4.263820166542095,3.2749544340746137,-0.426003954595296,-2.6716377678713297,4.0,8.0,0.4590594393471674
07-21,6.935287178695601,8.182811912514854,-2.6051688191266655,1.397710948889259,-0.05379359225257358,-1.4561962741453311,-1.9635347745601235,4.143118581363586,3.9751213621019668,2.6795075659945984,-1.8215985365317033,-0.12381947873511807,6.0,6.0,1.6074538395173625
07-22,7.484815836805496,6.911635527212521,-3.820917703390281,1.397710948889259,1.7951433104582235,-0.40112827904862525,-9.350713460287192,2.9593718813796377,4.641350675649606,3.674811895216884,-4.209114919829035,-0.1953846985478922,7.0,5.0,0.9072984178757166
07-23,5.2034541308280495,5.336838093305556,-2.7016625513773316,2.2670063188489182,2.3697911751353273,-2.5777006812511067,-11.088401175948187,4.4121589196596185,7.952846254703363,2.764657548327829,-9.007393975871487,0.5202948006557354,8.0,4.0,0.45432407141802367
07-24,4.340316534271739,5.686794005685666,-10.072394829937096,3.8615869465424737,3.665467016311129,-2.1204845014824754,-7.843637564379109,7.2807957665620275,7.873850966711891,2.1663201294651167,-7.699896532459134,0.734999560452681,8.0,4.0,0.6561431248120758
07-25,5.548705406493866,5.974709206280111,-7.710992481394584,3.9176835093472846,2.934295774264233,-2.4096385542168677,-7.256004590891743,9.50076337672819,8.055854052548419,2.4625457425363777,-6.847681876865765,-1.2689084975326197,7.0,5.0,1.075110922274742
07-26,5.080543530566267,5.686794005685666,-16.098078872970927,2.3690697865120294,5.375226655532642,-2.819272696253765,-8.672012377670246,10.300868918369,7.602840310348584,2.2723356297555117,-7.690015087919109,-1.2689084975326197,7.0,5.0,0.17828260870191948
07-27,4.393415067139526,7.215358516732566,-10.404146026453207,0.7730612727923414,5.634895516814238,-4.098551894817475,-7.668627173773198,14.317669368815045,7.905478765821247,1.9989717979614396,-7.699927025157721,-1.2689084975326197,7.0,5.0,0.9248908073618488
07-28,5.960586847036083,2.172455067310395,-14.563107275545592,1.072320003835626,6.267733496219691,-5.358020170235339,-6.381892206146114,14.033775327207914,6.57357166218286,2.3235958290035477,-7.5358160067657805,0.3055900408587899,8.0,4.0,0.40589938458017355
07-29,5.381939943873239,-0.8148974805679147,-15.792880120397939,1.5144007667276738,6.652967203402635,-4.713065370495578,-9.012006022488892,14.033775327207914,6.208376878656486,1.26080023781572,-8.636544692701428,0.0,6.0,6.0,-0.3264277774140069
07-30,4.702973896329751,0.11641265697878646,-13.851137421778128,0.5016322254764746,8.693451233862268,-3.5904888365043943,-11.741831426380301,15.548928421551922,5.803664973604928,0.06991944794175042,-9.090905595740226,0.0,7.0,5.0,-0.23644836872143093
07-31,1.6089146072495488,-3.84167097059841,-10.05213684699166,0.7537669417370157,7.937318238986918,-1.1002130336367604,-12.28615251115438,15.674602536357416,5.354435646025527,1.7005631226051976,-8.088089797437668,0.0,6.0,6.0,-0.19488850557143791
08-01,-1.3613841987313677,-3.1690930982922105,-10.675335822167263,0.7315865791942328,4.9347999873591215,-0.1913370335561052,-10.88646124651409,16.276780376769217,3.9020142973824647,0.4359198023567713,-8.673469387755102,0.0,5.0,6.0,-0.7229983119961942
08-02,-0.2693452740954315,-4.694835848914343,-7.677899544879467,0.3545282309320448,3.144974490004946,-1.3633094381774828,-9.551855608479412,11.111115306659276,1.76701869675993,-1.121821907462318,-6.183670978156902,0.0,4.0,7.0,-1.2070918229840966
08-03,1.277721275664944,-7.4100095233679015,-8.751307524472118,-0.531777856538216,1.8153901135065056,-1.1455835913033476,-10.399996849798406,7.028517772548816,-1.6561389111761415,-0.17528885215723064,-2.1836728465800386,0.0,3.0,8.0,-1.8443455661394277
08-04,-3.443948689347444,-4.574565288559328,-0.49885233989768907,-0.9875902078299739,0.9798794878272183,-1.1455835913033476,-2.6241329709092582,6.078430364242823,-1.5689719552830026,-0.33304547580575866,-2.6866312928327107,0.0,2.0,9.0,-0.900417663308206
08-05,-1.8844221466758797,-3.9909346873634908,-2.7021393069382613,0.5486219809904578,0.8776461999403474,1.5183942613922785,-0.4878013427146482,3.7745121184426127,-1.4382215214432705,-0.9523825542526305,-1.5618670784579554,0.0,4.0,7.0,-0.5248828397567035
08-06,-0.37312862769874405,-3.6734757429361222,2.5150676971978974,0.2999973297119318,-0.7542286340000935,1.960788554574951,0.30967466292844575,3.8725442301533888,-0.5616727508985428,-0.8279042045328172,-4.562351283700005,0.0,5.0,6.0,-0.1495573974333092
08-07,0.34825718157076135,-2.766442773051455,-1.4054087046030252,-1.9206523681876035,-0.15604046138688105,2.497619443849091,-0.6193591702368951,5.947240999670199,-0.3665333441792176,-2.1460004458196886,-4.202816478862543,0.0,3.0,8.0,-0.3991780101031049
08-08,-0.9950191631598181,-2.6733129168382157,-3.1903206569840066,-1.6476494261370673,-1.8922502894608384,3.663180023762914,-1.4967789188508063,8.385891234349902,-0.6721625769091053,-4.57387440193018,-4.838175716824738,0.0,2.0,9.0,-0.8275394007484965
08-09,-0.9950191631598181,-3.117176127650965,-6.5121430742233155,-1.6145292621159162,-2.3127492398426037,2.592769098121743,-5.583897533032718,5.894737912897479,-0.8667339067309598,-2.586823059345377,-3.7759329170459273,0.0,2.0,9.0,-1.573124772677365
08-10,-0.8194636518654456,-2.998853742829733,-0.8924681316245129,-0.5802208521133256,-3.9947450413696655,2.962085254504936,-6.096579861979374,4.710063144300111,-1.4223144427357606,-1.364281496277878,-2.925310840443483,0.0,2.0,9.0,-1.118507471869511
08-11,0.6162188855818359,-0.327024959489449,-6.911933989489636,-0.4036323155289746,-4.131578144274259,2.0803417939585485,-8.204412550859555,4.0685204238334975,-0.9409196892716118,-1.0630799139219482,-3.3972511122688953,0.0,3.0,8.0,-1.5512292976442037
08-12,1.4634109124904724,-0.4414466140042284,-6.309926259390237,-2.9754144004668044,-3.4780281327925584,1.4582849238574251,-9.540035473867267,3.3785348802931243,-0.9409196892716118,-2.057615921341201,-3.354167938232422,0.0,3.0,8.0,-1.8997769760604424
08-13,-0.8893295810834738,1.022310483379921,-7.157197343099428,-3.2961341759659417,-5.073040557778628,0.47606987915463544,-7.427787830202204,3.8543872922564804,-1.5631944689406878,-1.4405146361109165,-2.7989310682871635,0.0,3.0,8.0,-2.0244468338897836
08-14,-2.4703557591610457,0.604094169841576,-8.000003086047242,-4.45322422327689,-3.547789611721998,0.16678506740118018,-6.602480403369359,3.4869814227791807,-0.6545913704442806,-0.3499509062158663,-1.449276964796188,0.0,3.0,8.0,-1.9391509720842441
08-15,1.7292509161445861,-1.0153490452627751,-5.279298503518996,-4.887118401105928,-1.5981153775581247,0.16678506740118018,-6.932601275231856,3.1631912516275085,1.0576336263780417,0.2273540878303686,-1.7210742142626947,0.0,5.0,6.0,-1.2574451556298907
08-16,1.6563707565030037,0.39581369178754877,-1.7075839441055891,-6.847854458876059,-1.4933286268408388,-0.42887848448997157,-6.289306142340697,4.3311828993487715,1.6923755577605473,3.010602718262221,-2.8476015952094857,0.0,5.0,6.0,-0.7106839690167125
08-17,0.9215510149944497,-1.3914710196680733,-3.1296871097908427,-6.581405012103741,-0.7335672188267162,-0.42887848448997157,-2.5864332489381656,2.36899176065573,-0.08648846600506757,2.8908632452542387,-1.0535042014191631,0.0,3.0,8.0,-0.8175023950281103
08-18,1.2406948125700998,-3.7647022920496322,4.34332686741469,-5.435654095072037,-0.7335672188267162,-1.1276420759640944,-5.043146816456282,-0.1200461830222989,-0.28108339051941034,2.754020929807351,-1.0535042014191631,0.0,3.0,8.0,-0.7684419719614578
08-19,-1.8495047369124873,-0.0907050270099606,5.997927203108059,-5.435654095072037,-1.3442334071974502,-2.6181862571022725,-8.14958978432003,-2.7851135772260474,0.28108339051941034,2.754020929807351,-1.6365899743896475,0.0,3.0,8.0,-1.2397121113162595
08-20,-1.7206485255548516,0.34013087612613585,6.308168217819142,-7.497957670644999,-2.890023714004452,-0.5741667053764143,-3.529740060927014,-2.6410526622372825,0.28108339051941034,0.5075269839430218,0.2143271273616333,0.0,5.0,6.0,-0.9335293952479725
08-21,-1.8977732573701505,1.700680330953112,6.308168217819142,-7.757443608959881,-0.5549658658188308,-1.053645735371992,-3.0294612741958415,-2.6410526622372825,0.45327625916291514,1.8586666338463116,1.1282035632011218,0.0,5.0,6.0,-0.45711228324761466
08-22,-2.6568806298034224,1.700680330953112,4.931798979150204,-8.543260933123824,0.9901017653460125,-0.143681455226679,-0.6114542065095615,-2.6410526622372825,0.021660142041293292,-0.9660055207334592,1.7004749184638912,0.0,5.0,6.0,-0.5181349393066429
08-23,-2.6568806298034224,0.23015486090314646,2.5662839024634936,-8.536930253923213,0.3647717190001254,-0.16763293183703898,-0.6114542065095615,-0.8834740268582907,1.3385123833540182,-0.6845632851835738,1.6594987717706928,0.0,5.0,6.0,-0.6151428080519686
08-24,-0.4954192921255757,2.7045423334295102,1.752471029610558,-8.19993855348741,1.9020310628463721,-0.9167697493868185,-0.1383104701247485,-0.358160714794856,2.217443653555195,-1.2970658304340557,0.4507297982243398,0.0,5.0,6.0,-0.19820389439062414
08-25,-1.3597014256782403,2.778404177812973,3.8045793026195494,-6.5711881844440905,1.5171279709711813,-1.6772057648106506,0.6768129440663813,2.514556022980537,1.3347662469349997,-2.9544284884431584,1.320068041677503,0.0,7.0,4.0,0.11531590364058207
08-26,1.7475757460441266,5.023551627722505,1.3186269299330289,-6.272757591418672,2.283927540352843,-0.815935127257281,0.5199847746186295,2.840515015207719,0.2583399998143979,-2.3459909916033492,3.8107478181124534,0.0,8.0,3.0,0.6973821451272002
08-27,3.136967459881962,3.6779533169686616,-1.2754002896564225,-2.985080961647436,3.6725291005661633,-2.2660825643985936,-1.9799193318131278,2.7008144978033295,0.579391956882459,-1.6723046730415396,4.498272845397544,0.0,6.0,5.0,0.6739284464119167
08-28,3.8553564663917026,3.2967060230382232,-2.6286898316135185,-1.6194394093757127,2.9494116656598894,0.9034737415784847,-5.660900013233361,3.0394375985426616,1.1310259760854466,-1.1856344072607645,6.614066504298637,0.0,7.0,4.0,0.8912345261759741
08-29,3.496166530542746,4.1351725862180375,-5.49425497656508,-1.186299878400759,3.2142911012943394,1.9258234589725514,-3.4021226992142104,1.9014027878095165,1.414990898704034,-3.085875556783697,8.222608189236016,0.0,7.0,4.0,0.9284918701511246
08-30,5.176472383386948,3.513089601855334,-2.302638348450172,1.7089435957549601,4.668371927137319,0.6181695856899699,-1.8122012501146922,2.9719033860376234,1.637601978450287,-0.38650953580521075,6.558833091973357,0.0,8.0,3.0,1.8626697013263105
08-31,4.7281324729853145,5.492553154670589,-5.33768380565491,2.242991015955213,3.469389244597508,0.0,-2.743146783821244,-0.9697006687973485,1.0888093934069425,-0.19325476790261786,6.123628512397362,0.0,6.0,5.0,1.1584764806530674
09-01,6.844460194213742,3.4799741746072588,-4.4269130188015335,2.483311845739961,2.974358583107973,-0.5049268663193051,-0.307952426070486,-2.1584524361899025,1.4517512872770806,1.7919829161605771,6.087458787711104,0.0,7.0,4.0,1.4762544201197059
09-02,7.121031336371404,4.442490441024981,-3.331142717911964,5.068886667697951,3.8617897210192527,-0.4324851268505854,-1.0674187764122256,-2.722591606300025,1.1101632281590461,4.083729072182895,6.519657576983355,0.0,7.0,4.0,2.05450915133034
09-03,6.312372269833377,3.2329034115658213,-0.04383181524325571,7.777773068274799,5.043910661222514,0.8076013418311382,0.7140849289283445,-2.722591606300025,1.7603431690222173,5.51047723113849,6.519657576983355,0.0,9.0,2.0,2.909391686438065
09-04,6.126710095845485,2.639104312126306,0.6528818978878355,6.6700754896689585,4.193710053879044,1.026743777958375,2.6091754103837927,-1.2083131635906792,1.3628607370651624,6.081987405987305,6.224779848723968,0.0,10.0,1.0,3.031642988827963
09-05,4.386167052577576,1.7532199100100738,0.9761322410776369,9.71094865546907,6.619441073221395,1.7669571623535132,-0.3570477029938092,-4.464956120514728,2.7299438601837465,9.193526334671306,4.99710604107302,0.0,9.0,2.0,3.109286542260733
09-06,4.408347513799734,2.208968389414944,0.3275059250662001,9.042280664371436,5.88666323461923,0.5014395745319062,0.24570065510105765,-3.9980148796873496,1.3171849073815487,10.354793174086515,2.537145272910925,0.0,10.0,1.0,2.7360012026330125
09-07,4.849881088043303,4.177489769056415,-1.5364287250714281,6.138563297111197,4.225695164307312,1.5591864719107442,-4.310597170568265,-2.775783254364811,0.8721545672217277,9.760799071587579,2.421379555814105,0.0,8.0,3.0,2.11519498625399
09-08,3.0588217342601105,2.3861649415628134,-1.9428378077228647,5.629136981548272,4.061658651322023,1.791190503804358,-4.340378177884059,-1.1262307702153058,0.31907618918789304,9.279182066207564,2.100269236696502,0.0,8.0,3.0,1.7680044623972757
09-09,3.9337539709005545,0.4206301403828919,0.8262593612571383,4.436423008498303,4.4590686896459415,4.357956044126028,-3.881808038291957,0.046927400903138655,-0.7232507226705251,10.542979326357175,-2.171718713008996,0.0,8.0,3.0,1.8539350390083078
09-10,0.4683858533160484,1.06265123244202,-1.8311739999495529,3.6911929778634702,4.723829956167961,1.6140318753426535,-5.565212083899457,-1.0558441441038906,-2.3562477132224946,10.571293638788417,-3.9068830881811407,0.0,6.0,5.0,0.6180020420470028
09-11,0.9367717066320967,0.44276501294985593,-5.384788517928857,3.4617336797075966,5.359723573503933,3.1286262829184492,-4.608696094457654,0.5541483972678982,-2.091413073883495,10.012696489140795,-2.5473952035454386,0.0,7.0,4.0,0.772014354358765
09-12,0.7728379980290268,-0.5140803165124448,-4.109587370808699,0.5312105042067041,4.78515412178235,3.6152985356336917,-3.5362354223278984,0.5771006504182166,-0.34144226489140245,11.27046482456732,-1.4858226761707831,0.0,6.0,5.0,0.9637415486605067
09-13,-0.14180467181840295,2.1327519607501957,-12.005861489997665,-4.057343658295588,3.9062463620211116,3.5457764539742262,-4.018640250388107,3.214450882728325,0.8047459938409188,7.108707012834918,-1.9550341547772168,0.0,6.0,5.0,-0.12216712992727378
09-14,-2.417210601446929,0.695500340139031,-9.661140107658603,-7.113868451660121,2.709962488188501,1.7933037212739602,-1.50611712042487,6.854009523931539,0.29604437923044485,5.7060913855273165,-1.9550341547772168,0.0,6.0,5.0,-0.3832048831397457
09-15,-4.777145032138894,3.746825560699496,-10.589654889702915,-5.842574455211269,3.627569662278888,1.0931627356309583,-8.206677273611641,6.061289932325294,0.6978258081325892,5.132293807075674,-2.6574848604199857,0.0,6.0,5.0,-0.9762140837451505
09-16,-6.790586820527704,6.514521452171319,-10.950660218068482,-4.458094032188043,3.0413626433272776,0.0,-13.532897392850066,8.989782413301368,-0.6978177415282655,3.860441601581334,-5.888327971327715,0.0,4.0,7.0,-1.6593563388424144
09-17,-6.947889057242515,6.078838711199009,-10.228640380356998,-8.603947804182638,0.8415845043225996,-2.2211369790056295,-11.168437693375918,8.581155152703502,-2.6071947607216694,3.4706444939088885,-5.792679735622875,0.0,4.0,7.0,-2.3831419623645202
09-18,-7.444168875420598,4.149377527682079,-11.571254782659361,-8.799996211610972,-1.8914841109030478,-5.272327268966996,-6.31258867434355,9.403825047087267,-2.2766269916860735,3.060577645330094,-5.905196741808841,0.0,3.0,8.0,-2.7383219531083327
09-19,-5.459059068458483,2.284259822845727,-13.36633046343471,-10.529273129421012,-2.688441495817605,-5.521017834492795,-6.282244755370265,11.649848968793133,-2.148432778712136,1.1897207949044746,-6.934378759867285,0.0,3.0,8.0,-3.1504457249192463
09-20,-7.323236458642997,2.53164709769953,-18.738604747344645,-9.830031999151041,-3.1155821664241268,-6.714749625503163,-7.3903704455837955,8.315052135309767,-0.7501038904107618,-1.13672605648366,-2.4632552119257185,0.0,2.0,9.0,-3.8846634473717176
09-21,-7.59493670886076,1.551726717727688,-19.892906582911525,-8.980175785144162,-3.7185918859470846,-8.853378591012177,-7.555279424805536,5.03565526391233,0.857268596628792,-1.1687472829595293,-2.2562618952656477,0.0,3.0,8.0,-4.381302298219801
09-22,-11.461541591546492,6.26686147297346,-16.599298696033497,-8.83852407738627,-3.199996948242205,-8.004028043834166,0.4039220723161387,2.6084996977064963,0.6000831123286247,-0.8965760190512555,-0.8780892269897986,0.0,4.0,7.0,-3.3332240206465804
09-23,-6.1660851988232865,8.413504450428222,-18.027481855774635,-9.334088890915266,-2.686562178757677,-7.981813173106413,0.0,2.5860164027689003,-0.428634298314396,0.28481060601716573,0.020235421097120083,0.0,4.0,7.0,-2.776674892948355
09-24,-0.5943889487334997,5.936535929920144,-10.42845289203595,-9.61483311052814,-5.207008617417809,-10.584318348703409,7.0384368456397075,4.160112970622285,-2.2920742317915086,0.48950160165478224,-2.4271860766015143,0.0,4.0,7.0,-1.9603062398312427
09-25,1.6405193030840197,5.813715949433277,-7.927306359663731,-7.879655815948407,-4.383275566855337,-7.291141944595513,4.737412195610312,4.160112970622285,-1.0131520303662733,-0.8489245564312298,-4.494383511031708,0.0,4.0,7.0,-1.457173280511859
09-26,3.4474577165854163,6.312364590288625,-7.1372537051930145,-7.15942382812502,-3.271722099501098,-6.53165020520174,10.936646591830149,5.014486413105622,-2.0752333203675555,2.6532123362994655,-3.5466730841079923,0.0,5.0,6.0,-0.11314904953226206
09-27,6.342250833233333,7.961598766354874,-6.473896266008941,-9.436165893753046,-2.6473464894020204,-6.582274618028086,10.767554979701007,2.733332316080729,-3.366122219731899,1.9014431173094049,-0.3872780705065681,0.0,5.0,6.0,0.06775803793739893
09-28,4.514456205157365,5.633239347709659,-6.9498091865769,-5.258542977307196,-0.8991024028971882,-9.892970412348745,13.58024221273686,1.6082225002038566,-1.4204579320822137,2.297576848227154,-0.28536360727590215,0.0,5.0,6.0,0.2439575496288956
09-29,6.597227403901639,4.365080746693651,-1.8610422188551494,-5.90125762424039,0.3699080493312332,-10.935435119238186,15.6052639609889,2.0277676671902465,-1.7482584814286666,0.07922553727933047,-0.26492983273636855,0.0,6.0,5.0,0.6944625074071866
09-30,6.777701448534898,7.020648578074351,-0.24814464196415073,-4.527104039817168,1.1983317952642898,-8.904844189081224,11.614801926340359,-0.46286732226993854,-0.6993083943600166,-3.056059468133087,1.8943185125312851,0.0,5.0,6.0,0.8839561837599664
10-01,10.508478024585099,6.784654969061581,4.789082733780585,-5.685133546103709,2.1193640634695012,-7.312510740607089,9.79253323957165,-0.46286732226993854,-1.252479741911538,-4.162537858695915,1.864849258260546,0.0,6.0,5.0,1.4152860899283979
10-02,10.734463276836157,8.75122336632304,5.724820116407295,-3.5568549499701674,1.4851541241502622,-7.411436919512488,9.93084370969638,-0.021948949522606162,0.130033722122698,-3.7183319868711027,3.7457607189841604,0.0,7.0,4.0,2.1494771857203023
10-03,11.864406779661017,9.99029638681195,6.185825182410591,-1.0014262274129475,1.6715838251585846,-8.256127292391342,4.121719545157256,0.0,-0.6254063450666316,-0.17642439942836438,1.4489785186245463,0.0,6.0,5.0,2.1019521644603882
10-04,11.744735885943383,9.692486256732982,9.079851973409296,-0.6011997785226088,1.179939868818676,-7.87465757375904,6.222941812860608,1.9659190370897548,-1.3906983556765007,-2.464332766282628,0.563491219632204,0.0,7.0,4.0,2.343206465020511
10-05,10.241658653168697,6.226893950078623,10.685917468678856,-0.343541170444799,3.2202590055643014,-6.424729410300113,5.248774979591683,4.0353882730410975,-0.903083333991554,-2.675099736892266,0.5031193538122216,0.0,7.0,4.0,2.4846298360255616
10-06,9.982092779788987,1.3131343957149622,3.137753873207038,0.08588256236696885,4.045819880086665,-7.173799741191286,4.246458038116924,4.978628321242168,-2.1806119614450235,-3.129053656982275,-0.14178589495369914,0.0,7.0,4.0,1.2637098829959523
10-07,6.5333302815755205,1.6422985976613684,2.423471286861823,2.7584226263739393,3.7408374985659734,-3.5562636457936176,-2.639613514690592,4.123932343245472,-1.894266006057486,-6.4959000466283365,-0.14178589495369914,0.0,6.0,5.0,0.5412052938466971
10-08,3.601598373436137,-0.1201709852278848,0.30611971823790185,-2.6470633114085476,3.988248828032955,-5.249137449452444,0.6199448832774372,3.846152278641795,-1.0705655644939285,-6.478069673840839,1.9627469181784496,0.0,6.0,5.0,-0.10334966538491398
10-09,5.4468670250627484,-0.2603666479484589,-0.05120444715946186,2.5148330177953095,2.815533558085663,-2.2690931916511694,-2.6145586539032992,4.902788904873929,-1.5364287250714281,-8.119436819885111,1.7817805326416893,0.0,5.0,6.0,0.21755954607003422
10-10,3.9573116883326156,-2.7715095754307013,0.05114231162858311,-0.5877189835843584,-0.39613728603599774,-1.3080664453884219,-2.4258802234363905,3.557650777626776,0.6082962996358332,-6.767044423443138,2.406521706143892,0.0,5.0,6.0,-0.3062861794959423
10-11,6.0869548631751025,-3.536717586630727,4.002971825346271,0.08642690892577638,-1.2379301994447296,-0.42712186685139875,-1.4144616013623987,3.6582757010604134,2.3682539698042477,-7.9379081125605575,0.2585466518975139,0.0,6.0,5.0,0.15894087944662622
10-12,2.92134660013606,-2.3558078957568016,-1.383645879397602,1.181215379505768,-1.6340674854807273,-0.13308287853790443,-0.1845496816794564,1.0253080696741317,3.600933691817381,-6.791325422619561,0.8154332883176789,0.0,5.0,6.0,-0.24485351783508605
10-13,3.9119850423851936,-4.329086423865446,-0.568321065724754,1.181215379505768,-1.3079930239618907,0.2651174061030299,0.6396633143354038,-0.9078827475585219,2.2664683659698293,-7.2146767536892105,0.8154332883176789,0.0,6.0,5.0,-0.43733976818191
10-14,-3.629974729194467,-7.39583174387614,-1.0625161655685842,1.181215379505768,-1.9369226978652756,1.0301093062893347,1.3642564234190968,-0.9300309678071143,1.7792844077053986,-5.539153704214123,0.9336535941169559,0.0,5.0,6.0,-1.1838259081240958
10-15,-5.189241590753324,-7.041668891906723,-1.507290812829279,1.181215379505768,0.0,2.729919935842716,-0.5440717412174011,-1.3728940079265781,1.7376556869829924,-7.689582314295267,0.35735618223698884,0.0,4.0,7.0,-1.444883514530009
10-16,-3.427761244799058,-7.062498728434245,6.338346421820972,1.1315352997100598,0.318551981721609,3.476907422822658,0.4896531520597965,-2.5997307825643876,2.2966712465540176,-11.37906213643083,1.7790107198346679,0.0,7.0,4.0,-0.7198647206420618
10-17,-6.355634587764329,-6.95109303979297,5.476293841589821,0.4275983980882349,-1.4589519599989147,4.15153671720268,1.9858530347339631,-3.1778225858799107,2.50000060614892,-8.802261067820542,2.9582330577203484,0.0,6.0,5.0,-0.770520632147725
10-18,-3.569775005367458,-7.668133003381598,-0.9965966297881684,-1.1840940357796437,-1.1374948436969425,2.231449377068068,1.8256184460877591,-6.40643160598057,3.2395496640757444,-5.232560444908236,2.9582330577203484,0.0,4.0,7.0,-1.3283529186625582
10-19,-6.380953107561384,-3.904283447064268,1.7297534150578122,4.144350634657195,-1.0633044504897626,2.104446188538802,0.3870594325012449,-5.168537611372016,2.575562146152925,-5.250182249922762,1.8574932576397423,0.0,6.0,5.0,-0.7473829826552058
10-20,-5.312427994575327,-2.5256663715955296,1.1889638768519748,0.22554786665186818,-1.213466693433192,6.058340234850678,0.6624285586582626,-6.720792810061371,3.02255892460937,-5.021145829979959,1.7706108468582595,0.0,6.0,5.0,-0.6554207825970807
10-21,-5.81040065450193,-0.5366322341362726,1.0877822374257022,1.200447540031425,-1.7679260138702797,6.548807465408153,-2.3166028446533375,-5.232295189085182,2.0221387232781236,-6.636849701614265,1.9538516382748565,0.0,5.0,6.0,-0.7906399194535839
10-22,-7.5520212945193315,0.2064030696462929,-2.3779470539689447,1.172862238301498,-2.589643723801859,3.9733383843930077,-4.3151534821008894,-4.803791296313121,2.9107805791114236,-5.973334418402778,1.3079877403895435,0.0,5.0,6.0,-1.5033766047720967
10-23,-4.044890165350223,-1.6305488195815139,-1.1497198662024373,5.864461015483976,-1.3550839051550394,3.8638742719570565,-5.595774606604014,-2.855247691044326,2.9107805791114236,-6.083990156821558,0.31720827075394104,0.0,4.0,7.0,-0.8132442561210595
10-24,-5.1905569252809,3.7341149373099327,-0.9227001512751255,5.0601811250747994,-0.6208095285775006,3.4800423404044962,-4.454349583463074,-6.460480174673819,4.832489478406552,-0.14131428280321645,3.51180543009081,0.0,5.0,6.0,0.23570188876774625
10-25,-1.4659484069509394,3.9781535674561814,3.7063925013103947,2.7777836063702503,0.0,3.1218044102896085,-12.43632501861906,-4.347825709409511,6.533358437380318,-2.8025699428687463,3.3966617482864976,0.0,6.0,5.0,0.20512376610374947
10-26,-2.6934495964092213,5.761793255804223,0.32019029138836885,3.520348618840388,-0.3228236072447608,1.1488215025425506,-13.490619779816052,-3.081484665152572,7.777994302629791,-0.7497289637867164,3.3390935676196123,0.0,6.0,5.0,0.12751124386796756
10-27,6.050604958938498,5.41871921182266,-6.845314069468008,2.447743054754124,-2.538070967695712,2.170542987152356,-8.753711264551763,0.20129759434314032,7.250340467520726,0.07140470403512844,2.5631120432564916,0.0,8.0,3.0,0.6697223933423034
10-28,6.017902450768005,7.257290169015174,-5.870888896963305,2.2056774936965993,-0.9243136594183108,5.556949132182647,-10.656222067276468,0.760456630619709,7.758447426357777,-0.7015639298038062,4.366810930357388,0.0,7.0,4.0,1.3142121399612838
10-29,2.3981931108467287,7.874930945587676,-0.21924519917320034,2.151720770474138,-2.3576685893876603,3.117139019156741,-8.80522164544984,2.5944975870396876,7.81249988358468,-2.734442682827709,3.912633074243051,0.0,7.0,4.0,1.3120863561745242
10-30,4.977377205803346,8.04864287417737,-2.185795093897365,1.5542536152278086,-0.9737812661118398,2.2600288611191415,-7.233912421651964,3.820670470131137,8.385092500854642,-5.371746153590337,3.2426811937607867,0.0,7.0,4.0,1.3769593154852273
10-31,3.3257945595686116,7.405250372776363,-1.8316778114365,1.4995754679254498,-0.14881293091554948,-1.8537316466133702,-7.411799685527798,5.715521688978517,5.934247866450099,-6.252340447532129,3.410922886356888,0.0,6.0,5.0,0.8160791933358817
11-01,2.264413656964857,5.644686460832187,2.2303918245800207,-1.157864583956144,0.3968250213867144,-1.980697709854617,-7.988078587540914,3.260869565217391,5.358581547377711,-5.035701322256301,3.230405250241241,0.0,7.0,4.0,0.5186525935826788
11-02,4.3001162777783,4.509802425608916,2.491371764729334,-1.1296287139299148,0.3968250213867144,-0.904524163951091,-9.48926979501046,2.162399710581307,2.80852596590516,-5.693345940995895,3.825179075118765,0.0,7.0,4.0,0.2731209689350944
11-03,5.512343330541768,2.0222446604074773,-1.3938146219495713,-2.0898098888889964,0.4955420215929253,-1.1841804912203995,-8.206505931791957,-0.02214331776826435,2.80852596590516,-4.69748204182204,2.7066530827659503,0.0,5.0,6.0,-0.33738560268566237
11-04,3.16956705731978,-2.73147335879528,-1.6218940813414122,1.659403763620343,0.4955420215929253,0.813637158971124,-6.3981041315230165,3.365058013465705,-0.9635121616743356,-4.227463851354402,3.687915801100593,0.0,6.0,5.0,-0.22927698071816474
11-05,-1.7672721210855138,-2.9925644434058896,-4.612264919033889,1.5522866990071174,1.5806450427638945,1.3878355342842723,0.8321027675995629,2.7451802391748563,-0.571776132973614,-3.4918296114174074,3.9512535219575318,0.0,6.0,5.0,-0.11553361859408984
11-06,-0.5508415885880926,-3.8762809192355427,-4.453436996829438,3.459196185745863,-0.42394511249742434,2.470082020361566,1.7533436131767912,1.0139719515751628,-0.48969942192662536,-7.419354441758876,1.091393656546359,0.0,5.0,6.0,-0.6187975877858548
11-07,-4.314898052061643,-1.2925966111652882,-4.242425176540554,3.9873207396947192,1.9168451037214052,1.4514888927421183,-0.14858613608705873,1.0139719515751628,-2.18490392411415,-6.29980957639561,0.605650138193849,0.0,5.0,6.0,-0.7923285542030877
11-08,-8.188532679952516,-1.9917218585392114,-4.129255517686879,2.891561072233313,0.34851729158569233,-1.7316024885386658,0.8531947667159959,0.9047675174508814,-3.520125132565167,-4.867009833514113,-1.2689864808914173,0.0,4.0,7.0,-1.7249327786418407
11-09,-7.0923709557713694,1.168448864557368,-5.2833995124740785,2.9451098234535564,0.7468241243099275,-3.096776162424395,1.2598895157301977,-1.1309658682522095,-3.3925692440343935,-2.791932472732038,-1.2305387906169603,0.0,4.0,7.0,-1.4915233898545333
11-10,-4.195802268153112,-0.8958187202318166,-2.0532257108463394,3.5341358734962394,0.5487683209422896,-3.6316512414687585,2.236604861011088,-1.229598128077817,-4.038772175912698,-1.49028662618621,-0.47709922274817484,0.0,3.0,8.0,-0.9743954198479425
11-11,-3.0303011441068084,-2.5922217298233092,-2.4081134209556545,3.663108798629464,0.20025489243268288,-3.244225381786557,0.7357269080867879,-3.264026602759171,-0.7269802241997254,-1.2039115716430788,-0.3048196652615839,0.0,3.0,8.0,-1.014625761782246
11-12,-3.1375368016152385,-0.6779663853299137,-3.4220492978781483,4.80845381293367,-0.9833570124783692,-2.206079199968914,1.9865624138753584,-2.8392588212849708,-0.2613086796285975,-1.2039115716430788,1.3508394302287923,0.0,3.0,8.0,-0.5488010093991176
11-13,-5.331451212010061,-1.6949121600374755,-6.666664672053717,5.905414447864193,-1.6641448561558068,-4.161214840839964,3.3304101808175446,-2.2676755627929452,0.8349864320392854,0.7247782835762778,1.266415097040389,0.0,5.0,6.0,-0.8103382385460233
11-14,-6.133527544832368,-0.1374429499406561,-9.2954654053062,6.545261499565674,-2.0996758327485168,-3.873330483375349,2.1034216486468953,-7.930551742896898,0.720001220703125,0.5419493738114582,1.9138293439591014,0.0,5.0,6.0,-1.4704609060344778
11-15,-1.4430737911279858,-1.7964102860078879,-4.917188291643483,1.9994668983214823,-2.0996758327485168,-2.9311771091802123,2.445415400005731,-2.2332457091756845,2.283652707258334,1.1647274289850276,0.9144915843253812,0.0,5.0,6.0,-0.5510847500823179
11-16,-2.951947123583008,1.9821605250293663,-0.12686941703662583,2.106097403839554,-2.4285426987483207,-2.7966637649308863,2.445415400005731,-1.6197916617498982,2.740808927982894,0.46219264058929566,0.9804854516070028,0.0,6.0,5.0,0.0661121402504254
11-17,1.3181415878294447,2.3150878495496143,3.727159093137253,-0.9597457383646578,-3.422733334255746,-4.020101567193807,-0.20777589099904803,-0.6349265389622305,2.6613707908583635,2.5697899532764823,1.7676762271002207,0.0,6.0,5.0,0.4261618693313241
11-18,6.502143516119552,0.7387194081701436,3.5322796343206044,1.2258769400954046,-2.5582627860721034,-5.877640248469975,1.980775615807467,-0.6349265389622305,1.827205951988605,3.0893715928240635,0.06660294561417607,0.0,8.0,3.0,0.8243455026196423
11-19,11.089950642257772,1.4191282304142332,5.018264547819903,0.9416704542562925,-2.6625628885441404,-3.5601327901011017,-0.11782301805136873,-0.24943449922365285,2.1962813419944722,2.713674461315715,0.04742498883669562,0.0,7.0,4.0,1.4030367892479017
11-20,10.179897086330207,0.17496142105484644,6.002887876684116,1.3210040162666357,-4.283483103773134,-3.49893542024997,-0.5301923450095488,-0.6832139332795459,2.176921632089553,2.1414064733661307,-0.06733977573762925,0.0,6.0,5.0,1.0778261606451383
11-21,9.20634597697586,1.3448621963495435,6.67782954127946,1.0058159494335694,-4.865290694802762,-2.964745328702327,-0.08836164542779457,0.02261903200896568,1.9017414682609706,3.2046583762058463,2.4390198862849584,0.0,8.0,3.0,1.4903745631555243
11-22,10.606376275397764,1.6283568513313842,5.168263918372811,-2.0215634254625603,-4.49908773554359,-2.911325300664727,-0.5920685913761188,0.5779109280516241,3.285378444453314,-0.7008882846522859,2.2714530381709794,0.0,6.0,5.0,1.0677338431732162
11-23,12.251990056350468,4.385127175604745,8.383233532934131,-2.0215634254625603,-3.7405187609168644,-2.446153028490259,0.08820576529659624,0.3102823425589928,1.1787863867023567,-0.7008882846522859,0.7633585075421062,0.0,7.0,4.0,1.537655022288952
11-24,14.120747841403809,2.2644411655243317,11.393304332700977,-3.153644290467308,-4.231276327552271,-3.910455438618169,-2.8854796250795878,7.024435449355759,1.1787863867023567,-1.9321849594127625,0.9477831689549427,0.0,6.0,5.0,1.7347048086260062
11-25,10.566649853485318,2.906976830149121,11.393304332700977,-2.9870845395842083,-3.3889447767885024,-4.370386362869086,-5.72482825350859,7.024435449355759,1.7681758328068313,-0.16753564881380809,1.5878888714447723,0.0,6.0,5.0,1.5507209656982155
11-26,12.037036041671113,2.906976830149121,8.283886992607005,-1.2166068970248693,-2.542151910846732,-4.3644257522659,-6.248056073804726,3.2940626450847783,2.893768945224016,0.9753381998686417,2.705922802309869,0.0,7.0,4.0,1.5604793185810264
11-27,12.037036041671113,2.228677800753033,3.3275001011653655,-0.9054598122396824,-1.3723526894159543,-4.045132676199071,-6.248056073804726,4.130622357441576,2.3437514551915015,0.6498371423172451,0.9082514764363078,0.0,7.0,4.0,1.0878895936097257
11-28,9.903385574516593,2.323331514982034,6.756755139600511,0.3718544453430401,-2.147472143828195,-4.045132676199071,-4.206609089480287,3.7768566861202153,3.2745638857196244,1.2415561429475777,2.721216601714891,0.0,8.0,3.0,1.6641921734530776
11-29,8.653064649932238,1.656917128191751,2.9549390418713037,-1.8597257552877746,-2.147472143828195,-2.999450049562722,-2.8074402077933205,-0.839380482112636,2.6300534411727345,1.752479553291025,2.721216601714891,0.0,6.0,5.0,0.8096001481324412
11-30,11.976401839396814,2.449758429276302,-1.3079930239618907,-1.5674818335681202,-1.0608016331838577,-2.4076637113112196,-3.216909487423397,2.498344195338816,2.7889992616407513,2.131888595674471,2.4250302891338538,0.0,6.0,5.0,1.2257977434177105
12-01,8.609537281501233,1.6067333056644002,-2.343944711453373,-0.5579146861793233,-0.8260187944237676,-4.465527190496369,-5.209931680329103,-0.5265557248841749,2.808237838112281,0.7768750081841971,1.9348854242369187,0.0,5.0,6.0,0.1505313391610766
12-02,5.876495454393129,1.8109773908117535,-3.084135301377093,-1.6107341587143456,-2.924902735273585,-8.003410736954757,-3.4745484362473906,-1.2362658236139352,2.904408708368788,1.1341153497170977,2.2621939807147355,0.0,5.0,6.0,-0.528817192347967
12-03,4.573472251320656,1.5280090251667122,-2.640019065016054,-0.8257793048308861,-2.3651325123202342,-8.208093288535997,-0.8659214281751785,-2.999087372112013,2.170540629853851,0.3809230819902364,3.3670487628901,0.0,5.0,6.0,-0.4903366016474007
12-04,2.7838566323164398,1.0563998798812888,-4.6277671787309504,-0.6393123545989849,-1.865176620590768,-8.074716766943126,-1.5526921976857837,-3.2828288799196215,2.1136322649567276,4.590639492987934,0.5001861060639907,0.0,5.0,6.0,-0.7498149685219045
12-05,1.8492747827503777,0.4554903587487803,-6.122443021609968,3.1331613233513758,0.07878832077595425,-6.551731735574366,0.6569161232517559,-3.591990242526206,1.8882351186427,3.58937537003658,-0.27954067518721315,0.0,7.0,4.0,-0.4078720231116857
12-06,-0.5295359354593602,-0.6331577855286552,-8.582572617895226,3.4805198768516643,-0.7352908766630697,-5.201153485553621,-1.5257857583628534,-3.178594567113871,2.6210042469614834,0.33395231925799457,-0.9317927719377617,0.0,3.0,8.0,-1.2402006129536063
12-07,-4.3551826776288,-0.1152764153131698,-7.173746111187486,1.7922042252181414,-1.2342368261720278,-4.540263083392962,-2.7486082776100487,-5.185861006372767,3.305161167198504,-0.8163239596528319,-1.5840448686883235,0.0,2.0,9.0,-1.8880148194668143
12-08,-4.421980206147872,1.714288620721726,-3.1483902469758247,2.467534449193385,-3.1300110634381886,-1.6097747729815468,1.125985773013633,-6.666674293128212,3.8497638254658155,0.07421319924848441,-1.3008677390401049,0.0,5.0,6.0,-0.9204927045057255
12-09,-4.238355988734558,1.6190447126116208,-6.941931939894134,6.007513091477393,-2.200418848082802,-0.5761291634489425,-0.061901754607204415,-6.274512840702637,3.0798110603726525,0.8468318981166829,-1.906892150046466,0.0,4.0,7.0,-0.887245160244866
12-10,-2.8115823686068504,2.2857157389322915,-4.800001575100806,6.007513091477393,-2.385995975757458,0.30178493291941344,-1.4237049363077818,-1.6839755077947425,3.0798110603726525,0.8468318981166829,-0.8599720883124141,0.0,5.0,6.0,-0.12029797750513489
12-11,-6.69324095031905,0.4761904761904762,-4.800001575100806,4.779967996678107,-1.4435776214830942,-0.3569496832816537,-1.0213494346373535,-1.6839755077947425,3.061609723379286,-4.264233258177076,-0.5116783539756509,0.0,3.0,8.0,-1.0381031823767966
12-12,-6.986995051858992,1.4150943396226416,-4.235116952393635,4.467010325048986,-2.5138945221594637,1.6199790432546053,-0.9904044606099761,-1.6839755077947425,4.944857290356083,-6.873909047424663,-0.8253584981699551,0.0,4.0,7.0,-0.9718927535107592
12-13,-5.788383550550792,1.1352856980968378,-2.8426367728669306,4.487179487179487,-0.4233920178243971,3.5969182439739082,0.21406634003368533,-2.7487484595408547,3.471962329546211,-4.162755165541975,-1.1630067828048973,0.0,5.0,6.0,-0.3519592208583098
12-14,-2.245844737457858,2.0056227280742003,-2.685577719307876,3.743587396083734,0.42339201782441593,3.9660850888226755,2.2175543525788854,-1.7707413062761195,6.758224915349772,-3.3752094041976557,-0.8928867239593831,0.0,6.0,5.0,0.6786838839612327
12-15,-1.3731831560780445,0.9158909877884054,-1.5840545261958792,3.743587396083734,0.0,5.795545534967037,2.0011893013919657,-0.7866731674801933,6.812433045480167,-3.75023426088723,-0.45946652663768717,0.0,5.0,6.0,0.9429195523693563
12-16,-0.17928316976109282,1.8808233182140275,-0.15329937206612348,2.5188196527743725,0.7647603239273866,6.6882503626431475,1.760042450676078,-0.4858840317941869,5.258402311869216,-2.122557252494233,-0.8928867239593831,0.0,6.0,5.0,1.2530989891691007
12-17,2.1912395858576255,2.942275248802424,1.7628989204620988,2.5188196527743725,1.028479452743807,6.1488740059463,3.872102343549016,-1.1800053381046596,5.258402311869216,-2.122557252494233,-1.2567963828284252,0.0,8.0,3.0,1.7636443790481282
12-18,5.776895382081061,3.072628496157563,1.7628989204620988,-0.39317878160474057,1.0909043349228895,4.78520494819564,5.01613105549618,-1.1800053381046596,4.897516253633827,-1.1435851631335432,-1.2452827309662442,0.0,7.0,4.0,1.8700106147616724
12-19,5.398404468697407,3.270771401808708,3.124207373832158,0.12969970959812485,2.5039099651851853,2.0391517805654957,3.6080948569399216,-2.07749623360978,5.734896774431003,1.6602806506324366,-1.52830447790759,0.0,9.0,2.0,1.9886346891810893
12-20,5.019996643066406,2.801120488087495,1.8966766341936632,-0.6043860085623673,1.6171072754753486,0.8972213901844439,1.7050544110703343,-1.7273615215477414,4.295469834410325,1.7010471503085343,-0.9245314688052773,0.0,8.0,3.0,1.3897845689900972
12-21,4.561890513738391,3.492649765781789,6.581484022092505,0.4280991510064902,0.6259824661231701,0.8433013404469069,1.1432041183121147,-1.5936262815935083,5.266902214038045,4.940281623520281,-1.4056583620467409,0.0,9.0,2.0,2.073709214284954
12-22,6.457312789522978,4.949781930799228,4.789831799064262,0.7806536533388256,-0.23678020668815516,0.7352953398363447,2.2094416525674507,1.0725723961121776,3.202845574065447,6.279401938840999,-0.5801395164718745,0.0,9.0,2.0,2.4716847792489736
12-23,8.190474737258183,5.877120146179999,3.7145569674535084,-0.025392577774695977,0.18338930621476876,-0.8305626963784785,3.653500041080513,-0.45641434124217056,4.163701282600304,5.887693868146104,-1.5205899623307912,0.0,7.0,4.0,2.40312306426727
12-24,6.224146961821022,4.986648220245044,3.5434922119390535,-0.38216949268511147,1.8951182075835034,-4.606582475554034,-0.15005773564974145,2.053860182900023,7.2179133191684635,10.328110193527428,0.373756222230526,0.0,8.0,3.0,2.6236863179605145
12-26,6.882286247478447,5.407806683051816,0.8042213809031038,-1.7214393447715217,1.851849456564855,-5.790522117610703,-0.48019162328192655,1.8522784856393175,6.687457603460785,7.155287071582878,-0.18713003628032648,0.0,7.0,4.0,1.8718253172280603
12-27,5.134100126447713,4.561722687211881,1.0032548831140176,1.7602102754513043,1.0954668283021085,-5.25121292323731,-2.135450851149995,1.4239842295476945,3.9902832432604147,5.6836964174318085,0.24325833974288827,0.0,9.0,2.0,1.45910943801021
12-28,5.837611116023448,4.617579150547377,4.8614487838403715,2.67856943016501,-0.41731832753086107,-5.942862374441964,-2.7624237587481386,1.0531114497683336,5.453610410361607,4.099572729997791,0.8233507447903802,0.0,8.0,3.0,1.6918541128977795
12-29,5.372287493135523,7.1737213839999,3.313034435147421,1.658167125581875,-1.3157894736842104,-5.64103545016801,-5.639912206404554,3.2738783765324033,4.904820001704882,4.586993359790389,0.5068527415871675,0.0,8.0,3.0,1.516084815601899
12-30,6.6293170637501815,6.90311058206934,2.3873314505486523,3.456050732702741,-0.8909857283737603,-4.965747198364055,-4.697776340944329,3.2738783765324033,4.578977740970494,4.942765316793528,-0.47393364928909953,0.0,7.0,4.0,1.761915695533008
12-31,5.668249627425207,7.352941273526799,-1.0475038079600512,2.8967292286615014,-1.2410911908090887,-4.018104592003881,-5.056897344131526,3.6577166698907995,4.578977740970494,3.7661318388266722,0.10366658158404665,0.0,7.0,4.0,1.3884013354984148
