,2009,2010,2011,2012,2013,2014,2015,2016,2017,2018,2019,2020,ups,downs,end_day_sum,avg
01-02,0.0,-8.0,5.0,0.0,0.0,0.0,0.0,0.0,0.0,0.0,0.0,0.0,1.0,11.0,01-17,-0.25
01-03,0.0,-8.0,3.0,0.0,0.0,0.0,0.0,0.0,0.0,0.0,0.0,0.0,1.0,11.0,01-18,-0.4166666666666667
01-04,0.0,-8.0,-6.0,0.0,0.0,0.0,0.0,0.0,0.0,0.0,0.0,0.0,0.0,12.0,01-19,-1.1666666666666667
01-05,0.0,0.0,-6.0,0.0,0.0,0.0,0.0,0.0,0.0,0.0,0.0,0.0,0.0,12.0,01-20,-0.5
01-06,0.0,-8.0,-6.0,0.0,0.0,0.0,0.0,0.0,0.0,0.0,0.0,0.0,0.0,12.0,01-21,-1.1666666666666667
01-07,0.0,0.0,-2.0,-2.0,0.0,0.0,0.0,0.0,0.0,0.0,0.0,0.0,0.0,12.0,01-22,-0.3333333333333333
01-08,-15.0,3.0,-2.0,-2.0,0.0,0.0,0.0,0.0,0.0,0.9876000094227493,0.0,0.0,2.0,10.0,01-23,-1.2510333325481042
01-09,70.0,2.0,-2.0,-2.0,0.0,0.0,0.0,0.0,0.0,0.9876000094227493,0.0,0.0,3.0,9.0,01-24,5.748966667451896
01-10,-15.0,13.0,-2.0,-2.0,0.0,0.0,0.0,0.0,0.0,0.9876000094227493,0.0,0.0,2.0,10.0,01-25,-0.4176999992147709
01-11,-15.0,2.0,5.0,0.0,0.0,0.0,0.0,0.0,0.0,0.0007999998051673178,0.0,0.0,3.0,9.0,01-26,-0.6666000000162361
01-12,-35.0,0.0,5.0,0.0,0.0,0.0,0.0,0.0,0.0,0.0007999998051673178,0.0,0.0,2.0,10.0,01-27,-2.4999333333495692
01-13,-45.0,0.0,7.0,0.0,0.0,0.0,0.0,0.0,0.0,0.0007999998051673178,0.0,0.0,2.0,10.0,01-28,-3.166600000016236
01-14,-20.0,8.0,0.0,0.0,0.0,0.0,0.0,0.0,0.0,0.0007999998051673178,0.5259999711997807,0.0,3.0,9.0,01-29,-0.9561000024162544
01-15,-25.0,0.0,0.0,0.0,0.0,0.0,0.0,0.0,0.0,0.0007999998051673178,0.5259999711997807,0.0,2.0,10.0,01-30,-2.0394333357495875
01-16,-25.0,0.0,0.0,0.0,0.0,0.0,0.0,0.0,0.0,0.0007999998051673178,0.5259999711997807,0.0,2.0,10.0,01-31,-2.0394333357495875
01-17,-25.0,0.0,-3.0,0.0,0.0,0.0,0.0,0.0,0.0,0.0007999998051673178,0.5259999711997807,0.0,2.0,10.0,02-01,-2.2894333357495875
01-18,-25.0,0.0,-5.0,0.0,0.0,0.0,0.0,0.0,0.0,0.0007999998051673178,0.5259999711997807,0.0,2.0,10.0,02-02,-2.4561000024162545
01-19,-10.0,-6.0,-2.0,0.0,0.0,0.0,0.0,0.0,0.0,-0.986800009617582,0.5259999711997807,0.0,1.0,11.0,02-03,-1.5384000032014835
01-20,-45.0,-4.0,-2.0,0.0,0.0,0.0,0.0,0.0,0.0,-0.986800009617582,0.5259999711997807,0.0,1.0,11.0,02-04,-4.288400003201484
01-21,-30.0,-24.0,-2.0,0.0,0.0,0.0,0.0,0.0,0.0,-0.986800009617582,0.5259999711997807,0.0,1.0,11.0,02-05,-4.70506666986815
01-22,-25.0,-13.0,-2.0,0.0,0.0,0.0,0.0,0.0,0.0,-0.986800009617582,0.5259999711997807,0.0,1.0,11.0,02-06,-3.3717333365348168
01-23,-5.0,-5.0,0.0,0.0,0.0,0.0,0.0,0.0,0.0,-0.986800009617582,0.5259999711997807,0.0,1.0,11.0,02-07,-0.8717333365348168
01-24,5.0,10.0,1.0,0.0,0.0,0.0,0.0,0.0,0.0,0.0,0.5259999711997807,0.0,4.0,8.0,02-08,1.3771666642666485
01-25,30.0,0.0,1.0,0.0,0.0,0.0,0.0,0.0,0.0,0.0,0.0,0.0,2.0,10.0,02-09,2.5833333333333335
01-26,30.0,-8.0,3.0,0.0,0.0,0.0,0.0,0.0,0.0,0.0,0.0,0.0,2.0,10.0,02-10,2.0833333333333335
01-27,4.0,-1.0,2.0,0.0,0.0,0.0,0.0,0.0,0.0,0.0,0.0,0.0,2.0,10.0,02-11,0.4166666666666667
01-28,20.0,-14.0,2.0,0.0,0.0,0.0,0.0,0.0,0.0,0.0,0.0,0.0,2.0,10.0,02-12,0.6666666666666666
01-29,5.0,-14.0,2.0,0.0,0.0,0.0,0.0,0.0,0.0,0.0,0.0,0.0,2.0,10.0,02-13,-0.5833333333333334
01-30,-10.0,6.0,2.0,0.0,0.0,0.0,0.0,0.0,0.0,0.0,0.0,0.0,2.0,10.0,02-14,-0.16666666666666666
01-31,25.0,6.0,-3.0,0.0,0.0,0.0,0.0,0.0,0.0,0.0,0.0,0.0,2.0,10.0,02-15,2.3333333333333335
02-01,25.0,6.0,-3.0,0.0,0.0,0.0,0.0,0.0,0.0,0.0,0.0,0.0,2.0,10.0,02-16,2.3333333333333335
02-02,27.0,6.0,5.0,0.0,0.0,0.0,0.0,0.0,0.0,0.0,0.0,0.0,3.0,9.0,02-17,3.1666666666666665
02-03,19.0,10.0,3.0,0.0,0.0,0.0,0.0,0.0,0.0,0.0,0.0,0.0,3.0,9.0,02-18,2.6666666666666665
02-04,-35.0,-5.0,2.0,0.0,0.0,0.0,0.0,0.0,0.0,0.0,-0.030099958181381226,0.0,1.0,11.0,02-19,-3.1691749965151153
02-05,10.0,5.0,0.0,0.0,0.0,0.0,0.0,0.0,0.0,0.0,-0.030099958181381226,0.0,2.0,10.0,02-20,1.2474916701515515
02-06,10.0,4.0,0.0,0.0,0.0,0.0,0.0,0.0,0.0,0.0,-0.014999985694885254,0.0,2.0,10.0,02-21,1.1654166678587596
02-07,11.0,4.0,0.0,0.0,0.0,0.0,0.0,0.0,0.0,0.0,-0.014999985694885254,0.0,2.0,10.0,02-22,1.248750001192093
02-08,-34.0,4.0,3.0,0.0,0.0,0.0,0.0,0.0,0.0,0.0,-0.014999985694885254,0.0,2.0,10.0,02-23,-2.251249998807907
02-09,11.0,5.0,8.0,0.0,0.0,0.0,0.0,0.0,0.0,0.0,-0.014999985694885254,0.0,3.0,9.0,02-24,1.998750001192093
02-10,-45.0,0.0,8.0,0.0,0.0,0.0,0.0,0.0,0.0,0.0,-0.014999985694885254,0.0,1.0,11.0,02-25,-3.0845833321412406
02-11,-30.0,-10.0,0.0,0.0,0.0,0.0,0.0,0.0,0.0,0.0,-0.05338996648788452,0.0,0.0,12.0,02-26,-3.3377824972073236
02-12,-21.0,-10.0,0.0,0.0,0.0,0.0,0.0,0.0,0.0,0.0,-0.05338996648788452,0.0,0.0,12.0,02-27,-2.5877824972073236
02-13,-18.0,-10.0,0.0,0.0,0.0,0.0,0.0,0.0,0.0,0.0,-0.05338996648788452,0.0,0.0,12.0,02-28,-2.3377824972073236
02-14,11.0,-10.0,6.0,0.0,0.0,0.0,0.0,0.0,0.0,0.0,-0.023290008306503296,0.0,2.0,10.0,02-29,0.5813924993077914
02-15,11.0,-10.0,6.0,0.0,0.0,0.0,0.0,0.0,0.0,0.0,-0.023290008306503296,0.0,2.0,10.0,03-01,0.5813924993077914
02-16,15.0,-10.0,0.0,0.0,0.0,0.0,0.0,0.0,0.0,0.0,-0.03838998079299927,0.0,1.0,11.0,03-02,0.4134675016005834
02-17,45.0,-8.0,0.0,0.0,0.0,0.0,0.0,0.0,0.0,0.0,-0.03838998079299927,0.0,1.0,11.0,03-03,3.08013416826725
02-18,-30.0,-8.0,0.0,0.0,0.0,0.0,0.0,0.0,0.0,0.0,-0.03838998079299927,0.0,0.0,12.0,03-04,-3.16986583173275
02-19,15.0,2.0,0.0,0.0,0.0,0.0,0.0,0.0,0.0,0.0,-0.03838998079299927,0.0,2.0,10.0,03-05,1.4134675016005833
02-20,-30.0,2.0,0.0,0.0,0.0,0.007999999448657036,0.0,0.0,0.0,0.0,-0.03838998079299927,0.0,2.0,10.0,03-06,-2.3358658317786953
02-21,15.0,2.0,0.0,0.0,0.0,0.007999999448657036,0.0,0.0,0.0,0.0,-0.03838998079299927,0.0,3.0,9.0,03-07,1.4141341682213049
02-22,15.0,5.0,0.0,0.0,0.0,0.007999999448657036,0.0,0.0,0.0,0.0,0.0,0.0,3.0,9.0,03-08,1.667333333287388
02-23,-5.0,5.0,-1.0,0.0,0.0,0.007999999448657036,0.0,0.0,0.0,0.0,0.0,0.0,2.0,10.0,03-09,-0.08266666671261191
02-24,34.0,-5.0,-1.0,0.0,0.0,0.007999999448657036,0.0,0.0,0.0,0.0,-0.2666100114583969,0.0,2.0,10.0,03-10,2.311782498999188
02-25,29.0,-5.0,-1.0,0.0,0.0,0.007999999448657036,0.0,0.0,0.0,0.0,-0.2666100114583969,0.0,2.0,10.0,03-11,1.8951158323325217
02-26,-12.0,-7.0,-1.0,0.0,0.0,0.007999999448657036,0.0,0.0,0.0,0.0,-0.3616100028157234,0.0,1.0,11.0,03-12,-1.6961341669472556
02-27,-12.0,-10.0,-1.0,0.0,0.0,0.007999999448657036,0.0,0.0,0.0,0.0,-0.3616100028157234,0.0,1.0,11.0,03-13,-1.9461341669472556
02-28,-42.0,-9.0,-3.9499998092651367,0.0,0.0,0.007999999448657036,0.0,0.0,0.0,0.0,-0.3616100028157234,0.0,1.0,11.0,03-14,-4.608634151052684
02-29,0.0,0.0,0.0,0.0,0.0,0.0,0.0,0.0,0.0,0.0,0.0,0.0,0.0,3.0,03-15,0.0
03-01,-37.0,-10.0,-2.9499998092651367,0.0,0.0,0.007999999448657036,0.0,0.0,0.0,0.0,-0.3616100028157234,0.0,1.0,11.0,03-16,-4.191967484386017
03-02,-37.0,-10.0,0.9499998092651367,0.0,0.0,0.007999999448657036,0.0,0.0,0.0,0.0,-0.3616100028157234,0.0,2.0,10.0,03-17,-3.8669675161751607
03-03,29.0,-20.0,0.9499998092651367,0.0,0.0,0.007999999448657036,0.0,0.0,0.0,0.0,-0.3616100028157234,0.0,3.0,9.0,03-18,0.7996991504915059
03-04,5.0,-20.0,0.9499998092651367,0.0,0.0,0.007999999448657036,0.0,0.0,0.0,0.0,-0.3616100028157234,0.0,3.0,9.0,03-19,-1.2003008495084941
03-05,15.0,-10.0,0.9499998092651367,0.0,0.0,0.0,0.0,0.0,0.0,0.00030000018887221857,-0.3616100028157234,0.0,3.0,9.0,03-20,0.46572415055319044
03-06,-35.0,-10.0,-1.0500001907348633,0.0,0.0,0.0,0.0,0.0,0.0,0.0008000002708286038,-0.3616100028157234,0.0,1.0,11.0,03-21,-3.8675675161066465
03-07,-30.0,-10.0,-1.0500001907348633,0.0,0.0,0.0,0.0,0.0,0.0,0.0008000002708286038,-0.09499999135732652,0.0,1.0,11.0,03-22,-3.4286833484851136
03-08,-30.0,-10.0,0.9499998092651367,0.0,0.0,0.0,0.0,0.0,0.0,0.0008000002708286038,-0.09499999135732652,0.0,2.0,10.0,03-23,-3.2620166818184466
03-09,-30.0,-10.0,0.9499998092651367,0.0,0.0,0.0,0.0,0.0,0.0,0.0008000002708286038,0.0,0.0,2.0,10.0,03-24,-3.254100015872003
03-10,-30.0,0.0,0.9499998092651367,0.0,0.0,0.0,0.0,0.0,0.0,0.0008000002708286038,0.0,0.0,2.0,10.0,03-25,-2.4207666825386696
03-11,7.0,-1.0,0.0,0.0,0.0,0.0,0.0,0.0,0.0,0.0008000002708286038,0.0,0.0,2.0,10.0,03-26,0.5000666666892357
03-12,17.0,0.0,0.0,0.0,0.0,0.0,0.0,0.0,0.0,0.0008000002708286038,0.0,0.0,2.0,10.0,03-27,1.4167333333559025
03-13,17.0,0.0,0.0,0.0,0.0,0.0,0.0,0.0,0.0,0.0008000002708286038,0.0,0.0,2.0,10.0,03-28,1.4167333333559025
03-14,-19.0,0.0,0.0,0.0,0.0,0.0,0.0,0.0,0.0,0.0008000002708286038,0.0,0.0,1.0,11.0,03-29,-1.5832666666440975
03-15,-34.0,0.0,0.0,0.0,0.0,0.0,0.0,0.0,0.0,0.0008000002708286038,0.0,0.0,1.0,11.0,03-30,-2.8332666666440978
03-16,-34.0,10.0,4.949999809265135,0.0,0.0,0.0,0.0,0.0,0.0,0.0005000000819563853,0.0,0.0,3.0,9.0,03-31,-1.5874583492210756
03-17,-10.0,10.0,4.949999809265135,0.0,0.0,0.0,0.0,0.0,0.0,0.0,0.0,0.0,2.0,10.0,04-01,0.41249998410542793
03-18,0.0,0.0,2.949999809265135,0.0,0.0,0.0,0.0,0.0,0.0,0.0,-0.0650000013411045,-0.13199999928474426,1.0,11.0,04-02,0.22941665071994052
03-19,30.0,0.0,2.949999809265135,0.0,0.0,0.0,0.0,0.0,0.0,0.0,-0.0650000013411045,-0.13199999928474426,2.0,10.0,04-03,2.7294166507199407
03-20,30.0,0.0,2.949999809265135,0.0,0.0,0.0,0.0,0.0,0.0,0.0,-0.0650000013411045,-0.13199999928474426,2.0,10.0,04-04,2.7294166507199407
03-21,30.0,0.0,0.5,0.0,0.0,0.0,0.0,0.0,0.0,0.0,-0.0650000013411045,-0.13199999928474426,2.0,10.0,04-05,2.525249999947846
03-22,0.0,0.0,-1.0,0.0,0.0,0.0,0.0,0.0,0.0,0.0,-0.0650000013411045,-0.13199999928474426,0.0,12.0,04-06,-0.09975000005215406
03-23,1.0,0.0,-1.0,0.0,0.0,0.0,0.0,0.0,0.0,0.0,-0.0650000013411045,-0.13199999928474426,1.0,11.0,04-07,-0.016416666718820732
03-24,15.0,-1.0,-3.949999809265135,0.0,0.0,0.0,0.0,0.0,0.0,0.0,-0.0650000013411045,-0.13199999928474426,1.0,11.0,04-08,0.8210833491757513
03-25,0.0,-1.0,-1.5,0.0,0.0,0.0,0.0,0.0,0.0,0.0,-0.0650000013411045,-0.13199999928474426,0.0,12.0,04-09,-0.22475000005215406
03-26,15.0,-1.0,0.0,0.0,0.0,0.0,0.0,0.0,0.0,0.0,-0.0650000013411045,-0.13199999928474426,1.0,11.0,04-10,1.150249999947846
03-27,15.0,-1.0,-1.0,0.0,0.0,0.0,0.0,0.0,0.0,0.0,-0.0650000013411045,-0.13199999928474426,1.0,11.0,04-11,1.0669166666145127
03-28,15.0,-2.0,-1.0,0.0,0.0,0.0,0.0,0.0,0.0,0.0,-0.0650000013411045,-0.13199999928474426,1.0,11.0,04-12,0.9835833332811793
03-29,0.0,-2.0,-1.0,0.0,0.0,0.0,0.0,0.0,0.0,0.0,0.0,-0.13199999928474426,0.0,12.0,04-13,-0.26099999994039536
03-30,5.0,-2.0,-1.0,0.0,0.0,0.0,0.0,0.0,0.0,0.0,0.0,-0.13199999928474426,1.0,11.0,04-14,0.1556666667262713
03-31,30.0,-1.0,-1.0,0.0,0.0,0.0,0.0,0.0,0.0,0.0,0.0,0.0,1.0,11.0,04-15,2.3333333333333335
04-01,0.0,0.0,-1.0,0.0,0.0,0.0,0.0,0.0,0.0,0.0,0.0,0.0,0.0,12.0,04-16,-0.08333333333333333
04-02,12.0,0.0,-1.0,0.0,0.0,0.0,0.0,0.0,0.0,0.0,0.0,0.0,1.0,11.0,04-17,0.9166666666666666
04-03,11.0,0.0,-1.0,0.0,0.0,0.0,0.0,0.0,0.0,0.0,-0.03980000037699938,0.0,1.0,11.0,04-18,0.8300166666352501
04-04,-3.0,2.0,-1.0,0.0,0.0,0.0,0.0,0.0,0.0,0.0,-0.03980000037699938,0.0,1.0,11.0,04-19,-0.16998333336474994
04-05,-5.0,2.0,-1.0,0.0,0.0,0.0,0.0,0.0,0.0,0.0,-0.03980000037699938,0.0,1.0,11.0,04-20,-0.3366500000314166
04-06,-5.0,0.0,0.0,0.0,0.0,0.0,0.0,0.0,0.0,0.0,-0.03980000037699938,0.0,0.0,12.0,04-21,-0.41998333336474997
04-07,-5.0,0.0,0.0,0.0,0.0,0.0,0.0,0.0,0.0,0.0,-0.03980000037699938,0.0,0.0,12.0,04-22,-0.41998333336474997
04-08,10.0,2.0,0.0,0.0,0.0,0.0,0.0,0.0,0.0,0.0,-0.03980000037699938,0.0,2.0,10.0,04-23,0.9966833333019167
04-09,15.0,2.0,0.0,0.0,0.0,0.0,0.0,0.0,0.0,0.0,-0.03980000037699938,0.0,2.0,10.0,04-24,1.4133499999685835
04-10,-10.0,2.0,0.0,0.0,0.0,0.0,0.0,0.0,0.0,0.0,-0.03980000037699938,0.0,1.0,11.0,04-25,-0.6699833333647499
04-11,-10.0,2.0,3.939999580383301,0.0,0.0,0.0,0.0,0.0,0.0,0.0,-0.03980000037699938,0.0,2.0,10.0,04-26,-0.3416500349994749
04-12,-10.0,2.0,3.0,0.0,0.0,0.0,0.0,0.0,0.0,0.0,-0.03980000037699938,0.0,2.0,10.0,04-27,-0.41998333336474997
04-13,-20.0,0.0,-2.0,0.0,0.0,0.0,0.0,0.22000000067055225,0.0,0.0,-0.03980000037699938,0.0,1.0,11.0,04-28,-1.818316666642204
04-14,3.0,2.0,-2.0,0.0,0.0,0.0,0.0,0.22000000067055225,0.0,0.0,-0.03980000037699938,0.35999998450279236,4.0,8.0,04-29,0.29501666539969545
04-15,-13.900001525878906,2.0,-2.0,0.0,0.0,0.0,0.0,0.22000000067055225,0.0,0.0,-0.03980000037699938,0.18000000715255737,3.0,9.0,04-30,-1.128316793202733
04-16,-20.0,0.0,-2.0,0.0,0.0,0.0,0.0,0.22000000067055225,0.0,0.0,0.0,0.18000000715255737,2.0,10.0,05-01,-1.7999999993480742
04-17,-20.0,0.0,-2.0,0.0,0.0,0.0,0.0,0.22000000067055225,0.0,0.0,0.0,0.18000000715255737,2.0,10.0,05-02,-1.7999999993480742
04-18,-20.0,-2.0,-2.0,0.0,0.0,0.0,0.0,0.22000000067055225,0.0,0.0,0.0,0.18000000715255737,2.0,10.0,05-03,-1.966666666014741
04-19,-1.0,-4.0,-2.0,0.0,0.0,0.0,0.0,0.22000000067055225,0.0,0.0,0.0,0.18000000715255737,2.0,10.0,05-04,-0.5499999993480742
04-20,-25.0,-6.0,-5.439999580383301,0.0,0.0,0.0,0.0,0.22000000067055225,0.0,0.0,0.0,0.18000000715255737,2.0,10.0,05-05,-3.003333297713349
04-21,-25.0,-6.0,-5.439999580383301,0.0,0.0,0.0,0.0,0.22000000067055225,0.0,0.0,0.0,0.31000000238418585,2.0,10.0,05-06,-2.9924999647773802
04-22,-27.0,-6.0,-4.5,-0.9999000000025262,0.0,0.0,0.0,0.22000000067055225,0.0,0.0,0.0,0.35999998450279236,2.0,10.0,05-07,-3.159991667902432
04-23,-10.0,-6.0,-4.5,-0.9999000000025262,0.0,0.0,0.0,0.22000000067055225,0.0,0.0,0.0,0.35999998450279236,2.0,10.0,05-08,-1.743325001235765
04-24,0.0,-6.0,-4.5,-0.9999000000025262,0.0,0.0,0.0,0.22000000067055225,0.0,0.00029999995604157535,0.0,0.35999998450279236,3.0,9.0,05-09,-0.909966667906095
04-25,-5.0,-2.0,-4.5,-0.9999000000025262,0.0,0.0,0.0,0.22000000067055225,0.0,0.00029999995604157535,0.0,0.0,2.0,10.0,05-10,-1.0232999999479944
04-26,-5.0,-2.0,1.0,-0.9999000000025262,0.0,0.0,0.0,0.0,0.0,0.00029999995604157535,0.0,0.0,2.0,10.0,05-11,-0.5833000000038737
04-27,-5.0,-2.0,0.5,-0.9999000000025262,0.0,0.0,0.0,0.0,0.0,0.00029999995604157535,0.0,-0.04999998211860651,2.0,10.0,05-12,-0.629133331847091
04-28,13.900001525878906,-2.0,0.0,-0.9999000000025262,0.0,0.0,0.0,0.0,0.0,0.00029999995604157535,0.0,-0.07000002264976501,2.0,10.0,05-13,0.9025334585985547
04-29,20.0,0.0,0.0,-0.9999000000025262,0.0,0.0,0.0,0.0,0.0,0.00029999995604157535,0.0,-0.07000002264976501,2.0,10.0,05-14,1.5775333314419793
04-30,-14.0,2.0,0.0,-0.9999000000025262,0.0,0.0,0.0,0.0,0.0,0.00029999995604157535,0.0,-0.07000002264976501,2.0,10.0,05-15,-1.0891333352246875
05-01,10.0,4.0,0.0,-0.9999000000025262,0.0,0.0,0.0,0.0,0.0,0.00029999995604157535,0.0,-0.07000002264976501,3.0,9.0,05-16,1.0775333314419793
05-02,10.0,6.0,0.0,-0.9999000000025262,0.0,0.0,0.0,0.0,0.0,0.00029999995604157535,0.0,-0.2000000178813935,3.0,9.0,05-17,1.233366665172677
05-03,21.0,6.0,0.0,0.0,0.0,0.0,0.0,-0.17999999970197678,0.0,0.00029999995604157535,0.0,-0.2000000178813935,3.0,9.0,05-18,2.218358331864389
05-04,25.0,2.0,1.0,0.0,0.0,0.0,0.0,-0.17999999970197678,0.0,0.00029999995604157535,0.0,-0.2000000178813935,4.0,8.0,05-19,2.3016916651977226
05-05,17.0,1.0,1.0,0.0,0.0,0.0,0.0,-0.22000000067055225,0.0,0.0,0.0,-0.25,3.0,9.0,05-20,1.5441666666107874
05-06,0.0,-1.0,0.0,0.0,0.0,0.0,0.0,-0.22000000067055225,0.0,0.0,0.0,-0.25,0.0,12.0,05-21,-0.12250000005587935
05-07,0.0,-1.0,0.0,0.0,0.0,0.0,0.0,-0.22000000067055225,0.0,0.0,0.0,-0.25,0.0,12.0,05-22,-0.12250000005587935
05-08,0.0,-1.0,0.0,0.0,0.0,0.0,0.0,-0.22000000067055225,0.0,0.0,0.0,-0.2000000178813935,0.0,12.0,05-23,-0.1183333348793288
05-09,0.0,-1.0,0.0,0.0,0.0,0.0,0.0,-0.12000000476837158,0.0,0.0,-0.00020000059157609766,0.0,0.0,12.0,05-24,-0.0933500004466623
05-10,0.0,-1.0,0.0,0.0,0.0,0.0,0.0,-0.12000000476837158,0.0,0.0,-0.00020000059157609766,0.0,0.0,12.0,05-25,-0.0933500004466623
05-11,0.0,-4.0,0.0,0.0,0.0,0.0,0.0,-0.12000000476837158,0.0,0.0,-0.00020000059157609766,0.0,0.0,12.0,05-26,-0.3433500004466623
05-12,15.0,0.0,0.0,0.0,0.0,0.0,0.0,-0.12000000476837158,0.0,0.0,-0.00020000059157609766,0.0,1.0,11.0,05-27,1.239983332886671
05-13,15.0,0.0,0.0,0.0,0.0,0.0,0.0,-0.12000000476837158,0.0,0.0,-0.00020000059157609766,0.22890001535415644,2.0,10.0,05-28,1.259058334166184
05-14,4.0,0.0,0.0,0.0,0.0,0.0,0.0,0.059999994933605194,0.0,0.0,-0.00020000059157609766,0.25,3.0,9.0,05-29,0.3591499995285024
05-15,0.0,0.0,0.0,0.0,0.0,0.0,0.0,0.059999994933605194,0.0,0.00019999966025352478,0.0,0.25,3.0,9.0,05-30,0.025849999549488228
05-16,0.0,0.0,-2.9499998092651367,0.0,0.0,0.0,0.0,0.059999994933605194,0.0,0.00019999966025352478,0.0,0.25,3.0,9.0,05-31,-0.21998331788927317
05-17,0.0,0.0,-2.9499998092651367,0.0,0.0,0.0,0.0,0.059999994933605194,0.0,0.00019999966025352478,0.0,0.25,3.0,9.0,06-01,-0.21998331788927317
05-18,0.0,-3.0,0.0,0.0,0.0,0.0,0.0,0.09999999590218067,0.0,0.00019999966025352478,0.0,0.25,3.0,9.0,06-02,-0.22081666703646383
05-19,0.0,-3.0,0.0,0.0,0.0,0.0,0.0,0.09999999590218067,0.0,0.00019999966025352478,0.0,0.25,3.0,9.0,06-03,-0.22081666703646383
05-20,0.0,-5.0,0.0,0.0007999999870662577,0.0,0.0,0.0,0.0,0.0,0.00019999966025352478,0.0,0.25,3.0,9.0,06-04,-0.39575000002939004
05-21,0.0,-2.0,0.0,0.0007999999870662577,0.0,0.0,0.0,0.0,0.0,0.00019999966025352478,0.0,-0.029999986290931674,2.0,10.0,06-05,-0.169083332220301
05-22,0.0,-2.0,0.0,0.0007999999870662577,0.0,0.0,0.0,0.0,0.0,0.00019999966025352478,0.00020000059157609766,-0.029999986290931674,3.0,9.0,06-06,-0.16906666550433633
05-23,0.0,-2.0,0.0,0.0007999999870662577,0.0,0.0,0.0,0.0,0.0,0.00019999966025352478,0.00020000059157609766,-0.2589000016450881,3.0,9.0,06-07,-0.18814166678384936
05-24,-20.0,-5.0,0.0,0.0007999999870662577,0.0,0.0,0.0,0.0,0.0,0.00019999966025352478,0.00020000059157609766,0.0,3.0,9.0,06-08,-2.083233333313425
05-25,-15.0,-5.0,0.0,0.0007999999870662577,0.0,0.0,0.0,0.0,0.0,0.0,0.0,0.0,1.0,11.0,06-09,-1.6666000000010779
05-26,-15.0,-5.0,0.0,0.0007999999870662577,0.0,0.009999999776482579,0.0,0.0,0.0,0.0,0.0,0.0,2.0,10.0,06-10,-1.6657666666863709
05-27,-15.0,-5.0,0.0,0.0007999999870662577,0.0,0.009999999776482579,0.0,0.0,0.0,0.0,0.0,-0.02109998464584356,2.0,10.0,06-11,-1.6675249987401912
05-28,0.0,-5.0,0.0,0.0007999999870662577,0.0,0.009999999776482579,0.0,0.0,0.0,0.0,0.0,-0.02109998464584356,2.0,10.0,06-12,-0.4175249987401912
05-29,0.0,-5.0,-4.350000202655792,0.0007999999870662577,0.0,0.009999999776482579,0.0,0.0,0.0,0.0,0.0,-0.02109998464584356,2.0,10.0,06-13,-0.780025015628174
05-30,0.0,-3.0,2.9499998092651367,0.0007999999870662577,0.0,0.009999999776482579,0.0,0.0,0.0,0.0,0.0,-0.02109998464584356,3.0,9.0,06-14,-0.005025014634763167
05-31,-12.0,-3.0,2.9499998092651367,0.0,0.0,0.009999999776482579,0.0,0.0,0.0,0.0,0.0,-0.02109998464584356,2.0,10.0,06-15,-1.005091681300352
06-01,-12.0,-10.0,7.300000011920929,0.0,0.0,0.009999999776482579,0.0,0.0,0.0,0.0,0.0,-0.02109998464584356,2.0,10.0,06-16,-1.2259249977457027
06-02,-1.0,-10.0,7.300000011920929,0.0,0.0,0.009999999776482579,0.0,0.0,0.0,0.0,0.0,-0.4065999910235405,2.0,10.0,06-17,-0.34138333161051077
06-03,0.0,-7.0,7.300000011920929,0.0,0.0,0.009999999776482579,0.0,0.0,0.0,0.0,0.0,-0.12660000473260882,2.0,10.0,06-18,0.015283333913733559
06-04,20.0,-7.0,7.300000011920929,0.0,0.0,0.009999999776482579,0.0,0.0,0.0,0.0,0.0,-0.38550000637769694,3.0,9.0,06-19,1.6603750004433095
06-05,15.0,-7.0,7.300000011920929,0.0,0.0,0.009999999776482579,0.0,0.0,0.00799999968148768,0.0,0.38960000220686203,-0.38550000637769694,5.0,7.0,06-20,1.2768416672673386
06-06,0.0,-7.0,7.300000011920929,0.0,0.0,0.0,0.0,0.0,0.00799999968148768,0.0,0.38960000220686203,-0.38550000637769694,3.0,9.0,06-21,0.026008333952631805
06-07,0.0,-1.0,7.300000011920929,0.0,0.0,0.0,0.0,0.0,0.00799999968148768,0.0,0.38960000220686203,-0.38550000637769694,3.0,9.0,06-22,0.5260083339526318
06-08,0.0,-1.0,-6.0,0.0,0.0,0.0,0.0,0.0,0.00799999968148768,0.0,0.38960000220686203,-0.38550000637769694,2.0,10.0,06-23,-0.5823250003741123
06-09,12.0,4.0,-6.0,0.0,0.0,0.0,0.0,0.0,0.00799999968148768,0.0,0.38960000220686203,-0.38550000637769694,4.0,8.0,06-24,0.8343416662925544
06-10,1.0,-7.0,-6.0,0.0,0.0,0.0,0.0,0.0,0.00799999968148768,0.0,0.38960000220686203,-0.38550000637769694,3.0,9.0,06-25,-0.9989916670407789
06-11,1.0,-7.0,0.0,0.0,0.0,0.0,0.0,0.0,0.00799999968148768,0.0,0.38960000220686203,-0.38550000637769694,3.0,9.0,06-26,-0.49899166704077896
06-12,1.0,0.0,0.0,0.0,0.0,0.0,0.0,0.0,0.00799999968148768,0.0,0.38960000220686203,-0.38550000637769694,3.0,9.0,06-27,0.0843416662925544
06-13,0.0,4.0,0.0,0.0,0.0,0.0,0.0,0.0,0.00799999968148768,0.0,0.38960000220686203,0.0,3.0,9.0,06-28,0.3664666668240291
06-14,0.0,0.0,0.0,0.0,0.0,0.0,0.0,0.0,0.00799999968148768,0.0,0.38960000220686203,-0.0033999979496002197,2.0,10.0,06-29,0.03285000032822912
06-15,-9.0,0.0,0.0,0.0,0.0,0.0,0.0,0.0,9.999983012676282e-05,0.0,0.38960000220686203,-0.0033999979496002197,2.0,10.0,06-30,-0.7178083329927176
06-16,-9.0,-4.0,0.0,0.0,0.0,0.0,0.0,0.0,-0.007899999851360917,0.0,0.38960000220686203,-0.0033999979496002197,1.0,11.0,07-01,-1.051808332966175
06-17,-9.0,-6.0,0.0,0.0,0.0,0.0,0.0,0.0,-0.007899999851360917,0.0,0.38960000220686203,-0.0033999979496002197,1.0,11.0,07-02,-1.2184749996328417
06-18,-9.0,-9.0,0.0,0.0,0.0,0.0,0.0,0.0,-0.007899999851360917,0.0,0.0,-0.0033999979496002197,0.0,12.0,07-03,-1.5009416664834134
06-19,-9.0,-9.0,0.0,0.0,0.0,0.0,0.0,0.0,-0.007899999851360917,0.0,0.0,-0.0033999979496002197,0.0,12.0,07-04,-1.5009416664834134
06-20,-9.0,-9.0,0.0,0.0,0.0,0.0,0.0,0.0,-0.007899999851360917,0.0,0.0,-0.0033999979496002197,0.0,12.0,07-05,-1.5009416664834134
06-21,0.0,-9.0,0.0,0.0,0.0,0.0,0.0,0.0,-0.007899999851360917,0.0,0.0,-0.0033999979496002197,0.0,12.0,07-06,-0.7509416664834134
06-22,0.0,-9.0,0.0,0.0,0.0,0.0,0.0,0.0,-0.007899999851360917,0.0,0.0,-0.0033999979496002197,0.0,12.0,07-07,-0.7509416664834134
06-23,-10.0,0.0,0.0,0.0,0.0,0.0,0.0,0.0,-0.007899999851360917,0.0,0.0,-0.0033999979496002197,0.0,12.0,07-08,-0.8342749998167468
06-24,-1.0,-2.0,0.0,0.0,0.0,0.0,0.0,0.0,-0.007899999851360917,0.0,0.0,-0.0033999979496002197,0.0,12.0,07-09,-0.25094166648341343
06-25,0.0,2.0,0.0,0.0,0.0,0.0,0.0,0.0,-0.007899999851360917,0.0,0.0,0.30000000447034836,2.0,10.0,07-10,0.19100833371824896
06-26,0.0,0.0,0.0,0.0,0.0,0.0,0.0,0.0,-0.007899999851360917,0.0,0.0,0.30000000447034836,1.0,11.0,07-11,0.024341667051582288
06-27,0.0,0.0,0.0,0.0,0.0,0.0,0.0,0.0,-0.007899999851360917,0.0,0.0,0.30000000447034836,1.0,11.0,07-12,0.024341667051582288
06-28,0.0,-3.0,0.0,0.0,0.0,0.0,0.0,0.0,0.0,0.0,0.0,0.30000000447034836,1.0,11.0,07-13,-0.22499999962747097
06-29,9.0,-5.0,1.0,0.0,0.0,0.0,0.0,0.0,0.0,0.0,0.0,0.30000000447034836,3.0,9.0,07-14,0.4416666670391957
06-30,-3.0,-3.0,1.0,0.0,0.0,0.0,0.0,0.0,0.0,0.0,-0.2698000073432923,0.30000000447034836,2.0,10.0,07-15,-0.414150000239412
07-01,-20.0,-7.0,0.0,0.0,0.0,0.0,0.0,0.0,0.0,0.0,-0.2698000073432923,0.30000000447034836,1.0,11.0,07-16,-2.2474833335727453
07-02,-20.0,-7.0,0.0,0.0,0.0,0.0,0.0,0.0,0.0,0.0,-0.24979999661445623,0.30000000447034836,1.0,11.0,07-17,-2.245816666012009
07-03,-10.0,-4.0,0.0,0.0,0.0,0.0,0.0,0.0,0.00010000006295740604,0.0,-0.2698000073432923,0.30000000447034836,2.0,10.0,07-18,-1.1641416669008322
07-05,-15.0,-4.0,0.0,0.0,0.0,0.0,0.0,0.0,0.00010000006295740604,0.0,-0.38100000284612184,0.30000000447034836,2.0,10.0,07-20,-1.5900749998594013
07-06,-15.0,11.0,0.0,0.0,0.0,0.0,0.0,0.0,0.00010000006295740604,0.0,-0.38100000284612184,0.30000000447034836,3.0,9.0,07-21,-0.3400749998594013
07-07,-15.0,11.0,0.0,0.0,0.0,0.0,0.0,0.0,0.00010000006295740604,0.0,-0.24979999661445623,0.30000000447034836,3.0,9.0,07-22,-0.32914166600676253
07-08,-16.0,11.0,0.0,0.0,0.0,0.0,0.0,0.0,0.00010000006295740604,0.0,-0.24979999661445623,0.0,2.0,10.0,07-23,-0.4374749997126249
07-09,-16.0,11.0,0.0,0.0,0.0,0.0,0.0,0.0,0.00010000006295740604,0.0,-0.31980000436306005,0.0,2.0,10.0,07-24,-0.4433083336916752
07-10,-25.0,15.0,5.0,0.0,0.0,0.0,0.0,0.0,0.00010000006295740604,0.0,-0.2398000061511994,0.0,3.0,9.0,07-25,-0.43664166717402014
07-11,-13.0,20.0,5.0,0.0,0.0,0.0,0.0,0.0,0.00010000006295740604,0.0,0.030000001192092896,0.0,4.0,8.0,07-26,1.0025083334379208
07-12,12.0,20.0,0.0,0.0,0.0,0.0,0.0,0.0,0.00010000006295740604,0.0,0.030000001192092896,0.0,4.0,8.0,07-27,2.6691750001045875
07-13,-3.0,6.0,-5.0,0.0,0.0,0.0,0.0,0.0,0.00010000006295740604,0.0,0.009999990463256836,0.0,3.0,9.0,07-28,-0.16582500078948215
07-14,20.0,10.0,-5.0,0.0,0.0,0.0,0.0,0.0,0.0,0.0,0.009999990463256836,0.0873000025749206,4.0,8.0,07-29,2.091441666086515
07-15,20.0,-14.89999961853027,0.0,0.0,0.0,0.0,0.0,0.0,0.0,0.0,0.009999990463256836,0.0873000025749206,3.0,9.0,07-30,0.43310836454232565
07-16,25.0,-19.89999961853027,0.0,0.0,0.0,0.0,0.0,0.0,0.0,0.0,-0.02659999579191208,0.0873000025749206,2.0,10.0,07-31,0.4300583656877282
07-17,25.0,-19.89999961853027,0.0,0.0,0.0,0.0,0.0,0.0,0.0,0.0,0.08459999971091747,0.0873000025749206,3.0,9.0,08-01,0.4393250319796307
07-18,25.0,-20.0,0.0,0.0,0.0,0.0,0.0,0.0,0.0,0.0,-0.04660000652074814,0.0873000025749206,2.0,10.0,08-02,0.4200583330045144
07-19,25.0,0.0,0.0,0.0,0.0,0.0,0.0,0.0,0.0,0.0,-0.04660000652074814,0.0873000025749206,2.0,10.0,08-03,2.086724999671181
07-20,25.0,-15.0,1.5,0.0,0.0,0.0,0.0,0.0,0.0,0.0,0.023400001227855682,-0.30000000447034836,3.0,9.0,08-04,0.9352833330631256
07-21,20.0,-15.0,1.5,0.0,0.0,0.0,0.0,0.0,0.0,0.0,0.023400001227855682,-0.30000000447034836,3.0,9.0,08-05,0.518616666396459
07-22,25.0,-5.0,1.5,0.0,0.0,0.0,0.0,0.0,0.0,0.0,0.023400001227855682,-0.30000000447034836,3.0,9.0,08-06,1.7686166663964589
07-23,0.0,-5.0,1.5,0.0,0.0,0.0,0.0,0.0,0.0,0.0,-0.056599996984004974,-0.30000000447034836,1.0,11.0,08-07,-0.32138333345452946
07-24,15.0,-5.0,-0.5,0.0,-0.0007999999870662577,0.0,0.0,-0.12799999513663352,0.0,0.0,-0.056599996984004974,-0.30000000447034836,1.0,11.0,08-08,0.7512166669518289
07-25,0.0,5.0,-0.5,0.0,-0.0007999999870662577,0.0,0.0,-0.12799999513663352,0.0,0.0,-0.056599996984004974,-0.38730000704526896,1.0,11.0,08-09,0.3272750000705855
07-26,0.0,5.0,-2.0,0.0,-0.0007999999870662577,0.0,0.0,-0.12799999513663352,0.0,0.0,-0.056599996984004974,-0.38730000704526896,1.0,11.0,08-10,0.20227500007058552
07-27,0.0,-5.0,-2.0,0.0,-0.0007999999870662577,0.0,0.0,-0.12799999513663352,0.0,0.0,0.0,-0.38730000704526896,0.0,12.0,08-11,-0.6263416668474141
07-28,0.0,14.89999961853027,0.0,0.0,-0.0007999999870662577,0.0,0.0,-0.12799999513663352,0.0,0.0,0.0,-0.38730000704526896,1.0,11.0,08-12,1.1986583013634418
07-29,0.0,10.0,0.0,0.0,-0.0007999999870662577,0.0,0.0,-0.12799999513663352,0.0,0.0,0.0,-0.38730000704526896,1.0,11.0,08-13,0.7903249998192526
07-30,-2.0,-10.0,0.0,0.0,-0.0007999999870662577,0.0,0.0,-0.12799999513663352,0.0,0.0,0.0,-0.38730000704526896,0.0,12.0,08-14,-1.0430083335140807
07-31,-2.0,5.0,0.0,0.0,-0.0007999999870662577,0.0,0.0,-0.12799999513663352,0.0,0.0,0.0,0.0,1.0,11.0,08-15,0.23926666707302502
08-01,3.0,5.0,-1.5,0.0,-0.0007999999870662577,0.0,0.0,-0.12799999513663352,0.0,0.0,0.0,0.0,2.0,10.0,08-16,0.5309333337396916
08-02,3.0,1.0,-1.5,0.0,-0.0007999999870662577,0.0,0.0,-0.12799999513663352,0.0,0.0,0.0,0.0,2.0,10.0,08-17,0.19760000040635836
08-03,3.0,-9.0,0.0,0.0,-0.0007999999870662577,-0.009999999776482579,0.0,-0.12799999513663352,0.0,0.0,0.0,0.0,1.0,11.0,08-18,-0.5115666662416819
08-04,-2.0,-9.0,0.0,0.0,-0.0007999999870662577,-0.009999999776482579,0.0,0.002999999793246389,0.0,0.0,0.0,0.0,1.0,11.0,08-19,-0.9173166666641919
08-05,0.0,1.0,0.0,0.0,-0.0007999999870662577,-0.009999999776482579,0.0,0.002999999793246389,0.0,0.0,0.19660001248121262,0.0,3.0,9.0,08-20,0.09906666770924251
08-06,-3.0,1.0,0.0,0.0,0.0,-0.009999999776482579,0.0,0.002999999793246389,0.0,0.0,0.19660001248121262,-0.05000000074505806,3.0,9.0,08-21,-0.15503333235392347
08-07,-3.0,1.0,0.0,0.0,0.0,-0.009999999776482579,0.0,0.002999999793246389,0.0,0.0,0.19660001248121262,-0.05000000074505806,3.0,9.0,08-22,-0.15503333235392347
08-08,-3.0,0.0,0.0,0.0,0.0,-0.009999999776482579,0.0,0.002999999793246389,0.0,0.0,0.29660000652074814,-0.05000000074505806,2.0,10.0,08-23,-0.23003333285062885
08-09,-10.0,0.0,0.0,0.0,0.0,-0.009999999776482579,0.0,0.002999999793246389,0.0,0.005499999970197678,0.29660000652074814,-0.05000000074505806,3.0,9.0,08-24,-0.8129083328531124
08-10,-10.0,-9.0,0.0,0.0,0.0,-0.009999999776482579,0.0,0.002999999793246389,0.0,0.005499999970197678,0.29660000652074814,-0.05000000074505806,3.0,9.0,08-25,-1.5629083328531124
08-11,-10.0,-3.0,0.0,0.0,0.0009000000500236636,-0.009999999776482579,0.0,0.002999999793246389,0.0,0.005499999970197678,0.4065999910235405,-0.05000000074505806,4.0,8.0,08-26,-1.053666667473711
08-12,-8.0,-5.0,0.0,0.0,0.0009000000500236636,-0.009999999776482579,0.0,0.002999999793246389,0.0,0.005499999970197678,0.4065999910235405,-0.05000000074505806,4.0,8.0,08-27,-1.053666667473711
08-13,-6.0,-1.0,0.0,0.0,0.0009000000500236636,-0.009999999776482579,0.0,0.002999999793246389,0.0,0.005499999970197678,0.4065999910235405,-0.05000000074505806,4.0,8.0,08-28,-0.5536666674737111
08-14,-6.0,-1.0,0.0,0.0,0.0009000000500236636,0.0,0.0,0.002999999793246389,0.0,0.005499999970197678,0.4065999910235405,-0.05000000074505806,4.0,8.0,08-29,-0.5528333341590042
08-15,-6.0,2.0,0.0,0.0,0.0009000000500236636,0.0,0.0,0.002999999793246389,0.0,0.005499999970197678,0.4065999910235405,-0.05000000074505806,5.0,7.0,08-30,-0.30283333415900415
08-16,-8.0,2.0,0.0,0.0,0.0009000000500236636,0.0,0.0,0.002999999793246389,0.0,0.005499999970197678,0.20999997854232788,-0.05000000074505806,5.0,7.0,08-31,-0.4858833351991052
08-17,-8.0,2.0,0.0,0.0,0.0009000000500236636,0.0,0.0,0.0,0.0,0.005499999970197678,0.20999997854232788,-0.05000000074505806,4.0,8.0,09-01,-0.48613333518187574
08-18,-14.0,3.0,0.0,0.0,0.0009000000500236636,0.0,0.0,0.0,0.0,0.005499999970197678,0.20999997854232788,-0.05000000074505806,4.0,8.0,09-02,-0.9028000018485424
08-19,-11.0,4.0,0.0,0.0,0.0009000000500236636,0.0,0.0,0.0,0.0,0.005499999970197678,0.20999997854232788,0.0,4.0,8.0,09-03,-0.5653000017864542
08-20,-5.0,4.0,0.0,0.0,0.0009000000500236636,0.0,0.0,0.0,0.0,0.00559999980032444,0.20999997854232788,0.0,4.0,8.0,09-04,-0.065291668467277
08-21,-5.0,3.0,0.0,0.0,0.0009000000500236636,0.0,0.0,0.0,0.0,0.00559999980032444,0.10999998450279236,0.0,4.0,8.0,09-05,-0.1569583346372383
08-22,-5.0,3.0,0.0,0.0,0.0,0.0,0.0,0.0,0.0,9.999983012676239e-05,0.0,0.0,2.0,10.0,09-06,-0.16665833334748945
08-23,-5.0,1.0,1.5,0.0,0.0,0.0,0.0,0.0,0.0,0.1999999936670065,0.0,0.0,3.0,9.0,09-07,-0.19166666719441613
08-24,-5.0,-5.0,1.5,0.0,0.0,0.0,0.0,0.0,0.0,0.1999999936670065,0.0,0.0,2.0,10.0,09-08,-0.6916666671944162
08-25,-5.0,2.0,1.5,0.0,0.0,0.0,0.0,0.0,0.0,0.1999999936670065,-0.20999997854232788,0.0,3.0,9.0,09-09,-0.12583333207294345
08-26,-7.0,-5.0,1.5,0.0,0.0,0.0,0.0,0.0,0.0,0.1999999936670065,-0.20999997854232788,0.0,2.0,10.0,09-10,-0.8758333320729434
08-27,-5.0,-7.0,1.5,0.0,0.0,0.0,0.0,0.0,0.0,0.1999999936670065,-0.20999997854232788,0.05499999597668648,3.0,9.0,09-11,-0.8712499990748862
08-28,-5.0,-5.0,1.5,0.0,0.0,0.0,0.0,0.0,0.0,0.19000000320374966,-0.20999997854232788,0.05499999597668648,3.0,9.0,09-12,-0.7054166649468243
08-29,-1.0,-5.0,1.5,0.0,0.0,0.0,0.0,0.0,0.0,0.19000000320374966,-0.019999980926513616,0.05499999597668648,3.0,9.0,09-13,-0.3562499984788398
08-30,-1.0,-6.0,2.5,0.0,0.0,0.0,0.0,0.0,0.0,0.1899000033736229,-0.019999980926513616,0.05000000074505806,3.0,9.0,09-14,-0.3566749980673194
08-31,-1.0,3.0,1.0,0.0,0.0,0.0,0.0,0.0,0.0,0.1899000033736229,-0.019999980926513616,0.05000000074505806,4.0,8.0,09-15,0.2683250019326806
09-01,4.0,3.0,1.0,0.0,0.0,0.0,0.0,0.0,0.0,0.1899000033736229,-0.019999980926513616,0.05000000074505806,5.0,7.0,09-16,0.6849916685993472
09-02,0.0,1.0,0.0,0.0,0.0,0.0,0.0,0.0,0.0,0.1899000033736229,-0.019999980926513616,0.05000000074505806,3.0,9.0,09-17,0.10165833526601394
09-03,0.0,1.0,0.0,0.0,0.0,0.0,0.0,0.0,0.0,0.1899000033736229,-0.019999980926513616,0.05000000074505806,3.0,9.0,09-18,0.10165833526601394
09-04,0.0,-6.0,0.0,0.0,0.0,0.0,0.0,0.0,0.0,0.1899000033736229,-0.019999980926513616,0.05000000074505806,2.0,10.0,09-19,-0.4816749980673194
09-05,0.0,-6.0,0.0,0.0,0.0,0.0,0.0,0.0,0.0,-0.009999990463256836,0.18999999761581426,0.05000000074505806,2.0,10.0,09-20,-0.48083333267519873
09-06,0.0,-6.0,0.0,0.0,0.0,0.0,0.0,0.0,0.0,-0.009999990463256836,0.18999999761581426,0.05000000074505806,2.0,10.0,09-21,-0.48083333267519873
09-07,5.0,-6.0,0.0,0.0,0.0,0.0,0.0,0.0,0.0,-0.009999990463256836,0.18999999761581426,0.05000000074505806,3.0,9.0,09-22,-0.06416666600853205
09-08,0.0,-1.0,0.0,0.0,0.0,0.0,0.0,0.0,0.0,0.0,0.18999999761581426,0.05000000074505806,2.0,10.0,09-23,-0.06333333346992731
09-09,3.0,0.0,0.0,0.0,0.0,0.0,0.0,0.0,0.0,0.0,0.18999999761581426,-0.004999995231628418,2.0,10.0,09-24,0.2654166668653488
09-10,5.0,-1.0,0.0,0.0,0.0,0.0,0.0,0.0,0.0,0.0,0.18999999761581426,0.0,2.0,10.0,09-25,0.3491666664679845
09-11,0.0,1.0,0.0,0.0,0.0,0.0,0.0,0.0,0.0,0.0,0.0,0.0,1.0,11.0,09-26,0.08333333333333333
09-12,5.0,1.0,0.0,0.0,0.0,0.0,0.0,0.0,0.0,0.0,-0.040000021457672175,0.0,2.0,10.0,09-27,0.49666666487852734
09-13,5.0,1.0,0.0,0.0,0.0,0.0,0.0,0.0,0.0,0.0,-0.040000021457672175,0.0,2.0,10.0,09-28,0.49666666487852734
09-14,5.0,1.0,0.0,0.0,0.0,0.0,0.0,0.0,0.0,0.0,-0.040000021457672175,0.0,2.0,10.0,09-29,0.49666666487852734
09-15,5.0,-14.0,0.0,0.0,0.0,0.0,0.0,0.0,0.0,0.0,-0.040000021457672175,0.0,1.0,11.0,09-30,-0.7533333351214727
09-16,0.0,-15.0,0.0,0.0,0.0,0.0,0.0,0.0,0.0,0.0,-0.18999999761581426,0.0,0.0,12.0,10-01,-1.2658333331346512
09-17,-5.0,-15.0,0.0,0.0,0.0,0.0,0.0,0.0,0.0,0.0,-0.18999999761581426,0.0,0.0,12.0,10-02,-1.682499999801318
09-18,0.0,-15.0,0.0,0.0,0.0,0.0,0.0,0.0,0.0,0.0,-0.18999999761581426,0.0,0.0,12.0,10-03,-1.2658333331346512
09-19,0.0,-15.0,0.0,0.0,0.00899999972898513,0.0,0.0,0.0,0.0,0.0,-0.18999999761581426,0.0,1.0,11.0,10-04,-1.2650833331572358
09-20,10.0,-2.0,0.0,0.0,0.00899999972898513,0.0,0.0,0.0,0.0,0.0,-0.18999999761581426,0.009999997913837447,3.0,9.0,10-05,0.6524166666689174
09-21,10.0,-2.0,0.0,0.0,0.00899999972898513,0.0,0.0,0.0,0.0,0.0,-0.18999999761581426,0.009999997913837447,3.0,9.0,10-06,0.6524166666689174
09-22,7.0,-2.0,0.0,0.0,0.00899999972898513,0.0,0.0,0.0,0.0,0.0,-0.18999999761581426,0.009999997913837447,3.0,9.0,10-07,0.40241666666891734
09-23,10.0,13.0,0.0,0.0,0.00899999972898513,0.0,0.0,0.0,0.0,-0.1989000029861927,-0.18999999761581426,0.009999997913837447,4.0,8.0,10-08,1.885841666420068
09-24,10.0,0.0,0.0,0.0,0.00899999972898513,0.0,0.0,0.0,0.0,-0.1989000029861927,0.019999980926513616,0.009999997913837447,4.0,8.0,10-09,0.8200083312985953
09-25,10.0,0.0,0.0,0.0,0.00899999972898513,0.0,0.0,0.0,0.0,-0.19800000288523734,-0.19499999284744263,0.009999997913837447,3.0,9.0,10-10,0.8021666668258453
09-26,0.0,0.0,0.0,0.0,0.00899999972898513,0.0,0.0,0.0,0.0,-0.19590000296011567,-0.19499999284744263,0.009999997913837447,2.0,10.0,10-11,-0.030991666513727978
09-27,5.0,1.0,0.0,0.0,0.00899999972898513,0.0,0.0,0.0,0.0,-0.1989000029861927,-0.04500001668930054,0.009999997913837447,4.0,8.0,10-12,0.4812583314972774
09-28,-10.0,-6.0,0.0,0.0,0.00899999972898513,0.0,0.0,0.0,0.0,-0.1989000029861927,-0.04500001668930054,0.0,1.0,11.0,10-13,-1.3529083349955424
09-29,-5.0,-6.0,0.0,0.0,0.00899999972898513,0.0,0.0,0.0,0.0,-0.1989000029861927,-0.04500001668930054,0.0,1.0,11.0,10-14,-0.9362416683288757
09-30,-5.0,-3.0,0.0,0.0,0.00899999972898513,0.0,0.0,0.0,0.0,-0.1989000029861927,0.20999997854232788,0.0,2.0,10.0,10-15,-0.6649916687262399
10-01,5.0,-4.0,0.0,0.0,0.00899999972898513,0.0,0.0,0.0,0.0,-0.1989000029861927,0.0,-0.009999997913837447,2.0,10.0,10-16,0.06667499990241292
10-02,0.0,-4.0,0.0,0.0,0.0,0.0,0.0,0.0,0.0,-0.1989000029861927,0.009999990463256836,-0.009999997913837447,1.0,11.0,10-17,-0.34990833420306444
10-03,5.0,-4.0,0.0,0.0,0.0,0.0,0.0,0.0,0.0,-0.19600000279024243,0.009999990463256836,-0.009999997913837447,2.0,10.0,10-18,0.06699999914659809
10-04,5.0,-4.0,0.0,0.0,0.0,0.0,0.0,0.0,0.0,0.002900000195950269,0.009999990463256836,-0.009999997913837447,3.0,9.0,10-19,0.08357499939544748
10-05,-5.0,-5.0,0.0,0.0,0.0,0.0,0.0,0.0,0.0,0.002900000195950269,-0.19999998807907104,-0.009999997913837447,1.0,11.0,10-20,-0.8505916654830799
10-06,0.0,3.0,0.0,0.0,0.0,0.0,0.0,0.0,0.0,0.002000000094994902,-0.19999998807907104,-0.009999997913837447,2.0,10.0,10-21,0.23266666784184054
10-07,4.0,2.0,0.0,0.0,0.0,0.0,0.0,0.0,0.0,0.002000000094994902,-0.19999998807907104,-0.009999997913837447,3.0,9.0,10-22,0.48266666784184054
10-08,5.0,2.0,0.0,0.0,0.0,0.0,0.0,0.0,0.0,0.002000000094994902,0.05500000715255737,-0.009999997913837447,4.0,8.0,10-23,0.5872500007778095
10-09,20.0,2.0,0.0,0.0,0.0,0.0,0.0,0.0,0.0,-9.999983012676326e-05,0.1550000011920929,0.0,3.0,9.0,10-24,1.8462416667801638
10-10,15.0,3.0,0.0,0.0,0.0,0.0,0.0,0.0,0.0,0.002900000195950269,0.05500000715255737,0.0,4.0,8.0,10-25,1.5048250006123756
10-11,20.0,3.0,0.0,0.0,0.0,0.0,0.0,0.0,0.0,0.002900000195950269,-0.19999998807907104,0.0,3.0,9.0,10-26,1.9002416676764067
10-12,20.0,3.0,0.0,0.0,0.0,0.0,0.0,0.0,0.0,0.002900000195950269,0.009999990463256836,0.0,4.0,8.0,10-27,1.9177416658882673
10-13,10.0,-0.10000038146972656,0.0,0.0,0.0,0.0,0.0,0.0,0.0,0.002900000195950269,0.0,0.0,2.0,9.0,10-28,0.8252416348938519
10-14,5.0,-1.1000003814697266,0.0,0.0,0.0,0.0,0.0,0.0,0.0,0.002900000195950269,0.0,0.0,2.0,9.0,10-29,0.325241634893852
10-15,8.0,-0.10000038146972656,0.0,0.0,0.0,0.0,0.0,0.0,0.0,0.002900000195950269,-0.009999990463256836,0.0,2.0,9.0,10-30,0.6577416356885806
10-16,18.0,-1.1000003814697266,0.0,0.0,0.0,0.0,0.0,0.0,0.0,0.0,-0.009999990463256836,0.0,1.0,10.0,10-31,1.4074999690055847
10-17,8.0,-3.0,0.0,0.0,0.0,0.0,0.0,0.0,0.0,0.0,-0.009999990463256836,0.0,1.0,11.0,11-01,0.41583333412806195
10-18,5.0,-3.0,0.0,0.0,0.0,0.0,0.0,0.0,0.0,0.0,-0.009999990463256836,0.0,1.0,11.0,11-02,0.16583333412806192
10-19,5.0,-3.0,0.0,0.0,0.0,0.0,0.0,0.0,0.0,0.0,-0.009999990463256836,0.0,1.0,11.0,11-03,0.16583333412806192
10-20,1.0,-2.0,0.0,0.0,0.0,0.0,0.0,0.0,0.0,0.0,0.35600000619888306,0.0,2.0,10.0,11-04,-0.05366666615009308
10-21,0.0,-3.0,0.0,0.0,0.0,0.0,0.0,0.0,0.0,0.0,0.35600000619888306,0.0,1.0,11.0,11-05,-0.22033333281675974
10-22,-4.0,-3.0,0.0,0.0,0.0,0.0,0.0,0.0,0.0,0.0,-0.08799999952316279,0.0,0.0,12.0,11-06,-0.5906666666269302
10-23,-4.0,-3.0,0.0,0.0,0.0,0.0,0.0,-0.002999999793246389,0.0,0.0,0.011999994516372736,0.0,1.0,11.0,11-07,-0.5825833337730728
10-24,6.0,-10.0,0.0,0.0,0.009999999776482582,0.0,0.0,-0.002999999793246389,0.0,0.0,0.021999984979629572,0.0,3.0,9.0,11-08,-0.3309166679197612
10-25,10.0,-10.0,0.0,0.0,0.009999999776482582,0.0,0.0,-0.002999999793246389,0.0,0.0,0.021999984979629572,0.0,3.0,9.0,11-09,0.002416665413572147
10-26,5.0,-9.899999618530273,0.0,0.0,0.009999999776482582,0.0,0.0,-0.002999999793246389,0.0,0.0,0.021999984979629572,0.0,3.0,9.0,11-10,-0.4059166361306173
10-27,0.0,-3.8999996185302734,0.0,0.0,0.009999999776482582,0.0,0.0,-0.002999999793246389,0.0,0.0,0.021999984979629572,0.0,2.0,10.0,11-11,-0.322583302797284
10-28,0.0,-2.0,0.0,0.0,0.009999999776482582,0.0,0.0,-0.002999999793246389,0.0,0.0,0.021999984979629572,0.0,2.0,10.0,11-12,-0.16425000125309452
10-29,3.0,-2.0,0.0,0.0,0.0020000003278255463,0.0,0.0,-0.002999999793246389,0.0,0.0,0.08599999547004705,0.0299999937415123,4.0,8.0,11-13,0.09291666581217821
10-30,3.0,-2.0,0.0,0.0,0.0020000003278255463,0.0,0.0,-0.002999999793246389,0.0,0.0,0.6639999747276306,0.0299999937415123,4.0,8.0,11-14,0.14108333075031018
10-31,3.0,-2.0,0.0,0.0,0.0020000003278255463,0.0,0.0,-0.002999999793246389,0.0,0.0,0.2979999780654907,0.0299999937415123,4.0,8.0,11-15,0.11058333102846518
11-01,-10.0,-2.0,0.0,0.0,0.0020000003278255463,0.0,0.0,-0.002999999793246389,0.0,0.0,0.2979999780654907,0.0299999937415123,3.0,9.0,11-16,-0.9727500023048682
11-02,-6.0,-3.0,0.0,0.0,0.0020000003278255463,0.0,0.0,-0.002999999793246389,0.0,0.0,0.6419999897480011,0.0299999937415123,3.0,9.0,11-17,-0.694083334664659
11-03,-6.0,-3.0,3.990000009536743,0.0,0.0020000003278255463,0.0,0.0,0.0,0.0,0.0,0.6419999897480011,0.0299999937415123,4.0,8.0,11-18,-0.3613333338871598
11-04,-21.0,4.0,3.990000009536743,0.0,0.0020000003278255463,0.0,0.009999999776482579,0.0,0.0,0.0,0.6419999897480011,0.0299999937415123,6.0,6.0,11-19,-1.0271666672391195
11-05,-10.0,-1.0,3.990000009536743,0.0,0.0020000003278255463,0.0,0.009999999776482579,0.0,0.0,0.0,0.6419999897480011,0.0299999937415123,5.0,7.0,11-20,-0.5271666672391196
11-06,-5.0,-1.0,0.0,0.0,-0.007999999448657036,0.0,0.009999999776482579,0.0,0.0,0.0,0.6419999897480011,0.0299999937415123,3.0,9.0,11-21,-0.4438333346818884
11-07,-5.0,-3.0,0.0,0.0,-0.007999999448657036,0.0,0.009999999776482579,0.0,0.0,0.0,0.6419999897480011,0.0299999937415123,3.0,9.0,11-22,-0.6105000013485551
11-08,-5.0,0.0,0.0,0.0,-0.007999999448657036,0.0,0.009999999776482579,0.0,0.0,0.0,0.6419999897480011,0.0299999937415123,3.0,9.0,11-23,-0.3605000013485551
11-09,-2.0,0.0,0.0,0.0,0.0,0.0,0.009999999776482579,0.0,0.0,0.0,0.5779999792575836,0.0299999937415123,3.0,9.0,11-24,-0.11516666893536846
11-10,-4.0,0.0,-3.990000009536743,0.0,0.0,0.0,0.009999999776482579,0.0,0.0,0.0,0.5779999792575836,0.0299999937415123,3.0,9.0,11-25,-0.6143333363967637
11-11,-4.0,0.0,-3.990000009536743,0.0,0.0,0.0,0.009999999776482579,0.0,0.0,0.0,0.363999992609024,0.0,2.0,10.0,11-26,-0.6346666680959364
11-12,9.0,0.0,-3.990000009536743,0.0,0.0,0.0,0.009999999776482579,0.0,0.0,0.0,-0.21399998664855957,0.0,2.0,10.0,11-27,0.40050000029926497
11-13,5.0,1.0,-3.990000009536743,0.0,0.0,0.0,0.009999999776482579,0.0,0.0,0.0,-0.21399998664855957,0.0,3.0,9.0,11-28,0.150500000299265
11-14,5.0,1.0,-3.990000009536743,0.0,0.0,0.0,0.009999999776482579,0.0,0.0,0.0,-0.21399998664855957,0.0,3.0,9.0,11-29,0.150500000299265
11-15,5.0,1.0,-3.990000009536743,0.0,0.0,0.0,0.009999999776482579,0.0,0.0,0.0,-0.21399998664855957,0.0,3.0,9.0,11-30,0.150500000299265
11-16,5.0,3.0,-3.990000009536743,0.0,0.0,0.0,0.009999999776482579,0.0,0.0,0.0,-0.21399998664855957,0.0,3.0,9.0,12-01,0.31716666696593165
11-17,19.0,0.0,0.0,0.0,0.0,0.0,0.0,0.0,0.0,0.0,-0.21399998664855957,0.0,1.0,11.0,12-02,1.56550000111262
11-18,4.0,0.0,0.0,0.0,0.0,0.0,0.0,0.0,0.0,0.0,-0.21399998664855957,0.0,1.0,11.0,12-03,0.31550000111262005
11-19,4.0,0.0,0.0,0.0,0.0,0.0,0.0,0.0,0.0,0.0,-0.21399998664855957,0.0,1.0,10.0,12-04,0.31550000111262005
11-20,1.0,0.0,0.0,0.0,0.0,0.0,0.0,0.0,0.0,0.0,-0.21399998664855957,0.0,1.0,10.0,12-05,0.06550000111262004
11-21,0.0,0.0,0.0,0.0,0.0,0.0,0.0,0.0,0.0,0.0,-0.21399998664855957,0.0,0.0,11.0,12-06,-0.0178333322207133
11-22,0.0,-2.0,-0.25999999046325684,0.0,0.0,0.0,0.0,0.0,0.0,0.0,0.0,0.0,0.0,11.0,12-07,-0.18833333253860474
11-23,-4.0,0.0,-0.25999999046325684,0.0,0.0,0.0,0.0,0.0,0.0,0.0,0.0,0.0,0.0,11.0,12-08,-0.3549999992052714
11-24,-4.0,0.0,-0.25999999046325684,0.0,0.0,0.0,0.0,0.0,0.0,0.0,0.0,0.0,0.0,11.0,12-09,-0.3549999992052714
11-25,-6.0,0.0,-0.25999999046325684,0.0,0.0,0.0,0.0,0.0,0.0,0.0,0.0,0.0,0.0,11.0,12-10,-0.5216666658719381
11-26,-6.0,0.0,-0.25999999046325684,0.0,0.0,0.0,0.0,0.0,0.0,0.0,0.0,0.0,0.0,11.0,12-11,-0.5216666658719381
11-27,-6.0,0.0,-0.25999999046325684,0.0,0.0,0.0,0.0,0.0,0.0,0.0,0.0,0.0,0.0,11.0,12-12,-0.5216666658719381
11-28,-6.0,-2.0,-0.25999999046325684,0.0,0.0,0.0,0.0,0.0,0.0,0.0,0.0,0.0,0.0,11.0,12-13,-0.6883333325386047
11-29,-6.0,0.0,-0.25999999046325684,0.0,0.0,0.0,0.0,0.0,0.0,0.0,0.0,0.0,0.0,11.0,12-14,-0.5216666658719381
11-30,-9.0,-1.0,-0.25999999046325684,0.0,0.0,0.0,0.0,0.0,0.00020000012591481165,0.0,0.0,0.0,1.0,10.0,12-15,-0.8549833325281119
12-01,-11.0,-1.0,-0.25999999046325684,0.0,0.0,0.0,0.0,0.0,0.00020000012591481165,0.0,0.0,0.0,1.0,10.0,12-16,-1.0216499991947785
12-02,-7.0,1.0,-0.25999999046325684,0.0,0.0,0.0,0.0,0.0,0.00020000012591481165,0.0,0.0,0.0,2.0,9.0,12-17,-0.5216499991947785
12-03,-5.0,1.0,0.0,0.0,0.0,0.0,0.0,0.0,0.10019999742507936,0.0,0.0,0.0,2.0,9.0,12-18,-0.32498333354791004
12-04,-5.0,-1.0,2.150000095367432,0.0,0.0,0.0,0.0,0.0,0.10019999742507936,0.0,0.0,0.0,2.0,9.0,12-19,-0.31248332560062403
12-05,-5.0,-1.0,2.150000095367432,0.0,0.0,0.0,0.0,0.0,0.10019999742507936,0.0,0.0,0.0,2.0,9.0,12-20,-0.31248332560062403
12-06,-5.0,-1.0,2.150000095367432,0.0,0.0,0.0,0.0,0.0,0.10019999742507936,0.0,0.0,0.0,2.0,9.0,12-21,-0.31248332560062403
12-07,-5.0,2.0,0.25,0.0,0.0,0.0,0.0,0.0,0.10019999742507936,0.0,0.0,0.0,3.0,8.0,12-22,-0.22081666688124338
12-08,-5.0,0.0,0.25,0.0,0.0,0.0,0.0,0.0,0.10019999742507936,0.0,0.0,0.0,2.0,9.0,12-23,-0.38748333354791004
12-09,-2.0,1.0,0.25,0.0,0.0,0.0,0.0,0.0,0.10019999742507936,0.0,0.0,0.0,3.0,8.0,12-24,-0.05415000021457672
12-10,-2.0,1.0,0.25,0.0,0.0,0.0,0.0,0.0,0.10019999742507936,0.0,0.0,0.0,3.0,8.0,12-25,-0.05415000021457672
12-11,0.0,1.0,0.25,0.0,0.0,0.0,0.0,0.0,0.10019999742507936,0.0,-0.46799999475479126,0.0,3.0,8.0,12-26,0.07351666688919067
12-12,0.0,2.0,0.25,0.0,0.0,0.0,0.0,0.0,0.10019999742507936,0.0,-0.46799999475479126,0.0,3.0,8.0,12-27,0.15685000022252402
12-13,0.0,2.0,2.25,0.0,0.0,0.0,0.0,0.0,0.0,0.0,-0.46799999475479126,0.0,2.0,9.0,12-28,0.3151666671037674
12-14,0.0,2.0,2.25,0.0,0.0,0.0,0.0,0.0,-0.09999999729916455,0.0,-0.46799999475479126,0.0,2.0,9.0,12-29,0.30683333399550367
12-15,0.0,10.0,0.09999990463256792,0.0,0.0,0.0,0.0,0.0,-0.09999999729916455,0.0,-0.46799999475479126,0.0,2.0,9.0,12-30,0.7943333260482177
12-16,0.0,1.0,0.09999990463256792,0.0,0.0,0.0,0.0,0.0,-0.09999999729916455,0.0,-0.46799999475479126,0.0,2.0,9.0,12-31,0.04433332604821768
12-17,0.0,1.0,0.09999990463256792,0.0,0.0,0.0,0.0,0.0,-0.09999999729916455,0.0,-0.46799999475479126,0.0,2.0,9.0,01-01,0.04433332604821768
12-18,0.0,0.0,0.09999990463256792,0.0,0.0,0.0,0.0,0.0,-0.09999999729916455,0.0,-0.46799999475479126,0.0,1.0,10.0,01-02,-0.039000007285115657
12-19,0.0,0.0,0.09999990463256792,0.0,0.0,0.0,0.0,0.0,-0.09999999729916455,0.0,-0.46799999475479126,0.0,1.0,10.0,01-03,-0.039000007285115657
12-20,0.0,0.0,0.0,0.0,0.0,0.0,0.0,0.0,-0.09999999729916455,0.0,-0.46799999475479126,0.0,0.0,11.0,01-04,-0.047333332671162985
12-21,7.0,-1.0,0.0,0.0,0.0,0.0,0.0,0.0,-0.09999999729916455,0.0,0.0,0.0,1.0,10.0,01-05,0.49166666689173627
12-22,7.0,6.0,0.0,0.0,0.0,0.0,0.0,0.0,-0.09999999729916455,0.0,0.0,0.0,2.0,9.0,01-06,1.0750000002250697
12-23,7.0,-14.0,-2.0,0.0,0.0,0.0,0.0,0.0,0.0,0.0,0.0,0.0,1.0,10.0,01-07,-0.75
12-24,-1.0,-14.0,-2.0,0.0,0.0,0.0,0.0,0.0,0.0,0.0,0.0,0.0,0.0,11.0,01-08,-1.4166666666666667
12-26,-1.0,-14.0,-2.0,0.0,0.0,0.0,0.0,0.0,0.0,0.0,0.0,0.0,0.0,11.0,01-10,-1.4166666666666667
12-27,7.0,-5.0,0.0,0.0,0.0,0.0,0.0,0.0,0.0,0.0,0.0,0.0,1.0,10.0,01-11,0.16666666666666666
12-28,4.0,0.0,0.0,0.0,0.0,0.0,0.0,0.0,0.0,0.0,0.0,0.0,1.0,10.0,01-12,0.3333333333333333
12-29,5.0,0.0,-2.0,0.0,0.0,0.0,0.0,0.0,0.0,0.0,0.0,0.0,1.0,10.0,01-13,0.25
12-30,-1.0,0.0,0.0,0.0,0.0,0.0,0.0,0.0,0.0,0.0,0.0,0.0,0.0,11.0,01-14,-0.08333333333333333
12-31,-8.0,-7.0,0.0,0.0,0.0,0.0,0.0,0.0,0.0,0.0,0.0,0.0,0.0,11.0,01-15,-1.25
