,2009,2010,2011,2012,2013,2014,2015,2016,2017,2018,2019,2020,ups,downs,end_day_sum,avg
01-02,-6.299999237060543,4.200000762939453,2.4000015258789062,3.9000015258789062,3.8999996185302734,0.3000001907348624,-0.6000003814697248,0.5999994277954102,-0.3000001907348624,-0.2400000095367436,-0.029999971389770508,-0.06000000238418568,6.0,6.0,01-17,0.6475002715984983
01-03,0.6000003814697301,4.200000762939453,3.0,2.4000015258789062,2.3999996185302734,0.3000001907348624,-0.3000001907348624,0.5999994277954102,-0.3000001907348624,-0.2400000095367436,-0.23000001907348633,-0.12000000476837158,7.0,5.0,01-18,1.025833457708359
01-04,0.6000003814697301,5.700000762939453,0.5999984741210938,2.4000015258789062,1.799999237060545,0.0,-0.3000001907348624,0.2999992370605469,-0.3000001907348624,0.09000015258789107,-0.15000009536743164,-0.09000003337860119,7.0,5.0,01-19,0.887499938408534
01-05,0.6000003814697301,0.9000015258788991,4.200000762939453,2.700000762939453,2.3999996185302734,0.0,-0.3000001907348624,-1.1999998092651367,0.0,-0.25,-0.2400000095367436,-0.09000003337860119,5.0,7.0,01-20,0.7266669174035387
01-06,-8.10000038146973,4.799999237060547,2.4000015258789062,4.5,2.3999996185302734,0.0,-0.2999997138977051,-1.5,-0.3000001907348624,0.0,-0.2400000095367436,-0.18000000715255737,4.0,8.0,01-21,0.29000000655651065
01-07,-6.0,6.299999237060547,2.4000015258789062,1.7999992370605469,1.5,-0.30000019073486595,0.9000000953674325,0.0,0.5999999046325692,-0.1000001430511479,-0.2599999904632573,-0.11000001430511475,6.0,6.0,01-22,0.560833305120468
01-08,2.400001525878899,4.5,1.7999992370605469,2.0999984741210938,2.699999809265136,0.0,-0.5999999046325675,0.0,0.0,0.13999986648559526,0.049999952316283736,0.0,7.0,5.0,01-23,1.0908332467079156
01-09,2.7000007629394496,4.5,-2.4000015258789062,2.6999988555908203,-0.3000001907348633,0.5999994277954102,-0.2999997138977051,-0.3000001907348633,0.3000001907348633,0.13999986648559526,0.18000006675720215,0.2500000596046449,8.0,4.0,01-24,0.672499800721804
01-10,3.6000003814697195,5.700000762939453,0.8999977111816406,3.299999237060547,-0.3000001907348633,0.8999996185302761,-0.2999997138977051,-0.6000003814697266,0.0,0.05999994277954146,0.12000012397766113,0.20000004768371582,8.0,4.0,01-25,1.1316664616266883
01-11,2.39999961853027,4.5,0.5999984741210938,-3.8999996185302734,-0.9000005722045898,0.8999996185302761,0.0,-0.6000003814697266,-0.5999999046325684,0.2899999618530278,0.10000014305114702,0.30000007152557373,7.0,5.0,01-26,0.25749978423118586
01-12,2.39999961853027,-0.9000015258789062,0.8999977111816406,3.299999237060547,0.0,0.8999996185302761,-0.2999997138977051,-1.1999998092651367,-1.1999998092651367,0.2899999618530278,-0.039999961853027344,0.43000006675720215,6.0,6.0,01-27,0.38166628281275433
01-13,2.39999961853027,1.2000007629394531,1.7999992370605469,4.799999237060547,-0.5999994277954102,1.1999998092651376,-0.5999999046325675,-0.3000001907348633,-1.1999998092651367,0.2899999618530278,-0.05999994277954057,1.50000011920929,7.0,5.0,01-28,0.8691666225592294
01-14,2.39999961853027,-0.2999992370605469,4.200000762939453,4.799999237060547,1.2000007629394531,0.5999994277954093,0.0,-0.5999994277954102,-0.8999996185302743,0.4900000095367436,-0.05999994277954057,1.6199999451637268,7.0,5.0,01-29,1.1208334614833193
01-15,0.8999996185302699,1.799999237060554,1.7999992370605469,5.099998474121097,4.5,1.1999998092651376,0.0,-0.8999996185302734,-1.1999998092651376,0.5899999141693115,-0.25,1.2600001096725468,8.0,4.0,01-30,1.2333330810070045
01-16,1.5,0.9000015258789062,1.5,6.299999237060547,2.4000005722045916,3.000000000000001,0.2999997138977051,0.0,-0.8999996185302743,0.4900000095367436,0.5900001525878906,1.699999988079071,10.0,2.0,01-31,1.481666798392932
01-17,1.5,-0.2999992370605469,0.9000015258789062,2.0999984741210938,3.0,3.000000000000001,0.2999997138977051,0.5999994277954102,-0.8999996185302743,0.48000001907348544,0.38000011444091797,1.6100000143051147,10.0,2.0,02-01,1.0558333694934845
01-18,1.5,1.2000007629394531,2.0999984741210938,2.1000003814697266,2.1000003814697266,3.000000000000001,0.0,0.5999994277954102,-0.8999996185302743,0.6500000953674316,0.21000003814697266,1.550000011920929,10.0,2.0,02-02,1.1758333295583725
01-19,3.0,-0.2999992370605469,0.2999992370605469,2.1000003814697266,3.0,3.599999427795411,0.5999999046325675,0.5999994277954102,-0.2999997138977051,0.4100000858306885,0.13000011444091797,2.000000059604645,10.0,2.0,02-03,1.2616666406393051
01-20,1.5,-1.5,4.5,1.5,3.300000190734865,3.300000190734864,-0.5999999046325701,0.3000001907348633,-0.5999999046325684,0.4100000858306885,-0.07999992370605469,1.550000011920929,8.0,4.0,02-04,1.1316667447487514
01-21,-1.8000011444091761,-2.700000762939453,1.2000007629394531,2.3999996185302734,4.5,3.300000190734864,0.0,0.6000003814697266,-0.5999999046325684,0.4500000476837158,0.019999980926513672,1.8699999451637273,8.0,4.0,02-05,0.7699999262889229
01-22,-3.0,-1.5,1.5,3.0,3.6000003814697266,1.4999999999999982,-0.5999999046325701,0.6000003814697266,-0.5999999046325684,0.4500000476837158,0.3900001049041748,1.7500000000000004,8.0,4.0,02-06,0.5908334255218503
01-23,-3.0,0.9000015258789062,0.2999992370605469,3.2999992370605504,2.1000003814697266,2.9999999999999964,-0.30000019073486506,0.3000001907348633,-0.5999999046325684,0.5599999427795406,0.929999828338623,1.4199999570846558,9.0,3.0,02-07,0.7425000170866647
01-24,-3.0,0.9000015258789062,-2.0999984741210938,3.60000038146973,1.5,2.699999809265135,-0.30000019073486506,0.0,0.0,0.5,0.6099998950958248,0.3499999046325679,7.0,5.0,02-08,0.39666690429051715
01-25,-1.7999992370605504,2.1000022888183594,-3.299999237060547,0.0,-0.3000001907348633,3.3000001907348633,-0.9000000953674325,0.3000001907348633,0.0,0.19999980926513583,0.6099998950958248,0.19000005722045898,6.0,6.0,02-09,0.0333336393038427
01-26,-4.799999237060547,0.0,0.9000015258789062,-2.399999618530277,-3.59999942779541,2.700000762939455,-1.200000286102295,-0.2999992370605469,0.3000001907348633,0.09999990463256792,0.7100000381469727,0.0,5.0,7.0,02-10,-0.6324996153513592
01-27,-2.7000007629394496,4.5,1.2000007629394531,-3.6000003814697266,-2.3999996185302734,3.3000001907348633,-1.5,-0.6000003814697248,0.0,0.19999980926513583,0.3500001430511479,-0.009999990463256836,5.0,7.0,02-11,-0.10500001907348593
01-28,-0.2999992370605504,6.0,1.7999992370605469,0.6000003814697266,-3.299999237060547,4.199999809265135,0.3000001907348624,-0.5999994277954102,0.0,0.19999980926513583,0.2400000095367436,0.3999998569488521,8.0,4.0,02-12,0.7950001160303746
01-29,1.7999992370605504,4.5,0.6000022888183594,1.8000011444091832,-0.6000003814697301,1.1999998092651367,0.9000000953674299,-0.5999994277954102,0.0,0.3499999046325679,-0.5099999904632564,-0.009999990463256836,7.0,5.0,02-13,0.7858335574467978
01-30,0.2999992370605504,6.0,-2.3999977111816406,1.8000011444091832,0.0,1.2000007629394531,0.3000001907348624,-0.5999994277954102,-0.3000001907348633,0.3199999332427983,-0.2200000286102295,-0.4800000190734872,6.0,6.0,02-14,0.49333365758260145
01-31,1.7999992370605504,6.0,-3.5999984741210938,1.5000000000000036,-0.30000019073486506,1.5,1.5,-0.5999994277954102,0.0,0.09999990463256792,1.0000000000000004,-0.029999971389770952,7.0,5.0,02-15,0.7391667564709986
02-01,1.7999992370605504,5.099998474121094,-0.9000015258789062,0.0,-1.5,1.5,1.5,-0.5999994277954102,0.0,0.05999994277954057,0.9000000953674321,-0.34999990463256925,6.0,6.0,02-16,0.6258330742518109
02-02,3.0,6.0,0.9000015258789062,-1.2000007629394531,-0.6000003814697266,1.5,2.0999994277954093,0.2999992370605469,0.0,0.05999994277954057,0.529999971389771,-0.34999990463256925,8.0,4.0,02-17,1.019999921321869
02-03,2.1000003814697266,3.0,-0.2999992370605469,-1.5000000000000036,-0.6000003814697266,1.1999998092651385,0.5999999046325675,-0.3000001907348633,0.0,0.04999995231628418,0.529999971389771,-0.2999999523162846,6.0,6.0,02-18,0.3733333547910053
02-04,4.5,-2.700000762939453,2.0999984741210938,-1.8000011444091832,-1.2000007629394531,1.8000001907348633,3.000000476837159,0.5999994277954102,0.0,0.04999995231628418,0.7200000286102295,-0.45000004768371626,7.0,5.0,02-19,0.5516663193702694
02-05,3.2999992370605504,-3.9000015258789062,3.0,-1.8000011444091832,-0.6000003814697266,0.30000019073486506,3.6000003814697266,0.2999992370605469,0.0,0.10000014305114835,-0.049999952316284624,-0.36999988555908203,6.0,6.0,02-20,0.32333302497863786
02-06,6.299999237060547,-3.9000015258789062,3.0,-0.6000003814697301,-0.3000001907348633,1.1999998092651385,3.900000572204589,0.2999992370605469,-0.3000001907348633,1.0499999523162837,0.5399999618530269,-0.24000000953674272,7.0,5.0,02-21,0.9124997059504188
02-07,4.20000076293945,0.2999992370605469,4.5,-2.1000003814697266,-0.8999996185302734,0.6000003814697301,3.900000572204589,1.1999998092651367,0.5999999046325684,0.2600002288818355,0.9900000095367427,-0.23000001907348588,9.0,3.0,02-22,1.1100000739097595
02-08,4.20000076293945,0.2999992370605469,-0.2999992370605469,-0.8999996185302734,0.0,-0.8999996185302699,6.900000572204589,1.5,1.4999999999999991,-0.0399999618530269,1.100000143051147,-0.23000001907348588,6.0,6.0,02-23,1.0941668550173442
02-09,0.3000011444091797,-8.10000228881836,-0.9000015258789062,-1.2000007629394567,-0.5999994277954084,-0.8999996185302699,6.300000190734862,2.699999809265135,2.0999999046325692,-0.19000005722045898,1.2599999904632564,-0.3699998855590825,5.0,7.0,02-24,0.03333312273025498
02-10,-2.100000381469723,-6.900001525878906,0.2999992370605469,-1.2000007629394567,-1.199999809265135,-0.8999996185302699,4.5,1.5,2.4000000953674325,-0.19000005722045898,1.4199998378753653,-0.2999999523162842,5.0,7.0,02-25,-0.22250024477640742
02-11,-4.199998855590824,-6.0,1.5,-1.2000007629394567,-1.199999809265135,-0.30000019073486506,3.599999427795411,1.5,2.0999999046325692,0.23999977111816317,1.2299997806549068,-0.639999985694885,6.0,6.0,02-26,-0.2808333933353429
02-12,-4.5,-6.900001525878906,-0.5999984741210938,2.39999961853027,-0.8999996185302734,-0.6000003814697266,2.700000762939455,0.9000005722045898,2.0999999046325692,0.2600002288818368,0.8199999332427979,-0.5600000619888299,6.0,6.0,02-27,-0.4066665867964426
02-13,-4.5,-3.9000015258789062,-3.0,1.1999988555908203,-1.5,-0.30000019073486506,3.6000003814697266,1.5,2.0999999046325692,0.15000009536743208,0.15999984741210893,-0.6699999570846555,6.0,6.0,02-28,-0.4300002157688141
02-14,-4.5,-4.200000762939453,-1.5,0.3000011444091797,-0.8999996185302734,0.0,1.5,1.8000001907348633,2.0999999046325692,0.6500000953674321,0.40999984741210893,-0.6499999761581419,6.0,6.0,02-29,-0.4158332645893095
02-15,-4.20000076293945,-3.0,-4.5,-1.1999988555908203,-0.8999996185302734,0.0,1.1999998092651367,2.09999942779541,2.6999998092651367,0.19999980926513627,0.75,-0.5300000905990598,5.0,7.0,03-01,-0.6150000393390652
02-16,-6.0,-2.700000762939453,-1.5,-3.0,0.0,1.800000190734865,0.2999992370605469,0.8999996185302734,3.3000001907348624,-0.9000000953674316,0.5,-0.2800002098083496,5.0,7.0,03-02,-0.6316668192545573
02-17,-3.6000003814697266,3.6000022888183523,-4.5,-2.3999996185302734,0.3000001907348633,1.5,-1.200000762939455,0.3000001907348633,2.4000000953674308,-0.01000022888183505,0.5,-0.35000014305114746,6.0,6.0,03-03,-0.288333197434744
02-18,-3.0,-3.0,-5.400001525878906,-1.5,0.6000003814697266,1.800000190734865,0.8999996185302734,-0.3000001907348633,1.5,0.3899998664855966,0.45000004768371626,-0.4200000762939451,6.0,6.0,03-04,-0.6650001406669613
02-19,-1.7999992370605504,-3.0,-4.799999237060547,-1.2000007629394531,0.0,2.699999809265135,-3.3000001907348633,-0.6000003814697266,1.1999998092651376,0.6900000572204599,0.5499999523162842,-0.23000001907348677,4.0,8.0,03-05,-0.8158333500226341
02-20,2.1000003814697195,0.9000015258789062,-4.200000762939453,-2.3999996185302734,0.2999992370605469,5.699999809265135,-2.6999998092651367,-0.8999996185302734,0.8999996185302752,0.7899999618530282,0.37999987602233887,-0.08000016212463334,7.0,5.0,03-06,0.06583336989084831
02-21,3.600000381469723,4.800003051757805,-4.799999237060547,-2.1000003814697266,1.800000190734865,5.699999809265135,-2.6999998092651367,-0.2999992370605469,1.1999998092651376,0.690000057220459,0.2599999904632573,-0.15000009536743164,7.0,5.0,03-07,0.6666670441627495
02-22,3.600000381469723,8.400001525878906,-6.599998474121094,-3.8999996185302734,1.800000190734865,6.300000190734865,-3.6000003814697283,0.6000003814697266,1.2000002861022958,0.46000003814697354,0.4500000476837158,0.24999988079071023,9.0,3.0,03-08,0.7466670374075571
02-23,3.8999996185302734,9.900001525878906,-1.5,-8.399999618530273,1.1999998092651385,6.599999427795412,-3.6000003814697283,2.09999942779541,1.4999995231628391,0.4399995803832999,0.7999999523162842,0.1599999666213987,9.0,3.0,03-09,1.0916665693124135
02-24,2.3999996185302734,6.0,-1.7999992370605469,-7.199998855590824,1.1999998092651385,6.000000953674318,-3.299999237060545,3.3000001907348633,1.4999995231628391,0.6999998092651367,0.7300000190734863,0.24999988079071023,9.0,3.0,03-10,0.8150002062320709
02-25,1.5,11.100002288818352,-3.299999237060547,-5.100000381469727,1.5,4.200000762939453,-1.8000001907348633,2.3999996185302734,1.4999995231628391,0.3000001907348633,0.8099999427795415,0.09000003337860085,9.0,3.0,03-11,1.1000002125898989
02-26,0.3000011444091797,9.9000015258789,-2.1000022888183594,-4.200000762939453,2.3999996185302734,5.100000381469727,-2.699999809265135,2.1000003814697266,1.2000002861022958,0.6999998092651367,0.38000011444091797,0.13999998569488503,9.0,3.0,03-12,1.1016666988531745
02-27,2.10000038146973,9.600002288818352,-2.4000015258789062,-3.6000003814697266,1.5,3.3000001907348615,-1.799999237060545,3.3000001907348633,1.4999995231628391,0.3000001907348633,-0.029999971389770064,-0.09999990463256836,7.0,5.0,03-13,1.1391668121019993
02-28,-0.2999992370605433,8.100002288818352,-1.5,-2.3999996185302734,0.3000001907348633,3.6000003814697266,-0.2999992370605433,3.3000001907348633,0.6000003814697283,0.7000002861022949,-0.5399999618530269,-0.029999971389770508,6.0,6.0,03-14,0.9608338077863059
02-29,0.0,0.0,0.0,-1.5,0.0,0.0,0.0,4.199999809265137,0.0,0.0,0.0,0.03999996185302712,2.0,1.0,03-15,0.22833331425984701
03-01,-0.2999992370605433,3.0,-5.099998474121094,-2.0999984741210938,0.0,3.3000001907348615,0.30000019073486683,3.90000057220459,-0.9000000953674299,0.3000001907348633,-0.49000000953674316,-0.25999999046325706,5.0,7.0,03-16,0.13750040531158506
03-02,-1.5,4.199996948242195,-0.9000015258789062,-0.8999996185302734,0.6000003814697266,2.999999046325682,1.5000000000000018,3.0,-0.9000000953674325,0.0,-0.5899999141693111,-0.36000001430511475,5.0,7.0,03-17,0.5958329339822139
03-03,-1.2000007629394496,7.5,-3.8999977111816406,-1.1999988555908203,0.6000003814697266,4.499999046325682,-0.6000003814697266,0.0,-0.5999999046325701,-0.09999990463256836,-0.5799999237060542,-0.8999998569488525,3.0,9.0,03-18,0.2933335105578105
03-04,-2.9999999999999964,3.8999977111816477,-3.299999237060547,4.200000762939457,-0.6000003814697266,4.200000762939453,1.5,-0.8999996185302734,-0.9000000953674325,-0.9000000953674316,-0.5799999237060542,-0.7699998617172241,4.0,8.0,03-19,0.23750000198682264
03-05,-4.20000076293945,0.2999992370605469,-1.5,1.5,-2.699999809265135,1.5,2.1000003814697283,-1.7999992370605469,0.0,-0.9000000953674316,-0.5,-0.6000000238418577,4.0,8.0,03-20,-0.5666666924953455
03-06,-4.5,-2.700000762939453,0.2999992370605469,1.2000007629394531,-3.300000190734865,2.700000762939453,2.1000003814697283,0.6000003814697266,0.0,-0.5,-0.619999885559082,-0.6899999380111692,5.0,7.0,03-21,-0.4508332709471385
03-07,-3.0,-1.7999992370605469,-1.5,2.3999996185302734,-3.300000190734865,3.299999237060547,2.3999996185302717,2.4000005722045916,0.0,-0.6999998092651367,-0.7400000095367432,-0.5900000333786009,4.0,8.0,03-22,-0.09416668613751743
03-08,-3.0,-2.700000762939453,-3.299999237060547,3.0,-3.6000003814697266,4.799999237060547,2.0999994277954084,0.2999992370605469,-0.5999994277954093,-0.3000001907348633,-0.8199999332427983,-0.6699999570846558,4.0,8.0,03-23,-0.39916683236757927
03-09,-4.5,1.2000007629394531,-2.3999977111816406,2.3999996185302734,-3.8999996185302734,3.299999237060547,2.3999996185302717,0.30000019073486506,0.0,-0.6999998092651367,-0.7400000095367432,-0.25,5.0,7.0,03-24,-0.24083314339319864
03-10,-3.0,-3.6000022888183523,2.0999984741210938,3.299999237060547,-4.799999237060545,2.0999984741210938,1.5,0.30000019073486506,-0.2999992370605433,-0.8000001907348633,-0.7400000095367432,-0.28999996185302734,5.0,7.0,03-25,-0.3525003790855396
03-11,3.6000003814697195,-2.1000022888183523,1.1999969482421875,3.5999984741210938,-4.799999237060545,-0.3000011444091797,2.699999809265135,-0.5999994277954084,0.0,-0.8000001907348633,-0.9200000762939449,-0.04999995231628396,4.0,8.0,03-26,0.12749944130579652
03-12,6.89999961853027,3.0,4.1999969482421875,3.5999984741210938,-3.0,2.1000003814697266,0.3000001907348615,-0.3000001907348615,0.2999992370605433,-0.7000002861022949,-0.7699999809265137,0.4700000286102295,8.0,4.0,03-27,1.3416662017504368
03-13,8.100000381469727,1.2000007629394531,5.099998474121094,0.2999992370605469,-2.400000572204588,2.700000762939453,-0.8999996185302734,0.5999994277954084,-0.30000019073486595,-0.7000002861022949,-0.05999994277954057,0.5700000524520872,7.0,5.0,03-28,1.1841665407021837
03-14,7.20000076293945,3.3000030517578054,1.7999992370605469,1.7999992370605469,-2.400000572204588,1.2000007629394531,-0.8999996185302734,0.5999994277954084,0.9000000953674299,-0.8000001907348633,0.07999992370605469,0.9800000190734863,9.0,3.0,03-29,1.1466668446858714
03-15,6.900001525878899,1.2000007629394531,0.6000022888183594,-2.7000007629394567,-1.199999809265135,0.2999992370605469,0.3000001907348633,0.8999996185302734,1.5000004768371609,0.0,0.07999992370605469,1.0499999523162842,9.0,3.0,03-30,0.7441669503847752
03-16,6.600000381469723,0.2999992370605469,0.0,0.0,0.0,-1.5,0.3000001907348633,2.3999996185302734,0.6000003814697283,0.0,0.07999992370605469,0.9600000381469731,7.0,5.0,03-31,0.8116666475931802
03-17,3.5999984741210973,-1.7999992370605469,-1.7999992370605469,1.1999988555908203,-1.1999998092651385,0.0,-0.9000005722045898,-0.8999996185302734,0.6000003814697283,0.0,0.23000001907348633,0.7299998998641968,5.0,7.0,04-01,-0.02000007033348054
03-18,4.79999923706055,-2.700000762939453,0.0,0.5999984741210938,-0.8999996185302761,-3.0,-1.1999998092651367,-2.6999998092651385,0.0,-0.049999952316283736,0.24000000953674316,0.7900000810623167,4.0,8.0,04-02,-0.34333351254463196
03-19,8.70000076293945,-1.7999992370605469,-1.5,1.5,-1.5,-3.299999237060547,-0.8999996185302734,-1.7999992370605469,0.5999994277954102,-0.049999952316283736,0.3899998664855957,0.8700000047683716,5.0,7.0,04-03,0.1008335649967191
03-20,10.20000076293945,-1.7999992370605469,-2.700000762939453,1.7999992370605469,-1.8000001907348624,-2.3999996185302734,-1.1999998092651367,-0.8999996185302734,1.4999999999999982,-0.3499999046325679,0.6400001049041748,0.4500000476837158,5.0,7.0,04-04,0.2866667509078976
03-21,8.70000076293945,-4.799999237060547,-5.400001525878903,0.2999992370605469,-0.6000003814697283,-1.1999988555908203,-1.5,-0.8999996185302734,1.1999998092651376,-0.25,0.5999999046325684,0.5,5.0,7.0,04-05,-0.2791666587193808
03-22,3.0,-6.599998474121094,-3.3000030517578196,0.0,-0.6000003814697283,0.3000011444091797,-1.1999998092651367,-0.30000019073486506,0.8999996185302717,-0.25,0.7799999713897701,0.04999995231628418,5.0,7.0,04-06,-0.6016667683919281
03-23,6.0,-7.5,-7.500000000000007,0.0,-1.5,0.9000015258789062,-1.8000001907348633,-1.199999809265135,0.6000003814697283,-0.34999990463256836,0.5999999046325684,0.34999990463256836,5.0,7.0,04-07,-0.9499998490015669
03-24,0.2999992370605504,-9.0,-7.799999237060554,3.0,-0.8999996185302717,0.3000011444091797,-1.8000001907348633,-2.0999994277954084,1.1999998092651376,-0.34999990463256836,0.5399999618530278,0.23000001907348566,6.0,6.0,04-08,-1.3649998505910237
03-25,-3.0,-9.0,-4.500000000000007,0.0,-0.3000001907348615,-2.4000015258789062,-0.6000003814697283,-1.7999992370605469,1.1999998092651376,-0.2999999523162846,0.45000004768371626,-0.33000004291534446,2.0,10.0,04-09,-1.715000122785569
03-26,-2.7000007629394496,-6.899997711181648,-6.000000000000007,-0.2999992370605469,-0.5999994277954102,-1.2000007629394531,-1.1999998092651367,-1.7999992370605469,1.1999998092651376,-0.2999999523162846,0.6900000572204585,-0.3999999761581423,2.0,10.0,04-10,-1.625833084185919
03-27,-2.3999996185302734,-6.899997711181648,-3.6000022888183665,-0.8999996185302734,3.6000003814697266,-1.2000007629394531,-1.1999998092651367,-1.1999998092651385,1.5000000000000009,-0.20000004768371626,0.3500001430511479,-0.31000006198883123,3.0,9.0,04-11,-1.0383332669734966
03-28,1.2000007629394496,-6.299999237060547,-5.700000762939453,-1.5,3.300000190734864,-2.700000762939453,-0.8999996185302734,-0.8999996185302734,1.799999237060545,-0.00999999046325728,0.0,-0.21999990940094016,3.0,9.0,04-12,-0.9941666424274449
03-29,3.600000381469723,-6.299999237060547,-2.700000762939453,-0.2999992370605469,3.6000003814697266,0.0,-1.199999809265135,0.30000019073486506,1.799999237060545,0.049999952316283736,-0.009999990463256836,0.16000008583068803,6.0,6.0,04-13,-0.08333323399225893
03-30,11.400001525878903,-3.599998474121101,-3.000000000000007,-1.2000007629394531,3.6000003814697266,-1.5,-1.5000000000000018,0.8999996185302734,1.199999809265135,0.3499999046325679,-0.07999992370605469,0.09000015258789107,6.0,6.0,04-14,0.5550001859664899
03-31,9.900001525878903,-0.5999984741211009,-1.5,-1.7999992370605469,3.3000001907348633,-1.199999809265135,-1.199999809265135,0.6000003814697266,0.2999992370605469,0.3499999046325679,-0.029999971389770952,-0.029999971389770508,5.0,7.0,04-15,0.6741669972737624
04-01,-2.400001525878899,0.5999984741210938,1.2000007629394496,-1.7999992370605469,3.3000001907348633,-3.6000003814697266,-0.9000005722045881,0.6000003814697266,0.8999996185302734,0.24000000953674272,0.21000003814697266,0.07999992370605469,8.0,4.0,04-16,-0.130833526452382
04-02,6.899999618530273,1.5,0.9000015258789134,-3.299999237060547,3.3000001907348624,-3.6000003814697266,-0.3000001907348615,0.6000003814697266,1.1999998092651367,0.14999985694885165,0.09999990463256836,0.7999999523162842,9.0,3.0,04-17,0.6875001192092901
04-03,3.8999996185302734,1.5,0.9000015258789134,-5.999999046325682,3.0,-4.200000762939453,-0.3000001907348615,0.8999996185302734,0.8999996185302734,0.049999952316283736,0.3000001907348637,0.5,9.0,3.0,04-18,0.12083337704340706
04-04,3.8999996185302734,5.700000762939453,1.5,-0.5999984741210938,2.0999994277954084,-3.6000003814697266,-0.3000001907348615,1.5,0.0,0.049999952316283736,0.3600001335144043,0.3699998855590825,8.0,4.0,04-19,0.9150000611941019
04-05,13.799999237060547,4.200000762939453,3.3000030517578196,-0.6000003814697266,1.4999999999999982,-3.299999237060547,0.0,2.700000762939453,-0.3000001907348615,-0.5,0.4500000476837158,0.30999994277954146,7.0,5.0,04-20,1.7966669996579494
04-06,18.0,8.700000762939453,1.799999237060554,-1.2000007629394531,2.0999994277954084,-2.999999046325682,0.0,3.6000003814697266,-0.6000003814697283,-0.5,0.00999999046325728,-0.02999997138976962,6.0,6.0,04-21,2.4066666364669804
04-07,12.299999237060547,5.099998474121101,-0.5999984741210866,-1.2000007629394531,3.5999994277954066,-2.999999046325682,1.200000762939455,2.6999998092651385,-0.9000005722045916,-0.5,-0.09000015258789107,0.2599998712539675,6.0,6.0,04-22,1.572499881188076
04-08,11.100000381469727,1.5,1.5,-3.3000001907348615,2.9999999999999982,-5.099999427795412,0.8999996185302734,2.3999996185302734,-1.5000000000000018,-0.5,-0.23000001907348588,0.00999999046325728,7.0,5.0,04-23,0.8149999976158139
04-09,4.200000762939453,1.5,1.5,-1.8000011444091797,0.0,-3.8999996185302734,2.100000381469725,2.0999994277954084,-1.199999809265135,-0.29999995231628374,0.049999952316283736,0.1499998569488521,7.0,5.0,04-24,0.36666665474573756
04-10,5.700000762939453,0.5999984741211009,1.5,-2.1000003814697266,0.2999992370605469,-1.800000190734865,2.4000005722045916,2.0999994277954084,-0.2999992370605469,-0.440000057220459,-0.049999952316283736,0.12999987602233887,7.0,5.0,04-25,0.6699998776117965
04-11,5.700000762939453,3.299999237060554,1.5,-3.0,1.8000001907348633,-2.10000038146973,2.699999809265135,2.0999994277954084,-1.199999809265135,-0.20000004768371626,-0.049999952316283736,0.12999987602233887,7.0,5.0,04-26,0.8899999260902406
04-12,5.700000762939453,3.299999237060554,1.799999237060554,-1.5,1.8000001907348633,-0.9000005722045916,2.3999996185302717,1.5,-2.3999996185302743,0.1099998950958252,-0.28999996185302734,0.2799999713897705,8.0,4.0,04-27,0.9833332300186166
04-13,5.099998474121094,5.099998474121101,-1.2000007629394496,0.0,2.1000003814697266,-0.9000005722045916,2.0999994277954084,0.8999996185302734,-1.199999809265135,0.20000004768371626,-0.24000000953674316,0.3299999237060547,7.0,5.0,04-28,1.0241662661234545
04-14,13.499999999999996,4.5,0.0,2.699999809265135,1.5,-1.5,1.8000001907348615,1.5,-0.3000001907348615,0.20000004768371626,-0.5199999809265141,0.44000005722045854,8.0,4.0,04-29,1.9849999944368992
04-15,11.100000381469727,-2.099998474121101,-0.5999984741210866,1.199999809265135,1.800000190734865,0.30000019073486506,1.4999999999999982,0.8999996185302734,-0.3000001907348615,0.10000014305114835,-1.0399999618530273,0.37000012397766113,8.0,4.0,04-30,1.1025002797444665
04-16,-4.799999237060547,-0.5999984741211009,-2.4000015258789062,-0.30000019073486506,1.800000190734865,0.0,1.8000001907348633,-0.3000011444091797,0.0,0.20000004768371626,-0.6500000953674321,0.619999885559082,4.0,8.0,05-01,-0.385833362738292
04-17,-9.0,-3.599998474121101,-2.7000007629394602,-1.5,2.1000003814697283,0.0,1.8000001907348633,-2.1000003814697266,0.3000001907348633,0.20000004768371626,-0.8499999046325675,0.9599997997283931,5.0,7.0,05-02,-1.1991665760676076
04-18,-3.299999237060547,-0.2999992370605469,-2.4000015258789062,-0.8999996185302734,0.6000003814697301,0.6000003814697301,1.1999998092651367,-2.1000003814697266,0.0,0.40000009536743253,-0.5099999904632568,1.0099999904632568,5.0,7.0,05-03,-0.47499994436899756
04-19,1.2000007629394531,-2.4000015258789062,-3.6000003814697266,2.0999994277954084,1.1999998092651385,0.6000003814697301,0.8999996185302734,-2.400000572204588,0.6000003814697283,0.45000004768371626,-0.5999999046325679,1.5099999904632568,8.0,4.0,05-04,-0.036666830380756986
04-20,-0.2999992370605469,0.9000015258788991,-4.5,0.6000003814697266,1.1999998092651385,0.6000003814697301,0.8999996185302734,-2.6999998092651385,0.0,0.25,-0.5999999046325679,1.4600000381469727,7.0,5.0,05-05,-0.18249976634979273
04-21,-4.5,0.5999984741210938,-2.0999984741210938,0.6000003814697266,0.8999996185302734,-0.3000001907348615,0.0,-2.3999996185302734,-0.9000005722045881,0.25,-0.5999999046325679,1.22000002861023,5.0,7.0,05-06,-0.6025000214576718
04-22,0.2999992370605469,0.8999977111816406,-2.0999984741210938,0.0,0.0,1.1999998092651385,-0.6000003814697266,-2.3999996185302734,0.0,-0.15000009536743164,-0.20000004768371626,1.400000095367432,4.0,8.0,05-07,-0.1375001470247903
04-23,-0.9000015258789062,0.8999977111816406,-2.0999984741210938,-0.5999984741210938,-0.5999994277954102,1.800000190734865,-0.6000003814697266,-1.5,-0.5999994277954102,-0.09999990463256792,0.05999994277954057,1.2000000476837163,4.0,8.0,05-08,-0.2533333102862038
04-24,-0.2999992370605469,-0.9000015258789062,-3.89999961853027,-1.5,-2.1000003814697266,1.800000190734865,-0.3000001907348633,-1.5,-0.30000019073486683,-0.75,-0.1400001049041748,1.150000095367432,2.0,10.0,05-09,-0.7283334136009215
04-25,-0.2999992370605469,-1.7999992370605469,-4.5,-5.100000381469727,-0.6000003814697266,2.3999996185302734,-0.6000003814697266,-1.5,0.8999996185302761,-0.5,0.529999971389771,0.930000066757203,4.0,8.0,05-10,-0.8450000286102292
04-26,0.6000022888183594,-1.5,-0.5999984741211009,-2.3999996185302734,-0.9000005722045916,1.199999809265135,-0.8999996185302734,-2.3999996185302734,-0.5999994277954102,-0.20000004768371582,1.0499999523162842,1.0799999237060547,4.0,8.0,05-11,-0.4641662836074838
04-27,0.6000022888183594,-1.2000007629394531,-0.5999984741210938,-0.8999996185302734,-0.9000005722045916,0.8999996185302699,0.0,-3.5999994277954084,-1.5,-0.29999995231628374,0.5,0.9700000286102299,4.0,8.0,05-12,-0.5024997393290205
04-28,-6.0,0.8999977111816477,0.299999237060554,-2.1000003814697266,0.0,0.8999996185302699,0.0,-0.9000005722045916,-1.8000001907348633,-0.29999995231628374,0.24000000953674316,0.9199998378753667,5.0,7.0,05-13,-0.6533337235450737
04-29,5.700000762939453,-0.299999237060554,0.0,-4.200000762939453,-0.6000003814697301,0.5999994277954084,-0.3000001907348633,-0.9000005722045916,-1.1999998092651385,-0.09999990463256792,0.0699999332427983,0.48000001907348633,4.0,8.0,05-14,-0.06250005960464604
04-30,-2.4000015258789062,1.8000030517578054,2.1000003814697266,-3.900000572204588,-0.6000003814697301,0.5999994277954084,0.0,-0.6000003814697301,-0.8999996185302761,0.0,0.34999990463256747,-0.2099997997283931,4.0,8.0,05-15,-0.3133332928021763
05-01,-0.9000015258789062,0.0,6.600000381469727,-4.5,-0.9000005722045916,1.199999809265135,0.0,-0.30000019073486506,-0.5999994277954102,-0.4300000667572026,0.08999991416931108,-0.15999984741210893,3.0,9.0,05-16,0.008333206176757332
05-02,2.0999984741210938,-2.400001525878899,2.1000003814697266,-5.399999618530273,-1.8000001907348633,2.1000003814697266,0.6000003814697266,0.5999994277954084,-1.5,0.15000009536743208,0.1799998283386226,-0.04999995231628418,7.0,5.0,05-17,-0.2766668597857153
05-03,6.0,-5.400001525878899,1.5,-4.799999237060547,-0.9000005722045898,1.199999809265135,0.9000005722045898,2.4000005722045916,-1.5000000000000009,-0.019999980926513672,-0.22000002861022905,0.4300000667572017,6.0,6.0,05-18,-0.034166693687438444
05-04,4.5,0.0,0.8999977111816477,-4.200000762939453,-0.6000003814697266,0.3000001907348615,0.9000005722045898,0.0,-0.9000005722045907,-0.0700001716613774,-0.18000006675720215,0.34999990463256747,5.0,7.0,05-19,0.08333303531010972
05-05,0.8999977111816406,-1.5,0.2999992370605433,-3.0,0.5999994277954102,-0.6000003814697301,-0.8999996185302734,-0.30000019073486506,-1.199999809265134,0.27999997138977095,-0.35999989509582475,-0.45000004768371626,4.0,8.0,05-20,-0.5191669662793482
05-06,1.2000007629394531,-2.1000022888183594,0.8999996185302734,-3.0,0.5999994277954102,-1.800000190734865,-1.199999809265135,-0.30000019073486506,-1.5000000000000009,0.630000114440918,-0.25999999046325684,-0.8500001430511479,4.0,8.0,05-21,-0.6400002241134647
05-07,1.1999969482421875,-2.4000015258789062,-0.30000114440917613,-3.6000003814697266,0.8999996185302734,-1.800000190734865,-1.200000762939455,0.5999994277954084,-1.5000000000000009,0.7400000095367436,0.09000015258789107,-1.099999904632568,5.0,7.0,05-22,-0.6975006461143497
05-08,1.1999969482421875,-1.5,1.4999999999999964,-2.09999942779541,0.0,-0.8999996185302699,-2.1000003814697283,0.8999996185302734,-2.099999904632571,-0.15000009536743164,-0.6600000858306885,-0.9900000095367432,3.0,9.0,05-23,-0.5750002463658654
05-09,6.599998474121094,-4.199996948242195,3.899997711181637,-3.90000057220459,-0.9000005722045916,-0.8999996185302699,-1.800000190734865,-0.6000003814697266,-1.2000002861022958,-0.3500001430511479,-0.43000006675720215,-1.1399998664855961,2.0,10.0,05-24,-0.4100002050399791
05-10,6.599998474121094,-3.8999977111816406,-0.3000030517578196,-2.1000003814697266,-0.3000001907348615,-0.5999994277954084,-1.800000190734865,-0.30000019073486506,0.0,-0.4000000953674321,-0.2599999904632573,-1.1399998664855961,1.0,11.0,05-25,-0.3750002185503649
05-11,5.700000762939453,-3.5999984741210938,-1.5,-2.4000005722045916,-0.3000001907348615,-0.5999994277954084,0.0,-0.3000001907348615,-0.3000001907348624,-0.5,-0.24000000953674272,-1.4399998188018799,1.0,11.0,05-26,-0.45666650931040403
05-12,0.2999992370605469,-4.200000762939446,-6.0,-2.1000003814697266,-0.3000001907348615,-0.8999996185302734,-0.6000003814697266,-0.30000019073486506,-0.6000003814697283,0.23000001907348633,-0.24000000953674272,-1.3399999141693115,2.0,10.0,05-27,-1.3375002145767205
05-13,6.600002288818359,-2.099998474121101,-1.5,-2.1000003814697266,-0.5999994277954084,0.0,-1.8000001907348615,-1.1999998092651385,0.0,0.23000001907348633,-0.24000000953674272,-1.0500001907348637,2.0,10.0,05-28,-0.3133330146471664
05-14,-0.2999992370605469,0.9000015258788991,0.0,-2.1000003814697266,0.0,-2.3999996185302734,-2.4000005722045916,-2.4000005722045916,0.0,0.3299999237060547,-0.18000006675720215,-1.630000114440918,2.0,10.0,05-29,-0.8483332594235747
05-15,1.2000007629394531,-1.1999969482421946,0.0,-2.1000003814697266,0.6000003814697266,-0.6000003814697266,-2.4000005722045916,-2.4000005722045916,0.0,-0.3000001907348637,-0.559999942779541,-1.5499999523162837,2.0,10.0,05-30,-0.7758331497510284
05-16,-0.8999977111816406,-1.1999969482421946,1.799999237060554,-4.199999809265138,0.0,0.30000019073486506,-0.9000005722045916,-2.1000003814697266,-0.2999997138977051,0.3200001716613774,-0.4000000953674321,-1.0,3.0,9.0,05-31,-0.7149996360143026
05-17,6.0,-0.5999984741210938,0.0,-4.5,0.0,0.30000019073486506,-1.199999809265135,0.8999996185302734,-0.5999999046325701,-0.08000016212463334,-0.5,-0.6700000762939453,3.0,9.0,06-01,-0.07916655143101992
05-18,8.400001525878906,-5.699996948242195,2.699998855590813,-3.8999996185302734,0.0,0.9000005722045916,-0.9000005722045916,-0.3000001907348615,-0.5999999046325701,-0.19000005722045898,-0.7000000476837163,-0.8900001049041748,3.0,9.0,06-02,-0.09833304087321086
05-19,16.799999237060547,-2.0999984741210938,1.5,-3.3000001907348633,-0.8999996185302734,0.6000003814697301,0.0,-1.5,0.0,0.25,-1.090000152587891,-0.31999993324279785,4.0,8.0,06-03,0.8283334374427799
05-20,17.10000228881836,-0.9000015258788991,-0.8999977111816406,-1.8000001907348633,-1.5,0.9000005722045916,0.0,0.0,-0.30000019073486506,0.25,-0.4900000095367436,-0.2699999809265141,3.0,9.0,06-04,1.007500271002452
05-21,12.0,-1.2000007629394531,2.1000022888183594,-3.3000001907348633,-0.5999994277954102,0.3000001907348615,-1.800000190734865,0.0,0.0,0.0,0.1400001049041748,-0.1100001335144043,4.0,8.0,06-05,0.6275001565615334
05-22,11.700000762939453,-1.2000007629394531,2.1000022888183594,-2.0999994277954084,-1.1999998092651367,-0.8999996185302734,-1.5000000000000018,0.0,-0.30000019073486506,-0.34999990463256836,0.23000001907348677,0.03999996185302779,4.0,8.0,06-06,0.5433336098988849
05-23,9.0,-2.1000022888183594,-0.2999992370605362,0.6000003814697266,-0.9000005722045898,-1.7999992370605469,-0.30000019073486683,-0.30000019073486506,-0.5,0.0,0.24000000953674272,-0.05999994277954057,3.0,9.0,06-07,0.2983332276344304
05-24,10.5,-3.0,0.0,0.6000003814697266,-1.1999998092651367,0.0,-0.5999994277954102,-0.5999994277954084,-0.5,-0.09999990463256836,0.24000000953674272,0.12000012397766069,4.0,8.0,06-08,0.45500016212463396
05-25,8.700000762939446,-6.600002288818359,0.0,0.6000003814697266,-0.6000003814697266,0.8999996185302734,0.0,-1.199999809265135,-0.5300002098083496,-0.09999990463256836,0.5299999713897701,0.25,5.0,7.0,06-09,0.1624998450279231
05-26,8.700000762939446,-3.900001525878899,-3.0000000000000036,2.6999998092651376,0.0,0.5999994277954084,-0.30000019073486683,-1.5,0.06999969482421786,-0.15000009536743208,0.1800000667572026,0.10000014305114746,6.0,6.0,06-10,0.29166650772094654
05-27,9.0,-4.5,-3.0000000000000036,2.3999996185302743,-0.9000005722045898,0.0,0.30000019073486683,-2.3999996185302734,0.3699998855590829,-0.15000009536743208,0.07999992370605469,0.20000004768371582,6.0,6.0,06-11,0.11666661500930797
05-28,-2.0999984741210938,-0.9000015258788991,-3.299999237060536,-0.6000003814697248,-1.5,-0.6000003814697266,-0.30000019073486595,-0.8999996185302734,-0.5499997138977051,-0.15000009536743208,0.1300001144409184,0.029999971389770508,2.0,10.0,06-12,-0.8949999610582973
05-29,-4.5,-3.0,-2.399997711181637,1.1999998092651376,-2.09999942779541,-2.1000003814697266,-0.5999994277954093,-1.5,-0.6500000953674299,-0.5800001621246338,0.13000011444091797,0.25,3.0,9.0,06-13,-1.3208331068356827
05-30,-12.0,-3.0,-2.399997711181637,0.8999996185302717,-1.1999998092651367,-1.800000190734865,-0.8999996185302761,-2.3999996185302734,-0.40000009536742986,-0.11999988555908203,0.4300000667572026,0.12999987602233887,3.0,9.0,06-14,-1.896666447321574
05-31,-10.5,-3.299999237060547,-4.799999237060536,-1.8000001907348624,-0.5999994277954102,-2.1000003814697266,-0.8999996185302761,-1.7999992370605469,-0.5,-0.09999990463256836,-0.17000007629394487,-0.019999980926513672,0.0,12.0,06-15,-2.215833107630411
06-01,-12.0,-4.799999237060547,-5.400001525878896,-0.3000001907348624,-1.5,-3.0,-1.1999998092651385,-0.8999996185302734,-0.75,0.15000009536743164,-0.44000005722045854,0.20000004768371538,2.0,10.0,06-16,-2.4950000246365858
06-02,-9.299999237060554,-3.0,-6.300001144409173,-0.9000005722045907,-1.5,-2.4000005722045916,-1.199999809265134,-0.6000003814697266,-0.44999980926513494,0.5,-0.5699999332427979,0.019999980926514116,2.0,10.0,06-17,-2.1416667898495994
06-03,-6.0,-2.0999984741210938,-3.899999618530277,-0.9000005722045907,-0.6000003814697266,-2.1000003814697266,-0.8999996185302717,-0.3000001907348615,-0.8499999046325675,0.75,-0.7300000190734863,0.22000002861022905,2.0,10.0,06-18,-1.450833261013031
06-04,-7.200000762939453,-1.2000007629394531,-3.6000003814697266,0.2999992370605433,0.6000003814697266,-0.6000003814697266,-0.6000003814697283,-0.9000005722045916,-0.7600002288818359,0.9000000953674321,-0.8199999332427987,-0.10000014305114702,3.0,9.0,06-19,-1.1650003194808967
06-05,-5.400001525878899,0.9000015258789062,-1.7999992370605504,-2.6999998092651376,-0.8999996185302734,-1.5,-1.1999998092651385,-0.6000003814697301,-0.9499998092651376,0.5999999046325684,-0.759999990463256,-0.23000001907348633,2.0,10.0,06-20,-1.211666564146678
06-06,-5.400001525878899,1.5,-2.39999961853027,-2.6999998092651376,-1.8000001907348633,-1.199999809265135,-0.8999996185302717,0.0,-1.0,0.5,-0.5900001525878911,-0.08000016212463379,2.0,10.0,06-21,-1.1725000739097584
06-07,-1.5,-0.2999992370605469,0.2999992370605504,-1.800000190734865,-0.8999996185302734,-0.6000003814697266,-0.8999996185302717,0.0,-0.5699996948242179,0.46000003814697266,-0.49000000953674316,-0.06999993324279785,2.0,10.0,06-22,-0.53083328406016
06-08,-2.400001525878899,-2.700000762939453,0.0,1.199999809265134,-0.3000001907348633,-0.9000005722045916,-0.8999996185302717,0.0,0.1999998092651376,0.46000003814697266,-0.5400002002716069,-0.059999942779541016,3.0,9.0,06-23,-0.49500026305516515
06-09,-1.2000007629394531,-2.700000762939453,-0.30000114440917613,-0.6000003814697283,-0.9000005722045916,-0.6000003814697266,-1.1999998092651385,0.6000003814697266,0.3000001907348624,0.8900001049041744,-0.5500001907348637,-0.13000011444091752,3.0,9.0,06-24,-0.5325002868970238
06-10,4.799999237060547,-2.0999984741210938,-0.30000114440917613,-0.3000001907348615,0.8999996185302734,-0.8999996185302734,-0.6000003814697248,1.5,0.05000019073486239,0.9000000953674312,-0.5099999904632573,-0.22999978065490723,5.0,7.0,06-25,0.267499963442485
06-11,3.5999984741210938,-1.7999992370605469,2.100000381469723,0.0,0.8999996185302734,-0.6000003814697266,-0.6000003814697248,0.8999996185302734,1.0500001907348624,0.6800000667572017,-0.45000004768371626,-0.19000005722045898,6.0,6.0,06-26,0.4658331871032712
06-12,5.099998474121094,-0.2999992370605469,1.2000007629394496,-1.4999995231628391,0.8999996185302734,-0.3000001907348633,-0.3000001907348624,-0.3000001907348633,1.8000001907348624,0.5199999809265137,-0.25,-0.41000008583068803,5.0,7.0,06-27,0.5133333007494608
06-13,1.1999969482421946,0.2999992370605469,1.2000007629394496,-0.2999997138977051,0.8999996185302734,-0.8999996185302717,0.0,0.8999996185302734,2.129999637603759,0.4000000953674321,-0.08000016212463379,-0.18000006675720215,7.0,5.0,06-28,0.46416636308034304
06-14,-2.400001525878899,-4.799999237060547,0.3000011444091797,0.0,0.0,-1.1999998092651367,0.0,0.8999996185302734,2.0999999046325675,-0.4200000762939453,0.07999992370605469,-0.34000015258789107,4.0,8.0,06-29,-0.48166668415069536
06-15,-4.200000762939446,-5.099998474121094,1.2000007629394567,-1.199999809265134,-0.6000003814697266,-1.5,0.0,0.3000001907348615,1.5400004386901855,-0.5700001716613774,0.10999989509582564,-0.10000014305114746,4.0,8.0,06-30,-0.8433332045872995
06-16,1.5,-10.200000762939446,0.2999992370605504,-0.6000003814697248,-1.1999998092651367,-1.8000001907348633,-0.9000000953674325,0.0,1.7300000190734872,-0.7699999809265137,0.529999971389771,-0.07999992370605513,4.0,8.0,07-01,-0.9575001597404471
06-17,2.400001525878899,-5.6999969482421875,0.8999996185302699,4.800000190734864,-0.6000003814697266,-1.1999998092651367,-0.5999999046325675,-0.6000003814697301,1.7800002098083496,-0.7699999809265137,0.529999971389771,-0.06999993324279785,5.0,7.0,07-02,0.07250034809112449
06-18,-1.5,-3.8999977111816406,-1.7999992370605504,4.199999809265138,-0.3000001907348633,-1.1999998092651367,-0.5999999046325675,-0.30000019073486506,1.7800002098083496,-0.15999984741210938,0.600000143051147,-0.08000016212463379,3.0,9.0,07-03,-0.2716664075851444
06-19,-0.5999984741211009,-3.8999977111816406,-1.7999992370605504,4.199999809265138,0.0,-0.8999996185302717,-0.5999999046325675,-0.30000019073486506,1.7800002098083496,-0.059999942779541016,0.7800002098083496,-0.09000015258789062,3.0,9.0,07-04,-0.12416625022888257
06-20,0.9000015258788991,-3.8999977111816406,-1.1999988555908203,3.3000001907348633,0.6000003814697283,-1.1999998092651367,-0.5999999046325675,-0.6000003814697266,1.0,-0.05999994277954057,1.350000143051148,-0.019999980926514116,5.0,7.0,07-05,-0.03583286205927564
06-21,-3.299999237060547,-7.499999999999993,-0.2999992370605504,0.0,-1.1999998092651367,-1.1999998092651367,0.8999996185302717,0.0,1.1500000953674325,-0.06999993324279741,1.3099999427795415,-0.1699998378753662,3.0,9.0,07-06,-0.8649998505910235
06-22,-5.700000762939453,-7.799999237060547,-2.3999996185302734,-0.3000001907348615,-1.1999998092651367,-0.8999996185302734,0.3000001907348624,-1.1999998092651367,0.0,0.15000009536743208,1.2699999809265146,-0.18999981880187988,3.0,9.0,07-07,-1.4974998831748962
06-23,-2.700000762939453,-3.9000015258789062,-1.5,1.799999713897706,-1.1999998092651367,-0.8999996185302734,0.6000003814697248,1.1999998092651367,-0.75,-0.09999990463256792,0.869999885559082,-0.2800002098083496,4.0,8.0,07-08,-0.5716668367385864
06-24,-5.099998474121094,-6.0,-1.5,1.4999995231628391,-1.1999998092651367,-1.5,0.6000003814697248,0.0,-0.9799995422363263,-0.6700000762939453,1.0,-0.26999998092651367,3.0,9.0,07-09,-1.1766664981842043
06-25,0.0,-0.9000015258789062,-0.6000003814697301,1.4999995231628391,-1.1999998092651367,-0.9000005722045898,0.6000003814697248,0.0,-0.6299996376037589,-0.29999995231628374,0.9100000858306885,-0.20999991893768288,3.0,9.0,07-10,-0.14416681726773634
06-26,1.7999992370605469,-0.9000015258789062,0.8999996185302699,1.799999713897706,-1.4999999999999982,-0.8999996185302734,0.6000003814697248,0.30000019073486506,-0.8799996376037589,-0.20000004768371582,0.7699999809265137,-0.4499999284744265,6.0,6.0,07-11,0.11166653037071227
06-27,-1.2000007629394531,-1.2000007629394531,-0.6000003814697301,1.5000000000000009,-1.200000762939455,-0.5999994277954102,1.200000286102295,-0.30000019073486506,-1.260000228881836,0.47000002861022905,0.0699999332427983,-0.5300000905990598,4.0,8.0,07-12,-0.30416686336199494
06-28,1.7999992370605469,1.1999969482421875,-2.10000038146973,6.299999237060547,-1.800000190734865,-1.1999998092651367,1.200000286102295,0.9000005722045916,-1.2800002098083496,0.47000002861022905,0.0699999332427983,-0.5300000905990598,7.0,5.0,07-13,0.4191662967205045
06-29,2.0999984741210938,9.29999923706054,-3.0,6.899999618530273,-0.6000003814697283,-3.3000001907348633,2.099999904632571,0.9000005722045916,-1.080000400543212,-0.14000010490417525,-0.07000017166137651,-0.5300000905990598,5.0,7.0,07-14,1.0483330388863878
06-30,-0.9000015258788991,2.3999977111816406,-2.7000007629394567,7.1999998092651385,-0.6000003814697283,-1.8000001907348633,2.0999999046325675,1.2000007629394531,-0.7000002861022949,-0.10000014305114835,-0.19000005722045854,-0.4099999666213989,4.0,8.0,07-15,0.4583329061667126
07-01,-1.2000007629394531,2.1000022888183523,-2.1000003814697266,0.9000005722045916,-0.8999996185302717,-2.100000381469725,0.9000005722045916,0.6000003814697266,-0.7000002861022949,-0.10000014305114835,-0.09000015258789107,-0.2500001192092902,4.0,8.0,07-16,-0.24499983588854488
07-02,6.0,2.4000015258789062,-0.6000003814697266,0.9000005722045916,-1.8000001907348624,-2.700000762939455,0.8999996185302761,1.8000001907348633,-0.5100002288818359,-0.05000019073486417,-0.6200001239776616,-0.3100000619888308,5.0,7.0,07-17,0.4508333305517834
07-03,1.2000007629394531,-2.0999984741210938,-0.8999996185302699,1.8000001907348615,-2.4000000953674325,-1.5,0.8999996185302761,1.1999998092651367,-0.75,-0.10000014305114835,-0.15999984741210893,-0.27999985218048073,4.0,8.0,07-18,-0.25749980409940054
07-05,-3.5999984741210938,1.7999992370605469,-0.8999996185302699,3.6000003814697283,-0.8999996185302717,-0.2999992370605469,0.5999994277954093,1.8000001907348633,-0.9299998283386222,0.0700001716613774,-0.24000000953674272,-0.34999990463256836,5.0,7.0,07-20,0.05416689316431748
07-06,-3.5999984741210938,0.2999992370605469,-2.39999961853027,3.6000003814697283,-0.8999996185302717,-0.5999994277954102,1.1999998092651376,0.8999996185302734,-1.4600000381469709,-0.2999999523162842,-0.2599999904632573,-0.4099998474121094,4.0,8.0,07-21,-0.32749982674916506
07-07,1.5,3.0,-0.8999996185302699,3.3000001907348615,-1.1999998092651376,-0.5999994277954102,0.30000019073486595,0.8999996185302699,-1.2100000381469709,-0.2999999523162842,-0.20000004768371626,-0.20000004768371582,5.0,7.0,07-22,0.36583342154820775
07-08,-2.700000762939453,3.5999984741210938,0.6000003814697301,0.3000001907348615,-1.8000001907348624,1.5,0.0,1.5,-0.8499999046325675,0.09999990463256747,-0.17000007629394576,0.1999999284744265,7.0,5.0,07-23,0.18999982873598756
07-09,-3.599998474121101,1.2000007629394531,2.10000038146973,1.199999809265135,-1.5000000000000009,1.1999998092651367,0.5999994277954093,0.5999994277954084,-0.8499999046325675,0.25,-0.26999998092651367,0.2500001192092902,8.0,4.0,07-24,0.09833344817161499
07-10,-3.8999977111816477,-1.7999992370605469,-4.5,-0.5999994277954102,-0.8999996185302717,3.8999996185302734,-0.30000019073486683,0.5999994277954084,-0.7399997711181641,-0.20000004768371538,0.029999971389770064,0.2500001192092902,4.0,8.0,07-25,-0.6799997389316568
07-11,-2.099998474121101,-1.7999992370605469,-3.0,-10.199999809265135,-0.8999996185302717,2.3999996185302734,-0.6000003814697283,0.0,-0.3000001907348624,-0.20000004768371538,0.09999990463256747,0.26000010967254683,3.0,9.0,07-26,-1.3616665105024979
07-12,-0.5999984741211009,-1.1999969482421875,-3.0,-3.6000003814697266,-0.6000003814697283,2.699999809265135,-1.1999998092651376,-0.6000003814697266,-0.5999999046325701,-0.36999988555908203,0.0,0.3300000429153438,2.0,10.0,07-27,-0.7283330261707316
07-13,-2.700000762939453,2.1000022888183594,-3.600000381469723,-3.6000003814697266,0.3000001907348624,2.9999999999999964,-0.8999996185302717,0.5999994277954084,-0.7899999618530291,-0.4199998378753662,-0.029999971389770952,0.16999995708465576,5.0,7.0,07-28,-0.48916658759117154
07-14,3.5999984741210938,6.0,-5.10000038146973,-1.5,-0.2999997138977051,2.9999999999999964,-1.199999809265135,1.5,-0.5500001907348651,-0.36999988555908203,-0.029999971389770952,0.1999999284744265,5.0,7.0,07-29,0.4374998708566024
07-15,-4.5,4.5,-5.10000038146973,-1.1999998092651367,-0.2999997138977051,3.0000000000000018,-0.8999996185302761,0.0,-0.6500000953674325,-0.20000004768371538,-0.10999989509582564,0.1899999380111692,3.0,9.0,07-30,-0.43916663527488753
07-16,3.0,2.4000015258789062,-5.10000038146973,0.0,0.9000000953674325,2.0999994277954084,-0.5999994277954093,0.8999996185302734,-0.75,0.15000009536743253,-0.25999999046325684,0.24000000953674316,7.0,5.0,07-31,0.24833341439565002
07-17,3.0,3.9000015258789062,-5.10000038146973,-1.5,-0.9000005722045907,2.3999996185302717,-1.1999998092651376,0.8999996185302734,-0.75,0.09999990463256792,-0.5399999618530269,0.2999999523162842,6.0,6.0,08-01,0.050833324591318174
07-18,0.0,3.9000015258789062,-5.10000038146973,-2.3999996185302734,0.5999994277954093,2.3999996185302717,-0.30000019073486595,0.8999996185302734,-1.4200000762939462,0.0399999618530269,-0.5,0.19000005722045898,6.0,6.0,08-02,-0.14083333810170576
07-19,3.0,5.700000762939453,-2.7000007629394567,0.0,1.199999809265134,0.3000001907348615,-0.30000019073486595,-1.1999998092651385,-0.7999997138977051,-0.35999989509582475,-0.5299999713897705,0.1700000762939451,5.0,7.0,08-03,0.37333337465921934
07-20,3.299999237060547,3.299999237060547,-5.700000762939457,-0.8999996185302734,1.199999809265134,-0.5999994277954102,0.2999992370605433,-0.8999996185302699,-1.0399999618530282,-0.5099999904632573,-0.3299999237060547,0.19000005722045898,5.0,7.0,08-04,-0.14083347717921002
07-21,6.0,1.5,0.2999992370605504,0.8999996185302717,0.9000005722045907,-1.5,0.8999996185302761,-0.5999994277954084,-1.1500000953674316,-0.15999984741210938,-0.4299998283386226,0.019999980926513228,7.0,5.0,08-05,0.5566666523615525
07-22,0.5999984741211009,1.7999992370605469,-1.2000007629394496,0.0,0.0,-1.8000001907348633,0.6000003814697283,0.0,-1.0999999046325692,-0.16999983787536666,-0.12999987602233842,-0.15000009536743208,3.0,9.0,08-06,-0.12916688124338693
07-23,2.6999969482421946,1.1999969482421875,-1.2000007629394496,2.3999996185302717,-0.3000001907348624,-2.3999996185302734,1.5000000000000009,0.6000003814697266,-1.549999713897706,-0.19999980926513627,-0.34999990463256836,-0.019999980926513228,5.0,7.0,08-07,0.19833282629648932
07-24,4.799999237060547,-0.3000030517578125,0.2999992370605504,0.6000003814697248,-0.5999999046325675,-2.3999996185302717,1.199999809265135,1.5,-1.3999996185302743,-0.19999980926513627,-0.1800000667572017,0.1400001049041748,6.0,6.0,08-08,0.288333058357239
07-25,3.0,0.5999984741210938,0.6000003814697301,1.5,0.0,-2.3999996185302717,1.199999809265135,0.8999996185302734,-2.1999998092651354,-0.02999997138976962,-0.41999983787536577,0.10000014305114746,7.0,5.0,08-09,0.23749993244806977
07-26,3.0,1.1999969482421875,-3.0000000000000036,0.0,0.0,-2.09999942779541,1.199999809265135,-0.5999994277954084,-1.6799998283386222,-0.06999993324279785,-0.3399999141693111,0.13000011444091797,4.0,8.0,08-10,-0.1883334716161094
07-27,3.0,0.0,4.79999923706055,-1.1999998092651367,-0.5999999046325675,-2.09999942779541,1.199999809265135,-0.8999996185302734,-1.6100001335144034,-0.42000007629394576,-0.25,-0.029999971389770064,3.0,9.0,08-11,0.15750000874201486
07-28,7.799999237060547,-0.6000022888183594,4.79999923706055,0.3000001907348633,0.8999996185302717,-2.09999942779541,1.5000000000000009,-0.30000019073486506,-1.6100001335144034,0.029999971389770508,-0.4800000190734859,0.15000009536743164,7.0,5.0,08-12,0.8658330241839091
07-29,4.200000762939453,-2.4000015258789062,4.79999923706055,0.0,1.1999998092651385,-2.3999996185302717,0.5999994277954093,-0.30000019073486506,-0.510000228881835,0.09999990463256836,-0.6100001335144043,0.1099998950958252,6.0,6.0,08-13,0.39916644493738856
07-30,0.0,-4.200000762939453,3.899999618530277,0.0,1.199999809265134,-1.8000001907348615,0.0,1.5,-0.8000001907348633,0.09999990463256836,-0.3500001430511479,0.02999997138977073,5.0,7.0,08-14,-0.03500016530354797
07-31,-0.2999992370605469,-3.0,0.0,-3.300000190734864,-0.2999992370605433,-0.3000001907348633,-0.5999994277954093,0.6000003814697301,-0.8000001907348633,0.40999984741210893,-0.16000008583068848,0.009999990463256836,3.0,9.0,08-15,-0.6449998617172236
08-01,-0.2999992370605469,-0.2999992370605469,1.2000007629394567,0.3000001907348633,0.0,0.6000003814697266,-0.8999996185302761,0.6000003814697301,-0.9900002479553232,0.4600000381469731,-0.19000005722045943,-0.11999988555908159,5.0,7.0,08-16,0.030000289281209642
08-02,-4.799999237060547,-2.0999984741210938,-0.8999996185302734,1.4999999999999982,0.9000005722045907,1.5,0.0,-0.30000019073486506,-0.6999998092651367,0.5199999809265146,-0.4900000095367436,-0.11999988555908159,4.0,8.0,08-17,-0.41583305597305315
08-03,-6.299999237060547,1.5,-0.899999618530277,-0.8999996185302734,0.9000005722045907,1.5,-0.8999996185302761,0.2999992370605469,-0.26999998092651367,0.5499999523162842,-0.28999996185302734,-0.019999980926513228,5.0,7.0,08-18,-0.4024998545646672
08-04,-4.5,0.0,-2.399999618530277,0.3000001907348633,0.9000005722045907,1.5,-1.1999998092651376,-0.8999996185302734,-0.4200000762939453,0.5499999523162842,-0.5,0.34999990463256836,5.0,7.0,08-19,-0.5266665418942772
08-05,-10.199996948242188,-0.9000015258789062,-2.7000007629394567,-0.9000005722045916,0.6000003814697248,1.5,-2.1000003814697257,-0.2999992370605469,0.4800000190734859,0.5799999237060542,-0.7100000381469722,-0.1700000762939453,4.0,8.0,08-20,-1.2349999348322556
08-06,-9.599998474121094,-1.5,0.6000003814697266,0.0,1.2000002861022958,1.1999998092651367,-1.199999809265135,0.0,0.4800000190734859,0.5699999332427974,-0.8899998664855957,-0.18000006675720215,5.0,7.0,08-21,-0.7766664822896319
08-07,-9.599998474121094,-0.3000030517578125,1.5000000000000036,-1.1999998092651367,0.5999999046325675,1.1999998092651367,-1.199999809265135,0.0,0.4499998092651363,0.5799999237060542,-0.6700000762939451,-0.019999980926514116,5.0,7.0,08-22,-0.7216668128967282
08-08,-11.099998474121094,-0.9000015258789062,2.1000003814697266,0.0,-0.5999994277954093,1.1999998092651367,-1.199999809265135,0.0,0.07999992370605469,0.4500000476837158,-0.4800001382827761,-0.1100001335144043,4.0,8.0,08-23,-0.8799999455610908
08-09,-11.099998474121094,3.5999984741210938,-3.899999618530277,0.3000001907348633,-0.8999996185302761,1.1999998092651367,-1.199999809265135,-0.6000003814697266,0.510000228881835,0.0,-0.3500000238418577,-0.1100001335144043,4.0,8.0,08-24,-1.0458332796891534
08-10,-11.699996948242188,2.4000015258789062,-5.399999618530277,0.3000001907348633,-0.5999994277954093,1.1999998092651367,-2.1000003814697257,-1.199999809265135,0.20000028610229492,0.0,-0.3799999952316282,0.09999990463256836,5.0,7.0,08-25,-1.4316662053267162
08-11,-10.799999237060547,5.700000762939453,-0.8999996185302734,3.000000000000001,-0.2999992370605433,1.1999998092651367,-1.7999997138977042,-0.30000019073486506,0.20000028610229492,-0.24999999999999956,0.3500001430511479,-0.14999985694885232,5.0,7.0,08-26,-0.3374997377395626
08-12,-7.200000762939453,1.7999992370605469,-2.10000038146973,3.000000000000001,0.0,0.3000001907348633,-0.9000000953674299,-0.30000019073486506,-0.04999971389770508,-0.6399998664855953,0.3500001430511479,-0.09000003337860085,4.0,8.0,08-27,-0.4858334561189017
08-13,3.5999984741210938,3.5999984741210938,0.0,0.2999997138977051,0.0,-1.5,-1.1999998092651385,0.0,-0.19999980926513672,-0.4800000190734859,0.06000018119812056,-0.09000003337860085,4.0,8.0,08-28,0.34083309769630415
08-14,5.099998474121094,1.5,1.5,-0.6000003814697248,0.2999992370605433,-1.5,-0.3000001907348624,0.6000003814697266,-0.33999967575073153,-0.680000066757203,0.19000005722045943,-0.1899999380111692,6.0,6.0,08-29,0.46499982476234436
08-15,6.599998474121094,1.7999992370605469,1.5,-1.200000762939455,0.2999992370605433,-1.5,-0.3000001907348624,0.30000019073486506,-0.26000022888183505,-0.4600000381469731,0.15000009536743208,-0.4399999380111692,6.0,6.0,08-30,0.5408330063025155
08-16,5.700000762939453,2.700000762939453,3.6000003814697266,0.9000005722045916,0.5999994277954093,-1.5,0.30000019073486595,-1.1999998092651385,-0.24000024795532138,-0.5399999618530273,0.3600001335144043,-0.47999989986419633,7.0,5.0,08-31,0.850000192721685
08-17,4.5,3.9000015258789062,5.100000381469727,0.0,0.2999992370605433,-1.5,0.30000019073486595,0.2999992370605469,-3.680000126361847,-0.5299999713897705,0.42000007629394576,-0.3999998569488523,7.0,5.0,09-01,0.7258333911498388
08-18,3.5999984741210938,2.4000015258789062,3.900001525878899,0.0,0.2999992370605433,-1.8000001907348615,0.9000005722045907,-0.3000001907348615,-3.6499999165534973,-0.5399999618530273,0.42000007629394576,-0.20999991893768288,6.0,6.0,09-02,0.4183334360520039
08-19,1.2000007629394531,4.5,3.300001144409176,0.0,0.2999992370605433,-1.5,0.0,-0.3000001907348615,-3.800000011920929,-0.5399999618530273,0.31999993324279785,-0.24000000953674316,5.0,7.0,09-03,0.2700000753005341
08-20,4.799999237060547,0.0,3.300001144409176,0.0,1.1999998092651385,-1.8000001907348615,0.0,0.30000019073486506,-3.800000011920929,-0.4300000667572026,0.34999990463256814,-0.24000000953674316,5.0,7.0,09-04,0.3066666672627132
08-21,5.399997711181641,1.5,3.300001144409176,-0.6000003814697248,-0.3000001907348624,-1.5,0.9000005722045907,0.30000019073486506,-0.5,-0.3399999141693115,0.28000009059905984,-0.4500000476837158,6.0,6.0,09-05,0.6658332645893098
08-22,5.399997711181641,1.5,1.8000011444091761,-0.6000003814697248,0.2999992370605433,-1.5,1.5000004768371609,0.8999996185302734,-1.5099999904632568,-0.09999990463256836,-0.45000004768371626,-0.14000010490417503,6.0,6.0,09-06,0.5916664799054461
08-23,5.399997711181641,0.0,3.300001144409176,0.0,0.0,-1.1999998092651367,1.5000004768371609,1.5,-0.9100000858306885,0.309999942779541,-0.45000004768371626,-0.14000010490417503,5.0,7.0,09-07,0.775833268960317
08-24,2.6999969482421875,-1.5,2.3999996185302734,2.700000286102296,0.2999992370605433,-1.1999998092651367,0.5999999046325701,1.199999809265135,-0.5500001907348633,0.15000009536743164,-0.45000004768371626,-0.11000001430511519,7.0,5.0,09-08,0.5199996531009671
08-25,-3.299999237060547,0.0,7.20000076293945,0.6000003814697248,0.5999994277954102,-1.4999999999999982,0.5999999046325675,0.5999994277954084,-0.41000032424926847,0.2999999523162846,-0.43000006675720304,-0.059999942779541016,6.0,6.0,09-09,0.35000002384185724
08-26,-2.3999977111816406,-0.2999992370605469,7.20000076293945,0.3000001907348615,0.5999994277954102,-0.8999996185302717,0.0,0.8999996185302699,-0.5399999618530282,0.4400000572204599,0.049999952316283736,-0.08999991416931152,6.0,6.0,09-10,0.438333630561828
08-27,-7.200000762939453,-1.2000007629394531,5.70000076293945,0.3000001907348615,0.30000019073486683,-1.1999998092651376,0.0,1.5,-0.18999981880188033,0.779999971389771,0.10999989509582475,-0.07000005245208785,6.0,6.0,09-11,-0.09750001629193654
08-28,-6.0,-1.2000007629394531,7.799999237060554,0.6000003814697283,0.6000003814697283,-0.5999994277954102,0.0,1.5,-0.1399998664855966,0.5099999904632568,0.569999933242797,-0.15000009536743186,6.0,6.0,09-12,0.29083331425984776
08-29,-3.0,0.0,6.0,-0.3000001907348633,0.6000003814697283,-0.8999996185302717,0.0,0.30000019073486506,-0.2399997711181645,0.059999942779541016,0.690000057220459,-0.020000100135803445,5.0,7.0,09-13,0.26583340764045754
08-30,-3.0,0.0,4.5,0.0,0.3000001907348615,-0.5999994277954102,0.0,-1.5,3.200000107288361,-0.049999952316283736,0.6800000667572021,0.029999971389770508,5.0,7.0,09-14,0.29666674633820844
08-31,-2.700000762939453,3.5999984741210938,6.599998474121104,0.6000003814697248,1.5,0.3000001907348615,-0.6000003814697283,-0.9000005722045916,0.0,-0.1400001049041748,0.7899999618530273,-0.010000109672546609,6.0,6.0,09-15,0.7533329625924431
09-01,0.8999977111816406,3.0,9.29999923706055,0.6000003814697248,1.5,0.3000001907348615,-0.6000003814697283,-1.7999992370605469,0.6099998950958252,0.0,0.7999999523162842,0.010000109672546609,9.0,3.0,09-16,1.218333154916763
09-02,-4.5,5.099998474121094,9.29999923706055,0.3000001907348615,2.1000003814697266,0.3000001907348615,-0.9000005722045907,-2.3999996185302734,0.6099998950958252,0.45000004768371626,0.5999999046325684,0.09000003337860085,9.0,3.0,09-17,0.9208331803480784
09-03,4.5,5.099998474121094,9.600000381469727,0.3000001907348615,1.5,-0.3000001907348615,-0.2999997138977051,-2.0999994277954084,0.5099999904632573,0.24000000953674316,0.7500000000000004,0.059999942779541016,9.0,3.0,09-18,1.6549999713897707
09-04,8.099998474121094,4.799999237060547,5.100000381469727,0.3000001907348615,0.0,-0.3000001907348615,-0.5999999046325675,-1.8000001907348615,0.7599999904632568,-0.11999988555908203,0.8699998855590825,0.049999952316283736,7.0,5.0,09-19,1.4299998283386233
09-05,0.8999977111816406,6.600002288818352,3.0,-1.199999809265135,-1.1999998092651385,0.0,-0.5999999046325675,-1.5,0.7599999904632568,0.1800000667572026,0.8599998950958256,0.07999992370605424,7.0,5.0,09-20,0.6566666960716243
09-06,0.2999992370605469,1.5,-0.8999996185302734,0.0,-1.1999998092651385,0.5999994277954102,-0.5999999046325675,-1.199999809265135,0.40000009536743164,-0.16000008583068892,0.37999987602233887,0.03999996185302712,6.0,6.0,09-21,-0.07000005245208739
09-07,7.799999237060547,5.100002288818352,-4.20000076293945,0.0,-1.1999998092651385,0.5999994277954102,-0.3000001907348624,-1.5,0.049999952316283736,-0.5,0.31999993324279785,-0.020000100135803445,5.0,7.0,09-22,0.512499998013178
09-08,6.299999237060547,5.400001525878906,-6.0000000000000036,0.0,-0.30000019073486683,1.4999999999999982,0.0,-2.3999996185302717,0.0,-0.5,0.44000005722045943,-0.05000007152557395,4.0,8.0,09-23,0.36583341161409955
09-09,10.5,4.200000762939453,-4.20000076293945,0.3000001907348633,-0.30000019073486683,0.5999994277954093,0.0,-1.1999998092651367,0.09999990463256792,-0.29999995231628374,0.48000001907348633,-0.04999995231628418,6.0,6.0,09-24,0.84416663646698
09-10,7.200000762939453,4.200000762939453,-4.20000076293945,-1.1999998092651376,-1.8000001907348624,0.5999994277954102,0.0,-0.5999994277954102,0.19999980926513627,-0.25,-0.07999992370605424,-0.21000003814697288,4.0,8.0,09-25,0.32166671752929715
09-11,6.900001525878906,2.1000022888183594,-2.39999961853027,0.6000003814697266,-1.8000001907348624,-0.8999996185302717,0.6000003814697283,0.0,0.5999999046325679,0.09999990463256836,-0.3299999237060547,-0.16999995708465576,6.0,6.0,09-26,0.44166708985964515
09-12,5.100002288818359,2.1000022888183594,-4.20000076293945,-0.3000001907348633,-0.6000003814697283,-0.8999996185302717,0.6000003814697283,-1.1999998092651367,0.5999999046325679,0.09999990463256836,-0.2100000381469722,-0.18000006675720237,5.0,7.0,09-27,0.07583365837732993
09-13,10.800003051757805,2.700000762939453,-3.299999237060554,0.0,-1.200000762939455,-0.8999996185302717,0.3000001907348624,-1.1999998092651367,0.5,-0.3500001430511479,-0.009999990463256392,-0.23000001907348677,4.0,8.0,09-28,0.5925003687540676
09-14,6.900001525878906,1.7999992370605469,-6.600000381469727,0.0,-0.6000003814697283,0.3000001907348633,0.0,-0.3000001907348633,0.71999979019165,-0.1400001049041748,-0.16000008583068848,-0.20000004768371604,4.0,8.0,09-29,0.14333329598108907
09-15,9.600002288818352,0.6000022888183594,0.0,0.0,-0.8999996185302717,0.3000001907348633,0.3000001907348624,0.0,0.4699997901916504,0.2199997901916504,-0.23000001907348722,-0.37000000476837136,6.0,6.0,09-30,0.832500408093134
09-16,-0.8999977111816406,-1.5,2.1000003814697266,0.8999996185302734,-1.5,0.6000003814697248,0.2999997138977051,-0.3000001907348615,0.4699997901916504,0.36999988555908203,-0.22000002861022994,-0.38999998569488503,6.0,6.0,10-01,-0.005833178758621234
09-17,-1.2000007629394531,3.6000022888183523,6.0,0.0,-1.7999997138977042,0.6000003814697248,0.2999997138977051,-0.6000003814697266,0.23999977111816495,0.3199999332427983,-0.32999992370605513,-0.3400000333786011,6.0,6.0,10-02,0.5658334394296004
09-18,-8.700000762939453,0.0,1.5,2.3999996185302717,-0.9000000953674325,0.6000003814697248,0.0,-0.6000003814697266,0.04999971389770508,-0.1000001430511479,-0.36999988555908203,-0.2799999713897705,4.0,8.0,10-03,-0.5333334604899093
09-19,-7.200000762939453,-1.5,2.3999996185302734,1.5,-1.4999995231628391,-0.3000001907348633,-0.3000001907348624,-0.30000019073486506,0.019999980926513672,0.09999990463256836,-0.6000001430511479,-0.25,4.0,8.0,10-04,-0.6608334581057229
09-20,-2.4000015258789062,-2.1000022888183523,1.2000007629394496,0.3000001907348633,-1.4999995231628391,0.9000005722045916,-0.3000001907348624,0.30000019073486506,0.0,-0.1000001430511479,-0.6400001049041748,-0.16999995708465554,4.0,8.0,10-05,-0.3758335014184307
09-21,-2.099998474121101,-0.299999237060554,-2.6999988555908203,1.8000001907348642,-0.2999997138977051,0.6000003814697283,0.0,0.8999996185302717,-0.09999990463256836,-0.15000009536743164,-0.29000020027160645,-0.15999996662139893,3.0,9.0,10-06,-0.23333302140236012
09-22,-4.5,-3.0,-4.5,0.0,0.0,0.30000019073486683,-0.9000005722045907,0.0,-0.5,0.0,-0.24000000953674272,-0.12000000476837158,1.0,11.0,10-07,-1.1216666996479032
09-23,-3.6000022888183594,-0.299999237060554,-2.6999988555908203,-1.200000762939455,0.0,-0.8999996185302761,-0.9000005722045907,1.1999998092651367,-0.5,0.15000009536743164,-0.12000012397766113,0.060000061988830566,3.0,9.0,10-08,-0.7341667910416931
09-24,-4.5,-0.8999977111816477,-5.39999961853027,-0.6000003814697266,0.0,-0.30000019073486595,-0.6000003814697248,1.1999998092651367,-0.5,-0.2999999523162846,0.2999999523162842,0.11000001430511497,3.0,9.0,10-09,-0.9574998716513319
09-25,-0.5999984741211009,-0.8999977111816477,-4.79999923706055,-1.5,-1.4999995231628391,-1.8000001907348633,-0.3000001907348624,0.9000005722045898,-0.5999999046325679,-0.009999990463256836,0.1100001335144043,0.08000004291534424,3.0,9.0,10-10,-0.9099995394547792
09-26,-1.5,-2.700000762939453,-3.89999961853027,-1.5,-1.5000004768371609,-1.8000001907348633,-0.3000001907348624,1.1999998092651367,-0.019999980926513672,-0.36999988555908203,0.07999992370605513,0.1700000762939453,3.0,9.0,10-11,-1.0116667747497556
09-27,-3.3000030517578054,-0.5999984741210938,-3.8999996185302734,-2.3999996185302734,-0.9000000953674325,-1.8000001907348633,-0.9000000953674325,0.5999994277954102,-0.019999980926513672,-0.5199999809265137,0.06999993324279785,0.1700000762939453,3.0,9.0,10-12,-1.125000139077504
09-28,-1.200000762939446,0.0,-4.5,-1.5,0.0,-1.5000000000000009,0.6000003814697283,0.0,0.20000028610229492,-0.47000002861022994,0.059999942779541016,0.12999999523162864,4.0,8.0,10-13,-0.6816666821638737
09-29,3.299999237060547,-2.400001525878899,-1.7999992370605504,-3.0,0.30000019073486506,-1.5000000000000009,0.9000005722045907,-1.1999998092651367,0.3900003433227548,-0.36999988555908203,0.009999990463256836,0.2200000286102295,6.0,6.0,10-14,-0.42916667461395214
09-30,4.5,-0.6000022888183523,-2.699998855590824,-1.8000001907348615,0.30000019073486506,-1.5000000000000009,0.6000003814697248,-1.4999999999999982,0.5700001716613778,-0.34999990463256836,-0.1400001049041748,0.07000005245208718,5.0,7.0,10-15,-0.21250004569689374
10-01,-3.5999984741210938,0.0,-4.5,-3.0,0.30000019073486506,-0.9000005722045916,0.6000003814697248,-1.8000001907348633,0.5799999237060547,-0.16999983787536666,-0.16000008583068848,0.03999996185302712,4.0,8.0,10-16,-1.0508332252502444
10-02,-3.900001525878899,-2.1000022888183523,-0.6000003814697195,-1.5,-0.30000019073486506,-0.6000003814697283,0.3000001907348624,-1.5,-0.5499999523162846,-0.26999998092651367,-0.19999980926513627,0.029999971389770508,2.0,10.0,10-17,-0.9325003623962388
10-03,0.0,0.0,-2.7000007629394496,-0.6000003814697266,0.3000001907348624,-0.30000019073486683,0.6000003814697248,-1.1999998092651367,-0.09999990463256792,-0.3999998569488521,-0.3600001335144043,0.009999990463256836,3.0,9.0,10-18,-0.39583337306976335
10-04,0.0,0.0,-1.8000011444091797,0.6000003814697283,0.3000001907348624,0.5999994277954093,0.3000001907348624,-0.8999996185302717,0.40000009536743164,-0.5499999523162837,-0.4800000190734859,-0.059999942779541016,5.0,7.0,10-19,-0.13250003258387233
10-05,3.0,-1.2000007629394531,0.2999992370605433,0.0,0.3000001907348624,0.0,0.0,-0.5999994277954102,-0.049999952316283736,-0.09999990463256747,-0.6700000762939449,0.12999999523162842,4.0,8.0,10-20,0.0924999415874479
10-06,5.400001525878906,-1.200000762939446,-2.7000007629394496,1.5,-0.2999997138977051,0.0,0.0,-0.3000001907348633,0.04999995231628418,-0.38999986648559526,-0.7599999904632568,-0.009999990463256836,3.0,9.0,10-21,0.10750001668930147
10-07,-2.400001525878899,-2.0999984741210938,-3.60000038146973,1.5,0.6000003814697248,-0.9000000953674299,0.0,-0.5999994277954102,-0.5299999713897701,-0.13999986648559526,-0.8500001430511479,0.06999993324279785,3.0,9.0,10-22,-0.7458332975705462
10-08,-0.2999992370605469,-4.200000762939453,-1.5,1.5,0.0,-0.3000001907348624,0.5999999046325701,-0.5999994277954102,-0.48000001907348633,-0.03999996185302779,-0.7599999904632568,-0.1700000762939453,2.0,10.0,10-23,-0.5208333134651183
10-09,-2.4000015258789062,-4.200000762939453,1.5,0.6000003814697283,0.0,0.30000019073486595,-0.9000005722045907,-1.7999992370605469,-0.48000001907348633,0.3199999332427974,-0.5999999046325684,-0.12999999523162864,4.0,8.0,10-24,-0.649166792631149
10-10,-2.700000762939453,-1.5,2.7000007629394496,0.0,0.0,0.30000019073486595,-0.9000005722045907,-1.1999998092651367,-0.40000009536743164,0.3199999332427974,-0.3599998950958252,-0.20000004768371582,3.0,9.0,10-25,-0.32833335796992
10-11,-3.0,-2.700000762939453,1.7999992370605504,-0.8999996185302761,0.0,0.30000019073486595,-0.9000005722045907,-1.1999998092651367,-0.6400001049041752,0.29999995231628374,-0.20999979972839355,-0.2200000286102295,3.0,9.0,10-26,-0.6141667763392129
10-12,-3.0,-1.5,3.0,0.3000001907348624,0.0,0.0,-0.6000003814697283,0.0,-0.5999999046325684,0.11999988555908203,-0.15999984741210938,-0.23000001907348633,3.0,9.0,10-27,-0.222500006357829
10-13,-4.799999237060547,5.700000762939453,1.1999988555908203,-1.1999998092651376,-0.5999999046325701,0.30000019073486595,-0.3000001907348624,-0.8999996185302734,0.529999971389771,0.22000002861022905,-0.2999999523162842,-0.04000008106231667,5.0,7.0,10-28,-0.01583324869473766
10-14,0.0,-0.9000015258788991,3.2999992370605504,-1.1999998092651376,-0.5999999046325701,0.30000019073486683,-0.3000001907348624,-1.1999998092651367,0.09999990463256792,-0.1399998664855957,-0.3399999141693115,0.05000007152557373,4.0,8.0,10-29,-0.0775001347064962
10-15,-2.099998474121101,-0.9000015258788991,6.0,-1.1999998092651376,-0.2999997138977051,0.6000003814697283,-0.3000001907348624,-1.1999998092651367,0.09999990463256792,0.20000004768371582,-0.050000190734863725,0.12999999523162842,5.0,7.0,10-30,0.08166671792666125
10-16,-5.099998474121101,3.0,1.2000007629394496,-1.5,-2.0999999046325684,0.30000019073486595,0.0,-1.5,0.09999990463256792,0.029999971389770064,0.0,-0.059999942779541016,5.0,7.0,10-31,-0.4691664576530464
10-17,-5.099998474121101,-0.5999984741211009,1.8000011444091797,-1.8000001907348624,-1.8000001907348642,0.30000019073486595,0.0,-1.1999998092651367,-0.49999999999999956,0.049999952316283736,0.029999971389770508,0.009999990463256836,5.0,7.0,11-01,-0.7341663241386422
10-18,-7.5,3.0,0.0,-1.5,-2.700000286102294,1.2000002861022958,0.0,-1.8000001907348633,0.049999952316283736,-0.3500001430511479,0.12000012397766158,0.059999942779541016,5.0,7.0,11-02,-0.7850000262260436
10-19,-5.700000762939453,-3.6000022888183594,1.5,-1.5,-1.8000001907348642,3.299999713897704,-0.2999997138977051,-1.8000001907348633,-0.059999942779541016,-0.4500000476837154,0.08999991416931108,-0.24000000953674316,3.0,9.0,11-03,-0.8800002932548524
10-20,-2.700000762939453,-1.2000007629394531,-1.5,-0.6000003814697283,-0.30000019073486506,3.299999713897704,0.0,-1.200000762939455,-0.059999942779541016,-0.4500000476837154,0.05999994277954057,-0.25,2.0,10.0,11-04,-0.4083335995674138
10-21,-3.0,-3.0,-2.7000007629394496,-1.800000190734866,-0.9000000953674325,2.999999999999999,-0.2999997138977051,-1.800000190734865,-0.25999975204467773,-0.049999952316283736,0.039999961853026456,-0.07999992370605469,2.0,10.0,11-05,-0.9041667183240257
10-22,-4.5,-1.7999992370605469,-3.2999992370605504,-2.7000002861022967,0.5999999046325701,2.0999994277954084,0.0,-1.800000190734865,-0.399999856948853,-0.20000004768371538,-0.25999999046325684,0.0,2.0,10.0,11-06,-1.0216666261355087
10-23,-4.5,-0.2999992370605469,-0.899999618530277,-1.1999998092651376,-0.5999999046325701,1.8000001907348642,-0.3000001907348624,-1.4999999999999982,-0.399999856948853,-0.27999997138977006,-0.42000007629394553,0.009999990463256836,2.0,10.0,11-07,-0.7158332069714867
10-24,-3.0,0.9000015258788991,-0.899999618530277,-1.5,0.5999999046325701,1.4999999999999982,-0.3000001907348624,-1.4999999999999982,0.029999971389770064,-0.9199998378753658,-0.3700000047683716,-0.039999961853027344,4.0,8.0,11-08,-0.45833318432172215
10-25,0.0,2.400001525878899,-2.7000007629394496,-2.0999999046325684,0.5999999046325701,0.9000005722045881,-0.5999999046325675,-1.4999999999999982,-0.20000004768371626,-0.440000057220459,-0.33000004291534424,-0.12999999523162842,3.0,9.0,11-09,-0.3416665593783062
10-26,2.700000762939453,-6.0,-3.2999992370605504,-1.799999713897706,0.5999999046325701,1.199999809265135,-1.1999998092651376,-0.9000005722045881,-0.049999952316283736,-0.7799999713897705,-0.46999990940093994,-0.0899999141693113,3.0,9.0,11-10,-0.8408332169055942
10-27,2.400001525878899,-1.5,1.2000007629394496,-2.0999999046325684,0.0,0.0,-0.3000001907348624,-0.9000005722045916,-0.049999952316283736,-0.48000001907348633,-0.5499999523162842,-0.31000006198883057,2.0,10.0,11-11,-0.21583319703737988
10-28,4.5,0.299999237060554,0.6000003814697195,-2.0999999046325684,-0.6000003814697248,-1.5,0.3000001907348624,-1.200000762939455,0.04999995231628418,-0.07999992370605424,-0.14999985694885254,-0.18000006675720215,5.0,7.0,11-12,-0.00500009457270308
10-29,6.900001525878899,-3.299999237060547,0.30000114440917613,-1.1999998092651376,0.9000000953674308,0.2999992370605433,0.3000001907348624,-0.6000003814697283,-0.10000014305114835,0.42000007629394576,-0.2999999523162846,-0.25,6.0,6.0,11-13,0.28083356221516764
10-30,5.100002288818352,0.6000022888183594,-3.299999237060547,-1.1999998092651376,0.9000000953674316,-1.800000190734865,0.5999999046325675,-0.6000003814697283,0.0,-0.049999952316283736,-0.2799999713897703,0.04999995231628418,5.0,7.0,11-14,0.0016670823097219196
10-31,5.100002288818352,-2.3999977111816406,-0.2999992370605433,-1.1999998092651376,-0.9000000953674299,-1.800000190734865,0.3000001907348624,0.0,-0.09999990463256792,-0.09999990463256836,-0.28000009059905984,-0.019999980926513672,2.0,10.0,11-15,-0.1416662037372593
11-01,2.700000762939453,-0.5999984741210938,-3.0,0.2999997138977051,-0.3000001907348624,-1.800000190734865,0.6000003814697248,0.6000003814697266,-0.46000003814697266,-0.5,-0.2600001096725457,0.029999971389770508,5.0,7.0,11-16,-0.2241664826869966
11-02,2.700000762939453,0.2999992370605469,-2.700000762939453,1.1999998092651358,-1.5,-0.3000001907348633,0.0,1.5000000000000018,-0.3199999332427974,-0.34999990463256836,-0.020000100135803,0.18000006675720215,5.0,7.0,11-17,0.05749991536140455
11-03,-1.7999992370605469,1.5,-3.8999996185302734,0.2999997138977051,0.6000003814697248,-0.5999994277954102,0.2999997138977051,0.3000001907348615,-0.3199999332427974,-0.26999998092651367,-0.020000100135803,0.19999992847442605,6.0,6.0,11-18,-0.3091665307680768
11-04,-0.5999984741210938,-1.5,-3.8999996185302734,0.2999997138977051,0.3000001907348624,-0.3000001907348633,0.0,0.3000001907348615,-0.5,-0.019999980926513672,-0.04000008106231712,0.10000002384185791,4.0,8.0,11-19,-0.4883331855138145
11-05,3.299999237060547,-3.0,-1.5,-0.3000001907348624,0.8999996185302752,-2.1000003814697266,0.2999997138977051,0.3000001907348615,-0.27999997138977006,0.1800000667572026,-0.38999998569488503,0.19000005722045898,6.0,6.0,11-20,-0.20000013709068284
11-06,0.5999984741210938,-2.099998474121101,-2.3999996185302734,0.0,-0.30000019073486506,-1.799999237060545,0.8999996185302752,0.3000001907348615,-0.25,0.2699999809265141,-0.2799999713897703,0.14999997615814187,5.0,7.0,11-21,-0.4091666042804724
11-07,-0.6000022888183523,1.5,-3.8999996185302734,0.9000000953674308,0.2999997138977051,-0.5999994277954102,0.0,0.3000001907348615,-0.20000004768371538,0.15000009536743208,-0.25,0.23000001907348633,6.0,6.0,11-22,-0.18083343903223628
11-08,-3.0,3.0,-7.5,0.29999971389770597,0.9000000953674299,0.6000003814697283,1.199999809265134,0.0,-0.3500001430511479,0.14999985694885165,-0.6500000953674316,0.23000001907348633,7.0,5.0,11-23,-0.42666669686635356
11-09,-5.700000762939446,3.0,-7.20000076293945,-0.6000003814697248,0.2999997138977051,1.1999998092651385,1.199999809265134,0.30000019073486683,-0.14999985694885165,-0.35000014305114835,-0.440000057220459,0.23000001907348633,6.0,6.0,11-24,-0.6841668685277291
11-10,-5.100002288818352,4.799999237060547,-3.6000003814697266,-0.6000003814697248,0.5999999046325701,1.5,0.8999996185302717,0.30000019073486683,-0.25,0.09999990463256747,-0.3799999952316284,0.09000003337860107,7.0,5.0,11-25,-0.136667013168334
11-11,-5.100002288818352,6.899997711181641,-6.60000038146973,-0.6000003814697248,0.2999997138977051,0.30000019073486683,0.8999996185302717,-0.3000001907348615,-0.25,-0.15000009536743253,-0.49000000953674316,0.11000001430511475,5.0,7.0,11-26,-0.41500050822893714
11-12,2.400001525878899,5.099998474121094,-3.0,-0.6000003814697248,1.5,0.30000019073486683,2.099999427795411,-0.9000005722045881,-0.10000014305114835,-0.1000001430511479,-0.700000047683716,0.060000061988830566,6.0,6.0,11-27,0.5049998660882314
11-13,2.400001525878899,4.5,-2.3999996185302734,-0.6000003814697248,1.8000001907348624,-1.199999809265135,2.699999809265136,-1.4999999999999982,0.24999999999999956,-0.2100000381469722,-0.669999957084656,-0.09000003337860107,5.0,7.0,11-28,0.4150001406669614
11-14,6.900001525878899,-0.5999984741210938,-1.5,-0.9000000953674299,-1.5,-0.9000005722045881,2.699999809265136,-0.9000005722045881,0.7699999809265137,-0.529999971389771,-0.6399999856948855,-0.03999996185302712,3.0,9.0,11-29,0.23833347360293042
11-15,6.599998474121094,-0.5999984741210938,-4.19999885559082,0.0,-1.1999998092651376,-1.199999809265135,2.400000572204589,-1.5000000000000018,0.7199997901916504,-0.8299999237060547,-0.6200000047683714,-0.03999996185302712,3.0,9.0,11-30,-0.03916650017102571
11-16,4.5,-2.700000762939453,-4.799999237060547,0.5999999046325675,-0.8999996185302752,-1.5000000000000018,3.900000572204589,0.0,0.49999976158142045,-1.029999971389771,-0.30000007152557373,-0.03999996185302712,4.0,8.0,12-01,-0.147499948740006
11-17,5.999999999999993,-1.499999999999993,-4.80000114440918,0.2999997138977051,-0.2999997138977051,-1.5000000000000018,3.900000572204589,0.0,0.4699997901916504,-0.48000001907348677,-0.3799999952316284,0.0,4.0,8.0,12-02,0.1424999336401619
11-18,0.2999992370605469,-7.200000762939453,-3.3000011444091797,0.2999997138977051,-0.2999997138977051,0.8999996185302717,3.900000572204589,0.0,0.5999999046325684,-0.43000006675720304,-0.48000001907348633,0.0,5.0,7.0,12-03,-0.4758335550626122
11-19,1.799999237060554,-8.700000762939453,-1.2000007629394531,-0.3000001907348624,0.30000019073486506,0.2999992370605433,2.4000005722045916,0.3000001907348615,0.40000009536743164,-0.53000020980835,-0.7600000500679018,0.0,6.0,6.0,12-04,-0.4991668711105978
11-20,4.5,-8.700000762939453,-1.5,0.9000000953674299,0.30000019073486506,0.0,2.4000005722045916,-0.30000019073486683,0.5500001907348633,-0.9300000667572017,-0.6799999475479126,0.0,5.0,6.0,12-05,-0.28833332657814037
11-21,3.9000015258789062,-8.400001525878906,-1.5,0.6000003814697248,0.0,-0.3000001907348615,2.4000005722045916,0.3000001907348615,0.3499999046325679,-0.9999999999999996,-0.8500000238418579,0.0,5.0,6.0,12-06,-0.37499993046124774
11-22,0.2999992370605469,-7.5,-0.6000003814697266,0.9000000953674299,0.30000019073486506,0.0,2.1000003814697283,0.0,0.20000004768371626,-1.1499998569488523,-0.7400000095367432,0.0,5.0,6.0,12-07,-0.5158333579699197
11-23,0.2999992370605469,-4.5,-1.5,0.9000000953674299,-0.5999999046325675,-0.8999996185302761,3.0000000000000018,0.8999996185302717,-0.24999999999999956,-1.1499998569488523,-0.49000000953674316,0.0,4.0,7.0,12-08,-0.35750003655751567
11-24,-4.800003051757805,-1.5,-3.0,0.9000000953674299,-0.5999999046325675,0.0,1.8000001907348615,0.3000001907348615,-0.24999999999999956,-0.8399999141693117,-0.5,0.0,3.0,8.0,12-09,-0.7075001994768776
11-25,-5.099998474121094,-1.7999992370605469,-3.0,0.3000001907348624,-0.3000001907348624,-0.30000019073486683,1.1999998092651367,0.3000001907348615,-0.3499999046325679,-0.779999971389771,-0.44999998807907093,0.0,3.0,8.0,12-10,-0.8566664805014931
11-26,-2.4000015258789062,-1.7999992370605469,-0.6000003814697266,0.9000000953674299,1.1999998092651376,0.0,0.0,0.6000003814697283,-0.25,-0.7899999618530278,-0.4299999475479126,0.0,3.0,8.0,12-11,-0.29750006397565204
11-27,-2.4000015258789062,-1.7999992370605469,-0.6000003814697266,0.9000000953674299,0.5999999046325675,0.0,0.0,0.6000003814697283,-0.15000009536743164,-0.5900000333786006,-0.4700000286102295,0.0,3.0,8.0,12-12,-0.325833410024643
11-28,-3.3000030517578054,-1.7999992370605469,-0.3000011444091797,-0.5999999046325675,1.4999995231628391,0.0,0.0,0.30000019073486683,-0.399999856948853,-0.6500000953674316,-0.3799999952316284,0.0,2.0,9.0,12-13,-0.4691669642925255
11-29,-3.0,-0.5999984741210938,-0.9000015258789062,0.9000000953674325,1.4999995231628391,0.0,-0.9000005722045898,-0.6000003814697283,-0.19999980926513672,-0.5700000524520872,-0.3799999952316284,0.0,2.0,9.0,12-14,-0.39583343267440824
11-30,-3.900001525878899,0.0,0.9000015258789062,1.5,1.4999995231628391,0.6000003814697283,-0.6000003814697266,-0.6000003814697283,0.0,-0.46999990940094016,-0.1199999451637268,0.0,4.0,7.0,12-15,-0.09916672607262894
12-01,-5.399997711181641,-0.2999992370605469,1.5,0.9000000953674325,1.2000002861022958,0.9000005722045916,-1.2000007629394531,0.30000019073486683,-0.15000009536743164,-0.1499999761581423,-0.07999998331069946,0.0,5.0,6.0,12-16,-0.20666638513406058
12-02,-4.5,0.9000015258789062,1.5,0.9000000953674325,1.2000002861022958,0.9000005722045916,-0.9000005722045898,-0.3000001907348615,0.0,-0.19999992847442605,-0.09999996423721313,0.0,5.0,6.0,12-17,-0.04999984800815536
12-03,-2.0999984741210938,0.0,0.6000003814697266,3.299999713897706,0.2999997138977051,0.3000001907348615,-0.3000001907348633,0.0,0.0,-0.5299999713897705,-0.18000000715255737,0.0,4.0,7.0,12-18,0.11583344638347619
12-04,-2.0999984741210938,-2.0999984741210938,-0.6000003814697266,3.599999427795411,0.0,0.8999996185302761,-1.1999998092651367,1.199999809265135,0.0,0.549999952316284,-0.06000000238418579,0.0,4.0,7.0,12-19,0.01583347221215579
12-05,-2.0999984741210938,0.0,-0.6000003814697266,2.4000000953674325,0.0,0.0,-1.4999999999999982,0.0,-0.21000003814697266,0.19000005722045898,-0.06999999284744263,0.0,2.0,9.0,12-20,-0.15749989449977853
12-06,-2.0999984741210938,-3.0,1.1999988555908203,2.1000003814697283,-0.2999997138977051,0.30000019073486683,-0.8999996185302717,0.0,-0.05000019073486417,0.06999993324279785,-0.12000000476837169,0.0,4.0,7.0,12-21,-0.23333322008450774
12-07,-4.799999237060547,1.5,0.2999992370605469,1.5000004768371609,-0.5999999046325675,0.9000005722045916,-0.8999996185302717,-0.8999996185302717,-0.309999942779541,0.07999992370605469,-0.17000001668930054,0.0,5.0,6.0,12-22,-0.2833331773678454
12-08,-1.5,1.2000007629394531,0.2999992370605469,1.5000004768371609,-0.5999999046325675,0.6000003814697283,-0.9000005722045898,-1.1999998092651376,-0.4099998474121094,0.19999992847442627,-0.1600000262260437,0.0,5.0,6.0,12-23,-0.08083328107992771
12-09,-3.5999984741210938,1.2000007629394531,0.0,2.4000000953674325,-0.3000001907348624,-0.2999992370605433,-1.5,-0.8999996185302761,-0.10999989509582475,0.16999995708465576,0.1499999761581421,0.0,4.0,7.0,12-24,-0.2324997186660764
12-10,-3.900001525878899,0.0,0.0,2.4000000953674325,-0.3000001907348624,-0.2999992370605433,-0.5999994277954102,-0.5999994277954093,-0.10999989509582475,0.16999995708465576,0.26999998092651367,0.0,3.0,8.0,12-25,-0.24749997258186227
12-11,-3.0,0.0,0.0,3.0,-1.4999995231628391,-0.6000003814697283,-0.8999996185302734,-0.5999994277954093,-0.29999995231628374,0.2799999713897705,0.6000000238418579,0.0,3.0,8.0,12-26,-0.25166657567024214
12-12,-2.700000762939453,0.0,0.0,1.5,-0.30000019073486595,-0.9000005722045916,-0.2999992370605469,-0.8999996185302717,-0.3499999046325679,0.1499999761581423,0.5600000619888306,0.0,3.0,8.0,12-27,-0.27000002066294365
12-13,-3.9000015258789062,-2.4000015258789062,-0.6000003814697266,0.0,-0.30000019073486595,-0.9000005722045916,0.6000003814697266,-1.7999997138977042,-0.5899999141693115,0.2900000810623171,0.5800000429153442,0.0,3.0,8.0,12-28,-0.7516669432322187
12-14,-5.100002288818359,1.2000007629394531,-0.8999996185302734,-2.3999996185302734,0.6000003814697248,-1.199999809265135,1.2000007629394531,-2.6999998092651385,-0.5,0.6200001239776616,0.6300000548362732,0.0,5.0,6.0,12-29,-0.7124999215205512
12-15,-0.6000022888183594,-0.2999992370605469,0.9000015258789062,-2.3999996185302734,1.199999809265134,-1.199999809265135,-0.5999994277954102,-4.199999809265136,-0.5,-0.35999989509582475,0.7600000500679016,0.0,3.0,8.0,12-30,-0.608333225051562
12-16,0.5999984741210938,-7.1999969482421875,0.9000015258789062,-2.3999996185302734,-0.2999997138977051,-1.1999998092651376,-0.3000001907348633,-3.000000000000001,-0.28999996185302734,-0.4700000286102295,0.7600000500679016,0.0,3.0,8.0,12-31,-1.0749996850887935
12-17,0.5999984741210938,-4.1999969482421875,-0.5999984741210938,-2.3999996185302734,0.0,-0.8999996185302761,-0.9000005722045898,-3.3000001907348624,-0.28999996185302734,-0.4700000286102295,0.7500000596046448,0.0,2.0,9.0,01-01,-0.9758330732584001
12-18,3.299999237060547,-6.599998474121094,-0.5999984741210938,-1.8000001907348624,0.0,-1.5000000000000009,-0.9000005722045898,-3.3000001907348624,-0.5999999046325684,-0.12000012397766113,0.7199999690055847,0.0,2.0,9.0,01-02,-0.9499998937050501
12-19,0.5999984741210938,-6.299999237060547,-0.5999984741210938,-2.1000003814697283,0.9000000953674299,-1.1999998092651376,0.0,-3.0,-0.3499999046325679,0.1700000762939453,0.5600000023841858,0.0,4.0,7.0,01-03,-0.9433332631985349
12-20,0.9000015258789062,-3.0,1.2000007629394531,-3.0,0.6000003814697248,-0.30000019073486595,0.3000001907348633,-2.1000003814697283,-0.2899999618530269,0.2799999713897705,0.25,0.0,6.0,5.0,01-04,-0.4299998084704086
12-21,1.5,-5.400001525878906,0.0,-3.0,0.9000000953674299,-0.6000003814697283,0.3000001907348633,-1.5,-0.09999990463256792,0.2799999713897705,-0.0700000524520874,0.0,4.0,7.0,01-05,-0.6408334672451023
12-22,1.7999992370605469,-5.400001525878906,0.0,-3.0,0.5999999046325675,-0.30000019073486595,0.0,-1.5,-0.25,0.2799999713897705,-0.37000006437301647,0.0,3.0,8.0,01-06,-0.6783335556586586
12-23,5.700000762939453,-4.200000762939453,-0.3000011444091797,-1.5,0.5999999046325675,-0.8999996185302717,0.8999996185302734,-0.5999999046325675,-0.009999990463256392,0.23000001907348633,-0.31000006198883057,0.0,4.0,7.0,01-07,-0.03250009814898155
12-24,3.9000015258789062,-5.400001525878906,-0.3000011444091797,-0.8999996185302717,0.0,-0.9000005722045907,-0.3000001907348633,0.0,-0.3000001907348633,0.15000009536743164,-0.34000003337860096,0.0,2.0,9.0,01-08,-0.3658334712187448
12-26,-0.5999984741210938,-2.4000015258789062,-2.1000003814697266,-0.3000001907348624,-0.5999994277954093,-2.1000003814697283,1.5,0.0,-0.2100000381469722,0.009999990463256836,-0.5000000596046449,0.0,2.0,9.0,01-10,-0.6083333740631739
12-27,-0.8999977111816406,-2.4000015258789062,0.6000003814697266,1.8000001907348633,0.9000000953674299,-1.8000001907348624,0.0,-0.9000000953674316,-0.29999995231628374,0.06999993324279785,-0.5000000596046449,0.0,4.0,7.0,01-11,-0.28583324452241266
12-28,0.9000015258789062,-1.7999992370605469,-1.5,2.1000003814697257,0.9000000953674299,-0.3000001907348624,0.0,-0.29999971389770597,-0.00999999046325728,0.019999980926513672,-0.44999998807907116,0.0,4.0,7.0,01-12,-0.03666642804940568
12-29,0.9000015258789062,3.0,5.69999885559082,3.3000001907348633,1.2000002861022958,-0.6000003814697248,-0.2999992370605469,-0.5999999046325684,-0.3199999332427983,-0.15000009536743164,-0.44999998807907116,0.0,5.0,6.0,01-13,0.9733334432045622
12-30,3.5999984741210938,2.700000762939453,5.399999618530273,4.199999809265137,0.9000000953674299,-0.6000003814697248,0.3000001907348633,-0.5999999046325684,-0.22000002861023038,-0.20000004768371582,-0.3999999761581421,0.0,6.0,5.0,01-14,1.2566665510336559
12-31,3.0,-0.5999984741210938,6.600000381469727,4.800000190734863,0.0,0.0,0.0,-0.9000000953674308,-0.22000002861023038,-0.1800000667572017,-0.3500000238418579,0.0,3.0,8.0,01-15,1.0125001569588978
