,2010,2011,2012,2013,2014,2015,2016,2017,2018,2019,2020,ups,downs,end_day_sum,avg
01-02,0.0,0.23000049591064453,0.28999996185302734,0.15000009536743164,1.6800003051757795,-0.3000001907348615,-0.5199995040893555,0.28999996185302734,0.8800001144409197,0.5299997329711914,0.4099998474121094,8.0,2.0,01-17,0.33090916546908306
01-03,0.0,0.03999996185302912,0.28999996185302734,0.15000009536743164,1.6499996185302734,-0.17999935150146307,-0.5199995040893555,0.28999996185302734,0.7100000381469744,0.8100004196166992,0.3899993896484375,8.0,2.0,01-18,0.33000005375255287
01-04,0.0,0.03999996185302912,-0.18999958038330256,0.15000009536743164,1.3100004196166992,-0.17999935150146307,-0.75,0.1700000762939453,0.4400005340576172,0.4499998092651367,0.48999977111816584,7.0,3.0,01-19,0.17545470324429632
01-05,0.0,0.03999996185302912,-0.18999958038330256,0.0,1.3100004196166992,-0.44999980926513494,-1.0999994277954102,0.049999237060546875,0.039999961853027344,0.46000003814697266,0.48999977111816584,6.0,4.0,01-20,0.05909096110950849
01-06,0.0,0.03999996185302912,-0.18999958038330256,0.0,1.1000003814697266,-0.44999980926513494,-0.5,0.25,0.060000419616700995,0.46000003814697266,0.48999977111816584,6.0,4.0,01-21,0.11454556205055978
01-07,0.0,0.03999996185302912,-0.18999958038330256,0.34999990463256836,0.6099996566772461,-0.039999961853027344,-0.6599998474121112,-0.15000057220458984,-0.10999965667724432,0.6499996185302734,0.6599998474121094,5.0,5.0,01-22,0.10545448823408647
01-08,0.0,-0.1900005340576154,0.09000015258789062,0.46000003814697266,0.07999992370605113,-0.31999969482421875,-0.639999389648441,-0.5,-0.08999919891357244,0.5100002288818359,0.6599998474121094,5.0,5.0,01-23,0.005454670299182915
01-09,0.0,-0.3800001144409144,0.09000015258789062,0.46000003814697266,-0.5100002288818342,-0.18999958038330078,-0.5399999618530273,-0.5,0.05999946594238281,0.7100000381469727,0.5200004577636719,5.0,5.0,01-24,-0.025454521179198733
01-10,0.0,-0.4000005722045863,-0.19999980926513672,0.5199999809265146,-0.7200002670288068,-0.14999961853027344,-0.5799999237060529,-0.23999977111816406,-0.0499992370605451,0.09000015258788885,0.6499996185302734,3.0,7.0,01-25,-0.09818176789717169
01-11,0.0,-0.4000005722045863,-0.19999980926513672,0.5199999809265146,-0.7200002670288068,-0.07999992370605469,-0.07999992370605291,-0.25,-0.059999465942386365,0.1099996566772461,0.6599998474121094,3.0,7.0,01-26,-0.04545458880337761
01-12,0.0,-0.4000005722045863,-0.0900001525878924,0.5199999809265146,-0.6400003433227539,-0.15999984741210938,0.1900005340576172,0.38000011444091975,-0.059999465942386365,0.1099996566772461,0.6399993896484375,5.0,5.0,01-27,0.044545390389182433
01-13,0.0,-0.21000003814697088,-0.0900001525878924,0.5199999809265146,-0.880000114440918,-0.21000003814697443,-0.31000041961669744,0.38000011444091975,-0.07999992370605824,0.17000007629394354,0.7100000381469727,4.0,6.0,01-28,-4.3348832806150934e-08
01-14,0.0,-0.21000003814697088,0.3899993896484375,0.6100001335144043,-1.3599996566772443,0.09000015258789062,-0.07999992370605291,0.1700000762939471,0.02999973297118963,0.1099996566772461,0.3000001907348633,7.0,3.0,01-29,0.004545428536155491
01-15,0.0,-0.21000003814697088,0.3899993896484375,0.6100001335144043,-1.359999656677246,0.3600006103515625,0.3099994659423846,-0.049999237060546875,-0.1999998092651385,0.1099996566772461,0.23999977111816406,6.0,4.0,01-30,0.01818184419111788
01-16,0.0,-0.21000003814697088,0.3899993896484375,0.6100001335144043,-1.1499996185302734,0.3600006103515625,-0.07000064849853338,-0.39999961853027344,-0.4499998092651385,0.1099996566772461,0.23999977111816406,5.0,5.0,01-31,-0.05181819742376138
01-17,0.0,-0.21000003814697088,0.3899993896484375,0.26000022888183594,-1.0499992370605469,0.05000019073486506,-0.07000064849853338,-0.4499998092651367,-0.4200000762939453,-0.07999992370605469,-0.10000038146972656,3.0,7.0,02-01,-0.15272730047052507
01-18,0.0,-0.21000003814697088,0.3899993896484375,0.15000009536743164,-0.5099992752075178,0.039999961853027344,-0.07000064849853338,-0.46999931335449396,-0.5299997329711932,0.05999946594238281,-0.10000038146972656,4.0,6.0,02-02,-0.11363640698519605
01-19,0.0,-0.21000003814697088,0.10999965667724432,0.15000009536743164,-0.5099992752075178,-0.2300004959106463,-0.18000030517578125,-0.11999988555908381,-0.5500001907348651,-0.1400003433227539,-0.09000015258789062,2.0,8.0,02-03,-0.16090917587280307
01-20,0.0,-0.30000019073486506,0.10999965667724432,0.15000009536743164,-0.9600000381469709,-0.11999988555908381,-0.07999992370605291,-0.11999988555908381,-0.7599992752075213,0.17000007629394354,-0.13000011444091797,3.0,7.0,02-04,-0.18545449863780694
01-21,0.0,-0.2799997329711932,0.10999965667724432,0.3000001907348633,-1.3399991989135724,0.05999946594238281,-0.039999961853027344,-0.07999992370605646,-0.5599994659423828,-0.19999980926513672,0.6700000762939435,4.0,6.0,02-05,-0.12363624572753955
01-22,0.0,-0.2799997329711932,0.10999965667724432,0.3000001907348633,-1.0599994659423846,-0.13000011444091797,-0.5399999618530273,0.26999950408935725,-0.7799997329711932,-0.4400005340576172,1.2399997711181623,4.0,6.0,02-06,-0.1190909472378824
01-23,0.0,-0.2799997329711932,0.10999965667724432,1.3600001335144034,0.3299999237060547,-0.05000019073486328,-0.5399999618530273,0.3000001907348633,-1.3100004196166992,-0.07999992370605291,1.1000003814697266,5.0,5.0,02-07,0.08545455065640511
01-24,0.0,-1.0199995040893572,0.10999965667724432,1.3600001335144034,0.5699996948242188,-0.05000019073486328,-0.5399999618530273,-0.22000026702880682,-0.6400003433227521,-0.030000686645506036,1.0299997329711914,4.0,6.0,02-08,0.051818024028431366
01-25,0.0,-1.0199995040893572,0.0,1.2699999809265137,0.9799995422363281,-0.15000057220458984,-1.5399999618530256,-0.38000011444091975,-0.7899999618530273,0.029999732971191406,1.2899999618530273,4.0,6.0,02-09,-0.028181899677623565
01-26,0.0,-1.0199995040893572,0.0,1.2699999809265137,0.9799995422363281,-0.25,-1.409999847412112,-0.16000080108642578,-0.5600004196166992,0.029999732971191406,1.4399995803833008,4.0,6.0,02-10,0.029090751301158155
01-27,0.0,-1.0199995040893572,0.0,1.2699999809265137,0.25,-0.5300006866455096,-1.409999847412112,0.18999958038330078,-0.3100004196166992,-0.3099994659423828,1.2200002670288068,4.0,6.0,02-11,-0.05909091776067633
01-28,0.0,-1.0199995040893572,0.0,1.2699999809265137,-0.07999992370605469,-0.5399999618530291,-1.719999790191653,0.23999977111816406,-0.6000003814697266,-0.46000003814697266,1.0799999237060547,3.0,7.0,02-12,-0.1663636294278237
01-29,0.0,-1.0199995040893572,0.0,0.9499998092651358,0.12999916076660156,-0.5100002288818359,-1.719999790191653,0.25,-0.7300004959106445,-0.43000030517578125,1.260000228881836,4.0,6.0,02-13,-0.16545464775779078
01-30,0.0,-1.0199995040893572,0.0,0.8699998855590811,0.049999237060546875,-0.2399997711181623,-1.6100001335144052,0.6999998092651367,-0.14999961853027344,-0.4099998474121094,1.1900005340576172,4.0,6.0,02-14,-0.056363582611084144
01-31,0.0,-1.0199995040893572,0.0,0.8699998855590811,0.5,-0.3500003814697248,-1.6100001335144052,0.7399997711181641,0.21999931335449396,-0.28999996185302734,1.2300004959106445,5.0,5.0,02-15,0.026363589546897194
02-01,0.0,-1.0199995040893572,0.0,0.7199997901916495,0.8799991607666016,-0.3500003814697248,-1.75,0.7399997711181641,-0.23000049591064453,0.07999992370605291,0.430000305175783,5.0,5.0,02-16,-0.04545467550104323
02-02,0.0,-0.7399997711181641,-0.14999961853027166,0.7199997901916495,0.8799991607666016,-0.07000064849853338,-2.0900001525878906,0.7600002288818342,-0.010000228881834161,0.3200006484985334,0.430000305175783,5.0,5.0,02-17,0.004545428536155249
02-03,0.0,-0.7399997711181641,-0.14999961853027166,0.7199997901916495,0.29999923706054865,0.3400001525878906,-1.1700005531311044,0.7299995422363281,0.4399995803833008,0.3200006484985334,0.2799997329711932,7.0,3.0,02-18,0.09727261283180946
02-04,0.0,0.0,-0.14999961853027166,0.7199997901916495,0.38000011444091975,0.5799999237060547,-1.1700005531311044,0.9700002670288068,0.4399995803833008,-0.14999961853027344,-0.4700002670288068,5.0,5.0,02-19,0.10454541986638866
02-05,0.0,0.0,-0.14999961853027166,-0.6500000953674325,-1.1299991607666016,1.0100002288818342,-0.17000055313110618,0.9700002670288068,0.44999980926513494,-0.3199996948242205,-0.5299997329711914,3.0,7.0,02-20,-0.04727259549227709
02-06,0.0,0.0,-0.14999961853027166,-0.6500000953674325,-1.1299991607666016,1.1099996566772443,0.019999980926513672,0.8100004196166974,-0.13000011444091975,-0.09999942779541016,-0.5899991989135742,3.0,7.0,02-21,-0.07363614169034131
02-07,0.0,0.0,-0.14999961853027166,-0.5700001716613778,-0.39999961853027344,1.0900001525878888,-0.3599996566772461,0.15000057220458984,0.619999885559082,0.25,-0.36999988555908025,4.0,6.0,02-22,0.02363651449030104
02-08,0.0,0.0,-0.14999961853027166,-0.5700001716613778,-0.4200000762939453,1.3100004196166992,-0.25999975204467596,0.5700006484985352,0.75,0.40000057220458984,-0.37999916076660156,4.0,6.0,02-23,0.11363662372935926
02-09,0.0,0.0,0.5300006866455096,-0.25,-0.7000007629394513,1.2300004959106445,-0.42999982833862216,0.5500001907348633,0.880000114440918,0.37000083923339844,-0.5,5.0,5.0,02-24,0.15272743051702367
02-10,0.0,0.0,0.5300006866455096,-0.5699996948242188,-0.3300008773803711,0.9799995422363281,0.22000026702881037,0.10000038146972656,0.39999961853027344,0.2200002670288086,-0.6099996566772461,6.0,4.0,02-25,0.08545459400523825
02-11,0.0,0.0,0.5300006866455096,-0.5699996948242188,-0.1699991226196289,0.930000305175783,0.3600001335144052,0.07999992370605646,0.4499998092651385,0.29000091552734375,-1.260000228881836,6.0,4.0,02-26,0.05818206613714117
02-12,0.0,0.0,0.7100000381469744,-0.48999977111816406,0.3000001907348615,0.8299999237060547,0.8099999427795419,0.18000030517578303,0.6700000762939453,0.4399995803833008,-1.2400007247924805,7.0,3.0,02-27,0.2009090510281652
02-13,0.0,0.0,0.680000305175783,-0.48999977111816406,1.3100004196166974,0.4799995422363281,-0.10999965667724432,0.18000030517578303,0.9900007247924787,-0.23000049591064275,-1.1899995803833008,5.0,5.0,02-28,0.14727289026433804
02-14,0.0,0.0,0.7800006866455078,-0.48999977111816406,1.2399997711181623,0.3599996566772461,0.49000024795532315,-0.21000003814697088,1.280000686645506,0.039999961853027344,-0.9699993133544922,6.0,4.0,02-29,0.22909108075228596
02-15,0.0,0.0,0.9300003051757795,-0.23999977111816406,1.2799997329711914,0.3599996566772461,0.5300002098083505,-0.5799999237060547,1.0,-0.010000228881835938,-0.75,5.0,5.0,03-01,0.2290909073569557
02-16,0.0,0.0,1.1999998092651367,-0.23999977111816406,1.4399995803833008,0.619999885559082,0.5900006294250515,0.09000015258788885,1.0,-0.3400001525878906,-1.2300004959106428,6.0,4.0,03-02,0.284545421600342
02-17,0.0,0.0,1.1999998092651367,-0.23999977111816406,1.1899995803833008,0.7700004577636737,0.5499997138977042,0.6300001144409162,0.28999996185302557,-0.3299999237060547,-1.4099998474121094,6.0,4.0,03-03,0.24090909957885717
02-18,0.0,0.0,1.1999998092651367,-0.2999997138977051,1.1700000762939453,0.4000005722045916,1.3000001907348642,0.21000003814697088,-0.39999961853027344,-0.3900003433227539,-1.2100000381469727,5.0,5.0,03-04,0.18000008843161852
02-19,0.0,0.0,1.1999998092651367,-0.2999997138977051,1.6899995803833008,0.18000030517578125,1.200000286102294,0.14999961853027344,-0.34000015258788885,-0.619999885559082,-1.4500007629394531,5.0,5.0,03-05,0.155454462224787
02-20,0.0,0.0,0.7100000381469727,-0.37999963760375977,1.530000686645506,0.26000022888183594,1.3700003623962402,0.25,0.15999984741211115,-0.6400003433227539,-1.0399999618530273,6.0,4.0,03-06,0.20181829279119318
02-21,0.0,0.0,0.7100000381469727,-0.059999942779541016,1.1600008010864258,0.5200004577636719,1.3700003623962402,-0.13000011444091797,0.07999992370605469,-0.4799995422363281,-0.9300003051757812,5.0,5.0,03-07,0.20363651622425427
02-22,0.0,0.0,0.029999732971191406,-0.059999942779541016,0.7899999618530273,0.560000419616701,1.3899998664855957,-0.11999988555908203,0.09000015258789062,-0.5500001907348633,-0.46000003814697266,5.0,5.0,03-08,0.1518181887539952
02-23,0.0,0.0,-0.14999961853027344,-0.059999942779541016,1.0399999618530273,0.5799999237060547,1.0499997138977042,-0.12000083923339844,-0.1300001144409162,-0.7199993133544922,-0.75,3.0,7.0,03-09,0.06727270646528773
02-24,0.0,0.0,-0.11999988555908203,-0.059999942779541016,0.8499994277954102,0.4799995422363281,1.0499997138977042,-0.12000083923339844,-0.5399999618530238,-0.8599996566772461,-0.9600000381469727,3.0,7.0,03-10,-0.025454694574529233
02-25,0.0,0.0,-0.22000026702880682,-0.059999942779541016,0.4200000762939471,0.0800008773803711,0.23999977111816584,0.26999950408935547,-0.6300001144409144,-0.8599996566772461,-1.6799993515014648,4.0,6.0,03-11,-0.22181810032237578
02-26,0.0,0.0,-0.22000026702880682,-0.09999990463256747,-0.2200002670288086,0.0900001525878924,0.1999998092651385,0.26999950408935547,-0.050000190734861505,-0.6099996566772461,-1.630000114440918,3.0,7.0,03-12,-0.20636372132734745
02-27,0.0,0.0,-0.26000022888183416,-0.09999990463256747,-0.5299997329711914,-0.17000007629394354,0.1399993896484375,0.3900003433227539,-0.18000030517577947,-0.14999961853027344,-1.3299999237060547,2.0,8.0,03-13,-0.19909091429276843
02-28,0.0,0.0,-0.26000022888183416,-0.09999990463256747,-0.2799997329711914,-0.32000064849853516,0.1399993896484375,0.3900003433227539,0.13000011444091975,-0.38000011444091797,-1.150000572204588,3.0,7.0,03-14,-0.16636375947432028
02-29,0.0,0.0,-0.34999942779541016,0.0,0.0,0.0,0.2099990844726527,0.0,0.0,0.0,-1.3500003814697248,1.0,2.0,03-15,-0.1354546113447711
03-01,0.0,0.0,-0.34999942779541016,-0.039999961853026456,-0.26000022888183594,-0.32000064849853516,0.2800006866455096,-0.11999988555908025,0.9699993133544922,-0.31999969482421875,-2.2200002670288086,2.0,8.0,03-16,-0.21636364676735578
03-02,0.0,-1.260000228881836,0.1400003433227539,-0.039999961853026456,-0.4200000762939453,-0.05000019073486506,-0.3299999237060529,-0.05999946594238281,0.9099998474121076,-0.09000015258789062,-2.140000343322755,2.0,8.0,03-17,-0.3036363775079902
03-03,0.0,-1.5500001907348633,0.1400003433227539,-0.039999961853026456,-0.6100006103515625,-0.010000228881835938,-0.3299999237060529,-0.15999984741210938,0.4099998474121076,-0.2700004577636701,-2.549999713897706,2.0,8.0,03-18,-0.45181824944236043
03-04,0.0,-1.5500001907348633,0.1400003433227539,-0.039999961853026456,-1.1499996185302717,0.08999919891357422,-0.3499994277954084,0.2200002670288086,0.11999988555908025,-0.24000072479248225,-2.909999370574951,4.0,6.0,03-19,-0.515454509041526
03-05,0.0,-1.5500001907348633,0.1400003433227539,0.37999963760375977,-0.8400001525878906,0.0499992370605451,-0.3499994277954084,0.28999996185302557,0.18000030517577947,-0.07999992370605469,-2.9099998474121094,5.0,5.0,03-20,-0.4263636415654966
03-06,0.0,-1.5500001907348633,0.1400003433227539,0.1499996185302752,-1.1000003814697266,0.029999732971191406,-0.05000019073486328,0.22999954223632812,-0.18000030517578125,-0.3000001907348633,-2.6999998092651367,4.0,6.0,03-21,-0.48454562100497145
03-07,0.0,-1.5500001907348633,0.1400003433227539,0.1499996185302752,-0.9099998474121094,0.1599998474121076,0.4200000762939453,0.22999954223632812,0.09999942779540838,-0.3299999237060547,-1.9400005340576172,6.0,4.0,03-22,-0.3209092400290751
03-08,0.0,-0.7100000381469709,0.1400003433227539,0.1499996185302752,-0.869999885559082,0.3800001144409162,0.40999984741211115,0.3600006103515625,0.3299999237060529,-0.3299999237060547,-1.5200004577636728,6.0,4.0,03-23,-0.1509090770374644
03-09,0.0,-0.7100000381469709,0.18000030517578125,0.18999958038330167,-1.510000228881836,0.44999980926513494,0.31000041961669744,-0.09999942779541016,-0.25,-0.3400001525878906,-1.6800003051757812,4.0,6.0,03-24,-0.31454545801336126
03-10,0.0,-0.7100000381469709,0.18000030517578125,0.25999975204467773,-1.380000114440918,0.5899991989135742,0.31000041961669744,-0.2200002670288086,-0.15999984741210938,-0.3299999237060547,-1.6800003051757804,4.0,6.0,03-25,-0.28545462001453736
03-11,0.0,-0.7100000381469709,0.18000030517578125,0.25999975204467773,-0.6800003051757812,0.5500001907348615,0.24000072479248225,-0.2200002670288086,-0.11999988555908203,-0.15999984741210938,-1.1299996376037607,4.0,6.0,03-26,-0.1627271825617009
03-12,0.0,-0.7100000381469709,0.18000030517578125,0.25999975204467773,-0.4400005340576154,0.21000003814697266,0.21000003814697266,-0.3000001907348633,-0.4700002670288068,-0.4200000762939453,0.19000005722045898,5.0,5.0,03-27,-0.11727281050248531
03-13,0.0,-0.7100000381469709,0.0,0.25999975204467773,-0.4100008010864258,-0.06000041961669744,0.05000019073486328,-0.3200006484985334,-0.8900003433227539,-0.10000038146972656,0.11000013351440519,3.0,7.0,03-28,-0.18818205053156015
03-14,0.0,-0.810000419616701,0.0,0.25999975204467773,-0.2200002670288086,-0.06000041961669744,0.05000019073486328,-0.2700004577636701,-0.6299991607666016,0.07999992370605291,0.6700000762939462,4.0,6.0,03-29,-0.08454552563753986
03-15,0.0,0.44999980926513494,0.0,0.25999975204467773,-0.2000007629394549,0.5,0.28999996185302557,0.2999992370605469,-0.3399991989135742,0.05000019073486506,0.5399999618530291,7.0,3.0,03-30,0.16818172281438637
03-16,0.0,0.7399997711181623,0.0,-0.1599998474121085,-0.310000419616701,0.5500001907348651,0.36999988555908025,0.2299995422363299,-0.39999961853027344,-0.10000038146972656,0.9800000190734872,5.0,5.0,03-31,0.17272719469937411
03-17,0.0,0.7399997711181623,0.0,-0.1599998474121085,-0.38000011444091975,0.5500001907348633,0.3600006103515607,0.28999996185302734,0.20000076293945312,-0.25,0.8299999237060538,6.0,4.0,04-01,0.19818193262273567
03-18,0.0,0.7399997711181623,0.0,0.010000228881836826,-0.2899999618530291,0.5500001907348633,-0.10999965667724787,0.28999996185302734,-0.4799995422363281,-0.3599996566772443,1.1600003242492685,5.0,5.0,04-02,0.13727287812666444
03-19,0.0,-0.10000038146973012,0.0,-0.5399999618530291,-0.029999732971193183,0.3299999237060547,-0.09999942779541371,0.28999996185302734,-0.8899993896484375,0.26999950408935547,0.4200000762939462,4.0,6.0,04-03,-0.03181812979958363
03-20,0.0,0.28999996185302557,0.0,-0.5399999618530291,0.6100006103515607,0.26000022888183594,-0.3400001525878924,0.28999996185302734,-1.489999771118164,0.3900003433227539,0.5799999237060547,6.0,4.0,04-04,0.004545558582652053
03-21,0.0,0.28999996185302557,0.0,-0.8299999237060547,0.48000049591064275,0.3400001525878906,-1.0699996948242205,-0.15000057220458984,-1.5200004577636737,0.4399995803833008,0.6300001144409171,5.0,5.0,04-05,-0.12636366757479653
03-22,0.0,0.28999996185302557,0.0,-0.8299999237060547,-0.009999275207521308,0.21000003814697088,-0.8100004196166974,0.5500001907348615,-1.1900005340576172,0.26999950408935547,0.5399999618530265,5.0,5.0,04-06,-0.08909095417369552
03-23,0.0,0.28999996185302557,0.0,-0.8299999237060547,-0.009999275207521308,0.13000011444091975,-0.6500005722045881,0.6799993515014648,-0.8400001525878924,0.26999950408935547,0.5399999618530265,5.0,5.0,04-07,-0.03818191181529676
03-24,0.0,0.28999996185302557,0.0,-0.8299999237060547,-0.009999275207521308,0.3299999237060529,-0.8300004005432129,0.6999998092651349,-0.46000003814697266,0.14999961853027344,0.42999982833862216,5.0,5.0,04-08,-0.020909135991877503
03-25,0.0,0.3900003433227557,-0.6800003051757812,-0.8299999237060547,-0.6700000762939471,0.6999998092651349,-0.8300004005432129,0.6499996185302717,-0.7799997329711914,0.14999961853027344,0.11999988555908292,5.0,5.0,04-09,-0.1618182875893335
03-26,0.0,0.3900003433227557,-0.6800003051757812,-0.8299999237060547,-0.6499996185302734,0.21000003814697443,-0.8300004005432129,0.5600004196166992,-1.0399999618530273,0.09000015258789062,0.25,5.0,5.0,04-10,-0.22999993237582086
03-27,0.0,-0.4099998474121076,-0.6800003051757812,-0.6799998283386222,-0.7200002670288086,0.15999984741210938,-0.8300004005432129,0.5600004196166992,-0.9900007247924822,0.020000457763671875,-0.1900000572204581,3.0,7.0,04-11,-0.34181824597445387
03-28,0.0,-0.2399997711181623,-0.6800003051757812,-0.4900002479553214,-0.6500005722045898,0.060000419616700995,-0.5100002288818377,-0.15999984741210938,-0.2700004577636719,0.3599996566772461,0.029999732971193183,3.0,7.0,04-12,-0.23181832920421214
03-29,0.0,-0.2399997711181623,-0.6800003051757812,0.2899999618530291,-0.6100006103515607,0.060000419616700995,-0.2800006866455078,-0.009999275207517755,0.1399993896484375,0.4699993133544904,0.2300000190734881,5.0,5.0,04-13,-0.057272867722943974
03-30,0.0,-0.25,-0.6800003051757812,0.2899999618530291,-0.7400007247924787,-0.17000007629394354,-0.5799999237060511,-0.009999275207517755,0.39999961853027344,0.05000019073486328,-0.11000013351440341,3.0,7.0,04-14,-0.16363642432472816
03-31,0.0,-0.6400003433227557,-0.6800003051757812,0.5399999618530291,-0.8100004196166974,-0.1399993896484375,0.14000034332275568,-0.009999275207517755,0.39999961853027344,-0.2500000000000018,-0.15000009536743253,3.0,7.0,04-15,-0.1454545367847787
04-01,0.0,-0.6400003433227557,-0.6800003051757812,0.5399999618530291,-0.9700002670288068,-0.009999275207517755,0.8699998855590838,0.2000007629394549,0.39999961853027344,0.12000083923339844,0.34999990463256747,6.0,4.0,04-16,0.016363707455722333
04-02,0.0,-0.6400003433227557,-0.6800003051757812,0.5399999618530291,-0.9700002670288068,0.0,0.9200000762939453,0.2000007629394549,0.7700004577636719,0.25999927520751953,0.21000003814697354,6.0,4.0,04-17,0.05545451424338641
04-03,0.0,-0.6400003433227557,-0.6800003051757812,0.7599997520446786,-0.9700002670288068,-0.17000007629394176,0.9200000762939453,-0.009999275207521308,0.2100000381469762,0.32999992370605646,0.21000003814697354,5.0,5.0,04-18,-0.0036364035172887876
04-04,0.0,-0.6400003433227557,0.0,0.7599997520446786,-0.9700002670288068,-0.17000007629394176,0.9200000762939453,-0.25,-0.1699991226196289,0.4499998092651385,-0.05000019073486239,3.0,7.0,04-19,-0.010909123854203012
04-05,0.0,-0.6400003433227557,0.0,0.7599997520446786,-0.39999961853027344,-0.09999942779540838,0.5900001525878888,-0.12999916076660156,0.31999969482421875,0.4499998092651385,-0.05000019073486239,4.0,6.0,04-20,0.07272733341563847
04-06,0.0,-0.6400003433227557,0.0,0.7599997520446786,-0.21999931335449396,-0.19999980926513494,1.2000002861022931,0.10999965667724432,0.5799999237060547,0.40999984741211115,-0.309999942779541,5.0,5.0,04-21,0.1536363688382233
04-07,0.0,0.1599998474121076,0.0,0.7599997520446786,-0.21999931335449396,0.12000083923339844,1.2000002861022931,0.10999965667724432,0.11999988555908381,0.3400001525878906,-0.5699996948242188,7.0,3.0,04-22,0.18363649194890763
04-08,0.0,-0.010000228881837714,0.0,0.7699999809265137,0.029999732971193183,0.5799999237060529,0.880000114440918,0.26000022888183594,0.11999988555908381,0.3000001907348615,-0.5300002098083505,7.0,3.0,04-23,0.21818178350275189
04-09,0.0,-0.010000228881837714,0.0,0.6199998855590811,-0.01999950408935547,0.5799999237060529,0.5700006484985334,0.26000022888183594,0.19000053405762074,0.4700002670288086,-0.5700001716613778,6.0,4.0,04-24,0.19000014391812378
04-10,0.0,-0.010000228881837714,0.0,0.25,0.1100006103515625,0.8100004196166974,0.6600008010864258,0.310000419616701,0.010000228881835938,0.18000030517577947,-0.5700001716613778,7.0,3.0,04-25,0.1590911258350715
04-11,0.0,-0.010000228881837714,0.0,0.0,0.18000030517578125,0.7799997329711914,0.8500003814697266,0.6700000762939435,0.010000228881835938,0.48000049591064453,-0.5700001716613778,6.0,4.0,04-26,0.21727280183271888
04-12,0.0,0.0,0.0,0.0,0.09000015258789062,1.1999998092651385,0.8599996566772443,0.8099994659423793,0.06000041961669922,0.10999965667724432,-0.3400001525878915,6.0,4.0,04-27,0.2536362734707913
04-13,0.0,0.0,0.0,0.0,0.010000228881835938,1.0899991989135742,0.07999992370605291,1.0499992370605487,-0.3100004196166992,0.0200004577636701,-0.46000003814697266,5.0,5.0,04-28,0.13454532623291
04-14,0.0,-0.010000228881834161,0.0,0.0,0.09000015258789062,1.239999771118164,0.010000228881834161,1.0499992370605487,0.14000034332275213,-0.049999237060546875,-0.5799999237060547,5.0,5.0,04-29,0.17181821302934128
04-15,0.0,-0.010000228881834161,-0.8200001716613761,0.0,0.0,1.2700004577636719,0.010000228881834161,1.0499992370605487,0.14000034332275213,-0.049999237060546875,0.11000013351440341,5.0,5.0,04-30,0.15454552390358664
04-16,0.0,-0.010000228881834161,-0.8200001716613761,0.0,-0.18000030517577947,1.0199995040893555,0.3400001525878906,1.0799999237060565,0.4900007247924787,-0.13000011444091975,0.19000005722045898,5.0,5.0,05-01,0.17999995838512098
04-17,0.0,0.32000064849853693,-0.8200001716613761,0.0,0.019999504089357245,1.119999885559082,0.3400001525878906,0.889999389648441,0.46000003814697266,0.09000015258789062,0.4499998092651376,8.0,2.0,05-02,0.26090903715653935
04-18,0.0,0.32000064849853693,-0.8200001716613761,-0.09999990463257014,-0.11999988555908381,0.7699995040893555,0.3900003433227539,0.6199998855590803,0.10000038146972656,-0.10999965667724432,0.5699996948242188,6.0,4.0,05-03,0.1472728035666725
04-19,0.0,0.32000064849853693,-1.1999998092651367,-0.11000013351440519,-0.11999988555908381,1.0199995040893555,-0.31000041961669744,0.3900003433227557,0.22000026702880682,-0.21000003814697266,0.5599999427795401,5.0,5.0,05-04,0.05090912905606357
04-20,0.0,0.32000064849853693,-1.1999998092651367,-0.11000013351440519,-0.039999961853027344,0.9799995422363281,-0.31000041961669744,0.3900003433227557,0.14999961853026988,-0.21000003814697266,0.4899997711181632,5.0,5.0,05-05,0.04181814193725586
04-21,0.0,0.32000064849853693,-1.1999998092651367,-0.11000013351440519,-0.039999961853027344,0.2600002288818377,-0.8900003433227539,0.3400001525878906,0.28999996185302557,-0.18000030517578125,-0.029999732971191406,4.0,6.0,05-06,-0.11272720857100045
04-22,0.0,0.32000064849853693,-1.1999998092651367,-0.11000013351440519,0.18999958038330256,0.2200002670288086,-1.0799999237060547,-0.17000007629394354,0.28999996185302557,-0.06000041961669922,0.4200000762939453,5.0,5.0,05-07,-0.1072727116671473
04-23,0.0,0.32000064849853693,-1.1999998092651367,-0.09999990463257014,-0.0200004577636701,-0.1999998092651385,-1.0799999237060547,0.009999275207521308,0.10000038146972656,0.0900001525878924,0.18000030517578303,5.0,5.0,05-08,-0.17272719469937362
04-24,0.0,0.560000419616701,-1.1999998092651367,0.10000038146972479,-0.21000003814697266,-0.08999919891357422,-0.689999580383299,0.039999961853027344,0.09000015258789062,-0.03999996185302557,0.30000019073486417,5.0,5.0,05-09,-0.10363613475452729
04-25,0.0,0.560000419616701,-1.1999998092651367,0.10000038146972479,-0.28999996185302734,-0.23999977111816406,-0.8900003433227539,0.0,0.3400001525878924,-0.3000001907348633,0.24000024795532404,4.0,6.0,05-10,-0.15272717042402756
04-26,0.0,0.5799999237060582,-0.37999963760376065,0.10000038146972479,-0.19999980926513672,-0.6100006103515625,-0.5900001525878906,-0.18999958038330078,-0.28999996185302734,-0.3000001907348633,0.2800002098083505,3.0,7.0,05-11,-0.1454544934359462
04-27,0.0,0.5900001525878924,-0.37999963760376065,0.10000038146972479,-0.26000022888183594,-0.4800004959106463,-0.36999988555908203,-0.23000049591064275,-0.6400003433227539,-0.34999942779541016,0.40000009536743253,3.0,7.0,05-12,-0.14727271686900745
04-28,0.0,0.2599992752075213,-0.37999963760376065,0.10000038146972479,-0.25,-0.03999996185302912,-0.5100002288818359,-0.039999961853027344,-0.6000003814697266,-0.12999916076660156,0.13000011444091797,3.0,7.0,05-13,-0.13272723284634702
04-29,0.0,0.2599992752075213,-0.37999963760376065,0.10000038146972479,-0.2700004577636719,-0.05999946594238281,-0.5600004196166992,0.059999465942386365,-0.10000038146972656,-0.8199996948242188,-0.09999990463256925,3.0,7.0,05-14,-0.17000007629394515
04-30,0.0,0.2599992752075213,-0.7300000190734881,0.10000038146972479,-0.09999942779541016,-0.2200002670288086,-0.28999996185302734,0.1399993896484375,0.12999916076660156,-1.2100000381469744,-0.05999994277954013,4.0,6.0,05-15,-0.18000013178045124
05-01,0.0,0.0,-0.7100000381469744,1.3099999427795437,-0.32999992370605646,-0.18000030517578125,-0.28999996185302734,0.07999992370605824,0.36999988555908025,-0.9600000381469709,0.010000228881836826,4.0,6.0,05-16,-0.06363638964566286
05-02,0.0,0.0,-0.3300004005432138,1.750000476837159,-0.32999992370605646,0.009999275207517755,-0.28999996185302734,-0.14000034332275568,-0.14999961853026988,-1.0399999618530291,0.28999996185302823,3.0,7.0,05-17,-0.020909135991877017
05-03,0.0,0.0,-0.3300004005432138,1.750000476837159,-0.32999992370605646,-0.09000015258789062,-0.28999996185302734,0.439999580383299,-0.14999961853026988,-1.1599998474121112,0.2199997901916504,3.0,7.0,05-18,0.0054545402526853855
05-04,0.0,-0.6200008392333984,-0.3300004005432138,1.750000476837159,-0.4200000762939471,-0.030000686645511365,0.19999980926513672,0.13000011444091442,0.03999996185302912,-1.2100000381469744,0.2199997901916504,5.0,5.0,05-19,-0.024545626206832306
05-05,0.0,-0.6900005340576154,-0.3300004005432138,1.7000002861022958,-0.4200000762939471,0.21999931335449396,-0.0400009155273473,0.09999942779540838,0.05000019073486506,-1.0,0.3299999237060547,5.0,5.0,05-20,-0.007272980429909607
05-06,0.0,-0.6900005340576154,-0.3300004005432138,1.3300004005432138,-0.3499994277954137,0.37999916076660156,0.1599998474121076,0.0,0.05000019073486506,-1.0,0.6999998092651358,5.0,5.0,05-21,0.022727186029607358
05-07,0.0,-0.7100000381469727,-0.3300004005432138,1.1300001144409189,-0.2700004577636701,1.2700004577636719,0.1599998474121076,0.0,0.21000003814697266,-0.869999885559082,0.8999996185302734,5.0,5.0,05-22,0.13545448129827325
05-08,0.0,-0.7100000381469727,-0.3300004005432138,1.6999998092651376,-0.06999969482422053,1.1400003433227557,-0.06999969482421875,0.1999998092651385,-0.2899999618530291,-0.5900001525878906,0.7799997329711914,4.0,6.0,05-23,0.15999997745860706
05-09,0.0,-0.7100000381469727,-0.3300004005432138,2.239999771118165,-0.07999992370605646,0.7399997711181641,-0.06999969482421875,0.3000001907348633,-0.07999992370605469,-0.8100004196166992,0.5899996757507324,4.0,6.0,05-24,0.16272718256170082
05-10,0.0,-0.7100000381469727,-0.3300004005432138,2.239999771118165,-0.05999946594238459,0.7399997711181641,-0.1100006103515625,0.31000041961669744,-0.6199998855590803,-0.11999988555908203,0.5899996757507324,4.0,6.0,05-25,0.175454486500133
05-11,0.0,-0.7100000381469727,0.019999980926513672,2.239999771118165,-0.05999946594238459,0.5599994659423846,0.029999732971191406,0.32000064849853516,-0.8499994277954084,0.11999988555908381,0.5499997138977051,7.0,3.0,05-26,0.20181820609352846
05-12,0.0,-0.45000076293945135,0.0,2.239999771118165,0.10000038146972834,0.9399995803833008,0.4099998474121094,0.3800001144409144,-0.8999996185302699,0.11999988555908381,0.5900001525878906,7.0,3.0,05-27,0.3118181228637701
05-13,0.0,-0.45000076293945135,0.0,1.179999351501464,-0.1700000762939471,0.7899999618530273,0.4099998474121094,0.6800003051757795,-0.8999996185302699,0.11999988555908381,1.1299996376037607,6.0,4.0,05-28,0.2536362301219597
05-14,0.0,-0.45000076293945135,0.0,0.0699996948242152,-0.05000019073486328,0.8999996185302699,0.4099998474121094,0.6800003051757795,-1.2799997329711896,0.0,1.25,5.0,5.0,05-29,0.13909079811789724
05-15,0.0,-0.45000076293945135,0.0,-0.3700008392334002,0.030000686645507812,0.8400001525878906,0.4099998474121094,0.8500003814697266,-0.9099998474121094,0.13000011444091975,1.25,6.0,4.0,05-30,0.16181815754283574
05-16,0.0,-0.45000076293945135,0.0,-0.32000064849853693,0.030000686645507812,0.6300001144409144,0.4099998474121094,0.2700004577636719,-0.7700004577636719,-0.03000068664550959,1.0700001716613778,5.0,5.0,05-31,0.07636352018876469
05-17,0.0,0.1700000762939471,0.0,0.0499992370605451,0.1700000762939471,0.610000610351559,0.28999996185302734,0.2700004577636719,-0.7700004577636719,-0.03000068664550959,1.4800000190734872,7.0,3.0,06-01,0.2036362994800912
05-18,0.0,0.0,0.0,0.0499992370605451,0.3699998855590838,0.17000007629394354,0.14000034332275568,0.6900005340576207,-0.9300003051757795,-0.03000068664550959,1.0800004005432138,6.0,4.0,06-02,0.13999995318326122
05-19,0.0,0.0,0.0,0.0499992370605451,0.32999992370605646,-0.009999275207521308,0.8199996948242205,0.49000072479248225,-0.7300004959106428,-0.11000061035156428,0.6700000762939453,5.0,5.0,06-03,0.13727266138250194
05-20,0.0,0.0,0.0,0.0499992370605451,0.7899999618530273,-0.5200004577636719,0.8199996948242205,0.5500001907348651,-1.010000228881836,-0.46000003814697354,0.7100000381469727,5.0,5.0,06-04,0.0845453088933772
05-21,0.0,0.0,0.0,-1.4499998092651376,0.6099996566772496,-0.3400001525878924,0.7100000381469744,0.869999885559082,-0.9099998474121094,-0.26000022888183505,0.8000001907348633,4.0,6.0,06-05,0.0027272484519268144
05-22,0.0,0.0,0.0,-1.989999771118165,0.4700002670288068,-0.5200004577636719,0.10000038146972656,1.0599994659423828,-0.1900005340576172,-0.26000022888183505,0.9099998474121094,4.0,6.0,06-06,-0.03818191181529668
05-23,0.0,0.0,0.0,-0.929999351501464,0.3699998855590838,-0.46000003814697266,0.10000038146972656,1.1499996185302734,-0.21000003814697443,0.010000228881835938,0.34000015258788885,5.0,5.0,06-07,0.03363643993030887
05-24,0.0,0.0,0.0,-0.929999351501464,0.40000057220458984,-0.6899995803833008,0.3299999237060547,0.9099998474121112,0.3299999237060547,0.11999988555908025,0.3299999237060547,6.0,4.0,06-08,0.07272737676447096
05-25,0.0,0.0,0.0,-0.929999351501464,0.5,-0.9399995803833008,-0.05000019073486328,0.8999996185302734,0.3599996566772443,0.039999961853027344,0.3000001907348615,5.0,5.0,06-09,0.016363664106888963
05-26,0.0,0.0,0.0,-0.929999351501464,0.5799999237060547,-1.0899991989135742,0.46000003814697266,0.8999996185302734,0.22000026702880682,-0.15000057220458984,0.4999999999999982,5.0,5.0,06-10,0.0445455204356798
05-27,0.0,0.0,0.0,-0.809999465942381,0.8700008392333984,-1.0999994277954084,0.5799999237060547,1.0299997329711932,0.5500001907348615,-0.11999988555908025,0.5200004577636719,5.0,5.0,06-11,0.13818203319202818
05-28,0.0,0.0,0.0,-0.809999465942381,0.809999465942381,-0.8100004196166974,0.5799999237060547,1.1799993515014666,0.6000003814697248,-0.1700000762939453,-0.15999984741210938,4.0,6.0,06-12,0.11090902848677218
05-29,0.0,0.0,0.21000003814697443,-0.9899997711181623,0.6599998474121094,-0.36999988555908203,0.23999977111816406,1.0,0.6000003814697248,-0.2199993133544904,0.23999977111816406,6.0,4.0,06-13,0.12454553083940018
05-30,0.0,-0.5799999237060565,0.21000003814697443,-0.8799996376037589,0.6999998092651367,-0.3500003814697248,-0.010000228881835938,1.0799999237060582,0.7400007247924787,-0.129999160766598,0.28999996185302734,5.0,5.0,06-14,0.09727282957597284
05-31,0.0,-0.5799999237060565,0.21000003814697443,-0.8799996376037589,0.4300003051757795,-0.1100006103515625,-0.430000305175783,0.6099996566772443,1.0200004577636719,0.22000026702881126,-0.050000190734861505,5.0,5.0,06-15,0.04000000520185991
06-01,0.0,-0.25,0.21000003814697443,0.04999971389770508,0.45000076293945135,-0.14000034332275213,-0.9699993133544922,0.4200000762939453,0.9200000762939453,0.07000064849853604,0.06999969482421875,7.0,3.0,06-16,0.07545466856523018
06-02,0.0,-0.25,0.21000003814697443,0.04999971389770508,0.6800003051757795,-0.18999958038330078,0.07999992370605469,0.23000049591064453,0.6200008392333984,-0.03999996185302912,-0.13000011444091797,6.0,4.0,06-17,0.11454560539939171
06-03,0.0,-0.25,0.21000003814697443,0.04999971389770508,0.5600004196166974,-0.39999961853027344,0.07999992370605469,0.1400003433227539,0.6200008392333984,-0.11999988555908292,-0.22999954223632812,6.0,4.0,06-18,0.060000202872536317
06-04,0.0,-0.25,0.21000003814697443,0.04999971389770508,0.6999998092651367,-0.18999958038330078,-0.14999961853027344,-0.22999954223632812,0.13000011444091975,-0.09999990463257014,0.3500003814697248,5.0,5.0,06-19,0.04727285558527166
06-05,0.0,-0.25,0.21000003814697443,0.04999971389770508,1.0,0.06000041961669922,-0.5899991989135724,-0.22999954223632812,-0.05000019073486328,-0.330000400543212,0.38000011444091797,5.0,5.0,06-20,0.022727359424938257
06-06,0.0,-0.25,0.21000003814697443,0.04999971389770508,0.9200000762939453,0.21000003814697266,-0.39999961853027344,0.10999965667724432,-0.46000003814697266,-0.13999986648559481,0.18000030517578125,6.0,4.0,06-21,0.03909093683416201
06-07,0.0,-0.25,0.21000003814697443,-0.07000017166137784,0.6299991607666016,0.049999237060546875,0.06000041961669922,0.07999992370605469,-0.48999977111816406,-0.1700005531311044,-0.17999935150146484,5.0,5.0,06-22,-0.011818278919566761
06-08,0.0,-0.25,0.21000003814697443,-0.07000017166137784,0.6799993515014631,0.029999732971191406,-0.5299997329711914,-0.08999919891357422,-0.5399999618530273,-0.12000036239623935,-0.2200002670288086,3.0,7.0,06-23,-0.0818182338367809
06-09,0.0,-0.25,0.0,-0.20000028610229492,0.8499994277954102,0.08999919891357422,-0.08999919891357422,0.0900001525878924,-0.5399999618530273,0.21000003814697266,-0.4100008010864258,4.0,6.0,06-24,-0.022727402773770257
06-10,0.0,0.32999992370605646,0.3800001144409171,-0.20000028610229492,0.6999998092651385,-0.18000030517578125,0.16000080108642578,0.010000228881834161,-0.5399999618530273,0.0900001525878924,0.21000003814697266,7.0,3.0,06-25,0.08727277408946668
06-11,0.0,0.32999992370605646,0.3800001144409171,-0.25,0.6999998092651349,-0.10999965667724432,0.5800008773803729,0.010000228881834161,-0.4499998092651385,0.13999938964843572,0.18000030517577947,7.0,3.0,06-26,0.13727283477783161
06-12,0.0,0.07000064849853516,0.3800001144409171,-0.3600001335144034,0.7399997711181641,-0.07999992370605469,0.5800008773803729,0.06999969482421697,-1.1700000762939453,0.129999160766598,0.06000041961669922,7.0,3.0,06-27,0.03818186846646363
06-13,0.0,0.560000419616701,0.3800001144409171,-0.11000013351440341,0.5100002288818359,-0.039999961853027344,0.13000011444091975,0.25,-1.2300004959106445,0.22000026702880948,-0.01999950408935547,6.0,4.0,06-28,0.05909100445834114
06-14,0.0,0.23000049591064453,0.3800001144409171,-0.11000013351440341,0.6700000762939453,0.0,0.2199993133544904,0.2799997329711914,-1.2300004959106445,0.3000001907348633,-0.25999927520751775,6.0,4.0,06-29,0.04363636537031694
06-15,0.0,0.23000049591064453,0.3800001144409171,-0.11000013351440341,0.6700000762939453,0.039999961853027344,-0.2200002670288086,0.6499996185302734,-0.7399997711181658,0.2800002098083505,-0.25999927520751775,6.0,4.0,06-30,0.08363645726984205
06-16,0.0,0.23000049591064453,0.3800001144409171,-0.11000013351440341,0.5900001525878888,-0.4200000762939453,0.2199993133544904,0.6499996185302734,-0.5,0.45000028610229403,-0.22000026702881037,6.0,4.0,07-01,0.11545450037175903
06-17,0.0,0.23000049591064453,0.9000000953674308,-0.11000013351440341,0.4799995422363281,-0.3300008773803711,0.029999732971191406,0.46000003814697443,-0.4399995803833008,0.45000028610229403,-0.6400003433227539,6.0,4.0,07-02,0.09363629601218491
06-18,0.0,0.23000049591064453,0.9000000953674308,-0.11000013351440341,0.15000057220459162,-0.1700000762939453,-0.43000030517578125,0.3500003814697301,-0.1700000762939453,0.6700005531311044,-0.2800006866455078,5.0,5.0,07-03,0.1036364381963562
06-19,0.0,0.23000049591064453,0.9000000953674308,-0.11000013351440341,0.10000038146973012,-0.15000057220458984,-0.43000030517578125,0.3500003814697301,0.07999992370605469,0.6700005531311044,-0.23999977111816406,6.0,4.0,07-04,0.12727282264015963
06-20,0.0,0.23000049591064453,0.9000000953674308,0.019999980926513672,-0.06999969482421697,-0.21000003814697266,-0.43000030517578125,0.039999961853027344,-0.5900001525878906,0.3299999237060529,-0.11999988555908203,5.0,5.0,07-05,0.009090943769975062
06-21,0.0,0.23000049591064453,0.5199999809265137,0.019999980926513672,0.15000057220459162,-0.06999969482421875,-0.22000026702880682,0.1699991226196289,-0.40000057220458984,0.44999980926513317,-0.14999961853027344,6.0,4.0,07-06,0.06363634629683061
06-22,0.0,0.23000049591064453,0.5199999809265137,0.25,-0.03999996185302912,-0.06999969482421875,-0.3200006484985334,-0.07000064849853516,-0.4900007247924787,0.40000057220458984,-0.009999275207519531,4.0,6.0,07-07,0.03636364503340304
06-23,0.0,0.48999977111816584,0.5199999809265137,0.8600006103515643,0.06000041961669922,-0.06999969482421875,-0.3200006484985334,-0.13000011444091797,0.08999919891357422,0.40000057220458984,-0.1300001144409162,6.0,4.0,07-08,0.16090908917513824
06-24,0.0,0.0,0.5199999809265137,0.8600006103515643,0.07000064849853693,-1.0399999618530273,0.13000011444091975,-0.26000022888183594,-0.5600004196166992,0.3600006103515643,0.26000022888183594,6.0,4.0,07-09,0.030909234827215668
06-25,0.0,0.0,0.5199999809265137,0.8600006103515643,-0.07999992370605646,-1.5699996948242205,0.13000011444091975,-0.4799995422363281,-0.4200000762939471,0.430000305175783,0.33999919891357244,5.0,5.0,07-10,-0.024545366113836276
06-26,0.0,0.0,0.24000024795532227,0.6100006103515643,-0.1400003433227539,-1.6099996566772479,0.13000011444091975,-0.75,-0.5299997329711914,0.4799995422363281,0.33999919891357244,5.0,5.0,07-11,-0.11181818355213512
06-27,0.0,0.0,0.24000024795532227,0.6100006103515643,-0.06000041961669744,-0.9399995803833026,0.25,-0.7899999618530273,-0.5600004196166992,0.10999965667724965,0.34999942779541193,5.0,5.0,07-12,-0.07181822169910713
06-28,0.0,0.0,-0.6999998092651358,0.6100006103515643,-0.1099996566772461,-0.7299995422363299,0.7800006866455078,-0.39999961853027344,-0.6200008392333984,0.10999965667724965,0.2299995422363299,4.0,6.0,07-13,-0.07545445182106655
06-29,0.0,0.0,-0.6999998092651358,0.6100006103515643,-0.22999954223632812,-0.7399997711181641,1.0900001525878906,-0.1700000762939471,-0.8900003433227539,-0.15000057220458984,0.5299997329711932,3.0,7.0,07-14,-0.0590908744118428
06-30,0.0,0.0,-0.6999998092651358,0.9899997711181623,-0.29999923706054865,-0.5299997329711932,0.8299999237060547,0.010000228881835938,-0.5200004577636719,-0.05000019073486506,0.5799999237060565,4.0,6.0,07-15,0.028181856328790434
07-01,0.0,0.0,-1.0500001907348633,0.9899997711181623,-0.15000057220459162,-0.6700000762939471,0.6999998092651349,-0.09999942779541016,-0.8900003433227557,-0.12000083923340199,0.5900001525878906,3.0,7.0,07-16,-0.063636519692162
07-02,0.0,0.0,-1.0500001907348633,0.9899997711181623,-0.09999942779540838,-0.6700000762939471,0.6999998092651349,-0.19999980926513494,-0.4300003051757795,-0.07999992370605291,0.6499996185302734,3.0,7.0,07-17,-0.017272775823419583
07-03,0.0,0.4799995422363281,-1.0500001907348633,0.5499992370605433,-0.11999988555908203,-0.6700000762939471,0.6999998092651349,0.020000457763671875,-0.6399993896484357,-0.09000015258788885,0.42000007629394354,5.0,5.0,07-18,-0.03636368838223592
07-05,0.0,0.4799995422363281,-1.0500001907348633,0.5499992370605433,-0.18000030517578125,-1.0599994659423828,0.5500001907348615,-0.010000228881835938,0.010000228881837714,-0.09000015258789062,0.319999694824217,5.0,5.0,07-20,-0.043636495416815115
07-06,0.0,0.4799995422363281,-1.0500001907348633,0.5499992370605433,-0.3100004196166992,-0.8900003433227539,0.8600006103515607,0.3899993896484375,-0.13000011444091442,-0.15999984741210938,0.3299999237060529,5.0,5.0,07-21,0.006363435225052944
07-07,0.0,0.3599996566772443,-0.7700004577636719,0.8799991607665998,-0.3100004196166992,-0.25,0.6000003814697248,0.6599998474121094,0.03999996185302912,-0.15999984741210938,0.36999988555908025,6.0,4.0,07-22,0.12909074263139156
07-08,0.0,0.3599996566772443,-0.8500003814697275,0.6499996185302717,-0.3800001144409144,0.009999275207521308,0.48000049591064453,0.5399999618530273,0.03999996185302912,-0.19999980926513672,0.5100002288818359,7.0,3.0,07-23,0.10545444488525414
07-09,0.0,0.3599996566772443,-1.1600003242492685,0.6499996185302717,-0.15999984741210938,-0.2899999618530238,-0.05000019073486328,0.1900005340576172,0.019999504089357245,-0.21000003814697443,0.7500000000000018,5.0,5.0,07-24,0.009090813723477531
07-10,0.0,0.3599996566772443,-1.3000001907348633,0.6499996185302717,-0.09000015258789062,-0.27999973297118963,0.4499998092651367,0.38000011444091797,0.0800008773803711,-0.01000022888183949,0.4499998092651385,6.0,4.0,07-25,0.06272723458029975
07-11,0.0,0.3599996566772443,-0.8800001144409189,0.27000045776367365,-0.0200004577636701,-0.5599994659423793,0.4499998092651367,-0.1700000762939453,-0.1599998474121076,-0.15000057220458984,0.25,4.0,6.0,07-26,-0.05545460094105057
07-12,0.0,0.3599996566772443,-0.5299997329711914,0.27000045776367365,-0.23999977111816406,-0.6499996185302699,-0.18000030517578125,-0.06000041961669744,0.2100000381469762,-0.07999992370605291,0.25,4.0,6.0,07-27,-0.05909087441184207
07-13,0.0,0.3599996566772443,-0.5299997329711914,0.27000045776367365,-0.14999961853027344,-0.8000001907348615,0.3299999237060547,-0.059999465942386365,-0.25,-0.1100006103515625,0.22000026702880682,4.0,6.0,07-28,-0.06545448303222688
07-14,0.0,-0.6399993896484375,-0.5299997329711914,0.27000045776367365,0.050000190734861505,-0.8000001907348615,0.18000030517578303,-0.2799997329711932,-0.23000049591064453,-0.21000003814697266,0.5699996948242188,4.0,6.0,07-29,-0.14727263017134218
07-15,0.0,-0.6399993896484375,-0.5299997329711914,0.27000045776367365,0.2799997329711914,-0.8099994659423793,0.18000030517578303,-0.2799997329711932,0.010000228881834161,-0.09000015258789062,0.5900001525878906,5.0,5.0,07-30,-0.09272705424915628
07-16,0.0,-0.6399993896484375,-0.5299997329711914,0.10000038146972834,0.18999958038330256,-0.6900005340576172,0.32999992370605646,-0.28999996185302734,0.010000228881834161,-0.07999992370605469,0.6200008392333984,5.0,5.0,07-31,-0.08909078077836438
07-17,0.0,-0.6399993896484375,-0.5299997329711914,0.10000038146972834,0.35999965667724787,-0.8599996566772461,0.23999977111816406,-0.18999958038330078,-0.0900001525878924,-0.06000041961669922,0.6100006103515625,4.0,6.0,08-01,-0.0963635011152786
07-18,0.0,-0.6399993896484375,-0.5299997329711914,-0.22999954223632812,0.35999965667724787,-0.8400001525878906,0.75,0.5,0.01999950408935547,-0.2799997329711914,0.5500001907348651,5.0,5.0,08-02,-0.030909018083051878
07-19,0.0,-0.6399993896484375,0.32000017166137784,0.0,0.5199995040893555,-1.3999996185302734,-0.21000003814697266,-0.15999984741210938,-0.2700004577636719,-0.23999977111816406,0.2799997329711932,3.0,7.0,08-03,-0.16363633762706387
07-20,0.0,-0.5199995040893537,0.6300001144409189,0.0,0.9299993515014631,-1.2399997711181658,-0.19999980926513672,0.18999958038330078,-0.25,-0.25999927520751775,-0.7300004959106428,3.0,7.0,08-04,-0.13181816447864855
07-21,0.0,-0.5199995040893537,0.7699999809265137,0.5100002288818359,0.4600000381469709,-1.0799999237060547,-0.4499998092651367,0.0,-0.28000068664550604,0.0,-1.0699996948242188,3.0,7.0,08-05,-0.15090903368863176
07-22,0.0,-0.5199995040893537,0.7699999809265137,0.5100002288818359,0.2399997711181623,-0.9900007247924822,-0.4499998092651367,0.15999984741210938,0.25,-0.28999996185302557,-1.0799999237060565,5.0,5.0,08-06,-0.12727273594249394
07-23,0.0,-0.5199995040893537,0.7699999809265137,0.5100002288818359,0.14000034332275568,-1.070000648498537,-0.12999916076660156,0.46000003814697443,0.46000003814697266,-0.439999580383299,-0.9200000762939489,5.0,5.0,08-07,-0.0672725764187898
07-24,0.0,-0.5199995040893537,0.7699999809265137,0.5100002288818359,-0.11999988555908203,-0.9200000762939453,-0.04999923706054865,0.34999942779541016,0.5799999237060529,-0.39999961853027344,-0.8900003433227557,4.0,6.0,08-08,-0.06272719123146783
07-25,0.0,-0.5199995040893537,0.7699999809265137,0.35000038146972656,-0.319999694824217,-0.9200000762939453,-0.04999923706054865,0.28000068664550604,0.5799999237060529,-0.570000171661377,-1.2200002670288104,4.0,6.0,08-09,-0.14727254347367752
07-26,0.0,-0.5199995040893537,0.7699999809265137,0.35000038146972656,-0.4099998474121094,-1.0099992752075178,-0.12999916076660156,0.22999954223632812,0.0,-0.690000057220459,-1.309999465942381,3.0,7.0,08-10,-0.24727249145507765
07-27,0.0,-1.3699998855590838,0.7699999809265137,0.35000038146972656,-0.430000305175783,-0.8099994659423828,0.0200004577636701,0.1700000762939453,0.0,-0.690000057220459,-1.4200000762939435,4.0,6.0,08-11,-0.30999989943070877
07-28,0.0,-1.3699998855590838,0.7699999809265137,0.35000038146972656,-0.2799997329711914,-0.7300004959106463,0.38000011444091797,0.06999969482421875,0.0900001525878924,-0.5900001525878906,-1.5000000000000018,5.0,5.0,08-12,-0.2554545402526859
07-29,0.0,-1.3699998855590838,0.7699999809265137,0.35000038146972656,-0.2799997329711932,-0.5799999237060547,-0.13000011444091797,-0.34999942779541016,0.2799997329711932,-0.5900001525878906,-1.2100000381469727,3.0,7.0,08-13,-0.28272719816728087
07-30,0.0,-1.3699998855590838,0.7699999809265137,0.35000038146972656,-0.4600000381469762,-0.3100004196166992,0.5199995040893555,-0.4799995422363281,0.17999935150146662,-0.4699997901916495,-0.6499996185302734,4.0,6.0,08-14,-0.174545461481268
07-31,0.0,-1.3699998855590838,0.7699999809265137,0.35000038146972656,-0.5,-0.4700002670288068,0.39999961853027344,-0.29999923706054865,-0.01999950408935547,-0.3400001525878915,0.3600006103515625,4.0,6.0,08-15,-0.10181804136796456
08-01,0.0,-1.3699998855590838,0.0,-0.15999984741210938,-0.030000686645507812,-0.39999961853027344,0.4099998474121094,-0.14999961853027344,-0.009999275207521308,-0.8399996757507306,0.7200002670288086,2.0,8.0,08-16,-0.16636349938132564
08-02,0.0,-1.200000762939455,0.0,-0.15999984741210938,0.029999732971193183,-0.2799997329711914,0.5899991989135742,0.14000034332275568,-0.6200008392333984,-0.5499997138977051,0.3299999237060547,4.0,6.0,08-17,-0.15636379068548012
08-03,0.0,-1.200000762939455,0.0,-0.15999984741210938,-0.010000228881834161,-0.3899993896484375,0.3599996566772461,-0.2899999618530291,-0.8300008773803711,-0.40000009536743164,0.26000022888183594,2.0,8.0,08-18,-0.24181829799305324
08-04,0.0,-1.200000762939455,0.0,-0.43000030517578125,0.03999996185302912,-0.25999927520751775,0.75,-0.17999935150146484,-0.7100000381469727,-0.40999984741211026,0.36999988555908203,3.0,7.0,08-19,-0.18454543027010822
08-05,0.0,-1.200000762939455,0.0,-0.43000030517578125,0.2399997711181623,-0.08999919891357244,0.75,-0.3400001525878906,-1.0599994659423828,-0.3299999237060547,0.18000030517578303,3.0,7.0,08-20,-0.20727270299738104
08-06,0.0,-1.200000762939455,0.0,-0.43000030517578125,0.38000011444091797,-0.14000034332275568,0.5799999237060529,-0.20000076293945312,-0.9399995803833008,-0.3299999237060547,0.439999580383299,3.0,7.0,08-21,-0.1672729145396846
08-07,0.0,-1.200000762939455,0.0,-0.3700008392334002,0.25,-0.3400001525878906,0.5799999237060529,-0.4500007629394531,-0.7899999618530291,-0.059999942779541016,0.5500001907348615,3.0,7.0,08-22,-0.16636384617198677
08-08,0.0,-1.440000534057619,0.0,-0.4500007629394549,0.09999942779540838,-0.4099998474121094,0.4099998474121094,-0.42000007629394176,-0.4500007629394549,-0.009999752044677734,0.40999984741211115,3.0,7.0,08-23,-0.20545478300614806
08-09,0.0,-0.07000064849853516,0.0,-0.4500007629394549,0.10999965667724432,-0.6599998474121094,0.5599994659423828,-0.11999988555908203,-0.6999998092651349,-0.009999752044677734,0.38000011444091975,3.0,7.0,08-24,-0.08727286078713158
08-10,0.0,-0.07000064849853516,0.0,-0.4500007629394549,0.10999965667724432,-0.9300003051757812,0.26000022888183594,-0.14999961853027344,-0.5999994277954084,-0.10999965667724698,0.3899993896484393,3.0,7.0,08-25,-0.14090919494628915
08-11,0.0,-0.07000064849853516,0.0,-0.40000057220458807,-0.14999961853027344,-1.3000001907348633,0.38000011444091797,-0.3299999237060529,-0.5,-0.17999982833862394,0.28999996185302734,2.0,8.0,08-26,-0.2054546096108174
08-12,0.0,-0.07000064849853516,-0.25,-0.40000057220458807,0.16000080108642756,-0.7299995422363281,0.36999988555908203,0.0,-0.8699998855590856,-0.17999982833862394,0.01999950408935547,3.0,7.0,08-27,-0.17727275328202688
08-13,0.0,-0.23999977111816406,-0.25,-0.40000057220458807,-0.14999961853027344,-0.5699996948242188,0.4400005340576172,0.1399993896484375,-0.8699998855590856,-0.12000036239624023,0.43000030517578125,3.0,7.0,08-28,-0.14454542506824855
08-14,0.0,-0.23999977111816406,-0.25,-0.40000057220458807,-0.18999958038330078,-0.46000003814697266,0.3100004196166992,-0.09000015258789062,-0.37000083923339844,0.13000011444091797,0.5,3.0,7.0,08-29,-0.09636367451060886
08-15,0.0,-0.23999977111816406,-0.25,-0.1300001144409162,-0.23999977111816406,-0.5900001525878924,0.3100004196166992,-0.38000011444091975,-0.2799997329711914,0.1999998092651376,0.2800006866455078,3.0,7.0,08-30,-0.11999988555908211
08-16,0.0,-0.23999977111816406,-0.25,-0.1300001144409162,-0.28999996185302734,-0.41000080108642756,0.28999996185302734,-0.4400005340576154,0.06999969482421875,0.11999988555908203,0.16000080108642578,4.0,6.0,08-31,-0.10181825811212697
08-17,0.0,-0.23999977111816406,-0.25,-0.1300001144409162,-0.28999996185302734,-0.2300004959106463,-0.21000003814697266,-0.14999961853027344,-0.05000019073486328,0.11999988555908203,0.3000001907348633,2.0,8.0,09-01,-0.10272728313099254
08-18,0.0,-0.23999977111816406,-0.25,-0.1300001144409162,-0.1700000762939453,-0.32000064849853516,-0.03999996185302557,0.10000038146972656,-0.19999980926513494,0.11999988555908203,0.4400005340576172,3.0,7.0,09-02,-0.06272723458029959
08-19,0.0,0.0,-0.25,-0.1300001144409162,-0.05000019073486328,-0.5,0.13000011444091797,0.22000026702880682,-0.19999980926513494,0.0,0.10000038146972656,3.0,7.0,09-03,-0.06181812286376937
08-20,0.0,0.0,-0.25,0.3500003814697301,0.25,-0.25,-0.01999950408935547,0.22000026702880682,-0.25999927520751775,-0.05000019073486328,0.25999927520751953,4.0,6.0,09-04,0.022727359424938177
08-21,0.0,0.0,-0.25,0.4300003051757848,0.44000053405762074,0.020000457763671875,-0.01999950408935547,-0.009999275207521308,-0.47999954223632635,-0.09000015258789062,0.25,4.0,6.0,09-05,0.02636389298872579
08-22,0.0,0.0,-0.25,0.38000011444091797,0.6999998092651385,0.5100002288818359,-0.01999950408935547,-0.23999977111816406,-0.6000003814697301,0.039999961853027344,0.12999916076660156,5.0,5.0,09-06,0.05909087441184288
08-23,0.0,0.0,0.0,0.38000011444091797,0.5299997329711932,0.5100002288818359,0.1700000762939453,-0.10000038146972656,-0.31000041961669744,0.039999961853027344,0.12999916076660156,6.0,4.0,09-07,0.12272713401100885
08-24,0.0,0.0,0.0,0.38000011444091797,0.4399995803833008,0.5100002288818359,0.1700000762939453,-0.07999992370605469,-0.31000041961669744,0.07000017166137784,-0.1700000762939453,5.0,5.0,09-08,0.09181815927678913
08-25,0.0,0.0,0.0,0.38000011444091797,0.44999980926513494,-0.5200004577636719,0.5299997329711932,0.14999961853027344,-0.5299997329711914,0.019999980926515448,0.06999969482421875,6.0,4.0,09-09,0.0499998872930355
08-26,0.0,0.0,0.0,0.4999999999999982,0.27999973297118963,-0.8000001907348633,0.5299997329711932,0.14999961853027344,-0.5699996948242188,0.19000005722045987,-0.21000003814697266,5.0,5.0,09-10,0.006363565271550878
08-27,0.0,0.0,0.0,0.5500001907348615,0.23999977111816406,-0.039999961853027344,0.5299997329711932,0.23999977111816406,-0.6799993515014666,0.23999977111816317,0.1399993896484375,6.0,4.0,09-11,0.11090902848677177
08-28,0.0,-0.42999935150146484,0.0,0.5500001907348615,0.23000049591064453,-0.2200002670288086,0.3400001525878906,0.5399999618530291,-0.7600002288818359,0.6099996566772461,0.0,5.0,5.0,09-12,0.07818187366832387
08-29,0.0,-0.42999935150146484,-0.059999942779541016,0.5399999618530256,0.1400003433227539,-0.13000011444091975,0.3400001525878906,0.9800004959106445,-0.8599996566772443,0.6599998474121094,-0.1100006103515625,5.0,5.0,09-13,0.09727282957597196
08-30,0.0,-0.48999977111816406,-0.059999942779541016,0.1599998474121076,-0.009999275207517755,-0.28999996185302734,0.3699998855590838,0.6499996185302734,-0.8000001907348615,0.7100000381469727,-0.030000686645507812,4.0,6.0,09-14,0.019090869209983454
08-31,0.0,-0.48999977111816406,-0.059999942779541016,0.1599998474121076,-0.03999996185302379,-0.28999996185302734,-0.13000011444091797,1.3899993896484375,-0.5799999237060529,0.5999999046325684,-0.12000083923339844,3.0,7.0,09-15,0.03999987515536254
09-01,0.0,-0.48999977111816406,-0.059999942779541016,0.17000007629394354,-0.08999919891357244,0.029999732971193183,-0.13000011444091797,1.3899993896484375,-0.3999996185302699,0.679999828338623,0.2799997329711914,5.0,5.0,09-16,0.12545455585826576
09-02,0.0,-0.48999977111816406,-0.059999942779541016,0.2700004577636701,-0.11999988555908025,0.25,-0.28999996185302734,1.4099998474121094,-0.1599998474121076,0.809999942779541,0.1700000762939453,5.0,5.0,09-17,0.16272735595703142
09-03,0.0,-0.48999977111816406,-0.059999942779541016,0.28999996185302557,-0.310000419616701,0.25,-0.28999996185302734,1.4099998474121094,-0.439999580383299,0.8399996757507324,0.4099998474121094,5.0,5.0,09-18,0.14636360515247676
09-04,0.0,-0.48999977111816406,-0.059999942779541016,0.28999996185302557,-0.25,1.0,-0.1700000762939453,1.4600000381469727,-0.28999996185302557,0.7100000381469727,0.15000057220458984,5.0,5.0,09-19,0.21363644166426224
09-05,0.0,-0.48999977111816406,0.15999984741211026,0.28999996185302557,-0.26000022888183416,1.0,-0.2799997329711914,1.489999771118164,0.38000011444091797,0.6700000762939444,0.4099998474121094,7.0,3.0,09-20,0.30636362595991656
09-06,0.0,-0.3800001144409162,0.15999984741211026,0.1700000762939453,-0.14999961853027166,1.140000343322754,-0.40000057220458984,1.4099998474121112,0.6400003433227521,0.5,0.34999942779541193,7.0,3.0,09-21,0.31272723458030066
09-07,0.0,-0.3800001144409162,0.15999984741211026,0.11999988555908203,-0.21999931335448863,1.140000343322754,-0.5599994659423864,1.3199996948242205,0.75,0.4400000572204599,0.26999950408935547,7.0,3.0,09-22,0.2763636762445628
09-08,0.0,-0.1700000762939453,0.15999984741211026,0.4799995422363281,-0.15999984741210938,1.140000343322754,-0.1900005340576172,1.0199995040893555,0.8200006484985334,0.5000004768371591,0.1700000762939453,7.0,3.0,09-23,0.3427272709933194
09-09,0.0,-0.1700000762939453,0.15999984741211026,0.4799995422363281,-0.2199993133544922,-0.2999992370605469,-0.1900005340576172,0.7699995040893555,0.6100006103515625,0.26999998092651634,0.039999961853027344,6.0,4.0,09-24,0.1318182078274817
09-10,0.0,-0.1099996566772461,0.15999984741211026,0.4799995422363281,-0.3900003433227539,-0.13000011444091975,-0.1900005340576172,0.6399993896484357,0.5500001907348615,-0.1599998474121076,-0.48999977111816406,4.0,6.0,09-25,0.03272715481844791
09-11,0.0,-0.1099996566772461,0.21999979019165128,0.46000003814697266,-0.17999935150146484,-0.13000011444091975,-0.1900005340576172,0.6399993896484357,0.6999998092651349,-0.039999961853027344,-0.39999961853027344,4.0,6.0,09-26,0.08818179910833145
09-12,0.0,-0.1099996566772461,0.21999979019165128,0.4300003051757795,-0.1300001144409162,-0.13000011444091975,-0.1900005340576172,-0.029999732971191406,0.8999996185302699,-0.07999992370605469,-0.630000114440918,3.0,7.0,09-27,0.02272722937843976
09-13,0.0,-0.1099996566772461,0.21999979019165128,0.3299999237060529,-0.09999942779540838,-0.3400001525878924,0.18999958038330078,-0.39999961853027344,0.5799999237060547,-0.21000003814697266,-0.7799997329711896,4.0,6.0,09-28,-0.0563635826110839
09-14,0.0,-0.1099996566772461,0.21999979019165128,0.31000041961669744,-0.11999988555908203,-0.3400001525878924,0.21000003814697088,-0.039999961853027344,0.8599996566772461,-0.23999977111816406,-0.7899999618530291,4.0,6.0,09-29,-0.0036363168196250325
09-15,0.0,-0.1099996566772461,0.21999979019165128,0.31000041961669744,-0.09000015258789062,-0.8000001907348633,-0.1900005340576172,-0.09000015258789062,0.7100000381469727,-0.36999988555908025,-0.5999994277954102,3.0,7.0,09-30,-0.09181815927678881
09-16,0.0,-0.1099996566772461,0.21999979019165128,0.4200000762939453,-0.26999950408935725,-0.9899997711181641,-0.0800008773803711,-0.11999988555908203,0.3000001907348633,-0.36999988555908025,-0.6400003433227521,3.0,7.0,10-01,-0.14909089695323574
09-17,0.0,-0.21999931335449396,0.21999979019165128,0.4200000762939453,-0.3299999237060547,-1.0399999618530273,0.039999961853027344,-0.03999996185302912,0.35000038146972656,-0.35000038146972656,-0.6799993515014648,4.0,6.0,10-02,-0.14818169853904054
09-18,0.0,-0.21999931335449396,0.0,0.31999969482421875,-0.3900003433227557,-1.0399999618530273,0.05000019073486328,-0.06999969482421875,-0.3100004196166992,0.02999973297118963,-0.5999994277954084,3.0,7.0,10-03,-0.2027272311123938
09-19,0.0,-0.21999931335449396,0.0,-0.039999961853027344,-0.44999980926513494,-1.0399999618530273,0.05000019073486328,-0.1700000762939471,-0.17000007629394176,-0.13000011444091975,-0.4999999999999982,1.0,9.0,10-04,-0.24272719296542064
09-20,0.0,-0.5399999618530273,-0.6299996376037607,-0.039999961853027344,-0.2700004577636719,-1.0399999618530273,-0.0200004577636701,-0.1700000762939471,-0.2899999618530291,0.10000038146972301,-0.5799999237060529,1.0,9.0,10-05,-0.31636363809759005
09-21,0.0,-0.3200006484985334,-0.6299996376037607,-0.039999961853027344,-0.5,-0.9700002670288104,-0.19999980926513672,-0.46999931335449396,-0.22999954223632812,0.10000038146972301,-0.7600002288818377,1.0,9.0,10-06,-0.3654544570229277
09-22,0.0,-0.3200006484985334,-0.6299996376037607,-0.039999961853027344,-0.41000080108642756,-0.47000026702881037,-0.3399991989135742,-0.46999931335449396,-0.2799997329711932,0.10000038146972301,-0.7299995422363281,1.0,9.0,10-07,-0.32636352018876597
09-23,0.0,-0.3200006484985334,-0.6299996376037607,-0.19999980926513494,-0.39999961853027344,-0.17999935150146662,-0.3399991989135742,0.10000038146972479,-0.11999988555908203,-0.05999946594238459,-0.14999961853027166,1.0,9.0,10-08,-0.20909062298861425
09-24,0.0,-0.3200006484985334,-0.6299996376037607,-0.17000007629394354,-0.4600000381469762,0.030000686645506036,-0.3899993896484375,0.5299997329711914,-0.4700002670288068,-0.1099996566772461,0.10999965667724432,3.0,7.0,10-09,-0.1709090579639784
09-25,0.0,-0.3200006484985334,-0.6299996376037607,-0.1500005722045863,-0.5599994659423828,0.030000686645506036,-0.31999969482421875,0.2799997329711914,-0.7399997711181623,-0.14999961853027344,0.11999988555908381,3.0,7.0,10-10,-0.22181810032237603
09-26,0.0,-0.3200006484985334,-0.7799997329711932,-0.1500005722045863,-0.5899991989135742,0.2700004577636701,0.1100006103515625,0.23999977111816406,-0.6599998474121094,0.10000038146972479,-0.09000015258789062,4.0,6.0,10-11,-0.16999990289861505
09-27,0.0,-0.3200006484985334,-0.7799997329711932,-0.26000022888183416,-0.4099998474121076,0.6800003051757812,-0.22000026702880682,0.2799997329711914,-0.5,0.10000038146972479,-0.18000030517578125,3.0,7.0,10-12,-0.14636369185014173
09-28,0.0,-0.3200006484985334,-0.7799997329711932,-0.26000022888183416,-0.4600000381469709,1.0500001907348633,0.030000686645506036,0.1999998092651385,-0.5500001907348633,0.15000057220458984,-0.21000003814697443,4.0,6.0,10-13,-0.10454541986638834
09-29,0.0,-0.3200006484985334,-0.7799997329711932,-0.26000022888183416,-0.8200006484985334,1.239999771118164,0.0,0.22999954223632812,-0.4799995422363281,-0.1099996566772461,-0.23999977111816584,2.0,8.0,10-14,-0.14000008322975835
09-30,0.0,-0.3200006484985334,-0.7799997329711932,-0.1700000762939453,-0.7100000381469744,1.069999694824217,0.0,0.25,-0.5999994277954102,0.07999992370605291,-0.30000019073486683,3.0,8.0,10-15,-0.13454549962824122
10-01,0.0,0.0,-0.7799997329711932,0.10000038146972656,-0.7299995422363281,0.6799993515014666,0.0,-0.2999992370605469,-0.5399999618530273,-0.21000003814697266,-0.2800006866455096,2.0,9.0,10-16,-0.18727267872203496
10-02,0.0,0.0,-0.7799997329711932,0.10000038146972656,-0.8900003433227539,0.6099996566772496,0.0,-0.18999958038330078,-0.930000305175783,-0.10000038146972301,-0.10000038146972479,2.0,9.0,10-17,-0.20727278969504567
10-03,0.0,0.0,-0.15000009536743253,0.10000038146972656,-0.9799995422363263,0.6099996566772496,0.0,-0.3499994277954084,-0.8100004196166974,-0.10000038146972301,-0.23000049591064453,2.0,9.0,10-18,-0.17363639311356874
10-04,0.0,0.0,-0.08000040054321378,0.26000022888183416,-0.9300003051757812,0.6999998092651385,0.5900001525878906,0.10999965667724787,-0.7700004577636719,0.05999946594238459,-0.24000072479248225,5.0,6.0,10-19,-0.02727296135642304
10-05,0.6700000762939471,0.0,-0.08000040054321378,0.26000022888183416,-1.1100006103515625,0.6999998092651385,0.5299997329711914,-0.26999950408935547,-0.4200000762939471,0.05999946594238459,-0.07000064849853693,5.0,6.0,10-20,0.024545279416170906
10-06,0.6700000762939471,0.0,-0.08000040054321378,0.26000022888183416,-0.7100000381469727,0.3999996185302752,0.4200000762939453,-0.01999950408935547,-0.35000038146972656,0.029999732971191406,-0.15000057220458984,5.0,6.0,10-21,0.04272716695612135
10-07,0.6700000762939471,0.0,-0.08000040054321378,0.1599998474121076,-0.6599998474121076,0.3999996185302752,-0.010000228881835938,-0.11999988555908203,-0.5600004196166992,0.05999946594238459,-0.3299999237060547,4.0,7.0,10-22,-0.04272742704911625
10-08,0.6700000762939471,0.0,-0.08000040054321378,0.1599998474121076,-0.3600006103515625,0.38000011444091797,0.3000001907348633,-0.19999980926513494,-0.6800003051757795,0.05999946594238459,-0.1099996566772461,5.0,6.0,10-23,0.012727173891934885
10-09,0.6700000762939471,0.0,0.06999969482421875,0.1599998474121076,-0.2899999618530291,0.010000228881835938,0.3000001907348633,-0.029999732971193183,-0.8500003814697266,0.09999942779541016,-0.07999992370605291,6.0,5.0,10-24,0.005454496903852821
10-10,0.6700000762939471,0.8900003433227504,0.06999969482421875,0.1599998474121076,0.07000064849853338,0.010000228881835938,0.3900003433227539,-0.4299993515014666,-0.6700000762939453,0.3000001907348615,0.05000019073486328,9.0,2.0,10-25,0.13727292147549636
10-11,0.6700000762939471,0.8900003433227504,0.06999969482421875,0.06999969482421875,0.05000019073486328,-0.18999958038330078,0.4299993515014666,-0.26999950408935547,-0.43000030517578125,0.1100006103515625,0.09000015258788885,8.0,3.0,10-26,0.1354546113447708
10-12,0.6700000762939471,0.8900003433227504,0.06999969482421875,-0.10000038146972656,-0.03999996185302557,-0.14999961853027344,0.4499998092651367,0.5199995040893555,-0.48999977111816406,0.1100006103515625,0.039999961853027344,7.0,4.0,10-27,0.17909093336625534
10-13,0.5299997329711932,0.8900003433227504,0.06999969482421875,-0.10000038146972656,-0.03999996185302557,-0.06999969482421697,0.07999992370605646,0.4099998474121094,-0.46000003814697266,0.1100006103515625,0.3099994659423846,7.0,4.0,10-28,0.1572726856578485
10-14,0.5500001907348651,0.8900003433227504,0.06999969482421875,-0.10000038146972656,0.17999935150146484,0.75,0.07999992370605646,0.569999694824217,-0.34000015258788885,0.0900001525878924,0.4400005340576172,9.0,2.0,10-29,0.289090850136497
10-15,0.5500001907348651,0.8900003433227504,0.06999969482421875,-0.05000019073486328,0.7200002670288086,0.5200004577636737,-0.5100002288818342,0.5500001907348615,-0.4200000762939453,0.19999980926513317,0.22000026702881215,8.0,3.0,10-30,0.24909097498113458
10-16,-0.11999988555908203,1.2200002670288068,0.06999969482421875,-0.05000019073486328,1.0900001525878906,0.5200004577636737,-0.5500001907348633,0.5900001525878906,-0.21000003814697266,0.23000049591064275,0.050000190734866834,7.0,4.0,10-31,0.2581819187511099
10-17,-0.11999988555908203,1.2200002670288068,0.0,0.3100004196166992,0.6899995803833008,0.5200004577636737,-0.5500001907348633,0.6700000762939453,-0.4499998092651367,0.1099996566772461,0.0,6.0,5.0,11-01,0.21818187020041727
10-18,-0.11999988555908203,0.7300004959106428,-0.6799998283386222,0.4100008010864258,0.5199995040893555,0.9800004959106445,0.19999980926513672,1.0100002288818377,-0.11999988555908025,0.07999992370605291,0.5500001907348615,8.0,3.0,11-02,0.32363653182983393
10-19,-0.11999988555908203,0.4000005722045863,-0.6799998283386222,0.4100008010864258,0.5999994277954102,0.7799997329711914,-0.4400005340576172,1.2799997329711896,0.0,0.07999992370605291,0.6900005340576154,7.0,4.0,11-03,0.27272731607610456
10-20,-0.11999988555908203,0.4000005722045863,-0.6799998283386222,0.8100004196166992,1.0099992752075213,0.7799997329711914,-0.8000001907348633,1.1099996566772479,0.1700000762939471,0.44999980926513317,0.9399995803833026,8.0,3.0,11-04,0.36999992890791467
10-21,-0.11999988555908203,-0.48999977111816406,-0.6799998283386222,1.1400003433227557,0.9899997711181641,0.42999935150146484,-0.8900003433227539,1.1099996566772479,-0.15999984741210938,0.8200006484985334,1.0799999237060547,6.0,5.0,11-05,0.2936363653703172
10-22,-0.11999988555908203,-0.48999977111816406,-0.6799998283386222,1.1100006103515625,1.0,0.5399999618530273,-0.8999996185302734,0.75,0.05000019073486328,0.7600002288818359,1.0799999237060565,7.0,4.0,11-06,0.2818183465437458
10-23,-0.11999988555908203,-0.48999977111816406,-0.6799998283386222,0.7400007247924787,1.0900001525878888,0.5,-0.8999996185302734,0.75,-0.05000019073486328,1.1099996566772479,1.130000114440918,6.0,5.0,11-07,0.2800001231106844
10-24,-0.11999988555908203,-0.48999977111816406,-0.6799998283386222,0.9100008010864258,1.0900001525878888,0.5,-0.75,0.5,-0.039999961853027344,1.1499996185302752,1.0200004577636719,6.0,5.0,11-08,0.2809092348272151
10-25,-0.11999988555908203,-0.48999977111816406,-0.6799998283386222,0.9100008010864258,1.02000045776367,0.5,-0.75,0.25,-0.38000011444091975,1.1700000762939453,1.0300006866455078,6.0,5.0,11-09,0.22363658384843282
10-26,0.020000457763671875,-0.48999977111816406,-0.6799998283386222,0.8600006103515625,0.8200006484985352,0.3899993896484375,-0.6300001144409197,0.6199998855590803,-0.3000001907348633,1.050000190734865,1.1600008010864258,7.0,4.0,11-10,0.25636382536454627
10-27,0.0,-1.739999771118164,0.0,0.3600006103515625,0.8200006484985352,-0.0900001525878924,-0.7100000381469709,0.5799999237060511,-0.3000001907348633,0.7700004577636719,1.369999885559082,5.0,6.0,11-11,0.09636376120827382
10-28,0.0,-1.739999771118164,-0.9000000953674316,0.5100002288818359,1.1199998855590803,0.0499992370605451,-0.7100000381469709,0.4700002670288068,-0.3299999237060547,0.8600006103515643,1.6700000762939435,6.0,5.0,11-12,0.09090913425792314
10-29,0.0,-1.25,-0.9000000953674316,0.32999992370605646,0.9600000381469727,-0.4600000381469709,-1.2600002288818342,0.30000019073486506,-0.3899993896484375,0.9600000381469727,1.3299999237060565,5.0,6.0,11-13,-0.03454542160034099
10-30,0.0,-1.25,-0.9000000953674316,-0.030000686645506036,0.5600004196166974,-0.25999927520751775,-1.2600002288818342,0.44999980926513494,-0.5199995040893555,1.0799999237060547,1.1899995803833026,4.0,7.0,11-14,-0.08545455065640505
10-31,0.0,-1.25,-0.8899998664855966,-0.3599996566772461,0.1500005722045863,-0.25999927520751775,-1.2600002288818342,-0.1100006103515625,-0.6799993515014666,0.7100000381469744,1.010000228881836,3.0,8.0,11-15,-0.267272559079257
11-01,0.0,-0.6400003433227521,-1.0999999046325684,-0.6899995803833026,-0.009999275207521308,-0.25999927520751775,-0.5799999237060529,-0.5299997329711896,-0.31999969482421875,0.3399991989135742,0.860000610351559,2.0,9.0,11-16,-0.2663634473627264
11-02,0.0,-0.7700004577636701,-1.0999999046325684,-0.6599998474121094,0.25,-0.31999969482421875,-0.22000026702880682,-0.5900001525878888,-0.5299997329711914,0.23999977111816406,0.6300001144409162,3.0,8.0,11-17,-0.2790909246964885
11-03,0.0,-0.7700004577636701,-1.0999999046325684,-0.25,0.1400003433227539,-0.3599996566772461,-0.22000026702880682,-0.5900001525878888,-0.3599996566772461,0.21000003814697443,1.0199995040893555,3.0,8.0,11-18,-0.20727274634621295
11-04,0.0,-0.7700004577636701,-0.809999942779541,-0.07000064849853516,0.15999984741211115,-0.25,-0.36999988555908025,-0.5,-0.5,0.06999969482421875,0.9799995422363281,3.0,8.0,11-19,-0.18727289546619713
11-05,0.0,-0.7700004577636701,-0.809999942779541,0.11999988555908381,0.40999984741211115,-0.1700000762939471,-0.36999988555908025,-0.13000011444091797,-0.36999988555908203,-0.3099994659423828,0.9699993133544922,3.0,8.0,11-20,-0.13000007109208492
11-06,0.0,-0.7700004577636701,-0.809999942779541,-0.12000083923339844,0.5099992752075213,-0.05999946594238459,-0.36999988555908025,0.1099996566772461,-0.8099994659423828,-0.34999942779541016,0.8399991989135742,3.0,8.0,11-21,-0.16636375947432053
11-07,0.0,-0.7700004577636701,-0.809999942779541,0.39999961853027344,0.5099992752075213,-0.009999275207521308,-0.34999942779541016,0.27000045776367365,-0.5899991989135742,-0.06999969482421697,0.5599994659423828,4.0,7.0,11-22,-0.07818174362182569
11-08,0.0,-0.7700004577636701,0.09000015258789062,0.25,0.059999465942386365,0.06000041961669922,0.10000038146972656,-0.07999992370605113,-0.5599994659423828,-0.15999984741210938,0.5599994659423828,6.0,5.0,11-23,-0.04090907356955708
11-09,0.0,0.14999961853027344,0.09000015258789062,0.4300003051757795,0.0,0.12000083923339844,0.22000026702880682,-0.020000457763671875,-0.5,-0.28999996185302734,0.5599994659423828,6.0,5.0,11-24,0.0690909298983484
11-10,0.0,0.14999961853027344,0.09000015258789062,0.6900005340576154,0.10999965667724787,0.12000083923339844,0.22000026702880682,-0.17000007629394176,-0.3299999237060547,-0.1400003433227539,0.48999977111816406,7.0,4.0,11-25,0.11181822690096785
11-11,0.0,0.14999961853027344,0.09000015258789062,0.780000686645506,0.06000041961669922,0.17000007629394354,0.22000026702880682,0.0,-0.28999996185302734,-0.2800006866455078,0.27999973297118963,7.0,4.0,11-26,0.10727275501597947
11-12,0.0,-0.13000011444091797,0.09000015258789062,0.780000686645506,0.38000011444091975,0.17000007629394354,0.22000026702880682,-0.029999732971193183,-0.28999996185302734,-0.5099992752075195,0.4299993515014666,6.0,5.0,11-27,0.1009092330932614
11-13,0.0,-0.13000011444091797,0.07999992370605558,0.7100000381469727,0.1900005340576172,0.23000049591064453,0.22000026702880682,0.1500005722045863,-0.039999961853027344,-0.5099992752075195,0.6599998474121094,7.0,4.0,11-28,0.14181839336048432
11-14,0.0,-0.13000011444091797,0.25999975204467685,0.3000001907348633,0.3000001907348633,0.23000049591064453,0.3200006484985334,0.17999935150146307,-0.06999969482421875,-0.3400001525878924,0.0,6.0,5.0,11-29,0.09545460614291047
11-15,0.0,0.0,-0.030000209808350498,0.12000083923339844,0.25,0.23000049591064453,0.2700004577636701,0.5,0.3100004196166992,-0.19999980926513672,0.0,6.0,5.0,11-30,0.13181838122281136
11-16,0.0,0.0,-0.030000209808350498,0.3000001907348633,0.3299999237060547,0.23000049591064453,0.7200002670288068,0.13000011444091797,0.18000030517578125,-0.1100006103515625,0.0,6.0,5.0,12-01,0.15909095243974142
11-17,0.0,0.0,-0.030000209808350498,1.0799999237060547,0.3299999237060547,0.1399993896484375,1.02000045776367,-0.1099996566772461,0.48999977111816406,-0.10000038146972656,0.0,5.0,6.0,12-02,0.25636356527155074
11-18,0.0,0.0,-0.030000209808350498,1.0500001907348633,0.3299999237060547,-0.21000003814697266,1.0,-0.2600002288818377,0.5399999618530273,0.15999984741210938,0.0,5.0,6.0,12-03,0.23454540426080853
11-19,0.0,0.0,-0.09000015258789062,0.9100008010864276,0.5200004577636719,-0.14000034332275568,0.8000001907348633,-0.47000026702881037,0.5399999618530273,0.23999977111816406,0.0,5.0,6.0,12-04,0.2100000381469725
11-20,0.0,0.0,-0.09000015258789062,0.9099998474121094,0.7299995422363281,-0.2000007629394549,0.6499996185302734,-0.6900005340576207,0.5399999618530273,0.2999992370605469,0.0,5.0,5.0,12-05,0.19545425068248354
11-21,0.0,0.0,-0.09000015258789062,0.4499998092651367,0.6199998855590803,-0.2000007629394549,0.880000114440918,-0.6799993515014666,0.5499992370605469,0.14999961853027344,0.0,5.0,5.0,12-06,0.15272712707519484
11-22,0.0,0.1700000762939471,-0.09000015258789062,0.3599996566772461,0.6399993896484357,-0.2000007629394549,1.130000114440918,-1.0399999618530273,0.2999992370605469,0.28999996185302734,0.0,6.0,4.0,12-07,0.14181795987215892
11-23,0.0,0.11999988555908381,-0.09000015258789062,0.3599996566772461,0.6899995803833008,-0.2000007629394549,1.3199996948242205,-1.27000045776367,0.2999992370605469,0.5499992370605469,0.0,6.0,4.0,12-08,0.16181781075217538
11-24,0.0,0.11999988555908381,-0.09000015258789062,0.2299995422363299,0.6399993896484357,-0.2000007629394549,1.5299997329711914,-1.27000045776367,0.08999919891357422,0.7299995422363299,0.0,6.0,4.0,12-09,0.16181781075217538
11-25,0.0,0.11999988555908381,-0.09000015258789062,0.6999998092651385,0.11999988555908203,-0.75,1.5299997329711914,-1.0699996948242188,-0.10000038146972656,0.75,0.0,5.0,5.0,12-10,0.1099999167702418
11-26,0.0,0.11999988555908381,-0.09000015258789062,0.719999313354494,-0.19999980926513672,-0.75,1.5799999237060547,-1.0899991989135724,-0.12000083923339844,0.7200002670288086,0.0,4.0,6.0,12-11,0.0809090354225857
11-27,0.0,0.11999988555908381,-0.05999994277954013,-0.23000049591064453,-0.2700004577636719,-0.75,1.5599994659423828,-1.25,-0.4100008010864258,0.7700004577636719,0.0,3.0,7.0,12-12,-0.04727289893410398
11-28,0.0,0.11999988555908381,0.1700000762939462,-0.15000057220459162,-0.2700004577636719,-0.6799993515014648,1.5599994659423828,-0.9800004959106445,-0.9099998474121094,0.4799995422363281,0.0,4.0,6.0,12-13,-0.06000015952370375
11-29,0.0,0.11999988555908381,0.1700000762939462,-0.15000057220459162,-0.5200004577636719,-0.6799993515014648,1.0,-0.7300004959106445,-0.7100000381469727,0.4799995422363281,0.0,4.0,6.0,12-14,-0.09272740103981704
11-30,0.0,0.11999988555908381,0.23000001907348633,0.05999946594237926,-0.619999885559082,-1.1799993515014648,0.6999998092651367,-0.21000003814697266,-0.7100000381469727,0.39999961853027344,0.0,5.0,5.0,12-15,-0.11000004681673933
12-01,0.0,0.039999961853027344,0.23000001907348633,0.02999973297118963,-0.6700000762939453,-0.9200000762939435,0.8500003814697266,0.010000228881837714,-0.7599992752075195,0.21000003814697266,0.0,6.0,4.0,12-16,-0.0890908241271971
12-02,0.0,0.039999961853027344,0.940000057220459,-0.14000034332275568,-1.0299997329711932,-1.1199998855590803,0.619999885559082,0.1099996566772461,-0.7599992752075195,0.4099998474121094,0.0,5.0,5.0,12-17,-0.08454543893987498
12-03,0.0,-0.13000011444091975,0.940000057220459,-0.15999984741210938,-1.179999351501463,-1.1199998855590803,0.36999988555908203,0.15999984741210938,-0.9299993515014666,0.26000022888183594,0.0,4.0,6.0,12-18,-0.16272713921286844
12-04,0.0,-0.6000003814697301,0.940000057220459,0.22999954223632812,-1.300000190734865,-1.1199998855590803,0.36999988555908203,0.2899999618530291,-0.6999998092651367,0.2200002670288086,0.0,5.0,5.0,12-19,-0.15181823210282774
12-05,-0.5799999237060547,-0.6000003814697301,0.940000057220459,0.3599996566772443,-1.25,-1.1199998855590803,0.36999988555908203,0.680000305175783,-0.6300001144409162,-0.1999998092651385,0.0,4.0,6.0,12-20,-0.18454547361894102
12-06,-0.5799999237060547,-0.5500001907348668,0.940000057220459,-0.11000061035156428,-0.8000001907348651,-1.1199998855590803,0.07000064849853338,0.6100006103515625,-0.5500001907348633,-0.2200002670288086,0.0,3.0,7.0,12-21,-0.20999999479814074
12-07,-0.5799999237060547,-0.5500001907348668,0.940000057220459,-0.13000011444091975,-0.6499996185302734,-1.2499999999999982,-0.4700002670288086,0.4600000381469709,-0.5299997329711914,-0.3299999237060547,0.0,2.0,8.0,12-22,-0.28090906143188527
12-08,-1.050000190734865,-0.7399997711181658,0.940000057220459,-0.13000011444091975,-0.6800003051757795,-0.7700004577636719,-0.46000003814697266,0.6200008392333984,-0.23999977111816406,-0.26000022888183594,0.0,2.0,8.0,12-23,-0.25181818008422885
12-09,-1.050000190734865,-0.7399997711181658,1.1600003242492676,0.1500005722045863,-0.4600000381469709,-0.9200000762939453,-0.46000003814697266,0.4500007629394531,-0.7100000381469727,-0.3599996566772461,0.0,3.0,7.0,12-24,-0.2672725590792574
12-10,-1.050000190734865,-0.7399997711181658,1.1600003242492676,0.3200006484985334,-0.3899993896484357,-0.9200000762939453,-0.35000038146972656,0.4500007629394531,-0.7100000381469727,-0.4200000762939453,0.0,3.0,7.0,12-25,-0.2409089261835275
12-11,-1.050000190734865,-0.7399997711181658,0.9300003051757812,0.2700004577636719,-0.19999980926513494,-0.4200000762939453,-0.35000038146972656,0.6100006103515625,-0.5300006866455078,-0.4699993133544922,0.0,3.0,7.0,12-26,-0.17727262323552928
12-12,-1.050000190734865,-0.7399997711181658,0.9300003051757812,0.3000001907348615,-0.14999961853027166,-0.4099998474121094,-0.09000015258789062,0.3200006484985334,-1.1000003814697266,-0.15000057220458984,0.0,3.0,7.0,12-27,-0.19454539905894935
12-13,-1.050000190734865,-0.7399997711181658,0.2200002670288086,0.4700002670288068,0.11999988555908381,-0.26000022888183594,-0.3900003433227539,0.0900001525878924,-1.2899999618530256,-0.35000038146972656,0.0,4.0,6.0,12-28,-0.2890909368341619
12-14,-1.050000190734865,-0.6599998474121094,0.2200002670288086,0.4700002670288068,0.04999923706054865,-0.26000022888183594,-0.5299997329711932,0.07999992370605469,-1.1199998855590785,-0.26000022888183594,0.0,4.0,6.0,12-29,-0.27818185632879083
12-15,-1.050000190734865,-0.189999580383299,0.2200002670288086,0.19999980926513494,0.19999980926513494,-0.039999961853027344,-0.5,-0.05000019073486506,-1.0999994277954084,-0.3899993896484375,0.0,3.0,7.0,12-30,-0.24545444141734762
12-16,0.02999973297118963,-0.189999580383299,0.2200002670288086,0.19999980926513494,0.029999732971193183,0.06000041961669922,-0.5,-0.05000019073486506,-0.5699996948242188,-0.2799997329711914,0.0,5.0,5.0,12-31,-0.09545447609641351
12-17,0.02999973297118963,-0.189999580383299,0.2200002670288086,0.010000228881834161,0.10000038146973012,0.06000041961669922,-0.3900003433227539,-0.05000019073486506,-0.5699996948242188,-0.23999977111816406,0.0,5.0,5.0,01-01,-0.09272714094682173
12-18,0.02999973297118963,-0.189999580383299,0.2200002670288086,0.3400001525878924,-0.28999996185302734,0.1900005340576172,-0.3900003433227539,-0.25,-0.2299995422363299,0.03999996185302557,0.0,5.0,5.0,01-02,-0.04818170720880698
12-19,0.02999973297118963,-0.189999580383299,0.17999982833862305,0.3400001525878924,-0.2599992752075213,0.26000022888183594,-0.6600008010864258,-0.1300001144409162,-0.3800001144409162,-0.029999732971193183,0.0,4.0,6.0,01-03,-0.07636360688643005
12-20,0.02999973297118963,-0.2399997711181623,-0.04000043869018555,0.059999465942386365,-0.23999977111816584,0.15999984741210938,-0.6999998092651367,0.049999237060546875,0.0800008773803711,0.06999969482421697,0.0,6.0,4.0,01-04,-0.07000008496371182
12-21,0.5,-0.05000019073486328,-0.04000043869018555,0.059999465942386365,-0.23999977111816584,0.1700000762939453,-0.5,0.07999992370605469,0.16000080108642578,0.14999961853027166,0.0,6.0,4.0,01-05,0.026363589546897194
12-22,0.5,-0.05000019073486328,-0.04000043869018555,-0.19000053405761363,-0.1999998092651385,0.25999927520751953,-0.43000030517578125,0.11999988555908381,0.48000049591064453,0.22999954223632812,0.0,5.0,5.0,01-06,0.06181799281727216
12-23,0.5,-0.05000019073486328,-0.04000043869018555,-0.1599998474121076,-0.41000080108642756,0.06999969482421875,-0.13000011444091797,0.03999996185302557,0.19999980926513672,0.25,0.0,5.0,5.0,01-07,0.024545279416170827
12-24,0.5,-0.05000019073486328,-0.04000043869018555,0.17999935150146662,-0.3400001525878924,-0.14999961853027344,0.009999275207521308,0.17999935150146307,0.5600004196166992,0.0200004577636701,0.0,6.0,4.0,01-08,0.07909076864069142
12-26,0.5,-0.05000019073486328,0.1099996566772461,0.8299999237060582,-0.5900001525878888,-0.3099994659423828,-0.07000064849853338,0.5599994659423793,0.7399997711181623,0.31999969482421875,0.0,6.0,4.0,01-10,0.18545436859130876
12-27,0.5,-0.05000019073486328,0.1099996566772461,0.8299999237060582,-0.4200000762939471,-0.3599996566772461,0.32999992370605646,0.5799999237060547,0.21000003814697266,0.21000003814697266,0.0,7.0,3.0,01-11,0.17636359821666403
12-28,0.7300004959106445,0.23999977111816406,0.1099996566772461,0.5,-0.38000011444091975,-0.3800001144409162,0.0,0.9699993133544886,-0.010000228881835938,0.1700000762939471,0.0,6.0,4.0,01-12,0.17727262323552895
12-29,0.23000049591064453,0.23999977111816406,0.15000009536743164,0.8000001907348615,-0.5100002288818377,-0.5799999237060565,0.5600004196166992,0.9699993133544886,0.06000041961669744,0.26999950408935725,0.0,8.0,2.0,01-13,0.19909091429276818
12-30,0.23000049591064453,0.28999996185302734,0.15000009536743164,1.0100002288818342,-0.3100004196166992,-0.75,0.8299999237060547,0.9600000381469709,0.5399999618530273,0.14000034332275568,0.0,8.0,2.0,01-14,0.28090914812954976
12-31,0.23000049591064453,0.28999996185302734,0.15000009536743164,1.0100002288818342,-0.26000022888183416,-0.5799999237060547,0.6400003433227539,0.9600000381469709,0.5200004577636701,0.13000011444091975,0.0,8.0,2.0,01-15,0.28090923482721486
