,2010,2011,2012,2013,2014,2015,2016,2017,2018,2019,2020,ups,downs,end_day_sum,avg
01-02,0.0,0.0,-1.2823905944824219,0.0,-3.4464340209960938,-1.5857162475585938,-5.851909637451172,0.0,3.897193908691392,0.0,-0.8702468872070312,1.0,9.0,01-17,-0.8308639526367201
01-03,0.0,0.0,-1.2823905944824219,0.0,-3.4464340209960938,-1.5857162475585938,-5.851909637451172,0.0,5.066368103027344,0.0,-0.8702468872070312,1.0,9.0,01-18,-0.7245753895152699
01-04,0.0,0.0,-0.24045181274414062,0.0,-3.4464340209960938,-1.5857162475585938,-5.851909637451172,0.0,5.066368103027344,0.0,-0.6188392639160156,1.0,9.0,01-19,-0.6069984436035156
01-05,0.0,0.0,-0.24045181274414062,0.0,-3.4464340209960938,-3.7975997924804545,-5.768898010253906,0.0,5.066368103027344,0.0,-0.6188392639160156,1.0,9.0,01-20,-0.8005322543057516
01-06,0.0,0.0,-0.24045181274414062,0.0,-4.808967590332031,-3.7975997924804545,-4.6068267822265625,0.0,5.066368103027344,0.0,0.193389892578125,2.0,8.0,01-21,-0.7449170892888837
01-07,0.0,0.0,-0.24045181274414062,0.0,-4.808967590332031,-8.416530609130866,-6.349945068359375,0.0,5.066368103027344,0.0,2.3496627807617188,2.0,8.0,01-22,-1.1272603815252138
01-08,0.0,0.0,-0.24045181274414062,0.0,-3.6067352294921875,-8.416530609130866,-6.349945068359375,0.0,5.066368103027344,0.0,2.3496627807617188,2.0,8.0,01-23,-1.0179665305397734
01-09,0.0,0.0,-0.24045181274414062,0.0,2.2041015625,-8.416530609130866,-6.349945068359375,0.0,1.2990875244140625,0.0,2.3496627807617188,3.0,7.0,01-24,-0.8321886929598729
01-10,0.0,0.0,4.3681488037109375,0.0,2.2041015625,-5.692333221435554,-6.349945068359375,0.0,1.039268493652358,0.0,1.1409873962402344,4.0,6.0,01-25,-0.29907018488103626
01-11,0.0,0.0,4.608600616455078,0.0,2.2041015625,-5.692333221435554,-5.312370300292969,0.0,1.039268493652358,0.0,2.9685020446777344,4.0,6.0,01-26,-0.01674825494939566
01-12,0.0,0.0,4.608600616455078,0.0,0.2003631591796875,-5.041778564453132,-5.312370300292969,0.0,1.039268493652358,0.0,0.9572715759277344,4.0,6.0,01-27,-0.32260409268465845
01-13,0.0,-4.318489074707031,4.608600616455078,0.0,0.2003631591796875,-7.400043487548828,0.5395393371582031,0.0,-0.12990570068359375,0.0,0.9572715759277344,4.0,6.0,01-28,-0.5038785067471591
01-14,0.0,-4.318489074707031,4.608600616455078,0.0,-2.1640396118164062,-8.538524627685547,0.5395393371582031,0.0,-0.12990570068359375,0.0,0.9572715759277344,3.0,7.0,01-29,-0.8223224986683239
01-15,0.0,-4.318489074707031,4.608600616455078,0.0,-2.1640396118164062,-6.326641082763686,0.4565277099609375,0.0,-0.12990570068359375,0.0,-1.3923912048339844,2.0,8.0,01-30,-0.8423943953080624
01-16,0.0,-4.318489074707031,4.608600616455078,0.0,-0.8015060424804688,-6.326641082763686,-0.7055435180664062,0.0,-0.12990570068359375,0.0,-2.204620361328125,1.0,9.0,01-31,-0.8980095603249303
01-17,0.0,-4.318489074707031,4.608600616455078,0.0,-0.8015060424804688,-1.7077102661132741,-0.7055435180664062,0.0,-0.12990570068359375,0.0,-4.360893249511719,1.0,9.0,02-01,-0.6741315668279468
01-18,0.0,-4.318489074707031,4.608600616455078,0.0,-2.0037384033203125,-3.0901298522949148,-0.7055435180664062,0.0,-0.12990570068359375,0.0,-4.360893249511719,1.0,9.0,02-02,-0.9090999256480817
01-19,0.0,-4.318489074707031,4.608600616455078,0.0,-4.287994384765625,-3.0901298522949148,-0.7055435180664062,0.0,-0.12990570068359375,0.0,-4.360893249511719,1.0,9.0,02-03,-1.1167595603249283
01-20,0.0,-4.318489074707031,4.608600616455078,0.0,-4.287994384765625,-3.0901298522949148,4.274799346923835,0.0,0.0,0.0,-4.360893249511719,2.0,8.0,02-04,-0.6521915089000342
01-21,0.0,-4.318489074707031,0.0,0.0,-4.287994384765625,-3.0901298522949148,4.274799346923835,0.0,0.0,0.0,-4.360893249511719,1.0,9.0,02-05,-1.0711552013050414
01-22,0.0,-4.318489074707031,0.0,0.0,-4.287994384765625,1.4230842590332102,3.237224578857429,0.0,0.0,0.0,-4.360893249511719,2.0,8.0,02-06,-0.7551879882812487
01-23,0.0,-4.318489074707031,0.0,13.425048828125,1.4026260375976562,0.7725296020507884,3.237224578857429,0.0,0.8833541870117188,0.0,-2.804126739501953,5.0,5.0,02-07,1.1452879472212372
01-24,0.0,-4.318489074707031,0.0,13.425048828125,1.4026260375976562,3.1307945251464844,3.237224578857429,0.0,0.8833541870117188,0.0,-2.804126739501953,5.0,5.0,02-08,1.359675667502664
01-25,0.0,-4.318489074707031,0.0,13.425048828125,1.4026260375976562,3.1307945251464844,6.432945251464844,0.0,0.8833541870117188,0.0,-2.804126739501953,5.0,5.0,02-09,1.6501957286487927
01-26,0.0,0.0,0.0,13.425048828125,1.4026260375976562,3.1307945251464844,6.432945251464844,0.0,0.8833541870117188,0.0,-1.953216552734375,5.0,5.0,02-10,2.120141116055575
01-27,0.0,0.0,0.0,13.425048828125,1.4026260375976562,7.359378814697266,6.432945251464844,0.0,0.8833541870117188,0.0,-1.953216552734375,5.0,5.0,02-11,2.504557869651101
01-28,0.0,0.0,0.0,13.425048828125,1.4026260375976562,7.359378814697266,6.432945251464844,0.0,0.8833541870117188,0.0,0.39644622802734375,6.0,4.0,02-12,2.718163576993075
01-29,0.0,0.0,3.0456771850585938,13.425048828125,1.4026260375976562,8.741798400878906,6.432945251464844,0.0,0.8833541870117188,0.0,0.39644622802734375,7.0,3.0,02-13,3.120717828924006
01-30,0.0,0.0,3.0456771850585938,10.499588012695312,3.6868820190429688,8.741798400878906,6.432945251464844,0.0,0.8833541870117188,0.0,0.39644622802734375,7.0,3.0,02-14,3.0624264803799717
01-31,0.0,0.0,3.0456771850585938,10.860275268554688,3.6868820190429688,8.741798400878906,6.432945251464844,0.0,0.8833541870117188,0.0,0.39644622802734375,7.0,3.0,02-15,3.095216230912642
02-01,0.0,0.0,3.0456771850585938,10.860275268554688,3.6868820190429688,8.741798400878906,6.432945251464844,0.0,0.8833541870117188,0.0,0.39644622802734375,7.0,3.0,02-16,3.095216230912642
02-02,0.0,0.0,3.0456771850585938,10.860275268554688,3.6868820190429688,10.254348754882827,3.1957206726074148,0.0,0.8833541870117188,0.0,0.39644622802734375,7.0,3.0,02-17,2.9384276650168686
02-03,0.0,0.0,3.0456771850585938,10.860275268554688,3.6868820190429688,10.254348754882827,3.1957206726074148,0.0,0.0,0.0,0.39644622802734375,6.0,4.0,02-18,2.858122738924894
02-04,0.0,0.0,3.0456771850585938,10.860275268554688,3.6868820190429688,5.741134643554702,3.1957206726074148,0.0,0.0,0.0,0.3190879821777344,6.0,4.0,02-19,2.440797979181464
02-05,0.0,0.0,3.0456771850585938,-2.5647735595703125,6.812705993652344,5.741134643554702,0.0,0.0,0.0,0.774364471435554,0.7735519409179688,5.0,5.0,02-20,1.325696425004441
02-06,0.0,0.0,3.0456771850585938,-2.5647735595703125,6.812705993652344,5.741134643554702,0.0,0.0,0.0,0.774364471435554,-0.07735824584960938,4.0,6.0,02-21,1.2483409534801155
02-07,0.0,0.0,3.0456771850585938,-2.5647735595703125,6.812705993652344,1.5125503540039205,0.0,0.0,0.0,0.774364471435554,-0.07735824584960938,4.0,7.0,02-22,0.86392419988459
02-08,0.0,0.0,3.0456771850585938,-2.5647735595703125,6.812705993652344,1.5125503540039205,0.0,0.0,0.0,0.774364471435554,-0.07735824584960938,4.0,7.0,02-23,0.86392419988459
02-09,0.0,0.0,0.0,-2.5647735595703125,6.812705993652344,1.301116943359375,-1.494110107421875,0.0,0.0,0.774364471435554,-1.5954513549804688,3.0,8.0,02-24,0.2939865805886015
02-10,0.0,0.0,0.0,-2.5647735595703125,7.053153991699219,2.4802474975585938,-1.494110107421875,0.0,0.0,0.774364471435554,-1.5954513549804688,3.0,8.0,02-25,0.4230391762473373
02-11,0.0,0.0,0.0,-2.5647735595703125,7.053153991699219,2.4802474975585938,-1.494110107421875,0.0,0.0,0.774364471435554,-1.5954513549804688,3.0,8.0,02-26,0.4230391762473373
02-12,0.0,0.0,0.0,0.360687255859375,7.053153991699219,0.9676971435546733,-1.494110107421875,0.0,0.0,0.774364471435554,-3.6453628540039062,4.0,7.0,02-27,0.36512999101118543
02-13,0.0,0.7527694702148366,0.0,0.0,7.053153991699219,0.9676971435546733,-1.494110107421875,0.0,0.0,3.0427970886230398,-3.6453628540039062,4.0,7.0,02-28,0.606994975696908
02-14,0.0,0.7527694702148366,0.0,0.0,7.053153991699219,0.9676971435546733,-1.494110107421875,0.0,0.0,3.0427970886230398,-3.568004608154297,4.0,7.0,02-29,0.6140275435014179
02-15,0.0,0.7527694702148366,0.0,0.0,0.240447998046875,0.9676971435546733,-1.494110107421875,0.0,0.0,2.268432617187486,-3.568004608154297,4.0,7.0,03-01,-0.07570613514293646
02-16,0.07802200317381391,0.7527694702148366,0.0,0.0,0.240447998046875,0.9676971435546733,-1.494110107421875,0.0,0.0,2.268432617187486,-6.140064239501946,5.0,6.0,03-02,-0.30243682861328514
02-17,0.07802200317381391,0.7527694702148366,0.0,0.0,0.240447998046875,0.9676971435546733,0.6225433349609446,0.0,0.0,2.268432617187486,-6.140064239501946,6.0,5.0,03-03,-0.11001378839666516
02-18,0.07802200317381391,0.7527694702148366,0.0,0.0,0.240447998046875,0.9676971435546733,0.6225433349609446,0.0,-2.745361328125,2.268432617187486,-6.140064239501946,6.0,5.0,03-04,-0.3595920909534833
02-19,0.07802200317381391,0.7527694702148366,0.0,0.0,0.240447998046875,-0.7237472534179972,0.6225433349609446,0.0,-2.745361328125,2.268432617187486,-6.140064239501946,5.0,6.0,03-05,-0.5133597634055443
02-20,0.07802200317381391,0.7527694702148366,1.7632904052734375,1.6831283569335938,0.240447998046875,-0.5123138427734517,2.1166534423828196,0.0,-2.745361328125,2.268432617187486,-4.621971130371087,7.0,4.0,03-06,0.09300890835848398
02-21,0.07802200317381391,0.7527694702148366,1.7632904052734375,-0.12023162841796875,0.0,-1.6914443969726705,2.6976966857910156,0.0,-1.8793106079101562,2.268432617187486,-4.621971130371087,5.0,6.0,03-07,-0.06843150745739024
02-22,0.07802200317381391,0.7527694702148366,1.7632904052734375,-0.12023162841796875,0.0,-1.6914443969726705,3.1459312438964844,0.0,-1.8793106079101562,2.268432617187486,-4.621971130371087,5.0,6.0,03-08,-0.02768291126598399
02-23,0.07802200317381391,0.7527694702148366,1.7632904052734375,-0.12023162841796875,0.0,-3.9439849853515625,4.067287445068359,0.0,-1.8793106079101562,2.268432617187486,-4.621971130371087,5.0,6.0,03-09,-0.14869967373934917
02-24,0.07802200317381391,0.0,1.7632904052734375,0.6011199951171875,0.0,-3.9439849853515625,4.067287445068359,0.0,-1.8793106079101562,2.268432617187486,-4.621971130371087,5.0,6.0,03-10,-0.15155584161932012
02-25,0.07802200317381391,0.0,1.7632904052734375,0.6011199951171875,0.0,-3.9439849853515625,4.067287445068359,0.0,-2.4422454833984375,2.268432617187486,-2.572059631347649,5.0,6.0,03-11,-0.01637614857066955
02-26,0.07802200317381391,0.0,1.7632904052734375,0.6011199951171875,0.0,-4.358726501464844,4.067287445068359,0.0,-2.4422454833984375,0.0,-2.572059631347649,4.0,7.0,03-12,-0.2603010697798302
02-27,0.0,0.0,1.7632904052734375,0.6011199951171875,0.0,-4.358726501464844,4.067287445068359,0.0,-2.4422454833984375,0.0,-4.370563507080085,3.0,8.0,03-13,-0.4308943314985802
02-28,0.0,0.0,1.7632904052734375,0.6011199951171875,0.0,-4.358726501464844,5.129779815673828,0.0,-2.4422454833984375,0.0,-4.370563507080085,3.0,8.0,03-14,-0.3343041159889921
02-29,0.0,0.0,1.7632904052734375,0.0,0.0,0.0,5.129779815673828,0.0,0.0,0.0,-4.370563507080085,2.0,1.0,03-15,0.22931879216974368
03-01,0.0,0.0,1.7632904052734375,0.6011199951171875,0.0,-4.358726501464844,3.0131263732910085,0.0,0.3031158447265625,0.0,-4.370563507080085,4.0,7.0,03-16,-0.2771488536487939
03-02,3.316326141357436,0.0,0.0,0.6011199951171875,0.0,-4.358726501464844,3.0131263732910085,0.0,0.3031158447265625,0.0,-11.158477783203132,4.0,7.0,03-17,-0.7530469027432528
03-03,3.316326141357436,0.0,0.0,0.6011199951171875,0.0,-4.358726501464844,2.4320831298828125,0.0,0.3031158447265625,0.0,-11.158477783203132,4.0,7.0,03-18,-0.8058690157803615
03-04,3.316326141357436,0.0,0.0,0.6011199951171875,0.0,-2.6672821044921733,1.9838485717773438,0.0,0.3031158447265625,0.0,-11.158477783203132,4.0,7.0,03-19,-0.6928499395197069
03-05,3.316326141357436,0.0,0.0,-1.0820083618164062,0.0,-2.6672821044921733,1.0624923706054688,0.0,0.3031158447265625,0.0,-11.206825256347667,3.0,8.0,03-20,-0.9340164878151618
03-06,3.316326141357436,0.0,0.0,0.7213516235351562,0.0,-0.41474151611328125,1.0624923706054688,0.0,-0.5629348754882812,0.0,-11.206825256347667,3.0,8.0,03-21,-0.6440301374955607
03-07,3.316326141357436,0.0,0.0,0.0,0.0,-0.41474151611328125,1.0624923706054688,0.0,-0.5629348754882812,0.0,-11.206825256347667,2.0,9.0,03-22,-0.7096075578169386
03-08,3.316326141357436,0.0,0.0,0.0,0.0,-0.41474151611328125,1.0624923706054688,0.0,0.0,0.0,-11.206825256347667,2.0,9.0,03-23,-0.6584316600452766
03-09,3.862548828125007,0.0,0.0,0.0,0.0,-0.41474151611328125,1.0624923706054688,0.0,0.0,0.0,-11.206825256347667,2.0,9.0,03-24,-0.6087750521573156
03-10,5.61824035644532,0.0,0.0,0.0,0.0,-0.41474151611328125,0.0,0.0,0.0,0.0,-11.206825256347667,1.0,10.0,03-25,-0.5457569469105117
03-11,5.61824035644532,0.0,0.0,0.0,0.0,0.0,0.0,0.0,0.0,0.0,-0.6381797790527344,1.0,10.0,03-26,0.4527327797629623
03-12,5.61824035644532,0.0,0.0,0.0,0.0,3.4154281616210938,0.0,7.342899322509766,0.0,0.0,-1.3440475463867188,3.0,8.0,03-27,1.3665927540172236
03-13,2.3019142150878835,0.0,0.0,0.0,0.0,3.4154281616210938,0.0,7.342899322509766,0.0,0.0,5.443866729736328,4.0,7.0,03-28,1.6821916753595518
03-14,2.3019142150878835,0.0,0.0,0.0,0.0,3.4154281616210938,0.0,7.342899322509766,0.0,0.0,5.443866729736328,4.0,7.0,03-29,1.6821916753595518
03-15,2.3019142150878835,0.0,0.0,0.0,0.0,3.4154281616210938,0.0,7.342899322509766,0.0,0.0,6.352790832519531,4.0,7.0,03-30,1.764821139248934
03-16,2.3019142150878835,0.0,0.0,0.0,0.0,3.4154281616210938,0.0,7.342899322509766,0.0,0.0,6.352790832519531,4.0,7.0,03-31,1.764821139248934
03-17,1.87274169921875,0.0,0.0,0.0,0.0,3.4154281616210938,0.0,7.342899322509766,0.0,0.0,6.352790832519531,4.0,7.0,04-01,1.7258054559881038
03-18,1.87274169921875,0.0,0.3205986022949219,1.7632827758789062,-0.520965576171875,3.4154281616210938,0.0,7.342899322509766,0.0,0.0,7.368076324462894,6.0,5.0,04-02,1.9601873918013142
03-19,1.87274169921875,0.0,0.3205986022949219,1.7632827758789062,-0.520965576171875,3.4154281616210938,0.0,7.342899322509766,0.0,0.0,7.368076324462894,6.0,5.0,04-03,1.9601873918013142
03-20,1.326519012451179,0.0,0.3205986022949219,1.7632827758789062,0.3606719970703267,3.4154281616210938,0.0,7.342899322509766,0.0,0.0,7.368076324462894,7.0,4.0,04-04,1.990679654208099
03-21,1.1314353942871094,0.0,0.3205986022949219,1.7632827758789062,0.3606719970703267,3.4154281616210938,0.0,7.342899322509766,0.0,0.0,7.368076324462894,7.0,4.0,04-05,1.972944779829547
03-22,1.1314353942871094,0.0,0.3205986022949219,1.7632827758789062,0.3606719970703267,2.634765625,0.0,7.342899322509766,0.0,0.0,5.521221160888675,7.0,4.0,04-06,1.734079534357246
03-23,-0.6242561340332031,0.0,0.3205986022949219,1.7632827758789062,0.3606719970703267,2.81365966796875,0.0,0.0,0.0,0.0,5.521221160888675,5.0,6.0,04-07,0.9231980063698525
03-24,-0.6242561340332031,0.0,0.3205986022949219,1.7632827758789062,0.3606719970703267,2.81365966796875,0.0,0.0,0.0,0.0,-0.6768608093261719,4.0,7.0,04-08,0.3597360090775936
03-25,-0.6242561340332031,0.0,0.3205986022949219,1.7632827758789062,0.3606719970703267,-0.6017684936523438,0.0,0.0,0.0,0.0,2.871807098388672,4.0,7.0,04-09,0.3718487132679345
03-26,-0.6242561340332031,0.0,0.3205986022949219,1.7632827758789062,0.3606719970703267,-0.6017684936523438,0.0,0.0,0.0,0.0,1.9628829956054688,4.0,7.0,04-10,0.2892192493785524
03-27,-0.6242561340332031,0.0,0.3205986022949219,1.7632827758789062,1.1621627807617188,-0.6017684936523438,0.0,0.0,0.0,0.0,1.9628829956054688,4.0,7.0,04-11,0.3620820478959517
03-28,-0.6242561340332031,2.773345947265632,0.3205986022949219,0.0,1.1621627807617188,-0.6017684936523438,0.0,0.0,0.0,0.0,1.9628829956054688,4.0,7.0,04-12,0.4539059725674722
03-29,-0.6242561340332031,2.6544685363769602,0.0,0.0,1.6831283569335938,-0.6017684936523438,0.0,0.0,0.0,0.0,1.9628829956054688,3.0,8.0,04-13,0.461314114657316
03-30,-0.1950836181640696,2.6544685363769602,0.0,0.0,1.6831283569335938,-0.6017684936523438,0.0,0.0,0.0,0.0,0.8315658569336009,3.0,8.0,04-14,0.39748278531161285
03-31,0.0,2.6544685363769602,0.0,0.0,1.6831283569335938,-0.6017684936523438,0.0,0.0,0.0,0.0,-0.13537216186522727,2.0,9.0,04-15,0.3273142034357257
04-01,-0.5462150573730469,2.6544685363769602,0.0,0.0,1.6831283569335938,0.17889404296875,0.0,0.0,0.0,0.0,-0.13537216186522727,3.0,8.0,04-16,0.3486276106400936
04-02,-0.5462150573730469,2.6544685363769602,0.0,0.0,0.801490783691392,0.0,0.0,0.0,0.0,0.0,1.7114830017089915,3.0,8.0,04-17,0.42011156949129974
04-03,-0.5462150573730469,2.6544685363769602,0.0,-2.6850204467773438,0.801490783691392,0.0,0.0,0.0,0.0,1.3756332397461009,1.7114830017089915,4.0,7.0,04-18,0.3010763688520958
04-04,-0.5462150573730469,2.6544685363769602,0.0,-2.6850204467773438,0.801490783691392,0.0,0.0,0.0,0.0,1.3756332397461009,1.7114830017089915,4.0,7.0,04-19,0.3010763688520958
04-05,-0.5462150573730469,2.6544685363769602,0.0,-2.6850204467773438,0.801490783691392,0.0,0.0,0.0,0.0,1.3756332397461009,0.04834747314453125,4.0,7.0,04-20,0.14988222989169034
04-06,-0.5462150573730469,2.6544685363769602,0.0,-2.6850204467773438,0.801490783691392,1.585723876953125,-2.9301185607910085,0.0,0.0,1.3756332397461009,0.04834747314453125,5.0,6.0,04-21,0.027664531360973656
04-07,-0.5462150573730469,2.6544685363769602,0.0,-2.6850204467773438,0.801490783691392,1.585723876953125,-2.9301185607910085,0.0,0.0,2.7968215942382955,-2.794452667236328,4.0,7.0,04-22,-0.10157290371981405
04-08,-0.5462150573730469,-0.11887741088867188,0.0,-2.6850204467773438,0.801490783691392,1.585723876953125,-2.9301185607910085,0.0,0.0,2.7968215942382955,-3.6163482666015625,3.0,8.0,04-23,-0.4284130443226201
04-09,-0.5462150573730469,0.0,0.0,-2.6850204467773438,0.0,1.585723876953125,-2.9301185607910085,0.0,0.0,2.7968215942382955,-2.4850311279296946,2.0,9.0,04-24,-0.3876217928799703
04-10,-0.5462150573730469,0.0,0.0,-2.6850204467773438,0.0,1.585723876953125,-2.9301185607910085,0.0,0.0,2.7968215942382955,-2.4850311279296946,2.0,9.0,04-25,-0.3876217928799703
04-11,-0.5462150573730469,0.0,0.0,-2.6850204467773438,0.0,1.585723876953125,-2.9301185607910085,0.0,0.0,2.7968215942382955,-2.4850311279296946,2.0,9.0,04-26,-0.3876217928799703
04-12,-0.5462150573730469,0.0,0.0,-2.6850204467773438,0.0,1.585723876953125,-2.9301185607910085,0.0,0.0,2.7968215942382955,-2.4850311279296946,2.0,9.0,04-27,-0.3876217928799703
04-13,-1.287506103515625,0.0,0.0,-2.6850204467773438,0.0,1.585723876953125,-2.9301185607910085,0.0,0.0,2.7968215942382955,-2.4850311279296946,2.0,9.0,04-28,-0.455011887983841
04-14,-0.7412910461425781,0.0,0.0,-2.6850204467773438,0.0,2.5778274536132812,-2.9301185607910085,0.0,0.0,2.7968215942382955,-2.243297576904304,2.0,9.0,04-29,-0.2931889620694234
04-15,-0.7412910461425781,0.0,0.0,-2.6850204467773438,0.0,2.5778274536132812,-2.9301185607910085,0.0,8.487251281738281,2.7968215942382955,-2.243297576904304,3.0,8.0,04-30,0.47837933627042034
04-16,-0.7412910461425781,0.0,0.0,0.0,0.0,2.764862060546875,-2.9301185607910085,0.0,8.487251281738281,1.4211883544921946,-0.5801620483398438,3.0,8.0,05-01,0.7656118219549018
04-17,-0.7412910461425781,0.0,0.0,0.0,0.0,1.17913818359375,-2.9301185607910085,0.0,8.487251281738281,0.0,-0.5801620483398438,2.0,9.0,05-02,0.4922561645507819
04-18,-3.1212425231933594,0.0,0.0,0.0,0.0,1.17913818359375,-2.9301185607910085,0.0,8.487251281738281,0.0,-0.5801620483398438,2.0,9.0,05-03,0.2758969393643472
04-19,-3.1212425231933594,0.0,0.0,0.0,0.0,1.17913818359375,0.0,0.0,8.487251281738281,0.0,-0.5801620483398438,2.0,9.0,05-04,0.5422713539817117
04-20,-3.1212425231933594,0.0,0.0,0.0,0.0,1.17913818359375,0.0,0.0,8.487251281738281,0.0,-0.5801620483398438,2.0,9.0,05-05,0.5422713539817117
04-21,-5.072013854980469,0.0,0.0,0.0,-0.27249908447265625,1.17913818359375,0.0,0.0,8.487251281738281,0.0,0.24173355102539062,3.0,8.0,05-06,0.4148736433549361
04-22,-5.072013854980469,0.0,0.0,0.0,-0.27249908447265625,1.17913818359375,0.0,0.0,10.158714294433594,0.0,0.24173355102539062,3.0,8.0,05-07,0.5668248263272372
04-23,-5.072013854980469,0.0,0.0,0.0,-0.36067962646484375,1.17913818359375,0.0,8.08315658569336,10.158714294433594,0.0,-1.3730583190917969,3.0,8.0,05-08,1.1468415693803267
04-24,-4.330722808837891,0.0,0.0,2.4846420288085938,-0.36067962646484375,1.17913818359375,0.0,8.08315658569336,10.158714294433594,-6.112922668457031,-1.3730583190917969,4.0,7.0,05-09,0.8843879699707031
04-25,-4.330722808837891,0.0,0.0,2.4846420288085938,-0.36067962646484375,0.18703460693359375,-5.694198608398445,8.08315658569336,10.158714294433594,-6.112922668457031,-1.6147918701171875,4.0,7.0,05-10,0.254566539417613
04-26,-4.330722808837891,0.0,-3.6067352294921804,2.4846420288085938,-0.36067962646484375,0.18703460693359375,-5.694198608398445,8.08315658569336,1.6714630126953125,-6.112922668457031,-1.6147918701171875,4.0,7.0,05-11,-0.8448867797851562
04-27,-4.330722808837891,6.64020156860353,-3.6067352294921804,2.4846420288085938,-0.36067962646484375,0.18703460693359375,-5.694198608398445,8.08315658569336,1.6714630126953125,-6.112922668457031,-1.6147918701171875,5.0,6.0,05-12,-0.2412320917302899
04-28,-4.330722808837891,6.64020156860353,-3.6067352294921804,2.4846420288085938,-0.36067962646484375,0.18703460693359375,-5.694198608398445,8.08315658569336,1.6714630126953125,-6.112922668457031,-1.6147918701171875,5.0,6.0,05-13,-0.2412320917302899
04-29,-1.9507713317871094,6.64020156860353,-3.6067352294921804,2.4846420288085938,-0.36067962646484375,0.0,-5.694198608398445,8.08315658569336,1.6714630126953125,-6.112922668457031,-1.6147918701171875,4.0,7.0,05-14,-0.0418760126287274
04-30,-1.9507713317871094,6.64020156860353,-3.6067352294921804,2.4846420288085938,-0.36067962646484375,0.0,-5.694198608398445,8.08315658569336,1.6714630126953125,-6.112922668457031,-2.3013153076171875,4.0,7.0,05-15,-0.1042872342196365
05-01,-1.9507713317871094,6.64020156860353,-3.6067352294921804,2.4846420288085938,-0.36067962646484375,0.0,-5.694198608398445,8.08315658569336,1.6714630126953125,-6.112922668457031,-2.3013153076171875,4.0,7.0,05-16,-0.1042872342196365
05-02,-1.9507713317871094,6.64020156860353,-3.6067352294921804,2.4846420288085938,-0.0881805419921875,0.0,-4.378768920898445,8.08315658569336,1.6714630126953125,-6.112922668457031,-2.3013153076171875,4.0,7.0,05-17,0.040069926868786805
05-03,-1.9507713317871094,6.64020156860353,-3.6067352294921804,2.4846420288085938,-0.0881805419921875,-4.5538787841796875,-4.378768920898445,8.08315658569336,1.013275146484375,-6.112922668457031,-2.5333786010742188,4.0,7.0,05-18,-0.4548509771173638
05-04,0.6339073181152344,6.64020156860353,-3.6067352294921804,2.4846420288085938,0.12824249267578125,-4.5538787841796875,-4.378768920898445,0.0,1.013275146484375,-6.112922668457031,-2.9298248291015696,5.0,6.0,05-19,-0.9710783524946727
05-05,0.6339073181152344,6.64020156860353,-3.6067352294921804,2.4846420288085938,0.3835601806640625,-3.537384033203125,-4.378768920898445,0.0,1.013275146484375,-6.112922668457031,-1.7978248596191335,5.0,6.0,05-20,-0.7525499517267381
05-06,0.6339073181152344,6.64020156860353,-3.6067352294921804,2.4846420288085938,-0.6667022705078125,-3.8626632690429545,1.3154296875,0.0,0.7274703979492188,-6.112922668457031,-0.18303298950194602,5.0,6.0,05-21,-0.23912776600230437
05-07,0.6339073181152344,6.64020156860353,-3.6067352294921804,0.0,-2.4150772094726562,-3.8626632690429545,1.3154296875,0.0,0.7274703979492188,0.0,-0.18303298950194602,4.0,7.0,05-22,-0.0682272477583413
05-08,0.6339073181152344,6.64020156860353,-3.6067352294921804,0.0,-2.4150772094726562,-3.8626632690429545,1.3154296875,0.38288116455078125,0.7274703979492188,0.0,-0.18303298950194602,5.0,6.0,05-23,-0.033419869162815724
05-09,-3.5657310485839844,6.64020156860353,0.0,0.0,-2.4150772094726562,-3.8626632690429545,-2.0794944763183594,0.38288116455078125,0.7274703979492188,0.0,-0.18303298950194602,3.0,8.0,05-24,-0.39594962380148824
05-10,-3.5657310485839844,0.0,0.0,0.0,-2.4150772094726562,-3.8626632690429545,-2.0794944763183594,0.38288116455078125,0.7274703979492188,0.0,-0.18303298950194602,2.0,9.0,05-25,-0.9996043118563546
05-11,-3.5657310485839844,0.0,0.0,0.0,-2.4150772094726562,-3.8626632690429545,-2.0794944763183594,0.38288116455078125,0.7274703979492188,0.0,-0.18303298950194602,2.0,9.0,05-26,-0.9996043118563546
05-12,-5.903263092041016,0.0,0.0,0.0,-2.4150772094726562,-3.8626632690429545,-2.0794944763183594,0.38288116455078125,0.7274703979492188,0.0,-0.18303298950194602,2.0,9.0,05-27,-1.2121072248979028
05-13,-5.903263092041016,0.0,0.0,0.0,-2.4150772094726562,-3.8626632690429545,-3.3949241638183594,0.38288116455078125,0.7274703979492188,0.0,0.503490447998054,3.0,8.0,05-28,-1.2692805203524484
05-14,-5.903263092041016,0.0,0.0,0.0,-2.3500213623046875,0.691215515136733,-3.3949241638183594,0.38288116455078125,0.7794342041015625,1.5017547607421804,4.9255523681640625,5.0,6.0,05-29,-0.30612460049715845
05-15,-6.53717041015625,0.0,-7.4619140625,0.0,-2.5664443969726562,0.691215515136733,-3.3949241638183594,0.38288116455078125,2.1129531860351562,3.0449905395507812,5.321998596191413,5.0,6.0,05-30,-0.7642194574529455
05-16,-6.53717041015625,0.0,-7.4619140625,0.0,-2.8217620849609375,-0.32527923583982954,-3.3949241638183594,1.5849533081054688,3.8351593017578125,3.0449905395507812,4.189998626708977,4.0,7.0,05-31,-0.7169043801047579
05-17,-6.53717041015625,0.0,-7.4619140625,0.0,-1.683319091796875,-0.32527923583982954,-5.054103851318359,1.5849533081054688,4.120964050292969,3.0449905395507812,4.6499977111816335,4.0,7.0,06-01,-0.6964437311345875
05-18,-6.53717041015625,0.0,-7.4619140625,0.0,-1.683319091796875,-5.001136779785156,-5.054103851318359,1.5849533081054688,4.120964050292969,3.0449905395507812,4.019996643066399,4.0,7.0,06-02,-1.1787945140491838
05-19,-6.53717041015625,0.0,-7.4619140625,0.0,-1.683319091796875,-4.513996124267592,-5.054103851318359,1.2020721435546875,4.120964050292969,3.0449905395507812,4.019996643066399,4.0,7.0,06-03,-1.169316378506749
05-20,-2.3375320434570312,0.0,-7.4619140625,0.0,0.06505584716796875,-4.430999755859389,-1.6591796875,1.2020721435546875,3.4103622436523438,3.0449905395507812,4.019996643066399,5.0,6.0,06-04,-0.3770134665749309
05-21,-2.3375320434570312,0.0,-7.4619140625,0.0,0.06505584716796875,-4.430999755859389,-1.6591796875,1.2020721435546875,3.4103622436523438,3.0449905395507812,4.019996643066399,5.0,6.0,06-05,-0.3770134665749309
05-22,-2.3375320434570312,0.0,-7.4619140625,0.0,0.06505584716796875,-4.430999755859389,-1.6591796875,-0.7032241821289062,3.4103622436523438,3.0449905395507812,4.019996643066399,4.0,7.0,06-06,-0.5502222234552576
05-23,-2.3375320434570312,0.801490783691392,-7.4619140625,0.0,0.06505584716796875,-4.430999755859389,-1.6591796875,-0.7032241821289062,3.4103622436523438,3.0449905395507812,4.019996643066399,5.0,6.0,06-07,-0.4773594249378583
05-24,-2.3375320434570312,0.801490783691392,-7.4619140625,0.0,0.0,-4.430999755859389,-1.6591796875,-0.7032241821289062,3.3583984375,1.5432357788086009,4.019996643066399,4.0,7.0,06-08,-0.6245207353071759
05-25,3.3676300048828125,0.801490783691392,0.0,0.0,-1.8540802001953125,-4.430999755859389,-1.6591796875,-0.7032241821289062,2.0248794555664062,0.0,7.099998474121087,4.0,7.0,06-09,0.4224104447798263
05-26,3.3676300048828125,0.801490783691392,0.0,0.0,-1.0408859252929688,-4.430999755859389,-1.6591796875,-1.9052963256835938,-0.710601806640625,0.0,7.099998474121087,3.0,8.0,06-10,0.13837779651988313
05-27,3.3676300048828125,0.801490783691392,0.0,0.0,-1.0408859252929688,-4.912425994873061,0.0,-1.9052963256835938,-0.1639862060546875,0.0,2.9099998474121094,3.0,8.0,06-11,-0.08577034690163611
05-28,3.3676300048828125,0.801490783691392,0.0,0.0,-1.0408859252929688,-2.978385925292997,0.0,-1.9052963256835938,-0.1639862060546875,-3.3359413146972727,2.4599990844726562,3.0,8.0,06-12,-0.2541250749067872
05-29,3.3676300048828125,0.801490783691392,0.0,0.0,-1.0408859252929688,1.6974716186523295,0.0,-4.893150329589844,-0.1639862060546875,-3.3359413146972727,3.0900001525878906,4.0,7.0,06-13,-0.04339738325639528
05-30,3.3676300048828125,0.801490783691392,0.0,0.0,-1.0408859252929688,1.5356101989745952,0.0,-4.893150329589844,-0.1639862060546875,-3.3359413146972727,3.0900001525878906,4.0,7.0,06-14,-0.05811205777255295
05-31,3.3676300048828125,0.801490783691392,0.0,0.0,-1.0408859252929688,1.5356101989745952,0.0,-4.893150329589844,0.5466156005859375,-3.3359413146972727,1.5900001525878906,5.0,6.0,06-15,-0.1298755298961325
06-01,6.339076995849609,0.801490783691392,0.0,0.0,-1.0408859252929688,1.5356101989745952,0.0,-4.893150329589844,0.5466156005859375,-3.3359413146972727,1.5900001525878906,5.0,6.0,06-16,0.1402560147372127
06-02,6.339076995849609,0.801490783691392,0.0,0.0,-2.3826522827148438,1.452613830566392,0.0,-2.98785400390625,0.5466156005859375,-3.3359413146972727,1.5900001525878906,5.0,6.0,06-17,0.18394088745116866
06-03,6.339076995849609,0.0,0.0,-1.0579681396484375,-2.1386947631835938,1.452613830566392,0.0,-2.98785400390625,0.5466156005859375,-3.3359413146972727,1.5900001525878906,4.0,7.0,06-18,0.037077123468570505
06-04,6.339076995849609,0.0,0.0,-1.0579681396484375,-2.1386947631835938,1.452613830566392,0.0,-2.98785400390625,0.5466156005859375,-3.3359413146972727,1.5900001525878906,4.0,7.0,06-19,0.037077123468570505
06-05,2.971446990966797,0.0,1.2904014587402273,-1.0579681396484375,0.0,1.452613830566392,0.0,-2.98785400390625,0.5466156005859375,-3.3359413146972727,-1.4900016784667969,4.0,7.0,06-20,-0.23733520507812758
06-06,2.971446990966797,0.0,1.2904014587402273,-1.0579681396484375,-0.8131942749023438,1.452613830566392,0.0,-2.98785400390625,0.5466156005859375,-3.3359413146972727,-1.4900016784667969,4.0,7.0,06-21,-0.31126195734197704
06-07,2.971446990966797,0.0,1.2904014587402273,-1.0579681396484375,-0.8131942749023438,1.452613830566392,0.0,-2.98785400390625,0.0,-3.3359413146972727,-1.4900016784667969,3.0,8.0,06-22,-0.36095428466797136
06-08,2.971446990966797,0.0,1.2904014587402273,-1.0579681396484375,-0.8131942749023438,1.452613830566392,0.0,-2.98785400390625,0.0,0.0,-1.4900016784667969,3.0,8.0,06-23,-0.05768689242276472
06-09,2.971446990966797,0.0,1.2904014587402273,-1.0579681396484375,-0.8131942749023438,1.934040069580064,0.0,0.0,0.0,0.0,-1.4900016784667969,3.0,8.0,06-24,0.25770222056995545
06-10,2.971446990966797,0.0,1.2904014587402273,-9.257270812988281,-0.8131942749023438,0.0,0.0,0.0,0.0,0.0,-2.1399993896484375,2.0,9.0,06-25,-0.7226014570756398
06-11,2.971446990966797,0.0,1.2904014587402273,-9.257270812988281,-0.8131942749023438,0.0,0.0,0.0,0.0,0.0,-0.6399993896484375,2.0,9.0,06-26,-0.5862378207120035
06-12,0.0,0.0,1.2904014587402273,-9.257270812988281,-0.8131942749023438,0.0,1.6846961975097656,0.0,0.0,0.0,-0.6399993896484375,2.0,9.0,06-27,-0.7032151655717336
06-13,0.15847015380860086,0.0,1.2904014587402273,-9.257270812988281,0.5285720825195312,0.0,1.6846961975097656,0.0,0.0,0.0,-0.6399993896484375,4.0,7.0,06-28,-0.5668300281871449
06-14,0.15847015380860086,0.0,1.2904014587402273,-8.199302673339844,0.28461456298828125,0.0,1.6846961975097656,0.0,0.0,0.0,-1.9499969482421875,4.0,7.0,06-29,-0.6119197498668324
06-15,0.15847015380860086,0.0,1.2904014587402273,-8.199302673339844,0.28461456298828125,0.0,1.6846961975097656,0.0,0.0,0.0,-1.9499969482421875,4.0,7.0,06-30,-0.6119197498668324
06-16,0.15847015380860086,0.0,0.0,-8.199302673339844,1.8296890258789062,0.0,1.6846961975097656,0.0,0.0,0.0,-1.9499969482421875,3.0,8.0,07-01,-0.5887676585804326
06-17,0.15847015380860086,0.0,0.0,-8.199302673339844,1.8296890258789062,0.0,1.6846961975097656,0.0,0.0,0.0,-1.9499969482421875,3.0,8.0,07-02,-0.5887676585804326
06-18,0.15847015380860086,0.0,0.0,-8.199302673339844,1.545074462890625,0.0,1.6846961975097656,-1.0392532348632812,0.0,0.0,-1.9499969482421875,3.0,8.0,07-03,-0.7091192765669383
06-19,0.15847015380860086,0.0,0.0,-8.199302673339844,1.545074462890625,0.0,1.6846961975097656,-1.0392532348632812,0.0,0.0,-1.9499969482421875,3.0,8.0,07-04,-0.7091192765669383
06-20,0.15847015380860086,0.0,1.2022476196289134,-8.199302673339844,1.545074462890625,0.0,1.6846961975097656,0.0,0.0,0.0,-1.9499969482421875,4.0,7.0,07-05,-0.5053464716131024
06-21,0.15847015380860086,0.0,1.2022476196289134,0.0,1.545074462890625,0.0,1.6846961975097656,0.0,0.0,0.0,-1.9499969482421875,4.0,7.0,07-06,0.24004468050870156
06-22,0.15847015380860086,0.0,1.2022476196289134,0.0,1.545074462890625,0.0,1.6846961975097656,0.0,0.0,0.0,-1.9499969482421875,4.0,7.0,07-07,0.24004468050870156
06-23,0.15847015380860086,0.0,1.2022476196289134,0.0,1.545074462890625,0.0,0.0,0.0,0.0,0.0,-1.30999755859375,3.0,8.0,07-08,0.145072243430399
06-24,0.0,0.0,1.2022476196289134,0.0,-1.5450592041015625,0.0,0.0,0.0,0.0,2.0692481994628906,-1.30999755859375,2.0,9.0,07-09,0.03785809603604468
06-25,0.0,0.0,-0.9617843627929688,0.0,-2.4395828247070312,0.0,0.0,0.0,0.0,1.75982666015625,0.0,1.0,10.0,07-10,-0.14923095703125
06-26,0.0,0.0,-0.9617843627929688,0.0,-2.4395828247070312,0.0,0.0,0.0,0.0,2.1272659301757812,0.0,1.0,10.0,07-11,-0.11582738702947443
06-27,0.0,0.0,-0.9617843627929688,0.0,-3.9846572875976562,0.0,0.0,0.0,0.0,2.1272659301757812,0.0,1.0,10.0,07-12,-0.2562887018377131
06-28,0.0,0.0,-0.9617843627929688,0.0,-3.9846572875976562,0.0,0.0,0.0,0.0,2.1272659301757812,0.0,1.0,10.0,07-13,-0.2562887018377131
06-29,0.0,0.0,-0.9617843627929688,0.0,-4.8385009765625,0.0,0.0,1.0392532348632812,0.0,2.1272659301757812,0.0,2.0,9.0,07-14,-0.23943328857421875
06-30,0.0,0.0,-2.164031982421882,0.0,-4.8385009765625,0.0,0.0,0.0,0.0,2.1272659301757812,0.0,1.0,10.0,07-15,-0.4432060935280546
07-01,0.0,0.0,-2.164031982421882,0.0,-4.8385009765625,0.0,0.0,0.0,0.0,2.1272659301757812,0.0,1.0,10.0,07-16,-0.4432060935280546
07-02,0.0,0.0,-2.164031982421882,0.0,-4.8385009765625,0.0,0.0,0.0,0.0,2.1272659301757812,4.149997711181641,2.0,9.0,07-17,-0.06593357432972366
07-03,0.0,0.0,-2.164031982421882,6.411949157714844,-4.3505859375,0.0,0.0,0.0,0.0,2.1272659301757812,4.149997711181641,3.0,8.0,07-18,0.5613268071954894
07-05,0.0,0.0,-4.60859680175782,6.411949157714844,-1.2604522705078125,0.0,-6.126167297363281,0.0,0.0,0.058017730712890625,2.0999984741210938,3.0,8.0,07-20,-0.31138645518909863
07-06,0.0,0.0,-2.4445648193359375,6.411949157714844,-1.2604522705078125,0.0,-6.126167297363281,0.0,0.0,0.36743927001953125,2.0999984741210938,3.0,8.0,07-21,-0.08652704412286932
07-07,0.0,0.0,-2.4445648193359375,6.411949157714844,-1.2604522705078125,0.0,-6.126167297363281,0.0,0.0,0.36743927001953125,1.7999992370605469,3.0,8.0,07-22,-0.11379970203746449
07-08,0.0,0.0,-2.4445648193359375,6.411949157714844,-0.36592864990234375,1.9506378173828267,-6.126167297363281,0.0,0.0,0.36743927001953125,2.229999542236321,4.0,7.0,07-23,0.18394227461381457
07-09,0.0,0.0,-2.4445648193359375,6.852783203125,-0.36592864990234375,1.9506378173828267,-6.126167297363281,0.9526443481445312,0.0,0.0,2.229999542236321,4.0,7.0,07-24,0.27721855857155603
07-10,0.0,0.0,-2.4445648193359375,6.852783203125,0.4879150390625,1.9506378173828267,-6.126167297363281,0.9526443481445312,0.0,0.0,2.229999542236321,5.0,6.0,07-25,0.35484071211381457
07-11,0.0,0.0,-2.4445648193359375,6.852783203125,0.4879150390625,1.9506378173828267,-6.126167297363281,0.9526443481445312,0.0,5.124778747558601,2.229999542236321,6.0,5.0,07-26,0.8207296891645964
07-12,0.0,0.0,-2.4445648193359375,6.852783203125,0.4879150390625,1.9506378173828267,-6.100646972656243,0.9526443481445312,0.0,5.124778747558601,2.229999542236321,6.0,5.0,07-27,0.8230497186834181
07-13,0.0,0.0,-2.4445648193359375,6.852783203125,-0.8945083618164062,1.9506378173828267,-7.895957946777344,2.5808258056640625,0.0,5.124778747558601,2.229999542236321,5.0,6.0,07-28,0.6821812716397385
07-14,0.0,0.0,-2.4445648193359375,6.852783203125,-0.8945083618164062,1.9506378173828267,-7.623680114746094,2.5808258056640625,0.0,5.124778747558601,2.229999542236321,5.0,6.0,07-29,0.7069338018243976
07-15,0.0,0.0,-2.4445648193359375,6.852783203125,-0.8945083618164062,1.9506378173828267,-7.623680114746094,2.5808258056640625,0.0,5.124778747558601,-1.9199981689453196,4.0,7.0,07-30,0.32966128262606664
07-16,0.0,0.0,-2.4445648193359375,3.5105667114257812,-1.3824234008789062,1.9506378173828267,-1.4975128173828125,2.5808258056640625,0.0,5.124778747558601,0.13000106811522727,5.0,6.0,07-31,0.7247553738680765
07-17,0.0,0.0,0.0,3.5105667114257812,-1.3824234008789062,1.9506378173828267,-1.8548698425292898,2.5808258056640625,0.0,5.124778747558601,0.13000106811522727,5.0,6.0,08-01,0.9145015369762093
07-18,0.0,0.0,0.0,3.5105667114257812,-1.3824234008789062,1.9506378173828267,-1.8548698425292898,2.5808258056640625,0.0,5.124778747558601,0.43000030517577414,5.0,6.0,08-02,0.9417741948908045
07-19,0.0,0.0,0.0,3.5105667114257812,-1.3824234008789062,1.9506378173828267,-1.8548698425292898,2.5808258056640625,0.0,5.124778747558601,0.43000030517577414,5.0,6.0,08-03,0.9417741948908045
07-20,0.0,0.0,0.0,3.069732666015625,-1.3824234008789062,1.9506378173828267,-1.8548698425292898,1.6281814575195312,0.0,5.124778747558601,0.43000030517577414,5.0,6.0,08-04,0.8150943409312874
07-21,0.0,1.3785858154296875,0.0,3.069732666015625,-1.3824234008789062,-0.29052734375,-1.8548698425292898,1.6281814575195312,0.0,5.124778747558601,0.0,4.0,7.0,08-05,0.6975870999422953
07-22,0.0,1.3785858154296875,0.0,3.069732666015625,-1.3824234008789062,0.3735198974609375,-1.8548698425292898,1.6281814575195312,0.0,0.3190879821777415,0.0,5.0,6.0,08-06,0.32107405229048425
07-23,0.0,1.3785858154296875,0.0,3.069732666015625,-1.3824234008789062,0.3735198974609375,-1.8803901672363281,1.6281814575195312,0.0,0.3190879821777415,-0.0800018310546804,5.0,6.0,08-07,0.3114811290394189
07-24,0.0,1.3785858154296875,0.0,3.069732666015625,0.0,0.3735198974609375,-1.8803901672363281,1.6281814575195312,0.0,-4.805690765380859,-0.0800018310546804,4.0,7.0,08-08,-0.028732993386007877
07-25,0.0,1.3785858154296875,0.0,3.069732666015625,0.0,0.3735198974609375,-1.8803901672363281,1.6281814575195312,0.0,-4.805690765380859,-0.0800018310546804,4.0,7.0,08-09,-0.028732993386007877
07-26,0.0,1.3785858154296875,0.0,3.069732666015625,0.0,1.0790557861328125,-0.08507919311522727,0.0,0.0,-4.805690765380859,-0.0800018310546804,3.0,8.0,08-10,0.05060022527521436
07-27,0.0,1.3785858154296875,0.0,0.0,-3.2121047973632812,1.0790557861328125,-0.35735702514647727,0.0,0.0,-4.805690765380859,-0.0800018310546804,2.0,9.0,08-11,-0.5452284379438908
07-28,0.0,1.3785858154296875,0.0,0.0,-3.2121047973632812,1.0790557861328125,0.0,0.0,0.0,-4.805690765380859,-0.2200012207031179,2.0,9.0,08-12,-0.5254686528986144
07-29,0.0,1.3785858154296875,0.0,0.0,-3.9846420288085938,1.0790557861328125,0.0,0.0,0.0,-4.805690765380859,-0.2200012207031179,2.0,9.0,08-13,-0.5956993103027337
07-30,0.0,1.3785858154296875,0.0,0.0,-3.9846420288085938,1.0790557861328125,0.0,0.0,-7.142372131347656,-4.805690765380859,-0.2200012207031179,2.0,9.0,08-14,-1.2450058676979752
07-31,0.0,1.3785858154296875,0.0,0.0,-3.9846420288085938,1.0790557861328125,0.0,0.0,-7.142372131347656,-4.805690765380859,-0.2200012207031179,2.0,9.0,08-15,-1.2450058676979752
08-01,0.0,1.3785858154296875,0.0,0.0,-3.9846420288085938,1.3695831298828125,0.0,0.0,-7.142372131347656,-4.805690765380859,-0.2200012207031179,2.0,9.0,08-16,-1.2185942909934298
08-02,0.0,1.3785858154296875,0.0,0.0,-3.9846420288085938,1.3695831298828125,0.0,0.0,-8.745765686035156,0.0,-0.2200012207031179,2.0,9.0,08-17,-0.9274763627485789
08-03,0.0,0.0,0.0,0.0,-5.001136779785156,1.3695831298828125,0.0,0.0,-8.745765686035156,0.0,-0.2200012207031179,1.0,10.0,08-18,-1.1452109596946016
08-04,0.0,0.0,0.0,0.0,-5.001136779785156,0.705535888671875,0.0,0.0,-8.745765686035156,0.0,-0.2200012207031179,1.0,10.0,08-19,-1.2055788907137777
08-05,0.0,0.0,0.0,0.0,-5.001136779785156,-3.6107559204101562,0.0,0.0,-8.745765686035156,0.0,-0.1399993896484375,0.0,11.0,08-20,-1.5906961614435369
08-06,0.0,0.0,0.0,0.0,-5.001136779785156,-5.519870758056641,0.0,0.0,-8.745765686035156,0.0,0.75,1.0,10.0,08-21,-1.6833430203524502
08-07,0.0,-10.619815826416016,0.0,0.0,1.74835205078125,-5.519870758056641,0.0,0.0,-8.745765686035156,0.0,0.75,2.0,9.0,08-22,-2.0351909290660513
08-08,0.0,-10.619815826416016,0.0,0.0,1.74835205078125,-5.519870758056641,0.0,0.0,-8.745765686035156,0.0,0.8899993896484375,2.0,9.0,08-23,-2.022463711825284
08-09,0.0,-10.619815826416016,8.295478820800774,0.0,2.5208892822265625,-5.519870758056641,0.0,0.0,-8.745765686035156,0.0,0.18999862670898438,3.0,8.0,08-24,-1.2617350491610446
08-10,5.190120697021477,-10.619815826416016,8.295478820800774,0.0,2.5208892822265625,-5.519870758056641,0.0,0.0,-1.6033935546875,0.0,0.18999862670898438,4.0,7.0,08-25,-0.14059933749112344
08-11,5.190120697021477,-10.619815826416016,8.295478820800774,0.0,2.5208892822265625,-5.519870758056641,0.0,0.0,-1.6033935546875,0.0,0.18999862670898438,4.0,7.0,08-26,-0.14059933749112344
08-12,5.190120697021477,-10.619815826416016,8.295478820800774,0.0,2.5208892822265625,-5.519870758056641,0.0,0.0,-1.6033935546875,0.0,1.2900009155273438,4.0,7.0,08-27,-0.040599129416727144
08-13,5.190120697021477,-10.619815826416016,8.295478820800774,0.0,2.5208892822265625,-5.519870758056641,0.0,0.0,-1.6033935546875,0.0,1.2900009155273438,4.0,7.0,08-28,-0.040599129416727144
08-14,5.190120697021477,-10.619815826416016,8.295478820800774,1.9396133422851562,3.537384033203125,-5.519870758056641,2.4249420166015554,0.0,-1.6033935546875,0.0,1.2900009155273438,6.0,5.0,08-29,0.44858724420720686
08-15,5.190120697021477,-10.619815826416016,8.295478820800774,1.9396133422851562,3.537384033203125,-5.519870758056641,1.4975051879882741,0.0,0.0,0.0,1.2900009155273438,6.0,5.0,08-30,0.5100378556684995
08-16,5.190120697021477,-10.619815826416016,8.295478820800774,1.9396133422851562,3.537384033203125,-5.519870758056641,1.4975051879882741,0.0,0.0,0.0,0.0800018310546875,6.0,5.0,08-31,0.400037938898258
08-17,5.190120697021477,-10.619815826416016,8.295478820800774,1.9396133422851562,3.537384033203125,-7.761028289794922,1.4975051879882741,0.0,0.0,0.0,0.0800018310546875,6.0,5.0,09-01,0.1962963451038688
08-18,5.190120697021477,0.0,8.295478820800774,1.9396133422851562,3.537384033203125,-3.4447364807128906,1.4975051879882741,0.0,0.0,0.0,0.0800018310546875,6.0,5.0,09-02,1.5541243119673276
08-19,5.190120697021477,0.0,8.295478820800774,1.9396133422851562,3.537384033203125,-2.2411575317382812,1.4975051879882741,0.0,0.0,0.0,-0.8800010681152344,5.0,6.0,09-03,1.5762675892222993
08-20,5.190120697021477,0.0,8.295478820800774,1.9396133422851562,-0.98394775390625,-2.2411575317382812,1.4975051879882741,0.0,0.0,0.0,-0.18000030517578125,4.0,7.0,09-04,1.2288738597523063
08-21,0.0,0.0,8.295478820800774,1.9396133422851562,-0.98394775390625,-2.2411575317382812,1.4975051879882741,0.0,0.0,0.0,-0.18000030517578125,3.0,8.0,09-05,0.7570447054776266
08-22,0.0,0.0,0.0,-0.90570068359375,-0.98394775390625,-2.2411575317382812,1.3783836364746094,0.0,0.0,0.0,-0.18000030517578125,1.0,10.0,09-06,-0.2665838761763139
08-23,0.0,0.0,0.0,-0.90570068359375,-0.98394775390625,-2.2411575317382812,1.3783836364746094,0.0,0.0,0.0,-0.18000030517578125,1.0,10.0,09-07,-0.2665838761763139
08-24,0.0,0.0,0.0,-0.90570068359375,-0.98394775390625,-2.2411575317382812,1.3783836364746094,0.0,0.0,0.0,1.3700027465820384,2.0,9.0,09-08,-0.12567450783469394
08-25,0.0,0.0,0.0,-0.90570068359375,-0.98394775390625,-2.36566162109375,1.5315475463867188,0.0,0.0,0.0,-0.1100006103515625,1.0,10.0,09-09,-0.25761482932350854
08-26,0.0,0.0,0.0,-0.90570068359375,-0.98394775390625,-2.36566162109375,2.458984375,0.0,0.0,0.0,-0.1100006103515625,1.0,10.0,09-10,-0.17330239035866477
08-27,0.0,0.0,0.0,-2.8453140258789062,-0.98394775390625,-1.4941062927246094,2.458984375,0.0,0.0,0.0,1.0999984741210938,2.0,9.0,09-11,-0.16039865667169745
08-28,0.0,0.0,0.0,-2.8453140258789062,-0.98394775390625,0.7470512390136719,2.458984375,0.0,0.0,0.0,1.0999984741210938,3.0,8.0,09-12,0.043342937122691765
08-29,0.0,0.0,0.0,-2.8453140258789062,-0.98394775390625,0.7470512390136719,1.3528633117675852,0.0,-3.9173660278320312,3.8580894470214773,1.0999984741210938,4.0,7.0,09-13,-0.06260230324485085
08-30,0.0,0.0,0.0,-2.8453140258789062,0.0,0.4150276184082031,1.3528633117675852,1.965904235839858,-3.9173660278320312,3.8580894470214773,2.80999755859375,5.0,6.0,09-14,0.33083655617453966
08-31,0.0,0.0,0.0,-2.8453140258789062,-4.057830810546875,0.4150276184082031,1.3528633117675852,1.965904235839858,-3.9173660278320312,3.8580894470214773,2.80999755859375,5.0,6.0,09-15,-0.03805715387517627
09-01,0.0,0.0,0.0,-2.8453140258789062,-4.057830810546875,0.4150276184082031,1.47198486328125,1.965904235839858,-3.9173660278320312,3.8580894470214773,2.8800010681152344,5.0,6.0,09-16,-0.020863966508344524
09-02,0.0,0.0,0.0,-2.8453140258789062,-4.057830810546875,0.4150276184082031,1.47198486328125,1.965904235839858,-3.9173660278320312,1.1893348693847585,2.8800010681152344,5.0,6.0,09-17,-0.2634780190207735
09-03,0.0,0.0,0.0,-2.8453140258789062,-3.163330078125,1.4110984802246094,1.47198486328125,1.965904235839858,-3.9173660278320312,-0.8992538452148509,3.6199989318847585,4.0,7.0,09-18,-0.21420704234730115
09-04,0.0,0.0,0.0,6.027244567871094,-3.163330078125,1.5356025695800781,1.47198486328125,1.965904235839858,-3.9173660278320312,-0.8992538452148509,4.0,5.0,6.0,09-19,0.6382532986727635
09-05,0.0,0.0,0.0,5.9470977783203125,-3.163330078125,1.5356025695800781,1.47198486328125,1.965904235839858,-3.9173660278320312,-0.8992538452148509,4.0,5.0,6.0,09-20,0.6309672268954197
09-06,0.0,0.0,0.0,5.9470977783203125,-3.163330078125,1.5356025695800781,1.47198486328125,1.965904235839858,-3.9173660278320312,-0.8992538452148509,4.0,5.0,6.0,09-21,0.6309672268954197
09-07,0.0,0.0,0.0,5.9470977783203125,-3.163330078125,1.5356025695800781,-1.1061210632324148,1.965904235839858,-3.9173660278320312,-0.8992538452148509,3.520000457763672,4.0,7.0,09-22,0.3529576388272385
09-08,4.6354522705078125,0.0,0.0,5.9470977783203125,-3.163330078125,1.5356025695800781,-1.1061210632324148,1.965904235839858,-3.9173660278320312,-0.8992538452148509,3.520000457763672,5.0,6.0,09-23,0.7743623906915851
09-09,4.556209564208984,0.0,0.0,5.9470977783203125,-3.163330078125,0.6640472412109375,0.0,1.965904235839858,-3.9173660278320312,-0.8992538452148509,3.520000457763672,5.0,6.0,09-24,0.7884826660156257
09-10,4.556209564208984,0.0,-0.801502227783196,5.9470977783203125,-5.562248229980469,-2.0751380920410156,0.0,1.965904235839858,-3.9173660278320312,-0.8992538452148509,1.8100013732910156,4.0,7.0,09-25,0.09306404807350982
09-11,4.556209564208984,0.0,-0.801502227783196,9.257278442382812,-1.5044174194335938,-2.0751380920410156,2.595123291015618,1.965904235839858,0.0,-4.757343292236328,1.8100013732910156,5.0,6.0,09-26,1.0041923522949232
09-12,4.556209564208984,0.0,-0.801502227783196,8.85652923583983,-1.5044174194335938,-2.0751380920410156,2.595123291015618,0.0,0.0,-4.757343292236328,1.8100013732910156,4.0,7.0,09-27,0.7890420393510286
09-13,4.556209564208984,0.0,-0.801502227783196,8.85652923583983,-1.5044174194335938,-2.0751380920410156,2.595123291015618,0.0,0.0,-2.0885887145996094,-0.09000015258789062,3.0,8.0,09-28,0.8589286804199205
09-14,4.556209564208984,0.0,-0.801502227783196,8.85652923583983,-1.5044174194335938,-3.0048141479492116,1.0891036987304688,0.0,0.0,0.0,-0.09000015258789062,3.0,8.0,09-29,0.8273735046386719
09-15,4.556209564208984,0.0,-0.801502227783196,9.016822814941406,-3.8626632690429688,-3.0048141479492116,1.0891036987304688,0.0,0.0,-2.2723045349121094,-0.09000015258789062,3.0,8.0,09-30,0.4209865223277712
09-16,4.556209564208984,0.0,-0.801502227783196,10.860244750976548,-4.757164001464844,-4.000885009765618,1.0891036987304688,0.0,0.0,-3.0942039489746094,-2.3800010681152344,3.0,8.0,10-01,0.13380015980113635
09-17,4.556209564208984,0.0,-0.801502227783196,4.8330001831054545,-4.757164001464844,-4.000885009765618,1.0891036987304688,0.0,1.9586868286132812,-2.8041229248046946,-2.3800010681152344,4.0,7.0,10-02,-0.2096977233886725
09-18,4.556209564208984,0.0,-0.801502227783196,4.913146972656236,-4.757164001464844,-4.000885009765618,1.0891036987304688,0.0,1.9586868286132812,-2.8041229248046946,-1.9000015258789062,4.0,7.0,10-03,-0.1587753295898444
09-19,4.556209564208984,0.0,-0.801502227783196,2.909431457519517,-4.757164001464844,-4.000885009765618,1.0891036987304688,0.0,-0.31885528564454546,-5.269817352294922,-1.9000015258789062,3.0,8.0,10-04,-0.7721346074884601
09-20,4.556209564208984,0.0,-2.925453186035149,2.909431457519517,-4.757164001464844,-4.000885009765618,1.0891036987304688,0.0,-0.31885528564454546,-5.269817352294922,-1.9000015258789062,3.0,8.0,10-05,-0.9652210582386377
09-21,-0.07924270629882812,0.0,-2.123950958251953,2.909431457519517,-10.408859252929688,-4.000885009765618,1.0891036987304688,0.0,-0.31885528564454546,-5.269817352294922,0.1100006103515696,3.0,8.0,10-06,-1.6448249816894545
09-22,0.0,0.0,-2.123950958251953,2.3563995361328125,-10.408859252929688,-4.000885009765618,-1.5740890502929688,0.0,-0.31885528564454546,-5.269817352294922,0.1100006103515696,2.0,9.0,10-07,-1.9300051602450283
09-23,0.0,0.0,-2.123950958251953,2.38043212890625,-8.009941101074219,-0.929676055908196,-1.5740890502929688,0.0,-0.31885528564454546,-5.269817352294922,0.1100006103515696,2.0,9.0,10-08,-1.4305360967462712
09-24,0.0,0.0,-2.123950958251953,-1.2022476196289062,-8.009941101074219,-0.929676055908196,-1.5740890502929688,0.0,-0.31885528564454546,-5.269817352294922,3.1399993896484375,1.0,10.0,10-09,-1.4807798212224794
09-25,0.0,0.0,-2.123950958251953,-0.8014984130859233,-8.009941101074219,0.0,-1.5740890502929688,0.0,-0.31885528564454546,-5.269817352294922,3.1399993896484375,1.0,10.0,10-10,-1.359832070090554
09-26,0.0,0.0,-2.123950958251953,-0.9617919921875,-5.651695251464844,0.0,-1.5740890502929688,0.0,-0.31885528564454546,-2.4753684997558594,3.1399993896484375,1.0,10.0,10-11,-0.9059774225408393
09-27,0.0,0.0,-2.123950958251953,-2.805213928222642,-5.651695251464844,0.0,-0.0680694580078196,0.0,-8.344917297363281,-1.6534690856933594,3.1399993896484375,1.0,10.0,10-12,-1.591574235395951
09-28,0.0,0.0,-2.123950958251953,-2.805213928222642,-5.928176879882798,0.0,-0.0680694580078196,0.0,-10.303604125976562,-1.9435501098632741,3.1399993896484375,1.0,10.0,10-13,-1.821142370050601
09-29,0.0,0.0,-2.123950958251953,-3.406341552734361,-5.928176879882798,8.765411376953118,3.2843093872070312,0.0,-10.303604125976562,-1.9435501098632741,4.450000762939453,3.0,8.0,10-14,-0.6550820090553952
09-30,0.0,0.0,-2.123950958251953,-2.4525604248046733,-5.928176879882798,8.765411376953118,3.2843093872070312,0.0,-9.838977813720696,-1.9435501098632741,2.75,3.0,8.0,10-15,-0.6806814020330223
10-01,0.0,0.0,-2.123950958251953,-3.246040344238267,-7.855445861816406,8.765411376953118,3.2843093872070312,0.0,-9.838977813720696,-1.9435501098632741,2.75,3.0,8.0,10-16,-0.9280222112482225
10-02,0.0,0.0,-2.123950958251953,-1.2423248291015483,-2.2037506103515625,8.765411376953118,3.2843093872070312,0.0,-7.561435699462869,0.5221443176269531,0.7399978637695241,4.0,7.0,10-17,0.016400077126244837
10-03,0.0,0.0,0.0,-0.6892929077148438,-2.2037506103515625,8.765411376953118,5.760307312011712,0.0,-7.561435699462869,0.5221443176269531,0.7399978637695241,4.0,7.0,10-18,0.48485287753018463
10-04,0.0,0.0,0.0,-0.7133255004882812,-2.2037506103515625,8.765411376953118,5.760307312011712,0.0,-7.561435699462869,0.5221443176269531,0.7399978637695241,4.0,7.0,10-19,0.4826680963689631
10-05,0.0,0.0,0.0,-0.440826416015625,-2.2037506103515625,8.765411376953118,5.828376770019531,0.0,-7.561435699462869,0.5221443176269531,0.7399978637695241,4.0,7.0,10-20,0.5136288729580972
10-06,0.0,0.0,0.0,-0.440826416015625,-2.2037506103515625,8.765411376953118,5.828376770019531,0.0,-7.561435699462869,2.7074317932128906,0.7399978637695241,4.0,7.0,10-21,0.712291370738637
10-07,0.0,0.0,0.0,0.9537734985351705,-0.8945083618164062,8.765411376953118,5.828376770019531,0.0,-7.561435699462869,3.6453590393066406,-0.3899993896484375,4.0,7.0,10-22,0.9406342939897043
10-08,0.0,0.0,0.0,0.9537734985351705,-0.8945083618164062,3.2123260498046804,5.828376770019531,0.0,-7.561435699462869,3.6453590393066406,-0.3899993896484375,4.0,7.0,10-23,0.4358083551580281
10-09,0.0,0.0,0.0,0.9537734985351705,-0.6180267333984517,3.2123260498046804,5.828376770019531,0.0,-7.561435699462869,2.107929229736328,-0.3899993896484375,4.0,7.0,10-24,0.3211767023259956
10-10,0.0,0.0,0.0,1.5549011230468892,-0.6180267333984517,-5.5530853271484375,5.828376770019531,0.0,0.4646263122558665,2.301319122314446,-1.7000007629394531,4.0,7.0,10-25,0.2071009549227628
10-11,0.0,0.0,0.0,0.6011199951172017,-0.6180267333984517,-5.5530853271484375,4.934974670410156,0.0,0.0,2.301319122314446,-1.7000007629394531,3.0,8.0,10-26,-0.0030635486949580322
10-12,0.0,0.0,0.0,1.3945999145507955,-0.6180267333984517,-4.2664947509765625,1.5825958251953054,0.0,0.0,2.301319122314446,-3.779998779296882,3.0,8.0,10-27,-0.307818672873759
10-13,0.0,0.0,0.0,1.3945999145507955,-0.6180267333984517,-4.2664947509765625,1.5825958251953054,0.0,0.0,2.301319122314446,-2.079998016357429,3.0,8.0,10-28,-0.15327314897017238
10-14,2.812976837158203,0.0,0.0,1.3945999145507955,3.0576095581054688,-4.723026275634766,-0.893402099609375,0.0,0.0,2.301319122314446,-2.079998016357429,4.0,7.0,10-29,0.1700071855024858
10-15,2.812976837158203,0.0,0.0,1.3945999145507955,3.0576095581054688,-4.723026275634766,-0.893402099609375,0.0,0.0,2.301319122314446,-2.079998016357429,4.0,7.0,10-30,0.1700071855024858
10-16,2.812976837158203,0.0,0.0,1.3945999145507955,3.0982589721679688,-4.723026275634766,-0.893402099609375,0.0,0.0,2.301319122314446,-2.079998016357429,4.0,7.0,10-31,0.1737025867808949
10-17,2.812976837158203,0.0,0.0,1.3945999145507955,3.0982589721679688,-4.723026275634766,-0.893402099609375,0.0,0.0,2.5623855590820312,-2.079998016357429,4.0,7.0,11-01,0.19743589921431173
10-18,2.812976837158203,0.0,0.0,0.0,1.7890167236328125,-4.723026275634766,-0.893402099609375,0.0,-1.1023292541504048,1.6244583129882812,-2.079998016357429,3.0,8.0,11-02,-0.2338457974520616
10-19,2.812976837158203,0.0,0.0,0.0,0.6912078857421875,-4.723026275634766,-3.4034385681152344,0.0,-1.1023292541504048,1.6244583129882812,-2.079998016357429,3.0,8.0,11-03,-0.5618317343971966
10-20,2.812976837158203,0.0,0.0,0.0,0.6912078857421875,-4.723026275634766,-3.4034385681152344,0.0,-1.1023292541504048,3.1715621948242188,-2.079998016357429,3.0,8.0,11-04,-0.42118592695756585
10-21,2.812976837158203,0.0,0.0,0.0,0.48790740966795454,0.8300590515136719,-3.4034385681152344,0.0,-1.1023292541504048,3.1715621948242188,-2.079998016357429,4.0,7.0,11-05,0.06515815041281638
10-22,2.812976837158203,0.0,0.0,0.0,0.48790740966795454,0.8300590515136719,-2.5100364685058594,0.0,-1.1023292541504048,4.4285850524902415,-2.079998016357429,4.0,7.0,11-06,0.26065132834694343
10-23,2.812976837158203,0.0,0.0,0.0,0.1707763671875,-0.4565315246582031,-2.5100364685058594,0.0,-1.1023292541504048,4.235195159912124,0.0,3.0,8.0,11-07,0.28636828335848724
10-24,2.812976837158203,0.0,0.0,0.0,0.1707763671875,-0.4565315246582031,-2.5100364685058594,-4.5467300415039205,-1.1023292541504048,4.235195159912124,0.0,3.0,8.0,11-08,-0.12697081132368737
10-25,2.812976837158203,0.0,0.0,0.0,-1.5775909423828125,-0.4565315246582031,-2.5100364685058594,-4.5467300415039205,-1.1023292541504048,4.235195159912124,0.36999893188477273,3.0,8.0,11-09,-0.25227702747691827
10-26,2.812976837158203,0.0,0.0,0.0,-1.5775909423828125,-0.4565315246582031,-1.0550651550292969,-4.5467300415039205,-1.1023292541504048,4.235195159912124,0.36999893188477273,3.0,8.0,11-10,-0.12000690806995803
10-27,0.0,0.0,0.0,0.0,-1.5775909423828125,0.0,-1.0550651550292969,-4.5467300415039205,-1.1023292541504048,4.235195159912124,0.36999893188477273,2.0,9.0,11-11,-0.33422920920632165
10-28,0.0,0.0,0.0,0.0,-0.8945083618164062,-5.478366851806641,-1.0550651550292969,-4.5467300415039205,-1.1023292541504048,4.235195159912124,4.66999816894532,2.0,9.0,11-12,-0.3792551214044751
10-29,0.0,0.0,0.0,0.0,0.6505584716796875,-5.478366851806641,-1.0550651550292969,-4.5467300415039205,-1.1023292541504048,4.235195159912124,4.66999816894532,3.0,8.0,11-13,-0.23879450017755746
10-30,0.0,0.0,0.0,0.0,1.7483673095703125,-5.478366851806641,-1.0550651550292969,-4.5467300415039205,-1.1023292541504048,-0.6768531799316406,4.66999816894532,2.0,9.0,11-14,-0.5855435458096611
10-31,0.0,0.0,0.0,-5.602447509765639,1.7483673095703125,-5.478366851806641,-1.0550651550292969,-4.5467300415039205,0.0,-2.2819747924804688,4.66999816894532,2.0,9.0,11-15,-1.140565352006394
11-01,0.0,0.0,4.728816986083984,-5.602447509765639,1.9516677856445455,-5.187858581542976,1.4549713134765625,-4.5467300415039205,0.0,-2.2819747924804688,4.479999542236335,4.0,7.0,11-16,-0.4548686634410524
11-02,0.0,0.0,4.728816986083984,-5.602447509765639,1.9516677856445455,-7.01397705078125,1.4549713134765625,-4.5467300415039205,0.0,-2.523712158203132,4.2199974060058665,4.0,7.0,11-17,-0.6664921153675439
11-03,0.0,0.0,4.728816986083984,-5.602447509765639,1.9516677856445455,-7.05548095703125,1.4549713134765625,-4.5467300415039205,0.0,-2.523712158203132,6.16999816894532,4.0,7.0,11-18,-0.49299240112304815
11-04,0.0,0.0,4.728816986083984,-5.602447509765639,1.9516677856445455,-7.05548095703125,1.4549713134765625,0.0,-4.290893554687486,-2.523712158203132,6.16999816894532,4.0,7.0,11-19,-0.4697345386851905
11-05,0.0,0.0,4.728816986083984,-5.602447509765639,2.268798828125,-7.05548095703125,1.4549713134765625,0.0,-4.290893554687486,-2.523712158203132,5.799999237060547,4.0,7.0,11-20,-0.4745407104492194
11-06,0.0,0.0,4.728816986083984,-5.602447509765639,1.9435195922851562,-7.05548095703125,1.4549713134765625,0.0,-6.340679168701165,-1.1506614685058665,5.799999237060547,4.0,7.0,11-21,-0.5656329068270609
11-07,0.0,0.0,4.728816986083984,-5.602447509765639,1.9435195922851562,-7.05548095703125,1.4549713134765625,0.0,-6.340679168701165,-1.1506614685058665,5.799999237060547,4.0,7.0,11-22,-0.5656329068270609
11-08,0.0,-8.760337829589844,4.728816986083984,-5.602447509765639,1.26043701171875,-4.938835144042976,0.0,0.0,-6.340679168701165,-1.1506614685058665,5.799999237060547,3.0,8.0,11-23,-1.3639734441583826
11-09,0.0,-8.760337829589844,4.728816986083984,-5.602447509765639,1.26043701171875,-4.938835144042976,0.0,0.0,-6.340679168701165,-1.1506614685058665,5.799999237060547,3.0,8.0,11-24,-1.3639734441583826
11-10,0.0,-8.760337829589844,4.728816986083984,-5.602447509765639,1.26043701171875,0.5395317077636648,-3.2502708435058594,0.0,-6.340679168701165,-1.740489959716804,1.5,4.0,7.0,11-25,-1.6059490550648101
11-11,0.0,-8.760337829589844,4.728816986083984,-5.602447509765639,4.10662841796875,0.5395317077636648,-3.2502708435058594,0.0,-6.340679168701165,-1.740489959716804,1.5,4.0,7.0,11-26,-1.3472043817693555
11-12,0.0,-8.760337829589844,4.728816986083984,-5.602447509765639,4.10662841796875,0.2490234375,-3.2502708435058594,0.0,-6.340679168701165,0.7252044677734375,1.6899986267089844,5.0,6.0,11-27,-1.1321875832297592
11-13,0.0,-8.760337829589844,4.728816986083984,0.0,4.10662841796875,2.075141906738274,-3.2502708435058594,0.0,-6.686866760253899,0.7832221984863281,1.9500007629394531,5.0,6.0,11-28,-0.4594241055575284
11-14,0.0,-8.760337829589844,0.0,0.0,4.10662841796875,2.116645812988274,-3.2502708435058594,0.0,-6.686866760253899,0.7832221984863281,0.0,3.0,8.0,11-29,-1.0628162730823865
11-15,0.0,-8.760337829589844,0.0,0.0,4.10662841796875,-1.535614013671875,-3.2502708435058594,0.0,-2.3959732055664134,0.7832221984863281,0.0,2.0,9.0,11-30,-1.0047586614435375
11-16,0.0,-8.760337829589844,0.0,0.0,4.10662841796875,-1.535614013671875,-3.2502708435058594,-2.2603759765625,-2.3959732055664134,0.7832221984863281,0.0,2.0,9.0,12-01,-1.210247386585583
11-17,0.0,-8.760337829589844,0.0,0.0,4.10662841796875,-1.535614013671875,-3.2502708435058594,-2.2603759765625,-0.3461875915527344,0.7832221984863281,0.0,2.0,9.0,12-02,-1.0239032398570667
11-18,0.0,-8.760337829589844,0.0,0.0,3.7081451416015625,0.19091033935546875,-3.2502708435058594,-2.2603759765625,-0.3461875915527344,1.1216468811035156,0.0,3.0,8.0,12-03,-0.8724063526500355
11-19,0.0,0.0,0.0,0.0,3.7000198364257812,-1.9257354736328054,-3.2502708435058594,-2.2603759765625,-0.3461875915527344,-0.25140380859375,0.0,1.0,10.0,12-04,-0.3939958052201698
11-20,0.0,0.0,0.0,0.0,3.7000198364257812,-1.9257354736328054,-3.2502708435058594,-2.2603759765625,-0.3461875915527344,-2.668750762939453,0.0,1.0,9.0,12-05,-0.6137546192515974
11-21,277.2157783508301,0.0,0.0,0.0,3.7000198364257812,-1.9257354736328054,-3.2502708435058594,-2.2603759765625,-0.3461875915527344,-2.0789222717285156,0.0,2.0,8.0,12-06,24.641300548206676
11-22,277.2157783508301,0.0,0.0,0.0,-0.7318878173828125,-1.9257354736328054,0.0,-2.2603759765625,-0.3461875915527344,-2.0789222717285156,0.0,1.0,9.0,12-07,24.533879019997336
11-23,277.2157783508301,0.0,0.0,0.0,-0.7318878173828125,-1.494110107421868,0.0,-2.2603759765625,-0.3461875915527344,-2.0789222717285156,0.0,1.0,9.0,12-08,24.573117689652875
11-24,277.2157783508301,0.0,0.0,0.0,-0.7318878173828125,-1.494110107421868,0.0,-2.2603759765625,0.0,-2.0789222717285156,0.0,1.0,9.0,12-09,24.60458928888494
11-25,277.2157783508301,0.0,0.0,0.0,-0.7318878173828125,1.701618194580071,0.0,-2.2603759765625,0.0,-2.0789222717285156,0.0,2.0,8.0,12-10,24.895110043612394
11-26,277.2157783508301,0.0,0.0,0.0,-0.7318878173828125,1.701618194580071,0.0,-2.2603759765625,0.0,-2.0789222717285156,0.0,2.0,8.0,12-11,24.895110043612394
11-27,277.2157783508301,0.0,0.0,0.0,-1.8703460693359375,1.701618194580071,0.0,-2.2603759765625,0.0,-1.3537178039550781,0.0,2.0,8.0,12-12,24.857541517777875
11-28,277.2157783508301,0.0,0.0,5.850921630859375,-1.8703460693359375,1.701618194580071,0.0,-2.2603759765625,0.0,-1.6921424865722656,0.0,3.0,7.0,12-13,25.35867760398171
11-29,277.2157783508301,0.0,0.0,5.850921630859375,-1.47186279296875,1.701618194580071,0.0,0.0,0.0,-1.6921424865722656,0.0,3.0,7.0,12-14,25.600392081520774
11-30,277.2157783508301,0.0,0.0,5.850921630859375,-3.7081451416015625,1.701618194580071,0.0,0.0,0.0,-1.6921424865722656,0.0,3.0,7.0,12-15,25.39709368619052
12-01,277.2157783508301,0.0,0.0,3.4464263916015625,-3.7081451416015625,-0.02490615844727273,4.747783660888672,0.0,0.0,-1.6921424865722656,0.0,3.0,7.0,12-16,25.453163146972656
12-02,-267.9448776245117,0.0,0.0,3.4464263916015625,-2.9681472778320312,-1.6435165405273438,4.747783660888672,0.0,0.0,-1.6921424865722656,0.0,2.0,8.0,12-17,-24.186770352450285
12-03,-267.9448776245117,0.0,8.25539398193358,3.4464263916015625,-2.9681472778320312,-1.6435165405273438,4.747783660888672,0.0,0.0,2.1659469604492188,0.0,4.0,6.0,12-18,-23.08554458618164
12-04,-267.9448776245117,0.0,8.25539398193358,3.4464263916015625,-4.659591674804702,-2.0751419067382812,4.747783660888672,0.0,0.0,1.6728057861328196,0.0,4.0,6.0,12-19,-23.323381944136187
12-05,-268.6580352783203,0.0,8.25539398193358,3.4464263916015625,-4.659591674804702,-2.0751419067382812,3.2417678833007812,0.0,0.0,1.547100067138679,0.0,4.0,6.0,12-20,-23.53655277598988
12-06,-268.4995422363281,-2.6208839416503906,9.25726318359375,3.4464263916015625,-4.659591674804702,-2.0751419067382812,3.2417678833007812,4.642005920410156,0.0,1.547100067138679,0.0,5.0,5.0,12-21,-23.247326937588777
12-07,-268.4995422363281,-2.6208839416503906,9.25726318359375,3.4464263916015625,-4.659591674804702,-2.44866943359375,3.2417678833007812,4.642005920410156,0.0,1.547100067138679,0.0,5.0,5.0,12-22,-23.28128398548473
12-08,-268.4995422363281,-2.6208839416503906,9.25726318359375,3.4464263916015625,-2.68353271484375,-1.9921379089355398,3.2417678833007812,4.642005920410156,0.0,1.4020614624023438,0.0,5.0,5.0,12-23,-23.073324723677203
12-09,-268.4995422363281,-2.6208839416503906,9.25726318359375,3.4464263916015625,-2.68353271484375,0.8300552368164134,3.2417678833007812,4.642005920410156,0.0,1.4020614624023438,0.0,6.0,4.0,12-24,-22.816761710427024
12-10,-268.4995422363281,-2.6208839416503906,9.25726318359375,3.4464263916015625,-1.545074462890625,0.8300552368164134,3.2417678833007812,4.642005920410156,0.0,0.6768569946289062,0.0,6.0,4.0,12-25,-22.779193184592508
12-11,-268.4995422363281,-2.6208839416503906,8.816436767578125,-0.6011276245117188,0.6912078857421875,0.8300552368164134,3.2417678833007812,4.642005920410156,0.0,1.0249557495117188,0.0,6.0,4.0,12-26,-22.95228403264826
12-12,-268.4995422363281,-2.6208839416503906,8.816436767578125,1.8033676147460938,0.6912078857421875,0.8300552368164134,4.577613830566406,4.642005920410156,0.0,2.1272659301757812,0.0,7.0,3.0,12-27,-22.512042999267578
12-13,-268.4995422363281,0.3847198486328125,8.816436767578125,1.8033676147460938,0.28461456298828125,-0.456531524658196,4.577613830566406,2.6501007080078125,0.0,2.1272659301757812,0.0,7.0,3.0,12-28,-22.573814045299184
12-14,-268.4995422363281,0.3847198486328125,0.5610427856445455,1.8033676147460938,0.28461456298828125,-0.456531524658196,-0.17016983032226562,2.6501007080078125,0.0,0.6865234375,0.0,6.0,4.0,12-29,-23.886897693980824
12-15,-0.5546646118164062,0.3847198486328125,0.5610427856445455,1.8033676147460938,0.28461456298828125,1.776325225830071,-0.17016983032226562,2.6501007080078125,0.0,0.6865234375,0.0,7.0,3.0,12-30,0.6747145219282676
12-16,0.9112472534179688,0.3847198486328125,0.5610427856445455,1.8033676147460938,0.28461456298828125,2.2826576232910156,1.335845947265625,2.6501007080078125,-4.054023742675781,0.6865234375,0.0,9.0,1.0,12-31,0.6223723671653066
12-17,0.7527542114257812,3.005603790283203,0.5610427856445455,1.8033676147460938,1.9760589599609517,2.2826576232910156,1.335845947265625,2.6501007080078125,-4.054023742675781,1.1796646118163991,0.0,9.0,1.0,01-01,1.0448247736150587
12-18,0.7527542114257812,3.005603790283203,-0.2805328369140483,1.8033676147460938,1.9760589599609517,2.6561851501464844,1.335845947265625,2.6501007080078125,-4.054023742675781,0.09669876098632102,0.0,8.0,2.0,01-02,0.903823505748404
12-19,0.7527542114257812,3.005603790283203,-1.2824020385742188,1.8033676147460938,0.0,2.6561851501464844,1.335845947265625,-1.9919052124023438,-4.054023742675781,0.24173736572265625,0.0,6.0,4.0,01-03,0.22428755326704544
12-20,0.7527542114257812,3.005603790283203,-1.2824020385742188,1.8033676147460938,0.0,2.988208770751953,1.335845947265625,-1.9919052124023438,-4.054023742675781,0.24173736572265625,0.0,6.0,4.0,01-04,0.25447151877663354
12-21,1.1489410400390625,5.289859771728516,-0.8415756225585938,0.0,0.0,2.988208770751953,1.335845947265625,-1.9919052124023438,-4.054023742675781,-0.10636138916015625,0.0,4.0,6.0,01-05,0.34263541481711646
12-22,1.1489410400390625,4.247920989990234,-0.8415756225585938,0.0,0.0,0.166015625,0.0,-1.9919052124023438,-4.054023742675781,-0.24173355102539062,0.0,3.0,7.0,01-06,-0.14239640669389206
12-23,1.1489410400390625,1.2423171997070312,-0.8415756225585938,0.0,0.0,1.4526023864746094,0.0,0.0,-4.054023742675781,-0.24173355102539062,0.0,3.0,7.0,01-07,-0.11758839000355113
12-24,1.1489410400390625,1.2423171997070312,-0.8415756225585938,0.0,0.0,1.4526023864746094,0.0,0.0,-4.054023742675781,-1.5954513549804688,0.0,3.0,7.0,01-08,-0.24065364490855823
12-26,1.1489410400390625,1.2423171997070312,-0.8415756225585938,0.0,0.0,0.8383560180664134,0.0,0.0,-4.054023742675781,-1.5954513549804688,0.0,3.0,7.0,01-10,-0.2964942238547579
12-27,1.1489410400390625,1.2423171997070312,-0.8415756225585938,0.0,0.0,0.8383560180664134,0.0,3.6373748779296875,0.0,-1.5954513549804688,0.0,4.0,6.0,01-11,0.4027238325639211
12-28,1.1489410400390625,1.2423171997070312,0.0,0.0,0.0,0.8383560180664134,0.0,3.897193908691392,0.0,-0.38677978515625,0.0,4.0,6.0,01-12,0.6127298528497863
12-29,0.39618682861328125,1.0018653869628906,0.0,-5.8108367919921875,0.0,0.33202362060546875,0.0,3.897193908691392,0.0,-0.38677978515625,0.0,4.0,6.0,01-13,-0.051849712025036805
12-30,0.39618682861328125,1.0018653869628906,0.0,-5.8108367919921875,-2.7241973876953125,0.0,0.0,3.897193908691392,0.0,0.8218955993652344,0.0,4.0,6.0,01-14,-0.21980840509588198
12-31,0.39618682861328125,-1.2823905944824219,0.0,-5.8108367919921875,-2.7241973876953125,-5.851909637451172,0.0,3.897193908691392,0.0,-1.0056190490722656,0.0,2.0,8.0,01-15,-1.1255975203080624
