,2010,2011,2012,2013,2014,2015,2016,2017,2018,2019,2020,ups,downs,end_day_sum,avg
01-02,0.009999990463256836,0.21000003814697266,-0.030000030994415283,-0.030000090599059837,0.0,-0.18000000715255737,-0.11000001430511475,0.019999980926513672,0.0,-0.009999990463256836,0.0,3.0,8.0,01-17,-0.010909102179787356
01-03,0.009999990463256836,0.13999998569488525,-0.030000030994415283,-0.05000007152557373,0.009999990463256836,-0.18000000715255737,-0.11000001430511475,0.10000002384185791,0.0,0.019999995827674893,0.0,5.0,6.0,01-18,-0.008181830698793581
01-04,0.0,0.03000009059906006,-0.030000030994415283,-0.05000007152557373,0.009999990463256836,-0.18000000715255737,-0.11000001430511475,0.10000002384185791,0.0,0.019999995827674893,-0.019999999552965164,4.0,7.0,01-19,-0.020909092981706963
01-05,0.039999961853027344,-0.0700000524520874,0.019999980926513672,-0.05000007152557373,0.009999990463256836,-0.18000000715255737,-0.11000001430511475,0.10000002384185791,0.0,0.019999995827674893,-0.019999999552965164,5.0,6.0,01-20,-0.021818199279633434
01-06,0.11000001430511486,-0.20000004768371582,0.029999971389770508,-0.05000007152557373,0.009999990463256836,-0.18000000715255737,-0.11000001430511475,0.10000002384185791,0.0,0.019999995827674893,-0.010000001639127738,5.0,6.0,01-21,-0.025454558770764947
01-07,0.14000004529953014,-0.1600000858306887,0.029999971389770508,-0.05000007152557373,0.030000030994415283,0.030000030994415283,-0.05000001192092901,0.09000003337860107,0.0,0.019999995827674893,-0.010000001639127738,6.0,5.0,01-22,0.006363630633462547
01-08,0.17000001668930054,-0.10000002384185791,0.029999971389770508,-0.14999997615814187,0.030000030994415283,0.030000030994415283,-0.05000001192092901,0.09000003337860107,0.0,0.0,-0.010000001639127738,5.0,6.0,01-23,0.0036363699896769237
01-09,0.1600000262260438,-0.13999998569488525,0.029999971389770508,-0.14999997615814187,0.030000030994415283,0.030000030994415283,-0.05000001192092901,0.009999990463256836,0.0,0.0,-0.010000001639127738,5.0,6.0,01-24,-0.008181811395016558
01-10,0.1499999761581422,0.009999990463257058,0.029999971389770508,-0.07000005245208718,-0.019999980926513672,0.009999990463256725,-0.05000001192092901,0.0,0.0,0.0,-0.010000001639127738,4.0,7.0,01-25,0.00454544377597899
01-11,0.13999998569488514,-0.10000002384185791,0.009999990463256836,0.0,-0.019999980926513672,0.009999990463256725,-0.05000001192092901,0.0,0.0,0.0,-0.01999999955296517,3.0,8.0,01-26,-0.002727277238260642
01-12,0.050000011920929066,-0.10000002384185791,0.3100000023841858,0.0,-0.06999999284744263,0.009999990463256725,0.0,0.12000000476837158,0.0,0.0,-0.01999999955296517,4.0,7.0,01-27,0.027272726663134315
01-13,0.09999996423721325,-0.029999971389770508,0.3100000023841858,-0.12000000476837203,0.13999998569488525,0.0,0.0,0.039999961853027344,0.0,0.0,-0.01999999955296517,4.0,7.0,01-28,0.03818181258710945
01-14,0.16999995708465576,0.039999961853027344,0.3100000023841858,-0.15999996662139915,0.20999997854232788,-0.06999999284744263,0.0,0.039999961853027344,0.0,0.0,-0.009999997913837433,5.0,6.0,01-29,0.04818180948495863
01-15,0.12999999523162842,0.0700000524520874,0.3100000023841858,-0.16999995708465598,0.20999997854232788,-0.06999999284744263,0.0,0.06000000238418579,0.0,0.0,0.0,5.0,6.0,01-30,0.049090916460210604
01-16,0.04999995231628407,0.0700000524520874,0.19999998807907082,-0.16999995708465598,0.20999997854232788,-0.06999999284744263,0.0,0.18999999761581432,0.0,-0.01000000536441803,-0.009999997913837426,5.0,6.0,01-31,0.04181818325411186
01-17,0.06999993324279752,0.0700000524520874,0.1600000262260437,-0.16999995708465598,0.20999997854232788,-0.06999999284744263,0.0,0.18999999761581432,0.0,-0.01000000536441803,-0.009999997913837426,5.0,6.0,02-01,0.04000000316988334
01-18,0.029999971389770397,0.0700000524520874,-0.050000011920928955,-0.16999995708465598,0.20999997854232788,-0.12000000476837158,0.0,0.09999996423721313,-0.03999999165534973,-0.01000000536441803,-0.009999997913837426,4.0,7.0,02-02,0.0009090907194397369
01-19,0.1000000238418578,0.18000006675720215,0.06000000238418568,-0.16999995708465598,0.20999997854232788,-0.12000000476837158,0.0,0.09999996423721313,-0.03999999165534973,-0.01000000536441803,-0.009999997913837426,5.0,6.0,02-03,0.027272734452377625
01-20,0.16999995708465565,0.23000001907348633,0.06000000238418568,-0.16999995708465598,0.20999997854232788,-0.050000011920928955,0.0,0.18000000715255737,-0.03999999165534973,-0.040000006556510925,-0.009999997913837426,5.0,6.0,02-04,0.049090909009629986
01-21,0.1899999976158141,0.08000004291534402,0.06000000238418568,-0.16999995708465598,0.20999997854232788,-0.12999999523162842,0.0,0.18000000715255737,-0.03999999165534973,-0.040000006556510925,-0.009999997913837426,5.0,6.0,02-05,0.030000007288022414
01-22,0.19999998807907116,0.12000000476837158,0.06000000238418568,-0.16999995708465598,0.4599999785423279,-0.019999980926513672,0.0,0.18000000715255737,-0.03999999165534973,-0.040000006556510925,0.010000001639127738,6.0,5.0,02-06,0.06909091330387374
01-23,0.16999995708465565,0.12000000476837158,0.10000002384185791,-0.16999995708465598,0.6299999952316284,-0.019999980926513672,0.0,0.18000000715255737,-0.04999998211860651,-0.040000006556510925,0.010000001639127738,6.0,5.0,02-07,0.08454546027562831
01-24,0.4700000286102294,-0.060000061988830566,0.09000003337860107,-0.04999995231628396,0.42000001668930054,-0.019999980926513672,0.0,0.18000000715255737,-0.04999998211860651,-0.040000006556510925,0.010000001639127738,5.0,6.0,02-08,0.08636364577846094
01-25,0.6999999284744262,-0.060000061988830566,-0.15999996662139893,-0.009999990463256836,0.3700000047683716,-0.019999980926513672,0.0,0.06000000238418579,-0.04999998211860651,-0.040000006556510925,0.0,3.0,8.0,02-09,0.07181817699562419
01-26,0.7700000405311583,-0.060000061988830566,-0.15999996662139893,0.0,0.3700000047683716,-0.019999980926513672,-0.030000001192092896,0.039999961853027344,-0.04999998211860651,-0.040000006556510925,0.0,3.0,8.0,02-10,0.07454545524987308
01-27,1.1300001144409184,-0.12000000476837158,-0.04999995231628396,-0.01999998092651356,0.43000006675720215,0.050000011920928955,-0.030000001192092896,-0.09000003337860119,-0.04999998211860651,-0.040000006556510925,0.0,3.0,8.0,02-11,0.1100000210783699
01-28,1.0000000000000007,-0.12000000476837158,-0.009999990463256836,-0.050000011920928955,0.5700000524520876,0.050000011920928955,-0.030000001192092896,-0.09000003337860119,-0.07999998331069946,-0.040000006556510925,0.019999999552965164,4.0,7.0,02-12,0.11090909384868369
01-29,1.0399999618530278,-0.12000000476837158,-0.009999990463256836,-0.01999998092651356,0.43000006675720215,0.10000002384185791,-0.030000001192092896,-0.06999999284744274,-0.07999998331069946,-0.030000001192092896,0.019999999552965164,4.0,7.0,02-13,0.111818190664053
01-30,0.9699999094009404,-0.12000000476837158,-0.009999990463256836,-0.01999998092651356,0.41999995708465576,0.10000002384185791,-0.030000001192092896,-0.11000001430511486,-0.009999990463256836,-0.030000001192092896,0.019999999552965164,4.0,7.0,02-14,0.10727271877906543
01-31,0.9699999094009404,-0.12999999523162842,0.15000003576278687,-0.01999998092651356,0.41999995708465576,0.030000030994415283,-0.030000001192092896,-0.029999971389770508,0.030000001192092896,0.0,0.019999999552965164,6.0,5.0,02-15,0.12818181684071372
02-01,1.100000023841858,-0.2799999713897705,0.04000002145767223,-0.01999998092651356,0.41999995708465576,0.030000030994415283,-0.030000001192092896,-0.029999971389770508,0.030000001192092896,0.0,0.019999999552965164,6.0,5.0,02-16,0.11636364629322835
02-02,0.9199999570846558,-0.2799999713897703,0.09999996423721325,-0.01999998092651356,0.41999995708465576,0.030000030994415283,-0.030000001192092896,-0.029999971389770508,0.030000001192092896,0.0,0.019999999552965164,6.0,5.0,02-17,0.10545454411344099
02-03,0.9499999284744263,-0.28999996185302734,0.059999942779541016,-0.01999998092651356,0.3700000047683716,0.009999990463256836,-0.009999990463256836,-0.029999971389770508,0.039999991655349676,0.0,0.019999999552965164,6.0,5.0,02-18,0.09999999573284929
02-04,0.6099998950958252,-0.1099998950958252,0.059999942779541016,-0.01999998092651356,0.12000000476837158,-0.09000003337860107,-0.009999990463256836,-0.029999971389770508,0.039999991655349676,0.0,-0.019999999552965164,4.0,7.0,02-19,0.049999996681105004
02-05,0.3799999952316284,-0.1099998950958252,0.059999942779541016,0.1499999761581421,0.039999961853027344,-0.09000003337860107,-0.009999990463256836,-0.029999971389770508,0.039999991655349676,0.0,0.0,5.0,6.0,02-20,0.03909090703183954
02-06,0.3299999237060547,-0.1099998950958252,0.059999942779541016,0.1499999761581421,0.039999961853027344,-0.09000003337860107,0.02000001072883606,-0.009999990463256836,0.039999991655349676,0.0,0.0,6.0,5.0,02-21,0.039090898903933434
02-07,0.3299999237060547,0.0,0.0,0.16999995708465565,-0.020000100135803223,-0.09000003337860107,0.02000001072883606,-0.009999990463256836,0.039999991655349676,0.0,0.0,4.0,7.0,02-22,0.03999997810883954
02-08,0.31999993324279785,-0.09999990463256814,0.0,0.19999998807907104,-0.1600000858306887,-0.14000004529953003,0.02000001072883606,0.050000011920928955,0.06999999284744263,0.0,0.0,5.0,6.0,02-23,0.02363635464148088
02-09,-0.09000015258789107,-0.03999996185302712,0.0,0.16999995708465565,-0.1600000858306887,0.009999990463256947,0.02000001072883606,0.029999971389770508,0.06999999284744263,0.0,0.0,5.0,6.0,02-24,0.0009090656583959002
02-10,0.06999993324279696,-0.20000004768371582,0.0,-0.07000005245208751,-0.1600000858306887,0.009999990463256947,0.02000001072883606,0.06999999284744263,0.0,0.0,0.0,4.0,7.0,02-25,-0.0236363871531054
02-11,-0.07000017166137695,-0.19000005722045898,0.0,-0.07000005245208751,0.07999992370605469,-0.030000030994415283,0.02000001072883606,0.07999998331069946,0.0,0.0,0.0,3.0,8.0,02-26,-0.01636367223479532
02-12,0.039999961853027344,-0.15000009536743164,0.0,-0.07000005245208751,0.0700000524520874,-0.030000030994415283,0.02000001072883606,0.019999980926513672,0.0,0.0,0.0,4.0,7.0,02-27,-0.009090924804860906
02-13,0.0,-0.12999999523162842,0.0,-0.07000005245208751,0.10000002384185791,0.06999999284744263,0.0,0.0,0.0,0.0,-0.010000001639127738,2.0,9.0,02-28,-0.003636366603049376
02-14,0.07000017166137695,-0.15000009536743164,0.0,-0.07000005245208751,0.10000002384185791,0.06000000238418579,0.07999998331069946,0.0,0.009999990463256836,0.0,0.009999997913837426,6.0,5.0,02-29,0.010000001977790475
02-15,0.019999980926513228,-0.1600000858306887,-0.059999942779541016,-0.24000000953674316,0.060000061988830566,0.06000000238418579,0.07999998331069946,0.06000000238418579,-0.06999999284744263,0.0,-0.010000001639127738,5.0,6.0,03-01,-0.02363636378537531
02-16,0.030000209808350053,-0.15000009536743164,-0.009999990463257058,-0.24000000953674316,0.060000061988830566,0.06000000238418579,0.07999998331069946,-0.06999999284744263,-0.06999999284744263,0.0,-0.010000001639127738,4.0,7.0,03-02,-0.029090893200852633
02-17,0.0700001716613774,-0.25999999046325684,0.04999995231628396,-0.24000000953674316,0.08000004291534424,0.06000000238418579,0.07999998331069946,-0.06999999284744263,-0.06999999284744263,0.0,-0.010000001639127738,5.0,6.0,03-03,-0.028181803158738375
02-18,0.0,-0.1600000858306887,0.04999995231628396,-0.24000000953674316,0.08000004291534424,0.06000000238418579,0.07999998331069946,-0.12999999523162842,-0.039999991655349676,0.0,-0.010000001639127738,4.0,7.0,03-04,-0.02818182754245675
02-19,0.009999990463256836,-0.1600000858306887,0.04999995231628396,-0.24000000953674316,0.20000004768371582,0.11000001430511475,0.07999998331069946,-0.12999999523162842,-0.039999991655349676,0.020000010728836032,-0.010000001639127738,6.0,5.0,03-05,-0.010000007735057348
02-20,0.0,-0.1600000858306887,0.04999995231628396,-0.24000000953674316,0.20000004768371582,-0.04000002145767223,0.07999998331069946,-0.12999999523162842,-0.039999991655349676,0.020000010728836032,-0.010000001639127738,4.0,7.0,03-06,-0.0245454646646977
02-21,0.08000016212463423,-0.1600000858306887,0.059999942779541016,0.0,0.20000004768371582,-0.04000002145767223,0.07999998331069946,-0.12999999523162842,-0.039999991655349676,0.020000010728836032,-0.010000001639127738,5.0,6.0,03-07,0.005454550073905436
02-22,0.08000016212463423,-0.1600000858306887,0.059999942779541016,0.0,0.10000002384185791,-0.15000003576278698,0.07999998331069946,-0.12999999523162842,-0.06000000238418579,0.020000010728836032,-0.010000001639127738,5.0,6.0,03-08,-0.015454545278440814
02-23,0.02000021934509366,-0.04999995231628418,0.059999942779541016,0.0,0.24999999999999978,-0.15000003576278698,0.07999998331069946,-0.039999961853027344,-0.06000000238418579,0.020000010728836032,-0.010000001639127738,5.0,6.0,03-09,0.010909109291705266
02-24,0.07000017166137695,-0.0700000524520874,0.059999942779541016,0.0,0.12000000476837158,-0.12000000476837158,0.07999998331069946,-0.019999980926513672,-0.06000000238418579,0.020000010728836032,-0.010000001639127738,5.0,6.0,03-10,0.006363642825321716
02-25,-0.009999990463256836,-0.04999995231628418,0.059999942779541016,0.0,0.13999998569488525,-0.12000000476837158,0.0,-0.019999980926513672,-0.030000001192092896,0.020000010728836032,-0.010000001639127738,3.0,8.0,03-11,-0.001818181100216782
02-26,0.04000020027160689,-0.04999995231628418,0.059999942779541016,0.0,0.15999996662139893,-0.09999996423721313,0.0,0.06000000238418579,-0.08000001311302185,0.020000010728836032,0.0,5.0,6.0,03-12,0.010000017556277226
02-27,0.029999971389770064,-0.04999995231628418,0.059999942779541016,-0.009999990463256836,0.15999996662139893,-0.09999996423721313,0.0,0.06000000238418579,-0.09000000357627869,0.020000010728836032,-0.019999999552965157,5.0,6.0,03-13,0.005454543977975803
02-28,0.019999980926513672,-0.04999995231628418,0.059999942779541016,-0.009999990463256836,0.13999998569488525,-0.09999996423721313,-0.009999990463256836,-0.019999980926513672,-0.010000020265579224,0.020000010728836032,-0.019999999552965157,4.0,7.0,03-14,0.0018181838095188121
02-29,0.0,0.0,0.009999990463257058,0.0,0.0,0.0,-0.009999990463256836,0.0,0.0,0.0,-0.019999999552965157,1.0,2.0,03-15,-0.0018181817775422668
03-01,-0.04000020027160689,-0.039999961853027344,0.009999990463257058,-0.009999990463256836,0.13999998569488525,-0.0899999737739563,-0.009999990463256836,0.09000003337860107,-0.040000021457672175,0.020000010728836032,-0.009999997913837426,4.0,7.0,03-16,0.001818171278996874
03-02,0.06999993324279741,-0.039999961853027344,0.009999990463257058,-0.009999990463256836,0.060000061988830566,-0.0899999737739563,-0.009999990463256836,0.09000003337860107,-0.040000021457672175,0.0,-0.009999997913837426,4.0,7.0,03-17,0.002727280286225381
03-03,0.1100001335144043,-0.039999961853027344,0.0,0.0,0.060000061988830566,-0.0899999737739563,-0.009999990463256836,0.09000003337860107,-0.040000021457672175,0.0,-0.009999997913837426,3.0,8.0,03-18,0.0063636621290987135
03-04,-0.050000190734863725,-0.039999961853027344,0.0,0.0,-0.059999942779541016,-0.11000001430511475,-0.009999990463256836,0.09000003337860107,-0.040000021457672175,0.0,-0.009999997913837426,1.0,10.0,03-19,-0.020909098738973838
03-05,-0.050000190734863725,-0.039999961853027344,0.0,0.0,-0.059999942779541016,0.0,-0.009999990463256836,0.09000003337860107,-0.040000021457672175,0.0,-0.009999997913837426,1.0,10.0,03-20,-0.010909097438508859
03-06,-0.04000020027160689,-0.039999961853027344,0.0,0.0,-0.38999998569488503,0.0,0.009999990463256836,0.09000003337860107,-0.040000021457672175,0.0,-0.009999997913837426,2.0,9.0,03-21,-0.038181831213560995
03-07,-0.050000190734863725,0.05000007152557373,0.0,0.0,-0.25999999046325684,0.009999990463256836,0.009999990463256836,0.0,-0.02000001072883606,0.0,-0.009999997913837426,3.0,8.0,03-22,-0.024545467035336967
03-08,-0.15000009536743208,0.10000002384185791,0.0,0.0,-0.25999999046325684,0.009999990463256836,0.009999990463256836,-0.030000030994415283,-0.050000011920928955,0.0,-0.009999997913837426,3.0,8.0,03-23,-0.03454546562649991
03-09,-0.1400001049041748,0.08000004291534424,0.0,0.0,-0.43999993801116943,0.009999990463256836,0.009999990463256836,-0.10000002384185791,0.0,0.0,-0.009999997913837426,3.0,8.0,03-24,-0.05363636734810742
03-10,-0.13000011444091797,0.08000004291534424,0.0,0.0,-0.43999993801116943,0.009999990463256836,0.019999980926513672,-0.10000002384185791,0.0,0.0,-0.009999997913837426,3.0,8.0,03-25,-0.051818187263878907
03-11,-0.12000012397766158,0.08000004291534424,0.0,0.12000000476837158,-0.31999993324279785,-0.010000050067901611,0.019999980926513672,-0.08000004291534424,0.0,-0.010000005364418002,0.010000001639127731,4.0,7.0,03-26,-0.02818182957443328
03-12,-0.059999942779541016,0.0700000524520874,-0.12999993562698375,0.04000002145767212,-0.3099999427795408,-0.020000040531158447,0.019999980926513672,-0.08000004291534424,0.02000001072883606,-0.010000005364418002,0.0,4.0,7.0,03-27,-0.041818167675625184
03-13,-0.1700000762939453,0.0700000524520874,-0.12999993562698375,0.030000030994415172,-0.2300000190734861,-0.020000040531158447,0.019999980926513672,-0.08000004291534424,0.02000001072883606,-0.010000005364418002,0.0,4.0,7.0,03-28,-0.045454549518498505
03-14,-0.20000004768371582,0.0700000524520874,-0.12999993562698375,0.020000040531158336,-0.2300000190734861,-0.020000040531158447,0.019999980926513672,-0.08000004291534424,0.02000001072883606,-0.010000005364418002,0.0,4.0,7.0,03-29,-0.049090909686955536
03-15,-0.2900000810623167,0.060000061988830566,-0.12999993562698375,0.020000040531158336,-0.2300000190734861,-0.020000040531158447,0.019999980926513672,-0.08000004291534424,0.02000001072883606,-0.010000005364418002,0.0,4.0,7.0,03-30,-0.05818182094530624
03-16,-0.09000015258789062,0.060000061988830566,-0.12999993562698375,0.020000040531158336,-0.2300000190734861,-0.020000040531158447,0.019999980926513672,-0.09000003337860107,0.02000001072883606,-0.010000005364418002,-0.020000001415610317,4.0,7.0,03-31,-0.04272728125480088
03-17,0.10000014305114746,0.029999971389770286,-0.12999993562698375,0.020000040531158336,-0.2300000190734861,0.010000050067901611,0.0,-0.09000003337860107,0.02000001072883606,-0.010000005364418002,-0.020000001415610317,5.0,6.0,04-01,-0.027272707190025957
03-18,0.1100001335144043,-0.06000006198883079,-0.12999993562698375,0.12000000476837158,-0.2300000190734861,0.030000030994415283,0.0,0.0,-0.009999990463256836,-0.010000005364418002,-0.020000001415610317,3.0,8.0,04-02,-0.018181804059581332
03-19,0.21000003814697266,-0.06000006198883079,-0.12999993562698375,0.12000000476837158,-0.04999995231628396,0.030000030994415283,0.0,0.0,0.060000002384185847,-0.010000005364418002,-0.020000001415610317,4.0,7.0,04-03,0.01363637450743805
03-20,0.16000008583068848,-0.09000003337860107,-0.12999993562698375,0.12000000476837158,0.2999999523162842,0.030000030994415283,0.0,0.0,0.060000002384185847,-0.010000005364418002,-0.020000001415610317,5.0,6.0,04-04,0.03818182731893929
03-21,-0.009999990463256836,-0.09000003337860107,-0.12999993562698375,0.12000000476837158,0.2999999523162842,0.030000030994415283,0.0,0.0,0.060000002384185847,-0.010000005364418002,-0.020000001415610317,4.0,7.0,04-05,0.02272727492858063
03-22,0.1500000953674312,-0.0700000524520874,-0.12999993562698375,0.0,0.1799999475479126,0.030000030994415283,0.0,-0.009999990463256836,0.02000001072883606,0.0,-0.020000001415610317,4.0,7.0,04-06,0.013636373152786985
03-23,0.1500000953674312,-0.0700000524520874,0.0,0.0899999737739563,0.1799999475479126,0.030000030994415283,0.09000003337860107,-0.009999990463256836,0.0,0.0,-0.020000001415610317,5.0,6.0,04-07,0.04000000333921472
03-24,0.03999996185302779,-0.0700000524520874,0.0,0.0899999737739563,0.1799999475479126,0.030000030994415283,0.09000003337860107,-0.009999990463256836,0.0,0.0,-0.020000001415610317,5.0,6.0,04-08,0.02999999120154168
03-25,-0.08000004291534402,-0.0700000524520874,0.0,0.06999999284744263,0.16999995708465554,0.030000030994415283,0.09000003337860107,-0.009999990463256836,0.009999990463256836,0.0,-0.020000001415610317,5.0,6.0,04-09,0.01727271977473389
03-26,0.009999990463256836,-0.060000061988830566,-0.050000011920928844,0.07999998331069957,0.16999995708465554,0.030000030994415283,0.09000003337860107,-0.009999990463256836,0.009999990463256836,0.0,-0.020000001415610317,6.0,5.0,04-10,0.022727265446023506
03-27,-0.1599999666213987,-0.060000061988830566,-0.06999999284744252,0.07999998331069957,0.16999995708465554,0.030000030994415283,0.09000003337860107,-0.009999990463256836,0.06999999284744263,-0.01000000536441803,0.0,5.0,6.0,04-11,0.011818180030042496
03-28,0.050000190734863725,-0.09000003337860096,-0.06999999284744252,-0.019999980926513672,0.16999995708465554,0.019999980926513672,0.09000003337860107,-0.009999990463256836,0.030000001192092896,-0.01000000536441803,0.0,5.0,6.0,04-12,0.014545469121499536
03-29,0.050000190734863725,-0.09000003337860096,-0.06999999284744252,-0.019999980926513672,0.16999995708465554,0.04999995231628418,0.09000003337860107,0.0,-0.009999990463256891,-0.01000000536441803,0.0,4.0,7.0,04-13,0.014545466412197495
03-30,-0.24000000953674294,-0.08999997377395619,-0.06999999284744252,-0.019999980926513672,-0.019999980926513894,0.04999995231628418,0.08000004291534424,0.0,-0.009999990463256891,-0.01000000536441803,0.0,2.0,9.0,04-14,-0.029999994418837793
03-31,-0.25999999046325684,-0.0600000023841859,-0.06999999284744252,-0.019999980926513672,0.11000001430511452,0.019999980926513672,0.08000004291534424,0.0,-0.009999990463256891,-0.01000000536441803,0.0,3.0,8.0,04-15,-0.019999993118372857
04-01,-0.4700000286102288,-0.0600000023841859,-0.06999999284744252,-0.13999998569488525,0.11000001430511452,0.019999980926513672,0.08000004291534424,0.0,-0.019999980926513672,-0.01000000536441803,0.020000001415610317,4.0,7.0,04-16,-0.04909090511500831
04-02,-0.4700000286102288,-0.0600000023841859,0.029999971389770508,-0.1499999761581421,-0.059999942779541016,0.019999980926513672,0.08000004291534424,0.0,-0.009999990463256891,-0.01000000536441803,0.020000001415610317,4.0,7.0,04-17,-0.05545454082841219
04-03,-0.4700000286102288,-0.0600000023841859,0.029999971389770508,-0.1499999761581421,-0.059999942779541016,0.019999980926513672,0.08000004291534424,0.0,0.020000010728836004,-0.01000000536441803,0.020000001415610317,5.0,6.0,04-18,-0.05272726799276738
04-04,-0.3100000619888297,-0.0600000023841859,0.029999971389770508,-0.029999971389770508,-0.059999942779541016,0.019999980926513672,0.08000004291534424,0.0,0.05000001192092901,-0.01000000536441803,0.020000001415610317,5.0,6.0,04-19,-0.024545452303507034
04-05,-0.34000003337860085,0.019999980926513672,0.12999999523162842,-0.009999990463256836,-0.059999942779541016,0.019999980926513672,-0.009999990463256836,0.0,0.040000021457672175,-0.01000000536441803,0.020000001415610317,5.0,6.0,04-20,-0.01818181659010321
04-06,-0.23999989032745428,0.029999971389770286,0.1499999761581421,-0.009999990463256836,-0.059999942779541016,0.019999980926513672,-0.009999990463256836,0.0,0.040000021457672175,-0.01000000536441803,0.020000001415610317,5.0,6.0,04-21,-0.006363624368201678
04-07,-0.02999997138977073,0.029999971389770286,0.1499999761581421,-0.009999990463256836,-0.059999942779541016,0.019999980926513672,-0.009999990463256836,0.0,-0.019999980926513616,-0.01000000536441803,0.020000001415610317,4.0,7.0,04-22,0.007272731682116299
04-08,-0.24000012874603316,0.05999994277954068,0.1499999761581421,-0.009999990463256836,-0.059999942779541016,0.019999980926513672,-0.009999990463256836,0.0,-0.019999980926513616,-0.01000000536441803,0.020000001415610317,4.0,7.0,04-23,-0.009090921587564794
04-09,-0.24000012874603316,0.05999994277954068,0.1499999761581421,-0.009999990463256836,-0.059999942779541016,-0.009999990463256836,-0.009999990463256836,0.06000000238418579,-0.019999980926513616,-0.009999990463256836,0.020000001415610317,4.0,7.0,04-24,-0.0063636446879669325
04-10,-0.06000006198883079,0.05999994277954068,0.1499999761581421,-0.1600000262260437,0.12999999523162842,-0.009999990463256836,-0.009999990463256836,0.06000000238418579,0.05000001192092901,-0.009999990463256836,0.020000001415610317,6.0,5.0,04-25,0.019999988207762845
04-11,-0.08000004291534402,0.05999994277954068,0.1499999761581421,-0.11000001430511475,0.0,0.0,-0.050000011920928955,0.06000000238418579,0.020000010728836115,-0.009999990463256836,0.020000001415610317,5.0,6.0,04-26,0.005454533987424585
04-12,-0.06000006198883079,0.04000002145767223,0.1499999761581421,0.009999990463256836,0.0,0.0,-0.04000002145767212,0.06000000238418579,0.030000001192092896,-0.009999990463256836,0.020000001415610317,6.0,5.0,04-27,0.0181818108328364
04-13,0.029999971389770286,0.030000030994415505,0.050000011920929066,0.019999980926513672,0.0,-0.06999999284744263,-0.04000002145767212,0.06000000238418579,0.020000010728836115,-0.009999990463256836,0.020000001415610317,7.0,4.0,04-28,0.010000000453808106
04-14,0.029999971389770286,0.030000030994415505,0.050000011920929066,0.019999980926513672,-0.12000000476837158,-0.11000001430511475,-0.04000002145767212,0.06000000238418579,-0.00999999046325678,-0.009999990463256836,0.0,5.0,6.0,04-29,-0.009090911258350704
04-15,0.1399999856948848,0.030000030994415505,0.050000011920929066,0.019999980926513672,-0.11000001430511452,-0.11000001430511475,-0.04000002145767212,0.06000000238418579,-0.00999999046325678,-0.009999990463256836,0.0,5.0,6.0,04-30,0.0018181800842285308
04-16,0.16999995708465598,-0.04999995231628407,0.050000011920929066,-0.11000001430511475,-0.11000001430511452,-0.11000001430511475,-0.04000002145767212,0.06000000238418579,-0.00999999046325678,-0.019999995827674866,0.0,3.0,8.0,05-01,-0.015454548326405547
04-17,0.17999994754791282,-0.04999995231628407,0.0600000023841859,-0.2200000286102295,-0.12000000476837158,-0.11000001430511475,-0.04000002145767212,0.06000000238418579,0.0,-0.019999995827674866,0.0,3.0,8.0,05-02,-0.023636369542642033
04-18,0.15999996662139915,-0.04999995231628407,0.009999990463256836,-0.21000003814697266,-0.12000000476837158,-0.11000001430511475,-0.04000002145767212,0.06000000238418579,0.0,-0.019999995827674866,0.0,3.0,8.0,05-03,-0.02909091521393166
04-19,0.40999996662139915,-0.05999994277954068,0.009999990463256836,-0.21000003814697266,-0.12000000476837158,-0.11000001430511475,-0.04000002145767212,0.06000000238418579,0.0,-0.01000000536441803,0.0,3.0,8.0,05-04,-0.006363642486658913
04-20,0.36000001430511475,-0.009999990463256614,0.009999990463256836,-0.21000003814697266,-0.12000000476837158,-0.11000001430511475,-0.04000002145767212,0.0,0.0,-0.01000000536441803,0.0,2.0,9.0,05-05,-0.01181818815794856
04-21,0.24000012874603316,-0.009999990463256614,0.009999990463256836,-0.21000003814697266,-0.11000001430511452,-0.11000001430511475,-0.17000001668930054,0.0,0.0,-0.01000000536441803,0.0,2.0,9.0,05-06,-0.03363636000589883
04-22,0.23999989032745273,0.039999961853027344,0.009999990463256836,-0.21000003814697266,-0.11000001430511452,-0.0899999737739563,-0.12999999523162842,0.0,0.0,-0.01000000536441803,0.0,3.0,8.0,05-07,-0.023636380379850275
04-23,0.2199999094009395,0.039999961853027344,0.009999990463256836,-0.029999971389770508,-0.11000001430511452,-0.0899999737739563,-0.12999999523162842,0.0,0.0,-0.01000000536441803,0.0,3.0,8.0,05-08,-0.009090918031605827
04-24,0.31999993324279763,-0.09000003337860107,0.009999990463256836,-0.07999998331069946,-0.11000001430511452,-0.019999980926513672,-0.009999990463256836,0.0,0.0,-0.01000000536441803,0.0,2.0,9.0,05-09,0.0009090832688591697
04-25,0.25000000000000067,-0.09000003337860107,0.009999990463256836,-0.07999998331069946,0.009999990463257058,0.020000040531158447,0.06000000238418579,0.0,0.0,-0.01000000536441803,0.0,5.0,6.0,05-10,0.015454545617103658
04-26,0.2699999809265139,-0.08000004291534435,0.059999942779540794,-0.07999998331069946,0.0,0.020000040531158447,0.06000000238418579,0.0,0.0,-0.01000000536441803,0.0,4.0,7.0,05-11,0.02181817591190337
04-27,0.3799998760223384,-0.08000004291534435,0.059999942779540794,0.050000011920928955,-0.009999990463257058,0.020000040531158447,0.06000000238418579,0.0,0.0,0.0,0.0,5.0,6.0,05-12,0.04363634911450464
04-28,0.14000010490417525,-0.15000003576278698,0.04999995231628396,0.050000011920928955,-0.009999990463257058,0.020000040531158447,0.06000000238418579,0.0,0.0,-0.02000000327825545,0.0,5.0,6.0,05-13,0.012727280232039355
04-29,0.21000003814697266,-0.15000003576278698,0.04999995231628396,0.050000011920928955,0.0,0.020000040531158447,0.06000000238418579,0.0,-0.060000002384185847,-0.02000000327825545,0.0,5.0,6.0,05-14,0.014545454897663774
04-30,-0.039999961853027344,-0.15000003576278698,-0.11000001430511475,0.04000002145767212,0.009999990463257058,0.020000040531158447,0.06000000238418579,0.0,-0.060000002384185847,-0.01000000536441803,0.0,4.0,7.0,05-15,-0.02181817862120541
05-01,-0.04999995231628418,-0.15000003576278698,0.039999961853027344,0.010000050067901611,0.009999990463257058,0.020000040531158447,0.06000000238418579,0.0,-0.060000002384185847,-0.02000000327825545,0.0,5.0,6.0,05-16,-0.012727268040180201
05-02,-0.039999961853027344,-0.14000004529953014,0.019999980926513672,0.010000050067901611,0.0,0.020000040531158447,0.06000000238418579,0.0,-0.060000002384185847,0.0,0.0,4.0,7.0,05-17,-0.011818175966089438
05-03,-0.0699999332427983,-0.1899999976158142,0.019999980926513672,0.010000050067901611,0.0,0.020000040531158447,0.06000000238418579,0.0,-0.060000002384185847,0.0,0.0,4.0,7.0,05-18,-0.01909089630300353
05-04,-0.0700001716613774,-0.1899999976158142,0.019999980926513672,-0.019999980926513672,0.0,0.020000040531158447,0.1899999976158142,0.0,-0.060000002384185847,0.0,0.0,3.0,8.0,05-19,-0.010000012137673164
05-05,0.09000015258789107,-0.06000000238418579,0.019999980926513672,0.1000000238418578,0.029999971389770286,0.0,0.06999999284744263,0.0,-0.060000002384185847,-0.02000000327825545,0.0,5.0,6.0,05-20,0.015454555776986213
05-06,0.1100001335144043,-0.06000000238418579,0.009999990463256836,0.1000000238418578,0.029999971389770286,0.0,0.0,0.0,-0.060000002384185847,-0.01000000536441803,0.0,4.0,7.0,05-21,0.010909100825136324
05-07,0.09000015258789107,-0.06000000238418579,0.039999961853027344,0.1000000238418578,0.01999998092651345,0.25999999046325684,0.0,0.0,-0.060000002384185847,-0.01000000536441803,0.0,5.0,6.0,05-22,0.034545463594523346
05-08,0.030000209808350498,-0.06000000238418579,0.039999961853027344,-0.04000002145767212,0.0,0.25999999046325684,0.0,0.0,-0.060000002384185847,-0.01000000536441803,0.0,3.0,8.0,05-23,0.014545466412197535
05-09,-0.0799999237060538,-0.06000000238418579,-0.009999990463256614,-0.04000002145767212,0.0,0.25999999046325684,-0.09000003337860107,0.0,-0.060000002384185847,0.0,0.0,1.0,10.0,05-24,-0.007272725755518037
05-10,-0.0399999618530269,-0.06000000238418579,-0.009999990463256614,-0.04000002145767212,-0.009999990463257058,0.25999999046325684,-0.09000003337860107,0.0,0.0,0.0,0.0,1.0,10.0,05-25,0.0009090900421142981
05-11,-0.0700001716613774,0.009999990463256836,0.1499999761581421,-0.04000002145767212,-0.009999990463257058,0.30000001192092884,-0.09000003337860107,-0.11000001430511475,0.0,-0.009999997913837419,0.0,3.0,8.0,05-26,0.011818159032951631
05-12,-0.20000004768371582,0.009999990463256836,0.0,-0.04000002145767212,-0.009999990463257058,0.30000001192092884,-0.09000003337860107,-0.11000001430511475,0.0,-0.009999997913837419,0.0,2.0,9.0,05-27,-0.013636372983455687
05-13,-0.2200000286102295,0.0,0.0,-0.030000030994415283,-0.009999990463257058,0.26999998092651367,-0.09000003337860107,-0.11000001430511475,0.0,-0.009999997913837419,0.0,1.0,10.0,05-28,-0.018181828612631037
05-14,-0.19000005722045854,0.0,0.0,-0.12000000476837158,-0.009999990463257058,0.26999998092651367,-0.09000003337860107,-0.11000001430511475,0.0,-0.009999997913837433,0.0,1.0,10.0,05-29,-0.023636374283920614
05-15,-0.06999993324279785,0.0,-0.059999942779540905,-0.12000000476837158,-0.009999990463257058,0.26999998092651367,-0.09000003337860107,-0.11000001430511475,0.0,-0.03000000119209288,0.0,1.0,10.0,05-30,-0.01999999447302386
05-16,-0.06999993324279785,0.0,-0.059999942779540905,-0.2499999999999999,-0.039999961853027344,0.26999998092651367,-0.09000003337860107,-0.019999980926513672,-0.010000020265579224,-0.009999997913837433,0.0,1.0,10.0,05-31,-0.025454535403034884
05-17,-0.059999942779541016,0.0,-0.029999971389770508,-0.2499999999999999,-0.039999961853027344,0.26999998092651367,-0.09000003337860107,-0.019999980926513672,-0.010000020265579224,-0.019999995827674852,0.0,1.0,10.0,06-01,-0.02272726595401763
05-18,-0.21000003814697266,0.04000002145767212,-0.059999942779541016,-0.2499999999999999,0.009999990463256836,0.26999998092651367,-0.050000011920928955,-0.019999980926513672,-0.010000020265579224,-0.019999995827674852,0.0,3.0,8.0,06-02,-0.02727272700179706
05-19,-0.20000004768371604,0.04000002145767212,-0.059999942779541016,-0.2499999999999999,0.009999990463256836,0.26999998092651367,-0.050000011920928955,-0.019999980926513672,-0.010000020265579224,-0.019999995827674852,0.0,3.0,8.0,06-03,-0.026363636959682822
05-20,0.029999971389770508,0.04000002145767212,-0.059999942779541016,-0.2499999999999999,0.019999980926513672,0.019999980926513672,0.04000002145767212,-0.019999980926513672,-0.010000020265579224,-0.019999995827674852,0.0,5.0,6.0,06-04,-0.019090905785560598
05-21,-0.009999990463256392,0.04000002145767212,-0.059999942779541016,-0.10999995470046997,0.04999995231628418,-0.020000040531158336,0.04000002145767212,-0.12000000476837158,0.0,-0.019999995827674852,0.0,3.0,8.0,06-05,-0.019090903076258523
05-22,-0.009999990463256392,-0.07999998331069946,-0.059999942779541016,-0.10999995470046997,0.04999995231628418,-0.020000040531158336,0.04000002145767212,-0.0899999737739563,-0.030000001192092896,-0.009999997913837433,0.0,2.0,9.0,06-06,-0.029090900990095956
05-23,-0.07999992370605469,0.030000030994415283,-0.06999993324279774,-0.0899999737739563,0.04999995231628418,0.009999990463256836,0.04000002145767212,-0.0899999737739563,-0.030000001192092896,-0.009999997913837433,0.0,4.0,7.0,06-07,-0.02181816439736972
05-24,-0.06999993324279785,0.030000030994415283,-0.06999993324279774,0.019999980926513672,0.04999995231628418,0.009999990463256836,0.0700000524520874,0.020000040531158447,-0.030000001192092896,0.0,0.0,6.0,5.0,06-08,0.0027272890914570302
05-25,0.019999980926513672,0.17000001668930054,0.009999990463256836,0.019999980926513672,0.04999995231628418,0.009999990463256836,0.0700000524520874,0.020000040531158447,-0.030000001192092896,0.0,0.0,8.0,3.0,06-09,0.030909091234207153
05-26,-0.019999980926513894,0.17000001668930054,0.009999990463256836,0.019999980926513672,0.04999995231628418,0.009999990463256836,0.06000000238418579,-0.06999999284744263,-0.019999980926513672,0.0,0.0,6.0,5.0,06-10,0.019090907140211607
05-27,-0.19000005722045898,0.17000001668930054,0.029999971389770397,0.019999980926513672,0.04999995231628418,-0.029999971389770508,0.06000000238418579,-0.06999999284744263,-0.019999980926513672,0.0,0.0,5.0,6.0,06-11,0.001818174665624435
05-28,-0.18000006675720215,0.12999999523162842,0.11000001430511464,-0.020000040531158447,0.04999995231628418,-0.029999971389770508,0.019999980926513672,-0.06999999284744263,-0.019999980926513672,0.0,0.009999997913837426,5.0,6.0,06-12,-1.0159882642892602e-08
05-29,-0.14000010490417503,0.12999999523162842,0.11000001430511464,-0.010000050067901611,0.0,-0.029999971389770508,0.019999980926513672,-0.06999999284744263,-0.03999999165534973,0.0,0.009999997913837426,4.0,7.0,06-13,-0.001818192953413214
05-30,-0.25999999046325706,0.07999998331069957,0.09000003337860107,-0.010000050067901611,0.0,-0.029999971389770508,0.06000000238418579,-0.08000004291534424,-0.03999999165534973,0.0,0.009999997913837426,4.0,7.0,06-14,-0.01636363904584539
05-31,-0.3000000715255742,0.009999990463256836,0.09000003337860107,-0.010000050067901611,0.0,-0.029999971389770508,0.06000000238418579,-0.08000004291534424,-0.03999999165534973,0.0,0.009999997913837426,4.0,7.0,06-15,-0.026363645764914467
06-01,-0.040000081062316895,0.009999990463256836,0.09000003337860107,-0.010000050067901611,0.0,-0.029999971389770508,0.06999999284744263,0.019999980926513672,-0.050000011920928955,0.0,0.009999997913837426,5.0,6.0,06-16,0.006363625553521243
06-02,-0.15999996662139915,0.12999999523162842,0.09000003337860107,-0.010000050067901611,0.0,-0.07999998331069946,0.06999999284744263,-0.010000050067901611,-0.02000001072883606,0.0,0.009999997913837426,4.0,7.0,06-17,0.0018181780522519683
06-03,-0.019999980926513672,0.019999980926513672,0.09000003337860107,-0.010000050067901611,0.0700000524520874,-0.07999998331069946,0.06999999284744263,-0.010000050067901611,-0.02000001072883606,0.0,0.009999997913837426,5.0,6.0,06-18,0.010909089310602709
06-04,-0.029999971389770508,0.019999980926513672,0.09000003337860107,-0.010000050067901611,0.0700000524520874,-0.07999998331069946,0.039999961853027344,-0.010000050067901611,-0.02000001072883606,0.009999997913837433,0.009999997913837426,6.0,5.0,06-19,0.008181814442981373
06-05,-0.039999961853027344,0.019999980926513672,0.1000000238418578,-0.04000002145767212,0.0700000524520874,-0.07999998331069946,0.009999990463256836,-0.010000050067901611,-0.02000001072883606,-0.01999999582767488,0.009999997913837426,5.0,6.0,06-20,2.0319765144484092e-09
06-06,-0.11000001430511452,0.050000011920928844,0.1000000238418578,-0.04000002145767212,0.0700000524520874,-0.07999998331069946,0.009999990463256836,-0.010000050067901611,-0.02000001072883606,-0.01999999582767488,0.009999997913837426,5.0,6.0,06-21,-0.0036363635550845774
06-07,-0.10000002384185769,-0.11000001430511475,0.08000004291534424,-0.04000002145767212,0.0700000524520874,-0.07999998331069946,0.009999990463256836,-0.020000040531158447,-0.02000001072883606,-0.01999999582767488,0.009999997913837426,4.0,7.0,06-22,-0.020000000568953406
06-08,0.06999993324279852,-0.11000001430511475,0.0,0.0,0.16999995708465576,-0.07999998331069946,-0.009999990463256836,-0.030000030994415283,-0.02000001072883606,-0.01999999582767488,0.009999997913837426,3.0,8.0,06-23,-0.001818194308064142
06-09,0.16000008583068825,-0.12999999523162842,0.0,0.0,0.16999995708465576,-0.04000002145767212,-0.009999990463256836,-0.030000030994415283,0.0,-0.01999999582767488,0.009999997913837426,3.0,8.0,06-24,0.010000000623139445
06-10,0.25999999046325706,-0.07999998331069957,-0.09000003337860107,0.0,0.09000003337860085,-0.04000002145767212,-0.050000011920928955,-0.019999980926513672,0.0,-0.01999999582767488,0.0,2.0,9.0,06-25,0.00454545427452433
06-11,0.3000000715255742,-0.009999990463256836,-0.09000003337860107,0.030000030994415283,0.09000003337860085,-0.04000002145767212,-0.050000011920928955,-0.019999980926513672,0.0,-0.01999999582767488,0.0,3.0,8.0,06-26,0.017272736538540254
06-12,0.040000081062316895,-0.019999980926513672,-0.12000006437301625,-0.009999990463256836,0.10000002384185791,-0.04000002145767212,-0.050000011920928955,-0.019999980926513672,0.0,-0.01999999582767488,0.0,2.0,9.0,06-27,-0.012727267362854688
06-13,0.040000081062316895,-0.019999980926513672,-0.03000009059906006,-0.009999990463256836,0.10000002384185791,0.0,-0.06000000238418579,-0.019999980926513672,0.0,-0.01999999582767488,0.0,2.0,9.0,06-28,-0.001818176020275464
06-14,0.019999980926513672,-0.019999980926513672,-0.03000009059906006,-0.009999990463256836,0.029999971389770508,-0.009999990463256725,-0.12000000476837158,-0.019999980926513672,0.0,-0.01999999582767488,0.0,2.0,9.0,06-29,-0.01636364378712393
06-15,0.019999980926513672,-0.019999980926513672,-0.03000009059906006,-0.009999990463256836,0.029999971389770508,-0.009999990463256725,-0.12000000476837158,-0.019999980926513672,0.0,-0.029999993741512312,0.0,2.0,9.0,06-30,-0.017272734506563695
06-16,-0.3400000333786011,-0.019999980926513672,-0.03000009059906006,-0.009999990463256836,0.029999971389770508,-0.009999990463256725,-0.09000003337860107,-0.019999980926513672,0.0,-0.029999993741512312,0.0,1.0,10.0,07-01,-0.04727273840795863
06-17,-0.15999996662139915,-0.050000011920928844,-0.1300000548362733,-0.009999990463256836,0.029999971389770508,-0.050000011920928955,-0.09000003337860107,-0.019999980926513672,-0.030000001192092896,-0.029999993741512312,0.0,1.0,10.0,07-02,-0.04909091578288514
06-18,-0.16999995708465598,-0.029999971389770508,-0.12000006437301625,-0.009999990463256836,0.029999971389770508,-0.050000011920928955,-0.09000003337860107,-0.019999980926513672,-0.030000001192092896,0.0,0.0,1.0,10.0,07-03,-0.044545458121733245
06-19,-0.2899999618530278,-0.029999971389770508,-0.12000006437301625,-0.009999990463256836,-0.06999993324279785,-0.050000011920928955,-0.09000003337860107,-0.019999980926513672,-0.030000001192092896,0.0,0.0,0.0,11.0,07-04,-0.06454544988545508
06-20,-0.2899999618530278,-0.029999971389770508,-0.12000006437301625,-0.009999990463256836,-0.06999993324279785,-0.050000011920928955,-0.09000003337860107,-0.009999990463256836,-0.030000001192092896,0.0,0.0,0.0,11.0,07-05,-0.06363635984334082
06-21,-0.2899999618530278,-0.029999971389770508,-0.030000030994415172,-0.009999990463256836,0.009999990463257058,-0.050000011920928955,-0.06000000238418579,0.0,-0.030000001192092896,0.0,0.0,1.0,10.0,07-06,-0.04454545270312917
06-22,-0.2300000190734861,0.050000011920928955,-0.030000030994415172,-0.04000002145767212,0.009999990463257058,-0.050000011920928955,-0.06000000238418579,0.0,-0.030000001192092896,0.0,0.0,2.0,9.0,07-07,-0.034545462239872274
06-23,-0.2900000810623169,0.06000000238418579,0.0,-0.04000002145767212,0.009999990463257058,-0.050000011920928955,-0.06000000238418579,0.0,-0.030000001192092896,0.0,0.0,2.0,9.0,07-08,-0.03636364774270489
06-24,-0.4100000858306889,0.06000000238418579,0.0,-0.019999980926513672,0.009999990463257058,-0.17000001668930054,-0.050000011920928955,0.0,-0.030000001192092896,0.0,0.0,2.0,9.0,07-09,-0.055454554882916555
06-25,-0.3899999856948857,0.06000000238418579,0.0,0.020000040531158447,0.0,-0.1600000262260438,0.0,0.0,-0.03999999165534973,0.0,0.0,2.0,9.0,07-10,-0.04636363278735773
06-26,-0.3899999856948857,0.08999997377395641,-0.08999997377395619,0.020000040531158447,0.0,-0.1600000262260438,0.0,0.009999990463256836,-0.03999999165534973,0.0,0.0,3.0,8.0,07-11,-0.05090908841653307
06-27,-0.5599999427795412,0.11000001430511486,-0.08999997377395619,0.020000040531158447,0.0,-0.1600000262260438,0.04000002145767212,0.009999990463256836,-0.03999999165534973,0.0,0.0,4.0,7.0,07-12,-0.060909078879789885
06-28,-0.729999899864197,0.11000001430511486,-0.14999997615814187,0.020000040531158447,0.0,-0.12000000476837169,0.04000002145767212,0.009999990463256836,-0.009999990463256836,0.0,0.0,4.0,7.0,07-13,-0.07545452768152411
06-29,-0.25,0.12000000476837158,-0.15999996662139893,0.020000040531158447,0.0,-0.12000000476837169,0.04000002145767212,0.009999990463256836,-0.009999990463256836,0.0,0.0,4.0,7.0,07-14,-0.03181817314841531
06-30,-0.2999999523162842,0.12000000476837158,-0.15999996662139893,0.020000040531158447,0.0,-0.07999998331069946,-0.05999997258186335,0.009999990463256836,-0.009999990463256836,0.0,0.0,3.0,8.0,07-15,-0.041818166320974175
07-01,-0.25,0.12000000476837158,0.020000040531158447,0.0,0.0,-0.009999990463256836,-0.05999997258186335,0.009999990463256836,-0.009999990463256836,0.0,0.0,3.0,8.0,07-16,-0.016363628885962742
07-02,-0.24000000953674316,0.06000000238418579,0.06000000238418568,0.0,0.0,-0.009999990463256836,-0.05999997258186335,0.009999990463256836,-0.009999990463256836,0.0,-0.009999997913837426,3.0,8.0,07-17,-0.018181815066120845
07-03,-0.15999996662139915,0.15000003576278687,0.08999997377395619,0.0,-0.12999999523162842,-0.009999990463256836,0.020000040531158447,0.0,-0.009999990463256836,0.0,-0.009999997913837426,3.0,8.0,07-18,-0.005454535511407015
07-05,-0.12000000476837203,0.15000003576278687,0.06000000238418568,-0.020000040531158447,-0.12999999523162842,-0.009999990463256836,0.020000040531158447,-0.009999990463256836,-0.009999990463256836,0.0,-0.009999997913837426,3.0,8.0,07-20,-0.007272721014239622
07-06,-0.1499999761581423,0.16000002622604348,0.06000000238418568,-0.020000040531158447,-0.12999999523162842,-0.009999990463256836,0.020000040531158447,-0.009999990463256836,0.0,0.0,-0.009999997913837426,3.0,8.0,07-21,-0.008181811056353879
07-07,0.06000006198883101,0.24000006914138783,0.06000000238418568,0.04999995231628418,-0.12999999523162842,0.11000001430511475,0.020000040531158447,-0.019999980926513672,0.0,0.0,0.0,6.0,5.0,07-22,0.035454560409892706
07-08,0.23000001907348655,0.22000002861022938,0.13000005483627286,0.04999995231628418,-0.12999999523162842,0.11000001430511475,-0.019999980926513672,-0.019999980926513672,0.0,0.0,0.0,5.0,6.0,07-23,0.05181819200515745
07-09,0.3999999761581423,0.22000002861022938,0.0999999642372128,0.04999995231628418,-0.12999999523162842,0.06999999284744263,-0.019999980926513672,-0.019999980926513672,0.030000001192092896,0.0,0.0,6.0,5.0,07-24,0.06363635984334076
07-10,0.21000003814697288,0.22000002861022938,0.11000007390975941,0.04999995231628418,-0.12999999523162842,0.06999999284744263,-0.019999980926513672,-0.019999980926513672,0.030000001192092896,0.0,0.0,6.0,5.0,07-25,0.04727273908528415
07-11,0.2200000286102295,0.22000002861022938,0.27000004053115834,0.06000000238418579,-0.12999999523162842,0.06999999284744263,-0.019999980926513672,-0.029999971389770508,0.030000001192092896,0.0,0.0,6.0,5.0,07-26,0.06272728605703871
07-12,0.21000003814697288,0.20000004768371582,0.09000003337860096,0.08000004291534424,-0.12999999523162842,0.06999999284744263,-0.019999980926513672,-0.029999971389770508,0.030000001192092896,0.0,-0.009999997913837426,6.0,5.0,07-27,0.04454547370021995
07-13,0.18999993801116943,0.20000004768371582,0.05000007152557373,0.08000004291534424,-0.12999999523162842,-0.12999999523162842,0.0800000131130218,-0.029999971389770508,0.030000001192092896,0.0,-0.009999997913837426,6.0,5.0,07-28,0.030000014061277558
07-14,0.24000000953674316,0.11000001430511475,0.020000100135803223,0.08000004291534424,-0.12999999523162842,-0.19999998807907104,-0.020000040531158447,-0.019999980926513672,0.030000001192092896,0.0,-0.009999997913837426,5.0,6.0,07-29,0.009090924127535387
07-15,0.20000004768371582,0.11000001430511475,0.020000100135803223,0.08000004291534424,-0.12999999523162842,-0.19999998807907104,-0.020000040531158447,-0.019999980926513672,0.009999990463256836,0.0,0.0,5.0,6.0,07-30,0.004545471884987571
07-16,0.21000003814697288,0.11000001430511475,0.009999990463256614,0.08000004291534424,0.0,-0.19999998807907104,-0.020000040531158447,-0.019999980926513672,0.009999990463256836,0.0,0.0,5.0,6.0,07-31,0.016363642432472923
07-17,0.24000000953674316,0.059999942779541016,0.05000007152557373,0.08000004291534424,0.0,-0.19999998807907104,-0.020000040531158447,-0.019999980926513672,0.009999990463256836,0.0,0.0,5.0,6.0,08-01,0.01818182251670144
07-18,0.2999999523162842,0.019999980926513672,0.05000007152557373,0.010000050067901611,0.0,-0.19999998807907104,-0.010000050067901611,-0.009999990463256836,0.009999990463256836,0.0,-0.009999997913837426,5.0,6.0,08-02,0.014545456252314827
07-19,0.2799999713897703,0.009999990463257058,-0.03000009059906006,0.010000050067901611,0.0,-0.19999998807907104,-0.010000050067901611,-0.009999990463256836,0.009999990463256836,0.0,-0.009999997913837426,4.0,7.0,08-03,0.00454544411464171
07-20,0.189999938011169,-0.10000002384185791,0.0,0.010000050067901611,-0.12000000476837158,-0.19999998807907104,-0.030000030994415283,-0.009999990463256836,-0.02000001072883606,0.0,-0.009999997913837426,2.0,9.0,08-04,-0.026363641700961414
07-21,0.189999938011169,-0.20000004768371582,-0.010000109672546609,0.010000050067901611,-0.12000000476837158,-0.19999998807907104,-0.030000030994415283,-0.009999990463256836,-0.02000001072883606,0.0,-0.009999997913837426,2.0,9.0,08-05,-0.03636365383863455
07-22,0.17999994754791238,-0.20000004768371582,-0.010000109672546609,0.010000050067901611,-0.12000000476837158,-0.19999998807907104,-0.030000030994415283,0.0,-0.02000001072883606,0.0,-0.009999997913837426,2.0,9.0,08-06,-0.03636365383863453
07-23,0.189999938011169,-0.19000005722045898,-0.010000109672546609,0.010000050067901611,-0.12000000476837158,-0.20999997854232788,-0.030000030994415283,0.0,-0.02000001072883606,0.0,0.0,2.0,9.0,08-07,-0.03454547307708053
07-24,0.14999997615814187,-0.10000002384185813,-0.010000109672546609,0.0,-0.12000000476837158,-0.009999990463256836,-0.030000030994415283,0.0,-0.02000001072883606,0.0,0.0,1.0,10.0,08-08,-0.012727290391922058
07-25,0.14999997615814187,-0.10000002384185813,-0.03000009059906028,0.0,-0.12000000476837158,-0.009999990463256836,-0.030000030994415283,0.0,-0.030000001192092896,0.0,0.0,1.0,10.0,08-09,-0.015454560518264831
07-26,0.14999997615814187,-0.10000002384185813,0.039999961853027344,0.0,-0.12000000476837158,0.13999998569488525,-0.030000030994415283,0.0,-0.030000001192092896,0.0,0.0,3.0,8.0,08-10,0.004545442082665143
07-27,-0.3200000524520874,-0.31000006198883057,0.05000007152557395,0.0,-0.12000000476837158,0.20999997854232788,-0.009999990463256836,0.0,-0.030000001192092896,0.0,0.0,2.0,9.0,08-11,-0.048181823708794314
07-28,-0.33000004291534424,-0.25999999046325684,0.039999961853027344,0.0,-0.12000000476837158,0.20999997854232788,0.0,0.0,-0.030000001192092896,0.0,0.0,2.0,9.0,08-12,-0.0445454635403373
07-29,-0.2999999523162842,-0.2200000286102295,0.0,0.0,-0.12000000476837158,0.20999997854232788,-0.009999990463256836,0.0,-0.030000001192092896,0.0,0.0,1.0,10.0,08-13,-0.04272727261890064
07-30,-0.2799999713897703,-0.2200000286102295,-0.010000109672546609,0.0,-0.12000000476837158,0.20999997854232788,-0.009999990463256836,0.0,-0.030000001192092896,0.0,0.009999997913837426,2.0,9.0,08-14,-0.040909102694554764
07-31,-0.2799999713897703,-0.2200000286102295,0.029999971389770508,0.0,0.0,0.20999997854232788,0.020000040531158447,0.0,-0.030000001192092896,0.0,0.009999997913837426,4.0,7.0,08-15,-0.023636364801363493
08-01,-0.34999990463256814,-0.11000001430511475,0.0900000333786013,-0.010000050067901611,0.0,0.20999997854232788,0.020000040531158447,0.0,-0.030000001192092896,0.0,0.009999997913837426,4.0,7.0,08-16,-0.01545453816652294
08-02,-0.34999990463256814,-0.12000000476837147,0.06000006198883079,-0.010000050067901611,0.0,0.20999997854232788,0.050000011920928955,0.12000000476837158,-0.030000001192092896,0.0,0.009999997913837426,5.0,6.0,08-17,-0.005454536866057953
08-03,-0.189999938011169,0.029999971389770508,0.06000006198883079,-0.010000050067901611,0.0,0.20999997854232788,0.06000000238418579,0.12000000476837158,-0.030000001192092896,0.0,0.009999997913837426,6.0,5.0,08-18,0.02363636615601459
08-04,-0.24000000953674294,-0.060000061988830344,0.06000006198883079,-0.010000050067901611,-0.009999990463257058,0.20999997854232788,0.10000002384185791,0.12000000476837158,-0.030000001192092896,0.0,0.009999997913837426,5.0,6.0,08-19,0.013636359436945522
08-05,-0.32999992370605424,-0.060000061988830344,0.06000006198883079,-0.11000001430511475,-0.009999990463257058,0.21999996900558472,0.10000002384185791,0.12000000476837158,-0.030000001192092896,0.0,0.029999997466802597,5.0,6.0,08-20,-0.0009090849621728812
08-06,-0.32999992370605424,-0.060000061988830344,0.06000006198883079,-0.11000001430511475,-0.009999990463257058,0.06999999284744263,0.10000002384185791,0.12000000476837158,-0.030000001192092896,0.0,0.029999997466802597,5.0,6.0,08-21,-0.014545446431094889
08-07,0.04000008106231712,-0.060000061988830344,0.08000004291534446,-0.11000001430511475,-0.009999990463257058,0.0,0.10000002384185791,0.12000000476837158,-0.02000001072883606,0.0,0.029999997466802597,5.0,6.0,08-22,0.015454552051695951
08-08,0.13999998569488525,-0.060000061988830344,0.009999990463256836,-0.11000001430511475,-0.009999990463257058,0.0,0.09000003337860107,0.12000000476837158,0.0,0.0,0.029999997466802597,5.0,6.0,08-23,0.019090904092246837
08-09,0.12999999523162842,0.1499999761581421,0.059999942779541016,-0.11000001430511475,-0.009999990463257058,0.0,0.10000002384185791,0.12000000476837158,0.04000002145767212,0.0,0.009999997913837426,7.0,4.0,08-24,0.04454545067115261
08-10,-0.019999980926513672,0.12999999523162842,0.07000005245208762,-0.11000001430511475,-0.009999990463257058,0.0,0.09000003337860107,0.12000000476837158,0.04000002145767212,0.0,0.009999997913837426,6.0,5.0,08-25,0.02909091995521025
08-11,-0.11000001430511475,0.12999999523162842,0.029999971389770508,-0.11000001430511475,-0.009999990463257058,0.0,0.06000000238418579,0.12000000476837158,0.04000002145767212,0.0,0.019999999552965164,6.0,5.0,08-26,0.015454543246464275
08-12,-0.1700000762939453,0.019999980926513672,0.019999980926513672,-0.11000001430511475,-0.009999990463257058,0.0,0.06000000238418579,0.12000000476837158,0.04000002145767212,0.0,0.010000001639127738,6.0,5.0,08-27,-0.0018181899054484129
08-13,-0.1700000762939453,0.029999971389770397,0.019999980926513672,-0.11000001430511475,-0.009999990463257058,-0.11000001430511475,0.050000011920928955,0.12000000476837158,0.08000001311302185,0.0,0.0,5.0,6.0,08-28,-0.009090919386256856
08-14,-0.33000004291534446,0.029999971389770397,-0.019999980926513672,-0.07999998331069946,-0.009999990463257058,-0.11000001430511475,0.050000011920928955,0.12000000476837158,0.08000001311302185,0.009999997913837433,0.0,5.0,6.0,08-29,-0.023636364801363562
08-15,-0.3400000333786013,0.029999971389770397,0.009999990463256836,-0.0899999737739563,0.0,-0.11000001430511475,0.04000002145767212,0.0,0.08000001311302185,0.009999997913837433,0.0,5.0,6.0,08-30,-0.03363636610182852
08-16,-0.36000001430511497,-0.019999980926513672,0.009999990463256836,0.009999990463256836,0.0,-0.009999990463256836,0.030000030994415283,0.0,0.08000001311302185,0.009999997913837433,0.0,5.0,6.0,08-31,-0.022727269340645204
08-17,-0.3700000047683716,-0.059999942779540905,0.009999990463256836,0.009999990463256836,0.0,-0.009999990463256836,-0.009999990463256836,0.0,0.08000001311302185,0.009999997913837433,0.0,4.0,7.0,09-01,-0.030909085138277562
08-18,-0.2699999809265139,-0.059999942779540905,0.009999990463256836,0.009999990463256836,0.02999997138977073,-0.029999971389770508,0.07999998331069946,0.0,0.08000001311302185,0.009999997913837433,-0.01999999955296517,6.0,5.0,09-02,-0.014545449817722484
08-19,-0.36999988555908203,-0.059999942779540905,0.009999990463256836,0.009999990463256836,0.0,-0.029999971389770508,0.0899999737739563,0.0,0.08000001311302185,0.009999997913837433,-0.01999999955296517,5.0,6.0,09-03,-0.02545453032309358
08-20,-0.3599998950958252,-0.059999942779540905,0.009999990463256836,0.009999990463256836,0.0,-0.029999971389770508,0.07999998331069946,0.0,0.08000001311302185,0.009999997913837433,0.0,5.0,6.0,09-04,-0.02363634854555129
08-21,-0.2099999189376831,-0.059999942779540905,0.0,0.009999990463256836,0.0,-0.029999971389770508,0.07999998331069946,0.0,0.08000001311302185,0.009999997913837433,0.0,4.0,7.0,09-05,-0.010909077118743539
08-22,-0.2099999189376831,-0.059999942779540905,-0.009999990463256836,0.009999990463256836,0.0,-0.029999971389770508,0.07999998331069946,-0.009999990463256836,0.03999999165534973,0.009999997913837433,-0.010000001639127738,4.0,7.0,09-06,-0.01727271384813568
08-23,-0.1499999761581421,-0.03999996185302723,0.0,0.009999990463256836,0.0,-0.029999971389770508,0.07999998331069946,-0.009999990463256836,0.03999999165534973,0.009999997913837433,-0.010000001639127738,4.0,7.0,09-07,-0.009090903469107358
08-24,-0.12999999523162842,-0.03999996185302723,0.0,0.009999990463256836,0.0,-0.029999971389770508,0.07999998331069946,-0.020000040531158447,0.0,0.009999997913837433,0.009999997913837433,4.0,7.0,09-08,-0.009999999945813949
08-25,0.0,-0.019999980926513672,-0.009999990463256836,0.009999990463256836,0.0,-0.12000000476837158,0.050000011920928955,-0.020000040531158447,0.0,0.009999997913837433,0.009999997913837433,4.0,7.0,09-09,-0.008181819861585444
08-26,0.039999961853027344,-0.019999980926513672,-0.009999990463256836,0.029999971389770508,0.0,-0.0899999737739563,0.06000000238418579,-0.020000040531158447,0.0,0.009999997913837433,0.01999999955296517,5.0,6.0,09-10,0.0018181770362637266
08-27,0.059999942779541016,-0.019999980926513672,-0.009999990463256836,0.009999990463256836,0.0,-0.1899999976158142,0.06000000238418579,-0.030000030994415283,0.0,0.0,0.01999999955296517,4.0,7.0,09-11,-0.009090914983641018
08-28,0.12000000476837158,0.009999990463256836,-0.12000000476837158,0.019999980926513672,-0.019999980926513672,-0.1899999976158142,0.019999980926513672,-0.030000030994415283,0.0,0.0,0.01999999955296517,5.0,6.0,09-12,-0.015454550697044893
08-29,0.12000000476837158,-0.009999990463256836,0.0,0.019999980926513672,0.009999990463257058,-0.17000001668930054,0.06999999284744263,-0.030000030994415283,0.0,0.0,0.01999999955296517,5.0,6.0,09-13,0.002727266401052496
08-30,0.08000004291534424,0.029999971389770397,0.0,0.019999980926513672,0.009999990463257058,-0.17000001668930054,0.06999999284744263,-0.12000000476837158,0.0,0.0,0.0,5.0,6.0,09-14,-0.007272731174122193
08-31,0.1099998950958252,0.029999971389770397,0.009999990463256836,0.019999980926513672,0.009999990463257058,-0.17000001668930054,-0.029999971389770508,-0.12000000476837158,0.0,0.0,0.0,5.0,6.0,09-15,-0.012727287682619952
09-01,0.11999988555908203,0.029999971389770397,0.009999990463256836,0.019999980926513672,0.009999990463257058,-0.15000003576278687,-0.029999971389770508,-0.11000001430511475,0.0,0.0,0.0,5.0,6.0,09-16,-0.009090927514162921
09-02,0.04999995231628418,0.029999971389770397,0.009999990463256836,0.019999980926513672,0.009999990463257058,-0.15000003576278687,-0.029999971389770508,-0.11000001430511475,0.0,0.0,0.0,5.0,6.0,09-17,-0.015454557808962726
09-03,0.029999971389770508,0.029999971389770397,0.009999990463256836,0.019999980926513672,0.009999990463257058,-0.15000003576278687,-0.029999971389770508,-0.11000001430511475,0.0,0.0,-0.01999999955296517,5.0,6.0,09-18,-0.01909091967073353
09-04,0.029999971389770508,0.029999971389770397,0.009999990463256836,0.019999980926513672,0.0,-0.06000000238418579,-0.04000002145767212,-0.11000001430511475,0.0,0.0,-0.01999999955296517,4.0,7.0,09-19,-0.012727283957329673
09-05,0.029999971389770508,0.029999971389770397,-0.12999999523162842,0.019999980926513672,0.0,0.019999980926513672,-0.04000002145767212,-0.17000001668930048,0.0,0.0,-0.01999999955296517,4.0,7.0,09-20,-0.023636375299908904
09-06,0.029999971389770508,0.029999971389770397,-0.12999999523162842,0.0,0.0,0.2900000214576721,-0.04000002145767212,-0.0899999737739563,0.0,0.0,-0.01999999955296517,3.0,8.0,09-21,0.006363634020090093
09-07,0.029999971389770508,0.029999971389770508,-0.12999999523162842,0.0,0.0,0.2900000214576721,-0.030000030994415283,-0.07999998331069946,0.0,0.0,-0.01999999955296517,3.0,8.0,09-22,0.008181814104318619
09-08,0.04000008106231667,0.0,-0.019999980926513672,0.0,0.0,0.2900000214576721,0.019999980926513672,-0.07999998331069946,0.0,0.0,-0.01999999955296517,3.0,8.0,09-23,0.02090910178693856
09-09,0.03000009059906006,0.019999980926513672,-0.019999980926513672,0.0,0.019999980926513894,0.2900000214576721,-0.030000030994415283,-0.07999998331069946,0.0,0.0,-0.009999997913837433,4.0,7.0,09-24,0.020000007342208536
09-10,0.0700000524520874,0.019999980926513672,-0.019999980926513672,0.0,0.009999990463256836,0.2900000214576721,-0.030000030994415283,-0.16999998688697815,-0.12999999523162836,0.0,0.0,4.0,7.0,09-25,0.003636368296363142
09-11,0.03000009059906006,0.019999980926513672,-0.13999998569488525,0.06000000238418579,0.009999990463256836,0.2900000214576721,-0.020000040531158447,-0.16999998688697815,-0.12999999523162836,0.0,0.0,5.0,6.0,09-26,-0.0045454475012692485
09-12,-0.029999971389770508,0.019999980926513672,-0.13999998569488525,0.020000040531158447,0.009999990463256836,0.27000004053115845,-0.020000040531158447,-0.08000001311302185,-0.18000000715255737,0.0,0.0,4.0,7.0,09-27,-0.011818178675391457
09-13,-0.029999971389770508,0.019999980926513672,-0.12999999523162842,0.020000040531158447,0.009999990463256836,0.19999998807907104,-0.06000000238418579,-0.009999990463256836,-0.18000000715255737,0.0,0.0,4.0,7.0,09-28,-0.014545451511036266
09-14,-0.039999961853027344,0.019999980926513672,-0.12999999523162842,0.020000040531158447,0.009999990463256836,0.19999998807907104,-0.050000011920928955,-0.08000001311302185,-0.18000000715255737,0.0,0.0,4.0,7.0,09-29,-0.020909089933742176
09-15,0.3400000333786011,0.019999980926513672,-0.12999999523162842,0.020000040531158447,0.009999990463256836,0.19999998807907104,-0.029999971389770508,-0.08000001311302185,-0.18000000715255737,0.0,0.0,5.0,6.0,09-30,0.01545454968105663
09-16,0.10000002384185791,0.019999980926513672,-0.12999999523162842,0.13999998569488525,0.009999990463256836,0.19999998807907104,-0.029999971389770508,-0.020000010728836115,-0.1900000125169754,0.0,0.0,5.0,6.0,10-01,0.009090907194397662
09-17,0.10000002384185791,0.019999980926513672,-0.12999999523162842,0.13999998569488525,0.019999980926513894,-0.0700000524520874,-0.029999971389770508,-0.020000010728836115,-0.20000000298023224,0.0,0.0,4.0,7.0,10-02,-0.015454551035707632
09-18,0.10000002384185791,0.019999980926513672,0.009999990463256836,0.13999998569488525,0.019999980926513894,-0.0700000524520874,-0.029999971389770508,-0.020000010728836115,-0.1900000125169754,0.0,0.0,5.0,6.0,10-03,-0.0018181895667856239
09-19,0.10000002384185791,-0.029999971389770397,0.009999990463256836,0.030000030994415283,0.019999980926513894,-0.0700000524520874,-0.029999971389770508,-0.09000000357627869,-0.1900000125169754,0.0,0.0,4.0,7.0,10-04,-0.02272727137262168
09-20,0.25,-0.09999996423721325,0.009999990463256836,0.030000030994415283,0.0,-0.0700000524520874,-0.009999990463256836,-0.09000000357627869,-0.1900000125169754,0.0,0.0,3.0,8.0,10-05,-0.015454545617103587
09-21,-0.09000003337860085,-0.15999996662139893,0.009999990463256836,0.030000030994415283,0.0,-0.0700000524520874,-0.019999980926513672,0.0,-0.06000001728534704,0.0,-0.009999997913837426,2.0,9.0,10-06,-0.03363636610182847
09-22,-0.03000009059906006,-0.15999996662139893,0.009999990463256836,0.030000030994415283,-0.09000003337860107,-0.0700000524520874,-0.12000000476837158,0.0,-0.06000001728534704,0.0,-0.019999999552965164,2.0,9.0,10-07,-0.04636364938183264
09-23,0.029999971389770508,-0.15999996662139893,0.0,0.04000002145767212,-0.18999999761581432,-0.0700000524520874,-0.12000000476837158,0.0,-0.06000001728534704,0.0,-0.009999997913837426,2.0,9.0,10-08,-0.049090913073583105
09-24,0.029999971389770508,-0.15999996662139893,0.0,-0.019999980926513672,-0.30000001192092896,0.0,-0.0700000524520874,0.0,-0.06000001728534704,0.0,0.0,1.0,10.0,10-09,-0.05272727798331867
09-25,0.029999971389770508,-0.15999996662139893,0.0,0.019999980926513672,-0.30000001192092896,0.0,-0.0700000524520874,0.03999999165534973,-0.01000000536441803,0.0,0.0,3.0,8.0,10-10,-0.040909099307927216
09-26,0.0,-0.15999996662139893,-0.24000000953674316,0.019999980926513672,-0.30000001192092896,0.0,-0.0700000524520874,-0.030000030994415283,-0.01000000536441803,0.0,0.0,1.0,10.0,10-11,-0.07181819054213437
09-27,-0.029999971389770508,-0.15999996662139893,-0.2200000286102295,-0.09999996423721313,-0.30000001192092896,0.0,-0.08000004291534424,0.03999999165534973,0.0,0.0,0.010000001639127738,2.0,9.0,10-12,-0.07636363567276434
09-28,-0.3999999761581421,-0.1499999761581421,-0.2200000286102295,-0.09999996423721313,-0.3700000047683716,0.0,-0.09000003337860107,0.03999999165534973,0.009999990463256836,0.0,0.010000001639127738,3.0,8.0,10-13,-0.11545454541390593
09-29,-0.12999999523162842,-0.1499999761581421,-0.2200000286102295,-0.09999996423721313,-0.3700000047683716,0.0,-0.019999980926513672,0.03999999165534973,0.0,0.0,0.010000001639127738,2.0,9.0,10-14,-0.08545454151251099
09-30,-0.13999998569488525,-0.10000002384185802,-0.13999998569488525,-0.09999996423721313,-0.3700000047683716,0.0,-0.019999980926513672,0.03999999165534973,-0.009999990463256836,0.0,0.010000001639127738,2.0,9.0,10-15,-0.07545454021204602
10-01,-0.28999996185302734,-0.050000011920928844,-0.13999998569488525,-0.09999996423721313,-0.38999998569488525,0.0,-0.019999980926513672,0.03999999165534973,-0.009999990463256836,0.0,0.0,1.0,10.0,10-16,-0.08727271719412369
10-02,0.009999990463256836,-0.050000011920928844,-0.13999998569488525,0.009999990463256836,-0.38999998569488525,0.0,-0.019999980926513672,0.03999999165534973,-0.009999990463256836,0.0,0.009999997913837426,4.0,7.0,10-17,-0.049090907654979005
10-03,0.009999990463256836,0.039999961853027566,-0.12999999523162842,0.009999990463256836,-0.2999999523162842,0.0,-0.019999980926513672,0.03999999165534973,-0.019999995827674866,0.0,0.009999997913837426,5.0,6.0,10-18,-0.032727271995761156
10-04,-0.13999998569488525,0.09999996423721325,-0.12000000476837158,0.0,-0.19999998807907093,0.0,-0.019999980926513672,0.03999999165534973,0.0,0.0,0.009999997913837426,3.0,8.0,10-19,-0.030000000514767367
10-05,-0.18999993801116943,0.09999996423721325,-0.12000000476837158,0.0,-0.19999998807907093,0.0,0.0700000524520874,0.03999999165534973,0.0,0.0,0.009999997913837426,4.0,7.0,10-20,-0.026363629509102194
10-06,-0.18999993801116943,0.09999996423721325,-0.12000000476837158,-0.009999990463256836,-0.19999998807907093,-0.22999995946884155,0.0700000524520874,0.0,0.0,0.0,0.009999997913837426,3.0,8.0,10-21,-0.05181816965341566
10-07,-0.15999996662139893,0.09999996423721325,0.019999980926513672,-0.009999990463256836,-0.0899999737739563,-0.22999995946884155,0.0700000524520874,0.0,0.0,0.0,0.0,3.0,8.0,10-22,-0.027272717519239934
10-08,-0.12999999523162842,0.09999996423721325,0.009999990463256836,-0.009999990463256836,-0.0899999737739563,-0.22999995946884155,0.0700000524520874,0.0,-0.04999999701976776,0.0,-0.010000001639127738,3.0,8.0,10-23,-0.030909082767638284
10-09,-0.12999999523162842,0.09999996423721325,0.24000000953674316,-0.009999990463256836,-0.019999980926513672,-0.22999995946884155,0.0700000524520874,0.0,-0.0599999874830246,0.0,-0.010000001639127738,3.0,8.0,10-24,-0.004545444453304455
10-10,-0.08000004291534402,0.09999996423721325,0.2200000286102295,-0.009999990463256836,-0.019999980926513672,-0.22999995946884155,0.0700000524520874,0.0,-0.04999999701976776,0.0,-0.010000001639127738,3.0,8.0,10-25,-0.0009090842848474033
10-11,-0.10000002384185791,0.08999997377395641,0.13999998569488525,-0.009999990463256836,-0.019999980926513672,-0.22999995946884155,0.0700000524520874,-0.019999980926513616,-0.040000006556510925,0.0,0.0,3.0,8.0,10-26,-0.01090908456932413
10-12,-0.15999996662139893,0.08999997377395641,0.13999998569488525,-0.009999990463256836,-0.019999980926513672,-0.2399999499320984,0.0,-0.019999980926513616,-0.040000006556510925,0.0,0.009999997913837433,3.0,8.0,10-27,-0.022727265276692114
10-13,-0.16999995708465598,0.08999997377395641,0.13999998569488525,-0.009999990463256836,-0.019999980926513672,-0.22999995946884155,0.0,-0.019999980926513616,-0.040000006556510925,0.0,0.009999997913837433,3.0,8.0,10-28,-0.022727265276692134
10-14,-0.15999996662139893,0.0,0.13999998569488525,0.12000000476837169,0.0,-0.25,0.0,-0.019999980926513616,-0.030000001192092896,0.0,0.01999999955296517,3.0,8.0,10-29,-0.01636363261125303
10-15,-0.009999990463256836,0.0,0.13999998569488525,0.12000000476837169,0.0,-0.2399999499320984,0.0,-0.019999980926513616,-0.01000000536441803,0.0,0.01999999955296517,3.0,8.0,10-30,5.7572668406658985e-09
10-16,-0.009999990463256836,0.0,0.12999999523162842,0.12000000476837169,0.0,-0.2399999499320984,0.0,-0.019999980926513616,0.01000000536441803,0.0,0.01999999955296517,4.0,7.0,10-31,0.0009090985086831337
10-17,0.0,0.0,0.12999999523162842,0.12999999523162853,0.0,-0.009999990463256836,0.0,-0.019999980926513616,0.0,0.0,0.01999999955296517,3.0,8.0,11-01,0.022727274420586516
10-18,-0.12000000476837158,0.050000011920928844,-0.009999990463256836,0.12999999523162853,0.0,-0.020000040531158447,0.0,-0.019999980926513616,0.020000010728836087,0.0,0.01999999955296517,4.0,7.0,11-02,0.004545454613187104
10-19,-0.13999998569488514,0.050000011920928844,0.0,0.12999999523162853,0.039999961853027344,-0.020000040531158447,0.0,-0.019999980926513616,0.07000000774860385,0.0,0.010000001639127738,5.0,6.0,11-03,0.010909088294614462
10-20,-0.25,0.06000000238418568,0.0,0.0,0.039999961853027344,0.050000011920928955,0.0,-0.019999980926513616,0.07999999821186068,0.0,0.010000001639127738,5.0,6.0,11-04,-0.002727273174307565
10-21,-0.24999994039535556,0.06000000238418568,0.0,0.0,0.039999961853027344,0.050000011920928955,0.0,-0.019999980926513616,0.07999999821186068,0.0,0.010000001639127738,5.0,6.0,11-05,-0.0027272677557035247
10-22,-0.22999995946884166,0.06000000238418568,0.0,0.0,0.039999961853027344,0.050000011920928955,0.0,0.0,0.07999999821186068,0.0,0.0,4.0,7.0,11-06,1.354650999959875e-09
10-23,-0.19999998807907116,0.06000000238418568,0.0,0.0,-0.020000040531158447,0.06000000238418579,0.0,0.0,0.07000000774860385,0.0,-0.009999997913837433,3.0,8.0,11-07,-0.0036363649097356106
10-24,-0.19999998807907116,0.06000000238418568,0.0,0.0,-0.020000040531158447,0.050000011920928955,-0.04000002145767212,0.019999980926513616,0.09000000357627869,-0.040000002831220634,-0.009999997913837433,4.0,7.0,11-08,-0.008181822909550258
10-25,-0.1600000262260438,-0.08999997377395641,-0.10000002384185791,-0.12999999523162853,-0.020000040531158447,0.050000011920928955,-0.09000003337860107,0.019999980926513616,0.06999999284744265,-0.040000002831220634,-0.009999997913837433,3.0,8.0,11-09,-0.04545455527576537
10-26,-0.16000002622604348,-0.009999990463257058,-0.10000002384185791,-0.12999999523162853,0.1199999451637268,0.050000011920928955,-0.04000002145767212,0.029999971389770452,0.04999999701976779,-0.040000002831220634,-0.009999997913837433,4.0,7.0,11-10,-0.021818193861029376
10-27,-0.15000003576278698,-0.02999997138977062,-0.10000002384185791,-0.12999999523162853,0.1199999451637268,0.0700000524520874,-0.09000003337860107,0.029999971389770452,0.03999999165534976,-0.040000002831220634,0.04999999701976776,5.0,6.0,11-11,-0.020909100432287598
10-28,-0.25999999046325684,-0.02999997138977062,-0.10000002384185791,-0.12999999523162853,0.2500000000000001,0.06000000238418579,-0.09000003337860107,0.029999971389770452,0.03999999165534976,-0.040000002831220634,0.04999999701976776,5.0,6.0,11-12,-0.02000000497156925
10-29,-0.13999998569488525,-0.07999998331069946,-0.1499999761581421,-0.12999999523162853,0.2500000000000001,0.0700000524520874,-0.09000003337860107,0.03999996185302729,0.03999999165534976,-0.040000002831220634,0.03999999910593034,5.0,6.0,11-13,-0.01727272468534383
10-30,-0.12000000476837169,-0.07999998331069946,-0.19999998807907093,-0.12999999523162853,0.21000003814697277,0.0700000524520874,-0.09000003337860107,0.03999996185302729,0.030000001192092923,-0.040000002831220634,0.049999997019767775,5.0,6.0,11-14,-0.023636359721422195
10-31,-0.12000000476837169,-0.07999998331069946,-0.19999998807907093,-0.17000001668930054,0.21000003814697277,0.0,-0.15000003576278687,0.03999996185302729,0.009999990463256836,-0.040000002831220634,0.049999997019767775,4.0,7.0,11-15,-0.04090909490531141
11-01,-0.12000000476837169,-0.0600000023841859,-0.19999998807907093,-0.17000001668930054,0.21000003814697277,0.0,-0.12000003457069391,0.03999996185302729,0.009999990463256836,-0.040000002831220634,0.059999994933605194,4.0,7.0,11-16,-0.03545455126599832
11-02,-0.009999990463256836,-0.06999999284744274,-0.19999998807907093,-0.17000001668930054,0.21000003814697277,0.0,0.0,0.030000030994415283,0.009999990463256836,-0.040000002831220634,0.07000000029802322,4.0,7.0,11-17,-0.015454539182511233
11-03,-0.020000040531158336,0.060000061988830566,-0.19999998807907093,-0.06999999284744263,0.21000003814697277,0.0,0.0,0.030000030994415283,0.009999990463256836,-0.040000002831220634,0.07000000029802322,5.0,6.0,11-18,0.00454546341841874
11-04,-0.0100000500679015,0.060000061988830566,-0.1600000262260437,-0.06999999284744263,0.21000003814697277,0.0,0.04000002145767212,0.030000030994415283,0.009999990463256836,-0.040000002831220634,0.07000000029802322,6.0,5.0,11-19,0.012727279216051123
11-05,-0.050000011920928844,0.21000003814697266,-0.1600000262260437,-0.10000002384185791,0.27000004053115856,0.0,0.09000003337860107,0.030000030994415283,0.009999990463256836,-0.05000000074505806,0.07000000029802322,6.0,5.0,11-20,0.029090915552594465
11-06,-0.030000030994415283,0.11000001430511486,-0.1600000262260437,-0.10000002384185791,0.1300000548362733,0.0,0.09000003337860107,0.030000030994415283,-0.010000005364418002,-0.009999997913837426,0.07000000029802322,5.0,6.0,11-21,0.01090909540653231
11-07,-0.04000002145767212,0.11000001430511486,-0.06000000238418579,-0.10000002384185791,0.1300000548362733,0.0,0.030000030994415283,0.019999980926513672,0.0,-0.009999997913837426,0.01000000536441803,5.0,6.0,11-22,0.00818182189356199
11-08,-0.04000002145767212,-0.029999971389770508,-0.06000000238418579,-0.10000002384185791,0.0,-0.030000030994415283,0.019999980926513672,0.009999990463256836,0.0,-0.009999997913837426,0.01000000536441803,3.0,8.0,11-23,-0.020909097384322773
11-09,-0.12000000476837147,-0.009999990463256947,-0.010000050067901611,-0.10000002384185791,0.0,-0.030000030994415283,0.06999999284744263,0.0,0.0,-0.009999997913837426,0.01000000536441803,2.0,9.0,11-24,-0.01818182725798
11-10,-0.020000040531158447,-0.009999990463256947,0.03999996185302723,-0.10000002384185791,0.0,-0.030000030994415283,0.09000003337860107,0.0,0.0,-0.009999997913837426,0.01000000536441803,3.0,8.0,11-25,-0.002727280286225425
11-11,-0.020000040531158447,-0.009999990463256947,0.03999996185302723,-0.10000002384185791,-0.04000002145767223,-0.030000030994415283,0.15000003576278687,0.0,0.0,-0.009999997913837426,0.02000000327825545,3.0,8.0,11-26,-9.482557154267218e-09
11-12,-0.020000040531158447,-0.029999971389770508,0.03999996185302723,-0.10000002384185791,-0.04000002145767223,-0.030000030994415283,0.12000003457069391,0.0,0.0,-0.009999997913837426,0.01000000536441803,3.0,8.0,11-27,-0.00545455312187024
11-13,-0.020000040531158447,-0.039999961853027344,0.03999996185302723,0.06999999284744263,-0.30000001192092907,-0.030000030994415283,0.12000003457069391,0.0,0.0,-0.009999997913837426,0.0,3.0,8.0,11-28,-0.015454550358382163
11-14,-0.050000011920928844,-0.039999961853027344,0.03999996185302723,-0.030000030994415283,-0.30000001192092907,-0.030000030994415283,0.12000003457069391,0.0,0.0,-0.009999997913837426,0.0,2.0,9.0,11-29,-0.027272731743075648
11-15,-0.050000011920928844,-0.039999961853027344,0.0,-0.030000030994415283,-0.30000001192092907,-0.030000030994415283,0.0,-0.010000050067901611,0.0,-0.009999997913837426,0.0,0.0,11.0,11-30,-0.04272728142413226
11-16,-0.15999996662139893,-0.17000001668930065,0.0,0.0,-0.30000001192092907,-0.030000030994415283,0.0,-0.010000050067901611,0.0,0.0,0.0,0.0,11.0,12-01,-0.06090909784490414
11-17,-0.16999995708465576,-0.06999999284744285,0.0,0.0,-0.30000001192092907,-0.04000002145767212,0.0,-0.010000050067901611,0.0,0.0,0.0,0.0,11.0,12-02,-0.05363636667078195
11-18,-0.15999996662139893,-0.06999999284744285,0.0,0.0,-0.30000001192092907,-0.04000002145767212,0.06000000238418579,0.0,-0.07999999821186068,0.0,0.0,1.0,10.0,12-03,-0.05363636260682889
11-19,-0.15999996662139893,-0.009999990463256836,0.0,0.0,-0.30000001192092907,-0.009999990463256836,0.020000040531158447,-0.009999990463256836,-0.06999999284744265,0.0,0.0,1.0,10.0,12-04,-0.04909090020439843
11-20,-0.09999996423721313,0.12999993562698375,0.010000050067901611,0.0,-0.30000001192092907,-0.009999990463256836,0.020000040531158447,-0.009999990463256836,-0.06999999284744265,0.0,0.0,3.0,7.0,12-05,-0.02999999306418679
11-21,-0.09999996423721313,0.009999990463256947,0.010000050067901611,0.0,-0.30000001192092907,-0.009999990463256836,0.020000040531158447,-0.009999990463256836,-0.06999999284744265,0.0,0.0,3.0,7.0,12-06,-0.04090907898816196
11-22,-0.09999996423721313,0.009999990463256947,0.010000050067901611,0.0,-0.25999999046325684,-0.09999999403953552,0.0,-0.009999990463256836,-0.06999999284744265,0.0,0.0,2.0,8.0,12-07,-0.04727271741086785
11-23,-0.09999996423721313,0.019999980926513783,0.010000050067901611,0.0,-0.009999990463256947,-0.09999999403953552,0.0,-0.009999990463256836,-0.06999999284744265,0.0,0.0,2.0,8.0,12-08,-0.02363635464148088
11-24,-0.10000002384185802,0.019999980926513783,0.010000050067901611,0.12999999523162842,-0.009999990463256947,-0.09999999403953552,0.0,-0.009999990463256836,-0.06999999284744265,0.0,0.0,3.0,7.0,12-09,-0.01181817867539147
11-25,-0.07999998331069957,0.019999980926513783,0.010000050067901611,0.06000000238418579,0.2499999999999999,-0.09999999403953552,0.0,-0.009999990463256836,-0.08999998867511752,0.0,0.0,4.0,6.0,12-10,0.005454552444544693
11-26,-0.07999998331069957,0.019999980926513783,0.010000050067901611,0.030000030994415283,0.2499999999999999,-0.09999999403953552,0.0,-0.009999990463256836,-0.07999999821186068,-0.010000001639127731,0.0,4.0,6.0,12-11,0.0027272813022136562
11-27,-0.009999990463256836,-0.020000040531158336,0.010000050067901611,0.030000030994415283,0.2499999999999999,-0.09999999403953552,0.0,-0.009999990463256836,-0.03999999165534976,-0.010000001639127731,0.0,3.0,7.0,12-12,0.009090915660966524
11-28,-0.020000040531158447,-0.020000040531158336,0.010000050067901611,0.030000030994415283,0.2499999999999999,-0.09000000357627869,0.0,-0.009999990463256836,-0.05999998748302465,0.009999997913837426,0.0,4.0,6.0,12-13,0.009090910581025206
11-29,-0.020000040531158447,-0.020000040531158336,0.07000005245208729,0.030000030994415283,0.2499999999999999,-0.009999990463256836,-0.06000000238418579,-0.009999990463256836,0.020000010728836032,0.009999997913837426,0.0,5.0,5.0,12-14,0.02363636615601452
11-30,-0.04000002145767212,-0.020000040531158336,0.07000005245208729,0.030000030994415283,0.2499999999999999,-0.009999990463256836,0.0,0.0,0.010000005364418002,0.009999997913837426,0.0,5.0,5.0,12-15,0.027272730388424603
12-01,-0.020000040531158447,-0.15999996662139893,0.06000000238418568,0.030000030994415283,0.2499999999999999,-0.009999990463256836,0.009999990463256836,0.0,0.010000005364418002,0.0,0.0,5.0,5.0,12-16,0.015454548326405589
12-02,0.019999980926513672,-0.04000002145767212,0.06000000238418568,0.030000030994415283,0.029999971389770508,-0.009999990463256836,0.009999990463256836,0.0,0.010000005364418002,0.009999997913837426,0.0,7.0,3.0,12-17,0.010909087955951679
12-03,0.019999980926513672,-0.04000002145767212,0.15999996662139893,0.030000030994415283,0.029999971389770508,0.08000001311302185,0.009999990463256836,0.0,-0.01000000536441803,0.009999997913837426,0.0,7.0,3.0,12-18,0.026363629509102215
12-04,0.019999980926513672,-0.04000002145767212,0.26999998092651367,0.030000030994415283,-0.22000002861022938,0.08000001311302185,0.009999990463256836,0.0,0.019999995827674866,0.009999997913837426,0.0,7.0,3.0,12-19,0.016363630917939284
12-05,0.04999995231628418,-0.04000002145767212,0.2999999523162842,-0.029999971389770508,-0.22000002861022938,0.08000001311302185,-0.010000050067901611,0.0,0.03999999165534973,0.0,0.0,4.0,6.0,12-20,0.015454530715942393
12-06,0.04999995231628418,-0.04000002145767212,0.23000001907348633,0.04000002145767212,-0.22000002861022938,0.08000001311302185,-0.010000050067901611,0.0,0.0,0.0,0.0,4.0,6.0,12-21,0.011818173256787396
12-07,0.12000000476837158,-0.050000011920928955,0.23000001907348633,0.06999999284744263,-0.22000002861022938,0.08000001311302185,-0.010000050067901611,0.0,-0.009999990463256836,0.010000001639127731,0.0,5.0,5.0,12-22,0.019999995489012122
12-08,0.09999996423721313,-0.009999990463256836,0.23000001907348633,0.06999999284744263,-0.22000002861022938,0.08000001311302185,-0.010000050067901611,0.0,-0.04999999701976776,0.010000001639127731,0.0,5.0,5.0,12-23,0.018181811340830554
12-09,0.11000001430511475,-0.009999990463256836,0.30999994277954124,0.06999999284744263,-0.22000002861022938,0.08000001311302185,-0.010000050067901611,0.0,-0.04999999701976776,0.010000001639127731,0.0,5.0,5.0,12-24,0.026363627138462964
12-10,0.11000001430511475,-0.009999990463256836,0.30999994277954124,0.06999999284744263,-0.22000002861022938,0.0,0.04999995231628418,0.0,-0.04999999701976776,0.010000001639127731,0.0,5.0,5.0,12-25,0.024545444344932412
12-11,0.12999999523162842,-0.009999990463256836,0.04999995231628418,0.06999999284744263,-0.1600000262260436,0.0,0.04999995231628418,0.0,-0.030000001192092868,-0.009999997913837426,0.0,4.0,6.0,12-26,0.008181806992400788
12-12,0.12999999523162842,-0.009999990463256836,-0.0100000500679015,0.06999999284744263,-0.1600000262260436,0.0,0.04999995231628418,0.0,-0.030000001192092868,0.0,0.0,3.0,7.0,12-27,0.0036363520405509483
12-13,0.24000000953674316,-0.050000011920928955,-0.0100000500679015,0.06999999284744263,0.06000000238418579,0.0,-0.010000050067901611,0.0,-0.030000001192092868,-0.009999997913837426,0.0,3.0,7.0,12-28,0.02363635396415538
12-14,0.2200000286102295,-0.050000011920928955,-0.11000001430511475,0.06999999284744263,0.06000000238418579,0.0,-0.020000040531158447,-0.07999998331069946,-0.009999990463256836,-0.009999997913837426,0.0,3.0,7.0,12-29,0.006363635036078366
12-15,0.18000000715255737,-0.050000011920928955,-0.2200000286102295,0.06999999284744263,0.06000000238418579,0.0,-0.020000040531158447,-0.07999998331069946,-0.03999999165534973,-0.009999997913837426,0.0,3.0,7.0,12-30,-0.010000004687092522
12-16,0.1600000262260437,-0.050000011920928955,0.04999995231628418,0.07999998331069946,0.06000000238418579,0.0,0.0,-0.07999998331069946,-0.03999999165534973,0.010000001639127738,0.0,5.0,5.0,12-31,0.017272725362669338
12-17,0.1600000262260437,-0.050000011920928955,0.04999995231628418,0.07999998331069946,0.06000000238418579,0.0,0.0,-0.07999998331069946,-0.03999999165534973,0.010000001639127738,0.0,5.0,5.0,01-01,0.017272725362669338
12-18,0.12000000476837158,-0.050000011920928955,0.040000081062316895,0.009999990463256836,0.06000000238418579,0.0,0.0,-0.06999999284744263,0.019999995827674866,0.0,0.0,5.0,5.0,01-02,0.01181818815794858
12-19,0.2500000596046448,-0.019999980926513672,0.11000001430511475,0.009999990463256836,0.06000000238418579,0.0,-0.0899999737739563,-0.009999990463256836,0.0599999874830246,0.0,0.0,5.0,5.0,01-03,0.03363637355240909
12-20,0.4399999976158142,-0.009999990463256836,0.030000090599059837,0.009999990463256836,0.06000000238418579,0.0,-0.07999998331069946,-0.009999990463256836,0.0599999874830246,0.0,0.0,5.0,5.0,01-04,0.045454554937102556
12-21,0.4399999976158142,-0.009999990463256836,0.2900000810623169,0.009999990463256836,0.06000000238418579,0.0,-0.07999998331069946,-0.009999990463256836,0.0599999874830246,0.0,0.0,5.0,5.0,01-05,0.06909091770648956
12-22,0.47999995946884155,-0.009999990463256836,0.2900000810623169,0.009999990463256836,0.2900000214576721,0.0,-0.07999998331069946,-0.009999990463256836,0.0599999874830246,0.0,0.0,5.0,5.0,01-06,0.0936363705179908
12-23,0.4399999976158142,0.030000030994415283,0.3100000619888308,0.0,0.23000001907348633,0.0,-0.07999998331069946,-0.009999990463256836,0.030000001192092868,0.0,0.0,5.0,5.0,01-07,0.08636364882642575
12-24,0.4399999976158142,0.030000030994415283,0.3100000619888308,0.0,0.23000001907348633,0.0,-0.07999998331069946,-0.009999990463256836,0.030000001192092868,0.019999999552965164,0.0,6.0,4.0,01-08,0.08818183060396803
12-26,0.5699999928474426,0.020000040531158447,0.4099999666213989,-0.020000040531158447,0.019999980926513672,0.0,-0.07999998331069946,-0.009999990463256836,0.04999999701976776,0.019999999552965164,0.0,6.0,4.0,01-10,0.08909090574492108
12-27,0.5300000309944155,0.020000040531158447,0.13999998569488525,-0.030000030994415283,0.019999980926513672,-0.060000002384185736,-0.06999999284744263,0.06999999284744263,0.04999999701976776,0.0,0.0,6.0,4.0,01-11,0.06090909107164905
12-28,0.4699999690055847,0.020000040531158447,0.11999988555908203,-0.030000030994415283,0.019999980926513672,-0.060000002384185736,-0.06000000238418579,0.06000000238418579,-0.009999990463256836,0.019999999552965164,0.0,6.0,4.0,01-12,0.049999986521222374
12-29,0.5300000309944153,0.019999980926513672,0.11999988555908203,-0.030000030994415283,0.019999980926513672,-0.060000002384185736,0.029999971389770508,0.0,-0.009999990463256836,0.019999999552965164,0.0,6.0,4.0,01-13,0.05818180231885477
12-30,0.3999999761581421,0.019999980926513672,0.039999961853027344,0.019999980926513672,0.04000002145767223,-0.11000001430511475,0.019999980926513672,0.0,-0.009999990463256836,0.019999999552965164,0.0,7.0,3.0,01-14,0.03999999063936148
12-31,0.21000003814697266,0.019999980926513672,-0.030000090599059837,0.019999980926513672,0.050000011920928955,-0.11000001430511475,0.019999980926513672,0.0,-0.009999990463256836,0.029999997466802597,0.0,6.0,4.0,01-15,0.018181808631528528
