,2009,2010,2011,2012,2013,2014,2015,2016,2017,2018,2019,2020,ups,downs,avg
01-02,-36.283181442491944,8.020604417582188,1.4463791481980277,0.8886746219225545,1.1627906976744187,0.26041642413471766,-7.990636582551616,-9.474639851109808,-1.7127796520189273,5.303799202742382,3.034409467703767,-2.6943832766488103,7.0,5.0,-3.1698789020719214
01-03,-35.20157224040697,8.020604417582188,-0.30456580517123694,0.3761162293574743,0.5555594310838305,0.8463549306422218,-5.282513981165267,-9.474639851109808,-0.20396923739866082,4.933039099190856,6.713176768888758,-2.3094703311841522,6.0,6.0,-2.61099004747423
01-04,-35.20157224040697,11.41034511588629,8.738312921583102,0.18761261140365473,-0.6481453109998118,1.4648400574514169,-5.282513981165267,-8.031166889295447,-5.8665670671830785,4.929105166963512,3.884589111848106,-1.1354891512386533,6.0,6.0,-2.129220804596095
01-05,-40.3061197182379,10.693645083767622,8.962467167708494,-0.6184546048313085,0.18518942046712325,1.4648400574514169,-7.327878688987109,-8.095954682080736,-3.8859087175979847,3.0722543179519173,5.355459585069144,-1.1354891512386533,6.0,6.0,-2.6363291608798316
01-06,-71.98538148540639,11.814347915809192,8.808984649315308,0.0,0.18518942046712325,1.1430449767371371,-4.049952065231184,-9.728219911281784,-4.115615700808571,3.392981227684682,5.355459585069144,0.4923350302391273,7.0,5.0,-4.890568863117186
01-07,-113.09707875880679,9.032719913661955,10.606744316186782,0.6184636788017543,1.2820544170752952,4.347823474221749,-6.960947993048326,-4.9480722322327475,-1.607963486980776,2.003428001836791,5.746481452189714,1.1184837015884181,8.0,4.0,-7.654821959625515
01-08,-124.83443724294017,7.752490185328228,11.14606535836552,-1.9521699511880888,4.080716944150248,4.527002531539448,-10.786668924121741,-3.6957819866834702,-2.391978539384505,2.835317386042549,9.062669698443752,-2.9839195840242914,6.0,6.0,-8.936724510372711
01-09,-108.11257904325942,6.82788057963048,11.026097800634664,0.6184636788017543,6.04856050754169,3.8701674252008496,-6.286499090815216,-3.2376221876949796,-1.4138358355167264,1.6219920913255474,6.671579513204963,-3.8759691068654942,7.0,5.0,-7.186813638984323
01-10,-88.41059911115659,9.027772718741437,13.479211694910049,-2.3682926943940075,4.311108059353298,3.807744025724679,-4.46581659156087,-6.5573769506052955,-3.5893489411528106,1.7451690466081415,6.54499067459868,-1.8410868043259851,6.0,6.0,-5.693043739438273
01-11,-113.50844798001758,10.58019984587581,13.339151273113597,2.0009321068196737,4.977781507703993,5.024970550395079,3.091138748554369,-5.989337986729792,-2.093156017165333,-0.6139164633332388,5.973454237102417,-2.6356601755204365,7.0,5.0,-6.654407529433453
01-12,-165.88784010715014,15.044810787534121,14.022300602728718,2.46350781773648,4.75555419921875,3.488742015586552,1.1699727169185974,-12.28995519836081,2.585258202683115,-1.6030055443216567,5.49410631400598,-8.369143118436618,8.0,4.0,-11.59380760932141
01-13,-201.0781660765967,10.356198618908468,14.235954062540596,2.965326716550678,5.008861646794379,1.6165534919711293,3.113086265841506,-1.5731097009098547,1.118446278166265,-0.5968661194770482,8.871114095052084,-8.302653234980212,8.0,4.0,-13.688771163011557
01-14,-158.7786234997602,12.25124549984931,6.83500105248778,2.737228008126767,5.0509499559712605,0.45722172815125034,3.54724402886402,-3.762434982007722,4.363771595459685,-0.7514986287612802,10.43159403888725,-12.33545979090275,8.0,4.0,-10.829480082802883
01-15,-82.8358198996774,13.930346901406562,1.3931201758381033,0.5133019542001365,4.571685109872351,-0.19569297534567204,3.2959788891586532,-3.700244503591736,4.904282044744558,-2.3066282250681978,9.48215217532178,-9.597129828526903,7.0,5.0,-5.045387348472314
01-16,-53.17163868732786,11.567162098894853,2.9978618908073704,0.9293715552282888,2.8776951269557505,-1.5252022352405934,2.3401482803246743,-0.6840834009544572,3.6037714672773564,-2.967360334739846,6.0418141927423585,-14.904269854810776,7.0,5.0,-3.57456082507024
01-17,-21.08208226597284,9.885928341829295,-0.35445248022932124,-0.1879652579325937,1.488497620976189,-5.238726563991104,2.933419199645348,0.06172980500540062,1.174685385040155,-4.831009446151978,3.269753427805242,-14.77371856132458,6.0,6.0,-2.304495066275066
01-18,-52.34740428222129,8.08015499950652,1.005242791401492,0.8490580127263334,-0.5863742008084508,-6.200261741862116,5.030633519600721,2.3816615750364702,0.533127907190421,-3.143770094618886,0.5812891902980987,-12.29330208535128,7.0,5.0,-4.6758287007584975
01-19,-55.2631587953359,11.124998331069957,4.218680850399985,5.576041240919219,-2.165085884458722,-4.844515807518975,3.537503764873734,2.908538082118805,0.7656996803730692,-4.026850294958544,1.4350607202106962,-11.927998107129206,7.0,5.0,-4.055090518286323
01-20,-66.8380358894113,12.12499737739563,3.3492843211377945,3.1336418491612497,-1.7977510945180828,-5.570199796339927,6.656096750881423,-0.3678809028553746,-0.191421268966599,-3.444014128798102,-0.7052658609593982,-15.046812100226365,4.0,8.0,-5.724780061958255
01-21,-76.09328992122667,6.127773955067641,0.6089577687787198,4.654378771298376,-0.9358247748432101,-10.945610835484084,10.265099128628574,4.313731965918828,0.8039853946170563,-2.556468339816515,0.9854031442433816,-13.77865942659113,7.0,5.0,-6.379210264117419
01-22,-54.94185566998877,4.498047765281232,0.217482547013173,6.5069981080790305,-3.0013635938230356,-9.87654692450497,2.8182153266002175,3.8009112465555424,-0.09657955692184808,-2.953067891017538,2.1284277316112576,-10.943883758927855,6.0,6.0,-5.153601222503631
01-23,-24.41860868068173,-1.8252915918254071,0.2608672432277668,9.452953222546876,0.0888119776071177,-7.6109266472755035,4.7073410178590205,8.44645856870723,3.464978762625347,-9.033806194636957,2.111528915660079,-0.04094259649624037,7.0,5.0,-1.1997196668902002
01-24,-7.84883652428411,-8.17174750322575,0.9071234899916255,5.455344461463921,0.2652580506846946,-5.56314372204317,2.5085207504639895,9.699494703007463,-1.0672718611883534,-7.655586700006093,-2.2169748278498975,-0.10236039574145564,5.0,7.0,-1.1491816732272615
01-25,4.627250948663823,-5.683357021407912,0.1712367914477473,4.111988228171607,0.22104837557059193,-4.505125039400083,4.807983572000883,8.25272460239741,-4.824144138225908,-6.940637875909675,-3.997820846340123,3.5823951989007425,7.0,5.0,-0.014704767010908023
01-26,22.058826475760846,-3.2697515821378746,2.8752656073744296,7.509709820408762,0.3978786438937074,-3.515892218423801,5.237813409177137,2.0543816813388465,-6.48417833706595,-5.315068214451341,-3.8706180544502677,1.8954381987636122,7.0,5.0,1.6311504525156757
01-27,13.245035656996848,-8.064514785188386,-0.38693100473893305,7.121275844182871,0.17722201470778048,-4.291553823870142,5.716020661764749,2.60448394436457,-5.047568187808417,-4.639271078588756,-2.6027657274609317,-0.23408553250744615,5.0,7.0,0.29977899848781725
01-28,-44.86486660641761,-3.5433068895210957,2.966468302957496,8.157097036793553,-0.4458331703484407,-4.427790224916429,8.72443254946513,-0.6836582306300983,-2.4655416407435,-9.040730714178984,-3.2327992596304096,-1.5638379123047847,3.0,9.0,-4.201697229956265
01-29,-5.707196205938265,-1.5091896283786332,1.6337105089250699,8.591065038702068,1.4184383971609067,-0.8358408601651351,6.820909356003874,-3.076438329338034,-0.28500419558708273,-7.304741656608936,-3.6928133570891495,1.9624615244906582,5.0,7.0,-0.16538661731855497
01-30,-3.722074707718338,-4.986878217164661,0.4351626782495353,6.338022316147564,3.0607815358651167,-1.9692929593368147,8.263215725723246,-3.6357929081719886,-0.304066610908193,-5.4291043474881855,0.10887565346850187,2.5364631750294633,6.0,6.0,0.05794261114127049
01-31,3.4739478316511927,-4.986878217164661,2.1804200179139253,8.62068937167826,2.497807635613158,-1.2683614143105137,5.198316122873593,-3.6357929081719886,2.215599789598597,-5.163444969201505,2.3028112830925846,5.1786106358530235,8.0,4.0,1.384477098285472
02-01,3.4739478316511927,-4.234525096917538,1.0225810743062103,4.99124072693699,1.6652023043312851,3.63817849982569,5.198316122873593,-6.719995117187477,4.966344336205229,-2.586675927375069,0.6346369521932201,4.121751651523599,9.0,3.0,1.3475836131972436
02-02,2.9925216241477197,-3.963610416304534,1.0331458280134753,3.150989972354729,3.6371600999377147,3.63817849982569,7.314928353397838,-0.338359323379962,6.737521125664901,-2.1914878046173256,-0.5258333505104225,4.121751651523599,8.0,4.0,2.1339088550044525
02-03,10.909086968287852,4.005002553078124,1.498930945403693,0.0,3.6371600999377147,4.277185062019819,5.312316941009013,1.8068626362022493,3.2966998228993587,2.7662963022857614,-0.5258333505104225,4.665828363323363,10.0,2.0,3.4707946953280437
02-04,1.7142840794154575,10.588235780420352,0.8565343026639725,0.5251677778120171,2.9567523424783375,3.7941261590006485,6.1064219581033505,1.4658457667932792,5.476485665197378,2.7662963022857614,-1.389901823868969,0.44949249504058225,11.0,1.0,2.9424784004451805
02-05,-7.458569830959904,8.482971627981726,-0.042827531984816966,0.5251677778120171,0.4860747109245736,3.5549702223191195,2.6207285442930623,3.019638700869097,5.476485665197378,4.007799868761977,0.8588290346720425,-6.195648856784986,9.0,3.0,1.2779683277584408
02-06,-31.491723186800304,9.102163145984465,-0.042827531984816966,2.9462020999566327,1.6521702642026153,-0.8179951256646183,2.1790279261458414,2.9610147116912033,5.680387896349105,4.739417750977779,2.6878876715660835,-2.651267589550976,8.0,4.0,-0.2546284972605823
02-07,-25.13813129882806,8.98945400516627,-0.08569176363715968,3.135592199817102,-0.17753664873351066,-0.06816788568388679,3.1507647929043725,0.09056019627787648,6.889767743786125,3.2856396225006357,2.2460125571075027,-0.4703896056229469,7.0,5.0,0.15398949292119338
02-08,-35.62875228201921,9.605908176900021,-1.1981119779286227,2.6879437379404,0.4438543205593624,-0.06816788568388679,3.970804701756366,1.0759133897245992,8.067107899766404,9.021643436316287,2.842608701298089,0.1924313699102196,9.0,3.0,0.08443196571166965
02-09,-43.80952611621897,9.981854226646316,-2.2417592478322614,-3.9285762638462813,-0.13315037009588973,1.17804942748725,4.942194103712542,2.6532952823258293,6.135185741808619,7.549784606669372,4.492018420589538,2.587641717760155,8.0,4.0,-0.8827490392494819
02-10,-23.33333492279054,5.634674110877309,-1.5915061434415498,-1.4285700905079357,-0.6693423451656062,2.3611542789435678,3.9306267503782877,2.8674939097836214,6.153024401136055,7.186149828361743,3.561301152445473,-1.0389600309733598,7.0,5.0,0.30272590825392215
02-11,-18.529414610879165,7.250748706402675,-3.4040606624537078,-3.571433741219262,0.7042247017941442,2.158978913970527,4.340333706506257,4.9863162665932,4.2090255452050815,3.4929823720328432,4.071204273805434,-5.847821402234093,8.0,4.0,-0.011576327539672008
02-12,-13.597741115649045,7.009057082855909,-3.757729631233281,-1.0893245825233682,-2.971642422183436,1.1547356899923589,1.1901301548102463,1.155369641736288,3.8489106738041885,4.998227200185204,2.4256355222883212,-12.295276937688275,7.0,5.0,-0.9941373936337409
02-13,-9.06515398969855,3.444107076136982,-4.125990949656475,-3.111114501953109,-3.1645516683220873,2.583976940302204,0.5515310223465958,-2.645177707599984,2.681644462879333,4.842703410735682,1.972976944134495,-14.512641888608451,6.0,6.0,-1.7123075707752802
02-14,0.8498575533404166,1.418874492452243,-1.0331458280134602,-0.9279761361430611,-1.9802004844940526,2.0994820340814018,0.1741694396580379,-0.8965906911807313,0.7582563162544407,-0.414862099447329,4.788438073109607,-12.44284495444996,6.0,6.0,-0.6338785237360373
02-15,14.634144355823805,0.12500286102294922,-0.2156998981979423,0.21833728337744088,-1.8451838887578096,1.873384821890843,0.6930455416236349,1.5456476519198625,-1.0558856965867731,-3.316228468068511,2.6815269151035577,-10.709989999158104,7.0,5.0,0.38567512333274595
02-16,9.793817093628448,1.722021418844487,-2.3225271416884388,-7.03839567914036,-3.5103542337947844,2.784002685546875,0.4054427877141129,-0.4462889272767308,2.9652899156521544,-4.763646733045285,1.5323020432509482,-15.490830743910946,6.0,6.0,-1.1974306261849599
02-17,-2.639293604222512,2.121214433149858,-3.8256255687895315,-7.861066209670117,-4.450497374493951,1.905069956955003,2.2177959053338547,3.151620022372645,2.529218064936498,-3.7193087416531654,1.5151497032880272,-21.148271059097343,6.0,6.0,-2.5169995393242277
02-18,-11.384611863356369,0.7384667029747815,-3.959080583275369,-8.820842683744253,-2.1768092675959103,1.4915725990445197,3.1374850134956063,6.807308638202407,2.267578946864111,-3.890620052453661,2.5504042277601227,-13.412224956903609,6.0,6.0,-2.220947773248969
02-19,-3.4055694875004447,0.061539870042067304,-1.2010696764311946,-8.128968987135547,-1.5004419897501473,6.500953036127726,1.2968321413412163,5.879044155953412,-1.26513089657863,-2.9647164090335196,1.788820009100153,-25.962830897752475,5.0,7.0,-2.4084615943014485
02-20,2.4767778090912187,-1.7230811485877402,0.8282499112218045,-10.078596346549846,1.5297136667786635,5.382167371302408,0.28819102772229493,4.585094523478865,0.14258034251370352,-1.4879918415536808,0.9730626690141251,-26.138447095955147,8.0,4.0,-1.9351899259602774
02-21,7.120743582517408,-2.67080928563635,-0.9316729190014904,-9.622468778361636,2.7765701120693698,4.23566859829251,0.28819102772229493,6.427591258081916,-0.34025541939434617,-1.9417448269945743,-0.15971633544802377,-21.610946885338482,5.0,7.0,-1.3690708226242838
02-22,0.9900980750178164,-0.18182234330610794,-2.8946149795617977,-6.010414142002247,1.4316699983897483,2.643311891049329,0.9730972122248263,7.144814392467969,-1.5392945587302964,2.3901591808095266,-0.6921086333743439,-16.583308656791832,6.0,6.0,-1.0273677136506174
02-23,-1.0101000370632667,3.9262336013114956,1.049867737140317,-6.7938622958176005,3.644252409506869,2.798095538211307,2.204642652476042,9.85033722961841,-2.101995147364735,0.8435911143434233,-0.23070287779144794,-24.585096669581432,7.0,5.0,-0.8670613954175518
02-24,-7.936507696227188,1.3706879628914994,-0.6250058008092778,-4.699861515304631,4.963635914010491,3.198227458270698,2.8483675471859713,7.247602259385201,-0.8773524954646738,0.5623896067536508,-2.281778873016026,-29.23840187896379,6.0,6.0,-2.122333125940673
02-25,12.189055021433356,5.204685831244287,-3.705356865361024,-5.304790143276588,4.841478409287594,3.869334583363504,2.0193375641465527,5.426800242165342,-1.2429177783860965,-0.4081692336499769,-2.541753203777686,-46.59012318591994,6.0,6.0,-2.1868682298942232
02-26,-5.128200112166756,6.432750625325909,-3.482145981825181,-2.863632548939098,5.671641281172121,0.9280029296875001,2.7793315369343112,3.0808369691379354,-2.0073667917180185,0.8759635318160979,-1.2052494461346426,-24.513037359913874,6.0,6.0,-1.6192587805519747
02-27,0.5128200112166882,4.912281484497216,-7.364521266097837,-1.7993685414625684,5.245208569582924,0.3189804792756496,3.0600791276616195,5.002827598438992,-2.8788990205566414,4.033238380806638,-3.6081544091444826,-29.697176875505715,7.0,5.0,-1.8552237051072933
02-28,12.564102501402093,6.065853665255365,-7.0669778919348225,-4.1382440058381,7.127788662867307,1.2121246044381278,1.2633373847090577,7.051989070301536,-1.1788531568534066,5.636234980866167,-3.42218605100165,-23.640515638768676,7.0,5.0,0.1228878437869163
02-29,0.0,0.0,0.0,4.328822221853411,0.0,0.0,0.0,9.382581633646945,0.0,0.0,0.0,-32.07425132682155,2.0,1.0,-1.5302372892767664
03-01,23.54259962635639,5.848293005851043,-6.935330513841863,2.7814532952627102,5.06115099927051,1.626794968663825,3.379129959813653,3.9017742036546563,-5.366664201123797,4.016203559824122,-4.520890311308028,-50.668652519836385,8.0,4.0,-1.4445114939510966
03-02,26.190472504350883,3.902155348379948,-7.047616867792039,4.5033133551543,4.428508129923027,0.8678895932706225,3.564581870701574,1.8768984647185774,-3.07377331687499,3.153075393858922,-3.710377082684181,-35.78841725379734,8.0,4.0,-0.09444082173255867
03-03,23.167849046207323,7.142857142857142,-11.630177059504993,4.105961681407442,6.863954301400425,1.31199951171875,3.442577672055605,-1.0593841076963206,-4.526826176156863,1.7438817517772285,-3.486704641781823,-56.60060101997701,7.0,5.0,-2.460384324807758
03-04,27.25225276020515,9.702745651368119,-9.683706824075994,6.821107631988599,7.245192123017192,-0.19156917792785935,4.931504759070011,-1.8399773266383812,-4.0238447003209945,2.601714102596626,-4.311596078297765,-52.93881419122659,6.0,6.0,-1.202915939186824
03-05,35.94080424584675,7.459337798076712,-7.591247840426457,6.620812125423535,4.307823894683084,0.3174615284753224,4.010996807601559,-2.4533066471128215,-2.72258926714305,2.9744352917811896,-1.840383908011992,-76.07725753693188,7.0,5.0,-2.4210927923115046
03-06,37.20930197391429,5.720698048952409,-7.3300980627171235,10.123356209888193,3.9983381202408133,0.38010431753169305,2.8021989423228275,-1.2396715493041226,-3.349993363287955,0.10579714258924153,-2.510455198786168,-69.73749158626882,7.0,5.0,-1.9856595837437272
03-07,33.40380374914977,5.879065557257602,-5.035636160141886,6.889082139704679,3.5094900834799603,-0.03167636673582827,1.62087947212976,0.37950499312754715,-3.7969932872084944,0.15792270562768476,-4.80167519441095,-42.34769198068092,7.0,5.0,-0.34782702405842275
03-08,26.914149949246152,4.488641468207567,-7.8810761406534136,3.2541766867475084,3.6333574967583986,0.1266994252941506,0.9952911636124477,2.044203488593265,-8.530052073152893,1.914712400714122,-4.535971278492687,-41.92592479564525,8.0,4.0,-1.6251493507308865
03-09,27.08333402320187,6.57014731613944,-6.514497799112026,2.242745092414565,3.1791848565019367,0.7554289192951884,3.2685009981378874,1.7767889547888482,-8.599998474121094,0.6440364264075851,-5.503893720750411,-42.27722121598569,8.0,4.0,-1.4479537185901583
03-10,22.543353822630728,6.301367772768622,-2.5653251073597203,3.298153067497244,1.8417690998336456,0.06338684912406448,3.723988481118554,-0.38867126004786695,-7.680000305175781,-0.5570055536546625,-7.027342361156672,-81.16177412415476,6.0,6.0,-5.13400830154805
03-11,10.958904258721809,4.942337527615164,-2.850358210053368,1.6547443163400586,2.2509337779520346,0.6359324581483942,3.2065226348902187,-2.970571019505896,-8.580001831054688,-4.561086801382212,-13.8905932975591,-48.86088382822545,6.0,6.0,-4.838676667842752
03-12,-0.22472425416771766,5.1619916198156455,-1.3776766082573972,2.7421531291314487,2.818062252288734,0.6968619432408696,0.13717211526476458,-1.7490312607129501,-7.761015808883536,-8.794730918718498,-12.708417977261051,-33.399403712543474,5.0,7.0,-4.538229956733597
03-13,-3.820226597313467,5.7111425615913385,-1.8615721978318316,-0.8377448478881077,2.024800260408237,0.0963351955197992,-0.05487093921823576,-2.949446901019103,-9.081777006611604,-2.9914535429850018,-10.071375831411569,-48.01784136530622,3.0,9.0,-5.987835934338814
03-14,4.9438157218254055,5.917807801129067,-1.619048345656622,-1.5239809983273134,-0.5371865978024508,-0.3532453837752012,0.3840861089659617,-3.414229531764191,-11.381784128891011,-5.129630477340133,-10.74840272844998,-17.49256058431029,3.0,9.0,-3.4128632620330634
03-15,9.615380892543419,4.558086188198166,0.0,-2.0577903249323857,-0.9504113015920204,-0.5780356734226957,0.819446140560078,-1.9127997743158522,-9.350173433124176,-6.055556403266059,-9.872609312826805,-7.870789710036143,3.0,9.0,-1.9712710593512062
03-16,4.514668555645122,2.234634788015244,2.514234765482511,-1.838879481121022,1.1983508528291271,-2.789630458236306,0.219835168175843,-0.13958469426726036,-11.097486759266175,-6.462966071234809,-12.480088442659765,-12.636579305565599,5.0,7.0,-3.0636242568502574
03-17,-11.278196656845694,-0.45070379552706863,3.3771075218602555,-2.933450402004636,1.402062484898518,-2.5204598264918188,1.6967440075196503,-0.6376477520994583,-10.423050158006287,-5.018516823097512,-11.043425032989749,-10.00885844339235,3.0,9.0,-3.986532906348012
03-18,-11.294118095846738,-0.619721748459507,1.2664186755556988,-3.4315912994020663,1.4427055983826833,-1.4166147508794353,1.7543798233913535,-2.273356533856258,-8.726753384695963,-3.7314815874388367,-11.525558246747908,11.834057334567712,4.0,8.0,-2.226802851285772
03-19,6.3043471275069844,0.8450682734099912,0.6097521699222376,-3.70533811098785,-0.9671973742435271,0.18969164569819305,2.375171622770191,-0.36041327755788305,-5.076041162564206,-2.364616466629194,-4.347002472022308,0.7352922614470139,6.0,6.0,-0.4801071469375298
03-20,6.086950842960002,-1.1830934336487675,1.1199242543183856,-1.3614381190610896,-2.064895830469884,-0.5379749184864883,0.08096836684106509,-0.8356524354025143,-6.314947621097197,-4.83811817252705,0.20833449231256748,0.9803865653465601,5.0,7.0,-0.721629667409534
03-21,-12.82609053956095,-2.6872459662956554,1.7617022074311248,-0.17620707856546772,-2.094016150026518,0.15823146773915991,1.4304960599478915,-1.2587433928376313,-1.633067335100092,-4.132685643766313,1.5542072041529145,9.705880290496683,5.0,7.0,-0.8497949063654042
03-22,-10.425537613626748,-1.8140572896618241,3.042876123381255,1.4977979786810527,-2.521368214556184,0.474682331390858,0.7338963061827957,-0.5302780267912467,-0.6036201860267411,1.4975934218269644,7.486726826960584,12.160225658360453,7.0,5.0,0.9165781096767681
03-23,-5.487804405277464,-1.9553094353555314,0.7075543418900708,0.39647642979301995,-3.1196562142601376,0.1587277367001601,0.6258490945206208,-1.5981665067411492,-3.5773061272634328,5.330721466095135,6.785439973936275,13.235984580932229,7.0,5.0,0.9585425779141495
03-24,5.194800369332063,1.4610414743062174,3.4117093264069482,0.0881077404910115,-2.593531850045421,-2.5097798243299483,-0.9879270689316229,0.7838818153003102,-2.323193014586512,-0.1247988850664838,8.383010384532568,9.873308384201534,7.0,5.0,1.7213857376342219
03-25,1.3303861767558074,0.6532435152485612,3.1811918721448422,-3.6563125004304178,-3.2520252213997494,-4.1914207582233365,0.10962157765793906,0.4759293892298242,-0.43174154421833366,0.6896541024050942,8.57036722790018,14.017891369543797,8.0,4.0,1.4580654338845174
03-26,-3.7693922578566053,2.0685958124925827,3.1811918721448422,-3.561647033023347,-1.937662157776926,-2.0314512535567606,-0.7429841954594605,0.4759293892298242,1.0131712572639646,-2.7818456711982256,6.018259087821782,6.348529248871119,6.0,6.0,0.3567245082460659
03-27,1.7738447113792584,2.558525853190645,2.912617592280449,-3.5266833215234246,-3.0599204944482867,0.7491903709090946,-0.1375873331056832,-2.125819691398565,-0.49372117003928484,1.3878713382544972,5.082181392781783,10.311035991027726,7.0,5.0,1.2859612699423508
03-28,11.529937759537907,4.329233060276297,2.55220072636795,-9.230035003633176,-0.2479316696314934,0.48860430668125127,-2.1739155536879604,-1.513417396827527,-1.425616952388023,2.042650378595549,5.038254814800683,3.792072499729583,7.0,5.0,1.2651697474850867
03-29,12.499998692880581,3.866816263434541,3.258379816383361,-6.513586596576819,1.7355374506315635,-1.1726341825942932,-3.339829537286655,-1.9641292505830361,-0.36923139523237175,-0.10842315346145269,5.4487814430460855,10.821484218573131,6.0,6.0,2.013596980767886
03-30,27.056669788337466,8.078713149080109,0.7910659753585465,-6.232426964367975,1.7355374506315635,-3.3954677740632713,-2.6541414093688016,-0.44555791727089056,-3.8564124474158508,1.7708701473332034,1.6980777100598028,15.335583580381599,7.0,5.0,3.3235426073912913
03-31,26.59758155439032,7.850367792699135,-0.8945411304381325,-6.701032309985086,0.29349976396061217,-3.6024014015895367,-1.2848479564778312,3.5205525149835286,-2.6461557241586537,1.7708701473332034,1.8446020077235008,9.948881857192017,7.0,5.0,3.0581147596360894
04-01,13.043479436600217,11.800003051757812,-1.5536719739271545,-4.1152244352717675,-0.29524084722001603,-5.609343422474986,-2.3935446786725407,3.9236740671727097,-1.7435866135817306,3.634106085101494,3.938730564190524,16.93811049621898,6.0,6.0,3.130624310824462
04-02,19.795226925252347,10.500001907348633,-2.1186476826207596,-8.273893078011644,-5.419810310748677,-5.228104092326595,-0.4922075654303515,3.708673172189964,-3.204321799470261,2.001082722055688,1.7125874213272094,7.824178842397853,6.0,6.0,1.7337305384969504
04-03,16.04095624238005,10.500001907348633,-2.166749890437491,-5.975726807125987,-2.766794677651386,-4.895102496644978,0.3554855597486938,4.043916216825593,-5.554366253300922,1.1290341876865262,3.5818765633147835,6.68132069346669,7.0,5.0,1.7478209371341837
04-04,21.160413305514023,10.63405389464294,0.504581224094415,-1.437178814688477,-5.00000383172723,-2.164500844714692,0.3554855597486938,3.4231716854443692,-3.261998046919443,-2.372694315272644,1.9005864260358787,-0.61538193252062,6.0,6.0,1.927211192469768
04-05,23.636367935421266,8.110882755825099,1.2575619890546272,-2.097896688042605,-4.330362666170302,-0.8990960514200347,-1.8730728553845635,6.634686769942356,-1.629750876200721,-3.5145490232580747,1.699561923298945,-3.1545688992501666,5.0,7.0,1.986647026151319
04-06,33.42939701056085,3.3978026505267547,-0.7899631630008243,-0.4661933359641999,-5.982143640214097,0.09891423251225283,-3.3758826289616377,1.5435434879708947,-2.173911498232247,-0.018301887859646676,1.9188651833592327,3.2135316750126126,6.0,6.0,2.5663048404758286
04-07,20.45855082545809,6.418738539996947,-0.5111463785459445,-0.4661933359641999,-6.266784283652281,3.809526231553808,-1.9843569686781144,5.91891520732158,-0.6418247995605595,-0.23795945611622674,-1.1496358459601281,0.3820040519016106,5.0,7.0,2.144152815646215
04-08,16.788322501675673,9.48234632117481,-0.13939952908343214,-0.6069055102874389,-5.9348502131276994,2.022469240711748,-1.282048692248882,5.351350114152238,-0.20704407949890938,6.297057480582991,-3.8908213849595925,-9.848158494139499,5.0,7.0,1.5026931462460003
04-09,-6.420232145486157,9.917751473119996,-1.2546489406149852,-0.5130536392860598,-5.847958484835865,2.601521836660534,0.5535586964483844,5.054051167256123,2.3799924598564437,7.811453005307042,-2.5775230046212543,-15.354667423006271,6.0,6.0,-0.3041462499335057
04-10,-12.64591658076947,6.579586866626669,-0.22999606686108054,1.6000007180606617,-5.723029306341665,4.1786266347757275,-0.11070329268653889,4.589893103520441,3.7007498164945503,6.890219132533726,-0.6573975640249698,-9.991346808354946,6.0,6.0,-0.15160944558557463
04-11,-12.64591658076947,10.102421427091048,-1.6798908316609547,1.2951002579860957,-4.330707544556563,4.370018572769071,-1.245504427445441,5.665951974356713,4.896602426299354,8.027253055244831,-1.0544107553344708,-9.991346808354946,6.0,6.0,0.28413089713543904
04-12,-18.163262227831815,9.639687844602397,-1.2246831582100355,2.06000486361089,-3.718278440186032,4.465708457719153,-1.3577214641038469,2.7092928857601,7.5413586061310225,6.88346295411457,-3.2573894226224835,-7.435573397587425,6.0,6.0,-0.1547827082169587
04-13,-15.799999237060547,9.790880625726361,1.1633317946144959,5.821761045688288,1.5310602455156141,3.011652924552944,-1.7241456128116124,1.1161359865026643,11.289407975129656,8.43512785721319,-1.148560729318982,-6.8038676000418645,8.0,4.0,1.3902321063091838
04-14,-10.208328159319235,1.960782480441495,2.030459310145361,4.0752344403101795,1.8316618870656487,0.9917330150761997,-0.3631314829209713,0.1871149294566519,9.13724757607936,7.890396912374807,-3.4469495571116804,5.3929108933121865,9.0,3.0,1.623261020409167
04-15,-16.269844798964865,2.766988758587351,-0.5999038316054973,5.887522579580072,1.3584551712885866,-0.06664597671153394,-0.2467109476898128,0.8286591140215158,9.13724757607936,7.4626866615850425,-1.646173645601996,15.896485613090979,7.0,5.0,2.0423971894716
04-16,-14.15094288696637,5.436897177151852,0.9229384505551939,6.544502596016322,1.4285710747034286,-1.6420903773878333,2.053669196601995,-0.32076699378301077,7.477891878926128,8.117899460458712,-1.4836852353948584,24.779659206584363,8.0,4.0,3.263711962288827
04-17,-30.94339259369355,7.135928123697667,0.46360863646059985,5.103387024960674,4.150625527897686,-4.512278161553812,3.4775477597062476,-2.0668977755553524,5.274552711554491,8.971586367150064,0.13175172862214243,19.83050976769399,9.0,3.0,1.4180774264117373
04-18,-6.981129664974224,10.018819591646187,0.23234732037909672,5.046478007738482,0.666961405321596,-3.351029360766066,2.026291536668046,-2.4290376759664682,7.0499144489896315,9.92580429729253,1.2803400729960848,20.135595030703776,9.0,3.0,3.6351129175023895
04-19,-8.413002975445622,7.673746164475485,-1.222954967463361,4.289540305951346,0.3557133148964778,-3.351029360766066,0.13955637511152374,1.945949245143562,5.0707582093025545,3.9605585995816677,1.3949996777955032,16.601771801973854,9.0,3.0,2.3704671992130772
04-20,-10.742191465396989,6.701528961057092,-2.2577588761463994,4.200172752270958,1.1560703936321524,-4.495136452849733,-1.1305757464832924,-2.6067625926526565,3.5971193139093076,2.3829038366514737,1.3949996777955032,13.126848315361789,7.0,5.0,0.9439348430957671
04-21,8.666666348775227,-5.674849901117214,-3.1280057605965466,5.0491474671167715,1.7675635588345433,-3.043334734453279,-0.6451599786590971,-4.6320009426714615,2.274940650787498,1.4954804769619352,2.769928828257541,12.32408355129874,7.0,5.0,1.4353716303778883
04-22,19.81279268577901,-3.718012997600664,-2.1655382132880145,3.1007765422387696,3.0950347658762714,-4.370859806215923,-0.9499864316582788,-5.825527512814033,0.3305502287260721,1.4144747058275577,3.7133824833002893,7.961783173495447,7.0,5.0,1.8665724686388756
04-23,27.941177089321545,-3.1868748620833074,-2.1655382132880145,0.7009328093650463,2.3047413934862466,-5.520031462586575,1.0690772876707373,-4.8877558619671415,2.417667023179546,2.663207462781626,0.43014688046665195,2.39175226270538,8.0,4.0,2.013208484087645
04-24,26.470590297738504,-1.5934420359395705,-3.6621094568545254,0.5519730135608629,3.7878771458775997,-3.485251350069167,1.4254398692127679,-6.830682091072426,1.7442972577173588,3.201418409510576,-1.2390421982895088,1.8144351919901591,7.0,5.0,1.8487920044485529
04-25,29.411763880904584,-9.2987060546875,-3.309004040980431,-2.478196353786793,-0.3062103803817256,-1.3739941196902168,1.8640359476662847,-6.338233422551752,0.8771912595710106,3.3194989170484765,-0.503197494569944,-7.051542616382088,4.0,8.0,0.4011171268466587
04-26,27.49244299526923,-10.736846923828125,-1.944970820189791,-7.105883430032185,0.17498212799358728,-0.5697053465973442,2.505451941880324,-7.42221632720976,-2.1010025638912424,4.724287620816325,-2.283724302287637,-5.271691991502476,4.0,8.0,-0.21157308496492466
04-27,37.743188495644944,1.8759080318548311,-1.2616844045636257,-7.858823888442096,-1.0498677371403633,-1.4536859576905437,3.0073167568148573,-5.5884829951499615,-1.720768632416841,4.0448749190378885,-4.354557924780989,-0.30911872604436735,4.0,8.0,1.9228581614269782
04-28,36.52393040892029,1.8112448477493923,-2.3730422745227826,-6.964703728170956,-0.3475235539323269,-0.9418119440187833,2.1459207705361476,-4.134803250325049,0.6452835750800022,4.898091711131296,-4.6990255707675965,-11.408560428660094,5.0,7.0,1.262916713584962
04-29,26.795575161788744,1.8920159020240528,-2.1357416680456547,-5.182780658267407,0.6878755195085436,1.8743824323719152,2.8206527984122416,-3.7666325817915465,-0.6844002600618049,5.22752288232792,-4.032406451968083,-29.955942768787864,6.0,6.0,-0.538323307707412
04-30,22.633138432029686,4.383944437447035,-0.9017585990012795,-6.0167862688694465,-1.3882933308663146,-0.5336886252673302,5.286809154627632,-4.786175477147739,-2.5084653547945686,5.5546852988461985,-7.160143416608306,-33.69617189788418,4.0,8.0,-1.5944088039573845
05-01,24.260359286911214,2.907241156200058,-0.3303430536102106,-6.106149277393521,3.5591763918001673,-2.369500710245009,6.476343231176491,-4.638007243609412,-3.580773741253477,4.578350825264384,-4.911789716270823,-28.348328993731386,5.0,7.0,-0.7086184870634605
05-02,11.24260655546674,2.0939919049957534,-3.003880123874165,-6.066344815903346,3.78401904623812,-3.8118086229840613,5.762622785247175,-7.091174578989332,-1.5974425076088137,5.12940590401427,-8.32822591665833,-24.420264835323053,5.0,7.0,-2.192207933781587
05-03,16.550765615438596,-2.3844364800905278,-2.8543790537502454,-6.9234522693681955,2.4659860221839716,-3.7087908399060434,6.332106569768416,-1.0650254060118687,-2.6546943544153865,5.780256644655378,-9.38966792512479,-17.733994650028023,4.0,8.0,-1.2987771772207266
05-04,9.228443588397912,3.97644251310446,0.43124172960597024,-4.339343635867696,0.3826537025350382,-4.38990820728217,4.831814209370877,-0.5141397138116331,-9.232685823707696,4.571512481089101,-9.144722165228027,-19.337267798925804,6.0,6.0,-1.9613299267266389
05-05,14.30481509268651,-6.423432984626339,2.4297295590426184,-5.997072298927915,0.2554255705704791,-4.102035590033766,5.617081635732609,6.190612220039745,-8.48408817511277,3.6727087815243302,-7.607169849995444,0.039786398197786975,7.0,5.0,-0.008636636741846159
05-06,1.5918908698448455,-1.1560657142218544,2.096238870202607,-8.808810156183027,0.8883210232425593,-0.13481296958495723,4.5026209066776275,5.756184200877412,-9.045536411558938,4.177590233434529,-8.96678531331439,-2.49366084696921,6.0,6.0,-0.9660687756293996
05-07,0.7496280384249248,0.15764942492388395,-0.4287763390627834,-9.631870170250362,0.7104056586960122,-2.1567993422160976,3.596741733779381,4.887328162552705,-8.056871926154093,3.6577757570418266,-6.258862101356579,0.6446408113593756,7.0,5.0,-1.010750857688484
05-08,-15.592203147782916,-9.24855578232813,0.7065455570635227,-7.023576926853013,4.630783207342489,-0.16931674872310842,3.0979267536065116,4.341890221093086,-7.414991713464804,4.481705327887796,-3.692547201039668,-4.270747296437023,5.0,7.0,-2.512757312469605
05-09,-19.040479256368528,-16.3402346903259,0.09478889764021081,-5.985041439409953,1.3287589668072952,-0.6772734539124585,2.126545996445673,5.808012710871254,-5.490038117497314,3.726798034461793,-5.554414908014898,2.1756608171567176,6.0,6.0,-3.1522430368455088
05-10,-19.040479256368528,-12.37838332717483,-4.953409804389634,-6.821557584487609,0.3000415561642743,-2.9800174070587273,2.126545996445673,5.343307463781779,-2.075850194016575,2.815608562434096,-6.2307867564722015,2.1756608171567176,5.0,7.0,-3.4766099944987974
05-11,-18.33084965843252,-17.535008929276476,-5.349998474121094,-5.981221053886024,1.2001744001764303,-2.9800174070587273,1.4799190566406746,7.854901736702664,-0.48009172976865566,2.478957872548852,-1.6191861051511627,3.343949540303924,5.0,7.0,-2.9932058959435093
05-12,-9.531007940673106,-18.480038226226345,-5.791312070126418,-5.2397498629594015,1.2001744001764303,-2.28725299578202,0.18592215667270062,9.2169450122418,0.5601171926240439,2.739092796672263,-1.6191861051511627,8.43081918274078,6.0,6.0,-1.7179563716492028
05-13,5.980526076725154,-14.858368907952634,-3.045425272549463,-5.2397498629594015,1.3692836571731375,0.03334521159772281,-1.1767917854742367,11.296537714231466,-0.18003630639336068,2.739092796672263,-5.466929592176308,24.58958309933937,6.0,6.0,1.3367555690194755
05-14,-4.810494421040127,-9.834314498256168,-3.195204032494821,-4.722090484131638,-0.7343415943638713,3.6080710965644998,-0.3692067803430411,8.395379701442895,-0.18003630639336068,2.185290720658397,-4.460735221183722,25.06711243154828,4.0,8.0,0.9124525510006104
05-15,3.6443147978763095,-8.872270635963687,-3.195204032494821,-4.1975327479986495,-0.6849308357518274,4.014595583861336,1.2130778129872744,8.395379701442895,-0.2602623946538336,1.2166963065059007,-5.0160773334375826,26.073821306518496,6.0,6.0,1.8609672940743176
05-16,-9.037899030498338,-8.872270635963687,-4.236006837214882,-0.7367368076306284,-0.08521712121352776,3.749167828963855,0.0,7.420862850055874,-1.1712399252744568,-1.5900477239523874,-7.182911933814494,15.671141596829766,3.0,9.0,-0.5059298116427421
05-17,-2.4657510087065364,-3.664128420766746,-2.7572692664520853,-0.5030200487486862,-0.7243292768109368,1.559387268985535,-0.132028620202687,10.414542781027425,1.7970207191728678,-0.49573924042673545,-5.845554462455184,13.255092314820102,4.0,8.0,0.8698518949530277
05-18,-0.26809625769762824,-1.618796199047521,-0.6231982596495916,0.25150522721964935,-1.959953154150929,1.5267145611860429,-0.07917334330987262,5.94994388517956,0.38998858096397204,0.046485526371486875,-6.4926623854727,11.201413999130585,6.0,6.0,0.6936810150602545
05-19,15.006153134755598,-1.9282303635802867,-6.7907466723337055,-2.4144943151317912,-1.7864741480435,0.8355614951955788,-0.3151232303431905,6.961386270268953,-0.20525137852129852,-1.6266388423272153,-7.536482456920983,16.982456675746985,4.0,8.0,1.4318430140637617
05-20,10.46979534148647,7.361327158626139,-6.136827324977009,-0.44400666282874135,-2.4839396755056664,2.7629887009279974,0.31405112473171826,5.5132163363632705,-0.9441688689391424,-2.3400936594492903,-11.495032278473595,12.141594000622234,6.0,6.0,1.2265753493820322
05-21,8.333334961875513,4.095390762223543,-2.5653936137398365,-6.041665631863829,-1.2246579579448813,1.7958064970371594,2.8996690600946637,4.903455983860419,0.786764962778805,-0.6443666262333168,-9.468368475281776,15.76123039466894,7.0,5.0,1.5526000264562836
05-22,9.69945384558413,7.4650101903235235,-2.6686745368005313,-4.973815898519468,0.7234045799742505,1.621442032599998,3.3872200499777385,5.479793567071532,0.48562904221299996,0.19736583784983355,-2.435439473858527,16.86786998918018,9.0,3.0,2.987438268799638
05-23,1.7759578059055356,7.368967527563513,-3.660393037935117,-5.8608000843186,-0.5593849801874569,0.7610838764469651,4.054405392769929,2.6527969766565334,-0.9063382364805049,0.7894401863948701,1.590961124026851,6.03621480711473,8.0,4.0,1.1702426131631039
05-24,10.124999284744263,1.8151810680228915,-1.8329970546806775,-4.7398252628868685,0.3872639994589827,0.03309142656867366,2.5032571647179385,2.7164247560395016,-1.7504591729180716,3.418542604181833,0.04186823858491582,9.990359096837006,9.0,3.0,1.892308845722532
05-25,7.464606501027225,-2.5799270543444597,-2.0897035161805277,-4.327666971619713,-0.516354735005323,2.1380036825976716,4.2754785584429476,0.2816195762521919,-0.40201158379789576,3.49286343156748,2.344565461905388,15.906360400969108,7.0,5.0,2.1656528126511745
05-26,7.702181098468771,-6.125921583192482,-0.9674161912538181,-4.894388307097854,0.9329911538011364,3.5132558295513907,4.641672372660032,1.052631166575535,0.4623106376609611,5.58858262448457,1.995791972049503,21.44658846055622,9.0,3.0,2.945689936188664
05-27,12.611462205673782,-11.457745626323879,-3.411405789793858,-3.4552860499546827,1.7661903455276942,4.610044168942546,4.45956291006914,-0.3337639680842551,1.567836742305262,5.448049763003842,-0.08582045699105373,14.832815640018197,7.0,5.0,2.212661657032728
05-28,7.7117530776794885,-8.621670618942776,-6.211819035728372,-0.9920672839941672,3.0705384207676203,4.5598497072086746,6.239169338560367,-0.53915039886846,5.445065929664306,6.174293469576069,-0.15027842866580385,9.327077866744927,7.0,5.0,2.1677301703334897
05-29,5.6889989626530895,-5.899041208361133,-5.513404791853935,-4.24987145173835,1.469355104760059,2.7123027807936464,6.189650997223648,-1.9526165138751792,8.876070541090003,4.552971382492083,-0.695047107864623,11.424104659530197,7.0,5.0,1.883622779570792
05-30,-2.7812929364440673,2.709746968692331,-6.810035212213263,1.486626064778776,-0.08514456346767078,3.3903753966432153,5.719231476853599,-3.7350989335420115,9.815834422184693,2.536615159328565,-0.13086450444460085,10.798124195794367,7.0,5.0,1.909509794513661
05-31,-0.743499651619332,2.811030889716124,-6.8647547190754805,-1.1982015121855576,0.5959957046085989,3.002900931373682,5.344264816419944,-5.212247617095398,10.21009449355532,2.819891807411202,3.424208826768794,-0.03510083875807435,7.0,5.0,1.1795485942599853
06-01,0.24539269969880437,2.5065250746629895,2.787293794168643,4.1437838005639005,-0.8088571132777531,3.377289263130307,4.990019732110803,-7.658640951545729,7.622065158811478,1.1825330353597456,0.7197339745685731,3.8785822371868144,10.0,2.0,1.9154767254532148
06-02,9.587378444135853,3.598197426880936,0.0,4.643036811256004,1.2510393777620963,2.43585572490768,4.879261074967873,-6.709775863153624,7.901605833998677,0.13644078098814078,1.5996495689993906,5.6446242615633535,10.0,2.0,2.9139427868588648
06-03,11.700841913813829,3.5535490527503146,0.9566995378569138,6.32662602645108,-0.2116002800888697,1.4421518543323404,4.858393330687118,-3.6108869052783237,7.4729749029744035,0.25741696939519954,2.065402525661185,4.423080238364766,10.0,2.0,3.2695540972433306
06-04,-2.960103212845318,9.009005396899402,1.1077603924566217,7.281553263218829,2.530072977640892,3.016689790310411,3.594772119299355,-6.143893133380564,6.813058064161402,0.5735807598761793,-3.7012861999652014,-4.288103058422299,8.0,4.0,1.4027589299374756
06-05,0.0,10.760759098043641,1.4056259315918513,7.142853832867139,5.451587293519602,1.5938794600689552,1.8099482858219247,-10.181816474541083,6.108168451199037,0.6635421930500367,-2.2912198658321166,-11.624788170885898,8.0,4.0,0.903211669575258
06-06,-0.2574000125560982,11.557539391574704,3.2512308976208324,8.009481059260056,3.7158017799792087,0.19126991292894832,1.432880121456607,-11.839858104530933,6.738798816430092,-0.5980884304813244,-2.7855691267028724,-19.497479775874705,7.0,5.0,-0.006782789241290684
06-07,0.0,12.598037955303528,3.68188497349235,6.729858059817887,2.8991387958687413,-0.9563252439743258,0.15279188335011432,-9.780773926770681,4.013123205811706,-0.05957836742773496,-0.6478065820865259,-19.69798349720956,6.0,6.0,-0.08896939531870866
06-08,0.7643304905536623,13.873963106266887,4.521148852567959,4.454978753854133,1.592484251912377,-1.2144427920998586,-0.6933756222027329,-9.749222093083123,-1.4098320442639338,-0.8340744171649332,-0.5830283950701537,-20.874272762745015,5.0,7.0,-0.8459452226228943
06-09,-0.3836282904430693,11.273284267023806,2.706689199412927,7.440756712985708,1.5120512556893773,-1.865551369763426,-1.0437878313483853,-8.22766421765765,-5.228122184447897,0.8787553518828151,-1.2608735457710598,-21.28249988149317,5.0,7.0,-1.2900492111608353
06-10,-1.8018000878926757,1.6905733399960432,3.887790452969025,4.731703967582888,3.8691636424500957,-1.5434068692883955,-0.32290380907865773,-6.3679859527998675,-6.324651579278702,0.6271437379270347,-1.503600894712359,-11.596233669201236,5.0,7.0,-1.221183976777234
06-11,-7.74365742897036,1.5881217521576392,3.9370041785203256,8.007531287076729,3.912872871640597,0.06453842501255941,-0.5247353375077674,-4.874611046541582,-7.52475096447633,-0.5438897070146627,-1.0092125186341008,-4.896906963100669,5.0,7.0,-0.8006412876531351
06-12,-8.811747230715573,1.8954960581788223,2.9338644190999497,1.9912571363462461,6.896550942085093,0.4801524315917258,-0.14992846727810485,-2.98838364497604,-8.318368402345024,-1.346602759540975,-1.1248308774081328,-9.167893170498008,5.0,7.0,-1.4758694637883352
06-13,-10.013351440837685,-0.6834866332168668,2.204402038531502,3.469876208937311,4.916731978107375,1.4404572947751775,-0.3748068702296625,-10.216170317363174,-7.1696566795136905,-1.2899206118886628,-1.46961650954783,-10.235643233666629,4.0,8.0,-2.451765397992736
06-14,-13.186806780807595,2.345746953105469,-1.944174014855813,4.092195813109621,6.30452099872164,2.336746311090629,0.09948002098510456,-16.284989670045086,-6.173325831749662,-3.5759138237369306,-1.9521811508437057,-6.66191969919473,5.0,7.0,-2.883385072851755
06-15,-2.7431334264017715,-1.9877643882082487,3.451624185737389,3.104420697585408,4.401263811356106,2.710460347341781,0.8882324727220604,-15.141176349444738,-3.8394023646066873,-3.9052724968875454,-0.7457779150031232,-14.976956533840774,5.0,7.0,-2.3986234966375117
06-16,-1.097562861967364,-7.361627549451696,4.916470878929889,3.1984962269755943,6.405277965332928,3.632342463906458,-3.4082263401134334,-7.45416143106067,-3.059831714682928,-3.9993715561302863,1.6066837941233723,-12.189864660546434,5.0,7.0,-1.5676145653903806
06-17,3.478263393466919,-12.374577743963885,3.102632468771833,2.371916517123476,6.113705904075828,1.2048226286770887,-0.5815412052418268,-5.861138371233216,-2.6700426724172717,-3.5123323224325644,3.8517901087623923,-4.334148006517411,6.0,6.0,-0.7675541084107199
06-18,3.2298164313223388,-13.712369070461031,2.7684959550554025,4.9861492673791235,5.169753659890761,1.9381023329813376,0.707961528946126,-6.943196097107263,-0.5919445858576643,-4.097326160744394,1.7669333959005729,-4.159379941706225,7.0,5.0,-0.7447502737000763
06-19,2.484475544888609,-14.102556878378463,2.7684959550554025,2.585408448233624,5.51697646977879,2.1881802456991792,1.5423530268490249,-6.943196097107263,-0.5919445858576643,-4.992145137192262,2.5872938968214934,-3.145751832681353,7.0,5.0,-0.8418675786575736
06-20,2.857143026384048,-14.102556878378463,3.092291172097468,3.6529646164178127,5.884618025559659,2.813378008657658,0.6826813223062197,-4.801181241487882,0.7468391048099507,-4.173782108269933,0.4759870508280901,-0.8388667109337123,8.0,4.0,-0.309207051000757
06-21,3.3374533477621924,-16.174791931764098,4.81259086605098,6.605925797449835,3.576924250676082,2.782117524276948,1.922597933662729,-6.28931514586788,5.127256255522205,-4.347150050266252,0.7139805762421275,-6.654348226165721,8.0,4.0,-0.3822299002017376
06-22,-3.1662302159757933,-14.326822777343398,4.735115951685135,3.2801876796231393,4.653842632587139,1.6134141696751987,-0.38333173290884287,-9.233609864625782,6.498793613429543,-3.1318200789543664,1.3846805987572592,-7.448789465866381,6.0,6.0,-1.2937141241597623
06-23,-3.5999997456868487,-10.469724807481382,5.807961353454583,6.1959023374969435,5.4898919246653275,3.265944306609085,-1.9240463836283626,-9.91483642223639,7.1838499796269435,-1.8229949569678834,2.7937674891139976,-4.833393338108094,6.0,6.0,-0.1523065219285069
06-24,1.5768772705766239,-2.478453691043406,6.510544600287184,5.680255499092312,7.568973909006525,2.4551484904209313,-2.510244670221188,-2.7068107078363135,6.258095460948028,-1.981892332673046,3.8802117438621346,-5.845674235852654,7.0,5.0,1.5339192780472608
06-25,4.836599750935188,-5.657333914992431,6.042158746971118,5.24620070714974,6.277862292971726,0.4461421076883718,-3.5539458880846664,4.379563525787213,6.344802475107644,-1.7278963998496668,2.2844856431735434,-10.07843017578125,8.0,4.0,1.2366840725897108
06-26,-4.8366059841005775,-5.711214460087218,7.344111688699538,3.667599266246377,7.074429327460729,-0.19169768291867656,-4.378050136692512,5.952736323517374,6.362120669733018,1.123592251612008,2.0833358936702475,-2.1176506491268383,7.0,5.0,1.3643922090011227
06-27,-7.189538654133694,-3.3175412096286654,6.130095095204523,1.801382893857572,3.303300228710008,-1.15016172244919,-2.008752877969383,7.474982467323334,5.9720913199491275,1.6656355295416452,-1.677195513663405,-9.058821435068182,6.0,6.0,0.16212301013947425
06-28,-4.32569554675965,-2.294059056604299,-0.048639246797636114,3.4356390408666266,3.6036002495018398,-0.7667785441432886,-0.8144558090294048,6.335368540664883,4.963882611332937,1.400652062508169,-4.051406265592503,-14.115709923041592,5.0,7.0,-0.5564668239244933
06-29,-8.036885960657868,1.7941959836372832,-1.5511469471187338,0.778745198754362,2.702700187126383,-1.6435714392404863,0.35219972238600633,6.123019901332378,2.3676369728086764,1.9547490132399192,-3.5504270824063515,-8.12597281642506,7.0,5.0,-0.5695631055469575
06-30,0.0,8.887760043343022,-0.478013294001106,-0.3206582458491303,1.929626269364676,-1.9392384328153833,1.0507930218051587,4.5006990392650055,2.6472747671569508,0.8003759622759874,-2.214583167416005,-10.463324446855987,6.0,6.0,0.3667259596894321
07-01,0.0,8.799166058197432,-3.2982816995278412,-2.1455180644326366,3.066565825890168,-3.7289222206238315,0.024967887887136768,6.075949068264177,-0.3542178291726772,0.5094193227434382,-0.18967365888471116,-7.298691865963562,5.0,7.0,0.12173023536475765
07-02,10.718490835627655,10.041410790380821,-1.9598462997937942,2.232142895156024,5.040172399800627,-1.7052789187468869,3.239361036299714,8.60758825390838,-0.5604391156344165,-0.5460194734051098,0.7302408560127975,0.8493336147869689,8.0,4.0,3.057263072866066
07-03,11.660775003622614,8.540370831228866,-3.7956239202132194,3.7280636077366895,2.5993344040360715,-4.586863257186854,2.3244279392436633,10.099606454966075,-1.260349859980661,0.987348646500442,-2.023499398828267,-0.8493336147870213,7.0,5.0,2.2853547363615334
07-05,13.093859785123808,1.6146938917687919,-1.7652712566552284,1.7993685414625844,1.5056917161388874,-3.3506854076597854,0.32803700381381296,9.44815855276257,-1.5989437106111517,2.8796626693097247,-0.2748937426543484,-2.169846366026287,7.0,5.0,1.7924859730644478
07-06,19.26802980843054,1.9966755221379906,1.612904927024141,2.249212821844711,1.1384482965618272,-7.951070772419803,-0.9971858439327489,8.717377428493755,-1.103422740075509,2.6371709679236104,1.8820033250543236,-6.80484861902588,8.0,4.0,1.8871079268347464
07-07,20.23060624796633,-0.92441588872285,0.4139841468970798,3.1039075164981798,3.1306254428631393,-7.36735482911149,-0.05125693882377301,6.750343854804422,-1.122121676497685,0.18187744843367729,5.093061760800001,-2.3125993838533954,7.0,5.0,2.260554808437803
07-08,14.620535013417953,-7.8977236336421175,1.70192702750767,0.9199579470857265,2.9210222838577775,-7.062435116143595,0.30808454309182826,5.216175764232333,-0.5236558311288289,2.1687449362613496,6.300482437486779,5.16920573149412,9.0,3.0,1.986860091960083
07-09,12.56951797967858,-8.97727209920727,5.427784349581372,-1.0793123197987189,2.444285811053724,-7.412491052348538,0.38031875356114814,4.016732741978974,-0.787545761344307,1.642769547731628,5.9013706466443745,8.555342633894623,8.0,4.0,1.8901251026187993
07-10,15.572854885135804,-7.670456546643506,7.802689823533451,-3.538975497456777,4.447632024548687,-6.559065221037937,-0.7860075661389302,2.7691425802142784,-5.640721052742477,6.110630422659213,8.051272648093606,3.489682245733081,7.0,5.0,2.004056562158208
07-11,10.45605789004805,-2.0463170401728505,6.3752262153789125,-6.073858137191381,5.030541223026477,-6.249998771882343,-1.3438200112797019,4.496250310215489,-4.977642150691148,4.244653379788161,9.00020002716787,2.8142589521033616,7.0,5.0,1.8104626572092413
07-12,15.08438207333637,-0.1585659964298708,4.4465075731193,-3.225806747844826,3.91663728198363,-5.906590878380525,-2.1205974552830718,0.5611693781272704,-1.1693680243904632,3.7873206333133616,7.161024855614717,5.2323465392160315,7.0,5.0,2.3007049360318272
07-13,16.407060279643467,-0.4591844430420277,1.6917321369142848,-7.847853273192008,1.6169628608447517,-5.471957571799054,-3.7373539761958128,0.5872457895116941,-3.9417452025182174,4.797272046773957,8.902365843719059,4.428047033386707,7.0,5.0,1.4143826270039
07-14,25.161888635016872,1.0245940484079599,1.2019231210093544,-9.77370599208668,0.9406665507352115,-6.1617933305958426,-5.532145256761491,-0.4446910768419777,-3.2233006745866204,3.7279103935398643,8.526522637492077,4.180921337127551,7.0,5.0,1.6357325327046899
07-15,23.44454775199446,1.9791721511216103,-0.9615421647857579,-9.352512325725758,0.7611489331637113,-8.519555118913575,-5.230284427716978,-0.6392427603183692,-3.8252450887439458,4.268201785149892,9.168936992079093,-2.65352837455931,5.0,7.0,0.7033414460620894
07-16,23.62831886041155,6.458341818716454,-0.7692300638503318,-7.597917236553475,1.2105646402615393,-7.557732166473777,-2.7748953753029637,0.2779279471743939,-2.3153519671495273,2.9495451320545483,9.545369332282357,2.9411813593453013,7.0,5.0,2.1663435234096724
07-17,17.7876123447315,6.093750155220423,-2.04478164666396,-7.884621909384413,-0.18395598417644504,-1.8339124347450817,-1.4263465183419561,0.883977038895053,-2.5311594558040365,1.319774182878166,7.97820300217198,7.153235857709858,6.0,6.0,2.1093145527075907
07-18,15.57522300154387,5.005262795063725,-2.6444613426109065,-8.333328685797783,-2.0190937923293637,-2.3875451320601355,-1.1929436413124181,0.2224638998724686,-2.3685721837242815,-2.2470240276866744,4.137256098728554,8.932465178076002,5.0,7.0,1.0566418473135883
07-19,17.04347859258237,3.272525337858598,-5.802050320710746,-8.808810156183027,-1.798824431847821,-1.4186846118476306,-0.20544898273268372,-0.9812231757361715,-3.563819706608956,-3.712826832147665,2.901959886737898,8.433733177867147,4.0,8.0,0.44666739810260964
07-20,15.649870840797528,4.218756984919014,-7.464163435739321,-6.656656427316382,-2.1292214705560055,-2.232296435107548,-0.9311966160694666,-0.27971601152753495,-3.3126751928576192,-3.158211842098436,2.980393054438572,8.030804903907272,4.0,8.0,0.39297402939917253
07-21,25.083611960128437,5.477982877500591,-9.798128131195519,-4.654656288704238,1.1371702265989996,-3.642145524357306,-0.4642772841126863,2.1564800076947837,1.4335487777634603,-6.393458114849686,0.4426583849615886,2.075745498281984,7.0,5.0,1.0712110324758675
07-22,25.083335240681965,2.7748726495298888,-8.1240751448425,-5.022601746177208,0.14357830097274873,-2.0308120957694724,-1.2060492463011656,0.3870594325012449,0.36807173700197937,-5.370760747475775,-2.337127412155054,0.4482661082607361,6.0,6.0,0.42614642301894895
07-23,24.702149107697174,0.9424099559202752,-6.302317677516059,-1.5541510075413913,-0.32385117766934773,-2.3550089923608306,0.5336698668762698,1.4652994363486564,-1.7811231894342479,-5.002282322412429,-7.353261894355273,2.113181056503098,5.0,7.0,0.4237260968379913
07-24,23.510722813919433,-2.617800994837077,-13.631579750462583,0.19399085305194602,-1.9413945108321073,-1.8815295952048186,2.083862075276807,0.8071275064408184,-0.8233718828908092,-1.922786217762907,-7.827002035953779,2.9369616496543385,5.0,7.0,-0.09273334080006139
07-25,14.13820263223198,-4.089221778457271,-18.171864322058155,0.9064820372522675,-1.729846566193329,-1.2195068460522718,3.5324001106698493,3.8056676827180826,-4.679168530081594,-0.4625562571113129,-9.415307448442327,5.766477815014634,5.0,7.0,-0.9681867892091209
07-26,14.001585663778595,-7.8701172216365345,-34.939759473305706,1.8361553382818436,-1.5458228749156278,0.20906401287796755,1.708958740719226,2.773247666168569,-1.0993352736319109,-0.2220271333621826,-10.18916125779719,2.6276868238071422,6.0,6.0,-2.72579374908465
07-27,17.794671230379148,-5.51351598791174,-21.424403129566237,0.2354013069648835,-0.33124826034292165,-1.0229241773423805,0.9394588027624301,2.519643210567466,-4.3113770722525,1.1397227218645174,-9.22184194607289,6.998944452130459,6.0,6.0,-1.016455737401647
07-28,15.536937883262855,-6.312299727067465,-32.51613493888609,2.071565625230954,-0.8882300779132977,-0.3152369702030046,1.3350460785059783,0.8490757952484397,-4.091822583221683,2.427471061149893,-6.097310546789759,8.814383399619137,6.0,6.0,-1.598879583422003
07-29,6.068159255528357,-11.189220161446372,-31.74193597608997,2.3015578083391537,-1.4136944939711096,0.38341097352362147,0.0,1.5064345722967707,-3.6526983768272285,2.0359677930482825,-5.788054683841567,6.70731541847112,6.0,6.0,-2.8985631559140788
07-30,6.427989945525719,-9.197420755082126,-32.32258212181832,1.7477602168160757,-0.4063561566001591,-1.5817182549148374,-3.070407318402999,2.300740047124208,-7.0942431586604835,1.479607590762559,-8.53220917786383,5.940938872687548,5.0,7.0,-3.692325022535553
07-31,7.973958871262425,-12.478038114793092,-20.860348018644608,2.8409107842227956,-0.9262689963692533,0.8301617861808731,-2.3292776510026263,2.7800504113977853,-8.345503806658758,2.8893878963467556,-5.94100674410592,6.353023104921136,6.0,6.0,-2.2677458731035407
08-01,2.685109232956408,-13.074212488528387,-22.44776256048859,6.020699307926735,-4.3768558799966515,2.1791738640323537,-2.6204386195197613,2.567611105530717,-5.410374746111942,3.56558309840251,-8.043479919433594,5.7005553122245125,6.0,6.0,-2.7711993577504743
08-02,3.1578974192415488,-17.14460938336429,-16.398161789922792,6.701032309985086,-3.3382847049028634,1.2106550789243724,-1.7318284881707349,3.5087699428619086,-6.411050748214652,1.2951816123322972,-5.1086923350458555,4.453725458730955,6.0,6.0,-2.483780468962085
08-03,0.6644511956770989,-12.916926001696371,-18.771924051833054,3.5145266852729984,-3.078641911129436,1.3471547036928793,-0.9109898633500311,2.057953235716474,-4.747091669054162,0.9488025125525944,-1.1086920033330503,7.386173902980218,6.0,6.0,-2.1346002720419874
08-04,-7.238609919491647,-14.43978292567617,-10.529374111166156,3.373942400216798,-3.694036218843481,0.1398633391391869,-1.1419736707665669,2.970560384506681,-5.742115561125421,-0.2560213328896856,-3.886526347952704,8.976536563568668,4.0,8.0,-2.6222947833733747
08-05,-8.254514434225541,-12.350833332669458,-6.282721874070411,5.0644498567951555,-2.96406502850458,1.9641615638628676,-2.5006488662031927,-0.054011499927045195,-4.9958535728821705,1.2461117366135521,-1.2627868767770567,0.4634551312031627,4.0,8.0,-2.49393809973206
08-06,-6.615773837955137,-8.412886802843316,8.26061682476724,5.801729492124207,-2.2854952821171794,1.8803392720018817,-2.6581606283684702,0.6751282966279021,-8.854508606639328,1.4069860714955,-2.1551723429195686,4.252299379124874,6.0,6.0,-0.725408180391783
08-07,-11.535196446798764,-10.381860067756397,1.252346937514138,4.553734251779063,0.2203432499119874,2.910960134454987,-1.8607144678735261,1.129037567281446,-8.924734464255698,0.8433196119359453,-2.264231130561678,-0.24805671111313038,6.0,6.0,-2.0254209612901355
08-08,-11.365565368307971,-9.080194567564929,-2.87019266958513,3.057964769329207,0.4054504474957805,2.2260325647110224,-3.535358502967525,1.8676648118701629,-9.524834369053874,0.8948226884791775,-5.275879583705767,-2.51594971331307,5.0,7.0,-2.9763366243844094
08-09,-8.782108089623565,-9.597161847014156,-11.960777432799741,1.4351826873499784,0.9214891549334492,1.7465760806730068,-6.304589005925691,1.6782127137739429,-7.0284063326417385,0.8983808492538211,-5.583638177864525,-4.667152474722786,5.0,7.0,-3.936999322884
08-10,-4.0412062876912005,-11.41271120269109,4.966275245034687,1.9907421184338088,0.22115542867081842,2.8774555014415646,-7.984477661441438,2.7437468536877674,-3.4784486702613497,1.4580233306654382,-4.0888035326996865,-5.545423079990208,6.0,6.0,-1.8578059964034075
08-11,1.2315317606424439,-5.959025748613613,-2.1673611666129253,2.222220063700145,1.7422851380359796,2.9431628809301698,-12.649727984109106,2.5756803628075104,-2.2833966728285775,2.1355000663498673,-4.664006890739367,-2.928870793757623,6.0,6.0,-1.4835007486829248
08-12,2.0717149396841035,-6.390974321124012,-0.8428620379531359,-0.18975766447875198,1.3483995336449144,3.885133796316457,-14.104494360792286,2.788102074654416,-4.524112044967514,1.1895956159967473,-8.526237256327821,-1.4280799994260016,5.0,7.0,-2.0602976437310736
08-13,3.5909447547132616,-2.6942315192587536,-4.635752691876259,-0.33254919102138025,0.47935495609265294,2.528658138430297,-9.953839521430487,1.619757336227074,-3.9694309226433493,0.9391843554196793,-9.683299291643127,-2.350426813409353,5.0,7.0,-2.0384692008666456
08-14,6.010932338335644,-3.3208003239624473,-7.682774584944828,-0.7582931019879351,-3.4932816662715154,2.1959446288966773,-10.848235251258789,2.2943010914943915,-3.0723886161792455,-1.1116086332610657,-6.976744186046512,-5.591167019551084,3.0,9.0,-2.6961762770613924
08-15,12.646376160554976,-3.7759560404763506,-5.078586449476438,-0.046883398582319206,-1.978685452163182,3.378378334839558,-11.165605738378924,3.1372568965737333,-3.2567024142291943,-1.0654560276283747,-3.6342584886505254,-4.736466977634245,3.0,9.0,-1.2980491329376072
08-16,13.989243785393521,-0.2431550536388152,5.052747561617369,-0.5555506007662255,-2.7016707226855097,1.9594591764571438,-9.08833270727082,4.028064593294083,-3.741939093476983,-3.215443549253834,-6.319443273200931,-3.229203522937893,4.0,8.0,-0.3387686172057414
08-17,15.227274681254213,-6.170485054400981,4.711753538427595,-1.342587977116425,-1.5601211442146137,1.9594591764571438,-9.026594830038203,4.290514102696666,0.9578560394298915,-3.383860307895298,-7.4074090426513886,-4.327773289257513,5.0,7.0,-0.5059978422757427
08-18,11.017594598365209,-4.164077501181276,11.76795618535762,-1.6666606326163145,-1.5601211442146137,1.326077496334142,-8.50762642923106,3.701786864189555,1.0217104021144043,-3.4910409807492777,-7.4074090426513886,-1.9999972256747287,5.0,7.0,0.0031827158368559205
08-19,1.8318090161209868,-1.6786497252640449,15.303869609856587,-1.6666606326163145,0.07487289816744466,0.847457627118644,-11.03895438565757,2.9769647788803653,1.0004283211637344,-3.4910409807492777,-4.811387047866377,-2.9175756193822386,6.0,6.0,-0.2974055116856718
08-20,-1.0887782161609292,-1.19903388448237,15.46961398741971,-2.9053370545996864,-2.9100547407634876,2.1775531330773013,-6.3570350601122305,2.821641528473986,1.0004283211637344,-4.2733672571855505,-1.6309280257108558,0.4322796766714292,5.0,7.0,0.12808186731592094
08-21,-5.695145134619441,2.8177530701680165,15.46961398741971,-2.96052227649581,-4.951639305252868,0.839207762057145,-4.702464139355063,2.821641528473986,0.3641859094498092,-4.267361628531556,-4.215349572203346,1.2608082802016172,6.0,6.0,-0.2682726265573167
08-22,-2.0100563921860215,2.8177530701680165,11.046514464688203,1.5047875928582188,-6.288576990620378,0.7720760071043653,0.6386102056049601,2.4428239030440353,0.6368058441387929,-3.664124466990675,-2.4920759040072125,-3.3141212849730546,7.0,5.0,0.17420133740243762
08-23,-2.0100563921860215,3.6839028047771643,-1.1159349940550995,3.919783908011204,-5.864199279666819,0.6377996919046092,0.6386102056049601,3.421656940840411,-2.695593936980684,-2.9546851105216847,1.155410803319615,-3.3141212849730546,6.0,6.0,-0.3747855536604499
08-24,-1.9246903730686202,5.23529052734375,-3.2960241863194946,4.056523588572897,-4.629632559441835,0.5376338917391231,1.2406240827144355,1.3619708056764455,-3.1982454231573088,-2.6944307171665933,0.5663797087832066,-2.318942570843221,6.0,6.0,-0.4219619354306013
08-25,-5.108883013310641,2.145919308742239,5.0029452202504965,3.828624120970048,-4.147464998981869,0.5376338917391231,4.112360901086121,1.6852515712260456,-4.096383065452197,-1.9136558570728939,3.686636639075057,2.247196921693957,8.0,4.0,0.6650151366637904
08-26,-6.395352659495892,4.564560316035637,2.6486101333313963,6.471627300686516,-4.91296107938959,0.603218177799408,2.338692002819157,0.8296595731297352,-2.9134676273854136,-3.27334880595713,3.1553405004525956,-1.9237775002640949,7.0,5.0,0.0994000276468604
08-27,-6.204083501076211,1.2011943553934723,-6.003534264300597,6.471627300686516,-0.5791491148245388,1.0033419427691943,-0.3124129883890623,0.23334237308787925,-5.57303267918276,-3.5464282887359686,9.129331620212865,-4.473778118354093,5.0,7.0,-0.7211317802261087
08-28,-7.75510048379702,5.585581818671293,-10.558620114717213,6.1592593344704305,-1.5848466722518373,3.605376510054664,-0.36921633483530497,-0.05200327155427989,-3.731504951525803,-2.034473631015983,11.529799010850521,-3.3736709235441946,4.0,8.0,-0.21495164243289397
08-29,-6.693875059789556,6.093187085039162,-14.349207802424354,4.127830789313005,-5.281821840411687,3.310390761405953,-0.4828230277277903,-0.6802676955236707,0.7682471311620874,-1.1147255945589252,8.476325335245033,-0.84341598230831,5.0,7.0,-0.5558463250482544
08-30,-7.13114671443171,5.868266174486997,-10.742786382116938,7.217390640922215,-4.296406027522205,2.1632246557223236,0.5900508108241365,-1.1238900262412312,2.1861321335555637,-2.159178747693521,7.463305127286062,-2.6885709294008104,6.0,6.0,-0.22113410705075995
08-31,-7.13114671443171,9.249855792390958,-7.674009259434687,7.478257884149967,-1.8919965563975745,2.5146977030028914,0.7295126991745098,-2.2498737858195463,3.354035108641869,-3.041759601689096,9.758109386466236,-1.8141420472636758,6.0,6.0,0.7734617173991785
09-01,1.5573736340471598,4.522032279502267,1.9384272225830266,4.652172586192256,-1.5318197604921548,2.5146977030028914,5.044840867894939,-2.997855764419984,2.4637653116066707,-3.230889223657712,9.270419929101026,0.7241157018915001,9.0,3.0,2.077273373937657
09-02,4.096387443333922,3.7735840826138247,8.038778113817202,6.9974538756102795,-1.4123209634527745,1.224351225320024,4.781646013388363,-4.041751329936611,5.527946606874131,-5.781656874870779,11.388544431196172,-2.7007011605330553,8.0,4.0,2.6576884552800584
09-03,10.754297962178256,2.801599642827426,8.323836463023337,9.901396188593994,-0.8977343274872965,1.0298985448957978,4.54420672947872,-2.1948599609953336,4.33962193231769,-4.783237496003599,11.58597838719357,-2.862387840900959,8.0,4.0,3.5452180187601336
09-04,10.8289822685668,6.7467142402388856,9.814918718385805,8.701082900738943,-0.3095972261364041,1.063828775385135,4.902237749028229,-0.47368501362047694,4.897870980703991,-5.81582937864069,8.726222430608955,-7.779819593517058,8.0,4.0,3.441910570978509
09-05,10.08215344925617,6.318210172949722,9.459461055882844,8.507085267393913,-1.1262171476790048,1.063828775385135,2.2583301123954125,-1.542558123915576,6.323132979362432,-6.367040965848303,6.599715434066254,-1.1009146314148641,8.0,4.0,3.3729321981528444
09-06,7.668711678875624,6.906398174693513,6.2390654147193265,8.478702575787304,-0.3883509959989519,0.7978715815388572,-0.08460968631913547,-0.9518789351043534,7.139947787688987,-3.8337583492586287,7.112115506435258,0.03628530143548749,8.0,4.0,3.2600416712077736
09-07,5.937501699663686,9.288098547338613,-2.1647662568791795,8.478702575787304,-0.5825227904088289,2.5473568428061344,-2.306148986531996,-2.09105595831901,11.407524575862695,-3.5599211006581086,3.0129149274832243,-0.29122652240901215,6.0,6.0,2.47303812947796
09-08,4.520219748954481,6.670406523987582,-4.826260975002525,7.789047083191894,-2.57425591497138,0.8967135579228267,-0.4528724571745458,-1.8807922767487582,9.834757459145791,-3.721001112210349,0.858998221965831,-8.208956118394077,6.0,6.0,0.7421669783888974
09-09,5.769230769230769,2.1052666802374707,-1.35135160014461,6.2680431247986474,-1.6483519773920794,-1.0818110062528012,-0.7151029935553874,-1.2450363462334624,6.70913590005326,-3.68760220901077,2.190990801754242,-10.62880681451959,5.0,7.0,0.2237170274138074
09-10,4.612980096541084,2.3391790035497877,-4.826260975002525,5.252189416019773,-3.645840497353401,-2.485723076047801,-1.7438553983256118,-1.3509889312137833,6.949960201709311,-4.495294556602711,-1.3912001365560238,-11.490425380028503,4.0,8.0,-1.0229400194425338
09-11,4.612980096541084,-3.6842055363302504,-6.959956698300542,7.283944880605466,-0.1579191300743389,-1.69379016454256,-1.8867920413069124,0.49415458422925806,6.894498498829897,-6.303486047003502,-2.3270540796883705,-12.447958843197062,4.0,8.0,-1.347965373353153
09-12,4.612980096541084,-4.294114954331342,-6.054695830971689,4.166666666666666,0.07849473360671998,-1.69379016454256,-2.001145717838683,0.49415458422925806,5.266276022611585,-4.050510395613135,0.4552063156798022,-14.98751171050101,6.0,6.0,-1.5006658628719423
09-13,3.3280513478811375,-0.795903288425159,-5.856419047854715,1.17351500202406,-0.03924736680335999,-0.36532281890792484,-0.4221827498803948,-0.719809303773498,4.958678616482405,-4.242418482040816,-1.9242633048710993,-13.8499611650928,3.0,9.0,-1.5629402134385135
09-14,1.0543399452174962,-1.1580709339293127,-9.62500572204592,-2.0117331515410184,-0.5494556495772318,-2.1290948209457827,-0.4787439923349397,0.770254724499839,8.269229302039513,-5.235684706673562,-2.151866462711015,-11.641071522876041,3.0,9.0,-2.0739085825731647
09-15,3.112844827471058,0.3418773136792007,-17.071572289016302,-0.6705777171803494,-1.104975078766573,-1.2734556260839776,-3.5785857116490787,0.026304451393619067,7.730770111083984,-4.208754100638905,-3.1119420019432313,-5.5035121047025815,4.0,8.0,-2.1092981605294283
09-16,-6.863532551310228,0.5142865862165179,-16.611955106296804,-0.2504231034378448,-0.9456331221547117,-1.826796093651852,-2.9486841565901303,1.0786631557935078,6.326924837552585,-4.773188231930475,-4.44256072304775,-6.279253699988619,3.0,9.0,-3.085179350737151
09-17,-4.570967783628066,-0.11428833007812501,-12.606698187805844,-1.3502096393373009,-1.2142556114561207,-3.22580835190934,0.4771315704357652,0.4998648647699294,6.416907207579264,-4.986435697181861,-3.179009414171695,-4.35440978862014,3.0,9.0,-2.350681596783628
09-18,-2.646350574495107,-2.742854527064732,-8.407079325931877,-1.3524923790699845,0.19379549821353773,-6.245666771233317,2.6382329868843155,-0.5316341536892912,7.30732675230898,-5.172119351484472,-7.847036041889152,-4.013629201312727,3.0,9.0,-2.4016255907303186
09-19,-1.1226895481197512,-2.3918000516374263,-12.09149937733793,-3.833192317546716,0.7858575911348997,-4.476061516957654,0.8419849230063925,0.4998648647699294,6.929193238467112,-7.126835226474196,-8.25583891370158,3.597125211769143,5.0,7.0,-2.220324260218981
09-20,-6.864402142792976,-2.2171653568238296,-13.904100864773532,-1.9764478544293445,-0.11787339252485635,-2.637058420990618,0.7862925428186639,-0.4520025689617518,4.433032287245548,-2.780536835632127,-9.730099570606448,3.5240633826637384,3.0,9.0,-2.6613582329006276
09-21,-6.144777232358475,-1.8846368897342272,4.36923100398137,-0.883091162358902,1.9253503488311827,-1.8244430312044626,-0.0849931859563376,0.3694890258738969,3.5249044553544135,-1.9860986416848931,-9.23111744327206,6.8763754850867524,5.0,7.0,-0.4144839389534787
09-22,-6.122448979591836,6.043957886582348,8.911482250648664,-2.186705363331055,0.6764826182698502,-0.8867675020055662,4.271635689312758,0.645994819306074,3.5823733803705475,-0.5627278432501576,-10.130346104616569,14.290683510579926,7.0,5.0,1.5444678635229152
09-23,-2.5661562788439776,6.181019797793686,8.133969572540579,-0.5794676760456894,1.8867981112750332,-2.302405730278216,4.269297575819455,0.645994819306074,2.873563176391672,1.5554162024998617,-7.764603551876786,16.101986860412786,8.0,4.0,2.369617739916207
09-24,0.5516130586200099,2.9249484663265086,5.023918860108178,-1.123589441115117,-1.8496142700043103,-5.501049910513662,4.872824013862417,3.07494164844007,4.375706666906494,-0.34681930159979774,-7.042573870239306,17.28605423802395,7.0,5.0,1.8538633465679528
09-25,2.8368768209712765,4.690951115351535,8.578011818094092,-0.4604462668978649,-1.9199981689453125,-1.7188037036002535,4.92637276508266,2.823834703824323,4.357663896879252,1.6610204921408682,-13.958976668102538,15.649506186592271,8.0,4.0,2.2888344159491925
09-26,-1.260841657818187,4.055553012424045,3.4650493742389448,-0.5478342630552763,-0.5954728676066249,-2.57820555540038,6.479245696949815,2.622020052512496,3.8228623238653427,4.547642675839443,-11.764707977534588,12.649161589236952,7.0,5.0,1.7412060336376651
09-27,1.1538432194636417,4.1088271055735985,8.675801472882446,-2.34942007964749,-0.754262098772504,-1.6156731209665665,7.543670106423813,2.688025685563418,2.3840819351421265,4.168693643495531,-10.340803663391613,14.798799137855575,8.0,4.0,2.5384652786351647
09-28,3.2379469890641404,1.9553094353555314,13.954808555007824,-1.2387907621426095,-1.349742538227451,-4.415401001698287,7.076349658458252,0.5754674949971388,2.1616569725315267,4.363345295745138,-9.407093288848731,15.024871763224585,8.0,4.0,2.661560714455588
09-29,6.071967094090037,2.6154665070310266,13.172336492741632,-1.067919699399898,1.0081435426599556,-5.008880520495474,6.594274296748506,1.6727637682310896,1.221807361949729,5.2879189870936285,-7.155914799516054,16.263884105463784,9.0,3.0,3.3896539280498303
09-30,6.099393691487384,3.410345593101464,16.026340464674924,-2.424240072271157,3.5511849304610092,-3.4801120296397774,3.884539084336814,0.6534239701189346,0.7142877117775406,2.0630653543647273,-3.602999984400569,9.986367723032698,9.0,3.0,3.073466369753666
10-01,14.368647174199968,3.2453253172934198,19.868271505539827,-7.545453851873224,4.972377165516893,-1.765536742189232,0.36374108005025496,1.6988963400341128,0.4147835914511082,-0.29199272652171254,-0.044229228712421916,8.495148231542588,8.0,4.0,3.6483314880276314
10-02,13.78809619265939,3.6853688946484704,19.868271505539827,-7.420811589775058,5.565862551153391,-5.063289829458209,1.2311203714110335,-0.9935524038891472,-0.018932628807415124,0.3781973748166755,4.957963499291991,5.201109542523358,8.0,4.0,3.431616956676192
10-03,11.103046172855768,2.6140118204699037,18.435750320599738,-9.53478438261821,8.11700617820551,-6.039783361062895,-2.1824251333676377,-0.8040719003438749,1.091452809595623,-2.1816287460304014,4.5196500639877994,0.27739224439245547,7.0,5.0,2.117968007223648
10-04,8.03303092596911,0.9054886628255595,5.851681433884125,-9.321264390880458,6.9835459626033005,-5.2441257972665785,-3.309765301684834,-2.2672069362626366,0.3816808341898067,-3.557051679292516,2.4235821590437427,0.31195893032187777,7.0,5.0,0.0992962336208749
10-05,6.273907528467228,-1.3363123090261775,9.670453232811647,-8.733032904352525,9.06763988170395,-2.1769692738721083,-3.77948815844859,-3.448278323413523,-0.39765021589046473,-1.5939610524519607,3.580784753204491,0.13888544874417644,5.0,7.0,0.6054982172896786
10-06,7.69800106760698,-3.4246596221054735,4.560438950069578,-8.099542883626292,9.629358918788396,-2.42872417375417,-2.81373093483265,-1.1795463440202847,-0.37871036364587196,-4.043624008578717,4.5189192488386825,-1.2734301279576554,4.0,8.0,0.23039581056521027
10-07,1.7041074332228519,-2.6811140612934565,9.615384212310111,-8.050650068564513,11.273634570111335,-0.07012783114534411,-3.4626040244740843,-0.9698529936723025,-0.05680510985943651,-1.8059406942648835,5.882349593440411,-1.347613622845212,4.0,8.0,0.8358972835804565
10-08,-2.362206261735559,-2.7381604303187252,3.736265256430437,-9.136592305917466,11.535740277702141,0.24005382438447126,-6.512538706216503,-1.4154576126655356,3.400366699102054,0.22526661449461027,10.300336416288706,-2.001357400778079,6.0,6.0,0.4393096975642126
10-09,-4.566928601706956,-2.1106612515231316,7.448493527105711,-7.716744451221704,11.271570709359052,2.5808672188001305,-5.976878654989628,-1.3623276990008644,4.396599032114615,-4.447797297314602,1.675463730432494,-2.2727275668170503,5.0,7.0,-0.09008927539682775
10-10,-5.03937285775273,-2.4027464948103314,8.797494571850354,-6.071591169537456,9.062057967256006,3.131451700398724,-6.4561517395535155,0.845724826200086,2.1491517238416846,-2.357632399858801,1.5086651007596323,-3.8670329535242276,6.0,6.0,-0.058331810394214534
10-11,-1.0606086768614107,-2.5200490099046884,10.47040792561707,-4.857011627207309,6.66432036784657,3.097039349863219,-4.947189555150949,4.0170781201693755,3.6231883557196856,-3.9400249258807647,-1.8689525645270946,6.617871350123584,6.0,6.0,1.274672425817274
10-12,-6.720001220703126,-5.2724055923864945,5.202913817510792,0.1361810517949466,4.2665760429484205,2.96347552303876,-1.6693563329932906,3.917632810765149,3.070175927810772,-1.4993036980483718,-1.823916631556178,9.247186378252673,7.0,5.0,0.9849298397028378
10-13,-9.210525490240382,-6.315788886627089,8.62588352375094,-0.31774712956160855,4.903676553213169,3.923574341468524,0.026974476096416775,6.899995803833008,3.490496719304654,-1.4121296199002698,-1.8468460960441235,10.630525384758057,7.0,5.0,1.6165074650042746
10-14,-12.30643210165563,-4.474145838034307,10.230696393628522,-0.31774712956160855,5.036727969122701,3.9674468815690425,2.9595441172875896,6.724996566772461,2.8874301823971926,2.153074142249771,-0.4442486914834543,7.177340084132062,8.0,4.0,1.9662235480353616
10-15,-12.690355657596378,-2.6728705188387747,13.440322133383722,-0.31774712956160855,6.162947746283576,8.86618497207941,8.086325232407907,7.375001907348633,4.732878177523908,0.24010152812282198,-1.8441276984796233,5.934136583947923,8.0,4.0,3.109399773051793
10-16,-10.575296381330315,-4.357931667042765,17.770364854261388,2.470804756307097,3.3568865060135398,6.836768640667494,8.502341486232275,8.54109905660866,4.596052671859814,-0.9906094596284044,0.02183395749974258,6.097166072975632,9.0,3.0,3.5224567078686806
10-17,-14.29780522581264,-5.647053438074448,16.49733833974668,-0.09058178366297032,1.8544951525865252,7.065750307409448,7.5922991119471845,7.904549692667009,3.711864592121801,-1.291635485320061,-0.565336621100708,7.82523512409551,7.0,5.0,2.5465933138836108
10-18,-11.285006975412548,-4.906531565782725,5.753560060506849,-0.500002774325268,0.0356641531930004,6.7059184086535355,6.816986145067318,7.400993974100473,3.9643575898078707,-3.518014428035613,-2.022171029652199,11.212310545589165,7.0,5.0,1.6381720086424882
10-19,-19.451810147144943,-5.098982468983274,2.517403917696119,0.500002774325268,-0.784590963521223,7.252031031662856,4.204845344352017,5.848960772730375,-0.90389538229516,-5.625427200386281,-2.8049511931939786,12.232222100895134,6.0,6.0,-0.17618261782192457
10-20,-15.784755956017053,-5.34856568294546,3.1218044102896085,-0.13636675747958096,-1.326643411009635,8.998084496152622,4.849763361068129,4.765477981164838,-1.9553613561942143,-1.257650707932995,-7.21088529524981,12.673503116909338,5.0,7.0,0.11570034989631554
10-21,-11.305871858934417,-2.341918151738965,1.6888526898299863,1.6956678418294748,-1.0007172667134792,7.457951013645937,6.312729400735856,2.6447138843933584,-0.4242751265830581,-0.18496823287984257,-3.616036976897246,12.625968951712444,6.0,6.0,1.1293413473666707
10-22,-23.019574766114236,-2.224819452365343,-1.1770702735922616,-0.9624243572794461,-1.067993006162059,7.775311790362351,5.040907569752883,0.6237524665138504,0.21994637749549414,0.4344891725772481,6.321218518186495,-5.8424835378818045,6.0,6.0,-1.1565616248755692
10-23,-16.495811120927332,0.05854934968677982,-0.3553283863618188,-1.4246298836473352,-1.4669046018623093,8.45425943430567,1.9794141253137636,0.7228242984812603,0.9461434978636853,-1.8258630405696874,7.977618334071216,-8.90898055846531,6.0,6.0,-0.861559046009285
10-24,-13.3271236363701,2.62407857275053,-2.3291965323374577,0.5866388161630928,-1.746257236080484,7.539436086674231,2.137760811933509,0.0,-1.3215881548327377,4.208417523067663,6.289572551828701,-5.971602053435091,6.0,6.0,-0.10915527088651193
10-25,-6.573181507711473,6.208796817285002,0.8767410090002827,-5.1984895529394874,-1.8888121765247665,6.971611793792142,3.8631005329499057,2.7832016970932862,-2.318626942933126,0.6517369462800232,4.981005819224723,0.9055213624766923,8.0,4.0,0.9385504831661003
10-26,-6.760311509040087,5.524861762012845,-0.7579566022787768,-4.347826478866723,-2.3521021381813356,6.440357414860061,6.102810192399257,2.200492646215289,-5.285011818145372,2.5568161353534022,3.8623929712956375,-1.5465511032533357,6.0,6.0,0.4698309560309051
10-27,-4.248088195019503,3.4772901956610425,-12.849458820600226,-3.969755003049414,-4.474352682711187,7.438797218551726,6.40405779106626,7.4903003549175455,-5.134015183474483,2.1557501875633855,6.468175516490026,18.279854495688898,7.0,5.0,1.753212989590339
10-28,-2.5151775244516554,6.542058818687469,-11.129030389087834,-5.062079459923427,-0.06968135847878916,5.423945072167716,2.187183664868559,8.129712945561248,-2.718004226408117,3.82720399174726,6.333542593882681,21.035015561784395,7.0,5.0,2.6653908075291253
10-29,3.2669310054257608,5.882351090759031,-5.591392402415297,-4.413860079002436,0.14114649016220093,4.169278807556712,1.9537329213852705,7.7414919359967165,-4.392858342431031,3.0308078812225236,5.135637803309489,14.270326667096683,9.0,3.0,2.5994661482554684
10-30,9.880476113726319,8.356241963367356,-4.523674468896331,-4.911782166771784,0.4614808676411772,4.887107149919856,4.6272570209549455,10.599684103550743,-4.073431279641597,1.539488277752865,4.207449934778289,13.274099047373323,9.0,3.0,3.6936997136462644
10-31,11.155382875915436,6.084506612428477,-1.237112246584414,-6.537532234423404,2.1060034618813,3.0621763761109797,2.4678736799824295,15.2684537179137,-4.068890082646239,3.000329211016086,7.333476922203823,10.770059412318844,9.0,3.0,4.117060642176418
11-01,7.698678071601046,3.3623183982959692,1.3213530602108225,-10.9955386559286,1.7901026078590934,2.5363487650198637,-0.2642665795926211,14.838169612433827,-2.5927307492970715,-0.43911862903348586,4.118510355512325,8.80572578289206,8.0,4.0,2.5149626699977685
11-02,8.15486570671312,4.036913245557164,-1.4011440132316741,-8.073299245421179,1.4040000763207252,1.4080064720948091,-1.7430884827653041,14.285707293112424,-3.1575004781895233,-1.0640112782579778,2.269388164723421,11.744340711090043,7.0,5.0,2.322014847645504
11-03,8.646917081643533,0.23365019606586923,-3.9577834818179864,-7.776125078232976,1.9546229437999219,1.5620059945926543,0.1318893095800422,12.687707800337652,-3.9137827920439654,0.10133011234835668,2.8613256391390336,12.929027926537279,9.0,3.0,2.1217321376624514
11-04,15.578288670086538,-3.239111656281838,-1.9525008812050981,-8.474580300092695,1.6456558898573048,0.6933479877982472,1.991723902749098,13.31882226391777,-3.0062396879117443,2.2475571531627905,3.666115373894084,19.84476502156661,8.0,4.0,3.5261536447950887
11-05,10.1574801671408,-7.184930822103228,-2.321892395748574,-7.829533695798899,2.306885121747641,0.7824725947737335,1.2797542971730234,10.859633505145524,-3.3383882412393517,2.6497643846769576,-0.7515590484058936,13.925695964181292,7.0,5.0,1.7112818192952524
11-06,10.31495657965825,-6.596000408878046,-3.1382988113362447,-6.743736045737394,2.229969616668102,0.22158814335581536,-1.0749986867755663,12.813964487912614,-2.348299851117159,-0.0668464495744269,1.3327767254216514,16.00415582953406,6.0,6.0,1.9124359274276381
11-07,7.322829649359468,-5.909890110380686,-3.2481292902012746,-1.9267804148372802,3.813856387325503,-0.8547022996501934,-0.7166592820167534,12.92517370901613,0.3911325942336338,0.0,-1.2684562454066373,1.2210995069040667,5.0,7.0,0.9791228503621648
11-08,5.38584521880655,-6.407996107708122,-9.156104972983083,-0.23935445605589392,-0.4198769753454834,-1.5511290791388694,-1.4698290685055722,14.18379845399908,1.3224047357666504,-3.9617480198392667,-1.122896472892353,1.2210995069040667,4.0,8.0,-0.18464893641602473
11-09,3.9967354157452095,-5.9417706745883025,-2.592395159731776,-0.8616577809235013,0.8397472769728372,-0.7854285515170528,-1.6795806159365827,8.120014570446758,3.140094084525823,-3.1079229032503046,-0.41588846393191453,1.2210995069040667,5.0,7.0,0.16108722539293827
11-10,10.411811690002033,-8.080811744009084,-4.273032398464383,-0.38295799925053947,2.9452074927445517,-2.0031829978765394,-1.6283305517626228,7.3405819098875895,2.8428071125463283,-2.049175068478557,-1.5776188169046454,-0.9093230939423423,4.0,8.0,0.21966462787431565
11-11,2.4864001372935207,-6.9277083861636335,-7.658152750889902,-0.5755344349605392,3.736414271450809,0.06265807555096353,-0.542783423685513,2.2349808127065005,1.8208835893593904,-1.8752104960491611,-1.067396712557988,3.507410314231338,6.0,6.0,-0.3998365836428512
11-12,5.106045890839722,-3.9156602626097285,-4.994448366634313,1.0382313126869827,4.540834097576244,-1.2844666471828916,4.7571090144091475,2.44002176653568,1.4179073566581202,-1.356850830194856,2.4781662239432656,5.585870179584126,8.0,4.0,1.3177299779676248
11-13,4.634715004945908,-4.45782984405357,-9.936089963910016,3.2786920394952483,3.4564569632411835,0.3740733782186727,6.141451434236894,3.3319775476938043,0.3582851802424851,-1.9838606493900044,3.3313008427745734,2.4421990138081333,9.0,3.0,0.914280912275276
11-14,1.8853085604746407,-2.0000008975758274,-10.77283466514585,3.304591256907191,3.2421512057844146,0.21821541622772744,4.580920502879458,3.0957162735301176,0.6393383802872974,-0.4410488857816237,1.7644656970365178,-0.6754957396602531,8.0,4.0,0.40344392541365076
11-15,1.0301118511869052,-3.2142913098240493,-6.346575967260973,3.464875827294067,3.546103082625725,1.091029516337342,5.29602547222963,3.786008663287651,3.906252707333021,-1.136547667838386,0.9437892559062895,-0.6754957396602531,8.0,4.0,0.9742738076347474
11-16,-3.4797024599266995,-1.7835977993596204,-6.043647862259336,2.8873934631548077,3.377237350175546,1.3983864470848861,5.082621054321599,6.128702662393686,8.615006975758298,-1.5543982316841616,1.723430700986224,-0.6754957396602531,7.0,5.0,1.3063280467487484
11-17,0.15710530093107986,-2.909088134765625,4.568535487430186,0.09624859048499373,3.5401188215183517,-0.8261844123126713,3.854760687271661,5.301352621968043,7.730974502758585,-0.01671121716064115,2.3445417514150493,-0.4156919730705576,8.0,4.0,1.9521635022057044
11-18,0.9360365711048556,-0.5294126622817096,4.670050967839005,0.9541930549938697,2.951149746926936,-2.9980667035838735,3.124230297605017,5.1804064970883426,6.9336108428127154,-1.5959229242056714,1.6225038470153579,0.0,8.0,4.0,1.7707316279429037
11-19,4.234027716903646,-0.05882487577550552,7.969550971421335,0.28818187714620824,1.9808740099196698,-0.2538874107424594,1.6983573401397536,3.930660630817586,6.414503004514692,0.5484427894294653,1.5781931611290878,0.0,9.0,3.0,2.36083993457529
11-20,5.6197040423311,1.0000004487879137,6.207970862264644,0.2864027260426381,1.2439550922879254,-0.06287475039123597,1.9011406476437211,7.0411557989461855,5.707762694738659,2.675746791837588,-0.5435883578921242,0.0,9.0,3.0,2.5897813330497517
11-21,0.9237866641529014,3.938359109755936,8.062881379063388,0.38222609909026856,-0.17153051479764364,1.131715526711568,1.926494604645091,7.113625858873764,7.826682210300557,2.477143209756582,2.880489939603095,0.0,10.0,1.0,3.040989507262959
11-22,-4.042037224136981,4.699886358309809,10.034948377320587,-0.9047644478933983,-0.9948573561661058,-0.3458051310856887,0.9218965874137832,6.463365882880745,6.096712062542855,-4.631766958343776,2.3901980907187066,0.0,6.0,5.0,1.6406480201300446
11-23,-0.15563815949916737,5.142854963030134,12.63960193926036,-0.9047644478933983,-1.234993533662753,-0.7257795467347767,3.2750034332275564,6.9741043986970634,6.472666550723181,-4.631766958343776,-0.5720097547145799,0.0,5.0,6.0,2.189939907007487
11-24,0.31324130065339756,2.0737361618345704,12.185093811149153,-1.666668483189174,-1.3740969087717576,1.2681773323220809,-0.9656952550205199,8.736061021543327,6.472666550723181,-5.554571699860288,-0.285189222271895,0.0,6.0,5.0,1.7668962174260063
11-25,1.3291640093900012,5.298762943548608,12.185093811149153,-2.202015343519964,0.23664535160499567,0.7118524681538688,-2.8784346858825893,8.736061021543327,6.208113598588225,-6.271213587601028,1.04522705078125,0.0,8.0,3.0,2.033271386479654
11-26,5.555555970124472,5.298762943548608,6.838045612009804,-7.719478860764317,-0.9202469541904666,2.632372018058025,-3.8211524807926103,9.665429064462499,6.832518221394116,-9.640552151587702,2.0891866740314424,0.0,7.0,4.0,1.400870004691156
11-27,5.555555970124472,5.186020790100346,2.789691885418297,-2.8064978326564773,-1.9243967649532239,0.4113957802085162,-3.8211524807926103,10.530193764430644,6.2742355798027045,-9.817437458649833,1.762469582889253,0.0,7.0,4.0,1.1783399013268407
11-28,0.3912378073519774,6.555557250976543,5.180532388794874,-2.163227781498493,-2.3966606626151465,0.4113957802085162,-4.522999242415208,10.348645462269399,3.0473833508657995,-13.723628848015096,2.8725362272576365,0.0,7.0,4.0,0.5000643110984001
11-29,-1.192365814308238,8.137628697857945,5.499730389056761,-2.5440241527812524,-2.3966606626151465,1.8354427743810113,-4.822727957991392,7.519364291118552,-1.406221208724614,-11.006407842890813,2.8725362272576365,0.0,5.0,6.0,0.20802456169670422
11-30,0.3912378073519774,8.890119028661395,-6.142248544182181,-1.8590956498921882,-1.7019790049881363,2.0524143257480443,-6.686125098391177,7.045153450971645,-2.154556780199886,-13.399918227731655,2.673050317248406,0.0,5.0,6.0,-0.9076623646169795
12-01,0.23346837163342316,7.053039097620789,-3.2034190930796154,-2.4951086866757417,-1.0352006526844573,0.5131489603787781,-8.50148995904306,3.373541027513786,-1.3888867190458347,-13.362231377846875,7.61219532896437,0.0,5.0,6.0,-0.9334119751887031
12-02,-6.562758148263269,3.2578693136578183,-5.28563692105652,-2.545278756711197,-1.1748450114497184,-2.571617621045729,-3.3263500461300604,3.2981529489384878,-3.9707969164802055,-17.64130700045802,6.746939602230315,0.0,3.0,8.0,-2.481302379730675
12-03,-0.8972239365714803,2.4848191483893824,-6.9407430655706355,-2.294927886760113,1.698369534408044,-2.6460138782848257,-1.0610762264192668,1.7338898602171722,-4.904778206468605,-19.440033353603635,9.309821181550724,0.0,4.0,7.0,-1.9131580690927699
12-04,-4.81239919717115,3.368308060701481,-4.431701605553945,-0.43186253324817997,0.7152622188544667,0.6271522716169993,-3.5196703722410088,2.414375646938525,-3.23549853593459,-11.429699059081567,8.555946424061524,0.0,5.0,6.0,-1.0149822234214536
12-05,-4.159871283528925,3.4748990067794514,-3.89004135523447,0.2848977562388629,2.6746882017445692,-1.3797505482207042,-1.8374717797300568,2.505609880436915,0.3665545140805541,-12.751816899447238,8.397088985234296,0.0,6.0,5.0,-0.5262677934705621
12-06,-4.415379687157383,5.046122028085941,-5.743433442692771,1.3692205446119485,1.1033096803396027,-1.3170335267516753,-3.853257081000452,2.163465133188514,0.1233040237093143,-16.50707775613859,7.16551621879862,0.0,6.0,5.0,-1.2387703220839108
12-07,-6.416670481363933,6.111407110624675,1.6186124806009043,6.421154819432262,1.9057161408629582,1.011023353334025,-6.322616208351538,2.0571655959171005,-1.2595403807402117,-12.926725574781326,7.109537903419881,0.0,7.0,4.0,-0.05757793675376691
12-08,-4.750204110515935,4.726106490076103,6.425706233649997,4.107652628412813,1.2785974749193478,0.27777823564608367,-4.568666500314013,-0.018409724324023068,-0.6563823906207991,-11.740214992014069,6.901070426715293,0.0,6.0,5.0,0.16525281430256658
12-09,-3.7337666358889945,3.329757310896686,4.0662623636549915,3.789678452291857,2.557291405364332,-1.9746972930009057,-2.477358237866,0.18413236289761237,-0.709600023874836,-12.32475261940146,6.586605509341879,0.0,6.0,5.0,-0.058870617132069945
12-10,-2.1103915204727106,1.6648837772220804,5.070282254083923,3.789678452291857,3.35436801198403,2.499226997087001,-2.184335841305346,2.5409704165353024,-0.709600023874836,-12.32475261940146,6.305123949383427,0.0,7.0,4.0,0.6579544877944389
12-11,-3.7337666358889945,2.7389914387503147,5.070282254083923,3.004287941799744,5.976485543923553,2.942080785769157,-0.3995676812026695,2.5409704165353024,0.8037726509733276,-11.603736299377834,6.334079522894862,0.0,8.0,3.0,1.1394899948550572
12-12,-4.301953731932037,7.032848891573903,6.47873150558011,1.5888296409868723,5.664061881543578,4.443765600597351,0.9856226360106194,2.9697506041102923,-0.3527972619234316,-16.487381475344048,0.9936235054006726,0.0,8.0,3.0,0.7512584830503234
12-13,-4.641699192941428,5.873176581129103,8.706347586847423,0.14662160625237486,5.794266989202308,5.8535142269030604,2.0036966256674718,2.270649449931964,0.49609990451765296,-5.990877464953444,1.9122618201083463,0.0,9.0,2.0,1.8686715110554024
12-14,-4.641699192941428,6.492835302098793,8.231260743437964,-0.09775395238825044,4.166662786155853,5.651111739343726,1.9002407820038911,3.6848770623964273,1.6086262194117855,-4.394690833584866,1.124856528692724,0.0,8.0,3.0,1.9771939320522183
12-15,0.48979934380978957,8.024377251656968,4.48206983042738,-1.8572878060567553,4.229015116265445,5.911185673282947,-0.8985204841883118,1.9992665873733944,0.0176742471047084,-4.830012303663493,1.1619170254741134,0.0,8.0,3.0,1.5607903734571822
12-16,-0.4095019703411194,7.688392443014576,3.984059960658068,-2.710691041120893,4.601425950126605,6.090909784490412,-1.0724557999514057,1.907558523102043,-1.2727615778456516,-5.5080312389719595,0.24588094579963624,0.0,6.0,5.0,1.1287321649133593
12-17,-0.16379610177618523,6.160891660263534,7.221119364784495,-2.710691041120893,4.860660953768244,3.363638213186542,0.8893543203218196,0.8070407612154162,-1.2727615778456516,-5.5080312389719595,-1.2483447337731597,0.0,6.0,5.0,1.0332567150043503
12-18,1.7199020269523513,5.855395388333879,7.221119364784495,-3.1847115305720783,2.858074186257823,1.0009154347481783,3.191214322028106,0.8070407612154162,-1.2190856183887284,-1.9301819547902765,-0.9988668782124362,0.0,7.0,4.0,1.2767346251963942
12-19,0.0,5.421992364751416,9.166265466286303,-3.065698742115132,4.68249190997903,1.728843414377231,2.6680629609654587,0.35009881169404683,-1.0861834259418568,2.5360113142262586,-0.2061480680160076,0.0,7.0,4.0,1.8496446671838955
12-20,-1.919870656920826,6.14213677644926,3.040701081136516,0.6588206571691344,3.4316859664898907,1.6985179028121153,1.0898454520279683,-1.1974973111584122,0.08861970698903769,4.743865537733189,0.13118383437694184,0.0,9.0,2.0,1.4923340789254012
12-21,-2.8643652558205264,5.769227613581613,5.993395119185867,1.3176502900965241,1.7960213613257237,0.3688869855142348,-0.0537791301484887,-0.4996307423934547,-2.0506377917855585,6.039463603513567,-0.2998497855734099,0.0,6.0,5.0,1.2930318556246743
12-22,1.4400024414062358,0.2560222357973093,4.98120930022448,2.2588213752297794,0.0652694217148027,-0.34055917321924356,-4.133153148405695,1.21333206959689,-1.0877260622992702,9.20868865955928,-0.2998497855734099,0.0,7.0,4.0,1.1301714445025965
12-23,0.6472485916521266,6.692536430403654,4.464289155477517,3.3053961806497165,-0.525284831155182,-3.62020103297254,-5.214982268799977,1.1046733010988554,-0.6419343507491454,7.923998154263375,-0.6772020530189821,0.0,6.0,5.0,1.1215447730707848
12-24,2.0733670627811875,5.140646605960178,4.088349676508125,4.46181841567058,-1.4866166131008456,-5.611422166286539,-6.642276080591146,0.23542387765558645,-0.21306628646126638,10.633709738741528,-1.5033319257789841,0.0,6.0,5.0,0.931383525424867
12-26,2.312599383853381,3.5978384260510734,2.9020009375226286,4.347827637741087,-0.523217291730857,-3.650798494853671,-6.50155207614879,-1.2870027041638064,1.380396508555486,3.0741385678613327,-0.39510645050577126,0.0,6.0,5.0,0.43809370368184114
12-27,4.222048189707669,1.6591248558700307,2.297747995503458,4.652254413410095,-0.9156333791500348,-4.761904761904762,-10.128054366762509,-3.786733707980479,1.82228263888343,5.351499046476332,0.526815777903209,0.0,7.0,4.0,0.07828722516303677
12-28,5.551274111066352,0.4046531201502441,5.193580574221813,4.088349676508125,-0.6867265936730655,-2.3255813953488373,-11.458024454287647,-1.5648288893673843,2.396970450273064,3.8309609993904323,0.16933236124942547,0.0,7.0,4.0,0.4666633300152101
12-29,6.793895552718314,1.207242360411175,2.611582388451574,3.430457829087765,0.03246208370413221,-6.658045993486053,-13.106510074468963,-0.240120187626176,3.1557195690411834,2.665873796193318,1.0074573063482268,0.0,8.0,3.0,0.07500121919787472
12-30,9.721182147907335,2.493765680927293,3.181386957665644,4.551794790200959,0.09733543022037365,-8.418288017547857,-10.387314878616964,-0.25858771929578644,2.707369312086893,2.7618815330643214,-0.9705083608655891,0.0,7.0,4.0,0.45666807297888506
12-31,12.656366797032565,1.745628366280206,-0.6172890380432401,3.8821326299635563,-2.4646729953283435,-6.6557337026127055,-12.936526820692526,0.18470350064358046,2.707369312086893,3.352939381318934,-0.7552899033115404,0.0,6.0,5.0,0.09163562727811485
