,2009,2010,2011,2012,2013,2014,2015,2016,2017,2018,2019,2020,ups,downs,end_day_sum,avg
01-02,-1.2699999809265123,0.21000003814697174,-0.4300003051757804,1.1700000762939462,0.7100000381469744,-0.10999965667724876,-0.380000114440918,-0.4000000953674317,0.4300003051757813,-0.369999885559082,0.869999885559082,-1.6500000953674316,5.0,7.0,03-17,-0.10166664918263743
01-03,-1.2199997901916504,0.26999998092651545,-0.4300003051757804,1.1700000762939462,0.8999996185302734,-0.09999990463257014,0.1100001335144052,-0.3200001716613769,0.4300003051757813,-0.309999942779541,0.9100003242492684,-2.2300000190734863,6.0,6.0,03-18,-0.06833330790201793
01-04,-1.149999856948854,0.26999998092651545,-0.3700003623962401,1.2100000381469718,0.9100003242492676,-0.05000019073486328,0.2000002861022958,-0.3200001716613769,0.380000114440918,-0.3600001335144034,0.8400001525878915,-2.3500003814697275,6.0,6.0,03-19,-0.06583335002263375
01-05,-1.149999856948854,0.1900000572204608,-0.340000152587888,1.0800004005432131,0.6600003242492694,-0.18000030517578125,0.2000002861022958,-0.3200001716613769,0.4300003051757804,-0.4700002670288095,0.7199997901916495,-3.31000018119812,6.0,6.0,03-20,-0.20749998092651334
01-06,-1.3500001430511488,0.0,-0.21999979019165128,1.1399998664855957,0.5199999809265154,-0.18000030517578125,0.15000009536743164,-0.21000003814697354,0.3499999046325675,-0.4200000762939444,0.6999998092651358,-3.31000018119812,5.0,7.0,03-21,-0.2358334064483644
01-07,-1.420000076293945,-0.1400003433227539,-0.1400003433227539,1.1300001144409206,0.5199999809265154,-0.23000001907348636,-0.010000228881838602,-0.16000032424926847,0.3000001907348633,-0.4800000190734846,0.6999998092651358,-3.299999952316284,4.0,8.0,03-22,-0.2691667675971983
01-08,-1.4499998092651367,-0.2199997901916504,-0.04999971389770508,1.0500001907348633,0.5199999809265154,-0.23000001907348636,-0.0699996948242152,-0.019999980926513672,0.2399997711181641,-0.4800000190734846,0.6199998855590811,-2.940000057220459,4.0,8.0,03-23,-0.2524999380111689
01-09,-0.9999999999999978,-0.2300000190734845,-0.06999969482421875,1.0500001907348633,0.5699996948242205,-0.25,0.0,0.030000209808349613,0.2399997711181641,-0.4400000572204581,0.5899996757507324,-2.840000152587891,5.0,7.0,03-24,-0.1958333651224767
01-10,-0.7899999618530273,-0.30000019073486417,-0.06999969482421875,1.0800004005432131,0.4700002670288086,-0.32000017166137784,0.07999992370605202,0.030000209808349613,0.25,-0.5600004196166983,0.5,-3.1299998760223398,6.0,6.0,03-25,-0.2299999594688419
01-11,-0.7200000286102295,-0.30000019073486417,-0.059999942779541016,0.9699997901916504,0.4400000572204572,-0.17000007629394798,0.03999996185302823,0.030000209808349613,0.2599997520446777,-0.7199997901916495,0.4600000381469727,-2.8300001621246342,6.0,6.0,03-26,-0.21666669845581088
01-12,-0.7200000286102295,-0.07000017166137963,-0.1100001335144043,0.9499998092651368,0.5999994277954075,-0.2300000190734899,0.03999996185302823,0.09000015258789062,0.3399996757507324,-0.6800003051757804,0.4699997901916495,-2.5199999809265146,6.0,6.0,03-27,-0.1533334851264961
01-13,-0.6500000953674316,-0.3200001716613769,-0.1900000572204608,1.0299997329711914,0.5999994277954075,-0.2300000190734899,0.010000228881836827,0.1700000762939453,0.3600001335144034,-0.7200002670288095,0.5099997520446777,-2.5199999809265146,6.0,6.0,03-28,-0.16250010331471842
01-14,-0.3200001716613769,-0.2199997901916495,-0.3200001716613743,0.9300003051757812,0.5999994277954075,-0.25,0.019999980926512784,0.1599998474121085,0.3299999237060547,-0.7200002670288095,0.5099997520446777,-2.619999885559082,6.0,6.0,03-29,-0.15833342075347914
01-15,-0.4600000381469727,0.019999980926513672,-0.19000005722045632,0.9200000762939452,0.6599993705749494,-0.25,0.09000015258789062,0.25999975204467685,0.4000000953674317,-0.7200002670288095,0.4899997711181641,-2.2800002098083496,7.0,5.0,03-30,-0.08833344777425138
01-16,-0.8700001239776611,0.0,-0.11000013351440163,0.9200000762939452,0.5899996757507369,-0.21999979019165128,0.12999963760376246,0.379999637603758,0.4000000953674317,-0.7200002670288095,0.4499998092651367,-2.369999885559082,6.0,6.0,03-31,-0.1183334390322362
01-17,-0.309999942779541,0.0,-0.11000013351440163,0.9200000762939452,0.5500001907348633,-0.08999967575073597,0.11000013351440696,0.4299998283386213,0.4000000953674317,-0.6799998283386229,0.5200004577636719,-2.359999656677245,6.0,6.0,04-01,-0.05166653792063388
01-18,-0.2699999809265137,0.0,-0.11000013351440163,0.7899999618530282,0.6000003814697275,-0.07000017166137429,0.11000013351440696,0.4299998283386213,0.4099998474121094,-0.5,0.5300002098083496,-2.3700003623962385,6.0,6.0,04-02,-0.0375000238418571
01-19,-0.2699999809265137,0.0,-0.039999961853026456,0.8099999427795409,0.6199998855590829,-0.07999992370605469,0.11000013351440696,0.4299998283386213,0.4699997901916504,-0.6100001335144052,0.5900001525878906,-2.6300001144409157,6.0,6.0,04-03,-0.050000031789143515
01-20,-0.2699999809265137,0.08000040054321378,0.019999980926513672,0.7899999618530282,0.5100002288818386,-0.07999992370605469,0.11000013351440696,0.7699999809265154,0.4400000572204581,-0.5999999046325701,0.5999999046325684,-2.6300001144409157,8.0,4.0,04-04,-0.021666606267292558
01-21,-0.2799999713897692,0.2799997329711923,0.009999752044677734,0.7000002861022939,0.5100002288818386,-0.07999992370605469,0.19000005722045896,0.740000247955324,0.4699997901916504,-0.5700001716613778,0.5999999046325684,-2.6300001144409157,8.0,4.0,04-05,-0.005000015099842714
01-22,0.13000011444091794,0.44999980926513583,-0.010000228881838602,0.7000002861022939,0.5100002288818386,-0.030000209808346945,0.1399998664855957,0.5099997520446777,0.5499997138977051,-0.5700001716613778,0.5999999046325684,-2.730000019073488,8.0,4.0,04-06,0.02083325386047352
01-23,0.039999961853027344,0.4099998474121094,0.0,0.7000002861022939,0.49999952316284,-0.01000022888183416,0.19999980926513672,0.4899997711181632,0.5499997138977051,-0.5300002098083471,0.5499997138977051,-2.83999991416931,8.0,4.0,04-07,0.004999856154124127
01-24,-0.16999983787536666,0.3599996566772488,0.0,0.6700000762939444,0.6399998664855975,0.09000015258788796,0.2199997901916504,0.5299997329711914,0.5199999809265137,-0.4800000190734846,0.5299997329711914,-2.5299997329711945,8.0,4.0,04-08,0.031666616598764935
01-25,-0.16999983787536666,0.3599996566772488,-0.00999975204467507,0.4900002479553223,0.7300000190734872,0.24000024795532315,0.1899995803833008,0.5299997329711914,0.4600000381469727,-0.7399997711181651,0.5700001716613771,-2.2799997329711896,8.0,4.0,04-09,0.030833383401235575
01-26,-0.16999983787536666,0.4299998283386257,-0.009999752044676844,0.5100002288818359,0.7699999809265128,0.2800002098083505,0.1899995803833008,0.4600000381469727,0.4100003242492676,-0.5299997329711914,0.4200000762939453,-2.2799997329711896,8.0,4.0,04-10,0.040000100930532224
01-27,-0.14999985694885298,0.4900002479553196,0.00999975204467507,0.3800001144409189,0.7999997138977006,0.2800002098083505,0.19999980926513672,0.4299998283386231,0.4200000762939453,-0.3299999237060556,0.4600000381469727,-2.2799997329711896,9.0,3.0,04-11,0.05916668971379535
01-28,-0.25,0.4300003051757795,0.13000011444091794,0.23000001907348636,0.7999997138977006,0.17999982833862305,0.3299999237060547,0.3899998664855957,0.4700002670288095,-0.3699998855590829,0.4600000381469727,-2.3499999046325666,9.0,3.0,04-12,0.037500023841857535
01-29,0.09999990463256836,0.5399999618530273,0.1200003623962429,0.28999996185302823,0.7999997138977006,0.18000030517578036,0.2300000190734872,0.3899998664855957,0.4700002670288095,-0.3699998855590829,0.3699998855590811,-2.1599998474121085,10.0,2.0,04-13,0.08000004291534417
01-30,0.31999993324279785,0.4899997711181641,0.09000015258789062,0.28999996185302823,0.8299999237060547,0.10000038146972924,0.3000001907348633,0.3700003623962401,0.4700002670288095,-0.21000003814697266,0.2799997329711914,-2.0199999809265137,10.0,2.0,04-14,0.10916672150294024
01-31,-0.039999961853027344,0.5099997520446804,0.09000015258789062,0.2300000190734845,0.7300000190734881,0.1100001335144052,0.3899998664855984,0.4200000762939453,0.4500002861022958,-0.2899999618530273,0.2399997711181641,-1.9600000381469729,9.0,3.0,04-15,0.07333334287007709
02-01,0.11999988555908335,0.5099997520446804,0.04999971389770508,0.25,0.5,0.1700000762939453,0.3799996376037624,0.4200000762939453,0.4000000953674317,-0.2899999618530273,0.25,-1.9800000190734872,10.0,2.0,04-16,0.06499993801116992
02-02,0.11999988555908335,0.3899998664855984,0.09999990463256836,0.12999963760376246,0.619999885559082,0.1700000762939453,0.3799996376037624,0.4800000190734863,0.369999885559082,-0.05000019073486328,0.25,-2.1399998664855966,10.0,2.0,04-17,0.06833322842915923
02-03,0.019999980926515004,0.339999675750736,0.1700000762939462,0.01999998092651456,0.5600004196167011,0.1700000762939453,0.2599997520446777,0.3600001335144043,0.4699997901916495,0.2699999809265137,0.25,-2.1399998664855966,11.0,1.0,04-18,0.06250000000000057
02-04,0.21000003814697266,0.5199999809265137,0.039999961853027344,0.09999990463256836,0.5600004196167011,0.11999988555908114,0.2699999809265137,0.3000001907348633,0.5099997520446786,0.28999996185303,0.25,-2.2099995613098145,11.0,1.0,04-19,0.08000004291534461
02-05,0.2500000000000013,0.6399998664855948,0.1399998664855957,0.09000015258789062,0.4600005149841344,0.17000007629394442,0.1999998092651376,0.4899997711181641,0.3899998664855957,0.28999996185303,0.2599997520446777,-2.3399996757507324,11.0,1.0,04-20,0.08666666348775283
02-06,-0.0700001716613774,0.71000003814697,0.1399998664855957,0.09000015258789062,0.4999999999999991,0.21000003814697354,0.19999980926513672,0.7100000381469718,0.3899998664855957,0.09999990463257102,0.1700000762939453,-2.2300000190734863,10.0,2.0,04-21,0.07666663328806549
02-07,0.019999980926513228,0.7300000190734837,0.1399998664855957,0.09000015258789062,0.5200004577636737,0.08000040054321378,0.1399998664855966,0.6600003242492667,0.3499999046325684,0.05999994277953924,0.18000030517578036,-2.3799996376037584,11.0,1.0,04-22,0.049166798591613665
02-08,-0.09000015258789062,0.7300000190734837,0.09999990463256836,-0.04999971389770508,0.6299996376037607,0.06999969482421875,0.1399998664855966,0.6600003242492667,0.2799997329711914,0.019999980926513672,0.15000009536743253,-2.550000190734864,9.0,3.0,04-23,0.007499933242797703
02-09,-0.09000015258789062,0.6700000762939444,0.16000032424926758,-0.06999969482421786,0.7800002098083514,0.08999967575073242,0.1399998664855966,0.8200001716613761,0.4000000953674317,0.08999967575073242,0.13000011444091794,-2.5199999809265146,9.0,3.0,04-24,0.05000003178914395
02-10,0.01999998092651234,0.7699999809265154,0.3200001716613743,0.059999942779541016,0.7599997520446777,0.08999967575073242,0.1499996185302752,0.8499999046325684,0.369999885559082,0.12000036239623756,0.1700000762939453,-2.5199999809265146,11.0,1.0,04-25,0.09666661421457894
02-11,0.12000012397766067,0.6800003051757812,0.3299999237060547,-0.029999732971196732,0.7599997520446777,0.039999961853027344,0.2199997901916504,0.990000247955324,0.369999885559082,0.11000013351440163,0.1700000762939453,-2.499999999999999,10.0,2.0,04-26,0.10500003894170078
02-12,0.3499999046325684,0.6799998283386222,0.3600001335144034,0.01999998092651012,0.7699999809265137,0.009999752044676844,0.1700000762939453,0.9600000381469737,0.4000000953674317,0.11000013351440163,0.19000005722045896,-2.5799999237060565,11.0,1.0,04-27,0.12000000476837075
02-13,0.3100001811981197,0.4600000381469736,0.4699997901916495,0.01999998092651012,0.6900000572204581,0.07000017166137963,0.15999984741210938,0.9499998092651376,0.4000000953674317,0.050000190734862386,0.21000003814697174,-2.6600003242492694,11.0,1.0,04-28,0.0941666563351945
02-14,0.6000001430511475,0.4499998092651376,0.4699997901916495,0.0699996948242152,0.7399997711181632,0.030000209808346945,0.25,0.9699997901916504,0.3900003433227512,0.039999961853030896,0.23000001907348636,-2.6500000953674308,11.0,1.0,04-29,0.13249995311101234
02-15,0.75,0.4499998092651376,0.5,0.05999994277954013,0.7700004577636719,0.030000209808346945,0.23000001907348636,0.9699997901916504,0.4500002861022949,0.0,0.1900000572204581,-2.5699996948242188,10.0,2.0,04-30,0.15250007311503064
02-16,0.75,0.4499998092651376,0.4500002861022949,0.029999732971191406,0.7600002288818359,0.039999961853027344,0.23000001907348636,0.9699997901916504,0.4200000762939462,-0.029999732971190518,0.169999599456788,-2.5,10.0,2.0,05-01,0.14499998092651398
02-17,0.75,0.5199999809265163,0.42999982833862216,0.019999980926513672,0.7399997711181641,0.039999961853027344,0.23000001907348636,0.8699998855590803,0.420000076293948,0.12999963760376246,0.17999982833862396,-2.5,11.0,1.0,05-02,0.15249991416931205
02-18,0.8100001811981201,0.4600000381469727,0.34999990463256925,0.18000030517578125,0.7399997711181641,0.039999961853027344,0.1599998474121085,0.8400001525878906,0.6299996376037589,0.14999961853027255,0.17999982833862396,-2.5,11.0,1.0,05-03,0.16999993721644074
02-19,0.8800001144409175,0.5599999427795419,0.3899998664855939,0.1399998664855957,0.7399997711181641,0.1399998664855948,0.2599997520446777,0.8000001907348642,0.5399999618530282,0.14999961853027255,0.17999982833862396,-2.5199999809265137,11.0,1.0,05-04,0.18833323319753006
02-20,1.119999885559082,0.3699998855590829,0.2899999618530273,0.1399998664855957,0.8900003433227539,0.11999988555908292,0.23000001907348636,0.7899999618530291,0.5399999618530282,0.14999961853027255,0.2399997711181649,-2.519999980926509,11.0,1.0,05-05,0.19666659832000807
02-21,1.2400000095367432,0.18999958038330167,0.2899999618530273,0.1399998664855957,0.9199995994567862,0.10999965667724876,0.17999982833862305,0.779999732971195,0.5399999618530282,0.1099996566772461,0.3300004005432138,-2.559999942779541,11.0,1.0,05-06,0.18916652599970565
02-22,1.4100000858306885,0.18999958038330167,0.2899999618530273,0.029999732971191406,0.9200000762939444,0.07999992370605558,0.14999961853027255,0.779999732971195,0.3600001335144043,0.14999961853027255,0.19000005722045896,-2.3999996185302743,11.0,1.0,05-07,0.17916657527287816
02-23,1.4100000858306885,0.20999956130981445,0.2699999809265137,-0.07000017166137606,1.1000003814697257,0.12999963760375974,0.14999961853027255,0.7699999809265163,0.369999885559082,0.13000011444091794,0.20000028610229487,-2.489999771118164,10.0,2.0,05-08,0.18166663249333714
02-24,1.2899999618530271,-0.2999997138977051,0.30999994277953924,0.039999961853027344,1.1199998855590811,0.12999963760375974,0.09999990463256747,0.7600002288818359,0.4200000762939453,0.07000017166137784,0.17000007629394798,-2.489999771118164,10.0,2.0,05-09,0.13500003019968668
02-25,1.27999997138977,-0.29000043869018555,0.3400001525878915,-0.07999992370605558,1.1199998855590811,0.10999965667724433,0.07999992370605735,0.6600003242492685,0.4000000953674325,0.15999984741210938,0.17000007629394798,-2.2699999809265132,9.0,3.0,05-10,0.13999996582667076
02-26,1.569999933242798,-0.06999969482421964,0.3099999427795419,-0.0999999046325657,1.0699996948242188,0.07000017166137695,0.11999988555908205,0.6399998664855948,0.41000032424926935,0.15999984741210938,0.1799998283386257,-2.19000005722046,9.0,3.0,05-11,0.1808333198229476
02-27,1.6000001430511477,-0.21000003814697174,0.3099999427795419,-0.0999999046325657,0.9099998474121094,0.01999998092651456,-0.010000228881836827,0.6799998283386229,0.41000032424926935,0.20999956130981445,0.2100000381469691,-1.710000038146975,8.0,4.0,05-12,0.1933332880338033
02-28,1.8399999141693117,-0.12000036239624112,0.3099999427795419,-0.14000034332275124,0.9300003051757812,0.0,-0.019999980926513672,0.6100001335144043,0.41000032424926935,0.10999965667724876,0.259999752044676,-1.5100002288818333,7.0,5.0,05-13,0.2233332594235745
02-29,0.0,0.0,0.0,-0.15000009536743164,0.0,0.0,0.0,0.6100001335144043,0.0,0.0,0.0,-1.9699997901916488,1.0,2.0,05-14,-0.12583331267038966
03-01,1.5,-0.12000036239624112,0.3900003433227557,-0.2600002288818333,0.9099998474121094,0.0799999237060538,-0.039999961853027344,0.4900002479553223,0.33000040054321195,0.2200002670288086,0.16000032424927113,-2.109999656677245,8.0,4.0,05-15,0.12916676203409885
03-02,1.5,-0.20000028610229315,0.4100003242492676,-0.32000017166137784,0.9100003242492676,0.1100001335144043,-0.039999961853027344,0.3900003433227539,0.4200000762939453,0.25,0.19999980926513586,-2.109999656677245,8.0,4.0,05-16,0.12666674455006924
03-03,1.5299999713897698,-0.26999998092651634,0.2699999809265137,-0.3499999046325684,0.8499999046325684,0.1100001335144043,-0.019999980926513672,0.3400001525878906,0.42999982833862216,0.19000005722045896,0.25,-2.0699996948242214,8.0,4.0,05-17,0.1050000389417007
03-04,1.5299999713897712,-0.38000011444092063,0.2199997901916504,-0.2399997711181632,0.8499999046325684,0.039999961853027344,0.0999999046325657,0.3099999427795401,0.4999999999999982,0.17999982833862216,0.25,-2.249999999999999,9.0,3.0,05-18,0.09249995152155503
03-05,1.7400000095367432,-0.4099998474121094,0.28999996185302823,-0.2399997711181632,0.8899998664855984,0.05999994277954013,0.09000015258789151,0.23000001907348636,0.5099997520446786,0.17999982833862216,0.19999980926513672,-2.200000286102294,9.0,3.0,05-19,0.11166661977767987
03-06,1.8799998760223382,-0.5799999237060574,0.3400001525878915,-0.10999965667724433,0.8400001525878906,0.019999980926513672,0.17999982833862038,0.2199997901916504,0.5099997520446786,0.12999963760375974,0.2999997138977051,-1.929999828338624,9.0,3.0,05-20,0.14999995628992688
03-07,2.1000001430511475,-0.6500000953674343,0.3400001525878915,-0.23000001907348636,0.9000000953674325,0.07000017166137695,0.17999982833862305,0.2199997901916504,0.5499997138977051,0.12999963760375974,0.2699999809265137,-1.4099998474121112,9.0,3.0,05-21,0.20583329598108904
03-08,1.9900000095367432,-0.6500000953674343,0.2699999809265137,-0.4600000381469762,0.9400000572204591,0.030000209808349613,0.19000005722045896,0.2399997711181641,0.5599999427795419,0.09999990463256747,0.2699999809265137,-1.3599996566772452,9.0,3.0,05-22,0.17666667699813798
03-09,1.9900000095367432,-0.6800003051757812,0.25,-0.5,0.8599996566772461,0.07000017166137695,0.19000005722045896,0.07000017166137695,0.6900000572204599,0.11999988555908205,0.169999599456788,-1.3599996566772452,9.0,3.0,05-23,0.15583330392837547
03-10,1.7100000381469729,-1.130000114440918,0.30000019073486417,-0.4800000190734863,0.75,0.07000017166137695,0.2899999618530273,0.1099996566772452,0.6399998664855957,-0.01000022888183416,0.18999958038330167,-1.389999866485594,8.0,4.0,05-24,0.08749993642171261
03-11,1.670000076293945,-1.2300000190734863,0.1900000572204608,-0.5099997520446777,0.75,0.07999992370605202,0.2699999809265137,0.039999961853027344,0.619999885559082,-0.039999961853030896,0.18999958038330167,-0.8999996185302717,8.0,4.0,05-25,0.09416667620340967
03-12,1.4199998378753662,-1.1399998664855966,0.2899999618530273,-0.5099997520446777,0.7600002288818359,0.05999994277954367,0.25,0.05000019073486417,0.6399998664855966,-0.039999961853030896,0.15999984741210938,-0.309999942779541,8.0,4.0,05-26,0.1358333627382914
03-13,1.5,-1.130000114440918,0.2999997138977042,-0.6399998664855957,0.6999998092651385,0.15999984741211026,0.2399997711181649,0.09000015258789151,0.6399998664855966,-0.039999961853030896,0.14999961853027075,-0.559999942779541,8.0,4.0,05-27,0.1174999078114826
03-14,1.5500001907348635,-1.0399999618530271,0.2999997138977042,-0.5499997138977051,0.3000001907348615,0.25,0.1599998474121085,0.09000015258789151,0.7000002861022958,-0.05999994277954367,0.05999994277954013,0.2199997901916504,9.0,3.0,05-28,0.16500004132588664
03-15,1.4800000190734852,-1.0399999618530271,0.3499999046325675,-0.559999942779541,0.19999980926513491,0.21000003814697354,0.19000005722045896,0.15000009536743164,0.5999999046325692,-0.13000011444091794,0.05999994277954013,0.25,9.0,3.0,05-29,0.1466666460037229
03-16,1.4800000190734852,-1.0900001525878906,0.4800000190734846,-0.4900002479553223,0.1399993896484375,0.2300000190734872,0.19000005722045896,0.07000017166137695,0.6699995994567879,-0.1399998664855966,0.039999961853026456,0.25,9.0,3.0,05-30,0.15249991416931127
03-17,1.369999885559082,-1.1500000953674343,0.4600000381469727,-0.4099998474121094,-0.2200002670288086,0.2300000190734872,0.15000009536743164,0.060000419616699226,0.5499997138977051,-0.08999967575073242,-0.030000209808350494,0.3400001525878915,7.0,5.0,05-31,0.10500001907348618
03-18,1.3700001239776642,-0.8899998664855948,0.4699997901916513,-0.5199999809265137,-0.2200002670288086,0.16000032424926758,0.029999732971190518,0.08000040054321289,0.5399999618530291,-0.059999942779541016,-0.030000209808350494,1.370000123977661,7.0,5.0,06-01,0.19166668256123895
03-19,1.5900001525878906,-0.8299999237060556,0.5300002098083496,-0.5199999809265137,-0.09000015258789062,0.31000041961669833,0.05000019073486328,0.05000019073486328,0.5399999618530291,-0.059999942779541016,-0.05999994277954013,1.0300002098083514,7.0,5.0,06-02,0.2116667826970421
03-20,1.9499998092651367,-0.9900002479553224,0.4500002861022958,-0.5100002288818386,0.010000228881835938,0.3499999046325684,0.04999971389770508,0.05000019073486328,0.5399999618530291,-0.09000015258789062,0.07000017166137784,1.0599999427795417,9.0,3.0,06-03,0.24499996503194185
03-21,1.7200002670288073,-0.9700002670288086,0.4500002861022958,-0.4600000381469736,-0.4099998474121112,0.4300003051757813,0.039999961853030015,0.05000019073486328,0.5999999046325692,-0.019999980926515448,-0.03999996185302823,1.2999999523162846,7.0,5.0,06-04,0.22416673103968288
03-22,1.6999998092651354,-0.9700002670288086,0.3800001144409189,-0.5399999618530273,-0.559999942779541,0.4500002861022932,0.019999980926513672,0.07000017166137695,0.6900000572204581,0.060000419616698324,0.019999980926513672,1.4900000095367436,9.0,3.0,06-05,0.2341667215029396
03-23,1.6999998092651354,-1.0300002098083525,0.3299999237060547,-0.5299997329711914,-0.40000009536742986,0.4700002670288095,0.019999980926513672,0.11999988555908205,0.7199997901916504,0.11999988555908205,0.029999732971192294,1.4900000095367436,9.0,3.0,06-06,0.25333327054977417
03-24,1.8199996948242188,-0.8499999046325684,0.4600000381469727,-0.5799999237060547,-0.6900000572204572,0.4700002670288095,0.0099997520446804,0.18000030517578391,0.5799999237060538,0.14000034332275568,0.019999980926513672,1.100000143051147,9.0,3.0,06-07,0.2216667135556546
03-25,1.749999761581421,-0.9700002670288086,0.3900003433227539,-0.4299998283386231,-0.6900000572204572,0.4100003242492676,-0.019999980926515448,0.19000005722045987,0.5699996948242188,0.16000032424926405,0.019999980926513672,0.6999998092651367,8.0,4.0,06-08,0.17333334684371926
03-26,1.5999999046325677,-1.1100001335144043,0.4300003051757795,-0.4299998283386231,-0.7899994850158674,0.4700002670288095,-0.09000015258788974,0.24000024795532404,0.5699996948242188,0.16000032424926405,0.010000228881836827,0.4800000190734863,8.0,4.0,06-09,0.1283334493637085
03-27,1.6999998092651358,-1.1399998664855957,0.3900003433227512,-0.4000000953674317,-0.6899995803833026,0.4499998092651394,-0.1100001335144034,0.2899999618530291,0.5699996948242188,0.20000028610229315,0.09000015258789062,0.6700000762939453,8.0,4.0,06-10,0.16833337148030586
03-28,1.9799997806549072,-1.119999885559082,0.3900003433227512,-0.409999847412112,-0.5299997329711914,0.36999988555908025,-0.2100000381469762,0.2899999618530291,0.5799999237060538,0.19000005722045896,0.1399998664855957,0.7199997901916495,8.0,4.0,06-11,0.19916667540868035
03-29,2.009999990463257,-1.119999885559082,0.3600001335144043,-0.3499999046325684,-0.5700001716613771,0.339999675750736,-0.17000007629394798,0.2300000190734872,0.5199999809265137,0.1900000572204581,0.1399998664855966,0.6699995994567862,8.0,4.0,06-12,0.1874999403953553
03-30,2.009999990463257,-1.119999885559082,0.309999942779541,-0.4600000381469727,-0.7400002479553223,0.339999675750736,-0.17000007629394798,0.17999982833862396,0.559999942779541,0.2699999809265137,0.09999990463256836,0.6699995994567862,8.0,4.0,06-13,0.1624998847643535
03-31,1.829999923706055,-0.9300003051757796,0.1099996566772461,-0.4300003051757795,-0.940000057220458,0.339999675750736,-0.1200003623962429,0.06999969482421609,0.5199999809265137,0.2599997520446777,0.15999984741210938,0.6900000572204599,8.0,4.0,06-14,0.12999979654947946
04-01,1.7300000190734863,-0.9499998092651368,0.050000190734865946,-0.4800000190734846,-0.940000057220458,0.25,-0.2000002861022958,0.01999998092651101,0.5599999427795419,0.1799998283386257,0.15999984741210938,0.6300001144409171,8.0,4.0,06-15,0.08416664600372352
04-02,1.5099997520446775,-1.0,0.1700000762939453,-0.4800000190734846,-0.8499999046325675,0.2300000190734837,-0.2699999809265128,-0.009999752044677734,0.5700001716613778,0.1799998283386257,0.17999982833862305,0.8800001144409184,7.0,5.0,06-16,0.09250001112620077
04-03,1.170000076293945,-0.8299999237060538,0.01000022888183505,-0.4600000381469691,-0.6400003433227557,0.25,-0.3399996757507324,0.010000228881835938,0.5700001716613778,0.08999967575073597,0.2699999809265137,0.9600002765655512,8.0,4.0,06-17,0.08833338816960701
04-04,1.1500000953674316,-0.8199996948242152,0.01000022888183505,-0.30000019073486417,-0.7199997901916495,0.2400002479553196,-0.31999969482421786,0.010000228881835938,0.5,0.09000015258789062,0.3200001716613769,0.7599997520446786,8.0,4.0,06-18,0.07666679223378514
04-05,1.170000076293945,-0.8199996948242152,-0.029999732971192294,-0.380000114440918,-0.75,0.2399997711181649,-0.31999969482421786,0.09000015258789151,0.440000057220459,0.1399998664855948,0.3500003814697292,0.7699999809265146,7.0,5.0,06-19,0.07500008742014634
04-06,1.170000076293945,-0.8499999046325657,-0.07000017166137963,-0.2899999618530309,-0.8400001525878888,0.29999971389770685,-0.31999969482421786,0.039999961853027344,0.4099998474121094,0.19999980926513586,0.329999923706052,0.7699999809265146,7.0,5.0,06-20,0.07083328564961737
04-07,1.2999999523162846,-0.7999997138977051,-0.019999980926515448,-0.1399998664855966,-0.9900002479553224,0.29999971389770685,-0.3499999046325675,0.019999980926513672,0.3899998664855957,0.08999967575073242,0.31999969482421875,0.5999999046325666,7.0,5.0,06-21,0.05999992291132598
04-08,1.2000000476837158,-0.7699999809265163,-0.059999942779541016,-0.07999992370605469,-0.9900002479553224,0.2399997711181632,-0.25,0.1100001335144043,0.4400000572204599,0.029999732971191406,0.31999969482421875,0.3200001716613769,7.0,5.0,06-22,0.04249995946884133
04-09,1.0200002193450928,-0.7200002670288033,0.010000228881833271,-0.07999992370605469,-1.0599999427795446,0.1799998283386257,-0.3899998664855984,0.04000043869018555,0.380000114440918,0.029999732971191406,0.369999885559082,0.10000038146972744,8.0,4.0,06-23,-0.009999930858612059
04-10,0.7200002670288086,-0.7799997329711914,-0.07999992370605469,0.0599999427795419,-1.3399996757507306,0.2599997520446804,-0.3299999237060556,0.020000457763671875,0.380000114440918,-0.059999942779541016,0.2800002098083487,0.09000015258789062,7.0,5.0,06-24,-0.06499985853830942
04-11,0.6600003242492685,-0.8499999046325684,-0.07999992370605469,-0.13000011444091886,-1.3899998664855984,0.329999923706052,-0.3099999427795437,0.020000457763671875,0.3600001335144034,0.0,0.2400002479553223,0.09000015258789062,6.0,6.0,06-25,-0.08833320935567295
04-12,0.7200002670288086,-0.8499999046325684,-0.07000017166137963,-0.2300000190734845,-1.6599998474121112,0.3299999237060538,-0.3000001907348633,-0.039999961853027344,0.4400000572204599,0.039999961853027344,0.2399997711181641,-0.019999980926513672,5.0,7.0,06-26,-0.11666667461395284
04-13,0.7200002670288086,-0.9299998283386229,-0.07999992370605469,-0.26999998092651634,-1.2699999809265137,0.3499999046325675,-0.3000001907348633,-0.019999980926513672,0.4899997711181641,-0.019999980926513672,0.13000011444091886,-0.019999980926513672,4.0,8.0,06-27,-0.10166664918263776
04-14,0.9400000572204591,-1.029999732971195,-0.17999982833862305,-0.25,-1.119999885559082,0.3499999046325675,-0.380000114440918,-0.13000011444091794,0.3700003623962401,0.010000228881838602,0.13000011444091886,-0.07000017166137695,5.0,7.0,06-28,-0.11333326498667405
04-15,0.8899998664855944,-0.9499998092651394,-0.11999988555908292,-0.21000003814697354,-1.119999885559082,0.4000000953674317,-0.369999885559082,-0.380000114440918,0.3800001144409189,0.039999961853027344,0.13000011444091886,0.1099996566772461,6.0,6.0,06-29,-0.0999999841054284
04-16,0.8599998950958252,-0.9299998283386222,0.01000022888183505,-0.21000003814697354,-1.1999998092651367,0.3699998855590829,-0.4200000762939453,-0.369999885559082,0.4400000572204599,0.039999961853027344,0.18000030517578214,0.17999982833862305,7.0,5.0,06-30,-0.08749995628992703
04-17,0.9199998378753672,-1.0500001907348633,0.07999992370605469,-0.2799997329711914,-0.8600006103515634,0.3299999237060556,-0.5199999809265137,-0.19000005722045896,0.4400000572204599,0.0,0.25999975204467685,0.15999984741211026,6.0,6.0,07-01,-0.059166769186655525
04-18,1.0899999141693115,-1.1399998664855957,0.07999992370605469,-0.30000019073486417,-0.6900000572204599,0.3699998855590811,-0.5,-0.19000005722045896,0.4200000762939444,-0.039999961853030015,0.380000114440918,0.3199996948242161,6.0,6.0,07-02,-0.01666671037674024
04-19,1.0899999141693115,-1.1399998664855957,0.019999980926513672,-0.07999992370605469,-0.6100006103515643,0.39999961853027255,-0.5,-0.23000001907348544,0.4600000381469727,0.019999980926516336,0.4800000190734863,0.3199996948242161,7.0,5.0,07-03,0.019166568915049087
04-20,1.0899999141693115,-1.1999998092651367,-0.010000228881835938,-0.07999992370605469,-0.7100000381469744,0.39999961853027255,-0.5,-0.18000030517578036,0.4600000381469727,0.15000009536743164,0.4800000190734863,0.3199996948242161,6.0,6.0,07-04,0.018333256244659053
04-21,1.0099997520446782,-1.2199997901916504,-0.019999980926513672,-0.0099997520446804,-0.8299999237060565,0.39999961853027255,-0.4800000190734872,-0.1100001335144043,0.420000076293948,0.16000032424926758,0.4800000190734863,0.3899998664855948,6.0,6.0,07-05,0.01583333810170458
04-22,1.179999828338623,-1.2699999809265146,0.0,0.09000015258789062,-0.8299999237060565,0.369999885559082,-0.3899998664855966,-0.1100001335144052,0.420000076293948,0.16000032424926758,0.4800000190734863,0.4600000381469727,7.0,5.0,07-06,0.04666670163472479
04-23,0.9699997901916516,-1.2699999809265137,0.17999982833862396,0.09000015258789062,-0.940000534057619,0.3000001907348633,-0.4699997901916504,-0.18000030517578214,0.33000040054321195,0.16000032424926758,0.4099998474121094,0.4799995422363272,8.0,4.0,07-07,0.004999955495198383
04-24,0.8000001907348633,-1.2799997329711903,0.2800002098083487,0.09999990463257102,-1.1399998664855957,0.2699999809265119,-0.5199999809265137,-0.2000002861022958,0.33000040054321195,0.11999988555908205,0.3899998664855957,0.5200004577636728,8.0,4.0,07-08,-0.027499914169311523
04-25,0.9200000762939452,-1.05999994277954,0.2800002098083487,0.030000209808350494,-1.020000457763672,0.26999998092650834,-0.4699997901916504,-0.2000002861022958,0.3000001907348624,0.13999986648559834,0.4100003242492711,0.3899998664855948,8.0,4.0,07-09,-0.0008333126703898852
04-26,0.7999997138977051,-1.05999994277954,0.25,-0.07000017166137429,-1.2100000381469729,0.2300000190734899,-0.6299996376037571,-0.2500000000000009,0.17999982833862305,0.019999980926508343,0.380000114440918,0.3699998855590811,7.0,5.0,07-10,-0.0825000206629433
04-27,0.7999997138977051,-0.9100003242492676,0.1700000762939462,-0.07999992370605202,-1.260000228881836,0.2399997711181649,-0.6299996376037571,-0.2699999809265137,0.17000007629394265,0.039999961853030015,0.4100003242492711,0.3699998855590811,7.0,5.0,07-11,-0.07916669050852376
04-28,0.7799997329711914,-0.7699999809265137,0.06999969482421875,-0.09999990463256836,-1.290000438690187,0.2399997711181649,-0.6799998283386204,-0.19999980926513672,0.2600002288818386,0.029999732971190518,0.4200000762939462,0.2799997329711914,7.0,5.0,07-12,-0.08000008265177372
04-29,1.0099999904632568,-0.9000000953674343,-0.039999961853023784,-0.09000015258788796,-1.290000438690187,0.2399997711181649,-0.6399998664855984,-0.2200002670288086,0.27999973297118874,-0.07000017166137695,0.4200000762939462,0.18000030517578125,5.0,7.0,07-13,-0.09333342313766496
04-30,0.6499998569488525,-0.7600002288818359,-0.07000017166137695,-0.09000015258788796,-1.2800002098083514,0.21000003814697266,-0.5500001907348642,-0.23000001907348636,0.2899999618530247,-0.07000017166137695,0.380000114440918,0.23000001907348636,5.0,7.0,07-14,-0.10750009616216047
05-01,0.5399997234344487,-0.7600002288818368,-0.05999994277954013,-0.14000034332275124,-1.0799994468688965,0.20000028610229315,-0.559999942779541,-0.2200002670288086,0.2899999618530247,-0.07999992370605735,0.3899998664855957,0.259999752044676,5.0,7.0,07-15,-0.1016667087872828
05-02,0.559999942779541,-0.75,-0.05999994277954013,-0.1399998664855957,-1.1100001335144043,0.2399997711181632,-0.5,-0.2200002670288086,0.22000026702880948,-0.0799999237060538,0.4200000762939444,0.42999982833862216,5.0,7.0,07-16,-0.08250002066294353
05-03,0.690000057220459,-0.75,-0.00999975204467507,-0.0599999427795419,-1.0299997329711914,0.3200001716613743,-0.5400004386901855,-0.16000032424926847,0.2999997138977042,-0.0099997520446804,0.3499999046325657,0.5099997520446768,5.0,7.0,07-17,-0.032500028610230235
05-04,0.690000057220459,-0.5999999046325675,0.09999990463256657,-0.029999732971192294,-1.0800004005432138,0.3200001716613743,-0.5400004386901855,-0.13999986648559834,0.5299997329711905,-0.1399998664855948,0.3800001144409189,0.5099997520446768,6.0,6.0,07-18,-3.9736430516394236e-08
05-05,0.7300000190734863,-0.4099998474121094,0.15000009536743253,0.019999980926513672,-1.020000457763672,0.3200001716613743,-0.4900002479553223,-0.1700000762939462,0.5299997329711914,-0.11999988555908114,0.3499999046325684,0.4699997901916504,7.0,5.0,07-19,0.029999931653340514
05-06,0.630000114440918,-0.08000040054321378,0.060000419616698324,0.05000019073486328,-1.020000457763672,0.3299999237060547,-0.39999961853027255,-0.1399998664855966,0.4699997901916504,-0.19000005722045896,0.3499999046325684,0.5199999809265128,7.0,5.0,07-20,0.04833332697550433
05-07,0.6399998664855957,0.020000457763671875,0.07000017166137784,0.05000019073486328,-1.0600004196166992,0.25,-0.380000114440918,-0.1599998474121085,0.5100002288818359,-0.19000005722045896,0.369999885559082,0.4099998474121103,8.0,4.0,07-21,0.044166684150696016
05-08,0.6199998855590829,-0.25,0.039999961853027344,0.10000038146972744,-1.0599994659423828,0.2799997329711923,-0.4899997711181641,-0.17000007629394442,0.5100002288818359,-0.15000009536743253,0.410000324249264,0.2799997329711905,7.0,5.0,07-22,0.010000069936116388
05-09,0.5699996948242188,-0.2300000190734845,0.039999961853027344,0.1300001144409153,-1.0199999809265137,0.23999977111816584,-0.3899998664855948,-0.17000007629394442,0.4700002670288086,-0.17999982833862305,0.4000000953674343,0.3099999427795401,7.0,5.0,07-23,0.014166673024495813
05-10,0.5899996757507333,-0.2300000190734845,-0.010000228881836827,0.029999732971190518,-1.0300002098083496,0.2000002861022958,-0.4800000190734846,-0.25,0.4600000381469718,-0.2199997901916504,0.30000019073486417,0.3899998664855957,6.0,6.0,07-24,-0.020833373069762892
05-11,0.5899996757507333,-0.25,0.05999994277954013,-0.019999980926513672,-0.9799995422363291,0.2800002098083505,-0.4800000190734846,-0.15000009536743164,0.5199999809265128,-0.29000043869018555,0.4299998283386204,0.3899998664855957,6.0,6.0,07-25,0.008333285649617364
05-12,0.6199998855590829,-0.14999961853027255,0.0,0.059999942779541016,-1.0699996948242188,0.2800002098083505,-0.4900002479553214,-0.03999996185302557,0.4200000762939453,-0.23000001907348636,0.4499998092651341,0.5299997329711905,6.0,6.0,07-26,0.03166667620340998
05-13,1.089999914169312,-0.039999961853023784,0.11000013351440252,0.07999992370605469,-1.0699996948242188,0.2800002098083505,-0.5599999427795437,0.05000019073486328,0.3600001335144043,-0.25,0.4499998092651341,0.6299996376037598,8.0,4.0,07-27,0.09416669607162458
05-14,1.1399998664855966,0.2199997901916495,0.17000007629394798,0.07999992370605469,-1.1000003814697266,0.25,-0.6799998283386229,0.06999969482421875,0.4600000381469727,-0.25,0.3600001335144052,0.5700001716613761,9.0,3.0,07-28,0.10749995708465597
05-15,1.2400000095367432,0.17000007629394265,0.060000419616699226,0.11999988555908205,-1.0999999046325684,0.2199997901916495,-0.8299999237060547,0.03999996185302912,0.4600000381469727,-0.17999982833862305,0.2800002098083496,0.5900001525878897,9.0,3.0,07-29,0.08916674057642597
05-16,1.2600002288818368,0.19000005722045896,0.060000419616699226,0.029999732971190518,-1.2200002670288086,0.21000003814697266,-0.8000001907348633,0.03999996185302912,0.4299998283386257,-0.21000003814697174,0.2200002670288086,0.4600000381469727,9.0,3.0,07-30,0.05583333969116255
05-17,1.1000003814697277,0.19000005722045896,0.060000419616699226,0.2799997329711914,-1.3600001335144043,0.2199997901916495,-0.7800002098083496,0.09999990463256923,0.4000000953674317,-0.1900000572204581,0.25,0.5799999237060547,9.0,3.0,07-31,0.07083332538604753
05-18,1.1000003814697277,0.3200001716613769,-0.039999961853027344,0.420000076293948,-1.5099997520446775,0.15000009536743253,-0.7800002098083496,0.17999982833862305,0.4899997711181632,-0.2199997901916495,0.25,0.5799999237060547,8.0,4.0,08-01,0.07833337783813514
05-19,0.9600000381469728,0.3700003623962376,-0.09000015258789151,0.4899997711181614,-1.4699997901916504,0.15000009536743253,-0.75,0.3899998664855957,0.4199995994567862,-0.2599997520446777,0.25,0.5599999427795419,8.0,4.0,08-02,0.08499999841054236
05-20,1.1500000953674334,0.8099999427795401,0.009999752044677734,0.4600000381469691,-1.4699997901916504,0.21000003814697354,-0.7800002098083496,0.32000017166137784,0.4200000762939453,-0.2599997520446777,0.25,0.5299997329711896,9.0,3.0,08-03,0.13750000794728576
05-21,1.1800003051757812,1.1100001335144016,-0.029999732971196732,0.4600000381469691,-1.4199995994567869,-0.019999980926512784,-0.7099995613098145,0.17999982833862305,0.4099998474121094,-0.2599997520446777,0.2800002098083496,0.5999999046325684,7.0,5.0,08-04,0.14833347002665112
05-22,1.2800002098083496,0.9699997901916512,-0.04999971389770508,0.4900002479553214,-1.260000228881836,-0.01000022888183505,-0.6399998664855966,0.21000003814697266,0.4099998474121094,-0.15999984741211204,0.20000028610229487,0.5399999618530273,7.0,5.0,08-05,0.16500004132588686
05-23,1.2999997138977062,1.0099997520446786,-0.04999971389770508,0.6499996185302725,-1.0399999618530271,-0.060000419616699226,-0.5699996948242152,0.21000003814697266,0.3599996566772461,-0.14000034332275124,0.2100000381469762,0.380000114440918,7.0,5.0,08-06,0.18833323319753098
05-24,1.2599997520446762,1.0099997520446786,-0.07999992370605202,0.6999998092651367,-1.0799994468688947,-0.1500000953674343,-0.5599999427795401,0.1700000762939453,0.3800001144409171,-0.09999990463256836,0.07000017166137695,0.4100003242492676,7.0,5.0,08-07,0.16916672388712573
05-25,1.2599997520446762,1.0199999809265137,-0.5099997520446768,0.75,-1.1899995803833001,-0.16000032424926758,-0.5599999427795401,0.09999990463256836,0.3600001335144034,-0.07000017166137606,0.17999982833862305,0.4100003242492676,7.0,5.0,08-08,0.13250001271565762
05-26,1.2599997520446762,0.869999885559082,-0.7100000381469727,0.5,-1.2099995613098136,-0.16000032424926758,-0.5599999427795401,0.05999994277954013,0.3900003433227539,0.0,0.19999980926513936,0.4100003242492676,7.0,5.0,08-09,0.08750001589457207
05-27,1.5,0.6700000762939453,-1.159999847412112,0.440000057220459,-1.2099995613098136,-0.16000032424926758,-0.6100001335144043,0.039999961853026456,0.2999997138977051,-0.020000457763671875,0.19999980926513936,0.4099998474121085,7.0,5.0,08-10,0.03333326180775953
05-28,1.5899996757507298,0.6700000762939462,-0.9800000190734864,0.440000057220459,-1.2099995613098136,-0.2200002670288086,-0.5999999046325675,0.15999984741210938,0.3299999237060538,-0.020000457763671875,0.19999980926513936,0.3899998664855957,7.0,5.0,08-11,0.06249992052714045
05-29,1.4499998092651367,0.7400002479553223,-1.1600003242492676,0.440000057220459,-0.880000114440918,-0.18000030517578036,-0.5500001907348633,0.20999956130981445,0.3299999237060538,-0.020000457763671875,0.3299999237060556,0.269999980926511,7.0,5.0,08-12,0.08166650931040431
05-30,1.0300002098083496,0.4299998283386231,-1.1600003242492676,0.5599999427795437,-0.8600001335144043,-0.19000005722045896,-0.6099996566772488,0.20999956130981445,0.3299999237060538,-0.029999732971191406,0.19000005722045896,0.09999990463256836,7.0,5.0,08-13,-3.973642992427529e-08
05-31,1.0300002098083496,0.4299998283386231,-1.1600003242492676,0.5999999046325701,-0.5299997329711914,-0.30999994277953835,-0.599999904632571,0.20999956130981445,0.08999967575073152,-0.07000017166137606,-0.10999965667724433,0.1700000762939453,6.0,6.0,08-14,-0.020833373069762892
06-01,1.0300002098083496,0.4299998283386231,-0.9500002861022958,0.7399997711181632,-0.4100003242492676,-0.2800002098083496,-0.599999904632571,0.14999961853027255,0.14000034332275568,-0.080000400543212,-0.030000209808350494,0.1700000762939453,6.0,6.0,08-15,0.025833209355671904
06-02,0.869999885559082,0.3600001335144043,-0.8099999427795409,0.8099999427795409,-0.4999999999999991,-0.2800002098083496,-0.599999904632571,0.13000011444091794,0.09000015258789062,-0.04999971389770508,-0.1100001335144043,0.1700000762939453,6.0,6.0,08-16,0.006666700045267593
06-03,0.8900003433227539,0.3299999237060547,-0.8099999427795401,0.869999885559082,-0.4999999999999991,-0.2400002479553196,-0.619999885559082,0.13999986648559393,0.16000032424927113,-0.1100001335144034,-0.1100001335144043,-0.05000019073486328,5.0,7.0,08-17,-0.004166682561238015
06-04,0.9000000953674343,0.5100002288818359,-0.7200002670288095,0.869999885559082,-0.5399999618530265,-0.21000003814697266,-0.5300002098083487,0.1700000762939453,0.2100000381469762,-0.1100001335144034,-0.09999990463256923,0.0599999427795419,6.0,6.0,08-18,0.042499979337057146
06-05,0.6400003433227548,0.8400001525878906,-0.7400002479553232,0.8299999237060547,-0.3600001335144043,-0.15000009536743164,-0.440000057220459,0.1100001335144043,0.2100000381469762,-0.14000034332275568,-0.07000017166137695,0.019999980926513672,6.0,6.0,08-19,0.0624999602635703
06-06,0.8200001716613778,0.9000000953674316,-0.7400002479553232,0.7300000190734837,-0.6500000953674343,-0.10999965667724876,-0.4099998474121103,0.1100001335144043,0.2100000381469762,-0.09000015258788796,-0.1100001335144034,-0.09000015258789062,5.0,7.0,08-20,0.0475000143051146
06-07,0.7699999809265146,0.9000000953674316,-0.7200002670288095,0.7300000190734917,-1.020000457763672,-0.019999980926511896,-0.4499998092651376,0.05999994277954013,0.18000030517577947,-0.1100001335144043,-0.06999969482421875,-0.19000005722045987,5.0,7.0,08-21,0.00499999523162864
06-08,0.7699999809265146,0.8299999237060547,-0.9000000953674316,0.75,-0.8499999046325657,-0.019999980926511896,-0.4499998092651376,0.019999980926512784,0.19000005722045896,-0.10999965667724433,-0.09999990463257014,-0.19000005722045987,5.0,7.0,08-22,-0.004999955495198345
06-09,0.690000057220459,0.7100000381469735,-1.0999999046325684,0.9099998474121104,-0.9400000572204591,-0.019999980926511896,-0.42999982833862216,0.030000209808348718,0.1700000762939453,-0.15000009536743164,-0.15000009536743253,-0.11999988555908292,5.0,7.0,08-23,-0.033333301544189314
06-10,0.9499998092651368,0.42000007629394265,-0.8899998664855957,0.8099999427795409,-0.9400000572204591,-0.05999994277954367,-0.6099996566772488,0.03999996185302912,0.16000032424926847,-0.13999986648559304,-0.15000009536743253,-0.12999963760375974,5.0,7.0,08-24,-0.044999917348226205
06-11,1.1300001144409206,0.4299998283386231,-0.7000002861022949,0.8099999427795409,-0.7699999809265137,-0.0099997520446804,-0.7300000190734846,0.11999988555908292,0.20000028610229487,-0.13999986648559304,-0.13000011444091794,0.19000005722045987,6.0,6.0,08-25,0.03333334128061982
06-12,1.2400002479553225,0.3600001335144052,-0.7300000190734917,0.71000003814697,-0.5500001907348642,-0.030000209808346945,-1.0799999237060556,0.09999990463256923,0.20000028610229487,-0.1299996376037571,-0.1700000762939453,0.06999969482421875,6.0,6.0,08-26,-0.0008333126703900332
06-13,1.4699997901916504,0.3400001525878915,-0.7300000190734917,0.7899999618530247,-0.5100002288818368,-0.07999992370605735,-1.0300002098083496,0.09999990463256923,0.2200002670288086,-0.04999971389770508,-0.3000001907348633,0.0799999237060538,6.0,6.0,08-27,0.0249999761581412
06-14,1.4199995994567869,0.3400001525878915,-0.8499999046325709,0.7699999809265154,-0.5399999618530238,-0.09999990463256836,-0.9100003242492676,0.23000001907348636,0.21000003814697266,-0.09000015258789062,-0.2699999809265137,0.029999732971191406,6.0,6.0,08-28,0.01999994119008412
06-15,1.4199995994567869,0.1700000762939453,-0.7899999618530265,0.7400002479553196,-0.7399997711181641,-0.1100001335144043,-0.9100003242492676,0.26000022888183594,0.1999998092651376,-0.1100001335144043,-0.3299999237060573,0.029999732971191406,6.0,6.0,08-29,-0.014166712760925591
06-16,1.5099997520446775,0.1299996376037571,-0.7599997520446777,0.7799997329711967,-0.7799997329711914,-0.1100001335144043,-0.930000305175782,0.25,0.20000028610229487,-0.05999994277954013,-0.2899999618530309,-0.059999942779541016,5.0,7.0,08-30,-0.01000003019968676
06-17,1.489999771118164,0.17999982833862038,-0.6200003623962402,0.8599996566772488,-0.7799997329711914,-0.07999992370605291,-0.8400001525878915,0.3300004005432129,0.1700000762939453,-0.039999961853026456,-0.2899999618530309,-0.03999996185302557,5.0,7.0,08-31,0.02833330631256104
06-18,1.5399999618530271,0.12999963760376246,-0.5700001716613771,0.8599996566772488,-0.7899999618530273,-0.1399998664855948,-0.8599996566772488,0.2399997711181641,0.21000003814697266,-0.039999961853026456,-0.30999994277953924,0.059999942779541016,6.0,6.0,09-01,0.02749995390574189
06-19,1.3499999046325684,0.14000034332275124,-0.5099997520446777,0.7099995613098145,-0.6399998664855939,-0.10999965667724876,-0.840000152587888,0.2199997901916504,0.21000003814697266,0.0,-0.299999713897706,0.11999988555908205,6.0,6.0,09-02,0.0291666984558104
06-20,1.4600000381469729,0.26000022888183416,-0.5099997520446777,0.6499996185302725,-0.4000000953674308,-0.09999990463257102,-0.9000000953674316,0.2199997901916504,0.1599998474121085,0.059999942779541016,-0.25,0.15999984741210938,7.0,5.0,09-03,0.06749995549519812
06-21,1.429999828338623,0.26000022888183416,-0.579999923706052,0.6999998092651394,-0.3499999046325657,-0.11999988555908292,-0.8399996757507324,0.2399997711181641,0.2199997901916504,0.030000209808346945,-0.19000005722045896,0.19999980926513586,7.0,5.0,09-04,0.08333333333333348
06-22,1.429999828338623,0.3899998664855966,-0.4899997711181641,0.7800002098083487,-0.009999752044677734,-0.09000015258789062,-0.8399996757507324,0.2599997520446777,0.2300000190734845,0.030000209808349613,-0.16999959945678622,0.19999980926513586,7.0,5.0,09-05,0.14333339532216374
06-23,1.4899997711181632,0.4600000381469736,-0.5100002288818359,0.9100003242492676,0.09000015258789062,-0.09000015258789062,-0.829999923706052,0.18000030517578125,0.21000003814697266,0.09000015258788796,-0.08999967575073152,0.19999980926513586,8.0,4.0,09-06,0.17583338419596353
06-24,1.429999828338623,0.6799998283386239,-0.5100002288818368,0.880000114440918,0.09000015258789062,-0.07000017166137695,-0.8399996757507324,0.4800000190734872,0.21999979019165128,0.05000019073486417,-0.08999967575073152,0.3099999427795401,8.0,4.0,09-07,0.21916667620341004
06-25,1.2899999618530271,0.6399998664855957,-0.670000076293948,0.880000114440918,-0.1399998664855957,-0.13000011444091794,-0.8199996948242196,0.7199997901916529,0.25,0.05000019073486417,0.0,0.25,7.0,5.0,09-08,0.1933333476384481
06-26,1.2300000190734863,0.5699996948242179,-0.5800004005432121,0.8499999046325675,-0.25,-0.09999990463256747,-0.8399996757507324,0.6799998283386229,0.25,-0.019999980926515448,0.0,0.2800002098083487,6.0,6.0,09-09,0.17249997456868468
06-27,1.3299999237060538,0.6199998855590811,-0.5800004005432121,0.9200000762939426,-0.5199999809265154,-0.21000003814697354,-0.6199998855590847,0.6799998283386229,0.24000024795532135,-0.11999988555908205,-0.04999971389770419,0.1900000572204581,6.0,6.0,09-10,0.15666667620340902
06-28,1.470000267028805,0.6199998855590811,-0.6000003814697248,1.0,-0.6100001335144016,-0.20000028610229487,-0.6700000762939453,0.5999999046325684,0.16000032424926758,-0.1399998664855957,-0.1900000572204581,0.2000002861022958,6.0,6.0,09-11,0.13666665554046645
06-29,1.470000267028805,0.7800002098083496,-0.7599997520446804,0.9199995994567862,-0.7099995613098145,-0.19000005722045896,-0.6700000762939453,0.3900003433227548,0.26000022888183505,-0.07000017166137695,-0.25,0.2000002861022958,6.0,6.0,09-12,0.11416677633921253
06-30,1.4300003051757786,0.9200000762939462,-0.9600000381469728,0.9000000953674343,-0.6999998092651367,-0.19000005722045896,-0.6599998474121094,0.2200002670288086,0.17999982833862038,-0.05999994277954013,-0.25,0.18000030517578391,6.0,6.0,09-13,0.08416676521301285
07-01,1.5,0.8900003433227548,-1.1399998664855957,0.9299998283386256,-0.6999998092651367,-0.2199997901916504,-0.75,0.15999984741211026,0.12000036239623756,-0.09999990463256836,-0.25,0.04999971389770508,6.0,6.0,09-14,0.040833393732706856
07-02,1.6500000953674308,0.9899997711181668,-1.3399996757507358,0.9299998283386256,-0.5799999237060547,-0.24000024795532315,-0.7300000190734863,0.10000038146972656,0.14000034332275124,-0.09999990463256836,-0.25,0.020000457763671875,6.0,6.0,09-15,0.0491667588551837
07-03,1.7599997520446775,1.079999923706055,-1.3099999427795392,0.8299999237060547,-0.380000114440918,-0.2399997711181649,-0.7199997901916504,0.09000015258789062,0.14000034332275124,-0.09999990463256836,-0.1599998474121085,0.059999942779541016,6.0,6.0,09-16,0.08750005563100173
07-05,1.889999866485596,1.0899996757507324,-1.3099999427795392,0.9800000190734864,-0.3599996566772461,-0.2600002288818333,-0.590000152587888,0.09000015258789062,0.25,-0.04999971389770508,-0.17000007629394798,0.14999961853027255,6.0,6.0,09-18,0.14249996344248486
07-06,1.889999866485596,1.0899996757507324,-1.3600001335144034,0.9800000190734836,-0.2599997520446804,-0.25,-0.590000152587888,0.13000011444091794,0.3400001525878897,-0.05000019073486062,-0.15000009536743075,0.14999961853027255,6.0,6.0,09-19,0.15999992688496908
07-07,1.9099998474121092,0.8600001335144043,-1.380000114440917,1.0300002098083472,-0.0099997520446804,-0.25,-0.6100001335144016,0.1100001335144043,0.2999997138977051,-0.05999994277954367,-0.17999982833862305,0.1900000572204581,6.0,6.0,09-20,0.15916669368743852
07-08,2.09000015258789,0.7100000381469727,-1.369999885559082,1.0100002288818333,-0.0099997520446804,-0.2300000190734899,-0.4000000953674343,0.04999971389770508,0.27999973297118874,-0.08999967575073597,-0.17999982833862305,0.15000009536743164,6.0,6.0,09-21,0.1675000588099147
07-09,1.8899998664855968,0.8100004196166983,-1.3299999237060574,1.0100002288818333,-0.019999980926516336,-0.2300000190734845,-0.3700003623962376,0.12000036239623935,0.26999998092650834,-0.08999967575073597,-0.17000007629394798,0.09000015258789062,6.0,6.0,09-22,0.16500008106231556
07-10,2.0199999809265137,0.8300004005432138,-1.549999713897705,1.0199999809265137,-0.03999996185302557,-0.25999975204467685,-0.5299997329711896,0.1100001335144043,0.26999998092650834,-0.1099996566772461,-0.15999984741210938,-0.010000228881835938,5.0,7.0,09-23,0.1325001319249471
07-11,2.0600004196166988,0.7600002288818359,-1.549999713897705,0.9700002670288032,-0.2699999809265137,-0.410000324249264,-0.5799999237060538,0.1100001335144043,0.2400002479553196,0.0,-0.17000007629394442,0.05000019073486328,6.0,6.0,09-24,0.10083345572153704
07-12,2.0500001907348637,0.7600002288818359,-1.4899997711181614,0.9900002479553232,-0.34999990463256925,-0.4600000381469709,-0.6199998855590847,0.11999988555908205,0.13000011444091794,-0.07999992370605469,-0.17999982833862305,-0.039999961853027344,5.0,7.0,09-25,0.0691667795181276
07-13,2.0500001907348637,0.690000057220459,-1.7600002288818368,0.9200000762939462,-0.4800000190734863,-0.42999982833862216,-0.6199998855590847,0.17000007629394442,0.15000009536743164,-0.1300001144409153,-0.22000026702880326,-0.039999961853027344,5.0,7.0,09-26,0.025000015894572385
07-14,1.900000095367432,0.6299996376037598,-1.8199996948242168,0.8600001335144043,-0.440000057220459,-0.42999982833862216,-0.6500000953674343,0.1700000762939453,0.13000011444091886,-0.059999942779541016,-0.22000026702880326,-0.13000011444091794,5.0,7.0,09-27,-0.0049999952316279
07-15,1.309999942779541,0.75,-1.7399997711181625,0.869999885559082,-0.440000057220459,-0.4800000190734863,-0.6899995803833008,0.15000009536743164,0.010000228881835938,-0.19000005722045896,-0.22000026702880326,-0.2199997901916504,5.0,7.0,09-28,-0.07416661580403587
07-16,1.3899998664855957,0.8900003433227557,-1.6800003051757812,0.869999885559082,-0.4099998474121085,-0.5599999427795401,-0.7100000381469718,0.09999990463256747,0.019999980926513672,-0.19000005722045896,-0.18000030517577947,-0.15999984741210938,5.0,7.0,09-29,-0.05166669686635291
07-17,1.5400004386901855,0.8599996566772461,-1.7300000190734863,0.8099999427795409,-0.4799995422363281,-0.5099997520446768,-0.9299998283386229,0.08999967575073242,0.019999980926513672,-0.22000026702880948,-0.13000011444091886,-0.05999994277954013,5.0,7.0,09-30,-0.061666647593180336
07-18,1.3200001716613758,0.869999885559082,-1.7300000190734863,0.8499999046325657,-0.5700001716613771,-0.5999999046325692,-0.9300003051757812,0.08999967575073242,0.0,-0.17999982833862216,-0.1000003814697248,-0.0799999237060538,4.0,8.0,10-01,-0.08833340803782153
07-19,1.3600001335144034,0.869999885559082,-1.809999942779542,0.8000001907348642,-0.5099997520446777,-0.5199999809265163,-0.9300003051757812,0.09999990463256836,-0.010000228881835938,-0.25,-0.04000043869018555,-0.04999971389770508,4.0,8.0,10-02,-0.08250002066294382
07-20,1.3600001335144034,0.8299999237060556,-1.809999942779541,0.9600000381469737,-0.4299998283386231,-0.5299997329711967,-0.9300003051757812,0.05000019073486328,0.09999990463256836,-0.09000015258789151,-0.05000019073486417,-0.04999971389770508,5.0,7.0,10-03,-0.049166639645894884
07-21,1.380000114440918,0.7899999618530238,-2.0399999618530256,1.0399999618530271,-0.4800000190734863,-0.5299997329711967,-0.9600000381469728,0.030000209808349613,0.08999967575073597,-0.10999965667724876,-0.07000017166137429,-0.04999971389770508,5.0,7.0,10-04,-0.07583328088124623
07-22,1.2100000381469718,0.6799998283386229,-2.320000171661377,1.0100002288818368,-0.4800000190734863,-0.5199999809265163,-0.8399996757507342,-0.03999996185302912,0.25,-0.15999984741210938,-0.07000017166137429,-0.029999732971191406,4.0,8.0,10-05,-0.10916662216186553
07-23,0.9200000762939452,0.5599999427795401,-2.3600001335144025,1.0100002288818368,-0.5900001525878897,-0.7200002670288086,-0.7000002861022931,-0.1100001335144043,0.2799997329711914,-0.15999984741210938,-0.1300001144409153,0.019999980926513672,5.0,7.0,10-06,-0.1650000810623163
07-24,0.9100003242492658,0.6700000762939462,-2.4000000953674303,1.0300002098083505,-0.5500001907348642,-0.690000057220459,-0.5099997520446786,-0.16000032424926758,0.2799997329711914,-0.2200002670288086,-0.11999988555908205,0.13000011444091794,5.0,7.0,10-07,-0.1358333428700765
07-25,0.9800000190734864,0.6900000572204599,-2.4000000953674303,1.0100002288818368,-0.4300003051757813,-0.6599998474121085,-0.309999942779541,-0.16000032424926758,0.2799997329711914,-0.380000114440918,-0.04000043869018555,0.15000009536743164,5.0,7.0,10-08,-0.10583341121673548
07-26,0.9600000381469737,0.6900000572204599,-2.4400000572204616,1.03999996185303,-0.400000095367429,-0.6700000762939453,-0.24000024795532135,-0.21000003814697174,0.1700000762939453,-0.4499998092651367,-0.060000419616699226,0.17999982833862305,5.0,7.0,10-09,-0.11916673183441112
07-27,0.9600000381469737,0.7599997520446804,-2.160000324249268,0.9500002861022948,-0.4399995803833008,-0.6100001335144043,-0.24000024795532135,-0.1700000762939462,0.1700000762939453,-0.4199995994567862,-0.07000017166137606,0.17999982833862305,5.0,7.0,10-10,-0.09083334604899043
07-28,0.7300000190734872,0.7799997329711905,-2.150000095367432,0.8599996566772488,-0.3799996376037571,-0.6100001335144043,-0.2699999809265128,-0.2799997329711914,0.1700000762939453,-0.440000057220459,-0.059999942779541016,0.11999988555908205,5.0,7.0,10-11,-0.12750001748402862
07-29,1.0499997138977049,0.8599996566772488,-1.8399996757507295,0.7899999618530282,-0.3799996376037571,-0.5999999046325675,-0.2599997520446777,-0.3499999046325684,0.2400002479553223,-0.5900001525878906,-0.059999942779541016,0.11999988555908205,5.0,7.0,10-12,-0.08499995867411214
07-30,1.009999752044676,0.7699999809265154,-1.8599996566772459,0.7899999618530282,-0.30999994277953835,-0.5799999237060556,-0.23000001907348636,-0.3299999237060547,0.2400002479553223,-0.5900001525878906,-0.039999961853027344,0.09999990463256836,5.0,7.0,10-13,-0.0858333110809324
07-31,0.9000000953674316,0.6199998855590847,-1.6999998092651367,0.7400002479553232,-0.17999982833862305,-0.4500002861022949,-0.2699999809265137,-0.3400001525878897,0.2400002479553223,-0.6100001335144043,-0.019999980926513672,0.05000019073486328,5.0,7.0,10-14,-0.08499995867411259
08-01,0.7899999618530265,0.6999998092651394,-1.6999998092651367,0.7899999618530291,-0.16999959945678622,-0.5799999237060556,-0.3299999237060547,-0.3400001525878897,0.23000001907348636,-0.7400002479553223,0.07000017166137695,-0.009999752044677734,5.0,7.0,10-15,-0.1074999570846554
08-02,0.8799996376037624,0.6999998092651394,-1.5700001716613745,0.7000002861022958,-0.1399998664855948,-0.619999885559082,-0.3400001525878906,-0.21000003814697174,0.31000041961669833,-0.7300000190734863,0.12000036239623756,0.0,5.0,7.0,10-16,-0.07499996821085553
08-03,0.8799996376037624,0.7300000190734863,-1.5300002098083525,0.6600003242492676,-0.1399998664855957,-0.7399997711181641,-0.3400001525878906,-0.26000022888183594,0.2999997138977051,-0.6999998092651367,0.2399997711181641,0.0,5.0,7.0,10-17,-0.07500004768371582
08-04,0.75,0.75,-0.9600000381469728,0.6599998474121103,-0.09999990463256923,-0.7399997711181641,-0.3700003623962429,-0.259999752044676,0.2899999618530273,-0.5999999046325684,0.2799997329711914,-0.039999961853027344,5.0,7.0,10-18,-0.028333346048990963
08-05,0.8499999046325692,0.7800002098083523,-0.8899998664855957,0.75,-0.09999990463256923,-0.6300001144409153,-0.3299999237060547,-0.3000001907348624,0.2899999618530309,-0.5799999237060538,0.2799997329711914,-0.07999992370605469,5.0,7.0,10-19,0.0033333301544198326
08-06,0.6100001335144043,0.7699999809265154,-0.36000013351440163,0.75,-0.03999996185302912,-0.5699996948242188,-0.25999975204467685,-0.23000001907348544,0.2799997329711923,-0.5799999237060538,0.19000005722045896,-0.17000007629394442,5.0,7.0,10-20,0.03250002861023008
08-07,0.5399999618530282,0.6399998664855957,-0.3900003433227512,0.8499999046325684,0.05999994277954013,-0.5,-0.1599998474121085,-0.1600003242492667,0.2799997329711923,-0.6100001335144034,0.22000026702880326,-0.3400001525878906,6.0,6.0,10-21,0.03583323955535896
08-08,0.5799999237060556,0.6700000762939453,-0.3900003433227512,0.8899998664855957,0.09999990463257102,-0.4699997901916495,-0.15999984741210938,-0.1600003242492667,0.3800001144409171,-0.6499996185302717,0.14000034332275568,-0.18000030517578036,6.0,6.0,10-22,0.06250000000000096
08-09,0.4500002861022958,0.6700000762939453,-0.7000002861022949,0.8000001907348606,0.21000003814697266,-0.3499999046325684,-0.1700000762939462,-0.2400002479553223,0.3499999046325684,-0.690000057220459,0.21000003814697266,-0.23000001907348544,6.0,6.0,10-23,0.025833328564961604
08-10,0.4500002861022958,0.7199997901916504,-0.4799995422363281,0.759999752044676,0.2399997711181641,-0.4299998283386231,-0.1700000762939462,-0.3499999046325675,0.6200003623962376,-0.7400002479553223,0.5999999046325675,-0.23000001907348544,6.0,6.0,10-24,0.08250002066294322
08-11,0.6900000572204599,1.0199999809265137,-0.6500000953674316,0.7300000190734863,0.2399997711181641,-0.4299998283386231,-0.12000036239624112,-0.2999997138977042,0.4099998474121085,-0.7899999618530273,0.5799999237060547,-0.19999980926513672,6.0,6.0,10-25,0.09833331902821857
08-12,0.8399996757507324,1.0599999427795408,-0.6500000953674316,0.7200002670288095,0.2399997711181641,-0.4000000953674343,-0.09999990463256836,-0.3200001716613761,0.380000114440918,-0.8199996948242188,0.5799999237060547,-0.2200002670288086,6.0,6.0,10-26,0.10916662216186516
08-13,0.7699999809265146,1.010000228881836,-0.8400001525878915,0.7200002670288095,0.26000022888183594,-0.3599996566772461,-0.030000209808349613,-0.3299999237060547,0.25,-0.8199996948242188,0.4700002670288104,-0.2399997711181641,6.0,6.0,10-27,0.07166679700215679
08-14,0.6700000762939426,1.010000228881836,-0.7699999809265154,0.6500000953674316,0.31999969482421786,-0.4200000762939453,-0.059999942779541016,-0.4000000953674317,0.25,-0.8600001335144043,0.5799999237060538,-0.31999969482421964,6.0,6.0,10-28,0.05416667461395205
08-15,0.9699997901916504,0.9600000381469728,-0.7699999809265154,0.5900001525878906,0.5500001907348642,-0.4800000190734863,-0.15000009536743164,-0.4000000953674317,0.2399997711181614,-0.6999998092651376,0.5199999809265163,-0.4899997711181641,6.0,6.0,10-29,0.07000001271565741
08-16,0.6599998474121094,0.9600000381469728,-0.8199996948242196,0.53999996185303,0.6799998283386257,-0.4900002479553223,-0.1700000762939453,-0.440000057220459,0.0999999046325657,-0.8299999237060547,0.3900003433227557,-0.6099996566772471,6.0,6.0,10-30,-0.0024999777475990612
08-17,0.6599998474121094,0.7699999809265137,-0.619999885559082,0.5499997138977051,0.8200001716613771,-0.5400004386901855,-0.1700000762939453,-0.4600000381469727,0.08999967575073597,-0.8600001335144052,0.3499999046325684,-0.6099996566772471,6.0,6.0,10-31,-0.0016667445500690252
08-18,0.4800000190734863,0.8099999427795409,-0.3099999427795401,0.4200000762939453,0.6700000762939444,-0.5400004386901855,-0.19000005722045896,-0.4800000190734863,0.11999988555908205,-0.9200000762939462,0.3699998855590829,-0.5999999046325692,6.0,6.0,11-01,-0.01416671276092537
08-19,0.630000114440918,0.8899998664855948,-0.19999980926513672,0.4500002861022958,0.6700000762939444,-0.5900001525878906,-0.2199997901916504,-0.4499998092651367,0.059999942779541016,-0.94000005722046,0.3699998855590829,-0.4500002861022949,6.0,6.0,11-02,0.01833335558573397
08-20,0.07000017166137695,1.0700001716613772,-0.4000000953674317,0.4500002861022958,0.5699996948242152,-0.5199999809265137,0.029999732971196732,-0.4800000190734872,0.11999988555908205,-0.94000005722046,0.3499999046325701,-0.4400000572204599,7.0,5.0,11-03,-0.010000030199686538
08-21,0.17000007629394265,1.1199998855590811,-0.3600001335144043,0.3700003623962401,0.7199997901916504,-0.5,0.2899999618530265,-0.5000000000000009,0.11999988555908205,-0.9499998092651368,0.4600000381469727,-0.3600001335144043,7.0,5.0,11-04,0.04833332697550411
08-22,0.1100001335144034,1.2300000190734863,-0.3600001335144043,0.5999999046325692,0.7100000381469727,-0.4200000762939462,0.6099996566772452,-0.5000000000000009,0.1399998664855948,-0.8900003433227566,0.4600000381469727,-0.3299999237060547,7.0,5.0,11-05,0.11333326498667347
08-23,-0.010000228881836827,1.2300000190734863,-0.5199999809265163,0.630000114440918,0.5700001716613778,-0.4800000190734863,0.5199999809265163,-0.5300002098083496,0.07999992370605469,-0.9400000572204616,0.4800000190734863,-0.2899999618530273,6.0,6.0,11-06,0.061666647593180114
08-24,-0.010000228881836827,1.2699999809265137,-0.4800000190734837,0.5,0.5599999427795392,-0.4800000190734863,0.5199999809265163,-0.5700001716613761,0.019999980926513672,-0.8499999046325684,0.3600001335144052,-0.2899999618530273,6.0,6.0,11-07,0.045833309491475786
08-25,-0.09000015258789151,1.4699997901916504,-0.3900003433227539,0.6299996376037624,0.590000152587888,-0.4800000190734863,0.4900002479553249,-0.6000003814697275,0.030000209808348718,-0.8099999427795409,0.3899998664855948,-0.2800002098083487,6.0,6.0,11-08,0.07916657129923503
08-26,0.030000209808349613,1.580000400543212,-0.3400001525878906,0.420000076293948,0.590000152587888,-0.4500002861022949,0.3900003433227512,-0.5399999618530273,0.07000017166137695,-0.7300000190734863,0.3899998664855948,-0.11999988555908205,7.0,5.0,11-09,0.10750007629394494
08-27,0.010000228881835938,1.4600000381469729,-0.42999982833862216,0.420000076293948,0.7300000190734863,-0.409999847412112,0.2899999618530273,-0.5700001716613771,0.0,-0.7300000190734863,0.4199995994567862,-0.120000362396242,6.0,6.0,11-10,0.08916664123535141
08-28,0.11999988555908205,1.3600001335144023,-0.6699995994567862,0.3900003433227512,0.5199999809265137,-0.4500002861022949,0.09999990463257102,-0.6000003814697266,0.0,-0.7300000190734863,0.3699998855590829,-0.03999996185302557,6.0,6.0,11-11,0.030833323796590317
08-29,0.2199997901916504,1.3900003433227541,-0.6699995994567862,0.3200001716613769,0.4500002861022949,-0.4699997901916495,0.19999980926513672,-0.6000003814697266,0.0,-0.75,0.3299999237060556,0.059999942779541016,7.0,5.0,11-12,0.04000004132588727
08-30,0.2599997520446804,1.3900003433227541,-0.7099995613098145,0.3499999046325657,0.4099998474121094,-0.4200000762939444,0.1199998855590847,-0.6100001335144043,-0.1100001335144043,-0.7400002479553196,0.2699999809265137,0.059999942779541016,7.0,5.0,11-13,0.022499958674113474
08-31,0.2599997520446804,1.3499999046325684,-0.7800002098083496,0.21999979019165128,0.28999996185302823,-0.3800001144409171,0.1199998855590847,-0.6799998283386213,-0.26000022888183505,-0.7899999618530256,0.2399997711181632,0.059999942779541016,7.0,5.0,11-14,-0.02916677792866928
09-01,0.3599996566772488,1.2300000190734854,-0.6499996185302725,-0.010000228881835938,0.3399996757507324,-0.3800001144409171,0.17000007629394798,-0.6800003051757812,-0.369999885559082,-0.7899999618530247,0.26999998092651545,0.07000017166137695,6.0,6.0,11-15,-0.03666671117146721
09-02,0.2899999618530273,0.9299998283386229,-0.7599997520446768,-0.35000038146972745,0.3399996757507324,-0.3800001144409171,0.019999980926512784,-0.930000305175782,-0.3200001716613761,-0.7499999999999982,0.26999998092651545,0.030000209808350494,6.0,6.0,11-16,-0.13416675726572636
09-03,0.3400001525878906,0.8400001525878906,-0.6900000572204563,-0.35000038146972745,0.3399996757507324,-0.4200000762939462,-0.050000190734862386,-0.8899998664855984,-0.3299999237060547,-0.7499999999999982,0.26999998092651545,0.07000017166137695,5.0,7.0,11-17,-0.13500003019968645
09-04,0.3299999237060547,0.7400002479553223,-0.7400002479553196,-0.35000038146972745,0.25,-0.3299999237060547,0.0599999427795419,-0.9000000953674343,-0.3299999237060547,-0.7499999999999982,0.23000001907348544,0.07999992370605558,6.0,6.0,11-18,-0.1425000429153441
09-05,0.1900000572204581,1.0,-0.7400002479553196,-0.3499999046325675,0.3400001525878906,-0.4300003051757795,-0.030000209808346945,-0.9000000953674343,-0.3299999237060547,-0.7699999809265146,0.2100000381469691,0.1100001335144043,5.0,7.0,11-19,-0.14166669050852454
09-06,0.25,1.0,-0.7400002479553196,-0.2800002098083469,0.26999998092651545,-0.3499999046325657,-0.05999994277953924,-0.9000000953674343,-0.26000022888183505,-0.7100000381469727,0.2399997711181641,0.1100001335144043,5.0,7.0,11-20,-0.1191667318344108
09-07,0.25,1.0,-0.8599996566772452,-0.0699996948242152,0.09000015258789329,-0.3999996185302708,-0.05999994277953924,-0.8499999046325684,-0.20000028610229487,-0.7300000190734863,0.3599996566772443,0.1100001335144043,5.0,7.0,11-21,-0.11333326498667318
09-08,0.25,0.9600000381469728,-0.8800001144409153,-0.14999961853027075,0.059999942779541016,-0.3999996185302708,-0.05999994277953924,-0.8700003623962411,-0.17000007629394442,-0.8299999237060547,0.3499999046325675,0.1100001335144043,5.0,7.0,11-22,-0.13583330313364592
09-09,-0.05000019073486062,0.8699998855590811,-0.880000114440918,-0.2899999618530265,0.059999942779541016,-0.3999996185302708,0.019999980926513672,-0.7200002670288086,-0.1399998664855957,-0.8899998664855957,0.3499999046325675,0.09999990463256657,5.0,7.0,11-23,-0.16416668891906716
09-10,-0.2199997901916504,0.8199996948242205,-0.7800002098083496,-0.2899999618530265,0.029999732971191406,-0.3899998664855984,0.07999992370605735,-0.7100000381469735,-0.1700000762939453,-0.8899998664855957,0.380000114440918,0.13000011444091794,5.0,7.0,11-24,-0.1675000190734862
09-11,-0.2799997329711914,0.75,-0.8000001907348633,-0.31000041961669833,0.059999942779541016,-0.3099999427795401,0.10999965667724876,-0.6499996185302743,-0.1700000762939453,-0.9000000953674325,0.349999904632571,0.17999982833862305,5.0,7.0,11-25,-0.16416672865549678
09-12,-0.31999969482421875,0.71000003814697,-0.8000001907348633,-0.3000001907348633,0.030000209808348718,-0.20000028610229315,0.12999963760376246,-0.6499996185302743,-0.16000032424926758,-0.8000001907348633,0.23999977111816584,0.11999988555908205,5.0,7.0,11-26,-0.16666674613952626
09-13,-0.3299999237060547,0.71000003814697,-0.7800002098083471,-0.25,-0.059999942779541016,-0.13000011444091886,0.16999959945678622,-0.5199999809265137,-0.17000007629394798,-0.8700003623962429,0.2899999618530309,0.11999988555908205,4.0,8.0,11-27,-0.15166676044464142
09-14,-0.3299999237060547,0.6399998664855957,-0.8899998664855984,-0.380000114440918,-0.13000011444091794,-0.09000015258788974,0.16999959945678622,-0.5099997520446777,-0.1400003433227539,-0.8700003623962429,0.2300000190734872,0.11999988555908205,4.0,8.0,11-28,-0.18166677157084185
09-15,-0.369999885559082,0.7200002670288086,-0.9299998283386229,-0.2999997138977042,-0.1100001335144043,-0.09000015258788974,0.12999963760375974,-0.4000000953674317,-0.20000028610229406,-0.8499999046325684,0.2799997329711923,0.09000015258789062,4.0,8.0,11-29,-0.1691666841506955
09-16,-0.4600000381469727,0.6900000572204599,-0.919999599456788,-0.21000003814697354,-0.1100001335144043,-0.15000009536743075,0.0,-0.4299998283386231,-0.19000005722045896,-0.7399997711181641,0.2799997329711923,0.030000209808350494,3.0,9.0,11-30,-0.18416663010915105
09-17,-0.6199998855590811,0.6999998092651394,-0.8899998664855957,-0.21000003814697354,-0.09000015258788796,-0.11000013351440163,-0.019999980926513672,-0.4299998283386231,-0.17000007629394265,-0.7399997711181641,0.25,0.09000015258789062,3.0,9.0,12-01,-0.18666664759317944
09-18,-0.7300000190734872,0.4699997901916513,-0.6700000762939453,-0.2600002288818368,-0.26999998092650834,-0.1099996566772461,-0.11999988555908205,-0.4899997711181641,-0.17000007629394265,-0.7599997520446777,0.309999942779541,0.17999982833862305,3.0,9.0,12-02,-0.2183333237965896
09-19,-0.5199999809265137,0.6199998855590829,-0.6700000762939453,-0.2600002288818333,-0.17999982833862305,-0.1100001335144052,0.02999973297118963,-0.4899997711181641,-0.2300000190734837,-0.7400002479553214,0.309999942779541,0.3200001716613769,4.0,8.0,12-03,-0.16000004609425825
09-20,-0.4699997901916477,0.6199998855590829,-0.6100001335144043,-0.16000032424926405,-0.1400003433227539,-0.009999752044678624,0.0,-0.5399999618530265,-0.16000032424926405,-0.7899999618530273,0.2699999809265128,0.3200001716613769,3.0,9.0,12-04,-0.1391667127609245
09-21,-0.4699997901916477,0.5999999046325675,-0.4000000953674343,-0.16000032424926935,-0.25,-0.029999732971192294,0.0,-0.5499997138977051,-0.010000228881835938,-0.7300000190734863,0.2899999618530273,0.3200001716613769,3.0,9.0,12-05,-0.11583332220713327
09-22,-0.4400000572204563,0.7300000190734863,-0.039999961853027344,-0.19999980926513672,-0.2899999618530265,-0.029999732971192294,0.0,-0.5999999046325675,-0.059999942779541016,-0.6700000762939453,0.3200001716613769,0.2899999618530273,3.0,9.0,12-06,-0.08249994119008353
09-23,-0.44999980926513583,0.8000001907348624,-0.010000228881835938,-0.19000005722045632,-0.2899999618530265,-0.029999732971192294,0.0,-0.5399999618530273,-0.07000017166137695,-0.7600002288818359,0.3200001716613769,0.380000114440918,3.0,9.0,12-07,-0.06999997297922747
09-24,0.019999980926513672,0.7100000381469727,-0.07999992370605646,-0.19000005722045632,-0.2199997901916504,-0.07000017166137784,0.11999988555908292,-0.5100002288818359,-0.07000017166137695,-0.7600002288818359,0.3700003623962376,0.3899998664855957,5.0,7.0,12-08,-0.02416670322418228
09-25,-0.11999988555907935,0.6999998092651358,0.0,-0.14000034332275124,-0.309999942779541,-0.01000022888183416,0.019999980926515448,-0.4300003051757813,-0.07000017166137695,-0.7600002288818359,0.340000152587888,0.369999885559082,4.0,8.0,12-09,-0.034166773160298224
09-26,-0.2699999809265137,0.6199998855590811,0.0,-0.23000001907348636,-0.23000001907348636,-0.039999961853027344,0.17000007629394442,-0.4300003051757813,-0.010000228881835938,-0.5499997138977051,0.3400001525878915,0.3000001907348624,4.0,8.0,12-10,-0.02749999364217137
09-27,-0.2699999809265137,0.6199998855590811,0.010000228881837714,-0.2600002288818333,-0.20000028610229487,-0.039999961853027344,0.17000007629394442,-0.4100003242492667,-0.009999752044677734,-0.5199999809265146,0.3200001716613761,0.3000001907348624,5.0,7.0,12-11,-0.024166663487752205
09-28,-0.2699999809265137,0.5700001716613771,-0.060000419616699226,-0.15000009536743253,-0.2800002098083505,-0.09999990463256836,0.17000007629394442,-0.369999885559082,-0.07000017166137606,-0.6399998664855957,0.2300000190734872,0.3000001907348624,4.0,8.0,12-12,-0.055833339691162255
09-29,-0.19999980926513672,0.5699996948242196,-0.05000019073486328,-0.09999990463256836,-0.36999988555907937,-0.09999990463256836,0.2200002670288077,-0.2799997329711914,-0.16000032424926758,-0.75,0.16000032424926758,0.3600001335144043,4.0,8.0,12-13,-0.05833327770233133
09-30,-0.2399997711181641,0.5099997520446804,0.0,-0.19000005722045987,-0.36999988555907937,-0.11999988555908205,0.15999984741210938,-0.3300004005432129,-0.10999965667724876,-0.75,0.16000032424926758,0.3299999237060556,4.0,8.0,12-14,-0.0791666507720945
10-01,-0.06999969482421875,0.4600000381469736,0.23000001907348636,-0.19000005722045987,-0.42000007629394265,-0.19000005722045632,0.0599999427795419,-0.3000001907348633,-0.05999994277954367,-0.75,0.22000026702880948,0.23000001907348636,5.0,7.0,12-15,-0.06499997774759891
10-02,0.09999990463256836,0.4600000381469753,0.20000028610229487,-0.19000005722045987,-0.349999904632571,-0.1399998664855957,-0.09999990463256747,-0.3400001525878906,-0.05999994277954367,-0.7000002861022931,0.2400002479553196,0.2200002670288086,5.0,7.0,12-16,-0.054999947547912896
10-03,-0.080000400543212,0.4800000190734837,0.20000028610229487,-0.19000005722045896,-0.2699999809265101,-0.2399997711181641,-0.17000007629394442,-0.3400001525878906,-0.1100001335144043,-0.6599998474121094,0.17999982833862305,0.15999984741210938,4.0,8.0,12-17,-0.0866667032241819
10-04,-0.080000400543212,0.4800000190734837,0.2700004577636719,-0.1100001335144052,-0.3399996757507324,-0.3499999046325684,-0.050000190734862386,-0.309999942779541,-0.15999984741210938,-0.4800000190734863,0.16000032424926758,0.15999984741210938,4.0,8.0,12-18,-0.06749995549519873
10-05,-0.080000400543212,0.2600002288818333,0.3000001907348633,-0.1199998855590847,-0.26999998092651634,-0.2800002098083496,-0.050000190734862386,-0.3299999237060538,-0.07999992370605469,-0.5700001716613771,0.15000009536743164,0.15999984741210938,4.0,8.0,12-19,-0.07583336035410608
10-06,-0.20000028610229487,0.2800002098083505,0.13000011444091794,-0.24000024795532135,-0.17000007629394798,-0.2800002098083496,-0.13000011444091794,-0.309999942779541,0.0,-0.5900001525878915,0.16000032424926758,0.11999988555908205,4.0,8.0,12-20,-0.1025000413258872
10-07,-0.2300000190734872,0.2300000190734899,0.13000011444091794,-0.3299999237060573,-0.17000007629394798,-0.26000022888183594,-0.1999998092651376,-0.2200002670288086,-0.07000017166137784,-0.6300001144409189,0.16000032424926758,0.09000015258789062,4.0,8.0,12-21,-0.12500000000000044
10-08,-0.2899999618530273,0.16000032424926758,-0.010000228881837714,-0.3299999237060573,-0.060000419616699226,-0.21000003814697266,-0.25,-0.2800002098083505,-0.1599998474121085,-0.6300001144409189,0.18000030517578036,-0.029999732971191406,2.0,10.0,12-22,-0.15916665395100962
10-09,-0.3499999046325684,0.17000007629394442,-0.0900001525878924,-0.27999973297119674,-0.1200003623962429,-0.20000028610229487,-0.2699999809265137,-0.2899999618530273,-0.1599998474121085,-0.5799999237060547,0.25,-0.029999732971191406,2.0,10.0,12-23,-0.16249998410542887
10-10,-0.33000040054321195,0.17000007629394442,-0.0900001525878924,-0.07000017166137784,-0.25,-0.10999965667724433,-0.23000001907348636,-0.2899999618530273,-0.1599998474121085,-0.5799999237060547,0.21999979019165128,0.039999961853027344,3.0,9.0,12-24,-0.14000002543131504
10-11,-0.33000040054321195,0.17000007629394442,-0.13000011444091794,-0.09000015258789151,-0.3099999427795419,-0.029999732971188738,-0.23000001907348636,-0.25,-0.1599998474121085,-0.4499998092651367,0.18999958038330167,0.039999961853027344,3.0,9.0,12-25,-0.1316667000452675
10-12,-0.33000040054321195,0.1399998664855957,-0.2899999618530273,-0.15000009536743164,-0.2300000190734845,0.019999980926516336,-0.23000001907348636,-0.2399997711181649,-0.1900000572204608,-0.5799999237060556,0.2399997711181641,0.039999961853027344,4.0,8.0,12-26,-0.15000005563100166
10-13,-0.3500003814697248,0.11999988555908114,-0.2899999618530273,-0.3000001907348633,-0.18000030517577947,0.019999980926516336,-0.19999980926513672,-0.21000003814697354,-0.1700000762939462,-0.5700001716613771,0.2599997520446777,0.1399998664855957,4.0,8.0,12-27,-0.14416678746541312
10-14,-0.2300000190734899,0.030000209808350494,-0.4299998283386231,-0.2800002098083496,-0.18000030517577947,0.039999961853030015,-0.10999965667724876,-0.1900000572204608,-0.19000005722045987,-0.5,0.2599997520446777,0.13000011444091794,4.0,8.0,12-28,-0.13750000794728626
10-15,-0.2300000190734872,0.08999967575072887,-0.3499999046325684,-0.2800002098083496,-0.12000036239623756,0.11000013351440696,-0.15999984741211204,-0.15000009536743253,-0.21000003814697002,-0.5,0.25,0.1399998664855957,4.0,8.0,12-29,-0.11750006675720215
10-16,-0.3000001907348633,0.05999994277953924,-0.3600001335144043,-0.3299999237060556,-0.12000036239624025,0.15999984741210938,-0.2600002288818368,-0.21000003814697266,-0.21000003814697002,-0.5999999046325684,0.21000003814697266,0.20000028610229487,4.0,8.0,12-30,-0.1466667254765829
10-17,-0.2999997138977051,-0.07999992370605735,-0.3600001335144043,-0.3299999237060547,-0.16000032424926758,0.1700000762939453,-0.3400001525878915,-0.21000003814697266,-0.20000028610229487,-0.6800003051757821,0.15999984741211204,0.3200001716613769,3.0,9.0,12-31,-0.16750005880991636
10-18,-0.2999997138977051,-0.07999992370605735,-0.4800000190734863,-0.309999942779541,-0.17000007629394798,0.0799999237060538,-0.3400001525878915,-0.2800002098083496,-0.19000005722045632,-0.6200003623962421,0.17999982833862038,0.3200001716613769,3.0,9.0,01-01,-0.18250004450480214
10-19,-0.2999997138977051,0.04000043869018555,-0.4499998092651367,-0.2899999618530265,-0.3299999237060538,0.19999980926513586,-0.3400001525878915,-0.3499999046325684,-0.2399997711181614,-0.5900001525878906,0.07999992370605469,0.3200001716613769,4.0,8.0,01-02,-0.18749992052714007
10-20,-0.2799997329711923,0.07999992370605469,-0.4700002670288086,-0.12999963760375888,-0.2899999618530273,0.19999980926513586,-0.3600001335144043,-0.2999997138977042,-0.12000036239623756,-0.5099997520446777,0.09999990463256836,0.26000022888183594,4.0,8.0,01-03,-0.15166664123535134
10-21,-0.05000019073486417,0.10000038146972924,-0.4199995994567871,0.07999992370605558,-0.2899999618530273,0.07999992370605469,-0.3699998855590811,-0.25,0.059999942779541016,-0.4899997711181641,0.09999990463256836,0.309999942779541,6.0,6.0,01-04,-0.09499994913736948
10-22,-0.2399997711181641,0.15000009536743164,-0.3800001144409189,0.07999992370605558,-0.309999942779541,0.5199999809265137,-0.4200000762939453,-0.26999998092651456,0.039999961853027344,-0.4899997711181641,0.059999942779541016,0.26000022888183594,6.0,6.0,01-05,-0.08333329359690356
10-23,-0.07999992370605469,0.0599999427795419,-0.4000000953674308,0.07999992370605558,-0.36000013351440163,0.369999885559082,-0.4699997901916504,-0.2399997711181649,0.039999961853027344,-0.4299998283386231,0.0799999237060538,0.309999942779541,6.0,6.0,01-06,-0.08666666348775197
10-24,0.09000015258789151,0.0999999046325657,-0.4000000953674308,-0.019999980926513672,-0.31999969482421786,-0.07000017166137784,-0.4600000381469727,-0.2399997711181649,0.059999942779541016,-0.4100003242492676,0.05000019073486417,0.369999885559082,5.0,7.0,01-07,-0.10416666666666674
10-25,0.23000001907348636,0.0999999046325657,-0.3400001525878897,0.09000015258788796,-0.4200000762939462,-0.019999980926513672,-0.510000228881835,-0.25,0.2200002670288077,-0.440000057220459,0.12000036239623756,0.369999885559082,6.0,6.0,01-08,-0.07083332538604803
10-26,0.23000001907348636,0.0999999046325657,-0.3500003814697257,0.30999994277953924,-0.3200001716613769,0.09000015258789329,-0.510000228881835,-0.15000009536743164,0.3300004005432138,-0.23000001907348636,0.1599998474121067,0.369999885559082,7.0,5.0,01-09,0.0024999380111692857
10-27,0.2699999809265137,0.059999942779541016,-0.5199999809265137,0.27999973297118874,-0.3499999046325684,0.09000015258789329,-0.4200000762939444,0.010000228881835938,0.3500003814697248,-0.11999988555908114,0.1599998474121067,0.4600000381469727,8.0,4.0,01-10,0.022500038146972438
10-28,0.6700000762939453,-0.04999971389770508,-0.6100001335144052,0.3099999427795401,-0.3499999046325684,0.050000190734865946,-0.44999980926513583,0.010000228881835938,0.26000022888183594,-0.029999732971190518,0.1599998474121067,0.5799999237060556,7.0,5.0,01-11,0.04583342870076505
10-29,0.690000057220459,-0.05000019073486328,-0.5800004005432129,0.3099999427795401,-0.369999885559082,0.17000007629394442,-0.5300002098083496,-0.04000043869018555,0.3000001907348624,-0.029999732971190518,0.11999988555908205,0.5300002098083505,6.0,6.0,01-12,0.04333329200744621
10-30,1.0300002098083505,-0.15000009536743164,-0.5,0.3099999427795401,-0.1900000572204581,0.039999961853027344,-0.7100000381469753,-0.019999980926513672,0.3000001907348624,-0.019999980926513672,0.1100001335144034,0.5799999237060556,6.0,6.0,01-13,0.06500001748402891
10-31,0.5799999237060574,-0.09999990463256836,-0.5,0.4199995994567862,-0.2399997711181641,-0.09999990463256836,-0.869999885559082,-0.019999980926513672,0.3200001716613761,0.059999942779541016,0.09999990463256836,0.5,6.0,6.0,01-14,0.012500007947286043
11-01,0.7699999809265137,-0.09999990463256836,-0.31999969482421875,0.20000028610229406,-0.340000152587888,-0.09999990463256747,-0.9499998092651368,0.04000043869018555,0.26000022888183505,0.010000228881835938,0.1700000762939462,0.5,7.0,5.0,01-15,0.011666814486185931
11-02,0.7699999809265137,-0.14999961853027255,-0.3599996566772461,0.07999992370605558,-0.32000017166137784,-0.12999963760375888,-0.9499998092651368,0.060000419616699226,0.3899998664855948,0.059999942779541016,0.2800002098083496,0.5,7.0,5.0,01-16,0.019166787465413487
11-03,0.7300000190734872,-0.2599997520446777,-0.3600001335144043,0.080000400543212,-0.2899999618530273,-0.12999963760375888,-0.8899998664855948,0.12000036239623935,0.4200000762939453,0.0,0.2800002098083496,0.4000000953674317,6.0,6.0,01-17,0.008333484331766838
11-04,0.8500003814697275,-0.329999923706052,-0.3399996757507324,0.16000032424926405,-0.2899999618530273,-0.04999971389770508,-0.800000190734866,0.09000015258789151,0.4000000953674317,0.030000209808349613,0.2800002098083496,0.3600001335144043,7.0,5.0,01-18,0.030000170071919605
11-05,0.6799998283386222,-0.3400001525878897,-0.3200001716613769,0.16000032424926405,-0.2599997520446786,-0.04999971389770508,-0.8600001335144016,0.07000017166137695,0.3899998664855957,0.030000209808349613,0.3499999046325675,0.25,7.0,5.0,01-19,0.008333365122476991
11-06,0.559999942779541,-0.3699998855590847,-0.24000024795532315,0.12000036239623756,-0.2899999618530273,-0.14000034332275124,-0.9499998092651368,0.08000040054321289,0.3899998664855957,-0.029999732971191406,0.32000017166137784,0.2200002670288086,6.0,6.0,01-20,-0.027499914169311745
11-07,0.440000057220459,-0.429999828338624,-0.24000024795532315,0.329999923706052,-0.030000209808348718,-0.06999969482421875,-0.8699998855590803,0.08000040054321289,0.3599996566772461,-0.1099996566772461,0.3299999237060547,0.09999990463256657,6.0,6.0,01-21,-0.00916663805643747
11-08,0.369999885559082,-0.429999828338624,-0.32000017166137784,0.4499998092651367,-0.01000022888183416,-0.09000015258789151,-1.1399998664855957,0.07000017166137695,0.2999997138977051,-0.13000011444091794,0.2399997711181641,0.09999990463256657,6.0,6.0,01-22,-0.049166758855184144
11-09,0.369999885559082,-0.2999997138977042,-0.07000017166137695,0.4200000762939444,0.039999961853027344,-0.13000011444091886,-1.1399998664855957,0.07000017166137695,0.4500002861022958,-0.11999988555908205,0.3000001907348606,0.09999990463256657,7.0,5.0,01-23,-0.000833272933960331
11-10,0.3899998664855957,-0.3600001335144043,0.030000209808349613,0.3500003814697248,0.0,-0.13000011444091886,-1.1499996185302734,0.12999963760375802,0.6100001335144052,-0.1700000762939471,0.3400001525878915,0.0,6.0,6.0,01-24,0.003333369890848425
11-11,0.16000032424926405,-0.3499999046325684,0.029999732971190518,0.450000286102294,0.0,-0.19000005722045896,-1.03999996185303,0.18000030517578125,0.650000095367429,-0.15000009536743342,0.3400001525878915,0.0,6.0,6.0,01-25,0.006666739781696629
11-12,0.1700000762939453,-0.1299996376037571,0.21000003814697266,0.450000286102294,0.09999990463256747,-0.1399998664855957,-0.8200001716613761,0.3200001716613769,0.5900001525878897,-0.15000009536743342,0.3400001525878915,0.0,7.0,5.0,01-26,0.07833341757456462
11-13,0.2200002670288086,-0.07000017166137695,0.31999969482421875,0.630000114440918,0.030000209808350494,-0.1399998664855948,-0.8299999237060547,0.4000000953674317,0.5900001525878897,-0.13000011444091794,0.3199996948242152,0.0,7.0,4.0,01-27,0.11166667938232401
11-14,0.09000015258789062,-0.09000015258789062,0.31999969482421875,0.9200000762939444,-0.1100001335144043,-0.17999982833862305,-0.8300004005432138,0.4000000953674317,0.6000003814697248,-0.15000009536743075,0.2599997520446804,0.0,6.0,5.0,01-28,0.10249996185302734
11-15,0.019999980926516336,-0.09000015258789062,0.31999969482421875,0.9600000381469692,-0.3300004005432138,-0.1199998855590847,-0.8200001716613778,0.369999885559082,0.7599997520446786,-0.09000015258789062,0.19999980926513936,0.0,6.0,5.0,01-29,0.09833319981892888
11-16,0.019999980926516336,0.11999988555908205,0.369999885559082,0.8099999427795437,-0.169999599456788,-0.21999979019165306,-0.8200001716613778,0.4800000190734863,0.5199999809265137,0.019999980926513672,0.26000022888183594,0.0,8.0,3.0,01-30,0.1158333619435629
11-17,-0.01999998092651012,-0.1299996376037571,0.4299998283386213,0.5499997138977051,-0.25,-0.21999979019165306,-0.8299999237060547,0.4600000381469727,0.3699998855590829,0.1700000762939462,0.2899999618530265,0.0,6.0,5.0,01-31,0.0683333476384483
11-18,-0.03999996185302823,-0.26000022888183594,0.5500001907348633,0.579999923706052,-0.25,-0.21999979019165306,-0.7499999999999991,0.4800000190734863,0.15999984741210938,0.23000001907348636,0.2899999618530265,0.0,6.0,5.0,02-01,0.06416666507720896
11-19,-0.059999942779541016,-0.2200002670288086,0.7400002479553249,0.579999923706052,-0.14000034332275568,-0.1200003623962429,-0.7300000190734863,0.4600000381469727,0.2199997901916504,0.23000001907348636,0.23000001907348636,0.0,6.0,5.0,02-02,0.09916659196217817
11-20,0.1100001335144043,-0.12999963760376246,0.8299999237060538,0.7200002670288077,-0.07000017166137695,-0.2400002479553196,-0.7100000381469753,0.4900002479553223,0.2199997901916504,0.2899999618530273,0.25999975204467685,0.0,7.0,4.0,02-03,0.14749999841054234
11-21,0.2399997711181641,-0.1199998855590847,0.8299999237060538,0.7300000190734863,-0.1399998664855957,-0.2599997520446804,-0.7699999809265163,0.4900002479553223,0.25,0.2800002098083496,0.19000005722045632,0.0,7.0,4.0,02-04,0.14333339532216294
11-22,0.2899999618530265,-0.1199998855590847,0.8499999046325675,0.7300000190734863,-0.20000028610229406,-0.17999982833862216,-0.6999998092651394,0.4299998283386231,0.21999979019165306,0.3000001907348633,0.26000022888183416,0.0,7.0,4.0,02-05,0.15666667620340946
11-23,0.2899999618530265,-0.07999992370605469,1.010000228881836,0.690000057220459,-0.09999990463256747,-0.1599998474121085,-0.6999998092651394,0.4600000381469727,-0.029999732971190518,0.25,0.31999969482421786,0.0,6.0,5.0,02-06,0.1625000635782876
11-24,0.3000001907348624,-0.21000003814697266,1.119999885559082,0.8099999427795392,-0.11999988555908205,-0.1599998474121085,-0.7399997711181632,0.2800002098083496,-0.3099999427795401,0.2400002479553223,0.33999967575073153,0.0,6.0,5.0,02-07,0.12916672229766835
11-25,0.059999942779541016,-0.15000009536743253,1.1099996566772459,0.7600002288818349,-0.11999988555908205,-0.1999998092651376,-0.6399998664855984,0.26000022888183594,-0.059999942779541016,0.2800002098083496,0.33999967575073153,0.0,6.0,5.0,02-08,0.13666669527689565
11-26,0.0,-0.19000005722045987,1.0899996757507324,0.7600002288818349,-0.1399998664855957,-0.1999998092651376,-0.7899999618530273,0.3499999046325684,-0.049999713897705966,0.2800002098083496,0.2899999618530265,0.0,5.0,6.0,02-09,0.11666671435038213
11-27,-0.01000022888183416,-0.13999986648559834,1.1699995994567882,0.7300000190734846,-0.1800003051757848,-0.2400002479553223,-0.9700002670288086,0.4200000762939453,-0.049999713897705966,0.2899999618530273,0.23000001907348636,0.0,5.0,6.0,02-10,0.10416658719380643
11-28,-0.019999980926512784,-0.17000007629394798,1.1699995994567882,0.6700000762939462,-0.1400003433227539,-0.20000028610229487,-1.079999923706055,0.4200000762939453,-0.06999969482421964,0.12999963760376065,0.2199997901916504,0.0,5.0,6.0,02-11,0.07749990622202556
11-29,-0.03999996185302823,-0.17000007629394798,1.2199997901916513,0.6800003051757795,-0.09999990463256836,-0.15999984741211026,-1.119999885559082,0.4200000762939453,-0.1799998283386257,0.09999990463256747,0.32000017166137784,0.0,5.0,6.0,02-12,0.08083339532216323
11-30,-0.03999996185302823,-0.05000019073486328,1.0199999809265137,0.5800004005432121,-0.039999961853027344,-0.19999980926513672,-1.119999885559082,0.4499998092651367,-0.31999969482421964,0.23000001907348636,0.33000040054321195,0.0,5.0,6.0,02-13,0.07000009218851695
12-01,-0.1100001335144052,-0.2800002098083469,0.869999885559082,0.5900001525878915,-0.04999971389770419,-0.19999980926513672,-1.1799998283386222,0.5499997138977051,-0.36000013351440163,0.1700000762939453,0.3700003623962429,0.0,5.0,6.0,02-14,0.03083336353302084
12-02,-0.16000032424927113,-0.2899999618530273,0.8499999046325709,0.6400003433227557,-0.04999971389770419,-0.17999982833862305,-1.1500000953674323,0.5700001716613771,-0.26000022888183505,0.15999984741210938,0.3700003623962429,0.0,5.0,6.0,02-15,0.04166670640309689
12-03,-0.08000040054321378,-0.309999942779541,0.8200001716613796,0.6400003433227557,0.019999980926515448,-0.15999984741210938,-1.2000002861022931,0.5099997520446804,-0.15999984741211026,0.15999984741210938,0.36000013351440696,0.0,6.0,5.0,02-16,0.049999992052714985
12-04,-0.09999990463256836,-0.3800001144409189,0.8800001144409189,0.6900000572204599,0.0599999427795419,-0.0799999237060538,-1.2100000381469735,0.5099997520446804,-0.15999984741211026,0.25,0.3299999237060573,0.0,6.0,5.0,02-17,0.06583333015441946
12-05,-0.039999961853030896,-0.3200001716613769,0.8800001144409189,0.6800003051757795,0.059999942779541016,-0.07999992370605735,-1.0900001525878933,0.5099997520446804,-0.169999599456788,0.1699995994567871,0.4200000762939462,0.0,6.0,5.0,02-18,0.08499999841054222
12-06,0.029999732971188738,-0.3200001716613769,0.8899998664855966,0.7800002098083505,0.04999971389770508,-0.1100001335144043,-1.0000000000000009,0.5199999809265163,-0.169999599456788,0.1899995803833008,0.4800000190734863,0.0,7.0,4.0,02-19,0.11166659990946452
12-07,0.029999732971188738,-0.3000001907348633,0.8099999427795401,0.7699999809265137,0.09000015258789062,-0.05999994277954013,-1.0000000000000009,0.4400000572204617,-0.13000011444091794,0.1899995803833008,0.4699997901916504,0.0,7.0,4.0,02-20,0.10916658242543532
12-08,0.1099996566772461,-0.2200002670288086,0.9700002670288086,0.6999998092651367,0.030000209808349613,-0.05999994277954013,-0.96000003814697,0.42999982833862216,-0.03999996185302912,0.3800001144409171,0.4000000953674317,0.0,7.0,4.0,02-21,0.14499998092651367
12-09,0.029999732971191406,-0.1999998092651376,1.010000228881836,0.6999998092651367,0.030000209808349613,0.010000228881836827,-0.9300003051757804,0.4099998474121094,-0.20999956130981445,0.2899999618530273,0.4000000953674317,0.0,8.0,3.0,02-22,0.12833336989084887
12-10,0.0,-0.06999969482421964,1.009999752044676,0.6999998092651367,0.09000015258789151,0.030000209808349613,-0.8299999237060556,0.3100004196166992,-0.20999956130981445,0.2899999618530273,0.4700002670288077,0.0,7.0,4.0,02-23,0.14916678269704153
12-11,0.019999980926512784,-0.19000005722045987,1.0999999046325666,0.5999999046325684,0.2100000381469691,0.1100001335144043,-0.8099999427795419,0.3000001907348633,-0.20999956130981445,0.30000019073486417,0.4800000190734837,0.0,8.0,3.0,02-24,0.159166733423868
12-12,-0.009999752044677734,-0.24000024795532404,1.0999999046325666,0.6400003433227557,0.17000007629394798,0.18000030517578125,-0.690000057220459,0.3000001907348633,-0.2699999809265137,0.2699999809265137,0.4400000572204599,0.0,7.0,4.0,02-25,0.1575000683466595
12-13,0.019999980926513672,-0.24000024795532404,1.1500000953674316,0.690000057220459,0.16000032424926405,0.2999997138977051,-0.6700000762939444,0.2699999809265137,-0.2999997138977051,0.3499999046325684,0.34999990463256925,0.0,8.0,3.0,02-26,0.17333332697550427
12-14,0.019999980926513672,-0.1800003051757848,1.2599997520446775,0.4699997901916513,0.19000005722045987,0.329999923706052,-0.6700000762939444,0.3600001335144043,-0.25,0.31999969482421875,0.09999990463256836,0.0,8.0,3.0,02-27,0.16249990463256805
12-15,0.09000015258789062,-0.22000026702880326,1.170000076293945,0.4800000190734863,0.2199997901916504,0.329999923706052,-0.7400002479553214,0.4600000381469718,-0.3000001907348633,0.5100002288818359,0.09999990463256836,0.0,8.0,3.0,02-28,0.1749999523162844
12-16,0.060000419616699226,-0.2200002670288104,1.239999771118164,0.559999942779541,0.2199997901916504,0.4400000572204563,-0.7600002288818359,0.4899997711181632,-0.4099998474121094,0.4500002861022958,0.09999990463256836,0.0,8.0,3.0,03-01,0.18083329995473188
12-17,0.19999980926513672,-0.12999963760376246,1.320000171661377,0.559999942779541,0.23000001907348636,0.3900003433227539,-0.7300000190734863,0.4400000572204581,-0.3299999237060573,0.4500002861022958,0.1100001335144043,0.0,8.0,3.0,03-02,0.20916676521301225
12-18,0.26000022888183594,-0.2000002861022958,1.320000171661377,0.6300001144409171,0.16000032424926758,0.3400001525878906,-0.6700000762939453,0.4800000190734872,-0.3299999237060573,0.4200000762939462,-0.2899999618530247,0.0,7.0,4.0,03-03,0.1766667366027832
12-19,0.36000013351440163,-0.16000032424926758,1.320000171661377,0.6799998283386257,0.21000003814697174,0.4000000953674317,-0.5399999618530273,0.4800000190734872,-0.29999971389770685,0.4600000381469736,-0.599999904632571,0.0,7.0,4.0,03-04,0.192500034968058
12-20,0.380000114440918,-0.16000032424926758,1.200000286102295,0.619999885559082,0.08999967575073242,0.3499999046325657,-0.4800000190734863,0.5399999618530291,-0.2800002098083505,0.6399998664855948,-0.26999998092651545,0.0,7.0,4.0,03-05,0.21916659673054972
12-21,0.380000114440918,-0.15000009536743164,1.3600001335144016,0.6700000762939453,0.07999992370605202,0.2999997138977051,-0.4800000190734863,0.4499998092651367,-0.3499999046325657,0.8200001716613778,-0.36000013351440163,0.0,7.0,4.0,03-06,0.2266666491826376
12-22,0.4300003051757804,-0.21000003814697174,1.3000001907348642,0.7600002288818333,0.05999994277953924,0.2999997138977051,-0.5400004386901855,0.490000247955324,-0.4099998474121085,0.8200001716613771,-0.1700000762939453,0.0,7.0,4.0,03-07,0.23583336671193436
12-23,0.1800003051757848,-0.15000009536743253,1.2799997329711914,0.8200001716613771,0.05999994277953924,0.25,-0.6200003623962376,0.4600000381469718,-0.3599996566772461,0.8000001907348633,-0.1700000762939453,0.0,7.0,4.0,03-08,0.21250001589457213
12-24,0.13000011444091794,-0.25,1.1499996185302723,0.8200001716613771,0.01000022888183416,0.3399996757507289,-0.5599999427795384,0.4100003242492685,-0.3599996566772461,0.8000001907348633,-0.19000005722045896,0.0,7.0,4.0,03-09,0.19166672229766826
12-26,0.3400001525878906,-0.1599998474121085,1.1599998474121094,0.8099999427795401,-0.05999994277954013,0.11999988555908205,-0.5099997520446777,0.35000038146972745,-0.3599996566772461,0.7199997901916504,-0.3200001716613761,0.0,6.0,5.0,03-11,0.17416671911875428
12-27,0.4200000762939453,-0.1599998474121085,1.1599998474121094,0.7599997520446777,-0.11999988555908205,-0.019999980926513672,-0.4800000190734863,0.35000038146972745,-0.3099999427795437,0.7600002288818359,-0.8200001716613761,0.0,5.0,6.0,03-12,0.1283333698908488
12-28,0.4200000762939453,-0.13000011444091886,1.3000001907348642,0.8499999046325675,-0.05999994277953924,0.0,-0.4800000190734863,0.2800002098083496,-0.22000026702881129,0.8200001716613761,-0.7300000190734863,0.0,5.0,6.0,03-13,0.17083334922790505
12-29,0.3299999237060547,-0.08000040054321378,1.300000190734866,0.7099995613098145,-0.039999961853030896,0.0,-0.4800000190734863,0.3499999046325666,-0.33999967575073153,0.8499999046325684,-1.2200002670288086,0.0,5.0,6.0,03-14,0.11499993006388325
12-30,0.21000003814697266,-0.13000011444091708,1.239999771118164,0.7699999809265119,-0.039999961853030896,-0.11999988555908205,-0.4899997711181641,0.380000114440918,-0.3899998664855948,0.860000133514407,-1.2200002670288086,0.0,5.0,6.0,03-15,0.08916668097178132
12-31,0.2699999809265137,-0.21000003814697527,1.2600002288818368,0.7699999809265119,-0.07999992370605735,-0.4700002670288086,-0.3899998664855957,0.3299999237060547,-0.369999885559082,0.860000133514407,-1.2400002479553225,0.0,5.0,6.0,03-16,0.06083333492279022
