,2009,2010,2011,2012,2013,2014,2015,2016,2017,2018,2019,2020,ups,downs,end_day_sum,avg
01-02,0.0,1.1500000953674308,0.9800000190734864,0.08999967575073065,0.2399997711181641,-0.7900002002716051,-1.4500000476837172,-0.09000003337860107,-0.2000000476837165,0.5099999904632568,0.5400000810623173,-0.8399999737739563,6.0,5.0,03-17,0.011666610836982486
01-03,0.0,1.1500000953674308,0.9800000190734864,0.08999967575073065,0.22999978065490725,-0.6300001144409171,-1.4400000572204594,-0.12000006437301625,-0.2000000476837165,0.5399999618530269,0.5300000905990605,-0.9499999880790709,6.0,5.0,03-18,0.014999945958455163
01-04,0.0,1.1500000953674308,0.9600000381469728,-0.059999942779541016,0.08999967575073152,-0.559999942779541,-1.480000019073486,-0.12000006437301625,-0.20999991893768266,0.5700001716613765,0.45000004768371626,-0.9499999880790709,5.0,6.0,03-19,-0.013333320617675856
01-05,0.0,1.1300001144409189,1.2799997329711914,0.1599998474121076,0.13000011444091794,-0.6099998950958252,-1.480000019073486,-0.0999999642372128,-0.16999995708465576,0.6000001430511475,0.4800001382827759,-0.9900000095367432,6.0,5.0,03-20,0.035833353797594704
01-06,0.0,0.9000000953674316,1.1500000953674316,0.16999959945678622,0.1700000762939453,-0.6099998950958252,-1.40000009536743,0.029999971389770508,-0.18000006675720215,0.5399999618530273,0.4600001573562626,-0.9900000095367432,7.0,4.0,03-21,0.019999990860621247
01-07,0.0,0.8600001335144043,1.1300001144409189,0.019999980926515448,0.1700000762939453,-0.5699999332427979,-1.2999999523162835,0.05000007152557373,-0.2400000095367432,0.6100001335144043,0.4600001573562626,-0.9700000286102296,7.0,4.0,03-22,0.0183333953221642
01-08,0.0,0.6799998283386229,1.309999942779541,0.26999998092651545,0.19000005722045896,-0.5599999427795419,-1.4100000858306885,0.11000001430511497,-0.25999999046325684,0.6100001335144043,0.4700001478195195,-0.8600000739097595,7.0,4.0,03-23,0.04583333432674421
01-09,0.0,0.6999998092651367,1.3000001907348633,0.26999998092651545,0.07999992370605558,-0.30000019073486506,-1.1900000572204594,0.16999995708465576,-0.25999999046325684,0.5600001811981201,0.36000013351440474,-0.8799999356269836,7.0,4.0,03-24,0.06750000019868223
01-10,0.0,0.6399998664855957,1.3000001907348633,0.1900000572204608,-0.09999990463256836,-0.3899998664855966,-1.2000000476837158,0.16999995708465576,-0.2999999523162837,0.5099999904632568,0.2999999523162842,-0.9699999690055848,6.0,5.0,03-25,0.012500022848447256
01-11,0.0,0.6399998664855957,1.1500000953674323,0.06999969482421786,-0.2800002098083496,-0.4700000286102286,-1.1900000572204594,0.16999995708465576,-0.3400000333786011,0.5399999618530273,0.3299999237060547,-0.929999977350235,6.0,5.0,03-26,-0.025833400587240814
01-12,0.0,0.7200002670288086,1.0999999046325692,-0.2300000190734872,-0.3499999046325684,-0.4500000476837149,-1.1900000572204594,0.16999995708465576,-0.3799999952316284,0.4800000190734863,0.369999885559082,-0.85999995470047,5.0,6.0,03-27,-0.0516666620969772
01-13,0.0,0.6500000953674316,1.0000000000000009,-0.039999961853027344,-0.3499999046325684,-0.4500000476837149,-1.3100001811981206,0.13000005483627342,-0.36000001430511475,0.4700000286102295,0.3299999237060547,-0.85999995470047,5.0,6.0,03-28,-0.06583333015441882
01-14,0.0,0.4399995803833008,1.0,-0.010000228881836827,-0.3499999046325684,-0.4199998378753671,-1.2599999904632564,0.1499999165534972,-0.5100001096725464,0.4700000286102295,0.3299999237060547,-0.8399999737739563,5.0,6.0,03-29,-0.08333338300387076
01-15,0.0,0.4800000190734863,0.7200002670288086,-0.1700000762939453,-0.2899999618530265,-0.4199998378753671,-0.6300001144409175,0.20000004768371585,-0.4800001382827759,0.4700000286102295,0.3400000333786011,-0.8100000023841858,5.0,6.0,03-30,-0.04916664461294806
01-16,0.0,0.6599998474121094,0.7800002098083496,-0.1700000762939453,-0.17000007629394442,-0.09999990463256836,-0.5299999713897714,0.1900000572204588,-0.4800001382827759,0.4700000286102295,0.3400000333786011,-0.5099999308586118,5.0,6.0,03-31,0.040000006556510925
01-17,0.0,0.6599998474121094,0.7800002098083496,-0.1700000762939453,-0.1900000572204581,-0.04999995231628418,-0.4200000762939449,0.21000003814697266,-0.4800001382827759,0.3900001049041748,0.3000000715255737,-0.4600000381469727,5.0,6.0,04-01,0.04749999443689993
01-18,0.0,0.6599998474121094,0.7800002098083496,-0.13999986648559393,-0.25,0.19999980926513672,-0.4200000762939449,0.21000003814697266,-0.3500000238418579,0.3900001049041748,0.3999999761581421,-0.549999952316284,6.0,5.0,04-02,0.07750000556310037
01-19,0.0,0.6599998474121094,1.6100001335144016,-0.29000043869018644,-0.3099999427795401,0.25,-0.4200000762939449,0.21000003814697266,-0.3899999856948857,0.2999999523162846,0.40999996662139937,-0.5799999535083769,6.0,5.0,04-03,0.12083329508701947
01-20,0.0,0.6800003051757812,1.5,-0.10999965667724698,-0.3299999237060538,0.25,-0.4200000762939449,0.18999999761581432,-0.43999993801116943,0.2799999713897705,0.4599999189376831,-0.5799999535083769,6.0,5.0,04-04,0.12333338707685475
01-21,0.0,0.869999885559082,1.639999866485594,-0.1900000572204572,-0.3299999237060538,0.25,-0.3000001907348633,0.25999999046325684,-0.33000004291534424,0.23000001907348636,0.4599999189376831,-0.5799999535083769,6.0,5.0,04-05,0.16499995936950054
01-22,0.0,0.7099995613098145,1.650000095367429,-0.1900000572204572,-0.3299999237060538,0.2100000381469722,-0.3200001716613769,0.1899999380111692,-0.3200000524520874,0.23000001907348636,0.4599999189376831,-0.6100000441074371,6.0,5.0,04-06,0.13999994347492847
01-23,0.0,0.7300000190734899,1.7699999809265137,-0.1900000572204572,-0.32999992370605513,0.20000004768371585,-0.3700001239776616,0.24000006914138794,-0.3200000524520874,0.2799999713897705,0.4499999284744269,-0.60999995470047,6.0,5.0,04-07,0.15416665871938115
01-24,0.0,0.6400003433227548,1.7699999809265137,-0.36999988555908025,-0.25,0.2400000095367432,-0.2400000095367432,0.24000006914138794,-0.36000001430511475,0.35000014305114746,0.5399999618530273,-0.5499999821186066,6.0,5.0,04-08,0.1675000513593358
01-25,0.0,0.6400003433227548,1.6300001144409182,-0.5500001907348642,-0.06000018119812101,0.2599999904632555,-0.23000001907348636,0.24000006914138794,-0.37000000476837136,0.4000000953674317,0.4599999189376831,-0.5399999916553497,6.0,5.0,04-09,0.15666667868693654
01-26,0.0,0.5700001716613771,1.3900003433227541,-0.5800004005432129,-0.009999752044677734,0.230000019073485,-0.23000001907348636,0.23000001907348636,-0.37000000476837136,-0.08000016212463333,0.4799998998641968,-0.5399999916553497,5.0,6.0,04-10,0.09083334356546396
01-27,0.0,0.7300000190734863,1.5399999618530271,-0.5500001907348624,-0.01999998092651456,0.230000019073485,-0.19999980926513672,0.22999995946884155,-0.25999999046325684,-0.039999961853027344,0.4799998998641968,-0.5399999916553497,5.0,6.0,04-11,0.1333333278695741
01-28,0.0,0.5899996757507333,1.5999999046325684,-0.440000057220459,-0.01999998092651456,0.10999989509582477,-0.2400000095367432,0.2899999618530271,-0.11000001430511497,-0.009999990463256392,0.4799998998641968,-0.5499999821186066,5.0,6.0,04-12,0.14166660855213795
01-29,0.0,0.75,1.3499999046325684,-0.4500002861022949,-0.07999992370605558,0.07000017166137651,-0.25,0.3400000333786011,-0.11000001430511497,-0.009999990463256392,0.4899998903274536,-0.5299999713897705,5.0,6.0,04-13,0.13083331783612562
01-30,0.0,0.559999942779541,1.4600000381469729,-0.4500002861022949,0.02999973297118963,0.04000020027160689,-0.2400000095367427,0.35999995470047,-0.11000001430511497,0.11000013351440474,0.4899998903274541,-0.5399999618530271,7.0,4.0,04-14,0.1424999684095383
01-31,0.0,0.5,1.4600000381469729,-0.5799999237060556,-0.019999980926513672,0.10000014305114746,-0.2999999523162833,0.36999994516372703,-0.11000001430511497,0.08000016212463379,0.4699999094009402,-0.5399999916553497,6.0,5.0,04-15,0.11916669458150865
02-01,0.0,0.5,1.3600001335144043,-0.7899999618530273,-0.19000005722045896,0.12000012397766112,-0.2300000190734859,0.36999994516372703,-0.2799999713897705,0.15000009536743164,0.3999999761581421,-0.5399999916553497,6.0,5.0,04-16,0.07250002274910615
02-02,0.0,0.19000005722045896,1.280000209808347,-0.740000247955324,-0.13000011444091794,0.12000012397766112,-0.2300000190734859,0.419999957084656,-0.2699999809265137,0.25,0.450000047683716,-0.5499999821186066,6.0,5.0,04-17,0.06583333760499925
02-03,0.0,0.15999984741210938,1.1399998664855948,-0.8299999237060556,-0.25,0.12000012397766112,-0.3399999141693124,0.5199999809265137,-0.2400000095367432,0.4600000381469718,0.450000047683716,-0.5499999821186066,6.0,5.0,04-18,0.05333333959182076
02-04,0.0,0.2899999618530273,0.6199998855590829,-0.5000000000000009,-0.25,0.08999991416931152,-0.20000004768371493,0.6799999475479126,-0.23000001907348636,0.6100001335144034,0.450000047683716,-0.6899999678134922,6.0,5.0,04-19,0.07249998797972998
02-05,0.0,0.19999980926513672,0.7199997901916486,-0.5499997138977051,-0.3299999237060556,0.0,-0.2699999809265137,0.7099999785423279,-0.21000003814697266,0.6100001335144034,0.450000047683716,-0.699999988079071,5.0,6.0,04-20,0.052500009536742887
02-06,0.0,0.5500001907348633,0.7199997901916486,-0.5499997138977051,-0.3600001335144034,-0.14999985694885298,-0.25,0.7400000691413879,-0.21000003814697266,0.6100001335144034,0.41999995708465576,-0.6599999964237213,5.0,6.0,04-21,0.07166670014460863
02-07,0.0,0.4700002670288086,0.7199997901916486,-0.6999998092651376,-0.3499999046325675,-0.11999988555908248,-0.20000004768371624,0.8499999642372131,-0.2200000286102295,0.5099999904632568,0.3299999237060547,-0.7199999690055849,5.0,6.0,04-22,0.04750002423922197
02-08,0.0,0.4700002670288086,0.7199997901916486,-0.5999999046325684,-0.3400001525878897,-0.1099998950958252,-0.2799999713897701,0.8499999642372131,-0.2799999713897705,0.6200001239776611,0.3799999952316284,-0.699999988079071,5.0,6.0,04-23,0.06083335479100541
02-09,0.0,0.380000114440918,0.8400001525878897,-0.7200002670288086,-0.24000024795532185,-0.1099998950958252,-0.2799999713897701,0.8499999642372131,-0.25999999046325684,0.6299998760223389,0.4499999284744263,-0.699999988079071,5.0,6.0,04-24,0.0699999729792277
02-10,0.0,0.3499999046325684,0.9800000190734864,-0.7899999618530265,-0.23000025749206496,-0.1099998950958252,-0.2599999904632564,0.8100000023841858,-0.3099999427795408,0.5699999332427979,0.5300000905990596,-0.699999988079071,5.0,6.0,04-25,0.06999999284744275
02-11,0.0,-0.019999980926513672,1.0900001525878906,-0.8399996757507333,-0.23000025749206496,-0.14999985694885298,-0.2899999618530265,0.8699999451637268,-0.2999999523162842,0.559999942779541,0.5300000905990596,-0.6800000071525574,4.0,7.0,04-26,0.045000036557515416
02-12,0.0,0.07999992370605558,1.3499999046325684,-0.8399996757507333,-0.2599999904632564,-0.11999988555908205,-0.16000008583068892,0.9100000262260436,-0.2899999618530273,0.559999942779541,0.5900000333786009,-0.7800000309944155,5.0,6.0,04-27,0.08666668335596718
02-13,0.0,-0.21000003814697266,1.2300000190734846,-0.8399996757507333,-0.2499997615814218,0.3299999237060547,-0.12000012397766067,1.1100000143051147,-0.2899999618530273,0.5799999237060547,0.2999999523162844,-0.8800000548362732,5.0,6.0,04-28,0.08000001808007534
02-14,0.0,-0.06999969482421875,1.2300000190734846,-0.7699999809265146,-0.2499997615814218,0.4000000953674317,-0.12000012397766112,1.2200000286102295,-0.25999999046325684,0.4499998092651367,-0.1499999761581423,-0.8399999737739563,4.0,7.0,04-29,0.07000003755092589
02-15,0.0,-0.06999969482421875,1.1900000572204579,-0.6700000762939462,-0.1900000572204585,0.5499999523162842,-0.07000017166137695,1.2200000286102295,-0.309999942779541,0.15999984741210982,-0.20000004768371585,-0.7299999594688416,4.0,7.0,04-30,0.07333332796891523
02-16,0.0,-0.06999969482421875,0.9600000381469682,-0.309999942779541,-0.1599998474121107,0.7100002765655526,-0.07000017166137695,1.2200000286102295,-0.2899999618530273,0.12999987602233887,-0.31999993324279785,-0.6799999475479126,4.0,7.0,05-01,0.09333339333534199
02-17,0.0,0.2599997520446777,0.7599997520446742,-0.4399995803832999,-0.1399998664855966,0.7100002765655526,-0.07000017166137695,1.1799999475479126,-0.4500000476837158,-0.06999993324279785,-0.3399999141693115,-0.6799999475479126,4.0,7.0,05-02,0.0600000222524005
02-18,0.0,0.11000013351440607,0.7599997520446768,-0.3899998664855957,-0.1399998664855966,0.7100002765655526,-0.07000017166137695,0.8100000023841857,-0.3300000429153445,-0.06999993324279785,-0.3399999141693115,-0.6799999475479126,4.0,7.0,05-03,0.030833368500073805
02-19,0.0,0.029999732971191406,0.8600001335144043,-0.3899998664855957,-0.1399998664855966,0.5299999713897705,-0.029999971389770508,0.8000000119209288,-0.370000004768372,-0.06999993324279785,-0.3399999141693115,-0.6299999952316284,4.0,7.0,05-04,0.020833358168601882
02-20,0.0,-0.1399998664855957,0.75,-0.3899998664855957,-0.1100001335144052,0.5099999904632568,0.019999980926513672,0.7699999809265139,-0.370000004768372,-0.06999993324279785,-0.3500000238418577,-0.6000000238418579,4.0,7.0,05-05,0.0016666750113168614
02-21,0.0,-0.2799997329711914,0.75,-0.3899998664855957,0.1800000667572017,0.5299999713897705,0.06999993324279785,0.8400000333786013,-0.370000004768372,0.059999942779541016,-0.3699998855590816,-0.5,6.0,5.0,05-06,0.04333337148030597
02-22,0.0,-0.2799997329711914,0.75,-0.4800000190734872,0.25999975204467685,0.4900000095367432,0.059999942779541016,0.8400000333786013,-0.39999997615814187,0.19000005722045765,-0.4000000953674321,-0.4499999880790712,6.0,5.0,05-07,0.04833333194255802
02-23,0.0,-0.059999942779541016,0.8600001335144034,-0.75,0.2899997234344478,0.5099999904632568,0.059999942779541016,0.8500000238418579,-0.36000001430511497,0.20999979972839355,-0.4700001478195195,-0.4300000071525575,6.0,5.0,05-08,0.0591666251420973
02-24,0.0,-0.3899998664855957,0.6800003051757795,-0.8299999237060529,0.3199999332427974,0.5099999904632568,-0.05999994277954057,0.9499999880790712,-0.2999999523162844,0.009999990463258168,-0.45000004768371626,-0.4300000071525575,5.0,6.0,05-09,0.0008333722750346327
02-25,0.0,-0.7300000190734863,0.9099998474121104,-0.800000190734866,0.3199999332427974,0.4500000476837158,-0.12000012397766158,1.0199999213218691,-0.2400000095367432,0.03999996185302868,-0.45000004768371626,-0.4200000166893003,5.0,6.0,05-10,-0.0016667246818543404
02-26,0.0,-0.2999997138977051,0.7999997138977051,-0.9600000381469744,0.2799999713897705,0.5399999618530278,-0.05999994277954057,0.9900000095367434,-0.2799999713897705,0.03999996185302868,-0.3999998569488525,-0.44999998807907104,5.0,6.0,05-11,0.016666675607363443
02-27,0.0,-0.5399999618530291,0.5899996757507315,-0.9600000381469744,0.5099997520446777,0.4900000095367432,0.019999980926513228,0.9399999976158144,-0.2799999713897705,0.03999996185302868,-0.3799999952316284,-0.3799999952316284,6.0,5.0,05-12,0.004166617989539828
02-28,0.0,-0.3299999237060556,0.5899996757507315,-1.0699996948242188,0.6599998474121085,0.4800000190734868,0.10000014305114746,0.9799999594688418,-0.2599999904632566,0.08999991416931152,-0.50000011920929,-0.2699999809265137,6.0,5.0,05-13,0.039166654149691095
02-29,0.0,0.0,0.0,-1.130000114440918,0.0,0.0,0.0,0.9799999594688418,0.0,0.0,0.0,-0.3499999642372131,1.0,2.0,05-14,-0.04166667660077411
03-01,0.0,-0.3299999237060556,0.6599998474121094,-0.4099998474121094,0.5100002288818368,0.4800000190734863,0.09000015258789062,0.9899999499320988,-0.18000006675720193,0.12999987602233887,-0.6299999952316284,-0.3699999749660492,6.0,5.0,05-15,0.07833335548639303
03-02,0.0,-0.4099998474121094,0.2600002288818377,-0.4900000095367436,0.4999999999999982,0.5299999713897705,0.09000015258789062,1.0199999213218691,-0.2300000190734865,0.15000009536743164,-0.6400001049041748,-0.3699999749660492,6.0,5.0,05-16,0.03416670113801954
03-03,0.0,-0.4099998474121094,0.23000001907348636,-0.4900000095367432,0.4199995994567853,0.5299999713897705,0.09000015258789062,0.8700000047683716,-0.23000001907348636,0.2200000286102304,-0.690000057220459,-0.3699999749660492,6.0,5.0,05-17,0.01416665563980731
03-04,0.0,-0.5499997138977051,0.3200001716613769,-0.4900000095367432,0.4199995994567853,0.5799999237060547,0.25,0.7699999809265139,-0.19000005722045965,0.25,-0.690000057220459,-0.3299999833106994,6.0,5.0,05-18,0.02833332121372203
03-05,0.0,-1.0,0.5,-0.4900000095367432,0.4599997997283936,0.29999995231628285,0.1900000572204585,0.7000000476837158,-0.22000002861023016,0.25,-0.7000000476837158,-0.2900000214576721,6.0,5.0,05-19,-0.02500002086162588
03-06,0.0,-0.9900002479553224,0.489999771118165,-0.25999999046325684,0.6299998760223384,0.32999992370605336,0.3299999237060547,0.6800000667572021,-0.22000002861023016,0.3799998760223393,-0.50000011920929,-0.2899999916553497,6.0,5.0,05-20,0.048333254953225324
03-07,0.0,-1.200000286102295,0.489999771118165,-0.2500002384185782,0.5699999332427979,0.3000001907348633,0.13000011444091752,0.6800000667572021,-0.12999999523162842,0.4399998188018803,-0.4899998903274532,-0.1899999976158142,6.0,5.0,05-21,0.02916662395000476
03-08,0.0,-1.200000286102295,0.5099997520446786,-0.5399997234344478,0.5299999713897705,0.1799998283386235,0.06999993324279741,0.7599999904632567,-0.08999991416931152,0.4099998474121094,-0.50000011920929,-0.18000000715255735,6.0,5.0,05-22,-0.004166727264722114
03-09,0.0,-0.9800000190734864,0.5099997520446786,-0.5399997234344478,0.4700000286102295,0.10999989509582696,0.06999993324279741,0.7000000476837158,0.0,0.440000057220459,-0.5000001192092896,-0.18000000715255735,6.0,5.0,05-23,0.008333320418993853
03-10,0.0,-1.1899995803833008,0.6100001335144016,-0.4199998378753662,0.4500000476837158,0.10999989509582696,0.1199998855590816,0.7100000381469727,-0.0699999332427983,0.4499998092651367,-0.5500000715255737,-0.18000000715255735,6.0,5.0,05-24,0.003333364923794916
03-11,0.0,-1.0500001907348633,0.7199997901916504,-0.3799998760223384,0.4500000476837158,0.14999985694885387,0.05999994277954057,0.6599999666213989,0.009999990463256836,0.4099998474121094,-0.5500000715255737,-0.12000000476837157,7.0,4.0,05-25,0.02999994158744823
03-12,0.0,-1.0599999427795408,0.4200000762939453,-0.3799998760223384,0.3200001716613769,0.19000005722046032,0.04999995231628418,0.7200000286102294,0.009999990463256836,0.4099998474121094,-0.5400000810623169,-0.029999971389770508,7.0,4.0,05-26,0.009166687726974636
03-13,0.0,-1.260000228881836,0.5199999809265137,-0.3399999141693102,0.3099999427795419,0.0,0.059999942779541016,0.7200000286102294,0.009999990463256836,0.43000006675720215,-0.5900000333786011,-0.1600000262260437,6.0,5.0,05-27,-0.025000020861625488
03-14,0.0,-1.0300002098083496,0.5199999809265137,-0.35999989509582475,0.2699999809265137,-0.10999989509582564,-0.06999993324279785,0.7200000286102294,0.05999994277954124,0.4099998474121094,-0.5800000429153447,-0.04000002145767212,5.0,6.0,05-28,-0.01750001808007561
03-15,0.0,-1.0300002098083496,0.7100000381469727,-0.2799999713897705,0.3200001716613769,-0.2400000095367432,-0.049999952316283736,0.7100000381469727,0.029999971389770508,0.4600000381469731,-0.5300000905990605,-0.05000001192092896,5.0,6.0,05-29,0.00416666766007745
03-16,0.0,-1.0700001716613772,0.7999997138977051,-0.4300000667572017,0.440000057220459,-0.23000001907348636,-0.049999952316283736,0.7400000691413878,-0.020000100135803226,0.4599997997283936,-0.5500000715255742,-0.05000001192092896,4.0,7.0,05-30,0.0033332705497741977
03-17,0.0,-1.0700001716613772,0.4800000190734863,-0.32999968528747425,0.5399999618530282,-0.23000001907348636,-0.06999993324279696,0.6299999952316284,0.039999961853027344,0.6699998378753667,-0.6000001430511479,-0.03000003099441528,5.0,6.0,05-31,0.002499982714653274
03-18,0.0,-1.0,0.3899998664855957,-0.3499996662139884,0.5399999618530282,-0.25,0.009999990463256392,0.5599999427795412,0.16000008583068825,0.8999998569488525,-0.6000001430511479,0.009999990463256836,7.0,4.0,06-01,0.030833323796590244
03-19,0.0,-1.119999885559082,0.3899998664855948,-0.3499996662139884,0.489999771118165,-0.20000004768371585,0.0,0.4800000190734863,0.16000008583068825,0.8999998569488525,-0.6100001335144043,-0.07999998331069946,5.0,6.0,06-02,0.004999990264574743
03-20,0.0,-1.3199996948242188,0.6399998664855948,-0.2000000476837176,0.440000057220459,-0.20000004768371535,0.009999990463256836,0.5400000810623169,0.16000008583068825,0.9600000381469728,-0.5900001525878911,-0.03000003099441528,6.0,5.0,06-03,0.03416667878627753
03-21,0.0,-1.0399999618530271,0.6399998664855948,-0.5900001525878924,0.4500002861022949,-0.3899998664855957,0.0,0.5400000810623169,0.21000003814697246,0.8199999332427979,-0.5900001525878911,0.06999999284744263,6.0,5.0,06-04,0.010000005364417752
03-22,0.0,-1.0399999618530271,0.6599998474121085,-0.4699997901916495,0.6100001335144034,-0.3599998950958252,0.0,0.5200001001358032,0.2799999713897705,0.8299999237060547,-0.5499999523162842,0.06999999284744263,6.0,5.0,06-05,0.04583336412906639
03-23,0.0,-1.0900001525878906,0.6599998474121094,-0.6099998950958243,0.7699999809265146,-0.3499999046325684,0.0,0.5899999141693115,0.27999997138977073,0.7499999999999996,-0.4900000095367432,0.06999999284744263,6.0,5.0,06-06,0.048333312074343486
03-24,0.0,-1.0300002098083496,0.3499999046325675,-0.7699999809265137,0.880000114440918,-0.3499999046325684,0.019999980926513228,0.6300001144409182,0.3199999332427981,0.7200000286102299,-0.3700000047683716,0.03999999165534973,7.0,4.0,06-07,0.03666666398445762
03-25,0.0,-1.2699999809265146,0.4099998474121085,-0.6700000762939453,0.880000114440918,-0.2999999523162842,-0.07999992370605424,0.610000014305115,0.2900000810623169,0.8099999427795409,-0.3700000047683716,-0.04000002145767212,5.0,6.0,06-08,0.022500003377596445
03-26,0.0,-1.4199995994567869,0.559999942779541,-0.6700000762939453,0.869999885559082,-0.2999999523162842,-0.08000016212463379,0.6399999856948853,0.25999999046325706,0.8099999427795409,-0.4099999666213989,-0.07999998331069946,5.0,6.0,06-09,0.015000000596046469
03-27,0.0,-1.6700000762939444,0.559999942779541,-0.6199998855590811,0.8099999427795409,-0.2200000286102295,0.0,0.6299999952316284,0.25999999046325706,0.8299999237060547,-0.3999999761581421,-0.03000003099441528,5.0,6.0,06-10,0.01249998311201748
03-28,0.0,-1.6700000762939444,0.559999942779541,-0.440000057220459,0.8400001525878906,-0.20000004768371585,0.05999994277954146,0.6299999952316284,0.25999999046325706,0.9199998378753662,-0.31999993324279785,0.03000003099441528,7.0,4.0,06-11,0.05583331485589358
03-29,0.0,-1.6700000762939444,0.6599998474121094,-0.5000002384185809,0.7699999809265137,-0.2400000095367432,0.05999994277954146,0.6399999856948855,0.2300000190734865,0.869999885559082,-0.2800000905990601,0.03000003099441528,7.0,4.0,06-12,0.047499939799308784
03-30,0.0,-1.7799997329711903,0.6700000762939453,-0.5699996948242179,0.75,-0.21000003814697127,0.05999994277954146,0.6200000047683716,0.13999998569488525,0.970000028610229,-0.4099999666213989,0.03000003099441528,7.0,4.0,06-13,0.02250005304813411
03-31,0.0,-1.5600004196166992,-0.3000001907348606,-0.5500001907348624,0.630000114440918,-0.21000003814697127,0.01999998092651412,0.610000014305115,0.16000008583068825,0.970000028610229,-0.3700000047683716,0.05000001192092896,6.0,5.0,06-14,-0.04583338399728098
04-01,0.0,-1.3000001907348633,-0.6299996376037624,-0.4600000381469718,0.630000114440918,-0.3099999427795397,0.009999990463256836,0.6100000143051147,0.2999999523162844,0.9600000381469722,-0.3700000047683716,0.030000001192092837,6.0,5.0,06-15,-0.04416664193073914
04-02,0.0,-0.879999637603758,-0.5899996757507306,-0.4600000381469718,0.5900001525878906,-0.36000013351440296,0.009999990463256836,0.6399999856948855,0.2799999713897705,0.9600000381469722,-0.3600000143051152,0.04999998211860657,6.0,5.0,06-16,-0.009999948243299694
04-03,0.0,-0.8299999237060538,-0.319999694824217,-0.4400000572204608,0.7100000381469727,-0.1199998855590816,0.060000181198120124,0.610000014305115,0.2799999713897705,0.9200000762939452,-0.4299999475479124,0.05000001192092901,6.0,5.0,06-17,0.04083339869976059
04-04,0.0,-0.6799998283386229,-0.319999694824217,-0.3599998950958243,0.7699999809265141,-0.1400001049041748,-0.029999971389770064,0.610000014305115,0.2699999809265137,0.9100000858306884,-0.37999999523162864,0.010000020265579224,5.0,6.0,06-18,0.05500004937251438
04-05,0.0,-0.6799998283386229,-0.329999923706052,-0.22999978065490725,0.8000001907348633,-0.16000008583068848,-0.08999991416931108,0.5699999332427979,0.23000001907348636,0.8099999427795409,-0.2899999618530273,0.020000010728836004,5.0,6.0,06-19,0.05416671683390961
04-06,0.0,-0.8499999046325709,-0.4699997901916504,-0.12999987602233976,0.7099997997283927,-0.21000003814697266,-0.08999991416931108,0.5699999332427979,0.1900000572204588,1.0499999523162842,-0.2999999523162842,0.020000010728836004,5.0,6.0,06-20,0.04083335647980337
04-07,0.0,-0.7600002288818359,-0.1700000762939462,-0.0599999427795419,0.6499998569488525,-0.21000003814697266,-0.13000011444091794,0.6600000858306887,0.3100000619888301,1.0199999809265137,-0.3599998950958252,0.020000010728836004,5.0,6.0,06-21,0.08083330839872344
04-08,0.0,-0.7300000190734863,-0.18000030517578125,-0.10999989509582607,0.6499998569488525,-0.2400000095367432,-0.10000014305114703,0.6700000762939455,0.2699999809265137,1.2100002765655529,-0.3599998950958252,0.0,4.0,7.0,06-22,0.08999999364217133
04-09,0.0,-0.4099998474121094,-0.06999969482421875,-0.10999989509582607,0.5499997138977051,-0.2400000095367432,-0.13000011444091752,0.6000000238418581,0.18999993801116968,1.2100002765655529,-0.3599998950958252,-0.020000010728836004,4.0,7.0,06-23,0.10083337376515082
04-10,0.0,-0.5400004386901855,-0.42999982833862216,-0.10000014305114746,0.3499999046325701,-0.14000010490417436,-0.1400001049041748,0.5900000333786011,0.18999993801116968,1.1100001335144059,-0.3599998950958252,0.0,4.0,7.0,06-24,0.04416662454605145
04-11,0.0,-0.5400004386901855,-0.42999982833862216,-0.1699998378753662,0.19000005722045896,-0.0700001716613774,-0.09000015258789107,0.5900000333786011,0.07999992370605513,1.0499999523162835,-0.339999914169312,0.0,4.0,7.0,06-25,0.022499968608220386
04-12,0.0,-0.5400004386901855,-0.17999982833862216,-0.1499998569488521,0.2200000286102295,-0.1500000953674312,-0.14000010490417525,0.5500000715255737,0.16999995708465598,1.079999923706055,-0.369999885559082,0.020000010728836004,5.0,6.0,06-26,0.04249998182058348
04-13,0.0,-0.440000057220459,-0.5,-0.31999993324279785,0.4699997901916504,-0.18000006675720082,-0.14000010490417525,0.5700000524520872,0.15999996662139915,0.9600000381469728,-0.299999952316284,0.020000010728836004,5.0,6.0,06-27,0.024999978641669043
04-14,0.0,-0.5199999809265137,-0.42000007629394265,-0.2300000190734859,0.4699997901916504,-0.18000006675720082,-0.12000012397766158,0.3999999761581421,0.10000002384185792,0.8599998950958252,-0.33000004291534424,0.020000010728836004,5.0,6.0,06-28,0.004166615506013563
04-15,0.0,-0.5799999237060529,-0.4700002670288086,-0.04999971389770419,0.4699997901916504,-0.2000000476837145,-0.1400001049041748,0.12999999523162842,0.0700000524520874,0.8599998950958252,-0.33000004291534424,0.009999990463256891,5.0,6.0,06-29,-0.01916669805844591
04-16,0.0,-0.379999637603758,0.07000017166137606,-0.04999971389770419,0.4800000190734863,-0.15000009536743164,-0.2999999523162851,0.24000000953674336,0.12000000476837115,0.8599998950958252,-0.31000006198883057,0.03000000119209295,6.0,5.0,06-30,0.05083338667949047
04-17,0.0,-0.75,0.1000003814697248,-0.22999954223632635,0.6399998664855966,-0.1500000953674303,-0.2899999618530273,0.2900000810623171,0.12000000476837115,0.7999999523162842,-0.3399999141693115,0.00999999046325678,6.0,5.0,07-01,0.01666673024495459
04-18,0.0,-0.5500001907348633,0.1000003814697248,-0.2899999618530273,0.7600002288818359,-0.13000011444091752,-0.3799999952316282,0.2900000810623171,0.1399999856948848,0.75,-0.3799999952316284,0.03999999165534979,6.0,5.0,07-02,0.029166700939337306
04-19,0.0,-0.5500001907348633,-0.009999752044678624,-0.19000005722045896,0.7000002861022949,-0.13000011444091752,-0.3799999952316282,0.2699999809265139,0.10000002384185792,0.7699999809265141,-0.3799999952316284,0.03999999165534979,5.0,6.0,07-03,0.020000013212362968
04-20,0.0,-0.8000001907348633,0.0,-0.19999980926513672,0.7400002479553223,-0.13000011444091752,-0.3799999952316282,0.1600000858306887,0.1499999761581421,0.7599999904632573,-0.3799999952316284,0.03999999165534979,5.0,6.0,07-04,-0.0033333177367845016
04-21,0.0,-0.7200002670288086,-0.010000228881836827,-0.1399998664855966,0.6700000762939453,-0.13000011444091752,-0.3799999952316282,0.19000005722045896,0.11000001430511476,0.8300001621246338,-0.4099999666213989,0.049999982118606616,5.0,6.0,07-05,0.004999987781047733
04-22,0.0,-0.7200002670288086,-0.12000036239624112,-0.01999998092651456,0.6700000762939453,-0.1400001049041748,-0.3000000715255744,0.12999999523162864,0.1899999380111688,0.7800002098083496,-0.4099999666213989,0.0899999737739563,5.0,6.0,07-06,0.012499953309694686
04-23,0.0,-0.5900001525878915,-0.14000034332275124,-0.01999998092651456,0.6100001335144039,-0.04999995231628418,-0.26000010967254683,0.08000004291534424,0.13999998569488506,0.7800002098083496,-0.4499999284744263,0.06999999284744263,5.0,6.0,07-07,0.014166658123334232
04-24,0.0,-0.5499997138977051,-0.14000034332275124,0.009999752044678624,0.6000001430511469,0.00999999046325728,-0.2699998617172239,0.029999971389770508,0.13999998569488506,0.7700002193450928,-0.4700000286102288,0.05000001192092901,7.0,4.0,07-08,0.015000010530154269
04-25,0.0,-0.5499997138977051,-0.14000034332275124,0.1399998664855966,0.5499999523162842,-0.05999994277954146,-0.19999992847442627,0.029999971389770508,0.12999999523162842,0.8300001621246338,-0.17999994754791238,0.05000001192092901,6.0,5.0,07-09,0.0500000069538755
04-26,0.0,-0.5499997138977051,-0.329999923706052,-0.009999752044676844,0.5799996852874756,-0.11999988555908205,-0.309999942779541,-0.23000001907348636,0.06999993324279785,0.8200001716613765,-0.07999992370605469,0.030000001192092892,4.0,7.0,07-10,-0.010833280781904596
04-27,0.0,-0.2999997138977051,-0.33999967575073065,-0.2000002861022958,0.5499997138977055,-0.1700000762939453,-0.309999942779541,-0.2899999618530273,0.11999988555908205,0.9600002765655532,-0.12999999523162842,0.030000001192092892,4.0,7.0,07-11,-0.006666647891203341
04-28,0.0,-0.369999885559082,-0.3499999046325666,-0.18000030517578125,0.6700000762939475,-0.1700000762939453,-0.2999999523162842,-0.3799999952316284,0.13999998569488506,1.0,-0.12999999523162842,0.030000001192092892,4.0,7.0,07-12,-0.0033333376049992283
04-29,0.0,-0.7899999618530265,-0.5299997329711887,-0.2800002098083505,0.6700000762939475,-0.2699999809265137,-0.4399999380111692,0.01999998092651345,0.2900000810623167,1.0300002098083496,-0.12999999523162842,-0.020000010728836115,4.0,7.0,07-13,-0.03749995678663216
04-30,0.0,-0.7100000381469744,-0.6099996566772443,-0.2800002098083505,0.6700000762939475,-0.4400002956390385,-0.5099998712539673,0.04999995231628418,0.3200000524520876,1.0300002098083496,-0.10000002384185792,-0.04999998211860657,4.0,7.0,07-14,-0.05249998221794755
05-01,0.0,-0.5599999427795419,-0.6599998474121085,-0.440000057220459,0.7399997711181641,-0.25,-0.2799999713897705,0.039999961853027344,0.3200000524520876,1.130000114440918,-0.059999942779541016,-0.03999999165534968,4.0,7.0,07-15,-0.004999987781047798
05-02,0.0,-0.6399998664855957,-0.6599998474121085,-0.4900000095367436,0.6700000762939462,-0.21000003814697266,-0.41999995708465576,0.039999961853027344,0.24000000953674336,1.1500000953674308,-0.1299999952316282,-0.020000010728836004,4.0,7.0,07-16,-0.039166631797949394
05-03,0.0,-0.6399998664855957,-0.4000000953674317,-0.3299999237060538,0.7800002098083496,-0.16000008583068848,-0.43999993801116943,-0.009999990463256836,0.25999999046325706,1.0200002193450928,-0.0700000524520874,-0.020000010728836004,3.0,8.0,07-17,-0.0008332952857016546
05-04,0.0,-0.5199999809265137,-0.2899999618530273,-0.19999980926513586,0.5599999427795419,-0.1700000762939453,-0.43999993801116943,-0.05999994277954035,0.32999992370605424,0.7800002098083505,-0.009999990463256836,-0.020000010728836004,3.0,8.0,07-18,-0.003333302835623178
05-05,0.0,-0.4299998283386231,-0.3800001144409189,-0.16999983787536666,0.6300001144409189,-0.1700000762939453,-0.4499999284744263,-0.12000000476837205,0.2899999618530273,0.6400001049041748,-0.029999971389770508,-0.030000001192092837,3.0,8.0,07-19,-0.018333298464616208
05-06,0.0,-0.26000022888183594,-0.42000007629394265,-0.12999987602233976,0.6300001144409189,-0.20000004768371585,-0.46999990940094,-0.12999999523162864,0.2899999618530276,0.440000057220459,-0.029999971389770508,-0.0599999725818634,3.0,8.0,07-20,-0.028333328664302607
05-07,0.0,-0.5800004005432138,-0.6100001335144043,-0.12999987602233976,0.5900001525878906,-0.2899999618530273,-0.5599999427795406,-0.07000005245208762,0.3099999427795408,0.440000057220459,0.020000100135803226,-0.010000020265579224,4.0,7.0,07-21,-0.07416667789220825
05-08,0.0,-0.9100003242492684,-0.4700002670288086,-0.08999991416931064,0.5999999046325684,-0.339999914169312,-0.6300001144409184,-0.07000005245208762,0.3099999427795408,0.5499999523162842,-0.08000004291534424,-0.020000010728836115,3.0,8.0,07-22,-0.09583340336879104
05-09,0.0,-0.9100003242492684,-0.4700002670288086,0.11999988555908205,0.35000038146972834,-0.22000002861022905,-0.7100000381469722,-0.07000005245208762,0.2899999618530269,0.5499999523162842,-0.059999942779541016,-0.00999999046325678,4.0,7.0,07-23,-0.09500003854433686
05-10,0.0,-0.9100003242492684,-0.4600000381469736,0.17000007629394487,0.2399997711181632,-0.25,-0.8100000619888301,-0.07000005245208762,0.3499999046325686,0.5,-0.04999995231628418,0.0,4.0,7.0,07-24,-0.1075000564257306
05-11,0.0,-0.8700003623962402,-0.3599996566772461,-0.08000016212463379,0.39999961853027344,-0.2999999523162846,-0.8100000619888301,-0.11000001430511497,0.2699999809265139,0.3700001239776611,0.04999995231628418,0.0,4.0,7.0,07-25,-0.1200000445048014
05-12,0.0,-0.6200003623962402,-0.7200002670288104,0.0,0.2999997138977051,-0.2999999523162846,-0.8300000429153442,-0.1399999856948857,0.3000000715255737,0.4500000476837158,0.059999942779541016,0.00999999046325678,5.0,6.0,07-26,-0.12416673700014773
05-13,0.0,-0.7200002670288086,-0.7699999809265137,-0.049999952316284624,0.2999997138977051,-0.2899999618530273,-0.7900000810623169,-0.05000007152557373,0.2899999618530276,0.4500000476837158,0.059999942779541016,0.009999990463256891,5.0,6.0,07-27,-0.1300000548362732
05-14,0.0,-0.5600004196166992,-0.6799998283386257,-0.049999952316284624,0.31999969482421875,-0.3599998950958252,-0.7799999713897703,0.0,0.3200000524520874,0.4500000476837158,0.08000004291534424,-0.010000020265579224,4.0,7.0,07-28,-0.10583335409561816
05-15,0.0,-0.10999965667724698,-0.6999998092651349,-0.06999993324279785,0.3200001716613769,-0.13999986648559526,-0.7699999809265134,-0.009999990463256836,0.3200000524520874,0.4100000858306872,0.13999998569488525,-0.030000001192092892,4.0,7.0,07-29,-0.05333324521780012
05-16,0.0,-0.10999965667724698,-0.6999998092651349,-0.09999990463256836,0.17999982833862305,-0.19999980926513672,-0.8799998760223389,-0.009999990463256836,0.31000006198883057,0.410000085830688,0.039999961853027344,0.019999980926513672,5.0,6.0,07-30,-0.086666593949
05-17,0.0,-0.10999965667724698,-0.6199998855590803,-0.1399998664855957,0.380000114440918,-0.2200000286102295,-0.7699999809265137,0.04999995231628418,0.3500000238418579,0.4000000953674312,0.12000000476837157,0.019999980926513672,6.0,5.0,07-31,-0.0449999372164408
05-18,0.0,-0.08999967575073331,-1.0,0.029999971389770064,0.4499998092651367,-0.2400000095367432,-0.7699999809265137,0.0599999427795408,0.46999990940094,0.35000014305114696,0.10000002384185792,0.019999980926513672,7.0,4.0,08-01,-0.05166665712992367
05-19,0.0,-0.2199997901916504,-1.0299997329711923,0.029999971389770064,0.440000057220459,-0.2400000095367432,-0.6200001239776607,0.08999991416931152,0.3899999856948857,0.3999998569488525,0.12999999523162842,-0.06000003218650812,6.0,5.0,08-02,-0.057499992350737286
05-20,0.0,-0.04000043869018555,-1.079999923706055,0.08999991416931108,0.440000057220459,-0.2199997901916504,-0.6799998283386226,0.09999990463256836,0.4399999380111697,0.2799999713897709,0.12999999523162842,-0.09000000357627863,6.0,5.0,08-03,-0.052500016987323705
05-21,0.0,-0.2200002670288086,-1.0999999046325677,0.08999991416931108,0.5199999809265137,-0.07999992370605602,-0.7599998712539675,0.10000002384185792,0.5199998617172239,0.2799999713897709,0.09000003337860107,-0.07000002264976496,6.0,5.0,08-04,-0.05250001698732384
05-22,0.0,-0.25,-1.3899998664855966,-0.029999971389770508,0.369999885559082,0.019999980926513672,-0.7699999809265137,0.13999998569488506,0.5199998617172239,0.3200001716613774,-0.13999998569488525,0.010000050067901613,6.0,5.0,08-05,-0.09999998907248188
05-23,0.0,-0.21000003814697266,-1.3899998664855966,-0.15999984741210938,0.25,0.07999992370605602,-0.7300000190734866,0.13999998569488506,0.4599999189376826,0.5099999904632568,-0.08000004291534424,-0.0599999725818634,5.0,6.0,08-06,-0.09916666398445767
05-24,0.0,-0.21000003814697266,-1.1199998855590831,-0.009999990463256836,0.21000003814697266,0.0,-0.7300000190734866,0.0899999141693113,0.4199999570846562,0.6600000858306879,-0.16999995708465576,-0.0599999725818634,4.0,7.0,08-07,-0.0766666556398075
05-25,0.0,0.010000228881835938,-1.2399997711181625,-0.10999989509582564,0.19000005722045896,0.009999990463256836,-0.7300000190734866,0.0899999141693113,0.4299999475479126,0.6900000572204581,-0.12000000476837157,-0.0599999725818634,6.0,5.0,08-08,-0.06999995559453964
05-26,0.0,-0.2199997901916504,-1.5699996948242188,-0.07000017166137695,0.1100001335144043,0.009999990463256836,-0.7300000190734866,0.040000081062316895,0.369999885559082,0.25,-0.1700000762939453,-0.0599999725818634,5.0,6.0,08-09,-0.1699999695022901
05-27,0.0,-0.05000019073486328,-1.829999923706055,-0.07000017166137695,0.1100001335144043,0.009999990463256836,-0.779999971389771,0.07000005245208718,0.2599998712539675,0.14000010490417436,-0.1700000762939453,-0.05999997258186335,5.0,6.0,08-10,-0.19750001281499874
05-28,0.0,0.029999732971191406,-1.7699999809265137,-0.07000017166137695,0.1100001335144043,0.029999971389770508,-0.7999999523162842,0.11000001430511476,0.21999990940094016,0.14000010490417436,-0.1700000762939453,-0.05999997258186335,6.0,5.0,08-11,-0.18583335727453235
05-29,0.0,0.2199997901916504,-1.8499999046325677,-0.07000017166137695,-0.009999752044678624,0.029999971389770508,-0.7499998807907109,0.10000002384185792,0.21999990940094016,0.14000010490417436,-0.09999990463256836,-0.030000001192092892,5.0,6.0,08-12,-0.17499998460213348
05-30,0.0,0.07999992370605469,-1.8499999046325677,-0.06000018119811967,0.059999942779541016,0.13999986648559526,-0.8399999141693115,0.10000002384185792,0.21999990940094016,-0.1299998760223393,-0.09999990463256836,-0.030000001192092837,5.0,6.0,08-13,-0.20083334296941754
05-31,0.0,0.07999992370605469,-1.8499999046325677,0.029999971389770508,0.14999961853027344,0.17999982833862305,-0.8499999046325684,0.10000002384185792,0.20999991893768374,-0.1100001335144043,-0.1799999475479126,-0.03999999165534973,6.0,5.0,08-14,-0.19000004976987825
06-01,0.0,0.07999992370605469,-2.0299997329711905,-0.019999980926513672,0.08999967575073331,0.15999984741210938,-0.8499999046325684,0.039999961853027344,0.13999998569488525,-0.23000001907348636,-0.12000000476837157,-0.03999999165534973,5.0,6.0,08-15,-0.2316666866342225
06-02,0.0,-0.23000001907348636,-1.8800001144409182,0.1400001049041748,0.08999967575073331,0.15999984741210938,-0.8699998855590816,0.05000007152557373,0.17999994754791238,-0.06000018119811967,-0.16999995708465598,-0.03999999165534973,5.0,6.0,08-16,-0.21916670848925895
06-03,0.0,-0.23000001907348636,-1.6199998855590818,0.1400001049041748,0.08999967575073331,0.1699998378753662,-0.9199998378753658,0.04999995231628418,0.16999995708465554,-0.1300001144409162,-0.16999995708465598,-0.030000001192092837,5.0,6.0,08-17,-0.20666669060786544
06-04,0.0,-0.1600003242492667,-1.8499999046325684,0.1400001049041748,0.05999994277954013,0.18999981880187988,-0.8999999761581421,0.029999971389770286,0.17999994754791238,-0.1300001144409162,-0.18999993801116968,-0.030000001192092892,5.0,6.0,08-18,-0.22166670610507316
06-05,0.0,0.2599997520446777,-1.8200001716613776,0.059999942779541016,-0.11999988555908205,0.15999984741210938,-1.0099999904632575,0.01999998092651345,0.17999994754791238,-0.12000012397766024,-0.3899999856948853,-0.03999999165534973,5.0,6.0,08-19,-0.23500005652507155
06-06,0.0,0.2599997520446777,-1.8200001716613776,0.0,-0.1100001335144043,0.07999992370605469,-1.0699999332427983,0.01999998092651345,0.15999984741210938,-0.25999999046325684,-0.3400000333786011,-0.05999997258186335,4.0,7.0,08-20,-0.2616667275627456
06-07,0.0,0.2599997520446777,-1.960000038146973,-0.029999971389770508,-0.13000011444091794,0.059999942779541016,-1.0999999046325688,-0.009999990463256836,0.17999994754791238,-0.25,-0.3700000047683716,-0.06999999284744263,3.0,8.0,08-21,-0.2850000311930976
06-08,0.0,0.3499999046325675,-2.239999771118164,0.019999980926513672,-0.15999984741210938,0.029999971389770508,-1.0999999046325688,0.0,0.1999999284744256,-0.25,-0.3499999046325684,-0.06999999284744263,4.0,7.0,08-22,-0.2974999696016313
06-09,0.0,0.3499999046325675,-2.450000286102295,0.15999984741210938,-0.3200001716613761,0.029999971389770508,-1.0999999046325688,-0.029999971389770508,0.30999994277954057,-0.19000005722045896,-0.3499999046325684,-0.11000001430511476,4.0,7.0,08-23,-0.3083333869775137
06-10,0.0,0.1100001335144043,-2.3499999046325684,0.12999987602233887,-0.3200001716613761,0.019999980926513672,-1.0299999713897712,-0.009999990463257058,0.2599998712539675,-0.22000002861022905,-0.3499999046325684,-0.11000001430511476,4.0,7.0,08-24,-0.3225000103314717
06-11,0.0,-0.19999980926513672,-1.8600001335144043,0.12999987602233887,-0.3000001907348624,-0.009999990463258168,-1.0399999618530271,0.029999971389770508,0.2699998617172239,-0.22000002861022905,-0.31999993324279785,-0.07999998331069946,3.0,8.0,08-25,-0.3000000268220902
06-12,0.0,-0.4500002861022958,-1.7900004386901855,-0.029999971389770508,-0.13000011444091794,0.009999990463255505,-1.1799998879432678,-0.019999980926513672,0.2699998617172239,-0.22000002861022905,-0.3499999046325684,-0.10999998450279236,2.0,9.0,08-26,-0.33333339542150514
06-13,0.0,-0.4500002861022958,-1.7900004386901855,-0.19000005722045896,-0.19000005722045896,-0.11000013351440474,-1.2900000810623165,-0.019999980926513672,0.1999999284744256,-0.19000005722045896,-0.37999999523162864,-0.10000002384185792,1.0,10.0,08-27,-0.3758334318796795
06-14,0.0,-0.4500002861022958,-1.7900004386901855,-0.09999990463256836,-0.23000001907348636,-0.06999993324279652,-1.1900000572204583,0.020000100135803226,0.18999993801116946,-0.1500000953674312,-0.3399999141693117,-0.1100000143051148,2.0,9.0,08-28,-0.3516667187213897
06-15,0.0,-0.5,-2.0600004196166988,-0.31999993324279785,-0.3200001716613761,-0.059999942779541016,-1.1900000572204583,0.0700000524520874,0.19999992847442627,-0.21000003814697266,-0.43999993801116943,-0.1100000143051148,2.0,9.0,08-29,-0.411666711171468
06-16,0.0,-0.5099997520446761,-2.0800004005432133,-0.2999999523162842,-0.3200001716613761,-0.059999942779541016,-1.0999999046325684,0.06000006198883079,0.2199999094009404,-0.5099999904632573,-0.4900000095367432,-0.1100000143051148,2.0,9.0,08-30,-0.43333334724108347
06-17,0.0,-0.5299997329711905,-2.25,-0.2999999523162842,-0.3200001716613761,-0.059999942779541016,-1.0399999618530271,-0.009999990463257058,0.02999997138977073,-0.440000057220459,-0.4900000095367432,-0.11000001430511468,1.0,10.0,08-31,-0.4599999884764352
06-18,0.0,-0.429999828338624,-2.0,-0.2999999523162842,-0.3299999237060529,-0.009999990463256836,-1.0599999427795417,-0.009999990463256836,-0.01999998092651345,-0.440000057220459,-0.4500000476837158,-0.11000001430511468,0.0,11.0,09-01,-0.429999977350235
06-19,0.0,-0.7899999618530273,-2.2799997329711914,-0.369999885559082,-0.2699999809265128,0.009999990463258168,-0.9800000190734871,0.039999961853027344,-0.01999998092651345,-0.339999914169312,-0.3900001049041748,-0.09999999403953558,2.0,9.0,09-02,-0.4574999685088792
06-20,0.0,-0.7899999618530273,-2.2799997329711914,-0.31999993324279785,0.12000036239623935,-0.06999993324279785,-1.079999923706055,0.039999961853027344,-0.04999995231628418,-0.5300002098083514,-0.3700000047683716,-0.1099999845027924,2.0,9.0,09-03,-0.4533332760135335
06-21,0.0,-0.7899999618530273,-2.3000001907348637,-0.2300000190734859,0.3299999237060547,-0.18999981880187988,-1.079999923706055,0.0599999427795408,0.030000090599059837,-0.5499999523162837,-0.3899999856948855,-0.11999997496604925,3.0,8.0,09-04,-0.4358333225051562
06-22,0.0,-0.7399997711181641,-1.94000005722046,-0.25,0.3200001716613769,-0.18999981880187988,-1.079999923706055,0.06999993324279785,0.10000002384185767,-0.6400001049041748,-0.3200000524520874,-0.11999997496604925,3.0,8.0,09-05,-0.3991666312019031
06-23,0.0,-0.7399997711181641,-1.8800001144409182,-0.1399998664855957,0.3200001716613769,-0.18999981880187988,-1.079999923706055,0.039999961853027344,0.1200000047683718,-0.6800000667572017,-0.28000009059905984,-0.11999997496604925,3.0,8.0,09-06,-0.3858332907160123
06-24,0.0,-0.4400000572204599,-2.0300002098083505,-0.1399998664855957,0.3200001716613769,-0.16999983787536666,-1.0299999713897705,0.12999999523162842,0.08000004291534446,-0.6700000762939453,-0.28000009059905984,-0.13999998569488525,3.0,8.0,09-07,-0.3641666571299236
06-25,0.0,-0.2000002861022958,-2.2199997901916504,-0.1399998664855957,0.16000032424926758,-0.1299998760223402,-1.0499999523162842,0.18000006675720215,0.12000000476837157,-0.6700000762939453,-0.3000000715255737,-0.11999997496604925,3.0,8.0,09-08,-0.3641666248440744
06-26,0.0,-0.35000038146972834,-1.829999923706056,-0.18999981880188035,0.3600001335144043,-0.1699998378753662,-1.0099999904632568,0.1700000762939453,0.12000000476837157,-0.5899999141693115,-0.25999999046325684,-0.11999997496604925,3.0,8.0,09-09,-0.3224999681115153
06-27,0.0,-0.2200002670288104,-1.829999923706056,-0.31000018119812106,0.390000343322753,-0.14999985694885387,-0.9600000381469724,0.1700000762939453,0.1499999761581421,-0.4800000190734859,-0.31000006198883057,-0.09999999403953552,3.0,8.0,09-10,-0.3041666621963188
06-28,0.0,-0.2200002670288104,-2.1100001335144047,-0.15000009536743164,0.3399996757507324,-0.19000005722045896,-0.7900000810623169,0.07000005245208718,0.10000002384185837,-0.440000057220459,-0.2799999713897705,-0.10999998450279236,3.0,8.0,09-11,-0.31500007460514723
06-29,0.0,0.11999988555908205,-2.0900001525878897,-0.3199999332427983,0.31999969482421875,-0.15999984741210938,-0.7900000810623169,0.009999990463256614,0.12000000476837157,-0.3800001144409184,-0.2399998903274536,-0.10999998450279236,4.0,7.0,09-12,-0.29333336899677914
06-30,0.0,0.12000036239624025,-2.6299996376037593,-0.20000004768371585,0.3799996376037607,-0.15999984741210938,-0.6900000572204588,-0.009999990463256836,0.1499999761581421,-0.3900001049041748,-0.21999990940093966,-0.11999997496604925,3.0,8.0,09-13,-0.3141666327913601
07-01,0.0,0.18000030517578125,-2.9099998474121085,-0.11999988555908205,0.3799996376037607,-0.15999984741210938,-0.4600000381469724,0.0,0.12999999523162886,-0.3700001239776607,-0.21999990940093966,-0.1499999761581421,3.0,8.0,09-14,-0.3083333075046537
07-02,0.0,0.3099999427795419,-2.7500000000000018,-0.11999988555908205,0.4499998092651376,-0.25,-0.4299999475479126,-0.06000006198883056,0.10000002384185837,-0.3700001239776607,-0.1899999380111692,-0.13999998569488525,3.0,8.0,09-15,-0.2875000139077504
07-03,0.0,0.09999990463256836,-2.849999904632572,-0.2399997711181641,0.369999885559082,-0.2799999713897709,-0.5500000715255737,-0.10000002384185792,0.10000002384185837,-0.3200001716613765,-0.2300000190734865,-0.1400000154972077,3.0,8.0,09-16,-0.3450000112255417
07-05,0.0,0.09999990463256836,-2.849999904632572,-0.2399997711181632,0.3600001335144043,-0.2599999904632564,-0.4900000095367429,-0.10000002384185792,0.1499999761581421,-0.3700001239776607,-0.2800000905990603,-0.12000000476837165,3.0,8.0,09-18,-0.34166665871938084
07-06,0.0,0.09999990463256836,-2.5999999046325706,-0.25999999046325684,0.3300004005432129,-0.3100001811981197,-0.4900000095367429,-0.04999995231628418,0.20000004768371585,-0.410000085830688,-0.2900000810623167,-0.12000000476837165,3.0,8.0,09-19,-0.3249999880790711
07-07,0.0,0.04999971389770508,-2.4700002670288086,-0.17999982833862396,0.1700000762939462,-0.3100001811981197,-0.5099999904632568,-0.1400001049041748,0.15000009536743186,-0.5500001907348651,-0.2400000095367429,-0.12000000476837165,3.0,8.0,09-20,-0.3458333909511567
07-08,0.0,-0.09000015258789062,-2.6999998092651367,-0.2300000190734872,0.1700000762939462,-0.2700002193450928,-0.3500000238418579,-0.1799999475479126,0.12999999523162886,-0.4800002574920672,-0.2400000095367429,-0.06999999284744263,2.0,9.0,09-21,-0.35916669666767137
07-09,0.0,0.030000209808348718,-2.470000267028809,-0.2300000190734872,0.1700000762939462,-0.2200000286102295,-0.30999994277954124,-0.379999995231628,0.1499999761581423,-0.4800002574920672,-0.21999990940093966,-0.09000000357627869,3.0,8.0,09-22,-0.3375000134110453
07-10,0.0,0.15999984741210938,-2.7500000000000013,-0.2300000190734872,0.08999967575073065,-0.2899999618530278,-0.23000001907348636,-0.3399999141693113,0.1499999761581423,-0.5699999332427979,-0.2299998998641968,-0.10999998450279236,3.0,8.0,09-23,-0.3625000193715098
07-11,0.0,0.1099996566772461,-2.7500000000000013,-0.21000003814697266,-0.029999732971191406,-0.369999885559082,-0.4099999666213989,-0.3399999141693113,0.13999998569488548,-0.4900000095367427,-0.25999999046325684,-0.09999999403953558,2.0,9.0,09-24,-0.3924999907612801
07-12,0.0,0.1099996566772461,-2.7500000000000013,0.049999952316284624,0.0,-0.4399998188018799,-0.5299999713897705,-0.3599998950958252,0.059999942779541016,-0.5700001716613761,-0.25,-0.1100000143051148,3.0,8.0,09-25,-0.39916669329007465
07-13,0.0,0.07999992370605558,-2.789999961853028,-0.06999993324279785,-0.04000043869018555,-0.31999993324279785,-0.5299999713897705,-0.3399999141693113,-0.040000081062316895,-0.6200001239776611,-0.2799999713897705,-0.1100000143051148,1.0,10.0,09-26,-0.4216667016347249
07-14,0.0,0.15999984741210938,-2.8299999237060547,-0.1100001335144043,-0.10000038146972656,-0.31999993324279785,-0.3899999856948853,-0.39000010490417547,-0.12000000476837115,-0.6000001430511483,-0.31999993324279785,-0.12999999523162847,1.0,10.0,09-27,-0.4291667242844901
07-15,0.0,0.23000001907348636,-2.7299997806549063,-0.18000006675720215,-0.10000038146972656,-0.31999993324279785,-0.4700000286102295,-0.37000000476837136,-0.039999961853027344,-0.5500001907348642,-0.31999993324279785,-0.1399999856948853,1.0,10.0,09-28,-0.4158333539962769
07-16,0.0,0.26000022888183594,-2.2699999809265146,-0.18000006675720215,-0.039999961853027344,-0.3399999141693115,-0.36000001430511475,-0.3799999952316284,-0.18999993801116946,-0.5500001907348642,-0.36000001430511475,-0.13999998569488525,1.0,10.0,09-29,-0.3791666527589164
07-17,0.0,0.4100003242492685,-2.600000143051147,-0.1300001144409184,-0.1100001335144043,-0.20000004768371535,-0.3399999141693113,-0.3799999952316284,-0.18999993801116946,-0.5199999809265137,-0.36000001430511497,-0.1699999868869782,1.0,10.0,09-30,-0.3824999953309693
07-18,0.0,0.4500002861022958,-2.600000143051147,-0.10000014305114746,-0.07999992370605469,-0.039999961853027344,-0.2699999809265137,-0.3799999952316284,-0.1799999475479126,-0.2799999713897705,-0.2699999809265137,-0.1599999964237213,1.0,10.0,10-01,-0.3258333131670951
07-19,0.0,0.4500002861022958,-2.7599999904632564,-0.15000009536743164,-0.16000032424926935,-0.10999989509582564,-0.2300000190734865,-0.3799999952316284,-0.07999992370605358,-0.26999998092651234,-0.21000003814697266,-0.1599999964237213,1.0,10.0,10-02,-0.33833333104848845
07-20,0.0,0.4500002861022958,-3.129999876022339,0.01999998092651412,-0.25,-0.16999983787536666,-0.2300000190734865,-0.3299999237060547,-0.05999994277954124,-0.11999988555908205,-0.33000004291534424,-0.1599999964237213,2.0,9.0,10-03,-0.3591666047771771
07-21,0.0,0.5900001525878915,-3.06000018119812,0.09000015258789062,-0.2699999809265119,-0.16999983787536666,-0.18000006675720234,-0.25,-0.13999998569488548,-0.030000209808349613,-0.3799999952316284,-0.18000000715255746,2.0,9.0,10-04,-0.3316666632890699
07-22,0.0,0.19000005722045987,-2.9199998378753658,0.09000015258789062,-0.2699999809265119,-0.16999983787536666,-0.1499999761581421,-0.299999952316284,-0.1700000762939453,-0.07000017166137695,-0.3799999952316284,-0.1899999976158142,2.0,9.0,10-05,-0.3616666346788404
07-23,0.0,0.1700000762939453,-2.9100000858306885,0.09000015258789062,-0.3099999427795401,-0.15000009536743164,-0.2099999189376831,-0.3399999141693115,-0.15000009536743186,-0.07000017166137695,-0.4099999666213989,-0.1699999868869782,2.0,9.0,10-06,-0.3716666623950004
07-24,0.0,0.380000114440918,-2.5299999713897705,0.11000013351440384,-0.19999980926513672,-0.13000011444091794,-0.25999999046325706,-0.2999999523162842,-0.15000009536743186,-0.1400001049041748,-0.3799999952316284,-0.17999997735023504,2.0,9.0,10-07,-0.31499998023112624
07-25,0.0,0.3600001335144043,-2.5299999713897705,0.13000011444091752,-0.1100001335144052,-0.14000010490417525,-0.20000004768371604,-0.2999999523162842,-0.12000000476837205,-0.3800001144409175,-0.3799999952316284,-0.13999998569488525,2.0,9.0,10-08,-0.317500005165736
07-26,0.0,0.3600001335144043,-2.6200001239776585,0.16000008583068806,-0.14999961853027344,-0.10000014305114703,-0.25999999046325706,-0.2999999523162842,-0.1700000762939453,-0.410000085830688,-0.4099999666213989,-0.15000000596046448,2.0,9.0,10-09,-0.33749997864166864
07-27,0.0,0.1999998092651376,-2.4700002670288104,0.20000004768371535,-0.2800002098083496,-0.1400001049041748,-0.25999999046325706,-0.31999993324279785,-0.18000006675720215,-0.4700000286102295,-0.5099999904632568,-0.15000000596046448,2.0,9.0,10-10,-0.3650000616908075
07-28,0.0,0.2599997520446786,-1.9999997615814216,0.2300000190734859,-0.23000001907348636,-0.1400001049041748,-0.25,-0.3499999046325681,-0.25,-0.4300000667572017,-0.4800000190734863,-0.15999999642372134,2.0,9.0,10-11,-0.31666667511065805
07-29,0.0,0.5999999046325684,-1.9700000286102293,0.1299998760223393,-0.23000001907348636,-0.13000011444091794,-0.3299999237060547,-0.309999942779541,-0.2300000190734868,-0.6500000953674312,-0.4800000190734863,-0.14999997615814215,2.0,9.0,10-12,-0.31250002980232233
07-30,0.0,0.630000114440918,-1.9099998474121085,0.1299998760223393,-0.2999997138977051,-0.13000011444091794,-0.1400001049041748,-0.31999993324279785,-0.14999997615814253,-0.6500000953674312,-0.4600000381469727,-0.12000000476837165,2.0,9.0,10-13,-0.2849999864896137
07-31,0.0,0.6100001335144043,-1.8400001525878895,0.1299998760223393,-0.2200002670288086,-0.20000004768371585,-0.030000090599059837,-0.3299999237060547,-0.14999997615814253,-0.75,-0.4900000095367432,-0.14999997615814215,2.0,9.0,10-14,-0.2850000361601511
08-01,0.0,0.630000114440918,-1.8400001525878895,0.0699999332427983,-0.009999752044677734,-0.30999994277954235,0.019999980926513672,-0.3299999237060547,-0.13999998569488525,-0.6900000572204608,-0.2200000286102295,-0.20000001788139346,3.0,8.0,10-15,-0.2516666526595753
08-02,0.0,0.630000114440918,-1.820000171661377,0.15999984741210938,0.07000017166137695,-0.25999999046325817,0.08000004291534424,-0.2799999713897705,-0.24999988079071,-0.7100000381469727,-0.23000001907348636,-0.21000000834465027,4.0,7.0,10-16,-0.23499999195337304
08-03,0.0,0.6599998474121094,-1.6200001239776602,0.18000006675720215,0.11000013351440607,-0.3199999332428005,0.08000004291534424,-0.32999992370605424,-0.17999994754791304,-0.9600000381469728,-0.18000006675720215,-0.21000000834465027,4.0,7.0,10-17,-0.2308333292603493
08-04,0.0,0.619999885559082,-1.559999942779541,0.1399998664855957,0.11000013351440607,-0.3199999332428005,0.07000005245208762,-0.2899999618530271,-0.1899999380111692,-0.940000057220458,-0.13000011444091794,-0.13999998569488525,4.0,7.0,10-18,-0.21916666626930228
08-05,0.0,0.4699997901916504,-1.2800002098083496,0.23000001907348636,0.11000013351440607,-0.269999980926515,0.03000009059906028,-0.23000001907348636,0.09000015258789062,-1.0199999809265128,-0.13000011444091794,-0.15000000596046448,5.0,6.0,10-19,-0.17916667709747935
08-06,0.0,0.25,-1.0099997520446768,0.23000001907348636,0.11000013351440607,-0.2699999809265137,-0.009999990463256836,-0.23000001907348636,0.10000014305114746,-1.0199999809265128,-0.1700000762939453,-0.12999999523162847,4.0,7.0,10-20,-0.17916662494341504
08-07,0.0,0.15000009536743164,-1.079999923706055,0.10000014305114703,0.1900000572204608,-0.23000001907348636,-0.029999971389770508,-0.20000004768371585,0.10000014305114746,-0.7999999523162846,-0.12999999523162842,-0.12999999523162847,4.0,7.0,10-21,-0.17166662216186515
08-08,0.0,0.23000001907348636,-1.079999923706055,0.0800001621246329,0.31999969482421875,-0.25,-0.06000006198883056,-0.20000004768371585,0.1100001335144043,-0.8500001430511475,-0.15000009536743164,-0.15000000596046448,4.0,7.0,10-22,-0.16666668901840853
08-09,0.0,0.23000001907348636,-1.2199997901916495,0.019999980926513228,0.4000000953674334,-0.26999998092651323,-0.08000004291534424,-0.21000003814697266,0.16000008583068848,-0.8700001239776607,-0.1700000762939453,-0.13999998569488525,4.0,7.0,10-23,-0.17916665474573745
08-10,0.0,0.309999942779541,-1.0899999141693115,0.049999952316284624,0.4900002479553223,-0.25999999046325684,-0.08000004291534424,-0.20000004768371585,0.22000002861022905,-0.7799999713897705,-0.08000004291534446,-0.13999998569488525,4.0,7.0,10-24,-0.12999998529752094
08-11,0.0,0.5799999237060547,-1.1600000858306885,0.039999961853027344,0.390000343322753,-0.25999999046325684,-0.019999980926513672,-0.25999999046325684,0.23000001907348636,-0.8199999332427983,-0.04999995231628418,-0.14999997615814215,4.0,7.0,10-25,-0.12333330512046825
08-12,0.0,0.5500001907348633,-1.190000057220459,0.0999999046325688,0.390000343322753,-0.25,-0.03999996185302712,-0.2400000095367432,0.20000004768371585,-1.0399999618530271,-0.04999995231628418,-0.15000000596046448,4.0,7.0,10-26,-0.1433332885305087
08-13,0.0,0.6000003814697266,-1.2800002098083496,0.0999999046325688,0.4100003242492667,-0.20000004768371585,-0.009999990463256836,-0.2200000286102295,0.04000020027160689,-1.0399999618530271,-0.06999993324279785,-0.14999997615814215,4.0,7.0,10-27,-0.15166661143302915
08-14,0.0,0.6000003814697266,-1.2800002098083496,0.07999992370605513,0.4500002861022949,-0.13999986648559526,0.009999990463256836,-0.23000001907348636,0.04000020027160689,-1.1499998569488523,-0.05000007152557373,-0.13999998569488525,5.0,6.0,10-28,-0.15083326896031687
08-15,0.0,0.3400001525878906,-1.2800002098083496,0.07999992370605513,0.5099997520446786,-0.059999942779541016,0.05000007152557395,-0.23000001907348636,0.050000190734863725,-0.9800000190734875,0.029999971389770286,-0.15000000596046448,6.0,5.0,10-29,-0.13666667789220807
08-16,0.0,0.3400001525878906,-1.0300002098083496,0.03999996185302779,0.3600001335144043,-0.009999990463256392,0.1900000572204592,-0.23000001907348636,0.10000014305114746,-1.069999933242798,0.019999980926513672,-0.16999998688697815,6.0,5.0,10-30,-0.12166664252678545
08-17,0.0,0.23000001907348636,-0.9299998283386222,0.049999952316284624,0.369999885559082,-0.029999971389770508,0.1900000572204592,-0.1499999761581421,0.08000016212463379,-1.1599998474121094,-0.05000007152557373,-0.16999998688697815,5.0,6.0,10-31,-0.1308333004514375
08-18,0.0,0.380000114440918,-0.5100002288818359,-0.06999993324279785,0.3499999046325684,-0.029999971389770508,0.25,-0.18000006675720215,0.08000016212463422,-1.119999885559082,-0.0700000524520874,-0.15999999642372134,4.0,7.0,11-01,-0.08999999612569805
08-19,0.0,0.4000000953674317,-0.3799996376037607,-0.06999993324279785,0.3499999046325684,-0.009999990463256836,0.1000000238418578,-0.18000006675720215,0.010000228881836827,-1.069999933242798,-0.0700000524520874,-0.15999999642372134,4.0,7.0,11-02,-0.0899999464551608
08-20,0.0,0.4000000953674317,-0.5999999046325692,-0.06999993324279785,0.4899997711181641,-0.05999994277954235,0.12000000476837205,-0.1600000858306887,0.060000181198120124,-1.069999933242798,-0.0700000524520874,-0.16999998688697815,4.0,7.0,11-03,-0.09416664888461447
08-21,0.0,0.7800002098083496,-0.5199999809265137,-0.07999992370605469,0.2200002670288068,-0.19000005722045896,0.0700000524520874,-0.1400001049041748,0.060000181198120124,-1.1499998569488523,0.029999971389770508,-0.12000000476837157,5.0,6.0,11-04,-0.08666660388310765
08-22,0.0,0.6999998092651367,-0.5199999809265137,0.019999980926513672,0.0,-0.21000003814697266,0.18999999761581432,-0.1400001049041748,0.08000016212463333,-1.0499999523162846,0.06999993324279785,-0.09999999403953552,5.0,6.0,11-05,-0.08000001559654878
08-23,0.0,0.6999998092651367,-0.7100000381469727,0.04999995231628418,-0.09000015258788974,-0.21000003814697266,0.27000004053115856,-0.19000005722045896,0.21000003814697354,-1.1099998950958252,0.20000004768371585,-0.09000000357627869,5.0,6.0,11-06,-0.08083335806926077
08-24,0.0,0.8099999427795401,-0.8999996185302734,0.0,-0.11999988555908025,-0.1099998950958252,0.27000004053115856,-0.18000006675720215,0.380000114440918,-1.0599999427795417,0.13999998569488548,-0.09000000357627869,4.0,7.0,11-07,-0.07166661073764159
08-25,0.0,0.8700003623962393,-0.8999996185302734,0.04999995231628418,0.05000019073486328,-0.1099998950958252,0.3000000715255737,-0.21000003814697266,0.410000085830688,-1.119999885559082,0.15999996662139893,-0.06999999284744267,6.0,5.0,11-08,-0.04749990006287904
08-26,0.0,0.8099999427795409,-0.8599996566772461,-0.05000019073486328,0.05000019073486328,-0.09999990463256968,0.2400000095367432,-0.1600000858306887,0.3700001239776607,-1.0799999237060551,0.15999996662139893,-0.060000002384185784,5.0,6.0,11-09,-0.056666627526283465
08-27,0.0,0.8099999427795401,-0.5599999427795419,-0.05000019073486328,0.18000030517578036,-0.15999984741210938,0.2200000286102297,-0.18000006675720215,0.3400001525878902,-1.0799999237060551,0.12000000476837157,-0.07999998331069952,5.0,6.0,11-10,-0.03666662673155495
08-28,0.0,0.5899996757507333,-0.7800002098083487,-0.05000019073486328,0.15000009536743075,-0.05999994277954235,0.20000004768371604,-0.20000004768371585,0.3400001525878902,-1.0,0.2300000190734861,-0.059999972581863466,5.0,6.0,11-11,-0.05333336442708977
08-29,0.0,0.5499997138977051,-0.7800002098083487,-0.12000012397766112,-0.030000209808349613,0.08999991416931152,0.0900000333786013,-0.20000004768371585,0.4100000858306885,-1.5900000333786009,0.18999993801116946,-0.04999998211860657,5.0,6.0,11-12,-0.12000007679065056
08-30,0.0,0.5499997138977051,-1.0999999046325677,-0.1300001144409184,-0.13000011444091794,0.15999984741210938,0.07000005245208762,-0.2200000286102295,0.440000057220459,-1.4100000858306885,0.2300000190734865,-0.03999999165534973,5.0,6.0,11-13,-0.131666712462902
08-31,0.0,0.6599998474121085,-0.8099999427795409,-0.1800000667572026,-0.1100001335144043,0.19999980926513672,0.07000005245208762,-0.19999992847442627,0.4100000858306885,-1.4599999189376835,0.18999993801116946,-0.03999999165534973,5.0,6.0,11-14,-0.10583335409561806
09-01,0.0,0.619999885559082,-0.5099997520446777,-0.2200000286102295,-0.1100001335144043,0.19999980926513672,0.14999997615814198,-0.12999999523162842,0.3800001144409175,-1.4500000476837165,0.1499999761581421,-0.030000001192092892,5.0,6.0,11-15,-0.07916668305794405
09-02,0.0,0.3800001144409189,-0.2899999618530265,-0.3600001335144043,-0.1100001335144043,0.19999980926513672,0.13999998569488514,-0.18999993801116946,0.5099999904632562,-1.5000000000000004,0.1499999761581421,-0.02000001072883606,5.0,6.0,11-16,-0.09083335846662516
09-03,0.0,0.2699999809265119,-0.2300000190734872,-0.3600001335144043,-0.1100001335144043,0.23000001907348636,0.0700000524520874,-0.12999999523162842,0.4800000190734861,-1.5000000000000004,0.1499999761581421,-0.02000001072883606,5.0,6.0,11-17,-0.09583335369825392
09-04,0.0,0.2400002479553223,-0.2300000190734872,-0.3600001335144043,-0.1100001335144043,0.2200000286102295,0.009999990463256723,-0.16999995708465576,0.4800000190734861,-1.5000000000000004,0.14999997615814187,-0.02000001072883606,5.0,6.0,11-18,-0.10749999930461264
09-05,0.0,0.37000036239623935,-0.2300000190734872,-0.44000005722045854,-0.3600001335144043,0.20999979972839355,0.01999998092651356,-0.16999995708465576,0.4800000190734861,-1.5900000333786009,0.12999999523162842,-0.030000001192092892,5.0,6.0,11-19,-0.13416667034228658
09-06,0.0,0.37000036239623935,-0.2300000190734872,-0.5199999809265141,-0.2699999809265137,0.22999978065490725,0.09000003337860096,-0.16999995708465576,0.4100000858306885,-1.9699999094009404,0.20000004768371585,-0.030000001192092892,5.0,6.0,11-20,-0.15749996155500434
09-07,0.0,0.37000036239623935,-0.8099999427795401,-0.4600000381469713,-0.3600001335144043,0.2799999713897701,0.09000003337860096,-0.13999998569488548,0.4500000476837158,-1.8400000333786009,0.15999996662139893,-0.030000001192092892,5.0,6.0,11-21,-0.19083331276973084
09-08,0.0,0.2899999618530265,-0.8600001335144043,-0.390000104904173,-0.4000000953674317,0.2799999713897701,0.09000003337860096,-0.1499999761581421,0.4200000762939453,-1.9099999666213991,0.21000003814697266,-0.030000001192092892,5.0,6.0,11-22,-0.20416668305794394
09-09,0.0,0.019999980926515448,-0.6700003147125244,-0.4900000095367427,-0.4000000953674317,0.3100001811981197,-0.0900000333786013,-0.1700000762939453,0.4200000762939453,-1.8700000047683716,0.21000003814697266,-0.02000001072883606,4.0,7.0,11-23,-0.2291666890184083
09-10,0.0,-0.010000228881835938,-0.3900001049041748,-0.4900000095367427,-0.380000114440918,0.3799998760223389,-0.33000004291534424,-0.13999998569488548,0.4300000667572017,-1.8700000047683716,0.15999996662139893,-0.030000001192092892,3.0,8.0,11-24,-0.2225000485777855
09-11,0.0,-0.09999990463256836,-0.4500000476837158,-0.6099998950958252,-0.4200000762939462,0.4099998474121094,-0.3799999952316284,-0.11000001430511497,0.4300000667572017,-1.889999985694885,0.1599999666213987,-0.02000001072883606,3.0,8.0,11-25,-0.24833333740631755
09-12,0.0,-0.2199997901916504,-0.4500000476837158,-0.7200000286102295,-0.3200001716613769,0.3999998569488525,-0.21999990940093966,-0.11000001430511497,0.4000000953674312,-1.7999999523162846,0.10000002384185792,-0.009999990463256836,3.0,8.0,11-26,-0.2458333273728689
09-13,0.0,-0.2199997901916504,-0.5899999141693124,-0.8500001430511483,-0.3399996757507324,0.4200000762939453,-0.2799999713897703,-0.09000003337860107,0.4500000476837158,-1.7400000095367432,0.11000001430511452,-0.009999990463256836,3.0,8.0,11-27,-0.2616666158040366
09-14,0.0,-0.039999961853027344,-0.6399998664855948,-0.8000001907348642,-0.2899999618530273,0.5400002002716064,-0.2799999713897703,-0.0700000524520874,0.4200000762939453,-1.8199999332427983,0.11000001430511452,-0.009999990463256836,3.0,8.0,11-28,-0.2399999698003133
09-15,0.0,0.0,-0.7999999523162842,-0.380000114440918,-0.35000038146972656,0.5400002002716064,-0.2799999713897703,-0.05000007152557373,0.3900001049041748,-1.7999999523162842,0.12999999523162842,-0.030000001192092892,3.0,8.0,11-29,-0.21916667868693665
09-16,0.0,0.010000228881835938,-0.7000000476837154,-0.380000114440918,-0.35000038146972656,0.4900000095367432,-0.2799999713897705,0.0,0.4300000667572019,-1.8899999856948853,0.12999999523162842,-0.030000001192092892,4.0,7.0,11-30,-0.2141666834553083
09-17,0.0,-0.07999992370605291,-0.6400001049041744,-0.380000114440918,-0.35000038146972656,0.5400002002716064,-0.30999994277954124,0.04999995231628418,0.3499999046325681,-1.8899999856948853,0.14999997615814187,-0.060000002384185784,4.0,7.0,12-01,-0.2183333685000736
09-18,0.0,-0.07999992370605291,-0.5000002384185791,-0.3900001049041748,-0.09999990463256923,0.4700000286102299,-0.25,0.04999995231628418,0.3499999046325681,-1.8600000143051147,0.0599999427795408,-0.03999999165534973,4.0,7.0,12-02,-0.19083336244026813
09-19,0.0,-0.0599999427795419,-0.5000002384185791,-0.3599998950958252,-0.1399998664855957,0.6000001430511475,-0.2900000810623171,0.04999995231628418,0.3499999046325681,-1.870000004768372,0.04999995231628418,-0.02000001072883606,4.0,7.0,12-03,-0.18250000725189852
09-20,0.0,-0.0599999427795419,-0.5499999523162842,-0.16000008583068848,-0.20000028610229487,0.6099998950958252,-0.3000000715255737,0.13999998569488506,0.339999914169312,-1.9600000381469733,0.08999991416931152,-0.02000001072883606,4.0,7.0,12-04,-0.17250005652507153
09-21,0.0,-0.17999982833862396,-0.2700002193450928,-0.4500000476837158,-0.309999942779541,0.6699998378753662,-0.3000000715255737,0.1099998950958252,0.5100001096725462,-1.8999998569488523,0.07999992370605469,-0.02000001072883606,4.0,7.0,12-05,-0.17166668425003695
09-22,0.0,-0.1099996566772461,0.07000017166137695,-0.4000000953674317,-0.36999988555908025,0.6699998378753662,-0.31000006198883057,0.11000001430511452,0.6700000762939453,-1.7599999904632568,0.04999995231628418,-0.02000001072883606,5.0,6.0,12-06,-0.11666663736104953
09-23,0.0,-0.20999956130981445,0.11999988555908205,-0.42000007629394653,-0.36999988555908025,0.6999998092651367,-0.18000006675720234,0.12999999523162842,0.7300000190734863,-1.870000004768372,0.04999995231628418,-0.009999990463256836,5.0,6.0,12-07,-0.11083332697550452
09-24,0.0,-0.23000001907348636,-0.059999942779541016,-0.42000007629394653,-0.3999996185302717,0.4000000953674312,-0.11000001430511476,0.11000001430511476,0.7000000476837158,-1.870000004768372,0.10000002384185792,0.0,4.0,7.0,12-08,-0.14833329121271768
09-25,0.0,-0.17000007629394354,-0.23000001907348636,-0.3799998760223402,-0.309999942779541,0.4100000858306889,-0.2600000500679015,0.13999998569488525,0.7000000476837158,-1.7700001001358032,0.11000001430511476,0.009999990463256836,5.0,6.0,12-09,-0.14583332836627952
09-26,0.0,-0.23000001907348636,-0.23000001907348636,-0.24000000953674186,-0.26999998092651456,0.2300000190734859,-0.2400000095367433,0.13999998569488525,0.6299999952316284,-1.7699999809265137,0.16999995708465598,0.030000001192092892,5.0,6.0,12-10,-0.14833333839972812
09-27,0.0,-0.23000001907348636,-0.4500000476837149,-0.31999993324279785,-0.3899998664855966,0.059999942779541016,-0.3000000119209293,0.13999998569488525,0.7699999809265132,-1.7799999713897705,0.12999999523162842,0.030000001192092892,5.0,6.0,12-11,-0.1949999953309696
09-28,0.0,-0.11999988555908205,-0.20999979972839397,-0.369999885559082,-0.31999969482421964,-0.009999990463256392,-0.3000000119209293,0.15000009536743164,0.649999976158141,-1.949999928474428,0.08000004291534424,0.030000001192092892,4.0,7.0,12-12,-0.1974999234080318
09-29,0.0,-0.11999988555908205,0.16000008583068848,-0.4100000858306885,-0.369999885559082,-0.009999990463256392,-0.3399999737739564,0.10000002384185792,0.6299999952316284,-2.0000001192092896,0.05000007152557373,0.030000001192092892,5.0,6.0,12-13,-0.1899999802311261
09-30,0.0,-0.25,0.20000004768371535,-0.440000057220459,-0.369999885559082,-0.009999990463256392,-0.3099999427795407,0.020000100135803226,0.6900000572204585,-1.920000076293945,0.05000007152557373,0.030000001192092892,5.0,6.0,12-14,-0.19249997287988665
10-01,0.0,-0.25,0.13999986648559526,-0.440000057220459,-0.3499999046325675,0.14999985694885254,-0.2700000405311587,0.12000000476837157,0.6400001049041748,-1.920000076293945,0.18000006675720215,0.030000001192092892,6.0,5.0,12-15,-0.1641666814684868
10-02,0.0,-0.31999969482421875,0.09999990463256793,-0.4500000476837158,-0.4200000762939471,0.1400001049041748,-0.24000006914138816,0.08000004291534424,0.6400001049041748,-1.8799998760223389,0.25999999046325684,0.030000001192092892,6.0,5.0,12-16,-0.1716666345794998
10-03,0.0,-0.15000009536743164,0.09999990463256793,-0.4000000953674317,-0.4300003051757821,0.07000017166137695,-0.22000002861022935,0.08000004291534424,0.6500000953674316,-1.9399999380111692,0.23000001907348636,0.03999999165534973,6.0,5.0,12-17,-0.16416668643554064
10-04,0.0,-0.15000009536743164,0.19000005722045896,-0.410000085830688,-0.3999996185302717,0.04999995231628418,-0.250000059604645,0.10000002384185792,0.6000001430511477,-1.7499998807907111,0.20000004768371585,0.03999999165534973,6.0,5.0,12-18,-0.1483332936962444
10-05,0.0,-0.3600001335144043,-0.3499999046325684,-0.3700001239776607,-0.3200001716613769,0.029999971389770508,-0.250000059604645,0.09000003337860107,0.6400001049041748,-1.7799999713897712,0.19000005722045896,0.03999999165534973,5.0,6.0,12-19,-0.2033333505193393
10-06,0.0,-0.3299999237060547,-0.4799997806549072,-0.3200001716613765,-0.3200001716613769,0.029999971389770508,-0.31000000238418607,0.19999992847442627,0.6400001049041748,-1.75,0.16999995708465576,0.009999990463256836,5.0,6.0,12-20,-0.2050000081459681
10-07,0.0,-0.369999885559082,-0.4200000762939453,-0.3200001716613765,-0.3200001716613769,0.019999980926513228,-0.23000001907348624,0.3299999237060547,0.6000001430511475,-1.7699999809265137,0.16999995708465576,0.02000001072883606,5.0,6.0,12-21,-0.19083335747321448
10-08,0.0,-0.4699997901916504,-0.2400000095367432,-0.3200001716613765,-0.369999885559082,0.19000005722045765,-0.18000006675720215,0.2200000286102295,0.5900001525878906,-1.7699999809265137,0.18999993801116946,0.009999990463256836,5.0,6.0,12-22,-0.17916664481163033
10-09,0.0,-0.4000000953674317,-0.35000014305114746,-0.3200001716613765,-0.3400001525878897,0.18000006675720215,-0.18999993801116946,0.2200000286102295,0.5900001525878906,-1.7699999809265137,0.2400000095367432,0.0,4.0,7.0,12-23,-0.17833335200945524
10-10,0.0,-0.4000000953674317,-0.35000014305114746,-0.05999994277954146,-0.4099998474121085,0.1400001049041748,-0.2500000000000002,0.2200000286102295,0.5800001621246338,-1.5199999809265137,0.1700000762939453,0.009999990463256836,5.0,6.0,12-24,-0.15583330392837524
10-11,0.0,-0.4000000953674317,-0.4100003242492685,-0.05999994277954146,-0.450000286102294,0.18000006675720348,-0.2500000000000002,0.21000003814697266,0.5000001192092896,-1.460000038146971,0.18000006675720215,0.009999990463256836,5.0,6.0,12-25,-0.16250003377596522
10-12,0.0,-0.380000114440918,-0.4800000190734872,-0.049999952316284624,-0.4200000762939453,0.20000004768371715,-0.2500000000000002,0.2200000286102295,0.5600000619888306,-1.6299998760223389,0.20000004768371604,0.009999990463256836,5.0,6.0,12-26,-0.16833332180976868
10-13,0.0,-0.380000114440918,-0.4100000858306885,-0.12000012397766112,-0.4200000762939453,0.20000004768371715,-0.24000000953674336,0.26999998092651345,0.4900001287460327,-1.6299999952316284,0.20000004768371604,0.0,4.0,7.0,12-27,-0.17000001668930045
10-14,0.0,-0.31999969482421875,-0.20000028610229625,-0.12000012397766112,-0.4200000762939453,0.1400001049041748,-0.30000007152557395,0.19000005722045896,0.4399999380111692,-1.6200000047683716,0.20000004768371604,0.009999990463256836,5.0,6.0,12-28,-0.16666667660077428
10-15,0.0,-0.1699995994567871,-0.1500000953674312,-0.12000012397766112,-0.490000247955324,0.17000007629394664,-0.2900000810623169,0.1799999475479126,0.4800001382827757,-1.6200000047683716,0.20000004768371604,0.02000001072883606,5.0,7.0,12-29,-0.1491666610042254
10-16,0.0,-0.14999961853027344,-0.16000008583068806,-0.07999992370605469,-0.4700002670288104,0.11999988555908205,-0.1799999475479126,0.21000003814697266,0.4800001382827757,-1.6999999284744265,0.1400001049041748,0.009999990463256836,5.0,7.0,12-30,-0.14833330114682527
10-17,0.0,-0.14999961853027344,-0.16000008583068806,-0.07000017166137695,-0.490000247955324,0.16000008583068848,-0.2200000286102295,0.21000003814697266,0.20000004768371585,-1.6200000047683716,0.18000006675720215,0.009999990463256836,5.0,7.0,12-31,-0.16249999403953566
10-18,0.0,-0.14999961853027344,-0.19000029563903853,-0.05000019073486284,-0.5999999046325684,0.18000006675720215,-0.2200000286102295,0.20000004768371585,0.19000005722045896,-1.459999918937683,0.18000006675720215,0.009999990463256836,5.0,7.0,01-01,-0.15916664401690164
10-19,0.0,-0.04999971389770508,-0.12000012397766067,-0.08999991416931152,-0.6700000762939471,0.2400000095367432,-0.2200000286102295,0.1700000762939453,0.21000003814697266,-1.2999999523162842,0.21000003814697266,0.009999990463256836,5.0,7.0,01-02,-0.13416663805643728
10-20,0.0,-0.01999998092651456,-0.08999991416931152,0.07000017166137651,-0.800000190734866,0.2400000095367432,-0.23000001907348636,0.21000003814697266,0.17000007629394487,-1.3399999141693115,0.21000003814697266,0.02000001072883606,6.0,6.0,01-03,-0.129999972879887
10-21,-0.039999961853027344,-0.009999752044677734,0.020000219345093658,0.11000013351440384,-0.800000190734866,0.20000004768371535,-0.2200000286102295,0.2799999713897705,0.13000011444091794,-1.2299998998641968,0.21000003814697266,0.009999990463256836,7.0,5.0,01-04,-0.1116666098435722
10-22,-0.039999961853027344,0.05000019073486328,-0.009999752044675958,0.11000013351440384,-0.9200000762939462,0.23000001907348636,-0.17000007629394576,0.3400000333786017,0.0699999332427983,-1.2299998998641968,0.20000004768371604,0.02000001072883606,7.0,5.0,01-05,-0.1124999498327572
10-23,0.03999996185302823,0.019999980926513672,-0.039999961853027344,0.1700000762939453,-0.75,0.18000006675720348,-0.11000001430511476,0.4199999570846553,0.0699999332427983,-1.0700000524520872,0.2099999189376831,0.009999990463256836,8.0,4.0,01-06,-0.07083334525426206
10-24,0.05999994277954013,0.019999980926513672,-0.039999961853027344,0.14000010490417436,-0.7899999618530282,0.09999990463256793,-0.08000004291534446,0.4199999570846553,0.01999998092651412,-0.8500000238418579,0.2300000190734865,0.009999990463256836,8.0,4.0,01-07,-0.06333334247271243
10-25,0.25,0.019999980926513672,-0.039999961853027344,0.1800003051757817,-0.8299999237060556,-0.04999995231628551,-0.12000000476837157,0.379999995231628,0.17999982833862305,-0.8599998950958252,0.21000003814697288,0.009999990463256836,7.0,5.0,01-08,-0.05583329995473243
10-26,0.25,0.019999980926513672,-0.009999752044675958,0.2899999618530273,-0.7899999618530273,-0.15000009536743164,-0.12000000476837157,0.3500000238418579,0.09999990463256836,-0.7400001287460327,0.18000006675720215,0.009999990463256836,7.0,5.0,01-09,-0.05083333452542608
10-27,0.25,0.5199999809265137,-0.15999984741210938,0.2699999809265137,-0.8499999046325675,-0.15000009536743164,-0.09000003337860107,0.2699999809265137,0.12999987602233887,-0.720000147819519,0.1400001049041748,0.02000001072883606,7.0,5.0,01-10,-0.030833341181278163
10-28,0.3299999237060547,0.4699997901916495,-0.2999997138977051,0.3099999427795401,-0.8499999046325675,-0.20000004768371624,-0.20000004768371585,0.31000006198883057,0.15999984741210938,-0.6100001335144043,0.1400001049041748,0.03999999165534973,7.0,5.0,01-11,-0.033333348731200016
10-29,0.440000057220459,0.25,-0.21000003814697174,0.3099999427795401,-0.8499999046325675,-0.04999995231628418,-0.03000009059906028,0.379999995231628,0.20000004768371585,-0.6100001335144043,0.1700000762939453,0.05000001192092901,7.0,5.0,01-12,0.004166667660077436
10-30,0.4700002670288086,0.4000000953674308,-0.21000003814697174,0.3099999427795401,-0.9499998092651348,-0.16000008583068714,-0.15999996662139915,0.4600000381469727,0.20000004768371585,-0.6200001239776611,0.16999995708465576,0.060000002384185784,7.0,5.0,01-13,-0.0024999727805453857
10-31,0.3899998664855957,0.5900001525878906,-0.21000003814697174,0.369999885559082,-0.4700002670288068,-0.039999961853027344,-0.12000000476837157,0.4600000381469727,0.2599999904632564,-0.690000057220459,0.05999994277954124,0.030000001192092892,7.0,5.0,01-14,0.05249996234973292
11-01,0.630000114440918,0.5900001525878906,0.03999996185302823,0.35000014305114746,-0.26999998092651456,0.08000016212463379,-0.17000001668930076,0.4400000572204592,0.2100000381469731,-0.8299999237060547,0.0,0.030000001192092892,8.0,4.0,01-15,0.0916667257746061
11-02,0.630000114440918,0.5199999809265137,-0.039999961853027344,0.4700000286102295,-0.25,0.07000017166137695,-0.17000001668930076,0.4200000762939453,0.06000018119811967,-0.7899999618530273,-0.10000002384185792,0.030000001192092892,7.0,5.0,01-16,0.07083338250716521
11-03,0.630000114440918,0.6000003814697266,0.37999963760375977,0.4700000286102286,-0.25,0.07000017166137695,-0.16000002622604392,0.4600000381469727,0.0,-0.8300000429153442,-0.08000004291534424,0.030000001192092892,7.0,5.0,01-17,0.11000002175569527
11-04,0.630000114440918,0.559999942779541,0.4299998283386231,0.4700000286102286,-0.25,0.07000017166137695,-0.24000006914138816,0.5,-0.019999980926513228,-0.8400000333786011,-0.08000004291534424,0.02000001072883606,7.0,5.0,01-18,0.10416666418313976
11-05,0.6800003051757812,0.4699997901916486,0.3499999046325684,0.4700000286102286,-0.2000002861022958,-0.029999971389770508,-0.31999999284744274,0.6100001335144043,0.01999998092651412,-0.8400000333786011,-0.06000006198883079,0.02000001072883606,7.0,5.0,01-19,0.09749998400608673
11-06,0.8000001907348633,0.6699995994567871,0.3499999046325684,0.4700000286102286,-0.37000036239623935,-0.690000057220459,-0.3100000619888308,0.4700000286102295,0.01999998092651412,-0.720000147819519,-0.08000004291534424,0.030000001192092892,7.0,5.0,01-20,0.05333325515190762
11-07,0.7300000190734863,0.6799998283386229,0.3499999046325684,0.5700001716613761,-0.6800000667572021,-0.940000057220458,-0.3100000619888308,0.4700000286102295,0.04999995231628418,-0.7600001096725459,-0.4800000190734863,0.009999990463256836,7.0,5.0,01-21,-0.025833368301391584
11-08,0.7300000190734863,0.6799998283386229,0.0599999427795419,0.6400001049041739,-0.6800000667572021,-1.0799999237060551,-0.3000000119209293,0.5,0.09999990463256836,-0.25999999046325706,-0.5299999713897705,0.009999990463256836,7.0,5.0,01-22,-0.010833347837130322
11-09,0.7300000190734863,0.8000001907348633,0.37000036239623935,0.6600000858306885,-0.7999997138977051,-1.1699998378753662,-0.3000000119209293,0.5699999332427983,0.12999987602233887,-0.3899999856948857,-0.5100001096725466,0.009999990463256836,7.0,5.0,01-23,0.008333399891853202
11-10,0.7300000190734863,0.98000001907349,0.31999969482421875,0.8099999427795401,-0.8799998760223384,-1.1699998378753662,-0.2399999499320985,0.4799998998641968,0.15999984741210938,-0.26999998092651323,-0.4900000095367432,0.009999990463256836,7.0,5.0,01-24,0.03666664659976989
11-11,0.2800002098083496,0.8400001525878906,0.23000001907348636,0.7699999809265137,-0.8799998760223384,-1.179999828338623,-0.2799999713897705,0.31000006198883057,0.1099998950958252,-0.3099999427795408,-0.4900000095367432,0.0,6.0,6.0,01-25,-0.04999994238217666
11-12,0.16000032424926758,0.9200000762939452,0.3400001525878906,0.7699999809265137,-0.8300001621246333,-1.18999981880188,-0.2699999809265137,0.3799999952316284,0.1399998664855957,-0.3099999427795408,-0.4799998998641968,0.0,6.0,6.0,01-26,-0.03083328406016026
11-13,0.3099999427795401,0.94000005722046,0.3400001525878906,0.8299999237060547,-0.8500001430511475,-1.1400001049041748,-0.24000006914138794,0.41999995708465576,0.1399998664855957,-0.15999996662139915,-0.4700000286102295,0.0,6.0,6.0,01-27,0.00999996562798816
11-14,0.380000114440918,1.0399999618530291,0.3400001525878906,0.8199999332427979,-0.8700001239776611,-1.2300000190734863,-0.13999998569488525,0.41999995708465576,0.08999991416931198,-0.15000009536743164,-0.5299999713897705,0.0,6.0,5.0,01-28,0.014166653156280703
11-15,0.19000005722045896,1.0399999618530291,0.4200000762939462,0.8100001811981206,-0.8099999427795397,-1.25,-0.17000001668930054,0.41999995708465576,0.04999995231628418,-0.019999980926513672,-0.5299999713897705,0.0,6.0,5.0,01-29,0.012500022848447534
11-16,0.19000005722045896,1.2199997901916513,0.4900002479553232,0.8799998760223393,-0.850000143051147,-1.2099997997283936,-0.17000001668930054,0.4599999189376831,0.4900000095367432,0.23000001907348636,-0.5500000715255737,0.0,7.0,4.0,01-30,0.09833332399527256
11-17,0.19000005722045896,1.0199999809265146,0.5300002098083496,0.8299999237060534,-0.9100003242492676,-1.2099997997283936,-0.18000000715255735,0.3999999761581423,0.5099999904632568,-0.04999995231628418,-0.5500000715255737,0.0,6.0,5.0,01-31,0.04833333194255827
11-18,0.26000022888183505,0.8200001716613778,0.4100003242492676,0.7400002479553227,-0.9100003242492676,-1.2099997997283936,-0.3000000715255737,0.3799999952316284,0.4199998378753662,-0.039999961853027344,-0.5500000715255737,0.0,6.0,5.0,02-01,0.0016667147477468225
11-19,0.18000030517578125,0.8899998664855939,0.7799999713897714,0.7400002479553227,-0.8899998664855957,-1.220000028610229,-0.2899999618530271,0.43000006675720215,0.4199998378753662,-0.039999961853027344,-0.5199999809265137,0.0,6.0,5.0,02-02,0.04000004132588706
11-20,0.2699999809265137,0.9600000381469728,0.9900000095367432,0.8400001525878924,-0.8299999237060547,-1.3799998760223389,-0.2599999308586121,0.5,0.4199998378753662,-0.07999992370605491,-0.5600000619888308,0.0,6.0,5.0,02-03,0.07250002523263306
11-21,0.5799999237060547,0.9600000381469728,0.9900000095367432,0.8299999237060547,-0.8499999046325684,-1.3699998855590825,-0.33000004291534424,0.5,0.4099998474121098,-0.17999994754791282,-0.6000000238418579,0.0,6.0,5.0,02-04,0.07833332816759743
11-22,0.6600003242492676,0.9600000381469728,1.0499999523162842,0.9100000858306884,-0.869999885559082,-1.2400000095367425,-0.3200000524520874,0.4700000286102295,0.31999993324279785,-0.19999992847442627,-0.5600000619888306,0.0,6.0,5.0,02-05,0.09833336869875596
11-23,0.6600003242492676,1.079999923706055,1.1900000572204608,0.8399999141693115,-0.8600001335144043,-1.2899999618530271,-0.3200000524520874,0.5,0.2699999809265137,-0.2699999809265139,-0.379999995231628,0.0,6.0,5.0,02-06,0.11833333969116228
11-24,0.6600003242492676,1.2800002098083505,1.1499998569488534,0.8699998855590829,-0.7800002098083496,-1.2899999618530271,-0.25999999046325684,0.4700000286102295,0.11999988555908292,-0.21000003814697288,-0.389999985694885,0.0,6.0,5.0,02-07,0.13500000039736462
11-25,0.3299999237060547,1.579999923706055,0.9999997615814208,0.9000000953674308,-0.7800002098083496,-1.4100000858306885,-0.3200000524520874,0.440000057220459,0.14999985694885345,-0.13999998569488525,-0.389999985694885,0.0,6.0,5.0,02-08,0.11333327492078148
11-26,0.4500002861022949,1.5900001525878924,1.0499999523162846,0.9000000953674308,-0.7199997901916504,-1.4000000953674316,-0.38000005483627297,0.440000057220459,0.2400000095367432,-0.13999998569488525,-0.4099999666213989,0.0,6.0,5.0,02-09,0.13500005503495546
11-27,0.3499999046325684,1.75,0.9500000476837154,0.6000001430511466,-0.7000000476837154,-1.3599998950958259,-0.3900000452995298,0.4500000476837158,0.2400000095367432,-0.10000002384185812,-0.3999999761581421,0.0,6.0,5.0,02-10,0.11583334704240147
11-28,0.440000057220459,1.6199998855590805,0.9500000476837154,0.6499998569488517,-0.7400000095367432,-1.4099998474121098,-0.4000000357627869,0.4500000476837158,0.2400000095367432,0.10000002384185792,-0.34000003337860085,0.0,7.0,4.0,02-11,0.13000000019868188
11-29,0.4700002670288086,1.6199998855590805,1.1299998760223384,0.6200001239776602,-0.7400000095367432,-1.4800000190734863,-0.4000000357627869,0.4600000381469727,0.2200000286102295,0.0,-0.3700000047683716,0.0,6.0,5.0,02-12,0.12750001251697515
11-30,0.4700002670288086,1.6199998855590805,1.1200001239776611,0.4600002765655518,-0.6099998950958248,-1.4500000476837165,-0.4000000357627869,0.4500000476837158,0.16000008583068806,-0.05000007152557373,-0.41999995708465576,0.0,6.0,5.0,02-13,0.11250005662441236
12-01,0.4700002670288086,1.5799999237060556,1.1299998760223389,0.5699999332427979,-0.6799998283386229,-1.4500000476837165,-0.3599999547004697,0.4600000381469727,0.1099998950958252,-0.15999996662139915,-0.31999993324279763,0.0,6.0,5.0,02-14,0.11250001688798277
12-02,0.4700002670288086,1.559999942779541,0.8999996185302734,0.6099998950958261,-0.6799998283386229,-1.3699998855590825,-0.34999996423721313,0.4499999284744263,0.04999995231628418,-0.15999996662139915,-0.31999993324279763,0.0,6.0,5.0,02-15,0.09666666885217036
12-03,0.6700000762939453,1.5899996757507324,0.8200001716613771,0.6099998950958261,-0.630000114440918,-1.4299998283386235,-0.3999999165534971,0.43000006675720215,0.1700000762939453,-0.15999996662139915,-0.31999993324279763,0.0,6.0,5.0,02-16,0.11250001688798277
12-04,0.5599999427795401,1.6299996376037589,0.7699999809265137,0.6499998569488534,-0.5700001716613787,-1.4100000858306883,-0.3199999928474426,0.440000057220459,0.1700000762939453,-0.0499999523162844,-0.2899999618530271,0.0,6.0,5.0,02-17,0.13166661560535411
12-05,0.5999999046325684,1.8599996566772488,0.7699999809265137,0.6699998378753684,-0.9699997901916504,-1.4800000190734872,-0.18999999761581432,0.440000057220459,0.1400001049041748,-0.10000002384185812,-0.1499999761581421,0.0,6.0,5.0,02-18,0.13249997794628174
12-06,0.5700001716613771,1.8599996566772488,0.93999981880188,0.5999999046325679,-1.05999994277954,-1.3799998760223389,-0.07999998331069957,0.4700000286102295,0.1700000762939453,0.23999989032745386,-0.23000001907348636,0.0,7.0,4.0,02-19,0.17499997715155313
12-07,0.5700001716613771,1.799999713897706,1.1099998950958252,0.5800001621246329,-1.0600001811981192,-1.3899998664855957,-0.07999998331069957,0.440000057220459,0.4400000572204594,0.2899999618530273,-0.31000006198883057,0.0,7.0,4.0,02-20,0.19916666050752016
12-08,0.5700001716613771,1.8599996566772488,0.9600000381469744,0.5999999046325692,-1.080000162124633,-1.3899998664855957,-0.09000003337860119,0.4099999666213989,0.5199999809265141,0.5099998712539675,-0.33000004291534424,0.0,7.0,4.0,02-21,0.21166662375132306
12-09,0.630000114440918,2.0199999809265154,0.9299998283386229,0.6700000762939453,-1.080000162124633,-1.3599998950958252,0.0499999523162844,0.4299999475479126,0.5999999046325684,0.5900000333786009,-0.33000004291534424,0.0,8.0,3.0,02-22,0.2624999781449638
12-10,0.5900001525878906,2.09000015258789,1.0399999618530271,0.6700000762939453,-1.080000162124633,-1.3700001239776616,-0.020000040531158447,0.3899999856948855,0.559999942779541,0.5900000333786009,-0.33000004291534424,0.0,7.0,4.0,02-23,0.2608333279689154
12-11,0.6399998664855957,1.6700000762939444,1.0,0.6200001239776611,-1.0099999904632568,-1.5199999809265137,0.0899999737739563,0.39999997615814187,0.559999942779541,0.5400000810623165,-0.3500000238418579,0.0,8.0,3.0,02-24,0.22000000377496076
12-12,0.4200000762939453,1.559999942779541,1.0,0.3199999332427983,-0.9899997711181632,-1.5199999809265137,0.07999998331069967,0.39999997615814187,0.5799999237060551,0.3999998569488521,-0.4800000190734863,0.0,8.0,3.0,02-25,0.1474999934434892
12-13,0.5500001907348633,1.559999942779541,1.180000066757202,0.35000014305114746,-0.9199998378753652,-1.3300001621246342,0.009999990463257169,0.3600000143051145,0.6199998855590834,0.5100001096725468,-0.5300000309944152,0.0,8.0,3.0,02-26,0.1966666926940284
12-14,0.5500001907348633,1.6499996185302743,1.3599998950958243,0.4000000953674321,-0.9000003337860116,-1.2100000381469729,0.009999990463257169,0.3899999856948855,0.7400000095367432,0.5800000429153447,-0.5200000405311587,0.0,8.0,3.0,02-27,0.2541666179895401
12-15,0.5500001907348633,1.4600000381469718,1.5199997425079337,0.4000000953674317,-0.9600002765655526,-1.2100000381469729,-0.020000040531158447,0.2899999618530273,0.8099999427795397,0.5599999427795412,-0.5300000309944153,0.0,7.0,4.0,02-28,0.23916662732760086
12-16,0.9500002861022948,1.570000171661376,1.4500000476837176,0.43000006675720215,-0.9600002765655526,-1.1299998760223389,-0.03999996185302723,0.1700000762939453,0.8099999427795397,0.5099999904632571,-0.5300000309944153,0.0,7.0,4.0,03-01,0.2691667030254999
12-17,0.8499999046325684,1.6500000953674323,1.4199998378753662,0.43000006675720215,-0.9500000476837158,-1.1299998760223389,-0.09000003337860119,0.06000006198883034,0.7599999904632568,0.5099999904632571,-0.5100000500679016,0.0,7.0,4.0,03-02,0.24999999503294634
12-18,1.0500001907348642,1.679999828338623,1.3500001430511477,0.380000114440918,-0.9500000476837158,-1.3099999427795397,-0.1199999451637268,0.06000006198883034,0.7599999904632568,0.5499999523162842,-0.559999942779541,0.0,7.0,4.0,03-03,0.2408333669106167
12-19,1.130000114440918,2.179999828338623,1.3500001430511477,0.4100003242492685,-0.990000009536744,-1.3400001525878906,-0.18999999761581432,0.06000006198883034,0.7699999809265137,0.6700000762939458,-0.7400000095367432,0.0,7.0,4.0,03-04,0.2758333633343379
12-20,1.2300000190734863,2.179999828338623,1.170000076293945,0.2799999713897696,-1.0000000000000009,-1.3000001907348633,-0.1999999880790712,0.13999998569488506,0.7400000095367432,0.7000000476837158,-0.6000000834465027,0.0,7.0,4.0,03-05,0.2783333063125609
12-21,1.2300000190734863,2.1100001335144043,0.75,0.2600002288818377,-1.069999933242798,-1.4100000858306885,-0.1999999880790712,0.17999994754791282,0.6799998283386229,0.7300000190734863,-0.6200000643730166,0.0,7.0,4.0,03-06,0.22000000874201472
12-22,1.2300000190734863,2.070000171661377,0.7500000000000009,0.2200000286102295,-1.0599999427795397,-1.4100000858306885,-0.1499999165534972,0.12000000476837157,0.6899998188018803,0.8200000524520874,-0.6400000452995303,0.0,7.0,4.0,03-07,0.2200000087420148
12-23,1.2100000381469729,1.9199995994567869,0.5199999809265132,0.14000010490417525,-1.0599999427795397,-1.430000066757202,-0.06999993324279763,0.12999999523162908,0.5900001525878906,0.7400001287460332,-0.6400000452995303,0.0,7.0,4.0,03-08,0.1708333343267443
12-24,1.369999885559082,1.6599998474121094,0.2899999618530269,0.14000010490417525,-1.0599999427795397,-1.3500001430511468,0.009999990463256614,0.06000006198883056,0.5300002098083496,0.7400001287460332,-0.6400000452995303,0.0,8.0,3.0,03-09,0.14583333830038722
12-26,1.119999885559082,1.6399998664855957,0.2800002098083483,0.18000006675720215,-1.0399999618530271,-1.2999999523162842,-0.1000000238418578,0.0,0.5300002098083496,0.7199999094009395,-0.7000000476837158,0.0,6.0,5.0,03-11,0.11083334684371933
12-27,1.119999885559082,1.6399998664855957,0.2800002098083483,0.12000012397766112,-0.9199998378753668,-1.4600000381469729,-0.08000004291534424,0.0,0.5299999713897705,0.7300001382827763,-0.75,0.0,6.0,5.0,03-12,0.10083335638046254
12-28,1.119999885559082,1.6399998664855957,0.3799998760223384,0.21000003814697266,-1.0299999713897705,-1.4000000953674316,-0.08000004291534424,-0.05000007152557373,0.5199999809265137,0.6700000762939453,-0.7599999904632568,0.0,6.0,5.0,03-13,0.10166662931442257
12-29,1.119999885559082,1.589999675750735,0.2999997138977051,0.19999980926513672,-1.0700001716613772,-1.4000000953674316,-0.039999961853027344,-0.08000004291534403,0.4600000381469731,0.6600000858306885,-0.8199999928474426,0.0,6.0,5.0,03-14,0.07666657865047481
12-30,1.200000286102295,1.3700003623962411,0.1899995803832999,0.21000003814697174,-1.0700001716613772,-1.4600000381469729,-0.029999971389770508,-0.11000001430511476,0.4899997711181641,0.7100000381469727,-0.8199999928474426,0.0,6.0,5.0,03-15,0.056666657328605576
12-31,1.2100000381469729,1.2599997520446775,0.06999969482421609,0.21000003814697174,-0.940000057220458,-1.5099999904632568,-0.049999952316283965,-0.2300000190734872,0.5099999904632568,0.7100000381469727,-0.8199999928474426,0.0,6.0,5.0,03-16,0.0349999616543449
