,2009,2010,2011,2012,2013,2014,2015,2016,2017,2018,2019,2020,ups,downs,avg
01-02,-57.514288766043514,11.348928114957989,1.3604726325755978,3.5782280840418306,-0.9274187318208932,10.245864319009511,4.364302727259791,-0.6727682444532905,4.368753250624481,-2.9381340465036487,19.309530510527008,-15.820950502916984,7.0,5.0,-1.9414567210618436
01-03,-37.12199592595112,13.015298152665807,1.3604726325755978,3.5782280840418306,-1.4536805504008314,9.448262655178835,3.6797307546559304,0.933242221191338,4.368753250624481,-2.7321120970163744,17.425044391763013,-40.9677075822234,8.0,4.0,-2.3722053344079077
01-04,-27.51514781605114,13.015298152665807,4.3247467135631235,5.165167216970313,-2.635853462288633,9.265964092043077,6.1503632354988875,0.933242221191338,0.9361357619758256,0.5347595828816455,16.088492250443466,-30.007568844042893,9.0,3.0,-0.3120334079290981
01-05,-27.51514781605114,11.693021408393758,4.9967288327176655,6.0789147564614225,-5.301045333194018,8.285713195800781,6.1503632354988875,-1.5075371685751713,1.0060787696734943,-1.251189298644278,15.146707181380771,-55.99139273513149,7.0,5.0,-3.1840654143057763
01-06,-34.66666481711648,10.815735800641551,6.173507543405731,5.657504090362443,-6.293572663860272,8.285713195800781,4.329342024344865,-0.1889746958815095,1.1719611985881564,-0.8514360709910596,14.921525814125063,-55.99139273513149,7.0,5.0,-3.886395942976018
01-07,-35.362767856209715,9.42153324994516,8.064513065317861,6.1286660917272755,-6.293572663860272,7.69643102373397,3.27311039104662,1.3263858018333194,1.7945933582039406,-1.9219939034786675,14.921525814125063,-53.28195002517332,8.0,4.0,-3.686127137732397
01-08,-56.733519688755706,11.02806638673544,8.156178841619571,5.471968536625079,-5.3804648395021815,8.995032103768436,5.285700353979014,3.5490223895324933,1.5124016310657118,-1.9219939034786675,12.404276811025296,-57.169575754128246,8.0,4.0,-5.400242260959481
01-09,-29.86594577598975,10.338025432787273,6.9450546096969425,5.471968536625079,-6.8017064208048765,9.837647551289038,4.815531958116662,2.106606603955706,1.5124016310657118,-0.844393296857444,11.639455868221756,-64.0975579982851,8.0,4.0,-4.078575941681583
01-10,-31.280383233838982,10.479321335563807,6.9450546096969425,4.571151617457254,-6.357692568351946,7.705903975348629,3.917210416036757,2.106606603955706,2.6089020445553603,-1.6886928241991597,9.3452922207323,-73.33504594132957,8.0,4.0,-5.415197645364408
01-11,-32.137031231979215,10.479321335563807,6.967028942736951,3.3758927805099463,-6.056101345341532,8.834918135736892,1.997738205624392,2.106606603955706,5.117673359101705,-4.584987157969697,9.122110463576927,-56.14797350242095,8.0,4.0,-4.243733617575422
01-12,-32.137031231979215,11.37229611107276,5.4358538817830215,5.5763897054449485,-6.656066664504019,7.779952063984232,1.997738205624392,3.4391937193499222,2.6192642909195114,-2.0522224310558683,11.026592263264394,-50.52828896512126,8.0,4.0,-3.510527420934765
01-13,-35.589996158336284,10.595600843379644,6.114759761543023,6.690280693506696,-6.656066664504019,7.779952063984232,2.210265156584205,4.442653233856262,2.1474315922450433,-0.5708569507178491,10.71725536000874,-50.52828896512126,8.0,4.0,-3.55391750279763
01-14,-23.6155447486012,10.342570718346675,4.002141469608091,5.223739651708673,-6.656066664504019,6.925404159616108,0.534149975385545,3.229191823127147,1.4620875119158658,-0.5708569507178491,10.71725536000874,-50.121057649370634,8.0,4.0,-3.2105821119564038
01-15,-34.076433543093835,10.701644147028707,3.1437071402308376,5.396343126619851,-7.987276965656674,6.944443038342916,-0.11444364845388807,5.1869073409944715,1.326830487465604,-0.5708569507178491,10.006800777020796,-47.825618488067576,7.0,5.0,-3.9889961281905535
01-16,-50.532578703675775,8.801153295495226,3.5767516745034174,5.396343126619851,-7.236115194197858,7.919919827382341,0.8154683037675747,5.868892489568938,1.326830487465604,-0.5708569507178491,10.306888954624519,-48.45448649791517,8.0,4.0,-5.231815765589932
01-17,-16.928348592122926,8.801153295495226,3.5767516745034174,5.396343126619851,-5.996443038181097,8.547979586023585,-0.02847988762718328,5.8317545126736325,1.326830487465604,0.7293367218396362,10.053784152195815,-50.12908663195635,8.0,4.0,-2.4015353827558976
01-18,-17.904424598405377,8.801153295495226,3.5767516745034174,4.506066125238722,-7.2935341602534205,8.210180688934793,-0.02847988762718328,5.8317545126736325,0.7763771004353017,1.6555761202058712,10.290867695176154,-52.18475062518762,8.0,4.0,-2.8135385049008743
01-19,-17.904424598405377,8.801153295495226,5.503427838354001,4.981422834511579,-6.637946759165544,8.04329083595441,-0.02847988762718328,5.8317545126736325,2.990715659197856,-0.4034232401309036,11.917739592427,-64.64516200627749,7.0,5.0,-3.462494326916066
01-20,-17.904424598405377,8.443799761975843,6.8261900816133405,5.085066553251846,-5.471096842781052,8.04329083595441,-0.02847988762718328,8.836955614671155,2.8341633975134672,-1.0475478793043538,12.40152969448456,-64.64516200627749,7.0,5.0,-3.052142939577569
01-21,-16.307286524493954,12.7600433643173,6.561105782983301,3.938957857436048,-5.471096842781052,8.04329083595441,-0.5797706103132866,8.838086196154375,2.42809103608598,-0.44744798238759337,12.40152969448456,-64.64516200627749,7.0,5.0,-2.7066382665697835
01-22,0.8395262308712521,17.367273399187965,6.303699336311383,3.938957857436048,-5.471096842781052,7.108224315560743,-1.5823537232833131,6.509806315104155,2.6607975807932607,-0.44744798238759337,12.40152969448456,-69.18610444547618,8.0,4.0,-1.6297656886815637
01-23,-7.964163112580262,18.020406155473218,5.580479764517769,3.938957857436048,-3.080276688653389,8.090444699712389,-0.35169164130243113,7.258129031963568,2.6607975807932607,-1.0006535757046109,12.42749392198566,-71.17051760902645,7.0,5.0,-2.132549467948767
01-24,-19.496858429354454,15.717244595293876,5.580479764517769,2.7658574802885343,-2.588235294117647,10.019730921981274,-3.3832710246948268,7.888978770061673,1.4608269224316974,-0.79332726534275,12.509036404968555,-56.536587958541574,7.0,5.0,-2.2380104260423233
01-25,-19.496858429354454,15.717244595293876,4.808595471241831,-0.135121502580563,-1.6058625022104565,11.04383791720526,-3.2352650464966337,7.888978770061673,3.2104578952214884,-1.421958691899426,10.534705452424408,-52.21237611909035,6.0,6.0,-2.0753018491819457
01-26,-19.496858429354454,16.209214123941727,2.6568230718042267,-0.8952881956207464,-0.4708291522039562,10.278689453002082,-3.2352650464966337,5.903051572857227,2.4725176368860984,-2.3726260480810506,9.039915605379779,-52.21237611909035,6.0,6.0,-2.6769192939146707
01-27,-19.90702444639949,15.43859353419942,0.20232396336590905,-2.81092661137944,0.9465740325192732,10.278689453002082,-3.228111294900009,5.601774618580141,3.612233038671274,0.09057275678521028,9.769489632700793,-52.21237611909035,8.0,4.0,-2.6848489534954325
01-28,-26.680949895338532,16.541160608641654,2.1736811560227745,-3.5544827990009145,0.9465740325192732,9.409945157739676,-4.0990093730176635,9.188168701081826,4.79426841395023,-0.32244679577405416,9.769489632700793,-52.36346546089412,7.0,5.0,-2.8497555517807545
01-29,-0.4083404786787163,16.24273040329109,0.07412081005357925,-2.0905984741817805,0.9283737571333436,7.55788040815431,-4.259340407298066,8.423957693354497,4.79426841395023,-0.32244679577405416,8.671146797401892,-43.05874030308649,7.0,5.0,-0.28724901464001346
01-30,1.073797614319556,16.381140770483928,-0.32958239000077216,-2.0905984741817805,3.6195818683172463,6.3719103349360475,-1.2621256548465467,9.976779949005891,4.79426841395023,1.2649845538661877,5.771029548929463,-35.46226069612323,8.0,4.0,0.8424104865546843
01-31,-11.450381901678071,16.5481030342483,-0.32958239000077216,-3.5838787584737646,4.603118705110076,6.3669490194668406,-1.8597987147809272,9.380606133521699,4.333850657907743,-4.106704685872221,4.365801942931087,-42.55171995205072,6.0,6.0,-1.5236364091392272
02-01,-2.1693499611544937,16.5481030342483,0.3083148235749259,-4.0486199068033555,2.829146712631134,9.1874332329995,-2.725475178392798,9.380606133521699,5.359098222187368,0.5921593623328071,4.283115830183322,-35.475016801200205,8.0,4.0,0.33912629201068434
02-02,-2.1693499611544937,15.387488611369214,2.4642299923562656,-5.892318896206937,4.5923480647820805,9.1874332329995,-2.725475178392798,10.541492610276398,3.726389383522197,0.9790908878553038,1.3406732210741108,-43.629612490592415,8.0,4.0,-0.5164675435092972
02-03,0.37322102029052256,14.78728956963822,3.2530327903744904,-5.564276824378004,4.382835461068064,9.1874332329995,-3.8977154746294826,10.614097255748812,4.493310525231463,5.656968202137194,1.3406732210741108,-43.629612490592415,9.0,3.0,0.08310470741353981
02-04,5.5258455508331625,16.07355245378055,3.0837932675641784,-3.4832117248276715,4.382835461068064,7.7489536611131395,-2.5058195747842724,9.51535858683693,3.2562236555735797,5.047996242125332,1.3406732210741108,-45.02407415330598,9.0,3.0,0.4135105539209268
02-05,9.17955943277544,15.19253267835576,2.5421995961352506,-4.045399781598594,4.82203699177772,8.691929237544846,-5.263533573467493,11.476039381080673,2.494791753999442,5.047996242125332,1.6460535866963932,-54.20431383989366,9.0,3.0,-0.20167569120574014
02-06,-12.975443598591006,18.311686330027406,2.5421995961352506,-4.045399781598594,4.4462764876304925,7.6130481292455805,-3.343351843243604,15.250876996403818,2.494791753999442,4.5680211936050465,0.14415903505258765,-51.1832511861911,8.0,4.0,-1.3480322406270566
02-07,-4.011336811496802,19.296895617669662,2.5421995961352506,-3.1237884783710084,5.118399444791313,7.151965553727057,-2.5005469489730148,13.630707401675176,2.9996981777823293,3.351768160503952,0.2857394293678956,-56.069556981162826,8.0,4.0,-0.9439879865292516
02-08,-8.530482434255912,19.296895617669662,2.3569378645674006,-2.574031117063296,3.4172342456788374,6.855354479144987,-2.695779124352688,13.630707401675176,2.28014860319859,5.6084241365131575,-0.6461351767450478,-61.89076463650115,7.0,5.0,-1.907624178372524
02-09,-8.530482434255912,19.41236925093717,3.43457261745688,0.2666147288582828,2.8869187477209275,6.3474519922456825,-2.695779124352688,15.317059820432911,1.764056768371479,2.7074891620896424,1.0905749945350267,-57.89126122552632,9.0,3.0,-1.32420122512391
02-10,1.88807559973448,21.267482025937248,3.579012015428161,0.6509671751249893,2.8510762282688304,6.3474519922456825,-4.182848834252391,13.064893577105718,-0.9112182958394476,2.7862233905224305,1.927317250355892,-57.89126122552632,9.0,3.0,-0.7185690917412279
02-11,3.9730824500493056,21.707651051248835,4.310516505892647,1.5919389441481766,2.8510762282688304,6.58601275968592,-2.8387940044528093,16.398759344829546,-0.5896792408259905,2.687627039703996,1.927317250355892,-59.060333222879464,9.0,3.0,-0.037902074497927415
02-12,11.958264579104734,21.427686692763004,5.527483279193223,2.163324203972201,1.2456158962289556,6.843177029056246,-3.4742936930188733,16.453845684344948,-5.818607084020214,2.687627039703996,2.3907605867528483,-63.09042651679694,9.0,3.0,-0.14046185855965554
02-13,9.999995835483249,16.75627689075813,6.399054551107197,2.163324203972201,0.8051853049603995,6.185568685642639,-2.3802603096205543,15.518959527100256,-5.818607084020214,1.8002005230829607,1.6042333398871766,-61.111112049259084,9.0,3.0,-0.6730983817421367
02-14,19.824445521368922,17.47462403448949,6.399054551107197,3.4182445847588867,0.3897171587898847,6.204567859625324,-1.3733240424021158,15.551304930177604,-6.62740079555383,4.23820239137889,2.803940433340726,-56.39472772689263,9.0,3.0,0.9923874083490288
02-15,22.767582044506163,17.47462403448949,6.3009109896977336,4.355109198816301,1.7773728028270208,5.283756614457277,-3.9813129617344702,15.551304930177604,-7.929199169105099,4.124128663308872,1.3000514862948171,-51.96249610650939,9.0,3.0,1.255152710602193
02-16,22.767582044506163,17.47462403448949,8.257852953968094,2.7829312755766957,1.9007601437028487,4.968413629118157,-3.9813129617344702,15.551304930177604,-8.088466024636434,1.4578735022420024,2.1871781816827114,-50.13739898914599,9.0,3.0,1.2617785599955738
02-17,22.767582044506163,21.585322139041075,9.585761752683524,3.1501188564520786,1.251035435383253,4.968413629118157,-3.9813129617344702,13.636709223370554,-8.049146351458546,2.6738394295722974,2.399940257060572,-50.13739898914599,9.0,3.0,1.6542387054040564
02-18,22.05584402071268,15.863558254383692,8.75120148307811,5.840550033812642,1.251035435383253,4.968413629118157,-7.157434355260482,13.378859057978769,-9.435599214183217,1.1753978955728537,2.399940257060572,-50.13739898914599,9.0,3.0,0.7461972923759213
02-19,20.739303598424627,18.329041896522728,9.432508747634788,5.547945453840526,1.251035435383253,6.250534389932065,-4.151940127241868,14.270459154429627,-11.250902165656132,1.1753978955728537,2.399940257060572,-49.104747315757145,9.0,3.0,1.2407147683454909
02-20,22.688406521562037,17.379513067254607,10.056455766339498,5.547945453840526,2.3289941063520683,6.1009714935130726,-4.8288817723287405,11.682314929939187,-11.250902165656132,1.1753978955728537,1.0130215323348326,-58.09749024692786,9.0,3.0,0.31631221514966273
02-21,26.42092559353068,16.95986401681943,10.056455766339498,5.547945453840526,2.8734598397194784,5.848895764986664,-8.700346556362428,12.115178031083394,-11.250902165656132,4.90067413861336,0.12617692743720332,-62.57388397023932,9.0,3.0,0.19370357000936167
02-22,30.310124393950858,16.95986401681943,10.056455766339498,5.690453478052821,2.6920634246431887,5.492909994259403,-9.54527738973523,12.115178031083394,-12.393613175915196,4.490486660522883,-1.3900311219548702,-65.10351778526784,8.0,4.0,-0.05207530893347112
02-23,30.310124393950858,18.297824639616973,10.739996332852764,4.4650299500566435,5.7026298653643375,6.798651981720844,-9.54527738973523,12.429164595917303,-12.324452344640967,2.5614178542824377,-2.3939761762040828,-73.33094166591239,8.0,4.0,-0.5241506635608744
02-24,21.92315501874498,14.50724064066969,10.529376454092562,5.358293407951233,6.136626272162492,6.798651981720844,-7.469880346892247,13.097966765783884,-11.79278972524672,1.0914689048876038,-3.186021421436092,-73.33094166591239,8.0,4.0,-1.3614044761228463
02-25,17.982366978566596,11.394399508766837,9.822973681598949,5.4642776158880695,6.136626272162492,5.5602347462561115,-4.6844134312618815,12.009162967371836,-13.612736973964806,2.2696174606231136,-3.186021421436092,-64.20509366529384,8.0,4.0,-1.254050521726884
02-26,28.901179397897824,15.85532332404947,9.261187210591283,5.008348674794261,5.965166281008487,6.433727691742218,-2.1750497687377153,13.888260492335016,-13.705095675351204,2.2696174606231136,-2.6345921648570614,-57.72860345819088,8.0,4.0,0.9449557888254
02-27,25.894104459598392,15.869891943863585,8.228089122017396,5.008348674794261,5.579788566488502,7.117139728946005,-5.021405921819112,14.264256588798284,-13.705095675351204,3.8148876167159087,-1.1690982168424764,-47.566441831728795,8.0,4.0,1.5262054212900622
02-28,31.89135220423875,16.456630399117273,8.228089122017396,5.574106986868186,6.607934803282977,6.144085945488586,-5.625332773329444,12.803663321856018,-13.014146133235824,4.804997091396503,-0.3630555201300508,-53.75626222627292,8.0,4.0,1.6460052684414552
02-29,0.0,0.0,0.0,6.146020410393771,0.0,0.0,0.0,12.803663321856018,0.0,0.0,0.0,-70.80106515146771,2.0,1.0,-4.3209484516014935
03-01,25.66974573208765,16.456630399117273,10.399919121991848,5.391927310063234,6.663066247438639,5.549009640237061,-6.2074251735344275,9.809012174625822,-13.691849856986623,5.129439937531943,-0.6643212221944527,-79.86629384632235,8.0,4.0,-1.2800949613286967
03-02,25.66974573208765,16.040621646737485,10.874997652494004,4.706099066754437,5.4570124699519225,5.564910488535611,-6.2074251735344275,10.161368250384433,-12.088634713126226,2.8667119129715544,0.5337880493196051,-79.86629384632235,9.0,3.0,-1.3572582053121902
03-03,26.240668692795246,14.97028683442958,8.727313180010244,3.2676087858531404,6.4978089305498425,5.564910488535611,-6.199775340160644,8.96509015192153,-12.403548576829582,-1.9831937902113967,1.1875392823503008,-77.67378138276854,8.0,4.0,-1.903256061960389
03-04,27.651431524966807,11.547313467637998,11.339509892171607,1.7828227261545595,6.4978089305498425,4.3694245620002965,-2.9544109353433776,9.34943502468984,-12.027457489902025,-3.6202166703699588,1.1875392823503008,-80.07822765676515,8.0,4.0,-2.079585611821606
03-05,29.97554165815564,9.31803421664447,11.560201992981046,1.7828227261545595,5.799698525231867,5.185869262508935,-3.2145522859354188,9.00375636070565,-12.4460228582838,-3.6202166703699588,0.4481336218170469,-82.42828725124559,8.0,4.0,-2.386251725136295
03-06,34.805833704587705,5.210915345007161,12.64781275411618,2.23090509248451,5.846950530768512,6.409186771567148,0.3648203732274196,6.758348506185535,-12.4460228582838,-4.252045432678562,1.6405661077290368,-63.82058733611017,9.0,3.0,-0.3836097034499429
03-07,31.187803694691443,4.5627890617460265,12.64781275411618,-1.3273016284268186,7.6492025711799165,7.5499979654948035,-1.1620084405503566,6.758348506185535,-12.636998432566152,-4.691231747027911,0.8903757852311144,-57.877153806417894,7.0,5.0,-0.537363643028676
03-08,30.466412424257978,4.5627890617460265,11.67344285759547,-1.0310309182206994,9.507473921494142,7.612689911737196,-1.2227176600884766,7.976425560612108,-11.490812405889384,-4.4581103287761685,-0.2194591247708917,-51.99801784879961,6.0,6.0,0.11492378757480695
03-09,30.466412424257978,4.6811374689431995,12.080161686600768,1.1497608129528851,9.206733362007093,7.1086874630576276,-1.2227176600884766,5.1491413739583125,-9.106682463041619,-4.5942974811831325,-0.33898075197153743,-51.99801784879961,7.0,5.0,0.2151115322244562
03-10,19.426618538693507,-1.0175988054835958,12.38159236140744,-0.4744363570497586,7.921052409464653,7.1086874630576276,-1.0801908842382937,5.844518593728195,-7.766664456161497,-5.300234659551724,-0.5586518170525886,-61.16541051767182,5.0,7.0,-2.056726510904823
03-11,21.58750489997601,2.357614277214404,9.940102028415222,-0.16409089908218233,7.921052409464653,5.237094237396404,-0.9526699390289406,1.3982686105967672,-7.0912669479139785,-4.659495107953687,-0.5586518170525886,-50.055670132284995,6.0,6.0,-1.25335069835441
03-12,16.076414797029695,-0.5025163118077605,10.874403110860419,-0.16409089908218233,7.266129073098421,6.361730368428357,-3.8566172359923248,2.494835034499581,-7.0648993082085525,-4.659495107953687,-1.9175548523257568,-40.020015344715716,5.0,7.0,-1.2593063896807928
03-13,17.055975090985726,1.02900474892329,11.585012233781947,-2.0366801558193397,7.142224840604113,5.589379748815781,-2.3406342474902866,2.027782909316016,-7.0648993082085525,-4.409436410520322,-1.947747577756592,-50.05767767339563,6.0,6.0,-1.9523079833969872
03-14,27.31049036169032,-0.29794316307438995,11.585012233781947,-1.4285746898956695,6.171199083768148,5.9372676566807225,-4.587369098875631,2.027782909316016,-6.61359624809332,-4.684500341755154,-2.804379381407889,-14.682920202325196,5.0,7.0,1.4943724266508245
03-15,23.54739857304655,-0.29794316307438995,11.661863177324062,-0.663137714343452,6.3945235550426345,6.8421471750302825,-4.087668257772858,1.5088610549382784,-9.124478949676472,-5.372839495452417,-0.5453728203319833,-9.143117858127106,5.0,7.0,1.7266862730502606
03-16,23.54739857304655,-2.505425508216478,13.150811731678367,-2.012521904664217,5.793974226718147,5.959765656725859,-4.087668257772858,-0.08781782570299485,-8.573775994973127,-6.329967017333442,-0.10546093382179847,-9.143117858127106,4.0,8.0,1.3005162406297417
03-17,16.207947502831455,-4.469126781449246,13.348454604020136,0.15190701540669752,4.444244082136788,5.959765656725859,-4.2848429169814715,-1.7628180243952445,-9.756904916492529,-5.762141679643773,-1.0186212898554152,-19.175767647174037,5.0,7.0,-0.5098253662392319
03-18,12.587410043591332,1.7665192451274958,13.92834095076906,-2.4349859205083506,4.444244082136788,5.104781065800157,-7.282403351435504,-0.9967306941221848,-10.172157711115961,-3.398019830679049,-1.0186212898554152,-0.5127585885237947,5.0,7.0,1.0013015000987144
03-19,18.418877446375948,1.0302567975785726,14.739272215603675,-2.4349859205083506,6.178138491819519,6.260464635733138,-8.551868969914969,-0.2547159928522096,-9.718101669291656,-3.398019830679049,-0.524517237095616,0.4768593232164738,6.0,6.0,1.851804940832124
03-20,30.032075423935748,-0.4610702901280403,12.00229157992635,-2.3473299942439576,5.964360843954343,6.496522992591433,-9.935436716646882,0.91259826649304,-9.718101669291656,-2.898551539456689,-0.8256263674119354,7.865168539325843,6.0,6.0,3.090575089087299
03-21,18.229800747497922,-0.10501684265450448,12.00229157992635,-1.3795765711990469,5.50760240733235,5.748556236493545,-11.707955013837342,0.91259826649304,-9.314206603023397,-2.1187500223205378,-1.5898508002320728,13.612680305869286,6.0,6.0,2.4831811408621327
03-22,19.936398966824413,-0.10501684265450448,12.1737530958531,-2.0432333873337454,6.922292058910532,5.692136280737804,-13.166539301313298,1.4082298064134933,-8.616020938943791,-0.8888903959297839,0.2427424105090132,18.432070799247345,7.0,5.0,3.3323268793600485
03-23,19.936398966824413,0.19690407623786124,12.910324566526755,-3.729934794430549,7.40638744734923,5.942975680805062,-13.166539301313298,2.3652381625833288,-9.390328077680651,4.1595851762907525,0.7569449666035687,18.432070799247345,9.0,3.0,3.818335639086985
03-24,26.416220538174844,-0.6476312979811852,12.48205299431275,-2.8447751975802222,6.45340675284546,5.942975680805062,-12.572317443175775,3.059943707988463,-8.376961749607949,1.8424500076937431,3.010794707757693,8.321126754714808,8.0,4.0,3.5906071213289743
03-25,30.616864848387532,-6.85142175965866,9.999030894649822,-0.3361241839504136,6.45340675284546,5.544009894686336,-10.748473776904076,1.6763712374823034,-8.591753074359586,2.2347262459259687,3.010794707757693,6.320236507302581,8.0,4.0,3.2773056911804135
03-26,25.35770747002939,-5.64337151944591,10.804862806339447,-0.3361241839504136,6.6666619506137295,7.880279500482675,-11.277542655347336,2.3144883091712973,-7.878093898646845,2.2347262459259687,1.7827996256076557,8.957270979657164,8.0,4.0,3.405305385869734
03-27,31.509021006326666,-3.3197789253801826,10.75361804473441,-0.009605432146647492,8.441321267963854,7.268253075838246,-10.969124477458562,2.451789520940555,-7.878093898646845,1.419132089640178,2.6344851329268377,12.448678155469342,8.0,4.0,4.562474630017321
03-28,37.264152110450475,-2.1843972037278307,10.75361804473441,-0.4622083427889585,7.9683090743455,4.885584247944228,-13.900232760983146,2.451789520940555,-7.878093898646845,-0.8334730310123977,1.8801391669660676,10.898114202081473,7.0,5.0,4.236941760858627
03-29,35.8133915742672,-2.1843972037278307,10.447192981161614,1.2737608144132455,8.068056823496137,2.899532223342117,-12.700046446099675,1.0150781656951875,-6.965743084678751,-0.4647368020651429,0.5570823537092128,7.179233481637383,8.0,4.0,3.7448670734292246
03-30,35.8133915742672,-2.1709931084955687,8.93757356863069,-3.042495330936301,5.986904990202046,2.1111121544471154,-12.700046446099675,1.7522054440209571,-4.902592720994621,0.6949542074137547,-1.3239615828691105,7.179233481637383,7.0,5.0,3.194607185935324
03-31,29.559623764835454,3.517073684785706,6.26544501859885,-3.08642132199782,5.6515178678033315,2.1111121544471154,-11.29772965371906,0.8968212858151088,-4.169619248138208,0.4997137805165626,-0.893797300855825,7.908135844509971,8.0,4.0,3.0801563230500983
04-01,28.942519713300786,4.492527933655354,5.027054140329369,-3.6551715117957206,5.6515178678033315,1.1025648850661058,-10.207470547810065,-0.13373046355591678,-4.888822419615376,-1.3856393910087643,-0.893797300855825,7.9274183261705975,6.0,6.0,2.6649142693069896
04-02,27.1549219481336,1.8546570541046885,6.320895953477201,-3.6551715117957206,4.111901418937071,0.6451612903225806,-11.760503077804275,-1.0141013840260718,-5.054494856304727,-1.3856393910087643,-2.4951632955303427,14.346383201549651,6.0,6.0,2.422403945837908
04-03,14.11207696666346,4.057721807138924,4.3646116608770535,-3.300491107508466,6.779204025080722,1.121477258773718,-13.645083855341067,-0.6393539687303943,-5.054494856304727,-1.9949910924592165,-2.3446732548069766,12.543440142717508,6.0,6.0,1.3332869771750444
04-04,15.178380385964925,3.306396685665709,4.3646116608770535,-0.3875608268841504,4.160227408495069,-0.26723927464979674,-12.815427675039125,-0.6393539687303943,-5.710000947799494,-2.535870024338596,-2.0118352678250058,8.520719072563491,5.0,7.0,0.9302539356916406
04-05,13.21814045946258,3.306396685665709,4.3844024792511656,1.2207984792547508,4.477212268845231,-1.3740341424534637,-12.024264491761265,-0.26836871997684786,-5.413261671690967,-1.8237797956506607,-1.154972072958893,6.839182810185457,6.0,6.0,0.9489543573477328
04-06,13.21814045946258,1.292720106380981,6.686777555024773,3.382888287752766,3.1204979195491425,0.32492284167066365,-12.024264491761265,-1.05878950152852,-6.692035068355137,-1.7582201477241117,-1.2247877478475988,6.839182810185457,7.0,5.0,1.0089194185674777
04-07,21.015118148097095,3.413784313194225,8.736651404207201,3.7223419046840887,-0.20463325861005746,0.32492284167066365,-9.928288142102113,0.37888021760484203,-7.033291517081077,-1.128139401461865,-0.5244000034229683,4.846984724209276,7.0,5.0,1.9683276025824423
04-08,19.737683985742823,3.920588754182402,11.137392703517962,3.932159835018863,-0.20463325861005746,-0.265074985957869,-9.071754788191251,-0.2128531933061361,-7.692914323946058,0.9156154249071572,-0.5244000034229683,-5.356956377692593,5.0,7.0,1.3595711476868562
04-09,6.846994684414415,1.3099898268332122,11.20585246668618,3.932159835018863,-0.7534160008362325,1.4996159123716433,-8.397132898682832,0.5407906825112195,-8.41591345808213,0.9156154249071572,0.014569753835597582,-16.791535373582658,8.0,4.0,-0.6743674287171303
04-10,1.1294330129429997,-1.4274441188818716,11.230802972319443,6.168279400945788,-9.236429455561028,3.3279858617439397,-9.520776009374897,0.9908688938204956,-8.41591345808213,-0.1814679412825618,0.2738379124543361,-7.401474429630864,6.0,6.0,-1.0885247798821958
04-11,3.1637174359259577,-1.2021405770545932,11.230802972319443,3.0779645505525286,-8.406905522442154,2.452432580024445,-9.682328547109838,0.9908688938204956,-9.359014408103947,1.1604198467499882,-1.7490920084633734,-8.596111463972917,6.0,6.0,-1.4099488539794969
04-12,6.374330571628509,-1.2021405770545932,11.53990206847634,1.2583442581401378,-7.5319142198224815,2.7791775995729497,-9.770164418428086,-0.8036192510038543,-9.412047696795485,5.3901247813003055,-3.1338837225465683,-12.119517026759805,5.0,7.0,-1.3859506361077187
04-13,6.374330571628509,-4.494972554915092,9.269799151236267,3.6410735127994247,-5.357490555038804,2.434074764068788,-9.770164418428086,1.254031141407469,-7.9238708304678305,4.210271407013484,-4.778287350289177,-12.119517026759805,6.0,6.0,-1.4383935156454044
04-14,15.935830508961393,-7.933727854433122,6.66602078413312,2.113349645042597,-4.090077807926934,2.434074764068788,-10.234636717225623,-0.2265160881722974,-8.860249314261688,3.251186531010393,-6.653698872963256,-17.828071611677863,5.0,7.0,-2.118876336120374
04-15,9.269843530402596,-1.6940358195808212,6.470249548634563,1.8777053219968196,-4.090077807926934,1.2931024199147316,-10.733411591467766,-2.434784056169736,-10.602016256313133,2.9942057989908637,-6.653698872963256,-10.694055443710491,5.0,7.0,-2.08308110234938
04-16,4.3274329266681315,-1.2592026695215148,7.660599481669312,1.8777053219968196,-5.408521719874429,0.3580241903385488,-11.544999056447294,-0.8376653163787764,-10.92470685972784,2.9942057989908637,-4.482485997537696,-7.828979823819051,5.0,7.0,-2.0890494769702435
04-17,-1.3318989087998878,-5.183854285095955,8.892253909081363,0.2022138541725516,-2.6389908621380345,0.9280338188219284,-13.051397859374909,1.1330840252198195,-10.92470685972784,2.108817741658628,-2.9368074222335463,-6.501619215013817,5.0,7.0,-2.442072671952475
04-18,12.914045595148346,-6.658256579524304,8.892253909081363,1.6975002564716342,-3.4227747876833634,0.4992418055183544,-12.681756739934025,1.1330840252198195,-10.008919818952283,3.281579977108142,-3.0930275140806684,-1.1728316222627395,6.0,6.0,-0.7183217911574769
04-19,12.914045595148346,-6.658256579524304,8.088161476125826,4.641511747908546,-4.81099733939798,0.7846779712427436,-12.681756739934025,0.27376472270080804,-9.335924940830052,4.847713219437863,-1.897751225726272,-1.1728316222627395,6.0,6.0,-0.4173036429259368
04-20,12.914045595148346,-7.933843499657136,7.1800174095408495,3.0912669729735684,-3.9137059856007057,0.7846779712427436,-12.681756739934025,2.1444922617633297,-9.30345758733622,5.318129697275693,-1.897751225726272,-1.1728316222627395,6.0,6.0,-0.4558930627143805
04-21,3.8364817647476888,-9.251480855501782,6.8293140070676825,4.6636858853554815,-2.610994785633351,0.7846779712427436,-12.995706574648334,3.032594810993455,-9.209892513102906,4.916195976251629,-0.2591237866727697,2.157553670614245,7.0,5.0,-0.6755578691071852
04-22,8.55003252848802,-11.396495082922149,7.057405621002139,5.251701510682398,-2.610994785633351,0.4303024985495211,-11.77433683518366,1.991975238300844,-6.2745070263091955,4.8322396724835235,-0.2591237866727697,-0.6885009396736466,6.0,6.0,-0.4075251155740273
04-23,-2.5606803157118714,-14.935443497708665,8.691691627052471,5.251701510682398,-2.196250270038434,0.4832963227276274,-12.457940496732759,2.5998360597638754,-7.968123906480818,4.8322396724835235,-2.7284402020285916,2.872752370445703,6.0,6.0,-1.5096134271287955
04-24,-6.564036058961826,-16.80660148033222,9.401556018493466,3.7097472452522684,-3.2879033052590185,-0.7156278641510282,-12.5193801442219,1.1256432732215786,-7.968123906480818,4.928559399104056,-2.179802541808844,1.0837415219552429,5.0,7.0,-2.482685653599087
04-25,-3.4794418751211484,-10.883614351649788,9.401556018493466,2.3681118243056014,-2.7286582413527407,1.0037068459145415,-10.275291342316123,1.1256432732215786,-8.927557970279555,6.147378455429768,-3.0484601663088884,-6.637970878320662,5.0,7.0,-2.161216533998662
04-26,-4.233046582802953,-10.883614351649788,8.741643064765363,2.4686887031850477,-2.1807105297651272,0.2529472396483677,-11.389543344563506,0.7073263659883793,-6.151535532488108,4.536819650420294,-3.4756257140848,-7.4902916435743485,5.0,7.0,-2.424745222910098
04-27,-4.233046582802953,-7.351939467246599,8.602443199234706,1.6692458702064796,-1.714662202168495,0.2781709595383544,-11.389543344563506,-0.4383660152041049,-4.878049400092559,2.8483052532593844,-2.5217733843970467,-7.4902916435743485,4.0,8.0,-2.2182922298175574
04-28,-6.304052217425268,-6.702782234140907,6.2934548268199775,0.18441397313975985,-2.1429916736361228,0.2781709595383544,-11.834133964423009,2.752785198105605,-7.306318759043253,3.528005455577918,-1.127967297155097,-10.835804596209206,5.0,7.0,-2.768101694070937
04-29,-10.961100301832461,-10.846730916651987,3.7388320246006703,0.642493774988119,-2.1429916736361228,0.9272515380500748,-9.551658442077906,4.214671984236933,-7.875959654049394,3.5969498900116736,-1.127967297155097,-15.50670446742053,5.0,7.0,-3.741076128411335
04-30,-13.296651488042409,-4.436496330747328,4.469122411698002,0.642493774988119,-2.4050156093441597,2.130506307747919,-6.564105715286463,3.5743182810323946,-6.473795572916668,3.5969498900116736,-2.8012251712695697,-11.202655891867412,5.0,7.0,-2.7305462594996577
05-01,-0.8452522644288144,-5.337302958653275,4.019915772777973,-0.7342846022637778,1.7887824674876982,0.9964786721301192,-6.581689293789284,4.02605956769408,-6.473795572916668,2.596477853795737,-4.09841682440068,-3.0037675103143124,5.0,7.0,-1.1372328910734335
05-02,-9.017992089940536,-5.843396799339796,4.019915772777973,-0.4683215143107893,1.1779657888438435,2.0935484048848783,-6.675760152595275,4.02605956769408,-6.381551874508648,4.844046605409155,-2.2222240163185063,3.00702960634305,6.0,6.0,-0.9533900584217144
05-03,-5.231219820269413,-5.843396799339796,4.305733181233153,2.432403382845638,1.0209618489925223,2.2000780104819055,-7.096824232245332,4.882510899015342,-3.672009693520428,4.319824075701427,-1.990908026122676,3.766905049082192,7.0,5.0,-0.07549517701212209
05-04,-5.231219820269413,-5.349948062459784,3.2045929844902057,2.3076950694640708,0.2648410187464327,2.475368690377405,-7.096824232245332,3.8863526833331608,-1.3722315860452163,2.2768450190656724,-1.8185964259229872,3.766905049082192,7.0,5.0,-0.2238516343652995
05-05,-1.6112166625079514,-4.41081848376067,4.814541099163951,3.1442579178397114,-0.14671804515119538,2.475368690377405,-4.4385327323397705,3.814775689076448,-1.924978623134,1.209514335333234,-2.820038563206924,6.170852093977307,6.0,6.0,0.5230838929722955
05-06,-6.347233834062803,-4.443849197575791,4.412577900459762,2.3329097605880533,-0.14671804515119538,3.088006729581947,-2.111275559819486,4.123639444188013,-3.701530707320557,0.8148890772449235,-2.820038563206924,8.764242010281963,6.0,6.0,0.33046825126732554
05-07,-2.2217593662373303,0.20984086834016394,6.351919594607553,2.3329097605880533,-1.1462631499484872,1.3464118606141455,-4.722465811569326,3.768637897992709,-2.6503842017527206,0.8148890772449235,-1.1065025727369249,7.7576031421268405,7.0,5.0,0.8945697582724669
05-08,-5.0290489465175785,-3.5398256932406134,6.072655881362588,2.4139798110353814,-0.27146449784107674,2.161233322415964,-5.9856904583689525,3.558140606048199,-2.6503842017527206,1.9173935935027813,-0.14572973944667011,2.9263879737629948,6.0,6.0,0.11897063758002473
05-09,-0.5020080398193121,-6.111989240227446,6.072655881362588,2.292703954944052,0.0635725133377558,1.2975204089456354,-4.338113832390235,3.558140606048199,-2.2931224013246707,2.0110433678120074,-2.186294708237459,8.38977521123563,7.0,5.0,0.6878236434738952
05-10,1.5538963673412394,-6.111989240227446,4.4731650224331485,1.573731785800902,0.10776391453241746,1.5532539323703836,-3.8989883433781274,2.931089458673991,-3.543472073885355,0.25561122180979473,-2.9672998430626563,9.963494567435278,8.0,4.0,0.4908547308202978
05-11,1.5538963673412394,-6.67718415982097,6.977575582678367,0.6968021805784598,0.08107778188344594,1.1715189998109805,-3.8989883433781274,4.841526446867353,-1.9594602051152692,-0.12880054028542692,-0.6997336722454864,9.963494567435278,7.0,5.0,0.9934770838124872
05-12,2.2423276676375234,-3.2726863624716307,7.3661680683564414,0.9397496442392412,-1.724300563020353,1.1715189998109805,-4.319856109607373,5.427579459771619,-1.6217126884566273,1.7965975764250601,-0.498817563848976,15.428390423823762,7.0,5.0,1.9112465460549724
05-13,14.237283946963206,-0.9878715811783976,7.131262318150146,1.1037569574715995,-1.724300563020353,2.0212828700169707,-4.906048607709022,6.478758388657915,-1.0564284159420383,1.9460240664103965,-0.498817563848976,18.23349332432173,7.0,5.0,3.4981995950244316
05-14,11.609995037238624,4.342511378297019,5.236936001499209,1.1037569574715995,-1.3482539091638106,2.0694221430326847,-6.55161130418266,5.790427217502496,-0.13292018697687755,1.9460240664103965,-2.071979893198991,15.407523439752186,8.0,4.0,3.116819245640156
05-15,15.723386982159846,3.895627112792325,2.2432017700708964,2.0419437047250315,-2.929525763034329,0.7578311527590541,-7.562080441950496,5.654523392005276,-0.13292018697687755,4.7008910206360355,-2.519137161084902,16.471643659589063,8.0,4.0,3.19544877014091
05-16,8.515042347799856,3.7895559634421567,2.2432017700708964,4.740714913966122,-1.4487438158456718,1.0786311992679918,-7.602946552613293,5.654523392005276,-0.4319985305318584,5.942815689030467,-2.5971085931850486,11.192798480919091,8.0,4.0,2.5897071886938323
05-17,7.100594128730124,3.7895559634421567,2.4114349501579126,8.195687116184612,-3.1751849552290303,0.4232031592315061,-6.325204150627417,5.957443108870832,0.6352583523491332,4.582082491219887,-1.0280449613524565,10.663424686191764,9.0,3.0,2.769187490764085
05-18,7.100594128730124,6.095169444322027,1.3991232280658108,8.648791505820839,-4.580569970220673,0.8100540004468663,-6.325204150627417,8.742112900154714,1.6839738062239842,4.079629204049835,0.6540825149367158,10.663424686191764,10.0,2.0,3.2475984415078827
05-19,9.84920768758714,6.226874867296982,0.996646505906456,6.6726793724633895,-6.311360628898963,0.8100540004468663,-5.596896542039733,12.959969862470146,-0.08270488056601172,5.847204978306104,0.6092497759959428,14.096475504244127,9.0,3.0,3.839783375267704
05-20,12.684470868054953,11.20879137258022,1.3684380528223838,6.924457877302054,-6.311360628898963,0.9753680545820279,-8.083348075826335,12.690392135988402,0.6892622863329911,8.972577191212244,0.6092497759959428,8.428679160481343,10.0,2.0,4.179748172552272
05-21,11.928168603556902,11.259992506908867,-0.0386483231884557,6.924457877302054,-7.1435246448354315,0.2511472834053597,-7.268013305149298,11.518769211139928,0.6566552078585706,8.972577191212244,0.15043020145391597,10.304178979831132,9.0,3.0,3.959682565791317
05-22,15.885077986340498,12.45987787526398,-0.3878916658558941,7.122300707104942,-7.609521775018588,0.4377813170655011,-6.5517228299021735,11.37383434526094,0.6566552078585706,8.163893078474892,-1.6265232741611573,9.5431307182309,8.0,4.0,4.122240974221866
05-23,15.674250766046026,14.0338634656406,-0.3878916658558941,7.342813043324001,-8.319708977897445,0.759469233043365,-6.665038632530703,11.37383434526094,-0.008203649910304674,6.927845693268732,-1.098738380047645,3.0845114891019336,7.0,5.0,3.559750560786967
05-24,20.13600797030649,14.0338634656406,-0.14545567541631238,7.920351281630268,-8.125785894049653,-1.7919049871774977,-8.195230222592254,10.362511695941386,1.487346497055755,7.4438480134854235,-3.675206588000941,2.435646631938815,7.0,5.0,3.490499349063507
05-25,20.13600797030649,12.632807357925135,-5.814191279116359,8.235397937279187,-6.957278179681642,-1.2357105178348962,-8.195230222592254,11.081134039914827,1.787152792535256,7.7024082906436036,-4.3714108435174674,2.435646631938815,7.0,5.0,3.119727831483392
05-26,20.13600797030649,13.01684901779521,-9.152816821794797,6.398291145780082,-8.280564903700542,-1.2357105178348962,-8.195230222592254,12.180703317323658,1.1405307746467668,7.969788445731156,-3.3315161038600087,2.435646631938815,7.0,5.0,2.756831561144974
05-27,22.08985689756167,7.80125144396168,-19.337826769927517,4.928241754087241,-8.280564903700542,-1.2357105178348962,-9.020259559641037,12.177870460790846,1.7404028997904213,7.9130046633098745,-3.3315161038600087,-0.577570202955712,6.0,6.0,1.2389316717985015
05-28,24.156223560138827,10.702226793363003,-11.563010100856145,4.928241754087241,-8.280564903700542,-0.5308880867391396,-9.4699218242589,12.391908925668426,0.6986097533599247,7.9130046633098745,-3.3315161038600087,2.5322065261148734,7.0,5.0,2.5122100797189524
05-29,21.443666048827502,10.261251981983118,-13.265726872471554,4.928241754087241,-6.388351292286104,0.4748018994872141,-8.59362042684725,12.385802504935784,0.6986097533599247,7.9130046633098745,-0.4965692785191693,5.464534093538156,8.0,4.0,2.902137069117062
05-30,16.588625912218212,8.387638060642178,-13.265726872471554,7.102785661017817,-3.064041614722328,-0.024864300801886344,-9.937364422951461,12.385802504935784,0.6986097533599247,5.552548480965191,-1.1365403296153576,1.0671399446894334,7.0,5.0,2.029551064772163
05-31,16.378877129659415,8.387638060642178,-13.265726872471554,7.018967350739207,-2.648560099685463,-0.3236240832587063,-9.744910721264624,12.385802504935784,-0.04123283016572213,5.560730310671475,-3.121304483915411,-0.9413653717722608,5.0,7.0,1.6371075745095265
06-01,16.378877129659415,8.387638060642178,-4.6555736337367115,8.729731929194807,-5.217725944691575,0.4774463409838088,-9.744910721264624,10.706009722318994,-1.4160740566655987,6.170364626006495,-3.5747981579160224,-0.9413653717722608,6.0,6.0,2.108301660229909
06-02,17.418278187030786,6.320707586003082,-4.31266823778728,9.307164564718754,-4.912478504747902,0.4774463409838088,-8.01101059777352,10.894835730308543,0.12244022795144476,4.7923521943606815,-4.943479500633617,-2.3137132334044437,7.0,5.0,2.0699895630841945
06-03,15.11725833519712,6.615642067439821,-1.1717984306026794,9.942518464999207,-4.912478504747902,1.2265438360140062,-5.956426556158532,11.022910496327679,0.15519271496582016,5.440766283632254,-4.943479500633617,-10.783862803949416,7.0,5.0,1.8127322002069808
06-04,9.431061973157265,11.389441328553977,-0.18443258357360645,9.942518464999207,-5.366981167990097,0.5126955635635445,-4.543964073761328,10.7411365573129,-0.17208808208909826,5.440766283632254,-5.166372967577491,-12.217977000239994,6.0,6.0,1.650483691332294
06-05,8.442502669108185,13.783620524776467,0.8454196218447113,8.756960949065466,-5.9950844954507065,-1.1697328870131356,-2.5937088355263542,11.072233191197054,-0.17208808208909826,6.550344665565312,-6.36556500983913,-18.293529316606687,6.0,6.0,1.2384477495860071
06-06,9.445139973500547,13.286035428204707,0.8454196218447113,7.018484472080157,-10.174947556541783,0.4247644591113183,-2.489219515982462,11.072233191197054,0.901416442780228,6.8525442056248975,-5.9901663470941475,-25.143065630347234,8.0,4.0,0.5040532286981669
06-07,8.92179649991703,13.286035428204707,-0.3842843116070745,7.077669569536557,-11.74315794213633,2.602899393272629,-2.9161899593377205,10.491324874644695,-0.5534493737417621,7.393111686951303,-6.051876555338158,-27.313776872156648,6.0,6.0,0.06750853651743534
06-08,8.92179649991703,11.266075896928593,-4.388244051852123,5.514639475121746,-7.651399713997276,2.9738316906530176,-2.9161899593377205,10.044242665877825,-2.311605274755612,6.800915017129032,-5.51768065442854,-27.313776872156648,6.0,6.0,-0.38144960674172346
06-09,8.109080640028663,8.148689427944715,-4.434100968758563,8.495733465745182,-8.452377366190808,2.9738316906530176,-2.0176452031100407,8.751333457260388,-3.7012514241547274,5.770420121005219,-5.451560126645441,-23.951531544107183,6.0,6.0,-0.4799481525274653
06-10,14.50919527656917,3.7424606548017048,-3.2656440936813995,8.717078585837568,-8.452377366190808,4.4242821099142065,-4.443527359855091,9.614435651725737,-6.261492803705468,5.384084848637929,-5.451560126645441,-17.450457920268306,6.0,6.0,0.08887312142831642
06-11,17.69360583543344,3.0786240326399223,-1.3358628251410432,8.717078585837568,-6.051585604604536,4.870313007407617,-6.843653613789829,10.067210995740915,-5.006193643797488,5.384084848637929,-4.71528499945199,-9.886059803549887,6.0,6.0,1.3310230679468849
06-12,14.15810090449408,0.8506383342610006,-0.5241285254165752,8.564777775263961,-5.0078805987751,4.697494014790816,-12.258520803530836,9.42643589710694,-5.006193643797488,5.569741115240741,-4.948013903353409,-10.799958635072992,6.0,6.0,0.3935409942675952
06-13,18.502350912814897,2.6170257640877583,-0.5241285254165752,9.033878531671832,-7.251425885739901,3.765035259708332,-15.140355929331514,9.42643589710694,-4.7666224680715805,6.850165241259368,-7.4465508867814565,-7.397345340158296,6.0,6.0,0.6390385475958172
06-14,18.78868906847672,2.6170257640877583,-2.0075145610747884,7.716378340486574,-5.8964960632955,4.243024117175005,-9.920043192791393,10.06769096425323,-5.6134818510264255,7.0985713804273765,-6.431550222353362,-10.471204560274368,6.0,6.0,0.8492574320075693
06-15,18.78868906847672,0.3808791754742008,-1.517132678338345,6.640941851936067,-7.562130759008528,4.518888764757096,-9.920043192791393,9.822764974145654,-4.791700756375391,6.646974055195937,-8.365023262582733,-10.471204560274368,6.0,6.0,0.3476585567179102
06-16,20.746196136707965,0.2479907921297949,-2.1272360060710427,6.177913390239012,-8.253044629619067,4.518888764757096,-10.728406419819548,9.060861375483832,-4.881499165556794,9.13469187325479,-8.022744560230805,-15.381037452117667,6.0,6.0,0.04104784159646361
06-17,23.861210012410165,2.14145860726768,-0.279815628362797,6.177913390239012,-8.253044629619067,5.350234681285163,-8.665127722622156,9.803505349755554,-5.29707266197045,9.002527517916187,-8.022744560230805,-10.058763063763974,6.0,6.0,1.313356774358709
06-18,23.903797227865947,1.1966460028597523,-2.135883887503484,6.177913390239012,-8.22384131215786,3.7369339002031743,-9.835356989515029,9.683160391333372,-4.692569494203983,9.002527517916187,-7.667409002420514,-6.622441227757753,6.0,6.0,1.2102897097382357
06-19,21.888414881877885,2.469290047361293,-1.3328213418794648,5.8471175724159705,-4.632605485382465,2.5109448444619966,-11.75692551946402,9.476918537037923,-4.692569494203983,9.071427436710428,-8.417564524230956,-4.477954721604411,6.0,6.0,1.3294726860916832
06-20,22.564278685229887,6.0139715374002005,-1.3328213418794648,5.6414820247437945,1.7677483830288403,2.495469300766169,-13.518885405201788,9.476918537037923,-4.8007292835186925,7.195897706894828,-8.337893855814741,-9.688374629724985,7.0,5.0,1.4564218049134972
06-21,21.185682925232477,6.0139715374002005,-2.3396321986636086,6.965890511615274,0.5463390815548921,2.458140125724212,-12.250914695586431,8.948839012322019,-4.1018389258950485,6.057110465976438,-5.9570232552171385,-7.6083150840780815,7.0,5.0,1.6598541250320995
06-22,21.185682925232477,9.601042373802937,-2.3683969690476725,7.865869892862536,-0.9343006937361464,2.9544509800594487,-12.250914695586431,8.534936342769054,-3.515752833677995,3.717898495655331,-3.8043429971934,-7.6083150840780815,6.0,6.0,1.948154811421838
06-23,19.52999423822456,9.399789661018971,-1.2006986511373927,7.688901768434901,0.33987773558571505,2.9544509800594487,-11.670089474776434,7.854814988531571,-3.520195000526459,3.0666820755260984,-3.0681434552005613,-6.424544535855127,7.0,5.0,2.0792366941571068
06-24,16.77051535699238,14.093960383295427,-1.3432104793595678,7.376758425107718,0.33987773558571505,2.552318957157877,-11.580733321752794,10.02811241491724,-4.452937183723499,4.486840706512751,-3.0681434552005613,-3.0801060100880564,7.0,5.0,2.6769377941203847
06-25,17.754570282824773,12.646557545045777,-2.053654354156401,7.376758425107718,0.3107396430305839,1.9474587799619865,-10.112559806981938,11.38353765323993,-3.9692409159386837,4.486840706512751,-0.8325638458923267,-2.7616180237246937,7.0,5.0,3.014735507419123
06-26,19.329323101504254,13.719366132382698,0.2305455017169803,7.3678581434962895,-1.3953944753447651,4.462906845894982,-12.35208412473428,11.643499603369529,-3.9692409159386837,4.94468005038833,0.8640604531537971,0.6491284713268214,9.0,3.0,3.791220732267996
06-27,23.563221558739126,13.997697118321536,0.2305455017169803,8.056661106676309,-1.5933649816242168,3.367034697136807,-8.163998586810196,11.643499603369529,-2.3319273031569847,4.3498356705121335,1.644003549013608,-3.568949263734364,8.0,4.0,4.266188222513356
06-28,25.172801925536074,13.997697118321536,-0.19212735885526933,8.315119268906978,0.30248576619234224,2.652389769547668,-9.279191611240222,9.946221747073304,-2.0511088019396366,2.8611357607566155,1.0432652684749744,-4.864923317493708,8.0,4.0,3.9919804612733887
06-29,25.172801925536074,16.65899332428002,-2.085944924246133,4.2752375028986656,1.7445137520512668,0.7307876726418708,-9.279191611240222,7.27683457287228,-2.5047867039148564,2.4196690577207955,1.382627383668492,-4.864923317493708,8.0,4.0,3.4105515528978803
06-30,23.32422204641189,16.169215491131748,-5.884701177107631,2.7600289331989907,2.056840844309194,0.7307876726418708,-9.46911571818809,2.4552634922698355,-1.9136754006411825,2.5250123309673493,2.2117846344854404,-5.6952344702656434,8.0,4.0,2.439202389934481
07-01,24.311130585361735,16.373236441213272,-7.346943859654972,2.8290194935898256,2.056840844309194,0.4451964679589031,-9.151843703304976,4.623271137111058,-3.9517471885172655,2.203919653799031,2.2117846344854404,-6.568050948825814,8.0,4.0,2.3363177964604533
07-02,29.096937576219414,19.197779710038787,-10.046124410536732,2.8290194935898256,0.8133907573194148,1.1234040506405665,-6.942246676519583,1.0380321399640675,-4.1597181575966165,2.203919653799031,0.6135415333891829,-10.02283867209106,8.0,4.0,2.145424749851358
07-03,28.76942149067626,20.04629558905327,-9.148771679589697,2.225968507164478,-0.315489326834295,-1.8039845157041787,-8.165607432625201,0.9792952972611062,-4.1597181575966165,2.2901946423100488,0.2922876497461024,-6.332201815992971,6.0,6.0,2.056474187322359
07-05,33.070975535168536,21.051426478794642,-9.148771679589697,5.772376122906923,0.6423581156764958,-1.934485467482288,-4.085964584366508,0.9792952972611062,-0.5395209865412451,-0.08732979608692495,0.12118735407764357,-1.5790038520255476,6.0,6.0,3.68854521148276
07-06,33.070975535168536,21.051426478794642,-7.648891053866893,4.910677747933435,0.21759293678286296,-0.5256868783732205,-4.085964584366508,2.433955857077815,1.9852943422243408,0.5590103712549679,-0.8765313887370609,-1.5790038520255476,7.0,5.0,4.126071292655613
07-07,36.66285051353753,16.13460935994943,-8.760978884813262,4.628099030937467,4.887724951553447,-0.5256868783732205,-6.1501850056864,3.466962342055408,1.273835509426684,0.07927578452905877,-1.4642775424413066,1.8347620596904888,8.0,4.0,4.338915936697111
07-08,37.129776777166455,15.212399807259242,-11.284167740891894,3.5456680264342597,4.887724951553447,-0.5596032042162713,-3.5576762368755217,1.4196969025133126,1.387492511855087,-1.440644600022007,-1.4642775424413066,0.3300340348955141,7.0,5.0,3.800535307269192
07-09,38.05811641017267,15.357779386024283,-9.015154776141877,3.5456680264342597,3.22842623388892,-1.0821375566304947,-3.767384039795551,0.5838076427450151,2.318260846714989,-1.440644600022007,-1.2342844067906058,-0.22386568382592684,6.0,6.0,3.860715623564473
07-10,36.00352613224194,14.202931140316622,-14.245126619048989,4.583852319198916,3.833695132230832,-2.115863302026181,-4.6086453013626985,1.9103136957956943,2.318260846714989,-1.2877251300773391,-2.9531618656771235,-7.742570252792474,6.0,6.0,2.4916238996261817
07-11,34.56247625620178,12.745549644797649,-14.245126619048989,3.189980396374622,-1.2161684561373172,-2.5240339348227807,-6.89861620870686,1.9103136957956943,2.550092616479329,-0.21485181538551568,-1.8292251722756097,-12.07453567789208,5.0,7.0,1.3296545604483276
07-12,31.39033548007668,12.745549644797649,-14.644921327740974,4.086664921819538,-0.8498586334480659,-4.252558202877813,-6.5698373443111455,0.8603665536229363,2.9224979199899828,-0.07882585026011267,-1.5738986961672048,-14.20253319076345,5.0,7.0,0.8194151062281673
07-13,31.39033548007668,10.58470483614919,-17.190702872065092,1.7589085567214682,-2.3320896186284767,-4.5695440086353925,-6.5698373443111455,1.7476933207127665,1.0765923367095964,-3.0513934034360863,-1.9919717000837516,-14.20253319076345,5.0,7.0,-0.2791531339628082
07-14,31.405202872691113,8.29959626350463,-16.825366111057633,0.2887562675558861,-3.1887870073367344,-4.5695440086353925,-6.4758598923815445,2.734816914185018,0.7583791290917865,-2.37116097432029,-1.4826826163625035,-17.025312592711643,5.0,7.0,-0.704330146314776
07-15,25.837990215810986,9.874098089573966,-17.69892374674479,-0.0905783267563208,-3.1887870073367344,-4.6390377113858055,-7.0633916834530766,2.1856304307808023,1.7696989425504936,-4.5724198198575445,-1.4826826163625035,-17.384736116457358,4.0,8.0,-1.3710949458031572
07-16,26.509146027661462,12.136892676678405,-16.036919519882122,-0.0905783267563208,-3.000660817105217,-6.273092577591464,-8.164486806970745,1.151170282435644,1.0258932904748674,-4.5724198198575445,-0.9602827207369607,-13.560589572445414,4.0,8.0,-0.9863273236746184
07-17,29.09793663940425,10.251882272047364,-19.0397548511894,-1.4039813414313769,-2.1641420594147878,-4.399132056246612,-9.668122004213293,1.3369027592406202,1.0258932904748674,-3.5343557526786444,1.847799242711077,-12.498484127069759,5.0,7.0,-0.7622964990304734
07-18,23.99877990096541,8.660760740533789,-19.0397548511894,0.3321687302355941,-3.193581020909785,-5.022870075832349,-7.09117369923597,1.3369027592406202,2.996254937566867,-3.6862134718724855,-0.19982306746233147,-11.522172571813053,5.0,7.0,-1.0358934741477572
07-19,23.85965290039189,8.660760740533789,-22.222223155721284,0.2350620511669504,-3.0028054617899733,-4.526604843703184,-6.2500012082022325,0.6720681469536469,1.9630171040254332,-3.0140603007923943,1.2262812686895228,-11.494390257482081,6.0,6.0,-1.1577702513274928
07-20,23.85965290039189,6.60038561890262,-19.400089876703948,-0.4477319561756118,-3.3506596268139863,-4.328329451428919,-6.2500012082022325,-0.6162397131065301,3.312174304846822,-3.4970266112349657,0.21759309545682387,-11.494390257482081,4.0,8.0,-1.2828885651291766
07-21,24.027464655129272,8.4696832084944,-26.10550228346669,0.6467472147636361,-3.523615657821776,-4.328329451428919,-5.9121620859692285,-0.9318397057916756,2.476828209224741,-2.8311242405184367,-2.3596870196656514,-13.997506147695573,4.0,8.0,-2.0307536087288263
07-22,17.840983718430948,5.380200900093424,-32.51887986945739,1.285182547198624,-3.523615657821776,-4.914637681721903,-6.1625336278323175,-4.145737165155123,2.7378215572170177,-3.3874320791811128,-2.3596870196656514,-12.447177750427525,4.0,8.0,-3.517959344026899
07-23,13.798701640505644,4.307764134578613,-28.17194013808199,1.285182547198624,-3.198217292197576,-4.5003890997860365,-4.2437429003270415,-5.812991763063068,3.791426780692709,-3.3874320791811128,-3.6750641905518986,-7.282757075576996,4.0,8.0,-3.0907882863158433
07-24,16.528149349015962,3.9139653965536447,-29.791714670283113,1.7648628707970966,-2.183694374597691,-4.165233916550006,-3.763887259284594,-8.36905270780186,3.791426780692709,-3.770286077209218,-1.892249730623752,-7.3017729810003695,4.0,8.0,-2.9366239433575987
07-25,15.835963208027945,3.6080623118514423,-29.791714670283113,1.0556935399620666,-1.9440266994407585,-3.2058473621409047,-4.080787628459899,-8.36905270780186,3.5812452825115018,-4.791875553028656,-1.4684168215840676,-8.186641808124136,4.0,8.0,-3.1464499090425364
07-26,15.315026135913776,3.6080623118514423,-29.148144077894482,0.036314947774145824,-3.9791537913861346,-5.516940537187611,-3.2824769954091497,-8.197618734791572,3.750195828857535,-4.7619013996723085,-2.4580642257524334,-8.922076169662256,4.0,8.0,-3.62973139227992
07-27,15.315026135913776,3.7495583029332997,-21.9954408059007,-0.6998766551130086,-5.234184460850502,-2.411671050400209,-3.2824769954091497,-7.5723442881944765,4.498896286518994,-2.5968608507653883,-4.0997728832302585,-8.922076169662256,3.0,9.0,-2.7709352861799896
07-28,15.568953848458134,4.059297605551405,-25.43582257315275,-0.7665598867078794,-5.346093047928306,-2.411671050400209,-2.9443296452158507,-8.067894102607442,3.8059262464254267,-1.4628893458112595,-3.464721300355264,-10.621510429386356,3.0,9.0,-3.0906094734275285
07-29,18.875816190430058,4.4308297303639295,-18.590524752004644,-0.8401809762057647,-5.346093047928306,-1.6190284658322385,-3.634424749658339,-10.426538317862908,4.870176936526137,-2.528138919832518,-3.464721300355264,-7.627418686714411,3.0,9.0,-2.1583538632561887
07-30,18.486370836217443,3.726340872595747,-19.24375237077037,-0.8401809762057647,-5.104407052085826,-1.852167536829589,-1.389227119452359,-11.793784126932444,5.745241025350668,-2.528138919832518,-4.0278381604101385,-6.6320342410328355,3.0,9.0,-2.1211314807823327
07-31,19.21197493298941,0.8969093264439796,-17.83807967321212,-1.2785402062821063,-1.5187456073045342,-0.09217413585310406,-0.5792600850456211,-11.148392386842373,5.745241025350668,-5.43423597629337,-4.536874217031762,-7.726722642623094,3.0,9.0,-2.024908303808669
08-01,16.174642244701566,2.0154324117198317,-17.83807967321212,-1.5989036535355567,2.125278528374549,0.43587951312568,-3.4683043657521324,-11.148392386842373,4.996878775890151,-13.526268444345998,-1.6692663343138645,-8.124367545115154,5.0,7.0,-2.635455910775452
08-02,19.30900348423468,2.0154324117198317,-15.080077251015062,-2.596801352988873,3.0311508701722127,0.7043991771103241,-3.994656942577033,-9.720711051516117,4.820311069488525,-12.380119726288966,-2.022414523659227,-8.32809597109321,5.0,7.0,-2.020214983867743
08-03,19.30900348423468,3.1325592114986214,-14.705229139398387,-2.8488187632409305,2.7949199844274344,-0.28456338160195954,-3.994656942577033,-9.047848440732057,3.57003230286644,-11.312297264041838,1.171912839811499,-8.32809597109321,5.0,7.0,-1.7119235066538956
08-04,14.597669828198269,1.7437153550473652,-6.541045218829932,-2.6206015792874524,4.11249350850717,-0.28456338160195954,-2.6019473120685044,-11.008663060149507,3.2403828508237704,-9.786486196982052,0.7791803245554275,-9.546537389591323,5.0,7.0,-1.4930335226148939
08-05,9.092278056460051,2.3804044579317756,-7.011932723835439,-2.7603750034898056,4.11249350850717,0.9792482134810154,-0.43057405557259465,-12.331039610071654,4.146492003612753,-10.253583241455372,0.7791803245554275,-8.968550004299331,6.0,6.0,-1.688829839514667
08-06,6.936967232269753,4.205758869031281,3.821244536755581,-2.7603750034898056,4.177039102600282,-0.4390380212324543,1.3538892862294074,-12.281807445432406,3.09465400300791,-10.253583241455372,0.8960526174994672,-13.686114501625775,7.0,5.0,-1.244609380486844
08-07,2.6138647439334317,2.2093097209314934,1.0769415165867544,-2.1792441530315525,5.980947756955918,0.7443956238057653,3.1668012518109045,-12.193592411461736,3.09465400300791,-10.398237916235193,-0.6344959543771065,-18.473685415167555,7.0,5.0,-2.0826951027700806
08-08,1.5997440839084518,4.472128902394164,1.0769415165867544,0.6011108688755129,5.348281300446497,0.7194799291776258,2.634579122396329,-12.193592411461736,2.928869612459036,-11.31524718864221,-1.9788043580984336,-19.45100824443564,8.0,4.0,-2.129793072199471
08-09,-0.09763638380609196,4.472128902394164,-7.8272488904681845,-0.9038600153409829,1.7666918673923129,1.1956425167267493,2.1412248557641766,-12.664986857156967,1.585375012550568,-10.568619865652208,0.4923829902179631,-19.592364626657293,6.0,6.0,-3.3334392078363164
08-10,-0.09763638380609196,5.896098662526135,-5.294447186323758,-1.2901418436300272,5.065375127002537,0.9197627889162571,2.1412248557641766,-13.711341098133072,1.3503649702988596,-12.111990302091739,3.0342354803008265,-19.592364626657293,6.0,6.0,-2.8075716296527653
08-11,2.685112295188161,8.07632441600937,-7.883409267605244,-3.0736349554776203,4.215866817799998,0.9197627889162571,2.1330505045214574,-13.083896734554838,2.3030552286095847,-12.365504940602422,3.130486703754394,-18.290592339947747,7.0,5.0,-2.6027816236157206
08-12,5.661866269611571,10.143646746050587,-5.464302620108137,-3.0544990655390567,4.215866817799998,1.0347331375307771,3.0626270024463382,-13.187515437310084,-0.8977137075628392,-12.073744562141496,3.130486703754394,-14.180260004070592,6.0,6.0,-1.8007340599615451
08-13,5.410149055064906,10.70209010757757,-11.044203149145718,-3.0544990655390567,4.880074576626674,0.3445432023691554,0.9518369048710984,-14.585493107977754,-0.8395788051661077,-12.073744562141496,2.817440946028602,-11.033861074881226,6.0,6.0,-2.2937704143594457
08-14,6.111648001227741,9.825304952926034,-9.722666524850148,-2.645992478271184,3.6971444336502928,0.7550251788806586,-0.8103156174598815,-16.860608124023198,-0.8395788051661077,-12.33338433243027,5.099337175792496,-14.613441331264026,5.0,7.0,-2.6947939559156335
08-15,9.768512194787423,7.213184894112665,-9.722666524850148,-3.37015809513758,7.196278213764168,1.9202608470713651,-0.9107323887147808,-16.860608124023198,-0.7737282557699259,-11.730500768386207,3.850806945023545,-16.978579651698574,5.0,7.0,-2.533160892818437
08-16,4.000001599174399,7.213184894112665,-9.467639969109506,-3.973631803617628,7.3843005403165805,0.5685547124926179,-0.6464819437449906,-15.835305403627816,-0.6184037001557332,-14.550518395132912,3.368997745452797,-21.23682401448116,5.0,7.0,-3.649480478193391
08-17,4.000001599174399,4.224862567816357,-4.982344665645156,-4.10806122477264,8.975548836216982,1.8598683137367948,-0.6464819437449906,-19.28536177903877,0.14023409521757327,-12.939057759034094,3.683423518154676,-21.23682401448116,6.0,6.0,-3.3595160380333358
08-18,2.7248932284559353,3.57101661571558,-0.20032510514106894,-4.515157808796041,6.4629745605509425,1.8598683137367948,-0.597384104062435,-19.699001340885,0.8111876064427296,-12.497864871804591,7.5865499473031734,-20.35136390302445,6.0,6.0,-2.9037172384590355
08-19,9.36323654676044,5.74313080104834,0.21214172038031934,-4.741291760526892,6.4629745605509425,1.4429977979710118,0.2932078627877179,-17.32237895508074,0.33834268119890665,-8.976485405371584,7.5865499473031734,-17.490227367460566,8.0,4.0,-1.4239834642032438
08-20,4.278430589490305,5.896659355752782,-0.8335023215168642,-4.741291760526892,3.3409428787378204,1.720152932997001,3.9729837589375614,-21.111486986847662,0.9919713728212552,-8.976485405371584,8.162381728727627,-17.759967311928747,7.0,5.0,-2.088267597393949
08-21,2.606984930038565,6.716250164874356,0.34577846125676576,-4.750701107604331,2.6086927036156538,2.9664711133968313,8.569008538548577,-24.08815957759594,0.9919713728212552,-7.485923116603782,6.946063404718611,-10.795527620012226,8.0,4.0,-1.2807575610454718
08-22,3.8411651581507313,6.66285036804951,0.34577846125676576,-4.161999749958648,2.853855372337416,5.214079537785193,12.644836278018253,-24.08815957759594,1.9347438476828025,-7.796869785090539,6.919384434880789,-11.848518031765115,8.0,4.0,-0.6232378071873982
08-23,1.5923023219351355,6.66285036804951,-2.0136231980764108,-4.06640604431339,0.4721505776961728,5.928854993608184,11.634676365616288,-23.63334543839889,1.4009885463377558,-8.066547602555273,9.167687187000961,-16.96872030089866,7.0,5.0,-1.490761018666552
08-24,1.5923023219351355,8.483109515920804,-1.7303834952712098,-5.122659065239606,-1.7719016461641472,5.797445476328816,11.634676365616288,-23.038490820548173,0.6546245554603812,-6.679889436852134,6.814853319972958,-16.96872030089866,6.0,6.0,-1.6945861008116292
08-25,1.210813619424434,8.179151680868209,-0.7286724405353358,-4.091543324198029,-1.7719016461641472,5.797445476328816,14.529578997511274,-21.028603787960147,1.5960473270942033,-5.055539299232287,7.895881332820704,-18.687080410174453,6.0,6.0,-1.0128685395180632
08-26,3.829446515981514,10.53799205679756,-1.7189048756458851,-5.04336197376921,-1.7719016461641472,5.983706906209314,11.023380267240537,-17.930680153948096,3.172560080482451,-3.9518402323124286,7.895881332820704,-14.998661232109484,6.0,6.0,-0.2476985795347641
08-27,-1.2487512201981543,8.518975097239975,-3.1757118350634834,-5.04336197376921,-1.2334822490543549,5.026579422463425,5.9586129160197645,-18.953255873787306,3.5994852819166416,-3.9518402323124286,8.468677827901603,-20.528536906479694,5.0,7.0,-1.880217478760268
08-28,3.626615111109817,5.048617839198607,-8.183711991799134,-5.4392878426376985,-1.5015278007123531,5.2808637272069445,4.939678467165824,-19.235995819247385,3.5994852819166416,-5.7216822229493935,8.2052818014838,-0.19151267857248755,6.0,6.0,-0.7977646773197348
08-29,4.748422508681736,6.093607686314508,-8.183711991799134,-7.869607330104902,-2.053221888765209,5.3550514277952415,8.564518344017777,-19.235995819247385,4.200735893463939,-4.974286660208711,7.409281676547637,6.11693084122383,7.0,5.0,0.014310390659943847
08-30,6.771316248954033,6.093607686314508,-8.006260881642628,-8.050439548591438,-1.5253574975162527,5.021933612790892,8.814540298593194,-19.227498565116925,4.618680736575336,-4.8285790016544965,7.324824001434193,4.328194023226617,7.0,5.0,0.11124675944725296
08-31,6.771316248954033,5.6997198636926285,-9.330120120374714,-9.416465242369119,-1.0233470081290004,4.392744133098023,8.814540298593194,-14.569542702902837,4.17163294688444,-4.829632263681321,5.028751150991155,4.328194023226617,7.0,5.0,0.0031492773319246052
09-01,12.019090157764573,0.7052997252539058,-4.434709211866156,-10.973330832499778,-0.3553105126686578,4.392744133098023,11.002085474255793,-15.151018415178573,3.6766435656299192,-3.4612670528982656,5.785972696691469,5.9911919147241965,7.0,5.0,0.7664493035255372
09-02,12.90122495026224,-2.030698090525517,-5.910043531442484,-12.692389453837205,-0.3553105126686578,4.392744133098023,9.171329848493883,-12.873802963608568,3.5342170827513444,-3.752214231634574,5.785972696691469,4.17400967857562,6.0,6.0,0.19541996717963106
09-03,12.570382645896352,-4.870481072643552,-5.5814890418971626,-12.692389453837205,-0.3553105126686578,4.685542893741581,8.888163856988669,-14.640221529389743,3.0447029664425136,-3.752214231634574,5.785972696691469,3.491195695811665,6.0,6.0,-0.28551209054155363
09-04,13.826320934964867,-6.081411516606936,-6.800289290881053,-12.692389453837205,-1.3782255371557817,4.487888501897023,11.24575723559753,-16.283803776401058,3.0447029664425136,-3.752214231634574,5.870398723758024,3.292957480915156,6.0,6.0,-0.4350256635784573
09-05,7.6293019202398,-5.178694865313737,-6.800289290881053,-12.346294736411762,0.5338206627969007,2.8790630236986745,9.495261437029805,-16.283803776401058,3.0447029664425136,-5.540794865319686,5.772028629198128,4.647578280694138,7.0,5.0,-1.0123433845189445
09-06,9.52309651643489,-5.178694865313737,-6.800289290881053,-11.998015525231825,-2.2636352260520183,3.99936848650949,10.012888969139365,-16.283803776401058,3.3951110318253264,-3.4403119418039485,6.1499632061852285,4.647578280694138,6.0,6.0,-0.6863953445745999
09-07,9.52309651643489,-5.178694865313737,-11.016318866231414,-12.259526727406802,-2.3015154908944533,4.104448322797759,10.012888969139365,-17.680415797599682,3.3029408374749223,-2.3800031275477864,5.720693872636844,4.647578280694138,6.0,6.0,-1.1254023396513302
09-08,9.52309651643489,-3.9147663357459743,-8.851052287860039,-11.120928677365658,-3.8378521471526765,4.104448322797759,10.012888969139365,-17.051834795025204,3.5321518316273406,-2.3083671012338747,5.570447136117108,4.647578280694138,6.0,6.0,-0.8078491906310687
09-09,5.856541524433342,-1.164997260510529,-8.389191498627548,-10.718825510486706,-3.8378521471526765,5.089517590373519,11.074470844961912,-11.816754221008413,3.098659885853674,-2.4633261142784137,5.570447136117108,5.825992001907671,6.0,6.0,-0.15627648070142164
09-10,3.0381705014760256,-1.3561734746111604,-8.594591295396976,-10.718825510486706,-4.6525379082743035,6.267222227061155,11.563387323421756,-14.471175329895738,3.5862603619916342,-2.4633261142784137,5.17203855980465,6.938329118961232,6.0,6.0,-0.4742684616855704
09-11,5.03747668573596,-2.6171837277335306,-9.030717402431684,-10.200489296015434,-4.4939414289685935,7.088336000471622,9.549891770041329,-12.773924786787148,3.5862603619916342,-1.9770373718682743,3.4588634205038846,8.359034925316786,6.0,6.0,-0.3344525708119537
09-12,1.5592103953764969,-3.3425193179886263,-9.030717402431684,-10.907843185810703,-2.8616343424631117,10.181500788792784,10.073828942156627,-12.773924786787148,3.9936103209866727,-1.4885001890192824,3.0234782853641144,5.385461701869137,6.0,6.0,-0.5156707324962271
09-13,0.3339307839712545,-3.3425193179886263,-8.260068204950736,-11.420536145238314,-3.129305470603041,10.524261915335293,9.136118999707849,-9.87372310972505,4.032000732421873,-1.5365021063591409,4.464155656075246,5.385461701869137,6.0,6.0,-0.3072270471236882
09-14,0.3339307839712545,-3.510243515426056,-13.217741391698821,-13.117628890370336,-4.17240479154792,10.642596382691,9.136118999707849,-10.095559054274117,2.2611071814081733,-0.2467151252122371,4.006103515922916,5.385461701869137,6.0,6.0,-1.0495811835799298
09-15,-0.7134202190312853,-2.9896432943718767,-15.266405358838721,-14.000396932689144,-5.165901807134128,10.642596382691,8.18159709477156,-9.569881167168989,2.259843292496406,0.07080750509130415,4.678359674051718,3.3370113511606694,6.0,6.0,-1.5446194565809568
09-16,-5.9108725341926265,-2.8933887810176544,-13.523091107171405,-14.213904615193481,-5.165901807134128,9.514545173745876,5.6503932131467725,-8.822102340149476,2.4139883529514736,2.2774479161897085,4.678359674051718,0.9581527724025496,6.0,6.0,-2.0863645068642227
09-17,-9.56262484178186,-3.4564627014236216,-10.626942703297374,-14.213904615193481,-5.00694725091689,8.729297843010428,5.054840745332786,-7.96743029437243,2.694924161806844,2.2774479161897085,5.277595732077621,3.2268724743385846,6.0,6.0,-1.9644444611858063
09-18,-5.329948515827667,-6.062045365944169,-4.3405320914916405,-13.30704820709599,-9.122216485452896,9.472384169324066,5.072402949235002,-9.170171530200511,2.694924161806844,2.946835265894112,6.165018634691247,6.5308371210026825,6.0,6.0,-1.2041299911715762
09-19,-0.2795386758775064,-4.675531056513406,-4.3405320914916405,-11.224191160265226,-11.689622205779276,9.824586138496699,6.2998309330484155,-9.170171530200511,4.32627231513955,4.290561554435883,6.142626619924718,10.671808497498333,6.0,6.0,0.014674944868002804
09-20,1.0596541355881317,-4.675531056513406,-4.434895658148098,-9.656049817130194,-9.535261039315529,11.415317901869592,3.8791713518838287,-9.23475163419507,3.6688455693802315,4.214938192017232,4.938989368011637,10.671808497498333,7.0,5.0,0.19268631757889054
09-21,1.0596541355881317,-3.650922553786735,-1.5817071302346548,-10.673559770459256,-9.990956533155217,11.138234871966695,3.8791713518838287,-12.611867037927531,3.3744993378515877,3.307924114969882,5.936304721772562,10.671808497498333,7.0,5.0,0.07154866716396964
09-22,-2.3515789823413127,-0.487689451405622,1.2589355200193812,-9.792256934615946,-9.671278456540897,11.138234871966695,5.498866805097222,-12.939641456261814,4.818520188653257,6.5431120243300676,5.615942028985506,11.343615314513366,7.0,5.0,0.914565122699992
09-23,2.1675849724674743,2.5641014292522613,2.9507561576534247,-9.760142720861143,-9.671278456540897,11.916388868161778,4.355282171336455,-12.536246845698415,2.2790665862121897,5.092940541589746,5.615942028985506,12.995597637845414,9.0,3.0,1.4974993642003165
09-24,7.9165485135382685,0.7290879019934077,2.0124366119605366,-9.760142720861143,-7.436358247866491,12.477192160147666,7.12111474722159,-10.36261023969726,2.216734173919297,5.092940541589746,6.144924440245697,12.577098474137935,9.0,3.0,2.3940805296941043
09-25,3.0016248140454658,1.597042962998542,2.9936399962024267,-8.053824427512701,-6.267489589849899,13.494174450034986,6.815997314453123,-7.955604075863802,2.216734173919297,4.7549509604199685,6.433293029304093,11.475776925249903,9.0,3.0,2.5421930444501166
09-26,0.11874992992893466,-0.6153078096343786,2.9936399962024267,-5.9195989352665315,-5.966439299659008,12.570176303710792,8.297293416393483,-7.955604075863802,1.3236612819037166,8.378622306834597,4.803275775445137,8.887664563429745,8.0,4.0,2.243011121118759
09-27,0.23720687910129465,-0.6153078096343786,2.8267435139604054,-5.683109845400527,-4.990192488128064,12.984380024050115,7.294957477445857,-7.202731328057106,0.9116557331500668,6.476604037621187,6.970758804868151,8.887664563429745,8.0,4.0,2.341552463533896
09-28,0.23720687910129465,-0.5324777385720456,3.1773145621541694,-5.352893476456984,-4.568128744591866,12.87314989054724,7.294957477445857,-6.857146627654441,1.5161294429012115,3.063480009610946,7.126994416404602,8.887664563429745,8.0,4.0,2.238854221193311
09-29,2.638990155422481,-0.943175861517351,2.9427140239364222,-4.347831147411356,-7.2646975694645395,12.87314989054724,4.8902929407006965,-5.880061940677542,1.73531047211705,4.815866114574198,5.557571561768071,11.585907399655387,8.0,4.0,2.3836696699708964
09-30,2.09110374951426,0.2998680481754565,4.552758510411978,-4.958287105386242,-7.2646975694645395,12.955863332015007,3.6771857390153664,-5.36527781611642,3.3682041446513367,2.741821650561235,5.557571561768071,11.563876263324328,9.0,3.0,2.434999209039153
10-01,8.731565954537373,0.4878092173975242,8.450399413722176,-4.958287105386242,-8.107559607417663,11.983000989267895,3.764399893908956,-3.3870678751173062,3.5134939818827795,2.741821650561235,6.2713970656310245,8.777534089024263,9.0,3.0,3.189042305667668
10-02,11.149579046269588,-1.100890385191185,9.535504708676482,-5.284360135823277,-8.50398521007237,11.220816469635777,4.683257769820905,-6.609651903394245,3.5134939818827795,2.8704668456898927,7.170874040750338,6.0903152233807525,8.0,4.0,2.8946183709687863
10-03,7.094986851965513,-1.9768185563267189,9.535504708676482,-6.49638348315134,-8.368878671936745,9.6874202620824,5.031099348218691,-6.609651903394245,3.173223113931555,4.529199060271975,5.343794825021974,6.938329118961232,8.0,4.0,2.323485389526731
10-04,7.900054267431003,-1.9768185563267189,7.59209876615625,-5.674162056170907,-7.588160092554878,9.68018020579111,7.3223139430049216,-5.043150408156102,2.3755048204394686,5.233015996062847,5.1160984112635655,6.938329118961232,8.0,4.0,2.6562753679918156
10-05,7.900054267431003,-3.8194081749500763,10.079968159480034,-5.064865865575363,-4.3912594348769804,11.849387353690947,7.3223139430049216,-4.801964090940651,3.3614140950598483,0.9912556527742724,4.699938474638548,6.938329118961232,8.0,4.0,2.922096958224811
10-06,8.43442593597546,-3.3512065340196995,8.607755538804527,-4.383297011673335,-2.4757311182114545,11.849387353690947,7.552819564078123,-3.659323778161695,3.0849177900157447,0.6553304815663346,5.396436184167489,8.65638804645325,8.0,4.0,3.363991871057141
10-07,8.879252449543094,-2.2497534352697017,10.135631718836557,-4.5817488922510305,-2.4757311182114545,12.796428756810474,6.745119200337143,-2.282994227968483,1.2961799258094062,-1.4743310817288529,5.396436184167489,9.273133827473838,7.0,5.0,3.454801942295706
10-08,5.057328700063027,-0.7958167828913075,7.9886173992379454,-4.5817488922510305,-0.5339835453959206,11.566002281649695,4.08404341094207,-1.115567435090382,0.5318735340567284,-1.4743310817288529,6.186331365325893,7.301767246674267,7.0,5.0,2.851209683382678
10-09,4.757068780958801,-0.389428651609371,7.5280925758043455,-4.163502861095541,-1.2628496292293423,11.165961547305743,4.2653641158118925,-3.3068548816736767,0.5318735340567284,-1.9403499243040299,5.770507546741196,8.832603527435303,7.0,5.0,2.649040473350171
10-10,5.960066149910192,-0.389428651609371,7.5280925758043455,-2.6530438545358312,-1.7874381392474337,12.101353331033895,3.670228110146047,-3.3068548816736767,0.5866249581159065,-3.5214288732609726,6.333774157782937,8.920711267926333,7.0,5.0,2.7868880125326974
10-11,5.960066149910192,-0.389428651609371,9.233912946505633,-2.606167457595613,-3.6521727336201693,12.130809974529734,3.670228110146047,-2.287507975990573,-0.3363318813514263,0.5564728091130299,5.582561422301636,8.920711267926333,7.0,5.0,3.065262831688788
10-12,5.960066149910192,-1.3098898257420677,8.15117796992491,-3.1031281962075203,-3.3844394631336785,12.459638890251158,3.670228110146047,-2.8814483051708684,-0.8350382371254834,-1.0839831799655064,6.067298440392432,8.920711267926333,6.0,6.0,2.7192661351004954
10-13,7.568572240332402,-1.484343511804339,10.126959289251301,-3.660727390333148,-3.6743406681850694,12.459638890251158,5.281359111541272,-3.3967684646298255,-0.7460318639568572,-6.3158926119148076,6.157130054628106,12.158590908013856,6.0,6.0,2.8728454985995038
10-14,4.362756246586927,-2.0606421161140025,8.583314142144822,-4.023859012953428,-3.6743406681850694,11.454359223785794,7.01046413344337,-2.2809719013586376,0.08561024643851756,-2.8738740061705244,6.157130054628106,12.323790820830386,7.0,5.0,2.9219780969230222
10-15,6.327688084502653,-0.42730426403785743,10.857367040954342,-4.023859012953428,-3.4422792989927458,11.61413683199617,6.3871003911506365,-1.8189152001854991,0.5499972695171017,-2.8738740061705244,5.2155334784156535,12.444936863401393,7.0,5.0,3.4008773481331582
10-16,10.22323653378814,-1.7953706635422062,8.589888121979119,-4.412039302721597,-4.2788432194636545,12.454720733919697,5.408111997302814,-3.3072048685580535,0.5499972695171017,-4.6833412092814015,6.416802603852172,14.460357314446476,7.0,5.0,3.3021929426032166
10-17,7.700089189626473,-2.242509263792108,8.589888121979119,-4.220686251306629,-8.745018571572192,8.558319266849894,4.40610732351313,-3.3072048685580535,0.797892019921392,-4.295346401120224,7.277737904350153,16.299562284509513,7.0,5.0,2.5682358962000387
10-18,7.700089189626473,-2.242509263792108,6.490360679300284,-5.4793233801994425,-8.386452232050006,7.518165836370697,4.40610732351313,-3.854320803519913,1.8746597239115357,-3.3723846658378696,6.769314759753836,16.299562284509513,7.0,5.0,2.310272454298844
10-19,7.700089189626473,-1.5027111204044716,9.08448574515358,-4.373924367357898,-5.805560984222826,7.708751163305025,4.40610732351313,-3.935978875436209,4.0437746294319465,-4.484942936995855,4.895004412845855,16.299562284509513,7.0,5.0,2.8362213719973552
10-20,9.693734153190107,-3.8830471024523754,9.177247243029816,-3.2889173397877447,-6.585633585206455,7.708751163305025,5.2688365285657595,-1.9649068821495117,5.460277275071037,-2.1856943738521424,5.715947227567915,16.145377939858513,7.0,5.0,3.4384976872616617
10-21,11.34035070338815,-4.692219497241499,6.646581544785428,-2.47538617147402,-6.585633585206455,6.800491048359832,4.8522590956498215,-0.0795026833292823,4.950496276539127,-5.3687590732302475,5.715947227567915,16.244492846098467,7.0,5.0,3.1124264776589357
10-22,5.725361816103039,-1.480152153293511,6.257398694222947,-2.47538617147402,-8.966822510430271,5.377267594264411,2.9716174441911347,0.7862871501811937,5.001939346581771,-5.3687590732302475,5.092125519643892,14.955948650479453,8.0,4.0,2.323068858936649
10-23,6.6169876716486105,-4.8901772912527095,4.379339971743666,-0.9751532120465749,-7.978884535242269,7.130880216873366,1.8760018187690723,3.8408785769254834,5.001939346581771,-5.579474349752258,3.400206924392936,14.460357314446476,8.0,4.0,2.2735752044239645
10-24,8.48502988982066,-4.191549665973058,4.379339971743666,-0.8709499117882507,-5.699380966871635,8.003019039904776,4.966210583635505,3.8408785769254834,6.130659111236628,-5.410090568520398,3.1250031407599845,16.949337965193482,8.0,4.0,3.3089589305055704
10-25,8.912919449470758,-4.191549665973058,6.382768398684377,0.1116616220517115,-6.7367582619835416,8.976449683799975,4.951269670020287,4.488644516731759,3.945292030932356,-4.88745120960896,3.9389630721796345,16.949337965193482,9.0,3.0,3.5701289392915645
10-26,8.912919449470758,-3.2039513744387254,5.4170848137170236,1.5980078725258422,-3.878895572419746,9.983151963145547,4.951269670020287,6.79560583928428,5.146255122512466,-2.4062067548936814,1.8711736650084159,16.949337965193482,9.0,3.0,4.3446460549271615
10-27,11.002341211838536,-1.7118825483758415,0.07054998383694103,0.9596559785009442,-4.5768787968662945,9.983151963145547,4.212512339154775,8.94717141726713,4.347478775215473,-1.2810554596827597,1.3458344437905772,18.788551337673113,9.0,3.0,4.340619220458178
10-28,16.715155980279008,-1.554220758367024,-1.2165419258590533,1.171434116247147,-4.5768787968662945,9.822014321110721,2.224360964971253,8.676291903528007,3.66029020050522,0.36614466641406174,1.3458344437905772,21.640970116133147,9.0,3.0,4.856237935990563
10-29,9.963151766483195,-1.7831862668736609,0.592492424619713,1.171434116247147,-5.131947139716372,9.002045376752859,-1.0701312038522288,6.45235683081129,3.080628897134757,0.36614466641406174,0.884825929661193,21.10132490985466,9.0,3.0,3.719095025628052
10-30,10.855211837973457,-1.960779542769847,0.9009926232637332,1.171434116247147,-2.2581270615758666,8.855341655872616,-2.583956766432754,5.133855624461739,3.080628897134757,0.3916885855840706,-3.2476183089142383,20.253302611857574,8.0,4.0,3.382664522725199
10-31,9.631051105414409,0.16192388518493514,0.9009926232637332,1.0242071308128002,0.9000406160786941,8.377907072935336,-7.239072788684549,5.133855624461739,2.7837955701771158,-1.2917303302794545,-1.569436695625004,16.244492846098467,9.0,3.0,2.921502221653185
11-01,11.093290036333064,0.16192388518493514,2.7129833827524203,-0.1495361328125,-0.7915055085923112,6.7733927118829005,-9.298408661152145,7.763780008150836,2.1419960980834705,-0.6462414042849727,-0.4898721561860697,16.244492846098467,7.0,5.0,2.9596912587881747
11-02,11.093290036333064,-1.0872107926902177,1.5617154551263437,0.1304018152501192,0.7459820175108461,7.854790872871345,-9.298408661152145,9.976376510980561,0.8800290343241445,-0.7449461637798069,-1.561587227363798,16.244492846098467,8.0,4.0,2.9829104786257434
11-03,10.058305925159218,-1.0293770518999144,-1.2116917345480287,2.125112809058933,1.340435050274642,7.854790872871345,-8.304550410324929,11.580494107547679,1.3488118214513398,-1.5873010787708877,-0.8738053828313583,14.207049661138926,7.0,5.0,2.9590228824272473
11-04,12.113699334452107,-1.6397205827174308,-1.3539847407410832,1.1153424938072771,1.340435050274642,7.611345126791291,-7.066452583536033,9.665368224860163,-1.5383372689528456,-0.9430002805233396,-0.8738053828313583,17.962560176007084,6.0,6.0,3.0327874639075403
11-05,9.017707880066949,-0.7600316261294864,-0.20263888938272812,1.1153424938072771,2.8900093592266,7.740224312715359,-6.707266815138687,8.802157880598898,-0.7591839225924745,-0.9430002805233396,0.7354507342674085,17.687229788785082,7.0,5.0,3.2180000763084053
11-06,11.793208101747348,1.379995556117826,0.2823137511951218,0.5018991583910427,2.8900093592266,8.608989745422308,-4.8459313136767594,9.473763743708053,-0.7591839225924745,-2.1780860973625984,-0.4296194058282981,19.151981062969547,8.0,4.0,3.8224449782764762
11-07,8.787574741294081,0.3347042637021181,0.2823137511951218,1.4034711016196526,3.470963377815957,9.405341971436897,-2.8073396653961025,9.473763743708053,-1.3795938297193762,-3.2629524935061207,0.9477255004297629,2.2356898022726366,9.0,3.0,2.407638522071057
11-08,8.180109383006544,0.3347042637021181,-1.280496712198684,3.2020166329628417,4.210422114434934,8.70339497187518,-5.895556254651478,9.420066524855287,-2.937776489213033,-3.3383194930969764,0.8741768716289495,2.2356898022726366,8.0,4.0,1.9757026346315267
11-09,8.180109383006544,4.75286693894603,3.9695258617426448,4.386537398324859,4.943037421386744,8.70339497187518,-5.895556254651478,8.291159322312588,-3.329237629838909,-2.254777459558474,1.2752873171480819,2.2356898022726366,9.0,3.0,2.938169756080537
11-10,7.919503756872062,4.035572403083785,4.476267968538108,5.912591737306745,5.899899130431073,8.70339497187518,-7.03496040847983,5.369440960469041,-1.9275915039181983,-2.6647994235876142,0.9506694998497912,-1.905281574223015,8.0,4.0,2.47789229318476
11-11,1.3061862527201886,5.781372430804164,2.6112041808354336,5.774180448645722,5.899899130431073,9.165958220324878,-7.152701962149551,6.202148334583867,-1.4337484957064914,-3.030306092979303,0.9506694998497912,0.0,8.0,4.0,2.172905162279981
11-12,-0.3266942882087887,6.4295182397910695,6.228542093380213,5.774180448645722,6.188833379614108,11.42777325499722,-3.3640958379987516,4.644131841193671,-2.182734897788472,-3.030306092979303,3.0593273524112923,0.0,7.0,5.0,2.9040396244214985
11-13,-0.9370209288008492,8.207325572908927,7.855423157473644,6.57410940183964,5.219833256694437,10.394618365028274,-4.286565789330519,3.2017856437811005,-2.182734897788472,-3.336644162963577,3.82017215357936,0.0,7.0,5.0,2.87752514770183
11-14,-4.26452732412435,9.271098254337057,7.855423157473644,8.201837102207557,3.1556846008718846,12.403799431183472,-2.850021062454218,3.2017856437811005,-1.2495950521109935,-2.8000325416647054,2.9575361669632234,0.0,7.0,4.0,2.9902490313719725
11-15,-3.7037093490275295,9.271098254337057,7.093976491905121,8.615019535947964,1.22711035303963,12.33532156770884,-3.894577315275349,4.391898501876127,-1.1982403138623947,-0.5587907298781057,2.467382227166619,0.0,7.0,4.0,3.0038741019948314
11-16,-3.7037093490275295,11.664685431467746,8.09220617761669,7.3325399454844975,2.687050739892641,11.575042605191257,-3.894577315275349,6.539781932339954,-1.7971855432498625,-0.5605805500483451,1.7566198159779798,0.0,7.0,4.0,3.3076561575308063
11-17,-1.3216545480020472,12.227911795994615,10.044130310119805,6.403308514846003,3.1285492367793344,11.575042605191257,-3.6008065616123237,6.9521960519239965,-3.0492868710276406,0.6013150881403743,2.9594878222195447,0.0,8.0,3.0,3.8266827870477433
11-18,-2.9362260083600153,9.90184488817806,7.235500319385568,4.347014167637112,3.1285492367793344,10.637851125311713,-7.536379733410045,6.993168274791724,-4.312511811123225,3.7022912861278097,2.9594878222195447,0.0,8.0,3.0,2.843382463961465
11-19,-1.865267509236248,10.861502280046565,11.100435091782224,4.347014167637112,2.2589785639979856,10.826825512388512,-6.995953289276168,7.6164966051815535,-0.6951746962380381,3.7022912861278097,3.2603292815461837,0.0,8.0,3.0,3.7014564411631232
11-20,2.0487553317052267,10.355123634517737,12.850951072248368,3.999626373851512,5.666669209798191,8.494236784080528,-8.778264378631016,6.4516157589869225,-0.6951746962380381,3.847925811832248,3.8582028187369932,0.0,9.0,2.0,4.008305643407389
11-21,1.6224278082640968,10.00964108441454,12.850951072248368,3.4289519872804775,5.301134167520024,8.437344885944357,-9.710853122726071,6.4516157589869225,-1.2044279967637324,4.731931519542648,4.604119862227032,0.0,9.0,2.0,3.876903085578221
11-22,-0.30074729058975563,10.00964108441454,13.199549855656814,1.941009462554504,4.120304749934854,9.477471738798275,-9.825636070022266,5.043710108277553,-4.874567866084202,4.246068285120437,3.8974658814132983,0.0,8.0,3.0,3.077855828289504
11-23,-0.30074729058975563,10.641261162307703,16.373222426842823,1.3779927668959195,5.680337143616638,9.041316037805206,-9.825636070022266,6.1623368132930985,-4.87682881080405,5.1713768355097995,4.8561181454195745,0.0,8.0,3.0,3.6917290966895577
11-24,0.9323349572662124,9.597790966449745,17.12373172929515,1.3555047858279554,4.787782675563443,9.041316037805206,-8.692241923251336,5.913405205590947,-9.081406651856053,4.846650040114243,5.184064800099992,0.0,9.0,2.0,3.4174110519087924
11-25,-4.003790645032043,9.652876430613702,16.87645545372596,1.5542575980107798,4.787782675563443,8.920861022525898,-6.4136431923807296,6.343290432419122,-8.59348221326275,4.52127986449825,5.184064800099992,0.0,8.0,3.0,3.235829352231802
11-26,1.1467501592560985,10.940965617528915,15.06114927243712,1.5542575980107798,5.687247731572275,10.132827558059859,-9.323141626863533,5.251072139009158,-8.574655222001232,4.52127986449825,4.515375128909736,0.0,9.0,2.0,3.4094273517014524
11-27,-1.4149433514437562,11.257510272983069,14.820753853276091,2.4848929136227103,6.332376488581092,8.024120470713353,-13.208566120023818,5.920808779561385,-8.574655222001232,3.4194585263581656,3.719358771552325,0.0,8.0,3.0,2.731759615264949
11-28,-6.6390732247552755,11.145116156827175,14.820753853276091,2.620467795101312,8.875254088955066,7.5255031514585085,-14.701290688820114,5.920808779561385,-8.106473383373967,1.9907996210674617,2.9220189415975986,0.0,8.0,3.0,2.197823757574604
11-29,-7.185152116924979,11.145116156827175,15.132076335403154,2.80577987955804,9.488719504111572,8.606388263328371,-12.411183667016699,4.795929799136508,-11.56214393548535,1.9486304314203624,3.2271655894064377,0.0,8.0,3.0,2.1659438533137165
11-30,-7.185152116924979,11.556725011337402,8.936414742461313,2.526359235425852,8.938346503386676,7.763271773741129,-12.411183667016699,6.137292571855233,-8.695274306004523,1.5901667113030855,5.096384718696365,0.0,8.0,3.0,2.021112598188404
12-01,-8.769402136413524,10.967808307888033,9.838118331631216,4.148371944357241,9.343504196998401,7.763271773741129,-13.922111149962936,9.111939615278102,-10.413407961896748,0.3692859176639056,5.619920642093866,0.0,8.0,3.0,2.004774956781557
12-02,-10.241634724402626,10.198121609682886,10.28046112594584,4.282519083985767,9.343504196998401,6.6917348838423045,-11.053152842589256,8.644994339097726,-10.026674973485258,1.1293169469779072,5.619920642093866,0.0,8.0,3.0,2.0724258573456296
12-03,-9.598208746653004,9.625668491977471,7.660228941024759,4.282519083985767,9.661309048401176,6.982682703482356,-13.126268171735976,8.594146193792106,-10.722325785192961,1.1293169469779072,4.516620368767737,0.0,8.0,3.0,1.583807422902278
12-04,-10.378551534212273,9.48988943411582,7.345782751540652,4.338497399364492,9.397983049345678,7.808775482743965,-14.943371362058706,8.721865975581213,-10.722325785192961,2.640052248026618,4.840714429487868,0.0,8.0,3.0,1.5449426740618633
12-05,-3.998152426459558,9.242721885288233,7.345782751540652,4.310508241675117,9.145399726641656,6.868445077715667,-13.337563661586374,8.721865975581213,-8.686990177402244,0.9199094492309136,4.437427278895087,0.0,8.0,3.0,2.0807795100933637
12-06,-3.4255970097533512,9.242721885288233,7.657127077892867,2.9063764895531308,9.219534798077166,6.010689964906397,-11.637044420151033,7.317250522774567,-8.617707133668963,0.4732964314655006,5.399712815963328,0.0,8.0,3.0,2.045530118528987
12-07,-3.4255970097533512,9.242721885288233,6.723094098836204,1.6882730846472829,8.372259899725412,7.024962294281303,-11.637044420151033,5.250771888502439,-5.5792123826501445,3.3976900554075877,5.179309656400526,0.0,8.0,3.0,2.1864357542112045
12-08,-3.0279910925447084,11.238312205789315,10.50572692330259,2.1984169947803984,7.975457082245206,7.024962294281303,-11.512011475503217,5.363926143177044,-4.195924689126404,5.6682246629684805,3.4713588620923432,0.0,8.0,3.0,2.8925381592885286
12-09,-1.6578726441872016,12.496037372811484,8.918350630218297,1.4363488805052265,7.975457082245206,6.079838617156355,-10.652212056151848,6.159338725758205,-4.7407686498406205,5.14677822631018,3.4713588620923432,0.0,8.0,3.0,2.886054587243136
12-10,-0.5708235769265195,12.232861752299831,9.667116525827279,1.4363488805052265,7.767947731349489,3.957532807994032,-9.359427491328182,6.828492114460609,-7.941307465525628,5.14677822631018,3.650789171124431,0.0,8.0,3.0,2.7346923896742283
12-11,-1.1487457653046376,10.58510313642786,8.264547450432005,1.5396164488662725,9.940357523923039,5.453104047493297,-7.406761800082343,6.714263170856836,-7.941307465525628,5.072080028231097,6.554590935768223,0.0,8.0,3.0,3.135570642590501
12-12,-5.125102409731938,9.623652632518482,8.264547450432005,1.128392235669438,10.621229843774561,7.294400988827618,-9.610842160401699,6.714263170856836,-8.916704330697279,7.572826246206291,7.305524753507439,0.0,8.0,3.0,2.906015701746812
12-13,-3.9274513304435943,9.623652632518482,9.060535600579026,2.3713152561116817,11.000631357757086,6.748157241242633,-10.218075090094214,6.952256696270873,-6.66835607704743,7.238151269520676,6.4011119518331805,0.0,8.0,3.0,3.215160792354033
12-14,-3.9274513304435943,11.118275632140458,9.19227768836662,0.028842206211665423,11.712754176753268,6.341719275088957,-10.218075090094214,10.095563416841653,-4.744976279943339,6.6726030942283865,0.804392031821298,0.0,8.0,3.0,3.089660401747597
12-15,-2.893119969514444,11.357490910333292,7.38647595807745,-0.614202887132829,11.157989349118829,6.341719275088957,-11.686599343007979,11.345206141695948,-6.571690139898203,10.417127100446251,-0.17723227818075485,0.0,6.0,5.0,3.005263676418877
12-16,-2.6994953192724034,12.450661880272474,6.307361062257261,-0.904711066609166,11.157989349118829,6.421615649225634,-12.997042500125687,11.109528168762116,-9.580791877641149,9.327788077076722,-0.17723227818075485,0.0,6.0,5.0,2.5346392620736564
12-17,-1.795968224970191,13.3444491938151,6.580883124357422,-0.904711066609166,9.236984537326881,3.112376398260344,-14.152767805643489,9.264185691222165,-10.170777898491131,9.327788077076722,0.6941898057634296,0.0,7.0,4.0,2.0447193193423403
12-18,0.3807881383696394,10.101440395447844,6.341705807851043,-1.4436958402030315,7.148652558694514,2.408847587787728,-11.336956816717665,8.48084382079911,-10.170777898491131,8.950144555135989,-5.621837593658649,0.0,7.0,4.0,1.2699295595846156
12-19,-0.4809008866974918,9.170352547323796,6.341705807851043,-1.2706966978484546,9.143465935598355,3.639368689020766,-7.631714655727268,8.48084382079911,-8.387308287157634,11.055848615887887,-5.234992920887667,0.0,6.0,5.0,2.068830997346871
12-20,-0.4077454299736665,9.170352547323796,3.111771114865232,-3.0428918354199816,7.729337889340925,2.147744668496621,-7.659070582921172,7.653798391362268,-8.347456334000928,12.758855693850114,-0.9216631150909236,0.0,6.0,5.0,1.8494194173193568
12-21,-0.4077454299736665,8.576981732913731,4.459841553999019,-1.1773673907982352,8.697946625535952,1.1143472289072602,-7.659070582921172,8.092358673849589,-6.735056012508782,14.232805288513921,-2.1896191089188477,0.0,6.0,5.0,2.250451881549897
12-22,-1.3979890928652994,8.998084861234194,2.371657551131129,-0.7030858563130803,8.213115279890198,1.1143472289072602,-7.803100211577845,8.0823717844393,-4.927484918806923,18.155899292673965,1.6724570230644815,0.0,7.0,4.0,2.8146894118147814
12-23,-1.069835929960037,7.8938848590873985,1.9510721921298009,-1.1065496636967471,8.213115279890198,0.7429018570934769,-8.910468991892179,8.388092442825995,-5.233421047419031,17.66792729215802,1.6724570230644815,0.0,7.0,4.0,2.5174312761067807
12-24,0.4779256969463761,6.226987468095182,0.9361352367611828,-1.1065496636967471,8.469775976421047,2.7691909208942342,-8.795743392415565,8.410735186568667,-4.684705661944482,17.66792729215802,1.5783324303853836,0.0,8.0,3.0,2.6625009575144416
12-26,2.9797159558124484,7.3408248628954205,1.4263547986864489,-1.7239727284604396,6.2556357388505095,-0.2593677474391153,-10.691713754234849,7.3383523056373425,-4.684705661944482,14.887519138282823,-3.4394309063326745,0.0,6.0,5.0,1.6191010001461197
12-27,4.260818530393313,7.3408248628954205,1.4263547986864489,-2.7019134957605657,9.288036457311199,2.9684601113172544,-10.46531375707185,7.3383523056373425,-5.543290748615083,14.91353429200734,-12.062503656036125,0.0,7.0,4.0,1.3969466417303913
12-28,4.260818530393313,7.019794299433799,2.786776435315822,-0.8650533621290772,10.450803887200378,2.8458922417483072,-10.46531375707185,7.248352483000139,-4.222612421397075,15.968466314103114,-4.91286841681428,0.0,7.0,4.0,2.5095880194818827
12-29,5.771845789017657,5.525824588246398,2.228520021214071,-0.9830108716325,9.375279298273497,2.8458922417483072,-10.635769026607846,5.1828527842056165,-3.560052013076173,16.629627369068302,-12.680350513089175,0.0,7.0,4.0,1.6417216389473457
12-30,5.982099279823253,7.186532592931022,4.018500822823279,-0.8482647780982117,9.375279298273497,2.645264905749391,-9.801915204675492,3.602082389745364,-3.209321870116462,16.654318240909213,-12.680350513089175,0.0,7.0,4.0,1.9103520970229728
12-31,9.36486527726457,6.453718364103319,4.152870520924324,-0.8482647780982117,10.038538118559973,6.298233673461925,-3.944583608528345,2.1165185296882068,-2.9381340465036487,16.654318240909213,-13.661472149187656,0.0,7.0,4.0,2.8072173452161384
