,2010,2011,2012,2013,2014,2015,2016,2017,2018,2019,2020,ups,downs,end_day_sum,avg
01-02,0.0,1.5,0.3999999761581421,0.0,0.0,-0.6000000238418579,-0.5000000596046448,0.10000002384185791,0.10000002384185747,-0.3500000238418579,0.8000001907348633,5.0,5.0,03-17,0.1318181915716691
01-03,0.0,1.5,0.3999999761581421,0.0,-0.19999992847442627,-0.6000000238418579,-0.5000000596046448,0.10000002384185791,0.10000002384185747,-0.3500000238418579,0.04999995231628418,5.0,5.0,03-18,0.04545454003594134
01-04,0.0,1.5,0.3999999761581421,0.0,-0.19999992847442627,-0.6000000238418579,-0.5000000596046448,0.10000002384185791,0.10000002384185747,-0.3500000238418579,0.029999971389770064,5.0,5.0,03-19,0.043636359951712785
01-05,0.0,1.5,0.3999999761581421,0.0,-0.19999992847442627,-0.6000000238418579,-0.5000000596046448,0.10000002384185791,0.10000002384185747,-0.3500000238418579,-0.8700001239776611,4.0,6.0,03-20,-0.0381818305362355
01-06,0.0,1.5,0.3999999761581421,0.0,-0.19999992847442627,-0.6000000238418579,-0.5000000596046448,0.10000002384185791,0.10000002384185747,-0.3500000238418579,-0.8700001239776611,4.0,6.0,03-21,-0.0381818305362355
01-07,0.0,1.5,0.3999999761581421,0.0,-0.19999992847442627,-0.6000000238418579,-0.5000000596046448,0.10000002384185791,0.10000002384185747,-0.3500000238418579,-0.8500001430511475,4.0,6.0,03-22,-0.036363650452006985
01-08,0.0,-3.0,0.3999999761581421,0.0,-0.19999992847442627,-0.6000000238418579,-0.5000000596046448,0.30000007152557373,0.10000002384185747,-0.3500000238418579,-0.38000011444091797,3.0,7.0,03-23,-0.3845454616980119
01-09,0.0,-3.0,0.3999999761581421,0.0,-0.19999992847442627,-0.6000000238418579,-0.5000000596046448,0.30000007152557373,-0.10000002384185835,-0.3500000238418579,-0.19000005722046076,2.0,8.0,03-24,-0.3854545517401263
01-10,0.0,-3.0,0.3999999761581421,0.0,-0.19999992847442627,0.0,-0.5000000596046448,0.30000007152557373,-0.1999999284744267,-0.3500000238418579,-0.42000007629394576,2.0,8.0,03-25,-0.36090908809141686
01-11,0.0,-3.0,0.3999999761581421,0.0,-0.19999992847442627,0.0,-0.5000000596046448,0.30000007152557373,-0.1999999284744267,-0.3500000238418579,-0.7200000286102295,2.0,8.0,03-26,-0.3881818110292608
01-12,0.0,-3.0,0.3999999761581421,0.0,-0.19999992847442627,0.0,-0.5000000596046448,0.30000007152557373,-0.2999999523162842,-0.3500000238418579,0.30000019073486417,3.0,7.0,03-27,-0.30454542961987574
01-13,0.0,-3.0,0.3999999761581421,0.0,-0.19999992847442627,0.0,-0.5000000596046448,0.30000007152557373,-0.2999999523162842,-0.3500000238418579,0.30000019073486417,3.0,7.0,03-28,-0.30454542961987574
01-14,0.0,-3.0,0.3999999761581421,0.0,-0.19999992847442627,0.0,-0.5000000596046448,0.30000007152557373,-0.2999999523162842,-0.3500000238418579,0.30000019073486417,3.0,7.0,03-29,-0.30454542961987574
01-15,0.0,-3.0,0.3999999761581421,0.0,-0.19999992847442627,0.0,-0.5000000596046448,0.30000007152557373,-0.2999999523162842,-0.3500000238418579,0.75,3.0,7.0,03-30,-0.26363635605031793
01-16,0.0,-3.0,0.3999999761581421,0.0,-0.19999992847442627,0.0,-0.5000000596046448,0.30000007152557373,-0.2999999523162842,-0.3500000238418579,0.3400001525878906,3.0,7.0,03-31,-0.30090906945141876
01-17,0.0,-3.0,0.3999999761581421,0.0,-0.19999992847442627,0.0,-0.5000000596046448,0.30000007152557373,-0.2999999523162842,-0.3500000238418579,-0.23000001907348633,2.0,8.0,04-01,-0.35272726687518036
01-18,0.0,-3.0,0.3999999761581421,0.0,-0.19999992847442627,0.0,-0.5000000596046448,0.30000007152557373,-0.2999999523162842,-0.3500000238418579,-0.3899998664855957,2.0,8.0,04-02,-0.3672727075490085
01-19,0.0,-3.0,0.3999999761581421,0.0,-0.19999992847442627,0.0,-0.5000000596046448,0.30000007152557373,-0.2999999523162842,-0.18000006675720215,-0.3899998664855957,2.0,8.0,04-03,-0.3518181659958579
01-20,0.0,-0.8000001907348651,0.3999999761581421,0.8999999463558197,-0.19999992847442627,0.0,-0.5000000596046448,0.30000007152557373,-0.2999999523162842,-0.18000006675720215,-0.3899998664855957,3.0,8.0,04-04,-0.07000000639395297
01-21,0.0,-5.900000095367433,0.3999999761581421,0.8999999463558197,-0.19999992847442627,0.0,-0.5000000596046448,0.30000007152557373,-0.2999999523162842,-0.18000006675720215,-0.3899998664855957,3.0,8.0,04-05,-0.53363636136055
01-22,0.0,-3.9000000953674334,0.3999999761581421,0.8999999463558197,-0.19999992847442627,0.0,-0.5000000596046448,0.30000007152557373,-0.2999999523162842,-0.18000006675720215,-1.1399998664855957,3.0,8.0,04-06,-0.41999999772418645
01-23,-3.799999237060547,-3.9000000953674334,0.3999999761581421,0.8999999463558197,-0.19999992847442627,0.0,-0.5000000596046448,0.30000007152557373,-0.2999999523162842,-0.18000006675720215,-1.190000057220459,3.0,8.0,04-07,-0.7699999457055874
01-24,-4.0,-3.9000000953674334,0.3999999761581421,0.8999999463558197,-0.19999992847442627,0.0,-0.5000000596046448,0.30000007152557373,-0.40000009536743164,-0.18000006675720215,-0.9600000381469727,3.0,8.0,04-08,-0.7763636626980523
01-25,-4.0,-3.9000000953674334,0.3999999761581421,0.8999999463558197,-0.19999992847442627,0.0,-0.5000000596046448,0.30000007152557373,-0.40000009536743164,-0.24000000953674316,-0.820000171661377,3.0,8.0,04-09,-0.7690909423611383
01-26,-4.0,-4.200000286102295,0.3999999761581421,0.8999999463558197,-0.19999992847442627,0.0,-0.5000000596046448,0.30000007152557373,-0.40000009536743164,-0.24000000953674316,-0.820000171661377,3.0,8.0,04-10,-0.7963636869733984
01-27,-4.0,-4.200000286102295,0.3999999761581421,0.8999999463558197,-0.19999992847442627,0.0,-0.5000000596046448,0.30000007152557373,-0.40000009536743164,-0.24000000953674316,-0.820000171661377,3.0,8.0,04-11,-0.7963636869733984
01-28,-4.0,-4.200000286102295,0.3999999761581421,0.8999999463558197,-0.19999992847442627,0.0,-0.5000000596046448,0.30000007152557373,-0.6000000238418579,-0.24000000953674316,-1.0,3.0,8.0,04-12,-0.8309091194109484
01-29,-3.299999237060547,-4.200000286102295,0.3999999761581421,0.8999999463558197,0.0,0.0,-0.5000000596046448,0.30000007152557373,-0.6000000238418579,-0.24000000953674316,-1.369999885559082,3.0,8.0,04-13,-0.7827272279696031
01-30,-3.299999237060547,-4.200000286102295,0.3999999761581421,0.8999999463558197,0.10000002384185791,0.0,-0.5000000596046448,0.30000007152557373,-0.6000000238418579,-0.16999983787536577,-1.4999999999999991,4.0,7.0,04-14,-0.779090856963938
01-31,-3.299999237060547,-4.200000286102295,0.3999999761581421,0.8999999463558197,0.10000002384185791,0.0,-0.5000000596046448,0.30000007152557373,-0.6000000238418579,-0.09999990463256836,-1.4999999999999991,4.0,7.0,04-15,-0.7727272266691382
02-01,-3.299999237060547,-4.200000286102295,0.3999999761581421,1.0999999940395355,0.10000002384185791,0.0,-0.5000000596046448,0.30000007152557373,-0.6000000238418579,-0.09999990463256836,-1.169999599456787,4.0,7.0,04-16,-0.7245453677394174
02-02,-3.299999237060547,-3.999999523162842,0.2999999523162842,1.0999999940395355,0.10000002384185791,0.0,-0.5000000596046448,0.30000007152557373,-0.6000000238418579,-0.09999990463256836,-1.2099995613098136,4.0,7.0,04-17,-0.7190907516262747
02-03,-3.299999237060547,-3.999999523162842,0.2999999523162842,1.0999999940395355,0.10000002384185791,0.0,-0.5000000596046448,0.30000007152557373,-0.3999999761581421,-0.09999990463256836,-1.2099995613098136,4.0,7.0,04-18,-0.7009089291095733
02-04,-3.299999237060547,-3.5999999046325684,0.2999999523162842,1.0999999940395355,0.10000002384185791,0.0,-0.5000000596046448,0.30000007152557373,-0.3999999761581421,-0.09999990463256836,-1.0599999427795401,4.0,7.0,04-19,-0.6509089984677053
02-05,-3.299999237060547,-3.5999999046325684,0.2999999523162842,1.0999999940395355,0.10000002384185791,0.0,-0.5000000596046448,0.30000007152557373,-0.3999999761581421,-0.09999990463256836,-1.0599999427795401,4.0,7.0,04-20,-0.6509089984677053
02-06,-3.299999237060547,-3.5999999046325684,0.2999999523162842,1.0999999940395355,0.10000002384185791,0.0,-0.5000000596046448,0.30000007152557373,-0.3999999761581421,-0.09999990463256836,-0.7800002098083496,4.0,7.0,04-21,-0.6254544772885062
02-07,-3.299999237060547,-3.5999999046325684,0.2999999523162842,1.0999999940395355,0.10000002384185791,0.0,-0.5000000596046448,0.30000007152557373,-0.6000000238418579,0.21000003814697266,-1.5099997520446777,5.0,6.0,04-22,-0.6818180815740065
02-08,-3.299999237060547,-3.5999999046325684,0.2999999523162842,1.0999999940395355,0.10000002384185791,0.0,-0.5000000596046448,0.30000007152557373,-0.3000000715255742,0.15000009536743164,-1.429999828338623,5.0,6.0,04-23,-0.652727178551934
02-09,-3.299999237060547,-3.5999999046325684,0.2999999523162842,1.0999999940395355,0.10000002384185791,0.0,-0.5000000596046448,0.30000007152557373,-0.3000000715255742,0.270000100135803,-1.429999828338623,5.0,6.0,04-24,-0.6418180872093547
02-10,-3.299999237060547,-3.5999999046325684,0.2999999523162842,1.0999999940395355,0.10000002384185791,0.0,-0.5000000596046448,0.30000007152557373,-0.3000000715255742,0.5300000905990598,-1.429999828338623,5.0,6.0,04-25,-0.6181817244399678
02-11,-3.299999237060547,-3.5999999046325684,-0.10000002384185791,1.0999999940395355,0.10000002384185791,0.10000002384185791,-0.5000000596046448,0.30000007152557373,-0.3000000715255742,0.5300000905990598,-2.1299996376037607,5.0,6.0,04-26,-0.7090907936746425
02-12,-3.299999237060547,-3.5999999046325684,0.0,1.0999999940395355,0.10000002384185791,0.10000002384185791,-0.5000000596046448,0.30000007152557373,-0.3000000715255742,0.7499999999999998,-2.1499996185302734,5.0,6.0,04-27,-0.6818180707367983
02-13,-3.299999237060547,-3.5999999046325684,0.0,1.0999999940395355,0.10000002384185791,0.10000002384185791,-0.5000000596046448,0.30000007152557373,-0.3000000715255742,0.49000000953674316,-1.9000000953674316,5.0,6.0,04-28,-0.6827272041277452
02-14,-3.299999237060547,-3.5999999046325684,0.0,1.0999999940395355,0.10000002384185791,0.10000002384185791,-0.5000000596046448,0.30000007152557373,-0.3000000715255742,0.49000000953674316,-2.190000057220459,5.0,6.0,04-29,-0.709090837023475
02-15,-3.299999237060547,-3.5999999046325684,0.0,1.0999999940395355,0.10000002384185791,0.10000002384185791,-0.5000000596046448,0.10000002384185791,-0.3000000715255742,0.49000000953674316,-1.9200000762939444,5.0,6.0,04-30,-0.7027272067286751
02-16,-3.299999237060547,-3.8000001907348624,0.0,1.0999999940395355,0.10000002384185791,0.10000002384185791,-0.5000000596046448,0.10000002384185791,-0.3000000715255742,0.49000000953674316,-1.5600004196166983,5.0,6.0,05-01,-0.6881818094036795
02-17,-3.299999237060547,-3.8000001907348624,0.0,1.0999999940395355,0.10000002384185791,0.10000002384185791,-0.5000000596046448,0.10000002384185791,0.09999990463256836,0.49000000953674316,-1.5600004196166983,6.0,5.0,05-02,-0.6518181752074846
02-18,-3.299999237060547,-3.8000001907348624,0.0,1.0999999940395355,0.10000002384185791,0.10000002384185791,-0.5000000596046448,0.10000002384185791,0.09999990463256836,0.49000000953674316,-1.5600004196166983,6.0,5.0,05-03,-0.6518181752074846
02-19,-3.299999237060547,-3.8000001907348624,0.0,1.0999999940395355,0.10000002384185791,0.10000002384185791,-0.5000000596046448,0.10000002384185791,0.09999990463256836,0.49000000953674316,-1.4800000190734863,6.0,5.0,05-04,-0.6445454115217382
02-20,-3.299999237060547,-3.8000001907348624,0.0,1.0999999940395355,0.10000002384185791,0.10000002384185791,-0.5000000596046448,0.10000002384185791,0.09999990463256836,0.49000000953674316,-1.0700001716613778,6.0,5.0,05-05,-0.6072726981206373
02-21,-3.299999237060547,-3.8000001907348624,0.0,1.0999999940395355,0.10000002384185791,0.10000002384185791,-0.5000000596046448,0.10000002384185791,0.09999990463256836,0.5199999809265137,-1.260000228881836,6.0,5.0,05-06,-0.6218181604688817
02-22,-3.299999237060547,-3.8000001907348624,0.0,1.0999999940395355,0.2999999523162842,0.10000002384185791,-0.5000000596046448,0.10000002384185791,0.09999990463256836,0.5199999809265137,-0.28999996185302734,6.0,5.0,05-07,-0.515454506332224
02-23,-3.299999237060547,-3.8000001907348624,0.0,1.0999999940395355,0.2999999523162842,0.10000002384185791,-0.5000000596046448,0.10000002384185791,-0.20000004768371582,0.440000057220459,-0.28999996185302734,5.0,6.0,05-08,-0.5499999496069821
02-24,-3.299999237060547,-4.300000190734862,0.0,1.0999999940395355,0.2999999523162842,0.10000002384185791,-0.5000000596046448,0.10000002384185791,-0.20000004768371582,0.440000057220459,-0.28999996185302734,5.0,6.0,05-09,-0.5954544950615275
02-25,-3.299999237060547,-4.300000190734862,0.0,1.0999999940395355,0.2999999523162842,0.10000002384185791,0.0,0.10000002384185791,-0.10000002384185835,0.440000057220459,-0.32999992370605646,5.0,6.0,05-10,-0.5445453930984846
02-26,-2.0,-5.800000190734862,0.0,1.0999999940395355,0.2999999523162842,0.10000002384185791,0.5000000596046448,0.10000002384185791,-0.10000002384185835,0.25,-0.570000171661377,6.0,5.0,05-11,-0.556363666599447
02-27,-2.0,-5.800000190734862,0.0,1.0999999940395355,0.2999999523162842,0.10000002384185791,0.5000000596046448,0.10000002384185791,-0.10000002384185835,0.25,0.0900001525878924,7.0,4.0,05-12,-0.4963636371222408
02-28,-2.0,-5.800000190734862,0.0,1.0999999940395355,0.2999999523162842,0.10000002384185791,0.5000000596046448,0.10000002384185791,-0.10000002384185835,0.25,-0.2999997138977051,6.0,5.0,05-13,-0.5318181704391133
02-29,0.0,0.0,0.0,0.0,0.0,0.0,0.5000000596046448,0.0,0.0,0.0,0.49000024795532227,2.0,1.0,05-14,0.09000002795999701
03-01,-2.0,-5.800000190734862,0.0,1.0999999940395355,0.2999999523162842,0.10000002384185791,0.5000000596046448,0.10000002384185791,-0.10000002384185835,0.5,0.16000032424926758,7.0,4.0,05-15,-0.46727271242575213
03-02,-2.0,-5.800000190734862,0.0,1.0999999940395355,0.2999999523162842,0.10000002384185791,0.5000000596046448,0.10000002384185791,-0.10000002384185835,0.4100000858306885,0.16000032424926758,7.0,4.0,05-16,-0.47545452280478046
03-03,-2.0,-5.800000190734862,0.0,1.0999999940395355,0.2999999523162842,0.10000002384185791,0.5000000596046448,0.0,-0.10000002384185835,0.4100000858306885,-0.19999980926513672,5.0,6.0,05-17,-0.517272718928077
03-04,-2.0,-5.800000190734862,0.0,1.0999999940395355,0.2999999523162842,0.10000002384185791,0.5000000596046448,0.0,0.0,0.4100000858306885,-0.36999988555908203,5.0,6.0,05-18,-0.5236363600600848
03-05,-2.0,-5.800000190734862,0.0,1.0999999940395355,0.2999999523162842,0.10000002384185791,0.5000000596046448,0.0,0.0,0.5100001096725464,-0.19000005722045898,5.0,6.0,05-19,-0.4981818280436775
03-06,-2.0,-5.800000190734862,0.0,1.0999999940395355,0.19999992847442627,0.10000002384185791,0.5000000596046448,0.0,0.10000002384185835,0.5300000905990601,0.0,6.0,5.0,05-20,-0.4790909154848617
03-07,-2.0,-5.800000190734862,0.0,1.0999999940395355,0.19999992847442627,0.10000002384185791,0.5000000596046448,0.0,0.0,0.5300000905990601,0.890000343322753,6.0,5.0,05-21,-0.4072727046229623
03-08,-2.0,-5.800000190734862,0.0,1.0999999940395355,0.10000002384185791,0.10000002384185791,0.5000000596046448,0.0,0.10000002384185835,0.5300000905990601,0.7600002288818359,7.0,4.0,05-22,-0.4190908860076556
03-09,-2.0,-5.800000190734862,0.0,1.0999999940395355,0.10000002384185791,0.10000002384185791,0.5000000596046448,0.0,0.10000002384185835,0.5300000905990601,0.7600002288818359,7.0,4.0,05-23,-0.4190908860076556
03-10,-2.0,-5.800000190734862,0.0,1.0999999940395355,0.10000002384185791,0.10000002384185791,0.5000000596046448,0.0,0.1999999284744267,0.5300000905990601,0.8400001525878915,7.0,4.0,05-24,-0.40272726524959884
03-11,-2.0,-6.0999999046325675,0.0,1.0999999940395355,0.0,0.10000002384185791,0.5000000596046448,0.0,0.1999999284744267,0.5300000905990601,1.1900000572204599,6.0,5.0,05-25,-0.40727270462296217
03-12,-2.0,-6.0999999046325675,0.0,1.0999999940395355,0.2999999523162842,0.10000002384185791,0.5000000596046448,0.0,0.1999999284744267,0.5300000905990601,1.239999771118164,7.0,4.0,05-26,-0.37545455314896325
03-13,-2.0,-6.0999999046325675,0.0,1.0999999940395355,0.0,0.10000002384185791,0.5000000596046448,0.0,0.1999999284744267,0.5300000905990601,1.0399999618530265,6.0,5.0,05-27,-0.42090907692909246
03-14,-2.0,-6.0999999046325675,0.0,1.0999999940395355,0.0,0.10000002384185791,0.5000000596046448,0.0,0.1999999284744267,0.5300000905990601,2.069999933242798,6.0,5.0,05-28,-0.32727271589365875
03-15,-2.0,-6.0999999046325675,0.0,1.0999999940395355,0.19999992847442627,0.10000002384185791,0.5000000596046448,0.0,0.1999999284744267,0.5100001096725464,2.249999761581422,7.0,4.0,05-29,-0.2945454635403372
03-16,-2.0,-6.0999999046325675,0.0,1.0999999940395355,0.19999992847442627,0.10000002384185791,0.5000000596046448,0.0,-0.10000002384185747,0.5100001096725464,2.249999761581422,6.0,5.0,05-30,-0.3218181864781812
03-17,-2.0,-6.5,0.0,1.0999999940395355,0.19999992847442627,0.10000002384185791,0.5000000596046448,0.0,-0.10000002384185747,0.5100001096725464,2.269999742507936,6.0,5.0,05-31,-0.35636365142735554
03-18,-2.0,-6.5,0.0,1.0999999940395355,0.19999992847442627,0.10000002384185791,0.5000000596046448,0.0,-0.10000002384185747,0.5100001096725464,3.169999837875367,6.0,5.0,06-01,-0.2745454609394073
03-19,-2.0,-6.5,0.0,1.0999999940395355,0.19999992847442627,0.10000002384185791,0.5000000596046448,0.0,-0.10000002384185747,0.5100001096725464,2.820000171661378,6.0,5.0,06-02,-0.3063636124134063
03-20,-2.0,-6.5,0.0,1.0999999940395355,0.19999992847442627,0.10000002384185791,0.5000000596046448,0.0,-0.10000002384185747,0.5100001096725464,2.779999971389772,6.0,5.0,06-03,-0.30999999425627955
03-21,-2.0,-6.5,0.0,1.0999999940395355,0.19999992847442627,0.10000002384185791,0.5000000596046448,0.0,0.10000002384185835,0.5100001096725464,3.259999990463257,7.0,4.0,06-04,-0.24818180636926132
03-22,-2.0,-6.5,0.0,1.0999999940395355,0.19999992847442627,0.10000002384185791,0.5000000596046448,0.09999990463256836,0.10000002384185835,0.5100001096725464,3.259999990463257,8.0,3.0,06-05,-0.23909090594811874
03-23,-2.0,-6.5,0.0,1.0999999940395355,0.19999992847442627,0.10000002384185791,0.5000000596046448,0.09999990463256836,0.10000002384185835,0.5100001096725464,3.259999990463257,8.0,3.0,06-06,-0.23909090594811874
03-24,-2.0,-6.5,0.0,1.0999999940395355,0.19999992847442627,0.10000002384185791,0.5000000596046448,0.09999990463256836,0.20000004768371582,0.5100001096725464,3.259999990463257,8.0,3.0,06-07,-0.229999994689768
03-25,-2.0,-6.5,0.0,1.0999999940395355,0.19999992847442627,0.10000002384185791,0.5000000596046448,0.09999990463256836,0.20000004768371582,0.5100001096725464,3.0799999237060547,8.0,3.0,06-08,-0.24636363712224094
03-26,-2.0,-6.5,0.0,1.0999999940395355,0.19999992847442627,0.10000002384185791,0.5000000596046448,0.09999990463256836,0.20000004768371582,0.5100001096725464,2.5399999618530273,8.0,3.0,06-09,-0.2954545427452434
03-27,-2.0,-6.5,0.0,1.0999999940395355,0.19999992847442627,0.10000002384185791,0.5000000596046448,0.09999990463256836,0.20000004768371582,0.43999993801116943,2.5299997329711914,8.0,3.0,06-10,-0.30272730643099005
03-28,-2.0,-6.5,0.0,1.0999999940395355,0.19999992847442627,0.10000002384185791,0.5000000596046448,0.09999990463256836,0.20000004768371582,0.43999993801116943,2.049999713897705,8.0,3.0,06-11,-0.346363671801307
03-29,-2.0,-6.5,0.0,1.0999999940395355,0.19999992847442627,0.10000002384185791,0.5000000596046448,0.09999990463256836,0.20000004768371582,0.43999993801116943,2.3999996185302743,8.0,3.0,06-12,-0.3145454986528916
03-30,-2.0,-6.5,0.0,1.0999999940395355,0.09999990463256836,0.10000002384185791,0.5000000596046448,0.09999990463256836,0.20000004768371582,0.3200000524520874,2.3999996185302743,8.0,3.0,06-13,-0.3345454904166134
03-31,-2.0,-5.300000190734862,0.0,1.0999999940395355,0.09999990463256836,0.10000002384185791,0.5000000596046448,0.09999990463256836,0.20000004768371582,0.399999976158143,2.5099997520446786,8.0,3.0,06-14,-0.20818186619065002
04-01,-2.0,-5.300000190734862,0.0,1.0999999940395355,0.09999990463256836,0.10000002384185791,0.5000000596046448,0.09999990463256836,0.20000004768371582,0.399999976158143,1.9600000381469735,8.0,3.0,06-15,-0.2581818401813505
04-02,-2.0,-0.20000028610229403,0.0,1.0999999940395355,0.09999990463256836,0.10000002384185791,0.5000000596046448,0.09999990463256836,0.20000004768371582,0.23000001907348722,2.5799999237060547,8.0,3.0,06-16,0.2463635991920126
04-03,-2.0,-0.20000028610229403,0.0,0.20000004768371582,0.19999992847442627,0.10000002384185791,0.5000000596046448,0.09999990463256836,0.20000004768371582,0.23000001907348722,2.4800000190734863,8.0,3.0,06-17,0.16454543308778258
04-04,-2.0,-0.20000028610229403,0.0,0.20000004768371582,0.5999999046325684,0.10000002384185791,0.5000000596046448,0.09999990463256836,0.40000009536743164,0.23000001907348722,2.5799999237060547,8.0,3.0,06-18,0.22818179022182133
04-05,-2.0,-0.20000028610229403,0.0,0.20000004768371582,0.5999999046325684,0.10000002384185791,0.5000000596046448,0.09999990463256836,0.40000009536743164,0.23000001907348722,2.5799999237060547,8.0,3.0,06-19,0.22818179022182133
04-06,1.7999992370605469,-0.20000028610229403,0.0,0.20000004768371582,0.5999999046325684,0.10000002384185791,0.5000000596046448,0.09999990463256836,0.40000009536743164,0.23000001907348722,2.5799999237060547,9.0,2.0,06-20,0.5736362663182347
04-07,2.0,-0.20000028610229403,0.0,0.20000004768371582,0.5999999046325684,0.10000002384185791,0.5000000596046448,0.09999990463256836,0.40000009536743164,0.23000001907348722,2.450000286102295,9.0,2.0,06-21,0.580000004985116
04-08,2.0,-0.20000028610229403,0.0,0.20000004768371582,0.5999999046325684,0.10000002384185791,0.5000000596046448,0.09999990463256836,0.40000009536743164,0.23000001907348722,2.5099997520446804,9.0,2.0,06-22,0.5854545018889691
04-09,2.0,-0.20000028610229403,0.0,0.20000004768371582,0.2999999523162842,0.10000002384185791,0.5000000596046448,0.09999990463256836,0.40000009536743164,0.23000001907348722,2.589999675750735,9.0,2.0,06-23,0.5654544992880391
04-10,1.2999992370605469,-0.20000028610229403,0.0,0.20000004768371582,0.2999999523162842,0.10000002384185791,0.5000000596046448,0.09999990463256836,0.40000009536743164,0.049999952316283736,2.3899998664855957,9.0,2.0,06-24,0.46727262301878497
04-11,1.2999992370605469,-0.20000028610229403,0.0,0.20000004768371582,0.2999999523162842,0.10000002384185791,0.5000000596046448,0.09999990463256836,0.6000000238418579,-0.02000021934509366,2.6999998092651367,8.0,3.0,06-25,0.5072725957090204
04-12,1.2999992370605469,-0.20000028610229403,0.0,0.20000004768371582,0.2999999523162842,0.10000002384185791,0.5000000596046448,0.09999990463256836,0.6000000238418579,-0.09000015258789107,2.339999675750735,8.0,3.0,06-26,0.4681816805492751
04-13,1.2999992370605469,-0.20000028610229403,0.10000002384185791,0.0,0.2999999523162842,0.10000002384185791,0.5000000596046448,0.09999990463256836,0.49999988079071045,-0.09000015258789107,2.339999675750735,8.0,3.0,06-27,0.4499998471953655
04-14,1.2999992370605469,-2.200000286102295,0.10000002384185791,0.0,0.2999999523162842,0.10000002384185791,0.5000000596046448,0.2999999523162842,0.49999988079071045,-0.09000015258789107,2.339999675750735,8.0,3.0,06-28,0.28636348789388505
04-15,1.2999992370605469,-2.3000001907348633,0.10000002384185791,0.0,0.2999999523162842,0.10000002384185791,0.5000000596046448,0.2999999523162842,0.49999988079071045,-0.09000015258789107,2.1599998474121085,8.0,3.0,06-29,0.2609089667146855
04-16,1.2999992370605469,-2.3000001907348633,0.10000002384185791,0.0,0.2999999523162842,0.10000002384185791,0.5000000596046448,0.2999999523162842,0.49999988079071045,-0.09000015258789107,1.9099998474121085,8.0,3.0,06-30,0.23818169398741276
04-17,1.2999992370605469,-2.3000001907348633,0.10000002384185791,-0.20000004768371582,0.2999999523162842,0.10000002384185791,0.5000000596046448,0.2999999523162842,0.49999988079071045,-0.09000015258789107,2.130000114440918,8.0,3.0,07-01,0.23999989574605765
04-18,1.2999992370605469,-2.3000001907348633,0.10000002384185791,-0.20000004768371582,0.2999999523162842,0.10000002384185791,0.5000000596046448,0.2999999523162842,0.49999988079071045,-0.09000015258789107,2.549999713897705,8.0,3.0,07-02,0.27818167751485645
04-19,1.2999992370605469,-2.3000001907348633,0.10000002384185791,-0.20000004768371582,0.2999999523162842,0.10000002384185791,0.5000000596046448,0.2999999523162842,0.49999988079071045,-0.09000015258789107,2.549999713897705,8.0,3.0,07-03,0.27818167751485645
04-20,1.2999992370605469,-2.3000001907348633,0.10000002384185791,-0.20000004768371582,0.2999999523162842,0.10000002384185791,0.5000000596046448,0.2999999523162842,0.1999999284744267,-0.09000015258789107,2.549999713897705,8.0,3.0,07-04,0.2509089545770125
04-21,1.2999992370605469,-2.3000001907348633,0.10000002384185791,-0.20000004768371582,0.2999999523162842,0.10000002384185791,0.5000000596046448,0.2999999523162842,0.1999999284744267,-0.09000015258789107,2.549999713897705,8.0,3.0,07-05,0.2509089545770125
04-22,1.2999992370605469,-2.3000001907348633,0.10000002384185791,-0.20000004768371582,0.2999999523162842,0.10000002384185791,0.5000000596046448,0.2999999523162842,0.1999999284744267,-0.09000015258789107,2.5699996948242214,8.0,3.0,07-06,0.25272713466124125
04-23,1.2999992370605469,-2.3000001907348633,0.10000002384185791,-0.20000004768371582,0.2999999523162842,0.0,0.5000000596046448,0.2999999523162842,0.1999999284744267,-0.09000015258789107,3.1299996376037607,7.0,4.0,07-07,0.2945453091101214
04-24,1.2999992370605469,-2.3000001907348633,0.10000002384185791,-0.20000004768371582,0.2999999523162842,0.0,0.5000000596046448,0.2999999523162842,0.1999999284744267,-0.3500001430511479,3.320000171661377,7.0,4.0,07-08,0.28818172216415405
04-25,1.2999992370605469,-2.3000001907348633,0.0,-0.20000004768371582,0.2999999523162842,0.0,0.5000000596046448,0.2999999523162842,0.1999999284744267,-0.1000001430511479,3.200000286102295,6.0,5.0,07-09,0.29090900312770496
04-26,1.2999992370605469,-2.3000001907348633,0.0,-0.20000004768371582,0.2999999523162842,0.0,0.5000000596046448,0.2999999523162842,0.1999999284744267,-0.1000001430511479,3.200000286102295,6.0,5.0,07-10,0.29090900312770496
04-27,1.2999992370605469,-2.3000001907348633,0.0,-0.20000004768371582,0.2999999523162842,0.0,0.5000000596046448,0.5,0.1999999284744267,0.08999991416931152,3.200000286102295,7.0,4.0,07-11,0.32636355811899365
04-28,1.2999992370605469,-2.0999999046325692,0.0,-0.20000004768371582,0.2999999523162842,0.0,0.5000000596046448,0.5,0.1999999284744267,0.08999991416931152,2.630000114440918,7.0,4.0,07-12,0.29272720488634973
04-29,1.2999992370605469,-2.0999999046325692,0.0,-0.20000004768371582,0.2999999523162842,0.0,0.5000000596046448,0.5,0.1999999284744267,0.08999991416931152,2.760000228881836,7.0,4.0,07-13,0.30454539710825135
04-30,1.2999992370605469,-2.0999999046325692,0.0,-0.20000004768371582,0.2999999523162842,0.0,0.5000000596046448,0.5,0.1999999284744267,0.08999991416931152,2.739999771118164,7.0,4.0,07-14,0.30272717367519025
05-01,1.2999992370605469,-2.0999999046325692,0.0,-0.20000004768371582,0.2999999523162842,0.0,0.5000000596046448,0.5,0.0,-0.039999961853027344,2.619999885559082,5.0,6.0,07-15,0.2618181109428405
05-02,1.2999992370605469,-2.0999999046325692,0.0,-0.20000004768371582,0.2999999523162842,0.0,0.5000000596046448,0.5,0.0,-0.039999961853027344,2.519999980926512,5.0,6.0,07-16,0.2527272105216978
05-03,1.2999992370605469,-2.0999999046325692,0.0,-0.20000004768371582,0.2999999523162842,0.0,0.5000000596046448,0.5,0.0,0.1700000762939453,2.6500000953674308,6.0,5.0,07-17,0.2836363153024152
05-04,1.2999992370605469,-2.0999999046325692,0.0,-0.20000004768371582,0.2999999523162842,0.0,0.5000000596046448,0.5,0.0,0.1700000762939453,2.6500000953674308,6.0,5.0,07-18,0.2836363153024152
05-05,1.2999992370605469,-2.0999999046325692,0.0,-0.20000004768371582,0.2999999523162842,0.0,0.5000000596046448,0.5,0.2999999523162842,0.1700000762939453,2.2799997329711914,7.0,4.0,07-19,0.2772726416587829
05-06,1.2999992370605469,-1.5999999046325692,0.0,-0.20000004768371582,0.10000002384185791,0.0,0.0,0.5,0.2999999523162842,0.1700000762939453,2.0899996757507306,6.0,5.0,07-20,0.24181809208609817
05-07,1.2999992370605469,-1.5999999046325692,0.0,-0.20000004768371582,0.10000002384185791,0.0,0.0,0.5,0.2999999523162842,0.1700000762939453,2.0399999618530273,6.0,5.0,07-21,0.23727266354994334
05-08,0.0,-1.5999999046325692,0.0,-0.20000004768371582,0.10000002384185791,0.0,0.0,0.5,0.2999999523162842,0.2200000286102295,1.5399999618530256,5.0,6.0,07-22,0.07818181948228292
05-09,0.0,-1.5999999046325692,0.0,-0.20000004768371582,0.10000002384185791,0.0,0.0,0.5,0.1999999284744267,0.3900001049041748,1.4499998092651367,5.0,6.0,07-23,0.07636362856084646
05-10,0.0,-1.5999999046325692,0.0,-0.20000004768371582,0.10000002384185791,0.0,0.0,0.5,0.1999999284744267,0.40000009536743164,1.089999675750735,5.0,6.0,07-24,0.04454543373801512
05-11,0.0,-2.000000000000001,0.0,-0.20000004768371582,0.10000002384185791,0.0,0.0,0.5,0.1999999284744267,0.15000009536743164,1.089999675750735,5.0,6.0,07-25,-0.014545484022660487
05-12,0.0,-1.5999999046325692,0.0,-0.20000004768371582,0.10000002384185791,0.0,0.0,0.5,0.1999999284744267,0.15000009536743164,0.659999847412112,5.0,6.0,07-26,-0.01727273247458698
05-13,0.0,-1.5999999046325692,0.0,-0.20000004768371582,0.10000002384185791,0.0,0.0,0.5,0.1999999284744267,0.15000009536743164,0.630000114440918,5.0,6.0,07-27,-0.019999980926513714
05-14,0.0,-1.5999999046325692,0.0,-0.20000004768371582,0.10000002384185791,0.0,0.0,0.5,0.1999999284744267,0.24000000953674316,0.7899999618530265,5.0,6.0,07-28,0.0027272701263426524
05-15,-5.799999237060547,-1.5999999046325692,0.0,-0.20000004768371582,0.10000002384185791,0.0,0.0,0.5,0.1999999284744267,0.24000000953674316,1.140000343322754,5.0,6.0,07-29,-0.4927271712910045
05-16,-6.999999046325682,-1.5999999046325692,0.0,-0.20000004768371582,0.10000002384185791,0.0,0.0,0.5,0.09999990463256836,0.2200000286102295,0.7899999618530265,5.0,6.0,07-30,-0.6445453708822078
05-17,-6.999999046325682,-1.5999999046325692,0.0,-0.20000004768371582,0.10000002384185791,0.0,0.0,0.7000000476837158,0.09999990463256836,0.2200000286102295,0.8000001907348633,5.0,6.0,07-31,-0.6254544366489757
05-18,-6.999999046325682,-1.5999999046325692,0.0,-0.20000004768371582,0.10000002384185791,0.0,0.0,0.7000000476837158,0.09999990463256836,0.2200000286102295,0.8000001907348633,5.0,6.0,08-01,-0.6254544366489757
05-19,-6.999999046325682,-1.1999998092651376,0.0,-0.20000004768371582,0.10000002384185791,0.0,0.0,0.7000000476837158,0.09999990463256836,0.2200000286102295,0.1399998664855957,5.0,6.0,08-02,-0.6490908210927789
05-20,-6.999999046325682,-1.1999998092651376,0.0,-0.20000004768371582,0.10000002384185791,0.0,0.0,0.7000000476837158,0.09999990463256836,0.2200000286102295,-0.11000013351440519,4.0,7.0,08-03,-0.6718180938200518
05-21,-6.999999046325682,-0.9000000953674325,0.0,-0.20000004768371582,0.10000002384185791,0.0,0.0,0.7000000476837158,0.09999990463256836,0.2200000286102295,0.3900003433227539,5.0,6.0,08-04,-0.599090803753246
05-22,-6.999999046325682,-0.9000000953674325,0.0,-0.20000004768371582,0.10000002384185791,0.0,0.0,0.7000000476837158,0.0,-0.019999980926513672,0.9099998474121103,3.0,8.0,08-05,-0.5827272046696055
05-23,-6.999999046325682,-0.9000000953674325,0.0,-0.20000004768371582,0.10000002384185791,0.0,0.0,0.7000000476837158,0.0,0.0,0.34000015258788796,3.0,8.0,08-06,-0.6327271786603063
05-24,-6.999999046325682,-0.9000000953674325,0.0,-0.20000004768371582,0.10000002384185791,0.0,0.0,0.7000000476837158,0.0,0.019999980926513672,0.3699998855590847,4.0,7.0,08-07,-0.6281817501241508
05-25,-6.999999046325682,-0.9000000953674325,-0.3999999761581421,-0.20000004768371582,0.10000002384185791,0.0,0.0,0.7000000476837158,0.2999999523162842,0.019999980926513672,0.3699998855590847,5.0,6.0,08-08,-0.6372726613825015
05-26,-6.999999046325682,-0.5,-0.3999999761581421,-0.20000004768371582,0.10000002384185791,0.0,0.19999992847442627,0.7000000476837158,0.2999999523162842,-0.10000014305114746,0.3699998855590847,5.0,6.0,08-09,-0.5936363068493926
05-27,-6.999999046325682,-0.5,-0.3999999761581421,-0.20000004768371582,0.10000002384185791,0.0,0.19999992847442627,0.7000000476837158,0.2999999523162842,-0.10000014305114746,0.4500002861022949,5.0,6.0,08-10,-0.5863635431636461
05-28,-6.999999046325682,-0.5,-0.3999999761581421,-0.20000004768371582,0.10000002384185791,0.0,0.19999992847442627,0.7000000476837158,0.2999999523162842,-0.10000014305114746,0.5,5.0,6.0,08-11,-0.5818181146274912
05-29,-6.999999046325682,-0.5,-0.3999999761581421,-0.20000004768371582,0.10000002384185791,0.0,0.19999992847442627,0.7000000476837158,0.2999999523162842,-0.10000014305114746,0.8599996566772443,5.0,6.0,08-12,-0.549090873111378
05-30,-6.999999046325682,-0.5,-0.3999999761581421,-0.20000004768371582,-0.10000002384185791,0.0,0.19999992847442627,0.7000000476837158,0.2699999809265141,-0.10000014305114746,0.6799998283386222,4.0,7.0,08-13,-0.5863635865124789
05-31,-6.999999046325682,-0.5,-0.3999999761581421,-0.20000004768371582,-0.10000002384185791,0.0,0.19999992847442627,0.7000000476837158,0.0699999332427983,-0.10000014305114746,0.7199997901916504,4.0,7.0,08-14,-0.6009090488607232
06-01,-6.999999046325682,-0.5,-0.3999999761581421,-0.20000004768371582,-0.10000002384185791,0.0,0.19999992847442627,0.40000009536743164,-0.12000000476837158,-0.10000014305114746,0.7199997901916504,3.0,8.0,08-15,-0.6454544934359462
06-02,-6.999999046325682,-0.5,-0.3999999761581421,-0.20000004768371582,-0.10000002384185791,0.0,0.19999992847442627,0.40000009536743164,-0.16999995708465598,-0.10000014305114746,0.4699997901916504,3.0,8.0,08-16,-0.6727272163737902
06-03,-6.999999046325682,-0.5,-0.699999988079071,-0.20000004768371582,-0.10000002384185791,0.0,0.19999992847442627,0.40000009536743164,-0.16999995708465598,-0.10000014305114746,0.4099998474121085,3.0,8.0,08-17,-0.705454484982924
06-04,-6.999999046325682,-0.5,-0.699999988079071,-0.20000004768371582,-0.10000002384185791,0.0,0.19999992847442627,0.40000009536743164,-0.16999995708465598,-0.10000014305114746,-0.430000305175783,2.0,9.0,08-18,-0.7818181352181868
06-05,-6.999999046325682,-0.5,-0.699999988079071,-0.20000004768371582,-0.10000002384185791,0.0,0.19999992847442627,0.40000009536743164,-0.16999995708465598,-0.26999998092651323,-0.23000001907348633,2.0,9.0,08-19,-0.7790908217430114
06-06,-6.999999046325682,-0.5,-0.699999988079071,-0.20000004768371582,-0.10000002384185791,0.0,0.19999992847442627,0.40000009536743164,-0.16999995708465598,-0.19999980926513627,0.8000001907348633,3.0,8.0,08-20,-0.6790907870639452
06-07,-6.999999046325682,-0.5,-0.699999988079071,-0.20000004768371582,-0.10000002384185791,0.0,0.19999992847442627,0.40000009536743164,-0.16999995708465598,-0.19999980926513627,0.8400001525878906,3.0,8.0,08-21,-0.6754544268954882
06-08,-6.999999046325682,-0.5,-0.699999988079071,-0.20000004768371582,-0.10000002384185791,0.0,0.19999992847442627,0.40000009536743164,0.0,-0.19999980926513627,0.8400001525878906,3.0,8.0,08-22,-0.6599998853423377
06-09,-6.999999046325682,-0.5,-0.699999988079071,-0.20000004768371582,-0.10000002384185791,0.0,0.19999992847442627,0.40000009536743164,0.0,-0.19999980926513627,1.320000171661377,3.0,8.0,08-23,-0.6163635199720208
06-10,-6.999999046325682,-1.6999998092651376,-0.699999988079071,-0.20000004768371582,-0.10000002384185791,0.0,0.19999992847442627,0.40000009536743164,0.34999990463256836,-0.19999980926513627,0.8000001907348624,4.0,7.0,08-24,-0.7409089641137556
06-11,-6.999999046325682,-1.6999998092651376,-0.699999988079071,-0.20000004768371582,0.0,0.0,0.19999992847442627,0.40000009536743164,0.34999990463256836,-0.07999992370605424,1.3499999046325675,4.0,7.0,08-25,-0.6709089983593335
06-12,-6.999999046325682,-1.6999998092651376,-0.699999988079071,-0.20000004768371582,0.0,0.0,0.19999992847442627,0.40000009536743164,0.34999990463256836,-0.15999984741210982,0.9099998474121085,4.0,7.0,08-26,-0.7181817238981074
06-13,-6.999999046325682,-1.6999998092651376,-0.699999988079071,-0.20000004768371582,-0.10000002384185791,0.0,0.19999992847442627,0.40000009536743164,0.34999990463256836,-0.22000002861022994,0.8200001716613761,4.0,7.0,08-27,-0.740908985788172
06-14,-6.999999046325682,-1.6999998092651376,-0.699999988079071,-0.20000004768371582,-0.5,0.0,0.19999992847442627,0.40000009536743164,0.39999985694885254,-0.22000002861022994,0.940000057220459,4.0,7.0,08-28,-0.7618180892684243
06-15,-6.999999046325682,-3.6999998092651376,-0.699999988079071,-0.20000004768371582,-0.5,0.0,0.19999992847442627,0.40000009536743164,0.26999998092651323,-0.2000000476837167,0.940000057220459,4.0,7.0,08-29,-0.9536362615498629
06-16,-6.999999046325682,-3.6999998092651376,-0.699999988079071,-0.20000004768371582,-0.5,0.0,0.19999992847442627,0.40000009536743164,0.3899998664855957,-0.2000000476837167,0.5399999618530273,4.0,7.0,08-30,-0.9790908260778948
06-17,-6.999999046325682,-3.6999998092651376,-0.699999988079071,-0.20000004768371582,-0.5,0.0,0.19999992847442627,0.40000009536743164,0.440000057220459,-0.2000000476837167,0.6700000762939444,4.0,7.0,08-31,-0.9627271619710055
06-18,-6.999999046325682,-3.6999998092651376,-0.699999988079071,-0.20000004768371582,-0.5,0.0,0.19999992847442627,0.40000009536743164,0.440000057220459,-0.2000000476837167,0.6100001335144016,4.0,7.0,09-01,-0.9681817022236914
06-19,-6.999999046325682,-3.6999998092651376,-0.699999988079071,-0.20000004768371582,-0.20000004768371582,0.0,0.19999992847442627,0.40000009536743164,0.440000057220459,-0.2000000476837167,0.410000324249264,4.0,7.0,09-02,-0.9590907801281325
06-20,-6.999999046325682,-3.6999998092651376,-0.699999988079071,-0.20000004768371582,-0.20000004768371582,0.0,0.19999992847442627,0.40000009536743164,0.440000057220459,-0.009999990463256392,0.6100001335144034,4.0,7.0,09-03,-0.9236362468112599
06-21,-6.999999046325682,-3.6999998092651376,-0.699999988079071,-0.20000004768371582,-0.20000004768371582,0.0,0.19999992847442627,0.40000009536743164,0.4700000286102295,0.16000008583068892,0.6100001335144034,5.0,6.0,09-04,-0.9054544242945585
06-22,-6.999999046325682,-3.6999998092651376,-0.699999988079071,-0.20000004768371582,-0.20000004768371582,0.0,0.19999992847442627,0.40000009536743164,0.4700000286102295,0.16000008583068892,0.6100001335144034,5.0,6.0,09-05,-0.9054544242945585
06-23,-6.999999046325682,-3.6999998092651376,-0.699999988079071,-0.20000004768371582,-0.20000004768371582,0.0,0.19999992847442627,0.40000009536743164,0.43000006675720215,0.16000008583068892,0.3000001907348624,5.0,6.0,09-06,-0.9372725974429738
06-24,-6.999999046325682,0.20000028610229492,-0.699999988079071,-0.20000004768371582,-0.20000004768371582,0.0,0.19999992847442627,0.20000004768371582,0.43000006675720215,0.16000008583068892,0.660000324249264,6.0,5.0,09-07,-0.5681816718795084
06-25,-6.999999046325682,0.3000001907348633,-0.699999988079071,-0.20000004768371582,-0.20000004768371582,0.0,0.2999999523162842,0.20000004768371582,0.43000006675720215,0.16000008583068892,0.07999992370605469,6.0,5.0,09-08,-0.6027271693403069
06-26,-6.999999046325682,0.3000001907348633,-0.699999988079071,-0.20000004768371582,-0.20000004768371582,0.0,0.2999999523162842,0.20000004768371582,0.43000006675720215,0.16000008583068892,0.3299999237060547,6.0,5.0,09-09,-0.5799998966130342
06-27,-6.999999046325682,0.3000001907348633,-0.699999988079071,0.0,-0.20000004768371582,0.0,0.2999999523162842,0.20000004768371582,0.4500000476837158,0.16000008583068892,-0.15000009536743164,5.0,6.0,09-10,-0.6036362593824212
06-28,-6.999999046325682,0.3000001907348633,-0.699999988079071,0.0,-0.20000004768371582,0.0,0.2999999523162842,0.20000004768371582,0.4500000476837158,0.16000008583068892,-0.28999996185302734,5.0,6.0,09-11,-0.6163635199720208
06-29,-6.999999046325682,0.3000001907348633,-0.699999988079071,0.0,-0.20000004768371582,0.0,0.19999992847442627,0.20000004768371582,0.4500000476837158,0.16000008583068892,-0.28999996185302734,5.0,6.0,09-12,-0.6254544312303715
06-30,-6.999999046325682,0.3000001907348633,-0.699999988079071,0.0,-0.20000004768371582,0.0,0.19999992847442627,0.20000004768371582,0.4500000476837158,0.16000008583068892,-0.48999977111816406,5.0,6.0,09-13,-0.6436362320726566
07-01,-6.999999046325682,0.3000001907348633,-0.699999988079071,0.0,-0.20000004768371582,0.0,0.19999992847442627,0.20000004768371582,0.4500000476837158,0.16000008583068892,-0.26999998092651634,5.0,6.0,09-14,-0.6236362511461432
07-02,-6.999999046325682,0.3000001907348633,-0.699999988079071,0.0,-0.20000004768371582,0.0,0.19999992847442627,0.2999999523162842,0.4500000476837158,0.16000008583068892,-0.7799997329711923,5.0,6.0,09-15,-0.6609089645472439
07-03,-7.799999237060547,0.3000001907348633,-0.699999988079071,0.0,-0.20000004768371582,0.0,0.19999992847442627,0.2999999523162842,0.4500000476837158,0.16000008583068892,-0.8900003433227539,5.0,6.0,09-16,-0.7436363101005554
07-05,-7.299999237060547,0.3000001907348633,-0.699999988079071,0.0,-0.20000004768371582,0.0,0.19999992847442627,0.2999999523162842,0.4500000476837158,0.4900000095367436,-0.9300003051757804,5.0,6.0,09-18,-0.6718181317502802
07-06,-7.299999237060547,0.3000001907348633,-0.699999988079071,0.0,-0.20000004768371582,0.0,0.19999992847442627,0.39999997615814165,0.4500000476837158,0.4900000095367436,-0.9300003051757804,5.0,6.0,09-19,-0.6627272204919294
07-07,-7.299999237060547,0.3000001907348633,-0.699999988079071,0.0,-0.20000004768371582,0.0,0.19999992847442627,0.39999997615814165,0.630000114440918,0.4900000095367436,-0.8100004196166983,5.0,6.0,09-20,-0.6354544975540853
07-08,-7.299999237060547,0.3000001907348633,-0.699999988079071,0.0,-0.20000004768371582,0.0,0.19999992847442627,0.39999997615814165,0.630000114440918,0.4900000095367436,0.009999752044677734,6.0,5.0,09-21,-0.5609090274030512
07-09,-7.299999237060547,-0.5999999046325684,-0.699999988079071,0.0,-0.20000004768371582,0.0,0.19999992847442627,0.39999997615814165,0.630000114440918,0.2999999523162842,-0.5,4.0,7.0,09-22,-0.7063635641878302
07-10,-7.299999237060547,-0.5999999046325684,-0.699999988079071,0.0,0.0,0.0,0.3999999761581421,0.39999997615814165,0.630000114440918,0.2999999523162842,-0.8999996185302717,4.0,7.0,09-23,-0.7063635208389974
07-11,-7.299999237060547,-0.5999999046325684,-0.699999988079071,0.10000002384185791,0.0,0.0,0.3999999761581421,0.39999997615814165,0.630000114440918,0.42999982833862305,-0.8499999046325684,5.0,6.0,09-24,-0.6809090104970065
07-12,-7.299999237060547,-0.5999999046325684,-0.699999988079071,0.10000002384185791,0.0,0.0,0.3999999761581421,0.39999997615814165,0.630000114440918,0.42999982833862305,-0.8499999046325684,5.0,6.0,09-25,-0.6809090104970065
07-13,-7.299999237060547,-0.5999999046325684,-0.699999988079071,0.10000002384185791,0.0,0.0,0.3999999761581421,0.2999999523162842,0.630000114440918,0.18999981880187988,-0.8499999046325684,5.0,6.0,09-26,-0.7118181044405157
07-14,-7.299999237060547,-0.5999999046325684,-0.699999988079071,0.10000002384185791,0.0,0.0,0.5,0.5,0.630000114440918,0.18999981880187988,-0.3899998664855948,5.0,6.0,09-27,-0.642727185379375
07-15,-7.299999237060547,-0.5999999046325684,-0.699999988079071,0.10000002384185791,0.0,0.0,0.5,0.5,0.630000114440918,0.18999981880187988,-0.5199999809265137,5.0,6.0,09-28,-0.6545453776012767
07-16,-7.299999237060547,-0.09999990463256836,-0.699999988079071,0.10000002384185791,0.0,0.0,0.5,0.20000004768371582,0.630000114440918,0.18999981880187988,-0.400000095367429,5.0,6.0,09-29,-0.625454474579204
07-17,-7.299999237060547,-0.09999990463256836,-0.699999988079071,0.10000002384185791,0.0,0.0,0.3999999761581421,0.20000004768371582,0.630000114440918,0.36999988555908203,-0.07000017166137606,5.0,6.0,09-30,-0.5881817503408951
07-18,-7.299999237060547,-0.09999990463256836,-0.699999988079071,0.10000002384185791,0.0,0.0,0.3999999761581421,0.20000004768371582,0.630000114440918,0.329999923706056,0.06999969482421964,6.0,5.0,10-01,-0.5790908499197523
07-19,-7.299999237060547,-0.09999990463256836,-0.699999988079071,0.10000002384185791,0.0,0.0,0.3999999761581421,0.20000004768371582,0.4400000572204599,0.1599998474121107,0.2799997329711905,6.0,5.0,10-02,-0.5927272222258827
07-20,-7.299999237060547,-0.09999990463256836,-0.699999988079071,0.10000002384185791,0.0,0.0,0.3999999761581421,0.5,0.4400000572204599,0.14999985694885387,0.2799997329711905,6.0,5.0,10-03,-0.566363589330153
07-21,-7.299999237060547,0.3000001907348633,-0.699999988079071,0.10000002384185791,0.0,0.0,0.3999999761581421,0.5,0.4400000572204599,0.14999985694885387,0.4099998474121085,7.0,4.0,10-04,-0.5181817520748484
07-22,-7.299999237060547,-0.09999990463256836,-0.699999988079071,0.10000002384185791,0.0,0.0,0.3999999761581421,0.5,0.4400000572204599,0.14999985694885387,1.0100002288818333,6.0,5.0,10-05,-0.4999999078837309
07-23,-7.299999237060547,-0.09999990463256836,-0.699999988079071,0.10000002384185791,0.0,0.0,0.3999999761581421,0.2999999523162842,0.4400000572204599,0.14999985694885387,2.4699997901916504,6.0,5.0,10-06,-0.3854544975540853
07-24,-7.299999237060547,-0.09999990463256836,-0.699999988079071,0.10000002384185791,0.0,0.0,0.2999999523162842,0.2999999523162842,0.4400000572204599,0.14999985694885387,2.5900001525878915,6.0,5.0,10-07,-0.38363628495823227
07-25,-6.69999885559082,-0.09999990463256836,-0.9999999701976776,0.10000002384185791,0.0,0.0,0.2999999523162842,0.2999999523162842,0.4400000572204599,0.12999987602233887,2.8000001907348633,6.0,5.0,10-08,-0.3390907889062707
07-26,-6.69999885559082,-0.09999990463256836,-0.9999999701976776,0.10000002384185791,0.0,0.0,0.2999999523162842,0.10000002384185791,0.4400000572204599,0.12999987602233887,3.3899993896484375,6.0,5.0,10-09,-0.3036363097754391
07-27,-0.8999996185302734,-0.5999999046325684,-0.9999999701976776,0.10000002384185791,0.0,0.0,0.2999999523162842,0.0,0.4400000572204599,0.12999987602233887,3.3899993896484375,5.0,6.0,10-10,0.1690908914262599
07-28,0.3000001907348615,-0.5999999046325684,-0.9999999701976776,0.10000002384185791,0.0,0.0,0.2999999523162842,0.0,0.4400000572204599,0.12999987602233887,3.739999771118165,6.0,5.0,10-11,0.30999999967488373
07-29,0.3000001907348615,-1.0,-0.9999999701976776,0.10000002384185791,0.0,0.0,0.2999999523162842,0.0,0.21000003814697266,0.12999987602233887,3.359999656677248,6.0,5.0,10-12,0.2181817970492623
07-30,0.3000001907348615,-1.0,-0.9999999701976776,0.10000002384185791,0.0,0.0,0.2999999523162842,0.0,0.21000003814697266,0.12999987602233887,3.4600000381469727,6.0,5.0,10-13,0.2272727408192373
07-31,0.3000001907348615,-1.0,-0.9999999701976776,0.10000002384185791,0.0,0.0,0.2999999523162842,0.0,0.21000003814697266,0.12999987602233887,3.619999885559082,6.0,5.0,10-14,0.24181818149306541
08-01,0.3000001907348615,-1.0,-0.9999999701976776,0.10000002384185791,0.0,0.0,0.2999999523162842,0.0,0.21000003814697266,0.41999983787536666,2.8600001335144043,6.0,5.0,10-15,0.19909092783927906
08-02,0.3000001907348615,-1.0,-0.9999999701976776,0.10000002384185791,-0.3999999761581421,0.0,0.2999999523162842,0.0,0.21000003814697266,0.399999856948853,3.2099995613098145,6.0,5.0,10-16,0.19272724335843855
08-03,0.3000001907348615,-1.0,-0.9999999701976776,0.10000002384185791,-0.3999999761581421,0.0,0.2999999523162842,0.0,0.21000003814697266,0.399999856948853,3.2099995613098145,6.0,5.0,10-17,0.19272724335843855
08-04,0.3000001907348615,-1.0,-0.5999999940395355,0.10000002384185791,-0.3999999761581421,0.0,0.2999999523162842,0.0,0.25,0.37999987602233887,3.3699994087219265,6.0,5.0,10-18,0.24545449831269012
08-05,0.3000001907348615,-2.0,-0.5999999940395355,0.10000002384185791,-0.3999999761581421,0.0,0.10000002384185791,0.0,0.25,0.37999987602233887,3.160000324249265,6.0,5.0,10-19,0.11727276986295486
08-06,-0.8000001907348651,-2.0,-0.5999999940395355,0.10000002384185791,-0.3999999761581421,0.0,0.10000002384185791,0.0,0.25,0.37999987602233887,2.440000057220458,5.0,6.0,10-20,-0.048181834546002715
08-07,-0.8000001907348651,-2.0,-0.5999999940395355,0.10000002384185791,-0.3999999761581421,0.0,0.10000002384185791,0.0,0.25,0.5,3.390000343322753,5.0,6.0,10-21,0.04909093000672056
08-08,-0.30000019073486506,-2.0,-0.5999999940395355,0.10000002384185791,-0.3999999761581421,0.0,0.10000002384185791,0.0,0.3800001144409175,0.4700000286102295,3.070000171661378,5.0,6.0,10-22,0.07454547286033618
08-09,-0.30000019073486506,-2.0,-0.5999999940395355,0.10000002384185791,-0.19999992847442627,0.0,0.10000002384185791,0.0,0.3800001144409175,0.4700000286102295,2.630000591278077,5.0,6.0,10-23,0.052727333524010274
08-10,-0.30000019073486506,-2.0,-0.5999999940395355,0.10000002384185791,-0.19999992847442627,0.0,0.10000002384185791,0.09999990463256836,0.3800001144409175,0.48000001907348633,2.630000591278077,6.0,5.0,10-24,0.06272732398726712
08-11,-0.30000019073486506,-2.0,-0.5999999940395355,0.10000002384185791,-0.19999992847442627,0.0,0.10000002384185791,0.09999990463256836,0.5700000524520874,0.48000001907348633,2.630000591278077,6.0,5.0,10-25,0.08000004562464619
08-12,-0.30000019073486506,-2.0,-0.5999999940395355,0.10000002384185791,-0.19999992847442627,0.0,0.10000002384185791,0.09999990463256836,0.3200000524520874,0.48000001907348633,2.429999828338623,6.0,5.0,10-26,0.039090885357423104
08-13,-0.30000019073486506,-3.0,-0.5999999940395355,0.10000002384185791,-0.19999992847442627,0.0,0.10000002384185791,0.09999990463256836,0.3200000524520874,0.48000001907348633,2.489999771118165,6.0,5.0,10-27,-0.04636366529898218
08-14,-0.30000019073486506,-3.0,-0.5999999940395355,0.10000002384185791,-0.19999992847442627,0.0,0.10000002384185791,0.09999990463256836,0.3700000047683718,0.48000001907348633,2.1199998855590847,6.0,5.0,10-28,-0.07545456832105456
08-15,-0.30000019073486506,-3.0,-0.29999998211860657,0.10000002384185791,-0.19999992847442627,0.0,0.10000002384185791,0.09999990463256836,0.40999996662139915,0.5799999237060542,2.2800002098083496,6.0,5.0,10-29,-0.02090909535234645
08-16,-0.30000019073486506,-3.0,-0.29999998211860657,0.10000002384185791,-0.19999992847442627,0.0,0.10000002384185791,0.09999990463256836,0.38999998569488503,0.5799999237060542,1.2800002098083478,6.0,5.0,10-30,-0.11363636634566604
08-17,-0.30000019073486506,-3.0,-0.29999998211860657,0.10000002384185791,-0.19999992847442627,0.0,0.10000002384185791,0.09999990463256836,0.38999998569488503,0.5799999237060542,1.2800002098083478,6.0,5.0,10-31,-0.11363636634566604
08-18,-0.30000019073486506,-3.0,-0.29999998211860657,0.10000002384185791,-0.19999992847442627,0.0,0.10000002384185791,0.09999990463256836,0.22000002861022905,0.5799999237060542,0.6700000762939435,6.0,5.0,11-01,-0.18454546549103518
08-19,-0.30000019073486506,-3.0,-0.29999998211860657,0.10000002384185791,-0.19999992847442627,0.0,0.20000004768371582,0.09999990463256836,0.22000002861022905,0.5799999237060542,1.130000114440918,6.0,5.0,11-02,-0.13363636894659586
08-20,-0.30000019073486506,-3.0,-0.29999998211860657,0.10000002384185791,-0.19999992847442627,0.0,0.20000004768371582,0.09999990463256836,0.22000002861022905,0.5799999237060542,1.5299997329711932,6.0,5.0,11-03,-0.0972727672620254
08-21,-0.30000019073486506,-3.0,-0.29999998211860657,0.10000002384185791,-0.19999992847442627,0.0,0.20000004768371582,0.09999990463256836,0.22000002861022905,0.5799999237060542,1.25,6.0,5.0,11-04,-0.12272728844122477
08-22,-0.30000019073486506,-3.0,-0.29999998211860657,0.10000002384185791,-0.19999992847442627,0.0,0.20000004768371582,0.09999990463256836,-0.1299998760223393,0.5799999237060542,2.1600003242492685,5.0,6.0,11-05,-0.07181815938516113
08-23,-0.30000019073486506,-3.0,-0.29999998211860657,0.10000002384185791,-0.19999992847442627,0.0,0.20000004768371582,0.09999990463256836,-0.1299998760223393,0.6400001049041744,2.1700005531311044,5.0,6.0,11-06,-0.06545448574152876
08-24,-0.30000019073486506,-3.0,-0.29999998211860657,0.10000002384185791,-0.19999992847442627,0.0,0.20000004768371582,0.09999990463256836,-0.3799998760223393,0.6400001049041744,2.1700005531311044,5.0,6.0,11-07,-0.08818175846880148
08-25,-0.30000019073486506,-1.5,-0.29999998211860657,0.10000002384185791,-0.19999992847442627,0.0,0.20000004768371582,0.09999990463256836,-0.25,0.6400001049041744,2.550000190734864,5.0,6.0,11-08,0.09454547004266206
08-26,-0.30000019073486506,-1.5,-0.29999998211860657,0.10000002384185791,-0.19999992847442627,0.0,0.20000004768371582,0.09999990463256836,-0.25,0.6400001049041744,3.059999465942383,5.0,6.0,11-09,0.14090904051607286
08-27,-0.30000019073486506,-1.5,-0.29999998211860657,0.10000002384185791,-0.19999992847442627,0.0,0.20000004768371582,0.09999990463256836,-0.25,0.6200001239776611,2.6499996185302743,5.0,6.0,11-10,0.1018181470307436
08-28,-0.30000019073486506,-1.5,-0.29999998211860657,0.10000002384185791,-0.19999992847442627,0.0,0.20000004768371582,0.09999990463256836,-0.3699998855590825,0.6200001239776611,2.560000419616699,5.0,6.0,11-11,0.08272732116959292
08-29,1.699999809265135,-1.5,-0.29999998211860657,0.10000002384185791,-0.19999992847442627,0.0,0.20000004768371582,0.09999990463256836,-0.42000007629394576,0.6100001335144043,2.479999542236331,6.0,5.0,11-12,0.25181813402609393
08-30,1.699999809265135,-1.5,-0.29999998211860657,0.10000002384185791,-0.19999992847442627,0.0,0.20000004768371582,0.09999990463256836,-0.3300001621246338,0.440000057220459,2.609999656677247,6.0,5.0,11-13,0.2563635842366651
08-31,1.699999809265135,-1.5,-0.29999998211860657,0.10000002384185791,-0.19999992847442627,0.0,0.20000004768371582,0.09999990463256836,-0.3300001621246338,0.440000057220459,2.609999656677247,6.0,5.0,11-14,0.2563635842366651
09-01,1.699999809265135,-1.5,-0.29999998211860657,0.10000002384185791,-0.19999992847442627,0.0,0.20000004768371582,0.09999990463256836,-0.19000005722045898,0.440000057220459,2.609999656677247,6.0,5.0,11-15,0.26909086650068104
09-02,1.8999996185302699,-3.4000000953674316,-0.29999998211860657,0.10000002384185791,-0.19999992847442627,0.0,-0.2999999523162842,0.09999990463256836,-0.19000005722045898,0.440000057220459,2.609999656677247,5.0,6.0,11-16,0.06909084049138131
09-03,1.8999996185302699,-3.4000000953674316,-0.29999998211860657,0.10000002384185791,-0.19999992847442627,0.0,-0.2999999523162842,0.09999990463256836,-0.19000005722045898,0.440000057220459,3.4099998474121094,5.0,6.0,11-17,0.14181813055818698
09-04,1.8999996185302699,-3.4000000953674316,-0.29999998211860657,0.10000002384185791,-0.19999992847442627,0.0,-0.2999999523162842,0.09999990463256836,-0.19000005722045898,0.6500000953674316,3.4099998474121094,5.0,6.0,11-18,0.1609090431170027
09-05,-2.1000003814697283,-3.4000000953674316,-0.29999998211860657,0.10000002384185791,-0.19999992847442627,0.0,-0.2999999523162842,0.09999990463256836,-0.19000005722045898,0.9200000762939453,3.3899998664855957,4.0,7.0,11-19,-0.18000004779208806
09-06,-2.1000003814697283,-3.4000000953674316,-0.29999998211860657,0.10000002384185791,-0.19999992847442627,0.0,-0.2999999523162842,0.09999990463256836,-0.32999992370605513,0.5999999046325684,3.3899998664855957,4.0,7.0,11-20,-0.2218182330781765
09-07,-2.1000003814697283,-3.4000000953674316,-0.29999998211860657,0.10000002384185791,-0.19999992847442627,0.0,-0.2999999523162842,0.09999990463256836,-0.5299999713897705,0.5999999046325684,3.3899998664855957,4.0,7.0,11-21,-0.24000005559487791
09-08,-2.1000003814697283,-3.4000000953674316,-0.29999998211860657,0.10000002384185791,-0.19999992847442627,0.0,-0.19999992847442627,0.09999990463256836,-0.5299999713897705,0.5699999332427979,3.3899998664855957,4.0,7.0,11-22,-0.23363641446286998
09-09,-2.1000003814697283,-3.4000000953674316,-0.29999998211860657,0.10000002384185791,-0.19999992847442627,0.0,-0.19999992847442627,0.09999990463256836,-0.5299999713897705,0.5699999332427979,3.5299997329711914,4.0,7.0,11-23,-0.22090915387327037
09-10,-2.1000003814697283,-3.4000000953674316,-0.29999998211860657,0.10000002384185791,-0.19999992847442627,0.0,-0.19999992847442627,0.09999990463256836,-0.5299999713897705,0.5699999332427979,3.2899999618530273,4.0,7.0,11-24,-0.24272731488401256
09-11,-2.1000003814697283,-3.4000000953674316,-0.29999998211860657,0.10000002384185791,-0.19999992847442627,0.0,-0.19999992847442627,0.09999990463256836,-0.5299999713897705,0.5699999332427979,3.239999771118164,4.0,7.0,11-25,-0.24727278676900014
09-12,-2.1000003814697283,-3.4000000953674316,-0.29999998211860657,0.10000002384185791,-0.19999992847442627,0.0,-0.19999992847442627,0.09999990463256836,-0.5299999713897705,0.5699999332427979,3.1700000762939453,4.0,7.0,11-26,-0.25363639538938365
09-13,-2.1000003814697283,-3.4000000953674316,-0.29999998211860657,0.10000002384185791,-0.19999992847442627,0.0,-0.19999992847442627,0.0,-0.5299999713897705,0.3000001907348633,3.1700000762939453,3.0,8.0,11-27,-0.2872727269476112
09-14,-1.3000001907348633,-3.4000000953674316,-0.29999998211860657,0.10000002384185791,-0.19999992847442627,0.0,-0.19999992847442627,0.0,-0.5499999523162842,0.3000001907348633,3.1700000762939453,3.0,8.0,11-28,-0.21636361696503378
09-15,-1.8000001907348633,-3.4000000953674316,-0.29999998211860657,0.10000002384185791,-0.19999992847442627,0.0,-0.19999992847442627,-0.10000002384185747,-0.5499999523162842,0.22000002861022994,3.3299999237060547,3.0,8.0,11-29,-0.2636363750154322
09-16,-1.8000001907348633,-3.4000000953674316,-0.29999998211860657,0.10000002384185791,-0.19999992847442627,0.0,-0.19999992847442627,-0.10000002384185747,-0.559999942779541,0.22000002861022994,3.2100000381469718,3.0,8.0,11-30,-0.2754545455629176
09-17,-1.8000001907348633,-3.4000000953674316,-0.29999998211860657,0.10000002384185791,-0.19999992847442627,0.0,-0.19999992847442627,-0.10000002384185747,-0.559999942779541,0.22000002861022994,2.3899998664855957,3.0,8.0,12-01,-0.3500000157139518
09-18,-1.8000001907348633,-3.4000000953674316,-0.29999998211860657,0.10000002384185791,-0.19999992847442627,0.0,-0.19999992847442627,-0.10000002384185747,-0.7400000095367432,0.22000002861022994,2.4099998474121094,3.0,8.0,12-02,-0.3645454780621962
09-19,-1.8000001907348633,-3.4000000953674316,-0.29999998211860657,0.10000002384185791,-0.3999999761581421,0.0,-0.19999992847442627,-0.10000002384185747,-0.7400000095367432,0.22000002861022994,2.819999694824217,3.0,8.0,12-03,-0.345454587177797
09-20,-1.8000001907348633,-2.5,-0.29999998211860657,0.0,-0.3999999761581421,0.0,-0.19999992847442627,-0.29999995231628374,-0.18000006675720215,0.22000002861022994,2.819999694824217,2.0,9.0,12-04,-0.24000003392046165
09-21,-1.8000001907348633,-2.5,-0.29999998211860657,0.0,-0.3999999761581421,0.0,-0.3999999761581421,-0.29999995231628374,-0.18000006675720215,0.4500000476837158,2.819999694824217,2.0,9.0,12-05,-0.23727276379411888
09-22,-1.8000001907348633,-2.5,-0.29999998211860657,0.0,-0.3999999761581421,0.0,-0.3999999761581421,0.0,-0.6700000762939453,0.5,2.8899998664855957,2.0,9.0,12-06,-0.24363639408891852
09-23,-1.8000001907348633,-2.5,-0.29999998211860657,0.0,-0.3999999761581421,0.0,-0.5,-0.20000004768371582,-0.6700000762939453,0.5,2.8899998664855957,2.0,9.0,12-07,-0.27090912786397064
09-24,2.5,-2.5,-0.29999998211860657,0.0,-0.3999999761581421,0.0,-0.5,-0.5,-0.6700000762939453,0.5,2.8899998664855957,3.0,8.0,12-08,0.09272725744680925
09-25,2.5,-2.5,-0.29999998211860657,0.0,-0.3999999761581421,0.0,-0.5,-0.5,-0.6700000762939453,0.5,2.9600000381469718,3.0,8.0,12-09,0.09909090941602526
09-26,2.5,-2.5,-0.29999998211860657,0.0,-0.3999999761581421,0.0,-0.5,-0.5,-0.6700000762939453,0.4700000286102295,2.9600000381469718,3.0,8.0,12-10,0.09636363928968249
09-27,2.5,-3.0,-0.29999998211860657,0.0,-0.3999999761581421,0.0,-0.5,-0.10000002384185791,-0.6700000762939453,0.49000000953674183,2.9600000381469718,3.0,8.0,12-11,0.08909090811556016
09-28,2.5,-3.0,-0.29999998211860657,0.0,-0.3999999761581421,0.0,-0.3999999761581421,-0.10000002384185791,-0.4800000190734872,0.36000013351440296,2.9600000381469718,3.0,8.0,12-12,0.10363638130101262
09-29,2.5,-3.0,-0.29999998211860657,0.0,-0.3999999761581421,0.0,-0.3999999761581421,-0.3999999761581421,-0.4800000190734872,0.21000003814697132,2.9600000381469718,3.0,8.0,12-13,0.06272728605703846
09-30,2.5,-3.0,-0.29999998211860657,0.0,-0.3999999761581421,0.0,-0.3999999761581421,-0.3999999761581421,-0.5099999904632577,0.21000003814697132,2.750000000000001,3.0,8.0,12-14,0.04090910337188015
10-01,2.5,-3.0,-0.29999998211860657,0.0,-0.3999999761581421,0.0,-0.3999999761581421,-0.3999999761581421,-0.5099999904632577,0.21000003814697132,2.5099997520446777,3.0,8.0,12-15,0.019090899012305318
10-02,2.5,-3.0,-0.29999998211860657,0.0,-0.3999999761581421,0.0,-0.3999999761581421,-0.3999999761581421,-0.5099999904632577,0.1600000858306876,1.4099998474121094,3.0,8.0,12-16,-0.08545454252849942
10-03,2.5,-3.0,-0.29999998211860657,0.0,-0.3999999761581421,0.0,-0.3999999761581421,-0.3999999761581421,-0.5099999904632577,0.1600000858306876,1.4099998474121094,3.0,8.0,12-17,-0.08545454252849942
10-04,2.5,-3.0,0.0,0.0,-0.3999999761581421,0.0,-0.3999999761581421,-0.19999992847442627,-0.3199999332427992,0.1800000667572026,1.4099998474121094,3.0,8.0,12-18,-0.02090908180583615
10-05,2.5,-3.0,0.0,0.0,-0.3999999761581421,0.0,-0.2999999523162842,0.0,-0.3199999332427992,0.1700000762939453,1.4099998474121094,3.0,8.0,12-19,0.005454551089893567
10-06,1.8999996185302734,-2.5,0.0,0.0,-0.3999999761581421,0.0,-0.2999999523162842,-0.10000002384185791,-0.3199999332427992,0.49000000953674316,0.8499994277954102,3.0,8.0,12-20,-0.03454552997242333
10-07,1.8999996185302734,-2.5,0.0,0.0,-0.3999999761581421,0.0,-0.2999999523162842,-0.10000002384185791,-0.28999996185302823,0.49000000953674316,0.26000022888183594,3.0,8.0,12-21,-0.08545455065640545
10-08,1.8999996185302734,-2.5,0.0,0.0,-0.3999999761581421,0.0,-0.2999999523162842,0.0,-0.28999996185302823,0.49000000953674316,0.6300001144409162,3.0,8.0,12-22,-0.04272728616541106
10-09,1.8999996185302734,-2.5,0.0,0.0,-0.3999999761581421,0.0,-0.2999999523162842,0.0,-0.28999996185302823,0.49000000953674316,0.9099998474121094,3.0,8.0,12-23,-0.017272764986211685
10-10,1.8999996185302734,-2.5,0.0,0.0,-0.3999999761581421,0.0,-0.2999999523162842,0.0,-0.059999942779541016,0.5399999618530273,0.6599998474121094,3.0,8.0,12-24,-0.01454549485986883
10-11,1.8999996185302734,-2.5,0.0,0.0,-0.3999999761581421,0.0,-0.2999999523162842,0.0,-0.059999942779541016,0.4900000095367427,0.6599998474121094,3.0,8.0,12-25,-0.01909094507044016
10-12,1.8999996185302734,-2.5,0.0,0.0,-0.3999999761581421,0.0,-0.2999999523162842,0.0,-0.059999942779541016,0.4900000095367427,0.6599998474121094,3.0,8.0,12-26,-0.01909094507044016
10-13,1.8999996185302734,-2.5,0.0,0.0,-0.3999999761581421,0.0,-0.2999999523162842,0.0,-0.059999942779541016,0.4900000095367427,0.7799997329711914,3.0,8.0,12-27,-0.008181864565069065
10-14,1.8999996185302734,-2.5,0.0,0.0,0.0,0.0,-0.6000000238418579,0.0,-0.059999942779541016,0.4900000095367427,0.43000030517578125,3.0,8.0,12-28,-0.030909093943509228
10-15,1.8999996185302734,-2.5,0.0,0.0,0.0,0.0,-0.6000000238418579,0.0,-0.059999942779541016,0.4900000095367427,0.6099996566772461,3.0,8.0,12-29,-0.014545516534285152
10-16,3.0,-2.5,0.0,0.0,0.0,0.0,-0.6000000238418579,0.0,-0.09999990463256836,0.5099999904632568,1.0699996948242188,3.0,8.0,12-30,0.12545452334664084
10-17,3.0,-2.5,0.0,0.0,0.6000000238418579,0.0,-0.6000000238418579,0.0,-0.09999990463256836,0.5099999904632568,0.06999969482421875,4.0,7.0,12-31,0.0890908891504461
10-18,3.0,-2.5,0.0,0.0,0.6000000238418579,0.0,-0.6000000238418579,0.0,-0.20000004768371582,0.5399999618530273,0.06999969482421875,4.0,7.0,01-01,0.08272723718123003
10-19,3.0,-2.5,0.0,0.0,0.6000000238418579,0.0,-0.6000000238418579,0.0,-0.21000003814697266,0.5399999618530273,0.06999969482421875,4.0,7.0,01-02,0.08181814713911577
10-20,2.5,-2.5,0.0,0.0,0.6000000238418579,0.0,-0.6000000238418579,0.0,-0.21000003814697266,0.7400000095367432,-0.09000015258789062,3.0,8.0,01-03,0.039999983527443626
10-21,0.0,-2.5,0.0,0.0,0.6000000238418579,0.0,-0.6000000238418579,0.0,-0.21000003814697266,0.7400000095367432,0.34999942779541016,3.0,8.0,01-04,-0.14727278189225632
10-22,0.0,-2.5,0.0,0.0,0.6000000238418579,0.0,-0.6000000238418579,0.0,-0.21000003814697266,0.7300000190734863,0.5100002288818359,3.0,8.0,01-05,-0.13363634456287732
10-23,0.0,-2.5,0.0,0.0,0.6000000238418579,0.0,-0.6000000238418579,0.0,-0.21000003814697266,0.7400000095367432,0.5100002288818359,3.0,8.0,01-06,-0.13272725452076306
10-24,0.0,-2.5,0.0,0.0,0.6000000238418579,0.0,-0.6000000238418579,0.0,0.039999961853027344,0.8700001239776611,0.8800001144409162,4.0,7.0,01-07,-0.06454543633894504
10-25,0.0,-1.5,0.0,0.0,0.6000000238418579,0.0,-0.6000000238418579,0.0,0.0,0.940000057220459,0.8800001144409162,3.0,8.0,01-08,0.029090924696488652
10-26,0.0,-1.5,0.0,0.0,0.6000000238418579,0.0,-0.6000000238418579,0.0,0.019999980926514116,0.9200000762939453,0.8800001144409162,4.0,7.0,01-09,0.029090924696488694
10-27,0.0,-1.5,0.0,0.0,0.6000000238418579,0.0,-0.6000000238418579,0.0,0.019999980926514116,0.9200000762939453,0.6099996566772461,4.0,7.0,01-10,0.004545428536155047
10-28,0.0,-1.5,0.0,0.0,0.6000000238418579,0.0,-0.6000000238418579,0.20000004768371582,0.019999980926514116,0.9200000762939453,1.6099996566772479,5.0,6.0,01-11,0.11363634196194755
10-29,4.5,-1.5,0.0,0.0,0.6000000238418579,0.0,-0.7000000476837158,0.2999999523162842,0.019999980926514116,0.9200000762939453,1.109999656677246,6.0,5.0,01-12,0.47727269476110284
10-30,4.5,-1.5,0.0,0.0,0.6000000238418579,0.0,-0.7000000476837158,0.2999999523162842,0.019999980926514116,0.9500000476837163,0.8800001144409162,6.0,5.0,01-13,0.4590909155932339
10-31,4.5,-1.5,0.0,0.0,0.0,0.0,-0.7000000476837158,0.2999999523162842,0.019999980926514116,0.9500000476837163,1.1599998474121094,5.0,6.0,01-14,0.4299999800595371
11-01,4.5,-1.5,0.0,0.0,0.0,0.0,-0.7000000476837158,0.2999999523162842,0.019999980926514116,1.25,1.1599998474121094,5.0,6.0,01-15,0.45727270299738104
11-02,4.5,-1.5,0.0,0.0,0.0,0.0,-0.7000000476837158,0.2999999523162842,0.019999980926514116,1.25,1.1599998474121094,5.0,6.0,01-16,0.45727270299738104
11-03,4.5,-1.5,0.0,0.0,0.0,0.0,-0.7000000476837158,0.2999999523162842,0.019999980926514116,1.25,0.06999969482421875,5.0,6.0,01-17,0.3581817800348456
11-04,4.5,-1.0,0.0,0.0,0.0,0.0,-0.7000000476837158,0.2999999523162842,0.019999980926514116,1.25,0.05999946594238281,5.0,6.0,01-18,0.4027272137728604
11-05,4.5,-1.0,0.0,0.0,0.0,0.0,-0.7000000476837158,0.2999999523162842,0.019999980926514116,1.25,-0.5699996948242188,4.0,7.0,01-19,0.3454545627940785
11-06,4.5,-1.0,0.0,0.0,0.0,0.0,-0.7000000476837158,0.2999999523162842,0.019999980926514116,1.25,-0.28999996185302734,4.0,7.0,01-20,0.3709090839732777
11-07,4.5,-1.0,0.0,0.0,0.0,0.0,-0.7000000476837158,0.2999999523162842,0.019999980926514116,1.25,-0.15000057220458984,4.0,7.0,01-21,0.38363630121404474
11-08,4.5,-1.0,0.0,0.0,0.0,0.0,-0.7000000476837158,0.2999999523162842,0.019999980926514116,1.820000171661377,-0.15000057220458984,4.0,7.0,01-22,0.4354544986378063
11-09,4.5,-1.0,0.0,0.0,0.0,0.0,-0.7000000476837158,0.2999999523162842,-0.09999990463256836,1.869999885559082,-0.15000057220458984,3.0,8.0,01-23,0.4290908466685902
11-10,0.30000019073486506,-1.0,0.0,0.0,0.0,0.0,-0.7000000476837158,0.2999999523162842,-0.09999990463256836,2.619999885559082,0.1300001144409162,4.0,7.0,01-24,0.14090910824862393
11-11,0.30000019073486506,-1.0,0.0,0.0,0.0,0.0,-0.7000000476837158,0.2999999523162842,-0.09999990463256836,2.619999885559082,0.0,3.0,8.0,01-25,0.12909091602672246
11-12,-1.8999996185302699,-1.0,0.0,0.0,0.0,0.0,-0.20000004768371582,0.40000009536743164,-0.09999990463256836,2.619999885559082,0.0,2.0,9.0,01-26,-0.016363599083640035
11-13,-1.8999996185302699,-1.0,0.0,0.0,0.0,0.0,-0.20000004768371582,0.40000009536743164,-0.09999990463256836,2.4800000190734863,0.0,2.0,9.0,01-27,-0.029090859673239645
11-14,-1.5999994277954084,-1.0,0.0,0.0,0.0,0.0,-0.20000004768371582,0.40000009536743164,-0.09999990463256836,2.3400001525878906,0.0,2.0,8.0,01-28,-0.014545375650579118
11-15,-1.5999994277954084,-1.0,0.0,0.0,0.0,0.0,-0.30000007152557373,0.40000009536743164,-0.039999961853027344,2.059999942779541,0.0,2.0,8.0,01-29,-0.04363631118427607
11-16,-1.5999994277954084,-1.0,0.0,0.0,0.0,0.0,-0.30000007152557373,0.40000009536743164,0.07999992370605513,2.559999942779541,0.0,3.0,7.0,01-30,0.012727314775640515
11-17,2.40000057220459,-1.0,0.0,-0.19999992847442627,0.0,0.0,-0.30000007152557373,0.40000009536743164,0.2799999713897705,2.880000114440918,0.0,4.0,6.0,01-31,0.4054546139457009
11-18,2.40000057220459,-1.0,0.0,-0.19999992847442627,0.0,0.0,-0.30000007152557373,0.40000009536743164,0.2799999713897705,2.880000114440918,0.0,4.0,6.0,02-01,0.4054546139457009
11-19,2.40000057220459,-1.0,0.0,-0.19999992847442627,0.0,0.0,-0.30000007152557373,0.40000009536743164,0.2799999713897705,2.880000114440918,0.0,4.0,6.0,02-02,0.4054546139457009
11-20,2.40000057220459,-1.0,0.0,-0.2999999523162842,0.0,0.0,-0.30000007152557373,0.40000009536743164,0.2799999713897705,2.960000276565551,0.0,4.0,6.0,02-03,0.40363644469868043
11-21,2.1999998092651367,-1.0,0.0,-0.2999999523162842,0.0,0.0,-0.30000007152557373,0.40000009536743164,0.2799999713897705,2.960000276565551,0.0,4.0,6.0,02-04,0.38545455715873017
11-22,2.1999998092651367,-1.0,0.0,-0.2999999523162842,0.0,0.0,-0.30000007152557373,0.40000009536743164,0.2799999713897705,2.629999876022339,0.0,4.0,6.0,02-05,0.3554545207457109
11-23,2.1999998092651367,-1.0,0.0,-0.2999999523162842,0.0,0.0,-0.30000007152557373,0.40000009536743164,0.2799999713897705,2.4200000762939453,0.0,4.0,6.0,02-06,0.33636362986131146
11-24,2.1999998092651367,-1.0,0.0,-0.2999999523162842,0.0,0.0,-0.30000007152557373,0.20000004768371582,0.2999999523162842,2.4200000762939453,0.0,4.0,6.0,02-07,0.31999998742883856
11-25,1.8000001907348633,-1.0,0.0,-0.2999999523162842,0.0,0.0,-0.30000007152557373,0.20000004768371582,0.2999999523162842,2.4200000762939453,0.0,4.0,6.0,02-08,0.28363638574426825
11-26,1.8000001907348633,-1.0,0.0,-0.2999999523162842,0.0,0.0,-0.30000007152557373,0.40000009536743164,0.2999999523162842,2.5000002384185787,0.0,4.0,6.0,02-09,0.3090909502723
11-27,1.8000001907348633,-1.0,0.0,-0.2999999523162842,0.0,0.0,-0.30000007152557373,0.40000009536743164,0.2999999523162842,2.5000002384185787,0.0,4.0,6.0,02-10,0.3090909502723
11-28,1.8000001907348633,-1.0,0.0,-0.2999999523162842,0.0,0.0,-0.30000007152557373,0.40000009536743164,0.0,3.0099999904632564,0.0,3.0,7.0,02-11,0.3281818411566994
11-29,1.8000001907348633,-1.0,0.0,-0.2999999523162842,0.0,0.0,-0.30000007152557373,0.40000009536743164,0.059999942779541016,2.9300000667572017,0.0,4.0,6.0,02-12,0.3263636610724709
11-30,1.8000001907348633,-1.0,0.0,-0.2999999523162842,0.0,0.0,-0.30000007152557373,0.6000000238418579,-0.6200000047683714,3.6299998760223393,0.0,3.0,7.0,02-13,0.3463636419989847
12-01,1.8000001907348633,-1.0,0.0,-0.2999999523162842,0.0,0.0,-0.30000007152557373,0.6000000238418579,-0.34999990463256814,3.649999856948852,0.0,3.0,7.0,02-14,0.3727272857319225
12-02,1.8000001907348633,-0.6000000238418579,0.0,-0.2999999523162842,0.0,0.0,-0.30000007152557373,0.40000009536743164,-0.3399999141693115,3.649999856948852,0.0,3.0,7.0,02-15,0.3918181982907382
12-03,1.8000001907348633,-0.6000000238418579,0.0,-0.2999999523162842,0.0,0.0,-0.30000007152557373,0.40000009536743164,-0.3399999141693115,3.419999837875366,0.0,3.0,7.0,02-16,0.37090910564769397
12-04,-2.5,-0.6000000238418579,0.0,-0.2999999523162842,0.0,0.0,-0.30000007152557373,0.40000009536743164,-0.3399999141693115,3.369999885559082,0.0,2.0,8.0,02-17,-0.024545452811501244
12-05,-2.5,-0.6000000238418579,0.0,-0.2999999523162842,0.0,0.0,-0.30000007152557373,0.40000009536743164,-0.3399999141693115,3.1100001335144043,0.0,2.0,8.0,02-18,-0.04818179390647195
12-06,-2.5,-0.6000000238418579,0.0,-0.2999999523162842,0.0,0.0,-0.30000007152557373,0.7000000476837158,-0.3399999141693115,3.25,0.0,2.0,8.0,02-19,-0.00818181037902832
12-07,-2.5,-0.6000000238418579,0.0,-0.2999999523162842,0.0,0.0,-0.30000007152557373,0.6000000238418579,-0.3399999141693115,3.520000219345092,0.0,2.0,8.0,02-20,0.007272752848538405
12-08,-2.5,-0.6000000238418579,0.0,-0.2999999523162842,0.0,0.0,-0.30000007152557373,0.6000000238418579,-0.3399999141693115,3.450000047683716,0.0,2.0,8.0,02-21,0.0009091008793223988
12-09,-2.5,-0.6000000238418579,0.0,-0.2999999523162842,0.0,0.0,-0.30000007152557373,0.3999999761581421,-0.3399999141693115,3.450000047683716,0.0,2.0,8.0,02-22,-0.01727272163737904
12-10,-2.5,-0.6000000238418579,0.0,-0.2999999523162842,0.0,0.0,-0.30000007152557373,0.3999999761581421,-0.3399999141693115,3.5799999237060547,0.0,2.0,8.0,02-23,-0.005454551089893688
12-11,-2.5,-0.6000000238418579,0.0,-0.2999999523162842,0.0,0.0,-0.30000007152557373,0.3999999761581421,-0.3399999141693115,3.320000171661378,0.0,2.0,8.0,02-24,-0.02909089218486431
12-12,-2.5,-0.6000000238418579,0.0,-0.2999999523162842,0.0,0.0,-0.30000007152557373,0.3999999761581421,-0.309999942779541,3.2000000476837163,0.0,2.0,8.0,02-25,-0.037272724238308956
12-13,-2.5,-0.6000000238418579,0.0,-0.2999999523162842,0.0,0.0,-0.30000007152557373,0.3999999761581421,-0.309999942779541,2.600000143051147,0.0,2.0,8.0,02-26,-0.09181817011399707
12-14,-2.5,-0.6000000238418579,0.0,-0.2999999523162842,0.0,0.0,-0.30000007152557373,0.3999999761581421,-0.42000007629394487,2.640000104904176,0.0,2.0,8.0,02-27,-0.09818182208321295
12-15,-2.5,-0.6000000238418579,0.0,-0.2999999523162842,0.0,0.0,-0.30000007152557373,0.3999999761581421,-0.23000001907348588,2.600000143051147,0.0,2.0,8.0,02-28,-0.08454544977708296
12-16,-2.5,-0.6000000238418579,0.0,-0.2999999523162842,0.0,0.0,-0.30000007152557373,0.3999999761581421,-0.23000001907348588,2.600000143051147,0.0,2.0,8.0,03-01,-0.08454544977708296
12-17,-1.0,-0.6000000238418579,0.0,-0.2999999523162842,0.0,-0.5000000596046448,-0.30000007152557373,0.3999999761581421,-0.23000001907348588,2.6100001335144043,0.0,2.0,8.0,03-02,0.007272725755518173
12-18,-1.0,-0.6000000238418579,0.0,-0.2999999523162842,0.0,-0.5000000596046448,-0.30000007152557373,0.3999999761581421,-0.23000001907348588,1.9900000095367432,0.0,2.0,8.0,03-03,-0.049090921878814656
12-19,-1.0,-0.6000000238418579,0.0,-0.2999999523162842,0.0,-0.5000000596046448,-0.30000007152557373,0.3999999761581421,-0.25999999046325684,2.3399999141693115,0.0,2.0,8.0,03-04,-0.020000018856742165
12-20,-1.0,-0.6000000238418579,0.0,-0.2999999523162842,0.0,-0.5000000596046448,-0.30000007152557373,0.2999999523162842,-0.25999999046325684,1.929999828338623,0.0,2.0,8.0,03-05,-0.06636366519061002
12-21,-1.0,-0.6000000238418579,0.0,-0.2999999523162842,0.0,-0.5000000596046448,-0.30000007152557373,0.2999999523162842,-0.25999999046325684,2.2899999618530273,0.0,2.0,8.0,03-06,-0.03363638032566418
12-22,-1.0,-0.6000000238418579,0.0,-0.2999999523162842,0.0,-0.5000000596046448,-0.20000004768371582,0.2999999523162842,-0.36000001430511475,2.179999828338623,0.0,2.0,8.0,03-07,-0.04363639246333729
12-23,-1.0,-0.6000000238418579,0.0,-0.2999999523162842,0.0,-0.5000000596046448,0.10000002384185791,0.19999992847442583,-0.36000001430511475,2.179999828338623,0.0,3.0,7.0,03-08,-0.025454569946635894
12-24,-1.0,0.3999999761581421,0.0,-0.2999999523162842,0.0,-0.5000000596046448,0.10000002384185791,0.2999999523162842,-0.36000001430511475,2.179999828338623,0.0,4.0,6.0,03-09,0.07454543222080577
12-26,-1.0,0.3999999761581421,0.0,-0.19999992847442627,0.0,-0.5000000596046448,0.10000002384185791,0.2999999523162842,-0.36000001430511475,1.809999942779541,0.0,4.0,6.0,03-11,0.04999999024651267
12-27,-1.0,0.3999999761581421,0.0,-0.10000002384185791,-0.6000000238418579,-0.5000000596046448,0.10000002384185791,0.19999992847442583,-0.36000001430511475,1.5799999237060556,0.0,4.0,6.0,03-12,-0.02545456994663581
12-28,-1.0,0.3999999761581421,0.0,0.0,-0.6000000238418579,-0.5000000596046448,0.10000002384185791,0.19999992847442583,-0.3500000238418579,1.5,0.0,4.0,6.0,03-13,-0.02272728898308498
12-29,-1.0,0.3999999761581421,0.0,-0.2999999523162842,-0.6000000238418579,-0.5000000596046448,0.10000002384185791,0.10000002384185747,-0.3500000238418579,1.1500000953674316,0.0,4.0,6.0,03-14,-0.09090908549048687
12-30,-1.0,0.3999999761581421,0.0,-0.2999999523162842,-0.6000000238418579,-0.5000000596046448,0.10000002384185791,0.10000002384185747,-0.3500000238418579,1.1500000953674316,0.0,4.0,6.0,03-15,-0.09090908549048687
12-31,1.5,0.3999999761581421,0.0,-0.2999999523162842,-0.6000000238418579,-0.5000000596046448,0.10000002384185791,0.10000002384185747,-0.3500000238418579,0.9500000476837158,0.0,5.0,5.0,03-16,0.11818181926553896
