,2010,2011,2012,2013,2014,2015,2016,2017,2018,2019,2020,ups,downs,avg
01-02,7.692301089946788,27.27273022360039,-74.99999999999997,-33.333341598510984,50.0,-41.747572920708734,3.4482708867466147,-255.55555899937946,-24.999997820705236,3.0303090509739805,-433.33333333333337,5.0,6.0,-70.22965394739727
01-03,7.692301089946788,27.27273022360039,-74.99999999999997,-33.333341598510984,50.0,-17.475729207087294,3.4482708867466147,-255.55555899937946,-24.999997820705236,3.0303090509739805,-433.33333333333337,5.0,6.0,-68.02312270070442
01-04,7.692301089946788,21.818185801860558,-84.21051766139355,-33.333341598510984,50.0,-17.475729207087294,3.4482708867466147,-255.55555899937946,-24.999997820705236,-3.225803350434739,-466.6666852931186,4.0,7.0,-72.95535237746145
01-05,7.692301089946788,12.068965915267153,-94.73683530538065,-44.44444306691484,50.0,-17.475729207087294,3.4482708867466147,-300.0,-24.999997820705236,-6.451616314521787,-466.6666852931186,4.0,7.0,-80.14234264688798
01-06,7.692301089946788,16.666666666666664,-105.55556313196838,-44.44444306691484,50.0,-17.475729207087294,3.4482708867466147,-300.0,-24.999997820705236,-6.451616314521787,-466.6666852931186,4.0,7.0,-80.70789056281419
01-07,7.692301089946788,21.875001089647398,-100.0,-44.44444306691484,50.0,-17.475729207087294,3.4482708867466147,-283.3333113789563,-24.999997820705236,-6.451616314521787,-466.6666852931186,4.0,7.0,-78.2142009104512
01-08,7.692301089946788,24.61538926344637,-100.0,-44.44444306691484,50.0,-17.475729207087294,3.4482708867466147,-283.3333113789563,-24.999997820705236,-6.451616314521787,-433.33333333333337,4.0,7.0,-74.93476998921628
01-09,7.692301089946788,23.437503159977464,-100.0,-44.44444306691484,50.0,-17.475729207087294,3.4482708867466147,-283.3333113789563,-24.999997820705236,-20.6896565898846,-400.0000310440866,4.0,7.0,-73.30591763372401
01-10,7.692301089946788,23.437503159977464,-100.0,-44.44444306691484,50.0,-17.475729207087294,3.4482708867466147,-283.3333113789563,-24.999997820705236,2.9411736347271384,-400.0000310440866,5.0,6.0,-71.1576603405775
01-11,7.692301089946788,17.187501852400587,-100.0,-44.44444306691484,33.333334883054036,-17.475729207087294,3.4482708867466147,-105.55554737647397,-24.999997820705236,-38.46154904224503,-466.6666852931186,4.0,7.0,-66.9038675540361
01-12,7.692301089946788,31.578952931961304,-100.0,-44.44444306691484,33.333334883054036,-17.475729207087294,3.4482708867466147,-105.55554737647397,-24.999997820705236,-42.307699361496674,-466.6666852931186,4.0,7.0,-65.94520384855346
01-13,7.692301089946788,32.92682873727597,-68.42104706803872,-44.44444306691484,33.333334883054036,-17.475729207087294,3.4482708867466147,-88.88888974984488,-24.999997820705236,-42.307699361496674,-466.6666852931186,4.0,7.0,-61.43670508819843
01-14,7.692301089946788,27.05882754474355,-68.42104706803872,-44.44444306691484,0.0,-37.50000554729589,3.4482708867466147,-88.88888974984488,-24.999997820705236,-42.307699361496674,-400.0000310440866,3.0,8.0,-60.760246739722355
01-15,7.692301089946788,23.0769204359787,-77.77778466542583,-33.333341598510984,0.0,-37.50000554729589,3.4482708867466147,-88.88888974984488,-24.999997820705236,-42.307699361496674,-400.0000310440866,3.0,8.0,-60.96275067042672
01-16,7.692301089946788,25.925923068827448,-77.77778466542583,-20.000004463195797,0.0,-34.44445422490466,3.4482708867466147,-88.88888974984488,-24.999997820705236,-37.037033357738096,-400.0000310440866,3.0,8.0,-58.73470002548911
01-17,7.692301089946788,25.925923068827448,-77.77778466542583,-20.000004463195797,0.0,-34.44445422490466,3.4482708867466147,-88.88888974984488,-24.999997820705236,-37.037033357738096,-400.0000310440866,3.0,8.0,-58.73470002548911
01-18,7.692301089946788,25.925923068827448,-82.35293113814116,-20.000004463195797,0.0,-34.44445422490466,3.4482708867466147,-88.88888974984488,-24.999997820705236,-37.037033357738096,-366.6666790843013,3.0,8.0,-56.12031770848275
01-19,7.692301089946788,28.571426087275075,-82.35293113814116,-9.090910935204846,0.0,-34.44445422490466,3.4482708867466147,-88.88888974984488,-24.999997820705236,-48.00000190734863,-366.6666790843013,3.0,8.0,-55.884715163316564
01-20,7.692301089946788,32.91139562319825,-99.99999999999996,-9.090910935204846,0.0,-34.44445422490466,0.0,-66.66666924953458,-24.999997820705236,-48.00000190734863,-366.6666790843013,2.0,9.0,-55.3877287735322
01-21,7.692301089946788,36.47058885303747,-126.66667261759441,-9.090910935204846,0.0,-34.44445422490466,0.0,-66.66666924953458,-24.999997820705236,-48.00000190734863,-366.6666790843013,2.0,9.0,-57.488408717873575
01-22,7.692301089946788,31.395349682054377,-126.66667261759441,-9.090910935204846,-33.333330233891914,-34.44445422490466,0.0,-66.66666924953458,-24.999997820705236,-48.00000190734863,-300.0000000000001,2.0,9.0,-54.91948965610757
01-23,7.692301089946788,30.58823869170607,-126.66667261759441,9.090910935204828,0.0,-34.44445422490466,0.0,-66.66666924953458,-24.999997820705236,-36.000001430511475,-300.0000000000001,3.0,8.0,-49.21875860239934
01-24,7.692301089946788,30.58823869170607,-126.66667261759441,9.090910935204828,-33.333330233891914,-34.44445422490466,0.0,-66.66666924953458,-24.999997820705236,-36.000001430511475,-300.0000000000001,3.0,8.0,-52.24906135093497
01-25,7.692301089946788,31.764705573481265,-126.66667261759441,9.090910935204828,-33.333330233891914,-34.44445422490466,0.0,-66.66666924953458,-24.999997820705236,-36.000001430511475,-300.0000000000001,3.0,8.0,-52.14210981622814
01-26,7.692301089946788,29.268292815681033,-73.33332738240557,18.181821870409685,-33.333330233891914,-34.44445422490466,0.0,-66.66666924953458,-24.999997820705236,-30.7692369413096,-300.0000000000001,3.0,8.0,-46.21860000697402
01-27,7.692301089946788,27.16049267071589,-86.6666636912028,18.181821870409685,-33.333330233891914,-34.44445422490466,0.0,-66.66666924953458,-24.999997820705236,-30.7692369413096,-300.0000000000001,3.0,8.0,-47.62233968458877
01-28,0.0,23.0769204359787,-86.6666636912028,18.181821870409685,-33.333330233891914,-34.44445422490466,0.0,-77.77777949968973,-24.999997820705236,-30.7692369413096,-300.0000000000001,2.0,9.0,-49.70297455502869
01-29,7.692301089946788,16.666660944620528,-86.6666636912028,18.181821870409685,-33.333330233891914,-22.222227732340652,3.3333376725513104,-77.77777949968973,-24.999997820705236,-34.61538726056125,-300.0000000000001,4.0,7.0,-48.5219331509876
01-30,7.692301089946788,-1.5625020703300625,-86.6666636912028,9.090910935204828,-33.333330233891914,-22.222227732340652,3.3333376725513104,-77.77777949968973,-24.999997820705236,-29.62962227103177,-300.0000000000001,3.0,8.0,-50.55232487468086
01-31,7.692301089946788,-1.5625020703300625,-86.6666636912028,9.090910935204828,-33.333330233891914,-22.222227732340652,3.3333376725513104,-77.77777949968973,-24.999997820705236,-38.46154904224503,-300.0000000000001,3.0,8.0,-51.35522730842751
02-01,7.692301089946788,1.5625020703300625,-86.6666636912028,9.090910935204828,-33.333330233891914,-22.222227732340652,3.3333376725513104,-77.77777949968973,-24.999997820705236,-52.17390769145447,-500.00000000000017,4.0,7.0,-70.4995322637502
02-02,7.692301089946788,7.352944265187336,-86.6666636912028,9.090910935204828,-33.333330233891914,-22.222227732340652,3.3333376725513104,-66.66666924953458,-24.999997820705236,-47.82608582977986,-500.00000000000017,4.0,7.0,-68.56777096314227
02-03,7.692301089946788,2.8169051270426664,-80.00000297546389,-399.99999302625673,-33.333330233891914,-23.333340358734326,3.3333376725513104,-66.66666924953458,-24.999997820705236,-47.82608582977986,-500.00000000000017,3.0,8.0,-105.66517050952964
02-04,7.692301089946788,-1.5151535643691154,-80.00000297546389,-399.99999302625673,-33.333330233891914,-23.333340358734326,3.3333376725513104,-66.66666924953458,-24.999997820705236,-47.82608582977986,-450.00000931322603,2.0,9.0,-101.51354032813306
02-05,14.285709731432764,-4.687499237246833,-80.00000297546389,-399.99999302625673,-33.333330233891914,-23.333340358734326,9.375003541353976,-66.66666924953458,-24.999997820705236,-47.82608582977986,-500.00000000000017,2.0,9.0,-105.19874595080245
02-06,14.285709731432764,-4.687499237246833,-80.00000297546389,-399.99999302625673,0.0,-3.0000040168762143,9.375003541353976,-66.66666924953458,-24.999997820705236,-47.82608582977986,-500.00000000000017,2.0,9.0,-100.31995808027972
02-07,14.285709731432764,-4.687499237246833,-73.33332738240557,-399.99999302625673,0.0,-13.18681871123748,12.12121160890771,-66.66666924953458,-24.999997820705236,-50.000006773255116,-500.00000000000017,2.0,9.0,-100.58794462366377
02-08,14.285709731432764,0.0,-60.00000595092775,-399.99999302625673,0.0,-13.18681871123748,12.12121160890771,-66.66666924953458,-24.999997820705236,-50.000006773255116,-1100.0000000000002,2.0,9.0,-153.49514274468882
02-09,14.285709731432764,5.9701505462585365,-60.00000595092775,-399.99999302625673,0.0,-13.18681871123748,12.12121160890771,-66.66666924953458,-24.999997820705236,-43.47826396810528,-1100.0000000000002,3.0,8.0,-152.3595160763789
02-10,14.285709731432764,-3.0303071287381935,-53.333330357869464,-399.99999302625673,0.0,-13.18681871123748,12.12121160890771,-66.66666924953458,-24.999997820705236,-43.47826396810528,-1100.0000000000002,2.0,9.0,-152.57167808382792
02-11,14.285709731432764,-9.677425392460714,-46.666669642130536,-399.99999302625673,0.0,-13.18681871123748,12.12121160890771,-66.66666924953458,-24.999997820705236,-43.47826396810528,-1100.0000000000002,2.0,9.0,-152.56990149728094
02-12,14.285709731432764,-11.290323625618212,-57.14286283570904,-399.99999302625673,0.0,-13.18681871123748,12.12121160890771,-66.66666924953458,-24.999997820705236,-43.47826396810528,-1100.0000000000002,2.0,9.0,-153.66890980880237
02-13,14.285709731432764,-14.99999776840209,-57.14286283570904,-399.99999302625673,0.0,-13.18681871123748,12.12121160890771,-66.66666924953458,-24.999997820705236,-45.4545429915436,-549.999990686774,2.0,9.0,-104.1858137954384
02-14,14.285709731432764,-14.99999776840209,-57.14286283570904,-399.99999302625673,0.0,-13.18681871123748,12.12121160890771,-66.66666924953458,-24.999997820705236,-33.33333333333332,-549.999990686774,2.0,9.0,-103.08388564469202
02-15,14.285709731432764,-16.666666666666664,-57.14286283570904,-399.99999302625673,-33.333330233891914,-13.18681871123748,12.12121160890771,-66.66666924953458,-75.00000217929477,-41.66667132327962,-549.999990686774,2.0,9.0,-111.56873487020948
02-16,14.285709731432764,-20.33898805126805,-71.42858053713447,-399.99999302625673,-33.333330233891914,-13.18681871123748,12.12121160890771,-66.66666924953458,-75.00000217929477,-61.90476866265835,-549.999990686774,2.0,9.0,-115.04111090888271
02-17,14.285709731432764,-18.03278136772361,-71.42858053713447,-399.99999302625673,-33.333330233891914,-13.18681871123748,12.12121160890771,-66.66666924953458,-75.00000217929477,-54.5454570084564,-549.999990686774,2.0,9.0,-114.16242742363305
02-18,14.285709731432764,-12.698415622148955,-60.00000595092775,-399.99999302625673,-33.333330233891914,-13.18681871123748,12.12121160890771,-66.66666924953458,-75.00000217929477,-54.5454570084564,-549.999990686774,2.0,9.0,-112.63852375710749
02-19,14.285709731432764,-9.37499847449364,-60.00000595092775,-399.99999302625673,-33.333330233891914,-13.18681871123748,17.142856459714903,-66.66666924953458,-75.00000217929477,-54.5454570084564,-549.999990686774,2.0,9.0,-111.87988175724723
02-20,14.285709731432764,-18.644070489144333,-60.00000595092775,-399.99999302625673,-33.333330233891914,-13.18681871123748,17.142856459714903,-66.66666924953458,-75.00000217929477,-74.99999441206462,-549.999990686774,2.0,9.0,-114.58202806799805
02-21,19.99999702453612,-18.644070489144333,-60.00000595092775,-399.99999302625673,-33.333330233891914,-13.18681871123748,17.142856459714903,-66.66666924953458,-75.00000217929477,-68.1818212605705,-549.999990686774,2.0,9.0,-113.44271348212555
02-22,19.99999702453612,-18.644070489144333,-60.00000595092775,-200.00000697374333,0.0,-13.18681871123748,17.142856459714903,-66.66666924953458,-75.00000217929477,-68.1818212605705,-500.00000000000017,2.0,9.0,-87.68514012092743
02-23,19.99999702453612,-16.666666666666664,-53.333330357869464,-200.00000697374333,0.0,-13.18681871123748,17.142856459714903,-66.66666924953458,-75.00000217929477,-71.42858359278503,-500.00000000000017,2.0,9.0,-87.1944749315346
02-24,19.99999702453612,-6.451614528739419,-53.333330357869464,-200.00000697374333,0.0,-13.18681871123748,17.142856459714903,-66.66666924953458,-75.00000217929477,-71.42858359278503,-500.00000000000017,2.0,9.0,-86.26583382808666
02-25,14.285709731432764,-8.19671747319903,-76.92307956402128,-200.00000697374333,0.0,-13.18681871123748,17.142856459714903,-66.66666924953458,-75.00000217929477,-71.42858359278503,-500.00000000000017,2.0,9.0,-89.08848286842436
02-26,0.0,-15.25424292963575,-91.66665581862169,-300.00000000000006,0.0,-13.18681871123748,17.142856459714903,-66.66666924953458,-75.00000217929477,-76.1904839620571,-500.00000000000017,1.0,10.0,-101.8929105809697
02-27,0.0,-13.333336308797215,-91.66665581862169,-300.00000000000006,0.0,-13.18681871123748,17.142856459714903,-66.66666924953458,-75.00000217929477,-80.95238433132917,-500.00000000000017,1.0,10.0,-102.1511827399182
02-28,0.0,-13.333336308797215,-83.3333302338919,-166.66666046778388,0.0,-13.18681871123748,17.142856459714903,-66.66666924953458,-75.00000217929477,-56.521742510660296,-500.00000000000017,1.0,10.0,-87.0514275637714
02-29,0.0,0.0,-116.66665116945951,0.0,0.0,0.0,17.142856459714903,0.0,0.0,0.0,-1100.0000000000002,1.0,2.0,-109.04761770088591
03-01,0.0,-11.666667410532652,-108.33332558472976,-199.99998140335143,-33.333330233891914,-13.18681871123748,17.142856459714903,-61.111106375853346,-75.00000217929477,-60.86956437233489,-1100.0000000000002,1.0,10.0,-149.6689036192283
03-02,-7.142858850712713,-12.280702441242811,-108.33332558472976,-166.66666046778388,-33.333330233891914,-13.18681871123748,17.142856459714903,-61.111106375853346,-75.00000217929477,-60.86956437233489,-1100.0000000000002,1.0,10.0,-147.34377388703336
03-03,-15.384619346031927,-11.864407805388305,-108.33332558472976,-166.66666046778388,-33.333330233891914,-13.18681871123748,17.142856459714903,-49.999996125698175,-75.00000217929477,-8.82352966957026,-900.0000372529039,1.0,10.0,-124.13180644698322
03-04,-15.384619346031927,-18.644070489144333,-149.99999999999994,-166.66666046778388,-33.333330233891914,-37.33333868916832,17.142856459714903,-124.99998547136866,-75.00000217929477,-8.82352966957026,-900.0000372529039,1.0,10.0,-137.54933793994937
03-05,-7.692309673015964,-22.807016582260065,-149.99999999999994,-199.99998140335143,0.0,-32.05128984573579,17.142856459714903,-124.99998547136866,-75.00000217929477,-2.9411736347271384,-900.0000372529039,1.0,10.0,-136.21353996208572
03-06,0.0,-22.807016582260065,-149.99999999999994,-124.9999912828208,24.999998256564158,-32.05128984573579,17.142856459714903,-124.99998547136866,-75.00000217929477,-10.0,-900.0000372529039,2.0,9.0,-127.06504253619137
03-07,0.0,-22.807016582260065,-109.9999910736083,-124.9999912828208,24.999998256564158,-32.05128984573579,17.142856459714903,-66.66665891806328,-75.00000217929477,-16.666660043928626,-600.0000186264521,2.0,9.0,-91.45897943962585
03-08,0.0,-24.561404882485622,-109.9999910736083,-124.9999912828208,24.999998256564158,-32.05128984573579,17.142856459714903,-49.99999418854744,-75.00000217929477,-26.923086622057944,-600.0000186264521,2.0,9.0,-91.0357203622476
03-09,0.0,-15.789471211525868,-100.0,-349.99998256564163,24.999998256564158,-32.05128984573579,17.142856459714903,-49.99999418854744,-75.00000217929477,-10.0,-600.0000186264521,2.0,9.0,-108.24526399099258
03-10,0.0,-5.084745121632287,-100.0,-199.99998140335143,24.999998256564158,-32.05128984573579,17.142856459714903,-49.99999418854744,0.0,-17.857147038591133,-400.000018626452,2.0,9.0,-69.35002922800281
03-11,-7.692309673015964,-1.6949175621237156,-100.0,-199.99998140335143,0.0,-32.05128984573579,17.142856459714903,-49.99999418854744,0.0,-17.857147038591133,-400.000018626452,1.0,10.0,-72.0138910798275
03-12,-7.692309673015964,-3.4482726778627724,-100.0,-199.99998140335143,0.0,-32.05128984573579,17.142856459714903,-49.99999418854744,0.0,-17.857147038591133,-199.99999999999997,1.0,10.0,-53.99146712430814
03-13,-16.666660467783814,0.0,-100.0,-199.99998140335143,0.0,-32.05128984573579,17.142856459714903,-49.99999418854744,0.0,-17.857147038591133,-199.99999999999997,1.0,10.0,-54.49383786220861
03-14,-7.692309673015964,0.0,-100.0,-199.99998140335143,0.0,-37.33333868916832,17.142856459714903,-49.99999418854744,0.0,-13.793111244365198,-199.99999999999997,1.0,10.0,-53.788716248975774
03-15,-7.692309673015964,13.333336308797215,-90.0000089263916,-199.99998140335143,0.0,-37.33333868916832,17.142856459714903,-49.99999418854744,33.33333527048418,-13.793111244365198,-199.99999999999997,3.0,8.0,-48.63720146234943
03-16,0.0,8.333329614003498,-90.0000089263916,-199.99998140335143,0.0,-37.33333868916832,17.142856459714903,-49.99999418854744,33.33333527048418,-6.89655562218261,-199.99999999999997,3.0,8.0,-47.765487044130815
03-17,0.0,-1.7543883002255556,-79.99999553680415,-199.99998140335143,0.0,-37.33333868916832,17.142856459714903,-49.99999418854744,33.33333527048418,-14.814811135515876,-199.99999999999997,2.0,9.0,-48.49330159303761
03-18,0.0,1.6393464213255433,-79.99999553680415,-199.99998140335143,0.0,-37.33333868916832,17.142856459714903,-49.99999418854744,33.33333527048418,-14.814811135515876,-199.99999999999997,3.0,8.0,-48.184780254714774
03-19,0.0,1.5384635455791154,-79.99999553680415,-199.99998140335143,-33.333330233891914,-39.1891971358948,17.142856459714903,-49.99999418854744,33.33333527048418,-14.814811135515876,-199.99999999999997,3.0,8.0,-51.39296857802066
03-20,0.0,1.5384635455791154,-79.99999553680415,-199.99998140335143,-33.333330233891914,-39.1891971358948,17.142856459714903,-49.99999418854744,33.33333527048418,-10.714286094417377,-199.99999999999997,3.0,8.0,-51.02019357428444
03-21,0.0,1.5384635455791154,-79.99999553680415,-199.99998140335143,-33.333330233891914,-39.1891971358948,17.142856459714903,-49.99999418854744,33.33333527048418,-15.999996662139873,-199.99999999999997,3.0,8.0,-51.50071271680468
03-22,0.0,0.0,-79.99999553680415,-199.99998140335143,-33.333330233891914,-39.1891971358948,17.142856459714903,-49.99999418854744,33.33333527048418,-30.7692369413096,-199.99999999999997,2.0,9.0,-52.983231246327286
03-23,0.0,1.5384635455791154,-79.99999553680415,-199.99998140335143,-33.333330233891914,-39.1891971358948,17.142856459714903,-49.99999418854744,33.33333527048418,-8.333331781128997,-199.99999999999997,3.0,8.0,-50.803743182167324
03-24,0.0,-18.750003922730674,-90.0000089263916,-199.99998140335143,-33.333330233891914,-39.1891971358948,17.142856459714903,-49.99999418854744,33.33333527048418,-18.18181448731539,-199.99999999999997,2.0,9.0,-54.45255805162947
03-25,0.0,-34.42623094755037,-72.72727733801213,-199.99998140335143,0.0,-39.1891971358948,27.500001569092248,-49.99999418854744,33.33333527048418,-18.18181448731539,-49.99999999999999,2.0,9.0,-36.69919624191775
03-26,-18.18181172678304,-44.06780366204469,-72.72727733801213,-199.99998140335143,0.0,-18.918921975344144,27.500001569092248,-49.99999418854744,33.33333527048418,-18.18181448731539,-49.99999999999999,2.0,9.0,-37.385842540165626
03-27,-18.18181172678304,-44.06780366204469,-72.72727733801213,-233.3333209355677,0.0,-18.918921975344144,27.500001569092248,-49.99999418854744,33.33333527048418,-18.18181448731539,-49.99999999999999,2.0,9.0,-40.41614613400346
03-28,-18.18181172678304,-44.06780366204469,-63.636356259180616,-233.3333209355677,0.0,-21.621620806574875,27.500001569092248,-49.99999418854744,33.33333527048418,-22.727278269026947,50.0,3.0,8.0,-31.15771354619536
03-29,-18.18181172678304,-32.2033882919175,-54.54545546760245,-399.99999302625673,0.0,-21.621620806574875,27.500001569092248,-49.99999418854744,33.33333527048418,-35.00000335276125,25.00000000000001,3.0,8.0,-47.792630001896974
03-30,-18.18181172678304,-34.99999479293824,-54.54545546760245,-399.99999302625673,0.0,-21.621620806574875,27.500001569092248,-49.99999418854744,33.33333527048418,-35.00000335276125,25.00000000000001,3.0,8.0,-48.04686695653525
03-31,-18.18181172678304,-28.3333340771993,-54.54545546760245,-399.99999302625673,0.0,-21.621620806574875,27.500001569092248,-80.00000139474864,0.0,-35.00000335276125,25.00000000000001,2.0,9.0,-53.19838348025765
04-01,-18.18181172678304,-41.0714363990999,-54.54545546760245,-399.99999302625673,0.0,-21.621620806574875,27.500001569092248,-80.00000139474864,0.0,-35.00000335276125,40.00000223517415,2.0,9.0,-52.9927562154146
04-02,-18.18181172678304,-57.4074089379958,-54.54545546760245,-450.0000034868717,0.0,-21.621620806574875,27.500001569092248,-80.00000139474864,0.0,-24.99999813735488,40.00000223517415,2.0,9.0,-58.11420874124226
04-03,-18.18181172678304,-57.4074089379958,-36.363633597192724,-450.0000034868717,0.0,-21.621620806574875,27.500001569092248,-80.00000139474864,0.0,-24.99999813735488,40.00000223517415,2.0,9.0,-56.46131584393228
04-04,-18.18181172678304,-57.4074089379958,-49.99999999999997,-450.0000034868717,0.0,-21.621620806574875,27.500001569092248,-80.00000139474864,0.0,-47.058821982578436,40.00000223517415,2.0,9.0,-59.70633313920782
04-05,-18.18181172678304,-59.25925497361175,-49.99999999999997,-450.0000034868717,0.0,-21.621620806574875,27.500001569092248,-80.00000139474864,0.0,-47.058821982578436,40.00000223517415,2.0,9.0,-59.87468277880927
04-06,-18.18181172678304,-70.00000446319582,-36.363633597192724,-450.0000034868717,0.0,-21.621620806574875,27.500001569092248,-99.99999999999996,0.0,-47.058821982578436,40.00000223517415,2.0,9.0,-61.42962656899365
04-07,-18.18181172678304,-60.784314755062475,-36.363633597192724,-450.0000034868717,0.0,-21.621620806574875,27.500001569092248,-99.99999999999996,0.0,-38.88888336994055,40.00000223517415,2.0,9.0,-59.84911490346899
04-08,-18.18181172678304,-58.82351911604224,-36.363633597192724,-450.0000034868717,0.0,-21.621620806574875,27.500001569092248,-99.99999999999996,0.0,-38.88888336994055,40.00000223517415,2.0,9.0,-59.67086075446716
04-09,-9.090910935204846,-52.94116720443795,-36.363633597192724,-450.0000034868717,0.0,-21.621620806574875,24.999998256564158,-99.99999999999996,0.0,-44.44443340654773,40.00000223517415,2.0,9.0,-59.041978995008314
04-10,-18.18181172678304,-52.94116720443795,-36.363633597192724,-450.0000034868717,0.0,-21.621620806574875,24.999998256564158,-99.99999999999996,0.0,-29.99999329447756,40.00000223517415,2.0,9.0,-58.55529360223631
04-11,0.0,-52.94116720443795,-36.363633597192724,-450.0000034868717,0.0,-21.621620806574875,24.999998256564158,-99.99999999999996,0.0,-35.00000335276125,40.00000223517415,2.0,9.0,-57.356947996009104
04-12,0.0,-52.94116720443795,-36.363633597192724,-450.0000034868717,0.0,-21.621620806574875,24.999998256564158,-99.99999999999996,0.0,-29.99999329447756,40.00000223517415,2.0,9.0,-56.90240162707422
04-13,0.0,-28.00000178527833,-36.363633597192724,-450.0000034868717,0.0,-21.621620806574875,24.999998256564158,-99.99999999999996,0.0,-27.77777501830363,40.00000223517415,2.0,9.0,-54.433003109316616
04-14,0.0,-41.666665116945964,-36.363633597192724,-450.0000034868717,0.0,-21.621620806574875,24.999998256564158,-99.99999999999996,0.0,-27.77777501830363,60.0000014901161,2.0,9.0,-53.85724529810985
04-15,0.0,-47.91666395465542,-36.363633597192724,-450.0000034868717,0.0,-21.621620806574875,24.999998256564158,-99.99999999999996,0.0,-27.77777501830363,60.0000014901161,2.0,9.0,-54.42542701062891
04-16,0.0,-40.42552868215786,-36.363633597192724,-450.0000034868717,0.0,-21.621620806574875,33.33333527048418,-99.99999999999996,0.0,-27.77777501830363,50.0,2.0,9.0,-53.8959296655106
04-17,-7.692309673015964,-22.222218548810073,-36.363633597192724,0.0,0.0,-21.621620806574875,33.33333527048418,-99.99999999999996,0.0,-21.052635293918364,50.0,2.0,9.0,-11.419916604457072
04-18,-7.692309673015964,-22.222218548810073,-36.363633597192724,0.0,0.0,-63.934431627084635,33.33333527048418,-99.99999999999996,0.0,-22.222216703273872,50.0,2.0,9.0,-15.372861352626646
04-19,-7.692309673015964,-18.51851821240084,-36.363633597192724,0.0,0.0,-63.934431627084635,33.33333527048418,-99.99999999999996,0.0,-22.222216703273872,50.0,2.0,9.0,-15.036161322043984
04-20,-7.692309673015964,-24.074072849603382,-36.363633597192724,0.0,0.0,-63.934431627084635,31.250005085020966,-99.99999999999996,0.0,-22.222216703273872,50.0,2.0,9.0,-15.730605396831779
04-21,-7.692309673015964,-22.222218548810073,-36.363633597192724,0.0,0.0,-49.18033131730406,31.250005085020966,-99.99999999999996,0.0,-15.789474509759634,75.0,2.0,9.0,-11.363451141914675
04-22,-7.692309673015964,-14.814809610814276,-36.363633597192724,0.0,0.0,-49.18033131730406,31.250005085020966,-99.99999999999996,0.0,-15.789474509759634,75.0,2.0,9.0,-10.690050329369603
04-23,-7.692309673015964,-21.56862075876075,-36.363633597192724,0.0,0.0,-49.18033131730406,32.65306029504459,-99.99999999999996,0.0,-21.052635293918364,75.0,2.0,9.0,-11.654951849558842
04-24,-7.692309673015964,-26.53061205900891,-36.363633597192724,0.0,0.0,-49.18033131730406,32.65306029504459,-99.99999999999996,0.0,-21.052635293918364,50.0,2.0,9.0,-14.378769240490492
04-25,-7.692309673015964,-26.53061205900891,-27.272722661987885,0.0,0.0,-49.18033131730406,32.65306029504459,-99.99999999999996,0.0,-15.789474509759634,50.0,2.0,9.0,-13.073853629639256
04-26,-7.692309673015964,-26.53061205900891,-16.666660467783814,0.0,0.0,-49.18033131730406,32.65306029504459,-99.99999999999996,0.0,-26.315788235360564,50.0,2.0,9.0,-13.066603768857155
04-27,-7.692309673015964,-22.448982937839517,-16.666660467783814,0.0,0.0,-49.18033131730406,32.65306029504459,-99.99999999999996,0.0,-41.176465947735345,50.0,2.0,9.0,-14.046517277148553
04-28,-7.692309673015964,-9.25925497361177,-16.666660467783814,0.0,0.0,-49.18033131730406,32.65306029504459,-80.00000139474864,0.0,-33.33332505491081,50.0,2.0,9.0,-10.316256598757317
04-29,-7.692309673015964,-22.00000267791751,-16.666660467783814,0.0,0.0,-49.18033131730406,32.65306029504459,-80.00000139474864,0.0,-33.33332505491081,60.0000014901161,2.0,9.0,-10.565415345501828
04-30,-7.692309673015964,-25.99999910736084,-16.666660467783814,0.0,0.0,-49.18033131730406,28.57142775816402,-80.00000139474864,0.0,-16.66665838824413,60.0000014901161,2.0,9.0,-9.784957372743394
05-01,-7.692309673015964,-25.99999910736084,-24.99999535083786,0.0,0.0,-49.18033131730406,28.57142775816402,-80.00000139474864,0.0,-22.222216703273872,60.0000014901161,2.0,9.0,-11.047584027114643
05-02,-7.692309673015964,-25.99999910736084,-24.99999535083786,0.0,0.0,-49.18033131730406,28.57142775816402,-80.00000139474864,0.0,-11.111108351636943,60.0000014901161,2.0,9.0,-10.037483267874926
05-03,-7.692309673015964,-28.00000178527833,-24.99999535083786,0.0,0.0,-49.18033131730406,28.57142775816402,-80.00000139474864,0.0,-22.222216703273872,60.0000014901161,2.0,9.0,-11.229402452379873
05-04,-7.692309673015964,-20.408163822973254,-24.99999535083786,0.0,0.0,-49.18033131730406,28.57142775816402,-80.00000139474864,0.0,-22.222216703273872,60.0000014901161,2.0,9.0,-10.539235364897593
05-05,-15.384619346031927,-20.0,-24.99999535083786,0.0,0.0,-49.18033131730406,37.500003735933845,-80.00000139474864,0.0,-29.41176264343792,60.0000014901161,2.0,9.0,-11.04333680239186
05-06,-15.384619346031927,-26.53061205900891,-24.99999535083786,0.0,0.0,-49.18033131730406,37.500003735933845,-80.00000139474864,0.0,-29.41176264343792,60.0000014901161,2.0,9.0,-11.637028807756307
05-07,-7.692309673015964,-24.4898020527058,-24.99999535083786,0.0,0.0,-49.18033131730406,35.1851859504794,-80.00000139474864,0.0,-23.529406608594797,60.0000014901161,2.0,9.0,-10.427878086964693
05-08,-7.692309673015964,-15.094343118202536,-8.333325584729769,0.0,0.0,-49.18033131730406,35.1851859504794,-80.00000139474864,0.0,-31.249998835846753,33.33333333333333,2.0,9.0,-11.18470824000318
05-09,-7.692309673015964,-15.094343118202536,0.0,0.0,0.0,-49.18033131730406,35.1851859504794,-80.00000139474864,0.0,-23.529406608594797,33.33333333333333,2.0,9.0,-9.72526116618666
05-10,-7.692309673015964,-11.320753128089766,0.0,-50.000003486871684,0.0,-49.18033131730406,35.1851859504794,-80.00000139474864,0.0,-43.75000582076624,33.33333333333333,2.0,9.0,-15.765898685180328
05-11,-7.692309673015964,-15.384619346031927,0.0,-50.000003486871684,0.0,-49.18033131730406,35.1851859504794,-80.00000139474864,0.0,-43.75000582076624,33.33333333333333,2.0,9.0,-16.135341068629614
05-12,-7.692309673015964,-9.615389237037249,0.0,-50.000003486871684,0.0,-49.18033131730406,35.1851859504794,-80.00000139474864,0.0,-53.33333002196433,66.66666666666666,2.0,9.0,-13.451773864890535
05-13,0.0,-7.272720485719048,0.0,-50.000003486871684,0.0,-49.18033131730406,35.1851859504794,-80.00000139474864,0.0,-53.33333002196433,66.66666666666666,2.0,9.0,-12.539503099041974
05-14,0.0,-7.272720485719048,0.0,-50.000003486871684,0.0,-22.950823720313462,35.1851859504794,-80.00000139474864,0.0,-53.33333002196433,66.66666666666666,2.0,9.0,-10.155002408406462
05-15,0.0,-7.272720485719048,0.0,-50.000003486871684,-33.333330233891914,-27.86885410827585,35.1851859504794,-80.00000139474864,0.0,-126.66666004392863,66.66666666666666,2.0,9.0,-20.299065194208158
05-16,0.0,-7.272720485719048,16.666669766108075,-100.0,-33.333330233891914,-27.86885410827585,35.1851859504794,-20.000005578994696,0.0,-87.50001164153244,66.66666666666666,3.0,8.0,-14.314218151378164
05-17,0.0,-3.6363602428595314,16.666669766108075,-100.0,-33.333330233891914,-27.86885410827585,35.1851859504794,-20.000005578994696,0.0,-87.50001164153244,66.66666666666666,3.0,8.0,-13.983639947481846
05-18,0.0,-14.000000892639164,16.666669766108075,-100.0,-33.333330233891914,-27.86885410827585,35.1851859504794,-20.000005578994696,0.0,-44.44443340654773,66.66666666666666,3.0,8.0,-11.011645621554113
05-19,0.0,-14.000000892639164,16.666669766108075,-100.0,-33.333330233891914,-27.86885410827585,35.1851859504794,-20.000005578994696,0.0,-36.84210196096147,66.66666666666666,3.0,8.0,-10.32052458104627
05-20,0.0,-17.999997322082514,16.666669766108075,-100.0,-33.333330233891914,-27.86885410827585,35.1851859504794,-20.000005578994696,0.0,-36.84210196096147,75.0,3.0,8.0,-9.926584862510817
05-21,0.0,-20.408163822973254,16.666669766108075,0.0,-33.333330233891914,-27.86885410827585,35.1851859504794,-20.000005578994696,0.0,-57.89474509759634,75.0,3.0,8.0,-2.9684766477404154
05-22,23.52941639778101,-17.999997322082514,16.666669766108075,0.0,-33.333330233891914,-27.86885410827585,35.1851859504794,-20.000005578994696,0.0,-47.3684235292789,75.0,4.0,7.0,0.34642375834951106
05-23,31.57895293196129,-17.999997322082514,16.666669766108075,0.0,-33.333330233891914,-29.310345822650657,35.1851859504794,-20.000005578994696,0.0,-52.63157647072107,75.0,4.0,7.0,0.4686866563825383
05-24,31.57895293196129,-16.000003570556654,16.666669766108075,0.0,-33.333330233891914,-29.310345822650657,35.1851859504794,-20.000005578994696,-50.000004358589536,-52.63157647072107,75.0,4.0,7.0,-3.8949506715323414
05-25,36.84210588132903,-20.0,16.666669766108075,0.0,-33.333330233891914,-29.310345822650657,35.1851859504794,-20.000005578994696,-50.000004358589536,-52.63157647072107,75.0,4.0,7.0,-3.780118260630124
05-26,31.57895293196129,-16.326534701803862,16.666669766108075,0.0,-33.333330233891914,-29.310345822650657,35.1851859504794,-20.000005578994696,-50.000004358589536,-107.1428503004872,75.0,4.0,7.0,-8.8802056679881
05-27,31.57895293196129,-41.86046970258095,16.666669766108075,0.0,-33.333330233891914,-33.92856555781826,35.1851859504794,-20.000005578994696,-50.000004358589536,-107.1428503004872,75.0,4.0,7.0,-11.62131064398307
05-28,31.57895293196129,-66.66667811075894,16.666669766108075,0.0,-33.333330233891914,-33.92856555781826,35.1851859504794,-20.000005578994696,-50.000004358589536,-107.1428503004872,75.0,4.0,7.0,-13.87642049927198
05-29,31.57895293196129,-66.66667811075894,16.666669766108075,0.0,0.0,-32.14284895938305,35.1851859504794,-20.000005578994696,-50.000004358589536,-68.75001047737922,75.0,4.0,7.0,-7.1935217124142445
05-30,31.57895293196129,-66.66667811075894,16.666669766108075,0.0,0.0,-32.14284895938305,35.1851859504794,-20.000005578994696,-50.000004358589536,-100.0,75.0,4.0,7.0,-10.034429850834313
05-31,31.57895293196129,-66.66667811075894,44.444443066914815,0.0,0.0,-32.14284895938305,35.1851859504794,-33.33333849906912,-50.000004358589536,-56.250003492459726,75.0,4.0,7.0,-4.744026497354988
06-01,31.57895293196129,-62.50000557899474,44.444443066914815,0.0,0.0,-32.14284895938305,35.1851859504794,-33.33333849906912,-50.000004358589536,-62.49999767169351,75.0,4.0,7.0,-4.933419374397676
06-02,31.57895293196129,-62.50000557899474,44.444443066914815,0.0,0.0,-32.14284895938305,52.05479719017379,-33.33333849906912,-50.000004358589536,-62.49999767169351,75.0,4.0,7.0,-3.3998183526072783
06-03,31.57895293196129,-52.380960983484364,44.444443066914815,0.0,0.0,-37.03703512380153,52.05479719017379,-33.33333849906912,-50.000004358589536,-62.49999767169351,75.0,4.0,7.0,-2.924831222508016
06-04,35.000002231597925,-45.23810459967418,44.444443066914815,0.0,0.0,-37.03703512380153,45.205480865386114,-33.33333849906912,-50.000004358589536,-50.00000000000002,50.0,4.0,7.0,-3.7235051288395935
06-05,50.0,-45.23810459967418,44.444443066914815,0.0,0.0,-37.03703512380153,45.205480865386114,-33.33333849906912,-50.000004358589536,-46.666660043928616,50.0,4.0,7.0,-2.0568380629783682
06-06,50.0,-45.23810459967418,26.666665178934732,0.0,0.0,-37.03703512380153,45.205480865386114,-33.33333849906912,-50.000004358589536,-57.1428556223305,50.0,4.0,7.0,-4.6253811053767295
06-07,50.0,-40.476193259362596,26.666665178934732,0.0,0.0,-37.03703512380153,45.205480865386114,-33.33333849906912,-50.000004358589536,-57.1428556223305,50.0,4.0,7.0,-4.192480074439311
06-08,50.0,-40.476193259362596,26.666665178934732,33.333334883054036,0.0,-37.03703512380153,45.205480865386114,-33.33333849906912,-50.000004358589536,-42.857144377669506,50.0,5.0,6.0,0.13652411898932826
06-09,50.0,-42.85714892951839,31.24999956414104,33.333334883054036,0.0,-37.03703512380153,45.205480865386114,-33.33333849906912,-50.000004358589536,-33.33333002196431,-49.99999999999999,4.0,7.0,-7.8883674200328775
06-10,44.99999888420106,-49.99999999999997,26.666665178934732,33.333334883054036,0.0,-37.03703512380153,45.205480865386114,-11.111110250155146,-50.000004358589536,-33.33333002196431,0.0,4.0,7.0,-2.8432727220849574
06-11,44.99999888420106,-43.58974623068798,26.666665178934732,33.333334883054036,0.0,-37.03703512380153,45.205480865386114,-11.111110250155146,-50.000004358589536,-33.33333002196431,-25.000004656612983,4.0,7.0,-4.533250075475957
06-12,44.99999888420106,-43.58974623068798,26.666665178934732,33.333334883054036,0.0,-94.73683515083769,45.205480865386114,-11.111110250155146,0.0,-33.33333002196431,-25.000004656612983,4.0,7.0,-5.233231499880197
06-13,44.99999888420106,-43.58974623068798,26.666665178934732,33.333334883054036,0.0,-94.73683515083769,45.205480865386114,-11.111110250155146,0.0,-33.33333002196431,0.0,4.0,7.0,-2.96050380382447
06-14,44.99999888420106,-38.46154550405679,33.33333333333332,33.333334883054036,0.0,-94.73683515083769,45.205480865386114,-11.111110250155146,0.0,-41.66667132327962,-25.000004656612983,4.0,7.0,-4.918547174451606
06-15,44.99999888420106,-38.46154550405679,33.33333333333332,33.333334883054036,0.0,-94.73683515083769,45.205480865386114,-11.111110250155146,0.0,-41.66667132327962,-25.000004656612983,4.0,7.0,-4.918547174451606
06-16,44.99999888420106,-11.11110560099309,26.666665178934732,33.333334883054036,0.0,-94.73683515083769,45.205480865386114,0.0,0.0,-41.66667132327962,-25.000004656612983,4.0,7.0,-2.0281033563770383
06-17,44.99999888420106,-4.081638229732536,26.666665178934732,33.333334883054036,0.0,-94.73683515083769,38.46153549047607,0.0,0.0,-41.66667132327962,-25.000004656612983,4.0,7.0,-2.002146811254266
06-18,44.99999888420106,0.0,26.666665178934732,33.333334883054036,0.0,-94.73683515083769,38.46153549047607,0.0,0.0,-41.66667132327962,-25.000004656612983,4.0,7.0,-1.631088790369491
06-19,44.99999888420106,-4.081638229732536,26.666665178934732,33.333334883054036,0.0,-94.73683515083769,38.46153549047607,0.0,0.0,-50.00000931322591,-66.666672875484,4.0,7.0,-6.547601921146749
06-20,44.99999888420106,-4.081638229732536,26.666665178934732,33.333334883054036,0.0,-94.73683515083769,38.46153549047607,0.0,0.0,-66.66667287548394,-66.666672875484,4.0,7.0,-8.062753154079298
06-21,44.99999888420106,-4.081638229732536,26.666665178934732,33.333334883054036,0.0,-94.73683515083769,38.46153549047607,0.0,0.0,-66.66667287548394,-66.666672875484,4.0,7.0,-8.062753154079298
06-22,44.99999888420106,-4.081638229732536,26.666665178934732,33.333334883054036,0.0,-94.73683515083769,38.46153549047607,0.0,0.0,-66.66667287548394,-66.666672875484,4.0,7.0,-8.062753154079298
06-23,35.000002231597925,-2.040819114866268,21.42856858214548,0.0,0.0,-94.73683515083769,38.46153549047607,-28.57142572500279,0.0,-33.33333002196431,-66.666672875484,3.0,8.0,-11.859906962175966
06-24,35.000002231597925,2.0408100063031256,21.42856858214548,0.0,0.0,-94.73683515083769,35.48386937125538,-28.57142572500279,0.0,-33.33333002196431,-66.666672875484,4.0,7.0,-11.759546689271534
06-25,35.000002231597925,2.0408100063031256,21.42856858214548,0.0,0.0,-94.73683515083769,35.48386937125538,-28.57142572500279,0.0,-19.999999999999982,-66.666672875484,4.0,7.0,-10.547425778183866
06-26,35.000002231597925,-6.666665344238341,21.42856858214548,0.0,0.0,-94.73683515083769,35.48386937125538,-28.57142572500279,0.0,-19.999999999999982,-33.33333333333335,3.0,8.0,-8.308710851673943
06-27,35.000002231597925,-6.666665344238341,26.666665178934732,0.0,0.0,-94.73683515083769,35.48386937125538,-28.57142572500279,0.0,-26.666660043928623,-33.33333333333335,3.0,8.0,-8.43858025595934
06-28,35.000002231597925,-4.444440256754749,31.24999956414104,0.0,0.0,-111.42857097314331,22.580639646154946,-28.57142572500279,0.0,-19.999999999999982,0.0,3.0,8.0,-6.873981410273356
06-29,35.000002231597925,-19.99999603271502,26.666665178934732,0.0,0.0,-111.42857097314331,22.580639646154946,-28.57142572500279,0.0,-12.500006984919448,0.0,3.0,8.0,-8.022972059917542
06-30,35.000002231597925,-19.99999603271502,26.666665178934732,0.0,0.0,-74.28571132543131,21.311468063134832,-28.57142572500279,0.0,-38.461549042245004,0.0,3.0,8.0,-7.121867877429694
07-01,35.000002231597925,-25.58139872821753,26.666665178934732,0.0,0.0,-74.28571132543131,21.311468063134832,-28.57142572500279,0.0,-38.461549042245004,-100.0,3.0,8.0,-16.720177213384467
07-02,35.000002231597925,-18.604655507708248,26.666665178934732,0.0,0.0,-74.28571132543131,19.672130697742933,-28.57142572500279,0.0,-46.15384968074835,-100.0,3.0,8.0,-16.934258557328647
07-03,35.000002231597925,-18.604655507708248,26.666665178934732,0.0,0.0,-74.28571132543131,19.672130697742933,-28.57142572500279,0.0,-46.15384968074835,-33.33333333333335,3.0,8.0,-10.873652496722586
07-05,35.000002231597925,-18.604655507708248,26.666665178934732,0.0,0.0,-74.28571132543131,19.672130697742933,-28.57142572500279,0.0,-35.714283433495744,-100.0,3.0,8.0,-15.985207080305686
07-06,35.000002231597925,-22.499996652603112,19.99999702453612,0.0,0.0,-74.28571132543131,19.672130697742933,-28.57142572500279,0.0,-35.714283433495744,-100.0,3.0,8.0,-16.945389743877815
07-07,35.000002231597925,-22.499996652603112,19.99999702453612,0.0,0.0,-74.28571132543131,19.672130697742933,-28.57142572500279,0.0,-46.15384968074835,-100.0,3.0,8.0,-17.894441220900774
07-08,35.000002231597925,-31.70731494910376,19.99999702453612,0.0,0.0,-74.28571132543131,19.672130697742933,-24.999997820705236,0.0,-46.15384968074835,-100.0,3.0,8.0,-18.406794892919248
07-09,31.57895293196129,-16.279070974363403,19.99999702453612,0.0,24.999998256564158,-74.28571132543131,19.672130697742933,-24.999997820705236,0.0,-30.7692369413096,-150.00000931322597,4.0,7.0,-18.189358860384637
07-10,31.57895293196129,-24.999999999999968,19.99999702453612,0.0,24.999998256564158,-74.28571132543131,19.672130697742933,-24.999997820705236,0.0,-28.57143313300849,-25.000004656612983,4.0,7.0,-7.418733456813952
07-11,31.57895293196129,-24.999999999999968,19.99999702453612,0.0,24.999998256564158,-74.28571132543131,19.672130697742933,-24.999997820705236,0.0,-28.57143313300849,-25.000004656612983,4.0,7.0,-7.418733456813952
07-12,31.57895293196129,-24.999999999999968,14.285709731432764,0.0,24.999998256564158,-74.28571132543131,19.672130697742933,-24.999997820705236,0.0,-28.57143313300849,-25.000004656612983,4.0,7.0,-7.938214119823349
07-13,31.57895293196129,-31.578941186709685,14.285709731432764,0.0,24.999998256564158,-74.28571132543131,19.672130697742933,-24.999997820705236,0.0,-28.57143313300849,-25.000004656612983,4.0,7.0,-8.536299682251506
07-14,31.57895293196129,-36.111110766728714,0.0,0.0,24.999998256564158,-74.28571132543131,19.672130697742933,-24.999997820705236,0.0,-28.57143313300849,-25.000004656612983,3.0,8.0,-10.247015983292576
07-15,35.000002231597925,-38.888892332712906,0.0,0.0,24.999998256564158,-74.28571132543131,8.196714264639535,-24.999997820705236,0.0,-28.57143313300849,-25.000004656612983,3.0,8.0,-11.231756774151757
07-16,35.000002231597925,-25.64102652134045,0.0,0.0,24.999998256564158,-74.28571132543131,8.196714264639535,-24.999997820705236,0.0,-28.57143313300849,-25.000004656612983,3.0,8.0,-10.02740533675426
07-17,27.77777846654258,-32.43242721613351,0.0,0.0,24.999998256564158,-74.28571132543131,8.196714264639535,-24.999997820705236,0.0,-21.428572188834753,-25.000004656612983,3.0,8.0,-10.652020201815594
07-18,27.77777846654258,-32.43242721613351,0.0,0.0,24.999998256564158,-74.28571132543131,8.196714264639535,-24.999997820705236,0.0,-23.076924840374176,0.0,3.0,8.0,-8.529142746808906
07-19,27.77777846654258,-32.43242721613351,-9.090910935204846,0.0,24.999998256564158,-74.28571132543131,11.475407287210045,-24.999997820705236,0.0,-13.333330021964311,0.0,3.0,8.0,-8.17174484628386
07-20,27.77777846654258,-43.2432403090751,-9.090910935204846,0.0,24.999998256564158,-74.28571132543131,25.000001937150913,-24.999997820705236,0.0,-6.666660043928621,0.0,3.0,8.0,-7.3189765249170415
07-21,40.90909413660847,-40.540534020166895,-9.090910935204846,0.0,24.999998256564158,-74.28571132543131,25.000001937150913,-24.999997820705236,0.0,-14.285711244660995,0.0,3.0,8.0,-6.572161001440519
07-22,40.90909413660847,-40.540534020166895,-20.000004463195797,0.0,24.999998256564158,-74.28571132543131,34.93975895516048,-42.85713858750419,0.0,-14.285711244660995,0.0,3.0,8.0,-8.283658935693277
07-23,40.90909413660847,-66.666675683224,-20.000004463195797,0.0,24.999998256564158,-74.28571132543131,34.93975895516048,-42.85713858750419,0.0,-14.285711244660995,0.0,3.0,8.0,-10.658762723243926
07-24,40.90909413660847,-66.666675683224,-20.000004463195797,0.0,0.0,-74.28571132543131,34.93975895516048,-42.85713858750419,0.0,-7.142860944173759,-49.99999999999999,2.0,9.0,-16.82759435561455
07-25,43.478261713269546,-66.666675683224,-9.090910935204846,0.0,0.0,-74.28571132543131,34.93975895516048,-42.85713858750419,0.0,-7.142860944173759,-49.99999999999999,2.0,9.0,-15.602297891555278
07-26,43.478261713269546,-66.666675683224,0.0,0.0,0.0,-74.28571132543131,34.93975895516048,-42.85713858750419,0.0,-14.285711244660995,-49.99999999999999,2.0,9.0,-15.425201470217312
07-27,43.478261713269546,-52.77778776486741,0.0,0.0,0.0,-74.28571132543131,34.93975895516048,-42.85713858750419,-0.5530434438090804,-14.285711244660995,-49.99999999999999,2.0,9.0,-14.212851972531176
07-28,43.478261713269546,-35.13513350504172,0.0,0.0,0.0,-74.28571132543131,34.93975895516048,-42.85713858750419,-754.7008973665736,-14.285711244660995,-49.99999999999999,2.0,9.0,-81.16787012370743
07-29,43.478261713269546,-35.13513350504172,0.0,0.0,0.0,-74.28571132543131,34.93975895516048,-42.85713858750419,-754.7008973665736,-14.285711244660995,-49.99999999999999,2.0,9.0,-81.16787012370743
07-30,43.478261713269546,-35.13513350504172,0.0,0.0,0.0,-74.28571132543131,34.93975895516048,-42.85713858750419,-754.7008973665736,-28.57143313300849,-100.0,2.0,9.0,-87.01202665901175
07-31,38.095237589206796,-35.13513350504172,0.0,0.0,0.0,-74.28571132543131,34.93975895516048,-42.85713858750419,-754.7008973665736,-26.666660043928623,-100.0,2.0,9.0,-87.32823129855564
08-01,38.095237589206796,-35.13513350504172,0.0,-50.000003486871684,0.0,-74.28571132543131,34.93975895516048,-42.85713858750419,-754.7008973665736,-26.666660043928623,-100.0,2.0,9.0,-91.87368616099852
08-02,38.095237589206796,-32.43242721613351,0.0,-50.000003486871684,0.0,-74.28571132543131,34.93975895516048,-42.85713858750419,-754.7008973665736,-26.666660043928623,-100.0,2.0,9.0,-91.62798558927959
08-03,19.04761348127481,-35.13513350504172,0.0,-50.000003486871684,24.999998256564158,-74.28571132543131,34.93975895516048,-42.85713858750419,-754.7008973665736,-26.666660043928623,-100.0,3.0,8.0,-91.3325612383956
08-04,9.523801427308827,-24.999999999999968,0.0,-50.000003486871684,24.999998256564158,-65.7142870805702,34.93975895516048,-42.85713858750419,-754.7008973665736,-26.666660043928623,-100.0,3.0,8.0,-90.49776617512863
08-05,13.636361330993942,-22.499996652603112,0.0,-50.000003486871684,24.999998256564158,-65.7142870805702,34.93975895516048,-42.85713858750419,-754.7008973665736,-26.666660043928623,-100.0,3.0,8.0,-89.89662406139387
08-06,17.391298863747945,2.272730269707875,0.0,-50.000003486871684,24.999998256564158,-60.000009563991185,35.71428666309434,-42.85713858750419,-754.7008973665736,-26.666660043928623,-100.0,4.0,7.0,-86.71330863597771
08-07,17.391298863747945,0.0,0.0,-50.000003486871684,39.999997768402096,-60.000009563991185,35.71428666309434,-42.85713858750419,-754.7008973665736,6.666669978035689,-100.0,4.0,7.0,-82.52598143015096
08-08,17.391298863747945,0.0,0.0,-50.000003486871684,39.999997768402096,-60.000009563991185,35.71428666309434,-42.85713858750419,-754.7008973665736,-33.33333333333332,-100.0,3.0,8.0,-86.16234536754816
08-09,17.391298863747945,9.302327753854145,0.0,-50.000003486871684,39.999997768402096,-60.000009563991185,35.71428666309434,-42.85713858750419,-754.7008973665736,-16.666669771075302,-100.0,4.0,7.0,-83.80152797517431
08-10,17.391298863747945,18.750005811452688,-49.99999070167572,-50.000003486871684,39.999997768402096,-60.000009563991185,35.71428666309434,-28.57142572500279,-754.7008973665736,-45.454542991543576,-100.0,4.0,7.0,-88.80648006626923
08-11,9.523801427308827,16.666669766108075,-63.636356259180616,-50.000003486871684,39.999997768402096,-60.000009563991185,35.71428666309434,-28.57142572500279,-754.7008973665736,-45.454542991543576,-100.0,4.0,7.0,-90.95077088802273
08-12,26.92307098095211,16.666669766108075,-63.636356259180616,-50.000003486871684,39.999997768402096,-60.000009563991185,7.594932775584497,-28.57142572500279,40.02099024648403,-45.454542991543576,-100.0,5.0,6.0,-19.677879680823548
08-13,32.14285287321822,12.500006973743204,-63.636356259180616,-50.000003486871684,39.999997768402096,-54.28571610742689,7.594932775584497,-28.57142572500279,40.02099024648403,-45.454542991543576,-100.0,5.0,6.0,-19.0626603575085
08-14,28.571427432858176,12.500006973743204,-63.636356259180616,-50.000003486871684,39.999997768402096,-54.28571610742689,7.594932775584497,-28.57142572500279,40.02099024648403,-45.454542991543576,-100.0,5.0,6.0,-19.387335397541236
08-15,28.571427432858176,12.500006973743204,-63.636356259180616,-50.000003486871684,39.999997768402096,-54.28571610742689,7.594932775584497,-28.57142572500279,41.05511014784521,-36.363642521141,-100.0,5.0,6.0,-18.466879000108165
08-16,28.571427432858176,12.500006973743204,-36.363633597192724,-50.000003486871684,39.999997768402096,-54.28571610742689,7.594932775584497,-28.57142572500279,41.05511014784521,-27.27272850422819,-100.0,5.0,6.0,-15.161093847480824
08-17,21.42856858214548,12.500006973743204,-36.363633597192724,-50.000003486871684,37.50000145286314,-54.28571610742689,-4.285720092423223,-12.499998910352616,41.05511014784521,-27.27272850422819,-100.0,4.0,7.0,-15.656737594718027
08-18,24.137931830534306,14.285715586937592,-36.363633597192724,-50.000003486871684,37.50000145286314,-54.28571610742689,-4.285720092423223,-12.499998910352616,41.05511014784521,-39.9999985098839,-100.0,4.0,7.0,-16.40511924417916
08-19,26.666665178934732,14.285715586937592,-15.384619346031927,-50.000003486871684,37.50000145286314,-54.28571610742689,-4.285720092423223,-12.499998910352616,41.05511014784521,-39.9999985098839,-100.0,4.0,7.0,-14.268051280582688
08-20,33.33333333333332,18.36734470810697,-15.384619346031927,-50.000003486871684,37.50000145286314,-54.28571610742689,-4.285720092423223,-12.499998910352616,41.05511014784521,-39.9999985098839,-100.0,4.0,7.0,-13.290933346440143
08-21,31.03448488142481,18.36734470810697,-23.07692901904789,-50.000003486871684,37.50000145286314,-54.28571610742689,-14.062500953441461,-12.499998910352616,41.05511014784521,-50.00000372529024,-100.0,4.0,7.0,-15.997110092017332
08-22,33.33333333333332,18.36734470810697,-15.384619346031927,-50.000003486871684,37.50000145286314,-8.571432214853788,-14.062500953441461,-12.499998910352616,41.05511014784521,-50.00000372529024,-100.0,4.0,7.0,-10.932978999517553
08-23,33.33333333333332,20.408163822973272,-15.384619346031927,-50.000003486871684,37.50000145286314,-8.571432214853788,-14.062500953441461,-12.499998910352616,41.05511014784521,-50.00000372529024,-100.0,4.0,7.0,-10.747449989075161
08-24,33.33333333333332,20.408163822973272,-15.384619346031927,-50.000003486871684,37.50000145286314,-8.571432214853788,-14.062500953441461,-12.499998910352616,41.05511014784521,-9.090907243657695,-100.0,4.0,7.0,-7.028441218017657
08-25,33.33333333333332,20.408163822973272,-15.384619346031927,-50.000003486871684,37.50000145286314,-8.571432214853788,-14.062500953441461,-12.499998910352616,-754.7008973665736,-9.090907243657695,-150.00000931322597,3.0,8.0,-83.91535183871264
08-26,33.33333333333332,6.249998837709465,-15.384619346031927,-50.000003486871684,37.50000145286314,-8.571432214853788,-14.062500953441461,-12.499998910352616,37.839937473645264,-9.090907243657695,-100.0,4.0,7.0,-8.607835550696178
08-27,37.50000087171791,-2.0833267470203056,-15.384619346031927,-50.000003486871684,37.50000145286314,-8.571432214853788,-1.5624933259097835,-12.499998910352616,37.839937473645264,-9.090907243657695,-100.0,3.0,8.0,-7.850258316042862
08-28,41.17647213259365,0.0,-15.384619346031927,-50.000003486871684,17.80821938746461,-8.571432214853788,-1.5624933259097835,-12.499998910352616,37.839937473645264,-9.090907243657695,-100.0,3.0,8.0,-9.11680232127036
08-29,39.393938574252346,0.0,-7.142858850712713,-50.000003486871684,17.80821938746461,-26.666664187113522,-1.5624933259097835,-12.499998910352616,37.839937473645264,-9.090907243657695,-49.99999999999999,3.0,8.0,-5.629166415386888
08-30,39.393938574252346,-4.081638229732536,6.2500013075768805,-50.000003486871684,17.80821938746461,-26.666664187113522,-1.5624933259097835,-12.499998910352616,32.9646357454905,7.692306369719361,-49.99999999999999,5.0,6.0,-3.7001542504978566
08-31,39.393938574252346,0.0,6.2500013075768805,-50.000003486871684,17.80821938746461,-26.666664187113522,-1.5624933259097835,-12.499998910352616,27.259499537842068,14.285716566504245,-49.99999999999999,5.0,6.0,-3.2483440487824935
09-01,39.393938574252346,-2.0833267470203056,12.500002615153766,-50.000003486871684,17.80821938746461,-26.666664187113522,-1.5624933259097835,12.499998910352616,27.259499537842068,14.285716566504245,-49.99999999999999,6.0,5.0,-0.5968283777586937
09-02,41.17647213259365,-2.0833267470203056,12.500002615153766,-50.000003486871684,17.80821938746461,-26.666664187113522,3.125004086177684,12.499998910352616,14.529913447351555,14.285716566504245,-49.99999999999999,7.0,4.0,-1.165878843218852
09-03,42.857142857142854,-2.0833267470203056,12.500002615153766,-50.000003486871684,17.80821938746461,-26.666664187113522,-3.3333283742270536,12.499998910352616,14.529913447351555,14.285716566504245,-49.99999999999999,6.0,5.0,-1.6002117282966282
09-04,35.483869110012094,-22.499996652603112,12.500002615153766,0.0,17.80821938746461,-26.666664187113522,-3.3333283742270536,12.499998910352616,14.529913447351555,-7.142860944173759,-49.99999999999999,5.0,6.0,-1.5291678807075275
09-05,39.393938574252346,-22.499996652603112,12.500002615153766,0.0,15.492954868996954,-26.666664187113522,-3.3333283742270536,12.499998910352616,5.033239522248922,-7.142860944173759,-49.99999999999999,5.0,6.0,-2.247519606101166
09-06,39.393938574252346,-22.499996652603112,6.2500013075768805,0.0,19.4630835291598,-26.666664187113522,-3.3333283742270536,12.499998910352616,-0.5530434438090804,0.0,-49.99999999999999,4.0,7.0,-2.313273666946465
09-07,39.393938574252346,-18.421052940664516,0.0,0.0,19.99999702453612,-26.666664187113522,-3.3333283742270536,12.499998910352616,14.529913447351555,6.249994179233777,-49.99999999999999,5.0,6.0,-0.5224730332980595
09-08,47.36842352531612,-9.756099419534166,6.2500013075768805,0.0,19.99999702453612,-26.666664187113522,-8.771932056846241,12.499998910352616,14.529913447351555,0.0,-49.99999999999999,5.0,6.0,0.4957853228763066
09-09,53.488371610254624,-9.756099419534166,-36.363633597192724,0.0,19.99999702453612,-16.666660467783814,-7.0175436879349045,12.499998910352616,12.338368244844894,0.0,-100.0,4.0,7.0,-6.497927398405214
09-10,54.54545546760241,-4.878044266845522,-36.363633597192724,0.0,19.99999702453612,-16.666660467783814,-7.0175436879349045,12.499998910352616,12.338368244844894,-6.666660043928621,0.0,4.0,7.0,2.526479780331859
09-11,54.54545546760241,-4.878044266845522,-36.363633597192724,0.0,19.99999702453612,-16.666660467783814,-7.0175436879349045,12.499998910352616,12.338368244844894,7.142860944173759,0.0,5.0,6.0,3.7818907792502574
09-12,53.488371610254624,-4.878044266845522,-36.363633597192724,0.0,26.38036314259925,-16.666660467783814,-7.0175436879349045,12.499998910352616,22.29991973692677,7.142860944173759,-49.99999999999999,5.0,6.0,0.6259665749590962
09-13,53.488371610254624,-4.878044266845522,-36.363633597192724,0.0,26.38036314259925,-16.666660467783814,-7.0175436879349045,12.499998910352616,22.29991973692677,7.142860944173759,-49.99999999999999,5.0,6.0,0.6259665749590962
09-14,53.488371610254624,-13.157888246045168,-36.363633597192724,0.0,26.38036314259925,-16.666660467783814,-7.0175436879349045,12.499998910352616,22.29991973692677,0.0,-49.99999999999999,4.0,7.0,-0.7760975089839403
09-15,53.488371610254624,-5.263152949367769,-36.363633597192724,0.0,26.38036314259925,-16.666660467783814,-7.0175436879349045,12.499998910352616,22.29991973692677,-7.692312100935426,-49.99999999999999,4.0,7.0,-0.7576954002801247
09-16,51.21951378817217,-5.263152949367769,-36.363633597192724,0.0,26.38036314259925,-16.666660467783814,-7.0175436879349045,12.499998910352616,7.599906243505912,-7.692312100935426,0.0,4.0,7.0,2.2451344801286632
09-17,50.0,-7.894735296677442,-36.363633597192724,0.0,26.38036314259925,-16.666660467783814,-7.0175436879349045,12.499998910352616,7.599906243505912,-7.692312100935426,0.0,4.0,7.0,1.8950348314484964
09-18,54.761900713654406,-7.894735296677442,-36.363633597192724,0.0,1.840486471929852,-16.666660467783814,-7.0175436879349045,12.499998910352616,7.599906243505912,0.0,0.0,4.0,7.0,0.7963381172594459
09-19,54.761900713654406,-7.894735296677442,-24.99999535083786,0.0,1.840486471929852,-16.666660467783814,-7.0175436879349045,0.0,7.599906243505912,22.2222249816964,-100.0,4.0,7.0,-6.377674217495222
09-20,54.761900713654406,-13.157888246045168,-24.99999535083786,0.0,-39.130439422982505,-16.666660467783814,-7.0175436879349045,0.0,2.3198979636583656,26.31578823536055,-100.0,3.0,8.0,-10.688630932991902
09-21,54.761900713654406,-5.263152949367769,-16.666660467783814,0.0,-39.130439422982505,-16.666660467783814,-7.0175436879349045,0.0,2.3198979636583656,26.31578823536055,-100.0,3.0,8.0,-9.21335182574359
09-22,57.777777887980136,4.999995536804202,-16.666660467783814,0.0,-39.130439422982505,-16.666660467783814,-7.0175436879349045,0.0,-6.8376121708217,26.31578823536055,-100.0,3.0,8.0,-8.838668596105624
09-23,58.69564943187397,2.7027062889082107,-16.666660467783814,0.0,-39.130439422982505,-16.666660467783814,-7.0175436879349045,0.0,-6.8376121708217,26.31578823536055,-100.0,3.0,8.0,-8.964070205560365
09-24,54.54545546760241,2.7027062889082107,-16.666660467783814,0.0,-39.130439422982505,-16.666660467783814,-7.0175436879349045,0.0,-6.8376121708217,26.31578823536055,-100.0,3.0,8.0,-9.341360565948689
09-25,55.555557759602756,2.7027062889082107,0.0,0.0,-39.130439422982505,-16.666660467783814,-7.0175436879349045,0.0,-6.8376121708217,22.2222249816964,-100.0,3.0,8.0,-8.106524247210507
09-26,53.488371610254624,2.7027062889082107,0.0,0.0,-39.130439422982505,-16.666660467783814,-7.0175436879349045,0.0,-6.8376121708217,22.2222249816964,-100.0,3.0,8.0,-8.29445026078761
09-27,53.488371610254624,-5.4054005151251445,0.0,0.0,-63.26531286092681,-16.666660467783814,-7.0175436879349045,0.0,10.031485369726047,23.52941537398364,-100.0,3.0,8.0,-9.573240470709669
09-28,58.1395354871817,0.0,8.333334883054048,0.0,-52.380960983484364,-16.666660467783814,-7.0175436879349045,0.0,10.031485369726047,0.0,-100.0,3.0,8.0,-9.0509826726583
09-29,60.869565428317394,0.0,8.333334883054048,0.0,-52.380960983484364,-16.666660467783814,-26.315796170538697,0.0,-0.5530434438090804,11.764703304297399,-49.99999999999999,3.0,8.0,-5.904441586358828
09-30,47.619044329844215,0.0,8.333334883054048,0.0,-52.380960983484364,-16.666660467783814,-26.315796170538697,0.0,-0.5530434438090804,11.764703304297399,-49.99999999999999,3.0,8.0,-7.109034413492753
10-01,46.341464078405075,-2.7777815659841982,8.333334883054048,0.0,-52.380960983484364,-16.666660467783814,-45.6140388654321,0.0,-0.5530434438090804,11.764703304297399,-49.99999999999999,3.0,8.0,-9.232089369157912
10-02,43.589740508641825,-2.7777815659841982,8.333334883054048,0.0,-52.380960983484364,-6.0606058044538615,-31.74602963756813,0.0,-0.5530434438090804,17.64705933914052,-49.99999999999999,3.0,8.0,-6.722571518587568
10-03,43.589740508641825,-2.7777815659841982,16.666669766108075,0.0,-14.285723394277566,-9.374994824174934,-31.74602963756813,12.499998910352616,-6.8376121708217,12.499997671693508,0.0,4.0,7.0,1.8394786603608624
10-04,43.589740508641825,8.33333230018614,8.333334883054048,0.0,-14.285723394277566,-9.374994824174934,-31.74602963756813,12.499998910352616,-0.5530434438090804,12.499997671693508,0.0,5.0,6.0,2.663328452190766
10-05,43.589740508641825,2.9411803314841705,7.692301089946788,0.0,-14.285723394277566,-9.374994824174934,-31.74602963756813,12.499998910352616,-3.0303000199675556,0.0,0.0,4.0,7.0,0.7532884513124732
10-06,39.473688228638714,-5.882347535922174,7.692301089946788,0.0,-14.285723394277566,-9.374994824174934,-31.74602963756813,-40.000004184246016,85.71428609441737,12.499997671693508,0.0,4.0,7.0,4.008288500773414
10-07,39.473688228638714,-5.71428698948452,7.692301089946788,0.0,-14.285723394277566,-9.374994824174934,-29.687495232792703,-40.000004184246016,85.71428609441737,12.499997671693508,0.0,4.0,7.0,4.210706223610967
10-08,45.23809397301701,-5.71428698948452,7.692301089946788,0.0,-14.285723394277566,-9.374994824174934,-29.687495232792703,-40.000004184246016,85.71428609441737,12.499997671693508,0.0,4.0,7.0,4.73474310946354
10-09,45.23809397301701,-5.71428698948452,7.692301089946788,0.0,-14.285723394277566,-9.374994824174934,-29.687495232792703,-40.000004184246016,85.71428609441737,17.64705933914052,0.0,4.0,7.0,5.202657806504177
10-10,45.23809397301701,-5.71428698948452,7.692301089946788,0.0,-14.285723394277566,-9.374994824174934,-29.687495232792703,-40.000004184246016,85.18518610500992,6.249994179233777,0.0,4.0,7.0,4.118460974748341
10-11,45.23809397301701,-5.71428698948452,7.692301089946788,0.0,-14.285723394277566,-9.374994824174934,-29.687495232792703,-40.000004184246016,85.18518610500992,6.249994179233777,0.0,4.0,7.0,4.118460974748341
10-12,50.0,-5.71428698948452,7.692301089946788,0.0,12.408759005189527,-9.374994824174934,-29.687495232792703,-40.000004184246016,85.18518610500992,11.764703304297399,0.0,5.0,6.0,7.479469843067768
10-13,46.15384659400353,-2.7777815659841982,7.692301089946788,0.0,12.408759005189527,-9.374994824174934,-29.687495232792703,-40.000004184246016,85.18518610500992,11.764703304297399,0.0,5.0,6.0,7.396774571931754
10-14,47.50000223159792,-11.11111386617035,7.692301089946788,0.0,12.408759005189527,-9.374994824174934,-29.687495232792703,-40.000004184246016,85.18518610500992,11.764703304297399,0.0,5.0,6.0,6.761576693514322
10-15,44.99999888420106,-11.11111386617035,7.692301089946788,0.0,-16.78831861157476,-9.374994824174934,-29.687495232792703,-40.000004184246016,85.18518610500992,11.764703304297399,0.0,4.0,7.0,3.8800238785905834
10-16,42.500001115798966,-11.11111386617035,7.692301089946788,0.0,-16.78831861157476,-24.999992528132328,-29.687495232792703,-40.000004184246016,85.18518610500992,11.764703304297399,0.0,4.0,7.0,2.232297017466992
10-17,42.500001115798966,-11.11111386617035,7.692301089946788,0.0,-36.986295925920146,-24.999992528132328,-29.687495232792703,-40.000004184246016,85.18518610500992,6.249994179233777,0.0,4.0,7.0,-0.10521993157019137
10-18,42.500001115798966,-22.222227732340652,7.692301089946788,0.0,-36.986295925920146,-24.999992528132328,-31.24999727588155,-40.000004184246016,85.18518610500992,24.999999999999996,0.0,4.0,7.0,0.4471791512940881
10-19,42.500001115798966,-19.444446166356453,7.692301089946788,0.0,-36.986295925920146,-24.999992528132328,-31.24999727588155,-40.000004184246016,85.18518610500992,24.999999999999996,0.0,4.0,7.0,0.6997047482017412
10-20,41.02564014532623,-37.14286224365237,0.0,0.0,-36.986295925920146,-24.999992528132328,-31.24999727588155,-40.000004184246016,85.71428609441737,24.999999999999996,0.0,3.0,8.0,-1.6944750834626212
10-21,47.50000223159792,-29.72973298991656,0.0,0.0,-36.986295925920146,-24.999992528132328,-31.24999727588155,-40.000004184246016,87.5,24.999999999999996,0.0,3.0,8.0,-0.2696382429544267
10-22,35.000002231597925,-37.14286224365237,0.0,0.0,-36.986295925920146,-24.999992528132328,-23.437495777616377,-40.000004184246016,87.5,31.24999883584675,0.0,3.0,8.0,-0.8015135992838719
10-23,34.88372129230902,-37.14286224365237,8.333334883054048,0.0,-36.986295925920146,-24.999992528132328,-23.437495777616377,-40.000004184246016,87.5,31.24999883584675,0.0,4.0,7.0,-0.05450869530522178
10-24,45.098041532223846,-37.14286224365237,8.333334883054048,0.0,-65.28924827244825,-24.999992528132328,-23.437495777616377,-40.000004184246016,-78.12500174622988,31.24999883584675,0.0,3.0,8.0,-16.755748136472782
10-25,45.098041532223846,-37.14286224365237,8.333334883054048,0.0,-65.28924827244825,-24.999992528132328,-23.437495777616377,-40.000004184246016,-81.24999883584675,35.29411867828103,0.0,3.0,8.0,-16.672191522580288
10-26,45.098041532223846,-29.72973298991656,15.384610762962751,0.0,-65.28924827244825,-24.999992528132328,-9.722219531734837,-40.000004184246016,-75.75756371623386,35.29411867828103,0.0,3.0,8.0,-13.611090022658566
10-27,44.00000089263917,-29.72973298991656,0.0,0.0,-65.28924827244825,-24.999992528132328,2.777781436840613,-60.000002789497344,-75.75756371623386,31.24999883584675,0.0,3.0,8.0,-16.158978102809254
10-28,41.99999821472167,-36.111110766728714,0.0,0.0,-65.28924827244825,-24.999992528132328,-1.4492773543985402,-60.000002789497344,-65.71428376801155,31.24999883584675,0.0,2.0,9.0,-16.392174402604393
10-29,38.77550853108024,-36.111110766728714,0.0,0.0,-58.67768793188794,-24.999992528132328,-1.4492773543985402,-60.000002789497344,-65.71428376801155,31.24999883584675,0.0,2.0,9.0,-16.084258888339036
10-30,43.39622593842693,-36.111110766728714,0.0,0.0,-58.67768793188794,-24.999992528132328,-89.18918959671251,-60.000002789497344,-65.71428376801155,33.33333498901784,0.0,2.0,9.0,-23.45115513213869
10-31,42.30769032698404,-36.111110766728714,0.0,0.0,-58.67768793188794,-24.999992528132328,-89.18918959671251,-60.000002789497344,-75.75756371623386,33.33333498901784,0.0,2.0,9.0,-24.46313836483553
11-01,42.30769032698404,-36.111110766728714,0.0,0.0,-58.67768793188794,-24.999992528132328,-89.18918959671251,-60.000002789497344,-61.11110007321437,41.17647033042974,0.0,2.0,9.0,-22.41862936625086
11-02,44.23076559947073,-36.111110766728714,0.0,33.333334883054036,-58.67768793188794,-24.999992528132328,-72.97298153096362,-60.000002789497344,-56.75675022593381,33.33333498901784,0.0,3.0,8.0,-18.05646275469101
11-03,42.30769032698404,-36.111110766728714,-8.333325584729769,33.333334883054036,-58.67768793188794,-24.999992528132328,-72.97298153096362,-60.000002789497344,-56.75675022593381,33.33333498901784,0.0,3.0,8.0,-18.98886283261978
11-04,45.454547667700304,-53.12499368004507,-8.333325584729769,33.333334883054036,-58.67768793188794,-24.999992528132328,-88.23529508287106,-60.000002789497344,-56.75675022593381,33.33333498901784,0.0,3.0,8.0,-21.63698457121137
11-05,51.61290183250906,-50.000003486871684,-8.333325584729769,33.333334883054036,-58.67768793188794,-24.999992528132328,-88.23529508287106,-60.000002789497344,-56.75675022593381,26.666669978035678,0.0,3.0,8.0,-21.39910463057501
11-06,46.6666659228007,-54.83871989493346,-8.333325584729769,33.333334883054036,-58.67768793188794,-24.999992528132328,-88.23529508287106,-60.000002789497344,89.18918957015387,26.666669978035678,0.0,4.0,7.0,-9.020833041637058
11-07,41.81818336739021,-54.83871989493346,-8.333325584729769,33.333334883054036,-20.661156034056027,-24.999992528132328,-88.23529508287106,-60.000002789497344,-48.64864995481322,26.666669978035678,0.0,3.0,8.0,-18.536268512777568
11-08,41.81818336739021,-54.83871989493346,-16.666660467783814,33.333334883054036,-20.661156034056027,-20.689654177349297,-88.23529508287106,-60.000002789497344,-48.64864995481322,26.666669978035678,0.0,3.0,8.0,-18.901995470256754
11-09,38.18181906708013,-58.064516361248465,-33.333330233891914,33.333334883054036,-20.661156034056027,-20.689654177349297,-88.23529508287106,-60.000002789497344,-37.83783348395588,7.142860944173759,0.0,3.0,8.0,-21.833070297142005
11-10,37.73584937438205,-44.117639337031676,-33.333330233891914,50.0,-20.661156034056027,-3.4482805057031567,-113.33333209355676,-60.000002789497344,-27.027025067780148,-8.333331781128997,0.0,2.0,9.0,-20.22893167893309
11-11,38.88889072559497,-41.17647213259368,-60.00000223159787,50.0,-20.661156034056027,-3.4482805057031567,-113.33333209355676,-60.000002789497344,-38.23529231300818,-8.333331781128997,0.0,2.0,9.0,-23.299907195958824
11-12,42.37287853518213,-41.17647213259368,-60.00000223159787,50.0,-20.661156034056027,-3.4482805057031567,-113.33333209355676,-60.000002789497344,-38.23529231300818,-16.666669771075302,0.0,2.0,8.0,-23.740757212355103
11-13,39.65517427124672,-41.17647213259368,-60.00000223159787,33.333334883054036,-20.661156034056027,-3.4482805057031567,-113.33333209355676,-60.000002789497344,-38.23529231300818,-16.666669771075302,0.0,2.0,8.0,-25.50297261061705
11-14,39.65517427124672,-41.17647213259368,-60.00000223159787,50.0,-20.661156034056027,-3.4482805057031567,-113.33333209355676,-60.000002789497344,-17.64705933914052,-16.666669771075302,0.0,2.0,8.0,-22.11616369327036
11-15,39.65517427124672,-41.17647213259368,-60.00000223159787,50.0,-17.355366642297373,-3.4482805057031567,-100.0,-60.000002789497344,-5.882356034843122,-16.666669771075302,0.0,2.0,8.0,-19.533997803305553
11-16,46.551727322137225,-53.8461591280426,-77.77778466542583,50.0,-17.355366642297373,-3.4482805057031567,-100.0,-60.000002789497344,0.0,-25.00000776102161,0.0,2.0,8.0,-21.897806742713694
11-17,44.06779609730585,-35.71429425356356,-77.77778466542583,50.0,-17.355366642297373,-3.4482805057031567,-100.0,-60.000002789497344,-14.285717934978313,-25.00000776102161,0.0,2.0,8.0,-21.77396895047103
11-18,36.666663691202785,-46.428578544636345,-60.00000223159787,50.0,-23.140488856396487,-3.4482805057031567,-78.12498883111431,-60.000002789497344,-14.285717934978313,-25.00000776102161,0.0,2.0,8.0,-20.34194579670388
11-19,33.84615680401133,-46.428578544636345,-60.00000223159787,50.0,-36.363633597192724,-3.4482805057031567,-78.12498883111431,-60.000002789497344,-14.285717934978313,-33.33333333333332,0.0,2.0,8.0,-22.55803463309473
11-20,30.15872824705645,-46.428578544636345,-10.000002231597888,50.0,-36.363633597192724,-3.4482805057031567,-78.12498883111431,-60.000002789497344,-11.428569239013028,-25.00000776102161,0.0,2.0,8.0,-17.330485022974546
11-21,30.15872824705645,-46.428578544636345,-10.000002231597888,50.0,-36.363633597192724,-3.4482805057031567,-78.12498883111431,-60.000002789497344,-22.22221670327385,-16.666669771075302,0.0,2.0,8.0,-17.554149520639502
11-22,30.15872824705645,-46.428578544636345,-10.000002231597888,50.0,-46.84683770021177,-3.4482805057031567,-78.12498883111431,-60.000002789497344,-25.714287173991323,-16.666669771075302,0.0,2.0,8.0,-18.824629027342816
11-23,31.746031970934528,-35.71429425356356,-10.000002231597888,50.0,-46.84683770021177,-3.4482805057031567,-89.99998698234602,-60.000002789497344,-29.41176264343792,-27.27272850422819,0.0,2.0,8.0,-20.086169421786483
11-24,37.68115885782029,-40.740745026388225,-10.000002231597888,50.0,-46.84683770021177,-3.4482805057031567,-89.99998698234602,-60.000002789497344,-29.41176264343792,-16.666669771075302,0.0,2.0,8.0,-19.039375344767027
11-25,38.805968558451035,-40.740745026388225,-10.000002231597888,50.0,-46.84683770021177,-3.4482805057031567,-89.99998698234602,-60.000002789497344,-29.41176264343792,-16.666669771075302,0.0,2.0,8.0,-18.937119917436963
11-26,38.805968558451035,-46.15385803809578,-10.000002231597888,50.0,-46.84683770021177,-3.4482805057031567,-89.99998698234602,-60.000002789497344,-29.41176264343792,-8.333331781128997,0.0,2.0,8.0,-18.671644919415254
11-27,37.50000087171791,-58.333334883054036,-10.000002231597888,33.333334883054036,-58.25241624629214,-3.4482805057031567,-89.99998698234602,-60.000002789497344,-29.41176264343792,-8.333331781128997,0.0,2.0,8.0,-22.449616573480505
11-28,36.50793605813092,-58.333334883054036,-10.000002231597888,33.333334883054036,-58.25241624629214,-3.4482805057031567,-89.99998698234602,-60.000002789497344,-12.121209110876649,-50.00000931322591,0.0,2.0,8.0,-24.755815556491648
11-29,36.50793605813092,-58.333334883054036,-20.000004463195797,33.333334883054036,-58.25241624629214,-3.4482805057031567,-89.99998698234602,-60.000002789497344,-12.121209110876649,-50.00000931322591,0.0,2.0,8.0,-25.6649066684551
11-30,33.333335694812625,-58.333334883054036,-20.000004463195797,33.333334883054036,-58.25241624629214,-3.4482805057031567,-89.99998698234602,-60.000002789497344,-6.060600039935111,-58.333334885537646,0.0,2.0,8.0,-26.16011729251769
12-01,38.23529836463258,-65.21740227250412,-20.000004463195797,33.333334883054036,-58.25241624629214,-3.4482805057031567,-89.99998698234602,-60.000002789497344,3.0303090509739805,-58.333334885537646,0.0,3.0,7.0,-25.51386234967415
12-02,33.82352786740633,-81.81817812959034,-20.000004463195797,33.333334883054036,-11.650478916058773,-3.4482805057031567,-89.99998698234602,-60.000002789497344,0.0,-58.333334885537646,0.0,2.0,8.0,-23.46303672013352
12-03,33.33333333333333,-68.18181679859636,-20.000004463195797,33.333334883054036,-11.650478916058773,-3.4482805057031567,-89.99998698234602,-60.000002789497344,0.0,-58.333334885537646,0.0,2.0,8.0,-22.26793064768616
12-04,37.142855867658334,-68.18181679859636,-20.000004463195797,33.333334883054036,-11.650478916058773,-3.4482805057031567,-89.99998698234602,-60.000002789497344,0.0,-58.333334885537646,0.0,2.0,8.0,-21.921610417292968
12-05,38.0281689255466,-68.18181679859636,-20.000004463195797,33.333334883054036,-11.650478916058773,-3.4482805057031567,-89.99998698234602,-60.000002789497344,0.0,-38.461549042245004,0.0,2.0,8.0,-20.034601426276527
12-06,38.0281689255466,-68.18181679859636,-20.000004463195797,33.333334883054036,-11.650478916058773,-3.4482805057031567,-89.99998698234602,-60.000002789497344,0.0,-38.461549042245004,0.0,2.0,8.0,-20.034601426276527
12-07,36.61971636202527,-68.18181679859636,-20.000004463195797,50.0,-11.650478916058773,-3.4482805057031567,-89.99998698234602,-14.285712862501395,-11.764703304297399,-30.7692369413096,0.0,2.0,8.0,-14.861864037453019
12-08,39.43662148906794,-54.16666279236488,-20.000004463195797,50.0,-11.650478916058773,-3.4482805057031567,-89.99998698234602,-14.285712862501395,-11.764703304297399,-30.7692369413096,0.0,2.0,8.0,-13.331676843519006
12-09,36.111110766728714,-54.16666279236488,-20.000004463195797,50.0,4.854375242523768,-3.4482805057031567,-89.99998698234602,-14.285712862501395,-8.571429057997108,-30.7692369413096,0.0,3.0,7.0,-11.843257054196863
12-10,40.845074052589275,-54.16666279236488,-20.000004463195797,50.0,-1.941739264010372,-3.4482805057031567,-89.99998698234602,-14.285712862501395,-8.571429057997108,-15.384624201870851,0.0,2.0,8.0,-10.632124188854574
12-11,41.42856951577321,-54.16666279236488,-20.000004463195797,50.0,-1.941739264010372,-3.4482805057031567,-89.99998698234602,-14.285712862501395,2.8571401810159034,-30.7692369413096,0.0,3.0,7.0,-10.938719464967463
12-12,41.42856951577321,-54.16666279236488,-20.000004463195797,50.0,-1.941739264010372,-13.793102784899526,-89.99998698234602,-14.285712862501395,8.108108325802206,-30.7692369413096,0.0,3.0,7.0,-11.401797113550195
12-13,41.42856951577321,-49.99999070167572,-100.0,33.333334883054036,-1.941739264010372,-13.793102784899526,-89.99998698234602,-14.285712862501395,13.513516561230883,-33.33333333333332,0.0,3.0,7.0,-19.5525859062462
12-14,44.285716198512496,-56.521738286730454,-100.0,33.333334883054036,-1.941739264010372,-13.793102784899526,-109.99999442100544,-14.285712862501395,5.555558315029741,-33.33333333333332,0.0,3.0,7.0,-22.42736468689856
12-15,40.90909213862146,-47.82609370615636,-62.49999215453869,33.333334883054036,-1.941739264010372,-10.344831898152927,-109.99999442100544,-14.285712862501395,10.810808416175735,-33.33333333333332,0.0,3.0,7.0,-17.743496563804293
12-16,42.424238940572536,-47.82609370615636,-62.49999215453869,33.333334883054036,-1.941739264010372,-10.344831898152927,-109.99999442100544,28.571430706247913,13.157890196322017,-33.33333333333332,0.0,4.0,6.0,-13.496280913727329
12-17,44.117645900554756,-59.09090586339153,-62.49999215453869,33.333334883054036,-1.941739264010372,-10.344831898152927,-113.33333209355676,28.571430706247913,13.157890196322017,-16.666669771075302,0.0,4.0,6.0,-13.15428812350426
12-18,37.31343591800111,-34.61538923703725,-62.49999215453869,33.333334883054036,-1.941739264010372,-10.344831898152927,-120.68966379630585,28.571430706247913,26.31578823536055,-33.33333333333332,0.0,4.0,6.0,-12.535541812792252
12-19,34.37500370480117,-34.61538923703725,-62.49999215453869,33.333334883054036,-1.941739264010372,-10.344831898152927,-120.68966379630585,28.571430706247913,22.22222498169641,-41.66667132327962,0.0,4.0,6.0,-13.932390308865926
12-20,34.37500370480117,-34.61538923703725,-44.44444306691484,50.0,-1.941739264010372,-10.344831898152927,-120.68966379630585,28.571430706247913,27.027025067780126,-33.33333333333332,0.0,4.0,6.0,-9.581449192447758
12-21,34.37500370480117,-40.0,-62.49999215453869,50.0,-1.941739264010372,-10.344831898152927,-120.68966379630585,28.571430706247913,27.027025067780126,-69.99999925494194,0.0,4.0,6.0,-15.045706080829143
12-22,40.90909213862146,-43.99999642944334,-44.44444306691484,50.0,-1.941739264010372,-10.344831898152927,-137.03704545527336,28.571430706247913,22.857138478026005,-69.99999925494194,0.0,4.0,6.0,-15.039126731440128
12-23,42.857142857142854,-43.99999642944334,-44.44444306691484,50.0,-33.009708317165085,-10.344831898152927,-137.03704545527336,28.571430706247913,18.18181818181817,-69.99999925494194,0.0,4.0,6.0,-18.111421152425688
12-24,42.857142857142854,-43.99999642944334,-44.44444306691484,50.0,-33.009708317165085,-10.344831898152927,-220.00000557899472,28.571430706247913,18.18181818181817,-69.99999925494194,0.0,4.0,6.0,-25.65350843640036
12-26,39.393938574252346,-71.4285744647592,-44.44444306691484,33.333334883054036,-33.009708317165085,3.4482708867466147,-255.55555899937946,28.571430706247913,22.857138478026005,-69.99999925494194,0.0,5.0,5.0,-31.53037914316669
12-27,39.393938574252346,-71.4285744647592,-44.44444306691484,33.333334883054036,-41.747572920708734,3.4482708867466147,-255.55555899937946,28.571430706247913,18.18181818181817,-128.57142248932198,0.0,5.0,5.0,-38.07443442808773
12-28,39.393938574252346,-71.4285744647592,-44.44444306691484,50.0,-41.747572920708734,3.4482708867466147,-255.55555899937946,28.571430706247913,18.18181818181817,-219.99998807907124,0.0,5.0,5.0,-44.87097083470622
12-29,35.483869110012066,-74.99999999999997,-33.333341598510984,50.0,-41.747572920708734,3.4482708867466147,-255.55555899937946,-24.999997820705236,15.151518161850625,-219.99998807907124,0.0,4.0,6.0,-49.6866182963424
12-30,35.000002231597925,-85.00000223159788,-33.333341598510984,50.0,-41.747572920708734,3.4482708867466147,-255.55555899937946,-24.999997820705236,15.151518161850625,-219.99998807907124,0.0,4.0,6.0,-50.639697306343486
12-31,33.33333333333332,-74.99999999999997,-33.333341598510984,50.0,-41.747572920708734,3.4482708867466147,-255.55555899937946,-24.999997820705236,15.151518161850625,-219.99998807907124,0.0,4.0,6.0,-49.882121548767735
