,2009,2010,2011,2012,2013,2014,2015,2016,2017,2018,2019,2020,ups,downs,avg
01-02,-40.82502593268294,8.8330100924689,2.445806223766667,-10.171492187314945,4.0897090488092545,-4.939066390168407,19.372594622914445,8.813107962099346,5.137850551987797,7.698258188594352,-0.6699487716299645,-2.196194685841804,7.0,5.0,-0.20094927308310925
01-03,-37.51762750584983,9.009006576363813,2.445806223766667,-10.171492187314945,4.865218732822028,-5.006422916977568,20.92004710085623,9.890591646180408,5.137850551987797,7.677468230172534,0.13274639884566589,-6.457778101378385,8.0,4.0,0.07711789578953399
01-04,-39.08701400363893,9.009006576363813,2.9460850104978387,-10.212511733740444,5.0359679922199145,-4.731450135547972,21.81916558089611,9.890591646180408,4.228857472113132,7.452940771733901,-2.206531347603264,-2.4524161192464327,7.0,5.0,0.14105764251900613
01-05,-39.08701400363893,8.494206551251619,3.6892111231373232,-9.709895537368675,5.584413493377227,-6.156829791326422,21.81916558089611,8.096281621815594,1.819687876362161,6.718145933381687,-1.1013215488880326,-0.937613534705698,7.0,5.0,-0.06429685297550282
01-06,-33.024244005660556,8.51334289754375,3.5894525652662503,-9.591479560539634,5.461639443026919,-6.156829791326422,21.494312187028807,9.767847348614122,2.8949576265704864,6.625575400668131,-2.868674640598144,-0.937613534705698,7.0,5.0,0.4806904946573355
01-07,-20.573824970130104,9.885928341829274,6.24657199807363,-9.70414990541695,5.461639443026919,-6.156829791326422,20.06561424965597,9.80650644099226,1.8734419415633488,6.625575400668131,-2.868674640598144,-1.1539837724729074,7.0,5.0,1.6256512279887507
01-08,-29.310344118850843,8.877619096804533,6.249996732201453,-9.964414260722556,5.006504889689088,-5.461633242283686,18.002194602538157,11.013603019084195,2.239738290572651,6.625575400668131,-4.796054327377464,7.811978730631352,8.0,4.0,1.357897067746251
01-09,-19.170636581818613,7.716836827787344,6.811988959206128,-9.964414260722556,7.142854951107007,-7.339442431756978,15.772361413294623,12.301077893985214,2.239738290572651,7.434508728397954,-4.626338686410327,6.24165216631775,8.0,4.0,2.046682272496683
01-10,-25.266904929125033,5.239031871332538,6.811988959206128,-11.387900396131187,8.053268363340107,-8.89033648798816,15.468409902920527,12.301077893985214,1.9079260894908017,7.558815922690372,-7.342338309680206,2.7487787559852688,8.0,4.0,0.6001514696688653
01-11,-19.40298951669933,5.239031871332538,6.1035466809276055,-9.074843711487038,7.388534149710955,-8.069722520788439,14.396022194258995,12.301077893985214,0.3746883883126698,5.707580487987468,-6.149007583765178,1.1677279583628362,8.0,4.0,0.831803857678192
01-12,-19.40298951669933,4.780618690417215,5.095892083154966,-6.971297922274928,5.725439954412257,-10.349371700252307,14.396022194258995,10.881723383421537,1.5251477153446507,5.774481430736265,-3.7785615189065087,1.4119294726702794,8.0,4.0,0.7574195221902587
01-13,-22.252379495096086,2.6160864586542267,5.097616631417611,-7.3486183608486035,5.725439954412257,-10.349371700252307,14.616656046321747,9.883473923119773,1.1944024189704827,5.3125023050233375,-5.258468257988107,1.4119294726702794,8.0,4.0,0.054105783033717984
01-14,-16.677959894729874,1.245898887759349,1.4420422572385887,-7.407406141412015,5.725439954412257,-10.415292786814877,11.074011392083282,10.978213206218038,1.804752427625388,5.3125023050233375,-5.258468257988107,0.7059681026405367,8.0,4.0,-0.12252487899534127
01-15,-21.252635439705266,-0.2619512812960677,1.936914152632648,-8.313247765386013,4.684451999933238,-7.22185858778144,9.141891013692154,14.388184546999884,-0.5037818672158635,5.3125023050233375,-4.723705172527075,8.711256474795274,6.0,6.0,0.15816836493040096
01-16,-22.72405995777989,1.8312605210579584,2.2075138374873777,-8.313247765386013,2.8795784559725446,-7.170546790540831,7.361264146619165,13.102858108567945,-0.5037818672158635,5.3125023050233375,-7.958162884105453,12.097283455985613,7.0,5.0,-0.15646153619284262
01-17,-25.494502853407607,1.8312605210579584,2.2075138374873777,-8.313247765386013,0.9414952548769988,-5.770449086855358,5.278256225966642,13.87478368858644,-0.5037818672158635,2.6035496547548544,-6.699639327573839,13.913047650424945,7.0,5.0,-0.5109761722736218
01-18,-15.821495638600375,1.8312605210579584,2.2075138374873777,-7.521058585323492,0.3389843439651748,-8.808288171232476,5.278256225966642,13.87478368858644,-0.5531879181557513,3.5588574824907333,-7.65398795243273,10.003218382399043,7.0,5.0,-0.2720953153159547
01-19,-15.821495638600375,1.8312605210579584,-1.7623619286710173,-6.4787037718248115,0.0,-8.949410855633873,5.278256225966642,13.87478368858644,-2.4839396755056824,3.1702524075518173,-8.884775668975374,3.616951841452092,5.0,7.0,-1.3840985712163485
01-20,-15.821495638600375,2.36841882364899,-1.4814828500550037,-6.782719558612503,-0.4749026430495322,-8.949410855633873,5.278256225966642,12.692144220013374,-1.5651474144936557,4.8318514087726685,-9.289363382327002,3.616951841452092,5.0,7.0,-1.298074985243182
01-21,-24.824677078257604,3.4838707216324343,-0.34051908674593023,-8.9751337948986,-0.4749026430495322,-8.949410855633873,3.744248289319288,13.518273089333794,-1.0919791462143371,6.316589817502012,-9.289363382327002,3.616951841452092,5.0,7.0,-1.9388376856572709
01-22,-28.106931696247567,0.7180134390890941,-4.115936721580616,-8.9751337948986,-0.4749026430495322,-8.01550611532086,5.1325429831191585,12.53274663621572,-0.7534546244223663,6.316589817502012,-9.289363382327002,4.353737401037637,5.0,7.0,-2.5564665584069104
01-23,-34.056888530388555,0.9721358991436584,-4.055613246281913,-8.9751337948986,-0.06738698638147947,-8.013026134651852,6.81563876734129,10.996412421153863,-0.7534546244223663,5.7077624079448475,-8.837207528047783,1.2495616441385242,5.0,7.0,-3.251433308779197
01-24,-32.481750884811376,0.7147537875090976,-4.055613246281913,-8.489991740220269,0.6143290188194774,-6.984332350774866,7.190261297269252,12.178919438847554,-0.962752011139108,4.644085266251198,-10.60747896368221,7.89558720182004,6.0,6.0,-2.528665265532761
01-25,-32.481750884811376,0.7147537875090976,-4.461184516528569,-9.090909090909092,2.5418068179868207,-5.348986946543848,7.0874796076860465,12.178919438847554,-3.094529620663208,3.7164797184899614,-13.760148680238702,8.684466869372816,6.0,6.0,-2.7761336249835424
01-26,-32.481750884811376,0.3248875218937654,-2.925990934896272,-10.63829737894366,3.145912493676481,-5.693716628029749,7.0874796076860465,11.868911931935527,-1.348502743350925,3.4259596606299003,-13.378241999209706,8.684466869372816,6.0,6.0,-2.66074020700393
01-27,-31.53285188790275,2.4203829239326877,-1.7663896681908793,-10.36768714607991,4.108680445922685,-5.693716628029749,7.862680610659965,12.008634233719995,-1.6602783884568464,4.931718946541563,-15.264182242491376,8.684466869372816,6.0,6.0,-2.1890451609168164
01-28,-27.923456245576748,6.183633709962209,0.5611693781272704,-8.248036613743198,4.108680445922685,-4.646597189494279,6.1666700575086795,11.97301953962939,0.16814171495569724,3.4296773442416524,-15.264182242491376,7.976839916579723,8.0,4.0,-1.2928700153648582
01-29,-23.32156348674123,6.1121630373259235,-0.5602262147486451,-7.343280849172108,2.1868781999280538,-4.302476146330194,8.006542330256366,6.275977815457913,0.16814171495569724,3.4296773442416524,-16.389433923388975,9.774674393315141,7.0,5.0,-1.3302438154083671
01-30,-26.804119367440048,2.343254505718573,-0.3915078605062432,-7.343280849172108,5.938699324632933,-6.9860293372559825,8.260872224328253,1.6095724185574714,0.16814171495569724,2.1580013750549973,-17.575455414288367,5.254461799608004,7.0,5.0,-2.7806157888172347
01-31,-25.180894494083358,2.343254505718573,-0.3915078605062432,-6.149257830719451,5.128203293069071,-4.918032786885246,9.139788860612505,2.054231704459701,-0.5464445387295183,2.539060972048924,-16.36804421575965,7.435310863771516,6.0,6.0,-2.0761942939169318
02-01,-24.550027425860065,2.343254505718573,-0.9507834690896964,-6.451612535678756,6.544996471885242,-2.293574197548069,8.943964952467864,2.054231704459701,-0.5879937007026268,2.2047223399713816,-15.439430488330196,6.123795200880878,6.0,6.0,-1.838204720152148
02-02,-24.550027425860065,1.7099398653682445,-1.852891261098044,-7.4251479908310225,5.979647061642728,-2.293574197548069,8.943964952467864,5.751847205232749,-1.396529561685134,4.630352135139432,-11.565580778230508,5.498165964498402,6.0,6.0,-1.3808195025752852
02-03,-22.17421809865084,2.38843568878304,-1.5008363601935168,-6.290797875043878,5.979647061642728,-2.293574197548069,8.728442772088789,5.426039066150424,0.16722790718962785,6.494522230424884,-11.565580778230508,5.498165964498402,7.0,5.0,-0.7618772182407433
02-04,-20.503600429386726,2.2741292490673684,-1.677858828245701,-6.105505204845501,5.979647061642728,-0.589778186356458,10.209572614533156,5.667202150213676,-0.3345877215248642,6.931466765935942,-11.565580778230508,7.364215178160408,6.0,6.0,-0.19588984408637336
02-05,-21.558638678142056,5.275924182138958,-1.904762718889622,-6.674605995553538,6.297714427326772,-1.2385891687963737,9.756098054302193,5.813956422973441,-0.9255334838777288,6.931466765935942,-11.377527147210904,7.131175423416426,6.0,6.0,-0.20611015969804092
02-06,-23.612142709205862,5.514703648038074,-1.904762718889622,-6.674605995553538,5.916399131892666,-0.06426269240271558,11.19403174759393,5.2924789817839475,-0.9255334838777288,4.4392499069350535,-9.595479709390407,5.135855297335299,6.0,6.0,-0.4403390496450753
02-07,-20.303464125446208,5.166052526222232,-1.904762718889622,-7.151363566664504,5.612902487477949,-2.4563678596102663,11.505832481802313,4.49438537642237,-0.546904325885874,4.023440122255085,-8.685448111429281,4.667566369870502,6.0,6.0,-0.4648442786562752
02-08,-21.888724776849987,5.166052526222232,-2.9691807729431328,-6.82634333872797,5.519895127654633,-3.634006652574648,10.700909271540818,4.49438537642237,-0.4621874532679535,5.054862430987539,-9.797456281466086,4.563754153763795,6.0,6.0,-0.8398366991031991
02-09,-21.888724776849987,5.166052526222232,-2.780867701500568,-4.699589176834371,6.675138382815673,-4.447353216954296,10.700909271540818,4.735153698086459,0.0,3.7632339600467666,-8.831781919101143,6.354956377487206,6.0,6.0,-0.437739381253434
02-10,-20.71742280613714,5.0585983187091506,-1.448458554219172,-4.472271792054649,7.147375613215282,-4.447353216954296,7.651151761980858,6.260166226206117,-0.9631551828646604,0.915238957092396,-10.27462116508472,6.354956377487206,6.0,6.0,-0.7446496218853021
02-11,-15.550903197402606,2.7760285392297077,-3.1800082142711696,-4.580609650367441,7.147375613215282,-4.578154421265952,9.754829586807793,6.386418505753462,-2.4390229968126795,1.7363872589112097,-10.27462116508472,5.893977168465983,6.0,6.0,-0.5756919144017604
02-12,-17.290054691236328,3.254064574375976,-2.5323514012303634,-5.017922127078871,6.514868180316465,-5.836061571465164,8.686550467784473,4.844720889337842,-3.2341525775237683,1.7363872589112097,-10.464010400829482,6.4325537533360615,6.0,6.0,-1.0754506371084962
02-13,-15.225168713101358,2.2137910953845,-2.417079121406005,-5.017922127078871,7.418955524532735,0.1869082911082373,7.417147977041582,3.053113956064452,-3.2341525775237683,2.9992116192004823,-8.180534714013389,7.518794460894989,7.0,5.0,-0.27224452740803434
02-14,-15.031751230051414,0.833868589920048,-2.417079121406005,-4.301071225799659,7.432857695472554,-0.9374976158142091,6.0832412143643095,3.053113956064452,-1.4661498264674675,1.5366406719639056,-5.727273767644709,7.782861892427907,6.0,6.0,-0.2631865639141908
02-15,-13.351871400136472,0.833868589920048,-3.5975230843852164,-2.5249464503212984,9.197534905067023,-1.2484322713854614,3.6672143377491535,3.053113956064452,1.179446880139206,0.949366157434272,-9.015260465087977,6.904526332941782,7.0,5.0,-0.3294135426667075
02-16,-13.351871400136472,0.833868589920048,0.4329000307776719,-1.987142843128774,9.897401447513033,-1.5018759574042966,3.6672143377491535,3.053113956064452,2.6424418158243004,-0.6354243267392702,-8.249317917434006,6.750493231405259,7.0,5.0,0.12931674703425813
02-17,-13.351871400136472,0.7073994148058211,-3.1874670194076584,-1.2266301061820486,9.240123934754534,-1.5018759574042966,3.6672143377491535,2.851241786381689,1.4981298379722068,-0.5945288198644882,-8.847926307786286,6.750493231405259,6.0,6.0,-0.33297475564271584
02-18,-16.223978315650996,0.7736936414457629,-2.992389388043041,-2.4274710611498933,9.240123934754534,-1.5018759574042966,-0.16939970748960168,4.8479880763284235,1.4504703120345008,-1.1155329682926471,-8.847926307786286,6.750493231405259,5.0,7.0,-0.8513170424873571
02-19,-18.05656803249104,2.190722568038393,-1.5684203305417683,-3.9039017022370968,9.240123934754534,-1.1830668765621168,0.6760610661036531,9.40071077684821,1.3277995425687363,-1.1155329682926471,-8.847926307786286,2.9169474671404534,6.0,6.0,-0.7435875718714149
02-20,-17.456898648399598,-0.2619512812960677,-2.1762869648696044,-3.9039017022370968,7.904411678770694,-0.5586601438739895,0.8426945222445079,7.315145569385402,1.3277995425687363,-1.1155329682926471,-8.67558446768646,5.028880485522945,5.0,7.0,-0.9774903648469316
02-21,-12.752157705300212,0.06526942171479112,-2.1762869648696044,-3.9039017022370968,7.050886917143298,-0.9919514140454418,-1.420454514667023,6.57632366877481,1.3277995425687363,0.15993968477117498,-7.911680457511,4.092765580085094,6.0,6.0,-0.8236206619643726
02-22,-11.626241851254564,0.06526942171479112,-2.1762869648696044,-5.120484108051987,6.284655162404336,-2.795023881544412,-2.0000021798270087,6.57632366877481,1.205817120076364,0.1993590000504216,-8.9497763742556,6.252113457011688,6.0,6.0,-1.0070231274808972
02-23,-11.626241851254564,-0.652744017374303,-2.459020665028917,-4.82508589108441,5.006182968720899,-3.6967368264622875,-2.0000021798270087,10.322838329360259,1.2023254785946382,-0.2760240265753225,-7.801738339439066,6.029812530634202,4.0,8.0,-0.8980362074779901
02-24,-13.766043427143499,1.1443061458339647,-2.9009237329912425,-1.6716458904209424,4.53416446344211,-3.6967368264622875,-3.0285753522600447,10.657688424925238,0.1248467989523632,-0.6632855320345649,-7.801738339439066,6.029812530634202,5.0,7.0,-0.919844228080314
02-25,-12.893774930898786,-0.970877501983118,-0.8597519729425028,-3.573592637241588,4.53416446344211,-3.258142248411484,-1.0674187764122256,9.378713083898127,0.7086289200327978,-1.4150892116569889,-7.801738339439066,6.131440871353343,4.0,8.0,-0.9239531900216146
02-26,-9.10394605826574,-0.6506205739382089,-1.6784048988397804,-4.014597481580569,3.85093679840522,-2.54500206007852,0.27948149114794035,6.757844987647503,0.6257806542643646,-1.4150892116569889,-8.214772523956963,4.104865620741322,5.0,7.0,-1.0002936046758688
02-27,-10.575541779649633,-2.4326093664110138,-3.4710803380515434,-4.014597481580569,3.5669568908163427,-1.1685149531555887,1.2188328124844796,9.934292689605526,0.6257806542643646,-0.5110029797073554,-8.192214997381651,6.177472740862662,5.0,7.0,-0.7368521756586647
02-28,-8.368789500546571,-1.8966642418348416,-3.4710803380515434,-4.744517968116882,1.903554482093736,-2.7093629326284283,0.05528042453004259,10.073333175307793,0.8760913245235628,-0.03917049985457681,-5.6184856740571885,6.44599418916618,5.0,7.0,-0.6244847966223929
02-29,0.0,0.0,0.0,-4.975426485128012,0.0,0.0,0.0,10.073333175307793,0.0,0.0,0.0,6.351398675179441,2.0,1.0,0.954108780446602
03-01,-4.585900698414688,-1.8966642418348416,-5.013773369356127,-6.265347097016676,2.851709866159845,1.2742663246710229,-0.8928562875609045,8.490933137381662,0.04194726853116395,1.4470040527988717,-3.615007567770133,6.059556962790255,6.0,6.0,-0.17534430413504576
03-02,-4.585900698414688,-2.6160864586542267,-3.22228383286042,-5.813237660002898,1.3950555525856123,0.7926778279904116,-0.8928562875609045,7.77262251137476,2.24625996240524,0.8952956200995192,-2.0489936251228307,6.059556962790255,6.0,6.0,-0.0014908437808474804
03-03,-2.9431917541439305,-4.515267812447856,-3.856753595877689,-6.646153376652643,2.8124988079071045,0.7926778279904116,-3.4598260970633965,8.228841472574763,2.363190639884604,-2.1986705472637933,-2.551475787515558,7.7908589521588985,5.0,7.0,-0.3486059392040903
03-04,-3.6684779351707504,-2.572561657309838,-4.470195521120358,-7.77363187767917,2.8124988079071045,-0.1829310203861846,-1.613805935495101,11.322217807816772,2.9678454516143167,-2.4803192030586665,-2.551475787515558,2.7301322633131866,4.0,8.0,-0.4567253839236871
03-05,0.9408625150942352,-1.051247336432169,-4.722224341498482,-7.77363187767917,3.2500028610229488,0.3035776511539112,-1.42232067349855,9.592902910109755,3.7612355003289126,-2.4803192030586665,-2.5962395691338744,0.8124321673443448,6.0,6.0,-0.11541411635390032
03-06,1.498639390022644,-2.5913580379123875,-4.547973730425744,-8.208953364969858,2.6381914213641022,-1.3521776715716904,0.5437655108209627,8.523654623041175,3.7612355003289126,-1.6535436322902113,-0.31124809042511825,4.148100749593897,6.0,6.0,0.2040277222980571
03-07,6.347066221635838,-1.6458196636348528,-4.547973730425744,-8.229424061605929,4.179669377846223,0.30581738986286805,0.21965409220046245,8.523654623041175,3.9247715470360296,-1.89498438090046,-0.2671477103153427,-1.3790642863477884,6.0,6.0,0.4613516181993733
03-08,7.348031809274313,-1.6458196636348528,-3.771482928066724,-7.5248818256363075,6.3658879308922085,-0.1849610845594007,0.21965409220046245,6.97390277282747,3.9295987713021088,-2.136071968004228,0.17770286592898346,-1.235877066530099,6.0,6.0,0.7096403088328281
03-09,7.348031809274313,-1.514157355262025,-5.484774073752368,-7.312500476837157,5.5142467367083565,0.6116231139851348,0.21965409220046245,6.405547450685778,4.989856232337197,-1.4212420506746313,1.8695665442425269,-1.235877066530099,7.0,5.0,0.8324979130314575
03-10,3.0060106963141093,0.2617798596338677,-3.7430172657677274,-8.201887733582511,4.6875,0.6116231139851348,1.922012584940387,8.829486666752674,5.463369179035745,-1.5318197604921409,1.784159510789136,0.2471740663083833,9.0,3.0,1.1113659098264217
03-11,6.212426777467013,-1.2516441143846249,-2.3503080949601274,-7.254533233373473,4.6875,0.42813268006741395,0.6589727507844115,6.004899268148447,3.4454818761290333,-0.6228098251691166,1.784159510789136,3.6016965704631976,8.0,4.0,1.2786645138301094
03-12,7.457629704879503,-0.39062774061076266,1.7787643073679107,-7.254533233373473,4.000002145767212,1.406724996147389,0.4317318982276687,9.039775231717194,2.5368282556680604,-0.6228098251691166,1.131419643433699,3.3273059276188435,9.0,3.0,1.903517609306177
03-13,4.761903526175148,-1.5737689909387806,1.8878409120875383,-7.3796142718347575,4.750001430511475,2.80146185145936,0.9750726259707744,11.803664501908946,2.5368282556680604,-0.0778456597870704,2.306348084658393,1.2292124167155456,9.0,3.0,2.0017587235495524
03-14,6.702052393235303,-2.3117531034256,1.8878409120875383,-5.753596556991138,3.0690568118534154,5.343043093226271,0.3837702615274077,11.803664501908946,3.60065895616056,-0.6228098251691166,3.0316187020942835,5.181160454388489,9.0,3.0,2.692892216741364
03-15,4.6779632568359375,-2.3117531034256,4.719602280218846,-6.675065566610158,0.9120543312282916,5.97465171606128,-0.11019536189550316,12.037398299197836,2.045826469206661,-0.19327110722284965,2.837488568003497,5.352620479764755,8.0,4.0,2.438943355113583
03-16,4.6779632568359375,-2.4438565202692635,0.11105195729869026,-6.696143215736796,-2.4798919816828056,6.4264247407752775,-0.11019536189550316,10.98558506600266,1.6714220788233376,-1.0089259769629,2.116629715734193,5.352620479764755,7.0,5.0,1.5502236865572987
03-17,3.8644047106726696,-2.642005346497146,1.7572746343357963,-7.238091362847222,-2.7553752974383907,6.4264247407752775,-0.6060639816171521,9.188542251490828,1.2658206159233003,-1.2509761367421337,1.1343814485880086,1.1934897947879095,7.0,5.0,0.8614855059526455
03-18,3.3769797614670622,-3.6890609662994867,2.2478062091936923,-7.511135255481821,-2.7553752974383907,6.066061851938193,-2.9542851924152167,8.747994777293702,1.5071240056342536,-0.19342064341472212,1.1343814485880086,-0.5074280133170126,6.0,6.0,0.4558035571456885
03-19,4.350733847300397,-5.551839025386939,1.9344470636466125,-7.511135255481821,-3.4946202963043,7.494004659053434,-1.9509496714076435,8.985622674657217,1.7073173568335225,-0.19342064341472212,0.9598573849135216,-10.457033503153609,6.0,6.0,-0.31058461739536075
03-20,5.112474411039479,-6.410261690297028,0.8152153350003976,-7.574790435988207,-1.518155126745523,7.904195138888094,0.4915355281975617,9.16699570774341,1.7073173568335225,-0.4255268912173053,2.87331243857893,-9.183668007904377,7.0,5.0,0.24655364701074636
03-21,0.33875467452246183,-5.91000734822376,0.8152153350003976,-5.5068904463315285,-5.858308166206461,8.622757295037124,1.809473847906667,9.16699570774341,2.357723230536806,-1.2085749339287732,2.2183568245291507,-5.856354235462648,7.0,5.0,0.08242848209357041
03-22,-1.869809318626759,-5.91000734822376,0.8695644061371431,-4.1743300160221954,-6.266848353189553,8.109723155803197,2.070060437843821,7.333599607005602,2.230329442269909,-2.2879681064226784,4.516125750798051,-6.208426970925197,6.0,6.0,-0.1323322761293683
03-23,-1.869809318626759,-5.305573832355845,0.4340744567626944,-5.959025748613591,-6.948225360252415,8.762579015505425,2.070060437843821,7.431084935382946,2.9102640259319235,-0.07824905391849338,3.7580948000896734,-6.208426970925197,6.0,6.0,-0.08359605109798474
03-24,2.7008268766035877,-3.3852402471469194,0.0,-6.113534000361956,-7.387140438850657,8.762579015505425,2.5477682502587173,7.834644885846308,2.1774154225446463,0.5818522959024189,2.7074189616277264,-4.434592707401084,7.0,5.0,0.4993331928773512
03-25,-2.646240414526904,-4.155310926404929,-1.5978012210604502,-6.981136081650837,-7.387140438850657,8.28892640095835,2.211444091231752,8.423487127201954,2.1362305147342875,0.7742964132024561,2.7074189616277264,-5.23774087450234,6.0,6.0,-0.2886305373366325
03-26,-3.4361834730249945,-5.244998211778358,0.7158544155226251,-6.981136081650837,-5.129959000484078,10.289768106558864,2.017452759841929,8.846150911771336,1.8196476503053225,0.7742964132024561,0.6113510566836537,-14.323014655281765,7.0,5.0,-0.8367308423611541
03-27,-1.0668535850183332,-4.089982129170537,1.4215430063817442,-5.283019954345988,-2.1390353877556247,8.729217658604982,2.9923790107377086,10.056924402907596,1.8196476503053225,0.8904357062163246,3.85603947149282,-18.665665237156066,7.0,5.0,-0.1231974489000042
03-28,0.70077349868143,-4.589041498548912,1.4215430063817442,-4.2713586803831225,-0.4051280502525176,8.402367505008483,3.7602208158774553,10.056924402907596,1.415286647587524,1.015229295921,6.025640471786767,-18.906945545266808,8.0,4.0,0.3854593224750529
03-29,-0.28308536113985744,-4.589041498548912,1.20284969759818,-5.056897344131515,3.088043750215783,6.8517414441952385,5.206652480142022,11.081594057005763,3.2886702945270088,1.159648761797526,3.472227051302047,-20.104443880516165,8.0,4.0,0.44316328770392666
03-30,-0.28308536113985744,-4.726024399691426,0.7123241685841182,-6.449554525690135,2.7044845088313005,7.831677994080198,5.206652480142022,9.425291018646195,3.9247715470360296,1.6172510103917088,3.748912773889312,-20.104443880516165,8.0,4.0,0.3006881112136088
03-31,3.3970310829656825,-3.1207601444357245,3.2985176682448687,-5.710657395048325,2.1883284176101907,7.831677994080198,6.441217979858683,11.504077485946924,4.926706477133989,0.8921700677227122,2.5165549864199304,-15.96419534466061,9.0,3.0,1.5167224396532102
04-01,-4.893613912876916,-6.019152676670941,3.1991172121021227,-6.453675741218244,2.1883284176101907,9.760379721774584,7.116104257367351,10.059409566444923,3.706720471251089,0.6223253718773564,2.5165549864199304,-9.505848494932145,8.0,4.0,1.0247207649291086
04-02,-0.35186622519800825,-4.288632623803517,2.6519311166851587,-6.453675741218244,1.7904476489082135,9.718968705076662,4.574813697309108,10.266460784628805,3.4313732365011065,0.6223253718773564,4.591607177458288,-9.619686625887427,8.0,4.0,1.4111722101947917
04-03,3.2167834406394764,-3.58350057023792,0.5081775826751131,-5.367413246408608,3.4076045213911144,9.532164199290044,3.711675784798544,9.807009968394654,3.4313732365011065,-0.6223327905809765,6.064569742676867,-5.647227657967563,8.0,4.0,2.0382403509309874
04-04,7.543253750695539,-4.076082995319935,0.5081775826751131,-4.695429951593769,1.0006645818586586,10.076153158198423,4.278080811604348,9.807009968394654,2.7369284674126213,-3.139721973240527,6.154517052829144,-15.181885937297224,8.0,4.0,1.2509720430180875
04-05,7.988985981513432,-4.076082995319935,2.59739756212615,-3.589424712788189,3.4914405532969486,10.04110935334388,3.5560337629492382,12.248912082569342,2.529583163784749,-2.019419253451153,6.753817398177088,-14.080881677490636,8.0,4.0,2.120122601559243
04-06,7.988985981513432,-4.823369736869469,2.098689446952174,-6.75675800072305,0.9933812477823916,10.82654585163892,3.5560337629492382,11.381474374531114,4.840664455917089,-1.8337933519037504,8.881145272793626,-14.080881677490636,8.0,4.0,1.9226764689242568
04-07,5.647387208311626,-2.3271302018447892,1.4697581742932757,-4.0777954160332515,0.4660495763324201,10.82654585163892,2.5862045045697752,7.621707454574696,3.7712907985819717,-3.100474606437167,8.761988588002477,-14.301467943150351,8.0,4.0,1.4453386657366334
04-08,5.30201330254096,-4.806410474170959,0.4537715684302736,-3.5580504278199534,0.4660495763324201,10.768337302720422,2.693965594759313,7.089703582490735,4.860270299646858,-2.818008775744915,8.761988588002477,-16.144493931460445,8.0,4.0,1.0890946838105988
04-09,3.93754203483158,-6.16711080822887,0.0,-3.5580504278199534,0.5326289942888752,11.676298226430298,3.173750122351437,6.852498888856809,5.3966981744069455,-2.818008775744915,9.415866596015503,-11.949683537493017,7.0,5.0,1.3743691239912248
04-10,6.150658789901334,-5.870581240010755,-0.3378348264028168,-3.682897226772317,-2.0974318350300845,10.969236447252566,2.3923384814847752,7.1401018616930045,5.3966981744069455,-3.1702598727130287,11.896552319475624,-12.242646434934098,6.0,6.0,1.3786612198625956
04-11,8.056875404036347,-5.799999237060548,-0.3378348264028168,-5.878636682148905,-4.26098115940888,11.065088329994344,3.1578967445775086,7.1401018616930045,4.188477693815005,-1.6451236388475432,11.350881105336931,-10.89720277942189,6.0,6.0,1.3449619013468799
04-12,8.119078693812016,-5.799999237060548,-0.5067576093919736,-6.083650534804006,-8.406778109275688,9.923214854651699,2.3872719036219285,6.483984234154983,4.185114283953318,0.543898177518732,10.373269106019773,-12.906803450269413,7.0,5.0,0.6926535260775686
04-13,8.119078693812016,-5.2666664123535165,-1.1884498221049289,-4.3098096451795485,-7.510153115059777,10.135529657923694,2.3872719036219285,6.312545875846727,4.486663785855784,0.15723629987268598,10.119559485537092,-12.906803450269413,7.0,5.0,0.878000271458562
04-14,6.4952642455426215,-5.477619774197701,-1.7714255196707591,-4.4637399762202215,-6.14562498252075,10.135529657923694,1.32625992010992,3.152983092457257,2.724685124588881,0.11659067170845215,9.772827664387414,-11.72336561248038,7.0,5.0,0.34519704263570256
04-15,5.702642396593343,-5.503978301758998,-3.688757207936285,-4.012343135299536,-6.14562498252075,10.076600787643976,3.5844183587408684,6.219379883806307,1.3608244276538335,0.7338687956282891,9.772827664387414,-10.819794362742352,7.0,5.0,0.6066720270163429
04-16,5.377807926611352,-8.466669718424479,-2.4641740918452273,-4.012343135299536,-5.01001995071345,9.764704984777117,2.819838218984544,7.6296276516384545,1.6042755994084472,0.7338687956282891,8.829830572991892,-13.348166381625182,7.0,5.0,0.28821503934435205
04-17,6.2798641655271386,-8.629772329422975,-0.6756696528056335,-4.135802745310336,-4.7301800620949335,8.899294560181373,0.5274181379206277,9.011307286043985,1.6042755994084472,1.2746231420847314,9.377659596955915,-11.77777890805845,7.0,5.0,0.5854365658691575
04-18,7.147765967146019,-9.350131661443593,-0.6756696528056335,-1.2673566426611624,0.6389739950984186,9.479226864218429,1.9341293680952707,9.011307286043985,1.645411877078243,-0.07794410710290392,8.740363762599001,-11.870772906794212,7.0,5.0,1.279608679122655
04-19,7.147765967146019,-9.350131661443593,-0.5067576093919736,-0.3003071805090731,0.5134783318216146,10.31883903171705,1.9341293680952707,8.318134619985312,0.2517812259105189,-0.7874045903274144,9.273504750724607,-11.870772906794212,7.0,5.0,1.2451882789111777
04-20,7.147765967146019,-8.222810194904975,-1.238734856527326,-0.9609600665338206,0.0,10.31883903171705,1.9341293680952707,9.084275027288099,0.12589461494568938,-0.4724442560457884,9.273504750724607,-11.870772906794212,6.0,6.0,1.2598905399258846
04-21,4.879725284121205,-7.824935750303272,-0.2233440305312099,-0.4191598300975032,1.0165174697505286,10.31883903171705,1.411388197908417,8.922620610847284,-1.183935269183351,-1.6334655027128804,9.157044159812141,-11.94589893904273,6.0,6.0,1.0396162860238067
04-22,6.374230948934041,-6.9261164091620175,1.1784460609932,0.4156751436457769,1.0165174697505286,10.666667551234148,3.1606151664067856,9.642072573294124,-1.964129303903264,-3.3211813571777915,9.157044159812141,-15.827618743548971,8.0,4.0,1.1310186050232256
04-23,0.6237016679452819,-3.324642919223165,0.2266232806980745,0.4156751436457769,0.06353385658991992,12.07590282634199,2.1938790653408,12.563363922039025,-1.7469103511171318,-3.3211813571777915,8.429615532558731,-13.229280884907705,8.0,4.0,1.2475233152278171
04-24,3.60544040712941,-0.8838345220947794,-0.22766600012592625,0.17815134426170093,-1.2163926725330867,12.154380968704539,1.5455911355947027,14.724576699257724,-1.7469103511171318,-1.7820924147087247,10.165884161550725,-12.545988996044109,6.0,6.0,1.9975949799895867
04-25,6.3587673088861205,-0.43997294466099424,-0.22766600012592625,0.35713969444727645,-3.9533415313475153,7.118063661510977,2.0607914563358665,14.724576699257724,0.4260693525636123,0.3147125234695047,9.949196858479016,-13.976891579066427,8.0,4.0,1.8926204583124369
04-26,8.141824086595385,-0.43997294466099424,-1.1383082892048626,-2.3437578804220744,-3.758910643128774,7.353795159818582,-0.5820138231310531,15.572033527309973,0.4720974532392593,0.11806645740127088,5.862219897456957,-12.592047479778662,6.0,6.0,1.3887521267912508
04-27,8.141824086595385,0.6285319217754479,-0.6221753871766623,-2.2713752451450397,-4.113112635369194,8.098792991211297,-0.5820138231310531,15.03198164173512,-2.019764951047452,1.5959511050557063,7.127529796076676,-12.592047479778662,6.0,6.0,1.535343501733464
04-28,6.959944174671563,2.195730470571279,-3.878575554803623,-2.026222518920886,-2.7918815207329155,8.098792991211297,0.8465600563041255,14.062496825036659,-4.848480144542345,0.3955711184871648,8.695657774804527,-11.450665050897978,7.0,5.0,1.3549107184324056
04-29,4.89417841745441,2.568921343559797,-4.694569623186454,-1.4819204953362668,-2.7918815207329155,7.983913853135687,3.333328960223505,13.349946527695261,-3.4883781104384464,-0.3987256051592108,8.695657774804527,-10.050984416975043,6.0,6.0,1.493290592087071
04-30,7.931261071966483,1.3358780825686598,-2.3385306108231205,-1.4819204953362668,-5.139590445296916,7.362321494282156,7.5678537290557495,7.0960658226857065,-2.604614040838598,-0.3987256051592108,7.893629367145923,-5.57970647425297,6.0,6.0,1.8036601579998
05-01,9.036938650055118,2.389931886059548,-0.7675405230548155,-0.118545046948248,-2.8768042426877516,7.167629050883432,10.624373340914069,5.758580498912831,-2.604614040838598,-0.5980846052096322,9.242990792874698,-7.723281968964673,6.0,6.0,2.4609644826663324
05-02,6.7024128343596825,2.5125604058627014,-0.7675405230548155,1.2455574390214104,-2.1916056477344505,7.942853655133929,10.146392140683576,5.758580498912831,-3.0315930066598398,-0.6012008574888774,9.970916696963423,-5.886598516896981,7.0,5.0,2.650061259925216
05-03,5.112474411039479,2.5125604058627014,-1.3706140522866592,1.131629086940104,-2.128986807943432,7.5114755342626625,9.690512106196842,6.644515418685201,-2.859582021200143,0.07990594172992935,9.86733410159731,-5.619594571614378,8.0,4.0,2.5476357961058014
05-04,5.112474411039479,4.082912157131021,-1.3230417816613576,1.7190332015450087,-2.851709866159845,7.986317575819825,9.690512106196842,8.162516717226765,-2.7777761928489255,-0.159740442157522,8.176103697065379,-5.619594571614378,7.0,5.0,2.683167250965191
05-05,5.385139452927688,2.2335697496212386,-0.7709217556430107,0.4753412006459372,-3.6398448300011568,7.986317575819825,10.705219690574037,6.518519366229023,-3.1651056673627918,-0.03944863404872324,9.541509926879455,-6.5922186909858205,7.0,5.0,2.3865064487213083
05-06,3.9067833369632647,-1.3530868445793571,-1.5564240700827114,1.4705882352941175,-3.6398448300011568,8.15744580241327,13.194443787426751,6.545859459447257,-2.473347142157414,0.9374990919605032,9.541509926879455,-7.189540582476827,7.0,5.0,2.2951571809239293
05-07,7.394845112030853,0.5791515624763154,-1.416894950827306,1.4705882352941175,-3.32056489674618,9.421116470041259,11.66253313130898,7.583639543152416,-2.2118266809919285,0.9374990919605032,9.995862290211338,-3.906810636169142,8.0,4.0,3.1824281893117683
05-08,5.423730106677039,1.28452031589712,-0.8125760201422638,2.8823515948127296,-2.613134557371413,8.983051322331347,10.995029601385967,9.03768503567398,-2.2118266809919285,-0.11718272988225922,9.958676741460478,-4.717654454681656,7.0,5.0,3.174389189597429
05-09,5.4421782388775135,1.0939515875885115,-0.8125760201422638,2.72188813524163,-1.6539393816222956,8.083664567576907,9.569137951002924,9.03768503567398,-2.041682422642653,0.0,10.597381734827193,-3.9855085734283255,7.0,5.0,3.1710150710794265
05-10,5.5706564784190045,1.0939515875885115,-0.054172423498371015,2.921882872646665,-1.6118632902046277,8.610020524659323,9.296484507201008,5.342111557074144,-1.6108484879552434,0.039155162581674695,9.623261155314335,-4.212054498364556,8.0,4.0,2.917382095455156
05-11,5.5706564784190045,2.1235516378129047,2.4193588909157597,2.6897720735422577,-1.1538419685891477,8.196725376846901,9.296484507201008,3.751858194722865,-0.7607789785994837,0.38956128232378223,9.747150295180086,-4.212054498364556,9.0,3.0,3.1715369409509484
05-12,4.2119556678800745,2.797200210984533,1.0270299138249581,2.17786204112142,-2.7343755578234297,8.196725376846901,9.095474877582241,5.2747203917652286,-2.7350483223523576,1.1542871862350927,9.82070768072322,-5.192441359073814,9.0,3.0,2.7578415089761723
05-13,-1.2473967269210822,3.954080825843017,1.4658005246761934,1.582472453149807,-2.7343755578234297,6.8400280118236205,9.677419664956526,5.200592921851917,-3.8759756782649397,1.1923056382399342,9.82070768072322,-5.324577244384852,8.0,4.0,2.2125902094891603
05-14,-1.517243220888335,4.111325458271864,2.106965882366155,1.582472453149807,-2.669276108402721,6.659078523709963,8.363086414853859,5.044178717163371,-3.83125834926896,1.1923056382399342,8.51670772051794,-4.118072663169537,8.0,4.0,2.120022538878612
05-15,-3.5490621638372666,2.6854224237485878,1.1456578578653782,1.0955587451759057,-4.438644378077343,8.245133073423888,6.16015854101534,3.1906850360191057,-3.83125834926896,2.0384641794057994,8.065840107037584,0.492095934069161,9.0,3.0,1.7750042505480983
05-16,-0.20478284932895827,3.73181617285621,1.1456578578653782,1.2891404543821714,-5.430461417938097,9.761509494480697,7.634356953353974,3.1906850360191057,-4.433924696265193,1.7408153048308308,7.334160086824834,-3.1835854402439896,8.0,4.0,1.8812822464030805
05-17,-1.8030528953274323,3.73181617285621,1.8003269235111572,3.1985442912375226,-6.653366410117908,8.042746062714436,12.511898243769313,6.869369240365455,-4.708897454538803,3.024505704994953,7.381447074339563,-2.85613345736928,8.0,4.0,2.5449336247029324
05-18,-1.8030528953274323,4.807085444089201,1.5829640448118658,3.3653815293452016,-7.436918023589191,8.454648249041199,12.511898243769313,7.506600354345227,-5.16573735078055,2.9930882397609007,6.2083323796590175,-2.85613345736928,8.0,4.0,2.5140130631462894
05-19,-2.7045793429911487,4.764891774107498,2.6429431190395363,4.1916211434725845,-5.9593963335439275,8.454648249041199,13.36822698428225,10.252652112104052,-6.0671250486172825,1.592851014210785,6.0125281343869235,0.2820871720180932,9.0,3.0,3.069279081459213
05-20,-4.102921751686157,3.9597744844943694,3.5560337629492382,4.134215170632272,-5.9593963335439275,9.182537743288396,14.587245097881341,8.892988241653327,-5.1042060566066345,2.426807330449485,6.0125281343869235,-0.3543599713073118,8.0,4.0,3.102603821049277
05-21,-2.146817372750024,5.065662773838429,3.19609032773748,4.134215170632272,-5.6974388068366775,6.731319218228638,12.05505004730804,10.787175416222878,-5.553179177847184,2.426807330449485,3.966600136437143,-0.14487144981704375,8.0,4.0,2.9017178011336195
05-22,-2.94117705985809,4.179669377846223,3.509717075939869,5.032954617789174,-3.8286837016872046,6.704547043181614,14.139539141987646,10.066127260237966,-5.553179177847184,1.926040129558644,4.44906332128016,3.791304878566576,9.0,3.0,3.4563269089162816
05-23,-4.79832805905459,3.517590558624313,3.509717075939869,3.963963138338912,0.255101792567082,6.473601689297793,15.202233486604007,10.066127260237966,-5.382316262685173,2.3193867707165263,4.6655623154520045,4.299583094859642,10.0,2.0,3.674351905074863
05-24,-3.93103237809806,3.517590558624313,2.8617746951692387,4.853207871167004,2.9095510812018373,5.422378642224735,15.004657272722426,8.559882375026092,-3.5154591370156494,-0.03867064441534824,3.3651827013382025,2.987698976011924,9.0,3.0,3.499730167829727
05-25,-3.93103237809806,4.208543172632423,-1.8665153733591733,6.2203749363981675,6.866419163781236,4.274984367123303,15.004657272722426,4.252142530239944,-4.33858123280922,1.9033117293008388,4.1407868148896405,2.987698976011924,9.0,3.0,3.3102324982361204
05-26,-3.93103237809806,5.669775308378477,-1.8456372438213584,7.516151703089781,6.398993293228355,4.274984367123303,15.004657272722426,4.91679696728688,-4.1684369744599445,4.33806977315319,5.045117246007535,2.987698976011924,9.0,3.0,3.850594859218543
05-27,-1.8646441042771769,7.944205482869776,-6.293705905066943,6.6390087938151705,6.398993293228355,4.274984367123303,16.474919462136448,2.8460021563078546,-4.735489239388603,5.3644126012022015,5.045117246007535,2.982457478841145,9.0,3.0,3.7563551360665888
05-28,-0.4847690480104365,9.228898405945182,-4.2577042724929015,6.6390087938151705,6.398993293228355,4.529821624630082,18.52860962256499,4.134762209057233,-4.869711222037706,5.3644126012022015,5.045117246007535,3.1590018454217432,9.0,3.0,4.451370091610954
05-29,-3.176795943986121,10.830331248600617,-4.3161460267811425,6.6390087938151705,5.1625206348322585,4.903081901154544,20.65457740039102,5.687376139075103,-4.869711222037706,5.3644126012022015,6.4489792804328765,4.236691551467193,9.0,3.0,4.797027196513835
05-30,-1.312158425857747,10.018213037764923,-4.3161460267811425,7.315638165065431,4.174578011190381,4.571424211774554,17.373648050450402,5.687376139075103,-4.869711222037706,4.612546060533332,7.788039124613495,3.7192963717276584,9.0,3.0,4.5635619581265585
05-31,-0.4794499520223448,10.018213037764923,-4.3161460267811425,5.889281666425159,7.323231289379704,3.9677898270641263,18.44098510602904,5.687376139075103,-5.988803756252505,4.504843500841052,7.148628600168657,6.348118605580994,9.0,3.0,4.878672336439397
06-01,-0.4794499520223448,10.018213037764923,-0.2724754006601401,3.151003501266198,6.4902315084982485,4.407547685628318,18.44098510602904,5.641218470824309,-6.1101552937994015,4.842338730232737,6.249997115904197,6.348118605580994,9.0,3.0,4.89396442627059
06-02,-1.0958893372028993,8.256310762217902,0.7004265329056186,4.5616030136109895,6.253946783888482,4.407547685628318,16.30289408922449,6.114025394208043,-6.2258428449614724,4.875330600579133,5.487806343639864,7.337882848170228,10.0,2.0,4.748003489325725
06-03,2.8263801211140738,8.939574087385969,1.2445862983419482,4.448398415475271,6.253946783888482,4.006862524921361,15.629197416221654,4.975682553246996,-6.255351649219139,4.875330600579133,5.487806343639864,7.2652529714242835,11.0,1.0,4.974805538918324
06-04,2.9729765431561788,11.990407454485496,1.997844654902761,4.448398415475271,7.2646849278129375,4.088592820830977,16.524080685402026,3.4688561122770287,-5.937630921437606,4.875330600579133,5.8943119530668175,7.965811704977965,11.0,1.0,5.462805412627414
06-05,3.1907625795019974,13.95487149748386,1.9448979249056964,4.922893793944813,7.174603901212177,3.646720327468408,17.31289494929273,3.576754792710858,-5.937630921437606,4.056569105112795,6.185990324952511,8.435796320966901,11.0,1.0,5.705427049676263
06-06,6.702052393235303,13.698636206041806,1.9448979249056964,5.469679506457091,4.347827942766616,4.100224004852226,15.881012174470806,3.576754792710858,-5.980348687123287,3.439252621659609,5.544309925716061,9.956121968092882,11.0,1.0,5.723368397815473
06-07,6.141516360035112,13.698636206041806,1.890871837611369,5.575329181663751,5.668785990196106,4.031805605980128,16.149639156962348,3.1296577787347686,-6.228517237212142,3.9384817819587137,6.024096477831745,9.128066244763236,11.0,1.0,5.76236411538058
06-08,6.141516360035112,12.626567740522445,0.4354922158478965,6.995887819196359,4.993758850656987,3.922686344923666,16.149639156962348,1.6424058194137467,-5.346450149141126,3.0723105223541034,7.2090173728504015,9.128066244763236,11.0,1.0,5.580908191532097
06-09,4.73964690366514,13.043480730440645,0.43644257522659,7.990602666119192,4.216488746493266,3.922686344923666,16.286494901453512,0.948766589680238,-4.129413890191445,-1.72345716754776,6.946685369365069,7.765669752205794,10.0,2.0,5.03700779348616
06-10,5.988021520425923,10.774822259820132,1.0337248932771976,9.26999049972423,4.216488746493266,3.752130993102967,13.26815848327065,3.124999775584917,-5.8164602960836325,-2.810764362784352,6.946685369365069,8.279165631860957,10.0,2.0,4.83558029283811
06-11,6.06262380770063,11.661628039109525,1.6811353813057706,9.26999049972423,4.594087351404012,3.0594845317264485,11.505682805948146,6.098919400793184,-3.8038868315069485,-2.810764362784352,7.350564127625657,8.962913925589957,10.0,2.0,5.302698223053022
06-12,5.076821745659713,12.141147226900918,0.7119445043029722,8.690614021487619,4.193137592181953,2.7334826699014836,8.921567298320083,4.645013457324442,-3.8038868315069485,-2.0585924507202207,8.410836887213144,8.868503510999107,10.0,2.0,4.8775491360053564
06-13,5.485789275796874,11.983228817717016,0.7119445043029722,9.902136658613053,4.0251534905860336,2.2298421655353984,8.423641126797724,4.645013457324442,-3.7616204369747033,-0.9819324783576604,6.29598963949394,6.832934638610547,10.0,2.0,4.649343404953803
06-14,6.596996741996969,11.983228817717016,0.8762313549100491,9.529275775785585,7.1826617635404935,2.0654079406106582,9.801069373812188,3.6253742487473657,-4.974270422780352,0.4298577948247423,6.6802421206299005,6.801092807763834,11.0,1.0,5.0497640264632055
06-15,6.596996741996969,11.384065376915046,-0.056487689843142674,8.048641033462648,7.88834510419008,1.5570960518323635,9.801069373812188,4.116314846793371,-5.148008538965186,0.193795498213524,7.235242622226625,6.801092807763834,10.0,2.0,4.868180269033194
06-16,5.617247464275991,11.85628985301995,0.7878519605547004,9.91304369940274,7.608033942678777,1.5570960518323635,9.267344933763829,2.3380628853352308,-6.8995271436924375,1.00424965241904,8.674884483206034,7.928912087068966,11.0,1.0,4.971124155822099
06-17,5.468744906829556,11.477338643523721,0.5061875653103287,10.06944823872145,7.608033942678777,1.7877708374536392,12.740954083205596,4.606018160398215,-6.201552870974598,1.6877657813896034,8.674884483206034,6.817402311439903,11.0,1.0,5.436916340265185
06-18,1.6501650580520142,12.39766544994186,0.9550566493283668,10.06944823872145,8.094947650652678,0.9227211418924374,10.597306063025744,0.6228098251691166,-6.845753591546577,1.6877657813896034,8.595304096883295,6.737713927605202,11.0,1.0,4.6237625242595985
06-19,4.163958022693726,10.610556173562614,3.5030174108458088,7.754635723468456,8.581861358626579,-0.2898506496263587,11.5183248449814,-0.9489907569390834,-6.845753591546577,2.2631383179687026,8.714678471330986,2.909480824363748,9.0,3.0,4.327921345810833
06-20,4.551448465225988,11.03245283222692,3.5030174108458088,7.291667701469485,9.823061114291962,0.289358463092088,5.9970052434452645,-0.9489907569390834,-6.975739236020924,1.9946316219823723,7.643312150273554,0.6574083394606969,10.0,2.0,3.738219445779512
06-21,4.6772070083878114,11.03245283222692,2.4630583013928136,8.076696476425347,6.3006873712941305,2.9293522880624514,9.04255711623648,-2.135227317635908,-7.582322382083419,0.3901618314298172,8.310250666515307,0.9468256744415552,10.0,2.0,3.7043083222244415
06-22,4.6772070083878114,11.563427159878119,2.7914625949837677,7.285550478506916,8.781694926370093,3.318077453632768,9.04255711623648,-2.451557569948936,-6.8357701502237935,0.6177600377168992,9.85914946427456,0.9468256744415552,10.0,2.0,4.133032016188018
06-23,2.7009212066505404,11.504428762050898,2.5909555080949813,4.75906759355568,8.612140286324475,3.318077453632768,8.123792458336238,-2.24321014658436,-7.799559689206069,1.242234829118668,10.10533878285851,-0.25492208487521106,9.0,3.0,3.5549387466630926
06-24,2.6350498297961518,11.941174899830534,4.004385960323382,3.7860527877093375,8.612140286324475,3.1464488070014096,8.849129094297176,0.2717379433317545,-6.9130441416864805,-0.2364120381208212,10.10533878285851,1.5294908337517088,10.0,2.0,3.977624420451429
06-25,4.28850413491238,10.82199846374402,2.8011203883169395,3.7860527877093375,8.426268327801155,2.5272862602754165,9.240920174803428,-1.80353503582134,-6.128614896927853,-0.2364120381208212,8.622704474589435,0.805858313196715,9.0,3.0,3.596012612873235
06-26,4.734114736049297,12.638323043981767,4.879382679914793,3.064905334065706,8.159503265544831,2.2426647690429964,6.2652994005155715,-2.235067077664147,-6.128614896927853,-1.3790401617143109,8.330061986955085,0.6629845587656229,9.0,3.0,3.4362098032107813
06-27,4.684451999933238,13.14418296232992,4.879382679914793,2.409636200832776,7.1163343402780805,2.064223619996669,8.71449847568227,-2.235067077664147,-4.661199482735613,-1.9291329861307969,6.941690057727373,0.4057565764478823,9.0,3.0,3.4612297805510366
06-28,6.747297371373707,13.14418296232992,4.331134967609058,0.7189984145807827,4.689405932922893,2.3986297590172327,8.228464547410908,-4.046239715569124,-4.829663243171977,0.1944738966978163,8.828125762520346,-0.1855259207610257,9.0,3.0,3.351607061246712
06-29,6.747297371373707,12.10191139079176,3.0038189683379075,-0.6650465351526409,6.818178447758097,2.5655686399713264,8.228464547410908,-6.405277965332902,-2.3185873205298844,1.7408153048308308,9.12621507366884,-0.1855259207610257,8.0,4.0,3.396486000197243
06-30,7.383830964961179,12.22351771924628,2.1845965603346684,-0.6024119227211292,3.648733146593248,2.5655686399713264,7.405618092669817,-7.395628781565199,-2.4696693964836527,3.3127840267040574,9.58268787734716,1.2244894781593372,9.0,3.0,3.2553430337680913
07-01,11.144944672369895,12.1668618402201,4.654900023400483,-1.1508209050490439,3.648733146593248,1.6533688733768508,5.899565959620937,-7.6257806052787815,-2.047927223224608,5.103971049260936,9.58268787734716,2.527882211222627,9.0,3.0,3.79653224332165
07-02,10.815821798471763,11.737624319244961,5.20945852300542,-1.1508209050490439,2.659247391137517,0.9681098033269332,0.9100116224834548,-11.460855826846002,-2.6742684113708752,5.103971049260936,9.698602793381443,-0.1488612092646742,8.0,4.0,2.6390034123151533
07-03,10.4204756492831,9.330276043689313,5.513922215301673,-1.9987881231447109,3.995086379327202,1.3075585005182049,-5.776563727011122,-12.230801114306992,-2.6742684113708752,6.654064945615687,9.192735484258813,-4.538462712214543,7.0,5.0,1.5996029274954793
07-05,10.311163168503027,8.965514368638539,5.513922215301673,-1.6333849921323311,5.046151968149038,2.372881684690931,-8.133699289233736,-12.230801114306992,-2.8483769816951363,4.32818830161406,9.258546998996206,-2.180450809730432,7.0,5.0,1.564137959899571
07-06,10.311163168503027,8.965514368638539,8.250652507466299,-1.5253203740684365,3.0169676105584875,2.151750645809244,-8.133699289233736,-14.609472861615867,-1.4808369605634055,4.581296852430588,11.00532888217532,-2.180450809730432,7.0,5.0,1.696074478364136
07-07,8.84685700586984,7.6074304191548325,7.191595730983133,-1.70212015994364,4.929138999533915,2.151750645809244,-8.133699289233736,-15.044973192627248,-1.660118297281749,5.79391234757473,10.459768208181911,-0.864659920819219,7.0,5.0,1.631240208100168
07-08,6.045648350313955,7.163660398632529,6.1708767164629545,-1.39393661961411,4.929138999533915,2.2083770839080037,-2.7732476661685506,-14.425027017542336,0.1728565654007938,5.655523444978488,10.459768208181911,-2.529256633004735,8.0,4.0,1.8070318192569017
07-09,7.579466250190035,7.7989570736356715,7.820646382342447,-1.39393661961411,4.128152443110358,1.8048488611740616,-4.651163773132809,-12.046272415340955,-0.30395003359600303,5.655523444978488,10.766281321349727,-7.265619825339023,7.0,5.0,1.6577444258131573
07-10,6.662548001413863,8.60465366431597,8.108105428796067,-1.6969738584576233,2.955662247544964,1.3157868893565359,-5.622935458011832,-9.342154802015507,-0.30395003359600303,7.1612151611173775,8.532815123640011,-8.575925643717031,7.0,5.0,1.4832372266988996
07-11,7.164727996082053,8.23116732525685,8.108105428796067,-1.6265087443315267,2.0820585068975825,0.973097212224806,-10.149749606285388,-9.342154802015507,-0.8250048677556471,7.726270632417291,7.6833969128494095,-7.813731374560063,7.0,5.0,1.0176395516313277
07-12,6.707693246694712,8.23116732525685,6.652810300793048,-1.7501564325189942,2.324159667125091,-0.40160466780618803,-10.088689592347599,-6.967687703259027,-2.449691386660775,7.214572966691124,7.137347129723621,-7.813731374560063,6.0,6.0,0.73301578992765
07-13,6.707693246694712,7.180382968455926,3.5940819367532466,0.0,3.5045256602365384,-0.980958321075344,-10.088689592347599,-4.878049681004617,-2.3144135173549985,6.847785988533619,8.044219366475195,-7.813731374560063,6.0,6.0,0.8169038900672181
07-14,8.184614915114182,6.954999950950708,4.3753292237694055,-2.7405649259961518,2.324159667125091,-0.980958321075344,-9.811521400154533,-6.1383058964861,-1.6065954010123773,8.412579459487818,8.079264292594262,-9.27387674553636,6.0,6.0,0.6482604015650503
07-15,8.995041485422213,8.736167695601821,3.966155505298112,-3.306802927435605,2.324159667125091,-0.6347409742402275,-9.866212361893982,-4.206870548078215,-0.1284744274380469,8.713085537944625,8.079264292594262,-7.722156522192226,6.0,6.0,1.245718035225652
07-16,7.833226639889082,9.080253455016294,2.440351138321974,-3.306802927435605,3.486242417122788,-2.634664900172968,-11.999999152289494,-4.361254630528679,-0.9063404565436916,8.713085537944625,9.10822946072988,-7.284771459585347,6.0,6.0,0.8472962602057379
07-17,7.932544906980121,8.372636788168679,1.262346602108531,-3.0618493713166295,3.4525245970961027,-2.3228893253712046,-17.4927117593551,-5.997650619043415,-0.9063404565436916,7.582938026120177,7.876718219511872,16.815745805141088,7.0,5.0,1.9595011177913773
07-18,5.022535392033534,8.101714357902527,1.262346602108531,-3.4692616204313604,2.8482975171044296,-3.690691736252675,-20.79327595392652,-5.997650619043415,-1.2084621740333377,4.726462292882849,5.5056611238118744,24.04994726833403,7.0,5.0,1.3631352042075384
07-19,6.998736952745918,8.101714357902527,-0.7135075357546752,-4.579206547682419,3.082608307597257,-5.675034503754937,-19.07583756394505,-5.448841149263152,-3.249889135886483,5.462650768078171,4.231974546761806,23.718649647098907,6.0,6.0,1.0711681786581553
07-20,6.998736952745918,7.924306118742888,0.32398148924376924,-3.0731406633821665,3.2439203711131532,-6.1824771673422525,-19.07583756394505,-8.2805078111746,-3.5103080514379847,4.9143695637724765,4.646624387726953,23.718649647098907,7.0,5.0,0.9706931060968336
07-21,7.3139966741659785,7.057412679191819,-1.8619942405592769,-4.042286204068986,2.514139675465406,-6.1824771673422525,-18.24644595282182,-5.9425432426188,-4.367003827906505,4.10907868008912,5.968422325923952,24.75463426434271,6.0,6.0,0.9229111386551121
07-22,7.363121781086676,6.702259947852231,1.9607886739682296,-4.562497138977051,2.514139675465406,-6.66266879062418,-15.63045134897544,-8.376334490942744,-3.1291276675245108,2.35831425501098,5.968422325923952,24.938670083570887,7.0,5.0,1.120386442152869
07-23,6.7829410084650315,5.142167853365167,0.7008041299909044,-4.562497138977051,1.948456749940238,-9.400126472430085,-14.154206620299876,-8.329978523331478,-2.8119480808980626,2.35831425501098,5.583361162605772,25.38775489443824,7.0,5.0,0.7204202681566484
07-24,9.0338746442343,8.081396986433651,0.7008041299909044,-3.312504291534424,3.9399632486477687,-7.9238264973594115,-11.483800115069833,-10.373106805895562,-2.8119480808980626,1.1411226092122106,6.5854568408469705,24.986333623520053,7.0,5.0,1.5469805243440475
07-25,8.993034070452916,7.054672505104484,0.7008041299909044,-2.4314175024198588,4.726369605023443,-11.490685326933171,-10.430840228189835,-10.373106805895562,-2.021085588078904,-0.2313009433581438,7.884761144342698,22.331422513378254,6.0,6.0,1.2260522977847688
07-26,6.384367892874358,7.054672505104484,0.21562808530362626,-2.195742436372301,5.210294462055857,-12.057181576506016,-9.315375285299544,-11.357115732193543,-2.244719385101676,0.6533438635786873,7.6835313328978385,21.990677788107433,7.0,5.0,1.0018651262040998
07-27,6.384367892874358,8.054085050703964,2.1878327236908275,-3.757040812542448,3.9616607071668897,-11.159071824379046,-9.315375285299544,-10.310558221324316,-2.6362055159750923,0.0,8.49056603773585,21.990677788107433,6.0,6.0,1.1575782117299065
07-28,4.560265443279616,7.218312381602235,-0.3285841467158455,-5.116863359736197,5.412212660605444,-11.159071824379046,-11.728396118855866,-11.106452433955855,-1.8412980540444448,0.07668887201756458,8.697287320748902,22.484234956056195,6.0,6.0,0.5973613080518918
07-29,6.241872763353161,5.172413206563818,0.3225777672679908,-4.851918775311504,5.412212660605444,-9.617764730770435,-18.48929384985424,-14.459341019857527,-0.5625233982398581,0.038359144606439424,8.697287320748902,22.194787334033197,7.0,5.0,0.008222368595449225
07-30,5.5810863646985975,5.41022511250182,0.4825745545778362,-4.851918775311504,5.223410357286963,-12.823756768346538,-18.378675313031284,-12.448132583046233,-0.30211348551456385,0.038359144606439424,9.638552399916438,23.16907251549533,7.0,5.0,0.06155696031944125
07-31,5.249345162399349,4.194132657521679,0.6424027691270918,-5.2299992650638325,5.448911340882653,-10.739107840383715,-16.796001250137977,-12.91666825612386,-0.30211348551456385,1.2658225069775157,9.34897542097574,24.665758633445392,7.0,5.0,0.4026215328421226
08-01,4.545456573809005,3.032140733414308,0.6424027691270918,-5.766798583557918,4.226229327079348,-11.675127702193173,-21.468921317885176,-12.91666825612386,-1.4674154141922378,0.4601259186520194,9.450302256595991,21.662126969129528,7.0,5.0,-0.7730122271787563
08-02,5.7425736466353925,3.032140733414308,1.1777367082920651,-5.98344734628133,2.6691513897242336,-12.740081558081606,-22.36767429389019,-14.333335558573403,-0.7748614236884002,-2.3346243436160448,8.775894503430571,21.89622676607471,6.0,6.0,-1.2700250647133071
08-03,5.7425736466353925,2.78956392272566,-0.5975046782361884,-6.509256239933015,0.44080412040150174,-11.880564589744935,-22.36767429389019,-13.558615323736431,-0.7682471311620874,-2.334784890779951,8.963694369750778,21.89622676607471,5.0,7.0,-1.5153153601578964
08-04,5.082505105462533,4.3843817355040064,2.7502749813356813,-6.297223168256194,-0.3809550451853919,-11.880564589744935,-22.42459079392167,-9.294735896759024,-0.3842875845205058,-1.5854595426729785,8.444279739039311,21.651727583161897,5.0,7.0,-0.8278872897131061
08-05,3.13961428620664,3.7192611661417363,2.8788739328534536,-5.9635834111199495,-0.3809550451853919,-11.30877199827975,-19.089892005118717,-8.538587321800712,0.0,-2.178146220274368,8.444279739039311,22.563964444198948,5.0,7.0,-0.5594952027782341
08-06,1.5635655697769653,1.7867845625412653,4.454338963481281,-5.9635834111199495,-1.7142886207217258,-10.961532324729033,-19.92272922629543,-3.7201782989226446,0.33912642301224605,-2.178146220274368,8.139981827589619,22.364476407588,6.0,6.0,-0.4843486956728149
08-07,1.8354891710638224,0.6634536239911788,4.347829784981002,-6.905212557418017,-0.8222590595589201,-13.541672681458428,-20.78991229125623,-3.552681245473224,0.33912642301224605,-4.0062260728261485,6.875481754877289,22.644587687487753,6.0,6.0,-1.0759996218814731
08-08,2.6227326585355293,1.3181618553827514,4.347829784981002,-6.301203282202088,1.6300954983761526,-10.106720524220334,-21.363401121168856,-3.552681245473224,0.6358610324714986,-3.9215703528946935,5.696688099744791,22.45452607645304,7.0,5.0,-0.5449734600012027
08-09,0.9575946950658965,1.3181618553827514,0.5016730764139763,-6.670864674097564,0.44080412040150174,-10.479796915537932,-20.07435317026566,-5.450142739285236,0.6366707212668162,-4.512148332140229,5.786689318234693,23.06034405240687,7.0,5.0,-1.207113999346176
08-10,0.9575946950658965,0.4194109801337475,0.390841403800086,-6.859654973963611,1.5537600847057194,-8.898570829695485,-20.07435317026566,-7.707909322245897,1.5691299424535607,-5.003912003374472,6.741992691585812,23.06034405240687,7.0,5.0,-1.1542772041161191
08-11,0.9575946950658965,0.8428735210871681,-1.5495334331727093,-7.1337573195263975,0.5025120811725401,-8.898570829695485,-17.684545603814612,-10.331949094211227,1.3163459702136118,-4.184590174401934,6.8121922722301225,23.221980549359582,6.0,6.0,-1.3441206138077881
08-12,0.6126562388317366,2.5810342683921186,-2.8824751886097038,-7.9589202643795804,0.5025120811725401,-8.214061729256661,-16.927082660711502,-10.165285152552418,2.1017233323167224,-5.3797415587942075,6.8121922722301225,20.832205982529906,6.0,6.0,-1.5071035315692445
08-13,-5.315379293046822,2.406747928283236,-3.2402231065168987,-7.9589202643795804,0.3140715483369705,-9.736176065530367,-15.162458105218755,-9.59409680666507,1.2298516077905566,-5.3797415587942075,6.661650275097536,21.241563006599268,5.0,7.0,-2.044425902837011
08-14,-3.8596504612972864,-1.1522167173731472,-3.2402231065168987,-8.344025952673514,1.4321267116108962,-9.651315043292422,-14.721066034456804,-8.131069112918514,1.2298516077905566,-6.2895573947821495,7.064597583655108,21.009989294535433,4.0,8.0,-2.054379885476562
08-15,-3.659391292705197,-1.3365810020649425,-3.2402231065168987,-8.215665551434936,0.3795092854156539,-10.100374523589108,-15.041491261662603,-8.131069112918514,1.0178107374668872,-3.5452795732008053,6.725258783916205,21.24798158603168,4.0,8.0,-1.9916262526052142
08-16,-2.576600935968937,-1.3365810020649425,-3.4636919131080144,-7.9589202643795804,0.6353203891330568,-8.798018153610823,-13.394687682866811,-8.45469340874459,4.526919207295966,-3.5216712153191394,5.034593967119421,21.374867435690753,4.0,8.0,-1.4944302980686366
08-17,-2.576600935968937,-2.3086335920498557,-1.4246587883936217,-8.354756784555969,1.8136333083433682,-7.269386473438394,-13.394687682866811,-8.57605541310881,4.551040306602196,-6.725381649167875,5.6818182639182435,21.374867435690753,4.0,8.0,-1.4340668337496418
08-18,-4.9442900774501775,0.7096329566385546,0.37960787850810174,-12.500002365263699,0.6329137991299956,-7.269386473438394,-11.7075714624362,-6.648089253586623,3.667083972849164,-7.9692608229113935,7.124206958073403,20.435021951410143,6.0,6.0,-1.5075110782064278
08-19,-2.6027339098490385,0.5920572986070144,-3.0354074220839014,-18.12500471870117,0.6329137991299956,-7.574830223259982,-14.764396013102187,-4.813050999195788,3.373096309496078,-11.626937283089946,7.124206958073403,20.627198491199124,5.0,7.0,-2.5160739760647
08-20,-4.302566912729203,2.1326938442014733,-3.7831739747596695,-18.12500471870117,-1.3924067365379968,-7.7158618173213185,-9.424352830168331,-5.52244491630968,3.2537104332202937,-11.626937283089946,7.385302430727707,21.255386898384867,4.0,8.0,-2.3221379652569145
08-21,-4.019403405681281,1.6636998687748668,-4.1950101855015545,-18.1944507544425,-0.12602682991744255,-4.6235847095092355,-5.970900731740463,-6.1975178843484775,3.2537104332202937,-6.775411332379153,9.569024880172456,21.551719619742908,4.0,8.0,-1.172012585967465
08-22,-3.958337941655528,1.01674690954182,-4.1950101855015545,-17.815704288826492,0.8191563665933713,-3.4157829172100587,-2.5641037935237985,-6.1975178843484775,4.406925749229382,-16.67436800904955,11.266599219390052,20.97207578217424,5.0,7.0,-1.36161008276555
08-23,-3.4554249535108497,1.01674690954182,-4.5351540367889065,-20.87683352516323,-0.18903423558616209,-8.230197625398143,-2.4610737060445227,-7.516989778334977,2.3121365888462626,-15.203613778306543,12.329751186709268,20.887097576364962,4.0,8.0,-2.160215781472585
08-24,-3.4554249535108497,0.0,-3.0474093479246225,-20.387005907574,-2.344739491889809,-8.431498332991398,-2.4610737060445227,-5.414007394772179,3.8746930139701097,-16.001816736647456,11.243675442906904,20.887097576364962,3.0,9.0,-2.1281258198427384
08-25,-4.561159884122311,0.0,-0.1697831721334099,-19.51557567973385,-1.7002487540527405,-8.431498332991398,-1.958811615456288,-6.602251930652982,4.857145036969866,-16.425990138594358,10.727275501598012,21.31720468424305,3.0,9.0,-1.8719745237438667
08-26,-5.732050439361987,-0.967350898160504,0.9476035185796908,-18.449935172385462,-1.7002487540527405,-8.059523943257261,-1.4271698813126017,-6.533280508057243,5.999187424642527,-15.850914713682736,10.727275501598012,21.931695340847988,4.0,8.0,-1.5928927103835262
08-27,-6.963788467327786,-1.8585099536610343,0.4479278889816339,-18.449935172385462,-3.778333900953716,-8.919598426437386,-6.031909391999804,-8.688458315436321,6.454216709881437,-15.850914713682736,10.03636446866122,22.28434646753054,4.0,8.0,-2.6098827339024524
08-28,-3.2719805026585216,-1.907030284443868,-0.11261518865943786,-18.31275782075083,-4.2512694578906185,-8.695652957733477,-3.5411522136565408,-10.239196566804466,6.454216709881437,-16.25504650864422,9.277983867824737,21.59029285977069,3.0,9.0,-2.43868400531376
08-29,-4.843110815395453,-0.8254793900622632,-0.11261518865943786,-18.92636616801904,-4.3949018392733175,-9.367091633191995,-4.319765966232163,-10.239196566804466,6.333205099599142,-16.176466463346483,8.820321107516726,24.858297635968732,3.0,9.0,-2.432764182325001
08-30,-6.0731547849638785,-0.8254793900622632,-0.2252196377433789,-19.017973990808454,-1.6487014669288491,-8.812499046325684,-4.475383347661369,-7.805290039053824,6.935481315596838,-15.139258298444533,9.556191930058603,24.141690534509763,3.0,9.0,-1.9491330184855864
08-31,-6.0731547849638785,0.530650059537171,-2.2956317659612817,-18.77181122386164,-1.8903603837316256,-9.84226768704802,-4.475383347661369,-9.718011941906047,6.661315579173068,-18.318868618964533,7.324149613312381,24.141690534509763,4.0,8.0,-2.7273069972971675
09-01,-4.6238791364883705,-1.4970059196332408,0.1651110980712055,-17.88218230106227,-1.2523469375141492,-9.84226768704802,0.4972669240907515,-13.134465196745653,7.942236333728625,-15.827340350672564,7.424850051037636,25.395099205513954,5.0,7.0,-1.8862436597268408
09-02,-6.9014120357327,-1.9796036124519316,-1.9005039921053464,-19.21985114294144,-1.2523469375141492,-9.84226768704802,-4.339054609451596,-16.719531423115438,8.03678612749737,-14.846187598747596,7.424850051037636,25.441222592287087,3.0,9.0,-3.00815835569051
09-03,-5.9187930224118706,-2.984164243857658,-0.563382430815361,-19.21985114294144,-1.2523469375141492,-9.455223856977758,-8.713474298550794,-18.132366712771013,7.370116509581183,-14.846187598747596,7.424850051037636,26.19627467345357,3.0,9.0,-3.3412124175429376
09-04,-4.755433400589398,-5.726602945091966,0.2793253526597125,-19.21985114294144,-1.1278154829024898,-8.744532158123848,-2.663320084448581,-15.719355844676777,7.370116509581183,-14.846187598747596,6.4598557752046215,26.996502766655716,4.0,8.0,-2.641441521118405
09-05,-4.9146777186130794,-5.5965549483555455,0.2793253526597125,-20.05771862795024,-0.9287902295562044,-9.854702927737996,-4.898996252926769,-15.719355844676777,7.370116509581183,-12.003527500752082,7.048935197166424,27.10405589829252,4.0,8.0,-2.6809909244057386
09-06,-5.3461255984486025,-5.5965549483555455,0.2793253526597125,-17.89773062087043,0.0,-8.86392032283482,-5.111337131492478,-15.719355844676777,7.245794632149713,-11.943583167417545,8.56003132562461,27.10405589829252,4.0,8.0,-2.2741167021141373
09-07,-5.3461255984486025,-5.5965549483555455,-3.109096780419325,-18.28491098622701,-2.1144288196584067,-9.000003337860107,-5.111337131492478,-13.965745460016127,7.1285495724659205,-12.961330518122535,7.3806043893862,27.10405589829252,3.0,9.0,-2.823026976704624
09-08,-5.3461255984486025,-4.984800345247479,-3.0388238281827764,-17.22183783115936,-2.2415978974034045,-9.000003337860107,-5.111337131492478,-16.984558098860248,7.02594161731291,-13.576450446018724,6.535228360958668,27.10405589829252,3.0,9.0,-3.070025719842425
09-09,-8.121130948806197,-4.121213970762311,-3.9159965598446846,-16.97312951861368,-2.2415978974034045,-9.437501430511476,-4.607594164111948,-11.381752451318894,7.864268955505401,-14.128038926417858,6.535228360958668,27.53427868216001,3.0,9.0,-2.7495149890971984
09-10,-12.697326151124852,-5.051734073581167,-6.0726427006842965,-16.97312951861368,-4.109588227644323,-11.012662682199323,-4.058859368691766,-12.666078919464187,9.419150948381963,-14.128038926417858,5.9875846155303165,27.668726507531186,3.0,9.0,-3.641216541414832
09-11,-10.368352480112703,-5.782098831072763,-6.0726427006842965,-17.397453878483415,-0.8104685370731951,-11.562895306795335,-0.5081320117836927,-11.28608860376744,9.419150948381963,-14.613684422468722,6.265850819779946,27.749390074093753,3.0,9.0,-2.9139520774988252
09-12,-11.937244326158181,-6.299686576547265,-6.0726427006842965,-17.092197036954268,-1.2445598427974385,-11.966900763054788,6.75812958883069,-11.28608860376744,9.929351745486027,-15.907103929271967,6.127630669806485,30.088730948950854,4.0,8.0,-2.4085484021801324
09-13,-12.090160263531995,-6.299686576547265,-5.6753686286629454,-16.03904611287939,-1.628048032937773,-12.221509344096074,5.993852709304638,-8.398950240729754,10.898440913879263,-16.199652969442838,5.690466423128872,30.088730948950854,4.0,8.0,-2.1567442644637005
09-14,-12.090160263531995,-6.850146212559826,-7.479868856057178,-14.473692292217708,-1.7532857125198087,-12.868113251817586,5.993852709304638,-8.749454365944782,11.240760375576322,-16.381952622061338,5.654220577436488,30.088730948950854,4.0,8.0,-2.3057590804534933
09-15,-10.519125175809268,-6.032905425494497,-11.661807839570065,-12.956575679609607,-1.4357024698140062,-12.868113251817586,7.838118087937759,-8.045466452641085,10.904157250196917,-15.281379744601894,5.824886897811933,30.276952775810372,4.0,8.0,-1.9964134189667533
09-16,-9.558819170154175,-6.823811518941616,-9.294313846935001,-12.801099042394135,-1.4357024698140062,-13.316266918179446,6.704776629546398,-4.798624355452639,11.244673993527883,-12.60042110064744,5.824886897811933,28.475392945117694,4.0,8.0,-1.53161066304288
09-17,-8.283225085673015,-5.922276656640045,-9.279531225385172,-12.801099042394135,0.6866454881919407,-12.19822175485044,5.7406500568636245,-5.940598774468953,10.933857159036208,-12.60042110064744,4.992761183936315,28.771173032274145,5.0,7.0,-1.3250238933130811
09-18,-8.70432161471444,-6.457559792622174,-6.75675022593382,-13.214047248820195,-1.628048032937773,-13.581037361856973,5.047323705133937,-7.7967616845990575,10.933857159036208,-15.306557706652358,5.469033667155029,31.16428790861959,4.0,8.0,-1.7358817690160022
09-19,-6.855629551405936,-6.5886681644364735,-6.75675022593382,-12.781954004998608,-1.0578723056771338,-11.408540533621213,7.069677437258296,-7.7967616845990575,9.961094541999591,-17.370683822280494,5.646634248920872,31.648289822635547,4.0,8.0,-1.3575970201782022
09-20,-6.016998854904722,-6.5886681644364735,-7.995495822036643,-14.79944908490465,-0.9894857554557306,-11.415809778956788,7.259714289698378,-9.811650366201748,10.632517355243936,-17.509733209497227,5.370848285090144,31.648289822635547,4.0,8.0,-1.684660106977165
09-21,-6.016998854904722,-5.911336239847684,-8.089890987520151,-15.47037807902218,-1.3011214359523178,-11.132309265898288,7.259714289698378,-12.330562270843995,10.842429194515645,-16.255946239979107,5.950651021147832,31.648289822635547,4.0,8.0,-1.7339549204975866
09-22,-6.8018310297431,-4.706592430857449,-5.816560203254249,-17.494758294947776,-1.7423814061159546,-11.132309265898288,7.822079862327651,-13.239809418991154,9.807009968394654,-16.421147868525498,7.030126052624898,31.863401214569286,4.0,8.0,-1.7360644017014142
09-23,-7.4735457869954525,-4.012156941044261,-5.5061167759909155,-17.90731169519497,-1.7423814061159546,-10.877862653307544,8.750629753055764,-12.647699524732134,9.330704596372358,-20.06256410562348,7.030126052624898,31.863401214569286,4.0,8.0,-1.9378981060318663
09-24,-8.187927865352961,-4.060606522993608,-5.230943628133871,-17.90731169519497,-2.9869293799110963,-12.678802306602075,8.70228558610301,-14.951192524412198,8.972326556792325,-20.06256410562348,5.918219756807568,30.707175559677854,4.0,8.0,-2.6471892140702926
09-25,-7.613867319202053,-4.723929409842903,-5.28953681161809,-15.3089911531972,-2.6365352683482626,-11.270355043930525,7.359754414388024,-14.849292822577596,8.972326556792325,-22.162650481758952,3.9179777215249985,30.976066081760074,4.0,8.0,-2.719086128000848
09-26,-7.090303900604553,-4.339847542691498,-5.28953681161809,-13.797905850881493,-1.8204582713315327,-11.456307611265554,11.185913553347142,-14.849292822577596,7.707505590491784,-21.479186881563525,4.954788248773173,9.81446046238974,4.0,8.0,-3.871680986461
09-27,-6.8758392397904,-4.339847542691498,-2.672613998070562,-11.238996587434432,-1.0638302951425154,-9.63391155684242,10.770030014444046,-14.849292822577596,9.244028777429902,-18.78868188469985,7.344424110433004,9.81446046238974,4.0,8.0,-2.690839213546049
09-28,-6.8758392397904,-3.667472198879095,-2.7636761633912554,-8.748319116889862,-1.4383961571516926,-10.413969293044193,10.770030014444046,-11.154681397990926,10.42486078118307,-19.281917040985245,7.93650400464094,9.81446046238974,4.0,8.0,-2.1165346121220736
09-29,-3.671563468237297,-2.360771058363712,-3.5215264930627517,-11.058026494310047,-0.9962630929808736,-10.413969293044193,13.423517252227018,-10.847603266131337,10.941771083879363,-17.54923484436244,8.333332191481906,0.9411091342975556,4.0,8.0,-2.2316023623839008
09-30,-6.80134174587515,-1.4563093312173492,-4.402518398171737,-11.898215271316733,-0.9962630929808736,-8.279429041480206,12.764863938031182,-10.67073545571844,10.677695721368972,-17.910446886412533,8.333332191481906,1.3713319181650474,4.0,8.0,-2.4390029545104936
10-01,-8.316293528861486,-1.0185744209357162,-6.730772135276758,-11.898215271316733,0.18679190718836491,-7.138261370174233,10.08359648234676,-7.787760502638987,11.132889561374867,-17.910446886412533,8.010055783096096,1.344447481750945,5.0,7.0,-2.5035452416549515
10-02,-5.882350638912874,1.6071343016458377,-8.013746885546304,-10.591471567354562,1.9716555998135663,-5.893906951867117,10.917483562927202,-9.426585721730932,11.132889561374867,-17.51536282199171,7.448325703372206,1.1831100913055363,6.0,6.0,-1.9219021472470232
10-03,-9.628608130696673,0.12083716819911475,-8.013746885546304,-11.188322573072892,0.24953782790956625,-7.671963028216207,8.81285993911514,-9.426585721730932,11.054487140425346,-16.74067664800593,5.059629977123535,1.6402173115871306,6.0,6.0,-2.9776944685757587
10-04,-8.731239742796769,0.12083716819911475,-6.18202613711883,-10.926700367995613,0.6180493175747201,-7.620323131121867,14.278753605325704,-7.949608546114835,8.520896315896195,-15.340154726768699,4.90266986868379,1.6402173115871306,6.0,6.0,-2.222385755387496
10-05,-8.731239742796769,-3.9275018479961763,-5.758256948773012,-11.390629720262874,1.3011096184262647,-7.476641344851445,14.278753605325704,-5.3563705898535465,5.53014538834809,-15.593070605029455,5.8718201637274055,1.6402173115871306,5.0,7.0,-2.4676387260123893
10-06,-7.708049974095968,-1.2500059604647482,-7.208239484430994,-10.51903444863071,2.209948373964892,-7.476641344851445,14.03509261144093,-6.014042539901724,5.285062095189472,-16.03731929651289,5.669177883489129,1.5057746148760889,5.0,7.0,-2.2923564558273304
10-07,-5.643500781612581,-1.247777734838193,-5.305652065733349,-9.383560614819446,2.209948373964892,-7.409884140663018,12.475446165929586,-3.11150060369152,3.755279613276627,-18.727276541969992,5.669177883489129,1.9359973987435812,5.0,7.0,-2.0652752539936907
10-08,-6.879775868647172,1.1169931305174767,-5.144148218990356,-9.383560614819446,3.9287984102384685,-6.9920809802866195,12.091181849148953,-2.9779910737401383,3.4293028980150733,-18.727276541969992,4.9156828058103565,1.9897765288920504,6.0,6.0,-1.8860914729859453
10-09,-6.57802367314638,2.038441350696093,-5.20362025120903,-8.424654178759061,1.9135827470198856,-6.0281286010307085,12.360092956100907,-3.4243646552998497,3.4293028980150733,-18.545454198663887,5.142859050205776,1.236889221454006,6.0,6.0,-1.8402564445514316
10-10,-7.627118187458428,2.038441350696093,-5.20362025120903,-8.327647090759461,1.1022676424785347,-5.7448205834129595,12.765954307010816,-3.4243646552998497,2.159188021851012,-18.23129522384316,5.372492821995392,1.4519954847276193,6.0,6.0,-1.972377196935285
10-11,-7.627118187458428,2.038441350696093,-5.486421360923433,-7.713311562217518,1.4696862966285715,-5.277220759928708,12.765954307010816,-4.464675770570512,1.905168276675041,-18.27664773734813,4.87106234468208,1.4519954847276193,6.0,6.0,-2.0285906098355433
10-12,-7.627118187458428,2.7955709965257816,-5.656108499654563,-6.436312971094752,1.4678884741199627,-5.20694733298412,12.765954307010816,-4.031210738959948,1.858895363918008,-18.98148291231998,4.289836135098317,1.4519954847276193,6.0,6.0,-1.942419990089274
10-13,-5.64971892200318,4.239254188995218,-3.3688961227488656,-7.181943905293747,0.3710542093957385,-5.20694733298412,14.410055600871994,-3.1855350223865098,0.9721028897702428,-17.480242626093613,4.1516299429764745,1.3175527880165778,6.0,6.0,-1.3843028592903157
10-14,-6.615056846304411,3.7572233941942947,-2.307258507880237,-8.068966043406519,0.3710542093957385,-4.272365573298341,16.01338608629294,-5.460019111206705,1.5552787935872041,-15.177756803318546,4.1516299429764745,1.0217727008601276,6.0,6.0,-1.2525898131756648
10-15,-5.571226691473856,4.029940869999098,-3.0218185943961946,-8.068966043406519,1.793444406213592,-6.136209387010558,11.925702521466526,-7.029878582511475,1.2231084748064254,-15.177756803318546,4.548737163096481,1.209994527719639,6.0,6.0,-1.6895773449012814
10-16,-2.72346614269632,3.171852550292295,-3.0795029018183246,-9.517242168558056,2.7177302010090916,-4.627770228833227,11.95334836536607,-7.029878582511475,1.2231084748064254,-17.866909666701698,5.3635699578454,1.2906683516024755,6.0,6.0,-1.5937076491831117
10-17,-3.8108677413236838,3.6165278875281848,-3.0795029018183246,-10.089841127879682,3.538736983712475,-3.6437245139864514,12.271419923715234,-7.029878582511475,0.8435211442998188,-15.446782918721256,5.827334447279854,0.967993570711658,6.0,6.0,-1.336255319082804
10-18,-3.8108677413236838,3.6165278875281848,-0.5599018516445915,-9.675187233550355,2.6845612981608458,-7.489882815174567,12.271419923715234,-8.655532924180797,0.5061110776817838,-16.793891756811085,6.546761671841893,0.967993570711658,6.0,6.0,-1.6993240744204563
10-19,-3.8108677413236838,4.822044482829867,-0.4479278889816339,-10.347227529611256,3.4650493742389448,-8.588958570749696,12.271419923715234,-8.831283869370084,0.9251522891110529,-16.069830474786368,4.651997942567139,0.967993570711658,6.0,6.0,-1.7493698743040689
10-20,-4.940012741681058,3.581738596264087,0.8305626963784982,-10.270648935339423,3.8158698104608426,-8.588958570749696,10.34649400786896,-7.736016270484719,0.7993291140032768,-14.966291791937325,4.857863753129383,0.967993570711658,7.0,5.0,-1.7751730634479597
10-21,-3.541076515952128,4.649824698018646,1.5258892687994667,-9.28473442236294,3.8158698104608426,-7.975460601289378,8.54783980494836,-5.934067610855942,1.2992513217142283,-13.487129035937695,4.857863753129383,0.1882218268595111,7.0,5.0,-1.2781423085389705
10-22,-5.0786842732141935,5.071221813896236,3.1669257746492576,-9.28473442236294,2.5439132069738952,-10.06848818456341,6.341459692978277,-6.560994004995557,1.5879693408655935,-13.487129035937695,4.46204259667354,0.4840019140159614,7.0,5.0,-1.7352079650850862
10-23,0.2121689244489648,4.810986765665277,3.3743929201507448,-7.977990718400767,2.689489716639821,-8.668945329918595,5.828075541750926,-4.761906334651496,1.5879693408655935,-13.442762449976525,4.8352449060914315,0.3764436537190222,8.0,4.0,-0.9280694219679668
10-24,-0.2109685823336464,3.540329188678297,3.3743929201507448,-7.671041024142064,1.833747758049337,-11.218836098581662,7.809520903087798,-4.761906334651496,0.5850371410908727,-12.007093613043999,4.989236419760187,0.4302227838674918,7.0,5.0,-1.1089465448390117
10-25,1.0416640451660168,3.540329188678297,4.12426595938461,-7.162533946732433,3.4798459728567277,-9.931031588850349,6.019416253184046,-5.584411198596852,2.117061957872377,-12.046636156774836,6.502321220817617,0.4302227838674918,8.0,4.0,-0.6224571257606072
10-26,1.0416640451660168,4.294833376542955,3.3998977051807318,-3.9889953592003833,3.9072003811902816,-9.028725753466317,6.019416253184046,-4.1280520290003775,-1.4900687608660057,-12.592589514486288,7.2370724938016275,0.4302227838674918,7.0,5.0,-0.4081770315071853
10-27,1.3194415653928535,4.246663332782616,1.4046473563849449,1.4373719581231872,2.9593067975109446,-9.028725753466317,6.407765390196764,-5.281089417772883,-0.6188103133111298,-6.843457822507743,6.570915255439863,0.026884436414102382,8.0,4.0,0.21674273209893416
10-28,-0.9845245219372252,1.1689114892167365,0.5393763566968097,0.20790496196141525,2.9593067975109446,-10.396713515646033,4.631890552598231,-6.576161071183837,-0.9987505795267918,-6.207478979834492,6.570915255439863,-0.13445295403130636,6.0,6.0,-0.7683146840613072
10-29,-1.6005601791394592,1.2280759481669654,5.2715640837124935,0.20790496196141525,1.417999703902339,-9.57162850745816,5.818541741730896,-6.300210550323722,-1.251569265761468,-6.207478979834492,5.2064658638361285,0.5377707868441662,7.0,5.0,-0.4369270326969082
10-30,0.4146538943293287,2.0313429528060167,3.889785545388869,0.20790496196141525,3.540897434359781,-5.083654850658222,3.7273185465011434,-5.056410652075702,-1.251569265761468,-5.10203585134164,4.556784192568199,0.1882218268595111,8.0,4.0,0.1719365612447692
10-31,0.7565313408929842,2.5404188326233266,3.889785545388869,0.6896578032394935,5.423127317334718,-8.698455809609253,3.812736652310309,-5.056410652075702,-1.4184403935233536,-0.33571096920764515,2.0393616694588794,0.1882218268595111,8.0,4.0,0.3192352636410114
11-01,3.0893218773715763,2.5404188326233266,4.3219942437434895,-0.7565313408929842,5.197132003909039,-9.689922767163736,4.5498031311029115,-5.181779169680857,-1.2932890370101238,8.456659755854531,0.21482085673756388,0.1882218268595111,8.0,4.0,0.969737517787854
11-02,3.0893218773715763,2.8290980355189728,4.700166550381259,0.8281565731855212,5.253732026512943,-6.257822457109122,4.5498031311029115,-4.5131630168532135,-0.4145873575528117,6.435226095500022,0.8176308179813687,0.1882218268595111,9.0,3.0,1.4588153419082446
11-03,3.290803985858976,3.4642054967762284,2.9572886569476844,1.2286645473614208,3.7014543302254816,-6.257822457109122,4.741378404738484,-5.148603938926518,-0.455489076973563,6.12766184705369,0.2859182452283221,-0.13445295403130636,8.0,4.0,1.150083923929148
11-04,2.8206854708521845,4.628568376813616,3.2311070382939406,2.4932606587241795,3.7014543302254816,-1.126409952015499,4.645590767920696,-3.543144600163989,-1.072608215085979,7.0766652121861116,0.2859182452283221,-0.026894693734367203,8.0,4.0,1.9261827199370585
11-05,3.8512673387769607,6.9217755236407115,0.2224638998724686,2.4932606587241795,4.247571776146707,-0.9386709813965468,2.49520371380179,-2.2974069540144946,0.7695444712345335,7.0766652121861116,1.1436729809132886,-0.7797820011724117,9.0,3.0,2.1004638032261083
11-06,6.205099522546173,5.86906912233866,-0.3917162369155303,2.628034631487138,3.640773328043373,1.7283992188819028,1.1335704248734044,-3.639444100275044,0.7695444712345335,6.65543360968464,1.7155094713699333,-0.9948985217662901,9.0,3.0,2.1099479117919078
11-07,2.2651575443261587,6.81563876734129,-0.3917162369155303,1.7520230876580918,5.003013357878613,2.995114342981377,1.522600019635573,-3.639444100275044,0.08100630753767323,6.192078043500565,0.4671187967049405,0.2420009570079807,10.0,2.0,1.9420492406151408
11-08,1.1455530629782351,6.81563876734129,0.055960987197496606,1.3577719991888912,5.875302625783236,4.300424156899351,-0.8551312045799395,-2.285234594607684,-0.5271738399012077,5.43615268884721,0.6132759036976073,0.2420009570079807,9.0,3.0,1.847878459154372
11-09,1.1455530629782351,6.256977406442683,-0.056339317644146125,1.6326515253891136,6.130945393287358,5.44583449189645,-0.8551312045799395,0.4178870881505908,-0.24252007476745036,6.3525460656381485,0.14295571419982225,0.2420009570079807,9.0,3.0,2.217780092333237
11-10,1.2129400493597144,4.772601948108764,-0.3934777471715704,3.2410565989914235,5.625366117359363,5.44583449189645,-1.3078482890228147,3.9983381202408137,-1.218518386816952,6.969831063064338,0.6401148641668688,0.3764436537190222,9.0,3.0,2.4468902069912852
11-11,3.1417130068873007,5.5429837405004765,-1.1129703426912296,3.5016864943151385,5.625366117359363,4.248947476797919,-2.3930816461778837,6.688826883108609,-0.6053253203141014,6.45299253631645,0.6401148641668688,1.3175527880165778,9.0,3.0,2.7540672165237905
11-12,6.6403696669870875,7.182622906111289,0.0,3.5016864943151385,5.026925463413832,5.766940136467283,1.0484322746993306,8.499175261530937,0.47903766682448295,6.45299253631645,1.9203445925006064,0.967993570711658,11.0,1.0,3.9572100474898417
11-13,4.908377049128147,8.929564886506414,0.611114501953125,3.973064898530982,3.679129429940888,4.256594875041223,1.6137150582722422,9.251644852934946,0.47903766682448295,4.9572643859938985,2.952548787563202,0.5377707868441662,12.0,0.0,3.8458189316278095
11-14,4.04172020464085,8.472689032968956,0.611114501953125,3.1593408302874373,2.623547086725598,4.588798726191249,0.0,9.251644852934946,0.15967668421935075,5.2386977909647445,4.128762450405098,0.0,10.0,2.0,3.5229993467742795
11-15,3.9164454291609214,8.472689032968956,1.3888888888888888,4.873027131216686,0.0,4.867785430606895,2.307320576039863,9.292764215629528,1.1937892840398936,4.829901908125714,3.5575915836409013,0.0,10.0,2.0,3.725016956693187
11-16,3.9164454291609214,9.47603518579691,1.6483578672154242,2.6952338363904844,-1.0631649701522,6.275899965941008,2.307320576039863,6.361741487871562,1.5372537804332802,3.692695040772007,3.6350957474326466,0.0,10.0,2.0,3.3735761622418257
11-17,4.373368731334253,8.958568459075947,3.3861220642742134,4.403797846375992,-0.9999990463256836,6.275899965941008,2.798240445209049,4.648235938075704,0.3591386851791625,4.329552950850217,3.024975733802565,0.0,10.0,2.0,3.4631584811493688
11-18,2.862851478499915,7.167034986609272,1.1679593427093984,4.209096434669358,-0.9999990463256836,5.150970771603292,5.3639797744304385,7.284208598889803,1.3391105189490846,5.755691145360898,3.024975733802565,0.0,10.0,2.0,3.527156644933195
11-19,2.4832207720256214,8.077998335984494,0.8998866211084269,4.209096434669358,-0.4999995231628418,5.269386748432337,12.416848478020325,5.60200730900459,-0.4007954752034747,5.755691145360898,2.7787580268985135,0.0,9.0,2.0,3.8826749060948544
11-20,5.512324106771446,8.975063713900651,1.1223280528389097,4.005425779015331,0.12438095683188442,6.39809848179335,17.32382987282369,5.720253843805115,-0.4007954752034747,6.211180222334462,4.464599522983218,0.0,10.0,1.0,4.954724089824549
11-21,5.5412408826403015,9.426676637312703,1.1223280528389097,7.053392811093652,-0.25000572204589844,6.863904577490102,14.21098584562765,5.720253843805115,-2.1242435394396106,5.035376434648785,2.300069402922266,0.0,9.0,2.0,4.574998268907831
11-22,5.60205988743204,9.426676637312703,1.1223280528389097,3.4343448874131317,-2.946829264984677,7.260923595827207,16.362092091458376,4.551148717600758,-3.059582223080853,6.008226873711068,2.7503549712929236,0.0,9.0,2.0,4.209312018901798
11-23,5.60205988743204,9.867690564533156,3.1215237269803815,2.976993155160556,-4.039087101962133,5.984435075492658,16.362092091458376,5.550918090677077,-4.8959561174413135,3.750524259658554,0.7553924109202985,0.0,9.0,2.0,3.753048836909137
11-24,5.730839697047203,10.131436792336846,4.243440733427207,1.9687710174157895,-2.8332295017588933,5.984435075492658,17.042074423558002,4.229473856902682,-7.573219643648215,3.630226217661726,2.8178909977442363,0.0,9.0,2.0,3.78101163884827
11-25,5.911947188274149,11.331129985492401,4.189944223370775,1.298704938970385,-2.8332295017588933,6.5230356590888645,18.02300667230717,4.668607513840602,-5.0122228865039,2.017164501048223,2.8178909977442363,0.0,9.0,2.0,4.077998274322836
11-26,4.16132921442085,11.37987704260098,3.0589502283832584,1.298704938970385,-3.1551882370749644,7.520567874377675,16.94337837810406,2.3430940371572273,-4.8840080498342004,2.017164501048223,2.6417753297785027,0.0,9.0,2.0,3.610470438161
11-27,2.9182866863726376,11.80631216200468,2.2982054030567607,0.8202316105290599,-2.569046756870253,6.302522210994892,18.025206494538327,2.3839385130147233,-4.8840080498342004,0.8583642151915002,3.562691513497507,0.0,9.0,2.0,3.4602253335413033
11-28,2.399480439224538,12.283552564898882,2.2982054030567607,0.6835296014182434,-1.38800825274234,6.470945732904687,19.882052901688713,2.3839385130147233,-4.9654099953453565,-2.159827249412903,3.311020242753957,0.0,8.0,3.0,3.4332899917883246
11-29,2.2092277128207227,12.283552564898882,2.746635464838178,0.6114140689893948,-0.6261704829264532,9.096179766390684,17.519510415190766,2.8439996215616072,-6.066864417973695,0.4718949185891053,3.4810117880715734,0.0,9.0,2.0,3.714199285037564
11-30,2.2092277128207227,12.012983594943545,-0.9090900224102624,1.498639390022644,-1.125705489382843,9.30635680739372,17.519510415190766,4.5967420285899845,-4.969455228582729,0.6869976319067884,4.233726688952881,0.0,8.0,3.0,3.754994460787101
12-01,1.4295013783041266,10.818228513994136,-1.5981665067411492,2.9093326066997367,-0.18587786728634625,9.30635680739372,15.351253643379225,5.143093072282103,-2.971886676526153,1.071581658026369,3.9985948105800784,0.0,8.0,3.0,3.772667620008821
12-02,0.6497750437875308,9.961471977668591,-1.7064803092291696,3.3670032805111227,-0.18587786728634625,9.364156088598882,15.17779740268076,4.720138023838671,-3.295359920490411,-0.3042142291522279,3.9985948105800784,0.0,7.0,4.0,3.4789170251256234
12-03,1.8818946445462084,9.714591751481047,-2.9782387458777886,3.3670032805111227,0.0,9.132942426072598,14.63730316054918,2.8899289644377983,-1.6006387442730885,-0.3042142291522279,3.3321668022193216,0.0,7.0,4.0,3.3393949425428477
12-04,3.6222536755169417,10.472057912195316,-2.9782387458777886,3.771046499874064,0.4337032061420881,11.862467381060696,14.490861575456725,2.6001650759085764,-1.6006387442730885,2.7379446408021573,2.209754693291853,0.0,9.0,2.0,3.968448097508128
12-05,4.851228966037536,10.32608509739762,-2.9782387458777886,4.107748112334997,0.5617986892395775,12.784090632003204,16.1777392175559,2.6001650759085764,-1.640655666935863,1.8687540238963176,3.4641266096498216,0.0,9.0,2.0,4.3435701676008245
12-06,4.7279764383141645,10.32608509739762,-2.9209636633680236,3.1713854455654014,1.3622248826685308,12.21591207729877,17.354316818312107,3.9215609754828455,-1.2404940727556961,2.92347505797282,1.950358615351505,0.0,9.0,2.0,4.482653139353337
12-07,4.7279764383141645,11.413045788081744,-2.8636885808582586,-0.4078886435153096,1.4796533987554723,12.908680898526795,17.354316818312107,3.8363156592190633,-1.9568680239716545,4.071242949867549,1.916255889564921,0.0,8.0,3.0,4.37325354935805
12-08,3.1735737333873666,11.08695136126127,-1.604577461632782,0.4688589890669195,1.6615412785456731,12.908680898526795,17.864741480435153,2.67175217474549,-0.3157060900723181,4.487727923914073,2.2976369913164056,0.0,9.0,2.0,4.55843177329117
12-09,2.6640727221576217,13.507852733914586,-3.2313875845801263,1.1310717186575692,1.6615412785456731,12.232244105362627,17.012092228048402,3.802279744948729,-0.8274271030943012,4.20382082034298,2.2976369913164056,0.0,9.0,2.0,4.5378164713016815
12-10,2.173912497179185,12.942423261713214,-1.0982690314262713,1.1310717186575692,1.6000014085036058,12.308560555400907,16.342407766743705,3.4482824999805497,-2.4829830047364427,4.20382082034298,2.0148518336031533,0.0,9.0,2.0,4.3820066938301805
12-11,4.180276458403761,11.128860895484918,-0.2292206672200345,2.5282775861087656,0.8642054963191705,11.898014012366753,18.344714361936155,3.36700815110568,-2.4829830047364427,2.972394387551549,0.3935621014272699,0.0,9.0,2.0,4.413759148228961
12-12,5.188068656139307,10.986663818359377,-0.2292206672200345,4.0897090488092545,0.3683325347994509,14.453780776298355,13.288887871636286,3.36700815110568,-1.6419697985046906,2.898544008372172,0.21337614331540455,0.0,9.0,2.0,4.415265045259214
12-13,5.9807092846847825,10.986663818359377,-1.318048895016694,5.391187986638026,3.141985343724984,16.139770883324534,13.481149051138429,1.6414115567825949,-1.9176968800181728,5.616094376823013,0.2523420886870366,0.0,9.0,2.0,4.949630717927327
12-14,5.9807092846847825,10.400004069010418,-0.5178374967419784,5.920623644682664,1.820383770592248,15.953306959829373,13.481149051138429,3.3990745637250144,2.162804316983188,4.257130735392929,-0.10826664610869204,0.0,9.0,2.0,5.229090187765698
12-15,6.495178241114255,11.96808559207046,-2.9947164317014097,7.558134090555693,2.0581122467711888,15.953306959829373,14.456755795252755,3.5416682561238613,6.782945937014613,4.537742571188472,0.2158254229820148,0.0,10.0,1.0,5.881086556766774
12-16,6.02564430174108,10.495477744585193,-2.2222172648509675,7.1382182912879095,2.0581122467711888,16.84268911351333,10.393009608789463,4.366074817392585,6.022679024475826,4.780030414304534,0.2158254229820148,0.0,10.0,1.0,5.509628643416011
12-17,6.076280011843562,10.383390264336368,-0.6968690128828002,7.1382182912879095,2.300248532600074,16.031393418663665,12.16565857505425,2.6094311164178645,5.912295124327162,4.780030414304534,-0.4676297542552744,0.0,9.0,2.0,5.519370581808111
12-18,7.637994776704931,10.755505217739463,-1.4628437552245614,6.2297212696481035,0.9726434042032164,14.974762129662269,13.390553794191346,2.8955121119039764,5.912295124327162,4.780030414304534,-1.382324740920788,0.0,9.0,2.0,5.391987478878305
12-19,8.922878623149536,9.999996972462425,-1.4628437552245614,5.562740327006656,2.877695044690047,17.422564335302187,13.327709698148189,2.8955121119039764,7.204385617187825,5.619903457554291,-4.283052522129329,0.0,9.0,2.0,5.673957492504269
12-20,9.212197143266726,9.999996972462425,-3.510827244661377,4.435748914285644,-0.36877359713749996,19.25566597738753,13.836482564474581,2.769617496958287,6.2698407772657365,3.837771724392868,-2.9119091041837724,0.0,8.0,3.0,5.235484302042597
12-21,9.212197143266726,9.153436916158302,-2.1965380628525426,5.08038554445634,0.4869137079739012,18.01752420927813,13.836482564474581,1.829788532662899,7.030632649434702,5.7180247693906425,-4.16823374139231,0.0,9.0,2.0,5.333384519404281
12-22,10.038119102169544,8.64722034551038,-4.0911679171263176,5.555553501993228,0.4263075182641408,18.01752420927813,13.291404719460205,1.3588097884973025,9.104881969708547,6.151831774514111,0.1799249469662382,0.0,10.0,1.0,5.723367496602959
12-23,8.617364219624264,8.6106763963948,-2.538952890909893,5.677420093167213,0.4263075182641408,17.96276366665939,10.67463702756575,1.1894676115361371,7.8621177509301114,4.654252047504142,0.1799249469662382,0.0,10.0,1.0,5.276331532308523
12-24,7.802339404005643,7.851456298596282,-2.70115650004149,5.677420093167213,1.5225334886626012,20.01079184798823,10.537829760925908,3.1489351962475065,7.826418412292223,4.654252047504142,0.32385804110428823,0.0,10.0,1.0,5.554556507537712
12-26,7.133595175273834,8.771008382315994,-2.9377892335886715,5.598956223305578,0.6748387003161986,17.94166326468593,9.776412075615962,3.0251346623119195,7.826418412292223,2.5754880635719624,0.6437711148821496,0.0,10.0,1.0,5.085791403415256
12-27,6.036745998103415,8.771008382315994,-2.9377892335886715,4.488444677382987,-0.8615347055288461,17.021281140188623,10.287709483039523,3.0251346623119195,8.171962181605004,0.8900705905761017,3.034533787646435,0.0,9.0,2.0,4.827297247004373
12-28,6.036745998103415,8.928575006281028,-3.2967013570966825,5.573772993244108,-1.0442264688194791,18.07628761847123,10.287709483039523,2.8181035237492185,7.4347987843752446,1.0190498243075825,1.8407095850041484,0.0,9.0,2.0,4.806235415888279
12-29,7.020995478307099,6.192782107857537,-5.183455944634679,6.18489472981307,-2.047145822119871,18.07628761847123,9.415866596015503,2.054800672275056,8.046421249560517,2.0686590121428097,-1.5750927369699088,0.0,8.0,3.0,4.187917746726531
12-30,8.132726150339405,5.358126848167547,-6.997089152368687,5.446193806898972,-2.047145822119871,18.905472899096093,8.529542677793742,4.492022286031834,7.195638039669887,0.8908719650006212,-1.5750927369699088,0.0,8.0,3.0,4.027605580128303
12-31,9.338524817982414,1.4148273849494757,-8.503197891585504,5.446193806898972,-2.419350926454321,20.867209876778052,10.908301625009628,3.6078115481218966,7.698258188594352,0.8908719650006212,-1.7948779932623782,0.0,8.0,3.0,3.954547700169434
