,2010,2011,2012,2013,2014,2015,2016,2017,2018,2019,2020,ups,downs,avg
01-02,-3.750002384185791,-15.384613049563036,14.45086689270034,4.536390187632353,16.27634636884235,-22.83236858795289,6.212302398738241,14.635761472291206,-14.232790050082158,11.559353647064304,-68.05554905546066,6.0,5.0,-5.144027469088704
01-03,-3.750002384185791,-15.384613049563036,14.45086689270034,4.536390187632353,16.27634636884235,-22.83236858795289,8.957843909868162,14.635761472291206,-15.097250638452428,11.559353647064304,-75.95190652691676,6.0,5.0,-5.690870791697472
01-04,-3.750002384185791,-15.384613049563036,14.45086689270034,4.536390187632353,16.27634636884235,-17.32229308853981,8.957843909868162,18.1082756855892,-11.561568699778139,11.559353647064304,-63.51480804777231,6.0,5.0,-3.4222007798311243
01-05,-3.750002384185791,-15.384613049563036,15.17341299361948,8.37320589445572,20.26021908132871,-17.32229308853981,8.957843909868162,18.1082756855892,-9.069070651517064,11.559353647064304,-98.37775912176217,6.0,5.0,-5.5883115530583884
01-06,-3.750002384185791,-10.912796139938907,15.823703106304645,8.37320589445572,20.26021908132871,-17.32229308853981,4.918033702225133,18.1082756855892,-9.75975998336652,11.559353647064304,-98.37775912176217,6.0,5.0,-5.552710872802316
01-07,-10.625004768371582,-13.156551980646784,15.823703106304645,8.37320589445572,20.26021908132871,-16.77018870641613,5.854800962920718,17.076244849963352,-9.75975998336652,11.559353647064304,-98.37775912176217,6.0,5.0,-6.3401579107750665
01-08,-12.5,-13.156551980646784,15.823703106304645,8.37320589445572,20.26021908132871,-11.517972633230587,-0.062229179040079435,17.076244849963352,-9.75975998336652,10.977501351161914,-71.471165809924,5.0,6.0,-4.177891391181239
01-09,-15.937495231628418,-13.156551980646784,15.823703106304645,8.37320589445572,18.0414280445344,-9.854502222685603,-1.7721501872853251,17.076244849963352,-9.75975998336652,10.977501351161914,-76.56089244389331,5.0,6.0,-5.159024436644176
01-10,-15.937495231628418,-13.156551980646784,15.823703106304645,5.943030233535893,9.441235803115749,-12.457685142593999,-1.7721501872853251,17.076244849963352,-10.060067163875594,12.994570567273447,-77.93667154414095,5.0,6.0,-6.367439699088907
01-11,-15.937495231628418,-13.105556424448011,15.823703106304645,5.943030233535893,8.482993148194442,-12.22973240736712,-1.7721501872853251,19.263800838156897,-17.092659486341848,12.994570567273447,-57.9329147599304,5.0,6.0,-5.051128236685074
01-12,-12.5,-13.105556424448011,15.823703106304645,4.441124033619588,8.482993148194442,-12.22973240736712,0.50632862493869,25.398770450464283,-15.444620532831664,-1.7695071390567867,-60.405162311246464,5.0,6.0,-5.527423586493492
01-13,-12.5,-14.992343371764354,15.823703106304645,4.441124033619588,8.482993148194442,-16.216219873477048,6.039846485745678,23.522011703443514,-12.636503380559775,-1.7695071390567867,-60.405162311246464,5.0,6.0,-5.4736415998905965
01-14,-12.5,-14.992343371764354,16.827583312988278,4.441124033619588,8.482993148194442,-21.38320868264936,4.3119865912306485,23.522011703443514,-12.636503380559775,-1.7695071390567867,-57.2744057427705,5.0,6.0,-5.724569957029482
01-15,-12.5,-14.992343371764354,14.10256088045604,4.441124033619588,3.2862079015834214,-20.363896493034535,4.3119865912306485,23.522011703443514,-12.636503380559775,-1.7695071390567867,-57.564572723999966,5.0,6.0,-6.378448363462021
01-16,-12.5,-14.992343371764354,14.10256088045604,4.441124033619588,3.896105599211999,-16.76056441133211,6.293266069186819,23.522011703443514,-12.636503380559775,-2.0473192552836075,-64.2307745211225,5.0,6.0,-6.446585150376764
01-17,-12.5,-14.992343371764354,14.10256088045604,4.441124033619588,6.7990858132022325,-24.428571973528186,6.056782429288199,23.522011703443514,-13.700782595656989,-6.6240329071235164,-73.04964662356291,5.0,6.0,-8.215801146511486
01-18,-12.5,-14.992343371764354,14.10256088045604,1.7948737511268027,8.097927232815664,-24.428571973528186,6.056782429288199,23.761755530877604,-13.201627986983366,-6.6240329071235164,-77.91665880216523,5.0,6.0,-8.713575928818214
01-19,-12.5,-14.992343371764354,4.88505963684466,-1.4359009571564505,9.963102306026704,-24.428571973528186,6.056782429288199,23.761755530877604,-15.129503912233528,-5.7544199153818205,-96.32184250758907,4.0,7.0,-11.445080248601474
01-20,-12.5,-6.821404950613169,5.244256407396511,-1.4359009571564505,9.963102306026704,-24.428571973528186,8.391166509124888,23.761755530877604,-15.129503912233528,-5.7544199153818205,-96.32184250758907,4.0,7.0,-10.4573966784615
01-21,-5.882352941176469,-6.821404950613169,5.244256407396511,-1.4359009571564505,9.963102306026704,-24.468076328032037,4.731861084854149,23.761755530877604,-15.129503912233528,-5.7544199153818205,-96.32184250758907,4.0,7.0,-10.192047834820688
01-22,-5.882352941176469,-6.821404950613169,5.244256407396511,-1.4359009571564505,9.963102306026704,-24.26205761167686,5.150751827226801,23.761755530877604,-15.129503912233528,-5.7544199153818205,-87.88235608269184,4.0,7.0,-9.368011845400225
01-23,-6.194685485538923,-5.670098762046746,5.244256407396511,-2.6998985025134528,11.913361204034093,-21.845708420848023,3.6432155837091815,23.761755530877604,-15.129503912233528,-13.275941756641323,-86.13054089784546,4.0,7.0,-9.671253546513642
01-24,-6.194685485538923,-5.670098762046746,5.244256407396511,-2.6998985025134528,11.913361204034093,-29.36802873814281,3.6432155837091815,23.761755530877604,-14.592542495739815,-13.275941756641323,-73.90830317182086,4.0,7.0,-9.195173653311505
01-25,-6.194685485538923,-5.670098762046746,-2.2556404994929973,-7.009347691726871,11.913361204034093,-29.36802873814281,3.6432155837091815,16.86520133260889,-14.592542495739815,-13.275941756641323,-56.63900252792936,3.0,8.0,-9.32577362153697
01-26,-6.194685485538923,-2.6241774223908427,-4.962404796594521,-6.022844411354668,11.913361204034093,-29.36802873814281,3.6432155837091815,15.047019731850677,-14.592542495739815,-13.275941756641323,-56.63900252792936,3.0,8.0,-9.370548283158026
01-27,-6.194685485538923,-1.9212738729169545,-6.402440243253826,-6.022844411354668,11.913361204034093,-29.36802873814281,3.6432155837091815,15.047019731850677,-13.139607919967025,-13.275941756641323,-56.63900252792936,3.0,8.0,-9.305475312377355
01-28,6.489677474675026,-1.9212738729169545,-6.402440243253826,-6.022844411354668,11.913361204034093,-25.353166166868068,3.6432155837091815,19.917256917041485,-13.139607919967025,-13.275941756641323,-61.825724334908635,4.0,7.0,-7.816135229677338
01-29,5.014751287375874,-1.9212738729169545,-6.402440243253826,-6.022844411354668,9.293680429191738,-27.211902252706412,3.6432155837091815,19.917256917041485,-13.139607919967025,-13.275941756641323,-60.82474936307827,4.0,7.0,-8.26635050932729
01-30,5.014751287375874,-1.9212738729169545,-6.402440243253826,-6.022844411354668,11.710035922678495,-25.43988401530716,3.6432155837091815,19.917256917041485,-13.139607919967025,-13.275941756641323,-61.32368416121536,4.0,7.0,-7.930946969986478
01-31,5.014751287375874,-1.9212738729169545,-6.402440243253826,-6.022844411354668,11.710035922678495,-21.554248580518028,3.6432155837091815,21.985817081885127,-13.550224056232928,-2.165920316786702,-54.150203141112975,4.0,7.0,-5.764848613320672
02-01,5.014751287375874,-1.9212738729169545,-10.137194628865483,-6.022844411354668,13.754642780894505,-22.271382084328298,3.6432155837091815,19.018402287695128,-13.550224056232928,-4.03661791775794,-58.67346824580859,4.0,7.0,-6.834726661599107
02-02,5.014751287375874,-1.9212738729169545,-11.51468912758916,-0.7268919417690047,13.754642780894505,-22.271382084328298,3.6432155837091815,19.018402287695128,-9.602024416231405,0.7148542612955487,-69.38997466010554,5.0,6.0,-6.661851809270012
02-03,11.04972352402569,-1.9212738729169545,-11.51468912758916,-0.7268919417690047,13.754642780894505,-19.985250400335726,3.6432155837091815,19.018402287695128,-10.391664344231707,0.7148542612955487,-69.38997466010554,5.0,6.0,-5.977173264484367
02-04,10.786001615172967,-4.466860320881638,-12.828445555770676,-0.7268919417690047,13.754642780894505,-22.69985050472097,3.6432155837091815,19.018402287695128,-10.391664344231707,0.7148542612955487,-72.3311456308421,5.0,6.0,-6.866158342677159
02-05,7.831326270245317,-4.466860320881638,-12.828445555770676,-1.2461047158154368,13.754642780894505,-22.978087836074696,3.6432155837091815,19.018402287695128,-10.391664344231707,0.7148542612955487,-84.64961962290506,5.0,6.0,-8.327121928349051
02-06,7.831326270245317,-4.466860320881638,-12.828445555770676,-6.6739566057334185,11.710035922678495,-18.716977677255304,13.94472522857933,19.018402287695128,-10.075801143662128,0.7148542612955487,-80.51669027583772,5.0,6.0,-7.278126146240642
02-07,7.831326270245317,-4.466860320881638,-12.828445555770676,-6.9474753977599075,11.710035922678495,-18.716977677255304,13.94472522857933,19.018402287695128,-5.927042120980835,-0.27799719609149576,-76.43242913323482,4.0,7.0,-6.644794335706947
02-08,7.831326270245317,-4.466860320881638,-12.828445555770676,-6.307775344816265,10.781370205681963,-17.300519919632492,13.94472522857933,22.807020381302422,1.2158100526660096,-0.27799719609149576,-87.80207690302765,5.0,6.0,-6.582129372885923
02-09,9.036144370661717,-4.466860320881638,-12.828445555770676,-6.307775344816265,10.34352508415483,-17.300519919632492,13.505022664740947,22.222222841893622,2.3780124532543607,-2.0614399094587608,-87.1559540718338,5.0,6.0,-6.603278882517107
02-10,9.036144370661717,-4.466860320881638,-18.699188252593416,-6.307775344816265,10.34352508415483,-15.287100775996478,10.643716808683504,26.72176049438477,-1.2441607844393805,-2.0614399094587608,-87.1559540718338,4.0,7.0,-7.134302972921356
02-11,9.036144370661717,-4.466860320881638,-18.699188252593416,-6.307775344816265,7.134765594483263,-15.287100775996478,10.643716808683504,25.484762450020604,-4.093376272973753,-2.0614399094587608,-87.1559540718338,4.0,7.0,-7.797482338609548
02-12,9.036144370661717,1.0013624043254377,-18.699188252593416,-6.307775344816265,7.28576942941329,-17.524238689109563,9.606703733914662,26.09890524481029,-4.093376272973753,-2.0614399094587608,-91.9999964096967,5.0,6.0,-7.9688299723202825
02-13,9.638556293382845,3.8461574135948764,-18.699188252593416,-6.307775344816265,7.28576942941329,-17.524238689109563,9.606703733914662,26.09890524481029,-4.093376272973753,-2.7676040440449268,-107.10659210418194,5.0,6.0,-9.092971144782172
02-14,9.638556293382845,3.8461574135948764,-18.699188252593416,-6.307775344816265,7.28576942941329,-14.701604740996904,11.153354277504373,26.09890524481029,-4.093376272973753,-2.7676040440449268,-89.76742989440606,5.0,6.0,-7.119475990102331
02-15,9.638556293382845,6.631299488717594,-18.699188252593416,0.3059733371927539,4.001508022276737,-14.701604740996904,11.153354277504373,26.09890524481029,-9.15492813606626,-2.7676040440449268,-89.77012173378868,6.0,5.0,-7.023986385782325
02-16,9.638556293382845,6.631299488717594,-18.699188252593416,-6.0683252915393675,4.001508022276737,-14.701604740996904,11.153354277504373,22.834196363891028,-9.15492813606626,-2.7676040440449268,-79.06724241562598,5.0,6.0,-6.927270766826752
02-17,9.090909090909092,6.631299488717594,-18.699188252593416,-6.0683252915393675,4.001508022276737,-14.701604740996904,13.296225160086946,22.834196363891028,-9.15492813606626,-2.7676040440449268,-79.06724241562598,5.0,6.0,-6.782250432271407
02-18,9.090909090909092,7.454232571976411,-18.699188252593416,-6.0683252915393675,4.001508022276737,-15.120531131824755,13.296225160086946,22.834196363891028,-8.717430382253973,-2.7676040440449268,-79.06724241562598,5.0,6.0,-6.705750028067473
02-19,9.090909090909092,8.04444207085505,-14.599691081378365,-6.0683252915393675,-0.596664795229338,-15.120531131824755,13.296225160086946,22.834196363891028,-8.717430382253973,-2.7676040440449268,-81.03070653569121,4.0,7.0,-6.875925506929076
02-20,9.090909090909092,8.04444207085505,-14.599691081378365,-1.3768411117362134,-0.596664795229338,-11.102998570881724,13.296225160086946,22.834196363891028,-8.717430382253973,-6.023604235323211,-76.28415118292095,4.0,7.0,-5.948691697634697
02-21,9.090909090909092,8.04444207085505,-14.599691081378365,-1.3768411117362134,-0.596664795229338,-8.082976762817221,3.3103416705953665,22.834196363891028,-8.717430382253973,-6.023604235323211,-84.34284755161826,4.0,7.0,-7.314560611282368
02-22,9.090909090909092,8.04444207085505,-9.54616817308158,-1.3768411117362134,-1.1521613321401731,-8.082976762817221,3.3103416705953665,23.579548194634967,-13.226455982579818,-6.023604235323211,-62.872922215057656,4.0,7.0,-5.295989889612853
02-23,9.090909090909092,8.04444207085505,-12.449800919525911,6.621886074909011,-1.7585876045515956,-8.082976762817221,3.3103416705953665,24.268020067970784,-13.226455982579818,-7.651612093879112,-73.61602083031448,5.0,6.0,-5.949986838038986
02-24,9.090909090909092,11.555557250976562,-13.45218660361184,6.621886074909011,-1.7585876045515956,-8.082976762817221,-2.5819950281157444,24.268020067970784,-13.226455982579818,-7.651612093879112,-73.61602083031448,4.0,7.0,-6.257587492827669
02-25,9.090909090909092,10.0,-18.143456112392247,6.621886074909011,-1.7585876045515956,-4.652778430853392,-2.5819950281157444,24.268020067970784,-13.226455982579818,-7.651612093879112,-67.84452749311704,4.0,7.0,-5.988963410154551
02-26,9.090909090909092,8.133332994249132,-18.143456112392247,6.621886074909011,-1.7585876045515956,-0.0675691131956507,-2.5819950281157444,24.268020067970784,-13.226455982579818,-7.651612093879112,-65.29411989099842,4.0,7.0,-5.509967963424961
02-27,9.090909090909092,8.133332994249132,-18.143456112392247,6.352269290448892,-3.1175010592569588,2.7722778011177938,-2.5819950281157444,24.268020067970784,-13.226455982579818,-7.651612093879112,-56.19048192117248,5.0,6.0,-4.57224481388188
02-28,9.090909090909092,8.133332994249132,-18.143456112392247,6.577056381427225,-2.1377632750821816,2.7722778011177938,-2.510457830171476,17.342341689260053,-17.46362026658998,-3.7851050741839862,-57.85715275070342,5.0,6.0,-5.271057941105453
02-29,0.0,0.0,-18.143456112392247,0.0,0.0,0.0,-2.510457830171476,0.0,0.0,0.0,-51.9512235118406,0.0,3.0,-6.600467041309482
03-01,9.090909090909092,10.0,-16.79324647305496,6.577056381427225,1.8606465126516776,2.7722778011177938,-2.510457830171476,20.00000000000001,-14.51835945286196,-3.7851050741839862,-54.78260550214391,6.0,5.0,-3.8262622314827714
03-02,9.090909090909092,10.0,-16.79324647305496,3.696593665789448,1.2350576144661969,2.7722778011177938,-2.510457830171476,20.00000000000001,-14.171864400865186,-3.7851050741839862,-54.78260550214391,6.0,5.0,-4.11349464619427
03-03,3.878789959531853,10.0,-24.125566153267695,-0.8040193491417253,1.2350576144661969,2.7722778011177938,-4.551915864493858,20.00000000000001,-11.204865663880591,-3.7851050741839862,-65.71428368339106,5.0,6.0,-6.572693673931188
03-04,3.878789959531853,10.0,-24.125566153267695,-0.8040193491417253,-0.5577664841463094,7.939510006098839,-13.584635778155814,20.00000000000001,-11.204865663880591,-3.7851050741839862,-60.86956671971386,4.0,7.0,-6.646656841532662
03-05,3.878789959531853,10.0,-24.125566153267695,-0.8040193491417253,-0.5577664841463094,8.609696142825367,-13.584635778155814,20.00000000000001,-11.204865663880591,-3.7851050741839862,-57.407399994301464,4.0,7.0,-6.270988399520032
03-06,3.878789959531853,10.0,-24.125566153267695,-0.8040193491417253,-0.5577664841463094,8.263933313420804,-13.584635778155814,20.00000000000001,-11.204865663880591,-3.7851050741839862,-48.57142857142857,4.0,7.0,-5.4991512546592745
03-07,3.878789959531853,10.0,-24.125566153267695,-0.8547012645079326,0.11867359901362508,5.851415786263077,-13.584635778155814,20.00000000000001,-11.998642683518908,-3.7851050741839862,-38.35615946217995,5.0,6.0,-4.805084642818702
03-08,3.878789959531853,10.0,-24.125566153267695,3.0449543347192694,0.11867359901362508,5.851415786263077,-13.584635778155814,18.528613087321755,-14.038066451585363,-3.7851050741839862,-28.936174227782477,6.0,5.0,-3.913372810738706
03-09,3.878789959531853,10.0,-24.125566153267695,3.0449543347192694,0.11867359901362508,5.851415786263077,-12.588900791352954,16.512264979052933,-8.59959442584818,-3.7851050741839862,-28.936174227782477,6.0,5.0,-3.5117492739867764
03-10,3.878789959531853,10.0,-24.125566153267695,4.7935464808285495,0.11867359901362508,7.955292801527082,-14.461316059530793,16.512264979052933,-8.76954424546371,-3.7851050741839862,-25.638307434987308,6.0,5.0,-3.047388286134495
03-11,3.878789959531853,7.777777777777778,-29.34579812425628,4.7935464808285495,0.11867359901362508,5.9829049646930335,-21.113521998570388,16.512264979052933,-8.76954424546371,-3.7851050741839862,-25.638307434987308,6.0,5.0,-4.508029010596717
03-12,-17.48147893834996,7.777777777777778,-29.34579812425628,4.7935464808285495,0.11867359901362508,6.140349974028152,-19.88430958185484,16.512264979052933,-8.76954424546371,-3.7851050741839862,-15.66666497124566,5.0,6.0,-5.417298920423035
03-13,-18.51851851851852,1.3314345102390517,-29.34579812425628,4.7935464808285495,-1.3449372759214226,5.694916288731463,-17.338993555712904,16.512264979052933,-10.095170991340908,-4.924709022589792,-20.670395764194165,4.0,7.0,-6.718760090334727
03-14,-18.51851851851852,1.3314345102390517,-29.34579812425628,4.7935464808285495,-1.7474206859607326,4.551723085600754,-17.338993555712904,19.073569085777155,-10.095170991340908,-4.924709022589792,3.106802355075533,5.0,6.0,-4.464866852805281
03-15,-18.51851851851852,1.3314345102390517,-31.43400288275917,4.7935464808285495,-1.3449372759214226,5.140507142948653,-17.338993555712904,17.71117129393593,-10.095170991340908,-4.924709022589792,2.2526982864966536,5.0,6.0,-4.766088593853988
03-16,-18.51851851851852,10.366144717057127,-31.43400288275917,4.7935464808285495,2.8072828299843167,5.140507142948653,-20.87756394460482,15.242613550626206,-13.18830438716768,-4.924709022589792,2.2526982864966536,6.0,5.0,-4.39457324979077
03-17,-18.51851851851852,10.366144717057127,-31.43400288275917,4.7935464808285495,2.8072828299843167,5.140507142948653,-20.87756394460482,15.242613550626206,-13.18830438716768,-4.924709022589792,-2.5465252488776877,5.0,6.0,-4.8308662984611646
03-18,-18.51851851851852,6.752258820398798,-31.43400288275917,4.7935464808285495,2.8072828299843167,0.6854035669902928,-20.87756394460482,15.242613550626206,-13.18830438716768,-4.924709022589792,18.661636251705676,6.0,5.0,-3.6363961141005583
03-19,-18.51851851851852,6.752258820398798,-31.43400288275917,0.8068347354352612,-2.048554611818397,-2.5477682502587173,-13.729650139214204,15.242613550626206,-13.18830438716768,-4.924709022589792,1.85365444276391,4.0,7.0,-5.6123769330093
03-20,-18.51851851851852,6.752258820398798,-31.43400288275917,0.8068347354352612,-2.048554611818397,-6.298657721971071,-13.729650139214204,15.242613550626206,-13.18830438716768,-4.924709022589792,8.520597578738833,4.0,7.0,-5.347281145349066
03-21,-18.51851851851852,6.752258820398798,-31.43400288275917,0.8068347354352612,-0.378066053824899,-7.006367750177017,-13.729650139214204,16.2974649162517,-22.201832062607536,-4.924709022589792,7.988725131979468,4.0,7.0,-6.031623893238718
03-22,-18.51851851851852,6.752258820398798,-31.43400288275917,3.3697156846521876,1.8903591137153293,-7.006367750177017,-11.818825638842,16.2974649162517,-22.201832062607536,-4.924709022589792,15.748708620731685,5.0,6.0,-4.713249883613121
03-23,-18.51851851851852,6.752258820398798,-31.43400288275917,8.944543584109297,1.8903591137153293,-7.006367750177017,-13.658877111607389,14.029535737638954,-14.862382521323118,-4.924709022589792,15.748708620731685,5.0,6.0,-3.9126774482164497
03-24,-18.51851851851852,6.752258820398798,-36.62388940014075,8.944543584109297,1.8903591137153293,-4.529372527525113,-11.606513305308942,18.7032426069547,-17.614676099304784,-4.924709022589792,5.077454030968794,5.0,6.0,-4.7681655197491795
03-25,-18.51851851851852,6.752258820398798,-32.821497612793976,8.944543584109297,1.0586036996937582,-4.964537520049156,-11.606513305308942,21.20912102041827,-17.614676099304784,-4.924709022589792,7.1794886006980905,5.0,6.0,-4.11876694120427
03-26,-18.51851851851852,6.973431303011378,-32.821497612793976,10.37566919273773,1.0586036996937582,-0.4964517229106789,-13.616717058643069,21.20912102041827,-17.614676099304784,10.297105456740523,11.437905594032367,6.0,5.0,-1.9741840677760902
03-27,-18.51851851851852,6.973431303011378,-39.15546923064112,9.156838618847852,2.6775728140464974,-1.347514718035036,-13.616717058643069,21.20912102041827,-17.614676099304784,10.297105456740523,23.753670404990658,6.0,5.0,-1.4713778188261233
03-28,-18.959109493654253,6.973431303011378,-32.452825062128284,9.156838618847852,2.640383416096248,-1.719196063483818,-13.616717058643069,21.20912102041827,-14.828211349131514,10.541311293273992,26.398210306737514,6.0,5.0,-0.4233420971505172
03-29,-18.959109493654253,6.973431303011378,-36.842101838658024,11.604712275241322,2.640383416096248,-1.719196063483818,-14.481269541133573,21.20912102041827,-15.334538262621296,10.907612285157382,22.648905105670252,6.0,5.0,-1.0320045267232827
03-30,-18.959109493654253,6.973431303011378,-35.672512336883116,11.604712275241322,-13.776619055896404,-1.719196063483818,-16.458492147672523,23.574512851572013,-14.502713505263284,-8.635234759597887,22.648905105670252,4.0,7.0,-4.0838468933596666
03-31,-18.959109493654253,6.973431303011378,-39.20000076293945,11.604712275241322,-13.776619055896404,-0.2865326772473052,-22.773048557757804,23.574512851572013,-14.502713505263284,-9.177058466849346,24.764888642082898,4.0,7.0,-4.70523067706366
04-01,-26.394053837007647,-0.14231824835905132,-39.20000076293945,11.604712275241322,-15.384610921191351,-1.0028677861045143,-22.773048557757804,24.728648384743977,-14.502713505263284,-9.177058466849346,24.67532757060843,3.0,8.0,-6.142543986807156
04-02,-26.394053837007647,-0.14231824835905132,-39.20000076293945,11.604712275241322,-18.237348565714623,0.5014304773132982,-23.315261537243234,24.728648384743977,-14.502713505263284,-10.074815634056934,29.752068330368534,4.0,7.0,-5.934513874810644
04-03,-26.394053837007647,-0.14231824835905132,-39.20000076293945,8.70786777716738,-23.29390785197657,-2.5887530765165607,-23.315261537243234,24.728648384743977,-14.502713505263284,-8.18627503687307,26.35192957380989,3.0,8.0,-7.075894374587056
04-04,-26.394053837007647,-0.14231824835905132,-32.338307843975876,9.831462179135004,-26.715461983209753,-5.075758227084756,-23.315261537243234,24.728648384743977,-14.00791978943201,-8.18627503687307,22.700425716981982,3.0,8.0,-7.174074565665856
04-05,-26.394053837007647,-0.14231824835905132,-32.338307843975876,9.831462179135004,-30.475748281724094,-6.692306811992938,-23.315261537243234,22.685407377047905,-14.00791978943201,-23.710759563097426,21.70940173726858,3.0,8.0,-9.350036783580071
04-06,-26.02231229225235,-1.2333976746814386,-30.547260065273075,10.543429565107678,-27.708621857546483,-6.692306811992938,-30.38493060242459,22.685407377047905,-14.00791978943201,-30.591717118296362,21.70940173726858,3.0,8.0,-10.204566139315917
04-07,-26.02231229225235,-1.2333976746814386,-30.547260065273075,9.364704805261931,-27.708621857546483,-3.461536994347192,-30.38493060242459,22.685407377047905,-14.00791978943201,-31.60404944775605,17.606833329271375,3.0,8.0,-10.483007564739268
04-08,-26.02231229225235,-1.2333976746814386,-30.547260065273075,9.364704805261931,-27.708621857546483,-1.4328776553823703,-30.38493060242459,22.685407377047905,-14.00791978943201,-31.60404944775605,14.537449486771992,3.0,8.0,-10.57761888324241
04-09,-26.02231229225235,-1.2333976746814386,-30.547260065273075,9.364704805261931,-29.924958533953834,-1.4328776553823703,-30.38493060242459,22.685407377047905,-14.00791978943201,-31.60404944775605,12.88288518947276,3.0,8.0,-10.929518971761194
04-10,-26.02231229225235,-1.861572197831832,-30.547260065273075,9.364704805261931,-25.466413005911107,-1.4328776553823703,-30.38493060242459,22.685407377047905,-14.00791978943201,-31.60404944775605,7.2410629963520865,3.0,8.0,-11.094196352509222
04-11,-26.02231229225235,-1.861572197831832,-14.886162853834465,9.364704805261931,-25.995312121294152,-3.1770050515161135,-30.38493060242459,17.983515440602638,-14.00791978943201,-29.82352761661305,3.8022866425770228,3.0,8.0,-10.455294148796087
04-12,-26.02231229225235,-1.861572197831832,-16.415256012886704,3.1674166923025577,-24.192058208828787,-2.943398817530232,-30.38493060242459,20.988851671602074,-14.00791978943201,-46.08954813942978,8.000001040371982,3.0,8.0,-11.796429696030874
04-13,-26.02231229225235,-1.861572197831832,-14.81809276652869,3.1674166923025577,-24.192058208828787,-2.943398817530232,-15.445976217063745,20.988851671602074,-14.00791978943201,-42.61127681084073,8.000001040371982,3.0,8.0,-9.97693979054834
04-14,-26.02231229225235,-1.861572197831832,-14.81809276652869,3.1674166923025577,-24.192058208828787,-2.943398817530232,-15.445976217063745,20.988851671602074,-14.00791978943201,-42.61127681084073,10.909089175137607,3.0,8.0,-9.712477232842378
04-15,-24.48418451827149,-1.861572197831832,-14.81809276652869,3.1674166923025577,-24.192058208828787,-2.649510828607255,-41.637014239104474,24.36194981840801,-14.00791978943201,-42.61127681084073,19.190135716422244,3.0,8.0,-10.867466102937495
04-16,-19.87620598971748,0.6205301354700007,-14.81809276652869,3.1674166923025577,-24.192058208828787,0.3007515885668495,-36.88735958416849,27.716187190499912,-14.00791978943201,-49.436200208438684,11.42857035476498,5.0,6.0,-10.544034598682712
04-17,-14.167815852966244,0.6205301354700007,-14.81809276652869,3.1674166923025577,-24.192058208828787,0.526320657854586,-37.00516551707327,27.716187190499912,-14.00791978943201,-47.33762481191579,8.742635723402215,5.0,6.0,-10.068689686110504
04-18,-14.167815852966244,0.6205301354700007,-14.81809276652869,9.549720362481194,-24.192058208828787,-2.0801268666081434,-37.00516551707327,27.716187190499912,-14.00791978943201,-47.33762481191579,8.051693696127712,4.0,7.0,-9.788242948070376
04-19,-14.167815852966244,0.6205301354700007,-14.81809276652869,9.549720362481194,-25.52496143471065,-2.0801268666081434,-37.00516551707327,27.426536502713933,-18.473176030074704,-47.33762481191579,8.051693696127712,4.0,7.0,-10.341680234825876
04-20,-14.167815852966244,0.6205301354700007,-14.81809276652869,9.005441748003449,-25.52496143471065,-2.0801268666081434,-37.00516551707327,23.86464346166637,-18.473176030074704,-47.33762481191579,8.051693696127712,4.0,7.0,-10.714968567146359
04-21,-14.167815852966244,0.6205301354700007,-9.139305156475368,9.005441748003449,-25.52496143471065,-2.0801268666081434,-33.75959243551681,23.86464346166637,-16.600650105724945,-47.68329285577647,13.618298032691328,4.0,7.0,-9.258802848177043
04-22,-14.167815852966244,5.919564010941443,-6.034480915908799,9.005441748003449,-24.218387588189287,-3.3127913739640733,-33.75959243551681,19.189668929782048,-16.600650105724945,-47.68329285577647,14.341846703134856,4.0,7.0,-8.847317248744076
04-23,-16.491230747155978,5.877039308712036,-6.034480915908799,9.005441748003449,-23.611756387704247,-3.3127913739640733,-32.22507104995888,19.189668929782048,-16.600650105724945,-45.102644446706655,16.007904188524453,4.0,7.0,-8.481688259281963
04-24,-16.491230747155978,5.449594632121656,-6.034480915908799,9.005441748003449,-23.611756387704247,-3.3127913739640733,-33.13305353428439,19.189668929782048,-15.772419862854973,-45.01758819223702,22.74509547261809,4.0,7.0,-7.907592748325841
04-25,-16.491230747155978,5.449594632121656,-7.329844239020755,9.005441748003449,-23.611756387704247,-6.51310313650526,-33.13305353428439,19.63490662143833,-12.603528780358749,-44.02110471266057,14.851484587584956,4.0,7.0,-8.614744904412872
04-26,-16.491230747155978,0.2270714957753516,-7.329844239020755,5.255025583628032,-23.611756387704247,-6.51310313650526,-33.13305353428439,18.967045837852602,-12.603528780358749,-44.02110471266057,16.504852211501234,4.0,7.0,-9.340875128084793
04-27,-16.491230747155978,-2.724797316060828,-7.329844239020755,-1.030400641482309,-23.611756387704247,-6.51310313650526,-35.10273390984908,21.619288108798052,-7.382064109716022,-45.643144472663316,16.504852211501234,2.0,9.0,-9.791357694532593
04-28,-16.491230747155978,-2.724797316060828,-7.329844239020755,-1.030400641482309,-23.611756387704247,-9.134230378018618,-38.44177785790386,24.935396982758373,-7.382064109716022,-45.643144472663316,15.533983998456328,2.0,9.0,-10.119987742591931
04-29,-15.789473684210524,-2.724797316060828,-7.329844239020755,-1.030400641482309,-23.611756387704247,-9.134230378018618,-38.44177785790386,25.608194288732378,-7.382064109716022,-45.643144472663316,6.868680582862663,2.0,9.0,-10.782783110471403
04-30,-15.789473684210524,-4.1780202414554175,-7.329844239020755,-1.030400641482309,-23.611756387704247,-0.6617587969791525,-38.44177785790386,25.76660713377648,-7.382064109716022,-45.643144472663316,6.748464881722459,2.0,9.0,-10.141197128694245
05-01,-15.789473684210524,-4.1780202414554175,-7.329844239020755,-1.030400641482309,-28.39632016142525,-0.07309411538344862,-38.44177785790386,25.76660713377648,-7.382064109716022,-46.424306849870646,8.13253430235325,2.0,9.0,-10.46783276948532
05-02,-5.095542678049946,-4.1780202414554175,-11.169282100440213,-1.030400641482309,-28.39632016142525,-0.07309411538344862,-38.44177785790386,25.76660713377648,-7.814188118557534,-46.424306849870646,12.148594713982446,2.0,9.0,-9.518884628800881
05-03,-5.095542678049946,-2.179834388091908,-11.518321906023814,-1.030400641482309,-27.938930675301428,-0.07309411538344862,-38.44177785790386,25.76660713377648,-25.48197723460356,-46.424306849870646,16.26794105544279,2.0,9.0,-10.559058014317422
05-04,-5.095542678049946,-2.179834388091908,-8.638741429517834,-1.030400641482309,-27.938930675301428,-0.07309411538344862,-24.14383237280045,25.04258635179925,-25.48197723460356,-43.26530752966761,16.26794105544279,2.0,9.0,-8.77610305978695
05-05,-1.5384615384615383,-2.179834388091908,-7.67888404460433,-1.030400641482309,-27.938930675301428,-2.1929768301762755,-22.688352305572945,27.510203147421073,-25.48197723460356,-43.26530752966761,13.39712578070108,2.0,9.0,-8.462526932712704
05-06,-1.5384615384615383,-2.179834388091908,-3.263601251444193,-1.030400641482309,-28.091605928369695,0.7102299858777631,-22.688352305572945,27.510203147421073,-25.48197723460356,-43.26530752966761,15.18481941067311,3.0,8.0,-7.648571661247437
05-07,-1.5384615384615383,-12.5,-3.263601251444193,-7.367338054700911,-27.58796368704001,-2.272725117600642,-22.688352305572945,25.999999046325684,-25.48197723460356,-43.26530752966761,15.0,2.0,9.0,-9.542338879342338
05-08,-1.5384615384615383,-12.5,0.8368153087155392,-7.367338054700911,-27.58796368704001,-5.113638287856582,-19.616030644948157,25.999999046325684,-25.48197723460356,-46.511622087938214,16.000003814697283,3.0,8.0,-9.352746669619131
05-09,-1.5384615384615383,-12.5,0.8368153087155392,-7.0582217929077276,-27.58796368704001,-7.599429691918491,-19.616030644948157,25.999999046325684,-21.214573316857553,-46.511622087938214,16.000003814697283,3.0,8.0,-9.162680417303017
05-10,-1.5384615384615383,-12.5,0.8368153087155392,-7.315817039963897,-28.81182785658766,-7.599429691918491,-19.616030644948157,25.999999046325684,-16.842104125170255,-44.44444070674386,13.934432156333814,3.0,8.0,-8.899715008401714
05-11,-1.5384615384615383,-12.5,-1.979350242477032,-7.315817039963897,-28.81182785658766,-7.599429691918491,-23.94123189996985,23.541665077209476,-16.842104125170255,-44.19013130706653,13.934432156333814,2.0,9.0,-9.749296042551995
05-12,-1.5384615384615383,-12.5,-1.979350242477032,-7.315817039963897,-28.81182785658766,-7.599429691918491,-23.94123189996985,14.88867886821328,-16.842104125170255,-44.19013130706653,15.983610481896687,2.0,9.0,-10.349642213773206
05-13,-1.5384615384615383,-7.347332933178367,-0.5942330227954731,-7.315817039963897,-28.81182785658766,-7.599429691918491,-21.521182285824672,14.88867886821328,-17.31707383261152,-44.19013130706653,19.499998092651385,2.0,9.0,-9.258801140685769
05-14,-1.5384615384615383,-7.347332933178367,-0.5942330227954731,-7.315817039963897,-27.995918410222572,-12.713067979775062,-21.521182285824672,16.400912329570367,-17.31707383261152,-44.19013130706653,13.83974996067706,2.0,9.0,-10.026596005422928
05-15,-1.5384615384615383,-7.347332933178367,5.348048630914689,-2.524470762340034,-27.995918410222572,-11.363639134513447,-21.521182285824672,16.400912329570367,-20.447149192264984,-44.19013130706653,10.989010528354395,3.0,8.0,-9.47184673409388
05-16,-1.5384615384615383,-7.347332933178367,5.348048630914689,-2.524470762340034,-27.995918410222572,-11.340935427952141,-21.521182285824672,16.400912329570367,-20.447149192264984,-44.19013130706653,7.700417484029979,3.0,8.0,-9.768745764799618
05-17,-1.5384615384615383,-7.347332933178367,10.871307637642795,2.404316934720271,-28.913818968985254,-11.340935427952141,-21.521182285824672,16.400912329570367,-19.593494390573028,-46.25000482513813,7.700417484029979,4.0,7.0,-9.01166145310452
05-18,-1.5384615384615383,-12.331498895061452,10.871307637642795,-1.5211059178441655,-30.984464694184823,-11.340935427952141,-21.521182285824672,16.400912329570367,-19.593494390573028,-56.996806988623064,7.700417484029979,3.0,8.0,-10.986846607934703
05-19,-1.5384615384615383,-12.331498895061452,10.871307637642795,-3.4500026702880686,-30.984464694184823,-8.48787119492803,-19.659578039291056,16.400912329570367,-4.734780763550562,-56.996806988623064,7.5949298325033965,3.0,8.0,-9.39239227133382
05-20,-1.5384615384615383,-11.275968170481903,10.871307637642795,-3.4500026702880686,-30.984464694184823,-12.333826299844365,-16.120907648131812,16.400912329570367,-5.9035253747737295,-56.996806988623064,-1.7316001231106877,2.0,9.0,-10.278485776426075
05-21,-1.5384615384615383,-11.275968170481903,10.871307637642795,-3.4500026702880686,-43.473322829565646,-9.453469250940957,-16.120907648131812,19.305186604373365,-5.9035253747737295,-56.996806988623064,-1.23734142215041,2.0,9.0,-10.843028331945543
05-22,16.923076923076927,-19.3633928098928,10.871307637642795,-5.349998474121094,-42.18222559256269,-9.097629442238796,-16.120907648131812,19.305186604373365,-5.9035253747737295,-56.996806988623064,-3.3487294106556713,3.0,8.0,-10.114876779627869
05-23,16.923076923076927,-19.3633928098928,14.468428349329296,-5.349998474121094,-41.381252443757006,-7.248517078811022,-16.120907648131812,19.305186604373365,-8.04260216993657,-56.996806988623064,-13.186810538037875,3.0,8.0,-10.63578147950288
05-24,16.923076923076927,-19.3633928098928,15.827341804034633,-6.8458439577911285,-48.705886392032426,-7.248517078811022,-16.120907648131812,19.305186604373365,-8.04260216993657,-56.996806988623064,-6.404957293519684,3.0,8.0,-10.697573546113961
05-25,16.923076923076927,-22.91057823763222,15.827341804034633,-6.8458439577911285,-51.3772427049629,-7.248517078811022,-22.869566212529726,16.62269447973543,-11.144695275647928,-51.66665764012006,-6.404957293519684,3.0,8.0,-11.917722290378881
05-26,16.923076923076927,-15.54944947842401,15.827341804034633,-6.8458439577911285,-51.3772427049629,-7.248517078811022,-22.869566212529726,17.922083240821433,-11.144695275647928,-50.64377988564558,-6.404957293519684,3.0,8.0,-11.037413629036275
05-27,20.118341392163643,-25.10411275891461,15.827341804034633,-6.8458439577911285,-51.3772427049629,-7.9141986582536425,-22.869566212529726,17.922083240821433,-9.165117786382918,-50.64377988564558,-4.933201628911093,3.0,8.0,-11.362299741488357
05-28,20.118341392163643,-25.10411275891461,15.827341804034633,-6.8458439577911285,-56.62507860871664,-10.6980259086823,-16.00985024964658,17.922083240821433,-9.165117786382918,-50.64377988564558,-14.208823468723947,3.0,8.0,-12.312078744316725
05-29,20.118341392163643,-28.153570275395108,15.827341804034633,-6.8458439577911285,-60.63376511553463,-7.207889129502326,-16.00985024964658,17.922083240821433,-9.165117786382918,-50.64377988564558,-2.6026049533406,3.0,8.0,-11.58133226511083
05-30,20.118341392163643,-28.153570275395108,15.827341804034633,-6.8458439577911285,-54.15204691408285,-7.207889129502326,-16.00985024964658,17.922083240821433,-9.165117786382918,-50.64377988564558,-0.281696598310735,3.0,8.0,-10.781093487248864
05-31,20.118341392163643,-28.153570275395108,15.827341804034633,-6.8458439577911285,-55.496769000797116,-4.280442181119978,-16.00985024964658,17.95760024350675,-1.1131696792866042,-54.431174924371405,-2.8901752160627985,3.0,8.0,-10.483428367705972
06-01,20.118341392163643,-23.415490356472674,15.827341804034633,-6.8458439577911285,-55.496769000797116,-4.280442181119978,-18.440903210293115,17.95760024350675,-1.1131696792866042,-54.431174924371405,-2.8901752160627985,3.0,8.0,-10.273698644226343
06-02,20.118341392163643,-23.415490356472674,15.827341804034633,-6.8458439577911285,-55.496769000797116,-4.280442181119978,-18.440903210293115,17.95760024350675,-1.1131696792866042,-63.14740378639089,-2.5048191330953555,3.0,8.0,-11.031050715049258
06-03,20.118341392163643,-23.415490356472674,15.827341804034633,-6.8458439577911285,-55.496769000797116,-4.280442181119978,-18.440903210293115,16.770447861924744,-5.825242718446603,-63.14740378639089,-11.838301266532689,3.0,8.0,-12.415842310883743
06-04,20.118341392163643,-19.69266392668484,15.827341804034633,-13.387430978302556,-55.496769000797116,-7.224340612153046,-20.25532012290143,16.770447861924744,-5.825242718446603,-63.14740378639089,-12.60827163287118,3.0,8.0,-13.174664701856784
06-05,20.118341392163643,-19.69266392668484,19.024780742579146,-13.387430978302556,-55.496769000797116,-7.7158152567489395,-20.769233716153444,16.770447861924744,-5.825242718446603,-67.25663986835269,-21.66997276909185,3.0,8.0,-14.172745294355506
06-06,20.118341392163643,-19.69266392668484,16.706635606310456,-11.866126947596989,-58.083474590382615,-7.7158152567489395,-20.769233716153444,16.23080042609329,-5.825242718446603,-69.91700988939161,-35.586478870569074,3.0,8.0,-16.036388044673334
06-07,20.118341392163643,-19.97723557112984,15.267784272317543,-11.866126947596989,-58.083474590382615,-9.557113495321623,-18.632481544567707,16.23080042609329,-7.378639295263198,-69.91700988939161,-35.586478870569074,3.0,8.0,-16.307421283058922
06-08,20.118341392163643,-30.284298678058896,17.985611181728242,-16.78136674811688,-55.613416210277265,-9.557113495321623,-17.229729185494485,17.733388747265433,-7.378639295263198,-69.91700988939161,-35.586478870569074,3.0,8.0,-16.955519186485063
06-09,20.414200515616173,-31.83239665695097,17.985611181728242,-16.78136674811688,-55.613416210277265,-8.469309730227245,-16.523966618786993,15.334680883545802,-7.378639295263198,-69.91700988939161,-33.300191730240996,3.0,8.0,-16.916527663487724
06-10,20.414200515616173,-31.83239665695097,17.985611181728242,-16.78136674811688,-55.613416210277265,-8.469309730227245,-10.530817723448845,16.016094491508163,-7.378639295263198,-69.91700988939161,-30.204081434053663,3.0,8.0,-16.028284681716098
06-11,20.414200515616173,-36.61697671279408,17.985611181728242,-16.78136674811688,-33.159718255478104,-14.238950352668304,-10.530817723448845,16.016094491508163,-7.378639295263198,-39.349927837984055,-14.35643321286824,3.0,8.0,-10.726993086342649
06-12,20.414200515616173,-33.417719425518634,20.06395030343004,-16.78136674811688,-32.638884059809065,-15.850620889455993,-10.530817723448845,16.016094491508163,-7.378639295263198,-38.658362269478424,-19.8019794501133,3.0,8.0,-10.778558595513632
06-13,12.944983978579922,-33.417719425518634,19.354836228734797,-13.075708313980453,-27.199066370541967,-7.557683261763485,-10.530817723448845,14.728369381198574,-7.378639295263198,-41.0788351639901,-12.343295536132807,3.0,8.0,-9.595779591102383
06-14,12.944983978579922,-33.417719425518634,18.951608871694038,-13.075708313980453,-24.416624872173944,-7.557683261763485,-10.530817723448845,13.580749843141597,-7.8446619718977555,-41.0788351639901,-13.437186945044221,3.0,8.0,-9.625626816763805
06-15,12.944983978579922,-37.597913470114605,18.951608871694038,-13.496285636103801,-24.416624872173944,-7.557683261763485,-10.530817723448845,15.864605319635686,-7.8446619718977555,-14.43232827439394,-13.437186945044221,3.0,8.0,-7.413845816820994
06-16,12.944983978579922,-38.68421176463944,18.951608871694038,-13.496285636103801,-24.416624872173944,-5.011934206333522,-4.358976386289961,15.864605319635686,-7.8446619718977555,-14.43232827439394,-15.384613955996892,3.0,8.0,-6.897130808901782
06-17,12.944983978579922,-38.68421176463944,18.951608871694038,-13.496285636103801,-20.830961360177312,-3.4208457885073376,-4.358976386289961,14.46932652170554,-7.8446619718977555,-14.43232827439394,-11.74784633110023,3.0,8.0,-6.222745285557298
06-18,12.944983978579922,-30.043190094306105,18.951608871694038,-14.399580423832735,-23.44906608306352,-7.455430023645557,-4.358976386289961,14.46932652170554,-7.8446619718977555,-8.402818814116094,-7.075471443483193,3.0,8.0,-5.151206897150494
06-19,12.944983978579922,-30.043190094306105,18.951608871694038,-12.911797792664512,-21.481485023671773,-9.135807779439537,-4.358976386289961,14.46932652170554,-7.8446619718977555,-7.568956341414179,-4.421451194438938,3.0,8.0,-4.672764292013024
06-20,12.944983978579922,-30.043190094306105,18.951608871694038,-15.993451713886039,-25.380117285207163,-9.135807779439537,-4.358976386289961,14.46932652170554,-7.8446619718977555,-7.568956341414179,-6.335278791715118,3.0,8.0,-5.481320090197852
06-21,12.944983978579922,-30.043190094306105,7.903222357941361,-15.993451713886039,-23.69640844931121,-9.135807779439537,-4.358976386289961,14.46932652170554,-3.1191984517967035,-9.044258073198634,-6.335278791715118,3.0,8.0,-6.037185171065135
06-22,12.944983978579922,-29.241221136200966,9.112896738141481,-8.569867472583963,-20.011238239089515,-9.135807779439537,-4.358976386289961,16.848046735808392,-7.220080566702008,-7.440666042710418,-6.335278791715118,3.0,8.0,-4.855200814745609
06-23,12.944983978579922,-29.241221136200966,6.936409766538774,-8.569867472583963,-20.011238239089515,-8.80658997607414,-17.863249458626807,16.848046735808392,-7.427466336403892,-8.064516129032258,-2.534115234714488,3.0,8.0,-5.980802136527179
06-24,16.459630493267607,-30.937504768371586,6.936409766538774,-8.569867472583963,-21.75378714290554,-9.053501366305296,-17.863249458626807,19.914600242757512,-7.427466336403892,-8.064516129032258,-7.212473241814062,3.0,8.0,-6.142884128498138
06-25,9.689443370524259,-39.48069323866518,6.936409766538774,-8.569867472583963,-24.4112581117095,-8.724283562939918,3.93162432176025,19.914600242757512,-7.427466336403892,-8.709679880449848,-6.1682229829631705,4.0,7.0,-5.729035807648606
06-26,12.30398052617744,-39.48069323866518,6.936409766538774,-8.569867472583963,-24.4112581117095,-9.465025582804929,3.93162432176025,19.914600242757512,-7.427466336403892,-7.736572964102017,6.018523710418211,5.0,6.0,-4.3623404671470265
06-27,12.30398052617744,-39.48069323866518,6.936409766538774,-8.569867472583963,-24.4112581117095,-9.465025582804929,3.93162432176025,16.343171406889525,-7.427466336403892,-9.271098321197856,4.4131392506036065,5.0,6.0,-4.972462162854156
06-28,12.30398052617744,-39.48069323866518,6.936409766538774,-16.016067715036858,-22.511309239464165,-9.465025582804929,0.5982879997039383,12.461183863741855,-7.427466336403892,-8.233060125874138,2.3969318570004265,5.0,6.0,-6.221529838644247
06-29,12.30398052617744,-37.19711941650872,6.936409766538774,-16.016067715036858,-23.068178283774238,-9.465025582804929,0.6837600428224078,12.81056333496945,-7.427466336403892,-8.233060125874138,2.3969318570004265,5.0,6.0,-6.025024721172207
06-30,12.30398052617744,-37.19711941650872,6.936409766538774,-16.016067715036858,-23.068178283774238,-6.831275306710303,5.250408450694461,12.81056333496945,-8.222917470377004,-8.233060125874138,3.547458051132286,5.0,6.0,-5.33816347170626
07-01,12.30398052617744,-44.92467909203712,18.92085779096364,-16.016067715036858,-21.761362731210475,-6.831275306710303,5.250408450694461,12.81056333496945,-8.222917470377004,-8.233060125874138,3.0476161411830525,5.0,6.0,-4.877812381568897
07-02,14.053075599684565,-44.85920220118268,18.92085779096364,-16.016067715036858,-21.761362731210475,2.1853873814878235,5.250408450694461,16.474527354884046,-8.222917470377004,-7.979729437945185,0.2955638827455974,6.0,5.0,-3.7872235541174617
07-03,16.4712752280685,-46.3931260214051,16.546757555261998,-16.016067715036858,-22.457144601004465,2.1853873814878235,5.250408450694461,16.474527354884046,-8.222917470377004,-8.043062109927448,0.4878067388767149,6.0,5.0,-3.9741959280433954
07-05,16.4712752280685,-46.3931260214051,17.908309406651302,-16.016067715036858,-22.7376943234418,3.9230250012318,5.250408450694461,16.474527354884046,-5.790477934337797,-8.043062109927448,0.4878067388767149,6.0,5.0,-3.4968250839765633
07-06,16.4712752280685,-45.731310113119925,17.908309406651302,-11.423649611955287,-22.7376943234418,3.9230250012318,3.7985140477963166,16.474527354884046,-5.790477934337797,-8.043062109927448,0.4878067388767149,6.0,5.0,-3.151157846843053
07-07,16.4712752280685,-45.731310113119925,17.908309406651302,-4.075068334729158,-22.7376943234418,6.809770989693682,3.5507792212394538,13.648196949036574,-5.790477934337797,-7.974678860740687,1.4634109124904724,6.0,5.0,-2.4052260781081256
07-08,16.225750686325927,-45.731310113119925,17.908309406651302,-4.075068334729158,-22.7376943234418,6.7407396104600705,3.5507792212394538,15.317289391879255,-3.426443438447289,-7.974678860740687,2.9217669743022965,6.0,5.0,-1.9345963436018685
07-09,17.630054170908586,-45.731310113119925,17.908309406651302,-4.075068334729158,-26.58003496092248,6.7407396104600705,-1.12554209778453,15.317289391879255,-3.426443438447289,-6.7721559214030025,2.2704885815624536,5.0,6.0,-2.531243064085884
07-10,17.630054170908586,-45.731310113119925,17.908309406651302,-3.0801907915881968,-26.58003496092248,-0.7407435664424191,-1.12554209778453,15.317289391879255,-3.426443438447289,-9.261666435968912,-4.710916201231423,3.0,8.0,-3.981926785096912
07-11,17.630054170908586,-45.731310113119925,17.908309406651302,-3.0801907915881968,-15.652685001547965,-1.3333355938946627,-1.12554209778453,14.551421444260798,-3.426443438447289,-8.678763877459518,-14.220180425988367,3.0,8.0,-3.9235151198190703
07-12,17.630054170908586,-45.731310113119925,17.908309406651302,-3.0801907915881968,-19.60903433052586,-1.3333355938946627,-1.12554209778453,13.834864065187787,-2.2836126996121164,-8.678763877459518,-13.181816162156705,3.0,8.0,-4.1500343657630765
07-13,17.630054170908586,-45.731310113119925,18.665720979129084,-1.8897670591566451,-19.60903433052586,-1.3333355938946627,-1.12554209778453,13.803231499540846,12.311644935088472,-8.678763877459518,-13.181816162156705,4.0,7.0,-2.6489925135846253
07-14,9.248552013620024,-45.731310113119925,18.665720979129084,-1.8897670591566451,-19.60903433052586,-1.3333355938946627,-1.12554209778453,13.803231499540846,7.8408606688053215,-8.678763877459518,-13.181816162156705,4.0,7.0,-3.817382188454781
07-15,6.069360019457163,-72.03125101281326,18.665720979129084,-1.8897670591566451,-20.036643928788408,-1.3333355938946627,-1.12554209778453,10.058736395524171,7.733951866959412,-8.678763877459518,-22.365337891613684,4.0,7.0,-7.7211702000400795
07-16,10.071940927290225,-59.68093197010235,18.665720979129084,-1.8897670591566451,-20.036643928788408,-4.2962957311559595,-4.8473962765781975,11.456451274135766,7.733951866959412,-11.07513008173619,-20.457277056834947,4.0,7.0,-6.759579732439837
07-17,10.071940927290225,-59.68093197010235,18.665720979129084,-1.8897670591566451,-19.792300580418807,-4.2962957311559595,-4.8473962765781975,11.456451274135766,7.733951866959412,-12.09149937733793,-20.33693736517585,4.0,7.0,-6.818823937491933
07-18,10.071940927290225,-59.68093197010235,15.188078922268176,-1.8897670591566451,-24.113926415335627,-4.2962957311559595,-4.8473962765781975,11.456451274135766,7.733951866959412,-9.607844762766646,-15.074804175754855,4.0,7.0,-6.823685763654247
07-19,10.071940927290225,-45.03263274347759,11.677752807753306,-1.8897670591566451,-24.113926415335627,-2.3999994451349433,-4.8473962765781975,13.263462472622793,4.485691492782759,-5.339198350478903,-15.874853619834926,4.0,7.0,-5.454447837231613
07-20,10.071940927290225,-45.03263274347759,11.677752807753306,2.167340231192956,-24.113926415335627,-2.3999994451349433,-10.11028875206896,13.947649604797911,4.485691492782759,-6.8467345939965245,-15.874853619834926,5.0,6.0,-5.638914591457402
07-21,10.071940927290225,-52.67175127941594,14.11677668224665,-0.8311680385044642,-24.113926415335627,-2.3999994451349433,-6.34190784122762,15.19434400347772,4.485691492782759,-6.8467345939965245,-15.874853619834926,4.0,7.0,-5.928326193422973
07-22,10.071940927290225,-62.60162349481311,14.11677668224665,-0.8311680385044642,-24.113926415335627,-2.3999994451349433,-6.34190784122762,23.81625425025358,-4.661018490209088,-6.8467345939965245,-12.442394996945605,3.0,8.0,-6.566709223306957
07-23,10.071940927290225,-71.10203334263393,14.11677668224665,-0.8311680385044642,-24.113926415335627,-2.3999994451349433,-6.34190784122762,23.81625425025358,-4.661018490209088,-7.035181117248649,-15.207369221371096,3.0,8.0,-7.6079665501704525
07-24,10.071940927290225,-71.10203334263393,14.11677668224665,-0.8311680385044642,-29.86755043010708,4.217686351045431,-5.373407806788719,23.81625425025358,-4.661018490209088,-9.230772428493708,-13.05881949032054,4.0,7.0,-7.445646528747423
07-25,10.071940927290225,-71.10203334263393,12.934220506563893,1.019891671160249,-27.172506571508666,4.217686351045431,-5.373407806788719,23.81625425025358,-4.237288067101817,-12.847685331440998,-3.2917133716282443,5.0,6.0,-6.542240071344454
07-26,10.071940927290225,-71.10203334263393,16.98379082930888,1.019891671160249,-27.172506571508666,4.671635156889428,-5.373407806788719,22.438157757281466,-9.576835391825483,-8.535038997079665,0.8714588349299741,6.0,5.0,-5.972995175725113
07-27,10.071940927290225,-69.44219303463102,11.839319247224983,-3.926560563229062,-35.24138351966592,4.671635156889428,-10.295519039758148,22.438157757281466,-10.860747135689364,-7.006365867254742,0.8714588349299741,5.0,6.0,-7.89820520332838
07-28,10.071940927290225,-52.43531326712625,11.839319247224983,-3.926560563229062,-35.24138351966592,5.077860370720379,-10.71770244977492,22.438157757281466,-10.860747135689364,-7.006365867254742,-3.267965436683112,4.0,7.0,-6.729887266991483
07-29,10.071940927290225,-52.43531326712625,11.839319247224983,-3.926560563229062,-35.24138351966592,9.020112935834119,-12.440193439833966,24.803013493168134,-11.312216999309141,-7.006365867254742,1.7616588913382452,5.0,6.0,-5.896908014687579
07-30,10.071940927290225,-51.34730413895378,11.839319247224983,-3.926560563229062,-39.35017115871358,11.618797444053195,-13.971292486077495,24.957262348924946,-11.312216999309141,0.3184725563203803,1.0706678783299468,6.0,5.0,-5.457371358558126
07-31,10.071940927290225,-46.73439553829894,11.839319247224983,-3.8961038961038965,-28.238727312580444,11.618797444053195,-13.971292486077495,24.957262348924946,-27.104070894680266,2.3096181564344915,4.8179850311935235,6.0,5.0,-4.939060633874517
08-01,10.071940927290225,-46.73439553829894,11.839319247224983,-3.8961038961038965,-26.818830999393512,11.749342512511072,-13.971292486077495,24.957262348924946,-28.61111201867155,3.3950686327584045,6.681033441803512,6.0,5.0,-4.6670698025483865
08-02,10.071940927290225,-46.73439553829894,11.839319247224983,-3.8961038961038965,-27.03280231406823,11.749342512511072,-13.971292486077495,23.51160403210813,-23.77272519198331,3.3950686327584045,3.8845768321712986,6.0,5.0,-4.6323152038607045
08-03,10.071940927290225,-40.148703708417614,11.839319247224983,-2.441554874568772,-26.13314171593705,11.749342512511072,-13.971292486077495,23.51160403210813,-23.77272519198331,3.3950686327584045,3.8845768321712986,6.0,5.0,-3.8195968902654664
08-04,10.071940927290225,-27.211902252706412,11.839319247224983,-2.441554874568772,-26.13314171593705,11.749342512511072,-10.0478488985609,24.225259587858897,-20.318178697065857,3.3950686327584045,-0.9988917902509296,5.0,6.0,-2.3518715746769407
08-05,22.619047619047624,-35.315992721444076,13.064628697616932,-2.441554874568772,-20.396601542372352,11.749342512511072,-10.0478488985609,22.74247265490365,-20.318178697065857,3.3950686327584045,-7.4361826778454185,5.0,6.0,-2.0350726631836094
08-06,19.52381134033203,-24.059034902719954,13.064628697616932,-2.441554874568772,-13.993182237467124,11.749342512511072,-10.0478488985609,22.74247265490365,-20.318178697065857,0.0,-8.593744428695336,4.0,7.0,-1.1248444394285688
08-07,19.52381134033203,-24.059034902719954,13.064628697616932,-2.441554874568772,-12.575251762048893,13.968664701549757,3.1171010035915843,22.74247265490365,-20.318178697065857,6.318210172949723,-0.43243202003272796,6.0,5.0,1.7189487558643153
08-08,19.52381134033203,-24.059034902719954,13.064628697616932,-2.441554874568772,-10.505046638847206,14.415580313932265,3.1171010035915843,22.74247265490365,-23.340962436755234,6.318210172949723,-1.011116525015339,6.0,5.0,1.620371709583608
08-09,19.52381134033203,-24.059034902719954,14.315069164248188,-2.441554874568772,-15.151514762300055,14.415580313932265,-2.6116295080494543,22.819912643051136,-23.340962436755234,6.318210172949723,-9.061134689216694,5.0,6.0,0.06606840553665337
08-10,19.52381134033203,-25.747123429643704,14.315069164248188,-2.441554874568772,-12.500003921358273,14.415580313932265,1.932365295039357,22.786500585650987,-23.340962436755234,9.189500960532909,-9.061134689216694,6.0,5.0,0.8247316643811885
08-11,20.094563010187585,-26.50334504622847,14.315069164248188,-2.441554874568772,-12.500003921358273,14.415580313932265,3.9452477303396187,24.32874945134064,-27.423173754233012,9.189500960532909,-16.26637331810786,6.0,5.0,0.10493270146225664
08-12,20.094563010187585,-20.851067053312853,14.315069164248188,-2.441554874568772,-11.907897646902724,10.561052594604798,3.9452477303396187,24.32874945134064,-30.508480681790772,9.189500960532909,-9.725159329641556,6.0,5.0,0.6363657568215509
08-13,20.094563010187585,-20.851067053312853,14.315069164248188,-2.441554874568772,-11.907897646902724,10.561052594604798,3.9452477303396187,27.463904056414414,-30.508480681790772,9.189500960532909,-3.5892384839068936,6.0,5.0,1.4791907978041368
08-14,20.094563010187585,-20.851067053312853,14.315069164248188,-2.441554874568772,-9.318764589730362,13.201320464416115,3.9452477303396187,27.463904056414414,-30.508480681790772,14.041095741278179,-9.947095799261342,6.0,5.0,1.8176579243836368
08-15,20.094563010187585,-20.851067053312853,14.315069164248188,-2.441554874568772,-9.318764589730362,13.59735655321572,3.9452477303396187,24.38794823889343,-22.269708703659486,16.152972622362615,-10.186202557706435,6.0,5.0,2.493259958206295
08-16,20.094563010187585,-24.609923542376514,14.315069164248188,-2.441554874568772,-9.318764589730362,16.67727485166904,5.394525540887673,25.09328275221869,-19.21296085758632,17.465755363383654,-17.523363626974742,6.0,5.0,2.3576275628507393
08-17,20.094563010187585,-18.957340218556087,14.315069164248188,-2.441554874568772,-9.318764589730362,16.67727485166904,5.7971035636551616,25.09328275221869,-21.462259779794806,17.371428353445864,-17.523363626974742,6.0,5.0,2.6950398732545238
08-18,20.094563010187585,-9.54637646386095,14.315069164248188,2.0367603800560667,-9.318764589730362,16.67727485166904,4.669886635613639,23.367691431135984,-30.71065483632916,17.371428353445864,-17.523363626974742,7.0,4.0,2.8575922099510147
08-19,20.65727594428536,-8.259981554118466,16.987388970031727,2.0367603800560667,-9.318764589730362,18.07765847034889,5.958130165639881,23.32815412562753,-30.71065483632916,17.371428353445864,-17.386240114948357,7.0,4.0,3.5219232103917246
08-20,20.65727594428536,-8.259981554118466,16.987388970031727,6.159959378115237,-18.275161483306306,18.07765847034889,5.958130165639881,23.32815412562753,-30.71065483632916,17.371428353445864,-16.389549904236148,7.0,4.0,3.1731497845004015
08-21,20.65727594428536,-18.884758348497012,16.987388970031727,6.159959378115237,-18.275161483306306,22.215148075389944,5.958130165639881,23.32815412562753,-30.71065483632916,16.896549682980016,-15.560648123192902,7.0,4.0,2.615580322794937
08-22,20.65727594428536,-18.884758348497012,19.70474781680198,6.159959378115237,-17.551026604464624,23.297261862029963,5.958130165639881,22.706067800752958,-30.71065483632916,16.896549682980016,-9.07127572165646,7.0,4.0,3.5602070126961944
08-23,20.65727594428536,-14.721193486907756,21.01910975048173,3.028748287743308,-17.551026604464624,23.297261862029963,5.958130165639881,22.706067800752958,-14.495332423561663,16.896549682980016,-8.25295245509296,7.0,4.0,5.3220580476260215
08-24,20.65727594428536,-13.018603062181489,21.01910975048173,2.022828231884894,-17.551026604464624,23.297261862029963,5.958130165639881,23.518404842642557,-14.904061469565749,16.896549682980016,-8.25295245509296,7.0,4.0,5.422083353512689
08-25,27.46478702974229,-9.585123007618764,22.59675865039729,2.5786488692048657,-17.551026604464624,19.987271392095565,5.958130165639881,24.900461525771345,-14.904061469565749,19.036956640605972,-11.146837838771573,7.0,4.0,6.3032695775487735
08-26,27.46478702974229,-8.726754699404289,22.59675865039729,2.5786488692048657,-19.523808998624478,13.904113928804936,5.7971035636551616,24.900461525771345,-14.904061469565749,19.036956640605972,-10.075032601760505,7.0,4.0,5.7317429489842615
08-27,27.46478702974229,-11.029950877760044,22.59675865039729,2.9396581370111994,-9.538645211770383,13.904113928804936,5.7971035636551616,24.900461525771345,-14.904061469565749,12.709968534088356,-18.707490128064823,7.0,4.0,5.102973062028145
08-28,30.65529922301229,-11.029950877760044,22.59675865039729,1.62048865416657,-11.28724621197186,15.479453218030192,5.7971035636551616,24.900461525771345,-14.904061469565749,12.709968534088356,-0.473935448634153,7.0,4.0,6.91493994192631
08-29,29.29061995638327,-11.029950877760044,22.59675865039729,4.234184534642308,-8.433734211157155,15.683554842561009,5.7971035636551616,26.12557515467341,-16.357889636304883,12.709968534088356,5.0892830761719265,8.0,3.0,7.791406689759149
08-30,29.29061995638327,-18.40759372776252,22.59675865039729,4.234184534642308,-5.630355371497582,15.683554842561009,5.7971035636551616,26.12557515467341,-17.290946772676268,12.709968534088356,2.7447409181937514,8.0,3.0,7.07760093478711
08-31,29.29061995638327,-25.65891134746789,22.59675865039729,4.234184534642308,-5.630355371497582,15.683554842561009,5.7971035636551616,24.01225633549331,-12.804880885408553,12.709968534088356,2.7447409181937514,8.0,3.0,6.634094521003675
09-01,29.29061995638327,-22.43201937082557,24.40699556404537,4.234184534642308,-5.630355371497582,15.683554842561009,14.033797910311028,21.23809693351624,-12.6361634950937,12.709968534088356,6.1299181846927535,8.0,3.0,7.9116907475294065
09-02,26.3157890142482,-20.845923539232388,24.40699556404537,4.234184534642308,-5.630355371497582,15.683554842561009,13.653139154453385,19.825710013918354,-12.6361634950937,12.709968534088356,6.1299181846927535,8.0,3.0,7.6224379488023715
09-03,26.3157890142482,-15.00765677773613,24.40699556404537,4.234184534642308,-8.87393359485254,15.683554842561009,16.309011499484427,20.518357450906507,-12.6361634950937,12.709968534088356,2.1043045698885168,8.0,3.0,7.796764740198393
09-04,24.118994808956558,-15.00765677773613,24.40699556404537,4.234184534642308,-6.548345684407811,15.683554842561009,16.309011499484427,20.518357450906507,-12.6361634950937,19.102295806680058,1.1893880220603112,8.0,3.0,8.30641968837263
09-05,24.118994808956558,-15.00765677773613,24.40699556404537,4.234184534642308,-5.771572392343744,13.951843363990273,16.309011499484427,20.518357450906507,-12.882099616073218,18.37160507370667,2.56176284380262,8.0,3.0,8.255584213943786
09-06,24.118994808956558,-15.00765677773613,24.40699556404537,4.234184534642308,-5.771572392343744,13.951843363990273,16.309011499484427,20.518357450906507,-12.882099616073218,18.37160507370667,2.56176284380262,8.0,3.0,8.255584213943786
09-07,24.118994808956558,-15.00765677773613,24.40699556404537,8.938835125406932,-5.387405357063273,13.951843363990273,16.309011499484427,22.128177741819282,-12.882099616073218,17.58872605635359,2.56176284380262,8.0,3.0,8.79338047754422
09-08,24.499086452925486,-16.921898676415466,24.40699556404537,8.938835125406932,-5.387405357063273,13.951843363990273,16.309011499484427,24.056598999271674,-12.882099616073218,17.58872605635359,2.56176284380262,8.0,3.0,8.829223295975309
09-09,24.499086452925486,-30.512826552966967,24.40699556404537,8.938835125406932,-7.021790649327498,13.951843363990273,10.999279293707836,24.056598999271674,-12.882099616073218,17.58872605635359,4.57456528855933,8.0,3.0,7.145383029626617
09-10,24.499086452925486,-30.512826552966967,24.40699556404537,8.938835125406932,-5.705710418648715,13.951843363990273,10.999279293707836,24.368763387419662,-12.882099616073218,17.58872605635359,3.9341289402540784,8.0,3.0,7.2351837814922115
09-11,24.499086452925486,-33.36245163434379,24.40699556404537,17.047618684314543,-5.705710418648715,6.019826024678148,7.057054068466384,24.368763387419662,-12.052402946978624,17.58872605635359,7.13632813236195,8.0,3.0,7.000348488235818
09-12,24.499086452925486,-33.36245163434379,13.233463037799075,17.047618684314543,-5.358214069503276,6.019826024678148,7.057054068466384,24.368763387419662,-12.052402946978624,17.58872605635359,6.221411584533744,8.0,3.0,5.932989149605903
09-13,24.499086452925486,-33.36245163434379,12.858928593965015,19.463704335730764,-5.1173897825829116,4.049164635080624,7.057054068466384,21.051091293452227,-14.62882287019326,16.675465297428612,6.221411584533744,8.0,3.0,5.34247654313299
09-14,22.313296096605633,-32.776797053833555,17.298573861344995,19.463704335730764,-5.1173897825829116,4.049164635080624,7.265919395591951,21.051091293452227,-9.011628252364103,16.675465297428612,6.221411584533744,8.0,3.0,6.130255582817088
09-15,22.313296096605633,-32.776797053833555,17.298573861344995,19.463704335730764,-5.1173897825829116,4.049164635080624,9.288394676854447,21.051091293452227,-9.011628252364103,16.894737042878806,7.502293006435061,8.0,3.0,6.45049453269109
09-16,22.313296096605633,-24.46457355322933,17.298573861344995,19.463704335730764,-5.1173897825829116,3.361940835080372,9.288394676854447,21.831400590435262,-10.294121182677987,16.894737042878806,6.221411584533744,8.0,3.0,6.981579500452162
09-17,22.54097933497108,-24.46457355322933,17.298573861344995,19.463704335730764,-5.054140811210667,3.433473232857806,9.288394676854447,21.004704270197102,-10.294121182677987,16.894737042878806,2.927727717875732,8.0,3.0,6.639950811417521
09-18,21.22040091844573,-24.46457355322933,17.298573861344995,13.777159768187026,4.404284695761205,3.433473232857806,9.288394676854447,21.004704270197102,-10.294121182677987,16.842104259290185,7.31930620675308,9.0,2.0,7.257246104889479
09-19,21.22040091844573,-24.46457355322933,16.805724273556518,12.944980793800983,5.418990692884384,3.433473232857806,9.288394676854447,19.44771052051789,-9.457805258388193,18.736844313772107,14.547119013665187,9.0,2.0,7.992841784067048
09-20,21.22040091844573,-24.46457355322933,15.700480142783954,12.944980793800983,4.350284884596812,3.433473232857806,13.483147110866945,19.35294095207663,-9.457805258388193,18.046712020528094,14.547119013665187,9.0,2.0,8.105196387091327
09-21,21.22040091844573,-24.46457355322933,15.700480142783954,12.944980793800983,4.512122152935175,3.433473232857806,13.483147110866945,21.69540058213598,-10.68079436830643,18.046712020528094,14.547119013665187,9.0,2.0,8.221678913316737
09-22,21.22040091844573,-17.954716328802164,19.069498701447237,12.944980793800983,4.512122152935175,3.433473232857806,13.483147110866945,21.72413687265632,-10.925390635175052,18.046712020528094,20.21957892444385,9.0,2.0,9.615813069454994
09-23,21.22040091844573,-14.469696022809579,19.3474487327704,12.944980793800983,7.670607659989742,8.225697042889996,13.483147110866945,21.72413687265632,-23.06647821499089,18.046712020528094,19.48764917629763,9.0,2.0,9.510418735495033
09-24,21.22040091844573,-0.3134793192439804,19.3474487327704,11.927878057368428,8.649549277128687,10.11984295232162,13.483147110866945,19.81160202456319,-23.06647821499089,18.046712020528094,21.86642522041829,9.0,2.0,11.008458980016048
09-25,17.714023460041734,-0.3134793192439804,19.3474487327704,11.927878057368428,10.350489408313509,10.11984295232162,13.483147110866945,19.81160202456319,-17.09633050632819,18.046712020528094,23.97072106501595,9.0,2.0,11.578368636928882
09-26,17.714023460041734,-0.3134793192439804,19.3474487327704,11.927878057368428,8.903720285242548,10.11984295232162,13.483147110866945,19.81160202456319,-15.446433262253358,18.74667948631847,23.97072106501595,9.0,2.0,11.660468235728358
09-27,17.714023460041734,-8.072098075984522,19.3474487327704,11.927878057368428,10.02277522058608,10.11984295232162,16.55430692881875,18.545778386871604,-18.460836925011492,18.74667948631847,23.97072106501595,9.0,2.0,10.946956299010642
09-28,17.714023460041734,-8.072098075984522,19.988173536016845,11.927878057368428,9.765848177011527,10.11984295232162,16.55430692881875,18.545778386871604,-18.896554530351995,15.454061918229527,23.97072106501595,9.0,2.0,10.642907443214497
09-29,17.714023460041734,-8.072098075984522,19.988173536016845,11.927878057368428,9.765848177011527,10.11984295232162,18.379593573050663,20.946711012884325,-18.896554530351995,15.454061918229527,20.49405912396684,9.0,2.0,10.711049018595908
09-30,17.714023460041734,-14.912287893204534,23.988762287129692,11.927878057368428,9.765848177011527,8.455395599586835,18.379593573050663,19.784579885905075,-18.896554530351995,15.454061918229527,21.043002072431072,9.0,2.0,10.245845691563456
10-01,20.39647979075965,-9.919576871990753,23.988762287129692,8.275538962689772,9.765848177011527,8.455395599586835,18.379593573050663,19.784579885905075,-18.896554530351995,15.454061918229527,20.58554379851697,9.0,2.0,10.569970235503359
10-02,20.39647979075965,-9.042557463740296,23.988762287129692,11.003232792923743,9.765848177011527,8.455395599586835,18.195489034502298,19.784579885905075,-18.896554530351995,14.820761790327778,20.58554379851697,9.0,2.0,10.823361923870118
10-03,20.39647979075965,-9.042557463740296,24.45561223761708,11.003232792923743,9.796890155745158,2.130496929067217,18.195489034502298,19.784579885905075,-8.5057488803206,16.532905640945135,22.2323900944914,9.0,2.0,11.54361547435417
10-04,20.39647979075965,-8.599293350987567,24.83333481682671,9.338874844151636,11.885713849748885,2.130496929067217,18.195489034502298,19.784579885905075,-8.5057488803206,20.148067142707,22.2323900944914,9.0,2.0,11.985489468804701
10-05,20.39647979075965,-6.060604309138091,22.88043546428754,9.338874844151636,10.55684291755751,2.130496929067217,17.44361364832695,19.784579885905075,-3.2183943123653016,16.26666768391928,22.2323900944914,9.0,2.0,11.977398421542079
10-06,20.39647979075965,-6.914435711633921,22.88043546428754,9.338874844151636,10.55684291755751,2.130496929067217,22.296297991717307,19.784579885905075,-1.2317539088682241,15.862808479912644,19.39615577645664,9.0,2.0,12.226980223573914
10-07,20.39647979075965,-13.569582453842818,22.88043546428754,9.338874844151636,10.55684291755751,1.6644473527347847,22.59259400544343,19.784579885905075,-1.3242051167980906,15.862808479912644,16.010978509957653,9.0,2.0,11.29038669818809
10-08,20.39647979075965,-13.569582453842818,22.88043546428754,9.338874844151636,15.89327034509845,-2.5965338066740946,22.59259400544343,22.65646592226378,-1.3242051167980906,15.862808479912644,11.71089342092128,8.0,3.0,11.258318263229402
10-09,20.39647979075965,-13.569582453842818,22.88043546428754,6.663491686238736,15.958733214926484,2.9765691460688912,22.59259400544343,22.65646592226378,-1.3242051167980906,15.862808479912644,14.547119013665187,9.0,2.0,11.785537195720492
10-10,20.39647979075965,-13.569582453842818,22.88043546428754,8.376964348921891,16.626212665211927,2.420382923932666,22.59259400544343,20.22410381981619,-0.5459546939607857,13.170732816753736,14.547119013665187,9.0,2.0,11.556317063726238
10-11,20.39647979075965,-15.471045886490135,22.88043546428754,8.376964348921891,14.927179325266144,2.420382923932666,22.59259400544343,20.060126050774983,1.7288406218407908,12.19512144693012,14.547119013665187,10.0,1.0,11.332199736848388
10-12,20.39647979075965,-19.101124429031795,25.197680052661713,8.376964348921891,14.927179325266144,2.420382923932666,22.59259400544343,18.748293472926854,-0.09099389526937612,12.19512144693012,14.547119013665187,9.0,2.0,10.928154186927863
10-13,20.39647979075965,-16.24892103741301,25.197680052661713,8.376964348921891,14.927179325266144,2.420382923932666,22.59259400544343,18.748293472926854,-0.09099389526937612,12.19512144693012,15.096070687420266,9.0,2.0,11.237350101961848
10-14,20.39647979075965,-13.597969898043823,25.197680052661713,8.376964348921891,14.927179325266144,2.233569749621227,21.132076911206514,19.17587027851602,-0.09099389526937612,12.19512144693012,17.566331406091074,9.0,2.0,11.592028137878284
10-15,7.4889898934052495,-13.597969898043823,25.197680052661713,8.376964348921891,14.320386664021688,2.233569749621227,22.59259400544343,19.17587027851602,-0.09099389526937612,12.19512144693012,17.566331406091074,9.0,2.0,10.496231277481748
10-16,3.4482758620689653,-13.597969898043823,25.197680052661713,8.376964348921891,11.104368777535319,4.429201256446512,22.59259400544343,19.17587027851602,-0.09099389526937612,12.19512144693012,18.02378968000518,9.0,2.0,10.077718355928722
10-17,3.4482758620689653,-13.597969898043823,24.143379735430496,8.376964348921891,10.905845068509402,4.548283968454699,22.59259400544343,19.472128310261745,2.439021089440375,5.636861097677543,15.370542161652406,10.0,1.0,9.394175068165193
10-18,3.4482758620689653,-14.442567703626391,24.143379735430496,8.376964348921891,11.501789190698824,4.548283968454699,22.59259400544343,19.472128310261745,3.1042078903505566,5.636861097677543,15.370542161652406,10.0,1.0,9.432041715212195
10-19,3.4482758620689653,-14.442567703626391,23.036368424158944,9.793815077993038,11.501789190698824,4.548283968454699,12.074074921784575,19.020559938948328,3.31858401478146,5.636861097677543,15.370542161652406,10.0,1.0,8.482416995872036
10-20,3.4482758620689653,-10.219594785076943,23.759787611994486,10.256413448434634,11.501789190698824,4.049842052511628,7.9999994348596655,19.108107283308698,4.166661786754081,4.07713381086058,9.515095451191755,10.0,1.0,7.969410104327853
10-21,2.758622443538973,-13.766892681032985,23.759787611994486,10.256413448434634,11.501789190698824,4.2883811529774185,3.64623936780792,17.459456985061234,4.166661786754081,4.07713381086058,16.19396530963962,10.0,1.0,7.6674144024304365
10-22,2.758622443538973,-19.087839524967094,23.759787611994486,10.256413448434634,8.708707762680014,4.0532004108228445,3.64623936780792,18.079394003393947,4.166661786754081,3.471069829243428,13.44922439144585,10.0,1.0,6.660134684649916
10-23,2.758622443538973,-19.087839524967094,23.759787611994486,10.256413448434634,10.588236416087444,2.572350915101103,5.623098629926534,18.079394003393947,7.236840674311358,3.471069829243428,8.234222754581271,10.0,1.0,6.681108836513277
10-24,2.758622443538973,-19.087839524967094,23.759787611994486,10.256413448434634,8.470585766960593,2.572350915101103,5.623098629926534,18.079394003393947,9.429823203833852,0.22778479154451314,13.540717791286841,10.0,1.0,6.8755217346407616
10-25,2.758622443538973,-19.087839524967094,23.759787611994486,10.256413448434634,8.470585766960593,6.711823694273621,5.623098629926534,14.239571193132527,7.631578198870548,-2.336446255385704,13.540717791286841,9.0,2.0,6.5061739089150885
10-26,2.758622443538973,-20.102220241583414,23.759787611994486,10.256413448434634,8.03782299376403,6.711823694273621,5.623098629926534,11.45374416951036,5.263153051515328,-2.336446255385704,13.540717791286841,9.0,2.0,5.9060470306614254
10-27,2.758622443538973,-26.781123960474496,21.30548305472596,10.256413448434634,8.03782299376403,6.711823694273621,5.623098629926534,12.010942493254873,7.625272077663562,-1.5652200450067937,16.46843678387174,9.0,2.0,5.677415601270241
10-28,4.686799867044293,-26.781123960474496,21.30548305472596,10.256413448434634,8.03782299376403,2.30099432409578,5.623098629926534,12.421343393419097,7.625272077663562,-1.5652200450067937,21.683438420736287,9.0,2.0,5.963120200393534
10-29,4.0108214311715615,-26.781123960474496,21.30548305472596,10.256413448434634,7.104475106765975,2.30099432409578,5.623098629926534,12.660308352427654,7.625272077663562,-1.4492753623188406,21.591953746186167,9.0,2.0,5.840765531691315
10-30,3.9675430838920374,-26.781123960474496,21.30548305472596,7.490813653355357,12.040944492367403,2.30099432409578,5.623098629926534,12.660308352427654,14.161219572803773,-1.4492753623188406,22.96431984263762,9.0,2.0,6.753120516676251
10-31,3.9675430838920374,-26.781123960474496,21.30548305472596,14.340429103120847,12.040944492367403,0.06361468646287928,5.623098629926534,12.278307810771869,12.171197080217487,0.11481318987414675,20.036600850052718,10.0,1.0,6.832809820085218
11-01,3.9675430838920374,-26.781123960474496,18.642296427879558,15.949901797431126,14.534888620825107,-4.108680445922685,5.623098629926534,12.278307810771869,12.171197080217487,0.11481318987414675,20.036600850052718,9.0,2.0,6.584440280406674
11-02,3.9675430838920374,-15.450645919951913,18.015665159213825,18.663887592104217,14.534888620825107,-4.108680445922685,5.623098629926534,12.278307810771869,-0.26749650078487863,-1.873534521391172,20.036600850052718,7.0,4.0,6.4926940326123335
11-03,3.9675430838920374,-20.0,18.015665159213825,23.03437394991263,14.534888620825107,-4.108680445922685,-2.1381598038191516,13.351347639754016,0.08916833478177312,-1.873534521391172,15.279048761811412,7.0,4.0,5.468332798096164
11-04,5.543237438099995,-20.0,18.015665159213825,23.03437394991263,14.534888620825107,-4.108680445922685,-2.1381598038191516,9.556778653925363,0.08916833478177312,-1.873534521391172,14.63861241350616,7.0,4.0,5.208395436284714
11-05,5.543237438099995,-15.920390180887338,18.015665159213825,23.824570946399888,14.534888620825107,3.247182015661746,-2.1381598038191516,9.556778653925363,0.08916833478177312,-1.873534521391172,14.63861241350616,8.0,3.0,6.319819916028746
11-06,5.543237438099995,-15.920390180887338,16.344643462749186,23.389965235914012,6.744184860221273,3.247182015661746,-2.1381598038191516,9.556778653925363,0.08916833478177312,-4.566748771250941,19.304671101906496,8.0,3.0,5.5995029406638555
11-07,5.543237438099995,-15.920390180887338,16.344643462749186,23.96661654696209,4.88540090271199,1.947615548464888,-2.1381598038191516,9.556778653925363,0.08916833478177312,-4.566748771250941,3.476670666339976,8.0,3.0,3.9258938907343484
11-08,5.543237438099995,-13.51574713144502,16.344643462749186,21.598362869487246,9.471869180848511,-0.5509636445175157,-2.1381598038191516,9.556778653925363,5.184237291819926,-4.566748771250941,3.476670666339976,7.0,4.0,4.582198201112506
11-09,1.1973328583147111,-3.3987901589452414,16.344643462749186,21.598362869487246,10.142443627792472,-0.5509636445175157,-2.1381598038191516,10.425237743545393,1.62811082104085,-4.566748771250941,3.476670666339976,7.0,4.0,4.923467242794271
11-10,3.1042078903505566,2.1986351105297,19.009100598365524,21.598362869487246,10.142443627792472,0.7575799372151292,-2.1381598038191516,10.425237743545393,1.62811082104085,-11.834691995746518,-2.4702607186708128,8.0,3.0,4.765506007280943
11-11,3.1042078903505566,-0.3790765149774954,19.009100598365524,21.598362869487246,6.89458197763044,4.569539845206663,-11.924340686350615,13.580248722442734,8.160003662109375,-11.834691995746518,0.0,7.0,4.0,4.797994215319809
11-12,3.1042078903505566,-0.3790765149774954,19.009100598365524,21.598362869487246,5.330243708539894,4.569539845206663,-11.430924019448694,13.175300275987274,8.160003662109375,-11.834691995746518,0.0,7.0,4.0,4.66382421089762
11-13,3.1042078903505566,2.6470632371604235,19.009100598365524,21.598362869487246,3.313606382146675,6.062583415417294,-2.1870283321818893,13.175300275987274,8.199996948242202,-11.834691995746518,0.0,8.0,3.0,5.7353182990208
11-14,0.2283070225181235,2.6470632371604235,19.009100598365524,21.598362869487246,6.091951087249035,6.062583415417294,-2.1870283321818893,11.438803337418625,8.199996948242202,-20.27620514976939,0.0,8.0,2.0,4.801175912173381
11-15,0.2283070225181235,3.9705878434296817,22.270742438903756,21.598362869487246,5.402302038309009,6.062583415417294,-5.429858981346389,10.667031593433187,8.400001525878906,-26.887413002483722,0.0,8.0,2.0,4.207513342140643
11-16,0.2283070225181235,6.446988653803313,21.54750049995512,21.598362869487246,2.372488205209911,6.062583415417294,-3.1734269036799376,10.667031593433187,8.400001525878906,-22.820508839032374,0.0,8.0,2.0,4.666302549362798
11-17,-0.459771868826329,6.446988653803313,21.54750049995512,21.598362869487246,2.372488205209911,7.953065546893049,-3.1734269036799376,7.649352001991888,8.400001525878906,-22.820508839032374,0.0,7.0,3.0,4.501277426516436
11-18,-0.9655130320581896,6.446988653803313,21.54750049995512,21.598362869487246,2.372488205209911,7.953065546893049,-3.1734269036799376,5.30430357919141,8.400001525878906,-22.820508839032374,0.0,7.0,3.0,4.2421147368771335
11-19,-0.9655130320581896,16.189113343167485,21.54750049995512,21.598362869487246,3.44827663086663,7.953065546893049,-5.378788245501506,5.646738667351741,8.400001525878906,-22.820508839032374,0.0,7.0,3.0,5.0562044515461935
11-20,-0.9655130320581896,19.031142119716424,21.54750049995512,19.45263511256168,2.688491966172042,7.953065546893049,-5.378788245501506,5.646738667351741,8.400001525878906,-22.820508839032374,0.0,7.0,3.0,5.0504332110851715
11-21,-0.9655130320581896,19.031142119716424,21.54750049995512,11.578947368421053,-0.4221935774808618,7.953065546893049,-5.378788245501506,5.257299998716055,8.400001525878906,-22.820508839032374,0.0,6.0,4.0,4.016450305955243
11-22,-0.9655130320581896,20.761245948781553,21.54750049995512,9.482761597378104,-2.089736588947976,7.953065546893049,-0.9090900552502824,5.257299998716055,8.400001525878906,-23.215431590979566,0.0,6.0,4.0,4.202009440942433
11-23,-0.9655130320581896,21.136522011305033,17.42267642901463,6.7672480626846685,-2.089736588947976,7.953065546893049,-1.1363679876669817,1.8443786039681225,8.400001525878906,-19.78508930780362,0.0,6.0,4.0,3.5951986602970583
11-24,-0.9655130320581896,21.136522011305033,13.43590173965847,6.7672480626846685,-2.089736588947976,9.8435476783688,-1.1363679876669817,2.546493190901944,3.680000305175796,-14.156628478713705,0.0,6.0,4.0,3.5510424455188967
11-25,-0.9655130320581896,22.054795773263283,13.43590173965847,6.7672480626846685,-2.089736588947976,8.865714451261773,-1.1363679876669817,2.266849742953955,3.680000305175796,-14.156628478713705,0.0,6.0,4.0,3.520205817055553
11-26,-0.9655130320581896,16.849314889533805,13.43590173965847,6.7672480626846685,-2.151200808987796,8.865714451261773,-1.1363679876669817,2.266849742953955,3.680000305175796,-14.457828695048395,0.0,6.0,4.0,3.0140107879551907
11-27,-0.9655130320581896,16.849314889533805,13.43590173965847,8.926319323087993,-12.587410043591346,-2.0437936997767907,-1.1363679876669817,2.266849742953955,3.680000305175796,-13.297552065384409,0.0,5.0,5.0,1.3752499247211178
11-28,-0.9655130320581896,16.849314889533805,13.657289925784152,8.926319323087993,-12.587410043591346,-1.5250477668231053,-1.1363679876669817,1.2912395062982258,5.742577278968117,-16.4215708044757,0.0,5.0,5.0,1.2573482990051783
11-29,-0.9655130320581896,16.849314889533805,14.16879109214494,8.926319323087993,-15.782662188633198,0.2853132255441045,-1.1363679876669817,-4.73846435546875,2.8514824291266883,-16.4215708044757,0.0,5.0,5.0,0.36696750828497343
11-30,-0.9655130320581896,16.849314889533805,15.294117073161194,12.073175506697636,-15.782662188633198,0.2853132255441045,-0.3759412783294016,-7.560896372984474,2.8514824291266883,-15.441179564254956,0.0,5.0,5.0,0.6570191534366551
12-01,-0.9655130320581896,16.849314889533805,15.294117073161194,11.929968928699887,-15.782662188633198,0.2853132255441045,-0.3759412783294016,-6.912442558334105,2.8514824291266883,-15.441179564254956,0.0,5.0,5.0,0.7029507204050756
12-02,-0.9655130320581896,12.260273390984905,15.294117073161194,11.929968928699887,-14.489008533411141,0.2853132255441045,0.7434901800260474,-6.912442558334105,2.8514824291266883,-15.441179564254956,0.0,6.0,4.0,0.5051365035894938
12-03,-0.9655130320581896,9.589044764556775,15.294117073161194,11.929968928699887,-14.683049796172162,-4.921537502527032,0.7434901800260474,-6.912442558334105,2.8514824291266883,-15.441179564254956,0.0,5.0,5.0,-0.22869264343416826
12-04,-3.977264260704204,9.589044764556775,10.946288865278742,11.929968928699887,-13.705582589102287,-7.132667384801997,0.7434901800260474,-6.912442558334105,12.435641147122539,-15.441179564254956,0.0,5.0,5.0,-0.13860931559214135
12-05,-3.977264260704204,9.589044764556775,10.639386214210383,11.929968928699887,-15.862943932059686,-7.132667384801997,0.7434901800260474,-6.912442558334105,11.287130223642484,-15.441179564254956,0.0,5.0,5.0,-0.4670433990017614
12-06,-3.977264260704204,12.602740441864734,10.639386214210383,11.929968928699887,-14.022836626757169,-7.132667384801997,0.7434901800260474,-4.3625253976221146,11.287130223642484,-15.37990365084295,0.0,5.0,5.0,0.21159260615591807
12-07,-3.977264260704204,12.602740441864734,10.639386214210383,14.942985052327206,-14.022836626757169,-7.132667384801997,0.7434901800260474,-4.3625253976221146,13.544554757599798,-14.052087599403631,0.0,5.0,5.0,0.8114341251580953
12-08,-3.977264260704204,12.602740441864734,18.701920828522933,14.472129783568356,-14.022836626757169,-7.132667384801997,0.7434901800260474,-4.3625253976221146,13.861386138613865,-14.052087599403631,0.0,5.0,5.0,1.5303896457551665
12-09,-3.977264260704204,12.602740441864734,14.939635003686615,14.472129783568356,-11.421314790096671,-7.132667384801997,0.8921924703405381,-8.387095564438653,16.506715404978095,-14.052087599403631,0.0,5.0,5.0,1.312998500453926
12-10,-3.43852829946614,21.91781287212077,14.939635003686615,14.472129783568356,-11.104060752441764,-7.132667384801997,0.8921924703405381,-8.387095564438653,16.506715404978095,-14.052087599403631,0.0,5.0,5.0,2.2376405394674723
12-11,-9.714838941512802,18.571431296212328,14.939635003686615,14.472129783568356,-15.121631722330168,-7.132667384801997,0.8921924703405381,-8.387095564438653,16.506715404978095,-16.73900126112054,0.0,5.0,5.0,0.7533517349619792
12-12,-9.714838941512802,18.571431296212328,10.462776717873096,14.472129783568356,-15.883524994946045,-7.132667384801997,0.8921924703405381,-8.387095564438653,16.506715404978095,-15.871057076790006,0.0,5.0,5.0,0.3560056100439018
12-13,-9.714838941512802,20.07143156869071,9.909453704818596,15.043205268777347,-10.787558911165217,-2.1768751880992987,0.8921924703405381,-4.070788174934132,16.506715404978095,-26.797834628730158,0.0,5.0,5.0,0.8068275066512427
12-14,-9.714838941512802,19.42857333592005,7.5025650213807324,15.043205268777347,-11.081619841488807,-2.1768751880992987,1.1152388152967965,-4.070788174934132,17.769378553383177,-32.7017533151727,0.0,5.0,5.0,0.10118959395912372
12-15,-14.070357779313223,17.49999863760811,5.447068426576483,15.043205268777347,-11.081619841488807,-2.1768751880992987,1.1152388152967965,-4.070788174934132,17.769378553383177,-34.590744417798106,0.0,5.0,5.0,-0.8286814272719693
12-16,-12.098769199700985,17.357145036969854,5.447068426576483,15.043205268777347,-16.124753512837568,-2.1768751880992987,-0.3717486352707756,-4.070788174934132,17.769378553383177,-34.590744417798106,0.0,4.0,6.0,-1.2560801675394555
12-17,-9.82099989914212,17.357145036969854,5.447068426576483,15.043205268777347,-16.407827701900608,-2.1768751880992987,8.038149050717273,-4.070788174934132,17.769378553383177,-33.451955483705284,0.0,5.0,5.0,-0.20668182830521006
12-18,-12.098769199700985,17.357145036969854,5.447068426576483,16.162791471342096,-17.040056394331458,-2.1768751880992987,8.038149050717273,-4.070788174934132,17.126656166274053,-42.22560983366161,0.0,5.0,5.0,-1.2254807853497929
12-19,-12.098769199700985,17.357145036969854,5.447068426576483,18.56588817761704,-11.88051632304608,-7.414967120617822,8.038149050717273,-4.070788174934132,14.117648554783239,-40.723978320667314,0.0,5.0,5.0,-1.1511927174820402
12-20,-12.098769199700985,17.357145036969854,5.447068426576483,15.24808611151717,-11.88051632304608,-7.414967120617822,8.038149050717273,-10.711046890306017,13.803923363779106,-48.073841945856856,0.0,5.0,5.0,-2.753160862724353
12-21,-12.098769199700985,16.401737230755817,5.4336998086091,16.759110858141383,-12.799451947313587,-7.414967120617822,8.038149050717273,-11.047038863023452,13.803923363779106,-38.305851213654215,0.0,5.0,5.0,-1.9299507302097625
12-22,-12.098769199700985,16.401737230755817,5.4336998086091,16.759110858141383,-12.799451947313587,-6.802721176701776,8.038149050717273,-11.047038863023452,13.803923363779106,-38.5135224147836,0.0,5.0,5.0,-1.8931712081382468
12-23,-12.098769199700985,14.45086689270034,5.4336998086091,16.759110858141383,-12.799451947313587,-6.598641357923267,9.741146290518804,-12.685888341092975,13.803923363779106,-38.5135224147836,0.0,5.0,5.0,-2.0461387315514252
12-24,-12.098769199700985,14.45086689270034,5.4336998086091,16.759110858141383,-15.003486601374915,1.878523392101834,8.038149050717273,-12.685888341092975,13.803923363779106,-38.5135224147836,0.0,6.0,4.0,-1.6306721082639488
12-26,-12.098769199700985,14.45086689270034,5.4336998086091,16.792078301458062,-15.08379813857686,-0.3757070670848772,9.69899550344148,-12.685888341092975,13.803923363779106,-41.923082791841956,0.0,5.0,5.0,-1.9988801516645052
12-27,-12.098769199700985,14.45086689270034,5.4336998086091,16.792078301458062,-19.857147761753627,-1.2634287043801182,9.69899550344148,-10.670646534918763,11.568630442899805,-52.22773050454014,0.0,5.0,5.0,-3.470313796016804
12-28,-7.4074074074074066,14.45086689270034,5.4336998086091,15.485147910543006,-17.342660579245752,-1.2634287043801182,11.879893805997252,-15.680745545848556,11.372547523648116,-56.22354028280603,0.0,5.0,5.0,-3.5723296889263665
12-29,-7.4074074074074066,14.45086689270034,4.536390187632353,15.485147910543006,-17.342660579245752,-1.3897619356588529,11.879893805997252,-15.625,10.588238286037056,-56.22354028280603,0.0,5.0,5.0,-3.7316211929280025
12-30,-4.819277108433735,14.45086689270034,4.536390187632353,15.485147910543006,-17.342660579245752,-1.6424524961145153,15.86161488190125,-14.232790050082158,11.559353647064304,-56.22354028280603,0.0,5.0,5.0,-2.9424860906219026
12-31,-4.819277108433735,14.45086689270034,4.536390187632353,15.04950192895266,-19.698057521028144,5.7313435113252105,13.198653116485556,-14.232790050082158,11.559353647064304,-53.68331053047789,0.0,6.0,4.0,-2.5370296296237727
