,2009,2010,2011,2012,2013,2014,2015,2016,2017,2018,2019,2020,ups,downs,end_day_sum,avg
01-02,-0.02499997615814209,0.375,-0.17499995231628418,0.0,0.04500007629394531,0.06999993324279785,-0.3949999809265137,0.7249999046325684,-0.39999961853027344,1.6999998092651367,-0.9800000190734864,-1.75,5.0,7.0,03-17,-0.06749998529752095
01-03,-0.17499995231628418,0.27500009536743164,-0.17499995231628418,0.0,-0.009999990463256836,0.12000000476837157,-0.434999942779541,0.7300000190734863,-0.39999961853027344,2.3000001907348637,-0.8600001335144043,-2.070000171661377,4.0,8.0,03-18,-0.058333287636438996
01-04,-0.17499995231628418,0.27500009536743164,-0.09999990463256836,-0.04999995231628418,-0.030000090599060062,0.19499993324279785,-0.4399998188018799,0.7300000190734863,-0.4000000953674317,2.9250001907348637,-3.1899995803833012,-2.2099997997283936,4.0,8.0,03-19,-0.205833246310552
01-05,-0.17499995231628418,0.2999999523162842,-0.21000003814697266,-0.019999980926513672,-0.035000085830688484,0.0849999189376831,-0.4399998188018799,0.684999942779541,-0.375,3.25,-2.8299999237060547,-2.6699998378753658,4.0,8.0,03-20,-0.2029166519641876
01-06,-0.17499995231628418,0.309999942779541,-0.1099998950958252,-0.08999991416931152,-0.035000085830688484,0.0849999189376831,-0.5949997901916504,1.0149998664855957,-0.5399999618530273,4.125,-2.9699997901916504,-2.6699998378753658,4.0,8.0,03-21,-0.13749995827674866
01-07,-0.1549999713897705,0.12999987602233887,-0.125,-0.059999942779541016,-0.035000085830688484,0.21999990940093994,-0.7549999952316284,1.5899996757507324,-0.4250001907348633,4.074999809265137,-2.9699997901916504,-2.789999723434448,4.0,8.0,03-22,-0.1083333690961202
01-08,0.07500004768371582,0.12999987602233887,-0.16499996185302734,-0.039999961853027344,-0.02500009536743164,0.2699999809265137,-0.7249999046325684,1.3449997901916504,-0.5250000953674316,4.074999809265137,-3.12999963760376,-2.179999828338623,5.0,7.0,03-23,-0.07458333174387614
01-09,0.07500004768371582,0.12000012397766112,-0.009999990463256836,-0.039999961853027344,-0.05500006675720215,0.25999999046325684,-0.7149999141693115,1.0850000381469729,-0.5250000953674316,3.75,-3.0699996948242188,-2.4599997997283936,5.0,7.0,03-24,-0.13208327690760294
01-10,-0.014999985694885254,0.125,-0.009999990463256836,-0.039999961853027344,-0.11000001430511476,0.2849999666213989,-0.7599999904632568,1.0850000381469729,-0.5999999046325684,3.0500001907348637,-2.3600001335144043,-2.5999999046325684,4.0,8.0,03-25,-0.1624999741713206
01-11,-0.014999985694885254,0.125,-0.034999847412109375,0.004999876022338867,-0.11000001430511476,0.2899999618530273,-0.7149999141693115,1.0850000381469729,-0.5,3.3500003814697266,-1.3399996757507324,-2.239999771118164,5.0,7.0,03-26,-0.008333245913187662
01-12,-0.014999985694885254,0.2199997901916504,-0.039999961853027344,0.004999876022338867,-0.12000000476837157,0.2400000095367432,-0.7149999141693115,1.0399999618530271,-0.4750003814697266,4.2749996185302725,-0.8200001716613771,-2.6599998474121094,5.0,7.0,03-27,0.07791658242543538
01-13,-0.014999985694885254,0.20999979972839355,-0.15000009536743164,-0.1100001335144043,-0.12000000476837157,0.2400000095367432,-0.7650001049041748,1.4050002098083496,-0.7000002861022949,4.675000190734863,-0.7300000190734863,-2.6599998474121094,4.0,8.0,03-28,0.10666664441426596
01-14,0.14499998092651367,0.14499998092651367,-0.18000006675720215,-0.04999995231628418,-0.12000000476837157,0.25,-0.6949999332427979,1.5399999618530271,-0.6149997711181641,4.675000190734863,-0.7300000190734863,-2.309999942779541,5.0,7.0,03-29,0.17125003536542258
01-15,-0.09499990940093994,0.029999971389770508,-0.3299999237060547,-0.04999995231628418,-0.07500004768371582,0.2450000047683716,-0.315000057220459,1.489999771118164,-0.6399998664855957,4.675000190734863,-0.019999980926513672,-1.930000066757202,4.0,8.0,03-30,0.24875001112620035
01-16,-0.12000000476837157,0.07999992370605469,-0.3399999141693115,-0.04999995231628418,-0.11000001430511476,0.09000003337860107,-0.15000009536743164,1.3599996566772459,-0.6399998664855957,4.675000190734863,0.059999942779541016,-1.5399999618530271,5.0,7.0,03-31,0.2762499948342641
01-17,-0.11500000953674315,0.07999992370605469,-0.3399999141693115,-0.04999995231628418,-0.09000003337860107,-0.08000004291534424,-0.1399998664855957,1.614999771118164,-0.6399998664855957,5.375,0.20000028610229487,-1.329999923706055,4.0,8.0,04-01,0.3737500309944153
01-18,-0.11500000953674315,0.07999992370605469,-0.3399999141693115,0.04999995231628418,-0.030000090599060062,-0.02499997615814209,-0.1399998664855957,1.614999771118164,-0.7249999046325684,4.0900001525878915,-0.2800002098083496,-1.0699996948242188,4.0,8.0,04-02,0.259166677792867
01-19,-0.11500000953674315,0.07999992370605469,-0.309999942779541,0.02499985694885254,-0.08500003814697266,-0.08999991416931152,-0.1399998664855957,1.614999771118164,-1.3000001907348633,3.2950000762939453,-0.4499998092651367,-1.6199998855590818,4.0,8.0,04-03,0.07541666428248088
01-20,-0.11500000953674315,0.07500004768371582,-0.309999942779541,-0.015000104904174803,-0.030000090599060062,-0.08999991416931152,-0.1399998664855957,2.150000095367432,-1.3249998092651367,2.649999618530273,-0.4199995994567871,-1.6199998855590818,3.0,9.0,04-04,0.06750004490216573
01-21,-0.09500002861022948,0.039999961853027344,-0.309999942779541,-0.02500009536743164,-0.030000090599060062,-0.08999991416931152,-0.14499998092651367,2.059999942779541,-1.25,2.399999618530273,-0.4199995994567871,-1.6199998855590818,3.0,9.0,04-05,0.04291666547457377
01-22,-0.035000085830688484,0.13499999046325686,-0.4849998950958252,-0.02500009536743164,-0.030000090599060062,-0.06000006198883056,-0.13499999046325686,1.5049996376037598,-1.3000001907348633,2.399999618530273,-0.4199995994567871,-1.4900002479553225,3.0,9.0,04-06,0.004999915758768718
01-23,0.009999990463256836,0.125,-0.4000000953674317,-0.02500009536743164,-0.11500000953674315,-0.039999961853027344,-0.02499985694885254,1.2599997520446775,-1.3000001907348633,1.3500003814697266,-0.13000011444091794,-1.0399999618530271,4.0,8.0,04-07,-0.02750001351038615
01-24,0.25,0.125,-0.4000000953674317,-0.09500002861022948,-0.12999999523162842,0.029999971389770508,-0.09000015258789062,1.195000171661377,-1.0250000953674316,1.1750001907348633,0.020000457763671875,-0.989999771118164,6.0,6.0,04-08,0.0054167211055755615
01-25,0.25,0.125,-0.4250001907348633,-0.13000011444091794,-0.06500005722045897,0.02499997615814209,-0.07500004768371582,1.195000171661377,-0.625,1.5500001907348633,0.1099996566772461,-0.869999885559082,6.0,6.0,04-09,0.0887499749660492
01-26,0.25,0.004999876022338867,-0.3599998950958252,-0.039999961853027344,-0.06999993324279785,0.06500005722045897,-0.07500004768371582,1.1400003433227541,-0.375,1.6499996185302734,0.5799999237060547,-0.869999885559082,6.0,6.0,04-10,0.1583333412806193
01-27,0.25,0.004999876022338867,-0.2999999523162842,-0.035000085830688484,-0.039999961853027344,0.06500005722045897,-0.10500001907348633,1.510000228881836,-0.3000001907348633,1.6750001907348633,0.380000114440918,-0.869999885559082,6.0,6.0,04-11,0.18625003099441528
01-28,-0.014999985694885254,0.029999971389770508,-0.4650001525878906,-0.07500004768371582,-0.039999961853027344,0.06000006198883056,0.12999987602233887,1.4049997329711914,0.125,1.875,0.380000114440918,-1.1399998664855957,7.0,5.0,04-12,0.18916664520899454
01-29,0.3599998950958252,0.09999990463256836,-0.4250001907348633,-0.05500006675720215,-0.05000007152557373,0.019999980926513672,0.1099998950958252,1.5399999618530271,0.125,1.875,0.6999998092651367,-1.2699999809265137,8.0,4.0,04-13,0.25249992807706195
01-30,0.33500003814697266,-0.005000114440917969,-0.5,-0.05500006675720215,-0.11000001430511476,0.13999998569488525,0.014999866485595703,1.4000000953674316,0.125,2.0,0.4500002861022949,-1.2100000381469729,7.0,5.0,04-14,0.21541666984558105
01-31,0.41999995708465576,0.014999866485595703,-0.5,-0.05500006675720215,-0.20000004768371585,0.16000008583068848,-0.060000181198120124,1.2800002098083496,0.10000014305114746,1.9750003814697263,0.6300005912780762,-0.9299998283386229,7.0,5.0,04-15,0.2362500925858816
02-01,0.31000006198883057,0.014999866485595703,-0.5,-0.02500009536743164,-0.17499995231628418,0.15000009536743164,-0.035000085830688484,1.2800002098083496,0.2249999046325684,1.4750003814697266,0.35000038146972656,-0.9100003242492676,7.0,5.0,04-16,0.18000003695487976
02-02,0.31000006198883057,0.04999995231628418,-0.5,-0.08500003814697266,-0.18000006675720215,0.15000009536743164,-0.035000085830688484,1.2849998474121094,0.35000014305114746,2.25,0.15999984741210938,-0.6100001335144043,7.0,5.0,04-17,0.26208330194155377
02-03,0.33000004291534424,0.05499982833862305,-0.4900000095367432,-0.14499998092651367,-0.2250000238418579,0.15000009536743164,-0.014999866485595703,1.5949997901916504,0.3250000476837158,2.5749998092651367,0.15999984741210938,-0.6100001335144043,7.0,5.0,04-18,0.3087499539057414
02-04,0.35000014305114746,0.02499985694885254,-0.5250000953674316,-0.11500000953674315,-0.2250000238418579,0.2400000095367432,-0.014999866485595703,1.809999942779541,0.434999942779541,2.40000057220459,0.15999984741210938,-0.75,7.0,5.0,04-19,0.3158333599567413
02-05,0.4249999523162842,0.04499983787536621,-0.4749999046325684,-0.125,-0.21500003337860107,0.2049999237060547,0.0,1.7650003433227541,0.2349998950958252,2.40000057220459,-0.1400003433227539,-0.8400001525878906,6.0,6.0,04-20,0.273333340883255
02-06,0.2749998569488525,0.05499982833862305,-0.4749999046325684,-0.125,-0.2099999189376831,0.1799999475479126,0.039999961853027344,1.6750001907348633,0.2349998950958252,2.9750003814697266,-0.25,-0.4700002670288086,7.0,5.0,04-21,0.3254166642824809
02-07,0.2749998569488525,0.034999847412109375,-0.4749999046325684,-0.20000004768371585,-0.20000004768371585,0.07999992370605469,-0.05000019073486328,1.690000057220459,0.2999999523162842,4.074999809265137,0.1400003433227539,-0.6500000953674316,7.0,5.0,04-22,0.4183332920074463
02-08,0.2999999523162842,0.034999847412109375,-0.43000006675720215,-0.13000011444091794,-0.1650000810623169,0.029999971389770508,-0.05000019073486328,1.690000057220459,0.5499999523162842,3.6999998092651367,0.05999946594238281,-0.5399999618530273,7.0,5.0,04-23,0.42083322008450813
02-09,0.2999999523162842,-0.015000104904174803,-0.3900001049041748,-0.30499982833862305,-0.12999999523162842,0.039999961853027344,-0.05000019073486328,1.825000286102295,0.5750000476837158,3.3249998092651367,0.75,-0.6500000953674316,6.0,6.0,04-24,0.4395833114782969
02-10,0.3450000286102295,0.02499985694885254,-0.4500000476837158,-0.2249999046325684,-0.15999996662139893,0.039999961853027344,0.0,2.275000095367432,0.4749999046325684,2.5749998092651367,0.6500005722045898,-0.6500000953674316,7.0,5.0,04-25,0.4083333512147268
02-11,0.13499999046325686,0.059999942779541016,-0.5450000762939453,-0.09000015258789062,-0.15999996662139893,0.125,0.019999980926513672,2.1349997520446777,0.2999999523162842,2.6999998092651367,0.6500005722045898,-0.7699999809265137,8.0,4.0,04-26,0.37999998529752094
02-12,0.6950000524520874,0.02499985694885254,-0.4700000286102295,-0.05000019073486328,-0.1549999713897705,0.2099999189376831,0.04500007629394531,2.164999961853028,0.2749998569488525,2.6999998092651367,0.6700000762939453,-0.7600002288818359,8.0,4.0,04-27,0.4458332657814026
02-13,0.9599999189376832,0.029999971389770508,-0.43000006675720215,-0.05000019073486328,-0.1549999713897705,0.12999999523162842,0.10000014305114746,2.055000305175781,0.2749998569488525,2.7250003814697266,0.8000001907348633,-0.8499999046325684,8.0,4.0,04-28,0.4658333857854207
02-14,0.625,0.0,-0.43000006675720215,-0.060000181198120124,-0.1549999713897705,0.04499995708465576,0.009999990463256836,2.025000095367432,0.07499980926513672,3.0749998092651367,0.8000001907348633,-0.7599997520446777,7.0,5.0,04-29,0.4374999900658925
02-15,0.9000000953674316,0.0,-0.43000006675720215,0.029999971389770508,-0.12000000476837157,0.0700000524520874,0.029999971389770508,2.025000095367432,-0.10000014305114746,2.1999998092651367,0.8900003433227539,-0.8899998664855957,7.0,5.0,04-30,0.3837500214576721
02-16,0.9000000953674316,0.0,-0.5,0.019999980926513672,-0.17499995231628418,0.029999971389770508,0.029999971389770508,2.025000095367432,-0.25,2.0349998474121094,0.7700004577636719,-0.8499999046325684,7.0,5.0,05-01,0.33625004688898724
02-17,0.9000000953674316,0.06999993324279785,-0.3999998569488525,-0.1699998378753662,-0.12000000476837157,0.029999971389770508,0.029999971389770508,1.9749999046325684,-0.27500009536743164,2.8500003814697266,0.7200002670288086,-0.8499999046325684,7.0,5.0,05-02,0.3966667354106903
02-18,0.9749999046325684,0.029999971389770508,-0.5199999809265137,-0.15000009536743164,-0.12000000476837157,0.029999971389770508,0.005000114440917969,1.8949999809265137,0.0,2.9750003814697266,0.7200002670288086,-0.8499999046325684,7.0,5.0,05-03,0.4158333837985992
02-19,0.875,0.05499982833862305,-0.4700000286102295,-0.19000005722045896,-0.12000000476837157,0.034999966621398926,0.019999980926513672,1.2599997520446775,0.0,2.9750003814697266,0.7200002670288086,-1.0,7.0,5.0,05-04,0.3466666738192241
02-20,0.75,0.06500005722045897,-0.43000006675720215,-0.19000005722045896,-0.1400001049041748,0.08000004291534424,0.009999990463256836,-0.3249998092651367,0.0,2.9750003814697266,0.7399997711181641,-0.8000001907348633,6.0,6.0,05-05,0.22791666785875955
02-21,0.8949999809265137,0.02500009536743164,-0.43000006675720215,-0.19000005722045896,-0.17499995231628418,0.04499995708465576,-0.07500004768371582,-0.4200000762939453,0.0,2.1750001907348637,0.6500005722045898,-0.7800002098083496,5.0,7.0,05-06,0.14333336551984152
02-22,1.0199999809265137,0.02500009536743164,-0.43000006675720215,-0.04999995231628418,-0.18500006198883054,0.029999971389770508,-0.08500003814697266,-0.4200000762939453,-0.17500019073486328,2.5500001907348637,0.5799999237060547,-0.4699997901916504,5.0,7.0,05-07,0.19916666547457376
02-23,1.0199999809265137,0.05000019073486328,-0.4549999237060547,-0.04999995231628418,-0.1950000524520874,0.029999971389770508,-0.08500003814697266,-0.18499994277954104,-0.19999980926513672,2.875,0.559999942779541,-0.5700001716613771,5.0,7.0,05-08,0.2329166829586029
02-24,0.944999933242798,-0.06999993324279785,-0.4249999523162842,-0.04999995231628418,-0.20500004291534424,0.029999971389770508,-0.14499998092651367,0.27500009536743164,-0.3249998092651367,2.774999618530273,0.4599995613098145,-0.5700001716613771,5.0,7.0,05-09,0.22458327809969586
02-25,1.0200001001358032,0.019999980926513672,-0.494999885559082,-0.08999991416931152,-0.20500004291534424,0.04999995231628418,-0.07500004768371582,1.0950002670288086,-0.3949999809265137,2.6750001907348637,0.4599995613098145,-0.35000038146972656,6.0,6.0,05-10,0.3091666499773661
02-26,0.8600001335144043,0.02500009536743164,-0.380000114440918,-0.08999991416931152,-0.21000003814697266,0.06499993801116942,0.06999993324279785,1.0349998474121094,-0.15000009536743164,2.6750001907348637,0.25,-0.09999990463256836,7.0,5.0,05-11,0.3375000059604645
02-27,0.880000114440918,0.02500009536743164,-0.3900001049041748,-0.08999991416931152,-0.18500006198883054,0.07999992370605469,0.039999961853027344,0.7699999809265137,-0.15000009536743164,2.950000762939453,0.18000030517578125,0.08999967575073242,8.0,4.0,05-12,0.3500000536441803
02-28,1.1050000190734863,0.029999971389770508,-0.3900001049041748,-0.04999995231628418,-0.20000004768371585,0.04499995708465576,0.019999980926513672,0.9499998092651368,-0.15000009536743164,3.024999618530273,0.5299997329711914,0.5199999809265137,8.0,4.0,05-13,0.452916572491328
02-29,0.0,0.0,0.0,-0.2249999046325684,0.0,0.0,0.0,0.9499998092651368,0.0,0.0,0.0,0.6799998283386229,2.0,1.0,05-14,0.11708331108093263
03-01,0.930000066757202,0.029999971389770508,-0.4200000762939453,-0.2399997711181641,-0.18000006675720215,0.13999998569488525,0.04500007629394531,0.690000057220459,-0.30499982833862305,2.875,0.2200002670288086,0.6700000762939453,8.0,4.0,05-15,0.37125006318092346
03-02,0.930000066757202,0.009999990463256836,-0.4599997997283936,-0.25,-0.1950000524520874,0.13999998569488525,0.04500007629394531,0.5250000953674316,-0.04999971389770508,2.649999618530273,0.2699995040893555,0.6700000762939453,8.0,4.0,05-16,0.3570833206176758
03-03,0.975000023841858,-0.04999995231628418,-0.27500009536743164,-0.2249999046325684,-0.19000005722045896,0.13999998569488525,0.019999980926513672,0.6649999618530273,0.10000038146972656,2.4750003814697266,0.39999961853027344,0.5900001525878906,8.0,4.0,05-17,0.3854167064030965
03-04,0.970000147819519,-0.029999971389770508,-0.3949999809265137,-0.2199997901916504,-0.19000005722045896,0.13499999046325686,-0.029999971389770508,0.75,-0.125,2.4250001907348637,0.39999961853027344,0.5799999237060547,6.0,6.0,05-18,0.3558333416779836
03-05,0.8949999809265137,0.004999876022338867,-0.4950001239776611,-0.2199997901916504,-0.17500007152557373,-0.030000090599060062,-0.019999980926513672,0.8049998283386229,-0.4500002861022949,2.4250001907348637,0.39999961853027344,0.7599997520446777,6.0,6.0,05-19,0.32499990860621136
03-06,1.0600000619888306,0.0,-0.4950001239776611,-0.24499988555908206,-0.19000005722045896,-0.04499995708465576,0.039999961853027344,0.8849997520446777,-0.4500002861022949,2.6750001907348637,0.1700000762939453,0.9200000762939452,6.0,6.0,05-20,0.3604166507720947
03-07,1.0750000476837158,0.0,-0.4950001239776611,-0.17499995231628418,-0.19000005722045896,0.0549999475479126,0.08000016212463379,0.8849997520446777,-0.4500002861022949,2.5500001907348637,0.2199997901916504,1.1500000953674316,7.0,5.0,05-21,0.3920832971731822
03-08,1.0,0.0,-0.4850001335144043,-0.17499995231628418,-0.1549999713897705,-0.07500004768371582,0.08000016212463379,0.505000114440918,-0.35000038146972656,2.5,0.15000009536743164,1.4300003051757812,6.0,6.0,05-22,0.368750015894572
03-09,1.0,0.02499985694885254,-0.5,-0.3450000286102295,-0.15500009059906006,-0.06000006198883056,0.08000016212463379,0.35500001907348633,-0.6999998092651367,2.0,0.09000015258789062,1.4300003051757812,7.0,5.0,05-23,0.268333375453949
03-10,0.9700000286102296,-0.08499979972839355,-0.4200000762939453,-0.2249999046325684,-0.1650000810623169,-0.06000006198883056,0.06500005722045897,0.309999942779541,-0.6750001907348633,1.4499998092651367,-0.009999752044677734,1.4900002479553225,5.0,7.0,05-24,0.2204166849454244
03-11,0.75,0.009999990463256836,-0.369999885559082,-0.23000001907348636,-0.1650000810623169,-0.0700000524520874,0.06500005722045897,0.5549998283386229,-0.8000001907348633,1.3249998092651367,-0.009999752044677734,1.6399998664855957,6.0,6.0,05-25,0.22499996423721316
03-12,0.9199998378753662,0.004999876022338867,-0.2899999618530273,-0.23000001907348636,-0.15999996662139893,-0.019999980926513672,0.030000209808349613,0.16000032424926758,-0.9000000953674316,1.3249998092651367,0.13000011444091794,2.480000257492065,7.0,5.0,05-26,0.2875000337759654
03-13,0.9199998378753662,-0.1549999713897705,-0.5399999618530273,-0.2400000095367432,-0.17500007152557373,0.029999971389770508,0.05499982833862305,0.1400003433227539,-0.9000000953674316,1.4750003814697266,-0.009999752044677734,2.0699996948242188,6.0,6.0,05-27,0.22250001629193625
03-14,0.75,-0.2249999046325684,-0.5399999618530273,-0.2400000095367432,-0.15500009059906006,0.02500009536743164,0.18499994277954104,0.1400003433227539,-0.8249998092651367,1.3500003814697266,0.17000055313110352,2.2800002098083496,7.0,5.0,05-28,0.24291681249936425
03-15,0.75,-0.2249999046325684,-0.5399999618530273,-0.2400000095367432,-0.17500007152557373,0.059999942779541016,0.19499993324279785,0.06500005722045897,-0.8000001907348633,1.5249996185302734,0.17000055313110352,2.4600000381469727,7.0,5.0,05-29,0.2704166670640309
03-16,0.75,-0.21499991416931152,-0.5499999523162842,-0.11500000953674315,-0.14499998092651367,0.04499995708465576,0.19499993324279785,0.059999942779541016,-0.875,1.4250001907348633,0.3499999046325684,2.4600000381469727,7.0,5.0,05-30,0.2820833424727122
03-17,0.75,-0.11500000953674315,-0.5649998188018799,-0.13000011444091794,-0.12999999523162842,0.04499995708465576,0.21499991416931152,-0.7249999046325684,-0.9500002861022948,-2.0749998092651367,-0.039999961853027344,2.5899999141693115,4.0,8.0,05-31,-0.09416667620340984
03-18,0.75,-0.08500003814697266,-0.565000057220459,-0.1700000762939453,-0.12999999523162842,-0.04999995231628418,0.494999885559082,-0.6499996185302734,-0.9249997138977052,-1.1750001907348633,-0.039999961853027344,4.509999990463257,3.0,9.0,06-01,0.163750022649765
03-19,0.9049999713897704,-0.11500000953674315,-0.4549999237060547,-0.1700000762939453,-0.12999999523162842,0.09000003337860107,0.4250000715255737,-0.8350000381469727,0.4750003814697266,-1.1750001907348633,0.2200002670288086,4.269999980926514,6.0,6.0,06-02,0.2920833726723989
03-20,0.6299998760223389,-0.4049999713897705,-0.3999998569488525,-0.1700000762939453,-0.13499999046325686,0.06999993324279785,0.3299999237060547,-0.5949997901916504,0.4750003814697266,-1.7250003814697266,0.8299999237060547,4.2099997997283936,6.0,6.0,06-03,0.259583314259847
03-21,0.75,-0.4199998378753662,-0.3999998569488525,-0.24500012397766116,-0.1499999761581421,0.1400001049041748,0.2749998569488525,-0.5949997901916504,0.4750003814697266,-1.1999998092651367,0.19000005722045896,4.050000190734863,6.0,6.0,06-04,0.2391667664051056
03-22,0.625,-0.4199998378753662,-0.3250000476837158,-0.1549999713897705,-0.09500002861022948,0.09500002861022948,0.2899999618530273,-0.255000114440918,0.6750001907348633,-1.1499996185302734,-0.16000032424926758,4.0399999618530265,5.0,7.0,06-05,0.2637500166893005
03-23,0.625,-0.434999942779541,-0.4700000286102295,-0.2199997901916504,-0.12999999523162842,0.0549999475479126,0.2899999618530273,-0.16499996185302734,0.7750000953674316,-2.0500001907348637,0.4099998474121094,4.0399999618530265,6.0,6.0,06-06,0.22708332538604736
03-24,0.7400000095367432,-0.3499999046325684,-0.5,-0.20999979972839355,-0.09500002861022948,0.0549999475479126,0.2350001335144043,-0.6350002288818359,0.4250001907348633,-3.399999618530273,0.039999961853027344,3.5999999046325684,6.0,6.0,06-07,-0.007916619380315145
03-25,1.0999999046325684,-0.3949999809265137,-0.4049999713897705,-0.2249999046325684,-0.09500002861022948,0.04499995708465576,0.2650001049041748,-0.4699997901916504,0.5550003051757812,-2.774999618530273,0.039999961853027344,3.889999866485596,6.0,6.0,06-08,0.12750006715456644
03-26,0.7700001001358032,-0.309999942779541,-0.33500003814697266,-0.2249999046325684,-0.08500003814697266,0.1099998950958252,0.3399999141693115,-0.14499998092651367,0.5750002861022949,-2.774999618530273,-0.3299999237060547,3.660000085830689,5.0,7.0,06-09,0.1041667362054189
03-27,0.7749999761581421,-0.3499999046325684,-0.35500001907348633,-0.25,-0.09000003337860107,0.06999993324279785,0.4000000953674317,-0.4000000953674317,0.5750002861022949,-2.97499942779541,-0.3700003623962401,3.740000247955322,5.0,7.0,06-10,0.06416672468185425
03-28,0.7749999761581421,-0.3499999046325684,-0.35500001907348633,-0.33500003814697266,-0.13499999046325686,0.09500002861022948,0.4500000476837158,-0.4000000953674317,0.5250000953674316,-3.4499998092651367,-0.2299995422363281,3.4600000381469727,5.0,7.0,06-11,0.00416673223177592
03-29,0.7499998807907104,-0.3499999046325684,-0.18000006675720215,-0.30499982833862305,-0.12000000476837157,0.1400001049041748,0.4600000381469727,-0.5399999618530273,0.5500001907348633,-2.84999942779541,0.07999992370605469,3.380000114440918,6.0,6.0,06-12,0.0845834215482076
03-30,0.7499998807907104,-0.3499999046325684,-0.15000009536743164,-0.2749998569488525,-0.12999999523162842,0.06500005722045897,0.4600000381469727,-1.0199999809265137,1.0,-2.6999998092651367,0.11999988555908205,3.380000114440918,6.0,6.0,06-13,0.09583336114883424
03-31,0.744999885559082,-0.3250000476837158,-0.25,-0.16000008583068848,-0.14499998092651367,0.06500005722045897,0.44499993324279785,-1.809999942779541,1.7750000953674316,-2.8249998092651367,-0.029999732971191406,3.190000057220459,5.0,7.0,06-14,0.05625003576278687
04-01,0.744999885559082,-0.25,-0.2950000762939453,-0.2850000858306885,-0.14499998092651367,-0.029999971389770508,0.4599997997283936,-1.9949998855590818,1.5250000953674316,-2.8249998092651367,-0.029999732971191406,3.4600000381469727,4.0,8.0,06-15,0.027916689713795982
04-02,0.5450000762939453,-0.375,-0.25999999046325684,-0.2850000858306885,-0.10000002384185792,0.10000002384185792,0.4600000381469727,-1.7549996376037598,1.6500000953674316,-2.8249998092651367,-0.19999980926513672,3.690000057220459,5.0,7.0,06-16,0.05375007788340249
04-03,0.4100000858306885,-0.2799999713897705,-0.3299999237060547,-0.2650001049041748,-0.1799999475479126,0.034999966621398926,0.3650000095367432,-1.4949998855590818,1.6500000953674316,-3.024999618530273,-0.2699999809265137,3.3299999237060547,5.0,7.0,06-17,-0.004583279291788736
04-04,0.375,-0.2799999713897705,-0.3299999237060547,-0.20999979972839355,-0.1549999713897705,0.039999961853027344,0.3599998950958252,-1.4949998855590818,1.5250000953674316,-2.6000003814697266,-0.4699997901916504,3.309999942779541,5.0,7.0,06-18,0.005833347638448079
04-05,0.375,-0.2799999713897705,-0.23000001907348636,-0.2249999046325684,-0.1499999761581421,0.06999993324279785,0.4649999141693115,-1.5349998474121094,1.625,-2.1500005722045903,-0.559999942779541,3.3299999237060547,5.0,7.0,06-19,0.06124996145566305
04-06,0.375,-0.2799999713897705,-0.2049999237060547,-0.2349998950958252,-0.16999995708465576,0.07499992847442627,0.4649999141693115,-1.6300001144409182,1.434999942779541,-2.524999618530273,-0.6399998664855957,3.3299999237060547,5.0,7.0,06-20,-0.00041663646697998047
04-07,0.13499999046325686,-0.2799999713897705,-0.25,-0.23000001907348636,-0.17499995231628418,0.07499992847442627,0.4700000286102295,-1.7750000953674316,1.299999713897705,-2.4499998092651367,-0.6100001335144043,3.0299997329711914,5.0,7.0,06-21,-0.06333338220914203
04-08,0.3999999761581421,-0.25,-0.25,-0.25,-0.17499995231628418,0.12000000476837157,0.35500001907348633,-1.7699999809265137,1.2249999046325684,-2.774999618530273,-0.6100001335144043,3.289999961853028,5.0,7.0,06-22,-0.05749998490015665
04-09,0.030000209808349613,-0.255000114440918,-0.18499994277954104,-0.25,-0.1499999761581421,0.07999992370605469,0.18499994277954104,-1.75,1.1750001907348633,-2.774999618530273,-0.8899998664855957,3.4600005149841313,5.0,7.0,06-23,-0.11041656136512756
04-10,0.25,-0.2999999523162842,-0.19499993324279785,-0.20000004768371585,-0.21000003814697266,0.12999999523162842,0.3200001716613769,-1.7300000190734863,1.1750001907348633,-3.3000001907348637,-0.8000001907348633,3.179999828338623,5.0,7.0,06-24,-0.14000001549720764
04-11,0.2999999523162842,-0.2799999713897705,-0.19499993324279785,-0.2249999046325684,-0.13499999046325686,0.09000003337860107,0.3450000286102295,-1.7300000190734863,1.2000000476837158,-3.4250001907348637,-0.9200000762939452,3.330000400543213,5.0,7.0,06-25,-0.13708330194155374
04-12,0.2899999618530273,-0.2799999713897705,-0.24499988555908206,-0.2049999237060547,-0.06999993324279785,0.0,0.3299999237060547,-1.7750000953674316,1.3900001049041748,-3.625,-1.700000286102295,3.320000171661377,4.0,8.0,06-26,-0.2141666611035665
04-13,0.2899999618530273,-0.25999999046325684,-0.2350001335144043,-0.3249999284744263,-0.20000004768371585,0.02499997615814209,0.3299999237060547,-1.440000057220459,1.124999761581421,-3.75,-2.039999961853028,3.320000171661377,5.0,7.0,06-27,-0.26333336035410565
04-14,0.4800000190734863,-0.375,-0.21500015258789065,-0.14499998092651367,-0.1549999713897705,0.02499997615814209,0.4049999713897705,-1.2249999046325684,1.0499997138977049,-3.65000057220459,-2.0500001907348637,3.37000036239624,5.0,7.0,06-28,-0.20708339413007104
04-15,0.4749999046325684,-0.35500001907348633,-0.19500017166137693,-0.18000006675720215,-0.1549999713897705,0.034999966621398926,0.3849999904632568,-1.6599998474121094,1.0250000953674316,-4.02500057220459,-2.0500001907348637,3.160000324249268,5.0,7.0,06-29,-0.2950000464916229
04-16,0.5999999046325684,-0.2999999523162842,-0.16499996185302734,-0.18000006675720215,-0.17499995231628418,0.035000085830688484,0.3250000476837158,-1.2150001525878906,1.25,-4.02500057220459,-1.9099998474121092,4.2199997901916495,5.0,7.0,06-30,-0.12833338975906372
04-17,0.4500000476837158,-0.3499999046325684,-0.18000006675720215,-0.21000003814697266,-0.20500004291534424,-0.0549999475479126,0.2400000095367432,-1.2300000190734863,1.25,-3.9499998092651367,-1.8400001525878904,4.070000171661377,4.0,8.0,07-01,-0.1674999793370565
04-18,0.4500000476837158,-0.3449997901916504,-0.18000006675720215,-0.3399999141693115,-0.15999996662139893,0.07500004768371582,0.35000014305114746,-1.2300000190734863,1.1500000953674316,-3.52500057220459,-2.010000228881836,4.680000305175781,5.0,7.0,07-02,-0.0904166599114736
04-19,0.4500000476837158,-0.3449997901916504,-0.18000006675720215,-0.2799999713897705,-0.17499995231628418,-0.04499995708465576,0.35000014305114746,-1.3350000381469729,1.2749998569488523,-3.8000001907348633,-1.920000076293945,4.680000305175781,4.0,8.0,07-03,-0.11041664083798726
04-20,0.4500000476837158,-0.3249998092651367,-0.18000006675720215,-0.1700000762939453,-0.2249999046325684,-0.04499995708465576,0.35000014305114746,-1.3499999046325684,1.0749998092651367,-3.5,-1.920000076293945,4.680000305175781,4.0,8.0,07-04,-0.09666662414868672
04-21,0.4500000476837158,-0.30499982833862305,-0.18000006675720215,-0.1400001049041748,-0.2400000095367432,-0.04499995708465576,0.35000014305114746,-1.4950003623962402,1.1750001907348633,-3.524999618530273,-1.5299997329711914,4.630000114440918,4.0,8.0,07-05,-0.07124993205070496
04-22,0.4249999523162842,-0.4249999523162842,-0.12000012397766112,-0.17499995231628418,-0.2400000095367432,-0.039999961853027344,0.21000003814697266,-1.3600001335144043,1.0500001907348633,-3.4499998092651367,-1.5299997329711914,4.679999828338623,4.0,8.0,07-06,-0.0812499721844991
04-23,0.4249999523162842,-0.3650000095367432,-0.14499998092651367,-0.17499995231628418,-0.2400000095367432,0.06000006198883056,0.18000006675720215,-1.1500000953674316,1.0749998092651367,-3.4499998092651367,-1.7699995040893557,4.529999732971191,5.0,7.0,07-07,-0.08541664481163025
04-24,0.06999993324279785,-0.35500001907348633,-0.1549999713897705,-0.2949998378753662,-0.2049999237060547,0.020000100135803226,0.14999985694885254,-0.8199996948242188,1.0749998092651367,-2.9250001907348637,-1.8000001907348633,4.920000553131104,5.0,7.0,07-08,-0.0266666313012441
04-25,-0.14499998092651367,-0.3299999237060547,-0.1549999713897705,-0.33499979972839355,-0.18999993801116946,0.0700000524520874,0.15999984741210938,-0.8199996948242188,1.1999998092651367,-3.274999618530273,-1.8500003814697263,4.62000036239624,4.0,8.0,07-09,-0.08749993642171222
04-26,-0.19499993324279785,-0.3299999237060547,-0.12999987602233887,-0.440000057220459,-0.1799999475479126,0.0700000524520874,0.09999990463256836,-0.8499999046325684,1.3000001907348633,-3.6000003814697266,-1.9099998474121092,4.519999980926514,4.0,8.0,07-10,-0.13708331187566122
04-27,-0.19499993324279785,-0.3299999237060547,-0.11999988555908205,-0.3949999809265137,-0.18500006198883054,0.07500004768371582,0.09999990463256836,-0.75,1.3999998569488523,-2.9499998092651367,-2.2200002670288086,4.519999980926514,4.0,8.0,07-11,-0.08750000596046448
04-28,0.0,-0.2999999523162842,-0.17500019073486328,-0.2950000762939453,-0.2200000286102295,0.07500004768371582,0.16499996185302734,-0.6100001335144043,1.2249999046325684,-2.97499942779541,-2.0600004196166988,4.5,4.0,8.0,07-12,-0.05583335955937704
04-29,-0.1550002098083496,-0.25999999046325684,-0.17500019073486328,-0.2799999713897705,-0.2200000286102295,0.034999966621398926,0.1549999713897705,-0.7150001525878906,0.9250001907348632,-3.125,-2.0600004196166988,4.0,4.0,8.0,07-13,-0.15625006953875226
04-30,-0.2999999523162842,-0.23000001907348636,-0.11500000953674315,-0.2799999713897705,-0.1499999761581421,0.07500004768371582,0.1399998664855957,-0.2249999046325684,1.0250000953674316,-3.125,-2.0,5.079999923706055,4.0,8.0,07-14,-0.008749991655349731
05-01,-0.20000004768371585,-0.21000003814697266,-0.08999991416931152,-0.2649998664855957,-0.15999996662139893,0.05000007152557373,0.15999984741210938,-0.2899999618530273,1.0250000953674316,-3.2250003814697266,-1.9800000190734863,5.179999828338623,4.0,8.0,07-15,-0.0004166960716247559
05-02,0.0,-0.24499988555908206,-0.08999991416931152,-0.17499995231628418,-0.21999990940093994,0.009999990463256836,0.25,-0.2899999618530273,0.6500000953674316,-3.6499996185302734,-2.150000095367432,7.0999999046325675,4.0,8.0,07-16,0.09916672110557556
05-03,0.07500004768371582,-0.24499988555908206,-0.07999992370605469,-0.3650000095367432,-0.12999999523162842,0.020000100135803226,0.25,0.4299998283386231,0.7350001335144043,-2.7250003814697266,-2.2300000190734863,7.28000020980835,6.0,6.0,07-17,0.2512500087420146
05-04,0.07500004768371582,-0.23000001907348636,-0.08999991416931152,-0.4100000858306885,-0.1799999475479126,0.18999993801116946,0.25,0.3900003433227539,0.875,-3.0749998092651367,-1.8400001525878904,7.28000020980835,6.0,6.0,07-18,0.2695833841959636
05-05,0.07500004768371582,-0.22500014305114746,-0.1550002098083496,-0.35000014305114746,-0.18999993801116946,0.18999993801116946,0.2799999713897705,0.2149996757507324,0.6649999618530273,-2.75,-1.75,7.1599998474121085,6.0,6.0,07-19,0.2637499173482259
05-06,-0.20000004768371585,-0.3450000286102295,-0.1399998664855957,-0.35000014305114746,-0.18999993801116946,0.21999990940093994,0.33500003814697266,0.19999980926513672,1.0749998092651367,-2.1500005722045903,-1.75,8.610000610351562,5.0,7.0,07-20,0.4429166316986084
05-07,-0.255000114440918,-0.2949998378753662,-0.06500005722045897,-0.35000014305114746,-0.19999992847442627,0.3349999189376831,0.33500003814697266,0.08500003814697266,1.1500000953674316,-2.1500005722045903,-1.6199998855590818,8.340000152587889,5.0,7.0,07-21,0.4424999753634135
05-08,-0.2400000095367432,-0.25,-0.07999992370605469,-0.35000014305114746,-0.1499999761581421,0.3750001192092896,0.20000004768371585,0.05499982833862305,1.1500000953674316,-2.5,-1.6999998092651367,8.110000133514403,5.0,7.0,07-22,0.3850000301996867
05-09,-0.1700000762939453,-0.25,-0.07999992370605469,-0.4000000953674317,-0.2250000238418579,0.44499993324279785,0.2050001621246338,0.05499982833862305,1.2699999809265137,-2.3500003814697266,-1.6100001335144043,8.660000324249268,5.0,7.0,07-23,0.4624999662240346
05-10,-0.1700000762939453,-0.25,-0.08499979972839355,-0.25,-0.23500001430511475,0.4550000429153442,0.125,0.3849997520446777,1.0999999046325684,-2.72499942779541,-1.7699999809265137,8.730000019073486,5.0,7.0,07-24,0.4425000349680583
05-11,-0.1700000762939453,-0.25,-0.09999990463256836,-0.255000114440918,-0.2200000286102295,0.5300000905990601,0.125,0.2049999237060547,1.0549998283386228,-2.5500001907348637,-1.4600000381469729,8.730000019073486,5.0,7.0,07-25,0.4699999590714773
05-12,-0.375,-0.2049999237060547,-0.09500002861022948,-0.25,-0.23500001430511475,0.5300000905990601,0.14499998092651367,0.375,1.0,-2.75,-1.5,8.599999904632567,5.0,7.0,07-26,0.4366666674613953
05-13,-0.44499993324279785,-0.2800002098083496,-0.2549998760223389,-0.25,-0.23500001430511475,0.5250000953674316,0.2749998569488525,0.23000001907348636,0.9499998092651368,-2.399999618530273,-1.5,8.670000076293945,5.0,7.0,07-27,0.4404166837533315
05-14,-0.22500014305114746,-0.23000001907348636,-0.15000009536743164,-0.25,-0.23500001430511475,0.4650001525878906,0.2950000762939453,0.2599997520446777,0.7999997138977051,-2.399999618530273,-1.5699996948242188,8.5,5.0,7.0,07-28,0.4383333424727122
05-15,-0.18000006675720215,-0.3999998569488525,-0.19000005722045896,-0.25,-0.23000001907348636,0.5,0.24500012397766116,0.2350001335144043,0.7999997138977051,-2.375,-1.7300000190734863,8.360000133514403,5.0,7.0,07-29,0.3987500071525574
05-16,-0.3450000286102295,-0.2849998474121094,-0.19000005722045896,-0.2650001049041748,-0.20000004768371585,0.5000001192092896,0.21500015258789065,0.2350001335144043,0.9499998092651368,-2.25,-1.6200003623962402,8.25,5.0,7.0,07-30,0.41624998052914935
05-17,-0.2950000762939453,-0.2849998474121094,-0.21000003814697266,-0.2049999237060547,-0.1549999713897705,0.505000114440918,0.3050000667572021,0.3650002479553223,1.25,-2.5,-1.4699997901916504,7.639999389648437,5.0,7.0,07-31,0.4120833476384481
05-18,-0.2950000762939453,-0.2849998474121094,-0.18000006675720215,-0.34499990940093994,-0.1549999713897705,0.5150001049041748,0.3050000667572021,0.3899998664855957,1.1000003814697266,-2.4699993133544917,-1.3000001907348633,7.639999389648437,5.0,7.0,08-01,0.4100000361601512
05-19,-0.15000009536743164,-0.375,-0.09999990463256836,-0.125,-0.21500003337860107,0.5150001049041748,0.309999942779541,0.2350001335144043,1.3249998092651367,-2.4499998092651367,-1.4000000953674316,7.819999694824219,5.0,7.0,08-02,0.4491666456063588
05-20,-0.07500004768371582,-0.3300001621246338,-0.1400001049041748,-0.13499999046325686,-0.21500003337860107,0.5750000476837158,0.2899999618530273,0.16499996185302734,1.239999771118164,-2.4250001907348637,-1.4000000953674316,7.62000036239624,5.0,7.0,08-03,0.4308332900206248
05-21,-0.24499988555908206,-0.3799998760223389,-0.16500020027160645,-0.13499999046325686,-0.23000001907348636,0.4950000047683716,0.2999999523162842,0.2950000762939453,1.375,-2.4250001907348637,-1.3499999046325684,7.019999980926514,5.0,7.0,08-04,0.3795833289623261
05-22,-0.24499988555908206,-0.3450000286102295,-0.13000011444091794,-0.25999999046325684,-0.21500003337860107,0.5049999952316284,0.19500017166137693,0.13500022888183594,1.375,-2.4250001907348637,-1.1500000953674316,8.15000057220459,5.0,7.0,08-05,0.4658333857854207
05-23,-0.19000005722045896,-0.2400000095367432,-0.13000011444091794,-0.2549998760223389,-0.25999999046325684,0.6200000047683716,0.25999999046325684,0.13500022888183594,1.4000000953674316,-2.2250003814697266,-1.3900003433227541,8.739999771118164,5.0,7.0,08-06,0.5387499431769053
05-24,-0.005000114440917969,-0.2400000095367432,-0.15000009536743164,-0.2549999952316284,-0.23000001907348636,0.565000057220459,0.22500014305114746,0.1700000762939453,1.4499998092651367,-2.674999237060547,-1.510000228881836,8.920000076293945,5.0,7.0,08-07,0.5220833718776703
05-25,-0.005000114440917969,-0.2400000095367432,0.11500000953674315,-0.3250000476837158,-0.23000001907348636,0.5899999141693115,0.22500014305114746,-0.05500030517578125,2.0500001907348637,-2.9499998092651367,-1.3000001907348633,8.920000076293945,5.0,7.0,08-08,0.5662499864896139
05-26,-0.005000114440917969,-0.1099998950958252,0.08999991416931152,-0.20000004768371585,-0.2250000238418579,0.5899999141693115,0.22500014305114746,0.18499994277954104,1.900000095367432,-0.025000572204589844,-1.4000000953674316,8.920000076293945,6.0,6.0,08-09,0.8287499447663625
05-27,0.0,-0.17999982833862305,-0.005000114440917969,-0.31499993801116943,-0.2250000238418579,0.5899999141693115,0.2650001049041748,0.2049999237060547,1.799999713897705,0.09999942779541016,-1.4000000953674316,8.339999675750732,6.0,6.0,08-10,0.7645832300186157
05-28,-0.09500002861022948,-0.12999987602233887,-0.19000005722045896,-0.31499993801116943,-0.2250000238418579,0.5949999094009399,-0.09999990463256836,0.5350003242492676,1.799999713897705,0.09999942779541016,-1.4000000953674316,8.049999713897705,5.0,7.0,08-11,0.7187499304612478
05-29,-0.25,0.25,-0.2049999237060547,-0.31499993801116943,-0.2450000047683716,0.5049999952316284,0.019999980926513672,0.5199999809265137,1.799999713897705,0.09999942779541016,-1.0500001907348633,7.060000419616699,7.0,5.0,08-12,0.6824999550978342
05-30,-0.19999980926513672,0.22500014305114746,-0.2049999237060547,-0.25999999046325684,-0.2450000047683716,0.5350000858306885,0.059999942779541016,0.5199999809265137,1.799999713897705,-0.6999998092651367,-1.5399999618530271,6.869999885559082,6.0,6.0,08-13,0.5716666877269745
05-31,-0.004999876022338867,0.22500014305114746,-0.2049999237060547,-0.2049999237060547,-0.23000001907348636,0.5,0.0,0.5199999809265137,0.4749999046325684,-0.9750003814697266,-0.9000000953674316,7.310000419616699,5.0,7.0,08-14,0.5425000190734863
06-01,-0.004999876022338867,0.22500014305114746,-0.19000005722045896,-0.31999993324279785,-0.25,0.3999998569488525,0.0,0.21000003814697266,0.2599997520446777,-0.40000057220458973,-0.9399995803833008,7.310000419616699,5.0,7.0,08-15,0.5250000158945719
06-02,-0.125,0.1399998664855957,-0.20000004768371585,-0.27500009536743164,-0.25999999046325684,0.3999998569488525,0.035000085830688484,0.0949997901916504,0.5500001907348633,0.5749998092651367,-1.0899996757507324,7.6500000953674325,7.0,5.0,08-16,0.6245833237965902
06-03,0.0,0.2200000286102295,-0.19000005722045896,-0.27500009536743164,-0.25999999046325684,0.3999998569488525,0.1399998664855957,0.309999942779541,0.7249999046325684,0.6750001907348633,-1.0899996757507324,7.730000019073486,7.0,5.0,08-17,0.6987499992052714
06-04,-0.3599998950958252,0.030000209808349613,-0.17499995231628418,-0.27500009536743164,-0.23000001907348636,0.470000147819519,-0.09500002861022948,0.1549997329711914,0.6649999618530273,0.6750001907348633,-1.6199998855590818,7.920000553131103,6.0,6.0,08-18,0.5966667433579763
06-05,-0.1700000762939453,0.06999993324279785,-0.16000008583068848,-0.27500009536743164,-0.26499998569488525,0.5,-0.1399998664855957,0.125,0.6649999618530273,1.4499998092651367,-1.260000228881836,7.3499999046325675,6.0,6.0,08-19,0.6574999392032623
06-06,0.014999866485595703,0.04999995231628418,-0.16000008583068848,-0.2400000095367432,-0.2549999952316284,0.4850001335144043,-0.14499998092651367,0.125,0.6599998474121094,1.0249996185302734,-1.2300000190734863,6.389999866485597,7.0,5.0,08-20,0.5599999328454336
06-07,-0.009999990463256836,0.04999995231628418,-0.20000004768371585,-0.1549999713897705,-0.2450000047683716,0.4049999713897705,-0.15000009536743164,-0.19999980926513672,0.2999997138977051,1.0749998092651367,-1.3100004196166992,5.980000019073486,5.0,7.0,08-21,0.4616665939490001
06-08,-0.009999990463256836,0.07499980926513672,-0.25,-0.1700000762939453,-0.25,0.494999885559082,-0.15000009536743164,0.07000017166137695,0.5,2.174999237060547,-1.4600000381469729,5.980000019073486,6.0,6.0,08-22,0.5837499101956686
06-09,-0.009999990463256836,0.06499981880187987,-0.2899999618530273,-0.2250000238418579,-0.2549999952316284,0.494999885559082,-0.15000009536743164,0.2699999809265137,0.1699995994567871,2.0,-1.6399998664855957,5.960000038146973,6.0,6.0,08-23,0.5324999491373698
06-10,-0.125,0.09000015258789062,-0.1700000762939453,-0.2200000286102295,-0.2549999952316284,0.494999885559082,-0.1549999713897705,0.4749999046325684,-0.17500019073486328,2.3249998092651367,-1.6399998664855957,6.5900001525878915,5.0,7.0,08-24,0.6029166479905447
06-11,-0.125,0.005000114440917969,-0.2049999237060547,-0.2200000286102295,-0.2450000047683716,0.5699999332427979,-0.1549999713897705,0.5250000953674316,-0.125,2.3249998092651367,-1.6899995803833008,6.769999980926514,5.0,7.0,08-25,0.6191667020320892
06-12,0.059999942779541016,0.20000004768371585,-0.15999984741210938,-0.24499988555908206,-0.23500001430511475,0.4249999523162842,-0.07999992370605469,0.744999885559082,-0.125,2.4499998092651367,-1.4800000190734863,6.720000267028809,6.0,6.0,08-26,0.6895833512147268
06-13,0.029999971389770508,0.060000181198120124,-0.15999984741210938,-0.14499986171722412,-0.21000003814697266,0.5249999761581421,0.019999980926513672,0.744999885559082,-0.02500009536743164,3.875,-1.510000228881836,6.929999828338622,7.0,5.0,08-27,0.8445833126703898
06-14,0.029999971389770508,0.060000181198120124,-0.18499994277954104,-0.2350001335144043,-0.18500006198883054,0.5249999761581421,0.0,0.5649995803833008,-0.17500019073486328,3.6000003814697266,-1.440000057220459,6.950000286102295,6.0,6.0,08-28,0.7924999992052714
06-15,0.029999971389770508,-0.034999847412109375,-0.009999990463256836,-0.2450000047683716,-0.1950000524520874,0.4750000238418579,0.0,0.21000003814697266,0.15000009536743164,2.700000762939453,-1.6100001335144043,6.950000286102295,6.0,6.0,08-29,0.7016667624314626
06-16,0.05500006675720215,0.035000085830688484,-0.2349998950958252,-0.20000004768371585,-0.18000006675720215,0.4750000238418579,0.005000114440917969,0.380000114440918,0.16499996185302734,2.674999237060547,-1.6600003242492676,6.87000036239624,8.0,4.0,08-30,0.6987499694029489
06-17,0.09999990463256836,-0.06999993324279785,-0.23000001907348636,-0.21500003337860107,-0.18000006675720215,0.4750000238418579,0.09500002861022948,0.7049999237060547,0.3250002861022949,2.375,-1.6600003242492676,6.880000114440918,7.0,5.0,08-31,0.7166666587193807
06-18,0.20000004768371585,-0.09999990463256836,-0.2049999237060547,-0.21500003337860107,-0.18500006198883054,0.4700000286102295,0.3250000476837158,0.8249998092651367,0.375,2.375,-1.5800004005432131,6.809999942779541,7.0,5.0,09-01,0.7579166293144226
06-19,0.24499988555908206,-0.019999980926513672,-0.15000009536743164,-0.21999990940093994,-0.18000006675720215,0.5,0.5800001621246338,1.010000228881836,0.375,2.4750003814697266,-1.6100001335144043,7.259999275207519,7.0,5.0,09-02,0.8554166456063589
06-20,0.04999995231628418,0.010000228881835938,-0.15000009536743164,-0.19999992847442627,-0.1499999761581421,0.5250000953674316,0.6349999904632568,1.010000228881836,0.375,2.8000001907348637,-1.549999713897705,8.49000072479248,8.0,4.0,09-03,0.9870834747950236
06-21,0.0,0.010000228881835938,-0.1400001049041748,-0.1950000524520874,-0.16000008583068848,0.44499993324279785,0.6649999618530273,0.9950003623962402,0.4249997138977051,2.5749998092651367,-1.579999923706055,7.40000057220459,7.0,5.0,09-04,0.8700000345706941
06-22,0.0,0.08000016212463379,-0.13000011444091794,-0.1950000524520874,-0.20500004291534424,0.4849998950958252,0.6649999618530273,0.9750003814697266,0.08500003814697266,2.774999618530273,-1.0,7.40000057220459,7.0,5.0,09-05,0.9112500349680582
06-23,-0.04999995231628418,0.060000181198120124,-0.06500005722045897,-0.004999995231628418,-0.18000006675720215,0.4849998950958252,0.6800000667572021,0.8099999427795409,0.375,2.375,-0.9000000953674316,7.25,7.0,5.0,09-06,0.9029166599114736
06-24,-0.039999961853027344,0.1700000762939453,-0.009999990463256836,0.004999995231628418,-0.18000006675720215,0.4749999046325684,0.6950001716613771,0.8449997901916504,0.3200001716613769,2.555000305175781,-0.9000000953674316,7.260000228881836,8.0,4.0,09-07,0.9329167107741038
06-25,0.07500004768371582,0.20000004768371585,-0.009999990463256836,0.004999995231628418,-0.029999971389770508,0.4499999284744263,0.7650001049041748,1.1299996376037598,0.1850004196166992,2.555000305175781,-0.7600002288818359,6.949999809265138,9.0,3.0,09-08,0.959583342075348
06-26,-0.08500003814697266,0.2999999523162842,0.04500007629394531,-0.13499999046325686,-0.07500004768371582,0.4749999046325684,0.7949998378753662,1.114999771118164,0.1850004196166992,2.2300004959106445,-0.8400001525878906,6.260000228881836,8.0,4.0,09-09,0.8558333714803059
06-27,0.19000005722045896,0.31999993324279785,0.04500007629394531,-0.11999988555908205,0.0,0.5649999380111694,1.1549999713897705,1.114999771118164,0.21000003814697266,2.9049997329711914,-0.8300004005432129,5.3400001525878915,9.0,3.0,09-10,0.907916615406672
06-28,0.22500014305114746,0.31999993324279785,0.04999995231628418,0.034999966621398926,-0.05000007152557373,0.4499999284744263,1.1299998760223389,0.7249999046325684,0.16499996185302734,2.375,-1.0999999046325684,5.809999465942383,10.0,2.0,09-11,0.8445832629998525
06-29,0.22500014305114746,0.31999993324279785,-0.019999980926513672,0.029999971389770508,-0.07500004768371582,0.3849998712539673,1.1299998760223389,0.8249998092651367,0.19000005722045896,1.8249998092651367,-0.869999885559082,5.809999465942383,9.0,3.0,09-12,0.8145832518736521
06-30,0.22500014305114746,0.10499978065490724,0.08000016212463379,0.015000104904174803,-0.14500010013580322,0.3849998712539673,1.0249998569488523,0.4700002670288086,0.02499961853027344,1.8249998092651367,-0.5999999046325684,5.309999465942383,10.0,2.0,09-13,0.7266665895779928
07-01,0.125,0.125,-0.04499983787536621,-0.04999995231628418,-0.14500010013580322,0.5049998760223389,1.1449999809265137,0.4650001525878906,0.2999997138977051,2.625,-0.5999999046325684,5.5,8.0,4.0,09-14,0.8291666607062022
07-02,0.2400000095367432,0.21000003814697266,0.05500006675720215,-0.04999995231628418,-0.12999999523162842,0.4750000238418579,1.069999933242798,0.20000028610229487,0.2999997138977051,2.625,-0.9900002479553224,5.8600006103515625,9.0,3.0,09-15,0.8220833738644918
07-03,0.2200000286102295,0.27500009536743164,0.034999847412109375,-0.015000104904174803,-0.1650000810623169,0.4850000143051148,1.0099999904632568,-0.4649996757507324,0.2999997138977051,2.5500001907348637,-1.170000076293945,5.379999160766602,8.0,4.0,09-16,0.7033332586288452
07-05,0.10000014305114746,0.3000001907348633,0.034999847412109375,-0.015000104904174803,-0.21000003814697266,0.4650000333786011,1.0700001716613772,-0.4649996757507324,0.22500038146972656,2.125,-1.179999828338623,4.75999927520752,8.0,4.0,09-18,0.6008333663145701
07-06,0.10000014305114746,0.3000001907348633,0.04999995231628418,-0.02499997615814209,-0.31000006198883057,0.4250000715255737,1.0700001716613772,-0.7200002670288086,0.19999980926513672,2.27500057220459,-1.130000114440918,4.75999927520752,8.0,4.0,09-19,0.582916647195816
07-07,0.10000014305114746,0.25,-0.04500007629394531,-0.07500004768371582,-0.35500001907348633,0.4250000715255737,1.0700001716613772,-0.8150000572204591,0.09999990463256836,1.6999998092651367,-1.2100000381469729,4.969999313354492,7.0,5.0,09-20,0.5095832645893097
07-08,0.16000008583068848,0.1549999713897705,0.04000020027160645,-0.059999942779541016,-0.35500001907348633,0.4200000762939453,1.194999933242798,-0.984999656677246,-0.02500009536743164,2.0,-1.2100000381469729,5.470000267028809,7.0,5.0,09-21,0.5670833985010783
07-09,-0.11999988555908205,0.10000014305114746,0.04000020027160645,-0.059999942779541016,-0.3899999856948853,0.4150000810623169,1.184999942779541,-0.7999997138977051,0.0,2.0,-1.0500001907348633,5.510000228881836,6.0,6.0,09-22,0.5691667397816976
07-10,0.0,0.15000009536743164,0.04000020027160645,-0.06999993324279785,-0.3500000238418579,0.43999993801116943,1.2599999904632568,-0.7549996376037598,0.0,2.0749998092651367,-1.2699999809265137,4.0,6.0,6.0,09-23,0.4600000381469727
07-11,0.09500002861022948,0.20000004768371585,0.04000020027160645,-0.040000081062316895,-0.2899999618530273,0.4249999523162842,1.3650000095367432,-0.7549996376037598,0.3249998092651367,2.52500057220459,-0.9099998474121094,4.2400007247924805,8.0,4.0,09-24,0.6016668180624644
07-12,0.07500004768371582,0.20000004768371585,0.04000020027160645,-0.09500002861022948,-0.21500003337860107,0.43000006675720215,1.434999942779541,-0.8899998664855957,-0.02500009536743164,2.8249998092651367,-0.7699999809265137,3.730000495910645,7.0,5.0,09-25,0.5616667171319326
07-13,0.07500004768371582,0.18000006675720215,0.019999980926513672,-0.09000003337860107,-0.2999999523162842,0.4649999141693115,1.434999942779541,-0.8550000190734863,-0.010000228881835938,2.1500005722045903,-0.7200002670288086,3.730000495910645,7.0,5.0,09-26,0.5066667099793752
07-14,0.07500004768371582,0.18499994277954104,-0.035000085830688484,0.0,-0.315000057220459,0.4649999141693115,1.375,-0.6550002098083496,-0.02500009536743164,1.8000001907348633,-0.3600001335144043,1.8100004196166992,6.0,6.0,09-27,0.35999999443689984
07-15,0.0,0.27500009536743164,-0.04499983787536621,-0.02499997615814209,-0.315000057220459,0.4649999141693115,1.25,-0.8649997711181641,0.034999847412109375,1.8999996185302732,-0.3600001335144043,1.6499996185302734,6.0,6.0,09-28,0.330416609843572
07-16,0.2200000286102295,0.3450000286102295,-0.1550002098083496,-0.02499997615814209,-0.2650001049041748,0.2950000762939453,1.2850000858306885,-1.364999771118164,0.21000003814697266,1.8999996185302732,-0.5799999237060547,0.3899993896484375,7.0,5.0,09-29,0.1879166066646576
07-17,0.125,0.25,-0.10500001907348633,-0.0849999189376831,-0.2400000095367432,0.125,1.3350000381469729,-1.424999713897705,0.21000003814697266,1.5999994277954102,-0.7300000190734863,1.3400001525878906,7.0,5.0,09-30,0.1999999980131785
07-18,0.16499996185302734,0.2699999809265137,-0.10500001907348633,-0.10499989986419678,-0.2799999713897705,0.014999866485595703,1.2849998474121094,-1.424999713897705,-0.19999980926513672,1.2300004959106443,-0.7799997329711914,1.979999542236328,6.0,6.0,10-01,0.17083337903022766
07-19,0.3149998188018799,0.2699999809265137,-0.14999985694885254,-0.0549999475479126,-0.18999993801116946,-0.04499983787536621,1.3349997997283936,-1.3449997901916504,-0.4749999046325684,1.1999998092651367,-0.5500001907348633,3.0600004196166988,5.0,7.0,10-02,0.28083336353302
07-20,0.3149998188018799,0.2200000286102295,-0.1549999713897705,-0.030000090599060062,-0.18499994277954104,-0.21499991416931152,1.3349997997283936,-1.299999713897705,-0.9149999618530272,1.3249998092651367,-0.4600000381469727,3.0600004196166988,5.0,7.0,10-03,0.24958335359891254
07-21,0.2249999046325684,0.2549998760223389,-0.12999987602233887,-0.039999961853027344,-0.1499999761581421,-0.21499991416931152,1.3349997997283936,-1.1349997520446775,-0.625,1.6300001144409182,-0.6700000762939453,2.430000305175781,5.0,7.0,10-04,0.24250003695487976
07-22,0.125,0.15000009536743164,-0.1400001049041748,-0.039999961853027344,-0.1499999761581421,-0.2200000286102295,1.125,-1.1000003814697266,-0.75,1.6999998092651367,-0.6700000762939453,3.3099994659423833,5.0,7.0,10-05,0.2783332367738088
07-23,0.3949999809265137,0.3050000667572021,-0.08500003814697266,-0.039999961853027344,-0.16999995708465576,-0.2850000858306885,0.8400001525878906,-1.135000228881836,-0.7249999046325684,1.6999998092651367,-0.7000002861022949,2.7100000381469727,5.0,7.0,10-06,0.2341666320959727
07-24,0.20000004768371585,0.2549998760223389,-0.029999971389770508,-0.039999961853027344,-0.1499999761581421,-0.18500018119812006,0.9749999046325684,-1.0650000572204592,-0.7249999046325684,1.9250001907348635,-0.5,3.670000076293945,5.0,7.0,10-07,0.36083333690961206
07-25,0.2999999523162842,0.2549998760223389,-0.029999971389770508,-0.0549999475479126,-0.1499999761581421,-0.23000001907348636,0.9349999427795409,-1.0650000572204592,-0.6999998092651367,1.5749998092651367,-0.369999885559082,3.540000915527344,5.0,7.0,10-08,0.33375006914138794
07-26,0.2999999523162842,0.2549998760223389,-0.04499983787536621,-0.04499995708465576,-0.15999996662139893,-0.18500018119812006,0.8349997997283936,-1.0749998092651367,-0.5,1.6599998474121094,-0.25,4.729999542236328,5.0,7.0,10-09,0.45999993880589796
07-27,0.2999999523162842,0.369999885559082,0.029999971389770508,-0.11500000953674315,-0.21000003814697266,-0.1700000762939453,0.8349997997283936,-1.0500001907348633,-0.5,1.875,-0.3899998664855957,4.729999542236328,6.0,6.0,10-10,0.4754165808359782
07-28,0.2749998569488525,0.23000001907348636,-0.0949997901916504,0.02499997615814209,-0.21500003337860107,-0.1700000762939453,0.8349997997283936,-1.229999542236328,-0.4500002861022949,1.6099996566772459,-0.369999885559082,4.75999927520752,6.0,6.0,10-11,0.4337499141693115
07-29,0.125,0.3200001716613769,-0.06500005722045897,0.039999961853027344,-0.21500003337860107,-0.23000001907348636,2.0150001049041752,-1.3249998092651367,-0.3249998092651367,1.4699993133544922,-0.369999885559082,5.260001182556152,6.0,6.0,10-12,0.5583334267139435
07-30,0.125,0.2950000762939453,-0.09999990463256836,0.039999961853027344,-0.20000004768371585,-0.24500012397766116,1.8300001621246336,-1.1800003051757812,-0.375,1.4699993133544922,-0.3899998664855957,5.459999084472656,6.0,6.0,10-13,0.560833195845286
07-31,0.125,0.2999999523162842,-0.05499982833862305,-0.004999995231628418,-0.2249999046325684,-0.20000004768371585,2.075000047683716,-1.1600003242492676,-0.375,1.4249992370605469,-0.2800002098083496,5.430000305175781,5.0,7.0,10-14,0.5879166026910146
08-01,0.11999988555908205,0.2999999523162842,-0.05499982833862305,0.009999990463256836,-0.2049999237060547,-0.16000008583068848,2.364999771118164,-1.1600003242492676,-0.2899999618530273,1.75,0.2699999809265137,4.569999694824219,7.0,5.0,10-15,0.6262499292691549
08-02,0.11999988555908205,0.2999999523162842,-0.05499982833862305,0.009999990463256836,-0.14499998092651367,-0.21000003814697266,2.789999961853028,-1.2800002098083496,-0.4250001907348633,1.7250003814697266,0.690000057220459,3.670000076293945,7.0,5.0,10-16,0.5991666714350382
08-03,0.11999988555908205,0.2650001049041748,-0.14499998092651367,0.019999980926513672,-0.11500000953674315,-0.12000012397766112,2.789999961853028,-1.2400002479553225,-0.4499998092651367,1.9749994277954104,0.8599996566772461,3.670000076293945,7.0,5.0,10-17,0.6358332435290018
08-04,0.2349998950958252,0.2350001335144043,-0.16500020027160645,-0.019999980926513672,-0.07499992847442627,-0.12000012397766112,2.695000171661377,-1.0899996757507324,-0.5750002861022949,2.3249998092651367,0.7599997520446777,3.2300004959106445,6.0,6.0,10-18,0.6195833384990692
08-05,-0.18999981880187988,0.17499995231628418,-0.15000009536743164,-0.019999980926513672,-0.07499992847442627,-0.12000012397766112,2.630000114440918,-1.0850000381469729,-0.3000001907348633,2.264999389648437,0.7599997520446777,2.4499998092651367,5.0,7.0,10-19,0.5283332367738088
08-06,-0.059999942779541016,0.14999985694885254,-0.17999982833862305,-0.019999980926513672,-0.07999992370605469,-0.4549999237060547,2.5699999332427983,-1.0,0.0,2.264999389648437,0.6700000762939453,2.899999618530273,5.0,7.0,10-20,0.56333327293396
08-07,-0.06500005722045897,0.19499993324279785,-0.039999961853027344,-0.11999988555908205,-0.10499989986419678,-0.3849999904632568,2.8849997520446777,-0.9000000953674316,0.0,2.289999961853028,0.7199997901916504,1.8600006103515625,5.0,7.0,10-21,0.5279166797796885
08-08,0.019999980926513672,0.1549999713897705,-0.039999961853027344,0.014999985694885254,-0.11500000953674315,-0.23000001907348636,2.620000123977661,-0.9000000953674316,0.17500019073486328,1.825000762939453,0.4499998092651367,2.640000343322754,8.0,4.0,10-22,0.5512500902016958
08-09,0.035000085830688484,0.1549999713897705,0.09500002861022948,0.0,-0.09499990940093994,-0.255000114440918,2.684999704360962,-0.9850001335144044,0.20000028610229487,1.354999542236328,0.5199999809265137,2.7200002670288086,8.0,4.0,10-23,0.5358333090941111
08-10,0.035000085830688484,0.08500003814697266,0.06999993324279785,-0.004999995231628418,-0.1499999761581421,-0.375,2.684999704360962,-0.994999885559082,0.5,1.5150003433227541,0.2199997901916504,2.7200002670288086,8.0,4.0,10-24,0.5254166920979818
08-11,0.1549999713897705,0.16499996185302734,0.07999992370605469,-0.04999995231628418,-0.10499989986419678,-0.375,2.7099997997283936,-0.8250002861022949,1.1150002479553225,0.9400005340576172,0.31999969482421875,3.2100009918212886,8.0,4.0,10-25,0.6116667489210764
08-12,-0.10000014305114746,0.25,0.1400001049041748,0.0,-0.10499989986419678,-0.3650000095367432,2.9449999332427983,-0.8249998092651367,0.8249998092651367,0.75,0.31999969482421875,3.59000015258789,7.0,5.0,10-26,0.6187499860922495
08-13,-0.005000114440917969,0.1099998950958252,0.1700000762939453,0.0,-0.09499990940093994,-0.21499991416931152,2.835000276565552,-0.9649996757507324,0.5499997138977051,0.75,0.4399995803833008,2.8600006103515625,7.0,5.0,10-27,0.5362500449021658
08-14,-0.09500002861022948,0.2549998760223389,0.14499998092651367,0.019999980926513672,0.029999971389770508,-0.2700002193450928,2.7949998378753658,-0.7649998664855957,0.5499997138977051,0.625,0.3499999046325684,3.0199995040893555,9.0,3.0,10-28,0.5549998879432678
08-15,-0.08999991416931152,0.3249998092651367,0.14499998092651367,0.019999980926513672,-0.004999995231628418,-0.2799999713897705,2.919999837875366,-0.7649998664855957,0.625,0.5649995803833008,0.4500002861022949,3.8600006103515625,8.0,4.0,10-29,0.6475000282128652
08-16,-0.02500009536743164,0.3249998092651367,0.14499998092651367,0.0,-0.039999961853027344,-0.3000001907348633,2.9999997615814213,-0.684999942779541,0.7649998664855957,0.5349998474121094,0.3400001525878906,2.5699996948242188,7.0,5.0,10-30,0.5524999101956686
08-17,-0.02500009536743164,0.21000003814697266,0.17500019073486328,-0.02499997615814209,-0.07999992370605469,-0.2200000286102295,2.9999997615814213,-0.9549999237060548,1.2250003814697266,0.2849998474121094,0.35000038146972656,2.5699996948242188,7.0,5.0,10-31,0.5425000290075938
08-18,-0.04999995231628418,0.23000001907348636,0.13000011444091794,0.019999980926513672,-0.07999992370605469,-0.2200000286102295,2.9699997901916504,-0.994999885559082,1.0499997138977049,-0.2999992370605469,0.5700001716613771,3.109999656677246,7.0,5.0,11-01,0.5362500349680582
08-19,-0.06999993324279785,0.2400000095367432,0.2200000286102295,-0.02499997615814209,-0.07999992370605469,-0.16499996185302734,3.5999999046325684,-1.0699996948242188,1.0300002098083496,0.35000038146972656,0.5700001716613771,3.380000114440918,7.0,5.0,11-02,0.6650001108646393
08-20,0.035000085830688484,0.13499999046325686,0.1700000762939453,-0.02499997615814209,-0.08999991416931152,-0.2949998378753662,3.695000171661377,-1.079999923706055,1.005000114440918,0.35000038146972656,0.5799999237060547,2.1999988555908203,8.0,4.0,11-03,0.5566666622956594
08-21,0.07000017166137695,0.5449998378753662,0.12000012397766112,0.0,-0.08999991416931152,-0.25999999046325684,3.7899999618530273,-1.1549997329711914,1.005000114440918,0.6499996185302734,0.6899995803833008,2.549999237060547,8.0,4.0,11-04,0.6595832506815592
08-22,-0.029999971389770508,0.2949998378753662,0.12000012397766112,0.009999990463256836,-0.09500002861022948,-0.16499996185302734,3.7199997901916495,-1.1549997329711914,1.25,0.04500007629394531,0.75,2.549999237060547,8.0,4.0,11-05,0.6079166134198507
08-23,-0.029999971389770508,0.2949998378753662,0.20000004768371585,0.0549999475479126,-0.08999991416931152,-0.2799999713897705,3.375,-0.9749999046325684,1.2750000953674316,-0.9400005340576172,0.6999998092651367,2.270000457763672,7.0,5.0,11-06,0.4879166583220164
08-24,-0.029999971389770508,0.17499995231628418,0.1549999713897705,0.09000015258789062,-0.13499999046325686,-0.31999993324279785,3.375,-1.1449999809265137,1.5,-0.8900003433227539,0.7100000381469727,2.270000457763672,7.0,5.0,11-07,0.4795833627382914
08-25,0.0,0.5149998664855957,0.07499980926513672,0.0,-0.11000001430511476,-0.31999993324279785,3.2850000858306885,-1.0250000953674316,1.1050000190734863,-0.12000083923339845,0.690000057220459,2.1200008392333984,6.0,6.0,11-08,0.5179166495800018
08-26,0.06999993324279785,0.4700000286102295,0.18999981880187988,-0.004999995231628418,-0.11000001430511476,-0.31999993324279785,3.0750000476837163,-1.0350003242492676,1.1550002098083496,-0.20000076293945312,0.690000057220459,2.6599998474121094,7.0,5.0,11-09,0.5533332427342733
08-27,0.10000014305114746,0.41499996185302734,0.19999980926513672,-0.004999995231628418,-0.09500002861022948,-0.2349998950958252,3.3299999237060547,-1.1099996566772459,1.0,-0.20000076293945312,0.7699999809265137,3.609999656677246,7.0,5.0,11-10,0.6483332614103953
08-28,-0.07500004768371582,0.559999942779541,0.13499999046325686,-0.029999971389770508,-0.1549999713897705,-0.3650000095367432,3.380000114440918,-0.9600000381469728,1.0,0.0,0.9300003051757812,1.479999542236328,6.0,6.0,11-11,0.4916666547457377
08-29,-0.05500006675720215,0.44499993324279785,0.13499999046325686,-0.019999980926513672,-0.1499999761581421,-0.3400001525878906,3.1050000190734863,-0.9600000381469728,0.9249997138977052,0.34999942779541016,0.9200000762939452,0.07999992370605469,7.0,5.0,11-12,0.36958323915799457
08-30,-0.07500004768371582,0.44499993324279785,0.13499999046325686,-0.019999980926513672,-0.14499998092651367,-0.309999942779541,3.179999828338623,-1.0399999618530271,1.1050000190734863,0.5200004577636719,0.9699997901916504,-0.09999942779541016,6.0,6.0,11-13,0.3887500564257304
08-31,-0.07500004768371582,0.3450000286102295,0.08000016212463379,0.009999990463256836,-0.12000000476837157,-0.2799999713897705,3.179999828338623,-1.1750001907348633,1.6500000953674316,0.0,0.869999885559082,-0.09999942779541016,6.0,6.0,11-14,0.3654166956742605
09-01,-0.07500004768371582,0.4699997901916504,-0.009999990463256836,-0.009999990463256836,-0.0700000524520874,-0.2799999713897705,3.054999828338623,-1.4749999046325684,1.450000286102295,0.05000019073486328,0.8399996757507324,-1.2200002670288086,5.0,7.0,11-15,0.22708329558372495
09-02,0.04999995231628418,0.3299999237060547,-0.014999866485595703,-0.014999985694885254,-0.0700000524520874,-0.2799999713897705,3.0550000667572017,-1.8699998855590818,1.380000114440918,0.1899995803833008,0.8399996757507324,-0.2200002670288086,6.0,6.0,11-16,0.2812499403953552
09-03,0.14999985694885254,0.315000057220459,-0.09999990463256836,-0.014999985694885254,-0.0700000524520874,-0.315000057220459,3.0899996757507324,-1.829999923706055,1.4949998855590818,0.1899995803833008,0.8399996757507324,0.4399995803833008,7.0,5.0,11-17,0.3491665323575337
09-04,0.08500003814697266,0.2200000286102295,-0.10500001907348633,-0.014999985694885254,-0.09500002861022948,-0.2799999713897705,3.380000114440918,-1.8550000190734863,1.4949998855590818,0.1899995803833008,0.6500000953674316,-0.31999969482421875,6.0,6.0,11-18,0.27916666865348816
09-05,-0.11500000953674315,0.2200000286102295,-0.10500001907348633,-0.10500001907348633,-0.10000002384185792,-0.315000057220459,3.070000171661377,-1.8550000190734863,1.4949998855590818,-0.35000038146972656,0.7800002098083496,0.3400001525878906,5.0,7.0,11-19,0.2466666599114736
09-06,-0.05500006675720215,0.2200000286102295,-0.10500001907348633,-0.05500006675720215,-0.06499993801116942,-0.3250000476837158,3.21500015258789,-1.8550000190734863,1.7799997329711914,-0.7899999618530273,0.7100000381469727,0.3400001525878906,5.0,7.0,11-20,0.2512499988079071
09-07,-0.05500006675720215,0.2200000286102295,-0.16000008583068848,-0.034999966621398926,-0.039999961853027344,-0.3050000667572021,3.21500015258789,-2.039999961853028,1.7849998474121094,-0.7200002670288086,0.8600001335144043,0.3400001525878906,5.0,7.0,11-21,0.2554166615009308
09-08,-0.05500006675720215,0.10500001907348633,-0.12999987602233887,-0.08999991416931152,-0.039999961853027344,-0.3050000667572021,3.21500015258789,-1.7750000953674316,1.684999942779541,-0.2200002670288086,0.6600003242492676,0.3400001525878906,5.0,7.0,11-22,0.2825000286102295
09-09,-0.09000015258789062,0.315000057220459,-0.13499999046325686,-0.08999991416931152,-0.039999961853027344,-0.3050000667572021,3.660000324249268,-1.8000001907348633,1.75,-0.1700000762939453,0.6600003242492676,-0.12999916076660156,4.0,8.0,11-23,0.302083432674408
09-10,0.04999995231628418,0.5450000762939453,-0.04999995231628418,-0.08999991416931152,-0.02499997615814209,-0.2699999809265137,3.180000305175781,-1.690000057220459,1.7750000953674316,-0.1700000762939453,0.4300003051757813,-0.25999927520751953,5.0,7.0,11-24,0.2854167918364207
09-11,-0.06500005722045897,0.3849999904632568,-0.12000012397766112,-0.10500001907348633,0.05500006675720215,-0.3050000667572021,2.355000257492065,-1.4650001525878906,1.7750000953674316,-0.1700000762939453,0.309999942779541,-0.4099998474121094,5.0,7.0,11-25,0.18666666746139526
09-12,-0.04500007629394531,0.2400000095367432,-0.12000012397766112,-0.034999966621398926,0.10000002384185792,-0.309999942779541,2.440000295639038,-1.4650001525878906,1.625,-1.5399999618530271,0.4200000762939453,-0.2999992370605469,5.0,7.0,11-26,0.08416674534479777
09-13,-0.14499998092651367,0.2400000095367432,-0.19500017166137693,-0.035000085830688484,0.13499999046325686,-0.24499988555908206,2.9150002002716064,-1.4900002479553225,1.325000286102295,-1.760000228881836,0.4599995613098145,-0.2999992370605469,5.0,7.0,11-27,0.0754166841506958
09-14,-0.14499998092651367,0.20000004768371585,-0.14499998092651367,-0.039999961853027344,0.16499996185302734,-0.2650001049041748,2.9150002002716064,-0.5750002861022949,1.4600000381469729,-1.5500001907348633,0.4899997711181641,-0.2999992370605469,5.0,7.0,11-28,0.18416668971379602
09-15,-0.14499998092651367,0.17499995231628418,-0.15000009536743164,-0.004999995231628418,0.13999998569488525,-0.2650001049041748,2.9100000858306885,-0.7750000953674316,1.2750000953674316,-1.9099998474121092,0.2699999809265137,-0.05999946594238281,5.0,7.0,11-29,0.12166670958201092
09-16,-0.02500009536743164,0.20000004768371585,-0.09999990463256836,-0.030000090599060062,0.13999998569488525,-0.3200001716613769,2.875,-1.0249996185302734,1.450000286102295,-1.9700002670288088,0.2699999809265137,0.3200006484985352,6.0,6.0,11-30,0.14875006675720215
09-17,0.06499981880187987,0.2950000762939453,-0.1400001049041748,-0.030000090599060062,0.2200000286102295,-0.2700002193450928,2.7950003147125244,-1.0700001716613772,1.4000000953674316,-1.9700002670288088,0.380000114440918,-0.07999992370605469,6.0,6.0,12-01,0.13291663924853006
09-18,0.2249999046325684,0.09999990463256836,-0.1400001049041748,0.009999990463256836,0.26499998569488525,-0.2800002098083496,3.4300000667572017,-1.045000076293945,1.4000000953674316,-1.369999885559082,0.3299999237060547,0.3400001525878906,8.0,4.0,12-02,0.2720833122730255
09-19,0.07500004768371582,0.3799998760223389,-0.1400001049041748,0.034999966621398926,0.2749999761581421,-0.2749998569488525,4.605000257492065,-1.045000076293945,1.5250000953674316,-1.520000457763672,0.3600001335144043,0.7700004577636719,8.0,4.0,12-03,0.4204166928927104
09-20,0.15000009536743164,0.3799998760223389,-0.1400001049041748,-0.05500006675720215,0.1799999475479126,-0.24499988555908206,4.5849997997283936,-1.0199999809265137,1.625,-1.8000001907348633,0.0,0.7700004577636719,6.0,6.0,12-04,0.36916666229565936
09-21,0.15000009536743164,0.3399999141693115,-0.1400001049041748,0.04500007629394531,0.1950000524520874,-0.029999971389770508,4.5849997997283936,-1.0150003433227541,1.7750000953674316,-1.8000001907348633,0.1100001335144043,0.7700004577636719,8.0,4.0,12-05,0.4154166678587596
09-22,0.05500006675720215,0.2999999523162842,-0.1099998950958252,0.034999966621398926,0.2200000286102295,-0.029999971389770508,4.479999780654907,-0.9099998474121094,1.7100000381469729,-1.8600006103515625,0.08000040054321289,0.25,8.0,4.0,12-06,0.351666659116745
09-23,0.09999990463256836,0.44499993324279785,-0.06999993324279785,0.0549999475479126,0.2200000286102295,-0.035000085830688484,4.739999771118164,-0.9000000953674316,1.7750000953674316,-1.0700006484985352,0.08000040054321289,0.7600002288818359,8.0,4.0,12-07,0.508333295583725
09-24,0.11999988555908205,0.375,-0.02500009536743164,0.0549999475479126,0.2699999809265137,0.005000114440917969,4.720000267028809,-0.9800000190734864,1.700000286102295,-1.0700006484985352,0.18000030517578125,0.7400007247924805,9.0,3.0,12-08,0.5075000623861948
09-25,0.20000004768371585,0.4299998283386231,-0.09500002861022948,0.009999990463256836,0.21500003337860107,-0.034999847412109375,4.600000143051148,-0.9050002098083496,1.700000286102295,-0.5700006484985352,-0.13000011444091794,0.6500005722045898,7.0,5.0,12-09,0.5058333377043406
09-26,0.25999999046325684,0.2749998569488525,-0.09500002861022948,0.014999985694885254,0.3249999284744263,0.07500004768371582,4.595000267028809,-0.9050002098083496,1.700000286102295,-1.5399999618530271,-0.3400001525878906,-0.21000003814697266,7.0,5.0,12-10,0.3462499976158142
09-27,0.3299999237060547,0.2749998569488525,0.005000114440917969,0.06499993801116942,0.31999993324279785,0.11500000953674315,4.614999771118164,-0.8700003623962402,1.565000057220459,-1.8800001144409182,0.2999997138977051,-0.21000003814697266,9.0,3.0,12-11,0.3858332335948944
09-28,0.3299999237060547,0.2749998569488525,-0.125,0.0549999475479126,0.2799999713897705,0.1100001335144043,4.614999771118164,-0.8100004196166992,1.8249998092651367,-1.6599998474121094,-0.009999752044677734,-0.21000003814697266,7.0,5.0,12-12,0.38958327968915296
09-29,0.3799998760223389,0.2549998760223389,0.04499983787536621,0.02499997615814209,0.2200000286102295,0.1100001335144043,4.684999942779541,-0.3250002861022949,2.264999866485596,-1.6999998092651367,0.13000011444091794,-0.8399991989135742,9.0,3.0,12-13,0.4375000298023224
09-30,0.22500014305114746,0.22500014305114746,-0.06500005722045897,0.08000004291534424,0.2200000286102295,0.09500002861022948,3.504999876022339,-0.440000057220459,2.150000095367432,-1.3500003814697266,0.13000011444091794,-1.920000076293945,8.0,4.0,12-14,0.2379166583220164
10-01,0.3450000286102295,0.33499979972839355,-0.10500001907348633,0.08000004291534424,0.23500001430511475,0.2049999237060547,3.5299999713897705,-0.875,2.150000095367432,-1.3500003814697266,-0.039999961853027344,-2.8699989318847656,7.0,5.0,12-15,0.13666671514511108
10-02,0.31999993324279785,0.3400001525878906,-0.08999991416931152,0.09500002861022948,0.14499998092651367,0.21000003814697266,3.6149997711181636,-1.0249996185302734,2.150000095367432,-1.4800004959106443,0.4000000953674317,-2.3299999237060547,8.0,4.0,12-16,0.1958333452542623
10-03,0.3250000476837158,0.3400001525878906,-0.08999991416931152,0.09999990463256836,0.12999999523162842,0.09500002861022948,3.495000123977661,-1.0249996185302734,2.3249998092651367,-2.0299997329711914,0.31999969482421875,-3.0699996948242188,8.0,4.0,12-17,0.07625006635983785
10-04,0.2650001049041748,0.3400001525878906,-0.06999993324279785,-0.015000104904174803,0.06000006198883056,0.10000014305114746,3.640000104904175,-0.9649996757507324,2.2249999046325684,-2.1000003814697266,0.13000011444091794,-3.0699996948242188,7.0,5.0,12-18,0.04500006635983785
10-05,0.2650001049041748,0.3400001525878906,-0.10000014305114746,0.019999980926513672,0.11000001430511476,0.18000006675720215,3.640000104904175,-0.9600000381469728,3.525000095367432,-2.5599994659423833,0.13000011444091794,-3.0699996948242188,8.0,4.0,12-19,0.12666677435239154
10-06,0.16500020027160645,0.2999999523162842,-0.2799999713897705,-0.06500005722045897,0.15999996662139893,0.18000006675720215,3.7300000190734863,-0.9349999427795409,3.539999961853028,-2.9899997711181636,0.0,-2.770000457763672,6.0,6.0,12-20,0.0862499972184499
10-07,0.17500019073486328,0.33499979972839355,-0.2200000286102295,0.014999985694885254,0.15999996662139893,0.18000006675720215,3.5200002193450928,-0.7450003623962402,3.5999999046325684,-3.039999961853028,0.0,-3.959999084472656,7.0,5.0,12-21,0.001666724681854248
10-08,0.3499999046325684,0.3249998092651367,-0.2049999237060547,0.014999985694885254,0.13999998569488525,0.17499995231628418,2.4800000190734863,-0.4800000190734863,3.924999713897705,-3.039999961853028,0.059999942779541016,-3.850000381469727,8.0,4.0,12-22,-0.008750081062316895
10-09,0.125,0.375,-0.18499994277954104,0.014999985694885254,0.12000000476837157,0.08500003814697266,2.439999580383301,-0.5300002098083496,3.924999713897705,-2.880000114440918,-0.18000030517578125,-4.1299991607666025,7.0,5.0,12-23,-0.06833336750666301
10-10,0.27500009536743164,0.375,-0.18499994277954104,-0.019999980926513672,0.19499993324279785,0.14499998092651367,1.8699998855590818,-0.5300002098083496,3.8999996185302734,-2.799999237060547,-0.13000011444091794,-3.920000076293945,6.0,6.0,12-24,-0.06875000397364299
10-11,0.27500009536743164,0.375,-0.11500000953674315,-0.02499997615814209,0.16999995708465576,0.11500000953674315,1.8699998855590818,-0.4299998283386231,3.9499998092651367,-3.149999618530273,-0.7800002098083496,-3.920000076293945,6.0,6.0,12-25,-0.1387499968210856
10-12,0.27500009536743164,0.375,-0.16000008583068848,0.005000114440917969,0.125,0.11500000953674315,1.8699998855590818,-0.4499998092651367,4.0,-3.619999885559082,-1.1500000953674316,-3.920000076293945,7.0,5.0,12-26,-0.21124998728434244
10-13,0.2800002098083496,0.375,-0.10500001907348633,0.02499997615814209,0.0700000524520874,0.11500000953674315,1.6500000953674316,-0.3899998664855957,4.0,-3.399999618530273,-1.130000114440918,-4.319999694824219,7.0,5.0,12-27,-0.2358332475026449
10-14,0.255000114440918,0.3999998569488525,-0.09999990463256836,-0.04499995708465576,0.0700000524520874,0.08999991416931152,1.4000000953674316,-0.2850003242492676,3.674999713897705,-3.539999961853028,-1.130000114440918,-3.4200000762939453,6.0,6.0,12-28,-0.2191667159398397
10-15,0.559999942779541,0.4049999713897705,-0.09999990463256836,-0.04499995708465576,0.04500007629394531,0.015000104904174803,1.315000057220459,0.19500017166137693,3.775000095367432,-3.539999961853028,-1.179999828338623,-2.8199996948242188,7.0,5.0,12-29,-0.11458324392636615
10-16,0.4599997997283936,0.3849999904632568,-0.07999992370605469,-0.029999971389770508,0.09500002861022948,0.2999999523162842,1.380000114440918,0.20000028610229487,3.775000095367432,-3.84000015258789,-1.0900001525878906,-2.8699989318847656,7.0,5.0,12-30,-0.1095832387606303
10-17,0.559999942779541,0.35000014305114746,-0.07999992370605469,-0.08000004291534424,0.09499990940093994,0.3300001621246338,1.0199999809265137,0.20000028610229487,3.6750001907348633,-3.929999351501465,-1.0499997138977049,-3.0,7.0,5.0,12-31,-0.15916653474171955
10-18,0.559999942779541,0.35000014305114746,-0.005000114440917969,-0.10000002384185792,0.11000001430511476,0.2350001335144043,1.0199999809265137,0.02500009536743164,3.375,-3.59000015258789,-0.7399997711181641,-3.0,7.0,5.0,01-01,-0.14666664600372314
10-19,0.559999942779541,0.35000014305114746,-0.14499998092651367,-0.06500005722045897,0.07499992847442627,0.23000001907348636,1.0199999809265137,-0.07499980926513672,3.400000095367432,-2.739999771118164,-0.8099999427795409,-3.0,6.0,6.0,01-02,-0.09999995430310568
10-20,0.4549999237060547,0.4800000190734863,-0.15000009536743164,-0.09000003337860107,0.0849999189376831,0.23000001907348636,1.2549996376037598,-0.02500009536743164,3.575000286102295,-3.3100004196166988,-0.7800002098083496,-3.1000003814697266,6.0,6.0,01-03,-0.11458345254262288
10-21,0.4649999141693115,0.3599998950958252,-0.19999980926513672,-0.07500004768371582,0.0849999189376831,0.20000004768371585,0.1700000762939453,0.02500009536743164,2.8499999046325684,-3.0100002288818364,-0.7800002098083496,-3.180000305175781,7.0,5.0,01-04,-0.2575000623861949
10-22,0.5250000953674316,0.3250000476837158,-0.2800002098083496,-0.07500004768371582,0.13999998569488525,0.3399999141693115,0.24499988555908206,-0.05000019073486328,2.424999713897705,-3.0100002288818364,-0.4600000381469727,-4.0,6.0,6.0,01-05,-0.32291675607363385
10-23,0.2799999713897705,0.2200000286102295,-0.24500012397766116,-0.030000090599060062,0.29499995708465576,0.2899999618530273,0.16499996185302734,-0.09999990463256836,2.424999713897705,-2.560000419616699,-0.6099996566772461,-3.34000015258789,6.0,6.0,01-06,-0.26750006278355914
10-24,0.3450000286102295,0.35500001907348633,-0.24500012397766116,-0.039999961853027344,0.15000009536743164,0.33500003814697266,0.4100003242492676,-0.09999990463256836,2.4499998092651367,-2.489999771118164,-0.4099998474121094,-3.5599994659423833,6.0,6.0,01-07,-0.2333332300186157
10-25,0.375,0.35500001907348633,-0.255000114440918,-0.019999980926513672,0.20500004291534424,0.4549999237060547,0.1100001335144043,0.0,2.424999713897705,-0.5,-0.4900002479553223,-3.5599994659423833,6.0,6.0,01-08,-0.07499999801317851
10-26,0.375,0.4249999523162842,-0.2899999618530273,-0.059999942779541016,0.10500001907348633,0.5950000286102295,0.1100001335144043,-0.17499971389770508,2.570000171661377,-1.2899999618530271,-0.3400001525878906,-3.5599994659423833,6.0,6.0,01-09,-0.1279165744781494
10-27,0.3499999046325684,0.3050000667572021,-0.27500009536743164,-0.02499997615814209,0.10000002384185792,0.5950000286102295,-0.034999847412109375,0.1899995803833008,2.125,-1.079999923706055,-0.4000000953674317,-3.84000015258789,6.0,6.0,01-10,-0.1658333738644918
10-28,0.4000000953674317,0.25999999046325684,-0.19000005722045896,0.004999995231628418,0.10000002384185792,0.630000114440918,-0.6949996948242188,0.09999990463256836,2.4250001907348637,-1.1599998474121094,-0.4000000953674317,-2.549999237060547,7.0,5.0,01-11,-0.08958321809768678
10-29,0.4249999523162842,0.22500014305114746,-0.25999999046325684,0.004999995231628418,0.13499999046325686,0.5499999523162842,-1.1349997520446775,0.27499961853027344,2.625,-1.1599998474121094,-0.3900003433227539,-2.4099998474121094,7.0,5.0,01-12,-0.09291667739550273
10-30,0.4849998950958252,0.30499982833862305,-0.2799999713897705,0.004999995231628418,0.09999990463256836,0.5999999046325684,-1.315000057220459,0.04999971389770508,2.625,-1.4000005722045898,-0.5700001716613771,-1.779998779296875,7.0,5.0,01-13,-0.09791669249534607
10-31,0.35500001907348633,0.309999942779541,-0.2799999713897705,0.014999985694885254,0.125,0.6649999618530273,-1.3199996948242188,0.04999971389770508,2.6999998092651367,-2.489999771118164,-0.5399999618530273,-2.029998779296875,7.0,5.0,01-14,-0.20333322882652285
11-01,0.3849999904632568,0.309999942779541,-0.2799999713897705,0.004999995231628418,0.1400001049041748,0.7000000476837158,-1.6100001335144043,0.125,2.7249999046325684,-3.270000457763672,-0.5800004005432129,-2.029998779296875,7.0,5.0,01-15,-0.28166664640108746
11-02,0.3849999904632568,-0.014999866485595703,-0.23000001907348636,-0.014999985694885254,0.125,0.619999885559082,-1.6100001335144043,0.19999980926513672,2.399999618530273,-3.859999656677246,-0.8099999427795409,-2.029998779296875,5.0,7.0,01-16,-0.4033332566420237
11-03,0.4800000190734863,0.2350001335144043,-0.23000001907348636,-0.06500005722045897,0.16999995708465576,0.619999885559082,-1.6100001335144043,0.22500038146972656,1.8500003814697263,-4.519999504089356,-0.9499998092651368,-2.209999084472656,6.0,6.0,01-17,-0.5004164874553679
11-04,0.4800000190734863,0.035000085830688484,-0.14999985694885254,-0.035000085830688484,0.16999995708465576,0.6549999713897705,-1.2650003433227541,0.3000001907348633,1.6699995994567869,-4.679999828338623,-0.9499998092651368,-1.9300003051757808,6.0,6.0,01-18,-0.4750000337759654
11-05,0.4649999141693115,0.009999990463256836,-0.18499994277954104,-0.035000085830688484,0.21000003814697266,0.6949999332427979,-0.875,0.2649998664855957,1.5949997901916504,-4.679999828338623,-1.0399999618530271,-2.489999771118164,6.0,6.0,01-19,-0.5054166714350382
11-06,0.5199999809265137,0.14499998092651367,-0.2999999523162842,0.014999985694885254,0.18500006198883054,0.2549998760223389,-1.364999771118164,0.17500019073486328,1.5949997901916504,-4.799999713897705,-1.0199999809265137,-3.4699993133544917,7.0,5.0,01-20,-0.6720832387606303
11-07,0.5450000762939453,0.14499998092651367,-0.2999999523162842,0.019999980926513672,0.3849999904632568,0.1400001049041748,-1.2750000953674316,0.17500019073486328,1.5949997901916504,-4.71999979019165,-1.1800003051757812,-1.2099990844726562,7.0,5.0,01-21,-0.4733332594235738
11-08,0.5499999523162842,0.14499998092651367,-0.31999993324279785,0.04499995708465576,0.5049999952316284,0.09500002861022948,-1.2900004386901855,0.09999990463256836,2.1599998474121094,-5.079999923706055,-1.0300002098083496,-1.2099990844726562,7.0,5.0,01-22,-0.4441666603088379
11-09,0.5499999523162842,0.0,-0.23000001907348636,-0.014999985694885254,0.5399999618530273,0.04000020027160645,-1.2900004386901855,-0.14999961853027344,2.450000286102295,-4.610000133514403,-1.130000114440918,-1.2099990844726562,4.0,8.0,01-23,-0.42124991615613294
11-10,0.4800000190734863,0.11500000953674315,-0.2799999713897705,-0.034999966621398926,0.5550000667572021,0.04000020027160645,-1.2650003433227541,-0.02500009536743164,2.9250001907348637,-3.8000001907348633,-1.2599997520446775,-0.5499992370605469,5.0,7.0,01-24,-0.2583332558472951
11-11,0.4600000381469727,-0.04999995231628418,-0.19999980926513672,0.004999995231628418,0.5550000667572021,0.07500004768371582,-1.295000076293945,0.27500009536743164,3.999999523162842,-3.880000114440918,-1.2599997520446775,-0.369999885559082,6.0,6.0,01-25,-0.14041665196418762
11-12,0.3399999141693115,0.15000009536743164,-0.20000004768371585,0.004999995231628418,0.565000057220459,0.029999971389770508,-0.8299999237060547,0.15000009536743164,3.974999904632568,-3.880000114440918,-1.179999828338623,-0.2799997329711914,7.0,5.0,01-26,-0.09624996781349182
11-13,0.25,0.16000008583068848,-0.16000008583068848,0.009999990463256836,0.4900000095367432,0.0,-0.6549997329711914,-0.125,3.974999904632568,-3.430000305175781,-1.299999713897705,-0.7199993133544922,5.0,7.0,01-27,-0.12541659673055014
11-14,0.4700000286102295,0.14499998092651367,-0.16000008583068848,0.019999980926513672,0.3900001049041748,0.02500009536743164,-0.8600001335144043,-0.125,4.099999904632568,-3.539999961853028,-1.1600003242492676,0.0,6.0,6.0,01-28,-0.05791670083999634
11-15,0.4700000286102295,0.14499998092651367,-0.10500001907348633,0.06000006198883056,0.35500001907348633,0.09000015258789062,-1.260000228881836,-0.125,3.809999942779541,-3.2699995040893555,-1.0199999809265137,0.0,6.0,6.0,01-29,-0.07083329558372498
11-16,0.4700000286102295,0.11500000953674315,-0.125,0.009999990463256836,0.3249999284744263,0.020000219345092773,-1.260000228881836,-0.2999997138977051,3.3850002288818364,-3.3199996948242188,-0.6999998092651367,0.0,6.0,6.0,01-30,-0.114999920129776
11-17,0.4700000286102295,0.029999971389770508,-0.1399998664855957,-0.014999985694885254,0.31499993801116943,0.020000219345092773,-1.2250003814697266,-0.09999990463256836,3.700000286102295,-3.429999351501465,-0.8899998664855957,0.0,5.0,7.0,01-31,-0.1054165760676066
11-18,0.4100000858306885,0.21500015258789065,-0.09500002861022948,-0.019999980926513672,0.31499993801116943,0.030000209808349613,-1.309999942779541,-0.8999998569488525,3.725000381469727,-3.049999713897705,-0.8899998664855957,0.0,5.0,7.0,02-01,-0.13083321849505106
11-19,0.315000057220459,0.22500014305114746,-0.19000005722045896,-0.019999980926513672,0.2999999523162842,-0.034999847412109375,-1.87000036239624,-0.75,3.8000001907348633,-3.049999713897705,-1.0,0.0,4.0,7.0,02-02,-0.18958330154418945
11-20,0.3600001335144043,0.05500006675720215,-0.2400000095367432,-0.019999980926513672,0.23500001430511475,0.05000019073486328,-1.1850004196166992,-0.8999998569488525,3.8000001907348633,-3.0999999046325684,-0.7400002479553223,0.0,5.0,6.0,02-03,-0.14041665196418762
11-21,0.3250000476837158,0.05500006675720215,-0.2400000095367432,0.009999990463256836,0.3049999475479126,0.005000114440917969,-0.35500001907348633,-0.8999998569488525,3.775000095367432,-2.4900002479553223,-1.0,0.0,6.0,5.0,02-04,-0.04249998927116394
11-22,0.3000001907348633,0.05500006675720215,-0.1699998378753662,-0.040000081062316895,0.2899999618530273,-0.010000228881835938,-0.6700000762939453,-1.124999761581421,4.59999942779541,-1.3000001907348633,-0.869999885559082,0.0,4.0,7.0,02-05,0.08833329876263936
11-23,0.3000001907348633,0.20000004768371585,-0.19499993324279785,-0.014999985694885254,0.1650000810623169,-0.010000228881835938,-0.6700000762939453,-1.3499999046325684,3.96500015258789,-1.25,-0.6999998092651367,0.0,4.0,7.0,02-06,0.0366667111714681
11-24,0.4000000953674317,0.20000004768371585,-0.17499995231628418,-0.014999985694885254,0.17500007152557373,-0.010000228881835938,-1.1449999809265137,-1.124999761581421,3.5649995803833012,-1.0,-0.9399995803833008,0.0,4.0,7.0,02-07,-0.0058333079020182295
11-25,0.4000000953674317,0.20000004768371585,-0.17499995231628418,-0.02500009536743164,0.17500007152557373,0.009999990463256836,-1.2699999809265137,-1.1349997520446775,3.125,-0.9499998092651368,-0.9399995803833008,0.0,5.0,6.0,02-08,-0.048749913771947234
11-26,0.3300001621246338,0.14999985694885254,-0.10500001907348633,-0.02500009536743164,0.20000004768371585,-0.014999866485595703,-1.2650003433227541,-0.9250001907348632,2.3500003814697266,-0.9499998092651368,-0.7199997901916504,0.0,4.0,7.0,02-09,-0.0812499721844991
11-27,0.3000001907348633,0.10500001907348633,-0.17499995231628418,-0.02500009536743164,0.2250000238418579,-0.04999995231628418,-1.0700001716613772,-0.9750001430511476,2.3500003814697266,-0.7899999618530273,-0.5499997138977051,0.0,4.0,7.0,02-10,-0.05458328127861023
11-28,0.35000014305114746,0.06500005722045897,-0.17499995231628418,0.015000104904174803,0.2950000762939453,0.04000020027160645,-1.8400001525878904,-0.9750001430511476,2.200000286102295,-0.7200002670288086,-0.4500002861022949,0.0,6.0,5.0,02-11,-0.09958332777023317
11-29,0.35000014305114746,0.06500005722045897,-0.19499993324279785,-0.009999990463256836,0.3400000333786011,-0.04000020027160645,-1.889999866485596,-0.9249999523162842,2.325000286102295,-0.8799991607666016,-0.5100002288818359,0.0,4.0,7.0,02-12,-0.11416656772295634
11-30,0.35000014305114746,0.2050001621246338,-0.13000011444091794,0.0,0.2450000047683716,0.034999847412109375,-1.889999866485596,-0.9750001430511476,2.5999999046325684,-1.3500003814697266,-0.3600001335144043,0.0,5.0,6.0,02-13,-0.10583338141441344
12-01,0.4500000476837158,-0.014999866485595703,-0.21000003814697266,-0.10000014305114746,0.19000005722045896,0.034999847412109375,-3.150000095367432,-0.9249997138977052,2.9250001907348637,-1.3599996566772459,-0.4299998283386231,0.0,4.0,7.0,02-14,-0.2158332665761312
12-02,0.375,0.05000019073486328,-0.25999999046325684,-0.10000014305114746,0.19000005722045896,0.04499983787536621,-3.12999963760376,-0.9500000476837158,2.8649997711181636,-1.5299997329711914,-0.4299998283386231,0.0,5.0,6.0,02-15,-0.2395832935969035
12-03,0.3300001621246338,-0.16499996185302734,-0.2649998664855957,-0.10000014305114746,0.1549999713897705,-0.1700000762939453,-3.5599994659423833,-0.8249998092651367,2.890000343322754,-1.5299997329711914,-0.4299998283386231,0.0,3.0,8.0,02-16,-0.30583320061365765
12-04,0.3100001811981201,-0.15000009536743164,-0.2749998569488525,-0.05500006675720215,0.12999999523162842,-0.2650001049041748,-3.3650002479553223,-0.6749997138977051,2.890000343322754,-2.3199996948242188,-0.4000000953674317,0.0,3.0,8.0,02-17,-0.3479166130224864
12-05,0.1549999713897705,-0.04999995231628418,-0.2749998569488525,-0.07500004768371582,0.2400000095367432,-0.29000020027160645,-3.1850004196166988,-0.6749997138977051,2.825000286102295,-1.4499998092651367,-0.380000114440918,0.0,3.0,8.0,02-18,-0.2633333206176758
12-06,0.1549999713897705,-0.04999995231628418,-0.2749998569488525,-0.04500007629394531,0.20500004291534424,-0.31999993324279785,-3.1100001335144043,-0.5749998092651367,2.900000095367432,-1.5500001907348633,-0.1100001335144043,0.0,3.0,8.0,02-19,-0.2312499980131785
12-07,0.1549999713897705,-0.05499982833862305,-0.2049999237060547,-0.06999993324279785,0.2250000238418579,-0.2699999809265137,-3.1100001335144043,-0.6499996185302734,3.059999942779541,-1.380000114440918,-0.369999885559082,0.0,3.0,8.0,02-20,-0.22249995668729147
12-08,0.16499996185302734,0.10000014305114746,-0.15000009536743164,-0.07500004768371582,0.2200000286102295,-0.2699999809265137,-3.160000324249268,-0.3249998092651367,3.1149997711181636,-1.5600004196166992,-0.2199997901916504,0.0,4.0,7.0,02-21,-0.1800000468889872
12-09,0.09500002861022948,0.0,-0.20000004768371585,-0.04999995231628418,0.2200000286102295,-0.25999999046325684,-3.2049999237060547,-0.8249998092651367,2.3249998092651367,-1.6599998474121094,-0.2199997901916504,0.0,3.0,8.0,02-22,-0.31499995787938434
12-10,0.07500004768371582,0.05499982833862305,-0.125,-0.04999995231628418,0.23500001430511475,-0.2899999618530273,-1.7949995994567869,-0.7750000953674316,2.9250001907348637,-1.6599998474121094,-0.1700000762939453,0.0,4.0,7.0,02-23,-0.13124995430310568
12-11,0.029999971389770508,-0.059999942779541016,-0.11500000953674315,-0.04999995231628418,0.2899999618530273,-0.25,-0.6649999618530273,-0.7249999046325684,2.9250001907348637,-1.4700002670288086,-0.3299999237060547,0.0,3.0,8.0,02-24,-0.03499998648961385
12-12,0.004999876022338867,-0.004999876022338867,-0.11500000953674315,-0.12500011920928955,0.3700000047683716,-0.21000003814697266,-0.8550000190734863,-0.7249999046325684,2.900000095367432,-1.8000001907348633,-0.5799999237060547,0.0,3.0,8.0,02-25,-0.09500000874201456
12-13,0.125,-0.004999876022338867,-0.09999990463256836,-0.11999988555908205,0.3650000095367432,-0.07500004768371582,-0.9499998092651368,-0.2999997138977051,2.7249999046325684,-1.420000076293945,-0.8499999046325684,0.0,3.0,8.0,02-26,-0.05041660865147909
12-14,0.125,-0.035000085830688484,-0.11500000953674315,0.030000090599060062,0.4049999713897705,-0.1399998664855957,-0.9499998092651368,0.02499961853027344,2.450000286102295,-1.4599995613098145,-0.9800000190734864,0.0,5.0,6.0,02-27,-0.053749948740005486
12-15,0.14499998092651367,-0.07000017166137695,-0.1399998664855957,0.0,0.4099999666213989,-0.1399998664855957,-0.9200000762939452,0.07499980926513672,1.5500001907348633,-0.9500007629394532,-1.0500001907348633,0.0,4.0,7.0,02-28,-0.09083341558774312
12-16,0.15999984741210938,0.009999990463256836,0.04500007629394531,-0.014999985694885254,0.4099999666213989,-0.13499999046325686,-1.4050002098083496,0.0,1.2849998474121094,-0.9400005340576172,-1.0500001907348633,0.0,5.0,6.0,03-01,-0.13625009854634604
12-17,0.14999985694885254,-0.1099998950958252,0.039999961853027344,-0.014999985694885254,0.3450000286102295,-0.24499988555908206,-1.0,-0.11499977111816405,1.3100004196166992,-0.9400005340576172,-1.0500001907348633,0.0,4.0,7.0,03-02,-0.13583333293596905
12-18,0.07500004768371582,-0.06999993324279785,0.06999993324279785,0.035000085830688484,0.2850000858306885,-0.23000001907348636,-1.295000076293945,-0.06500005722045897,1.3100004196166992,-0.5500001907348633,-0.8899998664855957,0.0,5.0,6.0,03-03,-0.1104166309038798
12-19,0.31999993324279785,0.0,0.06999993324279785,-0.039999961853027344,0.3400000333786011,-0.13499999046325686,-0.7899999618530273,-0.06500005722045897,1.2250003814697266,-0.6099996566772461,-1.0199999809265137,0.0,4.0,7.0,03-04,-0.05874994397163391
12-20,0.3250000476837158,0.0,0.0,-0.034999966621398926,0.25999999046325684,-0.14999985694885254,-0.8199996948242188,-0.10000038146972656,0.7000007629394531,-0.5200004577636719,-1.1099996566772459,0.0,3.0,8.0,03-05,-0.12083326776822408
12-21,0.3250000476837158,-0.02500009536743164,-0.005000114440917969,-0.05000007152557373,0.25999999046325684,-0.16499996185302734,-0.8199996948242188,-0.3000001907348633,0.8500003814697266,-0.07999992370605469,-0.9600000381469728,0.0,3.0,8.0,03-06,-0.08083330591519672
12-22,0.17499995231628418,-0.125,0.0,-0.07999992370605469,0.4250000715255737,-0.16499996185302734,-0.494999885559082,-0.3650002479553223,1.0749998092651367,-0.4499998092651367,-1.0,0.0,3.0,8.0,03-07,-0.0837499996026357
12-23,0.18000006675720215,-0.19499993324279785,-0.02500009536743164,-0.06999993324279785,0.4250000715255737,-0.16499996185302734,-0.690000057220459,-0.2999997138977051,0.8000001907348633,-0.4499998092651367,-1.0,0.0,3.0,8.0,03-08,-0.12416659792264302
12-24,0.13499999046325686,-0.07999992370605469,0.0,-0.06999993324279785,0.4800000190734863,-0.19000005722045896,-0.6100001335144043,-0.2699999809265137,1.0,-0.4499998092651367,-1.0199999809265137,0.0,3.0,8.0,03-09,-0.0895833174387614
12-26,0.08000016212463379,-0.13000011444091794,-0.02500009536743164,0.02499997615814209,0.31499993801116943,-0.2400000095367432,-0.4700002670288086,-0.24499988555908206,1.0,-0.4299998283386231,-1.299999713897705,0.0,4.0,7.0,03-11,-0.1183333198229472
12-27,0.14499998092651367,-0.13000011444091794,-0.02500009536743164,0.02499997615814209,0.4050000905990601,-0.315000057220459,-0.3000001907348633,-0.24499988555908206,1.0249996185302734,-0.3600001335144043,-1.700000286102295,0.0,4.0,7.0,03-12,-0.12291675806045532
12-28,0.14499998092651367,-0.08500003814697266,-0.04500007629394531,0.005000114440917969,0.43500006198883057,-0.315000057220459,-0.3000001907348633,-0.22500038146972656,1.5,-0.8299999237060547,-1.7400002479553225,0.0,4.0,7.0,03-13,-0.12125006318092345
12-29,0.14499998092651367,-0.125,-0.004999876022338867,0.029999971389770508,0.3849999904632568,-0.315000057220459,-0.16499996185302734,-0.27499961853027344,1.5,-0.7599997520446777,-1.889999866485596,0.0,4.0,7.0,03-14,-0.12291659911473593
12-30,0.06999993324279785,-0.2400000095367432,-0.030000209808349613,0.04500007629394531,0.3849999904632568,-0.309999942779541,0.7250003814697266,-0.3249998092651367,1.5749998092651367,-0.619999885559082,-1.889999866485596,0.0,5.0,6.0,03-15,-0.05124996105829874
12-31,0.07500004768371582,-0.2349998950958252,0.0,0.04500007629394531,0.375,-0.3050000667572021,0.2200002670288086,-0.375,1.6999998092651367,-0.619999885559082,-1.9199995994567869,0.0,5.0,6.0,03-16,-0.0866666038831075
