,2009,2010,2011,2012,2013,2014,2015,2016,2017,2018,2019,2020,ups,downs,end_day_sum,avg
01-02,-4.90000057220459,-1.5,-1.4200010299682615,1.920000076293945,1.6600008010864258,3.680000305175781,4.270000457763672,-3.9600009918212886,0.04999923706054688,7.3400001525878915,4.430000305175781,-9.979999542236328,7.0,5.0,03-17,0.13249993324279785
01-03,-4.0,-1.6999988555908203,-1.4200010299682615,1.920000076293945,1.4700002670288086,3.4600009918212886,5.149999618530273,-4.3600006103515625,0.04999923706054688,6.120002746582031,5.6199989318847665,-15.900001525878904,7.0,5.0,03-18,-0.2991666793823242
01-04,-0.3000001907348633,-1.6999988555908203,-1.5100011825561523,2.5299997329711914,1.1099996566772459,4.1599998474121085,4.6300010681152335,-4.3600006103515625,-0.14999771118164062,5.990001678466798,4.3100013732910165,-12.65999984741211,6.0,6.0,03-19,0.17083374659220374
01-05,-0.3000001907348633,-1.2999992370605469,-1.5000009536743164,2.4600000381469727,1.0899991989135742,4.399999618530273,4.6300010681152335,-4.1599998474121085,-1.2999992370605469,5.020000457763672,3.6100006103515625,-16.169998168945312,6.0,6.0,03-20,-0.2933330535888672
01-06,-1.1999998092651367,-1.5,-1.1700010299682615,2.7400007247924805,1.4399995803833008,4.399999618530273,5.270000457763672,-2.979999542236328,-1.6500015258789062,5.3899993896484375,1.8899993896484373,-16.169998168945312,6.0,6.0,03-21,-0.2950000762939453
01-07,-1.1999998092651367,-2.3000001907348637,-0.869999885559082,2.7200002670288086,1.4399995803833008,3.979999542236328,4.3699989318847665,-1.729999542236328,-2.8199996948242188,5.8400001525878915,1.8899993896484373,-16.489997863769528,6.0,6.0,03-22,-0.4308332602183024
01-08,-1.6999998092651367,-2.899999618530273,-0.8100004196166992,2.760000228881836,1.5299997329711914,4.430000305175781,4.280000686645509,-1.489999771118164,-2.80999755859375,5.8400001525878915,1.1100006103515625,-16.089998245239258,6.0,6.0,03-23,-0.48749947547912603
01-09,0.40000057220458973,-1.5999984741210938,-0.4900007247924805,2.760000228881836,1.270000457763672,3.920000076293945,4.819999694824219,-1.4500007629394531,-2.80999755859375,5.1399993896484375,-0.8700027465820312,-17.479999542236328,6.0,6.0,03-24,-0.5324999491373698
01-10,0.6000003814697266,-1.8999996185302732,-0.4900007247924805,2.380000114440918,1.1099996566772459,3.290000915527344,4.870000839233398,-1.4500007629394531,-3.139999389648437,2.2800025939941406,-2.639999389648437,-19.029998779296875,6.0,6.0,03-25,-1.1766661802927654
01-11,0.6000003814697266,-1.8999996185302732,-0.40000057220458973,2.0099992752075195,0.9800004959106444,3.470001220703125,4.329999923706056,-1.4500007629394531,-3.1899986267089844,0.13000106811523438,-2.790000915527344,-13.879997253417967,6.0,6.0,03-26,-1.0074996153513591
01-12,0.6000003814697266,-1.3999996185302734,-0.3699989318847656,2.020000457763672,1.119999885559082,2.9800014495849614,4.329999923706056,-1.770000457763672,-3.0800018310546875,1.6200027465820312,-1.959999084472656,-12.879997253417967,6.0,6.0,03-27,-0.732499361038208
01-13,0.5,-1.5,-0.8399991989135742,2.1199998855590816,1.119999885559082,2.9800014495849614,4.059999465942384,-0.6900005340576172,-3.3800010681152344,0.4000015258789063,-2.3999977111816406,-12.879997253417967,6.0,6.0,03-28,-0.8758327960968018
01-14,1.3000001907348633,-1.7999992370605469,-1.0600004196166992,1.989999771118164,1.119999885559082,2.5799999237060547,4.960000991821289,-1.329999923706055,-1.520000457763672,0.4000015258789063,-2.3999977111816406,-12.68000030517578,6.0,6.0,03-29,-0.7033329804738363
01-15,1.5,-2.5,-1.1099996566772459,1.829999923706055,0.8399991989135742,1.6099987030029297,6.079999923706055,-0.6299991607666016,-1.4599990844726562,0.4000015258789063,-2.5999984741210938,-10.39999771118164,6.0,6.0,03-30,-0.5366662343343099
01-16,0.20000076293945312,-1.5,-1.0999994277954102,1.829999923706055,0.7899999618530273,1.2999992370605469,6.069999694824219,-0.3899993896484375,-1.4599990844726562,0.4000015258789063,-3.4000015258789062,-12.580001831054688,6.0,6.0,03-31,-0.8200000127156576
01-17,2.299999237060547,-1.5,-1.0999994277954102,1.829999923706055,0.8400001525878906,2.0,6.059999465942383,-0.14999961853027344,-1.4599990844726562,-0.4000015258789063,-3.290000915527344,-11.43000030517578,5.0,7.0,04-01,-0.5250001748402914
01-18,2.399999618530273,-1.5,-1.0999994277954102,1.5399999618530271,0.21000003814697266,2.430000305175781,6.059999465942383,-0.14999961853027344,-1.4899978637695312,1.7599983215332031,-2.6899986267089844,-12.200000762939453,6.0,6.0,04-02,-0.3941665490468343
01-19,2.399999618530273,-1.5,-0.4499998092651367,1.329999923706055,-0.010000228881835938,2.3700008392333984,6.059999465942383,-0.14999961853027344,-1.3500022888183594,0.0500030517578125,-2.020000457763672,-14.540000915527346,5.0,7.0,04-03,-0.6508333683013916
01-20,2.399999618530273,-1.2000007629394531,-0.1099996566772461,1.4300003051757812,-0.1700000762939453,2.3700008392333984,6.059999465942383,0.15999984741210938,-1.6300010681152344,0.1899986267089844,-2.0500030517578125,-14.540000915527346,6.0,6.0,04-04,-0.5908339023590088
01-21,1.2999992370605469,-0.7999992370605469,-0.06999969482421875,1.4300003051757812,-0.1700000762939453,2.3700008392333984,6.44999885559082,0.6700000762939453,-1.6100006103515625,0.8899993896484375,-2.0500030517578125,-14.540000915527346,6.0,6.0,04-05,-0.510833740234375
01-22,2.700000762939453,0.5,0.21000003814697266,1.4300003051757812,-0.1700000762939453,0.6599998474121094,5.819999694824219,0.6200008392333984,-2.060001373291016,0.8899993896484375,-2.0500030517578125,-12.25,8.0,4.0,04-06,-0.3083336353302002
01-23,1.3999996185302734,0.5,0.4899997711181641,1.4300003051757812,-0.1900005340576172,-0.6100006103515625,3.5100002288818364,0.5,-2.060001373291016,0.9099998474121094,-0.8699989318847656,-11.779998779296875,7.0,5.0,04-07,-0.5641667048136393
01-24,1.1000003814697266,0.5,0.4899997711181641,1.5,-0.3200006484985352,-1.0,3.5599994659423833,0.6599998474121094,-2.5500030517578125,1.6500015258789062,-0.7099990844726562,-8.090000152587889,7.0,5.0,04-08,-0.2675001621246338
01-25,1.1000003814697266,0.5,0.7100000381469727,1.329999923706055,-0.19999980926513672,-0.09000015258789062,4.019998550415038,0.6599998474121094,-2.4099998474121094,1.0300025939941406,0.8999977111816406,-6.9399986267089835,8.0,4.0,04-09,0.05083338419596354
01-26,1.1000003814697266,0.8999996185302734,0.2300004959106445,2.6700000762939453,-0.4200000762939453,1.1100006103515625,4.019998550415038,0.4099998474121094,-2.529998779296875,2.049999237060547,0.4800033569335938,-6.9399986267089835,9.0,3.0,04-10,0.2566670576731364
01-27,1.3000001907348633,0.5,-0.7299995422363281,2.1900005340576167,-0.3000001907348633,1.1100006103515625,4.349998474121094,-0.5199985504150391,-4.029998779296875,4.6399993896484375,0.5300025939941406,-6.9399986267089835,7.0,5.0,04-11,0.1750005086263021
01-28,-0.19999980926513672,1.1000003814697266,-0.4600000381469727,1.7799997329711914,-0.3000001907348633,0.8099994659423828,5.180000305175781,-0.05999946594238281,-3.8699989318847656,4.5,0.5300025939941406,-7.0900001525878915,6.0,6.0,04-12,0.16000032424926758
01-29,1.8000001907348633,1.9000005722045896,-0.7599992752075195,2.049999237060547,-0.26000022888183594,0.3800010681152344,4.6100006103515625,-0.09000015258789062,-3.8699989318847656,4.5,0.5400009155273438,-3.810001373291016,7.0,5.0,04-13,0.5825002193450928
01-30,6.0,0.8999996185302734,-0.869999885559082,2.049999237060547,-0.07999992370605469,-0.5599994659423828,5.100000381469727,0.14999961853027344,-3.8699989318847656,4.770000457763672,1.8400001525878904,-2.7800025939941406,7.0,5.0,04-14,1.0541665554046629
01-31,7.30000114440918,1.1000003814697266,-0.869999885559082,2.1300001144409184,-0.4300003051757813,-0.10000038146972656,4.170000076293944,1.2000007629394531,-3.3699989318847656,5.040000915527344,2.6300010681152344,-2.459999084472656,7.0,5.0,04-15,1.3616671562194824
02-01,9.399999618530273,1.1000003814697266,-1.5100011825561523,2.139999389648437,-1.0500001907348633,1.3199996948242188,4.290000915527344,1.2000007629394531,-3.85000228881836,2.8600006103515625,1.670001983642578,-1.729999542236328,8.0,4.0,04-16,1.3200000127156577
02-02,9.399999618530273,1.6999998092651367,-1.520000457763672,1.2100000381469729,-1.079999923706055,1.3199996948242188,4.290000915527344,2.240001678466797,-1.029998779296875,5.020000457763672,2.25,-3.25,8.0,4.0,04-17,1.7125002543131511
02-03,9.19999885559082,2.399999618530273,-1.2399988174438477,0.7200002670288086,-1.0900001525878906,1.3199996948242188,3.1200008392333984,2.1900005340576167,-0.9399986267089844,8.090000152587889,2.25,-3.25,8.0,4.0,04-18,1.897500197092692
02-04,11.399999618530273,2.899999618530273,-1.4700002670288086,0.8899993896484375,-1.0900001525878906,0.970001220703125,2.950000762939453,1.3600006103515625,-1.0699996948242188,7.710002899169923,2.25,-4.470001220703125,8.0,4.0,04-19,1.860833565394084
02-05,14.499999046325685,2.6999988555908203,-1.8099994659423828,0.75,-1.1999998092651367,1.6100006103515625,2.4499988555908203,2.010000228881836,-1.079998016357422,7.710002899169923,2.6599998474121094,-5.770000457763673,8.0,4.0,04-20,2.0441668828328448
02-06,8.59999942779541,2.80000114440918,-1.8099994659423828,0.75,-1.380000114440918,1.2800006866455078,2.1600017547607417,3.3199996948242188,-1.079998016357422,5.7800025939941415,3.0300025939941406,-3.7600021362304688,8.0,4.0,04-21,1.6408340136210124
02-07,10.999999046325684,3.30000114440918,-1.8099994659423828,0.869999885559082,-1.1599998474121094,0.7399997711181641,2.4400005340576167,3.8199996948242183,-1.579998016357422,7.2800025939941415,4.5,-4.3600006103515625,8.0,4.0,04-22,2.0866670608520512
02-08,10.40000057220459,3.30000114440918,-1.950000762939453,0.75,-1.270000457763672,1.020000457763672,3.520000457763672,3.8199996948242183,-0.44000244140625,12.0,4.479999542236328,-5.549999237060547,8.0,4.0,04-23,2.506666580835978
02-09,10.40000057220459,3.200000762939453,-1.739999771118164,1.2899999618530271,-1.1100006103515625,0.8700008392333984,3.520000457763672,4.1599998474121085,-1.25,10.860000610351562,4.079998016357422,-4.55999755859375,8.0,4.0,04-24,2.4766669273376465
02-10,11.90000057220459,3.799999237060547,-1.210000991821289,1.0600004196166992,-0.880000114440918,0.8700008392333984,2.9899997711181636,4.649999618530273,-0.1100006103515625,9.299999237060547,3.579998016357422,-4.55999755859375,8.0,4.0,04-25,2.6158332029978437
02-11,13.299999237060547,4.1000003814697275,-1.0900001525878906,1.0999994277954102,-0.880000114440918,0.4599990844726562,2.560001373291016,5.9099998474121085,-0.6599998474121094,9.360000610351562,3.579998016357422,-5.289997100830078,8.0,4.0,04-26,2.7041667302449546
02-12,12.999999046325685,3.80000114440918,-1.8000011444091797,1.3599996566772459,-1.130000114440918,1.3700008392333984,2.260000228881836,4.809999465942383,-0.6599998474121094,9.360000610351562,2.4899978637695312,-6.0900001525878915,8.0,4.0,04-27,2.3974997997283936
02-13,12.100000381469727,3.09999942779541,-1.6500015258789062,1.3599996566772459,-1.0299997329711914,0.6099987030029297,2.1900005340576167,4.399999618530273,-0.6599998474121094,9.510002136230467,2.9099998474121094,-5.9399986267089835,8.0,4.0,04-28,2.2416667143503823
02-14,14.0,3.1999998092651367,-1.6500015258789062,1.6000003814697266,-1.2200002670288086,0.0,2.6599998474121094,4.299999237060547,-1.3800010681152344,9.040000915527344,3.699996948242188,-4.079998016357422,7.0,5.0,04-29,2.5141663551330566
02-15,5.69999885559082,3.1999998092651367,-1.579999923706055,1.5,-0.9099998474121094,-0.5300006866455078,3.34000015258789,4.299999237060547,-2.6499977111816406,9.540000915527344,3.810001373291016,-2.930000305175781,7.0,5.0,04-30,1.899166822433472
02-16,5.69999885559082,3.1999998092651367,-1.6299991607666016,1.4699993133544922,-1.0,-0.07999992370605469,3.34000015258789,4.299999237060547,-2.6199989318847656,8.869998931884766,2.009998321533203,-1.9000015258789065,7.0,5.0,05-01,1.804999589920044
02-17,5.69999885559082,2.0999994277954097,-1.6399993896484375,1.2799997329711914,-1.2100000381469729,-0.07999992370605469,3.34000015258789,3.139999389648437,-2.339996337890625,9.03000259399414,1.4499969482421875,-1.9000015258789065,7.0,5.0,05-02,1.5724999904632568
02-18,3.6999998092651367,1.3999996185302734,-1.3400001525878906,1.229999542236328,-1.2100000381469729,-0.07999992370605469,3.25,3.180000305175781,-2.479999542236328,8.860000610351562,1.4499969482421875,-1.9000015258789065,7.0,5.0,05-03,1.338332970937093
02-19,6.1000003814697275,1.8999996185302732,-0.5,0.9600000381469728,-1.2100000381469729,0.15999984741210938,3.4600009918212886,3.229999542236328,-1.2600021362304688,8.860000610351562,1.4499969482421875,-4.319999694824219,8.0,4.0,05-04,1.5691663424173992
02-20,8.30000114440918,0.9000005722045898,-0.8799991607666016,0.9600000381469728,-0.6899995803833008,-0.05999946594238281,3.1700000762939453,2.490001678466797,-1.2600021362304688,8.860000610351562,2.020000457763672,-15.290000915527346,7.0,5.0,05-05,0.7100002765655518
02-21,8.09999942779541,0.8000001907348633,-0.8799991607666016,0.9600000381469728,0.07000064849853516,0.07999992370605469,2.9699993133544917,2.060001373291016,-1.2600021362304688,8.69000244140625,2.3699989318847656,-14.18000030517578,9.0,3.0,05-06,0.8150000572204591
02-22,8.800000190734863,0.8000001907348633,-0.8799991607666016,0.869999885559082,0.01999950408935547,-1.1399993896484375,2.4199981689453125,2.060001373291016,-1.44000244140625,10.729999542236328,1.5600013732910156,-11.330001831054688,8.0,4.0,05-07,1.0391664505004885
02-23,8.800000190734863,1.0,-0.7799997329711914,0.4899997711181641,0.2699995040893555,-1.019998550415039,2.4199981689453125,2.1900005340576167,-1.2600021362304688,10.770000457763672,1.0800018310546875,-12.010002136230467,8.0,4.0,05-08,0.995833158493042
02-24,7.6000003814697275,0.10000038146972656,0.06999969482421875,0.2200002670288086,0.25,-1.019998550415039,2.029998779296875,2.3800010681152344,-1.1000022888183594,10.979999542236328,1.029998779296875,-12.010002136230467,9.0,3.0,05-09,0.8774996598561605
02-25,7.199999809265138,-0.6000003814697266,0.2399988174438477,0.06999969482421875,0.25,-0.8599987030029297,2.5,1.7000007629394531,-1.5699996948242188,12.040000915527346,1.029998779296875,-10.150001525878906,8.0,4.0,05-10,0.9874998728434244
02-26,10.700000762939453,0.0,0.4200000762939453,-0.01999950408935547,0.3400001525878906,-1.1000003814697266,3.0799999237060547,0.6700000762939453,-1.920001983642578,12.040000915527346,0.6399993896484375,-7.799999237060548,7.0,5.0,05-11,1.4208333492279053
02-27,9.799999237060547,-0.6000003814697266,0.35000038146972656,-0.01999950408935547,0.1700000762939453,-1.1999988555908203,3.8099994659423833,2.1900005340576167,-1.920001983642578,10.889999389648438,0.8000030517578125,-4.740001678466797,7.0,5.0,05-12,1.6274999777475994
02-28,8.399999618530272,-0.5,0.35000038146972656,-0.039999961853027344,0.4499998092651367,-0.6999988555908203,2.899999618530273,1.8600006103515625,0.7700004577636719,11.869998931884766,0.6599998474121094,-4.799999237060547,8.0,4.0,05-13,1.7683334350585938
02-29,0.0,0.0,0.0,0.0,0.0,0.0,0.0,1.8600006103515625,0.0,0.0,0.0,-7.6499977111816415,1.0,2.0,05-14,-0.4824997584025065
03-01,7.699999809265138,-0.5,0.6999998092651367,-0.25,0.5599994659423828,-0.5100002288818359,2.9699993133544917,0.4400005340576172,-1.3199996948242188,13.200000762939453,-3.0100021362304688,-9.139999389648438,6.0,6.0,05-15,0.9033331871032716
03-02,7.699999809265138,-0.20000076293945312,0.7199993133544922,-0.7699995040893555,0.7300004959106445,-1.239999771118164,2.9699993133544917,0.31999969482421875,-0.6499977111816406,12.349998474121096,-0.5699996948242188,-9.139999389648438,6.0,6.0,05-16,1.018333355585734
03-03,7.799999713897705,-0.5,0.12999916076660156,-0.630000114440918,0.5500001907348633,-1.239999771118164,2.979999542236328,-0.35000038146972656,-0.5,11.579998016357422,-1.3899993896484375,-7.1100006103515625,5.0,7.0,05-17,0.9433330297470092
03-04,7.699999809265138,-0.9000005722045898,0.1100006103515625,-0.8999996185302734,0.5500001907348633,-2.430000305175781,3.0699996948242188,-0.1100006103515625,0.07999801635742188,11.770000457763672,-1.3899993896484375,-7.19000244140625,6.0,6.0,05-18,0.863332986831665
03-05,8.100000381469728,-1.3000001907348633,0.1900005340576172,-0.8999996185302734,0.4499998092651367,-3.479999542236328,2.040000915527344,-0.2399997711181641,-1.7999992370605469,11.770000457763672,-1.4199981689453125,-4.529998779296875,5.0,7.0,05-19,0.7400005658467611
03-06,9.700000286102297,-1.8000011444091797,0.4400005340576172,-0.4600000381469727,0.31999969482421875,-3.34000015258789,1.989999771118164,1.229999542236328,-1.7999992370605469,9.989997863769533,-0.039997100830078125,-0.7900009155273438,6.0,6.0,05-20,1.2866665919621785
03-07,9.799999713897703,-1.2000007629394531,0.4400005340576172,-0.7999992370605469,0.2199993133544922,-3.430000305175781,1.6999988555908203,1.229999542236328,-1.6699981689453125,9.939998626708984,0.7299995422363281,3.4199981689453125,8.0,4.0,05-21,1.6983329852422078
03-08,9.400000095367432,-1.2000007629394531,0.07000064849853516,-1.2200002670288086,0.2200002670288086,-3.709999084472656,1.75,2.289999008178711,-1.5,9.490005493164062,1.3199996948242188,5.1899986267089835,8.0,4.0,05-22,1.84166697661082
03-09,9.400000095367432,-1.2999992370605469,0.11999988555908205,-1.020000457763672,0.10000038146972656,-3.229999542236328,1.75,1.9399986267089844,-0.7800025939941406,8.060001373291017,1.1499977111816406,5.1899986267089835,8.0,4.0,05-23,1.7816662391026814
03-10,7.9000000953674325,-2.40000057220459,0.25,-0.8099994659423828,-0.05000019073486328,-3.229999542236328,2.1300010681152344,2.3199996948242188,-0.7900009155273438,7.829998016357423,0.2999992370605469,2.5,7.0,5.0,05-24,1.3291664520899455
03-11,8.5,-2.1000003814697266,-0.31999969482421875,-0.6800003051757812,-0.05000019073486328,-3.020000457763672,1.960000991821289,1.1599998474121094,-1.0,7.819995880126952,0.2999992370605469,5.290000915527344,6.0,6.0,05-25,1.488332986831665
03-12,7.5999999046325675,-1.8999996185302732,-0.029999732971191406,-0.6800003051757812,-0.07999992370605469,-3.3199996948242188,1.8600006103515625,2.520000457763672,-1.1300010681152344,7.819995880126952,-0.3899993896484375,10.520000457763672,5.0,7.0,05-26,1.899166464805603
03-13,6.300000190734862,-2.40000057220459,0.1700000762939453,-1.1500005722045898,-0.5,-2.8199996948242188,1.5300006866455078,2.75,-1.1300010681152344,8.709995269775389,-0.720001220703125,5.049999237060547,6.0,6.0,05-27,1.3158326943715413
03-14,5.100000381469727,-2.200000762939453,0.1700000762939453,-1.5,0.5499992370605469,-3.1700000762939453,1.5,2.75,-0.8900032043457031,8.539997100830076,-2.460002899169922,15.299999237060547,7.0,5.0,05-28,1.974165757497152
03-15,5.90000057220459,-2.200000762939453,0.2899999618530273,-2.1899995803833012,0.6500005722045898,-3.4899997711181636,1.729999542236328,2.770000457763672,-0.6700019836425781,8.020000457763674,-2.170001983642578,18.650001525878906,7.0,5.0,05-29,2.2741665840148926
03-16,5.90000057220459,-2.5,0.5,-2.359999656677246,1.260000228881836,-3.5699996948242188,1.729999542236328,3.1700000762939453,-0.6400032043457031,6.849998474121094,-3.909999847412109,18.650001525878906,7.0,5.0,05-30,2.089999834696452
03-17,5.0,-2.30000114440918,0.5600004196166992,-2.310000419616699,1.25,-3.5699996948242188,1.6300010681152344,2.3700008392333984,-0.3299980163574219,5.779998779296875,-3.549999237060547,15.28000259399414,7.0,5.0,05-31,1.6508337656656902
03-18,1.5,-1.2999992370605469,0.6000003814697266,-2.6900005340576167,1.25,-4.239999771118163,1.979999542236328,2.6599998474121094,-0.1699981689453125,7.1399993896484375,-3.549999237060547,16.290000915527347,7.0,5.0,06-01,1.6225002606709795
03-19,2.6999998092651367,-0.8999996185302734,0.3400001525878906,-2.6900005340576167,1.3100004196166992,-4.25,2.139999389648437,2.6700000762939453,-0.2999992370605469,7.1399993896484375,-3.139999389648437,15.260000228881836,7.0,5.0,06-02,1.690000057220459
03-20,3.3000001907348637,-0.9000005722045898,-0.4800004959106445,-2.6900005340576167,1.010000228881836,-4.769998550415039,1.6299991607666016,2.720001220703125,-0.2999992370605469,6.470001220703125,-1.5099983215332031,16.990001678466793,6.0,6.0,06-03,1.7891671657562256
03-21,0.8000001907348633,-0.1100006103515625,-0.4800004959106445,-2.770000457763672,0.979999542236328,-4.400001525878906,2.6200008392333984,2.720001220703125,0.970001220703125,5.739997863769531,-1.7999992370605469,19.64999771118164,7.0,5.0,06-04,1.9933330217997236
03-22,0.3000001907348633,-0.1100006103515625,-0.6500005722045898,-2.979999542236328,0.9200000762939452,-4.540000915527344,2.4400005340576167,2.730001449584961,1.2699966430664062,9.110000610351562,-0.2299995422363281,21.009998321533203,7.0,5.0,06-05,2.4391663869222007
03-23,0.3000001907348633,-1.210000991821289,-1.1999998092651367,-3.410000324249268,0.8999996185302734,-4.5,2.4400005340576167,3.3299999237060547,0.8400001525878906,11.40999984741211,1.5999984741210938,21.009998321533203,8.0,4.0,06-06,2.625832994778951
03-24,1.0,-0.8299999237060547,-1.6100006103515625,-3.299999237060547,0.5399999618530273,-4.5,2.760000228881836,2.0300006866455083,1.529998779296875,9.130001068115234,1.6699981689453125,15.39999771118164,8.0,4.0,06-07,1.9849997361501055
03-25,1.7999992370605469,-1.8399991989135744,-1.7799997329711914,-3.0699996948242188,0.5399999618530273,-4.319999694824219,3.060001373291016,2.770000457763672,1.470001220703125,10.429996490478516,1.6699981689453125,16.229999542236328,8.0,4.0,06-08,2.246666510899862
03-26,1.1999998092651367,-2.369999885559082,-1.6300001144409182,-3.0699996948242188,0.4900007247924805,-3.659999847412109,3.2199993133544917,2.4200000762939453,1.7000007629394531,10.429996490478516,1.1199989318847656,15.270000457763672,8.0,4.0,06-09,2.0933330853780108
03-27,1.3000001907348633,-2.9099998474121094,-1.6199998855590818,-2.899999618530273,0.7400007247924805,-2.0599994659423833,2.680000305175781,2.4699993133544917,1.7000007629394531,11.919998168945312,1.30999755859375,17.75,8.0,4.0,06-10,2.5316665172576904
03-28,3.6999998092651367,-2.8799991607666016,-1.6199998855590818,-2.84000015258789,1.0500001907348633,-1.4400005340576172,2.5300006866455083,2.4699993133544917,1.0,11.360000610351562,0.12000274658203125,16.65999984741211,8.0,4.0,06-11,2.509166955947876
03-29,4.299999237060547,-2.8799991607666016,-1.4199991226196291,-2.7100000381469727,1.479999542236328,-2.1900005340576167,2.6000003814697266,2.479999542236328,1.9199981689453125,10.000003814697266,0.20999908447265625,14.859996795654295,8.0,4.0,06-12,2.3874998092651367
03-30,4.299999237060547,-3.5799999237060547,-1.2200002670288086,-3.0799999237060547,1.1399993896484375,-2.540000915527344,2.6000003814697266,1.8199996948242188,2.05999755859375,10.150001525878906,-1.3300018310546875,14.859996795654295,7.0,5.0,06-13,2.0983326435089107
03-31,3.5,-2.7200002670288086,-1.9700002670288088,-3.130000114440918,1.1099996566772459,-2.540000915527344,2.2800006866455083,1.3199996948242188,2.170001983642578,10.18999481201172,-2.479999542236328,15.849998474121096,7.0,5.0,06-14,1.9649995168050132
04-01,4.1000003814697275,-2.7200002670288086,-2.339999198913574,-3.2200002670288086,1.1099996566772459,-3.2800006866455083,2.4200000762939453,0.5,2.4800033569335938,10.54999542236328,-2.479999542236328,14.0,7.0,5.0,06-15,1.7599999109903972
04-02,6.30000114440918,-3.119999885559082,-1.7899999618530271,-3.2200002670288086,1.130000114440918,-3.680000305175781,2.270000457763672,0.18000030517578125,2.6200027465820312,10.54999542236328,-2.5699996948242188,13.43000030517578,7.0,5.0,06-16,1.8416666984558103
04-03,4.5,-2.8799991607666016,-2.320000648498535,-3.180000305175781,1.4700002670288086,-2.0,2.55000114440918,0.2899990081787109,2.6200027465820312,9.709999084472656,-2.1299972534179688,14.520000457763672,7.0,5.0,06-17,1.9291671117146807
04-04,3.5,-2.739999771118164,-2.320000648498535,-2.6999998092651367,1.329999923706055,-0.010000228881835938,2.7800006866455083,0.2899990081787109,2.7600021362304688,8.96999740600586,-3.1199989318847656,12.479999542236328,7.0,5.0,06-18,1.7683332761128745
04-05,1.6000003814697266,-2.739999771118164,-2.430000305175781,-2.690000057220459,1.9499998092651367,2.0300006866455083,2.220001220703125,1.039999008178711,3.0800018310546875,7.4699974060058585,-3.60000228881836,11.619998931884766,8.0,4.0,06-19,1.6291664044062295
04-06,1.6000003814697266,-2.9400005340576167,-2.649999618530273,-2.539999961853028,1.9600000381469729,1.9000015258789065,2.220001220703125,0.7899990081787109,2.46999740600586,9.14999771118164,-2.6199989318847656,11.619998931884766,8.0,4.0,06-20,1.746666431427002
04-07,2.3000001907348637,-3.4100008010864262,-2.3000001907348637,-2.34000015258789,1.920000076293945,1.9000015258789065,2.540000915527344,1.8199996948242188,2.7399978637695312,8.930000305175781,-3.609996795654297,11.759998321533205,8.0,4.0,06-21,1.8541667461395264
04-08,1.6999998092651367,-3.1700000762939453,-2.2300004959106445,-2.2100000381469727,1.920000076293945,1.8900012969970703,2.200000762939453,2.029998779296875,2.80999755859375,9.669998168945312,-3.609996795654297,9.110000610351562,8.0,4.0,06-22,1.6758333047231038
04-09,-0.8999996185302734,-3.1200008392333984,-1.8900003433227541,-2.2100000381469727,1.8699998855590818,0.10000038146972656,1.5300006866455078,1.6000003814697266,2.579998016357422,9.669998168945312,-2.930000305175781,6.670001983642577,7.0,5.0,06-23,1.0808331966400146
04-10,-5.5,-3.3500003814697266,-2.1900005340576167,-1.8800001144409182,1.8400001525878904,0.9599990844726562,2.7199993133544917,1.7800006866455078,2.579998016357422,7.950000762939452,-2.59000015258789,8.659999847412111,7.0,5.0,06-24,0.9149997234344482
04-11,-5.299999237060547,-3.4900007247924805,-2.1900005340576167,-2.489999771118164,1.8499994277954104,1.1799983978271484,3.0,1.7800006866455078,2.7399978637695312,8.090000152587889,-2.049999237060547,9.15999984741211,7.0,5.0,06-25,1.0233330726623535
04-12,-5.09999942779541,-3.4900007247924805,-2.1000003814697266,-2.8399996757507324,1.7200002670288086,0.9300003051757812,2.649999618530273,1.4300003051757812,2.7600021362304688,7.1899986267089835,-4.729999542236328,8.150001525878906,7.0,5.0,06-26,0.5475002527236938
04-13,-5.09999942779541,-3.1899995803833012,-2.139999389648437,-2.590000629425049,2.180000305175781,1.0300006866455078,2.649999618530273,1.3199996948242188,3.020000457763672,5.740001678466798,-4.5,8.150001525878906,7.0,5.0,06-27,0.5475004116694132
04-14,-6.40000057220459,-3.880000114440918,-2.289999961853028,-2.4099998474121094,2.489999771118164,1.0300006866455078,2.979999542236328,-1.6599998474121094,2.859996795654297,4.9199981689453125,-4.710002899169922,7.790000915527344,6.0,6.0,06-28,0.05999938646952311
04-15,-8.19999885559082,-4.769999504089356,-2.4200000762939453,-2.359999656677246,2.489999771118164,0.5900001525878906,2.8099994659423833,-2.6900005340576167,3.389999389648437,3.659999847412109,-4.710002899169922,11.259998321533205,6.0,6.0,06-29,-0.07916704813639322
04-16,-9.999999046325684,-4.399999618530273,-1.979999542236328,-2.359999656677246,2.5199995040893555,0.11999893188476562,2.4699993133544917,-2.4400005340576167,3.859996795654297,3.659999847412109,-5.5600013732910165,9.43000030517578,6.0,6.0,06-30,-0.3900004227956136
04-17,-12.799999237060547,-5.269999504089356,-1.8800001144409182,-2.5599994659423833,2.880000114440918,0.1699981689453125,1.7800006866455078,-1.6300010681152344,3.859996795654297,2.810001373291016,-4.979999542236328,8.860000610351562,6.0,6.0,07-01,-0.7300000985463461
04-18,-8.399999618530272,-5.479999542236328,-1.8800001144409182,-2.3600001335144043,3.119999885559082,0.25,2.3299999237060547,-1.6300010681152344,3.959999084472656,3.539997100830078,-6.540000915527344,10.479999542236328,6.0,6.0,07-02,-0.21750048796335852
04-19,-8.399999618530272,-5.479999542236328,-1.920000076293945,-1.8400001525878904,2.9899997711181636,0.6499996185302734,2.3299999237060547,-1.4400005340576172,3.959999084472656,2.329998016357422,-4.759998321533203,10.479999542236328,6.0,6.0,07-03,-0.09166685740152997
04-20,-8.399999618530272,-5.8800010681152335,-2.1000003814697266,-2.439999580383301,3.0699996948242188,0.6499996185302734,2.3299999237060547,-1.9400005340576167,3.060001373291016,0.6800003051757812,-4.759998321533203,10.479999542236328,6.0,6.0,07-04,-0.4374999205271403
04-21,-11.399999618530273,-6.3800010681152335,-2.669999122619629,-2.2400007247924805,3.149999618530273,0.6499996185302734,2.4200000762939453,-1.8500003814697263,3.479999542236328,1.289997100830078,-4.849998474121094,12.09000015258789,6.0,6.0,07-05,-0.5258336067199707
04-22,-10.200000762939453,-6.579998970031737,-2.34999942779541,-2.1300001144409184,3.149999618530273,0.010000228881835938,1.539999008178711,-3.0799999237060547,3.0,0.4099998474121094,-4.849998474121094,10.439998626708984,6.0,6.0,07-06,-0.8866666952768961
04-23,-12.299999237060547,-7.390000343322754,-2.549999237060547,-2.1300001144409184,2.9499998092651367,0.6399993896484375,1.729999542236328,-3.6299991607666016,3.25,0.4099998474121094,-4.8999977111816415,11.05999755859375,6.0,6.0,07-07,-1.0716666380564372
04-24,-11.999999046325685,-7.05000114440918,-2.8399991989135738,-2.2699995040893555,2.679999351501465,0.10000038146972656,1.1599998474121094,-3.389999389648437,3.25,1.2400016784667969,-4.430000305175781,11.709999084472654,6.0,6.0,07-08,-0.9866665204366049
04-25,-11.699999809265135,-7.000000953674316,-2.8399991989135738,-2.6000003814697266,2.889999389648437,0.05000114440917969,1.2000007629394531,-3.389999389648437,3.200000762939453,0.3899993896484375,-4.039997100830078,8.919998168945312,6.0,6.0,07-09,-1.243333101272583
04-26,-11.699999809265135,-7.000000953674316,-2.1899995803833012,-2.8299999237060547,3.1999998092651367,-0.019998550415039062,0.1100006103515625,-3.6900005340576167,3.009998321533203,0.01000213623046875,-5.1499977111816415,10.39999771118164,5.0,7.0,07-10,-1.3208332061767578
04-27,-11.699999809265135,-6.59999942779541,-2.139999389648437,-3.179999351501465,3.1999998092651367,-0.2999992370605469,0.1100006103515625,-3.1100006103515625,3.829998016357422,0.6199989318847656,-5.970001220703125,10.39999771118164,5.0,7.0,07-11,-1.236666997273763
04-28,-12.800000190734865,-6.3999996185302725,-2.4499998092651367,-3.0999999046325684,3.2199993133544917,-0.2999992370605469,-0.5699996948242188,-1.829999923706055,4.1300010681152335,0.279998779296875,-6.720001220703125,9.64999771118164,4.0,8.0,07-12,-1.407500227292379
04-29,-4.299999237060547,-5.199999809265137,-3.1700000762939453,-2.9800000190734863,3.2199993133544917,-0.4899997711181641,-0.720001220703125,-1.5400009155273438,3.669998168945313,0.2599983215332031,-6.720001220703125,7.25,4.0,8.0,07-13,-0.8933338721593221
04-30,-2.40000057220459,-4.75999927520752,-3.139999389648437,-2.9800000190734863,3.2399997711181636,-1.020000457763672,0.25,-1.170000076293945,4.019996643066406,0.2599983215332031,-6.1100006103515625,10.829998016357422,5.0,7.0,07-14,-0.2483339707056681
05-01,-3.8000001907348633,-4.699999809265137,-3.1999998092651367,-3.0799994468688965,3.2799997329711914,-0.989999771118164,0.3899993896484375,-1.260000228881836,4.019996643066406,-0.10000228881835938,-4.8400001525878915,12.390003204345705,4.0,8.0,07-15,-0.15750022729237875
05-02,-5.200000762939453,-4.449999809265137,-3.1999998092651367,-2.9800000190734863,2.9899997711181636,-1.25,0.2900009155273437,-1.260000228881836,4.039997100830078,-0.3499984741210937,-4.709999084472656,12.990001678466795,4.0,8.0,07-16,-0.25749989350636804
05-03,-4.40000057220459,-4.449999809265137,-3.2300004959106445,-2.3199996948242188,2.6599998474121094,-1.1500015258789062,0.1900005340576172,-0.8300018310546875,3.3800010681152344,-0.69000244140625,-4.959999084472656,13.910003662109375,4.0,8.0,07-17,-0.1575000286102295
05-04,-4.40000057220459,-3.5500001907348637,-3.080000877380371,-1.9399995803833008,2.3500003814697266,-1.329999923706055,0.1900005340576172,-0.010000228881835938,3.5800018310546875,-1.5600013732910156,-4.049999237060547,13.910003662109375,4.0,8.0,07-18,0.009167035420735678
05-05,-3.999999046325684,-2.9200000762939453,-2.9600000381469727,-1.8500003814697263,2.4800004959106445,-1.329999923706055,0.5,-0.05000114440917969,3.720001220703125,-1.0100021362304688,-4.729999542236328,14.03000259399414,4.0,8.0,07-19,0.15666683514912924
05-06,-4.5,-2.640000343322754,-3.4400005340576167,-1.9800000190734863,2.4800004959106445,-0.4499988555908203,1.9000015258789065,-0.06999969482421875,4.3800010681152335,0.979999542236328,-4.729999542236328,16.0,5.0,7.0,07-20,0.6608336369196574
05-07,-4.59999942779541,-1.9600000381469729,-3.179999351501465,-1.9800000190734863,2.430000305175781,-1.010000228881836,1.3199996948242188,0.010000228881835938,3.979999542236328,0.979999542236328,-4.1100006103515625,14.169998168945312,6.0,6.0,07-21,0.5041664838790894
05-08,-6.90000057220459,-3.039999961853028,-1.4099988937377932,-1.8299994468688965,2.5599994659423833,0.1700000762939453,1.0499992370605469,0.5499992370605469,3.979999542236328,0.19000244140625,-3.270000457763672,12.34000015258789,7.0,5.0,07-22,0.3658334016799927
05-09,-4.899999618530273,-3.320000648498535,-1.4099988937377932,-1.820000171661377,2.59999942779541,0.25,0.2700004577636719,0.5499992370605469,4.039997100830078,-2.790000915527344,-2.7300033569335938,13.10000228881836,6.0,6.0,07-23,0.3199995756149292
05-10,-4.199998855590819,-3.320000648498535,-1.6799993515014648,-2.250000476837158,2.4200000762939453,-0.6800003051757812,0.3400001525878906,-0.1900005340576172,4.319999694824219,-4.4699974060058585,-2.0500030517578125,11.729999542236328,4.0,8.0,07-24,-0.0025000969568888345
05-11,-4.199998855590819,-3.119999885559082,-0.8900003433227539,-2.390000343322754,2.4200000762939453,-0.5,0.3400001525878906,-0.10000038146972656,6.75,-4.349998474121094,1.1200027465820312,11.729999542236328,5.0,7.0,07-25,0.5675003528594971
05-12,-2.299999237060547,-2.649999618530273,-0.659998893737793,-2.040000438690185,2.430000305175781,-0.5,0.8000011444091797,0.5,7.099998474121094,-3.829998016357422,2.210002899169922,13.329998016357422,6.0,6.0,07-26,1.1991670529047649
05-13,-1.0,-1.6400003433227541,0.460000991821289,-2.040000438690185,2.430000305175781,-0.1899986267089844,-0.03999900817871094,0.10000038146972656,6.9399986267089835,-2.6899986267089844,2.210002899169922,14.35000228881836,6.0,6.0,07-27,1.5741673707962036
05-14,-1.0,-1.1899995803833008,0.39999961853027344,-2.040000438690185,2.0999994277954097,0.0,-1.0699996948242188,0.030000686645507806,6.1300010681152335,-2.6899986267089844,1.220001220703125,12.970001220703125,6.0,6.0,07-28,1.2383337418238325
05-15,0.7999992370605469,-1.0,-0.3400001525878906,-1.900000095367432,3.34999942779541,0.6199989318847656,-1.6499996185302734,0.030000686645507806,6.1300010681152335,-3.0199966430664062,1.4300003051757812,14.64999771118164,7.0,5.0,07-29,1.5916667381922405
05-16,-1.3000001907348633,-0.9400005340576172,-0.3400001525878906,-1.5500001907348633,3.5300006866455083,0.4400005340576172,-1.8700008392333984,0.030000686645507806,5.830001831054688,-3.0,1.0999984741210938,10.479999542236328,6.0,6.0,07-30,1.034166653951009
05-17,-1.1999998092651367,-0.9400005340576172,-0.1400003433227539,-1.0700001716613772,3.3500003814697266,0.9099998474121094,-1.3700008392333984,0.05999946594238281,7.319999694824219,-3.6199989318847656,0.9900016784667968,10.830001831054688,6.0,6.0,07-31,1.260000189145406
05-18,-1.1999998092651367,-0.5399999618530273,-0.1900005340576172,-0.9200000762939452,3.389999389648437,1.6200008392333984,-1.3700008392333984,-1.520000457763672,7.6300010681152335,-4.710002899169922,0.779998779296875,10.830001831054688,5.0,7.0,08-01,1.149999777475993
05-19,-1.0999994277954102,-1.0699996948242188,-0.01999950408935547,-1.0199995040893557,3.3799991607666016,1.6200008392333984,-1.1599998474121094,-1.3099994659423828,6.950000762939452,-5.490001678466797,0.6100006103515625,11.870002746582033,5.0,7.0,08-02,1.105000416437785
05-20,-0.5,0.3299999237060547,-0.1400003433227539,-0.8999996185302734,3.3799991607666016,1.920000076293945,-1.0400009155273438,-1.7900009155273438,6.799999237060548,-5.1000022888183585,0.6100006103515625,8.670001983642576,6.0,6.0,08-03,1.0199997425079346
05-21,0.8000001907348633,0.5099992752075195,-0.6400003433227539,-0.8999996185302734,3.429999351501465,0.7700004577636719,-1.420000076293945,-2.049999237060547,6.729999542236327,-5.1000022888183585,0.2800025939941406,9.389999389648438,7.0,5.0,08-04,0.9833332697550456
05-22,0.8999996185302734,0.2299995422363281,-0.3400001525878906,-1.020000457763672,3.890000343322754,0.3099994659423828,-1.1499996185302734,-1.579999923706055,6.729999542236327,-5.509998321533203,-0.6599998474121094,10.299999237060547,6.0,6.0,08-05,1.0083332856496174
05-23,1.1999998092651367,0.8599996566772461,-0.3400001525878906,-1.5699996948242188,3.890000343322754,0.6200008392333984,-0.5100002288818359,-1.579999923706055,6.3600006103515625,-5.319995880126953,-0.3599967956542969,6.470001220703125,6.0,6.0,08-06,0.8100008169809977
05-24,1.1999998092651367,0.8599996566772461,-0.31999969482421875,-0.9000000953674316,4.0,0.4399986267089844,-0.5,-2.3700008392333984,6.44000244140625,-4.650001525878906,-3.6499977111816406,7.0600013732910165,6.0,6.0,08-07,0.6341668367385864
05-25,1.1999998092651367,1.260000228881836,-2.2100000381469727,-0.7600002288818359,3.380000114440918,0.7399997711181641,-0.5,-2.489999771118164,6.020000457763673,-3.729999542236328,-1.5499992370605469,7.0600013732910165,6.0,6.0,08-08,0.7016669114430746
05-26,1.1999998092651367,0.880000114440918,-2.8299999237060547,-0.8499994277954102,2.859999656677246,0.7399997711181641,-0.5,-1.4400005340576172,6.029998779296875,-1.2099990844726562,-3.09000015258789,7.0600013732910165,6.0,6.0,08-09,0.7375000317891439
05-27,0.19999980926513672,0.01999950408935547,-4.779999732971191,-0.8899993896484375,2.859999656677246,0.7399997711181641,-0.3400001525878906,-1.8699989318847656,6.489997863769531,-0.9599990844726562,-3.09000015258789,3.229999542236328,6.0,6.0,08-10,0.13416655858357748
05-28,-0.5,0.5199995040893555,-4.0,-0.8899993896484375,2.859999656677246,0.3799991607666016,-0.7299995422363281,-2.0999984741210938,6.4099998474121085,-0.9599990844726562,-3.09000015258789,6.759998321533202,5.0,7.0,08-11,0.3883333206176758
05-29,-0.5999994277954102,0.6000003814697266,-5.15000057220459,-0.8899993896484375,2.880000114440918,0.8799991607666016,0.2400016784667969,-2.4499988555908203,6.4099998474121085,-0.9599990844726562,-2.8300018310546875,7.069999694824219,6.0,6.0,08-12,0.4333334763844808
05-30,-1.4000005722045898,-0.1399993896484375,-5.15000057220459,0.039999961853027344,2.880000114440918,1.1399993896484375,-0.7299995422363281,-2.4499988555908203,6.4099998474121085,-2.170001983642578,-3.729999542236328,7.8699989318847665,5.0,7.0,08-13,0.21416648228963214
05-31,-0.5,-0.1399993896484375,-5.15000057220459,-0.06999969482421875,2.890000343322754,0.8200016021728516,-1.2199993133544922,-2.4499988555908203,5.540000915527344,-2.779998779296875,-3.659999847412109,8.479999542236326,4.0,8.0,08-14,0.1466671625773112
06-01,-0.5,-0.1399993896484375,-3.3000001907348637,0.4600000381469727,3.0299997329711914,0.8800010681152344,-1.2199993133544922,-2.4099998474121094,5.150001525878906,-4.0300025939941415,-2.889999389648437,8.479999542236326,5.0,7.0,08-15,0.292500098546346
06-02,0.0,-1.0199995040893557,-3.369999885559082,0.8099999427795409,3.1599998474121094,0.8800010681152344,-2.260000228881836,-2.9099998474121094,5.9299964904785165,-3.740001678466797,-4.420001983642578,7.5300025939941415,5.0,7.0,08-16,0.04916640122731527
06-03,-0.10000038146972656,-1.119999885559082,-2.7199993133544917,0.6699995994567871,3.1599998474121094,1.6800003051757812,-2.040000915527344,-1.220001220703125,5.170001983642578,-4.1699981689453125,-4.420001983642578,5.930000305175781,5.0,7.0,08-17,0.06833334763844807
06-04,-1.3999996185302734,-0.2700004577636719,-2.320000648498535,0.6699995994567871,3.2799997329711914,1.789999008178711,-1.579999923706055,-1.810001373291016,5.25,-4.1699981689453125,-6.319999694824219,4.25,5.0,7.0,08-18,-0.21916679541269934
06-05,-1.3000001907348633,1.0299997329711914,-2.290000915527344,0.4699993133544922,3.4499998092651367,1.479999542236328,-2.040000915527344,-1.970001220703125,5.25,-4.3600006103515625,-6.509998321533202,2.30999755859375,6.0,6.0,08-19,-0.3733338514963786
06-06,-0.5,1.3099994659423828,-2.290000915527344,0.26000022888183594,3.1700000762939453,0.8999996185302734,-2.3500003814697266,-1.970001220703125,5.3999977111816415,-4.699996948242188,-5.4199981689453125,1.170001983642578,6.0,6.0,08-20,-0.4183332125345866
06-07,-0.6999998092651367,1.3099994659423828,-2.2800006866455083,0.380000114440918,2.609999656677246,0.6100006103515625,-3.040000915527344,-1.6200008392333984,4.3600006103515625,-3.770000457763672,-4.5500030517578125,1.5600013732910156,6.0,6.0,08-21,-0.427500327428182
06-08,-0.6999998092651367,1.4499998092651367,-3.1600008010864262,0.4900007247924805,2.7200002670288086,0.6499996185302734,-3.040000915527344,-1.8500003814697263,3.490001678466797,-4.180004119873047,-5.3699989318847665,1.5600013732910156,6.0,6.0,08-22,-0.6616667906443278
06-09,-1.5,1.0,-3.8199996948242183,0.8100004196166992,2.560000419616699,0.6499996185302734,-3.2800006866455083,-1.25,2.9000015258789062,-5.920001983642577,-5.25,1.3199996948242188,6.0,6.0,08-23,-0.9816667238871256
06-10,-1.5,-0.15999984741210938,-3.5599994659423833,0.8599996566772461,2.560000419616699,0.9699993133544922,-4.3800010681152335,-0.7699985504150391,3.579998016357422,-5.3800048828125,-5.25,2.5300025939941406,5.0,7.0,08-24,-0.8750003178914388
06-11,-2.5,-0.4200000762939453,-3.09000015258789,0.8599996566772461,2.90000057220459,1.6800003051757812,-5.349998474121094,-0.26000022888183594,3.529998779296875,-5.3800048828125,-5.25,7.0,5.0,7.0,08-25,-0.5233337084452311
06-12,-6.000000953674316,-0.8400001525878906,-2.7200002670288086,0.7699995040893555,3.1899995803833012,2.3799991607666016,-6.6199989318847665,-0.2999992370605469,3.529998779296875,-5.4199981689453125,-4.180000305175781,6.6300010681152335,5.0,7.0,08-26,-0.7983333269755045
06-13,-4.600000381469727,-0.8400001525878906,-2.7200002670288086,0.5299997329711914,2.9699993133544917,2.510000228881836,-6.480001449584961,-0.2999992370605469,3.3499984741210938,-6.449996948242188,-5.8000030517578125,5.1599998474121085,5.0,7.0,08-27,-1.0558336575826008
06-14,-4.1000003814697275,-0.8400001525878906,-3.180000305175781,0.5100002288818359,3.09000015258789,2.149999618530273,-5.3600006103515625,0.3099994659423828,3.55999755859375,-6.039997100830077,-4.950000762939453,4.849998474121094,6.0,6.0,08-28,-0.8333336512247721
06-15,-4.1000003814697275,-1.0800008773803709,-2.869999885559082,0.4200005531311035,2.1600008010864262,1.8600006103515625,-5.3600006103515625,0.5400009155273438,3.8199996948242183,-4.6799964904785165,-5.529998779296875,4.849998474121094,6.0,6.0,08-29,-0.8308329979578654
06-16,-2.5,-1.5900001525878906,-2.770000457763672,0.7600002288818359,2.2100000381469727,1.8600006103515625,-5.5900001525878915,1.170000076293945,3.979999542236328,-4.700000762939453,-4.9099998474121085,3.6399993896484375,6.0,6.0,08-30,-0.7033334573109945
06-17,-0.10000038146972656,-0.8499994277954102,-2.3000001907348637,0.7799997329711914,2.2100000381469727,0.2800006866455078,-3.700000762939453,1.3699989318847656,3.049999237060547,-4.849998474121094,-4.9099998474121085,5.349998474121094,6.0,6.0,08-31,-0.30583349863688153
06-18,2.0999994277954097,-1.369999885559082,-2.2699995040893555,0.7799997329711914,2.0199995040893555,0.4099998474121094,-3.8799991607666016,1.210000991821289,3.290000915527344,-4.849998474121094,-5.790000915527344,5.620002746582031,7.0,5.0,09-01,-0.22749956448872885
06-19,5.0,-1.579999923706055,-1.420000076293945,0.5799999237060547,2.0599994659423833,0.8799991607666016,-3.6399993896484375,1.1499996185302734,3.290000915527344,-4.930000305175781,-4.8000030517578125,5.6699981689453125,7.0,5.0,09-02,0.18833287556966147
06-20,3.1000003814697266,-0.9199991226196288,-1.420000076293945,0.4499998092651367,2.1999998092651367,1.020000457763672,-5.979999542236327,1.1499996185302734,3.8600006103515625,-5.6699981689453125,-4.010002136230469,5.580001831054688,7.0,5.0,09-03,-0.053333044052124016
06-21,3.0,-0.9199991226196288,-1.6400003433227541,0.6700000762939453,1.8000001907348633,1.3200016021728516,-5.5900001525878915,1.3099994659423828,4.0900001525878915,-6.549999237060548,-4.489997863769531,6.270000457763673,7.0,5.0,09-04,-0.06083289782206217
06-22,3.0,-0.6899995803833008,-1.3400001525878906,0.7499995231628418,2.649999618530273,0.8800010681152344,-5.5900001525878915,1.1299991607666016,4.519996643066406,-6.069999694824219,-3.5500030517578125,6.270000457763673,7.0,5.0,09-05,0.16333281993865967
06-23,2.799999237060547,-0.5499992370605469,-1.4600000381469729,1.1200003623962402,3.8199996948242183,0.8800010681152344,-5.760000228881836,-0.030000686645507806,4.75,-3.34000015258789,-2.94000244140625,5.770000457763673,6.0,6.0,09-06,0.4216665029525757
06-24,2.59999942779541,0.4899997711181641,-1.9800004959106443,1.0900006294250488,3.8199996948242183,1.0,-5.4099998474121085,3.3699989318847656,3.25,-4.44000244140625,-2.94000244140625,6.779998779296875,8.0,4.0,09-07,0.635832667350769
06-25,2.5,1.1000003814697266,-2.200000762939453,1.0900006294250488,3.779999732971192,0.979999542236328,-5.1399993896484375,4.1299991607666025,3.430000305175781,-4.44000244140625,-2.85000228881836,4.3400001525878915,8.0,4.0,09-08,0.5599995851516724
06-26,2.6999998092651367,0.8999996185302734,-1.8000001907348633,1.0600004196166992,3.3100004196166988,0.9500007629394532,-5.349998474121094,4.280000686645509,3.430000305175781,-4.25,-1.3400001525878906,5.989997863769531,8.0,4.0,09-09,0.8233334223429362
06-27,3.5,0.8299999237060547,-1.8000001907348633,1.3000001907348633,3.670000076293945,1.1900005340576172,-2.0699996948242188,4.280000686645509,2.8999977111816406,-5.830001831054688,-2.0700035095214844,3.1599998474121094,8.0,4.0,09-10,0.7549994786580404
06-28,3.6000003814697266,0.8299999237060547,-2.1300001144409184,1.450000286102295,3.850000381469727,0.9099998474121094,-2.3700008392333984,3.8700008392333984,1.8000030517578125,-6.609996795654298,-0.8799972534179688,4.209999084472656,8.0,4.0,09-11,0.7108340660730997
06-29,3.6000003814697266,1.8000001907348633,-2.549999237060547,0.7100000381469727,4.280000686645509,1.4699993133544922,-2.3700008392333984,3.4400005340576167,1.979999542236328,-6.430000305175781,-1.5500030517578125,4.209999084472656,8.0,4.0,09-12,0.7158330281575521
06-30,3.700000762939453,2.520000457763672,-3.0600004196166988,0.9099998474121094,4.200000762939453,1.4699993133544922,-2.9800014495849614,3.0599994659423833,2.4099998474121094,-7.1199989318847665,-1.020000457763672,3.209999084472656,8.0,4.0,09-13,0.6083331902821859
07-01,3.6000003814697266,2.4699993133544917,-3.7100000381469727,1.2899999618530271,4.200000762939453,1.0699996948242188,-2.9400005340576167,4.140001296997069,2.299999237060547,-8.110000610351562,-1.020000457763672,3.0699996948242188,8.0,4.0,09-14,0.5299998919169108
07-02,3.5,2.820000648498535,-3.3000001907348637,1.2899999618530271,4.1200008392333975,0.5699996948242188,-2.8099994659423833,4.4099998474121085,2.21999740600586,-8.110000610351562,-0.9300003051757812,2.960002899169922,8.0,4.0,09-15,0.56166672706604
07-03,4.999999046325684,2.6100006103515625,-3.0299997329711914,1.1799993515014648,4.140000343322754,0.3699989318847656,-2.6100006103515625,4.9099998474121085,2.21999740600586,-7.230003356933594,-0.6999969482421875,2.6300010681152344,8.0,4.0,09-16,0.7908329963684082
07-05,5.199999809265137,2.5799999237060547,-3.0299997329711914,1.8100004196166992,3.909999847412109,0.9099998474121094,-1.579999923706055,4.9099998474121085,2.020000457763672,-6.240001678466798,-0.2900009155273437,2.639999389648437,8.0,4.0,09-18,1.0699997742970784
07-06,5.199999809265137,2.5799999237060547,-2.520000457763672,1.6800003051757812,4.079999923706056,1.420000076293945,-1.579999923706055,5.75,2.5500030517578125,-7.270000457763673,0.04999923706054688,2.639999389648437,9.0,3.0,09-19,1.215000073115031
07-07,6.199999809265138,2.3000001907348637,-2.5299997329711914,1.8400001525878904,3.5799999237060547,1.420000076293945,-1.2900009155273438,5.079999923706055,2.770000457763672,-8.130001068115233,0.220001220703125,3.979999542236328,9.0,3.0,09-20,1.2866666316986084
07-08,5.199999809265137,2.0,-2.810000419616699,1.6999998092651367,3.5799999237060547,2.0799999237060547,-0.970001220703125,4.899999618530273,3.020000457763672,-6.1100006103515625,0.220001220703125,1.5300025939941406,9.0,3.0,09-21,1.195000092188517
07-09,6.3999996185302725,2.1599998474121094,-2.369999885559082,1.6999998092651367,3.4699993133544917,2.6199989318847656,-2.4200000762939453,4.55000114440918,3.0999984741210938,-6.1100006103515625,0.030002593994140625,2.810001373291016,9.0,3.0,09-22,1.3283333778381348
07-10,8.0,2.1799993515014653,-2.8199996948242188,1.7199997901916504,3.330000877380371,2.299999237060547,-2.4200000762939453,4.8600006103515625,3.0999984741210938,-5.180000305175781,0.5200004577636719,-1.4199981689453125,8.0,4.0,09-23,1.180833379427592
07-11,7.200000762939452,2.4600000381469727,-2.8199996948242188,1.570000171661377,3.34999942779541,1.8500003814697263,-3.3799991607666016,4.8600006103515625,3.279998779296875,-4.7199974060058585,-0.3499984741210937,-2.5300025939941406,7.0,5.0,09-24,0.8975002368291221
07-12,6.3999996185302725,2.4600000381469727,-3.0,1.7900004386901855,3.049999237060547,1.9300003051757808,-3.2600002288818364,3.950000762939453,2.930000305175781,-5.5,-0.9000015258789062,-3.810001373291016,7.0,5.0,09-25,0.5033331314722697
07-13,6.3999996185302725,1.8000001907348633,-3.5799999237060547,1.2899999618530271,3.149999618530273,2.0699996948242188,-3.2600002288818364,4.040000915527344,2.4099998474121094,-5.349998474121094,-1.6800003051757812,-3.810001373291016,7.0,5.0,09-26,0.2899999618530273
07-14,6.3999996185302725,1.5,-3.2399997711181636,0.7399997711181641,3.2800006866455083,2.0699996948242188,-3.3800010681152344,3.549999237060547,2.1599998474121094,-5.5900001525878915,-1.520000457763672,-4.1399993896484375,7.0,5.0,09-27,0.1524998346964518
07-15,4.699999809265137,1.6900005340576172,-3.180000305175781,0.6599998474121094,3.2800006866455083,2.1900005340576167,-3.729999542236328,2.9899997711181636,2.3800010681152344,-6.8899993896484375,-1.520000457763672,-4.870002746582031,7.0,5.0,09-28,-0.19166668256123864
07-16,4.700000762939453,2.359999656677246,-2.5599994659423833,0.6599998474121094,3.580000877380371,1.579999923706055,-3.8900012969970703,3.2399997711181636,3.6399993896484375,-6.8899993896484375,-2.2800025939941406,-5.739997863769531,7.0,5.0,09-29,-0.1333333651224772
07-17,5.90000057220459,1.75,-3.0699996948242188,0.6700000762939453,3.459999084472656,2.1599998474121094,-4.9099998474121085,3.5399990081787114,3.6399993896484375,-8.119998931884767,-3.720001220703125,-4.040000915527344,7.0,5.0,09-30,-0.2283335526784261
07-18,5.199999809265137,1.4700002670288086,-3.0699996948242188,0.9500002861022948,3.3100004196166988,1.239999771118164,-4.6699981689453125,3.5399990081787114,3.09000015258789,-10.35000228881836,-3.2399978637695312,-4.6199989318847665,7.0,5.0,10-01,-0.5958331028620402
07-19,4.699999809265137,1.4700002670288086,-3.539999961853028,0.9800000190734864,3.0100002288818364,1.239999771118164,-3.8799991607666016,3.479999542236328,3.5300025939941406,-8.819999694824219,-3.659999847412109,-3.5,7.0,5.0,10-02,-0.4158330361048381
07-20,4.699999809265137,1.4499998092651367,-5.1599998474121085,1.549999713897705,3.2199993133544917,0.6800003051757812,-3.8799991607666016,2.9600009918212886,4.010002136230469,-7.790000915527344,-11.09000015258789,-3.5,7.0,5.0,10-03,-1.070833166440328
07-21,4.600000381469727,1.7899999618530271,-6.329999923706055,1.760000228881836,3.1000003814697266,0.6800003051757812,-3.790000915527344,3.900001525878906,2.029998779296875,-8.5,-12.39999771118164,-4.0300025939941415,7.0,5.0,10-04,-1.4324999650319417
07-22,2.399999618530273,1.5399999618530271,-7.280000686645508,1.8200006484985352,3.1000003814697266,0.9400005340576172,-3.9800014495849614,3.1700000762939453,2.9000015258789062,-7.6300010681152335,-12.39999771118164,-2.6599998474121094,7.0,5.0,10-05,-1.5066665013631184
07-23,2.59999942779541,0.10000038146972656,-8.100000381469728,1.8200006484985352,3.070000648498535,0.8799991607666016,-3.670000076293945,4.1100006103515625,2.770000457763672,-7.6300010681152335,-13.43000030517578,-2.19000244140625,7.0,5.0,10-06,-1.6391669114430745
07-24,3.0000009536743164,0.3299999237060547,-8.040000915527344,1.8400006294250488,3.2500009536743164,2.0300006866455083,-1.9300003051757808,4.6599998474121085,2.770000457763672,-7.6300010681152335,-14.06999969482422,-1.720001220703125,7.0,5.0,10-07,-1.2924999793370564
07-25,1.6000003814697266,0.3099994659423828,-8.040000915527344,1.950000286102295,2.439999580383301,2.0300006866455083,-1.6100006103515625,4.6599998474121085,2.3300018310546875,-8.700000762939451,-12.709999084472654,-2.930000305175781,7.0,5.0,10-08,-1.5558332999547322
07-26,1.5,0.3099994659423828,-7.760000228881836,1.8599996566772459,1.9099998474121092,1.010000228881836,-0.9200000762939452,4.4099998474121085,3.8999977111816406,-8.700000762939451,-12.279998779296875,-2.930000305175781,7.0,5.0,10-09,-1.4741669495900471
07-27,1.5,0.5199995040893555,-6.640000343322754,1.4999995231628418,1.3100004196166992,0.7999992370605469,-0.9200000762939452,4.4099998474121085,3.229999542236328,-8.389999389648438,-12.270000457763672,-2.930000305175781,7.0,5.0,10-10,-1.4900002082188923
07-28,2.399999618530273,0.2300004959106445,-6.979999542236327,1.4700002670288086,1.380000114440918,0.7999992370605469,-1.529998779296875,4.430000305175781,3.4099998474121094,-6.790000915527344,-11.310001373291016,-1.8400001525878904,7.0,5.0,10-11,-1.1941667397816975
07-29,2.5,0.369999885559082,-6.510000228881836,1.5299997329711914,1.380000114440918,0.31999969482421875,-1.9299983978271484,4.329999923706056,2.990001678466797,-9.119998931884766,-11.310001373291016,-2.19000244140625,7.0,5.0,10-12,-1.4700000286102295
07-30,2.1999998092651367,0.18000030517578125,-6.199999809265138,1.5299997329711914,1.3500003814697266,-1.329999923706055,-2.489999771118164,4.030000686645509,3.240001678466797,-9.119998931884766,-11.31999969482422,-0.7600021362304688,6.0,6.0,10-13,-1.5574998060862224
07-31,1.7000007629394531,-0.3399991989135742,-5.640000343322754,1.4399995803833008,1.8500003814697263,-1.470001220703125,-2.1100006103515625,3.8099994659423833,3.240001678466797,-8.979999542236328,-9.81999969482422,-0.720001220703125,5.0,7.0,10-14,-1.4199999968210857
08-01,2.1999998092651367,-0.04999923706054688,-5.640000343322754,1.5699996948242188,1.7899999618530271,-1.6599998474121094,-2.34000015258789,3.8099994659423833,3.0800018310546875,-10.68000030517578,-7.520000457763673,-1.4099998474121094,5.0,7.0,10-15,-1.4041666189829511
08-02,2.1999998092651367,-0.04999923706054688,-4.720000267028809,1.670000076293945,1.6300001144409182,-1.730001449584961,-2.8900012969970703,4.1899986267089835,2.889999389648437,-10.580001831054688,-6.75,-1.4099998474121094,5.0,7.0,10-16,-1.2958338260650637
08-03,2.1999998092651367,0.2300004959106445,-5.130000114440918,1.299999713897705,1.5699987411499023,-1.579999923706055,-2.8900012969970703,3.1300010681152344,2.8199996948242188,-10.75,-3.35000228881836,-1.4099998474121094,6.0,6.0,10-17,-1.1550003290176392
08-04,2.399999618530273,-0.630000114440918,-3.34999942779541,1.3000001907348633,2.039999961853028,-1.579999923706055,-3.80000114440918,3.4099998474121094,3.2800025939941406,-10.009998321533203,-4.19000244140625,-1.220001220703125,5.0,7.0,10-18,-1.0291666984558103
08-05,3.399999618530273,-0.6099996566772461,-3.2799997329711914,1.6199998855590818,2.039999961853028,-1.3499984741210938,-2.9899997711181636,2.1999988555908203,2.6699981689453125,-9.84000015258789,-4.19000244140625,-1.810001373291016,5.0,7.0,10-19,-1.0116670926411946
08-06,3.1999998092651367,-0.3299999237060547,-1.2800006866455078,1.6199998855590818,2.2100000381469727,-1.1300010681152344,-3.0699996948242188,2.4699993133544917,2.80999755859375,-9.84000015258789,-5.120002746582031,-1.3300018310546875,5.0,7.0,10-20,-0.8158341248830161
08-07,3.59999942779541,-0.8299999237060547,-1.5300006866455078,1.479999542236328,2.6999998092651367,-0.4499988555908203,-2.6000003814697266,2.529998779296875,2.80999755859375,-10.490001678466797,-3.549999237060547,-2.3600006103515625,5.0,7.0,10-21,-0.7241671880086263
08-08,2.90000057220459,-0.5699996948242188,-1.5300006866455078,1.3999996185302734,2.859999656677246,-0.8599987030029297,-2.8500003814697266,2.529998779296875,2.6899986267089844,-12.390003204345705,-2.3600006103515625,-2.560001373291016,5.0,7.0,10-22,-0.8950006167093912
08-09,2.40000057220459,-0.5699996948242188,-2.410000801086426,0.0,2.75,-0.5699996948242188,-3.4099998474121094,2.6899986267089844,2.539997100830078,-12.379997253417967,-1.229999542236328,-2.560001373291016,4.0,8.0,10-23,-1.0625001589457197
08-10,2.40000057220459,-0.05000019073486328,-1.079999923706055,0.01999950408935547,2.930000305175781,-0.8099994659423828,-3.4099998474121094,2.760000228881836,3.049999237060547,-12.209999084472654,-0.6699981689453125,-2.560001373291016,5.0,7.0,10-24,-0.8024998505910238
08-11,2.5000009536743164,0.07999992370605469,-1.6799993515014648,-0.15000057220458984,2.8299999237060547,-0.8099994659423828,-2.4699993133544917,3.9699993133544917,2.680000305175781,-11.439998626708984,-0.25,-3.790000915527344,5.0,7.0,10-25,-0.7108331521352133
08-12,2.1000003814697266,0.06999969482421875,-0.8100004196166992,-0.2700004577636719,2.8299999237060547,-0.5799999237060547,-1.2000007629394531,3.6400012969970703,3.1100006103515625,-13.31999969482422,-0.25,-4.400001525878906,5.0,7.0,10-26,-0.7566667397816976
08-13,2.6000003814697266,0.07000064849853516,-1.4800004959106443,-0.2700004577636719,2.7300004959106445,-0.3899993896484375,0.0,2.6200008392333984,2.9099998474121094,-13.31999969482422,-1.0100021362304688,-4.1599998474121085,5.0,7.0,10-27,-0.8083333174387614
08-14,2.5,0.3299999237060547,-1.1200008392333984,-0.4300003051757813,2.0699996948242188,-0.31999969482421875,-0.4400005340576172,2.9099998474121094,2.9099998474121094,-14.029998779296875,0.5300025939941406,-4.3100013732910165,6.0,6.0,10-28,-0.7833333015441895
08-15,2.1999998092651367,0.4399995803833008,-1.1200008392333984,-0.2899999618530273,2.7599992752075195,-0.26000022888183594,-1.019998550415039,2.9099998474121094,3.079998016357422,-12.960002899169922,0.7999992370605469,-3.3199996948242188,6.0,6.0,10-29,-0.5650005340576172
08-16,1.1000003814697266,0.4399995803833008,-1.0500001907348633,-0.3100004196166992,2.649998664855957,-0.20999908447265625,0.1700000762939453,2.9899997711181636,3.220001220703125,-13.770000457763672,0.8199996948242188,-3.3199996948242188,7.0,5.0,10-30,-0.605833371480306
08-17,1.1000003814697266,0.06999969482421875,-0.31999969482421875,-0.17999935150146484,2.9800004959106445,0.15999984741210938,0.1700000762939453,3.290000915527344,3.680000305175781,-13.5,0.20000076293945312,-3.3199996948242188,8.0,4.0,10-31,-0.47249968846639
08-18,0.6000003814697266,-0.19999980926513672,0.7700004577636719,-0.4200000762939453,2.679999351501465,0.15999984741210938,0.6199989318847656,3.2600002288818364,3.75,-12.989997863769533,0.8400001525878906,-2.85000228881836,8.0,4.0,11-01,-0.315000057220459
08-19,1.6999998092651367,0.2799997329711914,0.4400005340576172,-0.3200006484985352,2.679999351501465,0.03999900817871094,1.1000003814697266,2.930000305175781,3.75,-11.810001373291016,0.8400001525878906,-3.240001678466797,9.0,3.0,11-02,-0.1341670354207357
08-20,0.20000076293945312,0.5699996948242188,-0.12000083923339845,-0.3200006484985352,2.459999084472656,-0.09999847412109376,2.05000114440918,3.0599994659423833,3.700000762939453,-11.810001373291016,1.079998016357422,-2.6500015258789062,7.0,5.0,11-03,-0.15666699409484866
08-21,-0.20000076293945312,0.9600000381469728,0.2299995422363281,-0.3200006484985352,2.479999542236328,0.1399993896484375,3.3099994659423833,2.4699993133544917,3.700000762939453,-9.140003204345703,0.4000015258789063,-2.930000305175781,8.0,4.0,11-04,0.09166622161865234
08-22,0.8000001907348633,0.9099998474121094,0.2299995422363281,-0.2399997711181641,2.439999580383301,0.04000091552734375,4.69999885559082,2.4699993133544917,2.9000015258789062,-8.599998474121094,1.2399978637695312,-4.260002136230469,9.0,3.0,11-05,0.21916643778483072
08-23,0.6999998092651367,0.9099998474121094,-0.18000030517578125,0.0,2.5699996948242188,-0.2399997711181641,4.75,2.30000114440918,3.8600006103515625,-7.319999694824219,3.240001678466797,-4.260002136230469,7.0,5.0,11-06,0.5275000731150309
08-24,0.6999998092651367,1.4300003051757812,-0.2300004959106445,0.2700004577636719,2.7200002670288086,-0.010000228881835938,4.75,2.4099998474121094,3.0800018310546875,-7.360000610351562,3.1699981689453125,-4.260002136230469,8.0,4.0,11-07,0.555833101272583
08-25,0.8999996185302734,2.010000228881836,-0.09000015258789062,0.25999927520751953,2.7400007247924805,-0.010000228881835938,4.730001449584961,2.1199989318847656,3.029998779296875,-7.220001220703125,3.0699996948242188,-3.920001983642578,8.0,4.0,11-08,0.6349995930989584
08-26,0.8999996185302734,2.7300004959106445,-0.1899995803833008,-0.1400003433227539,2.7400007247924805,0.10000038146972656,3.7199993133544917,2.480001449584961,2.59000015258789,-6.049999237060548,3.0699996948242188,-3.6100006103515625,8.0,4.0,11-09,0.6950001716613771
08-27,1.0,2.359999656677246,-0.5799999237060547,-0.1400003433227539,3.2100000381469727,0.5499992370605469,3.829999923706055,2.510000228881836,2.450000762939453,-6.049999237060548,3.790000915527344,-4.459999084472656,8.0,4.0,11-10,0.7058335145314535
08-28,-0.5999994277954102,2.5699996948242188,-1.6000003814697266,-0.35000038146972656,2.7600011825561523,0.12000083923339845,3.709999084472656,3.8700008392333984,2.450000762939453,-6.109996795654298,3.210002899169922,-4.6000022888183585,7.0,5.0,11-11,0.4525005022684733
08-29,-2.40000057220459,2.8199996948242188,-1.6000003814697266,-0.4799995422363281,3.4200000762939453,0.6299991607666016,3.75,3.8700008392333984,2.810001373291016,-5.670001983642577,2.040000915527344,-4.049999237060547,7.0,5.0,11-12,0.4283333619435628
08-30,-2.5,2.8199996948242188,-1.6900005340576172,-0.4200000762939453,3.890000343322754,0.8199996948242188,3.6099987030029297,3.5699996948242188,2.170001983642578,-5.720001220703125,1.4599990844726562,-4.049999237060547,7.0,5.0,11-13,0.329999844233195
08-31,-2.5,2.880000114440918,-2.880000114440918,-0.4399995803833008,3.0899991989135738,0.5399990081787109,3.6099987030029297,5.200000762939453,1.9099998474121092,-6.830001831054688,2.670001983642578,-4.049999237060547,7.0,5.0,11-14,0.26666657129923504
09-01,0.10000038146972656,2.2699995040893555,-3.0,-0.5900001525878906,3.390000343322754,0.5399990081787109,4.899999618530273,6.290000915527344,2.609996795654297,-6.920001983642577,1.7400016784667969,-4.3500022888183585,8.0,4.0,11-15,0.5816661516825358
09-02,-0.09999942779541016,1.369999885559082,-2.5799999237060547,-0.8500003814697266,3.390000343322754,0.5399990081787109,3.6200008392333984,6.6000022888183585,3.930000305175781,-7.760002136230469,1.7400016784667969,-5.040000915527344,7.0,5.0,11-16,0.4050001303354899
09-03,0.19999980926513672,0.9099998474121094,-2.479999542236328,-0.8500003814697266,3.390000343322754,1.2999992370605469,3.25,7.6000022888183585,3.8199996948242183,-7.760002136230469,1.7400016784667969,-4.549999237060547,8.0,4.0,11-17,0.5475001335144043
09-04,0.19999980926513672,0.8600006103515625,-2.799999237060547,-0.8500003814697266,1.9700002670288088,1.260000228881836,3.8099994659423833,7.3100013732910165,3.8199996948242183,-7.760002136230469,2.060001373291016,-4.479999542236328,8.0,4.0,11-18,0.4500001271565755
09-05,-1.0,0.7800006866455078,-2.799999237060547,-0.7000002861022949,2.0899991989135738,1.020000457763672,2.0,7.3100013732910165,3.8199996948242183,-5.75,2.0300025939941406,-1.8400001525878904,7.0,5.0,11-19,0.5800003608067831
09-06,0.39999961853027344,0.7800006866455078,-2.799999237060547,-0.9700002670288086,1.3699989318847656,0.5100002288818359,2.430000305175781,7.3100013732910165,3.900001525878906,-3.229999542236328,2.220001220703125,-1.8400001525878904,8.0,4.0,11-20,0.8400003910064697
09-07,0.39999961853027344,0.7800006866455078,-3.4099998474121094,-0.8900003433227539,0.8699989318847656,0.2700004577636719,2.430000305175781,8.0,4.6899986267089835,-3.670001983642578,1.279998779296875,-1.8400001525878904,8.0,4.0,11-21,0.7424995899200441
09-08,0.39999961853027344,1.0699996948242188,-3.040000915527344,-0.5799999237060547,0.9099998474121094,0.2700004577636719,2.430000305175781,7.5700016021728525,4.790000915527344,-3.4099998474121094,2.139999389648437,-1.8400001525878904,8.0,4.0,11-22,0.8925000826517739
09-09,-0.3000011444091797,0.8099994659423828,-2.34000015258789,-0.6499996185302734,0.9099998474121094,0.5,3.1400012969970703,7.240001678466798,4.010002136230469,-4.5,2.139999389648437,-2.889999389648437,7.0,5.0,11-23,0.6725002924601237
09-10,-0.7000007629394531,0.8500003814697266,-2.34000015258789,-0.6499996185302734,0.31999969482421875,0.10000038146972656,3.040000915527344,6.5900001525878915,4.460002899169922,-4.5,1.7600021362304688,-2.09000015258789,7.0,5.0,11-24,0.5700004895528158
09-11,-0.20000076293945312,0.6099996566772461,-2.479999542236328,-0.8399991989135742,0.5799999237060547,0.3200016021728516,2.8499984741210938,7.0,4.460002899169922,-4.270000457763672,-3.049999237060547,-2.19000244140625,6.0,6.0,11-25,0.2325000762939453
09-12,-1.3999996185302734,0.2699995040893555,-2.479999542236328,-1.2100000381469729,0.75,0.030000686645507806,3.2399997711181636,7.0,4.150001525878906,-2.7399978637695312,-2.450000762939453,-2.950000762939453,6.0,6.0,11-26,0.18416690826416016
09-13,-1.6999988555908203,0.2699995040893555,-2.689999580383301,-1.420000076293945,0.5799999237060547,0.18000030517578125,3.34000015258789,7.460000991821289,4.0700035095214835,-2.8199996948242188,-1.4099998474121094,-2.950000762939453,6.0,6.0,11-27,0.24250046412150064
09-14,-1.6999988555908203,0.4399995803833008,-3.180000305175781,-1.4499998092651367,0.6200008392333984,-0.1100006103515625,3.34000015258789,7.329999923706055,4.1499977111816415,-1.8799972534179688,-1.959999084472656,-2.950000762939453,5.0,7.0,11-28,0.22083346048990884
09-15,-1.8999996185302732,0.7700004577636719,-3.299999237060547,-1.1400003433227541,0.8299999237060547,-0.1100006103515625,2.389999389648437,6.349998474121094,4.069999694824219,-1.4099998474121094,-1.8899993896484373,-2.1300010681152344,5.0,7.0,11-29,0.21083315213521325
09-16,-1.3999996185302734,0.8400001525878906,-3.0500001907348637,-0.9900007247924804,0.8299999237060547,-0.480001449584961,2.5,5.760000228881836,4.8500022888183585,-0.6800003051757812,-1.8899993896484373,-2.959999084472656,5.0,7.0,11-30,0.2775001525878906
09-17,-1.1000003814697266,0.8999996185302734,-2.289999961853028,-0.9900007247924804,0.4200000762939453,-0.970001220703125,3.310001373291016,5.579999923706055,6.319999694824219,-0.6800003051757812,-1.1899986267089844,-1.9900016784667969,5.0,7.0,12-01,0.6099998156229655
09-18,-2.0,0.3900003433227539,-1.8099994659423828,-0.8600006103515625,0.9099998474121094,-1.3199996948242188,4.3700008392333975,6.019998550415039,6.319999694824219,-1.1299972534179688,-0.8400001525878906,-1.9000015258789065,5.0,7.0,12-02,0.6791667143503824
09-19,-2.799999237060547,0.9200000762939452,-1.8099994659423828,-0.7200002670288086,1.0599994659423828,-1.670000076293945,4.099998474121094,6.019998550415039,6.079998016357423,-4.319999694824219,-0.7700004577636719,0.029998779296875,6.0,6.0,12-03,0.5099995136260986
09-20,-2.399999618530273,0.9200000762939452,-1.5199995040893557,-0.8000001907348633,1.3900012969970703,-0.8500003814697266,3.8799991607666016,6.319997787475586,6.3600006103515625,-3.930000305175781,-0.3499984741210937,0.029998779296875,6.0,6.0,12-04,0.7541666030883789
09-21,-2.399999618530273,0.9600000381469728,-1.3500003814697266,-0.9300003051757812,1.6400012969970703,-0.4799995422363281,3.8799991607666016,6.799999237060548,7.1100006103515625,-2.729999542236328,-0.4799995422363281,0.029998779296875,6.0,6.0,12-05,1.0041666825612383
09-22,-1.7000007629394531,1.0399999618530271,-0.5399999618530273,-0.7899999618530273,1.579999923706055,-0.4799995422363281,4.3899993896484375,6.430000305175781,8.720001220703125,-1.5,0.4099998474121094,0.75,7.0,5.0,12-06,1.5258333683013916
09-23,-1.6000003814697266,1.0399999618530271,-0.369999885559082,-0.619999885559082,1.579999923706055,-0.3099994659423828,3.670000076293945,6.809999465942383,8.259998321533201,-5.759998321533202,0.4099998474121094,2.029998779296875,7.0,5.0,12-07,1.2616665363311768
09-24,-0.5,0.369999885559082,-0.5799999237060547,-0.619999885559082,1.3899993896484375,-0.39999961853027344,4.94999885559082,7.6300010681152335,7.740001678466798,-5.759998321533202,1.2999992370605469,1.8400001525878904,7.0,5.0,12-08,1.4466668764750164
09-25,-0.9000015258789062,0.25,-0.5499992370605469,-0.2399997711181641,1.239999771118164,1.1599998474121094,3.650001525878906,7.610000610351562,7.740001678466798,-5.6699981689453125,1.3700027465820312,1.4199981689453125,8.0,4.0,12-09,1.4233338038126628
09-26,-1.7000007629394531,0.5,-0.5499992370605469,-0.3299999237060547,1.480001449584961,0.8400001525878906,4.69999885559082,7.610000610351562,7.5,-5.6199989318847665,3.810001373291016,-0.04999923706054688,7.0,5.0,12-10,1.5158336957295735
09-27,-1.7000007629394531,0.5,-0.7399997711181641,-0.4700002670288086,1.4499988555908203,1.0,4.3500003814697275,7.3999996185302725,6.680000305175781,-7.039997100830077,2.270000457763672,-0.04999923706054688,7.0,5.0,12-11,1.1375002066294353
09-28,-1.7000007629394531,1.0299997329711914,-0.7200002670288086,-0.4899997711181641,2.1900005340576167,0.720001220703125,4.3500003814697275,7.039999008178711,7.180000305175781,-7.279998779296875,1.6800003051757812,-0.04999923706054688,7.0,5.0,12-12,1.162500222524007
09-29,-1.5,1.479999542236328,-0.6500005722045898,-0.619999885559082,1.969999313354492,0.720001220703125,4.079999923706056,7.219999313354492,6.029998779296875,-6.9399986267089835,1.2400016784667969,1.1199989318847656,8.0,4.0,12-13,1.1791666348775227
09-30,-1.3999996185302734,1.4000005722045898,-0.4299993515014648,-0.6899995803833008,1.969999313354492,0.7700004577636719,3.520000457763672,5.809999465942383,6.180000305175781,-6.220001220703125,1.2400016784667969,0.0,7.0,5.0,12-14,1.0125002066294353
10-01,0.6000003814697266,1.0299997329711914,0.2200002670288086,-0.6899995803833008,1.670000076293945,1.489999771118164,2.6600017547607417,5.9399986267089835,5.040000915527344,-6.220001220703125,8.420001983642576,0.0,9.0,3.0,12-15,1.6800002257029216
10-02,-0.2999992370605469,1.1499996185302734,-0.2299995422363281,-0.7100000381469727,1.7199993133544922,0.4300003051757813,3.2600002288818364,5.9399986267089835,5.040000915527344,-5.920001983642577,10.829998016357422,0.0,7.0,5.0,12-16,1.7674996852874756
10-03,-1.1000003814697266,0.5799999237060547,-0.2299995422363281,-0.75,1.6599998474121094,-0.20000076293945312,3.6499996185302734,5.9399986267089835,4.319999694824219,-8.150001525878906,9.5,0.0,6.0,5.0,12-17,1.2683329582214355
10-04,-0.3000011444091797,0.5799999237060547,-0.2899999618530273,-0.8100004196166992,1.520000457763672,-0.1900005340576172,3.930000305175781,5.819997787475586,4.180000305175781,-8.930000305175781,9.299999237060547,0.0,6.0,5.0,12-18,1.2341663042704265
10-05,-0.3000011444091797,0.19999980926513672,-0.5799994468688965,-0.5399999618530273,1.8899993896484373,0.8500003814697266,3.930000305175781,5.6299991607666025,4.870002746582031,-9.459999084472656,8.479999542236326,0.0,7.0,4.0,12-19,1.2475001414616902
10-06,-0.10000038146972656,0.2800006866455078,-1.1399998664855957,-0.25,2.3799991607666016,0.8500003814697266,4.770000457763672,4.910001754760742,5.829998016357423,-9.330001831054688,8.449996948242188,0.0,7.0,4.0,12-20,1.3874996105829875
10-07,-0.7999992370605469,0.8299999237060547,-1.2300004959106443,-0.25,2.3799991607666016,1.75,3.5100002288818364,5.230001449584961,5.1399993896484375,-9.740001678466797,8.449996948242188,0.0,7.0,4.0,12-21,1.272499640782674
10-08,0.6999988555908203,0.7299995422363281,-1.4800000190734863,-0.25,2.9499988555908203,2.6400012969970703,2.279998779296875,5.770000457763673,5.1100006103515625,-9.740001678466797,8.989997863769531,0.0,8.0,3.0,12-22,1.4749995470046997
10-09,0.6000003814697266,1.2200002670288086,-1.4600000381469729,-0.2300004959106445,3.0699996948242188,3.8099994659423833,2.489999771118164,5.6599998474121085,5.1100006103515625,-10.060001373291016,8.290000915527344,0.0,8.0,3.0,12-23,1.5416665871938067
10-10,1.0,1.2200002670288086,-1.4600000381469729,-0.17999935150146484,2.59000015258789,4.680000305175781,2.9099998474121094,5.6599998474121085,5.549999237060547,-8.380001068115233,6.729999542236327,0.0,8.0,3.0,12-24,1.6933332284291585
10-11,1.0,1.2200002670288086,-1.3500003814697266,-0.4299993515014648,2.34000015258789,5.1399993896484375,2.9099998474121094,6.1399993896484375,5.299999237060547,-7.069999694824219,6.220001220703125,0.0,8.0,3.0,12-25,1.7850000063578289
10-12,1.0,1.260000228881836,-1.9099998474121092,-0.1700000762939453,2.5599994659423833,5.180000305175781,2.9099998474121094,6.3600006103515625,5.979999542236327,-8.05999755859375,6.3899993896484375,0.0,8.0,3.0,12-26,1.7916668256123858
10-13,0.8000011444091797,0.9700002670288086,-1.7899999618530271,-0.4899997711181641,2.489999771118164,5.180000305175781,3.1999988555908203,6.780000686645508,5.849998474121094,-8.090000152587889,6.449996948242188,0.0,8.0,3.0,12-27,1.7791663805643718
10-14,1.1000003814697266,1.130000114440918,-1.8500003814697263,-0.5,2.489999771118164,5.0600013732910165,4.200000762939453,6.920000076293945,5.009998321533203,-6.1399993896484375,6.449996948242188,0.0,8.0,3.0,12-28,1.989166498184204
10-15,0.20000076293945312,1.4099998474121094,-1.5600004196166992,-0.5,2.5300006866455083,5.0900001525878915,3.4199981689453125,7.450002670288086,5.0,-6.1399993896484375,5.930000305175781,0.0,8.0,3.0,12-29,1.9025002320607505
10-16,0.2999992370605469,1.380000114440918,-1.5900006294250488,-0.5600004196166992,2.1099987030029297,4.420000076293945,2.9699993133544917,6.710000991821289,5.0,-7.180000305175781,6.890003204345702,0.0,8.0,3.0,12-30,1.7041666905085249
10-17,0.3000011444091797,1.1800003051757812,-1.5900006294250488,-0.8100004196166992,2.1300010681152344,4.199998855590819,3.389999389648437,6.710000991821289,5.710002899169923,-7.0900001525878915,6.540000915527344,0.0,8.0,3.0,12-31,1.7225003639856975
10-18,0.3000011444091797,1.1800003051757812,-1.929999828338623,-0.6900005340576172,1.960000991821289,3.8799991607666016,3.389999389648437,6.420000076293945,5.5700035095214835,-5.4399986267089835,4.730003356933594,0.0,8.0,3.0,01-01,1.6141674121220906
10-19,0.3000011444091797,1.4800004959106443,-1.679999828338623,0.1900005340576172,1.9400005340576167,3.659999847412109,3.389999389648437,6.3600006103515625,5.990001678466798,-5.5500030517578125,4.3899993896484375,0.0,9.0,2.0,01-02,1.7058333953221638
10-20,1.0,1.170000076293945,-1.6100001335144043,0.5100002288818359,2.209999084472656,3.659999847412109,3.049999237060547,6.3899993896484375,6.3699989318847665,-4.479999542236328,4.379997253417969,0.0,9.0,2.0,01-03,1.887499531110128
10-21,1.5,1.8599996566772459,-2.0500001907348637,0.75,2.209999084472656,3.1599998474121094,3.6099987030029297,5.150001525878906,7.069999694824219,-3.8899993896484375,4.379997253417969,0.0,9.0,2.0,01-04,1.979166348775228
10-22,0.8999996185302734,2.2400007247924805,-2.1000003814697266,0.75,2.1999988555908203,3.5599994659423833,2.5699996948242188,6.3600006103515625,7.8699989318847665,-3.8899993896484375,4.8999977111816415,0.0,9.0,2.0,01-05,2.113332986831665
10-23,1.7999992370605469,2.3500003814697266,-2.1599998474121094,0.8299999237060547,2.4699993133544917,3.0599994659423833,0.470001220703125,7.1199989318847665,7.8699989318847665,-4.1399993896484375,5.200000762939453,0.0,9.0,2.0,01-06,2.072499910990397
10-24,2.0,2.34000015258789,-2.1599998474121094,0.9499998092651368,3.4899997711181636,2.0599994659423833,0.4899997711181641,7.1199989318847665,7.0,-3.329998016357422,4.5,0.0,9.0,2.0,01-07,2.038333336512248
10-25,1.8999996185302732,2.34000015258789,-1.8699998855590818,1.0,2.9600009918212886,1.5,-0.1100006103515625,7.889999389648437,7.8800010681152335,-2.09000015258789,4.479999542236328,0.0,8.0,3.0,01-08,2.1566666762034097
10-26,1.8999996185302732,2.2400007247924805,-2.0699996948242188,1.0900001525878906,3.4800014495849614,1.8600006103515625,-0.1100006103515625,8.329999923706055,7.830001831054687,-1.950000762939453,3.939998626708984,0.0,8.0,3.0,01-09,2.211666822433472
10-27,2.1999998092651367,2.05000114440918,-2.930000305175781,0.9000005722045898,3.5,1.8600006103515625,0.3699989318847656,8.040000915527344,8.479999542236326,-1.3400001525878906,4.459999084472656,0.0,9.0,2.0,01-10,2.299166679382324
10-28,3.399999618530273,2.1000003814697266,-3.130000114440918,1.010000228881836,3.5,1.520000457763672,-1.9099998474121092,8.149999618530272,9.0,-0.21999740600585935,4.459999084472656,0.0,8.0,3.0,01-11,2.323333501815796
10-29,2.5,2.1500005722045903,-1.9700002670288088,1.010000228881836,3.3599987030029297,1.7800006866455078,-1.8800010681152344,8.630001068115233,9.21999740600586,-0.21999740600585935,4.6599998474121085,0.0,8.0,3.0,01-12,2.43666664759318
10-30,3.1999988555908203,2.1700010299682617,-1.829999923706055,1.010000228881836,3.8900012969970703,1.3899993896484375,-1.8500003814697263,8.770000457763674,9.21999740600586,-0.7700004577636719,4.1100006103515625,0.0,8.0,3.0,01-13,2.442499876022339
10-31,3.399999618530273,2.2799997329711914,-1.829999923706055,1.1900005340576172,4.0,0.4200000762939453,-1.8700008392333984,8.770000457763674,9.099998474121094,-1.7599983215332031,4.509998321533203,0.0,8.0,3.0,01-14,2.3508331775665283
11-01,3.5,2.2799997329711914,-0.9599990844726562,1.0900001525878906,3.4200000762939453,0.5499992370605469,-3.3600006103515625,8.829999923706055,9.14999771118164,-2.6199989318847656,4.209999084472656,0.0,8.0,3.0,01-15,2.174166440963745
11-02,3.5,2.049999237060547,-1.3099994659423828,1.0900001525878906,3.7300014495849614,0.04999923706054688,-3.3600006103515625,9.420000076293944,8.509998321533201,-3.5100021362304688,3.220001220703125,0.0,8.0,3.0,01-16,1.949166456858317
11-03,2.899999618530273,2.0999994277954097,-1.3999996185302734,1.0,3.970001220703125,0.04999923706054688,-3.3299999237060547,9.14000129699707,9.919998168945312,-3.6399993896484375,2.8499984741210938,0.0,8.0,3.0,01-17,1.963333209355672
11-04,3.0,1.6899995803833008,-1.329999923706055,1.0899991989135742,3.970001220703125,0.04999923706054688,-3.3800010681152344,9.30000114440918,9.56999969482422,-2.0999984741210938,2.8499984741210938,0.0,8.0,3.0,01-18,2.0591665903727208
11-05,2.399999618530273,1.4000005722045898,-1.4300003051757812,1.0899991989135742,3.9400005340576167,-0.18000030517578125,-2.9899997711181636,7.239999771118164,9.900001525878906,-2.0999984741210938,2.6599998474121094,0.0,7.0,4.0,01-19,1.8275001843770344
11-06,2.899999618530273,1.3499994277954102,-1.270000457763672,1.2100000381469729,3.920000076293945,-1.0599994659423828,-5.3600006103515625,7.839998245239258,9.900001525878906,-3.0699996948242188,2.759998321533203,0.0,7.0,4.0,01-20,1.5933330853780108
11-07,2.3000001907348637,0.880000114440918,-1.270000457763672,1.6099996566772459,4.420000076293945,-0.1100006103515625,-5.430000305175781,7.839998245239258,10.380001068115234,-4.240001678466797,3.09000015258789,0.0,7.0,4.0,01-21,1.622499704360962
11-08,1.9000005722045896,0.880000114440918,-1.4800004959106443,1.729999542236328,3.2600002288818364,-0.3899993896484375,-5.9099998474121085,7.719999313354492,10.170001983642578,-4.1499977111816415,3.2600021362304688,0.0,7.0,4.0,01-22,1.4158338705698652
11-09,1.9000005722045896,1.0500001907348633,-0.19999980926513672,2.1000003814697266,3.399999618530273,-0.8699989318847656,-5.9099998474121085,6.230001449584961,11.199996948242188,-2.279998779296875,3.3199996948242188,0.0,7.0,4.0,01-23,1.661666790644328
11-10,2.5000009536743164,0.7699995040893555,0.18000030517578125,2.25,3.5799999237060547,-0.8699989318847656,-5.710000991821289,4.809999465942383,12.060001373291016,-1.9499969482421875,3.299999237060547,0.0,8.0,3.0,01-24,1.7433336575826008
11-11,2.299999237060547,0.5900001525878906,0.5299997329711914,2.1700000762939453,3.5799999237060547,-1.0900001525878906,-5.600000381469727,3.779998779296875,11.360000610351562,-2.729999542236328,3.299999237060547,0.0,8.0,3.0,01-25,1.5158331394195557
11-12,1.5999994277954102,0.7700004577636719,0.7300004959106445,2.1700000762939453,3.8800010681152335,-0.18000030517578125,-4.950000762939453,3.6399993896484375,11.59000015258789,-2.729999542236328,2.8199996948242188,0.0,8.0,3.0,01-26,1.6116666793823242
11-13,1.3000001907348633,0.4899997711181641,0.5399999618530273,2.3000001907348637,3.1100006103515625,1.4099998474121094,-5.430000305175781,3.909999847412109,11.59000015258789,-3.139999389648437,3.3199996948242188,0.0,9.0,2.0,01-27,1.6166667143503826
11-14,0.5000009536743164,0.75,0.5399999618530273,2.5300006866455083,3.2899990081787114,1.0,-5.5,3.909999847412109,11.31999969482422,-2.1199989318847656,1.950000762939453,0.0,9.0,2.0,01-28,1.5141668319702148
11-15,0.8000001907348633,0.75,0.6499996185302734,2.4699997901916504,2.430000305175781,0.9300003051757812,-5.710000991821289,3.430000305175781,10.450000762939453,-4.739997863769531,-0.6100006103515625,0.0,8.0,3.0,01-29,0.9041668176651
11-16,0.8000001907348633,1.0299997329711914,-0.40000057220458973,2.7200002670288086,2.740001678466797,0.2899990081787109,-5.710000991821289,4.1399993896484375,9.470001220703123,-4.680000305175781,-0.6499977111816406,0.0,7.0,4.0,01-30,0.8125001589457194
11-17,1.0,2.0599994659423833,0.009999275207519531,2.390000343322754,2.270000457763672,0.2899990081787109,-5.80000114440918,4.1599998474121085,8.439998626708983,-3.8199996948242183,-1.4099998474121094,0.0,8.0,3.0,01-31,0.7991663614908854
11-18,-0.8999996185302734,1.4500007629394531,0.04000091552734375,2.3000001907348637,2.270000457763672,0.3099994659423828,-6.440000534057617,3.8899993896484375,7.8999977111816415,-4.8800010681152335,-1.4099998474121094,0.0,7.0,4.0,02-01,0.3774998188018799
11-19,-1.0999994277954102,1.4099998474121094,-0.21000003814697266,2.3000001907348637,2.520000457763672,0.979999542236328,-6.55000114440918,3.659999847412109,8.25,-4.8800010681152335,-1.270000457763672,0.0,6.0,5.0,02-02,0.4258331457773845
11-20,-0.5,2.1600008010864262,0.12000083923339845,2.369999885559082,2.930000305175781,0.2199993133544922,-6.579999923706055,3.790000915527344,8.25,-3.790000915527344,-1.3199996948242188,0.0,7.0,4.0,02-03,0.6375001271565756
11-21,-1.0999994277954102,2.1500005722045903,0.12000083923339845,2.4900007247924805,2.4200000762939453,0.6199989318847656,-7.329999923706055,3.790000915527344,7.799999237060548,-4.1100006103515625,1.039997100830078,0.0,8.0,3.0,02-04,0.6574998696645101
11-22,-1.0,2.1500005722045903,0.26000022888183594,2.6599998474121094,1.2900009155273438,1.6499996185302734,-7.3799991607666025,3.3800010681152344,9.359996795654297,-3.389999389648437,-0.13000106811523438,0.0,7.0,4.0,02-05,0.7374999523162842
11-23,-1.0,2.4900007247924805,0.8100004196166992,2.6599998474121094,1.6999988555908203,2.1299991607666016,-7.3799991607666025,-0.31999969482421875,7.700000762939452,-3.1199989318847656,-0.4300003051757813,0.0,6.0,5.0,02-06,0.4366668065388997
11-24,-0.7000007629394531,2.049999237060547,1.0499992370605469,2.479999542236328,1.539999008178711,2.1299991607666016,-7.479999542236327,0.10000228881835938,5.479999542236328,-4.670001983642578,0.979999542236328,0.0,8.0,3.0,02-07,0.24666627248128256
11-25,-2.1000003814697266,2.3299999237060547,1.079999923706055,2.489999771118164,1.539999008178711,2.4200000762939453,-7.0900001525878915,0.13000106811523438,7.1499977111816415,-4.890003204345703,0.979999542236328,0.0,8.0,3.0,02-08,0.3366661071777344
11-26,-1.2999992370605469,2.709999084472656,0.5200004577636719,2.489999771118164,1.329999923706055,2.210000991821289,-7.6200008392333975,1.4099998474121094,6.4199981689453125,-4.890003204345703,0.9099998474121094,0.0,8.0,3.0,02-09,0.3491662343343099
11-27,-1.0,2.790000915527344,0.5500001907348633,2.539999961853028,1.8700008392333984,2.649999618530273,-9.120000839233398,1.170001983642578,6.4199981689453125,-4.960002899169922,-0.8600006103515625,0.0,7.0,4.0,02-10,0.17083311080932614
11-28,-1.3999996185302734,2.760000228881836,0.5500001907348633,2.4600000381469727,2.3500003814697266,2.2800006866455083,-9.600000381469727,1.170001983642578,5.239997863769531,-5.990001678466798,-0.6899986267089844,0.0,7.0,4.0,02-11,-0.07249991099039714
11-29,-1.8999996185302732,2.760000228881836,0.4300003051757813,2.4900007247924805,2.709999084472656,3.560001373291016,-9.739999771118164,0.9900016784667968,0.7000007629394531,-5.529998779296875,-1.1100006103515625,0.0,7.0,4.0,02-12,-0.38666621843973803
11-30,-1.8999996185302732,2.9099998474121094,0.009999275207519531,2.640000343322754,2.9400005340576167,3.5699996948242188,-9.739999771118164,1.2900009155273438,1.3300018310546875,-5.9099998474121085,-0.6400032043457031,0.0,7.0,4.0,02-13,-0.2916666666666667
12-01,-2.6000003814697266,2.40000057220459,0.3100004196166992,2.9700002670288086,3.1999988555908203,3.5699996948242188,-10.029998779296877,0.26000213623046875,1.3100013732910156,-5.4399986267089835,-0.25,0.0,7.0,4.0,02-14,-0.3583328723907471
12-02,-3.0,2.249999046325684,0.2400007247924805,2.9600000381469727,3.1999988555908203,2.959999084472656,-9.809999465942383,1.229999542236328,-0.4900016784667969,-5.6300010681152335,-0.25,0.0,6.0,5.0,02-15,-0.5283337434132894
12-03,-1.8999996185302732,2.3600006103515625,-0.2800006866455078,2.9600000381469727,3.1899986267089844,2.5899982452392583,-9.670000076293944,1.670001983642578,0.9899978637695312,-5.6300010681152335,-0.05999755859375,0.0,6.0,5.0,02-16,-0.3150001366933187
12-04,-2.1000003814697266,2.239998817443848,-0.18000030517578125,2.930000305175781,3.25,2.8199996948242188,-9.579999923706056,2.299999237060547,0.9899978637695312,-1.3700027465820312,-0.9499969482421876,0.0,6.0,5.0,02-17,0.029166301091512043
12-05,-1.5999994277954102,2.239998817443848,-0.18000030517578125,2.760000228881836,3.7600002288818364,1.789999008178711,-8.260000228881836,2.299999237060547,1.6100006103515625,-0.12000274658203125,-0.8900032043457031,0.0,6.0,5.0,02-18,0.28416601816813153
12-06,-1.4999990463256836,2.239998817443848,0.020000457763671875,3.0500001907348637,3.529998779296875,2.180000305175781,-7.8400001525878915,1.9899978637695312,2.1299972534179688,-0.8400001525878906,-1.6200027465820312,0.0,7.0,4.0,02-19,0.2783326307932536
12-07,-1.4999990463256836,2.3099994659423833,-0.010000228881835938,2.84000015258789,4.3200016021728525,1.8600006103515625,-7.8400001525878915,2.009998321533203,1.8899993896484373,1.7199974060058594,-1.75,0.0,7.0,4.0,02-20,0.4874997933705648
12-08,-1.1999998092651367,2.0599994659423833,0.5700006484985352,2.979999542236328,4.290000915527344,1.8600006103515625,-7.6899986267089835,1.729999542236328,1.4300003051757812,3.540000915527344,-0.6100006103515625,0.0,8.0,3.0,02-21,0.7466669082641602
12-09,-1.0,1.8899993896484373,0.4400005340576172,2.8099994659423833,4.290000915527344,1.9000015258789065,-7.6200008392333975,1.529998779296875,2.3699989318847656,3.329998016357422,-0.6100006103515625,0.0,8.0,3.0,02-22,0.7774996757507324
12-10,-0.5,1.7599992752075195,0.8199996948242188,2.8099994659423833,3.8099994659423833,2.279998779296875,-7.360000610351562,2.3600006103515625,2.1199989318847656,3.329998016357422,-0.4399986267089844,0.0,8.0,3.0,02-23,0.9158329168955484
12-11,-0.9000005722045898,1.0,0.6399993896484375,2.8000001907348637,4.260000228881837,2.6299991607666016,-6.0700016021728525,2.430000305175781,2.1199989318847656,3.539997100830078,9.799999237060547,0.0,9.0,2.0,02-24,1.854166030883789
12-12,-1.0,0.7299995422363281,0.6399993896484375,2.5299997329711914,3.970001220703125,3.4600009918212886,-6.3400001525878915,2.430000305175781,1.9199981689453125,2.6100006103515625,7.319999694824219,0.0,9.0,2.0,02-25,1.5224999586741133
12-13,-1.0,0.7299995422363281,0.7399997711181641,2.5699996948242188,4.1799983978271475,3.8700008392333984,-6.440000534057617,2.44000244140625,2.040000915527344,4.6300010681152335,5.229999542236328,0.0,9.0,2.0,02-26,1.5825001398722331
12-14,-1.0,1.0399999618530271,1.3599996566772459,2.320000648498535,3.8999996185302734,3.80000114440918,-6.440000534057617,2.140003204345703,2.950000762939453,5.200000762939453,2.8199996948242188,0.0,9.0,2.0,02-27,1.507500410079956
12-15,-0.6000003814697266,0.8100004196166992,1.7599997520446775,1.9700002670288088,3.680000305175781,3.80000114440918,-7.670000076293945,1.5100021362304688,2.079998016357422,5.9099998474121085,2.0699996948242188,0.0,9.0,2.0,02-28,1.2766667604446411
12-16,-1.2999992370605469,0.7899999618530273,1.940000057220459,2.1400003433227544,3.680000305175781,4.140001296997069,-7.290000915527344,2.639999389648437,3.3300018310546875,6.049999237060548,2.0699996948242188,0.0,9.0,2.0,03-01,1.5158334970474243
12-17,0.0,0.5599994659423828,2.1900005340576167,2.1400003433227544,3.680000305175781,2.8199996948242188,-5.710000991821289,-0.2800025939941406,2.450000762939453,6.049999237060548,2.0699996948242188,0.0,8.0,3.0,03-02,1.3308330376942952
12-18,-1.2999992370605469,0.10000038146972656,2.1500005722045903,1.9400005340576167,3.1599998474121094,2.1000003814697266,-5.3600006103515625,1.4099998474121094,2.450000762939453,5.770000457763673,0.2800025939941406,0.0,9.0,2.0,03-03,1.0583337942759197
12-19,-1.3999996185302734,0.05000019073486328,2.1500005722045903,1.9300003051757808,3.139999389648437,2.3199996948242188,-3.7600002288818364,1.4099998474121094,2.6599998474121094,5.890003204345702,-0.15000152587890625,0.0,8.0,3.0,03-04,1.1866668065388997
12-20,-1.1000003814697266,0.05000019073486328,1.7500004768371582,1.739999771118164,2.6299991607666016,2.25,-3.6499996185302734,1.020000457763672,1.6499977111816406,8.069999694824219,1.329998016357422,0.0,9.0,2.0,03-05,1.3116662899653118
12-21,-1.1000003814697266,-0.4500007629394531,1.9300003051757808,1.9600000381469729,3.680000305175781,2.290000915527344,-3.6499996185302734,-0.04000091552734375,1.5600013732910156,7.329998016357423,-0.720001220703125,0.0,6.0,5.0,03-06,1.0658331712086997
12-22,-1.2000007629394531,-0.10000038146972656,2.0699996948242188,2.2200002670288086,3.7600002288818364,2.290000915527344,-4.229999542236328,0.5799980163574219,2.9099998474121094,7.829998016357423,0.2700004577636719,0.0,8.0,3.0,03-07,1.3666663964589436
12-23,-1.3999996185302734,-0.2300004959106445,1.760000228881836,2.3299999237060547,3.7600002288818364,2.25,-4.430000305175781,-0.2299995422363281,4.900001525878906,7.1699981689453125,0.2700004577636719,0.0,7.0,4.0,03-08,1.3458333810170489
12-24,-1.5,-0.630000114440918,1.520000457763672,2.3299999237060547,3.829999923706055,2.519998550415039,-4.3899993896484375,-0.5100021362304688,5.4099998474121085,7.1699981689453125,0.21000289916992188,0.0,7.0,4.0,03-09,1.329999844233195
12-26,-1.0,-0.3000001907348633,1.6499996185302734,2.65000057220459,4.040000915527344,3.6300010681152335,-5.209999084472656,-0.69000244140625,5.4099998474121085,4.009998321533203,-3.700000762939453,0.0,6.0,5.0,03-11,0.8741664886474609
12-27,-1.0999984741210938,-0.3000001907348633,1.6499996185302734,2.570000648498535,4.029998779296875,3.229999542236328,-5.1199989318847665,-0.69000244140625,5.6799964904785165,3.3800010681152344,-8.630001068115233,0.0,6.0,5.0,03-12,0.3916662534077962
12-28,-1.0999984741210938,-0.3900003433227539,1.9600005149841309,2.609999656677246,3.8999996185302734,3.399999618530273,-5.1199989318847665,-0.009998321533203123,7.5600013732910165,3.830001831054688,-5.740001678466798,0.0,6.0,5.0,03-13,0.9083337386449178
12-29,-1.0,-0.619999885559082,1.700000286102295,2.4499998092651367,4.199998855590819,3.399999618530273,-5.44999885559082,0.5600013732910156,8.310001373291017,4.1699981689453125,-8.530002593994139,0.0,7.0,4.0,03-14,0.7658331791559855
12-30,-1.0,-0.4200000762939453,1.6199998855590818,2.869999885559082,4.199998855590819,3.6199989318847656,-5.529998779296875,1.079998016357422,7.170001983642577,4.5,-8.530002593994139,0.0,7.0,4.0,03-15,0.7983330090840658
12-31,-1.1000003814697266,-0.8100004196166992,1.5700006484985352,2.869999885559082,3.930000305175781,3.7199993133544917,-4.229999542236328,0.2700004577636719,7.3400001525878915,4.5,-8.520000457763674,0.0,7.0,4.0,03-16,0.7949999968210856
