,2009,2010,2011,2012,2013,2014,2015,2016,2017,2018,2019,2020,ups,downs,end_day_sum,avg
01-02,-2.4900002479553223,0.1700000762939453,-0.4499998092651367,1.979999542236328,1.5400009155273438,-0.2899990081787109,1.6000003814697266,-0.6000003814697266,1.119999885559082,0.5699996948242188,1.9600000381469729,-4.600000381469727,7.0,5.0,03-17,0.042500058809916176
01-03,-2.2199997901916504,0.2200002670288086,-0.4499998092651367,1.979999542236328,1.5600004196166992,0.05999946594238281,1.9400005340576167,-0.4600000381469727,1.119999885559082,0.2299995422363281,2.25,-5.75999927520752,8.0,4.0,03-18,0.03916672865549723
01-04,-1.940000057220459,0.2200002670288086,-0.5699996948242188,2.1899995803833012,1.3000011444091797,0.26999855041503906,2.010000228881836,-0.4600000381469727,1.079999923706055,-0.1999988555908203,1.979999542236328,-5.489999771118164,7.0,5.0,03-19,0.03250006834665934
01-05,-1.940000057220459,0.13000011444091794,0.19999980926513672,2.3199996948242188,1.2400007247924805,0.07999992370605469,2.010000228881836,-0.4600000381469727,1.0399999618530271,-0.7700004577636719,1.8900003433227541,-6.0900001525878915,8.0,4.0,03-20,-0.029166658719380695
01-06,-2.040000438690185,-0.1400003433227539,0.4899997711181641,2.389999389648437,1.2300004959106443,0.07999992370605469,1.969999313354492,-0.2399997711181641,1.0199995040893557,-0.5499992370605469,1.8699998855590818,-6.0900001525878915,7.0,5.0,03-21,-0.0008334716161092122
01-07,-1.8800001144409182,-0.3399991989135742,1.1199989318847656,2.1199998855590816,1.2300004959106443,-0.03999900817871094,1.6400003433227541,0.10000038146972656,1.1000003814697266,-0.5499992370605469,1.8699998855590818,-6.1000003814697275,7.0,5.0,03-22,0.02250019709269206
01-08,-1.9900002479553225,-0.3400001525878906,1.3400001525878906,2.1999998092651367,1.2800006866455078,0.2300014495849609,1.7799997329711914,0.2700004577636719,1.020000457763672,-0.5499992370605469,1.6999998092651367,-6.25,8.0,4.0,03-23,0.05750024318695069
01-09,-1.2200002670288086,-0.380000114440918,1.270000457763672,2.1999998092651367,1.0700006484985352,0.3700008392333984,1.7899999618530271,0.1700000762939453,1.020000457763672,-0.6199989318847656,1.2899999618530271,-6.170000076293945,8.0,4.0,03-24,0.06583356857299805
01-10,-1.0300002098083496,-0.4600000381469727,1.270000457763672,2.0299997329711914,0.8199996948242188,-0.05000114440917969,1.829999923706055,0.1700000762939453,0.9900007247924804,-0.9500007629394532,1.0,-6.199999809265138,7.0,5.0,03-25,-0.048333446184794106
01-11,-0.9400000572204591,-0.4600000381469727,1.2800006866455078,1.8800001144409182,0.7099990844726562,-0.04000091552734375,1.8500003814697263,0.1700000762939453,1.0700006484985352,-1.239999771118164,0.9499998092651368,-5.210000038146973,7.0,5.0,03-26,0.0016666650772094727
01-12,-0.9400000572204591,-0.3100004196166992,1.2699995040893557,1.9099998474121092,0.5799999237060547,-0.1100006103515625,1.8500003814697263,0.2400007247924805,1.1800003051757812,-1.2999992370605469,1.130000114440918,-4.510000228881836,7.0,5.0,03-27,0.08250002066294353
01-13,-0.7800002098083496,-0.3299999237060547,1.1000003814697266,2.3299999237060547,0.5799999237060547,-0.1100006103515625,1.75,0.3900003433227539,1.079999923706055,-1.729999542236328,1.1599998474121094,-4.510000228881836,7.0,5.0,03-28,0.07749998569488525
01-14,-0.3600001335144043,-0.25,0.8999996185302734,2.1300001144409184,0.5799999237060547,-0.3600006103515625,1.6199998855590818,0.07999992370605469,1.1999998092651367,-1.729999542236328,1.1599998474121094,-4.510000228881836,7.0,5.0,03-29,0.03833321730295817
01-15,-0.5899996757507324,-0.21000003814697266,0.7199993133544922,2.0199995040893555,0.6000003814697266,-0.4400005340576172,1.520000457763672,0.8299999237060547,1.2199993133544922,-1.729999542236328,1.1599998474121094,-4.029999732971191,7.0,5.0,03-30,0.08916660149892171
01-16,-0.8500003814697266,-0.18000030517578125,1.039999008178711,2.0199995040893555,0.6299991607666016,-0.2700004577636719,1.4700002670288086,0.9300003051757812,1.2199993133544922,-1.729999542236328,1.1000003814697266,-4.199999809265137,7.0,5.0,03-31,0.09833312034606934
01-17,-0.11999988555908205,-0.18000030517578125,1.039999008178711,2.0199995040893555,0.3700008392333984,-0.25,1.5600004196166992,1.1599998474121094,1.2199993133544922,-1.8199996948242188,1.1299991607666016,-4.2100000381469735,7.0,5.0,04-01,0.15999984741210938
01-18,-0.059999942779541016,-0.18000030517578125,1.039999008178711,1.6999998092651367,0.220001220703125,-0.4200000762939453,1.5600004196166992,1.1599998474121094,1.1499996185302734,-1.5599994659423828,0.9800004959106444,-4.2300004959106445,7.0,5.0,04-02,0.11333334445953368
01-19,-0.059999942779541016,-0.18000030517578125,1.1599998474121094,1.75,0.39999961853027344,-0.4699993133544922,1.5600004196166992,1.1599998474121094,1.2400007247924805,-2.180000305175781,1.239999771118164,-4.690000534057617,7.0,5.0,04-03,0.07749998569488525
01-20,-0.059999942779541016,0.15000057220458984,1.4499988555908203,1.9300003051757808,0.3799991607666016,-0.4699993133544922,1.5600004196166992,1.4700002670288086,1.170000076293945,-2.1700000762939453,1.4399995803833008,-4.690000534057617,8.0,4.0,04-04,0.1799999475479126
01-21,-0.26000022888183594,0.6599998474121094,1.5699996948242188,1.6599998474121094,0.3799991607666016,-0.4699993133544922,1.420000076293945,1.380000114440918,1.1100006103515625,-2.1700000762939453,1.4399995803833008,-4.690000534057617,8.0,4.0,04-05,0.16916656494140625
01-22,0.19000005722045896,1.0099992752075195,1.6200008392333984,1.6599998474121094,0.3799991607666016,-0.4099998474121094,1.3000001907348633,1.0299997329711914,1.1000003814697266,-2.1700000762939453,1.4399995803833008,-4.529999732971191,9.0,3.0,04-06,0.2183332840601603
01-23,0.08999967575073242,0.8599996566772461,1.770000457763672,1.6599998474121094,0.15999984741210938,-0.4200000762939453,1.8199996948242188,0.6899995803833008,1.1000003814697266,-2.1799983978271484,1.1900005340576172,-4.579999923706055,9.0,3.0,04-07,0.18000010649363196
01-24,-0.15999984741210938,0.8499994277954102,1.770000457763672,1.6499996185302734,-0.1100006103515625,0.0800018310546875,1.7900009155273438,0.8499994277954102,1.0299997329711914,-2.020000457763672,1.260000228881836,-4.070000648498535,8.0,4.0,04-08,0.2433333396911621
01-25,-0.15999984741210938,0.8499994277954102,1.8600006103515625,1.2400007247924805,-0.39999961853027344,0.26000022888183594,1.6600008010864258,0.8499994277954102,0.869999885559082,-1.8500003814697263,0.9600000381469728,-3.4100008010864262,8.0,4.0,04-09,0.22750004132588705
01-26,-0.15999984741210938,1.0500001907348633,1.3600006103515625,0.9499998092651368,-0.3000011444091797,0.2299995422363281,1.6600008010864258,0.5699996948242188,1.0199995040893557,-1.5600013732910156,0.8700008392333984,-3.4100008010864262,8.0,4.0,04-10,0.18999981880187988
01-27,-0.3000001907348633,1.079999923706055,1.25,0.7799997329711914,-0.020000457763671875,0.2299995422363281,1.5700006484985352,0.4700002670288086,1.0699996948242188,-1.1900005340576172,0.9100008010864258,-3.4100008010864262,8.0,4.0,04-11,0.20333321889241535
01-28,-0.4300003051757813,1.369999885559082,1.3199996948242188,0.7300004959106445,-0.020000457763671875,0.10000038146972656,1.6400003433227541,0.8400001525878906,1.1699991226196291,-1.220001220703125,0.9100008010864258,-3.6100006103515625,8.0,4.0,04-12,0.2333331902821859
01-29,0.039999961853027344,1.5300006866455078,1.019998550415039,0.9499998092651368,-0.07999992370605469,-0.07000160217285156,1.380000114440918,0.880000114440918,1.1699991226196291,-1.220001220703125,0.8299999237060547,-3.539999961853028,8.0,4.0,04-13,0.2408329645792643
01-30,0.309999942779541,1.3400001525878906,1.239999771118164,0.9499998092651368,0.17999839782714844,-0.15999984741210938,1.8400001525878904,0.9800004959106444,1.1699991226196291,-0.8800010681152344,0.8900003433227539,-3.039999961853028,9.0,3.0,04-14,0.4016664425532023
01-31,0.3499999046325684,1.520000457763672,1.239999771118164,0.8199996948242188,0.13000106811523438,-0.09999847412109376,1.6999998092651367,1.0600004196166992,1.1999998092651367,-0.9499988555908204,1.0900001525878906,-3.0799999237060547,9.0,3.0,04-15,0.415000319480896
02-01,0.5399999618530273,1.520000457763672,0.989999771118164,0.5700006484985352,-0.1999988555908203,-0.010000228881835938,1.7899999618530271,1.0600004196166992,1.170000076293945,-1.2199993133544922,1.130000114440918,-2.4600000381469727,8.0,4.0,04-16,0.40666691462198895
02-02,0.5399999618530273,1.3600006103515625,1.0599994659423828,0.1700000762939453,0.2700004577636719,-0.010000228881835938,1.7899999618530271,1.1500005722045898,1.2100000381469729,-0.7300014495849609,1.119999885559082,-3.039999961853028,9.0,3.0,04-17,0.4074999491373698
02-03,0.21000003814697266,1.369999885559082,0.9300003051757812,0.10000038146972656,-0.15999984741210938,-0.010000228881835938,1.6599998474121094,1.079999923706055,1.079999923706055,0.3600006103515625,1.119999885559082,-3.039999961853028,9.0,3.0,04-18,0.3916667302449544
02-04,0.4200000762939453,1.5599994659423828,0.3600006103515625,0.2799997329711914,-0.15999984741210938,0.020000457763671875,1.7100000381469729,1.0,1.270000457763672,0.4200000762939453,1.119999885559082,-3.3299999237060547,10.0,2.0,04-19,0.3891667524973552
02-05,0.2200002670288086,1.829999923706055,0.3699989318847656,0.1900005340576172,-0.3200016021728516,0.1900005340576172,1.1299991607666016,1.260000228881836,1.1999998092651367,0.4200000762939453,1.0499992370605469,-3.539999961853028,10.0,2.0,04-20,0.3333330949147542
02-06,-0.4199995994567871,2.0199995040893555,0.3699989318847656,0.1900005340576172,-0.20000076293945312,0.15999984741210938,1.3000001907348633,1.920000076293945,1.1999998092651367,-0.1900005340576172,1.0900001525878906,-2.9499998092651367,8.0,4.0,04-21,0.3741665283838908
02-07,-0.3299999237060547,2.039999961853028,0.3699989318847656,0.1400003433227539,-0.1900005340576172,0.030000686645507806,1.7800006866455078,1.8799991607666016,1.170000076293945,0.3700008392333984,1.3000001907348633,-3.1899995803833012,9.0,3.0,04-22,0.4475000699361165
02-08,-0.3400001525878906,2.039999961853028,0.2399997711181641,-0.020000457763671875,-0.13000106811523438,0.14999961853027344,1.7300004959106443,1.8799991607666016,1.2300004959106443,0.4500007629394531,1.489999771118164,-3.380000114440918,8.0,4.0,04-23,0.44499985376993817
02-09,-0.3400001525878906,1.7400007247924805,0.8900012969970703,0.06999969482421875,0.0,0.14999961853027344,1.7300004959106443,2.1899995803833012,1.0700006484985352,0.6299991607666016,1.5399999618530271,-3.180000305175781,9.0,3.0,04-24,0.5408333937327067
02-10,0.04999971389770508,1.6899995803833008,1.1599998474121094,-0.010000228881835938,0.1700000762939453,0.14999961853027344,1.6999998092651367,1.920000076293945,1.5699996948242188,0.3200016021728516,1.5300006866455078,-3.180000305175781,10.0,2.0,04-25,0.5891666809717814
02-11,0.0,1.6599998474121094,1.25,-0.14999961853027344,0.1700000762939453,-0.1700000762939453,1.6599998474121094,1.829999923706055,1.75,0.13000106811523438,1.5300006866455078,-3.3500003814697266,8.0,4.0,04-26,0.5258334477742513
02-12,0.4200000762939453,1.9900007247924805,1.479999542236328,0.09000015258789062,0.030000686645507806,-0.3299999237060547,1.4499998092651367,1.6800003051757812,1.7100000381469729,0.13000106811523438,1.3400001525878906,-3.4600000381469727,10.0,2.0,04-27,0.5441668828328451
02-13,0.3599996566772461,1.4700002670288086,1.6900005340576172,0.09000015258789062,-0.060001373291015625,-0.75,1.5500001907348633,1.6000003814697266,1.7100000381469729,0.2399997711181641,1.229999542236328,-2.9600000381469727,9.0,3.0,04-28,0.5141665935516357
02-14,0.7599997520446777,1.5,1.6900005340576172,0.1899995803833008,0.13000106811523438,-0.9099998474121094,1.3600006103515625,1.6800003051757812,1.6599998474121094,-0.14999961853027344,1.130000114440918,-3.070000648498535,9.0,3.0,04-29,0.4975001414616903
02-15,0.9000000953674316,1.5,1.6599998474121094,0.3100004196166992,0.1999988555908203,-0.7999992370605469,1.1900005340576172,1.6800003051757812,1.6800003051757812,-0.4099998474121094,0.989999771118164,-2.9600000381469727,9.0,3.0,04-30,0.4950000842412313
02-16,0.9000000953674316,1.5,1.5499992370605469,0.3299999237060547,-0.05999946594238281,-0.7199993133544922,1.1900005340576172,1.6800003051757812,1.75,-0.9699993133544922,0.9499998092651368,-2.399999618530273,8.0,4.0,05-01,0.4750001827875773
02-17,0.9000000953674316,1.4900007247924805,1.7199993133544922,0.25,-0.1399993896484375,-0.7199993133544922,1.1900005340576172,1.1800003051757812,1.9300003051757808,-0.8599987030029297,0.9099998474121094,-2.399999618530273,8.0,4.0,05-02,0.4541670083999634
02-18,1.079999923706055,1.1900005340576172,1.980001449584961,0.1400003433227539,-0.1399993896484375,-0.7199993133544922,0.9700002670288086,1.0300006866455078,1.8599996566772459,-0.7699985504150391,0.9099998474121094,-2.399999618530273,8.0,4.0,05-03,0.42750048637390137
02-19,1.2899999618530271,1.170000076293945,2.200000762939453,-0.029999732971191406,-0.1399993896484375,-0.75,0.9600000381469728,1.3500003814697266,1.9300003051757808,-0.7699985504150391,0.9099998474121094,-2.7400007247924805,7.0,5.0,05-04,0.4483335812886556
02-20,1.87999963760376,0.8099994659423828,2.149999618530273,-0.029999732971191406,0.07999992370605469,-0.5599994659423828,0.8500003814697266,1.0699996948242188,1.9300003051757808,-0.7699985504150391,0.7299995422363281,-2.8399991989135738,8.0,4.0,05-05,0.44166680177052814
02-21,2.150000095367432,0.4499998092651367,2.149999618530273,-0.029999732971191406,0.5099983215332031,-0.5,0.6000003814697266,0.989999771118164,1.9300003051757808,-0.6700000762939453,1.0300006866455078,-2.889999389648437,8.0,4.0,05-06,0.4766666491826375
02-22,2.2599997520446777,0.4499998092651367,2.149999618530273,0.01999950408935547,0.4000015258789063,-0.6800003051757812,0.6100006103515625,0.989999771118164,1.9700002670288088,-0.6399993896484375,0.8199996948242188,-2.1599998474121094,9.0,3.0,05-07,0.5158334175745646
02-23,2.2599997520446777,0.619999885559082,1.8799991607666016,-0.26000022888183594,0.8400001525878906,-0.5100002288818359,0.6100006103515625,1.0900001525878906,2.1199998855590816,-0.5099983215332031,0.5399999618530273,-2.0700006484985347,8.0,4.0,05-08,0.5508333444595337
02-24,1.8299994468688965,0.1899995803833008,2.039999008178711,-0.4400005340576172,1.010000228881836,-0.5100002288818359,0.4899997711181641,1.1499996185302734,2.1899995803833012,-0.6700000762939453,0.7200002670288086,-2.0700006484985347,8.0,4.0,05-09,0.4941663344701131
02-25,1.889999866485596,0.2799997329711914,1.989999771118164,-0.6599998474121094,1.010000228881836,-0.5699996948242188,0.5100002288818359,1.0699996948242188,2.1400012969970703,-0.5499992370605469,0.7200002670288086,-1.7400007247924805,8.0,4.0,05-10,0.5075001319249471
02-26,2.2699995040893555,0.5599994659423828,1.6499996185302734,-0.8199996948242188,0.8800010681152344,-0.5400009155273438,0.7199993133544922,0.9600000381469728,2.1000003814697266,-0.5499992370605469,0.6500005722045898,-1.4700002670288086,8.0,4.0,05-11,0.5341666539510092
02-27,2.1199998855590816,0.3299999237060547,1.329999923706055,-0.8199996948242188,0.7400016784667969,-0.5500011444091797,0.6900005340576172,1.0599994659423828,2.1000003814697266,-0.20999908447265625,0.4899997711181641,-0.8600006103515625,8.0,4.0,05-12,0.5350000858306885
02-28,2.390000343322754,0.5999994277954102,1.329999923706055,-0.8399991989135742,0.6999988555908203,-0.6299991607666016,0.5399999618530273,1.0,2.0299997329711914,0.04000091552734375,0.5500001907348633,-0.4899997711181641,9.0,3.0,05-13,0.6016667683919271
02-29,0.0,0.0,0.0,-0.619999885559082,0.0,0.0,0.0,1.0,0.0,0.0,0.0,-0.8399991989135742,1.0,2.0,05-14,-0.038333257039388016
03-01,2.010000228881836,0.5999994277954102,1.4300003051757812,-0.7399997711181641,0.7600002288818359,-0.4500007629394531,0.4899997711181641,0.5900001525878906,1.8999996185302732,0.3099994659423828,0.060000419616699226,-0.979999542236328,9.0,3.0,05-15,0.4983332951863607
03-02,2.010000228881836,0.4200000762939453,1.1900005340576172,-0.8099994659423828,0.8700008392333984,-0.470001220703125,0.4899997711181641,0.619999885559082,2.039999961853028,0.5,0.2300004959106445,-0.979999542236328,9.0,3.0,05-16,0.5091667970021566
03-03,2.070000171661377,0.2799997329711914,0.7700004577636719,-0.9099998474121094,0.7600002288818359,-0.470001220703125,0.5500001907348633,0.5699996948242188,2.0999994277954097,0.10999870300292967,0.2899999618530273,-0.9499998092651368,9.0,3.0,05-17,0.4308331410090129
03-04,1.9600000381469729,-0.14999961853027344,0.970001220703125,-0.8500003814697266,0.7600002288818359,-0.6100006103515625,0.6700000762939453,0.4399995803833008,2.389999389648437,0.15999984741210938,0.2899999618530273,-1.5899991989135742,8.0,4.0,05-18,0.3700000445048015
03-05,2.299999713897705,-0.380000114440918,0.8199996948242188,-0.8500003814697266,0.5799999237060547,-1.420000076293945,0.5999994277954102,0.1900005340576172,2.25,0.15999984741210938,0.3299999237060547,-1.4800004959106443,8.0,4.0,05-19,0.25833316644032794
03-06,2.7699999809265137,-0.7600002288818359,0.8000011444091797,-0.19999980926513672,0.4500007629394531,-1.6500015258789062,0.75,0.13000011444091794,2.25,0.12000083923339845,0.6000003814697266,-0.7700004577636719,8.0,4.0,05-20,0.3741667668024699
03-07,3.0,-0.9099998474121094,0.8000011444091797,-0.5299997329711914,0.4499988555908203,-1.770000457763672,0.6900005340576172,0.13000011444091794,2.1999998092651367,0.0,0.380000114440918,0.09999942779541016,8.0,4.0,05-21,0.37833333015441895
03-08,3.149999618530273,-0.9099998474121094,0.8000011444091797,-1.1400003433227541,0.5799999237060547,-1.539999008178711,0.6900005340576172,0.21000003814697266,2.0899991989135738,-0.6700000762939453,0.2300004959106445,0.2799997329711914,8.0,4.0,05-22,0.31416678428649897
03-09,3.149999618530273,-0.8899993896484375,0.9200000762939452,-1.020000457763672,0.6999988555908203,-1.4299983978271484,0.6900005340576172,0.09000015258789062,2.279998779296875,-0.8999996185302734,0.39999961853027344,0.2799997329711914,8.0,4.0,05-23,0.3558332920074463
03-10,2.7100000381469727,-1.6799993515014648,1.1299991607666016,-1.0599994659423828,0.6700000762939453,-1.4299983978271484,0.8900003433227539,0.1899995803833008,2.3600006103515625,-1.039999008178711,0.3899993896484375,-0.039999961853027344,7.0,5.0,05-24,0.25750025113423664
03-11,2.5899996757507324,-1.5299997329711914,0.9600009918212892,-1.0499992370605469,0.6700000762939453,-1.3099994659423828,0.7700004577636719,-0.15999984741210938,2.330000877380371,-1.3099994659423828,0.3899993896484375,0.7100000381469727,7.0,5.0,05-25,0.2550003131230672
03-12,2.369999885559082,-1.5699996948242188,1.1599998474121094,-1.0499992370605469,0.5100002288818359,-1.0900001525878906,0.7899999618530273,-0.13000011444091794,2.330000877380371,-1.3099994659423828,0.2799997329711914,2.34000015258789,7.0,5.0,05-26,0.3858335018157959
03-13,2.489999771118164,-1.5900001525878906,1.2900009155273438,-1.239999771118164,0.6700000762939453,-0.5699996948242188,0.840001106262207,-0.06999969482421875,2.330000877380371,-0.9600009918212892,0.06999969482421875,2.1899995803833012,7.0,5.0,05-27,0.4541668097178142
03-14,2.580000400543213,-1.5999994277954102,1.2900009155273438,-1.1899995803833008,0.529998779296875,-0.460000991821289,0.17999935150146484,-0.06999969482421875,2.34000015258789,-1.1499996185302734,-0.13000011444091794,4.179999351501465,6.0,6.0,05-28,0.5416666269302368
03-15,2.4200005531311035,-1.5999994277954102,1.7300004959106443,-1.380000114440918,0.4099998474121094,-0.39999961853027344,0.2299995422363281,0.039999961853027344,2.2400007247924805,-1.1800003051757812,-0.1100006103515625,4.429999351501465,7.0,5.0,05-29,0.5691667000452677
03-16,2.4200005531311035,-1.7199993133544922,2.0,-1.479999542236328,0.6999988555908203,-0.20000076293945312,0.2299995422363281,-0.10000038146972656,2.3299989700317383,-1.0900001525878906,-0.1899995803833008,4.429999351501465,6.0,6.0,05-30,0.6108331282933553
03-17,2.320000171661377,-1.7699995040893557,1.3899993896484375,-1.3899993896484375,0.6700000762939453,-0.20000076293945312,0.3299999237060547,-0.039999961853027344,2.25,-1.2999992370605469,-0.3900003433227539,4.179999351501465,6.0,6.0,05-31,0.5041666428248087
03-18,2.299999713897705,-1.1799993515014648,1.3199996948242188,-1.6099996566772459,0.6700000762939453,-0.5100002288818359,0.1900005340576172,-0.010000228881835938,2.40000057220459,-0.9099998474121094,-0.3900003433227539,4.560000419616699,6.0,6.0,06-01,0.5691667795181274
03-19,2.4099998474121094,-1.1800003051757812,1.270000457763672,-1.6099996566772459,0.7700004577636719,-0.2900009155273437,0.3100004196166992,-0.060000419616699226,2.439999580383301,-0.9099998474121094,-0.5200004577636719,4.75,6.0,6.0,06-02,0.6149999300638834
03-20,2.799999713897705,-1.2100000381469729,1.0900001525878906,-1.4099998474121094,0.989999771118164,-0.4500007629394531,-0.039999961853027344,-0.07000064849853516,2.439999580383301,-1.2000007629394531,-0.5299997329711914,4.869999885559082,5.0,7.0,06-03,0.6066664457321167
03-21,2.5799999237060547,-0.989999771118164,1.0900001525878906,-1.5299997329711914,0.979999542236328,-0.39999961853027344,-0.039999961853027344,-0.07000064849853516,2.3799991607666016,-1.3600006103515625,-0.6700000762939453,5.170000076293945,5.0,7.0,06-04,0.5949998696645101
03-22,2.4099998474121094,-0.989999771118164,1.1299991607666016,-1.75,0.979999542236328,-0.09000015258789062,0.16000080108642578,-0.0800008773803711,2.479999542236328,-0.7199993133544922,-0.25,5.609999656677246,6.0,6.0,06-05,0.7408332029978434
03-23,2.4099998474121094,-1.079999923706055,1.3799991607666016,-1.969999313354492,0.8999996185302734,-0.1399993896484375,0.16000080108642578,0.029999732971191406,2.529998779296875,-0.5,-0.07999992370605469,5.609999656677246,7.0,5.0,06-06,0.7708332538604736
03-24,2.489999771118164,-0.9700002670288086,1.079999923706055,-2.369999885559082,0.5799999237060547,-0.1399993896484375,0.12000083923339845,0.2200002670288086,2.479999542236328,-0.6000003814697266,-0.2399997711181641,4.739999771118164,7.0,5.0,06-07,0.6158333619435629
03-25,2.520000457763672,-1.4400005340576172,0.8999996185302734,-2.0500001907348637,0.5799999237060547,-0.12999916076660156,0.05000019073486328,0.2899999618530273,2.390000343322754,-0.3000011444091797,-0.2399997711181641,4.030000686645509,7.0,5.0,06-08,0.5500000317891439
03-26,2.2599997520446777,-1.7100000381469729,1.239999771118164,-2.0500001907348637,0.5699996948242188,-0.010000228881835938,0.06999969482421875,0.4200000762939453,2.369999885559082,-0.3000011444091797,-0.3400001525878906,3.84999942779541,7.0,5.0,06-09,0.5308330456415812
03-27,2.309999942779541,-1.75,1.020000457763672,-2.0500001907348637,0.9000015258789062,0.0,-0.3000001907348633,0.4200000762939453,2.369999885559082,-0.010000228881835938,-0.2299995422363281,3.9899997711181636,6.0,6.0,06-10,0.5558334589004517
03-28,2.510000228881836,-1.829999923706055,1.020000457763672,-1.7799997329711914,1.1399993896484375,-0.1700000762939453,-0.619999885559082,0.4200000762939453,2.25,-0.1100006103515625,-0.15999984741210938,3.5600004196166988,6.0,6.0,06-11,0.5191667079925537
03-29,2.640000343322754,-1.829999923706055,1.0300006866455078,-1.6799993515014648,1.2999992370605469,-0.3099994659423828,-0.26000022888183594,0.2799997329711914,2.2100000381469727,-0.3600006103515625,-0.1699991226196289,3.5600004196166988,6.0,6.0,06-12,0.5341668128967285
03-30,2.640000343322754,-1.770000457763672,0.8500003814697266,-1.979999542236328,1.1099987030029297,-0.4499988555908203,-0.26000022888183594,-0.11999988555908205,2.139999389648437,0.010000228881835938,-0.1900005340576172,3.5600004196166988,6.0,6.0,06-13,0.4616666634877522
03-31,2.400000095367432,-1.329999923706055,0.3299999237060547,-2.010000228881836,1.0999984741210938,-0.4499988555908203,-0.1700000762939453,-0.5,1.9399986267089844,0.020000457763671875,-0.1700000762939453,3.6100006103515625,6.0,6.0,06-14,0.3974999189376831
04-01,2.4700002670288086,-1.5299997329711914,-0.09999847412109376,-2.1700000762939453,1.0999984741210938,-0.4699993133544922,-0.20000076293945312,-0.6700000762939453,2.0,0.1999988555908203,-0.1700000762939453,3.2600002288818364,5.0,7.0,06-15,0.309999942779541
04-02,2.310000419616699,-1.4600000381469729,0.18000030517578125,-2.1700000762939453,0.8699989318847656,-0.3800010681152344,-0.2899999618530273,-0.8499994277954102,2.010000228881836,0.1999988555908203,-0.2799997329711914,3.4700002670288086,6.0,6.0,06-16,0.3008332252502441
04-03,1.5199999809265137,-1.119999885559082,-0.220001220703125,-2.0199995040893555,1.1100006103515625,-0.39999961853027344,-0.8499994277954102,-0.880000114440918,2.010000228881836,0.17999839782714844,-0.4600000381469727,3.4800004959106445,5.0,7.0,06-17,0.19583332538604736
04-04,1.7599997520446775,-1.1899995803833008,-0.220001220703125,-1.7100000381469729,1.1199989318847656,-0.4500007629394531,-0.9399995803833008,-0.880000114440918,2.0600004196166988,0.2899990081787109,-0.7200002670288086,3.0799999237060547,5.0,7.0,06-18,0.18333303928375244
04-05,1.7100005149841309,-1.1899995803833008,-0.3100013732910156,-1.420000076293945,1.670000076293945,-0.3800010681152344,-1.0199995040893557,-0.5900001525878906,1.9199991226196291,0.04999923706054688,-0.6499996185302734,3.2300004959106445,5.0,7.0,06-19,0.25166650613149005
04-06,1.7100005149841309,-1.2100000381469729,-0.4300003051757813,-1.420000076293945,1.7800006866455078,-0.2700004577636719,-1.0199995040893557,-0.75,1.9000005722045896,-0.26000022888183594,-0.5399999618530273,3.2300004959106445,4.0,8.0,06-20,0.2266668081283569
04-07,1.910000324249268,-1.1399993896484375,-0.35000038146972656,-1.2100000381469729,1.3899993896484375,-0.2700004577636719,-1.0900001525878906,-0.5699996948242188,1.9800004959106443,-0.6899986267089844,-0.6099996566772461,2.9400005340576167,4.0,8.0,06-21,0.1908335288365682
04-08,1.6900005340576172,-1.0599994659423828,-0.5900001525878906,-1.0,1.3899993896484375,-0.18000030517578125,-0.8299999237060547,-0.5100002288818359,1.9400005340576167,-0.6799983978271484,-0.6099996566772461,2.739999771118164,4.0,8.0,06-22,0.191666841506958
04-09,1.5599994659423828,-1.0399999618530271,-0.2300014495849609,-1.0,1.3099994659423828,-0.010000228881835938,-0.880000114440918,-0.5499992370605469,1.8700008392333984,-0.6799983978271484,-0.4600000381469727,2.4700002670288086,4.0,8.0,06-23,0.19666671752929688
04-10,1.0400004386901855,-1.2100000381469729,-0.3800010681152344,-0.7600002288818359,0.6999988555908203,0.020000457763671875,-0.4899997711181641,-0.5399999618530273,1.8700008392333984,-0.8099994659423828,-0.4400005340576172,2.890000343322754,5.0,7.0,06-24,0.15749998887379965
04-11,1.1500000953674316,-1.0900001525878906,-0.3800010681152344,-1.1899995803833008,0.3100013732910156,0.0,-0.5,-0.5399999618530273,1.8400011062622068,-0.9599990844726562,-0.4400005340576172,3.039999961853028,4.0,8.0,06-25,0.10333351294199626
04-12,1.2599997520446775,-1.0900001525878906,-0.07999992370605469,-1.3200006484985352,-0.1100006103515625,0.03999900817871094,-0.5799999237060547,-0.6900005340576172,1.8100004196166992,-0.7700004577636719,-0.5500001907348633,2.75,4.0,8.0,06-26,0.05583306153615316
04-13,1.2599997520446775,-1.119999885559082,-0.3299999237060547,-1.479999542236328,0.1700000762939453,-0.1900005340576172,-0.5799999237060547,-0.3900003433227539,1.8100004196166992,-1.0599994659423828,-0.5500001907348633,2.75,4.0,8.0,06-27,0.024166703224182132
04-14,1.2899999618530271,-1.4400005340576172,-0.6399993896484375,-1.5900001525878906,0.4099998474121094,-0.1900005340576172,-0.5999994277954102,-1.2799997329711914,1.8199996948242188,-1.279998779296875,-0.5299997329711914,2.0599994659423833,4.0,8.0,06-28,-0.16416660944620767
04-15,1.2900004386901855,-1.4699993133544922,-0.3699989318847656,-1.6099996566772459,0.4099998474121094,0.35000038146972656,-0.6599998474121094,-1.6400003433227541,1.8899993896484373,-1.4099998474121094,-0.5299997329711914,2.859999656677246,5.0,7.0,06-29,-0.0741664965947469
04-16,1.1199994087219238,-1.170000076293945,0.3099994659423828,-1.6099996566772459,0.13000106811523438,0.1100006103515625,-0.4600000381469727,-1.6100006103515625,1.8799991607666016,-1.4099998474121094,-0.5899991989135742,2.5799999237060547,6.0,6.0,06-30,-0.059999982515970864
04-17,1.239999771118164,-1.4700002670288086,0.5799999237060547,-1.7599992752075195,0.6200008392333984,-0.04999923706054688,-0.5499992370605469,-1.420000076293945,1.8799991607666016,-1.5300006866455078,-0.5699996948242188,2.1500005722045903,5.0,7.0,07-01,-0.0733331839243571
04-18,1.5300002098083496,-1.579999923706055,0.5799999237060547,-1.8100004196166992,0.8800010681152344,-0.1100006103515625,-0.6599998474121094,-1.420000076293945,1.9199991226196291,-1.6800003051757812,-0.4600000381469727,2.7100000381469727,5.0,7.0,07-02,-0.008333404858907064
04-19,1.5300002098083496,-1.579999923706055,0.4500007629394531,-1.2100000381469729,0.8299999237060547,0.09000015258789062,-0.6599998474121094,-1.6800003051757812,1.8099994659423828,-1.6300010681152344,-0.34999942779541016,2.7100000381469727,6.0,6.0,07-03,0.02583332856496175
04-20,1.5300002098083496,-1.6199998855590818,-0.10000038146972656,-1.3900003433227541,0.7600002288818359,0.09000015258789062,-0.6599998474121094,-1.6399993896484375,1.7499990463256836,-1.4500007629394531,-0.34999942779541016,2.7100000381469727,5.0,7.0,07-04,-0.03083336353302002
04-21,1.4900002479553225,-1.6400003433227541,0.04999923706054688,-0.8199996948242188,0.6400012969970703,0.09000015258789062,-0.9400005340576172,-1.0399999618530271,1.8199987411499023,-1.5699996948242188,-0.4200000762939453,2.890000343322754,6.0,6.0,07-05,0.04583330949147543
04-22,1.679999828338623,-1.5399999618530271,0.1700000762939453,-0.6700000762939453,0.6400012969970703,-0.08999824523925781,-0.6500005722045898,-1.0,1.3200006484985352,-1.4599990844726562,-0.4200000762939453,2.8299999237060547,5.0,7.0,07-06,0.06750031312306723
04-23,1.25,-1.5,0.07999992370605469,-0.6700000762939453,0.5,-0.17999839782714844,-0.6999998092651367,-1.0900001525878906,1.3000001907348633,-1.4599990844726562,-0.369999885559082,3.1700000762939453,5.0,7.0,07-07,0.027500232060750324
04-24,0.9200000762939452,-1.3400001525878906,0.05999946594238281,-0.6500005722045898,0.3099994659423828,-0.07999992370605469,-0.989999771118164,-1.25,1.3000001907348633,-1.3600006103515625,-0.2800006866455078,3.09000015258789,5.0,7.0,07-08,-0.02250019709269206
04-25,0.8199996948242188,-1.2100000381469729,0.05999946594238281,-1.010000228881836,0.04000091552734375,0.05000114440917969,-1.2899999618530271,-1.25,1.079999923706055,-1.010000228881836,-0.369999885559082,3.1900005340576167,6.0,6.0,07-09,-0.07499988873799641
04-26,0.9000005722045898,-1.2100000381469729,-0.09000015258789062,-1.3200006484985352,0.2899990081787109,-0.31999969482421875,-1.6800003051757812,-1.2899999618530271,1.130000114440918,-1.0300006866455078,-0.4300003051757813,3.8600006103515625,4.0,8.0,07-10,-0.0991667906443278
04-27,0.9000005722045898,-0.8899993896484375,-0.1400012969970703,-1.489999771118164,0.3600006103515625,-0.15999984741210938,-1.6800003051757812,-1.4099998474121094,1.1800003051757812,-1.039999008178711,-0.630000114440918,3.8600006103515625,4.0,8.0,07-11,-0.0949997901916504
04-28,0.8800005912780762,-0.9299993515014648,-0.3600006103515625,-1.5399999618530271,0.26000022888183594,-0.15999984741210938,-1.5300006866455078,-1.170000076293945,1.1400003433227541,-0.8900012969970703,-0.630000114440918,3.8700008392333984,4.0,8.0,07-12,-0.08833332856496175
04-29,0.8600001335144043,-0.8700008392333984,-1.1499996185302734,-1.3899993896484375,0.26000022888183594,-0.2399997711181641,-1.0600004196166992,-0.9500007629394532,1.1399993896484375,-1.1900005340576172,-0.630000114440918,2.7100000381469727,4.0,8.0,07-13,-0.20916680494944254
04-30,0.7200002670288086,-0.7100000381469727,-1.470001220703125,-1.3899993896484375,0.2399997711181641,-0.5900001525878906,-0.4100008010864258,-0.9600000381469728,1.2199993133544922,-1.1900005340576172,-0.6599998474121094,2.9600000381469727,4.0,8.0,07-14,-0.18666688601175946
05-01,0.7600002288818359,-0.4899997711181641,-1.230001449584961,-1.4499998092651367,0.7700004577636719,-0.7000007629394531,-0.4400005340576172,-0.9499998092651368,1.2199993133544922,-1.1100006103515625,-0.6399993896484375,3.0299997329711914,4.0,8.0,07-15,-0.10250020027160643
05-02,0.4200000762939453,-0.4600000381469727,-1.230001449584961,-1.3900003433227541,0.6000003814697266,-0.6400012969970703,-0.40000057220458973,-0.9499998092651368,1.1999998092651367,-0.9800014495849608,-0.4600000381469727,3.229999542236328,4.0,8.0,07-16,-0.08833376566569011
05-03,0.7600002288818359,-0.4600000381469727,-1.1400012969970703,-1.239999771118164,0.6100006103515625,-0.5699996948242188,-0.5600004196166992,-0.7999992370605469,1.260000228881836,-1.0300006866455078,-0.5600004196166992,3.479999542236328,4.0,8.0,07-17,-0.02083341280619304
05-04,0.7600002288818359,-0.029999732971191406,-1.1199989318847656,-0.979999542236328,0.6700000762939453,-0.5999984741210938,-0.5600004196166992,-0.5500001907348633,1.25,-1.0400009155273438,-0.3600006103515625,3.479999542236328,4.0,8.0,07-18,0.07666675249735515
05-05,0.869999885559082,0.5200004577636719,-0.8099994659423828,-0.8400001525878906,0.7600002288818359,-0.5999984741210938,-0.4700002670288086,-0.5,1.020000457763672,-0.9900016784667968,-0.4400005340576172,3.359999656677246,5.0,7.0,07-19,0.15666667620340982
05-06,0.8200006484985352,0.5500001907348633,-1.3699989318847656,-0.7899999618530273,0.7600002288818359,-0.4899997711181641,-0.2899999618530273,-0.619999885559082,1.1200008392333984,-0.9200000762939452,-0.4400005340576172,3.09000015258789,5.0,7.0,07-20,0.1183335781097412
05-07,0.989999771118164,0.9099998474121094,-1.3199996948242188,-0.7899999618530273,0.5900001525878906,-0.9099998474121094,-0.2700004577636719,-0.6000003814697266,1.1300010681152344,-0.9200000762939452,-0.18000030517578125,2.950000762939453,5.0,7.0,07-21,0.1316667397816976
05-08,0.8000001907348633,0.4400005340576172,-1.1599998474121094,-0.5100002288818359,0.39999961853027344,-0.8899993896484375,-0.4499998092651367,-0.3900003433227539,1.1300010681152344,-0.7899990081787109,-0.4099998474121094,2.689999580383301,5.0,7.0,07-22,0.07166687647501628
05-09,1.3100004196166992,0.35000038146972656,-1.1599998474121094,-0.2899999618530273,0.5099983215332031,-1.1399993896484375,-0.4900007247924805,-0.3900003433227539,1.1499996185302734,-0.989999771118164,-0.25,2.979999542236328,5.0,7.0,07-23,0.13249985376993814
05-10,1.3599996566772459,0.35000038146972656,-1.229999542236328,-0.6499996185302734,0.5,-1.0500011444091797,-0.4900007247924805,-0.4399995803833008,1.1800003051757812,-1.260000228881836,-0.3900003433227539,3.0799999237060547,5.0,7.0,07-24,0.07999992370605469
05-11,1.3599996566772459,0.369999885559082,-0.5900001525878906,-1.1000003814697266,0.5499992370605469,-0.9200000762939452,-0.4900007247924805,-0.4300003051757813,1.010000228881836,-1.1099987030029297,0.12999916076660156,3.0799999237060547,6.0,6.0,07-25,0.15499981244405112
05-12,1.3399991989135742,0.5300006866455078,-0.5799999237060547,-1.010000228881836,0.5899982452392578,-0.9200000762939452,-0.4200000762939453,-0.369999885559082,0.9699993133544922,-0.8299999237060547,0.17999935150146484,3.1599998474121094,6.0,6.0,07-26,0.21999971071879068
05-13,1.8199996948242188,0.5300006866455078,-0.2800006866455078,-0.8600006103515625,0.5899982452392578,-0.9699993133544922,-0.4600000381469727,-0.3400001525878906,0.8299999237060547,-0.7600002288818359,0.17999935150146484,3.0899991989135738,6.0,6.0,07-27,0.28083300590515137
05-14,1.7199997901916504,1.0599994659423828,-0.3400001525878906,-0.8600006103515625,0.5199985504150391,-0.9300003051757812,-0.5,-0.3000001907348633,0.9300003051757812,-0.7600002288818359,0.009999275207519531,3.3799991607666016,6.0,6.0,07-28,0.32749958833058673
05-15,1.7100005149841309,1.1400003433227541,-0.9300003051757812,-0.6200008392333984,0.6700000762939453,-0.2800006866455078,-0.75,-0.2399997711181641,0.9300003051757812,-0.5599994659423828,-0.14999961853027344,3.7200002670288086,5.0,7.0,07-29,0.38666673501332594
05-16,1.3000001907348633,1.010000228881836,-0.9300003051757812,-0.1899995803833008,0.6299991607666016,-0.4399986267089844,-0.5900001525878906,-0.2399997711181641,0.7600002288818359,-0.4799995422363281,-0.35000038146972656,3.0000009536743164,5.0,7.0,07-30,0.29000020027160645
05-17,1.3099994659423828,1.010000228881836,-0.779998779296875,0.5599994659423828,0.5700016021728516,-0.4699993133544922,-0.630000114440918,0.11999988555908205,0.8699989318847656,-0.6100006103515625,0.1400003433227539,3.09999942779541,8.0,4.0,07-31,0.4325000445048015
05-18,1.3099994659423828,1.3900003433227541,-0.8500003814697266,0.619999885559082,0.5699996948242188,-0.4399986267089844,-0.630000114440918,0.2400007247924805,1.0900001525878906,-0.06999969482421875,-0.020000457763671875,3.09999942779541,7.0,5.0,08-01,0.5258333683013916
05-19,1.1799993515014648,1.6199998855590818,-1.239999771118164,0.5200004577636719,0.6599998474121094,-0.4399986267089844,-0.6000003814697266,0.4800004959106445,0.8400001525878906,-0.09000015258789062,0.029999732971191406,3.2699995040893555,8.0,4.0,08-02,0.5191667079925537
05-20,1.1500005722045898,2.229999542236328,-0.8699989318847656,0.4400005340576172,0.6599998474121094,-0.39999961853027344,-0.5700006484985352,0.4200000762939453,0.9499988555908204,-0.1999988555908203,0.029999732971191406,2.869999885559082,8.0,4.0,08-03,0.5591667493184408
05-21,1.2200002670288086,2.270000457763672,-1.260000228881836,0.4400005340576172,0.7000007629394531,-0.9300003051757812,-0.5699996948242188,0.3100004196166992,1.039999008178711,-0.1999988555908203,-0.05000019073486328,2.5799989700317383,7.0,5.0,08-04,0.4625000953674317
05-22,1.520000457763672,2.359999656677246,-1.4800004959106443,0.4700002670288086,1.020000457763672,-1.3600006103515625,-0.470001220703125,0.3000001907348633,1.039999008178711,-0.2299995422363281,-0.029999732971191406,3.0600004196166988,7.0,5.0,08-05,0.516666571299235
05-23,1.3999996185302734,2.4499998092651367,-1.4800004959106443,0.3299999237060547,1.270000457763672,-1.5699996948242188,-0.010000228881835938,0.3000001907348633,1.0499992370605469,-0.1700000762939453,0.14999961853027344,2.4900007247924805,8.0,4.0,08-06,0.5174999237060547
05-24,1.3599996566772459,2.4499998092651367,-1.4999990463256836,0.9400005340576172,1.6000003814697266,-1.979999542236328,0.11999988555908205,0.15000057220458984,1.039999008178711,-0.04000091552734375,-0.34999942779541016,2.570000648498535,8.0,4.0,08-07,0.5300001303354899
05-25,1.3599996566772459,2.539999961853028,-2.6900005340576167,1.0699996948242188,1.5500011444091797,-1.950000762939453,0.11999988555908205,0.11999988555908205,1.0500011444091797,-0.10000038146972656,-0.1900005340576172,2.570000648498535,8.0,4.0,08-08,0.4541666507720947
05-26,1.3599996566772459,2.479999542236328,-2.8099994659423833,1.1099996566772459,1.460000991821289,-1.950000762939453,0.11999988555908205,0.1099996566772461,1.0499992370605469,0.6000003814697266,-0.060000419616699226,2.570000648498535,9.0,3.0,08-09,0.5033332506815592
05-27,1.5499992370605469,1.9099998474121092,-3.979999542236328,1.1099996566772459,1.460000991821289,-1.950000762939453,0.07999992370605469,0.13000011444091794,0.8799991607666016,0.5200004577636719,-0.060000419616699226,2.5500001907348637,9.0,3.0,08-10,0.3499999046325684
05-28,1.3900003433227541,2.2799997329711914,-3.8000001907348633,1.1099996566772459,1.460000991821289,-2.3199996948242188,0.039999961853027344,0.40000057220458973,0.6899986267089844,0.5200004577636719,-0.060000419616699226,2.689999580383301,9.0,3.0,08-11,0.3666666348775228
05-29,1.3000001907348633,2.2400007247924805,-4.6399993896484375,1.1099996566772459,1.779998779296875,-2.1299991607666016,0.1899995803833008,0.40000057220458973,0.6899986267089844,0.5200004577636719,0.3200006484985352,2.7500009536743164,10.0,2.0,08-12,0.37750013669331867
05-30,0.9400005340576172,1.6300001144409182,-4.6399993896484375,1.1999998092651367,1.6900005340576172,-2.049999237060547,0.07999992370605469,0.40000057220458973,0.6899986267089844,0.020000457763671875,0.1900005340576172,2.520000457763672,10.0,2.0,08-13,0.22250024477640787
05-31,1.079999923706055,1.6300001144409182,-4.6399993896484375,1.2100000381469729,1.7999992370605469,-2.1599998474121094,-0.1099996566772461,0.40000057220458973,0.1700000762939453,-0.2399997711181641,0.4200000762939453,2.899999618530273,8.0,4.0,08-14,0.20500008265177408
06-01,1.079999923706055,1.6300001144409182,-3.779999732971192,1.6199998855590818,1.7000007629394531,-1.989999771118164,-0.1099996566772461,0.5200004577636719,0.35000038146972656,-0.4799995422363281,0.3299999237060547,2.899999618530273,8.0,4.0,08-15,0.3141668637593587
06-02,0.9600000381469728,1.3599996566772459,-3.3199996948242188,1.7799997329711914,1.970001220703125,-1.989999771118164,-0.1899995803833008,0.4400005340576172,0.3400001525878906,-0.5499992370605469,-0.21000003814697266,2.639999389648437,7.0,5.0,08-16,0.26916686693827313
06-03,1.2899999618530271,1.260000228881836,-3.0,1.6899995803833008,1.970001220703125,-1.9399986267089844,-0.4200000762939453,0.4600000381469727,0.31999969482421875,-0.9699993133544922,-0.21000003814697266,2.1099996566772456,7.0,5.0,08-17,0.21333352724711102
06-04,1.1599998474121094,1.670000076293945,-3.0299997329711914,1.6899995803833008,2.040000915527344,-1.829999923706055,-0.2200002670288086,0.380000114440918,0.31999969482421875,-0.9699993133544922,-0.4200000762939453,1.920000076293945,7.0,5.0,08-18,0.22583341598510745
06-05,1.170000076293945,1.9300003051757808,-2.9899997711181636,1.8199996948242188,2.3500003814697266,-1.8400001525878904,-0.07999992370605469,0.3299999237060547,0.31999969482421875,-1.0900001525878906,-0.26000022888183594,1.6499996185302734,7.0,5.0,08-19,0.2758332888285319
06-06,1.4399995803833008,2.0500001907348637,-2.9899997711181636,1.6199998855590818,1.9299983978271484,-1.8199996948242188,0.3400001525878906,0.3299999237060547,0.3599987030029297,-1.2099990844726562,-0.2700004577636719,1.7200002670288086,8.0,4.0,08-20,0.2916665077209473
06-07,1.5,2.0500001907348637,-3.2399997711181636,1.579999923706055,1.8000011444091797,-1.6100006103515625,0.2899999618530273,0.19999980926513672,0.2800006866455078,-0.8199996948242188,-0.09000015258789062,1.7500009536743164,8.0,4.0,08-21,0.3075002034505208
06-08,1.5,1.9700002670288088,-3.8100004196166988,1.420000076293945,1.6800003051757812,-1.6299991607666016,0.2899999618530273,0.26000022888183594,0.39999961853027344,-0.7299995422363281,-0.2899999618530273,1.7500009536743164,8.0,4.0,08-22,0.23416686058044436
06-09,1.5,1.7899999618530271,-4.479999542236328,1.6899995803833008,1.5900001525878906,-1.6299991607666016,0.4899997711181641,0.3900003433227539,0.5,-0.470001220703125,-0.030000686645507806,2.1400003433227544,8.0,4.0,08-23,0.2899999618530273
06-10,1.4499998092651367,1.25,-4.069999694824219,1.6399993896484375,1.5900001525878906,-1.6099987030029297,-0.10000038146972656,0.6999998092651367,0.75,-0.4300003051757813,-0.030000686645507806,1.999999046325684,7.0,5.0,08-24,0.2616665363311768
06-11,1.7899999618530271,1.0,-3.4200010299682617,1.6399993896484375,1.7800006866455078,-1.3999996185302734,-0.6399993896484375,1.0399999618530271,0.7100009918212891,-0.4300003051757813,-0.11999988555908205,2.5799999237060547,7.0,5.0,08-25,0.377500057220459
06-12,1.8599996566772459,0.7200002670288086,-3.3800010681152344,1.489999771118164,2.0300006866455083,-1.519998550415039,-0.9700002670288086,1.0199995040893557,0.7100009918212891,-0.4400005340576172,-0.2399997711181641,2.390000343322754,7.0,5.0,08-26,0.3058334191640218
06-13,2.4499998092651367,0.630000114440918,-3.3800010681152344,1.4700002670288086,1.8199996948242188,-1.4500007629394531,-0.5500001907348633,1.0199995040893557,0.6499996185302734,-0.779998779296875,-0.3799991607666016,2.549999237060547,7.0,5.0,08-27,0.3374998569488525
06-14,2.3500003814697266,0.630000114440918,-3.7100009918212886,1.3499994277954102,1.980001449584961,-1.2099990844726562,-0.10000038146972656,1.2599992752075195,0.6799983978271484,-0.6499996185302734,-0.1400003433227539,2.5300006866455083,7.0,5.0,08-28,0.4141666094462077
06-15,2.3500003814697266,0.2899999618530273,-3.659998893737793,1.3400001525878906,1.260000228881836,-1.229999542236328,-0.10000038146972656,1.1500005722045898,0.8400001525878906,-0.279998779296875,-0.13000011444091794,2.5300006866455083,7.0,5.0,08-29,0.3633337020874024
06-16,2.2400007247924805,0.2700004577636719,-3.389999389648437,1.329999923706055,1.170000076293945,-1.229999542236328,-0.010000228881835938,1.0700006484985352,0.8999996185302734,0.14999961853027344,-0.1900005340576172,2.3900012969970703,8.0,4.0,08-30,0.3916668891906738
06-17,2.3199996948242188,0.4199991226196289,-3.0500001907348637,1.2699995040893557,1.170000076293945,-1.239999771118164,-0.07000064849853516,1.0999994277954102,0.5100002288818359,0.35000038146972656,-0.1900005340576172,2.0799989700317383,8.0,4.0,08-31,0.38916635513305664
06-18,2.5199995040893555,0.2799997329711914,-2.9099998474121094,1.2699995040893557,1.0499992370605469,-1.3500003814697266,-0.2200002670288086,0.7800006866455078,0.5599994659423828,0.35000038146972656,-0.35000038146972656,2.0999994277954097,8.0,4.0,09-01,0.3399997552235921
06-19,2.450000762939453,0.1700000762939453,-2.5599994659423833,1.0599994659423828,1.4400005340576172,-1.5900001525878906,-0.05999946594238281,0.7800006866455078,0.5599994659423828,0.6399993896484375,-0.2800006866455078,2.0899991989135738,8.0,4.0,09-02,0.3916666507720947
06-20,2.4499998092651367,0.619999885559082,-2.5599994659423833,0.8499994277954102,1.4300003051757812,-1.529998779296875,-0.8400001525878906,0.7800006866455078,0.5499992370605469,0.6299991607666016,-0.2399997711181641,2.229999542236328,8.0,4.0,09-03,0.3641666571299235
06-21,2.459999084472656,0.619999885559082,-2.8699989318847656,0.880000114440918,1.5699996948242188,-1.4000015258789062,-0.5600004196166992,0.6999998092651367,0.6199989318847656,0.7299995422363281,-0.2399997711181641,2.3600006103515625,8.0,4.0,09-04,0.4058330853780111
06-22,2.459999084472656,0.6799993515014648,-2.7199993133544917,0.9200000762939452,2.3600006103515625,-1.220001220703125,-0.5600004196166992,0.6900005340576172,0.6899986267089844,0.39999961853027344,-0.3100004196166992,2.3600006103515625,8.0,4.0,09-05,0.4791664282480876
06-23,2.34999942779541,0.5599994659423828,-2.6900005340576167,1.3799991607666016,2.549999237060547,-1.220001220703125,-0.4900007247924805,0.25,0.8899993896484375,0.3499984741210937,-0.09000015258789062,2.210000991821289,8.0,4.0,09-06,0.5041661262512207
06-24,2.239999771118164,0.7899999618530273,-2.810000419616699,1.3499994277954102,2.549999237060547,-1.1000003814697266,-0.4100008010864258,1.2799997329711914,0.8099994659423828,0.1899986267089844,-0.09000015258789062,2.5000009536743164,8.0,4.0,09-07,0.6083329518636068
06-25,2.049999237060547,1.079999923706055,-3.7100009918212886,1.3499994277954102,2.4299983978271484,-0.8900012969970703,-0.5500001907348633,1.760000228881836,0.9300003051757812,0.1899986267089844,-0.07999992370605469,1.979999542236328,8.0,4.0,09-08,0.5449994405110677
06-26,2.380000114440918,1.020000457763672,-3.3600006103515625,1.2899999618530271,2.1199989318847656,-0.8100013732910156,-0.6399993896484375,1.8800001144409182,0.9300003051757812,0.3699989318847656,-0.060000419616699226,1.8900003433227541,8.0,4.0,09-09,0.5841664473215739
06-27,2.4099998474121094,1.0600004196166992,-3.3600006103515625,1.6099996566772459,2.139999389648437,-1.0900001525878906,-0.2800006866455078,1.8800001144409182,0.8600006103515625,0.4099998474121094,-0.1400003433227539,1.5699996948242188,8.0,4.0,09-10,0.5891664822896322
06-28,2.65000057220459,1.0600004196166992,-3.4200000762939453,1.9399995803833008,2.029998779296875,-1.0900001525878906,-0.26000022888183594,1.8100004196166992,0.989999771118164,0.3000011444091797,-0.1400003433227539,1.979999542236328,8.0,4.0,09-11,0.6541666189829508
06-29,2.65000057220459,1.3900003433227541,-3.9600009918212886,1.4000005722045898,2.3199996948242188,-1.010000228881836,-0.26000022888183594,1.5399999618530271,1.220001220703125,0.21000099182128906,-0.3299999237060547,1.979999542236328,8.0,4.0,09-12,0.5958334604899088
06-30,2.6700000762939453,1.6599998474121094,-4.809999465942383,1.3900003433227541,2.450000762939453,-1.010000228881836,-0.19999980926513672,0.8400001525878906,1.480001449584961,0.3700008392333984,-0.3200006484985352,1.8999996185302732,8.0,4.0,09-13,0.5350002447764078
07-01,2.820000648498535,1.6099996566772459,-5.2300004959106445,1.3999996185302734,2.450000762939453,-1.210000991821289,-0.31999969482421875,1.0,1.420000076293945,0.4200000762939453,-0.3200006484985352,1.6800003051757812,8.0,4.0,09-14,0.4766666094462077
07-02,3.3100004196166988,1.7200002670288086,-5.079999923706055,1.3999996185302734,2.5699996948242188,-1.220001220703125,-0.2799997329711914,1.010000228881836,1.25,0.4200000762939453,-0.25,1.6600008010864258,8.0,4.0,09-15,0.5425000190734863
07-03,3.5599994659423833,1.4699993133544922,-4.699999809265137,1.25,2.6299991607666016,-1.3500003814697266,-0.06999969482421875,1.0500001907348633,1.25,0.3099994659423828,-0.2399997711181641,1.2999992370605469,8.0,4.0,09-16,0.5383330980936686
07-05,3.920000076293945,1.5299997329711914,-4.699999809265137,1.5299997329711914,3.3299999237060547,-1.3100013732910156,0.05000019073486328,1.0500001907348633,1.25,0.2399997711181641,-0.2199993133544922,1.2800006866455078,9.0,3.0,09-18,0.6624999841054281
07-06,3.920000076293945,1.5299997329711914,-4.25,1.8100004196166992,2.9600009918212886,-1.3400001525878906,0.05000019073486328,1.2799997329711914,1.420000076293945,0.20000076293945312,-0.15999984741210938,1.2800006866455078,9.0,3.0,09-19,0.7250002225240072
07-07,4.1100006103515625,1.3999996185302734,-4.479999542236328,1.739999771118164,3.2100009918212886,-1.3400001525878906,0.05000019073486328,1.130000114440918,1.420000076293945,0.26000022888183594,-0.1399993896484375,1.270000457763672,9.0,3.0,09-20,0.7191669146219889
07-08,4.09999942779541,1.3899993896484375,-4.669999122619629,1.6900005340576172,3.2100009918212886,-1.0599994659423828,0.4800004959106445,0.989999771118164,1.5,0.1899986267089844,-0.1399993896484375,0.4599990844726562,9.0,3.0,09-21,0.6783333619435629
07-09,4.189999580383302,1.4700002670288086,-3.930000305175781,1.6900005340576172,3.0300006866455083,-1.079999923706055,-0.010000228881835938,0.9500007629394532,1.529998779296875,0.1899986267089844,-0.06999969482421875,1.1599998474121094,8.0,4.0,09-22,0.7599999109903971
07-10,4.069999694824219,1.5699996948242188,-4.380000114440918,1.7400007247924805,3.1000003814697266,-0.8899993896484375,-0.4399995803833008,0.9500007629394532,1.529998779296875,0.09000015258789062,-0.039999961853027344,0.5699996948242188,8.0,4.0,09-23,0.6558334032694498
07-11,3.9700002670288086,1.5399999618530271,-4.380000114440918,1.420000076293945,2.430000305175781,-0.8500003814697266,-0.8799991607666016,0.9500007629394532,1.4099998474121094,0.6299991607666016,0.009999275207519531,0.6999998092651367,9.0,3.0,09-24,0.5791666507720947
07-12,3.7600002288818364,1.5399999618530271,-4.189999580383302,1.6000003814697266,2.3799991607666016,-1.1699981689453125,-0.9699993133544922,0.8000001907348633,1.3999996185302734,0.3800010681152344,-0.2399997711181641,0.6500005722045898,8.0,4.0,09-25,0.4950003623962402
07-13,3.7600002288818364,1.2899999618530271,-4.789999008178711,1.2899999618530271,2.3299999237060547,-1.229999542236328,-0.9699993133544922,1.0399999618530271,1.3199996948242188,0.18000030517578125,-0.3400001525878906,0.6500005722045898,8.0,4.0,09-26,0.3775002161661784
07-14,3.6900005340576167,1.260000228881836,-4.829999923706055,1.0899991989135742,2.200000762939453,-1.229999542236328,-1.0099992752075195,0.8300008773803711,1.1399993896484375,0.10000038146972656,-0.369999885559082,0.5300006866455078,8.0,4.0,09-27,0.28333361943562824
07-15,3.0600004196166988,1.420000076293945,-4.630000114440918,1.0599994659423828,2.200000762939453,-1.1599998474121094,-0.8000001907348633,0.6599998474121094,1.0900001525878906,0.060001373291015625,-0.369999885559082,0.25,8.0,4.0,09-28,0.2366668383280436
07-16,2.929999351501465,1.739999771118164,-3.640000343322754,1.0599994659423828,2.1599998474121094,-1.5500011444091797,-0.8600006103515625,0.6099996566772461,1.039999008178711,0.060001373291015625,-0.3899993896484375,0.3099994659423828,8.0,4.0,09-29,0.2891663710276286
07-17,3.0300006866455083,1.8300008773803709,-3.8100004196166988,0.9200000762939452,2.1999988555908203,-1.220001220703125,-1.0599994659423828,0.7799997329711914,1.039999008178711,-0.08999824523925781,-0.25,0.4099998474121094,7.0,5.0,09-30,0.3149999777475993
07-18,2.8000001907348637,1.75,-3.8100004196166988,0.9300003051757812,2.239999771118164,-1.4699993133544922,-1.1599998474121094,0.7799997329711914,0.979999542236328,-0.1400012969970703,-0.25,0.4400005340576172,7.0,5.0,10-01,0.25749993324279785
07-19,2.7799997329711914,1.75,-3.869999885559082,0.6999998092651367,2.290000915527344,-1.2099990844726562,-1.119999885559082,0.7399997711181641,1.010000228881836,-0.4200000762939453,-0.25,0.6599998474121094,7.0,5.0,10-02,0.255000114440918
07-20,2.7799997329711914,1.8499994277954104,-3.8199996948242183,1.1999998092651367,2.389999389648437,-1.3199996948242188,-1.119999885559082,0.3900003433227539,1.3099994659423828,-0.12000083923339845,-0.34999942779541016,0.6599998474121094,7.0,5.0,10-03,0.3208332061767578
07-21,2.549999237060547,2.1599998474121094,-4.789999961853027,1.6899995803833008,2.5599994659423833,-1.3199996948242188,-1.130000114440918,0.7700004577636719,1.460000991821289,-0.4500007629394531,-0.6399993896484375,0.4699993133544922,7.0,5.0,10-04,0.2774999141693115
07-22,2.3500003814697266,1.969999313354492,-5.1599998474121085,1.7100000381469729,2.5599994659423833,-1.3899993896484375,-1.0900001525878906,0.6099996566772461,1.5700016021728516,-0.4500007629394531,-0.6399993896484375,0.6100006103515625,7.0,5.0,10-05,0.22083346048990884
07-23,2.1400003433227544,1.8999996185302732,-5.1599998474121085,1.7100000381469729,2.539999008178711,-1.579999923706055,-0.9499998092651368,0.5799999237060547,1.5900001525878906,-0.4500007629394531,-0.7999992370605469,0.6300010681152344,7.0,5.0,10-06,0.17916671435038248
07-24,2.270000457763672,2.0500001907348637,-4.979999542236328,1.8400001525878904,2.540000915527344,-1.7199993133544922,-0.5600004196166992,0.6600008010864258,1.5900001525878906,-0.7700004577636719,-0.7399997711181641,0.8700008392333984,7.0,5.0,10-07,0.2541670004526774
07-25,2.539999961853028,1.770000457763672,-4.979999542236328,1.9900007247924805,2.639999389648437,-1.6000003814697266,-0.14999961853027344,0.6600008010864258,1.579999923706055,-0.989999771118164,-0.5399999618530273,0.5100002288818359,7.0,5.0,10-08,0.28583351771036786
07-26,2.5599994659423833,1.770000457763672,-5.010000228881836,1.5299997329711914,2.6600017547607417,-1.460000991821289,-0.12999916076660156,0.5800008773803711,1.479999542236328,-1.4000015258789062,-0.5599994659423828,0.8600006103515625,7.0,5.0,10-09,0.2400000890096029
07-27,2.5599994659423833,1.6300001144409182,-3.9100008010864262,1.020000457763672,2.4699993133544917,-1.489999771118164,-0.12999916076660156,0.3599996566772461,1.3800010681152344,-1.9099998474121092,-0.7899999618530273,0.8600006103515625,7.0,5.0,10-10,0.17083342870076498
07-28,2.649999618530273,1.9099998474121092,-3.829999923706055,0.9300003051757812,2.529998779296875,-1.489999771118164,-0.3099994659423828,0.2699995040893555,1.3000011444091797,-1.8999996185302732,-0.5299997329711914,1.0,7.0,5.0,10-11,0.21083339055379235
07-29,3.0500001907348637,1.9700002670288088,-2.929999351501465,0.9900007247924804,2.529998779296875,-1.3699989318847656,-0.25,0.25,1.3200016021728516,-2.290000915527344,-0.5299997329711914,0.9400005340576172,7.0,5.0,10-12,0.30666693051656085
07-30,2.929999351501465,1.920000076293945,-2.9899997711181636,0.9900007247924804,2.4099998474121094,-1.8900003433227541,0.010000228881835938,0.10000038146972656,1.3600006103515625,-2.290000915527344,-0.17999935150146484,1.170000076293945,8.0,4.0,10-13,0.2950000762939453
07-31,3.0899991989135738,1.6799993515014648,-2.8299999237060547,0.9600000381469728,2.5300006866455083,-1.6600008010864258,-0.010000228881835938,-0.029999732971191406,1.3600006103515625,-2.260000228881836,-0.26000022888183594,1.5300006866455078,6.0,6.0,10-14,0.3416666189829509
08-01,2.869999885559082,1.920000076293945,-2.8299999237060547,1.25,2.3599987030029297,-1.6399993896484375,-0.2699995040893555,-0.029999732971191406,1.1800003051757812,-2.4400005340576167,0.039999961853027344,0.9300003051757812,7.0,5.0,10-15,0.2783333460489909
08-02,3.119999885559082,1.920000076293945,-2.1700000762939453,1.479999542236328,2.3299999237060547,-1.5399999618530271,-0.31999969482421875,0.1099996566772461,1.1599998474121094,-2.1299991607666016,-0.029999732971191406,1.0499992370605469,7.0,5.0,10-16,0.41499996185302734
08-03,3.119999885559082,1.8300008773803709,-1.9600000381469729,0.9699993133544922,2.279998779296875,-1.8000001907348633,-0.31999969482421875,-0.029999732971191406,1.3199996948242188,-2.299999237060547,0.5199995040893555,1.0499992370605469,7.0,5.0,10-17,0.3899998664855957
08-04,3.0600004196166988,1.8699998855590818,-0.6700000762939453,1.1800003051757812,2.4200000762939453,-1.8000001907348633,-0.4399995803833008,-0.039999961853027344,1.1399993896484375,-1.920000076293945,0.619999885559082,1.029998779296875,7.0,5.0,10-18,0.5374999046325684
08-05,3.0799999237060547,1.9700002670288088,-0.8400001525878906,1.3000001907348633,2.4200000762939453,-1.6700010299682615,-0.5399999618530273,-0.15999984741210938,1.2000007629394531,-2.1299991607666016,0.619999885559082,0.5900001525878906,7.0,5.0,10-19,0.4866667588551839
08-06,2.830000877380371,2.149999618530273,0.4200000762939453,1.3000001907348633,2.3299999237060547,-1.6099996566772459,-0.619999885559082,-0.07999992370605469,1.3999996185302734,-2.1299991607666016,0.5200004577636719,0.6599998474121094,8.0,4.0,10-20,0.5975001653035482
08-07,2.8000001907348637,1.6500005722045898,0.09999942779541016,1.1599998474121094,2.5699996948242188,-1.0699996948242188,-0.6500005722045898,-0.060000419616699226,1.3999996185302734,-2.25,0.5100002288818359,0.6000003814697266,8.0,4.0,10-21,0.56333327293396
08-08,2.789999961853028,1.8199996948242188,0.09999942779541016,1.1599998474121094,2.6900005340576167,-1.0700006484985352,-0.5399999618530273,-0.060000419616699226,1.3899993896484375,-2.3299999237060547,0.39999961853027344,0.5,8.0,4.0,10-22,0.5708331267038981
08-09,2.739999771118164,1.8199996948242188,-0.5799999237060547,1.1000003814697266,2.6299991607666016,-0.8900003433227539,-0.4499998092651367,-0.3100004196166992,1.3500003814697266,-2.0699996948242188,0.7100000381469727,0.3099994659423828,7.0,5.0,10-23,0.5299998919169108
08-10,2.739999771118164,1.8799991607666016,0.3299999237060547,1.079999923706055,3.0799999237060547,-0.8800010681152344,-0.4499998092651367,-0.26000022888183594,1.8000011444091797,-1.8199996948242188,0.6999998092651367,0.3099994659423828,8.0,4.0,10-24,0.7091665267944336
08-11,2.859999656677246,2.6700000762939453,-0.1099996566772461,0.7799997329711914,2.9899997711181636,-0.8800010681152344,-0.3099994659423828,-0.5,1.529998779296875,-2.139999389648437,0.7600002288818359,0.25,7.0,5.0,10-25,0.6583332220713297
08-12,2.7200002670288086,2.9200000762939453,-0.5699996948242188,0.75,2.9899997711181636,-0.8800010681152344,0.0,-0.5600004196166992,1.4000015258789062,-2.680000305175781,0.7600002288818359,-0.09000015258789062,6.0,6.0,10-26,0.5633333524068197
08-13,2.4200000762939453,3.180000305175781,-0.8499994277954102,0.75,2.9699993133544917,-0.6300010681152344,-0.010000228881835938,-0.630000114440918,1.3000011444091797,-2.680000305175781,0.7200002670288086,-0.05999946594238281,6.0,6.0,10-27,0.5400000413258871
08-14,2.3199996948242188,3.119999885559082,-0.7899999618530273,0.6700000762939453,2.8699989318847656,-0.7600002288818359,-0.18000030517578125,-0.75,1.3000011444091797,-2.680000305175781,1.1999998092651367,-0.39999961853027344,6.0,6.0,10-28,0.4933332602183024
08-15,2.1999998092651367,3.020000457763672,-0.7899999618530273,0.7600002288818359,2.8700008392333984,-1.029998779296875,-0.1399993896484375,-0.75,1.3000011444091797,-2.020000457763672,1.1000003814697266,-0.6199989318847656,6.0,6.0,10-29,0.491667111714681
08-16,1.6100006103515625,3.020000457763672,-0.6000003814697266,0.6400003433227539,2.9899997711181636,-0.979999542236328,-0.1700000762939453,-0.75,1.3200016021728516,-2.3500003814697266,1.0299997329711914,-1.2999992370605469,6.0,6.0,10-30,0.37166690826416016
08-17,1.6100006103515625,2.8500003814697266,0.2799997329711914,0.8100004196166992,2.8799991607666016,-0.9399986267089844,-0.1700000762939453,-0.7100000381469727,1.5599994659423828,-2.3299999237060547,0.8199996948242188,-1.2999992370605469,7.0,5.0,10-31,0.44666679700215656
08-18,1.4900007247924805,2.770000457763672,0.7100000381469727,0.9299993515014648,2.9200000762939453,-0.9399986267089844,-0.15000057220458984,-0.6700000762939453,1.520000457763672,-2.570000648498535,0.9099998474121094,-1.4099998474121094,7.0,5.0,11-01,0.4591667652130127
08-19,1.6099996566772459,2.880000114440918,0.6099996566772461,1.079999923706055,2.9200000762939453,-1.1899986267089844,-0.15999984741210938,-0.7300004959106445,1.5900001525878906,-2.3299999237060547,0.9099998474121094,-1.210000991821289,7.0,5.0,11-02,0.4983332951863607
08-20,0.989999771118164,3.0500001907348637,0.15999984741210938,1.079999923706055,2.930000305175781,-1.1400012969970703,0.2700004577636719,-0.75,1.8500003814697263,-2.3299999237060547,1.0199995040893557,-1.2199993133544922,8.0,4.0,11-03,0.4924999872843425
08-21,0.6799993515014648,3.4499998092651367,0.2899999618530273,0.9300003051757812,3.0100002288818364,-0.9300003051757812,0.880000114440918,-0.8900003433227539,1.8500003814697263,-2.529998779296875,0.6999998092651367,-0.7700004577636719,8.0,4.0,11-04,0.5558333396911621
08-22,0.5500001907348633,3.4800004959106445,0.2899999618530273,1.1900005340576172,2.6599998474121094,-1.0500011444091797,1.270000457763672,-0.8900003433227539,1.6900005340576172,-2.3600006103515625,0.9699993133544922,-0.6900005340576172,8.0,4.0,11-05,0.5924998919169108
08-23,0.6999998092651367,3.4800004959106445,-0.2199993133544922,1.25,2.6700000762939453,-1.170000076293945,1.1000003814697266,-1.020000457763672,1.5599994659423828,-2.1400012969970703,1.239999771118164,-0.3200016021728516,7.0,5.0,11-06,0.5941664377848307
08-24,0.6999998092651367,3.6100006103515625,0.18000030517578125,1.1999998092651367,2.479999542236328,-1.010000228881836,1.1000003814697266,-1.0099992752075195,1.6200008392333984,-2.239999771118164,1.0900001525878906,-0.3200016021728516,8.0,4.0,11-07,0.6166667143503824
08-25,0.6700000762939453,3.9499998092651367,0.2200002670288086,1.0399999618530271,2.649999618530273,-1.010000228881836,0.8400001525878906,-0.8900003433227539,1.6000003814697266,-2.6100006103515625,1.0500001907348633,-0.35000038146972656,8.0,4.0,11-08,0.5966665744781494
08-26,1.1999998092651367,4.029998779296875,-0.13000011444091794,0.7899999618530273,2.649999618530273,-1.1200008392333984,0.4399995803833008,-0.6900005340576172,1.3600006103515625,-2.470001220703125,1.0500001907348633,0.05999946594238281,8.0,4.0,11-09,0.5974996089935303
08-27,1.229999542236328,3.680000305175781,-0.18000030517578125,0.7899999618530273,3.020000457763672,-1.1399993896484375,0.4400005340576172,-0.7399997711181641,1.3700008392333984,-2.470001220703125,1.0299997329711914,0.3000011444091797,8.0,4.0,11-10,0.610833485921224
08-28,1.6599998474121094,3.640000343322754,-0.869999885559082,0.8299999237060547,3.0100002288818364,-0.9599990844726562,0.21000003814697266,-0.6999998092651367,1.3700008392333984,-2.5799999237060547,1.1800003051757812,0.8900012969970703,8.0,4.0,11-11,0.6400003433227539
08-29,1.5699996948242188,3.659999847412109,-0.869999885559082,0.9000005722045898,3.3199996948242188,-0.8800010681152344,0.09999942779541016,-0.6999998092651367,1.6000003814697266,-2.8199996948242188,1.010000228881836,0.720001220703125,8.0,4.0,11-12,0.6341667175292969
08-30,1.6599998474121094,3.659999847412109,-0.8999996185302734,0.880000114440918,3.399999618530273,-0.779998779296875,0.1099996566772461,-0.7200002670288086,1.3600006103515625,-2.790000915527344,0.9300003051757812,0.5799999237060547,8.0,4.0,11-13,0.6158333619435629
08-31,1.6599998474121094,3.59000015258789,-1.1000003814697266,0.8200006484985352,3.1099987030029297,-0.75,0.1099996566772461,-0.9200000762939452,1.230001449584961,-3.0699996948242188,0.9800004959106444,0.5799999237060547,8.0,4.0,11-14,0.5200000603993734
09-01,2.0,2.880000114440918,-0.7799997329711914,0.6500005722045898,3.0,-0.75,0.4200000762939453,-0.9099998474121094,0.989999771118164,-2.6599998474121094,1.0,0.3299999237060547,8.0,4.0,11-15,0.5141667524973551
09-02,1.9400005340576167,2.4499998092651367,-0.6099996566772461,0.6100006103515625,3.0,-0.75,0.0,-1.2799997329711914,1.1300010681152344,-2.59000015258789,1.0,0.05999946594238281,7.0,5.0,11-16,0.4133334954579671
09-03,2.09000015258789,2.34999942779541,0.07000064849853516,0.6100006103515625,3.0,-0.8500003814697266,-0.060000419616699226,-1.3400001525878906,1.3199996948242188,-2.59000015258789,1.0,0.6400012969970703,8.0,4.0,11-17,0.5200000603993734
09-04,1.9000005722045896,1.829999923706055,-0.14999961853027344,0.6100006103515625,2.80000114440918,-0.7599983215332031,0.039999961853027344,-1.4000005722045898,1.3199996948242188,-2.59000015258789,0.8199996948242188,0.9400005340576172,8.0,4.0,11-18,0.44666695594787603
09-05,1.6199998855590818,1.9600000381469729,-0.14999961853027344,0.4899997711181641,2.9400005340576167,-0.8499984741210938,0.010000228881835938,-1.4000005722045898,1.3199996948242188,-2.4699993133544917,0.8500003814697266,1.1000003814697266,8.0,4.0,11-19,0.4516669114430745
09-06,1.5,1.9600000381469729,-0.14999961853027344,0.2799997329711914,3.0699996948242188,-0.4799995422363281,0.11999988555908205,-1.4000005722045898,1.2999992370605469,-2.509998321533203,0.8400001525878906,1.1000003814697266,8.0,4.0,11-20,0.4691667556762695
09-07,1.5,1.9600000381469729,-0.7899999618530273,0.2200002670288086,2.990001678466797,-0.470001220703125,0.11999988555908205,-1.5399999618530271,1.2000007629394531,-2.450000762939453,0.8199996948242188,1.1000003814697266,8.0,4.0,11-21,0.38833340009053546
09-08,1.5,2.1700000762939453,-0.5999994277954102,0.2799997329711914,2.8700008392333984,-0.470001220703125,0.11999988555908205,-1.4700002670288086,1.279998779296875,-2.55000114440918,0.7100000381469727,1.1000003814697266,8.0,4.0,11-22,0.4116664727528889
09-09,1.1399993896484375,2.0799999237060547,-0.5299997329711914,0.3099994659423828,2.8700008392333984,-0.5300006866455078,0.2299995422363281,-1.1899995803833008,1.019998550415039,-2.820000648498535,0.7100000381469727,0.6900005340576172,8.0,4.0,11-23,0.3316664695739746
09-10,0.5299997329711914,2.0300006866455083,-0.3899993896484375,0.3099994659423828,2.540000915527344,-0.5300006866455078,0.15999984741210938,-1.2199993133544922,1.1599998474121094,-2.820000648498535,0.7699995040893555,0.7700004577636719,8.0,4.0,11-24,0.2758333683013916
09-11,0.5799999237060547,1.8500003814697263,-0.5299997329711914,0.08999919891357422,2.4699993133544917,-0.11999893188476562,0.05000019073486328,-1.119999885559082,1.1599998474121094,-2.810000419616699,0.7600002288818359,0.4899997711181641,8.0,4.0,11-25,0.2391666571299235
09-12,0.40000057220458973,1.5500001907348633,-0.5299997329711914,0.05000019073486328,2.3900012969970703,-0.029998779296875,0.07999992370605469,-1.119999885559082,1.170000076293945,-2.760000228881836,0.5900001525878906,0.5500011444091797,8.0,4.0,11-26,0.19500041007995605
09-13,0.4800004959106445,1.5500001907348633,-0.5900001525878906,0.15999984741210938,2.3699989318847656,-0.010000228881835938,-0.030000686645507806,-0.9400005340576172,1.3500003814697266,-3.039999961853028,0.619999885559082,0.5500011444091797,7.0,5.0,11-27,0.2058332761128744
09-14,0.4800004959106445,1.4400005340576172,-1.239999771118164,0.1700000762939453,1.969999313354492,0.05999946594238281,-0.030000686645507806,-1.0600004196166992,1.5599994659423828,-2.859999656677246,0.7299995422363281,0.5500011444091797,8.0,4.0,11-28,0.14749995867411295
09-15,0.4600000381469727,1.5299997329711914,-1.6899995803833008,0.13000011444091794,2.010000228881836,0.05999946594238281,-0.11999988555908205,-1.0699996948242188,1.489999771118164,-2.8299999237060547,0.8299999237060547,0.7600002288818359,8.0,4.0,11-29,0.13000003496805826
09-16,0.3099994659423828,1.329999923706055,-1.0599994659423828,0.2200002670288086,2.010000228881836,0.1100006103515625,0.06999969482421875,-0.8600006103515625,1.4699993133544922,-2.4699993133544917,0.8299999237060547,0.5699996948242188,9.0,3.0,11-30,0.21083331108093264
09-17,0.09000015258789062,1.1800003051757812,-0.630000114440918,0.2200002670288086,2.0699996948242188,0.25,0.05999946594238281,-0.9399995803833008,1.4699993133544922,-2.4699993133544917,0.8600006103515625,0.7100009918212891,9.0,3.0,12-01,0.2391668160756429
09-18,-0.2899999618530273,0.8199996948242188,0.10000038146972656,0.3200006484985352,1.9300003051757808,0.1700000762939453,0.2899999618530273,-0.8799991607666016,1.4699993133544922,-2.5,0.989999771118164,0.6100006103515625,9.0,3.0,12-02,0.2525001366933187
09-19,0.18000030517578125,1.0900001525878906,0.10000038146972656,0.5099992752075195,2.1599998474121094,0.1100006103515625,0.2299995422363281,-0.8799991607666016,1.3799991607666016,-2.539999008178711,0.8999996185302734,1.210000991821289,10.0,2.0,12-03,0.3708334763844808
09-20,0.2399997711181641,1.0900001525878906,-0.009999275207519531,0.7199993133544922,2.279998779296875,0.21000099182128906,0.1700000762939453,-1.0,1.4099998474121094,-2.779998779296875,0.8200006484985352,1.210000991821289,9.0,3.0,12-04,0.3633335431416829
09-21,0.2399997711181641,0.9700002670288086,0.3200006484985352,0.6400003433227539,2.1700000762939453,0.10000038146972656,0.1700000762939453,-1.0399999618530271,1.3900012969970703,-2.75,1.0699996948242188,1.210000991821289,10.0,2.0,12-05,0.3741669654846192
09-22,0.14999961853027344,1.1400003433227541,0.7299995422363281,0.8099994659423828,1.9099998474121092,0.10000038146972656,0.6099996566772461,-1.3400001525878906,1.1999988555908203,-2.4699993133544917,1.1500005722045898,1.1900005340576172,10.0,2.0,12-06,0.4316666126251221
09-23,0.34999942779541016,1.2899999618530271,0.9599990844726562,0.7600002288818359,1.9099998474121092,0.26999855041503906,0.630000114440918,-1.260000228881836,1.1800003051757812,-2.880000114440918,1.1500005722045898,1.239999771118164,10.0,2.0,12-07,0.4666664600372314
09-24,0.6099996566772461,1.0599994659423828,0.5799999237060547,0.7600002288818359,1.829999923706055,0.31999969482421875,0.7300004959106445,-1.0399999618530271,0.9600009918212892,-2.880000114440918,1.1500005722045898,1.270000457763672,10.0,2.0,12-08,0.4458334445953369
09-25,0.6900005340576172,1.0399999618530271,0.5,0.9500007629394532,1.920000076293945,0.9800014495849608,0.6800003051757812,-0.75,0.9600009918212892,-2.890000343322754,1.1800003051757812,1.3900012969970703,10.0,2.0,12-09,0.554167111714681
09-26,0.3599996566772461,1.0900001525878906,0.5,0.9600000381469728,1.8899993896484373,0.75,0.869999885559082,-0.75,1.0599994659423828,-3.080000877380371,1.25,1.170000076293945,10.0,2.0,12-10,0.5058331489562988
09-27,0.20999908447265625,1.0900001525878906,0.05999946594238281,0.9099998474121094,1.9300003051757808,0.9399986267089844,0.7699995040893555,-0.6599998474121094,1.1900005340576172,-3.359999656677246,1.1899995803833008,1.170000076293945,10.0,2.0,12-11,0.4533331394195557
09-28,0.20999908447265625,0.8999996185302734,-0.21000003814697266,1.1099996566772459,1.8099994659423828,0.8299999237060547,0.7699995040893555,-0.8099994659423828,1.1799983978271484,-3.070000648498535,1.2100000381469729,1.170000076293945,9.0,3.0,12-12,0.4249996344248454
09-29,0.2299995422363281,0.6800003051757812,-0.11999988555908205,0.9300003051757812,1.8600006103515625,0.8299999237060547,0.8199996948242188,-0.6600008010864258,0.9500007629394532,-3.3699989318847656,1.3600006103515625,1.1100006103515625,9.0,3.0,12-13,0.385000228881836
09-30,0.3200006484985352,0.5600004196166992,-0.009999275207519531,1.0500001907348633,1.8600006103515625,0.8299999237060547,0.8400001525878906,-1.0,1.020000457763672,-3.2799997329711914,1.3600006103515625,0.8900012969970703,9.0,3.0,12-14,0.3700004418690999
10-01,0.369999885559082,0.4600000381469727,0.19999980926513672,1.0500001907348633,1.7400016784667969,0.9699993133544922,0.3400001525878906,-0.7799997329711914,1.0900001525878906,-3.2799997329711914,1.5,0.6499996185302734,10.0,2.0,12-15,0.35916678110758465
10-02,0.5500001907348633,0.5799999237060547,-0.010000228881835938,0.9400005340576172,1.7000007629394531,0.5799999237060547,0.2299995422363281,-0.8499994277954102,1.0900001525878906,-3.039999961853028,1.920000076293945,0.8400001525878906,9.0,3.0,12-16,0.37750013669331867
10-03,0.39999961853027344,0.5200004577636719,-0.010000228881835938,0.8599996566772461,1.670000076293945,0.5300006866455078,0.060000419616699226,-0.8499994277954102,0.989999771118164,-3.1299991607666016,1.9099998474121092,0.4200000762939453,9.0,3.0,12-17,0.2808334827423096
10-04,0.4600000381469727,0.5200004577636719,-0.010000228881835938,0.630000114440918,1.730001449584961,0.5100002288818359,0.3100004196166992,-0.7999992370605469,0.9000015258789062,-3.2100000381469727,1.979999542236328,0.4200000762939453,9.0,3.0,12-18,0.2866670290629069
10-05,0.4600000381469727,0.26000022888183594,-0.2200002670288086,0.6800003051757812,1.6899986267089844,0.5900001525878906,0.3100004196166992,-0.8500003814697266,1.0600013732910156,-3.09999942779541,2.0299997329711914,0.4200000762939453,9.0,3.0,12-19,0.2775000731150309
10-06,0.21000003814697266,0.5999994277954102,-0.7699995040893555,0.8799991607666016,1.779998779296875,0.5900001525878906,0.1700000762939453,-0.6999998092651367,1.260000228881836,-2.8500003814697266,2.0599994659423833,0.6700000762939453,9.0,3.0,12-20,0.3249998092651367
10-07,-0.010000228881835938,0.4099998474121094,-0.8600006103515625,0.9200000762939452,1.779998779296875,0.6700000762939453,0.2899999618530273,-0.7299995422363281,1.3099994659423828,-2.9700002670288086,2.0599994659423833,0.31999969482421875,8.0,4.0,12-21,0.26583305994669604
10-08,-0.39999961853027344,0.25999927520751953,-1.0,0.9200000762939452,1.8999996185302732,1.0,0.10000038146972656,-0.8000001907348633,1.279998779296875,-2.9700002670288086,2.239999771118164,0.2800006866455078,8.0,4.0,12-22,0.2341665426890055
10-09,-0.3400001525878906,0.5900001525878906,-1.0399999618530271,1.0900001525878906,1.920000076293945,1.380000114440918,-0.11999988555908205,-0.7600002288818359,1.279998779296875,-2.890000343322754,1.9299993515014648,0.2700004577636719,7.0,5.0,12-23,0.2758332093556722
10-10,-0.4899997711181641,0.5900001525878906,-1.0399999618530271,1.159998893737793,1.7999992370605469,2.039999961853028,-0.14999961853027344,-0.7600002288818359,1.279998779296875,-2.439999580383301,1.9600000381469729,0.10000038146972656,7.0,5.0,12-24,0.3374998569488525
10-11,-0.4899997711181641,0.5900001525878906,-1.0900001525878906,0.9499988555908204,1.6800003051757812,2.399999618530273,-0.14999961853027344,-0.5900001525878906,1.239999771118164,-2.1500005722045903,1.6499996185302734,0.10000038146972656,7.0,5.0,12-25,0.3449998696645101
10-12,-0.4899997711181641,0.5200004577636719,-1.25,0.7899999618530273,2.3500003814697266,2.4699993133544917,-0.14999961853027344,-0.4600000381469727,1.3199996948242188,-2.4200010299682617,1.760000228881836,0.10000038146972656,7.0,5.0,12-26,0.37833333015441895
10-13,-0.5600004196166992,0.3599996566772461,-1.1000003814697266,0.6900005340576172,2.520000457763672,2.4699993133544917,-0.029999732971191406,-0.25,1.1300010681152344,-2.260000228881836,1.75,0.3400001525878906,7.0,5.0,12-27,0.4216667016347249
10-14,-0.7399997711181641,0.2400007247924805,-1.2799997329711914,0.7399997711181641,2.520000457763672,2.429999351501465,0.1099996566772461,-0.1700000762939453,1.170000076293945,-1.9300003051757808,1.75,0.220001220703125,8.0,4.0,12-28,0.4216667811075847
10-15,-0.7199993133544922,0.34999942779541016,-0.8599996566772461,0.7399997711181641,2.3800010681152344,2.840001106262207,0.09000015258789062,-0.09000015258789062,1.1800003051757812,-1.9300003051757808,1.5399999618530271,0.5799999237060547,8.0,4.0,12-29,0.5083335240681967
10-16,-0.630000114440918,0.2700004577636719,-1.6499996185302734,0.4299993515014648,2.5599994659423833,3.0199995040893555,0.1099996566772461,-0.8100004196166992,1.1800003051757812,-2.34000015258789,1.579999923706055,0.2800006866455078,8.0,4.0,12-30,0.33333325386047363
10-17,-0.8000001907348633,0.26000022888183594,-1.6499996185302734,-0.2299995422363281,-1.8600006103515625,-1.2199993133544922,-0.4399995803833008,-0.8100004196166992,1.1599998474121094,-2.210000991821289,1.3000001907348633,0.4200000762939453,4.0,8.0,12-31,-0.5066666603088379
10-18,-0.8000001907348633,0.26000022888183594,-1.920000076293945,-0.2299995422363281,-2.270000457763672,-1.4399995803833008,-0.4399995803833008,-0.9100008010864258,0.9600009918212892,-2.05000114440918,1.2300004959106443,0.4200000762939453,4.0,8.0,01-01,-0.5991666316986084
10-19,-0.8000001907348633,0.5699996948242188,-1.5999994277954102,-0.3400001525878906,-2.389999389648437,-1.6800003051757812,-0.4399995803833008,-0.9300003051757812,0.5699996948242188,-5.0,0.9299993515014648,0.4200000762939453,4.0,8.0,01-02,-0.8908333778381348
10-20,-0.7600002288818359,0.4400005340576172,-1.6200008392333984,-0.010000228881835938,-2.389999389648437,-1.6800003051757812,-0.5799999237060547,-0.9099998474121094,0.7399997711181641,-4.7300004959106445,1.1599998474121094,0.31999969482421875,4.0,8.0,01-03,-0.8350001176198324
10-21,-0.75,0.35000038146972656,-1.8500003814697263,0.15999984741210938,-2.389999389648437,-1.9400005340576167,-0.7100000381469727,-0.6800003051757812,0.8600006103515625,-4.510000228881836,1.1599998474121094,0.5100002288818359,5.0,7.0,01-04,-0.8158333301544191
10-22,-0.7600002288818359,0.3900003433227539,-1.5,0.15999984741210938,-2.789999008178711,-1.9399995803833008,-0.7200002670288086,-0.630000114440918,1.0700016021728516,-4.510000228881836,1.2000007629394531,0.470001220703125,5.0,7.0,01-05,-0.7966663042704264
10-23,-0.2899999618530273,0.31999969482421875,-1.5900001525878906,0.4600000381469727,-3.479999542236328,-2.479999542236328,-1.1099996566772459,-0.5699996948242188,1.0700016021728516,-4.200000762939453,1.3100004196166992,0.5300006866455078,5.0,7.0,01-06,-0.8358330726623535
10-24,-0.09000015258789062,0.13000011444091794,-1.5900001525878906,0.4499998092651367,-3.779998779296875,-2.8500003814697266,-1.0899991989135742,-0.5699996948242188,1.0,-3.8099994659423833,1.130000114440918,1.0699996948242188,5.0,7.0,01-07,-0.8333331743876139
10-25,0.09000015258789062,0.13000011444091794,-1.6199998855590818,0.2699995040893555,-3.670000076293945,-2.5799999237060547,-1.3199996948242188,-0.5599994659423828,1.529998779296875,-3.75999927520752,1.2100000381469729,1.0699996948242188,6.0,6.0,01-08,-0.7675000031789144
10-26,0.09000015258789062,0.15000057220458984,-1.739999771118164,0.21000003814697266,-3.4699993133544917,-2.4900007247924805,-1.3199996948242188,-0.3599996566772461,1.7099990844726562,-3.390000343322754,1.1600008010864258,1.0699996948242188,6.0,6.0,01-09,-0.6983332633972168
10-27,0.40000057220458973,0.21000003814697266,-2.7199993133544917,0.009999275207519531,-3.5799999237060547,-2.4900007247924805,-1.3500003814697266,-0.2999992370605469,1.6399993896484375,-3.4800004959106445,1.260000228881836,1.170000076293945,6.0,6.0,01-10,-0.7691667079925537
10-28,1.0099992752075195,0.09000015258789062,-2.289999961853028,0.06999969482421875,-3.5799999237060547,-2.7200002670288086,-1.6899995803833008,-0.4200000762939453,1.6499996185302734,-3.1900005340576167,1.260000228881836,1.8500003814697263,6.0,6.0,01-11,-0.6633334159851074
10-29,0.8400001525878906,-0.01999950408935547,-1.489999771118164,0.06999969482421875,-3.5300006866455083,-2.580000877380371,-1.770000457763672,-0.2899999618530273,1.5900001525878906,-3.1900005340576167,1.25,1.6200008392333984,5.0,7.0,01-12,-0.6250000794728597
10-30,1.510000228881836,-0.10000038146972656,-1.5299997329711914,0.06999969482421875,-3.650001525878906,-2.539999961853028,-1.8599996566772459,-0.21000003814697266,1.5900001525878906,-3.130000114440918,1.25,1.770000457763672,5.0,7.0,01-13,-0.5691667397816976
10-31,1.2000007629394531,0.19999980926513672,-1.5299997329711914,0.4399995803833008,-3.5799999237060547,-2.820000648498535,-2.0700006484985347,-0.21000003814697266,1.520000457763672,-3.3700008392333984,1.3000001907348633,1.5500011444091797,6.0,6.0,01-14,-0.6141666571299235
11-01,1.3200006484985352,0.19999980926513672,-1.0,0.35000038146972656,-3.4899997711181636,-2.5199995040893555,-2.2300004959106445,-0.18000030517578125,1.260000228881836,-3.4899997711181636,1.010000228881836,1.5500011444091797,6.0,6.0,01-15,-0.6016664505004883
11-02,1.3200006484985352,0.020000457763671875,-1.130000114440918,0.6099996566772461,-3.2600002288818364,-2.5599994659423833,-2.2300004959106445,-0.039999961853027344,1.5699996948242188,-3.6299991607666016,0.8599996566772461,1.5500011444091797,6.0,6.0,01-16,-0.576666514078776
11-03,1.380000114440918,-0.010000228881835938,-1.4600000381469729,0.7100000381469727,-3.0300006866455083,-2.5599994659423833,-2.1500005722045903,-0.07000064849853516,1.75,-3.770000457763672,0.9499998092651368,1.1800003051757812,5.0,7.0,01-17,-0.5900001525878906
11-04,1.2300004959106443,-0.06999969482421875,-1.3000001907348633,0.5700006484985352,-3.0300006866455083,-2.489999771118164,-1.9800004959106443,0.10000038146972656,1.8999996185302732,-3.740000724792481,0.9499998092651368,0.8100013732910156,6.0,6.0,01-18,-0.5874999364217123
11-05,0.8999996185302734,0.05000114440917969,-1.0500001907348633,0.5700006484985352,-2.8600006103515625,-2.649999618530273,-1.8699998855590818,-0.01999950408935547,1.9400005340576167,-3.740000724792481,1.0500001907348633,0.4200000762939453,6.0,6.0,01-19,-0.6049998601277671
11-06,0.9200000762939452,0.3600006103515625,-0.7700004577636719,0.6400003433227539,-3.0300006866455083,-2.580000877380371,-2.4700002670288086,0.020000457763671875,1.9400005340576167,-3.630000114440918,1.0900001525878906,0.3400001525878906,7.0,5.0,01-20,-0.5975000063578287
11-07,0.3200006484985352,0.2700004577636719,-0.7700004577636719,0.8900003433227539,-2.889999389648437,-2.4900007247924805,-2.180000305175781,0.020000457763671875,2.0699996948242188,-3.769999504089356,1.0699996948242188,-0.18000030517578125,6.0,6.0,01-21,-0.6366666158040365
11-08,-0.010000228881835938,0.2700004577636719,-1.079999923706055,1.0899991989135742,-2.760000228881836,-2.7200002670288086,-2.430000305175781,0.010000228881835938,2.139999389648437,-3.659999847412109,1.1899995803833008,-0.18000030517578125,5.0,7.0,01-22,-0.6783335208892822
11-09,-0.010000228881835938,0.4099998474121094,-0.26000022888183594,1.3899993896484375,-2.59000015258789,-2.479999542236328,-2.430000305175781,-0.010000228881835938,2.520000457763672,-3.34999942779541,1.1599998474121094,-0.18000030517578125,4.0,8.0,01-23,-0.4858334064483642
11-10,0.09999942779541016,0.3900003433227539,-0.4099998474121094,1.4000005722045898,-2.649999618530273,-2.479999542236328,-2.4099998474121094,0.26000022888183594,2.59000015258789,-3.109999656677246,1.2699995040893557,-0.10000038146972656,6.0,6.0,01-24,-0.4291665554046631
11-11,-0.2700004577636719,0.5800008773803711,-0.6100006103515625,1.4700002670288086,-2.649999618530273,-2.59000015258789,-2.369999885559082,0.31999969482421875,2.649999618530273,-2.789999961853028,1.2699995040893557,0.04000091552734375,6.0,6.0,01-25,-0.412499984105428
11-12,-0.4899997711181641,0.9600000381469728,-0.3000001907348633,1.4700002670288086,-2.6299991607666016,-2.549999237060547,-1.9399995803833008,0.6599998474121094,2.6200008392333984,-2.789999961853028,1.2699995040893557,0.18000030517578125,6.0,6.0,01-26,-0.2949997584025065
11-13,-0.4699993133544922,0.7399997711181641,-0.15000057220458984,1.6000003814697266,-2.59000015258789,-2.749999046325684,-1.7199993133544922,0.8899993896484375,2.6200008392333984,-2.859999656677246,1.1599998474121094,-0.10000038146972656,5.0,7.0,01-27,-0.3024998505910237
11-14,-0.7800006866455078,1.1800003051757812,-0.15000057220458984,1.7100000381469729,-3.1400012969970703,-2.720001220703125,-1.520000457763672,0.8899993896484375,2.5799999237060547,-3.0599994659423833,1.1500005722045898,0.0,5.0,7.0,01-28,-0.32166695594787603
11-15,-0.8500003814697266,1.1800003051757812,-0.1100006103515625,2.1599998474121094,-3.479999542236328,-2.55000114440918,-1.5700006484985352,0.9099998474121094,2.210000991821289,-2.6700000762939453,0.7100000381469727,0.0,5.0,7.0,01-29,-0.3383334477742513
11-16,-0.8500003814697266,1.75,0.21000003814697266,2.05000114440918,-3.5599994659423833,-2.6400012969970703,-1.5700006484985352,0.9000005722045898,1.960000991821289,-2.600001335144043,0.8900003433227539,0.0,6.0,6.0,01-30,-0.2883333365122477
11-17,-0.8199996948242188,1.8599996566772459,0.6400003433227539,1.9800004959106443,-3.509998321533203,-2.6400012969970703,-1.6300001144409182,0.9200000762939452,1.7000007629394531,-2.3799991607666016,0.9300003051757812,0.0,6.0,6.0,01-31,-0.2458330790201823
11-18,-0.8299999237060547,1.4900007247924805,0.5299997329711914,1.9100008010864256,-3.509998321533203,-2.810001373291016,-1.829999923706055,0.8600006103515625,1.230001449584961,-2.359999656677246,0.9300003051757812,0.0,6.0,6.0,02-01,-0.3658329645792643
11-19,-0.7600002288818359,1.4200010299682615,1.0699996948242188,1.9100008010864256,-3.5,-2.479999542236328,-1.8800001144409182,0.8099994659423828,1.329999923706055,-2.359999656677246,0.8600006103515625,0.0,6.0,5.0,02-02,-0.2983331680297852
11-20,-0.26000022888183594,1.7300004959106443,1.5099992752075195,1.8800010681152344,-3.389999389648437,-3.0799989700317383,-1.8800001144409182,0.869999885559082,1.329999923706055,-2.09000015258789,0.8400001525878906,0.0,6.0,5.0,02-03,-0.21166650454203287
11-21,-0.3100004196166992,1.6199998855590818,1.5099992752075195,1.8599996566772459,-3.670000076293945,-3.2300004959106445,-1.7800006866455078,0.869999885559082,1.1899986267089844,-2.2599992752075195,0.5699996948242188,0.0,6.0,5.0,02-04,-0.30250032742818195
11-22,-0.35000038146972656,1.6199998855590818,1.6499996185302734,1.7799997329711914,-4.260000228881837,-3.180000305175781,-1.75,0.7700004577636719,1.4499988555908203,-2.1300001144409184,0.7200002670288086,0.0,6.0,5.0,02-05,-0.3066668510437012
11-23,-0.35000038146972656,1.920000076293945,2.0599994659423833,1.5899991989135742,-4.319999694824219,-3.3600006103515625,-1.75,0.8000001907348633,0.8100013732910156,-2.0600004196166988,0.9700002670288086,0.0,6.0,5.0,02-06,-0.30750004450480145
11-24,-0.4300003051757813,1.8099994659423828,2.3199996948242188,1.720001220703125,-4.319999694824219,-3.3600006103515625,-1.6399993896484375,0.8400001525878906,-0.15999984741210938,-2.1599998474121094,1.1499996185302734,0.0,5.0,6.0,02-07,-0.3524999618530273
11-25,-1.0999994277954102,1.9600000381469729,2.289999961853028,1.520000457763672,-4.319999694824219,-3.430000305175781,-1.8599996566772459,0.6099996566772461,0.3400001525878906,-2.1100006103515625,1.1499996185302734,0.0,6.0,5.0,02-08,-0.412499984105428
11-26,-1.25,2.0800008773803706,1.7799997329711914,1.520000457763672,-4.3600006103515625,-3.140000343322754,-2.1099996566772456,0.619999885559082,-0.07999992370605469,-2.1100006103515625,1.0499992370605469,0.0,5.0,6.0,02-09,-0.5000000794728597
11-27,-1.3999996185302734,2.380000114440918,1.8199996948242188,1.5,-4.200000762939453,-3.320000648498535,-2.5099992752075195,0.619999885559082,-0.07999992370605469,-2.0700006484985347,0.8999996185302734,0.0,5.0,6.0,02-10,-0.5300001303354899
11-28,-0.9300003051757812,2.2799997329711914,1.8199996948242188,1.489999771118164,-4.1499996185302725,-3.520000457763672,-2.859999656677246,0.619999885559082,-0.15999984741210938,-2.660000801086426,0.7200002670288086,0.0,5.0,6.0,02-11,-0.6125001112620035
11-29,-0.9399995803833008,2.2799997329711914,1.760000228881836,1.3600006103515625,-4.0900001525878915,-3.3500003814697266,-2.75,0.6499996185302734,-0.4200000762939453,-2.7200002670288086,0.7300004959106445,0.0,5.0,6.0,02-12,-0.6241666475931803
11-30,-0.9399995803833008,2.4600000381469727,1.119999885559082,1.3300008773803709,-3.670000076293945,-3.3800010681152344,-2.75,0.6799993515014648,-0.7099990844726562,-2.820000648498535,0.9499998092651368,0.0,5.0,6.0,02-13,-0.6441667079925537
12-01,-1.2100000381469729,2.1400003433227544,0.979999542236328,1.479999542236328,-3.4899997711181636,-3.3800010681152344,-2.789999961853028,0.7699995040893555,-0.5500011444091797,-2.8000001907348637,1.0199995040893557,0.0,5.0,6.0,02-14,-0.65250031153361
12-02,-1.2699995040893557,2.0699996948242188,1.0500001907348633,1.5900001525878906,-3.4899997711181636,-3.430000305175781,-2.7300004959106445,0.8599996566772461,-0.5199985504150391,-2.7200002670288086,1.0199995040893557,0.0,5.0,6.0,02-15,-0.6308333079020182
12-03,-1.1999998092651367,1.8400001525878904,0.7900009155273438,1.5900001525878906,-3.270000457763672,-3.3199996948242188,-2.7400007247924805,0.869999885559082,-0.1399993896484375,-2.7200002670288086,0.9700002670288086,0.0,5.0,6.0,02-16,-0.6108332475026449
12-04,-1.3000001907348633,1.7500009536743164,0.7600002288818359,1.5800008773803709,-3.0100002288818364,-3.049999237060547,-2.84000015258789,0.8999996185302734,-0.1399993896484375,-2.3099994659423833,0.8899993896484375,0.0,5.0,6.0,02-17,-0.5641664663950602
12-05,-1.1100006103515625,1.9000005722045896,0.7600002288818359,1.6300001144409182,-2.790000915527344,-3.090001106262207,-2.8000001907348637,0.8999996185302734,-0.07999992370605469,-2.0799999237060547,0.7699995040893555,0.0,5.0,6.0,02-18,-0.4991668860117594
12-06,-1.0600004196166992,1.9000005722045896,0.9600000381469728,1.5199995040893557,-2.639999389648437,-2.899999618530273,-2.3500003814697266,0.869999885559082,0.1399993896484375,-2.010000228881836,0.6600008010864258,0.0,6.0,5.0,02-19,-0.4091666539510091
12-07,-1.0600004196166992,1.9000005722045896,1.0399999618530271,1.5500001907348633,-2.730001449584961,-2.799999237060547,-2.3500003814697266,0.5799999237060547,0.2999992370605469,-1.479999542236328,0.6499996185302734,0.0,6.0,5.0,02-20,-0.3666667938232422
12-08,-0.8500003814697266,1.8500003814697263,1.5999994277954102,1.7999992370605469,-2.680000305175781,-2.799999237060547,-2.3500003814697266,0.5399999618530273,0.7800006866455078,-1.3400001525878906,0.7300004959106445,0.0,6.0,5.0,02-21,-0.22666668891906736
12-09,-0.5399999618530273,2.1400003433227544,1.3799991607666016,1.6900005340576172,-2.680000305175781,-2.799999237060547,-2.1599998474121094,0.4700002670288086,0.529998779296875,-1.2899999618530271,0.7300004959106445,0.0,6.0,5.0,02-22,-0.21083331108093264
12-10,-0.5600004196166992,1.9099988937377932,2.0899991989135738,1.6900005340576172,-2.639999389648437,-2.65000057220459,-2.380000114440918,0.5699996948242188,0.5699996948242188,-1.2899999618530271,0.7000007629394531,0.0,6.0,5.0,02-23,-0.1658334732055664
12-11,-0.5299997329711914,1.4600000381469729,2.039999961853028,1.6300001144409182,-2.790000915527344,-2.5699996948242188,-1.7899999618530271,0.6799993515014648,0.5699996948242188,-1.1800003051757812,0.4699993133544922,0.0,6.0,5.0,02-24,-0.16750017801920572
12-12,-0.7700004577636719,1.4000005722045898,2.039999961853028,1.2000007629394531,-3.1200008392333984,-1.960000991821289,-1.829999923706055,0.6799993515014648,0.5499992370605469,-1.369999885559082,0.3099994659423828,0.0,6.0,5.0,02-25,-0.2391668955485026
12-13,-0.6700000762939453,1.4000005722045898,2.1900005340576167,1.3499994277954102,-3.0599994659423833,-1.670000076293945,-1.959999084472656,0.5299997329711914,0.5499992370605469,-1.25,-0.39999961853027344,0.0,5.0,6.0,02-26,-0.24916656812032065
12-14,-0.6700000762939453,1.3100004196166992,2.430000305175781,1.010000228881836,-3.200000762939453,-1.7000007629394531,-1.959999084472656,0.630000114440918,0.5899982452392578,-1.0,-0.8999996185302734,0.0,5.0,6.0,02-27,-0.2883334159851074
12-15,-0.6499996185302734,1.2200002670288086,2.640000343322754,1.0599994659423828,-3.1900005340576167,-1.7000007629394531,-2.149999618530273,0.4899997711181641,0.4599990844726562,-0.7600002288818359,-0.9099998474121094,0.0,5.0,6.0,02-28,-0.2908334732055664
12-16,-1.0600004196166992,1.2200002670288086,2.619999885559082,1.1199989318847656,-3.1900005340576167,-1.670000076293945,-2.239999771118164,0.5299997329711914,0.04999923706054688,-0.75,-0.9099998474121094,0.0,5.0,6.0,03-01,-0.35666688283284503
12-17,-0.7699995040893555,1.670000076293945,2.739999771118164,1.1199989318847656,-3.1299991607666016,-1.729999542236328,-2.25,0.6599998474121094,-0.04000091552734375,-0.75,-0.9600000381469728,0.0,4.0,7.0,03-02,-0.2866667111714681
12-18,-0.5799999237060547,1.579999923706055,2.619999885559082,1.0,-3.2199993133544917,-1.950000762939453,-2.1300001144409184,0.7599992752075195,-0.04000091552734375,-0.5500001907348633,-1.3099994659423828,0.0,4.0,7.0,03-03,-0.3183334668477376
12-19,-0.4600000381469727,1.8199996948242188,2.619999885559082,1.0300006866455078,-3.2399997711181636,-1.760000228881836,-1.7899999618530271,0.7599992752075195,-0.12000083923339845,-0.3900003433227539,-1.729999542236328,0.0,4.0,7.0,03-04,-0.2716667652130127
12-20,-0.2799997329711914,1.8199996948242188,2.139999389648437,0.8100013732910156,-3.459999084472656,-2.289999961853028,-1.7899999618530271,0.7299995422363281,-0.4200000762939453,-0.31999969482421875,-1.4600000381469729,0.0,4.0,7.0,03-05,-0.3766665458679199
12-21,-0.2799997329711914,1.6299991607666016,2.369999885559082,0.8299999237060547,-4.1000003814697275,-2.399999618530273,-1.7899999618530271,0.5799999237060547,-0.7199993133544922,-0.14999961853027344,-1.4700002670288086,0.0,4.0,7.0,03-06,-0.4583333333333333
12-22,-0.2899999618530273,1.670000076293945,2.0799999237060547,1.079999923706055,-4.069999694824219,-2.399999618530273,-1.8500003814697263,0.6099996566772461,-0.4899997711181641,-0.14999961853027344,-0.9400005340576172,0.0,4.0,7.0,03-07,-0.3958333333333333
12-23,-0.35000038146972656,1.5499992370605469,1.8900003433227541,1.2099990844726562,-4.069999694824219,-2.4699993133544917,-1.9399995803833008,0.3900003433227539,-0.4300003051757813,-0.19999980926513672,-0.9400005340576172,0.0,4.0,7.0,03-08,-0.4466667175292969
12-24,-0.060000419616699226,1.4099998474121094,1.1399993896484375,1.2099990844726562,-4.239999771118163,-2.570000648498535,-1.7799997329711914,0.4400005340576172,-0.11999893188476562,-0.19999980926513672,-0.9300003051757812,0.0,4.0,7.0,03-09,-0.4750000635782878
12-26,0.04999923706054688,1.3999996185302734,1.1499996185302734,1.2900009155273438,-4.3600006103515625,-2.9399995803833012,-1.920000076293945,0.4400005340576172,-0.11999893188476562,-0.75,-1.5399999618530271,0.0,5.0,6.0,03-11,-0.6083332697550455
12-27,0.1399993896484375,1.3999996185302734,1.1499996185302734,1.8199996948242188,-0.3600006103515625,0.7299995422363281,-1.920000076293945,0.4400005340576172,-0.09000015258789062,-0.7100000381469727,-2.4200000762939453,0.0,6.0,5.0,03-12,0.014999787012736004
12-28,0.1399993896484375,1.3699989318847656,2.4099998474121094,1.9600000381469729,-0.4200000762939453,0.8499994277954102,-1.920000076293945,1.2000007629394531,0.75,2.0,-1.9499998092651367,0.0,8.0,3.0,03-13,0.5324998696645101
12-29,0.2399997711181641,0.9099998474121094,2.3700008392333984,1.8400001525878904,-0.6399993896484375,0.8499994277954102,-1.2300004959106443,1.119999885559082,0.779998779296875,2.010000228881836,-2.6999998092651367,0.0,8.0,3.0,03-14,0.4624999364217122
12-30,0.39999961853027344,0.7699995040893555,2.369999885559082,1.6800003051757812,-0.6399993896484375,1.0900001525878906,-1.25,1.0399999618530271,0.3800010681152344,2.2200002670288086,-2.6999998092651367,0.0,8.0,3.0,03-15,0.44666679700215656
12-31,0.4499998092651367,0.4999990463256836,2.0299997329711914,1.6800003051757812,-0.6399993896484375,1.170000076293945,-1.0399999618530271,1.020000457763672,0.5699996948242188,2.2200002670288086,-2.930000305175781,0.0,8.0,3.0,03-16,0.4191666444142659
