,2010,2011,2012,2013,2014,2015,2016,2017,2018,2019,2020,ups,downs,end_day_sum,avg
01-02,0.0,-0.3000001907348633,0.23000001907348636,0.0,0.0,0.0,0.0,0.0,0.0,0.0,-0.009999999776482582,1.0,9.0,03-17,-0.0072727428579872294
01-03,0.0,-0.3000001907348633,0.23000001907348636,0.0,0.0,0.0,0.0,0.0,0.0,0.0,-0.009999999776482582,1.0,9.0,03-18,-0.0072727428579872294
01-04,0.0,-0.3000001907348633,0.19999980926513672,0.0,0.0,0.0,0.0,0.0,0.0,0.0,-0.009999999776482582,1.0,9.0,03-19,-0.010000034658746286
01-05,0.0,-0.309999942779541,-0.5100002288818359,0.0,0.0,0.0,0.0,0.0,0.0,0.0,-0.009999999776482582,0.0,10.0,03-20,-0.07545456103980541
01-06,0.0,-0.380000114440918,-0.5,0.0,0.0,0.0,0.0,0.0,0.0,0.0,-0.009999999776482582,0.0,10.0,03-21,-0.08090910129249096
01-07,0.0,-0.3900003433227539,-0.5,0.0,0.0,0.0,0.0,0.0,0.0,0.0,-0.009999999776482582,0.0,10.0,03-22,-0.08181821300902149
01-08,0.0,-0.3899998664855957,-0.6500000953674316,0.0,0.0,0.0,0.0,0.0,0.0,0.0,-0.009999999776482582,0.0,10.0,03-23,-0.09545454196631907
01-09,0.0,-0.23000001907348636,-0.6500000953674316,0.0,0.0,0.0,0.0,0.0,0.0,0.0,-0.009999999776482582,0.0,10.0,03-24,-0.08090910129249096
01-10,0.0,-0.23000001907348636,-0.6500000953674316,0.0,0.0,0.0,0.0,0.0,0.0,0.0,-0.009999999776482582,0.0,10.0,03-25,-0.08090910129249096
01-11,0.0,-0.2799997329711914,-0.6500000953674316,0.0,0.0,0.0,0.0,0.0,0.0,0.0,-0.009999999776482582,0.0,10.0,03-26,-0.08545452982864597
01-12,0.0,-0.19999980926513672,-0.6500000953674316,0.0,0.0,0.0,0.0,0.0,0.0,0.0,-0.009999999776482582,0.0,10.0,03-27,-0.07818180949173191
01-13,0.0,-0.31999969482421875,-0.6500000953674316,0.0,0.0,0.0,0.0,0.0,0.0,0.0,-0.009999999776482582,0.0,10.0,03-28,-0.089090889997103
01-14,0.0,-0.4199995994567871,-0.6500000953674316,0.0,0.0,0.0,0.0,0.0,0.0,0.0,-0.009999999776482582,0.0,10.0,03-29,-0.09818179041824557
01-15,0.0,-0.059999942779541016,-0.6500000953674316,0.0,0.0,0.0,0.0,0.0,0.0,0.0,-0.009999999776482582,0.0,10.0,03-30,-0.0654545489021323
01-16,0.0,-0.059999942779541016,-0.6500000953674316,0.0,0.0,0.0,0.0,0.0,0.0,0.0,-0.009999999776482582,0.0,10.0,03-31,-0.0654545489021323
01-17,0.0,-0.059999942779541016,-0.6500000953674316,0.0,0.0,0.0,0.0,0.0,0.0,0.0,-0.009999999776482582,0.0,10.0,04-01,-0.0654545489021323
01-18,0.0,-0.059999942779541016,-0.6500000953674316,0.0,0.0,0.0,0.0,0.0,0.0,0.0,-0.009999999776482582,0.0,10.0,04-02,-0.0654545489021323
01-19,0.0,0.4399995803833008,-0.6500000953674316,0.0,0.0,0.0,0.0,0.0,0.0,0.0,-0.009999999776482582,1.0,9.0,04-03,-0.020000046796419403
01-20,0.0,0.7899999618530273,-0.6500000953674316,0.0,0.0,0.0,0.0,0.0,0.0,0.0,-0.009999999776482582,1.0,9.0,04-04,0.011818169700828466
01-21,0.0,0.7599997520446777,-0.6500000953674316,0.0,0.0,0.0,0.0,0.0,0.0,0.0,-0.009999999776482582,1.0,9.0,04-05,0.009090877900069409
01-22,0.0,1.119999885559082,-0.6500000953674316,0.0,0.0,0.0,0.0,0.0,0.0,0.0,-0.009999999776482582,1.0,9.0,04-06,0.041818162765015265
01-23,0.0,1.0599999427795408,-0.6500000953674316,0.0,0.0,0.0,0.0,0.0,0.0,0.0,-0.009999999776482582,1.0,9.0,04-07,0.03636362251232971
01-24,0.0,1.0599999427795408,-0.6500000953674316,0.0,0.0,0.0,0.0,0.0,0.0,0.0,-0.009999999776482582,1.0,9.0,04-08,0.03636362251232971
01-25,0.0,1.0,-0.6500000953674316,0.0,0.0,0.0,0.0,0.0,0.0,0.0,-0.009999999776482582,1.0,9.0,04-09,0.03090908225964416
01-26,0.0,0.9500002861022948,-0.6500000953674316,0.0,0.0,0.0,0.0,0.0,0.0,0.0,-0.009999999776482582,1.0,9.0,04-10,0.026363653723489155
01-27,0.0,0.9600000381469728,-0.6500000953674316,0.0,0.0,0.0,0.0,0.0,0.0,0.0,-0.009999999776482582,1.0,9.0,04-11,0.02727272209118713
01-28,0.0,0.9499998092651368,-0.6500000953674316,0.0,0.0,0.0,0.0,0.0,0.0,0.0,-0.009999999776482582,1.0,9.0,04-12,0.02636361037465659
01-29,0.0,0.9000000953674316,-0.6500000953674316,0.0,0.0,0.0,0.0,0.0,0.0,0.0,-0.009999999776482582,1.0,9.0,04-13,0.021818181838501583
01-30,0.0,1.0,-0.6500000953674316,0.0,0.0,0.0,0.0,0.0,0.0,0.0,-0.009999999776482582,1.0,9.0,04-14,0.03090908225964416
01-31,0.0,1.0,-0.6500000953674316,0.0,0.0,0.0,0.0,0.0,0.0,0.0,-0.009999999776482582,1.0,9.0,04-15,0.03090908225964416
02-01,0.0,0.9600000381469728,-0.6500000953674316,0.0,0.0,0.0,0.0,0.0,0.0,0.0,-0.009999999776482582,1.0,9.0,04-16,0.02727272209118713
02-02,0.0,1.0099997520446775,-0.6500000953674316,0.0,0.0,0.0,0.0,0.0,0.0,0.0,-0.009999999776482582,1.0,9.0,04-17,0.03181815062734214
02-03,0.0,0.8899998664855957,-0.6500000953674316,0.0,0.0,0.0,0.0,0.0,0.0,0.0,-0.009999999776482582,1.0,9.0,04-18,0.020909070121971043
02-04,0.0,0.8199996948242188,-0.6500000953674316,0.0,0.0,0.0,0.0,0.0,0.0,0.0,-0.009999999776482582,1.0,9.0,04-19,0.014545418152754955
02-05,0.0,0.8099999427795409,-0.6500000953674316,0.0,0.0,0.0,0.0,0.0,0.0,0.0,-0.009999999776482582,1.0,9.0,04-20,0.013636349785056982
02-06,0.0,0.8099999427795409,-0.6500000953674316,0.0,0.0,0.0,0.0,0.0,0.0,0.0,-0.009999999776482582,1.0,9.0,04-21,0.013636349785056982
02-07,0.0,0.8099999427795409,-0.6500000953674316,0.0,0.0,0.0,0.0,0.0,0.0,0.0,-0.009999999776482582,1.0,9.0,04-22,0.013636349785056982
02-08,0.0,1.0,-0.6500000953674316,0.0,0.0,0.0,0.0,0.0,0.0,0.0,-0.009999999776482582,1.0,9.0,04-23,0.03090908225964416
02-09,0.0,0.9699997901916504,-0.6500000953674316,0.0,0.0,0.0,0.0,0.0,0.0,0.0,-0.009999999776482582,1.0,9.0,04-24,0.028181790458885105
02-10,0.0,0.8599996566772461,-0.6500000953674316,0.0,0.0,0.0,0.0,0.0,0.0,0.0,-0.009999999776482582,1.0,9.0,04-25,0.018181778321211987
02-11,0.0,0.8000001907348633,-0.6500000953674316,0.0,0.0,0.0,0.0,0.0,0.0,0.0,-0.009999999776482582,1.0,9.0,04-26,0.012727281417359005
02-12,0.0,0.9199995994567872,-0.6500000953674316,0.0,0.0,0.0,0.0,0.0,0.0,0.0,-0.009999999776482582,1.0,9.0,04-27,0.02363631857389753
02-13,0.0,0.9399995803833008,-0.6500000953674316,0.0,0.0,0.0,0.0,0.0,0.0,0.0,-0.009999999776482582,1.0,9.0,04-28,0.02545449865812605
02-14,0.0,0.9399995803833008,-0.6500000953674316,0.0,0.0,0.0,0.0,0.0,0.0,0.0,-0.009999999776482582,1.0,9.0,04-29,0.02545449865812605
02-15,0.0,0.9299998283386229,-0.6500000953674316,0.0,0.0,0.0,0.0,0.0,0.0,0.0,-0.009999999776482582,1.0,9.0,04-30,0.024545430290428074
02-16,0.0,0.9199995994567872,-0.630000114440918,0.0,0.0,0.0,0.0,0.0,0.0,0.0,-0.009999999776482582,1.0,9.0,05-01,0.02545449865812605
02-17,0.0,0.9299998283386229,-0.630000114440918,0.0,0.0,0.0,0.0,0.0,0.0,0.0,-0.009999999776482582,1.0,9.0,05-02,0.02636361037465659
02-18,0.0,0.9600000381469728,-0.7200002670288086,0.0,0.0,0.0,0.0,0.0,0.0,0.0,-0.009999999776482582,1.0,9.0,05-03,0.020909070121971043
02-19,0.0,0.1700000762939453,-0.7200002670288086,0.0,0.0,0.0,0.0,0.0,0.0,0.0,-0.009999999776482582,1.0,9.0,05-04,-0.05090910822830417
02-20,0.0,0.20000028610229487,-0.7200002670288086,0.0,0.0,0.0,0.0,0.0,0.0,0.0,-0.009999999776482582,1.0,9.0,05-05,-0.04818181642754511
02-21,0.0,0.20000028610229487,-0.7200002670288086,0.0,0.0,0.0,0.0,0.0,0.0,0.0,0.0,1.0,9.0,05-06,-0.04727272553877397
02-22,0.0,0.20000028610229487,-0.7200002670288086,0.0,0.0,0.0,0.0,0.0,0.0,0.0,0.0,1.0,9.0,05-07,-0.04727272553877397
02-23,0.0,0.869999885559082,-0.9700002670288086,0.0,0.0,0.0,0.0,0.0,0.0,0.0,0.0,1.0,9.0,05-08,-0.009090943769975142
02-24,0.0,0.8199996948242188,-0.9700002670288086,0.0,0.0,0.0,0.0,0.0,0.0,0.0,0.0,1.0,9.0,05-09,-0.013636415654962713
02-25,0.0,0.10000038146972656,-0.9700002670288086,0.0,0.0,0.0,0.0,0.0,0.0,0.0,0.0,1.0,9.0,05-10,-0.07909089868718927
02-26,0.0,-0.05000019073486328,-0.9700002670288086,0.0,0.0,0.0,0.0,0.0,0.0,0.0,0.0,0.0,10.0,05-11,-0.092727314342152
02-27,0.0,0.0,-0.9700002670288086,0.0,0.0,0.0,0.0,0.0,0.0,0.0,0.0,0.0,10.0,05-12,-0.08818184245716441
02-28,0.0,0.0,-0.9700002670288086,0.0,0.0,0.0,0.0,0.0,0.0,0.0,0.0,0.0,10.0,05-13,-0.08818184245716441
02-29,0.0,0.0,-0.9700002670288086,0.0,0.0,0.0,0.0,0.0,0.0,0.0,0.0,0.0,3.0,05-14,-0.08818184245716441
03-01,0.0,0.0,-0.9700002670288086,0.0,0.0,0.0,0.0,0.0,0.0,0.0,0.0,0.0,10.0,05-15,-0.08818184245716441
03-02,0.0,-0.07000017166137695,-0.9700002670288086,0.0,0.0,0.0,0.0,0.0,0.0,0.0,0.0,0.0,10.0,05-16,-0.09454549442638052
03-03,0.0,0.0,-0.9700002670288086,0.0,0.0,0.0,0.0,0.0,0.0,0.0,0.0,0.0,10.0,05-17,-0.08818184245716441
03-04,0.0,-0.1399998664855957,-0.9700002670288086,0.0,0.0,0.0,0.0,0.0,0.0,0.0,0.0,0.0,10.0,05-18,-0.10090910304676402
03-05,0.0,-0.07999992370605469,-0.9700002670288086,0.0,0.0,0.0,0.0,0.0,0.0,0.0,0.0,0.0,10.0,05-19,-0.09545456279407848
03-06,0.0,-0.059999942779541016,-0.9700002670288086,0.0,0.0,0.0,0.0,0.0,0.0,0.0,0.0,0.0,10.0,05-20,-0.09363638270984996
03-07,0.0,-0.059999942779541016,-0.1400003433227539,0.0,0.0,0.0,0.0,0.0,0.0,0.0,0.0,0.0,10.0,05-21,-0.018181844191117718
03-08,0.0,-0.15999984741210938,-0.1400003433227539,0.0,0.0,0.0,0.0,0.0,0.0,0.0,0.0,0.0,10.0,05-22,-0.0272727446122603
03-09,0.0,-0.059999942779541016,0.9699997901916504,0.0,0.0,0.0,0.0,0.0,0.0,0.0,0.0,1.0,9.0,05-23,0.0827272588556463
03-10,0.0,-0.07000017166137695,-0.7100000381469727,0.0,0.0,0.0,0.0,0.0,0.0,0.0,0.0,0.0,10.0,05-24,-0.07090910998257724
03-11,0.0,-0.11999988555908205,-0.7100000381469727,0.0,0.0,0.0,0.0,0.0,0.0,0.0,0.0,0.0,10.0,05-25,-0.07545453851873224
03-12,0.0,-0.18000030517578125,-0.7100000381469727,0.0,0.0,0.0,0.0,0.0,0.0,0.0,0.0,0.0,10.0,05-26,-0.08090912212025035
03-13,0.0,-0.20000028610229487,-0.8600001335144043,0.0,0.0,0.0,0.0,0.0,0.0,0.0,0.0,0.0,10.0,05-27,-0.09636367451060902
03-14,0.0,-0.20000028610229487,-0.8600001335144043,0.0,0.0,0.0,0.0,0.0,0.0,0.0,0.0,0.0,10.0,05-28,-0.09636367451060902
03-15,0.0,-0.26000022888183594,-0.8600001335144043,0.0,0.0,0.0,0.0,0.0,0.0,0.0,0.0,0.0,10.0,05-29,-0.10181821476329456
03-16,0.0,-0.3000001907348633,-0.15000009536743164,0.0,0.0,0.0,0.0,0.0,0.0,0.0,0.0,0.0,10.0,05-30,-0.04090911691839045
03-17,0.0,-0.3200001716613769,-0.15000009536743164,0.0,0.0,0.0,0.0,0.0,0.0,0.0,0.0,0.0,10.0,05-31,-0.04272729700261897
03-18,0.0,-0.26000022888183594,-0.15000009536743164,0.0,0.0,0.0,0.0,0.0,0.0,0.0,0.0,0.0,10.0,06-01,-0.03727275674993342
03-19,0.0,-0.2899999618530273,-0.15000009536743164,0.0,0.0,0.0,0.0,0.0,0.0,0.0,0.0,0.0,10.0,06-02,-0.040000005201859916
03-20,0.0,-0.2899999618530273,-0.15000009536743164,0.0,0.0,0.0,0.0,0.0,0.0,0.0,0.0,0.0,10.0,06-03,-0.040000005201859916
03-21,0.0,-0.2899999618530273,0.0,-5.3499997705221185,0.0,0.0,0.0,0.0,0.0,0.0,0.0,0.0,10.0,06-04,-0.5127272483977404
03-22,0.0,-0.3100004196166992,0.0,-5.3499997705221185,0.0,0.0,0.0,0.0,0.0,0.0,0.0,0.0,10.0,06-05,-0.5145454718308016
03-23,0.0,-0.4200000762939453,0.0,-5.3499997705221185,0.0,0.0,0.0,0.0,0.0,0.0,0.0,0.0,10.0,06-06,-0.524545440619642
03-24,0.0,-0.4600000381469727,0.0,-5.3499997705221185,0.0,0.0,0.0,0.0,0.0,0.0,0.0,0.0,10.0,06-07,-0.5281818007880991
03-25,0.0,-0.3200001716613769,0.0,-5.3499997705221185,0.0,-0.13000000081956387,0.0,0.0,0.0,0.0,0.0,0.0,10.0,06-08,-0.5272727220911871
03-26,0.0,-0.2800002098083496,0.0,-5.3499997705221185,0.0,-0.13000000081956387,0.0,0.0,0.0,0.0,0.0,0.0,10.0,06-09,-0.5236363619227301
03-27,0.0,-0.3000001907348633,0.0,-5.3499997705221185,0.0,-0.13000000081956387,0.0,0.0,0.0,0.0,0.0,0.0,10.0,06-10,-0.5254545420069586
03-28,0.0,-0.3000001907348633,0.0,-5.3499997705221185,0.0,-0.13000000081956387,0.0,0.0,0.0,0.0,0.0,0.0,10.0,06-11,-0.5254545420069586
03-29,0.0,-0.1700000762939453,0.0,-5.3499997705221185,0.0,-0.13000000081956387,0.0,0.0,0.0,0.0,0.0,0.0,10.0,06-12,-0.513636349785057
03-30,0.0,-0.15000009536743164,0.0,-5.3499997705221185,0.0,-0.13000000081956387,0.0,0.0,0.0,0.0,0.0,0.0,10.0,06-13,-0.5118181697008285
03-31,0.0,-0.2599997520446777,0.0,-5.3499997705221185,0.0,-0.13000000081956387,0.0,0.0,0.0,0.0,0.0,0.0,10.0,06-14,-0.5218181384896691
04-01,0.0,-0.2200002670288086,0.0,-5.3499997705221185,0.0,-0.13000000081956387,0.0,0.0,0.0,0.0,0.0,0.0,10.0,06-15,-0.5181818216700446
04-02,0.0,-0.2799997329711914,0.0,-5.3499997705221185,0.0,-0.13000000081956387,0.0,0.0,0.0,0.0,0.0,0.0,10.0,06-16,-0.5236363185738976
04-03,0.0,-0.3599996566772461,0.0,-5.3499997705221185,0.0,-0.13000000081956387,0.0,0.0,0.0,0.0,0.0,0.0,10.0,06-17,-0.5309090389108116
04-04,0.0,-0.3599996566772461,0.0,-5.3499997705221185,0.0,-0.13000000081956387,0.0,0.0,0.0,0.0,0.0,0.0,10.0,06-18,-0.5309090389108116
04-05,0.0,-0.3599996566772461,0.0,-5.3499997705221185,0.0,-0.13000000081956387,0.0,0.0,0.0,0.0,0.0,0.0,10.0,06-19,-0.5309090389108116
04-06,0.0,-0.21000003814697266,0.0,-5.3499997705221185,0.0,-0.13000000081956387,0.0,0.0,0.0,0.0,0.0,0.0,10.0,06-20,-0.5172727099535139
04-07,0.0,-0.20000028610229487,0.0,-5.3499997705221185,0.0,-0.13000000081956387,0.0,0.0,0.0,0.0,0.0,0.0,10.0,06-21,-0.516363641585816
04-08,0.0,-0.11999988555908205,0.0,-5.3499997705221185,0.0,-0.13000000081956387,0.0,0.0,0.0,0.0,0.0,0.0,10.0,06-22,-0.5090908779000695
04-09,0.0,-0.019999980926513672,0.0,-5.3499997705221185,0.0,-0.13000000081956387,0.0,0.0,0.0,0.0,0.0,0.0,10.0,06-23,-0.4999999774789268
04-10,0.0,0.309999942779541,0.0,-5.3499997705221185,0.0,-0.13000000081956387,0.0,0.0,0.0,0.0,0.0,1.0,9.0,06-24,-0.4699999844147401
04-11,0.0,0.309999942779541,0.0,-5.3499997705221185,0.0,-0.13000000081956387,0.0,0.0,0.0,0.0,0.0,1.0,9.0,06-25,-0.4699999844147401
04-12,0.0,0.3599996566772461,0.0,-5.3499997705221185,0.0,-0.13000000081956387,0.0,0.0,0.0,0.0,0.0,1.0,9.0,06-26,-0.465454555878585
04-13,0.0,0.4499998092651367,0.0,-5.3499997705221185,0.0,-0.13000000081956387,0.0,0.0,0.0,0.0,0.0,1.0,9.0,06-27,-0.4572727238251405
04-14,0.0,0.4500002861022949,0.0,-5.3499997705221185,0.0,-0.13000000081956387,0.0,0.0,0.0,0.0,0.0,1.0,9.0,06-28,-0.4572726804763079
04-15,0.0,0.4300003051757813,0.0,-5.3499997705221185,0.0,-0.13000000081956387,0.0,0.0,0.0,0.0,0.0,1.0,9.0,06-29,-0.4590908605605364
04-16,0.0,0.4700002670288086,0.0,-5.3499997705221185,0.0,-0.13000000081956387,0.0,0.0,0.0,0.0,0.0,1.0,9.0,06-30,-0.4554545003920794
04-17,0.0,0.4700002670288086,0.0,-5.3499997705221185,0.0,-0.13000000081956387,0.0,0.0,0.0,0.0,0.0,1.0,9.0,07-01,-0.4554545003920794
04-18,0.0,0.4700002670288086,0.0,-5.3499997705221185,0.0,-0.13000000081956387,0.0,0.0,0.0,0.0,0.0,1.0,9.0,07-02,-0.4554545003920794
04-19,0.0,0.4800000190734863,0.0,-5.3499997705221185,0.0,-0.13000000081956387,0.0,0.0,0.0,0.0,0.0,1.0,9.0,07-03,-0.4545454320243814
04-20,0.0,0.5100002288818359,0.0,-5.3499997705221185,0.0,-0.13000000081956387,0.0,0.0,0.0,0.0,0.0,1.0,9.0,07-04,-0.4518181402236223
04-21,0.0,0.5199999809265137,0.0,-5.3499997705221185,0.0,-0.13000000081956387,0.0,0.0,0.0,0.0,0.0,1.0,9.0,07-05,-0.4509090718559243
04-22,0.0,0.619999885559082,0.0,-5.3499997705221185,0.0,-0.13000000081956387,0.0,0.0,0.0,0.0,0.0,1.0,9.0,07-06,-0.44181817143478175
04-23,0.0,0.6499996185302734,0.0,-5.3499997705221185,0.0,-0.13000000081956387,0.0,0.0,0.0,0.0,0.0,1.0,9.0,07-07,-0.4390909229828553
04-24,0.0,0.6299996376037598,0.0,-5.3499997705221185,0.0,-0.13000000081956387,0.0,0.0,0.0,0.0,0.0,1.0,9.0,07-08,-0.4409091030670838
04-25,0.0,0.6299996376037598,0.0,-5.3499997705221185,0.0,-0.13000000081956387,0.0,0.0,0.0,0.0,0.0,1.0,9.0,07-09,-0.4409091030670838
04-26,0.0,0.5,0.0,-5.3499997705221185,0.0,-0.13000000081956387,0.0,0.0,0.0,0.0,0.0,1.0,9.0,07-10,-0.4527272519401528
04-27,0.0,0.5,0.0,-5.3499997705221185,0.0,-0.13000000081956387,0.0,0.0,0.0,0.0,0.0,1.0,9.0,07-11,-0.4527272519401528
04-28,0.0,0.5199999809265137,0.0,-5.3499997705221185,0.0,-0.13000000081956387,0.0,0.0,0.0,0.0,0.0,1.0,9.0,07-12,-0.4509090718559243
04-29,0.0,0.5199999809265137,0.0,-5.3499997705221185,0.0,-0.13000000081956387,0.0,0.0,0.0,0.0,0.0,1.0,9.0,07-13,-0.4509090718559243
04-30,0.0,0.4700002670288086,0.0,-5.3499997705221185,0.0,-0.13000000081956387,0.0,0.0,0.0,0.0,0.0,1.0,9.0,07-14,-0.4554545003920794
05-01,0.0,0.5,0.0,-5.3499997705221185,0.0,-0.13000000081956387,0.0,0.0,0.0,0.0,0.0,1.0,9.0,07-15,-0.4527272519401528
05-02,0.0,0.5,0.0,-5.3499997705221185,0.0,-0.13000000081956387,0.0,0.0,0.0,0.0,0.0,1.0,9.0,07-16,-0.4527272519401528
05-03,0.0,0.559999942779541,0.0,-5.3499997705221185,0.0,-0.13000000081956387,0.0,0.0,0.0,0.0,0.0,1.0,9.0,07-17,-0.4472727116874673
05-04,0.0,0.5299997329711914,0.0,-5.3499997705221185,0.0,-0.13000000081956387,0.0,0.0,0.0,0.0,0.0,1.0,9.0,07-18,-0.4500000034882264
05-05,0.0,0.3200001716613769,0.0,-5.3499997705221185,0.0,-0.13000000081956387,0.0,0.0,0.0,0.0,0.0,1.0,9.0,07-19,-0.4690908726982095
05-06,0.0,0.7100000381469727,0.0,-5.3499997705221185,0.0,-0.13000000081956387,0.0,0.0,0.0,0.0,0.0,1.0,9.0,07-20,-0.4336363393813372
05-07,0.0,0.75,0.0,-5.3499997705221185,0.0,-0.13000000081956387,0.0,0.0,0.0,0.0,0.0,1.0,9.0,07-21,-0.4299999792128801
05-08,0.0,0.9499998092651368,0.0,-5.3499997705221185,0.0,-0.13000000081956387,0.0,0.0,0.0,0.0,0.0,1.0,9.0,07-22,-0.411818178370595
05-09,0.0,0.9499998092651368,0.0,-5.3499997705221185,0.0,-0.13000000081956387,0.0,0.0,0.0,0.0,0.0,1.0,9.0,07-23,-0.411818178370595
05-10,0.0,1.0500001907348633,0.0,-5.3499997705221185,0.0,-0.13000000081956387,0.0,0.0,0.0,0.0,0.0,1.0,9.0,07-24,-0.4027272346006198
05-11,0.0,1.0,0.0,-5.3499997705221185,0.0,-0.13000000081956387,0.0,0.0,0.0,0.0,0.0,1.0,9.0,07-25,-0.4072727064856074
05-12,0.0,1.0700001716613772,0.0,-5.3499997705221185,0.0,-0.13000000081956387,0.0,0.0,0.0,0.0,0.0,1.0,9.0,07-26,-0.4009090545163913
05-13,0.0,1.0,0.0,-5.3499997705221185,0.0,-0.13000000081956387,0.0,0.0,0.0,0.0,0.0,1.0,9.0,07-27,-0.4072727064856074
05-14,0.0,0.7399997711181641,0.0,-5.3499997705221185,0.0,-0.13000000081956387,0.0,0.0,0.0,0.0,0.0,1.0,9.0,07-28,-0.43090909092941065
05-15,0.0,0.9400000572204591,0.0,-5.3499997705221185,0.0,-0.13000000081956387,0.0,0.0,0.0,0.0,0.0,1.0,9.0,07-29,-0.412727246738293
05-16,0.0,0.9400000572204591,0.0,-5.3499997705221185,0.0,-0.13000000081956387,0.0,0.0,0.0,0.0,0.0,1.0,9.0,07-30,-0.412727246738293
05-17,0.0,0.9800000190734864,0.0,-5.3499997705221185,0.0,-0.13000000081956387,0.0,0.0,0.0,0.0,0.0,1.0,9.0,07-31,-0.409090886569836
05-18,0.0,0.8600001335144043,0.0,-5.3499997705221185,0.0,-0.13000000081956387,0.0,0.0,0.0,0.0,0.0,1.0,9.0,08-01,-0.41999996707520704
05-19,0.0,0.8400001525878906,0.0,-5.3499997705221185,0.0,-0.13000000081956387,0.0,0.0,0.0,0.0,0.0,1.0,9.0,08-02,-0.4218181471594356
05-20,0.0,0.7200002670288086,0.0,-5.3499997705221185,0.0,-0.13000000081956387,0.0,0.0,0.0,0.0,0.0,1.0,9.0,08-03,-0.43272722766480665
05-21,0.0,0.6399998664855957,0.0,-5.3499997705221185,0.0,-0.13000000081956387,0.0,0.0,0.0,0.0,0.0,1.0,9.0,08-04,-0.4399999913505532
05-22,0.0,0.9200000762939452,0.0,-5.3499997705221185,0.0,-0.13000000081956387,0.0,0.0,0.0,0.0,0.0,1.0,9.0,08-05,-0.4145454268225215
05-23,0.0,0.9200000762939452,0.0,-5.3499997705221185,0.0,-0.13000000081956387,0.0,0.0,0.0,0.0,0.0,1.0,9.0,08-06,-0.4145454268225215
05-24,0.0,0.9300003051757812,0.0,-5.3499997705221185,0.0,-0.13000000081956387,0.0,0.0,0.0,0.0,0.0,1.0,9.0,08-07,-0.4136363151059909
05-25,0.0,1.0500001907348633,0.0,-5.3499997705221185,0.0,-0.13000000081956387,0.0,0.0,0.0,0.0,0.0,1.0,9.0,08-08,-0.4027272346006198
05-26,0.0,1.299999713897705,0.0,-5.3499997705221185,0.0,-0.13000000081956387,0.0,0.0,0.0,0.0,0.0,1.0,9.0,08-09,-0.3800000052221797
05-27,0.0,1.1200003623962402,0.0,-5.3499997705221185,0.0,-0.13000000081956387,0.0,0.0,0.0,0.0,0.9800000097602606,2.0,8.0,08-10,-0.30727267265319824
05-28,0.0,1.3000001907348633,0.0,-5.3499997705221185,0.0,-0.13000000081956387,0.0,0.0,0.0,0.0,0.9800000097602606,2.0,8.0,08-11,-0.2909090518951416
05-29,0.0,1.1500000953674316,0.0,-5.3499997705221185,0.0,-0.13000000081956387,0.0,0.0,0.0,0.0,0.9800000097602606,2.0,8.0,08-12,-0.3045454242012717
05-30,0.0,1.1500000953674316,0.0,-5.3499997705221185,0.0,-0.13000000081956387,0.0,0.0,0.0,0.0,0.9800000097602606,2.0,8.0,08-13,-0.3045454242012717
05-31,0.0,1.1500000953674316,0.0,0.0,0.0,-0.13000000081956387,0.0,0.0,0.0,0.0,0.9800000097602606,2.0,8.0,08-14,0.18181819130073892
06-01,0.0,1.1500000953674316,0.0,0.0,0.0,-0.13000000081956387,0.0,0.0,0.0,0.009999999776482582,0.9800000097602606,3.0,7.0,08-15,0.1827272821895101
06-02,0.0,1.0999999046325684,0.0,0.0,0.0,-0.13000000081956387,0.0,0.0,0.0,0.009999999776482582,0.9800000097602606,3.0,7.0,08-16,0.17818181030452251
06-03,0.0,1.25,0.0,0.0,0.0,-0.13000000081956387,0.0,0.0,0.0,0.009999999776482582,0.9800000097602606,3.0,7.0,08-17,0.19181818261065267
06-04,0.0,1.420000076293945,0.0,0.0,0.0,0.0,0.0,0.0,0.0,0.009999999776482582,0.9800000097602606,3.0,7.0,08-18,0.21909091689369892
06-05,0.0,1.420000076293945,0.0,0.0,0.0,0.0,0.0,0.0,0.0,0.009999999776482582,0.9800000097602606,3.0,7.0,08-19,0.21909091689369892
06-06,0.0,1.420000076293945,0.0,0.0,0.0,0.0,0.0,0.0,0.0,0.009999999776482582,0.9800000097602606,3.0,7.0,08-20,0.21909091689369892
06-07,0.0,1.4000000953674316,0.0,0.0,0.0,0.0,0.0,0.0,0.0,0.009999999776482582,0.9800000097602606,3.0,7.0,08-21,0.21727273680947046
06-08,0.0,1.420000076293945,0.0,0.0,0.0,0.0,0.0,0.0,0.0,0.009999999776482582,0.9800000097602606,3.0,7.0,08-22,0.21909091689369892
06-09,0.0,1.3499999046325684,0.0,0.0,0.0,0.0,0.0,0.0,0.0,0.009999999776482582,0.9800000097602606,3.0,7.0,08-23,0.21272726492448288
06-10,0.0,1.4099998474121094,0.0,0.0,0.0,0.0,0.0,0.0,0.0,0.009999999776482582,0.9800000097602606,3.0,7.0,08-24,0.21818180517716845
06-11,0.0,1.420000076293945,0.0,0.0,0.0,0.0,0.0,0.0,0.0,0.009999999776482582,0.9800000097602606,3.0,7.0,08-25,0.21909091689369892
06-12,0.0,1.4700002670288086,0.0,0.0,0.0,0.0,0.0,0.0,0.0,0.009999999776482582,0.9800000097602606,3.0,7.0,08-26,0.22363638877868647
06-13,0.0,1.4700002670288086,0.0,0.0,0.0,0.0,0.0,0.0,0.0,0.009999999776482582,0.9800000097602606,3.0,7.0,08-27,0.22363638877868647
06-14,0.0,1.5199999809265137,0.0,0.0,0.0,0.0,0.0,0.0,0.0,0.009999999776482582,0.9800000097602606,3.0,7.0,08-28,0.2281818173148415
06-15,0.0,1.5999999046325684,0.0,0.0,0.0,0.0,0.0,0.0,0.0,0.009999999776482582,0.9800000097602606,3.0,7.0,08-29,0.2354545376517556
06-16,0.0,1.510000228881836,0.0,0.0,0.0,0.0,0.0,0.0,0.0,0.009999999776482582,0.9800000097602606,3.0,7.0,08-30,0.22727274894714355
06-17,0.0,1.5500001907348633,0.0,0.0,0.0,0.0,0.0,0.0,0.0,0.009999999776482582,0.9800000097602606,3.0,7.0,08-31,0.23090910911560056
06-18,0.0,1.440000057220459,0.0,0.0,0.0,0.0,0.0,0.0,0.0,0.009999999776482582,0.9800000097602606,3.0,7.0,09-01,0.22090909697792746
06-19,0.0,1.4000000953674316,0.0,0.0,0.0,0.0,0.0,0.0,0.0,0.009999999776482582,0.9800000097602606,3.0,7.0,09-02,0.21727273680947046
06-20,0.0,1.4000000953674316,0.0,0.0,0.0,0.0,0.0,0.0,0.0,0.009999999776482582,0.9800000097602606,3.0,7.0,09-03,0.21727273680947046
06-21,0.0,1.2800002098083496,0.0,0.0,0.0,0.0,0.0,0.0,0.0,0.009999999776482582,0.9800000097602606,3.0,7.0,09-04,0.20636365630409934
06-22,0.0,0.9500002861022948,0.0,0.0,0.0,0.0,0.0,0.0,0.0,0.009999999776482582,0.9800000097602606,3.0,7.0,09-05,0.17636366323991254
06-23,0.0,0.7600002288818359,0.0,0.0,0.0,0.0,0.0,0.0,0.0,0.009999999776482582,0.9800000097602606,3.0,7.0,09-06,0.15909093076532538
06-24,0.0,0.75,0.0,0.0,0.0,0.0,0.0,0.0,0.0,0.009999999776482582,0.9800000097602606,3.0,7.0,09-07,0.15818181904879486
06-25,0.0,0.7699999809265137,0.0,0.0,0.0,0.0,0.0,0.0,0.0,0.009999999776482582,0.9800000097602606,3.0,7.0,09-08,0.15999999913302335
06-26,0.0,0.7699999809265137,0.0,0.0,0.0,0.0,0.0,0.0,0.0,0.009999999776482582,0.9800000097602606,3.0,7.0,09-09,0.15999999913302335
06-27,0.0,0.7699999809265137,0.0,0.0,0.0,0.0,0.0,0.0,0.0,0.009999999776482582,0.9800000097602606,3.0,7.0,09-10,0.15999999913302335
06-28,0.0,0.7300000190734863,0.0,0.0,0.0,0.0,0.0,0.0,0.0,0.009999999776482582,0.9800000097602606,3.0,7.0,09-11,0.15636363896456631
06-29,0.0,0.6799998283386229,0.0,0.0,0.0,0.0,0.0,0.0,0.0,0.009999999776482582,0.9800000097602606,3.0,7.0,09-12,0.15181816707957874
06-30,0.0,0.6700000762939453,0.0,0.0,0.0,0.0,0.0,0.0,0.0,0.009999999776482582,0.9800000097602606,3.0,7.0,09-13,0.15090909871188074
07-01,0.0,0.6799998283386229,0.0,0.0,0.0,0.0,0.0,0.0,0.0,0.009999999776482582,0.9800000097602606,3.0,7.0,09-14,0.15181816707957874
07-02,0.0,0.6000003814697266,0.0,0.0,0.0,0.0,0.0,0.0,0.0,0.009999999776482582,0.9800000097602606,3.0,7.0,09-15,0.14454549009149725
07-03,0.0,0.6000003814697266,0.0,0.0,0.0,0.0,0.0,0.0,0.0,0.009999999776482582,0.9800000097602606,3.0,7.0,09-16,0.14454549009149725
07-05,0.0,0.6000003814697266,0.0,0.0,0.0,0.0,0.0,0.0,0.0,0.009999999776482582,0.9800000097602606,3.0,7.0,09-18,0.14454549009149725
07-06,0.0,0.6700000762939453,0.0,0.0,0.0,0.0,0.0,0.0,0.0,0.009999999776482582,0.9800000097602606,3.0,7.0,09-19,0.15090909871188074
07-07,0.0,0.6500000953674316,0.0,0.0,0.0,0.0,0.0,0.0,0.0,0.009999999776482582,0.9800000097602606,3.0,7.0,09-20,0.14909091862765225
07-08,0.0,0.630000114440918,0.0,0.0,0.0,0.0,0.0,0.0,0.0,0.009999999776482582,0.9800000097602606,3.0,7.0,09-21,0.14727273854342374
07-09,0.0,0.6200003623962402,0.0,0.0,0.0,0.0,0.0,0.0,0.0,0.009999999776482582,0.9800000097602606,3.0,7.0,09-22,0.14636367017572574
07-10,0.0,0.6200003623962402,0.0,0.0,0.0,0.0,0.0,0.0,0.0,0.009999999776482582,0.9800000097602606,3.0,7.0,09-23,0.14636367017572574
07-11,0.0,0.6200003623962402,0.0,0.0,0.0,0.0,0.0,0.0,0.0,0.009999999776482582,0.9800000097602606,3.0,7.0,09-24,0.14636367017572574
07-12,0.0,0.6700000762939453,0.0,0.0,0.0,0.0,0.0,0.0,0.0,0.009999999776482582,0.9800000097602606,3.0,7.0,09-25,0.15090909871188074
07-13,0.0,0.6400003433227539,0.0,0.0,0.0,0.0,0.0,0.0,0.0,0.009999999776482582,0.9800000097602606,3.0,7.0,09-26,0.14818185025995428
07-14,0.0,-0.5999999046325684,0.0,0.0,0.0,0.0,0.0,0.0,0.0,0.009999999776482582,0.9800000097602606,2.0,8.0,09-27,0.03545455499128862
07-15,0.0,0.5,0.0,0.0,0.0,0.0,0.0,0.0,0.0,0.009999999776482582,0.9800000097602606,3.0,7.0,09-28,0.1354545463215221
07-16,0.0,0.15000009536743164,0.0,0.0,0.0,0.0,0.0,0.0,0.0,0.009999999776482582,0.9800000097602606,3.0,7.0,09-29,0.1036363731731068
07-17,0.0,0.3499999046325684,0.0,0.0,0.0,0.0,0.0,0.0,0.0,0.009999999776482582,0.9800000097602606,3.0,7.0,09-30,0.12181817401539195
07-18,0.0,0.3499999046325684,0.0,0.0,0.0,0.0,0.0,0.0,0.0,0.009999999776482582,0.9800000097602606,3.0,7.0,10-01,0.12181817401539195
07-19,0.0,0.39999961853027344,0.0,0.0,0.0,0.0,0.0,0.0,0.0,0.009999999776482582,0.9800000097602606,3.0,7.0,10-02,0.12636360255154694
07-20,0.0,0.19999980926513672,0.0,0.0,0.0,0.0,0.0,0.0,0.0,0.009999999776482582,0.9800000097602606,3.0,7.0,10-03,0.1081818017092618
07-21,0.0,0.15999984741210938,0.0,0.0,0.0,0.0,0.0,0.0,0.0,0.009999999776482582,0.9800000097602606,3.0,7.0,10-04,0.10454544154080478
07-22,0.0,0.15999984741210938,0.0,0.0,0.0,0.0,0.0,0.0,0.0,0.009999999776482582,0.9800000097602606,3.0,7.0,10-05,0.10454544154080478
07-23,0.0,0.15999984741210938,0.0,0.0,0.0,0.0,0.0,0.0,0.0,0.009999999776482582,0.9800000097602606,3.0,7.0,10-06,0.10454544154080478
07-24,0.0,0.15999984741210938,0.0,0.0,0.0,0.0,0.0,0.0,0.0,0.009999999776482582,0.9800000097602606,3.0,7.0,10-07,0.10454544154080478
07-25,0.0,0.15999984741210938,0.0,0.0,0.0,0.0,0.0,0.0,0.0,0.009999999776482582,0.9800000097602606,3.0,7.0,10-08,0.10454544154080478
07-26,0.0,0.4600000381469727,0.0,0.0,0.0,0.0,0.0,0.0,0.0,0.009999999776482582,0.9800000097602606,3.0,7.0,10-09,0.13181818615306504
07-27,0.0,0.2599997520446777,0.0,0.0,0.0,0.0,0.0,0.0,0.0,0.009999999776482582,0.9800000097602606,3.0,7.0,10-10,0.11363634196194736
07-28,0.0,0.3599996566772461,0.0,0.0,0.0,0.0,0.0,0.0,0.0,0.009999999776482582,0.9800000097602606,3.0,7.0,10-11,0.12272724238308995
07-29,0.0,0.3599996566772461,0.0,0.0,0.0,0.0,0.0,0.0,0.0,0.009999999776482582,0.9800000097602606,3.0,7.0,10-12,0.12272724238308995
07-30,0.0,0.5299997329711914,0.0,0.0,0.0,0.0,0.0,0.0,0.0,0.009999999776482582,0.9800000097602606,3.0,7.0,10-13,0.1381817947734486
07-31,0.0,0.5299997329711914,0.0,0.0,0.0,0.0,0.0,0.0,0.0,0.009999999776482582,0.9800000097602606,3.0,7.0,10-14,0.1381817947734486
08-01,0.0,0.5299997329711914,0.0,0.0,0.0,0.0,0.0,0.0,0.0,0.009999999776482582,0.9800000097602606,3.0,8.0,10-15,0.1381817947734486
08-02,0.0,0.559999942779541,0.0,0.0,0.0,0.0,0.0,0.0,0.0,0.009999999776482582,0.9800000097602606,3.0,8.0,10-16,0.14090908657420764
08-03,0.0,0.25,0.0,0.0,0.0,0.0,0.0,0.0,0.0,0.009999999776482582,0.9800000097602606,3.0,8.0,10-17,0.11272727359424935
08-04,0.0,0.15000009536743164,0.0,0.0,0.0,0.0,0.0,0.0,0.0,0.009999999776482582,0.9800000097602606,3.0,8.0,10-18,0.1036363731731068
08-05,0.0,-0.08999967575073242,0.0,0.0,0.0,0.0,0.0,0.0,0.0,0.009999999776482582,0.9800000097602606,2.0,9.0,10-19,0.08181821216236461
08-06,0.0,0.009999752044677734,0.0,0.0,0.0,0.0,0.0,0.0,0.0,0.009999999776482582,0.0,2.0,9.0,10-20,0.00181815925646912
08-07,0.0,0.1899995803833008,0.0,0.0,0.0,0.0,0.0,0.0,0.0,0.009999999776482582,0.0,2.0,9.0,10-21,0.01818178001452576
08-08,0.0,0.1899995803833008,0.0,0.0,0.0,0.0,0.0,0.0,0.0,0.009999999776482582,0.0,2.0,9.0,10-22,0.01818178001452576
08-09,0.0,-0.010000228881835938,0.0,0.0,0.0,0.0,0.0,0.0,0.0,0.009999999776482582,0.0,1.0,10.0,10-23,-2.082775939594616e-08
08-10,0.0,0.1399998664855957,0.0,0.0,0.0,0.0,0.0,0.0,0.0,0.009999999776482582,0.0,2.0,9.0,10-24,0.013636351478370752
08-11,0.0,0.1700000762939453,0.0,0.0,0.0,0.0,0.0,0.0,0.0,0.009999999776482582,0.0,2.0,9.0,10-25,0.01636364327912981
08-12,0.0,0.11999988555908205,0.0,0.0,0.0,0.0,0.0,0.0,0.0,0.009999999776482582,0.0,2.0,9.0,10-26,0.011818171394142237
08-13,0.0,-0.019999980926513672,0.0,0.0,0.0,0.0,0.0,0.0,0.0,0.0,0.0,0.0,11.0,10-27,-0.001818180084228516
08-14,0.0,-0.019999980926513672,0.0,0.0,0.0,0.0,0.0,0.0,0.0,0.0,0.0,0.0,11.0,10-28,-0.001818180084228516
08-15,0.0,-0.019999980926513672,0.0,0.0,0.0,0.0,0.0,0.0,0.0,0.0,0.0,0.0,11.0,10-29,-0.001818180084228516
08-16,0.0,-0.1700000762939453,0.0,0.0,0.0,0.0,0.0,0.0,0.0,0.0,0.0,0.0,11.0,10-30,-0.015454552390358662
08-17,0.0,-0.25,0.0,0.0,0.0,0.0,0.0,0.0,0.0,0.0,0.0,0.0,11.0,10-31,-0.022727272727272728
08-18,0.0,-0.25,0.0,0.0,0.0,0.0,0.0,0.0,0.0,0.0,0.0,0.0,11.0,11-01,-0.022727272727272728
08-19,0.0,-0.19999980926513672,0.0,0.0,0.0,0.0,0.0,0.0,0.0,0.0,0.0,0.0,11.0,11-02,-0.01818180084228516
08-20,0.0,-0.23000001907348636,0.0,0.0,0.0,0.0,0.0,0.0,0.0,0.0,0.0,0.0,11.0,11-03,-0.02090909264304421
08-21,0.0,-0.23000001907348636,0.0,0.0,0.0,0.0,0.0,0.0,0.0,0.0,0.0,0.0,11.0,11-04,-0.02090909264304421
08-22,0.0,-0.23000001907348636,0.0,0.0,0.0,0.0,0.0,0.0,0.0,0.0,0.0,0.0,11.0,11-05,-0.02090909264304421
08-23,0.0,-0.23000001907348636,0.0,0.0,0.0,0.0,0.0,0.0,0.0,0.0,0.0,0.0,11.0,11-06,-0.02090909264304421
08-24,0.0,-0.2800002098083496,0.0,0.0,0.0,0.0,0.0,0.0,0.0,0.0,0.0,0.0,11.0,11-07,-0.025454564528031784
08-25,0.0,-0.2800002098083496,0.0,0.0,0.0,0.0,0.0,0.0,0.0,0.0,0.0,0.0,11.0,11-08,-0.025454564528031784
08-26,0.0,-0.2800002098083496,0.0,0.0,0.0,0.0,0.0,0.0,0.0,0.0,0.0,0.0,11.0,11-09,-0.025454564528031784
08-27,0.0,-0.2800002098083496,0.0,0.0,0.0,0.0,0.0,0.0,0.0,0.0,0.0,0.0,11.0,11-10,-0.025454564528031784
08-28,0.0,-0.2800002098083496,0.0,0.0,0.0,0.0,0.0,0.0,0.0,0.0,0.0,0.0,11.0,11-11,-0.025454564528031784
08-29,0.0,-0.2800002098083496,0.0,0.0,0.0,0.0,0.0,0.0,0.0,0.0,0.0,0.0,11.0,11-12,-0.025454564528031784
08-30,0.0,-0.2800002098083496,0.0,0.0,0.0,0.0,0.0,0.0,0.0,0.0,0.0,0.0,11.0,11-13,-0.025454564528031784
08-31,0.0,-0.23000001907348636,0.0,0.0,0.0,0.0,0.0,0.0,0.0,0.0,0.0,0.0,11.0,11-14,-0.02090909264304421
09-01,0.0,-0.23000001907348636,0.0,0.0,0.0,0.0,0.0,0.0,0.0,0.0,0.0,0.0,11.0,11-15,-0.02090909264304421
09-02,0.0,-0.2699999809265137,0.0,0.0,0.0,0.0,0.0,0.0,0.0,0.0,0.0,0.0,11.0,11-16,-0.024545452811501244
09-03,0.0,-2.1700000762939453,0.0,0.0,0.0,0.0,0.0,0.0,0.0,0.0,0.0,0.0,11.0,11-17,-0.1972727342085405
09-04,0.0,-0.2899999618530273,0.0,0.0,0.0,0.0,0.0,0.0,0.0,0.0,0.0,0.0,11.0,11-18,-0.02636363289572976
09-05,0.0,-0.2899999618530273,0.0,0.0,0.0,0.0,0.0,0.0,0.0,0.0,0.0,0.0,11.0,11-19,-0.02636363289572976
09-06,0.0,-0.2899999618530273,0.0,0.0,0.0,0.0,0.0,0.0,0.0,0.0,0.0,0.0,11.0,11-20,-0.02636363289572976
09-07,0.0,-0.2899999618530273,0.0,0.0,0.0,0.0,0.0,0.0,0.0,0.0,0.0,0.0,11.0,11-21,-0.02636363289572976
09-08,0.0,-0.2399997711181641,0.0,0.0,0.0,0.0,0.0,0.0,0.0,0.0,0.0,0.0,11.0,11-22,-0.021818161010742188
09-09,0.0,-0.19999980926513672,0.0,0.0,0.0,0.0,0.0,0.0,0.0,0.0,0.0,0.0,11.0,11-23,-0.01818180084228516
09-10,0.0,-0.19999980926513672,0.0,0.0,0.0,0.0,0.0,0.0,0.0,0.0,0.0,0.0,11.0,11-24,-0.01818180084228516
09-11,0.0,-0.19999980926513672,0.0,0.0,0.0,0.0,0.0,0.0,0.0,0.0,0.0,0.0,11.0,11-25,-0.01818180084228516
09-12,0.0,-0.19999980926513672,0.0,0.0,0.0,0.0,0.0,0.0,0.0,0.0,0.0,0.0,11.0,11-26,-0.01818180084228516
09-13,0.0,-0.15000009536743164,0.0,0.0,0.0,0.0,0.0,0.0,0.0,0.0,0.0,0.0,11.0,11-27,-0.01363637230613015
09-14,0.0,-0.18000030517578125,0.0,0.0,0.0,0.0,0.0,0.0,0.0,0.0,0.0,0.0,11.0,11-28,-0.016363664106889206
09-15,0.0,-0.23000001907348636,0.0,0.0,0.0,0.0,0.0,0.0,0.0,0.0,0.0,0.0,11.0,11-29,-0.02090909264304421
09-16,0.0,-0.2199997901916504,0.0,0.0,0.0,0.0,0.0,0.0,0.0,0.0,0.0,0.0,11.0,11-30,-0.019999980926513672
09-17,0.0,-0.2199997901916504,0.0,0.0,0.0,0.0,0.0,0.0,0.0,0.0,0.0,0.0,11.0,12-01,-0.019999980926513672
09-18,0.0,-0.2199997901916504,0.0,0.0,0.0,0.0,0.0,0.0,0.0,0.0,0.0,0.0,11.0,12-02,-0.019999980926513672
09-19,0.0,-0.2199997901916504,0.0,0.0,0.0,0.0,0.0,0.0,0.0,0.0,0.0,0.0,11.0,12-03,-0.019999980926513672
09-20,0.0,-0.19000005722045896,0.0,0.0,0.0,0.0,0.0,0.0,0.0,0.0,0.0,0.0,11.0,12-04,-0.01727273247458718
09-21,0.0,-0.19000005722045896,0.0,0.0,0.0,0.0,0.0,0.0,0.0,0.0,0.0,0.0,11.0,12-05,-0.01727273247458718
09-22,0.0,-0.19000005722045896,0.0,0.0,0.0,0.0,0.0,0.0,0.0,0.0,0.0,0.0,11.0,12-06,-0.01727273247458718
09-23,0.0,1.0700001716613772,0.0,0.0,0.0,0.0,0.0,0.0,0.0,0.0,0.0,1.0,10.0,12-07,0.097272742878307
09-24,0.09999990463256836,0.15000009536743164,0.0,0.0,0.0,0.0,0.0,0.0,0.0,0.0,0.0,2.0,9.0,12-08,0.022727272727272728
09-25,0.20000004768371585,0.15000009536743164,0.0,0.0,0.0,0.0,0.0,0.0,0.0,0.0,0.0,2.0,9.0,12-09,0.03181819482283159
09-26,0.23000001907348636,0.15000009536743164,0.0,0.0,0.0,0.0,0.0,0.0,0.0,0.0,0.0,2.0,9.0,12-10,0.03454546494917436
09-27,0.23000001907348636,0.15000009536743164,0.0,0.0,0.0,0.0,0.0,0.0,0.0,0.0,0.0,2.0,9.0,12-11,0.03454546494917436
09-28,0.23000001907348636,-0.04999971389770508,0.0,0.0,0.0,0.0,0.0,0.0,0.0,0.0,0.0,1.0,10.0,12-12,0.016363664106889206
09-29,0.3499999046325684,-0.07999992370605469,0.0,0.0,0.0,0.0,0.0,0.0,0.0,0.0,0.0,1.0,10.0,12-13,0.024545452811501244
09-30,0.5499999523162842,-0.029999732971191406,0.0,0.0,0.0,0.0,0.0,0.0,0.0,0.0,0.0,1.0,10.0,12-14,0.047272747213190254
10-01,1.4500000476837158,-0.029999732971191406,0.0,0.0,0.0,0.0,0.0,0.0,0.0,0.0,0.0,1.0,10.0,12-15,0.12909093770113858
10-02,1.680000066757202,-0.029999732971191406,0.0,0.0,0.0,0.0,0.0,0.0,0.0,0.0,0.0,1.0,10.0,12-16,0.1500000303441828
10-03,1.6400001049041748,-0.029999732971191406,0.0,0.0,0.0,0.0,0.0,0.0,0.0,0.0,0.0,1.0,10.0,12-17,0.14636367017572574
10-04,1.6400001049041748,-0.029999732971191406,0.0,0.0,0.0,0.0,0.0,0.0,0.0,0.0,0.0,1.0,10.0,12-18,0.14636367017572574
10-05,1.6400001049041748,-0.029999732971191406,0.0,0.0,0.0,0.0,0.0,0.0,0.0,0.0,0.0,1.0,10.0,12-19,0.14636367017572574
10-06,1.6000001430511477,-0.009999752044677734,0.0,0.0,0.0,0.0,0.0,0.0,0.0,0.0,0.0,1.0,10.0,12-20,0.14454549009149725
10-07,1.7000000476837158,-0.009999752044677734,0.0,0.0,0.0,0.0,0.0,0.0,0.0,0.0,0.0,1.0,10.0,12-21,0.15363639051263986
10-08,2.06000018119812,-0.009999752044677734,0.0,0.0,0.0,0.0,0.0,0.0,0.0,0.0,0.0,1.0,10.0,12-22,0.18636367537758566
10-09,2.1200001239776607,-0.009999752044677734,0.0,0.0,0.0,0.0,0.0,0.0,0.0,0.0,0.0,1.0,10.0,12-23,0.1918182156302712
10-10,2.1200001239776607,-0.009999752044677734,0.0,0.0,0.0,0.0,0.0,0.0,0.0,0.0,0.0,1.0,10.0,12-24,0.1918182156302712
10-11,2.1200001239776607,-0.029999732971191406,0.0,0.0,0.0,0.0,0.0,0.0,0.0,0.0,0.0,1.0,10.0,12-25,0.1900000355460427
10-12,2.1200001239776607,-0.029999732971191406,0.0,0.0,0.0,0.0,0.0,0.0,0.0,0.0,0.0,1.0,10.0,12-26,0.1900000355460427
10-13,2.1299998760223393,0.0,0.0,0.0,0.0,0.0,0.0,0.0,0.0,0.0,0.0,1.0,10.0,12-27,0.1936363523656672
10-14,2.2099997997283936,0.0,0.0,0.0,0.0,0.0,0.0,0.0,0.0,0.0,0.0,1.0,10.0,12-28,0.20090907270258124
10-15,2.1800000667572017,-3.1000001430511475,0.0,0.0,0.0,0.0,0.0,0.0,0.0,0.0,0.0,1.0,10.0,12-29,-0.08363637057217685
10-16,2.1600000858306885,-2.1700000762939453,0.0,0.0,0.0,0.0,0.0,0.0,0.0,0.0,0.0,1.0,10.0,12-30,-0.0009090900421142578
10-17,2.1800000667572017,-2.1700000762939453,0.0,0.0,0.0,0.0,0.0,0.0,0.0,0.0,0.0,1.0,10.0,12-31,0.0009090900421142578
10-18,2.1800000667572017,-2.0799999237060547,0.0,0.0,0.0,0.0,0.0,0.0,0.0,0.0,0.0,1.0,10.0,01-01,0.009090922095558859
10-19,2.1800000667572017,-2.2599997520446777,0.0,0.0,0.0,0.0,0.0,0.0,0.0,0.0,0.0,1.0,10.0,01-02,-0.007272698662497782
10-20,2.2099997997283936,-0.11999988555908205,0.0,0.0,0.0,0.0,0.0,0.0,0.0,0.0,0.0,1.0,10.0,01-03,0.18999999219721012
10-21,2.249999761581421,-0.15000009536743164,0.0,0.0,0.0,0.0,0.0,0.0,0.0,0.0,0.0,1.0,10.0,01-04,0.1909090605649081
10-22,2.3500001430511475,-0.09999990463256836,0.0,0.0,0.0,0.0,0.0,0.0,0.0,0.0,0.0,1.0,10.0,01-05,0.2045454762198708
10-23,2.3500001430511475,-0.06999969482421875,0.0,0.0,0.0,0.0,0.0,0.0,0.0,0.0,0.0,1.0,10.0,01-06,0.20727276802062988
10-24,2.370000123977661,-0.06999969482421875,0.0,0.0,0.0,0.0,0.0,0.0,0.0,0.0,0.0,1.0,10.0,01-07,0.2090909481048584
10-25,2.370000123977661,-0.07999992370605469,0.0,0.0,0.0,0.0,0.0,0.0,0.0,0.0,0.0,1.0,10.0,01-08,0.20818183638832785
10-26,2.370000123977661,-0.07999992370605469,0.0,0.0,0.0,0.0,0.0,0.0,0.0,0.0,0.0,1.0,10.0,01-09,0.20818183638832785
10-27,2.370000123977661,-0.010000228881835938,0.0,0.0,0.0,0.0,0.0,0.0,0.0,0.0,0.0,1.0,10.0,01-10,0.2145454450087114
10-28,2.4300000667572017,-0.010000228881835938,0.0,0.0,0.0,0.0,0.0,0.0,0.0,0.0,0.0,1.0,10.0,01-11,0.2199999852613969
10-29,2.450000047683716,-0.010000228881835938,0.0,0.0,0.0,0.0,0.0,0.0,0.0,0.0,0.0,1.0,10.0,01-12,0.22181816534562546
10-30,2.499999761581421,-0.010000228881835938,0.0,0.0,0.0,0.0,0.0,0.0,0.0,0.0,0.0,1.0,10.0,01-13,0.2263635938817805
10-31,2.4599997997283936,-0.010000228881835938,0.0,0.0,0.0,0.0,0.0,0.0,0.0,0.0,0.0,1.0,10.0,01-14,0.22272723371332345
11-01,2.4599997997283936,0.019999980926513672,0.0,0.0,0.0,0.0,0.0,0.0,0.0,0.0,0.0,2.0,9.0,01-15,0.2254545255140825
11-02,2.4599997997283936,0.019999980926513672,0.0,0.0,0.0,0.0,0.0,0.0,0.0,0.0,0.0,2.0,9.0,01-16,0.2254545255140825
11-03,2.4599997997283936,0.019999980926513672,0.0,0.0,0.0,0.0,0.0,0.0,0.0,0.0,0.0,2.0,9.0,01-17,0.2254545255140825
11-04,2.4199998378753658,0.019999980926513672,0.0,0.0,0.0,0.0,0.0,0.0,0.0,0.0,0.0,2.0,9.0,01-18,0.22181816534562546
11-05,2.499999761581421,0.019999980926513672,0.0,0.0,0.0,0.0,0.0,0.0,0.0,0.0,0.0,2.0,9.0,01-19,0.2290908856825395
11-06,2.009999990463257,0.019999980926513672,0.0,0.0,0.0,0.0,0.0,0.0,0.0,0.0,0.0,2.0,9.0,01-20,0.1845454519445246
11-07,1.56000018119812,0.019999980926513672,0.0,0.0,0.0,0.0,0.0,0.0,0.0,0.0,0.0,2.0,9.0,01-21,0.1436363783749667
11-08,1.56000018119812,0.019999980926513672,0.0,0.0,0.0,0.0,0.0,0.0,0.0,0.0,0.0,2.0,9.0,01-22,0.1436363783749667
11-09,1.56000018119812,0.019999980926513672,0.0,0.0,0.0,0.0,0.0,0.0,0.0,0.0,0.0,2.0,9.0,01-23,0.1436363783749667
11-10,1.1600000858306885,0.009999752044677734,0.0,0.0,0.0,0.0,0.0,0.0,0.0,0.0,0.0,2.0,9.0,01-24,0.1063636216250333
11-11,1.2000000476837158,0.009999752044677734,0.0,0.0,0.0,0.0,0.0,0.0,0.0,0.0,0.0,2.0,9.0,01-25,0.10999998179349033
11-12,0.8399999141693115,0.009999752044677734,0.0,0.0,0.0,0.0,0.0,0.0,0.0,0.0,0.0,2.0,9.0,01-26,0.07727269692854448
11-13,0.8999998569488525,0.009999752044677734,0.0,0.0,0.0,0.0,0.0,0.0,0.0,0.0,0.0,2.0,9.0,01-27,0.08272723718123003
11-14,0.8999998569488525,0.009999752044677734,0.0,0.0,0.0,0.0,0.0,0.0,0.0,0.0,0.0,2.0,9.0,01-28,0.08272723718123003
11-15,0.8999998569488525,1.9099998474121092,0.0,0.0,0.0,0.0,0.0,0.0,0.0,0.0,0.0,2.0,9.0,01-29,0.2554545185782693
11-16,0.8999998569488525,0.029999732971191406,0.0,0.0,0.0,0.0,0.0,0.0,0.0,0.0,0.0,2.0,9.0,01-30,0.08454541726545854
11-17,0.9199998378753662,0.029999732971191406,0.0,0.0,0.0,0.0,0.0,0.0,0.0,0.0,0.0,2.0,9.0,01-31,0.08636359734968706
11-18,0.9500000476837158,0.029999732971191406,0.0,0.0,0.0,0.0,0.0,0.0,0.0,0.0,0.0,2.0,8.0,02-01,0.0890908891504461
11-19,0.9500000476837158,-0.010000228881835938,0.0,0.0,0.0,0.0,0.0,0.0,0.0,0.0,0.0,1.0,9.0,02-02,0.08545452898198908
11-20,0.9900000095367432,-0.010000228881835938,0.0,0.0,0.0,0.0,0.0,0.0,0.0,0.0,0.0,1.0,9.0,02-03,0.0890908891504461
11-21,0.9900000095367432,-0.010000228881835938,0.0,0.0,0.0,0.0,0.0,0.0,0.0,0.0,0.0,1.0,9.0,02-04,0.0890908891504461
11-22,0.9900000095367432,-0.010000228881835938,0.0,0.0,0.0,0.0,0.0,0.0,0.0,0.0,0.0,1.0,9.0,02-05,0.0890908891504461
11-23,0.9900000095367432,0.019999980926513672,0.0,0.0,0.0,0.0,0.0,0.0,0.0,0.0,0.0,2.0,8.0,02-06,0.09181818095120517
11-24,1.1099998950958252,0.019999980926513672,0.0,0.0,0.0,0.0,0.0,0.0,0.0,0.0,0.0,2.0,8.0,02-07,0.10272726145657626
11-25,1.180000066757202,0.019999980926513672,0.0,0.0,0.0,0.0,0.0,0.0,0.0,0.0,0.0,2.0,8.0,02-08,0.10909091342579234
11-26,1.180000066757202,0.009999752044677734,0.0,0.0,0.0,0.0,0.0,0.0,0.0,0.0,0.0,2.0,8.0,02-09,0.1081818017092618
11-27,0.9900000095367432,0.009999752044677734,0.0,0.0,0.0,0.0,0.0,0.0,0.0,0.0,0.0,2.0,8.0,02-10,0.09090906923467462
11-28,0.9900000095367432,0.009999752044677734,0.0,0.0,0.0,0.0,0.0,0.0,0.0,0.0,0.0,2.0,8.0,02-11,0.09090906923467462
11-29,0.9900000095367432,0.009999752044677734,0.0,0.0,0.0,0.0,0.0,0.0,0.0,0.0,0.0,2.0,8.0,02-12,0.09090906923467462
11-30,0.9900000095367432,0.009999752044677734,0.0,0.0,0.0,0.0,0.0,0.0,0.0,0.0,0.0,2.0,8.0,02-13,0.09090906923467462
12-01,1.1000001430511477,0.009999752044677734,0.0,0.0,0.0,0.0,0.0,0.0,0.0,0.0,0.0,2.0,8.0,02-14,0.10090908137234776
12-02,1.0499999523162842,0.009999752044677734,0.0,0.0,0.0,0.0,0.0,0.0,0.0,0.0,0.0,2.0,8.0,02-15,0.09636360948736017
12-03,1.06000018119812,-0.010000228881835938,0.0,0.0,0.0,0.0,0.0,0.0,0.0,0.0,0.0,1.0,9.0,02-16,0.0954545411196622
12-04,0.9700000286102296,-0.010000228881835938,0.0,0.0,0.0,0.0,0.0,0.0,0.0,0.0,0.0,1.0,9.0,02-17,0.08727270906621759
12-05,0.9800002574920654,-0.010000228881835938,0.0,0.0,0.0,0.0,0.0,0.0,0.0,0.0,0.0,1.0,9.0,02-18,0.08818182078274814
12-06,0.9800002574920654,-0.010000228881835938,0.0,0.0,0.0,0.0,0.0,0.0,0.0,0.0,0.0,1.0,9.0,02-19,0.08818182078274814
12-07,0.880000114440918,-0.010000228881835938,0.0,0.0,0.0,0.0,0.0,0.0,0.0,0.0,0.0,1.0,9.0,02-20,0.07909089868718927
12-08,0.8500001430511475,-0.030000209808349613,0.0,0.0,0.0,0.0,0.0,0.0,0.0,0.0,0.0,1.0,9.0,02-21,0.07454544847661798
12-09,0.7000000476837158,0.0,0.0,0.0,0.0,0.0,0.0,0.0,0.0,0.0,0.0,1.0,9.0,02-22,0.06363636797124689
12-10,0.4699997901916504,0.07999992370605469,0.0,0.0,0.0,0.0,0.0,0.0,0.0,0.0,0.0,2.0,8.0,02-23,0.04999997399070046
12-11,0.2999997138977051,0.07999992370605469,0.0,0.0,0.0,0.0,0.0,0.0,0.0,0.0,0.0,2.0,8.0,02-24,0.0345454216003418
12-12,-0.3400001525878906,0.07999992370605469,0.0,0.0,0.0,0.0,0.0,0.0,0.0,-0.009999999776482582,0.0,1.0,9.0,02-25,-0.02454547533257441
12-13,-0.3400001525878906,0.07999992370605469,0.0,0.0,0.0,0.0,0.0,0.0,0.0,-0.009999999776482582,0.0,1.0,9.0,02-26,-0.02454547533257441
12-14,-0.5700001716613771,0.3299999237060547,0.0,0.0,0.0,0.0,0.0,0.0,0.0,-0.009999999776482582,0.0,1.0,9.0,02-27,-0.02272729524834589
12-15,-0.5199999809265137,0.3299999237060547,0.0,0.0,0.0,0.0,0.0,0.0,0.0,-0.009999999776482582,0.0,1.0,9.0,02-28,-0.01818182336335833
12-16,0.14999961853027344,0.309999942779541,0.0,0.0,0.0,0.0,0.0,0.0,0.0,-0.009999999776482582,0.0,2.0,8.0,03-01,0.04090905104848472
12-17,0.09999990463256836,0.309999942779541,0.0,0.0,0.0,0.0,0.0,0.0,0.0,-0.009999999776482582,0.0,2.0,8.0,03-02,0.03636362251232971
12-18,-0.26000022888183594,0.309999942779541,0.0,0.0,0.0,0.0,0.0,0.0,0.0,-0.009999999776482582,0.0,1.0,9.0,03-03,0.003636337647383864
12-19,-0.26000022888183594,0.309999942779541,0.0,0.0,0.0,0.0,0.0,0.0,0.0,-0.009999999776482582,0.0,1.0,9.0,03-04,0.003636337647383864
12-20,-0.26000022888183594,0.309999942779541,0.0,0.0,0.0,0.0,0.0,0.0,0.0,-0.009999999776482582,0.0,1.0,9.0,03-05,0.003636337647383864
12-21,-0.3200001716613769,0.309999942779541,0.0,0.0,0.0,0.0,0.0,0.0,0.0,-0.009999999776482582,0.0,1.0,9.0,03-06,-0.001818202605301684
12-22,-0.3299999237060547,0.309999942779541,0.0,0.0,0.0,0.0,0.0,0.0,0.0,-0.009999999776482582,0.0,1.0,9.0,03-07,-0.0027272709729996595
12-23,-0.309999942779541,0.309999942779541,0.0,0.0,0.0,0.0,0.0,0.0,0.0,-0.009999999776482582,0.0,1.0,9.0,03-08,-0.0009090908887711438
12-24,-0.380000114440918,3.4100000858306885,0.0,0.0,0.0,0.0,0.0,0.0,0.0,-0.009999999776482582,0.0,1.0,9.0,03-09,0.2745454519648444
12-26,-0.3600001335144043,2.5800001621246342,0.0,0.0,0.0,0.0,0.0,0.0,0.0,-0.009999999776482582,0.0,1.0,9.0,03-11,0.20090909353034064
12-27,-0.3600001335144043,2.5800001621246342,0.0,0.0,0.0,0.0,0.0,0.0,0.0,-0.009999999776482582,0.0,1.0,9.0,03-12,0.20090909353034064
12-28,-0.3400001525878906,1.6500000953674316,0.0,0.0,0.0,0.0,0.0,0.0,0.0,-0.009999999776482582,0.0,1.0,9.0,03-13,0.11818181300027805
12-29,-0.380000114440918,-1.5999999046325684,0.0,0.0,0.0,0.0,0.0,0.0,0.0,-0.009999999776482582,0.0,0.0,10.0,03-14,-0.18090909262272445
12-30,-0.309999942779541,0.07999992370605469,0.0,0.0,0.0,0.0,0.0,0.0,0.0,-0.009999999776482582,0.0,1.0,9.0,03-15,-0.02181818353181536
12-31,-0.2999997138977051,0.23000001907348636,0.0,0.0,0.0,0.0,0.0,0.0,0.0,-0.009999999776482582,0.0,1.0,9.0,03-16,-0.007272699509154667
