,2009,2010,2011,2012,2013,2014,2015,2016,2017,2018,2019,2020,ups,downs,avg
01-02,-15.115673580388416,-17.537828042813025,-1.075272933731256,16.294258323324506,-11.662926935039165,11.070490726450842,-14.99690306505144,1.1636230618964742,-5.306353906631588,-4.200589234727733,12.559547853468704,-116.90251236946304,4.0,8.0,-12.142511675225427
01-03,-10.377588239553058,-13.74376430273489,-1.075272933731256,16.294258323324506,-12.06062477753494,11.31489888144914,-13.65039537721853,4.541283512685356,-5.306353906631588,-5.625717953915805,12.939649851217704,-149.6872348685161,4.0,8.0,-13.869738482596624
01-04,-10.737578308479424,-13.74376430273489,3.3691775874910737,18.117882574780072,-11.894701959579086,12.912296492585385,-12.092589657581264,4.541283512685356,-11.600467244156524,-7.801654910253099,10.824081294423527,-177.524748791808,5.0,7.0,-16.302565309385574
01-05,-10.737578308479424,-12.379372097005787,4.101289188054501,16.051471929906715,-10.320504254059813,13.245025905643274,-12.092589657581264,5.527522779255536,-13.924050139982569,-8.959780675299161,7.897590318068283,-150.04460830741354,5.0,7.0,-14.302965276574438
01-06,-6.9744072672565744,-14.9608869195922,8.251750275781934,15.630250818589154,-8.273032959031426,13.245025905643274,-11.513854914626545,5.945952958598336,-14.017524850238914,-9.128066244763236,6.374061270230242,-150.04460830741354,5.0,7.0,-13.788778352839953
01-07,-4.3187666819450685,-17.885376139697325,11.266617641533378,13.037541960043585,-8.273032959031426,11.818643881865642,-9.430020906272393,11.295830338667107,-13.932495357527204,-8.665423952132375,6.374061270230242,-147.5468323422692,5.0,7.0,-13.021604437211252
01-08,-12.050461300938778,-16.487803885607214,12.093026747237074,12.469945008604364,-9.090906909149727,12.799189196592431,-9.547590812541703,14.75045140158247,-14.301123772278045,-8.665423952132375,5.116893884023948,-93.54385911372671,5.0,7.0,-8.871471959027852
01-09,-0.34808400149021684,-10.779954383285386,11.840692662497785,12.469945008604364,-9.332491951845752,13.379749753576812,-7.850638386983054,18.81399209443068,-14.301123772278045,-8.784127858144236,6.015697628543779,-127.92421164561998,5.0,7.0,-9.733379570999436
01-10,0.8459318906847162,-13.848152553581796,11.840692662497785,11.02714161634132,-10.246678321077221,12.882368622525215,-5.441171982709099,18.81399209443068,-17.666088263338523,-12.541600680110607,-2.667589178612777,-118.12451710372484,5.0,7.0,-10.427139266389595
01-11,3.8050206767791086,-13.848152553581796,9.939003854869867,8.067942916417028,-8.789126653198844,13.146124987261436,-7.981920633386805,18.81399209443068,-16.929974977247415,-24.85570415505839,-0.04581132272023125,-88.72832768249151,5.0,7.0,-8.950577787327239
01-12,3.8050206767791086,-14.043660446207705,9.86062664974022,7.097458511799296,-8.73817158074673,12.581287736091644,-7.981920633386805,20.520483206910466,-16.140803677043916,-24.16789802569673,0.5524812876535615,-91.21523521965368,6.0,6.0,-8.989194292813439
01-13,-0.6714759112440125,-15.303428220154332,12.244894593092141,11.016660278572777,-8.73817158074673,12.581287736091644,-8.012047549051319,21.660578933008946,-18.379189924607246,-25.066465630816264,0.5753739829925083,-91.21523521965368,5.0,7.0,-9.108934876042964
01-14,9.692451129744152,-13.775004549423759,7.943761575661669,9.364319035150166,-8.73817158074673,11.73086213208757,-5.692995203714505,20.55914273826025,-15.80631330755646,-25.066465630816264,0.5753739829925083,-96.85212071757641,6.0,6.0,-8.83876336632815
01-15,4.545446918093637,-12.043089147883267,6.8342787564383976,8.834649987430776,-9.968453537409603,10.231020161822967,-2.6559333002824883,15.829533220919073,-11.409812077818572,-25.066465630816264,1.749141824822959,-90.38326807365637,6.0,6.0,-8.625245908194895
01-16,-9.406073867549523,-13.561556790804849,6.70213207753142,8.834649987430776,-8.59842375507505,9.479271662846344,-1.732597330681368,17.21329545839249,-11.409812077818572,-25.066465630816264,1.615510577794994,-104.60624693518764,5.0,7.0,-10.878026385328104
01-17,0.2934914933165953,-13.561556790804849,6.70213207753142,8.834649987430776,-10.489950177705708,10.593537465332876,3.1303315117447954,18.437169637941317,-11.409812077818572,-22.990445387536298,0.023179920919516168,-97.34512832440059,7.0,5.0,-8.981866722004062
01-18,0.3466695149739583,-13.561556790804849,6.70213207753142,5.048742654100923,-13.305403130165482,10.728550038204077,3.1303315117447954,18.437169637941317,-10.107445285922806,-18.34944484068005,1.1353480461310037,-76.41633826261905,7.0,5.0,-7.184270402463727
01-19,0.3466695149739583,-13.561556790804849,8.647687801378897,4.801667264289304,-17.32721549034446,11.19384967423111,3.1303315117447954,18.437169637941317,-10.360631411080043,-25.724907711623345,0.6622537325056628,-73.78326380154266,7.0,5.0,-7.794828839027526
01-20,0.3466695149739583,-11.747191347024293,7.533756140252893,6.179194263365632,-23.13509627684762,11.19384967423111,3.1303315117447954,14.121339137525663,-11.248261153432928,-22.035756837472604,0.6168619029926941,-73.78326380154266,7.0,5.0,-8.235630605936114
01-21,1.0958213220764124,-9.940758553451188,6.8010119997551115,5.809129670621601,-23.13509627684762,11.19384967423111,1.9088267751330417,16.920824430447038,-9.849548641332587,-19.379015761833287,0.6168619029926941,-73.78326380154266,7.0,5.0,-7.645113104979194
01-22,5.825479586594242,-5.45278234873552,2.4530967340231853,5.809129670621601,-23.13509627684762,10.23011555632227,-0.5139928692830057,17.162908584131557,-7.880220906751164,-19.379015761833287,0.6168619029926941,-71.46546067395529,6.0,6.0,-7.144081400226697
01-23,7.225929670802293,-4.9280029296875,3.324985415295,5.809129670621601,-22.417348885317644,7.646300086006788,1.237689553169638,21.02932135159528,-7.880220906751164,-19.16487810190905,4.2247215013825485,-92.55318357445509,7.0,5.0,-8.037129762437276
01-24,4.676723181962419,-5.400193739040869,3.324985415295,5.670813918817254,-22.241139794099897,8.931421333730553,0.39682368053423067,20.306515556584067,-14.02679862493536,-16.97916499718467,3.8770089952225337,-73.9779346619834,7.0,5.0,-7.1200783112581805
01-25,4.676723181962419,-5.400193739040869,3.968533179308847,3.3227306597282054,-23.063801951742846,10.463883894848278,0.6502673146223703,20.306515556584067,-20.315026818045645,-21.776091004089846,0.5883646291313911,-70.21546935916288,7.0,5.0,-8.066130371324709
01-26,4.676723181962419,-4.757311196399886,3.470712544354821,3.199429951585348,-25.16239524906517,11.026713071822417,0.6502673146223703,18.3056589142566,-9.308811156890943,-23.325371404416913,-2.5694894623558184,-70.21546935916288,6.0,6.0,-7.834111904140638
01-27,3.168928302118556,-4.5745309896253294,2.5046052107922354,2.1207769915887438,-22.85235418671356,11.026713071822417,1.9508019438671107,20.94827780400382,-8.482474438541129,-20.86227515934839,-0.9889611538704832,-70.21546935916288,6.0,6.0,-7.1879968302557415
01-28,1.3608893935842714,-0.9974242815423332,4.8580012454786905,0.6679046385160418,-22.85235418671356,10.502886600781043,4.763230635066422,19.123678524037448,-6.9472893232311925,-22.787323688489817,-0.9889611538704832,-71.35615572305225,6.0,6.0,-7.054409776619643
01-29,9.968316534904806,1.812405686312539,1.5993909848942494,2.5482303352316324,-22.114095037936398,11.36122164068965,2.529182487464669,14.855627115813858,-6.9472893232311925,-22.787323688489817,1.011956373830159,-67.47133682004804,8.0,4.0,-6.1361428092136565
01-30,12.278954216223685,3.3406854120227765,-0.0387155590839085,2.5482303352316324,-20.27206613829607,9.186422267062731,5.804307508036906,16.64138689327924,-6.9472893232311925,-22.190049115349264,2.338249255701024,-65.49253321405665,7.0,5.0,-5.233534788538258
01-31,10.799482521087825,4.751554814888267,-0.0387155590839085,3.05788195698835,-23.045690521542074,9.636262818558023,2.409301903017319,16.260334412946392,-4.544612597908375,-19.75220701374133,2.8327300685710712,-63.828502631070045,7.0,5.0,-5.121848318940707
02-01,10.447371633429276,4.751554814888267,0.30971708843341106,2.3339303756805587,-30.121782706947155,15.223237764804932,4.239123888412225,16.260334412946392,-5.76124505265673,-21.764388537406017,6.660810029005619,-63.89563700932356,8.0,4.0,-5.109747774894398
02-02,10.447371633429276,4.565221074140535,4.508980900786021,0.5828773878510304,-25.387872383583137,15.223237764804932,4.239123888412225,18.219414850000764,-6.234263912639964,-16.021503134307082,6.441849654908421,-74.14571134941286,8.0,4.0,-4.796772802134154
02-03,6.1578951383891845,5.527796478636564,3.992465146525328,-3.0181815407492896,-30.39970948429966,15.223237764804932,1.9021760256845233,17.393213967156335,-5.8913252767219175,-5.436129878885229,6.441849654908421,-74.14571134941286,7.0,5.0,-5.18770194616364
02-04,10.956521360030086,7.776731231425929,1.6595920791513614,2.7266305382593266,-30.39970948429966,14.550833251765706,1.718411072940645,16.956520080566403,-2.9002107654818587,-5.454868090639595,6.441849654908421,-76.85364216885826,8.0,4.0,-4.401778436685959
02-05,10.686638853506764,7.276181904457103,0.4219432744120874,1.080306587914759,-30.83974956449923,15.460616281901743,-3.1963439001751235,19.610747552343547,-4.2125609761850855,-5.454868090639595,4.971896499161648,-92.38612619762787,7.0,5.0,-6.3817764812857725
02-06,1.718671420211198,11.006953199996957,0.4219432744120874,1.080306587914759,-32.565912953510555,15.760731477363267,-0.5051930950876701,21.859082068210387,-4.2125609761850855,-5.987922565168423,3.9571519608035284,-65.52358121818726,7.0,5.0,-4.415860901602233
02-07,6.99119844022141,12.566843616790882,0.4219432744120874,1.90853683078473,-32.687285036725534,16.058017780184127,0.02791267900163557,20.78313240651837,-4.386474314519171,-9.443057608533485,9.051725484528196,-82.71437339123808,8.0,4.0,-5.118489986547902
02-08,10.08761581234478,12.566843616790882,-2.3782157517880207,-0.2949849602892418,-29.86162067127005,16.79467778456532,-0.4206436526100884,20.78313240651837,-1.71985033382427,-8.084491240782421,8.742698540508849,-78.77603970215806,5.0,7.0,-4.380073179332829
02-09,10.08761581234478,11.734999348917535,-0.7924493753685141,0.14625563060118024,-26.119411685282863,15.998963159527808,-0.4206436526100884,20.654041670972017,-4.2376134167508015,-8.738215569538937,8.026459784173086,-80.06556776703381,6.0,6.0,-4.477130505004051
02-10,12.490617229464204,13.211983928096434,-1.3422841702009274,-1.3972841602328463,-24.745169514012947,15.998963159527808,-1.8508128161419677,19.588300361069557,-3.3673831985319693,-10.514624689084874,10.358907847143199,-80.06556776703381,5.0,7.0,-4.3028628158281785
02-11,10.221867061530483,11.623729610426624,-0.8190592269372725,-1.0772622858723069,-24.745169514012947,13.517704129939892,-0.3083841211052549,20.042827531984848,-0.2414581496040091,-9.2006635494116,10.358907847143199,-83.40983156298027,5.0,7.0,-4.503066019074884
02-12,13.676512332984268,9.640018479986221,-0.7076369882986827,0.8743230302231021,-26.53778219540716,11.20959115913095,-2.469138841710611,21.40069202183178,-0.3159888216605604,-9.2006635494116,5.222437930208993,-82.40563032716031,6.0,6.0,-4.967772147440301
02-13,12.89656936023779,9.692173360020323,-1.4634195218745694,0.8743230302231021,-28.015419830031966,9.316439261440767,-3.52349607206706,19.542440239876512,-0.3159888216605604,-9.895745094761072,-2.8518898149073415,-81.20204303375986,5.0,7.0,-6.2455047447719965
02-14,17.955947673767568,10.15767261360783,-1.4634195218745694,1.7850698172961568,-30.66809259167881,6.361663674838249,-2.5083547502495023,18.248963575814273,-1.3197009192215152,-5.315548322948362,0.4220315965728055,-69.74235480637554,6.0,6.0,-4.6738434967042854
02-15,19.279237568153587,10.15767261360783,-1.988745569350732,6.0071946839036094,-30.347031415126395,5.951735794675603,-2.938704871292668,18.248963575814273,-2.5908655174556703,-8.402250642672508,-2.110459378956335,-65.49088324369019,5.0,7.0,-4.518678033532466
02-16,19.279237568153587,10.15767261360783,-2.4860855559429234,5.142652750478752,-35.670404091142174,6.153020790099504,-2.938704871292668,18.248963575814273,-4.287615586197614,-15.234821266725627,-0.9801792100440836,-56.215310229929706,5.0,7.0,-4.9026311260934055
02-17,19.279237568153587,10.921905668565989,-4.966888764944756,2.6221247781439767,-36.60844811088498,6.153020790099504,-2.938704871292668,12.952794313948667,-0.2628109413279228,-11.028865624538076,0.3298102741675291,-56.215310229929706,6.0,6.0,-4.980177929153238
02-18,22.027884324456775,9.848263353710164,-8.349000754475096,2.653578830108209,-36.60844811088498,6.153020790099504,-5.157018043045964,13.9493186800138,-1.62571076307686,-9.950522879865067,0.3298102741675291,-56.215310229929706,6.0,6.0,-5.245344544060141
02-19,18.98443196585987,10.63201511097772,-5.732726727920992,4.322969254616462,-36.60844811088498,6.081264394839393,-6.619807195766156,13.011073134561784,-3.6164968231813455,-9.950522879865067,0.3298102741675291,-65.93673844554571,6.0,6.0,-6.258598004011791
02-20,18.849359120288288,4.686509011437146,-5.53240252212351,4.322969254616462,-30.85838561904757,6.833460387286722,-4.7410091700102495,10.291087711542794,-3.6164968231813455,-9.950522879865067,-6.580109526476343,-72.31564892571302,5.0,7.0,-7.384265831770474
02-21,31.515426374256574,4.5353640153311385,-5.53240252212351,4.322969254616462,-25.914207808848797,6.209157184637159,2.730748304662858,7.688684006864295,-3.6164968231813455,-9.488782173705372,0.3618522149888048,-67.80645308956024,7.0,5.0,-4.582845088505164
02-22,29.22153212831552,4.5353640153311385,-5.53240252212351,0.3687329586106063,-28.637330047657994,3.467555710210578,5.139814499039824,7.688684006864295,-2.297986847234273,-12.102148047240693,0.3202423684676669,-63.12703774102332,7.0,5.0,-5.07958162653668
02-23,29.22153212831552,6.470031307012892,1.5557174915742666,-10.853884863751972,-21.39860404756714,3.5215158315272683,5.139814499039824,8.443400241081662,-0.873367980181825,-8.634000093946593,-4.737546956158301,-70.22434296799396,6.0,6.0,-5.197477950920695
02-24,26.842228213179627,2.084019749607962,-2.201836262274226,-14.633221055186462,-21.017778230737054,3.5215158315272683,5.459385562482965,7.695908574332968,-5.830391246115752,-5.941801504927668,-6.2979705724086825,-70.22434296799396,5.0,7.0,-6.7120236590427504
02-25,23.985243644189076,-1.1908825748155731,-3.78398498393854,-20.998768304066502,-21.017778230737054,3.3258766554166144,6.8800048828125,9.352686909841244,-9.777150768151039,-7.061099237342682,-6.2979705724086825,-61.114892600129146,4.0,8.0,-7.3082262649441505
02-26,18.014351475443707,11.866032457536852,-0.28149163790039977,-24.20168240977319,-21.087490525583235,3.4306749894195416,7.708558345581553,5.8674078581880815,-11.251268784569962,-7.061099237342682,-4.401807667093863,-45.90488541389181,5.0,7.0,-5.6085583791654505
02-27,10.938670459147264,12.159595192732505,-1.0280075325736753,-24.20168240977319,-21.52728928790452,0.8426945222445079,13.230284200456605,3.537352605499413,-11.251268784569962,-5.018486402844653,-7.697677612304687,-35.51225438540335,5.0,7.0,-5.460672452941144
02-28,12.75201949187233,13.474739292343939,-1.0280075325736753,-21.176475113827845,-2.742894637898437,-0.13620059468128728,10.705727135664151,3.738970178830983,-7.853502900954941,-2.0910185027229398,-7.207002178496912,-33.15858053766982,4.0,8.0,-2.893518825009538
02-29,0.0,0.0,0.0,-16.973413043081425,0.0,0.0,0.0,3.738970178830983,0.0,0.0,0.0,-37.871460917642935,1.0,2.0,-4.2588253151577815
03-01,6.229684049646447,13.474739292343939,0.7798628872539886,-17.362816371299697,-1.0050225568733335,-1.0283461272711525,10.586669921875,2.9261544264882793,-9.91283034287268,-1.5903527228217826,-15.4532302751962,-45.62044555247015,5.0,7.0,-4.831327780933113
03-02,6.229684049646447,11.228952384941252,-1.0229241773423805,-14.3445981426387,1.1757041165403683,-4.304160877119894,10.586669921875,-0.16218650387325234,-9.07399605772572,-2.688079753739289,-13.039403032076022,-45.62044555247015,4.0,8.0,-5.086231968665195
03-03,6.690134150882651,10.674157236482888,-5.976094103785187,-17.85419006737508,2.512888735951431,-4.304160877119894,10.26666259765625,-3.4241817150089715,-9.797432325592524,-2.1203299302234573,-14.190954296111975,-43.065698206904315,4.0,8.0,-5.882433233429015
03-04,2.63301090305502,11.543282605715909,-4.163627947186364,-21.321960926764806,2.512888735951431,-8.321382074183989,12.10525914242393,-2.8591341914185278,-9.771914792803432,-0.5089973850489106,-14.190954296111975,-44.28259378307124,4.0,8.0,-6.385510334120247
03-05,6.246633637454617,12.957317374562454,-4.672897196261682,-21.321960926764806,1.256447440379995,-7.93290037185979,12.767080380028776,-6.086750403523308,-14.76700970290092,-0.5089973850489106,-14.119874943719433,-27.208483994783432,4.0,8.0,-5.282616341036371
03-06,8.869479079208649,15.340739716837476,-2.903347821052139,-17.228140199311017,0.09731004450129577,-8.564947820543042,15.342110081722865,-7.7129004898591225,-14.76700970290092,-0.8313567863653628,-11.39749252891241,-11.749681804064384,4.0,8.0,-2.9587698525615096
03-07,1.604569337075755,15.03464317637522,-2.903347821052139,-22.699110947683028,1.8916323901426215,-8.822701253683798,14.497750562068806,-7.7129004898591225,-14.066944725360987,-1.6537350399780413,-14.926095902800734,-0.4441604937031476,4.0,8.0,-3.3500334340382167
03-08,-2.0304603476947114,15.03464317637522,-4.557154429212758,-26.125726841828676,-1.3738029254219355,-10.920038520898943,14.858804853011828,-4.3065706167316895,-10.724322344805744,-1.2622013179259448,-14.48461285806465,1.4934646899555482,3.0,9.0,-3.699831456936872
03-09,-2.0304603476947114,14.462185705539149,-4.63065149311546,-26.456421093788833,-1.382193174990497,-10.983659157937552,14.858804853011828,-7.116287630998381,-8.617741059690003,-4.4688053287912055,-14.471780348512075,1.4934646899555482,3.0,9.0,-4.111962032251017
03-10,-7.106600459183706,8.691498107285902,-2.422906949183933,-26.25329539772875,-1.6763392975177291,-10.983659157937552,16.33676095650742,-2.0626117634121184,-11.929977097801107,-6.170720714270347,-14.748545416110046,5.413813951964723,3.0,9.0,-4.409381936448935
03-11,-7.24760225938522,9.555773700802416,-7.069557765515295,-24.339536140084807,-1.6763392975177291,-11.041016365784735,16.231194820790776,-5.794256412657902,-9.380340729091364,-7.3855726404199435,-14.748545416110046,7.031737000000475,3.0,9.0,-4.6553384587477815
03-12,-17.82786937877945,7.4829974424723105,-6.7938882727619125,-24.339536140084807,-0.32237388779502263,-10.524812434928887,11.911724194450764,-1.9867553851472932,-10.394651295775443,-7.3855726404199435,-14.361698595387168,29.21211936257102,3.0,9.0,-3.77752641929882
03-13,-18.638093721749467,9.68360689673838,-6.0250101908360545,-29.060195063362137,-0.6125036231630087,-8.057141985212054,12.320209739000163,-1.746101569417542,-10.394651295775443,-6.986821702452822,-12.814311312495642,22.439020957924004,3.0,9.0,-4.157666072566801
03-14,-11.589216422238612,4.8164374518465145,-6.0250101908360545,-25.985274839106182,0.3830221497785546,-7.373146069867034,9.96658741328254,-1.746101569417542,-9.596723884933196,-6.484046192756227,-15.363481672299292,35.910651963695265,4.0,8.0,-2.757191821904272
03-15,-12.590455527860815,4.8164374518465145,-8.260706159890605,-29.04062834033299,1.0845299791092091,-5.736133403743549,11.080557870910097,0.6370940324652512,-12.982533095605099,-6.609551818084494,-14.434786020598795,38.61766395299322,5.0,7.0,-2.784875923232672
03-16,-12.590455527860815,2.054565844994938,-5.721865342195264,-28.951970212044703,4.113430004822757,-6.521736163823298,11.080557870910097,-2.8787101822980588,-8.14374214430279,-6.739590109838782,-16.7788567435211,38.61766395299322,4.0,8.0,-2.7050590626803173
03-17,-15.745304085480134,-1.212525080927407,-4.822433329074182,-28.620843404362628,1.881378000972164,-6.521736163823298,10.970574597052266,-5.663972018533147,-3.3769490039075283,-4.504346414292769,-12.867470247199734,44.59681494741975,3.0,9.0,-2.1572343501797206
03-18,-11.12350654384908,-2.9530237941107984,-5.031218737658795,-28.843654410568146,1.881378000972164,-7.622455823150048,8.982528115281486,-4.522736495576139,-2.941805756629685,-2.790857183008848,-12.867470247199734,35.38905019207056,3.0,9.0,-2.7036477236189227
03-19,-6.429554959978032,-2.394607085854941,-3.965078798338436,-28.843654410568146,0.510203585134164,-9.085847431407263,6.527197356164625,-4.542279872065025,-2.3047332528605344,-2.790857183008848,-11.060241331537087,19.03409266397969,3.0,9.0,-3.77878006002832
03-20,1.1933194745813291,-9.664761041330692,-9.627925808453908,-26.894755493436623,-1.4358671370405034,-11.739859558571226,6.816309737137798,-3.5294178727768935,-2.3047332528605344,-2.4245584253505092,-10.209044300560317,31.87429544766608,3.0,9.0,-3.1622498525830007
03-21,-8.497441466984192,-9.119942040427127,-9.627925808453908,-27.006983042988324,-2.4303304768841216,-15.380203285609298,7.731964844346693,-3.5294178727768935,0.7469105511301305,-3.6926364133285934,-14.15775724268091,31.219517313659285,3.0,9.0,-4.4786870784164385
03-22,-11.691205485706536,-9.119942040427127,-7.211358228318193,-30.170434917677394,-1.508832187668902,-15.214892052816394,9.064179320955356,-8.143028185113932,2.152808009221616,0.15739795751582752,-6.6023790165985545,33.17535685448778,4.0,8.0,-3.759360831012205
03-23,-11.691205485706536,-11.923351930320726,-6.495990668641213,-30.74792194981401,-4.251809497992632,-16.44946569931921,9.064179320955356,-7.516188422394249,2.335277216982625,6.542547514121082,-2.6575753902865,33.17535685448778,4.0,8.0,-3.3846790114940184
03-24,-8.331019549662308,-7.835564024320773,-13.349135501001433,-33.49976818312278,-5.785951720093586,-16.44946569931921,9.09091279989996,-8.265422989523572,1.646609239781632,6.257578231216947,-3.978089570873813,27.119534916282053,4.0,8.0,-4.44831517089474
03-25,-12.696184810961867,-10.014514812645556,-16.384861794778196,-26.821902415308667,-5.785951720093586,-16.536354187748955,9.289611620026953,-2.4732633331868543,0.6831761182360689,7.933264750178576,-3.978089570873813,31.70000076293945,4.0,8.0,-3.757089116184704
03-26,-20.055938934112767,-15.056602909879865,-12.89682500636918,-26.821902415308667,-6.0200707938927325,-11.426974225384171,9.836065405708084,-3.768055043189914,0.0,7.933264750178576,-3.4778444506740467,33.06902973871371,3.0,9.0,-4.0571544903509125
03-27,-11.711703455461613,-19.82792239082611,-15.182185765866864,-26.175073544778968,-6.507885168780522,-8.392953286334388,8.467637905315485,-0.8110538256138113,0.0,10.350700812600634,-3.798375846642246,37.68518610909805,3.0,9.0,-2.9919690381075297
03-28,-0.6219565848659261,-18.57584833094447,-15.182185765866864,-25.387927568766905,-6.346023996789743,-7.646262240247662,4.993140347680606,-0.8110538256138113,-0.7738620094778662,9.188363933670091,-2.338218410247895,33.95031677501453,3.0,9.0,-2.4626264730379934
03-29,-2.4504388687405934,-18.57584833094447,-14.331979347507634,-23.36769100625337,-3.1914926670751487,-8.505437861430911,6.9086011884832645,-2.2577874136560983,-2.3524446912971704,5.498223594047548,-1.3148658635470525,28.367669302629817,3.0,9.0,-2.964457663774318
03-30,-2.4504388687405934,-17.569655500656133,-13.618054430597255,-26.552183750497626,-4.5822122519129405,-11.31865484858459,6.9086011884832645,-6.308930176995442,0.6523064440785666,8.269398401768719,-5.297698850484879,28.367669302629817,4.0,8.0,-3.62498777845909
03-31,-3.1938322058340085,-13.822976202466608,-14.320587748939841,-26.322635886393154,-5.184685444861756,-11.31865484858459,5.537637986672555,-9.05771672405684,-0.985911179572688,7.401031583461835,-6.39506601178924,19.809825354174386,3.0,9.0,-4.82113094401583
04-01,-6.052034368523053,-15.07575605964308,-13.012047472912394,-28.836790687347357,-5.184685444861756,-11.73683586432354,6.2750393616651765,-10.02068668937132,-0.4599990844726562,7.416970105010193,-6.39506601178924,8.328373961978519,3.0,9.0,-6.2294598545492095
04-02,-14.169342152827857,-15.393253129444675,-8.090244671812872,-28.836790687347357,-3.4564569632411715,-14.884520291209226,4.707481747581845,-8.042279327172258,-0.5002000846133139,7.416970105010193,-3.7186159389648457,10.925817626314961,3.0,9.0,-6.17011948064388
04-03,-20.202617705173246,-10.9071227660317,-13.24368328749168,-27.908002191974592,4.056726763246952,-13.579541692310212,2.4423694379508167,-8.191443737427344,-0.5002000846133139,5.661677647515413,-1.4133471096111192,21.492198773774422,4.0,8.0,-5.1910821626788
04-04,-21.533834127555213,-12.44525509082843,-13.24368328749168,-21.939655108627612,3.070754996858859,-9.637870252431368,3.2653081984747017,-8.191443737427344,0.2601061810842457,1.839199919870644,-3.8748829166655168,25.806453982758747,5.0,7.0,-4.718733436831666
04-05,-19.30912642979352,-12.44525509082843,-12.95842819555499,-20.47108651480033,3.1662239252480373,-7.148955505267564,3.9189209809174415,-9.088819250230278,-1.540301294684858,-0.10427104212568664,-3.6250280421196814,20.402895859556093,3.0,9.0,-4.933602549973647
04-06,-19.30912642979352,-14.051096478359144,-14.02363852595312,-18.68600281984889,4.496582092215363,-5.437215835526676,3.9189209809174415,-8.02482807329376,-0.20235186670079466,3.457306663890404,0.9858893813036418,20.402895859556093,5.0,7.0,-3.8727220876327473
04-07,-15.52997431977706,-14.670112689647794,-9.45785257757746,-15.244409271832108,1.8419327969421104,-5.437215835526676,4.648651947846283,-8.032597675565999,-7.726182308020165,4.870805098268416,1.4276225255524289,18.491739486135074,5.0,7.0,-3.734799401933579
04-08,-17.884731090474173,-14.463569535639865,-9.079952930098317,-15.244409271832108,1.8419327969421104,-6.3340759590895095,5.351886692973823,-5.295458706942472,-12.076888227299206,6.870614866497003,1.4276225255524289,14.499481876299678,5.0,7.0,-4.198962246925884
04-09,-19.169324471742545,-15.02590450466044,-6.1483585906350005,-15.244409271832108,2.0428687136064347,-4.259971105386171,5.456957280241102,-3.466363764324254,-13.140686695396381,6.870614866497003,4.5059120572339015,12.578287403992968,5.0,7.0,-3.7500315068671255
04-10,-20.824562380288477,-21.475478966268586,-10.441604351809241,-11.640436803391069,-1.4640734951997094,-3.113051400599164,4.663492469409898,-2.7167779322733594,-13.140686695396381,4.0676761608144965,4.165747044618507,11.632872635012346,4.0,8.0,-5.023906976280894
04-11,-20.86092730441237,-18.94856326658695,-10.441604351809241,-18.60966966467394,-3.6451150918960966,-2.5697715956513503,3.853310448529517,-2.7167779322733594,-13.246148068991547,4.295859279233,2.694944131580848,12.055233494217127,4.0,8.0,-5.678269160227864
04-12,-19.636471641603066,-18.94856326658695,-8.378046739567322,-18.561092604659567,-3.2134128650435883,-4.421772753026457,2.2954320878787606,-4.482688338270474,-12.232352515888774,2.53762824366102,0.6255558306448211,7.018529126799492,4.0,8.0,-6.449771286305176
04-13,-19.636471641603066,-20.00756014117554,-5.256719478614534,-19.03730008095065,4.416292532047506,-3.68702904108836,2.2954320878787606,-0.9005048504383927,-7.04663528679566,2.6334422591852755,-0.463787333991582,7.018529126799492,4.0,8.0,-4.9726926540622305
04-14,-13.676996319317427,-28.389158137530327,-7.1223894776191425,-13.918809839706856,4.904633869625707,-3.68702904108836,2.4844671868033514,-6.385461869518151,-6.866338235856475,3.2258075186849706,-0.11004193060961366,7.467714562537638,4.0,8.0,-5.172800142799557
04-15,-10.981302970840185,-26.112647607302822,-7.620588386512178,-10.574986216396402,4.904633869625707,-4.643967302471039,-0.5464501947475994,-11.218567024119288,-9.157131312679029,0.6056290635631583,-0.11004193060961366,16.38813548900411,3.0,9.0,-4.9222737102904315
04-16,-17.655659389563674,-27.61104314416541,-6.101555145221322,-10.574986216396402,3.405994479603064,-6.150799486183616,2.009771509785082,-14.068537703322036,-8.479839541283232,0.6056290635631583,-1.8045768477251551,20.227767830166542,4.0,8.0,-5.51648621589525
04-17,-18.281153322887413,-31.325305405586167,-5.410902879716216,-13.550457652451945,8.734935663686167,-6.9243652443305175,1.793720247125666,-7.947018656038363,-8.479839541283232,-0.26719189082599953,2.680847492623837,15.036417756999604,4.0,8.0,-5.328359452723714
04-18,-13.641830174439876,-34.05428631309103,-5.410902879716216,-7.97045567316468,9.509408272650358,-7.309619515219612,-0.3379407272719069,-7.947018656038363,-8.397107552059376,-2.8884789658502315,3.694476479913299,22.62277485950992,3.0,9.0,-4.344248403731476
04-19,-13.641830174439876,-34.05428631309103,-6.0618379810536185,-3.8682504989349233,11.91726615191212,-4.719288659816214,-0.3379407272719069,-7.604471218854552,-10.036149996203957,-0.6467851443379057,2.633796932391764,22.62277485950992,3.0,9.0,-3.6497502308491834
04-20,-13.641830174439876,-40.24597032155811,-7.811228975807322,-4.749137273579972,9.848982567859911,-4.719288659816214,-0.3379407272719069,-6.14295174804426,-11.2694092905036,1.3295035582024044,2.633796932391764,22.62277485950992,4.0,8.0,-4.373558271088108
04-21,-16.045674123972162,-42.748091417812816,-9.335503237166316,-2.6356601755204365,8.770768317406127,-4.719288659816214,-0.8729974315516408,-1.317238855912391,-7.1310085137176085,1.5527377312851751,0.9219560694746024,19.749215535584312,4.0,8.0,-4.484232063476613
04-22,-19.6107752629457,-47.894052791068795,-7.225554604461566,-1.8461520855243392,8.770768317406127,-5.9397952396260045,0.19591294632252185,-3.570637846314485,-6.701654488229187,0.5767838815150069,0.9219560694746024,14.994428394530267,5.0,7.0,-5.6107310590767945
04-23,-15.603055298783396,-47.11326700064181,-7.054605209243518,-1.8461520855243392,6.5116311195394925,-5.594976176882019,0.08404087773938268,-2.7400302048566387,-6.251257508244348,0.5767838815150069,2.7658682084238064,14.120882092114035,5.0,7.0,-5.178678108737027
04-24,-24.466083160160373,-43.01919140568016,-5.873077342646186,-3.5384618318997902,5.732271453753557,-3.5078229597623563,0.16807107005247934,-1.6979062484490963,-6.251257508244348,2.6315773188879983,1.6694863073165926,14.999996371891113,5.0,7.0,-5.262699827911715
04-25,-25.550523029227964,-38.0791874276961,-5.873077342646186,-4.332958267341558,6.430443287102658,-4.9584514991338215,-0.14001466911906876,-1.6979062484490963,-8.221105834347519,2.6011096942581027,7.587672163046894,5.9188232841468915,4.0,8.0,-5.5262646574505645
04-26,-27.99603593900615,-38.0791874276961,-5.8336598079554856,-6.595089410989824,5.854801056322748,-2.3552188155370324,-2.1422451755409138,-3.131206243486204,-8.906877682739822,5.1487606175908445,4.110756706737373,6.915782208660746,4.0,8.0,-6.084118326136651
04-27,-27.99603593900615,-38.205567353068474,-3.0150705604692534,-8.234845158628438,6.303913925037527,-2.896927734335568,-2.1422451755409138,0.8401538238520325,-6.7236941263907015,6.255505263542813,4.9509169112382,6.915782208660746,5.0,7.0,-5.329009492925682
04-28,-28.887420718150423,-37.24510445213893,-5.810763602215578,-7.4488626651557075,6.829428344761799,-2.896927734335568,-2.485012248763601,4.125445492984402,-5.949746903462626,7.732956410515716,-4.504932031347826,5.131065591941861,4.0,8.0,-5.950822876280539
04-29,-30.269210432784057,-38.73728078115058,-9.685228216412787,-7.200619517428298,6.829428344761799,-3.8997149071774753,-2.5251107794702072,8.514569928117927,-7.877681866151716,6.6975389426642975,-4.504932031347826,-6.25000843462,3.0,9.0,-7.409020812583244
04-30,-28.963715482695125,-43.63248358233336,-6.701444908431577,-7.200619517428298,8.709994840530612,-5.0590195177828345,0.885212362189706,10.619823240802981,-6.796309777578223,6.6975389426642975,-5.326139170936123,6.802714836231841,5.0,7.0,-5.830370644563843
05-01,-24.01898149877884,-41.73294882972302,-6.2325186701840725,-5.929922819579871,10.517745485278946,-3.324870201948924,2.873405668238344,10.056888744767774,-6.796309777578223,3.740645701731713,-5.7674407958984375,11.85861327714666,5.0,7.0,-4.562974476377328
05-02,-25.21327502611681,-43.29243255568986,-6.2325186701840725,-6.022727937737782,10.357138654960004,-3.078193991629881,2.0636320816811002,10.056888744767774,-8.520448895332372,2.6057453440675906,-4.748726389746151,13.213888744123105,5.0,7.0,-4.90091915806978
05-03,-19.152143920758885,-43.29243255568986,-5.233717259310021,-0.8178484156987699,7.542261630563562,-3.6117456083349846,-0.058555321150579674,11.357171909692276,-5.128713173441367,2.9275247701665346,-8.749997019767813,18.119388536079217,4.0,8.0,-3.841567202304225
05-04,-19.152143920758885,-33.643677720221895,-6.755663926704727,1.0142766688637241,8.238355111433632,-3.17505215866954,-0.058555321150579674,15.149088472881372,-5.4209680483506055,0.3503570501803276,-8.47614595077574,18.119388536079217,5.0,7.0,-2.817561767266143
05-05,-34.51594689197926,-34.398985153900114,-11.004015313635144,1.791718675555381,8.417289938435474,-3.17505215866954,-7.232788567034447,14.397274378104644,-5.339996337890625,-2.2201818063718464,-11.021573067639675,18.911779535086552,4.0,8.0,-5.449206397494883
05-06,-28.00118659419268,-33.998228093369114,-13.447125231807966,2.5555575335467298,8.417289938435474,-0.477657117775964,-7.964348921750225,13.594748413358573,-3.8743835149074233,-1.4384576508854516,-11.021573067639675,22.04557825157695,4.0,8.0,-4.467482171284232
05-07,-17.451605920286607,-30.971473663927394,-11.374790174095507,2.5555575335467298,7.052323834939775,-2.4334339155306117,-7.634901939615883,11.994303467977907,-2.7016132939742703,-1.4384576508854516,-6.5655381557895645,21.104742459736208,4.0,8.0,-3.1554072848253885
05-08,-19.56521834013963,-37.07913961983299,-10.830618506733927,9.518517388237846,10.955929711068068,0.5358111438648672,-8.788056864187354,11.994303467977907,-2.7016132939742703,-4.497453210222057,-7.393937544389205,16.130730504498256,5.0,7.0,-3.4767287636527078
05-09,-16.54026308503526,-36.008682946349786,-10.830618506733927,11.160886809577553,10.06836463763814,-1.3378804204832189,-8.684508342315215,11.994303467977907,-0.4233929548999711,-2.6572690325604964,-2.6988323308857742,20.6448227137753,4.0,8.0,-2.10942249919123
05-10,-17.777131248535188,-36.008682946349786,-15.716615204753024,5.9976910888687325,5.937202514071812,-3.2920600416589827,-10.126942691822537,12.644841593121233,-1.2149920426328544,-4.2307718641895065,-5.3614726322780015,19.259256418606718,4.0,8.0,-4.157473088129282
05-11,-17.777131248535188,-37.00651179602075,-13.9797942806976,6.076922783484825,7.24052175764368,-4.408416506789695,-10.126942691822537,11.399171347258493,-0.6734731246014031,-5.416364236411161,2.5375982053714266,19.259256418606718,5.0,7.0,-3.572930281042765
05-12,-16.981139289989432,-32.15169443866361,-14.31452118395286,3.653693666178543,5.627565053826369,-4.408416506789695,-8.338140226114914,10.307562748481514,1.2653039426219708,-7.24448311350146,5.962369149226527,23.439150481030307,6.0,6.0,-2.7652291431372285
05-13,-4.26432738785668,-32.835820069339874,-12.739897380125393,2.959999084472656,5.627565053826369,-2.3321948190638957,-12.275443972493065,12.494906026342873,2.6755140632719465,-10.194266331896847,5.962369149226527,28.422151274077038,6.0,6.0,-1.374953775796529
05-14,-4.807961744936871,-28.80807741723879,-13.04706827827918,2.959999084472656,3.1931658183095712,1.0224385677712784,-14.251358742246305,14.063125693966644,0.616267944083497,-10.194266331896847,3.3325803680858503,25.66323739758328,7.0,5.0,-1.688159803360435
05-15,-5.00424232743779,-35.25772881262081,-17.058571505923137,3.44000244140625,1.8653122380448344,-1.2377561016211585,-14.049331928796454,15.647057925953586,0.616267944083497,-11.579143005797913,3.2546457686894588,23.678538728228556,6.0,6.0,-2.973745719649258
05-16,-3.9064705453936406,-37.93102729168773,-17.058571505923137,7.567993743716255,0.1942358922884578,-3.919829072782355,-11.79758200504474,15.647057925953586,1.8282649631656032,-13.324361716632895,5.264333571353127,10.360615552851085,6.0,6.0,-3.922945040678032
05-17,-6.876061954396558,-37.93102729168773,-14.365116280586893,14.00304493540526,-4.489112681619044,-5.483101310281738,-9.699770986011162,18.17647148581112,6.695248992889588,-16.082270729031624,7.195863897232556,12.611608366405926,5.0,7.0,-3.020351962989192
05-18,-6.876061954396558,-40.07569559069615,-16.580972179024037,15.198489004946705,-5.2454589036593315,-5.202477760192108,-9.699770986011162,18.99882318773505,2.364363430734413,-13.483570428373886,-12.195113026997163,12.611608366405926,4.0,8.0,-5.015486403294026
05-19,-4.046407184497606,-40.278946917826154,-16.38152293064699,11.853280849578752,-3.4710718580513946,-5.202477760192108,-8.920323923306082,18.983521856116177,4.365563789605207,-9.916586466104807,-15.323939793546435,12.053570525758731,4.0,8.0,-4.690444984426058
05-20,-5.097798815770594,-35.09677353725639,-18.64111871650717,8.350059961650883,-3.4710718580513946,-3.1333062406775025,-10.563171530581863,17.810132456881142,15.054159315536735,-11.63403695301337,-15.323939793546435,7.643677890025126,4.0,8.0,-4.508598985109238
05-21,-0.8264426519171049,-34.75452989153002,-19.373858316887787,8.350059961650883,-2.8429772243026856,-7.127495389255585,-10.552616414702664,18.474779246152888,13.075331851074159,-11.63403695301337,-16.788729815415934,2.7122588991988685,4.0,8.0,-5.107354724912362
05-22,2.3782286382974167,-26.000003425442447,-21.021157971195176,8.71136125887767,1.9595415418611188,-6.674789805073744,-9.96717493250854,18.653884980057978,13.075331851074159,-9.826809724519538,-21.647060618681067,6.923956654909014,6.0,6.0,-3.6195576293619296
05-23,-2.559573077149695,-27.56198291740787,-21.021157971195176,6.669359877911184,2.6413933294245924,-8.353584911782223,-6.398104131522994,18.653884980057978,12.079655007462057,-7.311628474745638,-28.21908923673123,1.5783578932248161,5.0,7.0,-4.983539136037852
05-24,-1.900033742397646,-27.56198291740787,-20.515184171006528,5.163935445002814,2.57924150352652,-10.637656214964936,-5.86500986109915,15.558220417430125,12.078123898093915,-8.643615672144739,-31.79436409098415,4.746322110499482,5.0,7.0,-5.566000274621014
05-25,-1.900033742397646,-29.29752036803946,-30.773037614275516,8.582833069908553,-3.750403608040045,-9.906932155537488,-5.86500986109915,13.966702167771876,11.49793127687122,-6.501313425612402,-31.724136635061264,4.746322110499482,4.0,8.0,-6.743716565417652
05-26,-1.900033742397646,-24.434198552269663,-33.88388695131029,8.79338089871618,-5.767963056027643,-9.906932155537488,-5.86500986109915,17.33228616157265,10.956583568253977,-6.436390858579783,-35.506757072413194,4.746322110499482,4.0,8.0,-6.822716625882715
05-27,-3.2884856473301625,-27.73253036653551,-47.98913101505468,11.243286129015377,-5.767963056027643,-9.906932155537488,-7.065050411946863,17.09098117299649,13.018306129094086,-22.13558940008203,-35.506757072413194,-0.5515741097557678,3.0,9.0,-9.882619983631448
05-28,-4.4250379193140965,-25.582375485117673,-46.691569406982495,11.243286129015377,-5.767963056027643,-9.523808976334394,-7.800360674734002,15.988255211167765,12.969536244437196,-22.13558940008203,-35.506757072413194,8.684208518580387,4.0,8.0,-9.045681323983734
05-29,-8.682718038072787,-19.62457455914331,-51.543554002572286,11.243286129015377,-3.3278425574534567,-6.227864651212489,-5.721022221877238,14.99009840559251,12.969536244437196,-22.13558940008203,-38.888892789832575,10.614525626715123,4.0,8.0,-8.861217651207165
05-30,-15.180198995758277,-25.40250514369944,-51.543554002572286,10.676983319738405,-4.886214969304007,-3.0162439945899453,-8.23703342013889,14.99009840559251,12.969536244437196,-23.849645057630855,-44.55376216822789,11.956522251285836,4.0,8.0,-10.506334794238972
05-31,-13.073465696662122,-25.40250514369944,-51.543554002572286,11.913913631560948,-3.7310944885766806,-1.7518203623973538,-8.849813124172142,14.99009840559251,8.956674763973488,-24.87922219714831,-44.256991192513226,8.988765248926045,4.0,8.0,-10.719917846474047
06-01,-13.073465696662122,-25.40250514369944,-38.59649354071957,15.91789565812984,-4.076175412345447,-0.7807884001438509,-8.849813124172142,12.986754838088231,9.511076173004824,-29.45438685885533,-43.65896687291102,8.988765248926045,4.0,8.0,-9.707341927613331
06-02,-11.1544269592389,-25.57932100940219,-37.66438590849643,14.757969392045947,-5.414553038170856,-0.7807884001438509,-9.833132008411884,12.3454285962626,9.080570455976009,-33.744471929439555,-49.280171276949126,5.771190833348676,4.0,8.0,-10.958007604384964
06-03,-9.220494353276358,-27.39480255185145,-28.072833123688998,16.07903798683301,-5.414553038170856,-0.9253894675530121,-11.675125862791871,14.08281792188822,7.85839511285412,-36.638134437146704,-49.280171276949126,1.248048761473104,4.0,8.0,-10.77943369403166
06-04,-10.021584857898707,-22.707037352443727,-29.780569199088937,16.07903798683301,-2.673438023431665,0.2311523537816975,-7.1428531545904965,7.74922988596055,6.935171882459363,-36.638134437146704,-56.958287996546076,-2.4590139906754893,4.0,8.0,-11.448860575232265
06-05,-12.033845725321472,-16.177118020397838,-31.987250559941632,14.645481819109593,-3.1746034880128597,-4.759127206175866,-9.409000061353703,6.907276663753223,6.935171882459363,-37.161190544666376,-53.43566741863793,-11.783108409398556,3.0,9.0,-12.619415089048669
06-06,-13.581398660822432,-15.41812306918326,-31.987250559941632,12.192348852550325,-1.256789827353206,-4.998553920045005,-9.120719650898913,6.907276663753223,7.9764268203937165,-33.500003814697266,-47.44628922258645,-15.077250158166652,3.0,9.0,-12.109193878916464
06-07,-13.899257593009045,-15.41812306918326,-33.90011249505934,13.04347639591753,-2.5342457252856287,-6.4600217632233345,-10.504073136253314,8.068864267830525,6.959999084472656,-33.416575427131356,-49.34744120942722,-15.569822173677304,3.0,9.0,-12.748111070335755
06-08,-13.899257593009045,-11.367598930422645,-40.10210969213357,17.064478305149148,-2.4872215766553007,-6.862461914035202,-10.504073136253314,7.049720395447607,3.6234835227477182,-34.15796361319179,-52.27029387967473,-15.569822173677304,3.0,9.0,-13.290260023809035
06-09,-14.987561311235767,-15.61521123736403,-44.72303350961387,14.880064375160314,-3.1903955998153504,-6.862461914035202,-10.021127641977145,7.841921729645081,-3.902241896627734,-32.03512819341358,-49.43859702662417,-9.84483734623214,2.0,10.0,-13.991550797677796
06-10,-13.499999046325685,-17.27031781281698,-43.0733381087362,14.334217697475516,-3.1903955998153504,-7.007850800187951,-13.726694601462667,9.479546698608653,-0.4243262827853717,-32.12435758572198,-49.43859702662417,-2.048523362502573,2.0,10.0,-13.165886319241233
06-11,-7.151517001065341,-18.59837981617307,-39.65226991069265,14.334217697475516,-1.8181841975345798,-3.850602145640147,-15.337232383782732,10.785323122532658,-0.12087303390162385,-32.12435758572198,-49.684209990919676,6.507230845838065,3.0,9.0,-11.392571199965467
06-12,-5.949446322068412,-21.36363983154297,-36.663010740508774,13.013959762930453,1.6005319969978498,-1.4463407706505111,-14.87965071253096,10.565268331207609,-0.12087303390162385,-30.88533289700781,-50.249112624726855,6.756033537019081,4.0,8.0,-10.801801108731912
06-13,-1.5124016310657118,-21.08844302390457,-36.663010740508774,17.751906880310994,-2.5710427693257296,-0.02842323563740406,-11.916452978410295,10.565268331207609,-0.7252228339604581,-29.59411331981855,-57.69089705523359,2.5501964889882958,3.0,9.0,-10.910219657279846
06-14,-1.6969738584576233,-21.08844302390457,-41.108672082266814,16.456606479985066,-0.234191021256632,1.3224569741014909,-8.452381790360121,10.544708956250245,0.6954148143948615,-28.119385981005106,-55.95195203285389,1.9115258966596187,5.0,7.0,-10.476773889059457
06-15,-1.6969738584576233,-25.986402031045237,-37.78776895785187,15.795164922723146,-4.156643968060855,1.1834374859931611,-8.452381790360121,10.076562305141039,3.475572900638592,-28.5235656180325,-61.36364056285261,1.9115258966596187,5.0,7.0,-11.29375943962544
06-16,-0.7575757575757576,-27.798502500058934,-32.95392776307609,17.95589504922522,-4.9134951385378605,1.1834374859931611,-9.375004967053957,9.71558370017888,4.998082018337093,-26.843850547685747,-58.18116399123511,-13.435287075769871,4.0,8.0,-11.700484123938248
06-17,-3.673097123342119,-20.470686542165023,-23.388676868126026,16.731790935344133,-4.9134951385378605,1.0707271066312636,-8.951710828865444,11.406763266321974,4.874336159516519,-25.262464848383306,-58.18116399123511,-2.9239827752521657,4.0,8.0,-9.47347172067443
06-18,-2.0928074041917477,-25.73664976660884,-20.591085880222934,16.731790935344133,-6.193774875967889,-0.5353581789889408,-8.918675127118581,9.259644304076595,5.948795013087528,-25.262464848383306,-63.002200277882174,-2.648305202465369,3.0,9.0,-10.253424275776792
06-19,-7.258573027450849,-22.76238153922253,-20.0675346805306,14.24511645905024,-3.321802783712668,-4.0045438343504784,-9.420289855072463,8.333333333333332,5.948795013087528,-25.28433344257896,-63.73266327667597,-3.0661629378462907,3.0,9.0,-10.865920047664142
06-20,-4.52972187869815,-19.03083502039855,-20.0675346805306,14.24511645905024,-0.7547211786694952,-3.8276111613260007,-12.555929175188014,8.333333333333332,9.902105473078123,-27.974621083427397,-62.6747935631872,1.6272938496464546,4.0,8.0,-9.775659885526439
06-21,-9.34518002509491,-19.03083502039855,-21.611189778892932,15.934662472668837,-2.6836166563262145,-1.3157821666967116,-12.623108232791033,8.645836512247723,10.749245480585436,-26.489921810406532,-59.17721381035738,0.4779615132902088,4.0,8.0,-9.705761793514338
06-22,-9.34518002509491,-14.052856914071345,-16.883743739930757,14.798694119942276,-0.7034782041645277,-3.3409427574291564,-12.623108232791033,7.9791704813639335,14.593520623021641,-25.08756350243321,-60.660435538189965,0.4779615132902088,4.0,8.0,-8.737330181373903
06-23,-9.312279986483494,-16.475769363074974,-23.81433548626998,18.023461948393642,-0.3505028801765912,-3.3409427574291564,-12.294846174118,5.851947467612147,12.384237756705852,-27.23184231601443,-58.55472563704972,0.0,3.0,9.0,-9.592966452325394
06-24,-10.431069586405972,-8.806944702113508,-31.27350620067644,18.25593685100449,-0.3505028801765912,-0.7424280929030184,-10.50432895874469,12.428571739975288,11.27982266484602,-25.67747946634572,-58.55472563704972,5.4168903977505645,4.0,8.0,-8.246646989236607
06-25,-10.131880059243755,-6.145482059639889,-24.470234390247,18.25593685100449,-2.3834503381047796,-2.362430759011577,-9.712223634564817,15.349979341611053,12.372784678006782,-25.67747946634572,-60.39673933239419,-1.7553466969805718,3.0,9.0,-8.088047155492497
06-26,-8.191012575893563,-5.665962681614474,-19.467314925063363,14.427507362325395,-1.4162343233405836,-1.935851364142772,-11.305917946650515,16.207455229087405,12.372784678006782,-28.076408843013848,-57.231831233566844,1.9148867958104072,4.0,8.0,-7.363991652338001
06-27,-3.51574918393932,-7.761962896106911,-19.467314925063363,13.405287486657029,-4.075235505412193,-3.990737942005132,-5.906802492087816,16.207455229087405,14.211746693469212,-24.811027036433927,-61.84572492513132,-7.795846301717309,3.0,9.0,-7.945492649890304
06-28,-3.960702878767116,-7.761962896106911,-18.25666114967219,10.8801151441099,-0.2020183986569184,-5.730240472784829,-6.001189741297567,16.045384695521314,12.898576948136265,-22.23463857640101,-64.49299692453879,-7.015591832469362,3.0,9.0,-7.9859938402439345
06-29,-3.960702878767116,-3.794735405349409,-19.727224070162926,9.747665624184943,-3.1842771413703264,-3.9583903719291187,-6.001189741297567,11.42798921545548,15.595840364370673,-22.16856490272648,-53.94096400233634,-7.015591832469362,3.0,9.0,-7.248345428533129
06-30,-2.179917381409997,-2.2106642203218367,-28.027144478076345,11.309731516913244,-3.7112639226867263,-3.9583903719291187,-5.496133340782911,2.961225884777773,12.592855809347244,-24.34531085591188,-47.117177786068325,-6.570157936121235,3.0,9.0,-8.062695590189174
07-01,-1.7052416890652355,3.8413363130976,-31.49606425352179,13.189771759289773,-3.7112639226867263,-6.5298996870206825,-6.0237351137668345,3.1156010623448074,12.411598810672386,-23.659229929586807,-47.117177786068325,-3.4005771735776262,4.0,8.0,-7.590406800824122
07-02,0.9975871003274552,8.36025717160383,-26.525467721226228,13.189771759289773,-2.485527822189133,-3.7666325817915465,-4.8766151667607645,0.4435590203207713,13.512566390918035,-23.659229929586807,-44.575331110655206,-4.417673231681029,5.0,7.0,-6.150228010119236
07-03,3.2218885231881407,7.543367366566388,-21.61900714132437,12.516821666556813,-2.3397780244589494,-7.513780275215956,-5.434140931543197,-0.044574232760811336,13.512566390918035,-22.445371575160102,-43.69875267625396,-4.013561690434846,4.0,8.0,-5.8595268833269
07-05,5.9657425320486395,4.4601905170186935,-21.61900714132437,11.592744409965615,-0.26315764707211003,-5.958317574054058,-2.4684288363520057,-0.044574232760811336,12.765209425078357,-24.18141619620845,-40.74184507194293,-1.2658202601573136,4.0,8.0,-5.146556672980061
07-06,5.9657425320486395,4.4601905170186935,-22.97625725298702,11.802501884127633,2.6701391054056414,-5.617314662968487,-2.4684288363520057,1.5628418178262204,13.272467837266193,-24.45676932854729,-39.52451302812583,-1.2658202601573136,6.0,6.0,-4.714601639620409
07-07,8.800949190396429,-1.5832217312701762,-24.43482299181611,10.324787889790333,4.474277676304477,-5.617314662968487,-2.4971266592263284,-0.3892657524758201,11.915190596500475,-26.11111111111111,-38.864237964890116,2.366539919484065,5.0,7.0,-5.134612966773532
07-08,12.024395448599751,-8.880838327700303,-28.701354901760467,11.295232286297615,4.474277676304477,-5.58806269853334,-2.1593167606797885,-0.5077170751965029,11.962481901113946,-24.533685275502844,-38.864237964890116,3.2379943833577096,5.0,7.0,-5.520069275715822
07-09,9.908317517741274,-9.208183883344926,-26.622386678928795,11.295232286297615,3.675300390637668,-5.0936817512855335,-5.287009307170271,-3.989764858539188,12.565907441367969,-24.533685275502844,-38.59804409049712,7.9261725612057505,5.0,7.0,-5.6634854706682
07-10,4.704044838975798,-4.6979830833967045,-29.264478810769624,12.37740914841043,2.3518087243991914,-5.2351386745636885,-7.32454585171268,-1.3727117767824586,12.565907441367969,-24.577574803476537,-29.34748996977764,-1.030929636965773,4.0,8.0,-5.9043068711909745
07-11,-1.1200012207031251,-5.026925033068269,-29.264478810769624,12.705884660993302,-0.5566410080193578,-6.962029391333901,-10.291812363580735,-1.3727117767824586,13.216169167136966,-21.069658578416874,-29.674306989949606,-0.8625734970881948,2.0,10.0,-6.6899237367984865
07-12,-2.797659781245601,-5.026925033068269,-29.99478339653519,12.408758615976165,-1.482698022849345,-10.073269904866617,-12.732524637096036,-3.01580052625048,13.297406350605767,-21.277051632091773,-32.05480390597148,0.34090604910187183,3.0,9.0,-7.700703818690917
07-13,-2.797659781245601,-7.2262058051369475,-40.38138414889514,8.844461504941364,-0.2280863265106105,-9.372156621721816,-12.732524637096036,-0.22398820807258601,13.006028141754813,-24.267964024732237,-36.53603538650215,0.34090604910187183,3.0,9.0,-9.297884103676257
07-14,-2.960311822341332,-7.702819441984914,-35.081969092612724,6.694706629664237,-0.1954379949554047,-9.372156621721816,-11.898649929957852,-4.365079586390582,13.530221224270198,-21.13021886921195,-33.746135552140835,-1.4772739957186527,2.0,10.0,-8.975427087758467
07-15,-10.535055343536369,-6.298139596143336,-30.298266997659677,5.6028364573042735,-0.1954379949554047,-7.491650938899128,-11.310303735941385,-3.3526468172935266,14.45680180092867,-22.636811499785022,-33.746135552140835,-7.986306695337462,2.0,10.0,-9.4825930761216
07-16,-13.451862800142687,-1.2112989651200798,-21.99085731976743,5.6028364573042735,-0.032567821774366006,-10.083508001542398,-14.332671571558087,-3.353221657372544,15.110358735675941,-22.636811499785022,-33.68421462880928,-7.033475538820605,2.0,10.0,-8.924774550976023
07-17,-14.149079679112495,1.1018069374866293,-26.821540551550022,4.999999323635255,0.2593190363592579,-7.576221102523832,-17.504217878013186,-1.5564997751433807,15.110358735675941,-23.247395964530053,-32.840045096543605,-5.730032712868781,4.0,8.0,-8.99612906059402
07-18,-16.184775364535586,1.0582000347830416,-26.821540551550022,6.542054100304488,-5.225344015731203,-10.364139139920551,-17.278541827178284,-1.5564997751433807,16.740238293575207,-22.12585429875738,-30.37294815339231,-6.9334811618140195,3.0,9.0,-9.376885988279998
07-19,-12.99288455405801,1.0582000347830416,-29.039069930911477,6.720050292374902,-5.163398379115206,-10.436974718366267,-17.35759893929045,0.5660048253181768,14.423741791588789,-21.050325538913626,-30.314340304940693,-7.722877091801412,4.0,8.0,-9.27578937611102
07-20,-12.99288455405801,-0.8377448478881077,-25.56237288608282,9.498954641536917,-3.3740273181103797,-12.813107760667313,-17.35759893929045,-1.7373323249172246,16.20362254706576,-21.225571412672824,-32.242544497305325,-7.722877091801412,2.0,10.0,-9.180290370349264
07-21,-10.795081407845194,-1.3632342526938366,-31.85934681084609,10.220991636908252,-4.380267642727482,-12.813107760667313,-18.368718711077186,2.291924338312252,17.39716747794363,-19.42793810370521,-33.44124970917409,-9.19931218476218,3.0,9.0,-9.311514427527868
07-22,-12.280699096013949,-5.616025050455061,-39.482555001742675,10.622207412786828,-4.380267642727482,-14.129741850096359,-19.024721320456365,0.5374165574415888,16.836385738677432,-17.846281287287194,-33.44124970917409,-6.659144192440722,3.0,9.0,-10.405389620124003
07-23,-19.74974708440763,-5.557988781451323,-27.35309596512934,10.622207412786828,-4.412721037696684,-12.010196021242724,-11.556449332341987,-1.8476297242616024,16.210669658760064,-17.846281287287194,-37.77922374305167,-4.1916086839284645,2.0,10.0,-9.622672049104313
07-24,-21.248712671249347,-5.4987253447130335,-21.598810890260204,13.441044437616718,-5.013274500199632,-11.318368696470392,-5.755159029206268,0.1831132244024508,16.210669658760064,-15.979150187177732,-41.74164338306026,0.6455128469522539,4.0,8.0,-8.139458711217115
07-25,-20.96442957848965,-5.453773856385176,-21.598810890260204,15.196742238132613,-3.943473031732815,-10.285719614180307,-4.561185030451579,0.1831132244024508,14.99658092751808,-14.28885416611635,-37.677501839186014,-2.3743804013457392,3.0,9.0,-7.5643076681745605
07-26,-21.254709768168546,-5.453773856385176,-20.25819288655537,13.707479019002573,-3.0353564419842183,-9.275365986733206,-3.486932701825936,-1.8514747083638805,17.56138707174855,-16.067834696683907,-43.076917621981366,1.2253571477202356,3.0,9.0,-7.605527952517519
07-27,-21.254709768168546,-3.3233945865592127,-13.709284086833415,10.123115963210088,-1.4271154330232234,-5.209303271862888,-3.486932701825936,-3.8908124699026287,18.295526306715146,-13.671786707882273,-46.186722909834,1.2253571477202356,3.0,9.0,-6.876338543187223
07-28,-24.614324233966087,-1.4072490958191732,-19.56967010881854,7.5821104565420745,-0.8105361910538459,-5.209303271862888,-5.8219265528235224,-4.68331008994091,19.19140260147781,-17.18889940178922,-42.031306225589695,6.925951586066541,3.0,9.0,-7.30308837729812
07-29,-21.652327300246096,-0.08460430744524361,-11.866026734457547,7.67887917934876,-0.8105361910538459,-4.620160243307896,-3.372131079425052,-2.7450939017833176,17.251858425280908,-19.70735848446113,-42.031306225589695,8.571429961624341,3.0,9.0,-6.1156147417929825
07-30,-16.024765361027058,2.474832838974813,-9.22929868915608,7.67887917934876,-0.43903802123244223,-8.39475432053285,-2.912916645426172,-8.340537407443309,15.816587938992358,-19.70735848446113,-16.544242417375287,11.943322788539808,4.0,8.0,-3.639940716733216
07-31,-17.353654600776483,1.9839645846669949,-6.542922957450813,9.598603967245264,0.296638602950745,-4.662375684261313,-2.039592987593309,-8.0836388215965,15.816587938992358,-23.34247529189977,-12.412919840925431,16.453203340472268,5.0,7.0,-2.5240484791813325
08-01,-20.636021976242603,2.804521110972724,-6.542922957450813,12.932543460347686,-2.4279702648726267,-7.503279427195468,-2.8545010380940474,-8.0836388215965,6.457149838728643,-23.420069242426308,-4.071018994788099,9.362138090663617,4.0,8.0,-3.665255851829483
08-02,-19.766651533550228,2.804521110972724,-2.2737897717607245,13.587144616403398,-3.539254775321633,-5.920200288790258,-2.6025672936077657,-7.695623500311656,8.837129476536507,-26.173713439572953,4.758997937875593,8.181342632262298,5.0,7.0,-2.483555402405391
08-03,-19.766651533550228,-2.5533722307915863,-4.218596045150214,14.893618578307438,-5.12904169721997,-0.7960756973298171,-2.6025672936077657,-9.730437262276356,9.738145810355164,-22.732572018532554,6.634051451182718,8.181342632262298,4.0,8.0,-2.340179608862572
08-04,-16.643796809897164,-1.170571428730906,5.744976884644872,13.081195342416072,-4.108704186454406,-0.7960756973298171,-3.3680296364369235,-10.17669275381559,9.239965700952098,-20.32557488471602,12.089811629291825,7.556022525200309,5.0,7.0,-0.7397894429063046
08-05,-19.573569921892712,0.1255704481510933,2.8682555242640335,15.257105244802329,-4.108704186454406,-1.316596164068425,-1.8612996287112131,-13.586596270513267,8.855775760624681,-20.461749327938076,12.089811629291825,4.878051436054332,6.0,6.0,-1.4028287880324828
08-06,-17.40962103077834,4.3852447194778685,13.411766501034007,15.257105244802329,-0.0647054605707039,0.119931342309101,-4.7164077027254745,-13.686332770671902,8.2111472071705,-20.461749327938076,12.348879413516128,7.829186118729786,7.0,5.0,0.43537035452960265
08-07,-20.104888167682887,1.829516177409917,13.817333537379431,14.208386101054765,5.217114203414066,2.9824574123079755,-3.8485345027633464,-15.211456790226256,8.2111472071705,-19.918513300756157,15.210539928822186,2.4139667690286934,8.0,4.0,0.4005890479299074
08-08,-16.528067764672045,4.374240179607502,13.817333537379431,12.25589630805388,7.6665610961446475,-1.3764300549763882,-4.6928079234526034,-15.211456790226256,7.641884098483808,-12.995588544481087,15.35410819670395,1.8933690410797477,7.0,5.0,1.0165867816370484
08-09,-18.45720954956204,4.374240179607502,12.22482699633512,10.243051853260775,10.081253167673914,-1.4714538161735755,-7.6166283754274655,-16.189174638455945,7.213455834046178,-12.819893474831364,21.619394084057177,0.3542494636305976,7.0,5.0,0.7963426436800729
08-10,-18.45720954956204,5.062778343304361,15.273239052166208,8.283399055173335,11.694861345543082,-4.898085374714811,-7.6166283754274655,-16.332642657243778,10.997752739022472,-11.019016107563674,24.2110938997737,0.3542494636305976,7.0,5.0,1.4628159861751655
08-11,-15.32230497477382,11.445542137221535,13.077634027382615,8.244490920911861,10.981443357335568,-4.898085374714811,-7.1088535539425255,-14.44980724079162,8.986612686676821,-8.712766447865352,25.567725398871797,-2.429147452816047,6.0,6.0,2.115206956958002
08-12,-17.429573669293543,8.74339001703505,16.841646013457904,8.763249502101116,10.981443357335568,-4.198360550528029,-3.8045142980933835,-10.878849112137603,9.08307551910488,-10.924154965994397,25.567725398871797,2.6355080584765953,7.0,5.0,2.9483821058613287
08-13,-17.122563650054172,9.223894357844326,9.890610863593368,8.763249502101116,10.442842773739358,-1.7358050116298318,-2.4785843504497445,-14.05429977200592,6.785651426460166,-10.924154965994397,24.792948466426488,5.1775202606408754,7.0,5.0,2.3967758250559696
08-14,-16.361676816037768,6.494593436973879,11.819802004962002,10.212012252861866,11.791047053550606,-1.287686464689767,-5.140037188893491,-12.691616299936333,6.785651426460166,-7.910601582170132,26.585368475963374,0.4081628681073312,7.0,5.0,2.558751597262645
08-15,-15.406872649744633,5.311974137252394,11.819802004962002,8.798586000869427,13.259504116755998,0.29111638591900224,-7.456552074083471,-12.691616299936333,9.153561214363943,-3.6982247268555533,-4.228573753720238,-1.3742083923541129,6.0,6.0,0.3148746636190352
08-16,-16.63011379955551,5.311974137252394,14.629797838911053,6.678443253006769,11.697659270189149,3.1888094815340917,-2.2242195779617133,-9.670876592653283,12.044232822968974,2.6979239004190263,-10.338126291240947,-3.7317498247642766,7.0,5.0,1.1378128848421436
08-17,-16.63011379955551,3.8364244256102253,21.222267996461547,6.582630237820867,12.285971883768275,3.215877419348645,-2.2242195779617133,-12.877546518139686,20.823438175991217,4.197477869487408,-19.3684226588199,-3.7317498247642766,7.0,5.0,1.4443363024372584
08-18,-17.872804388017162,3.97323617315822,24.529115153557893,4.7505926404818615,11.461488270962414,3.215877419348645,-0.841595357512345,-3.8510443803639136,22.606924473179745,7.242102372018914,-17.19718791057965,-1.5143358037401158,7.0,5.0,3.0418640552078746
08-19,-7.991937897549762,7.568237802355774,23.777779473198787,7.083745297921427,11.461488270962414,3.467555710210578,0.2408853314146129,1.6883604941693564,23.55157846354485,3.6307957197963088,-17.19718791057965,2.3000451960885093,10.0,2.0,4.965112162627767
08-20,-12.044820022352578,4.391895701538607,19.49390729928195,7.083745297921427,11.006668317620163,6.243186740661532,0.3958619595347045,-2.5412895324451226,22.5175071475492,3.6307957197963088,-15.62628646483465,3.9357858617358885,9.0,3.0,4.040579835500618
08-21,-16.77282283343319,9.878544367167226,22.994169805328177,11.684868872145133,9.891805275201824,6.4210212454144315,4.780050810427436,-4.173835296504488,22.5175071475492,2.843401174646381,-21.070513558055836,13.971292486077495,9.0,3.0,5.24712412466365
08-22,-15.198859383836982,9.805510722730556,22.994169805328177,13.366013403923516,7.495368707808295,-1.4080361985562788,9.093489572238976,-4.173835296504488,21.24442781938999,5.933459034846804,-11.375350342075384,8.623225095736569,8.0,4.0,5.533298578419144
08-23,-13.189109558345635,9.805510722730556,20.0806797376904,8.519133214436643,1.7287249304607188,0.9290591970771171,11.873277015229466,-4.926852276421437,22.267461767606207,7.297909566357161,-2.2413162914075264,1.3749351188779504,9.0,3.0,5.293284428690969
08-24,-13.189109558345635,10.858996240019266,31.40060361553165,7.924401199403563,-4.364525232677892,1.4009527017068018,11.873277015229466,-4.55620632323186,21.57992896270548,7.147322744760038,-0.8073369297412557,1.3749351188779504,8.0,4.0,5.886936629519799
08-25,-15.352412942445323,12.395712474279778,29.937059746307625,8.932680303948057,-1.6320963778534838,1.4009527017068018,10.303024634642897,-4.0025835194575015,21.43506924439595,9.81063455230485,-3.2318627706772065,2.5383371026415817,8.0,4.0,6.044542929149501
08-26,-11.675129786848135,18.479083056985345,25.060925531983298,6.063688644207248,-1.6320963778534838,0.42027939745951204,10.709546849864044,-1.0276800768315866,21.96219982008089,19.608544511092997,-3.2318627706772065,7.431755155072357,8.0,4.0,7.68077116287794
08-27,-11.387651735176771,14.890395929836096,20.062455615246847,6.063688644207248,1.0200586148148003,1.0869547882901556,10.372130822069789,-1.0631609517514369,20.580151972879893,19.608544511092997,-0.864334975425953,5.143723962118113,9.0,3.0,7.126079766516817
08-28,-7.81556999005846,18.955224135533353,14.631097383783912,3.218159716151378,2.0670979519496804,3.162820425122613,9.472295535757604,8.872182618446885,20.580151972879893,18.926193860193568,1.5107916828070904,6.069657699249843,11.0,1.0,8.304175249318114
08-29,-5.835801367845045,22.594441458500448,14.631097383783912,2.8305133388326253,2.016808004940257,2.7034470130657327,9.898147884322519,8.872182618446885,19.816793194253933,15.097488363579126,0.21467395940316025,21.46176555695829,11.0,1.0,9.525129784020152
08-30,-4.0518576246183375,22.594441458500448,13.964153453235252,5.196146788135766,4.097531201103201,2.7233114563084198,12.922763932142294,8.853381610764503,17.74543600842565,13.560605967559324,-3.3430234774374936,20.043010096396173,10.0,2.0,9.525491739209599
08-31,-4.0518576246183375,21.560938532460376,15.868506267312439,7.015176898707693,3.167575905457876,4.974724459414574,12.922763932142294,12.743134948959264,12.982513817534025,9.74115835945558,-1.6417393850585504,20.043010096396173,10.0,2.0,9.610492184013617
09-01,-3.047003314211417,18.899603613563663,21.66007789521584,3.3665456167543706,3.7250266030883807,4.974724459414574,15.371025534498123,15.939506976393833,14.060552245277885,10.631023471198306,-2.5773224111639728,18.06451941049227,10.0,2.0,10.089023341710154
09-02,-0.230869708208368,14.407727531178384,24.899111805186898,1.0552273696408063,3.7250266030883807,4.974724459414574,10.877660421722915,18.45565006561292,10.802967935323107,12.7354748437329,-2.5773224111639728,14.564432207259207,10.0,2.0,9.47415092689898
09-03,-0.6474612071584419,10.479039330143713,21.814598041141696,1.0552273696408063,3.7250266030883807,3.4463743706196586,11.932419034613746,15.583967331217938,9.725847263701661,12.7354748437329,-2.5773224111639728,19.938519210610657,10.0,2.0,8.934309148349065
09-04,-0.5405407700157282,8.58137282058515,21.504951703666464,1.0552273696408063,4.613838742249285,4.301079000833302,13.47109017224012,16.10577060059276,9.725847263701661,12.7354748437329,-3.4824004093807712,19.65812160880132,10.0,2.0,8.977486078887273
09-05,-4.338113832390235,8.722501899619134,21.504951703666464,0.6690159739778543,4.29751813904313,3.080365450357552,11.014268136336028,16.10577060059276,9.725847263701661,13.5892480301591,-6.642063511893302,23.80341788729509,10.0,2.0,8.461060645038769
09-06,-5.516126078944051,8.722501899619134,21.504951703666464,-0.7012582481792244,4.268091685276406,3.6231861715739786,12.697593953106804,16.10577060059276,9.573781783422127,14.697515773335647,-9.543570972470793,23.80341788729509,9.0,3.0,8.269654679857862
09-07,-5.516126078944051,8.722501899619134,16.362903313649298,0.7906481300443272,0.3355653579907861,2.0118987420038907,12.697593953106804,15.450497246890302,12.209396293837269,13.809704202250671,-9.495330525335865,23.80341788729509,10.0,2.0,7.598555868533973
09-08,-5.516126078944051,11.992409114477036,17.8471353554282,0.5500166606148179,0.4691668529911048,2.0118987420038907,12.697593953106804,14.22623325775415,14.065384997343125,12.249609052294565,-11.580955868675597,23.80341788729509,10.0,2.0,7.734648660474097
09-09,-7.669420478757748,12.381314995548914,20.133388786109734,0.6183452470000047,0.4691668529911048,3.5704225093291986,14.351143763712404,18.929192763960906,14.882785712840116,10.57899766229066,-11.580955868675597,23.24786590915037,10.0,2.0,8.326020654625006
09-10,-7.6721316478291515,8.131948433837755,20.591915719836482,0.6183452470000047,1.072385030790513,5.1780805195847615,13.166710717686955,19.620035079401703,15.80473522917862,10.57899766229066,-17.447618756975448,25.854698015762363,10.0,2.0,7.958175104213768
09-11,-4.949242863690291,5.0249308833036235,18.9016627386977,0.0687064834913115,2.909088134765625,3.047767302198196,12.941170731612134,21.75520969451317,15.80473522917862,11.560351916486654,-23.22382714088589,25.51281799435115,10.0,2.0,7.4461142586685
09-12,-4.378175913938882,3.016061249721985,18.9016627386977,-0.7116200706333011,2.5123974508490443,4.6736687882755446,13.40152958634436,21.75520969451317,13.714723508660033,10.842184877254873,-26.023732731760568,24.40170588699905,9.0,3.0,6.842134588748583
09-13,-5.246325287873272,3.016061249721985,15.581097841951523,-1.5425922083464347,2.1767805212899614,6.637172389398307,14.77472690540674,24.193005212500378,11.958191010213492,12.125339456449456,-24.990692351915694,24.40170588699905,9.0,3.0,6.923705885482957
09-14,-5.246325287873272,2.8985497501582547,8.676409821080737,-0.5065843142125233,-0.26385199377066976,7.430772713085406,14.77472690540674,26.80261094561741,11.4028330807783,14.15004852236818,-24.506517058551626,24.40170588699905,8.0,4.0,6.667864914257167
09-15,-6.973763217739831,8.295107373666951,6.6093299309020015,-0.7495717563717303,0.4909971269272807,7.430772713085406,13.843443401384986,24.62369028152803,10.496543634886233,11.377482776517956,-27.790521789635488,25.384618080736107,9.0,3.0,6.086510712990659
09-16,-8.630094730424695,9.136852787165175,10.038942594337412,-0.5098559420166018,0.4909971269272807,6.5807552661020585,13.440993409719525,24.258800562938102,12.064717483762262,12.427187428891079,-27.790521789635488,22.350425758531774,9.0,3.0,6.1549333296914925
09-17,-13.780568555032144,14.124517355461938,14.180393001502635,-0.5098559420166018,-0.5237311011713931,6.433064748562048,15.340907002711846,21.88067795575846,12.85692234478364,12.427187428891079,-28.63150505410935,20.811961586649996,8.0,4.0,6.217497564332678
09-18,-12.812819979696954,11.391411909328092,20.52208345898982,0.5778384631308279,0.9810109563295032,4.714082841395202,18.81285724190373,19.86777570304985,12.85692234478364,12.621359223300969,-30.995746117333496,21.28204967273891,10.0,2.0,6.651568809826673
09-19,-5.696402986768452,16.24441350806466,20.52208345898982,-0.6467002705409866,0.6719970703125,4.166659458243768,21.468106697314006,19.86777570304985,13.712016850139882,9.940709349762967,-27.911492508436645,25.384618080736107,9.0,3.0,8.143648700905622
09-20,-4.390238940231199,16.24441350806466,21.405622511494073,2.7777789897821594,0.9406390168548866,7.576604749563542,19.828008706507415,20.54585930111308,14.268496050636095,8.413987845860918,-31.170881909545656,25.384618080736107,10.0,2.0,8.485408992569674
09-21,-4.390238940231199,16.728762092369966,22.23123580950005,1.4066087977376862,0.06585596710894502,8.796043620086781,19.828008706507415,19.301778527314333,12.341914997869745,8.74975352897162,-31.50520046478834,25.384618080736107,10.0,2.0,8.244928393598592
09-22,-1.6260162601626018,18.148415691859906,26.62551241354334,4.498379957308722,-0.2974228417288294,8.796043620086781,21.695331101188735,16.973796545270947,11.616932144736865,8.910890478572988,-29.94461068774629,25.68376208058809,9.0,3.0,9.256751186959887
09-23,-1.7880761408502404,19.397497841619852,25.18397415363156,2.607257518384512,-0.2974228417288294,9.95052952253686,24.79498071949277,19.839274342772622,9.845196510650268,3.0329098655747995,-29.94461068774629,24.786321929969485,9.0,3.0,8.950652727858945
09-24,2.4951407729570363,20.296138428459106,22.095393088369022,2.607257518384512,-1.4210188431041877,8.007809485674716,26.952380225771947,18.66689140055766,10.797976930926811,3.0329098655747995,-25.15822203423706,25.085465929821467,10.0,2.0,9.454843564096317
09-25,3.4962769344306754,17.718712477017114,22.31707189424915,5.841579521395228,-1.2867083598443891,11.473161484635868,25.877194450098944,20.039716281971213,10.797976930926811,3.699722862130576,-24.61419422063064,24.65812201635445,10.0,2.0,10.001552689394584
09-26,3.5009560114535616,20.36441194069761,22.31707189424915,7.236838431569632,3.4428806109628547,7.964845963211093,27.292789342644767,20.039716281971213,10.476336432339052,5.874836842115947,-25.33543819114102,22.435897801650253,11.0,1.0,10.467595280143676
09-27,2.445303187733122,20.36441194069761,19.959348663712344,7.374161926985912,2.793648129417783,11.827655655932718,27.239264739803012,19.55982067703522,9.897507952975293,1.1431093395844387,-24.763401530572033,22.435897801650253,11.0,1.0,10.023060707079637
09-28,2.445303187733122,18.935331476956343,18.81697129877689,8.969889040066171,4.3749988079071045,10.99722319615005,27.239264739803012,17.987398091867167,11.565458842187596,-4.9850724661050165,-26.54589145525821,22.435897801650253,10.0,2.0,9.35306438014454
09-29,3.185327456719357,19.05781607904401,19.737386982553435,10.634328645897524,1.7656476526354996,10.99722319615005,27.14110298390769,19.95033567440373,8.480731139870345,-6.376950290999052,-22.120873129270464,24.18803393026554,10.0,2.0,9.720009193431473
09-30,0.7378875254198416,21.962936693827725,23.63710123668047,9.70782331132382,1.7656476526354996,11.883654264567546,27.36841815284227,15.694912409378311,6.685543527454238,-5.3567272877832615,-22.120873129270464,24.743585908410264,10.0,2.0,9.72582585545719
10-01,5.149140588240684,20.270740232021254,26.771004185247534,9.70782331132382,0.0963042685850614,14.02540491398711,28.714805564359498,16.079792215794477,6.538524414783258,-5.3567272877832615,-18.472066548852304,24.27350597338401,10.0,2.0,10.649854319257592
10-02,8.762728065284639,21.01624562588857,24.049548045550193,9.016653616439081,1.05938981620323,12.17124254204839,27.942235658688976,16.079792215794477,6.538524414783258,-6.315791258337902,-12.001448423128213,21.495721629472413,10.0,2.0,10.817903495723925
10-03,9.968946943367268,20.35552472595908,24.049548045550193,8.059416201805687,4.076429282952926,11.450173348723126,25.08337040047507,16.079792215794477,7.168745807859947,-11.444469713723276,-18.68803071777052,20.55555360835725,10.0,2.0,9.726250012445934
10-04,12.41691508299099,20.35552472595908,17.85561867757921,9.791923907762767,3.9760183264361215,12.280701381651275,27.41749495981054,16.444064364296764,5.372167857298717,-12.599009802827373,-12.375885378360467,20.55555360835725,10.0,2.0,10.12425730924624
10-05,12.41691508299099,18.229352918193488,15.021102357337973,12.863076004843107,5.7529077473432775,15.32258238182104,27.41749495981054,15.053575859994679,5.338252282840656,-11.273903312439804,-11.071557826478125,20.55555360835725,10.0,2.0,10.468779338717924
10-06,11.661628039109525,19.56820058980082,14.434280734414886,14.4028105921279,8.513887325461887,15.32258238182104,26.63281889652865,14.163312936920084,7.283128526102865,-10.127516409372593,-12.472966908326043,22.606833736824516,10.0,2.0,10.999083370117798
10-07,10.356486614680184,19.77420071781041,14.23549972994592,15.074064734403784,8.513887325461887,16.532261827278926,24.883067837470694,15.336242409252186,7.217476022894946,-12.274999618530273,-12.472966908326043,19.78632152241636,10.0,2.0,10.580128517896584
10-08,11.162083916571756,17.515703016366064,13.278011254306474,15.074064734403784,10.192249331496722,15.48742104571289,18.60578136530032,16.852582148067988,8.833598523006243,-12.274999618530273,-9.661140329085713,16.23931324362654,10.0,2.0,10.1087223859369
10-09,12.541353612914124,16.468117071371193,13.636367935421276,16.874816771549607,9.171773017545034,18.062486323323885,19.506888816002586,14.700701736405893,8.833598523006243,-11.700000762939453,-12.504489945298225,15.555553200804116,10.0,2.0,10.09559719167552
10-10,13.717867217065404,16.468117071371193,13.636367935421276,16.350366077283873,8.861522024060667,17.85525652377707,20.60014570162491,14.700701736405893,7.8693641261851965,-10.510357895304974,-12.705208450330312,13.247865094044109,10.0,2.0,10.007667263467024
10-11,13.717867217065404,16.468117071371193,13.140496714552677,16.467151502623178,7.209376569165193,19.38721614965059,20.60014570162491,18.521127815261725,9.440129426798752,-8.741786064693716,-16.595280639594847,13.247865094044109,10.0,2.0,10.238535546489098
10-12,13.717867217065404,16.993693853846572,10.950419183197678,15.445957930627037,7.8018369391710225,21.055352875779505,20.60014570162491,18.327464766266846,8.77988214188957,-8.396944786575448,-17.36483502014974,13.247865094044109,10.0,2.0,10.09655882473229
10-13,13.538550218906169,15.583038750181132,14.438058538080591,15.527397653657616,8.856301130649472,21.055352875779505,22.4100963831057,19.722025078077472,7.9842514879121556,-10.484285746573207,-20.736645450720538,16.923073286448965,10.0,2.0,10.40143451712542
10-14,14.394833707668235,13.552583988652687,12.18211409184111,14.08450406361868,8.856301130649472,19.606828643620545,24.415643278390274,20.614347786330896,8.772204801097834,-5.380831905789914,-20.736645450720538,17.991449372241828,10.0,2.0,10.696111125633427
10-15,16.54025195697983,14.342058399200347,15.210224646513504,14.08450406361868,10.2345982989358,15.36667603453769,23.195752378028857,21.11757383907088,9.67294120222639,-5.380831905789914,-20.478819683472853,17.64956935083062,10.0,2.0,10.962874881723318
10-16,17.37238935801233,11.272728659889914,9.859772261567208,13.634999648480836,10.690553879484224,13.824295047409196,25.68156359060793,20.017874191626802,9.67294120222639,-8.673215511364846,-26.098013214222465,15.940169243774564,10.0,2.0,9.43300486312434
10-17,17.0052201354915,11.562162074719676,9.859772261567208,11.151190083484193,8.149211698522219,11.627906747509332,27.186437919314972,20.017874191626802,9.935203111738382,-8.898202212242348,-29.58425818618229,16.794873372833926,10.0,2.0,8.733949266531964
10-18,17.0052201354915,11.562162074719676,6.879928640754142,10.730386671789619,5.681491044272602,13.643417286571387,27.186437919314972,20.33959055037797,10.567723706219109,-0.7148161639358875,-31.031917361821126,16.794873372833926,10.0,2.0,9.053708156382324
10-19,17.0052201354915,12.830739021200394,6.44171486859354,12.727275039210465,4.81237557295584,13.419690440269447,27.186437919314972,21.394103766718615,11.385991784919545,-2.6006428036487925,-32.132467169379375,16.794873372833926,10.0,2.0,9.10544266237334
10-20,16.2507214825911,10.543477562289617,10.042014564129953,15.615699760395698,5.002858841913294,13.419690440269447,26.80226126633121,21.628452201202244,8.828627537723888,-1.837144242534444,-31.22515819723225,14.230769136718507,10.0,2.0,9.108522529483187
10-21,17.109490833143248,7.9475037583737675,8.768971264408947,18.593968202608703,5.002858841913294,11.968909623098016,28.564951727778507,20.854547674005683,10.109376907348633,-1.5849414876657653,-31.22515819723225,15.555553200804116,10.0,2.0,9.305502695715408
10-22,15.626857554148927,12.80142025774637,6.119095473411363,18.593968202608703,3.6878242778984087,13.545506217444766,24.65625274756439,19.35834120888224,10.66770587547478,-1.5849414876657653,-32.85145724674949,14.05982505048157,10.0,2.0,8.723366510937188
10-23,17.6418976969184,8.716611846899328,6.503067905821758,19.253943696598338,1.8790463257220456,8.604455677349836,21.48005491624393,21.61733087721305,10.66770587547478,-0.6191183590567174,-35.665096405100655,13.333328986099913,10.0,2.0,7.784435753348666
10-24,17.471126853875635,8.47898412439006,6.503067905821758,18.561153274645907,2.4177156620593987,7.146742181088452,21.121624759173496,21.61733087721305,9.906833721970417,0.6982513465120823,-32.068721619741716,16.23931324362654,11.0,1.0,8.174451860886256
10-25,20.98100233197297,8.47898412439006,10.265849286542421,17.04908738659226,1.9084013495919023,6.173182459853464,22.198268715653683,22.78012134044272,13.232138771220644,2.8968136729999894,6.350341216700588,16.23931324362654,12.0,0.0,12.379458658298937
10-26,20.98100233197297,10.673108951388071,9.560309607527834,14.381171176403049,3.6972813945352416,6.326697056638948,22.198268715653683,20.50178993391618,9.87385180343514,-6.525324871565123,7.279280928878098,16.23931324362654,11.0,1.0,11.265562522700884
10-27,21.60476535393998,9.60366036488074,4.82072100968804,12.889276762884009,3.669460951652874,6.326697056638948,24.20976798217396,21.862423703437372,1.4513112961945658,-6.880518486694892,6.707760647524808,19.14529750115317,11.0,1.0,10.450885345289462
10-28,23.55406563155035,5.717668485968352,8.32024713489731,12.586811678138904,3.669460951652874,2.5088579625957834,14.582798957427098,10.81336700402872,0.4988303775723636,-6.632654640992478,6.707760647524808,20.982905672886933,11.0,1.0,8.609176655270916
10-29,16.862085593628453,1.5872991228835571,13.127411847904925,12.586811678138904,3.813925661790997,4.102983524886577,13.199162202310774,9.88084228237082,0.6536936481639105,-6.632654640992478,13.886874308560186,18.24786550159724,11.0,1.0,8.443025060936987
10-30,18.259872385597568,5.6573707359075245,13.394917642622767,12.586811678138904,5.311519355617385,0.0,13.715189259993858,10.242834696847883,0.6536936481639105,-10.157702172103892,12.576796287101535,17.47863341565635,10.0,2.0,8.309994744461981
10-31,19.257142203194753,8.465405732559352,13.394917642622767,13.339074711599698,7.650586350461683,-2.9567682521833163,8.480944685351451,10.242834696847883,0.8715974681572227,-3.2986962370931834,14.956645028917556,10.68376085792869,10.0,2.0,8.423953740697046
11-01,19.164756953802666,8.465405732559352,17.85989019016369,11.072361182323348,7.238919996467994,4.935862876847617,6.3701257865587735,13.784917242939935,2.1945522916919993,-8.060454786707139,3.4073555451814874,10.68376085792869,11.0,1.0,8.093121155813202
11-02,19.164756953802666,4.522613213524023,14.12625150484524,12.822749716028062,14.763391489539256,3.8635052658099625,6.3701257865587735,15.136024915537925,4.771841730901029,-11.967588142684866,0.446258589098222,10.68376085792869,11.0,1.0,7.891974323407415
11-03,19.45079924238539,4.59992460554122,-0.950209065278084,13.482503386829555,14.932128380958794,3.8635052658099625,3.3772641517734256,14.008504427191944,4.422935447824998,-12.415093048145161,2.013174389473893,12.777777007955196,10.0,2.0,6.630267849360093
11-04,18.020593255274612,0.7883356575619905,2.8658769499943038,12.529001601442685,14.932128380958794,-0.16920861489048722,0.32948637539220577,15.616485421788314,-0.09109863048546626,-12.57330630085424,2.013174389473893,19.188033522712406,9.0,3.0,6.120791834030753
11-05,14.816948956841355,-0.4200026756772562,7.164402661139671,12.529001601442685,19.004528011053992,-0.6486168871251919,-1.8679005605250687,12.1753554961924,-0.426567309415654,-12.57330630085424,0.2562214334046285,15.47008115768565,7.0,5.0,5.456678798680247
11-06,14.564525606362373,-0.5701239892628811,9.717636868523881,11.687931649651912,16.826924944106487,-4.302324059849049,2.1183149424385723,13.841705504682588,-0.426567309415654,-16.443814557575212,2.5988253748303145,15.256409200952143,8.0,4.0,5.405787014620455
11-07,11.36231906172158,-3.0775185268046386,9.717636868523881,14.385148347803476,17.59285368000028,-3.2074966869088533,1.8643123405459956,13.841705504682588,-1.5539370535426822,-30.63569606232515,-0.9440752102031096,14.102561072040805,7.0,5.0,3.6206511112945137
11-08,9.446255525069859,-3.0775185268046386,6.050603560076305,17.652077708787445,16.666668447571052,-6.492359062965139,7.6735633854477046,13.317670602753186,0.9227054979879218,-24.826145656002367,-4.446937682658388,14.102561072040805,8.0,4.0,3.915762072608645
11-09,9.446255525069859,-4.402022428547427,12.31725425458642,17.372758092429997,17.467854404365607,-5.286086780982753,7.6735633854477046,3.9537798354232563,4.5239467566613385,-18.89214010014761,-2.7632552357893805,14.102561072040805,8.0,4.0,4.62620573171315
11-10,10.186557558268456,-7.840119032626804,9.842665721064673,17.225014318426904,17.720810284653584,-5.286086780982753,6.723503953299555,1.5569125446535632,5.127055645654889,-16.344828989313935,-3.614461638270319,-1.1538481289113385,7.0,5.0,2.8452646213263733
11-11,7.63473361650416,-8.069498777492608,7.121881609244901,16.596342461744918,17.720810284653584,-6.651178899882535,0.3771725525580773,-5.058437806186761,4.043122188674313,-18.747071512686826,-3.614461638270319,0.6410240212631881,7.0,5.0,0.9995365083436748
11-12,6.678983907473224,0.4068069771713513,9.164222643234153,16.596342461744918,18.194480051120557,-6.789770846155106,3.465987836649476,-3.8182429918614735,4.897589131611137,-18.747071512686826,-3.2003027054261555,5.811960363990594,8.0,4.0,2.7217487764054877
11-13,5.7944540189969365,0.5212259635731925,9.396708076704288,18.115327046182735,16.84032080413092,-3.303901530181415,-1.175220239170523,-0.8559891001335591,4.897589131611137,-16.752697251493544,-0.036833256067564116,2.6923041497304565,7.0,5.0,3.0111073178235874
11-14,3.4980036339702587,-0.07490093574378379,9.396708076704288,20.785731990355803,12.697018935307474,-3.2157116896482094,0.3908325213766664,-0.8559891001335591,7.954878323154579,-18.12702782907468,-1.7530817980812827,0.0,6.0,6.0,2.558038510682296
11-15,3.7932025569325214,-0.07490093574378379,7.3126141576036225,21.26420887492975,10.950842175525027,-2.970007987984804,-4.225733980819602,2.8533076715237145,8.985597634377848,-18.59776488092292,-0.893521093315503,0.0,6.0,6.0,2.3664870160088234
11-16,3.7932025569325214,3.1086138576375024,7.271390288366183,22.097787538141766,12.232948849338989,-5.060303974905376,-4.225733980819602,1.0028899102913955,7.827378810127749,-20.086540026130365,1.9600616446028385,0.0,8.0,4.0,2.493474622798632
11-17,4.0991076828753,2.1156006062299184,9.327943631577849,20.060454409177915,10.39737473159212,-5.060303974905376,-3.2170128008676047,-0.3265207868883496,6.795396586835426,-20.63196343988546,4.468467643669059,0.0,7.0,5.0,2.3357120241175657
11-18,1.2424319758892657,-3.4956847172074617,6.649236668687777,19.751723716998924,10.39737473159212,-5.560456888255413,-2.9890549650314338,-0.38314390058986303,3.954978097840908,-20.68804652831074,4.468467643669059,0.0,6.0,6.0,1.112318819606929
11-19,2.040152778135509,-1.8962839327579888,9.913629263413162,19.751723716998924,10.965048849094368,-0.6273202812020375,-1.7343985255499288,-3.1533946625365816,2.7740381403360095,-20.68804652831074,3.603603603603604,0.0,6.0,5.0,1.7457293684353583
11-20,0.5542878248159676,-1.2427172614532769,11.801473903614664,19.696550040409484,11.480270059299247,-7.100933212803234,-0.8838059313731322,-3.4113230758245834,2.7740381403360095,-18.433287356566453,5.303027957314198,0.0,6.0,5.0,1.7114650906474074
11-21,-2.5707807591781457,-4.321728425761129,11.801473903614664,18.839384671296056,9.131873931879065,-3.34845753199707,-4.072394973981471,-3.4113230758245834,1.7094007316164657,-17.584447615611275,3.501654570504515,0.0,5.0,6.0,0.8062212855464247
11-22,-4.198348620706353,-4.321728425761129,13.6397091461712,17.919080121448697,4.029189211039046,-0.16620879730515406,-3.686023398024369,-6.233251936321607,3.0113360425189732,-21.008012661273387,3.258056500030118,0.0,5.0,6.0,0.18698309848467007
11-23,-4.198348620706353,-2.1608680291043547,17.22242801488976,16.141736380184987,4.56405647480913,-1.974057476064549,-3.686023398024369,-11.718608402303667,0.571509313247229,-18.715347775594253,2.114472902855252,0.0,5.0,6.0,-0.15325421798426572
11-24,-3.3388437318407798,-2.6284820804631748,22.02611997148874,17.012330837743008,4.2324704960395705,-1.974057476064549,-5.356670662438231,-10.046809370500783,-8.458305647050445,-19.7679768480152,5.123671005941088,0.0,4.0,7.0,-0.2647127920967298
11-25,-5.984359870837281,-0.9419143462712156,19.584999254627302,17.058823592267213,4.2324704960395705,-2.8482858497103907,-5.366490042192348,-13.33209454111378,-6.689015526744767,-19.849763624235038,5.123671005941088,0.0,4.0,7.0,-0.7509966210191381
11-26,-3.2412172645834896,0.9244983805169472,15.161524212439707,17.058823592267213,3.5060032081531864,-1.0232271389548848,-6.526314584832442,-13.013696260134951,-3.8003555116090046,-19.849763624235038,7.5618355029705455,0.0,5.0,6.0,-0.2701574573335183
11-27,-2.8202511556212415,3.709253470620507,15.036764845097348,17.787115534355195,2.4390213740824818,-0.11169254201679553,-9.94024953217638,-14.690963295273551,-3.8003555116090046,-15.84338501279873,4.513507916061138,0.0,5.0,6.0,-0.3101028257732526
11-28,-0.8751270174818683,3.781349143214109,15.036764845097348,17.359546805373068,3.5791417860951755,-0.11169254201679553,-10.547720382284787,-14.690963295273551,-5.855488618781588,-22.03791248560336,4.804136225858842,0.0,5.0,6.0,-0.796497127983617
11-29,-1.3870089811215711,3.781349143214109,15.220592576739573,17.61077036880934,3.8461538461538463,2.8634386681328885,-9.862570162262891,-13.676496039644759,-10.32681467383439,-19.990516175511182,6.190819054149532,0.0,6.0,5.0,-0.4775235312646244
11-30,-1.3870089811215711,5.016841224896335,8.824605985135811,13.778532166043908,7.860129207197351,1.3974287788106674,-9.862570162262891,-9.504367640801243,-10.653556607392156,-21.385764036046737,9.61744259115739,0.0,6.0,5.0,-0.5248572895319281
12-01,-2.740194140477778,1.2509203413185603,8.1936712539407,15.083334181043837,9.483268700387798,1.3974287788106674,-11.964426175381089,-9.041000176771846,-9.932992319423448,-12.222229911206648,11.329356423379476,0.0,6.0,5.0,0.06976141296835288
12-02,-4.025712298908121,-0.516984453629488,10.694597373480605,16.269512187859064,9.483268700387798,-0.33539058322010784,-9.67394258567187,-9.597925121388936,-9.32090263556969,-10.666369247672113,11.329356423379476,0.0,4.0,7.0,0.3032923132538849
12-03,-2.372883942167637,-0.6656745256387431,9.272997347540157,16.269512187859064,10.833823797057216,-1.6769209314940907,-11.033741068689377,-9.576227080236501,-17.13929135483597,-10.666369247672113,12.381622793076891,0.0,4.0,7.0,-0.3644293354334257
12-04,-4.186359675843469,-1.8763805119778405,6.391121813740429,15.365650399644673,11.156785059289644,1.8619942405592769,-15.862068965517242,-8.521072944578908,-17.13929135483597,-3.9579615595901423,11.329356423379476,0.0,5.0,6.0,-0.4531855896441722
12-05,-4.25244773732635,-0.2534384239582869,6.391121813740429,17.0090368939022,11.786964704503074,1.3506212690906172,-9.061918019187836,-8.521072944578908,-15.213124354777324,-5.053663371741896,8.539167477996507,0.0,5.0,6.0,0.226770608971852
12-06,-1.812785874404928,-0.2534384239582869,6.1232243609232215,17.32390742434279,7.632261861817086,4.0783035611309915,-3.5056729789561487,-7.939678159874347,-16.443733317077612,-4.795890304185292,10.55418206555018,0.0,5.0,6.0,0.9133900179423042
12-07,-1.812785874404928,1.9189017760370863,5.855334207565233,15.267592039024526,10.205249840909298,3.3424690978167813,-3.5056729789561487,-9.792876635159836,-13.351837735592456,-0.021992384193363888,9.91118666425182,0.0,6.0,5.0,1.5012973347748346
12-08,-3.559656948828112,-1.3396050711164098,13.367992353040664,15.956317347848561,8.536581718760436,3.3424690978167813,-2.8499299115548284,-9.732578416072775,-8.581842698469798,3.970886783694472,7.03812326967371,0.0,6.0,5.0,2.1790631270660583
12-09,-2.5742597567179906,1.7875927676390135,10.1069705253785,12.676450859827249,8.536581718760436,0.1643873240849743,-6.202765531321131,-13.08743998958368,-5.533332824707031,10.117698730130376,7.03812326967371,0.0,7.0,4.0,1.9191672577637016
12-10,-3.0072697968572872,-1.1454353690501198,8.215088523267053,12.676450859827249,7.084781428582032,0.8241841735762638,-6.0763444678715,-7.253229958570902,-6.348671013055183,10.117698730130376,6.928157072672987,0.0,6.0,5.0,1.8346175152209137
12-11,-5.813953414689461,-3.4470343674084867,9.030349713989477,10.988101586873894,10.049094260031922,-1.20145374176067,-4.368929767855103,-8.635607637851152,-6.348671013055183,12.574850535231247,1.23873848073091,0.0,5.0,6.0,1.1721237195197824
12-12,-9.901661915758057,-5.880192706006977,9.030349713989477,11.11421752849598,9.55284302952104,-0.3368971088727697,-7.032456372224837,-8.635607637851152,-6.768556797663566,8.673363072378764,-6.036138719756224,0.0,4.0,7.0,-0.5183948261456934
12-13,-9.493241316650476,-5.880192706006977,10.140635546624793,12.717243063038795,9.038241013498306,-0.6197217484595071,-5.2965032972093935,-6.149880442150866,-4.770550185369848,11.479967773201249,-4.712453493144363,0.0,4.0,7.0,0.5377953506143089
12-14,-9.493241316650476,-6.32121013809457,19.85621163591097,5.875578467177343,8.383924850353916,-2.2909596039706064,-5.2965032972093935,-8.507435284950986,-2.115001271670799,14.206835007498569,-18.987341160920177,0.0,4.0,7.0,-0.3907618427105184
12-15,-8.783784959331912,-3.016158495806675,21.419095216033163,2.8785260555120784,6.958311050133699,-2.2909596039706064,-6.386215195720269,-7.327027961639048,-2.598687254738648,12.929728739970438,-27.65957704004707,0.0,4.0,7.0,-1.1563957874670707
12-16,-11.297910991465352,-3.2920364784983405,18.67387906002812,4.0659555442945265,6.958311050133699,-2.835056501655876,-10.114367245912554,-4.590340723344174,-8.43393499459009,13.042540998521485,-27.65957704004707,0.0,4.0,7.0,-2.1235447768779685
12-17,-17.77054615959863,-2.5614019025836074,21.081830414485903,4.0659555442945265,6.605994764031416,-6.407327623362795,-4.932511218486388,-7.998494270361947,-11.308089272585145,13.042540998521485,-27.161611401333946,0.0,4.0,7.0,-2.7786383439149267
12-18,-17.880320954383908,-2.393712332164052,20.41958068074605,2.871761086484842,7.167135507019205,-15.217394559379995,0.6755189115569127,-5.588341407377015,-11.308089272585145,11.941270632705125,-28.664195075413257,0.0,5.0,6.0,-3.1647322318992686
12-19,-16.830643252341833,-0.06983400205972345,20.41958068074605,-10.743004619476896,11.316648632639554,-13.59976599852008,1.0287088828330315,-5.588341407377015,-8.743548992204229,14.089349612979474,-36.95866309877325,0.0,4.0,7.0,-3.8066261301295765
12-20,-16.177494846260174,-0.06983400205972345,15.73426552440049,-13.598674737461208,8.418150445789633,-12.511140842697765,4.302569118776685,-7.469566849648307,-10.6141439364722,17.352260731892972,-40.451124742890364,0.0,4.0,7.0,-4.59039451138583
12-21,-16.177494846260174,0.34915669082464057,15.56175543690862,-11.896894759550214,10.701989180204883,-13.353290062028805,4.302569118776685,-7.636912534276793,-8.805031691230386,18.46473316390907,-42.499998783578704,0.0,5.0,6.0,-4.249118257191765
12-22,-16.911244246381713,3.2809329607376267,12.112475263427608,-10.734091514277393,11.195996055064292,-13.353290062028805,2.8683735297245043,-7.003014487016923,-7.191084066227624,19.41041899426299,-40.98940463473213,0.0,5.0,6.0,-3.942827683953965
12-23,-20.709219838968373,2.9803659460964025,14.305804896408516,-10.194803465677325,11.195996055064292,-15.748497249192233,2.680185586733927,-7.357988329614866,-7.992596290776597,17.597114854856887,-40.98940463473213,0.0,5.0,6.0,-4.519420205816792
12-24,-20.07005147235961,0.3928593226841518,11.749725606145198,-10.194803465677325,10.168600377892199,-16.691867277602686,1.9887029787914898,-8.803222490062328,-6.5405021861368295,17.597114854856887,-37.051995711594635,0.0,5.0,6.0,-4.787953288588624
12-26,-21.45121621527201,2.0372319553727305,12.513520990396126,-9.05228273164484,10.637745883244259,-19.96281083842344,-1.81946025992086,-10.779145784904705,-6.5405021861368295,14.18933059020436,-57.42856706891742,0.0,4.0,7.0,-7.304679638833551
12-27,-20.223149146946977,2.0372319553727305,12.513520990396126,-4.853453948139593,9.948326131572749,-22.082018395986022,-1.0416684143336894,-10.779145784904705,-7.728106477288951,13.441432431471164,-70.18320065633036,0.0,4.0,7.0,-8.245852609593127
12-28,-20.223149146946977,3.4070928582688524,19.335457913332345,-4.629039448612981,9.839879269564312,-21.928169634564856,-1.0416684143336894,-9.878245826532254,-5.052463324564969,15.739565002330133,-80.78947294121633,0.0,4.0,7.0,-7.9350178077730344
12-29,-20.15341254460788,1.1111092121180215,17.5614875469033,-8.033412677481635,9.418788224918664,-21.928169634564856,-2.4305537465668827,-6.951145801277184,-2.4055565248661424,14.841438839312609,-83.935745074039,0.0,4.0,7.0,-8.575431015012583
12-30,-21.024738245037014,2.0234280911624625,17.38070334462994,-7.721883749144719,9.418788224918664,-21.613102559771253,-4.87398756568358,-7.4428628159859,-3.71090738859458,13.67338424556186,-83.935745074039,0.0,4.0,7.0,-8.985576957665259
12-31,-17.857144526740782,1.9656870838411304,18.288587231951908,-7.721883749144719,9.237159545205746,-14.76003390278982,0.4177310386130756,-8.559619244870088,-4.200589234727733,13.67338424556186,-85.20750236583368,0.0,5.0,6.0,-7.893685323244426
