,2009,2010,2011,2012,2013,2014,2015,2016,2017,2018,2019,2020,ups,downs,end_day_sum,avg
01-02,-1.0399999618530271,1.3199996948242188,-1.6399998664855957,2.5,-1.0500001907348633,-1.5600004196166992,6.290000915527344,-8.219999313354492,3.869999885559082,0.8499984741210938,1.0699996948242188,-0.8400001525878906,6.0,6.0,03-17,0.12916656335194907
01-03,-0.9099998474121094,1.329999923706055,-1.6399998664855957,2.5,-1.0300002098083496,-1.5299997329711914,6.210000991821289,-8.579998970031737,3.869999885559082,0.39999961853027344,2.1400003433227544,-2.369999885559082,6.0,6.0,03-18,0.03250018755594889
01-04,-1.1500000953674316,1.329999923706055,-1.5399999618530271,2.9600000381469727,-1.3899998664855957,-0.6399993896484375,6.1100006103515625,-8.579998970031737,3.990000724792481,0.5200004577636719,1.8000001907348633,-3.029998779296875,6.0,6.0,03-19,0.031667073567708336
01-05,-1.1500000953674316,1.380000114440918,-1.6399998664855957,2.6599998474121094,-1.7199997901916504,-0.6599998474121094,6.1100006103515625,-8.329998970031737,1.9300003051757808,1.3600006103515625,1.7100000381469729,-4.1499996185302725,6.0,6.0,03-20,-0.2083330551783244
01-06,-1.190000057220459,1.3199996948242188,-1.5300002098083496,3.109999656677246,-1.739999771118164,-0.6599998474121094,6.039999961853027,-7.670000076293945,1.0299997329711914,2.480001449584961,1.5100011825561523,-4.1499996185302725,6.0,6.0,03-21,-0.120833158493042
01-07,-0.8200001716613771,1.700000286102295,-1.7100000381469729,2.6599998474121094,-1.739999771118164,-0.9700002670288086,3.5399990081787114,-6.609999656677246,-0.9499998092651368,2.220001220703125,1.5100011825561523,-3.920000076293945,5.0,7.0,03-22,-0.4241665204366048
01-08,-1.6499996185302734,2.4200000762939453,-1.6300001144409182,2.8500003814697266,-1.5999999046325684,-1.75,0.6599998474121094,-5.770000457763673,-0.75,2.220001220703125,1.210000991821289,-3.55000114440918,5.0,7.0,03-23,-0.6116665601730347
01-09,-0.7300000190734863,2.489999771118164,-1.260000228881836,2.8500003814697266,-2.1599998474121094,-2.609999656677246,0.020000457763671875,-3.0599994659423833,-0.75,2.2800006866455083,1.3599996566772459,-3.680000305175781,5.0,7.0,03-24,-0.4374998807907105
01-10,-0.5899996757507324,2.320000648498535,-1.260000228881836,2.619999885559082,-0.3600001335144043,-3.980000495910645,-0.6799993515014648,-3.0599994659423833,0.5999994277954102,0.6399993896484375,-0.4400005340576172,-2.1700000762939453,4.0,8.0,03-25,-0.5300000508626302
01-11,0.059999942779541016,2.320000648498535,-1.2300000190734863,1.969999313354492,-1.1500000953674316,-2.9400005340576167,-1.2799997329711914,-3.0599994659423833,1.5500001907348633,-1.4699993133544922,-0.5500001907348633,-2.1599998474121094,4.0,8.0,03-26,-0.6616665919621786
01-12,0.059999942779541016,2.460000514984131,-0.9800000190734864,2.1400003433227544,-2.320000171661377,-3.369999885559082,-1.2799997329711914,-2.9099998474121094,1.670000076293945,-0.9300003051757812,0.2200002670288086,-1.8199996948242188,5.0,7.0,03-27,-0.5883332093556722
01-13,-0.19000005722045896,2.2100000381469727,-0.9600000381469728,3.0100002288818364,-2.320000171661377,-3.369999885559082,-1.4099998474121094,-1.130000114440918,2.880000114440918,-0.8899993896484375,-0.06999969482421875,-1.8199996948242188,3.0,9.0,03-28,-0.3383332093556722
01-14,0.3299999237060547,2.1899995803833012,-1.0,3.039999961853028,-2.320000171661377,-3.8799991607666016,-1.7699995040893557,-1.3400001525878906,3.3199996948242188,-0.8899993896484375,-0.06999969482421875,-2.9299983978271484,4.0,8.0,03-29,-0.44333310921986896
01-15,-0.039999961853027344,2.2199997901916504,-0.8099999427795409,2.7799997329711914,-2.2199997901916504,-3.7899999618530273,-0.2899999618530273,-1.4400005340576172,3.399999618530273,-0.8899993896484375,-0.4499998092651367,-2.3199996948242188,3.0,9.0,03-30,-0.32083332538604736
01-16,-0.21000003814697266,2.1699995994567867,-0.8099999427795409,2.7799997329711914,-2.179999828338623,-5.109999656677246,-0.8199996948242188,-0.21000003814697266,3.399999618530273,-0.8899993896484375,0.14999961853027344,-2.6299991607666016,4.0,8.0,03-31,-0.36333326498667406
01-17,0.059999942779541016,2.1699995994567867,-0.8099999427795409,2.7799997329711914,-2.389999866485596,-4.320000648498535,-0.2800006866455078,0.11999988555908205,3.399999618530273,0.9600009918212892,-0.1999988555908203,-1.789999008178711,6.0,6.0,04-01,-0.024999936421712242
01-18,0.5399999618530273,2.1699995994567867,-0.8099999427795409,2.390000343322754,-2.760000228881836,-4.909998893737793,-0.2800006866455078,0.11999988555908205,1.7599992752075195,1.739999771118164,-0.25,-1.6200008392333984,6.0,6.0,04-02,-0.15916681289672852
01-19,0.5399999618530273,2.1699995994567867,-0.5199999809265137,2.039999961853028,-2.7200002670288086,-5.079998970031738,-0.2800006866455078,0.11999988555908205,1.8800001144409182,0.8299999237060547,0.8299999237060547,-3.290000915527344,7.0,5.0,04-03,-0.2900001207987468
01-20,0.5399999618530273,1.6899995803833008,-0.15000009536743164,2.2799997329711914,-2.9800000190734863,-5.079998970031738,-0.2800006866455078,-0.2799997329711914,1.489999771118164,0.15999984741210938,1.3500003814697266,-3.290000915527344,6.0,6.0,04-04,-0.3791667620340983
01-21,0.5,1.7500004768371582,-0.2799997329711914,2.5,-2.9800000190734863,-5.079998970031738,0.630000114440918,-0.05000019073486328,1.489999771118164,0.8599987030029297,1.3500003814697266,-3.290000915527344,7.0,5.0,04-05,-0.21666669845581052
01-22,0.4800000190734863,1.9400005340576167,-0.009999752044677734,2.5,-2.9800000190734863,-5.8799991607666025,0.6799993515014648,-0.25,1.3099994659423828,0.8599987030029297,1.3500003814697266,-2.6799983978271484,7.0,5.0,04-06,-0.2233332395553589
01-23,0.25,2.37000036239624,0.030000209808349613,2.5,-3.160000324249268,-9.139999389648438,0.8400001525878906,0.19999980926513672,1.3099994659423828,0.12999916076660156,1.1800003051757812,-3.4200000762939453,9.0,3.0,04-07,-0.5758333603541056
01-24,-0.4200000762939453,2.2699999809265137,0.030000209808349613,2.560000419616699,-3.140000343322754,-8.289999008178711,0.18000030517578125,1.2100000381469729,1.2199993133544922,0.6900005340576172,1.0700016021728516,-1.8099994659423828,8.0,4.0,04-08,-0.36916637420654297
01-25,-0.4200000762939453,2.2699999809265137,0.08000040054321289,2.1199998855590816,-3.200000286102295,-7.579999923706055,0.8400001525878906,1.2100000381469729,0.75,0.020000457763671875,0.6399993896484375,-2.5,8.0,4.0,04-09,-0.4808333317438762
01-26,-0.4200000762939453,2.369999885559082,-0.15999984741210938,2.25,-2.7599997520446777,-7.75,0.8400001525878906,1.4499998092651367,1.020000457763672,0.15999984741210938,1.170000076293945,-2.5,7.0,5.0,04-10,-0.3608332872390747
01-27,-0.6399998664855957,2.5799999237060547,-0.3200001716613769,1.6899995803833008,-2.549999713897705,-7.75,0.8000001907348633,2.149999618530273,1.1599998474121094,0.26000022888183594,1.479999542236328,-2.5,7.0,5.0,04-11,-0.3033334016799927
01-28,-0.8600001335144043,2.9899997711181636,0.09000015258789062,0.0,-2.549999713897705,-8.369999885559082,1.1100006103515625,2.439999580383301,1.3700008392333984,0.1700000762939453,1.479999542236328,-2.75,7.0,5.0,04-12,-0.4066665967305501
01-29,0.05000019073486328,3.1999998092651367,-0.039999961853027344,0.2699995040893555,-2.419999599456787,-8.430000305175781,0.8400001525878906,2.039999961853028,1.3700008392333984,0.1700000762939453,1.1999998092651367,-1.8099994659423828,8.0,4.0,04-13,-0.29666658242543537
01-30,-0.1100001335144043,3.389999866485596,-0.11999988555908205,0.2699995040893555,-1.170000076293945,-8.539999961853027,1.3500003814697266,2.310000419616699,1.3700008392333984,0.3000011444091797,0.7299995422363281,-1.4500007629394531,7.0,5.0,04-14,-0.13916659355163574
01-31,-0.8899998664855957,3.309999942779541,-0.11999988555908205,0.3399991989135742,-0.7200002670288086,-8.46999979019165,1.1400003433227541,3.0500001907348637,1.0500001907348633,0.9200000762939452,0.3600006103515625,-0.9599990844726562,7.0,5.0,04-15,-0.08249986171722412
02-01,-0.7599997520446777,3.309999942779541,-0.369999885559082,0.09999942779541016,-0.5900001525878906,-7.3499999046325675,1.0399999618530271,3.0500001907348637,0.5,0.5300006866455078,0.5399990081787109,-0.6999988555908203,7.0,5.0,04-16,-0.058333277702331536
02-02,-0.7599997520446777,3.1899995803833012,-0.5900001525878906,-0.01999950408935547,-0.8100004196166992,-7.3499999046325675,1.0399999618530271,3.65000057220459,0.8300008773803711,0.8999996185302734,0.0,-1.4499988555908203,5.0,7.0,04-17,-0.1141664981842041
02-03,-0.9299998283386229,3.0300002098083496,-0.7100000381469727,-2.9399995803833012,-0.8100004196166992,-7.3499999046325675,1.4499998092651367,3.7100000381469727,0.6399993896484375,2.0599994659423833,0.0,-1.4499988555908203,5.0,7.0,04-18,-0.2749999761581421
02-04,-0.3400001525878906,2.9399995803833012,-0.7399997711181641,-3.0600004196166988,-0.8100004196166992,-6.389999866485597,1.7100000381469729,3.6999998092651367,0.4399995803833008,1.8099994659423828,0.0,-1.539999008178711,5.0,7.0,04-19,-0.19000009695688885
02-05,-0.4099998474121094,2.62000036239624,-0.7899999618530273,-3.2400007247924805,-0.7100000381469727,-5.5900001525878915,1.239999771118164,4.099999904632568,0.5299997329711914,1.8099994659423828,-0.3299999237060547,-1.3799991607666016,5.0,7.0,04-20,-0.17916671435038248
02-06,-0.9200000762939452,3.0999999046325684,-0.7899999618530273,-3.2400007247924805,-1.0199999809265137,-5.53000020980835,2.020000457763672,4.400000095367432,0.5299997329711914,1.3199996948242188,-0.3699989318847656,-0.8099994659423828,5.0,7.0,04-21,-0.10916662216186523
02-07,-0.3400001525878906,3.0999999046325684,-0.7899999618530273,-3.2600002288818364,-0.4200000762939453,-6.389999866485597,2.489999771118164,4.5799994468688965,0.5900001525878906,0.9200000762939452,-0.2799997329711914,0.09999847412109376,6.0,6.0,04-22,0.024999817212422688
02-08,-0.09999990463256836,3.0999999046325684,-0.9099998474121094,-3.1899995803833012,-0.4099998474121094,-6.869999885559082,2.640000343322754,4.5799994468688965,1.1399993896484375,1.8000011444091797,-0.25,-0.3400001525878906,5.0,7.0,04-23,0.09916675090789796
02-09,-0.09999990463256836,3.0100002288818364,-0.5099997520446777,-3.039999961853028,0.3299999237060547,-7.109999656677246,2.640000343322754,4.619999408721924,0.5199995040893555,1.6900005340576172,0.020000457763671875,1.210000991821289,8.0,4.0,04-24,0.27333350976308185
02-10,0.18000030517578125,2.499999523162842,-0.6100001335144043,-3.140000343322754,0.039999961853027344,-7.109999656677246,2.1900005340576167,4.880000114440918,0.9200000762939452,0.7600002288818359,-0.20999908447265625,1.210000991821289,8.0,4.0,04-25,0.13416687647501627
02-11,0.039999961853027344,2.380000114440918,-0.5699996948242188,-3.2399997711181636,0.039999961853027344,-7.229999542236327,3.1700010299682617,4.559999942779541,1.6499996185302734,0.8199996948242188,-0.20999908447265625,1.3600006103515625,8.0,4.0,04-26,0.23083357016245526
02-12,0.23000001907348636,2.679999828338623,-0.4699997901916504,-3.09999942779541,0.07000017166137695,-7.560000419616699,2.3600006103515625,4.380000114440918,1.5699996948242188,0.8199996948242188,-0.4799995422363281,2.09000015258789,8.0,4.0,04-27,0.21583342552185056
02-13,0.1100001335144043,2.7200002670288086,-0.3599996566772461,-3.09999942779541,0.2399997711181641,-7.930000305175781,1.0500001907348633,3.3600001335144043,1.5699996948242188,0.8199996948242188,-0.3900012969970703,3.149999618530273,8.0,4.0,04-28,0.1033332347869873
02-14,0.3600001335144043,2.9600000381469727,-0.3599996566772461,-3.4200000762939453,0.4600000381469727,-7.9000000953674325,0.8900003433227539,3.0899996757507324,1.2799997329711914,0.6700000762939453,-0.3200016021728516,2.2199993133544917,8.0,4.0,04-29,-0.005833506584167481
02-15,0.8100004196166992,2.9600000381469727,-0.309999942779541,-3.180000305175781,0.3299999237060547,-8.050000190734862,0.5399999618530273,3.0899996757507324,1.329999923706055,0.8099994659423828,-0.6600017547607422,2.1199989318847656,8.0,4.0,04-30,-0.01750032107035319
02-16,0.8100004196166992,2.9600000381469727,-0.26000022888183594,-3.539999961853028,0.039999961853027344,-8.010000228881836,0.5399999618530273,3.0899996757507324,1.3799991607666016,0.3899993896484375,-0.6900005340576172,2.1199989318847656,8.0,4.0,05-01,-0.09750028451283772
02-17,0.8100004196166992,3.2300000190734863,-0.3499999046325684,-3.6499996185302734,-0.23000001907348636,-8.010000228881836,0.5399999618530273,2.25,1.5300006866455078,1.1100006103515625,-0.6499996185302734,2.1199989318847656,7.0,5.0,05-02,-0.10833323001861572
02-18,0.8200001716613771,2.790000438690185,-0.3400001525878906,-3.580000400543213,-0.23000001907348636,-8.010000228881836,-0.15000057220458984,2.489999771118164,1.7100000381469729,0.8199996948242188,-0.6499996185302734,2.1199989318847656,6.0,6.0,05-03,-0.18416682879130045
02-19,0.9099998474121094,3.340000629425049,-0.4300003051757813,-3.2200002670288086,-0.23000001907348636,-7.369999408721924,0.3900003433227539,2.5500001907348637,1.7100000381469729,0.8199996948242188,-0.6499996185302734,1.489999771118164,7.0,5.0,05-04,-0.05749992529551187
02-20,1.4000000953674316,2.889999866485596,-0.7100000381469727,-3.2200002670288086,0.07999992370605469,-7.8500003814697275,0.31999969482421875,2.0300006866455083,1.7100000381469729,0.8199996948242188,-0.4400005340576172,1.6800003051757812,8.0,4.0,05-05,-0.10750007629394533
02-21,1.6600003242492676,2.669999599456787,-0.7100000381469727,-3.2200002670288086,0.23000001907348636,-8.319999694824219,-0.40000057220458973,1.7100000381469729,1.7100000381469729,0.15999984741210938,0.4699993133544922,2.020000457763672,8.0,4.0,05-06,-0.16833341121673584
02-22,1.2400002479553225,2.669999599456787,-0.7100000381469727,-2.930000305175781,0.23000001907348636,-8.81999921798706,-0.3400001525878906,1.7100000381469729,2.0799999237060547,0.0,0.4200000762939453,2.4400005340576167,7.0,5.0,05-07,-0.16749993960062662
02-23,1.2400002479553225,2.499999523162842,-0.3899998664855957,-3.829999446868897,0.29000043869018555,-8.879999160766602,-0.3400001525878906,2.139999389648437,1.9499998092651367,-0.030000686645507806,-0.4299983978271485,2.239999771118164,6.0,6.0,05-08,-0.2949998776117961
02-24,0.8600001335144043,2.1100001335144043,-0.2699999809265137,-3.799999713897705,0.29000043869018555,-8.879999160766602,0.18000030517578125,1.7200002670288086,1.579999923706055,-0.060001373291015625,-0.7699985504150391,2.239999771118164,7.0,5.0,05-09,-0.39999981721242267
02-25,0.8099999427795409,1.5500001907348633,-0.369999885559082,-4.1000003814697275,0.29000043869018555,-9.049999237060547,-0.010000228881835938,1.690000057220459,0.9700002670288086,0.279998779296875,-0.7699985504150391,2.8700008392333984,7.0,5.0,05-10,-0.48666648070017504
02-26,1.7300000190734863,1.9800000190734863,-0.2399997711181641,-4.310000419616698,0.8400001525878906,-8.950000762939453,0.3100004196166992,1.4700002670288086,0.7600002288818359,0.279998779296875,-0.4799995422363281,2.1900005340576167,8.0,4.0,05-11,-0.3683333396911621
02-27,1.690000057220459,1.0099997520446775,-0.1399998664855957,-4.310000419616698,0.7300000190734863,-8.65000057220459,0.3000001907348633,1.7200002670288086,0.7600002288818359,0.39999961853027344,-1.1299991607666016,3.34000015258789,8.0,4.0,05-12,-0.35666664441426593
02-28,1.8400001525878904,1.170000076293945,-0.1399998664855957,-4.320000648498535,0.9800000190734864,-6.570000171661378,0.8000001907348633,0.5,0.8100004196166992,0.3099994659423828,-1.0300006866455078,5.25,8.0,4.0,05-13,-0.033333420753479004
02-29,0.0,0.0,0.0,-4.140000343322754,0.0,0.0,0.0,0.5,0.0,0.0,0.0,3.1000003814697266,2.0,1.0,05-14,-0.04499999682108561
03-01,1.8499999046325684,1.170000076293945,-0.039999961853027344,-3.930000305175781,0.9299998283386229,-5.800000190734862,1.0399999618530271,-0.1099996566772461,1.0,-0.979999542236328,-2.039999961853028,3.59000015258789,6.0,6.0,05-15,-0.2766666412353516
03-02,1.8499999046325684,0.8400001525878906,0.13000011444091794,-4.0399999618530265,1.380000114440918,-5.890000343322754,1.0399999618530271,-0.869999885559082,0.9200000762939452,-0.029998779296875,-1.3899993896484375,3.59000015258789,7.0,5.0,05-16,-0.2058331569035848
03-03,1.7300000190734863,0.9600000381469728,0.04999971389770508,-3.889999866485596,1.4099998474121094,-5.890000343322754,1.0300006866455078,-0.7300004959106445,0.6999998092651367,-0.10999870300292967,-1.4299993515014648,4.1499996185302725,7.0,5.0,05-17,-0.16833325227101645
03-04,1.5300002098083496,0.6999998092651367,-0.1699995994567871,-3.84000015258789,1.4099998474121094,-7.020000457763673,0.6099996566772461,-0.5100002288818359,1.119999885559082,-1.1799983978271484,-1.4299993515014648,3.430000305175781,6.0,6.0,05-18,-0.4458332061767578
03-05,1.799999713897705,0.8000001907348633,-0.09999990463256836,-3.84000015258789,1.1999998092651367,-7.560000419616699,1.0299997329711914,-0.7399997711181641,0.3000001907348633,-1.1799983978271484,-1.2500009536743164,4.219999313354491,6.0,6.0,05-19,-0.4433333873748779
03-06,2.059999942779541,0.2799997329711914,-0.19000005722045896,-3.520000457763672,2.5199999809265137,-6.550000190734862,1.8300008773803709,-0.5,0.3000001907348633,-1.489999771118164,-0.1399993896484375,4.559999465942383,6.0,6.0,05-20,-0.0699999729792277
03-07,2.0199999809265137,0.21000003814697266,-0.19000005722045896,-3.62999963760376,2.190000057220459,-6.059999942779541,1.8800001144409182,-0.5,0.9200000762939452,-1.779998779296875,-0.020000457763671875,4.979999542236328,6.0,6.0,05-21,0.001666744550069173
03-08,1.9199995994567869,0.21000003814697266,-0.4899997711181641,-3.610000133514404,1.7200002670288086,-6.3500003814697275,1.4700002670288086,0.2399997711181641,0.9499998092651368,-1.9300003051757808,-0.5300006866455078,5.489999771118164,7.0,5.0,05-22,-0.07583347956339519
03-09,1.9199995994567869,-0.039999961853027344,-0.4299998283386231,-3.039999961853028,1.5399999618530271,-6.580000400543213,1.4700002670288086,-0.05000019073486328,-0.7399997711181641,-2.3600006103515625,-0.2899999618530273,5.489999771118164,4.0,8.0,05-23,-0.25916675726572674
03-10,1.739999771118164,-0.8099999427795409,-0.13000011444091794,-3.2799997329711914,1.119999885559082,-6.580000400543213,1.520000457763672,0.619999885559082,-0.9800004959106444,-2.639999389648437,-0.4799995422363281,4.569999694824219,5.0,7.0,05-24,-0.4441666603088379
03-11,2.0899996757507324,-0.5700001716613771,-0.2999997138977051,-3.289999961853028,1.119999885559082,-6.429999828338622,1.4400005340576172,0.2899999618530273,-0.7600002288818359,-2.1199989318847656,-0.4799995422363281,5.780000686645508,5.0,7.0,05-25,-0.2691664695739746
03-12,1.5,-0.5099997520446777,-0.1099996566772461,-3.289999961853028,1.4700002670288086,-6.519999980926514,1.6199998855590818,0.380000114440918,-0.6700000762939453,-2.1199989318847656,-0.5,7.989999771118164,5.0,7.0,05-26,-0.06333319346110028
03-13,1.510000228881836,-0.6899995803833008,0.12000036239624025,-3.670000076293945,1.4700002670288086,-5.819999694824219,1.520000457763672,0.75,-0.6700000762939453,-2.180000305175781,-0.7700004577636719,7.3400001525878915,6.0,6.0,05-27,-0.09083322683970134
03-14,1.889999866485596,-0.6999998092651367,0.12000036239624025,-3.9499998092651367,1.7100000381469729,-5.489999771118164,1.6299991607666016,0.75,-0.4700002670288086,-2.289999008178711,-0.4799995422363281,8.949999809265137,6.0,6.0,05-28,0.13916675249735513
03-15,1.8600001335144043,-0.6999998092651367,0.23000001907348636,-4.010000228881837,1.8800001144409182,-5.430000305175781,1.7099990844726562,1.6499996185302734,-1.0199995040893557,-2.549999237060547,-0.6700000762939453,8.609999656677246,6.0,6.0,05-29,0.12999995549519858
03-16,1.8600001335144043,-0.6799998283386229,0.2699999809265137,-3.6499996185302734,1.889999866485596,-5.489999771118164,1.7099990844726562,2.0099992752075195,-2.0799999237060547,-2.220001220703125,-1.4800004959106443,8.609999656677246,6.0,6.0,05-30,0.0624997615814209
03-17,1.329999923706055,-0.690000057220459,0.3400001525878906,-4.1599998474121085,1.7100000381469729,-5.489999771118164,1.6199989318847656,1.7899999618530271,-2.1300001144409184,-2.6900005340576167,-1.6300001144409182,8.94999885559082,6.0,6.0,05-31,-0.08750021457672119
03-18,1.5900001525878906,-0.2899999618530273,0.3899998664855957,-4.670000076293945,1.7100000381469729,-6.010000228881836,1.579999923706055,1.6099996566772459,-2.25,-2.180000305175781,-1.6300001144409182,9.559999465942383,6.0,6.0,06-01,-0.04916679859161377
03-19,1.989999771118164,-0.7200002670288086,0.5399999618530273,-4.670000076293945,1.889999866485596,-5.9099998474121085,1.2900009155273438,0.9800004959106444,-2.609999656677246,-2.180000305175781,-1.8499994277954104,9.370000839233398,6.0,6.0,06-02,-0.1566664775212606
03-20,2.679999828338623,-1.369999885559082,0.1100001335144043,-4.329999923706056,1.8399996757507324,-6.110000133514403,3.249999046325684,0.880000114440918,-2.609999656677246,-2.560001373291016,-1.4800004959106443,8.620000839233397,6.0,6.0,06-03,-0.09000015258789062
03-21,2.540000438690185,-1.309999942779541,0.1100001335144043,-4.5400004386901855,1.7899999618530271,-5.579999923706055,3.9399995803833012,0.880000114440918,-1.489999771118164,-2.540000915527344,-1.75,7.450000762939452,6.0,6.0,06-04,-0.04166666666666666
03-22,2.760000228881836,-1.309999942779541,0.25,-4.539999485015869,-0.07999992370605469,-4.570000171661377,5.519999504089356,0.6499996185302734,-1.25,-1.789999008178711,-0.31999969482421875,6.780000686645508,5.0,7.0,06-05,0.17500015099843344
03-23,2.760000228881836,-1.3299994468688965,-0.1099996566772461,-4.480000019073486,0.4099998474121094,-4.380000114440918,5.519999504089356,1.4600000381469729,-0.7799997329711914,-0.2999992370605469,-0.07999992370605469,6.780000686645508,5.0,7.0,06-06,0.4558335145314534
03-24,2.739999771118164,-1.0700006484985352,-0.6599998474121094,-5.140000343322754,0.21000003814697266,-4.380000114440918,5.679999351501465,0.7600002288818359,-0.8599996566772461,-0.7399997711181641,-0.3099994659423828,6.989999771118164,5.0,7.0,06-07,0.26833327611287433
03-25,2.2300000190734863,-1.6100001335144043,-0.5899996757507324,-4.510000228881836,0.21000003814697266,-4.529999732971191,6.449999809265138,0.8400001525878906,-1.4900007247924805,-0.5400009155273438,-0.3099994659423828,6.309999465942383,5.0,7.0,06-08,0.20499988396962485
03-26,2.0199999809265137,-1.7899994850158691,-0.3000001907348633,-4.510000228881836,0.25,-3.130000114440918,6.659998893737793,0.5100002288818359,-1.5600004196166992,-0.5400009155273438,-0.4499998092651367,5.690000534057617,5.0,7.0,06-09,0.2374998728434245
03-27,2.09000015258789,-1.6999998092651367,-0.380000114440918,-5.050000190734863,0.5,-3.4099998474121094,6.1599998474121085,0.5500001907348633,-1.5600004196166992,0.03999900817871094,-0.19999980926513672,6.430000305175781,6.0,6.0,06-10,0.2891666094462077
03-28,2.3299999237060547,-1.679999828338623,-0.380000114440918,-4.989999771118164,0.7899999618530273,-2.9399995803833012,6.6499996185302725,0.5500001907348633,-1.5,-0.3100013732910156,-0.4799995422363281,5.709999084472656,5.0,7.0,06-11,0.31249988079071045
03-29,2.309999942779541,-1.679999828338623,-0.5299997329711914,-4.449999809265137,1.2300000190734863,-3.2300004959106445,6.709999084472656,0.2799997329711914,-1.4499998092651367,-0.7600002288818359,-0.630000114440918,5.100000381469727,5.0,7.0,06-12,0.2416665951410929
03-30,2.309999942779541,-1.6099996566772459,-0.4699997901916504,-4.640000343322754,1.2699999809265137,-3.3199996948242188,6.709999084472656,-0.2899999618530273,-0.13000011444091794,0.12000083923339845,-0.7600002288818359,5.100000381469727,5.0,7.0,06-13,0.35750003655751544
03-31,2.369999885559082,-1.2599997520446775,-0.5,-4.420000076293945,1.0300002098083496,-3.3199996948242188,6.429999351501465,-0.7200002670288086,-0.1099996566772461,0.1900005340576172,-0.7200002670288086,5.290000915527344,5.0,7.0,06-14,0.35500009854634595
04-01,1.829999923706055,-1.010000228881836,-0.6899995803833008,-4.600000381469727,1.0300002098083496,-2.9200000762939453,6.069999694824219,-1.079999923706055,0.21000003814697266,0.3000011444091797,-0.7200002670288086,6.700000762939452,6.0,6.0,06-15,0.42666677633921307
04-02,1.6500000953674316,-1.0500001907348633,-0.3600001335144043,-4.600000381469727,0.9100003242492676,-2.039999961853028,5.65000057220459,-1.25,0.2200002670288086,0.3000011444091797,-1.2799997329711914,5.94999885559082,6.0,6.0,06-16,0.3416667381922404
04-03,1.420000076293945,-0.8600006103515625,-0.5100002288818359,-4.410000801086426,1.309999942779541,-1.520000457763672,5.720000267028809,-1.079999923706055,0.2200002670288086,0.0,-1.420000076293945,6.8999996185302725,5.0,7.0,06-17,0.4808331727981568
04-04,1.479999542236328,-0.9900002479553224,-0.5100002288818359,-3.859999656677246,1.239999771118164,1.7199993133544922,6.019999504089356,-1.079999923706055,0.13000011444091794,-0.8099994659423828,-1.1800003051757812,6.25,6.0,6.0,06-18,0.7008332014083862
04-05,1.4499998092651367,-0.9900002479553224,-0.7200002670288086,-3.659999847412109,1.0599999427795408,1.9299993515014648,5.880000114440918,-0.979999542236328,0.15000057220458984,-0.4699993133544922,-1.0400009155273438,6.229999542236327,6.0,6.0,06-19,0.7366665999094645
04-06,1.4499998092651367,-1.1500000953674316,-0.5,-3.3299999237060547,1.299999713897705,1.9299993515014648,5.880000114440918,-1.9700002670288088,0.9099998474121094,-0.030000686645507806,-0.75,6.229999542236327,6.0,6.0,06-20,0.8308331171671549
04-07,1.8600001335144043,-0.989999771118164,-0.4300003051757813,-3.1999998092651367,1.2100000381469729,1.9299993515014648,5.970000267028809,-2.5099992752075195,1.5299997329711914,0.06999969482421875,-0.5799999237060547,6.819999694824219,7.0,5.0,06-21,0.9733333190282186
04-08,1.8800001144409182,-1.2100000381469729,-0.2599997520446777,-3.1700000762939453,1.2100000381469729,1.8999996185302732,6.090001106262207,-2.3000001907348637,1.6499996185302734,0.3699989318847656,-0.5799999237060547,5.8500003814697275,7.0,5.0,06-22,0.9524999856948853
04-09,1.679999828338623,-1.3399996757507324,-0.1100001335144043,-3.1700000762939453,0.9200000762939452,2.0299997329711914,6.049999237060548,-2.239999771118164,1.920000076293945,0.3699989318847656,-0.220001220703125,6.460000991821289,7.0,5.0,06-23,1.0291664997736614
04-10,1.87000036239624,-1.6399998664855957,-0.1700000762939453,-1.6500005722045898,0.3599996566772461,2.680000305175781,6.6299991607666025,-2.2100000381469727,1.920000076293945,-0.1400012969970703,-0.6499996185302734,7.6199989318847665,6.0,6.0,06-24,1.218333085378011
04-11,0.8200001716613771,-1.75,-0.1700000762939453,-1.969999313354492,0.23000001907348636,2.789999961853028,6.189999580383301,-2.2100000381469727,1.989999771118164,-0.9300003051757812,-0.2999992370605469,7.6000003814697275,6.0,6.0,06-25,1.024166742960612
04-12,1.0,-1.75,-0.030000209808349613,-2.34999942779541,0.7200002670288086,2.809999942779541,5.070000648498535,-2.390000343322754,2.34000015258789,-1.510000228881836,-0.4300003051757813,6.709999084472656,6.0,6.0,06-26,0.8491666316986084
04-13,1.0,-1.9499998092651367,0.11999988555908205,-2.570000648498535,0.4600000381469727,2.950000286102295,5.070000648498535,-2.570000648498535,2.0799999237060547,-1.760000228881836,-0.3799991607666016,6.709999084472656,7.0,5.0,06-27,0.7633332808812461
04-14,1.4699997901916504,-1.8499999046325684,0.10000038146972656,0.12999916076660156,0.5399999618530273,2.950000286102295,5.15000057220459,-3.380000114440918,1.6900005340576172,-1.2800006866455078,-0.3400001525878906,6.219999313354492,8.0,4.0,06-28,0.9499999284744264
04-15,1.6599998474121094,-1.3899998664855957,0.2200002670288086,0.3899993896484375,0.5399999618530273,2.750000476837158,5.2300004959106445,-4.190000057220459,1.0900001525878906,-2.2800006866455083,-0.3400001525878906,7.780000686645508,8.0,4.0,06-29,0.9550000429153442
04-16,1.4600000381469729,-0.9099998474121094,0.6399998664855957,0.3899993896484375,0.7400002479553223,2.389999389648437,5.6199989318847665,-3.829999923706055,0.6500005722045898,-2.2800006866455083,-0.3000011444091797,6.190000534057617,8.0,4.0,06-30,0.8966664473215739
04-17,1.440000057220459,-1.0800004005432131,0.5299997329711914,0.6599998474121094,0.630000114440918,2.3600001335144043,5.939999580383301,-3.5699996948242188,0.6500005722045898,-2.8299999237060547,0.4899997711181641,6.789999008178711,9.0,3.0,07-01,1.00083323319753
04-18,1.8499999046325684,-1.2200002670288086,0.5299997329711914,0.4200000762939453,2.389999866485596,2.190000057220459,6.689999580383301,-3.5699996948242188,0.8200006484985352,-2.539999008178711,1.2100000381469729,7.010000228881836,9.0,3.0,07-02,1.3150000969568891
04-19,1.8499999046325684,-1.2200002670288086,0.6399998664855957,0.7699995040893555,1.6100001335144043,2.440000057220459,6.689999580383301,-3.289999961853028,0.15999984741210938,-2.289999008178711,1.479999542236328,7.010000228881836,9.0,3.0,07-03,1.3208332856496174
04-20,1.8499999046325684,-1.4600000381469729,0.3899998664855957,0.7899999618530273,1.6599998474121094,2.440000057220459,6.689999580383301,-3.4699993133544917,-0.26000022888183594,-1.989999771118164,1.479999542236328,7.010000228881836,8.0,4.0,07-04,1.2608333031336467
04-21,1.380000114440918,-1.4600000381469729,0.4600000381469727,1.510000228881836,1.8499999046325684,2.440000057220459,6.699999809265138,-3.4200000762939453,-0.4700002670288086,-2.0799999237060547,1.289999008178711,7.170000076293945,8.0,4.0,07-05,1.2808332443237305
04-22,0.869999885559082,-1.6599998474121094,0.5999999046325684,1.7200002670288086,1.8499999046325684,2.3000001907348637,6.469999313354492,-2.859999656677246,-0.4500007629394531,-1.770000457763672,1.289999008178711,6.209999084472656,8.0,4.0,07-06,1.2141664028167725
04-23,0.6299996376037598,-1.6800003051757812,0.6999998092651367,1.7200002670288086,1.3400001525878906,2.479999542236328,5.149999618530273,-3.359999656677246,-0.2200002670288086,-1.770000457763672,0.979999542236328,6.420000076293945,8.0,4.0,07-07,1.0324998299280803
04-24,0.2899999618530273,-2.0999999046325684,0.6599998474121094,1.7200002670288086,1.440000057220459,2.6999998092651367,5.920000076293945,-3.039999961853028,-0.2200002670288086,-1.510000228881836,1.520000457763672,4.569999694824219,8.0,4.0,07-08,0.9958333174387614
04-25,0.2599997520446777,-1.7100000381469729,0.6599998474121094,1.489999771118164,1.7100000381469729,2.5199995040893555,6.160000801086426,-3.039999961853028,-0.7899999618530273,-1.539999008178711,1.1200008392333984,4.470001220703125,8.0,4.0,07-09,0.9425002336502076
04-26,0.14999961853027344,-1.7100000381469729,0.559999942779541,1.2100000381469729,1.9800000190734863,2.070000171661377,5.570000648498535,-2.34000015258789,-1.020000457763672,-1.829999923706055,0.8500003814697266,5.190000534057617,8.0,4.0,07-10,0.8900000651677451
04-27,0.14999961853027344,-1.5300006866455078,0.5199999809265137,0.9700002670288086,1.679999828338623,2.340000629425049,5.570000648498535,-1.8400001525878904,-0.9600000381469728,-2.260000228881836,0.8900012969970703,5.190000534057617,8.0,4.0,07-11,0.8933334747950236
04-28,0.11999988555908205,-1.760000228881836,0.4000000953674317,0.9800004959106444,1.760000228881836,2.340000629425049,5.550000190734863,-1.7300004959106443,-1.0199995040893557,-1.729999542236328,0.8000011444091797,5.270000457763672,8.0,4.0,07-12,0.9150002797444662
04-29,-0.19000005722045896,-1.920000076293945,0.369999885559082,0.7600002288818359,1.760000228881836,2.1500005722045903,6.949999809265138,-1.4700002670288086,-1.1400003433227541,-1.729999542236328,0.8000011444091797,4.739999771118164,7.0,5.0,07-13,0.923333446184794
04-30,-0.05000019073486328,-1.6200003623962402,0.4699997901916504,0.7600002288818359,2.010000228881836,1.8400001525878904,7.910000801086426,-1.7400007247924805,-1.119999885559082,-1.729999542236328,1.0500011444091797,5.239999771118164,7.0,5.0,07-14,1.0850001176198325
05-01,0.09999990463256836,-1.700000286102295,0.6700000762939453,0.9000000953674316,2.5999999046325684,2.450000286102295,7.65000057220459,-2.3000001907348637,-1.119999885559082,-2.389999389648437,0.5799999237060547,3.950000762939453,8.0,4.0,07-15,0.9491668144861856
05-02,-0.05000019073486328,-1.8300004005432131,0.6700000762939453,0.8599996566772461,2.5099997520446777,2.359999656677246,8.279999732971191,-2.3000001907348637,-1.1999998092651367,-1.739999771118164,0.14999961853027344,4.520000457763672,7.0,5.0,07-16,1.0191665490468342
05-03,-0.05000019073486328,-1.8300004005432131,0.7800002098083496,0.6400003433227539,2.640000343322754,1.8900003433227541,7.859999656677246,-1.670000076293945,-1.010000228881836,-2.1299991607666016,-0.1700000762939453,5.190000534057617,6.0,6.0,07-17,1.011666774749756
05-04,-0.05000019073486328,-1.2599997520446775,0.9499998092651368,0.8899998664855957,2.2800002098083496,1.8599996566772459,7.859999656677246,-1.2599992752075195,-0.9399995803833008,-2.0799999237060547,-0.2700004577636719,5.190000534057617,6.0,6.0,07-18,1.0975000460942586
05-05,0.08999967575073242,-1.2699995040893557,0.9200000762939452,1.0899996757507324,2.200000286102295,1.8599996566772459,8.429999351501465,-0.7600002288818359,-0.7299995422363281,-2.4699993133544917,-0.4699993133544922,5.170000076293945,7.0,5.0,07-19,1.1716667413711548
05-06,0.5499997138977051,-1.0900001525878906,0.7199997901916504,1.4599995613098145,2.200000286102295,1.9599995613098145,9.350000381469727,-0.5100002288818359,-0.880000114440918,-2.3299999237060547,-0.4699993133544922,4.700000762939453,7.0,5.0,07-20,1.3050000270207722
05-07,0.6399998664855957,-0.2699999809265137,0.7599997520446777,1.4599995613098145,2.3299999237060547,1.5,9.5,-1.010000228881836,-0.75,-2.3299999237060547,-0.2800006866455078,5.25,7.0,5.0,07-21,1.3999998569488523
05-08,0.019999980926513672,-0.5199999809265137,0.5999999046325684,1.6599998474121094,2.429999351501465,2.09000015258789,8.950000762939453,-0.4300003051757813,-0.75,-2.4499988555908203,0.09000015258789062,5.309999465942383,8.0,4.0,07-22,1.4166667064030964
05-09,0.4600000381469727,-0.6999998092651367,0.5999999046325684,1.75,2.1300001144409184,1.7100000381469729,8.40000057220459,-0.4300003051757813,-0.7399997711181641,-2.299999237060547,-0.03999900817871094,3.4200000762939453,7.0,5.0,07-23,1.188333551088969
05-10,0.4100003242492676,-0.6999998092651367,0.4600000381469727,1.5900001525878906,2.059999942779541,1.549999713897705,9.380000114440918,-0.5600004196166992,-0.369999885559082,-1.829999923706055,0.2399997711181641,2.979999542236328,8.0,4.0,07-24,1.2674999634424846
05-11,0.4100003242492676,-0.8899998664855957,0.4900002479553223,1.1099996566772459,1.929999828338623,1.7699999809265137,9.380000114440918,0.7200002670288086,-0.369999885559082,-0.5499992370605469,1.0299997329711914,2.979999542236328,9.0,3.0,07-25,1.5008333921432495
05-12,0.5900001525878906,-0.75,0.2399997711181641,1.25,1.7400002479553225,1.7699999809265137,8.729999542236326,0.6700000762939453,-0.6499996185302734,-1.920000076293945,1.130000114440918,4.1499996185302725,9.0,3.0,07-26,1.4124999841054282
05-13,0.880000114440918,-0.7100000381469727,0.19000005722045896,1.380000114440918,1.7400002479553225,1.25,7.75,0.5500001907348633,-0.8299999237060547,-2.59000015258789,1.130000114440918,3.0799999237060547,9.0,3.0,07-27,1.1516667207082112
05-14,1.0,-0.11999988555908205,0.4299998283386231,1.380000114440918,1.4700002670288086,1.25,6.930000305175781,0.4400005340576172,-0.7600002288818359,-2.59000015258789,0.8400001525878906,3.389999389648437,9.0,3.0,07-28,1.1383333603541057
05-15,0.9500002861022948,-0.23000001907348636,0.23000001907348636,1.2300000190734863,1.6800003051757812,1.4400005340576172,6.3799991607666025,0.8500003814697266,-0.7600002288818359,-2.4099998474121094,0.7400007247924805,3.7600002288818364,9.0,3.0,07-29,1.15500013033549
05-16,0.4000000953674317,-0.4200000762939453,0.23000001907348636,1.8800001144409182,0.4199995994567871,1.239999771118164,6.6799983978271475,0.8500003814697266,-1.0500001907348633,-1.3700008392333984,0.8700008392333984,3.1200008392333984,9.0,3.0,07-30,1.0708332459131875
05-17,0.5199999809265137,-0.4200000762939453,0.23000001907348636,2.2199997901916504,0.3100004196166992,1.7400002479553225,6.3999996185302725,1.1000003814697266,-0.8100004196166992,-1.3500003814697266,1.3499994277954102,2.6100006103515625,9.0,3.0,07-31,1.1583333015441897
05-18,0.5199999809265137,-0.059999942779541016,0.3899998664855957,1.4800000190734863,0.6799998283386229,1.4599995613098145,6.3999996185302725,0.7000007629394531,-1.25,-1.3800010681152344,1.810001373291016,2.6100006103515625,9.0,3.0,08-01,1.1133333841959636
05-19,0.6499996185302734,-0.059999942779541016,0.4800000190734863,0.6700000762939453,0.9400000572204591,1.4599995613098145,6.170000076293945,1.0299997329711914,-0.2299995422363281,-0.15999984741210938,1.760000228881836,3.1700000762939453,9.0,3.0,08-02,1.3233333428700764
05-20,0.7600002288818359,0.7100000381469727,0.5999999046325684,0.21000003814697266,0.9400000572204591,1.729999542236328,6.279998779296875,1.1500005722045898,-0.3000001907348633,-0.6900005340576172,1.760000228881836,3.5,10.0,2.0,08-03,1.3874998887379963
05-21,0.5900001525878906,0.8299999237060547,0.3299999237060547,0.21000003814697266,0.9200000762939452,2.4699997901916504,6.0900001525878915,0.7100000381469727,-0.26000022888183594,-0.6900005340576172,1.380000114440918,2.75,10.0,2.0,08-04,1.2774999539057414
05-22,0.880000114440918,0.6699995994567871,0.2399997711181641,0.4600000381469727,0.15000009536743164,1.6499996185302734,5.579999923706055,1.0700006484985352,-0.26000022888183594,-0.6700000762939453,1.6800003051757812,3.75,10.0,2.0,08-05,1.2666666507720947
05-23,0.9300003051757812,0.8499999046325684,0.2399997711181641,-3.7899999618530273,-0.39999961853027344,1.2200002670288086,5.569999694824219,1.0700006484985352,-0.2200002670288086,-1.5900001525878906,1.6899995803833008,4.300001144409181,8.0,4.0,08-06,0.8225001096725464
05-24,1.130000114440918,0.8499999046325684,0.2799997329711914,-3.5899996757507324,-0.18000030517578125,1.2200002670288086,5.680000305175781,0.6900005340576172,-0.020000457763671875,-1.239999771118164,1.489999771118164,4.710000991821289,8.0,4.0,08-07,0.9183334509531657
05-25,1.130000114440918,0.8899998664855957,-0.7200002670288086,-3.4900002479553223,-0.3299999237060547,1.6500005722045898,5.680000305175781,0.11999988555908205,0.4600000381469727,-0.9599990844726562,2.1099996566772456,4.710000991821289,8.0,4.0,08-08,0.9375001589457194
05-26,1.130000114440918,0.6100001335144043,-0.5,-2.1100001335144043,-0.4199995994567871,1.6500005722045898,5.680000305175781,0.5999994277954102,0.7700004577636719,-0.5099983215332031,1.7100000381469729,4.710000991821289,8.0,4.0,08-09,1.1100003321965537
05-27,0.8099999427795409,0.0,-1.0999999046325684,-2.190000057220459,-0.4199995994567871,1.6500005722045898,4.6100006103515625,0.09000015258789062,0.880000114440918,-0.6399993896484375,1.7100000381469729,5.30000114440918,7.0,5.0,08-10,0.8916669686635336
05-28,0.7199997901916504,0.11999988555908205,-0.6599998474121094,-2.190000057220459,-0.4199995994567871,1.5599994659423828,3.4400005340576167,0.3399991989135742,0.4899997711181641,-0.6399993896484375,1.7100000381469729,5.510000228881836,8.0,4.0,08-11,0.8316666682561239
05-29,0.5,0.21000003814697266,-0.7199997901916504,-2.190000057220459,-0.5,1.6399993896484375,3.7600002288818364,-0.010000228881835938,0.4899997711181641,-0.6399993896484375,1.2100000381469729,4.3699989318847665,7.0,5.0,08-12,0.6766665776570638
05-30,0.030000209808349613,-0.2699999809265137,-0.7199997901916504,-1.7699999809265137,-0.4600000381469727,2.160000324249268,2.950000762939453,-0.010000228881835938,0.4899997711181641,-1.289999008178711,0.9700002670288086,4.010000228881837,6.0,6.0,08-13,0.5075002113978068
05-31,0.2800002098083496,-0.2699999809265137,-0.7199997901916504,-2.239999771118164,-0.21000003814697266,1.9399995803833008,2.020000457763672,-0.010000228881835938,0.3299999237060547,-1.4099998474121094,1.079999923706055,4.3699989318847665,6.0,6.0,08-14,0.4299999475479126
06-01,0.2800002098083496,-0.2699999809265137,-0.04999971389770508,-1.7699999809265137,-0.09000015258789062,1.9300003051757808,2.020000457763672,0.19999980926513672,-0.3400001525878906,-1.3400001525878906,1.0499992370605469,4.3699989318847665,6.0,6.0,08-15,0.4991665681203206
06-02,-0.019999980926513672,-0.3000001907348633,0.059999942779541016,-1.9600000381469729,0.039999961853027344,1.9300003051757808,1.9099998474121092,-0.1400003433227539,-0.630000114440918,-0.8500003814697266,0.6499996185302734,4.289999008178712,6.0,6.0,08-16,0.4149998029073079
06-03,-0.3299999237060547,-0.4699997901916504,0.5299997329711914,-1.5300002098083496,0.039999961853027344,2.000000476837158,1.1599998474121094,0.7799997329711914,-0.7700004577636719,-1.1100006103515625,0.6499996185302734,6.029998779296875,7.0,5.0,08-17,0.5816664298375448
06-04,-0.6399998664855957,0.19000005722045896,0.4600000381469727,-1.5300002098083496,0.3900003433227539,1.8900003433227541,-0.4899997711181641,0.4600000381469727,-0.75,-1.1100006103515625,0.19999980926513672,4.629999160766602,7.0,5.0,08-18,0.30833327770233154
06-05,-0.6999998092651367,0.75,0.5,-1.6800003051757812,0.6500000953674316,0.8199996948242188,-0.1999988555908203,0.35000038146972656,-0.75,-1.510000228881836,0.4600000381469727,4.469999313354492,7.0,5.0,08-19,0.26333336035410565
06-06,-0.5399999618530273,0.6999998092651367,0.5,-2.310000419616699,0.440000057220459,1.1899995803833008,-1.0599994659423828,0.35000038146972656,-0.8599996566772461,-1.789999008178711,0.9300003051757812,4.260000228881837,7.0,5.0,08-20,0.15083348751068115
06-07,-0.309999942779541,0.6999998092651367,0.3600001335144043,-2.1000003814697266,0.6399998664855957,0.8500003814697266,-1.3800010681152344,0.6800003051757812,-0.9499998092651368,-1.4599990844726562,1.170000076293945,4.4099998474121085,7.0,5.0,08-21,0.21750001112620035
06-08,-0.309999942779541,0.6799998283386229,0.15000009536743164,-2.4800004959106445,0.5,0.5799999237060547,-1.3800010681152344,0.7899999618530273,-0.9600000381469728,-1.7800006866455078,0.9999990463256836,4.4099998474121085,7.0,5.0,08-22,0.09999970595041913
06-09,-0.3899998664855957,0.2599997520446777,0.059999942779541016,-2.3399996757507324,0.6600003242492676,0.5799999237060547,-1.9400005340576167,1.0099992752075195,-1.0,-1.710000991821289,1.3000001907348633,4.450000762939453,7.0,5.0,08-23,0.07833325862884521
06-10,-0.1700000762939453,0.039999961853027344,0.029999732971191406,-2.369999885559082,0.6600003242492676,0.2700004577636719,-3.529998779296875,1.5500001907348633,-0.75,-1.2800006866455078,1.3000001907348633,5.219999313354492,7.0,5.0,08-24,0.0808333953221639
06-11,0.0,-0.4100003242492676,0.4099998474121094,-2.369999885559082,0.6200003623962402,0.039999961853027344,-3.4099998474121094,1.4300003051757812,-0.6900005340576172,-1.2800006866455078,1.3500003814697266,5.129999160766602,6.0,6.0,08-25,0.06833322842915852
06-12,-0.23000001907348636,-0.4300003051757813,0.5199999809265137,-2.8299999237060547,1.0599999427795408,-0.6200008392333984,-3.549999237060547,0.75,-0.6900005340576172,-1.3500003814697266,1.0199995040893557,5.1100006103515625,5.0,7.0,08-26,-0.10333343346913657
06-13,0.1700000762939453,-0.2400002479553223,0.5199999809265137,-2.6599998474121094,0.9499998092651368,-0.3599996566772461,-3.55000114440918,0.75,-1.0399999618530271,-0.8100013732910156,0.1700000762939453,5.1300010681152335,6.0,6.0,08-27,-0.08083343505859375
06-14,0.2799997329711914,-0.2400002479553223,0.3600001335144043,-2.9900002479553223,1.4100003242492676,-0.25999927520751953,-2.970001220703125,0.5399999618530273,-0.6099996566772461,-1.0300006866455078,0.1900005340576172,4.89000129699707,6.0,6.0,08-28,-0.035833279291788735
06-15,0.2799997329711914,-0.4299998283386231,0.3200001716613769,-3.2100000381469727,1.1400003433227541,-0.4099998474121094,-2.970001220703125,0.5,-0.7600002288818359,-0.8700008392333984,-0.34999942779541016,4.89000129699707,5.0,7.0,08-29,-0.15583332379659018
06-16,0.440000057220459,-0.5500001907348633,0.17999982833862305,-3.139999866485596,1.9200005531311035,-0.4099998474121094,-3.270000457763672,0.75,-0.8399991989135742,-0.8500003814697266,-0.06999969482421875,4.530000686645508,5.0,7.0,08-30,-0.10916654268900554
06-17,0.4600000381469727,-0.3200001716613769,0.4200000762939453,-3.169999599456787,1.9200005531311035,-0.4499998092651367,-2.549999237060547,1.2799997329711914,-1.4400005340576172,-0.5799999237060547,-0.06999969482421875,4.309999465942384,5.0,7.0,08-31,-0.015833258628845215
06-18,0.19999980926513672,-0.019999980926513672,0.37999963760375977,-3.169999599456787,1.7300004959106443,-0.4499998092651367,-2.9600009918212886,1.1800003051757812,-1.4300003051757812,-0.5799999237060547,-0.3699989318847656,4.899999618530273,5.0,7.0,09-01,-0.04916663964589437
06-19,-0.07999992370605469,0.3599996566772461,0.21000003814697266,-3.299999713897705,1.820000171661377,-0.6899995803833008,-3.850000381469727,1.1000003814697266,-1.4300003051757812,-0.8400001525878906,-0.5399990081787109,4.559999465942383,5.0,7.0,09-02,-0.22333327929178876
06-20,-0.3400001525878906,0.5999999046325684,0.21000003814697266,-3.3299994468688965,2.2800002098083496,-0.6700000762939453,-5.4399986267089835,1.1000003814697266,-1.579999923706055,-1.1399993896484375,-0.05999946594238281,3.1300010681152344,5.0,7.0,09-03,-0.4366662899653117
06-21,-0.4300003051757813,0.5999999046325684,0.1400003433227539,-3.2200002670288086,2.160000324249268,-0.7600002288818359,-4.519998550415039,1.1999998092651367,-1.8500003814697263,-0.31999969482421875,0.09000015258789062,2.8700008392333984,6.0,6.0,09-04,-0.3366665045420329
06-22,-0.4300003051757813,0.9000000953674316,0.20000028610229487,-3.2100000381469727,1.8600001335144043,-0.4499998092651367,-4.519998550415039,1.170000076293945,-1.8199996948242188,0.31999969482421875,0.05999946594238281,2.8700008392333984,7.0,5.0,09-05,-0.25416648387908936
06-23,0.619999885559082,1.010000228881836,-0.1100001335144043,-2.799999713897705,1.9999995231628416,-0.4499998092651367,-4.279998779296875,0.7800006866455078,-1.9100008010864256,0.5499992370605469,-0.4900007247924805,2.889999389648437,6.0,6.0,09-06,-0.1825000842412313
06-24,0.440000057220459,1.0199999809265137,-0.2899999618530273,-2.789999961853028,1.9999995231628416,-0.2399997711181641,-3.1599998474121094,1.4100008010864258,-1.6800003051757812,0.6499996185302734,-0.4900007247924805,3.7800006866455083,6.0,6.0,09-07,0.05416667461395264
06-25,0.15000009536743164,0.6299996376037598,-0.3000001907348633,-2.789999961853028,2.289999485015869,-0.8600006103515625,-3.829999923706055,2.5199999809265137,-1.6199998855590818,0.6499996185302734,-0.6600008010864258,2.0,6.0,6.0,09-08,-0.15166687965393064
06-26,0.26000022888183594,0.20000028610229487,-0.09999990463256836,-2.7799997329711914,2.3499999046325684,-0.7399997711181641,-4.25,2.799999713897705,-1.6199998855590818,0.2700004577636719,-0.31999969482421875,2.9200000762939453,6.0,6.0,09-09,-0.0841665267944336
06-27,0.4099998474121094,0.4099998474121094,-0.09999990463256836,-2.899999618530273,2.609999656677246,-0.630000114440918,-3.659999847412109,2.799999713897705,-1.0199995040893557,0.8899993896484375,-0.9200000762939452,1.9300003051757808,6.0,6.0,09-10,-0.015000025431315104
06-28,0.3499999046325684,0.4099998474121094,-0.4299998283386231,-2.5999999046325684,1.3500003814697266,-0.8299999237060547,-3.8199996948242183,2.4099998474121094,-0.4600000381469727,0.26999855041503906,-1.3100004196166992,2.220001220703125,6.0,6.0,09-11,-0.20333333810170487
06-29,0.3499999046325684,0.8099999427795409,-0.5099997520446777,-2.9699997901916504,1.549999713897705,-0.5699996948242188,-3.8199996948242183,2.289999961853028,0.13000011444091794,0.4799995422363281,-1.079999923706055,2.220001220703125,7.0,5.0,09-12,-0.0933332045873006
06-30,0.5,0.5500001907348633,-0.7999997138977051,-3.7100000381469727,1.440000057220459,-0.5699996948242188,-5.1599998474121085,1.4300003051757812,0.2800006866455078,0.4899997711181641,-1.0499992370605469,1.230001449584961,7.0,5.0,09-13,-0.4474996725718181
07-01,0.7899999618530273,0.9400000572204591,-0.9800000190734864,-3.5600004196166988,1.440000057220459,-0.8199996948242188,-4.770000457763672,1.8499994277954104,0.12000083923339845,0.4899997711181641,-1.0499992370605469,-0.4499988555908203,6.0,6.0,09-14,-0.4999998807907105
07-02,0.75,1.1100001335144043,-0.8199996948242188,-3.5600004196166988,1.25,-0.619999885559082,-4.020000457763672,2.1999998092651367,0.2400007247924805,0.4899997711181641,-0.8599987030029297,-1.460000991821289,6.0,6.0,09-15,-0.4416666428248088
07-03,0.8500003814697266,1.1100001335144043,-0.5499997138977051,-3.770000457763672,1.4000000953674316,-0.8000001907348633,-4.900001525878906,2.489999771118164,0.2400007247924805,0.18000030517578125,-1.2000007629394531,-0.2999992370605469,6.0,6.0,09-16,-0.43750003973642987
07-05,0.9100003242492676,1.1600003242492676,-0.5499997138977051,-3.289999961853028,1.0600004196166992,-0.6899995803833008,-4.3700008392333975,2.489999771118164,2.8099994659423833,0.019998550415039062,-0.979999542236328,-0.030000686645507806,6.0,6.0,09-18,-0.1216667890548706
07-06,0.9100003242492676,1.1600003242492676,-0.4800000190734863,-2.9700002670288086,1.5999994277954102,0.15000057220458984,-4.3700008392333975,2.2200002670288086,3.390000343322754,-0.5699996948242188,-0.5599994659423828,-0.030000686645507806,6.0,6.0,09-19,0.03750002384185791
07-07,1.0700001716613772,0.7600002288818359,-0.6700000762939453,-2.75,1.8400001525878904,0.15000057220458984,-3.5300006866455083,2.869999885559082,3.6899995803833012,-0.029998779296875,-0.6499996185302734,0.1699981689453125,7.0,5.0,09-20,0.2433332999547323
07-08,1.0700001716613772,0.7399997711181641,-0.9099998474121094,-2.789999961853028,1.8400001525878904,0.5900001525878906,-2.040000915527344,2.9700002670288086,3.5,-0.15999984741210938,-0.6499996185302734,-0.4799995422363281,6.0,6.0,09-21,0.3066667318344116
07-09,0.9699997901916504,0.880000114440918,-0.7899999618530273,-2.789999961853028,2.1300005912780757,0.31999969482421875,-3.229999542236328,3.4200000762939453,3.7600002288818364,-0.15999984741210938,-0.8500003814697266,-0.2399997711181641,6.0,6.0,09-22,0.2850000858306885
07-10,1.2199997901916504,0.9400000572204591,-0.8899998664855957,-2.680000305175781,2.0500001907348637,0.5100002288818359,-4.5600013732910165,3.3500003814697266,3.7600002288818364,-0.15000152587890625,-0.8899993896484375,-1.3099994659423828,6.0,6.0,09-23,0.11249991257985432
07-11,1.0300002098083496,0.7699999809265137,-0.8899998664855957,-2.430000305175781,1.4600000381469729,-0.1400003433227539,-6.0600013732910165,3.3500003814697266,3.680000305175781,0.05999946594238281,-0.3799991607666016,-0.5100002288818359,6.0,6.0,09-24,-0.005000074704488118
07-12,1.1000003814697266,0.7699999809265137,-0.8599996566772461,-1.2100000381469729,1.2300004959106443,0.16000080108642578,-5.420000076293945,3.320000648498535,3.5799999237060547,-0.029998779296875,-0.2299995422363281,-1.2400016784667969,6.0,6.0,09-25,0.09750020503997804
07-13,1.1000003814697266,0.3499999046325684,-1.1599998474121094,-0.6700000762939453,1.1899995803833008,0.369999885559082,-5.420000076293945,3.84999942779541,3.570000648498535,0.6299991607666016,-1.0900001525878906,-1.2400016784667969,7.0,5.0,09-26,0.12333309650421145
07-14,1.0800004005432131,0.309999942779541,-0.9099998474121094,-0.9299998283386229,1.0699996948242188,0.369999885559082,-5.94999885559082,3.4499998092651367,3.630000114440918,0.6499996185302734,-1.0500001907348633,-2.490001678466797,7.0,5.0,09-27,-0.06416674455006917
07-15,0.7400002479553223,0.7399997711181641,-0.9300003051757812,-0.9299998283386229,1.0699996948242188,0.7599992752075195,-5.989999771118164,3.109999656677246,3.3099994659423833,0.7199993133544922,-1.0500001907348633,-3.30000114440918,7.0,5.0,09-28,-0.14583365122477213
07-16,0.7700004577636719,0.9300003051757812,-0.8400001525878906,-0.9299998283386229,1.329999923706055,0.4400005340576172,-8.510000228881836,3.520000457763672,3.9699993133544917,0.7199993133544922,-1.0999994277954102,-2.310001373291016,7.0,5.0,09-29,-0.16750005880991614
07-17,0.9700002670288086,0.869999885559082,-0.989999771118164,-1.169999599456787,2.229999542236328,0.9600000381469728,-10.15999984741211,3.4200000762939453,3.9699993133544917,0.5499992370605469,-1.5,-2.680000305175781,7.0,5.0,09-30,-0.2941667636235555
07-18,0.6400003433227539,0.9699997901916504,-0.989999771118164,-1.4599995613098145,2.8600006103515625,0.2699995040893555,-11.290000915527346,3.4200000762939453,4.25999927520752,0.4699993133544922,-1.5900011062622068,-2.4099998474121094,7.0,5.0,10-01,-0.40416685740153
07-19,0.6600003242492676,0.9699997901916504,-1.2199997901916504,-1.6599998474121094,2.899999618530273,0.020000457763671875,-11.110000610351562,3.6999998092651367,4.299999237060547,0.1700000762939453,-0.7800006866455078,-2.639999389648437,7.0,5.0,10-02,-0.39083341757456463
07-20,0.6600003242492676,0.8600001335144043,-0.9900002479553224,-1.5500001907348633,2.539999961853028,-0.1700000762939453,-11.110000610351562,2.609999656677246,4.1100006103515625,0.4099998474121094,-0.9999990463256836,-2.639999389648437,6.0,6.0,10-03,-0.5224999189376831
07-21,0.5300002098083496,0.9600000381469728,-1.1200003623962402,-1.4999995231628418,2.5300006866455083,-0.1700000762939453,-10.34000015258789,2.729999542236328,4.2100000381469735,-0.020000457763671875,-1.0499992370605469,-1.959999084472656,5.0,7.0,10-04,-0.4333331982294719
07-22,0.4199995994567871,0.6599998474121094,-1.4000000953674316,-1.6299996376037598,2.5300006866455083,-0.15999984741210938,-11.130000114440918,3.0,3.859999656677246,0.3799991607666016,-1.0499992370605469,-1.25,6.0,6.0,10-05,-0.4808333317438762
07-23,0.07000017166137695,0.5700001716613771,-0.9800000190734864,-1.6299996376037598,2.65000057220459,-0.2799997329711914,-9.100000381469727,2.5699996948242188,3.8299989700317374,0.3799991607666016,-1.1599998474121094,-1.4099998474121094,6.0,6.0,10-06,-0.37416672706604
07-24,-0.25,0.5700001716613771,-0.8600001335144043,-1.559999942779541,2.5099992752075195,-0.11999988555908205,-8.210000038146973,3.020000457763672,3.8299989700317374,0.7099990844726562,-0.8900003433227539,-0.5300006866455078,5.0,7.0,10-07,-0.14833358923594156
07-25,0.029999732971191406,0.6500000953674316,-0.8600001335144043,-1.8400001525878904,2.510000228881836,-0.07999992370605469,-8.539999008178711,3.020000457763672,3.999999046325684,1.0699996948242188,-0.8200006484985352,-1.510000228881836,6.0,6.0,10-08,-0.19750006993611652
07-26,0.08999967575073242,0.6500000953674316,-0.8400001525878906,-2.539999961853028,2.180000305175781,-0.1099996566772461,-8.479999542236326,2.789999961853028,3.859999656677246,1.0699996948242188,-1.220001220703125,-0.4500007629394531,6.0,6.0,10-09,-0.2500001589457194
07-27,0.08999967575073242,0.7300000190734863,-0.4800000190734863,-3.1899995803833012,1.5999994277954102,0.1900005340576172,-8.479999542236326,2.1899995803833012,4.2100000381469735,0.6000003814697266,-1.4499988555908203,-0.4500007629394531,7.0,5.0,10-10,-0.3699999252955119
07-28,0.059999942779541016,0.8299999237060547,-0.75,-3.0999999046325684,1.3899993896484375,0.1900005340576172,-9.389999389648438,2.149999618530273,3.84000015258789,0.5100002288818359,-1.3899993896484375,0.3899993896484375,8.0,4.0,10-11,-0.4391666253407796
07-29,-0.019999980926513672,1.0199995040893557,-0.5399999618530273,-3.09000015258789,1.3899993896484375,-0.4099998474121094,-9.140000343322754,2.2300004959106445,4.229999542236328,-0.11999893188476562,-1.3899993896484375,1.2000007629394531,5.0,7.0,10-12,-0.3866665760676066
07-30,0.039999961853027344,0.8099999427795409,-0.6899995803833008,-3.09000015258789,1.4099998474121094,-0.6099996566772461,-8.75999927520752,1.2799997329711914,4.4099998474121085,-0.11999893188476562,-1.470001220703125,1.0499992370605469,6.0,6.0,10-13,-0.4783333539962769
07-31,0.3000001907348633,0.630000114440918,-0.6799998283386229,-2.7300004959106445,1.75,-1.329999923706055,-9.390000343322754,0.5799999237060547,4.4099998474121085,-1.0,-1.3499994277954102,1.3199996948242188,6.0,6.0,10-14,-0.6241666873296102
08-01,0.17999982833862305,0.8200006484985352,-0.6799998283386229,-2.290000438690185,2.7800002098083496,-0.979999542236328,-10.100000381469727,0.5799999237060547,4.600000381469727,-0.7600002288818359,-1.0500011444091797,-0.07999992370605469,5.0,7.0,10-15,-0.5816667079925537
08-02,0.15999984741210938,0.8200006484985352,-0.4000000953674317,1.8499999046325684,3.4700002670288086,-0.6800003051757812,-9.670001029968262,0.8500003814697266,5.250000953674316,-0.06999969482421875,-1.380000114440918,0.2399997711181641,7.0,5.0,10-16,0.0366667111714681
08-03,0.15999984741210938,0.8000006675720215,-0.4800000190734863,1.489999771118164,3.4700002670288086,-0.1900005340576172,-9.670001029968262,0.11999988555908205,4.649999618530273,0.08999824523925781,-1.0099992752075195,0.2399997711181641,8.0,4.0,10-17,-0.027500232060750324
08-04,-0.15000009536743164,0.4100003242492676,0.2800002098083496,1.3199996948242188,4.5,-0.1900005340576172,-9.949999809265137,-0.12999916076660156,4.800000190734863,0.6099987030029297,-1.1599998474121094,-0.020000457763671875,6.0,6.0,10-18,0.02666660149892171
08-05,-0.04999971389770508,0.5699996948242188,0.04999971389770508,1.4099998474121094,4.5,-0.3000001907348633,-8.819999694824219,-0.7799997329711914,4.559999465942383,0.4899997711181641,-1.1599998474121094,-0.39999961853027344,6.0,6.0,10-19,0.0058333079020182295
08-06,0.23000001907348636,0.7000002861022949,1.7300000190734863,1.4099998474121094,4.639999866485597,-0.5200004577636719,-7.800000190734862,-0.3900003433227539,4.539999008178711,0.4899997711181641,-1.4099998474121094,-0.5100002288818359,7.0,5.0,10-20,0.2591664791107178
08-07,0.35000038146972656,0.09000015258789062,1.570000171661377,0.1700000762939453,5.039999961853027,-0.6399993896484375,-6.6200008392333975,-0.7799997329711914,4.539999008178711,0.3099994659423828,-0.9499998092651368,0.4899997711181641,8.0,4.0,10-21,0.29749993483225506
08-08,-0.2899999618530273,0.08000040054321289,1.570000171661377,0.059999942779541016,5.300000190734863,-0.5799999237060547,-7.420001029968263,-0.7799997329711914,4.679999351501465,0.10000038146972656,-0.8400001525878906,1.579999923706055,7.0,5.0,10-22,0.2883332967758179
08-09,-0.4799995422363281,0.08000040054321289,1.1100001335144043,-0.09999990463256836,4.87000036239624,-0.9400005340576172,-7.800000190734862,-1.0899991989135742,5.120000839233398,-0.989999771118164,-0.6900005340576172,1.420000076293945,5.0,7.0,10-23,0.042500178019205734
08-10,-0.4799995422363281,0.23000001907348636,1.6999998092651367,0.25,5.330000400543213,-1.1200008392333984,-7.800000190734862,-0.4499998092651367,5.689999580383301,-1.3099994659423828,-0.4700002670288086,1.420000076293945,6.0,6.0,10-24,0.24916664759318036
08-11,-0.25,0.7699999809265137,1.9600000381469729,-0.039999961853027344,5.37999963760376,-1.1200008392333984,-7.5199995040893555,-0.7600002288818359,5.6499996185302725,-1.4700002670288086,-0.6599998474121094,1.8599987030029297,5.0,7.0,10-25,0.3166664441426595
08-12,-0.4000000953674317,0.8000001907348633,2.039999961853028,-0.2200002670288086,5.37999963760376,-0.9600000381469728,-6.479999542236327,-1.0600004196166992,5.429999351501465,-2.9200000762939453,-0.6599998474121094,2.5300006866455083,5.0,7.0,10-26,0.2899999618530273
08-13,-0.4200000762939453,0.8299999237060547,1.549999713897705,-0.2200002670288086,5.499999523162842,-0.630000114440918,-6.439999580383301,-1.3499994277954102,4.769999504089356,-2.9200000762939453,-1.0499992370605469,1.470001220703125,5.0,7.0,10-27,0.0908334255218506
08-14,-0.5,0.5100002288818359,1.7900004386901855,-0.15000009536743164,5.360000133514403,-0.8200006484985352,-4.770000457763672,-1.3899993896484375,4.769999504089356,-3.1100006103515625,-0.8899993896484375,2.9400005340576167,5.0,7.0,10-28,0.31166668732961017
08-15,-0.369999885559082,0.5500001907348633,1.7900004386901855,-0.5799999237060547,4.880000114440918,-0.630000114440918,-5.510000228881836,-1.3899993896484375,4.920000076293945,-1.9800004959106443,-0.7400007247924805,1.720001220703125,5.0,7.0,10-29,0.22166677316029867
08-16,-0.9000000953674316,0.5500001907348633,1.920000076293945,-0.5799999237060547,4.809999465942383,-0.7200002670288086,-4.850000381469727,-0.9399995803833008,5.0900001525878915,-1.3700008392333984,-0.8300008773803711,0.8600006103515625,5.0,7.0,10-30,0.2533332109451294
08-17,-0.9000000953674316,0.2699999809265137,2.380000114440918,-0.5,4.3400001525878915,-0.7699995040893555,-4.850000381469727,-0.9500007629394532,5.430000305175781,-1.9700002670288088,-1.3400001525878906,0.8600006103515625,5.0,7.0,10-31,0.16666666666666666
08-18,-0.9800000190734864,0.3000001907348633,2.25,-0.6799998283386229,4.199999809265137,-0.7699995040893555,-4.1100006103515625,-1.239999771118164,5.710000038146973,-1.6499996185302734,-1.2899999618530271,0.7399997711181641,5.0,7.0,11-01,0.2066667079925537
08-19,-1.1599998474121094,0.7100000381469727,2.160000324249268,-0.619999885559082,4.199999809265137,-0.7100000381469727,-4.559999465942383,-1.3499994277954102,5.829999923706055,-1.5199995040893557,-1.2899999618530271,0.5499992370605469,5.0,7.0,11-02,0.18666676680246988
08-20,-1.5999999046325684,0.3600001335144043,1.9700002670288088,-0.619999885559082,4.299999713897705,-0.1400003433227539,-1.5300006866455078,-1.8400001525878904,5.030000686645508,-1.5199995040893557,-1.0799989700317385,-0.5,4.0,8.0,11-03,0.2358334461847941
08-21,-1.6599998474121094,0.7899999618530273,2.0700006484985347,-0.4900002479553223,4.3899993896484375,0.1899995803833008,-0.6499996185302734,-1.9800004959106443,5.030000686645508,-1.6899995803833008,-1.4500007629394531,0.25,6.0,6.0,11-04,0.3999999761581421
08-22,-1.440000057220459,0.7400002479553223,2.0700006484985347,-0.380000114440918,4.119999885559082,0.020000457763671875,-0.2300014495849609,-1.9800004959106443,4.829999923706055,-1.329999923706055,-0.9299993515014648,3.6900005340576167,6.0,6.0,11-05,0.7650000254313151
08-23,-1.5199999809265137,0.7400002479553223,1.6000003814697266,-0.4699997901916504,4.420000076293945,-0.3900003433227539,0.4399986267089844,-1.7800006866455078,4.6300010681152335,-2.269998550415039,-0.5600004196166992,4.989997863769531,6.0,6.0,11-06,0.8191665410995483
08-24,-1.5199999809265137,0.7600002288818359,1.679999828338623,-0.2400002479553223,4.0399999618530265,-0.6800003051757812,0.4399986267089844,-0.9600000381469728,4.1499996185302725,-2.1699991226196294,1.1399993896484375,4.989997863769531,7.0,5.0,11-07,0.9691663185755413
08-25,-1.4600000381469729,0.8899998664855957,1.8499994277954104,-0.2599997520446777,3.659999847412109,-0.6800003051757812,0.35000038146972656,-1.0900001525878906,4.720000267028809,-2.34999942779541,1.1000003814697266,4.639997482299805,7.0,5.0,11-08,0.9474998315175376
08-26,-1.4499998092651367,0.9699997901916504,1.670000076293945,-0.5399999618530273,3.659999847412109,-0.8600006103515625,0.3100013732910156,-0.9499998092651368,4.239999771118163,-2.239999771118164,1.1000003814697266,4.879997253417969,7.0,5.0,11-09,0.8991665442784628
08-27,-1.559999942779541,0.5399999618530273,1.8900003433227541,-0.5399999618530273,4.139999866485597,-0.5900001525878906,0.5499992370605469,-0.1400003433227539,6.489999771118164,-2.239999771118164,1.2100000381469729,9.889999389648438,7.0,5.0,11-10,1.6366665363311768
08-28,-1.2199997901916504,-0.019999980926513672,1.3900003433227541,-0.5199999809265137,2.729999542236328,-0.3400001525878906,-0.5300006866455078,1.6199998855590818,6.489999771118164,-2.149999618530273,0.6599998474121094,8.929998397827148,6.0,6.0,11-11,1.4199997981389365
08-29,-1.309999942779541,0.09999990463256836,1.3900003433227541,-0.5199999809265137,4.649999618530273,-0.18000030517578125,-1.25,1.6199998855590818,6.3600006103515625,-2.0799999237060547,0.4200000762939453,9.299999237060547,7.0,5.0,11-12,1.5416666269302368
08-30,-1.2400002479553225,0.09999990463256836,1.330000400543213,-0.8899998664855957,4.899999618530273,-0.630000114440918,-1.279998779296875,1.5399999618530271,5.8700008392333975,-2.380000114440918,0.07999992370605469,8.75,7.0,5.0,11-13,1.3458334604899092
08-31,-1.2400002479553225,-0.3499999046325684,1.079999923706055,-0.7100000381469727,4.439999580383301,-0.4700002670288086,-1.279998779296875,2.34999942779541,5.170000076293945,-3.3099994659423833,0.6000003814697266,8.75,6.0,6.0,11-14,1.252500057220459
09-01,-0.9900002479553224,-0.690000057220459,1.6299996376037598,-0.75,4.869999885559082,-0.4700002670288086,-0.4400005340576172,2.609999656677246,5.4099998474121085,-2.680000305175781,1.5,8.979999542236328,6.0,6.0,11-15,1.581666429837545
09-02,-0.7399997711181641,-0.7300000190734863,1.8599996566772459,-0.8299999237060547,4.869999885559082,-0.4700002670288086,-2.2300004959106445,3.979999542236328,5.6499996185302725,-2.84000015258789,1.5,10.219999313354492,6.0,6.0,11-16,1.6866664489110308
09-03,-0.440000057220459,-0.619999885559082,1.8300004005432131,-0.8299999237060547,4.869999885559082,-1.020000457763672,-1.4400005340576172,3.929999351501465,5.3400001525878915,-2.84000015258789,1.5,11.30999755859375,6.0,6.0,11-17,1.7991663614908855
09-04,-0.559999942779541,-0.6600003242492676,1.809999942779541,-0.8299999237060547,4.5900001525878915,-0.7399997711181641,-1.3099994659423828,2.689999580383301,5.3400001525878915,-2.84000015258789,2.869999885559082,11.139999389648438,6.0,6.0,11-18,1.7916666269302368
09-05,-0.8899998664855957,-0.5400004386901855,1.809999942779541,-0.5899996757507324,4.699999809265137,-0.6399993896484375,-1.9399995803833008,2.689999580383301,5.3400001525878915,-2.0599994659423833,2.9099998474121094,11.09000015258789,6.0,6.0,11-19,1.8233334223429365
09-06,-1.0399999618530271,-0.5400004386901855,1.809999942779541,-0.7400002479553223,4.0,-0.7200002670288086,-0.06999969482421875,2.689999580383301,5.519999504089356,-1.75,2.959999084472656,11.09000015258789,6.0,6.0,11-20,1.934166471163432
09-07,-1.0399999618530271,-0.5400004386901855,1.8999996185302732,-0.4899997711181641,3.869999885559082,-0.8600006103515625,-0.06999969482421875,2.399999618530273,5.190000534057617,-1.7199993133544922,3.2799997329711914,11.09000015258789,6.0,6.0,11-21,1.9174999793370564
09-08,-1.0399999618530271,-0.7199997901916504,1.910000324249268,-0.4499998092651367,3.8000001907348633,-0.8600006103515625,-0.06999969482421875,2.1099996566772456,5.590001106262207,-1.770000457763672,3.2200002670288086,11.09000015258789,6.0,6.0,11-22,1.9008334477742512
09-09,-1.0999999046325684,-0.4600000381469727,1.900000095367432,-0.2199997901916504,3.8000001907348633,-0.6100006103515625,-0.4899997711181641,2.5799999237060547,5.600000381469727,-1.7300004959106443,3.2200002670288086,10.799999237060547,6.0,6.0,11-23,1.9408332904179888
09-10,-1.130000114440918,-0.5199999809265137,1.9700002670288088,-0.2199997901916504,3.8600006103515625,-0.8900003433227539,-0.2999992370605469,1.6600008010864258,6.1000003814697275,-1.7300004959106443,2.6000003814697266,11.889999389648438,6.0,6.0,11-24,1.9408334891001384
09-11,-0.989999771118164,-0.6500000953674316,2.1199998855590816,-0.13000011444091794,4.829999923706055,-0.9299993515014648,-0.4500007629394531,1.6800003051757812,6.1000003814697275,-1.6500005722045898,2.4499988555908203,11.790000915527346,6.0,6.0,11-25,2.014166633288065
09-12,-1.0900001525878906,-0.6599998474121094,2.1199998855590816,-0.2599997520446777,5.0,-0.6299991607666016,-0.25,1.6800003051757812,6.140000343322754,-1.010000228881836,2.680000305175781,11.149999618530273,6.0,6.0,11-26,2.0725001096725464
09-13,-1.2200002670288086,-0.6599998474121094,1.8599996566772459,-0.4600000381469727,5.1399993896484375,-0.2199993133544922,-0.39999961853027344,1.8999996185302732,5.059999465942383,-1.1399993896484375,3.1999988555908203,11.149999618530273,6.0,6.0,11-27,2.0174998442331953
09-14,-1.2200002670288086,-0.5999999046325684,1.440000057220459,-0.6100001335144043,5.179999351501465,-0.2199993133544922,-0.39999961853027344,1.5999994277954102,2.8800010681152344,-0.4300003051757813,3.1299991607666016,11.149999618530273,6.0,6.0,11-28,1.8249999284744265
09-15,-1.260000228881836,-0.6400003433227539,1.5000004768371582,-0.7699999809265137,5.50999927520752,-0.2199993133544922,-0.7800006866455078,1.8899993896484373,2.489999771118164,-1.2100000381469729,3.180000305175781,11.309999465942385,6.0,6.0,11-29,1.7499998410542803
09-16,-1.420000076293945,-0.6599998474121094,2.2699999809265137,-0.8299999237060547,5.50999927520752,-0.2699995040893555,-0.7600002288818359,-0.11999988555908205,2.0799999237060547,-0.75,3.180000305175781,10.880001068115234,5.0,7.0,11-30,1.59250009059906
09-17,-1.5399999618530271,-0.8499999046325684,2.820000171661377,-0.8299999237060547,4.75,-1.010000228881836,-1.3699989318847656,-0.010000228881835938,1.8600006103515625,-0.75,3.020000457763672,10.809999465942383,5.0,7.0,12-01,1.4083334604899092
09-18,-1.8699998855590818,-1.0199999809265137,3.249999523162842,-0.9200000762939452,4.829999923706055,-1.1000003814697266,-1.3700008392333984,-0.2699995040893555,1.8600006103515625,-1.25,3.0100002288818364,11.100000381469727,5.0,7.0,12-02,1.3541666666666667
09-19,-1.7599997520446775,-0.869999885559082,3.249999523162842,-0.6700000762939453,4.6599998474121085,-1.1800003051757812,-0.6299991607666016,-0.2699995040893555,2.1599998474121094,-1.1899995803833008,3.0999984741210938,12.25,5.0,7.0,12-03,1.5708332856496174
09-20,-1.559999942779541,-0.869999885559082,3.2699995040893555,-0.17999982833862305,5.279999732971191,-0.7899999618530273,-0.5999984741210938,-0.6899995803833008,1.989999771118164,-0.75,2.4200000762939453,12.25,5.0,7.0,12-04,1.6475001176198325
09-21,-1.559999942779541,-0.75,3.2400002479553223,-2.039999961853028,5.149999618530273,-0.9800004959106444,-0.5999984741210938,-1.2000007629394531,1.8500003814697263,-1.020000457763672,2.34000015258789,12.25,5.0,7.0,12-05,1.3900000254313152
09-22,-1.5300002098083496,-0.4700002670288086,3.3000001907348637,-2.0,5.069999694824219,-0.9800004959106444,0.2400016784667969,-1.0299997329711914,1.269998550415039,-1.3199996948242188,3.1199989318847656,12.229999542236328,6.0,6.0,12-06,1.4916665156682332
09-23,-1.4900002479553225,-0.21000003814697266,3.249999523162842,-2.1300001144409184,5.069999694824219,-1.1200008392333984,-1.220001220703125,-0.2700004577636719,1.3199996948242188,-2.5,3.1199989318847656,12.960000991821287,5.0,7.0,12-07,1.3983329931894941
09-24,-1.2400002479553225,-0.25,3.25,-2.1300001144409184,4.869999885559082,-1.4699993133544922,0.030000686645507806,-0.09999942779541016,1.2999992370605469,-2.5,3.6499996185302734,13.100000381469727,6.0,6.0,12-08,1.5425000588099165
09-25,-1.3600001335144043,0.08999967575073242,3.09000015258789,-1.900000095367432,4.640000343322754,-0.989999771118164,0.7399997711181641,-0.6699991226196289,1.2999992370605469,-2.450000762939453,3.1999998092651367,12.780000686645508,7.0,5.0,12-09,1.5391666491826377
09-26,-1.559999942779541,-0.05000019073486328,3.09000015258789,-2.0500001907348637,3.890000343322754,-1.2799997329711914,2.540000915527344,-0.6699991226196289,1.5699996948242188,-2.380000114440918,3.8999996185302734,12.90999984741211,6.0,6.0,12-10,1.6591667731602986
09-27,-1.440000057220459,-0.05000019073486328,3.070000171661377,-2.12000036239624,2.399999618530273,-0.9700002670288086,1.7900009155273438,-1.1999998092651367,1.739999771118164,-2.859999656677246,3.830000877380371,12.90999984741211,6.0,6.0,12-11,1.4250000715255735
09-28,-1.440000057220459,-0.23000001907348636,3.049999713897705,-1.5999999046325684,2.9700002670288086,-1.3000001907348633,1.7900009155273438,-0.7799997329711914,2.210000991821289,-2.649999618530273,3.69999885559082,12.90999984741211,6.0,6.0,12-12,1.5525000890096028
09-29,-1.1100001335144043,-0.2399997711181641,3.5899996757507324,-1.440000057220459,1.75,-1.3000001907348633,3.040000915527344,-0.369999885559082,2.1199989318847656,-3.0899991989135738,3.229999542236328,12.329999923706055,6.0,6.0,12-13,1.5424999793370564
09-30,-1.1600003242492676,-0.07000017166137695,3.299999713897705,-1.739999771118164,1.75,-0.9500007629394532,2.9899997711181636,-0.8199996948242188,1.829999923706055,-2.84999942779541,3.229999542236328,12.559999465942385,6.0,6.0,12-14,1.5058331886927288
10-01,-0.8999996185302734,-0.13000011444091794,3.860000133514404,-1.739999771118164,1.760000228881836,-0.7600002288818359,1.7899999618530271,-1.229999542236328,3.0599994659423833,-2.84999942779541,3.2799997329711914,12.290000915527346,6.0,6.0,12-15,1.5358334779739382
10-02,-0.7899999618530273,-0.030000209808349613,3.3499999046325684,-1.4000000953674316,2.3299999237060547,-1.020000457763672,0.3400001525878906,-1.260000228881836,3.0599994659423833,-2.560000419616699,3.3099994659423833,13.030000686645508,6.0,6.0,12-16,1.529999852180481
10-03,-0.6800003051757812,0.04999971389770508,3.3499999046325684,-1.5399999618530271,2.410000801086426,-1.4099998474121094,0.869999885559082,-1.260000228881836,3.3099994659423833,-3.4099998474121094,3.1999998092651367,12.200000762939453,7.0,5.0,12-17,1.4241666793823242
10-04,-0.6600003242492676,0.04999971389770508,3.0299997329711914,-1.2699999809265137,2.149999618530273,-1.3800005912780762,1.4100008010864258,-0.880000114440918,3.0800018310546875,-3.180000305175781,3.369999885559082,12.200000762939453,7.0,5.0,12-18,1.4933334191640215
10-05,-0.6600003242492676,-0.2800002098083496,3.0299997329711914,-1.309999942779541,2.0699996948242188,-0.3700008392333984,1.4100008010864258,-1.0600004196166992,2.30000114440918,-3.3199996948242188,3.3600006103515625,12.200000762939453,6.0,6.0,12-19,1.4475001096725464
10-06,-0.9200000762939452,-0.3499999046325684,2.909999370574951,-1.0,4.170000076293944,-0.3700008392333984,2.180000305175781,-0.4600000381469727,2.520000457763672,-3.080000877380371,2.970001220703125,12.34000015258789,6.0,6.0,12-20,1.7424999872843423
10-07,-1.0099997520446775,-0.2899999618530273,3.109999656677246,-0.9200000762939452,4.170000076293944,-0.15000057220458984,1.8400001525878904,-0.5799999237060547,2.9099998474121094,-3.30000114440918,2.970001220703125,11.280000686645508,6.0,6.0,12-21,1.6691666841506958
10-08,-1.0899996757507324,-0.37999963760375977,3.0799994468688965,-0.9200000762939452,4.880000114440918,-0.07999992370605469,1.7200002670288086,-0.8599996566772461,3.0599994659423833,-3.30000114440918,3.0300006866455083,10.979999542236328,6.0,6.0,12-22,1.6766666173934937
10-09,-1.429999828338623,-0.25,3.200000286102295,-0.6100001335144043,5.199999809265137,0.8400001525878906,2.40000057220459,-1.3900003433227541,3.0599994659423833,-3.4899997711181636,2.7800006866455083,10.290000915527344,7.0,5.0,12-23,1.7166668176651
10-10,-1.260000228881836,-0.25,3.200000286102295,-0.7699999809265137,4.5900001525878915,0.9200000762939452,2.830000877380371,-1.3900003433227541,2.899999618530273,-2.9700002670288086,2.539999961853028,10.329999923706056,7.0,5.0,12-24,1.7225000063578289
10-11,-1.260000228881836,-0.25,3.34000015258789,-0.75,4.75,1.0299997329711914,2.830000877380371,-0.8000001907348633,2.7199993133544917,-2.679999351501465,2.1300010681152344,10.329999923706056,7.0,5.0,12-25,1.7825001080830891
10-12,-1.260000228881836,-0.3499999046325684,3.330000400543213,0.8600001335144043,4.859999656677246,0.7299995422363281,2.830000877380371,-0.10000038146972656,2.289999008178711,-3.2100000381469727,2.7799997329711914,10.329999923706056,8.0,4.0,12-26,1.924166560173035
10-13,-1.4000000953674316,-0.5600004196166992,3.62999963760376,0.5999999046325684,5.049999237060547,0.7299995422363281,3.850000381469727,-0.2899999618530273,2.6100006103515625,-3.8799991607666016,2.6999998092651367,10.56999969482422,8.0,4.0,12-27,1.9674999316533408
10-14,-1.329999923706055,-0.3100004196166992,3.4899997711181636,0.6600003242492676,5.049999237060547,0.5299997329711914,3.630000114440918,0.5,2.399999618530273,-2.8799991607666016,2.6999998092651367,10.25,9.0,3.0,12-28,2.057499925295512
10-15,-1.5300002098083496,-0.09999990463256836,3.4099998474121094,0.6600003242492676,4.859999656677246,0.35000038146972656,2.479999542236328,0.6000003814697266,2.8699989318847656,-2.8799991607666016,2.5099992752075195,10.219999313354492,9.0,3.0,12-29,1.9541665315628047
10-16,-1.820000171661377,-0.12000036239624025,3.2300004959106445,0.6200003623962402,3.9600000381469727,0.4200000762939453,2.410000801086426,0.19999980926513672,2.8699989318847656,-3.7199993133544917,2.55000114440918,10.079999923706056,9.0,3.0,12-30,1.7233334779739382
10-17,-1.6400003433227541,-0.10000038146972656,3.2300004959106445,0.3899998664855957,3.1999998092651367,0.6599998474121094,2.6200008392333984,0.19999980926513672,2.9899997711181636,-3.570000648498535,2.1799993515014653,9.380001068115234,9.0,3.0,12-31,1.6283332904179888
10-18,-1.6400003433227541,-0.10000038146972656,2.0800004005432133,0.5799999237060547,3.1999998092651367,0.4400005340576172,2.6200008392333984,0.21000003814697266,3.0100002288818364,-3.2300004959106445,2.7199993133544917,9.380001068115234,9.0,3.0,01-01,1.6058334112167358
10-19,-1.6400003433227541,0.369999885559082,2.2400002479553223,0.8600001335144043,3.630000114440918,0.25,2.6200008392333984,0.5999994277954102,2.9399986267089844,-2.0800008773803706,2.489999771118164,9.380001068115234,10.0,2.0,01-02,1.804999907811483
10-20,-1.079999923706055,0.3599996566772461,1.87000036239624,1.0599999427795408,3.399999618530273,0.25,3.4300012588500977,0.3399991989135742,2.4400005340576167,-1.0500001907348633,2.389999389648437,8.620000839233397,10.0,2.0,01-03,1.835833390553792
10-21,-0.8400001525878906,0.3299999237060547,1.2899999618530271,1.1399998664855957,3.399999618530273,0.2799997329711914,4.109999656677246,0.4800004959106445,2.6500015258789062,-0.880000114440918,2.389999389648437,8.780000686645508,10.0,2.0,01-04,1.9275000492731733
10-22,-1.2400002479553225,0.25,1.119999885559082,1.1399998664855957,2.8099994659423833,0.7100000381469727,3.909999847412109,0.8000001907348633,2.9600009918212886,-0.880000114440918,2.369999885559082,7.75,10.0,2.0,01-05,1.8083333174387612
10-23,-0.8899998664855957,0.20000028610229487,0.8299999237060547,1.1999998092651367,2.7800006866455083,0.5599994659423828,2.34999942779541,1.5,2.9600009918212886,-0.979999542236328,2.930000305175781,7.739999771118164,10.0,2.0,01-06,1.7650001049041748
10-24,-0.690000057220459,0.3499999046325684,0.8299999237060547,1.1600003242492676,2.8099994659423833,0.8400001525878906,1.9099998474121092,1.5,3.0300006866455083,-0.3900003433227539,2.799999237060547,8.010000228881836,10.0,2.0,01-07,1.8466666142145796
10-25,-0.4699997901916504,0.3499999046325684,1.020000457763672,1.429999828338623,2.859999656677246,0.8200006484985352,1.2900009155273438,1.6299991607666016,3.2800006866455083,-0.4799995422363281,2.9399995803833012,8.010000228881836,10.0,2.0,01-08,1.8900001446406047
10-26,-0.4699997901916504,0.6499996185302734,0.8299999237060547,1.8499999046325684,3.3600006103515625,3.2800006866455083,1.2900009155273438,3.5899991989135738,2.4499988555908203,-0.6999998092651367,2.369999885559082,8.010000228881836,10.0,2.0,01-09,2.2091666857401533
10-27,-0.5,0.5199999809265137,0.25,1.6500000953674316,4.15000057220459,3.2800006866455083,1.510000228881836,4.4800004959106445,1.529998779296875,0.13000011444091794,3.0000009536743164,9.049999237060547,11.0,1.0,01-10,2.420833428700765
10-28,0.09999990463256836,0.5899996757507324,0.7799997329711914,2.139999866485596,4.15000057220459,3.1600008010864262,0.07999992370605469,5.479999542236328,1.0699996948242188,-0.05999946594238281,3.0000009536743164,9.90999984741211,11.0,1.0,01-11,2.533333420753479
10-29,-0.26000022888183594,0.3600001335144043,1.130000114440918,2.139999866485596,4.220000267028809,4.6599998474121085,0.7000007629394531,4.260000228881837,2.149999618530273,-0.05999946594238281,3.1100006103515625,9.950000762939453,10.0,2.0,01-12,2.6966668764750157
10-30,-0.07000017166137695,0.5299997329711914,1.5399999618530271,2.139999866485596,4.75,4.420000076293945,-3.2799997329711914,3.2799997329711914,2.149999618530273,-0.25999927520751953,3.859999656677246,10.84000015258789,9.0,3.0,01-13,2.491666634877523
10-31,-0.26000022888183594,0.6599998474121094,1.5399999618530271,1.9700002670288088,4.790000915527344,4.949999809265137,-4.460000038146973,3.2799997329711914,2.010000228881836,0.40000057220458973,3.670000076293945,10.440000534057617,10.0,2.0,01-14,2.4158334732055664
11-01,-0.1100001335144043,0.6599998474121094,1.760000228881836,1.8400001525878904,3.9700002670288086,5.199999809265137,-6.619999885559082,3.4499998092651367,2.8099994659423833,-0.06999969482421875,3.2200002670288086,10.440000534057617,9.0,3.0,01-15,2.212500055631002
11-02,-0.1100001335144043,0.4000000953674317,1.6599998474121094,3.070000171661377,4.1499996185302725,5.579999923706055,-6.619999885559082,3.59000015258789,3.2699985504150386,-0.4100008010864258,4.429999351501465,10.440000534057617,9.0,3.0,01-16,2.4541664520899453
11-03,-0.19000005722045896,0.4499998092651367,1.3599996566772459,2.75,4.180000305175781,5.579999923706055,-6.499999046325684,3.399999618530273,3.6100006103515625,0.19999980926513672,4.779999732971191,7.219999313354492,10.0,2.0,01-17,2.2366666396458945
11-04,-0.1100001335144043,-0.019999980926513672,1.3200006484985352,2.5500001907348637,4.180000305175781,5.760000228881836,-7.169999122619629,2.930000305175781,2.729999542236328,0.039999961853027344,4.779999732971191,5.920001983642577,9.0,3.0,01-18,1.9091669718424482
11-05,-0.309999942779541,0.04000043869018555,1.8900003433227541,2.5500001907348637,4.2100000381469735,6.050000190734862,-7.560000419616699,2.020000457763672,0.9699993133544922,0.039999961853027344,3.1700000762939453,5.920001983642577,10.0,2.0,01-19,1.5825002193450928
11-06,-0.2899999618530273,0.1399998664855957,2.0299997329711914,2.5999999046325684,4.5900001525878915,5.070000648498535,-8.489999771118164,2.40000057220459,0.9699993133544922,0.039999961853027344,3.209999084472656,1.1500015258789062,10.0,2.0,01-20,1.1183334191640215
11-07,-0.4499998092651367,-0.11999988555908205,2.0299997329711914,2.880000114440918,6.34999942779541,5.699999809265138,-8.739998817443848,2.40000057220459,1.1399993896484375,-0.06999969482421875,3.3799991607666016,1.470001220703125,8.0,4.0,01-21,1.3308334350585938
11-08,0.05000019073486328,-0.11999988555908205,1.6499996185302734,3.0299997329711914,4.1300010681152335,5.2400007247924805,-8.129999160766603,1.6100006103515625,-1.239999771118164,0.04999923706054688,3.0999984741210938,1.470001220703125,9.0,3.0,01-22,0.9033335049947104
11-09,0.05000019073486328,0.059999942779541016,2.4200000762939453,3.309999942779541,4.00999927520752,4.720000267028809,-8.129999160766603,-0.3400001525878906,-0.6300010681152344,0.5399999618530273,3.0100002288818364,1.470001220703125,9.0,3.0,01-23,0.87416672706604
11-10,0.1700000762939453,-0.15000009536743164,2.84000015258789,3.119999885559082,4.25999927520752,4.720000267028809,-6.459999084472656,-0.6499996185302734,0.7700004577636719,0.8099994659423828,2.9499988555908203,0.5400009155273438,9.0,3.0,01-24,1.0766667127609253
11-11,0.07000017166137695,-0.09000015258789062,2.1200008392333984,3.2600002288818364,4.25999927520752,5.220000267028809,-6.380000114440918,-0.989999771118164,1.2900009155273438,0.6299991607666016,2.9499988555908203,1.0900001525878906,9.0,3.0,01-25,1.119166652361552
11-12,-0.2400002479553223,-0.1399998664855957,2.1300001144409184,3.2600002288818364,4.479999542236328,5.030000686645508,-4.930000305175781,-2.149999618530273,0.4099998474121094,0.6299991607666016,2.779998779296875,0.1100006103515625,8.0,4.0,01-26,0.9474999109903972
11-13,-0.8400001525878906,-0.380000114440918,2.34000015258789,3.200000286102295,4.1499996185302725,5.130000114440918,-5.579999923706055,-2.0500001907348637,0.4099998474121094,0.25,2.0,-0.009998321533203123,7.0,5.0,01-27,0.7183334430058798
11-14,-1.0900001525878906,-0.2899999618530273,2.34000015258789,3.2300000190734863,3.2699995040893555,5.8999996185302725,-5.989999771118164,-2.0500001907348637,0.2399997711181641,0.8099994659423828,0.5799999237060547,0.0,7.0,5.0,01-28,0.5791665315628052
11-15,-1.0,-0.2899999618530273,2.2799997329711914,2.9900002479553223,2.34000015258789,5.919999122619629,-6.699999809265138,-2.4499998092651367,0.6700000762939453,0.3699989318847656,0.26000022888183594,0.0,7.0,5.0,01-29,0.3658332427342733
11-16,-1.0,-0.039999961853027344,2.1599998474121094,2.8499999046325684,3.5100002288818364,5.589999198913574,-6.699999809265138,-1.369999885559082,0.4500007629394531,-0.4499988555908203,0.5300006866455078,0.0,6.0,6.0,01-30,0.4608335097630818
11-17,-0.8099999427795409,-0.06999969482421875,2.010000228881836,2.5899996757507324,2.9400005340576167,5.589999198913574,-6.760000228881836,-1.4699993133544922,1.0699996948242188,0.380000114440918,0.6100006103515625,0.0,7.0,5.0,01-31,0.5066667397816976
11-18,-0.869999885559082,-0.5900001525878906,2.359999656677246,1.6500000953674316,2.9400005340576167,5.569999694824219,-8.949999809265137,-1.6000003814697266,0.5199985504150391,0.4200000762939453,0.6100006103515625,0.0,7.0,5.0,02-01,0.1716665824254354
11-19,-0.9600000381469728,-0.4600000381469727,2.5500001907348637,1.6500000953674316,2.75,6.15000057220459,-8.130000114440918,-1.0900001525878906,-0.020000457763671875,0.4200000762939453,0.35000038146972656,0.0,6.0,5.0,02-02,0.26750004291534424
11-20,-0.9400000572204591,-0.19999980926513672,3.25,1.420000076293945,2.859999656677246,5.859999656677246,-8.720000267028809,-0.6500005722045898,-0.020000457763671875,0.380000114440918,0.3400001525878906,0.0,6.0,5.0,02-03,0.298333207766215
11-21,-0.6999998092651367,-0.07999992370605469,3.25,1.0,1.6999998092651367,5.8899993896484375,-9.519999504089355,-0.6500005722045898,-0.5200004577636719,-0.07999992370605469,0.010000228881835938,0.0,5.0,6.0,02-04,0.024999936421712242
11-22,-0.5300002098083496,-0.07999992370605469,3.1000003814697266,0.8100004196166992,0.6499996185302734,5.229999542236328,-9.519999504089355,-0.6700000762939453,0.6000003814697266,0.05000114440917969,0.03999900817871094,0.0,7.0,4.0,02-05,-0.02666660149892171
11-23,-0.5300002098083496,-0.07000017166137695,3.2799997329711914,0.8300004005432129,-0.5,5.039999961853027,-9.519999504089355,-0.6700000762939453,-0.4899997711181641,0.5500011444091797,-0.18000030517578125,0.0,4.0,7.0,02-06,-0.18833323319753006
11-24,-0.4000000953674317,0.019999980926513672,3.399999618530273,0.7199997901916504,-1.1399993896484375,5.039999961853027,-9.369999885559082,-0.7299995422363281,-1.1000003814697266,0.2400016784667969,0.4899997711181641,0.0,6.0,5.0,02-07,-0.23583320776621497
11-25,-0.4299998283386231,-0.010000228881835938,3.25,0.8499999046325684,-1.1399993896484375,5.039999961853027,-9.379999160766602,-0.6999998092651367,-0.4899997711181641,0.020000457763671875,0.4899997711181641,0.0,5.0,6.0,02-08,-0.20833317438761392
11-26,-0.1100001335144043,-0.07000017166137695,2.619999885559082,0.8499999046325684,-1.4699993133544922,5.190000534057617,-10.040000438690186,0.369999885559082,-0.5,0.020000457763671875,0.4399986267089844,0.0,6.0,5.0,02-09,-0.22500006357828772
11-27,-0.3499999046325684,0.25,2.5299997329711914,1.0199999809265137,-1.829999923706055,5.0900001525878915,-10.62000036239624,0.2400007247924805,-0.5,1.2599992752075195,0.4099998474121094,0.0,7.0,4.0,02-10,-0.2083333730697632
11-28,0.029999732971191406,0.09999990463256836,2.5299997329711914,1.0,-0.6800003051757812,4.6100006103515625,-10.519999027252195,0.2400007247924805,-0.5599994659423828,0.31999969482421875,0.3100013732910156,0.0,8.0,3.0,02-11,-0.21833308537801108
11-29,0.4000000953674317,0.09999990463256836,2.229999542236328,0.7300000190734863,-0.060000419616699226,5.220000267028809,-10.629999160766602,0.030000686645507806,-1.520000457763672,0.4800004959106445,0.5900001525878906,0.0,8.0,3.0,02-12,-0.20249990622202554
11-30,0.4000000953674317,0.04999971389770508,1.6300001144409182,-0.019999980926513672,-0.2899999618530273,5.1599998474121085,-10.629999160766602,0.9600000381469728,-1.5,-0.13000106811523438,1.039999008178711,0.0,6.0,5.0,02-13,-0.2775001128514608
12-01,0.13000011444091794,-0.030000209808349613,1.7899999618530271,0.2699999809265137,-0.04999923706054688,5.1599998474121085,-10.420000076293944,1.2400007247924805,-0.6100006103515625,0.06999969482421875,1.2099990844726562,0.0,7.0,4.0,02-14,-0.10333339373270672
12-02,-0.06999969482421875,-0.21000003814697266,1.9299993515014648,0.18000030517578125,-0.04999923706054688,4.939999580383301,-10.450000762939453,0.9400005340576172,-0.20999908447265625,0.020000457763671875,1.2099990844726562,0.0,6.0,5.0,02-15,-0.14749995867411295
12-03,-0.07999992370605469,-0.3000001907348633,2.1600008010864262,0.18000030517578125,0.2400007247924805,5.130000114440918,-9.369999408721924,0.7800006866455078,0.3600006103515625,0.020000457763671875,1.3099994659423828,0.0,8.0,3.0,02-16,0.03583363691965739
12-04,0.07000017166137695,-0.5099997520446777,1.8700008392333984,0.07999992370605469,0.3200006484985352,5.989999771118164,-10.050000190734863,0.8400001525878906,0.3600006103515625,1.2000007629394531,0.5300006866455078,0.0,9.0,2.0,02-17,0.0583336353302002
12-05,-0.09999990463256836,-0.4499998092651367,1.8700008392333984,0.21000003814697266,0.75,6.089999198913574,-8.900000095367432,0.8400001525878906,0.25,1.0600004196166992,1.210000991821289,0.0,8.0,3.0,02-18,0.235833485921224
12-06,-0.13000011444091794,-0.4499998092651367,1.8200006484985352,0.09000015258789062,0.6599998474121094,6.559999465942383,-8.170000076293945,0.7799997329711914,0.2700004577636719,1.0000009536743164,1.9400005340576167,0.0,8.0,3.0,02-19,0.3641668160756429
12-07,-0.13000011444091794,-0.5999999046325684,1.9800004959106443,0.2200002670288086,1.760000228881836,6.670000076293945,-8.170000076293945,1.3499994277954102,-0.3099994659423828,1.9200010299682615,2.09000015258789,0.0,7.0,4.0,02-20,0.5650001764297485
12-08,-0.09000015258789062,-0.4600000381469727,2.619999885559082,0.059999942779541016,0.989999771118164,6.670000076293945,-8.450000762939451,0.9300003051757812,-1.0699996948242188,1.2999992370605469,2.139999389648437,0.0,7.0,4.0,02-21,0.3866664965947469
12-09,-0.25,-0.5700001716613771,2.0,-0.09000015258789062,0.989999771118164,6.540000915527344,-8.230000495910645,1.079999923706055,-1.010000228881836,1.3500003814697266,2.139999389648437,0.0,6.0,5.0,02-22,0.3291666110356649
12-10,-0.2699999809265137,-0.7999997138977051,2.0800008773803706,-0.09000015258789062,0.6799993515014648,7.25,-8.119999885559082,1.25,-0.25,1.3500003814697266,1.960000991821289,0.0,6.0,5.0,02-23,0.42000015576680494
12-11,-0.4900002479553223,-0.7599997520446777,1.5300006866455078,-0.11999988555908205,2.310000419616699,7.220000267028809,-7.220000267028809,0.8099994659423828,-0.25,1.4100008010864258,2.75,0.0,6.0,5.0,02-24,0.5991667906443278
12-12,-0.380000114440918,-0.9800000190734864,1.5300006866455078,0.1399998664855957,2.299999237060547,7.530000686645508,-7.489999771118164,0.8099994659423828,-0.3299999237060547,0.9100008010864258,3.1100006103515625,0.0,7.0,4.0,02-25,0.5958334604899088
12-13,-0.5500001907348633,-0.9800000190734864,1.3900003433227541,0.5099997520446777,2.9499988555908203,7.329999923706055,-7.3400001525878915,1.0599994659423828,-1.519998550415039,1.5599994659423828,2.450000762939453,0.0,7.0,4.0,02-26,0.5716666380564371
12-14,-0.5500001907348633,-0.9600000381469728,2.5799999237060547,0.19999980926513672,3.139999389648437,7.5,-7.3400001525878915,1.0600004196166992,-0.6700000762939453,2.299999237060547,1.7199993133544922,0.0,7.0,4.0,02-27,0.7483331362406412
12-15,-0.619999885559082,-1.0299997329711914,2.4700002670288086,-0.309999942779541,2.9600009918212886,7.5,-7.989999771118164,1.020000457763672,0.3299999237060547,2.180000305175781,2.09000015258789,0.0,7.0,4.0,02-28,0.7166668971379598
12-16,-0.6599998474121094,-0.75,2.5300006866455083,-0.19999980926513672,2.9600009918212886,7.53000020980835,-8.630000591278076,1.2100000381469729,0.2199993133544922,2.459999084472656,2.09000015258789,0.0,7.0,4.0,03-01,0.7300000190734863
12-17,-0.7000002861022949,-0.7100000381469727,2.540000915527344,-0.19999980926513672,3.3900012969970703,6.630000114440918,-7.9099998474121085,1.479999542236328,-0.020000457763671875,2.459999084472656,2.239999771118164,0.0,6.0,5.0,03-02,0.7666666905085245
12-18,0.5,-0.8400001525878906,2.2800006866455083,-0.309999942779541,1.270000457763672,6.049999237060548,-7.880000114440918,1.5599994659423828,-0.020000457763671875,2.999999046325684,1.729999542236328,0.0,7.0,4.0,03-03,0.6116664807001749
12-19,1.0999999046325684,-0.9000000953674316,2.2800006866455083,-0.2200002670288086,-0.7699995040893555,5.760000228881836,-8.030000686645508,1.5599994659423828,0.0,3.0100002288818364,1.2199993133544922,0.0,6.0,5.0,03-04,0.41749993960062665
12-20,0.9099998474121094,-0.9000000953674316,2.0300006866455083,-0.009999752044677734,-1.010000228881836,5.8999996185302725,-7.330000877380371,1.5899991989135742,0.0,3.4499998092651367,2.3699989318847656,0.0,6.0,5.0,03-05,0.5833330949147543
12-21,0.9099998474121094,-0.9800000190734864,1.7899999618530271,-1.6800003051757812,-0.4099998474121094,6.369999885559082,-7.330000877380371,2.5799999237060547,-0.1700000762939453,3.3299989700317383,1.510000228881836,0.0,6.0,5.0,03-06,0.4933331410090129
12-22,0.6700000762939453,-0.9299998283386229,1.5600004196166992,-1.1599998474121094,-0.15999984741210938,6.369999885559082,-7.340001106262207,3.369999885559082,-0.2800006866455078,3.7100009918212886,1.8700008392333984,0.0,6.0,5.0,03-07,0.640000065167745
12-23,0.619999885559082,-1.010000228881836,1.7100000381469729,-1.239999771118164,-0.15999984741210938,6.670000076293945,-7.5199995040893555,2.899999618530273,-0.14999961853027344,2.729999542236328,1.8700008392333984,0.0,6.0,5.0,03-08,0.5350000858306885
12-24,0.4499998092651367,-1.1599998474121094,1.3600006103515625,-1.239999771118164,-0.34999942779541016,6.050000190734862,-7.489999771118164,2.5299997329711914,-0.1900005340576172,2.729999542236328,1.950000762939453,0.0,6.0,5.0,03-09,0.3866667747497559
12-26,1.2200002670288086,-0.9400000572204591,1.579999923706055,-0.9900002479553224,-1.8699998855590818,5.760000228881836,-8.210000991821289,2.899999618530273,-0.1900005340576172,1.3000001907348633,1.1999988555908203,0.0,6.0,5.0,03-11,0.14666644732157388
12-27,1.380000114440918,-0.9400000572204591,1.579999923706055,-0.7699999809265137,-1.3999996185302734,5.739999771118164,-8.080000877380371,2.899999618530273,-0.1999988555908203,1.4000005722045898,0.5300006866455078,0.0,6.0,5.0,03-12,0.17833344141642252
12-28,1.380000114440918,-1.0,2.0799999237060547,-0.5999999046325684,-1.520000457763672,5.819999694824219,-8.080000877380371,3.7399997711181636,-0.08999824523925781,1.6199998855590818,1.6000003814697266,0.0,6.0,5.0,03-13,0.4125000238418579
12-29,1.1500000953674316,-1.429999828338623,1.8000001907348633,-1.010000228881836,-1.4300003051757812,5.819999694824219,-8.160000801086426,3.830000877380371,0.6199989318847656,1.2899999618530271,0.3899993896484375,0.0,7.0,4.0,03-14,0.2391664981842041
12-30,1.0199999809265137,-1.25,1.8699998855590818,-1.010000228881836,-1.4300003051757812,6.010000228881836,-8.890000343322754,3.630000114440918,0.7399997711181641,1.5600004196166992,0.3899993896484375,0.0,7.0,4.0,03-15,0.21999990940093994
12-31,1.440000057220459,-1.510000228881836,2.2200002670288086,-1.010000228881836,-1.1999998092651367,5.9800004959106445,-8.300000190734862,3.320000648498535,0.8499984741210938,1.5600004196166992,0.4899997711181641,0.0,7.0,4.0,03-16,0.3199999729792277
