,2009,2010,2011,2012,2013,2014,2015,2016,2017,2018,2019,2020,ups,downs,end_day_sum,avg
01-02,0.0,0.019999999552965164,-0.10000000149011612,-0.04999999888241291,0.0,0.05000000074505806,-0.020000003278255463,0.0,0.009999997913837431,-0.1599999964237213,0.020000003278255463,0.07500000111758709,5.0,7.0,03-17,-0.012916666455566885
01-03,0.0,0.019999999552965164,-0.10000000149011612,-0.04999999888241291,0.0,0.05000000074505806,-0.020000003278255463,0.0,0.009999997913837431,-0.1599999964237213,0.020000003278255463,0.07500000111758709,5.0,7.0,03-18,-0.012916666455566885
01-04,0.0,0.019999999552965164,-0.10000000149011612,-0.04999999888241291,0.0,0.05000000074505806,-0.020000003278255463,0.0,0.009999997913837431,-0.11000001430511476,0.0,0.07500000111758709,4.0,8.0,03-19,-0.010416668218870958
01-05,0.0,0.019999999552965164,-0.14999999850988388,-0.04999999888241291,0.0,0.05000000074505806,-0.020000003278255463,0.0,0.009999997913837431,-0.2199999988079071,0.010000001639127731,0.0030000004917383194,5.0,7.0,03-20,-0.028916666594644383
01-06,0.0,0.019999999552965164,-0.14999999850988388,-0.04999999888241291,0.0,0.05000000074505806,-0.020000003278255463,0.0,0.009999997913837431,-0.14000000059604645,0.010000001639127731,0.0030000004917383194,5.0,7.0,03-21,-0.02225000007698933
01-07,0.0,0.019999999552965164,-0.14999999850988388,-0.04999999888241291,0.0,0.05000000074505806,-0.020000003278255463,0.0,0.009999997913837431,-0.17000000178813934,0.010000001639127731,0.0030000004917383194,5.0,7.0,03-22,-0.02475000017633041
01-08,0.0,0.019999999552965164,-0.14999999850988388,-0.04999999888241291,0.0,0.05000000074505806,-0.020000003278255463,0.0,0.009999997913837431,-0.17000000178813934,0.010000001639127731,0.0030000004917383194,5.0,7.0,03-23,-0.02475000017633041
01-09,0.0,0.019999999552965164,-0.14999999850988388,-0.04999999888241291,0.0,0.05000000074505806,-0.020000003278255463,0.0,0.009999997913837431,-0.20000000298023224,0.010000001639127731,0.0030000004917383194,5.0,7.0,03-24,-0.027250000275671482
01-10,0.0,0.019999999552965164,-0.14999999850988388,-0.04999999888241291,0.0,0.05000000074505806,-0.020000003278255463,0.0,0.009999997913837431,-0.14999999105930328,-0.030000001192092892,0.0030000004917383194,4.0,8.0,03-25,-0.026416666184862454
01-11,0.0,0.019999999552965164,-0.14999999850988388,-0.04999999888241291,0.0,0.05000000074505806,-0.020000003278255463,0.0,0.009999997913837431,-0.23000000417232516,0.0,-0.0010000001639127733,3.0,9.0,03-26,-0.030916667232910793
01-12,0.0,0.019999999552965164,-0.14999999850988388,-0.04999999888241291,0.0,0.05000000074505806,-0.020000003278255463,0.0,0.009999997913837431,-0.10000000894069673,0.0,-0.0010000001639127733,3.0,9.0,03-27,-0.02008333429694176
01-13,0.0,-0.009999999776482582,-0.14999999850988388,-0.04999999888241291,0.0,0.05000000074505806,-0.01000000536441803,0.0,0.009999997913837431,-0.1300000101327896,0.0,-0.0010000001639127733,2.0,10.0,03-28,-0.024250001180917025
01-14,0.0,-0.009999999776482582,-0.14999999850988388,-0.04999999888241291,0.0,0.05000000074505806,-0.01000000536441803,0.0,0.009999997913837431,-0.1300000101327896,0.0,-0.0010000001639127733,2.0,10.0,03-29,-0.024250001180917025
01-15,0.0,-0.009999999776482582,0.040000002831220634,-0.04999999888241291,0.0,0.05000000074505806,-0.01000000536441803,0.0,0.009999997913837431,-0.1300000101327896,0.0,0.04245000332593918,4.0,8.0,03-30,-0.004795834111670653
01-16,0.0,-0.009999999776482582,0.040000002831220634,-0.04999999888241291,0.0,0.05000000074505806,-0.01000000536441803,0.0,0.009999997913837431,-0.1300000101327896,0.0,0.04245000332593918,4.0,8.0,03-31,-0.004795834111670653
01-17,0.0,-0.009999999776482582,0.040000002831220634,-0.04999999888241291,0.0,0.05000000074505806,-0.01000000536441803,0.0,0.009999997913837431,-0.08999998867511749,-0.008000001311302185,0.04245000332593918,4.0,8.0,04-01,-0.0021291657661398253
01-18,-0.07000000216066837,-0.009999999776482582,0.040000002831220634,-0.04999999888241291,0.0,0.05000000074505806,-0.01000000536441803,0.0,0.0,-0.09000001847743988,-0.040000002831220634,0.04245000332593918,3.0,9.0,04-02,-0.011462501715868713
01-19,-0.07000000216066837,-0.009999999776482582,-0.060000002384185784,-0.04999999888241291,0.0,0.05000000074505806,-0.01000000536441803,0.0,0.0,-0.060000017285346985,-0.040000002831220634,0.04245000332593918,2.0,10.0,04-03,-0.017295835384478167
01-20,-0.07000000216066837,0.010000001639127731,-0.14999999850988388,0.040000002831220634,0.0,0.05000000074505806,-0.01000000536441803,0.0,0.0,-0.07000000774860382,-0.030000001192092892,0.04245000332593918,4.0,8.0,04-04,-0.015629167202860117
01-21,0.050000004470348365,-0.009999997913837431,-0.14999999850988388,0.040000002831220634,0.0,0.05000000074505806,-0.01000000536441803,0.0,0.0,-0.10000000894069673,-0.030000001192092892,0.04245000332593918,4.0,8.0,04-05,-0.009795833379030228
01-22,0.050000004470348365,-0.009999997913837431,-0.17000000178813934,0.040000002831220634,0.0,0.05000000074505806,-0.01000000536441803,0.0,0.0,-0.10000000894069673,-0.030000001192092892,0.04195000231266022,4.0,8.0,04-06,-0.01150416706999143
01-23,0.050000004470348365,-0.009999997913837431,-0.09999999403953552,0.040000002831220634,0.0,0.05000000074505806,-0.01000000536441803,0.0,0.0,-0.10000000894069673,-0.030000001192092892,0.04195000231266022,4.0,8.0,04-07,-0.0056708330909411115
01-24,0.050000004470348365,-0.009999997913837431,-0.09999999403953552,0.040000002831220634,0.0,0.05000000074505806,-0.01000000536441803,0.0,0.0,0.03999999165534973,-0.040000002831220634,0.04195000231266022,5.0,7.0,04-08,0.005162500155468782
01-25,0.050000004470348365,-0.009999997913837431,-0.09999999403953552,0.040000002831220634,0.0,0.05000000074505806,-0.01000000536441803,0.0,0.0,0.03999999165534973,-0.040000002831220634,0.04195000231266022,5.0,7.0,04-09,0.005162500155468782
01-26,0.050000004470348365,-0.009999997913837431,-0.09999999403953552,0.040000002831220634,0.0,0.05000000074505806,-0.01000000536441803,0.0,0.0,0.04999999701976776,-0.040000002831220634,0.04195000231266022,5.0,7.0,04-10,0.00599583393583695
01-27,0.050000004470348365,-0.009999997913837431,-0.04999999701976776,0.040000002831220634,0.0,0.05000000074505806,-0.01000000536441803,0.0,0.0,0.09999999403953552,-0.040000002831220634,0.04195000231266022,5.0,7.0,04-11,0.014329166772464909
01-28,0.050000004470348365,-0.009999997913837431,-0.04999999701976776,0.040000002831220634,0.0,0.05000000074505806,-0.020000003278255463,0.0,0.0,0.09999999403953552,-0.040000002831220634,-0.03554999828338623,4.0,8.0,04-12,0.0070375002299745875
01-29,0.050000004470348365,-0.009999997913837431,-0.04999999701976776,0.040000002831220634,0.0,0.05000000074505806,-0.020000003278255463,0.0,0.0,0.09999999403953552,-0.040000002831220634,0.0,4.0,8.0,04-13,0.010000000086923441
01-30,0.050000004470348365,-0.009999997913837431,-0.04999999701976776,0.040000002831220634,0.0,0.05000000074505806,-0.020000003278255463,0.0,0.0,0.04999999701976776,-0.040000002831220634,0.0,4.0,8.0,04-14,0.00583333366860946
01-31,-0.07000000216066837,-0.009999997913837431,-0.04999999701976776,0.040000002831220634,0.0,0.05000000074505806,-0.020000003278255463,0.0,0.0,0.019999995827674862,-0.040000002831220634,0.07500000111758709,4.0,8.0,04-15,-0.0004166668901840846
02-01,0.050000004470348365,-0.009999997913837431,-0.04999999701976776,0.040000002831220634,0.0,0.05000000074505806,-0.020000003278255463,0.0,0.0,0.019999995827674862,-0.040000002831220634,0.07500000111758709,5.0,7.0,04-16,0.009583333662400642
02-02,0.050000004470348365,-0.009999997913837431,-0.04999999701976776,0.040000002831220634,0.0,0.05000000074505806,-0.020000003278255463,0.0,0.0,0.0,-0.040000002831220634,0.07500000111758709,4.0,8.0,04-17,0.007916667343427738
02-03,0.050000004470348365,-0.009999997913837431,0.09000000730156897,0.040000002831220634,0.0,0.05000000074505806,-0.020000003278255463,0.0,0.0,0.01000000536441803,-0.040000002831220634,0.07500000111758709,6.0,6.0,04-18,0.02041666815057397
02-04,0.050000004470348365,-0.009999997913837431,0.0,0.040000002831220634,0.0,0.05000000074505806,-0.020000003278255463,0.0,0.0,0.0,-0.040000002831220634,0.07500000111758709,4.0,8.0,04-19,0.012083333761741718
02-05,0.050000004470348365,-0.009999997913837431,0.08000000566244125,0.040000002831220634,0.0,0.05000000074505806,-0.020000003278255463,0.0,0.0,0.0,-0.040000002831220634,-0.004000000655651093,4.0,8.0,04-20,0.012166667419175306
02-06,0.0,0.020000001415610317,0.08000000566244125,0.040000002831220634,0.0,0.05000000074505806,-0.020000003278255463,0.0,0.0,-0.030000001192092892,-0.040000002831220634,-0.004000000655651093,4.0,8.0,04-21,0.008000000224759182
02-07,0.0,0.020000001415610317,0.08000000566244125,0.040000002831220634,0.0,0.05000000074505806,-0.020000003278255463,0.0,0.0,0.07000000029802322,-0.040000002831220634,-0.07900000177323817,5.0,7.0,04-22,0.0100833335891366
02-08,0.0,0.020000001415610317,-0.03999999165534973,0.040000002831220634,0.0,-0.10000000149011612,-0.020000003278255463,0.0,0.0,0.060000002384185784,-0.038499999791383736,-0.07900000177323817,3.0,9.0,04-23,-0.013124999279777208
02-09,0.0,0.020000001415610317,-0.03999999165534973,0.040000002831220634,0.0,-0.10000000149011612,-0.020000003278255463,0.0,-0.009999997913837431,-0.01000000536441803,-0.038499999791383736,-0.07500000111758709,2.0,10.0,04-24,-0.019458333030343056
02-10,0.0,-0.029999999329447743,-0.03999999165534973,0.040000002831220634,0.0,-0.10000000149011612,-0.020000003278255463,0.0,-0.009999997913837431,0.040000006556510925,-0.030799999833106995,-0.07500000111758709,2.0,10.0,04-25,-0.018816665435830757
02-11,0.0,-0.009999997913837431,-0.03999999165534973,0.040000002831220634,0.0,-0.119999997317791,-0.009999997913837431,0.0,-0.009999997913837431,0.02000001072883606,-0.030799999833106995,-0.07500000111758709,2.0,10.0,04-26,-0.0196499975087742
02-12,0.0,-0.009999997913837431,-0.03999999165534973,0.040000002831220634,0.0,0.0299999974668026,-0.009999997913837431,0.0,-0.009999997913837431,0.02000001072883606,-0.030799999833106995,0.0,3.0,9.0,04-27,-0.0008999978502591451
02-13,0.0,-0.009999997913837431,-0.03999999165534973,0.040000002831220634,0.0,0.010000001639127731,-0.009999997913837431,0.0,-0.009999997913837431,0.01000000536441803,-0.040000002831220634,0.0,3.0,9.0,04-28,-0.004166664866109689
02-14,0.0,-0.009999997913837431,-0.03999999165534973,0.040000002831220634,0.0,-0.030000001192092892,-0.009999997913837431,0.0,-0.009999997913837431,0.07000000774860382,-0.040000002831220634,0.0049999989569187156,3.0,9.0,04-29,-0.0020833316569526987
02-15,0.0,-0.009999997913837431,-0.03999999165534973,0.040000002831220634,0.0,-0.13999999314546585,-0.009999997913837431,0.0,-0.009999997913837431,0.07000000774860382,-0.030000001192092892,0.0049999989569187156,3.0,9.0,04-30,-0.0104166641831398
02-16,0.0,-0.009999997913837431,-0.03999999165534973,0.040000002831220634,0.0,-0.13999999314546585,-0.009999997913837431,0.0,-0.009999997913837431,0.12000000476837157,-0.040000002831220634,0.0049999989569187156,3.0,9.0,05-01,-0.007083331234753131
02-17,0.0,-0.009999997913837431,-0.020000003278255463,0.040000002831220634,0.0,-0.13999999314546585,-0.009999997913837431,0.0,-0.009999997913837431,0.019999995827674862,-0.040000002831220634,0.0049999989569187156,3.0,9.0,05-02,-0.013749999615053335
02-18,-0.07000000216066837,-0.009999997913837431,-0.020000003278255463,0.040000002831220634,0.0,-0.13999999314546585,-0.009999997913837431,0.0,-0.009999997913837431,0.019999995827674862,-0.040000002831220634,0.0049999989569187156,3.0,9.0,05-03,-0.01958333312844237
02-19,-0.07000000216066837,-0.009999997913837431,-0.020000003278255463,0.040000002831220634,0.0,-0.030000001192092892,-0.009999997913837431,0.0,-0.009999997913837431,0.019999995827674862,-0.040000002831220634,0.0049999989569187156,3.0,9.0,05-04,-0.010416667132327952
02-20,-0.07000000216066837,-0.029999999329447743,-0.020000003278255463,0.040000002831220634,0.0,-0.030000001192092892,-0.009999997913837431,0.0,-0.009999997913837431,0.019999995827674862,-0.030000004917383194,0.0049999989569187156,3.0,9.0,05-05,-0.011250000757475695
02-21,-0.07000000216066837,-0.009999997913837431,-0.020000003278255463,0.040000002831220634,0.0,-0.009999997913837431,-0.009999997913837431,0.0,-0.009999997913837431,0.019999995827674862,-0.030000004917383194,0.0049999989569187156,3.0,9.0,05-06,-0.00791666703298688
02-22,0.050000004470348365,-0.009999997913837431,-0.020000003278255463,-0.04999999888241291,0.0,-0.009999997913837431,-0.009999997913837431,0.0,-0.009999997913837431,0.019999995827674862,-0.030000004917383194,0.0049999989569187156,3.0,9.0,05-07,-0.0054166666232049465
02-23,0.050000004470348365,-0.009999997913837431,-0.020000003278255463,-0.04999999888241291,0.0,-0.009999997913837431,-0.009999997913837431,0.0,-0.009999997913837431,-0.08000001311302185,-0.030000004917383194,0.0049999989569187156,2.0,10.0,05-08,-0.01375000070159634
02-24,0.050000004470348365,-0.009999997913837431,-0.020000003278255463,-0.04999999888241291,0.0,-0.009999997913837431,-0.009999997913837431,0.0,-0.009999997913837431,-0.14000001549720764,-0.030000004917383194,0.0049999989569187156,2.0,10.0,05-09,-0.01875000090027849
02-25,0.050000004470348365,-0.009999997913837431,-0.020000003278255463,-0.04999999888241291,0.0,0.010000001639127731,-0.009999997913837431,0.0,-0.009999997913837431,-0.15000000596046448,-0.030000004917383194,0.0049999989569187156,3.0,9.0,05-10,-0.017916666809469458
02-26,0.050000004470348365,-0.009999997913837431,-0.020000003278255463,-0.04999999888241291,0.0,0.010000001639127731,-0.009999997913837431,0.0,-0.009999997913837431,-0.15000000596046448,-0.030000004917383194,0.0049999989569187156,3.0,9.0,05-11,-0.017916666809469458
02-27,0.050000004470348365,-0.029999999329447743,-0.020000003278255463,-0.04999999888241291,0.0,-0.03999999910593033,-0.009999997913837431,0.0,-0.009999997913837431,-0.1599999964237213,-0.030000004917383194,0.0049999989569187156,2.0,10.0,05-12,-0.02458333286146323
02-28,0.050000004470348365,-0.009999997913837431,-0.020000003278255463,0.0,0.0,-0.03999999910593033,-0.009999997913837431,0.0,-0.009999997913837431,-0.06999999284744263,-0.030000004917383194,0.0049999989569187156,2.0,10.0,05-13,-0.011249999205271402
02-29,0.0,0.0,0.0,0.0,0.0,0.0,0.0,0.0,0.0,0.0,0.0,0.0049999989569187156,1.0,2.0,05-14,0.0004166665797432264
03-01,0.050000004470348365,-0.009999997913837431,-0.020000003278255463,0.0,0.0,0.0,-0.009999997913837431,0.0,-0.009999997913837431,-0.08999998867511749,-0.030000004917383194,0.0049999989569187156,2.0,10.0,05-15,-0.00958333226541678
03-02,0.050000004470348365,-0.009999997913837431,-0.020000003278255463,0.0,0.0,0.0,-0.009999997913837431,0.0,-0.009999997913837431,-0.030000001192092892,-0.030000004917383194,0.0049999989569187156,2.0,10.0,05-16,-0.004583333308498065
03-03,0.050000004470348365,-0.009999997913837431,-0.020000003278255463,0.0,0.0,0.0,-0.009999997913837431,0.0,-0.009999997913837431,-0.019999995827674862,-0.030000004917383194,0.0049999989569187156,2.0,10.0,05-17,-0.003749999528129896
03-04,0.050000004470348365,-0.009999997913837431,0.0299999937415123,0.0,0.0,0.0,-0.009999997913837431,0.0,-0.009999997913837431,-0.01000000536441803,-0.030000004917383194,0.0049999989569187156,3.0,9.0,05-18,0.0012499994287888212
03-05,0.050000004470348365,-0.009999997913837431,0.0299999937415123,0.0,0.0,-0.03999999910593033,-0.009999997913837431,0.0,-0.009999997913837431,-0.01000000536441803,-0.030000004917383194,-0.06900000013411045,2.0,10.0,05-19,-0.008250000420957805
03-06,-0.040000002831220634,-0.009999997913837431,0.0299999937415123,0.0,0.0,0.0,-0.009999997913837431,0.0,-0.009999997913837431,-0.01000000536441803,-0.030000004917383194,-0.06900000013411045,1.0,11.0,05-20,-0.012416667770594358
03-07,-0.040000002831220634,-0.009999997913837431,0.0299999937415123,0.0,0.0,0.0,-0.009999997913837431,0.0,-0.009999997913837431,0.03999999165534973,-0.030000004917383194,0.0049999989569187156,3.0,9.0,05-21,-0.002083334761361281
03-08,0.10000000149011612,-0.009999997913837431,0.0299999937415123,0.0,0.0,0.0,-0.009999997913837431,0.0,-0.009999997913837431,0.03999999165534973,-0.030000004917383194,0.0049999989569187156,4.0,8.0,05-22,0.00958333226541678
03-09,0.10000000149011612,-0.009999997913837431,0.0299999937415123,0.0,0.0,0.0,-0.009999997913837431,0.0,-0.009999997913837431,0.03999999165534973,-0.030000004917383194,0.0049999989569187156,4.0,8.0,05-23,0.00958333226541678
03-10,0.10000000149011612,-0.009999997913837431,0.0299999937415123,0.0,0.0,0.0,-0.009999997913837431,0.0,-0.009999997913837431,-0.040000006556510925,-0.01000000536441803,0.0049999989569187156,3.0,9.0,05-24,0.0045833323771754895
03-11,0.10000000149011612,-0.009999997913837431,0.0299999937415123,0.0,0.0,0.0,-0.009999997913837431,0.0,-0.009999997913837431,-0.040000006556510925,-0.01000000536441803,0.0049999989569187156,3.0,9.0,05-25,0.0045833323771754895
03-12,0.10000000149011612,0.0,0.0299999937415123,0.0,0.0,0.0,-0.009999997913837431,0.0,-0.009999997913837431,-0.040000006556510925,-0.01000000536441803,0.001999998465180397,3.0,9.0,05-26,0.005166665495683749
03-13,-0.07000000216066837,0.0,0.0299999937415123,0.0,0.0,0.0,-0.009999997913837431,0.0,-0.009999997913837431,-0.04999999701976776,-0.01000000536441803,-0.07000000216066837,1.0,11.0,05-27,-0.01583333406597376
03-14,-0.07000000216066837,0.0,0.0299999937415123,0.0,0.0,0.0,-0.009999997913837431,0.0,-0.009999997913837431,-0.04999999701976776,-0.01000000536441803,-0.07000000216066837,1.0,11.0,05-28,-0.01583333406597376
03-15,-0.07000000216066837,0.0,0.0299999937415123,0.009999999776482582,0.0,0.0,-0.009999997913837431,0.0,-0.009999997913837431,-0.0599999874830246,-0.01000000536441803,-0.07000000216066837,2.0,10.0,05-29,-0.01583333328987161
03-16,-0.07000000216066837,0.0,0.0299999937415123,0.009999999776482582,0.0,0.0,-0.009999997913837431,0.0,-0.009999997913837431,-0.04999999701976776,0.009999997913837431,-0.07000000216066837,3.0,9.0,05-30,-0.013333333811412254
03-17,-0.07000000216066837,0.0,0.0299999937415123,0.009999999776482582,0.0,0.0,-0.009999997913837431,0.0,-0.009999997913837431,-0.009999990463256836,0.009999997913837431,-0.07000000216066837,3.0,9.0,05-31,-0.009999999931703009
03-18,-0.060000002384185784,0.0,0.0299999937415123,0.009999999776482582,0.0,0.0,-0.009999997913837431,0.0,-0.009999997913837431,-0.009999990463256836,0.009999997913837431,0.001999998465180397,4.0,8.0,06-01,-0.003166666564842065
03-19,-0.060000002384185784,0.0,0.0299999937415123,0.009999999776482582,0.0,0.0,-0.009999997913837431,0.0,-0.009999997913837431,-0.009999990463256836,0.009999997913837431,0.001999998465180397,4.0,8.0,06-02,-0.003166666564842065
03-20,-0.060000002384185784,0.0,0.0299999937415123,0.009999999776482582,0.0,0.0,-0.009999997913837431,0.0,-0.009999997913837431,-0.04999999701976776,0.009999997913837431,0.001999998465180397,4.0,8.0,06-03,-0.0065000004445513095
03-21,-0.060000002384185784,0.0,0.0299999937415123,0.009999999776482582,0.0,0.0,-0.009999997913837431,0.0,-0.009999997913837431,-0.019999995827674862,0.009999997913837431,0.011999998241662979,4.0,8.0,06-04,-0.003166667030503353
03-22,-0.060000002384185784,0.0,0.0299999937415123,0.009999999776482582,0.0,0.0,-0.009999997913837431,0.0,-0.009999997913837431,-0.019999995827674862,0.009999997913837431,0.011999998241662979,4.0,8.0,06-05,-0.003166667030503353
03-23,-0.060000002384185784,0.0,0.0299999937415123,0.009999999776482582,0.0,0.0,-0.009999997913837431,0.0,-0.009999997913837431,0.06999999284744263,-0.020000003278255463,0.011999998241662979,4.0,8.0,06-06,0.001833331926415364
03-24,-0.060000002384185784,0.0,0.0299999937415123,0.009999999776482582,0.0,0.0,-0.009999997913837431,0.0,-0.009999997913837431,0.0,-0.020000003278255463,0.01899999938905239,3.0,9.0,06-07,-0.003416667381922404
03-25,-0.060000002384185784,0.029999999329447743,0.0299999937415123,0.009999999776482582,0.0,0.0,-0.009999997913837431,0.0,-0.009999997913837431,0.0,-0.020000003278255463,0.004000000655651093,4.0,8.0,06-08,-0.0021666673322518672
03-26,-0.060000002384185784,0.029999999329447743,0.0299999937415123,0.009999999776482582,0.0,0.0,-0.009999997913837431,0.0,-0.009999997913837431,0.0,-0.020000003278255463,-0.03945000283420086,3.0,9.0,06-09,-0.005787500956406196
03-27,-0.060000002384185784,0.029999999329447743,0.0299999937415123,0.009999999776482582,0.0,0.0,0.0,0.0,-0.009999997913837431,0.03999999165534973,-0.040000002831220634,-0.03945000283420086,4.0,8.0,06-10,-0.0032875017883876962
03-28,-0.060000002384185784,0.029999999329447743,0.0299999937415123,0.009999999776482582,0.0,0.0,0.0,0.0,-0.009999997913837431,0.03999999165534973,-0.040000002831220634,-0.03945000283420086,4.0,8.0,06-11,-0.0032875017883876962
03-29,-0.060000002384185784,0.029999999329447743,0.0299999937415123,0.009999999776482582,0.0,0.0,0.0,0.0,-0.009999997913837431,-0.019999995827674862,-0.027000002562999725,-0.03945000283420086,3.0,9.0,06-12,-0.007204167389621338
03-30,-0.060000002384185784,0.029999999329447743,0.0299999937415123,0.009999999776482582,0.0,0.0,0.0,0.0,0.009999997913837431,-0.03999999165534973,0.0049999989569187156,-0.03945000283420086,5.0,7.0,06-13,-0.004537500596294801
03-31,-0.060000002384185784,0.009999997913837431,-0.060000002384185784,-0.08000000193715097,0.0,0.0,0.0,0.0,0.009999997913837431,-0.03999999165534973,0.0049999989569187156,-0.03945000283420086,3.0,9.0,06-14,-0.021204167200873297
04-01,0.009999999776482582,0.009999997913837431,0.0299999937415123,-0.08000000193715097,0.0,0.0,0.0,0.0,0.009999997913837431,0.0,0.0049999989569187156,-0.03945000283420086,5.0,7.0,06-15,-0.004537501372396946
04-02,-0.11000000685453416,0.009999997913837431,0.0299999937415123,-0.08000000193715097,0.0,0.0,0.0,0.0,0.009999997913837431,0.0,0.0049999989569187156,-0.03945000283420086,4.0,8.0,06-16,-0.014537501924981674
04-03,-0.11000000685453416,0.009999997913837431,0.0299999937415123,-0.08000000193715097,0.0,0.0,0.0,0.0,0.009999997913837431,0.009999990463256836,-0.005000002682209015,-0.03945000283420086,4.0,8.0,06-17,-0.014537502856304247
04-04,-0.11000000685453416,0.009999997913837431,0.0299999937415123,-0.08000000193715097,0.0,0.0,0.0,0.0,0.009999997913837431,0.0,-0.010000001639127731,-0.03945000283420086,3.0,9.0,06-18,-0.015787501974652212
04-05,-0.11000000685453416,0.009999997913837431,0.04999999701976776,-0.08000000193715097,0.0,0.0,0.0,0.0,0.009999997913837431,-0.0599999874830246,-0.009999997913837431,-0.03945000283420086,3.0,9.0,06-19,-0.019120833681275446
04-06,-0.11000000685453416,0.009999997913837431,-0.02000001072883606,-0.08000000193715097,0.0,0.0,0.0,0.0,0.009999997913837431,-0.04999999701976776,-0.009999997913837431,-0.03945000283420086,2.0,10.0,06-20,-0.024120835121721033
04-07,-0.11000000685453416,0.009999997913837431,-0.02000001072883606,-0.08000000193715097,0.0,0.0,0.0,0.0,0.009999997913837431,-0.06999999284744263,-0.009999997913837431,-0.03945000283420086,2.0,10.0,06-21,-0.02578750144069393
04-08,-0.11000000685453416,0.009999997913837431,-0.02000001072883606,-0.08000000193715097,0.0,0.0,0.0,0.0,0.009999997913837431,-0.06999999284744263,-0.009999997913837431,-0.07500000111758709,2.0,10.0,06-22,-0.028750001297642783
04-09,-0.11000000685453416,0.009999997913837431,-0.02000001072883606,-0.08000000193715097,0.0,0.0,0.009999997913837431,0.0,0.009999997913837431,-0.06999999284744263,-0.009999997913837431,-0.07500000111758709,3.0,9.0,06-23,-0.02791666813815634
04-10,-0.11000000685453416,-0.020000001415610317,-0.02000001072883606,-0.08000000193715097,0.0,0.0,0.009999997913837431,0.0,0.009999997913837431,-0.06999999284744263,-0.009999997913837431,-0.07500000111758709,2.0,10.0,06-24,-0.03041666808227698
04-11,-0.11000000685453416,0.009999997913837431,-0.02000001072883606,-0.08000000193715097,0.0,0.0,0.020000003278255463,0.0,0.009999997913837431,-0.060000002384185784,-0.009999997913837431,-0.07500000111758709,3.0,9.0,06-25,-0.026250001819183428
04-12,-0.11000000685453416,0.009999997913837431,-0.02000001072883606,-0.08000000193715097,0.0,0.0,0.020000003278255463,0.0,0.009999997913837431,-0.06999999284744263,-0.009999997913837431,-0.07500000111758709,3.0,9.0,06-26,-0.02708333435778816
04-13,-0.11000000685453416,0.009999997913837431,-0.09000000730156897,-0.08000000193715097,0.0,0.0,0.020000003278255463,0.0,0.009999997913837431,-0.06999999284744263,-0.009999997913837431,-0.07500000111758709,3.0,9.0,06-27,-0.03291666740551591
04-14,0.009999999776482582,0.009999997913837431,0.0,-0.08000000193715097,0.0,0.0,0.020000003278255463,0.0,0.009999997913837431,0.019999995827674862,-0.009999997913837431,-0.07500000111758709,5.0,7.0,06-28,-0.007916667188207308
04-15,-0.11000000685453416,0.009999997913837431,0.0,-0.08000000193715097,0.0,0.0,0.020000003278255463,0.0,0.009999997913837431,0.019999995827674862,-0.009999997913837431,-0.07500000111758709,4.0,8.0,06-29,-0.017916667740792036
04-16,-0.11000000685453416,0.009999997913837431,0.0,-0.08000000193715097,0.0,0.0,0.020000003278255463,0.0,0.009999997913837431,0.019999995827674862,-0.009999997913837431,0.004000000655651093,5.0,7.0,06-30,-0.011333334259688854
04-17,-0.11000000685453416,0.009999997913837431,0.0,-0.08000000193715097,0.0,0.0,0.020000003278255463,0.0,0.009999997913837431,0.019999995827674862,-0.009999997913837431,0.004000000655651093,5.0,7.0,07-01,-0.011333334259688854
04-18,-0.060000002384185784,0.009999997913837431,0.0,-0.08000000193715097,0.0,0.0,0.020000003278255463,0.0,0.009999997913837431,-0.009999990463256836,-0.009999997913837431,0.004000000655651093,4.0,8.0,07-02,-0.0096666660780708
04-19,-0.060000002384185784,0.009999997913837431,0.0,-0.08000000193715097,0.0,0.0,0.020000003278255463,0.0,0.009999997913837431,-0.009999990463256836,-0.011500000953674316,0.004000000655651093,4.0,8.0,07-03,-0.009791666331390541
04-20,-0.060000002384185784,0.009999997913837431,0.0,-0.08000000193715097,0.0,0.0,0.020000003278255463,0.0,0.009999997913837431,-0.009999990463256836,-0.011500000953674316,0.004000000655651093,4.0,8.0,07-04,-0.009791666331390541
04-21,-0.060000002384185784,0.009999997913837431,0.0,-0.08000000193715097,0.0,0.0,0.020000003278255463,0.0,0.009999997913837431,0.030000001192092892,-0.011500000953674316,0.004000000655651093,5.0,7.0,07-05,-0.006458333693444729
04-22,-0.060000002384185784,0.0,0.0,-0.08000000193715097,0.0,0.0,0.020000003278255463,0.0,0.009999997913837431,0.030000001192092892,-0.011500000953674316,0.0,3.0,9.0,07-06,-0.007625000240902106
04-23,-0.060000002384185784,-0.010000001639127731,0.0,-0.08000000193715097,0.0,0.0,0.020000003278255463,0.0,0.009999997913837431,0.030000001192092892,-0.011500000953674316,0.0,3.0,9.0,07-07,-0.008458333710829416
04-24,-0.060000002384185784,-0.010000001639127731,0.0,-0.08000000193715097,0.0,-0.009999997913837431,0.020000003278255463,0.0,0.009999997913837431,-0.030000001192092892,-0.01920000091195106,0.0,2.0,10.0,07-08,-0.014933333732187746
04-25,-0.060000002384185784,-0.010000001639127731,0.0,-0.08000000193715097,0.0,0.0,0.020000003278255463,0.0,0.009999997913837431,-0.04999999701976776,-0.029999999329447743,0.009999999776482582,3.0,9.0,07-09,-0.01583333344509204
04-26,-0.060000002384185784,-0.010000001639127731,0.0,-0.08000000193715097,0.0,0.0,0.020000003278255463,0.0,0.009999997913837431,-0.04999999701976776,-0.029999999329447743,0.009999999776482582,3.0,9.0,07-10,-0.01583333344509204
04-27,-0.060000002384185784,-0.010000001639127731,0.0,-0.08000000193715097,0.0,0.0,0.020000003278255463,0.0,0.009999997913837431,-0.04999999701976776,-0.040000000968575485,0.009999999776482582,3.0,9.0,07-11,-0.016666666915019352
04-28,-0.060000002384185784,-0.010000001639127731,0.0,-0.09000000171363354,0.0,0.0,0.020000003278255463,0.0,0.009999997913837431,-0.09999999403953552,-0.040000000968575485,0.009999999776482582,3.0,9.0,07-12,-0.021666666648040216
04-29,-0.060000002384185784,-0.010000001639127731,0.07000000774860382,-0.09000000171363354,0.0,0.0,0.020000003278255463,0.0,0.009999997913837431,-0.04999999701976776,-0.040000000968575485,0.009999999776482582,4.0,8.0,07-13,-0.011666666250675915
04-30,0.009999999776482582,-0.010000001639127731,0.07000000774860382,-0.09000000171363354,0.0,0.0,0.020000003278255463,0.0,0.009999997913837431,-0.04999999701976776,-0.029999999329447743,-0.0049999989569187156,4.0,8.0,07-14,-0.006249999161809683
05-01,0.009999999776482582,-0.010000001639127731,0.07000000774860382,-0.09000000171363354,0.0,0.0,0.020000003278255463,0.0,0.009999997913837431,0.040000006556510925,-0.029999999329447743,-0.0049999989569187156,5.0,7.0,07-15,0.001250001136213541
05-02,0.009999999776482582,-0.010000001639127731,0.07000000774860382,-0.09000000171363354,0.0,0.0,0.020000003278255463,0.0,0.009999997913837431,-0.009999990463256836,-0.029999999329447743,-0.0049999989569187156,4.0,8.0,07-16,-0.002916665282100439
05-03,0.009999999776482582,-0.010000001639127731,0.07000000774860382,0.0,0.0,0.0,0.020000003278255463,0.0,0.009999997913837431,-0.009999990463256836,-0.009999997913837431,-0.026499999221414328,4.0,8.0,07-17,0.0044583349566285815
05-04,0.009999999776482582,0.009999999776482582,0.07000000774860382,0.0,0.0,0.0,0.020000003278255463,0.0,0.009999997913837431,-0.009999990463256836,-0.009999997913837431,-0.026499999221414328,5.0,7.0,07-18,0.006125001741262774
05-05,0.009999999776482582,-0.010000001639127731,0.07000000774860382,0.0,0.0,0.0,0.020000003278255463,0.0,0.009999997913837431,-0.009999990463256836,-0.009999997913837431,-0.026499999221414328,4.0,8.0,07-19,0.0044583349566285815
05-06,-0.11000000685453416,-0.010000001639127731,0.07000000774860382,0.0,0.0,0.0,0.020000003278255463,0.0,0.009999997913837431,-0.009999990463256836,-0.009999997913837431,-0.026499999221414328,3.0,9.0,07-20,-0.005541665595956147
05-07,-0.11000000685453416,-0.010000001639127731,0.07000000774860382,0.0,0.0,0.0,0.020000003278255463,0.0,0.009999997913837431,-0.009999990463256836,-0.009999997913837431,-0.026499999221414328,3.0,9.0,07-21,-0.005541665595956147
05-08,-0.11000000685453416,-0.010000001639127731,0.07000000774860382,0.0,0.0,0.0,0.020000003278255463,0.0,0.009999997913837431,-0.009999990463256836,-0.009999997913837431,-0.026499999221414328,3.0,9.0,07-22,-0.005541665595956147
05-09,-0.11000000685453416,-0.010000001639127731,0.07000000774860382,0.0,0.0,0.0,0.020000003278255463,0.0,0.009999997913837431,0.0,-0.009999997913837431,-0.026499999221414328,3.0,9.0,07-23,-0.00470833305735141
05-10,-0.11000000685453416,-0.010000001639127731,0.07000000774860382,0.0,0.0,0.0,0.020000003278255463,0.0,0.009999997913837431,0.0,-0.009999997913837431,-0.026499999221414328,3.0,9.0,07-24,-0.00470833305735141
05-11,-0.11000000685453416,0.009999999776482582,0.07000000774860382,0.0,0.0,0.0,0.020000003278255463,0.0,0.009999997913837431,0.01000000536441803,-0.009999997913837431,-0.026499999221414328,5.0,7.0,07-25,-0.002208332492349049
05-12,-0.11000000685453416,-0.010000001639127731,0.07000000774860382,0.0,0.0,0.0,0.020000003278255463,0.0,0.009999997913837431,-0.01000000536441803,-0.009999997913837431,-0.026499999221414328,3.0,9.0,07-26,-0.005541666837719579
05-13,-0.11000000685453416,-0.010000001639127731,0.07000000774860382,0.0,0.0,0.0,0.020000003278255463,0.0,0.009999997913837431,0.0,-0.009999997913837431,-0.026499999221414328,3.0,9.0,07-27,-0.00470833305735141
05-14,-0.11000000685453416,-0.010000001639127731,0.02000001072883606,0.0,0.0,0.0,0.020000003278255463,0.0,0.009999997913837431,0.0,-0.009999997913837431,-0.026499999221414328,3.0,9.0,07-28,-0.00887499947566539
05-15,-0.11000000685453416,-0.010000001639127731,0.02000001072883606,0.0,0.0,0.0,0.020000003278255463,0.0,0.009999997913837431,-0.01000000536441803,-0.009999997913837431,-0.026499999221414328,3.0,9.0,07-29,-0.00970833325603356
05-16,-0.019999999552965164,-0.010000001639127731,0.02000001072883606,0.0,0.0,0.0,0.020000003278255463,0.0,0.009999997913837431,-0.019999995827674862,-0.009999997913837431,-0.026499999221414328,3.0,9.0,07-30,-0.003041665186174214
05-17,-0.019999999552965164,-0.010000001639127731,0.02000001072883606,0.0,0.0,0.0,0.020000003278255463,0.0,0.009999997913837431,-0.019999995827674862,-0.009999997913837431,-0.026499999221414328,3.0,9.0,07-31,-0.003041665186174214
05-18,-0.019999999552965164,-0.010000001639127731,0.02000001072883606,0.0,0.0,0.0,0.020000003278255463,0.0,0.009999997913837431,-0.019999995827674862,-0.009999997913837431,-0.026499999221414328,3.0,9.0,08-01,-0.003041665186174214
05-19,-0.019999999552965164,-0.010000001639127731,-0.06999999657273293,0.0,0.0,0.0,0.020000003278255463,0.0,0.019999999552965164,-0.0599999874830246,-0.0049999989569187156,-0.026499999221414328,2.0,10.0,08-02,-0.012624998382913569
05-20,-0.1600000038743019,-0.010000001639127731,-0.06999999657273293,0.0,0.0,0.0,0.020000003278255463,0.0,0.019999999552965164,-0.0599999874830246,-0.0049999989569187156,-0.026499999221414328,2.0,10.0,08-03,-0.024291665409691632
05-21,-0.1600000038743019,-0.010000001639127731,-0.06999999657273293,0.0,0.0,0.0,0.020000003278255463,0.0,0.019999999552965164,-0.0599999874830246,-0.0049999989569187156,-0.026499999221414328,2.0,10.0,08-04,-0.024291665409691632
05-22,0.1400000024586916,-0.019999999552965164,-0.06999999657273293,0.0,0.0,0.0,0.020000003278255463,0.0,0.019999999552965164,-0.0599999874830246,-0.02499999850988388,-0.026499999221414328,3.0,9.0,08-05,-0.0017916646708423891
05-23,0.1400000024586916,-0.019999999552965164,-0.06999999657273293,0.0,0.0,0.0,0.020000003278255463,0.0,0.019999999552965164,-0.0599999874830246,-0.02499999850988388,-0.024999999441206452,3.0,9.0,08-06,-0.0016666646891583998
05-24,0.1400000024586916,-0.019999999552965164,-0.06999999657273293,-0.009999999776482582,0.0,0.0,0.020000003278255463,0.0,0.019999999552965164,-0.04999999701976776,-0.059999998658895486,-0.024999999441206452,3.0,9.0,08-07,-0.004583332144344847
05-25,0.1400000024586916,-0.019999999552965164,-0.06999999657273293,-0.009999999776482582,0.0,0.0,0.020000003278255463,0.0,0.019999999552965164,-0.0599999874830246,-0.059999998658895486,-0.024999999441206452,3.0,9.0,08-08,-0.005416664682949583
05-26,0.1400000024586916,-0.019999999552965164,-0.06999999657273293,-0.009999999776482582,0.0,0.0,0.020000003278255463,0.0,0.019999999552965164,0.0299999862909317,-0.059999998658895486,-0.024999999441206452,4.0,8.0,08-09,0.0020833331315467754
05-27,0.1400000024586916,-0.019999999552965164,-0.06999999657273293,-0.009999999776482582,0.0,0.0,0.020000003278255463,0.0,0.019999999552965164,0.0299999862909317,-0.059999998658895486,-0.024999999441206452,4.0,8.0,08-10,0.0020833331315467754
05-28,0.130000002682209,-0.019999999552965164,-0.06999999657273293,-0.009999999776482582,0.0,0.0,0.020000003278255463,0.0,0.019999999552965164,0.0299999862909317,-0.059999998658895486,-0.024999999441206452,4.0,8.0,08-11,0.0012499998168398936
05-29,0.130000002682209,-0.019999999552965164,-0.06999999657273293,-0.009999999776482582,0.0,0.0,0.020000003278255463,0.0,0.019999999552965164,0.0299999862909317,-0.03999999910593033,-0.024999999441206452,4.0,8.0,08-12,0.002916666446253657
05-30,0.0,-0.019999999552965164,-0.06999999657273293,-0.009999999776482582,0.0,0.0,0.020000003278255463,0.0,0.019999999552965164,0.0,-0.03999999910593033,-0.024999999441206452,2.0,10.0,08-13,-0.010416665968174735
05-31,0.0,-0.019999999552965164,-0.06999999657273293,-0.009999999776482582,0.0,0.0,0.020000003278255463,0.0,0.019999999552965164,0.0599999874830246,-0.03999999910593033,-0.024999999441206452,3.0,9.0,08-14,-0.00541666701125602
06-01,0.0,-0.019999999552965164,-0.06999999657273293,-0.009999999776482582,0.0,0.0,0.020000003278255463,0.0,0.019999999552965164,0.0599999874830246,-0.03999999910593033,-0.024999999441206452,3.0,9.0,08-15,-0.00541666701125602
06-02,0.0,-0.019999999552965164,-0.06999999657273293,-0.009999999776482582,0.0,0.0,0.020000003278255463,0.0,0.019999999552965164,-0.009999990463256836,-0.03999999910593033,-0.03499999921768904,2.0,10.0,08-16,-0.012083331821486354
06-03,0.0,-0.019999999552965164,-0.06999999657273293,-0.009999999776482582,0.0,0.0,0.020000003278255463,0.0,0.019999999552965164,-0.009999990463256836,-0.03999999910593033,-0.03499999921768904,2.0,10.0,08-17,-0.012083331821486354
06-04,0.0,-0.019999999552965164,-0.06999999657273293,-0.009999999776482582,0.0,0.0,0.020000003278255463,0.0,0.019999999552965164,-0.009999990463256836,-0.03999999910593033,-0.020000000484287742,2.0,10.0,08-18,-0.010833331927036245
06-05,0.08999999612569809,-0.019999999552965164,-0.06999999657273293,-0.009999999776482582,0.0,0.0,0.020000003278255463,0.0,0.019999999552965164,-0.009999990463256836,-0.03999999910593033,-0.020000000484287742,3.0,9.0,08-19,-0.0033333322498947378
06-06,0.08999999612569809,-0.019999999552965164,-0.06999999657273293,-0.009999999776482582,0.0,0.0,0.01000000536441803,0.0,0.019999999552965164,-0.03999999165534973,-0.019999999552965164,-0.020000000484287742,3.0,9.0,08-20,-0.004999998879308502
06-07,0.08999999612569809,-0.019999999552965164,-0.06999999657273293,-0.009999999776482582,0.0,0.0,0.01000000536441803,0.0,0.019999999552965164,-0.03999999165534973,-0.019999999552965164,-0.020000000484287742,3.0,9.0,08-21,-0.004999998879308502
06-08,0.08999999612569809,-0.019999999552965164,-0.06999999657273293,-0.009999999776482582,0.0,0.0,0.01000000536441803,0.0,0.019999999552965164,0.01000000536441803,-0.03499999828636646,-0.020000000484287742,4.0,8.0,08-22,-0.00208333235544463
06-09,0.08999999612569809,-0.019999999552965164,-0.06999999657273293,-0.009999999776482582,0.0,0.0,0.01000000536441803,0.0,0.010000001639127731,0.0,-0.03499999828636646,-0.020000000484287742,3.0,9.0,08-23,-0.0037499992952992525
06-10,0.08999999612569809,-0.019999999552965164,-0.06999999657273293,-0.009999999776482582,0.0,0.0,0.01000000536441803,0.0,0.010000001639127731,0.0,-0.03499999828636646,-0.020000000484287742,3.0,9.0,08-24,-0.0037499992952992525
06-11,0.08999999612569809,-0.019999999552965164,-0.06999999657273293,-0.009999999776482582,0.0,0.04999999701976776,0.01000000536441803,0.0,0.010000001639127731,0.0,-0.03499999828636646,-0.020000000484287742,4.0,8.0,08-25,0.00041666712301472825
06-12,0.08999999612569809,-0.019999999552965164,0.02000001072883606,-0.009999999776482582,0.0,0.04999999701976776,0.01000000536441803,0.0,0.010000001639127731,0.0,-0.03499999828636646,-0.020000000484287742,5.0,7.0,08-26,0.007916667731478809
06-13,0.08999999612569809,-0.019999999552965164,0.02000001072883606,-0.009999999776482582,0.0,0.04999999701976776,0.01000000536441803,0.0,0.010000001639127731,-0.03999999165534973,-0.03499999828636646,-0.020000000484287742,5.0,7.0,08-27,0.004583335093532999
06-14,0.08999999612569809,-0.019999999552965164,0.02000001072883606,-0.009999999776482582,0.0,0.030000001192092892,0.01000000536441803,0.0,0.0,0.009999990463256836,-0.029999999329447743,-0.020000000484287742,5.0,7.0,08-28,0.0066666670609265575
06-15,0.08999999612569809,-0.019999999552965164,0.02000001072883606,-0.009999999776482582,0.0,0.030000001192092892,0.01000000536441803,0.0,0.0,0.0299999862909317,-0.020000001415610317,-0.020000000484287742,5.0,7.0,08-29,0.009166666539385915
06-16,0.08999999612569809,-0.019999999552965164,0.02000001072883606,-0.009999999776482582,0.0,0.030000001192092892,0.01000000536441803,0.0,0.0,0.019999995827674862,-0.020000001415610317,-0.020000000484287742,5.0,7.0,08-30,0.008333334000781178
06-17,0.08999999612569809,-0.019999999552965164,0.02000001072883606,-0.009999999776482582,0.0,0.030000001192092892,0.01000000536441803,0.0,0.030000004917383194,-0.030000001192092892,-0.020000001415610317,-0.020000000484287742,5.0,7.0,08-31,0.006666667992249131
06-18,0.08999999612569809,-0.019999999552965164,0.02000001072883606,-0.009999999776482582,0.0,0.030000001192092892,0.01000000536441803,0.0,0.030000004917383194,-0.030000001192092892,-0.020000001415610317,-0.020000000484287742,5.0,7.0,09-01,0.006666667992249131
06-19,0.08999999612569809,-0.019999999552965164,0.02000001072883606,-0.009999999776482582,0.0,0.030000001192092892,0.01000000536441803,0.0,0.030000004917383194,-0.02000001072883606,-0.020000001415610317,-0.020000000484287742,5.0,7.0,09-02,0.0075000005308538675
06-20,0.08999999612569809,-0.019999999552965164,0.02000001072883606,-0.009999999776482582,0.0,0.030000001192092892,0.01000000536441803,0.0,0.030000004917383194,-0.02000001072883606,-0.020000001415610317,-0.020000000484287742,5.0,7.0,09-03,0.0075000005308538675
06-21,0.08999999612569809,-0.019999999552965164,0.02000001072883606,-0.009999999776482582,0.0,0.030000001192092892,0.01000000536441803,0.0,0.030000004917383194,-0.030000001192092892,-0.020000001415610317,-0.020000000484287742,5.0,7.0,09-04,0.006666667992249131
06-22,0.08999999612569809,0.009999999776482582,0.02000001072883606,-0.009999999776482582,0.0,0.030000001192092892,0.01000000536441803,0.0,0.030000004917383194,0.0,-0.020000001415610317,-0.020000000484287742,6.0,6.0,09-05,0.01166666803571085
06-23,0.08999999612569809,-0.019999999552965164,0.09000000730156897,-0.009999999776482582,0.0,0.030000001192092892,0.0,0.0,0.030000004917383194,0.0,-0.020000001415610317,-0.020000000484287742,4.0,8.0,09-06,0.01416666735894978
06-24,0.08999999612569809,-0.019999999552965164,0.0,-0.009999999776482582,0.0,0.030000001192092892,0.0,0.0,0.030000004917383194,0.0,-0.020000001415610317,-0.020000000484287742,3.0,9.0,09-07,0.0066666667504856995
06-25,0.08999999612569809,-0.019999999552965164,0.0,-0.009999999776482582,0.0,0.030000001192092892,0.0,0.0,0.030000004917383194,0.0,-0.020000001415610317,-0.020000000484287742,3.0,9.0,09-08,0.0066666667504856995
06-26,0.08999999612569809,-0.019999999552965164,0.0,-0.009999999776482582,0.0,0.030000001192092892,0.0,0.0,0.030000004917383194,-0.03999999165534973,-0.020000001415610317,-0.020000000484287742,3.0,9.0,09-09,0.0033333341125398874
06-27,0.08999999612569809,-0.019999999552965164,0.0,-0.009999999776482582,0.0,0.030000001192092892,0.0,0.0,0.030000004917383194,-0.03999999165534973,-0.020000001415610317,-0.020000000484287742,3.0,9.0,09-10,0.0033333341125398874
06-28,0.08999999612569809,-0.019999999552965164,0.0,-0.009999999776482582,0.0,0.030000001192092892,-0.030000004917383194,0.0,0.030000004917383194,0.0,-0.020000001415610317,-0.020000000484287742,3.0,9.0,09-11,0.004166666340703766
06-29,0.08999999612569809,-0.019999999552965164,0.0,-0.009999999776482582,0.0,0.030000001192092892,-0.030000004917383194,0.0,0.030000004917383194,0.0,-0.040000000968575485,-0.020000000484287742,3.0,9.0,09-12,0.002499999711290002
06-30,0.08999999612569809,-0.019999999552965164,0.0,-0.009999999776482582,0.0,0.030000001192092892,-0.030000004917383194,0.0,0.030000004917383194,-0.10999999940395357,-0.040000000968575485,-0.020000000484287742,3.0,9.0,09-13,-0.006666666905706127
07-01,0.08999999612569809,0.009999999776482582,0.0,-0.009999999776482582,0.0,0.030000001192092892,-0.030000004917383194,0.0,0.030000004917383194,-0.030000001192092892,-0.040000000968575485,-0.020000000484287742,4.0,8.0,09-14,0.002499999556069573
07-02,0.08999999612569809,0.0,0.0,-0.009999999776482582,0.0,0.030000001192092892,-0.030000004917383194,0.0,0.030000004917383194,-0.030000001192092892,-0.040000000968575485,-0.020000000484287742,3.0,9.0,09-15,0.001666666241362691
07-03,0.08999999612569809,0.0,0.0,-0.009999999776482582,0.0,0.030000001192092892,-0.030000004917383194,0.0,0.030000004917383194,-0.030000001192092892,-0.040000000968575485,-0.020000000484287742,3.0,9.0,09-16,0.001666666241362691
07-05,0.08999999612569809,-0.009999999776482582,0.0,-0.009999999776482582,0.0,0.030000001192092892,-0.030000004917383194,0.0,0.030000004917383194,0.0,-0.024999999441206452,-0.020000000484287742,3.0,9.0,09-18,0.004583333153277636
07-06,0.08999999612569809,-0.009999999776482582,0.0,-0.009999999776482582,0.0,0.030000001192092892,-0.030000004917383194,0.0,0.030000004917383194,0.0,-0.014999999664723871,-0.020000000484287742,3.0,9.0,09-19,0.005416666467984517
07-07,0.08999999612569809,-0.009999999776482582,0.0,-0.009999999776482582,0.0,0.030000001192092892,-0.030000004917383194,0.0,0.030000004917383194,-0.07000000774860382,-0.014999999664723871,-0.03499999921768904,3.0,9.0,09-20,-0.0016666674055159092
07-08,0.08999999612569809,-0.009999999776482582,0.0,-0.009999999776482582,0.0,0.030000001192092892,-0.030000004917383194,0.0,0.030000004917383194,-0.07000000774860382,-0.014999999664723871,-0.03499999921768904,3.0,9.0,09-21,-0.0016666674055159092
07-09,0.08999999612569809,-0.009999999776482582,0.0,-0.009999999776482582,0.0,0.030000001192092892,-0.020000003278255463,0.0,0.030000004917383194,-0.07000000774860382,-0.014999999664723871,-0.03499999921768904,3.0,9.0,09-22,-0.0008333339355885983
07-10,0.08999999612569809,-0.009999999776482582,0.0,0.0,0.0,0.030000001192092892,-0.020000003278255463,0.0,0.030000004917383194,-0.07000000774860382,-0.014999999664723871,0.027700001373887062,4.0,8.0,09-23,0.005224999428416292
07-11,0.060000002384185784,-0.009999999776482582,0.0,0.0,0.0,0.030000001192092892,-0.020000003278255463,0.0,0.030000004917383194,-0.12000000476837157,-0.014999999664723871,0.029999999329447743,4.0,8.0,09-24,-0.0012499999720603228
07-12,0.060000002384185784,-0.009999999776482582,0.0,0.0,0.0,0.030000001192092892,-0.020000003278255463,0.0,0.030000004917383194,-0.07000000774860382,-0.014999999664723871,0.029999999329447743,4.0,8.0,09-25,0.002916666446253657
07-13,0.060000002384185784,-0.009999999776482582,0.0,0.0,0.0,0.030000001192092892,-0.020000003278255463,0.0,0.030000004917383194,-0.06000000983476639,-0.03500000108033419,0.029999999329447743,4.0,8.0,09-26,0.002083332821105917
07-14,0.060000002384185784,-0.009999999776482582,0.0,0.0,0.0,0.030000001192092892,-0.020000003278255463,0.0,0.030000004917383194,-0.08000000566244125,-0.03500000108033419,0.029999999329447743,4.0,8.0,09-27,0.0004166665021330118
07-15,0.060000002384185784,-0.009999999776482582,0.0,0.0,0.0,0.030000001192092892,-0.020000003278255463,0.0,0.019999999552965164,-0.08000000566244125,-0.03500000108033419,0.051499999593943364,4.0,8.0,09-28,0.0013749994104728105
07-16,0.060000002384185784,-0.009999999776482582,0.0,0.0,0.0,0.030000001192092892,-0.020000003278255463,0.0,0.030000004917383194,-0.08000000566244125,-0.03500000108033419,0.051499999593943364,4.0,8.0,09-29,0.00220833319084098
07-17,0.060000002384185784,-0.009999999776482582,0.0,0.0,0.0,0.030000001192092892,-0.020000003278255463,0.0,0.030000004917383194,-0.08000000566244125,-0.03500000108033419,0.051499999593943364,4.0,8.0,09-30,0.00220833319084098
07-18,0.060000002384185784,-0.009999999776482582,0.0,0.0,0.0,0.030000001192092892,-0.020000003278255463,0.0,0.030000004917383194,-0.08000000566244125,-0.03500000108033419,0.051499999593943364,4.0,8.0,10-01,0.00220833319084098
07-19,0.060000002384185784,-0.009999999776482582,0.0,0.0,0.0,0.030000001192092892,-0.020000003278255463,0.0,0.019999999552965164,-0.040000006556510925,-0.03500000108033419,0.051499999593943364,4.0,8.0,10-02,0.0047083326693003365
07-20,0.060000002384185784,-0.009999999776482582,0.0,0.0,0.0,0.030000001192092892,-0.020000003278255463,0.0,0.0,-0.040000006556510925,-0.03500000108033419,0.051499999593943364,3.0,9.0,10-03,0.003041666039886574
07-21,0.060000002384185784,-0.009999999776482582,0.0,0.0,0.0,0.030000001192092892,-0.020000003278255463,0.0,0.0,-0.040000006556510925,-0.03500000108033419,0.051499999593943364,3.0,9.0,10-04,0.003041666039886574
07-22,0.060000002384185784,-0.009999999776482582,0.0,0.0,0.0,0.030000001192092892,-0.020000003278255463,0.0,0.09000000730156897,-0.040000006556510925,-0.03500000108033419,0.051499999593943364,4.0,8.0,10-05,0.010541666648350656
07-23,0.060000002384185784,0.060000002384185784,0.0,0.0,0.0,0.030000001192092892,-0.020000003278255463,0.0,0.059999998658895486,-0.040000006556510925,-0.03500000108033419,0.051499999593943364,5.0,7.0,10-06,0.013874999441516895
07-24,0.060000002384185784,0.1600000038743019,0.0,0.0,0.0,0.030000001192092892,-0.020000003278255463,0.0,0.059999998658895486,-0.06999999284744263,-0.03500000108033419,0.051499999593943364,5.0,7.0,10-07,0.01970833404144893
07-25,0.060000002384185784,0.1600000038743019,0.0,0.0,0.0,0.030000001192092892,-0.020000003278255463,0.0,0.059999998658895486,-0.07999999821186066,-0.03500000108033419,0.051499999593943364,5.0,7.0,10-08,0.01887500026108076
07-26,0.060000002384185784,0.1600000038743019,0.0,0.0,0.0,0.030000001192092892,-0.01000000536441803,0.0,0.0,-0.07999999821186066,-0.03500000108033419,0.051499999593943364,4.0,8.0,10-09,0.014708333532325925
07-27,0.060000002384185784,0.1600000038743019,0.0,0.0,0.0,0.030000001192092892,-0.01000000536441803,0.0,0.010000001639127731,-0.06999999284744263,-0.03500000108033419,0.051499999593943364,5.0,7.0,10-10,0.016375000782621402
07-28,0.060000002384185784,0.4699999913573265,0.0,0.0,0.0,0.030000001192092892,-0.01000000536441803,0.0,0.010000001639127731,-0.06999999284744263,-0.03500000108033419,0.051499999593943364,5.0,7.0,10-11,0.04220833307287345
07-29,0.060000002384185784,0.4699999913573265,0.09000000730156897,0.0,0.0,0.030000001192092892,-0.01000000536441803,0.0,0.0,-0.06999999284744263,-0.03500000108033419,0.051499999593943364,5.0,7.0,10-12,0.048875000211410224
07-30,0.060000002384185784,0.4699999913573265,0.09000000730156897,0.0,0.0,0.030000001192092892,-0.01000000536441803,0.0,0.0,-0.06999999284744263,-0.03500000108033419,0.051499999593943364,5.0,7.0,10-13,0.048875000211410224
07-31,0.0,0.4699999913573265,0.09000000730156897,0.0,0.0,0.030000001192092892,-0.01000000536441803,0.0,0.0,-0.030000001192092892,-0.0400000000372529,0.051499999593943364,4.0,8.0,10-14,0.04679166607093066
08-01,-0.130000002682209,0.4699999913573265,0.09000000730156897,0.0,0.0,0.030000001192092892,-0.01000000536441803,0.0,0.0,-0.08000000566244125,-0.0400000000372529,0.051499999593943364,4.0,8.0,10-15,0.03179166547488421
08-02,-0.130000002682209,0.4699999913573265,0.09000000730156897,0.0,0.0,0.030000001192092892,-0.01000000536441803,0.0,0.0,0.009999990463256836,-0.0400000000372529,0.051499999593943364,5.0,7.0,10-16,0.03929166515202572
08-03,-0.130000002682209,0.4699999913573265,0.09000000730156897,0.0,0.0,0.030000001192092892,-0.01000000536441803,0.020000003278255463,0.0,-0.07000000774860382,0.18000000342726707,0.051499999593943364,6.0,6.0,10-17,0.05262499919626862
08-04,-0.130000002682209,0.4699999913573265,0.09000000730156897,0.0,0.0,0.030000001192092892,-0.01000000536441803,0.020000003278255463,0.0,-0.07000000774860382,0.18000000342726707,0.049999999813735485,6.0,6.0,10-18,0.05249999921458463
08-05,-0.130000002682209,0.4699999913573265,0.09000000730156897,0.0,0.0,0.030000001192092892,-0.01000000536441803,0.020000003278255463,-0.010000001639127731,-0.07000000774860382,0.18000000342726707,0.049999999813735485,6.0,6.0,10-19,0.051666665744657315
08-06,-0.130000002682209,0.4699999913573265,0.09000000730156897,0.0,0.0,0.030000001192092892,-0.01000000536441803,0.030000001192092892,-0.010000001639127731,-0.07000000774860382,0.18000000342726707,0.0005000000819563867,6.0,6.0,10-20,0.04837499892649552
08-07,-0.130000002682209,0.4699999913573265,0.09000000730156897,0.0,0.0,0.030000001192092892,-0.01000000536441803,0.030000001192092892,-0.010000001639127731,-0.09999999403953552,0.009999999776482582,0.0005000000819563867,6.0,6.0,10-21,0.03170833309801916
08-08,-0.130000002682209,0.4699999913573265,0.09000000730156897,0.0,0.0,0.030000001192092892,-0.01000000536441803,0.030000001192092892,-0.010000001639127731,-0.09999999403953552,-0.009999999776482582,0.0005000000819563867,5.0,7.0,10-22,0.0300416664686054
08-09,-0.130000002682209,0.4699999913573265,0.09000000730156897,0.0,0.0,0.030000001192092892,-0.01000000536441803,0.030000001192092892,-0.010000001639127731,-0.05000001192092896,-0.009999999776482582,0.0005000000819563867,5.0,7.0,10-23,0.034208331645155944
08-10,-0.130000002682209,0.4699999913573265,0.09000000730156897,0.0,0.0,0.030000001192092892,-0.01000000536441803,0.030000001192092892,0.0,-0.10999999940395357,-0.009999999776482582,0.0005000000819563867,5.0,7.0,10-24,0.030041666158164542
08-11,0.0,0.4699999913573265,0.09000000730156897,0.0,0.0,0.030000001192092892,-0.01000000536441803,0.030000001192092892,0.0,-0.10999999940395357,-0.009999999776482582,0.0005000000819563867,5.0,7.0,10-25,0.040874999715015285
08-12,0.0,0.4699999913573265,0.09000000730156897,0.0,0.0,0.030000001192092892,-0.01000000536441803,0.030000001192092892,0.0,-0.10999999940395357,-0.009999999776482582,0.0005000000819563867,5.0,7.0,10-26,0.040874999715015285
08-13,0.0,0.4699999913573265,0.09000000730156897,0.0,0.0,0.030000001192092892,-0.01000000536441803,0.030000001192092892,-0.010000001639127731,-0.10999999940395357,-0.009999999776482582,0.0005000000819563867,5.0,7.0,10-27,0.04004166624508798
08-14,0.0,0.4699999913573265,0.0,0.0,0.0,0.030000001192092892,-0.01000000536441803,0.030000001192092892,-0.010000001639127731,-0.10000000894069673,-0.009999999776482582,0.0005000000819563867,4.0,8.0,10-28,0.03337499817522863
08-15,-0.08999999612569809,0.4699999913573265,0.0,0.0,0.0,0.030000001192092892,-0.01000000536441803,0.030000001192092892,-0.010000001639127731,-0.10000000894069673,-0.009999999776482582,0.0005000000819563867,4.0,8.0,10-29,0.025874998498087127
08-16,-0.08999999612569809,0.4699999913573265,0.0,0.0,0.0,0.030000001192092892,-0.020000003278255463,0.030000001192092892,0.0,-0.07000000774860382,-0.009999999776482582,0.0005000000819563867,4.0,8.0,10-30,0.028374998907869063
08-17,-0.08999999612569809,0.4699999913573265,0.09000000730156897,0.0,0.0,0.030000001192092892,-0.020000003278255463,0.08000000566244125,0.0,-0.07000000774860382,-0.009999999776482582,0.0005000000819563867,5.0,7.0,10-31,0.040041666555528835
08-18,-0.08999999612569809,0.4699999913573265,0.09000000730156897,0.0,0.0,0.030000001192092892,-0.020000003278255463,0.08000000566244125,0.0,-0.07000000774860382,-0.009999999776482582,0.0005000000819563867,5.0,7.0,11-01,0.040041666555528835
08-19,-0.08999999612569809,0.4699999913573265,0.09000000730156897,0.0,0.0,0.030000001192092892,-0.020000003278255463,0.08000000566244125,0.0,-0.07000000774860382,-0.009999999776482582,0.0005000000819563867,5.0,7.0,11-02,0.040041666555528835
08-20,-0.08999999612569809,0.4699999913573265,0.09000000730156897,0.0,0.0,0.030000001192092892,-0.020000003278255463,0.08000000566244125,0.0,-0.07000000774860382,0.0,0.0005000000819563867,5.0,7.0,11-03,0.04087499987023572
08-21,-0.0299999937415123,0.4699999913573265,0.09000000730156897,0.0,0.0,-0.019999995827674862,-0.020000003278255463,0.08000000566244125,0.0,-0.07000000774860382,0.0,0.0005000000819563867,4.0,8.0,11-04,0.04170833365060389
08-22,-0.0299999937415123,0.4699999913573265,0.09000000730156897,0.0,0.0,-0.019999995827674862,-0.020000003278255463,0.08000000566244125,0.0,-0.07000000774860382,0.0,0.0005000000819563867,4.0,8.0,11-05,0.04170833365060389
08-23,-0.08999999612569809,0.4699999913573265,0.09000000730156897,0.0,0.0,-0.019999995827674862,-0.020000003278255463,0.08000000566244125,0.0,-0.07000000774860382,-0.007999999448657036,0.0005000000819563867,4.0,8.0,11-06,0.03604166683120032
08-24,-0.08999999612569809,0.4699999913573265,0.0,0.0,0.0,-0.019999995827674862,-0.020000003278255463,0.08000000566244125,0.010000001639127731,-0.07999999821186066,-0.007999999448657036,0.0005000000819563867,4.0,8.0,11-07,0.028541667154058814
08-25,-0.08999999612569809,0.4699999913573265,0.0,0.0,0.0,-0.019999995827674862,-0.020000003278255463,0.08000000566244125,0.019999999552965164,-0.07999999821186066,-0.007999999448657036,0.0005000000819563867,4.0,8.0,11-08,0.029375000313545268
08-26,-0.08999999612569809,0.4699999913573265,-0.09000000730156897,0.0,0.0,0.0,-0.020000003278255463,0.08000000566244125,0.019999999552965164,-0.07999999821186066,-0.007999999448657036,0.0005000000819563867,4.0,8.0,11-09,0.02354166602405409
08-27,-0.08999999612569809,0.4699999913573265,-0.09000000730156897,0.0,0.0,0.0,-0.020000003278255463,0.08000000566244125,0.019999999552965164,-0.07999999821186066,-0.007999999448657036,0.0005000000819563867,4.0,8.0,11-10,0.02354166602405409
08-28,-0.08999999612569809,0.4699999913573265,-0.09000000730156897,0.0,0.0,0.0,-0.020000003278255463,0.08000000566244125,0.019999999552965164,-0.07999999821186066,-0.007999999448657036,0.0005000000819563867,4.0,8.0,11-11,0.02354166602405409
08-29,-0.08999999612569809,0.4699999913573265,-0.09000000730156897,0.0,0.0,0.0,-0.020000003278255463,0.08000000566244125,-0.01000000536441803,-0.030000001192092892,-0.007999999448657036,0.0005000000819563867,3.0,9.0,11-12,0.025208332032586142
08-30,-0.08999999612569809,0.4699999913573265,-0.09000000730156897,0.0,0.0,0.0,-0.020000003278255463,0.08000000566244125,-0.01000000536441803,-0.030000001192092892,0.07000000216066837,0.0005000000819563867,4.0,8.0,11-13,0.03170833216669658
08-31,-0.08999999612569809,0.4699999913573265,-0.09000000730156897,0.0,0.0,0.0,-0.020000003278255463,0.08000000566244125,-0.01000000536441803,-0.05000001192092896,0.07000000216066837,0.0005000000819563867,4.0,8.0,11-14,0.03004166460596025
09-01,-0.08999999612569809,0.4699999913573265,-0.09000000730156897,0.0,0.0,0.0,-0.020000003278255463,0.08000000566244125,-0.01000000536441803,-0.05000001192092896,0.07000000216066837,0.0005000000819563867,4.0,8.0,11-15,0.03004166460596025
09-02,-0.08999999612569809,0.4699999913573265,-0.09000000730156897,0.0,0.0,0.0,-0.020000003278255463,-0.010000001639127731,-0.01000000536441803,-0.05000001192092896,0.07000000216066837,0.0005000000819563867,3.0,9.0,11-16,0.02254166399749617
09-03,-0.08999999612569809,0.2900000140070915,-0.09000000730156897,0.0,0.0,0.0,-0.020000003278255463,-0.010000001639127731,-0.01000000536441803,-0.05000001192092896,0.07000000216066837,0.0005000000819563867,3.0,9.0,11-17,0.0075416658849765845
09-04,-0.08999999612569809,0.21000000089406967,-0.09000000730156897,0.0,0.0,0.0,-0.020000003278255463,-0.010000001639127731,-0.01000000536441803,-0.05000001192092896,0.07000000216066837,0.0005000000819563867,3.0,9.0,11-18,0.0008749981255580982
09-05,-0.08999999612569809,0.21000000089406967,-0.09000000730156897,0.0,0.0,0.0,-0.020000003278255463,-0.010000001639127731,-0.01000000536441803,-0.05000001192092896,0.07000000216066837,0.0005000000819563867,3.0,9.0,11-19,0.0008749981255580982
09-06,-0.08999999612569809,0.21000000089406967,-0.09000000730156897,0.0,0.0,0.0,-0.020000003278255463,-0.010000001639127731,-0.01000000536441803,-0.05000001192092896,0.07000000216066837,0.0005000000819563867,3.0,9.0,11-20,0.0008749981255580982
09-07,-0.08999999612569809,0.21000000089406967,-0.09000000730156897,0.0,0.0,0.0,-0.020000003278255463,-0.010000001639127731,-0.01000000536441803,-0.05000001192092896,0.07000000216066837,0.0005000000819563867,3.0,9.0,11-21,0.0008749981255580982
09-08,-0.08999999612569809,0.21000000089406967,-0.09000000730156897,0.0,0.0,0.0,-0.020000003278255463,-0.010000001639127731,-0.01000000536441803,-0.05000001192092896,0.07000000216066837,0.0005000000819563867,3.0,9.0,11-22,0.0008749981255580982
09-09,-0.08999999612569809,0.21000000089406967,-0.09000000730156897,0.0,0.0,0.0,0.010000001639127731,-0.010000001639127731,-0.01000000536441803,-0.05000001192092896,0.07000000216066837,0.0005000000819563867,4.0,8.0,11-23,0.0033749985353400307
09-10,-0.08999999612569809,0.21000000089406967,-0.09000000730156897,0.0,0.0,0.0,0.010000001639127731,-0.010000001639127731,0.009999997913837431,-0.05000001192092896,0.09000000171363354,0.0005000000819563867,5.0,7.0,11-24,0.006708332104608417
09-11,-0.08999999612569809,0.21000000089406967,-0.09000000730156897,0.0,0.0,0.0,0.010000001639127731,-0.010000001639127731,0.009999997913837431,0.019999995827674862,0.09000000171363354,0.0005000000819563867,6.0,6.0,11-25,0.012541666083658734
09-12,-0.08999999612569809,0.21000000089406967,-0.09000000730156897,0.0,0.0,0.0,0.010000001639127731,-0.010000001639127731,0.009999997913837431,-0.060000002384185784,0.09000000171363354,0.0005000000819563867,5.0,7.0,11-26,0.005874999566003679
09-13,-0.08999999612569809,0.21000000089406967,-0.09000000730156897,0.0,0.0,0.0,0.010000001639127731,-0.010000001639127731,0.009999997913837431,-0.060000002384185784,0.09000000171363354,0.0005000000819563867,5.0,7.0,11-27,0.005874999566003679
09-14,-0.08999999612569809,0.21000000089406967,-0.09000000730156897,0.0,0.0,0.0,0.010000001639127731,-0.010000001639127731,0.009999997913837431,-0.05000001192092896,0.09500000160187484,0.0005000000819563867,5.0,7.0,11-28,0.007124998761961858
09-15,-0.08999999612569809,0.22000000067055225,-0.09000000730156897,0.0,0.0,0.0,0.010000001639127731,-0.010000001639127731,0.009999997913837431,-0.05000001192092896,0.09500000160187484,0.0005000000819563867,5.0,7.0,11-29,0.007958332076668741
09-16,-0.08999999612569809,0.22000000067055225,-0.09000000730156897,0.0,0.0,0.0,0.010000001639127731,-0.010000001639127731,0.009999997913837431,-0.09000000357627869,0.09500000160187484,0.0005000000819563867,5.0,7.0,11-30,0.004624999438722928
09-17,-0.08999999612569809,0.22000000067055225,-0.09000000730156897,0.0,0.0,0.0,0.010000001639127731,-0.010000001639127731,0.019999995827674862,-0.09000000357627869,0.08500000182539225,0.0005000000819563867,5.0,7.0,12-01,0.0046249992835025
09-18,-0.08999999612569809,0.22000000067055225,-0.09000000730156897,0.0,0.0,0.0,0.0,-0.010000001639127731,0.019999995827674862,-0.019999995827674862,0.08500000182539225,-0.04720000177621842,3.0,9.0,12-02,0.005649999637777607
09-19,-0.07999999448657036,0.22000000067055225,-0.09000000730156897,0.0,0.0,0.019999995827674862,0.0,-0.010000001639127731,0.019999995827674862,-0.019999995827674862,0.08500000182539225,-0.04720000177621842,4.0,8.0,12-03,0.008149999426677823
09-20,-0.07999999448657036,0.22000000067055225,-0.09000000730156897,0.0,0.0,0.019999995827674862,0.0,-0.010000001639127731,0.019999995827674862,-0.019999995827674862,0.08500000182539225,-0.04720000177621842,4.0,8.0,12-04,0.008149999426677823
09-21,-0.07999999448657036,0.22000000067055225,-0.09000000730156897,0.0,0.0,0.019999995827674862,0.0,-0.010000001639127731,0.019999995827674862,-0.019999995827674862,0.08500000182539225,-0.04720000177621842,4.0,8.0,12-05,0.008149999426677823
09-22,-0.05000000074505806,0.22000000067055225,-0.09000000730156897,0.0,0.0,0.019999995827674862,0.0,-0.019999999552965164,0.019999995827674862,-0.0299999937415123,0.08500000182539225,-0.0494999997317791,4.0,8.0,12-06,0.008791666089867553
09-23,-0.05000000074505806,0.22000000067055225,-0.09000000730156897,0.0,0.0,0.019999995827674862,0.0,-0.019999999552965164,0.019999995827674862,-0.0299999937415123,0.08500000182539225,-0.0494999997317791,4.0,8.0,12-07,0.008791666089867553
09-24,-0.05000000074505806,0.20999999530613425,-0.09000000730156897,0.0,0.0,0.019999995827674862,0.0,-0.019999999552965164,0.019999995827674862,-0.0299999937415123,0.08500000182539225,-0.0494999997317791,4.0,8.0,12-08,0.007958332309499383
09-25,-0.05000000074505806,0.20999999530613425,-0.09000000730156897,0.0,0.0,0.019999995827674862,0.0,-0.019999999552965164,0.019999995827674862,-0.009999997913837431,0.08500000182539225,-0.0494999997317791,4.0,8.0,12-09,0.009624998628472287
09-26,-0.05000000074505806,0.20999999530613425,-0.09000000730156897,0.0,0.0,0.019999995827674862,0.0,-0.019999999552965164,0.030000001192092892,-0.009999997913837431,0.08500000182539225,-0.0494999997317791,4.0,8.0,12-10,0.010458332408840457
09-27,-0.05000000074505806,0.20999999530613425,-0.09000000730156897,0.0,0.0,0.0,0.0,-0.019999999552965164,0.019999995827674862,-0.020000003278255463,0.0070000002160668364,-0.0494999997317791,3.0,9.0,12-11,0.0006249983950207629
09-28,-0.05000000074505806,0.20999999530613425,-0.09000000730156897,0.0,0.0,0.0,0.0,-0.019999999552965164,0.030000001192092892,-0.060000002384185784,0.0070000002160668364,-0.0494999997317791,3.0,9.0,12-12,-0.0018750010834385948
09-29,-0.05000000074505806,0.20999999530613425,-0.09000000730156897,0.0,0.0,0.0,0.0,-0.019999999552965164,0.05000000074505806,0.01000000536441803,0.0070000002160668364,-0.0494999997317791,4.0,8.0,12-13,0.005624999525025487
09-30,-0.05000000074505806,0.20999999530613425,-0.09000000730156897,0.0,0.0,0.0,0.0,-0.019999999552965164,0.059999998658895486,0.01000000536441803,0.0070000002160668364,-0.0494999997317791,4.0,8.0,12-14,0.00645833268451194
10-01,-0.05000000074505806,0.20999999530613425,-0.09000000730156897,0.0,0.0,0.0,0.0,-0.019999999552965164,0.059999998658895486,0.01000000536441803,0.0070000002160668364,-0.0494999997317791,4.0,8.0,12-15,0.00645833268451194
10-02,-0.060000002384185784,0.13999999314546585,-0.09000000730156897,0.0,0.0,0.0,0.0,-0.019999999552965164,0.059999998658895486,0.01000000536441803,0.08500000182539225,-0.0494999997317791,4.0,8.0,12-16,0.0062916658353060475
10-03,-0.060000002384185784,0.13999999314546585,-0.09000000730156897,0.009999999776482582,0.0,0.0,0.0,-0.019999999552965164,-0.03000000864267349,0.01000000536441803,0.0070000002160668364,-0.0494999997317791,4.0,8.0,12-17,-0.0068750015925616035
10-04,-0.060000002384185784,0.13999999314546585,-0.09000000730156897,0.009999999776482582,0.0,0.0,0.0,-0.019999999552965164,0.0,0.01000000536441803,0.0070000002160668364,-0.0494999997317791,4.0,8.0,12-18,-0.004375000872338812
10-05,-0.060000002384185784,0.03999999165534973,-0.09000000730156897,0.009999999776482582,0.0,0.0,0.0,-0.019999999552965164,0.059999998658895486,-0.01000000536441803,0.0070000002160668364,-0.0494999997317791,4.0,8.0,12-19,-0.009375002002343535
10-06,-0.060000002384185784,0.03999999165534973,-0.09000000730156897,0.009999999776482582,0.0,0.0,0.0,-0.019999999552965164,0.04999999701976776,-0.02000001072883606,0.0070000002160668364,-0.0494999997317791,4.0,8.0,12-20,-0.011041669252639016
10-07,-0.060000002384185784,-0.2699999958276749,-0.09000000730156897,0.009999999776482582,0.0,0.0,-0.009999997913837431,-0.019999999552965164,0.030000001192092892,-0.02000001072883606,0.0070000002160668364,-0.0494999997317791,3.0,9.0,12-21,-0.03937500102135042
10-08,-0.060000002384185784,-0.4499999918043613,-0.09000000730156897,0.009999999776482582,0.0,0.0,-0.009999997913837431,-0.019999999552965164,0.130000002682209,-0.02000001072883606,0.0070000002160668364,-0.0494999997317791,3.0,9.0,12-22,-0.04604166722856462
10-09,-0.060000002384185784,-0.4499999918043613,-0.09000000730156897,0.009999999776482582,0.0,0.0,-0.009999997913837431,-0.019999999552965164,0.130000002682209,-0.02000001072883606,0.0070000002160668364,-0.0494999997317791,3.0,9.0,12-23,-0.04604166722856462
10-10,0.0,-0.4499999918043613,-0.09000000730156897,0.009999999776482582,0.0,0.0,-0.009999997913837431,-0.019999999552965164,0.130000002682209,-0.02000001072883606,0.08500000182539225,-0.0494999997317791,3.0,9.0,12-24,-0.03454166689577202
10-11,0.0,-0.4499999918043613,-0.09000000730156897,0.009999999776482582,0.0,0.0,-0.009999997913837431,-0.019999999552965164,0.130000002682209,0.0299999937415123,0.08500000182539225,-0.0494999997317791,4.0,8.0,12-25,-0.030374999856576324
10-12,0.0,-0.4499999918043613,-0.09000000730156897,0.009999999776482582,0.0,0.0,-0.009999997913837431,-0.019999999552965164,0.5799999758601189,-0.060000002384185784,0.08500000182539225,-0.0494999997317791,3.0,9.0,12-26,-0.00037500176889201003
10-13,0.0,-0.20999997854232788,-0.09000000730156897,0.009999999776482582,0.0,0.0,-0.009999997913837431,-0.040000002831220634,0.16999999433755875,0.019999995827674862,0.08500000182539225,-0.0494999997317791,4.0,8.0,12-27,-0.00954166621280213
10-14,0.0,-0.20999997854232788,-0.09000000730156897,0.009999999776482582,0.0,0.0,-0.009999997913837431,-0.040000002831220634,0.4700000211596489,-0.03999999910593033,0.08500000182539225,-0.0494999997317791,3.0,9.0,12-28,0.010458336444571614
10-15,0.0,-0.20999997854232788,-0.09000000730156897,0.009999999776482582,0.0,0.0,-0.009999997913837431,-0.040000002831220634,0.4800000116229057,-0.03999999910593033,-0.10000000149011612,-0.0494999997317791,2.0,10.0,12-29,-0.00412499795978268
10-16,0.0,-0.2199999988079071,-0.09000000730156897,0.009999999776482582,0.0,0.0,-0.009999997913837431,-0.040000002831220634,0.4800000116229057,-0.03999999910593033,-0.1750000026077032,0.0,2.0,10.0,12-30,-0.007083333097398281
10-17,0.0,-0.4099999889731407,-0.09000000730156897,0.009999999776482582,0.0,0.0,-0.009999997913837431,-0.040000002831220634,0.4900000132620335,-0.03999999910593033,-0.0049999989569187156,0.0,2.0,10.0,12-31,-0.00791666517034173
10-18,0.0,-0.4099999889731407,-0.09000000730156897,0.009999999776482582,0.0,0.0,-0.009999997913837431,-0.05000000074505806,0.4900000132620335,-0.03999999910593033,-0.0049999989569187156,0.0,2.0,10.0,01-01,-0.00874999832982818
10-19,0.0,-0.4099999889731407,-0.09000000730156897,0.009999999776482582,0.009999999776482582,0.0,-0.009999997913837431,-0.05000000074505806,0.4900000132620335,-0.0599999949336052,-0.0049999989569187156,0.0,3.0,9.0,01-02,-0.009583331334094206
10-20,0.0,-0.4099999889731407,-0.09000000730156897,0.009999999776482582,0.0,0.0,-0.009999997913837431,-0.05000000074505806,0.5300000235438347,-0.0599999949336052,-0.0049999989569187156,0.0,2.0,10.0,01-03,-0.0070833304586509875
10-21,0.0,-0.4099999889731407,-0.09000000730156897,0.009999999776482582,0.0,0.0,-0.009999997913837431,-0.05000000074505806,0.3799999877810478,-0.0599999949336052,-0.0049999989569187156,0.0,2.0,10.0,01-04,-0.019583333438883226
10-22,0.0,-0.3099999874830246,-0.09000000730156897,0.009999999776482582,0.0,0.0,-0.009999997913837431,-0.05000000074505806,0.3799999877810478,-0.0599999949336052,-0.0049999989569187156,0.0,2.0,10.0,01-05,-0.011249999981373549
10-23,0.0,-0.3099999874830246,-0.09000000730156897,0.009999999776482582,0.0,0.0,-0.009999997913837431,-0.05000000074505806,0.3799999877810478,-0.0599999949336052,-0.0049999989569187156,0.0,2.0,10.0,01-06,-0.011249999981373549
10-24,0.0,-0.25999999046325684,-0.09000000730156897,0.009999999776482582,0.0,0.0,-0.009999997913837431,-0.05000000074505806,0.3799999877810478,-0.0599999949336052,-0.0049999989569187156,0.0,2.0,10.0,01-07,-0.007083333563059568
10-25,0.0,-0.25999999046325684,-0.09000000730156897,0.009999999776482582,0.0,0.0,-0.009999997913837431,-0.05000000074505806,0.340000007301569,-0.0599999949336052,-0.0049999989569187156,0.0,2.0,10.0,01-08,-0.010416665269682804
10-26,0.0,-0.25999999046325684,0.0,0.009999999776482582,0.0,0.0,-0.009999997913837431,-0.05000000074505806,0.3399999961256981,-0.06999999657273293,-0.0049999989569187156,0.0,2.0,10.0,01-09,-0.003749999062468608
10-27,0.0,-0.25999999046325684,-0.09000000730156897,0.009999999776482582,0.0,0.0,-0.009999997913837431,-0.10000000521540643,0.3000000044703484,-0.06999999657273293,-0.0049999989569187156,0.0,2.0,10.0,01-10,-0.0187499993480742
10-28,0.0,-0.25999999046325684,-0.09000000730156897,0.009999999776482582,0.0,0.0,0.0,-0.10000000521540643,0.33000000566244125,-0.06999999657273293,-0.0049999989569187156,0.0,2.0,10.0,01-11,-0.015416666089246668
10-29,0.0,-0.25999999046325684,-0.09000000730156897,0.009999999776482582,0.0,0.0,0.0,-0.10000000521540643,0.2799999937415123,-0.06999999657273293,-0.0049999989569187156,0.0,2.0,10.0,01-12,-0.019583333749324083
10-30,0.0,-0.25999999046325684,-0.09000000730156897,0.009999999776482582,0.0,0.0,0.0,-0.10000000521540643,0.2799999937415123,-0.06999999657273293,-0.0049999989569187156,0.0,2.0,10.0,01-13,-0.019583333749324083
10-31,-0.060000002384185784,-0.25999999046325684,-0.09000000730156897,0.009999999776482582,0.0,0.0,0.0,-0.10000000521540643,0.2799999937415123,-0.0299999937415123,-0.0049999989569187156,0.0,2.0,10.0,01-14,-0.021250000378737848
11-01,-0.060000002384185784,-0.25999999046325684,-0.09000000730156897,0.009999999776482582,0.0,-0.009999997913837431,0.0,-0.10000000521540643,0.2799999937415123,-0.0299999937415123,-0.007999999448657036,0.0,2.0,10.0,01-15,-0.02233333357920249
11-02,-0.060000002384185784,-0.25999999046325684,-0.09000000730156897,0.009999999776482582,0.0,-0.009999997913837431,0.0,-0.10000000521540643,0.33000000566244125,-0.0299999937415123,0.0,0.0,2.0,10.0,01-16,-0.017499999298403658
11-03,-0.060000002384185784,-0.25999999046325684,-0.09000000730156897,0.009999999776482582,0.0,-0.009999997913837431,0.0,-0.10000000521540643,0.27000000327825546,-0.0299999937415123,0.0,0.0,2.0,10.0,01-17,-0.02249999949708581
11-04,0.0,-0.25999999046325684,-0.09000000730156897,0.009999999776482582,0.0,-0.009999997913837431,0.0,-0.10000000521540643,0.2500000149011612,-0.0299999937415123,0.0,0.0,2.0,10.0,01-18,-0.01916666499649485
11-05,0.0,-0.25999999046325684,0.0,0.009999999776482582,0.0,-0.009999997913837431,0.0,-0.10000000521540643,0.20999999344348907,-0.0299999937415123,0.0,0.0,2.0,10.0,01-19,-0.014999999509503445
11-06,0.0,-0.4499999918043613,0.0,0.009999999776482582,0.0,-0.009999997913837431,0.0,-0.10000000521540643,0.20999999344348907,-0.0299999937415123,0.0,0.0,2.0,10.0,01-20,-0.030833332954595487
11-07,0.0,-0.25999999046325684,0.0,0.009999999776482582,0.0,-0.009999997913837431,0.0,-0.10000000521540643,0.20999999344348907,-0.0299999937415123,0.0,0.0,2.0,10.0,01-21,-0.014999999509503445
11-08,0.0,-0.25999999046325684,0.0,0.009999999776482582,0.0,-0.009999997913837431,0.0,-0.10000000521540643,0.2200000137090683,-0.0299999937415123,0.0,0.0,2.0,10.0,01-22,-0.014166664487371841
11-09,0.0,-0.25999999046325684,0.0,0.009999999776482582,0.0,-0.009999997913837431,0.0,-0.10000000521540643,0.2200000137090683,-0.0299999937415123,-0.07800000160932541,0.0,2.0,10.0,01-23,-0.02066666462148229
11-10,0.0,-0.25999999046325684,0.0,0.009999999776482582,0.0,-0.009999997913837431,0.0,-0.10000000521540643,0.2200000137090683,-0.0299999937415123,-0.07750000059604645,0.0,2.0,10.0,01-24,-0.020624997870375708
11-11,0.019999999552965164,-0.25999999046325684,0.0,0.009999999776482582,0.0,-0.009999997913837431,0.0,-0.10000000521540643,0.2200000137090683,-0.0299999937415123,-0.07750000059604645,0.0,3.0,9.0,01-25,-0.01895833124096195
11-12,0.019999999552965164,-0.25999999046325684,0.0,0.009999999776482582,0.0,-0.009999997913837431,0.0,-0.009999997913837431,0.12000000476837157,-0.0299999937415123,-0.07750000059604645,0.0,3.0,9.0,01-26,-0.019791664710889258
11-13,0.019999999552965164,-0.08000001311302185,0.0,0.009999999776482582,0.0,-0.009999997913837431,0.0,-0.009999997913837431,0.12000000476837157,-0.0299999937415123,-0.07750000059604645,0.0,3.0,9.0,01-27,-0.0047916665983696784
11-14,0.019999999552965164,-0.08000001311302185,0.0,0.009999999776482582,0.0,-0.009999997913837431,0.0,-0.009999997913837431,0.12000000476837157,-0.0299999937415123,-0.07750000059604645,0.0,3.0,9.0,01-28,-0.0047916665983696784
11-15,0.019999999552965164,-0.08000001311302185,0.0,0.009999999776482582,0.0,-0.009999997913837431,0.0,-0.009999997913837431,0.12000000476837157,-0.0299999937415123,-0.07750000059604645,0.0,3.0,9.0,01-29,-0.0047916665983696784
11-16,0.019999999552965164,0.0,0.0,0.009999999776482582,0.0,-0.009999997913837431,0.0,-0.009999997913837431,0.12000000476837157,-0.0299999937415123,0.0,0.0,3.0,9.0,01-30,0.008333334544052681
11-17,0.019999999552965164,-0.04999999701976776,0.0,0.009999999776482582,0.0,-0.009999997913837431,0.0,-0.009999997913837431,0.07000000774860382,-0.0299999937415123,0.0,0.0,3.0,9.0,01-31,1.7074247201283772e-09
11-18,0.019999999552965164,-0.04999999701976776,0.0,0.009999999776482582,0.0,-0.009999997913837431,0.0,-0.009999997913837431,0.12000000476837157,-0.0299999937415123,0.0,0.0,3.0,9.0,02-01,0.0041666681257387
11-19,0.019999999552965164,-0.04999999701976776,0.0,0.009999999776482582,0.0,-0.009999997913837431,0.0,-0.009999997913837431,0.15000000596046448,-0.0299999937415123,0.0,0.0,3.0,8.0,02-02,0.006666668225079775
11-20,0.019999999552965164,-0.04999999701976776,0.0,0.009999999776482582,0.0,-0.009999997913837431,0.0,-0.009999997913837431,0.15000000596046448,-0.0299999937415123,0.0,0.0,3.0,8.0,02-03,0.006666668225079775
11-21,0.019999999552965164,-0.04999999701976776,0.0,0.009999999776482582,0.0,-0.009999997913837431,0.0,-0.009999997913837431,0.130000002682209,-0.0299999937415123,-0.07500000111758709,0.0,3.0,8.0,02-04,-0.0012499988079071045
11-22,0.019999999552965164,-0.04999999701976776,0.0,0.009999999776482582,0.0,-0.009999997913837431,0.0,-0.009999997913837431,0.130000002682209,-0.0299999937415123,-0.07500000111758709,0.0,3.0,8.0,02-05,-0.0012499988079071045
11-23,0.019999999552965164,-0.04999999701976776,0.0,0.009999999776482582,0.0,-0.009999997913837431,0.0,-0.009999997913837431,0.10000000149011612,-0.0299999937415123,-0.07500000111758709,0.0,3.0,8.0,02-06,-0.003749998907248179
11-24,0.019999999552965164,-0.1900000013411045,0.0,0.009999999776482582,0.0,-0.009999997913837431,0.0,-0.009999997913837431,0.08999999612569809,-0.0299999937415123,-0.07500000111758709,0.0,3.0,8.0,02-07,-0.01624999971439441
11-25,0.019999999552965164,-0.09999999403953552,0.0,0.009999999776482582,0.0,-0.009999997913837431,0.0,-0.009999997913837431,0.119999997317791,-0.0299999937415123,-0.07500000111758709,0.0,3.0,8.0,02-08,-0.006249999006589254
11-26,0.019999999552965164,-0.17999999970197678,0.0,0.009999999776482582,0.0,-0.009999997913837431,0.0,-0.009999997913837431,0.019999995827674862,-0.0299999937415123,-0.07500000111758709,0.0,3.0,8.0,02-09,-0.0212499996026357
11-27,-0.009999999776482582,-0.060000002384185784,0.0,0.009999999776482582,0.0,-0.009999997913837431,0.0,-0.009999997913837431,0.019999995827674862,-0.0299999937415123,-0.07500000111758709,0.0,2.0,9.0,02-10,-0.013749999770273766
11-28,-0.009999999776482582,-0.060000002384185784,0.0,0.009999999776482582,0.0,-0.009999997913837431,0.0,-0.009999997913837431,0.019999995827674862,0.009999997913837431,0.0,0.0,3.0,8.0,02-11,-0.004166667039195697
11-29,0.019999999552965164,-0.060000002384185784,0.0,0.009999999776482582,0.15000000223517418,-0.0299999937415123,0.0,-0.009999997913837431,0.019999995827674862,0.009999997913837431,0.0,0.0,5.0,6.0,02-12,0.009166666772216558
11-30,0.019999999552965164,-0.060000002384185784,0.0,0.009999999776482582,0.16999999806284904,-0.03999999910593033,0.0,0.0,0.09000000357627869,0.009999997913837431,0.0,0.0,5.0,6.0,02-13,0.01666666644935806
12-01,0.009999997913837431,-0.060000002384185784,0.0,0.009999999776482582,0.030000001192092892,-0.03999999910593033,0.0,0.0,0.09999999403953552,0.009999997913837431,-0.07500000111758709,0.0,5.0,6.0,02-14,-0.0012500009809931119
12-02,0.009999997913837431,-0.060000002384185784,0.0,0.009999999776482582,0.030000001192092892,-0.03999999910593033,0.0,0.009999997913837431,0.10999999940395357,0.009999997913837431,-0.07500000111758709,0.0,6.0,5.0,02-15,0.00041666595886151003
12-03,0.009999997913837431,-0.060000002384185784,0.0,0.009999999776482582,0.030000001192092892,-0.03999999910593033,0.0,0.009999997913837431,0.04999999701976776,0.009999997913837431,-0.07500000111758709,0.0,6.0,5.0,02-16,-0.00458333423982064
12-04,0.009999997913837431,-0.04999999701976776,0.0,0.009999999776482582,0.030000001192092892,-0.03999999910593033,0.0,0.009999997913837431,0.04999999701976776,0.009999997913837431,-0.07500000111758709,0.0,6.0,5.0,02-17,-0.0037500004594524703
12-05,0.009999997913837431,-0.04999999701976776,0.0,0.009999999776482582,0.03999999910593033,-0.03999999910593033,0.0,0.009999997913837431,0.04999999701976776,0.009999997913837431,-0.07500000111758709,0.0,6.0,5.0,02-18,-0.0029166672999660173
12-06,0.009999997913837431,-0.04999999701976776,0.0,0.009999999776482582,0.08000000193715097,-0.03999999910593033,0.0,0.009999997913837431,0.04999999701976776,0.009999997913837431,-0.07500000111758709,0.0,6.0,5.0,02-19,0.00041666626930236816
12-07,0.009999997913837431,-0.04999999701976776,0.0,0.009999999776482582,0.1899999938905239,-0.03999999910593033,0.0,0.009999997913837431,0.04999999701976776,0.020000003278255463,0.0030000004917383194,0.0,7.0,4.0,02-20,0.0169166661798954
12-08,0.009999997913837431,-0.04999999701976776,0.0,0.009999999776482582,0.08000000193715097,-0.03999999910593033,0.0,0.009999997913837431,0.04999999701976776,0.020000003278255463,0.0030000004917383194,0.0,7.0,4.0,02-21,0.007750000183780988
12-09,0.009999997913837431,-0.13999999314546585,0.0,0.009999999776482582,0.08000000193715097,-0.020000003278255463,0.0,0.009999997913837431,0.060000002384185784,0.01000000536441803,0.0030000004917383194,0.0,7.0,4.0,02-22,0.0019166674464941023
12-10,0.009999997913837431,-0.13999999314546585,0.0,0.009999999776482582,0.08000000193715097,-0.020000003278255463,0.0,0.009999997913837431,0.060000002384185784,0.01000000536441803,0.0030000004917383194,0.0,7.0,4.0,02-23,0.0019166674464941023
12-11,0.009999997913837431,-0.13999999314546585,0.0,0.009999999776482582,0.08000000193715097,-0.020000003278255463,0.0,0.009999997913837431,0.060000002384185784,-0.060000002384185784,0.0030000004917383194,0.0,6.0,5.0,02-24,-0.003916666532556215
12-12,0.019999999552965164,-0.13999999314546585,0.0,0.009999999776482582,0.059999998658895486,-0.020000003278255463,0.0,0.009999997913837431,0.050000004470348365,-0.060000002384185784,-0.07500000111758709,0.0,5.0,6.0,02-25,-0.012083333296080431
12-13,0.019999999552965164,-0.13999999314546585,0.0,0.0,0.059999998658895486,-0.020000003278255463,0.0,0.009999997913837431,0.050000004470348365,-0.060000002384185784,0.0030000004917383194,0.0,5.0,6.0,02-26,-0.006416666476676862
12-14,0.019999999552965164,-0.13999999314546585,0.0,0.0,0.03999999910593033,-0.020000003278255463,0.0,0.009999997913837431,0.15000001341104507,-0.060000002384185784,0.0030000004917383194,0.0,5.0,6.0,02-27,0.0002500009723007679
12-15,0.019999999552965164,-0.13999999314546585,0.0,0.0,0.03999999910593033,-0.020000003278255463,0.0,0.009999997913837431,0.21000001579523087,-0.03999999165534973,0.0030000004917383194,0.0,5.0,6.0,02-28,0.006916668731719256
12-16,0.019999999552965164,-0.13999999314546585,0.0,0.0,0.03999999910593033,-0.020000003278255463,0.0,0.009999997913837431,0.2200000062584877,-0.03999999165534973,0.0030000004917383194,0.0,5.0,6.0,03-01,0.007750001270323992
12-17,0.019999999552965164,-0.13999999314546585,-0.04999999888241291,0.0,0.03999999910593033,-0.020000003278255463,0.0,0.009999997913837431,0.130000002682209,-0.03999999165534973,0.0030000004917383194,0.0,5.0,6.0,03-02,-0.0039166656012336425
12-18,0.019999999552965164,0.040000002831220634,-0.04999999888241291,0.0,0.08999999985098839,-0.020000003278255463,0.0,0.009999997913837431,0.130000002682209,-0.03999999165534973,0.0030000004917383194,0.0,6.0,5.0,03-03,0.01525000079224507
12-19,0.019999999552965164,0.040000002831220634,-0.04999999888241291,0.0,0.08999999985098839,-0.020000003278255463,0.0,0.009999997913837431,0.14999999850988388,-0.03999999165534973,0.0030000004917383194,0.0,6.0,5.0,03-04,0.016916667111217976
12-20,0.019999999552965164,0.040000002831220634,-0.04999999888241291,0.0,0.05000000074505806,-0.020000003278255463,0.0,0.009999997913837431,0.0599999874830246,-0.03999999165534973,-0.07500000111758709,0.0,5.0,6.0,03-05,-0.00041666720062494283
12-21,0.019999999552965164,0.040000002831220634,-0.04999999888241291,0.0,0.05000000074505806,-0.020000003278255463,0.0,0.009999997913837431,-0.3999999761581421,-0.03999999165534973,-0.07500000111758709,0.0,4.0,7.0,03-06,-0.0387499975040555
12-22,0.019999999552965164,-0.20000001043081286,-0.04999999888241291,0.0,0.08999999985098839,-0.020000003278255463,0.0,0.009999997913837431,0.01000000536441803,-0.03999999165534973,-0.07500000111758709,0.0,4.0,7.0,03-07,-0.021250000223517414
12-23,0.019999999552965164,-0.20000001043081286,-0.04999999888241291,0.0,0.08999999985098839,-0.020000003278255463,0.0,0.009999997913837431,-0.2900000214576721,-0.03999999165534973,-0.07500000111758709,0.0,3.0,8.0,03-08,-0.0462500024586916
12-24,0.019999999552965164,-0.20000001043081286,-0.04999999888241291,0.0,0.08999999985098839,-0.020000003278255463,0.0,0.009999997913837431,-0.3400000184774399,-0.03999999165534973,-0.07500000111758709,0.0,3.0,8.0,03-09,-0.050416668877005584
12-26,0.019999999552965164,-0.20000001043081286,-0.04999999888241291,0.0,0.05000000074505806,-0.020000003278255463,0.0,0.009999997913837431,-0.3400000184774399,0.020000003278255463,0.07399999909102918,0.0,5.0,6.0,03-11,-0.03633333587398132
12-27,0.019999999552965164,-0.20000001043081286,-0.04999999888241291,0.0,0.05000000074505806,-0.020000003278255463,0.0,0.009999997913837431,-0.3500000089406967,0.020000003278255463,0.0,0.0,4.0,7.0,03-12,-0.04333333500350515
12-28,0.019999999552965164,-0.1899999901652336,-0.04999999888241291,0.0,0.040000000968575485,-0.020000003278255463,0.0,0.009999997913837431,-0.3500000089406967,0.020000003278255463,0.0,0.0,4.0,7.0,03-13,-0.04333333329608043
12-29,0.019999999552965164,0.0,-0.04999999888241291,0.0,0.040000000968575485,-0.020000003278255463,0.0,0.009999997913837431,-0.320000022649765,0.020000003278255463,0.0,0.0,4.0,7.0,03-14,-0.02500000192473332
12-30,0.019999999552965164,0.0,-0.04999999888241291,0.0,0.040000000968575485,-0.020000003278255463,0.0,0.009999997913837431,-0.1599999964237213,0.020000003278255463,0.0,0.0,4.0,7.0,03-15,-0.011666666405896343
12-31,0.019999999552965164,0.0,-0.04999999888241291,0.0,0.05000000074505806,-0.020000003278255463,0.0,0.009999997913837431,-0.1599999964237213,0.020000003278255463,0.0,0.0,4.0,7.0,03-16,-0.010833333091189465
