,2009,2010,2011,2012,2013,2014,2015,2016,2017,2018,2019,2020,ups,downs,end_day_sum,avg
01-02,0.01180000021122396,-0.00399999984074384,0.0,0.00020000000949949023,0.0015000000275904313,0.00029999995604157453,0.0,0.003900000127032399,-0.0009200004860758779,-0.004599999636411667,0.009999999776482582,0.049499998800456524,7.0,5.0,03-17,0.005639999912091298
01-03,0.01180000021122396,-0.00399999984074384,0.0,0.00020000000949949023,0.0015000000275904313,0.00029999995604157453,0.0,0.010020000161603091,-0.0009200004860758779,-0.004599999636411667,0.0149999987334013,0.05449999775737524,7.0,5.0,03-18,0.006983333074458642
01-04,0.01180000021122396,-0.00399999984074384,0.0,0.00020000000949949023,0.0015000000275904313,0.00029999995604157453,0.0,0.010020000161603091,-0.0009200004860758779,-0.0007499996572732924,0.009999999776482582,0.05449999775737524,7.0,5.0,03-19,0.00688749982631028
01-05,0.01180000021122396,-0.00399999984074384,0.0,0.00020000000949949023,0.0015000000275904313,0.00029999995604157453,0.0,0.010020000161603091,-0.0009200004860758779,-0.0007499996572732924,0.015000002458691597,0.05449999775737524,7.0,5.0,03-20,0.0073041667164943655
01-06,0.01180000021122396,-0.00399999984074384,0.0,0.00020000000949949023,0.0015000000275904313,0.00029999995604157453,0.0,0.010699999751523135,-0.0009200004860758779,-0.0007499996572732924,0.015000002458691597,0.05449999775737524,7.0,5.0,03-21,0.007360833348987701
01-07,0.01180000021122396,-0.00399999984074384,0.0,0.00020000000949949023,0.0015000000275904313,0.00029999995604157453,0.0,0.010699999751523135,-0.0009200004860758779,-0.0007499996572732924,0.015000002458691597,0.05449999775737524,7.0,5.0,03-22,0.007360833348987701
01-08,0.01180000021122396,-0.00399999984074384,0.0,0.00020000000949949023,0.0015000000275904313,0.00029999995604157453,0.0,0.01040000026114285,-0.0009200004860758779,-0.0007499996572732924,0.015000002458691597,0.05449999775737524,7.0,5.0,03-23,0.007335833391456011
01-09,0.01180000021122396,-0.00399999984074384,0.0,0.00020000000949949023,0.0015000000275904313,0.00029999995604157453,0.0,0.01040000026114285,-0.0009200004860758779,-0.0007499996572732924,0.02000000141561032,0.05449999775737524,7.0,5.0,03-24,0.007752499971199238
01-10,0.01929999957792461,-0.00399999984074384,0.0,0.00020000000949949023,0.0015000000275904313,0.00029999995604157453,0.0,0.01040000026114285,-0.0009200004860758779,-0.0007499996572732924,0.015000000596046446,0.05449999775737524,7.0,5.0,03-25,0.007960833183460636
01-11,0.04930000077001751,-0.00399999984074384,0.0,0.00020000000949949023,0.0015000000275904313,0.00029999995604157453,0.0,0.01040000026114285,-0.0009200004860758779,-0.0007499996572732924,0.015000000596046446,0.034500001929700375,7.0,5.0,03-26,0.008794166963828806
01-12,0.04930000077001751,-0.00399999984074384,0.0,0.00020000000949949023,0.0015000000275904313,0.00029999995604157453,0.0,0.01040000026114285,-0.0009200004860758779,-0.0007499996572732924,0.015000000596046446,0.01949999947100877,7.0,5.0,03-27,0.007544166758937838
01-13,0.04930000077001751,-0.00399999984074384,0.0,0.00020000000949949023,0.0015000000275904313,0.00029999995604157453,0.0,0.01040000026114285,-0.0009200004860758779,-0.0007499996572732924,0.015000000596046446,0.01949999947100877,7.0,5.0,03-28,0.007544166758937838
01-14,0.04930000077001751,-0.00399999984074384,0.0,0.0,0.0015000000275904313,0.00029999995604157453,0.0,0.007899999851360917,0.0,-0.0007499996572732924,0.015000000596046446,0.014999999664723871,6.0,6.0,03-29,0.0070208334473136355
01-15,0.04930000077001751,-0.00399999984074384,0.0,0.0,0.0015000000275904313,0.00029999995604157453,0.0,0.007899999851360917,0.0,-0.0007499996572732924,0.02500000037252903,0.004999999888241291,6.0,6.0,03-30,0.0070208334473136355
01-16,0.04930000077001751,-0.00439999985974282,0.0,0.0,0.0015000000275904313,0.00029999995604157453,0.0,0.007899999851360917,0.0,-0.0007499996572732924,0.02500000037252903,0.004999999888241291,6.0,6.0,03-31,0.006987500112397053
01-17,0.04930000077001751,-0.00439999985974282,0.0,0.0,0.0015000000275904313,0.00029999995604157453,0.0,0.007899999851360917,0.0,-0.0007499996572732924,0.02500000037252903,0.004999999888241291,6.0,6.0,04-01,0.006987500112397053
01-18,0.04930000077001751,-0.00439999985974282,0.0,0.0,0.0015000000275904313,0.0,0.0,0.007899999851360917,0.0,-0.004599999636411667,0.029999999329447743,0.004999999888241291,5.0,7.0,04-02,0.007058333364208617
01-19,0.04930000077001751,-0.00439999985974282,0.0,0.0,0.0015000000275904313,0.0,0.0,0.007899999851360917,0.0,-0.004599999636411667,0.02500000037252903,0.004999999888241291,5.0,7.0,04-03,0.006641666784465389
01-20,0.04930000077001751,-0.00439999985974282,0.0,0.0,0.0015000000275904313,0.0,0.0,0.007899999851360917,0.0,-0.004599999636411667,0.02500000037252903,0.004999999888241291,5.0,7.0,04-04,0.006641666784465389
01-21,0.04930000077001751,-0.00439999985974282,0.0,0.0,0.0015000000275904313,0.0,0.0,0.006899999687448144,0.0,-0.004599999636411667,0.02500000037252903,0.004999999888241291,5.0,7.0,04-05,0.006558333437472659
01-22,0.04930000077001751,-0.0004000000189989805,0.0,0.0,0.0015000000275904313,0.0,0.0,0.007899999851360917,0.0,-0.004599999636411667,0.02500000037252903,0.05150000099092722,5.0,7.0,04-06,0.010850000196417872
01-23,0.04930000077001751,-0.0004000000189989805,0.0,0.0,0.0015000000275904313,0.0,0.0,0.007899999851360917,0.0,-0.004599999636411667,0.02500000037252903,0.04770000092685223,5.0,7.0,04-07,0.010533333524411622
01-24,0.04930000077001751,-0.0004000000189989805,0.0,0.0,0.0015000000275904313,0.0,0.0,0.007899999851360917,0.0,-0.004599999636411667,0.02500000037252903,0.031200001016259193,5.0,7.0,04-08,0.009158333531862205
01-25,0.04930000077001751,-0.0004000000189989805,0.0,0.0,0.0015000000275904313,0.0,0.0,0.007899999851360917,0.0,-0.004599999636411667,0.015000000596046446,0.031200001016259193,5.0,7.0,04-09,0.00832500021715532
01-26,0.04930000077001751,-0.0004000000189989805,0.0,0.0,0.0,0.0,0.0,0.007899999851360917,0.0,-0.004599999636411667,0.02500000037252903,0.031200001016259193,4.0,8.0,04-10,0.009033333529563
01-27,0.04930000077001751,-0.0004000000189989805,0.0,0.0,0.0,0.0,0.0,0.0064999996684491634,0.0,-0.004599999636411667,0.02500000037252903,0.031200001016259193,4.0,8.0,04-11,0.008916666847653687
01-28,0.04930000077001751,-0.0004000000189989805,0.0,0.0,0.0,0.0,0.0,0.0064999996684491634,0.0,-0.004599999636411667,0.02500000037252903,0.031200001016259193,4.0,8.0,04-12,0.008916666847653687
01-29,0.04930000077001751,-0.0004000000189989805,0.0,0.0,0.0,0.0,0.0,0.0064999996684491634,0.0,-0.004599999636411667,0.02500000037252903,0.031200001016259193,4.0,8.0,04-13,0.008916666847653687
01-30,0.04930000077001751,-0.0004000000189989805,0.0,0.0,0.0,0.0,0.0,0.0064999996684491634,0.0,-0.004599999636411667,0.02500000037252903,0.031200001016259193,4.0,8.0,04-14,0.008916666847653687
01-31,0.04930000077001751,-0.0004000000189989805,0.0,0.0,0.0,0.0,0.0,0.0064999996684491634,0.0,-0.004599999636411667,0.02500000037252903,0.03000000119209289,4.0,8.0,04-15,0.008816666862306496
02-01,0.04930000077001751,-0.0004000000189989805,0.0,0.0,0.0,-0.0018000002019107344,0.0,0.0064999996684491634,0.0,0.0,0.02500000037252903,0.02000000141561032,4.0,8.0,04-16,0.008216666833808025
02-02,0.04930000077001751,-0.0004000000189989805,0.0,0.0,0.0,-0.0018000002019107344,0.0,0.0064999996684491634,0.0,0.0,0.02500000037252903,0.02000000141561032,4.0,8.0,04-17,0.008216666833808025
02-03,0.04930000077001751,-0.0004000000189989805,0.0,0.0,0.0,-0.0018000002019107344,0.0,0.011399999726563692,0.008999999612569809,0.0,0.02500000037252903,0.02000000141561032,5.0,7.0,04-18,0.009375000139698386
02-04,0.04930000077001751,-0.0004000000189989805,0.0,0.0,0.0,-0.0018000002019107344,0.0,0.011499999556690454,0.008999999612569809,0.0,0.02500000037252903,0.02000000141561032,5.0,7.0,04-19,0.009383333458875615
02-05,0.04930000077001751,-0.0004000000189989805,0.0,0.0,0.0,-0.0018000002019107344,0.0,0.011499999556690454,0.008999999612569809,0.0,0.02500000037252903,0.02000000141561032,5.0,7.0,04-20,0.009383333458875615
02-06,0.04930000077001751,-0.0004000000189989805,0.0,0.0,0.0,-0.0018000002019107344,0.0,0.011499999556690454,0.008999999612569809,0.0,0.019999999552965164,0.02000000141561032,5.0,7.0,04-21,0.008966666723911961
02-07,0.04930000077001751,-0.0004000000189989805,0.0,0.0,0.0,-0.0018000002019107344,0.0,0.011499999556690454,0.008999999612569809,0.0,0.017000000923871994,0.07000000216066837,5.0,7.0,04-22,0.012883333566909036
02-08,0.04930000077001751,-0.0004000000189989805,0.0,0.0,0.0,-0.0018000002019107344,0.0,0.011499999556690454,0.008999999612569809,0.0,0.017000000923871994,0.07000000216066837,5.0,7.0,04-23,0.012883333566909036
02-09,0.04930000077001751,-0.0004000000189989805,0.0,0.0,0.0,-0.0018000002019107344,0.0,0.011499999556690454,0.008999999612569809,0.0,0.013999998569488524,0.07000000216066837,5.0,7.0,04-24,0.012633333370710412
02-10,0.04930000077001751,-0.0004000000189989805,0.0,0.0,0.0,-0.0018000002019107344,0.0,0.010999999474734068,0.008999999612569809,0.0,0.013999998569488524,0.07000000216066837,5.0,7.0,04-25,0.012591666697214048
02-11,0.04930000077001751,-0.0004000000189989805,0.0,0.0,0.0,-0.0018000002019107344,0.0,0.01599999936297536,0.008999999612569809,0.0,0.013999998569488524,0.07000000216066837,5.0,7.0,04-26,0.013008333354567487
02-12,0.04930000077001751,-0.0004000000189989805,0.0,0.0,0.0,-0.0018000002019107344,0.0,0.01599999936297536,0.008999999612569809,0.0,0.013999998569488524,0.03499999828636646,5.0,7.0,04-27,0.010091666365042329
02-13,0.04930000077001751,-0.0004000000189989805,0.0,0.0,0.0,-0.0018000002019107344,0.0,0.01599999936297536,0.008999999612569809,0.0,0.013999998569488524,0.03499999828636646,5.0,7.0,04-28,0.010091666365042329
02-14,0.04930000077001751,-0.0004000000189989805,0.0,0.0,0.0,-0.0018000002019107344,0.0,0.01599999936297536,0.008999999612569809,0.0,0.017999999225139618,0.03499999828636646,5.0,7.0,04-29,0.010424999753013251
02-15,0.04930000077001751,-0.0004000000189989805,0.0,0.0,0.0,-0.0018000002019107344,0.0,0.01599999936297536,0.008999999612569809,0.004399999976158142,0.017999999225139618,0.03499999828636646,6.0,6.0,04-30,0.0107916664176931
02-16,0.04930000077001751,-0.0004000000189989805,0.0,0.0,0.0,-0.0018000002019107344,0.0,0.01599999936297536,0.008999999612569809,0.004399999976158142,0.0029999986290931697,0.02500000037252903,6.0,6.0,05-01,0.008708333208536109
02-17,0.04930000077001751,-0.0004000000189989805,0.0,0.0,0.0,-0.0018000002019107344,0.0,0.004999999888241291,0.008999999612569809,0.004399999976158142,0.0029999986290931697,0.02500000037252903,6.0,6.0,05-02,0.007791666585641603
02-18,0.04930000077001751,0.0,0.0,0.0,0.0,-0.0018000002019107344,0.0,0.0139999995008111,0.008999999612569809,0.0,0.0029999986290931697,0.02500000037252903,5.0,7.0,05-03,0.00820833322359249
02-19,0.04930000077001751,0.0,0.0,0.0,0.0,-0.0018000002019107344,0.0,0.012999999336898329,0.008999999612569809,0.0,0.0029999986290931697,0.09259999729692936,5.0,7.0,05-04,0.01375833295363312
02-20,0.04930000077001751,0.0,0.0,0.0,0.0,0.0,0.0,0.012999999336898329,0.008999999612569809,0.0,0.0029999986290931697,0.08900000341236591,5.0,7.0,05-05,0.013608333480078729
02-21,0.04930000077001751,0.0,0.0,0.0,0.0,0.0,0.0,0.012999999336898329,0.008999999612569809,0.0,0.0029999986290931697,0.03000000119209289,5.0,7.0,05-06,0.008691666628389308
02-22,0.04930000077001751,0.0,0.0,0.0,0.0,0.0,0.0,0.012999999336898329,0.008999999612569809,0.0,0.0029999986290931697,0.03000000119209289,5.0,7.0,05-07,0.008691666628389308
02-23,0.04930000077001751,0.0,0.0,0.0,0.0,0.0,0.0,0.0139999995008111,0.008999999612569809,0.0,0.0029999986290931697,0.03000000119209289,5.0,7.0,05-08,0.008774999975382041
02-24,0.044000000692904,0.0,0.0,0.0,0.0,0.0,0.0,0.0139999995008111,0.008999999612569809,0.0,0.0029999986290931697,0.03000000119209289,5.0,7.0,05-09,0.00833333330228925
02-25,0.0139999995008111,0.0,0.0,0.0,0.0,0.0,0.0,0.0139999995008111,0.008999999612569809,0.0,0.0029999986290931697,0.03000000119209289,5.0,7.0,05-10,0.005833333202948173
02-26,0.0139999995008111,0.0,0.0,0.0,0.0,0.0,0.0,0.015150000341236591,0.008999999612569809,0.0,0.0029999986290931697,0.05000000447034837,5.0,7.0,05-11,0.007595833546171586
02-27,0.0139999995008111,0.0,0.0,0.0,0.0,0.0,0.0,0.008999999612569809,0.008999999612569809,0.0,-0.007000001147389412,0.03000000119209289,4.0,8.0,05-12,0.00458333323088785
02-28,0.0139999995008111,0.0,0.0,0.0,0.0,0.0,0.0,0.01900000032037497,0.008999999612569809,0.0,-0.007000001147389412,0.03000000119209289,4.0,8.0,05-13,0.0054166666232049465
02-29,0.0,0.0,0.0,0.0,0.0,0.0,0.0,0.01900000032037497,0.0,0.0,0.0,0.019999999552965164,2.0,1.0,05-14,0.003249999989445011
03-01,0.0139999995008111,0.0,0.0,0.0,0.0,0.0,0.0,0.01900000032037497,0.008999999612569809,0.0,-0.007000001147389412,0.019999999552965164,4.0,8.0,05-15,0.004583333153277636
03-02,0.0139999995008111,0.0,0.0,0.0,0.0,0.0,0.0,0.01900000032037497,0.008999999612569809,0.0,-0.016499999910593033,0.019999999552965164,4.0,8.0,05-16,0.0037916665896773343
03-03,0.007499999366700648,0.0,0.0,0.0,0.0,0.0,0.0,0.01900000032037497,0.008999999612569809,0.0,-0.016499999910593033,0.019999999552965164,4.0,8.0,05-17,0.0032499999118347964
03-04,0.007499999366700648,0.0004000000189989805,0.0,0.0,0.0,0.0,0.0,0.01900000032037497,0.008999999612569809,0.0,-0.016499999910593033,0.019999999552965164,5.0,7.0,05-18,0.0032833332467513787
03-05,0.007499999366700648,0.0004000000189989805,0.0,0.0,0.0,0.0,0.0,0.01900000032037497,0.008999999612569809,0.0,-0.016499999910593033,0.019999999552965164,5.0,7.0,05-19,0.0032833332467513787
03-06,0.007499999366700648,0.0004000000189989805,0.0,0.0,0.0,0.0,0.0,0.01900000032037497,0.008999999612569809,0.0,-0.016499999910593033,0.006000000983476639,5.0,7.0,05-20,0.0021166666992940013
03-07,0.007499999366700648,0.0004000000189989805,0.0,0.0,0.0,0.0,0.0,0.01900000032037497,0.008999999612569809,0.0,-0.019499998539686203,0.0010000020265579224,5.0,7.0,05-21,0.0014500002337930102
03-08,0.007499999366700648,0.0004000000189989805,0.0,0.0,0.0,0.0,0.0,0.01900000032037497,0.008999999612569809,0.0,-0.019499998539686203,0.0010000020265579224,5.0,7.0,05-22,0.0014500002337930102
03-09,0.007499999366700648,0.0004000000189989805,0.0,0.0,0.0,0.0,0.0,0.01900000032037497,0.008999999612569809,0.0,-0.017999999225139618,0.0010000020265579224,5.0,7.0,05-23,0.0015750001766718926
03-10,0.007499999366700648,0.0004000000189989805,0.02340000041294843,0.0,0.0,0.0,0.0,0.01900000032037497,0.008999999612569809,0.0,-0.017999999225139618,0.0010000020265579224,6.0,6.0,05-24,0.003525000211084261
03-11,0.007499999366700648,0.0004000000189989805,0.02340000041294843,0.0,0.0,0.0,0.0,0.01900000032037497,0.008999999612569809,0.0,-0.017999999225139618,0.0010000020265579224,6.0,6.0,05-25,0.003525000211084261
03-12,0.007499999366700648,0.0004000000189989805,0.02340000041294843,0.0,0.0,0.0,0.0,0.01900000032037497,0.008999999612569809,0.0,-0.017999999225139618,0.015000000596046446,6.0,6.0,05-26,0.004691666758541639
03-13,0.0,0.0004000000189989805,0.02340000041294843,0.0,0.0,0.0,0.0,0.01900000032037497,0.008999999612569809,0.0,-0.017999999225139618,0.010000001639127731,5.0,7.0,05-27,0.0036500002315733577
03-14,0.0,0.0004000000189989805,0.02340000041294843,0.0,0.0,0.0,0.0,0.01900000032037497,0.008999999612569809,0.0,-0.019999999552965164,0.005000002682209015,5.0,7.0,05-28,0.003066666957844669
03-15,0.0,0.0004000000189989805,0.02340000041294843,0.0,-0.00010000006295740604,0.0,0.0,0.01900000032037497,0.008999999612569809,0.0,-0.009999999776482582,0.005000002682209015,5.0,7.0,05-29,0.0038916669339717678
03-16,0.0,0.0004000000189989805,0.02340000041294843,0.0,0.0013000000035390258,0.0,0.0,0.012880000285804272,0.008999999612569809,-0.0038499999791383743,-0.009999999776482582,0.005000002682209015,6.0,6.0,05-30,0.003177500271704048
03-17,-0.03000000119209289,0.0004000000189989805,0.0,0.0,0.0014000000664964318,0.0,0.0,0.012200000695884228,0.008999999612569809,-0.004450000822544098,-0.009999999776482582,0.005000002682209015,5.0,7.0,05-31,-0.001370833226246759
03-18,-0.03000000119209289,0.0004000000189989805,0.0,0.0,0.0014000000664964318,0.0,0.0,0.007199999876320362,0.008999999612569809,-0.004450000822544098,-0.009999999776482582,0.005000002682209015,5.0,7.0,06-01,-0.0017874999612104148
03-19,-0.03000000119209289,0.0004000000189989805,0.0,0.0,0.0014000000664964318,0.0,0.0,0.007499999366700648,0.008999999612569809,-0.004450000822544098,-0.015000002458691597,0.005000002682209015,5.0,7.0,06-02,-0.0021791668938628086
03-20,-0.03000000119209289,0.0004000000189989805,0.0,0.0,0.00020000000949949023,0.0,0.0,0.007499999366700648,0.008999999612569809,-0.004450000822544098,-0.015000002458691597,0.005000002682209015,5.0,7.0,06-03,-0.0022791668986125537
03-21,-0.03000000119209289,0.0004000000189989805,0.0,0.0,0.00020000000949949023,0.0,0.0,0.007499999366700648,0.008999999612569809,-0.004450000822544098,-0.02000000141561032,0.005000002682209015,5.0,7.0,06-04,-0.0026958334783557802
03-22,-0.03000000119209289,0.0004000000189989805,0.0,0.0,0.00310000020544976,0.0,0.0,0.007499999366700648,0.008999999612569809,-0.004450000822544098,-0.02500000037252903,0.005000002682209015,5.0,7.0,06-05,-0.0028708333751031514
03-23,-0.03000000119209289,0.0004000000189989805,0.0,0.0,0.009499999578110874,0.0,0.0,0.007499999366700648,0.008999999612569809,-0.004450000822544098,-0.02500000037252903,0.005000002682209015,5.0,7.0,06-06,-0.0023375000940480573
03-24,-0.03000000119209289,0.0004000000189989805,0.0,0.0,0.02530000067781657,0.0,0.0,0.009999999776482582,0.008999999612569809,-0.004450000822544098,-0.02500000037252903,0.02499999850988388,5.0,7.0,06-07,0.0008541663507154832
03-25,-0.03000000119209289,0.0004000000189989805,0.0,0.0,0.02530000067781657,0.0,0.0,0.015000000596046446,0.008999999612569809,-0.004450000822544098,-0.02500000037252903,0.040000000968575485,5.0,7.0,06-08,0.002520833290570105
03-26,-0.03000000119209289,0.0,0.0,0.0,0.02530000067781657,0.0,0.0,0.015000000596046446,0.008999999612569809,-0.004450000822544098,-0.02500000037252903,0.05000000074505806,4.0,8.0,06-09,0.003320833270360405
03-27,-0.03000000119209289,0.0,0.0,0.0,0.028299999306909737,0.0,0.0,0.015000000596046446,0.008999999612569809,-0.004450000822544098,-0.025100000202655792,0.05000000074505806,4.0,8.0,06-10,0.003562499836940939
03-28,0.0,0.0,0.0,0.0,0.03829999908339232,0.0,0.0,0.015000000596046446,0.008999999612569809,-0.004450000822544098,-0.025100000202655792,0.05000000074505806,4.0,8.0,06-11,0.006895833250988896
03-29,0.0,0.0,0.0,0.0,0.033300000126473606,0.0,0.0,0.015000000596046446,0.008999999612569809,-0.0006000008434057237,-0.025100000202655792,0.039000000804662704,4.0,8.0,06-12,0.005883333341140921
03-30,0.0,0.0,0.0,0.0,0.023300000349991024,0.0,0.0,0.015000000596046446,0.008999999612569809,-0.0006000008434057237,-0.03499999828636646,0.039000000804662704,4.0,8.0,06-13,0.004225000186124817
03-31,0.0,0.0,0.0,0.0,0.023300000349991024,0.0,0.0,0.02269000001251697,0.008999999612569809,-0.0006000008434057237,-0.03499999828636646,0.039000000804662704,4.0,8.0,06-14,0.004865833470830694
04-01,0.0,0.0,0.0,0.0,0.023300000349991024,0.0,0.0,0.02369000017642975,0.008999999612569809,-0.0006000008434057237,-0.03499999828636646,0.039000000804662704,4.0,8.0,06-15,0.004949166817823425
04-02,0.0,0.0,0.0,0.0,0.023300000349991024,0.0,0.0,0.02269000001251697,0.008999999612569809,-0.0006000008434057237,-0.029999999329447743,0.03350000083446504,4.0,8.0,06-16,0.004824166719724114
04-03,0.0,0.0,0.0,0.0,0.018299999530427158,0.0,0.0,0.02269000001251697,0.008999999612569809,-0.0006000008434057237,-0.029999999329447743,0.03350000083446504,4.0,8.0,06-17,0.0044074999847604586
04-04,0.0,0.0,0.0,0.0,0.02130000002216548,0.0,0.0,0.02269000001251697,0.008999999612569809,-0.0006000008434057237,-0.029999999329447743,0.05000000074505806,4.0,8.0,06-18,0.006032500018288071
04-05,0.0,0.0,-0.02340000041294843,0.0,0.010899999993853273,0.0,0.0,0.02269000001251697,0.008999999612569809,-0.0006000008434057237,-0.029999999329447743,0.05000000074505806,4.0,8.0,06-19,0.0032158333148496845
04-06,0.0,0.0,-0.02340000041294843,0.0,0.009600000339560207,0.0,0.0,0.02269000001251697,0.008999999612569809,-0.0006000008434057237,-0.029999999329447743,0.05000000074505806,4.0,8.0,06-20,0.003107500010325263
04-07,0.0,0.0,-0.02340000041294843,0.0,0.009899999829940498,0.0,0.0,0.02269000001251697,0.008999999612569809,-0.0006000008434057237,-0.02500000037252903,0.05000000074505806,4.0,8.0,06-21,0.0035491665476001795
04-08,0.0,0.0,-0.02340000041294843,0.0,0.009899999829940498,0.0,0.0,0.02500000037252903,0.008999999612569809,-0.0006000008434057237,-0.02500000037252903,0.05000000074505806,4.0,8.0,06-22,0.003741666577601185
04-09,0.0,0.0,-0.02340000041294843,0.0,0.009899999829940498,0.0,0.0,0.02500000037252903,0.008999999612569809,-0.0006000008434057237,-0.02500000037252903,0.019999999552965164,4.0,8.0,06-23,0.00124166647826011
04-10,0.0,0.0,-0.02340000041294843,0.0,0.009899999829940498,0.0,0.0,0.02500000037252903,0.008999999612569809,-0.0006000008434057237,-0.02500000037252903,0.019999999552965164,4.0,8.0,06-24,0.00124166647826011
04-11,0.0,0.0,-0.02340000041294843,0.0,0.009899999829940498,0.0,0.0,0.02500000037252903,0.008999999612569809,-0.0006000008434057237,-0.02500000037252903,0.019999999552965164,4.0,8.0,06-25,0.00124166647826011
04-12,0.0,0.0,-0.02340000041294843,-0.00020000000949949023,0.009899999829940498,0.0,0.0,0.02500000037252903,0.008999999612569809,-0.0006000008434057237,-0.02500000037252903,0.019999999552965164,4.0,8.0,06-26,0.001224999810801819
04-13,0.0,0.0,-0.02340000041294843,-0.00020000000949949023,0.0037999999476596713,0.0,0.0,0.019999999552965164,0.008999999612569809,-0.0006000008434057237,-0.02500000037252903,0.019999999552965164,4.0,8.0,06-27,0.00029999975231476134
04-14,0.0,0.0,-0.02340000041294843,-0.00020000000949949023,0.0037999999476596713,0.0,0.0,0.015099999494850637,0.0,-0.0006000008434057237,-0.02500000037252903,0.019999999552965164,3.0,9.0,06-28,-0.0008583335535756003
04-15,0.0,0.0,-0.02340000041294843,-0.0007000000332482159,0.0037999999476596713,0.0,0.0,0.014999999664723871,0.0,-0.0006000008434057237,-0.02500000037252903,0.018999997526407242,3.0,9.0,06-29,-0.0009916670436117176
04-16,0.0,0.0,0.0,-0.0007000000332482159,0.0037999999476596713,0.0,0.0,0.014999999664723871,0.0,-0.0006000008434057237,-0.02500000037252903,0.018999997526407242,3.0,9.0,06-30,0.0009583329908006514
04-17,0.0,0.0,0.0,-0.0007000000332482159,0.0037999999476596713,0.0,0.0,0.014999999664723871,0.0,-0.0006000008434057237,-0.02500000037252903,0.018999997526407242,3.0,9.0,07-01,0.0009583329908006514
04-18,0.0,0.0,0.0,-0.0007000000332482159,0.0037999999476596713,-0.0004000000189989805,0.0,0.014999999664723871,0.0,-0.0006000008434057237,-0.02500000037252903,-0.031000003218650818,2.0,10.0,07-02,-0.003241667072870769
04-19,0.0,0.0,0.0,-0.0007000000332482159,0.0038999997777864337,-0.0004000000189989805,0.0,0.014999999664723871,0.0,-0.0006000008434057237,-0.02500000037252903,-0.031000003218650818,2.0,10.0,07-03,-0.003233333753693539
04-20,0.0,0.0,0.0,-0.0007000000332482159,0.0038999997777864337,-0.0004000000189989805,0.0,0.014999999664723871,0.0,-0.0006000008434057237,-0.02500000037252903,-0.031000003218650818,2.0,10.0,07-04,-0.003233333753693539
04-21,0.0,0.0,0.0,-0.0007000000332482159,0.008299999753944576,-0.0004000000189989805,0.0,0.014999999664723871,0.0,-0.0006000008434057237,-0.02500000037252903,-0.031000003218650818,2.0,10.0,07-05,-0.002866667089013693
04-22,0.0,0.0,0.0,-0.0007000000332482159,0.008299999753944576,-0.0004000000189989805,0.0,0.009999999776482582,0.0,-0.0006000008434057237,-0.02500000037252903,-0.020000003278255463,2.0,10.0,07-06,-0.002366667084667521
04-23,0.0,0.0,0.0,-0.0007000000332482159,0.008299999753944576,-0.0004000000189989805,0.0,0.009999999776482582,0.0,-0.0006000008434057237,-0.02500000037252903,0.015000000596046446,3.0,9.0,07-07,0.0005499999048576378
04-24,0.0,0.0,0.0,-0.0007000000332482159,0.008299999753944576,-0.0004000000189989805,0.0,0.009999999776482582,0.0,-0.0006000008434057237,-0.02500000037252903,0.015000000596046446,3.0,9.0,07-08,0.0005499999048576378
04-25,0.0,0.0,0.0,-0.0007000000332482159,0.008299999753944576,-0.0004000000189989805,0.0,0.009999999776482582,0.0,-0.0006000008434057237,-0.02500000037252903,0.013199999928474426,3.0,9.0,07-09,0.0003999998492266362
04-26,0.0,0.0,0.0,-0.0007000000332482159,0.008299999753944576,-0.0004000000189989805,0.0,0.009999999776482582,0.0,-0.0006000008434057237,-0.02500000037252903,0.015000000596046446,3.0,9.0,07-10,0.0005499999048576378
04-27,0.0,0.0,0.0,-0.0007000000332482159,0.01269999973010272,-0.0004000000189989805,0.0,0.009999999776482582,0.0,-0.005000000819563866,-0.02500000037252903,0.015000000596046446,3.0,9.0,07-11,0.0005499999048576378
04-28,0.0,0.0,0.0,-0.0007000000332482159,0.004300000029616058,-0.0004000000189989805,0.0,0.009999999776482582,0.0,-0.005000000819563866,-0.02500000037252903,0.015000000596046446,3.0,9.0,07-12,-0.00015000007018291703
04-29,-0.007499999366700648,0.0,0.0,-0.0007000000332482159,0.004300000029616058,-0.0004000000189989805,0.0,0.009999999776482582,0.005000000819563866,-0.005000000819563866,-0.02500000037252903,0.02499999850988388,4.0,8.0,07-13,0.0004749998770421371
04-30,-0.009999999776482582,0.0,0.0,-0.0007000000332482159,0.004300000029616058,-0.0004000000189989805,0.0,0.009999999776482582,0.005000000819563866,-0.005000000819563866,-0.009999999776482582,-0.04259999841451645,3.0,9.0,07-14,-0.004116666517802514
05-01,-0.009999999776482582,0.0,0.0,-0.0007000000332482159,0.004300000029616058,-0.0004000000189989805,0.0,0.009999999776482582,0.005000000819563866,-0.005000000819563866,-0.009999999776482582,-0.039000004529953,3.0,9.0,07-15,-0.0038166670274222274
05-02,-0.009999999776482582,0.0,0.0,-0.0007000000332482159,0.004300000029616058,-0.0004000000189989805,0.0,0.009999999776482582,0.005000000819563866,-0.0006000008434057237,-0.009999999776482582,-0.008000001311302185,3.0,9.0,07-16,-0.000866666761188147
05-03,-0.009999999776482582,0.0,0.0,-0.0007000000332482159,0.004300000029616058,-0.0004000000189989805,0.0,0.009999999776482582,0.005000000819563866,-0.0006000008434057237,-0.009999999776482582,0.009999997913837431,4.0,8.0,07-17,0.0006333331742401546
05-04,-0.009999999776482582,0.0,0.0,-0.0007000000332482159,0.004300000029616058,-0.0004000000189989805,0.0,0.009999999776482582,0.005000000819563866,-0.0006000008434057237,-0.009999999776482582,0.009999997913837431,4.0,8.0,07-18,0.0006333331742401546
05-05,-0.009999999776482582,0.0,0.0,-0.0007000000332482159,0.008299999753944576,-0.0004000000189989805,0.0,0.009999999776482582,0.005000000819563866,-0.0006000008434057237,-0.009999999776482582,0.009999997913837431,4.0,8.0,07-19,0.0009666664846008645
05-06,-0.009999999776482582,0.0,0.0,-0.0007000000332482159,0.008299999753944576,-0.0004000000189989805,0.0,0.009999999776482582,0.005000000819563866,-0.0006000008434057237,-0.009999999776482582,0.009999997913837431,4.0,8.0,07-20,0.0009666664846008645
05-07,-0.009999999776482582,0.0,0.0,-0.0007000000332482159,0.008299999753944576,-0.0004000000189989805,0.0,0.00884999893605709,0.009999999776482582,-0.0006000008434057237,-0.009999999776482582,-0.01000000536441803,3.0,9.0,07-21,-0.0003791672788793221
05-08,-0.007499999366700648,0.0,0.0,-0.0007000000332482159,0.008299999753944576,-0.0004000000189989805,0.0,0.00884999893605709,0.009999999776482582,-0.0006000008434057237,-0.009999999776482582,0.009999997913837431,4.0,8.0,07-22,0.0014958330284571275
05-09,-0.007499999366700648,0.0,0.0,-0.0007000000332482159,0.008299999753944576,-0.0004000000189989805,0.0,0.00884999893605709,0.009999999776482582,-0.0006000008434057237,0.0,0.007500000298023223,4.0,8.0,07-23,0.0021208332085128254
05-10,-0.009999999776482582,0.0,0.0,-0.0007000000332482159,0.008299999753944576,-0.0007999999215826392,0.0,0.014999999664723871,0.009999999776482582,-0.0006000008434057237,0.0,0.005000002682209015,4.0,8.0,07-24,0.0021833334418867407
05-11,-0.009999999776482582,0.0,0.0,-0.0007000000332482159,0.010300000081770122,-0.0007999999215826392,0.0,0.0049999989569187156,0.009999999776482582,-0.0006000008434057237,0.0,0.005000002682209015,4.0,8.0,07-25,0.0015166667435551062
05-12,-0.002500000409781933,0.0,0.0,-0.0007000000332482159,0.010300000081770122,-0.0007999999215826392,0.0,0.0049999989569187156,0.009999999776482582,-0.0006000008434057237,0.0,0.005000002682209015,4.0,8.0,07-26,0.0021416666907801605
05-13,-0.002500000409781933,0.0,0.0,-0.0007000000332482159,0.010300000081770122,-0.0007999999215826392,0.0,0.0049999989569187156,0.0006000008434057237,-0.0006000008434057237,0.0,0.0029999986290931697,4.0,8.0,07-27,0.0011916664419307685
05-14,-0.002500000409781933,0.0,0.0,-0.0007000000332482159,0.010300000081770122,-0.0007999999215826392,0.0,0.0049999989569187156,0.0006000008434057237,-0.0006000008434057237,0.009499998763203621,0.0029999986290931697,5.0,7.0,07-28,0.0019833330055310703
05-15,-0.002500000409781933,0.0,0.0,-0.0007000000332482159,0.010300000081770122,-0.0007999999215826392,0.0,0.0049999989569187156,0.0006000008434057237,-0.0006000008434057237,0.009499998763203621,0.0029999986290931697,5.0,7.0,07-29,0.0019833330055310703
05-16,-0.002500000409781933,0.0,0.0,-0.0007000000332482159,0.023300000349991024,-0.0007999999215826392,0.0,0.0049999989569187156,0.0006000008434057237,-0.0006000008434057237,0.009499998763203621,0.008900001645088196,5.0,7.0,07-30,0.003558333279215731
05-17,-0.002500000409781933,0.0,0.0,-0.0007000000332482159,0.03230000182520598,-0.0007999999215826392,0.0,0.0049999989569187156,0.005000000819563866,-0.0006000008434057237,0.009499998763203621,0.00728999823331833,5.0,7.0,07-31,0.0045408331158493355
05-18,-0.002500000409781933,0.0,0.0,-0.0007000000332482159,0.03230000182520598,-0.0007999999215826392,0.0,0.0049999989569187156,0.0,-0.0006000008434057237,0.009499998763203621,0.00728999823331833,4.0,8.0,08-01,0.004124166380885678
05-19,-0.002500000409781933,0.0,0.0,-0.0007000000332482159,0.03230000182520598,-0.0007999999215826392,0.0,0.0049999989569187156,0.0,-0.0006000008434057237,0.009499998763203621,0.00728999823331833,4.0,8.0,08-02,0.004124166380885678
05-20,-0.002500000409781933,0.0,0.0,-0.0007000000332482159,0.03230000182520598,-0.0007999999215826392,0.0,0.0049999989569187156,0.0,-0.0006000008434057237,0.009499998763203621,0.00728999823331833,4.0,8.0,08-03,0.004124166380885678
05-21,-0.002500000409781933,0.0,0.0,-0.0007000000332482159,0.03230000182520598,-0.0007999999215826392,0.0,0.0049999989569187156,0.0,-0.0006000008434057237,0.007999999448657036,-0.01900000125169754,3.0,9.0,08-04,0.0018083331475888074
05-22,-0.002500000409781933,0.0,0.0,-0.0007000000332482159,0.008899999666027725,-0.0007999999215826392,0.0,0.0049999989569187156,0.0,-0.0006000008434057237,0.007999999448657036,-0.01900000125169754,3.0,9.0,08-05,-0.00014166703234271458
05-23,-0.002500000409781933,0.0,0.0,-0.0007000000332482159,0.028299999306909737,-0.0007999999215826392,0.0,0.0049999989569187156,0.0,-0.0006000008434057237,0.009999999776482582,0.009999997913837431,4.0,8.0,08-06,0.00405833289551083
05-24,-0.002500000409781933,0.0,0.0,-0.0007000000332482159,0.006600000080652535,-0.0007999999215826392,0.0,0.0049999989569187156,0.0,-0.0006000008434057237,0.0,-0.019999999552965164,2.0,10.0,08-07,-0.0010833334769510354
05-25,-0.002500000409781933,0.0,0.0,-0.0007000000332482159,0.005500000435858965,-0.0007999999215826392,0.0,0.0049999989569187156,0.0,-0.0006000008434057237,0.0,-0.019999999552965164,2.0,10.0,08-08,-0.0011750001140171662
05-26,-0.002500000409781933,0.0,0.0,-0.0007000000332482159,0.005500000435858965,-0.0007999999215826392,0.0,0.0049999989569187156,0.0,0.0,0.0,-0.019999999552965164,2.0,10.0,08-09,-0.0011250000437333556
05-27,-0.002500000409781933,0.0,0.0,-0.0007000000332482159,0.005500000435858965,-0.0007999999215826392,0.0,0.009999999776482582,0.0,0.0,0.0,-0.019999999552965164,2.0,10.0,08-10,-0.0007083333087697005
05-28,-0.002500000409781933,0.0,0.0,-0.0007000000332482159,0.005500000435858965,-0.0007999999215826392,0.0,0.009999999776482582,0.0,0.0,0.0,0.005000002682209015,3.0,9.0,08-11,0.0013750002108281474
05-29,-0.002500000409781933,0.0,0.0,-0.0007000000332482159,0.00540000037290156,-0.0007999999215826392,0.0,0.009999999776482582,0.0,0.0,0.0,0.005000002682209015,3.0,9.0,08-12,0.0013666668722483641
05-30,-0.002500000409781933,0.0,0.0,-0.0007000000332482159,0.0066000004298985004,-0.0007999999215826392,0.0,0.009999999776482582,0.0,0.0,0.009999999776482582,-0.03000000119209289,3.0,9.0,08-13,-0.0006166667978201683
05-31,-0.002500000409781933,0.0,0.0,-0.0007000000332482159,0.0066000004298985004,-0.0007999999215826392,0.0,0.009999999776482582,0.0,0.0,0.009999999776482582,-0.03000000119209289,3.0,9.0,08-14,-0.0006166667978201683
06-01,-0.002500000409781933,0.0,0.0,-0.0007000000332482159,0.003700000233948231,-0.0007999999215826392,0.0,0.009999999776482582,0.0,-0.0010000001639127733,0.009999999776482582,-0.03000000119209289,3.0,9.0,08-15,-0.0009416668278087553
06-02,-0.002500000409781933,0.0,0.0,-0.0007000000332482159,0.003700000233948231,-0.0007999999215826392,0.0,0.009999999776482582,0.0,-0.0010000001639127733,0.009999999776482582,-0.03000000119209289,3.0,9.0,08-16,-0.0009416668278087553
06-03,-0.002500000409781933,0.0,0.0,-0.0007000000332482159,0.003700000233948231,-0.0007999999215826392,0.0,0.009999999776482582,0.005000000819563866,-0.0010000001639127733,0.009999999776482582,-0.03000000119209289,4.0,8.0,08-17,-0.0005250000928450996
06-04,-0.002500000409781933,0.0,0.0,-0.0007000000332482159,-0.002699999138712883,-0.0007999999215826392,0.0,0.0049999989569187156,0.005000000819563866,-0.0010000001639127733,0.009999999776482582,-0.008000001311302185,3.0,9.0,08-18,0.00035833321453537787
06-05,-0.002500000409781933,0.0,0.0,-0.0007000000332482159,-0.018500000238418586,-0.0007999999215826392,0.0,0.0049999989569187156,0.005000000819563866,-0.0010000001639127733,0.009999999776482582,-0.008000001311302185,3.0,9.0,08-19,-0.00095833354377343
06-06,-0.002500000409781933,0.0,0.0,-0.0007000000332482159,-0.006099998950958252,-0.0007999999215826392,0.0,0.0049999989569187156,0.005000000819563866,-0.0010000001639127733,0.010099999606609344,-0.024000000208616257,3.0,9.0,08-20,-0.0012500000254173453
06-07,-0.002500000409781933,0.0,0.0,-0.0007000000332482159,-0.03179999906569718,-0.0007999999215826392,0.0,0.0049999989569187156,0.005000000819563866,-0.0010000001639127733,0.010099999606609344,-0.024000000208616257,3.0,9.0,08-21,-0.0033916667016455912
06-08,-0.002500000409781933,0.0,0.0,-0.0007000000332482159,-0.026700000278651714,-0.0007999999215826392,0.0,0.0049999989569187156,0.005000000819563866,-0.0010000001639127733,0.010099999606609344,-0.024000000208616257,3.0,9.0,08-22,-0.002966666802725134
06-09,-0.002500000409781933,0.0,0.0,-0.0007000000332482159,-0.026700000278651714,-0.0007999999215826392,0.0,0.0049999989569187156,0.005000000819563866,-0.0010000001639127733,0.010099999606609344,-0.024000000208616257,3.0,9.0,08-23,-0.002966666802725134
06-10,-0.002500000409781933,0.02630000014323741,0.0,-0.0007000000332482159,-0.026700000278651714,-0.0007999999215826392,0.0,-0.002690000459551811,0.005000000819563866,-0.0010000001639127733,0.010099999606609344,-0.0130000002682209,3.0,8.0,08-24,-0.0004991667471282805
06-11,-0.002500000409781933,0.02630000014323741,0.0,-0.0007000000332482159,-0.016700000502169132,-0.0007999999215826392,0.0,-0.00218999944627285,0.005000000819563866,-0.0010000001639127733,0.0149999987334013,-0.0130000002682209,3.0,8.0,08-25,0.0007841665792511776
06-12,-0.002500000409781933,0.02630000014323741,0.0,-0.0007000000332482159,-0.016700000502169132,-0.0007999999215826392,0.0,-0.00218999944627285,0.005000000819563866,-0.0010000001639127733,0.0149999987334013,-0.05400000140070915,3.0,8.0,08-26,-0.00263250018178951
06-13,-0.002500000409781933,0.02630000014323741,0.0,-0.0007000000332482159,-0.011699999682605268,-0.0007999999215826392,0.0,-0.00218999944627285,0.005000000819563866,0.0,0.0149999987334013,-0.05400000140070915,3.0,8.0,08-27,-0.0021325000998331234
06-14,-0.002500000409781933,0.02630000014323741,0.0,-0.0007000000332482159,-0.014700000174343588,-0.0007999999215826392,0.0,-0.00218999944627285,0.005000000819563866,0.0,0.0149999987334013,-0.06500000134110451,3.0,8.0,08-28,-0.0032991668025109297
06-15,-0.002500000409781933,0.02630000014323741,0.0,-0.0007000000332482159,-0.00430000014603138,-0.0007999999215826392,0.0,-0.00218999944627285,0.007500000298023223,-0.0010000001639127733,0.0149999987334013,-0.06500000134110451,3.0,8.0,08-29,-0.00230750019060603
06-16,-0.002500000409781933,0.02630000014323741,0.0,-0.0007000000332482159,-0.00430000014603138,-0.0007999999215826392,0.0,-0.002690000459551811,0.007500000298023223,-0.0010000001639127733,0.0149999987334013,-0.06500000134110451,3.0,8.0,08-30,-0.0023491669417126104
06-17,-0.002500000409781933,0.02630000014323741,0.0,-0.0007000000332482159,-0.00430000014603138,-0.0007999999215826392,0.0,-0.002690000459551811,0.007500000298023223,-0.0010000001639127733,0.0149999987334013,-0.05000000074505806,3.0,8.0,08-31,-0.0010991668920420732
06-18,-0.002500000409781933,0.02630000014323741,0.0,-0.0007000000332482159,-0.0030000004917383194,-0.0007999999215826392,0.0,-0.005000000819563866,0.005000000819563866,-0.0010000001639127733,0.0149999987334013,-0.05000000074505806,3.0,8.0,09-01,-0.0013916669073902694
06-19,0.0,0.02630000014323741,0.0,-0.0007000000332482159,-0.0032999999821186066,-0.0007999999215826392,0.0,-0.005000000819563866,0.005000000819563866,-0.0010000001639127733,0.009999999776482582,-0.019999999552965164,3.0,8.0,09-02,0.0008750000221577162
06-20,0.009999999776482582,0.02630000014323741,0.0,-0.0007000000332482159,-0.0032999999821186066,-0.0007999999215826392,0.0,-0.005000000819563866,0.005000000819563866,-0.0010000001639127733,0.009999999776482582,-0.019999999552965164,4.0,7.0,09-03,0.001708333336864598
06-21,0.004999999888241291,0.02630000014323741,0.0,-0.0007000000332482159,-0.0032999999821186066,-0.0007999999215826392,0.0,-0.005000000819563866,0.005000000819563866,-0.0010000001639127733,0.009999999776482582,-0.019999999552965164,4.0,7.0,09-04,0.001291666679511157
06-22,0.004999999888241291,0.02630000014323741,0.0,-0.0005000000237487257,-0.0032999999821186066,-0.0007999999215826392,0.0,-0.005000000819563866,0.005000000819563866,-0.0010000001639127733,0.009999999776482582,-0.019999999552965164,4.0,7.0,09-05,0.001308333346969448
06-23,0.004999999888241291,0.02630000014323741,0.0,-0.0005000000237487257,-0.0032999999821186066,-0.0007999999215826392,0.0,0.0,0.005000000819563866,-0.0010000001639127733,-0.0049999989569187156,-0.019999999552965164,3.0,9.0,09-06,0.00047500018748299533
06-24,0.004999999888241291,0.02630000014323741,0.0,-0.0005000000237487257,-0.0032999999821186066,-0.0007999999215826392,0.0,0.0,0.005000000819563866,-0.0010000001639127733,-0.0049999989569187156,-0.019999999552965164,3.0,9.0,09-07,0.00047500018748299533
06-25,0.004999999888241291,0.02630000014323741,0.0,-0.0005000000237487257,0.00279999990016222,-0.0007999999215826392,0.0,0.005000000819563866,0.005000000819563866,-0.0010000001639127733,-0.0049999989569187156,-0.018999997526407242,5.0,7.0,09-08,0.0014833337481832132
06-26,0.004999999888241291,0.02630000014323741,0.0,-0.0005000000237487257,0.00279999990016222,-0.000699999975040555,0.0,0.005000000819563866,0.005000000819563866,-0.0010000001639127733,-0.0049999989569187156,-0.018999997526407242,5.0,7.0,09-09,0.0014916670770617204
06-27,0.004999999888241291,0.02630000014323741,0.0,0.0,0.00279999990016222,-0.000699999975040555,0.0,0.005000000819563866,0.005000000819563866,-0.0010000001639127733,-0.0049999989569187156,-0.018999997526407242,5.0,7.0,09-10,0.0015333337457074474
06-28,0.004999999888241291,0.02630000014323741,0.0,0.0,0.00279999990016222,-0.00029999995604157453,0.0,0.005000000819563866,0.005000000819563866,-0.0017999988049268727,-0.0049999989569187156,-0.018999997526407242,5.0,7.0,09-11,0.0015000005272061876
06-29,0.004999999888241291,0.02630000014323741,0.0,0.0,0.0006000003777444363,-0.00029999995604157453,0.0,0.005000000819563866,0.005000000819563866,-0.0024999994784593573,-0.0049999989569187156,-0.018999997526407242,5.0,7.0,09-12,0.0012583338442103313
06-30,0.004999999888241291,0.02630000014323741,0.0,0.0,0.0006000003777444363,-0.00029999995604157453,0.0,0.005000000819563866,0.005000000819563866,-0.0024999994784593573,-0.0049999989569187156,-0.018999997526407242,5.0,7.0,09-13,0.0012583338442103313
07-01,0.004999999888241291,0.02630000014323741,0.0,0.0,0.0006000003777444363,-0.00029999995604157453,0.0,0.02000000141561032,0.0,-0.0024999994784593573,-0.0049999989569187156,-0.0299999974668026,4.0,8.0,09-14,0.0011750004972176007
07-02,0.004999999888241291,0.02630000014323741,0.0,0.0,-0.0037999995984137054,-0.00029999995604157453,0.0,0.02000000141561032,0.0,-0.0024999994784593573,-0.0049999989569187156,-0.0299999974668026,3.0,9.0,09-15,0.0008083338325377554
07-03,0.004999999888241291,0.02630000014323741,0.0,0.0,-0.0037999995984137054,-9.99998301267624e-05,0.0,0.02000000141561032,0.0,-0.0024999994784593573,-0.0049999989569187156,-0.0299999974668026,3.0,9.0,09-16,0.0008250005096973232
07-05,0.004999999888241291,0.02630000014323741,0.0,0.0,-0.0037999995984137054,-9.99998301267624e-05,0.0,0.02000000141561032,0.0,-0.0024999994784593573,-0.0049999989569187156,-0.0299999974668026,3.0,9.0,09-18,0.0008250005096973232
07-06,0.004999999888241291,0.02630000014323741,0.0,0.0,-0.0037999995984137054,-0.0004999999655410646,0.0,0.02000000141561032,0.0,-0.004999999888241291,-0.003200000151991844,-0.0299999974668026,3.0,9.0,09-19,0.0007333336980082095
07-07,0.004999999888241291,0.02630000014323741,0.0,0.0,-0.0037999995984137054,-0.0004999999655410646,0.0,0.02000000141561032,0.0,-0.004999999888241291,-0.003200000151991844,-0.028199996799230576,3.0,9.0,09-20,0.0008833337536392113
07-08,0.0,0.02630000014323741,0.0,0.0,-0.0037999995984137054,-0.0004999999655410646,0.0,0.02000000141561032,9.99998301267624e-05,-0.004999999888241291,-0.003200000151991844,-0.04199999943375588,3.0,9.0,09-21,-0.0006749998040807744
07-09,0.0,0.02630000014323741,0.0,0.0,-0.008199999574571848,-0.0004999999655410646,0.0,0.02000000141561032,9.99998301267624e-05,-0.004999999888241291,-0.003200000151991844,-0.04199999943375588,3.0,9.0,09-22,-0.0010416664687606196
07-10,0.0,0.02630000014323741,0.0,0.0,0.0002000001259148121,-0.0004999999655410646,0.0,0.02000000141561032,9.99998301267624e-05,-0.004999999888241291,-0.003200000151991844,-0.04199999943375588,4.0,8.0,09-23,-0.00034166649372006463
07-11,0.0,0.02630000014323741,0.0,0.0,0.0002000001259148121,-0.0004999999655410646,0.0,0.02000000141561032,-0.004900000989437103,-0.004999999888241291,-0.003200000151991844,-0.04199999943375588,3.0,9.0,09-24,-0.00075833322868372
07-12,0.0,0.02630000014323741,0.0,-0.0003000000288011506,0.0002000001259148121,-0.0004999999655410646,0.0,0.02000000141561032,-0.004900000989437103,-0.004999999888241291,-0.003200000151991844,-0.06499999854713677,3.0,9.0,09-25,-0.0026999998238655585
07-13,0.0,0.02630000014323741,0.0,-0.0003000000288011506,0.00029999995604157453,-0.0004999999655410646,0.0,0.02000000141561032,-0.004900000989437103,-0.004999999888241291,-0.012399999424815178,-0.06499999854713677,3.0,9.0,09-26,-0.0034583331107569393
07-14,0.0,0.02630000014323741,0.0,-0.0003000000288011506,0.00029999995604157453,-0.0004999999655410646,0.0,0.02000000141561032,-0.004900000989437103,-0.004999999888241291,-0.012399999424815178,-0.046999999321997166,3.0,9.0,09-27,-0.001958333175328638
07-15,0.0,0.02630000014323741,0.0,-0.0003000000288011506,0.00029999995604157453,-0.0004999999655410646,0.0,0.02000000141561032,-0.004900000989437103,-0.004999999888241291,-0.012399999424815178,-0.06499999854713677,3.0,9.0,09-28,-0.0034583331107569393
07-16,0.0,0.02630000014323741,0.0,-0.0003000000288011506,0.00029999995604157453,-0.0004999999655410646,0.0,0.02000000141561032,-0.004900000989437103,-0.004999999888241291,-0.012399999424815178,-0.06499999854713677,3.0,9.0,09-29,-0.0034583331107569393
07-17,0.0,0.02630000014323741,0.0,-0.0003000000288011506,-0.003699999768286944,-0.0004999999655410646,0.0,0.02000000141561032,-0.004900000989437103,-0.004999999888241291,-0.012399999424815178,-0.03499999642372132,2.0,10.0,09-30,-0.00129166624416636
07-18,-0.002500000409781933,0.02630000014323741,0.0,-0.0003000000288011506,-0.003599999938160181,-0.0004999999655410646,0.0,0.02000000141561032,-0.004900000989437103,-0.004999999888241291,-0.012399999424815178,-0.019999999552965164,2.0,10.0,10-01,-0.00024166655324127842
07-19,-0.002500000409781933,0.02630000014323741,0.0,-0.0003000000288011506,-0.003599999938160181,-0.0004999999655410646,0.0,0.02000000141561032,-0.00989999994635582,-0.004999999888241291,-0.012399999424815178,-0.03999999910593033,2.0,10.0,10-02,-0.002324999762398269
07-20,-0.002500000409781933,0.0,0.0,-0.0003000000288011506,-0.003699999768286944,-0.0004999999655410646,0.0,0.02000000141561032,-0.009999999776482582,-0.004999999888241291,-0.012399999424815178,-0.03999999910593033,1.0,11.0,10-03,-0.004533333079355846
07-21,-0.002500000409781933,0.0,0.0,-0.0003000000288011506,-0.003699999768286944,-0.0004999999655410646,0.0,0.005000000819563866,-0.009999999776482582,-0.0029999986290931697,-0.012399999424815178,-0.03750000149011612,1.0,11.0,10-04,-0.005408333222779523
07-22,0.0,0.0,0.0,-0.0003000000288011506,-0.003699999768286944,-0.00010000006295740604,0.0,0.005000000819563866,-0.009999999776482582,-0.005249999463558197,-0.012399999424815178,-0.03500000387430191,1.0,11.0,10-05,-0.005145833464969958
07-23,0.0,0.0,0.0,-0.0003000000288011506,-0.00570000009611249,-0.00010000006295740604,0.0,0.005000000819563866,-0.009999999776482582,-0.005249999463558197,-0.012399999424815178,-0.032999999821186066,1.0,11.0,10-06,-0.0051458331545291
07-24,0.0,0.0,0.0,-0.0003000000288011506,-0.00570000009611249,-0.00010000006295740604,0.0,0.005000000819563866,-0.009999999776482582,-0.005249999463558197,-0.012399999424815178,-0.032999999821186066,1.0,11.0,10-07,-0.0051458331545291
07-25,0.0,0.0,0.0,-0.0003000000288011506,-0.00570000009611249,-0.00010000006295740604,0.0,0.005000000819563866,-0.0006000008434057237,-0.007999999448657036,-0.012399999424815178,-0.032999999821186066,1.0,11.0,10-08,-0.004591666575530932
07-26,0.0,0.0,0.0,-0.0003000000288011506,-0.01870000036433339,-0.00010000006295740604,0.0,0.005000000819563866,-0.0006000008434057237,-0.0029999986290931697,-0.012399999424815178,-0.032999999821186066,1.0,11.0,10-09,-0.005258333196252353
07-27,0.0,0.0,0.0,-0.0003000000288011506,-0.02770000183954835,-0.00010000006295740604,0.0,0.005000000819563866,-0.005000000819563866,-0.003999998793005943,-0.012399999424815178,-0.032999999821186066,1.0,11.0,10-10,-0.0064583333308595075
07-28,0.0,0.0,0.0,-0.0003000000288011506,-0.02770000183954835,-0.00010000006295740604,0.0,0.005000000819563866,0.0,-0.003999998793005943,-0.012399999424815178,-0.02490000426769257,1.0,11.0,10-11,-0.005366666966438061
07-29,0.0,0.0,0.0,-0.0003000000288011506,-0.02770000183954835,-0.00010000006295740604,0.0,0.005000000819563866,0.0,-0.002480000257492065,-0.012399999424815178,-0.0232900008559227,1.0,11.0,10-12,-0.005105833470831082
07-30,0.0,0.0,0.0,-0.0003000000288011506,-0.02770000183954835,-0.00010000006295740604,0.0,0.005000000819563866,0.0,-0.002480000257492065,-0.012399999424815178,-0.028289999812841405,1.0,11.0,10-13,-0.005522500050574307
07-31,0.0,0.0,0.0,-0.0003000000288011506,-0.02770000183954835,-0.00010000006295740604,0.0,0.005000000819563866,0.0,-0.002480000257492065,-0.012399999424815178,-0.015999998897314068,1.0,11.0,10-14,-0.004498333307613696
08-01,0.0,0.0,0.0,-0.0003000000288011506,-0.004299999680370092,-0.00010000006295740604,0.0,0.005000000819563866,0.0,0.005000000819563866,-0.012399999424815178,-0.015999998897314068,2.0,10.0,10-15,-0.001924999704594181
08-02,0.0,0.0,0.0,-0.0003000000288011506,-0.02369999932125211,-0.00010000006295740604,0.0,0.005000000819563866,0.0,0.008000001311302185,-0.012399999424815178,-0.015999998897314068,2.0,10.0,10-16,-0.0032916663003561553
08-03,0.0,0.0,0.0,-0.0003000000288011506,-0.0019000000320374968,-0.00010000006295740604,0.0,0.005000000819563866,0.0,0.019999999552965164,-0.012399999424815178,-0.015999998897314068,2.0,10.0,10-17,-0.00047499983944968943
08-04,0.0,0.0,0.0,-0.0003000000288011506,-0.0019000000320374968,-0.00010000006295740604,0.0,0.005000000819563866,0.0,0.019999999552965164,-0.012399999424815178,-0.04499999806284905,2.0,10.0,10-18,-0.0028916664365776037
08-05,0.0,0.0,0.0,-0.0003000000288011506,-0.0019000000320374968,-0.00010000006295740604,0.0,0.005000000819563866,0.0,0.019999999552965164,-0.012399999424815178,-0.015000000596046446,2.0,10.0,10-19,-0.00039166664767738735
08-06,0.0,0.0,0.0,-0.0003000000288011506,-0.002200000453740359,-0.00010000006295740604,0.0,0.005000000819563866,0.0,0.019999999552965164,-0.012399999424815178,-0.015000000596046446,2.0,10.0,10-20,-0.00041666668281929264
08-07,0.0,0.0,0.0,-0.0003000000288011506,-0.002200000453740359,-0.00010000006295740604,0.0,0.005000000819563866,0.0,0.019999999552965164,-0.012399999424815178,-0.04000000283122064,2.0,10.0,10-21,-0.002500000202417141
08-08,0.0,0.0,0.0,-0.0003000000288011506,-0.002200000453740359,-0.00010000006295740604,0.0,0.005000000819563866,0.0,0.0020000003278255467,-0.012399999424815178,-0.04000000283122064,2.0,10.0,10-22,-0.004000000137845443
08-09,0.0,0.0,0.0,-0.0003000000288011506,-0.002200000453740359,-0.00010000006295740604,0.0,0.005000000819563866,0.0,0.0,-0.02239999920129776,-0.04000000283122064,1.0,11.0,10-23,-0.005000000146537786
08-10,0.0,0.0,0.0,-0.0003000000288011506,-0.002200000453740359,-0.00010000006295740604,0.0,0.005000000819563866,0.0,0.0,-0.02239999920129776,-0.04000000283122064,1.0,11.0,10-24,-0.005000000146537786
08-11,0.0,0.0,0.0,-0.0003000000288011506,-0.002200000453740359,-0.00010000006295740604,0.0,0.005000000819563866,0.0,0.0010000001639127733,-0.02239999920129776,-0.0049999989569187156,2.0,10.0,10-25,-0.001999999810019896
08-12,0.0,0.0,0.0,-0.0003000000288011506,-0.002200000453740359,-0.00010000006295740604,0.0,0.005000000819563866,0.0,0.0010000001639127733,-0.02239999920129776,-0.0049999989569187156,2.0,10.0,10-26,-0.001999999810019896
08-13,0.0,0.0,0.0,-0.0003000000288011506,-0.002200000453740359,-0.00010000006295740604,0.0,0.005000000819563866,0.0,0.0010000001639127733,-0.02239999920129776,-0.0049999989569187156,2.0,10.0,10-27,-0.001999999810019896
08-14,0.0,0.0,0.0,-0.0003000000288011506,-0.002200000453740359,-0.00010000006295740604,0.0,0.005000000819563866,0.0,0.0010000001639127733,-0.02239999920129776,-0.026999998837709427,2.0,10.0,10-28,-0.003833333133419122
08-15,0.0,0.0,0.0,-0.0003000000288011506,-0.002200000453740359,-0.00010000006295740604,0.0,0.005000000819563866,-0.005000000819563866,0.0010000001639127733,-0.02239999920129776,-0.026999998837709427,2.0,10.0,10-29,-0.004249999868382777
08-16,0.0,0.0,0.0,-0.0003000000288011506,-0.017600000370293856,-0.00010000006295740604,0.0,0.005000000819563866,-0.005000000819563866,0.0010000001639127733,-0.02239999920129776,-0.026999998837709427,2.0,10.0,10-30,-0.0055333331947622355
08-17,0.0,0.0,0.0,-0.0003000000288011506,-0.0019000000320374968,-0.00010000006295740604,0.0,0.005000000819563866,-0.005000000819563866,0.0030000004917383194,-0.02239999920129776,-0.026999998837709427,2.0,10.0,10-31,-0.00405833313925541
08-18,0.0,0.0,0.0,-0.0003000000288011506,-0.0019000000320374968,-0.00010000006295740604,0.0,0.005000000819563866,-0.005000000819563866,0.03399999998509884,-0.02239999920129776,-0.010999999940395357,2.0,10.0,11-01,-0.00014166660669919417
08-19,0.0,0.0,0.0,-0.0003000000288011506,-0.0019000000320374968,-0.00010000006295740604,0.0,-0.009999999776482582,-0.005000000819563866,0.020999999716877937,-0.02239999920129776,-0.010999999940395357,1.0,11.0,11-02,-0.0024750000120548066
08-20,0.0,0.0,0.0,-0.0003000000288011506,-0.001999999862164259,-0.00010000006295740604,0.0,-0.009999999776482582,-0.005000000819563866,0.020999999716877937,-0.02239999920129776,-0.010999999940395357,1.0,11.0,11-03,-0.002483333331232037
08-21,0.0,0.0,0.0,-0.0003000000288011506,-0.001999999862164259,-0.00010000006295740604,0.0,-0.009999999776482582,-0.005000000819563866,0.020999999716877937,-0.028399999253451824,-0.010999999940395357,1.0,11.0,11-04,-0.002983333335578209
08-22,0.0,0.0,0.0,-0.0003000000288011506,-0.001999999862164259,-0.00010000006295740604,0.0,-0.009999999776482582,-0.005000000819563866,0.020999999716877937,-0.028399999253451824,-0.010999999940395357,1.0,11.0,11-05,-0.002983333335578209
08-23,0.0,0.0,0.0,-0.0003000000288011506,-0.001999999862164259,-0.00010000006295740604,0.0,-0.010500000789761543,-0.005000000819563866,0.019999999552965164,-0.028399999253451824,-0.010999999940395357,1.0,11.0,11-06,-0.00310833343367752
08-24,0.0,0.0,0.0,-0.0003000000288011506,-0.003199999686330557,0.0003000000724568963,0.0,-0.012749999761581421,-0.005000000819563866,0.019999999552965164,-0.02959999907761812,-0.010999999940395357,2.0,10.0,11-07,-0.0034624999740723674
08-25,0.0,0.0,0.0,-0.0003000000288011506,-0.003199999686330557,0.0003000000724568963,0.0,-0.012749999761581421,-0.007500000298023223,0.020999999716877937,-0.02959999907761812,-0.010999999940395357,2.0,10.0,11-08,-0.00358749991695125
08-26,0.0,0.0,0.0,-0.0003000000288011506,-0.003199999686330557,0.0003000000724568963,0.0,-0.01224999874830246,-0.007500000298023223,0.03100000135600567,-0.02959999907761812,0.008000001311302185,3.0,9.0,11-09,-0.001129166258275897
08-27,0.0,0.0,0.0,-0.0003000000288011506,-0.003199999686330557,0.0003000000724568963,0.0,-0.019799998961389058,-0.007500000298023223,0.03100000135600567,-0.02959999907761812,-0.015000000596046446,2.0,10.0,11-10,-0.0036749997683121673
08-28,0.0,0.0,0.0,-0.0003000000288011506,-0.003199999686330557,0.0003000000724568963,0.0,-0.019799998961389058,-0.007500000298023223,0.03100000135600567,-0.02959999907761812,-0.015000000596046446,2.0,10.0,11-11,-0.0036749997683121673
08-29,0.0,0.0,0.0,-0.0003000000288011506,-0.003199999686330557,0.0003000000724568963,0.0,-0.019799998961389058,-0.007500000298023223,0.03100000135600567,-0.02959999907761812,-0.015000000596046446,2.0,10.0,11-12,-0.0036749997683121673
08-30,0.0,0.0,0.0,-0.0003000000288011506,-0.003199999686330557,0.0003000000724568963,0.0,-0.019799998961389058,-0.005000000819563866,0.03100000135600567,-0.02959999907761812,-0.015000000596046446,2.0,10.0,11-13,-0.003466666478440553
08-31,0.0,0.0,0.0,-0.0003000000288011506,-0.003199999686330557,0.0003000000724568963,0.0,-0.019799998961389058,-0.005000000819563866,0.03100000135600567,-0.02959999907761812,-0.015000000596046446,2.0,10.0,11-14,-0.003466666478440553
09-01,-0.009999999776482582,0.0,0.0,-0.0003000000288011506,-0.003199999686330557,0.0003000000724568963,0.0,-0.019799998961389058,-0.005000000819563866,0.03100000135600567,-0.02959999907761812,-0.015000000596046446,2.0,10.0,11-15,-0.004299999793147435
09-02,-0.004999999888241291,0.0,0.0,-0.0003000000288011506,-0.003199999686330557,0.0003000000724568963,0.0,-0.014999999664723871,-0.005000000819563866,0.03100000135600567,-0.02959999907761812,-0.015000000596046446,2.0,10.0,11-16,-0.0034833331944052284
09-03,-0.004999999888241291,0.0,0.0,-0.0003000000288011506,-0.003199999686330557,0.0003000000724568963,0.0,-0.020000000484287742,-0.005000000819563866,0.03100000135600567,-0.02959999907761812,-0.015000000596046446,2.0,10.0,11-17,-0.0038999999293688843
09-04,-0.004999999888241291,0.0,-0.0005999999120831492,-0.0003000000288011506,-0.003199999686330557,0.0003999999025836587,0.0,-0.020000000484287742,-0.005000000819563866,0.03100000135600567,-0.014600000344216825,-0.015000000596046446,2.0,10.0,11-18,-0.002691666708415141
09-05,-0.004999999888241291,0.0,-0.0005999999120831492,-0.0003000000288011506,-0.003199999686330557,0.00029999995604157453,0.0,-0.020000000484287742,-0.005000000819563866,0.03100000135600567,-0.014600000344216825,-0.015000000596046446,2.0,10.0,11-19,-0.0027000000372936483
09-06,-0.004999999888241291,0.0,-0.0005999999120831492,-0.0003000000288011506,-0.00519999978132546,0.00029999995604157453,0.0,-0.020000000484287742,-0.005000000819563866,0.020999999716877937,-0.014600000344216825,-0.015000000596046446,2.0,10.0,11-20,-0.003700000181803868
09-07,-0.004999999888241291,0.0,0.0,-0.0003000000288011506,-0.00519999978132546,0.00029999995604157453,0.0,-0.020000000484287742,-0.005000000819563866,0.02179999835789204,-0.014600000344216825,-0.015000000596046446,2.0,10.0,11-21,-0.0035833336357124304
09-08,-0.004999999888241291,0.0,0.0,-0.0003000000288011506,-0.00519999978132546,0.00029999995604157453,0.0,-0.020000000484287742,-0.005000000819563866,0.02249999903142452,-0.014600000344216825,-0.015000000596046446,2.0,10.0,11-22,-0.00352500024625139
09-09,0.0,0.0,0.0,-0.0003000000288011506,-0.00519999978132546,0.00029999995604157453,0.0,-0.020000000484287742,-0.005000000819563866,0.02249999903142452,-0.014600000344216825,-0.015000000596046446,2.0,10.0,11-23,-0.0031083335888979487
09-10,0.0,0.0,0.0,-0.0003000000288011506,-0.0031000000890344377,0.00029999995604157453,0.0,-0.03500000108033419,-0.005000000819563866,0.02249999903142452,-0.014600000344216825,-0.015000000596046446,2.0,10.0,11-24,-0.0041833336642109024
09-11,0.0,0.0,0.0,-0.0003000000288011506,-0.0031000000890344377,0.00029999995604157453,0.0009999999310821297,-0.038080000318586826,-0.005000000819563866,0.02249999903142452,-0.014600000344216825,-0.015000000596046446,3.0,9.0,11-25,-0.004356666939808444
09-12,0.0,0.0,0.0,-0.0003000000288011506,-0.0031000000890344377,9.99998301267624e-05,0.0009999999310821297,-0.038080000318586826,0.0,0.02249999903142452,-0.014600000344216825,-0.015000000596046446,3.0,9.0,11-26,-0.003956666882004356
09-13,-0.004999999888241291,0.0,0.0,-0.0003000000288011506,-0.0031000000890344377,9.99998301267624e-05,0.0009999999310821297,-0.038080000318586826,0.0,0.02249999903142452,-0.0062000006437301644,-0.015000000596046446,3.0,9.0,11-27,-0.0036733335643172414
09-14,-0.004999999888241291,0.0,0.0,-0.0003000000288011506,-0.0031000000890344377,9.99998301267624e-05,0.0009999999310821297,-0.038080000318586826,0.0,0.02249999903142452,-0.0062000006437301644,-0.015000000596046446,3.0,9.0,11-28,-0.0036733335643172414
09-15,-0.004999999888241291,0.0,0.0,-0.0003000000288011506,-0.0031000000890344377,9.99998301267624e-05,0.0009999999310821297,-0.038080000318586826,0.0,0.02499999944120645,-0.0062000006437301644,-0.015000000596046446,3.0,9.0,11-29,-0.003465000196835414
09-16,-0.004999999888241291,0.0,0.0,-0.0003000000288011506,-0.0031000000890344377,9.99998301267624e-05,0.0009999999310821297,-0.038080000318586826,0.0,0.02499999944120645,-0.0062000006437301644,-0.0029999986290931697,3.0,9.0,11-30,-0.002465000032922641
09-17,-0.004999999888241291,0.0,0.0,-0.0003000000288011506,-0.0031000000890344377,0.0004999999655410646,0.0009999999310821297,-0.038080000318586826,0.0,0.02499999944120645,-0.007999999448657036,-0.0029999986290931697,3.0,9.0,12-01,-0.0025816665887153554
09-18,-0.004999999888241291,0.0,0.0,-0.0003000000288011506,-0.0031000000890344377,0.0004999999655410646,0.0009999999310821297,-0.038080000318586826,0.0,0.02499999944120645,-0.007999999448657036,-0.0029999986290931697,3.0,9.0,12-02,-0.0025816665887153554
09-19,-0.004999999888241291,0.0,0.0,-0.0003000000288011506,-0.0031000000890344377,0.0004999999655410646,0.001500000013038516,-0.038080000318586826,-9.99998301267624e-05,0.02499999944120645,-0.007999999448657036,-0.0029999986290931697,3.0,9.0,12-03,-0.0025483332343962197
09-20,-0.004999999888241291,0.0,0.0,-0.0003000000288011506,-0.0031000000890344377,0.0004999999655410646,0.001500000013038516,-0.038080000318586826,-9.99998301267624e-05,0.02499999944120645,-0.007999999448657036,-0.0029999986290931697,3.0,9.0,12-04,-0.0025483332343962197
09-21,-0.004999999888241291,0.0,0.0,0.0,-0.0031000000890344377,0.0004000001354143024,0.001500000013038516,-0.038080000318586826,-9.99998301267624e-05,0.02499999944120645,-0.007999999448657036,-0.0029999986290931697,3.0,9.0,12-05,-0.002531666551173354
09-22,0.0,0.0,0.0,0.0,-0.0031000000890344377,0.0004000001354143024,0.001500000013038516,-0.038080000318586826,0.004900000989437103,0.02499999944120645,-0.007999999448657036,-0.0029999986290931697,4.0,8.0,12-06,-0.0016983331588562578
09-23,0.0,0.0,0.0,0.0,-0.0031000000890344377,0.0004000001354143024,0.001500000013038516,-0.038080000318586826,0.004900000989437103,0.02499999944120645,-0.007999999448657036,0.020000000484287742,5.0,7.0,12-07,0.00021833343392548465
09-24,0.0,0.0,0.0,0.0,-0.0031999999191612005,0.0004000001354143024,0.001500000013038516,-0.038080000318586826,0.004900000989437103,0.02499999944120645,0.0011999998241662981,0.020000000484287742,6.0,6.0,12-08,0.0009766667208168656
09-25,0.0,0.0,0.0,0.0,-0.0031999999191612005,0.0004000001354143024,0.001500000013038516,-0.038080000318586826,0.004900000989437103,0.02499999944120645,0.0011999998241662981,0.020000000484287742,6.0,6.0,12-09,0.0009766667208168656
09-26,0.0,0.0,0.0,0.0,-0.0031999999191612005,0.0004000001354143024,0.001500000013038516,-0.038080000318586826,0.004900000989437103,0.02499999944120645,-0.0071000000461936,-0.010000001639127731,4.0,8.0,12-10,-0.0022150001119977483
09-27,0.0,0.0,0.0,0.0,-0.003299999749287963,0.0004000001354143024,0.001500000013038516,-0.038080000318586826,0.004900000989437103,0.02499999944120645,-0.0071000000461936,-0.010000001639127731,4.0,8.0,12-11,-0.0022233334311749786
09-28,0.0,0.0,0.0,0.0,-0.003299999749287963,0.0004000001354143024,0.001500000013038516,-0.038080000318586826,-9.99998301267624e-05,0.02499999944120645,-0.0071000000461936,-0.010000001639127731,3.0,9.0,12-12,-0.002640000166138634
09-29,0.0,0.0,0.0,0.0,-0.003299999749287963,0.0004000001354143024,0.001500000013038516,-0.038080000318586826,0.0,0.02499999944120645,-0.0071000000461936,-0.02499999850988388,3.0,9.0,12-13,-0.003881666586191083
09-30,0.0,0.0,0.0,0.0,-0.003299999749287963,0.0004000001354143024,0.001500000013038516,-0.023079999722540386,0.007000001147389412,0.02499999944120645,-0.0071000000461936,-0.0049999989569187156,4.0,8.0,12-14,-0.00038166647815766436
10-01,0.0,0.0,0.0,0.0,-0.0031999999191612005,0.0004000001354143024,0.001500000013038516,-0.023079999722540386,0.007000001147389412,0.02499999944120645,-0.0071000000461936,-0.0049999989569187156,4.0,8.0,12-15,-0.0003733331589804341
10-02,0.0,0.0,0.0,0.0,-0.0031999999191612005,0.0004000001354143024,0.001500000013038516,-0.023079999722540386,0.007000001147389412,0.02299999818205833,-0.0071000000461936,-0.0049999989569187156,4.0,8.0,12-16,-0.0005399999305761108
10-03,0.0,0.0,0.0,0.0,-0.0031999999191612005,0.0004000001354143024,0.001500000013038516,-0.023079999722540386,0.007000001147389412,0.025249999016523358,-0.0071000000461936,-0.0049999989569187156,4.0,8.0,12-17,-0.00035249986103735864
10-04,0.0,0.0,0.0,0.0,-0.0031999999191612005,0.0004000001354143024,0.001500000013038516,-0.023079999722540386,0.007000001147389412,0.023000000044703484,-0.0071000000461936,-0.0049999989569187156,4.0,8.0,12-18,-0.0005399997753556819
10-05,0.0,0.0,0.0,0.0,-0.0031999999191612005,0.0004000001354143024,0.001500000013038516,-0.023079999722540386,0.007000001147389412,0.017999999225139618,-0.0071000000461936,-0.0049999989569187156,4.0,8.0,12-19,-0.0009566665103193374
10-06,0.0,0.0,0.0,0.0,-0.0031999999191612005,0.0004000001354143024,0.001500000013038516,-0.023079999722540386,0.007000001147389412,0.01899999938905239,-0.0071000000461936,-0.0049999989569187156,4.0,8.0,12-20,-0.0008733331633266063
10-07,0.0,0.0,0.0,0.0,-0.0031999999191612005,0.0004000001354143024,0.001500000013038516,-0.023079999722540386,0.008899999782443047,0.01899999938905239,-0.0071000000461936,-0.0049999989569187156,4.0,8.0,12-21,-0.0007149999437388033
10-08,0.0,0.0,0.0,0.0,-0.0031999999191612005,0.0004000001354143024,0.001500000013038516,-0.023079999722540386,0.008899999782443047,0.01899999938905239,-0.0071000000461936,-0.0049999989569187156,4.0,8.0,12-22,-0.0007149999437388033
10-09,0.0,0.0,0.0,0.0,-0.0031999999191612005,0.0004000001354143024,0.001500000013038516,-0.023079999722540386,0.008899999782443047,0.01899999938905239,-0.0071000000461936,0.0,4.0,8.0,12-23,-0.0002983333639955769
10-10,0.0,0.0,0.0,0.0,-0.0031999999191612005,0.0004000001354143024,0.001500000013038516,-0.023079999722540386,0.008899999782443047,0.017480000853538513,-0.0071000000461936,0.0,4.0,8.0,12-24,-0.00042499990862173337
10-11,0.0,0.0,0.0,0.0,-0.0031999999191612005,0.0004000001354143024,0.001500000013038516,-0.023079999722540386,0.008899999782443047,0.009999999776482582,-0.0071000000461936,0.0,4.0,8.0,12-25,-0.0010483333317097276
10-12,0.0,0.0,0.0,0.0,-0.0031999999191612005,0.0004000001354143024,0.001500000013038516,-0.023079999722540386,0.007000001147389412,0.006999999284744264,-0.0071000000461936,0.0,4.0,8.0,12-26,-0.0014566665922757238
10-13,0.0,0.0,0.0,0.0,-0.0031999999191612005,0.0004000001354143024,0.001500000013038516,-0.023079999722540386,0.007000001147389412,-0.0049999989569187156,-0.0071000000461936,0.0,3.0,9.0,12-27,-0.0024566664457476386
10-14,0.0,0.0,0.0,0.0,-0.0031999999191612005,0.0004000001354143024,0.001500000013038516,-0.023079999722540386,0.007000001147389412,-0.0049999989569187156,-0.0071000000461936,0.0,3.0,9.0,12-28,-0.0024566664457476386
10-15,0.0,0.0,0.0,0.0,-0.0031999999191612005,0.0004000001354143024,0.001500000013038516,-0.023079999722540386,0.00520000047981739,-0.0049999989569187156,-0.0071000000461936,0.0,3.0,9.0,12-29,-0.0026066665013786405
10-16,0.0,0.0,0.0,0.0,-0.0031999999191612005,0.0004000001354143024,0.001500000013038516,-0.023079999722540386,0.00520000047981739,-0.0049999989569187156,-0.0071000000461936,0.0,3.0,9.0,12-30,-0.0026066665013786405
10-17,0.0,0.0,0.0,0.0,-0.0031999999191612005,0.0004000001354143024,0.001500000013038516,-0.023079999722540386,0.00520000047981739,-0.0049999989569187156,-0.0071000000461936,0.0,3.0,9.0,12-31,-0.0026066665013786405
10-18,0.0,0.0,0.0,0.0,-0.0031999999191612005,0.0004000001354143024,0.001500000013038516,-0.023079999722540386,0.00520000047981739,0.0130000002682209,-0.0071000000461936,0.0,4.0,8.0,01-01,-0.001106666565950339
10-19,0.0,0.0,0.0,0.0,-0.0031999999191612005,0.0004000001354143024,0.001500000013038516,-0.023079999722540386,0.00520000047981739,0.015500001609325409,-0.0071000000461936,0.0,4.0,8.0,01-02,-0.0008983331208582966
10-20,0.0,0.0,0.0,0.0,-0.004100000020116568,0.0004000001354143024,0.001500000013038516,-0.023079999722540386,0.00520000047981739,0.009999999776482582,-0.0071000000461936,0.0,4.0,8.0,01-03,-0.0014316666153414794
10-21,0.0,0.0,0.0,0.0,-0.004100000020116568,0.0004000001354143024,0.001500000013038516,-0.023079999722540386,0.00520000047981739,0.009999999776482582,-0.0071000000461936,0.0,4.0,8.0,01-04,-0.0014316666153414794
10-22,0.0,0.0,0.0,0.0,-0.004100000020116568,0.0004000001354143024,9.99998301267624e-05,-0.023079999722540386,0.00520000047981739,0.009999999776482582,-0.0071000000461936,0.0,4.0,8.0,01-05,-0.0015483332972507926
10-23,0.0,0.0,0.0,0.0,-0.004100000020116568,0.0004000001354143024,9.99998301267624e-05,-0.023079999722540386,0.00520000047981739,0.009999999776482582,-0.0071000000461936,0.0,4.0,8.0,01-06,-0.0015483332972507926
10-24,0.0,0.0,0.0,0.0,-0.004100000020116568,0.0004000001354143024,9.99998301267624e-05,-0.023079999722540386,0.00520000047981739,0.005000000819563866,-0.0071000000461936,0.0,4.0,8.0,01-07,-0.0019649998769940193
10-25,0.0,0.0,0.0,0.0,-0.004100000020116568,0.0004000001354143024,9.99998301267624e-05,-0.023079999722540386,0.00520000047981739,0.009999999776482582,-0.0071000000461936,0.0,4.0,8.0,01-08,-0.0015483332972507926
10-26,0.0,0.0,0.0,0.0,-0.004100000020116568,0.0004000001354143024,9.99998301267624e-05,-0.023079999722540386,0.00520000047981739,0.009999999776482582,-0.0071000000461936,0.0,4.0,8.0,01-09,-0.0015483332972507926
10-27,0.0,0.0,0.0,0.0,-0.004100000020116568,0.0004000001354143024,9.99998301267624e-05,-0.023079999722540386,0.00520000047981739,0.007999999448657036,-0.0071000000461936,0.0,4.0,8.0,01-10,-0.0017149999912362546
10-28,0.0,0.0,0.0,0.0,-0.004100000020116568,0.0004000001354143024,9.99998301267624e-05,-0.023079999722540386,0.00520000047981739,0.007999999448657036,-0.0071000000461936,0.0,4.0,8.0,01-11,-0.0017149999912362546
10-29,0.0,0.0,0.0,0.0,-0.004100000020116568,0.0004000001354143024,9.99998301267624e-05,-0.008079999126493929,0.00520000047981739,0.007999999448657036,-0.0071000000461936,0.0,4.0,8.0,01-12,-0.0004649999415657173
10-30,0.0,0.0,0.0,0.0,-0.004100000020116568,0.0004000001354143024,9.99998301267624e-05,-0.008079999126493929,0.00520000047981739,-0.023000000044703484,-0.0071000000461936,0.0,3.0,9.0,01-13,-0.003048333232679093
10-31,0.0,0.0,0.0,0.0,-0.004100000020116568,0.0004000001354143024,9.99998301267624e-05,-0.008079999126493929,0.00520000047981739,0.0,-0.0010999999940395355,0.0,3.0,9.0,01-14,-0.0006316665579409647
11-01,0.0,0.0,0.0,0.0,-0.004100000020116568,0.0004000001354143024,9.99998301267624e-05,-0.008079999126493929,0.00520000047981739,0.0,-0.0010999999940395355,0.0,3.0,9.0,01-15,-0.0006316665579409647
11-02,0.0,0.0,0.0,0.0,-0.004100000020116568,0.0004000001354143024,9.99998301267624e-05,-0.008079999126493929,0.00520000047981739,0.0,0.003399999812245369,0.0,4.0,8.0,01-16,-0.00025666657408388954
11-03,0.0,0.0,0.0,0.0,-0.004100000020116568,0.0004000001354143024,9.99998301267624e-05,-0.005830000154674053,0.00520000047981739,-0.009999999776482582,0.003399999812245369,0.0,4.0,8.0,01-17,-0.0009024999744724482
11-04,0.0,0.0,0.0,0.0,-0.004100000020116568,0.0004000001354143024,9.99998301267624e-05,-0.005830000154674053,0.00520000047981739,-0.009999999776482582,0.003399999812245369,0.0,4.0,8.0,01-18,-0.0009024999744724482
11-05,0.0,0.0,0.00020000000949949023,0.0,-0.0029000001959502697,0.0,9.99998301267624e-05,-0.006750000640749931,0.00520000047981739,-0.009999999776482582,0.004599999636411667,-0.008000001311302185,4.0,8.0,01-19,-0.0014625001640524715
11-06,0.0,0.0,0.00020000000949949023,0.0,-0.0029000001959502697,0.0,9.99998301267624e-05,-0.006750000640749931,0.00520000047981739,-0.009999999776482582,0.004599999636411667,0.0,4.0,8.0,01-20,-0.0007958333881106228
11-07,0.0,0.0,0.00020000000949949023,0.0,-0.0029000001959502697,0.0,9.99998301267624e-05,-0.006750000640749931,0.00520000047981739,-0.02000000141561032,0.004599999636411667,0.0,4.0,8.0,01-21,-0.0016291668580379335
11-08,0.0,0.0,0.00020000000949949023,0.0,-0.0029000001959502697,0.0,9.99998301267624e-05,0.0007999995723366737,0.00520000047981739,-0.02000000141561032,0.004599999636411667,0.0,5.0,7.0,01-22,-0.00100000017361405
11-09,0.0,0.0,0.00020000000949949023,0.0,-0.002600000239908695,0.0,9.99998301267624e-05,0.0007999995723366737,0.00520000047981739,-0.02000000141561032,0.004599999636411667,0.0,5.0,7.0,01-23,-0.000975000177277252
11-10,0.0,0.0,0.00020000000949949023,0.0,-0.002600000239908695,0.0,9.99998301267624e-05,0.0007999995723366737,0.00520000047981739,-0.02000000141561032,0.004599999636411667,0.0,5.0,7.0,01-24,-0.000975000177277252
11-11,0.0,0.0,0.00020000000949949023,0.0,-0.002600000239908695,0.0,9.99998301267624e-05,0.0007999995723366737,0.00520000047981739,-0.02000000141561032,0.004599999636411667,0.0,5.0,7.0,01-25,-0.000975000177277252
11-12,0.0,0.0,0.00020000000949949023,0.0,-0.002600000239908695,0.0,9.99998301267624e-05,-0.003999999724328518,0.00520000047981739,-0.02000000141561032,0.004599999636411667,0.0,4.0,8.0,01-26,-0.001375000118666018
11-13,0.0,0.0,0.00020000000949949023,0.0,-0.002600000239908695,0.0,9.99998301267624e-05,-0.003999999724328518,0.00520000047981739,-0.02000000141561032,0.00839999970048666,0.0,4.0,8.0,01-27,-0.0010583334466597687
11-14,0.0,0.0,0.00020000000949949023,0.0,-0.002600000239908695,-9.99998301267624e-05,9.99998301267624e-05,-0.003999999724328518,0.00520000047981739,-0.02000000141561032,0.00839999970048666,0.0,4.0,8.0,01-28,-0.0010666667658369988
11-15,0.0,0.0,0.00020000000949949023,0.0,-0.002600000239908695,-9.99998301267624e-05,0.001500000013038516,-0.003999999724328518,0.00520000047981739,-0.010000001639127731,0.00839999970048666,0.0,4.0,8.0,01-29,-0.00011666676922080416
11-16,0.0,0.0,0.00020000000949949023,0.0015000000275904313,-0.0006000001449137926,-9.99998301267624e-05,0.001500000013038516,-0.003999999724328518,0.00520000047981739,-0.009999999776482582,0.00839999970048666,0.0,5.0,7.0,01-30,0.00017500006288173608
11-17,0.0,0.0,0.00020000000949949023,0.0015000000275904313,-0.0006000001449137926,-9.99998301267624e-05,0.001500000013038516,-0.003999999724328518,0.00520000047981739,-0.009999999776482582,0.00839999970048666,0.0,5.0,7.0,01-31,0.00017500006288173608
11-18,0.0,0.0,0.00020000000949949023,0.0015000000275904313,-0.0006000001449137926,-9.99998301267624e-05,0.001500000013038516,-0.003999999724328518,0.00520000047981739,-0.009999999776482582,0.00839999970048666,0.0,5.0,6.0,02-01,0.00017500006288173608
11-19,0.0,0.0,0.00020000000949949023,0.0015000000275904313,-0.0006000001449137926,-9.99998301267624e-05,0.001500000013038516,-0.003999999724328518,0.00520000047981739,-0.009999999776482582,0.00839999970048666,0.0,5.0,6.0,02-02,0.00017500006288173608
11-20,0.0,0.0,0.00020000000949949023,0.0015000000275904313,-0.0006000001449137926,-9.99998301267624e-05,0.001500000013038516,-0.003999999724328518,0.00520000047981739,-0.009999999776482582,0.00839999970048666,0.0,5.0,6.0,02-03,0.00017500006288173608
11-21,0.0,0.0,0.00020000000949949023,0.0015000000275904313,-0.0006000001449137926,-9.99998301267624e-05,0.0005000000819563867,-0.003999999724328518,0.00520000047981739,-0.009999999776482582,0.009599999524652958,0.0,5.0,6.0,02-04,0.00019166672063875007
11-22,0.0,0.0,0.00020000000949949023,0.0015000000275904313,0.0012000000569969411,-9.99998301267624e-05,0.0005000000819563867,-0.0009200004860758779,0.0006000008434057237,-0.009999999776482582,0.01959999930113554,0.0,6.0,5.0,02-05,0.001048333352324941
11-23,0.0,0.0,0.00020000000949949023,0.0015000000275904313,0.0012000000569969411,-9.99998301267624e-05,0.0005000000819563867,-0.0009200004860758779,0.0006000008434057237,-0.009999999776482582,0.01119999960064888,0.0,6.0,5.0,02-06,0.0003483333772843859
11-24,0.0,0.0,0.00020000000949949023,0.0015000000275904313,0.0012000000569969411,-9.99998301267624e-05,0.0005000000819563867,-0.0009200004860758779,0.0006000008434057237,-0.009999999776482582,0.01119999960064888,0.0,6.0,5.0,02-07,0.0003483333772843859
11-25,0.0,0.0,0.00020000000949949023,0.0015000000275904313,0.0012000000569969411,-9.99998301267624e-05,0.0005000000819563867,-0.0009200004860758779,0.0006000008434057237,-0.0049999989569187156,0.01119999960064888,0.0,6.0,5.0,02-08,0.0007650001122480412
11-26,0.0,0.0,0.00020000000949949023,0.0015000000275904313,0.0012000000569969411,-9.99998301267624e-05,0.0005000000819563867,-0.0009200004860758779,0.0006000008434057237,-0.0049999989569187156,0.01119999960064888,0.0,6.0,5.0,02-09,0.0007650001122480412
11-27,0.0,0.0,0.00020000000949949023,0.0015000000275904313,0.0012000000569969411,-9.99998301267624e-05,0.0005000000819563867,-0.0009200004860758779,0.0006000008434057237,-0.0049999989569187156,0.01119999960064888,0.0,6.0,5.0,02-10,0.0007650001122480412
11-28,0.0,0.0,0.00020000000949949023,0.0015000000275904313,0.0012000000569969411,-9.99998301267624e-05,0.0005000000819563867,-0.0009200004860758779,0.0006000008434057237,-0.0020000003278255467,0.01119999960064888,0.0,6.0,5.0,02-11,0.0010149999980058058
11-29,0.0,0.0,0.00020000000949949023,0.0015000000275904313,0.0012000000569969411,-9.99998301267624e-05,0.0010000001639127733,-0.0009200004860758779,0.0006000008434057237,-0.0020000003278255467,0.01119999960064888,0.0,6.0,5.0,02-12,0.001056666671502171
11-30,0.0,0.0,0.00020000000949949023,0.0015000000275904313,0.0012000000569969411,-9.99998301267624e-05,0.0010000001639127733,-0.0009200004860758779,0.0006000008434057237,0.0010000020265579224,0.01119999960064888,0.0,7.0,4.0,02-13,0.0013066668677007935
12-01,0.0,0.0,0.00020000000949949023,0.0015000000275904313,0.0012000000569969411,-9.99998301267624e-05,0.0005000000819563867,-0.0009200004860758779,0.0006000008434057237,0.0010000020265579224,0.01119999960064888,0.0,7.0,4.0,02-14,0.001265000194204428
12-02,0.0,0.0,0.00020000000949949023,0.0015000000275904313,0.0012000000569969411,-9.99998301267624e-05,0.0005000000819563867,-0.0009200004860758779,-0.004399999976158142,0.0010000020265579224,0.01119999960064888,0.0,6.0,5.0,02-15,0.0008483334592407724
12-03,0.0,0.0,0.00020000000949949023,0.0015000000275904313,0.0012000000569969411,0.0,0.0005000000819563867,-0.0009200004860758779,-0.004399999976158142,0.0010000020265579224,0.01119999960064888,0.0,6.0,5.0,02-16,0.0008566667784180028
12-04,0.0,0.0,0.00020000000949949023,0.0015000000275904313,0.0012000000569969411,0.0,0.0005000000819563867,-0.0009200004860758779,-0.004399999976158142,0.0010000020265579224,0.01119999960064888,0.0,6.0,5.0,02-17,0.0008566667784180028
12-05,0.0,0.0,0.00020000000949949023,0.0015000000275904313,0.0012000000569969411,0.0,0.0005000000819563867,-0.0009200004860758779,-0.004399999976158142,0.0010000020265579224,0.01119999960064888,0.0,6.0,5.0,02-18,0.0008566667784180028
12-06,0.0,0.0,0.00020000000949949023,0.0015000000275904313,0.0012000000569969411,0.0,0.011499999556690454,-0.0009200004860758779,-0.004399999976158142,-0.0029999986290931697,0.01949999947100877,0.0,5.0,6.0,02-19,0.002131666669204909
12-07,0.0,0.0,0.00020000000949949023,0.0015000000275904313,0.0012000000569969411,0.0,0.011499999556690454,-0.0009200004860758779,-0.004399999976158142,-0.0029999986290931697,0.01949999947100877,0.0,5.0,6.0,02-20,0.002131666669204909
12-08,0.0,0.0,0.00020000000949949023,0.0015000000275904313,0.0012000000569969411,0.0,0.011499999556690454,-0.0009200004860758779,0.0006000008434057237,-0.0029999986290931697,0.01949999947100877,0.0,6.0,5.0,02-21,0.0025483334041685643
12-09,0.0,0.0,0.00020000000949949023,0.0015000000275904313,0.0012000000569969411,0.0,0.002499999944120645,-0.0009200004860758779,0.0006000008434057237,-0.0029999986290931697,0.01949999947100877,0.0,6.0,5.0,02-22,0.0017983334364544137
12-10,0.0,0.0,0.00020000000949949023,0.0015000000275904313,0.0012000000569969411,0.0,0.003500000108033419,-0.0009200004860758779,0.0006000008434057237,-0.0029999986290931697,0.01949999947100877,0.0,6.0,5.0,02-23,0.001881666783447145
12-11,0.0,0.0,0.00020000000949949023,0.0015000000275904313,-0.0006000001449137926,0.0,0.003500000108033419,-0.0009200004860758779,0.0006000008434057237,-0.0029999986290931697,0.01949999947100877,0.0,5.0,6.0,02-24,0.00173166676662125
12-12,0.0,0.0,0.00020000000949949023,0.0015000000275904313,-0.0006000001449137926,0.0,0.002499999944120645,-0.0009200004860758779,-0.006400000303983688,-0.0029999986290931697,0.029499999247491363,0.0,4.0,7.0,02-25,0.0018983333053862832
12-13,0.0,0.0,0.00020000000949949023,0.0015000000275904313,-0.0006000001449137926,0.0,0.002499999944120645,-0.0009200004860758779,-0.006400000303983688,-0.0029999986290931697,0.029499999247491363,0.0,4.0,7.0,02-26,0.0018983333053862832
12-14,0.0,0.0,0.00020000000949949023,0.0015000000275904313,-0.0006000001449137926,0.0,0.002499999944120645,-0.0009200004860758779,-0.006400000303983688,0.0020000003278255467,0.029499999247491363,0.0,5.0,6.0,02-27,0.002314999885129509
12-15,0.0,0.0,0.00020000000949949023,0.0015000000275904313,-0.0006000001449137926,0.0,0.002499999944120645,-0.0009200004860758779,-0.006400000303983688,0.0020000003278255467,0.029499999247491363,0.0,5.0,6.0,02-28,0.002314999885129509
12-16,0.0,0.0,0.00020000000949949023,0.0015000000275904313,-0.0006000001449137926,0.0,0.002499999944120645,-0.0009200004860758779,-0.006400000303983688,0.0020000003278255467,0.029499999247491363,0.0,5.0,6.0,03-01,0.002314999885129509
12-17,0.0,0.0,0.00020000000949949023,0.0015000000275904313,-0.0006000001449137926,0.0,0.002499999944120645,-0.0009200004860758779,-0.006400000303983688,0.0020000003278255467,0.029499999247491363,0.0,5.0,6.0,03-02,0.002314999885129509
12-18,-0.00399999984074384,0.0,0.00020000000949949023,0.0015000000275904313,-0.0006000001449137926,0.0,0.002499999944120645,-0.0009200004860758779,-0.006400000303983688,0.0020000003278255467,0.029499999247491363,0.0,5.0,6.0,03-03,0.0019816665650675227
12-19,-0.00399999984074384,0.0,0.00020000000949949023,0.0015000000275904313,-0.0006000001449137926,0.0,0.002499999944120645,-0.0009200004860758779,-0.008299998939037323,0.0020000003278255467,0.029499999247491363,0.0,5.0,6.0,03-04,0.0018233333454797198
12-20,-0.00399999984074384,0.0,0.00020000000949949023,0.0015000000275904313,-0.0006000001449137926,0.0,0.002499999944120645,-0.0009200004860758779,-0.008299998939037323,0.0020000003278255467,0.039500000886619084,0.0,5.0,6.0,03-05,0.0026566668154070308
12-21,-0.00399999984074384,0.0,0.00020000000949949023,0.0015000000275904313,-0.0006000001449137926,0.0,0.002499999944120645,-0.0009200004860758779,-0.006400000303983688,0.0020000003278255467,0.039500000886619084,0.0,5.0,6.0,03-06,0.0028150000349948336
12-22,-0.00399999984074384,0.0,0.00020000000949949023,0.0015000000275904313,-0.0006000001449137926,0.0,0.002499999944120645,-0.0009200004860758779,-0.006400000303983688,0.0020000003278255467,0.039500000886619084,0.0,5.0,6.0,03-07,0.0028150000349948336
12-23,-0.00399999984074384,0.0,0.00020000000949949023,0.0015000000275904313,-0.0006000001449137926,0.0,0.002499999944120645,-0.0009200004860758779,-0.006400000303983688,0.0020000003278255467,0.039500000886619084,0.0,5.0,6.0,03-08,0.0028150000349948336
12-24,-0.00399999984074384,0.0,0.00020000000949949023,0.0015000000275904313,-0.0006000001449137926,0.0,0.002499999944120645,-0.0009200004860758779,-0.006400000303983688,0.0020000003278255467,0.039500000886619084,0.0,5.0,6.0,03-09,0.0028150000349948336
12-26,-0.00399999984074384,0.0,0.00020000000949949023,0.0015000000275904313,-0.0006000001449137926,0.0,0.002499999944120645,-0.0009200004860758779,-0.006400000303983688,0.0049999989569187156,0.039500000886619084,0.0,5.0,6.0,03-11,0.003064999920752598
12-27,-0.00399999984074384,0.0,0.00020000000949949023,0.0015000000275904313,-0.0006000001449137926,0.0,0.002499999944120645,-0.0009200004860758779,-0.004599999636411667,0.0049999989569187156,0.04449999984353781,0.0,5.0,6.0,03-12,0.003631666556126826
12-28,-0.00399999984074384,0.0,0.00020000000949949023,0.0015000000275904313,-0.0006000001449137926,0.0,0.002499999944120645,-0.0009200004860758779,-0.004599999636411667,0.0044999979436397535,0.04449999984353781,0.0,5.0,6.0,03-13,0.003589999805020246
12-29,-0.00399999984074384,0.0,0.00020000000949949023,0.0015000000275904313,-0.0006000001449137926,0.0,0.002499999944120645,-0.0009200004860758779,-0.004599999636411667,0.009999999776482582,0.04449999984353781,0.0,5.0,6.0,03-14,0.004048333291090482
12-30,-0.00399999984074384,0.0,0.00020000000949949023,0.0015000000275904313,-0.0006000001449137926,0.0,0.002499999944120645,-0.0009200004860758779,-0.004599999636411667,0.009999999776482582,0.04449999984353781,0.0,5.0,6.0,03-15,0.004048333291090482
12-31,-0.00399999984074384,0.0,0.00020000000949949023,0.0015000000275904313,0.00029999995604157453,0.0,0.003900000127032399,-0.0009200004860758779,-0.004599999636411667,0.009999999776482582,0.04449999984353781,0.0,6.0,5.0,03-16,0.0042399999814127405
