,2009,2010,2011,2012,2013,2014,2015,2016,2017,2018,2019,2020,ups,downs,end_day_sum,avg
01-02,-0.3699999451637268,0.10000002384185792,-1.549999713897705,0.25,-0.3700000047683716,0.35999995470047,-0.12999996542930606,0.20999997854232788,0.1899999976158142,-0.20999997854232788,0.06999999284744263,-0.3200000077486038,6.0,6.0,03-17,-0.14749997233351073
01-03,-0.2300000786781311,0.12999999523162842,-1.549999713897705,0.25,-0.3799999952316284,0.35999995470047,-0.13999998569488525,0.21999996900558472,0.1899999976158142,-0.23000001907348636,0.1199999749660492,-0.32999999821186066,6.0,6.0,03-18,-0.13249999160567918
01-04,-0.18000006675720215,0.12999999523162842,-1.2799997329711914,0.0,-0.2799999713897705,0.25999999046325684,-0.1499999761581421,0.21999996900558472,0.18000000715255735,-0.2500000298023224,0.09999999403953552,-0.3099999725818634,5.0,7.0,03-19,-0.12999998281399408
01-05,-0.18000006675720215,0.12000000476837157,-0.7200002670288086,-0.1099998950958252,-0.25999999046325684,0.2400000095367432,-0.1499999761581421,0.21999996900558472,0.1499999761581421,-0.2500000298023224,0.12000000476837157,-0.31999997794628143,5.0,7.0,03-20,-0.09500001991788548
01-06,-0.06999999284744263,0.0,-0.4700002670288086,-0.25999999046325684,-0.25,0.2400000095367432,-0.19999998807907104,0.2200000286102295,0.060000002384185784,-0.22999998927116394,0.12999999523162842,-0.31999997794628143,4.0,8.0,03-21,-0.09583334748943646
01-07,0.060000002384185784,0.019999980926513672,0.1700000762939453,-0.20000004768371585,-0.25,0.25999999046325684,-0.18000000715255735,0.23000001907348636,0.039999961853027344,-0.2199999988079071,0.12999999523162842,-0.33000002801418304,7.0,5.0,03-22,-0.02250000461935997
01-08,-0.09000003337860107,0.04999995231628418,0.3000001907348633,-0.1399998664855957,-0.440000057220459,0.20000004768371585,-0.18000000715255735,0.25999999046325684,0.039999961853027344,-0.2199999988079071,0.15000000596046448,-0.3200000077486038,6.0,6.0,03-23,-0.032499985148509346
01-09,-0.030000090599060062,-0.0700000524520874,0.2800002098083496,-0.1399998664855957,-0.41999995708465576,0.20999997854232788,-0.13999998569488525,0.2799999713897705,0.039999961853027344,-0.15000000596046448,0.09999999403953552,-0.2899999767541885,5.0,7.0,03-24,-0.027499984949827198
01-10,0.14999991655349731,-0.0700000524520874,0.2800002098083496,-0.2399997711181641,-0.5600000619888306,0.19999998807907104,-0.1499999761581421,0.2799999713897705,0.029999971389770508,-0.15000000596046448,0.09999999403953552,-0.30000001192092896,6.0,6.0,03-25,-0.03583331902821859
01-11,0.13999992609024048,-0.0700000524520874,0.07000017166137695,-0.20000004768371585,-0.6200000047683716,0.18000000715255735,-0.1499999761581421,0.2799999713897705,0.04999995231628418,-0.11000001430511476,0.09000000357627869,-0.2700000107288361,6.0,6.0,03-26,-0.050833339492479965
01-12,0.13999992609024048,-0.019999980926513672,-0.08999967575073242,-0.25999999046325684,-0.7300000190734863,0.12000000476837157,-0.1499999761581421,0.2799999713897705,0.060000002384185784,-0.15000000596046448,0.06999999284744263,-0.2400000095367432,5.0,7.0,03-27,-0.08083331336577733
01-13,0.13999992609024048,-0.08000004291534424,-0.009999752044677734,-0.2400000095367432,-0.7300000190734863,0.12000000476837157,-0.1499999761581421,0.2899999916553497,0.04000002145767212,-0.09000003337860107,0.060000002384185784,-0.2400000095367432,5.0,7.0,03-28,-0.07416665802399318
01-14,0.2599999308586121,-0.06000006198883056,0.3499999046325684,-0.6400001049041748,-0.7300000190734863,0.11000001430511476,-0.12999999523162842,0.31999996304512024,-0.06999999284744263,-0.09000003337860107,0.060000002384185784,-0.19999998807907104,5.0,7.0,03-29,-0.06833336502313614
01-15,0.2699999809265137,0.04999995231628418,0.21000003814697266,-0.8399999141693115,-0.7100000381469727,0.09000003337860107,-0.11000001430511476,0.2600000202655792,-0.060000002384185784,-0.09000003337860107,0.08000001311302185,-0.21000000834465027,6.0,6.0,03-30,-0.08833333104848863
01-16,0.1499999761581421,0.020000100135803226,0.23000001907348636,-0.8399999141693115,-0.7199999094009399,0.10000002384185792,-0.12999999523162842,0.29999998211860657,-0.060000002384185784,-0.09000003337860107,0.009999990463256836,-0.25,6.0,6.0,03-31,-0.10666664689779283
01-17,0.05000001192092896,0.020000100135803226,0.23000001907348636,-0.8399999141693115,-0.6499999761581421,0.060000002384185784,-0.1600000262260437,0.320000022649765,-0.060000002384185784,-0.14000004529953006,0.010000020265579224,-0.25,6.0,6.0,04-01,-0.11749998231728873
01-18,0.21999996900558472,0.020000100135803226,0.23000001907348636,-0.8199999332427979,-0.5499999523162842,0.060000002384185784,-0.1600000262260437,0.320000022649765,0.0,-0.12999999523162842,0.010000020265579224,-0.23000001907348636,6.0,6.0,04-02,-0.08583331604798634
01-19,0.21999996900558472,0.020000100135803226,0.030000209808349613,-0.8999998569488525,-0.4299999475479126,0.060000002384185784,-0.1600000262260437,0.320000022649765,0.010000050067901613,-0.11000001430511476,0.0,-0.2200000286102295,6.0,6.0,04-03,-0.0966666266322136
01-20,0.21999996900558472,0.25999999046325684,0.6700000762939453,-0.6800000667572021,-0.4599999189376831,0.060000002384185784,-0.1600000262260437,0.33000001311302185,0.0,-0.10000002384185792,0.0,-0.2200000286102295,5.0,7.0,04-04,-0.006666667759418488
01-21,0.0899999737739563,0.33000004291534424,1.010000228881836,-0.5999999046325684,-0.4599999189376831,0.060000002384185784,-0.14000001549720764,0.33000001311302185,0.0,-0.10000002384185792,0.0,-0.2200000286102295,5.0,7.0,04-05,0.02500003079573313
01-22,0.0899999737739563,0.4599999189376831,1.4699997901916504,-0.5999999046325684,-0.4599999189376831,0.0899999737739563,-0.14000001549720764,0.3199999928474426,0.0,-0.10000002384185792,0.0,-0.20000001788139346,5.0,7.0,04-06,0.07749998072783153
01-23,-0.009999990463256836,0.46999990940094,1.559999942779541,-0.5999999046325684,-0.4100000858306885,0.12000000476837157,-0.11000001430511476,0.3399999737739563,0.0,-0.08000004291534424,0.03999999165534973,-0.2400000095367432,5.0,7.0,04-07,0.0899999812245369
01-24,-0.10000002384185792,0.46999990940094,1.559999942779541,-0.3900001049041748,-0.4100000858306885,0.13999998569488525,-0.11000001430511476,0.3399999737739563,-0.019999980926513672,-0.060000002384185784,0.06999999284744263,-0.21000000834465027,5.0,7.0,04-08,0.10666663199663162
01-25,-0.10000002384185792,0.46999990940094,1.9699997901916504,-0.7000000476837158,-0.3400000333786011,0.13999998569488525,-0.11000001430511476,0.3399999737739563,-0.04000002145767212,-0.08000004291534424,-0.009999990463256836,-0.21000000834465027,4.0,8.0,04-09,0.11083328972260158
01-26,-0.10000002384185792,0.4299999475479126,1.7400002479553225,-0.6500000953674316,-0.2900000810623169,0.06999999284744263,-0.11000001430511476,0.32999998331069946,-0.010000050067901613,-0.06999999284744263,0.0,-0.21000000834465027,4.0,8.0,04-10,0.09416665881872176
01-27,-0.04999995231628418,0.25999999046325684,1.7800002098083496,-0.8600000143051147,-0.3400000333786011,0.06999999284744263,-0.10000002384185792,0.3500000238418579,0.03000003099441528,-0.07999998331069946,0.0,-0.21000000834465027,5.0,7.0,04-11,0.07083335270484288
01-28,-0.04999995231628418,0.6600000858306885,1.3400001525878906,-0.6699999570846558,-0.3400000333786011,0.03000003099441528,-0.11000001430511476,0.2899999916553497,0.04000002145767212,-0.039999961853027344,0.0,-0.21000000834465027,5.0,7.0,04-12,0.07833336293697357
01-29,0.019999980926513672,0.45000016689300537,1.0399999618530271,-0.7099999189376831,-0.309999942779541,0.04000002145767212,-0.030000001192092892,0.3599999845027924,0.04000002145767212,-0.039999961853027344,0.009999990463256836,-0.20000001788139346,7.0,5.0,04-13,0.05583335707585017
01-30,0.060000002384185784,0.3500000238418579,1.2100000381469729,-0.7099999189376831,-0.4000000953674317,-0.029999971389770508,-0.09000000357627869,0.4099999964237213,0.04000002145767212,-0.05000001192092896,0.009999990463256836,-0.179999977350235,6.0,6.0,04-14,0.05166667451461157
01-31,0.06999999284744263,0.5300000905990601,1.2100000381469729,-0.7199999094009399,-0.33000004291534424,-0.11000001430511476,-0.09000000357627869,0.4000000059604645,-0.029999971389770508,-0.08000004291534424,-0.02000001072883606,-0.179999977350235,4.0,8.0,04-15,0.05416667958100637
02-01,0.06999999284744263,0.5300000905990601,1.190000057220459,-0.5300000905990601,-0.5300000905990601,-0.15000003576278687,-0.09000000357627869,0.4000000059604645,0.009999990463256836,-0.060000002384185784,-0.030000001192092892,-0.09000000357627869,5.0,7.0,04-16,0.059999992450078324
02-02,0.06999999284744263,0.5400000810623169,1.380000114440918,-0.5199999809265137,-0.6400001049041748,-0.15000003576278687,-0.09000000357627869,0.3899999856948853,-0.08000004291534424,-0.06999999284744263,-0.03999999165534973,-0.07999998331069946,4.0,8.0,04-17,0.05916666984558105
02-03,0.1899999976158142,0.4200000762939453,1.1600003242492676,-0.6800000667572021,-0.7100000381469727,-0.15000003576278687,-0.06999999284744263,0.36000001430511475,-0.06999999284744263,-0.06999999284744263,-0.03999999165534973,-0.07999998331069946,4.0,8.0,04-18,0.021666693190733596
02-04,0.04000002145767212,0.3799999952316284,1.0599999427795408,-0.6600000858306885,-0.7100000381469727,-0.1899999976158142,-0.06999999284744263,0.3500000238418579,-0.3799999356269837,-0.029999971389770508,-0.03999999165534973,-0.09000000357627869,4.0,8.0,04-19,-0.028333336114883426
02-05,0.05000001192092896,0.5199999809265137,0.8299999237060547,-0.7200000286102295,-0.6999999284744263,-0.1600000262260437,-0.04000002145767212,0.3999999761581421,-0.3999999761581421,-0.029999971389770508,-0.019999980926513672,-0.05000001192092896,4.0,8.0,04-20,-0.02666667103767395
02-06,0.2899999618530273,0.6299998760223389,0.8299999237060547,-0.7200000286102295,-0.6599999666213989,-0.13999998569488525,-0.05000001192092896,0.4399999976158142,-0.3999999761581421,-0.04000002145767212,-0.019999980926513672,-0.08000001311302185,4.0,8.0,04-21,0.006666647891203564
02-07,0.24000006914138794,0.5499999523162842,0.8299999237060547,-0.7300000190734863,-0.6000000238418579,-0.13999998569488525,-0.05000001192092896,0.4900000095367432,-0.36000001430511475,-0.04000002145767212,-0.030000001192092892,-0.12999999523162842,4.0,8.0,04-22,0.002499990165233612
02-08,0.20999997854232788,0.5499999523162842,0.7199997901916504,-0.7200000286102295,-0.6000000238418579,-0.25999999046325684,-0.05000001192092896,0.4900000095367432,-0.36000001430511475,0.03000003099441528,-0.030000001192092892,-0.14000001549720764,5.0,7.0,04-23,-0.013333360354105631
02-09,0.20999997854232788,0.5,0.4499998092651367,-0.7300000190734863,-0.5900000333786011,-0.19999998807907104,-0.05000001192092896,0.479999989271164,-0.3500000238418579,0.060000002384185784,-0.05000001192092896,-0.14000001549720764,5.0,7.0,04-24,-0.034166693687438965
02-10,0.20999997854232788,0.4700000286102295,0.7799997329711914,-0.7800000905990601,-0.5,-0.19999998807907104,-0.05000001192092896,0.6599999666213989,-0.4399999976158142,0.019999980926513672,-0.05000001192092896,-0.14000001549720764,5.0,7.0,04-25,-0.0016667023301124573
02-11,0.16999995708465576,0.43999993801116943,0.6100001335144043,-0.720000147819519,-0.5,-0.27000004053115845,-0.02000001072883606,0.6500000059604645,-0.43999993801116943,0.05000001192092896,-0.05000001192092896,-0.15000000596046448,5.0,7.0,04-26,-0.019166675706704456
02-12,0.15999996662139893,0.4700000286102295,0.3700003623962401,-0.6600000858306885,-0.4099999666213989,-0.33000004291534424,-0.02000001072883606,0.5900000035762787,-0.4599999189376831,0.05000001192092896,-0.02000001072883606,-0.09000000357627869,5.0,7.0,04-27,-0.029166638851165768
02-13,0.19999998807907104,0.3400000333786011,0.9300003051757812,-0.6600000858306885,-0.43999993801116943,-0.2699999809265137,-0.03999999165534973,0.629999965429306,-0.4599999189376831,0.0,-0.04000002145767212,-0.09000000357627869,4.0,8.0,04-28,0.008333362638950348
02-14,0.13999998569488525,0.3400000333786011,0.9300003051757812,-0.6600000858306885,-0.4099999666213989,-0.33000004291534424,-0.030000001192092892,0.6500000059604645,-0.43999993801116943,-0.060000002384185784,-0.06999999284744263,-0.09999999403953552,4.0,8.0,04-29,-0.0033333078026771545
02-15,0.13999998569488525,0.3400000333786011,0.869999885559082,-0.6700000762939453,-0.4099999666213989,-0.440000057220459,-0.03999999165534973,0.6500000059604645,-0.3800000548362732,-0.009999990463256836,-0.06999999284744263,-0.060000002384185784,4.0,8.0,04-30,-0.0066666851441065465
02-16,0.13999998569488525,0.3400000333786011,0.6799998283386229,-0.690000057220459,-0.3999999761581421,-0.43000006675720215,-0.03999999165534973,0.6500000059604645,-0.3799999952316284,0.009999990463256836,-0.0899999737739563,-0.060000002384185784,5.0,7.0,05-01,-0.02250001827875773
02-17,0.13999998569488525,0.4099999666213989,0.5399999618530273,-0.4700000286102295,-0.3999999761581421,-0.43000006675720215,-0.03999999165534973,0.6400000154972076,-0.3800000548362732,0.009999990463256836,-0.1199999749660492,-0.060000002384185784,5.0,7.0,05-02,-0.013333347936471304
02-18,0.2699999213218689,0.3799999952316284,-0.1700000762939453,-0.7999999523162842,-0.3999999761581421,-0.43000006675720215,-0.03999999165534973,0.6299999952316284,-0.4100000262260437,-0.009999990463256836,-0.1199999749660492,-0.060000002384185784,3.0,9.0,05-03,-0.09666667878627776
02-19,0.06999999284744263,0.5600000619888306,0.12000036239624025,-0.8600000143051147,-0.3999999761581421,-0.4800000190734863,-0.009999990463256836,0.6700000464916229,-0.4200000166893005,-0.009999990463256836,-0.1199999749660492,-0.08000001311302185,4.0,8.0,05-04,-0.07999996095895767
02-20,0.0899999737739563,0.6000000238418579,0.1400003433227539,-0.8600000143051147,-0.20000004768371585,-0.2899999618530273,0.0,0.7199999988079071,-0.4200000166893005,-0.009999990463256836,-0.09999999403953552,-0.13999998569488525,4.0,8.0,05-05,-0.03916663924853007
02-21,-0.08000004291534424,0.6200000047683716,0.1400003433227539,-0.8600000143051147,-0.31999993324279785,-0.3700000047683716,0.009999990463256836,0.5599999725818634,-0.4200000166893005,0.0,-0.09999999403953552,-0.10000002384185792,4.0,8.0,05-06,-0.07666664322217305
02-22,0.3799999952316284,0.6200000047683716,0.1400003433227539,-0.9499999284744264,-0.4000000357627869,-0.4099999666213989,-0.009999990463256836,0.5599999725818634,-0.3799999356269837,0.03000003099441528,-0.10999998450279236,-0.06999999284744263,5.0,7.0,05-07,-0.04999995728333791
02-23,0.3799999952316284,0.5700000524520874,-0.2199997901916504,-0.8600000143051147,-0.5299999713897705,-0.4099999666213989,-0.009999990463256836,0.5399999916553497,-0.4000000357627869,0.0,-0.10999998450279236,-0.1199999749660492,3.0,9.0,05-08,-0.09749997407197952
02-24,0.43000006675720215,0.7200000286102295,0.2200002670288086,-0.8899999856948853,-0.4599999785423279,-0.4099999666213989,-0.009999990463256836,0.5199999809265137,-0.4100000262260437,0.0,-0.09999999403953552,-0.1199999749660492,4.0,8.0,05-09,-0.042499964435895286
02-25,0.43000006675720215,0.5799999237060547,0.5799999237060547,-0.9199999570846558,-0.4599999785423279,-0.3999999761581421,-0.009999990463256836,0.550000011920929,-0.3100000023841858,-0.019999980926513672,-0.09999999403953552,-0.07999998331069946,4.0,8.0,05-10,-0.013333328068256378
02-26,0.6899999380111694,0.4900000095367432,0.3000001907348633,-0.9199999570846558,-0.4599999785423279,-0.3700000047683716,-0.009999990463256836,0.4699999988079071,-0.3199999928474426,-0.019999980926513672,-0.09999999403953552,-0.030000001192092892,4.0,8.0,05-11,-0.023333313564459484
02-27,0.5099999904632568,0.559999942779541,-0.1700000762939453,-0.9199999570846558,-0.4100000262260437,-0.3700000047683716,-0.03999999165534973,0.5099999904632568,-0.3199999928474426,-0.019999980926513672,-0.09999999403953552,0.02000001072883606,4.0,8.0,05-12,-0.0625000074505806
02-28,0.6599999666213989,0.6500000953674316,-0.1700000762939453,-1.2500001192092896,-0.4099999666213989,-0.4399999976158142,-0.12999996542930606,0.5400000214576721,-0.19999998807907104,0.04000002145767212,-0.11000001430511476,0.06999999284744263,5.0,7.0,05-13,-0.06250000248352687
02-29,0.0,0.0,0.0,-0.9900000095367432,0.0,0.0,0.0,0.5400000214576721,0.0,0.0,0.0,0.060000002384185784,2.0,1.0,05-14,-0.032499998807907104
03-01,0.6200000047683716,0.6500000953674316,-0.13000011444091794,-1.3700000047683716,-0.3700000047683716,-0.4100000262260437,-0.07999998331069946,0.5600000321865082,-0.2200000286102295,0.060000002384185784,-0.06999999284744263,0.06999999284744263,5.0,7.0,05-15,-0.057500002284844726
03-02,0.6200000047683716,0.6000000238418579,-0.23000001907348636,-1.440000057220459,-0.3400000333786011,-0.4100000262260437,-0.07999998331069946,0.5500000417232513,-0.1899999976158142,0.04000002145767212,-0.060000002384185784,0.06999999284744263,5.0,7.0,05-16,-0.07250000288089116
03-03,0.6299999952316284,0.6599999666213989,-0.19000005722045896,-1.4700000286102295,-0.4000000357627869,-0.4100000262260437,0.0,0.4899999797344208,-0.1499999761581421,0.05000001192092896,-0.060000002384185784,0.03999999165534973,5.0,7.0,05-17,-0.06750001509984334
03-04,0.4800000190734863,0.7900000810623169,-0.5500001907348633,-1.4099999666213991,-0.4000000357627869,-0.4100000262260437,0.009999990463256836,0.5100000202655792,-0.17000001668930054,0.05000001192092896,-0.060000002384185784,0.05000001192092896,6.0,6.0,05-18,-0.09250000864267348
03-05,0.690000057220459,0.4800000190734863,-0.75,-1.4099999666213991,-0.3800000548362732,-0.3600000739097595,0.009999990463256836,0.4800000190734863,-0.10000002384185792,0.05000001192092896,-0.05000001192092896,0.03999999165534973,6.0,6.0,05-19,-0.10833333681027096
03-06,0.64000004529953,0.559999942779541,-0.6000003814697266,-1.1999999284744265,-0.5,-0.3899999856948853,0.019999980926513672,0.4599999785423279,-0.10000002384185792,0.04000002145767212,-0.02000001072883606,0.030000001192092892,6.0,6.0,05-20,-0.08833336333433787
03-07,0.7800000309944153,0.5099999904632568,-0.6000003814697266,-1.269999861717224,-0.5600000023841858,-0.2799999713897705,-0.009999990463256836,0.4599999785423279,-0.06999999284744263,0.04000002145767212,0.0,0.20999997854232788,5.0,7.0,05-21,-0.06583335002263388
03-08,0.9999999403953552,0.5099999904632568,-0.6100001335144043,-1.21999990940094,-0.5699999928474426,-0.2800000309944153,-0.030000001192092892,0.44999998807907104,-0.060000002384185784,0.04000002145767212,0.0,0.25,5.0,7.0,05-22,-0.04333334416151047
03-09,0.9999999403953552,0.5099999904632568,-0.39999961853027344,-1.21999990940094,-0.60999995470047,-0.2800000309944153,-0.030000001192092892,0.4300000071525574,-0.04999995231628418,0.05000001192092896,-0.060000002384185784,0.25,5.0,7.0,05-23,-0.034166626632213586
03-10,1.149999976158142,0.16999995708465576,-0.20000028610229487,-1.21999990940094,-0.60999995470047,-0.2800000309944153,0.030000001192092892,0.43000003695487976,-0.05000001192092896,0.060000002384185784,-0.030000001192092892,0.25,6.0,6.0,05-24,-0.025000018378098805
03-11,1.1399999260902405,0.23000001907348636,-0.3900003433227539,-1.2599999904632568,-0.60999995470047,-0.30000001192092896,0.030000001192092892,0.4000000357627869,-0.15000003576278687,0.04000002145767212,-0.030000001192092892,0.30000001192092896,6.0,6.0,05-25,-0.05000002682209015
03-12,1.170000076293945,0.19000005722045896,-0.2399997711181641,-1.2599999904632568,-0.6399999260902405,-0.3199999928474426,0.030000001192092892,0.3899999856948853,-0.15000003576278687,0.04000002145767212,-0.03999999165534973,0.25999999046325684,6.0,6.0,05-26,-0.04749996463457743
03-13,1.1199999451637268,0.1099998950958252,-0.15999984741210938,-1.190000057220459,-0.6700000166893005,-0.3199999928474426,0.03999999165534973,0.36000001430511475,-0.15000003576278687,0.0,-0.04999998211860657,0.2799999862909317,5.0,7.0,05-27,-0.05250000829497973
03-14,0.8399999737739563,0.15000009536743164,-0.15999984741210938,-1.1000001430511477,-0.6399999856948853,-0.2999999523162842,0.03999999165534973,0.36000001430511475,-0.14000004529953006,0.0,-0.060000002384185784,0.23000000417232516,5.0,7.0,05-28,-0.06499999140699704
03-15,0.8399999737739563,0.15000009536743164,0.5199999809265137,-1.130000114440918,-0.6200000047683716,-0.3199999928474426,0.03999999165534973,0.36000001430511475,-0.20000004768371585,0.04000002145767212,-0.10999998450279236,0.26000000536441803,7.0,5.0,05-29,-0.01416667178273201
03-16,0.8399999737739563,0.1400001049041748,0.2999997138977051,-1.0099999904632568,-0.5999999642372131,-0.3199999928474426,0.03999999165534973,0.3500000238418579,-0.2799999713897705,0.04999998211860657,-0.1599999964237213,0.26000000536441803,7.0,5.0,05-30,-0.032500009983778
03-17,0.8000000119209291,0.1100001335144043,-0.08999967575073242,-1.03000009059906,-0.6399999856948853,-0.3199999928474426,0.05000001192092896,0.34999996423721313,-0.2699999809265137,0.04999998211860657,-0.1599999964237213,0.2700000107288361,6.0,6.0,05-31,-0.07333330065011978
03-18,0.7799999713897705,0.1399998664855957,0.25,-1.0900001525878906,-0.6399999856948853,-0.25,0.060000002384185784,0.25999999046325684,-0.16999995708465576,0.04999998211860657,-0.1599999964237213,0.2699999958276749,7.0,5.0,06-01,-0.04166669026017189
03-19,1.0299999713897705,0.1399998664855957,-0.19000005722045896,-1.0900001525878906,-0.6200000047683716,-0.23000001907348636,0.17000001668930054,0.12000000476837157,-0.12000000476837157,0.04999998211860657,-0.1599999964237213,0.26000000536441803,6.0,6.0,06-02,-0.053333365668853126
03-20,0.9400000572204591,0.2999999523162842,-0.4900002479553223,-1.0099999904632568,-0.550000011920929,-0.17000001668930054,0.09999999403953552,0.11000001430511476,-0.12000000476837157,0.06999996304512024,-0.16999998688697815,0.3599999696016312,6.0,6.0,06-03,-0.052500025679667786
03-21,0.8400000333786011,0.3399999141693115,-0.4900002479553223,-1.0800001621246338,-0.6500000357627869,-0.15999996662139893,0.09000000357627869,0.11000001430511476,-0.12000000476837157,0.0599999725818634,-0.10999998450279236,0.3199999928474426,6.0,6.0,06-04,-0.07083337257305783
03-22,0.690000057220459,0.3399999141693115,-0.440000057220459,-0.9799998998641968,-0.5899999737739563,-0.0899999737739563,0.09000000357627869,0.11000001430511476,-0.16999995708465576,0.03999999165534973,-0.060000002384185784,0.3100000023841858,6.0,6.0,06-05,-0.06249999006589254
03-23,0.690000057220459,0.43999993801116943,-0.7600002288818359,-1.0099998712539673,-0.5400000214576721,-0.05000001192092896,0.09000000357627869,0.18000000715255735,-0.1899999976158142,-0.009999990463256836,-0.05000001192092896,0.3100000023841858,5.0,7.0,06-06,-0.07500001043081284
03-24,0.690000057220459,0.5000001192092896,-0.7200002670288086,-1.0099998712539673,-0.5400000214576721,-0.05000001192092896,0.09999999403953552,0.2200000286102295,-0.1799999475479126,0.030000001192092892,-0.060000002384185784,0.2800000011920929,6.0,6.0,06-07,-0.061666660010814674
03-25,0.75,0.5100001096725464,-1.0300002098083496,-0.9399999380111694,-0.5400000214576721,-0.05000001192092896,0.03999999165534973,0.3700000047683716,-0.15000003576278687,0.04999998211860657,-0.060000002384185784,0.25,6.0,6.0,06-08,-0.06666667759418488
03-26,0.7300000190734863,0.2900000810623169,-0.9600000381469728,-0.9399999380111694,-0.4799999594688416,0.009999990463256836,0.030000001192092892,0.3999999761581421,-0.15000003576278687,0.04999998211860657,-0.060000002384185784,0.2499999701976776,7.0,5.0,06-09,-0.06916666279236476
03-27,0.5700000524520874,0.3499999046325684,-1.579999923706055,-0.9399999380111694,-0.5300000309944153,0.029999971389770508,0.030000001192092892,0.4599999785423279,-0.15000003576278687,0.009999990463256836,-0.04000002145767212,0.2799999713897705,7.0,5.0,06-10,-0.12583333998918533
03-28,0.7700001001358032,0.3900001049041748,-1.579999923706055,-0.7200000286102295,-0.5400000214576721,0.04000002145767212,0.030000001192092892,0.4599999785423279,-0.09000003337860107,-0.019999980926513672,0.019999980926513672,0.25999999046325684,7.0,5.0,06-11,-0.0816666508714358
03-29,0.75,0.3900001049041748,-1.670000076293945,-0.6800000667572021,-0.550000011920929,0.06999999284744263,0.009999990463256836,0.4100000262260437,-0.12999999523162842,-0.019999980926513672,0.04999998211860657,0.25,7.0,5.0,06-12,-0.0933333362142245
03-30,0.75,0.4500000476837158,-1.5900001525878906,-0.6600000858306885,-0.5600000619888306,0.06999999284744263,0.009999990463256836,0.3899999856948853,-0.20999997854232788,-0.019999980926513672,-0.05000001192092896,0.25,6.0,6.0,06-13,-0.09750002125898996
03-31,0.9299999475479126,0.43000006675720215,-1.6400003433227541,-0.7400000095367432,-0.5700000524520874,0.06999999284744263,0.009999990463256836,0.3700000047683716,-0.19000005722045896,-0.019999980926513672,-0.03999999165534973,0.2400000095367432,6.0,6.0,06-14,-0.09583336859941484
04-01,0.8200000524520874,0.4900000095367432,-2.1199998855590816,-0.7899999618530273,-0.5700000524520874,0.06999999284744263,0.0,0.3799999952316284,-0.10000002384185792,-0.019999980926513672,-0.03999999165534973,0.18000000715255735,5.0,7.0,06-15,-0.14166665325562158
04-02,0.8700000047683716,0.690000057220459,-1.8499999046325684,-0.7899999618530273,-0.5900000333786011,0.0899999737739563,0.019999980926513672,0.32999998331069946,-0.07999998331069946,-0.019999980926513672,-0.03999999165534973,0.18999996781349185,6.0,6.0,06-16,-0.09833332399527232
04-03,0.7400000095367432,0.8399999141693115,-1.7100000381469729,-0.7899999618530273,-0.5800000429153442,0.10000002384185792,0.0,0.36000001430511475,-0.07999998331069946,-0.019999980926513672,-0.03999999165534973,0.20999997854232788,5.0,7.0,06-17,-0.08083333820104599
04-04,0.7899999618530273,0.7899999618530273,-1.7100000381469729,-0.5499999523162842,-0.5199999809265137,0.06999999284744263,0.0,0.36000001430511475,-0.07999998331069946,0.0,-0.03999999165534973,0.12999999523162842,5.0,7.0,06-18,-0.0633333350221316
04-05,0.7999999523162842,0.7899999618530273,-1.989999771118164,-0.3999999761581421,-0.559999942779541,0.0,0.010000020265579224,0.3400000333786011,0.009999990463256836,-0.03999999165534973,-0.04999998211860657,0.12999999523162842,6.0,6.0,06-19,-0.07999997586011888
04-06,0.7999999523162842,0.7400000095367432,-2.2300000190734863,-0.20000004768371585,-0.6399999856948853,-0.04000002145767212,0.010000020265579224,0.3400000333786011,0.30000001192092896,-0.0599999725818634,-0.060000002384185784,0.12999999523162842,6.0,6.0,06-20,-0.07583333551883698
04-07,0.7099999189376831,0.8300001621246338,-2.2699999809265137,-0.19000005722045896,-0.6899999976158142,-0.04000002145767212,0.010000020265579224,0.3199999928474426,0.05000001192092896,-0.0599999725818634,-0.060000002384185784,0.12999999523162842,6.0,6.0,06-21,-0.10499999423821768
04-08,0.7699999809265137,0.9500000476837158,-2.369999885559082,-0.11000001430511476,-0.6899999976158142,-0.04000002145767212,0.010000020265579224,0.3799999952316284,0.060000002384185784,-0.0599999725818634,-0.060000002384185784,0.07999998331069946,6.0,6.0,06-22,-0.08999998867511749
04-09,0.7300000190734863,0.7599999904632568,-2.0600004196166988,-0.11000001430511476,-0.7199999690055847,0.10000002384185792,0.030000001192092892,0.30000001192092896,0.009999990463256836,-0.0599999725818634,-0.060000002384185784,0.02000001072883606,7.0,5.0,06-23,-0.08833336085081099
04-10,0.7400000095367432,0.7299997806549072,-1.570000171661377,-0.15999996662139893,-0.6700000166893005,0.07999998331069946,0.010000020265579224,0.30000001192092896,0.009999990463256836,-0.04999998211860657,0.0,0.06999999284744263,7.0,5.0,06-24,-0.04250002900759379
04-11,0.7400000095367432,0.7299997806549072,-1.570000171661377,-0.25,-0.559999942779541,0.12000000476837157,0.02000001072883606,0.30000001192092896,0.0,-0.09000000357627869,0.030000001192092892,0.06999999284744263,7.0,5.0,06-25,-0.03833335886398951
04-12,0.7999999523162842,0.7299997806549072,-1.4699997901916504,-0.3399999141693115,-0.6399999856948853,0.20999997854232788,0.030000001192092892,0.25,-0.029999971389770508,-0.03999999165534973,0.03999999165534973,0.07999998331069946,7.0,5.0,06-26,-0.031666663785775505
04-13,0.7999999523162842,0.869999885559082,-1.690000057220459,-0.5,-0.5199999809265137,0.20999997854232788,0.030000001192092892,0.25999999046325684,-0.039999961853027344,-0.04999998211860657,0.060000002384185784,0.07999998331069946,7.0,5.0,06-27,-0.04083334902922312
04-14,0.7899999618530273,0.7300000190734863,-2.070000171661377,-0.309999942779541,-0.5199999809265137,0.20999997854232788,0.030000001192092892,0.25,-0.009999990463256836,-0.0599999725818634,0.060000002384185784,0.02000001072883606,7.0,5.0,06-28,-0.07333334038654964
04-15,0.7799999713897705,0.9299998283386229,-2.34000015258789,-0.36000001430511475,-0.5199999809265137,0.19999998807907104,0.030000001192092892,0.2399999499320984,0.0,-0.06999999284744263,0.060000002384185784,-0.010000020265579224,6.0,6.0,06-29,-0.0883333683013916
04-16,0.8999999761581421,0.9800000190734864,-2.369999885559082,-0.36000001430511475,-0.3999999761581421,0.2200000286102295,0.030000001192092892,0.2200000286102295,0.05000001192092896,-0.06999999284744263,0.06999999284744263,-0.02000001072883606,7.0,5.0,06-30,-0.06249998509883881
04-17,0.8899999856948853,0.8599998950958252,-2.2300000190734863,-0.3999999761581421,-0.33000004291534424,0.1899999976158142,0.04000002145767212,0.2400000095367432,0.05000001192092896,-0.06999999284744263,0.06999999284744263,-0.019999980926513672,7.0,5.0,07-01,-0.05916667481263479
04-18,0.5500000715255737,0.8599998950958252,-2.2300000190734863,-0.4700000286102295,-0.33000004291534424,0.1600000262260437,0.04000002145767212,0.2400000095367432,0.11000001430511476,-0.11000001430511476,0.06999999284744263,0.0599999725818634,8.0,4.0,07-02,-0.08750000844399135
04-19,0.5500000715255737,0.8599998950958252,-2.09000015258789,-0.3200000524520874,-0.34999996423721313,0.1899999976158142,0.04000002145767212,0.1899999976158142,0.11000001430511476,-0.11000001430511476,0.09000000357627869,0.0599999725818634,8.0,4.0,07-03,-0.06500001748402913
04-20,0.5500000715255737,0.7599999904632568,-2.1100001335144043,-0.3000000715255737,-0.3799999356269837,0.1899999976158142,0.04000002145767212,0.13999998569488525,0.12999999523162842,-0.11000001430511476,0.09000000357627869,0.0599999725818634,8.0,4.0,07-04,-0.07833334306875865
04-21,0.6100000143051147,0.8399999141693115,-2.149999618530273,-0.2699999809265137,-0.3799999356269837,0.1899999976158142,0.04000002145767212,0.020000040531158447,0.15999996662139893,-0.12999999523162842,0.10999998450279236,0.06999999284744263,8.0,4.0,07-05,-0.07416663318872453
04-22,0.6400001049041748,0.8599998950958252,-2.0999999046325684,-0.12999999523162842,-0.3799999356269837,0.1899999976158142,0.02000001072883606,0.09000003337860107,0.12000000476837157,-0.1199999749660492,0.10999998450279236,0.08000001311302185,8.0,4.0,07-06,-0.05166664719581604
04-23,0.7300000190734863,0.7999999523162842,-1.7799997329711914,-0.12999999523162842,-0.32999998331069946,0.12000000476837157,0.04000002145767212,0.1899999976158142,0.1899999976158142,-0.1199999749660492,0.12000000476837157,0.11000001430511476,8.0,4.0,07-07,-0.004999972879886627
04-24,0.6599999666213989,0.7799999713897705,-1.429999828338623,-0.16999995708465576,-0.4500000476837158,0.1899999976158142,0.04000002145767212,0.2800000309944153,0.1899999976158142,-0.10999998450279236,0.08000001311302185,0.12000000476837157,8.0,4.0,07-08,0.01500001549720764
04-25,0.5800000429153442,0.8199999332427979,-1.429999828338623,-0.10000002384185792,-0.440000057220459,0.1600000262260437,0.03999999165534973,0.2800000309944153,0.15999996662139893,-0.12000003457069396,0.05000001192092896,0.13999998569488525,8.0,4.0,07-09,0.0116666704416275
04-26,0.4200000762939453,0.8199999332427979,-1.1500000953674316,-0.2799999713897705,-0.4300000071525574,0.14000004529953006,0.02000001072883606,0.24000006914138794,0.19999998807907104,-0.09999999403953552,0.09999999403953552,0.1499999761581421,8.0,4.0,07-10,0.0108333354194959
04-27,0.4200000762939453,0.8599998950958252,-1.809999942779541,-0.3399999141693115,-0.3400000333786011,0.21000003814697266,0.02000001072883606,0.2400000095367432,0.18000000715255735,-0.09000000357627869,0.04999998211860657,0.1499999761581421,8.0,4.0,07-11,-0.03749999155600866
04-28,0.43000006675720215,0.8299999237060547,-1.579999923706055,-0.5900000333786011,-0.3199999928474426,0.21000003814697266,-0.019999980926513672,0.3799999952316284,0.15999996662139893,-0.14000001549720764,0.12000000476837157,0.10999998450279236,7.0,5.0,07-12,-0.034166663885116584
04-29,0.33000004291534424,0.7799999713897705,-1.7300000190734863,-0.6200000047683716,-0.3199999928474426,0.21000003814697266,-0.009999990463256836,0.4800000190734863,0.17000001668930054,-0.1599999964237213,0.12000000476837157,0.09000000357627869,7.0,5.0,07-13,-0.05499999225139618
04-30,0.4600000381469727,0.5799999237060547,-1.0199999809265137,-0.6200000047683716,-0.32999998331069946,0.2200000286102295,-0.02000001072883606,0.25999999046325684,0.20999997854232788,-0.1599999964237213,0.12999999523162842,0.09000000357627869,7.0,5.0,07-14,-0.016666668156782787
05-01,0.4099999666213989,0.5999999046325684,-0.7300000190734863,-0.5500000715255737,-0.2699999809265137,0.21999996900558472,-0.02000001072883606,0.3500000238418579,0.20999997854232788,-0.1599999964237213,0.16999998688697815,0.1499999761581421,7.0,5.0,07-15,0.031666643917560584
05-02,0.5499999523162842,0.7199997901916504,-0.7300000190734863,-0.5299999713897705,-0.2900000214576721,0.20999997854232788,-0.02000001072883606,0.3500000238418579,0.20999997854232788,-0.12000003457069396,0.09999999403953552,0.08000001311302185,7.0,5.0,07-16,0.04416663944721222
05-03,0.5700000524520874,0.7199997901916504,-0.8600001335144043,-0.5199999809265137,-0.2900000214576721,0.13999998569488525,-0.02000001072883606,0.3200000524520874,0.21999996900558472,-0.15000000596046448,0.12000000476837157,0.08000001311302185,7.0,5.0,07-17,0.02749997625748317
05-04,0.5700000524520874,0.6999998092651367,-1.0199999809265137,-0.5199999809265137,-0.25999999046325684,0.18000000715255735,-0.02000001072883606,0.4100000262260437,0.1899999976158142,-0.12999999523162842,0.13999998569488525,0.08000001311302185,7.0,5.0,07-18,0.026666661103566486
05-05,0.4700000286102295,0.6399998664855957,-0.7300000190734863,-0.4600000381469727,-0.22999995946884155,0.18000000715255735,-0.03999999165534973,0.44999998807907104,0.20999997854232788,-0.1599999964237213,0.16999998688697815,0.060000002384185784,7.0,5.0,07-19,0.046666654447714485
05-06,0.09999990463256836,0.5699999332427979,-0.9100003242492676,-0.3900001049041748,-0.22999995946884155,0.18000000715255735,-0.02000001072883606,0.3700000047683716,0.25,-0.1599999964237213,0.16999998688697815,0.16999995708465576,7.0,5.0,07-20,0.008333283166090647
05-07,0.04999995231628418,0.5800001621246338,-1.5999999046325684,-0.3900001049041748,-0.15999996662139893,0.1899999976158142,-0.02000001072883606,0.39000004529953,0.23000001907348636,-0.1599999964237213,0.16999998688697815,0.09999999403953552,7.0,5.0,07-21,-0.051666652162869774
05-08,-0.08999991416931152,0.7899999618530273,-1.75,-0.21000003814697266,-0.22999995946884155,0.25,-0.05000001192092896,0.32999998331069946,0.23000001907348636,-0.179999977350235,0.179999977350235,0.1300000250339508,6.0,6.0,07-22,-0.0499999945362409
05-09,0.21000003814697266,0.7400000095367432,-1.75,-0.21000003814697266,-0.21000003814697266,0.25,-0.05000001192092896,0.32999998331069946,0.2200000286102295,-0.12999999523162842,0.1900000274181366,0.14000001549720764,7.0,5.0,07-23,-0.022499998410542805
05-10,0.1499999761581421,0.7400000095367432,-1.690000057220459,-0.3700000047683716,-0.13999998569488525,0.2200000286102295,-0.05000001192092896,0.3199999928474426,0.19999998807907104,-0.11000001430511476,0.1599999964237213,0.14000001549720764,7.0,5.0,07-24,-0.03583333889643351
05-11,0.1499999761581421,0.690000057220459,-1.2799997329711914,-0.20000004768371585,-0.1499999761581421,0.2200000286102295,-0.05000001192092896,0.3500000238418579,0.11000001430511476,-0.1599999964237213,0.21000000834465027,0.14000001549720764,7.0,5.0,07-25,0.002500029901663462
05-12,0.0700000524520874,0.5799999237060547,-1.190000057220459,-0.1400001049041748,-0.1499999761581421,0.2200000286102295,-0.05000001192092896,0.3500000238418579,0.1600000262260437,-0.1599999964237213,0.21000000834465027,0.14000001549720764,7.0,5.0,07-26,0.0033333276708920802
05-13,0.20000004768371585,0.5199999809265137,-0.7899999618530273,-0.08000004291534424,-0.1499999761581421,0.2200000286102295,-0.09999999403953552,0.30000001192092896,0.1199999451637268,-0.14000001549720764,0.21000000834465027,0.10999998450279236,7.0,5.0,07-27,0.03500000139077505
05-14,0.1799999475479126,0.4299998283386231,-0.5699996948242188,-0.08000004291534424,-0.13999998569488525,0.23000001907348636,-0.0899999737739563,0.2999999523162842,0.1199999451637268,-0.14000001549720764,0.1600000262260437,0.1599999964237213,7.0,5.0,07-28,0.046666666865348816
05-15,0.039999961853027344,0.6000001430511475,-0.9099998474121094,0.06000006198883056,-0.0899999737739563,0.2600000500679016,-0.0899999737739563,0.3399999141693115,0.1199999451637268,-0.14000001549720764,0.18000000715255735,0.12000000476837157,8.0,4.0,07-29,0.04083335647980372
05-16,0.029999971389770508,0.5799999237060547,-0.9099998474121094,0.0,-0.059999942779541016,0.25,-0.06999999284744263,0.3399999141693115,0.1499999761581421,-0.14000001549720764,0.15000003576278687,0.10999998450279236,7.0,5.0,07-30,0.03583333392937978
05-17,0.07999992370605469,0.5799999237060547,-0.7200002670288086,0.039999961853027344,-0.11000001430511476,0.25,-0.060000002384185784,0.3299999237060547,0.07999998331069946,-0.12999999523162842,0.14000001549720764,0.1300000250339508,8.0,4.0,07-31,0.05083328982194265
05-18,0.07999992370605469,0.6099998950958252,-0.9699997901916504,0.009999990463256836,-0.10000002384185792,0.22999995946884155,-0.060000002384185784,0.4100000262260437,0.06999999284744263,-0.11000001430511476,0.14000001549720764,0.1300000250339508,8.0,4.0,08-01,0.03666666646798452
05-19,-0.05000007152557373,0.7200000286102295,-1.1800003051757812,0.04999995231628418,-0.10000002384185792,0.22999995946884155,-0.07000002264976501,0.44999998807907104,0.009999990463256836,-0.12000000476837157,0.14000001549720764,0.04000002145767212,7.0,5.0,08-02,0.009999960660934448
05-20,-0.2699999809265137,0.880000114440918,-1.0999999046325684,0.059999942779541016,-0.10000002384185792,0.2400000095367432,-0.06999999284744263,0.5099999308586121,0.08000004291534424,-0.14000001549720764,0.14000001549720764,-0.009999990463256836,6.0,6.0,08-03,0.018333345651626587
05-21,-0.31000006198883057,1.069999933242798,-0.7999997138977051,0.059999942779541016,-0.10000002384185792,0.20000004768371585,-0.060000002384185784,0.5799999833106995,0.05000001192092896,-0.14000001549720764,0.20000001788139346,0.009999990463256836,7.0,5.0,08-04,0.0633333424727122
05-22,-0.2899999618530273,1.069999933242798,-0.6999998092651367,0.059999942779541016,-0.09000003337860107,0.20000004768371585,-0.07999998331069946,0.5400000214576721,0.05000001192092896,-0.14000001549720764,0.17000001668930054,0.04000002145767212,7.0,5.0,08-05,0.06916668266057968
05-23,0.08000004291534424,1.2899999618530271,-0.6999998092651367,0.10000002384185792,-0.07999998331069946,0.22999995946884155,-0.07999998331069946,0.5400000214576721,0.05000001192092896,-0.12000003457069396,0.10999998450279236,0.030000001192092892,8.0,4.0,08-06,0.12083334972461066
05-24,0.019999980926513672,1.2899999618530271,-0.5,0.10000002384185792,-0.09999996423721312,0.21000003814697266,-0.07999998331069946,0.5600000619888306,0.03000003099441528,-0.09000003337860107,0.12000000476837157,0.03999999165534973,8.0,4.0,08-07,0.1333333427707354
05-25,0.019999980926513672,1.3700001239776611,-0.9800000190734864,0.0,-0.11000001430511476,0.2400000095367432,-0.07999998331069946,0.5900000333786011,0.04999995231628418,-0.1199999749660492,0.21999996900558472,0.03999999165534973,7.0,5.0,08-08,0.10333333909511566
05-26,0.019999980926513672,1.2199997901916504,-1.320000171661377,0.039999961853027344,-0.11000001430511476,0.2400000095367432,-0.07999998331069946,0.5399999618530273,0.039999961853027344,-0.0899999737739563,0.25999999046325684,0.03999999165534973,8.0,4.0,08-09,0.0666666254401207
05-27,0.009999990463256836,1.2300000190734863,-2.3499999046325684,0.10000002384185792,-0.11000001430511476,0.2400000095367432,-0.09000000357627869,0.60999995470047,0.029999971389770508,-0.10999998450279236,0.25999999046325684,-0.010000020265579224,7.0,5.0,08-10,-0.015833330651124317
05-28,-0.059999942779541016,1.190000057220459,-2.1800000667572017,0.10000002384185792,-0.11000001430511476,0.1899999976158142,-0.09000000357627869,0.6700000166893005,0.039999961853027344,-0.10999998450279236,0.25999999046325684,-0.03999999165534973,6.0,6.0,08-11,-0.011666662991046906
05-29,-0.4900000095367432,0.9600000381469728,-2.0300002098083496,0.10000002384185792,-0.0899999737739563,0.14000004529953006,-0.1899999976158142,0.699999988079071,0.039999961853027344,-0.10999998450279236,0.25999999046325684,-0.02000001072883606,6.0,6.0,08-12,-0.06083334485689799
05-30,-0.4100000858306885,0.7699999809265137,-2.0300002098083496,0.16000008583068848,-0.16999995708465576,0.21999996900558472,-0.1199999749660492,0.699999988079071,0.039999961853027344,-0.12999996542930606,0.2899999618530273,-0.16999998688697815,6.0,6.0,08-13,-0.07083335270484288
05-31,-0.3400000333786011,0.7699999809265137,-2.0300002098083496,0.18000006675720215,-0.06999999284744263,0.19999998807907104,-0.1499999761581421,0.699999988079071,0.04000002145767212,-0.10999998450279236,0.2700000107288361,-0.179999977350235,6.0,6.0,08-14,-0.06000000983476639
06-01,-0.3400000333786011,0.7699999809265137,-1.7400000095367432,0.12000000476837157,-0.060000002384185784,0.1899999976158142,-0.1499999761581421,0.699999988079071,0.06999999284744263,-0.12999999523162842,0.23000001907348636,-0.179999977350235,6.0,6.0,08-15,-0.043333334227403014
06-02,-0.2899999618530273,0.8700001239776611,-1.429999828338623,0.16999995708465576,0.03000003099441528,0.1899999976158142,-0.1499999761581421,0.6299999952316284,0.08000004291534424,-0.02000001072883606,0.1899999976158142,-0.16999998688697815,7.0,5.0,08-16,0.008333365122477213
06-03,-0.21000003814697266,0.8499999046325684,-1.6299998760223389,0.2099999189376831,0.03000003099441528,0.13999998569488525,-0.1499999761581421,0.4999999403953552,0.039999961853027344,-0.13999998569488525,0.1899999976158142,-0.12000000476837157,7.0,5.0,08-17,-0.024166678388913468
06-04,-0.25,0.7699999809265137,-1.420000076293945,0.2099999189376831,0.03000003099441528,0.14000004529953006,-0.0599999725818634,0.4300000071525574,0.06999999284744263,-0.13999998569488525,0.1899999976158142,-0.12999999523162842,7.0,5.0,08-18,-0.01333333800236384
06-05,-0.31999993324279785,1.0199999809265137,-1.5499999523162842,0.18999993801116946,0.05000001192092896,0.10000002384185792,-0.04999998211860657,0.4100000262260437,0.06999999284744263,-0.1499999761581421,0.2200000286102295,-0.1499999761581421,7.0,5.0,08-19,-0.013333318134148916
06-06,-0.15999996662139893,1.0299999713897705,-1.5499999523162842,0.11000001430511476,0.06999999284744263,0.11000001430511476,-0.06999999284744263,0.4100000262260437,0.020000040531158447,-0.16999995708465576,0.21000003814697266,-0.1199999749660492,7.0,5.0,08-20,-0.00916664550701777
06-07,-0.08000004291534424,1.0299999713897705,-1.5299999713897705,0.12999999523162842,0.12999999523162842,0.060000002384185784,-0.04999998211860657,0.3800000548362732,0.05000001192092896,-0.09000000357627869,0.17000001668930054,-0.1499999761581421,7.0,5.0,08-21,0.004166672627131145
06-08,-0.08000004291534424,0.8700001239776611,-0.9600000381469728,0.11000001430511476,0.18000000715255735,0.12000000476837157,-0.04999998211860657,0.3899999856948853,0.060000002384185784,-0.11000001430511476,0.1900000274181366,-0.1499999761581421,7.0,5.0,08-22,0.04750000933806101
06-09,-0.2800000905990601,0.7799999713897705,-1.0199999809265137,0.3200000524520874,0.1899999976158142,0.12000000476837157,-0.04999998211860657,0.3500000238418579,0.009999990463256836,-0.08000001311302185,0.1900000274181366,-0.12999999523162842,7.0,5.0,08-23,0.033333333830038704
06-10,-0.2400000095367432,0.6899998188018799,-0.6799998283386229,0.2799999713897705,0.1899999976158142,0.09000003337860107,-0.0599999725818634,0.2699999809265137,-0.029999971389770508,-0.08000001311302185,0.1900000274181366,-0.12000000476837157,6.0,6.0,08-24,0.041666669150193535
06-11,-0.3000000715255737,0.6700000762939453,-0.8900001049041748,0.2799999713897705,0.20000004768371585,0.09000003337860107,-0.08000001311302185,0.3500000238418579,0.020000040531158447,-0.08000001311302185,0.2500000298023224,-0.08000001311302185,7.0,5.0,08-25,0.03583333392937978
06-12,-0.12999999523162842,0.440000057220459,-0.9800000190734864,0.25999999046325684,0.15000003576278687,0.020000040531158447,-0.13999998569488525,0.12000000476837157,0.020000040531158447,-0.08000001311302185,0.20999997854232788,-0.13999998569488525,7.0,5.0,08-26,-0.020833320915699
06-13,0.019999980926513672,0.7400000095367432,-0.9800000190734864,0.3500000238418579,0.2799999713897705,-0.019999980926513672,-0.10999998450279236,0.12000000476837157,-0.029999971389770508,-0.09000000357627869,0.2400000095367432,-0.12999999523162842,6.0,6.0,08-27,0.03250000377496084
06-14,-0.059999942779541016,0.7400000095367432,-1.190000057220459,0.3899999856948853,0.2400000095367432,-0.009999990463256836,-0.10999998450279236,0.17000001668930054,-0.05000001192092896,-0.1199999749660492,0.22999995946884155,-0.12000000476837157,5.0,7.0,08-28,0.009166667858759563
06-15,-0.059999942779541016,0.5900001525878906,-1.3600001335144043,0.309999942779541,0.22999995946884155,0.019999980926513672,-0.10999998450279236,0.19999992847442627,-0.1499999761581421,-0.06999999284744263,0.2699999809265137,-0.12000000476837157,6.0,6.0,08-29,-0.020833340783913933
06-16,-0.09999990463256836,0.4200000762939453,-1.079999923706055,0.25999999046325684,0.22999995946884155,0.019999980926513672,-0.10999998450279236,0.18999993801116946,-0.32999998331069946,0.019999980926513672,0.2699999809265137,-0.07000002264976501,7.0,5.0,08-30,-0.02333332598209381
06-17,-0.06999993324279785,0.3299999237060547,-0.9900000095367432,0.23000001907348636,0.22999995946884155,0.06999999284744263,-0.060000002384185784,0.1799999475479126,-0.09999996423721312,-0.02000001072883606,0.2699999809265137,-0.07000002264976501,6.0,6.0,08-31,-9.934107462565105e-09
06-18,-0.13999998569488525,0.25,-0.369999885559082,0.23000001907348636,0.21999996900558472,0.11000001430511476,-0.060000002384185784,0.12000006437301634,-0.0899999737739563,-0.02000001072883606,0.2800000011920929,-0.009999990463256836,6.0,6.0,09-01,0.04333335161209106
06-19,-0.08000004291534424,0.2699999809265137,-0.5100002288818359,0.2200000286102295,0.2699999809265137,0.039999961853027344,-0.07999998331069946,0.06999999284744263,-0.0899999737739563,-0.02000001072883606,0.2800000011920929,0.030000001192092892,7.0,5.0,09-02,0.03333330899477005
06-20,-0.10000002384185792,0.3399999141693115,-0.5100002288818359,0.13999998569488525,0.18000000715255735,0.05000001192092896,-0.08000001311302185,0.06999999284744263,-0.12000000476837157,-0.02000001072883606,0.20000001788139346,-0.010000020265579224,6.0,6.0,09-03,0.011666635672251385
06-21,-0.0700000524520874,0.3399999141693115,-0.869999885559082,0.23000001907348636,0.15999996662139893,0.07999998331069946,-0.09000000357627869,0.07999998331069946,-0.06999999284744263,-0.02000001072883606,0.19999998807907104,-0.010000020265579224,6.0,6.0,09-04,-0.0033333425720532732
06-22,-0.0700000524520874,0.4000000953674317,-1.3600001335144043,0.3799999952316284,0.2200000286102295,0.060000002384185784,-0.09000000357627869,0.07999998331069946,-0.060000002384185784,-0.03999999165534973,0.27000004053115845,-0.010000020265579224,6.0,6.0,09-05,-0.01833333820104599
06-23,-0.0700000524520874,0.4000000953674317,-1.2799997329711914,0.5999999046325684,0.1899999976158142,0.060000002384185784,-0.09000000357627869,0.09999996423721312,0.029999971389770508,-0.03999999165534973,0.27000004053115845,-0.010000020265579224,7.0,5.0,09-06,0.013333347936471304
06-24,-0.12999999523162842,0.3799998760223389,-1.0099997520446775,0.6299998760223389,0.1899999976158142,-0.029999971389770508,-0.09999999403953552,0.2699999213218689,0.10999995470046996,-0.06999999284744263,0.27000004053115845,-0.02000001072883606,6.0,6.0,09-07,0.0408333291610082
06-25,-0.009999990463256836,0.2899999618530273,-0.9400000572204591,0.6299998760223389,0.1899999976158142,-0.019999980926513672,-0.09999999403953552,0.3999999761581421,0.060000002384185784,-0.06999999284744263,0.2500000298023224,0.0,6.0,6.0,09-08,0.056666652361551925
06-26,-0.12999999523162842,0.2400000095367432,-0.8700001239776611,0.6299998760223389,0.15000003576278687,-0.060000002384185784,-0.060000002384185784,0.3700000047683716,0.060000002384185784,-0.05000001192092896,0.1900000274181366,-0.009999990463256836,6.0,6.0,09-09,0.03833331912755966
06-27,-0.059999942779541016,0.2200000286102295,-0.8700001239776611,0.7700001001358032,0.18000000715255735,-0.05000001192092896,-0.08000001311302185,0.3700000047683716,0.05000001192092896,-0.019999980926513672,0.14000001549720764,0.0,6.0,6.0,09-10,0.05416667461395264
06-28,-0.09000003337860107,0.2200000286102295,-0.7599999904632568,0.9800000190734864,0.15000003576278687,-0.020000040531158447,-0.08000001311302185,0.3399999737739563,0.019999980926513672,-0.030000001192092892,0.14000001549720764,0.029999971389770508,7.0,5.0,09-11,0.07499999552965164
06-29,-0.09000003337860107,0.4000000953674317,-1.0899999141693115,0.8799999952316284,0.10999995470046996,0.009999990463256836,-0.08000001311302185,0.35999995470047,0.05000001192092896,-0.030000001192092892,0.11000001430511476,0.029999971389770508,8.0,4.0,09-12,0.05500000218550364
06-30,0.09999990463256836,0.5400002002716064,-1.0500001907348633,1.0700000524520874,0.0899999737739563,0.009999990463256836,-0.08000001311302185,0.19999992847442627,0.009999990463256836,-0.060000002384185784,0.11000001430511476,-0.030000001192092892,8.0,4.0,09-13,0.07583332061767578
07-01,0.1099998950958252,0.6800000667572021,-1.180000066757202,0.8899999856948853,0.0899999737739563,-0.019999980926513672,-0.12999999523162842,0.09999990463256836,0.05000001192092896,-0.04999998211860657,0.11000001430511476,-0.030000001192092892,7.0,5.0,09-14,0.051666652162869774
07-02,-0.059999942779541016,0.7899999618530273,-1.4700002670288086,0.8899999856948853,0.0899999737739563,-0.029999971389770508,-0.15000000596046448,0.039999961853027344,0.09000003337860107,-0.04999998211860657,0.09000003337860107,-0.09000000357627869,6.0,6.0,09-15,0.011666648089885712
07-03,0.020000100135803226,0.8099999427795409,-1.4000000953674316,0.75,0.08000004291534424,-0.029999971389770508,-0.11000001430511476,0.04999995231628418,0.09000003337860107,-0.060000002384185784,0.1199999749660492,-0.08000001311302185,7.0,5.0,09-16,0.019999995827674862
07-05,0.1700000762939453,0.8500001430511475,-1.4000000953674316,0.8300000429153442,0.14000004529953006,-0.020000040531158447,-0.14000001549720764,0.04999995231628418,-0.039999961853027344,-0.060000002384185784,0.13999998569488525,-0.08000001311302185,6.0,6.0,09-18,0.03666667640209198
07-06,0.1700000762939453,0.8500001430511475,-1.7699999809265137,0.9900000095367432,0.12000000476837157,-0.020000040531158447,-0.14000001549720764,-0.06000006198883056,-0.15000003576278687,-0.04000002145767212,0.16999998688697815,-0.08000001311302185,5.0,7.0,09-19,0.0033333376049995427
07-07,0.2400000095367432,0.8600001335144043,-1.7400002479553225,1.0099999904632568,0.12000000476837157,-0.020000040531158447,-0.12999999523162842,-0.10000002384185792,-0.19999998807907104,-0.060000002384185784,0.12000003457069396,-0.09999999403953552,5.0,7.0,09-20,-9.934107462565105e-09
07-08,0.2899999618530273,0.8900001049041748,-1.7900002002716064,0.9400000572204591,0.12000000476837157,-0.020000040531158447,-0.11000001430511476,-0.2400000095367432,-0.25,-0.05000001192092896,0.12000003457069396,-0.09999999403953552,5.0,7.0,09-21,-0.016666675607363384
07-09,0.3500000238418579,0.930000066757202,-1.56000018119812,0.9400000572204591,0.14000004529953006,-0.09000003337860107,-0.14000001549720764,-0.36000001430511475,-0.1899999976158142,-0.05000001192092896,0.18000003695487976,-0.09999999403953552,5.0,7.0,09-22,0.004166665176550548
07-10,0.33000004291534424,1.1400001049041748,-1.5900001525878906,0.980000138282776,0.13999998569488525,-0.0899999737739563,-0.12999999523162842,-0.2900000810623169,-0.1899999976158142,-0.009999990463256836,0.12000000476837157,-0.12000000476837157,5.0,7.0,09-23,0.02416667342185974
07-11,0.4200000762939453,0.9800000190734864,-1.5900001525878906,1.0100001096725464,0.0899999737739563,-0.0899999737739563,-0.0899999737739563,-0.2900000810623169,-0.1600000262260437,-0.02000001072883606,0.1499999761581421,-0.1499999761581421,5.0,7.0,09-24,0.0216666633884112
07-12,0.3200000524520874,0.9800000190734864,-1.5900001525878906,0.8999999761581421,0.06999999284744263,-0.09999996423721312,-0.0899999737739563,-0.1700000762939453,-0.19999998807907104,-0.03999999165534973,0.2200000286102295,-0.1599999964237213,5.0,7.0,09-25,0.01166666050752004
07-13,0.3200000524520874,0.8399999141693115,-2.1400001049041752,0.7099999189376831,0.11000001430511476,-0.10999995470046996,-0.0899999737739563,-0.21000003814697266,-0.1899999976158142,-0.03999999165534973,0.18999996781349185,-0.1599999964237213,5.0,7.0,09-26,-0.06416668246189754
07-14,0.19000005722045896,0.7800002098083496,-2.320000171661377,0.6200000047683716,0.11000001430511476,-0.10999995470046996,-0.07999998331069946,-0.21000003814697266,-0.1600000262260437,-0.05000001192092896,0.18999996781349185,-0.12000000476837157,5.0,7.0,09-27,-0.0966666614015897
07-15,0.3999999761581421,0.8600001335144043,-2.380000114440918,0.5699999332427979,0.11000001430511476,-0.039999961853027344,-0.07999998331069946,-0.2699999809265137,-0.1899999976158142,-0.030000001192092892,0.18999996781349185,-0.10999998450279236,5.0,7.0,09-28,-0.08083333323399226
07-16,0.10000002384185792,1.0499999523162842,-2.1999998092651367,0.5699999332427979,0.11000001430511476,-0.07999998331069946,-0.09000000357627869,-0.2799999713897705,-0.1899999976158142,-0.030000001192092892,0.179999977350235,-0.16999995708465576,5.0,7.0,09-29,-0.08583331853151321
07-17,0.2699999809265137,0.9500000476837158,-2.1299998760223393,0.5699999332427979,0.07999998331069946,-0.0899999737739563,-0.10999998450279236,-0.2699999809265137,-0.1899999976158142,0.0,0.1499999761581421,-0.1199999749660492,5.0,7.0,09-30,-0.07416665554046631
07-18,0.25,1.0599999427795408,-2.1299998760223393,0.6299999952316284,0.0899999737739563,-0.12000000476837157,-0.060000002384185784,-0.2699999809265137,-0.25,0.0,0.060000002384185784,-0.18000000715255735,5.0,7.0,10-01,-0.07666666309038797
07-19,0.309999942779541,1.0599999427795408,-1.960000276565552,0.6299999952316284,0.09000003337860107,-0.12000000476837157,-0.060000002384185784,-0.23000001907348636,-0.25999999046325684,-0.010000020265579224,-0.05000001192092896,-0.1900000274181366,4.0,8.0,10-02,-0.0658333698908488
07-20,0.309999942779541,0.9400000572204591,-1.950000047683716,0.5500000715255737,0.04000002145767212,-0.12000000476837157,-0.060000002384185784,-0.16999995708465576,-0.21999996900558472,-0.03999999165534973,0.019999980926513672,-0.1900000274181366,5.0,7.0,10-03,-0.07416666050752004
07-21,0.18999993801116946,0.9400000572204591,-2.0300002098083496,0.5500000715255737,0.060000002384185784,-0.12000000476837157,-0.060000002384185784,-0.25999999046325684,-0.1899999976158142,0.030000001192092892,0.05000001192092896,-0.20000001788139346,6.0,6.0,10-04,-0.08666667838891348
07-22,0.23000001907348636,0.9200000762939452,-2.31000018119812,0.5400000810623169,0.060000002384185784,-0.07999998331069946,-0.06999999284744263,-0.25,-0.2200000286102295,0.03999999165534973,0.05000001192092896,-0.18000000715255735,6.0,6.0,10-05,-0.10583333422740301
07-23,0.11000001430511476,0.9400000572204591,-2.9300000667572017,0.5400000810623169,0.06999999284744263,-0.07999998331069946,-0.06999999284744263,-0.2400000095367432,-0.20000004768371585,0.03999999165534973,0.019999980926513672,-0.179999977350235,6.0,6.0,10-06,-0.16499999662240347
07-24,0.21000003814697266,0.930000066757202,-2.7799999713897705,0.6500000953674316,0.06999999284744263,-0.12000000476837157,-0.08000001311302185,-0.25,-0.20000004768371585,0.03999999165534973,0.019999980926513672,-0.1899999976158142,6.0,6.0,10-07,-0.14166665573914847
07-25,0.2699999809265137,0.9700000286102296,-2.7799999713897705,0.5800000429153442,0.060000002384185784,-0.15000003576278687,-0.04000002145767212,-0.25,-0.1899999976158142,0.02000001072883606,0.06999999284744263,-0.1899999976158142,6.0,6.0,10-08,-0.13583333045244214
07-26,0.23000001907348636,0.9700000286102296,-2.620000123977661,0.5800000429153442,0.06999999284744263,-0.19000005722045896,-0.04000002145767212,-0.2699999809265137,-0.1799999475479126,-0.009999990463256836,0.04999995231628418,-0.19999998807907104,5.0,7.0,10-09,-0.1341666728258133
07-27,0.23000001907348636,0.9499998092651368,-2.190000057220459,0.5299999713897705,0.07999998331069946,-0.17000001668930054,-0.04000002145767212,-0.4099999666213989,-0.15999996662139893,-0.02000001072883606,0.04999995231628418,-0.19999998807907104,5.0,7.0,10-10,-0.11250002433856328
07-28,0.2400000095367432,0.8000001907348633,-2.059999942779541,0.4600000381469727,0.06999999284744263,-0.17000001668930054,-0.060000002384185784,-0.4200000166893005,-0.12000000476837157,-0.03999999165534973,0.06999999284744263,-0.15999996662139893,5.0,7.0,10-11,-0.11583330978949866
07-29,0.18000006675720215,0.8099999427795409,-1.9499998092651367,0.3799999952316284,0.06999999284744263,-0.17000001668930054,-0.09999999403953552,-0.4800000190734863,-0.07999998331069946,-0.07999998331069946,0.06999999284744263,-0.18000000715255735,5.0,7.0,10-12,-0.12749998519817987
07-30,0.0700000524520874,0.7599999904632568,-1.7899999618530271,0.3799999952316284,0.06999999284744263,-0.12000000476837157,-0.08000001311302185,-0.4899999499320984,-0.11000001430511476,-0.07999998331069946,0.06999999284744263,-0.03000003099441528,5.0,7.0,10-13,-0.11249999453624088
07-31,0.10000002384185792,0.5499999523162842,-1.7799999713897705,0.36000001430511475,0.06999999284744263,-0.08000004291534424,-0.06999999284744263,-0.4899999499320984,-0.11000001430511476,-0.06999999284744263,0.019999980926513672,0.0,5.0,7.0,10-14,-0.125
08-01,0.2899999618530273,0.5999999046325684,-1.7799999713897705,0.3500000238418579,0.04000002145767212,-0.08000004291534424,-0.05000001192092896,-0.4899999499320984,-0.17000001668930054,0.05000001192092896,0.019999980926513672,-0.11000001430511476,6.0,6.0,10-15,-0.11083334187666576
08-02,0.5200001001358032,0.5999999046325684,-1.930000066757202,0.3500000238418579,0.04000002145767212,-0.15999996662139893,-0.05000001192092896,-0.5699999928474426,-0.1499999761581421,0.02000001072883606,0.09000000357627869,-0.11000001430511476,6.0,6.0,10-16,-0.11249999701976776
08-03,0.5200001001358032,0.5999999046325684,-2.049999952316284,0.33000004291534424,0.05000001192092896,-0.19999998807907104,-0.05000001192092896,-0.5100000500679016,-0.12999999523162842,0.04000002145767212,0.060000002384185784,-0.11000001430511476,6.0,6.0,10-17,-0.12083332737286885
08-04,0.43000006675720215,0.3499999046325684,-1.5999999046325684,0.309999942779541,0.04000002145767212,-0.19999998807907104,-0.05000001192092896,-0.5000000596046448,-0.1499999761581421,0.09999999403953552,0.09999996423721312,-0.04000002145767212,6.0,6.0,10-18,-0.10083333899577457
08-05,0.31000006198883057,0.3400001525878906,-1.5999999046325684,0.3299999237060547,0.04000002145767212,-0.17000001668930054,-0.010000020265579224,-0.41999995708465576,-0.1499999761581421,0.06999999284744263,0.09999996423721312,-0.060000002384185784,6.0,6.0,10-19,-0.10166664669911067
08-06,0.4599999189376831,0.16000008583068848,-1.18999981880188,0.3299999237060547,0.03000003099441528,-0.20999997854232788,0.0,-0.4599999785423279,-0.12000000476837157,0.06999999284744263,0.06999999284744263,-0.06999999284744263,6.0,6.0,10-20,-0.07749998569488525
08-07,0.46999990940094,0.1100001335144043,-1.1599998474121094,0.36000001430511475,0.06999999284744263,-0.15999996662139893,0.02000001072883606,-0.3799999952316284,-0.12000000476837157,0.03999999165534973,0.05000001192092896,-0.02000001072883606,7.0,5.0,10-21,-0.059999980032444
08-08,0.559999942779541,0.20000004768371585,-1.1599998474121094,0.2699999809265137,0.0899999737739563,-0.12999999523162842,0.009999990463256836,-0.3799999952316284,-0.11000001430511476,0.07000002264976501,0.05000001192092896,-0.06999999284744263,7.0,5.0,10-22,-0.04999998956918717
08-09,0.4900000095367432,0.20000004768371585,-1.2200000286102295,0.25999999046325684,0.06999999284744263,-0.2399999499320984,-0.010000020265579224,-0.33000004291534424,-0.13999998569488525,0.07999998331069946,0.0,-0.05000001192092896,5.0,7.0,10-23,-0.07416666795810062
08-10,0.4900000095367432,0.2400000095367432,-1.429999828338623,0.11000001430511476,0.0899999737739563,-0.25999999046325684,-0.010000020265579224,-0.36000001430511475,-0.1899999976158142,0.030000001192092892,-0.03000003099441528,-0.05000001192092896,5.0,7.0,10-24,-0.11416665712992352
08-11,0.5,0.4700000286102295,-1.3599998950958252,0.19999992847442627,0.10999995470046996,-0.25999999046325684,-0.010000020265579224,-0.31999993324279785,-0.19999998807907104,0.05000001192092896,0.0,0.0,5.0,7.0,10-25,-0.06833332528670627
08-12,0.46999990940094,0.3899998664855957,-1.2899999618530271,0.19999992847442627,0.10999995470046996,-0.2400000095367432,0.009999990463256836,-0.36000001430511475,-0.12999999523162842,0.04000002145767212,0.0,0.0,6.0,6.0,10-26,-0.06666669249534607
08-13,0.3700000047683716,0.5499999523162842,-1.369999885559082,0.19999992847442627,0.06999999284744263,-0.18000000715255735,0.009999990463256836,-0.2899999618530273,-0.1899999976158142,0.04000002145767212,-0.009999990463256836,-0.060000002384185784,6.0,6.0,10-27,-0.07166666289170583
08-14,0.20000004768371585,0.5699999332427979,-1.3599998950958252,0.16999995708465576,0.0,-0.2200000286102295,-0.02000001072883606,-0.35999995470047,-0.1899999976158142,-0.04999998211860657,-0.019999980926513672,-0.05000001192092896,3.0,9.0,10-28,-0.11083332697550456
08-15,0.309999942779541,0.4700000286102295,-1.3599998950958252,0.12999999523162842,-0.019999980926513672,-0.18000000715255735,-0.010000020265579224,-0.35999995470047,-0.15999996662139893,0.03999999165534973,-0.04000002145767212,-0.05000001192092896,4.0,8.0,10-29,-0.10249999165534973
08-16,0.25,0.4700000286102295,-1.1999998092651367,0.13999998569488525,-0.039999961853027344,-0.1899999976158142,-0.02000001072883606,-0.39000004529953,-0.2200000286102295,0.03999999165534973,-0.060000002384185784,-0.06999999284744263,4.0,8.0,10-30,-0.10749998688697816
08-17,0.25,0.440000057220459,-0.8199999332427979,0.19999992847442627,-0.09000003337860107,-0.25,-0.02000001072883606,-0.39000004529953,-0.21999996900558472,0.009999990463256836,-0.009999990463256836,-0.06999999284744263,4.0,8.0,10-31,-0.08083333323399226
08-18,0.25,0.6099998950958252,-0.690000057220459,0.12000000476837157,-0.060000002384185784,-0.25,0.0,-0.4300000071525574,-0.19999998807907104,0.0,-0.009999990463256836,-0.09999999403953552,3.0,9.0,11-01,-0.06333334495623906
08-19,0.5299999713897705,0.6899998188018799,-0.8399999141693115,0.3299999237060547,-0.060000002384185784,-0.2200000286102295,-0.030000001192092892,-0.33000004291534424,-0.1899999976158142,0.010000020265579224,-0.009999990463256836,-0.05000001192092896,4.0,8.0,11-02,-0.014166687925656637
08-20,0.4000000953674317,0.9500000476837158,-1.25,0.3299999237060547,-0.11000001430511476,-0.2800000309944153,0.0,-0.19000005722045896,-0.1600000262260437,0.010000020265579224,-0.05000001192092896,-0.060000002384185784,4.0,8.0,11-03,-0.034166671335697174
08-21,0.2700001001358032,1.1200001239776611,-1.2999999523162842,0.07999992370605469,-0.14000004529953006,-0.3100000023841858,-0.009999990463256836,-0.2799999713897705,-0.1600000262260437,-0.019999980926513672,-0.04000002145767212,-0.04999998211860657,3.0,9.0,11-04,-0.06999998539686203
08-22,0.23000001907348636,1.2299997806549072,-1.2999999523162842,0.10000002384185792,-0.08000004291534424,-0.25999999046325684,0.030000001192092892,-0.2799999713897705,-0.1600000262260437,-0.030000001192092892,-0.05000001192092896,0.0,4.0,8.0,11-05,-0.047500014305114746
08-23,0.31000006198883057,1.2299997806549072,-0.9800000190734864,0.019999980926513672,-0.2699999809265137,-0.3100000023841858,0.030000001192092892,-0.3799999952316284,-0.25999999046325684,-0.02000001072883606,-0.08000004291534424,-0.009999990463256836,4.0,8.0,11-06,-0.060000017285346985
08-24,0.31000006198883057,1.2299997806549072,-0.9100000858306884,-0.10000002384185792,-0.2400000095367432,-0.3100000023841858,0.030000001192092892,-0.1499999761581421,-0.1600000262260437,-0.010000020265579224,-0.06999999284744263,-0.009999990463256836,3.0,9.0,11-07,-0.032500023643175766
08-25,0.2900000810623169,1.2899999618530271,-0.9499998092651368,-0.1499999761581421,-0.2400000095367432,-0.3100000023841858,0.030000001192092892,-0.2499999403953552,-0.15000003576278687,-0.02000001072883606,-0.06999999284744263,0.0,3.0,9.0,11-08,-0.04416664441426595
08-26,0.2999999523162842,1.6600000858306885,-1.0499999523162842,-0.1499999761581421,-0.2400000095367432,-0.3100000023841858,0.02000001072883606,-0.2499999403953552,-0.20999997854232788,-0.030000001192092892,-0.06999999284744263,0.04000002145767212,4.0,8.0,11-09,-0.024166648586591084
08-27,0.25999999046325684,2.740000009536743,-1.25,-0.1499999761581421,-0.1899999976158142,-0.3199999928474426,-0.03999999165534973,-0.2499999403953552,-0.2400000095367432,-0.030000001192092892,-0.11000001430511476,0.030000001192092892,3.0,9.0,11-10,0.03750000645716985
08-28,0.2699999809265137,2.5800001621246342,-1.3300001621246338,-0.1499999761581421,-0.1899999976158142,-0.2799999713897705,-0.03999999165534973,-0.2699999809265137,-0.2400000095367432,-0.09999999403953552,-0.12000000476837157,-0.009999990463256836,2.0,10.0,11-11,0.01000000536441803
08-29,0.2799999713897705,2.879999876022339,-1.3300001621246338,-0.12000000476837157,-0.10000002384185792,-0.2799999713897705,-0.060000002384185784,-0.2699999809265137,-0.2200000286102295,-0.06999999284744263,-0.11000001430511476,0.0,2.0,10.0,11-12,0.049999972184499114
08-30,0.25999999046325684,2.879999876022339,-1.950000286102295,-0.12000000476837157,-0.21999996900558472,-0.2799999713897705,-0.060000002384185784,-0.19000005722045896,-0.2200000286102295,-0.06999999284744263,-0.09999996423721312,-0.010000020265579224,2.0,10.0,11-13,-0.006666702528794606
08-31,0.25999999046325684,2.889999866485596,-1.8799998760223389,-0.2699999809265137,-0.18000000715255735,-0.2799999713897705,-0.060000002384185784,-0.16999995708465576,-0.2400000095367432,-0.09000000357627869,-0.19000005722045896,-0.010000020265579224,2.0,10.0,11-14,-0.018333335717519127
09-01,0.2799999713897705,2.750000238418579,-2.0100001096725464,-0.3899999856948853,-0.17000001668930054,-0.2799999713897705,-0.03999999165534973,-0.3299999237060547,-0.3399999737739563,-0.10999998450279236,-0.19000005722045896,0.0,2.0,10.0,11-15,-0.06916665037473042
09-02,0.25,2.3300001621246342,-2.290000081062317,-0.3999999761581421,-0.17000001668930054,-0.2799999713897705,-0.030000001192092892,-0.3299999237060547,-0.4399999976158142,-0.09000000357627869,-0.19000005722045896,-0.009999990463256836,2.0,10.0,11-16,-0.13749998807907104
09-03,0.19000005722045896,2.1700000762939453,-1.9800000190734863,-0.3999999761581421,-0.17000001668930054,-0.23000001907348636,-0.030000001192092892,-0.4499999284744263,-0.4399999976158142,-0.09000000357627869,-0.19000005722045896,-0.019999980926513672,2.0,10.0,11-17,-0.1366666555404663
09-04,0.23000001907348636,1.7900002002716064,-1.930000066757202,-0.3999999761581421,-0.12999999523162842,-0.19999998807907104,-0.06999999284744263,-0.4899999499320984,-0.4399999976158142,-0.09000000357627869,-0.21000003814697266,-0.030000001192092892,2.0,10.0,11-18,-0.16416664918263754
09-05,0.13999998569488525,1.9700000286102293,-1.930000066757202,-0.5699999332427979,-0.10000002384185792,-0.18000000715255735,-0.07999998331069946,-0.4899999499320984,-0.4399999976158142,-0.060000002384185784,-0.15000003576278687,-0.010000020265579224,2.0,10.0,11-19,-0.1583333338300387
09-06,0.1499999761581421,1.9700000286102293,-1.930000066757202,-0.6500000953674316,-0.12999999523162842,-0.1799999475479126,-0.07999998331069946,-0.4899999499320984,-0.3700000047683716,-0.09000000357627869,-0.09000003337860107,-0.010000020265579224,2.0,10.0,11-20,-0.1583333412806193
09-07,0.1499999761581421,1.9700000286102293,-2.1399999856948853,-0.690000057220459,-0.12000000476837157,-0.1899999976158142,-0.07999998331069946,-0.4900000095367432,-0.36000001430511475,-0.06999999284744263,-0.09000003337860107,-0.010000020265579224,2.0,10.0,11-21,-0.17666667451461154
09-08,0.1499999761581421,1.7099997997283936,-1.9899998903274536,-0.7200000286102295,-0.12000000476837157,-0.1899999976158142,-0.07999998331069946,-0.5699999332427979,-0.3999999761581421,-0.06999999284744263,-0.09000003337860107,-0.010000020265579224,2.0,10.0,11-22,-0.1983333403865496
09-09,0.12000000476837157,1.829999923706055,-1.919999957084656,-0.8099999427795409,-0.12000000476837157,-0.1899999976158142,-0.07999998331069946,-0.3999999761581421,-0.34999996423721313,-0.07999998331069946,-0.09000003337860107,-0.03999999165534973,2.0,10.0,11-23,-0.1774999921520551
09-10,0.1700000762939453,2.240000009536743,-1.7399998903274536,-0.8099999427795409,-0.09999996423721312,-0.20999997854232788,-0.009999990463256836,-0.3899999856948853,-0.3700000047683716,-0.07999998331069946,-0.08000004291534424,-0.05000001192092896,2.0,10.0,11-24,-0.11916664242744444
09-11,0.2799999713897705,2.1700000762939453,-1.7999999523162842,-0.9700000286102296,-0.0899999737739563,-0.1899999976158142,0.0,-0.3799999356269837,-0.3700000047683716,-0.04999998211860657,-0.15000003576278687,-0.060000002384185784,2.0,10.0,11-25,-0.13416665544112524
09-12,0.309999942779541,2.0799999237060547,-1.7999999523162842,-0.7899999618530273,-0.060000002384185784,-0.1899999976158142,-0.03999999165534973,-0.3799999356269837,-0.36000001430511475,-0.060000002384185784,-0.12999996542930606,-0.060000002384185784,2.0,10.0,11-26,-0.1233333299557368
09-13,0.2099999189376831,2.0799999237060547,-1.829999923706055,-1.0,-0.11000001430511476,-0.15999996662139893,-0.04999998211860657,-0.35999995470047,-0.36000001430511475,-0.07999998331069946,-0.1600000262260437,-0.060000002384185784,2.0,10.0,11-27,-0.15666666875282922
09-14,0.2099999189376831,2.0699999332427983,-1.8800001144409182,-0.9500000476837158,-0.15000003576278687,-0.15999996662139893,-0.04999998211860657,-0.44999998807907104,-0.3100000023841858,-0.07999998331069946,-0.13999998569488525,-0.060000002384185784,2.0,10.0,11-28,-0.16250002135833105
09-15,0.18999993801116946,2.7699999809265137,-1.8400001525878904,-1.0399999618530271,-0.17000001668930054,-0.15999996662139893,-0.04999998211860657,-0.44999998807907104,-0.25999999046325684,-0.07999998331069946,-0.13999998569488525,-0.06999999284744263,2.0,10.0,11-29,-0.10833334177732468
09-16,0.1799999475479126,2.859999895095825,-1.7599998712539673,-1.0099999904632568,-0.17000001668930054,-0.16999995708465576,-0.019999980926513672,-0.4300000071525574,-0.18000000715255735,-0.07999998331069946,-0.13999998569488525,-0.060000002384185784,2.0,10.0,11-30,-0.08166666328907013
09-17,0.12000000476837157,2.8500001430511475,-1.829999923706055,-1.0099999904632568,-0.17000001668930054,-0.16999995708465576,-0.030000001192092892,-0.4399999976158142,-0.21000000834465027,-0.07999998331069946,-0.20999997854232788,-0.06999999284744263,2.0,10.0,12-01,-0.104166641831398
09-18,0.21999990940093994,2.620000123977661,-1.8399999141693115,-0.9700000286102296,-0.17000001668930054,-0.16999995708465576,0.0,-0.4600000381469727,-0.21000000834465027,-0.060000002384185784,-0.2200000286102295,-0.05000001192092896,2.0,10.0,12-02,-0.10916666438182196
09-19,0.15999996662139893,2.830000162124634,-1.8399999141693115,-0.9000000953674316,-0.1600000262260437,-0.1899999976158142,0.0,-0.4600000381469727,-0.16999998688697815,-0.06999999284744263,-0.21000000834465027,-0.030000001192092892,2.0,10.0,12-03,-0.08666666100422543
09-20,0.1499999761581421,2.830000162124634,-1.8199999332427976,-0.9000000953674316,-0.18000000715255735,-0.1899999976158142,0.0,-0.4600000381469727,-0.17000001668930054,-0.019999980926513672,-0.22999998927116394,-0.030000001192092892,2.0,10.0,12-04,-0.08499999344348907
09-21,0.1499999761581421,2.880000114440918,-1.7899999618530271,-0.7599999904632568,-0.1499999761581421,-0.1899999976158142,0.0,-0.4799999594688416,-0.13999998569488525,-0.019999980926513672,-0.23000001907348636,-0.030000001192092892,2.0,10.0,12-05,-0.06333331515391667
09-22,0.1499999761581421,3.129999876022339,-1.5800000429153442,-0.559999942779541,-0.13999998569488525,-0.1899999976158142,-0.04000002145767212,-0.5300000309944153,-0.16999995708465576,-0.03999999165534973,-0.2600000202655792,-0.010000020265579224,2.0,10.0,12-06,-0.02000001321236293
09-23,0.2400000095367432,3.0299997329711914,-1.2300000190734863,-0.6399999856948853,-0.13999998569488525,-0.1899999976158142,-0.04000002145767212,-0.3899999856948853,-0.18000000715255735,-0.04999998211860657,-0.2600000202655792,0.0,2.0,10.0,12-07,0.012499978144963585
09-24,-0.029999971389770508,2.8600001335144043,-1.0399999618530271,-0.6399999856948853,-0.17000001668930054,-0.18000000715255735,-0.04000002145767212,-0.41999995708465576,-0.20999997854232788,-0.04999998211860657,-0.2499999701976776,-0.010000020265579224,1.0,11.0,12-08,-0.014999978244304657
09-25,0.09000003337860107,2.180000305175781,-0.8399999141693115,-0.5500000715255737,-0.17000001668930054,-0.1899999976158142,-0.009999990463256836,-0.41999995708465576,-0.20999997854232788,-0.04999998211860657,-0.21999996900558472,-0.010000020265579224,2.0,10.0,12-09,-0.03333329657713572
09-26,-0.019999980926513672,2.0999999046325684,-0.8399999141693115,-0.5,-0.18000000715255735,-0.1899999976158142,0.009999990463256836,-0.41999995708465576,-0.19999998807907104,-0.09000000357627869,-0.21999996900558472,-0.010000020265579224,2.0,10.0,12-10,-0.04666666189829508
09-27,0.16000008583068848,2.0999999046325684,-1.0299999713897705,-0.6399999856948853,-0.1899999976158142,-0.21000003814697266,0.009999990463256836,-0.3700000047683716,-0.17000001668930054,-0.08000001311302185,-0.1499999761581421,-0.010000020265579224,3.0,9.0,12-11,-0.04833333690961202
09-28,0.16000008583068848,2.2799997329711914,-1.0899999141693115,-0.6299999952316284,-0.14000004529953006,-0.23000001907348636,0.009999990463256836,-0.2800000309944153,-0.14000004529953006,-0.0899999737739563,-0.060000002384185784,-0.010000020265579224,3.0,9.0,12-12,-0.018333353102207184
09-29,0.13999998569488525,2.1400001049041752,-1.0200001001358032,-0.5,-0.10000002384185792,-0.23000001907348636,-0.009999990463256836,-0.25,-0.18000000715255735,-0.07999998331069946,-0.060000002384185784,-0.010000020265579224,2.0,10.0,12-13,-0.01333333800236384
09-30,0.039999961853027344,2.6599998474121094,-0.9099999666213988,-0.4700000286102295,-0.10000002384185792,-0.23000001907348636,0.010000020265579224,-0.21000003814697266,-0.12000000476837157,-0.07999998331069946,-0.060000002384185784,0.0,3.0,9.0,12-14,0.044166646897792816
10-01,-0.0700000524520874,2.809999942779541,-0.6999999284744263,-0.4700000286102295,-0.11000001430511476,-0.23000001907348636,0.02000001072883606,-0.2200000286102295,-0.10000002384185792,-0.07999998331069946,-0.09999996423721312,-0.02000001072883606,2.0,10.0,12-15,0.060833324988683074
10-02,-0.009999990463256836,2.5799999237060547,-0.75,-0.4700000286102295,-0.12999999523162842,-0.2600000500679016,-0.009999990463256836,-0.2500000596046448,-0.10000002384185792,-0.09999999403953552,-0.11000001430511476,0.0,1.0,11.0,12-16,0.03249998142321905
10-03,-0.06000006198883056,2.380000114440918,-0.75,-0.4500000476837158,-0.1899999976158142,-0.21999996900558472,-0.009999990463256836,-0.2500000596046448,-0.10000002384185792,-0.12000000476837157,-0.09999999403953552,-0.02000001072883606,1.0,11.0,12-17,0.009166662891705831
10-04,0.019999980926513672,2.380000114440918,-0.559999942779541,-0.36000001430511475,-0.1600000262260437,-0.21999996900558472,0.0,-0.1899999976158142,-0.09999996423721312,-0.12000000476837157,-0.18000000715255735,-0.02000001072883606,2.0,10.0,12-18,0.040833346545696265
10-05,0.019999980926513672,2.2700002193450928,-0.5099999904632568,-0.4000000953674317,-0.12000000476837157,-0.21999996900558472,0.0,-0.2200000286102295,-0.11000001430511476,-0.12000000476837157,-0.179999977350235,-0.02000001072883606,2.0,10.0,12-19,0.032500008742014565
10-06,-0.029999971389770508,2.1600000858306885,-0.5399999618530273,-0.3899999856948853,-0.1600000262260437,-0.21999996900558472,-0.03999999165534973,-0.1799999475479126,-0.17000001668930054,-0.09000000357627869,-0.16999998688697815,-0.030000001192092892,1.0,11.0,12-20,0.011666685342788695
10-07,0.019999980926513672,2.4200000762939453,-0.4800001382827759,-0.36000001430511475,-0.1600000262260437,-0.1799999475479126,-0.03999999165534973,-0.2799999713897705,-0.11000001430511476,-0.06999999284744263,-0.16999998688697815,-0.02000001072883606,2.0,10.0,12-21,0.04749999692042669
10-08,-0.05000007152557373,2.2099997997283936,-0.20000004768371585,-0.36000001430511475,-0.13999998569488525,-0.2400000095367432,-0.019999980926513672,-0.20999997854232788,-0.0899999737739563,-0.06999999284744263,-0.16999998688697815,-0.02000001072883606,1.0,11.0,12-22,0.05333331227302551
10-09,0.059999942779541016,2.379999876022339,-0.3900001049041748,-0.3000000715255737,-0.13999998569488525,-0.30000001192092896,-0.019999980926513672,-0.2399999499320984,-0.0899999737739563,-0.06999999284744263,-0.18000000715255735,-0.1599999964237213,2.0,10.0,12-23,0.04583331197500229
10-10,0.16999995708465576,2.379999876022339,-0.3900001049041748,-0.2200000286102295,-0.13999998569488525,-0.3100000023841858,-0.05000001192092896,-0.2399999499320984,-0.11000001430511476,-0.05000001192092896,-0.04000002145767212,-0.179999977350235,2.0,10.0,12-24,0.06833331038554509
10-11,0.16999995708465576,2.379999876022339,-0.4700000286102295,-0.2200000286102295,-0.12000000476837157,-0.3100000023841858,-0.05000001192092896,-0.2699999809265137,-0.07999998331069946,-0.15000000596046448,-0.04000002145767212,-0.179999977350235,2.0,10.0,12-25,0.05499998231728872
10-12,0.16999995708465576,2.3199999332427983,-0.4800000190734863,-0.2400000095367432,-0.10000002384185792,-0.3100000023841858,-0.05000001192092896,-0.2699999809265137,-0.019999980926513672,-0.12000000476837157,-0.009999990463256836,-0.179999977350235,2.0,10.0,12-26,0.059166657427946724
10-13,-0.019999980926513672,2.150000095367432,-0.4900000095367432,-0.23000001907348636,-0.10000002384185792,-0.3100000023841858,-0.05000001192092896,-0.30000001192092896,-0.03000003099441528,-0.2199999988079071,-0.029999971389770508,-0.09999999403953552,1.0,11.0,12-27,0.022500003377596542
10-14,-0.2300001382827759,2.250000238418579,-0.5499999523162842,-0.23000001907348636,-0.10000002384185792,-0.27000004053115845,-0.02000001072883606,-0.3100000023841858,0.0,-0.1899999976158142,-0.029999971389770508,-0.09999999403953552,1.0,11.0,12-28,0.018333340684572857
10-15,-0.1499999761581421,2.5199997425079346,-0.33000004291534424,-0.23000001907348636,-0.09000003337860107,-0.23000001907348636,-0.03999999165534973,-0.36000001430511475,0.06999999284744263,-0.1899999976158142,-0.009999990463256836,-0.09000000357627869,2.0,10.0,12-29,0.07249997059504193
10-16,-0.2899998426437378,2.75,-0.4000000953674317,-0.25,-0.09000003337860107,-0.2200000286102295,-0.04999998211860657,-0.34999996423721313,0.06999999284744263,-0.20999997854232788,-0.04999995231628418,-0.060000002384185784,2.0,10.0,12-30,0.07083334277073543
10-17,-0.2999999523162842,2.929999828338623,-0.4000000953674317,-0.21000003814697266,-0.12999999523162842,-0.21000003814697266,-0.060000002384185784,-0.34999996423721313,0.06999999284744263,-0.179999977350235,-0.06999999284744263,-0.06999999284744263,2.0,10.0,12-31,0.08499998102585475
10-18,-0.2999999523162842,2.929999828338623,-0.3700001239776611,-0.18000006675720215,-0.12999999523162842,-0.19000005722045896,-0.060000002384185784,-0.2999999523162842,0.04000002145767212,-0.1899999976158142,-0.06999999284744263,-0.06999999284744263,2.0,10.0,01-01,0.09249997635682423
10-19,-0.2999999523162842,3.0199997425079346,-0.4000000953674317,-0.2699999809265137,-0.09000003337860107,-0.20000004768371585,-0.060000002384185784,-0.3799999356269837,0.060000002384185784,-0.179999977350235,-0.060000002384185784,-0.06999999284744263,2.0,10.0,01-02,0.08916664371887842
10-20,-0.3299999237060547,2.9200000762939453,-0.2700001001358032,-0.05000007152557373,-0.07999998331069946,-0.20000004768371585,-0.060000002384185784,-0.31999993324279785,0.04000002145767212,-0.1199999749660492,-0.039999961853027344,-0.05000001192092896,2.0,10.0,01-03,0.12000000725189845
10-21,-0.25999999046325684,2.8499999046325684,-0.3200000524520874,0.19999992847442627,-0.07999998331069946,-0.20000004768371585,-0.04999998211860657,-0.31000006198883057,0.1499999761581421,-0.0899999737739563,-0.039999961853027344,-0.06999999284744263,3.0,9.0,01-04,0.14833331356445947
10-22,-0.3299999237060547,2.7300000190734863,-0.09999990463256836,0.19999992847442627,-0.15999996662139893,-0.17000001668930054,-0.03999999165534973,-0.21999996900558472,0.12999999523162842,-0.0899999737739563,-0.029999971389770508,-0.060000002384185784,3.0,9.0,01-05,0.15500001857678095
10-23,-0.009999990463256836,2.259999990463257,0.18000006675720215,0.11000001430511476,-0.1799999475479126,-0.2200000286102295,-0.03999999165534973,-0.1899999976158142,0.12999999523162842,-0.07999998331069946,-0.05000001192092896,-0.03999999165534973,4.0,8.0,01-06,0.15583334366480509
10-24,0.15999996662139893,2.1400001049041752,0.18000006675720215,0.10000002384185792,-0.1899999976158142,-0.2200000286102295,-0.03999999165534973,-0.1899999976158142,0.06999999284744263,-0.06999999284744263,0.0,-0.03999999165534973,5.0,7.0,01-07,0.15833334624767306
10-25,0.2200000286102295,2.1400001049041752,0.2699999809265137,-0.10000002384185792,-0.1600000262260437,-0.17000001668930054,-0.02000001072883606,-0.19999998807907104,0.12999999523162842,-0.03999999165534973,-0.03000003099441528,-0.03999999165534973,4.0,8.0,01-08,0.16666666915019354
10-26,0.2200000286102295,2.190000057220459,0.3899998664855957,-0.05000007152557373,-0.18000000715255735,-0.1899999976158142,-0.02000001072883606,-0.09999996423721312,0.1600000262260437,-0.060000002384185784,0.0,-0.03999999165534973,4.0,8.0,01-09,0.19333332777023315
10-27,0.20000004768371585,2.289999961853028,0.2400000095367432,-0.06999993324279785,-0.15000003576278687,-0.1899999976158142,-0.030000001192092892,-0.09000003337860107,0.0899999737739563,-0.09999999403953552,0.009999990463256836,-0.030000001192092892,5.0,7.0,01-10,0.1808333322405815
10-28,0.2400000095367432,1.8000001907348633,0.019999980926513672,-0.029999971389770508,-0.15000003576278687,-0.1899999976158142,-0.02000001072883606,-0.09999996423721312,0.019999980926513672,-0.06999999284744263,0.009999990463256836,-0.010000020265579224,5.0,7.0,01-11,0.12666667997837067
10-29,-0.11999988555908205,1.5899999141693115,0.22999978065490725,-0.029999971389770508,-0.12000000476837157,-0.12999999523162842,-0.010000020265579224,-0.1499999761581421,0.029999971389770508,-0.06999999284744263,0.0,-0.030000001192092892,3.0,9.0,01-12,0.09916665156682332
10-30,0.009999990463256836,1.6199998855590818,0.14999985694885254,-0.029999971389770508,-0.17000001668930054,-0.1600000262260437,-0.030000001192092892,-0.16999995708465576,0.029999971389770508,-0.03999999165534973,-0.03000003099441528,-0.02000001072883606,4.0,8.0,01-13,0.0966666415333748
10-31,0.08999991416931152,1.929999828338623,0.14999985694885254,0.08000004291534424,-0.15999996662139893,-0.1300000548362732,-0.009999990463256836,-0.16999995708465576,0.06999999284744263,-0.05000001192092896,0.0,-0.02000001072883606,5.0,7.0,01-14,0.14833330363035202
11-01,0.1499999761581421,1.929999828338623,0.25,0.11000001430511476,-0.13999998569488525,-0.1300000548362732,-0.03999999165534973,-0.2099999189376831,0.04000002145767212,-0.03999999165534973,0.04000002145767212,-0.02000001072883606,6.0,6.0,01-15,0.16166665901740393
11-02,0.1499999761581421,1.6899995803833008,0.2999999523162842,0.19999992847442627,-0.05000001192092896,-0.15000003576278687,-0.03999999165534973,-0.12000000476837157,0.07999998331069946,-0.019999980926513672,0.0,-0.02000001072883606,5.0,7.0,01-16,0.16833328207333886
11-03,0.12000000476837157,1.579999923706055,0.3899998664855957,0.25999999046325684,-0.05000001192092896,-0.15000003576278687,-0.03999999165534973,-0.1300000548362732,-0.009999990463256836,-0.03999999165534973,0.020000040531158447,-0.03999999165534973,5.0,7.0,01-17,0.15916664650042853
11-04,0.039999961853027344,1.079999923706055,0.4599997997283936,0.31999993324279785,-0.05000001192092896,-0.10000002384185792,-0.03999999165534973,-0.05000001192092896,-0.029999971389770508,-0.029999971389770508,0.020000040531158447,-0.030000001192092892,5.0,7.0,01-18,0.1324999729792277
11-05,0.09000003337860107,0.4800000190734863,0.8299999237060547,0.31999993324279785,-0.060000002384185784,-0.10000002384185792,-0.030000001192092892,0.009999990463256836,0.020000040531158447,-0.029999971389770508,0.020000040531158447,-0.08000001311302185,7.0,5.0,01-19,0.12249999741713205
11-06,0.08000004291534424,-0.369999885559082,0.7799999713897705,0.3399999141693115,-0.060000002384185784,-0.13999998569488525,-0.02000001072883606,0.029999971389770508,0.020000040531158447,-0.029999971389770508,0.020000040531158447,-0.06999999284744263,6.0,6.0,01-20,0.04833334436019262
11-07,0.019999980926513672,-0.15000009536743164,0.7799999713897705,0.3399999141693115,-0.060000002384185784,-0.1600000262260437,-0.010000020265579224,0.029999971389770508,0.060000002384185784,-0.019999980926513672,0.04000002145767212,-0.05000001192092896,6.0,6.0,01-21,0.06833331038554509
11-08,-0.18999993801116946,-0.15000009536743164,0.8199999332427979,0.2400000095367432,-0.019999980926513672,-0.12999999523162842,-0.02000001072883606,0.039999961853027344,0.07999998331069946,-0.02000001072883606,0.05000001192092896,-0.05000001192092896,5.0,7.0,01-22,0.05416665474573771
11-09,-0.18999993801116946,0.04999971389770508,1.0,0.18999993801116946,0.06999999284744263,-0.12999999523162842,-0.02000001072883606,0.06999999284744263,0.05000001192092896,0.019999980926513672,0.0,-0.05000001192092896,7.0,5.0,01-23,0.08833330621321996
11-10,-0.21999990940093994,-0.5199999809265137,0.9500000476837158,0.08999991416931152,0.06999999284744263,-0.12999999523162842,0.0,0.06999999284744263,0.06999999284744263,0.05000001192092896,0.0,-0.05000001192092896,6.0,6.0,01-24,0.0316666712363561
11-11,-0.2400000095367432,-0.8500003814697266,0.96999990940094,0.0,0.06999999284744263,-0.12999999523162842,0.009999990463256836,0.20999997854232788,0.060000002384185784,0.010000020265579224,0.0,-0.03999999165534973,6.0,6.0,01-25,0.005833293000857036
11-12,-0.3399999141693115,-0.630000114440918,1.0200001001358032,0.0,0.060000002384185784,-0.12999999523162842,0.02000001072883606,0.09999996423721312,0.039999961853027344,0.010000020265579224,0.010000050067901613,-0.030000001192092892,7.0,5.0,01-26,0.010833340386549631
11-13,-0.3500000238418579,-0.9499998092651368,1.0900000333786009,0.040000081062316895,0.04000002145767212,-0.19999998807907104,0.02000001072883606,0.029999971389770508,0.039999961853027344,0.030000001192092892,0.010000050067901613,-0.02000001072883606,8.0,4.0,01-27,-0.0183333083987236
11-14,-0.3400000333786011,-0.6100001335144043,1.0900000333786009,0.05000007152557373,0.03000003099441528,-0.2400000095367432,0.030000001192092892,0.029999971389770508,0.060000002384185784,-0.009999990463256836,0.03000003099441528,0.0,7.0,5.0,01-28,0.009999997913837431
11-15,-0.25,-0.6100001335144043,0.9700000286102296,0.21000003814697266,0.04000002145767212,-0.25,0.030000001192092892,0.029999971389770508,0.08000004291534424,0.06999999284744263,0.03000003099441528,0.0,8.0,4.0,01-29,0.02916666616996129
11-16,-0.25,-0.16000032424926758,0.8300001621246338,0.18000006675720215,0.07999998331069946,-0.2400000095367432,0.030000001192092892,0.04000002145767212,0.04999995231628418,0.06999999284744263,0.020000040531158447,0.0,8.0,4.0,01-30,0.05416665722926458
11-17,-0.2200000286102295,-0.2800002098083496,1.03000009059906,0.11000001430511476,0.07999998331069946,-0.2400000095367432,0.03999999165534973,0.05000001192092896,0.019999980926513672,0.05000001192092896,0.020000040531158447,0.0,8.0,4.0,01-31,0.054999989767869316
11-18,-0.4700000286102295,0.4900002479553223,0.9299999475479126,0.1400001049041748,0.07999998331069946,-0.2200000286102295,0.019999980926513672,0.0899999737739563,0.060000002384185784,0.05000001192092896,0.020000040531158447,0.0,9.0,3.0,02-01,0.09916668633619943
11-19,-0.23000001907348636,0.4299998283386231,0.9799998998641968,0.1400001049041748,0.09999996423721312,-0.2899999916553497,0.019999980926513672,0.12000000476837157,0.060000002384185784,0.05000001192092896,0.020000040531158447,0.0,9.0,2.0,02-02,0.11666665226221085
11-20,-0.33000004291534424,-0.09000015258789062,0.8799999952316284,0.23000001907348636,0.09999996423721312,-0.2500000298023224,0.019999980926513672,0.09000003337860107,0.060000002384185784,0.060000002384185784,0.009999990463256836,0.0,8.0,3.0,02-03,0.06499998023112613
11-21,-0.3700000047683716,-0.15000009536743164,0.8799999952316284,0.1499999761581421,0.1899999976158142,-0.2500000298023224,0.02000001072883606,0.09000003337860107,0.08000004291534424,0.09000000357627869,0.060000002384185784,0.0,8.0,3.0,02-04,0.06583332767089208
11-22,-0.2899999618530273,-0.15000009536743164,0.9400000572204591,0.18000006675720215,0.25,-0.27000004053115845,0.02000001072883606,0.07999998331069946,0.029999971389770508,0.09999999403953552,0.019999980926513672,0.0,8.0,3.0,02-05,0.07583333055178325
11-23,-0.2899999618530273,-0.059999942779541016,0.930000066757202,0.1700000762939453,0.3100000023841858,-0.27000004053115845,0.02000001072883606,0.2600000500679016,0.039999961853027344,0.09999999403953552,0.05000001192092896,0.0,8.0,3.0,02-06,0.10500001907348633
11-24,-0.18999993801116946,-0.5700001716613771,0.880000114440918,0.15999996662139893,0.2800000309944153,-0.27000004053115845,0.030000001192092892,0.2400000095367432,0.039999961853027344,0.07999998331069946,0.02000001072883606,0.0,8.0,3.0,02-07,0.058333327372868865
11-25,-0.3400000333786011,-0.690000057220459,0.9000000953674316,0.12000000476837157,0.2800000309944153,-0.27000004053115845,0.03999999165534973,0.4899999499320984,0.09000003337860107,0.07999998331069946,0.02000001072883606,0.0,8.0,3.0,02-08,0.059999997417132064
11-26,-0.3700000047683716,-0.5999999046325684,0.8999999761581421,0.12000000476837157,0.30000001192092896,-0.2900000214576721,0.05000001192092896,0.44999998807907104,0.09000003337860107,0.07999998331069946,0.02000001072883606,0.0,8.0,3.0,02-09,0.0625000074505806
11-27,-0.3799999952316284,-0.4800000190734863,0.8700000047683716,0.15999996662139893,0.2799999713897705,-0.2800000309944153,0.060000002384185784,0.4300000071525574,0.09000003337860107,0.07999998331069946,0.08000001311302185,0.0,8.0,3.0,02-10,0.07583332806825638
11-28,-0.3899999856948853,-0.19000005722045896,0.8700000047683716,0.11000001430511476,0.25,-0.2800000309944153,0.07000002264976501,0.4300000071525574,0.10000002384185792,0.09000000357627869,0.09000000357627869,0.0,8.0,3.0,02-11,0.09583333383003872
11-29,-0.3899999856948853,-0.19000005722045896,0.9500000476837158,0.13999998569488525,0.3700000047683716,-0.2800000309944153,0.04000002145767212,0.44999998807907104,0.0599999725818634,0.09000000357627869,0.09000000357627869,0.0,8.0,3.0,02-12,0.11083332945903142
11-30,-0.3899999856948853,-0.059999942779541016,0.9500000476837158,0.08000004291534424,0.4500000476837158,-0.3100000321865082,0.04000002145767212,0.4200000762939453,-0.009999990463256836,0.07999998331069946,0.08000001311302185,0.0,7.0,4.0,02-13,0.11083335677782696
12-01,-0.4900000095367432,-0.7100000381469727,0.9400000572204591,0.0,0.440000057220459,-0.3100000321865082,0.04000002145767212,0.44999998807907104,-0.009999990463256836,0.06999999284744263,0.060000002384185784,0.0,6.0,5.0,02-14,0.04000000407298406
12-02,-0.4800000190734863,-0.7300000190734863,0.970000147819519,0.029999971389770508,0.440000057220459,-0.2600000202655792,0.04000002145767212,0.4799999594688416,0.060000002384185784,0.09000000357627869,0.060000002384185784,0.0,8.0,3.0,02-15,0.05833334227403005
12-03,-0.41999995708465576,-0.7300000190734863,0.9400000572204591,0.029999971389770508,0.4500000476837158,-0.2600000202655792,0.07000002264976501,0.3899999856948853,0.07999998331069946,0.09000000357627869,0.04999998211860657,0.0,8.0,3.0,02-16,0.057500004768371575
12-04,-0.4000000953674317,-0.5399999618530273,1.0199999809265137,0.019999980926513672,0.440000057220459,-0.2600000202655792,0.07000002264976501,0.31000006198883057,0.07999998331069946,0.09999999403953552,0.07999998331069946,0.0,8.0,3.0,02-17,0.07666666557391484
12-05,-0.2200000286102295,-0.5399999618530273,1.0199999809265137,0.10000002384185792,0.3799999952316284,-0.24000003933906555,0.05000001192092896,0.31000006198883057,0.10000002384185792,0.12000000476837157,0.030000001192092892,0.0,8.0,3.0,02-18,0.09250000615914662
12-06,-0.18000006675720215,-0.5399999618530273,0.9800000190734864,0.08000004291534424,0.4700000286102295,-0.21000003814697266,0.05000001192092896,0.36000001430511475,0.12999999523162842,0.13999998569488525,0.03999999165534973,0.0,8.0,3.0,02-19,0.11000000188748042
12-07,-0.18000006675720215,0.0,0.7799999713897705,-0.019999980926513672,0.5800000429153442,-0.21000003814697266,0.05000001192092896,0.36000001430511475,0.04000002145767212,0.12000000476837157,0.03999999165534973,0.0,7.0,4.0,02-20,0.12999999771515527
12-08,-0.10000002384185792,0.08000040054321289,0.7899999618530273,-0.029999971389770508,0.5800000429153442,-0.21000003814697266,0.05000001192092896,0.2900000214576721,0.03000003099441528,0.1199999749660492,0.060000002384185784,0.0,8.0,3.0,02-21,0.13833336780468622
12-09,-0.31000006198883057,0.15000009536743164,0.8500000238418579,-0.2299998998641968,0.5800000429153442,-0.1899999976158142,0.08000001311302185,0.2200000286102295,0.060000002384185784,0.10999998450279236,0.060000002384185784,0.0,8.0,3.0,02-22,0.11500001947085065
12-10,-0.3299999237060547,-0.31999969482421875,1.1399999856948853,-0.2299998998641968,0.5600000619888306,-0.20000001788139346,0.1199999749660492,0.2400000095367432,0.07999998331069946,0.10999998450279236,0.060000002384185784,0.0,7.0,4.0,02-23,0.10250003884236017
12-11,-0.21999990940093994,-0.5900001525878906,1.21999990940094,-0.25999999046325684,0.34999996423721313,-0.2199999988079071,0.09999999403953552,0.18999993801116946,0.07999998331069946,0.10999998450279236,0.06999999284744263,0.0,7.0,4.0,02-24,0.06916664292414983
12-12,-0.20000004768371585,-0.6100001335144043,1.21999990940094,-0.18000006675720215,0.4300000071525574,-0.179999977350235,0.1499999761581421,0.18999993801116946,0.060000002384185784,0.10999998450279236,0.04000002145767212,0.0,7.0,4.0,02-25,0.08583330114682515
12-13,-0.33000004291534424,-0.6100001335144043,1.2299998998641968,-0.13999998569488525,0.5299999713897705,-0.1900000274181366,0.16999998688697815,0.19999992847442627,0.0,0.12000000476837157,0.019999980926513672,0.0,6.0,5.0,02-26,0.08333329856395721
12-14,-0.33000004291534424,-0.4000000953674317,1.190000057220459,-0.16000008583068848,0.5099999904632568,-0.1900000274181366,0.16999998688697815,0.2500000596046448,0.009999990463256836,0.12000000476837157,-0.009999990463256836,0.0,6.0,5.0,02-27,0.09666665395100912
12-15,-0.2899999618530273,-0.4500002861022949,0.9600000381469728,-0.12000000476837157,0.4500000476837158,-0.1900000274181366,0.16999998688697815,0.3200000524520874,0.029999971389770508,0.15000000596046448,-0.03999999165534973,0.0,6.0,5.0,02-28,0.0824999858935674
12-16,-0.3200000524520874,-0.2199997901916504,0.75,-0.21999990940093994,0.4500000476837158,-0.1900000274181366,0.16999998688697815,0.2899999618530273,0.06999999284744263,0.1599999964237213,-0.03999999165534973,0.0,6.0,5.0,03-01,0.07500001788139342
12-17,-0.33000004291534424,-0.09000015258789062,0.9900001287460328,-0.21999990940093994,0.4200000166893005,-0.1900000274181366,0.1899999976158142,0.21999996900558472,0.009999990463256836,0.1599999964237213,0.0,0.0,6.0,5.0,03-02,0.09666666388511658
12-18,-0.2699999809265137,0.010000228881835938,0.8700000047683716,-0.1799999475479126,0.4600000381469727,-0.12000000476837157,0.16999998688697815,0.25999999046325684,0.009999990463256836,0.12999999523162842,-0.030000001192092892,0.0,7.0,4.0,03-03,0.10916669170061748
12-19,-0.21999990940093994,0.08000040054321289,0.8700000047683716,-0.2200000286102295,0.5299999713897705,0.0,0.1499999761581421,0.25999999046325684,-0.06999999284744263,0.12000000476837157,-0.09000000357627869,0.0,6.0,5.0,03-04,0.11750003447135288
12-20,-0.21999990940093994,0.08000040054321289,0.5899999141693115,-0.25999999046325684,0.5,-0.06999999284744263,0.1499999761581421,0.2400000095367432,-0.11000001430511476,0.08000001311302185,-0.16999998688697815,0.0,6.0,5.0,03-05,0.06750003496805827
12-21,-0.21999990940093994,-0.08999967575073242,0.9900000095367432,-0.2799999713897705,0.4800000190734863,-0.07999998331069946,0.1499999761581421,0.21999996900558472,-0.14000004529953006,0.12000000476837157,-0.18000000715255735,0.0,5.0,6.0,03-06,0.08083336551984151
12-22,-0.3299999237060547,0.019999980926513672,0.9200000762939452,-0.2899999618530273,0.43000006675720215,-0.07999998331069946,0.1599999964237213,0.2200000286102295,-0.13999998569488525,0.1599999964237213,-0.21000000834465027,0.0,6.0,5.0,03-07,0.07166669021050136
12-23,-0.2699999809265137,-0.07000017166137695,0.8199999332427979,-0.2200000286102295,0.43000006675720215,-0.07999998331069946,0.17000001668930054,0.21000003814697266,-0.10000002384185792,0.13999998569488525,-0.21000000834465027,0.0,5.0,6.0,03-08,0.06833332031965256
12-24,-0.010000109672546387,-0.20999956130981445,0.6799999475479126,-0.2200000286102295,0.43000006675720215,-0.07999998331069946,0.15000000596046448,0.18000000715255735,-0.10000002384185792,0.13999998569488525,-0.1900000274181366,0.0,5.0,6.0,03-09,0.06416668991247812
12-26,-0.12000000476837157,-0.309999942779541,0.7099999189376831,-0.13999998569488525,0.3700000047683716,-0.04999998211860657,0.20999997854232788,0.1600000262260437,-0.10000002384185792,0.09999999403953552,-0.15000003576278687,0.0,5.0,6.0,03-11,0.056666662295659385
12-27,0.1099998950958252,-0.309999942779541,0.7099999189376831,-0.19999992847442627,0.36000001430511475,-0.1199999749660492,0.19999998807907104,0.1600000262260437,-0.17000001668930054,0.09999999403953552,-0.2400000095367432,0.0,6.0,5.0,03-12,0.04999999701976776
12-28,0.1099998950958252,-0.3400001525878906,0.7699999809265137,-0.06000006198883056,0.36000001430511475,-0.1199999749660492,0.19999998807907104,0.1799999475479126,-0.18000000715255735,0.09999999403953552,-0.22999995946884155,0.0,6.0,5.0,03-13,0.06583330531915027
12-29,0.1499999761581421,-0.8799996376037598,0.6799999475479126,-0.11000001430511476,0.3799999952316284,-0.1199999749660492,0.1899999976158142,0.10999995470046996,-0.17000001668930054,0.07999998331069946,-0.2799999713897705,0.0,6.0,5.0,03-14,0.002500019967556
12-30,0.1700000762939453,-0.8299999237060547,0.6699999570846558,-0.07999992370605469,0.3799999952316284,-0.10999998450279236,0.179999977350235,0.17000001668930054,-0.20999997854232788,0.0899999737739563,-0.2799999713897705,0.0,6.0,5.0,03-15,0.012500017881393431
12-31,0.2400000095367432,-1.1500000953674316,0.3399999141693115,-0.07999992370605469,0.3699999451637268,-0.1199999749660492,0.21999996900558472,0.12999999523162842,-0.20999997854232788,0.0899999737739563,-0.30000001192092896,0.0,6.0,5.0,03-16,-0.03916668146848679
