,2009,2010,2011,2012,2013,2014,2015,2016,2017,2018,2019,2020,ups,downs,avg
01-02,-22.7310532074028,-2.437036773633904,-2.2717669237668794,0.6813630104030385,16.83385265235366,0.6800488671627379,7.587147286359844,-3.404673059933701,11.304343040506811,2.0287385686049766,4.966135411209635,-46.0101965435377,7.0,5.0,-2.7310914726395232
01-03,-15.469613467597428,-2.022653777865944,-2.2717669237668794,0.6813630104030385,18.330753253577267,0.4487220947871552,8.91762766073681,0.09398711051839098,11.304343040506811,0.3439377597542718,6.480446213033797,-76.81159620599523,8.0,4.0,-4.164537519325663
01-04,-11.679386934487527,-2.022653777865944,-1.3883042379087178,0.8326688746635197,15.98489557566547,1.9303816550244963,10.978041569160393,0.09398711051839098,7.328987280950984,-1.6521702642026153,2.914800747287213,-62.906317909976245,7.0,5.0,-3.298755859264214
01-05,-11.679386934487527,-2.467640078056239,-0.041886557107989726,4.630352135139432,15.667619494058393,0.2253692724656166,10.978041569160393,0.7518789579387514,6.548095985740372,-4.332446975583493,1.4672699715393864,-88.49558614416708,7.0,5.0,-5.5623599419466645
01-06,-16.030529516364833,-2.3615632586244435,2.5133934851510515,6.8791313224012285,16.35734700592472,0.2253692724656166,10.578843518539255,5.637704934215861,7.315111560349992,-3.798589370743428,1.9101132986567333,-88.49558614416708,8.0,4.0,-4.939104491016277
01-07,-10.687019677576554,-2.37704890481056,6.560634765634627,5.059283865202166,16.35734700592472,0.7405007926304862,9.450401073740117,10.073938847792164,4.634151541947907,-1.9965237248000682,1.9101132986567333,-87.83185413593469,8.0,4.0,-4.008839604299412
01-08,-16.4843720721547,-1.6326515042051977,4.866371472698362,4.8335947877088445,17.301037564027276,1.6655943685194363,10.742185256579683,11.22544299690337,4.088307593743148,-1.9965237248000682,0.8988755857864374,-96.09195218342644,8.0,4.0,-5.048674154884988
01-09,-0.7617771021337011,-0.7536713247032298,5.805684561895873,4.8335947877088445,14.595283767350384,1.6335689945504934,9.694208082057935,8.8403066987459,4.088307593743148,-0.8680505540085943,0.3359539263186763,-88.0000008477105,8.0,4.0,-3.3797159513487314
01-10,-2.4246872302024807,-2.9590577218433167,5.805684561895873,3.5261465836733223,15.861639539996727,1.5170655862697902,10.392157730499497,8.8403066987459,4.497132114855144,-2.5823769131658696,-1.8120028176054117,-111.69154898653716,7.0,5.0,-5.919128404451499
01-11,1.1347574238132605,-2.9590577218433167,6.003161437929963,2.860545535049937,15.586858624934795,3.6409285159750318,10.157275016295582,8.8403066987459,4.2657877111510505,-4.856114814841813,-1.2443399861825108,-92.3766782582999,8.0,4.0,-4.0788808181060014
01-12,1.1347574238132605,0.6890963752258067,6.799530131859728,3.920031325079421,16.093024911806562,4.062497615814209,10.157275016295582,9.125475250702113,4.308940851646658,-4.0816243636953216,-0.44893336181869015,-76.9072184003696,9.0,3.0,-2.0955956019700204
01-13,2.978723864758975,-0.2408649791646472,6.0428821057010245,5.830116799698713,16.093024911806562,4.062497615814209,9.829619773930444,7.381889874644389,5.425101664767814,-5.919859738648063,-0.7882848414650714,-76.9072184003696,8.0,4.0,-2.1843642790437703
01-14,10.462773185159676,-1.2449777939421534,6.3442989276421295,4.7360221370908295,16.093024911806562,5.09374737739563,9.561756267827963,2.8426464548393113,8.08881468564708,-5.919859738648063,-0.7882848414650714,-77.93815018837034,8.0,4.0,-1.8890157179180371
01-15,8.710801162166764,2.1134991166474744,7.8565961856954525,4.883714568965072,15.875971594522165,6.1218185271001175,9.006000322938686,8.853110643015414,9.453125157160684,-5.919859738648063,-1.0135152187839471,-72.16698779704559,9.0,3.0,-0.5188104563554828
01-16,4.65454795143821,-1.26182841925327,9.036143323751826,4.883714568965072,15.038760872774345,7.944780265236146,6.576272996805482,5.60080706876633,9.453125157160684,-5.919859738648063,-0.4479278889816339,-89.99999896339745,8.0,4.0,-2.8701219004485274
01-17,17.081854374544758,-1.26182841925327,9.036143323751826,4.883714568965072,14.853625543447402,9.657706714146745,6.639283614980585,6.363628131736529,9.453125157160684,-6.946985905233537,0.0,-73.46534451530592,8.0,4.0,-0.3087564509215923
01-18,18.928324903900887,-1.26182841925327,9.036143323751826,4.24710578251409,13.895785410511222,8.678442046977693,6.639283614980585,6.363628131736529,10.70597422563904,-5.112113614347094,0.2205017063095179,-71.56863065922737,9.0,3.0,0.06438470445780335
01-19,18.928324903900887,-1.26182841925327,9.550565811026761,2.4580537705634407,13.271607845371962,9.010920497123584,6.639283614980585,6.363628131736529,10.71149249136194,-7.39726423493937,3.2008824329093835,-76.41128896581519,9.0,3.0,-0.4113018434193971
01-20,18.928324903900887,1.6263382082573596,11.682070005690315,2.022553749249598,12.841194421407835,9.010920497123584,6.639283614980585,7.3999977111816415,10.36106529465318,-6.357854629547343,2.771618484617932,-76.41128896581519,10.0,2.0,0.04285194130836464
01-21,22.508038309127482,5.520510615869019,10.522416364104448,0.5914886524792824,12.841194421407835,9.010920497123584,5.2595658449889715,4.0609193574965685,9.682541508673363,-5.4005436544646415,2.771618484617932,-76.41128896581519,10.0,2.0,0.07978178630072226
01-22,27.69981194170193,7.632089682266316,8.482138580661513,0.5914886524792824,12.841194421407835,7.343940012602043,5.698779956793506,3.150410719609288,8.959999084472656,-5.4005436544646415,2.771618484617932,-77.6422690160136,10.0,2.0,0.1773882388445062
01-23,33.21321237038764,8.092486781229102,9.592057298128767,0.5914886524792824,12.74691627658249,8.583688929320159,7.157328761535128,0.4175361395781017,8.959999084472656,-5.580557198185461,2.113454785546328,-88.38709783272901,10.0,2.0,-0.20829049597123486
01-24,29.77804669852872,7.017540989591973,9.592057298128767,1.6955847587805724,10.635623017892406,10.775862220837384,8.189084277123781,2.2541010437457043,8.319999694824219,-5.540669012358989,1.6778481607472542,-69.78557200473304,10.0,2.0,1.217458928592394
01-25,29.77804669852872,7.017540989591973,9.261295976496642,-1.5031611963813796,10.251567294800171,12.024162593238234,8.7962958582845,2.2541010437457043,6.9243128131595375,-5.1397627320249155,-0.6756696528056335,-74.94909204763788,8.0,4.0,0.336636469916306
01-26,29.77804669852872,7.719296575762603,8.940398373406367,-1.5686259550206798,13.882132568848801,13.126490329480815,8.7962958582845,0.8196713302251629,6.270354404177589,-6.756756524549725,-0.9090900224102624,-74.94909204763788,8.0,4.0,0.42909346575800106
01-27,28.298393299773245,7.953212625800426,11.580083564165873,-1.0256419130939745,14.608434548241615,13.126490329480815,8.134917668955044,0.7391831734393149,5.528457679927522,-4.405286195552129,0.0,-74.94909204763788,8.0,4.0,0.7990960611249894
01-28,20.838706724105343,8.999613667961906,13.544669300722434,-1.5687827034326136,14.608434548241615,12.708831058190405,8.07947176296735,-1.0537448248846897,7.3092358341636166,-5.8035766363753005,0.0,-75.96742590280525,7.0,5.0,0.14128606907123614
01-29,23.707436044139605,10.3220791624423,9.408304123770597,-0.4775202675722563,12.560240905020821,12.922702045067105,8.65829748650406,-5.4255345699851905,7.3092358341636166,-5.8035766363753005,1.5765804225056397,-77.66393182323178,8.0,4.0,-0.24214060612923186
01-30,26.06284449502503,8.673666361906323,11.171172545836852,-0.4775202675722563,14.127836340825658,11.88895201953346,7.4396759450484184,-0.91000197966967,7.3092358341636166,-5.000003831727231,-0.22650575239504026,-68.81090943905176,7.0,5.0,0.9373701893269496
01-31,24.75000023841858,10.722432610760027,11.171172545836852,-0.5571082438221597,14.036669708563785,12.825170908469078,6.733334859212238,0.4985064014558224,7.3895589589430575,-5.451301458678587,2.2396501243514373,-64.91227776646878,9.0,3.0,1.6204840739201138
02-01,24.51410591955521,10.722432610760027,9.585585035719312,1.5046272704494519,9.938274904497174,13.093785679296634,6.8575276648085035,0.4985064014558224,7.365893459993094,-6.59440393889041,3.1355059023147054,-57.72812751460568,10.0,2.0,1.90780944961282
02-02,24.51410591955521,11.787066783457325,10.539562871358386,-0.5094010910452524,12.597711479727565,13.093785679296634,6.8575276648085035,2.5922161727765056,6.8000030517578125,-4.11081372114954,2.229652210828573,-63.198461919959534,9.0,3.0,1.932746258451016
02-03,20.062694968850728,14.19916706424161,9.582131936168409,-1.2875533925541662,11.668186479465605,13.093785679296634,4.593878249191153,3.1945781814455407,6.528667365470993,-1.3392908460632535,2.229652210828573,-63.198461919959534,9.0,3.0,1.6106196646985254
02-04,21.249997615814213,15.629854812351224,7.54578580041084,0.4967487978128097,11.668186479465605,11.875760049967422,7.278686273293418,4.050145428437501,5.411955331990742,-1.7025137693140415,2.229652210828573,-66.28131058369921,10.0,2.0,1.6210790372799255
02-05,21.654042122060197,16.183212041979722,7.432919661825287,0.038381273804334,11.880886859741429,13.603390744447124,2.146208572093046,6.500958916786446,4.173487870191661,-1.7025137693140415,-0.8918608843314292,-67.11799256908789,9.0,3.0,1.1584267366829906
02-06,15.109342014023627,19.702599673680297,7.432919661825287,0.038381273804334,11.239726578131922,11.231882346992569,1.7543811104012537,10.560748921345306,4.173487870191661,-2.060936371464013,3.508768627628134,-65.58934713199686,10.0,2.0,1.4251628812136268
02-07,14.473683137312474,17.839484103203738,7.432919661825287,3.2629500921897403,8.961685634057844,10.735824735596957,2.022927796886276,9.971781826951087,4.255322801970001,-0.9999968788840552,6.352682545848702,-69.48818476351317,10.0,2.0,1.2350900577870725
02-08,11.864406779661017,17.839484103203738,5.837565680947323,5.001920925390671,8.402077722156003,10.885166085925377,1.7579461092118942,9.971781826951087,5.882349324835462,-1.3736228707168714,4.500547342080268,-76.63933777482383,10.0,2.0,0.3275237712351782
02-09,11.864406779661017,15.747436868866412,8.023829159309717,5.120367400387315,9.79566839275611,10.024153991225043,1.7579461092118942,14.393224049853751,5.995203727242748,-2.1778562717670527,5.390536445465987,-67.7042822853785,10.0,2.0,1.5192195305695364
02-10,19.32203648454052,19.06203030909652,10.282952344057792,5.777439416722602,11.314617988197314,10.024153991225043,1.8931692609423807,15.014165530482455,6.235200924198472,-2.4412250799780053,5.181911016189963,-67.7042822853785,10.0,2.0,2.8301808250247107
02-11,22.490470224457614,15.21073242405665,9.391307001528533,4.309345678138034,11.314617988197314,7.1256001784799246,2.574526480679502,15.30515698733467,6.535432568278764,-2.9999993064186787,5.181911016189963,-68.87160565454668,10.0,2.0,2.297291298864633
02-12,24.92269458229243,17.45120402754962,8.793100817450162,5.616696473663497,11.491874638110867,6.654569484430878,3.6265946904103603,15.645616410245713,6.017420601705817,-2.9999993064186787,5.292167126645429,-72.74510949724066,10.0,2.0,2.48056917073712
02-13,22.77992259036601,9.921571320178463,9.448813447585326,5.616696473663497,10.681614036825506,6.731350346173952,3.054449039375793,15.428036930073063,6.017420601705817,-3.54545766657049,4.8834686224222486,-72.11538726056126,10.0,2.0,1.5752082067698272
02-14,27.45226621338988,12.328249448579705,9.448813447585326,6.831123788806491,9.816136576112484,6.614548907437848,4.04172020464085,12.463492011608267,6.096598976933239,-6.8140032061372375,5.210645711489638,-85.31187981784244,10.0,2.0,0.6814760218836717
02-15,27.01986636181089,12.328249448579705,10.578563307390953,7.886793028633549,11.964081730440366,3.7667008892463083,1.4725523395821132,12.463492011608267,3.864358935326442,-7.805320486666381,2.2522500753112733,-84.24242902977025,10.0,2.0,0.12909655095777006
02-16,27.01986636181089,12.328249448579705,10.972731141001539,7.466061493436693,11.50042318456409,3.3557001680421923,1.4725523395821132,12.463492011608267,3.7676573850848634,-6.5018318057368925,1.4590361017646507,-68.88888378692761,10.0,2.0,1.367921170234208
02-17,27.01986636181089,11.504763648623511,9.358109534004448,6.278718393200491,9.896429208335046,3.3557001680421923,1.4725523395821132,6.926829640458269,4.9805472709997956,-4.52488679972365,2.4444474114312067,-68.88888378692761,10.0,2.0,0.8186827824863924
02-18,23.149392058280156,8.784312827914366,9.983190969258796,4.789271960652787,9.896429208335046,3.3557001680421923,-2.0055322343566906,6.8999032145682895,4.127723727981191,-3.4019705626268615,2.4444474114312067,-68.88888378692761,9.0,3.0,-0.07216791978725941
02-19,22.91249327984518,12.43263894976302,12.500004899011769,3.868471896491106,9.896429208335046,1.8610491860461127,-1.5224932175275705,8.366136225995287,0.24310966450758106,-3.4019705626268615,2.4444474114312067,-66.54478987389618,9.0,3.0,0.2546272556146422
02-20,30.122694009544233,8.299599518575954,8.782581120026975,3.868471896491106,10.505165991338973,0.6845031659376726,-3.0154231739110022,7.617185062554145,0.24310966450758106,-3.4019705626268615,2.561242249006288,-73.5632334054953,9.0,3.0,-0.6080062053375185
02-21,32.12307856633113,5.031449659312352,8.782581120026975,3.868471896491106,15.093273011233304,2.2712971715284,-3.6723196565479315,6.2438067880438535,0.24310966450758106,-4.140414512708891,3.3259442961186085,-68.78504474648885,9.0,3.0,0.03210277148730375
02-22,33.15151676987157,5.031449659312352,8.782581120026975,3.5019513586036486,10.364799467753661,1.5151500555948771,-6.763638583096593,6.2438067880438535,-2.3907663571064504,-5.500447685159866,3.3039668860747797,-58.378372248112704,8.0,4.0,-0.09483356401615832
02-23,33.15151676987157,7.421385448441648,9.746658868147646,1.226756500496122,8.71111269350405,1.1406803203257916,-6.763638583096593,6.342917082698023,-2.2222260595949916,-7.7696564357632765,1.670374456310032,-66.79316876027134,8.0,4.0,-1.1781073082442763
02-24,29.45454337380149,-1.1441647397499215,12.25589630805388,1.022817577110496,9.195404689570438,1.1406803203257916,-7.054547396573152,12.007685094354212,-0.081634521484375,-9.926469782592935,2.2148373774018895,-66.79316876027134,7.0,5.0,-1.4756767050044612
02-25,31.356973574128705,-2.71028006563062,11.680527156900347,-2.2195287401947232,9.195404689570438,1.7110235022704765,-11.879698504115249,10.91787509944473,-3.104025865695455,-10.536047832497411,2.2148373774018895,-64.3263734109085,6.0,6.0,-2.308276084943781
02-26,35.35123045771029,2.7072732917610933,12.454333855811287,-2.0547954679797504,9.431184008717253,2.625000476837158,-10.984847198614169,12.825457457894174,-3.1905971394574544,-10.536047832497411,1.99334835907286,-65.83969389237093,7.0,5.0,-1.2681794685929657
02-27,32.937685846216986,-0.43763842363356004,8.313041355298912,-2.0547954679797504,5.07490031756102,2.495324735312256,-11.23595473511786,15.992472163341533,-3.1905971394574544,-9.611829863086916,1.3348152237400626,-60.30534323358943,6.0,6.0,-1.7239932684495152
02-28,36.29274242978824,-0.39370144437851134,8.313041355298912,-1.4907366792214576,5.23077157827524,3.3083687359612832,-7.354004803025684,15.675163583509992,-3.1066321603646223,-8.025829089599988,1.7601743094202038,-56.15384968074835,6.0,6.0,-0.4953743220903952
02-29,0.0,0.0,0.0,-1.0056315119151744,0.0,0.0,0.0,15.675163583509992,0.0,0.0,0.0,-62.903223015391255,1.0,2.0,-4.0194742453163705
03-01,32.99684776048997,-0.39370144437851134,10.713043212890623,-3.8133896495113366,6.41646725329566,4.664179126607502,-2.8314973345855803,13.031162365976794,-4.789921569501141,-8.379893774531139,-4.460083806924391,-64.22763817907135,5.0,7.0,-1.756202169936909
03-02,32.99684776048997,-0.39370144437851134,9.503988131700076,-2.2467367430307363,6.15103668811795,4.067582209951108,-2.8314973345855803,9.84990812161942,-6.6029558103290125,-12.213747543469536,-4.952831355733585,-64.22763817907135,5.0,7.0,-2.574978791559982
03-03,30.59937075547249,-4.245073510550642,8.50088118160078,-3.586145604603173,5.893130702826812,4.067582209951108,-3.31492065666538,5.458093636687274,-4.081628681073312,-14.341090500738176,-5.325441649971721,-61.17885580018121,5.0,7.0,-3.462841493103761
03-04,28.880643501915664,-8.883821356777414,9.45326373585341,-3.885897502918779,5.893130702826812,2.1276546223604758,-5.052633452833744,3.7073181896674927,-4.4635233887610495,-14.563106526437654,-5.325441649971721,-58.62069866028098,5.0,7.0,-4.227759315446458
03-05,34.17243667623681,-11.651380754221673,10.880282373566455,-3.885897502918779,4.030533419310592,-0.7722000376682945,-5.642856870378767,0.19646814503043888,-7.130285599441832,-14.563106526437654,-6.035505803475144,-51.7171821870585,4.0,8.0,-4.343224555621362
03-06,34.65228166004278,-12.65942510872653,11.96521924889606,-0.9508042048717894,1.828323967209444,-1.1479550254986233,-6.486875891593368,-2.419352512826054,-7.130285599441832,-15.048545262447,-6.769592513769947,-43.08300104725127,3.0,9.0,-3.937501024189844
03-07,41.4117644814884,-18.30357421620365,11.96521924889606,-3.680206690759719,0.8052094421138313,-2.2106641746292994,-8.805972677372399,-2.419352512826054,-8.186622652133096,-12.584058009783359,-9.390249703343317,-26.29482423658798,3.0,9.0,-3.1411109750950486
03-08,41.30818832556476,-18.30357421620365,10.608692998471467,-8.948054346199015,2.320611385898736,-2.500000784271652,-10.037735273253242,0.10080875811416287,-8.112875343162964,-15.024389871736851,-0.6802768899403575,-22.393829395575747,4.0,8.0,-2.638536221024529
03-09,41.30818832556476,-21.52777869760255,13.549486063921046,-5.8297908052485035,0.18422282423463024,-1.8966642418348416,-10.037735273253242,-4.984738300317575,-9.171075377946003,-16.585838686227195,-0.11160969686674348,-22.393829395575747,3.0,9.0,-3.1247636050959966
03-10,36.59398547874846,-29.032257088407572,15.137928929822197,-5.1391813104342585,-3.3047315884032478,-1.8966642418348416,-8.226416245946345,-4.383275566855337,-10.326567380163203,-17.416826677722568,-0.22346880659111507,-33.590739490688186,2.0,10.0,-5.150684499039667
03-11,37.53682492415844,-23.52941402105544,8.832007483077438,-5.591394568002351,-3.3047315884032478,-1.5042543916577635,-7.547169811320754,-9.221307350659588,-11.45648255445133,-18.460018405066805,-0.22346880659111507,-20.463320036817727,2.0,10.0,-4.577727427232519
03-12,32.0800487281894,-21.939027183578162,10.645158974776168,-5.591394568002351,-3.336514672129672,-0.9810308626848072,-11.161383987103676,-8.606558738617224,-12.35452197864965,-18.460018405066805,0.0,-7.072684594993827,2.0,10.0,-3.8981606073217168
03-13,31.80211875211319,-25.524306256786698,9.345453435724432,-8.086017895770329,-1.3663816795614223,-0.06468453335809021,-9.367856294864184,-7.723579442038505,-12.35452197864965,-17.077981467839383,0.0,-15.71708624588084,2.0,10.0,-4.677903633909289
03-14,30.13379955930151,-26.82170765757583,9.345453435724432,-7.311831238449261,-3.3365686792849893,0.3870994813980595,-11.17021492456842,-7.723579442038505,-11.190689270028484,-16.781834057846513,-0.7963560310353182,11.37614508729095,4.0,8.0,-2.824190311426031
03-15,27.997601863621373,-26.82170765757583,12.181819568980824,-9.891060893038055,-8.338907611764496,-1.1673171484123797,-11.42421924543807,-4.471540381710078,-13.249771997560913,-15.37698613558108,-0.6749096020839661,19.6339477576912,3.0,9.0,-2.633587623572622
03-16,27.997601863621373,-27.23514394764777,13.563634699041193,-13.166014086328735,-6.0747718884814725,-1.3645226345825598,-11.42421924543807,-8.130083113103057,-10.630624422962622,-14.200599290095045,0.44642814378045226,19.6339477576912,4.0,8.0,-2.5486971803754264
03-17,24.040768318436648,-27.75193191741368,14.136685272235606,-9.30330731323136,-9.586209264294856,-1.3645226345825598,-11.881183947794721,-10.183299705468071,-11.844479351184173,-12.649406997898787,1.6537995984263427,12.97837238108507,4.0,8.0,-3.4795596301403777
03-18,23.391812343668523,-18.418513678789054,13.93617091791218,-12.113284038692164,-9.586209264294856,-2.6640665254435527,-16.15147001825468,-10.633946730559595,-12.783317149113769,-10.99117650004132,1.6537995984263427,26.97899936763228,4.0,8.0,-2.2817668064624725
03-19,25.988701599952932,-17.42059101187228,11.19350321487926,-12.113284038692164,-8.724140298777613,0.0,-13.201818898553949,-9.979416529903038,-11.769986095891307,-10.99117650004132,2.31532574655773,25.89437837411036,4.0,8.0,-1.5673753698526158
03-20,30.47256764353446,-22.5,7.706423418237529,-10.23964442701005,-7.945670940465982,-0.25690406317942405,-17.701145074177226,-10.662523284067401,-11.769986095891307,-11.089304818189332,2.625828400190526,26.108376235626768,4.0,8.0,-2.1043319171159527
03-21,23.191488476671605,-18.9320366325742,7.706423418237529,-10.701757086427826,-9.528794340613592,0.5732493865049494,-17.868097626703936,-10.662523284067401,-10.512129957446248,-14.172450778496904,2.510912074974628,34.846030288201305,5.0,7.0,-1.962473838478341
03-22,21.52173978394508,-18.9320366325742,8.000001119911124,-16.798148340571228,-9.001357236609508,-1.4102519741974862,-18.412946283594245,-8.902697970351985,-10.879418298425367,-11.408726460659134,3.602619314445584,38.34355839437812,4.0,8.0,-2.0231387153586025
03-23,21.52173978394508,-22.378634066190372,5.557627007829522,-18.21130824406815,-8.562692598139341,-2.1304062529513725,-18.412946283594245,-6.947366814864307,-8.83928382123,-9.341197661144234,4.946236867879296,38.34355839437812,4.0,8.0,-2.0378894740125006
03-24,26.03260902804103,-17.925430144952113,1.1205526181714172,-17.46031979447345,-13.297871980657051,-2.1304062529513725,-17.873657398441033,-1.5463976820011274,-10.711076245105124,-11.25370513764966,5.251873259646574,31.59509123935317,4.0,8.0,-2.349894874251562
03-25,23.82495836240469,-24.924770211844827,1.156073740227503,-15.264799332402491,-13.297871980657051,-2.8405457750749554,-23.763181859737635,-1.2219947992700022,-12.785393576171625,-11.473796641726807,5.251873259646574,26.84766484289043,4.0,8.0,-4.0409819976430175
03-26,17.624311971415484,-31.32911825360897,0.7677499479780713,-15.264799332402491,-14.361699033650634,-2.6957643026357525,-25.083060359901165,-1.4285651726904658,-12.272730740633873,-11.473796641726807,4.501608571579852,27.101447242219248,4.0,8.0,-5.326201342004793
03-27,17.0520172583086,-27.74999618530273,-1.5318197604921409,-14.641749070156903,-16.763211513700696,-2.745851273088236,-23.57790296532957,-1.0162543317553772,-12.272730740633873,-8.605340406559582,5.632303311003232,35.028249234433886,3.0,9.0,-4.266023870272783
03-28,20.520227708771447,-28.97526464342641,-1.5318197604921409,-15.230013132508855,-18.258017971477774,-3.2953074327552323,-22.50830603599012,-1.0162543317553772,-14.636360515247693,-9.619239300404363,5.602534152579219,27.8571401323591,3.0,9.0,-5.090890094195683
03-29,21.338670708907387,-28.97526464342641,-2.985075633193321,-16.03942640078181,-18.92291019040559,-3.5443064104839954,-19.04761574884945,0.20325668143828046,-15.10791656893363,-11.611610350240007,4.952574548893949,27.33812475789364,4.0,8.0,-5.200124937431747
03-30,21.338670708907387,-28.01615999006369,-2.193150057114047,-17.138940328316778,-21.02103009429634,-3.807108964187473,-19.04761574884945,-1.9567412938914848,-17.181821302934132,-8.955219914920868,4.324893114028469,27.33812475789364,3.0,9.0,-5.526341592812061
03-31,19.62242243321388,-19.083604126684342,-5.952380772170391,-15.75866791659124,-22.26014657724237,-3.807108964187473,-17.91766950636849,-5.3740805182521605,-16.378528009302446,-10.494449827106832,3.407887505841128,26.6187043942981,3.0,9.0,-5.614801823712719
04-01,20.651577022337147,-22.157997739663273,-6.2033763890901445,-17.55829034240613,-22.26014657724237,-4.187816229866488,-16.375202163036462,-4.675882478134406,-12.544170623460385,-11.393691701442311,3.407887505841128,21.51898886985145,3.0,9.0,-5.981510070526019
04-02,12.64044462227316,-19.840523465219515,-3.0152633021911366,-17.55829034240613,-22.866896074095106,-5.169109521369912,-19.063001897103163,-6.263497941361183,-11.558666252238671,-11.393691701442311,3.514376055808329,22.76294874906223,3.0,9.0,-6.484264255856949
04-03,5.533146805268063,-17.255613416949714,-5.019451244682245,-15.957931582962383,-16.138333619046282,-4.275686490311776,-18.007969677564613,-6.608891014135045,-11.558666252238671,-12.004072373694422,3.6324702071011856,27.23004393543341,3.0,9.0,-5.869246226981872
04-04,3.8683607857924103,-17.471260860048492,-5.019451244682245,-14.130930573455784,-15.962780624806163,-4.217251523959408,-16.614178283784195,-6.608891014135045,-10.3327521654336,-13.948714427458933,2.069722524415308,20.95531131957084,3.0,9.0,-6.45106800733211
04-05,2.1164056761169565,-17.471260860048492,-4.591433318277401,-14.298523578753796,-10.847577963290956,-4.7741920717300905,-15.612801986620418,-3.79198698621956,-11.607144757801207,-15.005139844142365,2.9316010493523867,21.07692131629357,3.0,9.0,-5.989594443760113
04-06,2.1164056761169565,-19.310348335353808,-6.081869353383522,-10.169492087404477,-11.971829803518238,-4.236199298100597,-15.612801986620418,-7.370737789296942,-9.911503244729117,-12.703251835532274,4.618692650859028,21.07692131629357,3.0,9.0,-5.79633450755582
04-07,4.6443321863451565,-19.13608360653835,-4.538462712214543,-7.872342048807348,-14.388489603508866,-4.236199298100597,-17.25214649300613,-3.384284113326496,-7.3426589457947005,-13.265307810543842,4.516129760001198,24.46154080904447,3.0,9.0,-4.816164323037504
04-08,11.931820090644575,-17.498853450182246,-6.49250319680562,-6.557374551945464,-14.388489603508866,-6.225926303623216,-16.307691427377556,0.7322243245397448,-9.625667540131456,-11.782477747599966,4.516129760001198,23.270440062957498,4.0,8.0,-4.035697465252615
04-09,11.396648074456925,-17.096330506328155,-5.712109622719035,-6.557374551945464,-18.41726285035011,-6.345177572823865,-15.708813492510956,1.1566835720728066,-12.226278721933715,-11.782477747599966,5.376343975757393,18.18181610771136,4.0,8.0,-4.811194444684398
04-10,6.6167990452281975,-18.810510941664766,-6.974949567351603,-4.497686648367666,-25.75758046464603,-5.88234720220072,-16.384616264930138,1.3641145654092008,-12.226278721933715,-14.300101033771405,5.531909842467201,21.31901641950729,4.0,8.0,-5.833519247687845
04-11,5.913046131963315,-20.13985800078926,-6.974949567351603,-9.355960232195216,-25.62851790420672,-5.273188918522403,-12.774002966986867,1.3641145654092008,-13.594888375293117,-12.112112771465455,5.763073302543664,20.71096938491616,4.0,8.0,-6.008522945998192
04-12,4.697599014405913,-20.13985800078926,-4.855484718646606,-10.958901537048614,-25.73696753182158,-6.576405175444712,-12.774002966986867,-3.7775511063873264,-12.827462650770139,-9.277342094719604,4.89882876813822,18.051119378996557,3.0,9.0,-6.606369051756167
04-13,4.697599014405913,-19.860131328729263,-7.976650491064332,-10.95652372940727,-20.49089721568233,-6.7140150477372815,-12.774002966986867,-3.083249792896821,-13.01988721292658,-10.699996948242188,4.184542944406107,18.051119378996557,3.0,9.0,-6.553507782988695
04-14,6.048154111075335,-26.139082762005433,-8.46664123038949,-9.8585479836349,-18.33455996706375,-6.7140150477372815,-13.378688730207472,-11.675674850876264,-14.078112248071038,-10.682492189727805,4.797439272653552,14.217257360735374,3.0,9.0,-7.8554136887707635
04-15,8.175019927235256,-26.00191317268167,-7.931574533394806,-8.280519975306804,-18.33455996706375,-6.003875525613698,-13.273003005296705,-17.84090523631128,-13.8712667605239,-12.575453247170035,4.797439272653552,16.693418277191178,3.0,9.0,-7.870599495523554
04-16,10.764084062054675,-26.07843036424282,-3.40908951338984,-8.280519975306804,-21.475527176758213,-5.686909384606441,-16.858235839928,-12.958960902855608,-11.743778250693152,-12.575453247170035,4.3710004521310895,15.934959412629672,3.0,9.0,-7.333071727344622
04-17,12.727270052303385,-35.05155298000125,-1.186062639931737,-10.561892657126807,-18.42388903637648,-6.153840134600122,-18.23949447545756,-12.594188171132906,-11.743778250693152,-12.67605917578166,3.0818274873063007,15.974440310501723,3.0,9.0,-7.9039349725825225
04-18,15.604022030944494,-34.015354400999826,-1.186062639931737,-11.610964296297047,-21.233389673369363,-7.105945826861531,-16.50942911722074,-12.594188171132906,-10.14235201545156,-10.824232230594099,2.9755551276464214,19.36508301734673,3.0,9.0,-7.273104849660097
04-19,15.604022030944494,-34.015354400999826,-2.2238709846174944,-7.529994576248609,-20.342139623881334,-7.522696768305753,-16.50942911722074,-15.17760875351892,-7.475816974715217,-8.588350204644573,3.0851061023592883,19.36508301734673,3.0,9.0,-6.77758752112516
04-20,15.604022030944494,-37.59591134682234,-5.782065973903682,-8.27472070205581,-21.71811188227864,-7.522696768305753,-16.50942911722074,-14.424113650056546,-9.14687750502021,-7.798617501759307,3.0851061023592883,19.36508301734673,3.0,9.0,-7.559861108064375
04-21,14.988811394253784,-34.47571325573205,-4.810126372713311,-5.35131289945826,-22.6301944073452,-7.522696768305753,-16.588047267157087,-11.122774914141788,-9.833185705000158,-10.089912145732868,1.8318974265693881,22.539683068300185,3.0,9.0,-6.921964320538595
04-22,15.858531533106751,-36.008229463453226,-3.603603603603604,-5.566928339593309,-22.6301944073452,-8.430604608485769,-15.81831974689768,-13.418522142051964,-11.629952867484311,-8.46457306365626,1.8318974265693881,20.310077232836267,3.0,9.0,-7.297535170838244
04-23,8.753624515257021,-34.190228060049016,-7.5973081542368375,-5.566928339593309,-24.690888397810745,-5.343506263644231,-14.685317483517995,-16.979051969889547,-10.173913706903873,-8.46457306365626,2.0474093302852747,22.49240176647153,3.0,9.0,-7.866523318940666
04-24,6.854841545040233,-32.169947171171465,-8.40874624337912,-6.385589220037294,-28.70722226646111,-5.420920694683606,-18.834801760941016,-15.200864416195481,-10.173913706903873,-8.858273481508293,3.9194904873508327,20.731709533188774,3.0,9.0,-8.554519782975119
04-25,8.047335428256773,-28.088233575413906,-8.40874624337912,-7.331980449481675,-28.51724805115195,-4.235145949548579,-18.86345958114504,-15.200864416195481,-10.434780950131623,-8.267718161451057,4.453871290581217,21.484994469291536,3.0,9.0,-7.9468313491474065
04-26,8.856301130649472,-28.088233575413906,-9.351430993321546,-10.187113682581963,-27.437650746143856,-5.721548917491709,-22.938778935646525,-15.418024651600824,-11.08179631982362,-4.826254986193355,3.837949384702149,21.732285593172293,3.0,9.0,-8.385358058307782
04-27,8.856301130649472,-25.000002337437092,-7.6667894878301235,-9.81366822637504,-26.771946522510422,-5.788796935623647,-22.938778935646525,-13.60620023341812,-11.521551739683984,-4.110901564126164,4.721025695179483,21.732285593172293,3.0,9.0,-7.659085296970825
04-28,10.909089383618726,-25.90101602750321,-10.775538488190794,-9.563761208273348,-28.998505838974303,-5.788796935623647,-25.224491041533803,-10.691141972441493,-10.975612187493043,-4.69798424526418,5.832451462732067,22.047245927453922,3.0,9.0,-7.819005097624426
04-29,13.218386709682125,-24.40758068920731,-13.671272430023599,-8.157355080003995,-28.998505838974303,-4.707371532276143,-22.158627470000976,-9.351754821578783,-11.933805695662244,-7.163891324548861,5.832451462732067,14.285715366977652,3.0,9.0,-8.101134278573698
04-30,14.939895588216189,-21.082624153138546,-17.775137491821468,-8.157355080003995,-32.24962289593824,-4.063488188244048,-17.0850169352476,-5.5036316373082546,-12.325182279763537,-7.163891324548861,5.5143206886034015,13.586100219269767,3.0,9.0,-7.613802790827099
05-01,15.423730950491052,-19.833944541199962,-16.666666666666664,-8.074537448204426,-25.94202116341493,-1.575305327518023,-17.384234904153413,-5.5036316373082546,-12.325182279763537,-8.439653049713014,4.9630438624715065,17.011131608117786,3.0,9.0,-6.528939216405155
05-02,10.192839781555508,-19.44827375740841,-16.666666666666664,-8.613450462708368,-27.71260731545092,-0.3747624302599605,-14.6302307868925,-5.5036316373082546,-12.237767688429255,-7.300674736040167,5.9685930587889775,16.012558857950282,3.0,9.0,-6.69283948190581
05-03,14.882508815885075,-19.44827375740841,-14.509806913488053,-5.979384589441044,-28.42106006493709,0.6269556676566345,-14.907336053316007,-6.334368114518558,-6.471095687022361,-7.135967013352268,5.351514055588708,16.925468057500932,4.0,8.0,-5.451737133071036
05-04,14.882508815885075,-13.563221898572197,-12.040000915527346,-4.854772023960414,-24.33405349817549,0.6269556676566345,-14.907336053316007,-2.2289794283654825,-2.449323970571416,-7.565467519158354,3.7115627798826702,16.925468057500932,4.0,8.0,-3.8163883322267815
05-05,15.143601442812159,-10.878661681490517,-14.504433625035233,-3.9672772314379103,-23.66631055541609,0.6269556676566345,-14.101531196754465,-6.008148380074383,-3.934987636089289,-5.700475141719683,4.219405462501887,13.819873580400632,4.0,8.0,-4.079332441220521
05-06,14.904587316239397,-5.199806932610628,-20.48682037549776,-2.873334755675655,-23.66631055541609,0.689653028167115,-8.012572619342643,-5.720126882520474,-5.331039376252723,-5.496621997247863,4.219405462501887,17.26844465297857,4.0,8.0,-3.3087119195564063
05-07,13.713072783059204,-2.343375297436016,-17.750778597336442,-2.873334755675655,-20.83780748740521,0.3158571760950296,-5.471852124058134,-7.461142958453992,-1.072608215085979,-5.496621997247863,5.2742618580554295,17.480317325746988,4.0,8.0,-2.210334357478553
05-08,10.38894877958977,-8.689652366199713,-14.870028334626527,-0.2832926133811125,-20.747330407691354,0.8674064122841765,-4.595878993388436,-6.3589731852213545,-1.072608215085979,-4.9180350483132145,5.642633010166946,17.480317325746988,4.0,8.0,-2.2630411363433174
05-09,11.872386810285757,-11.825922763385547,-14.870028334626527,1.0366835313906009,-16.322895121806795,0.31094053045880393,-3.971964352189248,-6.3589731852213545,1.6501634583630274,-4.6421618486745775,7.5102929614814675,19.876733549264408,6.0,6.0,-1.311228730388332
05-10,8.174386751047352,-11.825922763385547,-15.099391383712904,-0.40387875826058733,-15.125754612128524,0.8663328649155727,-6.036538678878546,-9.025642199394033,2.6165143646906865,-3.7320607697712433,6.769229204226764,19.629057528746763,5.0,7.0,-1.9328057043253541
05-11,8.174386751047352,-8.088935861836497,-6.520934582464139,-1.5238835313883352,-16.420020763083297,1.6574612804736686,-6.036538678878546,-8.726903505585456,0.9983430504438155,-3.468204746707136,13.677805911331479,19.629057528746763,5.0,7.0,-0.5540305956583609
05-12,9.155314824256276,-6.276152334285233,-5.449889403080809,-0.9484517205621776,-17.45468148327856,1.6574612804736686,-10.166796802683804,-10.3519670372241,4.083331425984701,-0.19119984719329366,14.285706062020495,23.338482241279173,5.0,7.0,0.1400964338088606
05-13,14.324322262325802,-5.057473018251617,-6.299213724671401,0.5686486280454147,-17.45468148327856,1.2891404543821714,-16.02564161345806,-5.664265587786997,2.8901687672833787,0.2854489628179542,14.285706062020495,23.720926794035176,7.0,5.0,0.5719238752886463
05-14,10.761593116029632,2.35764586338666,-4.381445289923314,0.5686486280454147,-16.74369403604679,1.7824272118502733,-16.995070960257618,-4.1666650513646655,3.9215649608829906,0.2854489628179542,14.68812977646698,22.727276803965374,8.0,4.0,1.23382166548774
05-15,13.405994479603065,2.9385568758477336,-6.339086810691283,1.4622282619011149,-14.751222667908829,4.014827367282881,-14.566282275573005,-3.955378873250199,3.9215649608829906,1.8078071352985248,15.075377173407038,23.25581464119297,8.0,4.0,2.1891833556660827
05-16,11.746028350063671,2.460855190253969,-6.339086810691283,3.702230390547083,-12.16544992808825,3.5076904296875004,-10.200807045945117,-3.955378873250199,4.820262774678077,1.3409903762016961,14.949490901657677,20.689657491911326,8.0,4.0,2.5463736039188465
05-17,11.746028350063671,2.460855190253969,-6.526630836747984,8.33657018051697,-12.508711000536582,6.447690907435005,-9.847882453568124,-3.2454427955464373,6.578949019519267,0.28735377564153103,17.33871223589134,23.33333309250648,8.0,4.0,3.700068805452426
05-18,11.746028350063671,5.279643333492349,-8.204743433250549,11.714839407129912,-15.683506244495149,6.105000595609814,-9.847882453568124,-0.2020248336801561,5.6572402602245475,1.8199194254787987,10.547667323180217,23.33333309250648,8.0,4.0,3.5221262352243183
05-19,10.052908237455425,11.965064702014253,-11.279906274061444,10.065056430294364,-16.382376369373322,6.105000595609814,-7.285827574764174,2.0916338540325463,5.57868495857909,1.7159137791122956,10.091750075900222,23.93939312933999,9.0,3.0,3.888107962011587
05-20,15.022534317233633,16.696038714302546,-8.411214953271028,10.951115788134684,-16.382376369373322,7.203903613913491,-5.5776876384585,1.899995803833008,5.661950809463817,0.0,10.091750075900222,19.44012493578828,8.0,4.0,4.716344591455568
05-21,20.14527808358473,14.45161552839382,-8.571430917622093,10.951115788134684,-15.742716422394093,5.617288631048857,-5.071318138878106,2.7888419724606592,5.188283643974458,0.0,8.664631448639001,19.077898514193603,8.0,4.0,4.791624010961294
05-22,20.468387640059465,12.121212882719927,-11.048840189989644,11.519511475893252,-14.353193277206087,4.331682028927964,-4.8722015525086055,0.6109925438593083,5.188283643974458,0.8729403387476934,9.044718795951304,16.83006131097497,9.0,3.0,4.226129636783667
05-23,22.040811207079248,12.772450902195006,-11.048840189989644,10.88539722490645,-11.123110425527546,4.143476024321114,-4.031622484278697,0.6109925438593083,5.77405515812918,1.267057617357244,9.567904111386015,10.801969064273043,9.0,3.0,4.305045062809227
05-24,20.929159544450744,12.772450902195006,-11.68935200081486,14.044943418897324,-7.99277042427229,3.624999523162842,-4.444440071334837,0.6109925438593083,6.213264320729245,1.4662719965037534,6.025366728601731,11.092990089410467,9.0,3.0,4.387823047615703
05-25,20.929159544450744,14.777686216546256,-19.25412244963454,14.656149704715775,-7.7697838370174654,5.107691838191107,-4.444440071334837,0.5055630839145621,6.957249811183681,1.371208058762777,4.7821447031042545,11.092990089410467,9.0,3.0,4.059291391024399
05-26,20.929159544450744,15.31728639636407,-22.466952875382585,12.065743320895548,-9.263307808575377,5.107691838191107,-4.444440071334837,0.9081751157785658,7.6023377369396625,2.2395373481874987,4.477612699037572,11.092990089410467,9.0,3.0,3.6304861111635365
05-27,22.59860373224329,8.875221605667406,-35.57693171783344,13.32842029536937,-9.263307808575377,5.107691838191107,-7.711243366819378,2.395216704870744,7.7759222592767765,2.3346281843608354,4.477612699037572,2.4350588026928297,9.0,3.0,1.3980744357068111
05-28,21.55962853246666,9.53416931726134,-23.130433455757476,13.32842029536937,-9.263307808575377,3.207542688322792,-7.385886934115986,4.892367778238441,8.006672697854814,2.3346281843608354,4.477612699037572,-1.6420345176850988,8.0,4.0,2.159948289731491
05-29,17.25104596540913,10.193086713531317,-26.4285722192453,13.32842029536937,-3.4236770796289457,1.7710352891457812,-6.634309638152344,5.355405708079469,8.006672697854814,2.3346281843608354,4.7268985430822354,6.67726675423085,9.0,3.0,2.7631584345031013
05-30,13.568072737862053,4.988120071814171,-26.4285722192453,14.39760828009867,-5.066000861607128,1.1428590804811507,-10.875103510526069,5.355405708079469,8.006672697854814,1.3552792290101636,3.3826606081800867,4.992195045892416,9.0,3.0,1.2349330723245415
05-31,16.127566252773477,4.988120071814171,-26.4285722192453,14.63871202333778,-2.211911939695939,1.6290741119072274,-10.969387217228679,5.355405708079469,6.470584275400635,1.0784280268057287,2.0320911904364114,8.421051650354892,9.0,3.0,1.7609301612283226
06-01,16.127566252773477,4.988120071814171,-12.139921216295068,18.371213831630094,-3.4070995577724665,1.997507112076612,-10.969387217228679,5.5718447735102625,7.698745531197798,0.6896521916752028,3.781518834465788,8.421051650354892,9.0,3.0,3.427567688183508
06-02,14.350803719321014,2.508276385930753,-13.026982470645367,17.00000029343825,-2.5783963465036965,1.997507112076612,-10.884351259004154,7.317073170731707,7.284769205287714,0.780487060546875,0.8658000615553437,7.218045296087547,9.0,3.0,2.73608601906855
06-03,19.333625386518232,1.7379089869533415,-3.395918700771756,15.768933579973408,-2.5783963465036965,2.621723247769342,-10.46808121052194,6.5510625980605495,8.029803585720718,1.1661796501841035,0.8658000615553437,-0.9287916784092122,8.0,4.0,3.2253207633773684
06-04,19.521738135296367,6.164703369140625,-7.36450426572957,15.768933579973408,-2.5435523443573653,4.3236611479222455,-5.5650650817383776,4.660198903126413,10.475424711676817,1.1661796501841035,-0.6493552067419409,-2.631580112849492,7.0,5.0,3.610565207158602
06-05,17.010541840067635,13.147049240786993,-5.1458688900313065,13.934432026660593,1.295061028480848,3.94574239668126,-1.6891875564834549,5.938696460525327,10.475424711676817,1.5549062002454717,-1.9672165320231343,-6.811146356381004,8.0,4.0,4.30736954751717
06-06,23.17940104172401,13.345521884341965,-5.1458688900313065,13.075439142113705,4.23023338037333,1.9411422318928628,-3.9417312351299953,5.938696460525327,11.764706334395564,3.2535900363025947,-1.7297280801309118,-11.67192039918339,8.0,4.0,4.51995682559948
06-07,22.282124621839856,13.345521884341965,-5.5510490881049765,12.777563992586675,4.022384093713194,0.2528442643782984,-1.9327773385176887,6.130262599349071,10.20408163265306,5.402849651122439,-1.720428431512393,-9.597521391608641,8.0,4.0,4.634654707520073
06-08,22.282124621839856,8.592318248977175,-8.2022878942053,14.285718471249869,5.998611418457607,1.2515632978369138,-1.9327773385176887,5.6567606454921115,9.224490730129943,4.94767313453232,-2.4837962910515072,-9.597521391608641,8.0,4.0,4.168573137761055
06-09,22.282124621839856,7.4299073875268125,-12.02585739839957,17.49623384956888,5.737133537548737,1.2515632978369138,-1.1764735110138167,5.9108495611989085,10.20408163265306,3.6433375198689757,-2.3732395090686498,-8.359132487063023,8.0,4.0,4.168377375208091
06-10,22.03390061216363,0.2356231794460078,-9.043704445649066,17.121214102560305,5.737133537548737,1.1264039840909454,-6.994822322567575,8.22050646930589,10.212418491620676,2.616274341798364,-2.3732395090686498,-7.7519382137309885,8.0,4.0,3.4283141856265242
06-11,16.620620705007713,0.7648176234636703,-4.342480428383786,17.121214102560305,7.371351955360615,1.9290570742339628,-12.522357605680414,10.466226046759623,9.918033254623932,2.616274341798364,-2.265362180179624,0.3154571048133175,9.0,3.0,3.999404332864807
06-12,19.67509314247912,-5.544548958332744,-6.435432463599372,15.871214373490512,10.275599228078665,2.245792856711957,-19.84511331922055,10.380953834170386,9.918033254623932,3.972866855972256,-1.4038888901476383,0.31298875343347016,8.0,4.0,3.2852965556383324
06-13,22.991567453640556,-5.7015350232044995,-6.435432463599372,16.62218367934902,6.057526410808697,2.4891078165925804,-14.194726588770244,10.380953834170386,7.213115804908561,2.2862871403280507,-2.5191625339909685,3.0349056368952416,8.0,4.0,3.5187325972606662
06-14,22.232179306164518,-5.7015350232044995,-9.486002627725405,15.554708329812653,4.836512420893106,3.2756531313288493,-12.254023686607955,11.809521629696803,6.085524509900802,2.8884458461641636,0.21738591852158914,1.5408306341949125,9.0,3.0,3.4166000324282937
06-15,22.232179306164518,-8.031734422933424,-7.0833365122477225,14.026979537494064,1.2400985250998335,3.869785267466386,-12.254023686607955,12.095242454892116,8.27191012060895,4.23228653182813,0.10846234915629303,1.5408306341949125,9.0,3.0,3.3540566754263414
06-16,22.366651235181394,-7.142861169631326,-4.7794121657367565,12.27601742108136,1.0013778223294154,3.869785267466386,-13.595701812151756,12.003870089800484,7.377046168859608,3.8123109198417584,-0.7658609649326454,0.0,7.0,5.0,3.03526856767566
06-17,26.838708692981353,-2.6215498398936252,-2.4025231390917683,11.499999119685244,1.0013778223294154,4.791158806801174,-11.780108001535533,10.894940804004989,4.983391888461293,5.475501471461778,-0.7658609649326454,-0.4636817740524373,7.0,5.0,3.9542795738516032
06-18,25.10638135544797,-5.204818909426768,-2.520682600953509,11.499999119685244,1.933699874468004,4.299758804762607,-14.638446429238208,6.457923974242583,4.107298510125735,5.475501471461778,-1.859957001184789,3.490136779179973,8.0,4.0,3.178899579047551
06-19,24.94759189841485,-6.554219808923192,-1.5210659371330737,9.615384615384617,4.005524461615266,3.3128775058525184,-18.852465708545306,6.274503937412784,4.107298510125735,5.859747028035643,-1.7505453107449565,4.711245385622127,8.0,4.0,2.846323048093085
06-20,26.387129557520982,-0.5000027743252841,-1.5210659371330737,8.499996478740986,8.839777440859677,4.92401448054377,-24.521077801831765,6.274503937412784,5.9513832354131795,4.6109466788864015,-2.1739110153428576,-0.7728005000968046,7.0,5.0,2.9999078150539997
06-21,25.821600792180572,-0.5000027743252841,-2.418100054572192,11.78502796444087,7.368789730628278,3.2575333235015584,-21.04283311960017,6.764701894960253,8.130764813207742,2.4414063045696834,-1.1879012306517922,0.0,7.0,5.0,3.3684156370282925
06-22,25.821600792180572,1.4090884815562854,-1.2090537467647977,10.771580068571296,10.487146270220332,4.490289998016264,-21.04283311960017,6.56862832179029,8.208960948145188,-0.09775395238825044,-1.6233828562794193,0.0,7.0,5.0,3.648689267120632
06-23,26.376441419894448,2.499996532093395,-1.2608416578181871,10.015647572111547,11.800003051757812,4.490289998016264,-23.184355904869122,5.533986776148477,8.971187103999483,1.0880282929049931,-0.213452059850036,0.7668740932689097,9.0,3.0,3.906983768138167
06-24,27.315405613189373,5.826553946437102,-4.229357469399038,9.98042784033334,11.800003051757812,5.885918327051505,-23.184355904869122,9.931844326185946,9.45723382369134,0.8919737485316819,-0.213452059850036,3.987726270019573,9.0,3.0,4.787493459423291
06-25,25.70572513799929,5.585592954288759,-10.008555331835028,9.98042784033334,10.366668701171877,4.794103655192641,-26.406105988583906,16.666668171834402,9.308073167085542,0.8919737485316819,0.5336199716706816,2.197800141299504,10.0,2.0,4.134666014082399
06-26,22.74881080382791,7.061508385121397,-4.467905916429467,8.688842973170658,8.824513703915349,4.339859201301286,-27.69080087831349,16.666668171834402,9.308073167085542,-0.19821113763041892,0.7407375263181318,3.605015908273872,9.0,3.0,4.135592659039598
06-27,25.766875042223006,7.817440613840492,-4.467905916429467,9.136273437508008,7.919149653681612,3.0453683435133665,-18.2926813994142,16.666668171834402,9.143332610876618,1.2909644327768497,1.46597215211135,2.3400877082833684,10.0,2.0,5.152628737567116
06-28,26.814515415761253,7.817440613840492,-7.229889190175589,10.779815410064646,11.82025160854522,2.272731104063447,-17.193302866571216,12.310607377627832,7.337183305243314,-1.2060290237125613,2.4870443586060658,3.095972261364041,9.0,3.0,4.9255283645547445
06-29,26.814515415761253,12.336193609425148,-10.122447111168684,6.859347338392451,14.308476390056331,2.457469099780114,-17.193302866571216,11.354958324066555,6.033061759473887,-2.014096708143015,4.2769866532207,3.095972261364041,9.0,3.0,4.850594513804797
06-30,27.90322697249465,14.703319493960107,-16.225298673627087,6.600532631308696,14.851173354617364,2.457469099780114,-18.215613349951138,6.108373486312095,7.473599065259753,-0.8056386832572059,5.146319240509545,2.476777809091233,9.0,3.0,4.37285337054151
07-01,29.59838973812716,14.624505299782093,-19.354838709677423,7.831325171422603,14.851173354617364,2.835537570952438,-19.9061118795229,7.487677869662503,8.022688483602211,-0.7042319059719299,5.146319240509545,-2.870810668041256,8.0,4.0,3.9634686304552003
07-02,31.137722453582896,17.689371757436582,-15.27178154259246,7.831325171422603,15.484481955231665,-0.255101792567082,-20.73170797167963,6.783143663544469,7.195414502899389,-0.7042319059719299,6.357216187096468,-4.777065348328394,7.0,5.0,4.228232260839548
07-03,28.85245540263153,16.652609485392986,-16.885383201849212,8.01957531474305,15.786104314565588,-1.6202203179227481,-16.018513997068865,7.637474779101052,7.195414502899389,-2.2132824579085653,5.315954588268582,-2.4999975785613424,7.0,5.0,4.185182569524288
07-05,32.45136149806868,18.64197087046842,-16.885383201849212,9.309200170569252,16.89252688411844,-3.0618847014614268,-13.599275034578259,7.637474779101052,7.033143844849445,-3.0425983892575648,5.794204899542179,-3.9619651706347807,7.0,5.0,4.767398037411351
07-06,32.45136149806868,18.64197087046842,-14.015478060201858,9.756099132031109,19.206109665732342,-5.819397302064892,-13.599275034578259,8.811884254535476,8.306449714982115,-4.120601560517922,7.128715245890278,-3.9619651706347807,7.0,5.0,5.2321561044758935
07-07,34.241248572642746,15.87629023286485,-15.201698682317671,9.550565811026761,20.56440109999786,-5.819397302064892,-14.868543817099269,10.583577954105342,8.674698315274929,-3.8728932983305495,6.480554694269407,-0.3169569113768284,7.0,5.0,5.490987222416057
07-08,33.268102754659424,13.865895706239257,-16.456790686838456,9.550565811026761,20.56440109999786,-5.21738958476637,-11.363636363636365,9.215682332949212,8.525901452085009,-2.750488453608711,6.480554694269407,0.3139714487570719,8.0,4.0,5.499730850927841
07-09,32.58426974595461,14.471016148292296,-14.713656565337446,9.550565811026761,18.25278168835448,-4.800001780192057,-10.578653510215483,8.015637649236519,8.233418607519651,-2.750488453608711,7.078764277660144,0.316455385811424,8.0,4.0,5.471675750375184
07-10,30.97590011069555,13.794518203585222,-19.01280582414332,10.711612466773204,19.276021124791342,-4.166667455087899,-13.51103172395827,10.29551903975813,8.233418607519651,-2.455795604179829,5.511014652184067,-3.4313732365011065,7.0,5.0,4.685027530119728
07-11,31.818176474719987,14.215885456524491,-19.01280582414332,9.51667615100341,15.492956183658169,-8.253752051440646,-15.262172920079234,10.29551903975813,8.233418607519651,0.2935487853390214,5.489023608863347,-4.139072873823362,8.0,4.0,4.057283386491637
07-12,32.001535551167684,14.215885456524491,-15.447903097619726,10.120847248887248,16.854618881994938,-8.468834557021518,-17.911886153205593,8.198280986097446,7.218169901295867,-2.7640644600984268,4.975124283688592,-3.9669382405261127,7.0,5.0,3.752069650098741
07-13,32.001535551167684,11.690423711102323,-22.537244855451654,8.52508566340801,15.334977068441574,-8.322060339194474,-17.911886153205593,8.720379712427876,6.9076278703012095,-2.7750220885712955,5.550053628820511,-3.9669382405261127,7.0,5.0,2.7680776273933376
07-14,30.27276550229985,10.567433088295498,-21.951219512195124,8.573597027893598,16.817632471183313,-8.322060339194474,-19.157088892589506,6.798869279079863,4.593067702116711,-2.4850893595641157,5.9230046859959105,-5.289250987368152,7.0,5.0,2.195138388829448
07-15,25.486385019313197,12.985433550309676,-17.630328180569325,8.050357789798385,16.817632471183313,-7.916103500894603,-17.630328180569325,7.183367054464178,5.497173091890029,-2.9970048339187167,5.9230046859959105,-4.885996698019099,7.0,5.0,2.5736326890819683
07-16,25.879206793777556,16.45213214872102,-9.604267983079296,8.050357789798385,16.123183627576807,-10.610261614952872,-21.46946658663568,8.333336309844848,5.4207127419456755,-2.9970048339187167,6.910165857424278,1.8489967610338949,8.0,4.0,3.6947575842946594
07-17,30.088501114483748,17.514794742579788,-9.799549135083268,6.714988107633557,15.74660929239498,-9.550173928418195,-21.60076948735085,9.4357115464371,5.4207127419456755,-3.3966048432934977,6.324114135969645,2.9051996686346286,8.0,4.0,4.150294496327777
07-18,27.89667660341331,16.593537686683558,-9.799549135083268,7.279551826742603,13.935684323943374,-15.203419885572696,-23.604307917803922,9.4357115464371,5.906145327778875,-4.325958987205509,5.1536219018817535,1.397517884910318,8.0,4.0,2.888767598010459
07-19,27.656420770284964,16.593537686683558,-13.674831138055847,5.107833393423594,12.643671826995947,-13.399150759092455,-19.961970878486305,10.730811804423196,2.2580624321372254,-2.5793673695410417,3.475664730906625,1.5503861641813224,8.0,4.0,2.533422388655065
07-20,27.656420770284964,13.242918768402074,-19.452056178472798,7.022151674115689,13.21856562686748,-13.239437603472824,-19.961970878486305,8.105557818147695,1.37096839938528,-4.291410497574317,2.0100483728542686,1.5503861641813224,8.0,4.0,1.4360118696860436
07-21,29.21140067674509,13.854936426378055,-27.61229436369,8.893054280709476,13.111732582808221,-13.239437603472824,-22.053228078636426,8.801502876381669,3.608659179061565,-4.848490044506731,-0.8273001352107009,-0.620154465672529,6.0,6.0,0.6900317775745721
07-22,29.040990145513142,11.88037540621994,-34.348892580282744,8.687474436578972,13.111732582808221,-13.802817355448994,-18.885740993226122,9.719625984969557,3.1477024416140047,-6.026559294043317,-0.8273001352107009,-1.0937452153303442,6.0,6.0,0.05023711868013516
07-23,27.365526114089704,11.115649324395582,-29.46601739038972,8.687474436578972,12.650053263691142,-13.282342043713431,-16.417903277677127,8.396229351827179,2.359641682287707,-6.026559294043317,-2.068250338026752,-0.9389662603004104,6.0,6.0,0.19787796405996055
07-24,30.548099910853928,10.40255318644291,-25.56497346369756,8.80030138834034,13.790995280554435,-13.143256803070171,-11.030082121180275,9.167442289096789,2.359641682287707,-6.843718885644707,-4.521549328627336,3.0395108143480165,7.0,5.0,1.4170803291420069
07-25,29.693486156047282,10.722798769722273,-25.56497346369756,8.305398549548405,13.645986159285373,-12.665279491947091,-10.090088712328363,9.167442289096789,1.4646078578884036,-8.799175930602521,-4.188477597292003,0.9216653994957684,7.0,5.0,1.0511158321013958
07-26,30.754715541623675,10.722798769722273,-27.87194039589338,5.952820291048129,11.121404364876454,-15.330020042727856,-8.622224595811632,7.951351367264812,-0.4926064403864308,-8.636836143166269,-4.210522300318668,4.017856984468945,6.0,6.0,0.4463997833916705
07-27,30.754715541623675,10.802228704278553,-17.808222872726738,3.4443961081231773,10.396497481323108,-12.768911672947285,-8.622224595811632,7.417840283097112,0.6535941601471651,-9.319365150504282,-5.084751242024469,4.017856984468945,7.0,5.0,1.1569711440872763
07-28,28.67924672252727,11.168519407727311,-15.07145742416245,2.8453700770623143,11.035330885982995,-12.768911672947285,-10.666664971245659,6.779663604402238,2.355807895756816,-10.35940315311342,-4.201676463198792,5.0595191423515775,7.0,5.0,1.2379453375952432
07-29,33.0262222593809,10.44192455283602,-8.801649147170858,2.8817311759068733,11.035330885982995,-14.087444192513823,-8.98778123510144,6.517689238202454,2.9102640259319235,-12.017166547559698,-4.201676463198792,2.077149424923048,7.0,5.0,1.7328828314683005
07-30,30.587420939836914,10.382941842432519,-11.458333333333332,2.8817311759068733,12.244262433684748,-16.005660719012354,-8.846491599187797,5.0332359583227095,3.223204056796878,-12.017166547559698,-3.5714199849255355,5.441181647323674,7.0,5.0,1.4912421558571332
07-31,26.512457871183106,7.73809803135893,-8.607393063213625,2.2080844601407312,14.233470856981413,-17.989812840888227,-9.548605764629876,5.303034065949646,3.223204056796878,-12.553649298333076,-2.507844644156896,9.49640094280657,7.0,5.0,1.458953722832965
08-01,24.26392345868946,8.284025048791632,-8.607393063213625,2.2230470046605317,17.083454063123988,-16.847432657697944,-10.796462357842396,5.303034065949646,3.223204056796878,-12.800875627413854,-1.7580152528716249,11.815564335741453,7.0,5.0,1.7821727562261789
08-02,27.28201656119081,8.284025048791632,-3.7352826132427306,2.7581057518540133,16.325301059463197,-16.330938993246473,-9.154317055712287,4.924246563453703,4.932377888715234,-12.376780944981556,-0.4132227333881368,11.815564335741453,7.0,5.0,2.859257905719904
08-03,27.28201656119081,10.17751433878469,-1.5860080814492934,1.7660027109893877,16.792055373379426,-14.114325964937361,-9.154317055712287,6.831122102795777,6.441474660730162,-12.789414403994538,2.9743585831079735,11.815564335741453,8.0,4.0,3.8696702633855167
08-04,24.897824323320012,9.328058395930308,8.925751406481309,3.376907313940709,18.21946614775052,-14.114325964937361,-10.287701168529548,6.0778671023560635,6.284361868248802,-11.584704522500985,3.3707857506834262,11.95965298073035,9.0,3.0,4.704495302789467
08-05,25.420239946424108,9.75513168690676,8.504630183081641,4.896350801638602,18.21946614775052,-12.914607719498875,-8.340500924194865,5.348618962123647,6.117644964479933,-12.94247877468041,3.3707857506834262,10.771467007934932,9.0,3.0,4.850562336054118
08-06,25.147625731967373,10.039522074206268,18.271125290692662,4.896350801638602,17.775811570886855,-13.082812313242927,-5.541120165191251,5.6497121870149964,6.1912221605207245,-12.94247877468041,3.881512930761978,10.853835261384056,9.0,3.0,5.928358896329911
08-07,24.567475692689303,4.807293359952428,17.065393539335606,4.324514311181957,20.77434385224237,-8.829568734886694,-4.419412743221041,6.442573089875388,6.1912221605207245,-13.60620023341812,5.252520445718494,11.094887045629001,9.0,3.0,6.138753482134953
08-08,24.947370562637058,7.565396536239585,17.065393539335606,2.1261266759923987,19.81698616891396,-7.551024658190468,-7.29165942304693,6.442573089875388,6.2695938588158455,-13.842746810233908,3.8383755091802234,9.235207537357578,9.0,3.0,5.718466048906362
08-09,25.078809242550754,7.565396536239585,8.293460646066437,-0.4119801492875304,19.314912687469466,-6.060603336100381,-8.326028238121364,4.575161245311659,6.1815334769914125,-13.766519939460585,5.210416111630737,9.104047796171685,8.0,4.0,4.729883839955156
08-10,25.078809242550754,10.382293296180077,9.49495103624132,-0.14997753304944567,20.34668434067253,-6.924646907414731,-8.326028238121364,2.930051684100518,6.885760037776847,-13.459400099589484,6.312617130896487,9.104047796171685,8.0,4.0,5.139596815534599
08-11,25.394046212753764,12.65560620801607,4.705885344860602,-0.07581674905212796,18.04093549313605,-6.924646907414731,-3.1551324729703114,2.292270474416981,6.274511299881281,-14.559819546729125,6.1244945214953495,7.369945422818117,8.0,4.0,4.845189941767661
08-12,23.78471755411141,11.88490590439745,10.049303911800498,1.858736085838348,18.04093549313605,-8.350309125154965,-1.1177997692321382,2.1012441396168238,5.329155901083945,-16.800921848635745,6.1244945214953495,5.539770860779127,9.0,3.0,4.870352802436346
08-13,18.969805417236078,13.840543487087304,1.262326193328704,1.858736085838348,16.754389829705,-7.300737644392548,0.6762461895349923,1.5180251232560722,4.2030114782005255,-16.800921848635745,4.417666452792116,8.368796264194021,10.0,2.0,3.9806572523454062
08-14,17.503584317297445,12.731007527329721,3.3590692845505714,3.345723536405933,16.448320122745525,-6.794199848368299,0.7646571715171443,0.8596002893267451,4.2030114782005255,-17.951674280148698,7.2289183159758545,6.512298396557387,10.0,2.0,4.017526359282488
08-15,21.40540732993736,13.793102114185727,3.3590692845505714,4.758359841816271,17.996556918206387,-7.346126286553072,0.0,0.8596002893267451,4.2030114782005255,-18.004583104894444,8.500003814697267,4.7197663976240865,9.0,3.0,4.520347339758119
08-16,16.115386669452374,13.793102114185727,6.679535010489312,3.903342944054344,17.998289297457895,-3.7686803818539145,-4.317178455061104,1.6236874112534112,1.897231449450812,-20.391698638926613,7.1285144119243,3.2934101174425683,9.0,3.0,3.6629118291557585
08-17,16.115386669452374,11.44016121081124,11.88861084075396,5.066570979465814,18.12714303629818,-4.652686942973903,-4.317178455061104,0.4766462519143944,3.4672938922982266,-21.125145172552088,6.060600514290569,3.2934101174425683,9.0,3.0,3.820067745178352
08-18,13.384613623985876,11.987133453022144,15.511668350635187,3.3766227148442387,16.62292391587063,-4.652686942973903,-2.8193804763800507,0.8555147212134508,3.238545437233314,-18.355856908044,6.720161066691867,5.0898156360476055,9.0,3.0,4.246589549345529
08-19,17.586079080891,14.604947826859322,13.561845636940026,3.340755756082824,16.62292391587063,-3.669721215878489,-11.214951688373453,2.82486058349962,2.545741468521918,-17.957355879578863,6.720161066691867,2.416916165831577,9.0,3.0,3.948516893113165
08-20,14.42748311668911,16.3579085084662,9.265798062921537,3.340755756082824,15.893848403111475,-3.4304190259818537,-7.821230637702671,2.4528322596700325,3.6191977715685155,-17.957355879578863,7.1213642841612685,2.86144670242323,9.0,3.0,3.8443024434859003
08-21,17.09924167606145,19.538461245023285,10.909791308563928,1.5590202968369662,13.737252257782455,-4.0129442926418495,-4.193856310693418,1.052628312774883,3.6191977715685155,-17.059489155941492,5.020489340442376,5.373129357099657,9.0,3.0,4.386910150573064
08-22,13.09803981407016,19.87744317401506,10.909791308563928,-0.4948578549726764,13.02160818781451,-5.114758600954151,4.8802923547545625,1.052628312774883,3.697877778270497,-13.907276124175127,5.702642396593343,6.304989653263185,9.0,3.0,4.919035033334848
08-23,12.858829801500738,19.87744317401506,5.89822920256579,-1.5879157717197667,12.548095778589964,-5.723683529448303,3.367630222716416,-0.5741667053764143,1.8503659715508909,-11.653719911893617,4.397906470215752,6.167402053200602,8.0,4.0,3.9522013963264264
08-24,12.858829801500738,22.63500463140178,8.664123632296391,-1.7455346920294212,13.570799071805697,-7.997308946445612,3.367630222716416,0.473935448634153,0.5723605678191129,-10.208565754381011,4.166672461562456,6.167402053200602,9.0,3.0,4.377112374840109
08-25,11.403852079152491,24.76687624736228,7.763260654213238,0.9541984454963496,14.126932466690016,-7.997308946445612,-2.8063629795213374,-2.239528062167305,0.2450958621909421,-10.434783239671109,3.86624762129502,3.230540264907201,8.0,4.0,3.57325170112518
08-26,13.359225374981037,23.39622929411114,6.564889964186982,-0.27048533401412217,14.126932466690016,-8.73656035441306,-10.365253493314631,1.8060886481939111,-0.5770790945078659,-8.315562083739719,3.86624762129502,8.720117450824576,7.0,5.0,3.631232538357773
08-27,11.259544568839484,20.197798358214715,5.331843107558819,-0.27048533401412217,15.092126783627664,-13.291585360455382,-13.916496621613614,-0.784312992176598,0.3267970800735825,-8.315562083739719,3.6572564154281193,9.001411129459543,7.0,5.0,2.3573612542668747
08-28,15.61939074285989,19.323481516478655,0.3140947226649862,-1.3523971901835221,11.111118916916414,-13.351871400136472,-15.478620213856132,-1.681504273659071,0.3267970800735825,-9.061827477878165,5.1867218069792935,12.250333532026056,7.0,5.0,1.9338098135237933
08-29,14.973258359457096,19.480016952236053,0.3140947226649862,-0.7751967785028495,11.895345221989972,-14.954579179390931,-12.49999267156024,-1.681504273659071,1.6339854003679126,-11.099252663341662,5.349798801215719,15.424167785875364,7.0,5.0,2.3383451397793618
08-30,15.365507014954751,19.480016952236053,0.3140947226649862,-5.894304199617213,11.28584586176516,-13.30084155119249,-10.79717165791519,-1.0880377258856933,1.64880302867462,-15.056182135086152,5.98984903287746,17.33668477170223,7.0,5.0,2.1070220095982104
08-31,15.365507014954751,19.480016952236053,-2.3961599528098807,-6.379519121847721,7.480442065495545,-14.015416509057564,-10.79717165791519,-0.7905130890387859,-2.6383014435463763,-16.647651177488676,6.666665382256763,17.33668477170223,5.0,7.0,1.0553819362450951
09-01,16.217174043056534,13.522014394034073,0.8980923237151128,-6.014097133486871,5.679644792530496,-14.015416509057564,-5.3481305865972875,1.1516303712136065,-4.023966618786991,-15.410951969435391,5.906313052247371,18.718595990134986,7.0,5.0,1.4400751791306723
09-02,14.364035882692486,11.226949015440269,0.9665717754957704,-6.811530045881578,5.679644792530496,-14.015416509057564,-7.507507679512727,2.8382142452420944,-6.015689314033804,-17.55813032823916,5.906313052247371,15.979384167286268,7.0,5.0,0.4210699211841604
09-03,14.67153472164648,8.264462549368409,6.7783124725314785,-6.811530045881578,5.679644792530496,-16.879426215437597,-5.9595977305247665,0.37735811710868267,-6.573181507711473,-17.55813032823916,5.906313052247371,17.4870458720447,7.0,5.0,0.44856714580692064
09-04,13.909496021310234,7.5400127440456215,4.649271108133751,-6.811530045881578,4.852523480259667,-13.617324053744614,-2.6104440550806283,-0.09478889764019396,-6.573181507711473,-17.55813032823916,3.6008268709308795,19.035532718471593,6.0,6.0,0.526855337904509
09-05,7.561436454861317,8.120546991514733,4.649271108133751,-7.172814905737456,6.448591544776586,-15.455190700538054,-6.281157838618334,-0.09478889764019396,-6.573181507711473,-16.24423730228838,-0.7462653941384412,18.65482545279258,5.0,7.0,-0.5944137495494465
09-06,8.220715754070012,8.120546991514733,4.649271108133751,-8.496455596550884,6.127530722253269,-13.469674233469153,-3.1945781814455407,-0.09478889764019396,-5.74913612721152,-16.147630982821322,-2.909487775138388,18.65482545279258,5.0,7.0,-0.3574051471260544
09-07,8.220715754070012,8.120546991514733,-3.619531153481116,-6.5580474964785935,3.8810693234947977,-15.83873113669668,-3.1945781814455407,-0.9560265880022121,-6.217163164655461,-16.921263709208013,-4.099235620299785,18.65482545279258,4.0,8.0,-1.5439516273662732
09-08,8.220715754070012,8.553725359145067,-3.813557643994515,-5.702654050455005,2.2285920609360543,-15.83873113669668,-3.1945781814455407,-0.6724274337200921,-5.676860987182034,-16.686251916593953,-7.700888141134433,18.65482545279258,4.0,8.0,-1.8023409053565465
09-09,5.198779121881766,3.8187152762297862,-5.452134214106822,-5.402111609950162,2.2285920609360543,-14.038875169665113,-0.6548236786369005,3.333336966378348,-7.510922486266465,-17.09906652373547,-7.700888141134433,18.02030527501704,5.0,7.0,-2.104924426921031
09-10,4.2675916977463295,4.166665663221479,-3.0585130779780108,-5.402111609950162,0.09551317030006158,-13.845052821176006,1.5711652596003804,3.333336966378348,-7.510922486266465,-17.09906652373547,-9.598210413122985,20.43147347883805,6.0,6.0,-1.8873442246787033
09-11,5.471700992224351,0.5471425373018707,-2.7851420751227196,-6.458156746711005,-0.7657937777589519,-10.734466625304858,1.3876093097312625,3.6087381203921023,-7.510922486266465,-17.09906652373547,-10.602676397550633,20.304567022789787,5.0,7.0,-2.053038887500893
09-12,7.924529741395196,-3.959523258493324,-2.7851420751227196,-7.9674758295900325,-0.2246460050288875,-10.371965739760688,0.0925090517451666,3.6087381203921023,-7.772928892126106,-13.990817385263526,-12.022479711917477,18.78172585760796,4.0,8.0,-2.3906230105135284
09-13,4.687502910383003,-3.959523258493324,-2.4756827814572326,-8.088531984010201,0.4165304856778342,-9.51359743154624,-0.3717468494625124,7.597342934681459,-6.440381077972381,-13.097956801593485,-13.528746614966838,18.78172585760796,4.0,8.0,-2.1660887175959966
09-14,4.687502910383003,-4.355476423475375,-5.151797842800955,-9.329561569421287,-1.6661341653879709,-11.103053093569363,-0.3717468494625124,7.271014604995128,-9.082889939257504,-9.191583037101099,-12.852315197644437,18.78172585760796,3.0,9.0,-2.6970262287612017
09-15,4.609376123407839,-4.516125750798051,-8.33721924906607,-7.7202904813357005,-0.9223886871902796,-11.103053093569363,0.9293715552282888,5.871381059120701,-9.637481507277565,-9.22063868544941,-13.10734234363352,19.54314644019887,4.0,8.0,-2.800938718363688
09-16,2.318505189605029,-8.98876404494382,-4.157446268615418,-6.302353182845273,-0.9223886871902796,-11.393328584339654,-3.568076319737549,5.070422358639941,-11.16071447578012,-8.152174082054763,-13.10734234363352,19.923859757110776,3.0,9.0,-3.3699833903153884
09-17,-2.610440275053465,-7.234794101594375,0.6471079230175012,-6.302353182845273,-4.166664897232797,-7.553958414035451,-3.4807138436097937,5.1162808440452405,-11.659194934629259,-8.152174082054763,-14.124293176498275,19.16243917451985,3.0,9.0,-3.3632299138309047
09-18,1.3001918070658842,-10.528675688175156,7.024625510544935,-6.501799313750105,-5.9478397184112834,-8.303246114483056,-4.536866723742904,4.8507504180109215,-11.659194934629259,-9.456520691260476,-12.950445987721446,19.796953301062512,4.0,8.0,-3.0760056779574527
09-19,4.670432417140248,-7.588311155518867,7.024625510544935,-6.629392119481675,-5.338424687576953,-10.12381929836796,0.0,4.8507504180109215,-12.5560593731135,-11.135376361953142,-13.797024188311195,22.335027960931786,4.0,8.0,-2.357297573141284
09-20,4.670432417140248,-7.588311155518867,8.356881940126964,-4.789953881402152,-5.18518727829759,-6.695779414988125,-0.27649522503636703,4.570902169653498,-11.896242284450846,-12.431244174613251,-15.172421579742904,22.335027960931786,4.0,8.0,-2.0085325421831333
09-21,4.670432417140248,-6.541648408357931,10.327870890005627,-4.498813665287264,-6.4223206438040945,-6.618180708451704,-0.27649522503636703,3.4069972123027497,-10.089286907899158,-11.441143502697775,-17.543859257751393,22.335027960931786,4.0,8.0,-1.8909516532421065
09-22,2.2222228607988908,-4.0254188145553655,16.79328558377718,-4.411188917515394,-5.736386230283176,-6.618180708451704,1.5668209245806248,2.4051824124818584,-12.06120786675753,-11.001099925342725,-17.13287039743766,23.350255404386346,5.0,7.0,-1.2207154728598877
09-23,0.4969386908443037,-1.5448806684687328,19.03633393727685,-4.042388952708382,-5.736386230283176,-7.345456210049715,3.867404139701877,1.7625193422053356,-12.206142645356215,-14.269538389225705,-17.13287039743766,23.223348948338078,5.0,7.0,-1.1575932029302616
09-24,0.5802693087687493,-5.6861905019743775,16.269842291034447,-4.042388952708382,-4.866259089487227,-7.5691410420481535,3.211004037104757,1.397946178281111,-11.60071920080033,-14.269538389225705,-17.599070423180198,22.08122110006815,5.0,7.0,-1.8410853903472637
09-25,-3.113910059305234,-5.338983934386562,16.43564205358524,-3.4536934219975985,-9.27086610179528,-6.656801686818444,1.3182706669622877,2.9357771194799973,-11.60071920080033,-13.929790561021873,-16.974599225519533,17.63959800933802,4.0,8.0,-2.6675063618566086
09-26,-8.697394829411177,-6.695285083141575,16.43564205358524,-2.9862408595284613,-8.759849159258481,-5.783308716527497,1.1439455498318931,2.9357771194799973,-11.241007309930863,-15.057476417661569,-16.32184031523431,17.005077831562478,4.0,8.0,-3.1684966780195274
09-27,-6.940063826983629,-6.695285083141575,10.930693975769646,-3.5755930534850813,-8.543888326766359,-3.9317559691666046,-0.29013280975322897,2.0183423949895176,-11.051208711493473,-15.581385342736118,-17.189321195418064,17.005077831562478,3.0,9.0,-3.653710009718541
09-28,-6.940063826983629,-8.798288461522716,9.766874918786273,-2.521332820859794,-6.766165950214214,-5.735850784013857,-0.29013280975322897,1.097894622219337,-10.61551807612669,-18.03278651910995,-18.890193357180067,17.005077831562478,3.0,9.0,-4.226707102766338
09-29,-6.861197670507638,-5.6468612660647715,11.729141112666188,-2.148060884149384,-8.566607220430772,-5.735850784013857,1.2572544731382969,4.068722837851832,-10.418522920624742,-17.05607437589762,-17.915687819736345,18.27411213588068,4.0,8.0,-3.2516360318240114
09-30,-4.933956756241658,-1.6570071913524256,12.96296180012273,-2.5808940674989835,-8.566607220430772,-7.018870227741746,-1.937991946257124,3.435805606000939,-10.549650374363678,-15.437789233588672,-17.915687819736345,18.147211731065298,3.0,9.0,-3.0043729750018704
10-01,-0.31031777182029346,0.7723598825662523,13.477891218524896,-2.5808940674989835,-9.713319385564835,-7.008284245818278,-4.955401312573416,3.6903677775155863,-9.00350283588907,-15.437789233588672,-16.510536928692968,18.78172585760796,4.0,8.0,-2.3998084204359857
10-02,0.5078166647580763,-0.2868839996663703,12.473116638839883,-2.6579374360237336,-10.623087334289755,-9.938839436678867,-6.349209803242228,2.01465444589514,-9.00350283588907,-14.055291134345019,-13.099413573964133,18.908632313656216,4.0,8.0,-2.6758287909124885
10-03,-4.3600006103515625,-2.384935999673756,12.473116638839883,-2.8626683179804684,-9.496650682914037,-11.732713615453465,-8.506435603917819,2.01465444589514,-8.30420277784331,-12.65823284908844,-9.68858298957426,16.497464109835207,3.0,9.0,-3.2507656876855737
10-04,-4.5272480351098885,-2.384935999673756,11.397847821635585,-3.548014136005652,-10.387437032491754,-11.655011758648815,-6.712067626272097,2.930400115279312,-8.09146952993753,-13.647057028377755,-8.646191492378797,16.497464109835207,3.0,9.0,-3.231143382678829
10-05,-4.5272480351098885,-4.979081811930155,8.762890272153571,-3.2869236429207422,-9.173690888193411,-11.309063171210177,-6.712067626272097,2.8181856328790835,-7.124014316354324,-14.67779863292268,-9.953699334536244,16.497464109835207,3.0,9.0,-3.6387539537151543
10-06,-4.567313056138102,-4.265013262588995,2.3727400222957367,-2.6123641179003747,-8.551305376113548,-11.309063171210177,-7.97666021204782,2.4725316472278385,-7.180382568704218,-14.645861683105814,-10.851812582180688,17.385785097241495,3.0,9.0,-4.144059938602055
10-07,-13.441777857903835,-4.658897209780731,-1.8976183056986629,-2.7307657095102167,-8.551305376113548,-9.140203866170609,-10.186091654920094,1.9390585376394915,-8.267375052936474,-15.199037812784185,-10.851812582180688,14.720816083789728,2.0,10.0,-5.688750900547485
10-08,-22.164497174605714,-7.436976951694553,-2.8474290554279715,-2.7307657095102167,-7.411130473137597,-9.916096298848805,-11.695904312820039,2.2747953158015766,-8.938054971980963,-15.199037812784185,-10.151690974790947,14.46700922292609,2.0,10.0,-6.812481599739442
10-09,-24.330169475431305,-4.9730659124537215,-2.4555457370799947,-2.7307657095102167,-7.104905121756534,-6.085645682990212,-11.078994276024764,2.7173930414082106,-8.938054971980963,-14.113390611312143,-11.475415694240846,13.705582589102287,2.0,10.0,-6.405248130189182
10-10,-21.6450212875792,-4.9730659124537215,-2.4555457370799947,-2.2579417203876453,-7.257277573159197,-2.309981104172929,-10.028654861083721,2.7173930414082106,-9.469023688172472,-13.244231023270581,-12.323934045141478,11.802034158241431,2.0,10.0,-5.953770812737607
10-11,-21.6450212875792,-4.9730659124537215,-1.6088024863039534,-3.2912385685906465,-8.499504613114999,-3.0551404253444283,-10.028654861083721,4.619567306558523,-9.82300564549867,-11.057118489694986,-13.497647379612058,11.802034158241431,2.0,10.0,-5.9214665170397005
10-12,-21.6450212875792,-4.434320925765245,-4.276029998506906,-3.91169729209678,-6.7524127193289925,-3.0551404253444283,-10.028654861083721,4.347821955569661,-11.238933474803462,-13.69863534307633,-13.216375312662954,11.802034158241431,2.0,10.0,-6.3422804605364105
10-13,-22.03463233130925,-4.968947337037196,-2.202829170448399,-5.8823538153251125,-6.8554911137320005,-3.0551404253444283,-7.927410721466899,4.959424555161244,-12.059858512001062,-13.944719238162785,-13.34895021563202,11.928934563056812,2.0,10.0,-6.2826644801867575
10-14,-26.497207102404488,-4.761903257538274,-5.852841195923537,-5.964915046393188,-6.8554911137320005,-3.5767476863449046,-8.003770156584883,4.44646737239717,-12.15858250559727,-11.151959122900104,-13.34895021563202,11.928934563056812,2.0,10.0,-6.81641378896639
10-15,-23.203718539831904,-5.368285357127012,-2.309276148216012,-5.964915046393188,-6.9520433493017775,-4.575644847466657,-8.793270074421391,4.731569744486435,-11.568796778937788,-11.151959122900104,-14.168618776954006,12.817261601695993,2.0,10.0,-6.3756413912806185
10-16,-20.763425886145047,-4.5454480968680855,-5.216283062833064,-7.368426218734447,-8.574187655668807,-5.5066079757842346,-8.247423693989063,4.55788503034762,-11.568796778937788,-12.132350363120851,-13.969729778219099,12.309647879968713,2.0,10.0,-6.752095549998679
10-17,-18.93004331643825,-3.773585348495217,-5.216283062833064,-8.07261568891165,-11.429495188181805,-6.876368508683598,-5.291970088388032,4.55788503034762,-11.744085631095032,-9.57575711337003,-14.982578551586856,13.071068462559627,2.0,10.0,-6.521985750423024
10-18,-18.93004331643825,-3.773585348495217,-7.930453118252138,-7.18424354654579,-12.58854417897882,-7.534745627085857,-5.291970088388032,3.1905229986336465,-11.831730057173653,-9.454542217832623,-14.982578551586856,13.071068462559627,2.0,10.0,-6.936737049131997
10-19,-18.93004331643825,1.0254307161844012,-6.361323175798576,-3.4883781104384464,-11.956174378745587,-7.4561365594666125,-5.291970088388032,2.37010230221495,-11.130432460619057,-7.2018847396238375,-16.181599126394374,13.071068462559627,3.0,9.0,-5.9609450395794825
10-20,-17.283954299611356,-1.63599020878797,-3.4266597758749815,-1.1760222259655264,-11.884066125843733,-7.4561365594666125,-5.109492861930496,4.856114814841813,-11.518321906023802,-5.764703189625458,-16.31701201607419,12.055841019105074,2.0,10.0,-5.388366944604769
10-21,-17.248454988883722,0.2483421619260053,-6.560800981204526,-0.5277021712212373,-11.884066125843733,-8.55263194585807,-4.010935001576562,4.990927113323158,-10.00862667938013,-6.769592513769947,-16.31701201607419,12.18274142392045,3.0,9.0,-5.371484310386876
10-22,-17.936114443417004,1.3574657793323903,-6.416465329013397,-0.5277021712212373,-13.333331695245366,-7.991196271832693,-6.893382280433363,6.6844918195230045,-10.00862667938013,-6.769592513769947,-16.31701201607419,10.659900258738617,3.0,9.0,-5.624297128566109
10-23,-11.617765205981936,-2.5311149101555706,-5.437827260717168,0.5654033999117573,-11.509620729913154,-10.428992601124037,-11.288803352268356,7.996483640253603,-10.00862667938013,-5.2256481757297815,-15.813948794788589,10.532993802690351,3.0,9.0,-5.397288905600251
10-24,-10.067111112282443,-3.475711695458074,-5.437827260717168,-1.8168037125292085,-10.592398791848757,-13.303435857598036,-11.45833323926035,7.996483640253603,-10.094909930028775,-3.8231744229330302,-16.627635628066567,12.309647879968713,2.0,10.0,-5.532600844208342
10-25,-10.898965145744505,-3.475711695458074,-1.359456815179292,-1.2734087748035685,-12.42336369765908,-12.425596193704033,-15.279142152675504,7.381372092623731,-7.869975272178578,-0.6928455043175238,-17.370885712661078,12.309647879968713,2.0,10.0,-5.281527582649066
10-26,-10.898965145744505,-1.9681793853464984,-5.671152087589557,-1.3538947284155058,-14.077191877973736,-11.843074764535627,-15.279142152675504,9.429066721643183,-7.203384864881728,0.5727289768876526,-17.3144912445057,12.309647879968713,3.0,9.0,-5.274836056097401
10-27,-10.381864255041501,-4.184276320806692,-16.903177375469074,-2.4724214374080606,-14.560251774983563,-11.843074764535627,-15.964741511761535,9.019947839886267,-7.9999964287940495,1.2471616834839172,-16.764365181025397,13.959389449965926,3.0,9.0,-6.403972506374115
10-28,-4.083268520638077,-5.787236639793883,-15.94504517366957,-0.5223929141142237,-14.560251774983563,-13.915618672025126,-16.649546921366653,10.315423117586663,-8.950085818378552,2.1348268373822346,-16.764365181025397,15.228429805517006,3.0,9.0,-5.791594321292428
10-29,-8.47389816336112,-5.073371342219205,-10.22587158977232,-0.5223929141142237,-13.745919547663894,-11.30561769819192,-12.750264144678725,9.075345821240939,-9.895827641917826,2.1348268373822346,-16.06096047416733,15.989850388107927,3.0,9.0,-5.071175039112956
10-30,-3.149610852062959,-6.5966455987448045,-9.7750483233977,-0.5223929141142237,-11.657446883040707,-11.311236901149389,-11.99165380847197,8.997430881494159,-9.895827641917826,0.224713538725501,-17.848702388570878,15.736043527244284,3.0,9.0,-4.815864780333877
10-31,-6.938778624242666,-6.373167435857307,-9.7750483233977,0.22222024423104747,-6.996149922500188,-12.691464378386247,-12.238484009047134,8.997430881494159,-9.114576348414301,0.8898768158267083,-14.688601250064155,14.974622944653367,4.0,8.0,-4.477676617142035
11-01,-4.925917034075086,-6.373167435857307,-4.171773082155158,2.595472278133163,-10.065146826700047,-10.828486528588119,-14.027627165023155,9.16880623675214,-10.3298570581334,-1.22905712509277,-14.452211913104039,14.974622944653367,3.0,9.0,-4.1386952257658685
11-02,-4.925917034075086,-9.014673308771588,-6.094068403370602,4.582408705066028,-11.2611128804311,-11.967695507612765,-14.027627165023155,10.45415817526066,-6.603777597257606,-0.6703957641941639,-10.660487417079787,14.974622944653367,3.0,9.0,-3.7678804377363164
11-03,-2.1225498647172647,-9.475891793434704,-6.895146953389957,4.9760358123171695,-11.850387088871967,-11.967695507612765,-15.409137436531505,10.365337464571445,-4.262574761402547,-1.5607512316698111,-10.277140404208149,13.451775728238644,3.0,9.0,-3.7523438363926167
11-04,-1.842214675493686,-11.244809301149845,-6.683071377226177,5.912404943207301,-11.850387088871967,-11.600586908824322,-13.602547861073669,12.071916186400212,-5.245052886283401,-1.5607512316698111,-10.277140404208149,13.57868218428691,3.0,9.0,-3.5286298684088835
11-05,-2.142010849417052,-9.458905419769554,-6.764465303510921,5.912404943207301,-12.446217312740787,-9.251103079800904,-5.851624216033847,9.23209388038966,-4.615384364582686,-1.5607512316698111,-10.854509822405136,9.771573220099436,3.0,9.0,-3.1690749630195256
11-06,-4.758098853127521,-8.816229642250551,-5.6451676167262805,4.379557928093096,-13.174444431817179,-5.35190266761018,-11.037527082612504,8.60121417403603,-4.615384364582686,-2.564097384497764,-10.508081564043527,9.771573220099436,3.0,9.0,-3.6432156904199697
11-07,-8.450155959914781,-8.861289154452198,-5.6451676167262805,5.547447003377748,-8.56381733612739,-4.354139282268017,-5.9331090604199455,8.60121417403603,-3.675216343467522,-4.570789690153669,-10.29748965416102,4.695429951593769,3.0,9.0,-3.4589235807236065
11-08,-12.29839208967123,-8.861289154452198,-8.145163386719101,6.62323553851053,-11.197562671663801,-4.912023896113267,-6.047510281865338,11.381410891109619,-4.436855735850448,-3.880259534733832,-10.958904258721821,4.695429951593769,3.0,9.0,-4.003157052381426
11-09,-12.29839208967123,-6.5010340357088845,-1.8799972534179688,11.383284659070025,-8.136047191328947,-3.172318224138768,-6.047510281865338,11.471106925262164,-3.1462574690295084,1.6574648513063703,-12.57143293108259,4.695429951593769,4.0,8.0,-2.0454752574175763
11-10,-13.104839112830597,-7.869406095212548,0.5954728676066107,12.419927842490745,-7.1003948803689925,-3.172318224138768,-5.3995679010947075,11.38353924737226,-0.3415880591180345,0.0,-12.700236148971353,1.2690343043181962,4.0,8.0,-2.0016980133289324
11-11,-17.612693580768575,-5.3416187822111905,-1.5866780658682182,12.946585738052152,-7.1003948803689925,-3.5328029932309746,-4.867725369644678,8.435852622960505,0.4262509719673399,0.34090604910187183,-12.700236148971353,-1.015227443454557,4.0,8.0,-2.633981823536389
11-12,-15.932204102141107,-1.3821144199818802,0.4011246700585287,12.946585738052152,-5.5151916724707055,-2.6618766142996537,-4.826863074880248,7.766146076441571,1.100762995952012,0.34090604910187183,-13.272309814531072,1.5228411651818354,6.0,6.0,-1.626016083626391
11-13,-14.884692579790153,1.9846081835529077,3.234606113178768,14.715245065621026,-5.097251754927062,-2.5454573197798296,-3.773581321978544,8.56401979979605,1.100762995952012,0.4545450112051311,-12.100450208295095,2.030460938141998,7.0,5.0,-0.526432089776899
11-14,-13.899446546574886,2.222219139638573,3.234606113178768,15.739434413365036,-8.799175930602521,-3.8433628313075983,-2.8925591337169574,8.56401979979605,2.878917362468015,2.161542448326095,-11.595869396766508,0.0,6.0,6.0,-0.5191395468496612
11-15,-14.188896177547411,2.222219139638573,2.2603270738699925,16.468117071371193,-10.233508066636944,-2.015836760621779,-5.957451514282694,8.304498298442137,2.1440823608199837,2.908269434128677,-9.19673978835758,0.0,6.0,6.0,-0.6070765774313213
11-16,-14.188896177547411,4.080809005583175,5.328182166378391,15.308642307548695,-9.876969495524543,-2.08933688373178,-5.957451514282694,8.34057357999057,3.122369850822808,2.364865263970711,-7.4074000488095795,0.0,6.0,6.0,-0.08121766213347177
11-17,-12.028801690681538,2.529583163784749,7.223742043652886,15.432316030381179,-11.477119818926216,-2.08933688373178,-6.702129149016082,9.982787081209144,3.6286944416321565,2.6315737787130717,-7.035751456855753,0.0,6.0,6.0,0.17462979501348494
11-18,-13.073005065888939,-0.8333365122477213,6.534651954575341,14.608698305876358,-11.477119818926216,-2.1613846416524125,-7.716368710572678,9.79202875369394,2.636057938633005,3.841809468164413,-7.035751456855753,0.0,5.0,7.0,-0.4069766487667221
11-19,-13.197746241920798,3.326570821558132,10.72418259885191,14.608698305876358,-10.783635901168656,-0.5065170046621011,-7.870834964491751,8.933215583915443,2.9661048797655125,3.841809468164413,-6.9204195638969495,0.0,6.0,5.0,0.4267856651659592
11-20,-10.775130902768922,5.300916363561173,11.633376971496535,14.365214472231658,-7.568489817567332,-0.9413407445081724,-8.416835582335732,9.248052921754851,2.9661048797655125,4.18080026310634,-3.4642054967762284,0.0,6.0,5.0,1.3773719439966399
11-21,-14.224134174737134,4.463210988720569,11.633376971496535,13.986013799467106,-8.743929508841177,-1.2151542464275389,-10.644830226457133,9.248052921754851,2.9661048797655125,0.11453924091453113,-5.910165457984053,0.0,6.0,5.0,0.1394237656393392
11-22,-16.946161422972995,4.463210988720569,11.39835397236907,14.838930357852067,-9.180094070912734,2.4424311467770665,-8.100004196166992,8.988763952329801,2.627122157676791,-1.5028915627051365,-5.0767336239093686,0.0,6.0,5.0,0.3294106415881781
11-23,-16.946161422972995,8.604749597037145,15.243664349169881,14.516681656883,-7.843809635537581,1.1315473635188558,-8.100004196166992,9.098708160096136,2.6609397089533244,-0.1140168151150738,-2.7809938347111145,0.0,6.0,5.0,1.2892754109295488
11-24,-12.97440668073694,7.370519336069428,17.295839481765427,14.620688865924704,-9.202236416330829,1.1315473635188558,-7.6000022888183585,8.603068556837284,0.08810774049102714,0.22099952864252734,-2.6620316330667566,0.0,7.0,4.0,1.4076744878580298
11-25,-21.24423290747601,11.846274953376133,17.54992873079284,15.030882815744095,-9.202236416330829,2.5459731372748053,-7.0351740973232815,8.36891966454445,0.7023698094351125,-2.6136311051275274,-2.6620316330667566,0.0,6.0,5.0,1.107253579320252
11-26,-13.387981132186912,12.847632582952668,10.277778072121693,15.030882815744095,-10.007000062933162,4.729270231948756,-8.691210681776719,8.974360750872632,-1.8001869407732178,-2.6136311051275274,-2.4305559004898294,0.0,5.0,6.0,1.0774465525293733
11-27,-15.277773975835483,13.246048200471233,8.424462854250988,15.099518567914965,-6.938778714274435,4.876373747835811,-11.076284779716175,8.818498799088914,-1.8001869407732178,-3.522721127537789,-1.951780431106776,0.0,5.0,6.0,0.8247813500265031
11-28,-18.05869105592975,14.17142595563616,8.424462854250988,14.901559830537314,-6.317563877652607,4.6799680935879415,-16.263730551594726,8.818498799088914,-0.8100824065624469,-7.602334550058139,-1.8583136755684029,0.0,5.0,6.0,0.007099951311270631
11-29,-22.196262077906642,14.17142595563616,6.115837165734068,16.477647438751394,-5.604027245131812,5.375607679818872,-17.555554707845054,7.962331171889338,-0.7226732241325957,-5.28735687622765,-1.740145872343721,0.0,5.0,6.0,-0.25026421597980336
11-30,-22.196262077906642,14.971429734002974,0.2416410234665336,15.156565872844524,-0.9427796034488286,4.520170841666653,-17.555554707845054,8.843536918467496,0.7104788817042413,-5.697671504456652,-0.2304090251866697,0.0,6.0,5.0,-0.1815711372242849
12-01,-24.06541920716151,11.807691133939304,-0.411524216499618,15.420557653752295,-0.6156792707426323,4.520170841666653,-20.888890160454647,8.5858623563799,1.147397310823589,-5.820721666103418,1.2485880262460685,0.0,6.0,5.0,-0.7559972665128342
12-02,-24.06541920716151,9.404986285394134,-0.5629247483883595,16.286753322170274,-0.6156792707426323,4.4506282213450215,-20.55555979410807,8.930071408273283,2.458302705931477,-6.067683503859656,1.2485880262460685,0.0,6.0,5.0,-0.7573280462416644
12-03,-18.210577674987608,9.451795568576644,-3.136458173902031,16.286753322170274,0.0972154441093708,4.381085601023388,-20.3991031655642,9.106239080690095,4.224144040333187,-6.067683503859656,2.9511942848823143,0.0,7.0,4.0,-0.1096162647106848
12-04,-19.842377131199058,10.451766316501713,-3.727979734127632,16.12157579886527,-0.550875155319735,4.250875220458259,-21.7877078304122,11.56685722681357,4.224144040333187,-3.0338417519298275,2.6106751981363843,0.0,6.0,5.0,0.023592683176660783
12-05,-10.44841792608837,11.569002967964186,-3.727979734127632,15.824251216021375,1.4629413510762226,7.397259558135266,-18.131258686763914,11.56685722681357,4.655171931853067,-1.5169208759649138,3.2402231065168987,0.0,7.0,4.0,1.8242608446196464
12-06,-9.212231335201542,11.569002967964186,-3.2363823042428157,16.31042127379278,1.86735329581068,7.201089676546979,-11.3207539625218,11.977031077970429,4.137935173497195,-1.75438146414101,5.5374617455967625,0.0,7.0,4.0,2.7563788454226543
12-07,-9.212231335201542,10.775048390406923,-3.4412132643947784,15.333991250422391,5.0505062059873875,7.38983154296875,-11.3207539625218,10.582444678086402,5.195908590883621,0.9216580748084959,5.592107842998854,0.0,8.0,3.0,3.0722748345370583
12-08,-7.404224083499669,11.909268185324766,-1.3854858702312791,17.688375038822947,4.930466169518205,7.38983154296875,-9.95806931932745,10.848286287734895,3.611350577481364,2.7334826699014836,5.488474411011871,0.0,8.0,3.0,3.820979634142157
12-09,-9.028376443703408,11.554231793831178,-1.3480389292356505,17.318792705829097,4.930466169518205,8.610172595007947,-7.933196606830737,9.418506264843558,2.770568339515978,2.400000435965401,5.488474411011871,0.0,8.0,3.0,3.6818000613127855
12-10,-13.142856136783138,9.858107652377956,2.2132842493608464,17.318792705829097,4.7092281917225405,9.679618738302539,-10.848541672236594,10.15434571397782,2.9386357956430023,2.400000435965401,7.025240546297329,0.0,9.0,2.0,3.5254880183713997
12-11,-13.81898949594038,3.7181952405416783,2.0161290942816303,16.388712509099364,7.111530239154152,9.666434058417977,-6.6596206331974015,10.950077683760064,2.9386357956430023,2.171423775809152,5.73951913553743,0.0,9.0,2.0,3.351837283592222
12-12,-15.942031113797448,4.0935643379191236,2.0161290942816303,13.581896493704097,5.196897116825167,10.89918493329737,-6.6666680122389215,10.950077683760064,2.506482018169433,0.458715144817956,5.315609705764534,0.0,9.0,2.0,2.700821450208584
12-13,-15.837103799032777,4.0935643379191236,5.161285559170802,16.505164257468415,4.487184268091048,12.567937146125775,-10.043669122482186,10.547507339529707,2.222224214704207,1.025058716686705,1.3651864172907773,0.0,9.0,2.0,2.6745282779559663
12-14,-15.837103799032777,4.873294419454748,6.8509581217750455,15.839010858020272,3.4816244608911764,13.508065950423935,-10.043669122482186,12.077294611801575,3.56234162555446,3.7372585114083416,-1.5011560823498886,0.0,8.0,3.0,3.0456599629553924
12-15,-13.122169993091257,8.28856443468081,7.4721747701440195,15.84770258519294,3.9152738104259495,13.508065950423935,-10.371177129806737,10.277326307984524,4.933111627977073,5.310737251637894,-1.1507524315129567,0.0,8.0,3.0,3.742404765338016
12-16,-13.557777999540086,9.005279632823184,8.487957461532062,16.71497183328212,3.9152738104259495,13.508065950423935,-11.496740078555037,11.147273310101133,3.709945979092661,5.524236498761567,-1.1507524315129567,0.0,8.0,3.0,3.817311163902877
12-17,-1.5652200450067937,8.801212599035964,10.04367063519857,16.71497183328212,4.845957112567972,11.877131852736015,-12.94247877468041,11.807816293122213,2.476515464631184,5.524236498761567,0.5753652413679575,0.0,9.0,2.0,4.84659822591803
12-18,-0.6535930873366184,7.284771459585347,9.757071698076516,16.167467548351134,4.6065275864175055,11.717176296936028,-14.893615657943414,13.15156622457324,2.476515464631184,6.087936514319253,-2.023810523978212,0.0,8.0,3.0,4.473167793635997
12-19,-0.8278806988791106,8.777312771691175,9.757071698076516,15.584413493377225,2.7759803605886355,10.61114766471169,-12.703583837653776,13.15156622457324,2.9035025745541616,7.1668569031494105,-5.172414805582566,0.0,8.0,3.0,4.335331029050551
12-20,2.8547452304272563,8.777312771691175,6.292313362408688,15.491594125835045,0.22830950806455125,10.2941173658164,-8.012492042376484,11.86848808515126,2.9209634240511906,7.528091067543076,-5.4455512154980585,0.0,9.0,2.0,4.399824306926174
12-21,2.8547452304272563,7.512460637631982,7.698316926955032,16.223231828388627,0.5754485333263739,10.354042505588424,-8.012492042376484,10.024453545414328,3.911564874099585,9.775280032009167,-7.818415836285504,0.0,9.0,2.0,4.4248863529315665
12-22,3.0226671812717902,6.900543094350299,3.875354351151332,18.326440257569136,0.7024243789850616,10.354042505588424,-8.949018117331716,9.395421895708232,3.728818024961536,11.160714238197828,-9.335038402158963,0.0,9.0,2.0,4.098530784024414
12-23,2.8870315693337596,5.921310686583833,4.8149587142116905,18.97096013569148,0.7024243789850616,10.354042505588424,-9.484537055507877,9.449462706005797,4.219409146871151,11.457171959895186,-9.335038402158963,0.0,9.0,2.0,4.163099695458294
12-24,2.7937563718687235,5.057284892555078,0.6961510063997717,18.97096013569148,0.7982120128861742,8.384041746561339,-8.308001057061514,10.577707036370533,3.1569955386432973,11.457171959895186,-9.207158240236774,0.0,9.0,2.0,3.6980934502977743
12-26,2.6938769282126915,5.132251247438388,1.060792437592308,19.918824239513928,0.9542020970521332,6.584362436011264,-7.669023618404009,10.358894241876383,3.1569955386432973,9.030104743631194,-18.646414698176557,0.0,9.0,2.0,2.7145721327825862
12-27,2.295079814333678,5.132251247438388,1.060792437592308,19.068460222300626,0.32092548767464696,4.6722459495443776,-3.3914766649194963,10.358894241876383,3.2230713797321635,7.094595791912132,-35.80440772012878,0.0,9.0,2.0,1.169202682279702
12-28,2.295079814333678,4.461110004619653,5.5288429943296125,20.639801386972838,0.03221723127215972,4.070174903200384,-3.3914766649194963,11.389336303538355,4.326126771715766,5.5741358429816215,-24.13294881332321,0.0,9.0,2.0,2.5660333145601126
12-29,0.4098376353816929,0.9345853063011171,3.7796562217027736,18.94218868604443,-0.4857562498560069,4.070174903200384,-6.201553897755761,11.040000915527344,4.4999996821085615,5.027930936929094,-37.66026390492356,0.0,8.0,3.0,0.3630666862216725
12-30,0.8953981118723255,3.3214714202408526,2.5254539761810606,17.366768258393964,-0.4857562498560069,3.9999978584155698,-7.1289112522209725,12.191232746759047,2.276555749623013,5.027930936929094,-37.66026390492356,0.0,8.0,3.0,0.19415647095119934
12-31,-0.08196909047688172,3.0886500133889294,1.3927516347374875,17.366768258393964,-0.5505183967424857,7.462682801059264,-2.0637924031698494,9.661834153733837,2.0287385686049766,5.027930936929094,-37.500003820810704,0.0,7.0,4.0,0.4860893879706361
