,2009,2010,2011,2012,2013,2014,2015,2016,2017,2018,2019,2020,ups,downs,end_day_sum,avg
01-02,0.0,-0.009999990463256836,0.03000000119209289,0.08000001311302185,-0.12999999523162842,0.01000000536441803,-0.019999995827674862,0.0,0.010000001639127731,0.04000000283122064,0.009999997913837431,-0.009999999776482582,6.0,6.0,03-17,0.0008333367295563223
01-03,-0.010000001639127731,-0.009999990463256836,0.03000000119209289,0.08000001311302185,-0.12999999523162842,0.01000000536441803,-0.019999995827674862,-0.010000001639127731,0.010000001639127731,0.05000000074505806,0.009999997913837431,-0.019999999552965164,6.0,6.0,03-18,-0.0008333303655187289
01-04,-0.010000001639127731,-0.009999990463256836,0.0,0.06999999284744263,-0.1300000101327896,0.01000000536441803,-0.019999995827674862,-0.010000001639127731,0.0,0.04000000283122064,0.019999999552965164,-0.009999999776482582,4.0,8.0,03-19,-0.0041666665735344095
01-05,-0.010000001639127731,0.0,0.05000001192092896,0.09000000357627869,-0.12000000476837155,0.0,-0.019999995827674862,0.0,0.010000001639127731,0.03000000119209289,0.009999997913837431,-0.009999999776482582,5.0,7.0,03-20,0.0025000011858840785
01-06,-0.019999999552965164,-0.019999980926513672,0.07999998331069946,0.09000000357627869,-0.15000000596046448,0.0,-0.019999995827674862,0.0,0.010000001639127731,0.03000000119209289,0.009999997913837431,-0.009999999776482582,5.0,7.0,03-21,4.656612873077394e-10
01-07,-0.030000004917383194,-0.09999999403953552,0.08000001311302185,0.06999999284744263,-0.15000000596046448,0.009999997913837431,-0.019999995827674862,0.0,0.0,0.03000000119209289,0.009999997913837431,-0.019999999552965164,5.0,7.0,03-22,-0.009999999776482582
01-08,-0.019999999552965164,-0.09000000357627869,0.009999990463256836,0.08999998867511749,-0.14000001549720764,-0.009999997913837431,-0.019999995827674862,-0.010000001639127731,0.0,0.03000000119209289,0.009999997913837431,-0.019999999552965164,4.0,8.0,03-23,-0.014166669609646004
01-09,-0.019999999552965164,-0.02000001072883606,0.0,0.08999998867511749,-0.10999999940395357,0.009999997913837431,-0.019999995827674862,0.0,0.0,0.03000000119209289,0.009999997913837431,-0.019999999552965164,4.0,8.0,03-24,-0.004166668280959129
01-10,0.0,-0.03999999165534973,0.0,0.06999999284744263,-0.09999999403953552,0.009999997913837431,-0.019999995827674862,0.0,0.0,0.03999999910593033,0.009999997913837431,-0.019999999552965164,4.0,8.0,03-25,-0.004166666107873122
01-11,-0.01000000536441803,-0.03999999165534973,0.02000001072883606,0.07999999821186066,-0.09999999403953552,0.009999997913837431,-0.019999995827674862,0.0,0.0,0.03000000119209289,0.0,-0.019999999552965164,4.0,8.0,03-26,-0.004166664866109689
01-12,-0.01000000536441803,-0.03000000119209289,0.02000001072883606,0.07999999821186066,-0.08000001311302185,0.009999997913837431,-0.019999995827674862,0.0,0.0,0.03000000119209289,0.009999997913837431,-0.019999999552965164,5.0,7.0,03-27,-0.0008333340908090272
01-13,-0.020000003278255463,0.05000001192092896,-0.05000001192092896,0.1300000101327896,-0.08000001311302185,0.009999997913837431,-0.019999995827674862,-0.010000001639127731,0.0,-0.009999997913837431,0.009999997913837431,-0.019999999552965164,4.0,8.0,03-28,-0.0008333337803681692
01-14,-0.020000003278255463,0.0,-0.1499999761581421,0.09000000357627869,-0.08000001311302185,0.009999997913837431,-0.009999997913837431,0.0,0.009999997913837431,-0.009999997913837431,0.009999997913837431,-0.019999999552965164,4.0,8.0,03-29,-0.014166665884355703
01-15,0.009999997913837431,0.009999990463256836,-0.1499999761581421,0.1899999976158142,-0.09999999403953552,0.009999997913837431,0.0,0.0,0.0,-0.009999997913837431,0.009999997913837431,-0.019999999552965164,5.0,7.0,03-30,-0.0041666654869914055
01-16,0.009999997913837431,0.0,-0.16999998688697815,0.1899999976158142,-0.08000001311302185,-0.009999997913837431,0.0,0.0,0.0,-0.009999997913837431,0.0,-0.019999999552965164,2.0,10.0,03-31,-0.007499999987582366
01-17,0.010000001639127731,0.0,-0.16999998688697815,0.1899999976158142,-0.08000001311302185,-0.01000000536441803,0.0,0.0,0.0,-0.019999995827674862,0.0,-0.019999999552965164,2.0,10.0,04-01,-0.008333333457509676
01-18,0.010000001639127731,0.0,-0.16999998688697815,0.18000000715255735,-0.08000001311302185,-0.020000003278255463,0.0,0.0,0.0,0.0,0.0,-0.009999999776482582,2.0,10.0,04-02,-0.007499999521921078
01-19,0.010000001639127731,0.0,-0.15000000596046448,0.20000000298023224,-0.06999999284744263,-0.01000000536441803,0.0,0.0,0.009999997913837431,0.0,-0.009999997913837431,-0.009999999776482582,3.0,9.0,04-03,-0.002499999944120645
01-20,0.010000001639127731,0.0,-0.09999999403953552,0.2199999839067459,-0.07999999821186066,-0.01000000536441803,0.0,0.0,0.009999997913837431,0.0,0.0,-0.009999999776482582,3.0,9.0,04-04,0.0033333321722845235
01-21,-0.009999997913837431,-0.02000001072883606,-0.09000000357627869,0.15000000596046448,-0.07999999821186066,-0.01000000536441803,0.0,0.009999997913837431,0.0,0.0,0.0,-0.009999999776482582,2.0,10.0,04-05,-0.005000000974784295
01-22,-0.03000000119209289,-0.02000001072883606,0.0,0.15000000596046448,-0.07999999821186066,-0.01000000536441803,-0.009999997913837431,0.009999997913837431,0.0,0.0,0.0,-0.009999999776482582,2.0,10.0,04-06,-7.761021455128987e-10
01-23,-0.03000000119209289,0.009999990463256836,0.0,0.15000000596046448,-0.10000000894069673,0.0,-0.009999997913837431,0.009999997913837431,0.0,-0.009999997913837431,0.0,-0.009999999776482582,3.0,9.0,04-07,0.0008333323833843073
01-24,-0.020000003278255463,0.03999999165534973,0.0,0.11000001430511476,-0.11000001430511476,0.01000000536441803,0.0,0.009999997913837431,0.0,-0.019999995827674862,-0.009999997913837431,-0.019999999552965164,4.0,8.0,04-08,-0.0008333334699273107
01-25,-0.020000003278255463,0.03999999165534973,0.03000000119209289,0.12999999523162842,-0.09999999403953552,0.0,0.0,0.009999997913837431,0.0,-0.05000000447034837,0.0,-0.009999999776482582,4.0,8.0,04-09,0.002499998702357213
01-26,-0.020000003278255463,0.04999998211860657,-0.06000000238418578,0.12999999523162842,-0.08999998867511749,-0.009999997913837431,0.0,0.009999997913837431,0.0,-0.0599999949336052,0.0,-0.009999999776482582,3.0,9.0,04-10,-0.005000000974784295
01-27,-0.020000003278255463,0.029999971389770508,-0.07999998331069946,0.08000001311302185,-0.06999999284744263,-0.009999997913837431,0.0,0.019999999552965164,0.0,-0.05000000447034837,0.0,-0.009999999776482582,3.0,9.0,04-11,-0.0091666664617757
01-28,-0.020000003278255463,0.06000000238418578,-0.07999998331069946,0.06000000238418578,-0.06999999284744263,-0.009999997913837431,0.0,0.010000001639127731,0.009999997913837431,-0.05000000447034837,0.0,-0.009999999776482582,4.0,8.0,04-12,-0.008333331439644098
01-29,-0.009999997913837431,0.09000000357627869,-0.019999980926513672,0.11000001430511476,-0.06000000238418578,0.0,0.0,0.0,0.009999997913837431,-0.05000000447034837,0.0,-0.009999999776482582,3.0,9.0,04-13,0.005000002526988586
01-30,0.010000001639127731,0.09000000357627869,-0.04999998211860657,0.11000001430511476,-0.07000000774860382,-0.01000000536441803,0.0,0.0,0.009999997913837431,-0.05000000447034837,0.0,-0.009999999776482582,4.0,8.0,04-14,0.0025000014963249364
01-31,0.019999999552965164,0.09000000357627869,-0.04999998211860657,0.09999999403953552,-0.07000000774860382,-0.020000003278255463,0.0,-0.010000001639127731,0.009999997913837431,-0.03999999910593033,0.0,0.0,4.0,8.0,04-15,0.0025000000993410745
02-01,0.019999999552965164,0.09000000357627869,-0.10999998450279236,0.0899999737739563,-0.08000001311302185,-0.009999997913837431,0.0,-0.010000001639127731,0.009999997913837431,-0.04999999701976776,0.0,-0.009999999776482582,4.0,8.0,04-16,-0.005000001595666011
02-02,0.019999999552965164,0.09999999403953552,-0.10000002384185792,0.06999999284744263,-0.09000000357627869,-0.009999997913837431,0.0,-0.010000001639127731,0.009999997913837431,-0.0299999937415123,-0.01000000536441803,-0.009999999776482582,4.0,8.0,04-17,-0.00500000345831116
02-03,0.019999999552965164,0.04999998211860657,-0.06999999284744263,0.02000001072883606,-0.09999999403953552,-0.009999997913837431,0.0,0.009999997913837431,0.009999997913837431,-0.009999997913837431,-0.01000000536441803,-0.009999999776482582,5.0,7.0,04-18,-0.00833333330228925
02-04,-0.010000001639127731,0.04999998211860657,-0.09000000357627869,0.06000000238418578,-0.09999999403953552,-0.009999997913837431,-0.009999997913837431,0.0,0.009999997913837431,0.0,-0.01000000536441803,-0.009999999776482582,3.0,9.0,04-19,-0.010000001483907305
02-05,0.0,0.06999999284744263,-0.12000000476837155,0.03999999165534973,-0.06999999284744263,-0.020000003278255463,0.009999997913837431,0.0,0.009999997913837431,0.0,-0.01000000536441803,-0.009999999776482582,4.0,8.0,04-20,-0.008333335475375256
02-06,0.010000001639127731,0.06000000238418578,-0.12000000476837155,0.03999999165534973,-0.07999999821186066,-0.020000003278255463,-0.009999997913837431,0.030000004917383194,0.009999997913837431,-0.019999995827674862,-0.01000000536441803,-0.009999999776482582,5.0,7.0,04-21,-0.010000000552584728
02-07,0.009999997913837431,0.06000000238418578,-0.12000000476837155,0.03000000119209289,-0.09999999403953552,-0.020000003278255463,-0.009999997913837431,0.030000004917383194,0.009999997913837431,-0.0299999937415123,-0.01000000536441803,-0.009999999776482582,5.0,7.0,04-22,-0.01333333288008968
02-08,-0.010000001639127731,0.06000000238418578,-0.09999999403953552,0.04000002145767212,-0.11000001430511476,-0.020000003278255463,-0.019999995827674862,0.030000004917383194,0.019999999552965164,-0.03999999165534973,-0.01000000536441803,-0.009999999776482582,4.0,8.0,04-23,-0.0141666647978127
02-09,-0.010000001639127731,0.0,-0.1199999749660492,0.04999998211860657,-0.10999998450279236,-0.03000000119209289,-0.019999995827674862,0.030000004917383194,0.0299999974668026,-0.0299999937415123,-0.01000000536441803,-0.009999999776482582,3.0,9.0,04-24,-0.01916666437561313
02-10,-0.010000001639127731,0.0,-0.09000000357627869,0.03999999165534973,-0.10999998450279236,-0.03000000119209289,-0.019999995827674862,0.019999999552965164,0.0299999974668026,-0.0299999937415123,-0.01000000536441803,-0.009999999776482582,3.0,9.0,04-25,-0.01833333307877183
02-11,-0.010000001639127731,0.05000001192092896,-0.12999999523162842,0.06000000238418578,-0.10999998450279236,-0.03000000119209289,-0.009999997913837431,0.030000004917383194,0.0299999974668026,-0.03999999910593033,-0.01000000536441803,-0.009999999776482582,4.0,8.0,04-26,-0.014999997336417438
02-12,0.0,-0.08000001311302185,-0.13999998569488525,0.019999980926513672,-0.12000000476837155,-0.020000003278255463,0.0,0.009999997913837431,0.019999999552965164,-0.03999999910593033,-0.01000000536441803,-0.009999999776482582,3.0,9.0,04-27,-0.03083333605900407
02-13,0.0,-0.09000000357627869,-0.1599999964237213,0.019999980926513672,-0.12000000476837155,-0.05000000447034837,0.009999997913837431,0.009999997913837431,0.019999999552965164,-0.04999999701976776,-0.01000000536441803,-0.009999999776482582,4.0,8.0,04-28,-0.03583333625768622
02-14,0.019999999552965164,-0.11000001430511476,-0.1599999964237213,0.019999980926513672,-0.07999999821186066,-0.06000000238418578,-0.009999997913837431,0.009999997913837431,0.019999999552965164,-0.03999999910593033,0.0,-0.009999999776482582,4.0,8.0,04-29,-0.03333333584790429
02-15,0.0299999974668026,-0.11000001430511476,-0.1899999976158142,0.03999999165534973,-0.04999999701976776,-0.04999999701976776,-0.009999997913837431,0.009999997913837431,0.019999999552965164,-0.0299999937415123,-0.020000003278255463,-0.009999999776482582,4.0,8.0,04-30,-0.030833334506799776
02-16,0.0299999974668026,-0.11000001430511476,-0.15000000596046448,0.0,-0.06000000238418578,-0.03000000119209289,-0.009999997913837431,0.009999997913837431,0.019999999552965164,-0.0299999937415123,-0.020000003278255463,-0.009999999776482582,3.0,9.0,05-01,-0.030000001968195036
02-17,0.0299999974668026,-0.06000000238418578,-0.18999996781349185,0.02000001072883606,-0.07000000774860382,-0.03000000119209289,-0.009999997913837431,0.019999999552965164,0.019999999552965164,-0.0299999937415123,-0.020000003278255463,-0.009999999776482582,4.0,8.0,05-02,-0.02749999721224109
02-18,0.04000000283122064,0.009999990463256836,-0.1899999976158142,0.009999990463256836,-0.07000000774860382,-0.03000000119209289,-0.009999997913837431,0.019999999552965164,0.019999999552965164,-0.0299999937415123,-0.020000003278255463,-0.009999999776482582,5.0,7.0,05-03,-0.0216666682002445
02-19,0.030000004917383194,-0.010000020265579224,-0.1899999976158142,0.06999999284744263,-0.07000000774860382,-0.03000000119209289,0.0,0.010000001639127731,0.019999999552965164,-0.0299999937415123,-0.020000003278255463,-0.009999999776482582,4.0,8.0,05-04,-0.019166668721785147
02-20,0.009999997913837431,-0.03999999165534973,-0.16999998688697815,0.06999999284744263,-0.06000000238418578,-0.03000000864267349,0.0,0.010000001639127731,0.019999999552965164,-0.0299999937415123,-0.020000003278255463,-0.009999999776482582,4.0,8.0,05-05,-0.020833332867672045
02-21,0.0,-0.03999999165534973,-0.16999998688697815,0.06999999284744263,-0.040000006556510925,-0.03000000864267349,0.0,0.010000001639127731,0.019999999552965164,-0.0299999937415123,-0.020000003278255463,-0.009999999776482582,3.0,9.0,05-06,-0.0199999997081856
02-22,0.0,-0.03999999165534973,-0.16999998688697815,0.06000000238418578,-0.0599999874830246,-0.03000000864267349,0.0,0.010000001639127731,0.009999997913837431,-0.0299999937415123,-0.03000000119209289,-0.009999999776482582,3.0,9.0,05-07,-0.024166663953413558
02-23,0.0,-0.009999990463256836,-0.1599999964237213,0.009999990463256836,-0.04999999701976776,-0.03000000864267349,0.0,0.010000001639127731,0.019999999552965164,-0.019999995827674862,-0.03000000119209289,-0.009999999776482582,3.0,9.0,05-08,-0.02249999980752667
02-24,0.0,-0.03999999165534973,-0.09000000357627869,0.0,-0.03999999165534973,-0.03000000864267349,0.009999997913837431,0.010000001639127731,0.019999999552965164,-0.019999995827674862,-0.03000000119209289,-0.009999999776482582,3.0,9.0,05-09,-0.018333332768330973
02-25,0.0299999974668026,-0.019999980926513672,-0.15000000596046448,0.010000020265579224,-0.03999999165534973,-0.03000000864267349,0.009999997913837431,0.019999999552965164,0.009999997913837431,-0.019999995827674862,-0.03000000119209289,-0.009999999776482582,5.0,7.0,05-10,-0.018333330905685823
02-26,0.019999999552965164,-0.03000000119209289,-0.0899999737739563,0.0,-0.04999999701976776,-0.04999999701976776,0.009999997913837431,0.019999999552965164,0.009999997913837431,-0.019999995827674862,-0.03000000119209289,-0.009999999776482582,4.0,8.0,05-11,-0.018333330905685823
02-27,0.019999999552965164,-0.06999999284744263,-0.1199999749660492,0.0,-0.04999999701976776,-0.040000006556510925,0.0,0.019999999552965164,0.009999997913837431,-0.019999995827674862,-0.03000000119209289,-0.009999999776482582,3.0,9.0,05-12,-0.024166664263854425
02-28,0.03999999910593033,-0.03000000119209289,-0.1199999749660492,-0.02000001072883606,-0.040000006556510925,-0.020000003278255463,0.0,0.010000001639127731,0.009999997913837431,-0.009999997913837431,-0.03000000119209289,0.009999999776482582,4.0,8.0,05-13,-0.016666666449358058
02-29,0.0,0.0,0.0,-0.010000020265579224,0.0,0.0,0.0,0.010000001639127731,0.0,0.0,0.0,-0.009999999776482582,1.0,2.0,05-14,-0.0008333348669111729
03-01,0.03999999910593033,-0.03000000119209289,-0.13999998569488525,-0.02000001072883606,-0.04999999701976776,-0.03000000864267349,0.0,0.010000001639127731,0.009999997913837431,-0.009999997913837431,-0.03000000119209289,-0.009999999776482582,3.0,9.0,05-15,-0.021666666958481073
03-02,0.03999999910593033,-0.03000000119209289,-0.09999999403953552,-0.03000000119209289,-0.0599999874830246,-0.03000000864267349,0.0,0.019999999552965164,0.0,-0.009999997913837431,-0.03000000119209289,-0.009999999776482582,2.0,10.0,05-16,-0.01999999939774473
03-03,0.03999999910593033,-0.02000001072883606,-0.06000000238418578,-0.010000020265579224,-0.04999999701976776,-0.03000000864267349,0.009999997913837431,0.010000001639127731,0.010000001639127731,-0.009999997913837431,-0.03000000119209289,-0.009999999776482582,4.0,8.0,05-17,-0.012500003135452669
03-04,0.03999999910593033,-0.06999999284744263,-0.13999998569488525,-0.04000002145767212,-0.04999999701976776,-0.03000000864267349,0.009999997913837431,0.010000001639127731,0.0299999974668026,-0.009999997913837431,-0.03000000119209289,-0.009999999776482582,4.0,8.0,05-18,-0.02416666736826301
03-05,0.03999999910593033,-0.09999999403953552,-0.20999997854232788,-0.04000002145767212,-0.03000000119209289,-0.020000003278255463,0.009999997913837431,0.010000001639127731,0.019999999552965164,-0.009999997913837431,-0.03000000119209289,-0.009999999776482582,4.0,8.0,05-19,-0.030833333265036345
03-06,0.0299999974668026,-0.11000001430511476,-0.18999996781349185,-0.03000000119209289,-0.03000000119209289,-0.020000003278255463,0.0,0.010000001639127731,0.019999999552965164,-0.009999997913837431,-0.009999997913837431,-0.009999999776482582,3.0,9.0,05-20,-0.02916666539385915
03-07,0.019999999552965164,-0.12999999523162842,-0.18999996781349185,-0.02000001072883606,-0.03000000119209289,-0.01000000536441803,-0.009999997913837431,0.010000001639127731,0.019999999552965164,-0.009999997913837431,-0.020000003278255463,0.0,3.0,9.0,05-21,-0.030833331557611626
03-08,0.0299999974668026,-0.12999999523162842,-0.16999998688697815,-0.04000002145767212,-0.02000001072883606,-0.009999997913837431,0.0,0.010000001639127731,0.019999999552965164,-0.009999997913837431,-0.009999997913837431,0.009999999776482582,4.0,8.0,05-22,-0.026666667467604082
03-09,0.0299999974668026,-0.0899999737739563,-0.12000000476837155,-0.04000002145767212,-0.03000000119209289,-0.009999997913837431,0.0,0.010000001639127731,0.019999999552965164,-0.009999997913837431,-0.009999997913837431,0.009999999776482582,4.0,8.0,05-23,-0.0199999997081856
03-10,0.009999997913837431,-0.10999998450279236,-0.09999999403953552,-0.04999999701976776,-0.03000000119209289,-0.009999997913837431,0.009999997913837431,0.010000001639127731,0.019999999552965164,0.0,-0.009999997913837431,0.009999999776482582,5.0,7.0,05-24,-0.02083333131546776
03-11,0.019999999552965164,-0.12000000476837155,-0.13999998569488525,-0.040000006556510925,-0.03000000119209289,-0.009999997913837431,0.009999997913837431,0.0,0.019999999552965164,-0.009999997913837431,-0.009999997913837431,0.009999999776482582,4.0,8.0,05-25,-0.024999999596426885
03-12,0.04000000283122064,-0.1899999976158142,-0.03999999165534973,-0.040000006556510925,-0.03999999165534973,-0.009999997913837431,0.009999997913837431,0.010000001639127731,0.019999999552965164,-0.009999997913837431,-0.009999997913837431,0.0,4.0,8.0,05-26,-0.02166666494061549
03-13,0.10000000521540643,-0.1599999964237213,-0.03000000119209289,-0.04999999701976776,-0.03000000119209289,-0.03000000119209289,0.0,0.010000001639127731,0.019999999552965164,-0.009999997913837431,-0.009999997913837431,0.0,3.0,9.0,05-27,-0.01583333220332861
03-14,0.05000000074505806,-0.16999998688697815,-0.03000000119209289,-0.030000016093254086,-0.04999999701976776,-0.03000000119209289,0.0,0.010000001639127731,0.019999999552965164,-0.009999997913837431,-0.009999997913837431,0.009999999776482582,4.0,8.0,05-28,-0.0199999997081856
03-15,0.08999999985098839,-0.16999998688697815,0.0,-0.019999995827674862,-0.04999999701976776,-0.03000000119209289,0.0,0.0,0.019999999552965164,0.0,0.0,0.009999999776482582,3.0,9.0,05-29,-0.012499998478839794
03-16,0.08999999985098839,-0.1599999964237213,0.02000001072883606,-0.05000001192092896,-0.0599999874830246,-0.020000003278255463,0.0,0.010000001639127731,0.019999999552965164,0.0,-0.009999997913837431,0.009999999776482582,5.0,7.0,05-30,-0.012499998789280651
03-17,0.08000000193715097,-0.1599999964237213,-0.03000000119209289,-0.040000006556510925,-0.06999999284744263,-0.020000003278255463,0.0,0.0,0.019999999552965164,0.0,0.0,0.009999999776482582,3.0,9.0,05-31,-0.017499999919285376
03-18,0.06999999657273293,-0.12999999523162842,-0.04999998211860657,-0.02000001072883606,-0.06999999284744263,-0.020000003278255463,0.009999997913837431,0.010000001639127731,0.019999999552965164,0.0,0.0,0.0,4.0,8.0,06-01,-0.014999999043842156
03-19,0.06999999657273293,-0.07999998331069946,-0.03000000119209289,-0.02000001072883606,-0.07999999821186066,-0.009999997913837431,0.009999997913837431,0.010000001639127731,0.019999999552965164,0.0,0.0,0.009999999776482582,5.0,7.0,06-02,-0.008333332991848389
03-20,0.09000000730156897,-0.0599999725818634,-0.03000000119209289,0.01000000536441803,-0.03999999165534973,0.0,0.0,0.0,0.019999999552965164,0.0,-0.009999997913837431,0.009999999776482582,4.0,8.0,06-03,-0.0008333292789757253
03-21,0.09000000730156897,-0.12999999523162842,-0.03000000119209289,-0.009999990463256836,-0.06999999284744263,-0.009999997913837431,0.0,0.0,0.019999999552965164,-0.009999997913837431,-0.009999997913837431,0.009999999776482582,3.0,9.0,06-04,-0.012499997237076364
03-22,0.09000000730156897,-0.12999999523162842,0.0,0.0,-0.06999999284744263,-0.019999995827674862,0.0,-0.010000001639127731,0.019999999552965164,-0.009999997913837431,0.0,0.009999999776482582,3.0,9.0,06-05,-0.00999999806905786
03-23,0.09000000730156897,-0.12999999523162842,0.0,0.009999990463256836,-0.06999999284744263,-0.009999997913837431,0.0,0.0,0.0299999974668026,-0.009999997913837431,0.0,0.009999999776482582,4.0,8.0,06-06,-0.00666666574155291
03-24,0.06000000238418578,-0.06999999284744263,-0.02000001072883606,-0.060000017285346985,-0.06999999284744263,-0.009999997913837431,0.0,0.0,0.019999999552965164,0.0,0.0,0.009999999776482582,3.0,9.0,06-07,-0.01166666749243935
03-25,0.06000000238418578,-0.13999998569488525,-0.04999998211860657,-0.060000017285346985,-0.06999999284744263,-0.009999997913837431,0.0,0.0,0.009999997913837431,0.0,0.0,0.009999999776482582,3.0,9.0,06-08,-0.02083333131546776
03-26,0.07000000029802322,-0.10999998450279236,-0.05000001192092896,-0.060000017285346985,-0.06999999284744263,-0.019999995827674862,0.0,0.0,0.009999997913837431,0.0,-0.009999997913837431,0.009999999776482582,3.0,9.0,06-09,-0.01916666685914
03-27,0.06000000238418578,-0.1199999749660492,-0.05000001192092896,-0.040000006556510925,-0.06999999284744263,-0.009999997913837431,-0.009999997913837431,0.0,0.009999997913837431,0.0,-0.009999997913837431,0.009999999776482582,3.0,9.0,06-10,-0.01916666499649485
03-28,0.07999999821186066,-0.12999999523162842,-0.05000001192092896,-0.09999999403953552,-0.06999999284744263,0.0,-0.019999995827674862,0.0,0.0,-0.009999997913837431,-0.009999997913837431,0.009999999776482582,2.0,10.0,06-11,-0.024999998975545168
03-29,0.12000000476837155,-0.12999999523162842,-0.06000000238418578,-0.14000001549720764,-0.09000000357627869,-0.009999997913837431,-0.019999995827674862,0.0,0.009999997913837431,0.0,-0.009999997913837431,0.009999999776482582,3.0,9.0,06-12,-0.026666667157163215
03-30,0.12000000476837155,-0.12000000476837155,-0.009999990463256836,-0.09999999403953552,-0.07999999821186066,-0.009999997913837431,-0.019999995827674862,0.0,0.019999999552965164,-0.009999997913837431,-0.009999997913837431,0.009999999776482582,3.0,9.0,06-13,-0.01749999774619937
03-31,0.130000002682209,-0.14000001549720764,0.0,-0.12999999523162842,-0.09000000357627869,-0.009999997913837431,-0.019999995827674862,0.0,0.0,-0.009999997913837431,-0.009999997913837431,0.0,1.0,11.0,06-14,-0.023333333432674408
04-01,0.130000002682209,-0.12999999523162842,-0.02000001072883606,-0.12999999523162842,-0.09000000357627869,0.0,-0.009999997913837431,0.0,0.0,-0.009999997913837431,-0.009999997913837431,0.0,1.0,11.0,06-15,-0.02249999965230624
04-02,0.07000000029802322,-0.12999999523162842,-0.03000000119209289,-0.12999999523162842,-0.09000000357627869,0.0,-0.009999997913837431,0.0,0.0,-0.009999997913837431,0.0,0.0,1.0,11.0,06-16,-0.027499999230106667
04-03,0.07000000029802322,-0.09999999403953552,-0.02000001072883606,-0.11000001430511476,-0.07999999821186066,0.01000000536441803,-0.009999997913837431,0.0,0.0,-0.009999997913837431,-0.009999997913837431,0.0,2.0,10.0,06-17,-0.021666667113701504
04-04,0.08000000566244125,-0.14000000059604645,-0.02000001072883606,-0.12000000476837155,-0.07000000774860382,0.01000000536441803,-0.009999997913837431,0.0,0.009999997913837431,-0.020000003278255463,-0.009999997913837431,0.009999999776482582,4.0,8.0,06-18,-0.023333334519217413
04-05,0.07000000029802322,-0.14000000059604645,-0.06000000238418578,-0.09999999403953552,-0.03999999165534973,0.0,-0.009999997913837431,0.0,0.009999997913837431,-0.009999997913837431,0.0,0.009999999776482582,3.0,9.0,06-19,-0.022499998876204092
04-06,0.07000000029802322,-0.14000000059604645,-0.07999998331069946,-0.04000002145767212,-0.04999999701976776,0.0,-0.009999997913837431,0.0,0.009999997913837431,-0.020000003278255463,-0.009999997913837431,0.009999999776482582,3.0,9.0,06-20,-0.021666666958481073
04-07,0.06000000238418578,-0.13999998569488525,-0.06999999284744263,-0.05000001192092896,-0.03999999165534973,0.0,-0.009999997913837431,-0.010000001639127731,0.009999997913837431,-0.020000003278255463,-0.009999997913837431,0.0,2.0,10.0,06-21,-0.02333333188047012
04-08,0.04999999701976776,-0.1199999749660492,-0.09000000357627869,-0.04000002145767212,-0.03999999165534973,0.01000000536441803,0.0,-0.010000001639127731,0.0,-0.03000000119209289,-0.009999997913837431,0.0,2.0,10.0,06-22,-0.02333333250135184
04-09,0.08999999612569809,-0.18000000715255735,-0.09999999403953552,-0.04000002145767212,-0.04999999701976776,0.020000003278255463,-0.009999997913837431,0.0,0.0,-0.03000000119209289,-0.009999997913837431,0.0,2.0,10.0,06-23,-0.025833334773778915
04-10,0.08000000566244125,-0.1599999964237213,-0.12000000476837155,-0.03000000119209289,-0.07999999821186066,-0.009999997913837431,-0.009999997913837431,0.0,0.0,-0.03000000119209289,-0.009999997913837431,-0.009999999776482582,1.0,11.0,06-24,-0.03166666580364108
04-11,0.0599999949336052,-0.14999999105930328,-0.12000000476837155,-0.09000000357627869,-0.06000000238418578,0.0,-0.009999997913837431,0.0,-0.009999997913837431,-0.020000003278255463,-0.009999997913837431,-0.009999999776482582,1.0,11.0,06-25,-0.03500000030423204
04-12,0.08000000566244125,-0.14999999105930328,-0.12000000476837155,-0.0599999725818634,-0.07000000774860382,0.009999997913837431,-0.009999997913837431,-0.010000001639127731,-0.009999997913837431,-0.020000003278255463,-0.009999997913837431,-0.009999999776482582,2.0,10.0,06-26,-0.03166666425143678
04-13,0.08000000566244125,-0.17000000178813934,-0.09999999403953552,-0.05000001192092896,-0.06000000238418578,0.009999997913837431,-0.009999997913837431,0.0,0.0,-0.01000000536441803,-0.009999997913837431,-0.009999999776482582,2.0,10.0,06-27,-0.027500000627090532
04-14,0.07000000774860382,-0.17000000178813934,-0.07999998331069946,-0.010000020265579224,-0.06000000238418578,0.009999997913837431,-0.009999997913837431,-0.019999999552965164,0.0,-0.01000000536441803,0.0,0.0,2.0,10.0,06-28,-0.023333333743115258
04-15,0.14000000059604645,-0.14999999105930328,-0.09000000357627869,-0.010000020265579224,-0.06000000238418578,0.009999997913837431,-0.009999997913837431,-0.010000001639127731,0.0,-0.01000000536441803,0.0,0.0,2.0,10.0,06-29,-0.01583333530773719
04-16,0.14000000432133675,-0.14000000059604645,-0.06000000238418578,-0.010000020265579224,-0.06000000238418578,0.009999997913837431,-0.009999997913837431,-0.010000001639127731,-0.009999997913837431,-0.01000000536441803,0.0,0.0,2.0,10.0,06-30,-0.013333335518836977
04-17,0.130000002682209,-0.15999998152256012,-0.03999999165534973,-0.04000002145767212,-0.06000000983476639,0.0,-0.019999995827674862,-0.010000001639127731,-0.009999997913837431,-0.01000000536441803,-0.009999997913837431,0.0,1.0,11.0,07-01,-0.019166666703919567
04-18,0.119999997317791,-0.18999998271465304,-0.03999999165534973,-0.02000001072883606,-0.05000000447034837,0.009999997913837431,-0.009999997913837431,-0.010000001639127731,-0.009999997913837431,-0.03000000119209289,-0.009999997913837431,0.0,2.0,10.0,07-02,-0.01999999924252431
04-19,0.119999997317791,-0.18999998271465304,-0.03000000119209289,-0.04000002145767212,-0.03999999910593033,0.009999997913837431,-0.009999997913837431,-0.030000004917383194,-0.009999997913837431,-0.01000000536441803,-0.019999999552965164,0.0,2.0,10.0,07-03,-0.020833334575096767
04-20,0.119999997317791,-0.17999999225139618,-0.02000001072883606,-0.03000000119209289,-0.03999999910593033,0.009999997913837431,-0.009999997913837431,-0.030000004917383194,-0.019999999552965164,-0.01000000536441803,-0.019999999552965164,0.0,2.0,10.0,07-04,-0.019166667945683
04-21,0.10999999940395357,-0.17999999225139618,-0.03000000119209289,-0.02000001072883606,-0.03999999910593033,0.009999997913837431,-0.009999997913837431,-0.019999999552965164,-0.0299999974668026,0.0,-0.009999997913837431,0.0,2.0,10.0,07-05,-0.01833333323399226
04-22,0.12999999895691872,-0.17000000178813934,-0.04999998211860657,-0.02000001072883606,-0.03999999910593033,0.009999997913837431,0.0,-0.030000004917383194,-0.0299999974668026,-0.01000000536441803,-0.009999997913837431,0.009999999776482582,3.0,9.0,07-06,-0.017500000229726236
04-23,0.12999999895691872,-0.1900000125169754,-0.019999980926513672,-0.02000001072883606,-0.03000000864267349,0.009999997913837431,0.0,-0.019999999552965164,-0.0299999974668026,-0.01000000536441803,-0.009999997913837431,0.0,2.0,10.0,07-07,-0.015833334686855476
04-24,0.1300000064074993,-0.1899999976158142,-0.03000000119209289,-0.010000020265579224,-0.040000006556510925,0.0,0.0,-0.019999999552965164,-0.0299999974668026,-0.01000000536441803,-0.009999997913837431,0.0,1.0,11.0,07-08,-0.017500001626710098
04-25,0.13999999687075615,-0.17000000178813934,-0.03000000119209289,0.03000000119209289,-0.040000006556510925,0.009999997913837431,-0.020000003278255463,-0.019999999552965164,-0.0299999974668026,0.0,-0.009999997913837431,0.0,3.0,9.0,07-09,-0.01166666764765978
04-26,0.1300000064074993,-0.17000000178813934,-0.02000001072883606,0.009999990463256836,-0.03999999910593033,0.009999997913837431,-0.020000003278255463,-0.019999999552965164,-0.010000001639127731,0.0,0.0,0.0,3.0,9.0,07-10,-0.010833335109055042
04-27,0.1300000064074993,-0.1600000113248825,0.0,0.010000020265579224,-0.05000000447034837,0.009999997913837431,-0.020000003278255463,-0.019999999552965164,-0.010000001639127731,-0.01000000536441803,-0.009999997913837431,0.0,3.0,9.0,07-11,-0.010833333246409893
04-28,0.11000000685453416,-0.14000000059604645,-0.02000001072883606,-0.010000020265579224,-0.06000000238418578,0.009999997913837431,-0.01000000536441803,-0.019999999552965164,-0.010000001639127731,-0.01000000536441803,-0.009999997913837431,0.0,2.0,10.0,07-12,-0.014166669920086859
04-29,0.07999999821186066,-0.19999998807907104,-0.04000002145767212,-0.010000020265579224,-0.06000000238418578,0.009999997913837431,-0.020000003278255463,-0.019999999552965164,-0.010000001639127731,-0.01000000536441803,-0.009999997913837431,0.0,2.0,10.0,07-13,-0.02416667031745116
04-30,0.06000000238418578,-0.22999998927116394,-0.03000000119209289,-0.010000020265579224,-0.06000000238418578,0.0,-0.020000003278255463,-0.010000001639127731,-0.010000001639127731,-0.01000000536441803,-0.009999997913837431,0.0,1.0,11.0,07-14,-0.027500001713633537
05-01,0.04999999701976776,-0.239999994635582,-0.009999990463256836,-0.02000001072883606,-0.03999999910593033,0.0,-0.03000000119209289,-0.019999999552965164,-0.010000001639127731,-0.01000000536441803,-0.009999997913837431,0.0,1.0,11.0,07-15,-0.028333333631356563
05-02,0.06000000238418578,-0.239999994635582,-0.009999990463256836,-0.06999999284744263,-0.04999999701976776,0.0,-0.03000000119209289,-0.019999999552965164,-0.010000001639127731,-0.01000000536441803,-0.009999997913837431,0.0,1.0,11.0,07-16,-0.03249999818702539
05-03,0.07000000774860382,-0.239999994635582,-0.009999990463256836,-0.06000000238418578,-0.04999999701976776,0.0,-0.03000000119209289,-0.019999999552965164,-0.019999999552965164,-0.01000000536441803,-0.009999997913837431,0.0,1.0,11.0,07-17,-0.03166666502753893
05-04,0.07000000774860382,-0.2200000137090683,-0.05000001192092896,-0.019999980926513672,-0.040000006556510925,0.009999997913837431,-0.03000000119209289,-0.010000001639127731,-0.009999997913837431,-0.01000000536441803,0.0,0.0,2.0,10.0,07-18,-0.02583333446333806
05-05,0.08000000566244125,-0.2200000137090683,-0.04000002145767212,-0.010000020265579224,-0.03000000864267349,0.009999997913837431,-0.03000000119209289,-0.010000001639127731,-0.010000001639127731,-0.020000003278255463,0.0,0.0,2.0,10.0,07-19,-0.023333339020609856
05-06,0.08000000566244125,-0.1599999964237213,-0.08000001311302185,-0.010000020265579224,-0.03000000864267349,0.009999997913837431,-0.03000000119209289,-0.019999999552965164,-0.010000001639127731,-0.03000000119209289,0.0,0.0,2.0,10.0,07-20,-0.023333336537082992
05-07,0.07000000774860382,-0.20000000298023224,-0.03000000119209289,-0.010000020265579224,-0.03999999910593033,0.0,-0.04000000283122064,-0.019999999552965164,-0.019999999552965164,-0.03000000119209289,0.0,0.0,1.0,11.0,07-21,-0.026666668243706226
05-08,0.07000000774860382,-0.1900000125169754,-0.03999999165534973,-0.010000020265579224,-0.06000000238418578,0.009999997913837431,-0.04000000283122064,-0.0299999974668026,-0.019999999552965164,-0.03000000119209289,0.0,0.0,2.0,10.0,07-22,-0.02833333518356085
05-09,0.06000000238418578,-0.1900000125169754,-0.03999999165534973,0.0,-0.04999999701976776,0.009999997913837431,-0.04000000283122064,-0.0299999974668026,-0.009999997913837431,-0.03000000119209289,0.0,-0.009999999776482582,2.0,10.0,07-23,-0.02750000000620882
05-10,0.10999999940395357,-0.1900000125169754,-0.08000001311302185,-0.019999980926513672,-0.03999999910593033,0.0,-0.04000000283122064,-0.0299999974668026,0.0,-0.03000000119209289,0.0,-0.009999999776482582,1.0,11.0,07-24,-0.027500000627090532
05-11,0.10999999940395357,-0.14000000059604645,-0.06000000238418578,-0.009999990463256836,-0.03999999910593033,0.0,-0.04000000283122064,-0.010000001639127731,-0.009999997913837431,-0.03000000119209289,0.0,-0.009999999776482582,1.0,11.0,07-25,-0.0199999997081856
05-12,0.10999999940395357,-0.16999998688697815,-0.04999998211860657,-0.009999990463256836,-0.0599999949336052,0.0,-0.04000000283122064,-0.019999999552965164,0.0,-0.03000000119209289,0.0,0.0,1.0,11.0,07-26,-0.022499996547897656
05-13,0.12000000476837155,-0.16999998688697815,-0.06000000238418578,0.02000001072883606,-0.0599999949336052,0.0,-0.04000000283122064,-0.019999999552965164,-0.019999999552965164,-0.03000000119209289,0.0,0.0,2.0,10.0,07-27,-0.02166666431973378
05-14,0.12000000476837155,-0.12999999523162842,-0.02000001072883606,0.02000001072883606,-0.05000000447034837,0.0,-0.04000000283122064,-0.019999999552965164,-0.010000001639127731,-0.03000000119209289,0.0,0.0,2.0,10.0,07-28,-0.013333333345750969
05-15,0.10000000894069673,-0.1300000101327896,-0.010000020265579224,0.010000020265579224,-0.04999999701976776,-0.009999997913837431,-0.05000000074505806,-0.019999999552965164,-0.010000001639127731,-0.03000000119209289,-0.010000001639127731,0.0,2.0,10.0,07-29,-0.017500000074505806
05-16,0.12000000476837155,-0.1300000101327896,-0.010000020265579224,0.03000000119209289,-0.040000006556510925,-0.009999997913837431,-0.04000000283122064,-0.019999999552965164,-0.019999999552965164,-0.03000000119209289,-0.010000001639127731,0.0,2.0,10.0,07-30,-0.013333336139718693
05-17,0.09000000357627869,-0.1300000101327896,0.03999999165534973,0.02000001072883606,0.12000000476837155,-0.019999995827674862,-0.04000000283122064,-0.019999999552965164,-0.019999999552965164,-0.03000000119209289,0.0,0.0,4.0,8.0,07-31,0.0008333334699273107
05-18,0.09000000357627869,-0.14000000059604645,0.03000000119209289,0.06000000238418578,0.06000000238418578,-0.019999995827674862,-0.04000000283122064,-0.019999999552965164,-0.019999999552965164,-0.03000000119209289,-0.010000001639127731,0.0,4.0,8.0,08-01,-0.003333332637945811
05-19,0.10000000149011612,-0.1300000101327896,-0.009999990463256836,0.05000001192092896,0.04999999701976776,-0.019999995827674862,-0.04000000283122064,-0.010000001639127731,-0.010000001639127731,-0.03000000119209289,-0.010000001639127731,0.0,3.0,9.0,08-02,-0.004999999577800433
05-20,0.09000000357627869,-0.12000000476837155,0.02000001072883606,0.05000001192092896,0.04999999701976776,-0.009999997913837431,-0.04000000283122064,-0.010000001639127731,-0.010000001639127731,-0.03000000119209289,-0.010000001639127731,-0.009999999776482582,4.0,8.0,08-03,-0.002499999012798071
05-21,0.08999999612569809,-0.10000000894069673,0.02000001072883606,0.05000001192092896,0.0599999874830246,-0.009999997913837431,-0.04000000283122064,0.0,-0.019999999552965164,-0.03000000119209289,-0.010000001639127731,0.0,4.0,8.0,08-04,0.0008333328490455947
05-22,0.03999999165534973,-0.0599999874830246,-0.009999990463256836,0.07999999821186066,0.04999999701976776,0.0,-0.030000004917383194,0.010000001639127731,-0.019999999552965164,-0.03000000119209289,-0.010000001639127731,0.0,4.0,8.0,08-05,0.001666666939854622
05-23,0.07000000029802322,-0.06999999284744263,-0.009999990463256836,0.04999999701976776,0.06999999284744263,0.0,-0.030000004917383194,0.010000001639127731,-0.019999999552965164,-0.020000003278255463,-0.010000001639127731,0.0,4.0,8.0,08-06,0.0033333332588275275
05-24,0.08000000566244125,-0.06999999284744263,-0.09999999403953552,0.060000017285346985,0.06999999284744263,0.009999997913837431,-0.04000000283122064,0.0,-0.019999999552965164,-0.03000000119209289,-0.019999999552965164,0.0,4.0,8.0,08-07,-0.004999998025596142
05-25,0.08000000566244125,-0.06999999284744263,-0.12000000476837155,0.06000000238418578,0.04999999701976776,0.009999997913837431,-0.04000000283122064,0.0,-0.019999999552965164,-0.020000003278255463,-0.010000001639127731,0.0,4.0,8.0,08-08,-0.006666666828095913
05-26,0.08000000566244125,-0.04999999701976776,-0.09999999403953552,0.0599999874830246,0.04999999701976776,0.009999997913837431,-0.04000000283122064,0.0,-0.019999999552965164,-0.03000000119209289,-0.010000001639127731,0.0,4.0,8.0,08-09,-0.004166667349636555
05-27,0.04999999701976776,-0.07000000774860382,-0.14000001549720764,0.04999999701976776,0.04999999701976776,0.009999997913837431,-0.04000000283122064,-0.010000001639127731,-0.010000001639127731,-0.03000000119209289,-0.010000001639127731,0.0,4.0,8.0,08-10,-0.012500003601113956
05-28,0.09000000357627869,-0.02000001072883606,-0.1599999964237213,0.04999999701976776,0.04999999701976776,-0.009999997913837431,-0.04000000283122064,-0.010000001639127731,-0.019999999552965164,-0.03000000119209289,-0.010000001639127731,0.009999999776482582,4.0,8.0,08-11,-0.008333334544052681
05-29,0.20000001788139346,-0.08000001311302185,-0.12999999523162842,0.04999999701976776,0.06999999284744263,-0.009999997913837431,-0.05000000074505806,-0.010000001639127731,-0.019999999552965164,-0.03000000119209289,-0.019999999552965164,0.0,3.0,9.0,08-12,-0.0025000000993410745
05-30,0.19999998807907104,-0.11000001430511476,-0.12999999523162842,0.03999999165534973,0.06999999284744263,-0.009999997913837431,-0.04000000283122064,-0.010000001639127731,-0.019999999552965164,-0.03000000119209289,-0.010000001639127731,0.0,3.0,9.0,08-13,-0.0041666701436042786
05-31,0.25,-0.11000001430511476,-0.12999999523162842,0.05000001192092896,0.07999999821186066,0.0,-0.04000000283122064,-0.010000001639127731,-0.019999999552965164,-0.020000003278255463,-0.010000001639127731,0.0,3.0,9.0,08-14,0.003333332637945811
06-01,0.25,-0.11000001430511476,-0.13999998569488525,0.05000001192092896,0.04999999701976776,0.0,-0.04000000283122064,0.0,-0.019999999552965164,-0.03000000119209289,-0.019999999552965164,0.0,3.0,9.0,08-15,-0.0008333328490455947
06-02,0.25,-0.04999999701976776,-0.12999999523162842,0.02000001072883606,0.06999999284744263,0.0,-0.04000000283122064,0.0,-0.0299999974668026,-0.020000003278255463,-0.019999999552965164,0.0,3.0,9.0,08-16,0.004166667349636555
06-03,0.25999999046325684,-0.05000001192092896,-0.13999998569488525,0.02000001072883606,0.06999999284744263,0.009999997913837431,-0.05000000447034837,-0.009999997913837431,-0.019999999552965164,-0.020000003278255463,-0.019999999552965164,0.0,4.0,8.0,08-17,0.004166665797432263
06-04,0.2900000065565109,-0.04000002145767212,-0.09000000357627869,0.02000001072883606,0.06999999284744263,0.0,-0.05000000447034837,0.0,-0.010000001639127731,-0.020000003278255463,-0.010000001639127731,0.0,3.0,9.0,08-18,0.013333331172664959
06-05,0.26000000536441803,0.019999980926513672,-0.09999999403953552,0.040000006556510925,0.06999999284744263,0.019999995827674862,-0.05000000447034837,0.0,-0.010000001639127731,-0.03000000119209289,-0.010000001639127731,0.0,5.0,7.0,08-19,0.017499998211860657
06-06,0.26000000536441803,0.03000000119209289,-0.09999999403953552,0.030000016093254086,0.06999999284744263,0.009999997913837431,-0.05000000447034837,0.0,0.0,-0.03000000119209289,-0.010000001639127731,0.0,5.0,7.0,08-20,0.01750000100582838
06-07,0.2799999862909317,0.03000000119209289,-0.07999998331069946,-0.009999990463256836,0.07999999821186066,0.009999997913837431,-0.05000000447034837,0.0,-0.009999997913837431,-0.020000003278255463,-0.010000001639127731,0.0,4.0,8.0,08-21,0.01833333354443312
06-08,0.2799999862909317,0.03000000119209289,-0.10999998450279236,0.02000001072883606,0.10000000894069673,0.0,-0.05000000447034837,0.010000001639127731,-0.009999997913837431,-0.03000000119209289,-0.010000001639127731,0.0,5.0,7.0,08-22,0.01916666825612386
06-09,0.25999999046325684,0.07000002264976501,-0.13999998569488525,-0.06999999284744263,0.09000000357627869,0.0,-0.05000000447034837,0.010000001639127731,-0.010000001639127731,-0.020000003278255463,-0.010000001639127731,0.0,4.0,8.0,08-23,0.010833335729936758
06-10,0.20000000298023224,0.07000002264976501,-0.13999998569488525,-0.06999999284744263,0.09000000357627869,0.0,-0.05000000447034837,0.0,0.0,-0.01000000536441803,-0.010000001639127731,0.0,3.0,9.0,08-24,0.006666669932504496
06-11,0.20999999344348907,0.06000000238418578,-0.10999998450279236,-0.06999999284744263,0.07999999821186066,0.009999997913837431,-0.05000000447034837,0.0,0.0,-0.01000000536441803,-0.010000001639127731,0.0,4.0,8.0,08-25,0.009166666927436987
06-12,0.20999999344348907,0.02000001072883606,-0.12999999523162842,-0.04999998211860657,0.07000000774860382,0.0,-0.05000000447034837,0.0,0.0,-0.01000000536441803,-0.010000001639127731,0.0,3.0,9.0,08-26,0.0041666685913999855
06-13,0.20999999344348907,0.0,-0.12999999523162842,-0.03000000119209289,0.07000000774860382,0.01000000536441803,-0.05000000447034837,0.0,0.0,-0.01000000536441803,-0.019999999552965164,0.0,3.0,9.0,08-27,0.004166666728754838
06-14,0.17000000178813934,0.0,-0.12999999523162842,-0.03000000119209289,0.06000000238418578,0.0,-0.05000000447034837,0.0,0.0,0.0,-0.019999999552965164,0.0,2.0,10.0,08-28,3.104408582051596e-10
06-15,0.17000000178813934,-0.03000000119209289,-0.13999998569488525,0.009999990463256836,0.019999995827674862,0.0,-0.05000000447034837,0.0,0.0,-0.01000000536441803,-0.019999999552965164,0.0,3.0,9.0,08-29,-0.004166667349636555
06-16,0.1599999964237213,0.030000016093254086,-0.14000000059604645,0.010000020265579224,0.0599999874830246,0.0,-0.05000000447034837,-0.009999997913837431,0.0,-0.009999997913837431,-0.019999999552965164,0.0,4.0,8.0,08-30,0.0025000016515453662
06-17,0.20999999344348907,0.009999990463256836,-0.11000001430511476,0.02000001072883606,0.0599999874830246,0.0,-0.05000000447034837,-0.009999997913837431,0.0,-0.009999997913837431,-0.019999999552965164,0.0,4.0,8.0,08-31,0.008333330663541952
06-18,0.2200000062584877,-0.02000001072883606,-0.05000001192092896,0.02000001072883606,0.06999999284744263,0.0,-0.05000000074505806,-0.009999997913837431,-0.009999997913837431,-0.009999997913837431,-0.019999999552965164,0.0,3.0,9.0,09-01,0.011666666095455488
06-19,0.15000000596046448,0.05000001192092896,-0.06000000238418578,0.03000000119209289,0.0599999874830246,0.01000000536441803,-0.04000000283122064,-0.009999997913837431,-0.009999997913837431,-0.009999997913837431,-0.019999999552965164,0.0,5.0,7.0,09-02,0.012500001117587093
06-20,0.16999998688697815,0.06000000238418578,-0.06000000238418578,0.02000001072883606,0.03000000119209289,0.020000003278255463,-0.04000000283122064,-0.009999997913837431,0.0,0.0,-0.019999999552965164,0.0,5.0,7.0,09-03,0.014166666815678278
06-21,0.18000000715255735,0.06000000238418578,-0.08000001311302185,0.03000000119209289,0.040000006556510925,0.01000000536441803,-0.05000000447034837,-0.009999997913837431,0.0,-0.009999997913837431,-0.019999999552965164,0.0,5.0,7.0,09-04,0.012500000807146227
06-22,0.18000000715255735,0.06000000238418578,-0.06000000238418578,0.0,0.040000006556510925,0.01000000536441803,-0.05000000447034837,-0.009999997913837431,0.009999997913837431,-0.009999997913837431,-0.019999999552965164,0.0,5.0,7.0,09-05,0.012500001428027948
06-23,0.20000001788139346,0.04999999701976776,-0.060000017285346985,0.0,0.03000000119209289,0.01000000536441803,-0.05000000447034837,-0.009999997913837431,0.0,-0.009999997913837431,-0.019999999552965164,0.0,4.0,8.0,09-06,0.011666667026778064
06-24,0.18000000715255735,0.04999999701976776,-0.07999999821186066,0.0,0.03000000119209289,0.01000000536441803,-0.05000000447034837,0.0,-0.009999997913837431,-0.009999997913837431,-0.019999999552965164,0.0,4.0,8.0,09-07,0.00833333438883225
06-25,0.09999999403953552,0.04999999701976776,-0.06000000238418578,0.0,0.03000000119209289,0.01000000536441803,-0.05000000447034837,0.0,-0.009999997913837431,-0.009999997913837431,-0.019999999552965164,0.0,4.0,8.0,09-08,0.003333332948386669
06-26,0.14999999105930328,0.0,-0.06000000238418578,0.0,0.03000000119209289,0.0,-0.05000000447034837,0.0,-0.009999997913837431,-0.009999997913837431,-0.0299999974668026,0.0,2.0,10.0,09-09,0.0016666660085320473
06-27,0.20999999344348907,0.0,-0.06000000238418578,0.02000001072883606,0.020000003278255463,0.009999997913837431,-0.05000000447034837,0.0,-0.009999997913837431,-0.009999997913837431,-0.019999999552965164,0.0,4.0,8.0,09-10,0.009166666927436987
06-28,0.2499999850988388,0.0,-0.06999999284744263,0.010000020265579224,0.03999999910593033,0.0,-0.05000000447034837,0.0,0.009999997913837431,0.0,-0.019999999552965164,0.0,4.0,8.0,09-11,0.014166667126119137
06-29,0.2499999850988388,0.009999990463256836,-0.1300000101327896,0.02000001072883606,0.03000000864267349,0.0,-0.05000000447034837,0.0,0.009999997913837431,-0.009999997913837431,-0.009999997913837431,0.0,5.0,7.0,09-12,0.009999998534719149
06-30,0.25999999046325684,0.04999999701976776,-0.10000000894069673,0.04000002145767212,0.03000000864267349,0.0,-0.05000000447034837,0.0,0.009999997913837431,-0.020000003278255463,-0.019999999552965164,0.0,5.0,7.0,09-13,0.0166666666045785
07-01,0.25,0.04999999701976776,-0.060000017285346985,0.04000002145767212,0.03000000864267349,0.0,-0.05000000447034837,0.0,0.009999997913837431,-0.030000004917383194,-0.019999999552965164,-0.009999999776482582,5.0,7.0,09-14,0.017499999919285376
07-02,0.22999998927116394,0.01000000536441803,-0.08000001311302185,0.04000002145767212,0.03000000864267349,0.03999999910593033,-0.05000000447034837,0.0,0.009999997913837431,-0.030000004917383194,-0.03000000119209289,0.0,6.0,6.0,09-15,0.01416666650523742
07-03,0.22999998927116394,0.03000000119209289,-0.09000001847743988,0.04000002145767212,0.040000006556510925,0.10000000149011612,-0.05000000447034837,0.0,0.009999997913837431,-0.019999999552965164,-0.03000000119209289,0.0,6.0,6.0,09-16,0.02166666618237893
07-05,0.1899999976158142,0.03000000119209289,-0.09000001847743988,0.06999999284744263,0.019999995827674862,0.07999999821186066,-0.05000000447034837,0.0,0.009999997913837431,-0.0299999974668026,-0.03000000119209289,0.0,6.0,6.0,09-18,0.016666663500169914
07-06,0.1899999976158142,0.03000000119209289,-0.06999999284744263,0.06999999284744263,0.009999997913837431,0.06000000238418578,-0.05000000447034837,-0.009999997913837431,0.0,-0.019999999552965164,-0.0299999974668026,0.0,5.0,7.0,09-19,0.014999999975164732
07-07,0.18000000715255735,0.01000000536441803,-0.06999999284744263,0.10999998450279236,0.03000000864267349,0.06000000238418578,-0.03999999910593033,-0.009999997913837431,0.0,-0.019999999552965164,-0.0299999974668026,0.0,5.0,7.0,09-20,0.01833333509663741
07-08,0.2699999809265137,0.01000000536441803,-0.06999999284744263,0.07999998331069946,0.03000000864267349,0.07000000029802322,-0.03999999910593033,-0.009999997913837431,0.010000001639127731,-0.019999999552965164,-0.0299999974668026,0.0,6.0,6.0,09-21,0.02499999944120645
07-09,0.3800000250339508,-0.01000000536441803,-0.04999999701976776,0.07999998331069946,0.03000000864267349,0.05000000447034837,-0.03000000119209289,-0.009999997913837431,0.010000001639127731,-0.019999999552965164,-0.019999999552965164,0.0,5.0,7.0,09-22,0.03416666854172945
07-10,0.5100000202655792,-0.019999995827674862,-0.04999999701976776,0.09000000357627869,0.040000006556510925,0.03000000119209289,-0.03000000119209289,-0.009999997913837431,0.010000001639127731,-0.019999999552965164,-0.019999999552965164,0.0,5.0,7.0,09-23,0.04416667018085718
07-11,0.5099999755620956,-0.01000000536441803,-0.04999999701976776,0.08000001311302185,0.03000000864267349,0.040000006556510925,-0.03000000119209289,-0.009999997913837431,0.010000001639127731,-0.019999999552965164,-0.019999999552965164,0.0,5.0,7.0,09-24,0.0441666670764486
07-12,0.4299999922513962,-0.01000000536441803,-0.040000006556510925,0.07999998331069946,0.03000000119209289,0.05000000447034837,-0.03000000119209289,-0.009999997913837431,0.010000001639127731,-0.019999999552965164,-0.03000000119209289,0.0,5.0,7.0,09-25,0.03833333092431227
07-13,0.4299999922513962,0.0,-0.08000001311302185,0.09000000357627869,0.040000006556510925,0.05000000447034837,-0.03000000119209289,0.0,0.009999997913837431,-0.019999999552965164,-0.03000000119209289,0.0,5.0,7.0,09-26,0.03833333247651657
07-14,0.4299999922513962,0.0,-0.04999999701976776,0.07999998331069946,0.03000000119209289,0.05000000447034837,-0.03000000119209289,0.0,0.019999999552965164,-0.019999999552965164,-0.03000000119209289,0.0,5.0,7.0,09-27,0.039999998485048614
07-15,0.4099999964237213,0.0,-0.08999998867511749,0.04999998211860657,0.03000000119209289,0.05000000447034837,-0.03000000119209289,-0.009999997913837431,0.010000001639127731,-0.019999999552965164,-0.03000000119209289,0.0,5.0,7.0,09-28,0.030833333109815918
07-16,0.41999998688697815,-0.01000000536441803,-0.07999999821186066,0.04999998211860657,0.03000000119209289,0.040000006556510925,-0.03000000119209289,-0.009999997913837431,0.010000001639127731,-0.019999999552965164,-0.03000000119209289,0.0,5.0,7.0,09-29,0.03083333124717076
07-17,0.429999977350235,0.0,-0.08999998867511749,0.06000000238418578,0.020000003278255463,0.03999999910593033,-0.019999999552965164,0.0,0.010000001639127731,-0.019999999552965164,-0.040000000968575485,0.0,5.0,7.0,09-30,0.03249999958400925
07-18,0.5300000011920929,0.009999990463256836,-0.08999998867511749,0.08000001311302185,0.03000000119209289,0.03999999910593033,-0.019999999552965164,0.0,0.010000001639127731,-0.010000001639127731,-0.040000000968575485,0.0,6.0,6.0,10-01,0.045000001322478056
07-19,0.4999999701976776,0.009999990463256836,-0.08999998867511749,0.06000000238418578,0.019999995827674862,0.03999999910593033,-0.019999999552965164,0.0,0.019999999552965164,-0.019999999552965164,-0.040000000968575485,0.0,6.0,6.0,10-02,0.039999997398505606
07-20,0.4999999701976776,0.0,-0.07999999821186066,0.07999998331069946,0.009999997913837431,0.05000000447034837,-0.019999999552965164,0.009999997913837431,0.0,-0.010000001639127731,-0.03000000119209289,0.0,5.0,7.0,10-03,0.042499996100862816
07-21,0.5099999755620956,-0.009999990463256836,-0.09000000357627869,0.09999999403953552,0.020000003278255463,0.05000000447034837,-0.019999999552965164,-0.009999997913837431,0.009999997913837431,-0.010000001639127731,-0.03000000119209289,0.0,5.0,7.0,10-04,0.04333333174387614
07-22,0.3899999856948853,-0.01000000536441803,-0.09000001847743988,0.07999998331069946,0.020000003278255463,0.05000000447034837,-0.029999999329447743,-0.009999997913837431,0.0,-0.010000001639127731,-0.03000000119209289,0.0,4.0,8.0,10-05,0.02999999606981873
07-23,0.43999998271465296,-0.019999995827674862,-0.12000000476837155,0.07999998331069946,0.020000003278255463,0.03999999910593033,-0.029999999329447743,0.009999997913837431,0.0,-0.010000001639127731,-0.03000000119209289,0.009999999776482582,6.0,6.0,10-06,0.032499996945261955
07-24,0.4100000113248825,-0.019999995827674862,-0.09000000357627869,0.07999998331069946,0.0299999937415123,0.03999999910593033,-0.029999999329447743,0.0,0.0,-0.010000001639127731,-0.03000000119209289,0.009999999776482582,5.0,7.0,10-07,0.032499998807907104
07-25,0.3999999761581421,-0.019999995827674862,-0.09000000357627869,0.06000000238418578,0.019999995827674862,0.07999999821186066,-0.02000000141561032,0.0,0.009999997913837431,-0.010000001639127731,-0.019999999552965164,0.02000000141561032,6.0,6.0,10-08,0.0358333308249712
07-26,0.4200000166893005,-0.019999995827674862,-0.12000000476837155,0.06000000238418578,0.009999997913837431,0.07000000774860382,-0.02000000141561032,0.0,0.0,-0.010000001639127731,-0.019999999552965164,0.02000000141561032,5.0,7.0,10-09,0.03250000191231569
07-27,0.4200000166893005,-0.009999990463256836,-0.12999999523162842,0.09000000357627869,-0.15000000596046448,0.06000000238418578,-0.02000000141561032,0.0,0.009999997913837431,-0.010000001639127731,-0.03000000119209289,0.02000000141561032,5.0,7.0,10-10,0.020833335506419345
07-28,0.4000000208616257,-0.009999990463256836,-0.14000001549720764,0.02000001072883606,-0.15000000596046448,0.06000000238418578,-0.02000000141561032,0.0,0.019999999552965164,-0.010000001639127731,-0.03000000119209289,0.02000000141561032,5.0,7.0,10-11,0.01333333489795526
07-29,0.41999997198581696,0.0,-0.10000000894069673,0.04000002145767212,-0.15000000596046448,0.06000000238418578,-0.010000001639127731,0.0,0.010000001639127731,-0.010000001639127731,-0.03000000119209289,0.02000000141561032,5.0,7.0,10-12,0.020833331625908613
07-30,0.4599999934434891,0.0599999874830246,-0.1600000113248825,0.04000002145767212,-0.09000000357627869,0.06000000238418578,-0.029999999329447743,-0.009999997913837431,0.0,-0.010000001639127731,-0.019999999552965164,0.029999999329447743,5.0,7.0,10-13,0.027499999230106667
07-31,0.4399999976158142,0.01000000536441803,-0.1600000113248825,0.05000001192092896,-0.07999999821186066,0.07000000774860382,-0.019999999552965164,-0.009999997913837431,0.0,-0.010000001639127731,-0.019999999552965164,0.04999999888241291,5.0,7.0,10-14,0.02666666777804494
08-01,0.44999998807907104,-0.009999990463256836,-0.1600000113248825,0.03000000119209289,-0.08000000566244125,0.06000000238418578,-0.019999999552965164,-0.009999997913837431,0.0,-0.010000001639127731,-0.019999999552965164,0.02000000141561032,4.0,8.0,10-15,0.02083333224679033
08-02,0.4100000262260437,-0.009999990463256836,-0.1600000113248825,0.07000002264976501,-0.08999999612569809,0.06000000238418578,-0.029999999329447743,-0.009999997913837431,0.009999997913837431,-0.010000001639127731,-0.019999999552965164,0.029999999329447743,5.0,7.0,10-16,0.020833337679505348
08-03,0.4100000262260437,0.0,-0.10000000894069673,0.06000000238418578,-0.08999999612569809,0.06000000238418578,-0.029999999329447743,-0.019999999552965164,0.009999997913837431,-0.010000001639127731,-0.019999999552965164,0.029999999329447743,5.0,7.0,10-17,0.02500000192473332
08-04,0.43000002205371857,0.019999995827674862,-0.08999998867511749,0.09000000357627869,-0.08999999612569809,0.06000000238418578,-0.029999999329447743,-0.019999999552965164,0.009999997913837431,0.020000003278255463,-0.019999999552965164,0.029999999329447743,7.0,5.0,10-18,0.03416667009393374
08-05,0.4200000166893005,0.009999990463256836,-0.1300000101327896,0.05000001192092896,-0.08999999612569809,0.05000000447034837,-0.02000000141561032,-0.009999997913837431,0.0,0.009999997913837431,-0.019999999552965164,0.02000000141561032,6.0,6.0,10-19,0.02416666814436515
08-06,0.3799999952316284,0.0599999874830246,-0.04999999701976776,0.05000001192092896,-0.08000000566244125,0.03999999910593033,-0.010000001639127731,-0.009999997913837431,0.0,0.009999997913837431,-0.019999999552965164,0.02000000141561032,6.0,6.0,10-20,0.03249999927356838
08-07,0.3900000154972077,-0.019999995827674862,-0.10999998450279236,0.04000002145767212,-0.06000000238418578,0.04999999701976776,-0.019999999552965164,-0.009999997913837431,0.0,0.009999997913837431,-0.019999999552965164,0.02000000141561032,5.0,7.0,10-21,0.02250000446413954
08-08,0.25999996066093445,0.009999990463256836,-0.10999998450279236,0.08000001311302185,-0.07999999821186066,0.04999999701976776,0.0,-0.009999997913837431,-0.009999997913837431,0.009999997913837431,-0.019999999552965164,0.02000000141561032,6.0,6.0,10-22,0.01666666520759463
08-09,0.25999996066093445,0.009999990463256836,-0.09999999403953552,0.06000000238418578,-0.07999999821186066,0.040000006556510925,-0.010000001639127731,-0.009999997913837431,0.0,0.009999997913837431,-0.019999999552965164,0.02000000141561032,6.0,6.0,10-23,0.014999997336417438
08-10,0.25999996066093445,0.009999990463256836,-0.07999999821186066,0.06999999284744263,-0.07999999821186066,0.040000006556510925,-0.010000001639127731,-0.009999997913837431,0.0,0.0,-0.029999999329447743,0.02000000141561032,5.0,7.0,10-24,0.015833329719801743
08-11,0.2399999797344208,0.03999999165534973,-0.08000001311302185,0.04999998211860657,-0.09000000357627869,0.040000006556510925,-0.010000001639127731,-0.009999997913837431,0.009999997913837431,0.0,-0.029999999329447743,0.02000000141561032,6.0,6.0,10-25,0.014999995318551859
08-12,0.21000000834465027,0.04999999701976776,-0.10000000894069673,0.04999998211860657,-0.09000000357627869,0.03000000864267349,-0.010000001639127731,-0.009999997913837431,0.009999997913837431,0.0,-0.029999999329447743,0.02000000141561032,6.0,6.0,10-26,0.01083333200464646
08-13,0.1300000250339508,0.09999999403953552,-0.05000001192092896,0.04999998211860657,-0.07000000774860382,0.03000000864267349,0.0,0.0,0.009999997913837431,0.0,-0.029999999329447743,0.02000000141561032,6.0,6.0,10-27,0.01583333251376947
08-14,0.0899999737739563,0.05000001192092896,-0.05000001192092896,0.06999999284744263,-0.07999999821186066,0.03000000864267349,0.0,0.009999997913837431,0.009999997913837431,0.0,-0.029999999329447743,0.02000000141561032,7.0,5.0,10-28,0.009999997913837431
08-15,0.07999998331069946,0.08000001311302185,-0.05000001192092896,0.06999999284744263,-0.09000000357627869,0.02000001072883606,0.0,0.009999997913837431,0.009999997913837431,0.0,-0.019999999552965164,0.02000000141561032,7.0,5.0,10-29,0.010833331849426031
08-16,0.019999980926513672,0.08000001311302185,-0.09000000357627869,0.07999998331069946,-0.07999999821186066,0.01000000536441803,0.0,0.0,0.0,0.009999997913837431,-0.019999999552965164,0.009999999776482582,6.0,6.0,10-30,0.0016666649219890435
08-17,0.019999980926513672,0.05000001192092896,-0.07000000774860382,0.04999998211860657,-0.09000000357627869,0.01000000536441803,0.0,-0.009999997913837431,0.009999997913837431,0.009999997913837431,-0.019999999552965164,0.009999999776482582,7.0,5.0,10-31,-0.002500002738088369
08-18,0.019999980926513672,0.06999999284744263,-0.040000006556510925,0.06999999284744263,-0.09000000357627869,0.01000000536441803,0.0,-0.010000001639127731,0.009999997913837431,0.009999997913837431,-0.029999999329447743,0.009999999776482582,7.0,5.0,11-01,0.002499996374050776
08-19,0.05000001192092896,0.019999980926513672,-0.02000001072883606,0.03000000119209289,-0.09000000357627869,0.01000000536441803,0.010000001639127731,-0.019999999552965164,0.0,0.009999997913837431,-0.029999999329447743,0.009999999776482582,7.0,5.0,11-02,-0.0016666678711771965
08-20,0.09000000357627869,0.0599999725818634,-0.010000020265579224,0.03000000119209289,-0.09000000357627869,0.009999997913837431,0.010000001639127731,-0.009999997913837431,0.0,0.009999997913837431,-0.029999999329447743,0.009999999776482582,7.0,5.0,11-03,0.006666662792364757
08-21,0.08000001311302185,0.09000000357627869,-0.02000001072883606,0.03999999165534973,-0.07999999821186066,0.0,0.010000001639127731,-0.009999997913837431,0.0,0.009999997913837431,-0.019999999552965164,0.009999999776482582,6.0,6.0,11-04,0.009166666772216558
08-22,0.15000000596046448,0.06000000238418578,-0.02000001072883606,0.06000000238418578,-0.040000006556510925,0.0,0.010000001639127731,-0.009999997913837431,0.0,0.0,-0.019999999552965164,0.009999999776482582,5.0,7.0,11-05,0.016666666449358058
08-23,0.17999997735023499,0.06000000238418578,-0.02000001072883606,0.07000002264976501,-0.04999999701976776,-0.02000001072883606,0.0,-0.009999997913837431,0.0,0.0,-0.010000001639127731,0.009999999776482582,4.0,8.0,11-06,0.017499998677521944
08-24,0.17999997735023499,0.09999999403953552,0.0,0.05000001192092896,-0.04999999701976776,-0.02000001072883606,0.0,-0.009999997913837431,0.0,0.0,-0.010000001639127731,0.009999999776482582,4.0,8.0,11-07,0.02083333131546776
08-25,0.17999997735023499,0.12999999523162842,-0.01000000536441803,0.04000002145767212,-0.03999999165534973,-0.02000001072883606,0.0,-0.009999997913837431,0.0,0.0,-0.010000001639127731,0.009999999776482582,4.0,8.0,11-08,0.022499998876204092
08-26,0.2699999809265137,0.12999999523162842,0.0299999862909317,0.0,-0.03999999165534973,-0.01000000536441803,0.010000001639127731,0.0,0.0,0.0,-0.010000001639127731,0.009999999776482582,5.0,7.0,11-09,0.03249999710048238
08-27,0.20000001788139346,0.16999998688697815,-0.01000000536441803,0.0,-0.019999995827674862,-0.01000000536441803,0.0,0.0,0.0,0.0,-0.010000001639127731,0.009999999776482582,3.0,9.0,11-10,0.027499999695767958
08-28,0.20000001788139346,0.1899999976158142,-0.019999995827674862,-0.010000020265579224,-0.0599999874830246,-0.01000000536441803,-0.010000001639127731,0.0,0.0,0.009999997913837431,-0.010000001639127731,0.009999999776482582,4.0,8.0,11-11,0.02416666674738129
08-29,0.21999996900558472,0.22999998927116394,-0.019999995827674862,-0.009999990463256836,-0.01000000536441803,-0.01000000536441803,-0.010000001639127731,0.0,0.0,0.009999997913837431,-0.010000001639127731,0.009999999776482582,4.0,8.0,11-12,0.03333332963908712
08-30,0.15000000596046448,0.22999998927116394,-0.0299999862909317,-0.009999990463256836,-0.02000001072883606,-0.01000000536441803,-0.010000001639127731,0.0,0.009999997913837431,0.009999997913837431,-0.010000001639127731,0.009999999776482582,5.0,7.0,11-13,0.026666666225840647
08-31,0.15000000596046448,0.20999997854232788,-0.040000006556510925,0.019999980926513672,-0.019999995827674862,-0.01000000536441803,-0.010000001639127731,0.0,0.0,0.009999997913837431,-0.010000001639127731,0.009999999776482582,5.0,7.0,11-14,0.025833329341063898
09-01,0.14000001549720764,0.2199999988079071,-0.019999995827674862,0.02000001072883606,-0.019999995827674862,-0.01000000536441803,-0.010000001639127731,0.0,0.0,0.009999997913837431,-0.010000001639127731,0.009999999776482582,5.0,7.0,11-15,0.027500001868853968
09-02,0.1199999749660492,0.21000000834465027,-0.040000006556510925,0.0,-0.019999995827674862,-0.01000000536441803,0.0,-0.009999997913837431,0.009999997913837431,0.0,-0.010000001639127731,0.009999999776482582,4.0,8.0,11-16,0.02166666447495421
09-03,0.12999999523162842,0.18000000715255735,-0.04999999701976776,0.0,-0.019999995827674862,-0.01000000536441803,0.0,-0.009999997913837431,0.0,0.0,-0.010000001639127731,0.029999999329447743,3.0,9.0,11-17,0.02000000032906731
09-04,0.15000000596046448,0.17000000178813934,-0.04999999701976776,0.0,-0.019999995827674862,0.0,0.0,-0.009999997913837431,0.0,0.0,-0.010000001639127731,0.02000000141561032,3.0,9.0,11-18,0.0208333347303172
09-05,0.1199999749660492,0.20000000298023224,-0.04999999701976776,-0.009999990463256836,-0.019999995827674862,0.03000000119209289,0.0,-0.009999997913837431,0.0,0.0,-0.010000001639127731,0.02000000141561032,4.0,8.0,11-19,0.02249999980752667
09-06,0.09000000357627869,0.20000000298023224,-0.04999999701976776,-0.02000001072883606,0.0,0.02000001072883606,0.0,-0.009999997913837431,0.0,0.0,-0.010000001639127731,0.02000000141561032,4.0,8.0,11-20,0.020000000949949026
09-07,0.09000000357627869,0.20000000298023224,-0.06000000238418578,-0.02000001072883606,-0.019999995827674862,0.02000001072883606,0.0,-0.009999997913837431,0.0,0.009999997913837431,0.0,0.02000000141561032,5.0,7.0,11-21,0.019166667480021715
09-08,0.09000000357627869,0.239999994635582,-0.019999995827674862,-0.03000000119209289,-0.03000000119209289,0.02000001072883606,0.0,-0.009999997913837431,0.0,0.009999997913837431,0.0,0.02000000141561032,5.0,7.0,11-22,0.024166667678703863
09-09,0.04000002145767212,0.19999998807907104,-0.03999999165534973,-0.03999999165534973,-0.03000000119209289,0.02000001072883606,0.0,-0.009999997913837431,0.0,0.009999997913837431,0.0,0.02000000141561032,5.0,7.0,11-23,0.01416666976486643
09-10,0.03999999165534973,0.17000001668930054,-0.03999999165534973,-0.03999999165534973,-0.02000001072883606,0.02000001072883606,0.0,-0.009999997913837431,-0.009999997913837431,0.009999997913837431,0.0,0.02000000141561032,5.0,7.0,11-24,0.01166666904464364
09-11,0.05000001192092896,0.21000000834465027,-0.03000000119209289,-0.06000000238418578,0.0,-0.019999995827674862,0.0,-0.009999997913837431,-0.009999997913837431,0.009999997913837431,0.010000001639127731,0.02000000141561032,5.0,7.0,11-25,0.01416666883354386
09-12,0.06000000238418578,0.2199999988079071,-0.03000000119209289,-0.07000002264976501,-0.02000001072883606,-0.07999999821186066,0.0,-0.009999997913837431,-0.009999997913837431,0.019999999552965164,0.010000001639127731,0.02000000141561032,5.0,7.0,11-26,0.00916666459913055
09-13,0.10999998450279236,0.2199999988079071,-0.040000006556510925,-0.06000000238418578,0.0,-0.10999999940395357,0.0,-0.009999997913837431,0.0,0.0299999974668026,0.010000001639127731,0.02000000141561032,5.0,7.0,11-27,0.0141666647978127
09-14,0.10999998450279236,0.2199999988079071,-0.03999999165534973,-0.07999998331069946,0.0,-0.10999999940395357,0.0,-0.009999997913837431,0.0,0.019999999552965164,0.010000001639127731,0.02000000141561032,5.0,7.0,11-28,0.011666667802880207
09-15,0.1199999749660492,0.2400000095367432,-0.06000000238418578,-0.0899999737739563,0.0,-0.10999999940395357,0.0,0.0,0.0,0.019999999552965164,0.010000001639127731,0.02000000141561032,5.0,7.0,11-29,0.01250000096236666
09-16,0.1499999761581421,0.22999998927116394,-0.040000006556510925,-0.0899999737739563,0.0,-0.06999999284744263,0.0,0.0,0.0,0.019999999552965164,0.010000001639127731,0.02000000141561032,5.0,7.0,11-30,0.019166666238258284
09-17,0.05000001192092896,0.22999998927116394,-0.040000006556510925,-0.0899999737739563,0.0,-0.04999999701976776,0.0,0.0,-0.009999997913837431,0.019999999552965164,0.0,0.02000000141561032,4.0,8.0,12-01,0.01083333557471633
09-18,-0.05000001192092896,0.1900000125169754,-0.04999999701976776,-0.10999998450279236,-0.02000001072883606,-0.040000006556510925,0.010000001639127731,0.0,-0.009999997913837431,0.019999999552965164,0.0,0.02000000141561032,4.0,8.0,12-02,-0.0033333327931662398
09-19,-0.1600000262260437,0.1900000125169754,-0.04999999701976776,-0.07999998331069946,-0.02000001072883606,-0.03999999910593033,0.019999999552965164,0.0,-0.019999999552965164,0.010000001639127731,-0.010000001639127731,0.02000000141561032,4.0,8.0,12-03,-0.011666666871557629
09-20,-0.1600000262260437,0.1900000125169754,-0.03999999165534973,-0.02000001072883606,-0.02000001072883606,-0.040000006556510925,0.03999999910593033,0.0,-0.019999999552965164,0.019999999552965164,-0.010000001639127731,0.02000000141561032,4.0,8.0,12-04,-0.0033333362080156803
09-21,-0.1600000262260437,0.20000000298023224,-0.03000000119209289,-0.03000000119209289,-0.01000000536441803,-0.06000000238418578,0.03999999910593033,0.0,-0.019999999552965164,0.019999999552965164,0.0,0.02000000141561032,4.0,8.0,12-05,-0.002500002738088369
09-22,-0.1499999761581421,0.15000002086162567,-0.01000000536441803,-0.06999999284744263,-0.020000003278255463,-0.06000000238418578,0.03999999910593033,0.0,0.0,0.010000001639127731,0.0,0.02000000141561032,4.0,8.0,12-06,-0.007499996417512495
09-23,-0.09000000357627869,0.12000001966953278,-0.02000001072883606,-0.06999999284744263,-0.020000003278255463,-0.06000000238418578,0.03000000119209289,-0.009999997913837431,-0.010000001639127731,0.019999999552965164,0.0,0.02000000141561032,4.0,8.0,12-07,-0.007499999211480221
09-24,-0.09999999403953552,0.09000001847743988,-0.01000000536441803,-0.06999999284744263,-0.03000000864267349,-0.06000000238418578,0.019999999552965164,0.0,-0.010000001639127731,0.019999999552965164,0.0,0.02000000141561032,4.0,8.0,12-08,-0.01083333215986689
09-25,-0.13999998569488525,0.12000001966953278,-0.01000000536441803,-0.06999999284744263,-0.01000000536441803,-0.06000000238418578,0.010000001639127731,0.0,-0.010000001639127731,0.019999999552965164,0.0,0.02000000141561032,4.0,8.0,12-09,-0.010833330918103456
09-26,-0.1599999964237213,0.12000001966953278,-0.01000000536441803,-0.03999999165534973,-0.01000000536441803,-0.0599999949336052,0.019999999552965164,0.0,-0.010000001639127731,0.019999999552965164,0.009999999776482582,0.02000000141561032,5.0,7.0,12-10,-0.00833333128442367
09-27,-0.17999997735023499,0.12000001966953278,-0.019999995827674862,-0.06000000238418578,-0.01000000536441803,-0.0599999949336052,0.010000001639127731,0.0,-0.010000001639127731,0.010000001639127731,0.009999999776482582,0.02000000141561032,5.0,7.0,12-11,-0.014166662779947124
09-28,-0.17999997735023499,0.1300000101327896,-0.01000000536441803,-0.03000000119209289,0.0,-0.06999999284744263,0.010000001639127731,-0.009999997913837431,-0.019999999552965164,0.019999999552965164,0.009999999776482582,0.02000000141561032,5.0,7.0,12-12,-0.010833330142001309
09-29,-0.2800000011920929,0.20000000298023224,0.009999990463256836,-0.03000000119209289,0.0,-0.06999999284744263,0.010000001639127731,-0.009999997913837431,0.0,0.019999999552965164,0.009999999776482582,0.02000000141561032,6.0,6.0,12-13,-0.009999999776482582
09-30,-0.2399999797344208,0.20000000298023224,0.0299999862909317,-0.03999999165534973,0.0,-0.06999999284744263,0.019999999552965164,0.0,0.0,0.010000001639127731,0.009999999776482582,0.02000000141561032,6.0,6.0,12-14,-0.004999997715155285
10-01,-0.09999999403953552,0.2300000041723252,-0.009999990463256836,-0.03999999165534973,0.0,-0.07999999821186066,0.02000000141561032,0.0,0.0,0.010000001639127731,0.0,0.02000000141561032,4.0,8.0,12-15,0.004166669522722562
10-02,-0.17999997735023499,0.2300000041723252,-0.0299999862909317,-0.06000000238418578,-0.020000003278255463,-0.0599999949336052,0.02000000141561032,0.0,0.0,0.010000001639127731,0.0,0.010000001639127731,4.0,8.0,12-16,-0.006666662947585185
10-03,-0.14000001549720764,0.2499999850988388,-0.0299999862909317,-0.03999999165534973,-0.009999997913837431,-0.04999999701976776,0.029999999329447743,0.0,0.0,0.010000001639127731,0.0,0.010000001639127731,4.0,8.0,12-17,0.002499999944120645
10-04,-0.1600000262260437,0.2499999850988388,-0.009999990463256836,-0.04000002145767212,-0.009999997913837431,-0.07999999821186066,0.02000000141561032,-0.009999997913837431,0.0,0.010000001639127731,-0.009999999776482582,0.010000001639127731,4.0,8.0,12-18,-0.002500003514190515
10-05,-0.1600000262260437,0.2499999850988388,-0.03999999165534973,-0.04999998211860657,0.0,-0.07999999821186066,0.02000000141561032,0.0,0.0,0.019999999552965164,0.0,0.010000001639127731,4.0,8.0,12-19,-0.00250000087544322
10-06,-0.12999999523162842,0.2499999850988388,-0.03000000119209289,-0.05000001192092896,0.0,-0.07999999821186066,0.02000000141561032,0.0,-0.009999997913837431,0.019999999552965164,0.0,0.0,3.0,9.0,12-20,-0.0008333348669111729
10-07,-0.18000003695487976,0.20000000298023224,-0.06999999284744263,-0.06999999284744263,0.0,-0.07000000774860382,0.02000000141561032,0.0,-0.019999999552965164,0.019999999552965164,0.0,0.0,3.0,9.0,12-21,-0.01416666883354386
10-08,-0.17999997735023499,0.20000000298023224,-0.07000000774860382,-0.06999999284744263,-0.009999997913837431,-0.06000000238418578,0.010000001639127731,-0.019999999552965164,-0.010000001639127731,0.019999999552965164,0.0,0.0,3.0,9.0,12-22,-0.015833331272006042
10-09,-0.21000000834465027,0.14999999105930328,-0.06000000238418578,-0.03999999165534973,-0.009999997913837431,-0.06000000238418578,0.029999999329447743,-0.009999997913837431,-0.010000001639127731,0.019999999552965164,0.0,-0.009999997913837431,3.0,9.0,12-23,-0.01750000085060795
10-10,-0.22999998927116394,0.14999999105930328,-0.06000000238418578,-0.07000002264976501,-0.019999995827674862,-0.07000000774860382,0.019999999552965164,-0.009999997913837431,-0.010000001639127731,0.010000001639127731,0.0,-0.0299999974668026,3.0,9.0,12-24,-0.026666668554147083
10-11,-0.22999998927116394,0.14999999105930328,-0.03000000119209289,-0.05000001192092896,-0.009999997913837431,-0.06000000238418578,0.019999999552965164,0.0,0.0,0.010000001639127731,0.0,-0.0299999974668026,3.0,9.0,12-25,-0.019166667324801285
10-12,-0.22999998927116394,0.16999998688697815,-0.03000000119209289,-0.07000002264976501,-0.009999997913837431,-0.07000000029802322,0.019999999552965164,0.0,-0.009999997913837431,0.010000001639127731,0.0,-0.0299999974668026,3.0,9.0,12-26,-0.020833334885537624
10-13,-0.2399999797344208,0.20000000298023224,-0.04999999701976776,-0.07000002264976501,0.0,-0.07000000029802322,0.019999999552965164,0.0,-0.009999997913837431,0.010000001639127731,0.0,0.0,3.0,9.0,12-27,-0.017499999453624092
10-14,-0.18000003695487976,0.1900000125169754,-0.04999999701976776,-0.07000002264976501,0.0,-0.07000000029802322,0.02000000141561032,0.0,0.0,0.019999999552965164,0.0,-0.009999997913837431,3.0,9.0,12-28,-0.012500003445893526
10-15,-0.1900000274181366,0.1900000125169754,-0.040000006556510925,-0.07000002264976501,0.0,-0.06000000238418578,0.02000000141561032,-0.010000001639127731,-0.009999997913837431,0.019999999552965164,0.0,0.0,3.0,9.0,12-29,-0.012500003756334385
10-16,-0.1599999964237213,0.12999999523162842,-0.019999995827674862,-0.08000001311302185,0.0,-0.04999999701976776,0.010000001639127731,-0.010000001639127731,-0.009999997913837431,-0.01000000536441803,0.0,0.0,2.0,10.0,12-30,-0.01666666753590107
10-17,-0.2200000286102295,0.14000001549720764,-0.019999995827674862,-0.04000002145767212,-0.020000003278255463,-0.04999999701976776,0.010000001639127731,-0.010000001639127731,0.0,-0.009999997913837431,0.0,0.0,2.0,10.0,12-31,-0.018333335717519127
10-18,-0.2200000286102295,0.14000001549720764,-0.0599999874830246,-0.07000002264976501,-0.009999997913837431,-0.04999999701976776,0.010000001639127731,-0.010000001639127731,0.0,-0.009999997913837431,0.0,0.0,2.0,10.0,01-01,-0.02333333467443784
10-19,-0.2200000286102295,0.17000000178813934,0.0,-0.04999998211860657,0.0,-0.04999999701976776,0.010000001639127731,-0.010000001639127731,0.0,-0.009999997913837431,0.0,0.0,2.0,10.0,01-02,-0.013333333656191826
10-20,-0.19999998807907104,0.14000001549720764,-0.06000000238418578,-0.03999999165534973,-0.020000003278255463,-0.04999999701976776,0.0,-0.010000001639127731,0.0,0.0,0.0,0.0,1.0,11.0,01-03,-0.019999997379879158
10-21,-0.19999998807907104,0.1599999964237213,-0.04999999701976776,-0.05000001192092896,-0.020000003278255463,-0.040000006556510925,0.019999999552965164,-0.010000001639127731,0.0,0.0,0.0,0.0,2.0,10.0,01-04,-0.015833334376414616
10-22,-0.20000001788139346,0.12999999523162842,-0.01000000536441803,-0.05000001192092896,-0.020000003278255463,-0.040000006556510925,0.019999999552965164,-0.010000001639127731,-0.009999997913837431,0.0,0.009999999776482582,0.0,3.0,9.0,01-05,-0.01500000416611632
10-23,-0.12000003457069396,0.06999999284744263,-0.01000000536441803,-0.03000000119209289,0.0,-0.040000006556510925,0.03000000119209289,0.0,-0.009999997913837431,0.0,0.009999999776482582,0.0,3.0,9.0,01-06,-0.008333337648461262
10-24,-0.10999998450279236,0.06000000238418578,-0.01000000536441803,-0.03000000119209289,-0.01000000536441803,-0.040000006556510925,0.019999999552965164,0.0,-0.009999997913837431,0.0,0.009999999776482582,0.0,3.0,9.0,01-07,-0.009999999931703007
10-25,-0.09999999403953552,0.06000000238418578,-0.03000000119209289,0.02000001072883606,0.0,-0.040000006556510925,0.019999999552965164,0.0,-0.009999997913837431,-0.010000001639127731,-0.009999999776482582,0.0,3.0,9.0,01-08,-0.008333332370966673
10-26,-0.09999999403953552,0.09999999403953552,-0.03999999165534973,-0.009999990463256836,-0.020000003278255463,-0.040000006556510925,0.019999999552965164,-0.019999999552965164,0.010000001639127731,-0.009999997913837431,0.0,0.0,3.0,9.0,01-09,-0.009166665685673557
10-27,-0.06000000238418578,0.06000000238418578,-0.04999999701976776,0.02000001072883606,-0.01000000536441803,-0.040000006556510925,0.019999999552965164,-0.010000001639127731,0.010000001639127731,-0.009999997913837431,0.0,0.0,4.0,8.0,01-10,-0.005833333047727744
10-28,0.03000000119209289,0.019999980926513672,-0.06000000238418578,0.009999990463256836,-0.01000000536441803,-0.03000000119209289,0.019999999552965164,-0.009999997913837431,0.010000001639127731,-0.009999997913837431,0.0,0.010000001639127731,6.0,6.0,01-11,-0.0016666691129406293
10-29,0.009999990463256836,0.08000001311302185,-0.06000000238418578,0.009999990463256836,-0.01000000536441803,-0.03000000119209289,0.019999999552965164,0.0,0.010000001639127731,-0.009999997913837431,0.0,0.010000001639127731,6.0,6.0,01-12,0.0024999991680185
10-30,-0.08000001311302185,0.02000001072883606,-0.07999999821186066,0.009999990463256836,-0.020000003278255463,-0.019999995827674862,0.019999999552965164,0.0,0.010000001639127731,-0.009999997913837431,0.009999999776482582,0.010000001639127731,6.0,6.0,01-13,-0.01083333371207118
10-31,-0.09000000357627869,0.02000001072883606,-0.07999999821186066,0.009999990463256836,-0.020000003278255463,-0.019999995827674862,0.019999999552965164,0.0,0.010000001639127731,-0.009999997913837431,0.0,0.010000001639127731,5.0,7.0,01-14,-0.0124999995653828
11-01,-0.10000002384185792,0.02000001072883606,-0.08999998867511749,-0.010000020265579224,-0.03999999910593033,-0.019999995827674862,0.019999999552965164,0.0,0.010000001639127731,-0.009999997913837431,0.0,0.010000001639127731,4.0,8.0,01-15,-0.01750000100582838
11-02,-0.10000002384185792,0.009999990463256836,-0.07999999821186066,-0.06000000238418578,-0.03000000864267349,-0.0299999937415123,0.019999999552965164,0.0,0.010000001639127731,-0.009999997913837431,0.0,0.010000001639127731,4.0,8.0,01-16,-0.02166666928678751
11-03,-0.11000001430511476,0.03999999165534973,-0.07999999821186066,-0.010000020265579224,-0.03000000864267349,-0.0299999937415123,0.019999999552965164,0.0,0.010000001639127731,-0.009999997913837431,0.0,0.010000001639127731,4.0,8.0,01-17,-0.015833336549500625
11-04,-0.13999998569488525,0.12000000476837155,-0.06999999284744263,-0.03000000119209289,-0.03000000864267349,-0.0299999937415123,0.03000000119209289,0.0,0.05000000074505806,0.0,0.0,0.010000001639127731,4.0,8.0,01-18,-0.007499997814496358
11-05,-0.19999998807907104,0.17999997735023499,-0.06999999284744263,-0.03000000119209289,-0.020000003278255463,-0.0299999937415123,0.009999997913837431,0.0,0.059999998658895486,0.0,0.0,0.010000001639127731,4.0,8.0,01-19,-0.007500000298023223
11-06,-0.17000001668930054,0.13999998569488525,-0.03999999165534973,-0.06000000238418578,-0.03000000864267349,-0.0299999937415123,0.019999999552965164,0.0,0.059999998658895486,0.0,0.0,0.010000001639127731,4.0,8.0,01-20,-0.008333335630595684
11-07,-0.1600000262260437,0.11000001430511476,-0.03999999165534973,-0.019999980926513672,-0.02000001072883606,-0.03000000119209289,0.019999999552965164,0.0,0.059999998658895486,0.0,0.0,0.010000001639127731,4.0,8.0,01-21,-0.005833333047727744
11-08,-0.14000001549720764,0.11000001430511476,-0.019999995827674862,-0.03000000119209289,-0.019999995827674862,-0.019999995827674862,0.019999999552965164,0.0,0.04000000283122064,0.0,0.0,0.010000001639127731,4.0,8.0,01-22,-0.0041666654869914055
11-09,-0.14000001549720764,0.12000000476837155,0.009999990463256836,-0.03000000119209289,-0.019999995827674862,-0.0299999937415123,0.019999999552965164,0.0,0.04000000283122064,0.0,0.0,0.010000001639127731,5.0,7.0,01-23,-0.00166666725029548
11-10,-0.12999996542930606,0.02000001072883606,0.02000001072883606,-0.06000000238418578,-0.019999995827674862,-0.0299999937415123,0.019999999552965164,0.0,0.04000000283122064,0.0,0.0,0.010000001639127731,5.0,7.0,01-24,-0.010833327658474444
11-11,-0.06000000238418578,0.0,0.06000000238418578,-0.04999998211860657,-0.019999995827674862,-0.0299999937415123,0.010000001639127731,0.0,0.05000000074505806,0.0,0.0,0.010000001639127731,4.0,8.0,01-25,-0.00249999730537335
11-12,-0.04999998211860657,-0.04000002145767212,0.12999999523162842,-0.04999998211860657,-0.01000000536441803,-0.019999995827674862,0.010000001639127731,0.0,0.059999998658895486,0.0,0.0,0.010000001639127731,4.0,8.0,01-26,0.003333334190150102
11-13,-0.07999998331069946,-0.04000002145767212,0.11000001430511476,-0.03999999165534973,-0.02000001072883606,-0.019999995827674862,0.010000001639127731,0.0,0.059999998658895486,0.0,0.0,-0.009999997913837431,3.0,9.0,01-27,-0.0024999988575776424
11-14,-0.13999998569488525,0.03000000119209289,0.11000001430511476,-0.019999980926513672,-0.01000000536441803,-0.03999999910593033,0.010000001639127731,0.0,0.059999998658895486,0.009999997913837431,0.0,0.0,5.0,7.0,01-28,0.0008333368847767513
11-15,-0.13999998569488525,0.03000000119209289,0.10000000894069673,-0.02000001072883606,-0.01000000536441803,-0.0599999949336052,0.010000001639127731,0.0,0.10000000521540643,0.009999997913837431,0.0,0.0,5.0,7.0,01-29,0.0016666681816180544
11-16,-0.13999998569488525,0.08000001311302185,0.07999999821186066,-0.03000000119209289,-0.01000000536441803,-0.0599999949336052,0.010000001639127731,0.0,0.10999999567866324,0.009999997913837431,0.0,0.0,5.0,7.0,01-30,0.004166668280959129
11-17,-0.16999995708465576,0.03999999165534973,0.09000000357627869,-0.03000000119209289,-0.01000000536441803,-0.0599999949336052,0.010000001639127731,0.0,0.09000000730156897,0.0,0.0,0.0,4.0,8.0,01-31,-0.003333329533537229
11-18,-0.1599999964237213,0.03000000119209289,0.09999999403953552,-0.03999999165534973,-0.01000000536441803,-0.05000000447034837,0.019999999552965164,0.0,0.09000000730156897,0.0,0.0,0.0,4.0,8.0,02-01,-0.0016666663189729054
11-19,-0.20000001788139346,0.0,0.10000000894069673,-0.03999999165534973,-0.01000000536441803,-0.05000000447034837,0.019999999552965164,0.0,0.08000000193715097,0.0,-0.010000001639127731,0.0,3.0,8.0,02-02,-0.009166667548318705
11-20,-0.16999998688697815,0.07999998331069946,0.10000000894069673,-0.03000000119209289,0.01000000536441803,-0.05000000447034837,0.03000000119209289,0.0,0.08000000193715097,0.0,-0.010000001639127731,0.0,5.0,6.0,02-03,0.003333333879709244
11-21,-0.16999998688697815,0.06000000238418578,0.10000000894069673,-0.019999980926513672,-0.01000000536441803,-0.03999999910593033,0.03000000119209289,0.0,0.08999999985098839,0.0,-0.010000001639127731,0.0,4.0,7.0,02-04,0.002500003203749657
11-22,-0.13999998569488525,0.06000000238418578,0.09000001847743988,-0.03999999165534973,0.0,-0.03999999910593033,0.03000000119209289,0.0,0.08000000193715097,0.0,-0.010000001639127731,0.0,4.0,7.0,02-05,0.002500003824631373
11-23,-0.13999998569488525,0.05000001192092896,0.10000000894069673,-0.03000000119209289,0.0,-0.03000000119209289,0.03000000119209289,0.0,0.059999998658895486,0.01000000536441803,-0.010000001639127731,0.0,5.0,6.0,02-06,0.003333336363236109
11-24,-0.18999996781349185,0.009999990463256836,0.12000000476837155,-0.06000000238418578,0.01000000536441803,-0.03000000119209289,0.03000000119209289,0.0,0.04000000283122064,0.020000003278255463,-0.010000001639127731,0.0,6.0,5.0,02-07,-0.004999997094273567
11-25,-0.18999996781349185,0.02000001072883606,0.11000001430511476,-0.06000000238418578,0.01000000536441803,-0.03000000119209289,0.03000000119209289,0.0,0.059999998658895486,0.020000003278255463,-0.010000001639127731,0.0,6.0,5.0,02-08,-0.003333328291773796
11-26,-0.18000000715255735,0.04000002145767212,0.10000000894069673,-0.06000000238418578,0.01000000536441803,-0.03999999910593033,0.03000000119209289,0.0,0.059999998658895486,0.020000003278255463,-0.010000001639127731,0.0,6.0,5.0,02-09,-0.002499997615814209
11-27,-0.18000000715255735,0.02000001072883606,0.10999999940395357,-0.05000001192092896,0.01000000536441803,-0.019999995827674862,0.019999999552965164,0.0,0.059999998658895486,0.01000000536441803,-0.010000001639127731,0.0,6.0,5.0,02-10,-0.002499999788900217
11-28,-0.11000001430511476,0.03000000119209289,0.10999999940395357,-0.04000002145767212,0.01000000536441803,-0.019999995827674862,0.009999997913837431,0.0,0.059999998658895486,0.01000000536441803,0.0,0.0,6.0,5.0,02-11,0.004999998025596142
11-29,-0.11000001430511476,0.03000000119209289,0.10999999940395357,-0.03000000119209289,0.01000000536441803,-0.009999997913837431,0.009999997913837431,0.0,0.07999999448657036,0.020000003278255463,0.0,0.0,6.0,5.0,02-12,0.009166665685673557
11-30,-0.11000001430511476,0.07999998331069946,0.10000000894069673,-0.09000000357627869,0.01000000536441803,-0.019999995827674862,0.009999997913837431,0.0,0.06999999657273293,0.01000000536441803,0.0,0.0,6.0,5.0,02-13,0.004999998646477858
12-01,-0.12000000476837155,0.06000000238418578,0.09000001847743988,-0.07999998331069946,0.01000000536441803,-0.019999995827674862,0.0,0.0,0.06999999657273293,0.020000003278255463,0.0,0.0,5.0,6.0,02-14,0.002500003514190515
12-02,-0.12000000476837155,0.1199999749660492,0.060000017285346985,-0.07999998331069946,0.01000000536441803,-0.0299999937415123,-0.019999999552965164,0.0,0.06999999657273293,0.020000003278255463,0.0,0.0,5.0,6.0,02-15,0.0025000013411045074
12-03,-0.12999999523162842,0.1499999761581421,0.060000017285346985,-0.07999998331069946,0.01000000536441803,-0.009999997913837431,-0.010000001639127731,0.0,0.059999998658895486,0.020000003278255463,0.0,0.0,5.0,6.0,02-16,0.00583333522081375
12-04,0.0,0.20999997854232788,0.060000017285346985,-0.03999999165534973,0.020000003278255463,-0.019999995827674862,0.010000001639127731,0.0,0.059999998658895486,0.01000000536441803,0.0,0.0,6.0,5.0,02-17,0.025833334773778915
12-05,0.03000000119209289,0.1899999976158142,0.060000017285346985,-0.03999999165534973,0.040000006556510925,-0.019999995827674862,0.019999999552965164,0.0,0.059999998658895486,0.01000000536441803,0.0,0.0,7.0,4.0,02-18,0.029166669895251587
12-06,0.04999998211860657,0.1899999976158142,0.08000001311302185,-0.07000000774860382,0.040000006556510925,0.0,0.009999997913837431,0.0,0.059999998658895486,0.0,0.0,0.0,6.0,5.0,02-19,0.02999999901900689
12-07,0.04999998211860657,0.1599999964237213,0.08000001311302185,-0.09000000357627869,0.03000000119209289,0.0,0.009999997913837431,0.0,0.059999998658895486,0.03000000119209289,0.0,0.0,7.0,4.0,02-20,0.027499998919665813
12-08,0.06000000238418578,0.1599999964237213,0.09999999403953552,-0.08999998867511749,0.03000000119209289,0.0,0.0,0.0,0.06999999657273293,0.03000000119209289,0.0,0.0,6.0,5.0,02-21,0.030000000260770317
12-09,0.03999999165534973,0.10999998450279236,0.07000000774860382,-0.09999999403953552,0.03000000119209289,0.0,0.009999997913837431,0.0,0.059999998658895486,0.03000000119209289,0.0,0.0,7.0,4.0,02-22,0.02083333240201076
12-10,0.05000001192092896,0.09999999403953552,0.09000001847743988,-0.09999999403953552,0.03000000119209289,0.009999997913837431,0.0,0.0,0.059999998658895486,0.03000000119209289,0.0,0.0,7.0,4.0,02-23,0.022500002446273964
12-11,-0.009999990463256836,0.06000000238418578,0.07999999821186066,-0.09999999403953552,0.02000001072883606,0.009999997913837431,0.009999997913837431,0.0,0.059999998658895486,0.020000003278255463,0.0,0.0,7.0,4.0,02-24,0.012500002048909664
12-12,-0.02000001072883606,0.05000001192092896,0.07999999821186066,-0.10999999940395357,0.03000000864267349,0.0,0.009999997913837431,0.0,0.059999998658895486,0.03000000119209289,0.0,0.0,6.0,5.0,02-25,0.010833333867291607
12-13,-0.04000002145767212,0.05000001192092896,0.08999998867511749,-0.10000000894069673,0.03000000864267349,-0.019999995827674862,0.009999997913837431,0.0,0.059999998658895486,0.03000000119209289,0.0,0.0,6.0,5.0,02-26,0.009166665064791838
12-14,-0.04000002145767212,0.06000000238418578,0.12999999523162842,-0.10999999940395357,0.03000000864267349,-0.019999995827674862,0.009999997913837431,0.0,0.059999998658895486,0.03000000119209289,0.009999999776482582,0.0,7.0,4.0,02-27,0.013333332259207964
12-15,-0.05000001192092896,0.010000020265579224,0.12000000476837155,-0.08000001311302185,0.03999999910593033,-0.019999995827674862,0.0,0.0,0.059999998658895486,0.020000003278255463,0.009999999776482582,0.0,6.0,5.0,02-28,0.009166667082657416
12-16,-0.03000000119209289,0.02000001072883606,0.09999999403953552,-0.09000001847743988,0.03999999910593033,-0.019999995827674862,0.009999997913837431,0.0,0.06999999657273293,0.020000003278255463,0.009999999776482582,0.0,7.0,4.0,03-01,0.01083333215986689
12-17,0.010000020265579224,0.04999998211860657,0.1599999964237213,-0.09000001847743988,0.03999999910593033,-0.019999995827674862,0.009999997913837431,0.0,0.059999998658895486,0.020000003278255463,0.0,0.0,7.0,4.0,03-02,0.01999999862164259
12-18,0.009999990463256836,0.06999999284744263,0.15000000596046448,-0.10999999940395357,0.03000000864267349,-0.009999997913837431,0.009999997913837431,0.0,0.059999998658895486,0.020000003278255463,0.0,0.0,7.0,4.0,03-03,0.019166666703919567
12-19,0.0,0.04999998211860657,0.15000000596046448,-0.10000000894069673,0.020000003278255463,-0.009999997913837431,0.0,0.0,0.059999998658895486,0.020000003278255463,-0.009999999776482582,0.0,5.0,6.0,03-04,0.014999998888621729
12-20,-0.009999990463256836,0.04999998211860657,0.14000001549720764,-0.07999999821186066,0.040000006556510925,-0.019999995827674862,0.0,0.010000001639127731,0.05000000074505806,0.03000000119209289,0.0,0.0,6.0,5.0,03-05,0.017500001937150955
12-21,-0.009999990463256836,0.06000000238418578,0.1300000101327896,-0.07999999821186066,0.040000006556510925,-0.019999995827674862,0.0,0.009999997913837431,0.059999998658895486,0.03000000119209289,0.0,0.0,6.0,5.0,03-06,0.018333336027959984
12-22,0.009999990463256836,0.03000000119209289,0.12999999523162842,-0.09999999403953552,0.03000000119209289,-0.019999995827674862,0.0,0.009999997913837431,0.059999998658895486,0.03000000119209289,0.0,0.0,7.0,4.0,03-07,0.014999999664723871
12-23,0.0,0.09999999403953552,0.12000000476837155,-0.10999998450279236,0.03000000119209289,-0.009999997913837431,0.009999997913837431,0.0,0.05000000074505806,0.009999997913837431,0.0,0.0,6.0,5.0,03-08,0.016666667846341927
12-24,0.03000000119209289,0.1199999749660492,0.12999999523162842,-0.10999998450279236,0.020000003278255463,-0.019999995827674862,0.009999997913837431,0.010000001639127731,0.05000000074505806,0.009999997913837431,0.0,0.0,8.0,3.0,03-09,0.02083333271245161
12-26,0.009999990463256836,0.06000000238418578,0.12000000476837155,-0.09999999403953552,0.020000003278255463,-0.009999997913837431,0.009999997913837431,0.010000001639127731,0.05000000074505806,0.01000000536441803,0.0,0.0,8.0,3.0,03-11,0.015000001216928162
12-27,0.0,0.06000000238418578,0.12000000476837155,-0.10999998450279236,0.009999997913837431,-0.019999995827674862,0.009999997913837431,0.010000001639127731,0.059999998658895486,0.009999997913837431,-0.009999999776482582,0.0,7.0,4.0,03-12,0.011666668423761923
12-28,0.0,0.07000002264976501,0.12000000476837155,-0.12000000476837155,-0.01000000536441803,-0.019999995827674862,0.009999997913837431,0.010000001639127731,0.059999998658895486,0.009999997913837431,-0.009999999776482582,0.0,6.0,5.0,03-13,0.010000001483907305
12-29,0.02000001072883606,0.03999999165534973,0.1300000101327896,-0.14000001549720764,-0.01000000536441803,-0.019999995827674862,0.009999997913837431,0.010000001639127731,0.05000000074505806,0.009999997913837431,-0.009999999776482582,0.0,7.0,4.0,03-14,0.007499999521921078
12-30,0.04000002145767212,0.07999998331069946,0.10999999940395357,-0.15000000596046448,-0.01000000536441803,-0.019999995827674862,0.0,0.010000001639127731,0.04000000283122064,0.009999997913837431,-0.009999999776482582,0.0,6.0,5.0,03-15,0.00833333330228925
12-31,0.03999999165534973,0.05000001192092896,0.09999999403953552,-0.15000000596046448,0.009999997913837431,-0.019999995827674862,0.0,0.010000001639127731,0.04000000283122064,0.009999997913837431,-0.009999999776482582,0.0,7.0,4.0,03-16,0.006666666362434626
