,2009,2010,2011,2012,2013,2014,2015,2016,2017,2018,2019,2020,ups,downs,avg
01-02,-18.36364052512429,-0.7383933914529187,-8.498582287471617,11.055280074494583,-1.4465137196230955,4.41125535733735,-18.273378399208518,-0.4749026430495322,1.8567659118659243,-12.20338844241607,-10.69711990345881,-29.397781868384023,3.0,9.0,-6.897533319707588
01-03,-12.007068528601193,-0.034917001029861734,-8.498582287471617,11.055280074494583,-1.8490041082939104,4.3508230710158085,-16.146086960984963,-0.4067825058759269,1.8567659118659243,-11.26202468888467,-21.811678770221672,-40.48234236218974,3.0,9.0,-7.93630151301477
01-04,-3.4801594248954744,-0.034917001029861734,-7.188387758847103,15.522292641780307,-3.1274403418553343,8.000002068988348,-15.645935490182676,-0.4067825058759269,-0.9071508984538365,-13.344496984983385,-24.596055269510323,-41.48846457858485,2.0,10.0,-7.224791295287508
01-05,-3.4801594248954744,3.7011155325844944,-8.566313009587674,12.674649147146747,-3.632813637959754,7.213677300347222,-15.645935490182676,1.0847447282176907,7.490834435545704,-15.211271903884244,-29.184290914589273,-64.41352112943095,5.0,7.0,-8.997440363890682
01-06,-6.4165325956453945,4.059299758656101,-6.171108697870765,15.7462225625047,-3.0691566532715067,7.213677300347222,-10.909094393590431,6.032787385534067,1.3319125940489505,-17.06484649044053,-28.56283968556157,-64.41352112943095,5.0,7.0,-8.518600003726675
01-07,-3.100782889540326,3.0010723810532336,-3.915558684608775,13.333336330289585,-3.0691566532715067,6.427347558176416,-11.74528151655084,4.805193437977417,-0.05431954896643667,-17.46574992003724,-28.56283968556157,-64.31411527988112,4.0,8.0,-8.721737872576764
01-08,-3.3584244836850465,6.287108941055063,-6.726153167036617,13.157893720781658,-1.9036510313724768,5.864300435828838,-7.363094409458343,6.151829822057977,-0.5458536197354783,-17.46574992003724,-32.892372199319894,-57.648180793309315,4.0,8.0,-8.036862225352571
01-09,11.167516130650084,8.336215358464768,-3.7358267389414817,13.157893720781658,-4.701701142502609,8.282831409522897,-3.0344820570671693,2.6227326585355293,-0.5458536197354783,-20.148394332561907,-33.05136841610305,-65.21738638765598,5.0,7.0,-7.238985284717728
01-10,6.9398830784816665,6.8213800901108215,-3.7358267389414817,10.121457698301198,-4.799686774152058,6.711862855038401,4.700086078284622,2.6227326585355293,-1.146293642573688,-22.94321571239747,-38.263051218791546,-61.597693558476344,6.0,6.0,-7.880697098881698
01-11,11.024027013000264,6.8213800901108215,-6.270850889996369,8.78561802172747,-3.1080075816738324,4.758690136174912,1.2064887737261345,2.6227326585355293,-1.7524627098200982,-28.23389659263945,-38.934169983749264,-60.55131801048317,6.0,6.0,-8.635980756257256
01-12,11.024027013000264,7.911392256500023,-6.340819130630765,8.007942194838256,-3.437496670521845,1.6039086015570032,1.2064887737261345,3.4969704646356456,-0.2208669620687244,-29.858656251509426,-37.289189431644665,-57.26256750087421,6.0,6.0,-8.429905553582692
01-13,10.867293573849272,6.879603721371779,-6.197274063350711,11.492776781853992,-3.437496670521845,1.6039086015570032,1.4849174299454275,4.1920208732806685,1.6501712836812794,-35.354138316894186,-37.20348885248813,-57.26256750087421,7.0,5.0,-8.440356094882473
01-14,13.454546247209823,6.944929941566626,-8.142899273083463,7.639122614628854,-3.437496670521845,-1.080890734462225,1.2025912062409292,5.026456578268247,1.2107832274669121,-35.354138316894186,-37.20348885248813,-58.93854803171029,6.0,6.0,-9.056586005314896
01-15,7.208671375112503,8.716875778933773,-4.843300955703021,8.273383561012421,-3.2421871536644233,-2.876949437543721,3.2628721707406583,6.4094149423239095,1.7515034855307725,-35.354138316894186,-37.453182450392866,-50.69085386794,6.0,6.0,-8.236490905707015
01-16,0.4030028715642882,7.4827588837722265,-3.3385326686277743,8.273383561012421,-2.7734338823939284,-3.2011137217143815,2.519465135056098,6.325877285939112,1.7515034855307725,-35.354138316894186,-38.73592435154322,-56.936932230874405,6.0,6.0,-9.465340329097748
01-17,9.259261098908716,7.4827588837722265,-3.3385326686277743,8.273383561012421,-4.3015001816271585,0.6695706639444008,2.319109519412714,7.798740885962262,1.7515034855307725,-35.54758144527496,-41.59235549237143,-33.76309899738935,7.0,5.0,-6.749061723895596
01-18,10.04016046678062,7.4827588837722265,-3.3385326686277743,4.746427116247006,-6.311079715447807,2.5842296894509458,2.319109519412714,7.798740885962262,0.547947295724529,-33.13539117069751,-42.848187309777416,-29.126983850661265,7.0,5.0,-6.603400071488456
01-19,10.04016046678062,7.4827588837722265,1.8294578374818316,1.8524627007022296,-6.036217211161604,1.9427070671190123,2.319109519412714,7.798740885962262,0.0,-36.75316997434921,-42.74858119051049,-29.024590806775976,7.0,5.0,-6.774763485130531
01-20,10.04016046678062,9.081421820241085,3.207725528081921,3.541533806772561,-6.6369945680314455,1.9427070671190123,2.319109519412714,3.9975036488019615,-5.041035388473598,-11.34751813023922,-41.582919645151684,-29.024590806775976,7.0,5.0,-4.958574723455171
01-21,9.625382623378515,12.637740911129374,6.599144889640744,1.2191131287738086,-6.6369945680314455,1.9427070671190123,4.64367921324982,2.186136017901676,-5.303485929847108,-9.918324524364657,-41.582919645151684,-29.024590806775976,7.0,5.0,-4.467700968581492
01-22,12.454409747177415,13.752995281285967,4.5902643658142015,1.2191131287738086,-6.6369945680314455,-0.7676951155321082,-0.9785694351368118,-3.378814116238582,-6.3690574450291875,-9.918324524364657,-41.582919645151684,-22.72727940660001,4.0,8.0,-5.028572644419424
01-23,11.182110248606328,12.474230311099046,5.492832222352729,1.2191131287738086,-5.3892232438572325,-3.528601440397774,0.18587785630326414,-2.806790559669885,-6.3690574450291875,-9.743291340503363,-42.14511132116681,-29.008867250070466,5.0,7.0,-5.703064902796628
01-24,5.322133011972699,12.142119646618758,5.492832222352729,-0.3624339427359272,-4.792327522826484,-4.843203319504282,-1.8779415033167275,-2.2063605188483426,-9.583337401587052,-6.936420900925692,-40.70130831334668,-23.284498395628663,3.0,9.0,-5.969228911481304
01-25,5.322133011972699,12.142119646618758,5.614892056408162,-2.1095639745122665,-5.475042681148592,-3.8634040982270736,-1.734649979169392,-2.2063605188483426,-11.019451472586725,-8.09384826901112,-41.62468267658424,-26.571203131875638,3.0,9.0,-6.634921840580313
01-26,5.322133011972699,10.555362159716072,0.8372107217478197,-1.0444725834060156,-10.070453334813047,-3.6845718357126582,-1.734649979169392,-2.7903978548578228,-9.17703493440708,-9.43951859647954,-41.863429700083735,-26.571203131875638,3.0,9.0,-7.471752171447362
01-27,3.809525437779244,8.466344760218082,-0.15727975973767747,-3.8848450995397164,-9.075971457291882,-3.6845718357126582,-0.5157084423113775,-2.8289494116550924,-10.383470456127496,-6.559271300602219,-39.37303954902385,-26.571203131875638,2.0,10.0,-7.563203353823358
01-28,-2.886249160610088,8.494208830240947,3.100035769643496,-4.403408301978807,-9.075971457291882,-4.4077091561401245,-1.4104336182609034,-2.6160864586542267,-7.334523009311546,-5.406948090154519,-39.37303954902385,-27.605420087097702,2.0,10.0,-7.7437953573866
01-29,1.9444465637207031,6.8818747687280615,-0.13148917842995614,-2.5462139528905507,-9.527719336668804,-8.426359791195809,-5.275557528888291,-6.266325136714071,-7.334523009311546,-5.406948090154519,-40.626962842635905,-27.186010310295906,2.0,10.0,-8.658482320394716
01-30,2.3915479205974357,7.061345880657663,-0.13148917842995614,-2.5462139528905507,-9.249272027305068,-11.528549215812742,-1.5910071683995992,-2.397925328847665,-7.334523009311546,-5.2361985900600745,-40.775488124398734,-20.86168045637967,2.0,10.0,-7.683287770881709
01-31,-3.4482684261570915,8.721540587244267,-0.13148917842995614,-5.929545721714575,-8.509751864158138,-11.823575197115085,-5.344582249067184,0.0632525529185178,-9.302322142872578,-3.0405349167763447,-41.57862318591469,-18.181818844138,2.0,10.0,-8.208809882181738
02-01,-1.666662428114149,8.721540587244267,-3.879027949429052,-6.38660822415098,-18.013759642422155,-10.383748069240056,-5.098223551795535,0.0632525529185178,-9.782614078974602,-4.619716590558978,-42.54658521221978,-22.26502654271153,2.0,10.0,-9.65476492912117
02-02,-1.666662428114149,8.616459370266284,-1.9811584438612613,-8.931079326587911,-12.620545831187732,-10.383748069240056,-5.098223551795535,3.0360561870388727,-11.862324836351366,-1.7817462053743054,-12.143748859608733,-24.37303762454381,2.0,10.0,-6.599146634946643
02-03,-1.5000025431315105,8.867860587994189,-0.8017960152441076,-9.423546821854753,-15.875756068709311,-10.383748069240056,-7.436857881199652,5.360443068991024,-12.423867227162313,-0.05602369001749311,-12.143748859608733,-24.37303762454381,2.0,10.0,-6.682506761977211
02-04,7.6608784772461,9.805311354915652,-2.596118962392325,-4.791028993513589,-15.875756068709311,-11.13619638945648,-8.420060255617205,5.056182250133169,-8.795175005552567,-0.16825960052652664,-12.143748859608733,-24.60814524549265,3.0,9.0,-5.501009774881205
02-05,11.695904312820039,7.893803689332135,-4.877243697649164,-7.681567073407883,-17.644521564888198,-7.607503387804576,-13.310577824333658,7.98761605153786,-5.737702263547118,-0.16825960052652664,-11.090464580038214,-24.367810766464014,3.0,9.0,-5.4090272254141105
02-06,7.936509888789085,9.902029150667262,-4.877243697649164,-7.681567073407883,-22.188045633902203,-7.656025585047716,-6.618008081960863,9.293904587904484,-5.737702263547118,0.2804219701317547,-10.620008870517148,-20.46302275720414,4.0,8.0,-4.869063197145303
02-07,12.356321970327757,9.553914221833562,-4.877243697649164,-7.122908376404072,-22.319476132725086,1.9508703380554917,-7.236521418533798,9.129389957521713,-7.845434183685493,-1.0740453418482951,-8.990154017229795,-19.27981777594563,4.0,8.0,-3.8129253713569007
02-08,11.594209842618866,9.553914221833562,-5.773058415242589,-9.162216299732671,-12.373846342862098,5.5398718644002996,-4.743833034246952,9.129389957521713,-6.395339682142582,1.367520122800653,-8.051625255592915,-16.035633293187445,5.0,7.0,-2.1125538594860136
02-09,11.594209842618866,8.816298873967531,-3.2090753934408847,-6.333565208404012,-7.540020778370184,3.6010082229596416,-4.743833034246952,8.948007339716993,-11.976393439081088,1.2549983575911874,-6.498194158670511,-12.043013104989289,5.0,7.0,-1.510797706695725
02-10,14.589373654374805,7.822407959840564,-1.7954455157219278,-7.232811282169262,-9.102568815550336,3.6010082229596416,-3.083489662631828,8.180703709211063,-13.028372555650511,0.7458466198456175,-5.357152183040082,-12.043013104989289,5.0,7.0,-1.3919594127934622
02-11,11.285422653876749,6.626721933385867,-3.3643039662341225,-7.995735781101984,-9.102568815550336,3.2049019889311965,-2.9985680814061113,11.025031619587855,-12.142044389445216,0.4030028715642882,-5.357152183040082,-13.405017284065401,5.0,7.0,-1.818359119458108
02-12,10.716049759476274,6.608087935674955,-1.3120962376309837,-5.411028338781374,-7.564104643668553,3.12386701380919,-4.426464993071904,8.051631117143558,-10.62146372729528,0.4030028715642882,-3.809531702746968,-14.357144492013113,5.0,7.0,-1.5499329531283257
02-13,9.979938404310646,4.440497395876211,-1.4705920968923585,-5.411028338781374,-7.224330709594125,-0.4072588279134432,-4.403401329887943,8.866992615013771,-10.62146372729528,1.208986653281919,-6.158538124236553,-15.797096531673144,4.0,8.0,-2.2497745514826395
02-14,15.399893707710607,11.513158039207935,-1.4705920968923585,-3.954212253434832,-11.710126487645596,0.9248982376959962,-1.0189870856861571,8.698328028213231,-9.096037477998141,0.5777029725880606,-5.1483971513384645,-15.489917539465315,5.0,7.0,-0.8978574255870869
02-15,19.517954586713785,11.513158039207935,0.28159652007932084,-0.3780024108624224,-9.122206799107026,0.4486012681622372,6.112785640447943,8.698328028213231,-10.626079251486713,-1.1169931305174767,-6.088006145824447,-20.20057765610764,6.0,6.0,-0.0799534425901065
02-16,19.517954586713785,11.513158039207935,0.21698604608263325,-1.1796440194463418,-6.786756912140909,0.1125307082416206,6.112785640447943,8.698328028213231,-12.759821193771206,0.11744249534502793,-5.2887470610019935,-22.125188982298997,7.0,5.0,-0.1542477187006055
02-17,19.517954586713785,15.05815494686556,-1.6265322999087135,-4.020796644970494,-11.456050877751467,0.1125307082416206,6.112785640447943,8.739079476905486,-9.619815769465722,1.1040013760396217,-5.932717374452425,-22.125188982298997,6.0,6.0,-0.3447162678028173
02-18,17.912623620030978,8.14299622318442,-0.4017338246701041,-17.044148422626296,-11.456050877751467,0.1125307082416206,-0.09208314178617234,10.852235205680833,-8.529744577970744,1.8454422837848747,-5.932717374452425,-22.125188982298997,5.0,7.0,-2.22631993005279
02-19,13.6527544531825,8.22950894715356,0.4709564104669303,-17.044148422626296,-11.456050877751467,-0.22505426213724067,2.2655188351328266,10.238694137119435,-11.085584848311553,1.8454422837848747,-5.932717374452425,-27.047327680693517,6.0,6.0,-3.0073340332610314
02-20,18.490758223975337,4.567144327263058,-2.126288105494073,-17.044148422626296,-6.800685242350353,-1.9902392164786329,1.5689900848677718,5.929919847658884,-11.085584848311553,1.8454422837848747,-6.500617628722863,-24.117204635215288,5.0,7.0,-3.1052094443040943
02-21,21.606507287826858,3.8791596063227063,-2.126288105494073,-17.044148422626296,-6.459727341954485,-1.4557647492367047,0.5586542571791521,5.929919847658884,-11.085584848311553,0.4057953323143116,-5.2726131372547,-22.835252508474003,5.0,7.0,-2.8249452318374915
02-22,22.35649747031413,3.8791596063227063,-2.126288105494073,-17.753341006678568,-6.859052279859978,-2.5767348272183503,2.1081534871962884,5.929919847658884,-10.254954702900458,2.6704614233870627,-7.420920156462913,-18.918917724711264,5.0,7.0,-2.413834747370544
02-23,22.35649747031413,6.488154631305177,-0.4218074931943176,-25.22376233597908,-2.478661876775206,1.777938246057252,2.1081534871962884,7.345014429786308,-9.908370792089377,6.535951650583716,-8.292080230449264,-18.552732023679315,6.0,6.0,-1.5221420697436403
02-24,18.328304054028095,4.540762671763078,-0.5519483133278466,-20.21573842242079,-1.1632531272713362,1.777938246057252,1.5123736403366304,2.693606477638361,-9.651630565201527,11.690280562679426,-7.958056683439412,-18.552732023679315,6.0,6.0,-1.4625077902364492
02-25,18.452686535065254,3.684207849335252,-2.639200846084392,-18.584415521729593,-1.1632531272713362,0.6531215844115632,1.5603494185519275,4.899325912253511,-11.575922418898339,14.208453136519461,-7.958056683439412,-14.39568836418936,6.0,6.0,-1.0715327104562886
02-26,21.874999408684076,8.791942949536804,-1.75999755859375,-18.866430104024968,-0.9626946176504342,-3.196182443717273,-1.1152405483875372,5.858855443549974,-11.575922418898339,14.208453136519461,-8.698345677954814,-15.414712896639536,4.0,8.0,-0.904606277298028
02-27,19.187244822220688,5.471638194094965,-3.2802802582050683,-18.866430104024968,-6.06694889574488,-2.9369088766608646,-1.9248819816797813,5.823958533659117,-11.575922418898339,14.995079715731912,-8.476652964140326,-6.9454766815239966,4.0,8.0,-1.2162984095976277
02-28,25.025641612517532,7.093367391662627,-3.2802802582050683,-17.122472347224242,-1.2810236216504385,2.498287335354914,-1.6814601257228727,8.193551340410785,-9.57020059185736,15.491554252421595,-6.9495642365332815,-4.1167680005139555,5.0,7.0,1.1917193958883523
02-29,0.0,0.0,0.0,-12.781952844183586,0.0,0.0,0.0,8.193551340410785,0.0,0.0,0.0,-9.476121258003738,1.0,2.0,-1.1720435634813782
03-01,20.413722277384547,7.093367391662627,0.16239409848138134,-15.30076277003382,-3.3675551621273723,-2.6637860072980457,-1.1147225427959675,7.677416647634199,-11.878925736820968,15.668668430868895,-9.571785221255142,-11.80173088511406,5.0,7.0,-0.3903082899511438
03-02,20.413722277384547,5.443746775331633,0.6142920536144411,-12.414070973114946,-1.9753146693638517,-5.007366045626645,-1.1147225427959675,7.547168874750544,-13.895219864841106,13.074563206933007,-10.35353140056946,-11.80173088511406,5.0,7.0,-0.7890385994509882
03-03,22.97224293909848,5.984303231758389,-4.191220500737083,-11.842102561360846,-0.6907764001535179,-5.007366045626645,-0.2786784209421735,6.303913925037527,-10.279835599839352,14.639069645185966,-10.562929021478904,-11.644370871710095,4.0,8.0,-0.383145806730688
03-04,19.763700821624703,6.072607917221823,-5.819036558606673,-14.256619587655294,-0.6907764001535179,-8.394700660731976,4.264975022734141,4.070552490584569,-8.956073207802307,15.365364189996367,-10.562929021478904,-21.637924074701644,5.0,7.0,-1.7317382557473924
03-05,22.18045586449753,3.8142608062372254,-3.373819232767066,-14.256619587655294,-1.8285202943129544,-6.234140282138271,1.6173682254747042,0.3419985713149767,-14.783660348879756,15.365364189996367,-9.487659750245914,-20.08474446822434,5.0,7.0,-2.227476358891899
03-06,26.35066671164458,0.0,-1.1554917911596252,-11.527494955820213,-3.991774696123248,-8.3823482181788,6.105836020817101,1.686909616383533,-14.783660348879756,15.115117752528477,-7.120158117144919,-14.037991834311091,4.0,8.0,-0.9783658216869964
03-07,28.705146310406068,-3.830861810696304,-1.1554917911596252,-15.099009414071777,-4.3513934293250625,-11.485977191204189,3.874204014490633,1.686909616383533,-14.783660348879756,13.467338475123622,1.186948121137124,-14.069465198444092,5.0,7.0,-1.3212760538533184
03-08,27.151964609662407,-3.830861810696304,-3.8296461285924464,-18.0948348937518,-4.312111788957478,-12.96011951938032,4.4404148427158985,0.8771937727253774,-16.279068681592545,12.304591747076529,4.118989314700967,-16.24319317148448,5.0,7.0,-2.221390142297849
03-09,27.151964609662407,-3.0357793649142564,-2.16956457190208,-17.38599572725939,-3.586145604603173,-10.8769266949273,4.4404148427158985,1.801197519759636,-14.092313326322115,11.206028065245896,0.8269308158585051,-16.24319317148448,5.0,7.0,-1.830281884014204
03-10,21.09457692736468,-14.331338370967366,1.7479006983652834,-23.391563407478838,-5.3668711061798176,-10.8769266949273,5.391937247451309,5.1658189021165235,-13.799502248098376,10.950002670288086,-1.2665922363547784,-20.59890571501859,5.0,7.0,-3.773455277786599
03-11,21.625928590974045,-13.041752430997395,-0.8255926165726618,-22.29729185494485,-5.3668711061798176,-8.656383781807929,4.893520338196165,-1.755523420548234,-11.872708175895363,11.788018846757907,-1.2665922363547784,-17.78583487346248,3.0,9.0,-3.7134235600696166
03-12,12.513540522791267,-17.452436973092976,-3.2815818636855494,-22.29729185494485,-5.786159910667307,-10.048927764248546,5.802964618725033,5.800757227044544,-12.354026873568465,11.788018846757907,-0.7840721433341443,-2.170138802655321,4.0,8.0,-3.1891129142398675
03-13,9.191583037101099,-15.927746566302755,-2.59376008870742,-27.95607621017564,-6.708596879993545,-7.421435074386598,4.645815269159445,5.741329837129277,-12.354026873568465,12.530958988226681,-1.2062772247271991,-10.314688360646294,4.0,8.0,-4.364410012240951
03-14,16.201119591337246,-13.82507206372282,-2.59376008870742,-26.05574322963736,-9.595332541906963,-7.545761760261173,2.615597711039085,5.741329837129277,-12.907193130825355,12.332836578770234,-2.843010357209377,1.6101739914106274,5.0,7.0,-3.072067955215333
03-15,13.385823302815087,-13.82507206372282,-0.8412189461688467,-30.76595549887799,-7.184144593095665,-4.9275314645140895,3.961302345784136,7.003158256382547,-15.857405354127927,13.720700823978353,-4.094291644239742,5.76298746537512,5.0,7.0,-2.8051372808676533
03-16,13.385823302815087,-14.631201718074491,1.0164770716710465,-25.40675981244166,-4.28046966028901,-7.100584703910941,3.961302345784136,6.940065331201756,-13.301080615573095,12.889103537770007,-5.425859194352803,5.76298746537512,6.0,6.0,-2.182516387502071
03-17,10.81364592359031,-15.43732368460402,4.550119550238962,-25.702475691157705,-5.354197694794848,-7.100584703910941,4.145553461464528,4.388713590194004,-16.402442662365672,14.457831325301207,-7.736936414457629,5.1136374192086125,6.0,6.0,-2.855371631774433
03-18,2.232855333432638,-7.800605721073206,2.328768107564009,-30.278370789385015,-5.354197694794848,-9.097629442238796,3.2855204616754445,3.629536547689326,-13.072289315826021,14.499037551522989,-7.736936414457629,17.944533182653828,6.0,6.0,-2.4516481827697727
03-19,6.3763680207753675,-8.153016533131376,2.4576544540612137,-30.278370789385015,-5.436571900717635,-8.979134998923385,1.3035325198508998,6.601472109340972,-11.065093973037763,14.499037551522989,-6.705344892529945,13.767519048130831,6.0,6.0,-2.1343291153369037
03-20,16.16504787398685,-14.428451786389767,0.8105361910538459,-27.19486200312446,-5.9259283097484055,-9.195827465478835,-0.8820734384092891,6.829267753723603,-11.065093973037763,15.317920376280556,-7.637536349960579,14.309910872234054,5.0,7.0,-1.908090854905849
03-21,6.145779048333887,-13.072667874553707,0.8105361910538459,-26.342713326302324,-4.8033120734380566,-12.713473749418116,-1.8735344795471036,6.829267753723603,-8.93491279861434,15.239475601855233,-10.776437094357266,12.468404014366335,5.0,7.0,-3.0852990655748336
03-22,8.244054993118175,-13.072667874553707,1.5873056771866938,-29.52547999022861,-4.779715893835038,-12.897056821545375,0.0459569337162172,9.329266881460487,-6.511621408168819,16.172898975367506,-4.12844105499126,15.938506214199116,6.0,6.0,-1.633082780689551
03-23,8.244054993118175,-14.178515781426885,-0.9087864896797736,-30.427273257860932,-8.28775462943274,-12.810709102633664,0.0459569337162172,10.091189812138342,-6.971297922274928,17.575464700308554,-3.638722894410781,15.938506214199116,5.0,7.0,-2.1106572853532755
03-24,14.764788903939008,-10.189853245001633,-5.102399333401171,-34.03614425694777,-10.948271226939788,-12.810709102633664,-2.6654407978186803,8.915665433133013,-6.217017130340715,17.692679432928493,-3.3700550473413067,14.886725323811405,4.0,8.0,-2.4233359205510685
03-25,15.757042393930805,-18.807340763031725,-7.536635934794497,-28.66584385171936,-10.948271226939788,-13.307837831746467,-0.2791971455626541,8.552628051601085,-5.697671504456652,19.027181219682642,-3.3700550473413067,16.614909350221268,4.0,8.0,-2.3884243575130557
03-26,14.558369226281044,-23.25984117302028,-8.408931822202097,-28.66584385171936,-10.344825601747921,-6.537890876277197,0.04622432695854422,8.002411613847531,-4.8442914947871305,19.027181219682642,-3.758910643128774,12.866817479723654,5.0,7.0,-2.6099609663657777
03-27,16.212532337007882,-22.146511347181157,-10.727014562260422,-25.44403960226304,-6.93400087878258,-6.027200853280935,-0.3227279534378309,9.580129510214073,-4.8442914947871305,20.553169323175002,-4.911591208359658,18.141592640278915,4.0,8.0,-1.4058295074730742
03-28,22.28187676616427,-22.721434639522954,-10.727014562260422,-24.81632621920839,-6.2028478808765675,-3.754508951386574,-0.9246452644446832,9.580129510214073,-4.786620048455895,19.392187875224614,-3.4974091744089395,6.410259176454054,4.0,8.0,-1.6471961177089511
03-29,20.721127520751452,-22.721434639522954,-12.580188003674127,-24.837666358889948,-1.4037991834311092,-8.460420647235258,1.3110348305818336,7.45121372117969,-1.3311134885087803,17.8937105574768,-2.883352383904528,0.16090472463901548,5.0,7.0,-2.2233319458781584
03-30,20.721127520751452,-24.09071013517037,-13.49149963463872,-27.55273657842269,-2.4614108030415407,-10.629632737901476,1.3110348305818336,4.847393837950921,1.1375898964658877,18.091942314535093,-5.632865601062554,0.16090472463901548,6.0,6.0,-3.1324051971094296
03-31,21.13189955733145,-18.662265012003623,-17.14492987878533,-29.30890455459281,-3.4976820047078485,-10.629632737901476,2.5316516819373835,2.7338935639147235,2.13698295697774,18.734672923843,-5.006582739977876,-1.3676594699934017,5.0,7.0,-3.195712976163172
04-01,21.273709188423997,-20.099257853653825,-17.705277867058502,-32.28279417157137,-3.4976820047078485,-13.222221091941552,0.5941460957626784,1.8393577368717169,6.928534986632433,20.221476506369182,-5.006582739977876,-10.323703587016816,5.0,7.0,-4.273357900155649
04-02,14.272973916369484,-21.13551827122277,-17.025868004624225,-32.28279417157137,-4.719767639438602,-13.617663147526322,0.9233645630119836,6.840194207802626,6.8777306215666165,20.221476506369182,-4.0184429803289285,-13.362443305310302,5.0,7.0,-4.752229808741885
04-03,11.648245208466976,-17.248291955166213,-19.515779741396834,-29.258947926619392,-3.475711695458074,-12.08379946708407,0.3242227620634279,6.04394913410676,6.8777306215666165,18.536351933640066,-0.9511706669382348,-6.79862280235313,5.0,7.0,-3.8251520495976745
04-04,11.954989433574687,-17.86290500588279,-19.515779741396834,-23.79949314660063,-7.32647417863472,-10.400907505496074,-2.3786869129935084,6.04394913410676,7.3689978381993635,16.062686946085456,-1.7983345673319808,-10.94953577922659,4.0,8.0,-4.383457790466404
04-05,13.575696814244953,-17.86290500588279,-19.075564240390012,-21.589514505148124,-4.813736104058685,-7.490636490078572,-2.5250152092654075,6.471303542440313,8.794792793287211,15.029475842624633,-3.634006652574648,-13.67222121366217,4.0,8.0,-3.899360869038608
04-06,13.575696814244953,-17.338714825375305,-20.922509212106664,-18.984731606995176,-0.5261071344876125,-8.62982846351806,-2.5250152092654075,5.343985273582086,6.9627218952855126,16.625923711653662,-0.6337159896193334,-13.67222121366217,4.0,8.0,-3.393709663355293
04-07,17.85549582375782,-16.192380299160934,-20.69611088605697,-14.359385048383558,-2.3064227763815257,-8.62982846351806,-1.4768912306942286,9.253732481999183,7.248763103726673,16.952469918373698,1.8541420585690405,-10.166519394609876,5.0,7.0,-1.721911226031561
04-08,17.391301633953127,-15.279998779296875,-18.53095181676026,-16.390792857938184,-2.3064227763815257,-9.727477999253377,-1.0900452041617803,8.825285960117423,6.146172402143033,16.993140550390574,1.8541420585690405,-10.837000007898274,5.0,7.0,-1.9127205697097576
04-09,16.434543941804087,-14.925367966700266,-12.797408701154016,-16.390792857938184,0.617798688784264,-9.584909115197524,-0.8056875508080152,6.812656951641637,5.201333565315866,16.993140550390574,3.152040910151857,-19.08190775041956,6.0,6.0,-2.0312132778441065
04-10,13.4328399327717,-15.960514822515753,-15.589217836267615,-13.685907658455086,-1.2474060454309046,-2.208319395601445,-0.3308114145982841,4.785583905913303,5.201333565315866,14.887369755970528,4.261704949878862,-18.140796414459974,5.0,7.0,-2.0495117897899
04-11,12.463492011608267,-15.202293931708185,-15.589217836267615,-19.259563163228094,1.6319853724804378,-1.5712685502680208,-2.004773560853159,4.785583905913303,6.208046728763598,11.841447938857653,3.3252788026925213,-19.21676410126528,6.0,6.0,-2.7156705319395478
04-12,11.42857035476498,-15.202293931708185,-12.37532478476624,-20.147721289805922,-0.5425754302281336,-1.6961886315266388,-7.929301326609192,4.101925675283204,8.710032948555,23.776820556143583,1.227751698582263,-22.45089491498872,5.0,7.0,-2.591599923025333
04-13,11.42857035476498,-14.589299968735695,-14.146343383593583,-19.145368806660613,3.5255095808864523,-1.4667145069966483,-7.929301326609192,5.1020374284543895,10.849312560199056,23.19342478922601,-2.352198664977174,-22.45089491498872,5.0,7.0,-2.331772238252561
04-14,12.857136951207389,-20.0588663275094,-14.460971569372857,-20.00828519398068,2.9215312284567516,-1.4667145069966483,-7.727276492929034,-1.374136853275094,11.909867950893547,22.652887099168247,1.1663629427823543,-21.42189010049444,5.0,7.0,-2.9175295726708206
04-15,15.014165530482455,-12.945369865930607,-13.754106088109348,-18.148445238637155,2.9215312284567516,0.03760898392045575,-9.19305027617103,-4.364821235462369,12.004286117016349,22.719452403813285,1.1663629427823543,-16.956923990320252,6.0,6.0,-1.7916091240132588
04-16,10.059717446062862,-12.014277435134833,-10.45372467466724,-18.148445238637155,0.4590931018616552,-2.1396385431063663,-8.57729910215503,-8.026754679431146,12.519980416397464,22.719452403813285,0.9208196282906738,-21.621628587833143,5.0,7.0,-2.8585587720449137
04-17,5.655170309132543,-14.372466102863696,-10.654546564275568,-20.02446882441829,4.372935131812033,3.298247487921464,-6.545455734451097,-14.457831406733186,12.519980416397464,23.19276868645642,2.1621544219272932,-21.727275848388672,6.0,6.0,-3.048399002290274
04-18,6.3632178148659975,-15.73125840471891,-10.654546564275568,-16.233766635888994,5.206164048663207,1.878762128668756,-7.2546941582370685,-14.457831406733186,11.561001722812355,23.14655458034139,2.6962297695628084,-19.658882521453176,6.0,6.0,-2.761587468866032
04-19,6.3632178148659975,-15.73125840471891,-9.599997780539773,-8.384853735171706,6.352455988906735,3.855507381220348,-7.2546941582370685,-17.43444435154775,8.122647748723288,23.71711890184097,2.1058986991355075,-19.658882521453176,6.0,6.0,-2.2956070347479622
04-20,6.3632178148659975,-17.083163057602555,-12.181819568980824,-9.814532449359266,6.598355443334666,3.855507381220348,-7.2546941582370685,-17.22183783115936,7.4771349017710325,24.32083297589396,2.1058986991355075,-19.658882521453176,6.0,6.0,-2.7078318642142283
04-21,3.0190501864780948,-16.63252556870792,-11.592127666108224,-5.464897583342266,7.583126291385637,3.855507381220348,-7.463467205449523,-12.73227434132313,7.980452265287137,24.796220127511702,3.6708049395475486,-20.915618060125478,6.0,6.0,-1.9913124361355063
04-22,-0.24213629701141096,-17.80821494813421,-10.90973618127919,-3.270163779654806,7.583126291385637,1.5630453234781028,-9.791661906573696,-15.564739377631636,5.2140444094007785,24.53723188942468,3.6708049395475486,-29.286374963706898,5.0,7.0,-3.6920645500629248
04-23,-2.6493518383472003,-18.65328741231261,-9.278710322422734,-3.270163779654806,3.730738369775346,9.218697877599222,-11.399785519361105,-8.902281892475454,4.002219691577799,24.53723188942468,1.598570516115685,-26.58227367847777,5.0,7.0,-3.1373663415465782
04-24,-4.435279202797103,-18.98787513383748,-8.594291346643232,-4.5707898521397246,6.99523147677151,11.706220599120345,-10.115305623129704,-9.858203894532767,4.002219691577799,24.96771137044193,-1.4492740269210291,-23.98921876765915,4.0,8.0,-2.8607378924790505
04-25,-6.2899802280338974,-15.556457323927985,-8.594291346643232,-6.2269733679589025,7.321851104932848,15.514542355341144,-10.172147914338657,-9.858203894532767,2.9460850104978387,26.17934410392188,2.264606987874924,-30.573847271975627,5.0,7.0,-2.7537893154035356
04-26,-6.631014548275606,-15.556457323927985,-11.37786561049724,-9.977329509985829,11.636085039296892,15.873016532610078,-10.344835489680387,-9.655633430012251,2.101765278595803,25.70815436590479,0.12099489977535287,-29.23650288863872,5.0,7.0,-3.1116352237362577
04-27,-6.631014548275606,-14.337931189960065,-8.119078693812016,-12.131523442512107,10.408638039133882,16.676936402855567,-10.344835489680387,-9.2317986374539,5.019094817911679,27.152034471139608,-2.2811396726062982,-29.23650288863872,4.0,8.0,-2.7547600693248637
04-28,-7.647049943768916,-21.308859802033037,-10.935345275688293,-9.862909862960707,11.466667538597472,16.676936402855567,-12.800422367121374,-6.233425323695911,4.625551539900452,28.234298292613488,-1.4058651201443058,-29.98138115131046,4.0,8.0,-3.2643170893963367
04-29,-15.000001554903807,-25.532751674801126,-11.900593821659095,-10.114502066270026,11.466667538597472,17.54007049193957,-21.750522196669834,-5.157957609638419,4.667756819635825,26.658048276293176,-1.4058651201443058,-28.41121510320673,4.0,8.0,-4.911738835068941
04-30,-10.278372831514137,-20.598802413447107,-14.711101242690749,-10.114502066270026,9.066663469587054,15.872516888220645,-14.436247825089893,-2.7759865172983225,5.13660473168398,26.658048276293176,-0.5501231615538222,-24.16044858276616,4.0,8.0,-3.4076459395704464
05-01,0.2056602260065848,-15.311905936635068,-13.863478266997266,0.5725248912629312,13.990219225299404,15.391940165789814,-18.84760397155801,4.955223425110773,5.13660473168398,25.8828613548895,0.0,-24.16044858276616,7.0,5.0,-0.5040335614927933
05-02,-2.300617460256012,-15.486558789165105,-13.863478266997266,-2.2771886114733726,11.939736976975176,15.96718614079218,-16.380231469345723,4.955223425110773,2.622948427583806,25.83404287847145,-1.6049278351146632,-21.848740842700817,5.0,7.0,-1.0368837855099633
05-03,7.275253477177,-15.486558789165105,-12.068966558648453,3.267479560498172,10.878504102475176,15.114064103716256,-17.580031022616208,11.402984163654384,3.9713146535195314,26.06086559618053,-3.5359780716446023,-17.88618383464269,7.0,5.0,0.9510622817086656
05-04,7.275253477177,-11.094283688391952,-12.463769878667062,6.6464109573521055,11.115240942451463,13.9691668573607,-17.580031022616208,12.859662042027747,2.754820994538888,25.39211416860056,-1.4188862589466542,-17.88618383464269,7.0,5.0,1.6307928963536578
05-05,8.850787090661374,-11.780505593779381,-10.268332213036164,5.725041785663433,10.65022554967599,13.9691668573607,-16.549100306873036,11.07784608953574,3.6955328588422014,22.466214637934,-1.044868294473988,-16.982837997004758,7.0,5.0,1.6507642053755098
05-06,10.419483346833324,-16.700119923301767,-12.081512918955589,7.6042800086348175,10.65022554967599,15.25369329833383,-17.754985894575807,11.782118668031435,3.0454000737803866,21.672354129535822,-1.044868294473988,-17.876581048293996,7.0,5.0,1.2474572496020384
05-07,12.328141941705413,-13.140132575492276,-9.59435370989396,7.6042800086348175,8.034378176909723,7.547802885976572,-18.488317774457,11.906151730988876,4.159825998027715,21.672354129535822,0.676094697336488,-16.60583657381017,8.0,4.0,1.341699077955168
05-08,8.40527197742656,-15.280459564025117,-9.517091208037408,6.644515418685201,7.2544602547346475,9.507980776614284,-19.821834937446184,13.078704508550338,4.159825998027715,15.699659647314643,0.7348489883284979,-22.619049906335558,8.0,4.0,-0.14609733718019768
05-09,11.956519016170914,-18.160190517058638,-9.517091208037408,6.068507189411787,12.06769922670277,7.2941179035090595,-18.005540927265233,13.078704508550338,4.488230291618669,13.667229992976972,0.5497870981911648,-15.77122791022933,8.0,4.0,0.6430620553784224
05-10,13.020133323240456,-18.160190517058638,-10.1515652998635,4.425113663620609,9.130593851510028,2.7296989919497703,-18.92796995270925,12.557875831829696,4.54048081252214,14.151746907021874,3.501484505820696,-19.499099212834853,8.0,4.0,-0.2234747579125811
05-11,13.020133323240456,-18.120546100700906,-6.650502322413262,4.583970218322363,10.838517547991886,1.7154397468365148,-18.92796995270925,7.0185967062938275,3.526167510191179,14.723400359458113,8.101854841282217,-19.499099212834853,8.0,4.0,0.027496888746523968
05-12,12.751679341503046,-14.377356475254276,-8.222534596721562,3.360690133738008,11.61524117679883,1.7154397468365148,-19.54215538704055,7.687686260044368,4.617058058200967,15.5306312945384,8.892714650582056,-16.10017162725154,8.0,4.0,0.6607435479978546
05-13,23.138070575571586,-11.89169414223433,-8.297872657021795,3.5115085758877336,11.61524117679883,6.55902753318421,-21.638416715356136,9.489489248682183,5.9613349104299065,15.054227454269554,8.892714650582056,-13.07829445696307,8.0,4.0,2.4429446794858936
05-14,22.28713876996706,-7.408721093288755,-6.788790873884932,3.5115085758877336,11.796733539026985,5.955676465846668,-25.655642902597343,10.503944228058225,5.910802500768678,15.054227454269554,9.122203813821764,-4.598739602026296,8.0,4.0,3.307528406320779
05-15,21.268494124438654,-8.336326630198819,-11.808948370174546,2.14591984030364,13.161607347047667,2.954625900707309,-23.940438283831845,12.522258531649475,5.910802500768678,14.05639860459859,6.835585979222375,-5.451301458678587,8.0,4.0,2.4432231738210493
05-16,17.21518899731893,-11.131590678893103,-11.808948370174546,6.582958159754089,10.033324579255206,3.954798530910498,-25.625000745058042,12.522258531649475,5.803330941887876,11.943591573537367,8.758702139958901,-10.391972305368071,8.0,4.0,1.4880534462315478
05-17,14.472535385930867,-11.131590678893103,-11.470474688070672,13.705946459793921,9.307520265046184,7.9553408889895145,-24.70389837112637,13.234424008458893,11.063601261969607,10.56179946727967,2.9377892335886715,-7.8361544996615,8.0,4.0,2.3414032277754733
05-18,14.472535385930867,-5.897531997654937,-14.388222957534266,12.294779097574278,9.948226490306523,9.842792363591492,-24.70389837112637,10.830331248600617,14.225717548589332,9.493381735243293,1.0752718349589694,-7.8361544996615,8.0,4.0,2.4464356565681915
05-19,16.172628184176713,-1.9152871641617408,-14.525991052085054,9.070717297957161,10.477942285034453,9.842792363591492,-23.745071068909184,7.469141573063341,13.517832846023884,9.995481369578076,3.9032488783710337,0.0,8.0,4.0,3.355286292720013
05-20,19.88080085907828,8.709917093589995,-13.897392971420514,7.040123410220947,10.477942285034453,10.86808024709747,-23.36501088756003,4.8543644373911645,13.859276917635178,10.56179946727967,3.9032488783710337,1.6949115052341066,10.0,2.0,4.549005103495981
05-21,21.009848431489424,8.876814235786574,-13.821451263734179,7.040123410220947,10.808825189679503,5.646307390637329,-25.87768818975332,5.295564463040833,12.269273721613045,10.56179946727967,6.926883957604643,-6.864570900954196,9.0,3.0,3.4893108260758567
05-22,23.95789698550575,10.774907878933334,-10.700683326163222,11.16578635284116,12.733258514273816,6.347520805317743,-24.299600089293147,5.353845449594352,12.269273721613045,10.112359550561797,8.194903576975829,-3.155991190078898,9.0,3.0,5.229456519173463
05-23,19.303275238150853,12.454744495051566,-10.700683326163222,9.89345629199678,11.939750484877884,5.339463197378542,-22.69340350335661,5.353845449594352,11.292073371828915,11.29173844015589,11.48796664435514,-5.075696097357328,9.0,3.0,4.9905442238760624
05-24,13.867016586423414,12.454744495051566,-7.920791719637475,16.280725844350027,12.846352949121904,2.3008836054168973,-21.37188542067635,2.4000021127554083,10.653480089206523,8.28482036628098,11.18456651219069,-1.5490559978359308,9.0,3.0,4.952571618553971
05-25,13.867016586423414,11.803041744485038,-12.766804533549207,14.849024375915857,11.444043281526438,2.0929412607675717,-21.37188542067635,1.6139057667991117,9.369857997110444,8.255244953441457,12.768297661435227,-1.5490559978359308,9.0,3.0,4.1979689729869225
05-26,13.867016586423414,9.12087853738075,-15.716545041101249,14.788728563399095,11.219683562361293,2.0929412607675717,-21.37188542067635,4.491023469524111,9.191583037101099,6.699639327573839,15.240643129373515,-1.5490559978359308,9.0,3.0,4.006220917857597
05-27,15.031225815189488,3.382353126796466,-26.571309706131068,13.26164482501785,11.219683562361293,2.0929412607675717,-19.61432253865061,2.6203553270818167,7.158830197853295,7.531196496598433,15.240643129373515,-7.410631281664253,9.0,3.0,1.9952175178828169
05-28,19.40874317493623,6.1298532925805045,-21.95220720557517,13.26164482501785,11.219683562361293,3.7722400411118464,-20.591520749707215,-3.5443064104839954,6.950671303319964,7.531196496598433,15.240643129373515,-4.696841920949277,8.0,4.0,2.7274832948819974
05-29,15.05943772267099,8.082288431621935,-33.941286581343924,13.26164482501785,13.839601051437766,4.99114990234375,-19.33333079020182,-4.871796219855182,6.950671303319964,7.531196496598433,19.05010254487695,-1.761745275191843,8.0,4.0,2.4048277842745733
05-30,5.9790026246719155,1.8438576601598569,-33.941286581343924,15.429192809523785,11.86071996358258,6.149546391589059,-19.866453748386,-4.871796219855182,6.950671303319964,6.528585841340878,18.89763554841432,0.2533761198021125,9.0,3.0,1.2677543094016137
05-31,7.70609021895884,1.8438576601598569,-33.941286581343924,15.184384620784474,13.934425950926487,6.394313539797221,-18.547060127039707,-4.871796219855182,3.868033607092473,6.045454198663885,18.002194602538157,0.2533761198021125,9.0,3.0,1.3226656325403912
06-01,7.70609021895884,1.8438576601598569,-21.551723597942196,16.231136676587173,14.102108999151328,6.857548502208857,-18.547060127039707,-4.525175635024636,1.0356640190954358,5.2462007071497405,15.269294642150793,0.2533761198021125,9.0,3.0,1.9934431821048
06-02,5.958781101661343,1.1323737157980596,-23.68858667057136,13.123359542510956,13.422099052543983,6.857548502208857,-17.501377500403358,-6.33484472524101,4.902512705916606,5.301980591123293,11.74089403790869,-0.2533761198021125,8.0,4.0,1.2217803528044957
06-03,4.1945584134672265,-2.7059304730794005,-15.332265788196947,13.60924556324532,13.422099052543983,7.635212742517787,-21.97309441012144,-6.7524127193289925,3.6178704221343008,3.1132067153784297,11.74089403790869,-5.10203585134164,7.0,5.0,0.4556123087606103
06-04,-4.555912526339053,4.80349728530308,-18.136849039646822,13.60924556324532,14.465636291208403,7.368048024917824,-19.58820585567728,-7.80141242177073,3.889518280496155,3.1132067153784297,10.989013716582791,-8.235298548956433,7.0,5.0,-0.0066260429381930965
06-05,-5.774654899728082,10.13986260124268,-19.56612711058636,13.348247443854113,14.327914223404482,4.809054375284323,-19.568816906130824,-7.8709633119644655,3.889518280496155,2.6886867059424517,9.235292322495404,-15.364578418019939,7.0,5.0,-0.808880391142505
06-06,-2.3709912759417366,10.901386839411526,-19.56612711058636,10.333336724175346,12.017635650274824,4.1563942604593125,-22.95919095544762,-7.8709633119644655,3.043962881317864,1.1781338741263117,12.392425757850988,-19.576721668052052,7.0,5.0,-1.5267265278646718
06-07,-0.9165937934769725,10.901386839411526,-19.56612711058636,8.921931793920974,11.334073780583319,1.8078636585774168,-24.726861962794533,-7.2258118660219255,2.309858295279489,2.7217265989753305,12.620263080261164,-20.106292873636967,7.0,5.0,-1.827048629958961
06-08,-0.9165937934769725,9.553157279268472,-27.256237808754772,7.81893074590391,10.890364086043176,1.49359908875947,-24.726861962794533,-8.051119869612911,-1.235267980349061,3.254719383141882,11.227459250812563,-20.106292873636967,6.0,6.0,-3.1711787045579785
06-09,-2.428967433813603,6.069125291267402,-27.55194466862444,11.76470504693242,9.491782114358664,1.49359908875947,-24.381828176728195,-3.8533183716909156,-3.4753303059519762,6.168830967769788,10.603394834805954,-17.449072397565114,6.0,6.0,-2.7957520008733794
06-10,-0.1828944062359396,2.4174068849599792,-21.760282810613532,11.202696557846796,9.491782114358664,2.062588571821204,-27.41935519313003,-2.4906577324521844,-1.4452486503043225,5.643661201869807,10.603394834805954,-12.285462040142884,6.0,6.0,-2.013530888934708
06-11,0.8064529912046616,0.6165212453787169,-14.046825249308887,11.202696557846796,10.42601230068795,4.153354892173187,-25.315007491751214,-1.0532842795705228,-1.5016711047707267,5.643661201869807,11.599294537988087,-4.6703317336873225,7.0,5.0,-0.17826051099495546
06-12,-0.44803038905469,0.4537979017748493,-12.587706157784257,10.003746807299263,13.990578430603964,3.675677325274493,-28.698751904940373,1.151518388227983,-1.5016711047707267,4.897393275439729,10.49527638787736,-3.3393491706390184,7.0,5.0,-0.15896001755761868
06-13,4.401408583723919,2.1095353582592726,-12.587706157784257,10.824156436490323,13.728327682491505,2.69384706813012,-29.747601829954363,1.151518388227983,-1.9466095126840808,2.2588213752297794,6.130945393287358,-4.215249175862853,8.0,4.0,-0.4332171992037743
06-14,3.7234050198272106,2.1095353582592726,-14.898888479377884,10.347431338689372,15.557161114377436,4.4106989157074645,-26.70187202228643,-0.1212148955374053,-1.721262976139503,4.311153091451021,8.303886251026407,-5.158368189913234,7.0,5.0,0.013472043840310866
06-15,3.7234050198272106,-1.1359054400756317,-17.04593884626132,7.642831761027621,10.624766933124633,3.994191521066852,-26.70187202228643,1.1466538174829628,-2.1630580964830632,5.3903337487784375,8.219183995630479,-5.158368189913234,7.0,5.0,-0.9553146498401229
06-16,5.452125759547078,-2.4370102226327366,-13.484092687881635,8.56603946325914,9.984933814860993,3.994191521066852,-23.35680357041317,1.2734935560185063,-1.333332061767578,4.483881790352718,8.816566892015963,-5.7918495801028165,7.0,5.0,-0.319321277139724
06-17,3.465129625563996,-0.0802264641750507,-5.114080382214057,8.531522266549416,9.984933814860993,3.0501093851245646,-22.6051328398069,-3.7794339121400022,-1.166661580403646,3.67404049041591,8.816566892015963,-1.9660435681738668,6.0,6.0,0.23422697730144315
06-18,1.9257225427712668,-3.0502875685762985,-6.133752310971338,8.531522266549416,6.895259110500017,4.066814822079145,-20.502570563456484,-0.7207257776741688,-0.3858858719927189,3.67404049041591,6.627218407336769,-0.2650237407623329,6.0,6.0,0.055194317184932194
06-19,0.0,-3.7238548585876536,-8.363635130602905,4.832014713873582,8.515448948457319,2.8236173261392645,-19.81828307868804,-1.3905654746391836,-0.3858858719927189,3.862457430547083,4.2603510627600105,-0.1803381768636722,5.0,7.0,-0.7973894257997428
06-20,1.0009489468762482,1.0379174828418567,-8.363635130602905,6.4930136965489655,11.580887637954946,3.4470480966368298,-22.170901964481025,-1.3905654746391836,0.4410139272204525,3.8153531955142905,2.8571415861066716,1.423486215927142,9.0,3.0,0.014309017992024331
06-21,1.5173053224703394,1.0379174828418567,-12.080807156032984,7.145610342736338,7.995492528405462,4.399140137738408,-22.170901964481025,0.6045971942833974,1.433297892116825,6.2558791598658665,2.1301698883365847,2.2927709469430786,10.0,2.0,0.0467059812686789
06-22,1.5173053224703394,2.954090992639081,-9.373736140703917,6.197069789726187,10.127534802673836,3.0467905763001726,-22.170901964481025,2.7206816084091234,0.11013468024077123,-8.980356181759092,5.565212083899458,2.2927709469430786,9.0,3.0,-0.4994502903034988
06-23,2.607867392514258,2.315369027428816,-12.210524709601152,8.298116751569202,14.121865906552904,3.0467905763001726,-20.95843609743248,-0.7255074077542136,-0.16465800096665525,-9.526067263235893,6.433078355547756,3.174608514175435,7.0,5.0,-0.2989580795751541
06-24,3.7458554282201137,6.193292588554961,-19.184758450391183,5.763912707738543,14.121865906552904,3.7722126212934,-14.31870430677567,6.538231096064124,-3.613116324625016,-10.362941838347016,6.433078355547756,5.731927367357696,8.0,4.0,0.401737929265884
06-25,-0.905195503236995,2.4710401508675965,-23.691335903204465,5.763912707738543,13.584226021499715,2.7432333424073088,-13.441481251790902,9.117815653223452,-3.613116324625016,-10.362941838347016,9.649628488799227,1.62308658881107,7.0,5.0,-0.5884273223214568
06-26,-2.737139731421196,0.15835675045484526,-16.193300848305224,4.697988699731141,14.550647995148097,2.1667284704604715,-14.126611505605824,10.547782529353272,-3.613116324625016,-10.888246041773483,6.001148371363093,4.11081372114954,7.0,5.0,-0.4437456595058573
06-27,-1.7781897325383222,0.5520555742412874,-16.193300848305224,7.436766064084178,12.17391508663682,-3.8629717394748098,-10.315181423277695,10.547782529353272,-3.7242917444034047,-12.108057329030988,2.6315833502968378,0.36231849629747176,6.0,6.0,-1.1897976430100479
06-28,1.717122346033736,0.5520555742412874,-16.78677006722373,7.680783452189474,12.975715490781749,-5.972945886973332,-10.125861007529664,12.87878821560865,-4.568243231037822,-12.895385032909427,2.0539927386435535,-0.09099389526937612,6.0,6.0,-1.0484784419537418
06-29,1.717122346033736,2.6025229949825297,-18.177909149224167,2.3027580808688466,14.774710674923627,-6.132427259011559,-10.125861007529664,18.15545334104091,-3.8547516690632837,-12.956647630033464,3.4843118353424183,-0.09099389526937612,6.0,6.0,-0.6918092780782875
06-30,2.7112449022809146,3.8597856076982655,-24.277461304526405,1.2738858965328062,14.205347537491573,-6.132427259011559,-9.610985979241326,11.992734515211714,-1.8242118348398468,-13.100430740573199,5.942270699077272,-1.364882396074229,6.0,6.0,-1.3604275296645014
07-01,7.894738857004746,5.2321003922670295,-23.529405361893435,1.2738858965328062,14.205347537491573,-8.31452595246339,-10.535404923945988,9.757611435272127,-0.7186244315647744,-13.265303947312688,5.942270699077272,2.7051414482159157,7.0,5.0,-0.7793473626099005
07-02,14.177442095005182,10.783580119106809,-21.325396581033143,1.2738858965328062,13.291141405285352,-14.483536447170474,-7.956504588609341,2.4167265126872013,-0.4964156467400801,-13.265303947312688,4.4142653269818375,1.073344206471337,7.0,5.0,-0.8413976373996004
07-03,14.844097497427967,10.816858173437257,-17.001227548021664,-0.8242761669253748,9.626437825025151,-19.83089837291876,-10.608695209890172,1.581032410853442,-0.4964156467400801,-12.876577397251324,6.704228360887983,2.624673514654378,6.0,6.0,-1.2867302132884328
07-05,17.313438128784497,11.411633752594335,-17.001227548021664,2.514370542754411,7.4302255372342225,-23.579428976554514,-12.632817722443402,1.581032410853442,1.5325707697315576,-14.501224137326135,7.138898892998901,5.357143726015213,8.0,4.0,-1.1196153852815935
07-06,17.313438128784497,11.411633752594335,-16.074311411329358,4.956900361176741,8.503033870055383,-21.55893627671322,-12.632817722443402,4.820051283896271,1.2561417200701728,-15.460846802289426,10.551942120637326,5.357143726015213,8.0,4.0,-0.12971893746212154
07-07,20.000001626736523,6.280927254581157,-20.16259759170102,5.127286971926344,13.039049416325426,-21.55893627671322,-13.16410550137202,6.431270656805617,1.2392217071901188,-18.769077124603037,12.539677141374804,9.608844323537577,8.0,4.0,0.05096355034068978
07-08,20.22184156621962,6.1423267795312215,-20.016510413116134,2.684815870711649,13.039049416325426,-22.16730798546702,-13.053745095308845,9.754633453458638,1.8378386626372467,-20.174987209082712,12.539677141374804,7.4935392875633715,8.0,4.0,-0.14156904376272786
07-09,21.90152786238916,8.585855770999258,-24.2173899774966,2.684815870711649,11.918506410698974,-23.675178013149143,-14.87055522331021,6.9027588779294575,1.4650051725058648,-20.174987209082712,14.179896080781967,9.013608834916546,8.0,4.0,-0.5238446285088156
07-10,20.91448077280402,7.632749034352036,-31.59834592189341,3.4203761931188,10.010284774277354,-23.451501518783,-12.774804683759214,8.818342033018324,1.4650051725058648,-22.130721407735177,11.519736003965305,7.0251473087732,8.0,4.0,-1.5957710199463253
07-11,17.654529755000997,6.877324935704979,-31.59834592189341,2.7468439363342054,10.531625952495082,-25.487851306112198,-12.27326884481102,8.818342033018324,1.1937125179609522,-17.510116621433102,11.717062757329852,4.1144903898975365,8.0,4.0,-1.9346375347089841
07-12,17.619651587760657,6.877324935704979,-29.940121023076898,4.8917152341384345,9.78593624957841,-27.937020381140147,-12.75045822113039,8.93592261793632,0.5434803453420628,-18.259982900431773,12.621359423063073,1.9213177702065525,8.0,4.0,-2.1409061968373932
07-13,17.619651587760657,1.6728582229452342,-32.494168137266506,-0.22848235117832524,9.444823388819916,-27.01402631269539,-12.75045822113039,2.7858360707421563,1.787648646113038,-17.709385887621558,11.18456651219069,1.9213177702065525,7.0,5.0,-3.6483182259261606
07-14,17.153752815378994,-3.4064169956855386,-24.436429223263666,-2.4115163800524706,8.201782565916767,-27.01402631269539,-13.054047453029366,0.5837622826632913,0.7654526516628868,-18.364273915548388,12.628725351525887,2.0128111700475424,6.0,6.0,-3.9450352869232868
07-15,6.902503711841919,-0.2693331875362582,-23.508624831927012,-3.3765238851052684,8.201782565916767,-26.492979963437012,-10.42540272882269,1.9377563734617596,1.0911116408723691,-21.09856625735695,12.628725351525887,0.4496420076388285,6.0,6.0,-4.4966591002439715
07-16,9.027495638808759,2.733310215762013,-21.916585741156386,-3.3765238851052684,7.687027515566426,-28.465345229712373,-8.489465863093686,-0.118545046948248,1.787648646113038,-21.09856625735695,12.140930004546624,2.044440375434028,6.0,6.0,-4.003681635595169
07-17,14.26326506599276,3.301338687870038,-26.28676127384591,-4.240282500281759,8.10439746681577,-22.2222230911342,-7.732863025325389,2.707380208402002,1.787648646113038,-21.560579371847812,10.456794774641564,3.35097098172612,7.0,5.0,-3.172576119239481
07-18,11.889509078384087,4.691637369657295,-26.28676127384591,-6.653545509601886,6.406685921236463,-25.594985242139288,-4.967845960255804,2.707380208402002,2.166845278268334,-20.390351107922726,10.569552469791873,2.3255833791119738,7.0,5.0,-3.5946912824094657
07-19,10.709936837742816,4.691637369657295,-30.28492685326836,-8.175596829975808,5.130887724004452,-26.326967999143434,-2.103461788943364,1.7857221335935058,1.6684578429241932,-20.882502527555026,6.776757761393937,0.0,6.0,6.0,-4.750838027464148
07-20,10.709936837742816,2.19447566026881,-27.276804279853984,-5.633239347709647,3.6115030508883548,-28.01204945351261,-2.103461788943364,-1.2302343033138032,1.1891854775918496,-24.72089181581116,3.1052272980535607,0.0,5.0,7.0,-5.6805293887165975
07-21,10.425962412154599,4.252091240490594,-35.09592749397873,-4.550943069829624,1.8214293888637,-28.01204945351261,-2.6151170010364093,4.029940869999098,3.7135318237318486,-24.933549533318118,0.7656016741534034,-5.6776545899942805,6.0,6.0,-6.32305697768971
07-22,4.772045013429051,-0.5311054112550353,-44.12506320557112,-6.524407839492197,1.8214293888637,-29.25990194225379,-3.5260152442365538,6.4081013958917925,3.964529086370059,-18.9873417721519,0.7656016741534034,-1.2681190562183238,5.0,7.0,-7.207520659372578
07-23,-1.4000845480643769,-6.883067070345287,-27.084272574295696,-6.524407839492197,2.4642876216343472,-27.81598989548041,0.16919785714270347,4.802745360666108,2.592591433905373,-18.9873417721519,-1.7667912396755487,-2.2747953158015766,4.0,8.0,-6.892327331829872
07-24,-1.870742424087607,-5.8933923828627295,-24.283825910939683,-5.006152118757456,-0.6944394096142639,-32.17390689502591,4.518235633029462,6.0383732296074335,2.592591433905373,-17.367090152788766,-3.3194987438295245,2.290750838267092,4.0,8.0,-6.264091408591383
07-25,2.1514292764677765,-6.0127712793012025,-24.283825910939683,-5.909084102249647,-2.347416417456545,-31.498608703032087,5.3658625340298896,6.0383732296074335,1.4814750526362637,-18.02354545139362,-0.5927591532096086,0.6216753736734738,5.0,7.0,-6.084099629263965
07-26,2.0703934074448203,-6.0127712793012025,-22.697221231000594,-7.265308925083705,0.7714882063557875,-30.74792194981401,1.5783578932248161,7.054176345582308,1.4300771314445129,-16.35897709773137,-2.13270514366076,-0.8108035659513879,5.0,7.0,-6.093434684040897
07-27,2.0703934074448203,-4.584739892414358,-16.062856087672433,-15.454172793557069,1.7915896317506106,-29.197078450066925,1.5783578932248161,-5.708913582446552,-0.6455025868736247,-14.1025641025641,-2.53987180995102,-0.8108035659513879,3.0,9.0,-6.972180161589769
07-28,1.863349327945896,-2.999236915726039,-20.3636342828924,-15.702824945092273,3.2072050077421173,-29.197078450066925,0.7891735707706451,-10.80000559488932,-3.8147075805932738,-12.358973576472357,-2.9655989436501815,1.1711721619211777,4.0,8.0,-7.597596685083578
07-29,6.7100431406732834,-0.4811219784019242,-11.271797502046688,-14.638226776813724,3.2072050077421173,-30.74817403129183,-4.849199894875876,-9.385552356106745,-0.21333821614583331,-13.523319759203652,-2.9655989436501815,2.5173689583658265,3.0,9.0,-6.303476029312936
07-30,5.510864061133361,-2.045374328349401,-9.93266240579757,-14.638226776813724,2.5585552593609235,-32.87919900367455,-6.424746924556246,-13.186806780807595,-0.4812842188020505,-13.523319759203652,-4.804267121111883,1.407210633443572,3.0,9.0,-7.3699381137649
07-31,5.804105835172326,-4.545457501056809,-6.395118741196479,-12.965288169189405,3.0302976728714093,-27.94184259235107,-1.087581806098734,-14.048441244058592,-0.4812842188020505,-14.559593183274073,-12.14550742354936,6.260871887207031,3.0,9.0,-6.589569957027153
08-01,4.771453522755839,-2.2222236350730613,-6.395118741196479,-10.175148376295873,4.839830859613227,-26.68463824340219,1.4092446630524524,-14.048441244058592,-0.320852745959736,-20.596200975197853,-12.03473030837164,1.5097697410156006,4.0,8.0,-6.662254623593191
08-02,8.96895415447433,-2.2222236350730613,-4.032593520297532,-10.09635426342745,6.234933966514371,-24.801416050650293,0.7940975400610849,-12.38754315211343,1.6550959611255252,-21.90680308449023,-13.96508505775556,1.246655345994415,5.0,7.0,-5.876023482969821
08-03,8.96895415447433,-0.3703717832212095,-8.288660737657057,-16.666667987911243,3.0017407136253467,-21.269301272427292,0.7940975400610849,-15.166551349347804,3.4976244059751456,-21.556880258901018,-12.873132491577358,1.246655345994415,5.0,7.0,-6.556874476742723
08-04,6.477579625042603,-3.213754121808158,1.5564261245304174,-15.558287821093836,3.4734281632504875,-21.269301272427292,1.0209779148924338,-14.98929583984262,4.799165741431781,-21.004315839623704,-12.037029405898604,0.0,5.0,7.0,-5.895367227628875
08-05,12.346623170146543,-1.6381184538745448,-2.933982422547192,-14.897957626654177,3.4734281632504875,-21.14065338632905,2.0000033908420143,-18.69226101748037,3.6286035938153463,-20.873779615855483,-12.037029405898604,-1.9298269683378444,4.0,8.0,-6.057912548243572
08-06,14.655501767728069,0.7299228407856021,11.235090811885447,-14.897957626654177,3.786037227946108,-20.521595851488076,-2.8911578601364125,-16.714077934995366,4.343218915645988,-20.873779615855483,-12.160489015909407,-1.4146758751184187,5.0,7.0,-4.5603301846805095
08-07,12.682377282842324,-3.1425371005360416,7.940940995719728,-15.918365789919484,5.051550520388278,-20.239620763280577,-5.164314046278723,-13.407045919714069,4.343218915645988,-19.956842895795397,-14.024397548219573,-6.06884129174841,4.0,8.0,-5.6586564700746615
08-08,12.214927144371837,-0.9150805373082144,7.940940995719728,-15.051544818681538,4.149657582259114,-21.244639163189646,-6.007069995652863,-13.407045919714069,5.296610404930738,-22.82430198036443,-17.61816310979536,-6.8100379863183615,4.0,8.0,-6.189645615311923
08-09,9.916700082467674,-0.9150805373082144,1.476452273622791,-17.790102309234427,6.447233331523282,-21.42554607464895,-7.079122973612209,-9.191429849082855,4.547888481441316,-22.234446842130843,-16.585061561602572,-6.2388573316006255,4.0,8.0,-6.58928110918047
08-10,9.916700082467674,0.3660336112253752,10.864392726875607,-15.683814403728993,4.881357742568193,-23.149746648454386,-7.079122973612209,-6.050308232595135,7.4249597915033885,-21.883661661487764,-11.437302068837436,-6.2388573316006255,5.0,7.0,-4.839114113806359
08-11,13.090041082520635,6.286768175945053,6.666665692286792,-12.041237428016267,4.1339288448844025,-23.149746648454386,-6.9006536839118136,-4.669778652124163,7.504000458007272,-20.923763898463665,-11.50550271242716,-5.525845550833177,5.0,7.0,-3.9195936933822058
08-12,13.421260277986068,5.4981540595733245,11.528542190587475,-13.161182079502515,4.1339288448844025,-21.127366160795237,-6.381733942955313,-0.3242554506321401,5.026449072831756,-22.49154353211512,-11.50550271242716,-5.998210131760736,5.0,7.0,-3.448454963693766
08-13,7.815712300578693,8.117006178205497,2.2691703279527844,-13.161182079502515,4.304749604291958,-19.720702159388324,-5.250733625890968,-0.8430616977802394,4.673389083017072,-22.49154353211512,-10.220318608928864,-4.626338686410327,5.0,7.0,-4.094487741330863
08-14,9.72164595868716,7.321559046263942,7.033871373153973,-11.078716460037231,4.861342736912818,-19.01349224046006,-6.5204411345546776,-2.4374168519148625,4.673389083017072,-22.26606997690216,-5.491162656463108,-7.207200086191536,5.0,7.0,-3.3668909340407223
08-15,10.126588390798178,8.433295803423977,7.033871373153973,-11.703454557081635,7.8284523579289775,-18.574424462557552,-10.574568934561624,-2.4374168519148625,6.054165662599042,-19.30219593031705,-1.6138700845868668,-5.301653561489897,5.0,7.0,-2.5026008995504454
08-16,7.431555735818375,8.433295803423977,9.713437025802586,-12.453143451125285,6.687245449737243,-13.6964364050457,-7.806909489490996,-2.173912497179185,5.285636921056539,-20.980605505951928,-2.348793907236556,-7.563029101135693,5.0,7.0,-2.455971618443885
08-17,7.431555735818375,6.434025601735209,19.455648088027214,-9.885621411547096,7.36660738675109,-13.19776505586714,-7.806909489490996,-0.7802333203262409,6.578947368421053,-22.26046524861189,-3.032072707464206,-7.563029101135693,5.0,7.0,-1.438276012807527
08-18,6.518904759145638,4.873586612076473,25.50676029428585,-7.99999815044981,6.007682025054022,-13.19776505586714,-5.125141047743617,-0.9026395073014806,4.040948392138969,-19.4366240165603,-0.3407124580513288,-5.882353988767301,5.0,7.0,-0.4947793451700027
08-19,5.459273106789127,7.851854960123697,21.766784499927546,-7.695406409736607,6.007682025054022,-12.480060487592231,-4.88540090271199,-4.277380650412051,5.508469567837008,-20.0453054706345,-0.3407124580513288,-5.612725959042674,5.0,7.0,-0.7285773482041656
08-20,2.713517417368446,8.883994481012463,15.885411769831547,-7.695406409736607,5.064613685276806,-10.57805938567024,-6.242352804397781,-1.9682505774119543,5.0053274743810485,-20.0453054706345,2.3850088684668167,-4.5325735157711975,6.0,6.0,-0.927006205607096
08-21,-0.4048589943373281,13.845608637047427,20.666664525082236,-8.219181871919002,4.598927070466097,-9.186050036113947,-4.114481859716047,-4.557290526766615,5.0053274743810485,-22.083803240246226,-0.4708647721234762,-2.2471888039352814,4.0,8.0,-0.5972660331817595
08-22,0.7558918542643152,13.815089202163419,20.666664525082236,-7.664378976848682,1.4290804637412613,-9.251970144736974,1.751309117093508,-4.557290526766615,4.206607490111089,-21.610899345756668,0.8187210168064181,-1.0948894629691135,7.0,5.0,-0.06133873231798378
08-23,-3.094688628633929,13.815089202163419,16.070175170898438,-9.754064922522607,0.9305662988979088,-6.555463854523609,0.4730923975631957,-5.078123375036097,4.918034440402465,-17.990004052983416,3.780068052804502,-2.7829331926354053,6.0,6.0,-0.4390210386337608
08-24,-3.094688628633929,14.133899524683036,20.033002797570628,-7.905454581631564,0.8963786499500218,-6.266920340341826,0.4730923975631957,-7.491854006196211,4.55750170696071,-18.68743434869771,7.364977561859021,-2.7829331926354053,6.0,6.0,0.10246396170416447
08-25,-4.942261956939731,16.383989140793776,20.809245031068187,-7.047386526857268,1.3913709862407562,-6.266920340341826,1.5966910715554647,-8.65573570376537,5.105259543971012,-19.35662583586668,5.033555149740209,-3.4322810271267272,6.0,6.0,0.051574961039317364
08-26,4.081636790548634,17.597005527480913,17.90993800100685,-8.765436769507035,1.3913709862407562,-7.001932066662017,2.012642244998776,-6.3185011461923075,4.204368690980301,-16.766142709830078,5.033555149740209,-1.4692363853800416,7.0,5.0,0.9924390261187472
08-27,3.721124735302341,14.034481706290407,13.004788933461144,-8.765436769507035,4.637891946354988,-5.235005102175799,2.3388467276242064,-4.398443401187528,4.610497088185304,-16.766142709830078,6.096187340047528,-3.611105395933339,7.0,5.0,0.8056404248860115
08-28,8.361343844160317,14.667604753893665,6.544119987933216,-9.053501366305296,3.2798819278929088,-5.370947998732071,-1.2138786189736877,-1.318261647518148,4.610497088185304,-16.169286450849604,7.244784547586204,6.135992529393293,7.0,5.0,1.4765290497221748
08-29,8.418365236820197,16.746737347222286,6.544119987933216,-10.976115792918039,3.2372814928968734,-6.671722080641228,-2.7421309068831032,-1.318261647518148,4.610497088185304,-16.905284805174208,5.7692368153483296,9.910643586044623,7.0,5.0,1.3852805267763415
08-30,9.267055083409543,16.746737347222286,7.095589158237987,-8.100202776239422,4.241553983177487,-6.595499704262791,-2.7421309068831032,-4.519769614320465,3.407887505841128,-17.39370244267001,0.9958997031821324,9.83739853157418,7.0,5.0,1.020067989022413
08-31,9.267055083409543,17.982154704435576,9.770325466128742,-9.805577809747858,3.5106744220674795,-6.92160417723215,-2.7421309068831032,-0.2424297910748106,3.0949836221446634,-19.843043598097697,-3.293408454693618,9.83739853157418,6.0,6.0,0.8845330910025789
09-01,11.625948843687954,12.656907355262964,14.935530318406306,-9.415719566686326,3.719756831996616,-6.92160417723215,-1.0501768470568964,6.606427043641776,1.9903218730307064,-19.81828307868804,-5.569154460919547,8.617889456742923,7.0,5.0,1.4481536326821909
09-02,8.740806596339343,10.233708969800064,19.04590970510049,-12.489202131482761,3.719756831996616,-6.92160417723215,-1.762627667402337,4.515057687725787,4.155570951639923,-19.614518772895753,-5.569154460919547,4.705878015914982,7.0,5.0,0.7299651290487222
09-03,10.49040900548324,8.995079228021057,20.8005710866393,-12.489202131482761,3.719756831996616,-8.032912226836963,-2.3117923547546173,5.218857020777042,3.1754583154498013,-19.614518772895753,-5.569154460919547,8.422787225488857,7.0,5.0,1.0671115639138564
09-04,15.307753211961314,8.278869320443702,18.319201869131405,-12.489202131482761,-2.3477600303552504,-8.234362252015421,0.05858365003291769,5.957682346149386,3.1754583154498013,-19.614518772895753,-6.613594174842785,9.17207907818086,7.0,5.0,0.9141825358131188
09-05,13.481780651207414,7.5402616725967615,18.319201869131405,-10.95050375976597,-2.560353910141416,-9.445339472420297,-3.4380550969338945,5.957682346149386,3.1754583154498013,-17.245239744957807,-8.24484494661628,12.79620778107856,6.0,6.0,0.7821879753981394
09-06,12.988594039395606,7.5402616725967615,18.319201869131405,-14.42764668520516,-0.1088164199404758,-9.540923631890383,-1.8086428490670683,5.957682346149386,5.166049434416311,-15.423165918524349,-7.412062182919764,12.79620778107856,6.0,6.0,1.170561621268403
09-07,12.988594039395606,7.5402616725967615,13.684594883127264,-11.90775726273963,1.6399254794449007,-12.274958815239966,-1.8086428490670683,1.6618962913930158,5.227031379106678,-15.774643589073506,-5.970155450100473,12.79620778107856,7.0,5.0,0.6501961299935118
09-08,12.988594039395606,8.381501695252549,15.381816517223012,-11.069179653764646,0.6481825790732333,-12.274958815239966,-1.8086428490670683,4.5404192639682925,6.867844651310954,-15.661975699411313,-7.440108981044671,12.79620778107856,7.0,5.0,1.1124750440645448
09-09,6.347863111609764,8.701906230734046,16.113389708612473,-11.630848217967275,0.6481825790732333,-8.919804654414424,-2.0432013929769703,8.834899655139585,5.879288247328148,-16.913447101541447,-7.440108981044671,13.191154000174162,7.0,5.0,1.0641060987272193
09-10,6.699960733860104,8.197906876064017,15.031700334109717,-11.630848217967275,-3.0968624012481767,-8.180709213868049,-0.7540665304011351,11.15406068296349,7.751149466876135,-16.913447101541447,-8.575029546767174,12.401261561982956,6.0,6.0,1.0070897203385978
09-11,8.186655648859228,3.214161357282762,13.285114999252892,-12.473666451416786,-0.10559903839014134,-8.090615111463775,-2.0443835103034145,13.35487120620442,7.751149466876135,-17.369027546525025,-11.977188690147646,11.690359874205384,6.0,6.0,0.4518193503695029
09-12,6.794923563960903,1.4705938038939923,13.285114999252892,-12.75876826374949,3.6344730330343022,-4.2468005295337985,-0.7593408551049037,13.35487120620442,7.751149466876135,-17.46574992003724,-11.285267788462718,9.715636311699944,7.0,5.0,0.7909029190028697
09-13,6.064353660209143,1.4705938038939923,10.392080299448649,-12.453143451125285,5.498635835366894,-2.684295275919081,0.34661737604574994,17.55519293905071,7.405519757862187,-16.8654128927665,-8.918747768011889,9.715636311699944,8.0,4.0,1.4605858829795426
09-14,6.064353660209143,1.4338282575655472,2.164332260580357,-15.566625057066064,5.771859612108615,-2.030248027446989,0.34661737604574994,18.211202898841158,7.352935629205996,-17.36150181862585,-10.384842812692431,9.715636311699944,8.0,4.0,0.4764623575354305
09-15,6.311884080413631,4.188854462122609,-0.4055165534813289,-17.66694983995523,6.632822792139013,-2.030248027446989,0.23107457777459456,16.79144500114543,5.667183874895224,-15.11693961626062,-10.995079439075504,8.293840469117374,7.0,5.0,0.15853098178235006
09-16,2.9387379509801925,6.044344356389878,5.09259140022716,-15.662652702793084,6.632822792139013,-2.985668690060793,2.475534164653263,15.187171071621854,4.771679405322159,-13.43450964953248,-10.995079439075504,7.109001811830564,8.0,4.0,0.5978310393085187
09-17,-0.04268130068964125,3.3309197984784715,4.304897968899671,-15.662652702793084,5.279186146258466,-4.864431088778941,4.079316311137955,11.30573806191108,4.033095555798823,-13.43450964953248,-13.513505914010684,8.293840469117374,7.0,5.0,-0.5742321953502492
09-18,0.3805503342053909,-1.1678821141581586,11.698254115691952,-15.87037699732765,1.3069684572860654,-6.6260127458958085,5.139917799919676,7.832322901408798,4.033095555798823,-10.511516782737242,-15.3846189675002,7.109001811830564,7.0,5.0,-1.0050247192898158
09-19,-0.21213892684164748,3.313570842034877,11.698254115691952,-11.571602780925168,1.8175665594716583,-6.29399785413403,4.211723300918177,7.832322901408798,4.34333064095395,-9.836063982972954,-13.366035417278429,8.925751406481309,7.0,5.0,0.07189006706737484
09-20,2.356344283753545,3.313570842034877,16.18075964884489,-10.545751359543502,-3.8797577047283047,-3.975159449214571,2.094244323252421,8.108104696086126,3.507853732526415,-10.948909721577426,-15.46134289702934,8.925751406481309,7.0,5.0,-0.027024349926129936
09-21,2.356344283753545,5.40634542356412,19.56280374739241,-10.524148545542335,-2.116587844590132,-1.495557165143319,2.094244323252421,4.3844893001928575,4.216551299042493,-11.005059239722886,-14.303339706449393,8.925751406481309,7.0,5.0,0.6251531068525905
09-22,2.356344283753545,7.145321863608045,21.02356081204736,-9.098465150909552,-4.807693679265334,-1.495557165143319,3.7812658425604133,3.6353447932846814,4.0540576711253085,-9.502758437040583,-14.162568822812359,11.690359874205384,7.0,5.0,1.2182676571177993
09-23,1.2133849908259722,13.80357192400757,20.55873837905835,-9.098465150909552,-4.807693679265334,-0.12126389217081178,2.080858429369813,5.723725432914077,4.3909999063773935,-10.974238619771665,-14.162568822812359,13.665083436710827,7.0,5.0,1.8560110278611899
09-24,7.465065823707378,12.136579316590149,18.421054983828448,-9.098465150909552,-5.199433745684266,-0.4024160158335263,1.066984565627092,7.142854171446303,4.888188502783857,-10.974238619771665,-11.76108297001904,12.164296843714624,7.0,5.0,2.1541156421233167
09-25,3.713941708982904,14.803722337495765,18.007250550764187,-6.813458290159793,-3.2235205886227973,4.378700566659351,-2.0920525466012143,8.391605449907527,4.888188502783857,-11.590143471912635,-14.312276707845232,11.137439687255085,7.0,5.0,2.274116433225583
09-26,-1.3540427890221796,14.40507839221985,18.007250550764187,-5.117621933738251,-1.3927630064145224,1.3349511847590494,-3.9585847473210287,8.391605449907527,4.680185335176609,-9.070542421738905,-10.725169075241592,10.426537999477512,6.0,6.0,2.1355737449023557
09-27,-0.3548901830513125,14.40507839221985,18.33333114495027,-6.231701299150922,-1.6997151066808331,6.664065060955622,-5.631187227751358,9.252282405791444,3.4518918712934767,-9.01455010068579,-11.887258396658401,10.426537999477512,6.0,6.0,2.3094903800591307
09-28,-0.3548901830513125,12.93449475055201,16.660284487872158,-2.1810728530278727,-3.094633590034951,3.582928277702588,-5.631187227751358,9.958506265115712,2.4671880954207013,-8.943546316695366,-7.796184647261122,10.426537999477512,6.0,6.0,2.335702088193225
09-29,1.4984268886812402,11.752922764928169,15.247142349276302,-1.6240419793276857,-5.099043939756611,3.582928277702588,-5.878717647955844,12.416624446964304,3.141363191028152,-5.614823301439593,-7.0079197393266925,11.690359874205384,7.0,5.0,2.842101765414977
09-30,2.7613441909497483,14.257810086807337,18.930195961978065,-3.344349282637653,-5.099043939756611,5.193240368772496,-9.937500953674316,9.719329283422793,1.257201514928375,-4.558086188198166,-7.0079197393266925,13.744074187124465,7.0,5.0,2.9930246241991534
10-01,7.562032778451872,13.658696306934562,23.199069875740147,-3.344349282637653,-4.622157807419502,4.987732457148597,-9.493664735556678,8.014473758176994,0.9458765038411074,-4.558086188198166,-5.971965577994054,12.79620778107856,7.0,5.0,3.597822155797148
10-02,8.820118580268572,13.527223676976025,22.417839053053623,-2.5185822776436604,-2.9790343877624963,2.5555114742557885,-16.110013167824942,5.422639975412339,0.9458765038411074,-4.558086188198166,-3.663006179553711,13.191154000174162,7.0,5.0,3.0876367552498865
10-03,6.8145773730262365,13.87672874746942,22.417839053053623,-0.869209408723499,0.8695643760907219,7.961244346547092,-18.211073901720358,5.422639975412339,-0.7356772706092621,-10.70627708002033,-3.3701051145461047,10.347547249063878,7.0,5.0,2.8181498620869783
10-04,7.72851836423565,13.87672874746942,13.184659633405495,0.1238084187520634,-0.3988419530669136,8.350993220058871,-18.669259576603093,7.0175424364802685,0.369002094665024,-9.65750293250845,-3.1173606959350626,10.347547249063878,8.0,4.0,2.4296529171680965
10-05,7.72851836423565,10.272822800762505,12.864824361323894,0.6890963752258067,1.5195372126210724,11.502249000574313,-18.669259576603093,5.894851911040772,2.1761662844392564,-10.045150991084007,-2.5516409456556253,10.347547249063878,9.0,3.0,2.644130170495368
10-06,5.178500222349411,11.74129039127091,13.055030300784173,4.849432091972845,0.982177009864302,11.502249000574313,-19.186054964663533,15.212764748624627,5.682389568283083,-8.695648938141625,-1.8708477468422267,11.05844893684145,9.0,3.0,4.1258108850764765
10-07,2.8169044353875874,13.355261568712704,13.555994732870026,-0.8706429401572551,0.982177009864302,11.338519947446807,-15.796345460186462,20.46659854418536,6.472988804486175,-10.669688258927437,-1.8708477468422267,12.322270811569322,8.0,4.0,4.341932620700741
10-08,0.6063040417057125,11.872144187096842,11.383341046364386,-0.8706429401572551,0.5092738843727643,10.676449639313702,-11.764704028470296,20.547205447649823,5.945668035897259,-10.669688258927437,-2.172604809787726,9.004734623922369,8.0,4.0,3.755623405748345
10-09,0.2807849737959527,12.181585066469726,8.485793148527662,1.7827541053661418,-1.7975046478503391,10.122447111168684,-10.883902606449807,19.81591245155856,5.945668035897259,-10.669688258927437,-2.742235022082704,10.18957328120918,8.0,4.0,3.559265636556906
10-10,4.576925130990835,12.181585066469726,8.485793148527662,1.7262641907561869,-0.2501776124711972,13.003949041071026,-15.009873574424805,19.81591245155856,3.895439364253628,-11.111101350484024,1.1578338563335249,9.16271612474964,9.0,3.0,3.9696054864442303
10-11,4.576925130990835,12.181585066469726,7.512651868641074,1.4385547988789835,-2.644745472569149,12.015806718782772,-15.009873574424805,21.16945879316151,4.151714282111035,-6.217615840677871,1.7672090851630589,9.16271612474964,9.0,3.0,4.175365581773068
10-12,4.576925130990835,13.781845542264126,4.437529284928405,1.6886319432339127,-0.27633824386100586,13.046875401632855,-15.009873574424805,21.765022488023305,4.536193980264095,-8.231884500254756,0.9876533325735336,9.16271612474964,9.0,3.0,4.205441409176679
10-13,4.076921022855318,8.567560541201281,7.230296227156326,2.43309158630304,0.13759548881533898,13.046875401632855,-16.787361824736248,23.605846338742445,3.1811130793522615,-7.426903096095233,0.6811065362299995,11.05844893684145,10.0,2.0,4.150382519858236
10-14,5.710155111490973,10.561496789285851,2.5037929898716604,1.7156866182505532,0.13759548881533898,11.484376915032016,-16.216210099542977,24.758326544422218,1.7930346990874235,-4.197400531439501,0.6811065362299995,11.295421188082356,10.0,2.0,4.185615187465493
10-15,8.459107991482876,12.308190185143589,7.535794766419512,1.7156866182505532,1.444788719308877,6.7945672735267495,-17.187502619344798,25.15957305419488,1.692307301056691,-4.197400531439501,0.43343465311232654,9.95260856294085,10.0,2.0,4.509262997887718
10-16,6.5457136699965295,9.15119443914274,4.103162293081743,0.4901917243818842,0.5183124248866152,7.585934874781543,-14.918559943120007,25.00000254177587,1.692307301056691,-5.048220869900317,0.18483536748603924,10.663502717745846,10.0,2.0,3.830698045109597
10-17,4.501608571579852,9.181307427109347,4.103162293081743,0.7293367218396362,-0.8665511150584744,6.892428350373707,-10.649359335202288,25.00000254177587,3.8974370711889015,-4.450709383252642,-1.234560778838698,12.79620778107856,8.0,4.0,4.1583591788062915
10-18,4.501608571579852,9.181307427109347,-1.5631090900553268,1.7423026736575993,-1.9064098086245085,7.171319191445291,-10.649359335202288,25.053303581677376,3.1794914832481966,-2.9295800437389965,-0.5555564712921673,12.79620778107856,7.0,5.0,3.835127163406912
10-19,4.501608571579852,11.402056762872185,2.071124202755854,5.5600289191557755,-2.397493433796745,6.199681586422626,-10.649359335202288,22.86780335561183,5.223117723941066,-0.05506734012038562,-0.5538470928485577,12.79620778107856,8.0,4.0,4.7471551417874815
10-20,7.57412986502527,9.26602742933245,2.850538510075592,7.073454050539921,-2.6114206752479205,6.199681586422626,-10.259740018466603,20.913979911517483,3.3587779146301795,0.11068322136939823,-0.4302378171772976,11.848341375032653,9.0,3.0,4.657851279421147
10-21,11.419536558499574,9.333330790201822,-1.8735344516510588,10.281425179507274,-2.6114206752479205,5.112723228511576,-7.549579928737406,19.624664462596584,5.387712295771563,2.008690758419593,-0.4302378171772976,11.374404405523414,8.0,4.0,5.173142900518144
10-22,6.729373169593936,11.55352179731009,-2.2598885073872226,10.281425179507274,-2.7158798930848715,6.77898320645729,-13.413010941607714,16.648648236248945,4.425223492559108,2.008690758419593,-0.4917020372170952,11.769350624619019,8.0,4.0,4.2762279237848615
10-23,15.148342793627341,9.64651480718766,-4.5839775655823765,9.005627215324633,-6.3590115221321035,4.176807352063301,-14.449698060023012,18.45584240761261,4.425223492559108,2.4430008744603224,-0.06123838902974355,11.216430437668722,8.0,4.0,4.088655320311372
10-24,12.726614353123539,9.70617512444678,-4.5839775655823765,9.190621240894735,-5.4512573283155605,1.8618153145180003,-15.62714642083876,18.45584240761261,3.8657183864722993,13.209396733824187,-0.4904961761225437,12.322270811569322,8.0,4.0,4.5987980734668525
10-25,11.442239056043489,9.70617512444678,1.5408306341949125,7.202424863439835,-8.253499710735182,-2.8904230693402684,-17.725058821008307,18.45584240761261,7.241376200008907,14.649372150657456,-1.148721984232893,12.322270811569322,8.0,4.0,4.378568971888055
10-26,11.442239056043489,10.267416693134882,-2.361907958984375,6.709388015739902,-6.5400034829843525,-0.6753898007815057,-17.725058821008307,14.043032636830668,8.410763601633699,17.9607034423362,-3.024803262131424,12.322270811569322,7.0,5.0,4.235720910949849
10-27,12.803530180879527,9.147953748182493,-16.11393368454447,5.3755237210038285,-5.613905116972074,-0.6753898007815057,-14.166090003163829,16.9546450632319,7.677356314691024,21.13122169993091,-3.2747175441029555,13.586100219269767,7.0,5.0,3.902691233135384
10-28,15.248616750708265,10.583222456717495,-14.996117500679688,6.339623793116155,-5.613905116972074,-5.4031184062520445,-14.461124565479695,15.798044708790215,11.82897796373446,20.8446869081221,-3.2747175441029555,15.402842280947935,7.0,5.0,4.358085977387515
10-29,13.976891579066427,13.183280807651132,-6.231230801218183,6.339623793116155,-5.215496540659616,-7.501071606184584,-15.620639799741696,16.72962906959784,12.535343701628106,20.8446869081221,-4.002424842770969,15.560823781775207,7.0,5.0,5.049951337531826
10-30,15.169813048164796,14.500943975915444,-5.2435845273946065,6.339623793116155,-5.102787816915535,-13.47612886357257,-12.845308488623743,16.95371168710941,12.535343701628106,19.39146398272749,-5.322974482936815,16.35070868699384,7.0,5.0,4.937568724684332
10-31,15.120278392784614,15.403729423292422,-5.2435845273946065,6.0560195944335735,-1.9258676252941596,-21.18364550301144,-16.864111581619966,16.95371168710941,11.027333780898127,19.617658628339342,-1.1911783483338705,15.639806999216269,7.0,5.0,4.450845910034976
11-01,16.20807023413944,15.403729423292422,0.0371893979502492,6.593820420617073,0.8150232028088176,-19.642016797964967,-18.3486264465126,15.231431298852069,11.498580139790144,20.442241506488692,-1.2433451711667598,15.639806999216269,9.0,3.0,5.219658683959238
11-02,16.20807023413944,12.29813943476376,-5.987358300094821,9.403322561039118,3.6219359963797872,-18.913852494090435,-18.3486264465126,17.330464371641032,12.89727938801781,18.061871683508553,-2.28470648284012,15.639806999216269,8.0,4.0,4.993862245430648
11-03,15.228046780869372,12.329196045462187,-8.992806002193037,7.150962420830238,5.862532861277405,-18.913852494090435,-20.88919596708161,15.426993365894525,14.421761940392111,18.346961087836608,-0.0572969690318736,13.428118718442494,8.0,4.0,4.4451184823839975
11-04,18.39427418700255,9.929728217093457,-6.673921555876253,6.72747467253375,5.862532861277405,-20.69288366102344,-19.336624956707762,14.709168256212832,15.74279094088031,18.899415965893134,-0.0572969690318736,14.849922093997636,8.0,4.0,4.862881671020979
11-05,11.345647007076746,12.559522336302367,-3.707668248893432,6.72747467253375,6.031000327231102,-21.02059757873885,-21.10027719647106,13.593317160717756,16.114788874186818,18.899415965893134,-5.042974912846741,13.981038905392795,8.0,4.0,4.031723942698698
11-06,10.695191412414232,12.43961070276009,0.7167204434839566,6.15735068327087,5.559297848937477,-24.32304524847272,-22.50174823625238,14.54545148834673,16.114788874186818,18.673880809207926,-2.4641740918452273,14.691940593170367,9.0,3.0,4.192105439934012
11-07,11.293330955130957,8.401768351965227,0.7167204434839566,7.639681754778178,7.48482577469801,-21.61653348539539,-18.008181562938212,14.54545148834673,17.041937165619252,16.86964257215899,-4.592418103081573,4.7393320302295185,9.0,3.0,3.709629782082972
11-08,8.916953687486062,8.401768351965227,0.2730372893828119,9.685960788434263,5.257834384667925,-25.261157786008333,-12.556924956875243,14.820934638681429,15.834073260392985,18.308590997005386,-9.638556293382845,4.7393320302295185,9.0,3.0,3.2318205326649316
11-09,8.916953687486062,10.202146423889983,8.324904978102776,8.27269167721029,6.581601566920811,-27.19382570824573,-12.556924956875243,10.806272336055594,17.122679553811725,20.46552373178909,-4.917020372170952,4.7393320302295185,9.0,3.0,4.23036124568366
11-10,9.988514300918014,6.241957975610854,8.444588973996648,10.208730531743457,7.850284191150572,-27.19382570824573,-11.515937002396223,7.924107534867918,0.5307875831200053,20.851821526332408,-7.156304882668726,2.7646084677240754,9.0,3.0,2.411611124346106
11-11,6.424915310189985,5.750903655766134,6.871245821869413,10.378787161780664,7.850284191150572,-26.470587423840552,-9.450827309432606,0.8953651216929996,1.1695870260540182,20.816690595298475,-7.156304882668726,2.8435992181377103,9.0,3.0,1.660304873833174
11-12,8.330022016599457,8.814980958230542,8.470124757886943,10.378787161780664,8.479633415054282,-20.67374031593685,-6.976748089234666,2.552956639054833,-0.4864873112858953,20.816690595298475,-4.833649987523809,6.003161437929963,8.0,4.0,3.4063109398211613
11-13,7.930893619443123,7.985778197001178,7.0976376270244295,9.886358866349985,8.371935264005268,-18.80819833158493,-7.111116439577132,4.7770680002178665,-0.4864873112858953,21.837549606513058,-2.06121123665407,4.344393344106488,8.0,4.0,3.6470501004632814
11-14,3.5094478854690485,11.006880888521497,7.0976376270244295,11.814025947065113,9.405117678148834,-16.40552691602832,-7.765148550427093,4.7770680002178665,-1.459461933857686,21.495327420127968,-2.1263299403044003,2.6856252502830142,8.0,4.0,3.669555279686689
11-15,5.155416020731246,11.006880888521497,6.764414099176916,12.86259824847161,9.199602795130364,-16.044769314462087,-9.21304907127193,5.414015124748092,-0.8138883127861282,20.586924001273147,-0.6285379159572553,2.6856252502830142,8.0,4.0,3.9146026511548735
11-16,5.155416020731246,13.88367320282488,9.536514278689268,12.838855105342596,9.06992093561742,-15.345384852910435,-9.21304907127193,2.6030446620564134,-2.2641514478061997,19.20827955776967,0.7481348652370273,2.6856252502830142,9.0,3.0,4.075573208880248
11-17,6.368455084432717,14.195981269165587,8.747915767920194,10.573677115699825,8.435738505611697,-15.345384852910435,-7.93346587148656,6.734358007418986,-2.267818930414115,20.86491413955023,0.4999995231628418,0.0,8.0,4.0,4.239530813179247
11-18,5.792099142914921,8.707122085159844,6.462583820350593,9.45330203756101,8.435738505611697,-16.13351688211365,-9.241554162168523,-0.33333036634657115,-3.948077616402167,21.146158065224878,0.4999995231628418,0.0,7.0,5.0,2.5700436794129065
11-19,9.980955578031994,8.699933349246693,11.72209836982302,9.45330203756101,6.841585292372277,-9.351230948169018,-5.2211206281971965,1.200214480470175,-5.0273230308709085,21.146158065224878,-0.4999995231628418,0.0,7.0,5.0,4.078714420194173
11-20,7.789711515343142,12.373417089276169,13.932584930133176,9.9088860866811,8.289300435811516,-13.173656061538393,-9.113921284809338,0.3850368187523632,-5.0273230308709085,21.990229731709512,0.813008857421811,0.0,8.0,3.0,4.013939590659178
11-21,6.3625904089826255,11.815283852052188,13.932584930133176,9.449117716248393,5.8336102897949775,-10.013351440837683,-11.67645743271868,0.3850368187523632,-7.1584777481194894,23.09043051067793,-2.003874987662956,0.0,7.0,4.0,3.33470774310857
11-22,6.038460364708534,11.815283852052188,15.66612911887044,12.531877735690264,1.5337449236507978,-8.663473359188135,-11.4583412883805,-2.145211128172567,-5.438881235756512,23.267973747570103,-0.5040953010897667,0.0,6.0,5.0,3.5536222858295705
11-23,6.038460364708534,13.375792696227453,19.464166779847513,10.610574522367534,0.8801632390782018,-8.900519203264194,-11.4583412883805,-1.978014768746564,-7.877453898352302,2.7071809988457907,-2.955982591064803,0.0,6.0,5.0,1.6588355709388882
11-24,6.769231649545523,10.372256434070065,22.20820424634761,11.661167039953044,0.0,-8.900519203264194,-12.695311541998894,-1.3001174992943016,-10.414326088683806,2.3424432188810704,-0.8626081389142145,0.0,5.0,6.0,1.5983683430534912
11-25,5.18053264732659,10.442025306154816,20.03891139623485,13.376481067215419,0.0,-9.598607136196758,-14.201188663176215,-3.543750365020704,-9.167598975352618,2.8301898775041887,-0.8626081389142145,0.0,5.0,6.0,1.207865584647947
11-26,9.953882040824883,11.546983408420475,15.514994072796064,13.376481067215419,-0.9221261751478864,-7.91738455554796,-18.77523570869908,-1.5200905835275285,-8.557051221807269,2.8301898775041887,-0.3080785324673524,0.0,5.0,6.0,1.2685469741303297
11-27,9.009707552715412,13.362604873515206,15.349446878255286,14.922688594843686,-0.5729695849572101,-12.277501381978992,-17.43180260882912,-2.185800778990397,-8.557051221807269,2.719199548671789,-1.5499070862203217,0.0,5.0,6.0,1.0657178987681717
11-28,8.898303341328134,13.25376662415468,15.349446878255286,13.881935464058936,-9.46941692196372,-11.41304559090188,-16.268258572382518,-2.185800778990397,-9.0044781091731,-0.5084754164323789,-2.5786154543946336,0.0,4.0,7.0,-0.0037198780367997033
11-29,9.594802154137394,13.25376662415468,17.308951662791234,4.84185763985088,-10.982437715485148,-11.136677990214503,-16.422874157537485,-2.9508247980347013,-11.727329574097082,-0.6257145098347258,-4.350603624584736,0.0,4.0,7.0,-1.0997570240711825
11-30,9.594802154137394,13.94472522857932,9.199201993589616,4.543673389005798,-6.436017498505094,-11.598892327522442,-16.422874157537485,4.478400431876801,-10.340849051146366,-0.6214615720991761,-1.3906524965048015,0.0,5.0,6.0,-0.4208286588438699
12-01,9.90061226183114,9.700787161278912,9.429528650617373,3.7346067986028535,-7.2740927203146795,-11.598892327522442,-16.821806777847083,8.862702365092707,-11.040462032625143,-3.78440267890607,-0.1873871718714092,0.0,5.0,6.0,-0.7565672059719871
12-02,7.530578458888544,10.198385552868027,10.628494923025707,4.5311255183490635,-7.2740927203146795,-11.598892327522442,-14.29521660676717,8.682332837403205,-12.12121178439135,-3.96324261978774,-0.1873871718714092,0.0,5.0,6.0,-0.6557604950100201
12-03,9.777275103685529,8.633984329510794,6.8401711178787945,4.5311255183490635,-8.061490860066908,-14.325325641888055,-12.65907133969201,5.903673853844937,-11.795472368601295,-3.96324261978774,-1.3116744626512908,0.0,5.0,6.0,-1.3691706141181816
12-04,5.720739462634487,7.185443536946035,4.416292532047506,5.161542589676013,-5.286838557849912,-13.26344474283351,-12.767385001444216,5.659398440470175,-11.795472368601295,-2.5847258293132205,-1.4365992438988968,0.0,5.0,6.0,-1.5825874318472364
12-05,5.910781320207183,8.108104424823855,4.416292532047506,5.161542589676013,-4.092915444888703,-14.965992102451873,-13.040535990733895,5.659398440470175,-11.156305510941158,-2.5847258293132205,-1.0012506382695308,0.0,5.0,6.0,-1.4654671841144706
12-06,6.328649011291758,8.108104424823855,5.0325209155378205,4.153485426777922,-7.244206784790753,-13.342503065881536,-14.432282306386336,4.776739695539232,-11.737365283105525,-2.8801842305342773,-2.3705498720482057,0.0,5.0,6.0,-1.9672993390646705
12-07,6.328649011291758,6.616959464543995,5.5118067561281325,5.717668485968352,-6.045815475366372,-13.707449740617252,-14.432282306386336,3.4787127120031345,-11.162790646096578,-1.4772739957186527,2.7413645589858913,0.0,6.0,5.0,-1.3692042646053275
12-08,7.068837213373578,7.0518752633047805,13.024649526282465,4.668499587065378,-5.688624613863612,-13.707449740617252,-12.311902905777824,1.2800818802374567,-11.99293933409201,-3.2909913675954234,3.489060661808248,0.0,6.0,5.0,-0.8674086524895185
12-09,8.612610413147522,7.817792503257286,12.362549028742619,2.683220243164424,-5.688624613863612,-18.03127928962405,-11.141677371453195,-2.417231045059632,-12.220915791792846,-2.0536148824978633,3.489060661808248,0.0,5.0,6.0,-1.3823425120142578
12-10,9.431937875085495,5.447837099637328,13.545422078614669,2.683220243164424,-4.004497117026763,-15.159946703885755,-11.966410375869813,0.5170650500555735,-11.175786043004381,-2.0536148824978633,3.6664632612616472,0.0,6.0,5.0,-0.7556924595387868
12-11,9.32143075125558,3.690851886861136,12.074713099260896,1.3616346092811114,-0.3681899191146532,-14.674163956690574,-13.180516816331822,1.1305206767971123,-11.175786043004381,-1.5972548107780753,0.6658632403358504,0.0,6.0,5.0,-1.062574773510652
12-12,5.102787816915535,1.3570276767064484,12.074713099260896,4.570527524702532,-0.0367926003294843,-11.750937065354906,-11.054548783735797,1.1305206767971123,-11.117577494085886,-2.390438722760304,-2.183396501116031,0.0,5.0,6.0,-1.1915095310833237
12-13,6.846845472181165,1.3570276767064484,13.875916981090784,5.440310885145657,-1.9578895183617009,-10.469986151530463,-5.674745047212819,0.6166440777508262,-11.091661523431606,-1.0192542850002255,-5.974026617422393,0.0,5.0,6.0,-0.670901504173694
12-14,6.846845472181165,4.458807864611407,16.959067915056682,3.925455186646018,-0.7304629987938005,-10.675985672388833,-5.674745047212819,1.9802035306920611,-10.547782529353272,-1.7714255196707591,-10.094219302355777,0.0,5.0,6.0,-0.443686758382327
12-15,9.045045869844452,4.133028116487333,13.459618532810895,1.9864918493620458,1.8155935425826275,-10.675985672388833,-7.543253750695539,1.9270876277650344,-10.601709989893786,-0.5675282029410189,-10.91525837526483,0.0,6.0,5.0,-0.6614058710276346
12-16,7.140258423844956,5.456255266291953,12.13737718382357,2.682446922852301,1.8155935425826275,-9.976686776374631,-9.244879738102323,3.441192089998645,-13.99651845461746,-0.3397478282038327,-10.91525837526483,0.0,6.0,5.0,-0.983330645264085
12-17,8.5724793875825,4.4025146293043855,13.87478368858644,2.682446922852301,1.6019962993770052,-12.270220809786945,-8.345115437417148,1.359833773376866,-15.804926876379385,-0.3397478282038327,-11.593214132018009,0.0,6.0,5.0,-1.3215975318938185
12-18,12.1448867003749,0.2602469886197553,10.701751708984377,-0.8678473768990816,3.1701290520577867,-13.035476510354854,-6.32467042274514,3.7263886500781536,-15.804926876379385,-1.5855078655990986,-15.712290837640406,0.0,5.0,6.0,-1.9439430657919168
12-19,13.014653042899905,0.2602469886197553,10.701751708984377,4.664025428501338,4.3173027452363995,-12.540190559632022,-5.9398979935052845,3.7263886500781536,-15.276147541369404,-1.322607577099005,-17.9726817212375,0.0,6.0,5.0,-1.3639297357102744
12-20,13.28695546025815,0.2602469886197553,6.9122782924719015,3.3373069131574398,1.8934113143758575,-17.18387706462316,-6.68543143360202,4.849416822561666,-15.443790942396152,0.17240678134801538,-15.482053507102055,0.0,7.0,4.0,-2.0069275312442167
12-21,13.28695546025815,0.39036738054081216,10.049016055855397,2.017756199133042,1.6644013662680086,-19.90520748653308,-6.68543143360202,7.65000343322754,-15.276147541369404,1.3157868893565359,-14.164913615183195,0.0,7.0,4.0,-1.6381177743373512
12-22,9.565217391304348,7.196728567383355,5.971222636578858,1.5961677057251742,1.2282453413936114,-19.90520748653308,-6.896548484204812,4.350078590470309,-15.257243920678661,1.2131663255439828,-14.812198136894779,0.0,7.0,4.0,-2.145864289159308
12-23,2.775822324638522,4.895101884916423,6.0249507047262405,2.413931932336601,1.2282453413936114,-21.327013832435533,-7.436262034312959,2.5130865583752025,-15.094348534692829,-1.483679491633305,-14.812198136894779,0.0,6.0,5.0,-3.3585302736319007
12-24,1.7586214789028825,0.03263782337154505,3.067926482784228,2.413931932336601,0.8188323967628826,-17.519959520132964,-8.628000592168338,1.5706865885732244,-13.356569315455651,-1.483679491633305,-14.457831406733186,0.0,6.0,5.0,-3.815283635282673
12-26,1.403015136159336,-0.06533338783494187,4.874547389239615,3.697877778270497,1.5980935593097223,-20.00947976682053,-4.492857862077656,1.0526355944181742,-13.356569315455651,-5.885883271406553,-17.523526785575555,0.0,5.0,6.0,-4.058956744314461
12-27,1.8505544364237527,-0.06533338783494187,4.874547389239615,2.8346430085346337,2.0705998708752125,-20.210734627961493,-4.2798920041601445,1.0526355944181742,-12.133413941391856,-5.906919794739246,-26.463702047436694,0.0,5.0,6.0,-4.698084625336082
12-28,1.8505544364237527,1.4701102710441432,9.862625210486911,1.2335832721648452,0.31174281251001323,-19.58075586073538,-4.2798920041601445,-1.1866197545343249,-11.601580238875178,-8.159612014182766,-22.272385603033964,0.0,5.0,6.0,-4.362685789407674
12-29,2.2695517890451056,-3.2158759794003733,9.954911019175832,-1.9817677727776968,1.5731842957366255,-19.58075586073538,-4.619560728029259,-1.1419303903810714,-10.331275731402897,-8.13884311708496,-25.192608421311874,0.0,3.0,8.0,-5.0337475747638285
12-30,-0.10551804071354026,-2.7294478300443665,11.533143476617196,-1.1001916341967741,1.5731842957366255,-18.34206966865837,-5.110963246340748,-2.024064102771446,-12.457535571620294,-7.687717255013978,-25.192608421311874,0.0,2.0,9.0,-5.136982333193132
12-31,2.6760571798950137,-2.494019579158225,12.376237935390105,-1.1001916341967741,1.778387352373726,-19.054439681740586,3.769963024248191,-0.7076709571452942,-12.20338844241607,-7.687717255013978,-25.346695158361374,0.0,4.0,7.0,-3.999456434677105
