,2009,2010,2011,2012,2013,2014,2015,2016,2017,2018,2019,2020,ups,downs,avg
01-02,-15.625002865608025,22.803908998318764,-15.126812337539551,13.841110361206686,-0.08381621920983008,-11.877194782715373,8.126855128083468,14.117639024256984,0.7291035407900359,18.315791079872533,22.881058418156687,-26.01250192082808,7.0,5.0,2.6741782020653577
01-03,-5.482456209146637,24.805531212269283,-15.126812337539551,13.841110361206686,-0.3350080674939459,-15.31978255280032,8.122839294781716,14.293002630174351,0.7291035407900359,17.950895545372084,23.570432904290733,-44.954982781159536,7.0,5.0,1.841156128395408
01-04,1.8367377721681832,24.805531212269283,-12.047100799833867,14.775513629524074,-1.1026303211326385,-11.894274443844035,9.068629490508837,14.293002630174351,3.7919766538862594,17.33445323367604,22.954780035030176,-49.299442481196394,8.0,4.0,2.876431384269188
01-05,1.8367377721681832,25.58340636319216,-19.61678477232723,13.610432061860894,2.424748837191129,-14.989947562301849,9.068629490508837,14.803469096181585,2.6997233135911363,17.511521400139273,20.49209057069881,-110.37648416108142,9.0,3.0,-3.0793714658482094
01-06,3.061226376490177,26.478150234675798,-7.856533503816529,16.254979528678202,2.2613024587785446,-14.989947562301849,11.568621309479008,18.922999849389534,2.7161954190647726,17.05981160955079,19.415742482518574,-110.37648416108142,9.0,3.0,-1.2903279965478671
01-07,17.017205798084536,25.28434178618606,-8.972131774535432,14.332241966439204,2.2613024587785446,-14.43662454924735,10.854948424632614,20.260131251158697,1.358232994238339,16.426141848938148,19.415742482518574,-109.45820704154913,9.0,3.0,-0.4713895295297661
01-08,3.3057917191121846,24.780313413579968,-9.595072055721444,14.262428155760269,2.177548445099468,-15.955281204048696,9.362928045362496,22.522523038538186,0.2860368327798603,16.426141848938148,17.420731894593136,-55.42608922683302,9.0,3.0,2.464000075596712
01-09,11.583010125793884,26.36518841454984,-9.114811356363944,14.262428155760269,0.9235907479977644,-16.07234440150802,10.346505395637076,17.26726193510547,0.2860368327798603,16.086583591215348,17.785593102276657,-65.49789623194322,9.0,3.0,2.018428859275082
01-10,13.400001525878908,24.76024486897039,-9.114811356363944,13.284434014911206,-0.2516756105635751,-19.96813724968835,11.449630860094247,17.26726193510547,-0.4576654794112185,14.781100531081266,14.618183482776988,-87.27845758218804,7.0,5.0,-0.6258241716163866
01-11,14.763779749288778,24.76024486897039,-9.02716693028532,11.576353136977696,-0.5025160948520995,-17.501346545018155,9.081731911078672,17.26726193510547,-2.0196213676317103,12.68100562044316,12.105653399492068,-58.7119940990038,7.0,5.0,1.2061154653804291
01-12,14.763779749288778,25.893637296297626,-12.369339136901448,12.550608444195076,1.0075557270905966,-19.627192810466738,9.081731911078672,17.81781555308243,-1.2672771061039552,15.101686191885705,13.593299478822555,-58.09182899522784,8.0,4.0,1.5378730252534545
01-13,7.677162841393821,19.55356801498904,-12.699816362645578,15.999999700808058,1.0075557270905966,-19.627192810466738,7.568113133683393,19.08775590930552,-3.821655066114423,14.40564932580744,13.05464361397726,-58.09182899522784,8.0,4.0,0.3428295860500459
01-14,25.09363509921427,17.74193162462695,-15.132743444987213,10.024453545414328,1.0075557270905966,-21.052632679679512,9.131514577775953,16.99411045234514,-3.276766886731617,14.40564932580744,13.05464361397726,-58.74308516228053,8.0,4.0,0.770688816047756
01-15,17.53731406353766,18.08415795851884,-14.260404447450476,8.835670727985852,2.015111454181193,-26.477145254162703,10.528869539208275,14.690094009296207,-3.9458191658213897,14.40564932580744,10.891093402448316,-80.0947902890019,8.0,4.0,-2.3158498896210573
01-16,17.391305915466955,15.86021082697237,-9.693872172286776,8.835670727985852,1.3628607370651624,-24.873381893261897,6.7632921462757585,14.576431831691144,-3.9458191658213897,14.40564932580744,10.633642630368604,-99.12069857442845,8.0,4.0,-3.983725638680435
01-17,25.555557223504433,15.86021082697237,-9.693872172286776,8.835670727985852,1.4579766596795982,-20.86091944936574,4.204933865522613,16.78193272186206,-3.9458191658213897,12.339106089301332,8.360712154831866,-81.67827104338747,8.0,4.0,-1.898565130100104
01-18,27.041745663551325,15.86021082697237,-9.693872172286776,7.177414653452432,-0.44287148719048136,-16.71188210909082,4.204933865522613,16.78193272186206,-2.556656347847212,14.39790238252975,9.41897794744225,-81.87523137779289,7.0,5.0,-1.3664496194062796
01-19,27.041745663551325,15.86021082697237,-4.7460423310690265,3.8301417933428286,0.0,-14.232609219513545,4.204933865522613,16.78193272186206,-1.728106143508203,11.240484717678662,8.30904024151037,-105.97826212631577,7.0,5.0,-3.2847108324971916
01-20,27.041745663551325,18.1898856030894,-0.4922101860713319,6.803278169526869,-3.7442909091669176,-14.232609219513545,4.204933865522613,16.20625534850167,-4.8722501398779015,13.656191755443952,9.5289452334424,-105.97826212631577,7.0,5.0,-2.807365578488934
01-21,26.101693846788343,20.381608692282537,3.4181264529698314,8.526487909572728,-3.7442909091669176,-14.232609219513545,6.066442951910754,11.984659285002135,-4.0804289786153625,12.8577643622266,9.5289452334424,-105.97826212631577,8.0,4.0,-2.430821874951353
01-22,30.67796463597888,21.951224011673805,4.37549125229504,8.526487909572728,-3.7442909091669176,-22.330616593580928,8.198280986097446,9.099705588826962,-4.018914315068516,12.8577643622266,9.5289452334424,-95.13556130616269,8.0,4.0,-1.6677932619887652
01-23,28.498294167996892,18.344714361936155,0.6611563734210189,8.526487909572728,-2.1699797650322474,-25.49575125925537,7.9136670903694455,9.690109792166547,-4.018914315068516,12.593565910614133,11.79614942601788,-103.40861603020365,8.0,4.0,-3.089093028122081
01-24,22.04301139589551,18.55319408660239,0.6611563734210189,8.774830071498732,-6.826566058133311,-19.465430329349587,8.001916670527974,10.22004926462153,-5.496455679564528,15.394512005009489,11.119002497983056,-83.16721540197038,8.0,4.0,-1.6823329252881745
01-25,22.04301139589551,18.55319408660239,2.6446333752897475,8.026756146195721,-6.759254901334004,-10.838559863706728,8.875173037349997,10.22004926462153,-7.15129479324262,12.762238563806443,9.631222716310267,-71.28473311754685,8.0,4.0,-0.2731303408132166
01-26,22.04301139589551,16.510634726666392,-2.0134208857554183,7.653910492987717,-10.96532397308404,-10.147397831418054,8.875173037349997,7.823962453680342,-4.68383630347793,12.673610938643975,8.871255409599858,-71.28473311754685,7.0,5.0,-1.2202628047048758
01-27,17.921147198436387,14.735941873630516,-2.3608827550670783,3.846152278641795,-7.3436123229941925,-10.147397831418054,10.014241295266263,9.117793484444721,-5.581661751116337,14.304122961715796,10.19900140062022,-71.28473311754685,7.0,5.0,-1.3816572737822348
01-28,17.043478592582368,15.864979357981644,2.883801133909868,0.6255558306448211,-7.3436123229941925,-14.399098658800835,11.686456881868153,7.871287586805606,-3.1450145939385865,14.707134315836715,10.19900140062022,-74.61806336026889,8.0,4.0,-1.552007819646093
01-29,29.36378722888541,16.45244270558464,3.3884362657898124,2.797200232183025,-8.431553288218112,-18.93003686082937,12.93062624851897,4.223228649393828,-3.1450145939385865,14.707134315836715,11.97583157419844,-63.758169887789926,8.0,4.0,0.1311593824679047
01-30,35.264898832364736,14.94845939408091,1.9295343493164987,2.797200232183025,-7.901906153252081,-26.039780922788825,13.999045687788264,3.7575152024102163,-3.1450145939385865,16.289010540242042,9.682026104441071,-61.48908838651159,8.0,4.0,0.007658357194640549
01-31,19.60784097064664,17.36227047733073,1.9295343493164987,2.797200232183025,-9.724774832236433,-21.192444152349637,12.48199899660459,5.694657373437778,-3.261499495946745,17.81925714879456,8.7625140765881,-62.15334871616767,8.0,4.0,-0.8230661309832131
02-01,19.893425626871462,17.36227047733073,-1.42617512756594,4.421772513971409,-18.021548929610336,-14.408236081998329,12.01737381097935,5.694657373437778,-3.233387593532686,17.21797913095275,8.698747568895406,-63.40989508533457,7.0,5.0,-1.2660846929669152
02-02,19.893425626871462,16.694491455937538,0.329760605734924,-2.534964794494431,-10.380953834170386,-14.408236081998329,12.01737381097935,7.6092345633281395,-3.6556655230071686,19.614418212317158,7.043258354367928,-62.98805645234998,7.0,5.0,-0.8971595047069835
02-03,18.29485237782509,17.583330472310386,0.982800042458424,-2.100840403479581,-13.85068570867555,-14.408236081998329,8.735518947511734,8.047102341424965,-5.513199859941313,23.016198913247088,7.043258354367928,-62.98805645234998,7.0,5.0,-1.2631630881082614
02-04,29.967422080807122,18.288593047170234,-3.4834310235023582,0.5799477762558318,-13.85068570867555,-15.151513168721184,9.235975915020058,11.405584207910938,-3.902155348379948,23.30297680597733,7.043258354367928,-66.0213008807101,7.0,5.0,-0.21544399520664054
02-05,29.67741503799854,16.193653209615714,-1.824206514923856,-1.6949136104436064,-13.064831864787346,-10.903081271327697,4.690621213142203,14.779728796897645,-3.4202907396399462,23.30297680597733,6.614224238603388,-68.49315102580644,6.0,6.0,-0.3451546437245068
02-06,22.279792234060334,17.06911033860758,-1.824206514923856,-1.6949136104436064,-11.571840139904115,-5.652401888930043,7.0209679082783865,15.388307276598823,-3.4202907396399462,22.76490080602849,7.010680405549826,-68.71185953629922,6.0,6.0,-0.11181278841811113
02-07,26.75367557431651,19.35222890283287,-1.824206514923856,-0.6779654441774425,-10.166187312458025,-9.973193825181113,9.688420592826956,15.307104178027014,-2.028987718665081,22.39301810546949,7.6487247341312,-63.88361264850793,6.0,6.0,1.0490848853075498
02-08,26.991874772484714,19.35222890283287,-2.3217224148329723,0.16597889997586926,-11.95218938072246,-6.645229267191743,10.386480418533088,15.307104178027014,-0.5707784181330497,22.464377507292053,8.292335835985705,-71.70942481267974,7.0,5.0,0.8134196851309454
02-09,26.991874772484714,18.78542977196605,-2.3064227763815257,2.054231704459701,-14.757276465457132,-6.58810678741297,10.386480418533088,16.21881498736702,-2.2675824247116267,21.829522522020955,8.973912778108016,-65.53164204463123,7.0,5.0,1.1491030380287557
02-10,32.520324698962625,19.615691386404254,-2.8869258136994587,1.9834770018687289,-12.464314342662526,-6.58810678741297,8.888889298410856,18.272427324313,-3.61031021903794,22.28216080594897,9.320860974246695,-65.53164204463123,7.0,5.0,1.8168776902259165
02-11,34.87999725341797,17.7367578762515,-0.4815442972151256,-2.1399196464607537,-12.464314342662526,-4.12426595938461,8.793848970063792,17.376893610138495,-2.2096391242276185,22.346604931413346,9.320860974246695,-68.90460407503545,6.0,6.0,1.677556347545476
02-12,36.850389147937044,17.820205453469487,-0.5636046247521944,-1.3061212033641585,-11.227396059029443,-7.3953271097828015,7.718284692721803,17.616330382497676,-2.2675824247116267,22.346604931413346,8.108108465349702,-67.88461470274767,6.0,6.0,1.6512730790834311
02-13,39.42161468670021,15.8908546536819,-0.6446408113593756,-1.3061212033641585,-11.311782591274426,-14.697570960860538,6.105762485568798,17.732833570914565,-2.2675824247116267,22.88557324088017,6.477592493220597,-63.40011820306264,6.0,6.0,1.2405345780277894
02-14,48.4149871154341,16.02564161345806,-0.6446408113593756,0.0,-16.216219699321943,-13.548760655851149,5.792240879969789,17.964352619741593,-2.721096747127083,23.426710300527066,7.539958389580125,-57.48340249822389,6.0,6.0,2.3791475422356085
02-15,49.435028781298506,16.02564161345806,1.6921840509995214,1.7017831081868533,-16.116503074488538,-10.07882311435876,6.017192916650234,17.964352619741593,-4.040984656536116,22.24025843336077,7.855914367569968,-57.661182119260594,8.0,4.0,2.919571910551789
02-16,49.435028781298506,16.02564161345806,0.643603553836947,-1.9448927726944345,-17.17557508929777,-7.006013942123089,6.017192916650234,17.964352619741593,-5.051659913389731,21.471894719906658,8.593752176460324,-51.44009211526714,7.0,5.0,3.1277693790483463
02-17,49.435028781298506,20.939179070673358,1.3610895068793591,-5.328887405924914,-17.17557508929777,-7.006013942123089,6.017192916650234,17.638758041524394,-5.417870394179146,17.861635894109444,8.282209586019537,-51.44009211526714,7.0,5.0,2.930554570863564
02-18,45.767574100804474,16.346154140062357,-2.6122424067283165,-2.1666685740153,-17.17557508929777,-7.006013942123089,5.380507746766591,16.618771325789133,-4.778352812921831,17.689072350544407,8.282209586019537,-51.44009211526714,6.0,6.0,2.075445359136087
02-19,44.956773750045954,17.067499645793973,-3.291133983913567,2.3885364706382592,-17.17557508929777,-5.5768097285829485,2.9368593857422565,14.739339119077945,-5.263156733524987,17.689072350544407,8.282209586019537,-52.59833112753377,7.0,5.0,2.012940303750773
02-20,48.45505427974082,11.67347187898597,-3.291133983913567,2.3885364706382592,-10.81576830136878,-10.38252243219271,3.638150273189712,14.415701353039193,-5.263156733524987,17.689072350544407,14.122859706293678,-58.421529703999326,7.0,5.0,2.017394596452721
02-21,50.0,8.537618219742365,-3.291133983913567,2.3885364706382592,-5.585584362628547,-11.020633432342192,3.2745572092636217,12.013779866417975,-5.263156733524987,16.807430282703212,17.025254556999098,-54.23780893088106,7.0,5.0,2.5540715968728485
02-22,47.27272622184647,8.537618219742365,-3.291133983913567,5.524416277243284,-5.74913612721152,-12.575172891915805,3.4690731416919385,12.013779866417975,-9.626945808234352,19.109076041271784,17.218750715255734,-47.98920115521674,7.0,5.0,2.8261542097481294
02-23,47.27272622184647,7.7768392411428815,-1.5397802535240062,-2.5423744566582105,-2.1891418417672277,-13.069748422692777,3.4690731416919385,12.506150049083006,-9.216859904441836,18.382658980769804,14.391498358703751,-45.8013063815532,6.0,6.0,2.453311227716716
02-24,42.12121229635893,0.3597118908694688,-7.054675308379919,-1.2489560005965028,0.5115044184472654,-13.069748422692777,1.7596706126760726,12.463492011608267,-6.480381524164361,18.305785807907924,13.387623805251136,-45.8013063815532,7.0,5.0,1.2711611004776913
02-25,43.76899558382117,-3.0555547951670965,-8.131483964206195,0.08284403861093184,0.5115044184472654,-10.982976938781752,-2.4723793145484745,13.154103606115935,-5.460941634350194,17.659307499788493,13.387623805251136,-30.54406246087454,6.0,6.0,2.3264149870088904
02-26,48.01762126875796,4.888505165381523,-7.433021893131764,-0.4163213137550326,0.9377635206307487,-16.285716465541295,1.8172575098845627,12.021326432977775,-6.398104131522994,17.659307499788493,6.1237818286465355,-25.598629057900318,7.0,5.0,2.944480863684683
02-27,47.305388152951956,0.08688295988685164,-11.081329502158976,-0.4163213137550326,-2.1949077477118726,-16.582067738095315,-0.6072820369170413,13.677669207183307,-6.398104131522994,18.700540309521134,6.864022856415303,-17.77404114953828,5.0,7.0,2.631704155521585
02-28,49.10447488199704,1.2027520549263953,-11.081329502158976,-0.9991663886109212,-0.17300608445841734,-10.563384938516418,-2.8717921330378617,12.378646102856276,-7.642185898478201,21.014200346201196,7.23086748120266,-20.641938531251647,5.0,7.0,3.0798447825559263
02-29,0.0,0.0,0.0,0.0,0.0,0.0,0.0,12.378646102856276,0.0,0.0,0.0,-23.387092875569678,1.0,2.0,-0.9173705643927836
03-01,42.203389309973815,1.2027520549263953,-7.774806719015065,-0.584312614134441,-3.5621184992099666,-13.703284808626833,-2.1905263553714214,10.679615156310456,-12.15638160719456,17.668418339475735,2.634208116732027,-30.84910799123109,5.0,7.0,0.2973203652195868
03-02,42.203389309973815,1.116839438200636,-5.795839950686129,-0.5067522396042251,-1.7406424129604092,-18.81657027784201,-2.1905263553714214,10.199127566328766,-11.423328259110447,10.560521091967127,6.182882026792259,-30.84910799123109,5.0,7.0,-0.088334004461928
03-03,40.84745842161893,2.9863513096869303,-4.7577786946030525,2.8248617576378803,-0.08561023070426234,-18.81657027784201,-1.1207398375381967,2.039825513265753,-5.244557059567388,8.157468663437799,7.536883766738237,-28.283438750168212,6.0,6.0,0.5070128818301995
03-04,42.971249157917796,5.204783246188497,-5.198230652721568,2.8248617576378803,-0.08561023070426234,-23.1952672472004,1.110546790941201,3.2023281313277514,-4.6252981209377415,8.120178920614103,7.536883766738237,-38.757962497273375,7.0,5.0,-0.07429474812265664
03-05,42.973854986960994,0.5106418690782912,-9.559507936232707,2.8248617576378803,-2.311639529407461,-24.19738269125309,1.1633765144704755,1.2413108618488593,-7.1342956372030875,8.120178920614103,9.236693521254274,-36.28262123121843,7.0,5.0,-1.1178773827874915
03-06,40.654207204014114,-3.802943350590141,-9.35453731761647,5.9725641992518845,1.3445365759757089,-12.25577128257851,-2.3701427895247997,2.212393114865335,-7.1342956372030875,5.8871250710415755,11.987385025087347,-22.33727635349243,6.0,6.0,0.9002703716025436
03-07,36.97347803394902,-4.344048566961441,-9.35453731761647,0.41016602774136207,-0.08122887787708853,-16.453487198697147,-1.0219763211971251,2.212393114865335,-6.175052520696106,3.6764690986920483,11.569193778569085,-9.606857298531448,5.0,7.0,0.6503759960200023
03-08,39.880951071609935,-4.344048566961441,-11.225451918085348,-3.428092358732408,2.4740580410920234,-16.80375220964428,-1.1253259810162706,4.523107519135845,-6.414866158558757,4.1162244935423775,12.042874456229743,-7.603026164218848,5.0,7.0,1.0077210186993817
03-09,39.880951071609935,-1.650734809774706,-10.608852420133298,-2.3102288417082386,3.3870974936669103,-16.598240764460893,-1.1253259810162706,3.209874659408757,-7.650274932678232,4.892599729906075,9.462024477922167,-7.603026164218848,5.0,7.0,1.1071552932102808
03-10,35.71428115270561,-15.570596063040636,-8.364308544478536,-5.699480585150846,2.6016312482627426,-16.598240764460893,-0.3580644752156865,3.8537583768086,-8.057728323578099,3.7125685674722506,10.565799265238505,-18.65931652932944,5.0,7.0,-1.404974722897203
03-11,38.69047597929193,-16.666669820351597,-10.461834554848453,-4.974270422780352,2.6016312482627426,-14.545463698287636,0.6138053021367184,3.399008141090436,-8.249254351216791,4.85206912712881,10.565799265238505,-11.781780270332082,6.0,6.0,-0.4963736712223146
03-12,32.68656183176074,-16.332667226512378,-8.891016269446727,-4.974270422780352,2.1951256388357887,-16.01173942372339,-2.5693731938505353,5.1381459479564695,-7.610613275010854,4.85206912712881,9.971867948988471,-7.703835874711437,5.0,7.0,-0.7708120992804494
03-13,30.79268290466811,-12.810327715462213,-9.942091899410922,-6.7752999330301416,4.227645932520954,-5.223074187459587,-3.576975603736624,5.413247029113292,-7.610613275010854,5.601578125939331,10.472023774424152,-9.331349917573071,5.0,7.0,0.10312043624853592
03-14,39.88439593139388,-10.505836106611515,-9.942091899410922,-4.716982829608988,3.3225270854322155,-7.52165222634449,-6.716025743054013,5.413247029113292,-4.896754491721431,6.31163849070113,8.108976361470923,6.475027965032827,6.0,6.0,2.101372463866076
03-15,36.68189134369296,-10.505836106611515,-12.162164774491458,-6.800346249453424,3.942081357700748,-7.860958574225338,-7.397548280584674,5.509914294688031,-5.191735228063748,7.372545728496478,9.811317631255278,9.395218633664474,6.0,6.0,1.8995316480056503
03-16,36.68189134369296,-9.630357495217016,-6.563709726935233,-6.050136399334521,5.6044821624722045,-10.520548363254496,-7.397548280584674,5.316579763538557,-4.886356161153183,6.836941557190853,7.355296164820293,9.395218633664474,6.0,6.0,2.178479433241685
03-17,30.59360999032609,-12.548638087174186,-5.486041154854584,-7.8178678743263745,5.9808612622130575,-10.520548363254496,-7.4507692938607955,3.73061324217488,-7.587425700181768,6.6484117163870255,7.6800507070288715,13.67088272096621,6.0,6.0,1.4077615971203283
03-18,24.382714800237974,-8.76048997353176,-10.57601387555586,-9.130436441172725,5.9808612622130575,-11.945207151648116,-7.255515917736517,3.940411897492978,-4.8837216007444875,8.192304464486929,7.6800507070288715,37.52151375413915,6.0,6.0,2.928872660434125
03-19,17.767297023883923,-7.1227762272501325,-2.9596406726115503,-9.130436441172725,4.625198767706762,-9.411112148005213,-10.042281241377491,4.6300772571763185,-4.458601258562913,8.192304464486929,9.337152569112977,11.750881000051324,6.0,6.0,1.098171924453184
03-20,29.343062482166467,-14.2570288238486,-4.3636322021484375,-6.782606373662532,7.656617953799976,-11.56463144054565,-9.513738001068397,4.857145036969866,-4.458601258562913,8.692308572622446,9.945461578062053,15.546342697170534,6.0,6.0,2.0917250184129013
03-21,25.14451197646795,-7.663201920557573,-4.3636322021484375,-8.296562580647768,5.47619454894915,-11.720558443497767,-7.672091601642585,4.857145036969866,-2.316152912146884,9.76637719188029,6.506735203349812,28.032879058522305,6.0,6.0,3.1459702796248634
03-22,21.633892228311936,-7.663201920557573,-3.272724151611328,-7.883085441363263,8.237103261566219,-9.222738826549099,-5.782131560966373,4.857145036969866,0.5688303862554591,12.348024459282598,8.880053936633555,31.341266349531697,7.0,5.0,4.503536146458642
03-23,21.633892228311936,-10.87985435579253,-2.7002718272323207,-8.33334030463705,6.936869435815786,-6.504522616968584,-5.782131560966373,4.543299207768769,0.7445542244169477,16.30554058519951,11.922457005158286,31.341266349531697,7.0,5.0,4.935646530883839
03-24,24.357036323664943,-5.9095138303910915,-7.9962315959026276,-14.349779696948804,7.870373879331501,-6.504522616968584,-5.059367577575765,4.0075365903403455,-0.5211357857690812,15.005516158764074,11.751373365138534,17.279609163732314,6.0,6.0,3.327574531451313
03-25,29.3463159488499,-10.344829854160169,-10.717798863430277,-14.349779696948804,7.870373879331501,-5.033933112477902,-4.315787867495889,4.564506630546379,-0.6997133638635166,15.161524212439707,11.751373365138534,13.370949439928205,6.0,6.0,3.0502667264881382
03-26,26.84931488953381,-14.69681780526695,-9.496129117156306,-14.349779696948804,8.101853299724162,-1.6155932916585645,-3.4925543356818114,3.2577928428499643,-0.9351247323469372,15.161524212439707,11.168659513625471,25.72434313971171,6.0,6.0,3.8064574099021216
03-27,26.1707993866009,-13.747458487002447,-7.824434010648392,-10.044850919744071,10.38168374617238,2.8695116350852614,-6.842921887897345,4.38637667135538,-0.9351247323469372,16.9236440862214,12.73599853515625,32.56064289270459,7.0,5.0,5.5528222429714145
03-28,26.323118546966896,-17.702848742828103,-7.824434010648392,-11.202931817192635,11.733536610589507,3.6334059484244263,-9.465895980809917,4.38637667135538,0.11689337843489955,15.964188230342552,13.01869068761943,24.59242345649954,8.0,4.0,4.464376914896133
03-29,23.775217316471807,-17.702848742828103,-7.729011975165155,-11.611161131564225,15.997021470658087,1.6286603464602478,-7.532471495789367,1.3999119931730626,1.6222519289250743,14.827201017252607,12.715104773191745,24.98625587054944,8.0,4.0,4.364677614277935
03-30,23.775217316471807,-17.597472250488547,-11.893434564967544,-8.003600292105643,15.367317595848556,0.983597843341008,-7.532471495789367,-2.4079330572870985,0.2318893653759058,16.710181393056043,12.531569389077685,24.98625587054944,7.0,5.0,3.92925975942352
03-31,22.19020099647972,-14.649039117334151,-16.150870905702824,-7.111496413757662,14.66364057073409,0.983597843341008,-7.4805222548447645,-2.404527349815848,0.11506646364047902,16.927081023505448,12.254594200705865,25.53601056287335,7.0,5.0,3.739477968318726
04-01,20.94690968806571,-12.928498431854925,-21.899995803833008,-7.773852810643411,14.66364057073409,-0.7103883799730469,-8.120777967927946,0.7611790862402856,3.9931587879099126,16.957975341932507,12.254594200705865,28.297363193477874,7.0,5.0,3.8701089562361584
04-02,17.482517249333878,-18.073492588425594,-23.57563405287965,-7.773852810643411,14.134542330021784,-2.0596159623467685,-9.556135562192264,1.8527287590671555,4.429305278882304,16.957975341932507,13.109561113521972,26.986896542073946,7.0,5.0,2.826232969862156
04-03,14.862911377850935,-13.022812033701324,-25.925928047323627,-6.713783121649081,20.072992980191213,-0.05423117457814652,-8.4807550798541,1.8993334694862705,4.429305278882304,14.76385051493449,13.847582039629366,30.941572488393355,7.0,5.0,3.885003224355137
04-04,16.16594670392955,-9.990748212610606,-25.925928047323627,-4.000000331712807,18.556697483409373,4.800438258078454,-7.032858682891532,1.8993334694862705,3.975018391129281,15.229569584262087,14.163350734997325,23.257788277381014,8.0,4.0,4.258217302344565
04-05,16.879432979085042,-9.990748212610606,-25.825825653820605,-3.087483834156852,20.64421468758997,8.311141903279848,-5.7302287396632465,3.4662847139044906,3.5897389638412327,13.852973927875588,15.134153836387314,24.117648253077054,8.0,4.0,5.113441902065769
04-06,16.879432979085042,-8.418129621537759,-21.485947139824447,-2.8119480808980626,20.87911727064412,7.869385421240184,-5.7302287396632465,3.1264795278521684,2.646715228335871,16.25183229741681,16.751114931998902,24.117648253077054,8.0,4.0,5.839622693977219
04-07,20.85106705331283,-10.536217060219553,-22.507714666903986,-0.8620640043698012,19.88130150230594,7.869385421240184,-5.831650942807685,1.361199725089581,2.00803428193742,15.200585753292144,16.477268384611392,19.3277349535574,8.0,4.0,5.269910866753821
04-08,17.621776729403997,-10.442141530829383,-26.980722301071097,-3.9999983045789933,19.88130150230594,6.156314773783146,-6.575615614364024,3.39550018964026,1.2187991297264995,16.065572768092956,16.477268384611392,13.996630672566045,8.0,4.0,3.901223866607229
04-09,12.92613426623634,-18.263471458108953,-23.844531459430176,-3.9999983045789933,20.84569407541838,4.700166550381259,-6.907052646598724,4.604321219458981,2.183903270675468,16.065572768092956,17.075356815092693,12.00225930051961,8.0,4.0,3.115696199763237
04-10,9.17293420701372,-17.878793191574296,-25.961542674227186,0.5333370632595485,16.942771425015668,10.802304661292084,-5.685792221327793,4.374999426878395,2.183903270675468,15.19125668631641,16.794797032612163,12.851858930166633,9.0,3.0,3.276836218008402
04-11,10.782865895570971,-18.117408310924077,-25.961542674227186,-3.717133792728263,17.218044579039198,13.368143691581222,-4.754758682207263,4.374999426878395,1.3218364786134145,13.080640942858214,18.986974271494933,13.393613599509163,8.0,4.0,3.331356285454895
04-12,9.985097950595122,-18.117408310924077,-29.27351309075974,-5.470857679114156,16.85736152572182,11.308899498806708,-5.070282254083923,4.038462420187084,3.0769175592805067,12.768322370431946,16.66169979048159,8.5893208041059,8.0,4.0,2.1128350487273977
04-13,9.985097950595122,-17.813767292465556,-22.25641103891227,-4.379557851876454,22.416412184421482,11.678830737628784,-5.070282254083923,3.9603879372828485,8.175421142490514,10.681817180197417,16.49300652087232,8.5893208041059,8.0,4.0,3.5383563350213496
04-14,16.393441108479387,-26.238143637223487,-28.224102172593074,-8.675797496008284,20.66821966639479,11.678830737628784,-4.5682723088694495,1.6409274317338085,9.88372532607143,10.064078428908417,15.359083422849414,7.813895100713473,8.0,4.0,2.1496571340071005
04-15,19.225247002681574,-23.58393360305325,-28.52631619102077,-7.789851989572816,20.66821966639479,8.811264375223004,-3.187247968526468,-7.916237196630013,9.45300421591916,8.442052573584977,15.359083422849414,10.717370819576354,7.0,5.0,1.8060545939521628
04-16,10.233922083136974,-23.39544787350369,-18.64919725041853,-7.789851989572816,18.414917689458296,4.921468666406828,-2.173915706686341,-7.924341445448512,9.978887242365696,8.442052573584977,15.600483317778332,9.82352986055262,7.0,5.0,1.456875597304487
04-17,13.528594933156345,-33.70535146464045,-16.998011598613097,-9.329707758425657,23.4010509074796,3.1218044102896085,-4.592907490205924,-5.5500030517578125,9.978887242365696,7.636223376438974,16.39393076114616,11.862968771972039,7.0,5.0,1.3122899199337896
04-18,17.167379807698868,-34.455664953977454,-16.998011598613097,-8.956604560130707,22.263869813019785,4.2116061825527655,-6.600834058585146,-5.5500030517578125,9.345303103771746,8.276386835789738,17.71561765084449,11.626601682475592,7.0,5.0,1.5038039044240639
04-19,17.167379807698868,-34.455664953977454,-19.88071487651293,-7.301876063436074,24.613118848203158,7.3982116001651645,-6.600834058585146,-4.3000030517578125,7.457078514822063,8.722036675050948,17.147014996480706,11.626601682475592,7.0,5.0,1.7993624267189234
04-20,17.167379807698868,-34.79237300290319,-20.675942713184355,-8.370441428089556,26.01326317138814,7.3982116001651645,-6.600834058585146,-4.200000762939453,6.0085781575011605,9.518392677285952,17.147014996480706,11.626601682475592,7.0,5.0,1.68665417727449
04-21,12.303285906112055,-38.60831193006987,-21.53996090493094,-4.400347041996887,26.661794962802173,7.3982116001651645,-6.756762785208848,-3.7420002406020347,5.364807042619012,8.763282700319357,17.147014996480706,16.12632405609162,7.0,5.0,1.559778196815125
04-22,13.986013799467106,-45.91120512675679,-17.105259737762875,-1.0016764926436523,26.661794962802173,7.348558029237175,-7.309485642777448,-2.7737305271763315,6.081803904233853,8.797882170413676,17.147014996480706,12.874336525059507,7.0,5.0,1.5663372383814245
04-23,7.544381828611188,-45.05238436338299,-15.263640652002664,-1.0016764926436523,24.76259673890744,6.836331220783018,-10.10581950244842,-3.539819606456028,3.8567430870695736,8.797882170413676,16.302761929786026,12.013531955782216,7.0,5.0,0.4292406928682815
04-24,4.94011874530435,-53.10596390278841,-12.556462345456511,-1.4190324105989998,23.785349833535772,9.631454324718462,-9.740604616409863,-3.8461476966837997,3.8567430870695736,8.608268432006858,16.51720895249979,10.406734454494037,7.0,5.0,-0.2435277618590617
04-25,-1.0769257178673377,-49.999994309819186,-12.556462345456511,-3.5502965258039443,26.893674727081144,12.469068107732642,-9.416091460426028,-3.8461476966837997,2.754820994538888,9.459454234800925,17.52815886500698,3.8026163839749056,6.0,6.0,-0.6281770619101107
04-26,-1.5456010001936091,-49.999994309819186,-12.195125733390215,-6.3793081619227126,28.25484793814484,10.32028814830581,-31.313125231645323,-4.832344719207348,1.5075402571970729,7.752814767878535,15.625915650346037,4.136535486836811,6.0,6.0,-3.2222964089557733
04-27,-1.5456010001936091,-48.68734925999768,-12.104789426637545,-11.876704001186948,23.306031595804573,10.998992627356422,-31.313125231645323,-4.561060976038687,3.035326263442097,8.0597011526222,14.23948755790366,4.136535486836811,6.0,6.0,-3.8593796009778343
04-28,-7.264301117000293,-44.4444334065477,-14.141413345292356,-5.908289834908383,20.647145192731852,10.998992627356422,-31.881308007661186,-2.113355141724617,3.7569076842227394,7.3435779415599525,15.384618365845736,3.5290750114926452,6.0,6.0,-3.674398669160433
04-29,-11.145997659380763,-44.81604664902565,-15.54115898508942,-0.5020955696600043,20.647145192731852,10.393539342386212,-37.582129873020335,1.4629606676638165,5.139423111015818,7.0999295169500005,15.384618365845736,-4.45246530536455,6.0,6.0,-4.492689820412274
04-30,-7.727975521080957,-40.5405335743294,-14.807871718917946,-0.5020955696600043,19.260401295586444,5.189413472987807,-29.748425507657643,0.7992481082993786,5.3464241479286745,7.0999295169500005,14.542816017210322,-2.895135601506225,6.0,6.0,-3.665317077849131
05-01,-6.116209444963004,-47.65178716172962,-13.111727481970446,-0.4184116446269469,20.845923539232388,4.540704273556004,-26.42327040892564,2.224279628977381,5.3464241479286745,10.405711384055095,14.882509099054197,0.8693072848366701,7.0,5.0,-2.883878898714604
05-02,-10.903423690755213,-45.321313524574954,-13.111727481970446,-4.841409845931441,20.712211730110727,4.088053929583047,-25.169231708233177,2.224279628977381,5.23731090271908,11.524165150300849,10.028486334580046,2.0310642606728058,7.0,5.0,-3.625127859543442
05-03,-3.039074425242145,-45.321313524574954,-9.418286841636696,-3.223135350026049,19.797685989229,3.6106777185755585,-25.478107966528558,3.2437477544681936,7.192690851329693,13.06901430196396,8.029823122536023,6.339238125883483,7.0,5.0,-2.0997533536685427
05-04,-3.039074425242145,-38.105976979140344,-12.857146490187874,2.640261533380844,18.639264198680035,2.8480961722247367,-25.478107966528558,6.920257791021019,10.30760807682343,11.26708264294405,8.701852506277925,6.339238125883483,8.0,4.0,-0.9847204011552826
05-05,-0.7235917776986499,-32.03124858638539,-8.542238472761044,2.1986930778542293,19.26864045949128,2.8480961722247367,-22.455283791371585,3.748824889129775,10.270268208271748,11.769035307414574,9.96061008535519,4.8543710471670645,8.0,4.0,0.09718138489099422
05-06,7.172998865047107,-33.17364524002325,-6.981129664974223,4.378982264012121,19.26864045949128,3.5337457874352403,-20.91184478519313,2.709014142175069,9.277244529489831,11.67157619331133,9.96061008535519,3.094560985201817,9.0,3.0,0.8333961351106973
05-07,8.737865618691911,-26.611963995607066,-6.445679420524282,4.378982264012121,19.690577624158568,3.6507965501814867,-16.554266409250605,3.643160636172488,9.521250367054312,11.67157619331133,12.605518666792321,2.1205310220355176,9.0,3.0,2.200695759752342
05-08,6.584362436011264,-38.974962697013595,-7.936511470048437,3.901279525653345,18.598198012174734,8.996357688083126,-21.982757051347022,5.410363750895192,9.521250367054312,10.898376660906699,13.399153449287931,2.620810459122703,9.0,3.0,0.9196600942316888
05-09,7.607194872529821,-40.821258737263754,-7.936511470048437,4.073484107307552,20.349649011176464,8.229814584385569,-23.26886701473299,5.410363750895192,8.391605449907527,11.46755351811218,12.917845791778257,6.831280182025419,9.0,3.0,1.104346170506066
05-10,7.222222148636239,-40.821258737263754,-8.029875383885077,3.205125266043049,19.33007340430587,5.720126882520474,-22.05064593613999,4.126545807282923,9.149627394618216,8.872457250357671,13.17567636504032,8.116883317944497,9.0,3.0,0.6680798149550372
05-11,7.222222148636239,-39.009669083064,-3.5152557448288757,1.3179637278546656,17.961507854966182,6.008148380074383,-22.05064593613999,4.2305896686613575,11.799561905848297,9.723227450706911,15.923741770113736,8.116883317944497,9.0,3.0,1.4773562883977842
05-12,6.944444628409403,-40.579718825013316,-10.095242091587615,4.36187364185185,14.929782290880823,6.008148380074383,-20.44471498922684,6.110351727955207,11.84705919087332,9.485293571099293,16.299195538625007,6.060600430887407,9.0,3.0,0.9105894579024104
05-13,18.282544780921388,-35.64814584858633,-7.635015511859393,5.506780487533847,14.929782290880823,10.081464377641057,-22.457880972645434,5.9817328253921564,9.493336995442707,10.21152162388685,16.299195538625007,11.369781008073547,9.0,3.0,3.03459146627552
05-14,11.830981507515993,-32.27991784622873,-4.5119773506733445,5.506780487533847,15.077605337136564,14.603340895904456,-26.90582896629705,7.203955605922004,9.105520921223846,10.21152162388685,14.233887882188355,13.259671390182087,9.0,3.0,3.1112951240245734
05-15,13.191493333546159,-37.749125062483564,-10.73171103872904,1.1173135884436285,13.927777687197066,14.139869505808795,-29.0470029476754,8.114131386811659,9.105520921223846,10.138587450439019,11.092099867404736,14.87401732271502,9.0,3.0,1.514414334558495
05-16,11.69188317555183,-39.88095873337512,-10.73171103872904,3.5797667275583365,11.851854677553533,12.532367391113455,-27.524113700791712,8.114131386811659,8.516337150993257,9.912220104961381,10.829813099144898,6.912701848799106,9.0,3.0,0.483691007465965
05-17,11.934154871215375,-39.88095873337512,-4.09756171994093,6.374814502294825,8.40773211344382,11.065146705089779,-27.524113700791712,10.209544736381122,10.945004202684462,8.245879826742971,10.39518168315988,10.558352955284963,9.0,3.0,1.3860981201824536
05-18,11.934154871215375,-37.7380978601591,-4.598818992899419,8.980215177661028,7.867651606513427,6.36908014612138,-27.524113700791712,9.196426343856988,11.22938002950249,5.383733557311456,9.552325094442855,10.558352955284963,9.0,3.0,0.9341907690049784
05-19,12.07133222285001,-36.860885109571626,-8.291707339938489,8.803612337488765,8.2051275960378,6.36908014612138,-25.85208652591906,8.865883772419823,12.393617118414092,4.483283886237378,7.170029227035342,10.478960012000297,9.0,3.0,0.6530206119313094
05-20,9.919574318650199,-19.537579290029683,-7.7077124665187755,4.1897213356024485,8.2051275960378,7.348940227517506,-19.134670437816133,10.004446522447136,12.427596834102552,4.59203405807996,7.170029227035342,11.573009994761033,9.0,3.0,2.4208764933224494
05-21,9.214096133212536,-16.801851564738627,-10.867293573849272,4.1897213356024485,9.157509413429496,-0.3531457725171827,-19.901414869610452,8.352146335578494,9.668662147738813,4.59203405807996,7.52121137018753,14.91965980799454,8.0,4.0,1.6409445684256907
05-22,12.064344380231226,-20.24095557704706,-12.632691833814453,8.45849586633059,22.544079961627222,-9.015412190921294,-18.70769794170673,8.434825587722766,9.668662147738813,4.933590609446015,15.63818218399477,18.285572422277166,8.0,4.0,3.2859163013232524
05-23,5.978261538568188,-16.998825963152395,-12.632691833814453,6.7945672735267495,23.019341085441962,-8.962267333818867,-16.29766040115553,8.434825587722766,8.473652791266439,4.985007153272191,13.954765010534606,15.025907564790561,8.0,4.0,2.647906872765184
05-24,9.186349340919676,-16.998825963152395,-11.040339208385529,9.18448010214811,26.449700676047893,-10.650894586030283,-13.369301567364856,6.946327966746576,0.3527305416522438,3.7372585114083416,10.422537360392825,14.794655648526875,8.0,4.0,2.4178899019091227
05-25,9.186349340919676,-18.05392743332022,-7.916658802165237,5.0861354134647705,24.98498464097455,-10.585457904668663,-13.369301567364856,-3.5535585990399867,-2.028987718665081,5.03730788265934,11.890676306345652,14.794655648526875,6.0,6.0,1.2893514339722347
05-26,9.186349340919676,-15.50561992797937,-11.840693067670534,3.642380655316364,25.25433599380517,-10.585457904668663,-13.369301567364856,-2.6354985738988974,3.710043387825586,7.789397342477969,11.240417643846737,14.794655648526875,7.0,5.0,1.806750747594672
05-27,11.216215040668088,-18.694685702596875,-36.46907010612085,1.2722613996234322,25.25433599380517,-10.585457904668663,-13.192773998380591,-2.5123164928536434,2.604751350210597,6.746901445376548,11.240417643846737,12.952989460731269,7.0,5.0,-0.8472026558632315
05-28,15.072084903260805,-14.854683747120886,-35.809982542300574,1.2722613996234322,25.25433599380517,-9.609612120885812,-16.687124834452664,-3.456793891059028,2.383655257034701,6.746901445376548,11.240417643846737,16.36276306355333,7.0,5.0,-0.17381478577651896
05-29,15.425529924924145,-10.789769652109358,-42.21938012143777,1.2722613996234322,25.445896614898373,-8.412886802843317,-14.182259654499385,-2.2450024253767293,2.383655257034701,6.746901445376548,12.687812020542474,16.670741280218053,7.0,5.0,0.23195827386259624
05-30,8.29986483230109,-13.181816162156705,-42.21938012143777,0.7765327989904712,22.202168157217844,-2.8571415861066716,-15.647917912194812,-2.2450024253767293,2.383655257034701,4.41176738706007,12.023709263867874,16.67899956855236,7.0,5.0,-0.7812134118540229
05-31,9.03054828989292,-13.181816162156705,-42.21938012143777,1.9896235948257064,22.841393506815237,-2.7283455979843194,-15.647917912194812,-2.2450024253767293,0.6900456359774005,3.830567303098216,12.832997885471011,19.91936939984868,7.0,5.0,-0.4073263836017646
06-01,9.03054828989292,-13.181816162156705,-35.635024237557346,1.3973786032960485,23.317595268064107,-2.9726516591665453,-15.647917912194812,-2.790013148848626,-2.867172420966684,1.423224933546404,16.09674928838983,19.91936939984868,6.0,6.0,-0.15914414648772726
06-02,8.100931162257295,-20.93821477837329,-35.487803842679554,-0.2638498968614217,23.946136831717464,-2.9726516591665453,-16.320293256007215,-4.294170395144075,1.2443507743533246,-1.3775090226251592,10.868281863086398,16.33862861943956,5.0,7.0,-1.7630136333336022
06-03,11.748994185515,-27.712270145358872,-23.317868394048944,0.17513535577980913,23.946136831717464,-2.497027847290544,-19.938088524835273,-4.792486780255058,1.2013677916022971,-1.5287093664331102,10.868281863086398,13.395787162766698,6.0,6.0,-1.5375623223128445
06-04,3.2301450425716762,-20.833334279438848,-16.628437670440572,0.17513535577980913,24.88290409241305,-5.426355531140279,-15.2213478697437,-7.727039561453375,2.484464423799749,-1.5287093664331102,8.594210853388095,16.82308387760496,6.0,6.0,-0.9312733860910464
06-05,1.2178576099695229,-9.943492913391935,-22.38266621848184,2.364277197547036,23.719833945035802,-6.8452474887142865,-19.815380389873802,-8.324922522381033,2.484464423799749,-1.3795706317804397,9.757523217219651,14.036310306804314,6.0,6.0,-1.2592511220206042
06-06,2.024286391620639,-8.111106024848091,-22.38266621848184,0.4464302820210845,22.71386553496569,-8.138169764972883,-20.788983049379848,-8.324922522381033,3.1620524838613093,-0.8142091399975518,11.347517730496454,13.297504836793545,6.0,6.0,-1.2973666216918762
06-07,2.419352512826054,-8.111106024848091,-24.18771568846962,2.5067120058972416,21.369043821109763,-8.089103817794312,-16.62635941826562,-6.861758987346059,2.7840895482824157,1.2886612055819864,12.596897485077319,14.966771565738652,7.0,5.0,-0.4953763160175219
06-08,2.419352512826054,-9.111107720269096,-34.01533647293806,-0.27075571460073666,21.26537890648919,-10.353091229026584,-16.62635941826562,-7.203604555004301,2.0431361702887707,1.0661798065920491,13.862204507562694,14.966771565738652,6.0,6.0,-1.829769303383916
06-09,3.49462670540584,-6.629215481756638,-36.67100325979272,-0.3610104885239756,20.61429806191752,-10.353091229026584,-14.328892386335173,-5.794204899542179,2.59739756212615,1.5785620733804082,14.472607426256198,17.052491999234437,6.0,6.0,-1.1939528263880597
06-10,7.957558457137082,-9.465483572374962,-33.764555330845106,-1.8315000720495704,20.61429806191752,-10.233399673912993,-16.73741823645085,-5.522381502172717,2.084511770329005,1.6146808589270356,14.472607426256198,17.430776363596223,6.0,6.0,-1.115025454136928
06-11,10.755443773907874,-14.4618828567207,-15.7407361416171,-1.8315000720495704,21.204962125667347,-6.519202048834341,-16.920260058796956,-2.787284467280811,1.5297476691172585,1.6146808589270356,13.654942788376413,23.713695496083805,6.0,6.0,1.184383922231688
06-12,10.401001525341117,-16.55091776248146,-17.647058823529417,-4.3040317192774085,21.669626877874574,-8.021082232745893,-20.820183959860238,-3.905096062300815,1.5297476691172585,1.3578012448932053,12.978784439231104,22.75692032558488,6.0,6.0,-0.04620737317942444
06-13,13.048933365505382,-12.639822902457784,-17.647058823529417,-3.5681553408901334,18.83885965404897,-8.025781275489978,-22.654749328502522,-3.905096062300815,0.6798806486022917,3.0641686679273685,11.12335063180924,20.852976598480197,6.0,6.0,-0.06937451389976494
06-14,11.944092387412805,-12.639822902457784,-19.76470947265625,-6.481479600950885,19.1185277950324,-7.790698215985932,-17.55350987720758,-4.053384643495507,0.0,4.4238306840603965,10.87786708088926,20.00908154070839,5.0,7.0,-0.15918376872088982
06-15,11.944092387412805,-17.673388719696433,-20.944303805068053,-8.263689431943076,17.010931912516888,-8.42105556686456,-17.55350987720758,-3.033262796895277,0.9034435668175171,4.2786455531901035,9.123292687821063,20.00908154070839,6.0,6.0,-1.051643545767352
06-16,11.181704285099912,-23.82589904291731,-20.727273189660274,-6.255836357680048,16.452602270923062,-8.42105556686456,-19.143725307272693,-5.024876665241059,2.249727280265776,3.6671399617238984,8.87363522399084,19.918335365876878,6.0,6.0,-1.7546268118129646
06-17,10.191079281741093,-15.795204368867084,-12.615730967603,-3.454546494917436,16.452602270923062,-9.76608209964502,-20.46425352705097,-2.0843676637477757,2.516772241120881,3.8705150545980223,8.87363522399084,18.58608436666541,6.0,6.0,-0.3074580568993313
06-18,11.308765939357706,-19.842167436182574,-11.589011711963918,-3.454546494917436,16.513765748895633,-9.239765429585653,-22.037034115401177,-3.720238123395996,3.1666649712456603,3.8705150545980223,7.829676289414783,19.081189803783847,6.0,6.0,-0.6760154586792589
06-19,9.278353682891007,-15.437789233588672,-6.136363069873222,-5.45454892245206,17.553521542948182,-8.372367163720085,-18.90097324309977,-4.707063427032833,3.1666649712456603,4.398311036750019,8.131875755734464,17.478443315474223,6.0,6.0,0.08317210377307513
06-20,11.451399564636896,-10.10989052448103,-6.136363069873222,-2.272727272727273,18.92551640185998,-10.743324362591641,-27.707003061416078,-4.707063427032833,4.2777803209092875,3.4130869484536017,8.619288763525763,19.464163857108964,6.0,6.0,0.3729053448643673
06-21,10.977238525507119,-10.10989052448103,-8.181821038900267,-1.5653782842379849,17.544941830593615,-8.868672270664371,-29.857511541219893,-4.4066154149877885,3.333335452609592,5.512639466499577,6.216071949083525,22.88972221376556,6.0,6.0,0.2903383636306381
06-22,10.977238525507119,-8.791200038733846,-6.363630156871835,-4.108306058040209,18.62197914348092,-11.857468923978011,-29.857511541219893,-4.156234112391835,4.098360826601157,5.951963493625419,9.568731490748792,22.88972221376556,6.0,6.0,0.5811370718744454
06-23,9.3708143095835,-8.571425277734052,-11.047839368220071,-3.6896911502629863,17.857145204622594,-11.857468923978011,-29.40414562977806,-4.999991501912354,-0.4896635293651279,8.205843503372314,10.174027824106805,22.407369182064013,5.0,7.0,-0.17041877979178555
06-24,10.17402641754531,-5.444441901312934,-12.753273552316196,-2.5257293579237983,17.857145204622594,-11.565417319950251,-29.015548041870012,-2.3715392671163573,-3.4445004331944133,12.23404359876867,10.174027824106805,26.485423524228214,5.0,7.0,0.8170180579656364
06-25,8.047495246097045,-5.658329504972443,-14.457828695048395,-2.5257293579237983,17.54386080227075,-12.426734499409852,-29.883569690552424,3.3563686944405866,-4.242426853703835,12.23404359876867,10.066930321666318,18.194676326130992,6.0,6.0,0.020729698980301414
06-26,11.8556707365782,-11.547344314316964,-11.764705882352938,-2.432181843663958,19.71304220666068,-11.69590617183426,-30.664945578996072,3.9725330563452683,-4.242426853703835,11.801859195693655,12.443855414401117,17.65560851025774,6.0,6.0,0.4245882062557192
06-27,4.399998982747396,-11.162259077877005,-11.764705882352938,-0.6381011223364168,17.657989687554068,-14.469837521157382,-22.89929223786191,3.9725330563452683,-3.7465582339821855,8.944798386524386,10.468833802159685,13.685236375135036,6.0,6.0,-0.4626136487584998
06-28,7.9589202643795804,-11.162259077877005,-16.705883250517005,1.724142705672579,16.624999046325687,-16.51705792998215,-21.65079268198165,4.070622602016496,-3.780824844151328,11.193525663871153,12.782716580293904,14.993982326429204,7.0,5.0,-0.03899238296004463
06-29,7.9589202643795804,-3.1070249804518704,-24.968946351022982,-1.2623930362685176,16.59496427150421,-18.430648910380718,-21.65079268198165,1.9126993689192155,-2.6997233135911363,14.243899709810087,8.056750768351082,14.993982326429204,6.0,6.0,-0.6965260470252915
06-30,10.269578878721397,-3.967329809745862,-33.942564402897766,-3.3898315178215865,16.799508650136232,-18.430648910380718,-22.158728705512157,-2.627582245370415,-1.3594345203769975,12.945838795911243,9.629045011924317,13.886884629872911,5.0,7.0,-1.8621053454616172
07-01,8.801020966724067,0.3492401913654617,-41.86667124430338,-2.4756827814572326,16.799508650136232,-22.50607503281881,-22.944559792372512,-2.39162705298951,-0.8686202320814589,12.830685152558562,9.629045011924317,14.644053938688538,6.0,6.0,-2.49997351871881
07-02,12.998709839433525,2.4971652275855427,-40.7552169432167,-2.4756827814572326,16.063764385952418,-25.328337725960875,-18.56963686366543,-3.9877336806866217,-1.0331731395519608,12.830685152558562,9.629045011924317,15.891842474355974,6.0,6.0,-1.85321408689404
07-03,14.249039010911186,4.9768551862164925,-36.66246053283268,-5.923953119025043,14.187926423580006,-28.797469213974995,-19.860400477853762,-5.170630776164652,-1.0331731395519608,12.797615612355106,9.169736081291736,18.14006394851744,6.0,6.0,-1.993904249710928
07-05,16.500002145767212,7.545045806974387,-36.66246053283268,-3.1386194271685097,15.65064013014692,-35.183942089067315,-17.91509893805213,-5.170630776164652,0.4934218953796256,11.700366846930184,10.28496777964252,18.49565578908196,7.0,5.0,-1.4500542807802062
07-06,16.500002145767212,7.545045806974387,-37.85803316245183,-1.6652106625637777,17.106776595058612,-38.51952620362326,-17.91509893805213,-2.839763655122338,1.4851510078732162,8.842608643330115,10.753533435590903,18.49565578908196,7.0,5.0,-1.5057382665114114
07-07,18.75,4.664389638127791,-36.66665646274442,4.336513543623074,16.915993799470485,-38.51952620362326,-18.664167825720245,-4.030607106138596,0.6578888892025976,7.808739186770047,10.753533435590903,21.239141653030185,8.0,4.0,-1.0628964543676205
07-08,19.12500262260437,0.8036704307421677,-36.637398117935064,4.419412743221041,16.915993799470485,-34.818367858652785,0.7518789804026501,-6.332991705566156,0.5494526224051414,4.863332749460311,10.753533435590903,19.266697942076824,9.0,3.0,-0.02831519634834241
07-09,20.869568513916004,0.2224638998724686,-35.12500524520874,4.419412743221041,22.727267240078465,-30.223385986138393,1.4248660578592496,-8.555328059071522,2.949057631690665,4.863332749460311,11.067502373456257,21.971824250980585,9.0,3.0,1.384298014176366
07-10,18.922308587377085,2.9508143753641423,-41.122723693901904,1.733100605946812,24.75362584210824,-25.865446960230173,0.5006253191347655,-6.215537462142239,2.949057631690665,5.2538144772026465,9.030890587287118,19.40476553780692,9.0,3.0,1.0246079039703402
07-11,22.87735477721132,1.4428425209601945,-41.122723693901904,-5.379185612603705,24.943309358118768,-26.55217577892797,-4.0566653269374315,-6.215537462142239,1.9302879912407187,6.596488283391584,9.193882897634467,21.61654244849957,7.0,5.0,0.4395350335452808
07-12,22.78630748913549,1.4428425209601945,-39.29504293526519,-5.830387501811308,22.91316563126667,-27.199999491373703,-4.595469559301846,-6.616539570646758,0.5965325768206878,4.304521400030507,7.631582962839228,19.749817524042136,7.0,5.0,-0.3427224127753241
07-13,22.78630748913549,3.1076656995851892,-47.34693964934758,-4.310344685839137,22.421524471902853,-24.543082922854968,-4.595469559301846,-7.096775842421006,-0.6482924386868827,1.8024513486859544,7.531159431285374,19.749817524042136,6.0,6.0,-0.9284982611512014
07-14,24.203071146466247,2.312775769950226,-43.24693191389817,-5.39130335268767,23.32409563668357,-24.543082922854968,-5.177994825961842,-10.257699269251304,0.6966728929777065,1.2043793003664132,7.775726883424733,19.46115037762475,7.0,5.0,-0.8032616897633599
07-15,14.054727858238447,7.7239958501908275,-42.6490090818845,-2.192244826376992,23.32409563668357,-24.73890986308424,-4.378617921401392,-8.379886103488339,2.6827996987974467,0.8061605471693103,7.775726883424733,15.308339177615814,7.0,5.0,-0.8885685120096095
07-16,13.18680710870502,9.041393203855254,-34.86005345308053,-2.192244826376992,21.828253445538273,-23.679055308755952,-5.584087570563023,-7.967725314094538,4.39276674270104,0.8061605471693103,7.299661560393739,17.20047387317105,7.0,5.0,-0.043970832611445715
07-17,12.073168221291525,6.263743127519247,-41.90094617389237,-3.541316091501596,22.591183356624033,-24.42396405947337,-7.020995478307099,-7.2108191465717715,4.39276674270104,0.3664359769692378,4.023758878983747,16.72862595210109,7.0,5.0,-1.4715298911296906
07-18,12.06272623162322,7.683983287166826,-41.90094617389237,-4.405658340896798,21.684781814342614,-27.60451182252418,-6.7017049027192686,-7.2108191465717715,4.186043669115729,-1.6086805557042139,6.4890506314274905,16.08247471332092,6.0,6.0,-1.7702717162759836
07-19,11.850065800064671,7.683983287166826,-45.381525591697795,-3.728258279347096,22.113291310718303,-28.885923881392173,-5.249510368905693,-7.2108191465717715,4.323212245982985,-1.7636068571510364,8.501820731781113,14.295742560604284,6.0,6.0,-1.954294015728949
07-20,11.850065800064671,9.199128234313244,-44.72972838002632,-2.295079814333678,22.70766334372396,-30.540536796202048,-5.249510368905693,-9.929431946589622,5.54143440955827,-4.279100540285533,4.18127663830804,14.295742560604284,6.0,6.0,-2.437339738314204
07-21,12.575578973685047,9.409196696363779,-47.67759789769537,1.7799297691375089,22.414724112388377,-30.540536796202048,-3.888531235274601,-6.7493828094214114,6.357216187096468,-4.212518735990307,2.8977619470514213,14.716894404560499,7.0,5.0,-1.9097721153583875
07-22,9.090912374911527,10.000001036602539,-59.574469935344354,-1.3355660033402483,22.414724112388377,-32.2972950768175,-6.864692684581309,-10.145657826442578,6.069806449944786,-3.388552848746604,2.8977619470514213,15.287650287308862,6.0,6.0,-3.987114847255423
07-23,8.14249786833774,5.779713506669792,-49.582173090431496,-1.3355660033402483,24.03898075498583,-29.12557094274123,-3.0205671873650664,-9.609610211627876,6.589534815110463,-3.388552848746604,2.487708082444176,14.5500832341715,6.0,6.0,-2.8727935018777533
07-24,11.138922302635363,9.314234989245053,-47.73039613886522,-3.3389030675198264,29.4945317538751,-32.2861020391992,3.522871679527713,-10.216400068230667,6.589534815110463,-2.409643485941096,3.3971375474510177,17.502279212012922,7.0,5.0,-1.2518277083248637
07-25,13.602937223451974,8.281575604260299,-47.73039613886522,-5.738390967183464,28.048784434417552,-33.26530888960065,3.2828311411266986,-10.216400068230667,5.684100646224714,-4.179332804802576,6.380137341324985,15.246841575138015,7.0,5.0,-1.716885075228194
07-26,15.36614339369302,8.281575604260299,-49.38101355116112,-8.256112092325315,27.691483959116336,-35.31884265243083,6.528369339049561,-11.776538230531536,5.228429678963224,-5.64142596277442,4.971934290131334,16.869372569956305,7.0,5.0,-2.119718637837761
07-27,15.36614339369302,11.697723936751846,-34.691193431903486,-10.526322180821671,25.333335664537216,-30.64952513406125,6.528369339049561,-12.88374110627944,5.02028298980584,-3.3307537587769804,6.3304739474996135,16.869372569956305,7.0,5.0,-0.4113194808791191
07-28,12.725089465642426,13.133406905312073,-41.3554666675988,-13.471506303062545,25.99119111612455,-30.64952513406125,5.125071569216161,-14.69533451602617,4.812557581590124,-1.3937305900692782,7.10295816122459,18.220720438202164,7.0,5.0,-1.204547331125496
07-29,11.743344311748507,14.964615212676597,-30.00000619269052,-12.596403234091824,25.99119111612455,-30.85250677944371,4.834761043303351,-13.483143002733705,5.527640213849249,-1.3152810350889426,7.10295816122459,15.344978870473595,7.0,5.0,-0.2281542762206888
07-30,11.715973887155158,12.182748390517324,-25.03128982843649,-12.596403234091824,25.11012942873018,-29.640089910556522,0.243166648462793,-17.995804833597838,5.764418455638514,-1.3152810350889426,6.703911805092616,13.592012108238613,7.0,5.0,-0.938875676494702
07-31,9.447847118159904,13.179069630220926,-16.842099979643795,-13.881747000583973,27.73954441729437,-18.479773991160226,2.9306207610116024,-17.25755689925182,5.764418455638514,-1.8181791350819696,8.685195507831853,13.386351473411008,7.0,5.0,1.071140863153866
08-01,19.784947471517185,13.69999885559082,-16.842099979643795,-8.58369126819042,17.720203408362966,-17.409477809505674,0.18427939422703704,-17.25755689925182,4.8120348626986305,-3.6177745389436633,-0.8510630526872615,9.215168097290254,6.0,6.0,0.07124737845535482
08-02,17.569062089254853,13.69999885559082,-11.929818495146579,-6.4680870543134965,19.24433058646309,-14.131894187842656,-0.1849610845594007,-15.484876257030239,7.903951684826236,-6.1256998922659065,2.657722626756502,7.64745421785831,6.0,6.0,1.199765257465961
08-03,17.569062089254853,16.999998092651367,-4.8997834798112025,-4.552981740136696,15.920401503522092,-10.0583987826635,-0.1849610845594007,-16.930385795483126,14.779554062633665,-4.579549352175398,5.4342058225245164,7.64745421785831,6.0,6.0,3.095384629467957
08-04,18.674033387873667,15.628090775082553,-1.910831249659583,-1.5833298365275066,14.43038167832773,-10.0583987826635,-0.24661477941253426,-4.334203343288399,13.447066051874526,-2.5248655808059137,5.710495189226201,9.105183582412216,6.0,6.0,4.6947505910366205
08-05,10.877196309113168,15.479583625601766,-2.312775769950226,-0.2467083334509741,14.43038167832773,-9.669044684438386,1.0676174297720142,-6.345852843058995,11.291136922715586,-2.9976893373349047,5.710495189226201,10.19773455621746,7.0,5.0,3.956839561895036
08-06,14.549650972813893,14.393943156858738,16.55913903515028,-0.2467083334509741,15.696204463137855,-12.209689381877274,1.0727073766989526,-7.74946429218637,11.020822841220932,-2.9976893373349047,5.737051155037599,9.765793930315775,8.0,4.0,5.465980132198709
08-07,11.38210895834725,4.913003822115638,12.80898245517784,0.657894117680275,15.091469383372033,-12.728497647259061,2.7446359519052264,-7.011069962294421,11.020822841220932,-6.571864159834932,8.754211382242342,5.423189031537774,9.0,3.0,3.873740514517575
08-08,8.848485079678623,6.3508075564076245,12.80898245517784,1.1735150020240597,16.938273111979164,-13.014162610281858,0.180727023831861,-7.011069962294421,10.309805137558193,-5.097738274923432,5.718783751991032,7.264474048497144,9.0,3.0,3.705906859970486
08-09,8.515818289082807,6.3508075564076245,7.752804606268576,-5.651776394413956,17.354548310265574,-14.485982260383908,-3.2398783955263704,-6.747499910263115,10.056147514088966,-5.836575702219694,6.934592620990634,7.808627379676696,7.0,5.0,2.4009694678311533
08-10,8.515818289082807,9.375003004266349,9.88505374174126,-5.9578421750278245,17.898439292035125,-20.35087451600192,-3.2398783955263704,-9.80707362631544,11.725894841774304,-5.5188499866196485,8.058997300275438,7.808627379676696,7.0,5.0,2.3661095957800646
08-11,9.124093095781037,10.569105139490373,6.459058992950728,-6.215214219762133,15.868108953729354,-20.35087451600192,-1.93147282259803,-11.032612656149919,12.133678754647507,-4.746963525642316,8.468798096292003,8.530811277005814,7.0,5.0,2.2397097141452083
08-12,12.339929266010516,11.983892220399602,10.284469351736256,-8.018862237791305,15.868108953729354,-18.315793756853076,2.5610499209569317,-8.690991911368043,8.298756869744219,-9.068632607091628,8.468798096292003,4.463074870737589,8.0,4.0,2.5144832530418686
08-13,11.985903999178786,17.909006729266356,-0.3492401913654617,-8.018862237791305,12.725395841174164,-16.320882783204173,4.494383416556598,-7.317068484129161,8.346296184235037,-9.068632607091628,5.689560051577427,2.7556344538315214,7.0,5.0,1.9026245310198469
08-14,12.174943323451268,19.385800796290592,2.378256398204284,-7.264146003573939,13.737370798799565,-16.701465492817675,1.4345473860430416,-8.2932006033712,8.346296184235037,-9.722226767238793,12.143228318633122,-1.5487197814543003,7.0,5.0,2.172557046433417
08-15,9.547126101890704,19.463093262213434,2.378256398204284,-7.735845899191589,13.316329385478554,-15.068484918555566,0.4898954322095238,-8.2932006033712,9.383106725692627,-7.194241423372994,11.137073895498093,-4.322483647658334,7.0,5.0,1.9250520590864613
08-16,7.509385754946036,19.463093262213434,1.2457492370065384,-5.660371756630241,12.130637851366426,-10.90909316097837,5.247811303493206,-6.634562523733427,8.711343130354402,-9.215847646479018,10.213954388617005,-10.835915750301087,7.0,5.0,1.7721820074895758
08-17,7.509385754946036,15.148608604757145,16.649947873138938,-3.71401672728741,12.271542706433143,-10.550162683260556,5.247811303493206,-7.309152310003751,9.55806161618498,-10.27202912241903,12.351371671118846,-10.835915750301087,7.0,5.0,3.0046210780667053
08-18,7.259073095378652,15.413536563952777,21.327962758728546,-2.0257852116371105,10.208444365971184,-10.550162683260556,6.880462844013689,-8.700383004745243,7.457983235368012,-9.943415580355543,8.278319065029157,-10.397323964163496,7.0,5.0,2.934059290356672
08-19,10.036279983080645,15.879020012197655,19.30744729598299,2.5505713700257218,10.208444365971184,-10.420709880603061,1.8979815138781668,-7.576570667213282,8.946023702900014,-8.713030636653446,8.278319065029157,-13.560653689414124,8.0,4.0,3.0694268695984683
08-20,7.371011746478697,12.047017544711773,13.146063478708308,2.5505713700257218,8.765363281120981,-5.094336386010905,1.3755954047954078,-9.656303683201568,7.519585184034248,-8.713030636653446,7.491113973909912,-12.512772076026256,8.0,4.0,2.02415660015774
08-21,3.3415839539101477,14.39539336868701,19.896369692802214,2.5505713700257218,6.412381634204487,-3.618820170269404,2.7234997104534004,-12.41611479252409,7.519585184034248,-8.872898771932793,6.403066549436091,-8.916557609717437,8.0,4.0,2.4515050099258
08-22,1.115237659902945,15.289645750284949,19.896369692802214,9.377594162278646,3.098111910915987,-0.1759571142988508,6.04623833444944,-12.41611479252409,7.310703114456358,-9.306055621437588,7.2104312217213975,-6.0071523526406105,8.0,4.0,3.453254330492568
08-23,0.3745344438340612,15.289645750284949,10.466314146459476,6.66097122485254,3.7079378232659312,0.058549349686800624,6.434475314191765,-14.373611425061517,8.973696884421162,-10.517925695321653,3.3013887995982985,-5.1548835610816095,9.0,3.0,2.101757754594184
08-24,0.3745344438340612,17.948712607565728,14.054603590193146,6.25000206960564,6.305798861359702,1.3294771813840118,6.434475314191765,-27.553593821922068,7.315786261307568,-10.834320569106353,4.454282656054807,-5.1548835610816095,9.0,3.0,1.7437395861155334
08-25,0.4993812427864243,21.57894842512393,17.31731313185698,5.609109537311651,5.832860418557657,1.3294771813840118,7.497050872049002,-43.2375604650883,6.93642435388442,-13.528706783928412,3.777541099311323,-5.344048882967544,9.0,3.0,0.6889825108567621
08-26,6.753551222313359,25.192806468183647,16.073244516469654,2.9729721834690617,5.832860418557657,0.5780258874628976,2.5625762072703626,-30.85938040846195,3.5791747738462787,-9.91061480674844,3.777541099311323,-2.6787829436382697,9.0,3.0,1.9894978848362983
08-27,5.762305203718803,19.825323510071254,14.200589819644744,2.9729721834690617,7.683683932112081,1.2702039101088156,6.3501071628799375,-24.22934939300568,4.4599672030337185,-9.91061480674844,4.249734987609739,-2.525129775072001,9.0,3.0,2.509149494818504
08-28,5.861241522023205,21.643108439175464,10.466314146459476,3.513516485763533,16.92073105725651,0.6976792669216747,2.4683915252633537,-21.239462100169767,4.4599672030337185,-10.221535619532496,5.158935610038955,0.8120924779645954,10.0,2.0,3.3784150011831837
08-29,6.053268597399124,23.600343257050067,10.466314146459476,1.1680153917720613,20.369473000584904,1.2048249463250438,3.3274940032087548,-21.239462100169767,3.922629906733627,-9.307692601130556,4.956344050438647,4.686807172139186,10.0,2.0,4.100696647567546
08-30,10.39260547792299,23.600343257050067,13.264246461868145,0.6404450735960832,18.617561003400127,-1.8529223297175068,2.816909764057405,-21.29963194599932,2.650079919868662,-10.860252822805386,7.15725839401631,5.401236177188985,9.0,3.0,4.210656535870546
08-31,10.39260547792299,25.2368599323458,8.902688097946895,3.859966713856708,19.730937442385148,-2.5656008387440683,2.816909764057405,-18.375805097244815,2.0866842474744467,-14.234592357879587,7.550467264755667,5.401236177188985,9.0,3.0,4.233529735338798
09-01,13.279441556502233,20.10535463412441,11.581072878771,2.580651399088516,19.770912990231587,-2.5656008387440683,7.863855834897046,-15.428575788225446,2.441618832779588,-14.81038365195828,7.6425188816602425,3.7257548912390797,9.0,3.0,4.682218468363827
09-02,8.343556566463379,19.137467138722602,11.591142827454483,1.029968232287911,19.770912990231587,-2.5656008387440683,6.987956472466792,-15.657141549246653,3.431888068648436,-16.531604024536474,7.6425188816602425,-1.0635930221048726,8.0,4.0,3.509789311941946
09-03,6.99386161354213,17.057764948888053,15.132920067950758,1.029968232287911,19.770912990231587,-0.17554526844732002,7.03547313086993,-16.03666260726925,3.3808736361903327,-16.531604024536474,7.6425188816602425,8.020812220394397,9.0,3.0,4.4434411518135235
09-04,11.111103828374443,19.740501593802797,11.983033699592802,1.029968232287911,19.271625348498734,1.2731551618117027,8.180207465703623,-14.463273195459692,3.3808736361903327,-16.531604024536474,8.410986777461892,11.79235269348505,10.0,2.0,5.431577601434427
09-05,11.660775003622616,18.301891172089086,11.983033699592802,-1.7126484070554107,19.040397452938095,-1.907030284443868,8.883696104862032,-14.463273195459692,3.3808736361903327,-21.192587806432236,6.658448369270982,11.677106514774806,8.0,4.0,4.359223521662462
09-06,12.17798555618923,18.301891172089086,11.983033699592802,-3.198496226975561,16.932582932852302,-1.426023601937812,9.096207000826,-14.463273195459692,5.958547481815455,-14.893621094127464,9.759609873830717,11.677106514774806,8.0,4.0,5.158795842789155
09-07,12.17798555618923,18.301891172089086,6.798244444507186,-2.226351862128769,18.740479603720967,-3.454543604995265,9.096207000826,-13.847010404049072,5.342327022627901,-21.857024081647687,7.061883957702451,11.677106514774806,8.0,4.0,3.984266276634735
09-08,12.17798555618923,20.856102525725763,12.213739108405,-2.8756996966200914,19.83967568191539,-3.454543604995265,9.096207000826,-13.277774386935766,6.779659688630957,-26.335249824271603,5.9062679070483615,11.677106514774806,8.0,4.0,4.383623039224398
09-09,7.261901004514287,22.931656627500555,13.64148876841508,-3.2588490589258856,19.83967568191539,-1.2727217240767046,8.37696619732281,-9.944449530707463,5.546995181275028,-29.801601126148853,5.9062679070483615,10.317294204789214,8.0,4.0,4.1287186777434846
09-10,8.411217660443162,22.75179639396184,15.445320216852856,-3.2588490589258856,18.486967915642442,1.7334071495135634,8.672879501309387,-11.499998304578993,5.108358173318948,-29.801601126148853,10.664751594975838,9.648178381264195,9.0,3.0,4.696869041469042
09-11,13.377929212702005,20.773376706075773,12.689175008448734,-4.376166452933507,20.24450436451716,6.051707749371259,7.325587945734602,-11.252764280902113,5.108358173318948,-27.817644592763358,7.787488607733636,9.00065145442635,9.0,3.0,4.909350324644124
09-12,13.154963991619148,20.271490791433155,12.689175008448734,-5.111525827467557,21.070730780558986,9.038575547747786,8.37209575688137,-11.252764280902113,4.9535558619429905,-26.052522132678167,8.772770230878784,6.000437047534765,9.0,3.0,5.158915231333157
09-13,10.459768590373963,20.271490791433155,10.593717207037695,-5.360443068991024,15.293538783726994,12.607947197740435,9.839813263144066,-8.425712157845567,5.010336725839134,-25.724942621515652,10.380702990329304,6.000437047534765,9.0,3.0,5.0788878957339385
09-14,10.459768590373963,21.80995299378213,3.6540826959919768,-6.896558773181932,15.836215684898107,14.766980570638887,9.839813263144066,-7.444445292154947,6.461539635291466,-22.94213101354979,8.725472597593193,6.000437047534765,9.0,3.0,5.022594000030158
09-15,8.850574687444198,22.84969645649099,-0.3749966621398926,-7.540058592098021,16.084606345475912,14.766980570638887,8.123570443253431,-9.43395567372696,5.361784635010304,-20.18875628585621,10.086191009257103,4.273695831383306,8.0,4.0,4.404944397094421
09-16,6.32318459326851,24.158758877234877,4.705877865062042,-8.666665213448661,16.084606345475912,16.058392714420634,8.457140241350446,-8.167767514843792,5.833768813403706,-17.066348439808667,10.086191009257103,5.590330347994571,9.0,3.0,5.283122469947225
09-17,5.5489994357896295,24.653981643750022,5.456708165261911,-8.666665213448661,14.313821241183907,17.430672950806493,8.747854505394178,-8.41639259530486,5.979380774338335,-17.066348439808667,10.971346496600894,7.576088921882447,9.0,3.0,5.544120657203803
09-18,3.9379465298261636,20.30141858212468,7.325587945734602,-9.809521266392302,14.552610470087357,12.073941440758972,11.670480636591806,-8.777777353922527,5.979380774338335,-16.187047014237116,10.74264013756429,8.050945843980946,9.0,3.0,4.988383893871268
09-19,5.112958812608549,22.964869645715304,7.325587945734602,-6.163754216631116,20.433580455800012,9.354641960496991,9.564236144655824,-8.777777353922527,6.1855612329219785,-13.314559069496234,10.43046351640753,9.34599969765664,9.0,3.0,6.038484064328963
09-20,6.447828031831928,22.964869645715304,6.976748312273767,-4.132229523216276,17.06629520447548,13.386723456482446,9.615388764681082,-8.444446987575954,3.6673603793259177,-12.603716323068841,9.099615397017649,9.34599969765664,9.0,3.0,6.1158696712999285
09-21,6.447828031831928,21.59383411558598,9.134050176616404,-4.814810138016981,14.47053347542943,13.732188025675633,9.615388764681082,-12.0157291474901,3.9583343681361534,-11.062825774362086,9.502266060905967,9.34599969765664,9.0,3.0,5.8255881380541705
09-22,0.5861687256752948,21.788195565480837,12.395713899080803,-7.208879007812022,17.01534081109756,13.732188025675633,12.160636510708553,-13.970584110405277,3.894080950608287,-8.998031196578314,9.952608263049948,8.137276729474822,9.0,3.0,5.7903929305046775
09-23,-4.310349586238057,20.836968506382263,12.841854260418186,-7.3080474670419955,17.01534081109756,14.529910814330306,12.81038144498456,-9.700664696162761,2.812504656612688,-14.960632971016127,9.952608263049948,10.274124645166477,8.0,4.0,5.39949989013192
09-24,5.188674577065661,17.0794192441052,10.332540114916622,-7.3080474670419955,17.061831879323627,13.25028410422548,12.801795627962694,-9.510573055379519,3.8144318848920977,-14.960632971016127,10.63981421159113,10.748981567264977,9.0,3.0,5.761543309825821
09-25,4.322439498781781,22.986575113932876,9.145609994047282,-6.3829745938878215,19.706407452778272,14.97504525853565,11.577757198427573,-9.510573055379519,3.8144318848920977,-13.551597892636586,10.211349263204506,9.02223211736192,9.0,3.0,6.359725186671504
09-26,1.3237136558007094,21.471337598843782,9.145609994047282,-8.907247775701412,19.956426019392623,14.518856561161055,11.343808623368115,-9.510573055379519,2.010306171737871,-11.251529358433409,12.313523133569234,7.1012319997839475,9.0,3.0,5.792955297349192
09-27,1.796413956309155,21.471337598843782,5.415165624300308,-10.773481706093547,18.113038803723125,16.555923917698433,11.24053754571888,-10.289212617185783,-2.110815843936816,-12.737244092689266,10.420604629520964,7.1012319997839475,8.0,4.0,4.683624984666098
09-28,1.796413956309155,22.155682565291,3.7371189450592666,-9.827115070050374,18.940393291084227,15.62150515219061,11.24053754571888,-8.00432428640764,-2.5329790127241787,-11.833821669545564,8.94500164355205,7.1012319997839475,8.0,4.0,4.778303755021782
09-29,0.7185678667734172,22.67782494896645,5.249677982279119,-9.025918380304708,18.976166222488434,15.62150515219061,11.357016893421203,-5.756929160604955,-2.769073686241339,-9.451475523245268,11.554326511333333,5.784589249421085,8.0,4.0,5.4113565063731155
09-30,-2.6054593947150115,22.99915390528029,5.912596731900399,-8.444442749023438,18.976166222488434,16.069433041172246,11.117512887787257,-6.444792887937377,-3.3368059409036177,-9.129154541455584,11.554326511333333,7.748758926621793,7.0,5.0,5.368107726045729
10-01,3.4146309693180865,22.558924910430473,16.391359347032395,-8.444442749023438,18.181813590591396,18.27719662099141,11.558666895741514,-4.131793794473418,-2.270384690977522,-9.129154541455584,15.016046303184837,5.8277588090438215,8.0,4.0,7.270885139200331
10-02,6.428565589748818,23.51959757011097,17.54386080227075,-9.866663614908854,16.876688190292626,11.928201302916774,10.057797076177744,-3.107200404267048,-2.270384690977522,-10.854017139336591,16.84473645073608,6.691133533995348,8.0,4.0,6.98269288889659
10-03,2.203186089288661,23.32775880396483,17.54386080227075,-7.05987481213084,13.206693784200287,11.111110481498434,8.535897022584669,-3.107200404267048,-2.012390680524897,-13.069390058483096,14.262594563888642,5.288151664387017,8.0,4.0,5.8525331047231175
10-04,2.0833343072654555,23.32775880396483,10.025065022841275,-5.053197358085353,15.19783810949502,11.338963347960556,9.65940567825467,-3.4697053072199417,-3.326400193669248,-15.590685839666452,14.239929435087705,5.288151664387017,8.0,4.0,5.310038139217961
10-05,2.0833343072654555,18.311033222392947,10.357579670908263,-4.214218856610675,15.405526350449518,15.175996110901814,9.65940567825467,-3.1136500633968227,-1.2853469932831911,-15.022218492296007,14.53050158518667,5.288151664387017,8.0,4.0,5.5980078486799725
10-06,0.0,18.481016570110835,9.834117157991637,-2.792318444668707,16.12758362836829,15.175996110901814,11.557787339251831,-5.691498114869872,-0.7150122073235369,-13.895013709436345,16.083449280273282,6.000437047534765,7.0,5.0,5.847212054844499
10-07,-2.3341470807081417,17.491468805696268,17.087158283574393,-2.5239335738020263,16.12758362836829,17.657238773305174,5.750431484173943,-3.8277577945005694,-1.7525781405847711,-15.113684099532476,16.083449280273282,4.165767815450668,7.0,5.0,5.734249781809503
10-08,-0.24272400872843494,15.397769903098038,18.604653507238094,-2.5239335738020263,19.137467138722602,17.106002264642218,3.4849388183857135,-4.148939990954297,-1.5954681475728278,-15.113684099532476,16.375062251954837,3.6477495674810285,7.0,5.0,5.844074469244371
10-09,-1.1975978829573268,17.779626395286073,19.287213416618226,-0.7832911608416171,20.24593991072905,23.52941418665891,2.315910843911152,-4.482391477306673,-1.5954681475728278,-15.158268266923358,16.577898342299903,2.6548743974128897,7.0,5.0,6.597821713109533
10-10,3.3214789621489733,17.779626395286073,19.287213416618226,-1.4782615329908289,18.047722278114108,22.149836627617105,1.2987084637973645,-4.482391477306673,-2.41893621190162,-17.339988995732924,17.956593579934008,2.287937257495431,8.0,4.0,6.367461563589938
10-11,3.3214789621489733,17.779626395286073,16.24738151921119,-1.3043445089588994,16.268981015715724,22.041261687299407,1.2987084637973645,-1.7075757669826548,-2.6762761173254006,-15.43349756040334,17.561942620129088,2.287937257495431,8.0,4.0,6.307135330617747
10-12,3.3214789621489733,17.028380966634135,10.37735613288062,-3.2513170636049646,15.961051328591015,21.315070374371256,1.2987084637973645,-2.3479217685783547,-2.2506422057731688,-19.03408328917924,18.257625083480512,2.287937257495431,8.0,4.0,5.246970353521966
10-13,-10.320282966359168,23.07692307692308,9.017227493841457,-3.6909898648565687,16.63166389456247,21.315070374371256,3.896102872518744,-3.9473647060816495,-1.2170374212722963,-20.161290395549546,18.66812091591049,2.0936783560689167,7.0,5.0,4.613485135839767
10-14,-8.513189750082446,21.44522341432748,4.3654851626677855,-4.137926952167152,16.63166389456247,18.575344346973992,5.3675618964699146,-5.801100634978477,-2.9442132068913605,-15.503874013753785,18.66812091591049,3.755669349662071,7.0,5.0,4.325730368558415
10-15,-0.4700347917415169,17.541117028156766,10.717798863430277,-4.137926952167152,15.581684870591474,16.612552872675597,2.9919365680343497,-3.616437520066353,-3.4787127120031345,-15.503874013753785,18.03493113346901,2.849133298839404,7.0,5.0,4.760180720455412
10-16,-4.337345161498997,17.176467297123928,9.200000762939453,-3.448272460139292,17.086480885675982,19.022035461719792,4.441906623116262,-6.355450602515105,-3.4787127120031345,-19.197441978507577,17.830637763771502,2.3095261541825973,7.0,5.0,4.187486002822117
10-17,-2.622160957711764,17.435492954553876,9.200000762939453,-6.200873798901317,17.897368089571067,21.310601504783207,5.20362025120903,-6.355450602515105,-2.5441316993515506,-18.54213919525705,15.477232153221225,4.878053198598418,7.0,5.0,4.5948010550949565
10-18,-2.622160957711764,17.435492954553876,6.999998092651367,-4.192144138921615,15.51939682902684,20.99094532748372,5.20362025120903,-5.9617515467170055,-2.23260799618768,-18.861044399772613,16.54991533008906,4.878053198598418,7.0,5.0,4.47564274535847
10-19,-2.622160957711764,23.61219322202261,11.000003814697266,4.35919780610014,13.838901118765385,20.311663421133545,5.20362025120903,-6.692905403557089,-1.3975179194024747,-16.924482703263234,17.454465358834238,4.878053198598418,8.0,4.0,6.085085933952173
10-20,1.668657182286938,21.64296843714623,14.872802524941337,7.385398177251465,14.133217144148565,20.311663421133545,6.108596748100095,-5.6625142052112745,-3.303623902449368,-15.588496305818758,17.364879646176266,4.921222758221154,9.0,3.0,6.987897635493848
10-21,4.19580023168284,21.279998779296875,13.386614604878735,8.626463728385877,14.133217144148565,19.50564722763145,8.599090403222855,-5.2029723231604805,-0.25773786284727634,-16.372676761437706,17.364879646176266,4.360026716877181,9.0,3.0,7.4681959612379325
10-22,-1.8979815138781668,21.872539139476636,13.117871239468336,8.626463728385877,15.07259041479946,23.510463543071733,1.927569553325042,-5.310726475657384,-0.3612053932105669,-16.372676761437706,17.58193732966553,4.72696385679464,8.0,4.0,6.8744840550669535
10-23,2.183903270675468,16.491511566095916,12.452100472333715,9.715241944546792,12.685558942393609,22.00647613756777,-0.7147047369949275,-4.954950165684801,-0.3612053932105669,-15.287196144102039,17.730804815536846,5.22340144182871,8.0,4.0,6.43091184591554
10-24,1.7421559176712091,21.205185398729352,12.452100472333715,11.5191920993095,14.87532655964905,22.53369015320689,-0.23965851946552644,-4.954950165684801,0.5159880209052505,-11.678829639745178,17.455553546577832,9.410749920214947,9.0,3.0,7.90304198030852
10-25,1.3986000772276133,21.205185398729352,17.720301744758192,9.647647744712268,14.260718030801929,19.068738134579302,-3.8485345027633464,-6.193695761787624,1.5816298974946104,-12.09677777713212,15.931905905021527,9.410749920214947,9.0,3.0,7.34053906765472
10-26,1.3986000772276133,20.518685361011567,16.69811692514539,6.940877586300171,15.208787184495193,21.336202577695428,-3.8485345027633464,-5.832393519507553,1.472833456889611,-9.372231888726196,13.941255500351241,9.410749920214947,9.0,3.0,7.3227457231945055
10-27,4.778553042632353,17.418842354163527,5.13796336910716,2.6541131123029857,15.46888179887886,21.336202577695428,-1.365607107507684,-5.242165904777762,1.1681129677326798,-6.2553875604007425,15.913472957194422,11.115910473430835,9.0,3.0,6.844074340037673
10-28,6.440283292642111,14.948040378463093,5.5133160850039244,3.6440703239429553,15.46888179887886,17.0258617367458,-7.5909665621075035,-5.507739917753114,3.6924609273322377,-5.301410019133831,15.913472957194422,16.339311915259547,9.0,3.0,6.7154652430390405
10-29,3.3878498555729397,15.020079632189644,10.432336226832504,3.6440703239429553,16.082384423196704,17.731633416543698,-8.914735845760054,-5.979505560040915,3.1536059852328915,-5.301410019133831,11.736988013320474,17.073177961342868,9.0,3.0,6.505539534436656
10-30,5.677865175206988,17.926041940972613,11.51346956441968,3.6440703239429553,16.696349745590595,13.445841632341487,-1.1494169317396532,-5.2601826307860735,3.1536059852328915,-5.771699088060633,16.567795695809256,15.475937190308015,9.0,3.0,7.6599732169365105
10-31,4.941177368164063,20.852710542093632,11.51346956441968,4.853555924380569,19.920318590544518,7.9911237373871025,-2.8623587769225685,-5.2601826307860735,1.0681540493516275,-6.558777451239541,17.560459743631483,13.339089274616365,9.0,3.0,7.279894994636737
11-01,10.321867719765828,20.852710542093632,17.363052551083115,-0.4166682561238607,20.119154221114684,6.932317024669348,-3.4926452541845965,-3.6764683671413034,2.5941008791460822,-4.048419272819325,19.443869773540552,13.339089274616365,8.0,4.0,8.277663402980044
11-02,10.321867719765828,19.22480322149715,10.399264546233457,0.6785404916445916,20.606880673833107,6.881486977787772,-3.4926452541845965,-1.131215227028424,2.5628152696391977,-5.862510968662847,22.953843336838947,13.339089274616365,9.0,3.0,8.040185005165045
11-03,10.432858048598225,18.37209267940352,8.425924364267907,1.2853437664921503,22.74129451723444,6.881486977787772,-3.3701051145461047,9.783846840121113,3.1600449169890217,-4.074081109257486,23.967610904597517,9.453919479837683,10.0,2.0,8.92168635596048
11-04,11.098778852351955,10.165484669102431,6.7226915449514975,0.5181301065430459,22.74129451723444,6.717638329395889,-3.7990248212444975,20.412714919784978,1.7552923998806949,-3.0562346048057716,23.967610904597517,8.720053433754362,10.0,2.0,8.830369187628879
11-05,8.061009806015585,10.29977039979698,10.960145310941453,0.5181301065430459,21.02247838471364,5.516112825456345,0.7100528674165819,12.974504313579793,3.6455661435670494,-3.0562346048057716,22.2874530286456,7.3386604608331965,11.0,1.0,8.356470753558625
11-06,8.961745672246616,11.24030893134506,14.596005836387274,1.468049027754558,21.41912955469841,6.073757086746398,0.0,12.974504313579793,3.6455661435670494,-1.5077380524898594,22.83401264286389,7.684008704063488,10.0,2.0,9.115779155063557
11-07,10.969122992396299,8.982512887869882,14.596005836387274,4.145073794462595,11.311402291448536,10.880821539560488,7.977832064127494,12.974504313579793,6.632908688315863,-4.849219976825792,22.96266298030002,4.3168571572544465,11.0,1.0,9.24170704740641
11-08,9.327555156662722,8.982512887869882,12.510864512793406,3.133156343328737,6.073059118141264,12.058523846862421,8.736264208436726,8.101984906982441,5.147809305197253,-3.5856557962234343,21.460271906809982,4.3168571572544465,11.0,1.0,8.021933629509652
11-09,9.327555156662722,10.015900131346276,16.450221132712407,3.615518887965303,7.856813184913057,10.661198868808338,8.736264208436726,5.889009157217588,6.710393260265136,-2.350598181757252,19.464177112823137,4.3168571572544465,11.0,1.0,8.39110917305399
11-10,10.412147617608884,5.224492598553092,15.039578323292911,1.9366137324236599,12.184315627751793,10.661198868808338,5.879129435816777,4.419256635439099,5.558364479946335,0.039746537927203264,18.921125013026792,2.827544402152237,12.0,0.0,7.758626106062263
11-11,5.6644928156537215,6.255138263942209,10.135745395716578,1.4159278293047908,12.184315627751793,11.481290337465794,7.189540582476827,0.5681839733083904,5.088162264342757,-1.6161600748697915,18.921125013026792,2.0936783560689167,11.0,1.0,6.615120032015732
11-12,12.176725721511676,7.404328697407879,13.883853204085948,1.4159278293047908,11.076650570683453,10.955350910055838,11.60809491730202,1.9607864089071148,4.510894122137213,-1.6161600748697915,18.001630171247488,2.5901159411029866,11.0,1.0,7.8306832015730485
11-13,14.838036798077743,5.942273558002706,13.72727480801669,3.9822991298186183,9.345371243674858,10.989586075560807,9.422665534169797,3.4748990067794514,4.510894122137213,-1.2121181295375631,18.897639493308372,0.431687362475764,11.0,1.0,7.862542416873707
11-14,11.009182784750273,8.881578431400229,13.72727480801669,7.772017482382142,3.842407727137073,10.0,10.503976138816123,3.4748990067794514,4.004049804905202,1.3589134547053496,17.815397708337102,-1.0360447296908752,11.0,1.0,7.612804384794898
11-15,12.787219354424426,8.881578431400229,11.090911518443718,8.846483327944616,-1.9042662175677116,11.497882400281675,8.51409788152945,3.6955328588422014,5.160314762229297,1.6640256739405617,17.798504496439875,-1.0360447296908752,10.0,2.0,7.249686646518122
11-16,12.787219354424426,11.266446568670355,15.045045215330203,10.219594785076929,3.716550984430062,9.73641447598598,8.51409788152945,1.0067024959492843,4.0755545127705615,1.4246165565104292,17.279781831785883,-1.0360447296908752,11.0,1.0,7.836331661064392
11-17,15.18481941067311,12.685337053553367,18.933334350585934,9.866223255954148,3.954519303820562,9.73641447598598,7.212580722270705,0.3338868571786417,3.3583962439669937,1.7359721325358557,16.982642252198456,0.0,11.0,1.0,8.332010504893645
11-18,14.343031764049694,4.104805893957245,17.535969688250553,9.259262381088735,3.954519303820562,9.467456774801741,7.845249564415293,-1.6374981960422783,0.5618008722174798,3.718356441952887,16.982642252198456,0.0,10.0,2.0,7.1779663950591965
11-19,13.846157758663864,4.875959925445344,20.23381315787555,9.259262381088735,2.669298172999448,10.569109389179124,9.76377311020791,-1.5228452607710337,-0.5162543613242887,3.718356441952887,15.505887773145568,0.0,9.0,3.0,7.366876540705259
11-20,13.535345965119408,8.023161743477546,21.0854086638768,9.595962393443154,4.543284408761142,7.055558098687066,10.567406954942088,-2.5056978783569908,-0.5162543613242887,6.2895573947821495,16.891891994336177,0.0,9.0,2.0,7.8804687814786885
11-21,10.120233682708145,8.023161743477546,21.0854086638768,10.033443189278277,0.3896732636647868,6.6374060057942375,8.607858438649654,-2.5056978783569908,-0.05161755859582517,5.9584494085686535,17.062373062496484,0.0,9.0,2.0,7.113391001796813
11-22,9.302326029898317,8.023161743477546,23.5765095417493,10.207472833538883,-1.7491273236696243,8.143834059255504,8.217710923092628,-2.7334935317960785,0.8196713302251629,5.7399499635659925,17.40248939403105,0.0,9.0,2.0,7.2458754136140575
11-23,9.302326029898317,8.60215011354167,30.00852209256153,6.643662188319653,-0.6454869516135753,7.458708494336791,8.217710923092628,-2.3890789426431622,-1.6684029704518089,7.153848501352163,17.803692345152022,0.0,8.0,3.0,7.540637651962186
11-24,12.032360897348681,4.7973524928525695,34.15637653355152,6.776721730102715,-0.6454869516135753,7.458708494336791,6.72358721596001,-0.1667631296675838,-5.234750552673033,6.049004107736568,18.13782222137221,0.0,8.0,3.0,7.507077754942241
11-25,12.320326873348328,4.8440076995496915,33.33333333333333,7.260157085083247,-0.6454869516135753,5.1145496452250345,6.517090588161335,-1.0089703118621902,-2.9474771787676315,6.0849532962350485,18.13782222137221,0.0,8.0,3.0,7.417525525005402
11-26,15.637447219018242,5.618889213252066,28.451179140413533,7.260157085083247,-0.9433989067312172,7.486912443012968,2.7793218808302558,-2.9545479914373054,-2.8372525194768063,6.0849532962350485,16.898953867638568,0.0,8.0,3.0,6.956884560653216
11-27,14.959837002122883,6.320905375415358,29.343306827317324,8.29732120543118,-1.7000007629394531,9.229157089916038,0.9065147358084342,-2.8376843143314727,-2.8372525194768063,6.735546797015543,18.469155899456144,0.0,8.0,3.0,7.240567277977932
11-28,16.450644690510806,6.9243128131595375,29.343306827317324,6.832301920921703,-5.7045346818005935,6.684635159665137,-0.11455016501953012,-2.8376843143314727,-3.6937929485281353,4.064415142037136,18.409882230238992,0.0,7.0,4.0,6.363244722847576
11-29,16.533863084853362,6.9243128131595375,29.925182940185124,3.2918139954932952,-8.944727240034846,10.4453931969751,-1.509873630948405,-2.4971544026789485,-4.864862802866343,4.750956908025676,17.950708750484885,0.0,7.0,4.0,6.000467801054037
11-30,16.533863084853362,9.17874666924256,27.852346254820176,7.868015021258387,-9.413579595844217,11.011592218097782,-1.509873630948405,0.2217345537544528,-2.978730829877278,3.2862079015834342,20.57817256128545,0.0,8.0,3.0,6.885707850685475
12-01,16.235060962491062,9.041308295479972,28.920737359130996,7.613339791234241,-7.696204849436313,11.011592218097782,-2.613244952864008,1.4933653700388232,-2.509349878216856,4.034689579015368,20.274918919477923,0.0,8.0,3.0,7.1505177345374165
12-02,15.039842974293633,7.987220155250862,32.393227667344874,7.771134453011588,-7.696204849436313,7.903056038868913,-2.671318293634008,1.9955686922482565,-3.5483862036348937,4.717328209365904,20.274918919477923,0.0,8.0,3.0,7.013865646929728
12-03,20.78048892137481,8.166529405773082,31.34694002112564,7.771134453011588,-5.670890325232397,7.534248364935897,-1.5472695622367283,0.4415006622562565,-2.120888682849397,4.717328209365904,19.835813626916934,0.0,8.0,3.0,7.604577924536798
12-04,17.909006729266356,4.016391629334616,30.667767781799952,7.600344495503437,-8.911393563958661,7.6842622992336,-2.651291494863296,1.3129089830587173,-2.120888682849397,9.659303677048376,19.434899002651136,0.0,8.0,3.0,7.050109238018735
12-05,18.320603115311968,5.182188854690463,30.667767781799952,7.685735402206645,-10.793487076844055,7.6804912814247395,-0.7432879920896831,1.3129089830587173,-1.8027579087207293,8.161731458442649,19.314041543581947,0.0,8.0,3.0,7.082161286905218
12-06,16.650437798708055,5.182188854690463,30.585325664837967,9.551491878520585,-14.57813268194634,9.705283627001696,-0.628215927548203,1.6411440543782154,-2.8631971935479434,7.816609830880325,19.084114478929077,0.0,8.0,3.0,6.845587532075325
12-07,16.650437798708055,3.481783740031015,31.49216536508075,9.197327574926627,-14.936062354204898,8.965163724184105,-0.628215927548203,1.6411440543782154,1.0960286333249647,11.727481214817727,19.513126243694288,0.0,9.0,2.0,7.3500316722827215
12-08,19.084712276378703,5.3441358761146995,38.314783180096015,10.504885911271165,-16.36457760128629,8.965163724184105,1.8275253606016284,-1.0382543277533829,2.4201818306284237,11.445559053030813,20.37629636902555,0.0,9.0,2.0,8.406700971024287
12-09,20.019150219514092,3.0032458987358863,38.260868155765706,9.098431493685869,-16.36457760128629,7.479513102370879,1.378516790474519,-2.5697063413238275,2.29709422886353,12.131271437012026,20.37629636902555,0.0,9.0,2.0,7.925841979403162
12-10,24.602425294691173,5.568813255845712,36.54159816832304,9.098431493685869,-17.29673871031818,9.934439339051275,3.5019409048466272,-4.010986327664456,2.8426464548393113,12.131271437012026,20.282224429937827,0.0,9.0,2.0,8.599672145020852
12-11,24.214417370199808,2.9411737206622433,34.06779589785889,7.444173373413423,-12.178212829506268,7.602039500605534,4.141027664879181,-3.8968222754041935,2.8426464548393113,12.610619360108464,16.739836915318822,0.0,9.0,2.0,8.0440579294146
12-12,23.00641855166677,-0.08424792736520673,34.06779589785889,4.010241094883187,-8.655249312375195,10.052084523356577,2.6449139482029818,-3.8968222754041935,2.6395961300769115,10.672679772442775,13.046053477395525,0.0,8.0,3.0,7.291955323394919
12-13,24.1877285526133,-0.08424792736520673,33.30508679365568,7.825376738658601,-7.382226549292318,13.868991119994286,3.7819817713477186,-4.939635344658017,0.2573399054237809,11.325028410422547,12.269322415867592,0.0,8.0,3.0,7.867895490555663
12-14,24.1877285526133,-1.0109510254087926,34.049588698408,3.3419052337025072,-10.044536262276024,13.603694459974566,3.7819817713477186,-6.50855135023562,1.736466567480641,14.366301891323738,1.0645553894887856,0.0,8.0,3.0,6.547348660534902
12-15,26.263536709833907,1.4827042840635916,33.30592303910912,1.9793420352969475,-9.287466114101061,13.603694459974566,1.6128977506227524,-7.5935266439886355,1.6186124806009043,21.92921499565188,0.8624626787814613,0.0,9.0,2.0,7.1481163063204525
12-16,26.68463824340219,5.199996948242188,30.01658966234474,2.1477662596755134,-9.287466114101061,14.887062046600795,0.9950265542149872,-4.677061221646241,-0.3073743060211829,21.411104926495792,0.8624626787814613,0.0,8.0,3.0,7.327728806499097
12-17,26.60053894207336,5.711987294572573,28.112117190769528,2.1477662596755134,-8.452084919470993,10.899746817865964,4.187329172756083,-3.5222861142605746,-0.5649749061681424,21.411104926495792,0.6581954300690083,0.0,8.0,3.0,7.265786674531512
12-18,28.34782807723336,3.0680002185701256,27.81456687001719,1.5463943287513544,-7.692308402124456,10.311867824955662,6.204980494321383,-2.4509740775123188,-0.5649749061681424,20.81732189723568,-6.117599648187012,0.0,7.0,4.0,6.773758556424401
12-19,27.45438561749789,4.415371889329483,27.81456687001719,0.7772033953441257,-11.56296241055974,7.627112761864664,8.478258142849842,-2.4509740775123188,0.3595259234354769,21.600839473382454,-9.982914402553435,0.0,8.0,3.0,6.2108677652579685
12-20,26.56112167533991,4.415371889329483,21.688740911475808,3.523490550383686,-14.790833290034874,7.204031625665397,8.923740610898296,-2.3965066017530985,4.80156565194971,24.55479414025936,-6.465920746726098,0.0,8.0,3.0,6.501633034732298
12-21,26.56112167533991,2.0441537968715737,20.829877088398327,2.651834705474116,-13.448612802358735,5.97243525870716,8.923740610898296,-2.7412281045733184,11.217080696436897,26.742972961761797,-8.499999273390998,0.0,8.0,3.0,6.687781384463753
12-22,25.85751635861812,-7.349301144133585,17.058821832314557,2.5104618872233417,-13.068461126608513,5.97243525870716,8.382905658450488,-2.127654802801944,12.85903647958214,25.512365752644516,-4.590314468690678,0.0,7.0,4.0,5.9181509737754645
12-23,24.932489556150003,-7.788947553262193,18.18936534320592,0.7666111954218433,-13.068461126608513,6.840225330018046,15.022313709392126,-1.287070685141584,16.47972236640249,24.44444368484721,-4.590314468690678,0.0,7.0,4.0,6.6616981126445545
12-24,27.202732811365905,-9.238673363108528,12.703859147619786,0.7666111954218433,-13.9779806683043,5.424776477101862,12.882213052077024,-3.0491301154317543,17.89651962259734,24.44444368484721,-5.118199581950502,0.0,7.0,4.0,5.828097688519655
12-26,29.05982627314097,-6.505427035323176,16.22734935186677,5.8441504154985715,-18.921611973311595,5.867475066023977,9.577757997138583,-2.8169014084507045,17.89651962259734,20.74448773144697,-10.810160545714837,0.0,7.0,4.0,5.513622124576073
12-27,30.543930349692026,-6.505427035323176,16.22734935186677,6.301149271176662,-20.573442279914936,4.332315724319502,10.408167733792522,-2.8169014084507045,18.93939375694936,21.326161064314228,-23.19309074822793,0.0,7.0,4.0,4.582467148349527
12-28,30.543930349692026,-6.338617542867224,19.159255517260387,4.257089271243137,-19.508445120268927,3.3968082194846803,10.408167733792522,-0.282014358150812,19.196989468340327,23.17371872308312,-12.79041237540428,0.0,7.0,4.0,5.934705823850412
12-29,29.79079098547119,-9.691253252389338,17.580640472308758,2.078138034490667,-17.997974430536402,3.3968082194846803,9.795918565946335,1.7250944785067701,20.936985774042302,22.708330491074733,-19.730006188484666,0.0,8.0,3.0,5.049456095826252
12-30,27.040818395274318,-8.02047405261369,18.218950849151934,0.0,-17.997974430536402,4.220276283813472,9.763616176355855,4.111842156859978,18.930215749582427,22.276533857303683,-19.730006188484666,0.0,7.0,4.0,4.901149899725575
12-31,27.39017610282663,-9.745387385593624,15.5020030607967,0.0,-18.402422969105288,6.66332657670657,12.697601701265445,0.44994331055421344,18.315791079872533,22.276533857303683,-19.60020547076305,0.0,7.0,4.0,4.628946655321983
