,2010,2011,2012,2013,2014,2015,2016,2017,2018,2019,2020,ups,downs,avg
01-02,0.0,11.394356605393796,17.858439972932953,-4.857560133207895,-10.597518339504322,-19.126265663477863,18.03278532518833,0.26069417942442225,-4.185016844324563,12.478820997852482,-56.3063043712477,5.0,5.0,-3.1861425700882138
01-03,0.0,11.394356605393796,17.858439972932953,-4.857560133207895,-9.282221934236398,-14.115201083239384,18.03278532518833,0.26069417942442225,-5.863918786905787,12.162161146256373,-68.2832170254631,5.0,5.0,-3.8812437939869713
01-04,0.0,10.158359299993457,15.901697168045684,-1.0559635292918668,-7.584162726541747,-14.115201083239384,18.03278532518833,0.8213544721353787,-5.6275134579252,11.123531799948651,-69.93144286626861,5.0,5.0,-3.8433232361777545
01-05,0.0,12.259524601811295,15.142755773417461,-2.634388633315792,-7.504623822185744,-14.115201083239384,18.03278532518833,-1.283367586626235,-5.6275134579252,10.700489335416792,-96.04519360018827,4.0,6.0,-6.461339377058796
01-06,0.0,13.370577659527688,15.176637055548744,-2.0530970750656805,-7.504623822185744,-10.534503015432003,18.03278532518833,-0.41067723606768936,-5.451301458678587,9.50250929899125,-96.04519360018827,4.0,6.0,-5.9924442607601796
01-07,0.0,14.074619537845265,12.364989376743118,-2.0530970750656805,-5.914973850637323,-7.558141117385715,21.39439569348582,-0.468995049938441,-5.451301458678587,9.50250929899125,-96.04519360018827,4.0,6.0,-5.468653476802598
01-08,0.0,14.01108730157051,13.012934009966164,-2.7610643775062225,-5.914973850637323,-6.765331297483982,21.39439569348582,-0.468995049938441,-5.451301458678587,7.2666253852012765,-84.57447963367541,4.0,6.0,-4.568282116154199
01-09,0.0,14.01108730157051,13.012934009966164,-1.9311838246117892,-5.914973850637323,1.0794863710201292,21.39439569348582,-0.468995049938441,-5.451301458678587,4.751249318727883,-90.10987375658165,5.0,5.0,-4.511561385970663
01-10,0.0,14.01108730157051,10.425137798010011,-3.383193609403935,-6.8232660124124145,6.056201729477335,21.39439569348582,-0.468995049938441,-7.193926142651446,2.403579205400025,-123.22579660723288,5.0,5.0,-7.8913432448814
01-11,0.0,14.01108730157051,9.339834153674492,-2.833868782789945,-4.3349391856829715,3.7239325855465784,21.39439569348582,-3.5435137376309336,-9.045453505082564,1.7887071310319769,-114.9068177286748,5.0,5.0,-7.6733305522319855
01-12,0.0,14.454713337126876,8.130696863454997,-4.635525319647939,-4.3349391856829715,3.7239325855465784,21.39439569348582,-1.7930346990874235,-9.045453505082564,-1.9607851764473463,-85.22482820588745,4.0,6.0,-5.390075237474677
01-13,0.0,14.195934421050925,10.804767518791008,-4.635525319647939,-4.3349391856829715,3.922537398808239,20.9078402326598,0.8660218215073341,-15.00470601935358,-1.9607851764473463,-85.22482820588745,5.0,5.0,-5.496698410381999
01-14,0.0,14.195934421050925,10.804767518791008,-4.635525319647939,-4.3349391856829715,5.0403225418804345,28.61072804901125,0.7641346150949889,-15.00470601935358,-1.9607851764473463,-85.22482820588745,5.0,5.0,-4.704081523744608
01-15,0.0,12.93900221337062,9.455370459541882,-5.6263274582811365,-4.3349391856829715,2.0993335022894533,28.413792314200567,0.7641346150949889,-15.00470601935358,-2.8258348720085484,-85.21277185045494,5.0,5.0,-5.393904207389424
01-16,0.0,15.772532159563498,9.455370459541882,-5.9637923344897725,-1.9636928163765988,4.096267876509679,28.413792314200567,0.7641346150949889,-15.00470601935358,-3.593834204733032,-96.05855431352363,5.0,5.0,-5.825680205778728
01-17,0.0,15.772532159563498,9.455370459541882,-5.2538777822674145,-0.8088209822929331,-1.9999955829821132,32.6411407058898,0.7641346150949889,-15.569141252622044,-1.083848370033019,-102.09546335248379,4.0,6.0,-6.197997216599194
01-18,0.0,15.772532159563498,8.076193673270089,-3.3229526206402986,-0.8088209822929331,-1.9999955829821132,32.6411407058898,0.9169557082147072,-14.675441666487984,-1.083848370033019,-88.91303827271334,4.0,6.0,-4.854297749837416
01-19,0.0,15.802646352528088,7.4999939505731925,-5.851062318759612,-0.6238534909869553,-1.9999955829821132,32.6411407058898,0.9169557082147072,-14.89461474640438,0.912720143439575,-90.36143420498608,5.0,5.0,-5.087045771224886
01-20,0.0,15.802646352528088,8.169330627584976,-8.230603567959117,-0.6238534909869553,-1.9999955829821132,32.85899036980171,-4.431996313949014,-12.98054659727633,0.912720143439575,-90.36143420498608,4.0,6.0,-5.5349765695259325
01-21,0.0,17.714889774645638,7.827715703622318,-8.230603567959117,-0.6238534909869553,0.6153889191456329,32.85899036980171,-0.7866265792124507,-16.294227535330794,0.912720143439575,-90.36143420498608,5.0,5.0,-5.124276406165503
01-22,0.0,17.714889774645638,7.827715703622318,-8.230603567959117,-0.6238534909869553,1.962764371036216,26.908149011303138,-0.7866265792124507,-16.294227535330794,0.912720143439575,-81.68421293559828,5.0,5.0,-4.753935009549156
01-23,0.0,17.714889774645638,7.827715703622318,-5.265084146153255,5.34296537480639,1.1318875280047969,27.037518078019318,-0.7866265792124507,-14.245816752808144,8.283381069019514,-91.14065049039243,6.0,4.0,-4.009074585495301
01-24,0.0,17.714889774645638,6.367043874017839,-6.471665203203759,5.34296537480639,1.93069941716338,27.037518078019318,-1.966566448031127,-15.794299900175085,8.283381069019514,-82.64550875397352,6.0,4.0,-3.654685701610128
01-25,0.0,17.714889774645638,6.4343173722858085,-6.471665203203759,5.9566840448845255,0.950002670288086,27.037518078019318,-1.3766012022860423,-16.142458999284262,4.326401454682348,-69.5481307609234,6.0,4.0,-2.8290038882628865
01-26,0.0,17.260658243188008,5.188854446807749,-1.2517896742854195,5.9566840448845255,0.950002670288086,29.107373796225215,-2.5073757377378767,-15.646570134167455,5.859801103024088,-69.5481307609234,6.0,4.0,-2.239135636608772
01-27,0.0,17.260658243188008,5.2752261804891365,-0.7473276926043677,5.9566840448845255,2.049999237060547,24.801059615649013,-2.2058861340894165,-17.579382306931635,5.859801103024088,-69.5481307609234,6.0,4.0,-2.6252089518412287
01-28,0.0,18.099231842351447,5.007643247643119,-0.7473276926043677,7.184121385040795,2.9101852224027813,29.370183324269547,-0.4901979575474675,-17.579382306931635,5.859801103024088,-64.8330076975942,6.0,4.0,-1.3835226845405366
01-29,0.0,18.483580574447807,5.225015132578556,-1.1387889340928246,7.978342711015757,2.9101852224027813,28.015562084630623,-0.4901979575474675,-17.579382306931635,5.859801103024088,-64.02738453082392,6.0,4.0,-1.3421151728451128
01-30,0.0,13.592592875162758,5.225015132578556,0.1756207877289748,8.772564036990719,8.579880237696262,25.745786299522265,-0.4901979575474675,-16.935114508507056,4.3644257522659,-55.93220004136181,7.0,3.0,-0.6274206714064458
01-31,0.0,13.592592875162758,3.890154756394401,0.1756207877289748,7.148019476714443,6.2130186697259475,29.754599109233045,-1.1274487575353127,-12.09964980467494,3.389834927274647,-55.93220004136181,7.0,3.0,-0.4541325455761677
02-01,0.0,13.592592875162758,3.7757429330439862,-4.870847513813321,7.148019476714443,13.5847330305551,29.754599109233045,-0.9313751843653508,-15.061057583811193,3.389834927274647,-59.230769936149656,6.0,4.0,-0.8044116241959578
02-02,0.0,13.592592875162758,3.7757429330439862,-5.793356725919987,7.148019476714443,13.5847330305551,33.4355773661597,-0.9313751843653508,-11.247172496118264,4.068167946079183,-59.230769936149656,6.0,4.0,-0.14525824680346294
02-03,0.0,13.367992353040664,1.2585809776813288,-6.145871282285548,7.148019476714443,7.723765312408711,33.4355773661597,-8.096955875420916,-8.5470070069967,4.068167946079183,-59.230769936149656,6.0,4.0,-1.3653182426153443
02-04,0.0,11.393847355460752,2.980623071954087,-6.145871282285548,7.148019476714443,10.646722943382203,33.4355773661597,-7.220224703185457,-8.5470070069967,4.068167946079183,-59.230769936149656,6.0,4.0,-1.0428104335333628
02-05,0.0,11.393847355460752,2.105261119967853,-6.145871282285548,7.148019476714443,12.264560869109348,33.4355773661597,-10.23329927209268,-8.5470070069967,3.353494186047121,-60.865386114318035,6.0,4.0,-1.4628003002030676
02-06,0.0,11.393847355460752,2.105261119967853,-5.520794978976693,8.628163289420247,10.72230237250543,37.60781620309721,-10.23329927209268,-9.4916808538058,1.7042405947739907,-63.60115918052326,6.0,4.0,-1.5168457591066318
02-07,0.0,11.393847355460752,2.105261119967853,-8.730164222290464,4.9819531772777905,7.185083856986843,37.60781620309721,-8.960755949188073,-7.6514794141327025,1.7042405947739907,-64.12513848321217,6.0,4.0,-2.226303251023542
02-08,0.0,11.393847355460752,1.0902289901069555,-9.018571895264225,4.9819531772777905,5.113902230427398,37.60781620309721,-5.33059454627344,-6.236177838785938,1.1608678278051152,-68.76267717088345,6.0,4.0,-2.545400515184712
02-09,0.0,11.393847355460752,2.5555575335467298,-9.018571895264225,4.9819531772777905,5.113902230427398,37.60781620309721,-5.33059454627344,-6.008775811739999,3.1710049308094703,-68.76267717088345,6.0,4.0,-2.20877618123107
02-10,0.0,11.393847355460752,1.7183451025600651,-9.851087709414168,4.9819531772777905,7.391911369917008,32.95990271621755,-5.33059454627344,-5.461809579192487,3.1710049308094703,-68.76267717088345,6.0,4.0,-2.5262913048655378
02-11,0.0,11.393847355460752,1.23873848073091,-9.851087709414168,4.9819531772777905,9.577850860579574,32.95990271621755,-9.062822976145473,-5.932203029349433,3.1710049308094703,-72.92089077826887,6.0,4.0,-3.1312460883729
02-12,0.0,11.393847355460752,2.5555575335467298,-9.851087709414168,4.9819531772777905,11.308989811734662,34.391229454041536,-9.062822976145473,-5.932203029349433,0.6794956564076654,-58.593751309672406,6.0,4.0,-1.6480720032829397
02-13,0.0,11.393847355460752,2.5555575335467298,-8.167854108485331,8.483755656114829,7.961084015119765,34.391229454041536,-9.062822976145473,-6.244422898154133,0.9060014088027056,-64.04040804931981,6.0,4.0,-1.9840029644562192
02-14,0.0,11.393847355460752,2.5555575335467298,-9.404271932025496,6.064982884128642,7.563029392570637,34.80504852419451,-9.114317460401645,-8.476066167656695,0.9060014088027056,-62.0927926040816,6.0,4.0,-2.3453619150419502
02-15,0.0,6.342575317633674,7.7993379802986444,-9.404271932025496,5.703970686600044,8.051033702423064,34.80504852419451,-8.856845039120781,-8.08080858847995,0.962083053536696,-59.41747351678879,6.0,4.0,-2.008668164702581
02-16,0.0,3.8739098394197895,5.618798402562221,-4.958985603429076,5.703970686600044,8.051033702423064,34.80504852419451,-9.629252481394756,-8.366365488662572,-3.506781228410173,-59.41747351678879,5.0,5.0,-2.5296451966805216
02-17,0.0,6.950509021939647,3.2163781011842847,-4.958985603429076,5.703970686600044,8.051033702423064,34.80504852419451,-11.058950604048457,-8.79752297650934,-4.214121831571768,-59.41747351678879,5.0,5.0,-2.7018285905459893
02-18,0.0,2.585884238944635,4.127448451694947,-4.958985603429076,5.703970686600044,8.805581563804676,34.80504852419451,-14.814815551826205,-4.0592008765577665,-4.214121831571768,-59.41747351678879,5.0,5.0,-2.8578785377213447
02-19,0.0,4.248243928684467,4.438829241699834,-4.958985603429076,11.994607241704,11.987793966775383,35.32423245220264,-10.1050549319275,-4.0592008765577665,-4.214121831571768,-57.59849416075764,5.0,5.0,-1.17655914301613
02-20,0.0,1.8181801105005104,4.438829241699834,-6.897838935571441,12.163074707657694,10.814412425829218,24.232083318370012,-10.1050549319275,-4.0592008765577665,-11.86338812989215,-63.36248326783504,5.0,5.0,-3.8928533034296917
02-21,0.0,1.8181801105005104,4.438829241699834,-8.244273986691947,9.19811157063989,12.40550927777976,19.223772712514673,-10.1050549319275,-5.75053121474883,-9.296923106249851,-64.38491885158689,5.0,5.0,-4.6088453798245785
02-22,0.0,1.8181801105005104,2.353372578307812,-7.996954924471246,8.736877289924411,9.550045262309908,19.223772712514673,-8.154082475129805,-5.75053121474883,-10.810811416568294,-49.61976317693196,5.0,5.0,-3.6954450231175286
02-23,0.0,1.8181801105005104,2.461985099616148,-6.111536909162705,10.850144984998005,9.550045262309908,22.073980837912494,-6.5032574251823645,-3.87563826726309,-10.987067459400485,-53.112842217641656,5.0,5.0,-3.076000543937567
02-24,0.0,4.469698190251237,0.8830013554946938,-4.4360913092234435,10.850144984998005,8.539947436696039,25.33410188810901,-5.988641183032692,-3.449750379398295,-9.127671706834665,-53.112842217641656,5.0,5.0,-2.3671002673256156
02-25,0.0,4.469698190251237,-1.2810784985329082,-4.4360913092234435,10.88322546476402,7.391911369917008,29.39560525933548,-4.697985585880462,-3.273811406366294,-9.127671706834665,-52.43191131645003,4.0,6.0,-2.100737230820004
02-26,0.0,1.098481107458651,-1.2810784985329082,-4.4360913092234435,11.254125192324326,3.559719977998041,29.39560525933548,-4.697985585880462,-3.273811406366294,-9.127671706834665,-46.27863161561536,4.0,6.0,-2.1624853259396946
02-27,0.0,1.098481107458651,-1.2810784985329082,-5.466972383127104,11.254125192324326,5.852769261669471,28.252370234796643,-4.697985585880462,-1.870742424087607,-9.509570681129967,-38.706654966355046,4.0,6.0,-1.3704780675330908
02-28,0.0,1.098481107458651,-1.017326831579253,-5.466972383127104,10.39603860675166,7.366980212580469,28.61110899183485,-3.3557025832116496,1.020407170268328,-8.664682797741925,-33.20789929414644,5.0,5.0,-0.29268798190112866
02-29,0.0,0.0,-1.9281599501796225,0.0,0.0,0.0,28.61110899183485,0.0,0.0,0.0,-44.0419445792478,1.0,2.0,-1.578090503417506
03-01,0.0,1.098481107458651,-6.193013248536516,-4.5933781823584745,11.72391368529542,7.2404294696146145,28.61110899183485,-6.719579277231919,1.020407170268328,-10.701320752367119,-53.40100580201877,5.0,5.0,-2.9012688034582665
03-02,0.0,1.098481107458651,-5.241013279349675,-4.5933781823584745,11.431413943186035,7.2404294696146145,29.58903900564533,-9.204119253595692,4.421772513971409,-9.244717566024804,-53.40100580201877,5.0,5.0,-2.5366452766792147
03-03,0.0,1.098481107458651,-4.923079564021184,-6.559267402526215,11.431413943186035,7.2404294696146145,29.58903900564533,-7.287238802290523,3.954082853211847,-7.875893059652327,-52.081207736980325,5.0,5.0,-2.310294562395826
03-04,0.0,-1.7537052440194658,-4.923079564021184,-6.559267402526215,11.431413943186035,8.18015012832091,29.58903900564533,-6.91489998492383,4.198472325366176,-7.875893059652327,-56.979157249961006,4.0,6.0,-2.8733570093259617
03-05,0.0,-6.375301197033316,-4.923079564021184,-6.559267402526215,11.431413943186035,10.077523762276002,29.317930881379706,-6.91489998492383,4.198472325366176,-8.472554038793605,-56.979157249961006,4.0,6.0,-3.1999016840955687
03-06,0.0,-6.375301197033316,-2.461536114032452,-4.814255110562959,11.431413943186035,8.233601549106789,30.42771597626048,-6.91489998492383,4.4529229875227205,-6.792673347907144,-31.7117061542234,4.0,6.0,-0.4113379502370071
03-07,0.0,-6.375301197033316,-3.4230745755709133,-6.633240621332233,11.431413943186035,6.414553335276292,30.42771597626048,-5.851066096328821,5.173873271000187,-2.819342359767892,-25.592414791009283,4.0,6.0,0.25028335315277545
03-08,0.0,-6.375301197033316,-6.461539635291466,-6.633240621332233,10.967526283870606,6.414553335276292,30.42771597626048,-6.98924306665968,2.2052606422652765,-0.40277103310149936,-24.179942879645942,4.0,6.0,-0.09336201776286207
03-09,0.0,-6.375301197033316,-6.461539635291466,-5.066163001648901,10.967526283870606,6.414553335276292,22.77643718266257,-5.794790981049513,-0.5089094131537977,0.0,-24.179942879645942,3.0,7.0,-0.7480118460012247
03-10,0.0,-5.172409705513483,-6.999998826246995,-7.008092607984617,10.967526283870606,10.148391545359656,22.77643718266257,-5.794790981049513,0.5872457581894781,-1.2062090388387021,-19.587630155986076,4.0,6.0,-0.11723004959428028
03-11,0.0,-5.172409705513483,-6.999998826246995,-7.008092607984617,10.967526283870606,10.148391545359656,22.77643718266257,-1.5674041482542078,0.5872457581894781,-1.2062090388387021,-13.402064619970172,4.0,6.0,0.8294019839340117
03-12,0.0,-5.172409705513483,-6.999998826246995,-7.008092607984617,11.829024714131545,11.877928966752494,17.355856043501326,-2.531653337357276,0.5872457581894781,-1.7231432492237495,2.7985091722205,5.0,5.0,1.9102969934972016
03-13,0.0,-6.409736098001043,-6.615381974440354,-5.4293411039369905,11.829024714131545,11.042653467211725,18.914288112095424,-2.531653337357276,2.265104496942402,-1.7231432492237495,-5.714289347330729,4.0,6.0,1.4206841527355414
03-14,0.0,-6.409736098001043,-5.9615355271559505,-6.703037114507074,11.682703778493831,7.308639714747299,18.914288112095424,-1.1603440470801267,4.781876603824969,-7.009062845238763,6.949454055878773,5.0,5.0,2.0357496939143034
03-15,0.0,-5.314399538398411,-11.03531296781992,-6.703037114507074,12.868369965168093,7.079209164186643,19.828572954450337,-1.1603440470801267,6.291946268453238,-6.987950727440921,4.8014728324338725,5.0,5.0,1.7880478899496113
03-16,0.0,-5.030425112810195,-10.326954387825882,-10.717069432396533,12.868369965168093,7.079209164186643,19.828572954450337,-2.4723793145484745,6.082217926420827,-8.753790637828947,4.8014728324338725,5.0,5.0,1.2144749052045216
03-17,0.0,-6.594287632919072,-10.60606002991982,-9.903285989030348,12.868369965168093,4.603961732922478,19.828572954450337,-2.5263133801912008,6.082217926420827,-8.753790637828947,5.724837395445857,5.0,5.0,0.974929300410746
03-18,0.0,-5.95895903626356,-10.60606002991982,-9.903285989030348,11.49312417701094,4.980277094107432,16.399999346051896,-2.2572195401417305,0.7535464553116913,-8.753790637828947,18.732781428274805,5.0,5.0,1.352764842506578
03-19,0.0,-8.496989447125774,-10.60606002991982,-8.665376162717127,10.667111546696562,6.290244795295394,17.344635684573255,-4.562535801181164,0.7535464553116913,-10.212755744133773,11.737089622285858,5.0,5.0,0.3862646290077368
03-20,0.0,-8.496989447125774,-7.057418114625418,-9.284331075873736,10.667111546696562,5.682948255227594,17.344635684573255,-4.562535801181164,0.7978737120429369,-12.728415366451614,16.513755046380947,5.0,5.0,0.8069667672421449
03-21,0.0,-8.496989447125774,-7.854861719885472,-10.174077841220793,10.755527173614476,-0.3446563105114822,17.344635684573255,-3.0059119619840726,0.8857429743809627,-14.459368257582124,31.29432461468132,4.0,6.0,1.4494877189945732
03-22,0.0,-8.416827294211611,-10.806319364844963,-8.500776021177762,11.514351146853954,-1.7981952785786464,17.344635684573255,-3.172043766061849,0.8857429743809627,-12.515722131206633,32.608695652173914,4.0,6.0,1.5585037819909653
03-23,0.0,-8.416827294211611,-13.350561899831009,-10.705880557789524,11.514351146853954,-1.7981952785786464,18.906861604147192,-3.898220072929497,2.5686444892195524,-12.515722131206633,32.608695652173914,4.0,6.0,1.3557405143497905
03-24,0.0,-8.416827294211611,-13.153460917162928,-11.360943264015946,11.514351146853954,-3.0968976908506147,19.26707508567448,-9.050284210935716,0.9009043066040484,-12.515722131206633,29.999998341435965,4.0,6.0,0.3716539429259091
03-25,0.0,-8.416827294211611,-13.153460917162928,-11.360943264015946,10.953479885589282,-3.7609456361415536,22.501332391654234,-9.116172376396332,0.4524904060796952,-12.515722131206633,18.782607368800953,4.0,6.0,-0.5121965060918948
03-26,0.0,-12.520791210074607,-13.153460917162928,-11.479289166162115,10.953479885589282,-0.15144213757847594,22.501332391654234,-10.342878867607496,0.4524904060796952,-9.056607349722217,25.925926482604762,4.0,7.0,0.2844326834200123
03-27,0.0,-12.520791210074607,-13.153460917162928,-11.741376831879432,13.632000732421876,0.10229437951653833,22.501332391654234,-10.342878867607496,3.8009056022107983,-8.919598426437386,32.77819766239337,5.0,6.0,1.4669658650031794
03-28,0.0,-12.520791210074607,-11.467121835757176,-11.346687769566516,13.632000732421876,0.3571412931726165,22.501332391654234,-10.342878867607496,3.8009056022107983,-9.494068932126623,33.87220705202157,5.0,6.0,1.7265489505771519
03-29,0.0,-12.520791210074607,-8.515913271858203,-13.249702588947232,12.95999755859375,0.3571412931726165,22.501332391654234,-10.404940397503022,3.713766746637672,-9.085258366815788,33.87220705202157,5.0,6.0,1.784349018807363
03-30,0.0,-17.62725513680191,-11.853089570559964,-13.78495503795466,12.95999755859375,0.3571412931726165,20.279358984820842,-9.787472495188693,2.153984050998762,-8.814401132806394,33.87220705202157,5.0,6.0,0.7050468696632657
03-31,0.0,-17.66932593482148,-12.11490338032674,-13.78495503795466,12.95999755859375,3.061226376490177,18.54583555840597,-5.537627732110224,1.612904927024141,-8.814401132806394,29.176289673843378,5.0,6.0,0.6759128069398108
04-01,0.0,-17.66932593482148,-10.368855435244066,-13.78495503795466,12.95999755859375,1.3657078983912858,18.54583555840597,-3.3157850566663236,3.3936650997927384,-8.814401132806394,19.841968048813392,5.0,6.0,0.19580468786401892
04-02,0.0,-20.403871636803594,-10.368855435244066,-11.06735502497357,12.8,-2.9533762938099715,18.54583555840597,-3.697828020633623,3.3936650997927384,-8.814401132806394,16.593505586948844,4.0,7.0,-0.5429710271930603
04-03,4.175707350666967,-20.25210822136208,-9.426234345768076,-8.625445398594557,12.8,-5.284976674014737,18.54583555840597,-3.697828020633623,-0.04524990366163463,-6.500617628722863,19.15846310390337,4.0,7.0,0.07704962001988523
04-04,4.175707350666967,-20.25210822136208,-7.80347378439006,-9.400001525878906,12.00762018508068,-7.17299934610935,18.54583555840597,-7.44849352710571,2.805433613264789,-11.48239004934077,15.398390826148331,5.0,6.0,-0.9660435382381948
04-05,4.175707350666967,-20.25210822136208,-9.0719864150427,-8.188289709650693,12.00762018508068,-6.6666693366211165,18.54583555840597,-10.184188306361124,0.5933325498491793,-10.14406092158599,15.398390826148331,5.0,6.0,-1.2533105854975073
04-06,4.175707350666967,-20.403871636803594,-8.863916354152801,-8.188289709650693,12.00762018508068,-6.6666693366211165,18.54583555840597,-7.391761241045456,1.0073228563069574,-8.625822778145846,15.398390826148331,5.0,6.0,-0.8186776618009635
04-07,4.175707350666967,-20.403871636803594,-5.6116244003248275,-8.188289709650693,12.00762018508068,-6.036753658455021,18.618459984331537,-7.391761241045456,0.503665794794091,-8.625822778145846,8.863023852786155,5.0,6.0,-1.0990587506150913
04-08,4.175707350666967,-20.403871636803594,-4.849695581051765,-8.188289709650693,12.00762018508068,-4.0582763502158175,15.388793169969974,-8.280251875306375,-1.3526072805737346,-8.625822778145846,8.415403112239696,4.0,7.0,-1.4337537630718642
04-09,4.175707350666967,-20.403871636803594,-4.849695581051765,-10.601259197128474,12.11928819589632,-3.694073970793351,14.428414624981608,-8.280251875306375,-1.3526072805737346,-8.625822778145846,12.879407291783119,4.0,7.0,-1.2913422596795563
04-10,4.175707350666967,-16.959549008299494,-4.849695581051765,-16.21174535491987,12.11928819589632,-5.1715013339361695,14.428414624981608,-8.280251875306375,-1.3526072805737346,-7.792205745037488,12.303879548804145,4.0,7.0,-1.5991151326159878
04-11,2.321725111947341,-16.959549008299494,-7.239257649013849,-18.18181458291139,12.11928819589632,-7.018468971817341,14.428414624981608,-8.280251875306375,-2.0187808477833653,-8.205427070996041,12.303879548804145,4.0,7.0,-2.4300220476816765
04-12,2.321725111947341,-16.959549008299494,-8.07913877156214,-19.87368131938733,12.424908321533762,-7.018468971817341,14.428414624981608,-8.280251875306375,-4.801858940147313,-8.033080837782311,12.086093107350411,4.0,7.0,-2.8895353234990178
04-13,2.321725111947341,-10.339193942129622,-11.6219649588629,-16.458959382737078,11.21794844363412,-7.018468971817341,14.1653531673488,-5.208871896205607,-3.076922256116809,-8.033080837782311,12.086093107350411,4.0,7.0,-1.9969402195791808
04-14,2.321725111947341,-12.453143451125285,-14.049584925590588,-16.458959382737078,11.21794844363412,-7.018468971817341,9.595126920135623,-0.2585275939300159,-4.353999587478297,-8.610455758912947,13.90728738233609,4.0,7.0,-2.378277437594398
04-15,2.321725111947341,-12.16159953543629,-13.654094755956928,-16.458959382737078,11.21794844363412,-17.763507757928586,4.117651546702667,-0.2585275939300159,-5.907778867749465,-8.610455758912947,13.90728738233609,4.0,7.0,-3.9318464698210085
04-16,2.321725111947341,-9.662639203282767,-13.654094755956928,-16.458959382737078,12.480249299207564,-22.007517800129715,6.59026633581183,5.229715262481388,-5.907778867749465,-8.016629271005469,13.90728738233609,5.0,6.0,-3.1980341717342924
04-17,-1.7857111465625974,-9.662639203282767,-16.34157133781617,-18.56891753614438,12.535520378246446,-25.09588999290989,6.59026633581183,5.229715262481388,-6.772333660324839,-7.888492737594994,14.486755058381766,4.0,7.0,-4.2975725981558375
04-18,-2.197797227560249,-9.662639203282767,-11.76471106792774,-19.90291376545133,13.760891394543867,-23.08117153119542,6.59026633581183,5.229715262481388,-6.772333660324839,-7.888492737594994,13.670892718000689,4.0,7.0,-3.819844862045416
04-19,-2.197797227560249,-9.662639203282767,-8.527132325870394,-17.28723276087791,13.760891394543867,-23.08117153119542,0.34384739637632195,7.8201297444600195,-8.59750692490323,-6.788663413665287,13.670892718000689,4.0,7.0,-3.6860347394522135
04-20,-2.197797227560249,-9.662639203282767,-10.159117698350833,-16.976950418318935,13.760891394543867,-23.08117153119542,0.34384739637632195,4.643200870481887,-8.59750692490323,-6.788663413665287,13.670892718000689,4.0,7.0,-4.0950012761703585
04-21,-2.197797227560249,-2.5710940609681354,-9.220727081914593,-16.976950418318935,13.760891394543867,-21.424621921596287,4.18080026310634,2.935324086519989,-9.510084396055728,-6.788663413665287,16.793254520939232,4.0,7.0,-2.8199698413608885
04-22,-2.197797227560249,-2.5710940609681354,-9.220727081914593,-16.976950418318935,13.760891394543867,-19.16898137434355,4.18080026310634,2.935324086519989,-13.0391628697001,-6.788663413665287,8.364317407622552,4.0,7.0,-3.7020039358798265
04-23,-3.8800695974799218,-2.5710940609681354,-9.220727081914593,-16.976950418318935,15.030668529237552,-21.712708410764485,2.09040013155317,1.3650174337251821,-13.0391628697001,-4.250290971992264,4.8327179061566765,4.0,7.0,-4.39383631004235
04-24,-3.8800695974799218,-2.5710940609681354,-8.690326972158392,-12.596733776200109,15.030668529237552,-26.89264472518987,2.09040013155317,1.3650174337251821,-11.65096862955252,-4.250290971992264,20.1612909428163,4.0,7.0,-2.898613790564456
04-25,-3.8800695974799218,-2.5710940609681354,-9.800731323535505,-11.626937283089946,15.98422888275308,-29.126215390092007,2.09040013155317,1.8200232449669091,-11.15518091962951,-8.810846244661949,18.959999084472656,4.0,7.0,-3.4651294068828324
04-26,-3.8800695974799218,-2.5710940609681354,-13.64959919089686,-11.626937283089946,15.98422888275308,-28.538944935853888,2.09040013155317,1.8200232449669091,-11.946904065615795,-10.168428514944127,19.85759620811859,4.0,7.0,-3.8754299255869933
04-27,-3.8800695974799218,-3.1739790415872253,-13.316682331054594,-12.048702250223005,16.086027956959672,-28.538944935853888,1.4689277834734822,1.8200232449669091,-10.106383567435474,-10.23081297192152,19.85759620811859,4.0,7.0,-3.8239090456397253
04-28,-3.8800695974799218,-3.1739790415872253,-14.572870904042547,-12.048702250223005,16.086027956959672,-28.538944935853888,5.7297268429317985,1.8200232449669091,-9.340387982436598,-10.992462258878248,18.512658932197155,4.0,7.0,-3.6726345448587168
04-29,-3.8800695974799218,-7.6802470584454365,-14.572870904042547,-12.048702250223005,16.086027956959672,-32.76868240652572,5.7297268429317985,3.083926133346422,-11.323527005579464,-10.992462258878248,21.133232313960672,4.0,7.0,-4.2939680212705245
04-30,-3.8800695974799218,-6.073664613078043,-14.572870904042547,-12.594458599644152,16.086027956959672,-33.995323653762306,4.9729733853726765,3.083926133346422,-11.323527005579464,-11.055277766628947,18.376726608673632,4.0,7.0,-4.634139823260272
05-01,-3.8800695974799218,-8.107023582567322,-15.661649120203464,-12.594458599644152,10.08784666973214,-35.100124573008884,4.9729733853726765,3.083926133346422,-10.882359128509954,-10.301503654453603,21.20980374244865,4.0,7.0,-5.197512574997038
05-02,3.2840742552623303,-8.107023582567322,-16.038526207314586,-4.7656222467776805,8.026030727758405,-32.33215500072452,4.9729733853726765,3.083926133346422,-15.931372846928255,-3.152040910151857,22.817767229429425,5.0,6.0,-3.467451733026815
05-03,3.2840742552623303,-8.107023582567322,-15.661649120203464,-2.343751455191501,6.460760373890832,-30.26086558466372,4.9729733853726765,-1.061673797688174,-15.704496089048915,-6.3658761425819685,22.817767229429425,4.0,7.0,-3.815432775271801
05-04,3.2840742552623303,-5.431304525870013,-15.51652453156682,-2.578124365536506,6.696005018947269,-30.26086558466372,10.864866102063978,0.09995231151873656,-16.50246555356427,-7.178843420070652,22.817767229429425,5.0,6.0,-3.06413300582275
05-05,4.434828042048323,-3.4888254867234405,-12.733304094177928,-3.5080778880862287,6.696005018947269,-30.37681026735168,4.969638296778803,0.09995231151873656,-16.295190297934653,-7.178843420070652,19.448697398491927,5.0,6.0,-3.4483573078690477
05-06,1.8878409120875383,-3.4888254867234405,-10.98407741608075,-3.5080778880862287,7.1675536547492635,-27.29397960084579,-0.4969638296778803,3.3915133351737743,-14.257909556958632,-7.178843420070652,21.34659546287427,4.0,7.0,-3.0377430757780477
05-07,1.8878409120875383,-3.4888254867234405,-10.98407741608075,-3.192745128686635,4.966991355651212,-25.71595243467304,-0.4969638296778803,3.3915133351737743,-14.257909556958632,-7.178843420070652,19.816375004305037,4.0,7.0,-3.204781515059405
05-08,1.8878409120875383,-3.4888254867234405,-8.370768328168019,-4.848243995066005,4.746935725348028,-27.310672621870697,-0.4969638296778803,3.3915133351737743,-14.257909556958632,-9.765370725912435,17.22265483242448,4.0,7.0,-3.7536190672130263
05-09,1.8878409120875383,-3.4888254867234405,-7.145742531502052,-6.510313951287565,4.746935725348028,-30.411450460686666,-0.4969638296778803,3.3915133351737743,-13.458760140553105,-5.9569049194547095,17.532972604244776,4.0,7.0,-3.628154431184664
05-10,1.8878409120875383,-3.4888254867234405,-6.224904289780342,-6.510313951287565,9.118179069028514,-32.545459631717556,1.104366406399423,3.3915133351737743,-12.213747543469536,-7.461735035220263,17.596895900900666,5.0,6.0,-3.2132900286007997
05-11,1.8878409120875383,-3.4888254867234405,-7.166124866258434,-4.938759487853897,8.569704903117739,-32.545459631717556,0.0,4.9773745676100924,-12.213747543469536,-5.01587882874504,17.596895900900666,4.0,7.0,-2.9397254146410785
05-12,1.8878409120875383,-3.4888254867234405,-6.433224584947804,-4.938759487853897,8.569704903117739,-33.272725885564626,-1.3888888888888888,7.139266565452843,-13.022590395816556,-3.8292567398970383,18.682169912239786,4.0,7.0,-2.735935379708578
05-13,1.8878409120875383,-3.4888254867234405,-7.04340420958559,-4.938759487853897,8.630050560279354,-33.09090354225852,-1.3888888888888888,5.480141709582812,-13.678104643098571,-3.8292567398970383,23.820571160181288,4.0,7.0,-2.512685332379542
05-14,1.8878409120875383,-0.5880032033886355,-7.04340420958559,-4.938759487853897,8.931801867797368,-34.40395003759915,-1.3888888888888888,7.662089030085144,-13.678104643098571,-3.8920208412257415,25.754059126921142,4.0,7.0,-1.972485488613572
05-15,6.4088937407745385,-0.5880032033886355,-6.470106137468286,-4.993958014209632,8.931801867797368,-40.39692999902251,-1.3888888888888888,7.662089030085144,-13.678104643098571,-5.210294462055857,25.983036362196522,4.0,7.0,-2.1582240315708003
05-16,6.4088937407745385,-0.5880032033886355,-6.6010686783160635,-7.673465962312659,7.5367620418915475,-46.28851386751339,-1.3888888888888888,7.662089030085144,-12.931038656422643,-6.612091833551164,14.417886253347511,4.0,7.0,-4.187040002208609
05-17,6.4088937407745385,2.234416658996648,-6.6010686783160635,-5.836735939492985,7.5367620418915475,-40.768188509792644,-1.0000016954210071,7.662089030085144,-11.542103143353946,-9.445837755137154,18.322293915824595,5.0,6.0,-3.002680030358302
05-18,6.4088937407745385,2.234416658996648,-0.8925088791259089,-5.836735939492985,7.5367620418915475,-40.768188509792644,-2.611107296413845,8.64440165088701,-11.542103143353946,-10.349201020740328,18.322293915824595,5.0,6.0,-2.623006980049574
05-19,6.4088937407745385,-2.549345588048453,0.6116202153874915,-3.183450740651657,7.5367620418915475,-40.768188509792644,7.5555589463975705,7.612971993827536,-10.860363969100055,-8.489379925977731,22.369388724945175,6.0,5.0,-1.2505030063951532
05-20,7.146613564265167,-2.549345588048453,-1.6021877489932197,-3.183450740651657,7.5367620418915475,-40.48419334512332,4.257766437576306,4.807696113033957,-7.27934674609614,-8.489379925977731,20.49180316219072,5.0,6.0,-1.7588420705393473
05-21,7.146613564265167,-2.549345588048453,-1.6021877489932197,-5.2526925835861595,7.5367620418915475,-43.72469416783742,4.257766437576306,4.5177729062395855,-7.27934674609614,-9.987517701313974,20.11922350160497,5.0,6.0,-2.437967825845253
05-22,7.146613564265167,-2.549345588048453,-1.6021877489932197,-3.3426191032243,5.746408889078445,-38.36065823914575,5.722381023858284,4.5177729062395855,-8.462241351631617,-11.317132130658988,21.052632711128968,5.0,6.0,-1.9498522788301704
05-23,7.146613564265167,-2.549345588048453,-2.8480984723028167,-3.886635849473595,3.274479840304402,-36.63967892706618,5.722381023858284,2.8426464548393113,-9.107550280895273,-8.524585161052768,16.691731091668107,5.0,6.0,-2.5343674821730744
05-24,7.146613564265167,-2.549345588048453,-0.08032312477943887,-3.886635849473595,4.711383330665226,-37.47454602381894,2.7195442074253036,12.626735401532033,-9.107550280895273,-2.8500682107603774,16.691731091668107,5.0,6.0,-1.0956783165654762
05-25,7.146613564265167,-6.249994861668722,-0.7228928029453753,-3.886635849473595,5.769820859885262,-37.47454602381894,1.7405922248071206,11.99074123540205,-9.107550280895273,-1.9207025093807524,16.691731091668107,5.0,6.0,-1.4566203047413586
05-26,7.146613564265167,-10.582485959700412,0.15923930808500913,-5.120852141801722,5.769820859885262,-37.47454602381894,1.7405922248071206,12.037038590518836,-8.610475279980522,-10.180846796344227,16.691731091668107,6.0,5.0,-2.5840155056742105
05-27,7.146613564265167,-18.63295612598216,2.6019420438599816,-5.120852141801722,5.769820859885262,-36.302302151829075,1.7405922248071206,10.52137896731186,-8.808764576069782,-10.180846796344227,22.587561823523487,6.0,5.0,-2.6070738462158256
05-28,9.938841383941776,-11.185383997974336,2.6019420438599816,-5.120852141801722,5.769820859885262,-36.84211271426785,3.2258071244108497,9.458182470886644,-8.808764576069782,-10.180846796344227,18.48801928763525,6.0,5.0,-2.0595770050761946
05-29,9.938841383941776,-11.185383997974336,2.6019420438599816,-5.899223855219658,6.5720431064324085,-36.23482422276185,3.2258071244108497,9.458182470886644,-8.808764576069782,-8.152535974244147,23.3812956057019,6.0,5.0,-1.3729655355487465
05-30,9.938841383941776,-11.185383997974336,2.4504052244291383,-3.193617440217753,6.5720431064324085,-35.35762401498697,3.2258071244108497,9.458182470886644,-3.0136979858833555,-11.760564075531276,21.58273440526329,6.0,5.0,-1.025715799929962
05-31,9.938841383941776,-11.185383997974336,2.4504052244291383,-3.193617440217753,6.479482848986835,-32.935714135842154,3.2258071244108497,10.00000737139541,2.756242069655684,-7.7188137001524435,25.546452439109945,7.0,4.0,0.4876099261584502
06-01,9.938841383941776,-10.251885498056113,6.417735034175,1.145917268571878,7.9003354406705615,-32.935714135842154,3.2258071244108497,10.144929005169377,1.7406424129604092,-15.133954637284385,25.546452439109945,8.0,3.0,0.7035550761661039
06-02,9.938841383941776,-5.541461113000889,9.860251913660784,1.145917268571878,7.9003354406705615,-34.59244042790336,1.9682919208929017,10.772953465670767,1.1816212396330181,-14.635903026104204,22.950823302979263,8.0,3.0,0.9953846699102268
06-03,9.938841383941776,-3.871774718785192,11.374051003083355,1.145917268571878,7.9003354406705615,-27.111114017547127,-2.7968022734898357,13.526575078307252,-1.301027349786675,-14.635903026104204,19.69273571872681,6.0,5.0,1.2601667734171456
06-04,2.2676982806539043,-3.871774718785192,11.374051003083355,2.597403732807999,7.9003354406705615,-20.409422065111816,-8.779059619501707,13.526575078307252,-1.301027349786675,-14.635903026104204,20.249653681308494,6.0,5.0,0.8107754943219977
06-05,2.2676982806539043,-3.871774718785192,9.465654112090654,3.1703587243349416,7.9003354406705615,-19.91524768168246,-9.994114242893053,13.526575078307252,0.4037691740299392,-12.845986134428413,11.813764575261368,7.0,4.0,0.17463932795995535
06-06,2.2676982806539043,-3.871774718785192,8.909376039190006,3.44696095304606,5.0440591161006765,-18.341396460875455,-9.994114242893053,13.091791748496833,0.8524025403931758,-12.987934023335983,9.022041172982592,7.0,4.0,-0.2328081450024033
06-07,2.2676982806539043,-0.08326585088472548,8.804309478569314,2.7862649936162063,8.115255682872906,-28.533853964686212,-9.994114242893053,14.057969759218896,0.5400492150899608,-8.029693377613338,8.707672464615356,7.0,4.0,-0.12379159649461692
06-08,2.2676982806539043,-0.08326585088472548,6.6743809303402,2.6335897479577173,8.115255682872906,-28.533853964686212,-7.466968687273043,14.106280041891642,0.986544039826125,-7.133331298828124,8.707672464615356,7.0,4.0,0.024909216953249214
06-09,5.406853385339555,1.040799314053284,8.444787869233577,2.6335897479577173,8.115255682872906,-28.86259258588132,-10.520298322852732,14.816582392872933,2.1524643886023687,-5.446193806898972,10.228061289556146,8.0,3.0,0.7281190322595876
06-10,5.406853385339555,1.040799314053284,8.444787869233577,2.6335897479577173,8.115255682872906,-28.86259258588132,-8.955220775603284,9.708737684291773,2.1524643886023687,-5.446193806898972,10.228061289556146,8.0,3.0,0.4060492903203413
06-11,5.406853385339555,1.040799314053284,8.444787869233577,3.0916082049767817,8.572265298464902,-32.41795079474987,-8.955220775603284,10.490857714825687,2.1524643886023687,-5.708667009839242,20.847810482451166,8.0,3.0,1.1786916434322663
06-12,5.406853385339555,1.040799314053284,8.21551246565661,3.0916082049767817,7.762694761513307,-28.58093899241927,-9.017804184860976,10.490857714825687,2.6905762091863727,-5.362986596104331,22.25255535900533,8.0,3.0,1.6354297855611228
06-13,2.9653983268959005,1.040799314053284,4.012590301740001,3.0916082049767817,7.762694761513307,-32.1917721423901,-9.017804184860976,8.565931798979411,1.9520874719863468,-9.223619228909683,23.858213918184234,8.0,3.0,0.2560116856516824
06-14,2.9653983268959005,1.040799314053284,4.419892788039373,4.580155450365039,7.083829546090446,-34.21417999627682,-9.017804184860976,8.902792686906162,1.9520874719863468,-12.201765500132945,24.01360393723473,8.0,3.0,-0.043199105427222856
06-15,-1.2630503083390001,0.9159084783947906,5.169690047569303,3.5114505706248225,6.725927282262732,-34.21417999627682,-11.581418499980767,10.518662940233048,1.7488762465977774,-13.565097210421376,24.01360393723473,7.0,4.0,-0.7290569556455234
06-16,-1.2630503083390001,1.040799314053284,5.393696663228684,3.5114505706248225,6.725927282262732,-31.849783960935696,-11.581418499980767,8.19194714230994,2.9333326551649312,-12.56756508585485,24.01360393723473,7.0,4.0,-0.4955509354755627
06-17,-1.2630503083390001,1.040799314053284,4.453276138658711,3.5114505706248225,6.725927282262732,-20.569613968938345,-8.93592261793632,8.013596922304492,2.9333326551649312,-12.56756508585485,23.49315216134601,7.0,4.0,0.6213984603042242
06-18,-0.7100003927200741,-3.1684006650553536,4.453276138658711,3.5114505706248225,6.725927282262732,-20.124995708465573,-11.454541755445074,8.013596922304492,2.9333326551649312,-13.581076008808598,23.018608545158354,6.0,5.0,-0.034802037847331165
06-19,-0.7100003927200741,-3.1684006650553536,1.5109310796435238,3.5114505706248225,6.190470567906269,-15.504807802523384,-11.454541755445074,8.013596922304492,2.9333326551649312,-13.581076008808598,15.931037376666891,6.0,5.0,-0.5752734047492328
06-20,-0.7100003927200741,-3.1684006650553536,0.7952240899576918,7.709925186800041,5.938519735737431,-14.363313892266685,-11.454541755445074,8.499271428028853,4.711108737521702,-12.11119072773557,16.36740304201041,6.0,5.0,0.20127316243939705
06-21,-0.7100003927200741,-3.1684006650553536,2.78329569068887,8.053437209575241,5.938519735737431,-17.047561073737107,-9.212123986446496,8.499271428028853,5.122501054776501,-13.311041807232629,16.94101700928518,6.0,5.0,0.35353765480912874
06-22,-0.7100003927200741,-6.206590021719268,3.346614102874785,4.233868021622566,5.938519735737431,-17.047561073737107,-9.212123986446496,9.2922496997556,4.45434283303368,-14.7796630859375,16.94101700928518,6.0,5.0,-0.34084792347738263
06-23,1.201525503939545,-6.206590021719268,8.634770098826035,4.233868021622566,5.938519735737431,-17.047561073737107,-15.090907703746447,6.644203359174218,-0.6097611162104954,-14.7796630859375,16.94101700928518,6.0,5.0,-0.9218708429787132
06-24,1.201525503939545,-5.122592243771847,7.337280403795106,4.233868021622566,5.6102633689436265,-17.047561073737107,-7.706098764427741,6.884931505339749,-2.288991250845096,-14.7796630859375,17.14677649576099,6.0,5.0,-0.41184191993797337
06-25,4.939571729586284,-5.122592243771847,7.337280403795106,6.169350106311617,6.893457697099817,-15.441630126823954,-1.5531674578061776,11.689495481891642,-2.288991250845096,-14.7796630859375,13.714286259242467,6.0,5.0,1.050672501158396
06-26,4.939571729586284,-5.122592243771847,9.309666961885608,6.169350106311617,5.550578323388672,-15.071022521439412,-1.0701564116625413,11.689495481891642,-0.7629940517461792,-8.85584913969886,13.030960222307039,6.0,5.0,1.8006371324592747
06-27,4.939571729586284,-5.122592243771847,11.473521996904767,12.046328099760077,4.030302799109257,-12.72389992581486,-1.0701564116625413,11.689495481891642,0.9514783947855884,-8.007693665384696,11.889132822068369,7.0,4.0,2.735953552497458
06-28,4.939571729586284,-5.122592243771847,11.028040235287676,12.34042741579351,1.472391302770664,-12.72389992581486,-3.7455474408188953,7.962215448546115,0.9514783947855884,-5.440905889222289,11.889132822068369,7.0,4.0,2.1409374408373014
06-29,8.775617530407576,-5.770922563496642,8.373830920067903,12.727276081147535,2.872696618404075,-12.72389992581486,-3.7455474408188953,8.456381497711565,0.8099098530142061,-3.4188119779171404,11.889132822068369,7.0,4.0,2.567787583161245
06-30,9.143456165712207,-13.083696975919853,9.889707568401237,13.860255800280573,2.872696618404075,-11.859172408641953,-5.231873270402168,10.467707356826091,0.7153057865612231,-4.567899606591702,13.566737064200925,7.0,4.0,2.3430203726209693
07-01,10.08839663489339,-16.048820535142337,9.690490861874222,13.860255800280573,2.872696618404075,-9.993902528323721,-8.588966818451059,10.467707356826091,2.436740646886133,-4.567899606591702,21.517139322078773,7.0,4.0,2.884894341157676
07-02,11.544458482583616,-16.048820535142337,9.690490861874222,13.860255800280573,1.4212314032064683,-10.298601765825936,-10.486892991077369,11.297438142898965,2.436740646886133,-4.567899606591702,21.056492013659863,7.0,4.0,2.7186265866138632
07-03,11.544458482583616,-16.048820535142337,9.690490861874222,11.187477073036304,1.4212314032064683,-7.86106598124545,-14.563113148551784,11.297438142898965,5.48266198654202,-5.02170747324775,9.024214861212403,7.0,4.0,1.4684786975606072
07-05,14.307305279646613,-16.048820535142337,11.863797531179852,10.549942922252244,-0.4570430447096007,-5.231873270402168,-14.563113148551784,12.671077175369046,4.543299207768769,1.337393376897406,8.890522179795433,7.0,4.0,2.5329534249184977
07-06,14.307305279646613,-15.839351322431266,14.635875622437654,10.549942922252244,0.332529033442485,-5.231873270402168,-12.45235718121012,12.671077175369046,4.99766325291942,2.5531918347394376,8.890522179795433,8.0,3.0,3.219502320596254
07-07,14.307305279646613,-15.162457732344933,14.757005209653066,11.247218361465784,0.332529033442485,-4.102262464784356,-16.065578773373467,12.40035095890728,3.9925746230197316,2.5531918347394376,8.155765500939346,8.0,3.0,2.9468765301191815
07-08,14.307305279646613,-14.954953066337755,16.359202681786662,11.247218361465784,0.332529033442485,-4.577886276660356,-21.311475409836067,12.40035095890728,1.4299296644720945,2.5531918347394376,7.127107551972624,8.0,3.0,2.264774601236254
07-09,13.82978507543158,-14.954953066337755,16.359202681786662,11.5812946450728,0.2116188199716688,-0.2341973987472025,-17.984691581245507,14.260940839617028,1.4299296644720945,2.5531918347394376,5.018178766424006,8.0,3.0,2.915481843744073
07-10,14.522610276622105,-20.833330699289792,16.88131033326221,11.5812946450728,-1.226610560242269,-2.2089602342292443,-17.984691581245507,14.260940839617028,1.0009489468762482,2.3312833040054093,-1.3188523798760667,6.0,5.0,1.545994808233902
07-11,14.522610276622105,-20.833330699289792,14.622811058258012,11.5812946450728,-1.9141677788450715,-1.373131595440765,-17.984691581245507,14.260940839617028,2.7645373515781815,1.9704414983633087,-1.3188523798760667,6.0,5.0,1.4816783304376575
07-12,14.522610276622105,-20.833330699289792,16.12223485525287,4.9740168003852085,-3.0990455090957387,-1.373131595440765,-17.984691581245507,11.617509256564395,2.7645373515781815,-1.1250019073486328,1.5825171884158544,6.0,5.0,0.651656766945289
07-13,8.190950713631151,-24.76333480954073,14.835954418450509,4.9740168003852085,-3.0990455090957387,-1.373131595440765,-15.697312475360429,10.457217971869328,2.4343685456280566,-2.082018395986024,1.5825171884158544,6.0,5.0,-0.41271064973123495
07-14,7.085426504727972,-24.329700468597878,14.023731367943473,5.255366588589141,-3.0990455090957387,-1.373131595440765,-15.336651770956456,10.94792683420607,3.1950410025395843,-2.5998721338670845,1.5825171884158544,6.0,5.0,-0.4225810901396209
07-15,7.085426504727972,-27.10513511099116,13.930888205822821,5.255366588589141,-1.3738029254219355,-8.015026371751798,-14.403036624347145,8.42105318290216,2.8243186683875714,-2.5998721338670845,1.5825171884158544,6.0,5.0,-1.308845711593963
07-16,9.497484552153097,-21.940727226809006,13.930888205822821,5.255366588589141,-0.8880392426235123,-7.138386501322513,-13.75628469574375,9.210529048641543,2.8243186683875714,-0.6975247525949979,1.5071647026390402,6.0,5.0,-0.19956460480550567
07-17,9.497484552153097,-22.76226845977013,13.21094307264794,6.1065861975445594,-1.4996787206961202,-6.405476937391162,-13.75628469574375,9.210529048641543,3.3508802108327904,-1.340140632575153,3.47119843687567,6.0,5.0,-0.08329344795279264
07-18,11.802153958901961,-22.76226845977013,12.441900706714625,6.1065861975445594,-1.6293937422144529,-4.291048117732756,-13.75628469574375,9.029045353010062,1.1068404330360482,1.314136986785344,3.5179590226979487,7.0,4.0,0.2617843312026781
07-19,11.802153958901961,-22.76226845977013,11.630396535933787,8.47520679767182,-1.6293937422144529,-4.291048117732756,-13.75628469574375,9.029045353010062,0.048217111823510836,1.3750016689300537,5.636892479433168,7.0,4.0,0.5052653536584794
07-20,11.802153958901961,-28.3199260854402,11.16661074363255,8.47520679767182,-1.6293937422144529,-4.291048117732756,-14.258676179743235,9.684691225182775,3.5878596819570694,0.3811910216954245,5.636892479433168,7.0,4.0,0.2032328893949199
07-21,12.231969653451864,-26.72628560561922,12.379597344627811,8.47520679767182,-1.6293937422144529,-4.291048117732756,-13.136393291215816,10.405411233801928,1.918585580998274,-2.819674132300205,5.636892479433168,6.0,5.0,0.22226074553658368
07-22,12.231969653451864,-34.83086747364719,12.379597344627811,8.47520679767182,-6.5175749688578115,-2.611940785365037,-12.149538041327553,10.646903930209207,2.23881267550565,-2.819674132300205,5.563691342396451,6.0,5.0,-0.6721285143304537
07-23,12.231969653451864,-41.017136615294426,12.379597344627811,6.328649011291758,-8.265268633942107,-2.611940785365037,-14.358324407531335,10.081380492670203,2.23881267550565,-3.278688524590164,7.245332177978073,6.0,5.0,-1.7296016010179742
07-24,12.231969653451864,-31.834623906835443,12.379597344627811,4.3461816263067075,-8.265268633942107,5.432244506930906,-17.187502619344798,10.081380492670203,2.9384377445069205,-3.643464045454216,7.245332177978073,7.0,4.0,-0.5705196053730972
07-25,13.288397535158305,-31.834623906835443,12.87906001397815,6.160238915968532,-8.265268633942107,12.834822438296154,-17.187502619344798,10.081380492670203,0.14478175816125693,-3.5760740353860294,6.958388397080718,7.0,4.0,0.1348727596186315
07-26,13.288397535158305,-31.834623906835443,12.986090645125447,7.407404203663898,-6.63181554661707,12.834822438296154,-17.187502619344798,8.122740295373939,-1.3592173500576323,-3.9267041358321846,8.339218256629382,6.0,5.0,0.18534634686909127
07-27,9.0996690194612,-28.903481802603398,12.986090645125447,7.407404203663898,-8.079465447243559,12.834822438296154,-16.655862890437838,8.288288690780478,-2.621354360092416,-4.957038957879174,8.339218256629382,6.0,5.0,-0.2056100185727119
07-28,9.0996690194612,-30.020382964869302,8.062790487046193,2.8933791338928523,-8.079465447243559,20.31250182938362,-16.655862890437838,8.288288690780478,-2.6711958862779284,-3.4527669042340783,8.339218256629382,6.0,5.0,-0.35307515235172604
07-29,9.0996690194612,-23.955140950822006,8.062790487046193,2.8933791338928523,-8.079465447243559,9.84203537054247,-16.655862890437838,8.412051148862258,-7.418694419881085,-3.4527669042340783,3.957593505578826,6.0,5.0,-1.5722192679304337
07-30,8.377466214584338,-18.230432939401396,8.062790487046193,2.8933791338928523,-11.857433338884995,9.329266881460487,-12.637711063017411,8.412051148862258,-7.418694419881085,-2.6058606422782016,7.639364604793878,6.0,5.0,-0.7305285393475529
07-31,8.377466214584338,-11.20255492261197,6.671426305473955,0.39635506652436014,-14.80829771115483,9.634146100350033,-12.637711063017411,8.412051148862258,-8.079268942743488,-6.728848857299955,7.639364604793878,6.0,5.0,-1.1205338232944395
08-01,8.377466214584338,-11.20255492261197,7.215372649104628,-0.4396430894900213,-12.627506556636643,7.012192959022357,-12.637711063017411,11.11110825108911,-12.775781428217584,-2.022181481797138,8.46524132719175,5.0,6.0,-0.8658179218889626
08-02,8.377466214584338,-11.20255492261197,8.339373616472024,1.2789755754177985,-10.382708633834813,6.670747505563879,-12.637711063017411,11.381011387291995,-15.853656809942324,0.5218520815668377,8.591065179476589,7.0,4.0,-0.4469218062757324
08-03,8.377466214584338,-17.487916900785255,10.173159324234344,2.1394572625813786,-12.82143763101364,6.670747505563879,-15.737702416591954,2.3841600999131525,-13.565491899171047,-2.606483530474533,8.591065179476589,6.0,5.0,-2.1711797083347957
08-04,8.377466214584338,-12.077294240857766,10.39942857786059,2.1394572625813786,-12.82143763101364,9.302328296018636,-16.78688174388448,3.91458709379964,-12.166329029396474,-2.541293674376322,8.591065179476589,6.0,5.0,-1.242627608655228
08-05,8.421558913251896,-6.790125078057746,10.39942857786059,2.1394572625813786,-16.081124695970985,9.853124818340802,-16.78688174388448,2.790274307128977,-12.512874848760118,-2.541293674376322,8.085694918471392,6.0,5.0,-1.1838873857649652
08-06,8.421558913251896,-0.6597610816554672,10.39942857786059,2.1394572625813786,-17.385002285226054,9.302328296018636,-14.97740302843624,3.3124429993902282,-12.512874848760118,-2.541293674376322,4.309166343176249,6.0,5.0,-0.9265411387432021
08-07,2.5335238092169954,0.6049286279719558,9.607772538079024,3.2884307893529137,-12.887498714482856,9.302328296018636,-14.97740302843624,3.3124429993902282,-13.027809869753233,4.783163172212656,7.6710476148421245,8.0,3.0,0.019175112219291114
08-08,4.5719778751263656,0.6049286279719558,8.002857411344234,8.849890882994847,-12.887498714482856,8.518524710642275,-14.97740302843624,4.700086078284622,-14.47231215305985,2.997450624243082,3.9391889286784094,8.0,3.0,-0.013846250608469194
08-09,4.5719778751263656,-4.420664369741977,6.678766619030259,8.376009154157162,-9.345480819176656,8.518524710642275,-18.07618583461773,5.819155005287469,-13.766231784572847,10.183431800254157,4.137933665308458,7.0,4.0,0.24338509288153984
08-10,4.5719778751263656,-3.1724162485407685,6.678766619030259,8.376009154157162,-11.604679151655493,8.518524710642275,-15.540120048499432,7.3410894290368125,-20.62337305638697,8.106394781909662,4.137933665308458,7.0,4.0,-0.291808388170152
08-11,5.491326479189733,-2.07487182178464,4.848265548102951,8.376009154157162,-11.604679151655493,8.518524710642275,-15.613155931420323,6.079855249206685,-22.887693073142433,9.198994715044732,4.137933665308458,7.0,4.0,-0.502680950577354
08-12,5.400187773600842,-4.4631032538121485,5.129156005280048,8.376009154157162,-11.604679151655493,6.851855296765772,-15.613155931420323,6.079855249206685,-24.149104581748126,9.198994715044732,-0.9655196091224408,6.0,5.0,-1.4326822121548446
08-13,5.400187773600842,-9.981686309271687,5.129156005280048,4.242867011477719,-13.32644218277391,1.2539173144626596,-10.745896306784617,4.432128768400498,-24.149104581748126,13.579469241436207,0.0,6.0,5.0,-2.1968548423563967
08-14,12.825457457894174,-7.761325577295962,4.944649939946672,3.5727415358505317,-10.770787147589884,-1.0658371912299989,-10.745896306784617,4.432128768400498,-23.44678605576692,13.204003236047411,-3.666428716580605,5.0,6.0,-1.6798254597371545
08-15,12.825457457894174,-7.761325577295962,3.321031755946652,3.5727415358505317,-13.914851307349204,-3.5736718201553184,-10.745896306784617,4.432128768400498,-20.551655984035627,11.827280624464526,-4.049171530773477,5.0,6.0,-2.237993853076165
08-16,12.825457457894174,-7.761325577295962,3.91143708863998,3.830567303098216,-13.914851307349204,-7.133595175273834,-8.723142191758228,4.915019165480231,-22.539858499691558,12.484473175511491,-4.049171530773477,5.0,6.0,-2.3777263719561983
08-17,12.825457457894174,-2.561914515436127,4.550457875662987,3.499075023715404,-13.914851307349204,-7.133595175273834,-5.981314875109657,4.915019165480231,-20.89227599522768,9.799151433030588,-4.049171530773477,5.0,6.0,-1.7221784039442367
08-18,12.825457457894174,-3.3562852595844883,7.5606304208764605,3.994137471676328,-13.914851307349204,-7.133595175273834,-8.2711438433858,4.915019165480231,-21.92453865942076,10.127350512271748,-4.989157902126121,5.0,6.0,-1.833361556267388
08-19,5.321841162807918,-3.579128523464623,7.262971846989016,3.994137471676328,-17.72239196972538,1.6806737194179244,-8.768655809092431,5.662922376997017,-20.215634254625602,10.127350512271748,-8.308388015540038,6.0,5.0,-2.2313001347534662
08-20,5.321841162807918,-9.48040051538402,7.262971846989016,3.994137471676328,-17.681656645166427,1.6806737194179244,-9.697732687373131,5.662922376997017,-20.215634254625602,9.035777997570763,-10.205637021389686,6.0,5.0,-3.1202487771345355
08-21,5.321841162807918,-6.377327453158246,6.368517488578088,3.994137471676328,-18.26989881086381,2.354477812788804,-13.116886414289755,5.662922376997017,-20.215634254625602,6.215386023888222,-9.596345909365496,6.0,5.0,-3.4235282277787764
08-22,5.321841162807918,-6.377327453158246,9.38365361226943,5.381003042183125,-17.231839153353672,-1.4189191583824268,-13.116886414289755,7.41572862260797,-17.554032916394483,7.333333564527107,-3.3145225898404225,5.0,6.0,-2.1979970619112232
08-23,5.321841162807918,-6.377327453158246,11.397700930266232,5.381003042183125,-20.956803967394077,-3.1615122482258875,-13.116886414289755,6.606738486986481,-18.81919731889312,9.32611953153592,-5.093257241887594,5.0,6.0,-2.6810528627335457
08-24,5.321841162807918,-5.120350357817762,11.305563796773436,5.51748577192182,-17.272418774279245,-3.1615122482258875,-19.002048607143355,4.195480982046213,-18.756593567712788,12.989326540789206,-5.093257241887594,5.0,6.0,-2.6433165947934585
08-25,14.667296371765307,-3.090134095617928,10.64880251328822,5.51748577192182,-17.272418774279245,-0.34364391807157746,-13.47565369317542,4.7992658600175115,-17.368417037160775,13.908454882028707,-5.23673255297596,5.0,6.0,-0.6586995156599404
08-26,16.04426631581067,-3.579128523464623,10.459361004492044,5.51748577192182,-17.272418774279245,1.5068511046618345,-13.47565369317542,4.7992658600175115,-12.854245843915367,13.908454882028707,-1.5894923150789615,6.0,5.0,0.31497688991081435
08-27,16.04426631581067,-2.039080388988911,10.459361004492044,5.51748577192182,-18.421052631578945,-8.21917656103744,-9.812785540499391,4.135693671307468,-12.854245843915367,13.908454882028707,-0.8984112787968281,5.0,6.0,-0.19813550902328905
08-28,15.270712869986786,-1.5644856033887415,10.247348751630176,5.51748577192182,-21.037457482306696,-11.111114054550438,2.5773131683094337,4.135693671307468,-13.866395442209024,12.684368586610846,0.7523916384287961,7.0,4.0,0.3278056250673116
08-29,15.270712869986786,-1.5644856033887415,11.13074100159395,2.1292479831053237,-21.281213678485894,-15.555554378179824,2.5773131683094337,4.321562664466716,-13.521697005250887,11.11764907836914,6.330746584083888,7.0,4.0,0.08682024405544415
08-30,15.270712869986786,2.5792757414041683,9.49982443333422,5.038055027042319,-19.76411318716871,-15.47536131748685,5.498276831677457,9.094920532612589,-17.971623504427747,13.483800837930891,6.330746584083888,8.0,3.0,1.2349558953626378
08-31,15.270712869986786,1.4120663750771163,9.679742516865518,10.112362812965213,-19.76411318716871,-15.47536131748685,7.7181164739351935,8.300217185118841,-16.381543273377925,15.714285714285715,6.330746584083888,8.0,3.0,2.083384795844072
09-01,15.270712869986786,1.8739294518192189,7.484713071356936,10.662827692420798,-19.76411318716871,-14.989589661932051,10.569109389179124,7.400801715678353,-10.52358052333135,14.887477986522212,6.459948511442491,8.0,3.0,2.6665670287248915
09-02,15.270712869986786,2.60128183584374,4.742499805484359,10.662827692420798,-19.76411318716871,-12.352537859083865,9.951588844996273,7.400801715678353,-10.753245167918019,14.887477986522212,3.4437115538208927,8.0,3.0,2.3719096445984382
09-03,10.193486517097774,3.384091614701365,4.742499805484359,10.662827692420798,-19.76411318716871,-14.416967989566869,12.125981934153714,7.400801715678353,-10.753245167918019,14.887477986522212,6.542053218848273,8.0,3.0,2.2731721945684766
09-04,9.164677834716002,3.709945979092661,4.742499805484359,10.919543458568402,-23.062794288909178,-14.416967989566869,12.4934631181273,7.400801715678353,-10.753245167918019,14.887477986522212,8.678498958012058,8.0,3.0,2.160354673618844
09-05,10.151083982774429,3.709945979092661,5.233643433758031,10.919543458568402,-23.062794288909178,-11.732234574136696,12.4934631181273,7.400801715678353,-11.069916554503854,10.732831303322254,11.147117517890509,8.0,3.0,2.3566804628783835
09-06,10.151083982774429,3.709945979092661,2.5794412488135223,7.960198364262115,-21.18986615777885,-11.732234574136696,12.4934631181273,2.3629098503543435,-11.689696060645984,10.544418486044002,11.147117517890509,8.0,3.0,1.4851619777088494
09-07,10.151083982774429,1.1255420977845612,4.018660945487813,7.3476676168088675,-21.18986615777885,-11.732234574136696,9.6184892897407,0.5369164974730405,-11.630379941215574,7.465282779324737,11.147117517890509,8.0,3.0,0.6234800049230483
09-08,12.142193810222153,0.7867063130657804,4.018660945487813,7.3476676168088675,-21.18986615777885,-11.732234574136696,10.005354659170893,0.044723741542325064,-11.471056060349605,7.625648385612795,11.147117517890509,8.0,3.0,0.7931741997759988
09-09,12.142193810222153,-1.6114619869859743,4.018660945487813,7.3476676168088675,-19.72089247947061,-11.732234574136696,13.20949214035528,-0.4025051436994374,-14.574236467090532,7.625648385612795,11.147117517890509,6.0,5.0,0.6772227059085608
09-10,7.592503432265245,0.9847775821479,4.018660945487813,7.3476676168088675,-21.44693445010711,-14.51500303405529,15.892673153161384,-0.8082635899229643,-14.574236467090532,5.372618913163847,11.147117517890509,7.0,4.0,0.091961965431788
09-11,7.592503432265245,1.7761972042606031,2.4040188594137644,5.825238989553752,-17.477798021195213,-14.51500303405529,15.892673153161384,-0.8082635899229643,-14.46506366088507,6.412471041301097,11.665587525173787,7.0,4.0,0.3911419908246449
09-12,6.966620845391907,1.7761972042606031,2.6193090333794213,5.825238989553752,-18.107141767229354,-14.51500303405529,15.892673153161384,-0.8082635899229643,-16.484718930518785,7.617411188118767,11.665587525173787,7.0,4.0,0.22253732884665664
09-13,6.966620845391907,1.7761972042606031,-0.1076382432491529,3.783977976779537,-16.999994005475724,-16.6311315091832,17.3374553586411,0.7880923991823453,-16.250683783929883,5.506740192518189,11.665587525173787,7.0,4.0,-0.1967978218082261
09-14,6.966620845391907,-2.54984307923358,-0.1076382432491529,1.8001461553225084,-16.129030077016047,-16.6311315091832,19.94818435226932,0.8318762381272977,-22.06816760647573,3.632096912531024,11.665587525173787,6.0,5.0,-1.149208953303806
09-15,3.9671005892479982,-3.503035989468513,-1.0046601035716969,1.8001461553225084,-16.129030077016047,-14.570015557024435,18.44559381694868,0.8318762381272977,-24.912488972097073,1.9081674781712656,11.795208117319614,6.0,5.0,-1.942830754912764
09-16,3.9671005892479982,-0.4988689984473057,-1.7715103898093796,1.8001461553225084,-16.341725487290066,-19.545131909360407,19.39746332713983,1.1383547598285657,-24.912488972097073,1.9081674781712656,11.795208117319614,6.0,5.0,-2.0966623027249494
09-17,2.981420969201632,0.9812636601509698,-1.7715103898093796,1.8001461553225084,-17.26339207597698,-24.041291846063746,19.39746332713983,1.1383547598285657,-24.912488972097073,1.9081674781712656,11.795208117319614,7.0,4.0,-2.544241710619344
09-18,3.5661923142326697,2.929602324913617,-1.9161268603372568,-0.7102823703088493,-17.26339207597698,-27.653212089824713,20.984452835021848,1.1383547598285657,-25.670954974107236,1.9081674781712656,10.887882514248869,6.0,5.0,-2.890846922194382
09-19,6.000001089913504,2.929602324913617,-3.868400942613631,-0.936680385903286,-28.23436971691436,-25.18684496812425,20.984452835021848,1.1383547598285657,-19.27231017760788,2.802630935442449,16.461438182869117,6.0,5.0,-2.4711023693794827
09-20,6.000001089913504,2.929602324913617,-1.1207500638196373,-0.936680385903286,-26.920058027643105,-25.18684496812425,18.75647189111549,-3.1753088778716854,-20.367178284020948,4.52675160142716,16.461438182869117,5.0,6.0,-2.639323228831275
09-21,5.238097054617746,7.732628211495222,-2.9284145712609866,-0.936680385903286,-26.820666517504144,-25.18684496812425,20.96774100513042,0.9296192580912024,-20.367178284020948,5.937684981137881,16.461438182869117,6.0,5.0,-1.7247796394065489
09-22,6.965871031484183,12.319789296715793,-1.3738288872434234,-0.936680385903286,-26.820666517504144,-25.18684496812425,19.728917119095442,2.2133687322827242,-17.696638544345753,5.660372265889813,16.461438182869117,6.0,5.0,-0.7877184249803442
09-23,8.040664603486535,12.244014291401308,-5.255261103432712,-0.936680385903286,-22.552850881189066,-33.57256818942497,19.477907358966554,0.5312122108137801,-24.628205999559075,5.660372265889813,13.998702557948539,6.0,5.0,-2.4538812064547786
09-24,8.040664603486535,11.741425255795667,-5.255261103432712,-0.936680385903286,-24.107851265826856,-30.794432572765697,22.705076769852862,2.134145429690109,-24.628205999559075,6.544804026665095,13.998702557948539,6.0,5.0,-1.8688738803680744
09-25,8.040664603486535,11.624832655556846,-4.3918922789036365,-1.236417823540169,-25.019831661731033,-38.74891354872066,23.56349288506433,2.134145429690109,-24.74717417951385,7.615695725259553,13.998702557948539,6.0,5.0,-2.469699603218494
09-26,8.040664603486535,11.624832655556846,-4.279284245929987,-1.5407735362945283,-29.290430893193907,-42.55319418762545,23.56349288506433,4.834489317351922,-28.553842397836537,8.523054033864403,12.24886782852998,6.0,5.0,-3.3983749033660353
09-27,8.040664603486535,7.8819862630579065,-4.9924923204872735,-1.5407735362945283,-30.41666348775228,-42.55319418762545,23.12891945886187,4.00696082591522,-27.094802457598238,6.440283292642111,12.24886782852998,6.0,5.0,-4.0772948833876494
09-28,8.040664603486535,7.521133415008942,-4.084665313792488,-1.5407735362945283,-30.41666348775228,-42.55319418762545,23.350988322471768,2.7360941573685524,-31.933838542091646,4.931669206587164,12.24886782852998,6.0,5.0,-4.699974321282132
09-29,5.637704934215861,10.852018650620076,-4.084665313792488,-1.5407735362945283,-30.41666348775228,-42.55319418762545,23.68801140037956,2.030004799515436,-35.11497554349952,4.534607508967441,13.415428435242365,6.0,5.0,-4.868408758183957
09-30,5.175595949510613,9.4874129139682,-1.2644522312533402,-1.5407735362945283,-30.41666348775228,-42.55319418762545,23.399135788342896,2.030004799515436,-35.36737542999965,4.534607508967441,11.471162817605062,6.0,5.0,-5.004049008637782
10-01,5.175595949510613,15.798839989063516,-1.2644522312533402,-1.5407735362945283,-41.43696531426479,-42.55319418762545,22.687865799098677,2.503292417062167,-35.36737542999965,6.0859215025901126,11.471162817605062,6.0,5.0,-5.312734747682512
10-02,5.175595949510613,11.918061082397285,-1.2644522312533402,-0.9716002490957378,-39.58048419692536,-42.55319418762545,22.7250896325273,2.503292417062167,-33.06352148112871,9.009547781984592,9.65651779211359,6.0,5.0,-5.13137706276664
10-03,10.58823627186906,11.918061082397285,-0.8636191551331218,1.1949275353545008,-40.73563499012213,-59.70149638791413,22.7250896325273,2.239790156472948,-38.411884124320714,8.293558021123545,9.65651779211359,7.0,4.0,-6.6451321968756245
10-04,10.58823627186906,15.782120399875472,-1.1183311001803242,3.005870900048292,-35.08385179379154,-50.439373172840064,24.217624341771888,2.8546315567097373,-33.76371607175817,10.058480869349411,9.65651779211359,7.0,4.0,-4.0219809097120605
10-05,10.58823627186906,8.640226144184028,-1.1913354318299156,3.5362785632929614,-34.313292587435896,-50.439373172840064,23.353298627965387,1.3357045827661955,-36.423840139430965,10.643278408758187,9.65651779211359,7.0,4.0,-4.964936449144312
10-06,9.498911689345693,6.606888075722909,-1.7792293203661336,3.921575145793736,-34.313292587435896,-57.46924337508522,23.46229949423093,1.6393395520054626,-35.17060820768174,10.643278408758187,9.65651779211359,7.0,4.0,-5.75486939387259
10-07,9.498911689345693,7.0142157131716525,0.8840169516617303,3.921575145793736,-34.313292587435896,-62.02531099827018,23.46229949423093,0.5376296304905065,-33.333337448432914,10.643278408758187,8.29553247783248,8.0,3.0,-5.94677104753219
10-08,9.498911689345693,7.5400496036498845,0.8840169516617303,3.921575145793736,-35.60844248842958,-45.149901790048354,22.656643032116307,0.5376296304905065,-33.333337448432914,11.520469140828693,8.29553247783248,8.0,3.0,-4.476077641381075
10-09,9.498911689345693,8.659212023471401,0.8840169516617303,9.34243761623227,-32.15579894022941,-49.498625518011615,22.656643032116307,0.5376296304905065,-33.26861104710417,10.233917900354976,5.832796852911903,8.0,3.0,-4.297951800796402
10-10,9.498911689345693,8.659212023471401,0.7787586313433352,10.37300218779328,-30.412850000673696,-49.498625518011615,22.656643032116307,0.4032264956023308,-30.851066190767966,12.833909248525655,5.832796852911903,8.0,3.0,-3.6114619589403074
10-11,9.498911689345693,4.236498448814062,2.3716816859962666,11.119002497983056,-30.412850000673696,-49.498625518011615,22.656643032116307,0.4032264956023308,-29.58776476430833,10.975606649314445,5.832796852911903,8.0,3.0,-3.8549884482645087
10-12,9.498911689345693,-1.8156485349555391,2.3716816859962666,11.994371476638033,-30.412850000673696,-49.498625518011615,22.656643032116307,1.37533877861319,-27.26046557840541,11.387279770130302,5.832796852911903,7.0,4.0,-3.9882333042085976
10-13,9.498911689345693,3.6312793106124417,1.876108625293833,11.994371476638033,-30.412850000673696,-49.498625518011615,23.558900166412574,1.37533877861319,-30.440676414360443,11.387279770130302,5.832796852911903,8.0,3.0,-3.745196842098889
10-14,9.498911689345693,4.958677179327458,-0.398401668132122,11.994371476638033,-29.44954266502809,-48.95168418271634,23.558900166412574,0.26619951576701983,-38.71665414467756,11.387279770130302,5.7031762607660745,7.0,4.0,-4.558978782015178
10-15,9.455337708738316,3.3057906244447297,-0.398401668132122,11.220543439378247,-26.651383379013463,-40.86206564863581,16.300765232068954,1.0998680379885448,-38.71665414467756,9.075143144867436,6.221646268049352,7.0,4.0,-4.540855489538488
10-16,9.455337708738316,3.879508842489216,-0.6519387946275358,11.220543439378247,-26.651383379013463,-40.86206564863581,16.300765232068954,1.0998680379885448,-40.44700578922257,9.017338351093725,5.24951654955571,7.0,4.0,-4.7626832227442435
10-17,9.455337708738316,3.879508842489216,-0.6884077225780801,11.809926516430421,-29.03370375043891,-40.86206564863581,16.300765232068954,2.243731804455896,-32.74094275040322,9.677420772520119,6.221646268049352,7.0,4.0,-3.976071157027612
10-18,9.455337708738316,3.149249378653539,-1.413041247312003,6.429070924643537,-29.03370375043891,-40.86206564863581,14.983532629638212,1.7157914540374284,-30.8270624738807,9.677420772520119,6.221646268049352,7.0,4.0,-4.591256725816991
10-19,12.287588272008685,1.916933268913525,0.1811635641959983,4.805011120334243,-27.770360310645728,-40.86206564863581,14.983532629638212,1.7157914540374284,-26.31233785502624,7.489758464264054,6.221646268049352,8.0,3.0,-4.122121706624207
10-20,10.37489543464392,0.5941460957626784,0.07254427996031719,4.805011120334243,-27.770360310645728,-39.65517439825208,17.552087006883344,3.2900442265424816,-22.924649984470825,8.876080276619414,6.221646268049352,8.0,3.0,-3.505793634961172
10-21,9.503052547619902,-0.5898328283417457,4.040403637767709,4.805011120334243,-31.90921359767302,-40.86957185164742,17.604171530239913,6.807605619331435,-24.193548387096772,8.876080276619414,6.027221560480628,7.0,4.0,-3.627147306578702
10-22,9.590238499224297,0.0,4.040403637767709,4.805011120334243,-29.87477693575408,-40.86957185164742,17.302663937021002,6.807605619331435,-24.193548387096772,8.99135668770833,6.027221560480628,7.0,4.0,-3.3975814647846034
10-23,10.834051732444092,2.7503278229783783,5.886446118429147,7.101597454690911,-29.87477693575408,-38.695650515349016,18.115942315142178,6.807605619331435,-20.6451662125126,7.896258265772701,7.193782167193012,8.0,3.0,-2.0572347425121684
10-24,10.834051732444092,2.7503278229783783,5.607797820772735,6.636864890781663,-35.10686400048989,-38.695650515349016,18.115942315142178,6.807605619331435,-18.653844719572685,7.896258265772701,9.850942499682317,8.0,3.0,-2.1778698425914635
10-25,10.834051732444092,6.145252587215503,5.085333093104394,6.636864890781663,-35.63380480963495,-38.695650515349016,18.115942315142178,8.414375489287352,-16.289309526582862,7.896258265772701,9.850942499682317,8.0,3.0,-1.6036130889215128
10-26,10.834051732444092,5.068137350549728,2.7401977463382443,5.235602163951962,-41.965596305123675,-38.695650515349016,19.817536432486527,7.949256621947608,-12.353304101459162,7.204610792602828,9.850942499682317,8.0,3.0,-2.210383234720777
10-27,10.834051732444092,0.4674908930792914,3.720289005032233,5.235602163951962,-41.965596305123675,-38.695650515349016,17.944786936182712,7.754236839516901,-10.789626230952669,7.204610792602828,10.369412506965594,8.0,3.0,-2.538217471059068
10-28,10.834051732444092,1.2324730431985678,3.720289005032233,5.235602163951962,-41.965596305123675,-34.086957185164735,16.597513739488438,7.754236839516901,-7.863839044857166,7.204610792602828,10.369412506965594,8.0,3.0,-1.9062002465404504
10-29,15.17627107441866,4.29219574010245,3.720289005032233,5.235602163951962,-43.019793556901035,-34.52174145242442,16.597513739488438,9.253852999311716,-7.863839044857166,5.302593983090229,13.415428435242365,8.0,3.0,-1.1283297194131434
10-30,15.17627107441866,4.05461125007408,3.720289005032233,4.746941434942667,-43.353173795981434,-34.52174145242442,19.073984677665294,9.253852999311716,-7.335680357041317,4.682078044299441,14.906028161019282,8.0,3.0,-0.8724126326076184
10-31,14.736386937579418,4.05461125007408,3.720289005032233,4.746941434942667,-49.04590267268834,-32.956521407417625,19.073984677665294,7.253021207665744,-6.242841980199404,6.069360019457163,14.906028161019282,8.0,3.0,-1.2440584878972258
11-01,14.736386937579418,9.226311688858964,0.5167120989697755,1.6690316615810812,-49.354000252144594,-32.956521407417625,20.080526201660785,7.253021207665744,-7.968125457296884,4.624273250525733,14.906028161019282,8.0,3.0,-1.5696687189998468
11-02,14.736386937579418,6.5784035894454576,2.975986370810251,1.6690316615810812,-53.397024333678296,-32.956521407417625,22.49623065881854,7.253021207665744,-7.296374354705564,3.930626750378328,14.906028161019282,8.0,3.0,-1.73674588713667
11-03,14.736386937579418,5.500413179983978,4.288109448199895,1.6690316615810812,-53.397024333678296,-28.69565383247707,26.37141672609333,9.587324964586044,-6.449801589742465,4.5376163992105925,8.101101589613737,8.0,3.0,-1.2500980771863408
11-04,8.056867753759555,2.6733553998321318,4.288109448199895,1.6690316615810812,-48.67303610416553,-26.52174078899881,22.970192824526663,11.370145602855546,-4.5154168596596795,4.5376163992105925,9.65651779211359,8.0,3.0,-1.3171233518859071
11-05,6.548895348435876,3.1328320103127485,4.288109448199895,1.5269897283586031,-53.34394456297318,-40.6551080973288,23.049280680849066,11.803010397029722,-4.5154168596596795,3.159099608736073,6.221646268049352,8.0,3.0,-3.525873275453665
11-06,7.8980839204268705,3.895560130136038,4.991623960055711,1.5269897283586031,-49.05857086323583,-40.6551080973288,22.93059545951018,11.803010397029722,-4.625551539900452,2.125209277010785,6.221646268049352,8.0,3.0,-2.9951373963534382
11-07,7.8980839204268705,3.895560130136038,5.1926335832524435,-0.7630780558850369,-48.21143036486878,-38.72831849487777,22.93059545951018,11.803010397029722,-8.810574861859012,2.642154442873429,5.24951654955571,7.0,4.0,-3.3547133904278366
11-08,7.8980839204268705,2.4450819136311717,5.1926335832524435,2.3705310602542005,-42.56966128616519,-38.72831849487777,20.359901472943797,11.730922073227012,-11.851018413342054,2.0737361618345704,5.24951654955571,8.0,3.0,-3.2571446781144764
11-09,8.237786367551196,4.59863354132845,6.9011706519815945,-0.6199856886248497,-42.56966128616519,-38.72831849487777,10.231370696183204,7.664088933918109,-7.392784560119858,0.5753652413679575,5.24951654955571,7.0,4.0,-4.168438004354677
11-10,8.237786367551196,5.499388306417838,6.9011706519815945,-0.6199856886248497,-42.56966128616519,-38.72831849487777,12.780491898699506,9.327461835083213,-11.0535404923946,-0.11587750578475847,-0.3240391190645364,5.0,6.0,-4.605920320652578
11-11,8.237786367551196,4.5916336452260325,3.4734281632504875,-0.6199856886248497,-44.37564888485549,-38.824659812523066,9.999996278344133,8.598209175356994,-14.616761752661873,-0.11587750578475847,-0.3240391190645364,5.0,6.0,-5.815992648525975
11-12,8.237786367551196,6.199996948242188,3.4734281632504875,-0.6199856886248497,-43.634497945292,-27.522120390999714,10.366439933737569,11.06264506003119,-14.616761752661873,-1.3904969173555572,2.1386903252060256,6.0,5.0,-4.2095341724468485
11-13,10.021226239740203,4.011459394164247,3.4734281632504875,-5.873382745448751,-39.273266947347864,-25.443261999112774,9.844813792553552,11.06264506003119,-14.616761752661873,-0.4055602195594731,2.9164015167809594,6.0,5.0,-4.025659954328192
11-14,10.515201600626332,4.011459394164247,7.314563896734103,-6.178493065056231,-37.455831783592465,-29.105835486134172,9.844813792553552,11.06264506003119,-14.379085485824818,-0.4055602195594731,1.4257956103540228,6.0,5.0,-3.9409387896094303
11-15,10.515201600626332,3.2337327288529463,8.138738911162031,-6.8714048673781285,-38.999486116079346,-24.77953640327876,7.613974482414329,10.673039585952678,-8.070978264631478,-0.4055602195594731,1.4257956103540228,6.0,5.0,-3.4114984501422594
11-16,11.528714134516404,4.547287930658784,5.510418563656634,-9.451576786104829,-40.72350907193149,-24.77953640327876,8.24940618337716,10.744126326140536,-9.482251949539924,-3.992848920603264,1.4257956103540228,6.0,5.0,-4.220361307523157
11-17,10.55743229637362,6.779662060627668,1.935254171653994,-10.396232413987294,-40.72350907193149,-27.7777740400772,10.743403981464414,12.524457734422114,-9.540426635817699,-3.992848920603264,0.0,5.0,6.0,-4.535507348897738
11-18,7.593859411646429,7.927570182945049,1.935254171653994,-10.396232413987294,-40.72350907193149,-31.847134421222076,8.829265687523819,12.003145436347475,-7.415853885567138,-3.992848920603264,0.0,5.0,6.0,-5.098771256654045
11-19,7.1581658026369155,11.349208427634814,1.935254171653994,-9.45468759926313,-40.72350907193149,-30.540533992302212,6.059137425352907,11.269841534150093,-7.415853885567138,-2.97973766114282,0.0,5.0,6.0,-4.849337713525278
11-20,10.80154507503042,11.454615307504977,1.935254171653994,-10.407594432625308,-46.87161918870817,-25.15283984642928,5.876643918670433,11.269841534150093,-4.506554348172606,-4.5289856533055115,0.0,5.0,5.0,-4.5572448602028155
11-21,10.80154507503042,11.454615307504977,1.935254171653994,-8.125972816425033,-48.002097481758355,-32.073727372209845,5.876643918670433,11.626984985987802,-3.6785490420133744,-4.5289856533055115,0.0,5.0,5.0,-4.9740262642604085
11-22,10.80154507503042,10.741177699729947,1.935254171653994,-8.125972816425033,-37.86312524012074,-32.073727372209845,5.876643918670433,10.220127071102038,-2.0373548884956656,-5.434780480405389,0.0,5.0,5.0,-4.17820116922453
11-23,11.401628187359028,14.506539491945214,2.7903705438844195,-5.832037480736482,-37.86312524012074,-32.073727372209845,6.265181670555781,6.889525017329812,-3.323781652421852,-3.0797116263844835,0.0,5.0,5.0,-3.6653762237090137
11-24,11.401628187359028,17.303977009854858,2.7903705438844195,-5.832037480736482,-37.86312524012074,-29.67741198289539,7.919846946185466,5.3460383466409045,1.535838788028577,-2.032278313753272,0.0,6.0,4.0,-2.6461048359593304
11-25,11.401628187359028,17.780341418323147,2.7903705438844195,-5.832037480736482,-38.897094171655176,-29.67741198289539,7.166914924731753,6.162695113379103,3.1879179059188507,-2.032278313753272,0.0,6.0,4.0,-2.540813986858548
11-26,11.401628187359028,15.322586552167154,2.7903705438844195,-5.832037480736482,-40.83873248831666,-24.976957998778246,7.931869689936569,6.162695113379103,3.1879179059188507,-0.2390969313917672,0.0,6.0,4.0,-2.2808869915070935
11-27,12.301761031371186,16.191563342280933,2.7903705438844195,-5.6894530400733885,-41.75879208663082,-24.976957998778246,7.931869689936569,6.162695113379103,4.138701375008547,0.7692258207157704,0.0,7.0,3.0,-2.0126378371732656
11-28,12.301761031371186,16.191563342280933,3.858187670108381,-1.4057782808643362,-38.216557057199346,-23.317969069310585,7.931869689936569,6.162695113379103,4.138701375008547,0.119121242841479,0.0,7.0,3.0,-1.1124004493134605
11-29,12.301761031371186,14.785250735880634,3.858187670108381,-1.4057782808643362,-27.66064361334558,-17.678102454818106,7.931869689936569,4.912574032838476,1.6219184663892192,-0.7812564476180608,0.0,6.0,4.0,-0.19220174273832835
11-30,12.25889678398782,13.074871518572145,3.858187670108381,-1.4057782808643362,-27.66064361334558,-17.678102454818106,6.082725286654554,7.488620025771698,-1.92982407218924,0.2345982989358001,0.0,6.0,4.0,-0.5160408033806237
12-01,9.987140725784991,12.998860302984983,3.858187670108381,-1.4057782808643362,-27.66064361334558,-17.678102454818106,3.454983507698728,4.884209883840461,-1.4823164650067877,-4.741382195910312,0.0,5.0,5.0,-1.6168037199570526
12-02,8.315475955430013,12.998860302984983,4.191205253367838,-1.4057782808643362,-28.112451606534282,-17.678102454818106,5.9490094935169955,5.163726104092231,-1.7142813546316964,-4.741382195910312,0.0,5.0,5.0,-1.5485198893969692
12-03,7.243894297403643,12.770804907663953,4.191205253367838,-1.4057782808643362,-28.212855510585836,-10.290238241602358,5.993395119185883,8.542512328653302,-1.7142813546316964,-4.741382195910312,0.0,5.0,5.0,-0.6929748797563563
12-04,12.246555054543519,8.856233181927124,4.191205253367838,-1.4057782808643362,-26.60642177089085,-7.387864213215746,5.771047060445451,8.542512328653302,3.942860194614956,-4.4334933713174465,0.0,6.0,4.0,0.3378959488421643
12-05,14.500198157776998,8.856233181927124,7.724286057361178,-5.285996577607156,-21.19173455352322,-1.2313134980816216,5.771047060445451,8.542512328653302,7.142857142857142,-5.110837040663992,0.0,6.0,4.0,1.7924774781041095
12-06,14.500198157776998,9.690232345057089,8.767127761654589,-2.2674870953426534,-15.980862265789675,-1.2313134980816216,3.12204288773674,7.044540990774148,7.142857142857142,-4.3239895321176265,0.0,6.0,4.0,2.4057588085931934
12-07,14.500198157776998,9.809377246891508,8.767127761654589,-1.8759561844353487,-15.86997936288903,-1.2313134980816216,2.034060158896401,6.704597663377854,6.5714263916015625,-4.019487480788573,0.0,6.0,4.0,2.3081864412731217
12-08,14.500198157776998,12.568098652521314,4.33392301913711,-1.8759561844353487,-15.86997936288903,0.7915580782212572,2.442463294515042,7.923611192919822,14.098355615265882,-1.6666708295309351,0.0,7.0,3.0,3.3859637848638284
12-09,15.369575096128283,15.785499914788769,6.069060922524723,-1.8759561844353487,-14.722752927693524,0.7915580782212572,2.442463294515042,7.923611192919822,15.800748779914956,-1.6666708295309351,0.0,7.0,3.0,4.174285212486638
12-10,17.937054603910536,16.01208400459089,6.069060922524723,-1.8759561844353487,-18.870724938889737,0.7915580782212572,5.633801718416244,9.396242942676665,15.800748779914956,-0.17857552385673178,0.0,7.0,3.0,4.610481309370313
12-11,16.51234827950457,17.538003940156635,6.069060922524723,-2.071349911195252,-10.42913248382085,15.315315379817276,3.931546477682125,9.396242942676665,13.818960434724287,0.2974374696551716,0.0,8.0,2.0,6.398039404702304
12-12,16.51234827950457,17.538003940156635,2.397744324898136,0.7050112381402905,-11.319794192249505,12.21790351666095,3.931546477682125,9.396242942676665,14.619883456026587,-1.1466538174829628,0.0,8.0,2.0,5.8956578332739555
12-13,16.51234827950457,16.685206209003407,2.009871941315,0.630798038891793,-9.186746569764676,12.21790351666095,3.9778010035547076,8.956416435899856,17.86850864354548,-6.480307958042692,0.0,8.0,2.0,5.744709049142583
12-14,16.51234827950457,20.267263858880558,0.21598765949584614,-1.2620643869626564,-9.186746569764676,12.21790351666095,2.442463294515042,6.642062207563328,17.998939800884507,-9.125719835439757,0.0,7.0,3.0,5.156585256848883
12-15,9.000787518709524,21.38084675091238,0.2879766800888256,-1.450358147450182,-9.186746569764676,16.575875884894707,2.386749901264749,7.533971848823035,20.063521072719567,-11.54599130184321,0.0,7.0,3.0,5.00423942166861
12-16,9.000787518709524,21.168150313836204,0.2879766800888256,-1.450358147450182,-13.755018878634127,11.43969045439574,0.5917200945284959,5.801333233561058,17.531399115786062,-11.54599130184321,0.0,7.0,3.0,3.5517899166344
12-17,12.10264179832802,21.29802013508525,0.2879766800888256,-2.0081849303991515,-10.684802072053127,13.929960379100745,-0.699297634601933,3.0498323491398285,17.531399115786062,-11.54599130184321,0.0,6.0,4.0,3.932868592602847
12-18,12.10264179832802,21.73590097181397,0.8639300402664769,-2.4172612146995087,-8.159302053063012,11.750974194983867,0.0495797166287041,3.0498323491398285,16.766792923913453,-15.540541629011031,0.0,7.0,3.0,3.6547770089364335
12-19,12.10264179832802,21.73590097181397,-1.7998559670315692,-2.5046052107922354,-8.394693245074064,14.630350650821473,0.0495797166287041,4.123715478977586,15.619878427615493,-20.76271585973875,0.0,6.0,4.0,3.1636542510498757
12-20,12.10264179832802,21.290801060983934,-1.6918621372836458,-5.312383466562316,-7.020119484103883,14.630350650821473,1.0907253967393888,4.123715478977586,17.85909120408079,-13.964260123227856,0.0,6.0,4.0,3.9189727617048637
12-21,12.10264179832802,23.14848316312778,-1.6918621372836458,-6.3598982119444685,-9.109107790402428,14.630350650821473,1.0907253967393888,-0.26691002897167604,18.03097479335386,-15.48731485794072,0.0,5.0,5.0,3.2807347978025083
12-22,12.10264179832802,21.919304385591428,-1.6918621372836458,-6.3598982119444685,-9.109107790402428,14.630350650821473,1.0907253967393888,0.22133349589561208,18.866888050597407,-14.797608410053387,0.0,6.0,4.0,3.352069748026309
12-23,12.10264179832802,20.161289815115136,-2.1699833263926083,-6.3598982119444685,-9.109107790402428,14.630350650821473,0.7462667446939887,-0.0443862786376367,18.418141248661406,-14.797608410053387,0.0,5.0,5.0,3.0525187491081365
12-24,13.494156920652216,18.243238792608192,-2.1699833263926083,-6.3598982119444685,-10.547667323180217,9.727626170366156,8.442212750654608,-0.8050102873988748,18.418141248661406,-14.797608410053387,0.0,5.0,5.0,3.0586553021793663
12-26,13.494156920652216,19.00334257712952,0.1446618760598633,-6.3598982119444685,-11.508951855786878,9.727626170366156,8.442212750654608,-0.8050102873988748,22.38388788931871,-18.331049059368574,0.0,6.0,4.0,3.2900889790620256
12-27,13.494156920652216,19.00334257712952,0.1808290696215372,-6.5128393946485925,-18.540220870356592,9.727626170366156,8.442212750654608,1.4310491385458872,16.1604614624871,-31.01887253095519,0.0,7.0,3.0,1.1243404812269675
12-28,13.494156920652216,20.84537714649071,0.6837010716018241,-6.884995967026082,-18.540220870356592,9.727626170366156,8.442212750654608,4.092832023110948,13.507383398165505,-33.93416807238956,0.0,7.0,3.0,1.03944587011543
12-29,12.504761100034804,20.953761128841677,0.7916560397815671,-7.929344812499247,-18.540220870356592,9.727626170366156,3.5175822563282995,2.5316470976995444,11.575377431034966,-41.239666229762996,0.0,7.0,3.0,-0.5551655171392569
12-30,12.54288625846545,20.7764156818888,-0.6939391522329669,-7.929344812499247,-19.71230029491247,10.505839232631363,1.2345666899427294,-1.5021476091425034,11.575377431034966,-41.239666229762996,0.0,5.0,5.0,-1.3129375276897157
12-31,12.54288625846545,18.362194367500265,-0.6939391522329669,-7.929344812499247,-19.126265663477863,10.505839232631363,0.26069417942442225,-4.185016844324563,11.575377431034966,-43.38842838418414,0.0,5.0,5.0,-2.006909398878392
