,2009,2010,2011,2012,2013,2014,2015,2016,2017,2018,2019,2020,ups,downs,avg
01-02,-27.94117647058824,-110.0,36.92307692307693,-44.444444444444436,50.0,9.090909090909092,0.0,-16.666666666666664,60.0,0.0,33.33333333333333,-48.37209124897802,5.0,7.0,-4.839754956946503
01-03,-27.94117647058824,-114.28571428571428,36.92307692307693,-44.444444444444436,50.0,9.090909090909092,16.666666666666664,-16.666666666666664,60.0,0.0,16.666666666666664,-52.70270432815193,6.0,6.0,-5.557782237353852
01-04,-27.94117647058824,-114.28571428571428,41.53846153846154,-45.45454545454545,50.0,16.666666666666664,16.666666666666664,-16.666666666666664,60.0,-66.66666666666666,33.33333333333333,-47.74773923348989,6.0,6.0,-8.379781714378582
01-05,-27.94117647058824,-98.9795918367347,37.5,-73.91304347826086,37.5,16.666666666666664,16.666666666666664,-50.0,60.0,-83.33333333333334,50.0,-63.99999618530274,6.0,6.0,-14.986150664240546
01-06,-27.94117647058824,-68.42105263157895,44.0,-72.72727272727273,37.5,16.666666666666664,16.666666666666664,-28.57142857142857,60.0,-66.66666666666666,50.0,-63.99999618530274,6.0,6.0,-8.624521659958711
01-07,-27.94117647058824,-68.42105263157895,34.328358208955216,-80.95238095238095,37.5,16.666666666666664,16.666666666666664,-28.57142857142857,55.555555555555564,-66.66666666666666,50.0,-66.49999618530272,6.0,6.0,-10.69462119834183
01-08,-27.94117647058824,-46.788990825688074,36.231884057971016,-80.95238095238095,37.5,9.090909090909092,16.666666666666664,-28.57142857142857,55.555555555555564,-66.66666666666666,50.0,-55.50000190734863,6.0,6.0,-8.447969168583231
01-09,-28.698224852071014,-75.0,34.328358208955216,-80.95238095238095,37.5,9.090909090909092,16.666666666666664,-28.57142857142857,55.555555555555564,-16.666666666666664,50.0,-58.91087753330353,6.0,6.0,-7.138174087813681
01-10,-35.9375,-75.0,34.328358208955216,-66.66666666666666,37.5,9.090909090909092,0.0,-28.57142857142857,55.555555555555564,-16.666666666666664,33.33333333333333,-87.1476955540391,5.0,7.0,-11.681816772503982
01-11,-29.464285714285715,-75.0,34.328358208955216,-66.66666666666666,28.57142857142857,16.666666666666664,0.0,-28.57142857142857,37.5,0.0,20.0,-73.43904594006956,5.0,7.0,-11.339581120450006
01-12,-29.464285714285715,-75.0,37.142857142857146,-80.95238095238095,37.5,16.666666666666664,0.0,-28.57142857142857,44.444444444444436,-20.0,33.33333333333333,-86.17022032109605,5.0,7.0,-12.589251164324144
01-13,-19.047619047619047,-75.0,27.86885245901639,-63.63636363636363,37.5,16.666666666666664,0.0,-28.57142857142857,44.444444444444436,-40.0,20.0,-86.17022032109605,5.0,7.0,-13.828805667198319
01-14,-19.402985074626862,-87.5,31.666666666666664,-77.27272727272727,37.5,16.666666666666664,16.666666666666664,-14.285714285714285,50.0,-40.0,20.0,-86.17022032109605,6.0,6.0,-12.677637246180375
01-15,-26.984126984126984,-73.41772151898734,32.786885245901644,-50.0,50.0,16.666666666666664,16.666666666666664,0.0,44.444444444444436,-40.0,20.0,-102.02020547989193,6.0,6.0,-9.321449246610573
01-16,-19.402985074626862,-60.0,37.87878787878788,-50.0,37.5,0.0,16.666666666666664,12.5,44.444444444444436,-40.0,33.33333333333333,-109.9999957614475,6.0,6.0,-8.089979042736838
01-17,-31.147540983606557,-60.0,37.87878787878788,-50.0,37.5,0.0,16.666666666666664,0.0,44.444444444444436,-40.0,33.33333333333333,-91.2784831039915,5.0,7.0,-8.550232647030482
01-18,-33.33333333333333,-60.0,37.87878787878788,-69.56521739130434,25.0,0.0,16.666666666666664,0.0,55.555555555555564,-60.0,33.33333333333333,-98.21605250293665,5.0,7.0,-12.72335498276924
01-19,-33.33333333333333,-60.0,29.310344827586203,-45.83333333333333,37.5,0.0,16.666666666666664,0.0,44.444444444444436,-33.33333333333333,16.666666666666664,-150.0,5.0,7.0,-14.825989782886332
01-20,-33.33333333333333,-116.66666666666669,38.46153846153847,-52.0,37.5,0.0,16.666666666666664,25.0,40.0,-60.0,0.0,-150.0,5.0,7.0,-21.197649572649574
01-21,-42.857142857142854,-100.0,38.46153846153847,-52.0,37.5,0.0,16.666666666666664,25.0,50.0,-60.0,0.0,-150.0,5.0,7.0,-19.769078144078144
01-22,-31.147540983606557,-101.42857142857142,28.33333333333333,-52.0,37.5,-8.333333333333332,16.666666666666664,14.285714285714285,50.0,-60.0,0.0,-150.0,5.0,7.0,-21.343644288316415
01-23,-31.147540983606557,-128.57142857142858,28.33333333333333,-52.0,37.5,-16.666666666666664,28.57142857142857,0.0,50.0,-40.0,16.666666666666664,-142.42424242424244,5.0,7.0,-20.81153750620964
01-24,-42.857142857142854,-128.57142857142858,28.33333333333333,-44.0,37.5,-27.27272727272727,28.57142857142857,0.0,50.0,-40.0,0.0,-122.60579944461742,4.0,8.0,-21.741861353429517
01-25,-42.857142857142854,-128.57142857142858,33.33333333333333,-54.16666666666666,37.5,-9.090909090909092,28.57142857142857,0.0,40.0,-40.0,0.0,-140.96968679717094,4.0,8.0,-23.020922673213025
01-26,-42.857142857142854,-114.28571428571428,37.5,-68.18181818181817,37.5,-9.090909090909092,28.57142857142857,14.285714285714285,30.0,-40.0,0.0,-140.96968679717094,5.0,7.0,-22.29401069630104
01-27,-42.857142857142854,-100.0,37.5,-65.0,37.5,-9.090909090909092,28.57142857142857,14.285714285714285,33.33333333333333,-40.0,0.0,-140.96968679717094,5.0,7.0,-20.56060521289556
01-28,-35.714285714285715,-100.0,13.79310344827586,-83.33333333333334,37.5,-9.090909090909092,44.444444444444436,14.285714285714285,33.33333333333333,-16.666666666666664,0.0,-140.96968679717094,5.0,7.0,-20.20152384088316
01-29,-35.714285714285715,-123.07692307692308,13.79310344827586,-94.11764705882351,37.5,-18.181818181818183,33.33333333333333,14.285714285714285,33.33333333333333,-16.666666666666664,-20.0,-113.41462331558077,5.0,7.0,-24.07720663445343
01-30,-35.714285714285715,-93.33333333333331,23.07692307692308,-94.11764705882351,37.5,-40.0,40.0,14.285714285714285,33.33333333333333,-16.666666666666664,0.0,-95.24751057964701,5.0,7.0,-18.90695605473213
01-31,-35.714285714285715,-93.33333333333331,23.07692307692308,-88.23529411764706,28.57142857142857,-20.0,40.0,14.285714285714285,33.33333333333333,-40.0,-20.0,-95.74257139668337,5.0,7.0,-21.146507107879177
02-01,-35.714285714285715,-93.33333333333331,24.615384615384613,-45.45454545454545,28.57142857142857,-30.0,40.0,14.285714285714285,25.0,-60.0,0.0,-99.30691485614908,5.0,7.0,-19.278045990482173
02-02,-35.714285714285715,-93.33333333333331,24.615384615384613,-40.90909090909091,28.57142857142857,-30.0,40.0,14.285714285714285,12.5,-40.0,-25.0,-99.30691485614908,5.0,7.0,-20.357591445027627
02-03,-35.714285714285715,-93.33333333333331,20.8955223880597,-40.90909090909091,28.57142857142857,-30.0,40.0,25.0,33.33333333333333,-40.0,-25.0,-99.30691485614908,5.0,7.0,-18.03861171000312
02-04,-24.590163934426233,-93.33333333333331,-5.6603773584905674,-60.0,28.57142857142857,-30.0,33.33333333333333,14.285714285714285,30.0,-40.0,-25.0,-100.49504193239716,4.0,8.0,-22.74070336401427
02-05,-11.29032258064516,-70.58823529411767,21.428571428571427,-60.0,28.57142857142857,0.0,33.33333333333333,0.0,30.0,-40.0,-25.0,-101.69322785796673,4.0,8.0,-16.269871033283017
02-06,-11.29032258064516,-93.33333333333331,21.428571428571427,-60.0,0.0,0.0,33.33333333333333,0.0,30.0,-40.0,-25.0,-98.4236467642816,3.0,9.0,-20.27378315969628
02-07,-27.777777777777782,-61.111111111111114,21.428571428571427,-50.0,28.57142857142857,-20.0,40.0,0.0,30.0,-20.0,0.0,-98.4236467642816,4.0,8.0,-13.109377971097539
02-08,-27.777777777777782,-61.111111111111114,17.142857142857142,-57.894736842105274,14.285714285714285,-9.090909090909092,40.0,0.0,30.0,-20.0,-20.0,-86.48147253669681,4.0,8.0,-15.077286327502387
02-09,-27.777777777777782,-33.33333333333333,10.769230769230768,-66.66666666666666,0.0,-9.090909090909092,40.0,0.0,40.0,-20.0,0.0,-81.76894881161678,3.0,9.0,-12.32236707592274
02-10,-27.777777777777782,-38.888888888888886,3.2258064516129035,-66.66666666666666,0.0,-9.090909090909092,40.0,14.285714285714285,30.0,-20.0,0.0,-81.76894881161678,4.0,8.0,-13.056805874877668
02-11,-27.777777777777782,-38.888888888888886,14.0625,-20.0,0.0,-9.090909090909092,40.0,0.0,33.33333333333333,0.0,0.0,-78.61011779599323,3.0,9.0,-7.247655018352972
02-12,-27.777777777777782,-28.88888888888889,13.333333333333336,-30.434782608695656,16.666666666666664,-9.090909090909092,40.0,14.285714285714285,25.0,0.0,0.0,-54.47154232007247,5.0,7.0,-3.4481822000524667
02-13,-36.785714285714285,-54.66666666666666,18.75,-30.434782608695656,0.0,-9.090909090909092,22.222222222222218,14.285714285714285,25.0,0.0,-20.0,-52.357719353812,4.0,8.0,-10.256487958155098
02-14,-36.785714285714285,-54.66666666666666,18.75,-30.434782608695656,0.0,0.0,33.33333333333333,14.285714285714285,25.0,14.285714285714285,-20.0,-37.80488211461382,5.0,7.0,-6.169773647577379
02-15,-36.785714285714285,-54.66666666666666,14.0625,-63.157894736842096,0.0,-18.181818181818183,33.33333333333333,14.285714285714285,12.5,-16.666666666666664,0.0,-3.8461538461538463,4.0,8.0,-9.926947230401176
02-16,-36.785714285714285,-54.66666666666666,1.6666666666666667,-40.90909090909091,-14.285714285714285,-8.333333333333332,33.33333333333333,14.285714285714285,25.0,0.0,-25.0,-3.4482743501001947,4.0,8.0,-9.095256628742117
02-17,-36.785714285714285,-24.444444444444446,6.666666666666668,-55.00000000000001,0.0,-8.333333333333332,33.33333333333333,0.0,33.33333333333333,-40.0,0.0,-3.4482743501001947,3.0,9.0,-7.889869423354912
02-18,-6.25,-28.88888888888889,18.75,-50.0,0.0,-8.333333333333332,33.33333333333333,0.0,33.33333333333333,-40.0,0.0,-3.4482743501001947,3.0,9.0,-4.291985825471312
02-19,-6.25,-33.33333333333333,16.129032258064516,-30.434782608695656,0.0,-8.333333333333332,33.33333333333333,-16.666666666666664,33.33333333333333,-40.0,0.0,-5.6923059316781845,3.0,9.0,-4.826226912414667
02-20,-6.25,-27.777777777777782,18.75,-30.434782608695656,-14.285714285714285,0.0,40.0,-16.666666666666664,33.33333333333333,-40.0,-25.0,-8.616602256581974,3.0,9.0,-6.412350855175252
02-21,-6.25,-27.777777777777782,18.75,-30.434782608695656,0.0,-8.333333333333332,33.33333333333333,-16.666666666666664,33.33333333333333,-16.666666666666664,0.0,11.919998168945312,4.0,8.0,-0.7327135181273435
02-22,-25.925925925925927,-27.777777777777782,18.75,-13.043478260869565,-14.285714285714285,-8.333333333333332,33.33333333333333,-16.666666666666664,33.33333333333333,-16.666666666666664,0.0,2.620089045696825,4.0,8.0,-2.888567267049228
02-23,-25.925925925925927,-16.666666666666664,10.44776119402985,-16.666666666666664,0.0,-8.333333333333332,33.33333333333333,-16.666666666666664,33.33333333333333,-20.0,0.0,9.34959800302152,4.0,8.0,-1.482936116295102
02-24,-25.925925925925927,-11.111111111111109,25.71428571428571,-47.368421052631575,0.0,-8.333333333333332,33.33333333333333,-40.0,22.222222222222218,-40.0,0.0,9.34959800302152,4.0,8.0,-6.8432793458449295
02-25,-13.333333333333336,-5.5555555555555545,7.936507936507937,-44.444444444444436,0.0,-8.333333333333332,33.33333333333333,-16.666666666666664,22.222222222222218,-16.666666666666664,0.0,16.504062613757643,4.0,8.0,-2.0836561578482384
02-26,-16.666666666666664,-8.888888888888891,9.230769230769232,-52.941176470588246,28.57142857142857,-8.333333333333332,33.33333333333333,-16.666666666666664,22.222222222222218,-16.666666666666664,20.0,13.599998474121096,6.0,6.0,0.5661960949219988
02-27,-28.33333333333333,-12.222222222222221,11.940298507462686,-52.941176470588246,14.285714285714285,0.0,40.0,-16.666666666666664,22.222222222222218,-16.666666666666664,20.0,6.976739792378278,6.0,6.0,-0.9504242126416376
02-28,-20.3125,-12.222222222222221,11.940298507462686,-52.941176470588246,0.0,0.0,33.33333333333333,-16.666666666666664,22.222222222222218,-20.0,-45.45454545454545,8.333333333333332,4.0,8.0,-7.647326951472585
02-29,0.0,0.0,0.0,-58.82352941176471,0.0,0.0,0.0,-16.666666666666664,0.0,0.0,0.0,8.93617183604139,1.0,2.0,-5.5461686868658315
03-01,-18.461538461538463,-12.222222222222221,7.4626865671641776,-58.82352941176471,0.0,0.0,40.0,-16.666666666666664,22.222222222222218,-20.0,-34.408601116811575,8.858602914214313,4.0,8.0,-6.836587181283578
03-02,-18.461538461538463,-16.666666666666664,13.043478260869565,-68.75,0.0,-9.090909090909092,40.0,-16.666666666666664,22.222222222222218,-40.0,-4.712043714733788,8.858602914214313,4.0,8.0,-7.518626766934048
03-03,-18.461538461538463,-31.25,4.761904761904762,-25.0,14.285714285714285,-9.090909090909092,40.0,-16.666666666666664,22.222222222222218,-16.666666666666664,-4.712043714733788,6.303234970571754,5.0,7.0,-2.856229030008471
03-04,-18.461538461538463,-15.555555555555555,4.615384615384616,-25.0,14.285714285714285,-9.090909090909092,33.33333333333333,-40.0,22.222222222222218,-16.666666666666664,-4.712043714733788,9.540033282746894,5.0,7.0,-3.790835479166852
03-05,-18.461538461538463,-14.444444444444445,-35.714285714285715,-25.0,14.285714285714285,0.0,40.0,-16.666666666666664,22.222222222222218,-16.666666666666664,-4.712043714733788,-10.544215535581376,3.0,9.0,-5.475160391331719
03-06,-7.255520504731862,-8.421052631578947,-16.923076923076927,-25.0,-16.666666666666664,-9.090909090909092,40.0,-40.0,22.222222222222218,-16.666666666666664,0.0,11.929542020998552,3.0,9.0,-5.489344020034113
03-07,-7.255520504731862,-8.421052631578947,-16.923076923076927,-25.0,14.285714285714285,0.0,40.0,-40.0,22.222222222222218,-40.0,-3.8961064696895664,2.2222222222222223,4.0,8.0,-5.230466483243214
03-08,-13.333333333333336,-8.421052631578947,0.0,-22.222222222222218,0.0,8.333333333333332,45.45454545454545,-40.0,22.222222222222218,0.0,-28.534700903900585,1.7857126131349397,4.0,8.0,-2.8929579556499285
03-09,-13.333333333333336,-9.473684210526317,-21.21212121212121,-44.444444444444436,-16.666666666666664,8.333333333333332,45.45454545454545,-40.0,22.222222222222218,0.0,-54.2416410846807,1.7857126131349397,4.0,8.0,-10.131339777378061
03-10,-13.333333333333336,-9.473684210526317,-20.0,-50.0,0.0,8.333333333333332,45.45454545454545,-40.0,22.222222222222218,16.666666666666664,-54.2416410846807,-9.37500186264518,4.0,8.0,-8.645574401201488
03-11,-13.333333333333336,-8.421052631578947,-14.516129032258064,-50.0,0.0,8.333333333333332,45.45454545454545,-60.0,11.111111111111109,16.666666666666664,-54.2416410846807,-0.4464302820210845,4.0,8.0,-9.949410816517966
03-12,-21.428571428571427,-6.315789473684211,-6.153846153846153,-50.0,0.0,8.333333333333332,40.0,-16.666666666666664,11.111111111111109,16.666666666666664,-54.2416410846807,8.333333333333332,5.0,7.0,-5.863505863583727
03-13,-13.333333333333336,-18.823529411764707,-11.29032258064516,-50.0,-14.285714285714285,16.666666666666664,40.0,-40.0,11.111111111111109,0.0,-54.2416410846807,12.60162737153794,4.0,8.0,-10.132927962235208
03-14,-17.24137931034483,-18.823529411764707,-11.29032258064516,-50.0,-14.285714285714285,8.333333333333332,40.0,-40.0,0.0,0.0,-54.2416410846807,11.199996948242188,3.0,9.0,-12.195771365964513
03-15,-17.24137931034483,-18.823529411764707,-11.29032258064516,-22.222222222222218,-14.285714285714285,0.0,45.45454545454545,-20.0,-11.111111111111109,0.0,-54.2416410846807,9.387751988002233,2.0,10.0,-9.531135213661278
03-16,-17.24137931034483,-17.647058823529417,-4.838709677419356,-27.777777777777782,-14.285714285714285,8.333333333333332,45.45454545454545,-20.0,-11.111111111111109,0.0,-53.84615008412508,9.387751988002233,3.0,9.0,-8.631022524511735
03-17,-17.24137931034483,-15.294117647058822,-6.666666666666668,-22.222222222222218,-33.33333333333333,8.333333333333332,45.45454545454545,-16.666666666666664,-11.111111111111109,14.285714285714285,-50.0,9.387751988002233,4.0,8.0,-7.922845991317363
03-18,-17.24137931034483,-11.764705882352938,-17.1875,-46.66666666666666,-33.33333333333333,0.0,45.45454545454545,-16.666666666666664,-11.111111111111109,0.0,-50.0,20.0,2.0,10.0,-11.543068126327508
03-19,-17.24137931034483,-11.764705882352938,-11.666666666666664,-46.66666666666666,-33.33333333333333,0.0,40.0,-16.666666666666664,-11.111111111111109,0.0,-50.0,15.611817062576966,2.0,10.0,-11.903226047880436
03-20,-21.428571428571427,-45.33333333333333,-11.666666666666664,-40.0,-14.285714285714285,0.0,40.0,-16.666666666666664,-11.111111111111109,0.0,-33.33333333333333,12.173909726350205,2.0,10.0,-11.804290591587215
03-21,-20.714285714285715,-45.33333333333333,-11.666666666666664,-31.25,-14.285714285714285,0.0,40.0,-16.666666666666664,0.0,14.285714285714285,-41.17647058823529,26.083334287007645,3.0,9.0,-8.393674056848331
03-22,-20.714285714285715,-45.33333333333333,-15.0,-40.0,-33.33333333333333,0.0,40.0,-16.666666666666664,0.0,0.0,-41.17647058823529,33.05660463728995,2.0,10.0,-11.597290416547034
03-23,-20.714285714285715,-6.666666666666668,-11.666666666666664,-40.0,0.0,0.0,40.0,-16.666666666666664,11.111111111111109,14.285714285714285,-17.647058823529417,33.05660463728995,4.0,8.0,-1.2423262086416489
03-24,-14.285714285714285,-6.666666666666668,-16.666666666666664,-83.33333333333334,0.0,0.0,40.0,-16.666666666666664,0.0,28.57142857142857,-17.647058823529417,23.849055452166862,3.0,9.0,-5.2371352015818
03-25,-20.0,-6.666666666666668,-1.6666666666666667,-100.0,0.0,-9.090909090909092,33.33333333333333,-40.0,0.0,37.5,-17.647058823529417,29.056606652601708,3.0,9.0,-7.931780105153066
03-26,-19.642857142857142,-6.666666666666668,0.0,-100.0,-14.285714285714285,0.0,40.0,-40.0,0.0,37.5,-41.17647058823529,34.00000113028067,3.0,9.0,-9.189308962766056
03-27,-14.545454545454545,-5.333333333333334,0.0,-100.0,-14.285714285714285,-9.090909090909092,40.0,-40.0,0.0,37.5,-17.647058823529417,37.888197776655396,3.0,9.0,-7.1261893585237726
03-28,-21.818181818181817,-5.333333333333334,0.0,-160.0,0.0,0.0,40.0,-40.0,-11.111111111111109,37.5,-41.17647058823529,34.903224822013605,3.0,9.0,-13.919656002403993
03-29,-24.074074074074073,-5.333333333333334,-1.6666666666666667,-155.55555555555554,0.0,0.0,40.0,-60.0,-28.57142857142857,28.57142857142857,11.111111111111109,40.64705792595358,4.0,8.0,-12.90595504938041
03-30,-24.074074074074073,0.0,-10.0,-100.0,0.0,0.0,40.0,-16.666666666666664,-28.57142857142857,14.285714285714285,-20.0,40.64705792595358,3.0,9.0,-8.698283091708454
03-31,-12.962962962962964,20.0,3.333333333333333,-108.33333333333331,0.0,0.0,40.0,-14.285714285714285,-28.57142857142857,25.0,-20.0,40.64705792595358,5.0,7.0,-4.597753991179352
04-01,-3.4482758620689653,6.666666666666668,-16.071428571428573,-108.33333333333331,0.0,0.0,40.0,-14.285714285714285,-42.857142857142854,14.285714285714285,-20.0,50.0,4.0,8.0,-7.836959496442255
04-02,3.4482758620689653,6.666666666666668,-8.333333333333332,-108.33333333333331,0.0,-9.090909090909092,40.0,0.0,-42.857142857142854,14.285714285714285,-20.0,50.0,5.0,7.0,-6.184505150022392
04-03,-17.307692307692307,-37.25490196078432,8.450704225352112,-108.33333333333331,-14.285714285714285,0.0,30.0,0.0,-42.857142857142854,28.57142857142857,-25.0,46.07843204475313,4.0,8.0,-10.994851658594444
04-04,-17.307692307692307,-37.25490196078432,8.450704225352112,-100.0,-14.285714285714285,0.0,30.0,0.0,-42.857142857142854,28.57142857142857,-50.0,45.042842971980654,4.0,8.0,-12.470039636881035
04-05,-17.307692307692307,-37.25490196078432,15.492957746478872,-83.33333333333334,-14.285714285714285,8.333333333333332,30.0,0.0,-42.857142857142854,28.57142857142857,-25.0,40.13333638509115,5.0,7.0,-8.125644059027932
04-06,-17.307692307692307,-37.25490196078432,14.285714285714285,-66.66666666666666,-14.285714285714285,0.0,30.0,-16.666666666666664,-42.857142857142854,16.666666666666664,-28.20512507010423,40.13333638509115,4.0,8.0,-10.179849373108269
04-07,-7.6923076923076925,-37.25490196078432,8.571428571428571,-53.846153846153854,-14.285714285714285,0.0,30.0,0.0,-42.857142857142854,28.57142857142857,-17.647058823529417,45.0,4.0,8.0,-5.120035193564607
04-08,-7.6923076923076925,-37.25490196078432,-16.363636363636363,-100.0,-14.285714285714285,0.0,30.0,0.0,-28.57142857142857,16.666666666666664,-17.647058823529417,43.62499713897705,3.0,9.0,-10.960281990979743
04-09,-5.6603773584905674,-37.25490196078432,3.333333333333333,-100.0,-14.285714285714285,-10.0,0.0,-16.666666666666664,-28.57142857142857,16.666666666666664,-17.647058823529417,43.88888676961264,3.0,9.0,-13.849771741416767
04-10,-5.6603773584905674,-27.450980392156865,3.333333333333333,-80.0,-14.285714285714285,0.0,10.0,-16.666666666666664,-28.57142857142857,16.666666666666664,-4.384134442993471,43.88888676961264,4.0,8.0,-8.594201245653151
04-11,-5.6603773584905674,-27.450980392156865,3.333333333333333,-183.3333333333333,0.0,9.090909090909092,0.0,-16.666666666666664,-28.57142857142857,14.285714285714285,-4.384134442993471,34.838707216324345,4.0,8.0,-17.04318806989903
04-12,-5.6603773584905674,-27.450980392156865,3.333333333333333,-120.0,12.5,9.090909090909092,-11.111111111111109,-16.666666666666664,-14.285714285714285,28.57142857142857,-4.384134442993471,32.711524134186355,5.0,7.0,-9.445982427272963
04-13,-5.6603773584905674,-47.058823529411754,-16.071428571428573,-120.0,12.5,9.090909090909092,-11.111111111111109,-16.666666666666664,-14.285714285714285,16.666666666666664,-4.384134442993471,32.711524134186355,4.0,8.0,-13.689096339504529
04-14,-5.6603773584905674,-8.695652173913043,-8.333333333333332,-120.0,12.5,9.090909090909092,-11.111111111111109,-33.33333333333333,-28.57142857142857,16.666666666666664,-2.040814340536656,32.711524134186355,4.0,8.0,-12.231412527532036
04-15,-5.6603773584905674,-8.695652173913043,-24.074074074074073,-120.0,12.5,9.090909090909092,0.0,-16.666666666666664,-28.57142857142857,16.666666666666664,-2.040814340536656,34.62782843911166,4.0,8.0,-11.068634082368511
04-16,-3.3898305084745757,-8.695652173913043,0.0,-120.0,12.5,-9.090909090909092,10.0,-16.666666666666664,-28.57142857142857,16.666666666666664,18.36734852757068,35.225806697722405,5.0,7.0,-7.804555426619352
04-17,-16.9811320754717,-70.0,-1.9230769230769231,-100.0,0.0,-9.090909090909092,10.0,0.0,-28.57142857142857,16.666666666666664,18.36734852757068,43.611113230387375,4.0,8.0,-11.493451519688465
04-18,-19.230769230769234,-77.08333333333334,-1.9230769230769231,-100.0,14.285714285714285,9.090909090909092,0.0,0.0,-42.857142857142854,28.57142857142857,9.255902136057301,43.611113230387375,5.0,7.0,-11.356604585818815
04-19,-19.230769230769234,-77.08333333333334,-34.615384615384606,-90.0,12.5,9.090909090909092,0.0,0.0,-42.857142857142854,28.57142857142857,9.090909090909092,43.611113230387375,5.0,7.0,-13.410189171082996
04-20,-19.230769230769234,-56.25,-25.0,-80.0,12.5,9.090909090909092,0.0,0.0,-42.857142857142854,28.57142857142857,9.090909090909092,43.611113230387375,5.0,7.0,-10.039462675356498
04-21,-3.8461538461538463,-87.5,-19.230769230769234,-100.0,12.5,9.090909090909092,-11.111111111111109,0.0,-25.0,28.57142857142857,15.25423865796366,39.99999894036187,5.0,7.0,-11.772621577280916
04-22,-3.8461538461538463,-87.5,-20.754716981132077,-200.0,12.5,0.0,-11.111111111111109,-16.666666666666664,-25.0,28.57142857142857,15.25423865796366,26.719576669518233,4.0,8.0,-23.486117058846105
04-23,-3.8461538461538463,-87.5,-28.000000000000004,-200.0,25.0,0.0,0.0,-16.666666666666664,-25.0,28.57142857142857,15.25423865796366,32.044199273458254,4.0,8.0,-21.678579500830843
04-24,-3.8461538461538463,-87.5,-28.000000000000004,-316.66666666666663,25.0,-10.0,0.0,-40.0,-25.0,28.57142857142857,15.25423865796366,32.044199273458254,4.0,8.0,-34.17857950083083
04-25,-12.0,-80.0,-28.000000000000004,-130.0,0.0,-10.0,10.0,-40.0,-12.5,14.285714285714285,15.25423865796366,30.8600362128185,4.0,8.0,-20.1750009036253
04-26,-3.7037037037037033,-80.0,-20.0,-90.0,0.0,-20.0,10.0,-40.0,0.0,0.0,20.0,27.519147387027804,3.0,9.0,-16.348713026389653
04-27,-3.7037037037037033,-50.0,-28.000000000000004,-120.0,0.0,-20.0,10.0,-40.0,0.0,14.285714285714285,22.72024478919043,27.519147387027804,4.0,8.0,-15.598216436814267
04-28,-3.7037037037037033,-74.4186046511628,-30.434782608695656,-122.22222222222223,12.5,-20.0,10.0,0.0,0.0,14.285714285714285,23.195087185752605,23.394222003475928,5.0,7.0,-13.950357475903466
04-29,-12.0,-125.0,-33.33333333333333,-150.0,12.5,-10.0,10.0,-40.0,-50.0,14.285714285714285,23.195087185752605,22.36763470947993,5.0,7.0,-28.16540809603221
04-30,-18.51851851851852,-125.0,-42.22222222222222,-150.0,12.5,-20.0,10.0,14.285714285714285,-12.5,14.285714285714285,38.55606974860208,30.85106102359289,6.0,6.0,-20.64684844975977
05-01,-18.51851851851852,-125.0,-42.22222222222222,-150.0,-14.285714285714285,-20.0,10.0,14.285714285714285,-12.5,28.57142857142857,23.66412436029203,43.50156336145884,5.0,7.0,-21.875302037296773
05-02,-6.666666666666668,-109.30232558139534,-42.22222222222222,-187.5,12.5,-30.0,0.0,14.285714285714285,-12.5,37.5,36.90851886861136,43.18181818181818,5.0,7.0,-20.31793026117837
05-03,-10.344827586206897,-109.30232558139534,-37.77777777777778,-130.0,0.0,-20.0,0.0,14.285714285714285,-12.5,25.0,21.8750011641532,47.89495573464368,4.0,8.0,-17.572438313405733
05-04,-10.344827586206897,-109.30232558139534,-48.83720930232558,-20.0,0.0,-20.0,0.0,14.285714285714285,-12.5,25.0,26.470590297738518,47.89495573464368,4.0,8.0,-8.944425179319278
05-05,-10.344827586206897,-125.0,-63.414634146341456,-58.33333333333334,0.0,-20.0,10.0,28.57142857142857,-12.5,44.444444444444436,28.67332615198004,52.271780247993476,5.0,7.0,-10.46931797083626
05-06,3.571428571428571,-125.0,-100.0,-26.66666666666667,0.0,-20.0,10.0,-20.0,-12.5,44.444444444444436,28.67332615198004,44.14168966832057,5.0,7.0,-14.444648152541086
05-07,7.6923076923076925,-125.0,-85.29411764705883,-26.66666666666667,0.0,-20.0,10.0,0.0,-12.5,44.444444444444436,28.67332615198004,47.960034297335795,5.0,7.0,-10.890889310638123
05-08,-11.111111111111109,-50.0,-65.78947368421053,-20.0,0.0,-20.0,0.0,0.0,-12.5,44.444444444444436,25.373132203888744,49.74026205648675,3.0,9.0,-4.986895507541808
05-09,0.0,-50.0,-65.78947368421053,15.0,0.0,-20.0,-11.111111111111109,0.0,-12.5,33.33333333333333,30.555553715905976,49.79079417768653,4.0,8.0,-2.560075297366317
05-10,-7.142857142857142,-50.0,-71.05263157894737,-13.333333333333336,0.0,-20.0,0.0,0.0,-28.57142857142857,44.444444444444436,61.80555454374829,48.431457825793096,3.0,9.0,-2.951566151048379
05-11,-7.142857142857142,-50.0,-76.31578947368422,15.0,0.0,-20.0,0.0,0.0,-28.57142857142857,44.444444444444436,45.37444846009954,48.431457825793096,4.0,8.0,-2.3983103714694054
05-12,-14.285714285714285,-50.0,-86.4864864864865,20.0,0.0,-20.0,10.0,14.285714285714285,-28.57142857142857,44.444444444444436,45.2941187607788,49.5058024544224,6.0,6.0,-1.3177957831891185
05-13,-16.071428571428573,-33.33333333333333,-57.49999999999999,11.111111111111109,0.0,-20.0,0.0,14.285714285714285,-28.57142857142857,50.0,45.2941187607788,49.50537732852403,5.0,7.0,1.2266775841614803
05-14,-16.071428571428573,-50.0,-62.5,11.111111111111109,14.285714285714285,-10.0,0.0,28.57142857142857,-28.57142857142857,50.0,43.823531969195756,47.589285843530476,6.0,6.0,2.3531845531769218
05-15,-16.071428571428573,-50.0,-80.55555555555556,-11.111111111111109,-16.666666666666664,-10.0,-11.111111111111109,16.666666666666664,-28.57142857142857,40.0,47.67123515844384,51.99999906578843,4.0,8.0,-5.64578339136689
05-16,-13.214285714285715,-130.76923076923077,-80.55555555555556,-25.0,0.0,-37.5,0.0,16.666666666666664,-28.57142857142857,40.0,36.90851886861136,45.9307378144576,4.0,8.0,-14.67538143839708
05-17,-15.272727272727273,-130.76923076923077,-55.555555555555564,-17.647058823529417,-16.666666666666664,-57.14285714285714,-11.111111111111109,0.0,-28.57142857142857,50.0,45.000001362391885,49.879615839167954,3.0,9.0,-15.654751559295555
05-18,-15.272727272727273,-143.5897435897436,-62.5,-5.882352941176469,-40.0,-22.222222222222218,-11.111111111111109,16.666666666666664,-28.57142857142857,33.33333333333333,44.42856992994036,49.879615839167954,4.0,8.0,-15.403449994941745
05-19,-15.272727272727273,-137.5,-32.0,-5.882352941176469,-16.666666666666664,-22.222222222222218,-11.111111111111109,16.666666666666664,-50.0,33.33333333333333,42.113091869706224,54.8555378589185,4.0,8.0,-11.973870873773253
05-20,-13.20754716981132,-137.5,-51.16279069767442,-20.0,-16.666666666666664,-33.33333333333333,-22.222222222222218,16.666666666666664,-50.0,33.33333333333333,42.113091869706224,50.3325934004551,4.0,8.0,-16.803906234962223
05-21,-5.6603773584905674,-137.5,-44.1860465116279,-20.0,0.0,-50.0,0.0,16.666666666666664,-50.0,33.33333333333333,42.113091869706224,43.39622845213446,4.0,8.0,-14.319758629023148
05-22,-17.647058823529417,-137.5,-26.530612244897963,-20.0,-16.666666666666664,-50.0,0.0,0.0,-50.0,33.33333333333333,44.42856992994036,43.31797346412295,3.0,9.0,-16.438705083974785
05-23,-5.454545454545454,-137.5,-26.530612244897963,-12.5,-40.0,-33.33333333333333,0.0,0.0,-50.0,33.33333333333333,46.34482613925276,47.91666666666667,3.0,9.0,-14.810305407793667
05-24,-5.454545454545454,-137.5,-32.6530612244898,-12.5,-40.0,-22.222222222222218,-11.111111111111109,-20.0,-28.57142857142857,40.0,44.42856992994036,51.79329019327113,3.0,9.0,-14.482542371715471
05-25,-5.454545454545454,-112.5,-26.530612244897963,-12.5,-16.666666666666664,-22.222222222222218,-11.111111111111109,0.0,-28.57142857142857,33.33333333333333,51.127818470603984,51.79329019327113,3.0,9.0,-8.275178689471964
05-26,-5.454545454545454,-112.5,-20.0,-20.0,-16.666666666666664,-22.222222222222218,-11.111111111111109,-20.0,-80.0,22.222222222222218,49.67741812429121,51.79329019327113,3.0,9.0,-15.355134576230073
05-27,-5.454545454545454,-112.5,-28.000000000000004,-20.0,-16.666666666666664,-22.222222222222218,-37.5,-20.0,-28.57142857142857,22.222222222222218,49.67741812429121,52.500971054155094,3.0,9.0,-13.876187626182864
05-28,3.333333333333333,-66.66666666666666,-20.0,-20.0,-16.666666666666664,-50.0,-37.5,-20.0,-28.57142857142857,22.222222222222218,49.67741812429121,49.372216566956396,4.0,8.0,-11.233297638163226
05-29,3.333333333333333,-7.142857142857142,-20.0,-20.0,0.0,-33.33333333333333,-11.111111111111109,-20.0,-28.57142857142857,22.222222222222218,52.66272082498587,55.78357940740953,4.0,8.0,-0.5130728642315981
05-30,6.666666666666668,-41.509433962264154,-20.0,-7.142857142857142,-16.666666666666664,-22.222222222222218,-11.111111111111109,-20.0,-28.57142857142857,40.0,46.74556092810909,57.391626167014344,4.0,8.0,-1.3683221595633135
05-31,6.666666666666668,-41.509433962264154,-20.0,-14.285714285714285,-16.666666666666664,-22.222222222222218,0.0,-20.0,-80.0,30.0,49.70414087654748,51.822372871063,4.0,8.0,-6.3742380602158475
06-01,6.666666666666668,-41.509433962264154,-62.16216216216216,-7.142857142857142,0.0,-22.222222222222218,0.0,0.0,-50.0,33.33333333333333,51.484019532468785,51.822372871063,4.0,8.0,-3.3108569238311585
06-02,6.666666666666668,-15.384615384615385,-53.846153846153854,-7.142857142857142,0.0,-22.222222222222218,0.0,0.0,-50.0,22.222222222222218,50.0,49.72769343067443,4.0,8.0,-1.6649388563571066
06-03,6.666666666666668,-7.142857142857142,-53.846153846153854,0.0,0.0,-22.222222222222218,-11.111111111111109,-20.0,-50.0,22.222222222222218,50.0,49.31139896947717,4.0,8.0,-3.0101713719981893
06-04,6.666666666666668,0.0,-53.846153846153854,0.0,-16.666666666666664,-22.222222222222218,0.0,0.0,-28.57142857142857,22.222222222222218,50.0,49.42748238869346,4.0,8.0,0.5841583309259205
06-05,6.666666666666668,-4.166666666666666,-53.846153846153854,20.0,-16.666666666666664,-33.33333333333333,-11.111111111111109,0.0,-28.57142857142857,22.222222222222218,45.16129032258064,51.17540619800707,5.0,7.0,-0.20581456549030008
06-06,8.333333333333332,-7.142857142857142,-53.846153846153854,26.66666666666667,-16.666666666666664,-22.222222222222218,-11.111111111111109,0.0,-28.57142857142857,11.111111111111109,45.16129032258064,46.62983434729581,5.0,7.0,-0.13818364828766685
06-07,8.333333333333332,-7.142857142857142,-53.846153846153854,33.33333333333333,-60.0,-33.33333333333333,-11.111111111111109,0.0,-28.57142857142857,11.111111111111109,39.285714285714285,46.62983434729581,5.0,7.0,-4.609296466174682
06-08,8.333333333333332,-7.142857142857142,-53.846153846153854,47.058823529411754,-60.0,-20.0,-11.111111111111109,0.0,0.0,22.222222222222218,23.208190793017632,46.62983434729581,5.0,7.0,-0.3873098229034457
06-09,8.333333333333332,-7.142857142857142,-53.846153846153854,25.0,-14.285714285714285,-20.0,-11.111111111111109,-20.0,0.0,22.222222222222218,6.896551724137932,42.90975978717502,5.0,7.0,-1.751997443247323
06-10,10.0,-7.142857142857142,-57.894736842105274,25.0,-14.285714285714285,-20.0,0.0,-40.0,0.0,22.222222222222218,6.896551724137932,36.44859813084112,5.0,7.0,-3.2296613494562854
06-11,3.333333333333333,-17.1875,-60.0,25.0,-14.285714285714285,-33.33333333333333,0.0,-40.0,0.0,22.222222222222218,31.03448275862069,39.7363447842742,5.0,7.0,-3.623347043383097
06-12,3.333333333333333,-17.1875,-75.0,25.0,-33.33333333333333,-22.222222222222218,-11.111111111111109,-40.0,0.0,11.111111111111109,17.355374506315925,40.74074074074074,5.0,7.0,-8.442800581263795
06-13,13.333333333333336,0.0,-75.0,20.0,-16.666666666666664,-33.33333333333333,-11.111111111111109,-40.0,0.0,22.222222222222218,42.857142857142854,43.85321030922987,5.0,7.0,-2.820433532431901
06-14,13.333333333333336,0.0,-87.5,25.0,0.0,-33.33333333333333,-11.111111111111109,-40.0,0.0,22.222222222222218,42.857142857142854,41.66984194529494,5.0,7.0,-2.238492007204257
06-15,13.333333333333336,32.0,-69.04761904761905,20.0,0.0,-33.33333333333333,-11.111111111111109,-40.0,0.0,22.222222222222218,38.46153846153847,41.66984194529494,6.0,6.0,1.1829060391937904
06-16,13.333333333333336,27.142857142857146,-66.66666666666666,20.0,-40.0,-33.33333333333333,-11.111111111111109,-20.0,0.0,33.33333333333333,38.46153846153847,37.704916363888096,6.0,6.0,-0.09459437301339513
06-17,13.333333333333336,27.142857142857146,-66.66666666666666,14.285714285714285,-40.0,-33.33333333333333,-11.111111111111109,-40.0,0.0,33.33333333333333,38.46153846153847,42.307692307692314,6.0,6.0,-1.8538868538868516
06-18,13.333333333333336,27.142857142857146,-30.952380952380953,14.285714285714285,-40.0,-22.222222222222218,-11.111111111111109,-40.0,0.0,33.33333333333333,39.99999853280874,42.34234234234234,6.0,6.0,2.1793220570562397
06-19,11.666666666666664,27.142857142857146,-37.5,7.142857142857142,-40.0,-11.111111111111109,-12.5,-40.0,0.0,22.222222222222218,34.615384615384606,33.33333333333333,6.0,6.0,-0.4156491656491674
06-20,11.666666666666664,27.142857142857146,-37.5,28.57142857142857,-16.666666666666664,-22.222222222222218,-42.857142857142854,-40.0,0.0,33.33333333333333,31.571429116385325,34.7589710023556,6.0,6.0,0.6498878405829073
06-21,11.666666666666664,27.142857142857146,-50.0,64.70588235294117,-14.285714285714285,-22.222222222222218,-25.0,-20.0,0.0,22.222222222222218,30.579711657265488,34.80623106813179,6.0,6.0,4.967969550178998
06-22,11.666666666666664,27.142857142857146,-50.0,41.17647058823529,-14.285714285714285,-10.0,-25.0,-20.0,0.0,22.222222222222218,27.4242419535354,34.80623106813179,6.0,6.0,3.7627479463278526
06-23,11.666666666666664,27.142857142857146,-40.0,41.17647058823529,-14.285714285714285,-10.0,-25.0,-20.0,0.0,25.0,32.056739967921374,43.86092119755793,6.0,6.0,5.9681617731270125
06-24,11.666666666666664,1.4285714285714286,-122.22222222222223,33.33333333333333,-14.285714285714285,-10.0,-12.5,-20.0,0.0,25.0,32.056739967921374,45.63563963394382,6.0,6.0,-2.4905821231249923
06-25,11.666666666666664,1.4285714285714286,-100.0,33.33333333333333,-14.285714285714285,-22.222222222222218,-25.0,-20.0,0.0,25.0,32.056739967921374,45.48341663345296,6.0,6.0,-2.7116007064992305
06-26,1.6666666666666667,1.4285714285714286,-35.0,33.33333333333333,-33.33333333333333,-22.222222222222218,-11.111111111111109,-20.0,0.0,25.0,30.496454428369656,44.04332284085042,6.0,6.0,1.191806835927071
06-27,-10.416666666666668,-4.545454545454546,-35.0,37.5,0.0,-22.222222222222218,-25.0,-20.0,0.0,25.0,46.153847363069666,35.714285714285715,4.0,8.0,2.265315803584328
06-28,-10.416666666666668,-4.545454545454546,-32.5,37.5,0.0,-22.222222222222218,-25.0,-20.0,0.0,12.5,25.54053840713838,37.93103448275862,4.0,8.0,-0.10106421203720356
06-29,-10.416666666666668,24.24242424242424,-33.33333333333333,37.5,-33.33333333333333,-22.222222222222218,-25.0,-40.0,0.0,12.5,27.631578039264408,37.93103448275862,5.0,7.0,-2.0417098992590224
06-30,-8.333333333333332,27.27272727272727,-33.33333333333333,47.058823529411754,-33.33333333333333,-22.222222222222218,-12.5,-40.0,-14.285714285714285,-16.666666666666664,20.28985617416691,37.93103448275862,4.0,8.0,-4.0101801429615485
07-01,-8.333333333333332,27.27272727272727,-10.416666666666668,43.75,-33.33333333333333,-22.222222222222218,-12.5,-20.0,-14.285714285714285,0.0,20.28985617416691,47.862069360141106,4.0,8.0,1.5069485804804539
07-02,5.454545454545454,4.0,-4.166666666666666,43.75,-33.33333333333333,-22.222222222222218,-11.111111111111109,-50.0,-14.285714285714285,0.0,14.492753422878742,44.71594546870731,5.0,7.0,-1.8921502727430088
07-03,5.454545454545454,27.27272727272727,-38.888888888888886,62.5,-33.33333333333333,-11.111111111111109,-25.0,-20.0,-14.285714285714285,0.0,22.368418823648987,43.52573849505726,5.0,7.0,1.5418652022442796
07-05,5.454545454545454,17.24137931034483,-38.888888888888886,33.33333333333333,-16.666666666666664,-11.111111111111109,-25.0,-20.0,-14.285714285714285,0.0,23.17708037444384,37.586205581138884,5.0,7.0,-0.7633197415478848
07-06,5.454545454545454,17.24137931034483,-42.857142857142854,33.33333333333333,-16.666666666666664,-11.111111111111109,-25.0,-25.0,-14.285714285714285,0.0,24.24242424242424,37.586205581138884,5.0,7.0,-1.4218955832373483
07-07,9.090909090909092,13.79310344827586,-51.51515151515152,33.33333333333333,-16.666666666666664,-11.111111111111109,-25.0,-25.0,-14.285714285714285,-16.666666666666664,26.470588235294123,38.65516925680226,5.0,7.0,-3.2418505733912983
07-08,1.818181818181818,24.561403508771928,-53.33333333333334,33.33333333333333,-16.666666666666664,-11.111111111111109,-11.111111111111109,-75.0,-14.285714285714285,0.0,26.470588235294123,39.39285959516253,5.0,7.0,-4.660964168099398
07-09,9.090909090909092,29.824561403508767,-50.0,33.33333333333333,-16.666666666666664,-11.111111111111109,-25.0,-25.0,-14.285714285714285,0.0,23.882355409509998,38.87272921475497,5.0,7.0,-0.5883003009563256
07-10,1.818181818181818,33.33333333333333,-50.0,40.0,-33.33333333333333,-11.111111111111109,-11.111111111111109,-25.0,-14.285714285714285,0.0,23.41176201315487,31.63636641068892,5.0,7.0,-1.2201355221592418
07-11,-5.882352941176469,27.27272727272727,-50.0,46.66666666666666,-16.666666666666664,-25.0,-11.111111111111109,-25.0,14.285714285714285,12.5,27.783898444091342,13.851482928715873,6.0,6.0,0.7250299065800988
07-12,-5.882352941176469,27.27272727272727,-50.0,46.66666666666666,-33.33333333333333,-25.0,-11.111111111111109,-75.0,-14.285714285714285,0.0,30.71037795730249,13.851482928715873,4.0,8.0,-8.009271403826911
07-13,-5.882352941176469,27.27272727272727,-50.0,33.33333333333333,-33.33333333333333,-11.111111111111109,-11.111111111111109,-75.0,-14.285714285714285,0.0,30.054640850406535,13.851482928715873,4.0,8.0,-8.017619866438608
07-14,-17.647058823529417,12.244897959183671,-59.25925925925925,-33.33333333333333,-14.285714285714285,-11.111111111111109,-11.111111111111109,-75.0,-33.33333333333333,0.0,30.054640850406535,15.35205773857728,3.0,9.0,-16.452443725768692
07-15,-26.08695652173913,18.367346938775512,-36.66666666666666,-33.33333333333333,-14.285714285714285,-11.111111111111109,-11.111111111111109,-75.0,-14.285714285714285,-33.33333333333333,30.054640850406535,1.0721658922962307,3.0,9.0,-17.143315580603748
07-16,-21.73913043478261,18.367346938775512,-16.666666666666664,-33.33333333333333,0.0,-11.111111111111109,-11.111111111111109,-25.0,-14.285714285714285,-33.33333333333333,25.68305492643158,15.696785029621227,3.0,9.0,-8.902767781768675
07-17,-20.37037037037037,0.0,-16.666666666666664,20.0,0.0,-11.111111111111109,-11.111111111111109,-25.0,-14.285714285714285,-50.0,23.38797244662811,13.752243702856045,3.0,9.0,-7.617063116290782
07-18,-3.8461538461538463,11.111111111111109,-16.666666666666664,0.0,0.0,-11.111111111111109,-12.5,-25.0,-14.285714285714285,-28.57142857142857,27.567569629566087,17.055655062613425,3.0,9.0,-4.6872282231486535
07-19,0.0,11.111111111111109,-13.333333333333336,-42.857142857142854,0.0,-11.111111111111109,-28.57142857142857,-50.0,-14.285714285714285,-28.57142857142857,15.294119890998392,17.49999863760812,3.0,9.0,-12.068744090870089
07-20,0.0,-33.33333333333333,-26.66666666666667,6.25,-16.666666666666664,-11.111111111111109,-28.57142857142857,-50.0,0.0,-28.57142857142857,20.000002119276253,17.49999863760812,3.0,9.0,-12.59755284697921
07-21,-11.111111111111109,7.6923076923076925,-8.571428571428571,-33.33333333333333,-16.666666666666664,-11.111111111111109,-28.57142857142857,-50.0,-16.666666666666664,-50.0,20.000002119276253,14.642858505249025,3.0,9.0,-15.308048142909419
07-22,-19.148936170212764,-17.647058823529417,-23.33333333333333,-42.857142857142854,-16.666666666666664,-11.111111111111109,-42.857142857142854,-75.0,-16.666666666666664,-50.0,20.000002119276253,9.384734496776373,2.0,10.0,-23.82527682247942
07-23,-27.27272727272727,-17.647058823529417,-33.33333333333333,-42.857142857142854,-16.666666666666664,-11.111111111111109,-25.0,-75.0,-16.666666666666664,-50.0,24.33333396911621,5.1020408163265305,2.0,10.0,-23.84327766214455
07-24,-24.444444444444446,-17.647058823529417,-33.33333333333333,-42.857142857142854,0.0,-11.111111111111109,-28.57142857142857,-75.0,-16.666666666666664,-50.0,24.444442325168186,7.628867552452482,2.0,10.0,-22.296489660836304
07-25,-21.73913043478261,-20.0,-33.33333333333333,-38.46153846153847,0.0,-11.111111111111109,-12.5,-75.0,-16.666666666666664,-66.66666666666666,26.038497716544214,0.0,1.0,11.0,-22.45332907979622
07-26,-21.73913043478261,-20.0,-33.33333333333333,-23.07692307692308,0.0,11.111111111111109,-28.57142857142857,-75.0,-16.666666666666664,-66.66666666666666,32.192514503498806,5.769230769230768,3.0,9.0,-19.665107697163354
07-27,-21.73913043478261,-20.0,-20.0,-41.66666666666667,14.285714285714285,0.0,-28.57142857142857,-20.0,-16.666666666666664,-66.66666666666666,30.0,5.769230769230768,3.0,9.0,-15.437967829272175
07-28,-21.73913043478261,22.0,-33.33333333333333,-54.54545454545454,14.285714285714285,0.0,-42.857142857142854,-20.0,-16.666666666666664,-50.0,28.934012904520067,11.1538446866549,4.0,8.0,-13.56401299670756
07-29,-22.222222222222218,20.0,-66.66666666666666,-54.54545454545454,14.285714285714285,12.5,-28.57142857142857,-20.0,0.0,-80.0,28.934012904520067,2.2745095047296258,5.0,7.0,-16.167627942567332
07-30,-17.777777777777782,2.4390243902439024,-53.57142857142857,-54.54545454545454,28.57142857142857,-12.5,-12.5,-20.0,0.0,-80.0,28.934012904520067,8.034262577182666,4.0,8.0,-15.242994370940476
07-31,-32.5,0.0,-59.25925925925925,-54.54545454545454,14.285714285714285,-33.33333333333333,-42.857142857142854,-20.0,0.0,-80.0,34.439026437154624,14.170040048142404,3.0,9.0,-21.63336743534822
08-01,-24.39024390243902,6.9767441860465125,-59.25925925925925,-25.0,14.285714285714285,-14.285714285714285,-42.857142857142854,-20.0,0.0,-80.0,23.913041900822225,14.059402919051669,4.0,8.0,-17.21312141774339
08-02,-21.428571428571427,6.9767441860465125,-59.25925925925925,-60.0,37.5,-28.57142857142857,-25.0,-20.0,0.0,-80.0,21.1956505401373,22.499997275216238,4.0,8.0,-17.1739056048216
08-03,-21.428571428571427,6.9767441860465125,-68.96551724137932,-60.0,37.5,-12.5,-25.0,0.0,-16.666666666666664,-100.0,30.0,22.499997275216238,4.0,8.0,-17.298667822946218
08-04,-30.952380952380953,6.9767441860465125,-68.96551724137932,-60.0,28.57142857142857,-12.5,-25.0,0.0,0.0,-50.0,26.315789473684212,14.285714285714285,4.0,8.0,-14.272351806407226
08-05,-34.14634146341464,6.9767441860465125,-72.41379310344827,-60.0,28.57142857142857,-12.5,-12.5,0.0,28.57142857142857,-28.57142857142857,26.315789473684212,5.709089799360796,5.0,7.0,-10.332256878028565
08-06,-37.5,6.9767441860465125,-72.41379310344827,-60.0,14.285714285714285,-12.5,-14.285714285714285,0.0,28.57142857142857,-28.57142857142857,15.999999799226464,16.130078323488313,5.0,7.0,-11.942247566223914
08-07,-50.0,-45.714285714285715,-117.3913043478261,-50.0,25.0,0.0,-14.285714285714285,0.0,28.57142857142857,-28.57142857142857,22.422420645035164,20.991998291015626,4.0,8.0,-17.414740450981277
08-08,-50.0,-50.0,-117.3913043478261,-50.0,25.0,-12.5,-12.5,0.0,0.0,-50.0,19.52381134033203,10.666669209798178,3.0,9.0,-23.933401983141326
08-09,-66.66666666666666,-50.0,-117.3913043478261,-55.555555555555564,25.0,-12.5,-28.57142857142857,0.0,0.0,-66.66666666666666,23.181819915771484,14.92063734266493,3.0,9.0,-27.854097045808924
08-10,-66.66666666666666,-105.88235294117649,-108.33333333333331,-55.555555555555564,25.0,-12.5,-28.57142857142857,0.0,28.57142857142857,-66.66666666666666,30.73770539858624,14.92063734266493,4.0,8.0,-28.745519368512287
08-11,-66.66666666666666,-39.473684210526315,-68.18181818181817,-55.555555555555564,25.0,-12.5,-28.57142857142857,-20.0,0.0,-50.0,30.964052554935613,14.31746104406932,3.0,9.0,-22.555636632249193
08-12,-66.66666666666666,-71.05263157894737,-77.27272727272727,-55.555555555555564,25.0,-12.5,-66.66666666666666,-20.0,0.0,-50.0,30.964052554935613,21.737702166447875,3.0,9.0,-28.50104108493166
08-13,-50.0,-59.09090909090909,-44.444444444444436,-55.555555555555564,25.0,-12.5,-50.0,0.0,0.0,-50.0,28.431369340772616,14.295083968365779,3.0,9.0,-21.15537131514756
08-14,-50.0,-70.45454545454545,-77.27272727272727,-55.555555555555564,14.285714285714285,-12.5,-28.57142857142857,0.0,0.0,-50.0,26.08695652173913,14.098358154296875,3.0,9.0,-24.15693565770888
08-15,-50.0,-97.36842105263158,-77.27272727272727,-66.66666666666666,14.285714285714285,-12.5,-28.57142857142857,0.0,0.0,-80.0,22.5,9.344263545802383,3.0,9.0,-30.520772144328124
08-16,-53.846153846153854,-97.36842105263158,-77.27272727272727,-66.66666666666666,14.285714285714285,-12.5,-28.57142857142857,0.0,-16.666666666666664,-80.0,26.190476190476193,5.4377570623595375,3.0,9.0,-32.24817637814372
08-17,-53.846153846153854,-89.47368421052632,-44.444444444444436,-66.66666666666666,28.57142857142857,-12.5,-28.57142857142857,0.0,-16.666666666666664,-80.0,39.130434782608695,5.4377570623595375,3.0,9.0,-26.58578533245748
08-18,-53.846153846153854,-84.21052631578947,-69.56521739130434,-88.8888888888889,28.57142857142857,-12.5,-28.57142857142857,0.0,0.0,-125.0,39.130434782608695,7.147743395854231,3.0,9.0,-32.311050688639476
08-19,-50.0,-84.21052631578947,-77.27272727272727,-88.8888888888889,28.57142857142857,-12.5,-28.57142857142857,0.0,0.0,-80.0,39.130434782608695,5.069932669927255,3.0,9.0,-29.055981252072478
08-20,-50.0,-84.21052631578947,-80.95238095238095,-88.8888888888889,28.57142857142857,-25.0,-42.857142857142854,0.0,0.0,-80.0,23.56521772301715,4.430152844794495,3.0,9.0,-32.94517832291349
08-21,-50.0,-68.42105263157895,-72.72727272727273,-77.7777777777778,0.0,-12.5,-42.857142857142854,-25.0,0.0,-80.0,39.5329429658206,5.750801685643895,2.0,10.0,-31.999958445192316
08-22,-50.0,-68.42105263157895,-72.72727272727273,-77.7777777777778,14.285714285714285,-12.5,-28.57142857142857,-25.0,0.0,-80.0,48.554421148084366,10.536780228694763,3.0,9.0,-28.46838467046372
08-23,-50.0,-68.42105263157895,-59.09090909090909,-66.66666666666666,14.285714285714285,-12.5,-28.57142857142857,-25.0,0.0,-80.0,36.42143638074281,10.536780228694763,3.0,9.0,-27.417177172119285
08-24,-50.0,-68.42105263157895,-45.45454545454545,-77.7777777777778,0.0,-12.5,-28.57142857142857,-25.0,-40.0,-80.0,39.130434782608695,10.536780228694763,2.0,10.0,-31.50479911866894
08-25,-50.0,-114.28571428571428,-100.0,-66.66666666666666,0.0,-12.5,-28.57142857142857,0.0,-16.666666666666664,-125.0,40.17093919559934,9.70841708266416,2.0,10.0,-38.650926659351065
08-26,-62.16216216216216,-45.83333333333333,-90.9090909090909,-66.66666666666666,0.0,-12.5,-28.57142857142857,-25.0,-16.666666666666664,-125.0,40.17093919559934,15.387098250850553,2.0,10.0,-34.81260923857487
08-27,-62.16216216216216,-100.0,-90.9090909090909,-66.66666666666666,0.0,-12.5,-50.0,-25.0,-16.666666666666664,-125.0,44.44444353877082,21.21212121212121,2.0,10.0,-40.270668471141185
08-28,-57.894736842105274,-100.0,-100.0,-66.66666666666666,28.57142857142857,-12.5,-50.0,0.0,-16.666666666666664,-125.0,41.704033879986895,17.164179104477608,3.0,9.0,-36.77403571829547
08-29,-57.894736842105274,-75.0,-100.0,-100.0,25.0,-12.5,-33.33333333333333,0.0,-16.666666666666664,-125.0,40.42553191489361,21.144863678613554,3.0,9.0,-36.15202843738317
08-30,-50.753768844221106,-75.0,-100.0,-142.85714285714286,0.0,-28.57142857142857,-14.285714285714285,0.0,-16.666666666666664,-125.0,37.94963879156085,22.100403580884734,2.0,10.0,-41.090389904394
08-31,-50.753768844221106,-75.0,-90.4761904761905,-142.85714285714286,0.0,-28.57142857142857,-14.285714285714285,0.0,-16.666666666666664,-125.0,40.86021509970682,22.100403580884734,2.0,10.0,-40.05419108506437
09-01,-50.753768844221106,-66.66666666666666,-66.66666666666666,-183.3333333333333,0.0,-28.57142857142857,0.0,-25.0,-16.666666666666664,-100.0,43.39622649225496,20.398152700373142,2.0,10.0,-39.4886792963629
09-02,-50.0,-59.09090909090909,-12.5,-183.3333333333333,0.0,-28.57142857142857,-14.285714285714285,-25.0,0.0,-100.0,43.39622649225496,21.136812527723567,2.0,10.0,-34.02069552178389
09-03,-36.36363636363637,-79.48717948717949,-12.5,-183.3333333333333,0.0,-42.857142857142854,-14.285714285714285,-25.0,0.0,-100.0,43.39622649225496,19.028570992606028,2.0,10.0,-35.95018407017878
09-04,-66.66666666666666,-112.12121212121212,-22.72727272727273,-183.3333333333333,12.5,-28.57142857142857,-28.57142857142857,0.0,0.0,-100.0,36.02540927511409,17.189835183413948,3.0,9.0,-39.68967479440115
09-05,-9.090909090909092,-75.0,-22.72727272727273,-200.0,25.0,-28.57142857142857,-60.0,0.0,0.0,-100.0,37.05356865361024,9.677419354838712,3.0,9.0,-35.30488519843012
09-06,-9.090909090909092,-75.0,-22.72727272727273,-220.00000000000003,0.0,-28.57142857142857,-14.285714285714285,0.0,-40.0,-100.0,18.677384068695236,9.677419354838712,2.0,10.0,-40.110043437649225
09-07,-9.090909090909092,-75.0,-90.4761904761905,-220.00000000000003,12.5,-28.57142857142857,-14.285714285714285,0.0,0.0,-100.0,32.72727186029608,9.677419354838712,3.0,9.0,-40.20996260075898
09-08,-9.090909090909092,-88.57142857142857,-85.71428571428571,-220.00000000000003,12.5,-28.57142857142857,-14.285714285714285,0.0,0.0,-100.0,29.52380861554827,9.677419354838712,3.0,9.0,-41.211044855281614
09-09,-9.090909090909092,-94.11764705882351,-85.71428571428571,-300.0,12.5,-28.57142857142857,-14.285714285714285,0.0,0.0,-100.0,29.52380861554827,6.451612903225807,3.0,9.0,-48.60871360019892
09-10,-9.58904109589041,-94.11764705882351,-128.57142857142858,-300.0,25.0,-50.0,-14.285714285714285,0.0,0.0,-100.0,27.61904852730887,6.451612903225807,3.0,9.0,-53.124430798443505
09-11,-37.5,-47.058823529411754,-128.57142857142858,-325.0,14.285714285714285,-28.57142857142857,-28.57142857142857,0.0,0.0,-50.0,34.28571337745303,-5.6129086402154735,2.0,10.0,-50.19288251839547
09-12,-37.5,-38.888888888888886,-128.57142857142858,-300.0,14.285714285714285,-28.57142857142857,-14.285714285714285,0.0,0.0,-75.0,27.61904852730887,-3.3870943130985385,2.0,10.0,-48.691649318127965
09-13,-37.5,-38.888888888888886,-128.57142857142858,-300.0,14.285714285714285,-28.57142857142857,-14.285714285714285,20.0,-16.666666666666664,-75.0,34.329709918014245,-3.3870943130985385,3.0,9.0,-47.85464975779141
09-14,-37.5,-83.33333333333334,-71.42857142857143,-200.0,14.285714285714285,-28.57142857142857,-14.285714285714285,0.0,0.0,-75.0,30.43478392322784,-3.3870943130985385,2.0,10.0,-39.06547031026701
09-15,-37.5,-61.111111111111114,-66.66666666666666,-200.0,25.0,-28.57142857142857,-14.285714285714285,20.0,0.0,-75.0,25.07317240645246,-9.677419354838712,3.0,9.0,-35.228263965275566
09-16,-37.5,-61.111111111111114,-32.0,-200.0,25.0,-28.57142857142857,-14.285714285714285,20.0,0.0,-75.0,25.07317240645246,6.451612903225807,4.0,8.0,-30.99528905488131
09-17,-25.0,-42.5,-42.857142857142854,-200.0,25.0,-28.57142857142857,-28.57142857142857,20.0,-40.0,-75.0,19.51219512195122,9.677419354838712,4.0,8.0,-34.025865460267504
09-18,-37.5,-42.5,-36.36363636363637,-200.0,25.0,-28.57142857142857,-33.33333333333333,20.0,-40.0,-50.0,23.076924404697948,11.29032258064516,4.0,8.0,-32.40842927358793
09-19,-26.72811059907834,-54.05405405405406,-36.36363636363637,-200.0,25.0,-28.57142857142857,-50.0,20.0,-40.0,-75.0,23.076924404697948,11.29032258064516,4.0,8.0,-35.94583188357118
09-20,-26.72811059907834,-54.05405405405406,-36.36363636363637,-200.0,25.0,-14.285714285714285,-28.57142857142857,20.0,-16.666666666666664,-100.0,15.627909815588662,11.29032258064516,4.0,8.0,-33.7292815120287
09-21,-26.72811059907834,-62.16216216216216,-36.36363636363637,-200.0,14.285714285714285,-33.33333333333333,-28.57142857142857,20.0,-16.666666666666664,-100.0,-7.394355949740919,11.29032258064516,3.0,9.0,-38.80363806497391
09-22,-17.51152073732719,-37.5,-30.434782608695656,-200.0,14.285714285714285,-33.33333333333333,-28.57142857142857,20.0,-16.666666666666664,-100.0,-3.0405349167763447,16.161291060909146,3.0,9.0,-34.717605123967026
09-23,-27.500000000000004,-25.64102564102564,-17.391304347826086,-200.0,14.285714285714285,-33.33333333333333,-28.57142857142857,20.0,-20.0,-100.0,-3.0405349167763447,16.161291060909146,3.0,9.0,-33.75255178864721
09-24,-15.0,-22.5,-30.434782608695656,-200.0,14.285714285714285,-28.57142857142857,-28.57142857142857,20.0,0.0,-100.0,-3.0405349167763447,21.774193548387093,3.0,9.0,-31.004855569518977
09-25,-15.0,-32.432432432432435,-30.434782608695656,-200.0,0.0,-28.57142857142857,0.0,20.0,0.0,-100.0,16.818185286088426,15.741932776666456,3.0,9.0,-29.48987712915015
09-26,-35.0,-32.432432432432435,-30.434782608695656,-275.0,0.0,-28.57142857142857,-12.5,20.0,-16.666666666666664,-100.0,15.120595128174982,10.16128909203314,3.0,9.0,-40.44361883825127
09-27,-28.57142857142857,-32.432432432432435,-30.434782608695656,-275.0,0.0,-50.0,-28.57142857142857,20.0,-16.666666666666664,-133.33333333333331,15.909090909090908,10.16128909203314,3.0,9.0,-45.74497434857176
09-28,-28.57142857142857,-8.108108108108109,-36.36363636363637,-250.0,0.0,-50.0,-28.57142857142857,20.0,-16.666666666666664,-250.0,24.578530126460425,10.16128909203314,3.0,9.0,-51.128454088564546
09-29,-23.809523809523807,-21.621621621621625,-30.434782608695656,-300.0,0.0,-50.0,-14.285714285714285,20.0,-16.666666666666664,-250.0,26.08695652173913,10.16128909203314,3.0,9.0,-54.21417194820415
09-30,-28.57142857142857,-62.5,-25.0,-300.0,0.0,-50.0,0.0,20.0,0.0,-133.33333333333331,26.08695652173913,9.677419354838712,3.0,9.0,-45.30336550234868
10-01,-11.904761904761903,-27.500000000000004,-20.0,-300.0,14.285714285714285,-28.57142857142857,0.0,20.0,0.0,-133.33333333333331,21.73913043478261,17.16128933814264,4.0,8.0,-37.34361581257369
10-02,-4.761904761904762,-45.714285714285715,9.090909090909092,-275.0,14.285714285714285,-28.57142857142857,-33.33333333333333,20.0,0.0,-100.0,22.41379565489553,20.967741935483872,5.0,7.0,-33.385232617829125
10-03,-2.272727272727273,-45.714285714285715,9.090909090909092,-366.6666666666666,0.0,-28.57142857142857,-16.666666666666664,20.0,0.0,-100.0,26.530612244897963,21.774193548387093,4.0,8.0,-40.208005000631715
10-04,-2.272727272727273,-45.714285714285715,9.090909090909092,-225.0,14.285714285714285,-28.57142857142857,0.0,20.0,0.0,-50.0,24.07692395723783,21.774193548387093,5.0,7.0,-21.860891723016106
10-05,-2.272727272727273,-45.714285714285715,11.764705882352938,-225.0,25.0,-50.0,0.0,20.0,0.0,-100.0,34.15492600662508,21.774193548387093,5.0,7.0,-25.85776562913732
10-06,-4.545454545454546,-42.857142857142854,16.666666666666664,-200.0,25.0,-50.0,-14.285714285714285,0.0,0.0,-100.0,33.214282989501946,20.967741935483872,4.0,8.0,-26.319968341388268
10-07,-5.0228310502283104,-42.857142857142854,0.0,-300.0,25.0,-50.0,22.222222222222218,0.0,-20.0,-50.0,33.214282989501946,16.129032258064516,4.0,8.0,-30.942869703131876
10-08,-2.7397260273972597,-42.857142857142854,18.918918918918923,-300.0,12.5,0.0,12.5,0.0,0.0,-50.0,28.57142857142857,17.741935483870968,5.0,7.0,-25.447048825860143
10-09,-2.272727272727273,-7.894736842105262,0.0,-266.66666666666663,22.222222222222218,0.0,-14.285714285714285,-25.0,0.0,-50.0,24.23076629638672,20.90322432979461,3.0,9.0,-24.89696935156749
10-10,9.090909090909092,-7.894736842105262,0.0,-266.66666666666663,30.0,25.0,0.0,-25.0,0.0,-25.0,19.291337370554672,20.32257818406628,5.0,7.0,-18.404714905270158
10-11,9.090909090909092,-7.894736842105262,6.666666666666668,-300.0,30.0,12.5,0.0,-25.0,0.0,-25.0,27.55905553200572,20.32257818406628,6.0,6.0,-20.97962728070479
10-12,9.090909090909092,-5.263157894736842,10.0,-66.66666666666666,20.0,0.0,0.0,-25.0,-20.0,-25.0,37.542429768002684,20.32257818406628,5.0,7.0,-3.7478256265354535
10-13,6.8181818181818175,-13.157894736842106,6.451612903225807,-66.66666666666666,20.0,0.0,0.0,-25.0,-20.0,-25.0,40.645162520870095,18.548387096774192,5.0,7.0,-4.780101422038071
10-14,4.545454545454546,-13.157894736842106,17.142857142857142,-42.857142857142854,20.0,0.0,-33.33333333333333,-25.0,-40.0,-25.0,40.645162520870095,9.677419354838712,5.0,7.0,-7.278123113608153
10-15,6.8181818181818175,-13.157894736842106,25.64102564102564,-42.857142857142854,20.0,0.0,-14.285714285714285,-25.0,-40.0,-25.0,35.483870967741936,11.29032258064516,5.0,7.0,-5.088945906008723
10-16,9.090909090909092,-16.216216216216218,27.500000000000004,-42.857142857142854,36.36363636363637,-14.285714285714285,0.0,-25.0,-40.0,-50.0,37.49999921572834,0.8064516129032258,5.0,7.0,-6.424839756324693
10-17,9.090909090909092,-22.857142857142854,27.500000000000004,-66.66666666666666,27.27272727272727,-33.33333333333333,0.0,-25.0,-40.0,-75.0,37.523452694711494,-0.8064516129032258,4.0,8.0,-13.523042117641518
10-18,9.090909090909092,-22.857142857142854,27.500000000000004,-66.66666666666666,27.27272727272727,-33.33333333333333,0.0,-25.0,-40.0,-50.0,34.33395778425489,-0.8064516129032258,4.0,8.0,-11.705500026846234
10-19,9.090909090909092,0.0,42.5,-80.0,27.27272727272727,-33.33333333333333,0.0,-25.0,-40.0,-50.0,31.25,-0.8064516129032258,4.0,8.0,-9.918845715216683
10-20,9.090909090909092,2.8571428571428568,38.46153846153847,-125.0,27.27272727272727,-33.33333333333333,-14.285714285714285,-25.0,-16.666666666666664,-100.0,31.677020252369466,3.2258064516129035,6.0,6.0,-16.808380824951186
10-21,18.181818181818183,5.0,45.0,-125.0,27.27272727272727,-33.33333333333333,22.222222222222218,-25.0,0.0,-50.0,31.677020252369466,-1.6129032258064515,6.0,6.0,-7.13270405250022
10-22,18.181818181818183,7.317073170731707,43.5897435897436,-125.0,27.27272727272727,-33.33333333333333,33.33333333333333,-25.0,0.0,-50.0,24.223605464589248,1.6129032258064515,7.0,5.0,-6.483510757881963
10-23,4.761904761904762,-15.789473684210524,31.25,-125.0,20.0,-33.33333333333333,14.285714285714285,-25.0,0.0,-50.0,23.260188605092548,1.6129032258064515,6.0,6.0,-12.829341344918813
10-24,-2.564102564102564,-10.0,31.25,-125.0,30.0,-60.0,22.222222222222218,-25.0,0.0,-20.0,32.15339538423902,1.6129032258064515,5.0,7.0,-10.443798477652908
10-25,-25.0,-10.0,15.625,-125.0,30.0,-60.0,22.222222222222218,-25.0,40.0,-25.0,39.02438882558843,1.6129032258064515,6.0,6.0,-10.126290477198575
10-26,-25.0,-10.0,45.0,-80.0,30.0,-60.0,22.222222222222218,-25.0,45.45454545454545,-66.66666666666666,36.9369354920931,1.6129032258064515,6.0,6.0,-7.120005022666619
10-27,-25.0,9.523809523809524,28.947368421052637,-80.0,30.0,-60.0,22.222222222222218,-25.0,40.0,-66.66666666666666,32.475885072617544,1.6129032258064515,7.0,5.0,-7.657039850096524
10-28,-21.875,13.636363636363635,39.473684210526315,-80.0,30.0,-60.0,22.222222222222218,-25.0,0.0,-66.66666666666666,32.475885072617544,5.677420093167213,6.0,6.0,-9.171340952647476
10-29,-25.0,13.636363636363635,37.142857142857146,-80.0,30.0,-60.0,22.222222222222218,-25.0,0.0,-66.66666666666666,26.045016984295405,7.741934253323463,6.0,6.0,-9.989856035633734
10-30,-42.857142857142854,13.636363636363635,37.142857142857146,-80.0,30.0,-60.0,22.222222222222218,0.0,0.0,-33.33333333333333,28.348906251374057,9.709678157683342,6.0,6.0,-6.260870731664648
10-31,-42.857142857142854,13.636363636363635,37.142857142857146,-80.0,30.0,-33.33333333333333,22.222222222222218,0.0,0.0,-25.0,27.77108737598356,9.129032011955015,6.0,6.0,-3.440742816757884
11-01,-42.857142857142854,13.636363636363635,40.0,-80.0,30.0,-33.33333333333333,22.222222222222218,0.0,0.0,-25.0,32.79999869210379,9.129032011955015,6.0,6.0,-2.7835716356526263
11-02,-42.857142857142854,13.636363636363635,37.142857142857146,-80.0,30.0,-60.0,22.222222222222218,20.0,-16.666666666666664,-25.0,37.085712977818076,9.129032011955015,7.0,5.0,-4.60896846104945
11-03,-42.857142857142854,13.636363636363635,42.105263157894726,-125.0,30.0,-60.0,22.222222222222218,20.0,16.666666666666664,-25.0,38.83333206176758,2.6451603058845765,8.0,4.0,-5.5623445671952885
11-04,-42.857142857142854,20.454545454545453,41.66666666666667,-80.0,30.0,-60.0,22.222222222222218,0.0,14.285714285714285,-25.0,38.83333206176758,2.6451603058845765,7.0,5.0,-3.145791821695173
11-05,-23.33333333333333,-17.073170731707318,43.5897435897436,-80.0,30.0,-60.0,12.5,20.0,14.285714285714285,-25.0,36.111111111111114,0.0,6.0,6.0,-4.076661256539306
11-06,-35.03649635036496,14.634146341463413,43.5897435897436,-80.0,30.0,-60.0,14.285714285714285,0.0,14.285714285714285,0.0,35.00000105963813,-6.451612903225807,6.0,6.0,-2.4743991409430897
11-07,-58.33333333333334,14.634146341463413,43.5897435897436,-80.0,41.66666666666667,-60.0,14.285714285714285,0.0,14.285714285714285,0.0,41.005291832924726,-8.064516129032258,6.0,6.0,-3.0775477050115523
11-08,-46.153846153846146,14.634146341463413,43.5897435897436,-40.0,33.33333333333333,-60.0,0.0,0.0,25.0,0.0,39.11916857780372,-8.064516129032258,5.0,7.0,0.12150246328880347
11-09,-46.153846153846146,14.634146341463413,40.0,-16.666666666666664,41.66666666666667,-60.0,0.0,0.0,25.0,0.0,44.40000057220459,-8.064516129032258,5.0,7.0,2.9013153858991334
11-10,-46.153846153846146,0.0,44.73684210526316,-40.0,46.153846153846146,-60.0,0.0,16.666666666666664,25.0,20.0,44.40000057220459,-10.451618317634829,6.0,6.0,3.3626575855416316
11-11,-42.142857142857146,-5.0,36.84210526315789,-40.0,46.153846153846146,-40.0,-16.666666666666664,20.0,14.285714285714285,20.0,44.40000057220459,-11.806451120684226,6.0,6.0,2.1721409453929077
11-12,-41.843971631205676,-2.3255813953488373,33.33333333333333,-40.0,46.153846153846146,-40.0,-16.666666666666664,20.0,14.285714285714285,20.0,44.20000076293945,-12.935478456558721,6.0,6.0,2.016766365504444
11-13,-37.5,2.5,35.135135135135144,-20.0,50.0,-40.0,0.0,33.33333333333333,14.285714285714285,20.0,41.70000076293945,-12.903225806451614,7.0,5.0,7.212579809222549
11-14,-20.0,2.5,35.135135135135144,-20.0,42.857142857142854,-40.0,-16.666666666666664,33.33333333333333,0.0,20.0,44.87243329694518,-7.903228267546622,6.0,6.0,6.177345807361935
11-15,-28.57142857142857,2.5,35.135135135135144,0.0,33.33333333333333,-40.0,-16.666666666666664,33.33333333333333,0.0,20.0,43.66197041210918,-7.903228267546622,6.0,6.0,6.235204059022426
11-16,-28.57142857142857,17.5,40.54054054054054,0.0,41.66666666666667,-40.0,-16.666666666666664,28.57142857142857,28.57142857142857,20.0,43.71227337641498,-7.903228267546622,7.0,5.0,10.618417851736456
11-17,-57.14285714285714,0.0,36.36363636363637,0.0,46.153846153846146,-40.0,16.666666666666664,16.666666666666664,0.0,33.33333333333333,41.87013204995689,0.0,6.0,6.0,7.8259520076040765
11-18,-57.14285714285714,30.0,36.36363636363637,0.0,46.153846153846146,-40.0,-16.666666666666664,16.666666666666664,0.0,20.0,41.87013204995689,0.0,6.0,6.0,6.437063118715187
11-19,-51.72413793103448,32.0,34.375,0.0,38.46153846153847,-16.666666666666664,-16.666666666666664,16.666666666666664,0.0,20.0,42.857142857142854,0.0,6.0,6.0,8.275239726748348
11-20,-51.03448275862069,30.612244897959183,34.375,20.0,42.857142857142854,0.0,-16.666666666666664,16.666666666666664,0.0,20.0,46.75456204053039,0.0,7.0,4.0,11.963705586417644
11-21,-37.93103448275862,30.612244897959183,34.375,20.0,41.66666666666667,-16.666666666666664,-16.666666666666664,16.666666666666664,0.0,33.33333333333333,46.889227329903,0.0,7.0,4.0,12.689897589869744
11-22,-37.93103448275862,30.612244897959183,34.375,20.0,46.153846153846146,-16.666666666666664,-16.666666666666664,16.666666666666664,25.0,20.0,47.83904402507619,0.0,8.0,3.0,14.11520282728802
11-23,-37.93103448275862,26.530612244897963,32.25806451612903,20.0,46.153846153846146,-16.666666666666664,-16.666666666666664,28.57142857142857,0.0,20.0,45.4814816698616,0.0,7.0,4.0,12.310922111672616
11-24,-37.93103448275862,32.075471698113205,32.25806451612903,0.0,41.66666666666667,-16.666666666666664,-16.666666666666664,16.666666666666664,0.0,20.0,45.4814816698616,0.0,6.0,5.0,9.740331950112102
11-25,-37.93103448275862,35.714285714285715,34.375,16.666666666666664,41.66666666666667,-16.666666666666664,-16.666666666666664,28.57142857142857,0.0,20.0,45.4814816698616,0.0,7.0,4.0,12.600930122734773
11-26,-51.72413793103448,34.54545454545455,16.666666666666664,16.666666666666664,33.33333333333333,-16.666666666666664,0.0,28.57142857142857,-16.666666666666664,20.0,49.382716049382715,0.0,7.0,4.0,9.509066214047056
11-27,-51.72413793103448,31.03448275862069,16.666666666666664,16.666666666666664,33.33333333333333,-16.666666666666664,0.0,28.57142857142857,-16.666666666666664,20.0,45.134058959235404,0.0,7.0,4.0,8.862430474298625
11-28,-66.66666666666666,31.03448275862069,16.666666666666664,0.0,33.33333333333333,-16.666666666666664,14.285714285714285,28.57142857142857,-16.666666666666664,20.0,45.134058959235404,0.0,7.0,4.0,7.418807047916579
11-29,-60.0,31.03448275862069,30.0,16.666666666666664,33.33333333333333,-16.666666666666664,0.0,28.57142857142857,16.666666666666664,33.33333333333333,45.134058959235404,0.0,8.0,3.0,13.172775301884833
11-30,-60.0,31.03448275862069,26.66666666666667,16.666666666666664,33.33333333333333,-16.666666666666664,0.0,16.666666666666664,0.0,20.0,45.67963869286388,0.0,7.0,4.0,9.448399009845936
12-01,-73.6,38.333333333333336,26.66666666666667,0.0,33.33333333333333,-16.666666666666664,0.0,28.57142857142857,0.0,20.0,43.42105263157895,0.0,6.0,5.0,8.33826232247285
12-02,-73.6,27.27272727272727,23.33333333333333,28.57142857142857,33.33333333333333,-16.666666666666664,-16.666666666666664,16.666666666666664,0.0,33.33333333333333,43.42105263157895,0.0,7.0,4.0,8.24987848408901
12-03,-60.0,25.0,23.33333333333333,28.57142857142857,41.66666666666667,0.0,0.0,16.666666666666664,0.0,33.33333333333333,55.157892327559615,0.0,7.0,4.0,13.64411007491568
12-04,-72.41379310344827,27.27272727272727,25.806451612903228,28.57142857142857,41.66666666666667,-16.666666666666664,-16.666666666666664,28.57142857142857,0.0,33.33333333333333,53.26315729241622,0.0,7.0,4.0,11.061505573676854
12-05,-72.41379310344827,32.20338983050847,25.806451612903228,28.57142857142857,41.66666666666667,0.0,-50.0,28.57142857142857,16.666666666666664,50.0,41.302027031222,0.0,8.0,3.0,11.864522153947993
12-06,-78.57142857142857,32.20338983050847,25.806451612903228,42.857142857142854,41.66666666666667,-16.666666666666664,-28.57142857142857,28.57142857142857,0.0,50.0,36.401184379051706,0.0,7.0,4.0,11.141395009014811
12-07,-78.57142857142857,37.288135593220346,25.806451612903228,42.857142857142854,46.153846153846146,-16.666666666666664,-28.57142857142857,28.57142857142857,14.285714285714285,40.0,18.51851851851852,0.0,8.0,3.0,10.80597614860418
12-08,-78.57142857142857,37.288135593220346,29.032258064516128,50.0,46.153846153846146,-16.666666666666664,-14.285714285714285,16.666666666666664,0.0,60.0,19.941774503357085,0.0,7.0,4.0,12.463239288149738
12-09,-81.0344827586207,33.92857142857143,25.806451612903228,50.0,46.153846153846146,0.0,0.0,16.666666666666664,14.285714285714285,60.0,19.941774503357085,0.0,8.0,3.0,15.47904515770318
12-10,-75.0,23.07692307692308,6.666666666666668,50.0,46.153846153846146,0.0,0.0,16.666666666666664,14.285714285714285,60.0,17.976705636826104,0.0,8.0,3.0,13.318876873886913
12-11,-82.6086956521739,23.07692307692308,-7.6923076923076925,50.0,46.153846153846146,-16.666666666666664,0.0,16.666666666666664,14.285714285714285,60.0,16.30276425350968,0.0,7.0,4.0,9.959853702125967
12-12,-100.0,33.33333333333333,-7.6923076923076925,50.0,46.153846153846146,-16.666666666666664,14.285714285714285,16.666666666666664,14.285714285714285,40.0,-5.358766033811522,0.0,7.0,4.0,7.0839611943740675
12-13,-110.0,33.33333333333333,3.8461538461538463,62.5,46.153846153846146,-16.666666666666664,14.285714285714285,16.666666666666664,14.285714285714285,40.0,-9.865474610793953,0.0,8.0,3.0,7.878273941163991
12-14,-110.0,41.66666666666667,-17.857142857142858,42.857142857142854,46.153846153846146,-16.666666666666664,14.285714285714285,16.666666666666664,0.0,20.0,-26.58227283887381,0.0,6.0,5.0,0.8769961889461074
12-15,-120.0,32.69230769230769,-21.428571428571427,20.0,46.153846153846146,-16.666666666666664,14.285714285714285,28.57142857142857,14.285714285714285,25.0,-20.370368244553173,0.0,7.0,4.0,0.2102837207683092
12-16,-131.57894736842107,39.6551724137931,-38.46153846153847,33.33333333333333,46.153846153846146,-16.666666666666664,0.0,28.57142857142857,14.285714285714285,25.0,-20.370368244553173,0.0,6.0,5.0,-1.6731688319219942
12-17,-123.46938775510205,40.67796610169492,-15.384615384615385,33.33333333333333,38.46153846153847,0.0,-28.57142857142857,28.57142857142857,0.0,25.0,-31.481477393371488,0.0,5.0,6.0,-2.7385535530435163
12-18,-116.83168316831684,43.548387096774185,-11.111111111111109,33.33333333333333,33.33333333333333,-33.33333333333333,-14.285714285714285,28.57142857142857,0.0,25.0,-29.629627340288035,0.0,5.0,6.0,-3.4504155753245143
12-19,-109.5238095238095,41.66666666666667,-11.111111111111109,57.14285714285714,25.0,-33.33333333333333,0.0,28.57142857142857,16.666666666666664,0.0,-18.181818181818183,0.0,5.0,6.0,-0.2585377585377596
12-20,-109.5238095238095,41.66666666666667,-37.03703703703704,57.14285714285714,16.666666666666664,-33.33333333333333,0.0,28.57142857142857,0.0,20.0,-18.691589118237168,0.0,5.0,6.0,-2.8781791637331686
12-21,-109.5238095238095,36.66666666666666,-11.111111111111109,0.0,16.666666666666664,-33.33333333333333,0.0,42.857142857142854,28.57142857142857,0.0,-33.909086747602984,0.0,4.0,7.0,-5.2596196628293495
12-22,-109.5238095238095,36.66666666666666,-14.814814814814813,0.0,9.090909090909092,-33.33333333333333,0.0,42.857142857142854,28.57142857142857,0.0,-38.700562155993644,0.0,4.0,7.0,-6.598864386817009
12-23,-111.53846153846158,38.70967741935485,-40.0,14.285714285714285,9.090909090909092,-16.666666666666664,14.285714285714285,42.857142857142854,28.57142857142857,0.0,-38.700562155993644,0.0,6.0,5.0,-4.925425320904827
12-24,-113.59223300970874,50.0,-56.00000000000001,14.285714285714285,9.090909090909092,-33.33333333333333,0.0,42.857142857142854,28.57142857142857,0.0,-45.95103735430986,0.0,5.0,6.0,-8.672617407679759
12-26,-111.53846153846158,52.5,-56.00000000000001,-16.666666666666664,0.0,-16.666666666666664,0.0,42.857142857142854,28.57142857142857,0.0,-38.18181644786488,0.0,3.0,8.0,-9.593753324257364
12-27,-111.53846153846158,52.5,-56.00000000000001,14.285714285714285,0.0,0.0,0.0,42.857142857142854,16.666666666666664,20.0,-45.3636342828924,0.0,5.0,6.0,-5.549381000985846
12-28,-111.53846153846158,53.75,-81.81818181818183,28.57142857142857,0.0,0.0,0.0,42.857142857142854,16.666666666666664,33.33333333333333,-30.612244897959183,0.0,5.0,6.0,-4.0658597355025945
12-29,-111.53846153846158,55.12820512820514,-50.0,42.857142857142854,0.0,0.0,0.0,42.857142857142854,-20.0,50.0,-42.22222222222222,0.0,4.0,7.0,-2.743182743182744
12-30,-113.59223300970874,50.70422535211267,-48.148148148148145,50.0,0.0,0.0,-28.57142857142857,50.0,0.0,50.0,-42.22222222222222,0.0,4.0,7.0,-2.6524838832829167
12-31,-117.82178217821782,42.028985507246375,-44.444444444444436,50.0,0.0,0.0,-12.5,55.555555555555564,0.0,50.0,-43.11111450195313,0.0,4.0,7.0,-1.6910666718177876
