,2010,2011,2012,2013,2014,2015,2016,2017,2018,2019,2020,ups,downs,avg
01-02,0.0,-6.6521768984587295,11.877928966752494,-6.953637155857789,2.768163512674393,20.18645937103884,-20.546736264146592,16.823406749317115,-23.58167998822998,-1.5559248158161387,-61.58191671836892,4.0,6.0,-6.292373931008664
01-03,0.0,-6.6521768984587295,11.877928966752494,-5.56647253430542,2.768163512674393,20.18645937103884,-21.13425131705932,16.823406749317115,-26.391746725603518,0.4137376133805121,-80.04788465061536,5.0,5.0,-7.974803264807181
01-04,0.0,-8.913040161132812,13.197725112257485,-5.102713693195708,-2.6082420344813206,22.173908585677577,-21.13425131705932,15.880720871962545,-29.951860435600913,-2.0584601941302347,-72.43734968043583,3.0,7.0,-8.268505722376231
01-05,0.0,-9.961187635808114,12.057729086516733,-5.102713693195708,-1.7063077616465132,22.173908585677577,-16.92512071987412,14.791661230502164,-33.74428332868421,-4.3388396857761435,-76.1830758696359,3.0,7.0,-8.99438452653857
01-06,0.0,-10.04367328699892,14.156083074548944,-3.322470765689247,-1.7063077616465132,24.308299620505466,-16.09347252829318,15.997226683306215,-31.939155777044462,-4.945970741778682,-76.1830758696359,3.0,7.0,-8.161137941156937
01-07,0.0,-3.6868323094436986,12.866297831089605,-3.322470765689247,-2.5336078968572138,24.308299620505466,-13.174179627206955,15.411436643172848,-31.848004017357066,-4.945970741778682,-74.63149440909372,3.0,7.0,-7.414229606605332
01-08,0.0,-4.302850661546944,13.223892285335872,5.081437571735256,-2.5336078968572138,24.12836849371372,-8.994243305687904,14.123892995108545,-31.848004017357066,-5.818784911080372,-63.405789314411145,4.0,6.0,-5.48597170554975
01-09,0.0,-3.108377496188813,13.223892285335872,1.851850099804667,-4.912103182234636,26.004635859644193,-7.093422708123119,14.123892995108545,-34.30051828491742,-3.2948896805450363,-65.01112384404986,4.0,6.0,-5.6832876323786925
01-10,0.0,-3.108377496188813,14.774280556455256,-0.9920672839941848,-9.100311349513252,27.158619430781602,-7.093422708123119,13.982303585626385,-37.58366401209954,-6.005006511869706,-80.22782495754053,3.0,7.0,-8.017770067860537
01-11,0.0,-3.8854757707443466,14.094885283210097,-3.3152958974646523,-15.722221798366972,25.399300500138462,-7.093422708123119,13.300318952945904,-39.15706321905617,-7.071542391218452,-48.222673424812726,3.0,7.0,-6.5157445884992695
01-12,0.0,-0.6764826182698502,15.943352528225976,-3.924221476216891,-16.36871713752783,25.399300500138462,-6.31487470361643,14.078526628192243,-37.41108903431253,-5.414280753122657,-38.4711800040549,3.0,7.0,-4.832696915505856
01-13,0.0,-3.1200027465820312,14.71264718592852,-3.924221476216891,-16.36871713752783,24.931825475297238,-9.476972965359156,14.804373065548852,-36.58621556014872,-6.949646394400793,-38.4711800040549,3.0,7.0,-5.4952827779559765
01-14,0.0,-6.624737519642292,18.35814019313518,-3.924221476216891,-17.094969447790593,24.667707133551016,-11.260647009595786,15.966384983235569,-36.58621556014872,-6.949646394400793,-37.96992735045314,3.0,7.0,-5.583466586211497
01-15,0.0,-7.4864112377695555,16.126040567838373,-1.9621107381084455,-17.094969447790593,22.79325036528832,-6.803941125253723,15.40359784970483,-36.58621556014872,-8.905531953803589,-48.07302011504833,3.0,7.0,-6.5990283086446775
01-16,0.0,-1.7418865006759912,16.126040567838373,7.1201520543709576,-16.317536336359574,25.048546652192048,-4.90582936038655,15.40359784970483,-36.58621556014872,-10.940824690786627,-43.07289278045352,4.0,6.0,-4.5333498277004365
01-17,0.0,-1.7418865006759912,16.126040567838373,8.137315767456242,-17.750834228476396,25.048546652192048,-4.039966492972557,15.40359784970483,-35.400695391380616,-11.515404779214606,-43.897641958867105,4.0,6.0,-4.5119025922177975
01-18,0.0,-1.7418865006759912,9.514747651974034,1.6337629542117509,-14.829110389015016,25.048546652192048,-4.039966492972557,14.834387628498206,-30.271755519238443,-10.561603042548745,-49.72565183770687,4.0,6.0,-5.467138990480144
01-19,0.0,-9.414141105883047,5.240796007355629,2.472531593244554,-14.829110389015016,25.048546652192048,-4.039966492972557,11.666073412982886,-36.354098407043544,-10.058919893204532,-57.276655214100906,4.0,6.0,-7.958631257858591
01-20,0.0,-3.426289601325387,5.7603684610685555,-0.4243243598697365,-14.829110389015016,25.048546652192048,-3.259910776418584,9.609180221676453,-35.245044241603864,-8.281573629779281,-57.276655214100906,3.0,7.0,-7.484073897925065
01-21,0.0,-3.524233449396176,0.4761922927129836,-0.4243243598697365,-14.829110389015016,23.351870519662363,-7.656619880715919,8.667149454175982,-37.442601841874925,-8.281573629779281,-57.276655214100906,3.0,8.0,-8.812718772563697
01-22,0.0,-10.166668891906738,0.4761922927129836,-0.4243243598697365,-19.404633826902746,23.913889962627913,-16.285714649018786,8.60058514730132,-37.442601841874925,-8.281573629779281,-60.131669842557926,3.0,8.0,-10.831501785387996
01-23,0.0,-10.766651045106356,0.4761922927129836,2.2711120749380886,-19.404633826902746,23.42901766738963,-18.195050407308226,8.60058514730132,-37.336636529749214,-7.116419118020318,-60.82171601062434,4.0,7.0,-10.805836341397198
01-24,0.0,-10.766651045106356,2.0952406383696056,-1.6288987094530538,-18.302093751550906,23.93328127213788,-18.540153356404677,9.803208752561348,-34.04553933607698,-7.253458487732189,-55.00000369380902,3.0,8.0,-9.973187974278577
01-25,0.0,-10.38960810659098,-0.3439788378970203,0.4854347742986228,-18.302093751550906,26.581799765948105,-18.540153356404677,6.7632839284435935,-35.622776131643164,-10.5697830134928,-45.448414064683426,3.0,8.0,-9.580571708506604
01-26,0.0,-13.833480520105695,2.0558006364177173,-1.2031144721662426,-18.302093751550906,26.581799765948105,-19.02676395413527,5.294336516319905,-34.199444645433395,-12.010013023739411,-45.448414064683426,3.0,8.0,-10.008307955738962
01-27,4.9429630219481435,-11.087504679242961,0.1985062478211026,-1.2031144721662426,-18.302093751550906,26.619239785508608,-18.050192543721046,6.985155470318155,-30.947505007277694,-12.197159612172456,-45.448414064683426,4.0,7.0,-8.953647236838066
01-28,3.8461538461538463,-9.28753410154132,-0.09995231151873656,-1.2031144721662426,-18.302093751550906,23.958328972378286,-16.257091488014982,5.589611477272836,-31.982127665373874,-12.197159612172456,-45.852995765634574,3.0,8.0,-9.253452261106194
01-29,2.72373829633844,-9.471457958769172,0.09974339738663736,-1.910824500372189,-18.302093751550906,23.958328972378286,-19.500713077080785,5.589611477272836,-31.982127665373874,-8.897239403718533,-51.442648838795826,4.0,7.0,-9.921425732025916
01-30,0.99009900990099,-8.553454824108469,0.09974339738663736,-3.4677973612851023,-18.302093751550906,24.907059295924572,-14.666669122103984,5.589611477272836,-29.130880674804335,-8.927070856161295,-50.17276531604549,4.0,7.0,-9.239474429597685
01-31,1.96078431372549,-8.553454824108469,-0.7980042568598439,-3.4677973612851023,-18.302093751550906,20.847021583471264,-11.538460882293732,4.219257467032721,-29.111272303649372,-7.267441883490941,-50.988696265233536,3.0,8.0,-9.363650742203856
02-01,1.96078431372549,-11.44653877807651,-0.04906883853600598,-2.5477682502587173,-12.67916880814049,22.681884460387693,-11.538460882293732,1.4332943872496862,-28.886587709929167,-5.088222110858041,-41.4057053350745,3.0,8.0,-7.960505231982207
02-02,1.96078431372549,-11.4143928620673,-0.14634481290491616,-5.590940944477731,-12.67916880814049,22.681884460387693,-6.618960204997323,-0.8221199980299285,-22.633739741623593,-5.431175042960811,-41.4057053350745,2.0,9.0,-7.4636253614694015
02-03,1.5748016714081299,-14.013263031354134,0.543212890625,-5.590940944477731,-12.67916880814049,23.85877430679035,-9.154621811530061,-1.1528500570005726,-16.443991286703643,-5.431175042960811,-41.4057053350745,3.0,8.0,-7.263175222583497
02-04,-1.2145717724457474,-13.634495453029757,1.625615448810425,-5.590940944477731,-9.42668715191412,21.966374615532626,-5.1418434169881015,-0.1860782861887449,-15.18129927088351,-5.431175042960811,-44.6764167090909,2.0,9.0,-6.990137998512398
02-05,-1.4198798656638474,-16.259827442161846,3.526576921156108,-4.387826472311486,-1.6230338206858643,19.350073064553534,-1.328017862036974,-0.3354459666187685,-15.18129927088351,-5.348254408351466,-45.72619050064851,2.0,9.0,-6.248465965786602
02-06,-2.8806616663257514,-16.259827442161846,3.526576921156108,-6.157111666757445,-1.6230338206858643,20.1255567883827,-1.2307722489912432,-0.3354459666187685,-15.418505961094613,-4.549215746842934,-45.95715583611433,2.0,9.0,-6.4326906041867264
02-07,-3.0927835051546397,-16.259827442161846,1.0144975076390692,-8.138709194736448,-2.97081938784937,21.851175016792286,1.8747279061854252,-1.7517678519977078,-7.1238326379087935,-0.6955813116986103,-46.26656801162032,3.0,8.0,-5.59631717386463
02-08,-3.0927835051546397,-16.632190505065438,2.1834097506694694,-6.9799533971598695,-4.523425774864247,21.851175016792286,1.8747279061854252,-1.1756120876015401,-3.0691394911296714,2.7481546323108152,-48.50852244826079,4.0,7.0,-5.0294690821162025
02-09,-3.0927835051546397,-7.5799450536004125,2.5390647919267,-8.776775954753525,-3.796786393077406,21.851175016792286,6.476346803939428,-0.4007238613684854,-1.114111797285808,3.33197754769379,-48.29786724610384,4.0,7.0,-3.5327663319083547
02-10,-3.0927835051546397,-5.714289766801801,3.5592371237926903,-8.776775954753525,-3.796786393077406,17.422865226811105,9.417227675241682,-1.312912506746498,-4.58839621577905,1.4090271739091769,-48.29786724610384,4.0,7.0,-3.979223126242009
02-11,-8.932458252336811,-5.717624554840689,-0.4422611837877057,-8.776775954753525,-11.550800851799426,18.75,11.17647030538576,-0.9074410414636144,-4.482642131061914,1.4090271739091769,-48.79431896901452,3.0,8.0,-5.297165950887568
02-12,0.99009900990099,-2.884251301249679,0.3412954365824256,-9.122319768244623,-12.210868419211216,22.184068700704586,14.937237455252125,0.8559260721489288,-4.482642131061914,-1.1603841540979658,-41.200552376496574,5.0,6.0,-2.886581043252083
02-13,-1.6260146842582102,-4.470134155328294,0.3412954365824256,7.117647283217486,-8.36910635392697,21.016485792774827,10.504202017397905,0.8559260721489288,-2.494101008477641,-2.7027091330517274,-43.220921186397135,5.0,6.0,-2.095220901756218
02-14,-5.9322016775454225,-4.470134155328294,3.5592371237926903,14.352938708137064,-8.719057297553883,21.58817687763686,10.01267778451344,1.497860422898087,-6.209260684833045,-1.7387800773768087,-35.47745629003234,5.0,6.0,-1.048727205971968
02-15,-5.9322016775454225,-5.009630824046616,-0.04940824602234406,13.588237762451172,-8.719057297553883,20.798610867357546,10.01267778451344,3.1393343387000363,-9.603341165143144,-1.2530293808016957,-32.85621488832673,4.0,7.0,-1.4440020660379669
02-16,-5.9322016775454225,-5.152665781715166,-2.5565410711047187,13.588237762451172,-7.048223977504003,20.798610867357546,10.01267778451344,1.8714646363281489,-9.313559104023795,-1.199517130408117,-29.568526521161946,4.0,7.0,-1.318204019346624
02-17,-4.384130286481367,-5.396227566701062,-0.9309188411469212,13.588237762451172,-7.048223977504003,20.798610867357546,5.981392998331809,1.68776877838011,-8.996172847783383,-1.4022451695018607,-29.568526521161946,4.0,7.0,-1.4245849821599914
02-18,-4.384130286481367,-4.889053138775644,-4.547725322354784,13.588237762451172,-7.048223977504003,20.312495239906713,0.5855903767906954,-0.5981705694496038,-7.946334675585384,-1.4022451695018607,-29.568526521161946,3.0,8.0,-2.3543714801514555
02-19,-5.263157894736842,-0.7073664273699267,-5.1256305392783945,13.588237762451172,-7.048223977504003,19.306933731439518,2.700312555251052,-0.7399612333731179,-7.946334675585384,-1.4022451695018607,-30.499680788308066,3.0,8.0,-2.103374241501441
02-20,-7.991362470645162,-2.191159572163028,-5.1256305392783945,11.823530758128447,-9.697932391721075,17.60962280293238,-0.08968815447505915,-0.7399612333731179,-7.946334675585384,-1.8159759609423038,-33.01886501447092,2.0,9.0,-3.5621596774176023
02-21,-9.649126476124763,-2.191159572163028,-5.1256305392783945,12.581607069663956,-9.697932391721075,16.397565355432388,-0.3597118908694688,-0.7399612333731179,-9.93030800821901,-0.23961447183964374,-35.15732136495975,2.0,9.0,-4.010144865768355
02-22,-9.649126476124763,-2.191159572163028,-3.8384869305254417,11.30952205247071,-9.697932391721075,16.18705080394747,-0.3597118908694688,-0.3867746165166329,-5.847955902256617,-2.007226025944536,-27.132302677647136,2.0,9.0,-3.0558276024864104
02-23,-9.649126476124763,-1.3192554280530933,-8.120531965185725,12.735843221332074,-9.697932391721075,16.18705080394747,0.1348951751540394,-0.20993515081368305,-8.483382389663543,-4.734216749420091,-28.68796911002867,3.0,8.0,-3.804050950961551
02-24,-12.866819099560932,2.2813630856521403,-7.277355383901725,12.735843221332074,-9.697932391721075,15.755393097016947,-0.4460320300153039,2.5526035769596755,-8.321912103890403,-6.5483702241847785,-28.68796911002867,4.0,7.0,-3.6837443056674575
02-25,-13.636363636363635,-0.18832823294165754,-10.616267224785929,12.735843221332074,-9.697932391721075,16.294960084955232,1.3022043536880346,2.4168078639151145,-7.989068528839709,-6.5483702241847785,-28.823934152257124,4.0,7.0,-4.068222624291224
02-26,-10.864748761999593,0.5586577891961382,-9.538464668469553,12.499994376920002,-9.697932391721075,17.194240685174535,-0.6311965181342588,1.7283942311282656,-7.989068528839709,-6.801861449776737,-30.006748387274342,4.0,7.0,-3.9589757839814848
02-27,-15.36686622972804,-4.664839370367099,-9.538464668469553,10.2163453823363,-7.207200013342343,17.194240685174535,3.4588481184306494,1.7283942311282656,-6.4527119514240185,-7.6495766867870225,-18.95765325794398,4.0,7.0,-3.3854076146356635
02-28,-15.207369221371096,-4.664839370367099,-8.25641338641827,10.2163453823363,-9.351348876953123,19.87469257031597,3.2470454091233365,1.7283942311282656,-4.984841750132708,-1.606090746263459,-10.766306607803399,4.0,7.0,-1.797339306036844
02-29,0.0,0.0,-16.987181740478107,0.0,0.0,0.0,3.2470454091233365,0.0,0.0,0.0,-17.540453537881767,1.0,2.0,-2.843689988112412
03-01,-15.207369221371096,-5.448841149263152,-17.071823687646695,13.872492959755736,-9.351348876953123,18.972190843356927,2.36946421164656,0.38814611771100394,-3.8300849852675247,-6.581271251267913,-17.922079852267174,4.0,7.0,-3.6191386265060417
03-02,-15.207369221371096,-3.92156862745098,-15.777661187831649,14.327659634042197,-9.351348876953123,18.972190843356927,1.9281355825671338,-3.56233927329255,-2.646049648349806,-3.974082468483226,-17.922079852267174,3.0,8.0,-3.3758648269121228
03-03,-15.473443143169645,-6.011782842556433,-19.421969702482265,21.347704837427056,-9.351348876953123,14.748330012537075,-2.134420088936841,-7.4840156438452885,1.4108164925621094,-2.73153811913122,-17.012992883979326,3.0,8.0,-3.828605450775264
03-04,-15.901716985182984,-5.7268736263480235,-17.653761251429287,21.347704837427056,-9.351348876953123,15.80429354182894,-3.3046606482291363,-0.17574423803066694,-1.4868613556064871,-2.73153811913122,-21.770974421465116,2.0,9.0,-3.7228619221018224
03-05,-19.33173789771404,-3.442756709812858,-17.653761251429287,22.479780561330152,-11.03183482234596,14.325940572628895,-2.546609694275169,-3.6740641589345273,-1.4868613556064871,-2.4327771549294583,-17.339509894702616,2.0,9.0,-3.8303810732537595
03-06,-21.951219512195124,-1.0559267148459306,-15.1480633730723,21.052632141023327,-10.727964068768113,15.054867670165784,-0.5798356838725337,-3.6740641589345273,-0.5878287546523775,-3.53144541955798,-14.949489941594033,2.0,9.0,-3.281667074209436
03-07,-20.307984475027087,-1.0559267148459306,-15.909086229387492,21.755315770709906,-10.727964068768113,15.258293377761134,-0.5798356838725337,-4.7653673221151065,3.0026970579468486,-4.0244971641748215,-5.760211916265737,3.0,8.0,-2.101324306185357
03-08,-20.307984475027087,-0.7039511432306205,-20.806542016068548,21.382976953343206,-10.727964068768113,13.783498599263856,0.5352401374890393,-4.5071436459223,5.155998564320869,-5.204126513086173,-4.847274381781908,4.0,7.0,-2.3861156354061617
03-09,-20.307984475027087,-4.274199217340999,-21.686042888284604,22.01417171600853,-9.528967484093467,13.783498599263856,0.4063212376428133,-2.85404262813896,3.1897379750794017,-6.509135374981505,-4.847274381781908,4.0,7.0,-2.783083356513993
03-10,-20.48192771084337,-3.0831652764429127,-21.30384040976687,22.13239446936388,-9.528967484093467,13.783498599263856,1.5858649130466795,-2.676310239882377,3.2608687457687773,-8.148479966622695,-5.909690337651992,4.0,7.0,-2.7608867907145904
03-11,-19.617227063653157,-4.848736498077751,-24.41791135873368,22.13239446936388,-9.528967484093467,16.359202681786662,-0.4555738981564498,-7.260724272091566,1.608038646908367,-8.148479966622695,-3.12084528724372,3.0,8.0,-3.3908027300557797
03-12,-19.904074544854943,3.8317370575751566,-24.41791135873368,22.283984826025524,-9.528967484093467,13.81830621862053,-2.2972896576859188,-7.8142311272135485,1.608038646908367,-10.185604275500232,8.400001525878906,5.0,6.0,-2.2005463793703
03-13,-23.15271398808198,3.5102387876117516,-25.552242905346322,23.6988393991322,-7.835817139764018,13.6790823800684,-2.9931966904688787,-7.8142311272135485,3.2495852874604387,-10.321415440906645,2.8806589745659377,5.0,6.0,-2.786473860267515
03-14,-22.789780208991445,3.5102387876117516,-27.1641745496152,17.03296841493676,-6.4176712186512805,15.135877759619216,-2.9931966904688787,-7.1138974009509175,1.976549899658128,-11.01774323970911,18.899677102538632,5.0,6.0,-1.903741031274759
03-15,-22.789780208991445,6.519011475336142,-32.12499618530273,14.882943126033744,-7.835817139764018,15.135877759619216,-2.857147800061416,-5.823811177963227,1.2555104869551137,-8.87387047591096,21.93146212718463,5.0,6.0,-1.8709652738968137
03-16,-22.789780208991445,3.886336369893957,-35.009426450310265,13.968076596681255,-6.4176712186512805,15.135877759619216,-2.35827880161411,-6.9336332474708176,3.0343442959558926,-12.871749065248515,21.93146212718463,5.0,6.0,-2.5840401675410445
03-17,-22.789780208991445,4.607153255819081,-39.49367499660932,13.968076596681255,-6.4176712186512805,15.135877759619216,-3.3257381178266967,-8.967078715548288,6.396309063427673,-12.766944675557712,17.943920857743638,5.0,6.0,-3.2463227636267167
03-18,-20.77294240857765,5.800081770415004,-42.01031098876115,13.968076596681255,-0.8416614702035726,12.96869796126934,-2.5850413691390117,-9.684767354536417,5.837480103316933,-12.766944675557712,21.45033233893946,5.0,6.0,-2.6033635905594097
03-19,-23.15271398808198,2.2276271061659267,-42.01031098876115,13.968076596681255,-1.7359280364693883,13.445091914890618,0.3971763159485154,-10.397550952675443,5.837480103316933,-12.34911668687358,11.481718693606894,6.0,5.0,-3.8444045383864913
03-20,-22.249384192230888,0.9844125487271655,-40.72164631710899,7.418573871509353,-1.7359280364693883,13.65035865071689,0.9218656079514498,-10.397550952675443,4.0464322679615465,-9.36363393610174,14.835860851212118,6.0,5.0,-3.873694512409812
03-21,-25.0,0.9844125487271655,-38.797468610383675,4.845817754102434,-1.8967366650902733,14.13404218695814,0.9218656079514498,-9.633029328985124,3.85254009929615,-12.407408601135526,22.849970330132948,6.0,5.0,-3.649635879856937
03-22,-25.0,0.8613580463554581,-49.20961374486532,4.060915825051112,-1.8967366650902733,13.733336130777992,-1.49253793827676,-6.203005995743171,6.179778007564472,-11.327755445683778,23.90092723128203,5.0,6.0,-4.217575868057113
03-23,-25.0,-0.2871271722006509,-52.225307478723224,6.218277168008488,-1.8967366650902733,13.733336130777992,-0.7204041483846878,-3.3638027914517585,8.804205841511989,-8.729083002703241,23.90092723128203,4.0,7.0,-3.5968831715430296
03-24,-22.549021899448128,-4.273853788354426,-47.45762711864407,6.218277168008488,-1.8967366650902733,12.366663614908855,-0.6320600424748894,-3.781206664096928,7.347609602001389,-8.679927682862084,7.678017339984372,4.0,7.0,-5.05998783055161
03-25,-25.376125027177807,-4.558762691526601,-42.43614504243007,6.218277168008488,5.163327533573055,14.433333079020185,-0.22431240469674954,-5.229977012769331,7.863694569243567,-8.679927682862084,-0.6305194428401215,4.0,7.0,-4.859739723132497
03-26,-25.6281431117253,2.0935969462378248,-42.43614504243007,6.218277168008488,5.690199946015401,16.650376413909935,2.8695645539656933,-4.724993279570839,7.863694569243567,-10.216990216043438,11.80680048815385,7.0,4.0,-2.71034196038499
03-27,-25.6281431117253,2.969892369821709,-45.18663661874438,-4.5182680590269255,3.1385278034258377,17.240258433360765,4.0790069797983195,-4.724993279570839,6.32372305448255,-8.782256770742222,10.62207321621497,6.0,5.0,-4.042437816609592
03-28,-27.22646557420077,2.969892369821709,-43.86666615804036,1.3793120354836208,1.8398277110928216,16.17838354310754,4.0790069797983195,-5.4263540239000845,7.359582998664856,-5.620503654965432,7.073169965817755,7.0,4.0,-3.750983073392729
03-29,-27.22646557420077,2.7257936467598083,-43.48123552970068,7.899688049838841,1.8398277110928216,17.282362048846633,1.975100788916708,-5.3471983577395585,3.709840408813226,-5.177854899971112,6.617646715082778,7.0,4.0,-3.5620449992964818
03-30,-27.22646557420077,-1.8137878783801915,-43.20487058691078,8.644280783071,2.0518415697767227,17.282362048846633,-0.9649176669511516,-6.014190046590036,5.67656553354208,-5.6687364524818875,6.617646715082778,5.0,6.0,-4.0563883231996
03-31,-26.26263112781529,-2.2727240484340427,-45.053480665815115,7.2601045525666,2.0518415697767227,17.282362048846633,-5.238762559585855,-3.3554565606637072,3.8034304799328433,-6.756153034045447,10.66176350278973,5.0,6.0,-4.35270053113154
04-01,-24.378107092214798,-1.7842681945668872,-46.423759850130274,7.2601045525666,2.0518415697767227,19.50127956382694,-1.6509361392709934,-1.8626743773338983,4.414714754732505,-6.756153034045447,8.382835221566562,5.0,6.0,-3.7495566386448136
04-02,-21.654505733091103,0.12000274658203125,-46.423759850130274,8.080806317177142,3.201709652069682,18.31841855435539,-0.14306479555486792,-2.612211466154597,4.414714754732505,-6.308724041817615,10.886571445126176,6.0,5.0,-2.9200038560641386
04-03,-19.047619047619047,-2.2103929653423124,-41.700407776216785,11.680198993286872,3.201709652069682,18.57232845579825,2.3255813953488373,-2.612211466154597,3.779261455462675,-8.930985725857136,11.608300603090772,6.0,5.0,-2.1212942205575263
04-04,-18.483410180197442,-2.2103929653423124,-36.94482403521176,9.096773209110383,3.201709652069682,19.638406436468888,2.3255813953488373,-1.0301647393416544,4.0339001154495495,-10.80218265357742,11.965278685170984,6.0,5.0,-1.746302280004752
04-05,-18.483410180197442,1.760132213689251,-36.47294549601671,11.194967142620136,1.8398277110928216,18.41772033090567,4.139532044876454,-3.003007367635443,1.4497759276795534,-11.59618540677918,12.074302509751986,7.0,4.0,-1.6981173245466272
04-06,-18.483410180197442,0.8309051023121788,-28.58965871361933,11.206894830509642,1.8398277110928216,18.41772033090567,3.066044823051135,-0.2608036305002384,1.0911632087552472,-9.493663627699355,12.074302509751986,7.0,4.0,-0.7546070577852451
04-07,-20.076850943542112,4.473902034020654,-27.69328237964591,11.206894830509642,1.8398277110928216,18.41772033090567,2.4941208783318016,-0.22263252038527448,-3.0763677426262475,-8.076749122117464,8.173372916428246,6.0,5.0,-1.140004000638925
04-08,-27.053131728125983,1.2169492618848907,-27.531641615715014,11.206894830509642,1.8398277110928216,15.501428128015494,3.423094501247045,-1.5435504977051533,-2.372393438720631,-8.076749122117464,10.516373200622867,6.0,5.0,-2.079354433546498
04-09,-21.552130630646698,2.4410432384175524,-27.531641615715014,12.992608906496107,4.576543023453565,14.963623404790418,4.2831413429591665,-0.7658609915694774,-2.372393438720631,-7.005799667622582,8.068611960336357,6.0,5.0,-1.082023133438293
04-10,-23.55770050773989,3.794370854717077,-26.645569540029,8.127438170994052,4.324893114028469,16.183350743515074,4.7555017036926746,-0.7658609915694774,-5.463696888704356,-5.6953683763949225,10.493046014123543,6.0,5.0,-1.3135996093969775
04-11,-25.98039825253203,3.794370854717077,-27.951494189159565,8.127438170994052,4.223870759510434,11.044974133160816,4.7555017036926746,-1.130559683004501,-5.090252016521908,-4.374453076554931,10.94339504945851,6.0,5.0,-1.9670551405672152
04-12,-25.98039825253203,3.5087743872730117,-29.23271128209383,8.007809698756256,4.223870759510434,10.183642960648246,2.4226150441796346,1.5557174915742666,-2.217456579166022,-6.0325887030532686,6.349206649557296,7.0,4.0,-2.473774347758728
04-13,-23.774512118442612,-0.5480652271437589,-34.6027617607521,8.007809698756256,5.075882730101493,10.183642960648246,0.8865197709456856,3.043478771659205,-3.2017061507954816,-7.688916230644058,6.349206649557296,6.0,5.0,-3.2972200823736206
04-14,-26.237618994472278,-0.7080386283772324,-31.66449837010364,6.978271857961664,5.075882730101493,8.547583666371043,-7.3847585979390775,1.4296234867324955,-3.0024740286282863,-8.166889021350705,4.960317497861329,5.0,6.0,-4.561145309258472
04-15,-27.63819148457957,-1.6006784826406768,-31.66449837010364,6.978271857961664,5.075882730101493,8.185985347266097,-11.8492780397033,2.289248029200176,-3.8091836561476176,-8.166889021350705,4.644988874854133,5.0,6.0,-5.2322129286492665
04-16,-25.19007266099405,-2.6127300935251903,-31.66449837010364,6.978271857961664,-0.5792554590698948,11.969109789209131,-10.789606811152463,3.168891082496226,-3.8091836561476176,-7.057257452860849,2.7045275156319732,4.0,7.0,-5.171073114414064
04-17,-26.735211576438786,1.0966711964258364,-31.98959093634881,9.423078404375753,-1.70393867478275,10.033223985016477,-8.71029550593614,3.168891082496226,-3.915985672817397,-4.720658923277336,1.3633252094410506,5.0,6.0,-4.79004467380417
04-18,-26.735211576438786,1.0966711964258364,-39.95943756815241,10.96408181263743,-0.2126577175069564,10.449735024238278,-8.71029550593614,3.240906026988055,-4.71965901101064,-5.208786119953593,3.7609160960686263,5.0,6.0,-5.0939761220582085
04-19,-26.735211576438786,1.827785327376394,-32.45501320403733,10.96408181263743,-0.2126577175069564,10.449735024238278,-9.480265872274654,2.9656408901889364,-6.524823059600855,-3.1739315558048817,3.7609160960686263,5.0,6.0,-4.419431257741254
04-20,-24.935723824558448,-2.883830464137237,-31.619530783668367,8.82167377836092,-0.2126577175069564,10.449735024238278,-12.945132520797946,1.555154832217816,-5.141839774332255,-3.1739315558048817,3.7609160960686263,4.0,7.0,-5.120469719083678
04-21,-24.678658348469547,-2.9411746624177315,-29.974655107424645,8.82167377836092,-0.2126577175069564,8.895504478894878,-16.363635681983972,4.9186007447710605,-5.484333759656547,-3.1739315558048817,5.4398952380141115,4.0,7.0,-4.977579326656665
04-22,-22.474752193980837,-3.8787841796875,-31.897105963395955,8.82167377836092,1.2759158848074963,8.774839267987403,-16.381410020248673,4.559691913731277,-4.812457888664969,-3.1739315558048817,5.305573832355845,5.0,6.0,-4.898249738594535
04-23,-13.445384489625358,-2.634730010033949,-31.897105963395955,8.82167377836092,0.5847884429879687,7.28477055417571,-18.905468482298048,5.252247511104506,-4.812457888664969,-4.14727670076298,2.266667683919271,5.0,6.0,-4.69384323311208
04-24,-23.4718780341532,-2.634730010033949,-30.868168050537015,8.82167377836092,1.1695870260540182,2.2490770584190334,-20.40301843440407,5.252247511104506,-4.883224166984389,-2.680847492623837,5.342023635963076,5.0,6.0,-5.646114288984992
04-25,-19.38534494287919,-2.634730010033949,-38.58108084161757,-7.120353639505456,0.9037750192484032,2.5761076150496893,-20.40301843440407,4.803045167056122,-7.616976440750432,-2.7338718232379104,0.13245335932716826,4.0,7.0,-8.187272270158836
04-26,-19.38534494287919,-5.1896254850414385,-35.7478201090067,-2.6570081415916156,1.222751455430757,-4.672901361142139,-19.8992381847922,0.9537214959677194,-5.045043670379363,-6.274168696827638,0.9848957520601996,3.0,8.0,-8.700889262563782
04-27,-16.312060639078137,-3.386455651599297,-38.839595100470405,-2.6570081415916156,1.222751455430757,-4.672901361142139,-18.765678443802603,0.4564577347475395,-1.5547722470656822,-8.842940032387169,0.9848957520601996,3.0,8.0,-8.397027879536234
04-28,-12.114020127467072,-4.8000030517578125,-39.31740872945971,-3.9755327422924736,1.222751455430757,-4.565062802642481,-12.344447602788431,0.10582252642619723,-2.293576623255304,-10.644003111810207,-0.9192406272534706,2.0,9.0,-8.149520130624545
04-29,-14.374403782780506,-7.027462661686504,-43.935115713377975,-3.9755327422924736,1.222751455430757,-2.930663717797472,-7.350098816890474,0.5941980869180287,-4.543816262826455,-10.644003111810207,-6.919948938956432,2.0,9.0,-9.080372382369973
04-30,-14.813039607748186,-5.767704049891508,-43.935115713377975,-3.9755327422924736,-0.3189865762604345,-2.930663717797472,-5.907174089960862,1.352755430733639,-4.543816262826455,-11.85151854290852,-4.829932294961479,1.0,10.0,-8.865520742481065
05-01,-12.826607414720671,-6.105350036917776,-41.11424399319704,-3.9755327422924736,-0.3189865762604345,-0.6405704723565794,-5.314682280189415,1.352755430733639,-3.8225798441738097,-11.279530739520636,1.0006645818586586,2.0,9.0,-7.549514917003322
05-02,-11.08513064669559,-6.105350036917776,-45.25547369038761,-3.9755327422924736,-0.053023481220606,1.8055505701051968,-5.314682280189415,1.4221292004755737,-7.150757810796776,-9.646018886633358,5.920206425690637,3.0,8.0,-7.221643943532926
05-03,-11.08513064669559,-7.182766092455265,-44.10919077583186,-3.0581039041850735,-0.053023481220606,1.8055505701051968,-3.962696708103111,1.4925384003706916,-5.1282108608206975,-10.11434110624041,6.700703162875764,3.0,8.0,-6.790424676563724
05-04,-8.278767667174254,-6.51911028980416,-40.05722864690392,1.754392618226333,-0.053023481220606,1.8055505701051968,-5.352909180933381,1.9648386429750433,-6.4835183414981366,-10.416668604169944,6.700703162875764,4.0,7.0,-5.903249201592914
05-05,-11.764704232397346,-4.861665955243197,-45.01844532789329,1.754392618226333,-0.053023481220606,3.2291611891100453,-4.27907012229742,1.550123156374792,-4.751539646147737,-9.880898824788867,4.9776625984271625,4.0,7.0,-6.2816370934409225
05-06,-13.88174164360687,-4.99002011205921,-45.663454054317725,1.754392618226333,-0.053023481220606,5.410004034052177,-4.455913586012299,1.293840848678549,-3.438392126967662,-9.880898824788867,8.462972510915924,4.0,7.0,-5.949293983372753
05-07,-12.82051282051282,-4.8992485076371945,-45.663454054317725,0.8187210168064181,-0.3189865762604345,5.410004034052177,-3.8389497724397414,1.7621160749932503,-3.438392126967662,-6.219672883400421,5.601528404227271,4.0,7.0,-5.782440655586988
05-08,-16.537461459976285,-6.199996948242188,-43.14306740971729,3.963764263803383,-0.3189865762604345,6.397311370610418,-5.2182181473003375,1.7621160749932503,-4.584529667434775,-6.0008963599024225,3.0934328686739905,4.0,7.0,-6.071502908250246
05-09,-15.641021728515625,-6.199996948242188,-36.65031096331127,5.775767081408794,-0.3189865762604345,4.2040013833864025,-5.2182181473003375,3.2531378664027364,-4.831783663798203,-3.9999983045789933,-2.732596482896251,3.0,8.0,-5.66909149851867
05-10,-15.641021728515625,-7.400001525878906,-37.14285594514996,5.775767081408794,1.6480567503665893,4.2040013833864025,-8.34914722605185,6.373844984841682,-7.377941930097499,-3.3639164626272984,-2.7994812160614404,4.0,7.0,-5.824790530398103
05-11,-11.128205519456134,-1.8363313606043328,-33.87573793369255,4.0770063396121765,1.6480567503665893,4.2040013833864025,-9.304558746108118,6.929394277453135,-3.644894486654065,1.7787412623983871,-2.7994812160614404,5.0,6.0,-3.9956372044872683
05-12,-10.714287452030426,-3.0303030303030303,-34.313719144213245,0.5868566672352893,1.6480567503665893,0.9993139591759044,-8.926008896347124,9.595793779197852,-4.525862866292806,1.5652200450067937,-0.5859385065074925,5.0,6.0,-4.336443517701063
05-13,-11.655494069217772,-2.9947458756961316,-35.746948333021614,0.5868566672352893,1.6480567503665893,8.44344434823354,-4.113479219503907,11.514140340494428,-2.2128594426053185,1.5652200450067937,-0.653591023194668,5.0,6.0,-3.056309073809344
05-14,-10.332483563142024,-0.3617369599023634,-35.746948333021614,0.058686786059520914,2.9889863867114914,5.236823611729469,-6.406550621592602,11.572994936994698,-2.2128594426053185,-0.6521722544794497,1.7658568002810748,5.0,6.0,-3.099036604815194
05-15,-5.808088738338922,-1.0931115063775714,-31.85975143263763,-11.61250481571077,4.457264788003247,0.315790009080318,-1.8911431809999928,11.572994936994698,-4.566214175493095,-4.225982127599929,3.2650463035748074,4.0,7.0,-3.7677909035913486
05-16,-3.9702290796744504,-1.0931115063775714,-31.044775864466647,-5.994066504547697,4.195066858221683,-2.315788938288103,-1.8911431809999928,5.387425834139955,0.0,-2.6071594099339066,3.883491489984352,3.0,8.0,-3.222753663812944
05-17,-3.9702290796744504,-1.1335982617336298,-27.536232885606278,-16.264682426454133,4.195066858221683,-5.384892544307253,-1.4298868153999749,7.689727544412944,-1.646088973758781,-2.19043251111007,3.4460320482933717,3.0,8.0,-4.020474277010597
05-18,-1.7369746307481833,-3.52226277332807,-23.985509955565,-12.64229260327024,4.144800788637645,-5.384892544307253,-2.7497726391446693,6.573085344483758,-5.181347013711432,1.1529859438128058,3.4460320482933717,4.0,7.0,-3.6260134577133862
05-19,-1.0209090662948774,1.8599177371946864,-22.85714830671038,-12.64229260327024,4.144800788637645,-5.63787300918333,-1.792276587988244,6.1376720243825,-4.143832372800425,3.7980110395725033,2.9258765014092116,5.0,6.0,-2.657095805004632
05-20,3.9796417679859175,0.6048371901000604,-29.129137815392703,-12.64229260327024,4.144800788637645,-0.6657274723688414,-9.74638998003686,7.92541130101816,-1.9101866350854733,3.7980110395725033,-0.4669823186615935,5.0,6.0,-3.10072861250013
05-21,4.391587214168197,3.864546637295018,-29.129137815392703,-18.3942456356402,3.0954888201447246,-0.6657274723688414,-10.080241600037802,4.259001308792554,-1.9101866350854733,3.1937840685433763,-3.3769797614670622,5.0,6.0,-4.0683737155498365
05-22,6.418313559715978,2.6230892165761985,-28.978984225138174,-15.393593910897788,0.212760690435884,-7.041726448970254,-10.46804144869026,4.259001308792554,-1.7426288709940725,3.241348110342165,1.4864882715780894,6.0,5.0,-4.125815795204516
05-23,4.576658958999686,2.6230892165761985,-28.35248854549469,-4.119000226306703,-1.1170265975719451,-8.308493031142227,-10.46804144869026,5.574787914779818,-0.16778907949432473,3.0330469518600403,2.338810952569953,5.0,6.0,-3.1260404485376783
05-24,4.576658958999686,3.107346393975857,-20.663647992630672,0.9387082858339296,0.212760690435884,-8.308493031142227,-11.726219553576767,5.470388712324382,-0.8901069395104702,-4.323308489699913,4.864531853368578,6.0,5.0,-2.4310346465110677
05-25,7.09382662402004,-1.3553565715873728,-20.988595505300182,-1.0368680809172852,-2.2900767328220586,-8.308493031142227,-6.6247529577738105,5.534150493619166,-4.823485254548703,0.23179989693066305,4.864531853368578,4.0,7.0,-2.51848356965029
05-26,7.285967854399461,-3.8001681757008505,-13.587349849427786,1.1830934336487675,-2.2900767328220586,-8.308493031142227,-6.812659746254868,10.2546702191061,-4.948098007097845,0.9208050732665146,4.864531853368578,5.0,6.0,-1.3852524644232915
05-27,7.589280734560843,-8.381627887596537,-12.77658767030506,1.1830934336487675,-2.2900767328220586,-8.308493031142227,-7.718612490012509,8.257842425892196,-4.911795516391389,0.9208050732665146,1.954805044395081,5.0,6.0,-2.225578783318761
05-28,10.29606721217008,-10.124890499727893,-12.77658767030506,1.1830934336487675,-4.6806188800208375,-11.294022820856082,-11.296656031980502,8.576386731899758,-4.911795516391389,0.9208050732665146,-0.6131231437410021,4.0,7.0,-3.1564856465488766
05-29,12.043007471228162,-10.618283475079872,-12.77658767030506,-2.6932142498597686,-5.6111123826768665,-11.906579644253206,-9.52150441036333,8.576386731899758,-4.911795516391389,1.823152273443892,4.764817633827532,4.0,7.0,-2.8028830216845586
05-30,5.54271998491741,-10.618283475079872,-11.174788075600686,4.16184592547316,-4.969627764760204,-11.906579644253206,-9.52150441036333,8.576386731899758,-3.9296772859500866,-0.7787451987543781,6.16113187135656,4.0,7.0,-2.5870110310104426
05-31,5.54271998491741,-10.618283475079872,-15.328470151142067,8.150282982193742,-4.803969644194709,-17.625750879395163,-9.52150441036333,7.757407318730594,-6.584072956996682,0.13869061701716587,7.638481020879741,5.0,6.0,-3.204951781221196
06-01,5.54271998491741,-8.742190355945112,-6.515375938978248,12.053570525758731,-5.3274087685111775,-17.625750879395163,-9.099624531829477,5.203132973130378,-8.653500231244617,0.7830408849114046,7.638481020879741,5.0,6.0,-2.2493550287551023
06-02,5.882352941176469,-9.033982537012456,-6.676562335070227,12.053570525758731,-5.3274087685111775,-21.28772204013077,-5.913208448836168,4.33718000874485,-9.221383629118364,-0.6542116798723823,7.113698778373758,4.0,7.0,-2.6116070167725214
06-03,3.773590168014016,-8.265948489077429,-9.187547692767122,12.053570525758731,-5.3274087685111775,-20.724344223232087,-5.0758998989412865,5.120164960748876,-10.93294439362893,-0.6542116798723823,4.324642052903842,4.0,7.0,-3.17239431260045
06-04,8.490134482515941,-7.6542135660327375,-9.187547692767122,12.053570525758731,-5.797095748154288,-20.724344223232087,-4.549724364858264,8.221025973615353,-10.93294439362893,-3.317761703166101,5.143538827722035,4.0,7.0,-2.5686692620206792
06-05,6.791572538789978,-8.484568304020975,-11.996962145429757,13.596488889014372,-5.38589284301589,-23.50100628949161,-5.890744529261809,8.221025973615353,-10.604955505741753,-2.692664341011961,-0.2390969313917672,3.0,8.0,-3.6533457716314377
06-06,7.955602007109415,-8.484568304020975,-13.955230540808795,18.95530189518765,-1.7061060244398856,-18.68978162439066,-5.890744529261809,9.164424503825881,-10.37975001384811,-0.8215440731600092,-2.465434608848424,3.0,8.0,-2.392530119332338
06-07,7.955602007109415,-10.526313967572305,-9.569031846383892,11.927116114241226,-2.1558838383572128,-21.835436710771337,-9.263661917413703,10.238568990531009,-11.72015886639246,-0.2253232801135229,-2.8985595716481827,3.0,8.0,-3.461189353342814
06-08,7.955602007109415,-15.779559367417884,-5.6998555658147785,11.927116114241226,-2.1558838383572128,-21.835436710771337,-11.809894387093248,9.993314717559725,-8.169117517415234,-1.8340193870930477,-2.8985595716481827,3.0,8.0,-3.664208500609142
06-09,8.005622392129437,-19.33621151220171,-7.79883144314207,9.220261318708515,-2.1558838383572128,-21.518981324959913,-6.84160765713773,11.033564898598652,-7.944423108232216,-0.5887643171005122,0.9661826846140192,4.0,7.0,-3.3599156279164313
06-10,5.714289347330729,-19.742710832343953,-6.787000393450897,9.220261318708515,-2.1558838383572128,-26.85410757694605,-0.13927009295180695,10.19867498641172,-6.203990563671982,-0.5887643171005122,1.0309283120288233,4.0,7.0,-3.3006885136675117
06-11,4.0114619444334885,-20.11689733382771,-6.787000393450897,8.480363101867834,-2.3770055364773834,-32.43014214753398,1.715340459525124,10.1093776246195,-6.203990563671982,-2.264492761447785,7.678246438744122,5.0,6.0,-3.471339924292697
06-12,0.9638590985033884,-23.733063069788088,-8.014437733607165,9.846326535486238,-4.692738382621604,-35.41125614758684,1.1194018896451168,10.1093776246195,-4.135991480643352,-2.2883294794998434,7.311173052885074,5.0,6.0,-4.447788917509781
06-13,0.9638590985033884,-23.733063069788088,-4.957505771519488,12.989127386945796,-4.692738382621604,-41.90946035540292,1.1194018896451168,9.247599961789808,-6.671419500805436,-3.598133044343272,7.83024209077338,5.0,6.0,-4.85564451789303
06-14,0.9638590985033884,-25.43903470742823,-5.240791622632961,15.760867818767462,-5.162739012622753,-38.55579570618685,2.192169818076843,9.399998982747396,-4.3509003265634485,-0.6883873897563041,8.104890075683544,5.0,6.0,-3.9105329974010825
06-15,-1.2048192771084338,-20.404136041611594,-10.398228641441042,11.76471024072602,-4.927206778797974,-38.55579570618685,0.09293892815163207,11.788083719718788,0.13788664326696404,-1.3364009123630467,8.104890075683544,5.0,6.0,-4.08527979545109
06-16,-3.431376353083897,-16.50532368149678,-17.99699089894506,11.76471024072602,-4.927206778797974,-40.39387875489953,2.573526930386246,11.710524705968714,2.8717953934628735,-0.9178469352348814,3.8736680529233527,5.0,6.0,-4.670763461726447
06-17,0.5255643036200073,-16.057693630280625,-17.027630130780153,11.76471024072602,-3.471438469746846,-30.632491458523997,3.933095869012407,11.63934176085425,2.77207215940004,-0.9178469352348814,0.9202431015409273,6.0,5.0,-3.3229157444920787
06-18,-1.222493841922309,-14.457253952938876,-17.027630130780153,9.87791698905656,-3.471438469746846,-30.67383180023981,2.4922095374055524,10.938530868823767,2.77207215940004,-1.5144557587920977,2.696075910607056,5.0,6.0,-3.5991180444661013
06-19,-4.698967548372713,-14.732784778531757,-17.84913613419187,9.87791698905656,-6.3794031119773695,-26.99880026312062,4.029785717776732,10.938530868823767,5.441479089498844,-2.8453368785448765,3.3169588006854736,5.0,6.0,-3.627250658990712
06-20,-1.857139950706845,-14.732784778531757,-17.99850474696899,14.650389990336238,-6.099598175989887,-36.352036865026065,4.029785717776732,10.079316329608249,4.791237684562257,-3.0951312081400113,3.1823773127769246,5.0,6.0,-3.9456444263911963
06-21,-1.857139950706845,-16.369761885389746,-17.027630130780153,14.650389990336238,-5.987686875061839,-31.650241754084202,2.8471293066248826,9.38532759784065,3.9195253685638636,-5.006890811521192,3.8882103599396505,5.0,6.0,-3.928069889476244
06-22,0.9523845854259672,-18.006738992247733,-19.288957180240477,15.789474509759634,-5.987686875061839,-31.650241754084202,2.365304467732348,8.142242441061406,1.82584433329257,-3.2272685657848013,3.8882103599396505,6.0,5.0,-4.108857515473407
06-23,2.8571446736653643,-13.547151777842544,-16.973878700248893,15.789474509759634,-5.987686875061839,-24.13792698456645,2.4221511806380365,8.275173673948991,-2.3298191226598792,-4.0311459635461375,3.4021840649471944,5.0,6.0,-3.1146801200878658
06-24,3.3492768821401806,-18.27586764165071,-21.742600028694085,15.789474509759634,-5.987686875061839,-22.947454895434078,6.795262048887161,8.609714110488328,-3.3455875804680213,-4.0311459635461375,8.14094333806887,5.0,6.0,-3.0586974632282455
06-25,7.0961739138642415,-21.122445454452567,-21.742600028694085,15.789474509759634,-3.577234797398232,-25.369458745208927,13.321875034323256,8.609714110488328,-3.3455875804680213,-3.664678148678307,7.090010278751607,5.0,6.0,-2.44679608251937
06-26,8.994468337133368,-17.582957618412195,-22.941645348120087,16.721492483592776,-2.593190363592579,-29.87881123003501,13.950513580460287,8.609714110488328,-4.080877470104063,-0.3116723287012331,9.87202864486656,5.0,6.0,-1.7491761093112592
06-27,8.275223931683048,-17.582957618412195,-22.941645348120087,14.473681045921404,-1.4586734436792723,-23.461859793285022,13.950513580460287,7.805694787034143,-3.31003898805722,-2.168140543572408,14.758856149332216,5.0,6.0,-1.0599405673359188
06-28,8.275223931683048,-17.533427016048087,-13.856814645501116,12.993420588260207,-1.6207414011397308,-23.310121137345508,13.011949978318555,8.530962122921707,-3.679175823296712,-2.78760685899436,16.410252341691685,5.0,6.0,-0.32418890176821075
06-29,9.576938372954487,-22.731812037347908,-19.784454917486986,12.993420588260207,-3.3516410847908658,-23.310121137345508,11.536820395395242,8.685604387304895,-4.3671365106758575,-1.6781385262022022,16.410252341691685,5.0,6.0,-1.4563880116584371
06-30,10.656865622604316,-28.136286109766182,-19.54545424989432,16.605363568399596,-3.3516410847908658,-23.88365407681122,12.473116638839883,6.1443412730336675,-3.961494578885884,0.0,15.156689512103457,5.0,6.0,-1.6220139531970503
07-01,10.204081985718672,-27.38033768021647,-19.274378525819852,16.605363568399596,-3.3516410847908658,-23.719790871449703,12.194074885993135,6.751054721715602,-3.8845697757577615,0.0,15.445770430183464,5.0,6.0,-1.4918520314567436
07-02,8.337110004670283,-23.764819764504644,-19.274378525819852,16.605363568399596,-3.9226467928671065,-23.719790871449703,12.188724694507568,6.660172510322951,-3.8845697757577615,0.0,14.334667024970797,5.0,6.0,-1.4945607206843503
07-03,8.131174516314474,-25.312653946365433,-17.535908758666327,16.692910650174625,-3.9226467928671065,-22.040151994042763,9.336940404603963,6.660172510322951,-4.550497635925048,0.7601364140879603,14.627359442298884,6.0,5.0,-1.559378653642166
07-05,7.882882611974678,-25.312653946365433,-8.504397494241774,16.692910650174625,-3.9226467928671065,-17.283469932788485,9.336940404603963,7.005142179904526,0.36140361833754064,2.050208280079866,12.084758382830453,7.0,4.0,0.035552541967532464
07-06,7.882882611974678,-24.07131537616759,-7.0351724391004,13.07086546373204,-3.9226467928671065,-17.283469932788485,12.245801746210494,9.494888604561698,-0.4343135826214371,-0.5618023835099568,12.084758382830453,5.0,6.0,0.1336796638413082
07-07,4.081631064265974,-20.84737519631365,-0.06830105855892388,11.063379594218254,-3.9226467928671065,-17.677164718705498,11.264465193348773,9.385939339153165,0.14114649016221348,0.9365658386467488,13.51660267325958,7.0,4.0,0.7158402206008673
07-08,6.6932635843427315,-22.309194455961013,-0.20519653355690973,11.063379594218254,-3.9226467928671065,-3.6126603336062817,10.63167009927207,10.5960227058102,1.2216418364046084,0.9365658386467488,12.871853883996973,7.0,4.0,2.1786090387909343
07-09,6.056529053479348,-18.69606665588945,-0.20519653355690973,11.063379594218254,-3.9226467928671065,-4.208562922578055,8.088887532552084,10.877079982906412,1.2216418364046084,3.2354203332785243,15.675056309341404,7.0,4.0,2.6532292488444646
07-10,5.1818154074928975,-22.030552546371414,-0.20519653355690973,12.191194175354989,-2.006501741696802,-4.208562922578055,9.69432030714144,10.877079982906412,1.0820225831412615,4.729436452822295,13.120568894909036,7.0,4.0,2.58414764177865
07-11,5.6535502736022964,-22.030552546371414,3.4717446547007484,12.191194175354989,-2.006501741696802,-10.239312019566448,9.69432030714144,10.05972621601872,3.3124154561742096,3.151984227313793,12.848842405769773,8.0,3.0,2.373401037131027
07-12,5.6535502736022964,-23.903392091074434,5.058908388579912,12.753465415361813,-2.2776576145875342,-9.980435305494556,6.855893978067157,8.359819571846904,7.0890463975606846,2.2068377992746298,12.950055930065654,8.0,3.0,2.251462976654776
07-13,4.7942168431905845,-30.793317669713712,4.066162255556057,12.753465415361813,0.9453797086164468,-9.980435305494556,8.372486532456458,7.955271028153564,6.952968319420438,1.728606867246553,12.950055930065654,9.0,2.0,1.7949872658962998
07-14,2.6411655186095047,-27.763493093633066,0.21413765992423697,13.446263050546255,0.9453797086164468,-12.72015693560507,6.79911273340074,8.079845628046826,9.18163765108806,2.1093404251999925,9.75609418403744,9.0,2.0,1.1535751391119426
07-15,8.683977264131242,-30.749347484709915,0.21413765992423697,13.446263050546255,0.9453797086164468,-12.543958832872587,3.6738338084044337,7.282014749878727,8.573346687754388,2.1093404251999925,8.362574697515148,9.0,2.0,0.9088692485807609
07-16,13.67066058516235,-29.658383192269827,0.21413765992423697,9.475908237242269,-5.069636817458774,-14.84954753576372,4.480286799609097,7.724089219781619,8.573346687754388,2.8842018488883925,5.747798158877113,8.0,3.0,0.29026015015883183
07-17,13.487137497998722,-30.129866166548297,3.283369240770427,9.475908237242269,-3.86526135836078,-17.091629254897686,3.090910478071733,7.724089219781619,7.669125481308495,4.466917346777529,9.60874110045681,8.0,3.0,0.7017674384182586
07-18,13.869255628532047,-30.129866166548297,-3.7692290086012616,6.51137947050627,-5.614823301439593,-18.326694468362287,3.090910478071733,6.643351258935013,4.449005022619576,1.6732680585021056,7.368422226745823,7.0,4.0,-1.2940928000944427
07-19,13.869255628532047,-31.480516706194194,-12.717224563637496,6.807392420005602,-6.1512426344532845,-17.437721185310412,2.909088134765625,6.9378710788676345,4.965983344953671,-0.3568239225415684,4.5783145266081435,6.0,5.0,-2.5523294434912938
07-20,14.531798131067882,-29.802698353609557,-8.591885043169508,6.807392420005602,-6.451609421201189,-17.437721185310412,5.130510462992158,3.5361539489834364,6.302950172569482,-0.7926037535547572,4.5783145266081435,6.0,5.0,-2.017218008601702
07-21,10.344827586206897,-31.15182584689024,-7.5576832617635015,6.807392420005602,-6.451609421201189,-14.748910269695616,5.99639272049827,2.9636661016546344,7.044617306581824,-1.2831814304591251,7.409641371356059,6.0,5.0,-1.8751520657914893
07-22,5.314011308826268,-30.813952960871426,-7.5576832617635015,6.807392420005602,-6.451609421201189,-11.187739592398872,3.678157411772629,2.374076898642564,6.290161073884379,-1.2831814304591251,7.636798365483571,6.0,5.0,-2.2903244716435545
07-23,2.9043562526223656,-36.973380434833174,-7.5576832617635015,6.807392420005602,-10.97344318160591,-14.290980193852661,3.776159877124399,2.280022795082887,6.290161073884379,-1.9911453451115204,6.134963761544433,6.0,5.0,-3.9630523851729738
07-24,5.097092839637445,-36.143248505883925,-5.489264525135425,10.079154461816694,-12.507367766732285,-5.4890902947028115,5.1569491384514485,2.280022795082887,5.850522692224236,-1.3215824976989985,9.042234101011868,6.0,5.0,-2.131325232902625
07-25,8.259034598732235,-36.143248505883925,-4.126980066239491,12.29551361424132,-12.507367766732285,-2.15053903108739,5.1569491384514485,3.5003216889921607,1.1458330987780119,1.8769109910070718,8.654973467219538,7.0,4.0,-1.2762362520473922
07-26,8.259034598732235,-37.079888064379475,-5.098036223766852,11.081795762123136,-12.507367766732285,1.3499459947658496,6.905825385049226,3.1561982812116267,-2.8083929580388034,0.2204635967212442,9.396751201082012,7.0,4.0,-1.5566972902938259
07-27,7.08587642761379,-38.37535145702733,-8.23529561360677,14.670187729397664,-12.90704786236915,1.3499459947658496,4.197962398681056,3.1544693117219262,-3.7722400411118464,1.9719494373739368,9.396751201082012,7.0,4.0,-1.9511629521344425
07-28,6.971376913754908,-36.238289610020296,-13.580252049457945,14.670187729397664,-12.90704786236915,1.3499459947658496,5.171666763236034,5.499840735462778,-5.272730047052557,2.7391267859417456,10.382830543024598,7.0,4.0,-1.928485827574216
07-29,4.591835786833085,-37.262361038617115,-15.384616611363919,14.670187729397664,-12.90704786236915,1.4250075628038883,5.1024860912446295,5.872965710400918,-6.826569577226678,2.7391267859417456,10.943834934718316,7.0,4.0,-2.457740953476057
07-30,-0.046297355116784934,-31.774705840621863,-15.384616611363919,11.926122099697864,-12.847839873954628,-1.6743898318951094,11.75954452616909,5.692359004118823,-6.826569577226678,1.956525056258492,12.390419424946113,5.0,6.0,-2.2572226344535093
07-31,-4.045694298952247,-30.38905699362152,-17.05685581393272,11.926122099697864,-12.847839873954628,-0.24587848212562385,13.318965736949336,5.692359004118823,-7.749078789333347,-0.9586026407012394,16.609192258663665,4.0,7.0,-2.340578890290148
08-01,-3.0645994999347126,-30.38905699362152,-10.72319194087314,9.4986863954615,-15.550084253928938,7.861308184529471,13.318965736949336,3.965461314249193,-12.603774160709026,0.5228794564015022,15.380215069101313,6.0,5.0,-1.980290062943184
08-02,-3.0645994999347126,-31.966350038778742,-8.47880698590631,6.021509764855707,-15.550084253928938,5.29287223685151,14.051724662395193,7.643112446465232,-12.198794564257364,5.959981405583602,15.428570338657925,6.0,5.0,-1.5328058625451724
08-03,-5.044797964919172,-26.7519266173195,-10.224443251977169,2.6344073175736438,-16.697694132801658,5.29287223685151,13.945427856541611,9.463722169708298,-11.44601337196254,10.286672417124613,15.428570338657925,6.0,5.0,-1.1921093638656781
08-04,-2.341920332863152,-22.395020683212447,-1.6228751542258717,2.6344073175736438,-16.697694132801658,5.29287223685151,11.206528586314851,9.076434446157883,-6.002226205896273,8.904109029793176,9.600001743861604,6.0,5.0,-0.21321664985879368
08-05,-1.713751409308886,-22.233821830939227,2.3031234675938137,2.6344073175736438,-16.697694132801658,6.480838191312512,11.307729091956348,6.478243960007097,-7.394899646539079,8.904109029793176,5.909620186776505,7.0,4.0,-0.3656450704159781
08-06,-2.7522954241654776,-14.497193111112454,2.3031234675938137,6.666665299391687,-16.075948931586,7.416349208364779,11.653002822826574,4.599935334271953,-7.394899646539079,7.662674951875374,5.320994954186128,7.0,4.0,0.4456735386461181
08-07,-2.537378675513584,-22.501370613892306,-3.343237800815696,4.5698944303062525,-14.93670650751734,8.607414594260296,13.77422278555335,4.599935334271953,-8.483484537015453,7.219139449265912,5.339524670553391,6.0,5.0,-0.6992769882312021
08-08,-2.3981844803100785,-22.501370613892306,-4.086182683329185,8.172045304246199,-13.924049257640007,8.543412718262362,13.77422278555335,7.029478514092044,-10.343507654801355,6.796942732548247,2.9062856072337158,6.0,5.0,-0.5482642752760922
08-09,-2.3981844803100785,-22.446754397761683,-1.897811916070255,6.9892533212220105,-7.541570345939126,12.93333053588867,14.237570317412866,5.511812107634038,-11.576923957237833,3.790218554912348,4.548097939629691,6.0,5.0,0.195367061761877
08-10,-5.203618093574868,-22.772273488190173,2.49110588411615,6.9892533212220105,-8.965100456558645,12.93333053588867,12.367640833578385,9.015076865782564,-7.660061914688745,4.376665082830954,4.548097939629691,7.0,4.0,0.7381924100032716
08-11,0.09229560541419436,-23.59427139279775,2.7758031176393567,6.9892533212220105,-8.965100456558645,12.93333053588867,12.891114898223414,15.098335510769507,-9.688858018737239,4.249672356515289,1.5743467275179477,8.0,3.0,1.305083836826978
08-12,2.5676271419302665,-17.93249836527338,2.7758031176393567,6.9892533212220105,-8.965100456558645,11.534352985112633,13.774672794024227,20.251042205131334,-13.349616310074493,4.249672356515289,0.11648490200815928,8.0,3.0,2.001063062879706
08-13,3.6363601684570312,-19.80624499616118,2.7758031176393567,3.6559155442450018,-7.261912357780472,12.745783774972505,12.820514236330116,17.560553918677428,-13.349616310074493,3.895533697083319,1.2865568175163755,8.0,3.0,1.6326588737186347
08-14,-0.6466572723504482,-19.16488150545759,4.056944062352516,3.6559155442450018,-7.553958068519098,12.066524486178439,13.535682324267896,17.560553918677428,-13.431018255585652,6.956523397694463,2.9599549763867348,7.0,4.0,1.817780327989972
08-15,-1.9653722966770453,-19.16488150545759,6.2633459252279975,1.935487112732608,-7.2662254129256185,11.471319374286358,13.535682324267896,17.21453624039368,-10.868689026495423,5.360278124278512,0.475906759355568,7.0,4.0,1.5446716017260858
08-16,-1.9653722966770453,-18.89720943055229,4.626338529398928,0.16129401091516124,-7.45121372117969,13.263522819046669,12.551269775540733,14.466859790750116,-15.112402546159506,4.1137878265416274,-3.399253564195601,6.0,5.0,0.2143291994026459
08-17,0.0935912820693616,-10.310317419859377,3.3874417313072094,-0.8351978481368091,-7.514795777694336,13.263522819046669,13.445725735184087,14.625172254901646,-16.073672041413978,4.146864364110965,-3.399253564195601,6.0,5.0,0.9844619577563488
08-18,-1.5023549935911291,-5.885288529062192,2.1877234858687267,4.17988901652763,-7.514795777694336,9.42407990066608,10.4856058704698,15.50409430888318,-15.14026448410586,3.479770530774726,-2.781204246620881,6.0,5.0,1.1306595529196133
08-19,1.5214380616906351,-11.235956776154325,1.000002452305385,4.17988901652763,-7.041423437387668,10.639802514922355,9.49957497186499,15.119888561342645,-11.372707271374846,3.479770530774726,0.7194294786443279,8.0,3.0,1.5008825548323506
08-20,0.9900947361491952,-15.156694946145384,1.000002452305385,4.17988901652763,-6.788663413665287,15.466757371396382,8.496176390039006,17.561643417567424,-11.372707271374846,5.132667755213246,2.0202029360022764,8.0,3.0,1.957215313092276
08-21,-1.7987401299111214,-16.283084351893766,1.9999980926513672,3.30214848073961,-6.788663413665287,14.513204644708154,6.954638140530317,17.561643417567424,-12.011174353664913,3.5386609328993237,3.3568887525962072,7.0,4.0,1.3041382011415743
08-22,-2.4461838891192205,-16.283084351893766,1.0714258466448103,5.283016617480033,-2.5200490099046675,17.322834860679926,6.954638140530317,17.260271882357664,-12.856012309037853,6.862739837311122,5.374502837958137,7.0,4.0,2.3658273148187736
08-23,-2.4461838891192205,-18.124290437192204,-0.8571420397077287,1.971235110334577,-5.5424562783037725,14.854400678068435,6.825053778581291,16.217713183693945,-7.394637076503752,8.625108672857541,4.610957503283992,6.0,5.0,1.7036144732720997
08-24,-1.5166313984476385,-13.755706532211654,-0.8571420397077287,-2.735900476230133,-5.5424562783037725,14.854400678068435,7.506470009535098,16.828388539452135,-8.148435798964574,7.669489138498321,4.610957503283992,5.0,6.0,1.7194030313611344
08-25,0.2403809562235963,-16.141967447114745,1.7391287521814438,0.3250242086569248,-5.5424562783037725,17.766309782252208,6.4754443993787385,16.918838980309864,-10.809778039408824,7.825712867535764,3.5734917902110026,8.0,3.0,2.0336481792656547
08-26,4.761906882029064,-18.735633910072455,1.7391287521814438,0.3250242086569248,-5.070758589479622,17.359852814767198,6.004317116859999,15.998892588809245,-8.28667128588186,7.825712867535764,4.5506213909692566,8.0,3.0,2.4065811669431776
08-27,1.7370842494726135,-17.183094293298858,1.7391287521814438,2.3835246399285173,-5.306613056971697,13.141830510879727,4.200949791876793,19.105912354137065,-8.28667128588186,8.206424182728522,8.220726199355518,8.0,3.0,2.541745640400708
08-28,3.855193592743503,-24.625515706941208,3.7681192070764853,1.043375267772489,-5.489966209304596,13.141830510879727,3.109939057579288,19.105912354137065,-9.182527063845127,8.213980094318151,11.736074111171913,8.0,3.0,2.243310474144336
08-29,2.8503491490144035,-24.625515706941208,2.971013345980805,2.2776576145875342,-5.489966209304596,10.144409010452408,3.109939057579288,18.839812363191644,-10.47258400951064,7.882603933104766,13.862428490823989,8.0,3.0,1.9409224580889448
08-30,2.8503491490144035,-24.745350680720023,2.971013345980805,4.301643490304176,-2.524386267090084,10.499820684534477,1.5768752148691318,18.524499929540056,-8.220722913787267,8.721173544810975,12.660937662441848,8.0,3.0,2.419623014536227
08-31,2.9453632035919406,-22.392464927319,4.202897939780167,3.5940819367532466,-1.8233710318180545,10.499820684534477,-1.4215890340757869,18.300302317073726,-7.228916095257992,6.976742685600147,12.660937662441848,7.0,4.0,2.392164121936793
09-01,-0.7194226176781484,-20.472890460330998,5.65217189993137,3.5940819367532466,-1.8233710318180545,15.426102447188013,-1.8502205382285593,18.56563049717738,-5.532072949378617,5.619903457554291,12.339052105000773,6.0,5.0,2.7999058860155177
09-02,0.7125872872536009,-18.505547178042487,5.65217189993137,3.5940819367532466,-1.8233710318180545,9.509656235836148,0.17505870835688306,17.768592262133392,-5.0879875851593965,5.619903457554291,7.6318778543333625,8.0,3.0,2.2951839861029413
09-03,-2.7338114359499075,-13.16397648278739,5.65217189993137,3.5940819367532466,-1.8233710318180545,9.239938629423623,-1.3501802510988024,15.654137054885506,-5.0879875851593965,5.619903457554291,9.888892703586157,6.0,5.0,2.317254445029149
09-04,-6.01466746380468,-17.647062190785693,5.65217189993137,3.5940819367532466,-4.4142653269818375,10.875232904313684,-1.3943341358879893,15.654137054885506,-5.0879875851593965,6.14789463071525,10.278846222031635,6.0,5.0,1.6040043587282815
09-05,-2.7488147545979085,-17.647062190785693,9.347825681329457,3.5940819367532466,-5.290104147962516,11.890136994780953,-1.3943341358879893,15.654137054885506,-3.7376105081963984,6.3776602802951805,5.9048757626787065,6.0,5.0,1.9955265430265938
09-06,-2.7488147545979085,-17.647062190785693,9.347825681329457,3.5940819367532466,-3.2348015272405117,11.826403265380904,-1.3943341358879893,17.768592262133392,-6.0866228028559775,4.6010980498749525,5.9048757626787065,6.0,5.0,1.993749231525688
09-07,-2.7488147545979085,-21.188479705741674,5.869568176966567,9.118086455068491,-3.2348015272405117,11.826403265380904,-2.5371824506575766,15.100665449220624,-5.430564706134773,3.829785610767121,5.9048757626787065,6.0,5.0,1.5008674159736344
09-08,-1.2235304888556986,-19.050439239175056,5.869568176966567,8.571433215170142,-3.2348015272405117,11.826403265380904,-4.214724121578831,14.800225361231641,-4.809929162494188,2.5862084557694907,5.9048757626787065,6.0,5.0,1.5477536088957422
09-09,1.0454524647105825,-16.476258669519318,5.869568176966567,8.571433215170142,-3.2348015272405117,12.131032238791256,-2.4680451862564983,13.449635800535773,-5.7534296070383935,2.5862084557694907,4.045935710361668,7.0,4.0,1.7969755520227964
09-10,-0.5013614417747071,-16.837049222557546,5.869568176966567,8.571433215170142,-1.5058586345128613,12.759112770660476,-2.6443383311918742,15.88733802140194,-5.7534296070383935,-0.17240951234194288,3.7178801046340753,5.0,6.0,1.7628077763105343
09-11,-0.5925212288158468,-12.442126927644491,4.3478287911369655,5.4174955622388605,-0.9481320323506748,12.320403327501214,-1.658669011986741,15.88733802140194,-5.714289766801801,-2.471811396466244,4.264629019145231,5.0,6.0,1.673649487032583
09-12,-2.890437808076808,-12.442126927644491,4.1304394247851235,5.318099192552619,-0.9481320323506748,12.320403327501214,-1.658669011986741,15.750616015720267,-3.404748729066593,-3.5417552961031467,1.6949226778214053,5.0,6.0,1.302600984832016
09-13,-2.890437808076808,-17.129623650768895,9.368769631512286,5.318099192552619,-0.9481320323506748,15.56554833535504,0.08730012176726884,14.33342492287262,-5.469355352432221,-2.179488193144973,1.6949226778214053,6.0,5.0,1.6137298041006978
09-14,-3.7762211521310114,-17.865571050764718,9.368769631512286,5.318099192552619,-0.9481320323506748,15.56554833535504,3.4828004395952967,13.507500736062706,-6.178053121051135,-2.1367521715857376,1.6949226778214053,6.0,5.0,1.6393555895469163
09-15,-2.7302181208883,-17.247394536188065,3.731858686163715,5.318099192552619,-0.9481320323506748,12.14112849328166,1.5237200025409172,12.23344213712103,-5.983887549688371,-4.003481699827806,2.1323197237566984,6.0,5.0,0.5606776633157655
09-16,-2.7971955840568064,-15.710304038797275,3.731858686163715,5.318099192552619,-0.9481320323506748,11.927879735981682,3.56376899281841,12.206701187191355,-2.333330225061488,-4.003481699827806,4.538008690584894,6.0,5.0,1.408533900472602
09-17,-3.2967001296892264,-13.429522834730678,3.731858686163715,5.318099192552619,-2.957909328898621,7.0934230592380905,3.2702247692202517,12.329144650134252,-2.333330225061488,-0.6962569651841637,4.428656822009028,6.0,5.0,1.2234261541594351
09-18,-4.647895370551288,-6.680588188096433,-1.1748450114496938,7.455268078692348,-2.957909328898621,6.543679744939751,3.2702247692202517,12.329144650134252,-4.962963528103298,-1.2936577410593757,4.428656822009028,5.0,6.0,1.1190104451669929
09-19,-3.4818940024248297,-6.680588188096433,-1.1064996334025812,7.455268078692348,-4.8919261324448575,10.050251127843666,3.2702247692202517,11.548115943817859,-6.624483526989197,-3.437632265041596,7.4904361435560824,5.0,6.0,1.2355702104300648
09-20,-3.4818940024248297,-8.872655409593168,-1.5905915742016985,6.52610056265827,-4.8919261324448575,8.859466341187261,3.1841642788560143,9.707635880590338,-5.947545727750393,-2.3872634312289964,7.4904361435560824,5.0,6.0,0.7814479026549108
09-21,-2.1355574044616725,-7.0147779286756204,-0.7681607031829814,6.206205202842427,8.213039352902786,8.859466341187261,3.2530648723353632,10.421412183157177,-7.868493136785997,-2.528836165359504,7.4904361435560824,6.0,5.0,2.1934362506832112
09-22,-0.7748408028981266,0.981914885332864,-1.3268194001867923,6.206205202842427,8.213039352902786,13.475897612797079,3.3443414075398548,10.902367533745627,-6.458638320531051,-0.6533167763945992,5.959541268598473,7.0,4.0,3.624517451249868
09-23,0.40816397143734506,1.5189834787875791,-1.1149814854271256,6.206205202842427,8.213039352902786,11.315516450236773,9.868681357173092,10.289939760747568,-8.949126699225928,-0.6533167763945992,5.850199828390774,8.0,3.0,3.9048458583155177
09-24,-0.6306278596267061,-3.0351420339912267,-1.1149814854271256,6.206205202842427,5.226476998932681,13.547297895956069,11.181852605587842,9.232099366005443,-8.949126699225928,-0.7839734858592025,6.506290183109631,6.0,5.0,3.3987609716639917
09-25,-0.5803619211122295,-1.415096744461766,2.36933897943958,3.277016254457682,10.652062585339374,12.840600747244089,11.111114487098696,9.232099366005443,-11.622722336787474,0.4712965279880938,6.779669854549294,8.0,3.0,3.919547072705525
09-26,-0.3563470868033059,-1.415096744461766,2.36933897943958,6.899957923646648,12.596519254326074,12.421491573259154,11.111114487098696,9.951109997896816,-12.806956497678359,-2.771760006145809,4.9754057365201865,7.0,4.0,3.90679796519072
09-27,-0.3563470868033059,-1.2578604406595149,9.407667913465657,6.899957923646648,16.30639618766912,10.676156438696424,11.111114487098696,8.96991367371337,-12.862108930900492,2.7825407058888083,4.9754057365201865,8.0,3.0,5.150257873485055
09-28,-0.40089153465180827,-2.9411722707015144,11.777006892905236,6.604238995191113,15.271174699882964,10.676156438696424,13.860613894399506,8.905493152887164,-15.203758194237144,3.3620718146333424,4.9754057365201865,8.0,3.0,5.171485420502315
09-29,1.7787412623983871,-0.679566512380468,12.404185639911466,6.604238995191113,15.271174699882964,10.676156438696424,14.538464179405802,9.824768310025616,-18.08723689140485,2.85961806583113,6.506290183109631,9.0,2.0,5.608803124606111
09-30,5.475880992388261,-0.5263177972090871,15.239381257643704,6.604238995191113,15.699339070139432,9.710815034374152,12.642769443237484,10.342859540666852,-18.040000915527344,2.85961806583113,9.240024327297256,9.0,2.0,6.295328001275723
10-01,10.195221483316534,-2.159825100666192,15.239381257643704,6.604238995191113,15.937204131850601,5.021831090810481,14.23501783701857,9.567727749789283,-18.040000915527344,1.6031232255480259,9.076006952801624,9.0,2.0,6.116356973434218
10-02,15.237691994762075,-1.7751475040204117,15.239381257643704,6.604238995191113,14.952330640268118,2.338128188376892,13.242918768402074,9.567727749789283,-19.23999786376953,3.542466550982948,10.880271070830727,9.0,2.0,6.417273622587
10-03,13.58719694533709,-1.7751475040204117,15.239381257643704,6.604238995191113,13.432069310594775,-2.340653971248145,13.242918768402074,10.172912417960651,-17.761843791568953,3.0742925320623105,8.091860992355173,8.0,3.0,5.5970205411553975
10-04,13.58719694533709,2.9585757533411434,15.03708397645794,2.8205089080028047,13.432069310594775,-0.6373948535221752,12.325489390515752,10.568639682448907,-17.073165814885616,1.164799198485707,8.091860992355173,9.0,2.0,5.66142395355741
10-05,10.861099794854796,1.0899223911810854,14.0256232933699,6.001979631105906,14.090212082091975,-0.6373948535221752,9.533470254916958,10.441301191435537,-14.910129439474792,2.4516115906418006,8.091860992355173,9.0,2.0,5.549050629905106
10-06,8.146557046740401,1.976928726536259,18.78980793059777,6.001979631105906,14.090212082091975,1.2039665557491197,8.194728150199103,13.355878992090172,-14.834495994996464,1.5625025870070488,6.506290183109631,10.0,1.0,5.9085778082028115
10-07,6.0303663152125,-0.5546226861497614,20.560743887392984,6.001979631105906,14.090212082091975,-2.7748088308814864,7.701564592020197,13.562636190619235,-18.2162382848916,1.5625025870070488,5.74084795981491,8.0,3.0,4.882289403940173
10-08,5.562857915058237,0.0,20.560743887392984,6.001979631105906,14.39432447278195,-1.153152053420608,6.3699447959249875,15.105740244574376,-18.2162382848916,0.9548663713587772,5.576820156951113,8.0,3.0,5.014353376076012
10-09,5.88235440780359,-0.43644257522659,24.299064198862432,6.001979631105906,14.39432447278195,-1.2626276700559262,5.208764783232868,15.105740244574376,-15.69204657300732,0.8193209559377801,6.451614248821699,8.0,3.0,5.524731465893709
10-10,5.88235440780359,-0.43644257522659,25.482862263753177,6.001979631105906,15.125629580811728,-2.3364472525540783,5.208764783232868,13.952210779992964,-14.83050823485636,0.5201514238064231,4.8660538679443235,8.0,3.0,5.403328061437633
10-11,5.88235440780359,-2.673212073964337,25.046727072777056,6.001979631105906,18.241202162569174,-2.3364472525540783,5.787513797526313,14.11699920678184,-12.28813377819815,0.5201514238064231,4.8660538679443235,8.0,3.0,5.742289860508915
10-12,8.4531610874297,-3.7643237148367055,24.19659848946881,7.73809264756833,18.241202162569174,-2.3364472525540783,4.092599211497835,14.140576524171694,-16.185471377088987,-1.032257080078125,4.8660538679443235,7.0,4.0,5.309980415099268
10-13,8.577593159590322,-11.906124816593735,24.19659848946881,7.73809264756833,18.241202162569174,-4.708840691274709,5.600977036644489,13.222004319077039,-14.006086756902485,-2.3975554675510864,4.373980887721097,7.0,4.0,4.448349179119749
10-14,7.775374802251611,-9.106338136658506,22.2365900108566,7.73809264756833,18.241202162569174,-0.889996435179684,5.055033576877307,12.898750948515769,-12.392793428251464,-2.3975554675510864,4.319304953433163,7.0,4.0,4.861605966766472
10-15,7.537474090486741,-5.973450930660597,22.2365900108566,7.73809264756833,19.04522151171088,-2.536623785734763,5.5442338861896845,13.043480787067848,-12.392793428251464,-3.4001689674717253,5.631496091239043,7.0,4.0,5.133959264818233
10-16,7.273504785936017,-8.49377130781691,16.3542381575629,7.73809264756833,20.603012594922944,-0.10359353450944386,2.932554412771165,13.043480787067848,-15.737564855579686,-1.0380612560830766,5.467468288375248,7.0,4.0,4.367214610928667
10-17,10.947713869650485,-8.49377130781691,13.384812926717863,5.439754400986352,20.603012594922944,2.557108769010976,2.932554412771165,12.794241930610752,-15.574838487698386,-1.2543209241004794,5.795523894102843,8.0,3.0,4.466526552650691
10-18,10.947713869650485,-10.928654144119957,13.384812926717863,5.439754400986352,20.603012594922944,2.557108769010976,2.932554412771165,14.511214850591905,-13.665950673066533,-1.816609260589765,5.795523894102843,8.0,3.0,4.523680149179843
10-19,9.844770802605773,-3.6806320733095834,11.555842403500655,5.439754400986352,20.603012594922944,2.557108769010976,0.5446211292190698,15.591251655922976,-6.470106137468286,-0.35382539383669115,5.795523894102843,8.0,3.0,5.584302004150638
10-20,10.887092494567517,-1.2249511799436972,10.509551838061483,5.439754400986352,20.603012594922944,2.6252998969199344,1.0892342678702058,13.680422183768892,-9.653152680665686,-0.04409271934424884,7.8184813209155095,8.0,3.0,5.611877492550837
10-21,12.373633330304813,-0.44296747548037785,13.003092739308189,5.439754400986352,15.376882033168506,-3.591163495875095,-0.4189294956233661,8.600665441026372,-8.654245074953272,-0.04409271934424884,6.232920940038135,6.0,5.0,4.352322783959637
10-22,11.088467772379367,-1.0122462550628062,13.003092739308189,5.439754400986352,15.59166892613369,2.532961658453552,-1.8425483648278829,10.141380277412926,-8.654245074953272,0.2645479062391829,6.12356907146227,8.0,3.0,4.78876391432105
10-23,12.1756460277579,-3.3242435439888114,13.003092739308189,5.439754400986352,14.677507458662895,-4.1697124480101,-0.24731848877294196,10.141380277412926,-5.134574702712267,1.2674782290900857,6.506290183109631,7.0,4.0,4.575936375713079
10-24,13.725490196078432,-3.3242435439888114,12.841194421407835,5.439754400986352,15.286948436976758,-7.0860207748504624,-0.24731848877294196,2.5285490376341992,-2.0772746420412926,-1.9503570233760967,5.795523894102843,6.0,5.0,3.721113264923346
10-25,13.725490196078432,-1.2534034738690645,10.655735289828906,5.439754400986352,12.323753263782336,-7.3300429577218384,0.329760605734924,8.229691810019803,0.16135907240846034,-0.22017237527484804,5.795523894102843,8.0,3.0,4.350677247825119
10-26,15.098040711645984,1.1116945011005877,10.655735289828906,6.202720862171601,12.323753263782336,-7.3300429577218384,0.6520038663059027,8.612063083054908,4.871285315787439,-1.510440467040279,5.795523894102843,9.0,2.0,5.13475794209258
10-27,15.198411935521325,-5.602534152579219,3.912146237221288,6.202720862171601,12.323753263782336,-6.608430596885668,-0.24731848877294196,7.388000602836128,6.166534765438062,-1.3303820601294427,8.091860992355173,7.0,4.0,4.135887578268966
10-28,14.902122841630858,-5.359950150347778,5.660378328509696,6.202720862171601,11.697126975139227,-11.914059342234445,4.0807904442620595,8.924900013824352,4.744818730772036,-1.3303820601294427,11.536361425549586,8.0,3.0,4.467711642649796
10-29,13.962707966074767,0.0,5.660378328509696,9.43016059721654,11.749347492533698,-15.0000019383624,2.962960230288415,9.344601632233312,4.744818730772036,-2.660755661949806,8.802627281361962,8.0,3.0,4.454258605334385
10-30,16.496065342461073,-0.2144821251770945,5.660378328509696,6.850671435570725,11.540465422955814,-17.245559039950404,3.794370854717077,9.344601632233312,3.349282915243982,-3.279422887377919,7.982509123779308,8.0,3.0,4.025352818451416
10-31,16.166008995750005,-0.2144821251770945,8.316964110619722,13.88625711944983,11.540465422955814,-12.408459098972536,3.794370854717077,9.242192737914387,1.4162101072819824,-3.3408568120204123,7.162390966196654,8.0,3.0,5.051005661701403
11-01,16.166008995750005,5.898125490451956,8.316964110619722,10.945754656728065,9.392845512682827,-12.8215574479161,3.9575655010050736,6.554022742665668,1.7870982461654992,-6.153840178859241,7.162390966196654,9.0,2.0,4.655034417771829
11-02,18.69565092835109,6.809654068313355,8.85416462939849,10.448467186868124,9.392845512682827,-12.8215574479161,5.548758048353583,6.782300476674208,-1.556418702940627,-6.357854629547343,7.162390966196654,8.0,3.0,4.8144000942212966
11-03,19.20948161881282,4.782604233754287,7.100197189729933,10.448467186868124,9.392845512682827,-14.087385852114826,4.5697841437379125,6.651138031624077,0.11463770178848373,-6.940641480548482,4.373980887721097,9.0,2.0,4.146828106732387
11-04,19.317305341130922,5.822102254044043,4.17522019857445,10.448467186868124,11.987552249176733,-10.779907775915428,4.799337375881281,6.914214636852048,-0.3069835968746123,-6.940641480548482,5.139423111015818,8.0,3.0,4.597826318200445
11-05,15.768777745809462,3.8674074485440033,4.17522019857445,14.551523713185713,11.987552249176733,-11.491937375589721,3.5416682561238613,6.4590892866889265,-0.3069835968746123,-7.762560696581151,3.881907907497872,8.0,3.0,4.061060466959593
11-06,17.120627997116266,8.517354365110643,5.54414431880008,11.927481437019818,13.821144199818802,-16.722546810778873,4.220109451981728,6.4590892866889265,-0.4604790548450573,-7.945204572724722,2.8977619470514213,8.0,3.0,4.125407505930822
11-07,21.344168031498576,8.517354365110643,5.54414431880008,13.69668836373626,12.227973037797724,-16.283922731915666,4.220109451981728,6.870823318853321,-2.8012335554303998,-8.949053573473096,-1.0934874006541508,7.0,4.0,3.935778511482276
11-08,21.344168031498576,6.67718415982097,4.4982673156403985,13.670411951574776,12.227973037797724,-18.81399209443068,4.468348863454593,0.7657700264309069,-1.535514539708071,-8.755130185022383,-1.0934874006541508,7.0,4.0,3.0412726514911523
11-09,21.4549463896278,16.841052377485873,4.4982673156403985,9.601536280966831,12.227973037797724,-18.81399209443068,7.7948315320469606,4.695924489944548,-0.9855960468282302,-9.253323247015103,-1.0934874006541508,7.0,4.0,4.269830239507453
11-10,18.913713484485086,17.017121367993294,2.8168987598808557,13.065558373234142,12.227973037797724,-18.174061995827106,10.710031549560048,5.3456644166390594,-1.5678770684248018,-8.9538649907325,-3.3351485646185486,7.0,4.0,4.369637124544297
11-11,19.342359482455528,17.03349057856456,-0.21786297729770399,13.065558373234142,9.689114019724556,-19.870683411213992,9.489629856485703,4.963992418093163,-1.9969221664081052,-8.9538649907325,-1.9136055582368048,6.0,5.0,3.693745965878959
11-12,20.385783616207412,16.682881295097175,-0.21786297729770399,12.650045200464456,9.722228626927818,-10.237510205525796,7.6767661354758525,3.449176062281536,-1.9969221664081052,-8.040202274807383,2.569716769691992,7.0,4.0,4.785827280191568
11-13,20.872864972965232,16.11165966324742,-0.21786297729770399,12.650045200464456,11.094227758106834,-10.180621839485813,8.92785873852265,3.449176062281536,0.038403335369596385,-6.341238069390769,1.5855708092455412,8.0,3.0,5.271825786729908
11-14,20.571427118210572,16.11165966324742,3.832753840516151,11.835969788165196,9.89291419518644,-9.771060451569094,8.92785873852265,5.147638351552408,0.6838917449196551,-5.679236651527757,0.0,8.0,3.0,5.595801485202148
11-15,20.571427118210572,15.18119671835158,3.832753840516151,11.835969788165196,10.306124583923095,-9.771060451569094,8.489442228622453,7.137237410498256,2.091117845154776,-11.219286557869685,0.0,8.0,3.0,5.314083865818483
11-16,22.095235188802086,16.741630900305722,3.4965034498667764,11.835969788165196,13.992174831826256,-9.771060451569094,10.281466648204603,5.0235529103085055,4.579305367219281,-9.523816242339633,0.0,8.0,3.0,6.250087490071789
11-17,19.311660844086763,17.15564723137589,4.166662803402551,11.835969788165196,13.992174831826256,-13.123471430786012,11.050583923263137,6.923477288351807,1.1123859285517583,-10.083643262707666,0.0,8.0,3.0,5.667404358684517
11-18,17.539776396868252,15.876186700762151,5.6087530864769315,11.835969788165196,12.279844243152606,-12.398370690099659,13.903740822068707,5.453576027504789,0.8079995626087746,-10.083643262707666,0.0,8.0,3.0,5.529439334072733
11-19,15.025104215351085,17.714003393778324,5.6087530864769315,6.4771642541875485,12.279844243152606,-9.499407834804515,14.570779403995195,3.6856383580303103,0.8079995626087746,-9.200741171555194,0.0,8.0,2.0,5.224467046474642
11-20,17.456732140582645,18.44041364116326,5.6087530864769315,7.036339170329972,11.237625604096005,-12.189249972257793,15.398953049069636,3.6856383580303103,1.6929609000865609,-6.764846993419868,0.0,8.0,2.0,5.600301725832515
11-21,18.55976206711276,18.44041364116326,5.6087530864769315,6.244167299190665,17.297047727,-16.77852338254197,15.398953049069636,0.8943138683158288,-1.2001527946497357,-7.857812774186952,0.0,7.0,3.0,5.146083798813674
11-22,18.55976206711276,15.252568887185983,-3.864737256469157,1.565556196004142,16.01873543413264,-11.717496257440633,14.578672229316506,3.9047849914564656,-0.6638034839609933,-12.549218418830488,0.0,6.0,4.0,3.734984035318839
11-23,20.378617900091324,17.38919377871765,-0.8713144354970362,-1.3602037913093512,16.01873543413264,-11.717496257440633,14.862862479312902,-0.6152159704399351,-1.3763286561915251,-12.554105762706392,0.0,4.0,6.0,3.650431338060877
11-24,21.41817959872159,14.498511245212686,-2.033899598202463,-3.657913433296352,16.01873543413264,-16.011234987570468,15.551475481384628,-5.8546565622273175,-2.5580465266963506,-11.587984667354114,0.0,4.0,6.0,2.3439241803731345
11-25,22.479216827626352,13.770656457464169,-0.33333460489908856,-3.657913433296352,16.01873543413264,-21.585164365290726,14.673108290285144,-4.6388665668006,-3.0854381254384995,-11.587984667354114,0.0,4.0,6.0,2.0048195678571745
11-26,23.665478748233586,12.3962861715547,-0.33333460489908856,-3.657913433296352,19.50549541721068,-26.25600868997726,14.688638950910713,-10.752016941143891,-3.0854381254384995,-9.585123007618751,0.0,4.0,6.0,1.5078240441396202
11-27,22.525719266297997,10.962297128967233,3.5333315531412763,-3.657913433296352,18.72399165140332,-25.488487871772513,15.43209825241438,-10.752016941143891,-3.1249959917763706,-9.801134529213185,0.0,5.0,5.0,1.6684444622747183
11-28,19.85321044921875,10.962297128967233,5.301043717916864,-3.657913433296352,18.34649622370674,-30.888376053017165,15.43209825241438,-11.249219694079775,-9.71149666954151,-8.253824070376801,0.0,5.0,5.0,0.5576650774465786
11-29,19.85321044921875,10.615076417885708,6.589144278114111,-3.657913433296352,22.725275060632725,-33.939387041304904,15.613656504945116,-17.310206481103357,-13.327717742638725,-8.512676707961845,0.0,5.0,5.0,-0.12286715413716208
11-30,21.834865185098916,4.0080123935621055,8.132145816926277,4.506234451360234,22.725275060632725,-33.939387041304904,15.674890343023092,-17.62937777894957,-13.787299928837216,-7.816974894091238,0.0,6.0,4.0,0.3371257824927648
12-01,20.251755894120333,4.145609573848382,9.309691390628082,4.506234451360234,22.725275060632725,-39.160835989542214,14.794818246089301,-13.290319135112147,-12.904545834580286,-9.275362345548533,0.0,6.0,4.0,0.10021102835417008
12-02,19.278880471978255,5.3326816247959785,9.309691390628082,4.506234451360234,22.725275060632725,-37.34264818942381,12.877697920701774,-15.52121422027826,-11.578941759767673,-9.275362345548533,0.0,6.0,4.0,0.028390400461706537
12-03,18.664704018335318,0.151671818018504,9.309691390628082,4.218605188719615,11.69230702159169,-36.281931398965376,9.015212175264756,-13.468999053472054,-11.578941759767673,-8.888889298410856,0.0,6.0,4.0,-1.5605972634598182
12-04,18.532107291965307,2.469135802469136,9.309691390628082,4.218605188719615,11.34156977992092,-45.59764137998973,8.485069196610281,-13.468999053472054,-9.028337948808,-10.917865885200467,0.0,6.0,4.0,-2.241515056105173
12-05,19.419232748740765,2.469135802469136,9.119693374681367,3.316831935586761,12.652173249617867,-37.840383389625494,8.485069196610281,-13.630495301983323,-7.165985812724316,-12.15762014211535,0.0,6.0,4.0,-1.3938498489765732
12-06,19.419232748740765,7.259255868417245,1.4423079127390646,-0.4455452930131178,9.162648844900108,-38.36004505369744,8.485069196610281,-12.306206349992571,-5.206675174432188,-13.020067585306004,0.0,5.0,5.0,-2.142729535003078
12-07,18.693284069505307,5.777778154538003,2.3144942724682007,-0.4455452930131178,9.716781592382572,-38.36004505369744,8.557897132086605,-9.714290073939733,-3.3532941244371037,-14.397651924941629,0.0,5.0,5.0,-1.9282355680953032
12-08,18.51179170727716,10.354744890756288,2.3144942724682007,-0.4455452930131178,9.716781592382572,-35.06126661076451,8.096437300737325,-9.845379572904383,-0.829715512652896,-16.16111338319439,0.0,5.0,5.0,-1.2135246008097955
12-09,17.472255692066387,7.135928123697668,4.269509002138546,-0.4455452930131178,7.276688543691581,-27.322160262918548,7.01001126127048,-10.93053634243826,-1.149428936936234,-16.16111338319439,0.0,5.0,5.0,-1.1676719632396266
12-10,17.497308237940818,9.177820598909294,4.269509002138546,-0.4455452930131178,7.887814465960765,-27.434034632522987,11.192727337742939,-10.332812092119076,-1.149428936936234,-15.365490098480267,0.0,5.0,5.0,-0.4274664918526651
12-11,14.787431100994992,8.785405330815108,4.269509002138546,1.980675518361132,9.785402806667696,-23.118279202345423,11.068300987238333,-10.332812092119076,0.9512476237520021,-16.919960442323234,0.0,7.0,3.0,0.11426551210728
12-12,14.248512065789908,8.785405330815108,-0.6788892367782408,1.980675518361132,14.463515202715149,-25.168844588093403,11.068300987238333,-10.935026454412313,0.3984078882466976,-18.572874664898826,0.0,6.0,4.0,-0.40098345009240544
12-13,14.248512065789908,11.089771840629897,0.4697966215862458,1.980675518361132,16.396243125869127,-23.445820035392664,11.173375523485376,-12.772181497268035,1.1806345488471162,-23.71896301496901,0.0,7.0,3.0,-0.30890502755099125
12-14,12.35118972648634,12.187056752045667,-0.20270089584169007,5.797104921309433,15.857329013616352,-23.445820035392664,12.465082998970134,-11.139482220290184,2.4583622076328284,-22.32189642181411,0.0,6.0,4.0,0.3642023678838284
12-15,10.077821306226523,12.950662011939748,0.06738698638147947,5.797104921309433,15.857329013616352,-23.31261053855834,12.743364182193725,-9.611125794620575,3.16456140300578,-20.228213068641885,0.0,7.0,3.0,0.6823891293502029
12-16,12.781953269815755,14.747197733469825,0.7362761697910566,5.797104921309433,15.857329013616352,-28.480438395154394,11.52189849783633,-13.822967707205471,2.8185826787154964,-20.228213068641885,0.0,7.0,3.0,0.15715664668659038
12-17,13.670417309295502,14.590240808404985,0.7362761697910566,2.608699978862524,14.291923762398387,-25.940864671561734,10.516870929597614,-13.859485375678224,2.8185826787154964,-20.591282012268568,0.0,7.0,3.0,-0.1053291293129965
12-18,15.130110604241672,17.671228307283798,-5.087016400453857,0.34601926054458343,14.291923762398387,-25.850344490530297,11.689689304185965,-13.859485375678224,2.8582818794690468,-26.17744045306737,0.0,6.0,4.0,-0.8170030546914817
12-19,13.849056891675264,17.671228307283798,-7.42971678616853,0.34601926054458343,14.291923762398387,-24.58426657687412,11.689689304185965,-14.725692120643075,1.12312998120262,-32.59005624661048,0.0,6.0,4.0,-1.8507894748186895
12-20,13.849056891675264,15.936072291823995,-10.006847629906911,0.34601926054458343,17.836498007009624,-23.86059138889161,13.248316796897432,-22.099262977966095,2.1964309893495955,-27.037444320858892,0.0,6.0,4.0,-1.7810683709384556
12-21,13.396223536077535,13.496935055545787,-8.773130360414372,0.34601926054458343,16.806021927013777,-23.86059138889161,15.09301253634858,-21.92834665444227,5.0270008301364575,-29.023304158591486,0.0,6.0,4.0,-1.7654690378793647
12-22,14.010373771057365,15.27643742809865,-10.361611677748543,0.34601926054458343,16.806021927013777,-24.307420634734626,14.415678272329211,-24.46336730666715,4.20833428700765,-27.118637704724502,0.0,6.0,4.0,-1.9261974888930544
12-23,12.31060623848953,14.424005635264347,-12.55318763264358,0.34601926054458343,16.806021927013777,-24.89995748537664,13.929822152121027,-23.92574440689195,4.367725059989445,-27.118637704724502,0.0,6.0,4.0,-2.3921206323830884
12-24,9.636221967548208,10.583577954105342,-12.55318763264358,0.34601926054458343,18.24157972975832,-22.65556593090817,14.826384248372824,-25.39130169412364,4.367725059989445,-25.423725455271267,0.0,6.0,4.0,-2.547479317511631
12-26,9.706110478114613,11.372547736309047,-5.166554907620338,0.34601926054458343,19.660883121651267,-29.86547118954068,13.990181301108684,-25.39130169412364,1.9344027692968853,-35.442303764326354,0.0,6.0,4.0,-3.532316989871448
12-27,9.706110478114613,11.372547736309047,-5.142085538651459,2.768163512674393,19.660883121651267,-31.278330850292765,13.990181301108684,-25.03463178560925,1.7057633810872683,-46.42179160917593,0.0,6.0,4.0,-4.424835477525829
12-28,9.087394918811562,14.562168445920575,-0.5191429234146913,2.768163512674393,17.186853724937475,-31.278330850292765,16.157353653195774,-22.65624984815393,-2.2185043959237505,-41.75549141522699,0.0,5.0,5.0,-3.515071379770213
12-29,3.659977610234018,14.19016329382792,-2.080622187536642,2.768163512674393,17.186853724937475,-32.955578575546014,15.92109421482806,-22.94858555848134,1.6844693707551892,-45.58918866140785,0.0,6.0,4.0,-4.378477568701344
12-30,1.976284644576503,13.339734483160694,-3.973506043958196,2.768163512674393,17.186853724937475,-33.33333333333333,18.393159523988377,-25.20775934278893,1.8055006930867967,-45.58918866140785,0.0,6.0,4.0,-4.78491734536946
12-31,-7.1026391459968385,10.746553281460345,-3.973506043958196,2.768163512674393,20.476573699341927,-30.702950984165977,17.82519064133713,-23.58167998822998,1.8055006930867967,-46.03992720633908,0.0,5.0,5.0,-5.25261104916268
