,2009,2010,2011,2012,2013,2014,2015,2016,2017,2018,2019,2020,ups,downs,end_day_sum,avg
01-02,-5.254181861877441,1.332723617553711,0.8341445922851562,3.2407188415527344,1.0450782775878906,-0.4027023315429688,3.12567138671875,-4.9281959533691415,4.64056396484375,-3.732955932617188,2.729774475097656,-12.981109619140625,7.0,5.0,03-17,-0.8625392119089762
01-03,-4.9090232849121085,1.1793193817138672,0.8341445922851562,3.2407188415527344,0.7095108032226562,-0.153411865234375,2.8955459594726562,-4.266626358032228,4.64056396484375,-6.270835876464844,2.7681121826171875,-21.44647789001465,7.0,5.0,03-18,-1.7315382957458496
01-04,-3.969402313232422,1.1793193817138672,0.9396190643310548,3.1256618499755864,0.4410400390625,0.843719482421875,3.643413543701172,-4.266626358032228,4.870674133300781,-5.082862854003906,1.1791152954101562,-24.415021896362305,8.0,4.0,03-19,-1.7926125526428225
01-05,-3.969402313232422,1.1793193817138672,0.5561027526855469,2.521625518798828,0.15340042114257812,0.8053817749023438,3.643413543701172,-4.477563858032227,4.611787796020508,-6.3276023864746085,0.07532501220703125,-24.99862670898437,8.0,4.0,03-20,-2.185569922129313
01-06,-4.285800933837892,1.3231353759765625,-0.2492904663085937,2.559978485107422,2.090160369873047,0.8053817749023438,3.959819793701172,-3.211963653564453,4.947378158569336,-7.4666595458984375,-0.3353996276855469,-24.99862670898437,6.0,6.0,03-21,-2.0718239148457847
01-07,-2.655853271484375,0.009586334228515623,0.04794120788574219,2.4736862182617188,2.090160369873047,0.7957954406738281,3.1736068725585938,-0.7478618621826172,4.51591682434082,-6.5874290466308585,-0.3353996276855469,-25.659595489501953,7.0,5.0,03-22,-1.906620502471924
01-08,-4.506326675415039,0.2780494689941406,0.2109355926513672,2.569564819335937,2.205211639404297,-0.09588241577148438,3.3749465942382812,-0.36434173583984375,4.448781967163086,-6.5874290466308585,-0.04290771484375,-23.84866714477539,6.0,6.0,03-23,-1.863172054290772
01-09,-1.802526473999024,0.4602203369140625,0.019174575805664062,2.569564819335937,1.1793136596679688,-0.28763580322265625,2.722972869873047,-0.8341445922851562,4.448781967163086,-6.780357360839844,-0.4498481750488281,-24.96642303466797,6.0,6.0,03-24,-1.9767422676086424
01-10,-0.9300327301025392,0.6328048706054688,0.019174575805664062,1.6682987213134766,1.668304443359375,-1.1984977722167969,3.61465835571289,-0.8341445922851562,4.448781967163086,-6.2223052978515625,-0.6649971008300781,-27.23159885406494,6.0,6.0,03-25,-2.0857961177825928
01-11,-0.3643398284912109,0.6328048706054688,-0.038356781005859375,0.8053855895996094,0.7286796569824219,-0.5369186401367188,3.1448440551757812,-0.8341445922851562,4.276222229003906,-7.739227294921875,0.547637939453125,-22.59243392944336,6.0,6.0,03-26,-1.8308205604553225
01-12,-0.3643398284912109,0.8053874969482422,-0.20134544372558594,0.38352012634277344,0.8341484069824219,-0.9587860107421876,3.1448440551757812,-1.1313762664794922,4.746025085449219,-7.101543426513673,0.7334518432617188,-20.10964012145996,6.0,6.0,03-27,-1.601637840270996
01-13,-0.28763389587402344,0.5081634521484375,0.12464523315429688,0.8053855895996094,0.8341484069824219,-0.9587860107421876,3.537948608398437,-1.3135452270507812,4.669305801391602,-7.1788330078125,1.4277801513671875,-20.10964012145996,7.0,5.0,03-28,-1.4950884183247883
01-14,1.2368431091308594,1.4573612213134766,-0.4026908874511719,1.8984107971191408,0.8341484069824219,-1.150543212890625,3.9981651306152335,-1.006731033325195,5.292531967163086,-7.1788330078125,1.4277801513671875,-20.89107322692871,7.0,5.0,03-29,-1.2070525487263997
01-15,0.7190952301025391,1.6587200164794922,-0.4985733032226562,2.5407962799072266,-0.4122848510742188,-0.9492111206054688,6.155458450317383,-0.38352012634277344,5.235013961791992,-7.1788330078125,1.0268211364746094,-21.71208000183105,6.0,6.0,03-30,-1.1498831113179524
01-16,-0.6328010559082031,1.3902511596679688,-0.7670383453369141,2.5407962799072266,-0.16299819946289062,-0.5177459716796875,5.062435150146484,0.9971485137939452,5.235013961791992,-7.1788330078125,0.6258811950683594,-22.73091697692871,6.0,6.0,03-31,-1.3449006080627441
01-17,0.4506263732910156,1.3902511596679688,-0.7670383453369141,2.5407962799072266,-1.8408966064453125,-0.057514190673828125,5.886987686157228,0.4506378173828125,5.235013961791992,-9.082244873046877,0.987712860107422,-23.611268997192386,7.0,5.0,04-01,-1.5347447395324707
01-18,0.8533229827880859,1.3902511596679688,-0.7670383453369141,1.0642585754394531,-2.2627487182617188,0.7095069885253906,5.886987686157228,0.4506378173828125,5.100778579711914,-8.038749694824219,1.2126312255859375,-25.371980667114247,8.0,4.0,04-02,-1.6476785341898603
01-19,0.8533229827880859,1.3902511596679688,-0.6711559295654297,1.045083999633789,-2.80926513671875,0.5656890869140625,5.886987686157228,0.4506378173828125,4.918613433837892,-9.594329833984377,1.4864540100097656,-27.06344413757324,8.0,4.0,04-03,-1.9617629051208496
01-20,0.8533229827880859,1.6299457550048828,-0.9012660980224608,0.7957973480224609,-3.6721820831298833,0.5656890869140625,5.886987686157228,1.7641830444335938,4.583024978637695,-10.048431396484377,1.9949760437011719,-27.06344413757324,8.0,4.0,04-04,-1.967616399129232
01-21,1.1121959686279297,1.7354164123535156,-0.6328029632568359,1.764177322387695,-3.6721820831298833,0.5656890869140625,5.445941925048828,1.6395397186279297,4.362508773803712,-8.396236419677733,1.9949760437011719,-27.06344413757324,8.0,4.0,04-05,-1.7620183626810713
01-22,1.802528381347656,2.416154861450196,-0.6807422637939453,1.764177322387695,-3.6721820831298833,0.2876434326171875,5.915752410888673,0.5656890869140625,4.141977310180663,-8.396236419677733,1.9949760437011719,-27.538238525390625,8.0,4.0,04-06,-1.7832083702087402
01-23,1.054677963256836,2.176462173461914,-0.4506301879882813,1.764177322387695,-5.043251037597656,-0.028774261474609375,6.0691566467285165,1.7929420471191406,4.141977310180663,-8.096717834472656,2.347034454345703,-28.13173675537109,7.0,5.0,04-07,-1.8670568466186523
01-24,-0.4026966094970703,1.907995223999024,-0.4506301879882813,1.4765396118164062,-4.736433029174805,0.4122810363769531,4.688488006591797,2.281925201416016,2.7133731842041016,-6.579795837402344,2.1905670166015625,-24.323467254638672,7.0,5.0,04-08,-1.7351544698079426
01-25,-0.4026966094970703,1.907995223999024,-0.421865463256836,0.28763580322265625,-4.68848991394043,0.8916740417480469,5.647289276123048,2.281925201416016,2.396982192993164,-6.2995872497558585,2.816436767578125,-24.34325218200684,7.0,5.0,04-09,-1.6604960759480794
01-26,-0.4026966094970703,1.8408794403076167,-0.7766265869140625,1.0354938507080078,-4.5926170349121085,0.901264190673828,5.647289276123048,1.6970634460449219,2.512033462524414,-6.0677146911621085,2.3372573852539062,-24.34325218200684,7.0,5.0,04-10,-1.6843021710713704
01-27,-0.15340614318847656,1.7929420471191406,-0.4218673706054688,0.3931007385253906,-5.321294784545898,0.901264190673828,5.522655487060547,2.023052215576172,3.374950408935547,-4.048362731933594,2.5328407287597656,-24.34325218200684,7.0,5.0,04-11,-1.4789481163024902
01-28,-1.8025321960449217,1.764181137084961,-0.028764724731445312,-0.3451633453369141,-5.321294784545898,-0.4793968200683594,5.704811096191406,1.821706771850586,4.854183197021484,-4.463817596435547,2.5328407287597656,-24.87739372253418,5.0,7.0,04-12,-1.7200533548990886
01-29,0.4122810363769531,1.7833614349365234,0.0,0.4889850616455078,-5.560998916625977,-0.8533287048339844,4.5446815490722665,1.3423080444335938,4.854183197021484,-4.463817596435547,2.239463806152344,-21.927125930786133,7.0,5.0,04-13,-1.4283339182535808
01-30,0.8533229827880859,1.3806648254394531,-0.0767059326171875,0.4889850616455078,-4.592611312866211,-1.3423194885253906,4.467975616455078,1.9080009460449217,4.854183197021484,-4.009700775146484,1.9860649108886719,-21.05255126953125,7.0,5.0,04-14,-1.2612242698669434
01-31,1.0642585754394531,1.984701156616211,-0.0767059326171875,0.8341484069824219,-4.228273391723634,-1.7641792297363281,4.822723388671875,2.8284378051757812,5.0842933654785165,-4.0689239501953125,0.6458702087402344,-22.081043243408203,7.0,5.0,04-15,-1.2462244033813477
02-01,1.5244789123535156,1.984701156616211,-0.5848712921142578,0.6615638732910156,-5.560993194580078,-1.1505622863769531,5.119956970214844,2.8284378051757812,4.479166030883789,-4.725711822509767,0.7342262268066406,-21.20482444763184,7.0,5.0,04-16,-1.3245360056559246
02-02,1.5244789123535156,0.9875564575195312,-0.5561008453369141,0.4026889801025391,-4.813137054443359,-1.1505622863769531,5.119956970214844,3.279071807861328,4.757524490356445,-3.4784812927246094,1.5773506164550781,-22.83570671081543,7.0,5.0,04-17,-1.265446662902832
02-03,0.4889793395996094,1.0163211822509766,-0.01916694641113281,-0.6040325164794922,-4.659734725952148,-1.1505622863769531,4.2570533752441415,2.9339065551757812,5.0273094177246085,-1.2544326782226562,1.5773506164550781,-22.83570671081543,6.0,6.0,04-18,-1.2685596148173015
02-04,0.814971923828125,1.5436592102050781,0.5561008453369141,0.39310455322265625,-4.659734725952148,-1.6107826232910156,2.425750732421875,2.1285228729248047,5.41139030456543,-1.3609848022460938,1.5773506164550781,-22.78625679016113,8.0,4.0,04-19,-1.2972423235575359
02-05,1.41900634765625,1.7162399291992188,0.1917572021484375,0.04793739318847656,-4.803556442260742,-1.1217918395996094,2.1860504150390625,3.288660049438477,5.286458969116211,-1.3609848022460938,1.117717742919922,-25.416845321655273,8.0,4.0,04-20,-1.4541125297546393
02-06,-1.121784210205078,1.792938232421875,0.1917572021484375,0.04793739318847656,-5.992456436157228,-2.272323608398437,1.6107711791992188,4.074872970581056,5.286458969116211,-3.22574234008789,2.4585914611816406,-25.049007415771484,7.0,5.0,04-21,-1.8498322168986003
02-07,-0.12464523315429688,2.531209945678711,0.1917572021484375,0.12464332580566405,-5.129537582397461,-2.4641036987304688,1.9751167297363281,3.72011947631836,5.478219985961914,-4.1090087890625,2.6165008544921875,-27.272907257080078,7.0,5.0,04-22,-1.8718862533569336
02-08,-0.08629226684570312,2.531209945678711,-0.5848636627197266,0.00959014892578125,-4.889841079711914,-1.88882064819336,0.8629112243652344,3.72011947631836,4.978246688842773,-2.1967124938964844,1.9192237854003904,-27.90607643127441,6.0,6.0,04-23,-1.9609421094258623
02-09,-0.08629226684570312,2.4736862182617188,-0.8437366485595703,0.03834724426269531,-1.677886962890625,-2.49285888671875,0.8629112243652344,3.796819686889648,4.882080078125,-2.8534889221191406,2.7125320434570312,-27.866300582885746,6.0,6.0,04-24,-1.7545156478881836
02-10,1.112201690673828,3.125665664672852,-1.2943687438964844,-0.2396984100341797,-2.1189422607421875,-2.49285888671875,0.10546493530273438,3.883111953735352,4.114501953125,-4.072078704833984,2.4869461059570312,-27.866300582885746,6.0,6.0,04-25,-1.938029607137044
02-11,1.8696460723876955,3.03936767578125,-1.2176628112792969,-0.4410419464111328,-2.1189422607421875,-2.64626693725586,-1.1697311401367188,4.746025085449219,3.73991584777832,-3.064655303955078,2.4869461059570312,-28.529035568237305,5.0,7.0,04-26,-1.9421195983886719
02-12,2.023056030273437,2.799673080444336,-0.910858154296875,0.05752754211425781,-3.633834838867188,-1.7545967102050781,-0.9971389770507812,3.5858821868896484,4.441427230834961,-3.064655303955078,1.0102653503417969,-26.83271789550781,6.0,6.0,04-27,-1.9396642049153645
02-13,1.543657302856445,2.0230541229248047,-0.8916797637939453,0.05752754211425781,-3.384540557861328,-2.598335266113281,-1.227264404296875,3.3270130157470703,4.441427230834961,-3.335193634033203,1.0274658203125,-25.631288528442386,6.0,6.0,04-28,-2.054013093312581
02-14,2.1668682098388667,2.09975814819336,-0.8916797637939453,0.3068122863769531,-2.6942138671875,-3.33660888671875,-1.2272491455078125,3.3270130157470703,4.642772674560547,-3.313579559326172,0.8119468688964844,-23.58554458618164,6.0,6.0,04-29,-1.8078087170918784
02-15,2.751739501953125,2.09975814819336,-1.1793136596679688,1.3423099517822266,-2.770915985107422,-2.9530868530273438,-1.8792304992675781,3.3270130157470703,4.508867263793945,-2.8580474853515625,0.8221549987792969,-22.16628646850586,6.0,6.0,04-30,-1.5795865058898926
02-16,2.751739501953125,2.09975814819336,-1.4669551849365234,1.9751110076904297,-2.483287811279297,-3.183197021484375,-1.8792304992675781,3.3270130157470703,4.450212478637695,-4.639232635498047,1.0974769592285156,-20.445905685424805,6.0,6.0,05-01,-1.5330414772033691
02-17,2.751739501953125,3.048961639404297,-0.8533287048339844,1.3806610107421875,-2.885971069335937,-3.183197021484375,-1.8792304992675781,2.195638656616211,4.527219772338867,-3.593769073486328,1.1563262939453125,-20.445905685424805,6.0,6.0,05-02,-1.4817379315694172
02-18,2.9722576141357417,3.3270092010498047,-1.1601409912109375,2.147695541381836,-2.885971069335937,-3.183197021484375,-2.3778152465820312,2.176460266113281,3.9709396362304688,-4.446208953857422,1.1563262939453125,-20.445905685424805,6.0,6.0,05-03,-1.5623792012532551
02-19,3.557122230529785,3.8255786895751953,-0.3547554016113281,2.559974670410156,-2.885971069335937,-2.243568420410156,-1.6874771118164062,2.3873958587646484,3.951725006103516,-4.446208953857422,1.1563262939453125,-22.95030975341797,6.0,6.0,05-04,-1.4275139967600503
02-20,4.458386421203613,2.9051418304443364,-0.4410457611083984,2.559974670410156,1.332721710205078,-1.898399353027344,-1.8025321960449217,0.87249755859375,3.951725006103516,-4.446208953857422,1.6456871032714844,-23.900806427001953,7.0,5.0,05-05,-1.2302381992340088
02-21,4.851496696472168,2.521627426147461,-0.4410457611083984,2.559974670410156,0.7862129211425781,-3.144840240478516,-1.4957122802734375,0.8916740417480469,3.951725006103516,-3.6618385314941406,1.7159919738769531,-22.868167877197266,7.0,5.0,05-06,-1.1944084962209065
02-22,4.4583940505981445,2.521627426147461,-0.4410457611083984,3.5858821868896484,0.7478485107421875,-4.1707496643066415,-1.3327178955078125,0.8916740417480469,2.5144996643066406,-2.5973777770996094,1.1187858581542969,-21.639604568481445,7.0,5.0,05-07,-1.1952319939931233
02-23,4.4583940505981445,2.991436004638672,-0.6615676879882812,2.780508041381836,2.358621597290039,-4.094043731689453,-1.3327178955078125,-0.05752944946289064,2.620258331298828,-2.8194046020507812,0.7842445373535156,-21.589881896972656,6.0,6.0,05-08,-1.213473558425903
02-24,3.394134521484375,2.6079177856445312,-0.6903362274169922,3.2598934173583984,2.790079116821289,-4.094043731689453,-2.70379638671875,-0.20134544372558594,2.8600234985351562,-3.679088592529297,0.4213371276855469,-21.589881896972656,6.0,6.0,05-09,-1.4687589009602864
02-25,2.9051437377929688,1.888822555541992,-1.1601409912109375,3.0968971252441406,2.790079116821289,-4.0077552795410165,-2.080585479736328,-1.1889057159423828,2.9191055297851562,-4.98681640625,0.4213371276855469,-18.92904281616211,6.0,6.0,05-10,-1.5276551246643066
02-26,4.0748682022094735,3.403717041015625,-0.6999168395996094,3.940633773803712,1.7449989318847656,-4.774784088134767,-1.3998336791992188,-0.8725051879882812,2.8230018615722656,-4.98681640625,0.4604568481445313,-11.703781127929688,6.0,6.0,05-11,-0.6658300558725992
02-27,4.266629219055177,3.2407188415527344,-1.016315460205078,3.940633773803712,1.4094276428222656,-4.8035545349121085,-1.888832092285156,-0.5656909942626953,2.8230018615722656,-2.638954162597656,1.9093589782714844,-10.400062561035156,6.0,6.0,05-12,-0.3103032906850179
02-28,4.3433332443237305,3.2886524200439453,-1.016315460205078,4.343330383300781,2.1860580444335938,-4.074878692626953,-1.620361328125,-0.8820915222167969,3.07229995727539,-1.1503410339355469,2.662487030029297,-9.78868293762207,6.0,6.0,05-13,0.11362417538960776
02-29,0.0,0.0,0.0,3.1640224456787114,0.0,0.0,0.0,-0.8820915222167969,0.0,0.0,0.0,-12.116802215576172,1.0,2.0,05-14,-0.8195726076761881
03-01,3.250309944152832,3.2886524200439453,-0.3068122863769531,3.8255844116210938,2.253158569335937,-3.93105697631836,-1.84088134765625,-1.8312950134277344,2.3628807067871094,-1.0340843200683594,2.544380187988281,-13.747684478759766,6.0,6.0,05-15,-0.4305706818898519
03-02,3.250309944152832,3.3461837768554688,-0.6328048706054688,3.7488784790039062,2.387401580810547,-4.429634094238281,-1.84088134765625,-1.917585372924805,2.0170936584472656,-0.9757919311523438,2.555381774902344,-13.747684478759766,6.0,6.0,05-16,-0.5199277400970459
03-03,4.113224983215332,1.8792400360107424,-1.016317367553711,4.362508773803712,1.9271812438964844,-4.429634094238281,-1.2943687438964844,-2.1668758392333984,2.315250396728516,-3.2124176025390625,2.830005645751953,-13.787254333496096,6.0,6.0,05-17,-0.7066214084625244
03-04,3.7297048568725586,1.677886962890625,-0.8820934295654297,4.017341613769531,1.9271812438964844,-4.947380065917969,-1.1121978759765625,-1.227254867553711,2.5361862182617188,-2.4277877807617188,2.830005645751953,-15.726852416992188,6.0,6.0,05-18,-0.8004383246103922
03-05,3.9789886474609375,1.2943687438964844,-0.8053913116455078,4.017341613769531,1.4957237243652344,-5.1582984924316415,-0.5081672668457031,-1.591596603393555,1.7770271301269531,-2.4277877807617188,3.6514625549316406,-12.836652755737305,6.0,6.0,05-19,-0.5927484830220541
03-06,5.167895317077637,1.332723617553711,-0.5944538116455078,4.477563858032227,0.4889907836914063,-4.755607604980469,0.9396286010742188,-1.6778907775878906,1.7770271301269531,-3.1427688598632812,4.229530334472656,-8.923837661743164,7.0,5.0,05-20,-0.05676658948262533
03-07,5.014487266540527,0.9971427917480468,-0.5944538116455078,3.0777244567871094,1.5915908813476562,-4.650154113769531,0.7862052917480469,-1.6778907775878906,1.393512725830078,-2.1555137634277344,2.956470489501953,-6.34344482421875,7.0,5.0,05-21,0.03297305107116698
03-08,4.506327629089356,0.9971427917480468,-1.150556564331055,2.0997562408447266,1.4286117553710938,-3.83517074584961,0.9204368591308594,-0.6903324127197266,1.6153984069824219,-1.6801834106445312,1.985687255859375,-6.403110504150392,7.0,5.0,05-22,-0.0171660582224528
03-09,4.506327629089356,0.6328067779541016,-0.9300308227539062,2.4257469177246094,0.9779777526855468,-3.83517074584961,0.9204368591308594,-0.8149681091308594,2.2585906982421875,-1.4278144836425781,2.0370025634765625,-6.403110504150392,7.0,5.0,05-23,0.02898287773132324
03-10,2.7325620651245117,0.09588050842285156,-0.4602241516113281,2.905139923095703,1.994300842285156,-3.83517074584961,0.9971427917480468,0.1342315673828125,1.7508354187011719,-5.196666717529297,0.3205833435058594,-6.709751129150392,8.0,4.0,05-24,-0.43926135698954266
03-11,2.9243192672729488,0.5656852722167969,-0.9396152496337892,3.5954742431640625,1.994300842285156,-3.585887908935547,0.4793891906738281,-1.217668533325195,1.8845100402832031,-4.760761260986328,0.3205833435058594,-3.0004043579101562,7.0,5.0,05-25,-0.14500625928243002
03-12,1.1984901428222656,0.5944576263427734,-0.3547496795654297,3.5954742431640625,2.742145538330078,-3.3653640747070312,-0.03835296630859375,1.236837387084961,2.067100524902344,-4.760761260986328,0.584625244140625,1.4949302673339844,8.0,4.0,05-26,0.4162360827128093
03-13,1.025909423828125,0.7574481964111328,-0.009586334228515623,2.9626712799072266,2.866790771484375,-1.7545967102050781,-0.03835296630859375,0.8820858001708984,2.067100524902344,-4.925018310546875,0.9562454223632812,2.26984977722168,8.0,4.0,05-27,0.58837890625
03-14,2.339449882507324,0.9204425811767578,-0.009586334228515623,3.2215480804443364,2.9051437377929688,-0.6807441711425781,-0.479400634765625,0.8820858001708984,2.2109336853027344,-4.219696044921875,-0.3764610290527344,11.178316116333008,7.0,5.0,05-28,1.4910026391347249
03-15,1.8312921524047847,0.9204425811767578,-0.22052574157714844,2.953083038330078,2.512035369873047,-0.5752754211425781,-1.275188446044922,1.438188552856445,1.8274116516113281,-3.5816802978515625,0.476226806640625,14.03236198425293,8.0,4.0,05-29,1.6948643525441487
03-16,1.8312921524047847,0.3259925842285156,0.2109336853027344,3.35577392578125,2.157291412353516,0.134246826171875,-1.275188446044922,0.7766189575195312,0.6570549011230469,-3.782764434814453,0.11352157592773438,14.03236198425293,10.0,2.0,05-30,1.5447612603505452
03-17,0.9204444885253906,0.4793968200683594,0.4122791290283203,4.11322021484375,0.33557891845703125,0.134246826171875,-1.188884735107422,0.11505508422851562,0.7714805603027344,-3.424884796142578,-0.3474578857421875,17.395509719848633,9.0,3.0,05-31,1.6429986953735352
03-18,-0.5752754211425781,0.7670326232910156,0.5752773284912109,2.7133808135986333,0.33557891845703125,-0.14379119873046875,-1.6491355895996094,-0.4218692779541016,0.6940231323242188,-4.422622680664063,-0.3474578857421875,17.223339080810547,6.0,6.0,06-01,1.229039986928304
03-19,0.6328010559082031,0.7670402526855469,0.7670307159423828,2.7133808135986333,-0.0383453369140625,-0.0862884521484375,-1.8984146118164065,-0.2492866516113281,0.569091796875,-4.422622680664063,0.3370933532714844,15.195930480957033,7.0,5.0,06-02,1.190617561340332
03-20,1.7258262634277344,-0.18217086791992188,0.2972240447998047,2.9626674652099614,-2.03262710571289,0.258880615234375,-2.0614051818847656,-0.2397003173828125,0.569091796875,-3.949188232421875,0.6791648864746094,16.31278419494629,7.0,5.0,06-03,1.1950456301371255
03-21,0.6615638732910156,0.39310455322265625,0.2972240447998047,2.9147300720214844,-1.4094276428222656,0.4602203369140625,-1.8121223449707031,-0.2397003173828125,1.1156044006347656,-5.2255859375,-0.8484268188476562,18.947331428527832,7.0,5.0,06-04,1.2712096373240154
03-22,-0.5752792358398438,0.39310455322265625,0.7382678985595703,1.3806648254394531,-2.1477012634277344,0.7095108032226562,-1.4286003112792969,0.13422775268554688,1.989952087402344,-4.268951416015625,0.25908660888671875,21.950539588928226,8.0,4.0,06-05,1.5945684909820557
03-23,-0.5752792358398438,0.28763580322265625,0.7862091064453125,0.3451633453369141,-2.1572799682617188,0.4698143005371094,-1.4286003112792969,0.4889869689941406,2.4321441650390625,-3.940235137939453,-0.18920135498046875,21.950539588928226,7.0,5.0,06-06,1.5391581058502195
03-24,-0.2972221374511719,-0.36434364318847656,0.7478599548339844,1.1697311401367188,-2.694204330444336,0.4698143005371094,-1.9751167297363281,0.27805137634277344,1.6730499267578125,-4.6559715270996085,0.13446426391601562,16.618961334228516,7.0,5.0,06-07,0.9254228274027506
03-25,-1.2847843170166016,-1.1601409912109375,-0.11505889892578125,1.5628376007080078,-2.694204330444336,0.4410476684570313,-1.898399353027344,0.1821746826171875,1.8556900024414065,-4.7625274658203125,0.13446426391601562,12.783727645874025,6.0,6.0,06-08,0.42040220896403
03-26,-2.531211853027344,-2.54079818725586,-0.3547534942626953,1.5628376007080078,-2.4928569793701167,1.2464332580566406,-1.7737655639648438,0.8629150390625,2.134361267089844,-4.7625274658203125,0.1442413330078125,14.247774124145508,6.0,6.0,06-09,0.478554089864095
03-27,-1.8025321960449217,-2.3778133392333984,-0.4698066711425781,0.8437385559082031,-0.8725051879882812,1.553253173828125,-2.953094482421875,1.025909423828125,2.134361267089844,-3.960590362548828,-0.5697021484375,13.439851760864258,5.0,7.0,06-10,0.4992558161417643
03-28,-0.4026927947998047,-2.6558609008789062,-0.4698066711425781,0.2972278594970703,-0.6423912048339844,1.4861297607421875,-2.876384735107422,1.025909423828125,1.6261940002441406,-3.1293296813964844,0.850311279296875,14.536550521850586,6.0,6.0,06-11,0.8038214047749838
03-29,-0.5177516937255859,-2.6558609008789062,-0.4314537048339844,1.169729232788086,-1.064260482788086,1.1697235107421875,-2.3011016845703125,0.13422775268554688,1.5203475952148438,-2.5369949340820312,1.0360603332519531,14.029390335083008,6.0,6.0,06-12,0.7960046132405599
03-30,-0.5177516937255859,-2.59832763671875,-0.019176483154296875,0.8341484069824219,-1.8121185302734373,0.6040153503417969,-2.3011016845703125,0.37392616271972656,1.4723777770996094,-1.6587295532226562,0.30042266845703125,14.029390335083008,6.0,6.0,06-13,0.7255895932515463
03-31,-0.2396965026855469,-1.888822555541992,-0.04794120788574219,1.3231334686279297,-1.86005973815918,0.6040153503417969,-2.425743103027344,-0.8820877075195312,1.8753738403320312,-1.0872039794921875,0.8987236022949219,15.077901840209961,5.0,7.0,06-14,0.9456327756245932
04-01,-1.0642623901367188,-1.5628299713134766,0.18217086791992188,0.7095088958740234,-1.86005973815918,-0.16300582885742188,-1.7258224487304688,-1.677886962890625,2.739566802978516,-2.792083740234375,0.8987236022949219,12.980545043945312,5.0,7.0,06-15,0.5553803443908691
04-02,-2.0901660919189453,-2.0709896087646484,0.5944538116455078,0.7095088958740234,-1.5628414154052734,-0.2397003173828125,-2.5024452209472656,-1.3998394012451172,3.26809310913086,-2.792083740234375,1.0747528076171875,14.441368103027346,5.0,7.0,06-16,0.619175910949707
04-03,-2.3011035919189453,-1.792947769165039,0.03835296630859375,0.3739299774169922,0.5369224548339844,-1.016326904296875,-2.5887489318847656,-1.2176666259765625,3.26809310913086,-2.975666046142578,1.1939468383789062,15.468284606933596,6.0,6.0,06-17,0.7489225069681803
04-04,-1.8217086791992188,-1.9367599487304688,0.03835296630859375,1.6778945922851562,1.0354995727539062,-0.4218597412109375,-2.8284454345703125,-1.2176666259765625,3.5940818786621094,-4.540683746337892,1.137104034423828,13.187808990478516,6.0,6.0,06-18,0.6586348215738932
04-05,-1.850473403930664,-1.9367599487304688,-0.11505508422851562,1.9751148223876955,1.438188552856445,0.20134735107421875,-2.838031768798828,-1.2368450164794922,3.2764816284179688,-5.623687744140625,0.00060272216796875,12.392257690429688,6.0,6.0,06-19,0.4735949834187825
04-06,-1.850473403930664,-1.5724201202392578,-0.17258834838867188,2.8859691619873047,0.9108524322509766,-0.019168853759765625,-2.838031768798828,-1.7450008392333984,3.065502166748047,-5.133220672607422,-0.09688949584960938,12.392257690429688,4.0,8.0,06-20,0.4855656623840332
04-07,-0.8820858001708984,-2.023046493530273,-0.009586334228515623,3.259899139404297,0.04793739318847656,-0.019168853759765625,-1.8504676818847656,-1.0354957580566406,3.36318588256836,-5.182044982910156,-0.5872993469238281,12.679113388061525,4.0,8.0,06-21,0.6467450459798177
04-08,-0.9396152496337892,-2.224393844604492,-0.019176483154296875,3.2311382293701167,0.04793739318847656,0.04794692993164063,-2.627086639404297,-0.939617156982422,3.536346435546875,-5.346725463867188,-0.5872993469238281,9.278127670288086,5.0,7.0,06-22,0.2881318728129069
04-09,-1.591596603393555,-2.5887470245361333,0.12464332580566405,3.2311382293701167,0.3835220336914063,0.4122848510742188,-2.013458251953125,-1.534074783325195,3.5555648803710938,-5.346725463867188,0.0092315673828125,8.074855804443361,7.0,5.0,06-23,0.22638654708862305
04-10,-1.4190130233764648,-3.1352596282958984,0.22052001953125,4.257040023803712,-0.268463134765625,0.5369300842285156,-1.7354164123535156,-1.7737712860107422,3.5555648803710938,-5.607597351074219,0.09808731079101562,10.411785125732422,6.0,6.0,06-24,0.4283672173817952
04-11,-1.5053014755249023,-2.7229785919189453,0.22052001953125,2.885967254638672,-0.8149795532226562,1.3423194885253906,-1.3135528564453125,-1.7737712860107422,2.3639678955078125,-5.1921424865722665,-1.1671676635742188,10.560955047607422,5.0,7.0,06-25,0.24031964937845865
04-12,-1.601181983947754,-2.7229785919189453,0.383514404296875,2.770914077758789,-1.1409587860107422,1.5820121765136719,-1.0163192749023438,-1.7737712860107422,2.7003097534179688,-4.98870849609375,-0.980815887451172,9.427291870117188,5.0,7.0,06-26,0.2199423313140869
04-13,-1.601181983947754,-2.4641036987304688,0.6615715026855469,2.4832763671875,1.3998336791992188,1.8121185302734373,-1.0163192749023438,-2.291513442993164,2.7387428283691406,-5.7152252197265625,-1.7850799560546875,9.427291870117188,6.0,6.0,06-27,0.3041176001230876
04-14,-1.7737646102905271,-3.1256618499755864,0.6423931121826172,3.5187664031982417,1.9751129150390625,1.8121185302734373,-1.3998374938964844,-3.2023696899414062,2.373573303222656,-5.6377220153808585,-1.8145065307617188,8.343351364135742,6.0,6.0,06-28,0.14262111981709802
04-15,-1.4190120697021484,-3.2215404510498047,0.6328010559082031,4.535085678100586,1.9751129150390625,2.195648193359375,-1.6107673645019531,-3.978994369506837,2.1045074462890625,-6.4707908630371085,-1.8145065307617188,9.099128723144533,6.0,6.0,06-29,0.16888936360677084
04-16,-1.7450027465820312,-3.2407245635986333,0.4985675811767578,4.535085678100586,1.112201690673828,1.7258186340332031,-0.354766845703125,-3.413305282592773,2.6618614196777344,-6.4707908630371085,-2.530502319335937,7.806356430053711,6.0,6.0,06-30,0.04873323440551758
04-17,-2.4257488250732417,-3.6721792221069336,0.1917572021484375,4.084455490112306,1.7737674713134766,2.253158569335937,-0.6519699096679688,-2.953083038330078,2.6618614196777344,-7.168243408203125,-2.1577911376953125,9.51679229736328,6.0,6.0,07-01,0.1210647424062093
04-18,-1.668294906616211,-3.911875724792482,0.1917572021484375,4.851490020751953,2.2339916229248047,2.847625732421875,0.10546493530273438,-2.953083038330078,2.41201400756836,-6.625785827636719,-2.550121307373047,12.241558074951172,7.0,5.0,07-02,0.5978950659434
04-19,-1.668294906616211,-3.911875724792482,0.028766632080078125,6.097919464111327,1.4669513702392578,3.365375518798828,0.10546493530273438,-2.675033569335937,1.8738822937011719,-4.543113708496094,-1.2162132263183594,12.241558074951172,7.0,5.0,07-03,0.9304489294687908
04-20,-1.668294906616211,-4.333745002746582,-0.08628654479980469,5.743171691894531,1.169729232788086,3.365375518798828,0.10546493530273438,-2.3202800750732417,2.498497009277344,-4.242816925048828,-1.2162132263183594,12.241558074951172,6.0,6.0,07-04,0.9380133152008056
04-21,-2.617500305175781,-5.072016716003418,0.4410438537597656,6.61567497253418,0.8725090026855469,3.365375518798828,-0.5656890869140625,-2.1668758392333984,3.20001220703125,-4.581859588623047,-1.245635986328125,12.261445999145508,6.0,6.0,07-05,0.8755403359731039
04-22,-2.4257469177246094,-5.752760887145996,0.8437404632568359,6.232156753540039,0.8725090026855469,3.020206451416016,0.84375,-1.907995223999024,3.267276763916016,-4.446239471435547,-1.245635986328125,11.167566299438477,7.0,5.0,07-06,0.8724022706349691
04-23,-3.4228878021240234,-6.606078147888184,0.7957973480224609,6.232156753540039,-1.917585372924805,3.1640167236328125,2.291522979736328,-2.243570327758789,3.5363388061523438,-4.446239471435547,-1.64776611328125,10.332235336303713,6.0,6.0,07-07,0.5056617259979248
04-24,-4.218687057495116,-6.491028785705566,0.87249755859375,5.800697326660156,-1.131364822387695,2.224395751953125,1.4861221313476562,-1.6299419403076172,3.5363388061523438,-3.981277465820313,-1.088703155517578,10.55101203918457,6.0,6.0,07-08,0.4941716988881429
04-25,-4.343337059020996,-6.049983024597168,0.87249755859375,5.963695526123048,-2.2723407745361333,1.9847068786621087,2.2627525329589844,-1.6299419403076172,3.824630737304688,-4.872459411621094,-0.7552261352539062,8.502466201782228,6.0,6.0,07-09,0.2906217575073242
04-26,-4.611798286437988,-6.049983024597168,0.8533267974853516,4.9665489196777335,-3.566715240478516,1.9176025390625,1.4861373901367188,-2.01346206665039,2.7291336059570312,-5.753978729248048,-0.3727149963378906,10.143291473388672,6.0,6.0,07-10,-0.022717634836832683
04-27,-4.611798286437988,-5.4459428787231445,1.1697254180908203,4.3337440490722665,-1.1889019012451172,2.003890991210937,1.4861373901367188,-1.8696479797363281,3.747756958007813,-5.511791229248047,-1.3044776916503906,10.143291473388672,6.0,6.0,07-11,0.2459988594055176
04-28,-4.420031547546387,-5.513059616088867,0.8629112243652344,3.9598178863525386,-1.6107769012451172,2.003890991210937,1.3710708618164062,0.6903305053710938,4.766376495361328,-4.794967651367188,-0.7944526672363281,9.248294830322266,7.0,5.0,07-12,0.4807837009429932
04-29,-4.803557395935059,-5.7239933013916025,-0.2301063537597656,3.3461894989013667,-1.6107769012451172,1.8408889770507808,2.243568420410156,0.6136302947998047,3.9015045166015625,-4.833721160888672,-0.7944526672363281,5.9216365814208975,6.0,6.0,07-13,-0.010765790939331056
04-30,-4.458390235900879,-5.589759826660156,0.14382362365722656,3.3461894989013667,-1.725820541381836,1.7162399291992188,3.1927719116210938,0.20134735107421875,3.516357421875,-4.833721160888672,-1.3044776916503906,9.635799407958984,7.0,5.0,07-14,0.32002997398376465
05-01,-3.7392911911010738,-5.359653472900392,0.11505699157714845,2.8284378051757812,0.7382698059082031,0.8149642944335938,3.298259735107422,0.12463760375976562,3.516357421875,-5.5989837646484375,-1.7273178100585938,8.108787536621094,8.0,4.0,07-15,0.25996041297912603
05-02,-4.467974662780762,-5.743165969848633,0.11505699157714845,3.154428482055664,-0.3355865478515625,0.18216705322265625,3.4804229736328125,0.12463760375976562,3.5932388305664062,-4.659103393554688,-1.3629150390625,8.879409790039062,7.0,5.0,07-16,0.2467180093129476
05-03,-3.652999877929688,-5.743165969848633,0.3451652526855469,3.3461856842041016,-1.3902473449707031,0.5081558227539062,2.885971069335937,0.7286815643310547,3.997604370117188,-5.356578826904297,-2.3644676208496094,9.747394561767578,7.0,5.0,07-17,0.25430822372436523
05-04,-3.652999877929688,-5.043249130249023,0.39310646057128906,3.8064041137695312,-1.3710594177246094,1.2943649291992188,2.885971069335937,0.4793949127197266,3.6325531005859375,-6.1222076416015625,-1.3912239074707031,9.747394561767578,7.0,5.0,07-18,0.3882040977478027
05-05,-3.911876678466797,-4.352924346923828,0.20134544372558594,3.8543491363525386,-0.7862091064453125,1.2943649291992188,3.1064910888671875,0.7478561401367188,3.2091636657714844,-5.198997497558594,-2.099529266357422,9.369508743286133,7.0,5.0,07-19,0.4527951876322429
05-06,-3.2982540130615234,-4.861083030700684,0.3643474578857422,3.4420680999755864,-0.7862091064453125,2.176460266113281,2.5887451171875,1.169729232788086,2.4966697692871094,-5.3738861083984375,-2.099529266357422,10.70656967163086,7.0,5.0,07-20,0.5438023408253988
05-07,-2.3394546508789062,-4.2858076095581055,1.1601409912109375,3.4420680999755864,-0.9587898254394532,1.1026077270507812,1.8984184265136719,0.9875583648681641,2.8144302368164062,-5.3738861083984375,-1.403156280517578,9.631763458251953,7.0,5.0,07-21,0.5563244024912516
05-08,-3.2503070831298837,-5.2062416076660165,1.102609634399414,3.3845424652099614,-1.7641716003417969,1.227252960205078,1.2272567749023438,1.2080821990966797,2.8144302368164062,-5.4610748291015625,-1.2271614074707031,7.4217681884765625,7.0,5.0,07-22,0.12308216094970705
05-09,-3.0873126983642583,-5.628115653991699,1.102609634399414,2.358633041381836,-2.138111114501953,1.1409645080566406,1.4094314575195312,1.2080821990966797,2.122539520263672,-3.96875,-1.9240455627441408,7.410627365112305,7.0,5.0,07-23,0.0005460580190022787
05-10,-2.2915172576904297,-5.628115653991699,0.6999168395996094,3.7872257232666016,-2.569564819335937,0.7382736206054688,2.329872131347656,1.0163211822509766,1.9875564575195312,-4.920101165771484,-2.592880249023437,9.765161514282227,7.0,5.0,07-24,0.1935123602549235
05-11,-2.2915172576904297,-5.6377058029174805,0.9971408843994141,3.6817684173583984,-1.9175834655761719,1.2272605895996094,2.329872131347656,1.4094219207763672,1.9972496032714844,-5.4443626403808585,-2.810070037841797,9.765161514282227,7.0,5.0,07-25,0.27555298805236816
05-12,-1.8312969207763672,-5.081602096557617,0.8916816711425781,3.50918197631836,-3.9502201080322266,1.2272605895996094,2.099761962890625,1.50531005859375,2.1892852783203125,-6.230949401855469,-2.5149383544921875,10.44137954711914,7.0,5.0,07-26,0.18790451685587564
05-13,0.2588729858398437,-3.6721820831298833,0.7574443817138672,2.4257488250732417,-3.9502201080322266,1.1217880249023438,1.9942817687988281,2.003875732421875,2.3345260620117188,-7.474536895751952,-2.5149383544921875,11.982471466064453,8.0,4.0,07-27,0.43892765045166016
05-14,0.26845741271972656,-2.895557403564453,0.36434364318847656,2.4257488250732417,-4.535093307495117,0.19176101684570312,1.0067367553710938,2.128519058227539,1.8530845642089844,-7.474536895751952,-2.9268875122070312,12.740196228027346,8.0,4.0,07-28,0.2622310320536296
05-15,0.6903343200683594,-3.4612407684326167,-0.11505508422851562,1.9751148223876955,-4.4200401306152335,0.02877044677734375,0.4410476684570313,1.6778888702392578,1.8530845642089844,-5.634044647216798,-2.748985290527344,13.818830490112305,7.0,5.0,07-29,0.34214210510253906
05-16,-0.162994384765625,-3.8543453216552734,-0.11505508422851562,3.691350936889648,-3.950229644775391,-0.7382698059082031,0.4602165222167969,1.6778888702392578,1.670501708984375,-5.728870391845702,-3.338119506835937,9.618139266967773,5.0,7.0,07-30,-0.0641489028930664
05-17,-0.2205238342285156,-3.8543453216552734,-0.10546493530273438,4.53509521484375,-4.822717666625977,-0.8725013732910156,0.7478523254394531,1.7354164123535156,2.458545684814453,-6.931598663330077,-2.7398223876953125,10.86524772644043,5.0,7.0,07-31,0.06626526514689128
05-18,-0.2205238342285156,-4.113222122192384,-0.2972240447998047,4.247457504272462,-4.554269790649414,-1.217670440673828,0.7478523254394531,1.7066497802734375,1.3909568786621094,-7.638637542724608,-1.1193008422851562,10.86524772644043,5.0,7.0,08-01,-0.01689036687215169
05-19,-0.08629226684570312,-3.5667076110839844,-0.6232185363769531,2.502452850341797,-3.5858974456787114,-1.217670440673828,0.7478523254394531,1.208078384399414,0.7946853637695312,-8.006484985351562,-1.4045867919921875,11.11385726928711,5.0,7.0,08-02,-0.17699432373046875
05-20,0.2492847442626953,-2.8284358978271484,-0.6615676879882812,2.310689926147461,-3.5858974456787114,-1.1122055053710938,0.814971923828125,0.3164005279541016,1.4305572509765625,-7.957908630371094,-1.4045867919921875,10.934078216552734,6.0,6.0,08-03,-0.12455161412556966
05-21,1.265604019165039,-2.559976577758789,-0.9587974548339844,2.310689926147461,-3.0106143951416016,-1.5053062438964844,1.1217880249023438,0.14382171630859375,1.4209327697753906,-7.957908630371094,-2.228473663330078,9.919229507446287,6.0,6.0,08-04,-0.16991758346557614
05-22,1.7450065612792969,-2.9051475524902344,-0.9587974548339844,1.860055923461914,-4.285812377929688,-2.0805740356445312,0.7574539184570312,0.3835220336914063,1.4209327697753906,-3.9185104370117188,0.019168853759765625,9.77165412902832,7.0,5.0,08-05,0.15074602762858072
05-23,1.907999038696289,-3.116077423095703,-0.9587974548339844,1.2943668365478516,-3.9118728637695312,-2.6654415130615234,1.0930252075195312,0.3835220336914063,1.6611747741699219,-4.7721824645996085,0.4591026306152344,8.398551940917969,7.0,5.0,08-06,-0.018885771433512367
05-24,2.1476993560791016,-3.116077423095703,-1.025909423828125,1.227254867553711,-3.566715240478516,-2.8188495635986333,0.4122810363769531,-1.879228591918945,1.4882087707519531,-4.703804016113281,-1.1425132751464844,9.136837005615234,5.0,7.0,08-07,-0.3200680414835612
05-25,2.1476993560791016,-3.2023696899414062,-2.4449138641357417,1.150552749633789,-3.9981670379638663,-2.9051418304443364,0.4122810363769531,-1.5915946960449219,2.046123504638672,-5.226337432861328,-0.27768707275390625,9.136837005615234,5.0,7.0,08-08,-0.3960598309834798
05-26,2.1476993560791016,-3.624238967895508,-2.9626674652099614,1.2751960754394531,-4.9281959533691415,-2.9051418304443364,0.4122810363769531,-1.0354957580566406,2.324813842773437,-4.74981689453125,0.22403335571289065,9.136837005615234,6.0,6.0,08-09,-0.3903913497924805
05-27,2.416156768798828,-3.7201156616210938,-4.429619789123535,1.8121185302734373,-4.9281959533691415,-2.9051418304443364,1.188884735107422,-1.246429443359375,2.7670440673828125,-4.633232116699219,0.22403335571289065,6.183021545410156,6.0,6.0,08-10,-0.6059563159942627
05-28,4.1707496643066415,-3.2215499877929688,-4.822723388671875,1.8121185302734373,-4.9281959533691415,-3.7488956451416016,1.1122055053710938,-1.2080821990966797,2.593738555908203,-4.633232116699219,0.22403335571289065,6.5696563720703125,6.0,6.0,08-11,-0.5066814422607422
05-29,2.1189327239990234,-2.5887374877929688,-5.858222007751465,1.8121185302734373,-2.722970962524414,-2.9339084625244136,2.2148170471191406,-1.1697311401367188,2.593738555908203,-4.633232116699219,1.0194854736328125,7.737171173095702,6.0,6.0,08-12,-0.20087822278340656
05-30,1.6107730865478516,-3.279071807861328,-5.858222007751465,3.4228916168212886,-2.6462726593017583,-2.7037887573242188,2.1668701171875,-1.1697311401367188,2.593738555908203,-3.4023208618164062,0.5864219665527344,7.1679439544677725,6.0,6.0,08-13,-0.12589732805887854
05-31,4.429620742797852,-3.279071807861328,-5.858222007751465,3.010608673095703,-1.8600540161132808,-2.8763751983642583,2.559986114501953,-1.1697311401367188,1.524688720703125,-3.5978012084960938,0.7909584045410156,7.497175216674805,6.0,6.0,08-14,0.09764854113260904
06-01,4.429620742797852,-3.279071807861328,-4.918606758117676,5.004894256591797,-1.8792362213134768,-2.722969055175781,2.559986114501953,-1.045083999633789,1.0159759521484375,-5.093883514404297,0.34093475341796875,7.497175216674805,6.0,6.0,08-15,0.15914463996887207
06-02,3.729700088500977,-4.170748710632323,-4.755609512329102,6.25132942199707,-2.233983993530273,-2.722969055175781,2.7805137634277344,-1.0259132385253906,0.8340644836425781,-5.132480621337892,-0.4755897521972656,6.8607330322265625,5.0,7.0,08-16,-0.005079507827758789
06-03,4.707670211791992,-3.6434144973754883,-4.026933670043944,6.2321510314941415,-2.233983993530273,-2.742145538330078,3.183197021484375,0.03835296630859375,1.6895790100097656,-5.229640960693359,-0.4755897521972656,4.067039489746094,6.0,6.0,08-17,0.1305234432220459
06-04,4.592618942260742,-3.125664710998535,-3.336597442626953,6.2321510314941415,-1.591596603393555,-1.8217086791992188,3.3845291137695312,-0.1054668426513672,2.1613922119140625,-5.229640960693359,-1.0052337646484375,5.399528503417969,5.0,7.0,08-18,0.4628592332204183
06-05,3.7776412963867188,-1.7929420471191406,-3.5858869552612305,5.359647750854492,-0.028768539428710938,-2.281932830810547,4.094039916992188,-0.3739337921142578,2.1613922119140625,-4.929359436035156,-1.5846748352050781,5.924457550048827,5.0,7.0,08-19,0.5616400241851807
06-06,4.1803340911865225,-1.4477767944335938,-3.5858869552612305,6.596492767333984,-1.984697341918945,-2.2148170471191406,5.5034828186035165,-0.3739337921142578,1.9595870971679688,-4.832508087158203,-1.1223640441894531,7.825916290283202,5.0,7.0,08-20,0.8753190835316976
06-07,3.8927001953125,-1.4477767944335938,-3.3078393936157227,6.701963424682617,-2.7709102630615234,-1.8504638671875,5.311729431152344,-1.0546741485595703,0.6506271362304688,-4.676689147949219,-0.6382675170898438,7.5964508056640625,5.0,7.0,08-21,0.700570821762085
06-08,3.8927001953125,-1.428598403930664,-4.2858076095581055,5.896577835083008,-0.901264190673828,-1.6874771118164062,5.311729431152344,-1.08343505859375,0.3518104553222656,-5.508808135986328,-0.12676620483398438,7.5964508056640625,5.0,7.0,08-22,0.6689260005950928
06-09,3.4804172515869136,-1.6299486160278318,-4.947366714477539,6.663614273071289,-0.8916778564453125,-1.6874771118164062,5.2446136474609375,-0.6232185363769531,0.4769401550292969,-0.477264404296875,-1.7499656677246094,7.8351173400878915,5.0,7.0,08-23,0.9744819800059
06-10,3.82558822631836,-2.1668701171875,-4.621379852294922,7.814167022705077,-0.8916778564453125,-1.5436668395996094,3.777637481689453,0.7095050811767578,-0.6108512878417969,-1.5945549011230469,-1.7499656677246094,8.841117858886719,5.0,7.0,08-24,0.9824207623799642
06-11,5.014488220214844,-2.531216621398926,-4.99531364440918,7.814167022705077,-0.14381980895996094,-0.8245468139648438,2.512035369873047,3.9598121643066406,-0.3797569274902344,-1.5945549011230469,-1.004547119140625,14.21626091003418,5.0,7.0,08-25,1.836917320887248
06-12,4.333742141723634,-2.3490428924560547,-4.343334197998047,7.584056854248048,0.6903343200683594,-0.699920654296875,0.7382698059082031,3.116077423095703,-0.3797569274902344,-2.166080474853516,-0.8748703002929688,13.970993041992188,6.0,6.0,08-26,1.63503901163737
06-13,4.8419036865234375,-1.4477787017822266,-4.343334197998047,7.823751449584961,-1.7737693786621094,-0.6040382385253906,-2.023040771484375,3.116077423095703,-0.9467239379882812,-1.5104827880859375,-2.545368194580078,12.818641662597654,4.0,8.0,08-27,1.1171531677246094
06-14,5.6377010345458975,-1.4477787017822266,-4.659736633300781,7.00877571105957,-1.3902530670166016,-0.7574539184570312,-1.1601295471191406,3.5379505157470703,-1.9663238525390625,-1.8696937561035158,-2.454944610595703,11.860862731933596,4.0,8.0,08-28,1.0282479921976726
06-15,5.6377010345458975,-1.725820541381836,-3.902287483215332,6.7786598205566415,-2.70379638671875,-0.8437385559082031,-1.1601295471191406,3.5571193695068364,-0.6771430969238281,-1.0351638793945312,-1.7979736328125,11.860862731933596,4.0,8.0,08-29,1.165690819422404
06-16,5.781517028808594,-1.7066516876220703,-3.60505485534668,6.25132942199707,-2.8955535888671875,-0.8437385559082031,-0.9204330444335938,3.0968952178955083,-0.5616378784179688,-0.5325965881347656,-1.6996002197265625,11.01559066772461,4.0,8.0,08-30,1.1150054931640625
06-17,5.551410675048828,-0.6519832611083984,-2.9722557067871094,6.4047393798828125,-2.8955535888671875,-0.7190895080566406,-0.009593963623046877,2.9530868530273438,-0.7923393249511719,-0.7657661437988281,-1.6996002197265625,9.835723876953123,4.0,8.0,08-31,1.1865649223327637
06-18,6.38555908203125,-0.8533344268798828,-2.953083038330078,6.4047393798828125,-3.259899139404297,-0.4985733032226562,-0.4602203369140625,3.34619140625,-0.436065673828125,-0.7657661437988281,-1.7976875305175781,10.740177154541016,4.0,8.0,09-01,1.3210031191507976
06-19,5.867805480957031,-0.3259849548339844,-2.9434947967529297,6.03080940246582,-2.396984100341797,-0.8725013732910156,-0.7095108032226562,3.19278335571289,-0.436065673828125,-0.562347412109375,-1.3072776794433594,10.429500579833984,4.0,8.0,09-02,1.3305610020955403
06-20,5.3308916091918945,0.019174575805664062,-2.9434947967529297,6.0595703125,-0.4889869689941406,-0.4985733032226562,-1.7258338928222656,3.19278335571289,-0.6955184936523438,-0.39766693115234375,-1.1785354614257812,11.588508605957033,5.0,7.0,09-03,1.521859884262085
06-21,4.669325828552246,0.019174575805664062,-3.2119541168212886,6.414327621459961,-1.045083999633789,-0.4794044494628906,-0.64239501953125,3.5187759399414062,-0.7147369384765625,-1.0097541809082031,-0.14850616455078125,11.259269714355467,5.0,7.0,09-04,1.552419900894165
06-22,4.669325828552246,0.5656871795654297,-3.307830810546875,6.404733657836914,-1.2847881317138672,-2.090171813964844,-0.64239501953125,3.758472442626953,0.14194107055664062,-0.7482681274414062,-0.16806793212890625,11.259269714355467,6.0,6.0,09-05,1.546492338180542
06-23,4.755614280700684,0.15340614318847656,-4.084460258483887,6.8841304779052725,-1.29437255859375,-2.090171813964844,-0.6807403564453125,2.9051437377929688,0.00748443603515625,0.2894020080566406,0.2352752685546875,11.110099792480467,8.0,4.0,09-06,1.51590092976888
06-24,4.851494789123535,0.4793968200683594,-4.295395851135254,6.9033050537109375,-1.29437255859375,-2.5024566650390625,-0.9779739379882812,3.988580703735352,-0.6564559936523438,1.0277824401855469,0.2352752685546875,12.243762969970705,7.0,5.0,09-07,1.6669119199117024
06-25,4.5446815490722665,0.9587898254394532,-4.47756290435791,6.9033050537109375,-1.3998336791992188,-2.96267318725586,-0.680755615234375,5.282947540283203,-0.3098258972167969,1.0277824401855469,0.9218482971191406,11.333009719848633,7.0,5.0,09-08,1.7618094285329182
06-26,4.937780380249023,0.8725090026855469,-4.0461082458496085,5.608936309814453,-2.358633041381836,-2.569561004638672,-1.5532341003417969,5.311714172363281,-0.3098258972167969,0.6209297180175781,0.7643585205078125,11.997596740722654,7.0,5.0,09-09,1.6063718795776367
06-27,4.630971908569336,0.9971466064453124,-4.0461082458496085,5.302131652832031,-2.8476123809814453,-2.684619903564453,0.2396965026855469,5.311714172363281,-0.040760040283203125,0.9002151489257812,0.2845611572265625,10.417999267578123,8.0,4.0,09-10,1.5387779871622722
06-28,4.439210891723633,0.9971466064453124,-4.352918624877931,4.765205383300781,-0.7286853790283203,-3.1448440551757812,-0.31640625,4.688499450683594,-0.5692291259765625,-0.2546424865722656,-0.1381683349609375,11.95443344116211,5.0,7.0,09-11,1.4449667930603027
06-29,4.439210891723633,1.4190149307250977,-4.44880485534668,3.5187759399414062,-0.7382659912109375,-2.933910369873047,-0.31640625,3.806411743164064,0.6041641235351562,-0.5737419128417969,0.3350372314453125,11.95443344116211,7.0,5.0,09-12,1.4221599102020264
06-30,4.602197647094727,1.812119483947754,-4.851491928100586,3.42288589477539,0.05753135681152344,-2.933910369873047,-0.8149757385253906,2.301107406616211,0.2297782897949219,-0.059520721435546875,1.5155448913574219,10.77104949951172,8.0,4.0,09-13,1.3376929759979248
07-01,4.372091293334962,2.032643318176269,-5.043255805969238,4.774784088134767,0.05753135681152344,-3.45166015625,-1.4573707580566406,2.71337890625,0.9130897521972656,0.3096580505371094,1.5155448913574219,11.755313873291016,9.0,3.0,09-14,1.5409790674845378
07-02,4.73643684387207,2.464097023010254,-5.25418758392334,4.774784088134767,0.3547515869140625,-3.1544342041015625,-0.8629074096679688,2.5791473388671875,0.5953407287597656,0.3096580505371094,1.5449676513671875,12.962778091430664,9.0,3.0,09-15,1.7542026837666829
07-03,4.880254745483398,2.5408010482788086,-4.985726356506348,5.158302307128906,-0.0191802978515625,-3.863927841186523,-1.0738449096679688,2.425741195678711,0.5953407287597656,0.17403793334960938,1.2803573608398438,11.389938354492188,8.0,4.0,09-16,1.5418411890665693
07-05,5.752758026123048,2.368220329284668,-4.985726356506348,5.810291290283202,1.045085906982422,-3.096899032592773,-0.9587860107421876,2.425741195678711,-0.3092193603515625,-0.10736465454101562,4.0137786865234375,12.357696533203125,7.0,5.0,09-18,2.0262980461120605
07-06,5.752758026123048,2.368220329284668,-4.956957817077637,5.350067138671875,1.8408851623535158,-2.4832725524902344,-0.9587860107421876,2.4928607940673837,0.2773399353027344,-0.7096939086914062,3.6800765991210938,12.357696533203125,8.0,4.0,09-19,2.084266185760498
07-07,6.078747749328612,1.6203603744506836,-5.273359298706055,4.899438858032227,3.4708404541015625,-2.4832725524902344,-1.6491165161132812,2.0518207550048837,-0.365478515625,-1.1931228637695312,2.2142791748046875,12.884748458862305,7.0,5.0,09-20,1.8546571731567385
07-08,5.733582496643066,1.4861297607421875,-5.206242561340332,6.069150924682617,3.4708404541015625,-2.4545135498046875,-0.4889869689941406,1.1026115417480469,-0.6436691284179688,-1.34857177734375,2.2142791748046875,10.655288696289062,7.0,5.0,09-21,1.7158249219258626
07-09,6.174628257751465,1.6395339965820312,-4.573446273803711,6.069150924682617,1.5724239349365234,-2.502460479736328,-1.7737541198730469,0.9875526428222656,-1.086589813232422,-1.34857177734375,2.9989242553710938,12.630706787109375,7.0,5.0,09-22,1.7323415279388428
07-10,5.915751457214356,1.84088134765625,-5.37883186340332,6.596485137939452,1.275197982788086,-2.464096069335937,-2.368206024169922,1.0642585754394531,-1.086589813232422,-0.7479896545410156,2.429878234863281,13.398921966552734,7.0,5.0,09-23,1.7063051064809165
07-11,5.599352836608887,1.7354106903076172,-5.37883186340332,7.1430091857910165,-1.562835693359375,-3.0297832489013667,-3.5187721252441406,1.0642585754394531,-0.35625457763671875,-1.165863037109375,2.665973663330078,16.252307891845707,6.0,6.0,09-24,1.620664358139038
07-12,4.899432182312012,1.7354106903076172,-5.388418197631836,6.491024017333984,-1.8984012603759768,-3.17361068725586,-3.4900131225585938,1.2176647186279297,0.1251678466796875,-1.2630233764648438,2.39052963256836,15.0650634765625,7.0,5.0,09-25,1.392568826675415
07-13,4.899432182312012,0.9492053985595704,-6.174626350402832,6.155454635620117,-0.4889907836914063,-3.307836532592773,-3.4900131225585938,1.4573631286621094,-0.3466339111328125,-1.9625434875488281,3.236557006835937,15.0650634765625,6.0,6.0,09-26,1.33270263671875
07-14,4.420037269592285,1.0450820922851562,-6.069160461425781,5.580171585083008,-0.6711540222167969,-3.307836532592773,-3.6338272094726562,1.6587162017822266,0.038516998291015625,-1.7099380493164062,3.8858375549316406,13.558555603027346,7.0,5.0,09-27,1.2329167524973552
07-15,3.1544265747070312,1.303964614868164,-5.685643196105957,4.304983139038087,-0.6711540222167969,-3.16401481628418,-3.0297927856445312,1.7929458618164062,0.3273773193359375,-2.574623107910156,3.8858375549316406,13.169456481933596,7.0,5.0,09-28,1.0678136348724363
07-16,2.6942100524902344,2.2531652450561523,-5.407595634460449,4.304983139038087,-0.7670440673828125,-4.314565658569337,-2.262760162353516,1.543657302856445,0.3562660217285156,-2.574623107910156,3.13818359375,12.191726684570312,7.0,5.0,09-29,0.9296336174011228
07-17,2.531211853027344,2.74215030670166,-5.819877624511719,3.9502277374267583,-1.3231353759765625,-3.250299453735352,-3.7201309204101562,1.649126052856445,0.3562660217285156,-3.5753250122070312,3.925189971923828,13.89776611328125,7.0,5.0,09-30,0.9469308058420816
07-18,2.6079177856445312,2.65585994720459,-5.819877624511719,4.199506759643556,-1.7258281707763672,-3.4228954315185547,-3.691356658935547,1.649126052856445,1.0399246215820312,-4.187400817871094,3.7677841186523438,12.39126205444336,7.0,5.0,10-01,0.7886685530344645
07-19,2.205228805541992,2.65585994720459,-6.51020622253418,3.652999877929688,-1.610769271850586,-3.950223922729492,-3.480419158935547,1.649126052856445,1.4346885681152344,-4.877208709716797,4.8695945739746085,13.92770004272461,7.0,5.0,10-02,0.8305308818817139
07-20,2.205228805541992,1.9655227661132808,-6.126686096191406,2.368219375610352,-1.169729232788086,-4.151569366455078,-3.480419158935547,1.5724201202392578,2.1375808715820312,-4.070816040039063,4.731864929199219,13.92770004272461,7.0,5.0,10-03,0.8257764180501302
07-21,2.358633041381836,2.406571388244629,-6.5293779373168945,2.3106918334960938,-0.9971446990966796,-4.151569366455078,-3.422901153564453,1.783355712890625,2.185737609863281,-3.429584503173828,4.151451110839844,14.29684066772461,7.0,5.0,10-04,0.9135586420694988
07-22,0.9012680053710938,1.6299552917480469,-7.09506893157959,3.499591827392578,-0.9971446990966796,-4.391265869140625,-4.228282928466797,1.1984901428222656,2.6190261840820312,-4.070817947387694,4.151451110839844,12.760406494140625,7.0,5.0,10-05,0.4981340567270915
07-23,-0.2588729858398437,1.217670440673828,-6.625263214111327,3.499591827392578,-1.6778812408447266,-4.803550720214844,-3.4324722290039062,0.6999225616455078,3.167865753173828,-4.070817947387694,4.6236572265625,13.159481048583984,6.0,6.0,10-06,0.4582775433858236
07-24,-0.08628654479980469,0.8341484069824219,-5.628117561340332,4.0652828216552725,-0.24929237365722656,-3.039371490478516,-1.5340766906738281,0.7095108032226562,3.167865753173828,-3.4101619720458984,3.935016632080078,11.85251235961914,6.0,6.0,10-07,0.8847525119781494
07-25,-0.11505889892578125,0.7670307159423828,-5.628117561340332,5.359657287597656,-0.8725032806396484,-2.550395965576172,-2.17645263671875,0.7095108032226562,2.60940170288086,-2.613494873046875,3.925182342529297,8.669891357421875,6.0,6.0,10-08,0.6737209161122641
07-26,-0.7478561401367188,0.7670307159423828,-5.282950401306152,3.902288436889648,-1.1984882354736328,-2.176464080810547,-1.227252960205078,0.2397003173828125,2.9271621704101562,-3.5170364379882812,3.9547042846679688,8.889385223388672,6.0,6.0,10-09,0.5441852410634359
07-27,-0.7478561401367188,1.361480712890625,-4.583028793334961,3.2023639678955083,-1.5053043365478516,-1.9271736145019531,-1.227252960205078,0.8245620727539062,3.2641639709472656,-2.564905166625977,3.728435516357422,8.889385223388672,6.0,6.0,10-10,0.7262392044067383
07-28,-0.9300270080566406,1.7450027465820312,-4.746026992797852,3.3174266815185547,-1.3998394012451172,-1.9271736145019531,-1.73541259765625,0.6711597442626953,3.822643280029297,-3.3713035583496094,3.561199188232422,10.166423797607422,6.0,6.0,10-11,0.7645060221354166
07-29,-0.11505508422851562,1.5340690612792969,-4.247454643249512,3.5571231842041016,-1.3998394012451172,-1.7162361145019531,-1.7162399291992188,1.2751941680908203,4.198165893554688,-3.6433429718017583,3.561199188232422,10.719314575195312,6.0,6.0,10-12,1.000574827194214
07-30,0.2109336853027344,0.9971427917480468,-4.2570409774780265,3.5571231842041016,-1.371076583862305,-1.9559383392333984,-1.9367637634277344,1.1984920501708984,4.419624328613281,-3.6433429718017583,2.833221435546875,11.558761596679688,7.0,5.0,10-13,0.9675947030385336
07-31,-0.4218673706054688,0.4698123931884766,-4.026929855346681,4.391273498535156,-1.9367561340332031,-2.1668739318847656,-1.7545928955078125,1.0738506317138672,4.419624328613281,-3.7307758331298833,3.3651351928710938,11.718391418457033,6.0,6.0,10-14,0.9500242869059244
08-01,-0.2205238342285156,0.498575210571289,-4.026929855346681,3.978994369506837,-1.0834312438964844,-3.4420700073242188,-1.8504714965820312,1.0738506317138672,3.6011734008789062,-3.7403507232666016,3.0213546752929688,10.589523315429688,6.0,6.0,10-15,0.6999745368957521
08-02,0.08629226684570312,0.498575210571289,-3.288660049438477,3.461246490478516,-2.3202800750732417,-2.627092361450196,-2.66543960571289,1.697065353393555,3.186344146728516,-3.4298324584960938,3.2863540649414062,10.85952377319336,7.0,5.0,10-16,0.7286747296651205
08-03,0.08629226684570312,1.0067386627197266,-3.4995927810668945,4.400856018066406,-2.6270904541015625,-2.310688018798828,-2.66543960571289,1.0738449096679688,3.00307846069336,-3.8581409454345694,4.5759925842285165,10.85952377319336,7.0,5.0,10-17,0.8371145725250244
08-04,-0.4793930053710938,1.2368450164794922,-2.339461326599121,4.247446060180663,-1.879232406616211,-2.310688018798828,-2.329864501953125,1.073843002319336,2.9939422607421875,-3.0482711791992188,5.710502624511719,11.09896469116211,6.0,6.0,10-18,1.1645527680714924
08-05,-0.8533306121826172,1.284780502319336,-2.550389289855957,4.84190559387207,-1.879232406616211,-2.291515350341797,-1.303955078125,0.5656890869140625,3.2640533447265625,-3.85749626159668,5.710502624511719,10.520679473876953,6.0,6.0,10-19,1.1209743022918701
08-06,-0.9012622833251952,0.9779701232910156,0.40268993377685547,4.84190559387207,-1.0834388732910156,-2.0422306060791016,-1.054668426513672,0.7286834716796875,3.331573486328125,-3.85749626159668,5.139926910400392,9.430450439453123,7.0,5.0,10-20,1.326175292332967
08-07,-2.4257469177246094,0.4985675811767578,0.11504840850830078,4.247453689575194,1.1697254180908203,-1.1889019012451172,-1.169719696044922,1.0450801849365234,3.331573486328125,-4.48900032043457,4.50994873046875,9.799591064453123,8.0,4.0,10-21,1.2869683106740315
08-08,-1.6491241455078125,0.39310455322265625,0.11504840850830078,3.950223922729492,0.6328067779541016,-1.6299514770507812,-1.5820045471191406,1.0450801849365234,3.225666046142578,-4.498340606689453,4.1656150817871085,9.232460021972656,8.0,4.0,10-22,1.1167153517405193
08-09,-2.032642364501953,0.39310455322265625,0.04793357849121094,4.122812271118163,0.1917667388916016,-1.629953384399414,-1.8217048645019531,1.006732940673828,4.2189369201660165,-5.979471206665039,4.460166931152344,7.122463226318359,8.0,4.0,10-23,0.8416787783304849
08-10,-2.032642364501953,0.6615638732910156,1.4094285964965818,4.352918624877931,0.4026947021484375,-1.4861297607421875,-1.8217048645019531,0.7478580474853516,5.654090881347656,-6.322795867919923,5.770881652832031,7.122463226318359,8.0,4.0,10-24,1.2048855622609456
08-11,-1.7354164123535156,1.4573612213134766,1.879233360290528,3.921464920043945,0.7286834716796875,-1.4861297607421875,-2.138103485107422,0.4410457611083984,5.500286102294922,-3.705249786376953,5.445327758789063,7.860748291015625,8.0,4.0,10-25,1.5141042868296306
08-12,-3.7680530548095694,1.9367628097534184,2.2723407745361333,4.592618942260742,0.7286834716796875,-1.2943668365478516,-2.665454864501953,0.7574501037597656,5.404453277587892,-4.992210388183594,5.445327758789063,6.301513671875,8.0,4.0,10-26,1.2265888055165608
08-13,-3.815996170043945,1.6587095260620115,0.9108562469482422,4.592618942260742,1.303964614868164,-0.9012680053710938,-3.125675201416016,-0.6136302947998047,5.520214080810547,-4.992210388183594,5.0616607666015625,7.591999053955077,7.0,5.0,10-27,1.099270264307658
08-14,-4.055696487426759,1.7258272171020508,1.1601409912109375,4.5734405517578125,2.396982192993164,-1.534067153930664,-3.048961639404297,-0.7574501037597656,5.520214080810547,-5.040786743164063,6.1938743591308585,5.201950073242188,7.0,5.0,10-28,1.0279556115468342
08-15,-3.1831893920898438,1.7258272171020508,1.1601409912109375,4.592618942260742,1.4190177917480469,-1.773763656616211,-4.7843894958496085,-0.7574501037597656,5.395034790039063,-3.529916763305664,6.173423767089844,2.3275299072265625,7.0,5.0,10-29,0.7304069995880127
08-16,-4.132390975952148,1.7258272171020508,1.0738487243652344,2.9626674652099614,1.7450084686279297,-2.0614051818847656,-4.026927947998047,-0.6615695953369141,5.49237060546875,-2.613494873046875,4.675140380859375,2.3775291442871094,7.0,5.0,10-30,0.5463836193084717
08-17,-4.132390975952148,1.246429443359375,1.6395387649536133,1.7641830444335938,3.2982425689697266,-2.4928607940673837,-4.026927947998047,-1.227254867553711,6.7348899841308585,-3.655719757080078,3.307170867919922,2.3775291442871094,7.0,5.0,10-31,0.40273578961690265
08-18,-4.803544998168945,0.7286796569824219,2.425747871398926,1.7737674713134766,2.761327743530273,-2.4928607940673837,-5.110374450683594,-1.160139083862305,7.168128967285156,-1.3731613159179688,3.6524505615234375,1.7390098571777344,7.0,5.0,11-01,0.44241929054260254
08-19,-4.257040023803712,1.2847833633422852,2.358631134033203,0.9971485137939452,2.761327743530273,-3.2311382293701167,-5.8582420349121085,-1.284780502319336,7.573493957519531,-0.9246788024902344,3.6524505615234375,1.1284751892089844,7.0,5.0,11-02,0.3500359058380127
08-20,-4.391273498535156,1.2272567749023438,2.0613994598388667,0.9971485137939452,1.8408870697021484,-3.2119541168212886,-4.583026885986328,-2.1476974487304688,8.142642974853517,-0.9246788024902344,3.1605682373046875,-0.6803665161132812,6.0,6.0,11-03,0.12424214680989586
08-21,-5.033658981323242,2.224400520324707,2.49285888671875,1.150552749633789,1.1793193817138672,-3.56671142578125,-3.5475311279296875,-2.1764583587646484,8.142642974853517,-5.578437805175781,4.547000885009767,-0.8066864013671875,6.0,6.0,11-04,-0.08105905850728352
08-22,-3.8447532653808594,1.8121156692504885,2.49285888671875,0.2876319885253906,0.0,-3.1831874847412114,-1.97512435913086,-2.1764583587646484,9.095897674560547,-4.617134094238281,4.815418243408203,-0.8643035888671875,5.0,7.0,11-05,0.153580109278361
08-23,-3.700939178466797,1.8121156692504885,2.646268844604492,-0.4026947021484375,1.438192367553711,-3.3557720184326167,-2.1956443786621094,-4.6501426696777335,6.125144958496094,-4.308832168579103,4.960456848144531,1.5156974792480469,6.0,6.0,11-06,-0.009679079055786131
08-24,-3.700939178466797,1.8217029571533203,2.0997543334960938,0.7670326232910156,0.7574539184570312,-3.7488784790039062,-2.1956443786621094,-3.7488842010498047,6.7223358154296875,-3.2763214111328125,3.8674392700195312,1.5156974792480469,7.0,5.0,11-07,0.0733957290649414
08-25,-4.21868896484375,1.6011829376220703,1.6587133407592771,0.8053932189941406,1.045087814331055,-3.7488784790039062,0.66156005859375,-3.6625900268554688,6.878074645996094,-4.122802734375,4.143665313720703,1.1465530395507812,8.0,4.0,11-08,0.18227251370747885
08-26,-4.937780380249023,2.2148094177246094,1.8984050750732424,0.7958087921142578,1.045087814331055,-3.978984832763672,-0.5560989379882812,-2.8092613220214844,7.2737579345703125,-3.8985557556152335,4.143665313720703,1.7143325805664062,7.0,5.0,11-09,0.24209880828857425
08-27,-4.53509521484375,2.0614070892333984,2.464092254638672,0.7958087921142578,1.6107749938964844,-3.355777740478516,-1.96551513671875,-3.2694873809814453,7.929737091064452,-3.8985557556152335,4.202686309814453,2.3697509765625,7.0,5.0,11-10,0.36748552322387695
08-28,-4.66932487487793,2.07099723815918,1.1984882354736328,0.6711616516113281,1.955942153930664,-3.1064853668212886,-2.1093482971191406,-3.1352558135986333,7.929737091064452,-3.5099334716796875,3.5123977661132812,-1.6805953979492188,6.0,6.0,11-11,-0.07268492380777995
08-29,-4.170747756958009,2.2531681060791016,1.1984882354736328,0.18216896057128906,0.7191009521484375,-2.531209945678711,-1.7545814514160156,-3.1352558135986333,7.9586334228515625,-4.280982971191406,3.64181137084961,2.06768798828125,7.0,5.0,11-12,0.17902342478434244
08-30,-1.275186538696289,2.2531681060791016,0.8916759490966797,-0.373931884765625,1.2943687438964844,-1.8312835693359373,-0.9587860107421876,-3.470834732055664,7.3804893493652335,-3.6493968963623047,4.115509033203125,3.1776885986328125,6.0,6.0,11-13,0.6294566790262858
08-31,-1.275186538696289,2.0326404571533203,1.3902511596679688,-1.8121185302734373,1.5820083618164062,-2.032634735107422,-0.9587860107421876,-1.6107730865478516,6.774070739746094,-4.0199623107910165,3.464462280273437,3.1776885986328125,6.0,6.0,11-14,0.5593050320943197
09-01,-0.5560989379882812,1.7066516876220703,2.2148141860961914,-1.8121185302734373,2.0614032745361333,-2.032634735107422,-0.0958709716796875,-1.6203594207763672,6.8706016540527335,-4.077053070068359,3.908401489257813,1.5015754699707031,6.0,6.0,11-15,0.6724426746368408
09-02,-0.29723358154296875,1.2176628112792969,2.655858039855957,-2.8380279541015625,2.0614032745361333,-2.032634735107422,-1.5724105834960938,-1.4381961822509766,8.278194427490233,-4.564538955688477,3.908401489257813,1.1008148193359375,6.0,6.0,11-16,0.5399410724639893
09-03,-1.025909423828125,0.20134544372558594,2.9818449020385738,-2.8380279541015625,2.0614032745361333,-0.21092987060546875,-2.320274353027344,-1.9559326171875,8.172080993652344,-4.564538955688477,3.908401489257813,3.7066726684570312,6.0,6.0,11-17,0.676344633102417
09-04,-0.6903324127197266,0.10546112060546876,3.298245429992676,-2.8380279541015625,2.8859634399414062,0.009593963623046877,-0.4602241516113281,-2.512031555175781,8.172080993652344,-4.564538955688477,3.8010177612304688,4.515472412109375,7.0,5.0,11-18,0.9768900076548258
09-05,-1.0930213928222656,0.12463760375976562,3.298245429992676,-2.8859634399414062,3.2311267852783203,0.05753326416015625,-1.5340766906738281,-2.512031555175781,8.172080993652344,-7.145612716674805,3.70184326171875,4.956577301025392,7.0,5.0,11-19,0.6976115703582764
09-06,-1.265605926513672,0.12463760375976562,3.298245429992676,-2.406578063964844,2.6558551788330083,0.17258453369140625,-0.930034637451172,-2.512031555175781,7.622867584228516,-6.153093338012695,3.870285034179688,4.956577301025392,7.0,5.0,11-20,0.7861424287160238
09-07,-1.265605926513672,0.12463760375976562,2.4353351593017583,-2.1189327239990234,1.5244808197021484,0.13422775268554688,-0.930034637451172,-1.783355712890625,7.8544464111328125,-4.771162033081055,3.64248275756836,4.956577301025392,7.0,5.0,11-21,0.8169247309366862
09-08,-1.265605926513672,-0.1054668426513672,2.607919692993164,-2.1572895050048837,1.3039569854736328,0.13422775268554688,-0.930034637451172,-1.361490249633789,7.33447265625,-4.965475082397461,3.701675415039064,4.956577301025392,6.0,6.0,11-22,0.7711222966512045
09-09,-1.2080745697021484,-0.31639862060546875,3.116069793701172,-1.2943801879882812,1.3039569854736328,0.2205162048339844,-0.2972221374511719,0.3355751037597656,7.132274627685548,-4.370740890502931,3.701675415039064,3.4201431274414062,7.0,5.0,11-23,0.9786162376403807
09-10,-1.6778831481933594,-0.7095069885253906,2.991427421569824,-1.2943801879882812,1.4957122802734375,0.3547554016113281,0.20133590698242188,-0.22052001953125,8.058349609375,-4.370740890502931,2.8949928283691406,3.4899826049804688,7.0,5.0,11-24,0.9344604015350342
09-11,-1.7545890808105469,-0.8629131317138672,3.2982511520385738,-1.4190139770507812,1.332719802856445,1.1505584716796875,-0.4218826293945313,-0.08628463745117188,8.058349609375,-4.642782211303711,1.1718902587890625,2.202964782714844,6.0,6.0,11-25,0.6689390341440836
09-12,-1.342304229736328,-0.7095069885253906,3.2982511520385738,-2.636676788330078,1.2080821990966797,2.003870010375977,-0.12464523315429688,-0.08628463745117188,7.548015594482423,-4.144237518310547,1.0241012573242188,2.70180892944336,6.0,6.0,11-26,0.7283728122711182
09-13,-1.6874732971191406,-0.7095069885253906,3.5571260452270512,-2.8955516815185547,1.3806610107421875,1.9655170440673828,0.1342315673828125,0.6423988342285156,7.981525421142577,-3.5320701599121094,1.6167945861816406,2.70180892944336,8.0,4.0,11-27,0.9296217759450276
09-14,-1.6874732971191406,-0.6999168395996094,2.790089607238769,-3.911880493164064,1.054670333862305,1.7545833587646484,0.1342315673828125,1.035503387451172,8.935367584228516,-3.5013389587402344,-0.3703880310058594,2.70180892944336,7.0,5.0,11-28,0.6862714290618896
09-15,-2.0518150329589844,-0.2684650421142578,2.5120344161987305,-3.4708271026611333,2.176462173461914,1.7545833587646484,-0.00958251953125,0.6615695953369141,8.530563354492188,-2.8794403076171875,0.06368637084960938,3.629657745361328,7.0,5.0,11-29,0.88736891746521
09-16,-2.559976577758789,-0.3068122863769531,2.8284397125244136,-3.605066299438477,2.176462173461914,1.7545833587646484,0.34516143798828125,0.7670326232910156,9.25503158569336,-2.4017066955566406,0.06368637084960938,1.7340507507324219,8.0,4.0,11-30,0.8375738461812338
09-17,-2.157281875610352,-0.2109355926513672,3.0201940536499023,-3.605066299438477,1.9080009460449217,0.8149642944335938,0.1342315673828125,1.1697273254394531,9.853130340576172,-2.4017066955566406,0.14238357543945312,2.3226852416992188,8.0,4.0,12-01,0.9158605734507242
09-18,-2.5983295440673837,-0.6519718170166016,4.285801887512207,-3.0873203277587886,-0.028774261474609375,1.1505470275878906,0.5177383422851562,0.2588729858398437,9.853130340576172,-2.712608337402344,1.2727622985839844,1.9535446166992188,7.0,5.0,12-02,0.8511161009470621
09-19,-2.2339859008789062,-0.16299819946289062,4.285801887512207,-4.170738220214844,0.2492790222167969,0.9300270080566406,1.5915985107421875,0.2588729858398437,9.612403869628906,-2.527912139892578,1.1344718933105469,-0.3211784362792969,7.0,5.0,12-03,0.7204701900482178
09-20,-2.1956329345703125,-0.16299819946289062,4.132396697998047,-4.3145694732666025,0.4793968200683594,2.38740348815918,0.7670249938964844,0.6615695953369141,10.286846160888672,-2.6952667236328125,0.8282966613769531,-0.3211784362792969,7.0,5.0,12-04,0.8211073875427246
09-21,-2.1956329345703125,-0.19176483154296875,4.88984489440918,-3.835165023803712,0.5369186401367188,2.2723407745361333,0.7670249938964844,0.08629035949707031,9.553878784179688,-2.685546875,0.7006797790527344,-0.3211784362792969,7.0,5.0,12-05,0.7981408437093099
09-22,-1.8408851623535158,0.3068180084228516,5.676054954528809,-4.094045639038087,0.33557701110839844,2.2723407745361333,1.5532341003417969,0.0958881378173828,10.59555435180664,-1.4303245544433594,0.9769058227539062,-1.4784965515136719,8.0,4.0,12-06,1.0807184378306072
09-23,-2.550390243530273,0.5848636627197266,6.097923278808594,-5.282949447631836,0.33557701110839844,2.3969879150390625,0.9875640869140624,1.227254867553711,6.5544281005859375,-1.9568099975585933,0.9769058227539062,-0.29125213623046875,8.0,4.0,12-07,0.7566752433776855
09-24,-2.042221069335937,0.06711006164550781,6.241745948791504,-5.282949447631836,-0.3451576232910156,2.3682231903076167,1.7929534912109375,2.5503864288330083,6.313266754150392,-1.9568099975585933,0.5047073364257812,-0.7701377868652344,7.0,5.0,12-08,0.7867597738901774
09-25,-2.2148151397705083,0.2109355926513672,5.886990547180176,-4.669317245483398,-0.3835220336914063,2.8572025299072266,1.4094276428222656,3.2023658752441406,6.313266754150392,-2.083118438720703,0.6446533203125,-1.1791915893554688,7.0,5.0,12-09,0.8329064846038818
09-26,-2.358631134033203,0.009588241577148438,5.886990547180176,-3.34619140625,-0.2684593200683594,2.655847549438477,0.4314613342285156,3.2023658752441406,6.313266754150392,-1.013690948486328,0.5363578796386719,-2.635810852050781,7.0,5.0,12-10,0.7844245433807373
09-27,-2.281929016113281,0.009588241577148438,5.723994255065918,-3.087308883666992,1.169729232788086,3.0297870635986333,-0.5656852722167969,3.1736049652099614,6.593067169189452,-0.28522491455078125,1.4133987426757812,-2.635810852050781,7.0,5.0,12-11,1.021434227625529
09-28,-2.281929016113281,-0.28763771057128906,5.6185264587402335,-2.7613201141357417,0.8725013732910156,0.4122867584228516,-0.5656852722167969,3.4228897094726562,6.719795227050781,-0.7842273712158203,-1.5139579772949219,-2.635810852050781,5.0,7.0,12-12,0.5179526011149088
09-29,-2.281929016113281,-0.29723167419433594,5.656883239746094,-2.7037925720214844,0.31639862060546875,0.4122867584228516,-0.172576904296875,2.5024490356445312,6.122581481933594,-1.115312576293945,-0.8431129455566406,-0.41097259521484375,5.0,7.0,12-13,0.5988059043884277
09-30,-1.9367637634277344,-0.2972259521484375,5.886984825134277,-1.5724201202392578,0.31639862060546875,0.8629131317138672,-0.14381790161132812,1.936758041381836,5.3992652893066415,-0.11109161376953124,-0.8431129455566406,-1.9474105834960933,5.0,7.0,12-14,0.6292064189910889
10-01,-0.9971485137939452,-0.12464714050292967,5.69522762298584,-1.5724201202392578,0.2492828369140625,1.1313762664794922,-0.4698104858398438,2.51203727722168,5.3703155517578125,-0.11109161376953124,-0.07578277587890625,-2.7655105590820312,5.0,7.0,12-15,0.7368190288543701
10-02,-0.6232147216796875,-0.17258071899414062,5.052838325500488,-1.8217124938964844,-0.038356781005859375,0.5081539154052734,-1.6682987213134766,1.6011829376220703,5.3703155517578125,-0.3539848327636719,-0.3240585327148437,-3.0747947692871094,4.0,8.0,12-16,0.3712907632191976
10-03,-1.025909423828125,-0.2780494689941406,5.052838325500488,-3.5283584594726562,0.5177536010742188,-0.17258262634277344,-2.483264923095703,1.6011829376220703,5.0236778259277335,0.014255523681640625,0.5528488159179688,-2.366439819335937,6.0,6.0,12-17,0.24232935905456546
10-04,-0.6232128143310547,-0.2780494689941406,4.813142776489258,-3.8831195831298833,1.8888263702392576,-0.5944480895996094,-1.4957084655761719,1.7450027465820312,4.4941368103027335,0.05168914794921875,-0.1167449951171875,-2.366439819335937,5.0,7.0,12-18,0.30292288462320965
10-05,-0.6232128143310547,-0.2972221374511719,4.218688011169434,-2.483266830444336,2.5312175750732417,0.3068180084228516,-1.4957084655761719,1.5628376007080078,5.255905151367188,0.011930465698242188,0.14908599853515625,-2.366439819335937,7.0,5.0,12-19,0.5642193953196207
10-06,-0.8149681091308594,-0.19175338745117188,4.2091007232666025,-1.4573650360107422,3.6913547515869136,0.3068180084228516,-0.9300308227539062,1.9751129150390625,5.025074005126953,-0.06456184387207031,0.08002853393554688,-0.6105079650878906,6.0,6.0,12-20,0.934858481089274
10-07,-0.3164024353027344,-0.06711578369140625,3.969404220581055,-1.869638442993164,3.6913547515869136,0.4314594268798828,-2.579151153564453,2.387397766113281,4.54290771484375,-0.3960552215576172,0.08002853393554688,-0.8300018310546875,6.0,6.0,12-21,0.7536822954813639
10-08,-1.0738449096679688,0.6136245727539062,4.765202522277832,-1.869638442993164,4.1132240295410165,0.9300251007080078,-3.8735218048095694,2.17646598815918,4.494682312011719,-0.3960552215576172,0.3062973022460937,-2.6300010681152344,7.0,5.0,12-22,0.62970503171285
10-09,-1.0354957580566406,0.9875526428222656,4.937787055969238,-1.3614864349365234,3.633831024169922,1.3710823059082031,-3.3749561309814453,2.3490428924560547,4.494682312011719,0.38118743896484375,-0.019733428955078125,-3.2300033569335938,7.0,5.0,12-23,0.7611242135365804
10-10,0.08629035949707031,0.9875526428222656,4.937787055969238,-1.3135452270507812,4.132394790649413,2.0038795471191406,-3.1256675720214844,2.3490428924560547,4.359882354736328,1.0822181701660156,0.6905746459960938,-3.2300033569335938,9.0,3.0,12-24,1.0800338586171467
10-11,0.08629035949707031,0.9875526428222656,4.937787055969238,-0.709503173828125,3.537944793701172,3.2023696899414062,-3.1256675720214844,2.531211853027344,4.1384239196777335,1.0432167053222656,0.5031318664550781,-3.2300033569335938,9.0,3.0,12-25,1.1585628986358645
10-12,0.08629035949707031,0.8820819854736328,4.707675933837892,-0.9300289154052734,5.474710464477539,3.06814193725586,-3.1256675720214844,2.655853271484375,4.640052795410156,-0.09749794006347656,0.3156929016113281,-3.2300033569335938,8.0,4.0,12-26,1.203941822052002
10-13,-0.4889850616455078,1.3614826202392578,4.6693220138549805,-2.214807510375977,5.33088493347168,3.06814193725586,-2.607921600341797,2.5887413024902344,4.640045166015625,0.1852455139160156,0.5524559020996094,-2.59000015258789,8.0,4.0,12-27,1.2078837553660076
10-14,-0.8533287048339844,0.8053855895996094,4.304980278015137,-2.4449176788330083,5.33088493347168,2.301109313964844,-1.7450065612792969,2.665447235107422,4.688285827636719,1.7646961212158203,0.5524559020996094,-2.8600006103515625,8.0,4.0,12-28,1.2091659704844158
10-15,-0.7094993591308594,1.006734848022461,4.746024131774902,-2.4449176788330083,6.1075096130371085,2.329862594604492,-1.8984146118164065,3.3557758331298837,5.08380126953125,1.7646961212158203,0.226898193359375,-3.020000457763672,8.0,4.0,12-29,1.3790392080942793
10-16,-0.594451904296875,0.7382736206054688,4.515917778015137,-2.4449176788330083,5.177488327026367,2.147695541381836,-2.444915771484375,2.991436004638672,5.08380126953125,0.7702255249023438,-0.9273452758789062,-1.8300018310546875,7.0,5.0,12-30,1.0986004670461018
10-17,-0.4218711853027344,0.7862091064453125,4.515917778015137,-2.9434967041015625,4.046102523803712,1.7258224487304688,-2.435340881347656,2.991436004638672,4.813690185546875,1.5306987762451172,-0.710296630859375,-1.8300018310546875,7.0,5.0,12-31,1.0057391325632732
10-18,-0.4218711853027344,0.7862091064453125,2.6654491424560547,-3.1831893920898438,4.199508666992188,1.332719802856445,-2.435340881347656,2.799673080444336,4.7461700439453125,1.4234542846679688,-0.7004356384277344,-1.8300018310546875,7.0,5.0,01-01,0.7818620999654134
10-19,-0.4218711853027344,0.8149776458740234,2.9530906677246094,-3.6721782684326167,4.746021270751953,1.6011829376220703,-2.435340881347656,2.4832763671875,4.3795928955078125,3.1004009246826167,-0.927349090576172,-1.8300018310546875,7.0,5.0,01-02,0.8993167877197266
10-20,-0.2397003173828125,0.8533306121826172,3.3653640747070312,-2.521625518798828,4.937782287597656,1.6011829376220703,-2.8476219177246094,2.5599803924560547,3.675384521484375,3.773136138916016,-0.8582839965820312,-2.5,7.0,5.0,01-03,0.9832441012064616
10-21,0.2013492584228516,0.7382774353027344,2.233989715576172,-1.41900634765625,4.937782287597656,1.5436534881591797,-2.9339065551757812,2.3682174682617188,3.8200912475585938,4.289863586425781,-0.8582839965820312,-0.3900032043457031,8.0,4.0,01-04,1.2110020319620771
10-22,-0.6519813537597656,1.093027114868164,2.3873920440673837,-1.41900634765625,4.1707496643066415,2.320270538330078,-3.0106029510498047,2.444915771484375,5.8458900451660165,4.289863586425781,-1.6869621276855469,0.8400001525878906,8.0,4.0,01-05,1.38529634475708
10-23,-0.11505508422851562,1.2176666259765625,2.9722557067871094,-1.0259017944335938,3.490009307861328,1.7354164123535156,-3.88310432434082,3.106487274169922,5.8458900451660165,3.129650115966797,-0.7990837097167969,-0.6599998474121094,7.0,5.0,01-06,1.2511858940124512
10-24,0.6615657806396484,1.6491241455078125,2.9722557067871094,-1.7833518981933594,2.5312156677246094,1.8312969207763672,-3.5571155548095703,3.106487274169922,5.604717254638672,4.163120269775392,-0.4242095947265625,1.75,9.0,3.0,01-07,1.5420921643575032
10-25,0.5560989379882812,1.6491241455078125,3.6817626953125,-0.5273399353027344,1.7641830444335938,1.8312931060791016,-4.343324661254884,3.624237060546875,5.2092018127441415,4.406862258911133,-0.5425872802734375,1.75,9.0,3.0,01-08,1.5882925987243652
10-26,0.5560989379882812,1.7641754150390625,3.863935470581055,0.5081558227539062,1.99428939819336,2.5887393951416016,-4.343324661254884,3.6338272094726562,5.681896209716798,3.919384002685547,1.173969268798828,1.75,11.0,1.0,01-09,1.9242622057596843
10-27,0.9587898254394532,2.770912170410156,3.2215442657470703,1.1697235107421875,2.3682098388671875,2.5887393951416016,-3.4803981781005864,3.873523712158203,6.135288238525392,4.387367248535156,1.4600639343261719,2.21999740600586,11.0,1.0,01-10,2.306146780649821
10-28,3.173601150512696,2.9147300720214844,3.3653621673583984,1.3423080444335938,2.3682098388671875,2.3202781677246094,-5.925334930419923,3.5571231842041016,6.357158660888673,5.635326385498048,1.4600639343261719,2.1699981689453125,11.0,1.0,01-11,2.3949020703633632
10-29,2.6942062377929688,2.2339859008789062,4.851491928100586,1.3423080444335938,1.8504714965820312,3.0777301788330083,-5.541816711425781,3.5283603668212886,4.8812217712402335,5.635326385498048,1.6573677062988281,3.009998321533203,11.0,1.0,01-12,2.435054302215576
10-30,2.521625518798828,2.3778076171875,5.292533874511719,1.3423080444335938,2.358623504638672,3.077722549438477,-5.8294639587402335,3.777645111083984,4.8812217712402335,3.0321578979492188,1.1439323425292969,4.319999694824219,11.0,1.0,01-13,2.358009497324625
10-31,2.2243976593017583,2.5024471282958984,5.292533874511719,1.035491943359375,3.6913528442382812,2.93389892578125,-5.8006954193115225,3.777645111083984,4.369941711425781,2.5250015258789062,1.6477699279785156,2.859996795654297,11.0,1.0,01-14,2.254981835683187
11-01,2.617500305175781,2.5024471282958984,5.6664676666259775,1.0546760559082031,3.4516468048095703,2.2531566619873047,-6.088336944580077,4.113222122192384,3.800792694091797,2.4462852478027344,1.3437881469726562,2.859996795654297,11.0,1.0,01-15,2.1684702237447104
11-02,2.617500305175781,1.860055923461914,5.235008239746094,1.812116622924805,3.4324684143066406,1.8312969207763672,-6.088336944580077,4.1419830322265625,7.8158302307128915,2.991674423217773,3.0229644775390625,2.859996795654297,11.0,1.0,01-16,2.627713203430176
11-03,2.320274353027344,2.2723407745361333,5.359653472900392,1.9175872802734373,3.4133033752441406,1.8312969207763672,-5.8486328125,3.6434154510498047,7.4874839782714835,2.6321563720703125,4.259418487548828,1.8899993896484373,11.0,1.0,01-17,2.598191420237223
11-04,2.176460266113281,1.5244808197021484,5.22541618347168,1.457366943359375,3.4133033752441406,2.253164291381836,-5.62811279296875,3.4516639709472656,5.856048583984375,2.299652099609375,4.259418487548828,-0.4900016784667969,10.0,2.0,01-18,2.14990504582723
11-05,1.6778888702392578,1.5244808197021484,4.141986846923828,1.457366943359375,3.8639316558837886,2.646270751953125,-5.580179214477539,2.96267318725586,7.054130554199219,2.299652099609375,4.634296417236328,-0.10000228881835938,10.0,2.0,01-19,2.2152080535888667
11-06,1.150552749633789,1.3998374938964844,5.167892456054688,1.7162399291992188,3.5762977600097656,0.8053874969482422,-5.551410675048828,3.1256637573242188,7.054130554199219,2.6506423950195312,4.358070373535156,1.2199974060058594,11.0,1.0,01-20,2.222775141398112
11-07,1.275197982788086,0.9300308227539062,5.167892456054688,1.7258243560791016,3.432470321655273,1.6395244598388672,-5.628120422363281,3.1256637573242188,6.562156677246094,2.4263954162597656,5.513805389404297,5.4199981689453125,11.0,1.0,01-21,2.632569948832194
11-08,0.8341560363769531,0.9300308227539062,3.8927001953125,3.2599086761474614,3.854341506958008,0.2396965026855469,-6.491035461425781,3.4324779510498047,5.423076629638672,2.863414764404297,4.516197204589844,5.4199981689453125,11.0,1.0,01-22,2.3479135831197104
11-09,0.8341560363769531,1.1984920501708984,4.592618942260742,3.8926925659179688,3.83517074584961,0.479391098022461,-6.491035461425781,3.2119522094726562,5.944477081298827,2.609216690063477,4.6956787109375,5.4199981689453125,11.0,1.0,01-23,2.518567403157552
11-10,0.6807479858398438,1.2368431091308594,4.074867248535156,5.254194259643555,4.544677734375,0.479391098022461,-7.162189483642577,1.543661117553711,6.4760475158691415,2.549358367919922,4.982532501220703,2.4099998474121094,11.0,1.0,01-24,2.2558442751566568
11-11,-2.636682510375977,0.8533287048339844,3.1927814483642583,5.97327995300293,4.544677734375,-0.258880615234375,-7.814165115356445,1.898408889770508,6.041481018066406,2.8818588256835938,4.982532501220703,1.2999992370605469,9.0,3.0,01-25,1.7465516726175945
11-12,-2.598321914672852,1.2751960754394531,3.480419158935547,5.97327995300293,4.352918624877931,0.2109375,-7.0471343994140625,3.0489711761474614,5.268524169921875,2.8818588256835938,5.6139068603515625,2.029998779296875,10.0,2.0,01-26,2.0408795674641933
11-13,-2.502452850341797,2.003875732421875,4.151569366455078,5.97327995300293,3.9789962768554688,-0.162994384765625,-7.890867233276367,3.5571269989013667,5.268524169921875,2.5406150817871094,6.258045196533202,1.2099990844726562,9.0,3.0,01-27,2.0321431159973145
11-14,-2.87637710571289,2.2723407745361333,4.151569366455078,7.037538528442383,1.9751091003417969,0.2396965026855469,-8.370260238647461,3.5571269989013667,4.303852081298828,3.6050777435302734,5.279563903808594,0.9199981689453124,10.0,2.0,01-28,1.8412696520487468
11-15,-2.7037925720214844,2.2723407745361333,3.844755172729492,7.9100379943847665,1.4669570922851562,0.2492790222167969,-9.10853385925293,3.835168838500977,2.7481002807617188,5.017480850219727,5.298583984375,0.9199981689453124,10.0,2.0,01-29,1.8125313123067217
11-16,-2.7037925720214844,2.5983333587646484,2.416158676147461,6.289680480957031,3.0969009399414062,0.01917266845703125,-9.10853385925293,4.180337905883788,2.5642166137695312,4.461393356323242,5.398658752441406,0.9199981689453124,10.0,2.0,01-30,1.6777103741963704
11-17,-2.32986831665039,2.521627426147461,3.2311305999755864,6.35679817199707,3.0969009399414062,0.01917266845703125,-9.137292861938477,2.646270751953125,0.5452728271484375,4.091791152954103,4.795269012451172,0.0,9.0,3.0,01-31,1.319756031036377
11-18,-2.070991516113281,2.358631134033203,3.1736049652099614,5.934926986694336,3.0969009399414062,-0.028766632080078125,-9.69339370727539,2.3586349487304688,0.100799560546875,4.639436721801758,4.795269012451172,0.0,8.0,4.0,02-01,1.2220877011617024
11-19,-1.955942153930664,2.224395751953125,2.761331558227539,5.934926986694336,2.8572006225585938,1.045085906982422,-9.022239685058594,1.6299514770507812,-0.3243255615234375,4.639436721801758,5.3477210998535165,0.0,8.0,4.0,02-02,1.261461893717448
11-20,-1.3423118591308594,2.8667926788330083,3.3845462799072266,5.0720176696777335,2.780502319335937,0.3931007385253906,-9.741329193115234,1.7545909881591797,-0.3243255615234375,4.044702529907228,5.189617156982422,0.0,8.0,3.0,02-03,1.1731586456298828
11-21,-0.19176292419433594,2.627092361450196,3.3845462799072266,5.043247222900392,2.742149353027344,-0.21092987060546875,-10.105674743652344,1.7545909881591797,-1.2504005432128906,4.37005615234375,4.940879821777344,0.0,7.0,4.0,02-04,1.0919828414916992
11-22,-0.3451690673828125,2.627092361450196,3.077722549438477,3.672174453735352,1.898406982421875,0.3739280700683594,-9.83721160888672,1.6203556060791016,-0.6221923828125,4.370147705078125,5.2275238037109375,0.0,8.0,3.0,02-05,1.005231539408366
11-23,-0.3451690673828125,2.4736862182617188,3.643413543701172,3.7872295379638663,2.3778076171875,1.0259132385253906,-9.83721160888672,1.2368392944335938,-1.8584175109863281,4.243019104003906,4.309928894042969,0.0,8.0,3.0,02-06,0.9214199384053549
11-24,0.0,1.8504676818847656,5.081600189208984,4.1611595153808585,2.0326461791992188,1.0259132385253906,-10.096088409423828,1.246429443359375,-3.3850135803222656,4.254158020019531,7.049903869628906,0.0,8.0,3.0,02-07,1.101764678955078
11-25,-0.6519813537597656,2.0614051818847656,4.535093307495117,4.1419830322265625,2.0326461791992188,1.236846923828125,-9.89474105834961,1.1121959686279297,-1.308025360107422,3.285995483398437,7.049903869628906,0.0,8.0,3.0,02-08,1.1334435145060222
11-26,-0.6040439605712891,2.5887393951416016,4.1228065490722665,4.1419830322265625,0.9108543395996094,1.409423828125,-11.169937133789062,1.1121978759765625,-1.9940185546875,3.285995483398437,6.6158294677734375,0.0,8.0,3.0,02-09,0.8683191935221354
11-27,-0.2588729858398437,3.3941268920898438,4.276216506958009,4.257032394409181,1.8888130187988281,1.3519134521484375,-12.23419952392578,0.9875564575195312,-1.9940185546875,3.25674819946289,6.931465148925781,0.0,8.0,3.0,02-10,0.9880650838216146
11-28,-0.4026927947998047,3.7680530548095694,4.276216506958009,4.113218307495116,2.301109313964844,1.658721923828125,-11.630155563354492,0.9875564575195312,-3.238433837890625,3.111515045166016,7.8112945556640625,0.0,8.0,3.0,02-11,1.0630335807800293
11-29,-0.3355751037597656,3.7680530548095694,4.189928054809569,4.084449768066406,2.070995330810547,2.953083038330078,-11.563039779663086,0.5656871795654297,-6.049125671386719,2.77911376953125,8.424575805664062,0.0,8.0,3.0,02-12,0.907345453898112
11-30,-0.3355751037597656,3.643404006958008,3.2503108978271484,3.873525619506837,2.770912170410156,2.722972869873047,-11.563039779663086,1.4477767944335938,-5.527008056640625,3.0119171142578125,9.521381378173828,0.0,8.0,3.0,02-13,1.0680481592814128
12-01,-0.2972221374511719,3.039379119873047,2.9243144989013667,4.822729110717773,2.9530906677246094,2.722972869873047,-12.40678596496582,2.4736862182617188,-4.136688232421875,3.9426116943359375,8.739948272705076,0.0,8.0,3.0,02-14,1.2315030097961426
12-02,-0.3355751037597656,2.4832706451416016,3.5858821868896484,4.78437614440918,2.9530906677246094,2.2723312377929688,-11.582212448120115,2.387393951416016,-4.821174621582031,3.1211471557617188,8.739948272705076,0.0,8.0,3.0,02-15,1.1323731740315754
12-03,1.7354183197021484,2.20522689819336,2.8476123809814453,4.78437614440918,3.2886676788330083,2.387393951416016,-12.023271560668945,1.0834388732910156,-3.9515914916992174,3.1211471557617188,8.64129638671875,0.0,9.0,2.0,02-16,1.176642894744873
12-04,1.7162361145019531,2.444921493530273,2.7133827209472656,5.330888748168945,3.490009307861328,3.096893310546875,-11.93697738647461,1.3614864349365234,-3.9515914916992174,3.647632598876953,8.365070343017576,0.0,9.0,2.0,02-17,1.3564960161844892
12-05,2.301105499267578,2.8667945861816406,2.7133827209472656,6.519792556762695,4.065288543701172,3.1160812377929688,-11.323343276977539,1.3614864349365234,-0.3533897399902344,3.442890167236328,7.229633331298827,0.0,9.0,2.0,02-18,1.8283101717631025
12-06,1.9751167297363281,2.8667945861816406,2.176456451416016,6.548564910888673,4.6980857849121085,3.365367889404297,-11.783563613891602,-0.03835105895996094,-0.1122283935546875,3.530902862548828,6.734977722167969,0.0,8.0,3.0,02-19,1.6635103225708008
12-07,1.9751167297363281,2.7805004119873047,2.531211853027344,6.049989700317383,3.815994262695313,3.27908706665039,-11.783563613891602,-0.6903305053710938,-0.3243064880371094,3.7263107299804688,5.6779937744140625,0.0,8.0,3.0,02-20,1.4198336601257324
12-08,2.1189327239990234,2.9818477630615234,2.9818477630615234,6.280096054077148,3.3365936279296875,3.27908706665039,-9.252355575561523,-1.4861316680908203,-0.6997795104980469,4.965227127075195,5.974742889404298,0.0,8.0,3.0,02-21,1.7066756884257002
12-09,1.4573688507080078,3.0777320861816406,3.058544158935547,3.0777263641357417,3.3365936279296875,3.096912384033203,-8.446968078613281,-0.6519794464111328,-0.8545722961425781,4.613176345825195,5.974742889404298,0.0,8.0,3.0,02-22,1.4782730738321943
12-10,1.5724220275878906,3.0010204315185547,3.001026153564453,3.0777263641357417,3.566705703735352,5.2829437255859375,-8.638723373413086,0.10547447204589844,-0.9511833190917968,4.613176345825195,7.967529296875,0.0,9.0,2.0,02-23,1.8831764856974285
12-11,1.5148963928222656,1.9655265808105469,1.831298828125,3.0681400299072266,4.429616928100586,5.292531967163086,-7.516935348510742,1.965524673461914,-0.9511833190917968,4.827672958374023,8.078125,0.0,9.0,2.0,02-24,2.0421012242635093
12-12,0.8341484069824219,2.3873958587646484,1.831298828125,2.8092613220214844,5.32130241394043,5.311712265014648,-5.8390541076660165,1.965524673461914,-0.3241615295410156,4.380870819091797,8.610061645507812,0.0,9.0,2.0,02-25,2.2740300496419272
12-13,0.7190933227539062,2.3873958587646484,2.6750354766845703,3.4420738220214844,5.513053894042969,7.027952194213867,-6.021223068237305,1.706644058227539,-0.7203407287597656,5.025480270385742,7.2759857177734375,0.0,9.0,2.0,02-26,2.4192625681559243
12-14,0.7190933227539062,2.531211853027344,3.624231338500977,2.1477012634277344,5.024070739746094,6.999197006225586,-6.021223068237305,2.646268844604492,-0.4401206970214844,5.0731353759765625,4.842048645019531,0.0,9.0,2.0,02-27,2.262134552001953
12-15,0.8437385559082031,2.3873958587646484,3.0489654541015625,1.879228591918945,5.647285461425781,6.999197006225586,-6.471855163574219,2.6079158782958984,-0.09133529663085938,5.287511825561523,-1.5578269958496094,0.0,8.0,3.0,02-28,1.7150184313456218
12-16,0.3931026458740233,2.7133846282958984,3.058551788330078,2.5407962799072266,5.647285461425781,7.267658233642577,-6.61567497253418,2.6942176818847656,-2.57425308227539,4.368253707885741,-1.5578269958496094,0.0,8.0,3.0,03-01,1.4946246147155762
12-17,0.6232109069824219,2.54079818725586,3.039371490478516,2.5407962799072266,5.273353576660156,5.934919357299805,-6.049983978271484,2.301097869873047,-3.801319122314453,4.368253707885741,-1.6367530822753906,0.0,8.0,3.0,03-02,1.2611454327901204
12-18,0.7957992553710938,1.150554656982422,4.026926040649413,2.2627544403076167,4.304977416992188,5.436368942260742,-5.1774749755859375,3.048961639404297,-3.801319122314453,4.017261505126953,-1.3797531127929688,0.0,8.0,3.0,03-03,1.2237547238667803
12-19,0.5465126037597656,1.495718002319336,4.026926040649413,1.9559268951416016,4.5926170349121085,5.54182243347168,-4.707664489746094,3.048961639404297,-3.4154510498046875,3.6348609924316406,-1.855865478515625,0.0,8.0,3.0,03-04,1.2386970520019531
12-20,0.9204387664794922,1.495718002319336,2.838024139404297,1.62994384765625,3.653011322021485,4.9665489196777335,-4.4487953186035165,3.173603057861328,-3.3575592041015625,3.0689601898193364,-1.1609001159667969,0.0,8.0,3.0,03-05,1.0649161338806152
12-21,0.9204387664794922,1.3902530670166016,2.416154861450196,2.694202423095703,2.5887413024902344,5.1391258239746085,-4.4487953186035165,3.068126678466797,-3.367095947265625,4.717870712280273,-0.7168540954589844,0.0,8.0,3.0,03-06,1.2001806894938152
12-22,0.12464141845703125,1.169729232788086,2.3490428924560547,3.3365993499755864,2.6270790100097656,5.1391258239746085,-4.909017562866211,3.633825302124024,-2.797313690185547,3.847665786743164,1.0636329650878906,0.0,9.0,2.0,03-07,1.2987508773803709
12-23,0.009592056274414062,1.6203594207763672,2.4640979766845703,3.9310474395751953,2.6270790100097656,5.273353576660156,-4.851491928100586,3.5858860015869136,-2.400676727294922,3.642305374145508,1.0636329650878906,0.0,9.0,2.0,03-08,1.4137654304504397
12-24,0.3547515869140625,1.543657302856445,2.042226791381836,3.9310474395751953,2.770904541015625,4.966552734375,-5.637702941894531,3.413299560546875,-2.709850311279297,3.642305374145508,0.8268699645996094,0.0,9.0,2.0,03-09,1.2620051701863606
12-26,1.1121940612792969,2.099760055541992,2.5503864288330083,3.81599235534668,2.6366844177246094,4.180345535278319,-6.0020484924316415,3.7968215942382812,-2.709850311279297,2.737617492675781,-2.684703826904297,0.0,8.0,3.0,03-11,0.961099942525228
12-27,1.179311752319336,2.099760055541992,2.5503864288330083,3.585880279541016,1.5244865417480469,3.806415557861328,-5.896585464477539,3.7968215942382812,-2.844501495361328,2.864608764648437,-5.602497100830078,0.0,8.0,3.0,03-12,0.5886739095052084
12-28,1.179311752319336,2.4449234008789062,3.4228839874267583,3.5666980743408203,1.150554656982422,4.324169158935547,-5.896585464477539,3.8735179901123047,-3.0949783325195312,3.20819091796875,-4.861778259277344,0.0,8.0,3.0,03-13,0.7764089902242025
12-29,1.332721710205078,1.9751167297363281,3.2694778442382812,1.8025360107421875,0.9300308227539062,4.324169158935547,-6.002046585083008,4.707672119140625,-2.9024887084960938,3.207386016845703,-8.571125030517576,0.0,8.0,3.0,03-14,0.33945417404174805
12-30,1.1697273254394531,2.080577850341797,3.432479858398437,1.6778907775878906,0.9300308227539062,4.055706024169922,-5.83905029296875,4.698097229003906,-3.0276336669921875,2.835765838623047,-8.571125030517576,0.0,8.0,3.0,03-15,0.2868722279866536
12-31,1.0450820922851562,1.5724143981933594,3.4995956420898438,1.6778907775878906,0.7382698059082031,3.3749542236328125,-4.72685432434082,4.257041931152344,-3.732955932617188,2.835765838623047,-8.640190124511719,0.0,8.0,3.0,03-16,0.1584178606669108
