,2009,2010,2011,2012,2013,2014,2015,2016,2017,2018,2019,2020,ups,downs,avg
01-02,71.42857218883475,-42.8571415900373,0.0,0.0,0.0,0.0,24.05063123259434,0.0,0.0,-11.666657935517945,51.111109271461494,27.2727285042282,4.0,8.0,9.94493680596363
01-03,71.42857218883475,-42.8571415900373,0.0,0.0,0.0,0.0,24.05063123259434,0.0,0.0,-11.666657935517945,-33.333340232019374,27.2727285042282,3.0,9.0,2.9078993473402246
01-04,71.42857218883475,-42.8571415900373,60.0000014901161,0.0,0.0,0.0,24.05063123259434,0.0,0.0,-11.666657935517945,64.70588396422582,27.2727285042282,5.0,7.0,16.077834821203663
01-05,71.42857218883475,-42.8571415900373,17.000004395842485,0.0,0.0,0.0,24.05063123259434,0.0,0.0,-11.666657935517945,64.70588396422582,20.0000029802322,5.0,7.0,11.888441269681197
01-06,57.14285828325213,-138.09524485313443,2.3529459200927874,0.0,0.0,0.0,24.05063123259434,0.0,0.0,-11.666657935517945,64.70588396422582,20.0000029802322,5.0,7.0,1.540868299312076
01-07,78.57142914162607,-138.09524485313443,2.3529459200927874,0.0,0.0,0.0,24.05063123259434,0.0,0.0,-11.666657935517945,64.70588396422582,20.0000029802322,5.0,7.0,3.326582537509902
01-08,78.57142914162607,-138.09524485313443,52.94117801742157,0.0,0.0,0.0,24.05063123259434,0.0,0.0,-11.666657935517945,55.58823645424259,20.0000029802322,5.0,7.0,6.782464586455363
01-09,71.42857218883475,-138.09524485313443,52.94117801742157,0.0,0.0,0.0,24.05063123259434,0.0,0.0,-11.666657935517945,65.88235522920066,11.111116630059485,5.0,7.0,6.3043292091215335
01-10,71.42857218883475,-150.00000931322597,52.94117801742157,0.0,0.0,0.0,24.05063123259434,0.0,0.0,-11.666657935517945,65.88235522920066,11.111116630059485,5.0,7.0,5.312265504113909
01-11,20.0000029802322,-150.00000931322597,52.94117801742157,0.0,0.0,0.0,24.05063123259434,0.0,0.0,-11.666657935517945,65.88235522920066,27.2727285042282,5.0,7.0,2.3733523929110905
01-12,20.0000029802322,-150.00000931322597,41.17647033042974,0.0,0.0,0.0,24.05063123259434,0.0,0.0,-11.666657935517945,65.88235522920066,27.2727285042282,5.0,7.0,1.3929600856617714
01-13,20.0000029802322,-150.00000931322597,41.17647033042974,0.0,0.0,0.0,24.05063123259434,0.0,0.0,-11.666657935517945,65.88235522920066,27.2727285042282,5.0,7.0,1.3929600856617714
01-14,20.0000029802322,-150.00000931322597,41.17647033042974,0.0,0.0,0.0,0.0,0.0,0.0,-11.666657935517945,65.88235522920066,27.2727285042282,4.0,8.0,-0.6112591837210903
01-15,89.86666689846251,-150.00000931322597,41.17647033042974,0.0,0.0,0.0,0.0,0.0,0.0,-11.666657935517945,65.88235522920066,27.2727285042282,4.0,8.0,5.210962809464767
01-16,89.86666689846251,-150.00000931322597,50.0,0.0,0.0,0.0,0.0,0.0,0.0,-11.666657935517945,70.29412041846841,27.2727285042282,4.0,8.0,6.313904047701268
01-17,87.33333283662796,-150.00000931322597,50.0,0.0,0.0,0.0,0.0,0.0,0.0,-11.666657935517945,70.29412041846841,27.2727285042282,4.0,8.0,6.102792875881724
01-18,87.33333283662796,-150.00000931322597,50.0,0.0,0.0,0.0,0.0,0.0,0.0,-11.666657935517945,70.29412041846841,27.2727285042282,4.0,8.0,6.102792875881724
01-19,87.33333283662796,-150.00000931322597,50.0,0.0,0.0,0.0,0.0,0.0,0.0,-11.666657935517945,70.29412041846841,27.2727285042282,4.0,8.0,6.102792875881724
01-20,87.33333283662796,-150.00000931322597,50.0,0.0,0.0,0.0,0.0,0.0,0.0,-11.666657935517945,70.29412041846841,27.2727285042282,4.0,8.0,6.102792875881724
01-21,87.33333283662796,-149.99998253770255,50.0,0.0,0.0,0.0,0.0,0.0,0.0,58.895705652921066,70.29412041846841,27.2727285042282,5.0,7.0,11.98299207287859
01-22,-328.57144377669505,-149.99998253770255,50.0,0.0,0.0,0.0,0.0,0.0,0.0,58.895705652921066,70.29412041846841,27.2727285042282,4.0,8.0,-22.675739311565
01-23,-328.57144377669505,-73.91303925297888,50.0,0.0,0.0,0.0,0.0,0.0,0.0,58.895705652921066,70.29412041846841,27.2727285042282,4.0,8.0,-16.335160704504688
01-24,-328.57144377669505,-207.69229446642524,50.0,0.0,0.0,0.0,0.0,0.0,0.0,61.714288071101954,70.29412041846841,27.2727285042282,4.0,8.0,-27.24855010411014
01-25,-328.57144377669505,-207.69229446642524,50.0,0.0,0.0,0.0,0.0,0.0,0.0,61.714288071101954,69.41176628494131,27.2727285042282,4.0,8.0,-27.322079615237406
01-26,-328.57144377669505,-207.69229446642524,60.0000014901161,0.0,0.0,0.0,0.0,0.0,0.0,61.714288071101954,-93.17449116535916,27.2727285042282,3.0,9.0,-40.037600945252755
01-27,-1042.857155021356,-207.69229446642524,60.0000014901161,0.0,0.0,0.0,0.0,0.0,0.0,73.20000022351742,-93.17449116535916,27.2727285042282,3.0,9.0,-98.60426753627321
01-28,-471.428577510678,-149.99998253770255,33.33333333333333,0.0,0.0,0.0,0.0,0.0,0.0,93.30000005587937,-93.17449116535916,27.2727285042282,3.0,9.0,-46.7247491100249
01-29,-185.714288755339,-149.99998253770255,-33.33333333333333,0.0,0.0,0.0,0.0,0.0,0.0,93.30000005587937,-125.37024568984465,27.2727285042282,2.0,10.0,-31.15376014634266
01-30,-328.57144377669505,-149.99998253770255,-33.33333333333333,0.0,0.0,0.0,0.0,0.0,0.0,93.30000005587937,-86.73534026046205,27.2727285042282,2.0,10.0,-39.838947612340455
01-31,-33.33333333333333,-233.3333229853048,-33.33333333333333,0.0,0.0,0.0,0.0,0.0,0.0,93.30000005587937,-157.56598822047889,-22.22221670327385,1.0,11.0,-32.2073495433204
02-01,-33.33333333333333,-233.3333229853048,-33.33333333333333,0.0,0.0,0.0,0.0,0.0,0.0,93.30000005587937,-93.17449116535916,-22.22221670327385,1.0,11.0,-26.84139145539376
02-02,-33.33333333333333,-233.3333229853048,-33.33333333333333,0.0,0.0,0.0,0.0,0.0,0.0,93.30000005587937,-157.56598822047889,-22.22221670327385,1.0,11.0,-32.2073495433204
02-03,16.666663562258016,-233.3333229853048,-33.33333333333333,0.0,0.0,0.0,0.0,0.0,0.0,93.30000005587937,-157.56598822047889,-22.22221670327385,2.0,10.0,-28.040683135354463
02-04,-100.0,-227.8688514578634,16.666663562258016,0.0,0.0,0.0,0.0,0.0,0.0,93.30000005587937,-157.56598822047889,-33.33332505491078,2.0,10.0,-34.06679175959297
02-05,-66.66667287548397,-233.3333229853048,16.666663562258016,0.0,0.0,0.0,0.0,0.0,0.0,93.30000005587937,-28.78299411023945,-33.33332505491078,2.0,10.0,-21.012470950650137
02-06,-66.66667287548397,-207.69229446642524,16.666663562258016,0.0,0.0,0.0,0.0,0.0,0.0,93.30000005587937,-157.56598822047889,-12.500006984919464,2.0,10.0,-27.871524910764183
02-07,-66.66667287548397,-207.69229446642524,16.666663562258016,0.0,0.0,0.0,0.0,0.0,0.0,93.30000005587937,-157.56598822047889,-12.500006984919464,2.0,10.0,-27.871524910764183
02-08,-66.66667287548397,-207.69229446642524,-33.33333333333333,0.0,0.0,0.0,0.0,0.0,0.0,93.30000005587937,-157.56598822047889,-12.500006984919464,1.0,11.0,-32.03819131873012
02-09,-66.66667287548397,-207.69229446642524,-33.33333333333333,0.0,0.0,0.0,0.0,0.0,0.0,93.30000005587937,16.29105023018899,-12.500006984919464,2.0,10.0,-17.550104781174472
02-10,-66.66667287548397,-233.3333229853048,-33.33333333333333,0.0,0.0,0.0,0.0,0.0,0.0,93.30000005587937,16.29105023018899,-12.500006984919464,2.0,10.0,-19.686857157747763
02-11,-233.33334575096802,-166.66666666666669,8.333331781129008,0.0,0.0,0.0,-183.33332363205696,0.0,0.0,93.30000005587937,16.29105023018899,-12.500006984919464,3.0,9.0,-39.82574674728448
02-12,-419.9999731779103,-166.66666666666669,-33.33333333333333,0.0,0.0,0.0,-4.166659390709397,0.0,0.0,93.30000005587937,54.92594966264595,-24.688278676234376,2.0,10.0,-41.71908012719407
02-13,-419.9999731779103,-166.66666666666669,-33.33333333333333,0.0,0.0,0.0,-4.166659390709397,0.0,0.0,93.30000005587937,35.60850294488028,-87.03242265935185,2.0,10.0,-48.52421268560099
02-14,-100.0,-142.42423831923932,-33.33333333333333,0.0,0.0,0.0,-4.166659390709397,0.0,0.0,93.30000005587937,35.60850294488028,-87.03242265935185,2.0,10.0,-19.837345891822856
02-15,-100.0,-142.42423831923932,-66.66667287548397,0.0,0.0,0.0,-4.166659390709397,0.0,0.0,93.30000005587937,35.60850294488028,-74.56358828872801,2.0,10.0,-21.576054656116753
02-16,-100.0,-142.42423831923932,-66.66667287548397,0.0,0.0,0.0,-4.166659390709397,0.0,0.0,93.30000005587937,-28.13908021913486,-75.00000465661297,1.0,11.0,-26.924721283775096
02-17,-100.0,-142.42423831923932,-66.66667287548397,0.0,0.0,0.0,-4.166659390709397,0.0,0.0,93.30000005587937,-28.13908021913486,-75.00000465661297,1.0,11.0,-26.924721283775096
02-18,-100.0,-142.42423831923932,-66.66667287548397,0.0,0.0,0.0,-8.333328482695155,0.0,0.0,93.30000005587937,-28.13908021913486,-75.00000465661297,1.0,11.0,-27.271943708107237
02-19,-100.0,-142.42423831923932,-66.66667287548397,0.0,0.0,0.0,-8.333328482695155,0.0,0.0,93.30000005587937,-28.13908021913486,-75.00000465661297,1.0,11.0,-27.271943708107237
02-20,-100.0,-142.42423831923932,-66.66667287548397,0.0,0.0,0.0,0.0,0.0,0.0,93.30000005587937,42.04765384977737,-75.00000465661297,2.0,10.0,-20.72860516213996
02-21,-100.0,-142.42423831923932,-66.66667287548397,0.0,0.0,0.0,0.0,0.0,0.0,93.30000005587937,42.04765384977737,-75.00000465661297,2.0,10.0,-20.72860516213996
02-22,-100.0,-142.42423831923932,-66.66667287548397,0.0,0.0,0.0,0.0,0.0,-42.857154736257755,93.30000005587937,42.04765384977737,-75.00000465661297,2.0,10.0,-24.30003472349477
02-23,-100.0,-21.212119159619654,-66.66667287548397,0.0,0.0,0.0,0.0,0.0,-42.857154736257755,93.30000005587937,42.04765384977737,-75.00000465661297,2.0,10.0,-14.19902479352647
02-24,-100.0,-21.212119159619654,-66.66667287548397,0.0,0.0,0.0,0.0,0.0,-42.857154736257755,93.30000005587937,42.04765384977737,-75.00000465661297,2.0,10.0,-14.19902479352647
02-25,-100.0,-21.212119159619654,-66.66667287548397,0.0,0.0,0.0,0.0,0.0,-42.857154736257755,93.30000005587937,42.04765384977737,-75.00000465661297,2.0,10.0,-14.19902479352647
02-26,-100.0,-21.212119159619654,-66.66667287548397,0.0,0.0,0.0,-8.333328482695155,0.0,-42.857154736257755,93.30000005587937,42.04765384977737,-75.00000465661297,2.0,10.0,-14.893468833751069
02-27,-19.99999552965171,-21.212119159619654,-66.66667287548397,0.0,0.0,0.0,-31.66666375628376,0.0,-42.857154736257755,93.30000005587937,42.04765384977737,-75.00000465661297,2.0,10.0,-10.17124640068776
02-28,-50.0,-21.212119159619654,-66.66667287548397,0.0,0.0,0.0,-31.66666375628376,0.0,-42.857154736257755,93.30000005587937,42.04765384977737,-19.99999552965171,2.0,10.0,-8.087912679303345
02-29,0.0,0.0,0.0,0.0,0.0,0.0,0.0,0.0,0.0,0.0,0.0,-71.42856686699149,0.0,3.0,-5.9523805722492895
03-01,-50.0,-21.212119159619654,-66.66667287548397,0.0,0.0,0.0,-31.66666375628376,0.0,-42.857154736257755,93.30000005587937,42.04765384977737,-71.42856686699149,2.0,10.0,-12.373626957414992
03-02,-50.0,-21.212119159619654,-66.66667287548397,0.0,0.0,0.0,-31.66666375628376,0.0,-66.66666666666666,93.99999958090484,-143.24323269868523,-71.42856686699149,1.0,11.0,-29.740326870235496
03-03,-25.000004656612983,-24.999991268851275,-66.66667287548397,0.0,0.0,0.0,-31.66666375628376,0.0,-66.66666666666666,93.99999958090484,-143.24323269868523,-71.42856686699149,1.0,11.0,-27.972649934055877
03-04,-250.000009313226,-47.887320987668886,-66.66667287548397,0.0,0.0,0.0,-31.66666375628376,0.0,-66.66666666666666,93.99999958090484,-143.24323269868523,-71.42856686699149,1.0,11.0,-48.6299277986751
03-05,-250.000009313226,-47.887320987668886,-33.33333333333333,0.0,0.0,0.0,-31.66666375628376,0.0,-66.66666666666666,93.99999958090484,-143.24323269868523,-71.42856686699149,1.0,11.0,-45.85214950349585
03-06,-25.000004656612983,-47.887320987668886,-33.33333333333333,0.0,0.0,0.0,-31.66666375628376,0.0,-66.66666666666666,93.99999958090484,-143.24323269868523,-71.42856686699149,1.0,11.0,-27.10214911544479
03-07,-25.000004656612983,-47.887320987668886,-33.33333333333333,0.0,0.0,0.0,-31.66666375628376,0.0,-66.66666666666666,93.99999958090484,-143.24323269868523,-71.42856686699149,1.0,11.0,-27.10214911544479
03-08,-25.000004656612983,-47.887320987668886,-66.66667287548397,0.0,0.0,0.0,-31.66666375628376,0.0,-66.66666666666666,93.99999958090484,-143.24323269868523,-71.42856686699149,1.0,11.0,-29.879927410624017
03-09,-25.000004656612983,-47.887320987668886,-66.66667287548397,0.0,-249.99999417923416,0.0,-31.66666375628376,0.0,-66.66666666666666,79.99999922389787,-143.24323269868523,-71.42856686699149,1.0,11.0,-51.87992695531077
03-10,-25.000004656612983,-40.00000124176346,-66.66667287548397,0.0,-249.99999417923416,0.0,-31.66666375628376,0.0,-66.66666666666666,79.99999922389787,-143.24323269868523,-70.00000319310595,1.0,11.0,-51.10360333699486
03-11,-25.000004656612983,-40.00000124176346,-41.66667132327965,0.0,-249.99999417923416,0.0,-31.66666375628376,0.0,-66.66666666666666,79.99999922389787,-143.24323269868523,-70.00000319310595,1.0,11.0,-49.020269874311154
03-12,-650.0000465661298,-47.887320987668886,-41.66667132327965,0.0,-249.99999417923416,0.0,-31.66666375628376,0.0,-66.66666666666666,79.99999922389787,-143.24323269868523,-57.1428556223305,1.0,11.0,-100.68945438136505
03-13,-1263.6364252114101,-47.887320987668886,-41.66667132327965,0.0,-249.99999417923416,0.0,-31.66666375628376,0.0,-66.66666666666666,79.99999922389787,-143.24323269868523,-57.1428556223305,1.0,11.0,-151.82581926847178
03-14,-1263.6364252114101,-47.887320987668886,-41.66667132327965,0.0,-249.99999417923416,0.0,-31.66666375628376,0.0,-66.66666666666666,79.99999922389787,-143.24323269868523,-57.1428556223305,1.0,11.0,-151.82581926847178
03-15,-1263.6364252114101,-47.887320987668886,-41.66667132327965,0.0,-249.99999417923416,0.0,-31.66666375628376,0.0,-66.66666666666666,79.99999922389787,-136.84209107403305,-57.1428556223305,1.0,11.0,-151.29239079975073
03-16,-1263.6364252114101,-40.845066358044726,-41.66667132327965,0.0,-249.99999417923416,0.0,-31.66666375628376,0.0,21.259839271691085,79.99999922389787,-794.7368756431946,-57.1428556223305,2.0,10.0,-198.20289279984902
03-17,-1263.6364252114101,-40.845066358044726,-41.66667132327965,0.0,-249.99999417923416,0.0,-31.66666375628376,0.0,21.259839271691085,79.99999922389787,-794.7368756431946,-57.1428556223305,2.0,10.0,-198.20289279984902
03-18,-1263.6364252114101,-40.845066358044726,-41.66667132327965,0.0,-249.99999417923416,0.0,-31.66666375628376,0.0,21.259839271691085,79.99999922389787,-794.7368756431946,-42.857144377669506,2.0,10.0,-197.012416862794
03-19,-1263.6364252114101,-40.845066358044726,-25.000004656612983,0.0,-249.99999417923416,0.0,-31.66666375628376,0.0,21.259839271691085,79.99999922389787,-794.7368756431946,-42.857144377669506,2.0,10.0,-195.6235279739051
03-20,-1263.6364252114101,-40.845066358044726,-25.000004656612983,0.0,-249.99999417923416,0.0,-31.66666375628376,0.0,21.259839271691085,79.99999922389787,-794.7368756431946,-28.571433133008515,2.0,10.0,-194.43305203685
03-21,-1263.6364252114101,-40.845066358044726,-25.000004656612983,0.0,-249.99999417923416,0.0,-31.66666375628376,0.0,21.259839271691085,79.99999922389787,-794.7368756431946,-28.571433133008515,2.0,10.0,-194.43305203685
03-22,-1263.6364252114101,-40.845066358044726,-25.000004656612983,0.0,-249.99999417923416,0.0,-31.66666375628376,0.0,21.259839271691085,79.99999922389787,-794.7368756431946,-28.571433133008515,2.0,10.0,-194.43305203685
03-23,-1263.6364252114101,-12.676060956767351,25.0,0.0,-249.99999417923416,0.0,-31.66666375628376,0.0,21.259839271691085,79.99999922389787,-794.7368756431946,-28.571433133008515,3.0,9.0,-187.91896786535915
03-24,-1263.6364252114101,-12.676060956767351,-19.99999552965171,0.0,-249.99999417923416,0.0,-31.66666375628376,0.0,21.259839271691085,79.99999922389787,-794.7368756431946,-57.1428556223305,2.0,10.0,-194.04991936694023
03-25,-650.0000465661298,-12.676060956767351,-19.99999552965171,0.0,-249.99999417923416,0.0,0.0,0.0,21.259839271691085,79.99999922389787,-794.7368756431946,-57.1428556223305,2.0,10.0,-140.27466583347658
03-26,-1150.000038805107,-12.676060956767351,-19.99999552965171,0.0,-249.99999417923416,0.0,24.05063123259434,0.0,21.259839271691085,79.99999922389787,-794.7368756431946,-57.1428556223305,3.0,9.0,-179.93711258400847
03-27,-1150.000038805107,-12.676060956767351,-19.99999552965171,0.0,-249.99999417923416,0.0,24.05063123259434,0.0,21.259839271691085,79.99999922389787,-794.7368756431946,-57.1428556223305,3.0,9.0,-179.93711258400847
03-28,-899.9999689559145,-12.676060956767351,-19.99999552965171,0.0,-249.99999417923416,0.0,24.05063123259434,0.0,21.259839271691085,79.99999922389787,-794.7368756431946,-57.1428556223305,3.0,9.0,-159.10377342990913
03-29,-899.9999689559145,-12.676060956767351,-19.99999552965171,0.0,-249.99999417923416,0.0,24.05063123259434,0.0,21.259839271691085,79.99999922389787,-794.7368756431946,-57.1428556223305,3.0,9.0,-159.10377342990913
03-30,-899.9999689559145,-12.676060956767351,14.285716566504258,0.0,-249.99999417923416,0.0,24.05063123259434,0.0,-66.66666666666666,79.99999922389787,-794.7368756431946,-57.1428556223305,3.0,9.0,-163.57383958342595
03-31,-191.6666653731631,-61.97183024691723,-19.99999552965171,0.0,-249.99999417923416,0.0,24.05063123259434,0.0,-66.66666666666666,79.99999922389787,-794.7368756431946,-57.1428556223305,2.0,10.0,-111.51118773372214
04-01,-191.6666653731631,-61.97183024691723,-19.99999552965171,0.0,-249.99999417923416,0.0,24.05063123259434,4.761896842494831,-66.66666666666666,79.99999922389787,-794.7368756431946,-57.1428556223305,3.0,9.0,-111.11436299684755
04-02,-191.6666653731631,-61.97183024691723,-19.99999552965171,0.0,-249.99999417923416,0.0,24.05063123259434,4.761896842494831,-66.66666666666666,79.99999922389787,-794.7368756431946,-57.1428556223305,3.0,9.0,-111.11436299684755
04-03,-149.99999223897862,-16.16161701682514,-19.99999552965171,0.0,-249.99999417923416,0.0,24.05063123259434,4.761896842494831,-66.66666666666666,79.99999922389787,-794.7368756431946,-83.33333643774199,3.0,9.0,-106.00716253444216
04-04,50.0,-16.16161701682514,-19.99999552965171,0.0,-249.99999417923416,0.0,24.05063123259434,4.761896842494831,-66.66666666666666,45.66666863279208,-794.7368756431946,-83.33333643774199,4.0,8.0,-92.20160739711943
04-05,50.0,-16.16161701682514,-19.99999552965171,0.0,-249.99999417923416,0.0,24.05063123259434,4.761896842494831,-66.66666666666666,41.666665373163106,-794.7368756431946,-83.33333643774199,4.0,8.0,-92.5349410020885
04-06,50.0,-16.16161701682514,-19.99999552965171,0.0,-249.99999417923416,0.0,24.05063123259434,4.761896842494831,-66.66666666666666,41.666665373163106,-794.7368756431946,-83.33333643774199,4.0,8.0,-92.5349410020885
04-07,50.0,34.343432633016384,-19.99999552965171,0.0,-249.99999417923416,0.0,24.05063123259434,4.761896842494831,-66.66666666666666,41.666665373163106,-794.7368756431946,-83.33333643774199,5.0,7.0,-88.32618686460171
04-08,58.333331781129004,19.19191491587429,-19.99999552965171,0.0,-249.99999417923416,0.0,24.05063123259434,4.761896842494831,-66.66666666666666,41.666665373163106,-794.7368756431946,-175.00000465661302,5.0,7.0,-96.53325804417538
04-09,58.333331781129004,39.39393853873041,-19.99999552965171,0.0,-249.99999417923416,0.0,24.05063123259434,4.761896842494831,-66.66666666666666,41.666665373163106,-308.68421523452537,-175.00000465661302,5.0,7.0,-54.34536770821493
04-10,58.333331781129004,38.38383923904736,-19.99999552965171,0.0,-249.99999417923416,0.0,24.05063123259434,4.761896842494831,-66.66666666666666,16.666669253673795,-319.72974151582434,-125.00001396983892,5.0,7.0,-53.26667029268972
04-11,-25.000004656612983,38.38383923904736,-19.99999552965171,0.0,-249.99999417923416,0.0,24.05063123259434,4.761896842494831,-66.66666666666666,-233.3333229853048,-308.68421523452537,-125.00001396983892,3.0,9.0,-80.12398715897486
04-12,-25.000004656612983,38.38383923904736,-19.99999552965171,0.0,-249.99999417923416,0.0,24.05063123259434,4.761896842494831,-66.66666666666666,-233.3333229853048,-308.68421523452537,-125.00001396983892,3.0,9.0,-80.12398715897486
04-13,-25.000004656612983,38.38383923904736,-19.99999552965171,0.0,-249.99999417923416,0.0,24.05063123259434,4.761896842494831,-66.66666666666666,-233.3333229853048,-308.68421523452537,-125.00001396983892,3.0,9.0,-80.12398715897486
04-14,-25.000004656612983,29.411767928451642,-59.99999403953561,0.0,-249.99999417923416,0.0,24.05063123259434,4.761896842494831,-66.66666666666666,-233.3333229853048,-308.68421523452537,-125.00001396983892,3.0,9.0,-84.20499297734816
04-15,-25.000004656612983,29.411767928451642,-59.99999403953561,0.0,-249.99999417923416,0.0,24.05063123259434,4.761896842494831,-66.66666666666666,-233.3333229853048,-308.68421523452537,-125.00001396983892,3.0,9.0,-84.20499297734816
04-16,-25.000004656612983,-9.090910630285256,-59.99999403953561,0.0,-249.99999417923416,0.0,24.05063123259434,4.761896842494831,-66.66666666666666,-233.3333229853048,-308.68421523452537,-125.00001396983892,2.0,10.0,-87.41354952390955
04-17,-25.000004656612983,-18.181821260570512,-59.99999403953561,0.0,-249.99999417923416,0.0,24.05063123259434,4.761896842494831,-66.66666666666666,-233.3333229853048,-308.68421523452537,-100.0,2.0,10.0,-86.08779091228007
04-18,-25.000004656612983,-18.181821260570512,-59.99999403953561,0.0,-249.99999417923416,0.0,24.05063123259434,4.761896842494831,-66.66666666666666,-233.3333229853048,-308.68421523452537,-100.0,2.0,10.0,-86.08779091228007
04-19,-25.000004656612983,-18.181821260570512,-59.99999403953561,0.0,-249.99999417923416,0.0,24.05063123259434,4.761896842494831,-66.66666666666666,-233.3333229853048,-308.68421523452537,-100.0,2.0,10.0,-86.08779091228007
04-20,-25.000004656612983,-18.181821260570512,-59.99999403953561,0.0,-249.99999417923416,0.0,24.05063123259434,4.761896842494831,-66.66666666666666,-233.3333229853048,-308.68421523452537,-100.0,2.0,10.0,-86.08779091228007
04-21,-25.000004656612983,-9.090910630285256,-59.99999403953561,0.0,-249.99999417923416,0.0,24.05063123259434,4.761896842494831,-66.66666666666666,-233.3333229853048,-308.68421523452537,-100.0,2.0,10.0,-85.33021502642299
04-22,-25.000004656612983,-36.36363405457212,-59.99999403953561,0.0,-249.99999417923416,0.0,24.05063123259434,4.761896842494831,-66.66666666666666,-233.3333229853048,-308.68421523452537,-100.0,2.0,10.0,-87.60294197844688
04-23,-25.000004656612983,-50.0,-59.99999403953561,0.0,-249.99999417923416,0.0,24.05063123259434,4.761896842494831,-66.66666666666666,-233.3333229853048,-308.68421523452537,-100.50000847503559,2.0,10.0,-88.78097318015217
04-24,-25.000004656612983,-50.0,-59.99999403953561,0.0,-249.99999417923416,0.0,24.05063123259434,4.761896842494831,-66.66666666666666,-233.3333229853048,-308.68421523452537,-100.50000847503559,2.0,10.0,-88.78097318015217
04-25,-25.000004656612983,-50.0,-59.99999403953561,0.0,-249.99999417923416,0.0,24.05063123259434,4.761896842494831,-66.66666666666666,-233.3333229853048,-308.68421523452537,-100.50000847503559,2.0,10.0,-88.78097318015217
04-26,-25.000004656612983,-50.0,-59.99999403953561,0.0,-249.99999417923416,0.0,24.05063123259434,4.761896842494831,-66.66666666666666,-233.3333229853048,-308.68421523452537,-100.50000847503559,2.0,10.0,-88.78097318015217
04-27,-25.000004656612983,-45.454553151426275,0.0,0.0,-249.99999417923416,0.0,24.05063123259434,4.761896842494831,-66.66666666666666,-233.3333229853048,-308.68421523452537,-100.50000847503559,2.0,10.0,-83.40218643947641
04-28,-25.000004656612983,-29.090910630285247,0.0,-100.0,-249.99999417923416,0.0,24.05063123259434,4.761896842494831,-66.66666666666666,-233.3333229853048,-308.68421523452537,-100.50000847503559,2.0,10.0,-90.37188289604799
04-29,-66.66666149265241,-29.090910630285247,0.0,-100.0,-249.99999417923416,0.0,24.05063123259434,4.761896842494831,-66.66666666666666,-233.3333229853048,-308.68421523452537,-100.0,2.0,10.0,-93.80243692613165
04-30,-66.66666149265241,-29.090910630285247,0.0,-100.0,-249.99999417923416,0.0,24.05063123259434,4.761896842494831,-66.66666666666666,-233.3333229853048,-308.68421523452537,-100.0,2.0,10.0,-93.80243692613165
05-01,-66.66666149265241,-36.36363405457212,0.0,-100.0,-249.99999417923416,0.0,24.05063123259434,4.761896842494831,-66.66666666666666,-233.3333229853048,-308.68421523452537,-100.0,2.0,10.0,-94.40849721148886
05-02,8.333334626836898,-36.36363405457212,0.0,-100.0,-249.99999417923416,0.0,24.05063123259434,4.761896842494831,-66.66666666666666,-233.3333229853048,-308.68421523452537,-100.0,3.0,9.0,-88.15849753486475
05-03,8.333334626836898,-36.36363405457212,0.0,-100.0,-249.99999417923416,0.0,24.05063123259434,4.761896842494831,-66.66666666666666,-233.3333229853048,-308.68421523452537,11.89427724856958,4.0,8.0,-78.83397443081729
05-04,8.333334626836898,-36.36363405457212,0.0,-100.0,-249.99999417923416,0.0,24.05063123259434,4.761896842494831,-16.66665696539031,-233.3333229853048,-298.20515030949764,11.89427724856958,4.0,8.0,-73.79405154529196
05-05,8.333334626836898,-36.36363405457212,0.0,-100.0,-249.99999417923416,0.0,24.05063123259434,4.761896842494831,-16.66665696539031,-233.3333229853048,68.2413083798309,11.89427724856958,5.0,7.0,-43.25684665451457
05-06,8.333334626836898,-36.36363405457212,0.0,-100.0,-249.99999417923416,0.0,24.05063123259434,4.761896842494831,44.881892073464115,-233.3333229853048,68.2413083798309,11.89427724856958,6.0,6.0,-38.127800901276714
05-07,26.66666542490321,-36.36363405457212,-25.000004656612983,-100.0,-249.99999417923416,0.0,24.05063123259434,4.761896842494831,44.881892073464115,-233.3333229853048,68.2413083798309,-354.5454468485737,5.0,7.0,-69.22000073091753
05-08,26.66666542490321,-36.36363405457212,-25.000004656612983,-100.0,-249.99999417923416,0.0,0.0,4.761896842494831,44.881892073464115,-233.3333229853048,61.174998030252716,-354.5454468485737,4.0,8.0,-71.81307919609857
05-09,26.66666542490321,-36.36363405457212,-25.000004656612983,-100.0,-249.99999417923416,0.0,0.0,4.761896842494831,44.881892073464115,-233.3333229853048,61.174998030252716,-468.18182972713936,4.0,8.0,-81.28277776931239
05-10,26.66666542490321,-36.36363405457212,-25.000004656612983,-100.0,-249.99999417923416,0.0,0.0,4.761896842494831,44.881892073464115,-233.3333229853048,61.174998030252716,-468.18182972713936,4.0,8.0,-81.28277776931239
05-11,26.66666542490321,-36.36363405457212,-25.000004656612983,-100.0,-249.99999417923416,0.0,0.0,4.761896842494831,44.881892073464115,-233.3333229853048,61.174998030252716,-468.18182972713936,4.0,8.0,-81.28277776931239
05-12,26.66666542490321,-36.36363405457212,-25.000004656612983,-100.0,-249.99999417923416,0.0,0.0,4.761896842494831,52.75590356301465,-233.3333229853048,-288.24999257852363,-297.7272765757131,3.0,9.0,-95.54081326662902
05-13,26.66666542490321,-36.36363405457212,-25.000004656612983,-100.0,-249.99999417923416,0.0,0.0,4.761896842494831,52.75590356301465,-233.3333229853048,-288.24999257852363,-297.7272765757131,3.0,9.0,-95.54081326662902
05-14,-33.33333333333333,-36.36363405457212,-25.000004656612983,-100.0,-249.99999417923416,0.0,0.0,4.761896842494831,52.75590356301465,-233.3333229853048,7.5000043655743625,-297.7272765757131,3.0,9.0,-75.8949800844739
05-15,19.99999751647308,-36.36363405457212,-25.000004656612983,-100.0,-249.99999417923416,0.0,0.0,4.761896842494831,52.75590356301465,-233.3333229853048,7.5000043655743625,-297.7272765757131,4.0,8.0,-71.45053584699001
05-16,19.99999751647308,-42.8571415900373,-25.000004656612983,-100.0,-249.99999417923416,0.0,0.0,4.761896842494831,52.75590356301465,-233.3333229853048,7.5000043655743625,-297.7272765757131,4.0,8.0,-71.99166147494545
05-17,19.99999751647308,-42.8571415900373,-25.000004656612983,-100.0,-249.99999417923416,0.0,0.0,4.761896842494831,52.75590356301465,-233.3333229853048,7.5000043655743625,-280.4347757866259,4.0,8.0,-70.55061974252152
05-18,19.99999751647308,-35.238097941253756,-25.000004656612983,-100.0,-249.99999417923416,0.0,0.0,4.761896842494831,52.75590356301465,-233.3333229853048,7.5000043655743625,-280.4347757866259,4.0,8.0,-69.91569943845623
05-19,19.99999751647308,-35.238097941253756,-25.000004656612983,-100.0,-249.99999417923416,0.0,0.0,4.761896842494831,0.0,0.0,7.5000043655743625,-280.4347757866259,3.0,9.0,-54.867581153265384
05-20,19.99999751647308,-35.238097941253756,-25.000004656612983,-100.0,-249.99999417923416,0.0,0.0,4.761896842494831,0.0,0.0,7.5000043655743625,-16.66666977107532,3.0,9.0,-32.88690565196949
05-21,19.99999751647308,-35.238097941253756,-25.000004656612983,-100.0,0.0,0.0,0.0,4.761896842494831,0.0,0.0,7.5000043655743625,-16.66666977107532,3.0,9.0,-12.053572803699984
05-22,19.99999751647308,-184.00000819563888,-25.000004656612983,-100.0,0.0,0.0,0.0,4.761896842494831,0.0,0.0,7.5000043655743625,-16.66666977107532,3.0,9.0,-24.450398658232075
05-23,19.99999751647308,-184.00000819563888,-25.000004656612983,-100.0,0.0,0.0,0.0,4.761896842494831,0.0,0.0,7.5000043655743625,-16.66666977107532,3.0,9.0,-24.450398658232075
05-24,19.99999751647308,-184.00000819563888,-25.000004656612983,-100.0,0.0,0.0,0.0,4.761896842494831,0.0,0.0,5.000002910382907,-16.66666977107532,3.0,9.0,-24.65873211283136
05-25,19.99999751647308,-296.0000067055226,-25.000004656612983,-100.0,0.0,0.0,0.0,4.761896842494831,-111.66665793551796,0.0,5.000002910382907,-16.66666977107532,3.0,9.0,-43.29762014994818
05-26,19.99999751647308,-182.85713259358826,-25.000004656612983,-100.0,0.0,0.0,0.0,4.761896842494831,-111.66665793551796,0.0,5.000002910382907,-16.66666977107532,3.0,9.0,-33.86904730728697
05-27,19.99999751647308,-142.85714855911763,-25.000004656612983,-100.0,0.0,0.0,0.0,4.761896842494831,-111.66665793551796,0.0,5.000002910382907,-16.66666977107532,3.0,9.0,-30.53571530441442
05-28,19.99999751647308,-57.14285144088237,-25.000004656612983,-100.0,0.0,0.0,0.0,4.761896842494831,-111.66665793551796,0.0,5.000002910382907,-16.66666977107532,3.0,9.0,-23.392857211228147
05-29,19.99999751647308,-57.14285144088237,-25.000004656612983,-100.0,0.0,0.0,0.0,0.0,-111.66665793551796,0.0,5.000002910382907,-16.66666977107532,2.0,10.0,-23.78968194810271
05-30,19.99999751647308,-57.14285144088237,-25.000004656612983,-100.0,0.0,0.0,0.0,0.0,-111.66665793551796,0.0,5.000002910382907,-16.66666977107532,2.0,10.0,-23.78968194810271
05-31,19.99999751647308,-57.14285144088237,-25.000004656612983,-100.0,0.0,0.0,0.0,0.0,-111.66665793551796,-46.341463968663035,5.000002910382907,-16.66666977107532,2.0,10.0,-27.65147061215797
06-01,19.99999751647308,-57.14285144088237,-25.000004656612983,-100.0,0.0,0.0,0.0,0.0,-111.66665793551796,-46.341463968663035,5.000002910382907,-16.66666977107532,2.0,10.0,-27.65147061215797
06-02,19.99999751647308,-57.14285144088237,-25.000004656612983,-100.0,0.0,0.0,0.0,0.0,-111.66665793551796,-46.341463968663035,65.45454468485737,-16.66666977107532,2.0,10.0,-22.613592130951773
06-03,19.99999751647308,-57.14285144088237,-25.000004656612983,-100.0,0.0,0.0,0.0,0.0,-111.66665793551796,-46.341463968663035,65.45454468485737,-75.00000465661297,2.0,10.0,-27.47470337141324
06-04,19.99999751647308,-57.14285144088237,-75.00000465661297,-100.0,0.0,0.0,-31.66666375628376,0.0,-111.66665793551796,-46.341463968663035,65.45454468485737,-75.00000465661297,2.0,10.0,-34.28025868443689
06-05,19.99999751647308,-57.14285144088237,-75.00000465661297,-100.0,0.0,0.0,-31.66666375628376,-25.00000909494725,-111.66665793551796,-46.341463968663035,5.000002910382907,-75.00000465661297,2.0,10.0,-41.401471256888684
06-06,19.99999751647308,-57.14285144088237,-75.00000465661297,-100.0,0.0,0.0,-31.66666375628376,-25.00000909494725,-111.66665793551796,-46.341463968663035,5.000002910382907,-75.00000465661297,2.0,10.0,-41.401471256888684
06-07,19.99999751647308,-57.14285144088237,-75.00000465661297,-100.0,0.0,0.0,-31.66666375628376,-25.00000909494725,-111.66665793551796,-46.341463968663035,5.000002910382907,-75.00000465661297,2.0,10.0,-41.401471256888684
06-08,19.99999751647308,-57.14285144088237,-150.00000931322597,-100.0,0.0,0.0,-31.66666375628376,-25.00000909494725,-111.66665793551796,-46.341463968663035,5.000002910382907,-75.00000465661297,2.0,10.0,-47.651471644939775
06-09,-300.0,-57.14285144088237,-150.00000931322597,-100.0,0.0,0.0,-31.66666375628376,-25.00000909494725,0.0,-46.341463968663035,5.000002910382907,-75.00000465661297,1.0,11.0,-65.01258327668603
06-10,-33.33333333333333,-57.14285144088237,-150.00000931322597,-100.0,0.0,0.0,-31.66666375628376,-25.00000909494725,0.0,-46.341463968663035,5.000002910382907,-75.00000465661297,1.0,11.0,-42.79036105446381
06-11,-33.33333333333333,-57.14285144088237,-150.00000931322597,-100.0,0.0,0.0,-31.66666375628376,-31.249998635757912,0.0,-46.341463968663035,5.000002910382907,-75.00000465661297,1.0,11.0,-43.31119351619802
06-12,-33.33333333333333,-57.14285144088237,-150.00000931322597,-100.0,0.0,0.0,-31.66666375628376,-31.249998635757912,0.0,-46.341463968663035,5.000002910382907,-75.00000465661297,1.0,11.0,-43.31119351619802
06-13,19.99999751647308,-57.14285144088237,-150.00000931322597,-100.0,0.0,0.0,-57.99999650754051,-31.249998635757912,0.0,-46.341463968663035,5.000002910382907,-50.0,2.0,10.0,-38.977859953267824
06-14,19.99999751647308,-57.14285144088237,-150.00000931322597,-100.0,0.0,0.0,-57.99999650754051,-31.249998635757912,0.0,-46.341463968663035,5.000002910382907,-50.0,2.0,10.0,-38.977859953267824
06-15,19.99999751647308,-57.14285144088237,-100.0,-100.0,0.0,0.0,-57.99999650754051,-31.249998635757912,0.0,-46.341463968663035,5.000002910382907,-50.0,2.0,10.0,-34.811192510498984
06-16,19.99999751647308,-57.14285144088237,-100.0,-566.6666459706097,0.0,0.0,-57.99999650754051,-31.249998635757912,0.0,-46.341463968663035,5.000002910382907,-50.0,2.0,10.0,-73.70007967471645
06-17,19.99999751647308,-57.14285144088237,-100.0,-566.6666459706097,0.0,0.0,-57.99999650754051,-31.249998635757912,0.0,-46.341463968663035,5.000002910382907,-50.0,2.0,10.0,-73.70007967471645
06-18,19.99999751647308,-57.14285144088237,-100.0,-566.6666459706097,0.0,0.0,-57.99999650754051,-31.249998635757912,0.0,-46.341463968663035,5.000002910382907,0.0,2.0,10.0,-69.53341300804979
06-19,19.99999751647308,-57.14285144088237,-100.0,-566.6666459706097,0.0,0.0,-57.99999650754051,-31.249998635757912,0.0,-46.341463968663035,5.000002910382907,0.0,2.0,10.0,-69.53341300804979
06-20,19.99999751647308,-57.14285144088237,-100.0,-566.6666459706097,0.0,0.0,-57.99999650754051,-31.249998635757912,0.0,-46.341463968663035,7.5000043655743625,0.0,2.0,10.0,-69.32507955345051
06-21,19.99999751647308,-57.14285144088237,-100.0,-566.6666459706097,0.0,0.0,-57.99999650754051,-31.249998635757912,0.0,-46.341463968663035,5.000002910382907,0.0,2.0,10.0,-69.53341300804979
06-22,19.99999751647308,-57.14285144088237,-100.0,-566.6666459706097,0.0,0.0,-57.99999650754051,-31.249998635757912,0.0,-46.341463968663035,5.000002910382907,0.0,2.0,10.0,-69.53341300804979
06-23,19.99999751647308,-57.14285144088237,-100.0,-566.6666459706097,0.0,0.0,-57.99999650754051,-31.249998635757912,0.0,-46.341463968663035,5.000002910382907,0.0,2.0,10.0,-69.53341300804979
06-24,19.99999751647308,-57.14285144088237,-100.0,-566.6666459706097,0.0,0.0,-57.99999650754051,-31.249998635757912,0.0,-46.341463968663035,5.000002910382907,0.0,2.0,10.0,-69.53341300804979
06-25,19.99999751647308,-57.14285144088237,-100.0,-566.6666459706097,0.0,0.0,-57.99999650754051,-31.249998635757912,0.0,-46.341463968663035,5.000002910382907,-63.934425728931686,2.0,10.0,-74.8612818187941
06-26,19.99999751647308,-57.14285144088237,-100.0,-566.6666459706097,0.0,0.0,-57.99999650754051,-31.249998635757912,0.0,-46.341463968663035,5.000002910382907,-63.934425728931686,2.0,10.0,-74.8612818187941
06-27,19.99999751647308,-57.14285144088237,-100.0,-566.6666459706097,0.0,0.0,-57.99999650754051,-31.249998635757912,0.0,-46.341463968663035,5.000002910382907,-63.934425728931686,2.0,10.0,-74.8612818187941
06-28,19.99999751647308,-57.14285144088237,-100.0,-566.6666459706097,0.0,0.0,-57.99999650754051,-31.249998635757912,0.0,-46.341463968663035,23.99999701976769,-63.934425728931686,2.0,10.0,-73.27794897634537
06-29,19.99999751647308,-49.999993347696105,-100.0,-566.6666459706097,0.0,0.0,-57.99999650754051,-31.249998635757912,0.0,-46.341463968663035,23.99999701976769,-63.934425728931686,2.0,10.0,-72.68271080191319
06-30,19.99999751647308,-49.999993347696105,-100.0,-566.6666459706097,0.0,0.0,-57.99999650754051,-31.249998635757912,0.0,-46.341463968663035,23.99999701976769,-63.934425728931686,2.0,10.0,-72.68271080191319
07-01,19.99999751647308,28.57143237274509,-100.0,-566.6666459706097,0.0,0.0,-57.99999650754051,-31.249998635757912,0.0,-46.341463968663035,23.99999701976769,-63.934425728931686,3.0,9.0,-66.13509199187642
07-02,19.99999751647308,28.57143237274509,-100.0,-566.6666459706097,0.0,0.0,-57.99999650754051,-31.249998635757912,0.0,-46.341463968663035,23.99999701976769,-63.934425728931686,3.0,9.0,-66.13509199187642
07-03,19.99999751647308,28.57143237274509,-100.0,-566.6666459706097,0.0,0.0,-57.99999650754051,-31.249998635757912,0.0,-46.341463968663035,23.99999701976769,-63.934425728931686,3.0,9.0,-66.13509199187642
07-05,19.99999751647308,70.58823754991614,-100.0,-566.6666459706097,0.0,16.666666666666664,-57.99999650754051,-31.249998635757912,0.0,-46.341463968663035,23.99999701976769,-63.934425728931686,4.0,8.0,-61.244802671556606
07-06,19.99999751647308,70.58823754991614,-100.0,-566.6666459706097,0.0,16.666666666666664,-57.99999650754051,-31.249998635757912,0.0,-46.341463968663035,23.99999701976769,-63.934425728931686,4.0,8.0,-61.244802671556606
07-07,19.99999751647308,70.58823754991614,-100.0,-566.6666459706097,0.0,16.666666666666664,-57.99999650754051,-31.249998635757912,0.0,-46.341463968663035,23.99999701976769,-63.934425728931686,4.0,8.0,-61.244802671556606
07-08,19.99999751647308,70.58823754991614,-100.0,-566.6666459706097,0.0,16.666666666666664,-57.99999650754051,-31.249998635757912,0.0,-46.341463968663035,23.99999701976769,-63.934425728931686,4.0,8.0,-61.244802671556606
07-09,19.99999751647308,44.44444329466344,-100.0,-566.6666459706097,0.0,16.666666666666664,-57.99999650754051,-31.249998635757912,0.0,-46.341463968663035,23.99999701976769,-63.934425728931686,4.0,8.0,-63.42345219282768
07-10,19.99999751647308,44.44444329466344,-100.0,-233.3333229853048,0.0,16.666666666666664,-57.99999650754051,-31.249998635757912,0.0,-46.341463968663035,23.99999701976769,-63.934425728931686,4.0,8.0,-35.645675277385585
07-11,19.99999751647308,44.44444329466344,-100.0,-233.3333229853048,0.0,16.666666666666664,-57.99999650754051,-31.249998635757912,0.0,-46.341463968663035,23.99999701976769,-63.934425728931686,4.0,8.0,-35.645675277385585
07-12,19.99999751647308,44.44444329466344,-100.0,-233.3333229853048,0.0,16.666666666666664,-57.99999650754051,-31.249998635757912,0.0,-46.341463968663035,23.99999701976769,-63.934425728931686,4.0,8.0,-35.645675277385585
07-13,19.99999751647308,44.44444329466344,-100.0,-233.3333229853048,0.0,16.666666666666664,-57.99999650754051,-31.249998635757912,0.0,-46.341463968663035,23.99999701976769,-63.934425728931686,4.0,8.0,-35.645675277385585
07-14,19.99999751647308,44.44444329466344,-100.0,-233.3333229853048,0.0,16.666666666666664,-57.99999650754051,-31.249998635757912,0.0,-100.0,23.99999701976769,-63.934425728931686,4.0,8.0,-40.11721994666365
07-15,19.99999751647308,44.44444329466344,-100.0,-233.3333229853048,0.0,16.666666666666664,-57.99999650754051,-31.249998635757912,0.0,-100.0,23.99999701976769,-272.1311638097201,4.0,8.0,-57.4669481200627
07-16,19.99999751647308,44.44444329466344,-100.0,-233.3333229853048,0.0,16.666666666666664,-57.99999650754051,-31.249998635757912,0.0,-100.0,22.00000037252904,-272.1311638097201,4.0,8.0,-57.633614507332595
07-17,0.0,44.44444329466344,-100.0,-233.3333229853048,0.0,16.666666666666664,-57.99999650754051,-31.249998635757912,0.0,-100.0,-878.0000368803748,27.86885145786339,3.0,9.0,-109.30028279914872
07-18,0.0,44.44444329466344,-100.0,-233.3333229853048,0.0,16.666666666666664,-20.0,-31.249998635757912,-111.66665793551796,-100.0,-700.0,-72.54901244657792,2.0,10.0,-108.97399017015238
07-19,0.0,44.44444329466344,0.0,-233.3333229853048,0.0,16.666666666666664,-20.0,-31.249998635757912,-111.66665793551796,-100.0,-700.0,-72.54901244657792,2.0,10.0,-100.64065683681903
07-20,0.0,44.44444329466344,0.0,-233.3333229853048,0.0,16.666666666666664,-20.0,-31.249998635757912,-111.66665793551796,-100.0,-899.9999301508102,-72.54901244657792,2.0,10.0,-117.3073176827199
07-21,0.0,44.44444329466344,0.0,-233.3333229853048,0.0,16.666666666666664,-20.0,-31.249998635757912,-111.66665793551796,-100.0,-899.9999301508102,-72.54901244657792,2.0,10.0,-117.3073176827199
07-22,0.0,41.666665373163106,0.0,-233.3333229853048,0.0,16.666666666666664,-20.0,-31.249998635757912,-111.66665793551796,-100.0,-899.9999301508102,-72.54901244657792,2.0,10.0,-117.53879917617829
07-23,0.0,23.91304281806057,0.0,-233.3333229853048,0.0,16.666666666666664,-20.0,-31.249998635757912,-111.66665793551796,-100.0,-899.9999301508102,-72.54901244657792,2.0,10.0,-119.0182677224368
07-24,0.0,23.91304281806057,-33.33333333333333,-233.3333229853048,0.0,16.666666666666664,-20.0,-31.249998635757912,-111.66665793551796,-100.0,0.0,-72.54901244657792,2.0,10.0,-46.79605132098039
07-25,0.0,23.91304281806057,-33.33333333333333,-233.3333229853048,0.0,16.666666666666664,-20.0,-31.249998635757912,-111.66665793551796,-100.0,33.333330746326205,-72.54901244657792,3.0,9.0,-44.018273758786535
07-26,0.0,23.91304281806057,-33.33333333333333,-233.3333229853048,0.0,16.666666666666664,-20.0,-31.249998635757912,-111.66665793551796,-100.0,33.333330746326205,-72.54901244657792,3.0,9.0,-44.018273758786535
07-27,0.0,23.91304281806057,-33.33333333333333,-233.3333229853048,0.0,16.666666666666664,-20.0,-31.249998635757912,-81.42857903120495,-100.0,33.333330746326205,-72.54901244657792,3.0,9.0,-41.49843385009379
07-28,0.0,23.91304281806057,-33.33333333333333,-233.3333229853048,0.0,16.666666666666664,-20.0,-31.249998635757912,-81.42857903120495,-100.0,33.333330746326205,-72.54901244657792,3.0,9.0,-41.49843385009379
07-29,0.0,23.91304281806057,-33.33333333333333,-233.3333229853048,0.0,16.666666666666664,-20.0,-31.249998635757912,14.285707158245346,-100.0,33.333330746326205,-80.39215435630226,4.0,8.0,-34.17583849344996
07-30,0.0,23.91304281806057,0.0,-233.3333229853048,0.0,16.666666666666664,-20.0,-31.249998635757912,14.285707158245346,-100.0,33.333330746326205,-488.235259743574,4.0,8.0,-65.38498616461149
07-31,0.0,23.91304281806057,0.0,-233.3333229853048,0.0,16.666666666666664,-20.0,-31.249998635757912,14.285707158245346,-100.0,19.999994412064424,-488.235259743574,4.0,8.0,-66.49609752579998
08-01,0.0,23.91304281806057,0.0,-233.3333229853048,0.0,16.666666666666664,-20.0,-31.249998635757912,14.285707158245346,-100.0,19.999994412064424,-488.235259743574,4.0,8.0,-66.49609752579998
08-02,0.0,23.91304281806057,0.0,-233.3333229853048,0.0,16.666666666666664,-20.0,-31.249998635757912,14.285707158245346,-100.0,19.999994412064424,-488.235259743574,4.0,8.0,-66.49609752579998
08-03,0.0,23.91304281806057,0.0,-233.3333229853048,0.0,16.666666666666664,-20.0,-31.249998635757912,14.285707158245346,-100.0,19.999994412064424,-488.235259743574,4.0,8.0,-66.49609752579998
08-04,0.0,23.91304281806057,0.0,-233.3333229853048,0.0,16.666666666666664,-20.0,-31.249998635757912,14.285707158245346,-100.0,79.99999860301611,-488.235259743574,4.0,8.0,-61.496097176554
08-05,0.0,23.91304281806057,0.0,-233.3333229853048,0.0,16.666666666666664,-20.0,-31.249998635757912,14.285707158245346,-100.0,79.99999860301611,-488.235259743574,4.0,8.0,-61.496097176554
08-06,72.72727318908558,23.91304281806057,0.0,-233.3333229853048,0.0,16.666666666666664,-20.0,-31.249998635757912,14.285707158245346,-100.0,79.99999860301611,-488.235259743574,5.0,7.0,-55.43549107746354
08-07,66.6666687362723,23.91304281806057,0.0,-233.3333229853048,0.0,16.666666666666664,-20.0,-31.249998635757912,14.285707158245346,-100.0,83.15789372554445,-488.235259743574,5.0,7.0,-55.67738352165396
08-08,66.6666687362723,23.91304281806057,0.0,-233.3333229853048,0.0,16.666666666666664,-20.0,-31.249998635757912,14.285707158245346,-100.0,83.15789372554445,-488.235259743574,5.0,7.0,-55.67738352165396
08-09,66.6666687362723,23.91304281806057,0.0,-233.3333229853048,0.0,16.666666666666664,-20.0,-31.249998635757912,14.285707158245346,-100.0,83.15789372554445,-488.235259743574,5.0,7.0,-55.67738352165396
08-10,66.6666687362723,23.91304281806057,0.0,-233.3333229853048,0.0,16.666666666666664,-20.0,-25.00000909494725,14.285707158245346,-36.66666614926524,81.98198075367324,-488.235259743574,5.0,7.0,-49.9767659866811
08-11,66.6666687362723,23.91304281806057,0.0,-233.3333229853048,0.0,16.666666666666664,-20.0,-25.00000909494725,14.285707158245346,-36.66666614926524,81.81818085607172,-488.235259743574,5.0,7.0,-49.99041597814789
08-12,66.6666687362723,23.91304281806057,-24.999996119489307,-233.3333229853048,0.0,16.666666666666664,-20.0,-25.00000909494725,14.285707158245346,-36.66666614926524,81.81818085607172,-488.235259743574,5.0,7.0,-52.07374898810532
08-13,66.6666687362723,23.91304281806057,-24.999996119489307,-233.3333229853048,0.0,16.666666666666664,-20.0,-25.00000909494725,14.285707158245346,-36.66666614926524,81.81818085607172,-292.1568398290494,5.0,7.0,-35.73388066189495
08-14,66.6666687362723,23.91304281806057,-24.999996119489307,-233.3333229853048,0.0,16.666666666666664,-20.0,-25.00000909494725,14.285707158245346,-36.66666614926524,72.4999995343387,75.0,6.0,6.0,-5.913992452951916
08-15,57.14285828325213,23.91304281806057,-24.999996119489307,-233.3333229853048,0.0,16.666666666666664,-20.0,-25.00000909494725,14.285707158245346,-36.66666614926524,89.99999930150804,66.77740845284481,6.0,6.0,-5.9345259723690855
08-16,57.14285828325213,23.91304281806057,-24.999996119489307,-233.3333229853048,0.0,16.666666666666664,-20.0,-25.00000909494725,14.285707158245346,-36.66666614926524,91.9999997392297,60.0000014901161,6.0,6.0,-6.332643182786338
08-17,57.14285828325213,23.91304281806057,-24.999996119489307,-233.3333229853048,0.0,16.666666666666664,-20.0,0.0,14.285707158245346,-36.66666614926524,91.9999997392297,60.0000014901161,6.0,6.0,-4.249309091540737
08-18,57.14285828325213,23.91304281806057,-24.999996119489307,-233.3333229853048,0.0,16.666666666666664,-20.0,0.0,14.285707158245346,-36.66666614926524,89.99999930150804,60.0000014901161,6.0,6.0,-4.415975794684206
08-19,50.0,23.91304281806057,-24.999996119489307,-233.3333229853048,0.0,16.666666666666664,-20.0,0.0,14.285707158245346,-36.66666614926524,89.99999930150804,44.44444329466344,6.0,6.0,-6.30751050124294
08-20,50.0,23.91304281806057,-24.999996119489307,-233.3333229853048,0.0,16.666666666666664,-20.0,0.0,14.285707158245346,-36.66666614926524,89.99999930150804,44.44444329466344,6.0,6.0,-6.30751050124294
08-21,50.0,-40.000007450580775,-24.999996119489307,-233.3333229853048,0.0,16.666666666666664,-20.0,0.0,14.285707158245346,-36.66666614926524,96.666666433836,43.18181914392829,5.0,7.0,-11.183261108496986
08-22,50.0,-40.000007450580775,-24.999996119489307,-233.3333229853048,0.0,16.666666666666664,-20.0,0.0,14.285707158245346,-36.66666614926524,94.28571403862871,39.39394042019017,5.0,7.0,-11.697330368409105
08-23,40.00000223517415,-40.000007450580775,-24.999996119489307,-233.3333229853048,0.0,16.666666666666664,-20.0,0.0,14.285707158245346,-104.99999126885126,95.18072247923736,23.076926383393694,5.0,7.0,-19.510274408459075
08-24,40.00000223517415,-40.000007450580775,-24.999996119489307,-233.3333229853048,0.0,16.666666666666664,-20.0,0.0,14.285707158245346,-104.99999126885126,95.55555552106213,23.076926383393694,5.0,7.0,-19.479038321640342
08-25,40.00000223517415,-40.000007450580775,-24.999996119489307,-233.3333229853048,0.0,16.666666666666664,0.0,0.0,14.285707158245346,-104.99999126885126,93.33333286767204,23.076926383393694,5.0,7.0,-17.997556876089522
08-26,0.0,-40.000007450580775,-24.999996119489307,-233.3333229853048,0.0,16.666666666666664,0.0,0.0,14.285707158245346,-104.99999126885126,93.33333286767204,23.076926383393694,4.0,8.0,-21.33089039568736
08-27,0.0,-40.000007450580775,-24.999996119489307,-233.3333229853048,0.0,16.666666666666664,0.0,0.0,14.285707158245346,-104.99999126885126,93.33333286767204,23.076926383393694,4.0,8.0,-21.33089039568736
08-28,0.0,29.99999627470961,-24.999996119489307,0.0,0.0,16.666666666666664,0.0,0.0,14.285707158245346,-104.99999126885126,93.33333286767204,47.36842053666337,5.0,7.0,5.971178009634706
08-29,25.373133705955038,29.99999627470961,-24.999996119489307,69.99999906867741,0.0,16.666666666666664,0.0,0.0,14.285707158245346,-104.99999126885126,95.99999986961485,23.076926383393694,7.0,5.0,12.116870144910171
08-30,25.373133705955038,29.99999627470961,-24.999996119489307,69.99999906867741,0.0,16.666666666666664,0.0,0.0,14.285707158245346,-104.99999126885126,95.99999986961485,23.076926383393694,7.0,5.0,12.116870144910171
08-31,25.373133705955038,-70.00001303851634,-24.999996119489307,69.99999906867741,0.0,16.666666666666664,0.0,0.0,14.285707158245346,-104.99999126885126,95.99999986961485,23.076926383393694,6.0,6.0,3.7835360354746737
09-01,25.373133705955038,-70.00001303851634,0.0,69.99999906867741,0.0,16.666666666666664,0.0,0.0,14.285707158245346,-104.99999126885126,94.02985061141464,23.076926383393694,6.0,6.0,5.7026899405821005
09-02,25.373133705955038,-70.00001303851634,0.0,69.99999906867741,0.0,16.666666666666664,0.0,0.0,14.285707158245346,-104.99999126885126,94.02985061141464,23.076926383393694,6.0,6.0,5.7026899405821005
09-03,25.373133705955038,0.0,0.0,69.99999906867741,0.0,16.666666666666664,0.0,0.0,14.285707158245346,-104.99999126885126,94.02985061141464,53.07692495058976,6.0,6.0,14.036024241058135
09-04,25.373133705955038,11.45833272700356,0.0,69.99999906867741,0.0,16.666666666666664,0.0,0.0,14.285707158245346,-104.99999126885126,94.02985061141464,38.99999981373548,7.0,5.0,13.817808206903909
09-05,25.373133705955038,-13.333342025677556,0.0,69.99999906867741,0.0,16.666666666666664,0.0,0.0,14.285707158245346,-104.99999126885126,94.07407402808285,23.558900899344806,6.0,6.0,10.468762352703607
09-06,25.373133705955038,-13.333342025677556,0.0,69.99999906867741,0.0,16.666666666666664,0.0,0.0,14.285707158245346,-104.99999126885126,94.07407402808285,23.558900899344806,6.0,6.0,10.468762352703607
09-07,25.373133705955038,-13.333342025677556,-20.000003725290387,69.99999906867741,0.0,16.666666666666664,0.0,0.0,14.285707158245346,-104.99999126885126,92.53731378553093,23.558900899344806,6.0,6.0,8.674032022050081
09-08,25.373133705955038,-41.66667313418449,-20.000003725290387,69.99999906867741,0.0,16.666666666666664,0.0,0.0,14.285707158245346,-104.99999126885126,92.53731378553093,23.558900899344806,6.0,6.0,6.312921096341173
09-09,25.373133705955038,-41.66667313418449,-20.000003725290387,69.99999906867741,0.0,16.666666666666664,0.0,0.0,14.285707158245346,-104.99999126885126,92.53731378553093,23.558900899344806,6.0,6.0,6.312921096341173
09-10,25.373133705955038,25.000003880510697,-20.000003725290387,69.99999906867741,0.0,16.666666666666664,0.0,0.0,14.285707158245346,-104.99999126885126,92.53731378553093,23.558900899344806,7.0,5.0,11.868477514232438
09-11,25.373133705955038,25.000003880510697,-20.000003725290387,69.99999906867741,0.0,16.666666666666664,0.0,-59.99998835846837,14.285707158245346,-104.99999126885126,92.53731378553093,23.558900899344806,7.0,5.0,6.8684784843600735
09-12,-173.63184771161065,25.000003880510697,-20.000003725290387,69.99999906867741,0.0,16.666666666666664,0.0,-59.99998835846837,14.285707158245346,-104.99999126885126,92.53731378553093,23.558900899344806,6.0,6.0,-9.715269967103733
09-13,-173.63184771161065,25.000003880510697,-20.000003725290387,78.57142904659314,0.0,16.666666666666664,0.0,-59.99998835846837,14.285707158245346,-104.99999126885126,90.90909106302851,23.558900899344806,6.0,6.0,-9.136669362485957
09-14,-173.63184771161065,25.000003880510697,-20.000003725290387,78.57142904659314,0.0,16.666666666666664,0.0,-59.99998835846837,14.285707158245346,-104.99999126885126,90.90909106302851,23.558900899344806,6.0,6.0,-9.136669362485957
09-15,-173.63184771161065,25.000003880510697,-20.000003725290387,78.57142904659314,0.0,16.666666666666664,0.0,-59.99998835846837,14.285707158245346,-104.99999126885126,90.90909106302851,23.558900899344806,6.0,6.0,-9.136669362485957
09-16,-173.63184771161065,25.000003880510697,-20.000003725290387,78.57142904659314,0.0,0.0,0.0,-1.2658176551493847,14.285707158245346,-104.99999126885126,90.90909106302851,23.558900899344806,5.0,7.0,-5.6310440260982615
09-17,-173.63184771161065,25.000003880510697,-20.000003725290387,78.57142904659314,0.0,0.0,0.0,-1.2658176551493847,14.285707158245346,-104.99999126885126,90.90909106302851,23.558900899344806,5.0,7.0,-5.6310440260982615
09-18,-173.63184771161065,0.0,-20.000003725290387,78.57142904659314,0.0,0.0,0.0,-1.2658176551493847,14.285707158245346,-104.99999126885126,90.90909106302851,23.558900899344806,4.0,8.0,-7.714377682807485
09-19,-173.63184771161065,0.0,-20.000003725290387,78.57142904659314,0.0,0.0,0.0,-1.2658176551493847,14.285707158245346,-104.99999126885126,90.90909106302851,23.558900899344806,4.0,8.0,-7.714377682807485
09-20,-173.63184771161065,0.0,-20.000003725290387,78.57142904659314,0.0,0.0,0.0,-1.2658176551493847,14.285707158245346,-104.99999126885126,90.90909106302851,23.558900899344806,4.0,8.0,-7.714377682807485
09-21,-173.63184771161065,0.0,-20.000003725290387,78.57142904659314,0.0,0.0,0.0,-1.2658176551493847,14.285707158245346,-104.99999126885126,90.90909106302851,23.558900899344806,4.0,8.0,-7.714377682807485
09-22,-173.63184771161065,0.0,-20.000003725290387,78.57142904659314,0.0,0.0,0.0,-1.2658176551493847,14.285707158245346,-104.99999126885126,90.90909106302851,23.558900899344806,4.0,8.0,-7.714377682807485
09-23,-173.63184771161065,23.333332298530483,-20.000003725290387,78.57142904659314,0.0,0.0,0.0,-1.2658176551493847,14.285707158245346,-104.99999126885126,90.90909106302851,23.558900899344806,5.0,7.0,-5.769933324596613
09-24,-173.63184771161065,23.333332298530483,-20.000003725290387,78.57142904659314,0.0,0.0,0.0,-1.2658176551493847,14.285707158245346,-104.99999126885126,90.90909106302851,23.558900899344806,5.0,7.0,-5.769933324596613
09-25,-173.63184771161065,23.333332298530483,-20.000003725290387,78.57142904659314,0.0,0.0,0.0,-1.2658176551493847,14.285707158245346,-49.99999417923418,90.90909106302851,23.558900899344806,5.0,7.0,-1.1866002337951898
09-26,-173.63184771161065,23.333332298530483,-20.000003725290387,78.57142904659314,0.0,0.0,0.0,-1.2658176551493847,14.285707158245346,-49.99999417923418,90.90909106302851,23.558900899344806,5.0,7.0,-1.1866002337951898
09-27,-173.63184771161065,23.333332298530483,-20.000003725290387,78.57142904659314,0.0,0.0,0.0,-1.2658176551493847,14.285707158245346,-49.99999417923418,90.90909106302851,23.558900899344806,5.0,7.0,-1.1866002337951898
09-28,-173.63184771161065,23.333332298530483,-20.000003725290387,78.57142904659314,0.0,0.0,0.0,-1.2658176551493847,14.285707158245346,-49.99999417923418,90.90909106302851,23.558900899344806,5.0,7.0,-1.1866002337951898
09-29,-173.63184771161065,23.333332298530483,-20.000003725290387,78.57142904659314,0.0,0.0,0.0,-1.2658176551493847,55.22387709599712,-49.99999417923418,87.5,68.04511254064323,5.0,7.0,5.648007309206616
09-30,-173.63184771161065,29.230769120553546,-20.000003725290387,78.57142904659314,0.0,0.0,0.0,-1.2658176551493847,55.22387709599712,-49.99999417923418,87.5,68.04511254064323,5.0,7.0,6.139460377708539
10-01,-173.63184771161065,43.20987675613227,-20.000003725290387,78.57142904659314,0.0,0.0,0.0,-1.2658176551493847,55.22387709599712,-49.99999417923418,89.99999930150804,68.04511254064323,5.0,7.0,7.512719289132438
10-02,-173.63184771161065,43.20987675613227,-20.000003725290387,78.57142904659314,0.0,0.0,0.0,-1.2658176551493847,55.22387709599712,-49.99999417923418,89.99999930150804,68.04511254064323,5.0,7.0,7.512719289132438
10-03,-173.63184771161065,53.999997951090286,-20.000003725290387,78.57142904659314,0.0,0.0,0.0,-1.2658176551493847,55.22387709599712,-49.99999417923418,89.99999930150804,68.04511254064323,5.0,7.0,8.41189605537894
10-04,-173.63184771161065,53.999997951090286,-20.000003725290387,78.57142904659314,0.0,0.0,0.0,-1.2658176551493847,55.22387709599712,-49.99999417923418,86.66666708058779,68.04511254064323,5.0,7.0,8.134118370302247
10-05,-173.63184771161065,53.999997951090286,-20.000003725290387,78.57142904659314,0.0,0.0,0.0,-1.2658176551493847,55.22387709599712,-49.99999417923418,88.0000000745058,68.04511254064323,5.0,7.0,8.24522945312875
10-06,-173.63184771161065,68.27586045216289,-20.000003725290387,78.57142904659314,0.0,0.0,0.0,-1.2658176551493847,0.0,-49.99999417923418,83.78378385181318,68.04511254064323,4.0,8.0,4.481543551660657
10-07,-173.63184771161065,68.27586045216289,-20.000003725290387,78.57142904659314,0.0,0.0,0.0,-59.99998835846837,0.0,30.232559902449378,83.78378385181318,68.04511254064323,5.0,7.0,6.273075499857705
10-08,-173.63184771161065,43.20987675613227,-20.000003725290387,78.57142904659314,0.0,0.0,0.0,-59.99998835846837,47.7611942891854,30.232559902449378,83.78378385181318,68.04511254064323,6.0,6.0,8.16434304928727
10-09,-173.63184771161065,43.20987675613227,-20.000003725290387,78.57142904659314,0.0,0.0,0.0,-59.99998835846837,47.7611942891854,30.232559902449378,83.78378385181318,68.04511254064323,6.0,6.0,8.16434304928727
10-10,-173.63184771161065,43.20987675613227,-20.000003725290387,78.57142904659314,0.0,0.0,0.0,-59.99998835846837,47.7611942891854,30.232559902449378,86.48648696269234,68.04511254064323,6.0,6.0,8.389568308527197
10-11,-173.63184771161065,43.20987675613227,-20.000003725290387,78.57142904659314,0.0,0.0,0.0,-59.99998835846837,47.7611942891854,30.232559902449378,86.48648696269234,68.04511254064323,6.0,6.0,8.389568308527197
10-12,-173.63184771161065,43.20987675613227,-20.000003725290387,78.57142904659314,0.0,0.0,0.0,-59.99998835846837,47.7611942891854,30.232559902449378,86.48648696269234,68.04511254064323,6.0,6.0,8.389568308527197
10-13,-173.63184771161065,43.20987675613227,-20.000003725290387,78.57142904659314,0.0,0.0,0.0,-59.99998835846837,47.7611942891854,30.232559902449378,86.48648696269234,68.04511254064323,6.0,6.0,8.389568308527197
10-14,-173.63184771161065,56.19047462771266,-20.000003725290387,78.57142904659314,0.0,0.0,0.0,-59.99998835846837,47.7611942891854,30.232559902449378,86.48648696269234,68.04511254064323,6.0,6.0,9.471284797825565
10-15,-123.88061278247223,56.19047462771266,-20.000003725290387,78.57142904659314,0.0,0.0,0.0,-59.99998835846837,47.7611942891854,30.232559902449378,86.48648696269234,68.04511254064323,6.0,6.0,13.61722104192043
10-16,-123.88061278247223,56.19047462771266,-20.000003725290387,78.57142904659314,0.0,0.0,0.0,-59.99998835846837,47.7611942891854,30.232559902449378,45.9459478507693,68.04511254064323,6.0,6.0,10.23884278259351
10-17,-74.12935931955069,69.33333196739353,-20.000003725290387,78.57142904659314,0.0,0.0,0.0,-59.99998835846837,47.7611942891854,31.81818085607172,35.81081244351655,68.04511254064323,6.0,6.0,14.767559145007846
10-18,-74.12935931955069,69.33333196739353,-20.000003725290387,78.57142904659314,0.0,0.0,0.0,-59.99998835846837,47.7611942891854,31.81818085607172,35.81081244351655,68.04511254064323,6.0,6.0,14.767559145007846
10-19,-74.12935931955069,83.33333333333334,-20.000003725290387,78.57142904659314,0.0,0.0,0.0,-59.99998835846837,47.7611942891854,31.81818085607172,35.81081244351655,68.04511254064323,6.0,6.0,15.934225925502828
10-20,-74.12935931955069,90.00000037252902,-20.000003725290387,78.57142904659314,0.0,0.0,0.0,-59.99998835846837,47.7611942891854,31.81818085607172,35.81081244351655,68.04511254064323,6.0,6.0,16.489781512102464
10-21,-74.12935931955069,93.75,-20.000003725290387,78.57142904659314,0.0,0.0,0.0,-59.99998835846837,47.7611942891854,31.81818085607172,35.81081244351655,68.04511254064323,6.0,6.0,16.802281481058387
10-22,-49.2537325880899,93.75,-20.000003725290387,78.57142904659314,0.0,0.0,0.0,-59.99998835846837,47.7611942891854,31.81818085607172,40.0000020136704,68.04511254064323,6.0,6.0,19.224349506192933
10-23,-49.2537325880899,93.75,-20.000003725290387,78.57142904659314,0.0,0.0,0.0,-59.99998835846837,47.7611942891854,31.81818085607172,44.999999068677404,68.04511254064323,6.0,6.0,19.64101592744352
10-24,-49.2537325880899,95.00000018626451,-20.000003725290387,78.57142904659314,0.0,0.0,0.0,-59.99998835846837,47.7611942891854,75.0,0.0,-401.25310732617066,4.0,8.0,-19.514517372998014
10-25,-50.0,95.00000018626451,-20.000003725290387,78.57142904659314,0.0,0.0,0.0,-59.99998835846837,47.7611942891854,75.0,0.0,-401.25310732617066,4.0,8.0,-19.576706323990525
10-26,-50.0,95.00000018626451,-20.000003725290387,78.57142904659314,0.0,0.0,0.0,-59.99998835846837,47.7611942891854,75.0,-25.000004656612983,-401.25310732617066,4.0,8.0,-21.66004004537494
10-27,-50.0,95.00000018626451,-20.000003725290387,78.57142904659314,0.0,0.0,0.0,-59.99998835846837,47.7611942891854,80.13245071915988,-25.000004656612983,-277.19296116221585,4.0,8.0,-10.89399030511539
10-28,0.0,87.5,-20.000003725290387,78.57142904659314,0.0,0.0,0.0,-59.99998835846837,47.7611942891854,74.13793048078324,-25.000004656612983,-213.28320374956527,4.0,8.0,-2.5260538894479367
10-29,0.0,93.97590351982497,-20.000003725290387,78.57142904659314,0.0,0.0,0.0,-59.99998835846837,47.7611942891854,74.13793048078324,-25.000004656612983,-125.5638936284933,4.0,8.0,5.323547247293472
10-30,0.0,93.97590351982497,-20.000003725290387,78.57142904659314,0.0,0.0,0.0,-59.99998835846837,47.7611942891854,74.13793048078324,0.0,-125.5638936284933,4.0,8.0,7.4068809686778865
10-31,16.666663562258016,87.5,-20.000003725290387,78.57142904659314,0.0,0.0,0.0,-59.99998835846837,47.7611942891854,74.13793048078324,-200.0,-120.55137095814185,5.0,7.0,-7.9928454719234
11-01,16.666663562258016,87.5,-20.000003725290387,78.57142904659314,0.0,0.0,0.0,-59.99998835846837,47.7611942891854,74.13793048078324,-75.00000465661297,-120.55137095814185,5.0,7.0,2.4238208066921865
11-02,16.666663562258016,87.5,-20.000003725290387,78.57142904659314,0.0,0.0,0.0,-59.99998835846837,47.7611942891854,82.75861965146858,-107.49999674037092,-120.55137095814185,5.0,7.0,0.43387889726946705
11-03,50.0,87.5,-20.000003725290387,78.57142904659314,0.0,0.0,0.0,-59.99998835846837,47.7611942891854,82.75861965146858,-107.49999674037092,-106.76691027325798,5.0,7.0,4.3603619908216205
11-04,50.0,90.00000037252902,-20.000003725290387,78.57142904659314,0.0,0.0,0.0,-59.99998835846837,47.7611942891854,80.19801809015794,-107.49999674037092,-62.907266883430616,5.0,7.0,8.010282174242096
11-05,50.0,80.00000074505806,-20.000003725290387,78.57142904659314,0.0,0.0,0.0,-59.99998835846837,47.7611942891854,80.19801809015794,-125.00001396983892,-62.907266883430616,5.0,7.0,5.718614102830517
11-06,59.800001832842796,80.00000074505806,-20.000003725290387,78.57142904659314,0.0,0.0,0.0,-59.99998835846837,47.7611942891854,80.19801809015794,-50.0,-62.907266883430616,5.0,7.0,12.785282086387324
11-07,59.800001832842796,80.00000074505806,-20.000003725290387,78.57142904659314,0.0,0.0,0.0,-59.99998835846837,47.7611942891854,80.19801809015794,-50.0,-138.09522364578933,5.0,7.0,6.519619022857434
11-08,59.800001832842796,80.00000074505806,-20.000003725290387,28.57143237274509,0.0,0.0,0.0,-59.99998835846837,47.7611942891854,80.19801809015794,-150.00000931322597,-138.09522364578933,5.0,7.0,-5.980381476065398
11-09,59.800001832842796,80.00000074505806,-20.000003725290387,28.57143237274509,0.0,0.0,0.0,-59.99998835846837,47.7611942891854,80.19801809015794,-150.00000931322597,-138.09522364578933,5.0,7.0,-5.980381476065398
11-10,60.0000014901161,80.00000074505806,-20.000003725290387,28.57143237274509,0.0,0.0,0.0,-59.99998835846837,47.7611942891854,80.19801809015794,-150.00000931322597,-62.907266883430616,5.0,7.0,0.3019482255706005
11-11,60.0000014901161,80.00000074505806,-20.000003725290387,28.57143237274509,0.0,0.0,0.0,-59.99998835846837,47.7611942891854,80.19801809015794,-150.00000931322597,-62.907266883430616,5.0,7.0,0.3019482255706005
11-12,60.0000014901161,65.9999986588955,-20.000003725290387,28.57143237274509,0.0,0.0,0.0,-59.99998835846837,47.7611942891854,80.19801809015794,-150.00000931322597,-62.907266883430616,5.0,7.0,-0.8647186149429421
11-13,40.00000223517415,61.599998748302475,-20.000003725290387,28.57143237274509,0.0,0.0,0.0,-59.99998835846837,47.7611942891854,80.19801809015794,-67.50000791624207,-62.907266883430616,5.0,7.0,3.9769482376778
11-14,40.00000223517415,61.599998748302475,-20.000003725290387,28.57143237274509,0.0,0.0,0.0,-59.99998835846837,47.7611942891854,80.19801809015794,-67.50000791624207,-25.31327683154266,5.0,7.0,7.109780742001796
11-15,40.00000223517415,61.599998748302475,-20.000003725290387,28.57143237274509,0.0,0.0,0.0,-59.99998835846837,47.7611942891854,80.7692299081707,-68.75001047737919,-25.31327683154266,5.0,7.0,7.053214846741433
11-16,40.00000223517415,61.599998748302475,0.0,28.57143237274509,0.0,0.0,0.0,-59.99998835846837,47.7611942891854,93.33333286767204,-68.75001047737919,-25.31327683154266,5.0,7.0,9.76689040380741
11-17,40.00000223517415,70.00000111758708,0.0,28.57143237274509,0.0,0.0,0.0,-59.99998835846837,47.7611942891854,94.28571403862871,-68.75001047737919,0.0,5.0,7.0,12.655695434789404
11-18,40.00000223517415,76.00000014901161,0.0,28.57143237274509,0.0,0.0,0.0,-59.99998835846837,47.7611942891854,93.1034477498475,-68.75001047737919,0.0,5.0,7.0,13.057173163343018
11-19,40.00000223517415,76.00000014901161,0.0,28.57143237274509,0.0,0.0,0.0,-59.99998835846837,47.7611942891854,93.1034477498475,-67.50000791624207,0.0,5.0,7.0,13.161340043437779
11-20,40.00000223517415,69.99999906867741,0.0,28.57143237274509,0.0,0.0,0.0,-59.99998835846837,47.7611942891854,93.1034477498475,-67.50000791624207,0.0,5.0,7.0,12.661339953409927
11-21,40.00000223517415,69.99999906867741,0.0,28.57143237274509,0.0,0.0,0.0,-59.99998835846837,47.7611942891854,94.99999965075405,-21.818185512684607,0.0,5.0,6.0,16.626204478781926
11-22,40.00000223517415,69.99999906867741,0.0,0.0,0.0,0.0,0.0,0.0,47.7611942891854,93.33333286767204,-21.818185512684607,0.0,4.0,7.0,19.106361912335366
11-23,40.00000223517415,67.49999860301611,0.0,0.0,0.0,0.0,0.0,0.0,47.7611942891854,94.99999965075405,8.333331781129008,0.0,5.0,6.0,21.549543879938227
11-24,40.00000223517415,83.74999930150804,0.0,0.0,0.0,0.0,0.0,0.0,47.7611942891854,89.99999930150804,8.333331781129008,0.0,5.0,6.0,22.487043909042054
11-25,40.00000223517415,79.74999902211127,0.0,0.0,0.0,0.0,0.0,0.0,47.7611942891854,94.99999965075405,8.333331781129008,0.0,5.0,6.0,22.57037724819616
11-26,40.00000223517415,67.59999964237213,0.0,0.0,0.0,0.0,0.0,-57.99999650754051,47.7611942891854,94.99999965075405,8.333331781129008,0.0,5.0,6.0,16.724544257589518
11-27,40.00000223517415,79.74999902211127,0.0,0.0,0.0,0.0,0.0,-57.99999650754051,47.7611942891854,94.99999965075405,-22.22221670327385,0.0,4.0,7.0,15.190748498867539
11-28,40.00000223517415,79.74999902211127,0.0,0.0,0.0,0.0,0.0,-57.99999650754051,47.7611942891854,94.99999965075405,-22.22221670327385,0.0,4.0,7.0,15.190748498867539
11-29,40.00000223517415,79.74999902211127,0.0,0.0,0.0,0.0,0.0,-57.99999650754051,47.7611942891854,94.99999965075405,-22.22221670327385,0.0,4.0,7.0,15.190748498867539
11-30,40.00000223517415,79.74999902211127,0.0,0.0,0.0,64.70588114447764,0.0,-57.99999650754051,47.7611942891854,84.6153842020758,-22.22221670327385,0.0,5.0,6.0,19.71752064018416
12-01,40.00000223517415,79.74999902211127,0.0,0.0,0.0,64.70588114447764,0.0,-57.99999650754051,47.7611942891854,71.42857095340686,-9.999997764825855,0.0,5.0,6.0,19.63713778099908
12-02,40.00000223517415,70.54545362182884,0.0,0.0,0.0,64.70588114447764,0.0,-57.99999650754051,47.7611942891854,79.99999860301611,-9.999997764825855,0.0,5.0,6.0,19.584377968442983
12-03,40.00000223517415,79.74999902211127,0.0,0.0,0.0,64.70588114447764,0.0,-57.99999650754051,47.7611942891854,79.99999860301611,-9.999997764825855,0.0,5.0,6.0,20.35142341846652
12-04,40.00000223517415,79.74999902211127,0.0,0.0,0.0,3.999993294477313,0.0,-57.99999650754051,47.7611942891854,79.99999860301611,-9.999997764825855,0.0,5.0,6.0,15.29259943096649
12-05,40.00000223517415,79.74999902211127,0.0,0.0,0.0,3.999993294477313,0.0,-57.99999650754051,47.7611942891854,79.99999860301611,26.666669978035692,0.0,6.0,5.0,18.34815507620495
12-06,40.00000223517415,79.74999902211127,0.0,0.0,0.0,3.999993294477313,0.0,-57.99999650754051,47.7611942891854,79.99999860301611,26.666669978035692,0.0,6.0,5.0,18.34815507620495
12-07,40.00000223517415,79.74999902211127,0.0,0.0,0.0,7.692303559219353,0.0,-57.99999650754051,47.7611942891854,79.99999860301611,21.428572188834753,0.0,6.0,5.0,18.21933944916671
12-08,40.00000223517415,79.74999902211127,0.0,0.0,0.0,7.692303559219353,0.0,-57.99999650754051,47.7611942891854,89.9497481263802,21.428572188834753,0.0,6.0,5.0,19.048485242780387
12-09,40.00000223517415,79.74999902211127,0.0,0.0,0.0,7.692303559219353,0.0,-57.99999650754051,0.0,77.77777576566102,21.428572188834753,0.0,5.0,6.0,14.054054688621669
12-10,25.0,79.74999902211127,0.0,0.0,0.0,7.692303559219353,0.0,-57.99999650754051,0.0,77.77777576566102,21.428572188834753,0.0,5.0,6.0,12.804054502357154
12-11,25.0,83.79999982118606,0.0,0.0,0.0,0.0,0.0,-57.99999650754051,0.0,77.77777576566102,42.857144377669506,0.0,4.0,7.0,14.286243621414672
12-12,25.0,83.79999982118606,0.0,0.0,0.0,0.0,0.0,-57.99999650754051,0.0,77.77777576566102,42.857144377669506,0.0,4.0,7.0,14.286243621414672
12-13,25.0,83.79999982118606,0.0,0.0,0.0,0.0,0.0,-57.99999650754051,0.0,77.77777576566102,42.857144377669506,0.0,4.0,7.0,14.286243621414672
12-14,25.0,83.79999982118606,0.0,0.0,0.0,0.0,0.0,-57.99999650754051,0.0,77.77777576566102,35.714283433495744,0.0,4.0,7.0,13.691005209400195
12-15,25.0,80.00000074505806,0.0,0.0,0.0,0.0,0.0,-57.99999650754051,0.0,77.77777576566102,35.714283433495744,0.0,4.0,7.0,13.37433861972286
12-16,25.0,71.00000126659867,0.0,0.0,0.0,0.0,0.0,-57.99999650754051,47.7611942891854,77.77777576566102,35.714283433495744,0.0,5.0,6.0,16.604438187283357
12-17,25.0,83.79999982118606,0.0,0.0,0.0,7.692303559219353,0.0,0.0,47.7611942891854,77.77777576566102,28.57142781116525,0.0,6.0,5.0,22.55022510386809
12-18,25.0,79.00000059604643,0.0,0.0,0.0,24.05063123259434,0.0,0.0,47.7611942891854,77.77777576566102,47.142856686699155,0.0,6.0,5.0,25.061038214182197
12-19,25.0,79.00000059604643,0.0,0.0,0.0,24.05063123259434,0.0,0.0,47.7611942891854,52.222218542923,38.33333116024728,0.0,6.0,5.0,22.197281318416373
12-20,25.0,79.00000059604643,0.0,0.0,0.0,24.05063123259434,0.0,0.0,0.0,52.222218542923,38.33333116024728,0.0,5.0,6.0,18.217181794317586
12-21,25.0,79.00000059604643,0.0,0.0,0.0,24.05063123259434,0.0,0.0,-11.666657935517945,52.222218542923,38.33333116024728,0.0,5.0,6.0,17.24496029969109
12-22,25.0,79.00000059604643,0.0,0.0,0.0,24.05063123259434,0.0,0.0,-11.666657935517945,52.222218542923,38.33333116024728,0.0,5.0,6.0,17.24496029969109
12-23,-50.0,70.00000111758708,0.0,0.0,0.0,24.05063123259434,0.0,0.0,-11.666657935517945,52.222218542923,38.33333116024728,0.0,4.0,7.0,10.244960343152814
12-24,-50.0,70.00000111758708,0.0,0.0,0.0,24.05063123259434,0.0,0.0,-11.666657935517945,52.222218542923,38.33333116024728,0.0,4.0,7.0,10.244960343152814
12-26,-50.0,62.5,0.0,0.0,0.0,24.05063123259434,0.0,0.0,-11.666657935517945,52.222218542923,38.33333116024728,0.0,4.0,7.0,9.619960250020556
12-27,-50.0,62.5,0.0,0.0,0.0,24.05063123259434,0.0,0.0,-11.666657935517945,51.111109271461494,38.33333116024728,0.0,4.0,7.0,9.527367810732095
12-28,-50.0,62.5,0.0,0.0,0.0,24.05063123259434,0.0,0.0,-11.666657935517945,51.111109271461494,37.815126681780704,0.0,4.0,7.0,9.484184104193217
12-29,-50.0,37.49999767169353,0.0,0.0,0.0,24.05063123259434,0.0,0.0,-11.666657935517945,51.111109271461494,37.815126681780704,0.0,4.0,7.0,7.400850576834342
12-30,-42.8571415900373,37.49999767169353,0.0,0.0,0.0,24.05063123259434,0.0,0.0,-11.666657935517945,51.111109271461494,37.815126681780704,0.0,4.0,7.0,7.996088777664567
12-31,-42.8571415900373,0.0,0.0,0.0,0.0,24.05063123259434,0.0,0.0,-11.666657935517945,51.111109271461494,37.815126681780704,0.0,3.0,8.0,4.871088971690108
