,2009,2010,2011,2012,2013,2014,2015,2016,2017,2018,2019,2020,ups,downs,avg
01-02,-29.62962602081519,-0.40431334978657146,-3.3240965763003736,5.611968404273928,4.90740484825055,-2.9101533323753803,7.554070396788914,16.028582772796128,11.809294989875665,-2.1645878252237787,12.552614094263394,-13.1180434234196,6.0,6.0,0.5760929148606403
01-03,-23.899378840113677,-1.3605494548269763,-3.3240965763003736,5.611968404273928,6.7672674567525934,-0.2502738787677723,7.956655589872084,17.3574468953626,11.809294989875665,-1.5066617199148638,14.952434216882555,-17.977162471318984,6.0,6.0,1.3447453843147317
01-04,-20.63686990188659,-1.3605494548269763,-4.339799356784973,7.3222821962707725,5.5121761033840775,-0.3929996829262858,10.343788663929883,17.3574468953626,11.640984085556694,-2.03377090371073,13.376835854872914,-17.164182244997633,6.0,6.0,1.6354451878536456
01-05,-20.63686990188659,-1.088443023904572,0.5352401374890393,12.997901216734489,6.666662602301169,-1.9223819097285157,10.343788663929883,17.734240466587,10.314766102248482,-3.049482491753845,12.71299198093974,-17.48820528147215,7.0,5.0,2.2600173801236774
01-06,-18.79975327107956,-1.179665656683491,2.087039125885516,13.567313420040927,7.5949378003459636,-1.9223819097285157,10.193001134860936,18.879353215269,11.267267929007625,-2.211116252627876,12.100861238245557,-17.48820528147215,7.0,5.0,2.8407209576719943
01-07,-19.375002384185787,-3.009257440050312,5.723020973669423,12.513095545881667,7.5949378003459636,-2.2488242513466283,9.215747377410217,14.68477569199067,10.614523017348764,-1.489115623122192,12.100861238245557,-17.130305141022784,7.0,5.0,2.4328714004303795
01-08,-28.064518590127268,-3.869463376151012,5.6288509214112805,12.650288460320914,7.097656160067588,-1.4140659562265565,8.602475972186447,16.299903910240214,10.87430752944911,-1.489115623122192,10.593850835197898,-11.097494988093398,7.0,5.0,2.1510562712627532
01-09,-20.121958665660735,-3.3441676283879023,5.128212695504281,12.650288460320914,8.52607358646431,-4.379564889219589,9.300235737805718,16.047163780772927,10.87430752944911,-1.870942195976536,8.8508926139316,-23.58269309825789,7.0,5.0,1.5064873272288508
01-10,-22.74144360985889,-5.051934274820296,5.128212695504281,10.716149121767117,6.853022708971626,-5.236365578391335,11.29411809584674,16.047163780772927,11.382903024281578,-1.4470383436309793,8.277742814217184,-23.163173787264643,7.0,5.0,1.0049463872829418
01-11,-19.393944017814867,-5.051934274820296,5.437671989169768,10.20084723780736,5.422795463069796,-5.828773878510303,9.211322278290538,16.047163780772927,9.251211811334297,-0.6006540494626015,8.668777086190186,-21.37705068119236,7.0,5.0,0.998952728736203
01-12,-19.393944017814867,-4.1548590561235965,3.669318713138402,9.292503586349063,5.583529516721512,-5.0253051240652375,9.211322278290538,15.047421646887315,9.05359769622483,0.8574709734463486,10.631675154330065,-18.236988467637545,8.0,4.0,1.3779785749789015
01-13,-18.90909599535393,-4.964544507552786,1.2589959061471256,11.752471568800736,5.583529516721512,-5.0253051240652375,9.692959368997194,17.104920248768526,9.130323425872142,-0.13430486619100054,10.459066046914828,-18.236988467637545,7.0,5.0,1.476002260118463
01-14,-10.542168432438668,-5.268104044341639,-0.2689438580337552,9.796774443954217,5.583529516721512,-7.122195676869488,5.3116351195767635,16.632806143735426,9.973567567904542,-0.13430486619100054,10.459066046914828,-19.211119129976094,6.0,6.0,1.2675452359130537
01-15,-18.88112719093494,-4.135684808163451,-0.8810521976604648,8.46113376192698,7.09382662402004,-6.895320903743903,7.68761026314197,18.8717412467508,9.473179996273801,-0.13430486619100054,10.117364144406046,-11.778712150446582,6.0,6.0,1.5832211599482748
01-16,-22.718442191194235,-4.195802268153112,1.5477240189557324,8.46113376192698,6.378989820913201,-6.826304069551285,7.395112236496023,20.14495850217493,9.473179996273801,-0.13430486619100054,11.171860149485175,-13.346343354134245,7.0,5.0,1.4459801447501637
01-17,-14.002480262367985,-4.195802268153112,1.5477240189557324,8.46113376192698,6.020218070602929,-5.164481997989153,6.54434632130786,21.324796151824387,9.473179996273801,0.7582967315239929,10.943009051949137,-9.713791834430447,8.0,4.0,2.666345645118676
01-18,-8.23529187370749,-4.195802268153112,1.5477240189557324,5.812701443168965,5.874257149449644,-4.697986396312288,6.54434632130786,21.324796151824387,11.089583779574413,2.962133158108045,10.852942747228287,-7.971743636076684,8.0,4.0,3.4089717162806465
01-19,-8.23529187370749,-4.195802268153112,2.223166156409442,4.84042491671075,7.51259457343148,-5.7438411115344365,6.54434632130786,21.324796151824387,11.046931978024773,-0.8413048715581202,10.961512480251,-15.177614842158466,7.0,5.0,2.521659800904005
01-20,-8.23529187370749,-3.2870327404334327,3.1779660503263627,5.034450030146619,9.25842456603318,-5.7438411115344365,6.54434632130786,22.06396757297658,9.685109102894547,-1.4255474487420716,11.24726849880456,-15.177614842158466,7.0,5.0,2.7618503438261506
01-21,-7.678983528524554,0.31891389403066805,2.8270044503190426,0.9750726259707744,9.25842456603318,-5.7438411115344365,6.087482249520887,20.398386746629747,10.621146301145476,-0.9781398968173396,11.24726849880456,-15.177614842158466,8.0,4.0,2.6795933294516288
01-22,-11.78510097323266,2.606317239596556,-0.5527175095087653,0.9750726259707744,9.25842456603318,-5.163142938583508,8.820888928565708,17.269982761940636,10.216720038206931,-0.9781398968173396,11.24726849880456,-15.656409086113387,7.0,5.0,2.188263687905223
01-23,-7.470590928021599,1.1494252873563218,0.7553516817124165,0.9750726259707744,10.455756626396157,-4.816679249774368,10.588933905545506,17.46272403513802,10.216720038206931,-2.2056032591884165,9.739684557214492,-15.267867129733519,8.0,4.0,2.631910682568559
01-24,-12.637373066116648,-0.1397330582439617,0.7553516817124165,2.329352216430146,9.16891976178645,-2.6183696971276684,9.729248433148028,18.350000381469727,10.859731343210358,-1.7254452378670533,10.868929547742978,-12.704975866362858,7.0,5.0,2.6863030366484932
01-25,-12.637373066116648,-0.1397330582439617,0.5035704558018976,-3.132125063419887,9.78647197682266,-3.5311293955204457,9.567806728671325,18.350000381469727,9.43305132797018,1.1157340027809488,10.858476456295834,-10.65573596577225,7.0,5.0,2.459917898394948
01-26,-12.637373066116648,0.32603491878399105,1.0593220167754542,-5.165416834837331,11.787907844134345,-1.3903789932435655,9.567806728671325,17.224998474121097,10.488334477650756,1.9509461966078818,9.575557341362591,-10.65573596577225,8.0,4.0,2.6776669281781365
01-27,-14.28571594919652,0.5602280056301512,1.0147982029146383,-7.351226801342844,11.710527042272705,-1.3903789932435655,9.65722755528156,16.081794581492755,10.267539079038887,3.730929580940676,10.430605748861057,-10.65573596577225,8.0,4.0,2.480882673906437
01-28,-16.327760536476045,2.0737361618345704,3.225807496220317,-6.5564122288421744,11.710527042272705,-1.2121217890753866,13.260483432317177,16.154800322739586,7.98065141193621,2.4944157150753536,10.430605748861057,-11.358316994867243,8.0,4.0,2.6563679818330104
01-29,-11.449446723698944,3.075488702558478,2.085105409013464,-4.8837216007444875,11.40350246106541,-0.14342386662866102,10.267065025192283,14.734479574869065,7.98065141193621,2.4944157150753536,9.208609562226572,-9.176669887021493,8.0,4.0,2.9663379819869387
01-30,-6.865669364359841,1.5413354790188976,2.870410678962154,-4.8837216007444875,13.448279037203328,-0.6524113960865547,11.015442274954948,14.193542219091793,7.98065141193621,2.6247204307000467,7.844563326251723,-5.86105941410755,8.0,4.0,3.6046735902350564
01-31,-11.569225604717548,2.8571466241248835,2.870410678962154,-5.9883647302865,13.284609295708654,-0.29197052853953964,11.87739655289882,13.980096580161927,7.255139324557777,1.2516312053502965,9.493396680897721,-5.6635622047680805,8.0,4.0,3.2797253228625447
02-01,-7.916666572056115,2.8571466241248835,0.970879883494736,-2.5309270990569352,9.66898694197174,-0.98504363103513,10.985413865124162,13.980096580161927,9.471678959729708,1.007652386620243,9.525874708755753,-4.083883757421896,8.0,4.0,3.5792674075344224
02-02,-7.916666572056115,1.9354841545040236,0.8081690013095073,-7.997670206377804,11.281832856482234,-0.98504363103513,10.985413865124162,15.37313479574147,7.6941398408819985,3.042677472946437,10.48571450369699,-3.455847964535661,8.0,4.0,3.4376115097235096
02-03,-8.92857183404522,2.4953744150151005,1.5378069743616818,-12.84848993474787,9.81704943292763,-0.98504363103513,10.151830401672061,13.30835984492422,8.518170173118662,7.533992304433321,10.48571450369699,-3.455847964535661,8.0,4.0,3.1358620571488154
02-04,-6.060611449738362,1.892291535407275,-5.715591916016661,-10.208949758045707,9.81704943292763,-1.0215275016571874,11.428566725075436,13.974459775627398,8.147269428725053,7.973666031488415,10.48571450369699,-5.554036140229363,7.0,5.0,2.9298583889384098
02-05,-10.696821116820203,4.932944543562226,-4.864864354009391,-11.608210777926052,9.10307461878135,0.24955328601839294,8.464331890636739,17.254213403338902,8.3214843784621,7.973666031488415,8.971426827566964,-7.914971141984084,8.0,4.0,2.5154856324262798
02-06,-16.34069457572926,5.263159816014776,-4.864864354009391,-11.608210777926052,8.489721580781291,1.1134297055416045,10.524727946856524,19.87289439853059,8.3214843784621,7.717632035754904,10.977337347734949,-5.830703849070918,8.0,4.0,2.8029928044117605
02-07,-11.97754207143288,6.603780544792732,-4.864864354009391,-11.064085987976556,6.715727230191979,0.9342576516525328,12.984327473186832,19.439666046633807,7.325747108182753,9.754754897320133,10.9246142055196,-6.526866836291168,8.0,4.0,3.3541263256475315
02-08,-13.24921344434062,6.603780544792732,-6.801794007385736,-11.89750357264217,8.585628967843377,1.6815366553927569,12.518587148701613,19.439666046633807,6.161925202230438,11.452613133934328,10.19534862570263,-5.718231080656293,8.0,4.0,3.2476953516839053
02-09,-13.24921344434062,4.009435617359247,-4.408556244472976,-12.743903665866007,9.363800094820522,0.6932435365509148,12.518587148701613,18.530344938082184,3.557502563115857,8.64104391285129,10.792483812459807,-4.7058857909881935,8.0,4.0,2.7499068731894702
02-10,-8.201887733582511,3.9906033078262007,-4.385965059044991,-13.531969103558016,10.128834577798512,0.6932435365509148,10.28843556922076,16.35394820697132,6.252959055704338,8.730607285665046,9.149763220963218,-4.7058857909881935,8.0,4.0,2.89689058946055
02-11,-5.304883289450745,3.1190919289766823,-7.483288822869422,-12.13053781477272,10.128834577798512,-0.5545921847365964,7.269398124926085,14.169293532925026,6.232229906557094,8.422437746768367,9.149763220963218,-4.227091698748915,7.0,5.0,2.399221269028049
02-12,-2.3738849226980485,1.1594283556572973,-9.016015006687068,-8.911482250648664,9.462465777242867,-0.9715499292520572,3.806020898638652,14.447071300470087,7.047216400062012,8.422437746768367,9.279241209485653,-6.4683609197279965,7.0,5.0,2.1568823882759247
02-13,-0.5353965225890336,-3.746253660594464,-5.819633285749887,-8.911482250648664,10.013235333587028,-6.114329129437484,6.628155505110465,11.01087254548412,7.047216400062012,8.778841089132893,8.866643593589671,-2.534565976581129,6.0,6.0,2.056941970113794
02-14,0.9146318415812014,-2.7709124129612888,-5.819633285749887,-7.117228366792741,7.502293006435076,-8.14463666156856,6.444723303383185,11.457233448287845,7.517032618932619,8.682801903190695,9.338910969985909,-5.009715143851042,7.0,5.0,1.9162917684060845
02-15,1.2158100526660096,-2.7709124129612888,-6.352733410197817,-7.138612736845675,7.432745305208827,-7.549909188048241,4.3111503690341415,11.457233448287845,7.560860135628915,7.835130287562728,8.900075010492476,-3.4344320570236238,7.0,5.0,1.7888670669836908
02-16,1.2158100526660096,-2.7709124129612888,-2.862025120294956,-7.696823917209865,8.685765653898361,-6.162663284693551,4.3111503690341415,11.457233448287845,6.67293247403456,8.607925743196871,10.357655966268254,-0.9324357316300677,7.0,5.0,2.57363443671636
02-17,1.2158100526660096,-2.2954045082714587,-2.312629547566293,-7.076562236377366,8.22668787066572,-6.162663284693551,4.3111503690341415,9.591566051305918,6.812312771126227,7.428780360793237,10.048813446308822,-0.9324357316300677,7.0,5.0,2.4046188011134446
02-18,1.8126842954092481,-0.24569649200633484,-2.080686600174844,-6.930696148922047,8.22668787066572,-6.162663284693551,1.1412675903207876,9.3298273541169,10.71838008183432,8.569326509528919,10.048813446308822,-0.9324357316300677,7.0,5.0,2.7912340742298216
02-19,0.2375351256822679,-0.7352922614470139,1.0208412113213268,-7.93651007233684,8.22668787066572,-0.3929996829262858,1.787364900060224,9.890680422083069,9.345137114408647,8.569326509528919,10.048813446308822,-4.116846252873592,8.0,4.0,2.9953948608729384
02-20,4.340378177884058,-2.160805595068344,-0.2585151902533084,-7.93651007233684,5.995420792090012,0.6507603259897423,-0.4345108142282757,8.766404951056732,9.345137114408647,8.569326509528919,5.865102901743015,-4.614540058064777,7.0,5.0,2.3439707535624645
02-21,9.142859322684153,-4.202971220934808,-0.2585151902533084,-7.93651007233684,9.500000693581322,-0.5803404032759076,-2.884310204176386,8.502245891619426,9.345137114408647,3.8332737419999785,4.31498059231944,-4.2409168679496085,6.0,6.0,2.0445777831405088
02-22,13.586956803424602,-4.202971220934808,-0.2585151902533084,-9.25708541818396,8.473806586339629,-1.3314102903754599,-2.7215148500670074,8.502245891619426,8.129891589497088,5.630960508157972,4.445409503844084,-1.4199045578953136,6.0,6.0,2.464822446264412
02-23,13.586956803424602,-3.2803658746298097,-0.6151115476298721,-12.387260837336413,11.227745785508155,-1.0768098725348922,-2.7215148500670074,9.212950369475355,7.61665539359089,2.5211610747842825,2.401427169534174,-2.8231957469032976,6.0,6.0,1.97188648893468
02-24,9.239124406713497,-3.6315817581979855,-2.038108099428894,-15.440286355382307,10.820718756496117,-1.0768098725348922,-3.1329106302755014,3.107717322201156,6.136101363417731,3.8433249568531656,5.170681191855811,-2.8231957469032976,6.0,6.0,0.8478979612345494
02-25,10.335197882097082,-8.657533828526327,-1.9572977892233785,-15.578822181666267,10.820718756496117,-1.7946876850182905,-3.2258025977216,3.663007538368547,5.019658089112847,2.5894176262037294,5.170681191855811,-1.4535195552409723,6.0,6.0,0.4109181205614412
02-26,18.399998982747395,-6.631299600549599,-3.5149351011225787,-16.874228405600196,9.812010279918503,-1.0035867042074813,0.5541881395094003,3.5928171663562565,3.3199901268775283,2.5894176262037294,5.746792231357789,-4.518281643558041,7.0,5.0,0.9560735914943922
02-27,15.227878053637097,-7.387860486360798,-2.7026979836565004,-16.874228405600196,7.92399949267001,-2.0415461793217857,-0.3704814268169336,2.187500310440846,3.3199901268775283,4.769004021492495,5.683144605630182,-2.4063469386350085,6.0,6.0,0.610696265863078
02-28,21.69311910342906,-2.829709146213349,-2.7026979836565004,-15.691161529038078,8.012966790224693,-2.636265689930205,-1.8558566042045916,3.7416685477823086,3.3670832683628222,8.838883735098904,3.4558508986854632,-0.4681315987095892,6.0,6.0,1.9104791493192443
02-29,0.0,0.0,0.0,-14.057697234356349,0.0,0.0,0.0,3.7416685477823086,0.0,0.0,0.0,-5.269086625654822,1.0,2.0,-1.298759609352405
03-01,17.45677669362556,-2.829709146213349,-0.6974709838152243,-14.417180929227534,9.26940098016819,1.6508581829646496,-4.739184942137996,1.2301372029861786,2.8362106452139617,10.553755923428696,3.1088854058692714,-5.447361807936078,7.0,5.0,1.4979264354105275
03-02,17.45677669362556,-2.9812946839044456,-1.4718621081090142,-18.02030527501704,9.737317146554606,1.0600680040573285,-4.739184942137996,2.470404192986376,5.6419789235981765,9.886342255214878,2.6823872302935885,-5.447361807936078,7.0,5.0,1.356272135768828
03-03,16.341328808176254,-3.76884429335176,-4.164843424735277,-19.58896084900413,8.74542048565777,1.0600680040573285,-2.7989794714326917,1.6238840411971316,6.055000934058634,7.358283375169788,3.2669254133380274,-6.84447986500946,7.0,5.0,0.6070669298434676
03-04,16.483521032500168,-5.803113386049947,-4.403346720888786,-19.89698106498956,8.74542048565777,-0.24735549137817736,-1.2496143294385125,3.045947997032926,8.346525001410773,7.172762797777987,3.2669254133380274,-13.649425586600154,6.0,6.0,0.15093884569771024
03-05,21.09589250120398,-8.31169029334923,-3.290916936686071,-19.89698106498956,8.24175469086368,0.0,-1.9547039313160373,2.6213297522238705,8.30504250508648,7.172762797777987,3.1936716040896505,-11.063759240116246,6.0,6.0,0.5093668653990423
03-06,21.7066650390625,-13.351065589055226,-3.1551324729703114,-16.419834092598528,6.8045955964888645,-1.2380628786781904,-2.422902875325001,1.728653331945202,8.30504250508648,6.990715694982558,5.14854324108668,-4.957101150102908,6.0,6.0,0.7616763624935102
03-07,24.708995611382452,-12.453818511809153,-3.1551324729703114,-19.201027411990978,5.730128493956068,-0.9138780828149972,-2.5649096646377503,1.728653331945202,9.278114056430416,6.2156203387288835,3.974188278994831,-0.4700082727362086,6.0,6.0,1.0730771412065376
03-08,25.69190691540884,-12.453818511809153,-2.6292742747310904,-21.595330137679152,5.601474665935954,0.945048864710298,-2.597002048907858,2.2262924759743017,9.581245371076557,5.62168038914522,6.2040045791779495,0.30178493291941344,8.0,4.0,1.4081677684351062
03-09,25.69190691540884,-10.817937490903606,-1.5948229298156562,-20.4266246877364,4.777066692121123,2.2114764519229846,-2.597002048907858,1.2539173394538563,10.029239434995914,6.630331992310734,6.5242265009116664,0.30178493291941344,8.0,4.0,1.8319635918900845
03-10,23.916449164177894,-14.905148435136814,-2.261641889741881,-24.75115871115375,5.550539488744492,2.2114764519229846,-1.34543278314639,3.229118712067495,9.657184114141074,5.630716248803897,7.413720990206722,-0.28806458172447125,7.0,5.0,1.1714798974301046
03-11,23.759787611994486,-14.718621688742573,-5.724671584639267,-26.005356172426875,5.550539488744492,2.591568715133137,-1.0951260915035612,1.5101104612141851,7.55958700120884,5.110298742678621,7.413720990206722,4.759946705174351,8.0,4.0,0.8926486815868797
03-12,20.31250217308592,-18.725768481892022,-5.022832879590472,-26.005356172426875,5.0090280595430166,3.1444361804388685,-2.6908655662927803,1.9944481276298875,7.685330634189304,5.110298742678621,6.788817156763949,13.644426081432046,8.0,4.0,0.9370386712966224
03-13,19.525069203034285,-19.6629221911022,-4.261108598433328,-26.27345882204348,2.1660629311438533,5.006902283944682,-2.404297079590441,2.3150527045424942,7.685330634189304,5.9558852713,6.1355022007242574,12.12491530232757,8.0,4.0,0.6927444866697501
03-14,17.622305845005098,-20.67988497120552,-4.261108598433328,-25.402137994627466,1.4148766230091885,5.402614327864048,-5.291858594385618,2.3150527045424942,8.592157930367204,5.735299005640282,3.942243114705551,16.59864049379517,8.0,4.0,0.4990166571897594
03-15,17.665617925787497,-20.67988497120552,-0.7252939768159433,-26.76150944673839,-0.6906147818645564,4.73433674421312,-4.024088677450117,1.4091629331622642,7.277259215723852,5.598103001973362,4.022824188598637,17.39657728969483,7.0,5.0,0.4352074537565856
03-16,17.665617925787497,-26.11898419256419,1.8132349420398584,-29.619562347720667,0.0,5.506760294285848,-4.024088677450117,-0.1761441667531389,6.622519902370233,5.132871797075874,4.611687683746552,17.39657728969483,7.0,5.0,-0.0991257957906182
03-17,16.40378950653422,-24.929176847748078,-2.1412268656866864,-27.266667683919266,-0.7870373763501667,5.506760294285848,-2.344739491889809,0.8012010661668527,5.686233446923442,3.5516129020876748,2.005518532743531,16.938417800700805,7.0,5.0,-0.5479428930126362
03-18,14.278212190491374,-20.108994317972158,-1.3957739129658149,-31.11263463198751,-0.7870373763501667,5.4391911810901865,-5.0364275196637545,2.425609352313272,5.49575867142658,5.611879425461309,2.005518532743531,19.267137229501692,7.0,5.0,-0.3264634313259555
03-19,15.299097316181667,-16.75675881875528,-1.4627656538921372,-31.11263463198751,-1.3888853322331935,7.7000370933642355,-4.86400146484375,2.1532218959046063,6.119196275550273,5.611879425461309,1.9183254492927424,17.53255295104515,7.0,5.0,0.06243870875734251
03-20,20.185376214694774,-19.96645285088363,-4.092767748512394,-31.181317520680032,-0.3174675945348621,7.974639454140612,-5.30833449536501,3.4823407976344165,6.119196275550273,5.847218064427914,4.120178569304096,23.416827102824346,7.0,5.0,0.8566196890500422
03-21,17.171715906768025,-14.095753369260475,-4.092767748512394,-33.403061068407844,-1.1004116322558286,8.483636841081612,-5.99048949398493,3.4823407976344165,6.346681013723713,6.846876232373476,4.265393807929246,22.352173658708768,7.0,5.0,0.8555279121498153
03-22,15.0699115893015,-14.095753369260475,-3.410641236045195,-33.42736014884313,-1.1861324269018645,7.282534924222442,-4.794731390200735,3.655231651226832,5.9881542874871325,6.036979741785935,5.757963855265398,22.903225806451612,7.0,5.0,0.8149486070407868
03-23,15.0699115893015,-14.521284895604108,-2.352943207185094,-31.619180557185697,0.1834816953145192,7.031777988745353,-4.794731390200735,3.283955138406636,6.015885941155977,7.591760035112974,4.930478683566883,22.903225806451612,8.0,4.0,1.1435280689899852
03-24,16.882445981583764,-13.62661479987983,-0.9370860921515796,-35.232061751953346,-3.0303000199675556,7.031777988745353,-6.549671459046996,3.9512169070360135,5.130558145431533,6.502764041371624,6.154496965674957,21.29032258064516,7.0,5.0,0.6306540406240919
03-25,14.728683851598227,-18.82022766885769,0.0,-30.90537843115832,-3.0303000199675556,7.200808540434019,-5.695198530534447,2.7552342055116696,4.706159290928719,7.279150252572056,6.154496965674957,19.397609777251933,7.0,5.0,0.314253186121131
03-26,10.124520852216207,-19.707206953230763,0.4906360837521716,-30.90537843115832,-3.4564370891512968,6.5856154094699315,-6.507520523489236,2.6594479557318524,5.228312683598639,7.279150252572056,4.584037704838933,11.526318600303247,8.0,4.0,-1.008208621212214
03-27,11.728396118855866,-21.034868541525217,-0.8589449344504141,-30.63309109745325,0.3738314258509739,6.042299728399709,-6.601622046493902,2.898551539456677,5.228312683598639,7.915193750905654,6.188156712761325,11.984671852867207,8.0,4.0,-0.5640927339355611
03-28,13.055715187024276,-22.342241450166153,-0.8589449344504141,-28.639456413417694,-0.8341070704919111,6.452692460788393,-7.043619552301223,2.898551539456677,4.999996951725875,5.803571428571429,6.5589617786497865,9.093296067934297,7.0,5.0,-0.9046320005563876
03-29,12.711869246838706,-22.342241450166153,-2.6220610384305734,-27.34749643172856,0.3657975337730207,5.451502279473019,-5.543172068491986,1.7194811561821992,4.257288525263851,5.759714504274684,5.83679259001155,10.72396152752908,8.0,4.0,-0.9190469687892632
03-30,12.711869246838706,-21.944289805953574,-4.869251167025607,-29.56580937634696,1.3134013096954558,4.814815718658762,-5.543172068491986,-2.0608184869486355,3.886436900630024,8.035870899695059,6.593410508987489,10.72396152752908,7.0,5.0,-1.325297899394348
03-31,8.813566700840893,-18.35616647380672,-9.350163894665133,-29.5127057959836,0.7741264846659933,4.814815718658762,-4.173308055950515,-3.8132328139968417,3.4843206192410143,7.38445527448256,6.823791624915647,10.478765442041658,7.0,5.0,-1.885977930796357
04-01,4.548003875526917,-17.820728672734074,-10.023307888384627,-31.22392690583819,0.7741264846659933,4.680138926903852,-4.0420068342814535,-4.8928812666691215,3.5656843989680045,7.071783277473005,6.823791624915647,12.910137439453747,7.0,5.0,-2.3024321283333586
04-02,1.1415568362660995,-15.775550798683332,-9.671448836455584,-31.22392690583819,0.5919816310854065,6.473135372560818,-7.1704225795240175,-6.506025179249924,3.963352340109133,7.071783277473005,6.3716104576434285,12.511657572049234,7.0,5.0,-2.6851914010469944
04-03,-3.776973316787733,-11.581634763179805,-13.288722163035455,-28.372732528245635,-0.2252217808209057,6.566167392875537,-9.049623792030577,-6.534543697745211,3.963352340109133,7.7647459606774385,5.029090105389863,12.46180107845404,5.0,7.0,-3.0870245970282766
04-04,-2.9055661557851202,-13.31607100397104,-13.288722163035455,-20.273965802285034,-2.331953826989793,6.612961262704452,-9.15584339181091,-6.534543697745211,3.3677002733473014,6.909478749969777,5.356405185580666,9.998666047875187,5.0,7.0,-2.9634545435120976
04-05,-1.311080478855882,-13.31607100397104,-12.428300057302515,-15.948855587585008,0.4496420076388285,7.221298274169979,-9.725847263701661,-5.97214658040588,2.5980025887910374,6.289973663134298,5.632249715003577,11.097973490909958,6.0,6.0,-2.117763436014526
04-06,-1.311080478855882,-12.694304973001628,-15.679609137977504,-16.916777408248855,-0.8523939834234382,7.40618201388646,-9.725847263701661,-6.43959034335522,5.816854479045037,5.130966136042338,6.065170111784625,11.097973490909958,5.0,7.0,-2.3418714464079806
04-07,2.3837992223519433,-10.15905369670886,-13.02682629324043,-13.35978518107418,-2.414572942483578,7.40618201388646,-9.693215665358416,-4.45675770836477,5.672793322695693,2.145455100319602,5.884774795243906,10.270553923707256,6.0,6.0,-1.612221092418782
04-08,1.647062862620634,-9.007636092239576,-13.97590177604951,-11.661231033841336,-2.414572942483578,8.767855342020352,-7.947230757457363,-3.4082099417138285,5.918360285626549,2.3939058930639483,5.884774795243906,8.188973902463491,6.0,6.0,-1.3011541218955258
04-09,4.5348875119015215,-10.714287452030426,-11.027333780898127,-11.661231033841336,-3.9635485268578137,7.517311877285729,-9.970768442803204,-1.983215720780856,5.7473847182813165,2.3939058930639483,6.598086539519165,5.011902641988001,6.0,6.0,-1.4597421479310064
04-10,1.7595263958045042,-9.88222391178342,-11.553023341629515,-10.29315885629166,-7.496464975106447,7.801654910253099,-6.578114701139529,-2.0610722366812952,5.7473847182813165,1.3239019773608716,6.944638814230808,9.232728737940043,6.0,6.0,-1.2545185390634357
04-11,4.285714285714286,-8.383837936240994,-11.553023341629515,-13.606343282054336,-11.004790365498199,7.540214438654643,-5.679320421335517,-2.0610722366812952,6.065429250061897,3.52011327896933,6.504284825477464,10.015205592748748,6.0,6.0,-1.1964521593177906
04-12,2.898550724637681,-8.383837936240994,-11.268934972509165,-17.904514433683776,-14.243612630619653,7.650827273092531,-6.71736652442334,-2.5445293114840157,4.260649254704272,5.657389503370669,6.766815592504215,6.531470799332262,6.0,6.0,-2.2747577217766093
04-13,2.898550724637681,-8.131316527215072,-14.721554342303225,-17.088168330620825,-11.132619816299984,7.118645360914327,-6.71736652442334,-0.04977714686850193,4.6045144904153,4.695001620381379,5.979887763500804,6.531470799332262,6.0,6.0,-2.1677276607124334
04-14,5.797101449275362,-10.488805688949107,-14.627011050811449,-11.411205486157849,-11.294231791037419,7.118645360914327,-7.509508489665718,-7.257630084087817,3.4843971410012364,2.725136844777896,5.813474228018461,4.556227249455676,6.0,6.0,-2.7577841931055342
04-15,4.8158662880498495,-9.127581809915156,-12.710637127894838,-9.271520418292912,-11.294231791037419,7.084746279958953,-5.728673807366795,-4.25587754721933,3.747439829495244,2.514015855727862,5.813474228018461,4.329576225277538,6.0,6.0,-2.0069503162665456
04-16,1.9428580147879464,-5.746541058933746,-5.397594405944089,-9.271520418292912,-10.421723768014992,5.364373094903597,-6.228262300424122,-2.702696393681414,1.852707807796506,2.514015855727862,4.697068878945342,6.6570923293165745,6.0,6.0,-1.3950185303177876
04-17,6.992606774112887,-10.126583169860671,-1.532033006870351,-10.927149515539773,-6.9179428734499595,2.5432350146524354,-8.459022396900616,-1.3078482890228147,1.852707807796506,1.573526373984386,2.445770630490314,5.189903754311257,6.0,6.0,-1.556069074691366
04-18,9.116973072809644,-10.184687705140623,-1.532033006870351,-9.319238535501675,-5.965900906559519,2.4966254600416886,-11.051571231102171,-1.3078482890228147,2.5011621663310475,0.8881600145590479,3.248005080382692,8.407530373227987,6.0,6.0,-1.0585686255704212
04-19,9.116973072809644,-10.184687705140623,-3.064066013740702,-3.66855758784224,-1.351976680018403,1.7675066499495966,-11.051571231102171,-2.8923580845728782,0.260110210381136,2.7065535290127216,4.246314447108992,8.407530373227987,6.0,6.0,-0.4756857516605781
04-20,9.116973072809644,-10.290231013628432,-6.360254752343984,-3.7318101407607567,-3.170155588068908,1.7675066499495966,-11.051571231102171,-2.339035071518381,0.9931472559707814,2.6709401781971707,4.246314447108992,8.407530373227987,6.0,6.0,-0.8117204850132049
04-21,8.084861262811309,-11.873350445453957,-2.841674147941255,-1.1934706855971815,-4.782188832383889,1.7675066499495966,-13.228401480909907,3.4043672349005085,3.3215543511676335,4.647010283046441,4.41598115289017,7.911474183932839,7.0,5.0,-0.030527539465641237
04-22,9.943181602669162,-9.230765318259216,-0.4923930599831258,-0.1243036517961439,-4.782188832383889,0.9517358460890244,-11.283923998151224,6.9016144216840605,-0.38040856440321613,5.34067087230944,4.41598115289017,8.038746460403306,6.0,6.0,0.7748289109223626
04-23,5.692925853162887,-10.208328159319237,-1.9990937277694447,-0.1243036517961439,-5.681812537439166,1.5022209638251058,-9.902654153333154,5.062341288134845,0.3775362042935056,5.34067087230944,3.5164259703873024,9.19862583412788,7.0,5.0,0.23121289638198514
04-24,6.128135569447147,-8.947372436523438,-2.79304306817636,-0.932253679973693,-5.48266198654202,2.7008815723918955,-11.613570520636904,4.729728310686671,0.3775362042935056,5.092262066721193,5.3770718724077735,6.8904583943320645,7.0,5.0,0.1272643582023195
04-25,2.6071886267211584,-8.661425679581837,-2.79304306817636,-6.158725799076141,-5.885101531348847,5.245117184243403,-12.714184529376436,4.729728310686671,0.4247293549768341,5.995411331460537,3.716635523343741,8.180435172946057,7.0,5.0,-0.4427695919317681
04-26,1.4076233540028036,-8.661425679581837,-0.045788593461392336,-8.381684190047674,-0.690932898224716,4.930555951080215,-15.687650498057494,5.680681956386057,-1.671843278711884,6.1546449692754175,3.6305475483525753,10.093579305389094,6.0,6.0,-0.2701410044665698
04-27,1.4076233540028036,-5.0918701288767,-0.8964624281805423,-9.453377807060587,-0.5502101887750476,5.942979777780456,-15.687650498057494,4.536288364961929,-2.7170018369065128,7.0738415094617775,4.0821941763447525,10.093579305389094,6.0,6.0,-0.10500553332633933
04-28,3.81231464877376,-2.9022388622101785,-7.139585531839932,-10.93950973898474,1.2606879371401072,5.942979777780456,-15.160046876631107,5.053791333679968,-1.3574652823043931,7.0383756834091455,3.843493306954805,9.906428309726948,7.0,5.0,-0.05339794120876329
04-29,5.405397698107612,-2.2449006402755147,-11.243452291976096,-12.532637823371545,1.2606879371401072,5.358987772526109,-11.339124596637227,6.211487494995384,-2.479534801627482,6.442675982966657,3.843493306954805,6.257920304820106,7.0,5.0,-0.421583304698091
04-30,4.113563049861473,-4.0920776247020685,-11.876484991023231,-12.532637823371545,0.9905417488661538,1.9669809604796955,-7.067362727120463,6.7928262223133675,-1.7447407733605762,6.442675982966657,3.3596021618410457,6.764636182078674,7.0,5.0,-0.5735398025975674
05-01,3.990882134560068,-2.0510247729191224,-11.242320038683948,-12.07572074622651,4.03508818894397,0.21390184518475716,-5.941892432383928,8.042127114700955,-1.7447407733605762,6.979567850440615,3.1558412810170213,8.147215164602244,7.0,5.0,0.1257437346562952
05-02,-0.2289691877478557,-1.4925334893879774,-11.242320038683948,-10.382870845637443,2.411786614109371,2.9473689564487398,-4.576441996759426,8.042127114700955,-4.134798126020858,7.7210236102118674,5.435393301514571,9.114880096859306,6.0,6.0,0.3012205008006075
05-03,1.352111386581206,-1.4925334893879774,-11.05337810181782,-6.801001021716689,3.2541766867475084,2.648305113283848,-4.440845453137496,8.808043113202102,-2.508359344841702,9.513382335825424,5.776866590564199,10.007462465732221,7.0,5.0,1.255352523419569
05-04,1.352111386581206,0.9950286524563188,-10.681925820053069,-4.263318869173043,3.9807516321764203,3.127194020656197,-4.440845453137496,8.78751431770776,-1.7338281595086869,8.82942950946501,5.111296074604117,10.007462465732221,8.0,4.0,1.7559058131255796
05-05,1.4084507042253522,2.4499988555908203,-8.123520445600152,-2.0307687612680287,4.482153175868338,3.127194020656197,-2.269040022480128,8.062949341096473,-2.9917560304791166,10.137259706250024,5.797299333700216,9.820986183625976,8.0,4.0,2.4892671717654977
05-06,-1.882614411086026,3.061226376490177,-8.145657820937899,-3.237860990384279,4.482153175868338,2.3541749490457757,-2.067187712928744,7.255515482154232,-1.5222428561307946,10.003313694402825,5.797299333700216,11.623018946549852,7.0,5.0,2.31009484722864
05-07,0.389536435720385,8.291455528440533,-6.4898100060355715,-3.237860990384279,4.656221567183244,1.659016288811229,-2.5698720397571613,6.749208234967577,-0.8843314931880534,10.003313694402825,7.979809942628116,11.5034431773425,8.0,4.0,3.1708441950109454
05-08,-0.8064495454511428,3.3333313770783253,-5.391465647649484,-1.1207989487017025,6.1531855389815195,1.7951433707180826,-3.93599853515625,7.911770101881959,-0.8843314931880534,9.937065077609631,5.059479129228678,10.586801147953356,7.0,5.0,2.7198109644420767
05-09,-1.9125704702813184,4.314722581477186,-5.391465647649484,0.31037332411428464,8.559323835222214,1.9318554630331772,-3.416346440772928,7.911770101881959,-0.605069383633005,10.97843949526304,5.675896971588613,10.730092541104113,8.0,4.0,3.257251864278988
05-10,1.4791372537323781,4.314722581477186,-6.704173981672106,-2.5173100287104577,7.735040578842825,1.439606228939971,-3.054403675314528,7.935741144204338,2.54704122008684,8.859723475446401,6.860336606973487,9.291872698592227,9.0,3.0,3.1822778418832134
05-11,1.4791372537323781,3.807106451543568,-3.989125518673904,-5.638359784043144,6.370242881569222,1.4742017538368741,-3.054403675314528,5.93056680718572,1.9012280883767956,9.132495076292075,8.320945744007684,9.291872698592227,9.0,3.0,2.9188256480920804
05-12,0.1584822301207524,1.737827630228162,-4.4303775092907784,-8.689656750909213,7.944519648015219,1.4742017538368741,-2.8635110313081897,6.519122214018375,-0.3962661139831503,7.9388786779263905,7.922936386416055,11.352561973942668,8.0,4.0,2.3890599257510967
05-13,4.627654080803001,1.7283969455295138,-4.633028734995596,3.1941058712007813,7.944519648015219,0.0702016775161487,-0.15929004581525635,8.921751018920972,-1.4774884548149818,9.279866302037373,7.922936386416055,10.968709799252686,9.0,3.0,4.032361207838826
05-14,2.5695906552171293,6.537532234423404,-3.4153006888342974,3.1941058712007813,7.18789796559108,1.8724026098137447,-3.091784567024478,6.379892028767131,-0.7216047018098324,9.279866302037373,7.95007554353097,11.247130707428378,9.0,3.0,4.082483663361782
05-15,3.0286913074763606,6.097560975609755,-7.375884132761929,4.361185269504953,9.45273883629754,0.8775008845505093,-4.915365438258372,6.807789360435763,-0.7216047018098324,9.918163191379561,6.05560322614381,11.645122970249863,9.0,3.0,3.769291812401498
05-16,-0.5361950858721098,5.405407178622775,-7.375884132761929,8.215132015692113,9.450459677364282,0.7721983682762864,-2.186496131302124,6.807789360435763,-2.9096834884519267,9.505766697265944,6.7634882653309845,7.507241630297548,8.0,4.0,3.4516020295748007
05-17,2.394581501279045,5.405407178622775,-7.754143388069881,9.239765429585653,9.228191060647447,-0.8150299616631026,3.257223248635825,7.312968337370102,-2.1261801691990567,10.014848430454439,8.223419057056162,8.839233366641883,9.0,3.0,4.435023674280108
05-18,2.394581501279045,7.616713097561302,-10.294824097565538,7.885302944278643,8.67924386463535,-2.0444821353329568,3.257223248635825,9.073591857570348,-0.6643690508421786,9.720616473727748,5.041787111768699,8.839233366641883,9.0,3.0,4.125384848529848
05-19,1.6137401390766009,8.009706737745956,-12.077294240857766,6.412585454234539,9.363295612598217,-2.0444821353329568,2.6788407964763112,8.965518492663852,-0.11256878392392727,8.630706660480419,4.2282783913985735,10.192435012810373,9.0,3.0,3.8217301781141817
05-20,-3.0678132247835017,8.391254607374071,-11.744295817859363,7.641789450574278,9.363295612598217,-2.4748943860393022,1.9631884036942184,7.1394573234606336,-0.7221838973291179,5.929598758645892,4.2282783913985735,9.710176548578618,8.0,4.0,3.0298209808594354
05-21,2.538070967695712,10.465115849254396,-14.99478020247792,7.641789450574278,8.531007431674576,-5.389663142493812,3.6769174487102574,7.241213946830618,-1.018562154438769,5.929598758645892,3.6341091377624863,6.791296609969678,9.0,3.0,2.920509508475616
05-22,4.67806054872734,11.432777329017371,-15.115058905846311,10.029852568213618,9.2175338552431,-5.462491077970136,5.810490712587921,5.559582539142604,-1.018562154438769,6.527682270920815,4.515858825778829,8.588802525947942,9.0,3.0,3.7303774197770263
05-23,3.1090753530028734,12.675378952892366,-15.115058905846311,9.024387662570945,10.49836496275294,-5.826658539018131,6.925372223355877,5.559582539142604,0.29425320782536185,10.052906849166627,4.112435849491127,7.986977306943983,10.0,2.0,4.108084788523355
05-24,5.891091530258198,12.675378952892366,-14.539741931352012,13.684211113372912,12.525173660521595,-8.660252083435983,5.8859061275918885,4.25428660133886,0.271306654141327,11.548386850664695,2.190595416401868,11.221162957838542,10.0,2.0,4.745625487519522
05-25,5.891091530258198,13.88486128998592,-24.002239070646304,13.665683720191385,12.42960610106032,-9.104425034677456,5.8859061275918885,4.700237526649136,1.351652359474938,11.856253789910495,1.2157562141825715,11.221162957838542,10.0,2.0,4.082962292651636
05-26,5.891091530258198,14.320391787919874,-18.01075436969974,12.841366659145146,12.499995208629679,-9.104425034677456,5.8859061275918885,4.768717371216899,0.9724113371902436,13.876053880760109,3.7707550743107814,11.221162957838542,10.0,2.0,4.9110560442070135
05-27,3.6962002138548256,11.008731160886146,-28.828302664369144,13.093859785123806,12.499995208629679,-9.104425034677456,4.566072702801282,3.684968117602191,0.7500041614879261,14.475554253613824,3.7707550743107814,9.334147259714381,10.0,2.0,3.2456300199148536
05-28,3.7392705620654487,10.757354517508869,-24.64087840041527,13.093859785123806,12.499995208629679,-11.403841631340876,3.661888148235152,5.377873743187815,-0.1605497643899398,14.475554253613824,3.7707550743107814,6.266162448521782,9.0,3.0,3.1197869954209225
05-29,3.6224539694016515,12.737924058108135,-31.239085311518625,13.093859785123806,14.217632566788255,-12.040513916705384,5.617639915627332,6.3979368628686455,-0.1605497643899398,14.475554253613824,6.380955702593536,2.7535315375354497,9.0,3.0,2.988111638253891
05-30,-0.25812718066214435,7.835054060062016,-31.239085311518625,15.250290099062223,12.046272415340955,-12.331330474312134,3.526530218812248,6.3979368628686455,-0.1605497643899398,13.04894893769716,4.79432951628058,4.113811881820785,8.0,4.0,1.9186734384218151
05-31,0.6141291382337679,7.835054060062016,-31.239085311518625,16.579408335812296,12.37444756622615,-10.806809869816046,3.1702140374981544,6.3979368628686455,-1.2436686741123844,9.452494486503037,4.733888709581117,6.833412220325526,9.0,3.0,2.0584517968053047
06-01,0.6141291382337679,7.835054060062016,-23.46996311352559,16.930283780407514,11.755233729295018,-10.438951899637583,3.1702140374981544,5.2200362324793605,-1.011956373830159,10.787646427486449,4.5807780235155935,6.833412220325526,9.0,3.0,2.7338263551925066
06-02,-1.3305952372120773,2.0833411978347622,-20.69907714949395,16.09329059241138,11.362715398126836,-10.438951899637583,2.8932052719136965,5.351719716127334,-1.4743132732044717,10.006449825575645,1.4225382200429135,7.9104844464799235,8.0,4.0,1.9317339257470343
06-03,1.0251192239525444,2.866081965099795,-17.823340210618614,16.482874488486278,11.362715398126836,-9.406120175765935,2.5053458792935595,3.688042532485862,-0.9013158898140532,9.098307743382382,1.4225382200429135,6.761312031854008,9.0,3.0,2.256796767210464
06-04,0.0,7.19500024065608,-20.411481309789888,16.482874488486278,11.847959399156633,-9.191582713521306,4.844076697707808,4.420402791859778,0.4559980851715953,9.098307743382382,1.7323990942726673,5.221420904671009,9.0,3.0,2.6412812851710865
06-05,2.635740738525015,8.735862978263281,-19.76305943245028,17.469526147281858,14.285708756526322,-8.900331109823645,7.305248960729202,3.9914941441153697,0.4559980851715953,8.642574344533605,0.5907147369323545,8.5879233125631,10.0,2.0,3.6697834718639815
06-06,6.652700092260121,9.156005514237798,-19.76305943245028,16.391577486989426,13.008132980964891,-9.481815207141857,7.435283353222122,3.9914941441153697,0.6839927790373603,8.680221213052814,-0.8149527131894301,9.09309272651558,9.0,3.0,3.75272274480116
06-07,7.668391713686602,9.156005514237798,-20.73236642293962,15.759317097078904,12.205044789714036,-8.566245646848751,7.323689821656583,4.085969617386946,1.1509865051321926,10.27078971812865,-1.1593824186514037,8.852220380802631,9.0,3.0,3.834535055782048
06-08,7.668391713686602,9.053701378461886,-24.61972303793464,16.48539939303295,10.73469045210858,-9.160584904476986,7.323689821656583,5.545242399680097,0.8942888883057356,10.79590576272992,-2.0465837810375564,8.852220380802631,9.0,3.0,3.46055320558465
06-09,7.927455128386309,8.38541951237442,-25.028188226282946,17.556818668261034,10.332097636232714,-9.160584904476986,6.720914773133585,7.227788571312693,0.5784358929639403,10.5395639375549,-0.2495844402672488,8.346381316464312,9.0,3.0,3.5980431554713945
06-10,8.903754580876095,2.873873811688361,-18.30751924728933,17.180366154317127,10.332097636232714,-9.124087718268731,3.829656934357754,10.139865114443582,1.5549972840018154,11.112848798409107,-0.2495844402672488,7.108607570532575,9.0,3.0,3.779573039919484
06-11,10.277082500369698,-0.7026981663059544,-17.27719895699633,17.180366154317127,9.4710927582999,-7.960743423616582,1.7818058734055915,12.719294460640375,1.4874176533885817,11.112848798409107,-0.9428733767040912,10.649756561420826,8.0,4.0,3.983012569719021
06-12,11.291136922715586,-2.1081048089104732,-15.758229725260492,16.83790345811443,11.878013574474654,-8.42981177698098,1.3011737366993303,11.803120328119142,1.4874176533885817,11.738040599039838,-2.9627626761996786,10.44152706604998,8.0,4.0,3.9599520292708266
06-13,15.114500615835807,-2.6630422895481747,-15.758229725260492,18.43448213859339,11.694505561203586,-8.584942269919738,1.0907929154818148,11.803120328119142,0.5263147327708589,11.160220781555918,-2.674249177533941,10.21114756175186,8.0,4.0,4.196218431087503
06-14,15.071278902548075,-2.6630422895481747,-16.621693521715827,17.746476724114217,11.67204912331679,-7.7785874578713345,2.744482076639312,12.87613854745899,-0.4834321036115367,12.113606270445338,-1.162142050313839,9.258590220283944,7.0,5.0,4.397810370145496
06-15,15.071278902548075,-6.521743412053968,-14.630137404350386,16.46993315381313,9.001639586192761,-7.351354650548988,2.744482076639312,12.058405657754983,0.7368171599715202,12.172289058796105,-1.1731899234449914,9.258590220283944,8.0,4.0,3.986417535466792
06-16,15.885942102061412,-4.834325893672099,-12.384072379770698,17.871151069381433,7.487525273955235,-7.351354650548988,2.8391214644105,10.736334458170711,-1.4055225212159568,13.353023329841024,-2.417643154692465,9.330920010279216,7.0,5.0,4.092591592349944
06-17,14.562111974964399,-3.2856327732413253,-11.657744967302742,18.781160847298192,7.487525273955235,-8.288285538956925,3.49606491449311,10.24852504391642,-2.6554842337399087,13.755215770925972,-2.417643154692465,7.507289028287426,7.0,5.0,3.961091848825616
06-18,13.924050632911394,-6.101507196739299,-11.379500454825372,18.781160847298192,7.2795338325868455,-8.504506703969595,2.1102364607683315,8.070262140230732,-2.631581518990468,13.755215770925972,-3.265937295289698,7.7705223734157265,7.0,5.0,3.317329074026896
06-19,12.601623494813134,-5.376343975757393,-9.556491102984236,16.232684073944686,8.693843897642981,-8.865754699361881,2.747943575735296,7.8734569486378785,-2.631581518990468,14.900197528491594,-3.068002355371852,7.8591409433731965,7.0,5.0,3.450893067514411
06-20,12.339338980654091,-1.1874007861190714,-9.556491102984236,14.958443045510714,11.477462875957055,-9.522082117502203,-2.000002707204511,7.8734569486378785,-2.7014436062198226,14.68358079385134,-2.911680137681982,4.260532987183495,6.0,6.0,3.1428095978402286
06-21,11.977292212986141,-1.1874007861190714,-12.038007998980868,14.608004883156875,11.101661356622188,-8.076781937484839,-0.4128328645923589,6.446239356459496,-2.5151417456797933,13.027173969391134,-2.382277951453326,6.481709663136058,6.0,6.0,3.085803179786803
06-22,11.977292212986141,-0.8260187944237676,-11.510032965710526,15.423443700320547,15.55371175888709,-7.183908006602824,-0.4128328645923589,6.517606134149217,-0.36588120074772607,10.419953359996065,-2.3974440683786566,6.481709663136058,6.0,6.0,3.639799910751605
06-23,9.65410819934382,-2.219919355688404,-12.718340406765009,18.404908725976238,16.213986627209405,-7.183908006602824,-1.2067356966568217,4.651160685479564,0.0,11.29515683286366,-0.8049062937610291,5.6685067417769375,6.0,6.0,3.4795015044312945
06-24,10.944763796496053,-0.3064324115228406,-14.071194388533502,19.393937069263657,16.213986627209405,-6.5732755519972415,-0.2222918238583816,13.162790342818859,0.6111372926632613,10.103916501856089,-0.8049062937610291,9.184405707867187,7.0,5.0,4.803069739041793
06-25,6.810986690352433,-0.7110177036627389,-21.9612426325442,19.393937069263657,14.979421826882124,-7.585703566442825,1.0588606232485775,11.424612048214454,1.2814741472354807,10.103916501856089,-0.38199013320526776,5.831481440984646,8.0,4.0,3.3537280260152027
06-26,9.090909090909092,-1.563310206938873,-17.67705896128061,18.402199829820358,15.137804961005273,-7.4302255372342225,0.7530645501939995,11.771482672917344,1.2814741472354807,11.41486726896397,-0.9067124940426472,6.01153404178467,8.0,4.0,3.8571691136111537
06-27,10.936708088162579,-0.3604515682245933,-17.67705896128061,17.84547839533237,14.379087106151587,-7.275372923434002,6.613594174842785,11.771482672917344,1.0116923731353715,10.951842841599872,1.3091491347353328,5.657136742178233,9.0,3.0,4.596940673009688
06-28,11.60803773981675,-0.3604515682245933,-17.563741917677532,18.699625909603366,13.760714427850314,-7.899527231655239,6.124966376304308,9.652150751985713,3.852147735725316,10.915553209944846,-0.2621808171737279,9.478397530710042,8.0,4.0,4.8338076789341295
06-29,11.60803773981675,2.368697167940868,-23.935569364994446,13.88888946603382,11.692054530851932,-8.017488384740572,6.124966376304308,7.620823708697528,6.355179232909653,9.492344016227678,-3.3149929388548527,9.478397530710042,9.0,3.0,3.6134449234085593
06-30,12.361804681553767,2.6707682010978373,-31.26110643841421,15.31914509384257,12.733926649641239,-8.017488384740572,8.094801268841746,3.3151733989043337,7.375083860077276,9.319286756725258,-4.598688053524748,7.429645044060135,9.0,3.0,2.8951960065053863
07-01,14.146339602586698,0.7633568521234032,-34.254813533739444,15.31914509384257,12.733926649641239,-7.21574163156017,7.893940723955332,2.8530687678519158,8.525441948611762,10.336539431436504,-4.598688053524748,5.750531995152793,9.0,3.0,2.6877539871981546
07-02,14.545459146608186,3.6628175165995787,-32.112847721909034,15.31914509384257,14.076481266119444,-6.625415535733419,8.253773342844816,3.8369358742083017,8.045474792599821,10.336539431436504,-4.784356275525976,7.7564916654980625,9.0,3.0,3.525874883049072
07-03,12.864075579891846,7.090468013904524,-28.338196609056578,14.414889332178376,12.862391375949167,-7.630815212713032,9.460300823887007,4.364421220452018,8.045474792599821,9.67948840998409,-3.0439025684914465,6.35784059110044,9.0,3.0,3.843869645807185
07-05,16.705329937692095,7.18123772674225,-28.338196609056578,16.489928471394627,15.005957151667529,-4.3649348123530665,10.43264683219183,4.364421220452018,8.109275694678969,7.998053786489337,-4.542799666874285,8.39306605344563,9.0,3.0,4.786165482205862
07-06,16.705329937692095,7.18123772674225,-24.94279590692575,17.543856091200677,14.25750653184052,-4.215792478831599,10.43264683219183,5.5319153541207,8.56082530086456,6.98274170869283,-2.6560054873247245,8.39306605344563,9.0,3.0,5.314544305309084
07-07,19.907188677765696,7.792839410660656,-28.885038441725868,16.577249464018646,16.339119667858213,-4.215792478831599,10.463331793330259,5.253105794723566,8.873793363763989,6.1680449167167675,-1.3248801717242904,9.27167241972995,9.0,3.0,5.518386201357164
07-08,20.697677967160246,4.937078728446545,-29.98215987893725,17.50663195730696,16.339119667858213,-2.8938887908752005,13.349591236776892,5.3740539004781285,7.551731899504308,4.1508220366483455,-1.3248801717242904,7.60806740532691,9.0,3.0,5.276153829830816
07-09,19.04096945880136,6.57768918435116,-23.61602083031449,17.50663195730696,15.953761754449047,-3.5943068155538915,10.686544807289048,4.383692191783163,6.605866251077338,4.1508220366483455,-2.198738907806156,8.454135024617473,9.0,3.0,5.329253842720779
07-10,19.3834640266562,7.081756718780312,-26.141830174439878,17.55968356833858,13.546132258625185,-1.3167221596507799,6.2248379433005345,4.966031857771926,6.605866251077338,3.9027626305778367,-0.5281513536211261,7.855720638941992,9.0,3.0,4.92829601719651
07-11,20.272723111239348,7.037572045942883,-26.141830174439878,17.767040338428984,11.249518244134533,-0.42964171347512775,2.9775120150277568,4.966031857771926,7.606757648103334,6.281446021012597,-1.9271653907224096,6.9218052880551415,9.0,3.0,4.715147440923258
07-12,19.2820925677653,7.037572045942883,-26.50240390126169,18.119021799718254,12.743571618116984,-3.4482787268520214,2.23428268319207,3.4434234089812223,6.7736204170616565,3.834853983246208,-1.8500285738666773,6.987722006192128,9.0,3.0,4.054620777353025
07-13,19.2820925677653,4.945320406897401,-34.498096468460346,14.162161543562608,11.826293276991978,-6.741569983619662,2.23428268319207,2.497082223866207,7.081018159229447,2.5914413636557017,-2.039400458935973,6.987722006192128,9.0,3.0,2.3606956100280714
07-14,19.604235244468033,2.6634346112384684,-32.46998998370861,14.431328693482516,11.860463397017588,-6.741569983619662,1.659752502489507,3.184562801736388,5.197690201676483,3.220588524002959,-4.015377417101901,5.984418817011606,9.0,3.0,2.0482947840577803
07-15,17.056073287822567,5.078309019088695,-28.431970841653985,14.247314612125795,11.860463397017588,-6.067411556532169,-0.06487336300086384,2.225384479294296,5.477619890516236,3.9357441974930976,-4.015377417101901,4.759645615252502,8.0,4.0,2.171743443360155
07-16,14.529104669935247,5.7692254788774875,-23.199528815094038,14.247314612125795,11.395343851350999,-7.072984071342589,-0.35655981083553306,3.1036908834024697,4.4349335596846435,3.9357441974930976,-3.6309202626736425,5.552965548816198,8.0,4.0,2.3923608201450106
07-17,16.80556020373662,5.147759519879065,-25.647200917180875,12.634410393942346,10.930231698508791,-6.664158484013997,-2.4013143138046558,4.958490534166701,4.4349335596846435,2.8594357900351404,-2.2454681713777034,4.980128700766926,8.0,4.0,2.149400709528583
07-18,12.635041889996964,4.55635849188645,-25.647200917180875,15.695537484858852,10.200925329435897,-6.285074201072082,-1.8246968269711648,4.958490534166701,3.872123991234956,2.2977316933262366,-1.668284364174875,4.850527055641243,8.0,4.0,1.9701233467623585
07-19,12.880561830747334,4.55635849188645,-27.09211218930084,13.572955268989375,7.992199873482924,-7.0300710716811015,-1.4610414743062174,5.004617050500046,5.6848114014900935,3.3034017850042514,-0.027433177404352686,4.517328352868278,8.0,4.0,1.825131345189687
07-20,12.880561830747334,6.474821855013148,-27.648121438417178,15.343633693145108,9.687380330619858,-7.8817732922037935,-1.4610414743062174,1.4646886835879531,5.9965460368784775,2.1983294906828226,-2.775446395533328,4.517328352868278,8.0,4.0,1.5664089727568722
07-21,14.285719390695482,6.056264148784478,-36.509898974257176,18.2299967200074,10.447759777716866,-7.8817732922037935,-1.6883132163781802,3.2197877938945623,7.505897318954251,0.0653076171875,-4.206934421255779,5.0309299062832125,8.0,4.0,1.2128952307857357
07-22,10.496450843476477,5.223532284007354,-41.25160315942682,18.3597850973096,10.447759777716866,-7.919667301726804,-1.4525525164257935,2.8965233326071065,8.254912177524073,1.226403293948242,-4.206934421255779,6.274143264900383,8.0,4.0,0.6957293893879086
07-23,9.70221175491101,3.6631800237629135,-39.030604673296,18.3597850973096,10.48603084240504,-8.657515321167475,0.22250380439066086,1.5269004710797198,8.038584946068442,1.226403293948242,-5.21602918861455,7.183677740069243,9.0,3.0,0.6254273992389042
07-24,12.300464909529884,4.618937725726786,-39.11933076528985,23.280421731947275,8.4647898228749,-10.667692799758763,2.968752384185791,-0.16726331511697584,8.038584946068442,2.840087302826261,-4.553190190741357,9.004411822640037,8.0,4.0,1.4174144645743691
07-25,14.648524507917012,5.275227792555357,-39.11933076528985,14.986939890628744,7.621599864418269,-7.794171177285131,5.331283232389825,-0.16726331511697584,8.595931414934544,-2.4651976851831416,-1.0008356912269392,5.423688083268149,7.0,5.0,0.9446996793341542
07-26,16.057093529077328,5.275227792555357,-40.14038913563513,11.966697810766597,7.330245420284492,-10.127556424008233,4.625892000836604,1.1230523850472611,7.949430533599907,-1.7943982486298466,-2.367517115729774,5.434904929519764,8.0,4.0,0.4443902898070269
07-27,16.057093529077328,5.9632994612702355,-29.67504789129212,10.424304637045246,8.095606546779194,-7.9166673590438625,4.625892000836604,-0.6781273264432887,7.1259920239339305,-2.67660827329854,-3.8579844854760488,5.434904929519764,7.0,5.0,1.0768881494090372
07-28,16.81534542789733,6.69417294921319,-24.41371965230971,10.95744441245239,6.619665055244749,-7.9166673590438625,3.4461308120248355,-3.551177480886767,6.969302580302958,-2.874153849208,-3.5973254143084548,5.790907141111755,7.0,5.0,1.244993718540868
07-29,15.22506966536216,6.4911496169069185,-19.791666321732393,11.146498749795748,6.619665055244749,-6.8939383375852525,-0.09140395970694012,-3.7503096559186258,6.247367734151193,-5.69631690076208,-3.5973254143084548,5.335519428282254,6.0,6.0,0.93702580497744
07-30,18.40140733343285,8.036530865473827,-14.985761723347707,11.146498749795748,6.580494555390173,-9.591189369050737,-0.21518505210879005,-6.785265786982256,6.543237303229676,-5.69631690076208,-1.7707705262835405,6.105361240172797,6.0,6.0,1.4807533907466628
07-31,13.406590053013392,6.817156906940071,-12.04886201397162,12.26114356280978,6.352296065703182,-9.011506559302905,-2.7562693230536954,-7.330776040934866,6.543237303229676,-5.27695348928822,-1.5007007700230937,10.01373343446487,6.0,6.0,1.4557574274655474
08-01,12.307017671538748,8.470066128752043,-12.04886201397162,11.842105263157894,5.86193767788067,-10.859905438014867,-4.6134646438942255,-7.330776040934866,6.774663346737611,-3.4470581111172702,-3.422152465043357,7.252219238597514,6.0,6.0,0.8988158844740229
08-02,14.125272188541288,8.470066128752043,-6.2742873204103145,13.319241266394803,5.737388565705371,-10.414146191557156,-3.548292290321415,-7.586199975094852,6.6751158369807575,-6.6290519051695345,-2.672739523302736,6.444499390100268,6.0,6.0,1.4705721808848773
08-03,14.125272188541288,9.623060530873929,-6.935132755418049,11.030171735811363,5.9113281622670195,-11.671406726619,-3.548292290321415,-4.707670689365355,7.294067509988494,-8.886549868860566,-0.378146550835221,6.444499390100268,6.0,6.0,1.5251000530135628
08-04,15.248375107839351,8.337025385246374,3.524943599268133,13.36382635839468,7.385302430727707,-11.671406726619,-3.3631600053059723,-4.747549169682922,6.9392061223251025,-5.787514881333907,-1.5299644242579091,7.245709816714699,7.0,5.0,2.9120661344430285
08-05,12.478332626892607,8.768819968673194,-6.285716465541295,14.105798945087287,7.385302430727707,-9.88206706017464,-0.15114641563776707,-6.177211713187303,7.2567094427997825,-6.365193607608773,-1.5299644242579091,2.4852774704702445,6.0,6.0,1.8407450998535948
08-06,13.566741049088476,9.162994950651767,2.3229453613226214,14.105798945087287,7.2734013220252685,-10.286886344767183,1.4306991152062476,-4.243029246841071,7.874997456868488,-6.365193607608773,-1.3741341139331622,4.458970207155833,8.0,4.0,3.16060875785465
08-07,14.698274721005054,7.866668701171875,0.5767034636086904,13.299754389231909,8.157995494179312,-5.898762587626668,3.0760155968195737,-3.80000114440918,7.874997456868488,-7.116044525980889,-4.495015498631376,4.5026972861383605,8.0,4.0,3.2286069460312636
08-08,17.299579111748574,8.355443089634843,0.5767034636086904,11.803778753013065,8.635701040951455,-6.512181845988803,2.215002913410204,-3.80000114440918,8.333333333333332,-8.199248657411966,-3.6086798287161193,4.731234271465636,8.0,4.0,3.319222041719978
08-09,18.333331743876137,8.355443089634843,-4.382930923840911,11.806977880434305,8.36988620044449,-4.709579217025887,2.0124305615609037,-5.5249977111816415,9.506022835293917,-5.0777369191404045,-4.945682003647409,4.2377852895209385,7.0,5.0,3.1650792354941064
08-10,18.333331743876137,9.416449995973656,0.9792630778628906,11.070871174831051,9.94934898960205,-5.2050459899650585,2.0124305615609037,-6.595052386096548,10.511134049262585,-4.4048402018300665,-2.8277918613639867,4.2377852895209385,8.0,4.0,3.9564903702695458
08-11,19.29166316986084,14.612675154760108,-0.6783432914755321,10.29953190278516,10.37090752841551,-5.2050459899650585,3.4921582515659,-8.042489204715714,9.604987689075358,-4.74335610648841,-2.2094730170056223,4.426126712078405,7.0,5.0,4.268278566574247
08-12,16.957074605538345,17.062630326909677,-2.749718179066431,9.968351692570797,10.37090752841551,-6.54574056569432,2.9279937451276274,-8.686822647772045,9.562500317891438,-5.206740427865323,-2.2094730170056223,1.3692205446119654,7.0,5.0,3.5683486603051358
08-13,15.321182926978686,16.60147612701632,-6.197658402057169,9.968351692570797,10.550955192212248,-5.281555768355582,2.9359479318730384,-9.575293093463328,9.449309363920301,-5.206740427865323,-2.573061505976928,1.8422266804106289,7.0,5.0,3.1529283931053067
08-14,13.384063342415864,15.432098557782068,-5.961000832007753,9.546411146320608,11.520576503785696,-5.203884087719962,2.2202487480836166,-10.686429298462675,9.449309363920301,-5.5980957799919935,1.4436436733903264,1.5848237247145205,8.0,4.0,3.094313755185884
08-15,16.468515728277982,15.32008552669307,-5.961000832007753,9.12447060007042,11.494255551007942,-5.183752931580048,2.0486894906676967,-10.686429298462675,9.741339805428154,-3.871508101023758,0.21052845737390352,0.5859116105011052,8.0,4.0,3.2742588005788367
08-16,12.580651399088516,15.32008552669307,-2.896927734335568,7.331220763543081,11.255407680986712,-3.8153377906541808,2.540611032262761,-10.582422755354116,8.890732932201086,-6.25749630825212,1.9021431078755329,-1.9997512092978456,7.0,5.0,2.8557430537297432
08-17,12.580651399088516,14.08388780478316,0.8012800429071947,7.964126552990294,10.390085124905953,-3.3029572013851674,2.540611032262761,-9.888402527897883,8.469321394431423,-8.106704213208605,0.5003483330381957,-1.9997512092978456,8.0,4.0,2.8360413777181663
08-18,12.027652159391055,14.47944569079393,3.84614907738463,7.615021394379787,10.422742546239474,-3.3029572013851674,1.8611441117186829,-11.25450853575402,10.322846694435068,-8.554319819907134,3.256761705553209,-2.134704721098416,8.0,4.0,3.215439425145925
08-19,15.276564287485154,15.418501684432455,-0.6810381734918605,8.772847721365741,10.422742546239474,-4.59377022575216,2.7549784763638017,-10.826869623014277,11.705821150006127,-11.983764443722407,3.256761705553209,-1.392110633954337,7.0,5.0,3.1775553726259105
08-20,13.064877075863063,17.041937165619252,-6.290415522790124,8.772847721365741,10.714287452030426,-3.4352580418074408,3.631531092486758,-11.718749534338729,10.978368898281627,-11.983764443722407,4.256758818755278,-3.0258082145313723,7.0,5.0,2.6672177056010065
08-21,10.383743912737637,19.878735912755943,-4.7508672303032835,8.093990955282884,10.03320235878022,-3.0337057782660843,6.434626920026248,-16.040032754597238,10.978368898281627,-12.195552181470251,2.1438185442120843,-0.8082004301726811,7.0,5.0,2.5931774272722583
08-22,12.222222222222221,19.878735912755943,-4.7508672303032835,9.8301586073744,7.153502479055764,-2.370368109809028,7.15968914599445,-16.040032754597238,9.927908899213497,-13.722007556029975,1.732982181613444,1.7008761856213344,8.0,4.0,2.7268999985926263
08-23,10.227272727272727,19.878735912755943,-5.967558939668884,7.985389868633852,6.43841233923206,-2.0415709953874592,8.267826408722787,-17.176084026107922,10.026763356977597,-11.610289548031616,0.3825940828028776,5.85327374388635,8.0,4.0,2.6887304109240264
08-24,10.227272727272727,19.878735912755943,-3.288740997904787,7.068064683283768,7.4392514808155665,-1.2523026053961177,8.267826408722787,-18.360015149255556,11.940001998211509,-11.846261941431878,-1.622082255903879,5.85327374388635,7.0,5.0,2.8587520004213687
08-25,10.681819915771484,20.518358869422578,-3.693179570692679,8.109502300246616,8.702066878026958,-1.2523026053961177,9.257637668376967,-16.48833524207733,11.799352508616574,-12.34221739574153,-0.8614611373864264,5.819571037924201,7.0,5.0,3.3542344355909415
08-26,9.031962710318536,19.28978396119611,-2.977532075068959,5.972511396458441,8.702066878026958,-1.8047873959590484,8.619192799469968,-15.121681228998039,11.68090747876299,-10.826707314546796,-0.8614611373864264,9.797740567563574,7.0,5.0,3.4584997199864422
08-27,10.31963592807362,15.267173545768745,-5.889019957606314,5.972511396458441,9.882006719183924,-1.3143505599624743,7.6497992623809274,-15.342611979273789,12.216822954293306,-10.826707314546796,-1.1156629611145443,9.865325693190584,7.0,5.0,3.0570768939038033
08-28,10.227272727272727,15.356484606397064,-10.847657573615232,5.6553894847225115,10.298501492927368,-1.8274853393491035,8.0775936351325,-17.328525324410833,12.216822954293306,-11.259083657195545,-0.4544804405349353,7.074570528004537,7.0,5.0,2.26578359113703
08-29,10.13698334257541,16.161157402282704,-10.847657573615232,1.9021760256845233,11.423291089614365,0.39667762285890995,8.417702843797803,-17.328525324410833,13.167472698950085,-12.049231816003553,-2.2652746581935714,6.451616830654147,8.0,4.0,2.130532373682896
08-30,10.259917777880599,16.161157402282704,-10.432710337749931,3.53645075195511,14.290922466939525,1.110313270398571,9.387518340626276,-16.995287508587307,12.8829421198448,-8.233296689023437,-2.1779342054048043,5.710019724754519,8.0,4.0,2.9583344261597198
08-31,10.259917777880599,15.799002928976002,-11.542997907308244,2.939580244188376,12.422811445671153,0.0,9.387518340626276,-21.152737726816454,11.799116726038886,-8.458901537048613,-2.050635831439472,5.710019724754519,7.0,5.0,2.0927245154602523
09-01,11.308707285567223,10.24095964914684,-3.6785490420133744,1.2665173137052872,13.17968954656204,0.0,11.276470468138927,-25.00741778144625,11.104356052027061,-8.898815300887938,-1.8921264798919344,6.1580888717515805,7.0,5.0,2.0881567152216216
09-02,11.350112123291016,9.561199682666516,-3.0963244933632685,1.6456349127463834,13.17968954656204,0.0,9.485487374437913,-29.206735508505577,11.49839357834817,-6.807078381457652,-1.8921264798919344,4.237284655489412,7.0,5.0,1.6629614175269172
09-03,13.397348846551235,8.631084774259307,-0.1175805849179969,1.6456349127463834,13.17968954656204,0.2865326772473052,5.669800979045838,-28.04264463231888,10.94537439703793,-6.807078381457652,-1.8921264798919344,7.4971400669642865,8.0,4.0,2.0327646768189886
09-04,12.300686419556556,9.2242143419629,-0.5906696967935363,1.6456349127463834,13.52313556164595,1.9313269880562864,7.030332630930475,-23.719601529502558,10.94537439703793,-6.807078381457652,-3.3704685745567513,3.194768301078753,8.0,4.0,2.1089712808920607
09-05,10.633485705457907,10.117095123271447,-0.5906696967935363,-1.0016711856077432,12.867384235387332,1.3938505933844858,5.223445400123674,-23.719601529502558,10.94537439703793,-4.581170039887535,-1.889695447908666,2.3135942789965935,7.0,5.0,1.8092851528299443
09-06,10.835212911346863,10.117095123271447,-0.5906696967935363,-4.13597483293949,12.258064957185493,3.101871843790236,5.552347836830691,-23.719601529502558,11.341436783689243,-4.003349010226647,-2.933750743903472,2.2080930359459563,7.0,5.0,1.6692313898911861
09-07,10.835212911346863,10.117095123271447,-8.548581611822183,-4.1410169914122354,12.28510134599926,2.862189002753187,5.552347836830691,-24.312720858092817,9.710497925346207,-4.629163274267072,-1.0175681330794455,2.2080930359459563,7.0,5.0,0.9101238594016547
09-08,10.835212911346863,9.337068127340721,-5.078586449476481,-2.742024331875658,11.460593253005865,2.862189002753187,5.552347836830691,-23.42988882678747,10.361256669378653,-4.831898423226202,-2.272086644769752,2.2080930359459563,7.0,5.0,1.1885230133721976
09-09,7.699442896714149,9.651972145451314,-4.13070348124066,-1.2686236085585991,11.460593253005865,2.9328620002898087,6.985395377587316,-19.39496979788575,9.03135994560384,-6.835394767296907,-2.272086644769752,-1.9200749297533564,6.0,6.0,0.9949810324289392
09-10,5.311776622600894,7.962532705221553,-2.5893963876320547,-1.2686236085585991,12.183654918566694,2.970297497144541,5.118566697628445,-18.91434165516883,9.836710249625137,-6.835394767296907,-0.04233527947852239,-1.2120418632458756,6.0,6.0,1.043450427450539
09-11,8.744389786122062,6.6510541026800345,-4.719943550163898,-3.6955328588422014,11.931207244398538,2.1723668518837136,5.500580198124448,-16.963299344054512,9.836710249625137,-6.2327803336073515,0.44078654900787495,-2.1120778449089608,7.0,5.0,0.9627884208554072
09-12,7.623313514583349,3.626692402960412,-4.719943550163898,-3.8673969107064754,12.908965006326063,4.378040996595602,6.169961857468881,-16.963299344054512,9.541613445024984,-7.069325382425372,-1.2929862142971045,-1.5480629871372422,6.0,6.0,0.7322977361812236
09-13,7.165390330421713,3.626692402960412,-4.8458117523762185,-2.2921124729720264,12.357547445806814,3.3356531234092315,5.950983586563362,-15.962185274207366,10.102199846197527,-3.600739505685248,2.4750416553565087,-1.5480629871372422,7.0,5.0,1.3970496998614557
09-14,7.165390330421713,1.1121834566838178,-11.581000300745574,-0.42598466869568746,10.292020646369751,4.3986277314985385,5.950983586563362,-17.385215207868956,9.833826869876539,-2.426053634212243,3.7266228422632617,-1.5480629871372422,7.0,5.0,0.7594448887514402
09-15,5.768367083547112,0.72745644895174,-15.075707867763102,-1.5110564971466456,10.41963093076372,4.3986277314985385,5.659272741516638,-16.336629612206025,10.56640579452506,-2.6315792796649227,3.888816709133712,-2.4120898387966556,7.0,5.0,0.2884595286965976
09-16,4.008915346518082,-1.0268903503085802,-6.131208048707441,-0.10643187568188472,10.41963093076372,3.9518886716667168,5.7275081276115,-16.689890722579566,11.7214725026369,-1.5225875288132045,3.888816709133712,-3.804149885142503,6.0,6.0,0.8697561564247877
09-17,1.8264823082089063,-2.378590361632539,-2.3751485251908835,-0.10643187568188472,9.95732951935969,3.880498061637358,5.664167553618545,-17.17060352956327,11.30975475780823,-1.5225875288132045,1.684689767068373,-4.1041618790301975,6.0,6.0,0.5554498556490935
09-18,0.7852197657705359,-5.427135399039866,2.2105936958079715,0.7983050482714489,7.585467117357028,4.193656820442667,6.938425889828588,-17.365934172043797,11.30975475780823,-1.1296637295746952,1.635935602534444,-3.4801409602251554,8.0,4.0,0.6712070364114505
09-19,3.991028789675205,-0.5752585252812379,2.2105936958079715,1.7205418063366933,8.900709790690813,5.099629171753358,8.08425865709847,-17.365934172043797,11.737273655237649,1.1605084683410678,-0.32068561576191185,-2.8081078680818843,8.0,4.0,1.8195464878143668
09-20,4.6325206244276895,-0.5752585252812379,1.2216462204595369,2.7154071442408783,8.348198698770458,6.180719261991278,8.423135415159928,-17.893854755116898,13.288330940042965,-1.885231299215082,0.05665049593765269,-2.8081078680818843,8.0,4.0,1.8086796961112728
09-21,4.6325206244276895,-0.8628969314912577,2.3474266689411567,1.6718897859384754,7.49819733550132,5.896226354468143,8.423135415159928,-23.84681495476369,12.88819745856163,-1.3395031292250594,0.02824265416320635,-2.8081078680818843,8.0,4.0,1.2107094511333052
09-22,2.004457673259041,1.221231647257521,8.168026069918017,2.8361391258493414,7.1299289655853695,5.896226354468143,10.465112882479948,-25.733556842344214,12.845810729461794,0.4408890437026383,-0.1981030044938614,-1.5960660048360091,9.0,3.0,1.956674720025645
09-23,3.4222242567274304,4.309547305207159,8.338161528017041,4.095390762223543,7.1299289655853695,7.176553390209338,10.048813446308822,-22.11183938900741,12.412453071432354,-0.9604269529999476,-0.1981030044938614,-1.668065953564428,8.0,4.0,2.6662197854704512
09-24,4.250562625167085,0.8936995861340601,6.609686027578415,4.095390762223543,6.6594220091471295,11.295679652626829,11.15273992548918,-20.06822430940209,12.70118145398774,-0.9604269529999476,-1.301822828332249,-1.3560509163421754,8.0,4.0,2.83098641960646
09-25,5.246637292926508,2.7128154652614973,6.769058812411827,3.3696293158581048,7.260965060828105,10.775430994190238,11.503155934228756,-18.485273129102406,12.70118145398774,-2.3182671634848258,0.3829739617963209,-2.8681139291152085,9.0,3.0,3.0875161724822213
09-26,0.9174259751845184,3.1206338971664542,6.769058812411827,3.576985491494748,7.394118191532303,11.702129211076091,12.341409022440937,-18.485273129102406,12.914484946333117,-4.604271140561182,-0.4623710087722533,-2.6521049272904893,8.0,4.0,2.711018778492805
09-27,1.3698595538180198,3.1206338971664542,3.6404971127754058,0.7812579162415697,7.073612903839974,10.121049939633762,10.324488937490957,-19.29872919759532,13.8479499886987,-3.413656246359489,-1.2955895525539132,-2.6521049272904893,8.0,4.0,1.9682725271554693
09-28,1.3698595538180198,2.2822533152731896,2.294114056755515,2.7139898846810637,7.600866689317577,9.634889752605018,10.324488937490957,-24.276300856617674,11.533977915939774,-4.859591946069021,-1.971746595712197,-2.6521049272904893,8.0,4.0,1.1662246483493113
09-29,2.7853822540105924,5.313351734656455,4.185788000174549,2.8467869862745925,7.266812147397365,9.634889752605018,9.46902904818694,-19.306658334828715,10.31146867472218,-4.423591447970356,-1.6448290219028716,-3.1681259230029037,8.0,4.0,1.9391919891935705
09-30,2.5114120851179167,4.027464772318881,3.923899282918547,2.8467869862745925,7.266812147397365,10.074373055856881,8.902697468117493,-21.073442833100103,9.138734712779014,-2.281305404047999,-1.6448290219028716,-2.8081078680818843,8.0,4.0,1.7403746153039854
10-01,6.208424239010163,4.063203765373209,4.102878624765421,2.8467869862745925,6.326825776044721,10.814466868664708,7.18993843343942,-18.850640836301935,10.32692102285532,-2.281305404047999,0.5575711427236003,-2.5200989175287467,9.0,3.0,2.398747641772706
10-02,7.8353273386804405,4.627951068028651,3.3929627891674827,2.32918665993237,4.110094822874856,10.450824117250344,5.6671648459445585,-21.069006318847407,10.32692102285532,-0.5251923407540767,0.9990137716637181,-2.9041139034794177,9.0,3.0,2.1034278227764034
10-03,4.269666350289677,2.9099268908410703,3.3929627891674827,4.737905881190255,5.559595425856466,11.360544884098404,4.4490940692452385,-21.069006318847407,10.07692630474384,-3.060036786800552,-0.15627306621022533,-3.420134899191832,8.0,4.0,1.5875976270318677
10-04,4.269666350289677,2.9099268908410703,3.269579328999185,4.106157851872645,5.02000426430149,11.278954370895104,5.632556343281357,-20.390268552093705,9.435055239795314,0.4008649875584287,-0.7563037870967281,-3.420134899191832,9.0,3.0,1.8130048657876676
10-05,4.269666350289677,0.0,3.569230299729567,4.18743855907889,6.08695754331841,11.219348677291864,5.632556343281357,-19.3667907440607,10.610996002056913,-0.3365316538994448,-1.722211409224624,-3.420134899191832,7.0,5.0,1.7275437557225057
10-06,0.8988798334357444,0.2288381855205093,0.0,5.448243449098403,6.3583822596733865,11.219348677291864,4.305511916963568,-17.035154036788903,10.866654401056412,-1.2347751484287484,-2.743604110486064,-1.1160449834878043,7.0,5.0,1.433023370320697
10-07,-1.6780083992543608,-0.09177856619908764,-1.837104950778608,5.448243449098403,6.3583822596733865,13.100435198391805,3.649420309799516,-14.45102706120161,10.04601551724655,-0.6822406684197921,-2.743604110486064,-1.1280388711828997,5.0,7.0,1.3325578422239366
10-08,-3.707091312590168,-0.8238000093054169,-1.7667912396755487,5.448243449098403,6.286126271439412,13.100723015740526,0.6959139108796669,-14.491517040381265,9.595381908515769,-0.6822406684197921,-1.1738111183725772,-2.1120778449089608,5.0,7.0,0.8640882768350041
10-09,-3.3590546893026145,0.2277956385933343,-3.0411461834261986,6.88460257666828,7.028399352418305,16.425755296573602,2.575623318574183,-13.21228950569301,9.595381908515769,-0.289950820140378,-0.8720151334569989,-3.192122854032556,6.0,6.0,1.5642482421076431
10-10,-2.52365683850654,0.2277956385933343,-3.0411461834261986,7.737511840366316,7.398048736166388,18.63694677338948,4.410887855575421,-13.21228950569301,8.70905650264743,1.9026407395412464,1.2602077887444822,-4.860188807596983,8.0,4.0,2.2204845449834467
10-11,-2.52365683850654,0.2277956385933343,-4.65115538464863,6.953967046956363,6.423669570939468,19.99353620721988,4.410887855575421,-9.916199197528332,8.420043580158694,3.0339397551152683,1.2602077887444822,-4.860188807596983,8.0,4.0,2.397737267918535
10-12,-2.52365683850654,-0.9111564858280092,-7.394154664701313,6.75209845941888,7.316206677081525,19.49951222209398,4.410887855575421,-9.35754849220891,8.926509100636308,0.6480976193656457,3.099600652308536,-4.860188807596983,7.0,5.0,2.133850608136545
10-13,-2.163134433005606,-3.015074763886091,-6.175766025862469,5.645564450169092,8.33039398767084,19.49951222209398,5.032554794774248,-10.548395260254882,8.863418385660877,0.6629467378548278,4.364386921382282,-4.248170932126499,7.0,5.0,2.1873530070392166
10-14,-3.8116610338582624,-3.2982103338104767,-8.598357074095668,5.552830697458803,8.33039398767084,19.174519111980146,5.067368404115672,-10.737136379509632,9.021551620646076,-0.035137839787535034,4.364386921382282,-3.348134950463413,6.0,6.0,1.8068677609774033
10-15,-3.081735385739336,-3.1050242786324604,-1.273144123914961,5.552830697458803,6.847866358214348,20.983292129006145,2.8487442811749,-8.965517241379311,8.795408300620906,-0.035137839787535034,2.9231834625022795,-1.8840749553891467,6.0,6.0,2.4672242836778864
10-16,-2.1457287627566197,-3.652973325772453,-3.6729909363647217,3.2923836055749307,6.3242533899922035,21.94497939898749,1.6705736010195482,-10.70627708002033,8.795408300620906,-3.513703556461408,4.154793108745648,-2.8081078680818843,6.0,6.0,1.6402174896236092
10-17,-4.5045043496998165,-2.9478528270713764,-3.6729909363647217,2.600582929940312,5.0473203624269845,18.855109667919624,1.5147114186672808,-10.70627708002033,8.833650094225941,-0.8432246749662645,3.974861452131932,-2.076077870544752,6.0,6.0,1.3396090155537344
10-18,-4.5045043496998165,-2.9478528270713764,-4.561614313070278,3.9744823321764766,3.3999340951897317,19.049157099337272,1.5147114186672808,-11.63117009636601,8.221795984298035,-0.5334667963134178,3.1006647608985665,-2.076077870544752,6.0,6.0,1.0838382864584764
10-19,-4.5045043496998165,-2.040819857186725,-2.7251244946175595,3.0845812311773875,4.435901458758664,18.46905516412455,1.5147114186672808,-12.107622359514261,7.895241750507722,-3.4919564865918815,4.1775139878324685,-2.076077870544752,6.0,6.0,1.05257496607609
10-20,-6.756756524549725,-1.4804841191198643,-2.2379333236730283,6.482826065030898,4.1009465409568175,18.46905516412455,1.3690684405322842,-10.427582839439657,7.014181345355551,-1.3633252094410506,3.9142955221603484,-2.47209589982998,6.0,6.0,1.3843495968422619
10-21,-9.339403944448973,-2.6196925912167544,-3.329437306556477,5.890949064693475,4.1009465409568175,17.00326088266625,1.3142545002340178,-8.925624646181566,8.188587450861835,-2.252022373262467,3.9142955221603484,-1.9440718607830088,6.0,6.0,1.0001701032602914
10-22,-7.6887884478049475,-3.4405741136645167,-0.9060014088027056,5.890949064693475,3.1195277798001158,16.85245701524078,0.11935870735146045,-9.148875145496808,8.468127169450309,-2.252022373262467,2.376041457969904,-1.668065953564428,6.0,6.0,0.9768444793258476
10-23,-3.087250658974007,-1.8141585862462104,-2.7681634256773124,7.351510036887787,1.838106896201133,15.156508479908517,-2.4924001726237397,-8.967610761099127,8.468127169450309,-1.478426400932368,2.322083007104893,-1.6200629358656613,5.0,7.0,1.075688554011185
10-24,-0.22431240469674954,-3.1838610587991987,-2.7681634256773124,7.0132434918157065,0.3209705764954252,13.387149692290066,-3.145034440601145,-8.967610761099127,8.658419225726059,-2.708841670733366,0.3871664553075405,0.04800301769876664,6.0,6.0,0.7347607248105552
10-25,-0.1793763089501183,-3.1838610587991987,-3.287195442954767,7.826935509175859,0.9252677058797856,13.196777080459047,-5.102673991265363,-7.528362373634857,9.853331418572424,-1.266909228556663,1.3431199173464663,0.04800301769876664,6.0,6.0,1.0537546870809484
10-26,-0.1793763089501183,-1.7040407224934233,-8.132532231605893,7.485326060027171,1.6672621915536867,13.109242415227811,-5.102673991265363,-3.833688266325184,10.403871580519331,0.984549342827576,-0.7638931274414062,0.04800301769876664,6.0,6.0,1.1651708299810792
10-27,-1.8385644010728368,-2.7210902595464748,-13.45454129305753,6.812650464752661,0.8938148235156931,13.109242415227811,-4.791539965067153,-5.215728845226936,8.935289717144789,3.6548709840314935,-0.09657794092461564,-0.360008899281557,5.0,7.0,0.41065140004127904
10-28,2.471906683418188,-5.931421182441256,-10.472771369725226,5.057017619759413,0.8938148235156931,11.899162741268382,-1.6821794628805558,-5.271745873984997,8.864316881808156,4.9868315717563965,-0.09657794092461564,2.1840869492768418,7.0,5.0,1.0752034534038684
10-29,-2.2441651013938118,-5.778200052972032,-3.161597880207561,5.057017619759413,1.930636472775615,13.011890504333074,-4.310608030806801,-5.766604541001427,7.512363304267731,4.9868315717563965,0.7312450112361987,1.7280720145977515,7.0,5.0,1.1414067410287123
10-30,-0.4494399167178722,-5.890604323680371,-3.708069903486361,5.057017619759413,4.055943468321374,12.66073248350565,-3.419844066823712,-3.0077217921055968,7.512363304267731,3.801839404882098,-0.43431011604072944,2.832113954750999,6.0,6.0,1.5841683430527178
10-31,-0.40797894273224505,-3.946758452819077,-3.708069903486361,7.308810455150995,6.323427401296853,11.472145563586741,-3.1683743403704563,-3.0077217921055968,6.903767481368346,6.347107690227919,-0.1494776679244438,0.516020995712414,6.0,6.0,2.0402415406587573
11-01,0.2252303724811185,-3.946758452819077,-0.1177189996062936,5.587947632621668,7.607570197982137,10.0,-5.2971892249550505,-2.209214367305496,7.664515887509818,7.1310719361962,2.5796915700858905,0.516020995712414,8.0,4.0,2.4784306289919438
11-02,0.2252303724811185,-5.966035715648731,-1.5891728157798692,7.125542283831424,9.314878163033317,12.451362300871013,-5.2971892249550505,1.597014849600203,6.452231495117451,5.823796432008038,5.4655080343706,0.516020995712414,9.0,3.0,3.009932264220161
11-03,-1.3513478682458595,-5.966035715648731,-4.4237497984960585,5.91132463394408,10.19384769145474,12.451362300871013,-4.5272477694536635,3.849208969268141,5.189308113757896,5.818182574815987,6.106976774402591,-2.3040899157040275,7.0,5.0,2.5789783325805087
11-04,0.9009043066040484,-5.418946191573548,-3.712440150892976,4.308610934115436,10.19384769145474,12.645913097386966,-5.789951286540967,3.3669152085462164,5.652418137318143,5.2071220035493,6.106976774402591,-6.8162728673540105,8.0,4.0,2.220424804751328
11-05,3.52993314478592,-1.9669137693428125,-2.8307324450370093,4.308610934115436,10.594920014073073,11.964982217251954,-5.66553972560209,2.3758660208225857,5.94077724222228,5.2071220035493,6.492821507501696,-10.356410732973027,8.0,4.0,2.466286367613942
11-06,2.2757707824827604,2.751088084109912,-1.7142813546316964,3.0060045172439236,9.35828619625916,9.484470646150587,-7.20299780253452,0.4085008738897694,5.94077724222228,5.107302717770282,5.787660845616225,-9.600383804406242,9.0,3.0,2.1335165786810366
11-07,1.5659972057983058,2.623525839318852,-1.7142813546316964,5.210416111630737,10.337906375662307,10.82138090547583,-8.10641655943925,0.4085008738897694,6.131803587462375,3.8096837336131744,6.741717003828643,-6.696269900926826,9.0,3.0,2.5944969851401853
11-08,1.389509069310452,2.623525839318852,-0.9142848423549108,10.024455099895633,9.014464670167255,9.260471116368805,-10.74062303337163,0.2450984466121085,4.482225212629213,4.865579269288238,7.5230552960210035,-6.696269900926826,9.0,3.0,2.589767186913183
11-09,1.389509069310452,4.328822221853411,5.7015013147805575,10.38518305385391,7.456137415591455,9.67427083678924,-10.74062303337163,2.5703484482459307,6.541525698032075,2.424938026900349,6.208279614349903,-6.696269900926826,10.0,2.0,3.2703018971174025
11-10,1.8377402834007237,3.3260403334529496,5.245538672185205,9.014361796346373,6.4780075808816955,9.67427083678924,-10.836803792535507,8.346539346193545,5.830958415671137,4.010517127859008,7.492760414113152,-5.280212923551327,10.0,2.0,3.7616431742338494
11-11,-0.22852443476706155,6.2961386005527595,3.336983519903256,8.333333333333332,6.4780075808816955,9.055376604424973,-10.674687882360876,10.583558614643641,7.3935116789578315,5.379130961051521,7.492760414113152,-4.452176890616659,9.0,3.0,4.082784341676465
11-12,-2.582165089716131,8.456659755854531,3.2723246262818666,8.333333333333332,6.137058444400787,9.147742135999547,-5.712552649139769,11.087367063967264,8.014916923503982,5.379130961051521,6.887020264410653,-4.7881888588685655,9.0,3.0,4.469387242589918
11-13,-1.7209341359692951,9.110079843177484,3.699613769813887,9.381242426284404,4.76680177270919,7.11909323908349,-4.225355402824908,11.347900991841588,8.014916923503982,5.686976777072854,6.754440368067322,-5.004197860693283,9.0,3.0,4.577548226005559
11-14,-2.570098851464153,7.70878421842613,3.699613769813887,9.348587822257496,1.7825942607540861,7.8444332766828575,-3.5336700313425013,11.347900991841588,6.952475770451505,2.5931426606614867,7.052034590188312,-1.0440358791199231,9.0,3.0,4.265146883262564
11-15,-3.051650465545313,7.70878421842613,6.073994171159626,11.390538930366823,1.8987373607137559,7.6872318203903065,-3.1287516495638408,10.042622178531486,5.1252634504735,2.2073225596618715,5.502640365976816,-1.0440358791199231,9.0,3.0,4.2010580884559365
11-16,-3.051650465545313,9.464672187222398,6.567331561492147,12.319918756230507,1.7259590759161052,4.73272474388309,-3.1287516495638408,6.0736317579655,4.927046174463013,3.0371917186187094,6.361729562037867,-1.0440358791199231,9.0,3.0,3.9988139619666883
11-17,-3.755874051944717,8.799656041732561,11.630431706603336,11.534652651998213,0.10741384288473604,4.73272474388309,-3.670268785805104,6.204677415239793,5.04009037001616,5.159431547149163,6.7295097859124695,-0.10799992309262853,9.0,3.0,4.367037112048089
11-18,-4.235292322495404,6.052628100633725,8.314855453853795,11.005971578035588,0.10741384288473604,3.4048347682175333,-2.9779629108751355,8.357425411137653,3.68954359492948,6.522427492135348,6.7295097859124695,0.0,9.0,3.0,3.9142795661974823
11-19,-3.6538473882619193,6.3450716092940995,11.025783210937279,11.005971578035588,0.03580461429491202,6.415345729964213,-2.134501537869514,7.770533665724281,4.691637369657295,6.522427492135348,6.074888133674031,0.0,9.0,3.0,4.508259539798801
11-20,-2.7039833818178103,8.994027218012398,11.025783210937279,9.711159214882867,0.3961131024065561,5.638967852614961,0.0,7.018932490489832,4.691637369657295,8.275423071737395,6.812204422420025,0.0,9.0,3.0,4.988355380945066
11-21,-4.793226116083493,8.44768155718169,11.025783210937279,10.262764933040906,-1.5647755179721805,6.086955578742847,-0.99941254559948,7.018932490489832,3.840330601319253,6.5276660696527635,6.226664225260416,0.0,8.0,3.0,4.339947040580818
11-22,-5.687198264909388,8.44768155718169,12.835980568689141,9.546767425685363,-1.5895972875959217,4.638832353789533,1.0368680809172852,5.46793317821836,4.090477285868384,4.601375716718473,6.707323733079614,0.0,9.0,2.0,4.174703695636878
11-23,-5.687198264909388,11.320752247841472,16.918919537518477,7.174660669355768,-1.4084484728295816,3.2930091891775137,1.0368680809172852,7.533004832904315,2.123989344249431,4.707948883056517,7.61335652515926,0.0,9.0,2.0,4.552238547703421
11-24,-5.165877407021954,10.542292747325204,18.421058562053823,7.805596892885197,-0.3573995107425721,3.2930091891775137,1.2672880931348636,6.216146038062552,-1.6494472100325932,5.555556885923552,7.8527895586142575,0.0,8.0,3.0,4.481751153281653
11-25,-11.028692014406426,11.548442817368322,17.713974356801923,8.300775847601349,-0.3573995107425721,2.217741405699268,-0.6404693754757267,5.9736169329556335,-1.4665114781869013,4.248207213632156,7.8527895586142575,0.0,7.0,4.0,3.69687297948844
11-26,-10.327451877402742,12.156356702040279,11.213942728251839,8.300775847601349,-0.500362041771072,3.830910901939669,-4.350425648315377,8.18623880902595,-3.8328925917900385,4.248207213632156,7.697285153496461,0.0,7.0,4.0,3.0518820997257063
11-27,-10.60606294135134,14.888228239572651,11.068705941962936,9.521478999886194,1.1963411388992076,1.14593916991442,-6.101281496273747,8.653605107286296,-3.8328925917900385,3.866349028117081,6.494687809010756,0.0,8.0,3.0,3.0245915337695353
11-28,-6.388202519368492,15.635450498282866,11.068705941962936,7.347138662077744,1.5019155097161194,0.3059148618439705,-4.34388706011019,8.653605107286296,-4.846885668397063,2.459273598048473,6.50501619518281,0.0,8.0,3.0,3.158170427210456
11-29,-5.867964845094384,15.635450498282866,10.468920721481133,5.190307764804203,1.5706766547381368,1.8561467170243795,-4.8499496596432214,8.246377202771594,-6.322308806039202,2.8580489840324814,6.2973603830286935,0.0,8.0,3.0,2.9235888012822238
11-30,-5.867964845094384,16.806021927013777,7.030823435115331,5.338605774316622,3.3781438624762856,2.470355681561744,-4.8499496596432214,9.070237459592931,-6.38078926662878,4.243864197022253,7.323797942316612,0.0,8.0,3.0,3.2135955423374303
12-01,-9.04644696871482,12.352935802329435,6.83433536046906,6.0843955946047314,3.6769748481019686,2.470355681561744,-6.486812005969844,12.910561834138743,-5.5305218759059125,2.8861396371536987,6.9451724220101,0.0,8.0,3.0,2.7580908608149093
12-02,-9.779950735378472,11.769574571129127,5.875890986378952,6.1764718257019915,3.6769748481019686,1.9433469720903889,-6.880862466121293,13.874141789512386,-6.292406932723818,2.484072575709745,6.9451724220101,0.0,8.0,3.0,2.482702154700924
12-03,-9.75609756097561,9.4038614601867,3.573419291463108,6.1764718257019915,4.673541555063286,2.239790156472948,-6.6768765797694645,10.515619766236664,-4.572118769128473,2.484072575709745,6.655239332043871,0.0,8.0,3.0,2.059743587750397
12-04,-9.23754340942965,11.194654324936831,4.108827105573599,6.6666604335010815,5.051550520388278,3.956604228081893,-6.539763856533649,10.787546100696604,-4.572118769128473,3.8375794214817143,6.866103417311307,0.0,8.0,3.0,2.676674959739961
12-05,-7.3663877976708125,11.710962224912686,4.108827105573599,5.441170214506601,5.148313101976432,2.99576097809288,-3.9355982671220646,10.787546100696604,-3.9854363919492983,5.238855024676171,6.807668766691506,0.0,8.0,3.0,3.079306755032025
12-06,-8.780484083222179,11.710962224912686,2.5541420653821314,4.599398760676129,5.910165362807205,1.7956227624225034,-1.6030288984153165,10.914158496076192,-4.3293533814207965,5.2539451991814285,5.682563137853997,0.0,8.0,3.0,2.8090076371878308
12-07,-8.780484083222179,11.212627788596382,2.387564129434096,5.418711898830466,6.00742095751994,6.1466438697337376,-1.6030288984153165,9.723980727713604,-3.8678525528808962,5.6818217394874875,4.9270319786944885,0.0,8.0,3.0,3.1045364629576517
12-08,-6.341459692978277,10.838873000917632,7.255864316649426,4.5816737041309015,0.889679703224702,6.1466438697337376,-1.0783996417231134,12.16012508211395,-4.31436320477538,5.090964944904533,7.333936211170656,0.0,8.0,3.0,3.546961524447397
12-09,-7.352941313966887,7.8275386339902475,5.525452876500927,6.718602758542303,0.889679703224702,7.207486804777358,1.7391260119451992,10.56213466122371,-3.962182939741288,7.367594941402207,7.333936211170656,0.0,9.0,2.0,3.654702362422429
12-10,-6.569345165887362,9.109818846317534,8.387804271962143,6.718602758542303,1.2099649394029917,7.185443536946035,2.339681061768457,8.997428952982338,-0.019346597279725226,7.367594941402207,6.681450216232562,0.0,9.0,2.0,4.284091480199123
12-11,-10.919819585271295,4.813067542762887,9.228283477904453,5.93963566856931,-0.655022955510329,8.559951809387739,3.9700728425038063,11.255948690073678,-0.019346597279725226,7.040493548170122,5.256211427325484,0.0,8.0,3.0,3.7057896557196766
12-12,-12.109184021094235,3.275109224862665,9.228283477904453,2.9633357966327583,1.7309756587093612,9.796668168571546,3.3053150155612876,11.255948690073678,0.6965956041519377,7.485575857102114,5.817650997761228,0.0,10.0,1.0,3.6205228725197327
12-13,-14.728286134447634,3.275109224862665,11.872642641211472,1.2444001896525436,2.272725117600642,9.788280205958538,9.350373350913358,9.701677089744557,-1.0689975294552827,8.880128785201261,4.322414460196742,0.0,9.0,2.0,3.7425389501199047
12-14,-14.728286134447634,3.7554529140997626,13.269135252649187,-2.6735142931503533,3.0677038804993653,10.800969553483656,9.350373350913358,12.453574784123454,2.7562825477136013,9.067432773489012,1.6393371980245763,0.0,9.0,2.0,4.0632051522831665
12-15,-13.00152055107553,5.992188566956756,15.099265840162186,-1.9827116834557628,2.448546936072551,10.800969553483656,8.969826460829934,13.836317137947574,0.15299642312863534,9.183988251852089,5.027931316776863,0.0,9.0,2.0,4.710649854389913
12-16,-12.2037321513094,4.668410520342514,13.106025209518736,-0.956208448334996,2.448546936072551,9.617713158368039,7.903313067710774,14.076966392295242,-2.2496117955934127,8.414238150453214,5.027931316776863,0.0,8.0,3.0,4.154466029691677
12-17,-9.701486659614854,7.512727464080357,12.109795528735418,-0.956208448334996,2.058197010024613,7.832813743208983,9.721843350785687,13.669591825542671,-3.2188015161161925,8.414238150453214,5.001332962180915,0.0,8.0,3.0,4.370336950912152
12-18,-7.371007232834589,5.4112553218948,12.109795528735418,-1.6104664383927856,2.843100991399525,6.551827962894058,12.007459987574814,13.81659017476528,-3.2188015161161925,10.140234363150716,5.594128646257171,0.0,8.0,3.0,4.689509815777352
12-19,-8.096180538884973,6.783276946933802,12.109795528735418,-1.6616309847143202,4.685874371728551,7.561493313216878,13.362743652151881,13.81659017476528,-3.001580718964981,11.072348253102415,2.5627007198836007,0.0,8.0,3.0,4.932952559829462
12-20,-6.68281401263025,6.783276946933802,8.611412206887582,-2.7679879910954557,1.035717555454799,4.207922720275754,11.899741305157852,13.88956214959255,-4.3216111072942835,11.283457637776639,3.359210512880729,0.0,8.0,3.0,3.9414906603283097
12-21,-6.68281401263025,6.356654168813857,10.080424660699034,-1.8063251622634,1.233698875982071,4.473930175150043,11.899741305157852,11.909449373221953,-4.064061558139231,13.539298488541002,4.120991658051561,0.0,8.0,3.0,4.2550823310487065
12-22,-7.457631689956178,7.870373826681575,9.462366627880495,-1.6467061308882722,0.7790344020451857,4.473930175150043,10.870719210311398,12.07871995843904,-2.667183272968251,13.256661461098288,8.230091355008467,0.0,8.0,3.0,4.6041979935668165
12-23,-9.206655992862297,7.929140587769092,8.807740188397277,-0.4933417819999365,0.7790344020451857,5.060164755845839,9.105436258249307,11.278380165833891,-2.6228227609821504,12.84779896538584,8.230091355008467,0.0,8.0,3.0,4.309580511890876
12-24,-7.3860862350265135,6.966870149589927,4.4247745599357415,-0.4933417819999365,-0.3186974267610876,5.295190927568118,9.345053269157859,9.578448835051976,-2.502441331598535,12.84779896538584,7.016429240740197,0.0,7.0,4.0,3.7311665976702986
12-26,-6.52381352015904,7.085278311058543,6.594590882997255,0.2450943038995463,0.3134735218014407,4.66605868840032,8.598989396511447,8.759123036326232,-2.502441331598535,13.072701205171631,4.4375219702706055,0.0,9.0,2.0,3.72888137205662
12-27,-5.518868085793978,7.085278311058543,6.594590882997255,0.8754878883822519,-0.8127259921751525,4.5384357550321255,9.735450739289355,8.759123036326232,-1.4745795654501823,10.613753728879658,-0.7292223129766994,0.0,7.0,4.0,3.305560365464117
12-28,-5.518868085793978,7.085278311058543,9.973337809244793,3.965599195432424,-1.5608322751799957,4.302077492779407,9.735450739289355,10.822289922534278,-1.770427666143049,10.38503454351903,0.13677810598586573,0.0,8.0,3.0,3.962976507727223
12-29,-4.716980962322129,4.379879671608487,8.856681121086952,1.8052217317783863,-2.140558185597742,4.302077492779407,9.179887502758843,10.09424535126342,-1.0848535158436678,10.589665151753813,-5.156275119284148,0.0,7.0,4.0,3.0090825199984685
12-30,-3.5377357217415963,4.21142897704313,8.936162053216247,4.6586725768666755,-2.140558185597742,4.982979083629707,9.3220254224934,10.854621441895569,-2.404221160877401,11.211978277061208,-5.156275119284148,0.0,7.0,4.0,3.4115898037254215
12-31,-1.9598696701488465,3.7391330884850538,6.263271208167662,4.6586725768666755,-1.783803024443798,7.068859586827136,12.915803741754113,10.540674682955325,-2.1645878252237787,11.211978277061208,-4.868208610919451,0.0,7.0,4.0,3.801827002615108
