Date,High,Low,Open,Close,Volume,Adj Close
2009-01-02,0.699999988079071,0.6000000238418579,0.6000000238418579,0.699999988079071,33300.0,0.699999988079071
2009-01-05,0.699999988079071,0.6000000238418579,0.6000000238418579,0.699999988079071,17700.0,0.699999988079071
2009-01-06,1.100000023841858,0.699999988079071,0.699999988079071,0.800000011920929,68300.0,0.800000011920929
2009-01-07,1.0,0.699999988079071,0.800000011920929,0.800000011920929,34500.0,0.800000011920929
2009-01-08,0.8999999761581421,0.800000011920929,0.800000011920929,0.800000011920929,12000.0,0.800000011920929
2009-01-09,0.8999999761581421,0.699999988079071,0.800000011920929,0.800000011920929,27800.0,0.800000011920929
2009-01-12,0.550000011920929,0.5099999904632568,0.5099999904632568,0.550000011920929,2200.0,0.550000011920929
2009-01-13,0.6000000238418579,0.550000011920929,0.550000011920929,0.6000000238418579,1800.0,0.6000000238418579
2009-01-14,0.800000011920929,0.5099999904632568,0.550000011920929,0.800000011920929,31100.0,0.800000011920929
2009-01-15,0.800000011920929,0.5099999904632568,0.800000011920929,0.5199999809265137,27900.0,0.5199999809265137
2009-01-16,0.5199999809265137,0.4000000059604645,0.5199999809265137,0.41999998688697815,29200.0,0.41999998688697815
2009-01-20,0.5099999904632568,0.4099999964237213,0.4099999964237213,0.41999998688697815,7200.0,0.41999998688697815
2009-01-21,0.5,0.41999998688697815,0.41999998688697815,0.5,10700.0,0.5
2009-01-22,0.5,0.44999998807907104,0.5,0.5,9400.0,0.5
2009-01-23,0.550000011920929,0.44999998807907104,0.44999998807907104,0.5299999713897705,10700.0,0.5299999713897705
2009-01-26,0.5299999713897705,0.44999998807907104,0.44999998807907104,0.5299999713897705,15000.0,0.5299999713897705
2009-01-27,0.550000011920929,0.46000000834465027,0.550000011920929,0.46000000834465027,6100.0,0.46000000834465027
2009-01-28,0.5,0.41999998688697815,0.46000000834465027,0.5,17700.0,0.5
2009-01-29,0.5,0.41999998688697815,0.5,0.41999998688697815,4100.0,0.41999998688697815
2009-01-30,0.5,0.41999998688697815,0.41999998688697815,0.5,18200.0,0.5
2009-02-02,0.5,0.4000000059604645,0.41999998688697815,0.41999998688697815,7000.0,0.41999998688697815
2009-02-03,0.47999998927116394,0.4000000059604645,0.4000000059604645,0.4000000059604645,14200.0,0.4000000059604645
2009-02-04,0.49000000953674316,0.4000000059604645,0.4000000059604645,0.4099999964237213,13500.0,0.4099999964237213
2009-02-05,0.4099999964237213,0.4099999964237213,0.4099999964237213,0.4099999964237213,11200.0,0.4099999964237213
2009-02-06,0.49000000953674316,0.4099999964237213,0.4099999964237213,0.41999998688697815,3600.0,0.41999998688697815
2009-02-09,0.49000000953674316,0.4099999964237213,0.41999998688697815,0.4099999964237213,9400.0,0.4099999964237213
2009-02-10,0.49000000953674316,0.4099999964237213,0.4099999964237213,0.44999998807907104,13100.0,0.44999998807907104
2009-02-11,0.4099999964237213,0.4099999964237213,0.4099999964237213,0.4099999964237213,5700.0,0.4099999964237213
2009-02-12,0.5400000214576721,0.4099999964237213,0.41999998688697815,0.5400000214576721,3500.0,0.5400000214576721
2009-02-13,0.5,0.4099999964237213,0.4099999964237213,0.4099999964237213,800.0,0.4099999964237213
2009-02-17,0.5400000214576721,0.4099999964237213,0.4099999964237213,0.4099999964237213,10900.0,0.4099999964237213
2009-02-18,0.5099999904632568,0.20999999344348907,0.4099999964237213,0.3499999940395355,13800.0,0.3499999940395355
2009-02-19,0.44999998807907104,0.3499999940395355,0.44999998807907104,0.3499999940395355,5800.0,0.3499999940395355
2009-02-20,0.3499999940395355,0.25,0.3499999940395355,0.25,5800.0,0.25
2009-02-23,0.3499999940395355,0.2199999988079071,0.27000001072883606,0.3499999940395355,5000.0,0.3499999940395355
2009-02-24,0.7799999713897705,0.2199999988079071,0.2199999988079071,0.4000000059604645,3300.0,0.4000000059604645
2009-02-25,0.4000000059604645,0.25,0.3199999928474426,0.30000001192092896,36100.0,0.30000001192092896
2009-02-26,0.3499999940395355,0.25,0.25,0.25,25800.0,0.25
2009-02-27,0.3499999940395355,0.25,0.25,0.28999999165534973,11500.0,0.28999999165534973
2009-03-02,0.2800000011920929,0.25,0.25,0.25,19000.0,0.25
2009-03-03,0.3499999940395355,0.1599999964237213,0.25,0.25,14700.0,0.25
2009-03-04,0.1599999964237213,0.1599999964237213,0.1599999964237213,0.1599999964237213,3500.0,0.1599999964237213
2009-03-05,0.27000001072883606,0.1599999964237213,0.27000001072883606,0.27000001072883606,5600.0,0.27000001072883606
2009-03-06,0.25,0.1599999964237213,0.1599999964237213,0.25,5300.0,0.25
2009-03-09,0.25,0.1599999964237213,0.25,0.1599999964237213,2400.0,0.1599999964237213
2009-03-10,0.25,0.1599999964237213,0.1599999964237213,0.17000000178813934,4700.0,0.17000000178813934
2009-03-11,0.18000000715255737,0.17000000178813934,0.17000000178813934,0.17000000178813934,6500.0,0.17000000178813934
2009-03-12,0.25,0.1599999964237213,0.17000000178813934,0.25,4600.0,0.25
2009-03-13,0.25,0.11999999731779099,0.25,0.23999999463558197,8300.0,0.23999999463558197
2009-03-16,0.25,0.1599999964237213,0.25,0.1599999964237213,7300.0,0.1599999964237213
2009-03-17,0.23000000417232513,0.1599999964237213,0.23000000417232513,0.17000000178813934,8500.0,0.17000000178813934
2009-03-18,0.23000000417232513,0.17000000178813934,0.17000000178813934,0.23000000417232513,11600.0,0.23000000417232513
2009-03-19,0.23000000417232513,0.2199999988079071,0.23000000417232513,0.2199999988079071,53200.0,0.2199999988079071
2009-03-20,0.23000000417232513,0.18000000715255737,0.23000000417232513,0.23000000417232513,7000.0,0.23000000417232513
2009-03-23,0.23000000417232513,0.18000000715255737,0.23000000417232513,0.18000000715255737,14100.0,0.18000000715255737
2009-03-24,0.23000000417232513,0.1599999964237213,0.1599999964237213,0.23000000417232513,14200.0,0.23000000417232513
2009-03-25,0.23000000417232513,0.1599999964237213,0.23000000417232513,0.1899999976158142,9100.0,0.1899999976158142
2009-03-26,0.23000000417232513,0.1899999976158142,0.1899999976158142,0.1899999976158142,20600.0,0.1899999976158142
2009-03-27,0.23000000417232513,0.2199999988079071,0.23000000417232513,0.23000000417232513,40400.0,0.23000000417232513
2009-03-30,0.23000000417232513,0.1899999976158142,0.23000000417232513,0.23000000417232513,8400.0,0.23000000417232513
2009-03-31,0.23000000417232513,0.1599999964237213,0.1599999964237213,0.18000000715255737,9500.0,0.18000000715255737
2009-04-01,0.23000000417232513,0.1599999964237213,0.1599999964237213,0.23000000417232513,16600.0,0.23000000417232513
2009-04-02,0.23000000417232513,0.20000000298023224,0.23000000417232513,0.23000000417232513,13900.0,0.23000000417232513
2009-04-03,0.28999999165534973,0.23000000417232513,0.23000000417232513,0.2800000011920929,28000.0,0.2800000011920929
2009-04-06,0.30000001192092896,0.20000000298023224,0.30000001192092896,0.2800000011920929,26700.0,0.2800000011920929
2009-04-07,0.30000001192092896,0.25,0.25,0.27000001072883606,42300.0,0.27000001072883606
2009-04-08,0.6000000238418579,0.30000001192092896,0.30000001192092896,0.6000000238418579,19100.0,0.6000000238418579
2009-04-09,0.699999988079071,0.3499999940395355,0.6499999761581421,0.5699999928474426,23300.0,0.5699999928474426
2009-04-13,0.6499999761581421,0.3499999940395355,0.6000000238418579,0.5,14000.0,0.5
2009-04-14,0.550000011920929,0.5,0.5,0.5,5900.0,0.5
2009-04-15,0.6499999761581421,0.5,0.5,0.550000011920929,7300.0,0.550000011920929
2009-04-16,0.6499999761581421,0.550000011920929,0.6499999761581421,0.6000000238418579,15100.0,0.6000000238418579
2009-04-17,0.6000000238418579,0.5,0.6000000238418579,0.5,13100.0,0.5
2009-04-20,0.5899999737739563,0.5,0.5,0.5899999737739563,5200.0,0.5899999737739563
2009-04-21,0.6000000238418579,0.5,0.5,0.5799999833106995,3300.0,0.5799999833106995
2009-04-22,0.6000000238418579,0.5,0.5,0.550000011920929,15900.0,0.550000011920929
2009-04-23,0.550000011920929,0.5,0.550000011920929,0.5,7900.0,0.5
2009-04-24,0.6000000238418579,0.5,0.5,0.6000000238418579,1500.0,0.6000000238418579
2009-04-27,0.5899999737739563,0.5099999904632568,0.5899999737739563,0.5099999904632568,2100.0,0.5099999904632568
2009-04-28,0.6000000238418579,0.5099999904632568,0.5799999833106995,0.5099999904632568,12300.0,0.5099999904632568
2009-04-29,0.6000000238418579,0.3499999940395355,0.5099999904632568,0.49000000953674316,44800.0,0.49000000953674316
2009-04-30,0.550000011920929,0.3499999940395355,0.550000011920929,0.550000011920929,6800.0,0.550000011920929
2009-05-01,0.6399999856948853,0.3499999940395355,0.6399999856948853,0.4000000059604645,11100.0,0.4000000059604645
2009-05-04,0.6000000238418579,0.4000000059604645,0.6000000238418579,0.4000000059604645,5200.0,0.4000000059604645
2009-05-05,0.550000011920929,0.4000000059604645,0.4000000059604645,0.44999998807907104,33700.0,0.44999998807907104
2009-05-06,0.5,0.4000000059604645,0.44999998807907104,0.5,14800.0,0.5
2009-05-07,0.5,0.4000000059604645,0.4300000071525574,0.49000000953674316,17900.0,0.49000000953674316
2009-05-08,0.5,0.4099999964237213,0.5,0.5,13500.0,0.5
2009-05-11,0.5,0.4000000059604645,0.4099999964237213,0.5,5500.0,0.5
2009-05-12,0.5,0.4000000059604645,0.4000000059604645,0.4000000059604645,4400.0,0.4000000059604645
2009-05-13,0.46000000834465027,0.4000000059604645,0.4000000059604645,0.4000000059604645,36100.0,0.4000000059604645
2009-05-14,0.550000011920929,0.4000000059604645,0.550000011920929,0.4000000059604645,3100.0,0.4000000059604645
2009-05-15,0.4000000059604645,0.4000000059604645,0.4000000059604645,0.4000000059604645,800.0,0.4000000059604645
2009-05-18,0.550000011920929,0.3499999940395355,0.41999998688697815,0.550000011920929,25300.0,0.550000011920929
2009-05-19,0.550000011920929,0.41999998688697815,0.41999998688697815,0.4300000071525574,9300.0,0.4300000071525574
2009-05-20,0.5099999904632568,0.4300000071525574,0.4300000071525574,0.4300000071525574,10600.0,0.4300000071525574
2009-05-21,0.5,0.4300000071525574,0.5,0.46000000834465027,18500.0,0.46000000834465027
2009-05-22,0.5199999809265137,0.46000000834465027,0.46000000834465027,0.46000000834465027,1000.0,0.46000000834465027
2009-05-26,0.46000000834465027,0.46000000834465027,0.46000000834465027,0.46000000834465027,12600.0,0.46000000834465027
2009-05-27,0.550000011920929,0.4399999976158142,0.550000011920929,0.4399999976158142,1700.0,0.4399999976158142
2009-05-28,0.550000011920929,0.44999998807907104,0.550000011920929,0.44999998807907104,1500.0,0.44999998807907104
2009-05-29,0.550000011920929,0.44999998807907104,0.550000011920929,0.550000011920929,5800.0,0.550000011920929
2009-06-01,0.550000011920929,0.44999998807907104,0.550000011920929,0.44999998807907104,7100.0,0.44999998807907104
2009-06-02,0.550000011920929,0.44999998807907104,0.44999998807907104,0.550000011920929,11100.0,0.550000011920929
2009-06-03,0.550000011920929,0.44999998807907104,0.44999998807907104,0.44999998807907104,17000.0,0.44999998807907104
2009-06-04,0.5,0.44999998807907104,0.44999998807907104,0.44999998807907104,5500.0,0.44999998807907104
2009-06-05,0.4699999988079071,0.3799999952316284,0.4699999988079071,0.3799999952316284,21000.0,0.3799999952316284
2009-06-08,0.5299999713897705,0.3799999952316284,0.3799999952316284,0.4099999964237213,8400.0,0.4099999964237213
2009-06-09,0.5299999713897705,0.4099999964237213,0.4099999964237213,0.5299999713897705,1800.0,0.5299999713897705
2009-06-10,0.5299999713897705,0.41999998688697815,0.5299999713897705,0.41999998688697815,14400.0,0.41999998688697815
2009-06-11,0.5099999904632568,0.4000000059604645,0.4000000059604645,0.46000000834465027,30700.0,0.46000000834465027
2009-06-12,0.550000011920929,0.46000000834465027,0.46000000834465027,0.550000011920929,21900.0,0.550000011920929
2009-06-15,0.6600000262260437,0.5199999809265137,0.6600000262260437,0.5199999809265137,24000.0,0.5199999809265137
2009-06-16,0.7900000214576721,0.47999998927116394,0.5199999809265137,0.550000011920929,10500.0,0.550000011920929
2009-06-17,0.5099999904632568,0.5099999904632568,0.5099999904632568,0.5099999904632568,11400.0,0.5099999904632568
2009-06-18,0.6499999761581421,0.5199999809265137,0.550000011920929,0.5199999809265137,15600.0,0.5199999809265137
2009-06-19,0.6000000238418579,0.5,0.5199999809265137,0.6000000238418579,4900.0,0.6000000238418579
2009-06-22,0.6499999761581421,0.5,0.5,0.550000011920929,14700.0,0.550000011920929
2009-06-23,0.5199999809265137,0.5099999904632568,0.5099999904632568,0.5199999809265137,3700.0,0.5199999809265137
2009-06-24,0.6200000047683716,0.5199999809265137,0.5199999809265137,0.6200000047683716,8000.0,0.6200000047683716
2009-06-25,0.6200000047683716,0.5199999809265137,0.5199999809265137,0.6200000047683716,2300.0,0.6200000047683716
2009-06-26,0.6200000047683716,0.5,0.5,0.5099999904632568,4100.0,0.5099999904632568
2009-06-29,0.8500000238418579,0.5199999809265137,0.5199999809265137,0.75,77100.0,0.75
2009-06-30,1.0099999904632568,0.7699999809265137,0.7699999809265137,1.0,163400.0,1.0
2009-07-01,1.2999999523162842,1.0099999904632568,1.0199999809265137,1.2000000476837158,133300.0,1.2000000476837158
2009-07-02,1.2000000476837158,1.159999966621399,1.2000000476837158,1.2000000476837158,28400.0,1.2000000476837158
2009-07-06,1.2300000190734863,1.1399999856948853,1.159999966621399,1.149999976158142,20600.0,1.149999976158142
2009-07-07,1.350000023841858,1.159999966621399,1.2200000286102295,1.2400000095367432,15500.0,1.2400000095367432
2009-07-08,1.309999942779541,1.2100000381469727,1.2999999523162842,1.2799999713897705,36200.0,1.2799999713897705
2009-07-09,1.2999999523162842,1.25,1.2999999523162842,1.2799999713897705,13200.0,1.2799999713897705
2009-07-10,1.2999999523162842,1.149999976158142,1.2799999713897705,1.2000000476837158,28400.0,1.2000000476837158
2009-07-13,1.2400000095367432,0.9200000166893005,1.2000000476837158,0.9200000166893005,55500.0,0.9200000166893005
2009-07-14,1.2000000476837158,0.8999999761581421,0.9200000166893005,0.8999999761581421,18800.0,0.8999999761581421
2009-07-15,1.100000023841858,0.8999999761581421,0.8999999761581421,1.090000033378601,7100.0,1.090000033378601
2009-07-16,1.090000033378601,1.0099999904632568,1.0099999904632568,1.0199999809265137,8200.0,1.0199999809265137
2009-07-17,1.0700000524520874,0.9599999785423279,1.059999942779541,0.9599999785423279,4600.0,0.9599999785423279
2009-07-20,1.0700000524520874,0.949999988079071,0.9599999785423279,0.9599999785423279,22000.0,0.9599999785423279
2009-07-21,1.2000000476837158,0.9100000262260437,0.9100000262260437,1.1799999475479126,23400.0,1.1799999475479126
2009-07-22,1.25,1.100000023841858,1.1799999475479126,1.1299999952316284,16700.0,1.1299999952316284
2009-07-23,1.25,1.159999966621399,1.159999966621399,1.25,12800.0,1.25
2009-07-24,1.25,1.1100000143051147,1.25,1.25,21700.0,1.25
2009-07-27,1.4500000476837158,1.25,1.25,1.4500000476837158,26800.0,1.4500000476837158
2009-07-28,2.9600000381469727,1.4500000476837158,1.4500000476837158,2.309999942779541,106000.0,2.309999942779541
2009-07-29,2.450000047683716,1.7599999904632568,2.450000047683716,1.9500000476837158,59100.0,1.9500000476837158
2009-07-30,2.0,1.850000023841858,1.9500000476837158,1.9600000381469727,32800.0,1.9600000381469727
2009-07-31,1.9700000286102295,1.809999942779541,1.8899999856948853,1.8600000143051147,25500.0,1.8600000143051147
2009-08-03,2.049999952316284,1.8600000143051147,1.8600000143051147,2.0,22200.0,2.0
2009-08-04,1.9500000476837158,1.8600000143051147,1.8600000143051147,1.9299999475479126,30100.0,1.9299999475479126
2009-08-05,1.9600000381469727,1.899999976158142,1.9500000476837158,1.9600000381469727,10900.0,1.9600000381469727
2009-08-06,2.0,1.909999966621399,1.909999966621399,1.9600000381469727,15000.0,1.9600000381469727
2009-08-07,2.049999952316284,2.0,2.0,2.0,27200.0,2.0
2009-08-10,2.25,1.9800000190734863,1.9800000190734863,2.25,12500.0,2.25
2009-08-11,2.200000047683716,2.0299999713897705,2.049999952316284,2.059999942779541,15800.0,2.059999942779541
2009-08-12,2.1500000953674316,2.0,2.0,2.059999942779541,10600.0,2.059999942779541
2009-08-13,2.25,2.0999999046325684,2.119999885559082,2.0999999046325684,19300.0,2.0999999046325684
2009-08-14,2.299999952316284,2.0,2.0999999046325684,2.049999952316284,8100.0,2.049999952316284
2009-08-17,2.049999952316284,2.009999990463257,2.049999952316284,2.0299999713897705,22100.0,2.0299999713897705
2009-08-18,2.0999999046325684,2.0,2.049999952316284,2.049999952316284,20700.0,2.049999952316284
2009-08-19,2.009999990463257,2.009999990463257,2.009999990463257,2.009999990463257,5000.0,2.009999990463257
2009-08-20,2.049999952316284,2.0,2.0,2.049999952316284,10700.0,2.049999952316284
2009-08-21,2.049999952316284,2.0,2.049999952316284,2.0,17400.0,2.0
2009-08-24,2.0999999046325684,2.0,2.009999990463257,2.0,23600.0,2.0
2009-08-25,2.0899999141693115,2.0,2.0,2.049999952316284,11200.0,2.049999952316284
2009-08-26,2.049999952316284,2.009999990463257,2.009999990463257,2.049999952316284,10300.0,2.049999952316284
2009-08-27,2.0999999046325684,2.009999990463257,2.049999952316284,2.049999952316284,22300.0,2.049999952316284
2009-08-28,2.0999999046325684,2.009999990463257,2.049999952316284,2.049999952316284,10300.0,2.049999952316284
2009-08-31,2.049999952316284,2.0199999809265137,2.049999952316284,2.0199999809265137,24400.0,2.0199999809265137
2009-09-01,2.0999999046325684,2.0199999809265137,2.0199999809265137,2.0999999046325684,26300.0,2.0999999046325684
2009-09-02,2.0999999046325684,2.0,2.0799999237060547,2.0,12100.0,2.0
2009-09-03,2.299999952316284,1.899999976158142,1.899999976158142,2.25,8600.0,2.25
2009-09-04,2.25,2.0,2.25,2.049999952316284,23400.0,2.049999952316284
2009-09-08,2.0999999046325684,2.0,2.0,2.009999990463257,11900.0,2.009999990463257
2009-09-09,2.0999999046325684,2.0,2.0,2.0,11300.0,2.0
2009-09-10,2.009999990463257,2.009999990463257,2.009999990463257,2.009999990463257,4400.0,2.009999990463257
2009-09-11,2.140000104904175,2.009999990463257,2.009999990463257,2.0199999809265137,3800.0,2.0199999809265137
2009-09-14,2.0899999141693115,2.0299999713897705,2.0299999713897705,2.0399999618530273,14800.0,2.0399999618530273
2009-09-15,2.0799999237060547,2.009999990463257,2.0399999618530273,2.0199999809265137,12600.0,2.0199999809265137
2009-09-16,2.0199999809265137,2.009999990463257,2.009999990463257,2.0199999809265137,21000.0,2.0199999809265137
2009-09-17,2.200000047683716,2.009999990463257,2.009999990463257,2.009999990463257,14100.0,2.009999990463257
2009-09-18,2.049999952316284,2.009999990463257,2.0299999713897705,2.009999990463257,7700.0,2.009999990463257
2009-09-21,2.0999999046325684,2.0,2.009999990463257,2.0299999713897705,48600.0,2.0299999713897705
2009-09-22,2.0999999046325684,2.009999990463257,2.0199999809265137,2.0999999046325684,24900.0,2.0999999046325684
2009-09-23,2.180000066757202,2.0899999141693115,2.0999999046325684,2.119999885559082,26900.0,2.119999885559082
2009-09-24,2.119999885559082,2.049999952316284,2.119999885559082,2.059999942779541,13200.0,2.059999942779541
2009-09-25,2.0999999046325684,2.059999942779541,2.059999942779541,2.0799999237060547,13600.0,2.0799999237060547
2009-09-28,2.1500000953674316,2.059999942779541,2.059999942779541,2.1500000953674316,15600.0,2.1500000953674316
2009-09-29,2.1500000953674316,2.0799999237060547,2.1500000953674316,2.0899999141693115,18900.0,2.0899999141693115
2009-09-30,2.109999895095825,2.0799999237060547,2.0799999237060547,2.109999895095825,5700.0,2.109999895095825
2009-10-01,2.200000047683716,2.109999895095825,2.109999895095825,2.119999885559082,13600.0,2.119999885559082
2009-10-02,2.1500000953674316,2.109999895095825,2.119999885559082,2.109999895095825,15100.0,2.109999895095825
2009-10-05,2.1500000953674316,2.109999895095825,2.130000114440918,2.109999895095825,8700.0,2.109999895095825
2009-10-06,2.5,2.109999895095825,2.109999895095825,2.299999952316284,47200.0,2.299999952316284
2009-10-07,2.700000047683716,2.390000104904175,2.390000104904175,2.690000057220459,37200.0,2.690000057220459
2009-10-08,2.75,2.509999990463257,2.700000047683716,2.6500000953674316,39900.0,2.6500000953674316
2009-10-09,2.700000047683716,2.630000114440918,2.700000047683716,2.630000114440918,6600.0,2.630000114440918
2009-10-12,2.700000047683716,2.630000114440918,2.630000114440918,2.700000047683716,4100.0,2.700000047683716
2009-10-13,3.8499999046325684,2.6500000953674316,2.6500000953674316,3.4000000953674316,99700.0,3.4000000953674316
2009-10-14,4.389999866485596,3.4000000953674316,3.4000000953674316,4.389999866485596,113200.0,4.389999866485596
2009-10-15,4.989999771118164,3.9700000286102295,4.25,4.349999904632568,293700.0,4.349999904632568
2009-10-16,4.769999980926514,3.7100000381469727,4.400000095367432,3.9100000858306885,36600.0,3.9100000858306885
2009-10-19,4.150000095367432,3.569999933242798,3.9100000858306885,3.5999999046325684,36000.0,3.5999999046325684
2009-10-20,3.990000009536743,3.5999999046325684,3.5999999046325684,3.75,43000.0,3.75
2009-10-21,3.880000114440918,3.7799999713897705,3.869999885559082,3.7799999713897705,7600.0,3.7799999713897705
2009-10-22,3.880000114440918,3.609999895095825,3.609999895095825,3.6600000858306885,14500.0,3.6600000858306885
2009-10-23,4.099999904632568,3.680000066757202,3.680000066757202,4.099999904632568,33000.0,4.099999904632568
2009-10-26,4.079999923706055,3.700000047683716,4.079999923706055,4.079999923706055,24400.0,4.079999923706055
2009-10-27,4.199999809265137,3.9000000953674316,4.199999809265137,4.0,15400.0,4.0
2009-10-28,4.139999866485596,3.799999952316284,3.950000047683716,3.799999952316284,25800.0,3.799999952316284
2009-10-29,3.990000009536743,3.6500000953674316,3.799999952316284,3.700000047683716,22000.0,3.700000047683716
2009-10-30,3.700000047683716,3.299999952316284,3.700000047683716,3.309999942779541,47700.0,3.309999942779541
2009-11-02,3.3399999141693115,2.75,3.259999990463257,2.799999952316284,62100.0,2.799999952316284
2009-11-03,3.5,2.819999933242798,3.0399999618530273,3.490000009536743,54900.0,3.490000009536743
2009-11-04,3.4800000190734863,2.9100000858306885,3.4800000190734863,3.0999999046325684,35000.0,3.0999999046325684
2009-11-05,3.450000047683716,2.7799999713897705,3.0,3.0999999046325684,24500.0,3.0999999046325684
2009-11-06,3.0,2.799999952316284,2.9100000858306885,2.9000000953674316,13200.0,2.9000000953674316
2009-11-09,3.5,2.799999952316284,2.799999952316284,3.25,90000.0,3.25
2009-11-10,3.5,3.4000000953674316,3.4000000953674316,3.4000000953674316,29600.0,3.4000000953674316
2009-11-11,3.5,3.299999952316284,3.440000057220459,3.5,12700.0,3.5
2009-11-12,3.450000047683716,3.25,3.430000066757202,3.299999952316284,7200.0,3.299999952316284
2009-11-13,3.299999952316284,3.1500000953674316,3.299999952316284,3.200000047683716,4000.0,3.200000047683716
2009-11-16,3.25,3.2100000381469727,3.2100000381469727,3.2200000286102295,3300.0,3.2200000286102295
2009-11-17,3.180000066757202,3.049999952316284,3.1500000953674316,3.049999952316284,5000.0,3.049999952316284
2009-11-18,3.2200000286102295,3.0,3.0,3.2200000286102295,7500.0,3.2200000286102295
2009-11-19,3.25,3.0,3.25,3.049999952316284,7900.0,3.049999952316284
2009-11-20,3.119999885559082,3.009999990463257,3.119999885559082,3.009999990463257,15500.0,3.009999990463257
2009-11-23,3.0199999809265137,2.9000000953674316,3.0199999809265137,2.9000000953674316,57800.0,2.9000000953674316
2009-11-24,2.930000066757202,2.7699999809265137,2.930000066757202,2.7799999713897705,34700.0,2.7799999713897705
2009-11-25,3.109999895095825,2.809999942779541,2.809999942779541,3.049999952316284,10800.0,3.049999952316284
2009-11-27,3.049999952316284,2.9200000762939453,3.049999952316284,3.049999952316284,2900.0,3.049999952316284
2009-11-30,3.049999952316284,2.8499999046325684,2.9100000858306885,2.950000047683716,17100.0,2.950000047683716
2009-12-01,3.130000114440918,2.950000047683716,2.950000047683716,3.130000114440918,24800.0,3.130000114440918
2009-12-02,3.140000104904175,3.0199999809265137,3.130000114440918,3.0199999809265137,12600.0,3.0199999809265137
2009-12-03,3.0999999046325684,3.049999952316284,3.049999952316284,3.069999933242798,19300.0,3.069999933242798
2009-12-04,3.0999999046325684,3.0,3.0899999141693115,3.049999952316284,6900.0,3.049999952316284
2009-12-07,3.0799999237060547,3.0199999809265137,3.0199999809265137,3.0799999237060547,20800.0,3.0799999237060547
2009-12-08,3.0999999046325684,3.0,3.0799999237060547,3.0,15800.0,3.0
2009-12-09,3.130000114440918,2.9000000953674316,2.9000000953674316,2.950000047683716,7000.0,2.950000047683716
2009-12-10,2.9600000381469727,2.9600000381469727,2.9600000381469727,2.9600000381469727,1900.0,2.9600000381469727
2009-12-11,3.0999999046325684,2.9200000762939453,3.0,2.9600000381469727,2800.0,2.9600000381469727
2009-12-14,2.9800000190734863,2.9100000858306885,2.9100000858306885,2.9800000190734863,11600.0,2.9800000190734863
2009-12-15,3.119999885559082,2.9600000381469727,2.9800000190734863,3.0,22300.0,3.0
2009-12-16,3.049999952316284,2.9200000762939453,2.9800000190734863,3.049999952316284,21700.0,3.049999952316284
2009-12-17,3.0,2.9000000953674316,2.9000000953674316,3.0,20400.0,3.0
2009-12-18,3.0999999046325684,2.8499999046325684,2.990000009536743,3.0,19200.0,3.0
2009-12-21,3.0999999046325684,2.950000047683716,2.950000047683716,3.0,18300.0,3.0
2009-12-22,3.049999952316284,3.0,3.0,3.0199999809265137,12800.0,3.0199999809265137
2009-12-23,3.0899999141693115,3.0,3.0199999809265137,3.009999990463257,10600.0,3.009999990463257
2009-12-24,3.0999999046325684,3.0299999713897705,3.0299999713897705,3.0999999046325684,16000.0,3.0999999046325684
2009-12-28,3.5999999046325684,3.2100000381469727,3.25,3.5199999809265137,68900.0,3.5199999809265137
2009-12-29,3.6700000762939453,3.4200000762939453,3.5199999809265137,3.5199999809265137,21300.0,3.5199999809265137
2009-12-30,3.549999952316284,3.3499999046325684,3.5,3.430000066757202,19000.0,3.430000066757202
2009-12-31,3.5,3.2100000381469727,3.5,3.2899999618530273,11000.0,3.2899999618530273
2010-01-04,3.5999999046325684,3.1600000858306885,3.3499999046325684,3.5999999046325684,28700.0,3.5999999046325684
2010-01-05,3.8499999046325684,3.5999999046325684,3.8499999046325684,3.7100000381469727,19600.0,3.7100000381469727
2010-01-06,3.740000009536743,3.5999999046325684,3.700000047683716,3.6600000858306885,31200.0,3.6600000858306885
2010-01-07,3.9000000953674316,3.619999885559082,3.6600000858306885,3.880000114440918,36600.0,3.880000114440918
2010-01-08,4.5,3.809999942779541,3.890000104904175,4.329999923706055,95600.0,4.329999923706055
2010-01-11,4.599999904632568,4.150000095367432,4.150000095367432,4.570000171661377,50200.0,4.570000171661377
2010-01-12,5.139999866485596,4.539999961853027,4.539999961853027,5.099999904632568,136500.0,5.099999904632568
2010-01-13,6.179999828338623,5.059999942779541,5.059999942779541,5.71999979019165,235900.0,5.71999979019165
2010-01-14,5.989999771118164,4.699999809265137,5.949999809265137,5.199999809265137,208500.0,5.199999809265137
2010-01-15,5.289999961853027,4.650000095367432,5.25,4.650000095367432,97700.0,4.650000095367432
2010-01-19,5.28000020980835,4.590000152587891,4.71999979019165,5.099999904632568,64500.0,5.099999904632568
2010-01-20,5.210000038146973,5.0,5.0,5.190000057220459,45000.0,5.190000057220459
2010-01-21,5.300000190734863,4.849999904632568,5.099999904632568,4.940000057220459,32000.0,4.940000057220459
2010-01-22,4.989999771118164,4.710000038146973,4.900000095367432,4.78000020980835,37100.0,4.78000020980835
2010-01-25,4.840000152587891,4.75,4.840000152587891,4.800000190734863,10600.0,4.800000190734863
2010-01-26,4.909999847412109,4.710000038146973,4.789999961853027,4.849999904632568,28500.0,4.849999904632568
2010-01-27,4.900000095367432,4.800000190734863,4.849999904632568,4.800000190734863,21400.0,4.800000190734863
2010-01-28,4.869999885559082,4.619999885559082,4.849999904632568,4.820000171661377,8800.0,4.820000171661377
2010-01-29,4.849999904632568,4.75,4.800000190734863,4.75,22000.0,4.75
2010-02-01,4.75,4.650000095367432,4.730000019073486,4.650000095367432,8800.0,4.650000095367432
2010-02-02,4.690000057220459,4.599999904632568,4.650000095367432,4.599999904632568,15200.0,4.599999904632568
2010-02-03,4.699999809265137,4.599999904632568,4.699999809265137,4.599999904632568,18900.0,4.599999904632568
2010-02-04,4.599999904632568,4.349999904632568,4.599999904632568,4.480000019073486,29100.0,4.480000019073486
2010-02-05,4.510000228881836,4.449999809265137,4.510000228881836,4.489999771118164,18000.0,4.489999771118164
2010-02-08,4.5,4.449999809265137,4.449999809265137,4.5,6700.0,4.5
2010-02-09,4.619999885559082,4.309999942779541,4.619999885559082,4.309999942779541,41500.0,4.309999942779541
2010-02-10,4.360000133514404,3.75,4.269999980926514,4.010000228881836,50700.0,4.010000228881836
2010-02-11,4.0,3.75,4.0,3.75,39800.0,3.75
2010-02-12,3.75,3.5,3.700000047683716,3.75,60400.0,3.75
2010-02-16,3.819999933242798,3.6500000953674316,3.799999952316284,3.819999933242798,27800.0,3.819999933242798
2010-02-17,4.309999942779541,3.8299999237060547,3.8299999237060547,4.0,50400.0,4.0
2010-02-18,4.039999961853027,3.950000047683716,3.950000047683716,4.0,20800.0,4.0
2010-02-19,4.090000152587891,3.9800000190734863,4.0,4.03000020980835,11800.0,4.03000020980835
2010-02-22,4.03000020980835,3.9700000286102295,4.0,3.990000009536743,18100.0,3.990000009536743
2010-02-23,3.990000009536743,3.5799999237060547,3.5799999237060547,3.930000066757202,22000.0,3.930000066757202
2010-02-24,4.179999828338623,3.9100000858306885,3.9100000858306885,3.9700000286102295,17700.0,3.9700000286102295
2010-02-25,4.0,3.950000047683716,4.0,4.0,8900.0,4.0
2010-02-26,4.050000190734863,3.9800000190734863,4.039999961853027,3.9800000190734863,17700.0,3.9800000190734863
2010-03-01,4.179999828338623,3.9200000762939453,3.9200000762939453,4.0,14800.0,4.0
2010-03-02,4.0,3.859999895095825,4.0,3.859999895095825,10100.0,3.859999895095825
2010-03-03,4.139999866485596,4.0,4.050000190734863,4.03000020980835,3800.0,4.03000020980835
2010-03-04,4.0,3.859999895095825,4.0,3.9000000953674316,13400.0,3.9000000953674316
2010-03-05,4.0,3.8499999046325684,3.9000000953674316,3.950000047683716,11300.0,3.950000047683716
2010-03-08,3.990000009536743,3.799999952316284,3.9000000953674316,3.9200000762939453,18900.0,3.9200000762939453
2010-03-09,4.0,3.8499999046325684,3.859999895095825,3.940000057220459,26300.0,3.940000057220459
2010-03-10,4.0,3.940000057220459,3.940000057220459,3.950000047683716,20000.0,3.950000047683716
2010-03-11,3.9600000381469727,3.859999895095825,3.9100000858306885,3.859999895095825,18100.0,3.859999895095825
2010-03-12,3.950000047683716,3.859999895095825,3.890000104904175,3.859999895095825,12900.0,3.859999895095825
2010-03-15,4.050000190734863,3.9000000953674316,3.9200000762939453,4.039999961853027,50900.0,4.039999961853027
2010-03-16,4.679999828338623,4.25,4.260000228881836,4.599999904632568,327500.0,4.599999904632568
2010-03-17,4.949999809265137,4.300000190734863,4.800000190734863,4.449999809265137,196900.0,4.449999809265137
2010-03-18,4.5,4.210000038146973,4.5,4.360000133514404,56400.0,4.360000133514404
2010-03-19,4.400000095367432,4.150000095367432,4.300000190734863,4.400000095367432,32000.0,4.400000095367432
2010-03-22,4.400000095367432,4.150000095367432,4.300000190734863,4.230000019073486,23500.0,4.230000019073486
2010-03-23,4.210000038146973,3.9100000858306885,4.159999847412109,4.190000057220459,63800.0,4.190000057220459
2010-03-24,4.190000057220459,4.090000152587891,4.110000133514404,4.099999904632568,18600.0,4.099999904632568
2010-03-25,4.269999980926514,4.099999904632568,4.139999866485596,4.119999885559082,14900.0,4.119999885559082
2010-03-26,4.170000076293945,4.150000095367432,4.150000095367432,4.150000095367432,11300.0,4.150000095367432
2010-03-29,4.159999847412109,4.010000228881836,4.159999847412109,4.070000171661377,71900.0,4.070000171661377
2010-03-30,4.050000190734863,3.9200000762939453,4.0,3.9600000381469727,50600.0,3.9600000381469727
2010-03-31,4.099999904632568,3.8299999237060547,3.859999895095825,3.950000047683716,36000.0,3.950000047683716
2010-04-01,4.179999828338623,3.9100000858306885,3.950000047683716,4.0,42900.0,4.0
2010-04-05,4.150000095367432,3.990000009536743,4.0,4.150000095367432,30600.0,4.150000095367432
2010-04-06,4.329999923706055,4.079999923706055,4.079999923706055,4.289999961853027,25000.0,4.289999961853027
2010-04-07,4.489999771118164,4.289999961853027,4.329999923706055,4.349999904632568,36100.0,4.349999904632568
2010-04-08,4.550000190734863,4.380000114440918,4.380000114440918,4.429999828338623,16700.0,4.429999828338623
2010-04-09,4.400000095367432,4.199999809265137,4.400000095367432,4.230000019073486,18400.0,4.230000019073486
2010-04-12,4.349999904632568,4.199999809265137,4.349999904632568,4.349999904632568,10700.0,4.349999904632568
2010-04-13,4.5,4.28000020980835,4.389999866485596,4.380000114440918,14000.0,4.380000114440918
2010-04-14,4.5,4.349999904632568,4.380000114440918,4.46999979019165,34600.0,4.46999979019165
2010-04-15,4.420000076293945,4.210000038146973,4.300000190734863,4.300000190734863,23700.0,4.300000190734863
2010-04-16,4.300000190734863,4.150000095367432,4.199999809265137,4.28000020980835,29000.0,4.28000020980835
2010-04-19,4.260000228881836,4.119999885559082,4.190000057220459,4.25,10100.0,4.25
2010-04-20,4.269999980926514,4.199999809265137,4.25,4.269999980926514,22100.0,4.269999980926514
2010-04-21,4.269999980926514,4.239999771118164,4.25,4.260000228881836,14100.0,4.260000228881836
2010-04-22,4.300000190734863,4.25,4.269999980926514,4.300000190734863,10600.0,4.300000190734863
2010-04-23,4.400000095367432,4.25,4.269999980926514,4.320000171661377,6500.0,4.320000171661377
2010-04-26,4.440000057220459,4.349999904632568,4.349999904632568,4.409999847412109,15700.0,4.409999847412109
2010-04-27,4.429999828338623,4.340000152587891,4.429999828338623,4.340000152587891,9800.0,4.340000152587891
2010-04-28,4.400000095367432,4.340000152587891,4.380000114440918,4.340000152587891,6000.0,4.340000152587891
2010-04-29,4.380000114440918,4.340000152587891,4.349999904632568,4.369999885559082,23300.0,4.369999885559082
2010-04-30,4.409999847412109,4.309999942779541,4.360000133514404,4.320000171661377,5200.0,4.320000171661377
2010-05-03,4.480000019073486,4.150000095367432,4.480000019073486,4.150000095367432,20600.0,4.150000095367432
2010-05-04,4.210000038146973,4.0,4.150000095367432,4.050000190734863,16600.0,4.050000190734863
2010-05-05,4.079999923706055,3.9800000190734863,4.059999942779541,4.0,32900.0,4.0
2010-05-06,4.0,3.8499999046325684,4.0,3.8499999046325684,42300.0,3.8499999046325684
2010-05-07,3.9100000858306885,3.8499999046325684,3.8499999046325684,3.869999885559082,14600.0,3.869999885559082
2010-05-10,4.130000114440918,3.9000000953674316,4.130000114440918,4.010000228881836,16300.0,4.010000228881836
2010-05-11,4.0,3.9200000762939453,3.990000009536743,3.950000047683716,13200.0,3.950000047683716
2010-05-12,4.0,3.950000047683716,3.9800000190734863,4.0,18700.0,4.0
2010-05-13,4.050000190734863,3.9000000953674316,4.0,3.9100000858306885,9800.0,3.9100000858306885
2010-05-14,3.940000057220459,3.75,3.9000000953674316,3.799999952316284,16400.0,3.799999952316284
2010-05-17,3.940000057220459,3.799999952316284,3.9000000953674316,3.869999885559082,12200.0,3.869999885559082
2010-05-18,4.599999904632568,4.110000133514404,4.110000133514404,4.230000019073486,85000.0,4.230000019073486
2010-05-19,4.389999866485596,3.869999885559082,4.099999904632568,3.950000047683716,33900.0,3.950000047683716
2010-05-20,3.9000000953674316,3.700000047683716,3.8499999046325684,3.700000047683716,20500.0,3.700000047683716
2010-05-21,3.8399999141693115,3.509999990463257,3.75,3.7899999618530273,44400.0,3.7899999618530273
2010-05-24,3.9100000858306885,3.7100000381469727,3.9000000953674316,3.740000009536743,9900.0,3.740000009536743
2010-05-25,3.759999990463257,3.549999952316284,3.6500000953674316,3.569999933242798,25700.0,3.569999933242798
2010-05-26,3.740000009536743,3.569999933242798,3.569999933242798,3.7100000381469727,20900.0,3.7100000381469727
2010-05-27,3.7699999809265137,3.700000047683716,3.7200000286102295,3.75,20100.0,3.75
2010-05-28,3.859999895095825,3.75,3.859999895095825,3.7699999809265137,6700.0,3.7699999809265137
2010-06-01,3.759999990463257,3.390000104904175,3.759999990463257,3.5,38600.0,3.5
2010-06-02,3.5199999809265137,3.4100000858306885,3.5,3.430000066757202,30100.0,3.430000066757202
2010-06-03,3.450000047683716,3.25,3.390000104904175,3.299999952316284,37400.0,3.299999952316284
2010-06-04,3.299999952316284,3.1600000858306885,3.259999990463257,3.2699999809265137,18900.0,3.2699999809265137
2010-06-07,3.240000009536743,3.200000047683716,3.2100000381469727,3.2200000286102295,10900.0,3.2200000286102295
2010-06-08,3.2200000286102295,3.0,3.190000057220459,3.0799999237060547,19900.0,3.0799999237060547
2010-06-09,3.0899999141693115,2.809999942779541,3.0199999809265137,2.819999933242798,31600.0,2.819999933242798
2010-06-10,2.859999895095825,2.7200000286102295,2.799999952316284,2.7200000286102295,32600.0,2.7200000286102295
2010-06-11,2.7899999618530273,2.559999942779541,2.700000047683716,2.5999999046325684,35000.0,2.5999999046325684
2010-06-14,2.630000114440918,2.549999952316284,2.5999999046325684,2.559999942779541,16200.0,2.559999942779541
2010-06-15,2.75,2.609999895095825,2.609999895095825,2.7300000190734863,10900.0,2.7300000190734863
2010-06-16,2.740000009536743,2.7100000381469727,2.740000009536743,2.7300000190734863,3300.0,2.7300000190734863
2010-06-17,2.9800000190734863,2.75,2.75,2.9800000190734863,19200.0,2.9800000190734863
2010-06-18,3.0899999141693115,2.9600000381469727,2.9800000190734863,3.0899999141693115,18500.0,3.0899999141693115
2010-06-21,3.25,3.059999942779541,3.069999933242798,3.25,20500.0,3.25
2010-06-22,3.25,3.190000057220459,3.2100000381469727,3.190000057220459,9400.0,3.190000057220459
2010-06-23,3.190000057220459,3.1500000953674316,3.180000066757202,3.1700000762939453,4100.0,3.1700000762939453
2010-06-24,3.1500000953674316,2.890000104904175,3.1500000953674316,3.0,10400.0,3.0
2010-06-25,2.9600000381469727,2.809999942779541,2.9600000381469727,2.819999933242798,15400.0,2.819999933242798
2010-06-28,2.890000104904175,2.700000047683716,2.819999933242798,2.700000047683716,27100.0,2.700000047683716
2010-06-29,2.700000047683716,2.609999895095825,2.700000047683716,2.619999885559082,11600.0,2.619999885559082
2010-06-30,2.930000066757202,2.630000114440918,2.630000114440918,2.819999933242798,17100.0,2.819999933242798
2010-07-01,2.809999942779541,2.759999990463257,2.809999942779541,2.7899999618530273,4300.0,2.7899999618530273
2010-07-02,2.9000000953674316,2.7699999809265137,2.859999895095825,2.8299999237060547,9100.0,2.8299999237060547
2010-07-06,2.819999933242798,2.690000057220459,2.7899999618530273,2.690000057220459,9500.0,2.690000057220459
2010-07-07,2.740000009536743,2.6500000953674316,2.6500000953674316,2.7300000190734863,12300.0,2.7300000190734863
2010-07-08,2.700000047683716,2.630000114440918,2.700000047683716,2.6600000858306885,23200.0,2.6600000858306885
2010-07-09,2.7100000381469727,2.619999885559082,2.619999885559082,2.6700000762939453,8300.0,2.6700000762939453
2010-07-12,2.7100000381469727,2.6500000953674316,2.700000047683716,2.7100000381469727,20200.0,2.7100000381469727
2010-07-13,2.940000057220459,2.690000057220459,2.700000047683716,2.940000057220459,3400.0,2.940000057220459
2010-07-14,3.0199999809265137,2.940000057220459,2.990000009536743,2.9600000381469727,10300.0,2.9600000381469727
2010-07-15,2.940000057220459,2.700000047683716,2.940000057220459,2.8499999046325684,5000.0,2.8499999046325684
2010-07-16,2.880000114440918,2.819999933242798,2.859999895095825,2.8299999237060547,4300.0,2.8299999237060547
2010-07-19,2.990000009536743,2.880000114440918,2.880000114440918,2.990000009536743,7900.0,2.990000009536743
2010-07-20,3.2200000286102295,2.990000009536743,3.0,3.119999885559082,11300.0,3.119999885559082
2010-07-21,3.190000057220459,2.950000047683716,3.109999895095825,3.0799999237060547,10900.0,3.0799999237060547
2010-07-22,3.069999933242798,3.009999990463257,3.069999933242798,3.0399999618530273,14000.0,3.0399999618530273
2010-07-23,3.0399999618530273,2.9600000381469727,3.009999990463257,2.9700000286102295,8700.0,2.9700000286102295
2010-07-26,3.0199999809265137,2.740000009536743,2.930000066757202,2.799999952316284,35400.0,2.799999952316284
2010-07-27,2.859999895095825,2.7100000381469727,2.7100000381469727,2.759999990463257,17500.0,2.759999990463257
2010-07-28,2.890000104904175,2.75,2.75,2.8299999237060547,5800.0,2.8299999237060547
2010-07-29,2.8299999237060547,2.799999952316284,2.809999942779541,2.819999933242798,4400.0,2.819999933242798
2010-07-30,2.8499999046325684,2.819999933242798,2.819999933242798,2.8299999237060547,9300.0,2.8299999237060547
2010-08-02,2.9200000762939453,2.7799999713897705,2.8299999237060547,2.859999895095825,6400.0,2.859999895095825
2010-08-03,2.9100000858306885,2.809999942779541,2.809999942779541,2.859999895095825,9800.0,2.859999895095825
2010-08-04,2.8399999141693115,2.759999990463257,2.799999952316284,2.8399999141693115,3900.0,2.8399999141693115
2010-08-05,2.799999952316284,2.7699999809265137,2.7699999809265137,2.799999952316284,3200.0,2.799999952316284
2010-08-06,2.799999952316284,2.75,2.75,2.7699999809265137,6500.0,2.7699999809265137
2010-08-09,2.890000104904175,2.7699999809265137,2.7799999713897705,2.859999895095825,6600.0,2.859999895095825
2010-08-10,3.0,2.7699999809265137,2.7699999809265137,3.0,9500.0,3.0
2010-08-11,3.0,2.8499999046325684,3.0,2.859999895095825,13800.0,2.859999895095825
2010-08-12,3.0,2.799999952316284,2.859999895095825,2.880000114440918,10400.0,2.880000114440918
2010-08-13,2.890000104904175,2.799999952316284,2.799999952316284,2.8399999141693115,5800.0,2.8399999141693115
2010-08-16,2.9800000190734863,2.740000009536743,2.799999952316284,2.869999885559082,23000.0,2.869999885559082
2010-08-17,3.369999885559082,2.940000057220459,3.049999952316284,3.0999999046325684,133200.0,3.0999999046325684
2010-08-18,3.140000104904175,2.859999895095825,2.859999895095825,3.0399999618530273,37200.0,3.0399999618530273
2010-08-19,3.009999990463257,2.8499999046325684,2.9700000286102295,2.8499999046325684,25600.0,2.8499999046325684
2010-08-20,2.9800000190734863,2.8499999046325684,2.8499999046325684,2.9000000953674316,8500.0,2.9000000953674316
2010-08-23,2.9200000762939453,2.8499999046325684,2.890000104904175,2.8499999046325684,15800.0,2.8499999046325684
2010-08-24,2.859999895095825,2.75,2.859999895095825,2.75,26000.0,2.75
2010-08-25,2.75,2.700000047683716,2.740000009536743,2.7300000190734863,5800.0,2.7300000190734863
2010-08-26,2.7699999809265137,2.700000047683716,2.75,2.7200000286102295,16800.0,2.7200000286102295
2010-08-27,2.759999990463257,2.680000066757202,2.680000066757202,2.75,7900.0,2.75
2010-08-30,2.75,2.6700000762939453,2.6700000762939453,2.75,18400.0,2.75
2010-08-31,2.7899999618530273,2.740000009536743,2.740000009536743,2.7899999618530273,41200.0,2.7899999618530273
2010-09-01,2.990000009536743,2.7799999713897705,2.7899999618530273,2.859999895095825,13900.0,2.859999895095825
2010-09-02,2.8499999046325684,2.7100000381469727,2.8499999046325684,2.759999990463257,4600.0,2.759999990463257
2010-09-03,2.8299999237060547,2.700000047683716,2.700000047683716,2.7200000286102295,15900.0,2.7200000286102295
2010-09-07,2.7300000190734863,2.680000066757202,2.680000066757202,2.680000066757202,9500.0,2.680000066757202
2010-09-08,2.7300000190734863,2.6600000858306885,2.7300000190734863,2.6600000858306885,8600.0,2.6600000858306885
2010-09-09,2.700000047683716,2.6500000953674316,2.700000047683716,2.6500000953674316,6600.0,2.6500000953674316
2010-09-10,2.630000114440918,2.549999952316284,2.630000114440918,2.549999952316284,13300.0,2.549999952316284
2010-09-13,2.5999999046325684,2.490000009536743,2.490000009536743,2.5999999046325684,15400.0,2.5999999046325684
2010-09-14,3.009999990463257,2.5999999046325684,2.5999999046325684,2.950000047683716,60200.0,2.950000047683716
2010-09-15,3.009999990463257,2.9600000381469727,3.0,2.9600000381469727,30100.0,2.9600000381469727
2010-09-16,3.0199999809265137,2.8499999046325684,3.0,2.9200000762939453,7700.0,2.9200000762939453
2010-09-17,2.9000000953674316,2.809999942779541,2.9000000953674316,2.9000000953674316,1900.0,2.9000000953674316
2010-09-20,2.9600000381469727,2.8499999046325684,2.8499999046325684,2.930000066757202,5200.0,2.930000066757202
2010-09-21,2.9700000286102295,2.9200000762939453,2.950000047683716,2.9200000762939453,15600.0,2.9200000762939453
2010-09-22,2.880000114440918,2.8499999046325684,2.8499999046325684,2.859999895095825,1400.0,2.859999895095825
2010-09-23,2.859999895095825,2.75,2.7899999618530273,2.75,3300.0,2.75
2010-09-24,2.799999952316284,2.75,2.799999952316284,2.7899999618530273,11200.0,2.7899999618530273
2010-09-27,2.859999895095825,2.700000047683716,2.7200000286102295,2.809999942779541,11600.0,2.809999942779541
2010-09-28,2.859999895095825,2.799999952316284,2.809999942779541,2.8299999237060547,6000.0,2.8299999237060547
2010-09-29,2.8299999237060547,2.7799999713897705,2.799999952316284,2.7799999713897705,9700.0,2.7799999713897705
2010-09-30,2.8499999046325684,2.75,2.8299999237060547,2.7699999809265137,11900.0,2.7699999809265137
2010-10-01,2.8499999046325684,2.7100000381469727,2.819999933242798,2.809999942779541,18200.0,2.809999942779541
2010-10-04,2.809999942779541,2.7100000381469727,2.7100000381469727,2.75,5000.0,2.75
2010-10-05,2.9000000953674316,2.7799999713897705,2.8499999046325684,2.7799999713897705,7300.0,2.7799999713897705
2010-10-06,2.8399999141693115,2.7799999713897705,2.799999952316284,2.7899999618530273,6300.0,2.7899999618530273
2010-10-07,2.809999942779541,2.799999952316284,2.809999942779541,2.799999952316284,1200.0,2.799999952316284
2010-10-08,2.809999942779541,2.759999990463257,2.799999952316284,2.759999990463257,10000.0,2.759999990463257
2010-10-11,2.890000104904175,2.7699999809265137,2.7699999809265137,2.799999952316284,9400.0,2.799999952316284
2010-10-12,2.8499999046325684,2.7100000381469727,2.7899999618530273,2.759999990463257,48300.0,2.759999990463257
2010-10-13,2.799999952316284,2.7100000381469727,2.759999990463257,2.7200000286102295,7900.0,2.7200000286102295
2010-10-14,2.930000066757202,2.700000047683716,2.700000047683716,2.859999895095825,7400.0,2.859999895095825
2010-10-15,2.990000009536743,2.7799999713897705,2.8499999046325684,2.880000114440918,23000.0,2.880000114440918
2010-10-18,2.890000104904175,2.7100000381469727,2.799999952316284,2.7899999618530273,37800.0,2.7899999618530273
2010-10-19,2.859999895095825,2.7100000381469727,2.7100000381469727,2.799999952316284,14200.0,2.799999952316284
2010-10-20,2.799999952316284,2.7300000190734863,2.759999990463257,2.7799999713897705,19900.0,2.7799999713897705
2010-10-21,2.7799999713897705,2.6500000953674316,2.690000057220459,2.700000047683716,24100.0,2.700000047683716
2010-10-22,2.859999895095825,2.6700000762939453,2.6700000762939453,2.799999952316284,49700.0,2.799999952316284
2010-10-25,2.8299999237060547,2.6700000762939453,2.819999933242798,2.75,25500.0,2.75
2010-10-26,2.799999952316284,2.609999895095825,2.7100000381469727,2.799999952316284,21200.0,2.799999952316284
2010-10-27,2.759999990463257,2.6500000953674316,2.759999990463257,2.700000047683716,11200.0,2.700000047683716
2010-10-28,2.7799999713897705,2.6500000953674316,2.6500000953674316,2.7699999809265137,12400.0,2.7699999809265137
2010-10-29,2.7699999809265137,2.5999999046325684,2.700000047683716,2.7200000286102295,11300.0,2.7200000286102295
2010-11-01,2.740000009536743,2.630000114440918,2.630000114440918,2.6500000953674316,9400.0,2.6500000953674316
2010-11-02,2.740000009536743,2.6700000762939453,2.6700000762939453,2.740000009536743,13600.0,2.740000009536743
2010-11-03,2.75,2.690000057220459,2.7200000286102295,2.690000057220459,14200.0,2.690000057220459
2010-11-04,2.75,2.6600000858306885,2.700000047683716,2.700000047683716,21100.0,2.700000047683716
2010-11-05,2.740000009536743,2.6500000953674316,2.6500000953674316,2.7100000381469727,9600.0,2.7100000381469727
2010-11-08,2.799999952316284,2.6700000762939453,2.6700000762939453,2.799999952316284,31000.0,2.799999952316284
2010-11-09,2.9000000953674316,2.7899999618530273,2.869999885559082,2.8499999046325684,27300.0,2.8499999046325684
2010-11-10,2.890000104904175,2.799999952316284,2.809999942779541,2.809999942779541,15300.0,2.809999942779541
2010-11-11,2.9000000953674316,2.7799999713897705,2.9000000953674316,2.799999952316284,16800.0,2.799999952316284
2010-11-12,2.809999942779541,2.75,2.809999942779541,2.759999990463257,1600.0,2.759999990463257
2010-11-15,3.0,2.7300000190734863,2.75,3.0,53300.0,3.0
2010-11-16,2.890000104904175,2.759999990463257,2.890000104904175,2.799999952316284,48600.0,2.799999952316284
2010-11-17,2.7899999618530273,2.7100000381469727,2.740000009536743,2.759999990463257,11100.0,2.759999990463257
2010-11-18,2.7899999618530273,2.700000047683716,2.740000009536743,2.7300000190734863,26600.0,2.7300000190734863
2010-11-19,2.700000047683716,2.6500000953674316,2.700000047683716,2.6500000953674316,14900.0,2.6500000953674316
2010-11-22,2.75,2.6700000762939453,2.700000047683716,2.740000009536743,17200.0,2.740000009536743
2010-11-23,2.759999990463257,2.75,2.75,2.75,1500.0,2.75
2010-11-24,2.75,2.609999895095825,2.700000047683716,2.700000047683716,4800.0,2.700000047683716
2010-11-26,2.7200000286102295,2.6500000953674316,2.6500000953674316,2.700000047683716,900.0,2.700000047683716
2010-11-29,2.7200000286102295,2.5999999046325684,2.609999895095825,2.640000104904175,33800.0,2.640000104904175
2010-11-30,2.700000047683716,2.609999895095825,2.700000047683716,2.700000047683716,6400.0,2.700000047683716
2010-12-01,2.7200000286102295,2.640000104904175,2.700000047683716,2.700000047683716,23200.0,2.700000047683716
2010-12-02,2.759999990463257,2.6500000953674316,2.6500000953674316,2.759999990463257,25700.0,2.759999990463257
2010-12-03,2.75,2.6700000762939453,2.6700000762939453,2.7300000190734863,7700.0,2.7300000190734863
2010-12-06,2.75,2.6700000762939453,2.6700000762939453,2.7300000190734863,10200.0,2.7300000190734863
2010-12-07,2.7799999713897705,2.700000047683716,2.7200000286102295,2.7699999809265137,16000.0,2.7699999809265137
2010-12-08,2.7799999713897705,2.75,2.759999990463257,2.7799999713897705,16800.0,2.7799999713897705
2010-12-09,2.7699999809265137,2.759999990463257,2.759999990463257,2.7699999809265137,12400.0,2.7699999809265137
2010-12-10,2.759999990463257,2.6600000858306885,2.6700000762939453,2.700000047683716,20200.0,2.700000047683716
2010-12-13,2.700000047683716,2.640000104904175,2.6600000858306885,2.680000066757202,10000.0,2.680000066757202
2010-12-14,2.680000066757202,2.630000114440918,2.6700000762939453,2.6700000762939453,18800.0,2.6700000762939453
2010-12-15,2.7200000286102295,2.619999885559082,2.619999885559082,2.690000057220459,16500.0,2.690000057220459
2010-12-16,2.7200000286102295,2.609999895095825,2.609999895095825,2.680000066757202,20500.0,2.680000066757202
2010-12-17,2.740000009536743,2.6500000953674316,2.6600000858306885,2.7200000286102295,20800.0,2.7200000286102295
2010-12-20,2.7200000286102295,2.6500000953674316,2.700000047683716,2.6500000953674316,26200.0,2.6500000953674316
2010-12-21,2.75,2.609999895095825,2.609999895095825,2.7300000190734863,42100.0,2.7300000190734863
2010-12-22,2.740000009536743,2.680000066757202,2.700000047683716,2.7300000190734863,9800.0,2.7300000190734863
2010-12-23,2.7300000190734863,2.690000057220459,2.690000057220459,2.7300000190734863,8200.0,2.7300000190734863
2010-12-27,2.7300000190734863,2.6500000953674316,2.690000057220459,2.6700000762939453,13800.0,2.6700000762939453
2010-12-28,2.7100000381469727,2.6500000953674316,2.6600000858306885,2.7100000381469727,22700.0,2.7100000381469727
2010-12-29,2.7799999713897705,2.700000047683716,2.700000047683716,2.7300000190734863,32100.0,2.7300000190734863
2010-12-30,2.740000009536743,2.700000047683716,2.700000047683716,2.7100000381469727,33900.0,2.7100000381469727
2010-12-31,2.7899999618530273,2.700000047683716,2.700000047683716,2.7899999618530273,41000.0,2.7899999618530273
2011-01-03,2.799999952316284,2.7100000381469727,2.799999952316284,2.799999952316284,19900.0,2.799999952316284
2011-01-04,2.8299999237060547,2.7100000381469727,2.799999952316284,2.7200000286102295,24900.0,2.7200000286102295
2011-01-05,2.9000000953674316,2.740000009536743,2.740000009536743,2.890000104904175,20700.0,2.890000104904175
2011-01-06,2.9000000953674316,2.8499999046325684,2.8499999046325684,2.890000104904175,10300.0,2.890000104904175
2011-01-07,2.930000066757202,2.8499999046325684,2.8499999046325684,2.930000066757202,24200.0,2.930000066757202
2011-01-10,3.0399999618530273,2.930000066757202,2.950000047683716,3.0399999618530273,29300.0,3.0399999618530273
2011-01-11,3.1500000953674316,3.0399999618530273,3.0399999618530273,3.0999999046325684,35000.0,3.0999999046325684
2011-01-12,3.359999895095825,3.0999999046325684,3.0999999046325684,3.2799999713897705,41500.0,3.2799999713897705
2011-01-13,3.3299999237060547,3.109999895095825,3.3299999237060547,3.25,24500.0,3.25
2011-01-14,3.25,3.1500000953674316,3.200000047683716,3.190000057220459,5900.0,3.190000057220459
2011-01-18,3.25,3.0999999046325684,3.2100000381469727,3.0999999046325684,17400.0,3.0999999046325684
2011-01-19,3.180000066757202,3.059999942779541,3.0999999046325684,3.059999942779541,10600.0,3.059999942779541
2011-01-20,3.200000047683716,3.0,3.009999990463257,3.0,5600.0,3.0
2011-01-21,3.0199999809265137,2.8499999046325684,3.0,2.930000066757202,5000.0,2.930000066757202
2011-01-24,3.0,2.700000047683716,2.9000000953674316,2.7899999618530273,4800.0,2.7899999618530273
2011-01-25,2.990000009536743,2.700000047683716,2.7100000381469727,2.859999895095825,28300.0,2.859999895095825
2011-01-26,2.7799999713897705,2.6600000858306885,2.6600000858306885,2.7799999713897705,16100.0,2.7799999713897705
2011-01-27,2.7899999618530273,2.700000047683716,2.7799999713897705,2.7699999809265137,16600.0,2.7699999809265137
2011-01-28,2.799999952316284,2.75,2.759999990463257,2.799999952316284,16900.0,2.799999952316284
2011-01-31,2.9200000762939453,2.75,2.8499999046325684,2.890000104904175,3100.0,2.890000104904175
2011-02-01,2.890000104904175,2.6500000953674316,2.6500000953674316,2.890000104904175,14000.0,2.890000104904175
2011-02-02,2.890000104904175,2.75,2.819999933242798,2.8499999046325684,6000.0,2.8499999046325684
2011-02-03,2.8499999046325684,2.75,2.799999952316284,2.7699999809265137,10600.0,2.7699999809265137
2011-02-04,2.799999952316284,2.75,2.75,2.75,7400.0,2.75
2011-02-07,2.869999885559082,2.700000047683716,2.700000047683716,2.799999952316284,5800.0,2.799999952316284
2011-02-08,2.859999895095825,2.759999990463257,2.759999990463257,2.759999990463257,2500.0,2.759999990463257
2011-02-09,2.869999885559082,2.700000047683716,2.700000047683716,2.799999952316284,15100.0,2.799999952316284
2011-02-10,2.8399999141693115,2.740000009536743,2.8399999141693115,2.799999952316284,9800.0,2.799999952316284
2011-02-11,2.8499999046325684,2.75,2.799999952316284,2.799999952316284,4100.0,2.799999952316284
2011-02-14,2.859999895095825,2.75,2.859999895095825,2.75,11100.0,2.75
2011-02-15,2.7899999618530273,2.75,2.7899999618530273,2.759999990463257,3000.0,2.759999990463257
2011-02-16,2.819999933242798,2.700000047683716,2.75,2.7799999713897705,42300.0,2.7799999713897705
2011-02-17,2.880000114440918,2.799999952316284,2.799999952316284,2.8299999237060547,9200.0,2.8299999237060547
2011-02-18,2.8299999237060547,2.6500000953674316,2.8299999237060547,2.75,10300.0,2.75
2011-02-22,2.8499999046325684,2.6600000858306885,2.75,2.75,4900.0,2.75
2011-02-23,2.799999952316284,2.75,2.75,2.75,9900.0,2.75
2011-02-24,2.799999952316284,2.75,2.75,2.75,7600.0,2.75
2011-02-25,2.759999990463257,2.75,2.75,2.75,4300.0,2.75
2011-02-28,2.75,2.6700000762939453,2.680000066757202,2.75,21800.0,2.75
2011-03-01,2.75,2.7200000286102295,2.75,2.7300000190734863,5400.0,2.7300000190734863
2011-03-02,2.75,2.7300000190734863,2.7300000190734863,2.75,6400.0,2.75
2011-03-03,2.7699999809265137,2.75,2.75,2.75,4700.0,2.75
2011-03-04,2.799999952316284,2.7699999809265137,2.7699999809265137,2.7699999809265137,3900.0,2.7699999809265137
2011-03-07,2.890000104904175,2.759999990463257,2.799999952316284,2.7899999618530273,7900.0,2.7899999618530273
2011-03-08,2.7899999618530273,2.740000009536743,2.740000009536743,2.7899999618530273,9300.0,2.7899999618530273
2011-03-09,2.9000000953674316,2.799999952316284,2.799999952316284,2.8499999046325684,11300.0,2.8499999046325684
2011-03-10,2.799999952316284,2.7899999618530273,2.799999952316284,2.7899999618530273,900.0,2.7899999618530273
2011-03-11,2.859999895095825,2.799999952316284,2.799999952316284,2.809999942779541,6200.0,2.809999942779541
2011-03-14,2.8499999046325684,2.7300000190734863,2.7300000190734863,2.75,13300.0,2.75
2011-03-15,2.759999990463257,2.6500000953674316,2.75,2.6500000953674316,20500.0,2.6500000953674316
2011-03-16,2.75,2.640000104904175,2.6500000953674316,2.700000047683716,25000.0,2.700000047683716
2011-03-17,2.7300000190734863,2.5999999046325684,2.6500000953674316,2.7100000381469727,14300.0,2.7100000381469727
2011-03-18,2.990000009536743,2.75,2.990000009536743,2.75,2600.0,2.75
2011-03-21,2.75,2.6500000953674316,2.75,2.75,6400.0,2.75
2011-03-22,2.819999933242798,2.6600000858306885,2.75,2.809999942779541,8000.0,2.809999942779541
2011-03-23,2.759999990463257,2.6600000858306885,2.759999990463257,2.6700000762939453,10700.0,2.6700000762939453
2011-03-24,2.7200000286102295,2.6600000858306885,2.6600000858306885,2.6600000858306885,5400.0,2.6600000858306885
2011-03-25,2.75,2.5999999046325684,2.6600000858306885,2.609999895095825,11200.0,2.609999895095825
2011-03-28,2.7200000286102295,2.5899999141693115,2.619999885559082,2.630000114440918,15600.0,2.630000114440918
2011-03-29,2.6500000953674316,2.5999999046325684,2.6500000953674316,2.619999885559082,5100.0,2.619999885559082
2011-03-30,2.75,2.6500000953674316,2.6500000953674316,2.75,4800.0,2.75
2011-03-31,2.75,2.7300000190734863,2.75,2.7300000190734863,500.0,2.7300000190734863
2011-04-01,3.0,2.740000009536743,2.740000009536743,2.950000047683716,86600.0,2.950000047683716
2011-04-04,3.4000000953674316,2.9700000286102295,3.0,3.1700000762939453,88200.0,3.1700000762939453
2011-04-05,3.3499999046325684,3.1600000858306885,3.259999990463257,3.3499999046325684,43300.0,3.3499999046325684
2011-04-06,3.680000066757202,3.299999952316284,3.359999895095825,3.6600000858306885,55800.0,3.6600000858306885
2011-04-07,3.990000009536743,3.700000047683716,3.700000047683716,3.9000000953674316,63000.0,3.9000000953674316
2011-04-08,3.950000047683716,3.549999952316284,3.950000047683716,3.5899999141693115,74900.0,3.5899999141693115
2011-04-11,3.619999885559082,3.509999990463257,3.619999885559082,3.5999999046325684,16600.0,3.5999999046325684
2011-04-12,3.609999895095825,3.5,3.5999999046325684,3.5399999618530273,9400.0,3.5399999618530273
2011-04-13,3.6500000953674316,3.5299999713897705,3.5299999713897705,3.6500000953674316,11600.0,3.6500000953674316
2011-04-14,3.700000047683716,3.5799999237060547,3.5799999237060547,3.700000047683716,11400.0,3.700000047683716
2011-04-15,3.680000066757202,3.4800000190734863,3.680000066757202,3.5799999237060547,18400.0,3.5799999237060547
2011-04-18,3.5199999809265137,3.299999952316284,3.5,3.3499999046325684,14900.0,3.3499999046325684
2011-04-19,3.3499999046325684,3.069999933242798,3.3499999046325684,3.259999990463257,28000.0,3.259999990463257
2011-04-20,3.549999952316284,3.259999990463257,3.299999952316284,3.440000057220459,18100.0,3.440000057220459
2011-04-21,3.4800000190734863,3.25,3.450000047683716,3.430000066757202,52000.0,3.430000066757202
2011-04-25,3.4000000953674316,3.2200000286102295,3.4000000953674316,3.2200000286102295,13400.0,3.2200000286102295
2011-04-26,3.430000066757202,3.0999999046325684,3.2100000381469727,3.2699999809265137,30200.0,3.2699999809265137
2011-04-27,3.309999942779541,3.2699999809265137,3.2699999809265137,3.2899999618530273,4000.0,3.2899999618530273
2011-04-28,3.2899999618530273,3.25,3.2899999618530273,3.2899999618530273,2400.0,3.2899999618530273
2011-04-29,3.549999952316284,3.2699999809265137,3.2699999809265137,3.4700000286102295,32000.0,3.4700000286102295
2011-05-02,3.549999952316284,3.5,3.5,3.5399999618530273,8500.0,3.5399999618530273
2011-05-03,3.509999990463257,3.4100000858306885,3.4600000381469727,3.4800000190734863,6200.0,3.4800000190734863
2011-05-04,3.509999990463257,3.4600000381469727,3.509999990463257,3.4800000190734863,9200.0,3.4800000190734863
2011-05-05,3.4700000286102295,3.4000000953674316,3.4700000286102295,3.4000000953674316,5800.0,3.4000000953674316
2011-05-06,3.380000114440918,3.309999942779541,3.3299999237060547,3.3499999046325684,8100.0,3.3499999046325684
2011-05-09,3.359999895095825,3.3299999237060547,3.3499999046325684,3.3299999237060547,3300.0,3.3299999237060547
2011-05-10,3.3299999237060547,3.299999952316284,3.3299999237060547,3.3299999237060547,5300.0,3.3299999237060547
2011-05-11,3.299999952316284,3.0999999046325684,3.299999952316284,3.140000104904175,10600.0,3.140000104904175
2011-05-12,3.2899999618530273,3.059999942779541,3.190000057220459,3.2899999618530273,18900.0,3.2899999618530273
2011-05-13,3.3299999237060547,3.2200000286102295,3.299999952316284,3.299999952316284,7100.0,3.299999952316284
2011-05-16,3.4200000762939453,3.319999933242798,3.319999933242798,3.4100000858306885,8100.0,3.4100000858306885
2011-05-17,3.3299999237060547,2.9200000762939453,3.3299999237060547,3.0999999046325684,45100.0,3.0999999046325684
2011-05-18,3.049999952316284,2.75,3.009999990463257,2.859999895095825,87200.0,2.859999895095825
2011-05-19,2.990000009536743,2.890000104904175,2.9000000953674316,2.990000009536743,14300.0,2.990000009536743
2011-05-20,2.890000104904175,2.819999933242798,2.890000104904175,2.890000104904175,3900.0,2.890000104904175
2011-05-23,2.880000114440918,2.75,2.880000114440918,2.7699999809265137,34200.0,2.7699999809265137
2011-05-24,2.7699999809265137,2.7100000381469727,2.75,2.7699999809265137,18700.0,2.7699999809265137
2011-05-25,2.819999933242798,2.75,2.7899999618530273,2.759999990463257,36100.0,2.759999990463257
2011-05-26,2.9200000762939453,2.7899999618530273,2.7899999618530273,2.9200000762939453,21700.0,2.9200000762939453
2011-05-27,2.9000000953674316,2.759999990463257,2.9000000953674316,2.759999990463257,16900.0,2.759999990463257
2011-05-31,2.859999895095825,2.75,2.799999952316284,2.8499999046325684,12600.0,2.8499999046325684
2011-06-01,2.880000114440918,2.799999952316284,2.809999942779541,2.799999952316284,8000.0,2.799999952316284
2011-06-02,2.8399999141693115,2.8299999237060547,2.8299999237060547,2.8299999237060547,9500.0,2.8299999237060547
2011-06-03,2.880000114440918,2.799999952316284,2.8499999046325684,2.880000114440918,22000.0,2.880000114440918
2011-06-06,3.009999990463257,2.9000000953674316,2.9000000953674316,2.9600000381469727,18200.0,2.9600000381469727
2011-06-07,2.990000009536743,2.8499999046325684,2.990000009536743,2.8499999046325684,15400.0,2.8499999046325684
2011-06-08,2.890000104904175,2.8299999237060547,2.8499999046325684,2.8299999237060547,14700.0,2.8299999237060547
2011-06-09,2.9000000953674316,2.799999952316284,2.8399999141693115,2.8499999046325684,7800.0,2.8499999046325684
2011-06-10,2.8499999046325684,2.759999990463257,2.8499999046325684,2.7899999618530273,9800.0,2.7899999618530273
2011-06-13,2.7699999809265137,2.630000114440918,2.7699999809265137,2.6700000762939453,41000.0,2.6700000762939453
2011-06-14,2.7300000190734863,2.609999895095825,2.6700000762939453,2.700000047683716,19700.0,2.700000047683716
2011-06-15,2.7300000190734863,2.680000066757202,2.690000057220459,2.7100000381469727,21700.0,2.7100000381469727
2011-06-16,2.7100000381469727,2.6500000953674316,2.680000066757202,2.7100000381469727,8800.0,2.7100000381469727
2011-06-17,2.799999952316284,2.680000066757202,2.680000066757202,2.799999952316284,16600.0,2.799999952316284
2011-06-20,2.8499999046325684,2.7100000381469727,2.759999990463257,2.809999942779541,34100.0,2.809999942779541
2011-06-21,2.859999895095825,2.7699999809265137,2.8499999046325684,2.819999933242798,17200.0,2.819999933242798
2011-06-22,2.819999933242798,2.7300000190734863,2.7300000190734863,2.7699999809265137,9900.0,2.7699999809265137
2011-06-23,2.809999942779541,2.759999990463257,2.759999990463257,2.809999942779541,5400.0,2.809999942779541
2011-06-24,2.950000047683716,2.690000057220459,2.799999952316284,2.950000047683716,67500.0,2.950000047683716
2011-06-27,2.9200000762939453,2.8499999046325684,2.869999885559082,2.8499999046325684,9600.0,2.8499999046325684
2011-06-28,2.880000114440918,2.809999942779541,2.880000114440918,2.819999933242798,6000.0,2.819999933242798
2011-06-29,2.799999952316284,2.799999952316284,2.799999952316284,2.799999952316284,1000.0,2.799999952316284
2011-06-30,2.9800000190734863,2.799999952316284,2.880000114440918,2.930000066757202,17000.0,2.930000066757202
2011-07-01,2.9000000953674316,2.8499999046325684,2.9000000953674316,2.8499999046325684,8200.0,2.8499999046325684
2011-07-05,2.8499999046325684,2.8299999237060547,2.8299999237060547,2.8499999046325684,2100.0,2.8499999046325684
2011-07-06,2.950000047683716,2.8299999237060547,2.8299999237060547,2.9000000953674316,8400.0,2.9000000953674316
2011-07-07,2.9000000953674316,2.8499999046325684,2.9000000953674316,2.8499999046325684,1100.0,2.8499999046325684
2011-07-08,2.869999885559082,2.8499999046325684,2.8499999046325684,2.869999885559082,7000.0,2.869999885559082
2011-07-11,2.859999895095825,2.8299999237060547,2.8499999046325684,2.8499999046325684,11500.0,2.8499999046325684
2011-07-12,2.9000000953674316,2.8499999046325684,2.8499999046325684,2.8499999046325684,19200.0,2.8499999046325684
2011-07-13,2.8499999046325684,2.799999952316284,2.819999933242798,2.8499999046325684,7800.0,2.8499999046325684
2011-07-14,2.890000104904175,2.8399999141693115,2.8399999141693115,2.8499999046325684,4700.0,2.8499999046325684
2011-07-15,2.880000114440918,2.799999952316284,2.8499999046325684,2.8499999046325684,5700.0,2.8499999046325684
2011-07-18,2.859999895095825,2.700000047683716,2.8299999237060547,2.819999933242798,40100.0,2.819999933242798
2011-07-19,2.809999942779541,2.759999990463257,2.799999952316284,2.809999942779541,2900.0,2.809999942779541
2011-07-20,2.819999933242798,2.7699999809265137,2.7699999809265137,2.809999942779541,6200.0,2.809999942779541
2011-07-21,2.8499999046325684,2.740000009536743,2.7699999809265137,2.8299999237060547,8900.0,2.8299999237060547
2011-07-22,2.930000066757202,2.7899999618530273,2.7899999618530273,2.930000066757202,20700.0,2.930000066757202
2011-07-25,2.9200000762939453,2.8499999046325684,2.890000104904175,2.859999895095825,3900.0,2.859999895095825
2011-07-26,2.869999885559082,2.799999952316284,2.809999942779541,2.799999952316284,11900.0,2.799999952316284
2011-07-27,2.8499999046325684,2.7699999809265137,2.799999952316284,2.799999952316284,23400.0,2.799999952316284
2011-07-28,2.799999952316284,2.7300000190734863,2.799999952316284,2.7300000190734863,13900.0,2.7300000190734863
2011-07-29,2.75,2.6700000762939453,2.6700000762939453,2.75,5900.0,2.75
2011-08-01,2.7799999713897705,2.700000047683716,2.7799999713897705,2.7799999713897705,6500.0,2.7799999713897705
2011-08-02,2.7699999809265137,2.700000047683716,2.7699999809265137,2.7200000286102295,6100.0,2.7200000286102295
2011-08-03,2.7200000286102295,2.6500000953674316,2.7200000286102295,2.700000047683716,17900.0,2.700000047683716
2011-08-04,2.7200000286102295,2.6600000858306885,2.700000047683716,2.680000066757202,18600.0,2.680000066757202
2011-08-05,2.680000066757202,2.6500000953674316,2.680000066757202,2.6500000953674316,18400.0,2.6500000953674316
2011-08-08,2.6500000953674316,2.25,2.6500000953674316,2.5199999809265137,54000.0,2.5199999809265137
2011-08-09,2.5999999046325684,2.4000000953674316,2.4800000190734863,2.549999952316284,70400.0,2.549999952316284
2011-08-10,2.509999990463257,2.4000000953674316,2.4800000190734863,2.450000047683716,28400.0,2.450000047683716
2011-08-11,2.5,2.4100000858306885,2.5,2.4200000762939453,13900.0,2.4200000762939453
2011-08-12,2.4600000381469727,2.4000000953674316,2.450000047683716,2.4100000858306885,14800.0,2.4100000858306885
2011-08-15,2.450000047683716,2.390000104904175,2.390000104904175,2.430000066757202,14000.0,2.430000066757202
2011-08-16,2.5199999809265137,2.4800000190734863,2.4800000190734863,2.5,3900.0,2.5
2011-08-17,2.569999933242798,2.4700000286102295,2.4700000286102295,2.5,2600.0,2.5
2011-08-18,2.4800000190734863,2.380000114440918,2.4800000190734863,2.440000057220459,18500.0,2.440000057220459
2011-08-19,2.4100000858306885,2.3499999046325684,2.4100000858306885,2.3499999046325684,50700.0,2.3499999046325684
2011-08-22,2.359999895095825,2.25,2.359999895095825,2.259999990463257,19700.0,2.259999990463257
2011-08-23,2.299999952316284,2.25,2.25,2.259999990463257,14400.0,2.259999990463257
2011-08-24,2.309999942779541,2.25,2.259999990463257,2.25,8900.0,2.25
2011-08-25,2.4000000953674316,2.25,2.25,2.299999952316284,2900.0,2.299999952316284
2011-08-26,2.319999933242798,2.25,2.299999952316284,2.25,7600.0,2.25
2011-08-29,2.2699999809265137,2.25,2.25,2.25,6800.0,2.25
2011-08-30,2.309999942779541,2.25,2.25,2.25,1800.0,2.25
2011-08-31,2.25,2.25,2.25,2.25,2300.0,2.25
2011-09-01,2.2699999809265137,2.240000009536743,2.25,2.25,13200.0,2.25
2011-09-02,2.259999990463257,2.25,2.25,2.25,1100.0,2.25
2011-09-06,2.2699999809265137,2.200000047683716,2.25,2.25,7700.0,2.25
2011-09-07,2.2699999809265137,2.25,2.2699999809265137,2.25,7500.0,2.25
2011-09-08,2.259999990463257,2.200000047683716,2.25,2.200000047683716,5700.0,2.200000047683716
2011-09-09,2.25,1.9600000381469727,2.25,2.049999952316284,180600.0,2.049999952316284
2011-09-12,2.049999952316284,1.8300000429153442,2.0,1.940000057220459,25600.0,1.940000057220459
2011-09-13,2.0399999618530273,1.9500000476837158,1.9500000476837158,2.0199999809265137,31400.0,2.0199999809265137
2011-09-14,2.0199999809265137,2.0,2.0199999809265137,2.009999990463257,5200.0,2.009999990463257
2011-09-15,2.0399999618530273,2.0,2.0,2.009999990463257,3700.0,2.009999990463257
2011-09-16,2.0299999713897705,2.0,2.0,2.0299999713897705,1500.0,2.0299999713897705
2011-09-19,2.049999952316284,1.9500000476837158,2.0,2.0,9500.0,2.0
2011-09-20,2.0799999237060547,2.0299999713897705,2.059999942779541,2.0799999237060547,15500.0,2.0799999237060547
2011-09-21,2.0799999237060547,2.0,2.0299999713897705,2.0,8700.0,2.0
2011-09-22,2.049999952316284,2.0,2.0,2.0,14400.0,2.0
2011-09-23,2.0,1.9600000381469727,2.0,2.0,15600.0,2.0
2011-09-26,1.9900000095367432,1.940000057220459,1.9900000095367432,1.9500000476837158,13600.0,1.9500000476837158
2011-09-27,1.9800000190734863,1.7999999523162842,1.8899999856948853,1.9500000476837158,8000.0,1.9500000476837158
2011-09-28,1.9800000190734863,1.8799999952316284,1.8799999952316284,1.9500000476837158,9900.0,1.9500000476837158
2011-09-29,1.9700000286102295,1.9500000476837158,1.9500000476837158,1.9500000476837158,3700.0,1.9500000476837158
2011-09-30,1.9500000476837158,1.9500000476837158,1.9500000476837158,1.9500000476837158,2700.0,1.9500000476837158
2011-10-03,2.0,1.909999966621399,1.909999966621399,1.9299999475479126,12800.0,1.9299999475479126
2011-10-04,1.9500000476837158,1.7999999523162842,1.9500000476837158,1.7999999523162842,18900.0,1.7999999523162842
2011-10-05,1.809999942779541,1.4500000476837158,1.7999999523162842,1.559999942779541,41400.0,1.559999942779541
2011-10-06,1.75,1.659999966621399,1.7100000381469727,1.659999966621399,10700.0,1.659999966621399
2011-10-07,1.8799999952316284,1.6799999475479126,1.6799999475479126,1.8799999952316284,5900.0,1.8799999952316284
2011-10-10,1.809999942779541,1.7999999523162842,1.7999999523162842,1.809999942779541,2600.0,1.809999942779541
2011-10-11,1.840000033378601,1.7999999523162842,1.7999999523162842,1.7999999523162842,1800.0,1.7999999523162842
2011-10-12,1.7999999523162842,1.7899999618530273,1.7899999618530273,1.7999999523162842,7600.0,1.7999999523162842
2011-10-13,1.7999999523162842,1.7999999523162842,1.7999999523162842,1.7999999523162842,5000.0,1.7999999523162842
2011-10-14,1.7999999523162842,1.7999999523162842,1.7999999523162842,1.7999999523162842,4000.0,1.7999999523162842
2011-10-17,1.809999942779541,1.6799999475479126,1.7200000286102295,1.7999999523162842,3300.0,1.7999999523162842
2011-10-18,1.850000023841858,1.7999999523162842,1.840000033378601,1.850000023841858,5100.0,1.850000023841858
2011-10-19,1.809999942779541,1.75,1.7999999523162842,1.7999999523162842,12200.0,1.7999999523162842
2011-10-20,1.850000023841858,1.75,1.75,1.850000023841858,6100.0,1.850000023841858
2011-10-21,1.850000023841858,1.7999999523162842,1.850000023841858,1.7999999523162842,9300.0,1.7999999523162842
2011-10-24,1.850000023841858,1.7699999809265137,1.7999999523162842,1.7999999523162842,3800.0,1.7999999523162842
2011-10-25,1.809999942779541,1.7400000095367432,1.7400000095367432,1.7999999523162842,4600.0,1.7999999523162842
2011-10-26,1.8799999952316284,1.7999999523162842,1.7999999523162842,1.8799999952316284,4200.0,1.8799999952316284
2011-10-27,1.850000023841858,1.7400000095367432,1.8300000429153442,1.7699999809265137,10700.0,1.7699999809265137
2011-10-28,1.840000033378601,1.75,1.7999999523162842,1.75,4400.0,1.75
2011-10-31,1.850000023841858,1.7599999904632568,1.7599999904632568,1.850000023841858,6400.0,1.850000023841858
2011-11-01,1.899999976158142,1.840000033378601,1.840000033378601,1.8600000143051147,12200.0,1.8600000143051147
2011-11-02,1.850000023841858,1.809999942779541,1.850000023841858,1.8200000524520874,900.0,1.8200000524520874
2011-11-03,1.8200000524520874,1.7999999523162842,1.809999942779541,1.7999999523162842,6400.0,1.7999999523162842
2011-11-04,1.840000033378601,1.7999999523162842,1.7999999523162842,1.840000033378601,1500.0,1.840000033378601
2011-11-07,1.8600000143051147,1.7699999809265137,1.7899999618530273,1.8600000143051147,27400.0,1.8600000143051147
2011-11-08,1.9700000286102295,1.8300000429153442,1.8600000143051147,1.9500000476837158,28100.0,1.9500000476837158
2011-11-09,1.909999966621399,1.8300000429153442,1.909999966621399,1.8300000429153442,6700.0,1.8300000429153442
2011-11-10,1.8600000143051147,1.809999942779541,1.850000023841858,1.809999942779541,2500.0,1.809999942779541
2011-11-11,1.899999976158142,1.850000023841858,1.8600000143051147,1.8600000143051147,2900.0,1.8600000143051147
2011-11-14,1.850000023841858,1.8200000524520874,1.850000023841858,1.8200000524520874,2000.0,1.8200000524520874
2011-11-15,2.9000000953674316,1.8799999952316284,1.8799999952316284,2.2200000286102295,174300.0,2.2200000286102295
2011-11-16,2.490000009536743,2.2200000286102295,2.2799999713897705,2.299999952316284,20900.0,2.299999952316284
2011-11-17,2.3299999237060547,2.25,2.3299999237060547,2.259999990463257,4300.0,2.259999990463257
2011-11-18,2.3499999046325684,2.2100000381469727,2.3499999046325684,2.25,8800.0,2.25
2011-11-21,2.240000009536743,2.130000114440918,2.190000057220459,2.1500000953674316,7000.0,2.1500000953674316
2011-11-22,2.200000047683716,2.009999990463257,2.130000114440918,2.0799999237060547,7200.0,2.0799999237060547
2011-11-23,2.0799999237060547,1.8799999952316284,2.009999990463257,2.0,28500.0,2.0
2011-11-25,2.0,2.0,2.0,2.0,700.0,2.0
2011-11-28,2.0399999618530273,1.899999976158142,2.0299999713897705,2.0,21500.0,2.0
2011-11-29,2.0199999809265137,1.9199999570846558,1.9700000286102295,1.9199999570846558,8700.0,1.9199999570846558
2011-11-30,2.049999952316284,1.9199999570846558,1.9199999570846558,1.9900000095367432,18800.0,1.9900000095367432
2011-12-01,1.9900000095367432,1.9199999570846558,1.9199999570846558,1.9900000095367432,2700.0,1.9900000095367432
2011-12-02,2.049999952316284,1.9500000476837158,1.9500000476837158,2.0,10100.0,2.0
2011-12-05,2.0,1.9900000095367432,2.0,1.9900000095367432,1600.0,1.9900000095367432
2011-12-06,2.0,1.9600000381469727,1.9600000381469727,1.9800000190734863,5900.0,1.9800000190734863
2011-12-07,2.0,1.9600000381469727,1.9600000381469727,1.9700000286102295,5400.0,1.9700000286102295
2011-12-08,2.0399999618530273,1.9900000095367432,1.9900000095367432,2.009999990463257,23100.0,2.009999990463257
2011-12-09,2.0399999618530273,2.0,2.0199999809265137,2.0399999618530273,10300.0,2.0399999618530273
2011-12-12,2.059999942779541,2.0,2.009999990463257,2.0,8300.0,2.0
2011-12-13,2.0,1.7699999809265137,2.0,1.940000057220459,28600.0,1.940000057220459
2011-12-14,1.9800000190734863,1.940000057220459,1.9500000476837158,1.9600000381469727,6100.0,1.9600000381469727
2011-12-15,2.0199999809265137,1.9299999475479126,1.9299999475479126,2.0199999809265137,22600.0,2.0199999809265137
2011-12-16,2.0199999809265137,1.9900000095367432,2.0,1.9900000095367432,4100.0,1.9900000095367432
2011-12-19,2.0,1.940000057220459,2.0,1.9800000190734863,7400.0,1.9800000190734863
2011-12-20,1.9900000095367432,1.940000057220459,1.940000057220459,1.9700000286102295,2700.0,1.9700000286102295
2011-12-21,1.9800000190734863,1.899999976158142,1.9500000476837158,1.9500000476837158,29900.0,1.9500000476837158
2011-12-22,2.0199999809265137,1.899999976158142,1.899999976158142,2.0199999809265137,13700.0,2.0199999809265137
2011-12-23,2.0199999809265137,1.9500000476837158,1.9800000190734863,1.9700000286102295,28300.0,1.9700000286102295
2011-12-27,2.0,1.9500000476837158,1.9800000190734863,1.9600000381469727,13400.0,1.9600000381469727
2011-12-28,2.0199999809265137,1.940000057220459,1.940000057220459,1.9800000190734863,8200.0,1.9800000190734863
2011-12-29,2.0199999809265137,1.9500000476837158,1.9900000095367432,1.9500000476837158,22300.0,1.9500000476837158
2011-12-30,2.200000047683716,1.9500000476837158,1.9500000476837158,2.009999990463257,27700.0,2.009999990463257
2012-01-03,2.069999933242798,1.9800000190734863,1.9800000190734863,2.069999933242798,500.0,2.069999933242798
2012-01-04,2.069999933242798,2.0299999713897705,2.0299999713897705,2.0399999618530273,5400.0,2.0399999618530273
2012-01-05,2.240000009536743,2.0799999237060547,2.0799999237060547,2.240000009536743,12400.0,2.240000009536743
2012-01-06,2.25,2.200000047683716,2.2300000190734863,2.200000047683716,3100.0,2.200000047683716
2012-01-09,2.200000047683716,2.069999933242798,2.200000047683716,2.1700000762939453,5500.0,2.1700000762939453
2012-01-10,2.390000104904175,2.1500000953674316,2.200000047683716,2.25,8200.0,2.25
2012-01-11,2.3499999046325684,2.1600000858306885,2.25,2.2899999618530273,16800.0,2.2899999618530273
2012-01-12,2.299999952316284,2.2100000381469727,2.25,2.259999990463257,6200.0,2.259999990463257
2012-01-13,2.2899999618530273,2.2300000190734863,2.2300000190734863,2.240000009536743,1800.0,2.240000009536743
2012-01-17,2.2699999809265137,2.200000047683716,2.200000047683716,2.2699999809265137,2200.0,2.2699999809265137
2012-01-18,2.299999952316284,2.2100000381469727,2.2200000286102295,2.25,8300.0,2.25
2012-01-19,2.390000104904175,2.2200000286102295,2.2200000286102295,2.299999952316284,3600.0,2.299999952316284
2012-01-20,2.390000104904175,2.25,2.25,2.390000104904175,18900.0,2.390000104904175
2012-01-23,2.690000057220459,2.3399999141693115,2.3399999141693115,2.5899999141693115,29300.0,2.5899999141693115
2012-01-24,2.690000057220459,2.549999952316284,2.5899999141693115,2.690000057220459,11400.0,2.690000057220459
2012-01-25,2.680000066757202,2.5,2.569999933242798,2.630000114440918,5200.0,2.630000114440918
2012-01-26,2.7699999809265137,2.619999885559082,2.619999885559082,2.6600000858306885,18000.0,2.6600000858306885
2012-01-27,2.740000009536743,2.6500000953674316,2.6500000953674316,2.740000009536743,16600.0,2.740000009536743
2012-01-30,2.75,2.450000047683716,2.7100000381469727,2.559999942779541,54800.0,2.559999942779541
2012-01-31,2.6500000953674316,2.450000047683716,2.549999952316284,2.549999952316284,26900.0,2.549999952316284
2012-02-01,2.5199999809265137,2.3399999141693115,2.5,2.4000000953674316,30400.0,2.4000000953674316
2012-02-02,2.4600000381469727,2.359999895095825,2.4100000858306885,2.440000057220459,2300.0,2.440000057220459
2012-02-03,2.7100000381469727,2.509999990463257,2.509999990463257,2.5299999713897705,14100.0,2.5299999713897705
2012-02-06,2.630000114440918,2.440000057220459,2.4800000190734863,2.5,5600.0,2.5
2012-02-07,2.630000114440918,2.4700000286102295,2.559999942779541,2.5,11600.0,2.5
2012-02-08,2.609999895095825,2.4700000286102295,2.4700000286102295,2.5399999618530273,9900.0,2.5399999618530273
2012-02-09,2.9000000953674316,2.559999942779541,2.559999942779541,2.7100000381469727,13700.0,2.7100000381469727
2012-02-10,2.890000104904175,2.6700000762939453,2.7699999809265137,2.7200000286102295,15100.0,2.7200000286102295
2012-02-13,2.75,2.609999895095825,2.740000009536743,2.6500000953674316,17500.0,2.6500000953674316
2012-02-14,2.640000104904175,2.5999999046325684,2.640000104904175,2.619999885559082,12200.0,2.619999885559082
2012-02-15,2.740000009536743,2.619999885559082,2.619999885559082,2.640000104904175,14700.0,2.640000104904175
2012-02-16,2.700000047683716,2.619999885559082,2.6500000953674316,2.6500000953674316,12300.0,2.6500000953674316
2012-02-17,2.809999942779541,2.6600000858306885,2.6600000858306885,2.809999942779541,8200.0,2.809999942779541
2012-02-21,2.9000000953674316,2.75,2.7799999713897705,2.859999895095825,16800.0,2.859999895095825
2012-02-22,2.9000000953674316,2.700000047683716,2.8499999046325684,2.759999990463257,32800.0,2.759999990463257
2012-02-23,2.799999952316284,2.700000047683716,2.75,2.799999952316284,10600.0,2.799999952316284
2012-02-24,2.799999952316284,2.7200000286102295,2.740000009536743,2.7899999618530273,7100.0,2.7899999618530273
2012-02-27,2.740000009536743,2.6500000953674316,2.740000009536743,2.690000057220459,10200.0,2.690000057220459
2012-02-28,2.740000009536743,2.609999895095825,2.6500000953674316,2.740000009536743,8700.0,2.740000009536743
2012-02-29,2.75,2.6600000858306885,2.740000009536743,2.75,1200.0,2.75
2012-03-01,2.759999990463257,2.6500000953674316,2.759999990463257,2.740000009536743,10600.0,2.740000009536743
2012-03-02,2.740000009536743,2.690000057220459,2.700000047683716,2.740000009536743,2900.0,2.740000009536743
2012-03-05,2.700000047683716,2.6600000858306885,2.700000047683716,2.680000066757202,6200.0,2.680000066757202
2012-03-06,2.7300000190734863,2.6700000762939453,2.6700000762939453,2.7300000190734863,6300.0,2.7300000190734863
2012-03-07,2.7200000286102295,2.680000066757202,2.700000047683716,2.680000066757202,5600.0,2.680000066757202
2012-03-08,2.8299999237060547,2.700000047683716,2.700000047683716,2.740000009536743,25600.0,2.740000009536743
2012-03-09,2.8499999046325684,2.7100000381469727,2.7100000381469727,2.7799999713897705,5300.0,2.7799999713897705
2012-03-12,2.7799999713897705,2.7100000381469727,2.7799999713897705,2.75,6000.0,2.75
2012-03-13,2.8299999237060547,2.75,2.75,2.7899999618530273,9900.0,2.7899999618530273
2012-03-14,2.7699999809265137,2.7200000286102295,2.7300000190734863,2.7200000286102295,2500.0,2.7200000286102295
2012-03-15,2.799999952316284,2.740000009536743,2.75,2.7699999809265137,11500.0,2.7699999809265137
2012-03-16,2.809999942779541,2.6700000762939453,2.75,2.700000047683716,15500.0,2.700000047683716
2012-03-19,2.759999990463257,2.640000104904175,2.6700000762939453,2.640000104904175,3400.0,2.640000104904175
2012-03-20,2.7300000190734863,2.619999885559082,2.640000104904175,2.700000047683716,7900.0,2.700000047683716
2012-03-21,2.759999990463257,2.6700000762939453,2.6700000762939453,2.7200000286102295,24200.0,2.7200000286102295
2012-03-22,2.799999952316284,2.609999895095825,2.6700000762939453,2.6600000858306885,56200.0,2.6600000858306885
2012-03-23,2.6600000858306885,2.509999990463257,2.6600000858306885,2.5399999618530273,33000.0,2.5399999618530273
2012-03-26,2.569999933242798,2.5,2.509999990463257,2.569999933242798,18200.0,2.569999933242798
2012-03-27,2.5999999046325684,2.4700000286102295,2.549999952316284,2.4700000286102295,11800.0,2.4700000286102295
2012-03-28,2.5,2.4700000286102295,2.4700000286102295,2.5,1700.0,2.5
2012-03-29,2.4800000190734863,2.4000000953674316,2.4700000286102295,2.4000000953674316,10200.0,2.4000000953674316
2012-03-30,2.490000009536743,2.319999933242798,2.430000066757202,2.3299999237060547,11400.0,2.3299999237060547
2012-04-02,2.440000057220459,2.3399999141693115,2.440000057220459,2.369999885559082,2300.0,2.369999885559082
2012-04-03,2.490000009536743,2.369999885559082,2.369999885559082,2.4700000286102295,7600.0,2.4700000286102295
2012-04-04,2.440000057220459,2.4000000953674316,2.430000066757202,2.440000057220459,6200.0,2.440000057220459
2012-04-05,2.450000047683716,2.359999895095825,2.390000104904175,2.450000047683716,7100.0,2.450000047683716
2012-04-09,2.4200000762939453,2.299999952316284,2.380000114440918,2.3499999046325684,9800.0,2.3499999046325684
2012-04-10,2.440000057220459,2.319999933242798,2.319999933242798,2.4000000953674316,23500.0,2.4000000953674316
2012-04-11,2.380000114440918,2.0799999237060547,2.380000114440918,2.319999933242798,15600.0,2.319999933242798
2012-04-12,2.4000000953674316,2.2699999809265137,2.2699999809265137,2.4000000953674316,14400.0,2.4000000953674316
2012-04-13,2.4100000858306885,2.369999885559082,2.4100000858306885,2.369999885559082,1500.0,2.369999885559082
2012-04-16,2.4000000953674316,2.2799999713897705,2.4000000953674316,2.2799999713897705,4900.0,2.2799999713897705
2012-04-17,2.3399999141693115,2.25,2.2899999618530273,2.25,6200.0,2.25
2012-04-18,2.319999933242798,2.25,2.25,2.25,6600.0,2.25
2012-04-19,2.5,2.2699999809265137,2.2699999809265137,2.490000009536743,9600.0,2.490000009536743
2012-04-20,2.450000047683716,2.390000104904175,2.450000047683716,2.390000104904175,1900.0,2.390000104904175
2012-04-23,2.380000114440918,2.25,2.299999952316284,2.299999952316284,9900.0,2.299999952316284
2012-04-24,2.299999952316284,2.259999990463257,2.2699999809265137,2.259999990463257,3900.0,2.259999990463257
2012-04-25,2.319999933242798,2.2899999618530273,2.2899999618530273,2.299999952316284,900.0,2.299999952316284
2012-04-26,2.3299999237060547,2.2100000381469727,2.299999952316284,2.25,13700.0,2.25
2012-04-27,2.299999952316284,2.240000009536743,2.25,2.299999952316284,5600.0,2.299999952316284
2012-04-30,2.259999990463257,2.240000009536743,2.240000009536743,2.259999990463257,300.0,2.259999990463257
2012-05-01,2.299999952316284,2.109999895095825,2.259999990463257,2.299999952316284,49000.0,2.299999952316284
2012-05-02,2.3499999046325684,2.299999952316284,2.299999952316284,2.3499999046325684,10900.0,2.3499999046325684
2012-05-03,2.380000114440918,2.1500000953674316,2.3499999046325684,2.1500000953674316,13200.0,2.1500000953674316
2012-05-04,2.2899999618530273,2.1700000762939453,2.240000009536743,2.2899999618530273,3300.0,2.2899999618530273
2012-05-07,2.309999942779541,2.190000057220459,2.2799999713897705,2.2200000286102295,3400.0,2.2200000286102295
2012-05-08,2.2100000381469727,2.059999942779541,2.2100000381469727,2.1500000953674316,19300.0,2.1500000953674316
2012-05-09,2.1700000762939453,2.140000104904175,2.140000104904175,2.140000104904175,13100.0,2.140000104904175
2012-05-10,2.2200000286102295,2.119999885559082,2.2200000286102295,2.1600000858306885,21900.0,2.1600000858306885
2012-05-11,2.1500000953674316,2.059999942779541,2.1500000953674316,2.059999942779541,20000.0,2.059999942779541
2012-05-14,2.0899999141693115,2.0299999713897705,2.059999942779541,2.0299999713897705,12000.0,2.0299999713897705
2012-05-15,2.1700000762939453,2.0799999237060547,2.0799999237060547,2.119999885559082,6400.0,2.119999885559082
2012-05-16,2.2699999809265137,2.049999952316284,2.049999952316284,2.200000047683716,15200.0,2.200000047683716
2012-05-17,2.200000047683716,2.049999952316284,2.200000047683716,2.049999952316284,7300.0,2.049999952316284
2012-05-18,2.140000104904175,2.049999952316284,2.0799999237060547,2.049999952316284,6600.0,2.049999952316284
2012-05-21,2.0799999237060547,2.0,2.0799999237060547,2.049999952316284,9400.0,2.049999952316284
2012-05-22,2.069999933242798,2.0299999713897705,2.0299999713897705,2.0299999713897705,3700.0,2.0299999713897705
2012-05-23,2.0299999713897705,2.0199999809265137,2.0199999809265137,2.0299999713897705,1700.0,2.0299999713897705
2012-05-24,2.059999942779541,2.0,2.0199999809265137,2.0299999713897705,3100.0,2.0299999713897705
2012-05-25,2.0299999713897705,2.0299999713897705,2.0299999713897705,2.0299999713897705,0.0,2.0299999713897705
2012-05-29,2.049999952316284,1.9800000190734863,2.049999952316284,2.0199999809265137,19500.0,2.0199999809265137
2012-05-30,2.0199999809265137,2.0199999809265137,2.0199999809265137,2.0199999809265137,900.0,2.0199999809265137
2012-05-31,2.0399999618530273,2.009999990463257,2.0399999618530273,2.009999990463257,500.0,2.009999990463257
2012-06-01,2.009999990463257,2.009999990463257,2.009999990463257,2.009999990463257,0.0,2.009999990463257
2012-06-04,2.0299999713897705,2.0299999713897705,2.0299999713897705,2.0299999713897705,600.0,2.0299999713897705
2012-06-05,2.0299999713897705,1.9500000476837158,2.0299999713897705,1.9600000381469727,12700.0,1.9600000381469727
2012-06-06,2.0299999713897705,1.9700000286102295,1.9700000286102295,2.0299999713897705,3300.0,2.0299999713897705
2012-06-07,2.059999942779541,2.0,2.009999990463257,2.0,2600.0,2.0
2012-06-08,2.0899999141693115,2.0299999713897705,2.049999952316284,2.0799999237060547,5400.0,2.0799999237060547
2012-06-11,2.0199999809265137,2.0,2.0,2.009999990463257,7600.0,2.009999990463257
2012-06-12,2.059999942779541,2.0,2.0,2.059999942779541,1900.0,2.059999942779541
2012-06-13,2.059999942779541,2.0199999809265137,2.059999942779541,2.0199999809265137,200.0,2.0199999809265137
2012-06-14,2.0899999141693115,2.009999990463257,2.0899999141693115,2.0199999809265137,5800.0,2.0199999809265137
2012-06-15,2.069999933242798,2.0199999809265137,2.0199999809265137,2.069999933242798,1500.0,2.069999933242798
2012-06-18,2.109999895095825,2.0999999046325684,2.0999999046325684,2.0999999046325684,1000.0,2.0999999046325684
2012-06-19,2.130000114440918,2.069999933242798,2.069999933242798,2.0999999046325684,4600.0,2.0999999046325684
2012-06-20,2.0999999046325684,2.049999952316284,2.0799999237060547,2.0999999046325684,2800.0,2.0999999046325684
2012-06-21,2.059999942779541,2.0299999713897705,2.059999942779541,2.0399999618530273,1800.0,2.0399999618530273
2012-06-22,2.0399999618530273,2.0,2.0399999618530273,2.0,2900.0,2.0
2012-06-25,2.0399999618530273,1.9700000286102295,2.0,2.009999990463257,2800.0,2.009999990463257
2012-06-26,2.0299999713897705,2.0,2.0,2.0299999713897705,4000.0,2.0299999713897705
2012-06-27,2.059999942779541,2.0299999713897705,2.0299999713897705,2.0399999618530273,700.0,2.0399999618530273
2012-06-28,2.0999999046325684,1.9900000095367432,2.0299999713897705,2.0199999809265137,2400.0,2.0199999809265137
2012-06-29,2.009999990463257,2.0,2.009999990463257,2.009999990463257,1400.0,2.009999990463257
2012-07-02,2.009999990463257,1.9900000095367432,1.9900000095367432,2.0,3100.0,2.0
2012-07-03,2.1500000953674316,2.0,2.0,2.119999885559082,5200.0,2.119999885559082
2012-07-05,2.130000114440918,2.109999895095825,2.109999895095825,2.109999895095825,7600.0,2.109999895095825
2012-07-06,2.130000114440918,2.109999895095825,2.109999895095825,2.130000114440918,600.0,2.130000114440918
2012-07-09,2.190000057220459,2.109999895095825,2.109999895095825,2.1700000762939453,12300.0,2.1700000762939453
2012-07-10,2.2300000190734863,2.200000047683716,2.200000047683716,2.200000047683716,1700.0,2.200000047683716
2012-07-11,2.200000047683716,2.190000057220459,2.200000047683716,2.190000057220459,800.0,2.190000057220459
2012-07-12,2.190000057220459,2.0999999046325684,2.190000057220459,2.1500000953674316,13700.0,2.1500000953674316
2012-07-13,2.2100000381469727,2.1500000953674316,2.1500000953674316,2.1500000953674316,4800.0,2.1500000953674316
2012-07-16,2.1500000953674316,2.1500000953674316,2.1500000953674316,2.1500000953674316,500.0,2.1500000953674316
2012-07-17,2.1500000953674316,2.119999885559082,2.1500000953674316,2.130000114440918,900.0,2.130000114440918
2012-07-18,2.180000066757202,2.109999895095825,2.1500000953674316,2.109999895095825,2600.0,2.109999895095825
2012-07-19,2.1500000953674316,2.0399999618530273,2.1500000953674316,2.0799999237060547,3500.0,2.0799999237060547
2012-07-20,2.0799999237060547,1.9299999475479126,2.0799999237060547,2.049999952316284,2200.0,2.049999952316284
2012-07-23,2.0799999237060547,2.009999990463257,2.0299999713897705,2.059999942779541,12400.0,2.059999942779541
2012-07-24,2.059999942779541,2.0,2.059999942779541,2.059999942779541,7800.0,2.059999942779541
2012-07-25,2.0899999141693115,2.069999933242798,2.0899999141693115,2.069999933242798,1100.0,2.069999933242798
2012-07-26,2.119999885559082,2.059999942779541,2.059999942779541,2.0999999046325684,14800.0,2.0999999046325684
2012-07-27,2.069999933242798,2.059999942779541,2.069999933242798,2.059999942779541,1200.0,2.059999942779541
2012-07-30,2.049999952316284,2.049999952316284,2.049999952316284,2.049999952316284,4200.0,2.049999952316284
2012-07-31,2.0899999141693115,2.059999942779541,2.069999933242798,2.059999942779541,4700.0,2.059999942779541
2012-08-01,2.130000114440918,2.059999942779541,2.059999942779541,2.069999933242798,7300.0,2.069999933242798
2012-08-02,2.1500000953674316,2.0899999141693115,2.119999885559082,2.130000114440918,11700.0,2.130000114440918
2012-08-03,2.119999885559082,2.059999942779541,2.119999885559082,2.059999942779541,7100.0,2.059999942779541
2012-08-06,2.0799999237060547,2.0299999713897705,2.0799999237060547,2.0799999237060547,1600.0,2.0799999237060547
2012-08-07,2.1500000953674316,2.0999999046325684,2.0999999046325684,2.0999999046325684,3600.0,2.0999999046325684
2012-08-08,2.0999999046325684,2.0999999046325684,2.0999999046325684,2.0999999046325684,100.0,2.0999999046325684
2012-08-09,2.140000104904175,2.109999895095825,2.109999895095825,2.130000114440918,6100.0,2.130000114440918
2012-08-10,2.190000057220459,2.0999999046325684,2.0999999046325684,2.1500000953674316,1700.0,2.1500000953674316
2012-08-13,2.1700000762939453,2.140000104904175,2.140000104904175,2.140000104904175,1800.0,2.140000104904175
2012-08-14,2.240000009536743,2.140000104904175,2.140000104904175,2.240000009536743,4500.0,2.240000009536743
2012-08-15,4.800000190734863,2.490000009536743,2.5,4.190000057220459,966500.0,4.190000057220459
2012-08-16,4.28000020980835,3.569999933242798,4.21999979019165,3.990000009536743,376800.0,3.990000009536743
2012-08-17,4.889999866485596,3.809999942779541,3.890000104904175,4.889999866485596,293600.0,4.889999866485596
2012-08-20,4.789999961853027,3.9200000762939453,4.550000190734863,4.25,187800.0,4.25
2012-08-21,4.650000095367432,4.199999809265137,4.329999923706055,4.300000190734863,43300.0,4.300000190734863
2012-08-22,4.699999809265137,4.099999904632568,4.300000190734863,4.260000228881836,136500.0,4.260000228881836
2012-08-23,4.550000190734863,4.170000076293945,4.510000228881836,4.269999980926514,54300.0,4.269999980926514
2012-08-24,4.550000190734863,4.260000228881836,4.260000228881836,4.489999771118164,36500.0,4.489999771118164
2012-08-27,5.590000152587891,4.380000114440918,4.449999809265137,5.559999942779541,476000.0,5.559999942779541
2012-08-28,5.800000190734863,5.25,5.769999980926514,5.440000057220459,311300.0,5.440000057220459
2012-08-29,5.5,5.050000190734863,5.5,5.25,73500.0,5.25
2012-08-30,5.489999771118164,5.199999809265137,5.289999961853027,5.260000228881836,67600.0,5.260000228881836
2012-08-31,6.75,5.349999904632568,5.389999866485596,6.75,384100.0,6.75
2012-09-04,6.869999885559082,6.139999866485596,6.639999866485596,6.550000190734863,151700.0,6.550000190734863
2012-09-05,7.650000095367432,6.349999904632568,6.5,7.610000133514404,192000.0,7.610000133514404
2012-09-06,8.630000114440918,7.21999979019165,7.659999847412109,7.400000095367432,437000.0,7.400000095367432
2012-09-07,7.829999923706055,7.150000095367432,7.389999866485596,7.340000152587891,114400.0,7.340000152587891
2012-09-10,7.739999771118164,7.150000095367432,7.489999771118164,7.340000152587891,145400.0,7.340000152587891
2012-09-11,8.430000305175781,7.369999885559082,7.550000190734863,8.149999618530273,294600.0,8.149999618530273
2012-09-12,8.430000305175781,7.900000095367432,8.130000114440918,8.050000190734863,113600.0,8.050000190734863
2012-09-13,8.210000038146973,7.650000095367432,8.109999656677246,7.960000038146973,180500.0,7.960000038146973
2012-09-14,8.289999961853027,6.75,7.860000133514404,6.889999866485596,334200.0,6.889999866485596
2012-09-17,7.059999942779541,6.449999809265137,6.989999771118164,6.619999885559082,182400.0,6.619999885559082
2012-09-18,7.610000133514404,6.610000133514404,6.610000133514404,7.5,120700.0,7.5
2012-09-19,8.029999732971191,7.28000020980835,7.550000190734863,7.75,129100.0,7.75
2012-09-20,7.829999923706055,7.480000019073486,7.829999923706055,7.739999771118164,48300.0,7.739999771118164
2012-09-21,7.710000038146973,7.099999904632568,7.630000114440918,7.309999942779541,102400.0,7.309999942779541
2012-09-24,7.71999979019165,7.079999923706055,7.159999847412109,7.699999809265137,99000.0,7.699999809265137
2012-09-25,7.579999923706055,7.159999847412109,7.5,7.159999847412109,65100.0,7.159999847412109
2012-09-26,7.460000038146973,6.630000114440918,7.420000076293945,6.71999979019165,155500.0,6.71999979019165
2012-09-27,7.289999961853027,6.639999866485596,6.670000076293945,7.099999904632568,39900.0,7.099999904632568
2012-09-28,7.389999866485596,6.949999809265137,7.019999980926514,7.349999904632568,64900.0,7.349999904632568
2012-10-01,7.949999809265137,7.130000114440918,7.170000076293945,7.809999942779541,115900.0,7.809999942779541
2012-10-02,9.789999961853027,7.860000133514404,7.989999771118164,9.699999809265137,581800.0,9.699999809265137
2012-10-03,10.079999923706055,8.960000038146973,9.6899995803833,9.699999809265137,253400.0,9.699999809265137
2012-10-04,10.75,9.3100004196167,9.760000228881836,10.75,271100.0,10.75
2012-10-05,11.199999809265137,10.199999809265137,10.819999694824219,11.199999809265137,359600.0,11.199999809265137
2012-10-08,11.489999771118164,10.800000190734863,11.100000381469727,11.489999771118164,108200.0,11.489999771118164
2012-10-09,11.9399995803833,10.760000228881836,11.5,11.0,210100.0,11.0
2012-10-10,10.90999984741211,9.649999618530273,10.90999984741211,9.880000114440918,221600.0,9.880000114440918
2012-10-11,10.40999984741211,9.869999885559082,9.869999885559082,10.149999618530273,99800.0,10.149999618530273
2012-10-12,10.399999618530273,9.920000076293945,10.3100004196167,10.0,49700.0,10.0
2012-10-15,10.279999732971191,9.770000457763672,10.020000457763672,10.1899995803833,90800.0,10.1899995803833
2012-10-16,11.029999732971191,10.039999961853027,10.229999542236328,10.800000190734863,262300.0,10.800000190734863
2012-10-17,11.130000114440918,10.350000381469727,10.9399995803833,10.779999732971191,100200.0,10.779999732971191
2012-10-18,11.0,10.40999984741211,10.699999809265137,10.899999618530273,154400.0,10.899999618530273
2012-10-19,10.84000015258789,9.899999618530273,10.800000190734863,10.699999809265137,118900.0,10.699999809265137
2012-10-22,10.680000305175781,10.260000228881836,10.600000381469727,10.550000190734863,80400.0,10.550000190734863
2012-10-23,10.850000381469727,10.100000381469727,10.399999618530273,10.739999771118164,108200.0,10.739999771118164
2012-10-24,11.569999694824219,10.380000114440918,10.75,10.699999809265137,285600.0,10.699999809265137
2012-10-25,11.0,10.100000381469727,10.800000190734863,10.199999809265137,140600.0,10.199999809265137
2012-10-26,10.220000267028809,9.210000038146973,10.199999809265137,9.649999618530273,154900.0,9.649999618530273
2012-10-31,10.1899995803833,9.800000190734863,9.800000190734863,10.100000381469727,117000.0,10.100000381469727
2012-11-01,13.5,10.949999809265137,11.369999885559082,13.220000267028809,867900.0,13.220000267028809
2012-11-02,14.449999809265137,13.350000381469727,13.350000381469727,13.850000381469727,384700.0,13.850000381469727
2012-11-05,14.390000343322754,13.109999656677246,13.649999618530273,14.300000190734863,202100.0,14.300000190734863
2012-11-06,14.5,13.84000015258789,14.220000267028809,14.489999771118164,223700.0,14.489999771118164
2012-11-07,15.25,13.800000190734863,14.399999618530273,15.25,181900.0,15.25
2012-11-08,16.540000915527344,15.079999923706055,15.079999923706055,16.350000381469727,340800.0,16.350000381469727
2012-11-09,17.520000457763672,15.979999542236328,16.350000381469727,17.329999923706055,150400.0,17.329999923706055
2012-11-12,18.0,14.739999771118164,16.010000228881836,15.600000381469727,461800.0,15.600000381469727
2012-11-13,16.729999542236328,14.15999984741211,14.510000228881836,16.190000534057617,185400.0,16.190000534057617
2012-11-14,16.200000762939453,14.760000228881836,16.010000228881836,14.899999618530273,116400.0,14.899999618530273
2012-11-15,14.619999885559082,13.25,14.619999885559082,13.5600004196167,347800.0,13.5600004196167
2012-11-16,13.350000381469727,11.829999923706055,13.100000381469727,12.319999694824219,482300.0,12.319999694824219
2012-11-19,12.789999961853027,11.130000114440918,12.380000114440918,11.239999771118164,391200.0,11.239999771118164
2012-11-20,14.0,11.319999694824219,11.399999618530273,12.020000457763672,625800.0,12.020000457763672
2012-11-21,12.390000343322754,11.260000228881836,12.010000228881836,11.75,296500.0,11.75
2012-11-23,12.529999732971191,11.800000190734863,11.800000190734863,12.329999923706055,102800.0,12.329999923706055
2012-11-26,14.470000267028809,12.350000381469727,12.539999961853027,14.210000038146973,305500.0,14.210000038146973
2012-11-27,14.989999771118164,13.319999694824219,14.420000076293945,13.8100004196167,246200.0,13.8100004196167
2012-11-28,14.350000381469727,13.5,13.75,14.319999694824219,127700.0,14.319999694824219
2012-11-29,15.100000381469727,14.1899995803833,14.5600004196167,14.399999618530273,125100.0,14.399999618530273
2012-11-30,14.75,14.020000457763672,14.550000190734863,14.75,135300.0,14.75
2012-12-03,15.420000076293945,14.199999809265137,14.75,14.699999809265137,159500.0,14.699999809265137
2012-12-04,14.869999885559082,14.25,14.569999694824219,14.579999923706055,60600.0,14.579999923706055
2012-12-05,14.920000076293945,14.350000381469727,14.710000038146973,14.5,70100.0,14.5
2012-12-06,14.800000190734863,14.300000190734863,14.399999618530273,14.729999542236328,155600.0,14.729999542236328
2012-12-07,15.140000343322754,14.5,14.75,15.050000190734863,193300.0,15.050000190734863
2012-12-10,15.25,14.800000190734863,15.0,15.039999961853027,127800.0,15.039999961853027
2012-12-11,15.239999771118164,14.149999618530273,15.039999961853027,14.739999771118164,123900.0,14.739999771118164
2012-12-12,14.890000343322754,14.420000076293945,14.720000267028809,14.600000381469727,39300.0,14.600000381469727
2012-12-13,14.649999618530273,14.199999809265137,14.5,14.510000228881836,40800.0,14.510000228881836
2012-12-14,14.609999656677246,14.0,14.430000305175781,14.149999618530273,78800.0,14.149999618530273
2012-12-17,14.199999809265137,13.630000114440918,14.15999984741211,13.880000114440918,63600.0,13.880000114440918
2012-12-18,14.75,13.75,13.800000190734863,14.529999732971191,69900.0,14.529999732971191
2012-12-19,15.149999618530273,14.59000015258789,14.600000381469727,15.050000190734863,105200.0,15.050000190734863
2012-12-20,15.279999732971191,14.729999542236328,15.079999923706055,15.029999732971191,57500.0,15.029999732971191
2012-12-21,15.5,14.5,14.84000015258789,15.5,84200.0,15.5
2012-12-24,15.489999771118164,14.649999618530273,15.489999771118164,14.65999984741211,55600.0,14.65999984741211
2012-12-26,15.289999961853027,13.050000190734863,15.109999656677246,14.489999771118164,178500.0,14.489999771118164
2012-12-27,14.460000038146973,13.600000381469727,14.390000343322754,13.720000267028809,90100.0,13.720000267028809
2012-12-28,13.90999984741211,13.600000381469727,13.760000228881836,13.600000381469727,56200.0,13.600000381469727
2012-12-31,14.170000076293945,13.3100004196167,13.600000381469727,14.100000381469727,127600.0,14.100000381469727
2013-01-02,14.489999771118164,13.90999984741211,14.489999771118164,14.170000076293945,77200.0,14.170000076293945
2013-01-03,14.170000076293945,13.420000076293945,14.010000228881836,13.680000305175781,39400.0,13.680000305175781
2013-01-04,13.800000190734863,13.5,13.609999656677246,13.569999694824219,40100.0,13.569999694824219
2013-01-07,13.59000015258789,13.050000190734863,13.5,13.050000190734863,119700.0,13.050000190734863
2013-01-08,13.010000228881836,12.59000015258789,13.010000228881836,12.710000038146973,80700.0,12.710000038146973
2013-01-09,13.300000190734863,12.739999771118164,12.739999771118164,13.239999771118164,60900.0,13.239999771118164
2013-01-10,13.800000190734863,13.0,13.739999771118164,13.199999809265137,74800.0,13.199999809265137
2013-01-11,13.329999923706055,13.0,13.329999923706055,13.0600004196167,11800.0,13.0600004196167
2013-01-14,13.0,11.90999984741211,13.0,11.90999984741211,162400.0,11.90999984741211
2013-01-15,12.050000190734863,11.5,11.90999984741211,11.989999771118164,51800.0,11.989999771118164
2013-01-16,12.050000190734863,11.600000381469727,11.930000305175781,11.949999809265137,46300.0,11.949999809265137
2013-01-17,13.350000381469727,11.949999809265137,11.970000267028809,12.989999771118164,82500.0,12.989999771118164
2013-01-18,13.3100004196167,12.5,12.600000381469727,13.100000381469727,81100.0,13.100000381469727
2013-01-22,14.079999923706055,13.0,13.0,14.079999923706055,103900.0,14.079999923706055
2013-01-23,14.6899995803833,13.779999732971191,14.100000381469727,14.170000076293945,80800.0,14.170000076293945
2013-01-24,14.1899995803833,12.420000076293945,14.100000381469727,12.609999656677246,131100.0,12.609999656677246
2013-01-25,13.670000076293945,12.520000457763672,12.520000457763672,13.149999618530273,90500.0,13.149999618530273
2013-01-28,13.100000381469727,12.819999694824219,13.010000228881836,13.0,34400.0,13.0
2013-01-29,13.1899995803833,12.90999984741211,13.0,12.920000076293945,20400.0,12.920000076293945
2013-01-30,13.149999618530273,12.949999809265137,12.949999809265137,13.130000114440918,27900.0,13.130000114440918
2013-01-31,13.140000343322754,13.0,13.0,13.09000015258789,13600.0,13.09000015258789
2013-02-01,13.449999809265137,12.949999809265137,13.100000381469727,12.960000038146973,28800.0,12.960000038146973
2013-02-04,13.010000228881836,12.5,12.710000038146973,12.5,44200.0,12.5
2013-02-05,12.600000381469727,12.5,12.510000228881836,12.5,31000.0,12.5
2013-02-06,12.640000343322754,12.399999618530273,12.550000190734863,12.399999618530273,25300.0,12.399999618530273
2013-02-07,12.5,12.109999656677246,12.5,12.279999732971191,47100.0,12.279999732971191
2013-02-08,12.470000267028809,12.25,12.369999885559082,12.300000190734863,26800.0,12.300000190734863
2013-02-11,12.5600004196167,12.220000267028809,12.350000381469727,12.359999656677246,46800.0,12.359999656677246
2013-02-12,12.649999618530273,12.300000190734863,12.460000038146973,12.34000015258789,38700.0,12.34000015258789
2013-02-13,12.40999984741211,12.199999809265137,12.399999618530273,12.3100004196167,35100.0,12.3100004196167
2013-02-14,12.6899995803833,12.109999656677246,12.300000190734863,12.600000381469727,48000.0,12.600000381469727
2013-02-15,13.029999732971191,12.300000190734863,12.5,12.859999656677246,51000.0,12.859999656677246
2013-02-19,13.149999618530273,12.75,12.850000381469727,13.0,55500.0,13.0
2013-02-20,13.449999809265137,13.0,13.350000381469727,13.399999618530273,47300.0,13.399999618530273
2013-02-21,14.270000457763672,13.260000228881836,13.479999542236328,14.270000457763672,136000.0,14.270000457763672
2013-02-22,14.75,13.760000228881836,14.5,14.010000228881836,125800.0,14.010000228881836
2013-02-25,14.130000114440918,13.569999694824219,14.130000114440918,13.630000114440918,34600.0,13.630000114440918
2013-02-26,13.960000038146973,13.229999542236328,13.699999809265137,13.390000343322754,44300.0,13.390000343322754
2013-02-27,15.390000343322754,13.5,13.550000190734863,15.170000076293945,260400.0,15.170000076293945
2013-02-28,14.640000343322754,11.300000190734863,14.40999984741211,11.300000190734863,1108800.0,11.300000190734863
2013-03-01,11.739999771118164,10.880000114440918,11.239999771118164,11.140000343322754,112200.0,11.140000343322754
2013-03-04,11.430000305175781,10.800000190734863,11.130000114440918,11.100000381469727,87900.0,11.100000381469727
2013-03-05,11.140000343322754,10.899999618530273,10.989999771118164,11.0,69900.0,11.0
2013-03-06,11.470000267028809,10.800000190734863,11.0,11.390000343322754,39700.0,11.390000343322754
2013-03-07,11.399999618530273,10.899999618530273,11.399999618530273,11.100000381469727,40700.0,11.100000381469727
2013-03-08,11.390000343322754,11.100000381469727,11.100000381469727,11.100000381469727,19900.0,11.100000381469727
2013-03-11,11.489999771118164,11.09000015258789,11.09000015258789,11.329999923706055,47400.0,11.329999923706055
2013-03-12,11.630000114440918,11.199999809265137,11.199999809265137,11.25,50500.0,11.25
2013-03-13,11.260000228881836,10.789999961853027,11.25,11.170000076293945,53400.0,11.170000076293945
2013-03-14,11.1899995803833,10.989999771118164,11.050000190734863,11.119999885559082,49800.0,11.119999885559082
2013-03-15,11.029999732971191,10.40999984741211,11.0,10.520000457763672,247300.0,10.520000457763672
2013-03-18,10.5,10.100000381469727,10.399999618530273,10.149999618530273,155200.0,10.149999618530273
2013-03-19,10.100000381469727,9.550000190734863,10.100000381469727,9.779999732971191,261000.0,9.779999732971191
2013-03-20,9.859999656677246,9.619999885559082,9.649999618530273,9.649999618530273,26200.0,9.649999618530273
2013-03-21,9.800000190734863,9.619999885559082,9.649999618530273,9.699999809265137,30200.0,9.699999809265137
2013-03-22,9.789999961853027,9.65999984741211,9.699999809265137,9.699999809265137,37400.0,9.699999809265137
2013-03-25,9.760000228881836,9.59000015258789,9.760000228881836,9.699999809265137,22200.0,9.699999809265137
2013-03-26,9.800000190734863,9.670000076293945,9.699999809265137,9.6899995803833,12100.0,9.6899995803833
2013-03-27,9.770000457763672,9.600000381469727,9.680000305175781,9.649999618530273,26600.0,9.649999618530273
2013-03-28,10.460000038146973,9.65999984741211,9.65999984741211,10.199999809265137,54500.0,10.199999809265137
2013-04-01,10.34000015258789,9.670000076293945,10.050000190734863,10.34000015258789,28600.0,10.34000015258789
2013-04-02,10.5600004196167,10.050000190734863,10.100000381469727,10.550000190734863,34600.0,10.550000190734863
2013-04-03,10.600000381469727,10.199999809265137,10.510000228881836,10.449999809265137,23300.0,10.449999809265137
2013-04-04,10.449999809265137,10.149999618530273,10.350000381469727,10.279999732971191,23800.0,10.279999732971191
2013-04-05,10.600000381469727,10.029999732971191,10.199999809265137,10.600000381469727,36000.0,10.600000381469727
2013-04-08,10.600000381469727,10.210000038146973,10.5,10.319999694824219,13500.0,10.319999694824219
2013-04-09,10.579999923706055,10.350000381469727,10.550000190734863,10.399999618530273,24400.0,10.399999618530273
2013-04-10,10.670000076293945,10.449999809265137,10.539999961853027,10.59000015258789,23000.0,10.59000015258789
2013-04-11,10.920000076293945,10.430000305175781,10.5600004196167,10.859999656677246,26000.0,10.859999656677246
2013-04-12,10.779999732971191,10.609999656677246,10.779999732971191,10.619999885559082,8300.0,10.619999885559082
2013-04-15,10.6899995803833,10.329999923706055,10.630000114440918,10.329999923706055,15200.0,10.329999923706055
2013-04-16,10.520000457763672,10.15999984741211,10.300000190734863,10.449999809265137,17900.0,10.449999809265137
2013-04-17,10.3100004196167,10.119999885559082,10.3100004196167,10.3100004196167,48300.0,10.3100004196167
2013-04-18,10.300000190734863,10.119999885559082,10.300000190734863,10.119999885559082,14200.0,10.119999885559082
2013-04-19,10.3100004196167,10.100000381469727,10.119999885559082,10.220000267028809,13600.0,10.220000267028809
2013-04-22,10.270000457763672,10.100000381469727,10.270000457763672,10.119999885559082,9800.0,10.119999885559082
2013-04-23,10.270000457763672,10.100000381469727,10.119999885559082,10.180000305175781,16600.0,10.180000305175781
2013-04-24,10.350000381469727,10.0600004196167,10.15999984741211,10.0600004196167,19800.0,10.0600004196167
2013-04-25,10.239999771118164,10.029999732971191,10.050000190734863,10.100000381469727,8800.0,10.100000381469727
2013-04-26,10.149999618530273,10.020000457763672,10.069999694824219,10.0600004196167,135200.0,10.0600004196167
2013-04-29,10.449999809265137,10.050000190734863,10.050000190734863,10.15999984741211,11500.0,10.15999984741211
2013-04-30,10.479999542236328,10.109999656677246,10.1899995803833,10.380000114440918,17400.0,10.380000114440918
2013-05-01,10.600000381469727,10.300000190734863,10.350000381469727,10.520000457763672,5000.0,10.520000457763672
2013-05-02,11.649999618530273,10.619999885559082,10.699999809265137,11.5600004196167,57100.0,11.5600004196167
2013-05-03,11.949999809265137,11.300000190734863,11.800000190734863,11.479999542236328,42300.0,11.479999542236328
2013-05-06,11.630000114440918,11.140000343322754,11.539999961853027,11.199999809265137,19300.0,11.199999809265137
2013-05-07,11.59000015258789,11.100000381469727,11.100000381469727,11.270000457763672,15500.0,11.270000457763672
2013-05-08,11.550000190734863,11.239999771118164,11.239999771118164,11.34000015258789,20300.0,11.34000015258789
2013-05-09,11.569999694824219,10.770000457763672,11.350000381469727,10.930000305175781,60200.0,10.930000305175781
2013-05-10,10.989999771118164,10.600000381469727,10.699999809265137,10.9399995803833,57500.0,10.9399995803833
2013-05-13,11.300000190734863,10.9399995803833,10.9399995803833,11.180000305175781,28000.0,11.180000305175781
2013-05-14,11.5,11.15999984741211,11.25,11.369999885559082,21400.0,11.369999885559082
2013-05-15,11.470000267028809,11.25,11.470000267028809,11.300000190734863,19500.0,11.300000190734863
2013-05-16,11.550000190734863,11.199999809265137,11.25,11.25,24600.0,11.25
2013-05-17,11.359999656677246,11.0,11.180000305175781,11.3100004196167,60100.0,11.3100004196167
2013-05-20,11.430000305175781,11.239999771118164,11.319999694824219,11.260000228881836,20400.0,11.260000228881836
2013-05-21,11.380000114440918,11.199999809265137,11.199999809265137,11.289999961853027,29500.0,11.289999961853027
2013-05-22,11.4399995803833,10.960000038146973,11.289999961853027,11.050000190734863,48300.0,11.050000190734863
2013-05-23,11.149999618530273,10.970000267028809,11.039999961853027,11.0600004196167,27200.0,11.0600004196167
2013-05-24,11.34000015258789,10.649999618530273,11.050000190734863,11.34000015258789,34800.0,11.34000015258789
2013-05-28,11.75,11.0,11.34000015258789,11.6899995803833,29000.0,11.6899995803833
2013-05-29,11.75,11.34000015258789,11.640000343322754,11.75,13900.0,11.75
2013-05-30,11.75,11.260000228881836,11.699999809265137,11.600000381469727,12600.0,11.600000381469727
2013-05-31,11.880000114440918,11.5,11.579999923706055,11.850000381469727,13800.0,11.850000381469727
2013-06-03,11.819999694824219,11.520000457763672,11.720000267028809,11.739999771118164,14500.0,11.739999771118164
2013-06-04,11.579999923706055,11.300000190734863,11.569999694824219,11.5,26000.0,11.5
2013-06-05,11.350000381469727,10.949999809265137,11.25,11.15999984741211,69500.0,11.15999984741211
2013-06-06,11.399999618530273,10.949999809265137,11.010000228881836,11.229999542236328,47100.0,11.229999542236328
2013-06-07,11.350000381469727,11.199999809265137,11.199999809265137,11.239999771118164,6500.0,11.239999771118164
2013-06-10,11.270000457763672,11.199999809265137,11.270000457763672,11.210000038146973,17000.0,11.210000038146973
2013-06-11,11.1899995803833,11.0,11.0,11.1899995803833,13900.0,11.1899995803833
2013-06-12,11.270000457763672,10.869999885559082,11.229999542236328,11.0600004196167,20000.0,11.0600004196167
2013-06-13,11.199999809265137,10.9399995803833,11.0,11.109999656677246,15500.0,11.109999656677246
2013-06-14,11.119999885559082,11.029999732971191,11.109999656677246,11.029999732971191,1100.0,11.029999732971191
2013-06-17,11.180000305175781,11.029999732971191,11.09000015258789,11.170000076293945,3400.0,11.170000076293945
2013-06-18,11.270000457763672,11.020000457763672,11.170000076293945,11.020000457763672,2300.0,11.020000457763672
2013-06-19,11.180000305175781,10.979999542236328,11.0,11.149999618530273,15400.0,11.149999618530273
2013-06-20,11.25,10.710000038146973,11.25,10.800000190734863,43000.0,10.800000190734863
2013-06-21,10.800000190734863,10.300000190734863,10.800000190734863,10.649999618530273,89600.0,10.649999618530273
2013-06-24,10.649999618530273,10.149999618530273,10.550000190734863,10.489999771118164,23500.0,10.489999771118164
2013-06-25,10.479999542236328,10.199999809265137,10.4399995803833,10.350000381469727,20500.0,10.350000381469727
2013-06-26,10.539999961853027,10.350000381469727,10.350000381469727,10.399999618530273,9600.0,10.399999618530273
2013-06-27,10.470000267028809,10.15999984741211,10.319999694824219,10.4399995803833,38800.0,10.4399995803833
2013-06-28,10.4399995803833,9.930000305175781,10.329999923706055,10.149999618530273,79000.0,10.149999618530273
2013-07-01,10.369999885559082,10.100000381469727,10.100000381469727,10.199999809265137,69900.0,10.199999809265137
2013-07-02,10.390000343322754,10.010000228881836,10.100000381469727,10.010000228881836,41500.0,10.010000228881836
2013-07-03,10.109999656677246,9.800000190734863,9.90999984741211,10.010000228881836,36300.0,10.010000228881836
2013-07-05,10.09000015258789,9.850000381469727,9.949999809265137,9.979999542236328,27200.0,9.979999542236328
2013-07-08,10.289999961853027,10.0,10.0,10.180000305175781,28100.0,10.180000305175781
2013-07-09,10.239999771118164,10.050000190734863,10.140000343322754,10.1899995803833,18100.0,10.1899995803833
2013-07-10,10.279999732971191,10.0,10.180000305175781,10.279999732971191,17900.0,10.279999732971191
2013-07-11,10.5,10.170000076293945,10.180000305175781,10.460000038146973,36900.0,10.460000038146973
2013-07-12,10.460000038146973,10.300000190734863,10.390000343322754,10.300000190734863,7900.0,10.300000190734863
2013-07-15,10.489999771118164,10.199999809265137,10.399999618530273,10.350000381469727,15400.0,10.350000381469727
2013-07-16,10.399999618530273,10.270000457763672,10.270000457763672,10.300000190734863,38600.0,10.300000190734863
2013-07-17,10.390000343322754,10.119999885559082,10.220000267028809,10.239999771118164,28300.0,10.239999771118164
2013-07-18,10.260000228881836,10.020000457763672,10.220000267028809,10.029999732971191,10200.0,10.029999732971191
2013-07-19,10.0,9.8100004196167,10.0,9.970000267028809,27800.0,9.970000267028809
2013-07-22,10.899999618530273,9.869999885559082,9.949999809265137,10.699999809265137,203700.0,10.699999809265137
2013-07-23,10.850000381469727,10.180000305175781,10.800000190734863,10.649999618530273,42300.0,10.649999618530273
2013-07-24,10.649999618530273,10.1899995803833,10.649999618530273,10.300000190734863,12900.0,10.300000190734863
2013-07-25,10.25,10.0,10.199999809265137,10.0600004196167,5100.0,10.0600004196167
2013-07-26,10.229999542236328,9.949999809265137,10.0,10.069999694824219,23400.0,10.069999694824219
2013-07-29,10.229999542236328,9.850000381469727,10.0,10.100000381469727,18700.0,10.100000381469727
2013-07-30,10.109999656677246,10.0,10.0,10.100000381469727,35000.0,10.100000381469727
2013-07-31,10.239999771118164,10.0,10.09000015258789,10.0,32100.0,10.0
2013-08-01,10.300000190734863,10.050000190734863,10.109999656677246,10.0600004196167,10000.0,10.0600004196167
2013-08-02,10.5,10.069999694824219,10.430000305175781,10.140000343322754,7300.0,10.140000343322754
2013-08-05,10.239999771118164,10.109999656677246,10.119999885559082,10.180000305175781,3600.0,10.180000305175781
2013-08-06,10.479999542236328,10.0600004196167,10.0600004196167,10.300000190734863,13600.0,10.300000190734863
2013-08-07,10.399999618530273,10.020000457763672,10.1899995803833,10.09000015258789,15100.0,10.09000015258789
2013-08-08,10.149999618530273,10.069999694824219,10.09000015258789,10.119999885559082,16300.0,10.119999885559082
2013-08-09,10.210000038146973,10.050000190734863,10.0600004196167,10.15999984741211,13100.0,10.15999984741211
2013-08-12,10.149999618530273,10.069999694824219,10.069999694824219,10.109999656677246,9800.0,10.109999656677246
2013-08-13,10.100000381469727,10.0600004196167,10.079999923706055,10.079999923706055,23800.0,10.079999923706055
2013-08-14,10.149999618530273,9.90999984741211,10.050000190734863,10.130000114440918,28000.0,10.130000114440918
2013-08-15,10.149999618530273,10.0,10.039999961853027,10.010000228881836,4800.0,10.010000228881836
2013-08-16,10.079999923706055,9.899999618530273,10.010000228881836,9.899999618530273,12500.0,9.899999618530273
2013-08-19,10.09000015258789,9.789999961853027,9.960000038146973,9.789999961853027,9100.0,9.789999961853027
2013-08-20,9.979999542236328,9.710000038146973,9.819999694824219,9.850000381469727,22100.0,9.850000381469727
2013-08-21,9.989999771118164,9.75,9.850000381469727,9.850000381469727,13100.0,9.850000381469727
2013-08-22,9.890000343322754,9.699999809265137,9.8100004196167,9.760000228881836,26300.0,9.760000228881836
2013-08-23,9.899999618530273,9.699999809265137,9.800000190734863,9.890000343322754,21700.0,9.890000343322754
2013-08-26,9.949999809265137,9.75,9.75,9.800000190734863,33700.0,9.800000190734863
2013-08-27,9.899999618530273,9.699999809265137,9.850000381469727,9.800000190734863,23400.0,9.800000190734863
2013-08-28,9.800000190734863,9.710000038146973,9.739999771118164,9.710000038146973,17700.0,9.710000038146973
2013-08-29,9.859999656677246,9.699999809265137,9.699999809265137,9.829999923706055,12200.0,9.829999923706055
2013-08-30,10.0,9.5,9.850000381469727,9.5,18000.0,9.5
2013-09-03,9.899999618530273,9.600000381469727,9.869999885559082,9.890000343322754,27400.0,9.890000343322754
2013-09-04,9.899999618530273,9.75,9.890000343322754,9.899999618530273,4700.0,9.899999618530273
2013-09-05,9.920000076293945,9.800000190734863,9.800000190734863,9.899999618530273,5800.0,9.899999618530273
2013-09-06,9.970000267028809,9.760000228881836,9.970000267028809,9.90999984741211,6500.0,9.90999984741211
2013-09-09,9.819999694824219,9.75,9.800000190734863,9.75,5800.0,9.75
2013-09-10,9.899999618530273,9.649999618530273,9.699999809265137,9.779999732971191,11900.0,9.779999732971191
2013-09-11,9.949999809265137,9.699999809265137,9.710000038146973,9.920000076293945,7600.0,9.920000076293945
2013-09-12,9.949999809265137,9.819999694824219,9.869999885559082,9.850000381469727,10100.0,9.850000381469727
2013-09-13,9.890000343322754,9.779999732971191,9.819999694824219,9.800000190734863,12800.0,9.800000190734863
2013-09-16,9.8100004196167,9.699999809265137,9.789999961853027,9.710000038146973,13000.0,9.710000038146973
2013-09-17,9.800000190734863,9.699999809265137,9.699999809265137,9.800000190734863,6600.0,9.800000190734863
2013-09-18,9.899999618530273,9.649999618530273,9.760000228881836,9.899999618530273,35400.0,9.899999618530273
2013-09-19,9.880000114440918,9.739999771118164,9.84000015258789,9.869999885559082,4900.0,9.869999885559082
2013-09-20,10.0,9.680000305175781,9.710000038146973,10.0,30100.0,10.0
2013-09-23,9.970000267028809,9.800000190734863,9.859999656677246,9.8100004196167,6100.0,9.8100004196167
2013-09-24,9.890000343322754,9.479999542236328,9.890000343322754,9.699999809265137,40400.0,9.699999809265137
2013-09-25,9.789999961853027,9.600000381469727,9.640000343322754,9.789999961853027,13900.0,9.789999961853027
2013-09-26,9.850000381469727,9.710000038146973,9.800000190734863,9.710000038146973,15000.0,9.710000038146973
2013-09-27,9.9399995803833,9.770000457763672,9.779999732971191,9.789999961853027,10900.0,9.789999961853027
2013-09-30,9.779999732971191,9.520000457763672,9.729999542236328,9.520000457763672,14800.0,9.520000457763672
2013-10-01,9.699999809265137,9.510000228881836,9.520000457763672,9.550000190734863,8400.0,9.550000190734863
2013-10-02,9.680000305175781,9.5,9.680000305175781,9.5,6900.0,9.5
2013-10-03,9.539999961853027,9.449999809265137,9.5,9.5,1900.0,9.5
2013-10-04,9.449999809265137,9.25,9.449999809265137,9.25,15600.0,9.25
2013-10-07,9.220000267028809,9.100000381469727,9.210000038146973,9.109999656677246,16000.0,9.109999656677246
2013-10-08,9.119999885559082,8.899999618530273,9.0600004196167,8.899999618530273,14200.0,8.899999618530273
2013-10-09,9.050000190734863,8.609999656677246,8.899999618530273,8.680000305175781,34200.0,8.680000305175781
2013-10-10,8.670000076293945,8.390000343322754,8.609999656677246,8.390000343322754,21400.0,8.390000343322754
2013-10-11,8.600000381469727,8.260000228881836,8.4399995803833,8.449999809265137,31500.0,8.449999809265137
2013-10-14,8.430000305175781,8.210000038146973,8.279999732971191,8.300000190734863,8300.0,8.300000190734863
2013-10-15,8.5,8.149999618530273,8.350000381469727,8.210000038146973,24200.0,8.210000038146973
2013-10-16,8.449999809265137,8.119999885559082,8.210000038146973,8.210000038146973,11300.0,8.210000038146973
2013-10-17,8.5,8.199999809265137,8.34000015258789,8.199999809265137,11900.0,8.199999809265137
2013-10-18,8.5,8.199999809265137,8.300000190734863,8.430000305175781,14500.0,8.430000305175781
2013-10-21,8.4399995803833,8.199999809265137,8.350000381469727,8.239999771118164,19900.0,8.239999771118164
2013-10-22,8.539999961853027,8.199999809265137,8.319999694824219,8.319999694824219,18900.0,8.319999694824219
2013-10-23,8.3100004196167,8.130000114440918,8.220000267028809,8.239999771118164,11900.0,8.239999771118164
2013-10-24,8.1899995803833,7.809999942779541,8.130000114440918,7.860000133514404,22400.0,7.860000133514404
2013-10-25,8.0,7.71999979019165,7.829999923706055,7.78000020980835,16800.0,7.78000020980835
2013-10-28,7.710000038146973,7.389999866485596,7.699999809265137,7.480000019073486,45700.0,7.480000019073486
2013-10-29,7.449999809265137,7.03000020980835,7.440000057220459,7.050000190734863,77100.0,7.050000190734863
2013-10-30,7.139999866485596,6.920000076293945,7.0,6.949999809265137,43800.0,6.949999809265137
2013-10-31,7.090000152587891,6.800000190734863,7.010000228881836,6.800000190734863,32800.0,6.800000190734863
2013-11-01,6.820000171661377,6.710000038146973,6.710000038146973,6.800000190734863,7600.0,6.800000190734863
2013-11-04,6.789999961853027,6.639999866485596,6.789999961853027,6.659999847412109,11300.0,6.659999847412109
2013-11-05,6.75,6.510000228881836,6.739999771118164,6.630000114440918,45600.0,6.630000114440918
2013-11-06,6.849999904632568,6.550000190734863,6.75,6.550000190734863,45400.0,6.550000190734863
2013-11-07,6.460000038146973,5.860000133514404,6.409999847412109,6.010000228881836,110800.0,6.010000228881836
2013-11-08,6.079999923706055,5.869999885559082,5.889999866485596,6.0,34300.0,6.0
2013-11-11,6.099999904632568,5.980000019073486,5.980000019073486,6.0,4100.0,6.0
2013-11-12,6.099999904632568,5.989999771118164,6.0,6.0,14200.0,6.0
2013-11-13,6.239999771118164,6.050000190734863,6.239999771118164,6.110000133514404,28500.0,6.110000133514404
2013-11-14,6.110000133514404,5.940000057220459,6.079999923706055,6.0,19000.0,6.0
2013-11-15,5.940000057220459,5.820000171661377,5.940000057220459,5.829999923706055,24600.0,5.829999923706055
2013-11-18,6.0,5.820000171661377,5.849999904632568,5.849999904632568,17100.0,5.849999904632568
2013-11-19,5.829999923706055,5.789999961853027,5.829999923706055,5.789999961853027,9300.0,5.789999961853027
2013-11-20,5.75,5.230000019073486,5.739999771118164,5.480000019073486,26900.0,5.480000019073486
2013-11-21,5.460000038146973,5.21999979019165,5.460000038146973,5.230000019073486,45300.0,5.230000019073486
2013-11-22,5.269999980926514,5.010000228881836,5.269999980926514,5.010000228881836,128700.0,5.010000228881836
2013-11-25,5.199999809265137,5.010000228881836,5.03000020980835,5.019999980926514,52200.0,5.019999980926514
2013-11-26,5.25,5.010000228881836,5.25,5.059999942779541,23600.0,5.059999942779541
2013-11-27,5.119999885559082,4.829999923706055,5.059999942779541,4.900000095367432,100700.0,4.900000095367432
2013-11-29,4.989999771118164,4.900000095367432,4.900000095367432,4.980000019073486,2500.0,4.980000019073486
2013-12-02,4.980000019073486,4.800000190734863,4.900000095367432,4.800000190734863,9500.0,4.800000190734863
2013-12-03,4.900000095367432,4.71999979019165,4.849999904632568,4.820000171661377,22900.0,4.820000171661377
2013-12-04,4.980000019073486,4.710000038146973,4.849999904632568,4.75,24400.0,4.75
2013-12-05,4.980000019073486,4.659999847412109,4.75,4.840000152587891,104000.0,4.840000152587891
2013-12-06,5.239999771118164,4.900000095367432,4.900000095367432,5.039999961853027,93100.0,5.039999961853027
2013-12-09,5.260000228881836,5.03000020980835,5.21999979019165,5.199999809265137,53900.0,5.199999809265137
2013-12-10,5.460000038146973,5.150000095367432,5.269999980926514,5.449999809265137,172100.0,5.449999809265137
2013-12-11,5.889999866485596,5.510000228881836,5.650000095367432,5.889999866485596,121400.0,5.889999866485596
2013-12-12,6.949999809265137,5.840000152587891,5.840000152587891,6.949999809265137,156000.0,6.949999809265137
2013-12-13,7.840000152587891,6.5,7.110000133514404,6.800000190734863,157100.0,6.800000190734863
2013-12-16,6.760000228881836,6.5,6.650000095367432,6.739999771118164,71300.0,6.739999771118164
2013-12-17,6.75,6.260000228881836,6.730000019073486,6.639999866485596,63300.0,6.639999866485596
2013-12-18,6.949999809265137,6.550000190734863,6.829999923706055,6.599999904632568,31600.0,6.599999904632568
2013-12-19,6.610000133514404,6.099999904632568,6.550000190734863,6.199999809265137,60300.0,6.199999809265137
2013-12-20,6.289999961853027,5.550000190734863,6.159999847412109,5.630000114440918,130600.0,5.630000114440918
2013-12-23,6.300000190734863,5.570000171661377,5.630000114440918,6.239999771118164,72000.0,6.239999771118164
2013-12-24,6.340000152587891,6.03000020980835,6.099999904632568,6.320000171661377,14200.0,6.320000171661377
2013-12-26,6.420000076293945,6.110000133514404,6.329999923706055,6.420000076293945,41000.0,6.420000076293945
2013-12-27,6.400000095367432,6.309999942779541,6.309999942779541,6.340000152587891,26000.0,6.340000152587891
2013-12-30,6.300000190734863,5.710000038146973,6.260000228881836,5.940000057220459,141800.0,5.940000057220459
2013-12-31,6.139999866485596,5.800000190734863,5.920000076293945,5.980000019073486,116200.0,5.980000019073486
2014-01-02,6.0,5.75,5.889999866485596,5.760000228881836,90800.0,5.760000228881836
2014-01-03,5.920000076293945,5.710000038146973,5.78000020980835,5.840000152587891,38400.0,5.840000152587891
2014-01-06,5.989999771118164,5.820000171661377,5.849999904632568,5.840000152587891,71300.0,5.840000152587891
2014-01-07,6.079999923706055,5.809999942779541,5.96999979019165,5.889999866485596,222300.0,5.889999866485596
2014-01-08,6.380000114440918,5.909999847412109,5.909999847412109,6.300000190734863,68300.0,6.300000190734863
2014-01-09,6.369999885559082,6.230000019073486,6.230000019073486,6.300000190734863,8900.0,6.300000190734863
2014-01-10,6.440000057220459,6.210000038146973,6.25,6.420000076293945,40500.0,6.420000076293945
2014-01-13,6.440000057220459,6.010000228881836,6.440000057220459,6.03000020980835,92800.0,6.03000020980835
2014-01-14,6.429999828338623,6.050000190734863,6.099999904632568,6.349999904632568,18600.0,6.349999904632568
2014-01-15,6.400000095367432,6.210000038146973,6.320000171661377,6.320000171661377,49000.0,6.320000171661377
2014-01-16,6.449999809265137,6.309999942779541,6.349999904632568,6.449999809265137,38900.0,6.449999809265137
2014-01-17,6.429999828338623,6.079999923706055,6.360000133514404,6.079999923706055,33300.0,6.079999923706055
2014-01-21,6.199999809265137,6.03000020980835,6.199999809265137,6.150000095367432,29200.0,6.150000095367432
2014-01-22,6.210000038146973,6.130000114440918,6.210000038146973,6.170000076293945,20200.0,6.170000076293945
2014-01-23,6.429999828338623,6.110000133514404,6.179999828338623,6.21999979019165,13500.0,6.21999979019165
2014-01-24,6.260000228881836,6.099999904632568,6.260000228881836,6.099999904632568,37500.0,6.099999904632568
2014-01-27,6.150000095367432,5.96999979019165,6.150000095367432,5.989999771118164,18900.0,5.989999771118164
2014-01-28,6.440000057220459,6.070000171661377,6.130000114440918,6.309999942779541,50100.0,6.309999942779541
2014-01-29,6.449999809265137,6.329999923706055,6.329999923706055,6.400000095367432,29100.0,6.400000095367432
2014-01-30,6.690000057220459,6.429999828338623,6.5,6.550000190734863,15500.0,6.550000190734863
2014-01-31,7.400000095367432,6.679999828338623,6.75,7.079999923706055,43300.0,7.079999923706055
2014-02-03,7.179999828338623,6.849999904632568,7.090000152587891,7.039999961853027,32000.0,7.039999961853027
2014-02-04,7.150000095367432,6.739999771118164,7.150000095367432,6.909999847412109,24600.0,6.909999847412109
2014-02-05,7.079999923706055,6.599999904632568,6.929999828338623,6.929999828338623,43900.0,6.929999828338623
2014-02-06,7.059999942779541,6.75,6.940000057220459,6.980000019073486,18500.0,6.980000019073486
2014-02-07,7.0,6.75,6.949999809265137,6.829999923706055,22500.0,6.829999923706055
2014-02-10,7.0,6.78000020980835,6.820000171661377,6.949999809265137,29800.0,6.949999809265137
2014-02-11,6.960000038146973,6.849999904632568,6.889999866485596,6.900000095367432,11200.0,6.900000095367432
2014-02-12,6.900000095367432,6.809999942779541,6.880000114440918,6.869999885559082,8300.0,6.869999885559082
2014-02-13,6.920000076293945,6.820000171661377,6.849999904632568,6.880000114440918,5100.0,6.880000114440918
2014-02-14,6.989999771118164,6.849999904632568,6.989999771118164,6.949999809265137,15100.0,6.949999809265137
2014-02-18,6.989999771118164,6.900000095367432,6.909999847412109,6.929999828338623,5600.0,6.929999828338623
2014-02-19,6.900000095367432,6.710000038146973,6.889999866485596,6.75,5800.0,6.75
2014-02-20,7.179999828338623,6.800000190734863,6.800000190734863,7.119999885559082,34100.0,7.119999885559082
2014-02-21,7.190000057220459,7.019999980926514,7.019999980926514,7.139999866485596,12400.0,7.139999866485596
2014-02-24,7.199999809265137,7.0,7.199999809265137,7.079999923706055,16000.0,7.079999923706055
2014-02-25,7.150000095367432,7.0,7.039999961853027,7.010000228881836,15700.0,7.010000228881836
2014-02-26,7.130000114440918,7.0,7.0,7.03000020980835,8100.0,7.03000020980835
2014-02-27,7.159999847412109,6.960000038146973,7.039999961853027,6.960000038146973,14300.0,6.960000038146973
2014-02-28,7.0,6.900000095367432,6.900000095367432,6.989999771118164,5200.0,6.989999771118164
2014-03-03,6.96999979019165,6.599999904632568,6.96999979019165,6.630000114440918,8900.0,6.630000114440918
2014-03-04,6.880000114440918,6.650000095367432,6.650000095367432,6.75,7100.0,6.75
2014-03-05,6.75,6.389999866485596,6.75,6.480000019073486,21200.0,6.480000019073486
2014-03-06,6.800000190734863,6.659999847412109,6.800000190734863,6.659999847412109,3600.0,6.659999847412109
2014-03-07,7.0,6.670000076293945,6.849999904632568,6.920000076293945,4800.0,6.920000076293945
2014-03-10,6.900000095367432,6.659999847412109,6.900000095367432,6.829999923706055,21000.0,6.829999923706055
2014-03-11,6.849999904632568,6.78000020980835,6.809999942779541,6.809999942779541,17400.0,6.809999942779541
2014-03-12,6.800000190734863,6.599999904632568,6.800000190734863,6.699999809265137,8900.0,6.699999809265137
2014-03-13,6.889999866485596,6.599999904632568,6.71999979019165,6.610000133514404,12300.0,6.610000133514404
2014-03-14,6.650000095367432,6.420000076293945,6.650000095367432,6.519999980926514,8400.0,6.519999980926514
2014-03-17,6.650000095367432,6.550000190734863,6.559999942779541,6.559999942779541,5900.0,6.559999942779541
2014-03-18,6.650000095367432,6.510000228881836,6.599999904632568,6.559999942779541,12600.0,6.559999942779541
2014-03-19,6.599999904632568,6.550000190734863,6.590000152587891,6.599999904632568,3000.0,6.599999904632568
2014-03-20,6.510000228881836,6.119999885559082,6.460000038146973,6.300000190734863,29000.0,6.300000190734863
2014-03-21,6.420000076293945,6.210000038146973,6.349999904632568,6.260000228881836,63300.0,6.260000228881836
2014-03-24,6.380000114440918,6.179999828338623,6.269999980926514,6.349999904632568,19400.0,6.349999904632568
2014-03-25,6.329999923706055,6.25,6.289999961853027,6.28000020980835,9200.0,6.28000020980835
2014-03-26,6.400000095367432,6.260000228881836,6.260000228881836,6.300000190734863,5400.0,6.300000190734863
2014-03-27,6.289999961853027,6.230000019073486,6.230000019073486,6.25,27600.0,6.25
2014-03-28,6.349999904632568,5.900000095367432,6.21999979019165,5.900000095367432,12700.0,5.900000095367432
2014-03-31,6.099999904632568,5.820000171661377,5.940000057220459,5.989999771118164,29800.0,5.989999771118164
2014-04-01,6.139999866485596,5.909999847412109,6.0,6.0,22100.0,6.0
2014-04-02,6.099999904632568,5.909999847412109,6.070000171661377,5.96999979019165,24800.0,5.96999979019165
2014-04-03,6.079999923706055,5.929999828338623,5.949999809265137,5.989999771118164,14500.0,5.989999771118164
2014-04-04,6.099999904632568,5.929999828338623,6.0,6.079999923706055,37100.0,6.079999923706055
2014-04-07,5.980000019073486,5.579999923706055,5.960000038146973,5.670000076293945,49600.0,5.670000076293945
2014-04-08,5.829999923706055,5.489999771118164,5.679999828338623,5.769999980926514,27000.0,5.769999980926514
2014-04-09,5.78000020980835,5.460000038146973,5.760000228881836,5.639999866485596,18400.0,5.639999866485596
2014-04-10,5.800000190734863,5.590000152587891,5.679999828338623,5.590000152587891,36400.0,5.590000152587891
2014-04-11,5.75,5.400000095367432,5.510000228881836,5.449999809265137,16600.0,5.449999809265137
2014-04-14,5.699999809265137,5.449999809265137,5.489999771118164,5.599999904632568,14900.0,5.599999904632568
2014-04-15,5.639999866485596,5.460000038146973,5.539999961853027,5.599999904632568,12100.0,5.599999904632568
2014-04-16,5.650000095367432,5.489999771118164,5.550000190734863,5.650000095367432,10400.0,5.650000095367432
2014-04-17,5.679999828338623,5.510000228881836,5.610000133514404,5.670000076293945,27200.0,5.670000076293945
2014-04-21,5.699999809265137,5.400000095367432,5.619999885559082,5.679999828338623,14000.0,5.679999828338623
2014-04-22,5.71999979019165,5.489999771118164,5.599999904632568,5.71999979019165,15900.0,5.71999979019165
2014-04-23,5.96999979019165,5.679999828338623,5.71999979019165,5.900000095367432,7900.0,5.900000095367432
2014-04-24,5.889999866485596,5.760000228881836,5.889999866485596,5.760000228881836,3300.0,5.760000228881836
2014-04-25,5.940000057220459,5.78000020980835,5.880000114440918,5.940000057220459,6000.0,5.940000057220459
2014-04-28,5.949999809265137,5.78000020980835,5.860000133514404,5.920000076293945,3900.0,5.920000076293945
2014-04-29,5.929999828338623,5.800000190734863,5.920000076293945,5.869999885559082,8000.0,5.869999885559082
2014-04-30,5.860000133514404,5.769999980926514,5.860000133514404,5.769999980926514,6300.0,5.769999980926514
2014-05-01,5.769999980926514,5.619999885559082,5.75,5.710000038146973,16200.0,5.710000038146973
2014-05-02,5.75,5.710000038146973,5.710000038146973,5.739999771118164,6800.0,5.739999771118164
2014-05-05,5.769999980926514,5.71999979019165,5.75,5.769999980926514,10100.0,5.769999980926514
2014-05-06,5.860000133514404,5.75,5.75,5.820000171661377,1700.0,5.820000171661377
2014-05-07,5.989999771118164,5.78000020980835,5.869999885559082,5.849999904632568,12400.0,5.849999904632568
2014-05-08,5.980000019073486,5.730000019073486,5.769999980926514,5.800000190734863,9900.0,5.800000190734863
2014-05-09,5.989999771118164,5.75,5.75,5.900000095367432,10300.0,5.900000095367432
2014-05-12,5.909999847412109,5.75,5.889999866485596,5.889999866485596,11300.0,5.889999866485596
2014-05-13,5.869999885559082,5.730000019073486,5.730000019073486,5.800000190734863,16000.0,5.800000190734863
2014-05-14,5.909999847412109,5.699999809265137,5.809999942779541,5.75,9600.0,5.75
2014-05-15,5.900000095367432,5.699999809265137,5.75,5.730000019073486,7400.0,5.730000019073486
2014-05-16,5.869999885559082,5.71999979019165,5.730000019073486,5.71999979019165,10400.0,5.71999979019165
2014-05-19,5.880000114440918,5.699999809265137,5.699999809265137,5.800000190734863,11300.0,5.800000190734863
2014-05-20,5.840000152587891,5.75,5.78000020980835,5.75,5500.0,5.75
2014-05-21,5.869999885559082,5.75,5.769999980926514,5.789999961853027,7800.0,5.789999961853027
2014-05-22,5.880000114440918,5.71999979019165,5.760000228881836,5.739999771118164,8300.0,5.739999771118164
2014-05-23,5.829999923706055,5.670000076293945,5.75,5.670000076293945,4900.0,5.670000076293945
2014-05-27,5.78000020980835,5.659999847412109,5.659999847412109,5.769999980926514,4500.0,5.769999980926514
2014-05-28,5.889999866485596,5.710000038146973,5.710000038146973,5.789999961853027,1900.0,5.789999961853027
2014-05-29,5.900000095367432,5.760000228881836,5.760000228881836,5.849999904632568,9200.0,5.849999904632568
2014-05-30,5.920000076293945,5.71999979019165,5.809999942779541,5.760000228881836,7100.0,5.760000228881836
2014-06-02,5.800000190734863,5.699999809265137,5.710000038146973,5.800000190734863,4000.0,5.800000190734863
2014-06-03,5.829999923706055,5.690000057220459,5.710000038146973,5.739999771118164,10900.0,5.739999771118164
2014-06-04,5.789999961853027,5.599999904632568,5.690000057220459,5.599999904632568,19000.0,5.599999904632568
2014-06-05,5.909999847412109,5.5,5.739999771118164,5.510000228881836,42500.0,5.510000228881836
2014-06-06,5.599999904632568,5.449999809265137,5.590000152587891,5.449999809265137,12300.0,5.449999809265137
2014-06-09,5.639999866485596,5.400000095367432,5.53000020980835,5.400000095367432,9200.0,5.400000095367432
2014-06-10,5.440000057220459,5.03000020980835,5.400000095367432,5.150000095367432,26100.0,5.150000095367432
2014-06-11,5.170000076293945,5.059999942779541,5.159999847412109,5.110000133514404,20100.0,5.110000133514404
2014-06-12,5.349999904632568,5.019999980926514,5.150000095367432,5.119999885559082,39500.0,5.119999885559082
2014-06-13,5.360000133514404,5.150000095367432,5.150000095367432,5.199999809265137,6700.0,5.199999809265137
2014-06-16,5.260000228881836,5.0,5.119999885559082,5.090000152587891,8600.0,5.090000152587891
2014-06-17,5.349999904632568,5.010000228881836,5.050000190734863,5.329999923706055,80200.0,5.329999923706055
2014-06-18,5.349999904632568,5.050000190734863,5.349999904632568,5.059999942779541,23500.0,5.059999942779541
2014-06-19,5.210000038146973,5.050000190734863,5.050000190734863,5.119999885559082,16700.0,5.119999885559082
2014-06-20,5.199999809265137,5.050000190734863,5.070000171661377,5.090000152587891,31200.0,5.090000152587891
2014-06-23,5.230000019073486,5.059999942779541,5.090000152587891,5.070000171661377,28800.0,5.070000171661377
2014-06-24,5.329999923706055,5.059999942779541,5.079999923706055,5.119999885559082,69300.0,5.119999885559082
2014-06-25,5.400000095367432,5.0,5.25,5.010000228881836,79400.0,5.010000228881836
2014-06-26,5.099999904632568,5.0,5.010000228881836,5.0,16100.0,5.0
2014-06-27,5.090000152587891,5.0,5.0,5.090000152587891,23300.0,5.090000152587891
2014-06-30,5.050000190734863,4.800000190734863,5.050000190734863,4.800000190734863,29000.0,4.800000190734863
2014-07-01,5.0,4.800000190734863,4.880000114440918,4.800000190734863,20600.0,4.800000190734863
2014-07-02,4.940000057220459,4.75,4.840000152587891,4.800000190734863,18000.0,4.800000190734863
2014-07-03,4.889999866485596,4.769999980926514,4.889999866485596,4.789999961853027,4200.0,4.789999961853027
2014-07-07,5.199999809265137,4.789999961853027,4.860000133514404,5.110000133514404,56400.0,5.110000133514404
2014-07-08,5.190000057220459,4.880000114440918,5.110000133514404,4.949999809265137,10200.0,4.949999809265137
2014-07-09,5.130000114440918,4.889999866485596,4.889999866485596,4.960000038146973,7400.0,4.960000038146973
2014-07-10,5.090000152587891,4.940000057220459,4.940000057220459,5.019999980926514,6200.0,5.019999980926514
2014-07-11,5.210000038146973,5.010000228881836,5.070000171661377,5.010000228881836,2700.0,5.010000228881836
2014-07-14,5.159999847412109,4.940000057220459,5.010000228881836,5.090000152587891,17100.0,5.090000152587891
2014-07-15,5.190000057220459,5.019999980926514,5.03000020980835,5.190000057220459,3100.0,5.190000057220459
2014-07-16,5.199999809265137,5.03000020980835,5.199999809265137,5.03000020980835,2500.0,5.03000020980835
2014-07-17,5.139999866485596,4.980000019073486,5.0,4.980000019073486,4900.0,4.980000019073486
2014-07-18,5.090000152587891,4.949999809265137,4.960000038146973,5.059999942779541,2500.0,5.059999942779541
2014-07-21,5.179999828338623,4.96999979019165,5.010000228881836,5.059999942779541,20800.0,5.059999942779541
2014-07-22,5.400000095367432,5.050000190734863,5.050000190734863,5.389999866485596,16100.0,5.389999866485596
2014-07-23,5.929999828338623,5.5,5.5,5.820000171661377,23700.0,5.820000171661377
2014-07-24,5.920000076293945,5.5,5.920000076293945,5.590000152587891,26300.0,5.590000152587891
2014-07-25,5.579999923706055,5.25,5.25,5.489999771118164,8500.0,5.489999771118164
2014-07-28,5.550000190734863,5.28000020980835,5.409999847412109,5.5,14400.0,5.5
2014-07-29,5.579999923706055,5.400000095367432,5.519999980926514,5.449999809265137,13900.0,5.449999809265137
2014-07-30,5.5,5.380000114440918,5.449999809265137,5.480000019073486,12500.0,5.480000019073486
2014-07-31,5.570000171661377,5.349999904632568,5.400000095367432,5.409999847412109,19500.0,5.409999847412109
2014-08-01,5.550000190734863,5.320000171661377,5.409999847412109,5.420000076293945,6100.0,5.420000076293945
2014-08-04,5.550000190734863,5.360000133514404,5.460000038146973,5.460000038146973,26300.0,5.460000038146973
2014-08-05,5.46999979019165,5.349999904632568,5.349999904632568,5.369999885559082,17700.0,5.369999885559082
2014-08-06,5.489999771118164,5.369999885559082,5.389999866485596,5.489999771118164,7600.0,5.489999771118164
2014-08-07,5.460000038146973,5.360000133514404,5.440000057220459,5.409999847412109,9100.0,5.409999847412109
2014-08-08,6.0,5.25,5.309999942779541,5.760000228881836,132800.0,5.760000228881836
2014-08-11,5.75,5.610000133514404,5.630000114440918,5.630000114440918,11000.0,5.630000114440918
2014-08-12,5.949999809265137,5.409999847412109,5.670000076293945,5.849999904632568,26800.0,5.849999904632568
2014-08-13,5.829999923706055,5.599999904632568,5.599999904632568,5.789999961853027,10700.0,5.789999961853027
2014-08-14,5.909999847412109,5.659999847412109,5.849999904632568,5.789999961853027,12900.0,5.789999961853027
2014-08-15,5.699999809265137,5.630000114440918,5.699999809265137,5.650000095367432,14000.0,5.650000095367432
2014-08-18,5.690000057220459,5.559999942779541,5.559999942779541,5.619999885559082,7200.0,5.619999885559082
2014-08-19,5.71999979019165,5.550000190734863,5.570000171661377,5.639999866485596,8300.0,5.639999866485596
2014-08-20,5.760000228881836,5.639999866485596,5.639999866485596,5.75,2300.0,5.75
2014-08-21,5.860000133514404,5.75,5.769999980926514,5.809999942779541,7200.0,5.809999942779541
2014-08-22,5.949999809265137,5.679999828338623,5.75,5.940000057220459,12700.0,5.940000057220459
2014-08-25,6.460000038146973,5.809999942779541,5.809999942779541,6.440000057220459,11000.0,6.440000057220459
2014-08-26,6.46999979019165,6.320000171661377,6.46999979019165,6.360000133514404,15100.0,6.360000133514404
2014-08-27,6.440000057220459,6.269999980926514,6.440000057220459,6.28000020980835,5000.0,6.28000020980835
2014-08-28,6.349999904632568,6.119999885559082,6.119999885559082,6.340000152587891,6500.0,6.340000152587891
2014-08-29,6.440000057220459,6.230000019073486,6.230000019073486,6.429999828338623,3900.0,6.429999828338623
2014-09-02,6.679999828338623,6.269999980926514,6.429999828338623,6.599999904632568,32100.0,6.599999904632568
2014-09-03,6.880000114440918,6.539999961853027,6.800000190734863,6.710000038146973,30200.0,6.710000038146973
2014-09-04,6.809999942779541,6.539999961853027,6.550000190734863,6.650000095367432,8600.0,6.650000095367432
2014-09-05,6.710000038146973,6.46999979019165,6.590000152587891,6.610000133514404,10900.0,6.610000133514404
2014-09-08,6.739999771118164,6.619999885559082,6.630000114440918,6.739999771118164,4000.0,6.739999771118164
2014-09-09,6.869999885559082,6.579999923706055,6.650000095367432,6.650000095367432,7600.0,6.650000095367432
2014-09-10,6.739999771118164,6.570000171661377,6.670000076293945,6.659999847412109,6000.0,6.659999847412109
2014-09-11,6.610000133514404,6.420000076293945,6.579999923706055,6.429999828338623,9800.0,6.429999828338623
2014-09-12,6.5,6.380000114440918,6.429999828338623,6.440000057220459,9500.0,6.440000057220459
2014-09-15,6.699999809265137,6.5,6.510000228881836,6.590000152587891,8700.0,6.590000152587891
2014-09-16,6.690000057220459,6.5,6.690000057220459,6.570000171661377,10100.0,6.570000171661377
2014-09-17,6.630000114440918,6.539999961853027,6.539999961853027,6.570000171661377,2800.0,6.570000171661377
2014-09-18,6.650000095367432,6.559999942779541,6.559999942779541,6.639999866485596,1800.0,6.639999866485596
2014-09-19,6.690000057220459,6.46999979019165,6.599999904632568,6.46999979019165,17900.0,6.46999979019165
2014-09-22,6.539999961853027,6.25,6.449999809265137,6.309999942779541,5100.0,6.309999942779541
2014-09-23,6.409999847412109,6.329999923706055,6.400000095367432,6.329999923706055,6500.0,6.329999923706055
2014-09-24,6.429999828338623,6.320000171661377,6.360000133514404,6.349999904632568,1800.0,6.349999904632568
2014-09-25,6.380000114440918,6.25,6.289999961853027,6.260000228881836,1500.0,6.260000228881836
2014-09-26,6.449999809265137,6.329999923706055,6.329999923706055,6.420000076293945,5400.0,6.420000076293945
2014-09-29,6.440000057220459,6.28000020980835,6.329999923706055,6.440000057220459,4000.0,6.440000057220459
2014-09-30,6.360000133514404,6.25,6.360000133514404,6.320000171661377,9100.0,6.320000171661377
2014-10-01,6.329999923706055,6.099999904632568,6.300000190734863,6.119999885559082,5500.0,6.119999885559082
2014-10-02,6.269999980926514,6.010000228881836,6.119999885559082,6.059999942779541,14900.0,6.059999942779541
2014-10-03,6.190000057220459,6.050000190734863,6.090000152587891,6.099999904632568,14500.0,6.099999904632568
2014-10-06,6.090000152587891,6.0,6.010000228881836,6.070000171661377,4000.0,6.070000171661377
2014-10-07,6.050000190734863,6.019999980926514,6.03000020980835,6.019999980926514,4900.0,6.019999980926514
2014-10-08,6.03000020980835,5.949999809265137,6.019999980926514,5.96999979019165,6000.0,5.96999979019165
2014-10-09,6.079999923706055,5.909999847412109,6.059999942779541,5.960000038146973,6000.0,5.960000038146973
2014-10-10,5.960000038146973,5.659999847412109,5.960000038146973,5.710000038146973,22000.0,5.710000038146973
2014-10-13,5.650000095367432,4.809999942779541,5.650000095367432,4.809999942779541,31900.0,4.809999942779541
2014-10-14,5.099999904632568,4.929999828338623,4.949999809265137,5.050000190734863,12800.0,5.050000190734863
2014-10-15,5.039999961853027,4.900000095367432,4.900000095367432,5.0,25500.0,5.0
2014-10-16,5.25,5.010000228881836,5.010000228881836,5.239999771118164,13200.0,5.239999771118164
2014-10-17,5.480000019073486,5.230000019073486,5.230000019073486,5.400000095367432,10100.0,5.400000095367432
2014-10-20,5.78000020980835,5.309999942779541,5.309999942779541,5.710000038146973,10900.0,5.710000038146973
2014-10-21,5.889999866485596,5.710000038146973,5.809999942779541,5.730000019073486,7400.0,5.730000019073486
2014-10-22,5.789999961853027,5.570000171661377,5.789999961853027,5.579999923706055,8300.0,5.579999923706055
2014-10-23,5.829999923706055,5.659999847412109,5.659999847412109,5.75,2600.0,5.75
2014-10-24,5.800000190734863,5.579999923706055,5.769999980926514,5.650000095367432,5200.0,5.650000095367432
2014-10-27,5.71999979019165,5.599999904632568,5.599999904632568,5.610000133514404,1500.0,5.610000133514404
2014-10-28,5.860000133514404,5.659999847412109,5.739999771118164,5.820000171661377,4600.0,5.820000171661377
2014-10-29,5.849999904632568,5.590000152587891,5.829999923706055,5.610000133514404,15100.0,5.610000133514404
2014-10-30,5.800000190734863,5.710000038146973,5.710000038146973,5.710000038146973,6300.0,5.710000038146973
2014-10-31,5.929999828338623,5.710000038146973,5.710000038146973,5.929999828338623,14100.0,5.929999828338623
2014-11-03,5.900000095367432,5.75,5.849999904632568,5.75,2600.0,5.75
2014-11-04,5.889999866485596,5.710000038146973,5.78000020980835,5.760000228881836,1700.0,5.760000228881836
2014-11-05,5.900000095367432,5.760000228881836,5.800000190734863,5.840000152587891,11500.0,5.840000152587891
2014-11-06,5.820000171661377,5.599999904632568,5.730000019073486,5.730000019073486,14700.0,5.730000019073486
2014-11-07,5.789999961853027,5.710000038146973,5.75,5.710000038146973,2700.0,5.710000038146973
2014-11-10,5.78000020980835,5.679999828338623,5.699999809265137,5.679999828338623,5400.0,5.679999828338623
2014-11-11,5.670000076293945,5.5,5.670000076293945,5.510000228881836,10700.0,5.510000228881836
2014-11-12,5.559999942779541,5.5,5.519999980926514,5.519999980926514,12400.0,5.519999980926514
2014-11-13,5.599999904632568,5.489999771118164,5.539999961853027,5.590000152587891,12800.0,5.590000152587891
2014-11-14,5.590000152587891,5.460000038146973,5.539999961853027,5.579999923706055,7900.0,5.579999923706055
2014-11-17,5.570000171661377,5.480000019073486,5.570000171661377,5.5,9600.0,5.5
2014-11-18,5.599999904632568,5.5,5.5,5.599999904632568,10200.0,5.599999904632568
2014-11-19,5.650000095367432,5.53000020980835,5.630000114440918,5.550000190734863,30800.0,5.550000190734863
2014-11-20,5.599999904632568,5.550000190734863,5.550000190734863,5.590000152587891,9000.0,5.590000152587891
2014-11-21,5.650000095367432,5.550000190734863,5.630000114440918,5.619999885559082,25100.0,5.619999885559082
2014-11-24,5.78000020980835,5.579999923706055,5.579999923706055,5.769999980926514,6700.0,5.769999980926514
2014-11-25,6.099999904632568,5.760000228881836,5.760000228881836,6.039999961853027,11700.0,6.039999961853027
2014-11-26,6.150000095367432,6.0,6.0,6.019999980926514,7600.0,6.019999980926514
2014-11-28,6.070000171661377,5.869999885559082,5.869999885559082,5.989999771118164,1600.0,5.989999771118164
2014-12-01,6.010000228881836,5.900000095367432,5.929999828338623,6.0,12100.0,6.0
2014-12-02,6.050000190734863,5.960000038146973,5.960000038146973,6.039999961853027,4100.0,6.039999961853027
2014-12-03,6.349999904632568,6.0,6.050000190734863,6.349999904632568,23300.0,6.349999904632568
2014-12-04,6.5,6.340000152587891,6.400000095367432,6.349999904632568,20200.0,6.349999904632568
2014-12-05,6.489999771118164,6.349999904632568,6.420000076293945,6.369999885559082,12100.0,6.369999885559082
2014-12-08,6.369999885559082,6.260000228881836,6.360000133514404,6.260000228881836,3700.0,6.260000228881836
2014-12-09,6.389999866485596,6.070000171661377,6.070000171661377,6.349999904632568,11700.0,6.349999904632568
2014-12-10,6.489999771118164,6.349999904632568,6.349999904632568,6.349999904632568,15000.0,6.349999904632568
2014-12-11,6.489999771118164,6.309999942779541,6.309999942779541,6.400000095367432,18900.0,6.400000095367432
2014-12-12,6.480000019073486,6.320000171661377,6.480000019073486,6.329999923706055,5800.0,6.329999923706055
2014-12-15,6.340000152587891,6.269999980926514,6.320000171661377,6.269999980926514,9600.0,6.269999980926514
2014-12-16,6.360000133514404,6.199999809265137,6.239999771118164,6.28000020980835,7300.0,6.28000020980835
2014-12-17,6.329999923706055,6.21999979019165,6.239999771118164,6.320000171661377,5200.0,6.320000171661377
2014-12-18,6.400000095367432,6.300000190734863,6.320000171661377,6.380000114440918,1900.0,6.380000114440918
2014-12-19,6.380000114440918,6.320000171661377,6.329999923706055,6.320000171661377,10600.0,6.320000171661377
2014-12-22,6.380000114440918,6.099999904632568,6.239999771118164,6.28000020980835,6500.0,6.28000020980835
2014-12-23,6.340000152587891,6.230000019073486,6.269999980926514,6.309999942779541,17400.0,6.309999942779541
2014-12-24,6.389999866485596,6.050000190734863,6.289999961853027,6.25,11100.0,6.25
2014-12-26,6.340000152587891,6.150000095367432,6.199999809265137,6.179999828338623,18100.0,6.179999828338623
2014-12-29,6.260000228881836,6.079999923706055,6.179999828338623,6.159999847412109,9400.0,6.159999847412109
2014-12-30,6.329999923706055,6.139999866485596,6.139999866485596,6.190000057220459,9200.0,6.190000057220459
2014-12-31,6.239999771118164,6.190000057220459,6.199999809265137,6.199999809265137,11500.0,6.199999809265137
2015-01-02,6.349999904632568,6.179999828338623,6.199999809265137,6.269999980926514,3200.0,6.269999980926514
2015-01-05,6.329999923706055,6.269999980926514,6.269999980926514,6.329999923706055,4100.0,6.329999923706055
2015-01-06,6.5,6.340000152587891,6.340000152587891,6.5,29400.0,6.5
2015-01-07,6.599999904632568,6.5,6.5,6.539999961853027,7200.0,6.539999961853027
2015-01-08,7.420000076293945,6.550000190734863,6.550000190734863,7.139999866485596,49100.0,7.139999866485596
2015-01-09,7.800000190734863,7.210000038146973,7.210000038146973,7.800000190734863,35900.0,7.800000190734863
2015-01-12,8.479999542236328,7.539999961853027,7.699999809265137,8.399999618530273,38100.0,8.399999618530273
2015-01-13,8.5,8.0600004196167,8.5,8.34000015258789,57800.0,8.34000015258789
2015-01-14,8.75,8.010000228881836,8.140000343322754,8.5,61100.0,8.5
2015-01-15,8.569999694824219,8.100000381469727,8.569999694824219,8.100000381469727,14100.0,8.100000381469727
2015-01-16,8.430000305175781,8.100000381469727,8.100000381469727,8.279999732971191,10200.0,8.279999732971191
2015-01-20,8.1899995803833,7.860000133514404,8.149999618530273,8.149999618530273,11900.0,8.149999618530273
2015-01-21,8.210000038146973,7.900000095367432,8.149999618530273,8.149999618530273,29000.0,8.149999618530273
2015-01-22,8.34000015258789,8.0,8.0600004196167,8.34000015258789,8900.0,8.34000015258789
2015-01-23,9.199999809265137,8.210000038146973,8.350000381469727,9.199999809265137,91600.0,9.199999809265137
2015-01-26,9.199999809265137,8.989999771118164,9.180000305175781,9.100000381469727,35400.0,9.100000381469727
2015-01-27,9.65999984741211,9.079999923706055,9.079999923706055,9.40999984741211,62100.0,9.40999984741211
2015-01-28,9.4399995803833,8.859999656677246,9.4399995803833,9.0,34500.0,9.0
2015-01-29,9.430000305175781,9.0,9.0,9.430000305175781,15800.0,9.430000305175781
2015-01-30,9.479999542236328,9.270000457763672,9.390000343322754,9.479999542236328,14300.0,9.479999542236328
2015-02-02,9.539999961853027,9.279999732971191,9.479999542236328,9.529999732971191,22700.0,9.529999732971191
2015-02-03,9.899999618530273,9.319999694824219,9.489999771118164,9.319999694824219,56800.0,9.319999694824219
2015-02-04,9.539999961853027,9.279999732971191,9.380000114440918,9.289999961853027,16200.0,9.289999961853027
2015-02-05,9.430000305175781,9.239999771118164,9.430000305175781,9.350000381469727,8000.0,9.350000381469727
2015-02-06,10.199999809265137,9.3100004196167,9.3100004196167,10.100000381469727,67900.0,10.100000381469727
2015-02-09,10.0600004196167,9.800000190734863,10.0600004196167,9.829999923706055,15200.0,9.829999923706055
2015-02-10,10.039999961853027,9.720000267028809,9.800000190734863,9.90999984741211,6300.0,9.90999984741211
2015-02-11,9.819999694824219,9.550000190734863,9.720000267028809,9.630000114440918,26700.0,9.630000114440918
2015-02-12,9.869999885559082,9.609999656677246,9.609999656677246,9.869999885559082,12900.0,9.869999885559082
2015-02-13,10.100000381469727,9.800000190734863,9.800000190734863,9.970000267028809,42400.0,9.970000267028809
2015-02-17,10.09000015258789,9.949999809265137,10.029999732971191,9.979999542236328,8100.0,9.979999542236328
2015-02-18,10.09000015258789,9.920000076293945,9.979999542236328,9.989999771118164,20800.0,9.989999771118164
2015-02-19,10.050000190734863,9.920000076293945,9.920000076293945,9.949999809265137,6900.0,9.949999809265137
2015-02-20,10.010000228881836,9.720000267028809,9.90999984741211,9.970000267028809,10200.0,9.970000267028809
2015-02-23,9.970000267028809,9.640000343322754,9.850000381469727,9.90999984741211,20000.0,9.90999984741211
2015-02-24,9.90999984741211,9.75,9.899999618530273,9.90999984741211,12900.0,9.90999984741211
2015-02-25,10.100000381469727,9.850000381469727,9.850000381469727,10.0,23900.0,10.0
2015-02-26,10.1899995803833,10.010000228881836,10.09000015258789,10.130000114440918,30000.0,10.130000114440918
2015-02-27,10.199999809265137,10.119999885559082,10.130000114440918,10.149999618530273,20100.0,10.149999618530273
2015-03-02,10.199999809265137,10.100000381469727,10.119999885559082,10.140000343322754,11100.0,10.140000343322754
2015-03-03,10.289999961853027,10.149999618530273,10.149999618530273,10.279999732971191,13100.0,10.279999732971191
2015-03-04,10.279999732971191,10.15999984741211,10.170000076293945,10.180000305175781,11100.0,10.180000305175781
2015-03-05,10.239999771118164,10.149999618530273,10.239999771118164,10.170000076293945,30000.0,10.170000076293945
2015-03-06,10.210000038146973,10.020000457763672,10.210000038146973,10.199999809265137,4000.0,10.199999809265137
2015-03-09,10.270000457763672,10.100000381469727,10.140000343322754,10.239999771118164,11200.0,10.239999771118164
2015-03-10,10.239999771118164,10.149999618530273,10.239999771118164,10.149999618530273,14100.0,10.149999618530273
2015-03-11,10.199999809265137,9.869999885559082,10.119999885559082,9.869999885559082,13700.0,9.869999885559082
2015-03-12,10.170000076293945,10.020000457763672,10.020000457763672,10.069999694824219,34500.0,10.069999694824219
2015-03-13,10.15999984741211,10.029999732971191,10.109999656677246,10.109999656677246,7800.0,10.109999656677246
2015-03-16,10.3100004196167,9.899999618530273,10.09000015258789,10.260000228881836,37900.0,10.260000228881836
2015-03-17,10.260000228881836,10.050000190734863,10.25,10.220000267028809,33600.0,10.220000267028809
2015-03-18,10.270000457763672,10.109999656677246,10.109999656677246,10.15999984741211,10400.0,10.15999984741211
2015-03-19,10.470000267028809,10.149999618530273,10.210000038146973,10.369999885559082,21400.0,10.369999885559082
2015-03-20,10.75,10.25,10.3100004196167,10.25,73300.0,10.25
2015-03-23,10.380000114440918,10.109999656677246,10.270000457763672,10.270000457763672,16100.0,10.270000457763672
2015-03-24,10.579999923706055,10.119999885559082,10.279999732971191,10.4399995803833,33000.0,10.4399995803833
2015-03-25,10.65999984741211,10.279999732971191,10.399999618530273,10.569999694824219,22100.0,10.569999694824219
2015-03-26,10.760000228881836,10.520000457763672,10.569999694824219,10.600000381469727,16000.0,10.600000381469727
2015-03-27,12.6899995803833,10.619999885559082,10.619999885559082,12.5,81400.0,12.5
2015-03-30,12.75,12.0,12.510000228881836,12.399999618530273,59800.0,12.399999618530273
2015-03-31,12.59000015258789,12.0,12.270000457763672,12.449999809265137,54200.0,12.449999809265137
2015-04-01,13.329999923706055,12.329999923706055,12.380000114440918,13.0,86000.0,13.0
2015-04-02,13.670000076293945,13.010000228881836,13.020000457763672,13.479999542236328,82600.0,13.479999542236328
2015-04-06,13.989999771118164,13.25,13.399999618530273,13.25,90900.0,13.25
2015-04-07,14.050000190734863,13.050000190734863,13.170000076293945,14.0,103300.0,14.0
2015-04-08,14.9399995803833,13.930000305175781,14.010000228881836,13.949999809265137,107800.0,13.949999809265137
2015-04-09,14.649999618530273,14.039999961853027,14.149999618530273,14.199999809265137,34600.0,14.199999809265137
2015-04-10,14.460000038146973,14.069999694824219,14.15999984741211,14.449999809265137,34200.0,14.449999809265137
2015-04-13,14.699999809265137,14.399999618530273,14.479999542236328,14.520000457763672,33700.0,14.520000457763672
2015-04-14,14.729999542236328,14.510000228881836,14.649999618530273,14.630000114440918,24200.0,14.630000114440918
2015-04-15,14.789999961853027,14.350000381469727,14.579999923706055,14.529999732971191,54100.0,14.529999732971191
2015-04-16,14.710000038146973,13.640000343322754,14.699999809265137,14.420000076293945,74900.0,14.420000076293945
2015-04-17,14.34000015258789,14.039999961853027,14.199999809265137,14.260000228881836,17100.0,14.260000228881836
2015-04-20,14.399999618530273,14.029999732971191,14.029999732971191,14.119999885559082,22400.0,14.119999885559082
2015-04-21,14.229999542236328,13.5,14.229999542236328,14.170000076293945,15500.0,14.170000076293945
2015-04-22,14.399999618530273,13.899999618530273,14.229999542236328,14.0600004196167,49900.0,14.0600004196167
2015-04-23,14.770000457763672,14.0,14.140000343322754,14.420000076293945,105900.0,14.420000076293945
2015-04-24,20.729999542236328,16.510000228881836,18.399999618530273,19.200000762939453,424200.0,19.200000762939453
2015-04-27,23.75,19.200000762939453,19.200000762939453,21.020000457763672,281500.0,21.020000457763672
2015-04-28,21.989999771118164,20.110000610351562,20.899999618530273,21.31999969482422,128700.0,21.31999969482422
2015-04-29,21.760000228881836,20.1200008392334,21.31999969482422,21.5,89800.0,21.5
2015-04-30,23.139999389648438,21.399999618530273,21.760000228881836,23.139999389648438,194400.0,23.139999389648438
2015-05-01,27.729999542236328,23.56999969482422,23.639999389648438,26.90999984741211,414000.0,26.90999984741211
2015-05-04,29.1200008392334,26.610000610351562,26.75,28.5,462900.0,28.5
2015-05-05,29.850000381469727,26.5,28.389999389648438,27.360000610351562,490400.0,27.360000610351562
2015-05-06,27.940000534057617,22.510000228881836,27.209999084472656,22.799999237060547,552900.0,22.799999237060547
2015-05-07,23.469999313354492,21.280000686645508,23.079999923706055,21.290000915527344,275700.0,21.290000915527344
2015-05-08,24.0,18.479999542236328,21.25,19.06999969482422,786200.0,19.06999969482422
2015-05-11,20.780000686645508,17.170000076293945,19.010000228881836,18.309999465942383,476700.0,18.309999465942383
2015-05-12,22.65999984741211,17.100000381469727,17.899999618530273,22.360000610351562,614100.0,22.360000610351562
2015-05-13,22.25,19.559999465942383,22.200000762939453,20.3700008392334,174800.0,20.3700008392334
2015-05-14,21.579999923706055,20.469999313354492,20.809999465942383,20.780000686645508,215400.0,20.780000686645508
2015-05-15,21.360000610351562,19.469999313354492,20.649999618530273,20.100000381469727,83500.0,20.100000381469727
2015-05-18,21.0,19.6299991607666,20.239999771118164,20.700000762939453,77200.0,20.700000762939453
2015-05-19,21.639999389648438,20.549999237060547,20.549999237060547,21.639999389648438,97800.0,21.639999389648438
2015-05-20,21.81999969482422,19.3799991607666,21.81999969482422,19.639999389648438,257800.0,19.639999389648438
2015-05-21,19.899999618530273,19.209999084472656,19.280000686645508,19.600000381469727,76500.0,19.600000381469727
2015-05-22,19.899999618530273,18.0,19.690000534057617,18.280000686645508,262800.0,18.280000686645508
2015-05-26,18.729999542236328,17.3700008392334,18.190000534057617,18.350000381469727,116700.0,18.350000381469727
2015-05-27,20.420000076293945,17.510000228881836,20.420000076293945,18.31999969482422,78800.0,18.31999969482422
2015-05-28,18.670000076293945,17.75,18.329999923706055,17.850000381469727,102000.0,17.850000381469727
2015-05-29,17.68000030517578,17.1299991607666,17.479999542236328,17.350000381469727,181700.0,17.350000381469727
2015-06-01,17.770000457763672,17.100000381469727,17.5,17.600000381469727,105800.0,17.600000381469727
2015-06-02,18.200000762939453,17.149999618530273,17.75,17.25,207900.0,17.25
2015-06-03,20.3799991607666,16.6200008392334,17.690000534057617,20.1299991607666,437800.0,20.1299991607666
2015-06-04,20.479999542236328,18.149999618530273,20.31999969482422,18.450000762939453,189000.0,18.450000762939453
2015-06-05,18.770000457763672,16.760000228881836,18.1200008392334,17.649999618530273,343600.0,17.649999618530273
2015-06-08,18.649999618530273,17.09000015258789,17.520000457763672,17.540000915527344,105900.0,17.540000915527344
2015-06-09,18.260000228881836,17.149999618530273,17.649999618530273,18.049999237060547,78700.0,18.049999237060547
2015-06-10,18.959999084472656,17.690000534057617,18.520000457763672,17.899999618530273,166500.0,17.899999618530273
2015-06-11,18.549999237060547,17.520000457763672,17.809999465942383,17.81999969482422,78000.0,17.81999969482422
2015-06-12,18.850000381469727,17.799999237060547,17.889999389648438,18.68000030517578,98200.0,18.68000030517578
2015-06-15,21.469999313354492,18.360000610351562,18.450000762939453,21.15999984741211,246200.0,21.15999984741211
2015-06-16,21.920000076293945,20.110000610351562,20.950000762939453,21.6200008392334,259800.0,21.6200008392334
2015-06-17,22.270000457763672,20.040000915527344,21.479999542236328,21.059999465942383,178800.0,21.059999465942383
2015-06-18,22.079999923706055,20.350000381469727,21.93000030517578,20.6299991607666,172900.0,20.6299991607666
2015-06-19,21.1200008392334,20.309999465942383,20.309999465942383,20.84000015258789,105300.0,20.84000015258789
2015-06-22,21.440000534057617,18.8799991607666,21.110000610351562,19.799999237060547,157500.0,19.799999237060547
2015-06-23,20.299999237060547,19.059999465942383,19.770000457763672,19.940000534057617,131400.0,19.940000534057617
2015-06-24,20.25,19.059999465942383,19.940000534057617,19.559999465942383,81500.0,19.559999465942383
2015-06-25,19.549999237060547,18.399999618530273,19.280000686645508,19.030000686645508,243200.0,19.030000686645508
2015-06-26,21.0,18.56999969482422,18.600000381469727,19.889999389648438,912800.0,19.889999389648438
2015-06-29,21.489999771118164,18.010000228881836,20.219999313354492,18.5,318300.0,18.5
2015-06-30,20.530000686645508,18.399999618530273,18.56999969482422,19.139999389648438,229800.0,19.139999389648438
2015-07-01,20.479999542236328,19.170000076293945,19.3700008392334,19.520000457763672,83700.0,19.520000457763672
2015-07-02,20.290000915527344,18.989999771118164,19.950000762939453,20.280000686645508,120800.0,20.280000686645508
2015-07-06,20.3799991607666,19.31999969482422,20.0,19.8799991607666,143500.0,19.8799991607666
2015-07-07,20.799999237060547,19.75,20.149999618530273,20.68000030517578,120300.0,20.68000030517578
2015-07-08,20.5,19.75,20.399999618530273,19.959999084472656,75700.0,19.959999084472656
2015-07-09,20.75,20.079999923706055,20.40999984741211,20.56999969482422,74400.0,20.56999969482422
2015-07-10,21.450000762939453,20.600000381469727,20.700000762939453,21.100000381469727,136000.0,21.100000381469727
2015-07-13,22.260000228881836,20.93000030517578,21.489999771118164,21.290000915527344,134400.0,21.290000915527344
2015-07-14,21.399999618530273,20.43000030517578,21.299999237060547,21.170000076293945,66600.0,21.170000076293945
2015-07-15,21.350000381469727,19.8799991607666,21.020000457763672,20.059999465942383,109500.0,20.059999465942383
2015-07-16,20.760000228881836,20.020000457763672,20.360000610351562,20.350000381469727,66000.0,20.350000381469727
2015-07-17,20.350000381469727,19.520000457763672,20.010000228881836,19.729999542236328,51200.0,19.729999542236328
2015-07-20,21.610000610351562,19.729999542236328,19.8799991607666,21.25,148800.0,21.25
2015-07-21,23.5,20.31999969482422,21.639999389648438,20.5,404100.0,20.5
2015-07-22,21.219999313354492,20.299999237060547,20.299999237060547,20.75,114000.0,20.75
2015-07-23,21.25,20.43000030517578,20.8799991607666,21.1200008392334,84200.0,21.1200008392334
2015-07-24,21.700000762939453,21.200000762939453,21.360000610351562,21.549999237060547,110500.0,21.549999237060547
2015-07-27,22.0,21.299999237060547,21.5,21.770000457763672,73600.0,21.770000457763672
2015-07-28,22.079999923706055,21.420000076293945,21.989999771118164,21.93000030517578,98400.0,21.93000030517578
2015-07-29,21.979999542236328,21.530000686645508,21.739999771118164,21.84000015258789,67800.0,21.84000015258789
2015-07-30,24.440000534057617,21.709999084472656,21.899999618530273,24.079999923706055,304400.0,24.079999923706055
2015-07-31,24.200000762939453,21.510000228881836,24.200000762939453,21.8700008392334,153300.0,21.8700008392334
2015-08-03,22.3700008392334,21.1299991607666,21.829999923706055,21.5,111000.0,21.5
2015-08-04,21.450000762939453,20.049999237060547,21.450000762939453,20.270000457763672,138600.0,20.270000457763672
2015-08-05,21.0,20.030000686645508,20.299999237060547,20.579999923706055,73100.0,20.579999923706055
2015-08-06,21.06999969482422,19.5,21.040000915527344,20.75,226600.0,20.75
2015-08-07,19.520000457763672,16.5,19.5,17.200000762939453,552700.0,17.200000762939453
2015-08-10,17.350000381469727,15.710000038146973,17.299999237060547,16.219999313354492,439500.0,16.219999313354492
2015-08-11,16.290000915527344,15.649999618530273,16.030000686645508,15.850000381469727,118000.0,15.850000381469727
2015-08-12,16.979999542236328,15.869999885559082,16.049999237060547,16.200000762939453,147500.0,16.200000762939453
2015-08-13,16.399999618530273,15.850000381469727,16.209999084472656,16.209999084472656,93800.0,16.209999084472656
2015-08-14,16.56999969482422,16.010000228881836,16.049999237060547,16.3799991607666,38400.0,16.3799991607666
2015-08-17,16.5,16.15999984741211,16.479999542236328,16.5,33400.0,16.5
2015-08-18,16.700000762939453,16.309999465942383,16.65999984741211,16.329999923706055,127100.0,16.329999923706055
2015-08-19,16.360000610351562,15.550000190734863,16.360000610351562,15.6899995803833,84800.0,15.6899995803833
2015-08-20,15.75,15.010000228881836,15.1899995803833,15.170000076293945,111600.0,15.170000076293945
2015-08-21,15.890000343322754,14.779999732971191,15.0,15.890000343322754,109800.0,15.890000343322754
2015-08-24,17.0,13.510000228881836,15.25,16.290000915527344,159600.0,16.290000915527344
2015-08-25,16.950000762939453,16.299999237060547,16.920000076293945,16.43000030517578,58600.0,16.43000030517578
2015-08-26,16.56999969482422,15.699999809265137,16.56999969482422,16.18000030517578,95800.0,16.18000030517578
2015-08-27,17.0,15.5,15.979999542236328,16.6299991607666,181100.0,16.6299991607666
2015-08-28,17.540000915527344,16.190000534057617,16.260000228881836,17.09000015258789,103700.0,17.09000015258789
2015-08-31,17.739999771118164,16.670000076293945,16.850000381469727,17.649999618530273,70100.0,17.649999618530273
2015-09-01,17.850000381469727,16.770000457763672,17.43000030517578,16.829999923706055,56200.0,16.829999923706055
2015-09-02,17.149999618530273,16.139999389648438,17.149999618530273,16.56999969482422,40600.0,16.56999969482422
2015-09-03,17.030000686645508,16.25,16.68000030517578,16.25,29400.0,16.25
2015-09-04,16.459999084472656,15.75,16.270000457763672,16.149999618530273,44300.0,16.149999618530273
2015-09-08,17.100000381469727,16.149999618530273,16.350000381469727,16.3799991607666,93100.0,16.3799991607666
2015-09-09,16.600000381469727,15.899999618530273,16.3799991607666,15.90999984741211,56100.0,15.90999984741211
2015-09-10,16.200000762939453,15.300000190734863,15.899999618530273,16.049999237060547,125500.0,16.049999237060547
2015-09-11,16.920000076293945,15.829999923706055,15.869999885559082,16.829999923706055,34700.0,16.829999923706055
2015-09-14,16.790000915527344,16.049999237060547,16.790000915527344,16.1200008392334,24900.0,16.1200008392334
2015-09-15,16.479999542236328,16.010000228881836,16.079999923706055,16.360000610351562,31500.0,16.360000610351562
2015-09-16,16.43000030517578,15.770000457763672,16.43000030517578,16.3700008392334,29500.0,16.3700008392334
2015-09-17,17.0,16.270000457763672,16.270000457763672,16.5,66000.0,16.5
2015-09-18,17.09000015258789,16.079999923706055,16.209999084472656,17.010000228881836,74900.0,17.010000228881836
2015-09-21,17.559999465942383,16.860000610351562,17.559999465942383,17.100000381469727,66200.0,17.100000381469727
2015-09-22,17.219999313354492,16.5,17.09000015258789,17.139999389648438,41300.0,17.139999389648438
2015-09-23,17.969999313354492,17.059999465942383,17.059999465942383,17.75,63200.0,17.75
2015-09-24,17.940000534057617,17.3700008392334,17.729999542236328,17.59000015258789,32500.0,17.59000015258789
2015-09-25,17.600000381469727,17.020000457763672,17.59000015258789,17.06999969482422,66300.0,17.06999969482422
2015-09-28,17.1200008392334,16.06999969482422,17.1200008392334,16.360000610351562,46800.0,16.360000610351562
2015-09-29,16.920000076293945,16.030000686645508,16.670000076293945,16.440000534057617,34100.0,16.440000534057617
2015-09-30,16.670000076293945,16.1200008392334,16.469999313354492,16.350000381469727,68600.0,16.350000381469727
2015-10-01,16.299999237060547,15.899999618530273,16.200000762939453,16.040000915527344,33100.0,16.040000915527344
2015-10-02,16.700000762939453,15.800000190734863,15.90999984741211,16.700000762939453,28700.0,16.700000762939453
2015-10-05,17.950000762939453,16.649999618530273,16.649999618530273,17.559999465942383,72700.0,17.559999465942383
2015-10-06,18.43000030517578,17.469999313354492,17.469999313354492,18.270000457763672,68300.0,18.270000457763672
2015-10-07,19.3799991607666,18.329999923706055,18.440000534057617,19.1299991607666,85200.0,19.1299991607666
2015-10-08,19.200000762939453,18.610000610351562,19.190000534057617,18.889999389648438,31800.0,18.889999389648438
2015-10-09,19.079999923706055,18.100000381469727,19.030000686645508,18.18000030517578,35700.0,18.18000030517578
2015-10-12,18.90999984741211,18.100000381469727,18.579999923706055,18.860000610351562,24700.0,18.860000610351562
2015-10-13,19.18000030517578,18.350000381469727,18.729999542236328,18.399999618530273,33300.0,18.399999618530273
2015-10-14,18.43000030517578,17.520000457763672,18.25,17.520000457763672,30500.0,17.520000457763672
2015-10-15,18.5,17.190000534057617,17.450000762939453,18.459999084472656,34600.0,18.459999084472656
2015-10-16,18.809999465942383,17.610000610351562,18.559999465942383,18.270000457763672,53500.0,18.270000457763672
2015-10-19,18.719999313354492,17.8799991607666,18.25,18.25,29700.0,18.25
2015-10-20,18.25,17.950000762939453,18.149999618530273,18.100000381469727,12200.0,18.100000381469727
2015-10-21,18.389999389648438,17.950000762939453,18.209999084472656,18.059999465942383,38200.0,18.059999465942383
2015-10-22,18.309999465942383,17.760000228881836,17.959999084472656,17.959999084472656,52100.0,17.959999084472656
2015-10-23,18.700000762939453,17.850000381469727,18.1299991607666,18.690000534057617,40000.0,18.690000534057617
2015-10-26,20.790000915527344,18.68000030517578,18.68000030517578,20.06999969482422,142400.0,20.06999969482422
2015-10-27,20.75,19.56999969482422,20.06999969482422,19.809999465942383,27500.0,19.809999465942383
2015-10-28,20.700000762939453,19.59000015258789,19.59000015258789,20.700000762939453,40300.0,20.700000762939453
2015-10-29,21.440000534057617,20.65999984741211,20.700000762939453,21.219999313354492,77400.0,21.219999313354492
2015-10-30,22.350000381469727,20.989999771118164,20.989999771118164,22.350000381469727,83700.0,22.350000381469727
2015-11-02,22.899999618530273,21.579999923706055,22.25,22.899999618530273,110700.0,22.899999618530273
2015-11-03,24.200000762939453,22.209999084472656,22.899999618530273,22.530000686645508,217000.0,22.530000686645508
2015-11-04,23.81999969482422,22.15999984741211,22.510000228881836,23.700000762939453,129200.0,23.700000762939453
2015-11-05,24.219999313354492,19.510000228881836,23.799999237060547,21.799999237060547,217800.0,21.799999237060547
2015-11-06,21.850000381469727,20.350000381469727,21.81999969482422,20.489999771118164,92900.0,20.489999771118164
2015-11-09,20.979999542236328,18.559999465942383,20.65999984741211,18.68000030517578,103200.0,18.68000030517578
2015-11-10,19.260000228881836,18.510000228881836,18.56999969482422,19.200000762939453,55900.0,19.200000762939453
2015-11-11,20.149999618530273,18.799999237060547,19.139999389648438,18.829999923706055,85500.0,18.829999923706055
2015-11-12,19.100000381469727,17.040000915527344,18.84000015258789,17.350000381469727,101400.0,17.350000381469727
2015-11-13,17.8799991607666,16.920000076293945,17.190000534057617,17.329999923706055,90900.0,17.329999923706055
2015-11-16,17.399999618530273,16.899999618530273,17.399999618530273,17.049999237060547,80500.0,17.049999237060547
2015-11-17,18.200000762939453,17.149999618530273,17.389999389648438,17.219999313354492,99600.0,17.219999313354492
2015-11-18,17.3799991607666,16.5,17.329999923706055,17.31999969482422,85600.0,17.31999969482422
2015-11-19,17.399999618530273,16.600000381469727,17.25,17.31999969482422,44200.0,17.31999969482422
2015-11-20,17.93000030517578,16.899999618530273,17.40999984741211,17.709999084472656,88800.0,17.709999084472656
2015-11-23,18.149999618530273,17.68000030517578,17.899999618530273,18.040000915527344,39100.0,18.040000915527344
2015-11-24,18.139999389648438,17.5,18.09000015258789,17.920000076293945,32900.0,17.920000076293945
2015-11-25,18.350000381469727,17.59000015258789,18.170000076293945,17.639999389648438,27900.0,17.639999389648438
2015-11-27,18.34000015258789,17.610000610351562,17.65999984741211,18.209999084472656,18200.0,18.209999084472656
2015-11-30,18.84000015258789,17.81999969482422,17.81999969482422,18.690000534057617,55100.0,18.690000534057617
2015-12-01,19.290000915527344,18.5,18.68000030517578,19.06999969482422,43000.0,19.06999969482422
2015-12-02,19.729999542236328,18.8799991607666,19.190000534057617,19.25,51900.0,19.25
2015-12-03,19.790000915527344,18.709999084472656,19.200000762939453,18.989999771118164,50200.0,18.989999771118164
2015-12-04,20.3799991607666,18.260000228881836,18.790000915527344,19.8799991607666,91000.0,19.8799991607666
2015-12-07,20.3700008392334,19.520000457763672,19.889999389648438,19.709999084472656,61300.0,19.709999084472656
2015-12-08,19.989999771118164,17.56999969482422,19.65999984741211,18.15999984741211,157200.0,18.15999984741211
2015-12-09,18.610000610351562,17.520000457763672,17.860000610351562,17.549999237060547,38300.0,17.549999237060547
2015-12-10,18.450000762939453,17.6200008392334,17.649999618530273,18.350000381469727,40700.0,18.350000381469727
2015-12-11,18.25,17.649999618530273,18.0,18.010000228881836,36200.0,18.010000228881836
2015-12-14,18.270000457763672,17.8799991607666,17.8799991607666,18.059999465942383,38900.0,18.059999465942383
2015-12-15,19.229999542236328,18.06999969482422,18.299999237060547,19.190000534057617,24400.0,19.190000534057617
2015-12-16,19.739999771118164,19.09000015258789,19.549999237060547,19.649999618530273,45400.0,19.649999618530273
2015-12-17,19.75,18.850000381469727,19.75,18.93000030517578,43600.0,18.93000030517578
2015-12-18,19.239999771118164,18.809999465942383,18.979999542236328,19.239999771118164,73800.0,19.239999771118164
2015-12-21,19.3700008392334,18.40999984741211,19.020000457763672,18.649999618530273,44500.0,18.649999618530273
2015-12-22,18.649999618530273,17.510000228881836,18.649999618530273,18.209999084472656,63800.0,18.209999084472656
2015-12-23,18.43000030517578,18.0,18.280000686645508,18.110000610351562,15600.0,18.110000610351562
2015-12-24,18.09000015258789,17.959999084472656,18.0,18.040000915527344,2900.0,18.040000915527344
2015-12-28,18.59000015258789,17.850000381469727,17.950000762939453,18.459999084472656,31700.0,18.459999084472656
2015-12-29,18.84000015258789,17.93000030517578,18.43000030517578,18.31999969482422,44200.0,18.31999969482422
2015-12-30,18.43000030517578,18.010000228881836,18.280000686645508,18.1299991607666,14900.0,18.1299991607666
2015-12-31,18.190000534057617,18.0,18.1299991607666,18.0,27000.0,18.0
2016-01-04,18.010000228881836,17.010000228881836,17.969999313354492,17.290000915527344,68700.0,17.290000915527344
2016-01-05,17.290000915527344,16.790000915527344,17.290000915527344,16.860000610351562,31700.0,16.860000610351562
2016-01-06,16.860000610351562,15.880000114440918,16.75,16.079999923706055,95400.0,16.079999923706055
2016-01-07,15.859999656677246,15.0,15.8100004196167,15.140000343322754,74100.0,15.140000343322754
2016-01-08,15.5,15.079999923706055,15.119999885559082,15.15999984741211,51900.0,15.15999984741211
2016-01-11,15.479999542236328,14.800000190734863,15.319999694824219,15.380000114440918,63200.0,15.380000114440918
2016-01-12,15.789999961853027,14.800000190734863,15.460000038146973,15.649999618530273,61400.0,15.649999618530273
2016-01-13,15.670000076293945,15.300000190734863,15.649999618530273,15.619999885559082,67500.0,15.619999885559082
2016-01-14,16.3799991607666,15.510000228881836,15.800000190734863,16.219999313354492,37200.0,16.219999313354492
2016-01-15,16.010000228881836,15.020000457763672,15.819999694824219,15.3100004196167,89400.0,15.3100004196167
2016-01-19,15.630000114440918,14.829999923706055,15.279999732971191,14.880000114440918,41700.0,14.880000114440918
2016-01-20,14.789999961853027,13.609999656677246,14.789999961853027,13.850000381469727,140300.0,13.850000381469727
2016-01-21,14.4399995803833,13.949999809265137,14.220000267028809,14.220000267028809,21800.0,14.220000267028809
2016-01-22,14.8100004196167,14.15999984741211,14.600000381469727,14.5600004196167,15000.0,14.5600004196167
2016-01-25,14.739999771118164,13.920000076293945,14.4399995803833,13.979999542236328,30800.0,13.979999542236328
2016-01-26,14.119999885559082,13.630000114440918,14.119999885559082,13.739999771118164,25900.0,13.739999771118164
2016-01-27,13.789999961853027,13.149999618530273,13.619999885559082,13.180000305175781,53700.0,13.180000305175781
2016-01-28,13.220000267028809,12.949999809265137,13.220000267028809,13.050000190734863,43400.0,13.050000190734863
2016-01-29,13.25,13.0600004196167,13.100000381469727,13.199999809265137,33900.0,13.199999809265137
2016-02-01,13.420000076293945,12.609999656677246,13.149999618530273,13.0,57200.0,13.0
2016-02-02,13.130000114440918,12.239999771118164,13.0,12.34000015258789,63500.0,12.34000015258789
2016-02-03,12.329999923706055,11.510000228881836,12.329999923706055,12.0600004196167,45800.0,12.0600004196167
2016-02-04,14.489999771118164,12.149999618530273,12.149999618530273,14.399999618530273,133000.0,14.399999618530273
2016-02-05,14.9399995803833,13.65999984741211,14.25,14.260000228881836,107300.0,14.260000228881836
2016-02-08,14.460000038146973,13.720000267028809,14.039999961853027,14.039999961853027,38500.0,14.039999961853027
2016-02-09,14.220000267028809,13.609999656677246,13.850000381469727,13.970000267028809,18000.0,13.970000267028809
2016-02-10,14.430000305175781,13.890000343322754,14.15999984741211,14.140000343322754,35300.0,14.140000343322754
2016-02-11,14.119999885559082,13.649999618530273,13.859999656677246,13.8100004196167,22600.0,13.8100004196167
2016-02-12,14.09000015258789,13.239999771118164,13.779999732971191,14.0600004196167,37100.0,14.0600004196167
2016-02-16,15.270000457763672,14.239999771118164,14.369999885559082,15.210000038146973,27300.0,15.210000038146973
2016-02-17,17.739999771118164,14.789999961853027,15.350000381469727,17.709999084472656,74800.0,17.709999084472656
2016-02-18,18.34000015258789,17.170000076293945,18.170000076293945,18.09000015258789,116700.0,18.09000015258789
2016-02-19,15.979999542236328,14.550000190734863,15.75,14.600000381469727,155500.0,14.600000381469727
2016-02-22,14.800000190734863,13.029999732971191,14.800000190734863,13.149999618530273,99600.0,13.149999618530273
2016-02-23,13.5,12.460000038146973,12.869999885559082,13.199999809265137,72200.0,13.199999809265137
2016-02-24,13.239999771118164,12.75,13.130000114440918,12.989999771118164,50400.0,12.989999771118164
2016-02-25,13.199999809265137,12.5,12.930000305175781,12.899999618530273,61800.0,12.899999618530273
2016-02-26,13.619999885559082,12.970000267028809,13.069999694824219,13.5,53900.0,13.5
2016-02-29,13.8100004196167,13.350000381469727,13.5,13.369999885559082,27100.0,13.369999885559082
2016-03-01,13.350000381469727,13.0,13.350000381469727,13.170000076293945,22800.0,13.170000076293945
2016-03-02,13.40999984741211,12.949999809265137,13.260000228881836,13.25,16800.0,13.25
2016-03-03,13.84000015258789,13.010000228881836,13.149999618530273,13.699999809265137,78200.0,13.699999809265137
2016-03-04,14.220000267028809,13.470000267028809,13.470000267028809,14.0600004196167,89400.0,14.0600004196167
2016-03-07,14.170000076293945,13.479999542236328,13.9399995803833,14.069999694824219,42600.0,14.069999694824219
2016-03-08,14.130000114440918,13.539999961853027,13.90999984741211,13.649999618530273,24800.0,13.649999618530273
2016-03-09,13.720000267028809,13.359999656677246,13.640000343322754,13.539999961853027,23200.0,13.539999961853027
2016-03-10,13.529999732971191,13.079999923706055,13.529999732971191,13.300000190734863,30300.0,13.300000190734863
2016-03-11,13.75,13.039999961853027,13.470000267028809,13.609999656677246,37800.0,13.609999656677246
2016-03-14,13.829999923706055,13.329999923706055,13.510000228881836,13.5600004196167,30700.0,13.5600004196167
2016-03-15,13.59000015258789,13.0600004196167,13.390000343322754,13.130000114440918,41800.0,13.130000114440918
2016-03-16,13.59000015258789,13.050000190734863,13.050000190734863,13.390000343322754,25800.0,13.390000343322754
2016-03-17,14.010000228881836,13.220000267028809,13.25,13.9399995803833,22900.0,13.9399995803833
2016-03-18,14.199999809265137,13.770000457763672,14.0600004196167,14.0,64100.0,14.0
2016-03-21,14.5600004196167,13.789999961853027,13.789999961853027,13.890000343322754,59500.0,13.890000343322754
2016-03-22,14.09000015258789,13.609999656677246,13.6899995803833,13.970000267028809,22600.0,13.970000267028809
2016-03-23,14.180000305175781,13.550000190734863,13.739999771118164,13.8100004196167,33200.0,13.8100004196167
2016-03-24,14.0,13.600000381469727,13.6899995803833,13.680000305175781,34600.0,13.680000305175781
2016-03-28,14.149999618530273,13.649999618530273,13.850000381469727,14.039999961853027,47100.0,14.039999961853027
2016-03-29,14.329999923706055,13.930000305175781,14.0,14.09000015258789,68500.0,14.09000015258789
2016-03-30,14.270000457763672,13.75,14.270000457763672,13.789999961853027,58000.0,13.789999961853027
2016-03-31,13.960000038146973,13.579999923706055,13.760000228881836,13.869999885559082,34600.0,13.869999885559082
2016-04-01,14.1899995803833,13.649999618530273,13.649999618530273,14.0,33400.0,14.0
2016-04-04,14.149999618530273,13.640000343322754,13.930000305175781,13.970000267028809,53000.0,13.970000267028809
2016-04-05,13.979999542236328,13.619999885559082,13.8100004196167,13.680000305175781,33600.0,13.680000305175781
2016-04-06,13.9399995803833,13.630000114440918,13.649999618530273,13.75,27900.0,13.75
2016-04-07,13.760000228881836,13.149999618530273,13.630000114440918,13.300000190734863,27200.0,13.300000190734863
2016-04-08,13.6899995803833,13.15999984741211,13.260000228881836,13.479999542236328,25300.0,13.479999542236328
2016-04-11,13.880000114440918,13.460000038146973,13.5,13.569999694824219,18600.0,13.569999694824219
2016-04-12,13.8100004196167,13.5,13.609999656677246,13.640000343322754,23900.0,13.640000343322754
2016-04-13,15.15999984741211,13.720000267028809,13.720000267028809,15.0600004196167,57700.0,15.0600004196167
2016-04-14,15.390000343322754,14.109999656677246,15.25,14.300000190734863,29000.0,14.300000190734863
2016-04-15,14.65999984741211,14.220000267028809,14.25,14.3100004196167,32300.0,14.3100004196167
2016-04-18,14.789999961853027,14.15999984741211,14.329999923706055,14.720000267028809,20400.0,14.720000267028809
2016-04-19,14.970000267028809,14.170000076293945,14.899999618530273,14.210000038146973,49000.0,14.210000038146973
2016-04-20,16.040000915527344,14.289999961853027,14.300000190734863,15.850000381469727,80900.0,15.850000381469727
2016-04-21,16.260000228881836,15.149999618530273,15.920000076293945,15.720000267028809,57000.0,15.720000267028809
2016-04-22,15.9399995803833,14.960000038146973,15.550000190734863,15.109999656677246,32600.0,15.109999656677246
2016-04-25,15.09000015258789,14.430000305175781,15.010000228881836,14.800000190734863,27100.0,14.800000190734863
2016-04-26,15.479999542236328,14.760000228881836,15.0,15.369999885559082,19700.0,15.369999885559082
2016-04-27,15.720000267028809,15.239999771118164,15.270000457763672,15.670000076293945,19800.0,15.670000076293945
2016-04-28,15.859999656677246,15.210000038146973,15.4399995803833,15.550000190734863,59700.0,15.550000190734863
2016-04-29,15.859999656677246,14.199999809265137,15.449999809265137,14.199999809265137,102200.0,14.199999809265137
2016-05-02,14.5,13.9399995803833,14.239999771118164,14.050000190734863,53000.0,14.050000190734863
2016-05-03,14.449999809265137,13.800000190734863,13.949999809265137,14.300000190734863,42800.0,14.300000190734863
2016-05-04,14.260000228881836,14.0,14.0600004196167,14.029999732971191,19200.0,14.029999732971191
2016-05-05,14.130000114440918,13.970000267028809,14.050000190734863,14.0,18300.0,14.0
2016-05-06,14.149999618530273,13.890000343322754,13.890000343322754,14.050000190734863,32700.0,14.050000190734863
2016-05-09,14.319999694824219,14.050000190734863,14.079999923706055,14.140000343322754,44900.0,14.140000343322754
2016-05-10,14.170000076293945,13.739999771118164,14.170000076293945,14.020000457763672,17700.0,14.020000457763672
2016-05-11,14.270000457763672,13.899999618530273,14.050000190734863,14.050000190734863,61500.0,14.050000190734863
2016-05-12,14.350000381469727,13.789999961853027,14.130000114440918,13.859999656677246,25600.0,13.859999656677246
2016-05-13,14.0,13.800000190734863,13.869999885559082,13.970000267028809,27800.0,13.970000267028809
2016-05-16,14.15999984741211,13.75,13.989999771118164,14.029999732971191,62400.0,14.029999732971191
2016-05-17,14.09000015258789,13.5600004196167,14.050000190734863,13.609999656677246,37900.0,13.609999656677246
2016-05-18,14.0600004196167,13.510000228881836,13.699999809265137,13.84000015258789,31800.0,13.84000015258789
2016-05-19,13.84000015258789,13.279999732971191,13.84000015258789,13.399999618530273,24800.0,13.399999618530273
2016-05-20,13.899999618530273,13.470000267028809,13.470000267028809,13.869999885559082,13400.0,13.869999885559082
2016-05-23,14.050000190734863,13.8100004196167,13.8100004196167,13.9399995803833,21500.0,13.9399995803833
2016-05-24,14.569999694824219,13.880000114440918,13.930000305175781,14.489999771118164,69100.0,14.489999771118164
2016-05-25,14.539999961853027,13.90999984741211,14.489999771118164,14.300000190734863,27100.0,14.300000190734863
2016-05-26,14.329999923706055,14.0600004196167,14.180000305175781,14.09000015258789,12600.0,14.09000015258789
2016-05-27,14.399999618530273,13.890000343322754,14.109999656677246,14.079999923706055,17800.0,14.079999923706055
2016-05-31,14.34000015258789,13.859999656677246,14.079999923706055,14.130000114440918,34900.0,14.130000114440918
2016-06-01,14.460000038146973,13.9399995803833,13.949999809265137,14.319999694824219,28100.0,14.319999694824219
2016-06-02,14.40999984741211,14.039999961853027,14.40999984741211,14.15999984741211,14100.0,14.15999984741211
2016-06-03,14.210000038146973,13.989999771118164,14.210000038146973,13.989999771118164,29700.0,13.989999771118164
2016-06-06,14.199999809265137,13.960000038146973,13.979999542236328,14.140000343322754,25700.0,14.140000343322754
2016-06-07,14.289999961853027,14.0,14.239999771118164,14.029999732971191,39100.0,14.029999732971191
2016-06-08,14.289999961853027,13.949999809265137,13.970000267028809,14.239999771118164,29800.0,14.239999771118164
2016-06-09,14.260000228881836,14.109999656677246,14.119999885559082,14.1899995803833,47200.0,14.1899995803833
2016-06-10,14.25,13.989999771118164,14.029999732971191,14.170000076293945,52200.0,14.170000076293945
2016-06-13,14.270000457763672,13.949999809265137,14.220000267028809,13.949999809265137,33100.0,13.949999809265137
2016-06-14,14.109999656677246,13.8100004196167,13.8100004196167,14.010000228881836,19900.0,14.010000228881836
2016-06-15,14.609999656677246,14.010000228881836,14.029999732971191,14.430000305175781,28100.0,14.430000305175781
2016-06-16,14.539999961853027,14.109999656677246,14.229999542236328,14.5,14700.0,14.5
2016-06-17,15.5,14.489999771118164,14.539999961853027,15.020000457763672,110800.0,15.020000457763672
2016-06-20,15.470000267028809,15.100000381469727,15.420000076293945,15.390000343322754,26500.0,15.390000343322754
2016-06-21,15.300000190734863,14.470000267028809,15.300000190734863,14.600000381469727,31400.0,14.600000381469727
2016-06-22,15.199999809265137,14.569999694824219,14.609999656677246,14.829999923706055,33300.0,14.829999923706055
2016-06-23,15.800000190734863,14.890000343322754,15.020000457763672,15.729999542236328,21300.0,15.729999542236328
2016-06-24,15.75,14.859999656677246,14.859999656677246,15.649999618530273,298400.0,15.649999618530273
2016-06-27,15.65999984741211,14.539999961853027,15.359999656677246,15.449999809265137,52700.0,15.449999809265137
2016-06-28,15.699999809265137,14.850000381469727,15.6899995803833,15.039999961853027,132400.0,15.039999961853027
2016-06-29,15.449999809265137,14.869999885559082,15.039999961853027,15.329999923706055,52400.0,15.329999923706055
2016-06-30,15.760000228881836,15.100000381469727,15.350000381469727,15.680000305175781,21300.0,15.680000305175781
2016-07-01,16.190000534057617,15.65999984741211,15.789999961853027,15.989999771118164,29400.0,15.989999771118164
2016-07-05,17.229999542236328,15.859999656677246,15.859999656677246,17.0,38500.0,17.0
2016-07-06,17.799999237060547,17.010000228881836,17.010000228881836,17.399999618530273,41300.0,17.399999618530273
2016-07-07,17.649999618530273,17.139999389648438,17.43000030517578,17.18000030517578,23300.0,17.18000030517578
2016-07-08,17.889999389648438,16.8700008392334,16.8700008392334,17.670000076293945,48900.0,17.670000076293945
2016-07-11,18.18000030517578,16.610000610351562,17.809999465942383,17.110000610351562,63400.0,17.110000610351562
2016-07-12,17.829999923706055,16.93000030517578,17.0,17.450000762939453,50500.0,17.450000762939453
2016-07-13,17.6299991607666,17.059999465942383,17.489999771118164,17.260000228881836,50400.0,17.260000228881836
2016-07-14,17.899999618530273,17.110000610351562,17.479999542236328,17.84000015258789,16300.0,17.84000015258789
2016-07-15,18.1299991607666,16.90999984741211,17.959999084472656,17.030000686645508,44300.0,17.030000686645508
2016-07-18,17.440000534057617,16.75,17.09000015258789,17.309999465942383,18200.0,17.309999465942383
2016-07-19,17.75,17.329999923706055,17.350000381469727,17.399999618530273,28700.0,17.399999618530273
2016-07-20,17.81999969482422,17.049999237060547,17.399999618530273,17.3799991607666,34100.0,17.3799991607666
2016-07-21,17.5,17.209999084472656,17.329999923706055,17.360000610351562,16800.0,17.360000610351562
2016-07-22,17.829999923706055,17.280000686645508,17.469999313354492,17.68000030517578,35000.0,17.68000030517578
2016-07-25,17.959999084472656,17.31999969482422,17.75,17.639999389648438,22100.0,17.639999389648438
2016-07-26,17.850000381469727,17.43000030517578,17.75,17.56999969482422,20100.0,17.56999969482422
2016-07-27,17.860000610351562,17.530000686645508,17.530000686645508,17.729999542236328,14000.0,17.729999542236328
2016-07-28,18.25,17.610000610351562,17.700000762939453,17.940000534057617,42400.0,17.940000534057617
2016-07-29,18.5,17.350000381469727,18.5,17.350000381469727,96200.0,17.350000381469727
2016-08-01,18.139999389648438,17.1200008392334,17.270000457763672,17.489999771118164,29700.0,17.489999771118164
2016-08-02,17.510000228881836,17.020000457763672,17.479999542236328,17.280000686645508,26100.0,17.280000686645508
2016-08-03,17.520000457763672,17.030000686645508,17.43000030517578,17.280000686645508,26300.0,17.280000686645508
2016-08-04,17.59000015258789,17.25,17.280000686645508,17.469999313354492,17500.0,17.469999313354492
2016-08-05,17.719999313354492,17.31999969482422,17.469999313354492,17.5,27500.0,17.5
2016-08-08,17.670000076293945,17.299999237060547,17.670000076293945,17.31999969482422,11100.0,17.31999969482422
2016-08-09,17.479999542236328,17.1299991607666,17.479999542236328,17.149999618530273,13000.0,17.149999618530273
2016-08-10,17.489999771118164,16.579999923706055,17.100000381469727,16.65999984741211,41800.0,16.65999984741211
2016-08-11,17.3700008392334,16.610000610351562,16.729999542236328,16.719999313354492,26500.0,16.719999313354492
2016-08-12,17.469999313354492,16.3799991607666,16.6200008392334,16.399999618530273,22300.0,16.399999618530273
2016-08-15,16.729999542236328,16.260000228881836,16.389999389648438,16.389999389648438,53700.0,16.389999389648438
2016-08-16,16.469999313354492,15.890000343322754,16.299999237060547,16.059999465942383,31000.0,16.059999465942383
2016-08-17,16.1299991607666,15.5600004196167,16.100000381469727,15.920000076293945,62800.0,15.920000076293945
2016-08-18,16.25,15.899999618530273,15.899999618530273,16.209999084472656,27900.0,16.209999084472656
2016-08-19,16.3700008392334,16.139999389648438,16.209999084472656,16.25,16200.0,16.25
2016-08-22,16.290000915527344,16.049999237060547,16.290000915527344,16.219999313354492,24700.0,16.219999313354492
2016-08-23,16.579999923706055,16.200000762939453,16.34000015258789,16.360000610351562,25100.0,16.360000610351562
2016-08-24,16.610000610351562,16.299999237060547,16.440000534057617,16.469999313354492,27000.0,16.469999313354492
2016-08-25,16.510000228881836,16.09000015258789,16.3700008392334,16.420000076293945,13600.0,16.420000076293945
2016-08-26,16.709999084472656,16.440000534057617,16.549999237060547,16.520000457763672,9600.0,16.520000457763672
2016-08-29,16.799999237060547,16.5,16.690000534057617,16.579999923706055,13500.0,16.579999923706055
2016-08-30,16.68000030517578,16.309999465942383,16.530000686645508,16.579999923706055,12900.0,16.579999923706055
2016-08-31,16.780000686645508,16.350000381469727,16.510000228881836,16.65999984741211,23800.0,16.65999984741211
2016-09-01,17.200000762939453,16.59000015258789,16.610000610351562,17.139999389648438,21200.0,17.139999389648438
2016-09-02,17.329999923706055,16.850000381469727,17.200000762939453,17.15999984741211,26100.0,17.15999984741211
2016-09-06,17.450000762939453,17.020000457763672,17.149999618530273,17.110000610351562,18000.0,17.110000610351562
2016-09-07,17.43000030517578,17.09000015258789,17.110000610351562,17.260000228881836,27200.0,17.260000228881836
2016-09-08,17.31999969482422,16.68000030517578,17.200000762939453,16.809999465942383,15400.0,16.809999465942383
2016-09-09,16.5,15.350000381469727,16.5,15.350000381469727,52600.0,15.350000381469727
2016-09-12,15.770000457763672,15.329999923706055,15.600000381469727,15.640000343322754,51400.0,15.640000343322754
2016-09-13,15.460000038146973,14.609999656677246,15.390000343322754,14.720000267028809,34500.0,14.720000267028809
2016-09-14,15.0,14.680000305175781,14.680000305175781,14.9399995803833,47700.0,14.9399995803833
2016-09-15,15.029999732971191,14.569999694824219,14.899999618530273,14.640000343322754,80700.0,14.640000343322754
2016-09-16,13.5,13.0,13.100000381469727,13.329999923706055,885800.0,13.329999923706055
2016-09-19,13.5,13.100000381469727,13.5,13.119999885559082,173100.0,13.119999885559082
2016-09-20,13.449999809265137,13.119999885559082,13.319999694824219,13.140000343322754,161300.0,13.140000343322754
2016-09-21,13.550000190734863,13.229999542236328,13.239999771118164,13.25,150000.0,13.25
2016-09-22,13.600000381469727,13.170000076293945,13.479999542236328,13.449999809265137,145600.0,13.449999809265137
2016-09-23,13.84000015258789,13.239999771118164,13.239999771118164,13.489999771118164,206400.0,13.489999771118164
2016-09-26,13.550000190734863,13.329999923706055,13.550000190734863,13.399999618530273,114800.0,13.399999618530273
2016-09-27,13.5600004196167,13.369999885559082,13.470000267028809,13.449999809265137,60700.0,13.449999809265137
2016-09-28,13.5600004196167,13.210000038146973,13.510000228881836,13.399999618530273,101700.0,13.399999618530273
2016-09-29,13.649999618530273,13.34000015258789,13.399999618530273,13.350000381469727,78500.0,13.350000381469727
2016-09-30,13.819999694824219,13.1899995803833,13.470000267028809,13.1899995803833,219400.0,13.1899995803833
2016-10-03,13.449999809265137,13.210000038146973,13.359999656677246,13.279999732971191,134700.0,13.279999732971191
2016-10-04,13.390000343322754,13.170000076293945,13.390000343322754,13.229999542236328,92600.0,13.229999542236328
2016-10-05,14.170000076293945,13.460000038146973,13.649999618530273,14.15999984741211,437400.0,14.15999984741211
2016-10-06,14.899999618530273,13.960000038146973,14.100000381469727,14.5,138800.0,14.5
2016-10-07,14.569999694824219,14.260000228881836,14.550000190734863,14.5,62300.0,14.5
2016-10-10,15.399999618530273,14.359999656677246,14.640000343322754,15.25,96900.0,15.25
2016-10-11,15.199999809265137,14.619999885559082,15.149999618530273,14.84000015258789,61800.0,14.84000015258789
2016-10-12,15.420000076293945,14.65999984741211,14.699999809265137,15.260000228881836,113500.0,15.260000228881836
2016-10-13,15.40999984741211,14.850000381469727,15.029999732971191,15.300000190734863,47700.0,15.300000190734863
2016-10-14,15.5,15.170000076293945,15.34000015258789,15.300000190734863,76100.0,15.300000190734863
2016-10-17,15.279999732971191,15.09000015258789,15.170000076293945,15.15999984741211,31000.0,15.15999984741211
2016-10-18,15.5,14.800000190734863,15.270000457763672,14.979999542236328,51500.0,14.979999542236328
2016-10-19,15.300000190734863,14.960000038146973,15.050000190734863,15.15999984741211,52100.0,15.15999984741211
2016-10-20,15.350000381469727,15.050000190734863,15.140000343322754,15.300000190734863,70100.0,15.300000190734863
2016-10-21,15.270000457763672,15.100000381469727,15.100000381469727,15.239999771118164,19900.0,15.239999771118164
2016-10-24,15.699999809265137,15.25,15.25,15.649999618530273,35700.0,15.649999618530273
2016-10-25,16.389999389648438,15.399999618530273,15.550000190734863,16.3799991607666,65400.0,16.3799991607666
2016-10-26,16.34000015258789,15.600000381469727,16.1200008392334,15.619999885559082,37600.0,15.619999885559082
2016-10-27,15.8100004196167,15.199999809265137,15.8100004196167,15.420000076293945,38000.0,15.420000076293945
2016-10-28,15.609999656677246,14.960000038146973,15.399999618530273,15.539999961853027,70400.0,15.539999961853027
2016-10-31,15.899999618530273,15.25,15.609999656677246,15.850000381469727,42300.0,15.850000381469727
2016-11-01,15.899999618530273,15.109999656677246,15.75,15.279999732971191,79700.0,15.279999732971191
2016-11-02,15.649999618530273,15.039999961853027,15.25,15.149999618530273,49800.0,15.149999618530273
2016-11-03,16.010000228881836,15.34000015258789,16.010000228881836,15.479999542236328,103900.0,15.479999542236328
2016-11-04,15.569999694824219,15.25,15.399999618530273,15.390000343322754,107000.0,15.390000343322754
2016-11-07,15.760000228881836,15.289999961853027,15.760000228881836,15.390000343322754,74200.0,15.390000343322754
2016-11-08,15.449999809265137,15.050000190734863,15.4399995803833,15.25,67500.0,15.25
2016-11-09,15.270000457763672,14.289999961853027,15.199999809265137,14.34000015258789,126700.0,14.34000015258789
2016-11-10,14.630000114440918,14.050000190734863,14.520000457763672,14.109999656677246,266000.0,14.109999656677246
2016-11-11,14.369999885559082,13.779999732971191,14.199999809265137,13.979999542236328,223900.0,13.979999542236328
2016-11-14,13.9399995803833,13.760000228881836,13.899999618530273,13.829999923706055,304100.0,13.829999923706055
2016-11-15,13.9399995803833,13.600000381469727,13.859999656677246,13.729999542236328,285300.0,13.729999542236328
2016-11-16,14.0,13.5600004196167,13.680000305175781,13.949999809265137,389800.0,13.949999809265137
2016-11-17,14.449999809265137,13.949999809265137,14.0,14.130000114440918,244200.0,14.130000114440918
2016-11-18,14.279999732971191,13.949999809265137,14.100000381469727,14.279999732971191,186700.0,14.279999732971191
2016-11-21,14.850000381469727,14.380000114440918,14.449999809265137,14.760000228881836,134800.0,14.760000228881836
2016-11-22,14.960000038146973,14.449999809265137,14.770000457763672,14.9399995803833,77200.0,14.9399995803833
2016-11-23,14.949999809265137,14.710000038146973,14.800000190734863,14.890000343322754,64300.0,14.890000343322754
2016-11-25,14.979999542236328,14.729999542236328,14.899999618530273,14.930000305175781,34700.0,14.930000305175781
2016-11-28,15.949999809265137,14.859999656677246,14.899999618530273,15.829999923706055,117800.0,15.829999923706055
2016-11-29,16.739999771118164,15.84000015258789,15.84000015258789,16.530000686645508,140900.0,16.530000686645508
2016-11-30,16.68000030517578,15.3100004196167,16.68000030517578,15.34000015258789,142100.0,15.34000015258789
2016-12-01,15.319999694824219,14.859999656677246,15.260000228881836,15.0,215000.0,15.0
2016-12-02,15.0,14.699999809265137,15.0,14.850000381469727,58400.0,14.850000381469727
2016-12-05,15.220000267028809,14.850000381469727,14.979999542236328,15.220000267028809,113300.0,15.220000267028809
2016-12-06,15.149999618530273,14.5,15.149999618530273,14.720000267028809,123300.0,14.720000267028809
2016-12-07,15.079999923706055,14.699999809265137,14.729999542236328,14.979999542236328,106300.0,14.979999542236328
2016-12-08,15.350000381469727,14.899999618530273,15.0,15.34000015258789,77000.0,15.34000015258789
2016-12-09,15.380000114440918,14.699999809265137,15.359999656677246,14.779999732971191,127600.0,14.779999732971191
2016-12-12,14.850000381469727,14.329999923706055,14.770000457763672,14.529999732971191,46000.0,14.529999732971191
2016-12-13,14.520000457763672,14.149999618530273,14.520000457763672,14.239999771118164,42100.0,14.239999771118164
2016-12-14,14.520000457763672,14.0600004196167,14.319999694824219,14.180000305175781,90500.0,14.180000305175781
2016-12-15,14.260000228881836,13.4399995803833,14.109999656677246,13.670000076293945,136000.0,13.670000076293945
2016-12-16,13.979999542236328,13.550000190734863,13.8100004196167,13.770000457763672,90700.0,13.770000457763672
2016-12-19,14.210000038146973,13.670000076293945,13.779999732971191,14.069999694824219,38000.0,14.069999694824219
2016-12-20,14.359999656677246,14.0,14.0,14.359999656677246,43500.0,14.359999656677246
2016-12-21,14.65999984741211,14.100000381469727,14.229999542236328,14.34000015258789,38900.0,14.34000015258789
2016-12-22,14.359999656677246,14.020000457763672,14.199999809265137,14.079999923706055,21000.0,14.079999923706055
2016-12-23,14.15999984741211,13.920000076293945,14.010000228881836,14.039999961853027,24400.0,14.039999961853027
2016-12-27,14.149999618530273,14.0,14.0,14.050000190734863,21600.0,14.050000190734863
2016-12-28,14.029999732971191,13.880000114440918,14.0,13.930000305175781,72800.0,13.930000305175781
2016-12-29,14.0600004196167,13.930000305175781,14.020000457763672,14.029999732971191,17100.0,14.029999732971191
2016-12-30,14.100000381469727,13.819999694824219,13.9399995803833,14.020000457763672,31100.0,14.020000457763672
2017-01-03,14.609999656677246,13.970000267028809,13.970000267028809,14.59000015258789,71800.0,14.59000015258789
2017-01-04,15.229999542236328,14.380000114440918,14.600000381469727,14.670000076293945,108300.0,14.670000076293945
2017-01-05,14.779999732971191,14.369999885559082,14.529999732971191,14.4399995803833,40200.0,14.4399995803833
2017-01-06,14.470000267028809,14.130000114440918,14.470000267028809,14.15999984741211,44400.0,14.15999984741211
2017-01-09,14.300000190734863,14.020000457763672,14.119999885559082,14.029999732971191,33700.0,14.029999732971191
2017-01-10,14.40999984741211,13.8100004196167,14.119999885559082,13.880000114440918,84700.0,13.880000114440918
2017-01-11,14.829999923706055,13.6899995803833,13.819999694824219,14.550000190734863,98900.0,14.550000190734863
2017-01-12,14.470000267028809,13.90999984741211,14.359999656677246,14.0600004196167,55500.0,14.0600004196167
2017-01-13,14.390000343322754,13.960000038146973,14.170000076293945,14.010000228881836,36300.0,14.010000228881836
2017-01-17,14.140000343322754,13.899999618530273,14.0,13.899999618530273,47800.0,13.899999618530273
2017-01-18,14.050000190734863,13.619999885559082,13.979999542236328,13.829999923706055,45600.0,13.829999923706055
2017-01-19,13.930000305175781,13.550000190734863,13.890000343322754,13.720000267028809,47100.0,13.720000267028809
2017-01-20,13.930000305175781,13.720000267028809,13.729999542236328,13.84000015258789,22200.0,13.84000015258789
2017-01-23,14.180000305175781,13.65999984741211,13.890000343322754,14.09000015258789,36500.0,14.09000015258789
2017-01-24,14.399999618530273,13.960000038146973,14.170000076293945,14.130000114440918,30700.0,14.130000114440918
2017-01-25,14.229999542236328,14.020000457763672,14.020000457763672,14.140000343322754,33800.0,14.140000343322754
2017-01-26,14.229999542236328,13.880000114440918,13.960000038146973,13.9399995803833,42400.0,13.9399995803833
2017-01-27,14.050000190734863,13.720000267028809,13.989999771118164,13.779999732971191,21700.0,13.779999732971191
2017-01-30,13.800000190734863,13.699999809265137,13.75,13.789999961853027,50900.0,13.789999961853027
2017-01-31,13.829999923706055,13.520000457763672,13.649999618530273,13.819999694824219,47900.0,13.819999694824219
2017-02-01,14.109999656677246,13.789999961853027,13.9399995803833,13.880000114440918,64100.0,13.880000114440918
2017-02-02,14.020000457763672,13.630000114440918,13.850000381469727,13.729999542236328,49200.0,13.729999542236328
2017-02-03,14.140000343322754,13.739999771118164,13.75,14.029999732971191,29200.0,14.029999732971191
2017-02-06,14.170000076293945,14.010000228881836,14.010000228881836,14.119999885559082,21900.0,14.119999885559082
2017-02-07,14.470000267028809,14.069999694824219,14.119999885559082,14.369999885559082,40000.0,14.369999885559082
2017-02-08,14.489999771118164,14.180000305175781,14.3100004196167,14.329999923706055,40200.0,14.329999923706055
2017-02-09,14.5600004196167,14.180000305175781,14.199999809265137,14.25,18800.0,14.25
2017-02-10,14.239999771118164,13.869999885559082,14.199999809265137,14.1899995803833,13600.0,14.1899995803833
2017-02-13,14.260000228881836,13.9399995803833,14.260000228881836,14.039999961853027,29700.0,14.039999961853027
2017-02-14,14.229999542236328,13.920000076293945,14.010000228881836,14.010000228881836,72600.0,14.010000228881836
2017-02-15,14.300000190734863,13.800000190734863,13.949999809265137,13.9399995803833,75400.0,13.9399995803833
2017-02-16,14.390000343322754,13.489999771118164,14.010000228881836,14.300000190734863,42500.0,14.300000190734863
2017-02-17,14.40999984741211,13.699999809265137,14.40999984741211,14.229999542236328,58100.0,14.229999542236328
2017-02-21,14.3100004196167,13.770000457763672,14.130000114440918,13.899999618530273,35200.0,13.899999618530273
2017-02-22,14.300000190734863,13.670000076293945,13.970000267028809,14.029999732971191,118500.0,14.029999732971191
2017-02-23,14.40999984741211,13.65999984741211,14.180000305175781,14.239999771118164,93100.0,14.239999771118164
2017-02-24,14.5,13.520000457763672,14.5,13.960000038146973,88100.0,13.960000038146973
2017-02-27,14.399999618530273,13.979999542236328,14.300000190734863,14.15999984741211,58900.0,14.15999984741211
2017-02-28,14.199999809265137,13.8100004196167,14.100000381469727,13.899999618530273,130100.0,13.899999618530273
2017-03-01,14.09000015258789,13.5,13.989999771118164,13.5600004196167,130500.0,13.5600004196167
2017-03-02,13.65999984741211,13.399999618530273,13.529999732971191,13.510000228881836,52000.0,13.510000228881836
2017-03-03,13.670000076293945,13.399999618530273,13.4399995803833,13.399999618530273,47700.0,13.399999618530273
2017-03-06,13.479999542236328,13.279999732971191,13.40999984741211,13.329999923706055,40500.0,13.329999923706055
2017-03-07,13.470000267028809,13.239999771118164,13.359999656677246,13.260000228881836,29400.0,13.260000228881836
2017-03-08,13.329999923706055,13.050000190734863,13.25,13.100000381469727,56700.0,13.100000381469727
2017-03-09,13.229999542236328,12.850000381469727,13.079999923706055,12.859999656677246,83500.0,12.859999656677246
2017-03-10,13.09000015258789,12.600000381469727,12.949999809265137,12.640000343322754,67700.0,12.640000343322754
2017-03-13,13.100000381469727,12.600000381469727,12.600000381469727,12.829999923706055,27600.0,12.829999923706055
2017-03-14,12.8100004196167,12.600000381469727,12.8100004196167,12.630000114440918,58500.0,12.630000114440918
2017-03-15,13.0,12.550000190734863,12.65999984741211,12.890000343322754,58800.0,12.890000343322754
2017-03-16,13.050000190734863,12.65999984741211,12.90999984741211,12.869999885559082,36900.0,12.869999885559082
2017-03-17,12.949999809265137,12.680000305175781,12.949999809265137,12.850000381469727,71300.0,12.850000381469727
2017-03-20,13.100000381469727,12.649999618530273,12.890000343322754,12.869999885559082,53400.0,12.869999885559082
2017-03-21,12.970000267028809,12.399999618530273,12.9399995803833,12.420000076293945,117800.0,12.420000076293945
2017-03-22,12.510000228881836,12.039999961853027,12.430000305175781,12.180000305175781,71700.0,12.180000305175781
2017-03-23,12.680000305175781,12.130000114440918,12.15999984741211,12.449999809265137,77600.0,12.449999809265137
2017-03-24,12.720000267028809,12.170000076293945,12.510000228881836,12.210000038146973,23100.0,12.210000038146973
2017-03-27,12.369999885559082,12.109999656677246,12.109999656677246,12.149999618530273,41900.0,12.149999618530273
2017-03-28,12.75,12.140000343322754,12.140000343322754,12.600000381469727,60700.0,12.600000381469727
2017-03-29,12.869999885559082,12.5,12.539999961853027,12.789999961853027,25100.0,12.789999961853027
2017-03-30,12.960000038146973,12.510000228881836,12.75,12.510000228881836,29400.0,12.510000228881836
2017-03-31,12.710000038146973,12.380000114440918,12.520000457763672,12.460000038146973,29800.0,12.460000038146973
2017-04-03,12.720000267028809,12.300000190734863,12.470000267028809,12.380000114440918,34400.0,12.380000114440918
2017-04-04,12.970000267028809,12.220000267028809,12.220000267028809,12.40999984741211,31100.0,12.40999984741211
2017-04-05,12.739999771118164,12.489999771118164,12.510000228881836,12.550000190734863,46400.0,12.550000190734863
2017-04-06,12.550000190734863,12.109999656677246,12.529999732971191,12.289999961853027,51400.0,12.289999961853027
2017-04-07,12.329999923706055,12.199999809265137,12.329999923706055,12.25,66200.0,12.25
2017-04-10,12.520000457763672,12.199999809265137,12.329999923706055,12.25,50200.0,12.25
2017-04-11,12.539999961853027,12.220000267028809,12.25,12.479999542236328,53800.0,12.479999542236328
2017-04-12,12.579999923706055,12.270000457763672,12.4399995803833,12.460000038146973,24500.0,12.460000038146973
2017-04-13,12.550000190734863,12.270000457763672,12.350000381469727,12.359999656677246,37100.0,12.359999656677246
2017-04-17,12.670000076293945,12.350000381469727,12.390000343322754,12.65999984741211,54600.0,12.65999984741211
2017-04-18,12.819999694824219,12.649999618530273,12.649999618530273,12.770000457763672,26400.0,12.770000457763672
2017-04-19,14.140000343322754,13.0,13.0,13.65999984741211,142300.0,13.65999984741211
2017-04-20,14.15999984741211,13.609999656677246,13.699999809265137,14.130000114440918,61600.0,14.130000114440918
2017-04-21,14.4399995803833,13.8100004196167,14.1899995803833,14.3100004196167,61500.0,14.3100004196167
2017-04-24,14.470000267028809,13.760000228881836,14.470000267028809,13.850000381469727,82100.0,13.850000381469727
2017-04-25,14.59000015258789,13.930000305175781,13.930000305175781,14.029999732971191,69700.0,14.029999732971191
2017-04-26,14.460000038146973,14.0600004196167,14.130000114440918,14.399999618530273,51500.0,14.399999618530273
2017-04-27,14.649999618530273,14.109999656677246,14.380000114440918,14.479999542236328,33900.0,14.479999542236328
2017-04-28,14.569999694824219,14.069999694824219,14.569999694824219,14.300000190734863,30200.0,14.300000190734863
2017-05-01,14.460000038146973,14.0,14.319999694824219,14.369999885559082,44900.0,14.369999885559082
2017-05-02,15.5600004196167,14.489999771118164,14.649999618530273,15.329999923706055,122700.0,15.329999923706055
2017-05-03,15.3100004196167,14.800000190734863,15.300000190734863,15.029999732971191,57500.0,15.029999732971191
2017-05-04,15.0,14.5,15.0,14.789999961853027,35100.0,14.789999961853027
2017-05-05,15.720000267028809,14.510000228881836,14.800000190734863,15.489999771118164,43800.0,15.489999771118164
2017-05-08,15.729999542236328,15.199999809265137,15.489999771118164,15.680000305175781,60800.0,15.680000305175781
2017-05-09,16.540000915527344,15.649999618530273,15.65999984741211,16.1299991607666,157300.0,16.1299991607666
2017-05-10,17.399999618530273,15.619999885559082,16.1200008392334,17.059999465942383,228700.0,17.059999465942383
2017-05-11,17.200000762939453,16.520000457763672,17.06999969482422,16.780000686645508,122400.0,16.780000686645508
2017-05-12,16.989999771118164,16.34000015258789,16.6299991607666,16.860000610351562,42400.0,16.860000610351562
2017-05-15,16.790000915527344,16.049999237060547,16.5,16.6200008392334,155200.0,16.6200008392334
2017-05-16,16.68000030517578,16.200000762939453,16.56999969482422,16.469999313354492,90800.0,16.469999313354492
2017-05-17,16.389999389648438,15.229999542236328,16.299999237060547,15.800000190734863,93000.0,15.800000190734863
2017-05-18,16.0,15.479999542236328,15.8100004196167,15.479999542236328,81000.0,15.479999542236328
2017-05-19,16.0,15.15999984741211,16.0,15.15999984741211,174300.0,15.15999984741211
2017-05-22,15.770000457763672,14.9399995803833,15.25,15.710000038146973,80100.0,15.710000038146973
2017-05-23,15.6899995803833,15.149999618530273,15.6899995803833,15.319999694824219,40600.0,15.319999694824219
2017-05-24,15.399999618530273,15.050000190734863,15.399999618530273,15.130000114440918,55600.0,15.130000114440918
2017-05-25,15.550000190734863,15.050000190734863,15.239999771118164,15.529999732971191,164800.0,15.529999732971191
2017-05-26,15.850000381469727,15.479999542236328,15.649999618530273,15.84000015258789,239800.0,15.84000015258789
2017-05-30,16.399999618530273,15.949999809265137,16.110000610351562,16.229999542236328,60500.0,16.229999542236328
2017-05-31,16.450000762939453,15.850000381469727,16.350000381469727,16.43000030517578,42100.0,16.43000030517578
2017-06-01,16.829999923706055,16.219999313354492,16.5,16.760000228881836,42500.0,16.760000228881836
2017-06-02,16.770000457763672,16.3700008392334,16.770000457763672,16.40999984741211,87700.0,16.40999984741211
2017-06-05,16.350000381469727,15.640000343322754,16.350000381469727,15.9399995803833,79600.0,15.9399995803833
2017-06-06,16.260000228881836,15.600000381469727,15.84000015258789,16.229999542236328,41300.0,16.229999542236328
2017-06-07,16.190000534057617,15.84000015258789,16.190000534057617,15.890000343322754,27200.0,15.890000343322754
2017-06-08,16.25,15.819999694824219,15.949999809265137,16.200000762939453,27000.0,16.200000762939453
2017-06-09,16.440000534057617,16.020000457763672,16.190000534057617,16.149999618530273,35400.0,16.149999618530273
2017-06-12,16.360000610351562,15.600000381469727,16.0,15.710000038146973,52300.0,15.710000038146973
2017-06-13,15.819999694824219,15.600000381469727,15.619999885559082,15.770000457763672,25000.0,15.770000457763672
2017-06-14,15.770000457763672,15.420000076293945,15.770000457763672,15.489999771118164,54400.0,15.489999771118164
2017-06-15,15.460000038146973,15.199999809265137,15.350000381469727,15.239999771118164,116400.0,15.239999771118164
2017-06-16,15.649999618530273,15.119999885559082,15.199999809265137,15.140000343322754,123500.0,15.140000343322754
2017-06-19,15.979999542236328,15.199999809265137,15.3100004196167,15.979999542236328,74100.0,15.979999542236328
2017-06-20,15.970000267028809,15.520000457763672,15.819999694824219,15.699999809265137,17600.0,15.699999809265137
2017-06-21,15.970000267028809,15.680000305175781,15.800000190734863,15.75,22500.0,15.75
2017-06-22,16.06999969482422,15.609999656677246,15.829999923706055,15.670000076293945,17900.0,15.670000076293945
2017-06-23,15.819999694824219,15.140000343322754,15.819999694824219,15.430000305175781,102000.0,15.430000305175781
2017-06-26,15.8100004196167,15.300000190734863,15.430000305175781,15.510000228881836,35500.0,15.510000228881836
2017-06-27,15.539999961853027,15.210000038146973,15.4399995803833,15.289999961853027,12500.0,15.289999961853027
2017-06-28,15.470000267028809,15.140000343322754,15.239999771118164,15.210000038146973,43500.0,15.210000038146973
2017-06-29,15.260000228881836,14.949999809265137,15.260000228881836,15.0600004196167,36900.0,15.0600004196167
2017-06-30,15.470000267028809,15.0,15.079999923706055,15.130000114440918,26900.0,15.130000114440918
2017-07-03,15.6899995803833,15.170000076293945,15.289999961853027,15.539999961853027,21000.0,15.539999961853027
2017-07-05,15.430000305175781,15.029999732971191,15.430000305175781,15.25,21300.0,15.25
2017-07-06,15.460000038146973,15.0,15.100000381469727,15.170000076293945,25500.0,15.170000076293945
2017-07-07,15.390000343322754,15.079999923706055,15.25,15.25,12100.0,15.25
2017-07-10,15.220000267028809,15.0,15.210000038146973,15.039999961853027,17000.0,15.039999961853027
2017-07-11,15.460000038146973,15.0,15.140000343322754,15.380000114440918,36200.0,15.380000114440918
2017-07-12,15.529999732971191,15.25,15.529999732971191,15.40999984741211,11800.0,15.40999984741211
2017-07-13,15.4399995803833,15.119999885559082,15.380000114440918,15.270000457763672,9700.0,15.270000457763672
2017-07-14,15.260000228881836,15.100000381469727,15.170000076293945,15.109999656677246,7600.0,15.109999656677246
2017-07-17,15.270000457763672,15.0,15.109999656677246,15.050000190734863,19700.0,15.050000190734863
2017-07-18,15.079999923706055,15.0,15.029999732971191,15.010000228881836,19200.0,15.010000228881836
2017-07-19,15.25,14.8100004196167,15.0,14.930000305175781,14400.0,14.930000305175781
2017-07-20,15.0,14.710000038146973,14.850000381469727,14.819999694824219,11800.0,14.819999694824219
2017-07-21,15.0,14.600000381469727,15.0,14.760000228881836,29500.0,14.760000228881836
2017-07-24,14.75,14.149999618530273,14.75,14.199999809265137,25300.0,14.199999809265137
2017-07-25,14.960000038146973,14.15999984741211,14.15999984741211,14.319999694824219,24900.0,14.319999694824219
2017-07-26,15.0,14.5600004196167,14.579999923706055,14.930000305175781,14200.0,14.930000305175781
2017-07-27,14.970000267028809,14.609999656677246,14.930000305175781,14.609999656677246,7100.0,14.609999656677246
2017-07-28,14.90999984741211,14.479999542236328,14.479999542236328,14.680000305175781,8800.0,14.680000305175781
2017-07-31,15.0,14.300000190734863,14.350000381469727,14.710000038146973,15100.0,14.710000038146973
2017-08-01,15.0,14.789999961853027,14.899999618530273,15.0,22100.0,15.0
2017-08-02,14.899999618530273,14.5600004196167,14.899999618530273,14.670000076293945,11900.0,14.670000076293945
2017-08-03,14.960000038146973,14.5,14.670000076293945,14.5,13000.0,14.5
2017-08-04,14.739999771118164,14.5,14.5,14.739999771118164,12400.0,14.739999771118164
2017-08-07,15.0,14.510000228881836,14.630000114440918,14.930000305175781,33700.0,14.930000305175781
2017-08-08,15.5,14.949999809265137,14.989999771118164,15.5,38000.0,15.5
2017-08-09,15.010000228881836,14.100000381469727,15.010000228881836,14.140000343322754,127100.0,14.140000343322754
2017-08-10,14.100000381469727,13.430000305175781,14.020000457763672,13.4399995803833,103600.0,13.4399995803833
2017-08-11,13.609999656677246,13.15999984741211,13.520000457763672,13.520000457763672,69400.0,13.520000457763672
2017-08-14,13.880000114440918,13.4399995803833,13.4399995803833,13.800000190734863,20900.0,13.800000190734863
2017-08-15,13.800000190734863,13.489999771118164,13.800000190734863,13.550000190734863,32100.0,13.550000190734863
2017-08-16,13.979999542236328,13.470000267028809,13.470000267028809,13.90999984741211,50200.0,13.90999984741211
2017-08-17,13.760000228881836,13.5,13.720000267028809,13.529999732971191,68900.0,13.529999732971191
2017-08-18,13.630000114440918,13.369999885559082,13.369999885559082,13.619999885559082,41000.0,13.619999885559082
2017-08-21,13.640000343322754,12.949999809265137,13.59000015258789,13.149999618530273,39900.0,13.149999618530273
2017-08-22,13.59000015258789,13.220000267028809,13.300000190734863,13.380000114440918,64200.0,13.380000114440918
2017-08-23,13.430000305175781,13.229999542236328,13.229999542236328,13.359999656677246,32400.0,13.359999656677246
2017-08-24,13.569999694824219,13.359999656677246,13.359999656677246,13.430000305175781,24600.0,13.430000305175781
2017-08-25,13.670000076293945,13.350000381469727,13.489999771118164,13.510000228881836,42700.0,13.510000228881836
2017-08-28,13.770000457763672,13.25,13.25,13.760000228881836,31100.0,13.760000228881836
2017-08-29,13.699999809265137,13.470000267028809,13.699999809265137,13.65999984741211,24800.0,13.65999984741211
2017-08-30,13.779999732971191,13.460000038146973,13.460000038146973,13.720000267028809,25800.0,13.720000267028809
2017-08-31,13.75,13.270000457763672,13.5,13.270000457763672,42400.0,13.270000457763672
2017-09-01,13.3100004196167,13.010000228881836,13.3100004196167,13.170000076293945,49300.0,13.170000076293945
2017-09-05,13.1899995803833,12.850000381469727,13.1899995803833,12.869999885559082,56500.0,12.869999885559082
2017-09-06,13.020000457763672,12.899999618530273,13.0,12.899999618530273,54200.0,12.899999618530273
2017-09-07,12.9399995803833,12.800000190734863,12.9399995803833,12.800000190734863,43500.0,12.800000190734863
2017-09-08,12.890000343322754,12.699999809265137,12.710000038146973,12.75,48700.0,12.75
2017-09-11,12.930000305175781,12.609999656677246,12.930000305175781,12.65999984741211,54000.0,12.65999984741211
2017-09-12,12.640000343322754,12.210000038146973,12.640000343322754,12.300000190734863,52800.0,12.300000190734863
2017-09-13,12.460000038146973,12.199999809265137,12.199999809265137,12.329999923706055,41600.0,12.329999923706055
2017-09-14,12.5,12.34000015258789,12.369999885559082,12.350000381469727,58800.0,12.350000381469727
2017-09-15,12.8100004196167,12.420000076293945,12.479999542236328,12.8100004196167,157500.0,12.8100004196167
2017-09-18,13.020000457763672,12.600000381469727,12.699999809265137,12.829999923706055,41300.0,12.829999923706055
2017-09-19,13.109999656677246,12.850000381469727,12.850000381469727,13.050000190734863,28200.0,13.050000190734863
2017-09-20,13.079999923706055,12.789999961853027,12.930000305175781,12.829999923706055,25200.0,12.829999923706055
2017-09-21,12.949999809265137,12.630000114440918,12.8100004196167,12.75,21300.0,12.75
2017-09-22,12.75,12.539999961853027,12.75,12.670000076293945,21800.0,12.670000076293945
2017-09-25,12.739999771118164,12.5600004196167,12.680000305175781,12.720000267028809,19500.0,12.720000267028809
2017-09-26,13.119999885559082,12.649999618530273,12.6899995803833,13.079999923706055,23300.0,13.079999923706055
2017-09-27,13.5,12.970000267028809,13.119999885559082,13.5,44700.0,13.5
2017-09-28,13.5,13.279999732971191,13.5,13.380000114440918,21000.0,13.380000114440918
2017-09-29,13.390000343322754,13.0600004196167,13.300000190734863,13.0600004196167,16900.0,13.0600004196167
2017-10-02,13.479999542236328,13.149999618530273,13.199999809265137,13.40999984741211,26100.0,13.40999984741211
2017-10-03,13.479999542236328,13.15999984741211,13.40999984741211,13.15999984741211,24500.0,13.15999984741211
2017-10-04,13.380000114440918,13.069999694824219,13.100000381469727,13.1899995803833,18100.0,13.1899995803833
2017-10-05,13.40999984741211,13.140000343322754,13.140000343322754,13.34000015258789,25500.0,13.34000015258789
2017-10-06,13.300000190734863,13.039999961853027,13.289999961853027,13.130000114440918,28800.0,13.130000114440918
2017-10-09,13.100000381469727,13.020000457763672,13.020000457763672,13.050000190734863,16100.0,13.050000190734863
2017-10-10,13.25,13.020000457763672,13.100000381469727,13.239999771118164,17100.0,13.239999771118164
2017-10-11,13.5,13.180000305175781,13.25,13.430000305175781,23200.0,13.430000305175781
2017-10-12,13.390000343322754,13.029999732971191,13.300000190734863,13.029999732971191,27400.0,13.029999732971191
2017-10-13,13.34000015258789,13.0,13.15999984741211,13.34000015258789,9400.0,13.34000015258789
2017-10-16,13.520000457763672,13.210000038146973,13.420000076293945,13.460000038146973,19700.0,13.460000038146973
2017-10-17,13.59000015258789,13.25,13.260000228881836,13.25,27300.0,13.25
2017-10-18,13.739999771118164,13.300000190734863,13.470000267028809,13.699999809265137,45300.0,13.699999809265137
2017-10-19,13.739999771118164,13.460000038146973,13.550000190734863,13.739999771118164,6800.0,13.739999771118164
2017-10-20,13.850000381469727,13.380000114440918,13.8100004196167,13.8100004196167,15500.0,13.8100004196167
2017-10-23,13.800000190734863,13.579999923706055,13.75,13.630000114440918,23900.0,13.630000114440918
2017-10-24,13.649999618530273,13.539999961853027,13.640000343322754,13.550000190734863,9600.0,13.550000190734863
2017-10-25,13.520000457763672,13.359999656677246,13.520000457763672,13.5,12500.0,13.5
2017-10-26,13.569999694824219,13.3100004196167,13.4399995803833,13.430000305175781,15900.0,13.430000305175781
2017-10-27,13.619999885559082,13.300000190734863,13.300000190734863,13.5,30200.0,13.5
2017-10-30,13.279999732971191,13.039999961853027,13.270000457763672,13.100000381469727,33900.0,13.100000381469727
2017-10-31,13.1899995803833,13.0,13.0,13.100000381469727,17900.0,13.100000381469727
2017-11-01,13.239999771118164,13.0,13.1899995803833,13.1899995803833,13900.0,13.1899995803833
2017-11-02,13.449999809265137,13.0600004196167,13.1899995803833,13.430000305175781,25900.0,13.430000305175781
2017-11-03,13.369999885559082,13.020000457763672,13.369999885559082,13.069999694824219,14200.0,13.069999694824219
2017-11-06,13.199999809265137,12.930000305175781,13.0,13.199999809265137,43400.0,13.199999809265137
2017-11-07,13.4399995803833,12.710000038146973,13.199999809265137,12.979999542236328,46000.0,12.979999542236328
2017-11-08,13.210000038146973,12.020000457763672,12.859999656677246,12.229999542236328,111600.0,12.229999542236328
2017-11-09,12.390000343322754,11.510000228881836,12.0,11.520000457763672,222700.0,11.520000457763672
2017-11-10,11.789999961853027,11.319999694824219,11.470000267028809,11.460000038146973,114400.0,11.460000038146973
2017-11-13,11.420000076293945,10.850000381469727,11.420000076293945,10.9399995803833,101500.0,10.9399995803833
2017-11-14,11.300000190734863,10.670000076293945,10.850000381469727,11.239999771118164,40700.0,11.239999771118164
2017-11-15,11.420000076293945,10.890000343322754,11.119999885559082,10.890000343322754,41600.0,10.890000343322754
2017-11-16,11.630000114440918,10.899999618530273,10.899999618530273,11.630000114440918,27000.0,11.630000114440918
2017-11-17,11.819999694824219,11.25,11.40999984741211,11.729999542236328,40800.0,11.729999542236328
2017-11-20,11.75,11.449999809265137,11.75,11.59000015258789,19800.0,11.59000015258789
2017-11-21,11.90999984741211,11.479999542236328,11.569999694824219,11.869999885559082,35200.0,11.869999885559082
2017-11-22,12.180000305175781,11.5,11.75,11.680000305175781,26200.0,11.680000305175781
2017-11-24,12.119999885559082,11.760000228881836,11.760000228881836,12.119999885559082,13800.0,12.119999885559082
2017-11-27,12.069999694824219,11.949999809265137,12.050000190734863,11.960000038146973,23700.0,11.960000038146973
2017-11-28,12.140000343322754,11.84000015258789,11.970000267028809,12.029999732971191,51900.0,12.029999732971191
2017-11-29,12.319999694824219,11.800000190734863,12.039999961853027,12.100000381469727,28800.0,12.100000381469727
2017-11-30,12.350000381469727,11.729999542236328,12.109999656677246,11.739999771118164,58300.0,11.739999771118164
2017-12-01,11.75,10.880000114440918,11.569999694824219,11.319999694824219,33400.0,11.319999694824219
2017-12-04,11.680000305175781,11.0,11.4399995803833,11.350000381469727,27400.0,11.350000381469727
2017-12-05,11.4399995803833,11.020000457763672,11.279999732971191,11.300000190734863,21500.0,11.300000190734863
2017-12-06,11.380000114440918,10.770000457763672,10.899999618530273,11.279999732971191,51200.0,11.279999732971191
2017-12-07,11.350000381469727,11.029999732971191,11.100000381469727,11.279999732971191,18900.0,11.279999732971191
2017-12-08,11.40999984741211,11.0,11.40999984741211,11.069999694824219,18900.0,11.069999694824219
2017-12-11,11.489999771118164,11.010000228881836,11.130000114440918,11.039999961853027,24400.0,11.039999961853027
2017-12-12,11.5,11.0600004196167,11.140000343322754,11.25,24100.0,11.25
2017-12-13,11.479999542236328,11.130000114440918,11.3100004196167,11.289999961853027,25200.0,11.289999961853027
2017-12-14,11.5,11.010000228881836,11.199999809265137,11.100000381469727,27000.0,11.100000381469727
2017-12-15,11.600000381469727,10.899999618530273,11.010000228881836,10.949999809265137,65900.0,10.949999809265137
2017-12-18,10.979999542236328,10.470000267028809,10.899999618530273,10.550000190734863,97400.0,10.550000190734863
2017-12-19,10.539999961853027,10.350000381469727,10.539999961853027,10.399999618530273,85100.0,10.399999618530273
2017-12-20,10.449999809265137,10.0,10.40999984741211,10.029999732971191,90500.0,10.029999732971191
2017-12-21,10.15999984741211,9.979999542236328,10.0,10.0600004196167,136200.0,10.0600004196167
2017-12-22,10.300000190734863,9.979999542236328,10.149999618530273,9.989999771118164,88200.0,9.989999771118164
2017-12-26,10.069999694824219,9.930000305175781,9.930000305175781,10.0,101400.0,10.0
2017-12-27,10.25,9.920000076293945,9.920000076293945,9.989999771118164,75600.0,9.989999771118164
2017-12-28,10.109999656677246,9.949999809265137,9.949999809265137,10.069999694824219,55800.0,10.069999694824219
2017-12-29,10.220000267028809,9.989999771118164,10.100000381469727,10.15999984741211,51000.0,10.15999984741211
2018-01-02,10.699999809265137,10.1899995803833,10.1899995803833,10.420000076293945,36300.0,10.420000076293945
2018-01-03,11.380000114440918,10.470000267028809,10.470000267028809,11.210000038146973,50700.0,11.210000038146973
2018-01-04,11.369999885559082,10.619999885559082,11.170000076293945,11.149999618530273,46900.0,11.149999618530273
2018-01-05,11.119999885559082,10.539999961853027,11.119999885559082,10.59000015258789,24000.0,10.59000015258789
2018-01-08,10.829999923706055,10.329999923706055,10.829999923706055,10.4399995803833,28400.0,10.4399995803833
2018-01-09,10.5,10.149999618530273,10.399999618530273,10.199999809265137,11100.0,10.199999809265137
2018-01-10,10.239999771118164,10.050000190734863,10.180000305175781,10.149999618530273,33600.0,10.149999618530273
2018-01-11,10.640000343322754,10.069999694824219,10.119999885559082,10.5600004196167,31600.0,10.5600004196167
2018-01-12,10.600000381469727,10.260000228881836,10.600000381469727,10.390000343322754,25900.0,10.390000343322754
2018-01-16,10.479999542236328,10.180000305175781,10.390000343322754,10.239999771118164,38300.0,10.239999771118164
2018-01-17,10.270000457763672,10.130000114440918,10.270000457763672,10.25,8300.0,10.25
2018-01-18,10.239999771118164,10.109999656677246,10.170000076293945,10.149999618530273,19400.0,10.149999618530273
2018-01-19,10.329999923706055,10.0600004196167,10.140000343322754,10.329999923706055,32900.0,10.329999923706055
2018-01-22,10.539999961853027,10.270000457763672,10.270000457763672,10.380000114440918,19700.0,10.380000114440918
2018-01-23,10.520000457763672,10.279999732971191,10.300000190734863,10.4399995803833,12100.0,10.4399995803833
2018-01-24,10.4399995803833,10.100000381469727,10.399999618530273,10.109999656677246,26400.0,10.109999656677246
2018-01-25,10.329999923706055,10.0600004196167,10.210000038146973,10.25,16800.0,10.25
2018-01-26,10.25,10.0600004196167,10.25,10.199999809265137,8700.0,10.199999809265137
2018-01-29,10.0600004196167,9.899999618530273,10.0600004196167,9.949999809265137,9400.0,9.949999809265137
2018-01-30,10.1899995803833,9.770000457763672,9.949999809265137,9.859999656677246,33000.0,9.859999656677246
2018-01-31,9.829999923706055,9.029999732971191,9.829999923706055,9.199999809265137,53400.0,9.199999809265137
2018-02-01,9.380000114440918,8.770000457763672,9.140000343322754,8.850000381469727,40500.0,8.850000381469727
2018-02-02,8.8100004196167,8.279999732971191,8.8100004196167,8.5,42300.0,8.5
2018-02-05,8.720000267028809,8.319999694824219,8.460000038146973,8.539999961853027,39500.0,8.539999961853027
2018-02-06,9.40999984741211,8.15999984741211,8.5,8.359999656677246,26700.0,8.359999656677246
2018-02-07,8.40999984741211,8.199999809265137,8.319999694824219,8.3100004196167,13600.0,8.3100004196167
2018-02-08,8.600000381469727,8.029999732971191,8.350000381469727,8.0600004196167,21900.0,8.0600004196167
2018-02-09,8.270000457763672,7.840000152587891,7.96999979019165,8.0,26000.0,8.0
2018-02-12,8.479999542236328,8.0,8.0,8.430000305175781,17000.0,8.430000305175781
2018-02-13,8.489999771118164,8.3100004196167,8.3100004196167,8.4399995803833,9200.0,8.4399995803833
2018-02-14,8.649999618530273,8.300000190734863,8.300000190734863,8.420000076293945,13100.0,8.420000076293945
2018-02-15,8.729999542236328,8.420000076293945,8.550000190734863,8.649999618530273,15500.0,8.649999618530273
2018-02-16,9.0,8.550000190734863,8.550000190734863,8.970000267028809,19800.0,8.970000267028809
2018-02-20,9.039999961853027,8.789999961853027,8.850000381469727,8.789999961853027,20000.0,8.789999961853027
2018-02-21,9.010000228881836,8.819999694824219,8.869999885559082,8.989999771118164,7000.0,8.989999771118164
2018-02-22,8.949999809265137,8.609999656677246,8.920000076293945,8.710000038146973,17800.0,8.710000038146973
2018-02-23,8.930000305175781,8.619999885559082,8.619999885559082,8.930000305175781,6600.0,8.930000305175781
2018-02-26,9.220000267028809,9.0,9.0,9.180000305175781,12700.0,9.180000305175781
2018-02-27,9.25,8.800000190734863,9.170000076293945,8.979999542236328,15100.0,8.979999542236328
2018-02-28,9.109999656677246,8.899999618530273,8.899999618530273,8.899999618530273,17000.0,8.899999618530273
2018-03-01,9.5,8.880000114440918,9.109999656677246,9.430000305175781,17400.0,9.430000305175781
2018-03-02,9.399999618530273,9.25,9.279999732971191,9.399999618530273,9600.0,9.399999618530273
2018-03-05,9.520000457763672,9.039999961853027,9.039999961853027,9.369999885559082,16800.0,9.369999885559082
2018-03-06,9.90999984741211,9.180000305175781,9.4399995803833,9.710000038146973,47400.0,9.710000038146973
2018-03-07,10.4399995803833,8.970000267028809,9.729999542236328,9.800000190734863,42100.0,9.800000190734863
2018-03-08,9.829999923706055,9.1899995803833,9.829999923706055,9.380000114440918,13900.0,9.380000114440918
2018-03-09,9.609999656677246,9.300000190734863,9.510000228881836,9.609999656677246,19000.0,9.609999656677246
2018-03-12,9.729999542236328,9.40999984741211,9.729999542236328,9.600000381469727,15000.0,9.600000381469727
2018-03-13,9.640000343322754,9.329999923706055,9.640000343322754,9.329999923706055,12900.0,9.329999923706055
2018-03-14,9.380000114440918,9.210000038146973,9.380000114440918,9.279999732971191,17200.0,9.279999732971191
2018-03-15,8.550000190734863,7.510000228881836,8.350000381469727,8.220000267028809,151800.0,8.220000267028809
2018-03-16,8.100000381469727,7.940000057220459,8.0600004196167,7.940000057220459,187200.0,7.940000057220459
2018-03-19,7.920000076293945,7.510000228881836,7.909999847412109,7.809999942779541,37700.0,7.809999942779541
2018-03-20,7.960000038146973,7.78000020980835,7.849999904632568,7.78000020980835,74300.0,7.78000020980835
2018-03-21,7.929999828338623,7.519999980926514,7.849999904632568,7.71999979019165,137000.0,7.71999979019165
2018-03-22,7.840000152587891,7.449999809265137,7.75,7.519999980926514,54600.0,7.519999980926514
2018-03-23,7.599999904632568,7.179999828338623,7.510000228881836,7.5,46500.0,7.5
2018-03-26,7.809999942779541,7.460000038146973,7.559999942779541,7.809999942779541,24400.0,7.809999942779541
2018-03-27,7.71999979019165,7.510000228881836,7.710000038146973,7.679999828338623,15000.0,7.679999828338623
2018-03-28,7.789999961853027,7.420000076293945,7.730000019073486,7.489999771118164,37000.0,7.489999771118164
2018-03-29,7.929999828338623,7.480000019073486,7.480000019073486,7.900000095367432,32200.0,7.900000095367432
2018-04-02,8.039999961853027,7.409999847412109,7.829999923706055,7.639999866485596,24400.0,7.639999866485596
2018-04-03,7.960000038146973,7.619999885559082,7.619999885559082,7.659999847412109,29100.0,7.659999847412109
2018-04-04,8.140000343322754,7.679999828338623,7.679999828338623,8.0600004196167,16100.0,8.0600004196167
2018-04-05,8.010000228881836,7.880000114440918,7.949999809265137,7.909999847412109,15100.0,7.909999847412109
2018-04-06,8.020000457763672,7.860000133514404,7.880000114440918,7.889999866485596,8600.0,7.889999866485596
2018-04-09,7.96999979019165,7.800000190734863,7.849999904632568,7.809999942779541,10700.0,7.809999942779541
2018-04-10,8.539999961853027,7.510000228881836,7.550000190734863,8.479999542236328,34000.0,8.479999542236328
2018-04-11,8.770000457763672,8.380000114440918,8.460000038146973,8.699999809265137,12400.0,8.699999809265137
2018-04-12,9.010000228881836,8.5,8.510000228881836,8.90999984741211,24900.0,8.90999984741211
2018-04-13,8.899999618530273,8.710000038146973,8.899999618530273,8.75,20500.0,8.75
2018-04-16,8.84000015258789,8.510000228881836,8.789999961853027,8.609999656677246,11200.0,8.609999656677246
2018-04-17,8.779999732971191,8.119999885559082,8.760000228881836,8.640000343322754,21900.0,8.640000343322754
2018-04-18,8.899999618530273,8.489999771118164,8.489999771118164,8.770000457763672,11000.0,8.770000457763672
2018-04-19,9.0,8.680000305175781,8.680000305175781,8.9399995803833,9900.0,8.9399995803833
2018-04-20,8.880000114440918,8.739999771118164,8.779999732971191,8.739999771118164,10000.0,8.739999771118164
2018-04-23,8.989999771118164,8.649999618530273,8.800000190734863,8.710000038146973,8700.0,8.710000038146973
2018-04-24,8.899999618530273,8.729999542236328,8.8100004196167,8.800000190734863,22800.0,8.800000190734863
2018-04-25,8.800000190734863,8.670000076293945,8.800000190734863,8.720000267028809,11100.0,8.720000267028809
2018-04-26,8.989999771118164,8.779999732971191,8.800000190734863,8.880000114440918,8300.0,8.880000114440918
2018-04-27,8.989999771118164,8.649999618530273,8.970000267028809,8.65999984741211,16700.0,8.65999984741211
2018-04-30,8.800000190734863,8.5,8.779999732971191,8.5600004196167,16300.0,8.5600004196167
2018-05-01,8.829999923706055,8.5,8.550000190734863,8.829999923706055,8900.0,8.829999923706055
2018-05-02,8.960000038146973,8.539999961853027,8.65999984741211,8.9399995803833,10000.0,8.9399995803833
2018-05-03,8.869999885559082,8.539999961853027,8.829999923706055,8.770000457763672,6600.0,8.770000457763672
2018-05-04,8.90999984741211,8.5,8.5,8.770000457763672,10200.0,8.770000457763672
2018-05-07,8.84000015258789,8.539999961853027,8.800000190734863,8.640000343322754,9100.0,8.640000343322754
2018-05-08,8.760000228881836,8.5,8.5,8.520000457763672,13400.0,8.520000457763672
2018-05-09,8.819999694824219,8.5,8.819999694824219,8.630000114440918,9700.0,8.630000114440918
2018-05-10,8.84000015258789,8.59000015258789,8.649999618530273,8.59000015258789,12300.0,8.59000015258789
2018-05-11,8.819999694824219,8.5,8.819999694824219,8.5600004196167,12600.0,8.5600004196167
2018-05-14,8.800000190734863,8.529999732971191,8.529999732971191,8.619999885559082,8500.0,8.619999885559082
2018-05-15,8.720000267028809,8.5,8.600000381469727,8.5,8500.0,8.5
2018-05-16,8.770000457763672,8.600000381469727,8.600000381469727,8.670000076293945,11000.0,8.670000076293945
2018-05-17,8.819999694824219,8.579999923706055,8.609999656677246,8.65999984741211,18700.0,8.65999984741211
2018-05-18,8.800000190734863,8.630000114440918,8.760000228881836,8.729999542236328,16200.0,8.729999542236328
2018-05-21,8.819999694824219,8.6899995803833,8.699999809265137,8.770000457763672,13400.0,8.770000457763672
2018-05-22,8.949999809265137,8.739999771118164,8.75,8.869999885559082,18000.0,8.869999885559082
2018-05-23,9.0,8.859999656677246,8.899999618530273,8.949999809265137,20800.0,8.949999809265137
2018-05-24,9.170000076293945,8.8100004196167,8.859999656677246,9.109999656677246,31700.0,9.109999656677246
2018-05-25,9.199999809265137,8.90999984741211,9.0,9.15999984741211,18500.0,9.15999984741211
2018-05-29,9.270000457763672,9.039999961853027,9.079999923706055,9.1899995803833,14200.0,9.1899995803833
2018-05-30,9.300000190734863,8.800000190734863,9.0,8.850000381469727,54800.0,8.850000381469727
2018-05-31,8.930000305175781,8.510000228881836,8.869999885559082,8.510000228881836,31000.0,8.510000228881836
2018-06-01,8.710000038146973,8.539999961853027,8.600000381469727,8.600000381469727,18700.0,8.600000381469727
2018-06-04,8.930000305175781,8.550000190734863,8.569999694824219,8.739999771118164,10000.0,8.739999771118164
2018-06-05,9.010000228881836,8.729999542236328,8.850000381469727,9.010000228881836,18200.0,9.010000228881836
2018-06-06,9.149999618530273,8.90999984741211,9.0,8.90999984741211,28500.0,8.90999984741211
2018-06-07,9.170000076293945,8.960000038146973,8.989999771118164,9.050000190734863,19200.0,9.050000190734863
2018-06-08,9.170000076293945,8.979999542236328,9.130000114440918,9.09000015258789,10200.0,9.09000015258789
2018-06-11,9.899999618530273,9.109999656677246,9.109999656677246,9.880000114440918,22300.0,9.880000114440918
2018-06-12,10.0600004196167,9.8100004196167,10.0,10.0,26300.0,10.0
2018-06-13,10.0,9.949999809265137,10.0,9.979999542236328,18500.0,9.979999542236328
2018-06-14,10.0,9.640000343322754,9.829999923706055,9.989999771118164,15000.0,9.989999771118164
2018-06-15,10.0,9.649999618530273,9.899999618530273,9.65999984741211,35700.0,9.65999984741211
2018-06-18,9.979999542236328,9.649999618530273,9.770000457763672,9.970000267028809,11200.0,9.970000267028809
2018-06-19,10.0,9.829999923706055,9.949999809265137,9.949999809265137,23600.0,9.949999809265137
2018-06-20,10.039999961853027,9.970000267028809,10.0,10.0,32800.0,10.0
2018-06-21,10.350000381469727,9.989999771118164,10.0,10.329999923706055,27200.0,10.329999923706055
2018-06-22,10.449999809265137,9.800000190734863,10.130000114440918,9.850000381469727,76800.0,9.850000381469727
2018-06-25,9.970000267028809,9.550000190734863,9.899999618530273,9.850000381469727,14100.0,9.850000381469727
2018-06-26,9.930000305175781,9.670000076293945,9.75,9.789999961853027,24500.0,9.789999961853027
2018-06-27,9.949999809265137,9.699999809265137,9.829999923706055,9.779999732971191,10300.0,9.779999732971191
2018-06-28,9.90999984741211,9.539999961853027,9.90999984741211,9.539999961853027,7100.0,9.539999961853027
2018-06-29,9.6899995803833,9.420000076293945,9.550000190734863,9.529999732971191,14500.0,9.529999732971191
2018-07-02,9.699999809265137,9.329999923706055,9.399999618530273,9.65999984741211,11000.0,9.65999984741211
2018-07-03,9.779999732971191,9.130000114440918,9.550000190734863,9.380000114440918,23200.0,9.380000114440918
2018-07-05,9.5600004196167,9.119999885559082,9.5600004196167,9.380000114440918,11900.0,9.380000114440918
2018-07-06,9.59000015258789,9.350000381469727,9.420000076293945,9.460000038146973,8100.0,9.460000038146973
2018-07-09,9.5,9.3100004196167,9.489999771118164,9.350000381469727,12100.0,9.350000381469727
2018-07-10,9.470000267028809,9.180000305175781,9.199999809265137,9.1899995803833,16400.0,9.1899995803833
2018-07-11,9.850000381469727,9.229999542236328,9.25,9.729999542236328,20200.0,9.729999542236328
2018-07-12,10.0,9.65999984741211,10.0,9.729999542236328,15100.0,9.729999542236328
2018-07-13,10.140000343322754,9.710000038146973,9.75,10.0600004196167,28500.0,10.0600004196167
2018-07-16,10.039999961853027,9.770000457763672,9.989999771118164,9.960000038146973,4800.0,9.960000038146973
2018-07-17,10.0,9.710000038146973,9.979999542236328,9.850000381469727,10600.0,9.850000381469727
2018-07-18,9.789999961853027,9.100000381469727,9.789999961853027,9.25,64200.0,9.25
2018-07-19,9.5,9.050000190734863,9.050000190734863,9.079999923706055,16300.0,9.079999923706055
2018-07-20,9.260000228881836,9.050000190734863,9.119999885559082,9.149999618530273,21100.0,9.149999618530273
2018-07-23,9.489999771118164,8.920000076293945,9.109999656677246,9.300000190734863,25200.0,9.300000190734863
2018-07-24,9.1899995803833,8.899999618530273,9.1899995803833,8.979999542236328,5500.0,8.979999542236328
2018-07-25,9.079999923706055,8.550000190734863,9.079999923706055,8.699999809265137,18100.0,8.699999809265137
2018-07-26,8.819999694824219,8.670000076293945,8.8100004196167,8.800000190734863,4800.0,8.800000190734863
2018-07-27,9.239999771118164,8.699999809265137,9.239999771118164,8.699999809265137,4800.0,8.699999809265137
2018-07-30,8.880000114440918,8.59000015258789,8.670000076293945,8.59000015258789,4700.0,8.59000015258789
2018-07-31,8.899999618530273,8.699999809265137,8.890000343322754,8.819999694824219,8200.0,8.819999694824219
2018-08-01,8.899999618530273,8.550000190734863,8.710000038146973,8.5600004196167,3400.0,8.5600004196167
2018-08-02,8.75,8.520000457763672,8.529999732971191,8.680000305175781,7000.0,8.680000305175781
2018-08-03,8.880000114440918,8.329999923706055,8.880000114440918,8.329999923706055,6100.0,8.329999923706055
2018-08-06,8.520000457763672,8.300000190734863,8.479999542236328,8.34000015258789,7700.0,8.34000015258789
2018-08-07,8.489999771118164,7.800000190734863,8.460000038146973,7.900000095367432,17300.0,7.900000095367432
2018-08-08,8.220000267028809,7.650000095367432,7.900000095367432,8.0600004196167,14500.0,8.0600004196167
2018-08-09,8.020000457763672,7.349999904632568,7.800000190734863,7.349999904632568,61500.0,7.349999904632568
2018-08-10,7.559999942779541,7.199999809265137,7.199999809265137,7.480000019073486,9700.0,7.480000019073486
2018-08-13,7.550000190734863,7.400000095367432,7.489999771118164,7.449999809265137,11500.0,7.449999809265137
2018-08-14,7.610000133514404,7.400000095367432,7.610000133514404,7.480000019073486,18700.0,7.480000019073486
2018-08-15,7.559999942779541,7.349999904632568,7.559999942779541,7.369999885559082,10500.0,7.369999885559082
2018-08-16,7.619999885559082,7.380000114440918,7.380000114440918,7.590000152587891,8400.0,7.590000152587891
2018-08-17,7.650000095367432,7.360000133514404,7.360000133514404,7.5,31500.0,7.5
2018-08-20,7.820000171661377,7.400000095367432,7.429999828338623,7.800000190734863,7600.0,7.800000190734863
2018-08-21,7.949999809265137,7.659999847412109,7.670000076293945,7.699999809265137,8600.0,7.699999809265137
2018-08-22,7.849999904632568,7.619999885559082,7.849999904632568,7.650000095367432,5000.0,7.650000095367432
2018-08-23,7.75,7.400000095367432,7.539999961853027,7.46999979019165,24200.0,7.46999979019165
2018-08-24,7.710000038146973,7.349999904632568,7.5,7.489999771118164,38400.0,7.489999771118164
2018-08-27,7.699999809265137,7.449999809265137,7.699999809265137,7.5,51200.0,7.5
2018-08-28,7.599999904632568,7.46999979019165,7.46999979019165,7.46999979019165,17100.0,7.46999979019165
2018-08-29,7.570000171661377,7.5,7.550000190734863,7.5,7200.0,7.5
2018-08-30,7.550000190734863,7.5,7.539999961853027,7.5,6300.0,7.5
2018-08-31,7.550000190734863,7.380000114440918,7.550000190734863,7.480000019073486,15400.0,7.480000019073486
2018-09-04,7.400000095367432,7.239999771118164,7.389999866485596,7.260000228881836,36300.0,7.260000228881836
2018-09-05,7.440000057220459,7.210000038146973,7.210000038146973,7.409999847412109,11300.0,7.409999847412109
2018-09-06,7.590000152587891,7.239999771118164,7.5,7.260000228881836,46900.0,7.260000228881836
2018-09-07,7.199999809265137,6.599999904632568,7.199999809265137,6.869999885559082,49500.0,6.869999885559082
2018-09-10,7.119999885559082,6.690000057220459,6.880000114440918,7.0,38300.0,7.0
2018-09-11,7.199999809265137,6.619999885559082,6.949999809265137,7.039999961853027,34900.0,7.039999961853027
2018-09-12,7.139999866485596,6.800000190734863,6.960000038146973,6.949999809265137,35100.0,6.949999809265137
2018-09-13,7.0,6.699999809265137,7.0,6.699999809265137,46300.0,6.699999809265137
2018-09-14,6.860000133514404,6.650000095367432,6.860000133514404,6.699999809265137,13700.0,6.699999809265137
2018-09-17,7.0,6.659999847412109,6.659999847412109,6.809999942779541,12800.0,6.809999942779541
2018-09-18,6.860000133514404,6.599999904632568,6.860000133514404,6.599999904632568,48700.0,6.599999904632568
2018-09-19,6.670000076293945,6.599999904632568,6.639999866485596,6.619999885559082,22700.0,6.619999885559082
2018-09-20,6.730000019073486,6.579999923706055,6.610000133514404,6.639999866485596,19800.0,6.639999866485596
2018-09-21,7.619999885559082,6.599999904632568,6.599999904632568,7.619999885559082,97300.0,7.619999885559082
2018-09-24,7.610000133514404,7.230000019073486,7.53000020980835,7.349999904632568,20400.0,7.349999904632568
2018-09-25,7.550000190734863,7.349999904632568,7.480000019073486,7.480000019073486,15500.0,7.480000019073486
2018-09-26,7.78000020980835,7.199999809265137,7.389999866485596,7.5,172100.0,7.5
2018-09-27,7.820000171661377,7.199999809265137,7.400000095367432,7.460000038146973,148100.0,7.460000038146973
2018-09-28,7.699999809265137,7.340000152587891,7.489999771118164,7.489999771118164,59400.0,7.489999771118164
2018-10-01,7.539999961853027,7.360000133514404,7.360000133514404,7.389999866485596,3700.0,7.389999866485596
2018-10-02,7.489999771118164,7.159999847412109,7.349999904632568,7.199999809265137,13400.0,7.199999809265137
2018-10-03,7.429999828338623,7.199999809265137,7.360000133514404,7.400000095367432,30800.0,7.400000095367432
2018-10-04,7.5,7.269999980926514,7.329999923706055,7.309999942779541,34100.0,7.309999942779541
2018-10-05,7.489999771118164,7.199999809265137,7.210000038146973,7.199999809265137,28800.0,7.199999809265137
2018-10-08,7.400000095367432,7.199999809265137,7.25,7.199999809265137,11000.0,7.199999809265137
2018-10-09,7.449999809265137,6.96999979019165,7.25,7.0,51500.0,7.0
2018-10-10,7.150000095367432,6.679999828338623,7.130000114440918,6.679999828338623,23800.0,6.679999828338623
2018-10-11,6.869999885559082,6.5,6.630000114440918,6.5,30000.0,6.5
2018-10-12,6.78000020980835,6.309999942779541,6.5,6.329999923706055,32900.0,6.329999923706055
2018-10-15,6.570000171661377,6.449999809265137,6.510000228881836,6.559999942779541,7400.0,6.559999942779541
2018-10-16,6.880000114440918,6.28000020980835,6.579999923706055,6.869999885559082,16700.0,6.869999885559082
2018-10-17,6.869999885559082,6.389999866485596,6.75,6.659999847412109,11900.0,6.659999847412109
2018-10-18,6.880000114440918,6.46999979019165,6.789999961853027,6.730000019073486,30100.0,6.730000019073486
2018-10-19,6.829999923706055,6.300000190734863,6.710000038146973,6.300000190734863,23400.0,6.300000190734863
2018-10-22,6.539999961853027,6.170000076293945,6.420000076293945,6.199999809265137,30400.0,6.199999809265137
2018-10-23,6.460000038146973,5.670000076293945,6.199999809265137,5.670000076293945,36500.0,5.670000076293945
2018-10-24,5.829999923706055,5.550000190734863,5.550000190734863,5.550000190734863,56100.0,5.550000190734863
2018-10-25,5.730000019073486,5.53000020980835,5.550000190734863,5.579999923706055,25600.0,5.579999923706055
2018-10-26,5.539999961853027,5.230000019073486,5.510000228881836,5.230000019073486,11700.0,5.230000019073486
2018-10-29,5.269999980926514,5.110000133514404,5.130000114440918,5.230000019073486,19300.0,5.230000019073486
2018-10-30,5.320000171661377,5.130000114440918,5.179999828338623,5.199999809265137,16400.0,5.199999809265137
2018-10-31,5.230000019073486,5.130000114440918,5.21999979019165,5.190000057220459,13800.0,5.190000057220459
2018-11-01,5.400000095367432,5.139999866485596,5.199999809265137,5.190000057220459,19500.0,5.190000057220459
2018-11-02,5.489999771118164,5.110000133514404,5.230000019073486,5.110000133514404,13500.0,5.110000133514404
2018-11-05,5.329999923706055,5.070000171661377,5.099999904632568,5.119999885559082,12700.0,5.119999885559082
2018-11-06,5.28000020980835,5.159999847412109,5.170000076293945,5.179999828338623,11900.0,5.179999828338623
2018-11-07,5.269999980926514,5.099999904632568,5.269999980926514,5.21999979019165,17300.0,5.21999979019165
2018-11-08,5.489999771118164,3.950000047683716,5.050000190734863,4.289999961853027,30700.0,4.289999961853027
2018-11-09,4.429999828338623,3.799999952316284,3.799999952316284,4.349999904632568,67200.0,4.349999904632568
2018-11-12,4.630000114440918,4.260000228881836,4.309999942779541,4.519999980926514,80100.0,4.519999980926514
2018-11-13,5.050000190734863,4.510000228881836,4.659999847412109,4.539999961853027,47700.0,4.539999961853027
2018-11-14,4.800000190734863,4.46999979019165,4.800000190734863,4.46999979019165,17800.0,4.46999979019165
2018-11-15,4.599999904632568,4.25,4.510000228881836,4.5,32600.0,4.5
2018-11-16,4.519999980926514,4.300000190734863,4.409999847412109,4.389999866485596,27800.0,4.389999866485596
2018-11-19,4.400000095367432,4.25,4.360000133514404,4.260000228881836,29400.0,4.260000228881836
2018-11-20,4.28000020980835,4.03000020980835,4.25,4.039999961853027,16500.0,4.039999961853027
2018-11-21,4.300000190734863,3.809999942779541,3.809999942779541,4.289999961853027,23100.0,4.289999961853027
2018-11-23,4.329999923706055,4.21999979019165,4.28000020980835,4.329999923706055,3000.0,4.329999923706055
2018-11-26,4.300000190734863,3.9100000858306885,4.110000133514404,4.199999809265137,30000.0,4.199999809265137
2018-11-27,4.179999828338623,3.9200000762939453,4.039999961853027,4.179999828338623,37500.0,4.179999828338623
2018-11-28,4.199999809265137,3.9600000381469727,4.199999809265137,3.9700000286102295,26700.0,3.9700000286102295
2018-11-29,3.9800000190734863,3.880000114440918,3.9600000381469727,3.9800000190734863,35300.0,3.9800000190734863
2018-11-30,3.9800000190734863,3.8499999046325684,3.940000057220459,3.8499999046325684,34100.0,3.8499999046325684
2018-12-03,3.869999885559082,3.740000009536743,3.869999885559082,3.869999885559082,32500.0,3.869999885559082
2018-12-04,3.869999885559082,3.5399999618530273,3.799999952316284,3.630000114440918,41100.0,3.630000114440918
2018-12-06,3.6600000858306885,3.569999933242798,3.619999885559082,3.569999933242798,27000.0,3.569999933242798
2018-12-07,3.869999885559082,3.5999999046325684,3.609999895095825,3.640000104904175,16800.0,3.640000104904175
2018-12-10,3.6700000762939453,3.5,3.640000104904175,3.5299999713897705,27500.0,3.5299999713897705
2018-12-11,3.6500000953674316,3.490000009536743,3.6500000953674316,3.490000009536743,38300.0,3.490000009536743
2018-12-12,3.640000104904175,3.490000009536743,3.640000104904175,3.569999933242798,21100.0,3.569999933242798
2018-12-13,3.609999895095825,3.440000057220459,3.5399999618530273,3.5399999618530273,99800.0,3.5399999618530273
2018-12-14,3.559999942779541,3.4100000858306885,3.509999990463257,3.5,68700.0,3.5
2018-12-17,3.700000047683716,3.430000066757202,3.5,3.5999999046325684,42400.0,3.5999999046325684
2018-12-18,3.7799999713897705,3.630000114440918,3.700000047683716,3.7100000381469727,19500.0,3.7100000381469727
2018-12-19,3.9000000953674316,3.75,3.7699999809265137,3.819999933242798,27500.0,3.819999933242798
2018-12-20,3.8499999046325684,3.7300000190734863,3.740000009536743,3.7699999809265137,39300.0,3.7699999809265137
2018-12-21,4.039999961853027,3.6700000762939453,3.7699999809265137,3.740000009536743,160400.0,3.740000009536743
2018-12-24,3.7200000286102295,3.299999952316284,3.7200000286102295,3.4200000762939453,131800.0,3.4200000762939453
2018-12-26,3.5999999046325684,3.049999952316284,3.5,3.049999952316284,163200.0,3.049999952316284
2018-12-27,3.5,2.930000066757202,3.049999952316284,3.5,101400.0,3.5
2018-12-28,3.5,3.0999999046325684,3.4100000858306885,3.4700000286102295,106000.0,3.4700000286102295
2018-12-31,3.869999885559082,3.299999952316284,3.5,3.7799999713897705,102700.0,3.7799999713897705
2019-01-02,3.680000066757202,3.4800000190734863,3.680000066757202,3.640000104904175,19100.0,3.640000104904175
2019-01-03,3.619999885559082,3.369999885559082,3.569999933242798,3.5,24100.0,3.5
2019-01-04,3.9000000953674316,3.319999933242798,3.319999933242798,3.859999895095825,17800.0,3.859999895095825
2019-01-07,4.110000133514404,3.7300000190734863,3.75,4.079999923706055,13400.0,4.079999923706055
2019-01-08,4.489999771118164,4.03000020980835,4.239999771118164,4.300000190734863,25300.0,4.300000190734863
2019-01-09,4.949999809265137,4.380000114440918,4.380000114440918,4.78000020980835,36200.0,4.78000020980835
2019-01-10,4.980000019073486,4.519999980926514,4.980000019073486,4.739999771118164,24300.0,4.739999771118164
2019-01-11,4.760000228881836,4.429999828338623,4.690000057220459,4.579999923706055,8600.0,4.579999923706055
2019-01-14,4.610000133514404,4.400000095367432,4.559999942779541,4.480000019073486,11900.0,4.480000019073486
2019-01-15,4.679999828338623,4.159999847412109,4.429999828338623,4.25,20600.0,4.25
2019-01-16,4.349999904632568,4.159999847412109,4.159999847412109,4.329999923706055,5300.0,4.329999923706055
2019-01-17,4.760000228881836,4.190000057220459,4.760000228881836,4.230000019073486,5700.0,4.230000019073486
2019-01-18,4.269999980926514,4.039999961853027,4.230000019073486,4.050000190734863,13800.0,4.050000190734863
2019-01-22,4.329999923706055,4.079999923706055,4.099999904632568,4.150000095367432,9400.0,4.150000095367432
2019-01-23,4.300000190734863,3.950000047683716,4.099999904632568,4.039999961853027,7400.0,4.039999961853027
2019-01-24,4.389999866485596,4.110000133514404,4.380000114440918,4.199999809265137,5500.0,4.199999809265137
2019-01-25,4.340000152587891,4.090000152587891,4.130000114440918,4.199999809265137,13600.0,4.199999809265137
2019-01-28,4.369999885559082,4.150000095367432,4.150000095367432,4.260000228881836,12300.0,4.260000228881836
2019-01-29,4.050000190734863,3.5199999809265137,3.9100000858306885,3.5199999809265137,29800.0,3.5199999809265137
2019-01-30,3.759999990463257,3.5299999713897705,3.559999942779541,3.609999895095825,36100.0,3.609999895095825
2019-01-31,3.5799999237060547,3.200000047683716,3.5799999237060547,3.509999990463257,25200.0,3.509999990463257
2019-02-01,3.6500000953674316,3.180000066757202,3.180000066757202,3.5899999141693115,7700.0,3.5899999141693115
2019-02-04,4.059999942779541,3.569999933242798,3.569999933242798,4.0,21500.0,4.0
2019-02-05,4.059999942779541,3.759999990463257,3.950000047683716,3.9100000858306885,35700.0,3.9100000858306885
2019-02-06,3.9800000190734863,3.549999952316284,3.7100000381469727,3.9800000190734863,13100.0,3.9800000190734863
2019-02-07,3.940000057220459,3.7699999809265137,3.8299999237060547,3.8499999046325684,11800.0,3.8499999046325684
2019-02-08,4.03000020980835,3.8499999046325684,3.9200000762939453,3.9000000953674316,8000.0,3.9000000953674316
2019-02-11,3.990000009536743,3.690000057220459,3.9000000953674316,3.7799999713897705,14600.0,3.7799999713897705
2019-02-12,3.930000066757202,3.6500000953674316,3.6700000762939453,3.930000066757202,13800.0,3.930000066757202
2019-02-13,4.190000057220459,3.9600000381469727,4.019999980926514,3.990000009536743,6300.0,3.990000009536743
2019-02-14,4.050000190734863,3.890000104904175,3.9800000190734863,4.010000228881836,12500.0,4.010000228881836
2019-02-15,4.099999904632568,3.950000047683716,4.03000020980835,4.0,16500.0,4.0
2019-02-19,4.130000114440918,3.940000057220459,3.990000009536743,4.050000190734863,10400.0,4.050000190734863
2019-02-20,4.090000152587891,4.0,4.03000020980835,4.0,14300.0,4.0
2019-02-21,4.159999847412109,3.75,4.159999847412109,3.75,8400.0,3.75
2019-02-22,3.869999885559082,3.690000057220459,3.75,3.740000009536743,8400.0,3.740000009536743
2019-02-25,3.9100000858306885,3.6500000953674316,3.819999933242798,3.6500000953674316,12500.0,3.6500000953674316
2019-02-26,3.819999933242798,3.7200000286102295,3.7200000286102295,3.75,9100.0,3.75
2019-02-27,3.930000066757202,3.799999952316284,3.799999952316284,3.880000114440918,15600.0,3.880000114440918
2019-02-28,4.050000190734863,3.740000009536743,3.9200000762939453,4.0,18500.0,4.0
2019-03-01,4.210000038146973,4.0,4.0,4.210000038146973,6500.0,4.210000038146973
2019-03-04,4.25,4.039999961853027,4.25,4.090000152587891,6300.0,4.090000152587891
2019-03-05,4.159999847412109,3.9000000953674316,4.059999942779541,4.010000228881836,10500.0,4.010000228881836
2019-03-06,4.25,3.880000114440918,4.210000038146973,3.9000000953674316,9400.0,3.9000000953674316
2019-03-07,4.230000019073486,3.9000000953674316,3.9200000762939453,3.9000000953674316,8000.0,3.9000000953674316
2019-03-08,4.019999980926514,3.859999895095825,3.9000000953674316,3.9000000953674316,9400.0,3.9000000953674316
2019-03-11,4.059999942779541,3.8499999046325684,3.950000047683716,4.010000228881836,8300.0,4.010000228881836
2019-03-12,4.199999809265137,3.930000066757202,4.010000228881836,4.179999828338623,8200.0,4.179999828338623
2019-03-13,4.309999942779541,4.070000171661377,4.309999942779541,4.110000133514404,19700.0,4.110000133514404
2019-03-14,4.25,4.039999961853027,4.099999904632568,4.119999885559082,9300.0,4.119999885559082
2019-03-15,4.139999866485596,3.8499999046325684,4.03000020980835,3.9700000286102295,44600.0,3.9700000286102295
2019-03-18,3.9600000381469727,3.869999885559082,3.940000057220459,3.869999885559082,103800.0,3.869999885559082
2019-03-19,3.9200000762939453,3.700000047683716,3.890000104904175,3.700000047683716,12200.0,3.700000047683716
2019-03-20,3.7899999618530273,3.5,3.7799999713897705,3.549999952316284,14800.0,3.549999952316284
2019-03-21,3.6500000953674316,3.5,3.549999952316284,3.5,13500.0,3.5
2019-03-22,3.740000009536743,3.369999885559082,3.509999990463257,3.609999895095825,31400.0,3.609999895095825
2019-03-25,3.759999990463257,3.630000114440918,3.640000104904175,3.759999990463257,9600.0,3.759999990463257
2019-03-26,3.8399999141693115,3.6700000762939453,3.680000066757202,3.8399999141693115,17300.0,3.8399999141693115
2019-03-27,4.059999942779541,3.819999933242798,3.9200000762939453,4.059999942779541,13900.0,4.059999942779541
2019-03-28,4.079999923706055,3.9100000858306885,4.03000020980835,3.950000047683716,13100.0,3.950000047683716
2019-03-29,4.059999942779541,3.9000000953674316,4.059999942779541,3.9200000762939453,6900.0,3.9200000762939453
2019-04-01,3.950000047683716,3.869999885559082,3.950000047683716,3.880000114440918,15200.0,3.880000114440918
2019-04-02,3.9000000953674316,3.809999942779541,3.819999933242798,3.819999933242798,29800.0,3.819999933242798
2019-04-03,4.099999904632568,3.869999885559082,3.9100000858306885,4.090000152587891,7000.0,4.090000152587891
2019-04-04,4.099999904632568,3.9700000286102295,3.990000009536743,4.079999923706055,4200.0,4.079999923706055
2019-04-05,4.340000152587891,4.090000152587891,4.199999809265137,4.28000020980835,10000.0,4.28000020980835
2019-04-08,4.71999979019165,4.190000057220459,4.21999979019165,4.71999979019165,12000.0,4.71999979019165
2019-04-09,4.820000171661377,4.53000020980835,4.710000038146973,4.53000020980835,27600.0,4.53000020980835
2019-04-10,4.610000133514404,4.300000190734863,4.550000190734863,4.340000152587891,10800.0,4.340000152587891
2019-04-11,4.429999828338623,4.260000228881836,4.309999942779541,4.320000171661377,6300.0,4.320000171661377
2019-04-12,4.480000019073486,4.260000228881836,4.349999904632568,4.340000152587891,24000.0,4.340000152587891
2019-04-15,4.460000038146973,4.099999904632568,4.449999809265137,4.099999904632568,15100.0,4.099999904632568
2019-04-16,4.150000095367432,3.990000009536743,4.139999866485596,4.070000171661377,7800.0,4.070000171661377
2019-04-17,4.070000171661377,3.950000047683716,4.010000228881836,3.950000047683716,11800.0,3.950000047683716
2019-04-18,4.010000228881836,3.8499999046325684,3.9100000858306885,3.8499999046325684,22600.0,3.8499999046325684
2019-04-22,4.03000020980835,3.880000114440918,4.03000020980835,3.880000114440918,20400.0,3.880000114440918
2019-04-23,3.9800000190734863,3.7899999618530273,3.930000066757202,3.8299999237060547,16300.0,3.8299999237060547
2019-04-24,3.8399999141693115,3.7300000190734863,3.759999990463257,3.7300000190734863,14400.0,3.7300000190734863
2019-04-25,3.799999952316284,3.700000047683716,3.740000009536743,3.75,9000.0,3.75
2019-04-26,3.630000114440918,3.380000114440918,3.380000114440918,3.5899999141693115,7500.0,3.5899999141693115
2019-04-29,3.7699999809265137,3.5999999046325684,3.7699999809265137,3.7100000381469727,16400.0,3.7100000381469727
2019-04-30,3.759999990463257,3.4000000953674316,3.759999990463257,3.440000057220459,25800.0,3.440000057220459
2019-05-01,3.5,3.3499999046325684,3.4200000762939453,3.380000114440918,18500.0,3.380000114440918
2019-05-02,3.549999952316284,3.359999895095825,3.369999885559082,3.5,10800.0,3.5
2019-05-03,3.6500000953674316,3.5,3.509999990463257,3.6500000953674316,8600.0,3.6500000953674316
2019-05-06,3.619999885559082,3.4100000858306885,3.619999885559082,3.5199999809265137,12600.0,3.5199999809265137
2019-05-07,3.640000104904175,3.5,3.640000104904175,3.5,7800.0,3.5
2019-05-08,3.5,3.3399999141693115,3.490000009536743,3.359999895095825,24500.0,3.359999895095825
2019-05-09,3.5899999141693115,3.359999895095825,3.359999895095825,3.380000114440918,7100.0,3.380000114440918
2019-05-10,3.740000009536743,3.049999952316284,3.5799999237060547,3.140000104904175,30100.0,3.140000104904175
2019-05-13,3.4000000953674316,3.0,3.309999942779541,3.0,21400.0,3.0
2019-05-14,3.259999990463257,3.009999990463257,3.259999990463257,3.059999942779541,24800.0,3.059999942779541
2019-05-15,3.200000047683716,3.049999952316284,3.200000047683716,3.0799999237060547,13200.0,3.0799999237060547
2019-05-16,3.0799999237060547,3.0199999809265137,3.069999933242798,3.0199999809265137,29200.0,3.0199999809265137
2019-05-17,3.309999942779541,2.930000066757202,3.0199999809265137,3.200000047683716,38400.0,3.200000047683716
2019-05-20,3.2699999809265137,3.049999952316284,3.119999885559082,3.259999990463257,27600.0,3.259999990463257
2019-05-21,3.259999990463257,3.130000114440918,3.130000114440918,3.2100000381469727,14100.0,3.2100000381469727
2019-05-22,3.2100000381469727,3.0999999046325684,3.1700000762939453,3.180000066757202,30500.0,3.180000066757202
2019-05-23,3.190000057220459,2.9000000953674316,3.180000066757202,2.9100000858306885,38800.0,2.9100000858306885
2019-05-24,3.059999942779541,2.950000047683716,2.950000047683716,2.990000009536743,12900.0,2.990000009536743
2019-05-28,3.0899999141693115,2.9600000381469727,2.9600000381469727,3.0,7600.0,3.0
2019-05-29,3.069999933242798,2.940000057220459,3.0,3.0,14800.0,3.0
2019-05-30,3.0999999046325684,2.9800000190734863,2.9800000190734863,2.990000009536743,23200.0,2.990000009536743
2019-05-31,3.049999952316284,2.8499999046325684,2.9600000381469727,2.9200000762939453,27900.0,2.9200000762939453
2019-06-03,3.0999999046325684,2.9200000762939453,2.9200000762939453,2.9800000190734863,19800.0,2.9800000190734863
2019-06-04,3.1700000762939453,2.9800000190734863,2.9800000190734863,3.0899999141693115,26200.0,3.0899999141693115
2019-06-05,3.490000009536743,3.0999999046325684,3.0999999046325684,3.3499999046325684,30400.0,3.3499999046325684
2019-06-06,3.390000104904175,3.0299999713897705,3.390000104904175,3.0299999713897705,33100.0,3.0299999713897705
2019-06-07,3.4100000858306885,3.049999952316284,3.049999952316284,3.109999895095825,27800.0,3.109999895095825
2019-06-10,3.2899999618530273,2.809999942779541,3.0999999046325684,2.869999885559082,88600.0,2.869999885559082
2019-06-11,3.180000066757202,2.8299999237060547,2.9100000858306885,3.180000066757202,58700.0,3.180000066757202
2019-06-12,3.299999952316284,2.950000047683716,3.299999952316284,3.0,41200.0,3.0
2019-06-13,3.4100000858306885,3.0299999713897705,3.049999952316284,3.3399999141693115,47000.0,3.3399999141693115
2019-06-14,3.4200000762939453,3.119999885559082,3.4200000762939453,3.2699999809265137,24000.0,3.2699999809265137
2019-06-17,3.259999990463257,3.009999990463257,3.0399999618530273,3.130000114440918,40200.0,3.130000114440918
2019-06-18,3.2799999713897705,3.0799999237060547,3.119999885559082,3.190000057220459,23200.0,3.190000057220459
2019-06-19,3.440000057220459,3.059999942779541,3.0899999141693115,3.4000000953674316,59000.0,3.4000000953674316
2019-06-20,3.4000000953674316,3.2200000286102295,3.3299999237060547,3.309999942779541,29900.0,3.309999942779541
2019-06-21,3.309999942779541,3.0999999046325684,3.2200000286102295,3.130000114440918,42800.0,3.130000114440918
2019-06-24,3.5999999046325684,3.0899999141693115,3.0899999141693115,3.4000000953674316,47700.0,3.4000000953674316
2019-06-25,3.4700000286102295,3.200000047683716,3.369999885559082,3.200000047683716,50500.0,3.200000047683716
2019-06-26,3.490000009536743,3.069999933242798,3.4800000190734863,3.069999933242798,56300.0,3.069999933242798
2019-06-27,3.4000000953674316,3.049999952316284,3.2100000381469727,3.1600000858306885,50200.0,3.1600000858306885
2019-06-28,3.309999942779541,3.069999933242798,3.200000047683716,3.0999999046325684,937000.0,3.0999999046325684
2019-07-01,3.3499999046325684,3.1500000953674316,3.3299999237060547,3.2899999618530273,35600.0,3.2899999618530273
2019-07-02,3.4600000381469727,3.0799999237060547,3.259999990463257,3.0799999237060547,39500.0,3.0799999237060547
2019-07-03,3.3299999237060547,3.119999885559082,3.180000066757202,3.130000114440918,27000.0,3.130000114440918
2019-07-05,3.25,3.0299999713897705,3.059999942779541,3.0299999713897705,50800.0,3.0299999713897705
2019-07-08,3.3499999046325684,3.0199999809265137,3.0199999809265137,3.2100000381469727,36200.0,3.2100000381469727
2019-07-09,3.319999933242798,3.049999952316284,3.2200000286102295,3.130000114440918,25300.0,3.130000114440918
2019-07-10,3.25,3.049999952316284,3.109999895095825,3.0999999046325684,21900.0,3.0999999046325684
2019-07-11,3.240000009536743,3.0999999046325684,3.240000009536743,3.130000114440918,12500.0,3.130000114440918
2019-07-12,3.2899999618530273,3.0999999046325684,3.2100000381469727,3.109999895095825,18000.0,3.109999895095825
2019-07-15,3.1500000953674316,3.119999885559082,3.1500000953674316,3.119999885559082,8600.0,3.119999885559082
2019-07-16,3.240000009536743,3.109999895095825,3.109999895095825,3.2100000381469727,17900.0,3.2100000381469727
2019-07-17,3.140000104904175,3.0999999046325684,3.109999895095825,3.0999999046325684,3600.0,3.0999999046325684
2019-07-18,3.180000066757202,3.049999952316284,3.049999952316284,3.0999999046325684,22700.0,3.0999999046325684
2019-07-19,3.180000066757202,3.130000114440918,3.140000104904175,3.1700000762939453,1300.0,3.1700000762939453
2019-07-22,3.130000114440918,3.0299999713897705,3.0999999046325684,3.049999952316284,15900.0,3.049999952316284
2019-07-23,3.240000009536743,3.0299999713897705,3.0299999713897705,3.190000057220459,13200.0,3.190000057220459
2019-07-24,3.2899999618530273,3.1600000858306885,3.2899999618530273,3.200000047683716,7200.0,3.200000047683716
2019-07-25,3.3399999141693115,3.1600000858306885,3.299999952316284,3.2799999713897705,8800.0,3.2799999713897705
2019-07-26,3.4000000953674316,3.240000009536743,3.299999952316284,3.299999952316284,25400.0,3.299999952316284
2019-07-29,3.859999895095825,3.380000114440918,3.4000000953674316,3.7200000286102295,31200.0,3.7200000286102295
2019-07-30,4.5,3.880000114440918,3.9000000953674316,4.489999771118164,28200.0,4.489999771118164
2019-07-31,4.670000076293945,4.320000171661377,4.460000038146973,4.369999885559082,31400.0,4.369999885559082
2019-08-01,5.309999942779541,4.260000228881836,4.349999904632568,5.25,44100.0,5.25
2019-08-02,6.019999980926514,4.900000095367432,5.929999828338623,5.199999809265137,52500.0,5.199999809265137
2019-08-05,5.320000171661377,5.070000171661377,5.110000133514404,5.25,13500.0,5.25
2019-08-06,5.550000190734863,4.579999923706055,5.550000190734863,4.760000228881836,48000.0,4.760000228881836
2019-08-07,4.840000152587891,4.579999923706055,4.840000152587891,4.710000038146973,13300.0,4.710000038146973
2019-08-08,4.78000020980835,4.320000171661377,4.619999885559082,4.449999809265137,27600.0,4.449999809265137
2019-08-09,5.800000190734863,3.9200000762939453,4.210000038146973,5.369999885559082,123400.0,5.369999885559082
2019-08-12,5.610000133514404,5.25,5.400000095367432,5.400000095367432,39800.0,5.400000095367432
2019-08-13,5.619999885559082,4.909999847412109,5.389999866485596,5.03000020980835,21800.0,5.03000020980835
2019-08-14,5.949999809265137,4.769999980926514,5.039999961853027,5.710000038146973,134600.0,5.710000038146973
2019-08-15,5.820000171661377,5.179999828338623,5.179999828338623,5.590000152587891,63300.0,5.590000152587891
2019-08-16,5.739999771118164,5.5,5.679999828338623,5.699999809265137,13200.0,5.699999809265137
2019-08-19,6.059999942779541,5.429999828338623,5.690000057220459,5.579999923706055,98700.0,5.579999923706055
2019-08-20,6.429999828338623,5.610000133514404,5.610000133514404,6.239999771118164,92800.0,6.239999771118164
2019-08-21,6.739999771118164,6.099999904632568,6.260000228881836,6.489999771118164,72100.0,6.489999771118164
2019-08-22,6.5,6.050000190734863,6.400000095367432,6.21999979019165,54500.0,6.21999979019165
2019-08-23,6.400000095367432,6.059999942779541,6.199999809265137,6.159999847412109,44000.0,6.159999847412109
2019-08-26,6.360000133514404,6.110000133514404,6.210000038146973,6.289999961853027,8800.0,6.289999961853027
2019-08-27,6.25,5.739999771118164,6.25,6.03000020980835,38300.0,6.03000020980835
2019-08-28,6.269999980926514,5.340000152587891,5.949999809265137,5.599999904632568,62600.0,5.599999904632568
2019-08-29,5.989999771118164,5.610000133514404,5.610000133514404,5.860000133514404,19100.0,5.860000133514404
2019-08-30,6.5,5.909999847412109,5.929999828338623,6.400000095367432,149800.0,6.400000095367432
2019-09-03,6.690000057220459,6.230000019073486,6.5,6.590000152587891,56200.0,6.590000152587891
2019-09-04,7.079999923706055,6.400000095367432,6.690000057220459,6.980000019073486,60800.0,6.980000019073486
2019-09-05,7.059999942779541,6.690000057220459,6.920000076293945,6.96999979019165,50800.0,6.96999979019165
2019-09-06,7.079999923706055,6.809999942779541,6.809999942779541,7.039999961853027,18000.0,7.039999961853027
2019-09-09,7.190000057220459,6.699999809265137,6.909999847412109,6.920000076293945,56500.0,6.920000076293945
2019-09-10,7.190000057220459,6.53000020980835,7.0,7.179999828338623,45300.0,7.179999828338623
2019-09-11,7.360000133514404,7.050000190734863,7.25,7.210000038146973,64700.0,7.210000038146973
2019-09-12,7.309999942779541,6.829999923706055,7.309999942779541,6.920000076293945,24500.0,6.920000076293945
2019-09-13,6.980000019073486,6.46999979019165,6.949999809265137,6.829999923706055,53800.0,6.829999923706055
2019-09-16,7.0,6.550000190734863,6.789999961853027,6.800000190734863,21500.0,6.800000190734863
2019-09-17,6.849999904632568,6.300000190734863,6.760000228881836,6.769999980926514,43700.0,6.769999980926514
2019-09-18,6.760000228881836,6.320000171661377,6.699999809265137,6.699999809265137,44700.0,6.699999809265137
2019-09-19,6.730000019073486,6.309999942779541,6.639999866485596,6.679999828338623,75100.0,6.679999828338623
2019-09-20,6.760000228881836,6.21999979019165,6.510000228881836,6.739999771118164,60600.0,6.739999771118164
2019-09-23,7.400000095367432,6.489999771118164,6.599999904632568,7.340000152587891,61800.0,7.340000152587891
2019-09-24,7.630000114440918,7.320000171661377,7.440000057220459,7.510000228881836,43300.0,7.510000228881836
2019-09-25,7.75,7.260000228881836,7.519999980926514,7.639999866485596,41000.0,7.639999866485596
2019-09-26,7.769999980926514,7.360000133514404,7.71999979019165,7.739999771118164,27000.0,7.739999771118164
2019-09-27,7.730000019073486,7.199999809265137,7.650000095367432,7.610000133514404,45500.0,7.610000133514404
2019-09-30,7.889999866485596,7.5,7.5,7.869999885559082,20100.0,7.869999885559082
2019-10-01,7.889999866485596,7.349999904632568,7.889999866485596,7.360000133514404,18000.0,7.360000133514404
2019-10-02,8.0,7.320000171661377,7.320000171661377,7.900000095367432,43600.0,7.900000095367432
2019-10-03,8.0,7.5,7.909999847412109,7.880000114440918,35000.0,7.880000114440918
2019-10-04,8.0,7.809999942779541,7.809999942779541,7.949999809265137,3100.0,7.949999809265137
2019-10-07,8.0,7.599999904632568,8.0,7.75,13700.0,7.75
2019-10-08,8.0,7.639999866485596,7.75,7.889999866485596,23600.0,7.889999866485596
2019-10-09,8.0,7.710000038146973,7.889999866485596,7.769999980926514,11800.0,7.769999980926514
2019-10-10,8.0,7.699999809265137,7.760000228881836,7.760000228881836,35000.0,7.760000228881836
2019-10-11,7.989999771118164,7.699999809265137,7.900000095367432,7.699999809265137,9700.0,7.699999809265137
2019-10-14,7.920000076293945,7.760000228881836,7.829999923706055,7.760000228881836,10600.0,7.760000228881836
2019-10-15,8.0,7.840000152587891,7.900000095367432,7.840000152587891,17800.0,7.840000152587891
2019-10-16,8.0,7.789999961853027,8.0,7.829999923706055,23600.0,7.829999923706055
2019-10-17,7.920000076293945,7.5,7.920000076293945,7.570000171661377,28400.0,7.570000171661377
2019-10-18,7.75,7.389999866485596,7.710000038146973,7.730000019073486,17000.0,7.730000019073486
2019-10-21,7.75,7.420000076293945,7.599999904632568,7.510000228881836,24400.0,7.510000228881836
2019-10-22,7.679999828338623,7.309999942779541,7.309999942779541,7.409999847412109,12700.0,7.409999847412109
2019-10-23,7.71999979019165,7.389999866485596,7.510000228881836,7.400000095367432,15800.0,7.400000095367432
2019-10-24,7.679999828338623,7.389999866485596,7.539999961853027,7.679999828338623,11400.0,7.679999828338623
2019-10-25,7.980000019073486,7.659999847412109,7.699999809265137,7.789999961853027,19100.0,7.789999961853027
2019-10-28,7.989999771118164,7.699999809265137,7.699999809265137,7.909999847412109,25900.0,7.909999847412109
2019-10-29,8.029999732971191,7.840000152587891,7.889999866485596,7.849999904632568,32100.0,7.849999904632568
2019-10-30,8.0,7.610000133514404,7.820000171661377,7.760000228881836,10200.0,7.760000228881836
2019-10-31,7.989999771118164,7.570000171661377,7.710000038146973,7.949999809265137,24600.0,7.949999809265137
2019-11-01,7.96999979019165,7.840000152587891,7.96999979019165,7.909999847412109,8100.0,7.909999847412109
2019-11-04,7.96999979019165,7.579999923706055,7.909999847412109,7.730000019073486,12100.0,7.730000019073486
2019-11-05,7.940000057220459,7.579999923706055,7.809999942779541,7.610000133514404,11500.0,7.610000133514404
2019-11-06,7.920000076293945,7.559999942779541,7.829999923706055,7.650000095367432,42300.0,7.650000095367432
2019-11-07,7.920000076293945,7.21999979019165,7.920000076293945,7.25,28000.0,7.25
2019-11-08,7.349999904632568,5.590000152587891,7.349999904632568,6.230000019073486,67000.0,6.230000019073486
2019-11-11,6.230000019073486,5.309999942779541,5.610000133514404,6.110000133514404,44800.0,6.110000133514404
2019-11-12,6.119999885559082,5.800000190734863,6.039999961853027,6.090000152587891,27300.0,6.090000152587891
2019-11-13,6.090000152587891,5.860000133514404,6.090000152587891,6.010000228881836,15200.0,6.010000228881836
2019-11-14,6.010000228881836,5.699999809265137,5.940000057220459,5.860000133514404,19900.0,5.860000133514404
2019-11-15,5.929999828338623,5.570000171661377,5.639999866485596,5.929999828338623,28600.0,5.929999828338623
2019-11-18,5.960000038146973,5.710000038146973,5.940000057220459,5.960000038146973,22000.0,5.960000038146973
2019-11-19,6.019999980926514,5.769999980926514,5.820000171661377,5.96999979019165,9500.0,5.96999979019165
2019-11-20,6.010000228881836,5.800000190734863,5.940000057220459,5.800000190734863,16400.0,5.800000190734863
2019-11-21,5.980000019073486,5.840000152587891,5.940000057220459,5.980000019073486,7000.0,5.980000019073486
2019-11-22,6.0,5.809999942779541,5.900000095367432,5.809999942779541,5400.0,5.809999942779541
2019-11-25,5.900000095367432,5.710000038146973,5.860000133514404,5.860000133514404,4900.0,5.860000133514404
2019-11-26,5.900000095367432,5.610000133514404,5.829999923706055,5.650000095367432,14700.0,5.650000095367432
2019-11-27,5.769999980926514,5.5,5.639999866485596,5.699999809265137,29600.0,5.699999809265137
2019-11-29,5.75,5.75,5.75,5.75,600.0,5.75
2019-12-02,5.760000228881836,5.53000020980835,5.659999847412109,5.730000019073486,20800.0,5.730000019073486
2019-12-03,5.71999979019165,5.619999885559082,5.619999885559082,5.710000038146973,4200.0,5.710000038146973
2019-12-04,5.880000114440918,5.639999866485596,5.730000019073486,5.730000019073486,7500.0,5.730000019073486
2019-12-05,5.730000019073486,5.599999904632568,5.699999809265137,5.599999904632568,4700.0,5.599999904632568
2019-12-06,5.71999979019165,5.5,5.71999979019165,5.53000020980835,46800.0,5.53000020980835
2019-12-09,5.610000133514404,5.409999847412109,5.550000190734863,5.610000133514404,2000.0,5.610000133514404
2019-12-10,5.25,5.119999885559082,5.210000038146973,5.25,6400.0,5.25
2019-12-11,5.25,5.139999866485596,5.239999771118164,5.25,9300.0,5.25
2019-12-12,5.510000228881836,5.099999904632568,5.190000057220459,5.510000228881836,18800.0,5.510000228881836
2019-12-13,5.380000114440918,5.269999980926514,5.269999980926514,5.340000152587891,1700.0,5.340000152587891
2019-12-16,5.239999771118164,5.0,5.239999771118164,5.0,31000.0,5.0
2019-12-17,5.039999961853027,4.900000095367432,5.039999961853027,4.909999847412109,16400.0,4.909999847412109
2019-12-18,4.980000019073486,4.800000190734863,4.980000019073486,4.860000133514404,8600.0,4.860000133514404
2019-12-19,5.0,4.730000019073486,4.730000019073486,5.0,11500.0,5.0
2019-12-20,5.269999980926514,5.119999885559082,5.119999885559082,5.199999809265137,8500.0,5.199999809265137
2019-12-23,5.289999961853027,4.96999979019165,5.139999866485596,5.039999961853027,7100.0,5.039999961853027
2019-12-24,5.380000114440918,5.139999866485596,5.139999866485596,5.320000171661377,2400.0,5.320000171661377
2019-12-26,5.360000133514404,5.210000038146973,5.25,5.300000190734863,10600.0,5.300000190734863
2019-12-27,5.340000152587891,4.869999885559082,5.340000152587891,5.099999904632568,43700.0,5.099999904632568
2019-12-30,5.28000020980835,5.010000228881836,5.150000095367432,5.110000133514404,18500.0,5.110000133514404
2019-12-31,5.289999961853027,5.010000228881836,5.050000190734863,5.260000228881836,19400.0,5.260000228881836
2020-01-02,5.829999923706055,5.21999979019165,5.21999979019165,5.829999923706055,3800.0,5.829999923706055
2020-01-03,6.0,5.449999809265137,5.809999942779541,5.449999809265137,36100.0,5.449999809265137
2020-01-06,5.650000095367432,5.300000190734863,5.610000133514404,5.409999847412109,8400.0,5.409999847412109
2020-01-07,5.389999866485596,5.25,5.389999866485596,5.340000152587891,13700.0,5.340000152587891
2020-01-08,5.429999828338623,5.28000020980835,5.28000020980835,5.340000152587891,4200.0,5.340000152587891
2020-01-09,5.380000114440918,5.380000114440918,5.380000114440918,5.380000114440918,300.0,5.380000114440918
2020-01-10,5.309999942779541,5.309999942779541,5.309999942779541,5.309999942779541,300.0,5.309999942779541
2020-01-13,5.260000228881836,5.199999809265137,5.199999809265137,5.21999979019165,1100.0,5.21999979019165
2020-01-14,5.210000038146973,5.179999828338623,5.210000038146973,5.199999809265137,4700.0,5.199999809265137
2020-01-15,5.320000171661377,5.210000038146973,5.320000171661377,5.210000038146973,1200.0,5.210000038146973
2020-01-16,5.25,5.170000076293945,5.190000057220459,5.210000038146973,2100.0,5.210000038146973
2020-01-17,5.690000057220459,5.25,5.25,5.690000057220459,44600.0,5.690000057220459
2020-01-21,5.570000171661377,5.340000152587891,5.519999980926514,5.460000038146973,4500.0,5.460000038146973
2020-01-22,5.690000057220459,5.329999923706055,5.329999923706055,5.610000133514404,27200.0,5.610000133514404
2020-01-23,5.760000228881836,5.269999980926514,5.650000095367432,5.360000133514404,12500.0,5.360000133514404
2020-01-24,5.46999979019165,5.25,5.25,5.340000152587891,18400.0,5.340000152587891
2020-01-27,5.340000152587891,5.170000076293945,5.25,5.170000076293945,6200.0,5.170000076293945
2020-01-28,5.150000095367432,4.889999866485596,5.150000095367432,5.039999961853027,15700.0,5.039999961853027
2020-01-29,5.099999904632568,5.039999961853027,5.050000190734863,5.059999942779541,1600.0,5.059999942779541
2020-01-30,5.28000020980835,5.070000171661377,5.090000152587891,5.28000020980835,3400.0,5.28000020980835
2020-01-31,5.619999885559082,5.260000228881836,5.260000228881836,5.400000095367432,6800.0,5.400000095367432
2020-02-03,5.590000152587891,5.329999923706055,5.329999923706055,5.340000152587891,7100.0,5.340000152587891
2020-02-04,5.309999942779541,5.199999809265137,5.309999942779541,5.199999809265137,5400.0,5.199999809265137
2020-02-05,5.300000190734863,5.099999904632568,5.099999904632568,5.269999980926514,700.0,5.269999980926514
2020-02-06,5.25,5.21999979019165,5.21999979019165,5.239999771118164,3300.0,5.239999771118164
2020-02-07,5.309999942779541,5.179999828338623,5.179999828338623,5.210000038146973,11100.0,5.210000038146973
2020-02-10,5.539999961853027,5.380000114440918,5.380000114440918,5.53000020980835,6800.0,5.53000020980835
2020-02-11,5.590000152587891,5.440000057220459,5.449999809265137,5.440000057220459,2100.0,5.440000057220459
2020-02-12,5.820000171661377,5.550000190734863,5.550000190734863,5.78000020980835,8900.0,5.78000020980835
2020-02-13,5.900000095367432,5.760000228881836,5.849999904632568,5.880000114440918,6000.0,5.880000114440918
2020-02-14,5.880000114440918,5.880000114440918,5.880000114440918,5.880000114440918,0.0,5.880000114440918
2020-02-18,5.789999961853027,5.699999809265137,5.710000038146973,5.789999961853027,6800.0,5.789999961853027
2020-02-19,5.789999961853027,5.630000114440918,5.789999961853027,5.71999979019165,7900.0,5.71999979019165
2020-02-20,5.679999828338623,5.650000095367432,5.679999828338623,5.650000095367432,2000.0,5.650000095367432
2020-02-21,5.900000095367432,5.670000076293945,5.699999809265137,5.900000095367432,5900.0,5.900000095367432
2020-02-24,5.989999771118164,5.880000114440918,5.880000114440918,5.989999771118164,12300.0,5.989999771118164
2020-02-25,5.989999771118164,5.75,5.75,5.849999904632568,22900.0,5.849999904632568
2020-02-26,5.849999904632568,5.800000190734863,5.800000190734863,5.820000171661377,5200.0,5.820000171661377
2020-02-27,5.829999923706055,5.760000228881836,5.800000190734863,5.789999961853027,9200.0,5.789999961853027
2020-02-28,6.449999809265137,5.760000228881836,5.760000228881836,6.449999809265137,48100.0,6.449999809265137
2020-03-02,6.679999828338623,6.03000020980835,6.679999828338623,6.489999771118164,11900.0,6.489999771118164
2020-03-03,7.449999809265137,6.360000133514404,6.570000171661377,7.449999809265137,33900.0,7.449999809265137
2020-03-04,7.480000019073486,7.179999828338623,7.480000019073486,7.320000171661377,57900.0,7.320000171661377
2020-03-05,7.679999828338623,7.210000038146973,7.449999809265137,7.25,126600.0,7.25
2020-03-06,7.5,7.25,7.320000171661377,7.28000020980835,56900.0,7.28000020980835
2020-03-09,7.809999942779541,6.75,6.75,7.650000095367432,60700.0,7.650000095367432
2020-03-10,7.849999904632568,7.28000020980835,7.849999904632568,7.440000057220459,63600.0,7.440000057220459
2020-03-11,7.510000228881836,7.010000228881836,7.25,7.46999979019165,39100.0,7.46999979019165
2020-03-12,7.070000171661377,6.650000095367432,6.809999942779541,6.880000114440918,31900.0,6.880000114440918
2020-03-13,6.190000057220459,3.880000114440918,6.190000057220459,4.860000133514404,160600.0,4.860000133514404
2020-03-16,5.099999904632568,4.110000133514404,5.099999904632568,4.539999961853027,29200.0,4.539999961853027
2020-03-17,4.880000114440918,3.890000104904175,4.25,3.9800000190734863,86400.0,3.9800000190734863
2020-03-18,3.9600000381469727,2.2899999618530273,3.9600000381469727,2.5,54200.0,2.5
2020-03-19,2.7699999809265137,2.25,2.390000104904175,2.430000066757202,23500.0,2.430000066757202
2020-03-20,2.5999999046325684,2.25,2.569999933242798,2.4100000858306885,14700.0,2.4100000858306885
2020-03-23,2.440000057220459,2.25,2.4100000858306885,2.299999952316284,24400.0,2.299999952316284
2020-03-24,2.4100000858306885,2.0799999237060547,2.3499999046325684,2.0999999046325684,55400.0,2.0999999046325684
2020-03-25,3.0299999713897705,2.0799999237060547,2.200000047683716,2.430000066757202,87300.0,2.430000066757202
2020-03-26,3.1600000858306885,2.2200000286102295,2.5899999141693115,3.130000114440918,75700.0,3.130000114440918
2020-03-27,3.5399999618530273,3.059999942779541,3.2200000286102295,3.3299999237060547,62500.0,3.3299999237060547
2020-03-30,3.299999952316284,1.9900000095367432,3.299999952316284,2.299999952316284,70900.0,2.299999952316284
2020-03-31,2.700000047683716,2.319999933242798,2.4800000190734863,2.430000066757202,41700.0,2.430000066757202
2020-04-01,2.200000047683716,2.0399999618530273,2.130000114440918,2.059999942779541,38600.0,2.059999942779541
2020-04-02,2.25,2.009999990463257,2.25,2.009999990463257,24000.0,2.009999990463257
2020-04-03,2.009999990463257,1.590000033378601,2.009999990463257,1.6399999856948853,40700.0,1.6399999856948853
2020-04-06,1.850000023841858,1.7799999713897705,1.7899999618530273,1.7799999713897705,39600.0,1.7799999713897705
2020-04-07,2.059999942779541,1.899999976158142,1.9500000476837158,1.9600000381469727,96800.0,1.9600000381469727
2020-04-08,1.9500000476837158,1.7999999523162842,1.9500000476837158,1.850000023841858,35300.0,1.850000023841858
2020-04-09,2.490000009536743,1.899999976158142,1.899999976158142,2.299999952316284,71800.0,2.299999952316284
2020-04-13,2.490000009536743,2.0399999618530273,2.2200000286102295,2.0799999237060547,23800.0,2.0799999237060547
2020-04-14,2.3399999141693115,2.2200000286102295,2.2200000286102295,2.2899999618530273,29400.0,2.2899999618530273
2020-04-15,2.390000104904175,2.140000104904175,2.390000104904175,2.200000047683716,23000.0,2.200000047683716
2020-04-16,2.299999952316284,2.180000066757202,2.180000066757202,2.25,8400.0,2.25
2020-04-17,2.3399999141693115,2.059999942779541,2.299999952316284,2.130000114440918,14600.0,2.130000114440918
2020-04-20,2.119999885559082,1.909999966621399,2.009999990463257,1.9299999475479126,39500.0,1.9299999475479126
2020-04-21,1.899999976158142,1.7000000476837158,1.899999976158142,1.7200000286102295,34100.0,1.7200000286102295
2020-04-22,1.940000057220459,1.809999942779541,1.8799999952316284,1.8899999856948853,18500.0,1.8899999856948853
2020-04-23,1.940000057220459,1.850000023841858,1.940000057220459,1.899999976158142,9900.0,1.899999976158142
2020-04-24,1.899999976158142,1.75,1.899999976158142,1.75,8800.0,1.75
2020-04-27,2.059999942779541,1.7699999809265137,1.809999942779541,1.9299999475479126,38900.0,1.9299999475479126
2020-04-28,2.130000114440918,1.7999999523162842,2.049999952316284,1.840000033378601,28000.0,1.840000033378601
2020-04-29,2.0899999141693115,1.8200000524520874,1.8200000524520874,1.9600000381469727,52400.0,1.9600000381469727
2020-04-30,2.130000114440918,1.8300000429153442,1.9600000381469727,1.8700000047683716,47100.0,1.8700000047683716
2020-05-01,2.0,1.75,1.8600000143051147,1.8899999856948853,67700.0,1.8899999856948853
2020-05-04,1.9199999570846558,1.75,1.8899999856948853,1.7799999713897705,28800.0,1.7799999713897705
2020-05-05,1.899999976158142,1.75,1.8899999856948853,1.7899999618530273,31500.0,1.7899999618530273
2020-05-06,1.8200000524520874,1.7300000190734863,1.7899999618530273,1.7400000095367432,12700.0,1.7400000095367432
2020-05-07,1.7899999618530273,1.7000000476837158,1.7300000190734863,1.7000000476837158,19800.0,1.7000000476837158
2020-05-08,1.8799999952316284,1.6799999475479126,1.8799999952316284,1.690000057220459,25800.0,1.690000057220459
2020-05-11,1.7699999809265137,1.6799999475479126,1.7699999809265137,1.6799999475479126,30700.0,1.6799999475479126
2020-05-12,1.6799999475479126,1.4800000190734863,1.6799999475479126,1.4900000095367432,40400.0,1.4900000095367432
2020-05-13,1.5299999713897705,1.309999942779541,1.5299999713897705,1.3700000047683716,43300.0,1.3700000047683716
2020-05-14,1.4500000476837158,1.350000023841858,1.3899999856948853,1.409999966621399,24300.0,1.409999966621399
2020-05-15,1.440000057220459,1.3799999952316284,1.399999976158142,1.3799999952316284,12900.0,1.3799999952316284
2020-05-18,1.5499999523162842,1.399999976158142,1.4900000095367432,1.5499999523162842,22800.0,1.5499999523162842
2020-05-19,1.6699999570846558,1.4299999475479126,1.5700000524520874,1.5399999618530273,17100.0,1.5399999618530273
2020-05-20,1.6299999952316284,1.5399999618530273,1.559999942779541,1.6299999952316284,11000.0,1.6299999952316284
2020-05-21,1.7300000190734863,1.5499999523162842,1.6399999856948853,1.690000057220459,39000.0,1.690000057220459
2020-05-22,1.7000000476837158,1.5099999904632568,1.5099999904632568,1.649999976158142,47900.0,1.649999976158142
2020-05-26,1.7300000190734863,1.649999976158142,1.7300000190734863,1.649999976158142,68600.0,1.649999976158142
2020-05-27,1.7200000286102295,1.649999976158142,1.649999976158142,1.7000000476837158,31400.0,1.7000000476837158
2020-05-28,1.75,1.5099999904632568,1.75,1.600000023841858,28300.0,1.600000023841858
2020-05-29,1.649999976158142,1.559999942779541,1.649999976158142,1.600000023841858,26000.0,1.600000023841858
2020-06-01,1.649999976158142,1.5700000524520874,1.600000023841858,1.6299999952316284,19100.0,1.6299999952316284
2020-06-02,1.7000000476837158,1.600000023841858,1.600000023841858,1.6200000047683716,15800.0,1.6200000047683716
2020-06-03,1.7400000095367432,1.6200000047683716,1.6699999570846558,1.7300000190734863,27300.0,1.7300000190734863
2020-06-04,1.9299999475479126,1.649999976158142,1.7400000095367432,1.8899999856948853,145000.0,1.8899999856948853
2020-06-05,2.259999990463257,1.9800000190734863,2.0,2.140000104904175,272500.0,2.140000104904175
2020-06-08,2.549999952316284,2.0999999046325684,2.430000066757202,2.490000009536743,403400.0,2.490000009536743
2020-06-09,2.880000114440918,2.009999990463257,2.8399999141693115,2.299999952316284,302300.0,2.299999952316284
2020-06-10,2.3399999141693115,2.0299999713897705,2.3399999141693115,2.2100000381469727,194500.0,2.2100000381469727
2020-06-11,2.1700000762939453,1.7999999523162842,2.0,1.8200000524520874,85100.0,1.8200000524520874
2020-06-12,2.130000114440918,1.8600000143051147,1.940000057220459,1.9800000190734863,62600.0,1.9800000190734863
2020-06-15,2.0299999713897705,1.8700000047683716,1.9700000286102295,2.009999990463257,54000.0,2.009999990463257
2020-06-16,2.0799999237060547,1.9299999475479126,2.049999952316284,1.9299999475479126,43400.0,1.9299999475479126
2020-06-17,2.869999885559082,1.690000057220459,1.9299999475479126,2.25,2362300.0,2.25
2020-06-18,2.2200000286102295,1.8200000524520874,2.2200000286102295,1.9199999570846558,372900.0,1.9199999570846558
2020-06-19,2.0399999618530273,1.899999976158142,1.9500000476837158,1.9800000190734863,361300.0,1.9800000190734863
2020-06-22,2.0,1.850000023841858,2.0,1.8600000143051147,87100.0,1.8600000143051147
2020-06-23,1.9700000286102295,1.8200000524520874,1.8899999856948853,1.8200000524520874,67500.0,1.8200000524520874
2020-06-24,1.8899999856948853,1.7200000286102295,1.840000033378601,1.7400000095367432,51100.0,1.7400000095367432
2020-06-25,1.909999966621399,1.7799999713897705,1.7799999713897705,1.899999976158142,141400.0,1.899999976158142
2020-06-26,1.8200000524520874,1.649999976158142,1.7100000381469727,1.6799999475479126,256900.0,1.6799999475479126
2020-06-29,1.7799999713897705,1.5399999618530273,1.659999966621399,1.6200000047683716,89500.0,1.6200000047683716
2020-06-30,1.7400000095367432,1.6100000143051147,1.6699999570846558,1.690000057220459,23900.0,1.690000057220459
2020-07-01,1.7300000190734863,1.559999942779541,1.6699999570846558,1.5700000524520874,46800.0,1.5700000524520874
2020-07-02,1.600000023841858,1.3700000047683716,1.600000023841858,1.399999976158142,178100.0,1.399999976158142
2020-07-06,1.5399999618530273,1.399999976158142,1.399999976158142,1.4900000095367432,198900.0,1.4900000095367432
2020-07-07,1.5800000429153442,1.4299999475479126,1.4299999475479126,1.5499999523162842,104500.0,1.5499999523162842
2020-07-08,1.6200000047683716,1.3899999856948853,1.6200000047683716,1.4600000381469727,91300.0,1.4600000381469727
2020-07-09,1.649999976158142,1.4299999475479126,1.4800000190734863,1.5299999713897705,159600.0,1.5299999713897705
2020-07-10,1.6799999475479126,1.4500000476837158,1.5199999809265137,1.5099999904632568,213300.0,1.5099999904632568
2020-07-13,1.5299999713897705,1.409999966621399,1.5299999713897705,1.440000057220459,48100.0,1.440000057220459
2020-07-14,1.5800000429153442,1.4199999570846558,1.4600000381469727,1.4900000095367432,386400.0,1.4900000095367432
2020-07-15,1.559999942779541,1.4600000381469727,1.5399999618530273,1.4800000190734863,40400.0,1.4800000190734863
2020-07-16,1.600000023841858,1.4500000476837158,1.5,1.5099999904632568,121400.0,1.5099999904632568
2020-07-17,1.559999942779541,1.4900000095367432,1.5299999713897705,1.5499999523162842,23700.0,1.5499999523162842
2020-07-20,1.590000033378601,1.440000057220459,1.5700000524520874,1.5,87500.0,1.5
2020-07-21,1.559999942779541,1.4500000476837158,1.4900000095367432,1.5399999618530273,20800.0,1.5399999618530273
2020-07-22,1.6399999856948853,1.4600000381469727,1.5499999523162842,1.5700000524520874,208000.0,1.5700000524520874
2020-07-23,1.600000023841858,1.5099999904632568,1.5499999523162842,1.5299999713897705,64500.0,1.5299999713897705
2020-07-24,1.590000033378601,1.4700000286102295,1.5399999618530273,1.4700000286102295,22600.0,1.4700000286102295
2020-07-27,1.5499999523162842,1.4500000476837158,1.5199999809265137,1.4500000476837158,36600.0,1.4500000476837158
2020-07-28,1.4800000190734863,1.399999976158142,1.399999976158142,1.440000057220459,52400.0,1.440000057220459
2020-07-29,1.5199999809265137,1.4199999570846558,1.4299999475479126,1.4800000190734863,36200.0,1.4800000190734863
2020-07-30,1.5299999713897705,1.3700000047683716,1.4299999475479126,1.3899999856948853,35400.0,1.3899999856948853
2020-07-31,1.4800000190734863,1.3600000143051147,1.3899999856948853,1.3799999952316284,101100.0,1.3799999952316284
2020-08-03,1.4199999570846558,1.340000033378601,1.4199999570846558,1.3600000143051147,68400.0,1.3600000143051147
2020-08-04,1.3700000047683716,1.3200000524520874,1.340000033378601,1.340000033378601,37000.0,1.340000033378601
2020-08-05,1.440000057220459,1.3600000143051147,1.409999966621399,1.440000057220459,57900.0,1.440000057220459
2020-08-06,1.5,1.409999966621399,1.4500000476837158,1.4600000381469727,58800.0,1.4600000381469727
2020-08-07,1.5,1.3600000143051147,1.399999976158142,1.4500000476837158,68200.0,1.4500000476837158
2020-08-10,1.6299999952316284,1.3899999856948853,1.4800000190734863,1.600000023841858,134700.0,1.600000023841858
2020-08-11,1.6399999856948853,1.5499999523162842,1.6299999952316284,1.5800000429153442,51000.0,1.5800000429153442
2020-08-12,1.600000023841858,1.4700000286102295,1.5700000524520874,1.5299999713897705,53000.0,1.5299999713897705
2020-08-13,1.590000033378601,1.440000057220459,1.559999942779541,1.4800000190734863,30400.0,1.4800000190734863
2020-08-14,1.5299999713897705,1.4500000476837158,1.5,1.5099999904632568,31200.0,1.5099999904632568
2020-08-17,1.590000033378601,1.4800000190734863,1.5299999713897705,1.5700000524520874,26300.0,1.5700000524520874
2020-08-18,1.559999942779541,1.5,1.5499999523162842,1.5099999904632568,21700.0,1.5099999904632568
2020-08-19,1.5499999523162842,1.4800000190734863,1.5399999618530273,1.5399999618530273,26200.0,1.5399999618530273
2020-08-20,1.5399999618530273,1.4900000095367432,1.5,1.5299999713897705,20000.0,1.5299999713897705
2020-08-21,1.5399999618530273,1.4700000286102295,1.5199999809265137,1.4700000286102295,35100.0,1.4700000286102295
2020-08-24,1.5299999713897705,1.4199999570846558,1.5099999904632568,1.5199999809265137,35000.0,1.5199999809265137
2020-08-25,1.5299999713897705,1.4900000095367432,1.5299999713897705,1.5,4000.0,1.5
2020-08-26,1.5299999713897705,1.4800000190734863,1.5099999904632568,1.5,30100.0,1.5
2020-08-27,1.5499999523162842,1.440000057220459,1.5099999904632568,1.4800000190734863,60400.0,1.4800000190734863
2020-08-28,1.5299999713897705,1.4500000476837158,1.4700000286102295,1.5299999713897705,24300.0,1.5299999713897705
2020-08-31,1.5800000429153442,1.4700000286102295,1.5499999523162842,1.5199999809265137,15500.0,1.5199999809265137
2020-09-01,1.5700000524520874,1.5,1.5,1.5499999523162842,13700.0,1.5499999523162842
2020-09-02,1.7599999904632568,1.5399999618530273,1.5399999618530273,1.600000023841858,378500.0,1.600000023841858
2020-09-03,1.590000033378601,1.2999999523162842,1.5800000429153442,1.3200000524520874,260400.0,1.3200000524520874
2020-09-04,1.5099999904632568,1.340000033378601,1.350000023841858,1.409999966621399,115300.0,1.409999966621399
2020-09-08,1.4500000476837158,1.2999999523162842,1.4500000476837158,1.409999966621399,66500.0,1.409999966621399
2020-09-09,1.399999976158142,1.2200000286102295,1.3899999856948853,1.2999999523162842,40000.0,1.2999999523162842
2020-09-10,1.340000033378601,1.2699999809265137,1.3300000429153442,1.2899999618530273,36100.0,1.2899999618530273
2020-09-11,1.309999942779541,1.2100000381469727,1.2699999809265137,1.2300000190734863,38800.0,1.2300000190734863
2020-09-14,1.2200000286102295,1.159999966621399,1.2200000286102295,1.1699999570846558,31000.0,1.1699999570846558
2020-09-15,1.2100000381469727,1.1699999570846558,1.190000057220459,1.190000057220459,83500.0,1.190000057220459
2020-09-16,1.350000023841858,1.1799999475479126,1.190000057220459,1.2699999809265137,35500.0,1.2699999809265137
2020-09-17,1.3300000429153442,1.2000000476837158,1.2599999904632568,1.2799999713897705,16400.0,1.2799999713897705
2020-09-18,1.2999999523162842,1.2000000476837158,1.2999999523162842,1.2000000476837158,41900.0,1.2000000476837158
2020-09-21,1.190000057220459,1.1200000047683716,1.190000057220459,1.190000057220459,23500.0,1.190000057220459
2020-09-22,1.2100000381469727,1.1299999952316284,1.190000057220459,1.2100000381469727,25000.0,1.2100000381469727
2020-09-23,1.2100000381469727,1.149999976158142,1.2100000381469727,1.2000000476837158,31200.0,1.2000000476837158
2020-09-24,1.1699999570846558,1.100000023841858,1.159999966621399,1.100000023841858,63600.0,1.100000023841858
2020-09-25,1.1699999570846558,1.1399999856948853,1.149999976158142,1.1399999856948853,16600.0,1.1399999856948853
2020-09-28,1.4700000286102295,1.149999976158142,1.149999976158142,1.4299999475479126,232500.0,1.4299999475479126
2020-09-29,1.5,1.340000033378601,1.4600000381469727,1.3899999856948853,181400.0,1.3899999856948853
2020-09-30,1.4500000476837158,1.2699999809265137,1.399999976158142,1.2699999809265137,45900.0,1.2699999809265137
2020-10-01,1.4700000286102295,1.2599999904632568,1.2699999809265137,1.3799999952316284,49000.0,1.3799999952316284
2020-10-02,1.690000057220459,1.350000023841858,1.350000023841858,1.5299999713897705,397800.0,1.5299999713897705
2020-10-05,1.5399999618530273,1.399999976158142,1.5199999809265137,1.4700000286102295,82600.0,1.4700000286102295
2020-10-06,1.5700000524520874,1.3700000047683716,1.440000057220459,1.399999976158142,43300.0,1.399999976158142
2020-10-07,1.4900000095367432,1.4199999570846558,1.4900000095367432,1.4500000476837158,15000.0,1.4500000476837158
2020-10-08,1.4900000095367432,1.4700000286102295,1.4700000286102295,1.4900000095367432,24700.0,1.4900000095367432
2020-10-09,1.590000033378601,1.409999966621399,1.5,1.4199999570846558,44200.0,1.4199999570846558
2020-10-12,1.5199999809265137,1.4199999570846558,1.4199999570846558,1.440000057220459,28900.0,1.440000057220459
2020-10-13,1.440000057220459,1.350000023841858,1.440000057220459,1.3600000143051147,60300.0,1.3600000143051147
2020-10-14,1.409999966621399,1.2999999523162842,1.3700000047683716,1.309999942779541,47400.0,1.309999942779541
2020-10-15,1.399999976158142,1.2999999523162842,1.2999999523162842,1.3899999856948853,21800.0,1.3899999856948853
2020-10-16,1.399999976158142,1.3600000143051147,1.399999976158142,1.3700000047683716,8500.0,1.3700000047683716
2020-10-19,1.440000057220459,1.3600000143051147,1.3600000143051147,1.399999976158142,8900.0,1.399999976158142
2020-10-20,1.4299999475479126,1.3700000047683716,1.3700000047683716,1.3899999856948853,9900.0,1.3899999856948853
2020-10-21,1.4500000476837158,1.3799999952316284,1.3899999856948853,1.399999976158142,25400.0,1.399999976158142
2020-10-22,1.5499999523162842,1.399999976158142,1.399999976158142,1.399999976158142,116400.0,1.399999976158142
2020-10-23,1.6699999570846558,1.440000057220459,1.4800000190734863,1.5800000429153442,912300.0,1.5800000429153442
2020-10-26,1.600000023841858,1.3899999856948853,1.5399999618530273,1.409999966621399,141600.0,1.409999966621399
2020-10-27,1.5299999713897705,1.399999976158142,1.409999966621399,1.4900000095367432,76200.0,1.4900000095367432
2020-10-28,1.5199999809265137,1.3700000047683716,1.5199999809265137,1.399999976158142,620200.0,1.399999976158142
2020-10-29,1.6699999570846558,1.350000023841858,1.5099999904632568,1.5700000524520874,368900.0,1.5700000524520874
2020-10-30,1.5700000524520874,1.4800000190734863,1.5,1.5099999904632568,87900.0,1.5099999904632568
2020-11-02,1.690000057220459,1.5199999809265137,1.5700000524520874,1.6799999475479126,77100.0,1.6799999475479126
2020-11-03,1.7799999713897705,1.6799999475479126,1.7000000476837158,1.7100000381469727,125000.0,1.7100000381469727
2020-11-04,1.7699999809265137,1.6399999856948853,1.7699999809265137,1.690000057220459,106400.0,1.690000057220459
2020-11-05,1.7899999618530273,1.690000057220459,1.7699999809265137,1.7799999713897705,74500.0,1.7799999713897705
2020-11-06,1.7599999904632568,1.4199999570846558,1.7599999904632568,1.5099999904632568,264500.0,1.5099999904632568
2020-11-09,1.6200000047683716,1.4299999475479126,1.4900000095367432,1.5399999618530273,101200.0,1.5399999618530273
2020-11-10,1.600000023841858,1.5099999904632568,1.600000023841858,1.5199999809265137,39800.0,1.5199999809265137
2020-11-11,1.5399999618530273,1.4299999475479126,1.5,1.5099999904632568,39100.0,1.5099999904632568
2020-11-12,1.5199999809265137,1.4199999570846558,1.4800000190734863,1.4299999475479126,66900.0,1.4299999475479126
2020-11-13,1.5099999904632568,1.4299999475479126,1.4900000095367432,1.4600000381469727,61000.0,1.4600000381469727
2020-11-16,1.5,1.4600000381469727,1.4800000190734863,1.4700000286102295,27900.0,1.4700000286102295
2020-11-17,1.5,1.4600000381469727,1.5,1.4700000286102295,35400.0,1.4700000286102295
2020-11-18,1.5,1.440000057220459,1.4600000381469727,1.4800000190734863,41126.0,1.4800000190734863
