Date,High,Low,Open,Close,Volume,Adj Close
2009-01-02,0.014999999664723873,0.013000000268220901,0.013000000268220901,0.014999999664723873,237000.0,0.014999999664723873
2009-01-05,0.019999999552965164,0.014999999664723873,0.014999999664723873,0.019999999552965164,82000.0,0.019999999552965164
2009-01-06,0.019999999552965164,0.019999999552965164,0.019999999552965164,0.019999999552965164,191000.0,0.019999999552965164
2009-01-08,0.019999999552965164,0.009999999776482582,0.019999999552965164,0.01899999938905239,264000.0,0.01899999938905239
2009-01-09,0.024000000208616257,0.009999999776482582,0.009999999776482582,0.024000000208616257,14000.0,0.024000000208616257
2009-01-13,0.02500000037252903,0.017000000923871994,0.019999999552965164,0.02500000037252903,244000.0,0.02500000037252903
2009-01-14,0.02500000037252903,0.02500000037252903,0.02500000037252903,0.02500000037252903,1800.0,0.02500000037252903
2009-01-15,0.03500000014901161,0.02500000037252903,0.02500000037252903,0.03500000014901161,107200.0,0.03500000014901161
2009-01-16,0.03999999910593033,0.03500000014901161,0.03500000014901161,0.03999999910593033,393000.0,0.03999999910593033
2009-01-20,0.04399999976158142,0.03999999910593033,0.03999999910593033,0.04399999976158142,257000.0,0.04399999976158142
2009-01-22,0.03999999910593033,0.03999999910593033,0.03999999910593033,0.03999999910593033,20000.0,0.03999999910593033
2009-01-23,0.04500000178813934,0.03999999910593033,0.03999999910593033,0.04500000178813934,120000.0,0.04500000178813934
2009-01-26,0.05999999865889549,0.04500000178813934,0.04500000178813934,0.05999999865889549,120000.0,0.05999999865889549
2009-01-27,0.06499999761581421,0.05000000074505806,0.05000000074505806,0.05999999865889549,240300.0,0.05999999865889549
2009-01-28,0.07500000298023224,0.05999999865889549,0.06800000369548798,0.07000000029802322,654630.0,0.07000000029802322
2009-01-29,0.0729999989271164,0.03500000014901161,0.0729999989271164,0.04600000008940697,715300.0,0.04600000008940697
2009-01-30,0.03999999910593033,0.02500000037252903,0.03999999910593033,0.029999999329447746,63200.0,0.029999999329447746
2009-02-02,0.020999999716877937,0.014999999664723873,0.020999999716877937,0.014999999664723873,185000.0,0.014999999664723873
2009-02-03,0.01510000042617321,0.014999999664723873,0.014999999664723873,0.014999999664723873,126125.0,0.014999999664723873
2009-02-04,0.014999999664723873,0.014999999664723873,0.014999999664723873,0.014999999664723873,2000.0,0.014999999664723873
2009-02-05,0.029999999329447746,0.019999999552965164,0.019999999552965164,0.029999999329447746,19000.0,0.029999999329447746
2009-02-06,0.02500000037252903,0.017999999225139618,0.02500000037252903,0.017999999225139618,27500.0,0.017999999225139618
2009-02-09,0.029999999329447746,0.029999999329447746,0.029999999329447746,0.029999999329447746,12000.0,0.029999999329447746
2009-02-10,0.029999999329447746,0.017999999225139618,0.029999999329447746,0.029999999329447746,45500.0,0.029999999329447746
2009-02-11,0.029999999329447746,0.020999999716877937,0.029999999329447746,0.020999999716877937,10600.0,0.020999999716877937
2009-02-13,0.01810000091791153,0.014999999664723873,0.01810000091791153,0.014999999664723873,118520.0,0.014999999664723873
2009-02-18,0.019999999552965164,0.019999999552965164,0.019999999552965164,0.019999999552965164,5000.0,0.019999999552965164
2009-02-23,0.019999999552965164,0.019999999552965164,0.019999999552965164,0.019999999552965164,88000.0,0.019999999552965164
2009-02-24,0.019999999552965164,0.019999999552965164,0.019999999552965164,0.019999999552965164,165.0,0.019999999552965164
2009-02-25,0.03500000014901161,0.029999999329447746,0.029999999329447746,0.03500000014901161,200000.0,0.03500000014901161
2009-02-26,0.03500000014901161,0.029999999329447746,0.03500000014901161,0.029999999329447746,23750.0,0.029999999329447746
2009-02-27,0.029999999329447746,0.020999999716877937,0.020999999716877937,0.02500000037252903,97500.0,0.02500000037252903
2009-03-02,0.02500000037252903,0.02500000037252903,0.02500000037252903,0.02500000037252903,18000.0,0.02500000037252903
2009-03-03,0.03400000184774399,0.029999999329447746,0.029999999329447746,0.03400000184774399,203000.0,0.03400000184774399
2009-03-04,0.029999999329447746,0.027499999850988388,0.029999999329447746,0.027499999850988388,59100.0,0.027499999850988388
2009-03-05,0.027499999850988388,0.027499999850988388,0.027499999850988388,0.027499999850988388,10000.0,0.027499999850988388
2009-03-06,0.020999999716877937,0.020999999716877937,0.020999999716877937,0.020999999716877937,2300.0,0.020999999716877937
2009-03-09,0.02500000037252903,0.02500000037252903,0.02500000037252903,0.02500000037252903,25000.0,0.02500000037252903
2009-03-10,0.02500000037252903,0.02500000037252903,0.02500000037252903,0.02500000037252903,1000.0,0.02500000037252903
2009-03-11,0.02500000037252903,0.019999999552965164,0.02500000037252903,0.019999999552965164,21200.0,0.019999999552965164
2009-03-13,0.019999999552965164,0.014999999664723873,0.019999999552965164,0.014999999664723873,52000.0,0.014999999664723873
2009-03-17,0.014999999664723873,0.014999999664723873,0.014999999664723873,0.014999999664723873,10000.0,0.014999999664723873
2009-03-20,0.02500000037252903,0.019999999552965164,0.019999999552965164,0.02500000037252903,100000.0,0.02500000037252903
2009-03-25,0.02500000037252903,0.024000000208616257,0.02500000037252903,0.02500000037252903,220000.0,0.02500000037252903
2009-03-26,0.02500000037252903,0.023499999195337296,0.02500000037252903,0.02500000037252903,150000.0,0.02500000037252903
2009-03-27,0.02500000037252903,0.014999999664723873,0.019999999552965164,0.02500000037252903,205000.0,0.02500000037252903
2009-03-31,0.02500000037252903,0.014999999664723873,0.014999999664723873,0.02500000037252903,150000.0,0.02500000037252903
2009-04-01,0.014999999664723873,0.014999999664723873,0.014999999664723873,0.014999999664723873,50000.0,0.014999999664723873
2009-04-02,0.02500000037252903,0.009999999776482582,0.014999999664723873,0.02500000037252903,352235.0,0.02500000037252903
2009-04-03,0.019999999552965164,0.014999999664723873,0.019999999552965164,0.014999999664723873,60000.0,0.014999999664723873
2009-04-06,0.014999999664723873,0.014999999664723873,0.014999999664723873,0.014999999664723873,1000.0,0.014999999664723873
2009-04-07,0.019999999552965164,0.019999999552965164,0.019999999552965164,0.019999999552965164,50000.0,0.019999999552965164
2009-04-08,0.02500000037252903,0.02500000037252903,0.02500000037252903,0.02500000037252903,75000.0,0.02500000037252903
2009-04-09,0.02500000037252903,0.024000000208616257,0.024000000208616257,0.02500000037252903,100000.0,0.02500000037252903
2009-04-13,0.014999999664723873,0.014999999664723873,0.014999999664723873,0.014999999664723873,5605.0,0.014999999664723873
2009-04-14,0.014999999664723873,0.014999999664723873,0.014999999664723873,0.014999999664723873,45000.0,0.014999999664723873
2009-04-16,0.014999999664723873,0.014999999664723873,0.014999999664723873,0.014999999664723873,25000.0,0.014999999664723873
2009-04-21,0.027000000700354576,0.02500000037252903,0.02500000037252903,0.027000000700354576,145000.0,0.027000000700354576
2009-04-22,0.025499999523162842,0.025499999523162842,0.025499999523162842,0.025499999523162842,10000.0,0.025499999523162842
2009-04-23,0.025499999523162842,0.01510000042617321,0.025499999523162842,0.025499999523162842,29000.0,0.025499999523162842
2009-04-24,0.025499999523162842,0.025499999523162842,0.025499999523162842,0.025499999523162842,20000.0,0.025499999523162842
2009-04-27,0.016300000250339508,0.016300000250339508,0.016300000250339508,0.016300000250339508,600.0,0.016300000250339508
2009-04-30,0.016300000250339508,0.016200000420212746,0.016300000250339508,0.016200000420212746,114400.0,0.016200000420212746
2009-05-04,0.01510000042617321,0.01510000042617321,0.01510000042617321,0.01510000042617321,550.0,0.01510000042617321
2009-05-06,0.017500000074505806,0.014999999664723873,0.014999999664723873,0.017500000074505806,45850.0,0.017500000074505806
2009-05-07,0.017999999225139618,0.017500000074505806,0.017999999225139618,0.017500000074505806,32500.0,0.017500000074505806
2009-05-11,0.012000000104308128,0.010999999940395355,0.012000000104308128,0.010999999940395355,104000.0,0.010999999940395355
2009-05-12,0.017999999225139618,0.014999999664723873,0.017999999225139618,0.014999999664723873,15000.0,0.014999999664723873
2009-05-14,0.014999999664723873,0.014999999664723873,0.014999999664723873,0.014999999664723873,2000.0,0.014999999664723873
2009-05-15,0.010999999940395355,0.010999999940395355,0.010999999940395355,0.010999999940395355,75000.0,0.010999999940395355
2009-05-19,0.014999999664723873,0.014999999664723873,0.014999999664723873,0.014999999664723873,10000.0,0.014999999664723873
2009-05-20,0.014999999664723873,0.013700000010430813,0.013700000010430813,0.014999999664723873,20000.0,0.014999999664723873
2009-05-27,0.012000000104308128,0.012000000104308128,0.012000000104308128,0.012000000104308128,170000.0,0.012000000104308128
2009-05-28,0.012000000104308128,0.010999999940395355,0.012000000104308128,0.010999999940395355,37000.0,0.010999999940395355
2009-05-29,0.010499999858438969,0.0020000000949949026,0.010499999858438969,0.009999999776482582,465000.0,0.009999999776482582
2009-06-03,0.009999999776482582,0.008500000461935997,0.008500000461935997,0.009999999776482582,210000.0,0.009999999776482582
2009-06-04,0.009999999776482582,0.009999999776482582,0.009999999776482582,0.009999999776482582,73000.0,0.009999999776482582
2009-06-08,0.014999999664723873,0.014999999664723873,0.014999999664723873,0.014999999664723873,5000.0,0.014999999664723873
2009-06-16,0.008500000461935997,0.008500000461935997,0.008500000461935997,0.008500000461935997,10000.0,0.008500000461935997
2009-06-18,0.009999999776482582,0.009999999776482582,0.009999999776482582,0.009999999776482582,77000.0,0.009999999776482582
2009-06-22,0.008999999612569809,0.008999999612569809,0.008999999612569809,0.008999999612569809,35000.0,0.008999999612569809
2009-06-23,0.008999999612569809,0.008999999612569809,0.008999999612569809,0.008999999612569809,18000.0,0.008999999612569809
2009-06-26,0.008999999612569809,0.008999999612569809,0.008999999612569809,0.008999999612569809,4000.0,0.008999999612569809
2009-07-08,0.008999999612569809,0.008999999612569809,0.008999999612569809,0.008999999612569809,15000.0,0.008999999612569809
2009-07-10,0.008999999612569809,0.008999999612569809,0.008999999612569809,0.008999999612569809,5000.0,0.008999999612569809
2009-07-13,0.008999999612569809,0.008999999612569809,0.008999999612569809,0.008999999612569809,0.0,0.008999999612569809
2009-07-14,0.008999999612569809,0.008999999612569809,0.008999999612569809,0.008999999612569809,0.0,0.008999999612569809
2009-07-15,0.00860000029206276,0.00800000037997961,0.00860000029206276,0.00800000037997961,55000.0,0.00800000037997961
2009-07-16,0.00800000037997961,0.00800000037997961,0.00800000037997961,0.00800000037997961,0.0,0.00800000037997961
2009-07-17,0.007000000216066837,0.007000000216066837,0.007000000216066837,0.007000000216066837,21000.0,0.007000000216066837
2009-07-20,0.007000000216066837,0.007000000216066837,0.007000000216066837,0.007000000216066837,0.0,0.007000000216066837
2009-07-21,0.00800000037997961,0.006500000134110451,0.007000000216066837,0.006500000134110451,289010.0,0.006500000134110451
2009-07-22,0.006500000134110451,0.006500000134110451,0.006500000134110451,0.006500000134110451,0.0,0.006500000134110451
2009-07-23,0.006500000134110451,0.006500000134110451,0.006500000134110451,0.006500000134110451,12000.0,0.006500000134110451
2009-07-24,0.00800000037997961,0.007000000216066837,0.007000000216066837,0.00800000037997961,717000.0,0.00800000037997961
2009-07-27,0.007000000216066837,0.007000000216066837,0.007000000216066837,0.007000000216066837,14500.0,0.007000000216066837
2009-07-28,0.007000000216066837,0.007000000216066837,0.007000000216066837,0.007000000216066837,5000.0,0.007000000216066837
2009-07-29,0.007000000216066837,0.007000000216066837,0.007000000216066837,0.007000000216066837,0.0,0.007000000216066837
2009-07-30,0.007000000216066837,0.007000000216066837,0.007000000216066837,0.007000000216066837,0.0,0.007000000216066837
2009-07-31,0.006000000052154064,0.006000000052154064,0.006000000052154064,0.006000000052154064,71000.0,0.006000000052154064
2009-08-03,0.006000000052154064,0.006000000052154064,0.006000000052154064,0.006000000052154064,0.0,0.006000000052154064
2009-08-04,0.006000000052154064,0.006000000052154064,0.006000000052154064,0.006000000052154064,0.0,0.006000000052154064
2009-08-05,0.006000000052154064,0.006000000052154064,0.006000000052154064,0.006000000052154064,0.0,0.006000000052154064
2009-08-06,0.006000000052154064,0.006000000052154064,0.006000000052154064,0.006000000052154064,0.0,0.006000000052154064
2009-08-07,0.006000000052154064,0.006000000052154064,0.006000000052154064,0.006000000052154064,0.0,0.006000000052154064
2009-08-10,0.006000000052154064,0.006000000052154064,0.006000000052154064,0.006000000052154064,0.0,0.006000000052154064
2009-08-11,0.006000000052154064,0.006000000052154064,0.006000000052154064,0.006000000052154064,75000.0,0.006000000052154064
2009-08-12,0.006000000052154064,0.006000000052154064,0.006000000052154064,0.006000000052154064,0.0,0.006000000052154064
2009-08-13,0.006000000052154064,0.006000000052154064,0.006000000052154064,0.006000000052154064,0.0,0.006000000052154064
2009-08-14,0.006000000052154064,0.006000000052154064,0.006000000052154064,0.006000000052154064,15000.0,0.006000000052154064
2009-08-17,0.006000000052154064,0.006000000052154064,0.006000000052154064,0.006000000052154064,0.0,0.006000000052154064
2009-08-18,0.007000000216066837,0.007000000216066837,0.007000000216066837,0.007000000216066837,14000.0,0.007000000216066837
2009-08-19,0.007000000216066837,0.007000000216066837,0.007000000216066837,0.007000000216066837,0.0,0.007000000216066837
2009-08-20,0.007000000216066837,0.007000000216066837,0.007000000216066837,0.007000000216066837,0.0,0.007000000216066837
2009-08-21,0.007000000216066837,0.007000000216066837,0.007000000216066837,0.007000000216066837,5000.0,0.007000000216066837
2009-08-24,0.00800000037997961,0.00800000037997961,0.00800000037997961,0.00800000037997961,50000.0,0.00800000037997961
2009-08-25,0.00800000037997961,0.00800000037997961,0.00800000037997961,0.00800000037997961,0.0,0.00800000037997961
2009-08-26,0.00800000037997961,0.00800000037997961,0.00800000037997961,0.00800000037997961,0.0,0.00800000037997961
2009-08-27,0.00800000037997961,0.00800000037997961,0.00800000037997961,0.00800000037997961,0.0,0.00800000037997961
2009-08-28,0.00800000037997961,0.00800000037997961,0.00800000037997961,0.00800000037997961,0.0,0.00800000037997961
2009-08-31,0.00800000037997961,0.00800000037997961,0.00800000037997961,0.00800000037997961,0.0,0.00800000037997961
2009-09-01,0.00800000037997961,0.00800000037997961,0.00800000037997961,0.00800000037997961,0.0,0.00800000037997961
2009-09-02,0.00800000037997961,0.00800000037997961,0.00800000037997961,0.00800000037997961,4000.0,0.00800000037997961
2009-09-03,0.00800000037997961,0.00800000037997961,0.00800000037997961,0.00800000037997961,0.0,0.00800000037997961
2009-09-04,0.009999999776482582,0.009999999776482582,0.009999999776482582,0.009999999776482582,60000.0,0.009999999776482582
2009-09-10,0.014999999664723873,0.00800000037997961,0.00800000037997961,0.014999999664723873,33500.0,0.014999999664723873
2009-10-15,0.00800000037997961,0.00800000037997961,0.00800000037997961,0.00800000037997961,45000.0,0.00800000037997961
2009-10-16,0.00800000037997961,0.00800000037997961,0.00800000037997961,0.00800000037997961,55000.0,0.00800000037997961
2009-11-05,0.00800000037997961,0.00800000037997961,0.00800000037997961,0.00800000037997961,8100.0,0.00800000037997961
2009-11-09,0.00800000037997961,0.00800000037997961,0.00800000037997961,0.00800000037997961,1000.0,0.00800000037997961
2009-11-11,0.00800000037997961,0.00800000037997961,0.00800000037997961,0.00800000037997961,55000.0,0.00800000037997961
2009-11-12,0.006000000052154064,0.006000000052154064,0.006000000052154064,0.006000000052154064,5000.0,0.006000000052154064
2009-11-13,0.004999999888241291,0.004999999888241291,0.004999999888241291,0.004999999888241291,5000.0,0.004999999888241291
2009-11-20,0.004000000189989805,0.004000000189989805,0.004000000189989805,0.004000000189989805,15000.0,0.004000000189989805
2009-11-23,0.00019999999494757503,0.00019999999494757503,0.00019999999494757503,0.00019999999494757503,65771.0,0.00019999999494757503
2009-11-25,0.0010000000474974513,0.0010000000474974513,0.0010000000474974513,0.0010000000474974513,1000.0,0.0010000000474974513
2009-11-27,0.000699999975040555,0.00019999999494757503,0.00019999999494757503,0.000699999975040555,115000.0,0.000699999975040555
2009-12-04,0.000699999975040555,0.000699999975040555,0.000699999975040555,0.000699999975040555,250.0,0.000699999975040555
2009-12-30,0.0007999999797903001,0.0007999999797903001,0.0007999999797903001,0.0007999999797903001,10000.0,0.0007999999797903001
2009-12-31,0.0007999999797903001,0.0007999999797903001,0.0007999999797903001,0.0007999999797903001,50000.0,0.0007999999797903001
2010-02-05,0.001500000013038516,0.001500000013038516,0.001500000013038516,0.001500000013038516,26000.0,0.001500000013038516
2010-02-09,0.001500000013038516,0.0007999999797903001,0.0007999999797903001,0.0007999999797903001,17800.0,0.0007999999797903001
2010-03-19,0.000699999975040555,0.000699999975040555,0.000699999975040555,0.000699999975040555,10000.0,0.000699999975040555
2010-03-25,0.0007999999797903001,0.000699999975040555,0.0007999999797903001,0.000699999975040555,30000.0,0.000699999975040555
2010-04-05,0.0007999999797903001,0.0006000000284984708,0.0007999999797903001,0.000699999975040555,17500.0,0.000699999975040555
2010-05-17,0.0007999999797903001,0.0006000000284984708,0.0007999999797903001,0.0006000000284984708,50000.0,0.0006000000284984708
2010-05-20,0.0007999999797903001,0.0006000000284984708,0.0007999999797903001,0.0006000000284984708,25000.0,0.0006000000284984708
2010-05-21,0.0007999999797903001,0.0006000000284984708,0.0007999999797903001,0.0006000000284984708,10000.0,0.0006000000284984708
2010-05-25,0.0007999999797903001,0.0006000000284984708,0.0007999999797903001,0.0006000000284984708,11000.0,0.0006000000284984708
2010-06-01,0.0007999999797903001,0.0006000000284984708,0.0007999999797903001,0.0006000000284984708,1100.0,0.0006000000284984708
2010-06-28,0.0007999999797903001,0.0006000000284984708,0.0007999999797903001,0.0006000000284984708,25000.0,0.0006000000284984708
2010-07-06,0.0006000000284984708,0.0006000000284984708,0.0006000000284984708,0.0006000000284984708,27000.0,0.0006000000284984708
2010-07-13,0.0006000000284984708,0.00019999999494757503,0.0006000000284984708,0.00019999999494757503,45000.0,0.00019999999494757503
2010-07-19,0.00019999999494757503,0.00019999999494757503,0.00019999999494757503,0.00019999999494757503,10000.0,0.00019999999494757503
2010-07-26,0.00019999999494757503,0.00019999999494757503,0.00019999999494757503,0.00019999999494757503,30000.0,0.00019999999494757503
2010-09-17,0.00039999998989515007,0.00039999998989515007,0.00039999998989515007,0.00039999998989515007,10000.0,0.00039999998989515007
2010-10-05,0.00039999998989515007,0.00039999998989515007,0.00039999998989515007,0.00039999998989515007,27000.0,0.00039999998989515007
2010-10-11,0.0005000000237487257,0.0005000000237487257,0.0005000000237487257,0.0005000000237487257,20000.0,0.0005000000237487257
2010-10-14,0.0005000000237487257,0.0005000000237487257,0.0005000000237487257,0.0005000000237487257,50000.0,0.0005000000237487257
2010-10-20,0.0005000000237487257,0.0005000000237487257,0.0005000000237487257,0.0005000000237487257,1000.0,0.0005000000237487257
2010-10-26,0.0005000000237487257,0.0005000000237487257,0.0005000000237487257,0.0005000000237487257,36000.0,0.0005000000237487257
2010-10-27,0.0005000000237487257,0.0005000000237487257,0.0005000000237487257,0.0005000000237487257,39000.0,0.0005000000237487257
2010-11-04,0.0005000000237487257,0.0005000000237487257,0.0005000000237487257,0.0005000000237487257,380880.0,0.0005000000237487257
2010-11-08,0.0005000000237487257,0.0005000000237487257,0.0005000000237487257,0.0005000000237487257,15000.0,0.0005000000237487257
2010-11-09,0.0006000000284984708,0.0006000000284984708,0.0006000000284984708,0.0006000000284984708,41000.0,0.0006000000284984708
2010-11-12,0.0005000000237487257,0.0005000000237487257,0.0005000000237487257,0.0005000000237487257,2500.0,0.0005000000237487257
2010-11-23,0.0006000000284984708,0.0006000000284984708,0.0006000000284984708,0.0006000000284984708,800.0,0.0006000000284984708
2010-11-29,0.000699999975040555,0.000699999975040555,0.000699999975040555,0.000699999975040555,3000.0,0.000699999975040555
2010-11-30,0.0007999999797903001,0.0007999999797903001,0.0007999999797903001,0.0007999999797903001,12500.0,0.0007999999797903001
2010-12-08,0.0007999999797903001,0.0007999999797903001,0.0007999999797903001,0.0007999999797903001,100000.0,0.0007999999797903001
2010-12-14,0.0010000000474974513,0.0010000000474974513,0.0010000000474974513,0.0010000000474974513,11000.0,0.0010000000474974513
2010-12-16,0.0010000000474974513,0.0010000000474974513,0.0010000000474974513,0.0010000000474974513,15000.0,0.0010000000474974513
2010-12-20,0.0010000000474974513,0.0010000000474974513,0.0010000000474974513,0.0010000000474974513,1000.0,0.0010000000474974513
2010-12-21,0.0010000000474974513,0.0010000000474974513,0.0010000000474974513,0.0010000000474974513,2500.0,0.0010000000474974513
2010-12-22,0.0010000000474974513,0.0010000000474974513,0.0010000000474974513,0.0010000000474974513,10000.0,0.0010000000474974513
2010-12-31,0.002300000051036477,0.002300000051036477,0.002300000051036477,0.002300000051036477,500.0,0.002300000051036477
2011-01-05,0.0026000000070780516,0.002300000051036477,0.0026000000070780516,0.002300000051036477,16000.0,0.002300000051036477
2011-01-07,0.0020000000949949026,0.0020000000949949026,0.0020000000949949026,0.0020000000949949026,30750.0,0.0020000000949949026
2011-02-11,0.002400000113993883,0.002400000113993883,0.002400000113993883,0.002400000113993883,2500.0,0.002400000113993883
2011-03-14,0.00279999990016222,0.00279999990016222,0.00279999990016222,0.00279999990016222,25000.0,0.00279999990016222
2011-03-31,0.00279999990016222,0.00279999990016222,0.00279999990016222,0.00279999990016222,2500.0,0.00279999990016222
2011-04-20,0.00279999990016222,0.00279999990016222,0.00279999990016222,0.00279999990016222,6800.0,0.00279999990016222
2011-04-25,0.00279999990016222,0.00279999990016222,0.00279999990016222,0.00279999990016222,97350.0,0.00279999990016222
2011-05-10,0.00279999990016222,0.00279999990016222,0.00279999990016222,0.00279999990016222,800.0,0.00279999990016222
2011-05-16,0.00279999990016222,0.00279999990016222,0.00279999990016222,0.00279999990016222,16838.0,0.00279999990016222
2011-05-18,0.002300000051036477,0.002300000051036477,0.002300000051036477,0.002300000051036477,100.0,0.002300000051036477
2011-05-20,0.002300000051036477,0.002300000051036477,0.002300000051036477,0.002300000051036477,5000.0,0.002300000051036477
2011-06-15,0.002400000113993883,0.002400000113993883,0.002400000113993883,0.002400000113993883,3000.0,0.002400000113993883
2011-06-20,0.019999999552965164,0.002400000113993883,0.002400000113993883,0.019999999552965164,9129.0,0.019999999552965164
2011-07-06,0.019999999552965164,0.009999999776482582,0.009999999776482582,0.010999999940395355,211200.0,0.010999999940395355
2011-07-07,0.010999999940395355,0.010999999940395355,0.010999999940395355,0.010999999940395355,5000.0,0.010999999940395355
2011-07-14,0.008999999612569809,0.008999999612569809,0.008999999612569809,0.008999999612569809,17500.0,0.008999999612569809
2011-07-15,0.008999999612569809,0.008999999612569809,0.008999999612569809,0.008999999612569809,5000.0,0.008999999612569809
2011-07-19,0.008999999612569809,0.008999999612569809,0.008999999612569809,0.008999999612569809,40000.0,0.008999999612569809
2011-08-10,0.004999999888241291,0.004999999888241291,0.004999999888241291,0.004999999888241291,5000.0,0.004999999888241291
2011-08-11,0.004999999888241291,0.004999999888241291,0.004999999888241291,0.004999999888241291,95000.0,0.004999999888241291
2011-08-29,0.004999999888241291,0.004999999888241291,0.004999999888241291,0.004999999888241291,493.0,0.004999999888241291
2011-08-31,0.004999999888241291,0.004999999888241291,0.004999999888241291,0.004999999888241291,1000.0,0.004999999888241291
2011-09-23,0.004999999888241291,0.004999999888241291,0.004999999888241291,0.004999999888241291,18000.0,0.004999999888241291
2011-09-26,0.004999999888241291,0.004999999888241291,0.004999999888241291,0.004999999888241291,980.0,0.004999999888241291
2011-09-27,0.004999999888241291,0.004999999888241291,0.004999999888241291,0.004999999888241291,28500.0,0.004999999888241291
2011-10-04,0.004999999888241291,0.004999999888241291,0.004999999888241291,0.004999999888241291,13000.0,0.004999999888241291
2011-10-18,0.004999999888241291,0.004999999888241291,0.004999999888241291,0.004999999888241291,50000.0,0.004999999888241291
2011-10-21,0.017899999395012856,0.009999999776482582,0.014999999664723873,0.014999999664723873,440000.0,0.014999999664723873
2011-10-24,0.01979999989271164,0.014000000432133675,0.014000000432133675,0.01979999989271164,840000.0,0.01979999989271164
2011-10-25,0.019999999552965164,0.016499999910593033,0.019999999552965164,0.016499999910593033,160000.0,0.016499999910593033
2011-10-26,0.016499999910593033,0.01600000075995922,0.01600000075995922,0.016499999910593033,328600.0,0.016499999910593033
2011-10-27,0.017999999225139618,0.01600000075995922,0.016499999910593033,0.017000000923871994,660500.0,0.017000000923871994
2011-10-28,0.019899999722838402,0.019899999722838402,0.019899999722838402,0.019899999722838402,68500.0,0.019899999722838402
2011-10-31,0.019899999722838402,0.01899999938905239,0.01899999938905239,0.019899999722838402,1450000.0,0.019899999722838402
2011-11-01,0.017999999225139618,0.014999999664723873,0.017999999225139618,0.014999999664723873,100000.0,0.014999999664723873
2011-11-02,0.01899999938905239,0.01600000075995922,0.01899999938905239,0.017000000923871994,75000.0,0.017000000923871994
2011-11-03,0.017000000923871994,0.017000000923871994,0.017000000923871994,0.017000000923871994,30000.0,0.017000000923871994
2011-11-04,0.017500000074505806,0.017500000074505806,0.017500000074505806,0.017500000074505806,142500.0,0.017500000074505806
2011-11-07,0.017000000923871994,0.017000000923871994,0.017000000923871994,0.017000000923871994,3162.0,0.017000000923871994
2011-11-10,0.017500000074505806,0.017500000074505806,0.017500000074505806,0.017500000074505806,5000.0,0.017500000074505806
2011-11-16,0.019999999552965164,0.01889999955892563,0.01889999955892563,0.01899999938905239,378300.0,0.01899999938905239
2011-11-17,0.020999999716877937,0.019999999552965164,0.019999999552965164,0.020999999716877937,205000.0,0.020999999716877937
2011-11-18,0.02449999935925007,0.021900000050663948,0.021900000050663948,0.024000000208616257,60000.0,0.024000000208616257
2011-11-21,0.019999999552965164,0.0024999999441206455,0.019999999552965164,0.01899999938905239,104000.0,0.01899999938905239
2011-11-22,0.01899999938905239,0.01899999938905239,0.01899999938905239,0.01899999938905239,5000.0,0.01899999938905239
2011-11-23,0.01899999938905239,0.01899999938905239,0.01899999938905239,0.01899999938905239,0.0,0.01899999938905239
2011-11-25,0.014999999664723873,0.014999999664723873,0.014999999664723873,0.014999999664723873,40900.0,0.014999999664723873
2011-11-28,0.014999999664723873,0.012000000104308128,0.014000000432133675,0.014999999664723873,107000.0,0.014999999664723873
2011-11-29,0.014999999664723873,0.014999999664723873,0.014999999664723873,0.014999999664723873,0.0,0.014999999664723873
2011-11-30,0.014999999664723873,0.013000000268220901,0.013000000268220901,0.014999999664723873,7600.0,0.014999999664723873
2011-12-01,0.014999999664723873,0.014999999664723873,0.014999999664723873,0.014999999664723873,0.0,0.014999999664723873
2011-12-02,0.014000000432133675,0.009999999776482582,0.014000000432133675,0.009999999776482582,50000.0,0.009999999776482582
2011-12-05,0.009999999776482582,0.009999999776482582,0.009999999776482582,0.009999999776482582,60000.0,0.009999999776482582
2011-12-06,0.009999999776482582,0.009999999776482582,0.009999999776482582,0.009999999776482582,0.0,0.009999999776482582
2011-12-07,0.009999999776482582,0.009999999776482582,0.009999999776482582,0.009999999776482582,0.0,0.009999999776482582
2011-12-08,0.009999999776482582,0.009999999776482582,0.009999999776482582,0.009999999776482582,0.0,0.009999999776482582
2011-12-09,0.009999999776482582,0.009999999776482582,0.009999999776482582,0.009999999776482582,0.0,0.009999999776482582
2011-12-12,0.009999999776482582,0.009999999776482582,0.009999999776482582,0.009999999776482582,0.0,0.009999999776482582
2011-12-13,0.007000000216066837,0.004999999888241291,0.004999999888241291,0.007000000216066837,38967.0,0.007000000216066837
2011-12-14,0.009999999776482582,0.004000000189989805,0.004999999888241291,0.009999999776482582,91900.0,0.009999999776482582
2011-12-15,0.008999999612569809,0.004999999888241291,0.004999999888241291,0.008999999612569809,50400.0,0.008999999612569809
2011-12-16,0.008999999612569809,0.008999999612569809,0.008999999612569809,0.008999999612569809,0.0,0.008999999612569809
2011-12-19,0.009999999776482582,0.009999999776482582,0.009999999776482582,0.009999999776482582,100.0,0.009999999776482582
2011-12-20,0.009999999776482582,0.009999999776482582,0.009999999776482582,0.009999999776482582,0.0,0.009999999776482582
2011-12-21,0.009999999776482582,0.009999999776482582,0.009999999776482582,0.009999999776482582,0.0,0.009999999776482582
2011-12-22,0.009999999776482582,0.009999999776482582,0.009999999776482582,0.009999999776482582,0.0,0.009999999776482582
2011-12-23,0.009999999776482582,0.009999999776482582,0.009999999776482582,0.009999999776482582,0.0,0.009999999776482582
2011-12-27,0.009999999776482582,0.009999999776482582,0.009999999776482582,0.009999999776482582,0.0,0.009999999776482582
2011-12-28,0.009999999776482582,0.009999999776482582,0.009999999776482582,0.009999999776482582,0.0,0.009999999776482582
2011-12-29,0.006000000052154064,0.006000000052154064,0.006000000052154064,0.006000000052154064,5000.0,0.006000000052154064
2011-12-30,0.006000000052154064,0.005100000184029341,0.006000000052154064,0.005100000184029341,171000.0,0.005100000184029341
2012-01-03,0.005100000184029341,0.005100000184029341,0.005100000184029341,0.005100000184029341,0.0,0.005100000184029341
2012-01-04,0.005100000184029341,0.005100000184029341,0.005100000184029341,0.005100000184029341,1500.0,0.005100000184029341
2012-01-05,0.005100000184029341,0.005100000184029341,0.005100000184029341,0.005100000184029341,0.0,0.005100000184029341
2012-01-06,0.005100000184029341,0.005100000184029341,0.005100000184029341,0.005100000184029341,0.0,0.005100000184029341
2012-01-09,0.005100000184029341,0.005100000184029341,0.005100000184029341,0.005100000184029341,0.0,0.005100000184029341
2012-01-10,0.005100000184029341,0.005100000184029341,0.005100000184029341,0.005100000184029341,0.0,0.005100000184029341
2012-01-11,0.009999999776482582,0.009999999776482582,0.009999999776482582,0.009999999776482582,10000.0,0.009999999776482582
2012-01-12,0.009999999776482582,0.009999999776482582,0.009999999776482582,0.009999999776482582,0.0,0.009999999776482582
2012-01-13,0.009999999776482582,0.009999999776482582,0.009999999776482582,0.009999999776482582,0.0,0.009999999776482582
2012-01-17,0.009999999776482582,0.009999999776482582,0.009999999776482582,0.009999999776482582,0.0,0.009999999776482582
2012-01-18,0.009999999776482582,0.009999999776482582,0.009999999776482582,0.009999999776482582,0.0,0.009999999776482582
2012-01-19,0.009999999776482582,0.009999999776482582,0.009999999776482582,0.009999999776482582,40000.0,0.009999999776482582
2012-01-20,0.009999999776482582,0.009999999776482582,0.009999999776482582,0.009999999776482582,0.0,0.009999999776482582
2012-01-23,0.009999999776482582,0.009999999776482582,0.009999999776482582,0.009999999776482582,0.0,0.009999999776482582
2012-01-24,0.009999999776482582,0.009999999776482582,0.009999999776482582,0.009999999776482582,0.0,0.009999999776482582
2012-01-25,0.009999999776482582,0.009999999776482582,0.009999999776482582,0.009999999776482582,0.0,0.009999999776482582
2012-01-26,0.007000000216066837,0.007000000216066837,0.007000000216066837,0.007000000216066837,2000.0,0.007000000216066837
2012-01-27,0.007000000216066837,0.007000000216066837,0.007000000216066837,0.007000000216066837,0.0,0.007000000216066837
2012-01-30,0.007000000216066837,0.007000000216066837,0.007000000216066837,0.007000000216066837,0.0,0.007000000216066837
2012-01-31,0.007000000216066837,0.007000000216066837,0.007000000216066837,0.007000000216066837,0.0,0.007000000216066837
2012-02-01,0.007000000216066837,0.007000000216066837,0.007000000216066837,0.007000000216066837,0.0,0.007000000216066837
2012-02-02,0.007000000216066837,0.007000000216066837,0.007000000216066837,0.007000000216066837,0.0,0.007000000216066837
2012-02-03,0.007000000216066837,0.007000000216066837,0.007000000216066837,0.007000000216066837,0.0,0.007000000216066837
2012-02-06,0.007000000216066837,0.007000000216066837,0.007000000216066837,0.007000000216066837,0.0,0.007000000216066837
2012-02-07,0.007000000216066837,0.007000000216066837,0.007000000216066837,0.007000000216066837,0.0,0.007000000216066837
2012-02-08,0.007000000216066837,0.007000000216066837,0.007000000216066837,0.007000000216066837,0.0,0.007000000216066837
2012-02-09,0.00800000037997961,0.00800000037997961,0.00800000037997961,0.00800000037997961,10000.0,0.00800000037997961
2012-02-10,0.00800000037997961,0.00800000037997961,0.00800000037997961,0.00800000037997961,0.0,0.00800000037997961
2012-02-13,0.00800000037997961,0.00800000037997961,0.00800000037997961,0.00800000037997961,0.0,0.00800000037997961
2012-02-14,0.00800000037997961,0.00800000037997961,0.00800000037997961,0.00800000037997961,0.0,0.00800000037997961
2012-02-15,0.00800000037997961,0.00800000037997961,0.00800000037997961,0.00800000037997961,400.0,0.00800000037997961
2012-02-16,0.008500000461935997,0.008500000461935997,0.008500000461935997,0.008500000461935997,11000.0,0.008500000461935997
2012-02-17,0.00800000037997961,0.007000000216066837,0.00800000037997961,0.007000000216066837,49600.0,0.007000000216066837
2012-02-21,0.009999999776482582,0.009999999776482582,0.009999999776482582,0.009999999776482582,9200.0,0.009999999776482582
2012-02-22,0.012000000104308128,0.012000000104308128,0.012000000104308128,0.012000000104308128,20000.0,0.012000000104308128
2012-02-23,0.012000000104308128,0.012000000104308128,0.012000000104308128,0.012000000104308128,0.0,0.012000000104308128
2012-02-24,0.012000000104308128,0.012000000104308128,0.012000000104308128,0.012000000104308128,0.0,0.012000000104308128
2012-02-27,0.012000000104308128,0.012000000104308128,0.012000000104308128,0.012000000104308128,0.0,0.012000000104308128
2012-02-28,0.012000000104308128,0.012000000104308128,0.012000000104308128,0.012000000104308128,0.0,0.012000000104308128
2012-02-29,0.012000000104308128,0.012000000104308128,0.012000000104308128,0.012000000104308128,0.0,0.012000000104308128
2012-03-01,0.012000000104308128,0.012000000104308128,0.012000000104308128,0.012000000104308128,0.0,0.012000000104308128
2012-03-02,0.012000000104308128,0.012000000104308128,0.012000000104308128,0.012000000104308128,0.0,0.012000000104308128
2012-03-05,0.012000000104308128,0.012000000104308128,0.012000000104308128,0.012000000104308128,0.0,0.012000000104308128
2012-03-06,0.012000000104308128,0.012000000104308128,0.012000000104308128,0.012000000104308128,0.0,0.012000000104308128
2012-03-07,0.012000000104308128,0.012000000104308128,0.012000000104308128,0.012000000104308128,0.0,0.012000000104308128
2012-03-08,0.012000000104308128,0.012000000104308128,0.012000000104308128,0.012000000104308128,0.0,0.012000000104308128
2012-03-09,0.012000000104308128,0.012000000104308128,0.012000000104308128,0.012000000104308128,0.0,0.012000000104308128
2012-03-12,0.012000000104308128,0.012000000104308128,0.012000000104308128,0.012000000104308128,0.0,0.012000000104308128
2012-03-13,0.012000000104308128,0.012000000104308128,0.012000000104308128,0.012000000104308128,0.0,0.012000000104308128
2012-03-14,0.014000000432133675,0.010999999940395355,0.010999999940395355,0.014000000432133675,35162.0,0.014000000432133675
2012-03-15,0.010999999940395355,0.010999999940395355,0.010999999940395355,0.010999999940395355,146838.0,0.010999999940395355
2012-03-16,0.010999999940395355,0.010999999940395355,0.010999999940395355,0.010999999940395355,0.0,0.010999999940395355
2012-03-19,0.010999999940395355,0.010999999940395355,0.010999999940395355,0.010999999940395355,0.0,0.010999999940395355
2012-03-20,0.010999999940395355,0.010999999940395355,0.010999999940395355,0.010999999940395355,116.0,0.010999999940395355
2012-03-21,0.010999999940395355,0.010999999940395355,0.010999999940395355,0.010999999940395355,7000.0,0.010999999940395355
2012-03-22,0.010999999940395355,0.010999999940395355,0.010999999940395355,0.010999999940395355,0.0,0.010999999940395355
2012-03-23,0.010999999940395355,0.010999999940395355,0.010999999940395355,0.010999999940395355,0.0,0.010999999940395355
2012-03-26,0.010999999940395355,0.010999999940395355,0.010999999940395355,0.010999999940395355,0.0,0.010999999940395355
2012-03-27,0.010999999940395355,0.010999999940395355,0.010999999940395355,0.010999999940395355,0.0,0.010999999940395355
2012-03-28,0.010999999940395355,0.010999999940395355,0.010999999940395355,0.010999999940395355,0.0,0.010999999940395355
2012-03-29,0.010999999940395355,0.007000000216066837,0.010999999940395355,0.007000000216066837,14380.0,0.007000000216066837
2012-03-30,0.007000000216066837,0.007000000216066837,0.007000000216066837,0.007000000216066837,0.0,0.007000000216066837
2012-04-02,0.007000000216066837,0.007000000216066837,0.007000000216066837,0.007000000216066837,0.0,0.007000000216066837
2012-04-03,0.007000000216066837,0.007000000216066837,0.007000000216066837,0.007000000216066837,0.0,0.007000000216066837
2012-04-04,0.007000000216066837,0.007000000216066837,0.007000000216066837,0.007000000216066837,0.0,0.007000000216066837
2012-04-05,0.007000000216066837,0.007000000216066837,0.007000000216066837,0.007000000216066837,0.0,0.007000000216066837
2012-04-09,0.007000000216066837,0.007000000216066837,0.007000000216066837,0.007000000216066837,0.0,0.007000000216066837
2012-04-10,0.007000000216066837,0.007000000216066837,0.007000000216066837,0.007000000216066837,0.0,0.007000000216066837
2012-04-11,0.007000000216066837,0.007000000216066837,0.007000000216066837,0.007000000216066837,0.0,0.007000000216066837
2012-04-12,0.00800000037997961,0.00800000037997961,0.00800000037997961,0.00800000037997961,10000.0,0.00800000037997961
2012-04-13,0.00800000037997961,0.007499999832361937,0.00800000037997961,0.007499999832361937,50000.0,0.007499999832361937
2012-04-16,0.007499999832361937,0.007000000216066837,0.007499999832361937,0.007000000216066837,100620.0,0.007000000216066837
2012-04-17,0.006000000052154064,0.004999999888241291,0.006000000052154064,0.004999999888241291,100000.0,0.004999999888241291
2012-04-18,0.004999999888241291,0.004999999888241291,0.004999999888241291,0.004999999888241291,0.0,0.004999999888241291
2012-04-19,0.004999999888241291,0.004999999888241291,0.004999999888241291,0.004999999888241291,0.0,0.004999999888241291
2012-04-20,0.004999999888241291,0.004999999888241291,0.004999999888241291,0.004999999888241291,0.0,0.004999999888241291
2012-04-23,0.004999999888241291,0.004999999888241291,0.004999999888241291,0.004999999888241291,0.0,0.004999999888241291
2012-04-24,0.004999999888241291,0.004999999888241291,0.004999999888241291,0.004999999888241291,0.0,0.004999999888241291
2012-04-25,0.004999999888241291,0.004999999888241291,0.004999999888241291,0.004999999888241291,0.0,0.004999999888241291
2012-04-26,0.004999999888241291,0.004999999888241291,0.004999999888241291,0.004999999888241291,0.0,0.004999999888241291
2012-04-27,0.003000000026077032,0.003000000026077032,0.003000000026077032,0.003000000026077032,20000.0,0.003000000026077032
2012-04-30,0.003000000026077032,0.003000000026077032,0.003000000026077032,0.003000000026077032,0.0,0.003000000026077032
2012-05-01,0.003000000026077032,0.003000000026077032,0.003000000026077032,0.003000000026077032,0.0,0.003000000026077032
2012-05-02,0.003000000026077032,0.003000000026077032,0.003000000026077032,0.003000000026077032,0.0,0.003000000026077032
2012-05-03,0.003000000026077032,0.003000000026077032,0.003000000026077032,0.003000000026077032,0.0,0.003000000026077032
2012-05-04,0.003000000026077032,0.003000000026077032,0.003000000026077032,0.003000000026077032,0.0,0.003000000026077032
2012-05-07,0.003000000026077032,0.003000000026077032,0.003000000026077032,0.003000000026077032,0.0,0.003000000026077032
2012-05-08,0.003000000026077032,0.003000000026077032,0.003000000026077032,0.003000000026077032,0.0,0.003000000026077032
2012-05-09,0.003000000026077032,0.003000000026077032,0.003000000026077032,0.003000000026077032,0.0,0.003000000026077032
2012-05-10,0.003000000026077032,0.003000000026077032,0.003000000026077032,0.003000000026077032,0.0,0.003000000026077032
2012-05-11,0.003000000026077032,0.003000000026077032,0.003000000026077032,0.003000000026077032,0.0,0.003000000026077032
2012-05-14,0.003000000026077032,0.003000000026077032,0.003000000026077032,0.003000000026077032,0.0,0.003000000026077032
2012-05-15,0.003000000026077032,0.003000000026077032,0.003000000026077032,0.003000000026077032,0.0,0.003000000026077032
2012-05-16,0.003000000026077032,0.003000000026077032,0.003000000026077032,0.003000000026077032,0.0,0.003000000026077032
2012-05-17,0.009999999776482582,0.009999999776482582,0.009999999776482582,0.009999999776482582,25000.0,0.009999999776482582
2012-05-18,0.009999999776482582,0.009999999776482582,0.009999999776482582,0.009999999776482582,0.0,0.009999999776482582
2012-05-21,0.009999999776482582,0.009999999776482582,0.009999999776482582,0.009999999776482582,0.0,0.009999999776482582
2012-05-22,0.009999999776482582,0.009999999776482582,0.009999999776482582,0.009999999776482582,0.0,0.009999999776482582
2012-05-23,0.009999999776482582,0.009999999776482582,0.009999999776482582,0.009999999776482582,0.0,0.009999999776482582
2012-05-24,0.009999999776482582,0.009999999776482582,0.009999999776482582,0.009999999776482582,0.0,0.009999999776482582
2012-05-25,0.009999999776482582,0.009999999776482582,0.009999999776482582,0.009999999776482582,0.0,0.009999999776482582
2012-05-29,0.009999999776482582,0.009999999776482582,0.009999999776482582,0.009999999776482582,0.0,0.009999999776482582
2012-05-30,0.009999999776482582,0.009999999776482582,0.009999999776482582,0.009999999776482582,0.0,0.009999999776482582
2012-05-31,0.009999999776482582,0.009999999776482582,0.009999999776482582,0.009999999776482582,0.0,0.009999999776482582
2012-06-01,0.009999999776482582,0.009999999776482582,0.009999999776482582,0.009999999776482582,0.0,0.009999999776482582
2012-06-04,0.009999999776482582,0.009999999776482582,0.009999999776482582,0.009999999776482582,0.0,0.009999999776482582
2012-06-05,0.009999999776482582,0.009999999776482582,0.009999999776482582,0.009999999776482582,0.0,0.009999999776482582
2012-06-06,0.009999999776482582,0.009999999776482582,0.009999999776482582,0.009999999776482582,0.0,0.009999999776482582
2012-06-07,0.009999999776482582,0.009999999776482582,0.009999999776482582,0.009999999776482582,0.0,0.009999999776482582
2012-06-08,0.009999999776482582,0.009999999776482582,0.009999999776482582,0.009999999776482582,0.0,0.009999999776482582
2012-06-11,0.009999999776482582,0.009999999776482582,0.009999999776482582,0.009999999776482582,0.0,0.009999999776482582
2012-06-12,0.009999999776482582,0.009999999776482582,0.009999999776482582,0.009999999776482582,0.0,0.009999999776482582
2012-06-13,0.009999999776482582,0.009999999776482582,0.009999999776482582,0.009999999776482582,0.0,0.009999999776482582
2012-06-14,0.009999999776482582,0.009999999776482582,0.009999999776482582,0.009999999776482582,0.0,0.009999999776482582
2012-06-15,0.009999999776482582,0.009999999776482582,0.009999999776482582,0.009999999776482582,0.0,0.009999999776482582
2012-06-18,0.009999999776482582,0.009999999776482582,0.009999999776482582,0.009999999776482582,0.0,0.009999999776482582
2012-06-19,0.009999999776482582,0.009999999776482582,0.009999999776482582,0.009999999776482582,0.0,0.009999999776482582
2012-06-20,0.009999999776482582,0.009999999776482582,0.009999999776482582,0.009999999776482582,0.0,0.009999999776482582
2012-06-21,0.009999999776482582,0.009999999776482582,0.009999999776482582,0.009999999776482582,0.0,0.009999999776482582
2012-06-22,0.009999999776482582,0.009999999776482582,0.009999999776482582,0.009999999776482582,0.0,0.009999999776482582
2012-06-25,0.009999999776482582,0.009999999776482582,0.009999999776482582,0.009999999776482582,0.0,0.009999999776482582
2012-06-26,0.006000000052154064,0.006000000052154064,0.006000000052154064,0.006000000052154064,12278.0,0.006000000052154064
2012-06-27,0.006000000052154064,0.006000000052154064,0.006000000052154064,0.006000000052154064,14500.0,0.006000000052154064
2012-06-28,0.006000000052154064,0.006000000052154064,0.006000000052154064,0.006000000052154064,0.0,0.006000000052154064
2012-06-29,0.006000000052154064,0.006000000052154064,0.006000000052154064,0.006000000052154064,0.0,0.006000000052154064
2012-07-02,0.006000000052154064,0.006000000052154064,0.006000000052154064,0.006000000052154064,0.0,0.006000000052154064
2012-07-03,0.006000000052154064,0.006000000052154064,0.006000000052154064,0.006000000052154064,0.0,0.006000000052154064
2012-07-05,0.006000000052154064,0.006000000052154064,0.006000000052154064,0.006000000052154064,0.0,0.006000000052154064
2012-07-06,0.006000000052154064,0.006000000052154064,0.006000000052154064,0.006000000052154064,0.0,0.006000000052154064
2012-07-09,0.006000000052154064,0.006000000052154064,0.006000000052154064,0.006000000052154064,0.0,0.006000000052154064
2012-07-10,0.006000000052154064,0.006000000052154064,0.006000000052154064,0.006000000052154064,4000.0,0.006000000052154064
2012-07-11,0.006000000052154064,0.006000000052154064,0.006000000052154064,0.006000000052154064,0.0,0.006000000052154064
2012-07-12,0.006000000052154064,0.006000000052154064,0.006000000052154064,0.006000000052154064,0.0,0.006000000052154064
2012-07-13,0.006000000052154064,0.006000000052154064,0.006000000052154064,0.006000000052154064,0.0,0.006000000052154064
2012-07-16,0.006000000052154064,0.006000000052154064,0.006000000052154064,0.006000000052154064,0.0,0.006000000052154064
2012-07-17,0.006000000052154064,0.006000000052154064,0.006000000052154064,0.006000000052154064,0.0,0.006000000052154064
2012-07-18,0.006000000052154064,0.006000000052154064,0.006000000052154064,0.006000000052154064,0.0,0.006000000052154064
2012-07-19,0.006000000052154064,0.006000000052154064,0.006000000052154064,0.006000000052154064,0.0,0.006000000052154064
2012-07-20,0.006000000052154064,0.006000000052154064,0.006000000052154064,0.006000000052154064,0.0,0.006000000052154064
2012-07-23,0.006000000052154064,0.006000000052154064,0.006000000052154064,0.006000000052154064,0.0,0.006000000052154064
2012-07-24,0.006000000052154064,0.006000000052154064,0.006000000052154064,0.006000000052154064,0.0,0.006000000052154064
2012-07-25,0.006000000052154064,0.006000000052154064,0.006000000052154064,0.006000000052154064,0.0,0.006000000052154064
2012-07-26,0.006000000052154064,0.006000000052154064,0.006000000052154064,0.006000000052154064,0.0,0.006000000052154064
2012-07-27,0.006000000052154064,0.006000000052154064,0.006000000052154064,0.006000000052154064,0.0,0.006000000052154064
2012-07-30,0.006000000052154064,0.006000000052154064,0.006000000052154064,0.006000000052154064,0.0,0.006000000052154064
2012-07-31,0.006000000052154064,0.006000000052154064,0.006000000052154064,0.006000000052154064,0.0,0.006000000052154064
2012-08-01,0.006000000052154064,0.006000000052154064,0.006000000052154064,0.006000000052154064,0.0,0.006000000052154064
2012-08-02,0.006000000052154064,0.006000000052154064,0.006000000052154064,0.006000000052154064,0.0,0.006000000052154064
2012-08-03,0.006000000052154064,0.006000000052154064,0.006000000052154064,0.006000000052154064,0.0,0.006000000052154064
2012-08-06,0.006000000052154064,0.006000000052154064,0.006000000052154064,0.006000000052154064,0.0,0.006000000052154064
2012-08-07,0.006000000052154064,0.006000000052154064,0.006000000052154064,0.006000000052154064,0.0,0.006000000052154064
2012-08-08,0.006000000052154064,0.006000000052154064,0.006000000052154064,0.006000000052154064,1850.0,0.006000000052154064
2012-08-09,0.006000000052154064,0.006000000052154064,0.006000000052154064,0.006000000052154064,0.0,0.006000000052154064
2012-08-10,0.006000000052154064,0.006000000052154064,0.006000000052154064,0.006000000052154064,0.0,0.006000000052154064
2012-08-13,0.006000000052154064,0.006000000052154064,0.006000000052154064,0.006000000052154064,0.0,0.006000000052154064
2012-08-14,0.006000000052154064,0.006000000052154064,0.006000000052154064,0.006000000052154064,0.0,0.006000000052154064
2012-08-15,0.006000000052154064,0.006000000052154064,0.006000000052154064,0.006000000052154064,0.0,0.006000000052154064
2012-08-16,0.006000000052154064,0.006000000052154064,0.006000000052154064,0.006000000052154064,0.0,0.006000000052154064
2012-08-17,0.006000000052154064,0.006000000052154064,0.006000000052154064,0.006000000052154064,0.0,0.006000000052154064
2012-08-20,0.006000000052154064,0.006000000052154064,0.006000000052154064,0.006000000052154064,0.0,0.006000000052154064
2012-08-21,0.006000000052154064,0.006000000052154064,0.006000000052154064,0.006000000052154064,0.0,0.006000000052154064
2012-08-22,0.006000000052154064,0.006000000052154064,0.006000000052154064,0.006000000052154064,0.0,0.006000000052154064
2012-08-23,0.006000000052154064,0.006000000052154064,0.006000000052154064,0.006000000052154064,0.0,0.006000000052154064
2012-08-24,0.006000000052154064,0.006000000052154064,0.006000000052154064,0.006000000052154064,0.0,0.006000000052154064
2012-08-27,0.006000000052154064,0.006000000052154064,0.006000000052154064,0.006000000052154064,250.0,0.006000000052154064
2012-08-28,0.006000000052154064,0.006000000052154064,0.006000000052154064,0.006000000052154064,0.0,0.006000000052154064
2012-08-29,0.006000000052154064,0.006000000052154064,0.006000000052154064,0.006000000052154064,250.0,0.006000000052154064
2012-08-30,0.006000000052154064,0.006000000052154064,0.006000000052154064,0.006000000052154064,2000.0,0.006000000052154064
2012-08-31,0.006000000052154064,0.006000000052154064,0.006000000052154064,0.006000000052154064,0.0,0.006000000052154064
2012-09-04,0.006000000052154064,0.006000000052154064,0.006000000052154064,0.006000000052154064,0.0,0.006000000052154064
2012-09-05,0.006000000052154064,0.006000000052154064,0.006000000052154064,0.006000000052154064,0.0,0.006000000052154064
2012-09-06,0.006000000052154064,0.006000000052154064,0.006000000052154064,0.006000000052154064,0.0,0.006000000052154064
2012-09-07,0.006000000052154064,0.006000000052154064,0.006000000052154064,0.006000000052154064,0.0,0.006000000052154064
2012-09-10,0.006000000052154064,0.006000000052154064,0.006000000052154064,0.006000000052154064,0.0,0.006000000052154064
2012-09-11,0.006000000052154064,0.006000000052154064,0.006000000052154064,0.006000000052154064,0.0,0.006000000052154064
2012-09-12,0.006000000052154064,0.006000000052154064,0.006000000052154064,0.006000000052154064,0.0,0.006000000052154064
2012-09-13,0.006000000052154064,0.006000000052154064,0.006000000052154064,0.006000000052154064,0.0,0.006000000052154064
2012-09-14,0.006000000052154064,0.006000000052154064,0.006000000052154064,0.006000000052154064,0.0,0.006000000052154064
2012-09-17,0.006000000052154064,0.006000000052154064,0.006000000052154064,0.006000000052154064,0.0,0.006000000052154064
2012-09-18,0.006000000052154064,0.006000000052154064,0.006000000052154064,0.006000000052154064,0.0,0.006000000052154064
2012-09-19,0.006000000052154064,0.006000000052154064,0.006000000052154064,0.006000000052154064,0.0,0.006000000052154064
2012-09-20,0.006000000052154064,0.006000000052154064,0.006000000052154064,0.006000000052154064,0.0,0.006000000052154064
2012-09-21,0.006000000052154064,0.006000000052154064,0.006000000052154064,0.006000000052154064,0.0,0.006000000052154064
2012-09-24,0.006000000052154064,0.006000000052154064,0.006000000052154064,0.006000000052154064,0.0,0.006000000052154064
2012-09-25,0.006000000052154064,0.006000000052154064,0.006000000052154064,0.006000000052154064,250000.0,0.006000000052154064
2012-09-26,0.006000000052154064,0.006000000052154064,0.006000000052154064,0.006000000052154064,0.0,0.006000000052154064
2012-09-27,0.006000000052154064,0.006000000052154064,0.006000000052154064,0.006000000052154064,0.0,0.006000000052154064
2012-09-28,0.006000000052154064,0.006000000052154064,0.006000000052154064,0.006000000052154064,0.0,0.006000000052154064
2012-10-01,0.006000000052154064,0.006000000052154064,0.006000000052154064,0.006000000052154064,0.0,0.006000000052154064
2012-10-02,0.006000000052154064,0.006000000052154064,0.006000000052154064,0.006000000052154064,0.0,0.006000000052154064
2012-10-03,0.006000000052154064,0.006000000052154064,0.006000000052154064,0.006000000052154064,0.0,0.006000000052154064
2012-10-04,0.006000000052154064,0.006000000052154064,0.006000000052154064,0.006000000052154064,0.0,0.006000000052154064
2012-10-05,0.006000000052154064,0.006000000052154064,0.006000000052154064,0.006000000052154064,0.0,0.006000000052154064
2012-10-08,0.006000000052154064,0.006000000052154064,0.006000000052154064,0.006000000052154064,0.0,0.006000000052154064
2012-10-09,0.006000000052154064,0.006000000052154064,0.006000000052154064,0.006000000052154064,0.0,0.006000000052154064
2012-10-10,0.006000000052154064,0.006000000052154064,0.006000000052154064,0.006000000052154064,0.0,0.006000000052154064
2012-10-11,0.006000000052154064,0.006000000052154064,0.006000000052154064,0.006000000052154064,0.0,0.006000000052154064
2012-10-12,0.006000000052154064,0.006000000052154064,0.006000000052154064,0.006000000052154064,0.0,0.006000000052154064
2012-10-15,0.006000000052154064,0.006000000052154064,0.006000000052154064,0.006000000052154064,0.0,0.006000000052154064
2012-10-16,0.006000000052154064,0.006000000052154064,0.006000000052154064,0.006000000052154064,0.0,0.006000000052154064
2012-10-17,0.006000000052154064,0.006000000052154064,0.006000000052154064,0.006000000052154064,0.0,0.006000000052154064
2012-10-18,0.006000000052154064,0.006000000052154064,0.006000000052154064,0.006000000052154064,0.0,0.006000000052154064
2012-10-19,0.006000000052154064,0.006000000052154064,0.006000000052154064,0.006000000052154064,0.0,0.006000000052154064
2012-10-22,0.006000000052154064,0.006000000052154064,0.006000000052154064,0.006000000052154064,0.0,0.006000000052154064
2012-10-23,0.005100000184029341,0.005100000184029341,0.005100000184029341,0.005100000184029341,195000.0,0.005100000184029341
2012-10-24,0.005100000184029341,0.005100000184029341,0.005100000184029341,0.005100000184029341,0.0,0.005100000184029341
2012-10-25,0.005100000184029341,0.005100000184029341,0.005100000184029341,0.005100000184029341,0.0,0.005100000184029341
2012-10-26,0.005100000184029341,0.005100000184029341,0.005100000184029341,0.005100000184029341,0.0,0.005100000184029341
2012-10-31,0.005100000184029341,0.005100000184029341,0.005100000184029341,0.005100000184029341,0.0,0.005100000184029341
2012-11-01,0.005100000184029341,0.005100000184029341,0.005100000184029341,0.005100000184029341,0.0,0.005100000184029341
2012-11-02,0.005100000184029341,0.005100000184029341,0.005100000184029341,0.005100000184029341,0.0,0.005100000184029341
2012-11-05,0.005100000184029341,0.005100000184029341,0.005100000184029341,0.005100000184029341,0.0,0.005100000184029341
2012-11-06,0.005100000184029341,0.005100000184029341,0.005100000184029341,0.005100000184029341,0.0,0.005100000184029341
2012-11-07,0.005100000184029341,0.005100000184029341,0.005100000184029341,0.005100000184029341,0.0,0.005100000184029341
2012-11-08,0.006000000052154064,0.003100000089034438,0.006000000052154064,0.003100000089034438,80000.0,0.003100000089034438
2012-11-09,0.003100000089034438,0.003100000089034438,0.003100000089034438,0.003100000089034438,0.0,0.003100000089034438
2012-11-12,0.003100000089034438,0.003100000089034438,0.003100000089034438,0.003100000089034438,0.0,0.003100000089034438
2012-11-13,0.003100000089034438,0.003100000089034438,0.003100000089034438,0.003100000089034438,41000.0,0.003100000089034438
2012-11-14,0.003100000089034438,0.003100000089034438,0.003100000089034438,0.003100000089034438,0.0,0.003100000089034438
2012-11-15,0.003100000089034438,0.003100000089034438,0.003100000089034438,0.003100000089034438,0.0,0.003100000089034438
2012-11-16,0.003100000089034438,0.003100000089034438,0.003100000089034438,0.003100000089034438,0.0,0.003100000089034438
2012-11-19,0.003100000089034438,0.003100000089034438,0.003100000089034438,0.003100000089034438,0.0,0.003100000089034438
2012-11-20,0.003100000089034438,0.003100000089034438,0.003100000089034438,0.003100000089034438,0.0,0.003100000089034438
2012-11-21,0.003100000089034438,0.003100000089034438,0.003100000089034438,0.003100000089034438,0.0,0.003100000089034438
2012-11-23,0.003100000089034438,0.003100000089034438,0.003100000089034438,0.003100000089034438,0.0,0.003100000089034438
2012-11-26,0.0031999999191612005,0.0031999999191612005,0.0031999999191612005,0.0031999999191612005,4000.0,0.0031999999191612005
2012-11-27,0.0031999999191612005,0.0031999999191612005,0.0031999999191612005,0.0031999999191612005,0.0,0.0031999999191612005
2012-11-28,0.0031999999191612005,0.0031999999191612005,0.0031999999191612005,0.0031999999191612005,0.0,0.0031999999191612005
2012-11-29,0.0031999999191612005,0.0031999999191612005,0.0031999999191612005,0.0031999999191612005,0.0,0.0031999999191612005
2012-11-30,0.0031999999191612005,0.0031999999191612005,0.0031999999191612005,0.0031999999191612005,0.0,0.0031999999191612005
2012-12-03,0.0031999999191612005,0.0031999999191612005,0.0031999999191612005,0.0031999999191612005,0.0,0.0031999999191612005
2012-12-04,0.0031999999191612005,0.0031999999191612005,0.0031999999191612005,0.0031999999191612005,0.0,0.0031999999191612005
2012-12-05,0.0031999999191612005,0.0031999999191612005,0.0031999999191612005,0.0031999999191612005,0.0,0.0031999999191612005
2012-12-06,0.0031999999191612005,0.0031999999191612005,0.0031999999191612005,0.0031999999191612005,0.0,0.0031999999191612005
2012-12-07,0.0031999999191612005,0.002400000113993883,0.0031999999191612005,0.003000000026077032,322067.0,0.003000000026077032
2012-12-10,0.003000000026077032,0.003000000026077032,0.003000000026077032,0.003000000026077032,0.0,0.003000000026077032
2012-12-11,0.003000000026077032,0.003000000026077032,0.003000000026077032,0.003000000026077032,0.0,0.003000000026077032
2012-12-12,0.003000000026077032,0.003000000026077032,0.003000000026077032,0.003000000026077032,0.0,0.003000000026077032
2012-12-13,0.003000000026077032,0.003000000026077032,0.003000000026077032,0.003000000026077032,0.0,0.003000000026077032
2012-12-14,0.003000000026077032,0.003000000026077032,0.003000000026077032,0.003000000026077032,0.0,0.003000000026077032
2012-12-17,0.003000000026077032,0.003000000026077032,0.003000000026077032,0.003000000026077032,60000.0,0.003000000026077032
2012-12-18,0.003000000026077032,0.003000000026077032,0.003000000026077032,0.003000000026077032,1000.0,0.003000000026077032
2012-12-19,0.003000000026077032,0.003000000026077032,0.003000000026077032,0.003000000026077032,0.0,0.003000000026077032
2012-12-20,0.003000000026077032,0.003000000026077032,0.003000000026077032,0.003000000026077032,1000.0,0.003000000026077032
2012-12-21,0.003000000026077032,0.003000000026077032,0.003000000026077032,0.003000000026077032,0.0,0.003000000026077032
2012-12-24,0.003000000026077032,0.003000000026077032,0.003000000026077032,0.003000000026077032,0.0,0.003000000026077032
2012-12-26,0.003000000026077032,0.003000000026077032,0.003000000026077032,0.003000000026077032,0.0,0.003000000026077032
2012-12-27,0.003000000026077032,0.003000000026077032,0.003000000026077032,0.003000000026077032,0.0,0.003000000026077032
2012-12-28,0.003000000026077032,0.003000000026077032,0.003000000026077032,0.003000000026077032,0.0,0.003000000026077032
2012-12-31,0.0024999999441206455,0.0024999999441206455,0.0024999999441206455,0.0024999999441206455,750000.0,0.0024999999441206455
2013-01-02,0.0024999999441206455,0.0024999999441206455,0.0024999999441206455,0.0024999999441206455,0.0,0.0024999999441206455
2013-01-03,0.0044999998062849045,0.0027000000700354576,0.0027000000700354576,0.0044999998062849045,565850.0,0.0044999998062849045
2013-01-04,0.0044999998062849045,0.0044999998062849045,0.0044999998062849045,0.0044999998062849045,0.0,0.0044999998062849045
2013-01-07,0.0027000000700354576,0.0027000000700354576,0.0027000000700354576,0.0027000000700354576,5000.0,0.0027000000700354576
2013-01-08,0.0027000000700354576,0.0027000000700354576,0.0027000000700354576,0.0027000000700354576,0.0,0.0027000000700354576
2013-01-09,0.0027000000700354576,0.0027000000700354576,0.0027000000700354576,0.0027000000700354576,0.0,0.0027000000700354576
2013-01-10,0.0027000000700354576,0.0027000000700354576,0.0027000000700354576,0.0027000000700354576,0.0,0.0027000000700354576
2013-01-11,0.0027000000700354576,0.0027000000700354576,0.0027000000700354576,0.0027000000700354576,5000.0,0.0027000000700354576
2013-01-14,0.0027000000700354576,0.0027000000700354576,0.0027000000700354576,0.0027000000700354576,0.0,0.0027000000700354576
2013-01-15,0.0027000000700354576,0.0027000000700354576,0.0027000000700354576,0.0027000000700354576,0.0,0.0027000000700354576
2013-01-16,0.0027000000700354576,0.0027000000700354576,0.0027000000700354576,0.0027000000700354576,4500.0,0.0027000000700354576
2013-01-17,0.0027000000700354576,0.0027000000700354576,0.0027000000700354576,0.0027000000700354576,0.0,0.0027000000700354576
2013-01-18,0.0027000000700354576,0.0027000000700354576,0.0027000000700354576,0.0027000000700354576,0.0,0.0027000000700354576
2013-01-22,0.0027000000700354576,0.0027000000700354576,0.0027000000700354576,0.0027000000700354576,0.0,0.0027000000700354576
2013-01-23,0.0027000000700354576,0.0027000000700354576,0.0027000000700354576,0.0027000000700354576,0.0,0.0027000000700354576
2013-01-24,0.0027000000700354576,0.0027000000700354576,0.0027000000700354576,0.0027000000700354576,0.0,0.0027000000700354576
2013-01-25,0.0027000000700354576,0.0027000000700354576,0.0027000000700354576,0.0027000000700354576,0.0,0.0027000000700354576
2013-01-28,0.0027000000700354576,0.0027000000700354576,0.0027000000700354576,0.0027000000700354576,0.0,0.0027000000700354576
2013-01-29,0.0027000000700354576,0.0027000000700354576,0.0027000000700354576,0.0027000000700354576,0.0,0.0027000000700354576
2013-01-30,0.0027000000700354576,0.0027000000700354576,0.0027000000700354576,0.0027000000700354576,0.0,0.0027000000700354576
2013-01-31,0.0027000000700354576,0.0027000000700354576,0.0027000000700354576,0.0027000000700354576,0.0,0.0027000000700354576
2013-02-01,0.0027000000700354576,0.0027000000700354576,0.0027000000700354576,0.0027000000700354576,0.0,0.0027000000700354576
2013-02-04,0.0027000000700354576,0.0027000000700354576,0.0027000000700354576,0.0027000000700354576,0.0,0.0027000000700354576
2013-02-05,0.0027000000700354576,0.0027000000700354576,0.0027000000700354576,0.0027000000700354576,0.0,0.0027000000700354576
2013-02-06,0.0027000000700354576,0.0027000000700354576,0.0027000000700354576,0.0027000000700354576,0.0,0.0027000000700354576
2013-02-07,0.0027000000700354576,0.0027000000700354576,0.0027000000700354576,0.0027000000700354576,1000.0,0.0027000000700354576
2013-02-08,0.0027000000700354576,0.0027000000700354576,0.0027000000700354576,0.0027000000700354576,0.0,0.0027000000700354576
2013-02-11,0.0027000000700354576,0.0027000000700354576,0.0027000000700354576,0.0027000000700354576,0.0,0.0027000000700354576
2013-02-12,0.0027000000700354576,0.0027000000700354576,0.0027000000700354576,0.0027000000700354576,0.0,0.0027000000700354576
2013-02-13,0.0027000000700354576,0.0027000000700354576,0.0027000000700354576,0.0027000000700354576,0.0,0.0027000000700354576
2013-02-14,0.0027000000700354576,0.0027000000700354576,0.0027000000700354576,0.0027000000700354576,0.0,0.0027000000700354576
2013-02-15,0.0027000000700354576,0.0027000000700354576,0.0027000000700354576,0.0027000000700354576,10000.0,0.0027000000700354576
2013-02-19,0.0027000000700354576,0.0027000000700354576,0.0027000000700354576,0.0027000000700354576,0.0,0.0027000000700354576
2013-02-20,0.0027000000700354576,0.0027000000700354576,0.0027000000700354576,0.0027000000700354576,0.0,0.0027000000700354576
2013-02-21,0.0027000000700354576,0.0027000000700354576,0.0027000000700354576,0.0027000000700354576,10000.0,0.0027000000700354576
2013-02-22,0.0027000000700354576,0.0027000000700354576,0.0027000000700354576,0.0027000000700354576,0.0,0.0027000000700354576
2013-02-25,0.0026000000070780516,0.0026000000070780516,0.0026000000070780516,0.0026000000070780516,10000.0,0.0026000000070780516
2013-02-26,0.0026000000070780516,0.0026000000070780516,0.0026000000070780516,0.0026000000070780516,0.0,0.0026000000070780516
2013-02-27,0.0026000000070780516,0.0026000000070780516,0.0026000000070780516,0.0026000000070780516,0.0,0.0026000000070780516
2013-02-28,0.0026000000070780516,0.0026000000070780516,0.0026000000070780516,0.0026000000070780516,0.0,0.0026000000070780516
2013-03-01,0.0026000000070780516,0.0026000000070780516,0.0026000000070780516,0.0026000000070780516,0.0,0.0026000000070780516
2013-03-04,0.0026000000070780516,0.0026000000070780516,0.0026000000070780516,0.0026000000070780516,0.0,0.0026000000070780516
2013-03-05,0.0026000000070780516,0.0026000000070780516,0.0026000000070780516,0.0026000000070780516,0.0,0.0026000000070780516
2013-03-06,0.0026000000070780516,0.0026000000070780516,0.0026000000070780516,0.0026000000070780516,0.0,0.0026000000070780516
2013-03-07,0.0026000000070780516,0.0026000000070780516,0.0026000000070780516,0.0026000000070780516,0.0,0.0026000000070780516
2013-03-08,0.0026000000070780516,0.0026000000070780516,0.0026000000070780516,0.0026000000070780516,0.0,0.0026000000070780516
2013-03-11,0.0026000000070780516,0.0026000000070780516,0.0026000000070780516,0.0026000000070780516,37706.0,0.0026000000070780516
2013-03-12,0.0026000000070780516,0.0026000000070780516,0.0026000000070780516,0.0026000000070780516,0.0,0.0026000000070780516
2013-03-13,0.0026000000070780516,0.0026000000070780516,0.0026000000070780516,0.0026000000070780516,0.0,0.0026000000070780516
2013-03-14,0.0026000000070780516,0.0026000000070780516,0.0026000000070780516,0.0026000000070780516,0.0,0.0026000000070780516
2013-03-15,0.0026000000070780516,0.002400000113993883,0.0026000000070780516,0.002400000113993883,325350.0,0.002400000113993883
2013-03-18,0.002400000113993883,0.002400000113993883,0.002400000113993883,0.002400000113993883,0.0,0.002400000113993883
2013-03-19,0.002400000113993883,0.002400000113993883,0.002400000113993883,0.002400000113993883,0.0,0.002400000113993883
2013-03-20,0.002400000113993883,0.002400000113993883,0.002400000113993883,0.002400000113993883,0.0,0.002400000113993883
2013-03-21,0.002400000113993883,0.002400000113993883,0.002400000113993883,0.002400000113993883,0.0,0.002400000113993883
2013-03-22,0.002400000113993883,0.002400000113993883,0.002400000113993883,0.002400000113993883,0.0,0.002400000113993883
2013-03-25,0.002400000113993883,0.002400000113993883,0.002400000113993883,0.002400000113993883,0.0,0.002400000113993883
2013-03-26,0.003000000026077032,0.002400000113993883,0.002400000113993883,0.003000000026077032,60000.0,0.003000000026077032
2013-03-27,0.003000000026077032,0.003000000026077032,0.003000000026077032,0.003000000026077032,0.0,0.003000000026077032
2013-03-28,0.003000000026077032,0.003000000026077032,0.003000000026077032,0.003000000026077032,0.0,0.003000000026077032
2013-04-01,0.003000000026077032,0.003000000026077032,0.003000000026077032,0.003000000026077032,0.0,0.003000000026077032
2013-04-02,0.003000000026077032,0.003000000026077032,0.003000000026077032,0.003000000026077032,0.0,0.003000000026077032
2013-04-03,0.003000000026077032,0.003000000026077032,0.003000000026077032,0.003000000026077032,0.0,0.003000000026077032
2013-04-04,0.003000000026077032,0.003000000026077032,0.003000000026077032,0.003000000026077032,0.0,0.003000000026077032
2013-04-05,0.003000000026077032,0.003000000026077032,0.003000000026077032,0.003000000026077032,0.0,0.003000000026077032
2013-04-08,0.003000000026077032,0.003000000026077032,0.003000000026077032,0.003000000026077032,0.0,0.003000000026077032
2013-04-09,0.003000000026077032,0.003000000026077032,0.003000000026077032,0.003000000026077032,0.0,0.003000000026077032
2013-04-10,0.003000000026077032,0.003000000026077032,0.003000000026077032,0.003000000026077032,0.0,0.003000000026077032
2013-04-11,0.003000000026077032,0.003000000026077032,0.003000000026077032,0.003000000026077032,0.0,0.003000000026077032
2013-04-12,0.003000000026077032,0.003000000026077032,0.003000000026077032,0.003000000026077032,0.0,0.003000000026077032
2013-04-15,0.003000000026077032,0.003000000026077032,0.003000000026077032,0.003000000026077032,0.0,0.003000000026077032
2013-04-16,0.003000000026077032,0.003000000026077032,0.003000000026077032,0.003000000026077032,0.0,0.003000000026077032
2013-04-17,0.003000000026077032,0.003000000026077032,0.003000000026077032,0.003000000026077032,0.0,0.003000000026077032
2013-04-18,0.003000000026077032,0.003000000026077032,0.003000000026077032,0.003000000026077032,0.0,0.003000000026077032
2013-04-19,0.003000000026077032,0.003000000026077032,0.003000000026077032,0.003000000026077032,0.0,0.003000000026077032
2013-04-22,0.003000000026077032,0.003000000026077032,0.003000000026077032,0.003000000026077032,0.0,0.003000000026077032
2013-04-23,0.003000000026077032,0.003000000026077032,0.003000000026077032,0.003000000026077032,0.0,0.003000000026077032
2013-04-24,0.003000000026077032,0.003000000026077032,0.003000000026077032,0.003000000026077032,20000.0,0.003000000026077032
2013-04-25,0.003000000026077032,0.003000000026077032,0.003000000026077032,0.003000000026077032,0.0,0.003000000026077032
2013-04-26,0.003000000026077032,0.003000000026077032,0.003000000026077032,0.003000000026077032,0.0,0.003000000026077032
2013-04-29,0.003000000026077032,0.003000000026077032,0.003000000026077032,0.003000000026077032,0.0,0.003000000026077032
2013-04-30,0.003000000026077032,0.003000000026077032,0.003000000026077032,0.003000000026077032,0.0,0.003000000026077032
2013-05-01,0.0024999999441206455,0.002300000051036477,0.0024999999441206455,0.002300000051036477,500000.0,0.002300000051036477
2013-05-02,0.0024999999441206455,0.002300000051036477,0.002300000051036477,0.0024999999441206455,479000.0,0.0024999999441206455
2013-05-03,0.0024999999441206455,0.0024999999441206455,0.0024999999441206455,0.0024999999441206455,0.0,0.0024999999441206455
2013-05-06,0.0024999999441206455,0.0024999999441206455,0.0024999999441206455,0.0024999999441206455,0.0,0.0024999999441206455
2013-05-07,0.0024999999441206455,0.0024999999441206455,0.0024999999441206455,0.0024999999441206455,0.0,0.0024999999441206455
2013-05-08,0.0024999999441206455,0.0024999999441206455,0.0024999999441206455,0.0024999999441206455,0.0,0.0024999999441206455
2013-05-09,0.0024999999441206455,0.0024999999441206455,0.0024999999441206455,0.0024999999441206455,0.0,0.0024999999441206455
2013-05-10,0.0024999999441206455,0.0024999999441206455,0.0024999999441206455,0.0024999999441206455,0.0,0.0024999999441206455
2013-05-13,0.0024999999441206455,0.0024999999441206455,0.0024999999441206455,0.0024999999441206455,0.0,0.0024999999441206455
2013-05-14,0.0024999999441206455,0.0024999999441206455,0.0024999999441206455,0.0024999999441206455,1250.0,0.0024999999441206455
2013-05-15,0.0024999999441206455,0.0024999999441206455,0.0024999999441206455,0.0024999999441206455,0.0,0.0024999999441206455
2013-05-16,0.0024999999441206455,0.0024999999441206455,0.0024999999441206455,0.0024999999441206455,0.0,0.0024999999441206455
2013-05-17,0.0024999999441206455,0.0024999999441206455,0.0024999999441206455,0.0024999999441206455,0.0,0.0024999999441206455
2013-05-20,0.0024999999441206455,0.0024999999441206455,0.0024999999441206455,0.0024999999441206455,0.0,0.0024999999441206455
2013-05-21,0.0024999999441206455,0.0024999999441206455,0.0024999999441206455,0.0024999999441206455,0.0,0.0024999999441206455
2013-05-22,0.0024999999441206455,0.0024999999441206455,0.0024999999441206455,0.0024999999441206455,0.0,0.0024999999441206455
2013-05-23,0.0024999999441206455,0.0024999999441206455,0.0024999999441206455,0.0024999999441206455,0.0,0.0024999999441206455
2013-05-24,0.0024999999441206455,0.0024999999441206455,0.0024999999441206455,0.0024999999441206455,0.0,0.0024999999441206455
2013-05-28,0.0024999999441206455,0.0024999999441206455,0.0024999999441206455,0.0024999999441206455,190000.0,0.0024999999441206455
2013-05-29,0.0024999999441206455,0.0024999999441206455,0.0024999999441206455,0.0024999999441206455,0.0,0.0024999999441206455
2013-05-30,0.0024999999441206455,0.0024999999441206455,0.0024999999441206455,0.0024999999441206455,0.0,0.0024999999441206455
2013-05-31,0.0024999999441206455,0.0024999999441206455,0.0024999999441206455,0.0024999999441206455,0.0,0.0024999999441206455
2013-06-03,0.0024999999441206455,0.0024999999441206455,0.0024999999441206455,0.0024999999441206455,0.0,0.0024999999441206455
2013-06-04,0.0024999999441206455,0.0024999999441206455,0.0024999999441206455,0.0024999999441206455,0.0,0.0024999999441206455
2013-06-05,0.0024999999441206455,0.0024999999441206455,0.0024999999441206455,0.0024999999441206455,0.0,0.0024999999441206455
2013-06-06,0.0024999999441206455,0.0024999999441206455,0.0024999999441206455,0.0024999999441206455,0.0,0.0024999999441206455
2013-06-07,0.0024999999441206455,0.0024999999441206455,0.0024999999441206455,0.0024999999441206455,0.0,0.0024999999441206455
2013-06-10,0.0024999999441206455,0.0024999999441206455,0.0024999999441206455,0.0024999999441206455,0.0,0.0024999999441206455
2013-06-11,0.0024999999441206455,0.0024999999441206455,0.0024999999441206455,0.0024999999441206455,0.0,0.0024999999441206455
2013-06-12,0.0024999999441206455,0.0024999999441206455,0.0024999999441206455,0.0024999999441206455,0.0,0.0024999999441206455
2013-06-13,0.0024999999441206455,0.0024999999441206455,0.0024999999441206455,0.0024999999441206455,0.0,0.0024999999441206455
2013-06-14,0.0024999999441206455,0.0024999999441206455,0.0024999999441206455,0.0024999999441206455,0.0,0.0024999999441206455
2013-06-17,0.0024999999441206455,0.0024999999441206455,0.0024999999441206455,0.0024999999441206455,0.0,0.0024999999441206455
2013-06-18,0.0024999999441206455,0.0024999999441206455,0.0024999999441206455,0.0024999999441206455,0.0,0.0024999999441206455
2013-06-19,0.0024999999441206455,0.0024999999441206455,0.0024999999441206455,0.0024999999441206455,0.0,0.0024999999441206455
2013-06-20,0.0024999999441206455,0.0024999999441206455,0.0024999999441206455,0.0024999999441206455,0.0,0.0024999999441206455
2013-06-21,0.0024999999441206455,0.0024999999441206455,0.0024999999441206455,0.0024999999441206455,0.0,0.0024999999441206455
2013-06-24,0.0024999999441206455,0.0024999999441206455,0.0024999999441206455,0.0024999999441206455,0.0,0.0024999999441206455
2013-06-25,0.0024999999441206455,0.0024999999441206455,0.0024999999441206455,0.0024999999441206455,0.0,0.0024999999441206455
2013-06-26,0.0024999999441206455,0.0024999999441206455,0.0024999999441206455,0.0024999999441206455,0.0,0.0024999999441206455
2013-06-27,0.0024999999441206455,0.0024999999441206455,0.0024999999441206455,0.0024999999441206455,0.0,0.0024999999441206455
2013-06-28,0.0024999999441206455,0.0024999999441206455,0.0024999999441206455,0.0024999999441206455,0.0,0.0024999999441206455
2013-07-01,0.0024999999441206455,0.0024999999441206455,0.0024999999441206455,0.0024999999441206455,0.0,0.0024999999441206455
2013-07-02,0.0024999999441206455,0.0024999999441206455,0.0024999999441206455,0.0024999999441206455,0.0,0.0024999999441206455
2013-07-03,0.0024999999441206455,0.0024999999441206455,0.0024999999441206455,0.0024999999441206455,0.0,0.0024999999441206455
2013-07-05,0.0024999999441206455,0.0024999999441206455,0.0024999999441206455,0.0024999999441206455,0.0,0.0024999999441206455
2013-07-08,0.0024999999441206455,0.0024999999441206455,0.0024999999441206455,0.0024999999441206455,0.0,0.0024999999441206455
2013-07-09,0.0024999999441206455,0.0024999999441206455,0.0024999999441206455,0.0024999999441206455,0.0,0.0024999999441206455
2013-07-10,0.0024999999441206455,0.0024999999441206455,0.0024999999441206455,0.0024999999441206455,0.0,0.0024999999441206455
2013-07-11,0.0024999999441206455,0.0024999999441206455,0.0024999999441206455,0.0024999999441206455,0.0,0.0024999999441206455
2013-07-12,0.0024999999441206455,0.0024999999441206455,0.0024999999441206455,0.0024999999441206455,0.0,0.0024999999441206455
2013-07-15,0.0024999999441206455,0.0024999999441206455,0.0024999999441206455,0.0024999999441206455,0.0,0.0024999999441206455
2013-07-16,0.0024999999441206455,0.0024999999441206455,0.0024999999441206455,0.0024999999441206455,0.0,0.0024999999441206455
2013-07-17,0.0024999999441206455,0.0024999999441206455,0.0024999999441206455,0.0024999999441206455,0.0,0.0024999999441206455
2013-07-18,0.0024999999441206455,0.0024999999441206455,0.0024999999441206455,0.0024999999441206455,0.0,0.0024999999441206455
2013-07-19,0.0024999999441206455,0.0024999999441206455,0.0024999999441206455,0.0024999999441206455,0.0,0.0024999999441206455
2013-07-22,0.0024999999441206455,0.0024999999441206455,0.0024999999441206455,0.0024999999441206455,0.0,0.0024999999441206455
2013-07-23,0.0024999999441206455,0.0024999999441206455,0.0024999999441206455,0.0024999999441206455,0.0,0.0024999999441206455
2013-07-24,0.0024999999441206455,0.0024999999441206455,0.0024999999441206455,0.0024999999441206455,50000.0,0.0024999999441206455
2013-07-25,0.0024999999441206455,0.0024999999441206455,0.0024999999441206455,0.0024999999441206455,0.0,0.0024999999441206455
2013-07-26,0.0024999999441206455,0.0024999999441206455,0.0024999999441206455,0.0024999999441206455,0.0,0.0024999999441206455
2013-07-29,0.0024999999441206455,0.0024999999441206455,0.0024999999441206455,0.0024999999441206455,15000.0,0.0024999999441206455
2013-07-30,0.0024999999441206455,0.0024999999441206455,0.0024999999441206455,0.0024999999441206455,0.0,0.0024999999441206455
2013-07-31,0.0024999999441206455,0.0024999999441206455,0.0024999999441206455,0.0024999999441206455,0.0,0.0024999999441206455
2013-08-01,0.0024999999441206455,0.0024999999441206455,0.0024999999441206455,0.0024999999441206455,0.0,0.0024999999441206455
2013-08-02,0.0024999999441206455,0.0024999999441206455,0.0024999999441206455,0.0024999999441206455,0.0,0.0024999999441206455
2013-08-05,0.0024999999441206455,0.0024999999441206455,0.0024999999441206455,0.0024999999441206455,0.0,0.0024999999441206455
2013-08-06,0.0024999999441206455,0.0024999999441206455,0.0024999999441206455,0.0024999999441206455,0.0,0.0024999999441206455
2013-08-07,0.0024999999441206455,0.0024999999441206455,0.0024999999441206455,0.0024999999441206455,0.0,0.0024999999441206455
2013-08-08,0.0024999999441206455,0.0024999999441206455,0.0024999999441206455,0.0024999999441206455,0.0,0.0024999999441206455
2013-08-09,0.0024999999441206455,0.0024999999441206455,0.0024999999441206455,0.0024999999441206455,0.0,0.0024999999441206455
2013-08-12,0.0024999999441206455,0.0024999999441206455,0.0024999999441206455,0.0024999999441206455,0.0,0.0024999999441206455
2013-08-13,0.0024999999441206455,0.0024999999441206455,0.0024999999441206455,0.0024999999441206455,0.0,0.0024999999441206455
2013-08-14,0.0024999999441206455,0.0024999999441206455,0.0024999999441206455,0.0024999999441206455,0.0,0.0024999999441206455
2013-08-15,0.0024999999441206455,0.0024999999441206455,0.0024999999441206455,0.0024999999441206455,0.0,0.0024999999441206455
2013-08-16,0.0024999999441206455,0.0024999999441206455,0.0024999999441206455,0.0024999999441206455,0.0,0.0024999999441206455
2013-08-19,0.0024999999441206455,0.0024999999441206455,0.0024999999441206455,0.0024999999441206455,0.0,0.0024999999441206455
2013-08-20,0.0024999999441206455,0.0024999999441206455,0.0024999999441206455,0.0024999999441206455,0.0,0.0024999999441206455
2013-08-21,0.0024999999441206455,0.0024999999441206455,0.0024999999441206455,0.0024999999441206455,0.0,0.0024999999441206455
2013-08-22,0.0024999999441206455,0.0024999999441206455,0.0024999999441206455,0.0024999999441206455,0.0,0.0024999999441206455
2013-08-23,0.0024999999441206455,0.0024999999441206455,0.0024999999441206455,0.0024999999441206455,50000.0,0.0024999999441206455
2013-08-26,0.0024999999441206455,0.0024999999441206455,0.0024999999441206455,0.0024999999441206455,0.0,0.0024999999441206455
2013-08-27,0.0024999999441206455,0.0024999999441206455,0.0024999999441206455,0.0024999999441206455,0.0,0.0024999999441206455
2013-08-28,0.0024999999441206455,0.0024999999441206455,0.0024999999441206455,0.0024999999441206455,0.0,0.0024999999441206455
2013-08-29,0.0024999999441206455,0.0024999999441206455,0.0024999999441206455,0.0024999999441206455,0.0,0.0024999999441206455
2013-08-30,0.0024999999441206455,0.0024999999441206455,0.0024999999441206455,0.0024999999441206455,0.0,0.0024999999441206455
2013-09-03,0.0024999999441206455,0.0024999999441206455,0.0024999999441206455,0.0024999999441206455,0.0,0.0024999999441206455
2013-09-04,0.0024999999441206455,0.0024999999441206455,0.0024999999441206455,0.0024999999441206455,0.0,0.0024999999441206455
2013-09-05,0.0024999999441206455,0.0024999999441206455,0.0024999999441206455,0.0024999999441206455,0.0,0.0024999999441206455
2013-09-06,0.0026000000070780516,0.0026000000070780516,0.0026000000070780516,0.0026000000070780516,5000.0,0.0026000000070780516
2013-09-09,0.0026000000070780516,0.0026000000070780516,0.0026000000070780516,0.0026000000070780516,0.0,0.0026000000070780516
2013-09-10,0.0026000000070780516,0.0026000000070780516,0.0026000000070780516,0.0026000000070780516,0.0,0.0026000000070780516
2013-09-11,0.0026000000070780516,0.0026000000070780516,0.0026000000070780516,0.0026000000070780516,0.0,0.0026000000070780516
2013-09-12,0.0026000000070780516,0.0026000000070780516,0.0026000000070780516,0.0026000000070780516,0.0,0.0026000000070780516
2013-09-13,0.0026000000070780516,0.0026000000070780516,0.0026000000070780516,0.0026000000070780516,0.0,0.0026000000070780516
2013-09-16,0.0026000000070780516,0.0026000000070780516,0.0026000000070780516,0.0026000000070780516,0.0,0.0026000000070780516
2013-09-17,0.0026000000070780516,0.0026000000070780516,0.0026000000070780516,0.0026000000070780516,0.0,0.0026000000070780516
2013-09-18,0.0026000000070780516,0.0026000000070780516,0.0026000000070780516,0.0026000000070780516,0.0,0.0026000000070780516
2013-09-19,0.0026000000070780516,0.0026000000070780516,0.0026000000070780516,0.0026000000070780516,0.0,0.0026000000070780516
2013-09-20,0.0026000000070780516,0.0026000000070780516,0.0026000000070780516,0.0026000000070780516,0.0,0.0026000000070780516
2013-09-23,0.0026000000070780516,0.0026000000070780516,0.0026000000070780516,0.0026000000070780516,0.0,0.0026000000070780516
2013-09-24,0.0026000000070780516,0.0026000000070780516,0.0026000000070780516,0.0026000000070780516,0.0,0.0026000000070780516
2013-09-25,0.0026000000070780516,0.0026000000070780516,0.0026000000070780516,0.0026000000070780516,0.0,0.0026000000070780516
2013-09-26,0.0026000000070780516,0.0026000000070780516,0.0026000000070780516,0.0026000000070780516,0.0,0.0026000000070780516
2013-09-27,0.0026000000070780516,0.0026000000070780516,0.0026000000070780516,0.0026000000070780516,0.0,0.0026000000070780516
2013-09-30,0.0026000000070780516,0.0026000000070780516,0.0026000000070780516,0.0026000000070780516,0.0,0.0026000000070780516
2013-10-01,0.0026000000070780516,0.0026000000070780516,0.0026000000070780516,0.0026000000070780516,0.0,0.0026000000070780516
2013-10-02,0.0026000000070780516,0.0026000000070780516,0.0026000000070780516,0.0026000000070780516,0.0,0.0026000000070780516
2013-10-03,0.0026000000070780516,0.0026000000070780516,0.0026000000070780516,0.0026000000070780516,0.0,0.0026000000070780516
2013-10-04,0.0026000000070780516,0.0026000000070780516,0.0026000000070780516,0.0026000000070780516,0.0,0.0026000000070780516
2013-10-07,0.0026000000070780516,0.0026000000070780516,0.0026000000070780516,0.0026000000070780516,0.0,0.0026000000070780516
2013-10-08,0.0026000000070780516,0.0026000000070780516,0.0026000000070780516,0.0026000000070780516,0.0,0.0026000000070780516
2013-10-09,0.0026000000070780516,0.0026000000070780516,0.0026000000070780516,0.0026000000070780516,0.0,0.0026000000070780516
2013-10-10,0.0026000000070780516,0.0026000000070780516,0.0026000000070780516,0.0026000000070780516,0.0,0.0026000000070780516
2013-10-11,0.0026000000070780516,0.0026000000070780516,0.0026000000070780516,0.0026000000070780516,0.0,0.0026000000070780516
2013-10-14,0.0026000000070780516,0.0026000000070780516,0.0026000000070780516,0.0026000000070780516,0.0,0.0026000000070780516
2013-10-15,0.0026000000070780516,0.0026000000070780516,0.0026000000070780516,0.0026000000070780516,0.0,0.0026000000070780516
2013-10-16,0.0026000000070780516,0.0026000000070780516,0.0026000000070780516,0.0026000000070780516,0.0,0.0026000000070780516
2013-10-17,0.0026000000070780516,0.0026000000070780516,0.0026000000070780516,0.0026000000070780516,0.0,0.0026000000070780516
2013-10-18,0.0026000000070780516,0.0026000000070780516,0.0026000000070780516,0.0026000000070780516,0.0,0.0026000000070780516
2013-10-21,0.0026000000070780516,0.0026000000070780516,0.0026000000070780516,0.0026000000070780516,0.0,0.0026000000070780516
2013-10-22,0.0026000000070780516,0.0026000000070780516,0.0026000000070780516,0.0026000000070780516,0.0,0.0026000000070780516
2013-10-23,0.0026000000070780516,0.0026000000070780516,0.0026000000070780516,0.0026000000070780516,0.0,0.0026000000070780516
2013-10-24,0.0026000000070780516,0.0026000000070780516,0.0026000000070780516,0.0026000000070780516,0.0,0.0026000000070780516
2013-10-25,0.0026000000070780516,0.0026000000070780516,0.0026000000070780516,0.0026000000070780516,4500.0,0.0026000000070780516
2013-10-28,0.0026000000070780516,0.0026000000070780516,0.0026000000070780516,0.0026000000070780516,0.0,0.0026000000070780516
2013-10-29,0.0026000000070780516,0.0026000000070780516,0.0026000000070780516,0.0026000000070780516,1000.0,0.0026000000070780516
2013-10-30,0.0026000000070780516,0.0026000000070780516,0.0026000000070780516,0.0026000000070780516,0.0,0.0026000000070780516
2013-10-31,0.0026000000070780516,0.0026000000070780516,0.0026000000070780516,0.0026000000070780516,0.0,0.0026000000070780516
2013-11-01,0.0026000000070780516,0.0026000000070780516,0.0026000000070780516,0.0026000000070780516,0.0,0.0026000000070780516
2013-11-04,0.0026000000070780516,0.0026000000070780516,0.0026000000070780516,0.0026000000070780516,0.0,0.0026000000070780516
2013-11-05,0.0026000000070780516,0.0026000000070780516,0.0026000000070780516,0.0026000000070780516,0.0,0.0026000000070780516
2013-11-06,0.0026000000070780516,0.0026000000070780516,0.0026000000070780516,0.0026000000070780516,0.0,0.0026000000070780516
2013-11-07,0.0026000000070780516,0.0026000000070780516,0.0026000000070780516,0.0026000000070780516,0.0,0.0026000000070780516
2013-11-08,0.0026000000070780516,0.0026000000070780516,0.0026000000070780516,0.0026000000070780516,14588.0,0.0026000000070780516
2013-11-11,0.0026000000070780516,0.0026000000070780516,0.0026000000070780516,0.0026000000070780516,0.0,0.0026000000070780516
2013-11-12,0.0026000000070780516,0.0026000000070780516,0.0026000000070780516,0.0026000000070780516,0.0,0.0026000000070780516
2013-11-13,0.0026000000070780516,0.0026000000070780516,0.0026000000070780516,0.0026000000070780516,0.0,0.0026000000070780516
2013-11-14,0.0026000000070780516,0.0026000000070780516,0.0026000000070780516,0.0026000000070780516,0.0,0.0026000000070780516
2013-11-15,0.0026000000070780516,0.0026000000070780516,0.0026000000070780516,0.0026000000070780516,0.0,0.0026000000070780516
2013-11-18,0.0026000000070780516,0.0026000000070780516,0.0026000000070780516,0.0026000000070780516,0.0,0.0026000000070780516
2013-11-19,0.0026000000070780516,0.0026000000070780516,0.0026000000070780516,0.0026000000070780516,0.0,0.0026000000070780516
2013-11-20,0.0026000000070780516,0.0026000000070780516,0.0026000000070780516,0.0026000000070780516,0.0,0.0026000000070780516
2013-11-21,0.0026000000070780516,0.0026000000070780516,0.0026000000070780516,0.0026000000070780516,0.0,0.0026000000070780516
2013-11-22,0.0026000000070780516,0.0026000000070780516,0.0026000000070780516,0.0026000000070780516,0.0,0.0026000000070780516
2013-11-25,0.0026000000070780516,0.0026000000070780516,0.0026000000070780516,0.0026000000070780516,0.0,0.0026000000070780516
2013-11-26,0.0026000000070780516,0.0026000000070780516,0.0026000000070780516,0.0026000000070780516,0.0,0.0026000000070780516
2013-11-27,0.009999999776482582,0.003000000026077032,0.003000000026077032,0.009999999776482582,675000.0,0.009999999776482582
2013-11-29,0.009999999776482582,0.009999999776482582,0.009999999776482582,0.009999999776482582,0.0,0.009999999776482582
2013-12-02,0.003100000089034438,0.003100000089034438,0.003100000089034438,0.003100000089034438,100000.0,0.003100000089034438
2013-12-03,0.003100000089034438,0.003100000089034438,0.003100000089034438,0.003100000089034438,0.0,0.003100000089034438
2013-12-04,0.0031999999191612005,0.0031999999191612005,0.0031999999191612005,0.0031999999191612005,5000.0,0.0031999999191612005
2013-12-05,0.0031999999191612005,0.0031999999191612005,0.0031999999191612005,0.0031999999191612005,0.0,0.0031999999191612005
2013-12-06,0.0031999999191612005,0.0031999999191612005,0.0031999999191612005,0.0031999999191612005,0.0,0.0031999999191612005
2013-12-09,0.0031999999191612005,0.0031999999191612005,0.0031999999191612005,0.0031999999191612005,5000.0,0.0031999999191612005
2013-12-10,0.0031999999191612005,0.0031999999191612005,0.0031999999191612005,0.0031999999191612005,0.0,0.0031999999191612005
2013-12-11,0.0031999999191612005,0.0031999999191612005,0.0031999999191612005,0.0031999999191612005,0.0,0.0031999999191612005
2013-12-12,0.0031999999191612005,0.0031999999191612005,0.0031999999191612005,0.0031999999191612005,0.0,0.0031999999191612005
2013-12-13,0.0031999999191612005,0.0031999999191612005,0.0031999999191612005,0.0031999999191612005,0.0,0.0031999999191612005
2013-12-16,0.0031999999191612005,0.0031999999191612005,0.0031999999191612005,0.0031999999191612005,0.0,0.0031999999191612005
2013-12-17,0.0031999999191612005,0.0031999999191612005,0.0031999999191612005,0.0031999999191612005,100000.0,0.0031999999191612005
2013-12-18,0.0031999999191612005,0.0031999999191612005,0.0031999999191612005,0.0031999999191612005,0.0,0.0031999999191612005
2013-12-19,0.0031999999191612005,0.0031999999191612005,0.0031999999191612005,0.0031999999191612005,0.0,0.0031999999191612005
2013-12-20,0.0031999999191612005,0.0031999999191612005,0.0031999999191612005,0.0031999999191612005,0.0,0.0031999999191612005
2013-12-23,0.003599999938160181,0.003599999938160181,0.003599999938160181,0.003599999938160181,30000.0,0.003599999938160181
2013-12-24,0.003599999938160181,0.003599999938160181,0.003599999938160181,0.003599999938160181,0.0,0.003599999938160181
2013-12-26,0.003599999938160181,0.003599999938160181,0.003599999938160181,0.003599999938160181,0.0,0.003599999938160181
2013-12-27,0.003599999938160181,0.003599999938160181,0.003599999938160181,0.003599999938160181,0.0,0.003599999938160181
2013-12-30,0.003599999938160181,0.003599999938160181,0.003599999938160181,0.003599999938160181,0.0,0.003599999938160181
2013-12-31,0.003599999938160181,0.003599999938160181,0.003599999938160181,0.003599999938160181,10000.0,0.003599999938160181
2014-01-02,0.003599999938160181,0.003599999938160181,0.003599999938160181,0.003599999938160181,0.0,0.003599999938160181
2014-01-03,0.003599999938160181,0.003599999938160181,0.003599999938160181,0.003599999938160181,0.0,0.003599999938160181
2014-01-06,0.003599999938160181,0.003599999938160181,0.003599999938160181,0.003599999938160181,0.0,0.003599999938160181
2014-01-07,0.003599999938160181,0.003599999938160181,0.003599999938160181,0.003599999938160181,0.0,0.003599999938160181
2014-01-08,0.003599999938160181,0.003599999938160181,0.003599999938160181,0.003599999938160181,0.0,0.003599999938160181
2014-01-09,0.003599999938160181,0.003599999938160181,0.003599999938160181,0.003599999938160181,0.0,0.003599999938160181
2014-01-10,0.003599999938160181,0.003599999938160181,0.003599999938160181,0.003599999938160181,0.0,0.003599999938160181
2014-01-13,0.003599999938160181,0.003599999938160181,0.003599999938160181,0.003599999938160181,0.0,0.003599999938160181
2014-01-14,0.004000000189989805,0.004000000189989805,0.004000000189989805,0.004000000189989805,6000.0,0.004000000189989805
2014-01-15,0.004000000189989805,0.004000000189989805,0.004000000189989805,0.004000000189989805,4000.0,0.004000000189989805
2014-01-16,0.004000000189989805,0.004000000189989805,0.004000000189989805,0.004000000189989805,0.0,0.004000000189989805
2014-01-17,0.004000000189989805,0.004000000189989805,0.004000000189989805,0.004000000189989805,0.0,0.004000000189989805
2014-01-21,0.004000000189989805,0.004000000189989805,0.004000000189989805,0.004000000189989805,0.0,0.004000000189989805
2014-01-22,0.004000000189989805,0.004000000189989805,0.004000000189989805,0.004000000189989805,0.0,0.004000000189989805
2014-01-23,0.004000000189989805,0.004000000189989805,0.004000000189989805,0.004000000189989805,0.0,0.004000000189989805
2014-01-24,0.004000000189989805,0.004000000189989805,0.004000000189989805,0.004000000189989805,0.0,0.004000000189989805
2014-01-27,0.004000000189989805,0.004000000189989805,0.004000000189989805,0.004000000189989805,0.0,0.004000000189989805
2014-01-28,0.004000000189989805,0.004000000189989805,0.004000000189989805,0.004000000189989805,0.0,0.004000000189989805
2014-01-29,0.004000000189989805,0.004000000189989805,0.004000000189989805,0.004000000189989805,0.0,0.004000000189989805
2014-01-30,0.004000000189989805,0.004000000189989805,0.004000000189989805,0.004000000189989805,0.0,0.004000000189989805
2014-01-31,0.004000000189989805,0.004000000189989805,0.004000000189989805,0.004000000189989805,0.0,0.004000000189989805
2014-02-03,0.004000000189989805,0.004000000189989805,0.004000000189989805,0.004000000189989805,0.0,0.004000000189989805
2014-02-04,0.004000000189989805,0.004000000189989805,0.004000000189989805,0.004000000189989805,0.0,0.004000000189989805
2014-02-05,0.004000000189989805,0.004000000189989805,0.004000000189989805,0.004000000189989805,0.0,0.004000000189989805
2014-02-06,0.004000000189989805,0.004000000189989805,0.004000000189989805,0.004000000189989805,0.0,0.004000000189989805
2014-02-07,0.004000000189989805,0.004000000189989805,0.004000000189989805,0.004000000189989805,0.0,0.004000000189989805
2014-02-10,0.004000000189989805,0.004000000189989805,0.004000000189989805,0.004000000189989805,0.0,0.004000000189989805
2014-02-11,0.004000000189989805,0.004000000189989805,0.004000000189989805,0.004000000189989805,0.0,0.004000000189989805
2014-02-12,0.004000000189989805,0.004000000189989805,0.004000000189989805,0.004000000189989805,0.0,0.004000000189989805
2014-02-13,0.004000000189989805,0.004000000189989805,0.004000000189989805,0.004000000189989805,0.0,0.004000000189989805
2014-02-14,0.004000000189989805,0.004000000189989805,0.004000000189989805,0.004000000189989805,0.0,0.004000000189989805
2014-02-18,0.004000000189989805,0.004000000189989805,0.004000000189989805,0.004000000189989805,0.0,0.004000000189989805
2014-02-19,0.004000000189989805,0.004000000189989805,0.004000000189989805,0.004000000189989805,0.0,0.004000000189989805
2014-02-20,0.004000000189989805,0.004000000189989805,0.004000000189989805,0.004000000189989805,0.0,0.004000000189989805
2014-02-21,0.004000000189989805,0.004000000189989805,0.004000000189989805,0.004000000189989805,0.0,0.004000000189989805
2014-02-24,0.004000000189989805,0.004000000189989805,0.004000000189989805,0.004000000189989805,0.0,0.004000000189989805
2014-02-25,0.004000000189989805,0.004000000189989805,0.004000000189989805,0.004000000189989805,0.0,0.004000000189989805
2014-02-26,0.004000000189989805,0.004000000189989805,0.004000000189989805,0.004000000189989805,0.0,0.004000000189989805
2014-02-27,0.004000000189989805,0.004000000189989805,0.004000000189989805,0.004000000189989805,0.0,0.004000000189989805
2014-02-28,0.004000000189989805,0.004000000189989805,0.004000000189989805,0.004000000189989805,0.0,0.004000000189989805
2014-03-03,0.004000000189989805,0.004000000189989805,0.004000000189989805,0.004000000189989805,0.0,0.004000000189989805
2014-03-04,0.004000000189989805,0.004000000189989805,0.004000000189989805,0.004000000189989805,0.0,0.004000000189989805
2014-03-05,0.004000000189989805,0.004000000189989805,0.004000000189989805,0.004000000189989805,0.0,0.004000000189989805
2014-03-06,0.004000000189989805,0.004000000189989805,0.004000000189989805,0.004000000189989805,0.0,0.004000000189989805
2014-03-07,0.004000000189989805,0.004000000189989805,0.004000000189989805,0.004000000189989805,0.0,0.004000000189989805
2014-03-10,0.004000000189989805,0.004000000189989805,0.004000000189989805,0.004000000189989805,0.0,0.004000000189989805
2014-03-11,0.004000000189989805,0.004000000189989805,0.004000000189989805,0.004000000189989805,0.0,0.004000000189989805
2014-03-12,0.004000000189989805,0.004000000189989805,0.004000000189989805,0.004000000189989805,0.0,0.004000000189989805
2014-03-13,0.004000000189989805,0.004000000189989805,0.004000000189989805,0.004000000189989805,0.0,0.004000000189989805
2014-03-14,0.004000000189989805,0.004000000189989805,0.004000000189989805,0.004000000189989805,0.0,0.004000000189989805
2014-03-17,0.004000000189989805,0.004000000189989805,0.004000000189989805,0.004000000189989805,0.0,0.004000000189989805
2014-03-18,0.004000000189989805,0.004000000189989805,0.004000000189989805,0.004000000189989805,0.0,0.004000000189989805
2014-03-19,0.004000000189989805,0.004000000189989805,0.004000000189989805,0.004000000189989805,0.0,0.004000000189989805
2014-03-20,0.004000000189989805,0.004000000189989805,0.004000000189989805,0.004000000189989805,0.0,0.004000000189989805
2014-03-21,0.004999999888241291,0.004999999888241291,0.004999999888241291,0.004999999888241291,10000.0,0.004999999888241291
2014-03-24,0.004999999888241291,0.004999999888241291,0.004999999888241291,0.004999999888241291,0.0,0.004999999888241291
2014-03-25,0.004999999888241291,0.004999999888241291,0.004999999888241291,0.004999999888241291,0.0,0.004999999888241291
2014-03-26,0.004999999888241291,0.004999999888241291,0.004999999888241291,0.004999999888241291,0.0,0.004999999888241291
2014-03-27,0.004999999888241291,0.004999999888241291,0.004999999888241291,0.004999999888241291,0.0,0.004999999888241291
2014-03-28,0.004999999888241291,0.004999999888241291,0.004999999888241291,0.004999999888241291,0.0,0.004999999888241291
2014-03-31,0.004999999888241291,0.004999999888241291,0.004999999888241291,0.004999999888241291,0.0,0.004999999888241291
2014-04-01,0.004999999888241291,0.004999999888241291,0.004999999888241291,0.004999999888241291,0.0,0.004999999888241291
2014-04-02,0.004999999888241291,0.004999999888241291,0.004999999888241291,0.004999999888241291,0.0,0.004999999888241291
2014-04-03,0.004999999888241291,0.004999999888241291,0.004999999888241291,0.004999999888241291,0.0,0.004999999888241291
2014-04-04,0.004999999888241291,0.004999999888241291,0.004999999888241291,0.004999999888241291,0.0,0.004999999888241291
2014-04-07,0.004999999888241291,0.004999999888241291,0.004999999888241291,0.004999999888241291,0.0,0.004999999888241291
2014-04-08,0.004999999888241291,0.004999999888241291,0.004999999888241291,0.004999999888241291,0.0,0.004999999888241291
2014-04-09,0.004999999888241291,0.004999999888241291,0.004999999888241291,0.004999999888241291,0.0,0.004999999888241291
2014-04-10,0.004999999888241291,0.004999999888241291,0.004999999888241291,0.004999999888241291,0.0,0.004999999888241291
2014-04-11,0.007499999832361937,0.006500000134110451,0.007499999832361937,0.006500000134110451,48500.0,0.006500000134110451
2014-04-14,0.006500000134110451,0.006500000134110451,0.006500000134110451,0.006500000134110451,0.0,0.006500000134110451
2014-04-15,0.006500000134110451,0.006500000134110451,0.006500000134110451,0.006500000134110451,0.0,0.006500000134110451
2014-04-16,0.006500000134110451,0.006500000134110451,0.006500000134110451,0.006500000134110451,0.0,0.006500000134110451
2014-04-17,0.006500000134110451,0.006500000134110451,0.006500000134110451,0.006500000134110451,0.0,0.006500000134110451
2014-04-21,0.006500000134110451,0.006500000134110451,0.006500000134110451,0.006500000134110451,0.0,0.006500000134110451
2014-04-22,0.0035000001080334187,0.003100000089034438,0.0035000001080334187,0.003100000089034438,15000.0,0.003100000089034438
2014-04-23,0.003100000089034438,0.003100000089034438,0.003100000089034438,0.003100000089034438,0.0,0.003100000089034438
2014-04-24,0.003100000089034438,0.003100000089034438,0.003100000089034438,0.003100000089034438,0.0,0.003100000089034438
2014-04-25,0.004999999888241291,0.004999999888241291,0.004999999888241291,0.004999999888241291,250000.0,0.004999999888241291
2014-04-28,0.004999999888241291,0.004999999888241291,0.004999999888241291,0.004999999888241291,0.0,0.004999999888241291
2014-04-29,0.004999999888241291,0.004999999888241291,0.004999999888241291,0.004999999888241291,0.0,0.004999999888241291
2014-04-30,0.004999999888241291,0.004999999888241291,0.004999999888241291,0.004999999888241291,0.0,0.004999999888241291
2014-05-01,0.006000000052154064,0.006000000052154064,0.006000000052154064,0.006000000052154064,250000.0,0.006000000052154064
2014-05-02,0.006000000052154064,0.006000000052154064,0.006000000052154064,0.006000000052154064,0.0,0.006000000052154064
2014-05-05,0.006000000052154064,0.006000000052154064,0.006000000052154064,0.006000000052154064,0.0,0.006000000052154064
2014-05-06,0.006000000052154064,0.006000000052154064,0.006000000052154064,0.006000000052154064,0.0,0.006000000052154064
2014-05-07,0.006000000052154064,0.006000000052154064,0.006000000052154064,0.006000000052154064,0.0,0.006000000052154064
2014-05-08,0.006000000052154064,0.006000000052154064,0.006000000052154064,0.006000000052154064,0.0,0.006000000052154064
2014-05-09,0.006000000052154064,0.006000000052154064,0.006000000052154064,0.006000000052154064,0.0,0.006000000052154064
2014-05-12,0.006000000052154064,0.006000000052154064,0.006000000052154064,0.006000000052154064,0.0,0.006000000052154064
2014-05-13,0.006000000052154064,0.006000000052154064,0.006000000052154064,0.006000000052154064,0.0,0.006000000052154064
2014-05-14,0.006000000052154064,0.006000000052154064,0.006000000052154064,0.006000000052154064,0.0,0.006000000052154064
2014-05-15,0.006000000052154064,0.006000000052154064,0.006000000052154064,0.006000000052154064,0.0,0.006000000052154064
2014-05-16,0.006000000052154064,0.006000000052154064,0.006000000052154064,0.006000000052154064,0.0,0.006000000052154064
2014-05-19,0.006000000052154064,0.006000000052154064,0.006000000052154064,0.006000000052154064,0.0,0.006000000052154064
2014-05-20,0.006000000052154064,0.006000000052154064,0.006000000052154064,0.006000000052154064,0.0,0.006000000052154064
2014-05-21,0.006000000052154064,0.006000000052154064,0.006000000052154064,0.006000000052154064,0.0,0.006000000052154064
2014-05-22,0.006000000052154064,0.006000000052154064,0.006000000052154064,0.006000000052154064,0.0,0.006000000052154064
2014-05-23,0.006000000052154064,0.006000000052154064,0.006000000052154064,0.006000000052154064,0.0,0.006000000052154064
2014-05-27,0.006000000052154064,0.006000000052154064,0.006000000052154064,0.006000000052154064,0.0,0.006000000052154064
2014-05-28,0.006000000052154064,0.006000000052154064,0.006000000052154064,0.006000000052154064,0.0,0.006000000052154064
2014-05-29,0.004000000189989805,0.004000000189989805,0.004000000189989805,0.004000000189989805,2500.0,0.004000000189989805
2014-05-30,0.004000000189989805,0.004000000189989805,0.004000000189989805,0.004000000189989805,0.0,0.004000000189989805
2014-06-02,0.004000000189989805,0.004000000189989805,0.004000000189989805,0.004000000189989805,5000.0,0.004000000189989805
2014-06-03,0.004000000189989805,0.004000000189989805,0.004000000189989805,0.004000000189989805,0.0,0.004000000189989805
2014-06-04,0.004000000189989805,0.004000000189989805,0.004000000189989805,0.004000000189989805,0.0,0.004000000189989805
2014-06-05,0.004000000189989805,0.004000000189989805,0.004000000189989805,0.004000000189989805,0.0,0.004000000189989805
2014-06-06,0.004000000189989805,0.004000000189989805,0.004000000189989805,0.004000000189989805,0.0,0.004000000189989805
2014-06-09,0.004000000189989805,0.004000000189989805,0.004000000189989805,0.004000000189989805,0.0,0.004000000189989805
2014-06-10,0.004000000189989805,0.004000000189989805,0.004000000189989805,0.004000000189989805,0.0,0.004000000189989805
2014-06-11,0.004000000189989805,0.004000000189989805,0.004000000189989805,0.004000000189989805,0.0,0.004000000189989805
2014-06-12,0.004000000189989805,0.004000000189989805,0.004000000189989805,0.004000000189989805,0.0,0.004000000189989805
2014-06-13,0.004000000189989805,0.004000000189989805,0.004000000189989805,0.004000000189989805,0.0,0.004000000189989805
2014-06-16,0.004000000189989805,0.004000000189989805,0.004000000189989805,0.004000000189989805,0.0,0.004000000189989805
2014-06-17,0.004000000189989805,0.004000000189989805,0.004000000189989805,0.004000000189989805,0.0,0.004000000189989805
2014-06-18,0.004000000189989805,0.004000000189989805,0.004000000189989805,0.004000000189989805,0.0,0.004000000189989805
2014-06-19,0.004000000189989805,0.004000000189989805,0.004000000189989805,0.004000000189989805,0.0,0.004000000189989805
2014-06-20,0.004000000189989805,0.004000000189989805,0.004000000189989805,0.004000000189989805,0.0,0.004000000189989805
2014-06-23,0.004000000189989805,0.004000000189989805,0.004000000189989805,0.004000000189989805,0.0,0.004000000189989805
2014-06-24,0.004000000189989805,0.004000000189989805,0.004000000189989805,0.004000000189989805,0.0,0.004000000189989805
2014-06-25,0.004000000189989805,0.004000000189989805,0.004000000189989805,0.004000000189989805,0.0,0.004000000189989805
2014-06-26,0.004000000189989805,0.004000000189989805,0.004000000189989805,0.004000000189989805,0.0,0.004000000189989805
2014-06-27,0.004000000189989805,0.004000000189989805,0.004000000189989805,0.004000000189989805,0.0,0.004000000189989805
2014-06-30,0.004000000189989805,0.004000000189989805,0.004000000189989805,0.004000000189989805,0.0,0.004000000189989805
2014-07-01,0.004000000189989805,0.004000000189989805,0.004000000189989805,0.004000000189989805,0.0,0.004000000189989805
2014-07-02,0.004000000189989805,0.004000000189989805,0.004000000189989805,0.004000000189989805,0.0,0.004000000189989805
2014-07-03,0.004000000189989805,0.004000000189989805,0.004000000189989805,0.004000000189989805,0.0,0.004000000189989805
2014-07-07,0.004000000189989805,0.004000000189989805,0.004000000189989805,0.004000000189989805,0.0,0.004000000189989805
2014-07-08,0.004000000189989805,0.004000000189989805,0.004000000189989805,0.004000000189989805,0.0,0.004000000189989805
2014-07-09,0.004000000189989805,0.004000000189989805,0.004000000189989805,0.004000000189989805,0.0,0.004000000189989805
2014-07-10,0.004000000189989805,0.004000000189989805,0.004000000189989805,0.004000000189989805,0.0,0.004000000189989805
2014-07-11,0.004000000189989805,0.004000000189989805,0.004000000189989805,0.004000000189989805,0.0,0.004000000189989805
2014-07-14,0.004000000189989805,0.004000000189989805,0.004000000189989805,0.004000000189989805,0.0,0.004000000189989805
2014-07-15,0.004000000189989805,0.004000000189989805,0.004000000189989805,0.004000000189989805,0.0,0.004000000189989805
2014-07-16,0.004000000189989805,0.004000000189989805,0.004000000189989805,0.004000000189989805,0.0,0.004000000189989805
2014-07-17,0.004000000189989805,0.004000000189989805,0.004000000189989805,0.004000000189989805,0.0,0.004000000189989805
2014-07-18,0.004000000189989805,0.004000000189989805,0.004000000189989805,0.004000000189989805,0.0,0.004000000189989805
2014-07-21,0.004000000189989805,0.004000000189989805,0.004000000189989805,0.004000000189989805,0.0,0.004000000189989805
2014-07-22,0.004000000189989805,0.004000000189989805,0.004000000189989805,0.004000000189989805,0.0,0.004000000189989805
2014-07-23,0.004000000189989805,0.004000000189989805,0.004000000189989805,0.004000000189989805,0.0,0.004000000189989805
2014-07-24,0.004000000189989805,0.004000000189989805,0.004000000189989805,0.004000000189989805,0.0,0.004000000189989805
2014-07-25,0.004000000189989805,0.004000000189989805,0.004000000189989805,0.004000000189989805,0.0,0.004000000189989805
2014-07-28,0.004100000020116568,0.004100000020116568,0.004100000020116568,0.004100000020116568,1000.0,0.004100000020116568
2014-07-29,0.004000000189989805,0.0032999999821186066,0.004000000189989805,0.0034000000450760126,778000.0,0.0034000000450760126
2014-07-30,0.0034000000450760126,0.0034000000450760126,0.0034000000450760126,0.0034000000450760126,0.0,0.0034000000450760126
2014-07-31,0.0034000000450760126,0.0034000000450760126,0.0034000000450760126,0.0034000000450760126,0.0,0.0034000000450760126
2014-08-01,0.0035000001080334187,0.0031999999191612005,0.0035000001080334187,0.0031999999191612005,30000.0,0.0031999999191612005
2014-08-04,0.0031999999191612005,0.0031999999191612005,0.0031999999191612005,0.0031999999191612005,0.0,0.0031999999191612005
2014-08-05,0.003000000026077032,0.003000000026077032,0.003000000026077032,0.003000000026077032,10000.0,0.003000000026077032
2014-08-06,0.0027000000700354576,0.0027000000700354576,0.0027000000700354576,0.0027000000700354576,100000.0,0.0027000000700354576
2014-08-07,0.00279999990016222,0.00279999990016222,0.00279999990016222,0.00279999990016222,1060000.0,0.00279999990016222
2014-08-08,0.0026000000070780516,0.0026000000070780516,0.0026000000070780516,0.0026000000070780516,233000.0,0.0026000000070780516
2014-08-11,0.0026000000070780516,0.0026000000070780516,0.0026000000070780516,0.0026000000070780516,5000.0,0.0026000000070780516
2014-08-12,0.0026000000070780516,0.0026000000070780516,0.0026000000070780516,0.0026000000070780516,0.0,0.0026000000070780516
2014-08-13,0.0026000000070780516,0.0026000000070780516,0.0026000000070780516,0.0026000000070780516,0.0,0.0026000000070780516
2014-08-14,0.0026000000070780516,0.0026000000070780516,0.0026000000070780516,0.0026000000070780516,0.0,0.0026000000070780516
2014-08-15,0.0026000000070780516,0.0026000000070780516,0.0026000000070780516,0.0026000000070780516,0.0,0.0026000000070780516
2014-08-18,0.0026000000070780516,0.0026000000070780516,0.0026000000070780516,0.0026000000070780516,0.0,0.0026000000070780516
2014-08-19,0.0026000000070780516,0.0026000000070780516,0.0026000000070780516,0.0026000000070780516,0.0,0.0026000000070780516
2014-08-20,0.0026000000070780516,0.0026000000070780516,0.0026000000070780516,0.0026000000070780516,0.0,0.0026000000070780516
2014-08-21,0.0026000000070780516,0.0026000000070780516,0.0026000000070780516,0.0026000000070780516,0.0,0.0026000000070780516
2014-08-22,0.0026000000070780516,0.0026000000070780516,0.0026000000070780516,0.0026000000070780516,0.0,0.0026000000070780516
2014-08-25,0.0026000000070780516,0.0026000000070780516,0.0026000000070780516,0.0026000000070780516,0.0,0.0026000000070780516
2014-08-26,0.0026000000070780516,0.0026000000070780516,0.0026000000070780516,0.0026000000070780516,0.0,0.0026000000070780516
2014-08-27,0.0026000000070780516,0.0026000000070780516,0.0026000000070780516,0.0026000000070780516,50000.0,0.0026000000070780516
2014-08-28,0.0026000000070780516,0.0026000000070780516,0.0026000000070780516,0.0026000000070780516,0.0,0.0026000000070780516
2014-08-29,0.0026000000070780516,0.0026000000070780516,0.0026000000070780516,0.0026000000070780516,0.0,0.0026000000070780516
2014-09-02,0.0026000000070780516,0.0026000000070780516,0.0026000000070780516,0.0026000000070780516,0.0,0.0026000000070780516
2014-09-03,0.0026000000070780516,0.0026000000070780516,0.0026000000070780516,0.0026000000070780516,0.0,0.0026000000070780516
2014-09-04,0.0026000000070780516,0.0026000000070780516,0.0026000000070780516,0.0026000000070780516,0.0,0.0026000000070780516
2014-09-05,0.0026000000070780516,0.0026000000070780516,0.0026000000070780516,0.0026000000070780516,0.0,0.0026000000070780516
2014-09-08,0.0026000000070780516,0.0026000000070780516,0.0026000000070780516,0.0026000000070780516,0.0,0.0026000000070780516
2014-09-09,0.0026000000070780516,0.0026000000070780516,0.0026000000070780516,0.0026000000070780516,0.0,0.0026000000070780516
2014-09-10,0.0026000000070780516,0.0026000000070780516,0.0026000000070780516,0.0026000000070780516,0.0,0.0026000000070780516
2014-09-11,0.0026000000070780516,0.0026000000070780516,0.0026000000070780516,0.0026000000070780516,0.0,0.0026000000070780516
2014-09-12,0.0026000000070780516,0.0026000000070780516,0.0026000000070780516,0.0026000000070780516,0.0,0.0026000000070780516
2014-09-15,0.0026000000070780516,0.0026000000070780516,0.0026000000070780516,0.0026000000070780516,0.0,0.0026000000070780516
2014-09-16,0.0026000000070780516,0.0026000000070780516,0.0026000000070780516,0.0026000000070780516,0.0,0.0026000000070780516
2014-09-17,0.0026000000070780516,0.0017999999690800905,0.0026000000070780516,0.0026000000070780516,1734000.0,0.0026000000070780516
2014-09-18,0.0026000000070780516,0.0026000000070780516,0.0026000000070780516,0.0026000000070780516,0.0,0.0026000000070780516
2014-09-19,0.0019000000320374966,0.0019000000320374966,0.0019000000320374966,0.0019000000320374966,5000.0,0.0019000000320374966
2014-09-22,0.0019000000320374966,0.0019000000320374966,0.0019000000320374966,0.0019000000320374966,55000.0,0.0019000000320374966
2014-09-23,0.0019000000320374966,0.0019000000320374966,0.0019000000320374966,0.0019000000320374966,0.0,0.0019000000320374966
2014-09-24,0.0019000000320374966,0.0019000000320374966,0.0019000000320374966,0.0019000000320374966,0.0,0.0019000000320374966
2014-09-25,0.0019000000320374966,0.0019000000320374966,0.0019000000320374966,0.0019000000320374966,0.0,0.0019000000320374966
2014-09-26,0.0019000000320374966,0.0019000000320374966,0.0019000000320374966,0.0019000000320374966,0.0,0.0019000000320374966
2014-09-29,0.0019000000320374966,0.0019000000320374966,0.0019000000320374966,0.0019000000320374966,0.0,0.0019000000320374966
2014-09-30,0.0019000000320374966,0.0019000000320374966,0.0019000000320374966,0.0019000000320374966,0.0,0.0019000000320374966
2014-10-01,0.0019000000320374966,0.0019000000320374966,0.0019000000320374966,0.0019000000320374966,0.0,0.0019000000320374966
2014-10-02,0.0019000000320374966,0.0019000000320374966,0.0019000000320374966,0.0019000000320374966,0.0,0.0019000000320374966
2014-10-03,0.0019000000320374966,0.0019000000320374966,0.0019000000320374966,0.0019000000320374966,0.0,0.0019000000320374966
2014-10-06,0.0019000000320374966,0.0019000000320374966,0.0019000000320374966,0.0019000000320374966,0.0,0.0019000000320374966
2014-10-07,0.0019000000320374966,0.0019000000320374966,0.0019000000320374966,0.0019000000320374966,0.0,0.0019000000320374966
2014-10-08,0.0019000000320374966,0.0019000000320374966,0.0019000000320374966,0.0019000000320374966,0.0,0.0019000000320374966
2014-10-09,0.0019000000320374966,0.0019000000320374966,0.0019000000320374966,0.0019000000320374966,0.0,0.0019000000320374966
2014-10-10,0.0019000000320374966,0.0019000000320374966,0.0019000000320374966,0.0019000000320374966,0.0,0.0019000000320374966
2014-10-13,0.0019000000320374966,0.0019000000320374966,0.0019000000320374966,0.0019000000320374966,0.0,0.0019000000320374966
2014-10-14,0.0019000000320374966,0.0019000000320374966,0.0019000000320374966,0.0019000000320374966,0.0,0.0019000000320374966
2014-10-15,0.0019000000320374966,0.0019000000320374966,0.0019000000320374966,0.0019000000320374966,0.0,0.0019000000320374966
2014-10-16,0.0019000000320374966,0.0019000000320374966,0.0019000000320374966,0.0019000000320374966,468.0,0.0019000000320374966
2014-10-17,0.0019000000320374966,0.0019000000320374966,0.0019000000320374966,0.0019000000320374966,100.0,0.0019000000320374966
2014-10-20,0.0019000000320374966,0.0019000000320374966,0.0019000000320374966,0.0019000000320374966,281000.0,0.0019000000320374966
2014-10-21,0.0019000000320374966,0.0019000000320374966,0.0019000000320374966,0.0019000000320374966,0.0,0.0019000000320374966
2014-10-22,0.0019000000320374966,0.0019000000320374966,0.0019000000320374966,0.0019000000320374966,10000.0,0.0019000000320374966
2014-10-23,0.0019000000320374966,0.0019000000320374966,0.0019000000320374966,0.0019000000320374966,0.0,0.0019000000320374966
2014-10-24,0.0019000000320374966,0.0019000000320374966,0.0019000000320374966,0.0019000000320374966,0.0,0.0019000000320374966
2014-10-27,0.0019000000320374966,0.0019000000320374966,0.0019000000320374966,0.0019000000320374966,0.0,0.0019000000320374966
2014-10-28,0.0019000000320374966,0.0019000000320374966,0.0019000000320374966,0.0019000000320374966,0.0,0.0019000000320374966
2014-10-29,0.0019000000320374966,0.0019000000320374966,0.0019000000320374966,0.0019000000320374966,0.0,0.0019000000320374966
2014-10-30,0.0019000000320374966,0.0019000000320374966,0.0019000000320374966,0.0019000000320374966,0.0,0.0019000000320374966
2014-10-31,0.0019000000320374966,0.0019000000320374966,0.0019000000320374966,0.0019000000320374966,0.0,0.0019000000320374966
2014-11-03,0.0019000000320374966,0.0019000000320374966,0.0019000000320374966,0.0019000000320374966,10000.0,0.0019000000320374966
2014-11-04,0.0019000000320374966,0.0019000000320374966,0.0019000000320374966,0.0019000000320374966,0.0,0.0019000000320374966
2014-11-05,0.0019000000320374966,0.0019000000320374966,0.0019000000320374966,0.0019000000320374966,40250.0,0.0019000000320374966
2014-11-06,0.0019000000320374966,0.0019000000320374966,0.0019000000320374966,0.0019000000320374966,0.0,0.0019000000320374966
2014-11-07,0.0019000000320374966,0.0019000000320374966,0.0019000000320374966,0.0019000000320374966,0.0,0.0019000000320374966
2014-11-10,0.0019000000320374966,0.0019000000320374966,0.0019000000320374966,0.0019000000320374966,0.0,0.0019000000320374966
2014-11-11,0.0019000000320374966,0.0019000000320374966,0.0019000000320374966,0.0019000000320374966,0.0,0.0019000000320374966
2014-11-12,0.0019000000320374966,0.0019000000320374966,0.0019000000320374966,0.0019000000320374966,0.0,0.0019000000320374966
2014-11-13,0.0019000000320374966,0.0019000000320374966,0.0019000000320374966,0.0019000000320374966,0.0,0.0019000000320374966
2014-11-14,0.0019000000320374966,0.0019000000320374966,0.0019000000320374966,0.0019000000320374966,0.0,0.0019000000320374966
2014-11-17,0.0019000000320374966,0.0019000000320374966,0.0019000000320374966,0.0019000000320374966,0.0,0.0019000000320374966
2014-11-18,0.0019000000320374966,0.0019000000320374966,0.0019000000320374966,0.0019000000320374966,0.0,0.0019000000320374966
2014-11-19,0.0019000000320374966,0.0019000000320374966,0.0019000000320374966,0.0019000000320374966,0.0,0.0019000000320374966
2014-11-20,0.0019000000320374966,0.0019000000320374966,0.0019000000320374966,0.0019000000320374966,0.0,0.0019000000320374966
2014-11-21,0.0019000000320374966,0.0019000000320374966,0.0019000000320374966,0.0019000000320374966,0.0,0.0019000000320374966
2014-11-24,0.0019000000320374966,0.0019000000320374966,0.0019000000320374966,0.0019000000320374966,0.0,0.0019000000320374966
2014-11-25,0.0019000000320374966,0.0019000000320374966,0.0019000000320374966,0.0019000000320374966,0.0,0.0019000000320374966
2014-11-26,0.0019000000320374966,0.0019000000320374966,0.0019000000320374966,0.0019000000320374966,0.0,0.0019000000320374966
2014-11-28,0.0019000000320374966,0.0019000000320374966,0.0019000000320374966,0.0019000000320374966,0.0,0.0019000000320374966
2014-12-01,0.0019000000320374966,0.0019000000320374966,0.0019000000320374966,0.0019000000320374966,0.0,0.0019000000320374966
2014-12-02,0.0019000000320374966,0.0019000000320374966,0.0019000000320374966,0.0019000000320374966,0.0,0.0019000000320374966
2014-12-03,0.0019000000320374966,0.0019000000320374966,0.0019000000320374966,0.0019000000320374966,0.0,0.0019000000320374966
2014-12-04,0.0019000000320374966,0.0019000000320374966,0.0019000000320374966,0.0019000000320374966,0.0,0.0019000000320374966
2014-12-05,0.0019000000320374966,0.0019000000320374966,0.0019000000320374966,0.0019000000320374966,10000.0,0.0019000000320374966
2014-12-08,0.0019000000320374966,0.0017999999690800905,0.0019000000320374966,0.0017999999690800905,800000.0,0.0017999999690800905
2014-12-09,0.0017999999690800905,0.0017999999690800905,0.0017999999690800905,0.0017999999690800905,0.0,0.0017999999690800905
2014-12-10,0.0017999999690800905,0.0017999999690800905,0.0017999999690800905,0.0017999999690800905,0.0,0.0017999999690800905
2014-12-11,0.0017999999690800905,0.0017999999690800905,0.0017999999690800905,0.0017999999690800905,0.0,0.0017999999690800905
2014-12-12,0.0017999999690800905,0.0017999999690800905,0.0017999999690800905,0.0017999999690800905,0.0,0.0017999999690800905
2014-12-15,0.0017999999690800905,0.0017999999690800905,0.0017999999690800905,0.0017999999690800905,0.0,0.0017999999690800905
2014-12-16,0.0017999999690800905,0.0017999999690800905,0.0017999999690800905,0.0017999999690800905,0.0,0.0017999999690800905
2014-12-17,0.0017999999690800905,0.0017999999690800905,0.0017999999690800905,0.0017999999690800905,0.0,0.0017999999690800905
2014-12-18,0.0017999999690800905,0.0017999999690800905,0.0017999999690800905,0.0017999999690800905,0.0,0.0017999999690800905
2014-12-19,0.0017999999690800905,0.0017999999690800905,0.0017999999690800905,0.0017999999690800905,0.0,0.0017999999690800905
2014-12-22,0.0017999999690800905,0.0017999999690800905,0.0017999999690800905,0.0017999999690800905,0.0,0.0017999999690800905
2014-12-23,0.0017999999690800905,0.0017999999690800905,0.0017999999690800905,0.0017999999690800905,0.0,0.0017999999690800905
2014-12-24,0.0017999999690800905,0.0017999999690800905,0.0017999999690800905,0.0017999999690800905,0.0,0.0017999999690800905
2014-12-26,0.0017999999690800905,0.0017999999690800905,0.0017999999690800905,0.0017999999690800905,0.0,0.0017999999690800905
2014-12-29,0.0017999999690800905,0.0017999999690800905,0.0017999999690800905,0.0017999999690800905,0.0,0.0017999999690800905
2014-12-30,0.0017999999690800905,0.0017999999690800905,0.0017999999690800905,0.0017999999690800905,0.0,0.0017999999690800905
2014-12-31,0.0017999999690800905,0.0017999999690800905,0.0017999999690800905,0.0017999999690800905,0.0,0.0017999999690800905
2015-01-02,0.0017999999690800905,0.0017999999690800905,0.0017999999690800905,0.0017999999690800905,0.0,0.0017999999690800905
2015-01-05,0.0017999999690800905,0.0017999999690800905,0.0017999999690800905,0.0017999999690800905,0.0,0.0017999999690800905
2015-01-06,0.0017999999690800905,0.0017999999690800905,0.0017999999690800905,0.0017999999690800905,0.0,0.0017999999690800905
2015-01-07,0.0017999999690800905,0.0017999999690800905,0.0017999999690800905,0.0017999999690800905,0.0,0.0017999999690800905
2015-01-08,0.0017999999690800905,0.0017999999690800905,0.0017999999690800905,0.0017999999690800905,0.0,0.0017999999690800905
2015-01-09,0.0017999999690800905,0.0017999999690800905,0.0017999999690800905,0.0017999999690800905,0.0,0.0017999999690800905
2015-01-12,0.0017999999690800905,0.0017999999690800905,0.0017999999690800905,0.0017999999690800905,0.0,0.0017999999690800905
2015-01-13,0.0017999999690800905,0.0017999999690800905,0.0017999999690800905,0.0017999999690800905,0.0,0.0017999999690800905
2015-01-14,0.0017999999690800905,0.0017999999690800905,0.0017999999690800905,0.0017999999690800905,0.0,0.0017999999690800905
2015-01-15,0.0017999999690800905,0.0017999999690800905,0.0017999999690800905,0.0017999999690800905,0.0,0.0017999999690800905
2015-01-16,0.0017999999690800905,0.0017999999690800905,0.0017999999690800905,0.0017999999690800905,0.0,0.0017999999690800905
2015-01-20,0.0017999999690800905,0.0017999999690800905,0.0017999999690800905,0.0017999999690800905,0.0,0.0017999999690800905
2015-01-21,0.0017999999690800905,0.0017999999690800905,0.0017999999690800905,0.0017999999690800905,0.0,0.0017999999690800905
2015-01-22,0.0017999999690800905,0.0017999999690800905,0.0017999999690800905,0.0017999999690800905,0.0,0.0017999999690800905
2015-01-23,0.0017999999690800905,0.0017999999690800905,0.0017999999690800905,0.0017999999690800905,0.0,0.0017999999690800905
2015-01-26,0.0017999999690800905,0.0017999999690800905,0.0017999999690800905,0.0017999999690800905,3200.0,0.0017999999690800905
2015-01-27,0.0017999999690800905,0.0017999999690800905,0.0017999999690800905,0.0017999999690800905,0.0,0.0017999999690800905
2015-01-28,0.0017999999690800905,0.0017999999690800905,0.0017999999690800905,0.0017999999690800905,0.0,0.0017999999690800905
2015-01-29,0.0017999999690800905,0.0017999999690800905,0.0017999999690800905,0.0017999999690800905,1849.0,0.0017999999690800905
2015-01-30,0.0017999999690800905,0.0017999999690800905,0.0017999999690800905,0.0017999999690800905,0.0,0.0017999999690800905
2015-02-02,0.0017999999690800905,0.0017999999690800905,0.0017999999690800905,0.0017999999690800905,0.0,0.0017999999690800905
2015-02-03,0.0017999999690800905,0.0017999999690800905,0.0017999999690800905,0.0017999999690800905,0.0,0.0017999999690800905
2015-02-04,0.0017999999690800905,0.0017999999690800905,0.0017999999690800905,0.0017999999690800905,0.0,0.0017999999690800905
2015-02-05,0.0017999999690800905,0.0017999999690800905,0.0017999999690800905,0.0017999999690800905,0.0,0.0017999999690800905
2015-02-06,0.0017999999690800905,0.0017999999690800905,0.0017999999690800905,0.0017999999690800905,0.0,0.0017999999690800905
2015-02-09,0.0017999999690800905,0.0017999999690800905,0.0017999999690800905,0.0017999999690800905,0.0,0.0017999999690800905
2015-02-10,0.0017999999690800905,0.0017999999690800905,0.0017999999690800905,0.0017999999690800905,0.0,0.0017999999690800905
2015-02-11,0.0017999999690800905,0.0017999999690800905,0.0017999999690800905,0.0017999999690800905,0.0,0.0017999999690800905
2015-02-12,0.0017999999690800905,0.0017999999690800905,0.0017999999690800905,0.0017999999690800905,0.0,0.0017999999690800905
2015-02-13,0.0017999999690800905,0.0017999999690800905,0.0017999999690800905,0.0017999999690800905,0.0,0.0017999999690800905
2015-02-17,0.0017999999690800905,0.0017999999690800905,0.0017999999690800905,0.0017999999690800905,0.0,0.0017999999690800905
2015-02-18,0.0017999999690800905,0.0017999999690800905,0.0017999999690800905,0.0017999999690800905,0.0,0.0017999999690800905
2015-02-19,0.0017999999690800905,0.0017999999690800905,0.0017999999690800905,0.0017999999690800905,0.0,0.0017999999690800905
2015-02-20,0.0017999999690800905,0.0017999999690800905,0.0017999999690800905,0.0017999999690800905,0.0,0.0017999999690800905
2015-02-23,0.0017999999690800905,0.0017999999690800905,0.0017999999690800905,0.0017999999690800905,0.0,0.0017999999690800905
2015-02-24,0.0017999999690800905,0.0017999999690800905,0.0017999999690800905,0.0017999999690800905,0.0,0.0017999999690800905
2015-02-25,0.0017999999690800905,0.0017999999690800905,0.0017999999690800905,0.0017999999690800905,0.0,0.0017999999690800905
2015-02-26,0.0017999999690800905,0.0017999999690800905,0.0017999999690800905,0.0017999999690800905,0.0,0.0017999999690800905
2015-02-27,0.0017999999690800905,0.0017999999690800905,0.0017999999690800905,0.0017999999690800905,10200.0,0.0017999999690800905
2015-03-02,0.0017999999690800905,0.0017999999690800905,0.0017999999690800905,0.0017999999690800905,0.0,0.0017999999690800905
2015-03-03,0.0017999999690800905,0.0017999999690800905,0.0017999999690800905,0.0017999999690800905,0.0,0.0017999999690800905
2015-03-04,0.0017999999690800905,0.0017999999690800905,0.0017999999690800905,0.0017999999690800905,0.0,0.0017999999690800905
2015-03-05,0.0019000000320374966,0.0019000000320374966,0.0019000000320374966,0.0019000000320374966,35000.0,0.0019000000320374966
2015-03-06,0.0019000000320374966,0.0019000000320374966,0.0019000000320374966,0.0019000000320374966,0.0,0.0019000000320374966
2015-03-09,0.0019000000320374966,0.0019000000320374966,0.0019000000320374966,0.0019000000320374966,0.0,0.0019000000320374966
2015-03-10,0.0019000000320374966,0.0019000000320374966,0.0019000000320374966,0.0019000000320374966,0.0,0.0019000000320374966
2015-03-11,0.0019000000320374966,0.0019000000320374966,0.0019000000320374966,0.0019000000320374966,0.0,0.0019000000320374966
2015-03-12,0.0019000000320374966,0.0019000000320374966,0.0019000000320374966,0.0019000000320374966,0.0,0.0019000000320374966
2015-03-13,0.0019000000320374966,0.0019000000320374966,0.0019000000320374966,0.0019000000320374966,0.0,0.0019000000320374966
2015-03-16,0.0019000000320374966,0.0019000000320374966,0.0019000000320374966,0.0019000000320374966,0.0,0.0019000000320374966
2015-03-17,0.002099999925121665,0.0019000000320374966,0.002099999925121665,0.0019000000320374966,35000.0,0.0019000000320374966
2015-03-18,0.0019000000320374966,0.0019000000320374966,0.0019000000320374966,0.0019000000320374966,0.0,0.0019000000320374966
2015-03-19,0.0019000000320374966,0.0019000000320374966,0.0019000000320374966,0.0019000000320374966,0.0,0.0019000000320374966
2015-03-20,0.0019000000320374966,0.0019000000320374966,0.0019000000320374966,0.0019000000320374966,0.0,0.0019000000320374966
2015-03-23,0.0019000000320374966,0.0019000000320374966,0.0019000000320374966,0.0019000000320374966,0.0,0.0019000000320374966
2015-03-24,0.0019000000320374966,0.0019000000320374966,0.0019000000320374966,0.0019000000320374966,0.0,0.0019000000320374966
2015-03-25,0.0019000000320374966,0.0019000000320374966,0.0019000000320374966,0.0019000000320374966,0.0,0.0019000000320374966
2015-03-26,0.0019000000320374966,0.0019000000320374966,0.0019000000320374966,0.0019000000320374966,0.0,0.0019000000320374966
2015-03-27,0.0019000000320374966,0.0019000000320374966,0.0019000000320374966,0.0019000000320374966,0.0,0.0019000000320374966
2015-03-30,0.0019000000320374966,0.0019000000320374966,0.0019000000320374966,0.0019000000320374966,0.0,0.0019000000320374966
2015-03-31,0.0019000000320374966,0.0019000000320374966,0.0019000000320374966,0.0019000000320374966,0.0,0.0019000000320374966
2015-04-01,0.0019000000320374966,0.0019000000320374966,0.0019000000320374966,0.0019000000320374966,0.0,0.0019000000320374966
2015-04-02,0.0019000000320374966,0.0019000000320374966,0.0019000000320374966,0.0019000000320374966,0.0,0.0019000000320374966
2015-04-06,0.0019000000320374966,0.0019000000320374966,0.0019000000320374966,0.0019000000320374966,0.0,0.0019000000320374966
2015-04-07,0.0019000000320374966,0.0019000000320374966,0.0019000000320374966,0.0019000000320374966,0.0,0.0019000000320374966
2015-04-08,0.0019000000320374966,0.0019000000320374966,0.0019000000320374966,0.0019000000320374966,0.0,0.0019000000320374966
2015-04-09,0.0019000000320374966,0.0019000000320374966,0.0019000000320374966,0.0019000000320374966,0.0,0.0019000000320374966
2015-04-10,0.0019000000320374966,0.0019000000320374966,0.0019000000320374966,0.0019000000320374966,0.0,0.0019000000320374966
2015-04-13,0.0019000000320374966,0.0019000000320374966,0.0019000000320374966,0.0019000000320374966,0.0,0.0019000000320374966
2015-04-14,0.0019000000320374966,0.0019000000320374966,0.0019000000320374966,0.0019000000320374966,0.0,0.0019000000320374966
2015-04-15,0.0019000000320374966,0.0019000000320374966,0.0019000000320374966,0.0019000000320374966,15000.0,0.0019000000320374966
2015-04-16,0.0019000000320374966,0.0019000000320374966,0.0019000000320374966,0.0019000000320374966,0.0,0.0019000000320374966
2015-04-17,0.0019000000320374966,0.0019000000320374966,0.0019000000320374966,0.0019000000320374966,0.0,0.0019000000320374966
2015-04-20,0.0019000000320374966,0.0019000000320374966,0.0019000000320374966,0.0019000000320374966,0.0,0.0019000000320374966
2015-04-21,0.0019000000320374966,0.0019000000320374966,0.0019000000320374966,0.0019000000320374966,0.0,0.0019000000320374966
2015-04-22,0.0019000000320374966,0.0019000000320374966,0.0019000000320374966,0.0019000000320374966,15000.0,0.0019000000320374966
2015-04-23,0.0019000000320374966,0.0019000000320374966,0.0019000000320374966,0.0019000000320374966,0.0,0.0019000000320374966
2015-04-24,0.0019000000320374966,0.0019000000320374966,0.0019000000320374966,0.0019000000320374966,0.0,0.0019000000320374966
2015-04-27,0.0019000000320374966,0.0019000000320374966,0.0019000000320374966,0.0019000000320374966,0.0,0.0019000000320374966
2015-04-28,0.0019000000320374966,0.0019000000320374966,0.0019000000320374966,0.0019000000320374966,0.0,0.0019000000320374966
2015-04-29,0.0019000000320374966,0.0019000000320374966,0.0019000000320374966,0.0019000000320374966,0.0,0.0019000000320374966
2015-04-30,0.0019000000320374966,0.0019000000320374966,0.0019000000320374966,0.0019000000320374966,0.0,0.0019000000320374966
2015-05-01,0.0019000000320374966,0.0019000000320374966,0.0019000000320374966,0.0019000000320374966,0.0,0.0019000000320374966
2015-05-04,0.0019000000320374966,0.0019000000320374966,0.0019000000320374966,0.0019000000320374966,0.0,0.0019000000320374966
2015-05-05,0.0019000000320374966,0.0019000000320374966,0.0019000000320374966,0.0019000000320374966,0.0,0.0019000000320374966
2015-05-06,0.0019000000320374966,0.0019000000320374966,0.0019000000320374966,0.0019000000320374966,0.0,0.0019000000320374966
2015-05-07,0.0019000000320374966,0.0019000000320374966,0.0019000000320374966,0.0019000000320374966,0.0,0.0019000000320374966
2015-05-08,0.0019000000320374966,0.0019000000320374966,0.0019000000320374966,0.0019000000320374966,0.0,0.0019000000320374966
2015-05-11,0.0019000000320374966,0.0019000000320374966,0.0019000000320374966,0.0019000000320374966,0.0,0.0019000000320374966
2015-05-12,0.0019000000320374966,0.0019000000320374966,0.0019000000320374966,0.0019000000320374966,20000.0,0.0019000000320374966
2015-05-13,0.0019000000320374966,0.0019000000320374966,0.0019000000320374966,0.0019000000320374966,0.0,0.0019000000320374966
2015-05-14,0.0019000000320374966,0.0019000000320374966,0.0019000000320374966,0.0019000000320374966,0.0,0.0019000000320374966
2015-05-15,0.0019000000320374966,0.0019000000320374966,0.0019000000320374966,0.0019000000320374966,0.0,0.0019000000320374966
2015-05-18,0.0019000000320374966,0.0019000000320374966,0.0019000000320374966,0.0019000000320374966,0.0,0.0019000000320374966
2015-05-19,0.0019000000320374966,0.0019000000320374966,0.0019000000320374966,0.0019000000320374966,0.0,0.0019000000320374966
2015-05-20,0.0019000000320374966,0.0019000000320374966,0.0019000000320374966,0.0019000000320374966,0.0,0.0019000000320374966
2015-05-21,0.0019000000320374966,0.0019000000320374966,0.0019000000320374966,0.0019000000320374966,0.0,0.0019000000320374966
2015-05-22,0.0019000000320374966,0.0019000000320374966,0.0019000000320374966,0.0019000000320374966,10000.0,0.0019000000320374966
2015-05-26,0.0019000000320374966,0.0019000000320374966,0.0019000000320374966,0.0019000000320374966,0.0,0.0019000000320374966
2015-05-27,0.0019000000320374966,0.0019000000320374966,0.0019000000320374966,0.0019000000320374966,0.0,0.0019000000320374966
2015-05-28,0.0019000000320374966,0.0019000000320374966,0.0019000000320374966,0.0019000000320374966,0.0,0.0019000000320374966
2015-05-29,0.0019000000320374966,0.0019000000320374966,0.0019000000320374966,0.0019000000320374966,0.0,0.0019000000320374966
2015-06-01,0.0019000000320374966,0.0019000000320374966,0.0019000000320374966,0.0019000000320374966,0.0,0.0019000000320374966
2015-06-02,0.0019000000320374966,0.0019000000320374966,0.0019000000320374966,0.0019000000320374966,0.0,0.0019000000320374966
2015-06-03,0.0019000000320374966,0.0019000000320374966,0.0019000000320374966,0.0019000000320374966,52600.0,0.0019000000320374966
2015-06-04,0.002099999925121665,0.0019000000320374966,0.002099999925121665,0.0019000000320374966,818.0,0.0019000000320374966
2015-06-05,0.0019000000320374966,0.0019000000320374966,0.0019000000320374966,0.0019000000320374966,0.0,0.0019000000320374966
2015-06-08,0.0019000000320374966,0.0019000000320374966,0.0019000000320374966,0.0019000000320374966,0.0,0.0019000000320374966
2015-06-09,0.0019000000320374966,0.0019000000320374966,0.0019000000320374966,0.0019000000320374966,0.0,0.0019000000320374966
2015-06-10,0.0019000000320374966,0.0019000000320374966,0.0019000000320374966,0.0019000000320374966,0.0,0.0019000000320374966
2015-06-11,0.0019000000320374966,0.0019000000320374966,0.0019000000320374966,0.0019000000320374966,0.0,0.0019000000320374966
2015-06-12,0.0019000000320374966,0.0019000000320374966,0.0019000000320374966,0.0019000000320374966,0.0,0.0019000000320374966
2015-06-15,0.0019000000320374966,0.0019000000320374966,0.0019000000320374966,0.0019000000320374966,0.0,0.0019000000320374966
2015-06-16,0.0019000000320374966,0.0019000000320374966,0.0019000000320374966,0.0019000000320374966,0.0,0.0019000000320374966
2015-06-17,0.0019000000320374966,0.0019000000320374966,0.0019000000320374966,0.0019000000320374966,0.0,0.0019000000320374966
2015-06-18,0.0019000000320374966,0.0019000000320374966,0.0019000000320374966,0.0019000000320374966,0.0,0.0019000000320374966
2015-06-19,0.0019000000320374966,0.0019000000320374966,0.0019000000320374966,0.0019000000320374966,0.0,0.0019000000320374966
2015-06-22,0.0019000000320374966,0.0019000000320374966,0.0019000000320374966,0.0019000000320374966,0.0,0.0019000000320374966
2015-06-23,0.0019000000320374966,0.0019000000320374966,0.0019000000320374966,0.0019000000320374966,0.0,0.0019000000320374966
2015-06-24,0.0019000000320374966,0.0019000000320374966,0.0019000000320374966,0.0019000000320374966,0.0,0.0019000000320374966
2015-06-25,0.0019000000320374966,0.0019000000320374966,0.0019000000320374966,0.0019000000320374966,0.0,0.0019000000320374966
2015-06-26,0.0019000000320374966,0.0019000000320374966,0.0019000000320374966,0.0019000000320374966,0.0,0.0019000000320374966
2015-06-29,0.0019000000320374966,0.0019000000320374966,0.0019000000320374966,0.0019000000320374966,0.0,0.0019000000320374966
2015-06-30,0.0019000000320374966,0.0019000000320374966,0.0019000000320374966,0.0019000000320374966,0.0,0.0019000000320374966
2015-07-01,0.0019000000320374966,0.0019000000320374966,0.0019000000320374966,0.0019000000320374966,0.0,0.0019000000320374966
2015-07-02,0.0019000000320374966,0.0019000000320374966,0.0019000000320374966,0.0019000000320374966,0.0,0.0019000000320374966
2015-07-06,0.0019000000320374966,0.0019000000320374966,0.0019000000320374966,0.0019000000320374966,0.0,0.0019000000320374966
2015-07-07,0.0019000000320374966,0.0019000000320374966,0.0019000000320374966,0.0019000000320374966,0.0,0.0019000000320374966
2015-07-08,0.0019000000320374966,0.0019000000320374966,0.0019000000320374966,0.0019000000320374966,0.0,0.0019000000320374966
2015-07-09,0.0019000000320374966,0.0019000000320374966,0.0019000000320374966,0.0019000000320374966,160000.0,0.0019000000320374966
2015-07-10,0.0019000000320374966,0.0019000000320374966,0.0019000000320374966,0.0019000000320374966,0.0,0.0019000000320374966
2015-07-13,0.0019000000320374966,0.0019000000320374966,0.0019000000320374966,0.0019000000320374966,0.0,0.0019000000320374966
2015-07-14,0.0019000000320374966,0.0019000000320374966,0.0019000000320374966,0.0019000000320374966,0.0,0.0019000000320374966
2015-07-15,0.0019000000320374966,0.0019000000320374966,0.0019000000320374966,0.0019000000320374966,0.0,0.0019000000320374966
2015-07-16,0.0019000000320374966,0.0019000000320374966,0.0019000000320374966,0.0019000000320374966,0.0,0.0019000000320374966
2015-07-17,0.0019000000320374966,0.0019000000320374966,0.0019000000320374966,0.0019000000320374966,2000.0,0.0019000000320374966
2015-07-20,0.0019000000320374966,0.0019000000320374966,0.0019000000320374966,0.0019000000320374966,0.0,0.0019000000320374966
2015-07-21,0.0019000000320374966,0.0019000000320374966,0.0019000000320374966,0.0019000000320374966,0.0,0.0019000000320374966
2015-07-22,0.0019000000320374966,0.0019000000320374966,0.0019000000320374966,0.0019000000320374966,0.0,0.0019000000320374966
2015-07-23,0.0019000000320374966,0.0019000000320374966,0.0019000000320374966,0.0019000000320374966,0.0,0.0019000000320374966
2015-07-24,0.0019000000320374966,0.0019000000320374966,0.0019000000320374966,0.0019000000320374966,0.0,0.0019000000320374966
2015-07-27,0.0019000000320374966,0.0019000000320374966,0.0019000000320374966,0.0019000000320374966,0.0,0.0019000000320374966
2015-07-28,0.0019000000320374966,0.0019000000320374966,0.0019000000320374966,0.0019000000320374966,0.0,0.0019000000320374966
2015-07-29,0.0019000000320374966,0.0019000000320374966,0.0019000000320374966,0.0019000000320374966,0.0,0.0019000000320374966
2015-07-30,0.0019000000320374966,0.0019000000320374966,0.0019000000320374966,0.0019000000320374966,0.0,0.0019000000320374966
2015-07-31,0.0019000000320374966,0.0019000000320374966,0.0019000000320374966,0.0019000000320374966,0.0,0.0019000000320374966
2015-08-03,0.0019000000320374966,0.0019000000320374966,0.0019000000320374966,0.0019000000320374966,0.0,0.0019000000320374966
2015-08-04,0.0019000000320374966,0.0019000000320374966,0.0019000000320374966,0.0019000000320374966,0.0,0.0019000000320374966
2015-08-05,0.0019000000320374966,0.0019000000320374966,0.0019000000320374966,0.0019000000320374966,0.0,0.0019000000320374966
2015-08-06,0.0019000000320374966,0.0019000000320374966,0.0019000000320374966,0.0019000000320374966,0.0,0.0019000000320374966
2015-08-07,0.0019000000320374966,0.0019000000320374966,0.0019000000320374966,0.0019000000320374966,0.0,0.0019000000320374966
2015-08-10,0.0019000000320374966,0.0019000000320374966,0.0019000000320374966,0.0019000000320374966,0.0,0.0019000000320374966
2015-08-11,0.0019000000320374966,0.0019000000320374966,0.0019000000320374966,0.0019000000320374966,0.0,0.0019000000320374966
2015-08-12,0.0019000000320374966,0.0019000000320374966,0.0019000000320374966,0.0019000000320374966,0.0,0.0019000000320374966
2015-08-13,0.0019000000320374966,0.0017999999690800905,0.0019000000320374966,0.0017999999690800905,50000.0,0.0017999999690800905
2015-08-14,0.0017999999690800905,0.0017999999690800905,0.0017999999690800905,0.0017999999690800905,0.0,0.0017999999690800905
2015-08-17,0.0017999999690800905,0.0017999999690800905,0.0017999999690800905,0.0017999999690800905,30000.0,0.0017999999690800905
2015-08-18,0.0017999999690800905,0.0017999999690800905,0.0017999999690800905,0.0017999999690800905,48000.0,0.0017999999690800905
2015-08-19,0.0017999999690800905,0.0017999999690800905,0.0017999999690800905,0.0017999999690800905,0.0,0.0017999999690800905
2015-08-20,0.0017999999690800905,0.0017999999690800905,0.0017999999690800905,0.0017999999690800905,0.0,0.0017999999690800905
2015-08-21,0.0017999999690800905,0.0017999999690800905,0.0017999999690800905,0.0017999999690800905,0.0,0.0017999999690800905
2015-08-24,0.0017999999690800905,0.0017999999690800905,0.0017999999690800905,0.0017999999690800905,0.0,0.0017999999690800905
2015-08-25,0.0017999999690800905,0.0017999999690800905,0.0017999999690800905,0.0017999999690800905,0.0,0.0017999999690800905
2015-08-26,0.0017999999690800905,0.0017999999690800905,0.0017999999690800905,0.0017999999690800905,0.0,0.0017999999690800905
2015-08-27,0.0017999999690800905,0.0017999999690800905,0.0017999999690800905,0.0017999999690800905,0.0,0.0017999999690800905
2015-08-28,0.0017999999690800905,0.0017999999690800905,0.0017999999690800905,0.0017999999690800905,0.0,0.0017999999690800905
2015-08-31,0.0017999999690800905,0.0017999999690800905,0.0017999999690800905,0.0017999999690800905,0.0,0.0017999999690800905
2015-09-01,0.0017999999690800905,0.0017999999690800905,0.0017999999690800905,0.0017999999690800905,0.0,0.0017999999690800905
2015-09-02,0.0017999999690800905,0.0017999999690800905,0.0017999999690800905,0.0017999999690800905,0.0,0.0017999999690800905
2015-09-03,0.0017999999690800905,0.0017999999690800905,0.0017999999690800905,0.0017999999690800905,0.0,0.0017999999690800905
2015-09-04,0.0017999999690800905,0.0017999999690800905,0.0017999999690800905,0.0017999999690800905,0.0,0.0017999999690800905
2015-09-08,0.0017999999690800905,0.0017999999690800905,0.0017999999690800905,0.0017999999690800905,0.0,0.0017999999690800905
2015-09-09,0.0017999999690800905,0.0017999999690800905,0.0017999999690800905,0.0017999999690800905,0.0,0.0017999999690800905
2015-09-10,0.0017999999690800905,0.0017999999690800905,0.0017999999690800905,0.0017999999690800905,0.0,0.0017999999690800905
2015-09-11,0.0017999999690800905,0.0017999999690800905,0.0017999999690800905,0.0017999999690800905,0.0,0.0017999999690800905
2015-09-14,0.0017999999690800905,0.0017999999690800905,0.0017999999690800905,0.0017999999690800905,0.0,0.0017999999690800905
2015-09-15,0.0017999999690800905,0.0017999999690800905,0.0017999999690800905,0.0017999999690800905,0.0,0.0017999999690800905
2015-09-16,0.0017999999690800905,0.0017999999690800905,0.0017999999690800905,0.0017999999690800905,0.0,0.0017999999690800905
2015-09-17,0.0017999999690800905,0.0017999999690800905,0.0017999999690800905,0.0017999999690800905,0.0,0.0017999999690800905
2015-09-18,0.0017999999690800905,0.0017999999690800905,0.0017999999690800905,0.0017999999690800905,0.0,0.0017999999690800905
2015-09-21,0.0017999999690800905,0.0017999999690800905,0.0017999999690800905,0.0017999999690800905,0.0,0.0017999999690800905
2015-09-22,0.0017999999690800905,0.0017999999690800905,0.0017999999690800905,0.0017999999690800905,0.0,0.0017999999690800905
2015-09-23,0.0017999999690800905,0.0017999999690800905,0.0017999999690800905,0.0017999999690800905,0.0,0.0017999999690800905
2015-09-24,0.0017999999690800905,0.0017999999690800905,0.0017999999690800905,0.0017999999690800905,0.0,0.0017999999690800905
2015-09-25,0.0017999999690800905,0.0017999999690800905,0.0017999999690800905,0.0017999999690800905,0.0,0.0017999999690800905
2015-09-28,0.0017999999690800905,0.0017999999690800905,0.0017999999690800905,0.0017999999690800905,0.0,0.0017999999690800905
2015-09-29,0.0017999999690800905,0.0017999999690800905,0.0017999999690800905,0.0017999999690800905,0.0,0.0017999999690800905
2015-09-30,0.0017999999690800905,0.0017999999690800905,0.0017999999690800905,0.0017999999690800905,0.0,0.0017999999690800905
2015-10-01,0.0017999999690800905,0.0017999999690800905,0.0017999999690800905,0.0017999999690800905,0.0,0.0017999999690800905
2015-10-02,0.0017999999690800905,0.0017999999690800905,0.0017999999690800905,0.0017999999690800905,0.0,0.0017999999690800905
2015-10-05,0.0017999999690800905,0.0017999999690800905,0.0017999999690800905,0.0017999999690800905,0.0,0.0017999999690800905
2015-10-06,0.0017999999690800905,0.0017999999690800905,0.0017999999690800905,0.0017999999690800905,0.0,0.0017999999690800905
2015-10-07,0.0017999999690800905,0.0017999999690800905,0.0017999999690800905,0.0017999999690800905,0.0,0.0017999999690800905
2015-10-08,0.0017999999690800905,0.0017999999690800905,0.0017999999690800905,0.0017999999690800905,0.0,0.0017999999690800905
2015-10-09,0.0017999999690800905,0.0017999999690800905,0.0017999999690800905,0.0017999999690800905,0.0,0.0017999999690800905
2015-10-12,0.0017999999690800905,0.0017999999690800905,0.0017999999690800905,0.0017999999690800905,0.0,0.0017999999690800905
2015-10-13,0.0017999999690800905,0.0017999999690800905,0.0017999999690800905,0.0017999999690800905,0.0,0.0017999999690800905
2015-10-14,0.0017999999690800905,0.0017999999690800905,0.0017999999690800905,0.0017999999690800905,0.0,0.0017999999690800905
2015-10-15,0.0017999999690800905,0.0017999999690800905,0.0017999999690800905,0.0017999999690800905,0.0,0.0017999999690800905
2015-10-16,0.0017999999690800905,0.0017999999690800905,0.0017999999690800905,0.0017999999690800905,0.0,0.0017999999690800905
2015-10-19,0.0017999999690800905,0.0017999999690800905,0.0017999999690800905,0.0017999999690800905,0.0,0.0017999999690800905
2015-10-20,0.0017999999690800905,0.0017999999690800905,0.0017999999690800905,0.0017999999690800905,0.0,0.0017999999690800905
2015-10-21,0.0017999999690800905,0.0017999999690800905,0.0017999999690800905,0.0017999999690800905,0.0,0.0017999999690800905
2015-10-22,0.0017999999690800905,0.0017999999690800905,0.0017999999690800905,0.0017999999690800905,0.0,0.0017999999690800905
2015-10-23,0.0017999999690800905,0.0017999999690800905,0.0017999999690800905,0.0017999999690800905,0.0,0.0017999999690800905
2015-10-26,0.0017999999690800905,0.0017999999690800905,0.0017999999690800905,0.0017999999690800905,0.0,0.0017999999690800905
2015-10-27,0.0017999999690800905,0.0017999999690800905,0.0017999999690800905,0.0017999999690800905,0.0,0.0017999999690800905
2015-10-28,0.0017999999690800905,0.0017999999690800905,0.0017999999690800905,0.0017999999690800905,0.0,0.0017999999690800905
2015-10-29,0.0017999999690800905,0.0017999999690800905,0.0017999999690800905,0.0017999999690800905,0.0,0.0017999999690800905
2015-10-30,0.0017999999690800905,0.0017999999690800905,0.0017999999690800905,0.0017999999690800905,0.0,0.0017999999690800905
2015-11-02,0.0017999999690800905,0.0017999999690800905,0.0017999999690800905,0.0017999999690800905,0.0,0.0017999999690800905
2015-11-03,0.0017999999690800905,0.0017999999690800905,0.0017999999690800905,0.0017999999690800905,0.0,0.0017999999690800905
2015-11-04,0.0017999999690800905,0.0017999999690800905,0.0017999999690800905,0.0017999999690800905,0.0,0.0017999999690800905
2015-11-05,0.0017999999690800905,0.0017999999690800905,0.0017999999690800905,0.0017999999690800905,0.0,0.0017999999690800905
2015-11-06,0.0017999999690800905,0.0017999999690800905,0.0017999999690800905,0.0017999999690800905,0.0,0.0017999999690800905
2015-11-09,0.0017999999690800905,0.0017999999690800905,0.0017999999690800905,0.0017999999690800905,0.0,0.0017999999690800905
2015-11-10,0.0017999999690800905,0.0017999999690800905,0.0017999999690800905,0.0017999999690800905,0.0,0.0017999999690800905
2015-11-11,0.0017999999690800905,0.0017999999690800905,0.0017999999690800905,0.0017999999690800905,0.0,0.0017999999690800905
2015-11-12,0.0017999999690800905,0.0017999999690800905,0.0017999999690800905,0.0017999999690800905,0.0,0.0017999999690800905
2015-11-13,0.0017999999690800905,0.0017999999690800905,0.0017999999690800905,0.0017999999690800905,0.0,0.0017999999690800905
2015-11-16,0.0017999999690800905,0.0017999999690800905,0.0017999999690800905,0.0017999999690800905,0.0,0.0017999999690800905
2015-11-17,0.0017999999690800905,0.0017999999690800905,0.0017999999690800905,0.0017999999690800905,0.0,0.0017999999690800905
2015-11-18,0.0017999999690800905,0.0017999999690800905,0.0017999999690800905,0.0017999999690800905,0.0,0.0017999999690800905
2015-11-19,0.0017999999690800905,0.0017999999690800905,0.0017999999690800905,0.0017999999690800905,0.0,0.0017999999690800905
2015-11-20,0.0017999999690800905,0.0017999999690800905,0.0017999999690800905,0.0017999999690800905,0.0,0.0017999999690800905
2015-11-23,0.0017999999690800905,0.0017999999690800905,0.0017999999690800905,0.0017999999690800905,0.0,0.0017999999690800905
2015-11-24,0.0017999999690800905,0.0017999999690800905,0.0017999999690800905,0.0017999999690800905,0.0,0.0017999999690800905
2015-11-25,0.0017999999690800905,0.0017999999690800905,0.0017999999690800905,0.0017999999690800905,0.0,0.0017999999690800905
2015-11-27,0.0017999999690800905,0.0017999999690800905,0.0017999999690800905,0.0017999999690800905,0.0,0.0017999999690800905
2015-11-30,0.0019000000320374966,0.0019000000320374966,0.0019000000320374966,0.0019000000320374966,10000.0,0.0019000000320374966
2015-12-01,0.0019000000320374966,0.0019000000320374966,0.0019000000320374966,0.0019000000320374966,0.0,0.0019000000320374966
2015-12-02,0.0019000000320374966,0.0019000000320374966,0.0019000000320374966,0.0019000000320374966,0.0,0.0019000000320374966
2015-12-03,0.0019000000320374966,0.0019000000320374966,0.0019000000320374966,0.0019000000320374966,0.0,0.0019000000320374966
2015-12-04,0.0019000000320374966,0.0019000000320374966,0.0019000000320374966,0.0019000000320374966,0.0,0.0019000000320374966
2015-12-07,0.0019000000320374966,0.0019000000320374966,0.0019000000320374966,0.0019000000320374966,0.0,0.0019000000320374966
2015-12-08,0.0019000000320374966,0.0019000000320374966,0.0019000000320374966,0.0019000000320374966,0.0,0.0019000000320374966
2015-12-09,0.0019000000320374966,0.0019000000320374966,0.0019000000320374966,0.0019000000320374966,0.0,0.0019000000320374966
2015-12-10,0.0019000000320374966,0.0019000000320374966,0.0019000000320374966,0.0019000000320374966,0.0,0.0019000000320374966
2015-12-11,0.0019000000320374966,0.0019000000320374966,0.0019000000320374966,0.0019000000320374966,0.0,0.0019000000320374966
2015-12-14,0.0019000000320374966,0.0019000000320374966,0.0019000000320374966,0.0019000000320374966,0.0,0.0019000000320374966
2015-12-15,0.0019000000320374966,0.0019000000320374966,0.0019000000320374966,0.0019000000320374966,0.0,0.0019000000320374966
2015-12-16,0.0019000000320374966,0.0019000000320374966,0.0019000000320374966,0.0019000000320374966,0.0,0.0019000000320374966
2015-12-17,0.0019000000320374966,0.0019000000320374966,0.0019000000320374966,0.0019000000320374966,0.0,0.0019000000320374966
2015-12-18,0.0019000000320374966,0.0019000000320374966,0.0019000000320374966,0.0019000000320374966,0.0,0.0019000000320374966
2015-12-21,0.0019000000320374966,0.0019000000320374966,0.0019000000320374966,0.0019000000320374966,0.0,0.0019000000320374966
2015-12-22,0.0019000000320374966,0.0019000000320374966,0.0019000000320374966,0.0019000000320374966,0.0,0.0019000000320374966
2015-12-23,0.0019000000320374966,0.0019000000320374966,0.0019000000320374966,0.0019000000320374966,0.0,0.0019000000320374966
2015-12-24,0.0019000000320374966,0.0019000000320374966,0.0019000000320374966,0.0019000000320374966,0.0,0.0019000000320374966
2015-12-28,0.0019000000320374966,0.0019000000320374966,0.0019000000320374966,0.0019000000320374966,0.0,0.0019000000320374966
2015-12-29,0.0019000000320374966,0.0019000000320374966,0.0019000000320374966,0.0019000000320374966,0.0,0.0019000000320374966
2015-12-30,0.002400000113993883,0.0017999999690800905,0.002400000113993883,0.0017999999690800905,20000.0,0.0017999999690800905
2015-12-31,0.0017999999690800905,0.0017999999690800905,0.0017999999690800905,0.0017999999690800905,0.0,0.0017999999690800905
2016-01-04,0.0017999999690800905,0.0017999999690800905,0.0017999999690800905,0.0017999999690800905,0.0,0.0017999999690800905
2016-01-05,0.0017999999690800905,0.0017999999690800905,0.0017999999690800905,0.0017999999690800905,250.0,0.0017999999690800905
2016-01-06,0.0017999999690800905,0.0017999999690800905,0.0017999999690800905,0.0017999999690800905,0.0,0.0017999999690800905
2016-01-07,0.0017999999690800905,0.0017999999690800905,0.0017999999690800905,0.0017999999690800905,0.0,0.0017999999690800905
2016-01-08,0.0017999999690800905,0.0017999999690800905,0.0017999999690800905,0.0017999999690800905,0.0,0.0017999999690800905
2016-01-11,0.0017999999690800905,0.0017999999690800905,0.0017999999690800905,0.0017999999690800905,0.0,0.0017999999690800905
2016-01-12,0.0017999999690800905,0.0017999999690800905,0.0017999999690800905,0.0017999999690800905,0.0,0.0017999999690800905
2016-01-13,0.0017999999690800905,0.0017999999690800905,0.0017999999690800905,0.0017999999690800905,0.0,0.0017999999690800905
2016-01-14,0.0017999999690800905,0.0017999999690800905,0.0017999999690800905,0.0017999999690800905,0.0,0.0017999999690800905
2016-01-15,0.0017999999690800905,0.0017999999690800905,0.0017999999690800905,0.0017999999690800905,0.0,0.0017999999690800905
2016-01-19,0.0017999999690800905,0.0017999999690800905,0.0017999999690800905,0.0017999999690800905,0.0,0.0017999999690800905
2016-01-20,0.0017999999690800905,0.0017999999690800905,0.0017999999690800905,0.0017999999690800905,0.0,0.0017999999690800905
2016-01-21,0.0017999999690800905,0.0017999999690800905,0.0017999999690800905,0.0017999999690800905,0.0,0.0017999999690800905
2016-01-22,0.0017999999690800905,0.0017999999690800905,0.0017999999690800905,0.0017999999690800905,0.0,0.0017999999690800905
2016-01-25,0.0017999999690800905,0.00139999995008111,0.0017999999690800905,0.00139999995008111,796000.0,0.00139999995008111
2016-01-26,0.00139999995008111,0.00139999995008111,0.00139999995008111,0.00139999995008111,0.0,0.00139999995008111
2016-01-27,0.00139999995008111,0.00139999995008111,0.00139999995008111,0.00139999995008111,0.0,0.00139999995008111
2016-01-28,0.00139999995008111,0.00139999995008111,0.00139999995008111,0.00139999995008111,0.0,0.00139999995008111
2016-01-29,0.00139999995008111,0.00139999995008111,0.00139999995008111,0.00139999995008111,0.0,0.00139999995008111
2016-02-01,0.00139999995008111,0.00139999995008111,0.00139999995008111,0.00139999995008111,0.0,0.00139999995008111
2016-02-02,0.00139999995008111,0.00139999995008111,0.00139999995008111,0.00139999995008111,0.0,0.00139999995008111
2016-02-03,0.00139999995008111,0.00139999995008111,0.00139999995008111,0.00139999995008111,0.0,0.00139999995008111
2016-02-04,0.00139999995008111,0.00139999995008111,0.00139999995008111,0.00139999995008111,0.0,0.00139999995008111
2016-02-05,0.00139999995008111,0.00139999995008111,0.00139999995008111,0.00139999995008111,0.0,0.00139999995008111
2016-02-08,0.00139999995008111,0.00139999995008111,0.00139999995008111,0.00139999995008111,0.0,0.00139999995008111
2016-02-09,0.00139999995008111,0.00139999995008111,0.00139999995008111,0.00139999995008111,0.0,0.00139999995008111
2016-02-10,0.00139999995008111,0.00139999995008111,0.00139999995008111,0.00139999995008111,0.0,0.00139999995008111
2016-02-11,0.00139999995008111,0.00139999995008111,0.00139999995008111,0.00139999995008111,0.0,0.00139999995008111
2016-02-12,0.00139999995008111,0.00139999995008111,0.00139999995008111,0.00139999995008111,0.0,0.00139999995008111
2016-02-16,0.00139999995008111,0.00139999995008111,0.00139999995008111,0.00139999995008111,0.0,0.00139999995008111
2016-02-17,0.00139999995008111,0.00139999995008111,0.00139999995008111,0.00139999995008111,0.0,0.00139999995008111
2016-02-18,0.00139999995008111,0.00139999995008111,0.00139999995008111,0.00139999995008111,0.0,0.00139999995008111
2016-02-19,0.00139999995008111,0.00139999995008111,0.00139999995008111,0.00139999995008111,0.0,0.00139999995008111
2016-02-22,0.00139999995008111,0.00139999995008111,0.00139999995008111,0.00139999995008111,0.0,0.00139999995008111
2016-02-23,0.00139999995008111,0.00139999995008111,0.00139999995008111,0.00139999995008111,0.0,0.00139999995008111
2016-02-24,0.00139999995008111,0.00139999995008111,0.00139999995008111,0.00139999995008111,0.0,0.00139999995008111
2016-02-25,0.0013000000035390258,0.0013000000035390258,0.0013000000035390258,0.0013000000035390258,20000.0,0.0013000000035390258
2016-02-26,0.0013000000035390258,0.0013000000035390258,0.0013000000035390258,0.0013000000035390258,0.0,0.0013000000035390258
2016-02-29,0.0013000000035390258,0.0013000000035390258,0.0013000000035390258,0.0013000000035390258,0.0,0.0013000000035390258
2016-03-01,0.0013000000035390258,0.0013000000035390258,0.0013000000035390258,0.0013000000035390258,0.0,0.0013000000035390258
2016-03-02,0.0013000000035390258,0.0013000000035390258,0.0013000000035390258,0.0013000000035390258,0.0,0.0013000000035390258
2016-03-03,0.0013000000035390258,0.0013000000035390258,0.0013000000035390258,0.0013000000035390258,0.0,0.0013000000035390258
2016-03-04,0.0013000000035390258,0.0012000000569969416,0.0013000000035390258,0.0012000000569969416,60000.0,0.0012000000569969416
2016-03-07,0.0012000000569969416,0.0012000000569969416,0.0012000000569969416,0.0012000000569969416,0.0,0.0012000000569969416
2016-03-08,0.0012000000569969416,0.0012000000569969416,0.0012000000569969416,0.0012000000569969416,0.0,0.0012000000569969416
2016-03-09,0.0012000000569969416,0.0012000000569969416,0.0012000000569969416,0.0012000000569969416,0.0,0.0012000000569969416
2016-03-10,0.0012000000569969416,0.0012000000569969416,0.0012000000569969416,0.0012000000569969416,0.0,0.0012000000569969416
2016-03-11,0.0012000000569969416,0.0012000000569969416,0.0012000000569969416,0.0012000000569969416,0.0,0.0012000000569969416
2016-03-14,0.0012000000569969416,0.0012000000569969416,0.0012000000569969416,0.0012000000569969416,0.0,0.0012000000569969416
2016-03-15,0.0012000000569969416,0.0012000000569969416,0.0012000000569969416,0.0012000000569969416,0.0,0.0012000000569969416
2016-03-16,0.0012000000569969416,0.0012000000569969416,0.0012000000569969416,0.0012000000569969416,0.0,0.0012000000569969416
2016-03-17,0.0012000000569969416,0.0012000000569969416,0.0012000000569969416,0.0012000000569969416,5000.0,0.0012000000569969416
2016-03-18,0.0012000000569969416,0.0012000000569969416,0.0012000000569969416,0.0012000000569969416,0.0,0.0012000000569969416
2016-03-21,0.0012000000569969416,0.0012000000569969416,0.0012000000569969416,0.0012000000569969416,0.0,0.0012000000569969416
2016-03-22,0.0012000000569969416,0.0012000000569969416,0.0012000000569969416,0.0012000000569969416,0.0,0.0012000000569969416
2016-03-23,0.0012000000569969416,0.0012000000569969416,0.0012000000569969416,0.0012000000569969416,0.0,0.0012000000569969416
2016-03-24,0.0012000000569969416,0.0012000000569969416,0.0012000000569969416,0.0012000000569969416,0.0,0.0012000000569969416
2016-03-28,0.0012000000569969416,0.0012000000569969416,0.0012000000569969416,0.0012000000569969416,0.0,0.0012000000569969416
2016-03-29,0.0012000000569969416,0.0012000000569969416,0.0012000000569969416,0.0012000000569969416,0.0,0.0012000000569969416
2016-03-30,0.0012000000569969416,0.0012000000569969416,0.0012000000569969416,0.0012000000569969416,0.0,0.0012000000569969416
2016-03-31,0.0012000000569969416,0.0012000000569969416,0.0012000000569969416,0.0012000000569969416,0.0,0.0012000000569969416
2016-04-01,0.0012000000569969416,0.0012000000569969416,0.0012000000569969416,0.0012000000569969416,0.0,0.0012000000569969416
2016-04-04,0.0012000000569969416,0.0012000000569969416,0.0012000000569969416,0.0012000000569969416,0.0,0.0012000000569969416
2016-04-05,0.0012000000569969416,0.0012000000569969416,0.0012000000569969416,0.0012000000569969416,0.0,0.0012000000569969416
2016-04-06,0.0012000000569969416,0.0012000000569969416,0.0012000000569969416,0.0012000000569969416,0.0,0.0012000000569969416
2016-04-07,0.0012000000569969416,0.0012000000569969416,0.0012000000569969416,0.0012000000569969416,0.0,0.0012000000569969416
2016-04-08,0.0012000000569969416,0.0012000000569969416,0.0012000000569969416,0.0012000000569969416,0.0,0.0012000000569969416
2016-04-11,0.0012000000569969416,0.0012000000569969416,0.0012000000569969416,0.0012000000569969416,0.0,0.0012000000569969416
2016-04-12,0.0012000000569969416,0.0012000000569969416,0.0012000000569969416,0.0012000000569969416,0.0,0.0012000000569969416
2016-04-13,0.0012000000569969416,0.0012000000569969416,0.0012000000569969416,0.0012000000569969416,0.0,0.0012000000569969416
2016-04-14,0.0012000000569969416,0.0012000000569969416,0.0012000000569969416,0.0012000000569969416,0.0,0.0012000000569969416
2016-04-15,0.0012000000569969416,0.0012000000569969416,0.0012000000569969416,0.0012000000569969416,0.0,0.0012000000569969416
2016-04-18,0.0012000000569969416,0.0012000000569969416,0.0012000000569969416,0.0012000000569969416,0.0,0.0012000000569969416
2016-04-19,0.0012000000569969416,0.0012000000569969416,0.0012000000569969416,0.0012000000569969416,0.0,0.0012000000569969416
2016-04-20,0.0012000000569969416,0.0012000000569969416,0.0012000000569969416,0.0012000000569969416,0.0,0.0012000000569969416
2016-04-21,0.0012000000569969416,0.0012000000569969416,0.0012000000569969416,0.0012000000569969416,0.0,0.0012000000569969416
2016-04-22,0.0012000000569969416,0.0012000000569969416,0.0012000000569969416,0.0012000000569969416,0.0,0.0012000000569969416
2016-04-25,0.0012000000569969416,0.0012000000569969416,0.0012000000569969416,0.0012000000569969416,0.0,0.0012000000569969416
2016-04-26,0.0012000000569969416,0.0012000000569969416,0.0012000000569969416,0.0012000000569969416,0.0,0.0012000000569969416
2016-04-27,0.0012000000569969416,0.0012000000569969416,0.0012000000569969416,0.0012000000569969416,0.0,0.0012000000569969416
2016-04-28,0.0012000000569969416,0.0012000000569969416,0.0012000000569969416,0.0012000000569969416,0.0,0.0012000000569969416
2016-04-29,0.0012000000569969416,0.0012000000569969416,0.0012000000569969416,0.0012000000569969416,0.0,0.0012000000569969416
2016-05-02,0.0012000000569969416,0.0012000000569969416,0.0012000000569969416,0.0012000000569969416,0.0,0.0012000000569969416
2016-05-03,0.0012000000569969416,0.0012000000569969416,0.0012000000569969416,0.0012000000569969416,0.0,0.0012000000569969416
2016-05-04,0.0012000000569969416,0.0012000000569969416,0.0012000000569969416,0.0012000000569969416,0.0,0.0012000000569969416
2016-05-05,0.0012000000569969416,0.0012000000569969416,0.0012000000569969416,0.0012000000569969416,0.0,0.0012000000569969416
2016-05-06,0.0012000000569969416,0.0012000000569969416,0.0012000000569969416,0.0012000000569969416,0.0,0.0012000000569969416
2016-05-09,0.0012000000569969416,0.0012000000569969416,0.0012000000569969416,0.0012000000569969416,0.0,0.0012000000569969416
2016-05-10,0.0012000000569969416,0.0012000000569969416,0.0012000000569969416,0.0012000000569969416,0.0,0.0012000000569969416
2016-05-11,0.0012000000569969416,0.0012000000569969416,0.0012000000569969416,0.0012000000569969416,0.0,0.0012000000569969416
2016-05-12,0.0012000000569969416,0.0012000000569969416,0.0012000000569969416,0.0012000000569969416,0.0,0.0012000000569969416
2016-05-13,0.0012000000569969416,0.0012000000569969416,0.0012000000569969416,0.0012000000569969416,0.0,0.0012000000569969416
2016-05-16,0.0012000000569969416,0.0012000000569969416,0.0012000000569969416,0.0012000000569969416,10000.0,0.0012000000569969416
2016-05-17,0.0012000000569969416,0.0012000000569969416,0.0012000000569969416,0.0012000000569969416,0.0,0.0012000000569969416
2016-05-18,0.0012000000569969416,0.0012000000569969416,0.0012000000569969416,0.0012000000569969416,0.0,0.0012000000569969416
2016-05-19,0.0012000000569969416,0.0012000000569969416,0.0012000000569969416,0.0012000000569969416,0.0,0.0012000000569969416
2016-05-20,0.0012000000569969416,0.0012000000569969416,0.0012000000569969416,0.0012000000569969416,0.0,0.0012000000569969416
2016-05-23,0.0012000000569969416,0.0012000000569969416,0.0012000000569969416,0.0012000000569969416,0.0,0.0012000000569969416
2016-05-24,0.0012000000569969416,0.0012000000569969416,0.0012000000569969416,0.0012000000569969416,0.0,0.0012000000569969416
2016-05-25,0.0012000000569969416,0.0012000000569969416,0.0012000000569969416,0.0012000000569969416,0.0,0.0012000000569969416
2016-05-26,0.0012000000569969416,0.0012000000569969416,0.0012000000569969416,0.0012000000569969416,0.0,0.0012000000569969416
2016-05-27,0.0012000000569969416,0.0012000000569969416,0.0012000000569969416,0.0012000000569969416,0.0,0.0012000000569969416
2016-05-31,0.0012000000569969416,0.0012000000569969416,0.0012000000569969416,0.0012000000569969416,0.0,0.0012000000569969416
2016-06-01,0.0012000000569969416,0.0012000000569969416,0.0012000000569969416,0.0012000000569969416,0.0,0.0012000000569969416
2016-06-02,0.0012000000569969416,0.0012000000569969416,0.0012000000569969416,0.0012000000569969416,0.0,0.0012000000569969416
2016-06-03,0.0012000000569969416,0.0012000000569969416,0.0012000000569969416,0.0012000000569969416,0.0,0.0012000000569969416
2016-06-06,0.0012000000569969416,0.0012000000569969416,0.0012000000569969416,0.0012000000569969416,0.0,0.0012000000569969416
2016-06-07,0.0012000000569969416,0.0012000000569969416,0.0012000000569969416,0.0012000000569969416,140000.0,0.0012000000569969416
2016-06-08,0.0012000000569969416,0.0012000000569969416,0.0012000000569969416,0.0012000000569969416,0.0,0.0012000000569969416
2016-06-09,0.0013000000035390258,0.0012000000569969416,0.0012000000569969416,0.0013000000035390258,6000.0,0.0013000000035390258
2016-06-10,0.0013000000035390258,0.0013000000035390258,0.0013000000035390258,0.0013000000035390258,0.0,0.0013000000035390258
2016-06-13,0.0013000000035390258,0.0013000000035390258,0.0013000000035390258,0.0013000000035390258,0.0,0.0013000000035390258
2016-06-14,0.0013000000035390258,0.0013000000035390258,0.0013000000035390258,0.0013000000035390258,0.0,0.0013000000035390258
2016-06-15,0.0013000000035390258,0.0013000000035390258,0.0013000000035390258,0.0013000000035390258,0.0,0.0013000000035390258
2016-06-16,0.0013000000035390258,0.0013000000035390258,0.0013000000035390258,0.0013000000035390258,0.0,0.0013000000035390258
2016-06-17,0.0013000000035390258,0.0013000000035390258,0.0013000000035390258,0.0013000000035390258,0.0,0.0013000000035390258
2016-06-20,0.0013000000035390258,0.0013000000035390258,0.0013000000035390258,0.0013000000035390258,0.0,0.0013000000035390258
2016-06-21,0.0013000000035390258,0.0013000000035390258,0.0013000000035390258,0.0013000000035390258,0.0,0.0013000000035390258
2016-06-22,0.002400000113993883,0.002400000113993883,0.002400000113993883,0.002400000113993883,100000.0,0.002400000113993883
2016-06-23,0.002400000113993883,0.002400000113993883,0.002400000113993883,0.002400000113993883,0.0,0.002400000113993883
2016-06-24,0.002400000113993883,0.002400000113993883,0.002400000113993883,0.002400000113993883,0.0,0.002400000113993883
2016-06-27,0.002400000113993883,0.002400000113993883,0.002400000113993883,0.002400000113993883,0.0,0.002400000113993883
2016-06-28,0.002400000113993883,0.002400000113993883,0.002400000113993883,0.002400000113993883,100.0,0.002400000113993883
2016-06-29,0.002400000113993883,0.002400000113993883,0.002400000113993883,0.002400000113993883,0.0,0.002400000113993883
2016-06-30,0.002400000113993883,0.002400000113993883,0.002400000113993883,0.002400000113993883,0.0,0.002400000113993883
2016-07-01,0.002400000113993883,0.002400000113993883,0.002400000113993883,0.002400000113993883,0.0,0.002400000113993883
2016-07-05,0.002400000113993883,0.002400000113993883,0.002400000113993883,0.002400000113993883,0.0,0.002400000113993883
2016-07-06,0.002400000113993883,0.002400000113993883,0.002400000113993883,0.002400000113993883,0.0,0.002400000113993883
2016-07-07,0.00139999995008111,0.0010000000474974513,0.00139999995008111,0.0010000000474974513,243600.0,0.0010000000474974513
2016-07-08,0.0010000000474974513,0.0010000000474974513,0.0010000000474974513,0.0010000000474974513,0.0,0.0010000000474974513
2016-07-11,0.0010000000474974513,0.0010000000474974513,0.0010000000474974513,0.0010000000474974513,0.0,0.0010000000474974513
2016-07-12,0.0010000000474974513,0.0010000000474974513,0.0010000000474974513,0.0010000000474974513,0.0,0.0010000000474974513
2016-07-13,0.0010000000474974513,0.0010000000474974513,0.0010000000474974513,0.0010000000474974513,0.0,0.0010000000474974513
2016-07-14,0.0010000000474974513,0.0010000000474974513,0.0010000000474974513,0.0010000000474974513,0.0,0.0010000000474974513
2016-07-15,0.0010000000474974513,0.0010000000474974513,0.0010000000474974513,0.0010000000474974513,0.0,0.0010000000474974513
2016-07-18,0.0010000000474974513,0.0010000000474974513,0.0010000000474974513,0.0010000000474974513,0.0,0.0010000000474974513
2016-07-19,0.0010000000474974513,0.0010000000474974513,0.0010000000474974513,0.0010000000474974513,0.0,0.0010000000474974513
2016-07-20,0.0010000000474974513,0.0010000000474974513,0.0010000000474974513,0.0010000000474974513,0.0,0.0010000000474974513
2016-07-21,0.0010000000474974513,0.0010000000474974513,0.0010000000474974513,0.0010000000474974513,0.0,0.0010000000474974513
2016-07-22,0.0010000000474974513,0.0010000000474974513,0.0010000000474974513,0.0010000000474974513,0.0,0.0010000000474974513
2016-07-25,0.0010000000474974513,0.0010000000474974513,0.0010000000474974513,0.0010000000474974513,0.0,0.0010000000474974513
2016-07-26,0.0010000000474974513,0.0010000000474974513,0.0010000000474974513,0.0010000000474974513,0.0,0.0010000000474974513
2016-07-27,0.0010000000474974513,0.0010000000474974513,0.0010000000474974513,0.0010000000474974513,0.0,0.0010000000474974513
2016-07-28,0.0010999999940395355,0.0010999999940395355,0.0010999999940395355,0.0010999999940395355,10000.0,0.0010999999940395355
2016-07-29,0.0010999999940395355,0.0010999999940395355,0.0010999999940395355,0.0010999999940395355,0.0,0.0010999999940395355
2016-08-01,0.0010999999940395355,0.0010999999940395355,0.0010999999940395355,0.0010999999940395355,63000.0,0.0010999999940395355
2016-08-02,0.0010999999940395355,0.0010999999940395355,0.0010999999940395355,0.0010999999940395355,0.0,0.0010999999940395355
2016-08-03,0.0010999999940395355,0.0010999999940395355,0.0010999999940395355,0.0010999999940395355,0.0,0.0010999999940395355
2016-08-04,0.0010999999940395355,0.0010999999940395355,0.0010999999940395355,0.0010999999940395355,0.0,0.0010999999940395355
2016-08-05,0.0010999999940395355,0.0010999999940395355,0.0010999999940395355,0.0010999999940395355,0.0,0.0010999999940395355
2016-08-08,0.0010999999940395355,0.0010999999940395355,0.0010999999940395355,0.0010999999940395355,0.0,0.0010999999940395355
2016-08-09,0.0010999999940395355,0.0010999999940395355,0.0010999999940395355,0.0010999999940395355,0.0,0.0010999999940395355
2016-08-10,0.0010999999940395355,0.0010999999940395355,0.0010999999940395355,0.0010999999940395355,0.0,0.0010999999940395355
2016-08-11,0.0010999999940395355,0.0010999999940395355,0.0010999999940395355,0.0010999999940395355,0.0,0.0010999999940395355
2016-08-12,0.0010999999940395355,0.0010999999940395355,0.0010999999940395355,0.0010999999940395355,0.0,0.0010999999940395355
2016-08-15,0.0010999999940395355,0.0010999999940395355,0.0010999999940395355,0.0010999999940395355,0.0,0.0010999999940395355
2016-08-16,0.0010999999940395355,0.0010999999940395355,0.0010999999940395355,0.0010999999940395355,0.0,0.0010999999940395355
2016-08-17,0.0010999999940395355,0.0010999999940395355,0.0010999999940395355,0.0010999999940395355,0.0,0.0010999999940395355
2016-08-18,0.0010999999940395355,0.0010999999940395355,0.0010999999940395355,0.0010999999940395355,0.0,0.0010999999940395355
2016-08-19,0.0010999999940395355,0.0010999999940395355,0.0010999999940395355,0.0010999999940395355,0.0,0.0010999999940395355
2016-08-22,0.0010999999940395355,0.0008999999845400453,0.0010999999940395355,0.0008999999845400453,291125.0,0.0008999999845400453
2016-08-23,0.0008999999845400453,0.0008999999845400453,0.0008999999845400453,0.0008999999845400453,0.0,0.0008999999845400453
2016-08-24,0.0008999999845400453,0.0008999999845400453,0.0008999999845400453,0.0008999999845400453,0.0,0.0008999999845400453
2016-08-25,0.0008999999845400453,0.0008999999845400453,0.0008999999845400453,0.0008999999845400453,0.0,0.0008999999845400453
2016-08-26,0.0008999999845400453,0.0008999999845400453,0.0008999999845400453,0.0008999999845400453,0.0,0.0008999999845400453
2016-08-29,0.0008999999845400453,0.0008999999845400453,0.0008999999845400453,0.0008999999845400453,0.0,0.0008999999845400453
2016-08-30,0.0008999999845400453,0.0008999999845400453,0.0008999999845400453,0.0008999999845400453,0.0,0.0008999999845400453
2016-08-31,0.0008999999845400453,0.0008999999845400453,0.0008999999845400453,0.0008999999845400453,0.0,0.0008999999845400453
2016-09-01,0.0008999999845400453,0.0008999999845400453,0.0008999999845400453,0.0008999999845400453,0.0,0.0008999999845400453
2016-09-02,0.0008999999845400453,0.0008999999845400453,0.0008999999845400453,0.0008999999845400453,0.0,0.0008999999845400453
2016-09-06,0.0008999999845400453,0.0008999999845400453,0.0008999999845400453,0.0008999999845400453,0.0,0.0008999999845400453
2016-09-07,0.0008999999845400453,0.0008999999845400453,0.0008999999845400453,0.0008999999845400453,0.0,0.0008999999845400453
2016-09-08,0.0008999999845400453,0.0008999999845400453,0.0008999999845400453,0.0008999999845400453,0.0,0.0008999999845400453
2016-09-09,0.0008999999845400453,0.0008999999845400453,0.0008999999845400453,0.0008999999845400453,0.0,0.0008999999845400453
2016-09-12,0.0008999999845400453,0.0008999999845400453,0.0008999999845400453,0.0008999999845400453,0.0,0.0008999999845400453
2016-09-13,0.0008999999845400453,0.0008999999845400453,0.0008999999845400453,0.0008999999845400453,0.0,0.0008999999845400453
2016-09-14,0.0008999999845400453,0.0008999999845400453,0.0008999999845400453,0.0008999999845400453,0.0,0.0008999999845400453
2016-09-15,0.0008999999845400453,0.0008999999845400453,0.0008999999845400453,0.0008999999845400453,0.0,0.0008999999845400453
2016-09-16,0.0008999999845400453,0.0008999999845400453,0.0008999999845400453,0.0008999999845400453,0.0,0.0008999999845400453
2016-09-19,0.0008999999845400453,0.0008999999845400453,0.0008999999845400453,0.0008999999845400453,0.0,0.0008999999845400453
2016-09-20,0.0008999999845400453,0.0008999999845400453,0.0008999999845400453,0.0008999999845400453,0.0,0.0008999999845400453
2016-09-21,0.0008999999845400453,0.0008999999845400453,0.0008999999845400453,0.0008999999845400453,0.0,0.0008999999845400453
2016-09-22,0.0008999999845400453,0.0008999999845400453,0.0008999999845400453,0.0008999999845400453,0.0,0.0008999999845400453
2016-09-23,0.0008999999845400453,0.0008999999845400453,0.0008999999845400453,0.0008999999845400453,0.0,0.0008999999845400453
2016-09-26,0.0008999999845400453,0.0008999999845400453,0.0008999999845400453,0.0008999999845400453,0.0,0.0008999999845400453
2016-09-27,0.0008999999845400453,0.0008999999845400453,0.0008999999845400453,0.0008999999845400453,0.0,0.0008999999845400453
2016-09-28,0.0008999999845400453,0.0008999999845400453,0.0008999999845400453,0.0008999999845400453,0.0,0.0008999999845400453
2016-09-29,0.0008999999845400453,0.0008999999845400453,0.0008999999845400453,0.0008999999845400453,0.0,0.0008999999845400453
2016-09-30,0.0008999999845400453,0.0008999999845400453,0.0008999999845400453,0.0008999999845400453,0.0,0.0008999999845400453
2016-10-03,0.0008999999845400453,0.0008999999845400453,0.0008999999845400453,0.0008999999845400453,0.0,0.0008999999845400453
2016-10-04,0.0008999999845400453,0.0008999999845400453,0.0008999999845400453,0.0008999999845400453,0.0,0.0008999999845400453
2016-10-05,0.0008999999845400453,0.0008999999845400453,0.0008999999845400453,0.0008999999845400453,0.0,0.0008999999845400453
2016-10-06,0.0008999999845400453,0.0008999999845400453,0.0008999999845400453,0.0008999999845400453,18000.0,0.0008999999845400453
2016-10-07,0.0008999999845400453,0.0008999999845400453,0.0008999999845400453,0.0008999999845400453,0.0,0.0008999999845400453
2016-10-10,0.0008999999845400453,0.0008999999845400453,0.0008999999845400453,0.0008999999845400453,0.0,0.0008999999845400453
2016-10-11,0.0008999999845400453,0.0008999999845400453,0.0008999999845400453,0.0008999999845400453,0.0,0.0008999999845400453
2016-10-12,0.0008999999845400453,0.0008999999845400453,0.0008999999845400453,0.0008999999845400453,0.0,0.0008999999845400453
2016-10-13,0.0008999999845400453,0.0008999999845400453,0.0008999999845400453,0.0008999999845400453,0.0,0.0008999999845400453
2016-10-14,0.0008999999845400453,0.0008999999845400453,0.0008999999845400453,0.0008999999845400453,0.0,0.0008999999845400453
2016-10-17,0.0008999999845400453,0.0008999999845400453,0.0008999999845400453,0.0008999999845400453,0.0,0.0008999999845400453
2016-10-18,0.0008999999845400453,0.0008999999845400453,0.0008999999845400453,0.0008999999845400453,0.0,0.0008999999845400453
2016-10-19,0.0008999999845400453,0.0008999999845400453,0.0008999999845400453,0.0008999999845400453,0.0,0.0008999999845400453
2016-10-20,0.0008999999845400453,0.0008999999845400453,0.0008999999845400453,0.0008999999845400453,0.0,0.0008999999845400453
2016-10-21,0.0008999999845400453,0.0008999999845400453,0.0008999999845400453,0.0008999999845400453,0.0,0.0008999999845400453
2016-10-24,0.0008999999845400453,0.0008999999845400453,0.0008999999845400453,0.0008999999845400453,0.0,0.0008999999845400453
2016-10-25,0.0008999999845400453,0.0008999999845400453,0.0008999999845400453,0.0008999999845400453,0.0,0.0008999999845400453
2016-10-26,0.0008999999845400453,0.0008999999845400453,0.0008999999845400453,0.0008999999845400453,0.0,0.0008999999845400453
2016-10-27,0.0008999999845400453,0.0008999999845400453,0.0008999999845400453,0.0008999999845400453,0.0,0.0008999999845400453
2016-10-28,0.0008999999845400453,0.0008999999845400453,0.0008999999845400453,0.0008999999845400453,0.0,0.0008999999845400453
2016-10-31,0.0008999999845400453,0.0008999999845400453,0.0008999999845400453,0.0008999999845400453,0.0,0.0008999999845400453
2016-11-01,0.0008999999845400453,0.0008999999845400453,0.0008999999845400453,0.0008999999845400453,0.0,0.0008999999845400453
2016-11-02,0.0008999999845400453,0.0008999999845400453,0.0008999999845400453,0.0008999999845400453,0.0,0.0008999999845400453
2016-11-03,0.0008999999845400453,0.0008999999845400453,0.0008999999845400453,0.0008999999845400453,0.0,0.0008999999845400453
2016-11-04,0.0010000000474974513,0.0010000000474974513,0.0010000000474974513,0.0010000000474974513,16000.0,0.0010000000474974513
2016-11-07,0.0010000000474974513,0.0010000000474974513,0.0010000000474974513,0.0010000000474974513,0.0,0.0010000000474974513
2016-11-08,0.0010000000474974513,0.0010000000474974513,0.0010000000474974513,0.0010000000474974513,0.0,0.0010000000474974513
2016-11-09,0.0010000000474974513,0.0010000000474974513,0.0010000000474974513,0.0010000000474974513,0.0,0.0010000000474974513
2016-11-10,0.0010000000474974513,0.0010000000474974513,0.0010000000474974513,0.0010000000474974513,0.0,0.0010000000474974513
2016-11-11,0.0010000000474974513,0.0010000000474974513,0.0010000000474974513,0.0010000000474974513,0.0,0.0010000000474974513
2016-11-14,0.0010000000474974513,0.0010000000474974513,0.0010000000474974513,0.0010000000474974513,0.0,0.0010000000474974513
2016-11-15,0.0010000000474974513,0.0010000000474974513,0.0010000000474974513,0.0010000000474974513,0.0,0.0010000000474974513
2016-11-16,0.0010000000474974513,0.0010000000474974513,0.0010000000474974513,0.0010000000474974513,0.0,0.0010000000474974513
2016-11-17,0.0010000000474974513,0.0010000000474974513,0.0010000000474974513,0.0010000000474974513,0.0,0.0010000000474974513
2016-11-18,0.0010000000474974513,0.0010000000474974513,0.0010000000474974513,0.0010000000474974513,0.0,0.0010000000474974513
2016-11-21,0.0010000000474974513,0.0010000000474974513,0.0010000000474974513,0.0010000000474974513,0.0,0.0010000000474974513
2016-11-22,0.0016400000313296914,0.0016400000313296914,0.0016400000313296914,0.0016400000313296914,500.0,0.0016400000313296914
2016-11-23,0.0016400000313296914,0.0016400000313296914,0.0016400000313296914,0.0016400000313296914,0.0,0.0016400000313296914
2016-11-25,0.0016400000313296914,0.0016400000313296914,0.0016400000313296914,0.0016400000313296914,0.0,0.0016400000313296914
2016-11-28,0.0019499999471008778,0.0019499999471008778,0.0019499999471008778,0.0019499999471008778,2800.0,0.0019499999471008778
2016-11-29,0.0019499999471008778,0.0019499999471008778,0.0019499999471008778,0.0019499999471008778,0.0,0.0019499999471008778
2016-11-30,0.0024999999441206455,0.0020000000949949026,0.0024999999441206455,0.0020000000949949026,130000.0,0.0020000000949949026
2016-12-01,0.0020000000949949026,0.0020000000949949026,0.0020000000949949026,0.0020000000949949026,0.0,0.0020000000949949026
2016-12-02,0.0020000000949949026,0.0020000000949949026,0.0020000000949949026,0.0020000000949949026,70000.0,0.0020000000949949026
2016-12-05,0.0020000000949949026,0.0020000000949949026,0.0020000000949949026,0.0020000000949949026,0.0,0.0020000000949949026
2016-12-06,0.0020000000949949026,0.0020000000949949026,0.0020000000949949026,0.0020000000949949026,0.0,0.0020000000949949026
2016-12-07,0.0020000000949949026,0.0020000000949949026,0.0020000000949949026,0.0020000000949949026,0.0,0.0020000000949949026
2016-12-08,0.0020000000949949026,0.0020000000949949026,0.0020000000949949026,0.0020000000949949026,0.0,0.0020000000949949026
2016-12-09,0.0020000000949949026,0.0020000000949949026,0.0020000000949949026,0.0020000000949949026,0.0,0.0020000000949949026
2016-12-12,0.0016899999463930726,0.0016899999463930726,0.0016899999463930726,0.0016899999463930726,20000.0,0.0016899999463930726
2016-12-13,0.0010000000474974513,0.0010000000474974513,0.0010000000474974513,0.0010000000474974513,3000.0,0.0010000000474974513
2016-12-14,0.0010000000474974513,0.0010000000474974513,0.0010000000474974513,0.0010000000474974513,0.0,0.0010000000474974513
2016-12-15,0.0010000000474974513,0.0010000000474974513,0.0010000000474974513,0.0010000000474974513,0.0,0.0010000000474974513
2016-12-16,0.0010000000474974513,0.0010000000474974513,0.0010000000474974513,0.0010000000474974513,0.0,0.0010000000474974513
2016-12-19,0.0010000000474974513,0.0010000000474974513,0.0010000000474974513,0.0010000000474974513,0.0,0.0010000000474974513
2016-12-20,0.0010000000474974513,0.0010000000474974513,0.0010000000474974513,0.0010000000474974513,0.0,0.0010000000474974513
2016-12-21,0.0010000000474974513,0.0010000000474974513,0.0010000000474974513,0.0010000000474974513,20000.0,0.0010000000474974513
2016-12-22,0.0010000000474974513,0.0010000000474974513,0.0010000000474974513,0.0010000000474974513,0.0,0.0010000000474974513
2016-12-23,0.0010000000474974513,0.0010000000474974513,0.0010000000474974513,0.0010000000474974513,0.0,0.0010000000474974513
2016-12-27,0.0010000000474974513,0.0010000000474974513,0.0010000000474974513,0.0010000000474974513,7000.0,0.0010000000474974513
2016-12-28,0.0010000000474974513,0.0010000000474974513,0.0010000000474974513,0.0010000000474974513,30000.0,0.0010000000474974513
2016-12-29,0.0010000000474974513,0.0010000000474974513,0.0010000000474974513,0.0010000000474974513,0.0,0.0010000000474974513
2016-12-30,0.0010000000474974513,0.0010000000474974513,0.0010000000474974513,0.0010000000474974513,0.0,0.0010000000474974513
2017-01-03,0.0010000000474974513,0.0010000000474974513,0.0010000000474974513,0.0010000000474974513,0.0,0.0010000000474974513
2017-01-04,0.0010000000474974513,0.0010000000474974513,0.0010000000474974513,0.0010000000474974513,0.0,0.0010000000474974513
2017-01-05,0.0010000000474974513,0.0010000000474974513,0.0010000000474974513,0.0010000000474974513,1700.0,0.0010000000474974513
2017-01-06,0.0010000000474974513,0.0010000000474974513,0.0010000000474974513,0.0010000000474974513,0.0,0.0010000000474974513
2017-01-09,0.0010000000474974513,0.0010000000474974513,0.0010000000474974513,0.0010000000474974513,0.0,0.0010000000474974513
2017-01-10,0.0010000000474974513,0.0010000000474974513,0.0010000000474974513,0.0010000000474974513,0.0,0.0010000000474974513
2017-01-11,0.0010000000474974513,0.0010000000474974513,0.0010000000474974513,0.0010000000474974513,0.0,0.0010000000474974513
2017-01-12,0.0010000000474974513,0.0010000000474974513,0.0010000000474974513,0.0010000000474974513,0.0,0.0010000000474974513
2017-01-13,0.0010000000474974513,0.0010000000474974513,0.0010000000474974513,0.0010000000474974513,0.0,0.0010000000474974513
2017-01-17,0.0010000000474974513,0.0010000000474974513,0.0010000000474974513,0.0010000000474974513,0.0,0.0010000000474974513
2017-01-18,0.0010000000474974513,0.0010000000474974513,0.0010000000474974513,0.0010000000474974513,0.0,0.0010000000474974513
2017-01-19,0.0010000000474974513,0.0010000000474974513,0.0010000000474974513,0.0010000000474974513,0.0,0.0010000000474974513
2017-01-20,0.0010000000474974513,0.0010000000474974513,0.0010000000474974513,0.0010000000474974513,0.0,0.0010000000474974513
2017-01-23,0.0017399999778717756,0.0017399999778717756,0.0017399999778717756,0.0017399999778717756,2000.0,0.0017399999778717756
2017-01-24,0.0017399999778717756,0.0017399999778717756,0.0017399999778717756,0.0017399999778717756,0.0,0.0017399999778717756
2017-01-25,0.0017399999778717756,0.0017399999778717756,0.0017399999778717756,0.0017399999778717756,0.0,0.0017399999778717756
2017-01-26,0.0017399999778717756,0.0017399999778717756,0.0017399999778717756,0.0017399999778717756,0.0,0.0017399999778717756
2017-01-27,0.0017399999778717756,0.0017399999778717756,0.0017399999778717756,0.0017399999778717756,0.0,0.0017399999778717756
2017-01-30,0.0017399999778717756,0.0017399999778717756,0.0017399999778717756,0.0017399999778717756,0.0,0.0017399999778717756
2017-01-31,0.0017399999778717756,0.0017399999778717756,0.0017399999778717756,0.0017399999778717756,0.0,0.0017399999778717756
2017-02-01,0.0017399999778717756,0.0017399999778717756,0.0017399999778717756,0.0017399999778717756,0.0,0.0017399999778717756
2017-02-02,0.0017399999778717756,0.0017399999778717756,0.0017399999778717756,0.0017399999778717756,0.0,0.0017399999778717756
2017-02-03,0.0017399999778717756,0.0017399999778717756,0.0017399999778717756,0.0017399999778717756,0.0,0.0017399999778717756
2017-02-06,0.0017399999778717756,0.0017399999778717756,0.0017399999778717756,0.0017399999778717756,0.0,0.0017399999778717756
2017-02-07,0.0017399999778717756,0.0017399999778717756,0.0017399999778717756,0.0017399999778717756,0.0,0.0017399999778717756
2017-02-08,0.0017399999778717756,0.0017399999778717756,0.0017399999778717756,0.0017399999778717756,0.0,0.0017399999778717756
2017-02-09,0.0017399999778717756,0.0017399999778717756,0.0017399999778717756,0.0017399999778717756,0.0,0.0017399999778717756
2017-02-10,0.0017399999778717756,0.0017399999778717756,0.0017399999778717756,0.0017399999778717756,0.0,0.0017399999778717756
2017-02-13,0.0017399999778717756,0.0017399999778717756,0.0017399999778717756,0.0017399999778717756,0.0,0.0017399999778717756
2017-02-14,0.0017399999778717756,0.0017399999778717756,0.0017399999778717756,0.0017399999778717756,0.0,0.0017399999778717756
2017-02-15,0.0017399999778717756,0.0017399999778717756,0.0017399999778717756,0.0017399999778717756,0.0,0.0017399999778717756
2017-02-16,0.0012000000569969416,0.0012000000569969416,0.0012000000569969416,0.0012000000569969416,30000.0,0.0012000000569969416
2017-02-17,0.0012000000569969416,0.0012000000569969416,0.0012000000569969416,0.0012000000569969416,0.0,0.0012000000569969416
2017-02-21,0.0012000000569969416,0.0012000000569969416,0.0012000000569969416,0.0012000000569969416,30000.0,0.0012000000569969416
2017-02-22,0.0012000000569969416,0.0012000000569969416,0.0012000000569969416,0.0012000000569969416,0.0,0.0012000000569969416
2017-02-23,0.0012000000569969416,0.0012000000569969416,0.0012000000569969416,0.0012000000569969416,0.0,0.0012000000569969416
2017-02-24,0.0012000000569969416,0.0012000000569969416,0.0012000000569969416,0.0012000000569969416,0.0,0.0012000000569969416
2017-02-27,0.0012000000569969416,0.0012000000569969416,0.0012000000569969416,0.0012000000569969416,0.0,0.0012000000569969416
2017-02-28,0.0012000000569969416,0.0012000000569969416,0.0012000000569969416,0.0012000000569969416,0.0,0.0012000000569969416
2017-03-01,0.0012000000569969416,0.0012000000569969416,0.0012000000569969416,0.0012000000569969416,0.0,0.0012000000569969416
2017-03-02,0.0012000000569969416,0.0012000000569969416,0.0012000000569969416,0.0012000000569969416,0.0,0.0012000000569969416
2017-03-03,0.0012000000569969416,0.0012000000569969416,0.0012000000569969416,0.0012000000569969416,0.0,0.0012000000569969416
2017-03-06,0.0012000000569969416,0.0012000000569969416,0.0012000000569969416,0.0012000000569969416,0.0,0.0012000000569969416
2017-03-07,0.0012000000569969416,0.0012000000569969416,0.0012000000569969416,0.0012000000569969416,0.0,0.0012000000569969416
2017-03-08,0.0012000000569969416,0.0012000000569969416,0.0012000000569969416,0.0012000000569969416,0.0,0.0012000000569969416
2017-03-09,0.0012000000569969416,0.0012000000569969416,0.0012000000569969416,0.0012000000569969416,0.0,0.0012000000569969416
2017-03-10,0.0010999999940395355,0.0010999999940395355,0.0010999999940395355,0.0010999999940395355,4000.0,0.0010999999940395355
2017-03-13,0.0010999999940395355,0.0010999999940395355,0.0010999999940395355,0.0010999999940395355,0.0,0.0010999999940395355
2017-03-14,0.0010999999940395355,0.0010999999940395355,0.0010999999940395355,0.0010999999940395355,0.0,0.0010999999940395355
2017-03-15,0.0010999999940395355,0.0010999999940395355,0.0010999999940395355,0.0010999999940395355,0.0,0.0010999999940395355
2017-03-16,0.0010999999940395355,0.0010999999940395355,0.0010999999940395355,0.0010999999940395355,0.0,0.0010999999940395355
2017-03-17,0.0010999999940395355,0.0010999999940395355,0.0010999999940395355,0.0010999999940395355,0.0,0.0010999999940395355
2017-03-20,0.0010999999940395355,0.0010999999940395355,0.0010999999940395355,0.0010999999940395355,0.0,0.0010999999940395355
2017-03-21,0.0010999999940395355,0.0010999999940395355,0.0010999999940395355,0.0010999999940395355,0.0,0.0010999999940395355
2017-03-22,0.0010999999940395355,0.0010999999940395355,0.0010999999940395355,0.0010999999940395355,0.0,0.0010999999940395355
2017-03-23,0.0024900001008063555,0.0010999999940395355,0.0010999999940395355,0.0024900001008063555,8000.0,0.0024900001008063555
2017-03-24,0.0024900001008063555,0.0024900001008063555,0.0024900001008063555,0.0024900001008063555,0.0,0.0024900001008063555
2017-03-27,0.0010999999940395355,0.0010999999940395355,0.0010999999940395355,0.0010999999940395355,150000.0,0.0010999999940395355
2017-03-28,0.0010999999940395355,0.0010999999940395355,0.0010999999940395355,0.0010999999940395355,0.0,0.0010999999940395355
2017-03-29,0.0010999999940395355,0.0010999999940395355,0.0010999999940395355,0.0010999999940395355,0.0,0.0010999999940395355
2017-03-30,0.0010999999940395355,0.0010999999940395355,0.0010999999940395355,0.0010999999940395355,0.0,0.0010999999940395355
2017-03-31,0.0010999999940395355,0.0010999999940395355,0.0010999999940395355,0.0010999999940395355,0.0,0.0010999999940395355
2017-04-03,0.0010999999940395355,0.0010999999940395355,0.0010999999940395355,0.0010999999940395355,0.0,0.0010999999940395355
2017-04-04,0.0010999999940395355,0.0010999999940395355,0.0010999999940395355,0.0010999999940395355,0.0,0.0010999999940395355
2017-04-05,0.0010999999940395355,0.0010999999940395355,0.0010999999940395355,0.0010999999940395355,0.0,0.0010999999940395355
2017-04-06,0.0010000000474974513,0.0010000000474974513,0.0010000000474974513,0.0010000000474974513,30000.0,0.0010000000474974513
2017-04-07,0.0010000000474974513,0.0010000000474974513,0.0010000000474974513,0.0010000000474974513,0.0,0.0010000000474974513
2017-04-10,0.0010000000474974513,0.0010000000474974513,0.0010000000474974513,0.0010000000474974513,20000.0,0.0010000000474974513
2017-04-11,0.0010000000474974513,0.0010000000474974513,0.0010000000474974513,0.0010000000474974513,0.0,0.0010000000474974513
2017-04-12,0.0010000000474974513,0.0010000000474974513,0.0010000000474974513,0.0010000000474974513,0.0,0.0010000000474974513
2017-04-13,0.0010000000474974513,0.0010000000474974513,0.0010000000474974513,0.0010000000474974513,150000.0,0.0010000000474974513
2017-04-17,0.0010000000474974513,0.0010000000474974513,0.0010000000474974513,0.0010000000474974513,0.0,0.0010000000474974513
2017-04-18,0.0010000000474974513,0.0010000000474974513,0.0010000000474974513,0.0010000000474974513,0.0,0.0010000000474974513
2017-04-19,0.0010000000474974513,0.0010000000474974513,0.0010000000474974513,0.0010000000474974513,0.0,0.0010000000474974513
2017-04-20,0.0010000000474974513,0.0010000000474974513,0.0010000000474974513,0.0010000000474974513,0.0,0.0010000000474974513
2017-04-21,0.0010000000474974513,0.0010000000474974513,0.0010000000474974513,0.0010000000474974513,0.0,0.0010000000474974513
2017-04-24,0.0010000000474974513,0.0010000000474974513,0.0010000000474974513,0.0010000000474974513,0.0,0.0010000000474974513
2017-04-25,0.0010000000474974513,0.0010000000474974513,0.0010000000474974513,0.0010000000474974513,0.0,0.0010000000474974513
2017-04-26,0.0010000000474974513,0.0010000000474974513,0.0010000000474974513,0.0010000000474974513,0.0,0.0010000000474974513
2017-04-27,0.0010000000474974513,0.0010000000474974513,0.0010000000474974513,0.0010000000474974513,0.0,0.0010000000474974513
2017-04-28,0.0010000000474974513,0.0010000000474974513,0.0010000000474974513,0.0010000000474974513,0.0,0.0010000000474974513
2017-05-01,0.0010000000474974513,0.0010000000474974513,0.0010000000474974513,0.0010000000474974513,0.0,0.0010000000474974513
2017-05-02,0.0010000000474974513,0.0010000000474974513,0.0010000000474974513,0.0010000000474974513,0.0,0.0010000000474974513
2017-05-03,0.0010000000474974513,0.0010000000474974513,0.0010000000474974513,0.0010000000474974513,0.0,0.0010000000474974513
2017-05-04,0.0010000000474974513,0.0010000000474974513,0.0010000000474974513,0.0010000000474974513,0.0,0.0010000000474974513
2017-05-05,0.0010000000474974513,0.0010000000474974513,0.0010000000474974513,0.0010000000474974513,0.0,0.0010000000474974513
2017-05-08,0.0010000000474974513,0.0010000000474974513,0.0010000000474974513,0.0010000000474974513,0.0,0.0010000000474974513
2017-05-09,0.0010000000474974513,0.0010000000474974513,0.0010000000474974513,0.0010000000474974513,0.0,0.0010000000474974513
2017-05-10,0.0010000000474974513,0.0010000000474974513,0.0010000000474974513,0.0010000000474974513,0.0,0.0010000000474974513
2017-05-11,0.0010000000474974513,0.0010000000474974513,0.0010000000474974513,0.0010000000474974513,0.0,0.0010000000474974513
2017-05-12,0.0010000000474974513,0.0010000000474974513,0.0010000000474974513,0.0010000000474974513,0.0,0.0010000000474974513
2017-05-15,0.0010000000474974513,0.0010000000474974513,0.0010000000474974513,0.0010000000474974513,0.0,0.0010000000474974513
2017-05-16,0.0010000000474974513,0.0010000000474974513,0.0010000000474974513,0.0010000000474974513,0.0,0.0010000000474974513
2017-05-17,0.0010000000474974513,0.0010000000474974513,0.0010000000474974513,0.0010000000474974513,0.0,0.0010000000474974513
2017-05-18,0.0010000000474974513,0.0010000000474974513,0.0010000000474974513,0.0010000000474974513,0.0,0.0010000000474974513
2017-05-19,0.0010000000474974513,0.0010000000474974513,0.0010000000474974513,0.0010000000474974513,0.0,0.0010000000474974513
2017-05-22,0.0010000000474974513,0.0010000000474974513,0.0010000000474974513,0.0010000000474974513,0.0,0.0010000000474974513
2017-05-23,0.0010000000474974513,0.0010000000474974513,0.0010000000474974513,0.0010000000474974513,0.0,0.0010000000474974513
2017-05-24,0.0010000000474974513,0.0010000000474974513,0.0010000000474974513,0.0010000000474974513,0.0,0.0010000000474974513
2017-05-25,0.0010000000474974513,0.0010000000474974513,0.0010000000474974513,0.0010000000474974513,5000.0,0.0010000000474974513
2017-05-26,0.0010000000474974513,0.0010000000474974513,0.0010000000474974513,0.0010000000474974513,0.0,0.0010000000474974513
2017-05-30,0.0010000000474974513,0.0010000000474974513,0.0010000000474974513,0.0010000000474974513,125000.0,0.0010000000474974513
2017-05-31,0.0010000000474974513,0.0010000000474974513,0.0010000000474974513,0.0010000000474974513,0.0,0.0010000000474974513
2017-06-01,0.0010000000474974513,0.0010000000474974513,0.0010000000474974513,0.0010000000474974513,360.0,0.0010000000474974513
2017-06-02,0.0010000000474974513,0.0010000000474974513,0.0010000000474974513,0.0010000000474974513,0.0,0.0010000000474974513
2017-06-05,0.0010000000474974513,0.0010000000474974513,0.0010000000474974513,0.0010000000474974513,0.0,0.0010000000474974513
2017-06-06,0.0010000000474974513,0.0010000000474974513,0.0010000000474974513,0.0010000000474974513,25000.0,0.0010000000474974513
2017-06-07,0.0015800000401213765,0.0015800000401213765,0.0015800000401213765,0.0015800000401213765,10000.0,0.0015800000401213765
2017-06-08,0.0015800000401213765,0.0015800000401213765,0.0015800000401213765,0.0015800000401213765,0.0,0.0015800000401213765
2017-06-09,0.0010000000474974513,0.0010000000474974513,0.0010000000474974513,0.0010000000474974513,15000.0,0.0010000000474974513
2017-06-12,0.0010000000474974513,0.0010000000474974513,0.0010000000474974513,0.0010000000474974513,0.0,0.0010000000474974513
2017-06-13,0.0010000000474974513,0.0010000000474974513,0.0010000000474974513,0.0010000000474974513,0.0,0.0010000000474974513
2017-06-14,0.0010000000474974513,0.0010000000474974513,0.0010000000474974513,0.0010000000474974513,0.0,0.0010000000474974513
2017-06-15,0.0010000000474974513,0.0010000000474974513,0.0010000000474974513,0.0010000000474974513,0.0,0.0010000000474974513
2017-06-16,0.0010000000474974513,0.0010000000474974513,0.0010000000474974513,0.0010000000474974513,0.0,0.0010000000474974513
2017-06-19,0.0010000000474974513,0.0010000000474974513,0.0010000000474974513,0.0010000000474974513,0.0,0.0010000000474974513
2017-06-20,0.0010000000474974513,0.0010000000474974513,0.0010000000474974513,0.0010000000474974513,0.0,0.0010000000474974513
2017-06-21,0.0010000000474974513,0.0010000000474974513,0.0010000000474974513,0.0010000000474974513,0.0,0.0010000000474974513
2017-06-22,0.0010000000474974513,0.0010000000474974513,0.0010000000474974513,0.0010000000474974513,0.0,0.0010000000474974513
2017-06-23,0.0010000000474974513,0.0010000000474974513,0.0010000000474974513,0.0010000000474974513,0.0,0.0010000000474974513
2017-06-26,0.0010000000474974513,0.0010000000474974513,0.0010000000474974513,0.0010000000474974513,0.0,0.0010000000474974513
2017-06-27,0.0010000000474974513,0.0010000000474974513,0.0010000000474974513,0.0010000000474974513,942000.0,0.0010000000474974513
2017-06-28,0.0010000000474974513,0.0010000000474974513,0.0010000000474974513,0.0010000000474974513,0.0,0.0010000000474974513
2017-06-29,0.0010999999940395355,0.0010000000474974513,0.0010999999940395355,0.0010000000474974513,160000.0,0.0010000000474974513
2017-06-30,0.0010000000474974513,0.0010000000474974513,0.0010000000474974513,0.0010000000474974513,0.0,0.0010000000474974513
2017-07-03,0.0010000000474974513,0.0010000000474974513,0.0010000000474974513,0.0010000000474974513,0.0,0.0010000000474974513
2017-07-05,0.0010000000474974513,0.0010000000474974513,0.0010000000474974513,0.0010000000474974513,0.0,0.0010000000474974513
2017-07-06,0.0010000000474974513,0.0010000000474974513,0.0010000000474974513,0.0010000000474974513,15000.0,0.0010000000474974513
2017-07-07,0.0010000000474974513,0.0010000000474974513,0.0010000000474974513,0.0010000000474974513,0.0,0.0010000000474974513
2017-07-10,0.0010000000474974513,0.0010000000474974513,0.0010000000474974513,0.0010000000474974513,0.0,0.0010000000474974513
2017-07-11,0.0010000000474974513,0.0010000000474974513,0.0010000000474974513,0.0010000000474974513,0.0,0.0010000000474974513
2017-07-12,0.0010000000474974513,0.0010000000474974513,0.0010000000474974513,0.0010000000474974513,0.0,0.0010000000474974513
2017-07-13,0.0010000000474974513,0.0010000000474974513,0.0010000000474974513,0.0010000000474974513,0.0,0.0010000000474974513
2017-07-14,0.0010999999940395355,0.0010000000474974513,0.0010999999940395355,0.0010000000474974513,24000.0,0.0010000000474974513
2017-07-17,0.0010000000474974513,0.0010000000474974513,0.0010000000474974513,0.0010000000474974513,0.0,0.0010000000474974513
2017-07-18,0.0010000000474974513,0.0010000000474974513,0.0010000000474974513,0.0010000000474974513,0.0,0.0010000000474974513
2017-07-19,0.0010000000474974513,0.0010000000474974513,0.0010000000474974513,0.0010000000474974513,0.0,0.0010000000474974513
2017-07-20,0.0010000000474974513,0.0010000000474974513,0.0010000000474974513,0.0010000000474974513,0.0,0.0010000000474974513
2017-07-21,0.0010000000474974513,0.0010000000474974513,0.0010000000474974513,0.0010000000474974513,0.0,0.0010000000474974513
2017-07-24,0.0010000000474974513,0.0010000000474974513,0.0010000000474974513,0.0010000000474974513,0.0,0.0010000000474974513
2017-07-25,0.0010000000474974513,0.0010000000474974513,0.0010000000474974513,0.0010000000474974513,0.0,0.0010000000474974513
2017-07-26,0.0010000000474974513,0.0010000000474974513,0.0010000000474974513,0.0010000000474974513,0.0,0.0010000000474974513
2017-07-27,0.0010000000474974513,0.0010000000474974513,0.0010000000474974513,0.0010000000474974513,0.0,0.0010000000474974513
2017-07-28,0.0010000000474974513,0.0010000000474974513,0.0010000000474974513,0.0010000000474974513,0.0,0.0010000000474974513
2017-07-31,0.0010000000474974513,0.0010000000474974513,0.0010000000474974513,0.0010000000474974513,0.0,0.0010000000474974513
2017-08-01,0.0010000000474974513,0.0010000000474974513,0.0010000000474974513,0.0010000000474974513,0.0,0.0010000000474974513
2017-08-02,0.0010000000474974513,0.0010000000474974513,0.0010000000474974513,0.0010000000474974513,0.0,0.0010000000474974513
2017-08-03,0.0010000000474974513,0.0010000000474974513,0.0010000000474974513,0.0010000000474974513,0.0,0.0010000000474974513
2017-08-04,0.0010000000474974513,0.0010000000474974513,0.0010000000474974513,0.0010000000474974513,25000.0,0.0010000000474974513
2017-08-07,0.0010000000474974513,0.0010000000474974513,0.0010000000474974513,0.0010000000474974513,0.0,0.0010000000474974513
2017-08-08,0.0010000000474974513,0.0010000000474974513,0.0010000000474974513,0.0010000000474974513,0.0,0.0010000000474974513
2017-08-09,0.0010000000474974513,0.0010000000474974513,0.0010000000474974513,0.0010000000474974513,0.0,0.0010000000474974513
2017-08-10,0.0010000000474974513,0.0010000000474974513,0.0010000000474974513,0.0010000000474974513,0.0,0.0010000000474974513
2017-08-11,0.0010000000474974513,0.0010000000474974513,0.0010000000474974513,0.0010000000474974513,0.0,0.0010000000474974513
2017-08-14,0.0010000000474974513,0.0010000000474974513,0.0010000000474974513,0.0010000000474974513,0.0,0.0010000000474974513
2017-08-15,0.0010000000474974513,0.0010000000474974513,0.0010000000474974513,0.0010000000474974513,0.0,0.0010000000474974513
2017-08-16,0.0010000000474974513,0.0010000000474974513,0.0010000000474974513,0.0010000000474974513,0.0,0.0010000000474974513
2017-08-17,0.0010000000474974513,0.0010000000474974513,0.0010000000474974513,0.0010000000474974513,0.0,0.0010000000474974513
2017-08-18,0.0010000000474974513,0.0010000000474974513,0.0010000000474974513,0.0010000000474974513,0.0,0.0010000000474974513
2017-08-21,0.0010000000474974513,0.0010000000474974513,0.0010000000474974513,0.0010000000474974513,0.0,0.0010000000474974513
2017-08-22,0.0010000000474974513,0.0010000000474974513,0.0010000000474974513,0.0010000000474974513,0.0,0.0010000000474974513
2017-08-23,0.0010000000474974513,0.0010000000474974513,0.0010000000474974513,0.0010000000474974513,0.0,0.0010000000474974513
2017-08-24,0.0010000000474974513,0.0010000000474974513,0.0010000000474974513,0.0010000000474974513,0.0,0.0010000000474974513
2017-08-25,0.0010999999940395355,0.0010000000474974513,0.0010999999940395355,0.0010000000474974513,4000.0,0.0010000000474974513
2017-08-28,0.0010000000474974513,0.0010000000474974513,0.0010000000474974513,0.0010000000474974513,0.0,0.0010000000474974513
2017-08-29,0.0010000000474974513,0.0010000000474974513,0.0010000000474974513,0.0010000000474974513,0.0,0.0010000000474974513
2017-08-30,0.0010000000474974513,0.0010000000474974513,0.0010000000474974513,0.0010000000474974513,0.0,0.0010000000474974513
2017-08-31,0.0015800000401213765,0.0010000000474974513,0.0015800000401213765,0.0010000000474974513,2000.0,0.0010000000474974513
2017-09-01,0.0010000000474974513,0.0010000000474974513,0.0010000000474974513,0.0010000000474974513,11500.0,0.0010000000474974513
2017-09-05,0.0010000000474974513,0.0010000000474974513,0.0010000000474974513,0.0010000000474974513,0.0,0.0010000000474974513
2017-09-06,0.0010000000474974513,0.0010000000474974513,0.0010000000474974513,0.0010000000474974513,0.0,0.0010000000474974513
2017-09-07,0.0010000000474974513,0.0010000000474974513,0.0010000000474974513,0.0010000000474974513,0.0,0.0010000000474974513
2017-09-08,0.0010000000474974513,0.0010000000474974513,0.0010000000474974513,0.0010000000474974513,20000.0,0.0010000000474974513
2017-09-11,0.0010000000474974513,0.0010000000474974513,0.0010000000474974513,0.0010000000474974513,0.0,0.0010000000474974513
2017-09-12,0.0010000000474974513,0.0010000000474974513,0.0010000000474974513,0.0010000000474974513,0.0,0.0010000000474974513
2017-09-13,0.0010000000474974513,0.0010000000474974513,0.0010000000474974513,0.0010000000474974513,15000.0,0.0010000000474974513
2017-09-14,0.0010000000474974513,0.0010000000474974513,0.0010000000474974513,0.0010000000474974513,0.0,0.0010000000474974513
2017-09-15,0.0015800000401213765,0.0010000000474974513,0.0015800000401213765,0.0010000000474974513,2000.0,0.0010000000474974513
2017-09-18,0.0010000000474974513,0.0010000000474974513,0.0010000000474974513,0.0010000000474974513,0.0,0.0010000000474974513
2017-09-19,0.0010000000474974513,0.0010000000474974513,0.0010000000474974513,0.0010000000474974513,0.0,0.0010000000474974513
2017-09-20,0.0010000000474974513,0.0010000000474974513,0.0010000000474974513,0.0010000000474974513,0.0,0.0010000000474974513
2017-09-21,0.0010000000474974513,0.0010000000474974513,0.0010000000474974513,0.0010000000474974513,0.0,0.0010000000474974513
2017-09-22,0.0010000000474974513,0.0010000000474974513,0.0010000000474974513,0.0010000000474974513,0.0,0.0010000000474974513
2017-09-25,0.0010000000474974513,0.0010000000474974513,0.0010000000474974513,0.0010000000474974513,0.0,0.0010000000474974513
2017-09-26,0.0010000000474974513,0.0010000000474974513,0.0010000000474974513,0.0010000000474974513,0.0,0.0010000000474974513
2017-09-27,0.0010000000474974513,0.0010000000474974513,0.0010000000474974513,0.0010000000474974513,0.0,0.0010000000474974513
2017-09-28,0.0010000000474974513,0.0010000000474974513,0.0010000000474974513,0.0010000000474974513,0.0,0.0010000000474974513
2017-09-29,0.0010000000474974513,0.0010000000474974513,0.0010000000474974513,0.0010000000474974513,0.0,0.0010000000474974513
2017-10-02,0.0010000000474974513,0.0010000000474974513,0.0010000000474974513,0.0010000000474974513,0.0,0.0010000000474974513
2017-10-03,0.0010000000474974513,0.0010000000474974513,0.0010000000474974513,0.0010000000474974513,0.0,0.0010000000474974513
2017-10-04,0.0010000000474974513,0.0010000000474974513,0.0010000000474974513,0.0010000000474974513,0.0,0.0010000000474974513
2017-10-05,0.0010000000474974513,0.0010000000474974513,0.0010000000474974513,0.0010000000474974513,20000.0,0.0010000000474974513
2017-10-06,0.0010000000474974513,0.0010000000474974513,0.0010000000474974513,0.0010000000474974513,0.0,0.0010000000474974513
2017-10-09,0.0010000000474974513,0.0010000000474974513,0.0010000000474974513,0.0010000000474974513,0.0,0.0010000000474974513
2017-10-10,0.0010000000474974513,0.0010000000474974513,0.0010000000474974513,0.0010000000474974513,0.0,0.0010000000474974513
2017-10-11,0.0010000000474974513,0.0010000000474974513,0.0010000000474974513,0.0010000000474974513,0.0,0.0010000000474974513
2017-10-12,0.0010000000474974513,0.0010000000474974513,0.0010000000474974513,0.0010000000474974513,0.0,0.0010000000474974513
2017-10-13,0.0010000000474974513,0.0010000000474974513,0.0010000000474974513,0.0010000000474974513,0.0,0.0010000000474974513
2017-10-16,0.0010000000474974513,0.0010000000474974513,0.0010000000474974513,0.0010000000474974513,0.0,0.0010000000474974513
2017-10-17,0.0010000000474974513,0.0010000000474974513,0.0010000000474974513,0.0010000000474974513,0.0,0.0010000000474974513
2017-10-18,0.0010000000474974513,0.0010000000474974513,0.0010000000474974513,0.0010000000474974513,0.0,0.0010000000474974513
2017-10-19,0.0010000000474974513,0.0010000000474974513,0.0010000000474974513,0.0010000000474974513,0.0,0.0010000000474974513
2017-10-20,0.0010000000474974513,0.0010000000474974513,0.0010000000474974513,0.0010000000474974513,0.0,0.0010000000474974513
2017-10-23,0.0010000000474974513,0.0010000000474974513,0.0010000000474974513,0.0010000000474974513,0.0,0.0010000000474974513
2017-10-24,0.0010000000474974513,0.0010000000474974513,0.0010000000474974513,0.0010000000474974513,0.0,0.0010000000474974513
2017-10-25,0.0010000000474974513,0.0010000000474974513,0.0010000000474974513,0.0010000000474974513,0.0,0.0010000000474974513
2017-10-26,0.0010000000474974513,0.0010000000474974513,0.0010000000474974513,0.0010000000474974513,0.0,0.0010000000474974513
2017-10-27,0.0010000000474974513,0.0010000000474974513,0.0010000000474974513,0.0010000000474974513,0.0,0.0010000000474974513
2017-10-30,0.0010000000474974513,0.0010000000474974513,0.0010000000474974513,0.0010000000474974513,0.0,0.0010000000474974513
2017-10-31,0.0010000000474974513,0.0010000000474974513,0.0010000000474974513,0.0010000000474974513,0.0,0.0010000000474974513
2017-11-01,0.0010000000474974513,0.0010000000474974513,0.0010000000474974513,0.0010000000474974513,0.0,0.0010000000474974513
2017-11-02,0.0010000000474974513,0.0010000000474974513,0.0010000000474974513,0.0010000000474974513,0.0,0.0010000000474974513
2017-11-03,0.0010000000474974513,0.0010000000474974513,0.0010000000474974513,0.0010000000474974513,0.0,0.0010000000474974513
2017-11-06,0.0010000000474974513,0.0010000000474974513,0.0010000000474974513,0.0010000000474974513,20000.0,0.0010000000474974513
2017-11-07,0.0010000000474974513,0.0010000000474974513,0.0010000000474974513,0.0010000000474974513,0.0,0.0010000000474974513
2017-11-08,0.0010000000474974513,0.0010000000474974513,0.0010000000474974513,0.0010000000474974513,0.0,0.0010000000474974513
2017-11-09,0.0010000000474974513,0.0010000000474974513,0.0010000000474974513,0.0010000000474974513,0.0,0.0010000000474974513
2017-11-10,0.0010000000474974513,0.0010000000474974513,0.0010000000474974513,0.0010000000474974513,0.0,0.0010000000474974513
2017-11-13,0.0010000000474974513,0.0010000000474974513,0.0010000000474974513,0.0010000000474974513,0.0,0.0010000000474974513
2017-11-14,0.0010000000474974513,0.0010000000474974513,0.0010000000474974513,0.0010000000474974513,10000.0,0.0010000000474974513
2017-11-15,0.0010000000474974513,0.0010000000474974513,0.0010000000474974513,0.0010000000474974513,0.0,0.0010000000474974513
2017-11-16,0.001230000052601099,0.001230000052601099,0.001230000052601099,0.001230000052601099,1000.0,0.001230000052601099
2017-11-17,0.001230000052601099,0.001230000052601099,0.001230000052601099,0.001230000052601099,0.0,0.001230000052601099
2017-11-20,0.001230000052601099,0.001230000052601099,0.001230000052601099,0.001230000052601099,0.0,0.001230000052601099
2017-11-21,0.001230000052601099,0.001230000052601099,0.001230000052601099,0.001230000052601099,0.0,0.001230000052601099
2017-11-22,0.001230000052601099,0.001230000052601099,0.001230000052601099,0.001230000052601099,0.0,0.001230000052601099
2017-11-24,0.0010000000474974513,0.0010000000474974513,0.0010000000474974513,0.0010000000474974513,1000.0,0.0010000000474974513
2017-11-27,0.0010000000474974513,0.0010000000474974513,0.0010000000474974513,0.0010000000474974513,0.0,0.0010000000474974513
2017-11-28,0.0010000000474974513,0.0010000000474974513,0.0010000000474974513,0.0010000000474974513,0.0,0.0010000000474974513
2017-11-29,0.0010000000474974513,0.0010000000474974513,0.0010000000474974513,0.0010000000474974513,0.0,0.0010000000474974513
2017-11-30,0.0010000000474974513,0.0010000000474974513,0.0010000000474974513,0.0010000000474974513,0.0,0.0010000000474974513
2017-12-01,0.0010000000474974513,0.0010000000474974513,0.0010000000474974513,0.0010000000474974513,0.0,0.0010000000474974513
2017-12-04,0.0010000000474974513,0.0010000000474974513,0.0010000000474974513,0.0010000000474974513,0.0,0.0010000000474974513
2017-12-05,0.0010000000474974513,0.0010000000474974513,0.0010000000474974513,0.0010000000474974513,0.0,0.0010000000474974513
2017-12-06,0.0010000000474974513,0.0010000000474974513,0.0010000000474974513,0.0010000000474974513,20000.0,0.0010000000474974513
2017-12-07,0.0010000000474974513,0.0010000000474974513,0.0010000000474974513,0.0010000000474974513,0.0,0.0010000000474974513
2017-12-08,0.004999999888241291,0.001500000013038516,0.001500000013038516,0.003000000026077032,1540000.0,0.003000000026077032
2017-12-11,0.004600000102072954,0.0020000000949949026,0.004600000102072954,0.0020000000949949026,10200.0,0.0020000000949949026
2017-12-12,0.0020000000949949026,0.0020000000949949026,0.0020000000949949026,0.0020000000949949026,0.0,0.0020000000949949026
2017-12-13,0.004000000189989805,0.004000000189989805,0.004000000189989805,0.004000000189989805,500000.0,0.004000000189989805
2017-12-14,0.008899999782443047,0.004000000189989805,0.004000000189989805,0.008799999952316284,2688451.0,0.008799999952316284
2017-12-15,0.008299999870359898,0.005499999970197678,0.005499999970197678,0.006099999882280827,190909.0,0.006099999882280827
2017-12-18,0.006000000052154064,0.004100000020116568,0.006000000052154064,0.004100000020116568,91333.0,0.004100000020116568
2017-12-19,0.00419999985024333,0.004100000020116568,0.00419999985024333,0.004100000020116568,100000.0,0.004100000020116568
2017-12-20,0.004100000020116568,0.004100000020116568,0.004100000020116568,0.004100000020116568,130200.0,0.004100000020116568
2017-12-21,0.004100000020116568,0.004100000020116568,0.004100000020116568,0.004100000020116568,0.0,0.004100000020116568
2017-12-22,0.004100000020116568,0.004100000020116568,0.004100000020116568,0.004100000020116568,107000.0,0.004100000020116568
2017-12-26,0.004100000020116568,0.004100000020116568,0.004100000020116568,0.004100000020116568,0.0,0.004100000020116568
2017-12-27,0.004129999782890081,0.004100000020116568,0.004100000020116568,0.004129999782890081,30000.0,0.004129999782890081
2017-12-28,0.004129999782890081,0.004129999782890081,0.004129999782890081,0.004129999782890081,0.0,0.004129999782890081
2017-12-29,0.004100000020116568,0.004100000020116568,0.004100000020116568,0.004100000020116568,134000.0,0.004100000020116568
2018-01-02,0.004100000020116568,0.004100000020116568,0.004100000020116568,0.004100000020116568,0.0,0.004100000020116568
2018-01-03,0.004100000020116568,0.004100000020116568,0.004100000020116568,0.004100000020116568,0.0,0.004100000020116568
2018-01-04,0.00559999980032444,0.0044999998062849045,0.0044999998062849045,0.00559999980032444,32260.0,0.00559999980032444
2018-01-05,0.005499999970197678,0.005499999970197678,0.005499999970197678,0.005499999970197678,60000.0,0.005499999970197678
2018-01-08,0.005499999970197678,0.005499999970197678,0.005499999970197678,0.005499999970197678,32100.0,0.005499999970197678
2018-01-09,0.005960000213235617,0.005499999970197678,0.005960000213235617,0.005499999970197678,50700.0,0.005499999970197678
2018-01-10,0.005499999970197678,0.005499999970197678,0.005499999970197678,0.005499999970197678,50000.0,0.005499999970197678
2018-01-11,0.005499999970197678,0.005499999970197678,0.005499999970197678,0.005499999970197678,0.0,0.005499999970197678
2018-01-12,0.005499999970197678,0.005499999970197678,0.005499999970197678,0.005499999970197678,0.0,0.005499999970197678
2018-01-16,0.005499999970197678,0.005499999970197678,0.005499999970197678,0.005499999970197678,35000.0,0.005499999970197678
2018-01-17,0.005499999970197678,0.005499999970197678,0.005499999970197678,0.005499999970197678,0.0,0.005499999970197678
2018-01-18,0.006599999964237213,0.006099999882280827,0.006099999882280827,0.006599999964237213,420000.0,0.006599999964237213
2018-01-19,0.006599999964237213,0.006599999964237213,0.006599999964237213,0.006599999964237213,0.0,0.006599999964237213
2018-01-22,0.006599999964237213,0.006599999964237213,0.006599999964237213,0.006599999964237213,0.0,0.006599999964237213
2018-01-23,0.006399999838322401,0.006399999838322401,0.006399999838322401,0.006399999838322401,250.0,0.006399999838322401
2018-01-24,0.006399999838322401,0.006399999838322401,0.006399999838322401,0.006399999838322401,1532.0,0.006399999838322401
2018-01-25,0.007499999832361937,0.00749000022187829,0.007499999832361937,0.00749000022187829,24055.0,0.00749000022187829
2018-01-26,0.00749000022187829,0.00749000022187829,0.00749000022187829,0.00749000022187829,0.0,0.00749000022187829
2018-01-29,0.00749000022187829,0.00749000022187829,0.00749000022187829,0.00749000022187829,0.0,0.00749000022187829
2018-01-30,0.00749000022187829,0.00749000022187829,0.00749000022187829,0.00749000022187829,0.0,0.00749000022187829
2018-01-31,0.006399999838322401,0.006399999838322401,0.006399999838322401,0.006399999838322401,116645.0,0.006399999838322401
2018-02-01,0.006399999838322401,0.006399999838322401,0.006399999838322401,0.006399999838322401,0.0,0.006399999838322401
2018-02-02,0.006399999838322401,0.006399999838322401,0.006399999838322401,0.006399999838322401,6000.0,0.006399999838322401
2018-02-05,0.006399999838322401,0.006399999838322401,0.006399999838322401,0.006399999838322401,0.0,0.006399999838322401
2018-02-06,0.006099999882280827,0.006099999882280827,0.006099999882280827,0.006099999882280827,2796.0,0.006099999882280827
2018-02-07,0.006099999882280827,0.006099999882280827,0.006099999882280827,0.006099999882280827,0.0,0.006099999882280827
2018-02-08,0.006099999882280827,0.006099999882280827,0.006099999882280827,0.006099999882280827,0.0,0.006099999882280827
2018-02-09,0.006099999882280827,0.006099999882280827,0.006099999882280827,0.006099999882280827,0.0,0.006099999882280827
2018-02-12,0.006099999882280827,0.006099999882280827,0.006099999882280827,0.006099999882280827,0.0,0.006099999882280827
2018-02-13,0.007300000172108412,0.006599999964237213,0.006599999964237213,0.007300000172108412,80000.0,0.007300000172108412
2018-02-14,0.007300000172108412,0.007300000172108412,0.007300000172108412,0.007300000172108412,0.0,0.007300000172108412
2018-02-15,0.007300000172108412,0.007300000172108412,0.007300000172108412,0.007300000172108412,0.0,0.007300000172108412
2018-02-16,0.007009999826550484,0.007000000216066837,0.007009999826550484,0.007000000216066837,20000.0,0.007000000216066837
2018-02-20,0.007499999832361937,0.006000000052154064,0.0073899999260902405,0.006000000052154064,313400.0,0.006000000052154064
2018-02-21,0.006000000052154064,0.006000000052154064,0.006000000052154064,0.006000000052154064,0.0,0.006000000052154064
2018-02-22,0.007350000087171793,0.006000000052154064,0.006000000052154064,0.006000000052154064,151000.0,0.006000000052154064
2018-02-23,0.006000000052154064,0.006000000052154064,0.006000000052154064,0.006000000052154064,0.0,0.006000000052154064
2018-02-26,0.006000000052154064,0.006000000052154064,0.006000000052154064,0.006000000052154064,0.0,0.006000000052154064
2018-02-27,0.006000000052154064,0.006000000052154064,0.006000000052154064,0.006000000052154064,0.0,0.006000000052154064
2018-02-28,0.006000000052154064,0.006000000052154064,0.006000000052154064,0.006000000052154064,0.0,0.006000000052154064
2018-03-01,0.006000000052154064,0.006000000052154064,0.006000000052154064,0.006000000052154064,0.0,0.006000000052154064
2018-03-02,0.008700000122189522,0.008700000122189522,0.008700000122189522,0.008700000122189522,1000.0,0.008700000122189522
2018-03-05,0.008700000122189522,0.008700000122189522,0.008700000122189522,0.008700000122189522,0.0,0.008700000122189522
2018-03-06,0.006000000052154064,0.006000000052154064,0.006000000052154064,0.006000000052154064,250000.0,0.006000000052154064
2018-03-07,0.006000000052154064,0.006000000052154064,0.006000000052154064,0.006000000052154064,2743.0,0.006000000052154064
2018-03-08,0.006000000052154064,0.006000000052154064,0.006000000052154064,0.006000000052154064,0.0,0.006000000052154064
2018-03-09,0.006000000052154064,0.006000000052154064,0.006000000052154064,0.006000000052154064,0.0,0.006000000052154064
2018-03-12,0.006000000052154064,0.006000000052154064,0.006000000052154064,0.006000000052154064,0.0,0.006000000052154064
2018-03-13,0.006000000052154064,0.006000000052154064,0.006000000052154064,0.006000000052154064,57836.0,0.006000000052154064
2018-03-14,0.006000000052154064,0.006000000052154064,0.006000000052154064,0.006000000052154064,0.0,0.006000000052154064
2018-03-15,0.006000000052154064,0.006000000052154064,0.006000000052154064,0.006000000052154064,55000.0,0.006000000052154064
2018-03-16,0.006099999882280827,0.006000000052154064,0.006000000052154064,0.006099999882280827,30000.0,0.006099999882280827
2018-03-19,0.006099999882280827,0.006099999882280827,0.006099999882280827,0.006099999882280827,0.0,0.006099999882280827
2018-03-20,0.006099999882280827,0.006099999882280827,0.006099999882280827,0.006099999882280827,0.0,0.006099999882280827
2018-03-21,0.006099999882280827,0.006099999882280827,0.006099999882280827,0.006099999882280827,0.0,0.006099999882280827
2018-03-22,0.006099999882280827,0.006099999882280827,0.006099999882280827,0.006099999882280827,0.0,0.006099999882280827
2018-03-23,0.006099999882280827,0.006099999882280827,0.006099999882280827,0.006099999882280827,0.0,0.006099999882280827
2018-03-26,0.006099999882280827,0.006099999882280827,0.006099999882280827,0.006099999882280827,0.0,0.006099999882280827
2018-03-27,0.006099999882280827,0.006099999882280827,0.006099999882280827,0.006099999882280827,0.0,0.006099999882280827
2018-03-28,0.006099999882280827,0.006099999882280827,0.006099999882280827,0.006099999882280827,0.0,0.006099999882280827
2018-03-29,0.006099999882280827,0.006099999882280827,0.006099999882280827,0.006099999882280827,0.0,0.006099999882280827
2018-04-02,0.006099999882280827,0.006099999882280827,0.006099999882280827,0.006099999882280827,0.0,0.006099999882280827
2018-04-03,0.006099999882280827,0.006099999882280827,0.006099999882280827,0.006099999882280827,0.0,0.006099999882280827
2018-04-04,0.006099999882280827,0.006099999882280827,0.006099999882280827,0.006099999882280827,0.0,0.006099999882280827
2018-04-05,0.006000000052154064,0.006000000052154064,0.006000000052154064,0.006000000052154064,3778.0,0.006000000052154064
2018-04-06,0.006000000052154064,0.006000000052154064,0.006000000052154064,0.006000000052154064,0.0,0.006000000052154064
2018-04-09,0.006000000052154064,0.006000000052154064,0.006000000052154064,0.006000000052154064,0.0,0.006000000052154064
2018-04-10,0.006000000052154064,0.006000000052154064,0.006000000052154064,0.006000000052154064,0.0,0.006000000052154064
2018-04-11,0.006000000052154064,0.006000000052154064,0.006000000052154064,0.006000000052154064,6500.0,0.006000000052154064
2018-04-12,0.007000000216066837,0.004000000189989805,0.007000000216066837,0.004000000189989805,430000.0,0.004000000189989805
2018-04-13,0.004000000189989805,0.004000000189989805,0.004000000189989805,0.004000000189989805,0.0,0.004000000189989805
2018-04-16,0.004000000189989805,0.004000000189989805,0.004000000189989805,0.004000000189989805,0.0,0.004000000189989805
2018-04-17,0.004000000189989805,0.004000000189989805,0.004000000189989805,0.004000000189989805,0.0,0.004000000189989805
2018-04-18,0.004000000189989805,0.004000000189989805,0.004000000189989805,0.004000000189989805,0.0,0.004000000189989805
2018-04-19,0.004000000189989805,0.004000000189989805,0.004000000189989805,0.004000000189989805,0.0,0.004000000189989805
2018-04-20,0.004000000189989805,0.004000000189989805,0.004000000189989805,0.004000000189989805,0.0,0.004000000189989805
2018-04-23,0.004000000189989805,0.004000000189989805,0.004000000189989805,0.004000000189989805,0.0,0.004000000189989805
2018-04-24,0.004000000189989805,0.004000000189989805,0.004000000189989805,0.004000000189989805,0.0,0.004000000189989805
2018-04-25,0.004000000189989805,0.004000000189989805,0.004000000189989805,0.004000000189989805,0.0,0.004000000189989805
2018-04-26,0.004000000189989805,0.004000000189989805,0.004000000189989805,0.004000000189989805,0.0,0.004000000189989805
2018-04-27,0.004000000189989805,0.004000000189989805,0.004000000189989805,0.004000000189989805,0.0,0.004000000189989805
2018-04-30,0.004000000189989805,0.004000000189989805,0.004000000189989805,0.004000000189989805,0.0,0.004000000189989805
2018-05-01,0.004000000189989805,0.004000000189989805,0.004000000189989805,0.004000000189989805,0.0,0.004000000189989805
2018-05-02,0.004000000189989805,0.004000000189989805,0.004000000189989805,0.004000000189989805,0.0,0.004000000189989805
2018-05-03,0.004000000189989805,0.004000000189989805,0.004000000189989805,0.004000000189989805,0.0,0.004000000189989805
2018-05-04,0.00419999985024333,0.00419999985024333,0.00419999985024333,0.00419999985024333,3500.0,0.00419999985024333
2018-05-07,0.00419999985024333,0.00419999985024333,0.00419999985024333,0.00419999985024333,0.0,0.00419999985024333
2018-05-08,0.00419999985024333,0.00419999985024333,0.00419999985024333,0.00419999985024333,20000.0,0.00419999985024333
2018-05-09,0.00419999985024333,0.00419999985024333,0.00419999985024333,0.00419999985024333,0.0,0.00419999985024333
2018-05-10,0.00419999985024333,0.00419999985024333,0.00419999985024333,0.00419999985024333,0.0,0.00419999985024333
2018-05-11,0.00419999985024333,0.00419999985024333,0.00419999985024333,0.00419999985024333,0.0,0.00419999985024333
2018-05-14,0.00419999985024333,0.00419999985024333,0.00419999985024333,0.00419999985024333,0.0,0.00419999985024333
2018-05-15,0.00419999985024333,0.00419999985024333,0.00419999985024333,0.00419999985024333,0.0,0.00419999985024333
2018-05-16,0.00419999985024333,0.00419999985024333,0.00419999985024333,0.00419999985024333,0.0,0.00419999985024333
2018-05-17,0.00419999985024333,0.00419999985024333,0.00419999985024333,0.00419999985024333,0.0,0.00419999985024333
2018-05-18,0.00419999985024333,0.00419999985024333,0.00419999985024333,0.00419999985024333,0.0,0.00419999985024333
2018-05-21,0.00419999985024333,0.00419999985024333,0.00419999985024333,0.00419999985024333,0.0,0.00419999985024333
2018-05-22,0.00419999985024333,0.00419999985024333,0.00419999985024333,0.00419999985024333,0.0,0.00419999985024333
2018-05-23,0.00419999985024333,0.00419999985024333,0.00419999985024333,0.00419999985024333,0.0,0.00419999985024333
2018-05-24,0.00419999985024333,0.00419999985024333,0.00419999985024333,0.00419999985024333,0.0,0.00419999985024333
2018-05-25,0.00419999985024333,0.00419999985024333,0.00419999985024333,0.00419999985024333,0.0,0.00419999985024333
2018-05-29,0.00419999985024333,0.00419999985024333,0.00419999985024333,0.00419999985024333,0.0,0.00419999985024333
2018-05-30,0.005100000184029341,0.005100000184029341,0.005100000184029341,0.005100000184029341,9000.0,0.005100000184029341
2018-05-31,0.005100000184029341,0.005100000184029341,0.005100000184029341,0.005100000184029341,0.0,0.005100000184029341
2018-06-01,0.005100000184029341,0.005100000184029341,0.005100000184029341,0.005100000184029341,0.0,0.005100000184029341
2018-06-04,0.005100000184029341,0.005100000184029341,0.005100000184029341,0.005100000184029341,0.0,0.005100000184029341
2018-06-05,0.005100000184029341,0.005100000184029341,0.005100000184029341,0.005100000184029341,0.0,0.005100000184029341
2018-06-06,0.004100000020116568,0.004000000189989805,0.004000000189989805,0.004100000020116568,11477.0,0.004100000020116568
2018-06-07,0.004100000020116568,0.004100000020116568,0.004100000020116568,0.004100000020116568,0.0,0.004100000020116568
2018-06-08,0.004100000020116568,0.004100000020116568,0.004100000020116568,0.004100000020116568,0.0,0.004100000020116568
2018-06-11,0.004100000020116568,0.004100000020116568,0.004100000020116568,0.004100000020116568,0.0,0.004100000020116568
2018-06-12,0.004100000020116568,0.004100000020116568,0.004100000020116568,0.004100000020116568,0.0,0.004100000020116568
2018-06-13,0.004100000020116568,0.004100000020116568,0.004100000020116568,0.004100000020116568,0.0,0.004100000020116568
2018-06-14,0.004100000020116568,0.004100000020116568,0.004100000020116568,0.004100000020116568,0.0,0.004100000020116568
2018-06-15,0.004100000020116568,0.004100000020116568,0.004100000020116568,0.004100000020116568,0.0,0.004100000020116568
2018-06-18,0.004100000020116568,0.004100000020116568,0.004100000020116568,0.004100000020116568,0.0,0.004100000020116568
2018-06-19,0.004100000020116568,0.004100000020116568,0.004100000020116568,0.004100000020116568,0.0,0.004100000020116568
2018-06-20,0.004100000020116568,0.004100000020116568,0.004100000020116568,0.004100000020116568,0.0,0.004100000020116568
2018-06-21,0.004100000020116568,0.004100000020116568,0.004100000020116568,0.004100000020116568,0.0,0.004100000020116568
2018-06-22,0.004100000020116568,0.004100000020116568,0.004100000020116568,0.004100000020116568,0.0,0.004100000020116568
2018-06-25,0.004100000020116568,0.004100000020116568,0.004100000020116568,0.004100000020116568,0.0,0.004100000020116568
2018-06-26,0.004100000020116568,0.004100000020116568,0.004100000020116568,0.004100000020116568,0.0,0.004100000020116568
2018-06-27,0.004100000020116568,0.004100000020116568,0.004100000020116568,0.004100000020116568,0.0,0.004100000020116568
2018-06-28,0.004100000020116568,0.004100000020116568,0.004100000020116568,0.004100000020116568,0.0,0.004100000020116568
2018-06-29,0.004100000020116568,0.004100000020116568,0.004100000020116568,0.004100000020116568,0.0,0.004100000020116568
2018-07-02,0.004100000020116568,0.004100000020116568,0.004100000020116568,0.004100000020116568,0.0,0.004100000020116568
2018-07-03,0.004100000020116568,0.004100000020116568,0.004100000020116568,0.004100000020116568,0.0,0.004100000020116568
2018-07-05,0.00800000037997961,0.004100000020116568,0.004100000020116568,0.00800000037997961,77724.0,0.00800000037997961
2018-07-06,0.00800000037997961,0.00800000037997961,0.00800000037997961,0.00800000037997961,0.0,0.00800000037997961
2018-07-09,0.004600000102072954,0.004600000102072954,0.004600000102072954,0.004600000102072954,10000.0,0.004600000102072954
2018-07-10,0.004600000102072954,0.004600000102072954,0.004600000102072954,0.004600000102072954,0.0,0.004600000102072954
2018-07-11,0.004600000102072954,0.004600000102072954,0.004600000102072954,0.004600000102072954,0.0,0.004600000102072954
2018-07-12,0.004600000102072954,0.004600000102072954,0.004600000102072954,0.004600000102072954,0.0,0.004600000102072954
2018-07-13,0.004600000102072954,0.004600000102072954,0.004600000102072954,0.004600000102072954,0.0,0.004600000102072954
2018-07-16,0.004600000102072954,0.004600000102072954,0.004600000102072954,0.004600000102072954,0.0,0.004600000102072954
2018-07-17,0.004600000102072954,0.004600000102072954,0.004600000102072954,0.004600000102072954,0.0,0.004600000102072954
2018-07-18,0.004600000102072954,0.004600000102072954,0.004600000102072954,0.004600000102072954,0.0,0.004600000102072954
2018-07-19,0.006300000008195639,0.006300000008195639,0.006300000008195639,0.006300000008195639,1000.0,0.006300000008195639
2018-07-20,0.006300000008195639,0.006300000008195639,0.006300000008195639,0.006300000008195639,0.0,0.006300000008195639
2018-07-23,0.006300000008195639,0.006300000008195639,0.006300000008195639,0.006300000008195639,0.0,0.006300000008195639
2018-07-24,0.006300000008195639,0.006300000008195639,0.006300000008195639,0.006300000008195639,0.0,0.006300000008195639
2018-07-25,0.006300000008195639,0.006300000008195639,0.006300000008195639,0.006300000008195639,0.0,0.006300000008195639
2018-07-26,0.004600000102072954,0.004600000102072954,0.004600000102072954,0.004600000102072954,25000.0,0.004600000102072954
2018-07-27,0.004600000102072954,0.004600000102072954,0.004600000102072954,0.004600000102072954,0.0,0.004600000102072954
2018-07-30,0.004600000102072954,0.004600000102072954,0.004600000102072954,0.004600000102072954,0.0,0.004600000102072954
2018-07-31,0.004600000102072954,0.004600000102072954,0.004600000102072954,0.004600000102072954,0.0,0.004600000102072954
2018-08-01,0.004600000102072954,0.004600000102072954,0.004600000102072954,0.004600000102072954,0.0,0.004600000102072954
2018-08-02,0.004600000102072954,0.004600000102072954,0.004600000102072954,0.004600000102072954,0.0,0.004600000102072954
2018-08-03,0.004600000102072954,0.004600000102072954,0.004600000102072954,0.004600000102072954,92441.0,0.004600000102072954
2018-08-06,0.004600000102072954,0.004600000102072954,0.004600000102072954,0.004600000102072954,0.0,0.004600000102072954
2018-08-07,0.007000000216066837,0.0012000000569969416,0.0013000000035390258,0.0012000000569969416,328500.0,0.0012000000569969416
2018-08-08,0.0012000000569969416,0.0012000000569969416,0.0012000000569969416,0.0012000000569969416,0.0,0.0012000000569969416
2018-08-09,0.0012000000569969416,0.0012000000569969416,0.0012000000569969416,0.0012000000569969416,0.0,0.0012000000569969416
2018-08-10,0.0012000000569969416,0.0012000000569969416,0.0012000000569969416,0.0012000000569969416,0.0,0.0012000000569969416
2018-08-13,0.0012000000569969416,0.0012000000569969416,0.0012000000569969416,0.0012000000569969416,0.0,0.0012000000569969416
2018-08-14,0.0012000000569969416,0.0012000000569969416,0.0012000000569969416,0.0012000000569969416,0.0,0.0012000000569969416
2018-08-15,0.0012000000569969416,0.0012000000569969416,0.0012000000569969416,0.0012000000569969416,0.0,0.0012000000569969416
2018-08-16,0.0012000000569969416,0.0012000000569969416,0.0012000000569969416,0.0012000000569969416,0.0,0.0012000000569969416
2018-08-17,0.0012000000569969416,0.0012000000569969416,0.0012000000569969416,0.0012000000569969416,0.0,0.0012000000569969416
2018-08-20,0.0012000000569969416,0.0012000000569969416,0.0012000000569969416,0.0012000000569969416,0.0,0.0012000000569969416
2018-08-21,0.0012000000569969416,0.0012000000569969416,0.0012000000569969416,0.0012000000569969416,0.0,0.0012000000569969416
2018-08-22,0.0012000000569969416,0.0012000000569969416,0.0012000000569969416,0.0012000000569969416,0.0,0.0012000000569969416
2018-08-23,0.0012000000569969416,0.0012000000569969416,0.0012000000569969416,0.0012000000569969416,0.0,0.0012000000569969416
2018-08-24,0.0012000000569969416,0.0012000000569969416,0.0012000000569969416,0.0012000000569969416,0.0,0.0012000000569969416
2018-08-27,0.0012000000569969416,0.0012000000569969416,0.0012000000569969416,0.0012000000569969416,0.0,0.0012000000569969416
2018-08-28,0.0012000000569969416,0.0012000000569969416,0.0012000000569969416,0.0012000000569969416,0.0,0.0012000000569969416
2018-08-29,0.0012000000569969416,0.0012000000569969416,0.0012000000569969416,0.0012000000569969416,0.0,0.0012000000569969416
2018-08-30,0.0012000000569969416,0.0012000000569969416,0.0012000000569969416,0.0012000000569969416,0.0,0.0012000000569969416
2018-08-31,0.0012000000569969416,0.0012000000569969416,0.0012000000569969416,0.0012000000569969416,0.0,0.0012000000569969416
2018-09-04,0.0012000000569969416,0.0012000000569969416,0.0012000000569969416,0.0012000000569969416,0.0,0.0012000000569969416
2018-09-05,0.0012000000569969416,0.0012000000569969416,0.0012000000569969416,0.0012000000569969416,0.0,0.0012000000569969416
2018-09-06,0.001500000013038516,0.0008999999845400453,0.0013000000035390258,0.001500000013038516,1835000.0,0.001500000013038516
2018-09-07,0.001500000013038516,0.001500000013038516,0.001500000013038516,0.001500000013038516,0.0,0.001500000013038516
2018-09-10,0.001500000013038516,0.001500000013038516,0.001500000013038516,0.001500000013038516,0.0,0.001500000013038516
2018-09-11,0.001500000013038516,0.001500000013038516,0.001500000013038516,0.001500000013038516,0.0,0.001500000013038516
2018-09-12,0.001500000013038516,0.001500000013038516,0.001500000013038516,0.001500000013038516,0.0,0.001500000013038516
2018-09-13,0.001500000013038516,0.001500000013038516,0.001500000013038516,0.001500000013038516,0.0,0.001500000013038516
2018-09-14,0.001500000013038516,0.001500000013038516,0.001500000013038516,0.001500000013038516,0.0,0.001500000013038516
2018-09-17,0.003599999938160181,0.0024999999441206455,0.0024999999441206455,0.0035000001080334187,1415000.0,0.0035000001080334187
2018-09-18,0.0024999999441206455,0.0024999999441206455,0.0024999999441206455,0.0024999999441206455,199900.0,0.0024999999441206455
2018-09-19,0.0024999999441206455,0.0024999999441206455,0.0024999999441206455,0.0024999999441206455,0.0,0.0024999999441206455
2018-09-20,0.0024999999441206455,0.0024999999441206455,0.0024999999441206455,0.0024999999441206455,0.0,0.0024999999441206455
2018-09-21,0.0024999999441206455,0.0024999999441206455,0.0024999999441206455,0.0024999999441206455,10000.0,0.0024999999441206455
2018-09-24,0.0024999999441206455,0.0024999999441206455,0.0024999999441206455,0.0024999999441206455,0.0,0.0024999999441206455
2018-09-25,0.0024999999441206455,0.0024999999441206455,0.0024999999441206455,0.0024999999441206455,0.0,0.0024999999441206455
2018-09-26,0.0025500000920146704,0.002199999988079071,0.0025500000920146704,0.002199999988079071,20000.0,0.002199999988079071
2018-09-27,0.002199999988079071,0.002199999988079071,0.002199999988079071,0.002199999988079071,0.0,0.002199999988079071
2018-09-28,0.002199999988079071,0.002199999988079071,0.002199999988079071,0.002199999988079071,0.0,0.002199999988079071
2018-10-01,0.002199999988079071,0.002199999988079071,0.002199999988079071,0.002199999988079071,0.0,0.002199999988079071
2018-10-02,0.002199999988079071,0.002199999988079071,0.002199999988079071,0.002199999988079071,0.0,0.002199999988079071
2018-10-03,0.002199999988079071,0.002199999988079071,0.002199999988079071,0.002199999988079071,0.0,0.002199999988079071
2018-10-04,0.002199999988079071,0.002199999988079071,0.002199999988079071,0.002199999988079071,0.0,0.002199999988079071
2018-10-05,0.002199999988079071,0.002199999988079071,0.002199999988079071,0.002199999988079071,0.0,0.002199999988079071
2018-10-08,0.002199999988079071,0.002199999988079071,0.002199999988079071,0.002199999988079071,0.0,0.002199999988079071
2018-10-09,0.002199999988079071,0.002199999988079071,0.002199999988079071,0.002199999988079071,0.0,0.002199999988079071
2018-10-10,0.002199999988079071,0.002199999988079071,0.002199999988079071,0.002199999988079071,0.0,0.002199999988079071
2018-10-11,0.002199999988079071,0.002199999988079071,0.002199999988079071,0.002199999988079071,0.0,0.002199999988079071
2018-10-12,0.002199999988079071,0.002199999988079071,0.002199999988079071,0.002199999988079071,0.0,0.002199999988079071
2018-10-15,0.002199999988079071,0.002199999988079071,0.002199999988079071,0.002199999988079071,0.0,0.002199999988079071
2018-10-16,0.002199999988079071,0.002199999988079071,0.002199999988079071,0.002199999988079071,0.0,0.002199999988079071
2018-10-17,0.002199999988079071,0.002199999988079071,0.002199999988079071,0.002199999988079071,0.0,0.002199999988079071
2018-10-18,0.002199999988079071,0.002199999988079071,0.002199999988079071,0.002199999988079071,0.0,0.002199999988079071
2018-10-19,0.002199999988079071,0.002199999988079071,0.002199999988079071,0.002199999988079071,0.0,0.002199999988079071
2018-10-22,0.002199999988079071,0.002199999988079071,0.002199999988079071,0.002199999988079071,0.0,0.002199999988079071
2018-10-23,0.002199999988079071,0.002199999988079071,0.002199999988079071,0.002199999988079071,0.0,0.002199999988079071
2018-10-24,0.002199999988079071,0.002199999988079071,0.002199999988079071,0.002199999988079071,0.0,0.002199999988079071
2018-10-25,0.002199999988079071,0.002199999988079071,0.002199999988079071,0.002199999988079071,0.0,0.002199999988079071
2018-10-26,0.002199999988079071,0.002199999988079071,0.002199999988079071,0.002199999988079071,0.0,0.002199999988079071
2018-10-29,0.002199999988079071,0.002199999988079071,0.002199999988079071,0.002199999988079071,0.0,0.002199999988079071
2018-10-30,0.002199999988079071,0.002199999988079071,0.002199999988079071,0.002199999988079071,0.0,0.002199999988079071
2018-10-31,0.002199999988079071,0.002199999988079071,0.002199999988079071,0.002199999988079071,0.0,0.002199999988079071
2018-11-01,0.002199999988079071,0.002199999988079071,0.002199999988079071,0.002199999988079071,0.0,0.002199999988079071
2018-11-02,0.002199999988079071,0.002199999988079071,0.002199999988079071,0.002199999988079071,0.0,0.002199999988079071
2018-11-05,0.002199999988079071,0.002199999988079071,0.002199999988079071,0.002199999988079071,0.0,0.002199999988079071
2018-11-06,0.002199999988079071,0.002199999988079071,0.002199999988079071,0.002199999988079071,0.0,0.002199999988079071
2018-11-07,0.002199999988079071,0.002199999988079071,0.002199999988079071,0.002199999988079071,0.0,0.002199999988079071
2018-11-08,0.0019000000320374966,0.0019000000320374966,0.0019000000320374966,0.0019000000320374966,10000.0,0.0019000000320374966
2018-11-09,0.0020000000949949026,0.0020000000949949026,0.0020000000949949026,0.0020000000949949026,10000.0,0.0020000000949949026
2018-11-12,0.0020000000949949026,0.0020000000949949026,0.0020000000949949026,0.0020000000949949026,0.0,0.0020000000949949026
2018-11-13,0.0020000000949949026,0.0020000000949949026,0.0020000000949949026,0.0020000000949949026,0.0,0.0020000000949949026
2018-11-14,0.0020000000949949026,0.0020000000949949026,0.0020000000949949026,0.0020000000949949026,0.0,0.0020000000949949026
2018-11-15,0.0020000000949949026,0.0020000000949949026,0.0020000000949949026,0.0020000000949949026,0.0,0.0020000000949949026
2018-11-16,0.0020000000949949026,0.0020000000949949026,0.0020000000949949026,0.0020000000949949026,0.0,0.0020000000949949026
2018-11-19,0.0020000000949949026,0.0020000000949949026,0.0020000000949949026,0.0020000000949949026,0.0,0.0020000000949949026
2018-11-20,0.0020000000949949026,0.0020000000949949026,0.0020000000949949026,0.0020000000949949026,0.0,0.0020000000949949026
2018-11-21,0.0020000000949949026,0.0020000000949949026,0.0020000000949949026,0.0020000000949949026,0.0,0.0020000000949949026
2018-11-23,0.0020000000949949026,0.0020000000949949026,0.0020000000949949026,0.0020000000949949026,0.0,0.0020000000949949026
2018-11-26,0.0020000000949949026,0.0020000000949949026,0.0020000000949949026,0.0020000000949949026,0.0,0.0020000000949949026
2018-11-27,0.0020000000949949026,0.0020000000949949026,0.0020000000949949026,0.0020000000949949026,0.0,0.0020000000949949026
2018-11-28,0.0020000000949949026,0.0020000000949949026,0.0020000000949949026,0.0020000000949949026,0.0,0.0020000000949949026
2018-11-29,0.0020000000949949026,0.0020000000949949026,0.0020000000949949026,0.0020000000949949026,0.0,0.0020000000949949026
2018-11-30,0.00215000007301569,0.0017999999690800905,0.00215000007301569,0.0017999999690800905,20000.0,0.0017999999690800905
2018-12-03,0.0012000000569969416,0.0012000000569969416,0.0012000000569969416,0.0012000000569969416,400000.0,0.0012000000569969416
2018-12-04,0.0012000000569969416,0.0012000000569969416,0.0012000000569969416,0.0012000000569969416,0.0,0.0012000000569969416
2018-12-06,0.0012000000569969416,0.0012000000569969416,0.0012000000569969416,0.0012000000569969416,0.0,0.0012000000569969416
2018-12-07,0.0012000000569969416,0.0012000000569969416,0.0012000000569969416,0.0012000000569969416,81212.0,0.0012000000569969416
2018-12-10,0.0013800000306218863,0.0013800000306218863,0.0013800000306218863,0.0013800000306218863,25000.0,0.0013800000306218863
2018-12-11,0.001500000013038516,0.0012000000569969416,0.001500000013038516,0.0012000000569969416,237000.0,0.0012000000569969416
2018-12-12,0.0012000000569969416,0.0012000000569969416,0.0012000000569969416,0.0012000000569969416,0.0,0.0012000000569969416
2018-12-13,0.0012000000569969416,0.0012000000569969416,0.0012000000569969416,0.0012000000569969416,0.0,0.0012000000569969416
2018-12-14,0.0012000000569969416,0.0012000000569969416,0.0012000000569969416,0.0012000000569969416,0.0,0.0012000000569969416
2018-12-17,0.0012000000569969416,0.0012000000569969416,0.0012000000569969416,0.0012000000569969416,0.0,0.0012000000569969416
2018-12-18,0.0012000000569969416,0.0012000000569969416,0.0012000000569969416,0.0012000000569969416,0.0,0.0012000000569969416
2018-12-19,0.0012000000569969416,0.0012000000569969416,0.0012000000569969416,0.0012000000569969416,1000.0,0.0012000000569969416
2018-12-20,0.0012000000569969416,0.0012000000569969416,0.0012000000569969416,0.0012000000569969416,0.0,0.0012000000569969416
2018-12-21,0.0012000000569969416,0.0012000000569969416,0.0012000000569969416,0.0012000000569969416,0.0,0.0012000000569969416
2018-12-24,0.0020000000949949026,0.0012000000569969416,0.0012000000569969416,0.0020000000949949026,815250.0,0.0020000000949949026
2018-12-26,0.0038999998942017555,0.001500000013038516,0.0038999998942017555,0.001509999972768128,53450.0,0.001509999972768128
2018-12-27,0.001509999972768128,0.001509999972768128,0.001509999972768128,0.001509999972768128,0.0,0.001509999972768128
2018-12-28,0.0022499999031424522,0.001500000013038516,0.001500000013038516,0.001500000013038516,230000.0,0.001500000013038516
2018-12-31,0.001500000013038516,0.001500000013038516,0.001500000013038516,0.001500000013038516,0.0,0.001500000013038516
2019-01-02,0.001500000013038516,0.001500000013038516,0.001500000013038516,0.001500000013038516,0.0,0.001500000013038516
2019-01-03,0.001500000013038516,0.001500000013038516,0.001500000013038516,0.001500000013038516,0.0,0.001500000013038516
2019-01-04,0.001500000013038516,0.001500000013038516,0.001500000013038516,0.001500000013038516,7500.0,0.001500000013038516
2019-01-07,0.001500000013038516,0.001500000013038516,0.001500000013038516,0.001500000013038516,0.0,0.001500000013038516
2019-01-08,0.001500000013038516,0.001500000013038516,0.001500000013038516,0.001500000013038516,0.0,0.001500000013038516
2019-01-09,0.001500000013038516,0.001500000013038516,0.001500000013038516,0.001500000013038516,0.0,0.001500000013038516
2019-01-10,0.001500000013038516,0.001500000013038516,0.001500000013038516,0.001500000013038516,0.0,0.001500000013038516
2019-01-11,0.001500000013038516,0.001500000013038516,0.001500000013038516,0.001500000013038516,0.0,0.001500000013038516
2019-01-14,0.001500000013038516,0.001500000013038516,0.001500000013038516,0.001500000013038516,0.0,0.001500000013038516
2019-01-15,0.001500000013038516,0.001500000013038516,0.001500000013038516,0.001500000013038516,0.0,0.001500000013038516
2019-01-16,0.001500000013038516,0.001500000013038516,0.001500000013038516,0.001500000013038516,0.0,0.001500000013038516
2019-01-17,0.001500000013038516,0.001500000013038516,0.001500000013038516,0.001500000013038516,0.0,0.001500000013038516
2019-01-18,0.001500000013038516,0.001500000013038516,0.001500000013038516,0.001500000013038516,0.0,0.001500000013038516
2019-01-22,0.001500000013038516,0.001500000013038516,0.001500000013038516,0.001500000013038516,0.0,0.001500000013038516
2019-01-23,0.001500000013038516,0.001500000013038516,0.001500000013038516,0.001500000013038516,0.0,0.001500000013038516
2019-01-24,0.001500000013038516,0.001500000013038516,0.001500000013038516,0.001500000013038516,0.0,0.001500000013038516
2019-01-25,0.001500000013038516,0.001500000013038516,0.001500000013038516,0.001500000013038516,0.0,0.001500000013038516
2019-01-28,0.002749999985098839,0.001500000013038516,0.002749999985098839,0.001500000013038516,20000.0,0.001500000013038516
2019-01-29,0.001500000013038516,0.001500000013038516,0.001500000013038516,0.001500000013038516,0.0,0.001500000013038516
2019-01-30,0.001500000013038516,0.001500000013038516,0.001500000013038516,0.001500000013038516,0.0,0.001500000013038516
2019-01-31,0.001500000013038516,0.001500000013038516,0.001500000013038516,0.001500000013038516,0.0,0.001500000013038516
2019-02-01,0.001500000013038516,0.001500000013038516,0.001500000013038516,0.001500000013038516,0.0,0.001500000013038516
2019-02-04,0.00139999995008111,0.00139999995008111,0.00139999995008111,0.00139999995008111,90000.0,0.00139999995008111
2019-02-05,0.00139999995008111,0.00139999995008111,0.00139999995008111,0.00139999995008111,0.0,0.00139999995008111
2019-02-06,0.0020000000949949026,0.0020000000949949026,0.0020000000949949026,0.0020000000949949026,12000.0,0.0020000000949949026
2019-02-07,0.0020000000949949026,0.0020000000949949026,0.0020000000949949026,0.0020000000949949026,0.0,0.0020000000949949026
2019-02-08,0.0020000000949949026,0.0020000000949949026,0.0020000000949949026,0.0020000000949949026,0.0,0.0020000000949949026
2019-02-11,0.0020000000949949026,0.0020000000949949026,0.0020000000949949026,0.0020000000949949026,0.0,0.0020000000949949026
2019-02-12,0.0020000000949949026,0.0020000000949949026,0.0020000000949949026,0.0020000000949949026,0.0,0.0020000000949949026
2019-02-13,0.0020000000949949026,0.0020000000949949026,0.0020000000949949026,0.0020000000949949026,0.0,0.0020000000949949026
2019-02-14,0.0020000000949949026,0.0020000000949949026,0.0020000000949949026,0.0020000000949949026,0.0,0.0020000000949949026
2019-02-15,0.0020000000949949026,0.0020000000949949026,0.0020000000949949026,0.0020000000949949026,0.0,0.0020000000949949026
2019-02-19,0.0020000000949949026,0.0020000000949949026,0.0020000000949949026,0.0020000000949949026,0.0,0.0020000000949949026
2019-02-20,0.0020000000949949026,0.0020000000949949026,0.0020000000949949026,0.0020000000949949026,0.0,0.0020000000949949026
2019-02-21,0.0020000000949949026,0.0020000000949949026,0.0020000000949949026,0.0020000000949949026,0.0,0.0020000000949949026
2019-02-22,0.0020000000949949026,0.0020000000949949026,0.0020000000949949026,0.0020000000949949026,0.0,0.0020000000949949026
2019-02-25,0.0020000000949949026,0.0020000000949949026,0.0020000000949949026,0.0020000000949949026,0.0,0.0020000000949949026
2019-02-26,0.0020000000949949026,0.0020000000949949026,0.0020000000949949026,0.0020000000949949026,0.0,0.0020000000949949026
2019-02-27,0.0020000000949949026,0.0020000000949949026,0.0020000000949949026,0.0020000000949949026,40000.0,0.0020000000949949026
2019-02-28,0.0020000000949949026,0.0020000000949949026,0.0020000000949949026,0.0020000000949949026,0.0,0.0020000000949949026
2019-03-01,0.0020000000949949026,0.0020000000949949026,0.0020000000949949026,0.0020000000949949026,0.0,0.0020000000949949026
2019-03-04,0.0020000000949949026,0.0020000000949949026,0.0020000000949949026,0.0020000000949949026,0.0,0.0020000000949949026
2019-03-05,0.0020000000949949026,0.0020000000949949026,0.0020000000949949026,0.0020000000949949026,8500.0,0.0020000000949949026
2019-03-06,0.0020000000949949026,0.0020000000949949026,0.0020000000949949026,0.0020000000949949026,0.0,0.0020000000949949026
2019-03-07,0.0020000000949949026,0.0020000000949949026,0.0020000000949949026,0.0020000000949949026,0.0,0.0020000000949949026
2019-03-08,0.0020000000949949026,0.0020000000949949026,0.0020000000949949026,0.0020000000949949026,0.0,0.0020000000949949026
2019-03-11,0.0020000000949949026,0.0020000000949949026,0.0020000000949949026,0.0020000000949949026,0.0,0.0020000000949949026
2019-03-12,0.0020000000949949026,0.0020000000949949026,0.0020000000949949026,0.0020000000949949026,0.0,0.0020000000949949026
2019-03-13,0.0020000000949949026,0.0020000000949949026,0.0020000000949949026,0.0020000000949949026,0.0,0.0020000000949949026
2019-03-14,0.0020000000949949026,0.0020000000949949026,0.0020000000949949026,0.0020000000949949026,0.0,0.0020000000949949026
2019-03-15,0.0020000000949949026,0.0020000000949949026,0.0020000000949949026,0.0020000000949949026,0.0,0.0020000000949949026
2019-03-18,0.0020000000949949026,0.0020000000949949026,0.0020000000949949026,0.0020000000949949026,0.0,0.0020000000949949026
2019-03-19,0.0020000000949949026,0.0020000000949949026,0.0020000000949949026,0.0020000000949949026,15000.0,0.0020000000949949026
2019-03-20,0.0020000000949949026,0.0020000000949949026,0.0020000000949949026,0.0020000000949949026,199900.0,0.0020000000949949026
2019-03-21,0.0020000000949949026,0.0020000000949949026,0.0020000000949949026,0.0020000000949949026,0.0,0.0020000000949949026
2019-03-22,0.0020000000949949026,0.0020000000949949026,0.0020000000949949026,0.0020000000949949026,0.0,0.0020000000949949026
2019-03-25,0.0020000000949949026,0.0020000000949949026,0.0020000000949949026,0.0020000000949949026,0.0,0.0020000000949949026
2019-03-26,0.0020000000949949026,0.0012000000569969416,0.0020000000949949026,0.0012000000569969416,25000.0,0.0012000000569969416
2019-03-27,0.0012000000569969416,0.0012000000569969416,0.0012000000569969416,0.0012000000569969416,0.0,0.0012000000569969416
2019-03-28,0.0012000000569969416,0.0012000000569969416,0.0012000000569969416,0.0012000000569969416,0.0,0.0012000000569969416
2019-03-29,0.0012000000569969416,0.0012000000569969416,0.0012000000569969416,0.0012000000569969416,0.0,0.0012000000569969416
2019-04-01,0.0012000000569969416,0.0012000000569969416,0.0012000000569969416,0.0012000000569969416,0.0,0.0012000000569969416
2019-04-02,0.0012000000569969416,0.0012000000569969416,0.0012000000569969416,0.0012000000569969416,0.0,0.0012000000569969416
2019-04-03,0.0012000000569969416,0.0012000000569969416,0.0012000000569969416,0.0012000000569969416,0.0,0.0012000000569969416
2019-04-04,0.001500000013038516,0.001500000013038516,0.001500000013038516,0.001500000013038516,18729.0,0.001500000013038516
2019-04-05,0.001500000013038516,0.001500000013038516,0.001500000013038516,0.001500000013038516,0.0,0.001500000013038516
2019-04-08,0.001500000013038516,0.0013000000035390258,0.001500000013038516,0.0013000000035390258,100000.0,0.0013000000035390258
2019-04-09,0.0013000000035390258,0.0013000000035390258,0.0013000000035390258,0.0013000000035390258,0.0,0.0013000000035390258
2019-04-10,0.0013000000035390258,0.0013000000035390258,0.0013000000035390258,0.0013000000035390258,0.0,0.0013000000035390258
2019-04-11,0.0013000000035390258,0.0013000000035390258,0.0013000000035390258,0.0013000000035390258,0.0,0.0013000000035390258
2019-04-12,0.0013000000035390258,0.0013000000035390258,0.0013000000035390258,0.0013000000035390258,0.0,0.0013000000035390258
2019-04-15,0.0013000000035390258,0.0013000000035390258,0.0013000000035390258,0.0013000000035390258,0.0,0.0013000000035390258
2019-04-16,0.0013000000035390258,0.0013000000035390258,0.0013000000035390258,0.0013000000035390258,0.0,0.0013000000035390258
2019-04-17,0.0013000000035390258,0.0013000000035390258,0.0013000000035390258,0.0013000000035390258,0.0,0.0013000000035390258
2019-04-18,0.0013000000035390258,0.0013000000035390258,0.0013000000035390258,0.0013000000035390258,0.0,0.0013000000035390258
2019-04-22,0.0013000000035390258,0.0013000000035390258,0.0013000000035390258,0.0013000000035390258,400.0,0.0013000000035390258
2019-04-23,0.0013000000035390258,0.0013000000035390258,0.0013000000035390258,0.0013000000035390258,7500.0,0.0013000000035390258
2019-04-24,0.0013000000035390258,0.0013000000035390258,0.0013000000035390258,0.0013000000035390258,0.0,0.0013000000035390258
2019-04-25,0.0013000000035390258,0.0013000000035390258,0.0013000000035390258,0.0013000000035390258,0.0,0.0013000000035390258
2019-04-26,0.0013000000035390258,0.0013000000035390258,0.0013000000035390258,0.0013000000035390258,0.0,0.0013000000035390258
2019-04-29,0.0013000000035390258,0.0013000000035390258,0.0013000000035390258,0.0013000000035390258,0.0,0.0013000000035390258
2019-04-30,0.0013000000035390258,0.0013000000035390258,0.0013000000035390258,0.0013000000035390258,0.0,0.0013000000035390258
2019-05-01,0.0013000000035390258,0.0013000000035390258,0.0013000000035390258,0.0013000000035390258,0.0,0.0013000000035390258
2019-05-02,0.0013000000035390258,0.0013000000035390258,0.0013000000035390258,0.0013000000035390258,0.0,0.0013000000035390258
2019-05-03,0.0013000000035390258,0.0013000000035390258,0.0013000000035390258,0.0013000000035390258,3088.0,0.0013000000035390258
2019-05-06,0.0013000000035390258,0.0013000000035390258,0.0013000000035390258,0.0013000000035390258,0.0,0.0013000000035390258
2019-05-07,0.0013000000035390258,0.0013000000035390258,0.0013000000035390258,0.0013000000035390258,0.0,0.0013000000035390258
2019-05-08,0.0013000000035390258,0.0013000000035390258,0.0013000000035390258,0.0013000000035390258,0.0,0.0013000000035390258
2019-05-09,0.0013000000035390258,0.0013000000035390258,0.0013000000035390258,0.0013000000035390258,0.0,0.0013000000035390258
2019-05-10,0.0013000000035390258,0.0013000000035390258,0.0013000000035390258,0.0013000000035390258,0.0,0.0013000000035390258
2019-05-13,0.0013000000035390258,0.0013000000035390258,0.0013000000035390258,0.0013000000035390258,0.0,0.0013000000035390258
2019-05-14,0.0012000000569969416,0.0012000000569969416,0.0012000000569969416,0.0012000000569969416,21814.0,0.0012000000569969416
2019-05-15,0.0012000000569969416,0.0012000000569969416,0.0012000000569969416,0.0012000000569969416,0.0,0.0012000000569969416
2019-05-16,0.0012000000569969416,0.0012000000569969416,0.0012000000569969416,0.0012000000569969416,0.0,0.0012000000569969416
2019-05-17,0.0012000000569969416,0.0012000000569969416,0.0012000000569969416,0.0012000000569969416,0.0,0.0012000000569969416
2019-05-20,0.0012000000569969416,0.0012000000569969416,0.0012000000569969416,0.0012000000569969416,0.0,0.0012000000569969416
2019-05-21,0.0012000000569969416,0.0012000000569969416,0.0012000000569969416,0.0012000000569969416,0.0,0.0012000000569969416
2019-05-22,0.0012000000569969416,0.0012000000569969416,0.0012000000569969416,0.0012000000569969416,0.0,0.0012000000569969416
2019-05-23,0.0012000000569969416,0.0012000000569969416,0.0012000000569969416,0.0012000000569969416,0.0,0.0012000000569969416
2019-05-24,0.0012000000569969416,0.0012000000569969416,0.0012000000569969416,0.0012000000569969416,0.0,0.0012000000569969416
2019-05-28,0.0012000000569969416,0.0012000000569969416,0.0012000000569969416,0.0012000000569969416,0.0,0.0012000000569969416
2019-05-29,0.0012000000569969416,0.0012000000569969416,0.0012000000569969416,0.0012000000569969416,0.0,0.0012000000569969416
2019-05-30,0.0012000000569969416,0.0012000000569969416,0.0012000000569969416,0.0012000000569969416,0.0,0.0012000000569969416
2019-05-31,0.0012000000569969416,0.0012000000569969416,0.0012000000569969416,0.0012000000569969416,0.0,0.0012000000569969416
2019-06-03,0.0012000000569969416,0.0012000000569969416,0.0012000000569969416,0.0012000000569969416,0.0,0.0012000000569969416
2019-06-04,0.0012000000569969416,0.0012000000569969416,0.0012000000569969416,0.0012000000569969416,0.0,0.0012000000569969416
2019-06-05,0.0012000000569969416,0.0012000000569969416,0.0012000000569969416,0.0012000000569969416,0.0,0.0012000000569969416
2019-06-06,0.0012000000569969416,0.0012000000569969416,0.0012000000569969416,0.0012000000569969416,0.0,0.0012000000569969416
2019-06-07,0.0012000000569969416,0.0012000000569969416,0.0012000000569969416,0.0012000000569969416,0.0,0.0012000000569969416
2019-06-10,0.0012000000569969416,0.0012000000569969416,0.0012000000569969416,0.0012000000569969416,0.0,0.0012000000569969416
2019-06-11,0.0012000000569969416,0.0012000000569969416,0.0012000000569969416,0.0012000000569969416,0.0,0.0012000000569969416
2019-06-12,0.0012000000569969416,0.0012000000569969416,0.0012000000569969416,0.0012000000569969416,0.0,0.0012000000569969416
2019-06-13,0.0012000000569969416,0.0012000000569969416,0.0012000000569969416,0.0012000000569969416,0.0,0.0012000000569969416
2019-06-14,0.0012000000569969416,0.0012000000569969416,0.0012000000569969416,0.0012000000569969416,0.0,0.0012000000569969416
2019-06-17,0.0020000000949949026,0.0012000000569969416,0.0012000000569969416,0.0020000000949949026,45000.0,0.0020000000949949026
2019-06-18,0.0020000000949949026,0.0020000000949949026,0.0020000000949949026,0.0020000000949949026,0.0,0.0020000000949949026
2019-06-19,0.0020000000949949026,0.0020000000949949026,0.0020000000949949026,0.0020000000949949026,0.0,0.0020000000949949026
2019-06-20,0.0020000000949949026,0.0020000000949949026,0.0020000000949949026,0.0020000000949949026,0.0,0.0020000000949949026
2019-06-21,0.0020000000949949026,0.0020000000949949026,0.0020000000949949026,0.0020000000949949026,0.0,0.0020000000949949026
2019-06-24,0.0020000000949949026,0.0020000000949949026,0.0020000000949949026,0.0020000000949949026,0.0,0.0020000000949949026
2019-06-25,0.0020000000949949026,0.0020000000949949026,0.0020000000949949026,0.0020000000949949026,0.0,0.0020000000949949026
2019-06-26,0.0020000000949949026,0.0020000000949949026,0.0020000000949949026,0.0020000000949949026,0.0,0.0020000000949949026
2019-06-27,0.0020000000949949026,0.0020000000949949026,0.0020000000949949026,0.0020000000949949026,0.0,0.0020000000949949026
2019-06-28,0.0020000000949949026,0.0020000000949949026,0.0020000000949949026,0.0020000000949949026,0.0,0.0020000000949949026
2019-07-01,0.0020000000949949026,0.0020000000949949026,0.0020000000949949026,0.0020000000949949026,0.0,0.0020000000949949026
2019-07-02,0.0020000000949949026,0.0020000000949949026,0.0020000000949949026,0.0020000000949949026,0.0,0.0020000000949949026
2019-07-03,0.0020000000949949026,0.0020000000949949026,0.0020000000949949026,0.0020000000949949026,0.0,0.0020000000949949026
2019-07-05,0.0020000000949949026,0.0020000000949949026,0.0020000000949949026,0.0020000000949949026,0.0,0.0020000000949949026
2019-07-08,0.0020000000949949026,0.0020000000949949026,0.0020000000949949026,0.0020000000949949026,0.0,0.0020000000949949026
2019-07-09,0.0020000000949949026,0.0020000000949949026,0.0020000000949949026,0.0020000000949949026,0.0,0.0020000000949949026
2019-07-10,0.0020000000949949026,0.0020000000949949026,0.0020000000949949026,0.0020000000949949026,0.0,0.0020000000949949026
2019-07-11,0.0020000000949949026,0.0020000000949949026,0.0020000000949949026,0.0020000000949949026,0.0,0.0020000000949949026
2019-07-12,0.0020000000949949026,0.0020000000949949026,0.0020000000949949026,0.0020000000949949026,0.0,0.0020000000949949026
2019-07-15,0.0020000000949949026,0.0020000000949949026,0.0020000000949949026,0.0020000000949949026,0.0,0.0020000000949949026
2019-07-16,0.0020000000949949026,0.0020000000949949026,0.0020000000949949026,0.0020000000949949026,0.0,0.0020000000949949026
2019-07-17,0.0020000000949949026,0.0020000000949949026,0.0020000000949949026,0.0020000000949949026,0.0,0.0020000000949949026
2019-07-18,0.0020000000949949026,0.0020000000949949026,0.0020000000949949026,0.0020000000949949026,0.0,0.0020000000949949026
2019-07-19,0.0020000000949949026,0.0020000000949949026,0.0020000000949949026,0.0020000000949949026,0.0,0.0020000000949949026
2019-07-22,0.0020000000949949026,0.0020000000949949026,0.0020000000949949026,0.0020000000949949026,0.0,0.0020000000949949026
2019-07-23,0.0020000000949949026,0.0020000000949949026,0.0020000000949949026,0.0020000000949949026,0.0,0.0020000000949949026
2019-07-24,0.0020000000949949026,0.0020000000949949026,0.0020000000949949026,0.0020000000949949026,0.0,0.0020000000949949026
2019-07-25,0.0020000000949949026,0.0020000000949949026,0.0020000000949949026,0.0020000000949949026,0.0,0.0020000000949949026
2019-07-26,0.0020000000949949026,0.0020000000949949026,0.0020000000949949026,0.0020000000949949026,0.0,0.0020000000949949026
2019-07-29,0.0020000000949949026,0.0020000000949949026,0.0020000000949949026,0.0020000000949949026,0.0,0.0020000000949949026
2019-07-30,0.0020000000949949026,0.0020000000949949026,0.0020000000949949026,0.0020000000949949026,0.0,0.0020000000949949026
2019-07-31,0.0020000000949949026,0.0020000000949949026,0.0020000000949949026,0.0020000000949949026,0.0,0.0020000000949949026
2019-08-01,0.0020000000949949026,0.0020000000949949026,0.0020000000949949026,0.0020000000949949026,0.0,0.0020000000949949026
2019-08-02,0.0020000000949949026,0.0020000000949949026,0.0020000000949949026,0.0020000000949949026,0.0,0.0020000000949949026
2019-08-05,0.0020000000949949026,0.0020000000949949026,0.0020000000949949026,0.0020000000949949026,0.0,0.0020000000949949026
2019-08-06,0.0020000000949949026,0.0020000000949949026,0.0020000000949949026,0.0020000000949949026,0.0,0.0020000000949949026
2019-08-07,0.0020000000949949026,0.0020000000949949026,0.0020000000949949026,0.0020000000949949026,0.0,0.0020000000949949026
2019-08-08,0.0020000000949949026,0.0020000000949949026,0.0020000000949949026,0.0020000000949949026,0.0,0.0020000000949949026
2019-08-09,0.0020000000949949026,0.0020000000949949026,0.0020000000949949026,0.0020000000949949026,0.0,0.0020000000949949026
2019-08-12,0.0020000000949949026,0.0020000000949949026,0.0020000000949949026,0.0020000000949949026,0.0,0.0020000000949949026
2019-08-13,0.004999999888241291,0.0020000000949949026,0.0020000000949949026,0.003000000026077032,871500.0,0.003000000026077032
2019-08-14,0.003000000026077032,0.003000000026077032,0.003000000026077032,0.003000000026077032,0.0,0.003000000026077032
2019-08-15,0.0020000000949949026,0.0020000000949949026,0.0020000000949949026,0.0020000000949949026,91000.0,0.0020000000949949026
2019-08-16,0.0020000000949949026,0.0020000000949949026,0.0020000000949949026,0.0020000000949949026,0.0,0.0020000000949949026
2019-08-19,0.0020000000949949026,0.0020000000949949026,0.0020000000949949026,0.0020000000949949026,0.0,0.0020000000949949026
2019-08-20,0.0020000000949949026,0.0020000000949949026,0.0020000000949949026,0.0020000000949949026,0.0,0.0020000000949949026
2019-08-21,0.0020000000949949026,0.0020000000949949026,0.0020000000949949026,0.0020000000949949026,0.0,0.0020000000949949026
2019-08-22,0.0020000000949949026,0.0020000000949949026,0.0020000000949949026,0.0020000000949949026,0.0,0.0020000000949949026
2019-08-23,0.0020000000949949026,0.0020000000949949026,0.0020000000949949026,0.0020000000949949026,0.0,0.0020000000949949026
2019-08-26,0.0020000000949949026,0.0020000000949949026,0.0020000000949949026,0.0020000000949949026,0.0,0.0020000000949949026
2019-08-27,0.0020000000949949026,0.0020000000949949026,0.0020000000949949026,0.0020000000949949026,0.0,0.0020000000949949026
2019-08-28,0.0020000000949949026,0.0020000000949949026,0.0020000000949949026,0.0020000000949949026,0.0,0.0020000000949949026
2019-08-29,0.0020000000949949026,0.0020000000949949026,0.0020000000949949026,0.0020000000949949026,0.0,0.0020000000949949026
2019-08-30,0.0020000000949949026,0.0020000000949949026,0.0020000000949949026,0.0020000000949949026,0.0,0.0020000000949949026
2019-09-03,0.0020000000949949026,0.0020000000949949026,0.0020000000949949026,0.0020000000949949026,0.0,0.0020000000949949026
2019-09-04,0.004000000189989805,0.004000000189989805,0.004000000189989805,0.004000000189989805,20000.0,0.004000000189989805
2019-09-05,0.004000000189989805,0.004000000189989805,0.004000000189989805,0.004000000189989805,0.0,0.004000000189989805
2019-09-06,0.004000000189989805,0.004000000189989805,0.004000000189989805,0.004000000189989805,0.0,0.004000000189989805
2019-09-09,0.0024999999441206455,0.0024999999441206455,0.0024999999441206455,0.0024999999441206455,40000.0,0.0024999999441206455
2019-09-10,0.0024999999441206455,0.0024999999441206455,0.0024999999441206455,0.0024999999441206455,0.0,0.0024999999441206455
2019-09-11,0.0024999999441206455,0.0024999999441206455,0.0024999999441206455,0.0024999999441206455,0.0,0.0024999999441206455
2019-09-12,0.0026000000070780516,0.0026000000070780516,0.0026000000070780516,0.0026000000070780516,20000.0,0.0026000000070780516
2019-09-13,0.0026000000070780516,0.0026000000070780516,0.0026000000070780516,0.0026000000070780516,0.0,0.0026000000070780516
2019-09-16,0.0026000000070780516,0.0026000000070780516,0.0026000000070780516,0.0026000000070780516,0.0,0.0026000000070780516
2019-09-17,0.0025100000202655792,0.0024999999441206455,0.0024999999441206455,0.0024999999441206455,19100.0,0.0024999999441206455
2019-09-18,0.0024999999441206455,0.0024999999441206455,0.0024999999441206455,0.0024999999441206455,0.0,0.0024999999441206455
2019-09-19,0.0024999999441206455,0.0024999999441206455,0.0024999999441206455,0.0024999999441206455,0.0,0.0024999999441206455
2019-09-20,0.0024999999441206455,0.0024999999441206455,0.0024999999441206455,0.0024999999441206455,0.0,0.0024999999441206455
2019-09-23,0.0024999999441206455,0.0024999999441206455,0.0024999999441206455,0.0024999999441206455,0.0,0.0024999999441206455
2019-09-24,0.0024999999441206455,0.0024999999441206455,0.0024999999441206455,0.0024999999441206455,0.0,0.0024999999441206455
2019-09-25,0.0024999999441206455,0.0024999999441206455,0.0024999999441206455,0.0024999999441206455,0.0,0.0024999999441206455
2019-09-26,0.0024999999441206455,0.0024999999441206455,0.0024999999441206455,0.0024999999441206455,0.0,0.0024999999441206455
2019-09-27,0.0024999999441206455,0.0024999999441206455,0.0024999999441206455,0.0024999999441206455,0.0,0.0024999999441206455
2019-09-30,0.0024999999441206455,0.0024999999441206455,0.0024999999441206455,0.0024999999441206455,10000.0,0.0024999999441206455
2019-10-01,0.0020000000949949026,0.0020000000949949026,0.0020000000949949026,0.0020000000949949026,20000.0,0.0020000000949949026
2019-10-02,0.0020000000949949026,0.0020000000949949026,0.0020000000949949026,0.0020000000949949026,0.0,0.0020000000949949026
2019-10-03,0.0020000000949949026,0.0020000000949949026,0.0020000000949949026,0.0020000000949949026,0.0,0.0020000000949949026
2019-10-04,0.0020000000949949026,0.0020000000949949026,0.0020000000949949026,0.0020000000949949026,0.0,0.0020000000949949026
2019-10-07,0.0020000000949949026,0.0020000000949949026,0.0020000000949949026,0.0020000000949949026,0.0,0.0020000000949949026
2019-10-08,0.0020000000949949026,0.0015999999595806003,0.0015999999595806003,0.0020000000949949026,1325500.0,0.0020000000949949026
2019-10-09,0.004000000189989805,0.0024999999441206455,0.003000000026077032,0.0024999999441206455,218400.0,0.0024999999441206455
2019-10-10,0.003000000026077032,0.0020000000949949026,0.003000000026077032,0.0020000000949949026,135000.0,0.0020000000949949026
2019-10-11,0.0020000000949949026,0.0020000000949949026,0.0020000000949949026,0.0020000000949949026,0.0,0.0020000000949949026
2019-10-14,0.0020000000949949026,0.0020000000949949026,0.0020000000949949026,0.0020000000949949026,0.0,0.0020000000949949026
2019-10-15,0.0020000000949949026,0.0020000000949949026,0.0020000000949949026,0.0020000000949949026,0.0,0.0020000000949949026
2019-10-16,0.0015999999595806003,0.0015999999595806003,0.0015999999595806003,0.0015999999595806003,15000.0,0.0015999999595806003
2019-10-17,0.0015999999595806003,0.0015999999595806003,0.0015999999595806003,0.0015999999595806003,0.0,0.0015999999595806003
2019-10-18,0.0015999999595806003,0.0015999999595806003,0.0015999999595806003,0.0015999999595806003,0.0,0.0015999999595806003
2019-10-21,0.0015999999595806003,0.0015999999595806003,0.0015999999595806003,0.0015999999595806003,0.0,0.0015999999595806003
2019-10-22,0.0015999999595806003,0.0015999999595806003,0.0015999999595806003,0.0015999999595806003,0.0,0.0015999999595806003
2019-10-23,0.0015999999595806003,0.0015999999595806003,0.0015999999595806003,0.0015999999595806003,0.0,0.0015999999595806003
2019-10-24,0.0015999999595806003,0.0015999999595806003,0.0015999999595806003,0.0015999999595806003,0.0,0.0015999999595806003
2019-10-25,0.0015999999595806003,0.0015999999595806003,0.0015999999595806003,0.0015999999595806003,45000.0,0.0015999999595806003
2019-10-28,0.003700000001117587,0.001500000013038516,0.0015999999595806003,0.0024999999441206455,220000.0,0.0024999999441206455
2019-10-29,0.0024999999441206455,0.0024999999441206455,0.0024999999441206455,0.0024999999441206455,0.0,0.0024999999441206455
2019-10-30,0.002099999925121665,0.002099999925121665,0.002099999925121665,0.002099999925121665,10000.0,0.002099999925121665
2019-10-31,0.002099999925121665,0.002099999925121665,0.002099999925121665,0.002099999925121665,0.0,0.002099999925121665
2019-11-01,0.002099999925121665,0.002099999925121665,0.002099999925121665,0.002099999925121665,0.0,0.002099999925121665
2019-11-04,0.002099999925121665,0.002099999925121665,0.002099999925121665,0.002099999925121665,0.0,0.002099999925121665
2019-11-05,0.002099999925121665,0.002099999925121665,0.002099999925121665,0.002099999925121665,0.0,0.002099999925121665
2019-11-06,0.002099999925121665,0.002099999925121665,0.002099999925121665,0.002099999925121665,0.0,0.002099999925121665
2019-11-07,0.0017000000225380063,0.0015999999595806003,0.0017000000225380063,0.0015999999595806003,52200.0,0.0015999999595806003
2019-11-08,0.0015999999595806003,0.0015999999595806003,0.0015999999595806003,0.0015999999595806003,1599999.0,0.0015999999595806003
2019-11-11,0.0015999999595806003,0.0015999999595806003,0.0015999999595806003,0.0015999999595806003,0.0,0.0015999999595806003
2019-11-12,0.0015999999595806003,0.0015999999595806003,0.0015999999595806003,0.0015999999595806003,0.0,0.0015999999595806003
2019-11-13,0.0015999999595806003,0.0015999999595806003,0.0015999999595806003,0.0015999999595806003,0.0,0.0015999999595806003
2019-11-14,0.0015999999595806003,0.0015999999595806003,0.0015999999595806003,0.0015999999595806003,0.0,0.0015999999595806003
2019-11-15,0.0017000000225380063,0.0017000000225380063,0.0017000000225380063,0.0017000000225380063,10000.0,0.0017000000225380063
2019-11-18,0.0017000000225380063,0.0017000000225380063,0.0017000000225380063,0.0017000000225380063,0.0,0.0017000000225380063
2019-11-19,0.0017000000225380063,0.0017000000225380063,0.0017000000225380063,0.0017000000225380063,0.0,0.0017000000225380063
2019-11-20,0.0017000000225380063,0.0017000000225380063,0.0017000000225380063,0.0017000000225380063,0.0,0.0017000000225380063
2019-11-21,0.0017000000225380063,0.0017000000225380063,0.0017000000225380063,0.0017000000225380063,0.0,0.0017000000225380063
2019-11-22,0.0017000000225380063,0.0017000000225380063,0.0017000000225380063,0.0017000000225380063,0.0,0.0017000000225380063
2019-11-25,0.0017000000225380063,0.0017000000225380063,0.0017000000225380063,0.0017000000225380063,0.0,0.0017000000225380063
2019-11-26,0.0017000000225380063,0.0017000000225380063,0.0017000000225380063,0.0017000000225380063,0.0,0.0017000000225380063
2019-11-27,0.0017000000225380063,0.0017000000225380063,0.0017000000225380063,0.0017000000225380063,0.0,0.0017000000225380063
2019-11-29,0.0017000000225380063,0.0017000000225380063,0.0017000000225380063,0.0017000000225380063,0.0,0.0017000000225380063
2019-12-02,0.0017000000225380063,0.0017000000225380063,0.0017000000225380063,0.0017000000225380063,0.0,0.0017000000225380063
2019-12-03,0.0017000000225380063,0.0017000000225380063,0.0017000000225380063,0.0017000000225380063,0.0,0.0017000000225380063
2019-12-04,0.0017000000225380063,0.0015999999595806003,0.0017000000225380063,0.0015999999595806003,69200.0,0.0015999999595806003
2019-12-05,0.0015999999595806003,0.0015999999595806003,0.0015999999595806003,0.0015999999595806003,0.0,0.0015999999595806003
2019-12-06,0.0015999999595806003,0.0015999999595806003,0.0015999999595806003,0.0015999999595806003,0.0,0.0015999999595806003
2019-12-09,0.0015999999595806003,0.0015999999595806003,0.0015999999595806003,0.0015999999595806003,0.0,0.0015999999595806003
2019-12-10,0.0015999999595806003,0.0015999999595806003,0.0015999999595806003,0.0015999999595806003,0.0,0.0015999999595806003
2019-12-11,0.0015999999595806003,0.0015999999595806003,0.0015999999595806003,0.0015999999595806003,0.0,0.0015999999595806003
2019-12-12,0.001500000013038516,0.001500000013038516,0.001500000013038516,0.001500000013038516,1000.0,0.001500000013038516
2019-12-13,0.001500000013038516,0.001500000013038516,0.001500000013038516,0.001500000013038516,0.0,0.001500000013038516
2019-12-16,0.001500000013038516,0.001500000013038516,0.001500000013038516,0.001500000013038516,0.0,0.001500000013038516
2019-12-17,0.001500000013038516,0.001500000013038516,0.001500000013038516,0.001500000013038516,0.0,0.001500000013038516
2019-12-18,0.001500000013038516,0.001500000013038516,0.001500000013038516,0.001500000013038516,0.0,0.001500000013038516
2019-12-19,0.001500000013038516,0.001500000013038516,0.001500000013038516,0.001500000013038516,0.0,0.001500000013038516
2019-12-20,0.001500000013038516,0.001500000013038516,0.001500000013038516,0.001500000013038516,0.0,0.001500000013038516
2019-12-23,0.001500000013038516,0.001500000013038516,0.001500000013038516,0.001500000013038516,0.0,0.001500000013038516
2019-12-24,0.001500000013038516,0.001500000013038516,0.001500000013038516,0.001500000013038516,0.0,0.001500000013038516
2019-12-26,0.0015999999595806003,0.0015999999595806003,0.0015999999595806003,0.0015999999595806003,90000.0,0.0015999999595806003
2019-12-27,0.0015999999595806003,0.0015999999595806003,0.0015999999595806003,0.0015999999595806003,100000.0,0.0015999999595806003
2019-12-30,0.0020000000949949026,0.0020000000949949026,0.0020000000949949026,0.0020000000949949026,70000.0,0.0020000000949949026
2019-12-31,0.0020000000949949026,0.0020000000949949026,0.0020000000949949026,0.0020000000949949026,0.0,0.0020000000949949026
2020-01-02,0.0015999999595806003,0.0015999999595806003,0.0015999999595806003,0.0015999999595806003,15000.0,0.0015999999595806003
2020-01-03,0.0015999999595806003,0.0015999999595806003,0.0015999999595806003,0.0015999999595806003,0.0,0.0015999999595806003
2020-01-06,0.0015999999595806003,0.0015999999595806003,0.0015999999595806003,0.0015999999595806003,25500.0,0.0015999999595806003
2020-01-07,0.0015999999595806003,0.0015999999595806003,0.0015999999595806003,0.0015999999595806003,0.0,0.0015999999595806003
2020-01-08,0.0015999999595806003,0.0015999999595806003,0.0015999999595806003,0.0015999999595806003,0.0,0.0015999999595806003
2020-01-09,0.0015999999595806003,0.0015999999595806003,0.0015999999595806003,0.0015999999595806003,0.0,0.0015999999595806003
2020-01-10,0.0015999999595806003,0.0015999999595806003,0.0015999999595806003,0.0015999999595806003,0.0,0.0015999999595806003
2020-01-13,0.0015999999595806003,0.0013000000035390258,0.0015999999595806003,0.0013000000035390258,50000.0,0.0013000000035390258
2020-01-14,0.0013000000035390258,0.0010999999940395355,0.0013000000035390258,0.0010999999940395355,15000.0,0.0010999999940395355
2020-01-15,0.00279999990016222,0.00279999990016222,0.00279999990016222,0.00279999990016222,10000.0,0.00279999990016222
2020-01-16,0.006000000052154064,0.0024999999441206455,0.003000000026077032,0.006000000052154064,45000.0,0.006000000052154064
2020-01-17,0.006000000052154064,0.006000000052154064,0.006000000052154064,0.006000000052154064,0.0,0.006000000052154064
2020-01-21,0.006000000052154064,0.006000000052154064,0.006000000052154064,0.006000000052154064,0.0,0.006000000052154064
2020-01-22,0.006000000052154064,0.006000000052154064,0.006000000052154064,0.006000000052154064,0.0,0.006000000052154064
2020-01-23,0.006000000052154064,0.006000000052154064,0.006000000052154064,0.006000000052154064,0.0,0.006000000052154064
2020-01-24,0.006000000052154064,0.006000000052154064,0.006000000052154064,0.006000000052154064,0.0,0.006000000052154064
2020-01-27,0.006000000052154064,0.006000000052154064,0.006000000052154064,0.006000000052154064,0.0,0.006000000052154064
2020-01-28,0.006000000052154064,0.006000000052154064,0.006000000052154064,0.006000000052154064,0.0,0.006000000052154064
2020-01-29,0.006000000052154064,0.006000000052154064,0.006000000052154064,0.006000000052154064,0.0,0.006000000052154064
2020-01-30,0.006000000052154064,0.006000000052154064,0.006000000052154064,0.006000000052154064,0.0,0.006000000052154064
2020-01-31,0.006000000052154064,0.006000000052154064,0.006000000052154064,0.006000000052154064,0.0,0.006000000052154064
2020-02-03,0.006000000052154064,0.006000000052154064,0.006000000052154064,0.006000000052154064,0.0,0.006000000052154064
2020-02-04,0.006000000052154064,0.006000000052154064,0.006000000052154064,0.006000000052154064,0.0,0.006000000052154064
2020-02-05,0.0027000000700354576,0.0027000000700354576,0.0027000000700354576,0.0027000000700354576,3000.0,0.0027000000700354576
2020-02-06,0.0027000000700354576,0.0027000000700354576,0.0027000000700354576,0.0027000000700354576,0.0,0.0027000000700354576
2020-02-07,0.0027000000700354576,0.0027000000700354576,0.0027000000700354576,0.0027000000700354576,63000.0,0.0027000000700354576
2020-02-10,0.0027000000700354576,0.0027000000700354576,0.0027000000700354576,0.0027000000700354576,5000.0,0.0027000000700354576
2020-02-11,0.0027000000700354576,0.0027000000700354576,0.0027000000700354576,0.0027000000700354576,0.0,0.0027000000700354576
2020-02-12,0.0027000000700354576,0.0027000000700354576,0.0027000000700354576,0.0027000000700354576,0.0,0.0027000000700354576
2020-02-13,0.0027000000700354576,0.0024999999441206455,0.0027000000700354576,0.0024999999441206455,23703.0,0.0024999999441206455
2020-02-14,0.0024999999441206455,0.0024999999441206455,0.0024999999441206455,0.0024999999441206455,0.0,0.0024999999441206455
2020-02-18,0.0024999999441206455,0.0024999999441206455,0.0024999999441206455,0.0024999999441206455,0.0,0.0024999999441206455
2020-02-19,0.0024999999441206455,0.0024999999441206455,0.0024999999441206455,0.0024999999441206455,0.0,0.0024999999441206455
2020-02-20,0.0024999999441206455,0.0024999999441206455,0.0024999999441206455,0.0024999999441206455,0.0,0.0024999999441206455
2020-02-21,0.0024999999441206455,0.0024999999441206455,0.0024999999441206455,0.0024999999441206455,0.0,0.0024999999441206455
2020-02-24,0.0038999998942017555,0.0031999999191612005,0.0032999999821186066,0.0031999999191612005,555129.0,0.0031999999191612005
2020-02-25,0.0031999999191612005,0.0031999999191612005,0.0031999999191612005,0.0031999999191612005,0.0,0.0031999999191612005
2020-02-26,0.0031999999191612005,0.0031999999191612005,0.0031999999191612005,0.0031999999191612005,0.0,0.0031999999191612005
2020-02-27,0.0035000001080334187,0.0035000001080334187,0.0035000001080334187,0.0035000001080334187,10000.0,0.0035000001080334187
2020-02-28,0.0035000001080334187,0.0035000001080334187,0.0035000001080334187,0.0035000001080334187,0.0,0.0035000001080334187
2020-03-02,0.0035000001080334187,0.0035000001080334187,0.0035000001080334187,0.0035000001080334187,0.0,0.0035000001080334187
2020-03-03,0.003599999938160181,0.0031999999191612005,0.0031999999191612005,0.003599999938160181,20000.0,0.003599999938160181
2020-03-04,0.003599999938160181,0.003599999938160181,0.003599999938160181,0.003599999938160181,0.0,0.003599999938160181
2020-03-05,0.003599999938160181,0.003599999938160181,0.003599999938160181,0.003599999938160181,0.0,0.003599999938160181
2020-03-06,0.002099999925121665,0.0020000000949949026,0.002099999925121665,0.0020000000949949026,103800.0,0.0020000000949949026
2020-03-09,0.0020000000949949026,0.0020000000949949026,0.0020000000949949026,0.0020000000949949026,0.0,0.0020000000949949026
2020-03-10,0.0020000000949949026,0.0020000000949949026,0.0020000000949949026,0.0020000000949949026,0.0,0.0020000000949949026
2020-03-11,0.0020000000949949026,0.0020000000949949026,0.0020000000949949026,0.0020000000949949026,0.0,0.0020000000949949026
2020-03-12,0.0020000000949949026,0.0020000000949949026,0.0020000000949949026,0.0020000000949949026,0.0,0.0020000000949949026
2020-03-13,0.0035000001080334187,0.0035000001080334187,0.0035000001080334187,0.0035000001080334187,1000.0,0.0035000001080334187
2020-03-16,0.0035000001080334187,0.0035000001080334187,0.0035000001080334187,0.0035000001080334187,0.0,0.0035000001080334187
2020-03-17,0.0035000001080334187,0.0035000001080334187,0.0035000001080334187,0.0035000001080334187,0.0,0.0035000001080334187
2020-03-18,0.0035000001080334187,0.0035000001080334187,0.0035000001080334187,0.0035000001080334187,0.0,0.0035000001080334187
2020-03-19,0.0035000001080334187,0.0035000001080334187,0.0035000001080334187,0.0035000001080334187,0.0,0.0035000001080334187
2020-03-20,0.0035000001080334187,0.0035000001080334187,0.0035000001080334187,0.0035000001080334187,0.0,0.0035000001080334187
2020-03-23,0.0035000001080334187,0.0035000001080334187,0.0035000001080334187,0.0035000001080334187,0.0,0.0035000001080334187
2020-03-24,0.0035000001080334187,0.0035000001080334187,0.0035000001080334187,0.0035000001080334187,0.0,0.0035000001080334187
2020-03-25,0.0035000001080334187,0.0020000000949949026,0.0035000001080334187,0.0020000000949949026,900.0,0.0020000000949949026
2020-03-26,0.0020000000949949026,0.0020000000949949026,0.0020000000949949026,0.0020000000949949026,0.0,0.0020000000949949026
2020-03-27,0.0020000000949949026,0.0020000000949949026,0.0020000000949949026,0.0020000000949949026,0.0,0.0020000000949949026
2020-03-30,0.0020000000949949026,0.0017999999690800905,0.0020000000949949026,0.0017999999690800905,117000.0,0.0017999999690800905
2020-03-31,0.0017999999690800905,0.0017999999690800905,0.0017999999690800905,0.0017999999690800905,0.0,0.0017999999690800905
2020-04-01,0.0017999999690800905,0.0017999999690800905,0.0017999999690800905,0.0017999999690800905,0.0,0.0017999999690800905
2020-04-02,0.0017999999690800905,0.0017999999690800905,0.0017999999690800905,0.0017999999690800905,0.0,0.0017999999690800905
2020-04-03,0.0017999999690800905,0.0017999999690800905,0.0017999999690800905,0.0017999999690800905,0.0,0.0017999999690800905
2020-04-06,0.0017999999690800905,0.0017999999690800905,0.0017999999690800905,0.0017999999690800905,0.0,0.0017999999690800905
2020-04-07,0.0017999999690800905,0.0017999999690800905,0.0017999999690800905,0.0017999999690800905,0.0,0.0017999999690800905
2020-04-08,0.0017999999690800905,0.0017999999690800905,0.0017999999690800905,0.0017999999690800905,0.0,0.0017999999690800905
2020-04-09,0.0017999999690800905,0.0017999999690800905,0.0017999999690800905,0.0017999999690800905,0.0,0.0017999999690800905
2020-04-13,0.0017999999690800905,0.0017999999690800905,0.0017999999690800905,0.0017999999690800905,0.0,0.0017999999690800905
2020-04-14,0.0017999999690800905,0.0017999999690800905,0.0017999999690800905,0.0017999999690800905,0.0,0.0017999999690800905
2020-04-15,0.0017999999690800905,0.0017999999690800905,0.0017999999690800905,0.0017999999690800905,0.0,0.0017999999690800905
2020-04-16,0.0017999999690800905,0.0017999999690800905,0.0017999999690800905,0.0017999999690800905,0.0,0.0017999999690800905
2020-04-17,0.0017999999690800905,0.0017999999690800905,0.0017999999690800905,0.0017999999690800905,0.0,0.0017999999690800905
2020-04-20,0.0017999999690800905,0.0017999999690800905,0.0017999999690800905,0.0017999999690800905,0.0,0.0017999999690800905
2020-04-21,0.0017999999690800905,0.0017999999690800905,0.0017999999690800905,0.0017999999690800905,0.0,0.0017999999690800905
2020-04-22,0.0017999999690800905,0.0017999999690800905,0.0017999999690800905,0.0017999999690800905,0.0,0.0017999999690800905
2020-04-23,0.0017999999690800905,0.0017999999690800905,0.0017999999690800905,0.0017999999690800905,0.0,0.0017999999690800905
2020-04-24,0.0017999999690800905,0.0017999999690800905,0.0017999999690800905,0.0017999999690800905,0.0,0.0017999999690800905
2020-04-27,0.0017999999690800905,0.0017999999690800905,0.0017999999690800905,0.0017999999690800905,0.0,0.0017999999690800905
2020-04-28,0.0017999999690800905,0.0017999999690800905,0.0017999999690800905,0.0017999999690800905,0.0,0.0017999999690800905
2020-04-29,0.0024999999441206455,0.001500000013038516,0.001500000013038516,0.0024999999441206455,5020.0,0.0024999999441206455
2020-04-30,0.0024999999441206455,0.0024999999441206455,0.0024999999441206455,0.0024999999441206455,0.0,0.0024999999441206455
2020-05-01,0.0024999999441206455,0.0024999999441206455,0.0024999999441206455,0.0024999999441206455,0.0,0.0024999999441206455
2020-05-04,0.0024999999441206455,0.0024999999441206455,0.0024999999441206455,0.0024999999441206455,0.0,0.0024999999441206455
2020-05-05,0.0024999999441206455,0.0024999999441206455,0.0024999999441206455,0.0024999999441206455,0.0,0.0024999999441206455
2020-05-06,0.0024999999441206455,0.0024999999441206455,0.0024999999441206455,0.0024999999441206455,0.0,0.0024999999441206455
2020-05-07,0.0024999999441206455,0.0024999999441206455,0.0024999999441206455,0.0024999999441206455,0.0,0.0024999999441206455
2020-05-08,0.0024999999441206455,0.0024900001008063555,0.0024999999441206455,0.0024999999441206455,21968.0,0.0024999999441206455
2020-05-11,0.0024999999441206455,0.0024999999441206455,0.0024999999441206455,0.0024999999441206455,0.0,0.0024999999441206455
2020-05-12,0.0024999999441206455,0.0024999999441206455,0.0024999999441206455,0.0024999999441206455,0.0,0.0024999999441206455
2020-05-13,0.0024999999441206455,0.0024999999441206455,0.0024999999441206455,0.0024999999441206455,0.0,0.0024999999441206455
2020-05-14,0.0024999999441206455,0.0024999999441206455,0.0024999999441206455,0.0024999999441206455,0.0,0.0024999999441206455
2020-05-15,0.0024999999441206455,0.0024999999441206455,0.0024999999441206455,0.0024999999441206455,0.0,0.0024999999441206455
2020-05-18,0.0024999999441206455,0.0024999999441206455,0.0024999999441206455,0.0024999999441206455,0.0,0.0024999999441206455
2020-05-19,0.0024999999441206455,0.0024999999441206455,0.0024999999441206455,0.0024999999441206455,0.0,0.0024999999441206455
2020-05-20,0.001500000013038516,0.001500000013038516,0.001500000013038516,0.001500000013038516,200.0,0.001500000013038516
2020-05-21,0.001500000013038516,0.001500000013038516,0.001500000013038516,0.001500000013038516,0.0,0.001500000013038516
2020-05-22,0.001500000013038516,0.001500000013038516,0.001500000013038516,0.001500000013038516,0.0,0.001500000013038516
2020-05-26,0.001500000013038516,0.001500000013038516,0.001500000013038516,0.001500000013038516,0.0,0.001500000013038516
2020-05-27,0.001500000013038516,0.001500000013038516,0.001500000013038516,0.001500000013038516,0.0,0.001500000013038516
2020-05-28,0.001500000013038516,0.001500000013038516,0.001500000013038516,0.001500000013038516,0.0,0.001500000013038516
2020-05-29,0.001500000013038516,0.001500000013038516,0.001500000013038516,0.001500000013038516,0.0,0.001500000013038516
2020-06-01,0.001500000013038516,0.001500000013038516,0.001500000013038516,0.001500000013038516,0.0,0.001500000013038516
2020-06-02,0.001500000013038516,0.001500000013038516,0.001500000013038516,0.001500000013038516,0.0,0.001500000013038516
2020-06-03,0.001500000013038516,0.001500000013038516,0.001500000013038516,0.001500000013038516,0.0,0.001500000013038516
2020-06-04,0.001500000013038516,0.001500000013038516,0.001500000013038516,0.001500000013038516,0.0,0.001500000013038516
2020-06-05,0.001500000013038516,0.001500000013038516,0.001500000013038516,0.001500000013038516,0.0,0.001500000013038516
2020-06-08,0.00139999995008111,0.00139999995008111,0.00139999995008111,0.00139999995008111,150000.0,0.00139999995008111
2020-06-09,0.00139999995008111,0.00139999995008111,0.00139999995008111,0.00139999995008111,0.0,0.00139999995008111
2020-06-10,0.00139999995008111,0.00139999995008111,0.00139999995008111,0.00139999995008111,0.0,0.00139999995008111
2020-06-11,0.00139999995008111,0.00139999995008111,0.00139999995008111,0.00139999995008111,0.0,0.00139999995008111
2020-06-12,0.00139999995008111,0.00139999995008111,0.00139999995008111,0.00139999995008111,0.0,0.00139999995008111
2020-06-15,0.00139999995008111,0.00139999995008111,0.00139999995008111,0.00139999995008111,0.0,0.00139999995008111
2020-06-16,0.00139999995008111,0.00139999995008111,0.00139999995008111,0.00139999995008111,0.0,0.00139999995008111
2020-06-17,0.00139999995008111,0.00139999995008111,0.00139999995008111,0.00139999995008111,0.0,0.00139999995008111
2020-06-18,0.00139999995008111,0.00139999995008111,0.00139999995008111,0.00139999995008111,0.0,0.00139999995008111
2020-06-19,0.00139999995008111,0.00139999995008111,0.00139999995008111,0.00139999995008111,0.0,0.00139999995008111
2020-06-22,0.00139999995008111,0.00139999995008111,0.00139999995008111,0.00139999995008111,0.0,0.00139999995008111
2020-06-23,0.00139999995008111,0.00139999995008111,0.00139999995008111,0.00139999995008111,0.0,0.00139999995008111
2020-06-24,0.00139999995008111,0.00139999995008111,0.00139999995008111,0.00139999995008111,0.0,0.00139999995008111
2020-06-25,0.00139999995008111,0.00139999995008111,0.00139999995008111,0.00139999995008111,0.0,0.00139999995008111
2020-06-26,0.0024999999441206455,0.0024999999441206455,0.0024999999441206455,0.0024999999441206455,100000.0,0.0024999999441206455
2020-06-29,0.0024999999441206455,0.0024999999441206455,0.0024999999441206455,0.0024999999441206455,0.0,0.0024999999441206455
2020-06-30,0.0024999999441206455,0.0024999999441206455,0.0024999999441206455,0.0024999999441206455,0.0,0.0024999999441206455
2020-07-01,0.0020000000949949026,0.0020000000949949026,0.0020000000949949026,0.0020000000949949026,39401.0,0.0020000000949949026
2020-07-02,0.0020000000949949026,0.0020000000949949026,0.0020000000949949026,0.0020000000949949026,0.0,0.0020000000949949026
2020-07-06,0.0020000000949949026,0.0020000000949949026,0.0020000000949949026,0.0020000000949949026,0.0,0.0020000000949949026
2020-07-07,0.0020000000949949026,0.0020000000949949026,0.0020000000949949026,0.0020000000949949026,0.0,0.0020000000949949026
2020-07-08,0.0020000000949949026,0.0020000000949949026,0.0020000000949949026,0.0020000000949949026,0.0,0.0020000000949949026
2020-07-09,0.0020000000949949026,0.0020000000949949026,0.0020000000949949026,0.0020000000949949026,0.0,0.0020000000949949026
2020-07-10,0.0020000000949949026,0.0020000000949949026,0.0020000000949949026,0.0020000000949949026,0.0,0.0020000000949949026
2020-07-13,0.0020000000949949026,0.0020000000949949026,0.0020000000949949026,0.0020000000949949026,0.0,0.0020000000949949026
2020-07-14,0.0020000000949949026,0.0020000000949949026,0.0020000000949949026,0.0020000000949949026,16000.0,0.0020000000949949026
2020-07-15,0.0020000000949949026,0.0020000000949949026,0.0020000000949949026,0.0020000000949949026,0.0,0.0020000000949949026
2020-07-16,0.0020000000949949026,0.0020000000949949026,0.0020000000949949026,0.0020000000949949026,0.0,0.0020000000949949026
2020-07-17,0.0020000000949949026,0.0020000000949949026,0.0020000000949949026,0.0020000000949949026,0.0,0.0020000000949949026
2020-07-20,0.0020000000949949026,0.0020000000949949026,0.0020000000949949026,0.0020000000949949026,0.0,0.0020000000949949026
2020-07-21,0.0020000000949949026,0.0020000000949949026,0.0020000000949949026,0.0020000000949949026,2160.0,0.0020000000949949026
2020-07-22,0.0020000000949949026,0.0020000000949949026,0.0020000000949949026,0.0020000000949949026,0.0,0.0020000000949949026
2020-07-23,0.0020000000949949026,0.0020000000949949026,0.0020000000949949026,0.0020000000949949026,0.0,0.0020000000949949026
2020-07-24,0.0020000000949949026,0.0020000000949949026,0.0020000000949949026,0.0020000000949949026,0.0,0.0020000000949949026
2020-07-27,0.0020000000949949026,0.0020000000949949026,0.0020000000949949026,0.0020000000949949026,0.0,0.0020000000949949026
2020-07-28,0.0020000000949949026,0.0020000000949949026,0.0020000000949949026,0.0020000000949949026,0.0,0.0020000000949949026
2020-07-29,0.0020000000949949026,0.0020000000949949026,0.0020000000949949026,0.0020000000949949026,0.0,0.0020000000949949026
2020-07-30,0.0020000000949949026,0.0020000000949949026,0.0020000000949949026,0.0020000000949949026,0.0,0.0020000000949949026
2020-07-31,0.0020000000949949026,0.0020000000949949026,0.0020000000949949026,0.0020000000949949026,0.0,0.0020000000949949026
2020-08-03,0.0035000001080334187,0.003000000026077032,0.0035000001080334187,0.003000000026077032,360000.0,0.003000000026077032
2020-08-04,0.003000000026077032,0.003000000026077032,0.003000000026077032,0.003000000026077032,0.0,0.003000000026077032
2020-08-05,0.003000000026077032,0.003000000026077032,0.003000000026077032,0.003000000026077032,0.0,0.003000000026077032
2020-08-06,0.006899999920278788,0.004999999888241291,0.005400000140070915,0.004999999888241291,205000.0,0.004999999888241291
2020-08-07,0.006500000134110451,0.0035000001080334187,0.0035000001080334187,0.006500000134110451,135550.0,0.006500000134110451
2020-08-10,0.007000000216066837,0.00419999985024333,0.007000000216066837,0.00419999985024333,65000.0,0.00419999985024333
2020-08-11,0.006500000134110451,0.005750000011175871,0.006130000110715628,0.006000000052154064,345000.0,0.006000000052154064
2020-08-12,0.005499999970197678,0.005499999970197678,0.005499999970197678,0.005499999970197678,10000.0,0.005499999970197678
2020-08-13,0.005499999970197678,0.005499999970197678,0.005499999970197678,0.005499999970197678,240000.0,0.005499999970197678
2020-08-14,0.005499999970197678,0.005499999970197678,0.005499999970197678,0.005499999970197678,250000.0,0.005499999970197678
2020-08-17,0.005499999970197678,0.005499999970197678,0.005499999970197678,0.005499999970197678,0.0,0.005499999970197678
2020-08-18,0.006000000052154064,0.006000000052154064,0.006000000052154064,0.006000000052154064,10000.0,0.006000000052154064
2020-08-19,0.006000000052154064,0.006000000052154064,0.006000000052154064,0.006000000052154064,0.0,0.006000000052154064
2020-08-20,0.006000000052154064,0.006000000052154064,0.006000000052154064,0.006000000052154064,0.0,0.006000000052154064
2020-08-21,0.006000000052154064,0.006000000052154064,0.006000000052154064,0.006000000052154064,0.0,0.006000000052154064
2020-08-24,0.006000000052154064,0.006000000052154064,0.006000000052154064,0.006000000052154064,0.0,0.006000000052154064
2020-08-25,0.006000000052154064,0.006000000052154064,0.006000000052154064,0.006000000052154064,0.0,0.006000000052154064
2020-08-26,0.006000000052154064,0.006000000052154064,0.006000000052154064,0.006000000052154064,0.0,0.006000000052154064
2020-08-27,0.006000000052154064,0.006000000052154064,0.006000000052154064,0.006000000052154064,0.0,0.006000000052154064
2020-08-28,0.006000000052154064,0.006000000052154064,0.006000000052154064,0.006000000052154064,0.0,0.006000000052154064
2020-08-31,0.010010000318288803,0.0066999997943639755,0.0066999997943639755,0.008910000324249268,310000.0,0.008910000324249268
2020-09-01,0.008200000040233135,0.008200000040233135,0.008200000040233135,0.008200000040233135,10000.0,0.008200000040233135
2020-09-02,0.008949999697506428,0.008700000122189522,0.008949999697506428,0.008700000122189522,120000.0,0.008700000122189522
2020-09-03,0.008700000122189522,0.008700000122189522,0.008700000122189522,0.008700000122189522,0.0,0.008700000122189522
2020-09-04,0.007499999832361937,0.007499999832361937,0.007499999832361937,0.007499999832361937,75200.0,0.007499999832361937
2020-09-08,0.008379999548196793,0.007499999832361937,0.008379999548196793,0.007499999832361937,44800.0,0.007499999832361937
2020-09-09,0.007499999832361937,0.007499999832361937,0.007499999832361937,0.007499999832361937,0.0,0.007499999832361937
2020-09-10,0.007840000092983246,0.007840000092983246,0.007840000092983246,0.007840000092983246,550.0,0.007840000092983246
2020-09-11,0.007840000092983246,0.007840000092983246,0.007840000092983246,0.007840000092983246,0.0,0.007840000092983246
2020-09-14,0.00800000037997961,0.00800000037997961,0.00800000037997961,0.00800000037997961,100000.0,0.00800000037997961
2020-09-15,0.00800000037997961,0.00800000037997961,0.00800000037997961,0.00800000037997961,0.0,0.00800000037997961
2020-09-16,0.00800000037997961,0.00800000037997961,0.00800000037997961,0.00800000037997961,0.0,0.00800000037997961
2020-09-17,0.007000000216066837,0.005499999970197678,0.007000000216066837,0.007000000216066837,487500.0,0.007000000216066837
2020-09-21,0.007000000216066837,0.005499999970197678,0.005499999970197678,0.007000000216066837,170000.0,0.007000000216066837
2020-09-22,0.007000000216066837,0.007000000216066837,0.007000000216066837,0.007000000216066837,0.0,0.007000000216066837
2020-09-23,0.007000000216066837,0.007000000216066837,0.007000000216066837,0.007000000216066837,0.0,0.007000000216066837
2020-09-24,0.007000000216066837,0.007000000216066837,0.007000000216066837,0.007000000216066837,0.0,0.007000000216066837
2020-09-25,0.006500000134110451,0.006000000052154064,0.006000000052154064,0.006500000134110451,100000.0,0.006500000134110451
2020-09-28,0.005690000019967556,0.005499999970197678,0.005690000019967556,0.005499999970197678,50000.0,0.005499999970197678
2020-09-29,0.005499999970197678,0.005499999970197678,0.005499999970197678,0.005499999970197678,0.0,0.005499999970197678
2020-09-30,0.006889999844133854,0.006000000052154064,0.006500000134110451,0.006500000134110451,60000.0,0.006500000134110451
2020-10-01,0.007000000216066837,0.007000000216066837,0.007000000216066837,0.007000000216066837,5000.0,0.007000000216066837
2020-10-02,0.007000000216066837,0.007000000216066837,0.007000000216066837,0.007000000216066837,0.0,0.007000000216066837
2020-10-05,0.007000000216066837,0.007000000216066837,0.007000000216066837,0.007000000216066837,0.0,0.007000000216066837
2020-10-06,0.007000000216066837,0.007000000216066837,0.007000000216066837,0.007000000216066837,0.0,0.007000000216066837
2020-10-07,0.007000000216066837,0.007000000216066837,0.007000000216066837,0.007000000216066837,0.0,0.007000000216066837
2020-10-08,0.005549999885261059,0.005499999970197678,0.005549999885261059,0.005499999970197678,30000.0,0.005499999970197678
2020-10-09,0.00989999994635582,0.00989999994635582,0.00989999994635582,0.00989999994635582,1000.0,0.00989999994635582
2020-10-12,0.006000000052154064,0.005900000222027302,0.006000000052154064,0.005900000222027302,61000.0,0.005900000222027302
2020-10-13,0.007300000172108412,0.006000000052154064,0.006000000052154064,0.007300000172108412,350000.0,0.007300000172108412
2020-10-14,0.007300000172108412,0.007300000172108412,0.007300000172108412,0.007300000172108412,0.0,0.007300000172108412
2020-10-15,0.008249999955296516,0.0076299998909235,0.008249999955296516,0.0076299998909235,6000.0,0.0076299998909235
2020-10-16,0.0076299998909235,0.0076299998909235,0.0076299998909235,0.0076299998909235,0.0,0.0076299998909235
2020-10-19,0.0076299998909235,0.0076299998909235,0.0076299998909235,0.0076299998909235,0.0,0.0076299998909235
2020-10-20,0.0076299998909235,0.0076299998909235,0.0076299998909235,0.0076299998909235,0.0,0.0076299998909235
2020-10-21,0.00800000037997961,0.006000000052154064,0.007000000216066837,0.00800000037997961,69200.0,0.00800000037997961
2020-10-22,0.008500000461935997,0.006000000052154064,0.006000000052154064,0.00795000046491623,58014.0,0.00795000046491623
2020-10-23,0.00795000046491623,0.00795000046491623,0.00795000046491623,0.00795000046491623,0.0,0.00795000046491623
2020-10-26,0.00795000046491623,0.00795000046491623,0.00795000046491623,0.00795000046491623,0.0,0.00795000046491623
2020-10-27,0.008750000037252903,0.008750000037252903,0.008750000037252903,0.008750000037252903,1000.0,0.008750000037252903
2020-10-28,0.006599999964237213,0.006500000134110451,0.006599999964237213,0.006500000134110451,27300.0,0.006500000134110451
2020-10-29,0.006500000134110451,0.006500000134110451,0.006500000134110451,0.006500000134110451,0.0,0.006500000134110451
2020-10-30,0.006500000134110451,0.006500000134110451,0.006500000134110451,0.006500000134110451,0.0,0.006500000134110451
2020-11-02,0.00989999994635582,0.00989999994635582,0.00989999994635582,0.00989999994635582,853.0,0.00989999994635582
2020-11-03,0.00989999994635582,0.00989999994635582,0.00989999994635582,0.00989999994635582,0.0,0.00989999994635582
2020-11-04,0.00989999994635582,0.00989999994635582,0.00989999994635582,0.00989999994635582,0.0,0.00989999994635582
2020-11-05,0.005900000222027302,0.005900000222027302,0.005900000222027302,0.005900000222027302,20000.0,0.005900000222027302
2020-11-06,0.005900000222027302,0.005900000222027302,0.005900000222027302,0.005900000222027302,0.0,0.005900000222027302
2020-11-09,0.007699999958276749,0.003000000026077032,0.005900000222027302,0.006949999835342169,534000.0,0.006949999835342169
2020-11-10,0.008999999612569809,0.002099999925121665,0.002099999925121665,0.004000000189989805,945600.0,0.004000000189989805
2020-11-11,0.004000000189989805,0.004000000189989805,0.004000000189989805,0.004000000189989805,0.0,0.004000000189989805
2020-11-12,0.004000000189989805,0.004000000189989805,0.004000000189989805,0.004000000189989805,0.0,0.004000000189989805
2020-11-13,0.004000000189989805,0.004000000189989805,0.004000000189989805,0.004000000189989805,0.0,0.004000000189989805
2020-11-16,0.005499999970197678,0.005499999970197678,0.005499999970197678,0.005499999970197678,50000.0,0.005499999970197678
2020-11-17,0.005499999970197678,0.005499999970197678,0.005499999970197678,0.005499999970197678,0.0,0.005499999970197678
