Date,High,Low,Open,Close,Volume,Adj Close
2009-01-02,4.46999979019165,4.070000171661377,4.199999809265137,4.329999923706055,22900,4.329999923706055
2009-01-05,5.150000095367432,4.059999942779541,4.309999942779541,4.920000076293945,179100,4.920000076293945
2009-01-06,5.090000152587891,4.630000114440918,4.960000038146973,4.929999828338623,109200,4.929999828338623
2009-01-07,4.920000076293945,4.71999979019165,4.769999980926514,4.829999923706055,38100,4.829999923706055
2009-01-08,5.0,4.730000019073486,4.789999961853027,4.900000095367432,26000,4.900000095367432
2009-01-09,5.0,4.440000057220459,4.900000095367432,4.480000019073486,89700,4.480000019073486
2009-01-12,4.670000076293945,4.260000228881836,4.449999809265137,4.460000038146973,67100,4.460000038146973
2009-01-13,4.639999866485596,4.25,4.440000057220459,4.300000190734863,123500,4.300000190734863
2009-01-14,4.420000076293945,4.230000019073486,4.25,4.300000190734863,120600,4.300000190734863
2009-01-15,4.599999904632568,4.269999980926514,4.309999942779541,4.510000228881836,49400,4.510000228881836
2009-01-16,4.599999904632568,4.400000095367432,4.53000020980835,4.46999979019165,38800,4.46999979019165
2009-01-20,4.420000076293945,4.25,4.349999904632568,4.25,49700,4.25
2009-01-21,4.929999828338623,4.25,4.309999942779541,4.929999828338623,56800,4.929999828338623
2009-01-22,4.960000038146973,4.559999942779541,4.929999828338623,4.880000114440918,58000,4.880000114440918
2009-01-23,4.800000190734863,4.550000190734863,4.75,4.710000038146973,36500,4.710000038146973
2009-01-26,4.949999809265137,4.679999828338623,4.730000019073486,4.78000020980835,31700,4.78000020980835
2009-01-27,5.019999980926514,4.760000228881836,4.789999961853027,4.880000114440918,52300,4.880000114440918
2009-01-28,5.010000228881836,4.820000171661377,4.960000038146973,5.0,37300,5.0
2009-01-29,4.989999771118164,4.590000152587891,4.940000057220459,4.730000019073486,46400,4.730000019073486
2009-01-30,4.829999923706055,4.269999980926514,4.800000190734863,4.539999961853027,69200,4.539999961853027
2009-02-02,5.0,4.480000019073486,4.480000019073486,4.940000057220459,97900,4.940000057220459
2009-02-03,4.989999771118164,4.679999828338623,4.989999771118164,4.889999866485596,41000,4.889999866485596
2009-02-04,5.0,4.789999961853027,4.880000114440918,4.880000114440918,40000,4.880000114440918
2009-02-05,5.0,4.800000190734863,4.820000171661377,4.880000114440918,36900,4.880000114440918
2009-02-06,5.010000228881836,4.860000133514404,4.860000133514404,5.0,57300,5.0
2009-02-09,4.960000038146973,4.769999980926514,4.949999809265137,4.849999904632568,48300,4.849999904632568
2009-02-10,5.0,4.699999809265137,4.840000152587891,4.710000038146973,116200,4.710000038146973
2009-02-11,4.800000190734863,4.699999809265137,4.75,4.760000228881836,44700,4.760000228881836
2009-02-12,4.860000133514404,4.449999809265137,4.690000057220459,4.800000190734863,52200,4.800000190734863
2009-02-13,4.940000057220459,4.630000114440918,4.800000190734863,4.730000019073486,20100,4.730000019073486
2009-02-17,4.630000114440918,4.300000190734863,4.510000228881836,4.53000020980835,63600,4.53000020980835
2009-02-18,4.690000057220459,4.489999771118164,4.570000171661377,4.559999942779541,76600,4.559999942779541
2009-02-19,4.670000076293945,4.369999885559082,4.630000114440918,4.550000190734863,42200,4.550000190734863
2009-02-20,4.75,4.429999828338623,4.460000038146973,4.699999809265137,48800,4.699999809265137
2009-02-23,4.75,4.369999885559082,4.75,4.369999885559082,34000,4.369999885559082
2009-02-24,4.670000076293945,4.460000038146973,4.480000019073486,4.599999904632568,50700,4.599999904632568
2009-02-25,4.630000114440918,4.190000057220459,4.519999980926514,4.480000019073486,43600,4.480000019073486
2009-02-26,4.570000171661377,4.25,4.519999980926514,4.260000228881836,62600,4.260000228881836
2009-02-27,4.309999942779541,4.110000133514404,4.190000057220459,4.110000133514404,39700,4.110000133514404
2009-03-02,4.099999904632568,3.880000114440918,4.039999961853027,3.9000000953674316,104000,3.9000000953674316
2009-03-03,3.9700000286102295,3.5399999618530273,3.9700000286102295,3.6500000953674316,85800,3.6500000953674316
2009-03-04,3.7699999809265137,3.630000114440918,3.7200000286102295,3.740000009536743,71300,3.740000009536743
2009-03-05,3.6500000953674316,3.5,3.640000104904175,3.5,85100,3.5
2009-03-06,3.569999933242798,3.369999885559082,3.5399999618530273,3.5199999809265137,64300,3.5199999809265137
2009-03-09,3.5899999141693115,3.2300000190734863,3.490000009536743,3.25,46200,3.25
2009-03-10,3.5899999141693115,3.309999942779541,3.430000066757202,3.450000047683716,63200,3.450000047683716
2009-03-11,3.569999933242798,3.2799999713897705,3.490000009536743,3.299999952316284,27400,3.299999952316284
2009-03-12,3.9000000953674316,3.2899999618530273,3.2899999618530273,3.869999885559082,53700,3.869999885559082
2009-03-13,4.239999771118164,3.7899999618530273,3.880000114440918,4.170000076293945,37900,4.170000076293945
2009-03-16,4.28000020980835,3.8299999237060547,4.28000020980835,3.950000047683716,41900,3.950000047683716
2009-03-17,4.050000190734863,3.7300000190734863,3.930000066757202,4.050000190734863,27500,4.050000190734863
2009-03-18,4.619999885559082,4.039999961853027,4.039999961853027,4.619999885559082,60400,4.619999885559082
2009-03-19,4.800000190734863,4.199999809265137,4.25,4.769999980926514,52800,4.769999980926514
2009-03-20,4.929999828338623,4.420000076293945,4.800000190734863,4.5,109500,4.5
2009-03-23,5.090000152587891,4.659999847412109,4.679999828338623,5.090000152587891,129700,5.090000152587891
2009-03-24,5.150000095367432,4.949999809265137,5.010000228881836,4.960000038146973,43400,4.960000038146973
2009-03-25,5.25,4.769999980926514,5.03000020980835,5.039999961853027,26800,5.039999961853027
2009-03-26,5.300000190734863,5.079999923706055,5.110000133514404,5.300000190734863,57200,5.300000190734863
2009-03-27,5.46999979019165,5.090000152587891,5.150000095367432,5.110000133514404,39800,5.110000133514404
2009-03-30,4.929999828338623,4.610000133514404,4.929999828338623,4.829999923706055,42100,4.829999923706055
2009-03-31,5.079999923706055,4.840000152587891,4.929999828338623,4.909999847412109,34900,4.909999847412109
2009-04-01,5.150000095367432,4.739999771118164,4.78000020980835,5.059999942779541,32200,5.059999942779541
2009-04-02,5.630000114440918,5.159999847412109,5.199999809265137,5.630000114440918,88800,5.630000114440918
2009-04-03,5.800000190734863,5.550000190734863,5.550000190734863,5.690000057220459,34400,5.690000057220459
2009-04-06,5.659999847412109,5.199999809265137,5.610000133514404,5.269999980926514,51800,5.269999980926514
2009-04-07,5.269999980926514,4.889999866485596,5.170000076293945,5.0,61500,5.0
2009-04-08,5.519999980926514,5.070000171661377,5.070000171661377,5.519999980926514,39400,5.519999980926514
2009-04-09,5.880000114440918,5.590000152587891,5.699999809265137,5.699999809265137,98100,5.699999809265137
2009-04-13,5.610000133514404,5.329999923706055,5.610000133514404,5.449999809265137,30700,5.449999809265137
2009-04-14,5.639999866485596,5.25,5.489999771118164,5.28000020980835,39400,5.28000020980835
2009-04-15,5.28000020980835,5.159999847412109,5.239999771118164,5.28000020980835,20900,5.28000020980835
2009-04-16,5.659999847412109,5.190000057220459,5.28000020980835,5.650000095367432,36500,5.650000095367432
2009-04-17,5.699999809265137,5.409999847412109,5.670000076293945,5.460000038146973,82000,5.460000038146973
2009-04-20,5.260000228881836,4.849999904632568,5.260000228881836,4.849999904632568,55500,4.849999904632568
2009-04-21,5.440000057220459,4.809999942779541,4.829999923706055,5.440000057220459,57000,5.440000057220459
2009-04-22,5.829999923706055,5.360000133514404,5.360000133514404,5.579999923706055,64900,5.579999923706055
2009-04-23,5.650000095367432,5.110000133514404,5.579999923706055,5.139999866485596,40900,5.139999866485596
2009-04-24,5.400000095367432,5.019999980926514,5.21999979019165,5.329999923706055,78800,5.329999923706055
2009-04-27,5.340000152587891,4.849999904632568,5.340000152587891,4.920000076293945,55100,4.920000076293945
2009-04-28,5.079999923706055,4.820000171661377,4.880000114440918,4.96999979019165,45400,4.96999979019165
2009-04-29,5.599999904632568,4.96999979019165,5.010000228881836,5.599999904632568,44700,5.599999904632568
2009-04-30,5.75,5.360000133514404,5.639999866485596,5.360000133514404,55500,5.360000133514404
2009-05-01,5.400000095367432,5.059999942779541,5.400000095367432,5.260000228881836,41300,5.260000228881836
2009-05-04,5.590000152587891,5.199999809265137,5.309999942779541,5.570000171661377,73300,5.570000171661377
2009-05-05,5.670000076293945,5.409999847412109,5.510000228881836,5.5,82100,5.5
2009-05-06,5.550000190734863,4.880000114440918,5.5,4.900000095367432,107500,4.900000095367432
2009-05-07,5.130000114440918,4.809999942779541,5.090000152587891,4.889999866485596,84000,4.889999866485596
2009-05-08,5.139999866485596,4.880000114440918,5.0,5.090000152587891,49100,5.090000152587891
2009-05-11,5.03000020980835,4.880000114440918,5.019999980926514,4.900000095367432,32200,4.900000095367432
2009-05-12,4.920000076293945,4.789999961853027,4.920000076293945,4.820000171661377,44300,4.820000171661377
2009-05-13,4.820000171661377,4.380000114440918,4.75,4.380000114440918,54900,4.380000114440918
2009-05-14,4.590000152587891,4.309999942779541,4.360000133514404,4.519999980926514,45700,4.519999980926514
2009-05-15,4.53000020980835,4.360000133514404,4.53000020980835,4.5,51900,4.5
2009-05-18,4.559999942779541,4.440000057220459,4.550000190734863,4.460000038146973,35200,4.460000038146973
2009-05-19,4.400000095367432,4.159999847412109,4.380000114440918,4.210000038146973,32700,4.210000038146973
2009-05-20,4.369999885559082,4.099999904632568,4.230000019073486,4.130000114440918,53300,4.130000114440918
2009-05-21,4.170000076293945,4.0,4.050000190734863,4.050000190734863,47000,4.050000190734863
2009-05-22,4.130000114440918,4.0,4.070000171661377,4.0,30800,4.0
2009-05-26,4.449999809265137,4.0,4.0,4.289999961853027,79400,4.289999961853027
2009-05-27,4.630000114440918,4.289999961853027,4.369999885559082,4.360000133514404,49500,4.360000133514404
2009-05-28,4.579999923706055,4.119999885559082,4.440000057220459,4.230000019073486,63900,4.230000019073486
2009-05-29,4.329999923706055,4.099999904632568,4.28000020980835,4.320000171661377,52900,4.320000171661377
2009-06-01,4.739999771118164,4.340000152587891,4.340000152587891,4.730000019073486,56800,4.730000019073486
2009-06-02,4.71999979019165,4.28000020980835,4.679999828338623,4.480000019073486,95800,4.480000019073486
2009-06-03,4.550000190734863,4.329999923706055,4.440000057220459,4.440000057220459,63500,4.440000057220459
2009-06-04,4.53000020980835,4.260000228881836,4.360000133514404,4.53000020980835,67600,4.53000020980835
2009-06-05,4.599999904632568,4.349999904632568,4.599999904632568,4.440000057220459,20500,4.440000057220459
2009-06-08,4.420000076293945,4.260000228881836,4.420000076293945,4.260000228881836,58200,4.260000228881836
2009-06-09,4.480000019073486,4.099999904632568,4.300000190734863,4.139999866485596,127300,4.139999866485596
2009-06-10,4.690000057220459,4.099999904632568,4.320000171661377,4.639999866485596,104600,4.639999866485596
2009-06-11,4.300000190734863,4.039999961853027,4.260000228881836,4.190000057220459,142200,4.190000057220459
2009-06-12,4.329999923706055,4.130000114440918,4.170000076293945,4.329999923706055,91300,4.329999923706055
2009-06-15,4.210000038146973,4.010000228881836,4.210000038146973,4.050000190734863,87600,4.050000190734863
2009-06-16,4.119999885559082,3.990000009536743,4.119999885559082,3.990000009536743,44000,3.990000009536743
2009-06-17,4.059999942779541,3.9800000190734863,3.9800000190734863,4.010000228881836,44000,4.010000228881836
2009-06-18,4.25,4.0,4.010000228881836,4.179999828338623,59900,4.179999828338623
2009-06-19,4.260000228881836,4.059999942779541,4.25,4.099999904632568,98800,4.099999904632568
2009-06-22,4.170000076293945,4.050000190734863,4.059999942779541,4.050000190734863,51600,4.050000190734863
2009-06-23,4.119999885559082,4.010000228881836,4.119999885559082,4.079999923706055,22200,4.079999923706055
2009-06-24,4.159999847412109,4.050000190734863,4.050000190734863,4.070000171661377,57700,4.070000171661377
2009-06-25,4.099999904632568,3.950000047683716,3.950000047683716,4.090000152587891,33400,4.090000152587891
2009-06-26,4.230000019073486,4.010000228881836,4.059999942779541,4.230000019073486,115800,4.230000019073486
2009-06-29,4.230000019073486,4.059999942779541,4.170000076293945,4.110000133514404,66500,4.110000133514404
2009-06-30,4.159999847412109,4.039999961853027,4.099999904632568,4.059999942779541,48800,4.059999942779541
2009-07-01,4.170000076293945,4.059999942779541,4.119999885559082,4.119999885559082,43800,4.119999885559082
2009-07-02,4.139999866485596,4.019999980926514,4.059999942779541,4.139999866485596,72400,4.139999866485596
2009-07-06,4.130000114440918,4.0,4.119999885559082,4.110000133514404,35000,4.110000133514404
2009-07-07,4.110000133514404,4.0,4.110000133514404,4.010000228881836,52700,4.010000228881836
2009-07-08,4.119999885559082,3.9700000286102295,4.050000190734863,3.9800000190734863,104500,3.9800000190734863
2009-07-09,4.260000228881836,3.9800000190734863,4.019999980926514,4.0,85100,4.0
2009-07-10,4.050000190734863,3.9700000286102295,3.9800000190734863,4.010000228881836,35800,4.010000228881836
2009-07-13,4.139999866485596,3.990000009536743,4.03000020980835,4.039999961853027,65400,4.039999961853027
2009-07-14,4.150000095367432,4.010000228881836,4.050000190734863,4.070000171661377,52100,4.070000171661377
2009-07-15,4.210000038146973,4.050000190734863,4.159999847412109,4.210000038146973,39000,4.210000038146973
2009-07-16,4.260000228881836,4.059999942779541,4.170000076293945,4.25,51400,4.25
2009-07-17,4.269999980926514,4.110000133514404,4.260000228881836,4.210000038146973,43400,4.210000038146973
2009-07-20,4.519999980926514,4.170000076293945,4.25,4.349999904632568,67100,4.349999904632568
2009-07-21,4.389999866485596,4.170000076293945,4.389999866485596,4.309999942779541,31700,4.309999942779541
2009-07-22,4.420000076293945,4.170000076293945,4.239999771118164,4.389999866485596,40700,4.389999866485596
2009-07-23,4.550000190734863,4.349999904632568,4.360000133514404,4.550000190734863,62000,4.550000190734863
2009-07-24,4.550000190734863,4.389999866485596,4.519999980926514,4.550000190734863,29700,4.550000190734863
2009-07-27,4.550000190734863,4.420000076293945,4.53000020980835,4.510000228881836,28900,4.510000228881836
2009-07-28,4.53000020980835,4.230000019073486,4.449999809265137,4.460000038146973,50100,4.460000038146973
2009-07-29,4.510000228881836,4.239999771118164,4.400000095367432,4.420000076293945,25100,4.420000076293945
2009-07-30,4.619999885559082,4.300000190734863,4.510000228881836,4.599999904632568,45100,4.599999904632568
2009-07-31,4.619999885559082,4.440000057220459,4.559999942779541,4.550000190734863,51300,4.550000190734863
2009-08-03,4.590000152587891,4.360000133514404,4.590000152587891,4.489999771118164,61000,4.489999771118164
2009-08-04,4.5,4.320000171661377,4.429999828338623,4.5,30000,4.5
2009-08-05,4.599999904632568,4.389999866485596,4.480000019073486,4.400000095367432,70100,4.400000095367432
2009-08-06,4.46999979019165,4.130000114440918,4.409999847412109,4.130000114440918,43000,4.130000114440918
2009-08-07,4.409999847412109,4.210000038146973,4.239999771118164,4.360000133514404,50500,4.360000133514404
2009-08-10,4.440000057220459,4.150000095367432,4.300000190734863,4.239999771118164,46600,4.239999771118164
2009-08-11,4.559999942779541,4.199999809265137,4.21999979019165,4.5,60700,4.5
2009-08-12,4.940000057220459,4.440000057220459,4.489999771118164,4.869999885559082,106900,4.869999885559082
2009-08-13,4.909999847412109,4.550000190734863,4.889999866485596,4.710000038146973,22800,4.710000038146973
2009-08-14,4.869999885559082,4.559999942779541,4.690000057220459,4.559999942779541,61400,4.559999942779541
2009-08-17,4.630000114440918,4.409999847412109,4.440000057220459,4.5,36500,4.5
2009-08-18,4.699999809265137,4.5,4.550000190734863,4.679999828338623,39200,4.679999828338623
2009-08-19,4.809999942779541,4.480000019073486,4.650000095367432,4.769999980926514,32700,4.769999980926514
2009-08-20,4.800000190734863,4.599999904632568,4.760000228881836,4.630000114440918,27000,4.630000114440918
2009-08-21,4.760000228881836,4.46999979019165,4.699999809265137,4.650000095367432,64000,4.650000095367432
2009-08-24,4.710000038146973,4.5,4.659999847412109,4.550000190734863,34200,4.550000190734863
2009-08-25,4.730000019073486,4.400000095367432,4.570000171661377,4.559999942779541,43800,4.559999942779541
2009-08-26,4.590000152587891,4.510000228881836,4.53000020980835,4.570000171661377,30700,4.570000171661377
2009-08-27,4.78000020980835,4.409999847412109,4.590000152587891,4.75,67900,4.75
2009-08-28,4.789999961853027,4.519999980926514,4.789999961853027,4.579999923706055,49300,4.579999923706055
2009-08-31,4.699999809265137,4.329999923706055,4.570000171661377,4.349999904632568,67500,4.349999904632568
2009-09-01,4.659999847412109,4.079999923706055,4.329999923706055,4.159999847412109,105100,4.159999847412109
2009-09-02,4.25,4.119999885559082,4.119999885559082,4.179999828338623,21600,4.179999828338623
2009-09-03,4.369999885559082,4.130000114440918,4.190000057220459,4.179999828338623,46000,4.179999828338623
2009-09-04,4.25,4.130000114440918,4.170000076293945,4.150000095367432,28300,4.150000095367432
2009-09-08,4.409999847412109,4.199999809265137,4.239999771118164,4.409999847412109,46200,4.409999847412109
2009-09-09,4.519999980926514,4.380000114440918,4.409999847412109,4.429999828338623,27100,4.429999828338623
2009-09-10,4.449999809265137,4.239999771118164,4.409999847412109,4.340000152587891,30300,4.340000152587891
2009-09-11,4.449999809265137,4.369999885559082,4.369999885559082,4.389999866485596,10800,4.389999866485596
2009-09-14,4.460000038146973,4.320000171661377,4.369999885559082,4.440000057220459,28800,4.440000057220459
2009-09-15,4.570000171661377,4.320000171661377,4.409999847412109,4.559999942779541,30700,4.559999942779541
2009-09-16,4.590000152587891,4.420000076293945,4.5,4.550000190734863,17500,4.550000190734863
2009-09-17,4.809999942779541,4.440000057220459,4.550000190734863,4.800000190734863,35000,4.800000190734863
2009-09-18,4.880000114440918,4.559999942779541,4.820000171661377,4.559999942779541,115000,4.559999942779541
2009-09-21,4.630000114440918,4.460000038146973,4.53000020980835,4.46999979019165,16300,4.46999979019165
2009-09-22,4.550000190734863,4.260000228881836,4.489999771118164,4.519999980926514,30200,4.519999980926514
2009-09-23,4.730000019073486,4.460000038146973,4.550000190734863,4.489999771118164,41700,4.489999771118164
2009-09-24,4.630000114440918,4.320000171661377,4.53000020980835,4.380000114440918,42700,4.380000114440918
2009-09-25,4.550000190734863,4.309999942779541,4.360000133514404,4.360000133514404,42500,4.360000133514404
2009-09-28,4.579999923706055,4.309999942779541,4.389999866485596,4.53000020980835,37800,4.53000020980835
2009-09-29,4.650000095367432,4.369999885559082,4.550000190734863,4.570000171661377,19000,4.570000171661377
2009-09-30,4.559999942779541,4.199999809265137,4.550000190734863,4.199999809265137,77300,4.199999809265137
2009-10-01,4.320000171661377,4.03000020980835,4.179999828338623,4.03000020980835,54100,4.03000020980835
2009-10-02,4.159999847412109,4.019999980926514,4.110000133514404,4.019999980926514,64800,4.019999980926514
2009-10-05,4.099999904632568,3.9200000762939453,3.9200000762939453,4.03000020980835,36000,4.03000020980835
2009-10-06,4.170000076293945,4.050000190734863,4.059999942779541,4.099999904632568,40600,4.099999904632568
2009-10-07,4.139999866485596,4.050000190734863,4.079999923706055,4.070000171661377,22800,4.070000171661377
2009-10-08,4.579999923706055,4.059999942779541,4.579999923706055,4.210000038146973,39400,4.210000038146973
2009-10-09,4.409999847412109,4.090000152587891,4.199999809265137,4.300000190734863,46300,4.300000190734863
2009-10-12,4.409999847412109,4.289999961853027,4.309999942779541,4.369999885559082,28500,4.369999885559082
2009-10-13,4.380000114440918,4.099999904632568,4.349999904632568,4.21999979019165,32800,4.21999979019165
2009-10-14,4.489999771118164,4.21999979019165,4.309999942779541,4.300000190734863,75700,4.300000190734863
2009-10-15,4.369999885559082,4.099999904632568,4.25,4.119999885559082,57900,4.119999885559082
2009-10-16,4.099999904632568,3.75,4.099999904632568,3.75,287800,3.75
2009-10-19,3.859999895095825,3.569999933242798,3.799999952316284,3.609999895095825,159700,3.609999895095825
2009-10-20,3.7100000381469727,3.5899999141693115,3.6500000953674316,3.6700000762939453,58200,3.6700000762939453
2009-10-21,3.950000047683716,3.6500000953674316,3.680000066757202,3.6500000953674316,77600,3.6500000953674316
2009-10-22,3.950000047683716,3.640000104904175,3.6500000953674316,3.9100000858306885,36500,3.9100000858306885
2009-10-23,3.9200000762939453,3.619999885559082,3.9100000858306885,3.619999885559082,41400,3.619999885559082
2009-10-26,3.7799999713897705,3.6700000762939453,3.7300000190734863,3.6700000762939453,56200,3.6700000762939453
2009-10-27,3.7699999809265137,3.6500000953674316,3.700000047683716,3.6600000858306885,42100,3.6600000858306885
2009-10-28,3.7799999713897705,3.6600000858306885,3.6600000858306885,3.700000047683716,33500,3.700000047683716
2009-10-29,3.75,3.609999895095825,3.740000009536743,3.640000104904175,58100,3.640000104904175
2009-10-30,3.640000104904175,3.569999933242798,3.609999895095825,3.569999933242798,62700,3.569999933242798
2009-11-02,3.640000104904175,3.569999933242798,3.5999999046325684,3.5799999237060547,49300,3.5799999237060547
2009-11-03,3.640000104904175,3.5199999809265137,3.569999933242798,3.5899999141693115,95100,3.5899999141693115
2009-11-04,3.6500000953674316,3.5,3.619999885559082,3.5,61400,3.5
2009-11-05,3.5899999141693115,3.509999990463257,3.549999952316284,3.559999942779541,29600,3.559999942779541
2009-11-06,3.569999933242798,3.5199999809265137,3.5199999809265137,3.569999933242798,15400,3.569999933242798
2009-11-09,3.5999999046325684,3.490000009536743,3.5399999618530273,3.5199999809265137,67900,3.5199999809265137
2009-11-10,3.5299999713897705,3.4700000286102295,3.490000009536743,3.4800000190734863,38800,3.4800000190734863
2009-11-11,3.5399999618530273,3.440000057220459,3.5299999713897705,3.4700000286102295,35100,3.4700000286102295
2009-11-12,3.4800000190734863,3.4200000762939453,3.4700000286102295,3.4200000762939453,68100,3.4200000762939453
2009-11-13,3.4800000190734863,3.4200000762939453,3.450000047683716,3.450000047683716,22600,3.450000047683716
2009-11-16,3.5999999046325684,3.4700000286102295,3.5,3.5399999618530273,72400,3.5399999618530273
2009-11-17,3.5799999237060547,3.430000066757202,3.5299999713897705,3.450000047683716,42600,3.450000047683716
2009-11-18,3.5,3.430000066757202,3.450000047683716,3.4600000381469727,42500,3.4600000381469727
2009-11-19,3.509999990463257,3.4000000953674316,3.440000057220459,3.440000057220459,140400,3.440000057220459
2009-11-20,3.5,3.3399999141693115,3.450000047683716,3.4200000762939453,74800,3.4200000762939453
2009-11-23,3.5299999713897705,3.4100000858306885,3.490000009536743,3.4700000286102295,74200,3.4700000286102295
2009-11-24,3.4800000190734863,3.3299999237060547,3.4600000381469727,3.430000066757202,59200,3.430000066757202
2009-11-25,3.5,3.4100000858306885,3.440000057220459,3.450000047683716,98300,3.450000047683716
2009-11-27,3.4200000762939453,3.3299999237060547,3.4200000762939453,3.3299999237060547,361600,3.3299999237060547
2009-11-30,3.5799999237060547,3.25,3.319999933242798,3.549999952316284,129300,3.549999952316284
2009-12-01,3.5899999141693115,3.4700000286102295,3.5399999618530273,3.559999942779541,56800,3.559999942779541
2009-12-02,3.819999933242798,3.549999952316284,3.549999952316284,3.7899999618530273,56200,3.7899999618530273
2009-12-03,3.819999933242798,3.5899999141693115,3.819999933242798,3.5999999046325684,42800,3.5999999046325684
2009-12-04,3.75,3.6500000953674316,3.6700000762939453,3.75,50300,3.75
2009-12-07,3.7799999713897705,3.7100000381469727,3.740000009536743,3.7799999713897705,33500,3.7799999713897705
2009-12-08,3.7899999618530273,3.5399999618530273,3.7300000190734863,3.7300000190734863,50000,3.7300000190734863
2009-12-09,3.7200000286102295,3.549999952316284,3.690000057220459,3.549999952316284,55000,3.549999952316284
2009-12-10,3.619999885559082,3.4000000953674316,3.549999952316284,3.430000066757202,37100,3.430000066757202
2009-12-11,3.630000114440918,3.4200000762939453,3.4200000762939453,3.5199999809265137,34300,3.5199999809265137
2009-12-14,3.6500000953674316,3.5399999618530273,3.549999952316284,3.5999999046325684,22700,3.5999999046325684
2009-12-15,3.75,3.559999942779541,3.5999999046325684,3.5999999046325684,77100,3.5999999046325684
2009-12-16,3.740000009536743,3.6500000953674316,3.6500000953674316,3.700000047683716,44900,3.700000047683716
2009-12-17,3.740000009536743,3.5799999237060547,3.680000066757202,3.7100000381469727,60400,3.7100000381469727
2009-12-18,3.7200000286102295,3.5799999237060547,3.609999895095825,3.7200000286102295,621800,3.7200000286102295
2009-12-21,3.740000009536743,3.4600000381469727,3.740000009536743,3.4600000381469727,147400,3.4600000381469727
2009-12-22,3.5,3.4200000762939453,3.4800000190734863,3.4200000762939453,53900,3.4200000762939453
2009-12-23,3.4800000190734863,3.4200000762939453,3.430000066757202,3.450000047683716,23800,3.450000047683716
2009-12-24,3.4600000381469727,3.4000000953674316,3.4100000858306885,3.430000066757202,22000,3.430000066757202
2009-12-28,3.430000066757202,3.380000114440918,3.380000114440918,3.4000000953674316,421500,3.4000000953674316
2009-12-29,3.5399999618530273,3.4100000858306885,3.4200000762939453,3.5299999713897705,37500,3.5299999713897705
2009-12-30,3.630000114440918,3.4600000381469727,3.559999942779541,3.5,94200,3.5
2009-12-31,3.7100000381469727,3.4000000953674316,3.509999990463257,3.680000066757202,84600,3.680000066757202
2010-01-04,3.740000009536743,3.6500000953674316,3.6600000858306885,3.740000009536743,98400,3.740000009536743
2010-01-05,3.7899999618530273,3.700000047683716,3.7899999618530273,3.7100000381469727,55000,3.7100000381469727
2010-01-06,3.7100000381469727,3.440000057220459,3.690000057220459,3.450000047683716,92400,3.450000047683716
2010-01-07,3.619999885559082,3.4600000381469727,3.4600000381469727,3.490000009536743,82900,3.490000009536743
2010-01-08,3.5799999237060547,3.5,3.509999990463257,3.509999990463257,18700,3.509999990463257
2010-01-11,3.569999933242798,3.5,3.5199999809265137,3.549999952316284,32500,3.549999952316284
2010-01-12,3.549999952316284,3.5,3.5299999713897705,3.5,38400,3.5
2010-01-13,3.569999933242798,3.4700000286102295,3.509999990463257,3.5299999713897705,36000,3.5299999713897705
2010-01-14,3.549999952316284,3.5,3.5299999713897705,3.5199999809265137,18500,3.5199999809265137
2010-01-15,3.5399999618530273,3.4200000762939453,3.5399999618530273,3.4600000381469727,74200,3.4600000381469727
2010-01-19,3.619999885559082,3.4200000762939453,3.490000009536743,3.5999999046325684,37900,3.5999999046325684
2010-01-20,3.609999895095825,3.4600000381469727,3.609999895095825,3.5,45500,3.5
2010-01-21,3.549999952316284,3.359999895095825,3.430000066757202,3.380000114440918,71000,3.380000114440918
2010-01-22,3.5399999618530273,3.3499999046325684,3.3499999046325684,3.450000047683716,44500,3.450000047683716
2010-01-25,3.4700000286102295,3.3399999141693115,3.4700000286102295,3.4000000953674316,40900,3.4000000953674316
2010-01-26,3.5299999713897705,3.359999895095825,3.359999895095825,3.430000066757202,44900,3.430000066757202
2010-01-27,3.490000009536743,3.4100000858306885,3.4100000858306885,3.4700000286102295,21400,3.4700000286102295
2010-01-28,3.509999990463257,3.4100000858306885,3.4700000286102295,3.4200000762939453,28100,3.4200000762939453
2010-01-29,3.490000009536743,3.4100000858306885,3.4200000762939453,3.430000066757202,36900,3.430000066757202
2010-02-01,3.450000047683716,3.4100000858306885,3.440000057220459,3.430000066757202,36300,3.430000066757202
2010-02-02,3.4600000381469727,3.309999942779541,3.4200000762939453,3.309999942779541,67900,3.309999942779541
2010-02-03,3.440000057220459,3.299999952316284,3.3399999141693115,3.319999933242798,44400,3.319999933242798
2010-02-04,3.390000104904175,3.299999952316284,3.3399999141693115,3.3299999237060547,68200,3.3299999237060547
2010-02-05,3.5199999809265137,3.3299999237060547,3.3299999237060547,3.5,33500,3.5
2010-02-08,3.509999990463257,3.319999933242798,3.490000009536743,3.319999933242798,38900,3.319999933242798
2010-02-09,3.4100000858306885,3.3399999141693115,3.369999885559082,3.4100000858306885,32000,3.4100000858306885
2010-02-10,3.5,3.359999895095825,3.380000114440918,3.5,30700,3.5
2010-02-11,3.6500000953674316,3.450000047683716,3.4800000190734863,3.6500000953674316,40700,3.6500000953674316
2010-02-12,3.7200000286102295,3.569999933242798,3.619999885559082,3.7200000286102295,32100,3.7200000286102295
2010-02-16,3.740000009536743,3.4700000286102295,3.740000009536743,3.5199999809265137,36300,3.5199999809265137
2010-02-17,3.549999952316284,3.359999895095825,3.5399999618530273,3.5399999618530273,39300,3.5399999618530273
2010-02-18,3.549999952316284,3.5,3.5199999809265137,3.5399999618530273,18800,3.5399999618530273
2010-02-19,3.5999999046325684,3.509999990463257,3.549999952316284,3.5299999713897705,31600,3.5299999713897705
2010-02-22,3.5999999046325684,3.440000057220459,3.5299999713897705,3.5899999141693115,25500,3.5899999141693115
2010-02-23,3.6500000953674316,3.490000009536743,3.5899999141693115,3.5299999713897705,25700,3.5299999713897705
2010-02-24,3.5799999237060547,3.4600000381469727,3.5299999713897705,3.5799999237060547,33800,3.5799999237060547
2010-02-25,3.549999952316284,3.4700000286102295,3.549999952316284,3.5299999713897705,36000,3.5299999713897705
2010-02-26,3.5799999237060547,3.4000000953674316,3.569999933242798,3.430000066757202,57600,3.430000066757202
2010-03-01,3.5999999046325684,3.440000057220459,3.440000057220459,3.5999999046325684,34500,3.5999999046325684
2010-03-02,3.619999885559082,3.4100000858306885,3.609999895095825,3.5299999713897705,62900,3.5299999713897705
2010-03-03,3.5399999618530273,3.4600000381469727,3.5399999618530273,3.4800000190734863,35700,3.4800000190734863
2010-03-04,3.5399999618530273,3.4600000381469727,3.5,3.5,46600,3.5
2010-03-05,3.5399999618530273,3.4800000190734863,3.5199999809265137,3.5,72400,3.5
2010-03-08,3.5399999618530273,3.4200000762939453,3.4200000762939453,3.4600000381469727,58300,3.4600000381469727
2010-03-09,3.5,3.369999885559082,3.4600000381469727,3.380000114440918,94500,3.380000114440918
2010-03-10,3.5,3.359999895095825,3.359999895095825,3.380000114440918,49600,3.380000114440918
2010-03-11,3.5299999713897705,3.359999895095825,3.359999895095825,3.490000009536743,55500,3.490000009536743
2010-03-12,3.559999942779541,3.450000047683716,3.5,3.4700000286102295,63300,3.4700000286102295
2010-03-15,3.569999933242798,3.450000047683716,3.5399999618530273,3.569999933242798,42900,3.569999933242798
2010-03-16,3.569999933242798,3.4800000190734863,3.569999933242798,3.5399999618530273,53600,3.5399999618530273
2010-03-17,3.549999952316284,3.5,3.549999952316284,3.5199999809265137,36200,3.5199999809265137
2010-03-18,3.5199999809265137,3.390000104904175,3.5199999809265137,3.4200000762939453,56900,3.4200000762939453
2010-03-19,3.5299999713897705,3.3499999046325684,3.5199999809265137,3.5199999809265137,157800,3.5199999809265137
2010-03-22,3.630000114440918,3.5199999809265137,3.5299999713897705,3.630000114440918,85700,3.630000114440918
2010-03-23,3.7200000286102295,3.559999942779541,3.630000114440918,3.690000057220459,60200,3.690000057220459
2010-03-24,3.700000047683716,3.5999999046325684,3.690000057220459,3.6600000858306885,35200,3.6600000858306885
2010-03-25,4.0,3.630000114440918,3.630000114440918,3.950000047683716,178700,3.950000047683716
2010-03-26,3.990000009536743,3.880000114440918,3.9600000381469727,3.9200000762939453,76800,3.9200000762939453
2010-03-29,3.950000047683716,3.880000114440918,3.9200000762939453,3.940000057220459,62300,3.940000057220459
2010-03-30,4.0,3.9200000762939453,3.940000057220459,3.950000047683716,72100,3.950000047683716
2010-03-31,3.9800000190734863,3.9200000762939453,3.9800000190734863,3.940000057220459,59200,3.940000057220459
2010-04-01,3.9800000190734863,3.8399999141693115,3.9800000190734863,3.9100000858306885,93400,3.9100000858306885
2010-04-05,3.9100000858306885,3.7799999713897705,3.9100000858306885,3.859999895095825,90500,3.859999895095825
2010-04-06,3.890000104904175,3.7899999618530273,3.8299999237060547,3.8499999046325684,48700,3.8499999046325684
2010-04-07,3.859999895095825,3.6600000858306885,3.819999933242798,3.690000057220459,114700,3.690000057220459
2010-04-08,3.799999952316284,3.6600000858306885,3.6600000858306885,3.75,305500,3.75
2010-04-09,3.759999990463257,3.680000066757202,3.759999990463257,3.690000057220459,33500,3.690000057220459
2010-04-12,3.759999990463257,3.6500000953674316,3.700000047683716,3.6700000762939453,71900,3.6700000762939453
2010-04-13,3.75,3.6500000953674316,3.6500000953674316,3.7300000190734863,46800,3.7300000190734863
2010-04-14,3.890000104904175,3.75,3.759999990463257,3.819999933242798,277400,3.819999933242798
2010-04-15,3.9800000190734863,3.819999933242798,3.8399999141693115,3.950000047683716,87000,3.950000047683716
2010-04-16,3.950000047683716,3.819999933242798,3.950000047683716,3.930000066757202,98500,3.930000066757202
2010-04-19,3.990000009536743,3.869999885559082,3.9800000190734863,3.880000114440918,96700,3.880000114440918
2010-04-20,3.940000057220459,3.869999885559082,3.880000114440918,3.9200000762939453,246500,3.9200000762939453
2010-04-21,3.930000066757202,3.9000000953674316,3.9100000858306885,3.9100000858306885,29800,3.9100000858306885
2010-04-22,4.050000190734863,3.869999885559082,3.869999885559082,4.050000190734863,133900,4.050000190734863
2010-04-23,4.139999866485596,3.9700000286102295,4.039999961853027,4.130000114440918,91800,4.130000114440918
2010-04-26,4.150000095367432,4.090000152587891,4.110000133514404,4.139999866485596,64400,4.139999866485596
2010-04-27,4.119999885559082,4.039999961853027,4.110000133514404,4.090000152587891,78700,4.090000152587891
2010-04-28,4.139999866485596,3.890000104904175,4.099999904632568,4.090000152587891,163300,4.090000152587891
2010-04-29,4.28000020980835,4.019999980926514,4.099999904632568,4.28000020980835,64500,4.28000020980835
2010-04-30,4.28000020980835,4.050000190734863,4.28000020980835,4.079999923706055,67900,4.079999923706055
2010-05-03,4.099999904632568,4.0,4.090000152587891,4.090000152587891,80900,4.090000152587891
2010-05-04,4.070000171661377,4.0,4.010000228881836,4.059999942779541,104700,4.059999942779541
2010-05-05,4.079999923706055,3.9600000381469727,4.03000020980835,3.9700000286102295,120100,3.9700000286102295
2010-05-06,4.110000133514404,3.9100000858306885,3.940000057220459,3.9100000858306885,103900,3.9100000858306885
2010-05-07,4.090000152587891,3.8499999046325684,3.940000057220459,3.859999895095825,105300,3.859999895095825
2010-05-10,4.079999923706055,3.869999885559082,4.03000020980835,3.940000057220459,89100,3.940000057220459
2010-05-11,4.119999885559082,3.9000000953674316,3.9000000953674316,4.119999885559082,80800,4.119999885559082
2010-05-12,4.239999771118164,4.099999904632568,4.119999885559082,4.21999979019165,64100,4.21999979019165
2010-05-13,4.21999979019165,4.099999904632568,4.190000057220459,4.139999866485596,25500,4.139999866485596
2010-05-14,4.190000057220459,4.0,4.099999904632568,4.03000020980835,38700,4.03000020980835
2010-05-17,4.190000057220459,3.9200000762939453,4.070000171661377,3.990000009536743,92800,3.990000009536743
2010-05-18,4.150000095367432,3.9800000190734863,4.059999942779541,4.0,42300,4.0
2010-05-19,4.099999904632568,4.0,4.010000228881836,4.0,94000,4.0
2010-05-20,3.9800000190734863,3.809999942779541,3.9100000858306885,3.809999942779541,82700,3.809999942779541
2010-05-21,4.010000228881836,3.759999990463257,3.809999942779541,3.869999885559082,83900,3.869999885559082
2010-05-24,3.869999885559082,3.6700000762939453,3.869999885559082,3.759999990463257,33200,3.759999990463257
2010-05-25,3.859999895095825,3.7200000286102295,3.740000009536743,3.8399999141693115,47900,3.8399999141693115
2010-05-26,3.950000047683716,3.809999942779541,3.8499999046325684,3.809999942779541,54100,3.809999942779541
2010-05-27,4.019999980926514,3.819999933242798,3.869999885559082,4.019999980926514,135200,4.019999980926514
2010-05-28,4.099999904632568,3.890000104904175,4.0,3.9200000762939453,70200,3.9200000762939453
2010-06-01,4.019999980926514,3.869999885559082,3.9000000953674316,3.880000114440918,65400,3.880000114440918
2010-06-02,3.9600000381469727,3.880000114440918,3.9200000762939453,3.930000066757202,29000,3.930000066757202
2010-06-03,4.019999980926514,3.9000000953674316,3.9200000762939453,3.930000066757202,42000,3.930000066757202
2010-06-04,3.9100000858306885,3.7699999809265137,3.880000114440918,3.809999942779541,78200,3.809999942779541
2010-06-07,3.8399999141693115,3.7699999809265137,3.8399999141693115,3.819999933242798,121700,3.819999933242798
2010-06-08,3.890000104904175,3.700000047683716,3.819999933242798,3.809999942779541,88000,3.809999942779541
2010-06-09,3.9800000190734863,3.799999952316284,3.8499999046325684,3.8499999046325684,45800,3.8499999046325684
2010-06-10,4.159999847412109,3.9000000953674316,3.9100000858306885,4.0,119600,4.0
2010-06-11,4.0,3.8399999141693115,3.940000057220459,3.890000104904175,48000,3.890000104904175
2010-06-14,4.010000228881836,3.799999952316284,3.9000000953674316,3.890000104904175,64700,3.890000104904175
2010-06-15,3.930000066757202,3.8499999046325684,3.930000066757202,3.880000114440918,60800,3.880000114440918
2010-06-16,3.9200000762939453,3.819999933242798,3.859999895095825,3.8499999046325684,71900,3.8499999046325684
2010-06-17,3.880000114440918,3.809999942779541,3.8399999141693115,3.8299999237060547,47500,3.8299999237060547
2010-06-18,4.320000171661377,3.819999933242798,3.859999895095825,4.300000190734863,286800,4.300000190734863
2010-06-21,5.0,4.21999979019165,4.940000057220459,4.239999771118164,317900,4.239999771118164
2010-06-22,4.349999904632568,3.9700000286102295,4.269999980926514,4.03000020980835,158100,4.03000020980835
2010-06-23,4.349999904632568,3.9700000286102295,3.9700000286102295,4.03000020980835,141400,4.03000020980835
2010-06-24,4.139999866485596,3.880000114440918,4.110000133514404,3.9200000762939453,192100,3.9200000762939453
2010-06-25,4.25,3.859999895095825,3.9000000953674316,4.0,1612200,4.0
2010-06-28,4.019999980926514,3.7899999618530273,4.019999980926514,3.8499999046325684,85400,3.8499999046325684
2010-06-29,3.880000114440918,3.740000009536743,3.7899999618530273,3.799999952316284,133600,3.799999952316284
2010-06-30,3.869999885559082,3.75,3.799999952316284,3.8499999046325684,71200,3.8499999046325684
2010-07-01,3.9800000190734863,3.809999942779541,3.819999933242798,3.940000057220459,48800,3.940000057220459
2010-07-02,4.159999847412109,3.940000057220459,3.9700000286102295,4.090000152587891,104200,4.090000152587891
2010-07-06,4.590000152587891,4.150000095367432,4.239999771118164,4.300000190734863,205500,4.300000190734863
2010-07-07,4.429999828338623,4.050000190734863,4.360000133514404,4.099999904632568,129700,4.099999904632568
2010-07-08,4.300000190734863,4.03000020980835,4.150000095367432,4.300000190734863,69900,4.300000190734863
2010-07-09,4.539999961853027,4.210000038146973,4.349999904632568,4.460000038146973,57100,4.460000038146973
2010-07-12,4.510000228881836,4.360000133514404,4.489999771118164,4.449999809265137,36200,4.449999809265137
2010-07-13,4.980000019073486,4.440000057220459,4.440000057220459,4.949999809265137,243100,4.949999809265137
2010-07-14,5.03000020980835,4.690000057220459,4.980000019073486,4.789999961853027,177300,4.789999961853027
2010-07-15,4.849999904632568,4.559999942779541,4.75,4.75,46300,4.75
2010-07-16,5.03000020980835,4.699999809265137,4.760000228881836,4.909999847412109,157500,4.909999847412109
2010-07-19,5.340000152587891,4.840000152587891,4.849999904632568,5.21999979019165,306100,5.21999979019165
2010-07-20,5.380000114440918,5.090000152587891,5.21999979019165,5.139999866485596,102700,5.139999866485596
2010-07-21,5.110000133514404,4.909999847412109,5.079999923706055,5.039999961853027,83200,5.039999961853027
2010-07-22,5.190000057220459,5.03000020980835,5.059999942779541,5.159999847412109,49700,5.159999847412109
2010-07-23,5.21999979019165,5.079999923706055,5.099999904632568,5.130000114440918,34700,5.130000114440918
2010-07-26,5.21999979019165,5.099999904632568,5.099999904632568,5.119999885559082,46400,5.119999885559082
2010-07-27,5.260000228881836,5.059999942779541,5.130000114440918,5.059999942779541,71500,5.059999942779541
2010-07-28,5.139999866485596,5.0,5.0,5.119999885559082,80500,5.119999885559082
2010-07-29,5.159999847412109,4.989999771118164,5.059999942779541,5.079999923706055,44600,5.079999923706055
2010-07-30,5.269999980926514,4.96999979019165,4.96999979019165,5.199999809265137,61400,5.199999809265137
2010-08-02,5.25,4.960000038146973,5.199999809265137,4.960000038146973,68800,4.960000038146973
2010-08-03,5.090000152587891,4.909999847412109,4.989999771118164,4.920000076293945,102800,4.920000076293945
2010-08-04,5.059999942779541,4.920000076293945,5.0,4.989999771118164,30700,4.989999771118164
2010-08-05,5.03000020980835,4.949999809265137,5.0,4.949999809265137,35900,4.949999809265137
2010-08-06,5.039999961853027,4.940000057220459,4.960000038146973,4.949999809265137,36400,4.949999809265137
2010-08-09,5.039999961853027,4.940000057220459,4.940000057220459,5.0,38500,5.0
2010-08-10,5.099999904632568,4.980000019073486,4.980000019073486,5.059999942779541,51000,5.059999942779541
2010-08-11,5.0,4.929999828338623,4.980000019073486,5.0,29700,5.0
2010-08-12,5.110000133514404,4.980000019073486,4.980000019073486,5.099999904632568,36700,5.099999904632568
2010-08-13,5.199999809265137,5.079999923706055,5.079999923706055,5.139999866485596,38200,5.139999866485596
2010-08-16,5.190000057220459,5.099999904632568,5.150000095367432,5.170000076293945,11400,5.170000076293945
2010-08-17,5.230000019073486,5.159999847412109,5.199999809265137,5.170000076293945,23300,5.170000076293945
2010-08-18,5.260000228881836,5.039999961853027,5.179999828338623,5.230000019073486,43500,5.230000019073486
2010-08-19,5.210000038146973,5.03000020980835,5.190000057220459,5.139999866485596,44600,5.139999866485596
2010-08-20,5.099999904632568,4.980000019073486,5.099999904632568,4.980000019073486,53800,4.980000019073486
2010-08-23,5.03000020980835,4.989999771118164,5.010000228881836,5.0,28700,5.0
2010-08-24,5.059999942779541,4.96999979019165,5.050000190734863,4.96999979019165,56700,4.96999979019165
2010-08-25,5.050000190734863,4.96999979019165,4.96999979019165,5.03000020980835,18000,5.03000020980835
2010-08-26,5.039999961853027,4.96999979019165,5.019999980926514,4.989999771118164,18300,4.989999771118164
2010-08-27,5.019999980926514,4.900000095367432,4.980000019073486,4.96999979019165,75900,4.96999979019165
2010-08-30,4.989999771118164,4.78000020980835,4.989999771118164,4.78000020980835,58400,4.78000020980835
2010-08-31,4.920000076293945,4.78000020980835,4.78000020980835,4.900000095367432,18000,4.900000095367432
2010-09-01,5.019999980926514,4.849999904632568,4.920000076293945,4.960000038146973,40500,4.960000038146973
2010-09-02,5.170000076293945,4.960000038146973,4.980000019073486,5.170000076293945,96300,5.170000076293945
2010-09-03,5.199999809265137,5.050000190734863,5.170000076293945,5.150000095367432,46700,5.150000095367432
2010-09-07,5.099999904632568,4.96999979019165,5.099999904632568,5.0,41600,5.0
2010-09-08,5.019999980926514,4.869999885559082,5.0,4.869999885559082,59100,4.869999885559082
2010-09-09,5.039999961853027,4.900000095367432,5.019999980926514,4.940000057220459,34900,4.940000057220459
2010-09-10,5.0,4.920000076293945,4.920000076293945,4.949999809265137,18600,4.949999809265137
2010-09-13,5.039999961853027,4.989999771118164,5.0,5.039999961853027,41600,5.039999961853027
2010-09-14,5.010000228881836,4.860000133514404,5.0,4.940000057220459,102800,4.940000057220459
2010-09-15,4.909999847412109,4.659999847412109,4.880000114440918,4.860000133514404,73400,4.860000133514404
2010-09-16,4.980000019073486,4.869999885559082,4.889999866485596,4.889999866485596,43600,4.889999866485596
2010-09-17,4.980000019073486,4.820000171661377,4.849999904632568,4.980000019073486,67000,4.980000019073486
2010-09-20,4.989999771118164,4.920000076293945,4.929999828338623,4.989999771118164,43500,4.989999771118164
2010-09-21,4.980000019073486,4.710000038146973,4.980000019073486,4.96999979019165,73200,4.96999979019165
2010-09-22,4.940000057220459,4.849999904632568,4.909999847412109,4.860000133514404,28500,4.860000133514404
2010-09-23,4.929999828338623,4.849999904632568,4.869999885559082,4.920000076293945,7800,4.920000076293945
2010-09-24,4.940000057220459,4.900000095367432,4.940000057220459,4.900000095367432,30500,4.900000095367432
2010-09-27,4.96999979019165,4.920000076293945,4.920000076293945,4.96999979019165,15200,4.96999979019165
2010-09-28,4.960000038146973,4.900000095367432,4.960000038146973,4.909999847412109,16900,4.909999847412109
2010-09-29,5.070000171661377,4.840000152587891,4.929999828338623,4.880000114440918,69800,4.880000114440918
2010-09-30,4.909999847412109,4.800000190734863,4.880000114440918,4.820000171661377,24000,4.820000171661377
2010-10-01,4.949999809265137,4.829999923706055,4.880000114440918,4.869999885559082,17500,4.869999885559082
2010-10-04,5.079999923706055,4.860000133514404,4.880000114440918,5.079999923706055,59100,5.079999923706055
2010-10-05,5.059999942779541,4.980000019073486,5.059999942779541,5.039999961853027,24800,5.039999961853027
2010-10-06,5.179999828338623,5.0,5.0,5.179999828338623,53500,5.179999828338623
2010-10-07,5.25,5.059999942779541,5.159999847412109,5.199999809265137,68100,5.199999809265137
2010-10-08,5.269999980926514,5.150000095367432,5.150000095367432,5.239999771118164,74700,5.239999771118164
2010-10-11,5.190000057220459,5.070000171661377,5.190000057220459,5.070000171661377,19800,5.070000171661377
2010-10-12,5.079999923706055,5.010000228881836,5.019999980926514,5.010000228881836,18900,5.010000228881836
2010-10-13,5.050000190734863,5.010000228881836,5.010000228881836,5.019999980926514,22000,5.019999980926514
2010-10-14,5.090000152587891,5.010000228881836,5.03000020980835,5.050000190734863,15700,5.050000190734863
2010-10-15,5.099999904632568,5.019999980926514,5.050000190734863,5.03000020980835,13700,5.03000020980835
2010-10-18,5.150000095367432,5.03000020980835,5.079999923706055,5.139999866485596,16200,5.139999866485596
2010-10-19,5.139999866485596,5.0,5.139999866485596,5.099999904632568,37000,5.099999904632568
2010-10-20,5.159999847412109,5.039999961853027,5.079999923706055,5.159999847412109,21700,5.159999847412109
2010-10-21,5.170000076293945,5.070000171661377,5.159999847412109,5.110000133514404,35100,5.110000133514404
2010-10-22,5.179999828338623,5.03000020980835,5.150000095367432,5.070000171661377,25500,5.070000171661377
2010-10-25,5.099999904632568,5.010000228881836,5.070000171661377,5.070000171661377,13700,5.070000171661377
2010-10-26,5.139999866485596,5.019999980926514,5.019999980926514,5.119999885559082,76000,5.119999885559082
2010-10-27,5.28000020980835,5.079999923706055,5.079999923706055,5.239999771118164,72600,5.239999771118164
2010-10-28,5.25,5.139999866485596,5.199999809265137,5.190000057220459,25900,5.190000057220459
2010-10-29,5.210000038146973,5.059999942779541,5.170000076293945,5.090000152587891,48300,5.090000152587891
2010-11-01,5.090000152587891,5.03000020980835,5.070000171661377,5.050000190734863,22400,5.050000190734863
2010-11-02,5.590000152587891,5.039999961853027,5.130000114440918,5.5,452600,5.5
2010-11-03,5.449999809265137,5.289999961853027,5.320000171661377,5.389999866485596,95500,5.389999866485596
2010-11-04,5.46999979019165,5.320000171661377,5.369999885559082,5.449999809265137,54500,5.449999809265137
2010-11-05,5.460000038146973,5.329999923706055,5.449999809265137,5.400000095367432,40300,5.400000095367432
2010-11-08,5.440000057220459,5.349999904632568,5.400000095367432,5.400000095367432,30700,5.400000095367432
2010-11-09,5.409999847412109,5.349999904632568,5.369999885559082,5.360000133514404,15300,5.360000133514404
2010-11-10,5.449999809265137,5.349999904632568,5.449999809265137,5.400000095367432,25500,5.400000095367432
2010-11-11,5.409999847412109,5.360000133514404,5.360000133514404,5.380000114440918,5600,5.380000114440918
2010-11-12,5.389999866485596,5.269999980926514,5.349999904632568,5.349999904632568,39200,5.349999904632568
2010-11-15,5.460000038146973,5.340000152587891,5.349999904632568,5.400000095367432,38900,5.400000095367432
2010-11-16,5.449999809265137,5.28000020980835,5.420000076293945,5.340000152587891,84300,5.340000152587891
2010-11-17,5.460000038146973,5.380000114440918,5.380000114440918,5.400000095367432,45500,5.400000095367432
2010-11-18,5.449999809265137,5.389999866485596,5.440000057220459,5.389999866485596,52800,5.389999866485596
2010-11-19,5.5,5.400000095367432,5.400000095367432,5.429999828338623,43700,5.429999828338623
2010-11-22,5.650000095367432,5.46999979019165,5.46999979019165,5.650000095367432,99700,5.650000095367432
2010-11-23,5.650000095367432,5.579999923706055,5.650000095367432,5.639999866485596,33800,5.639999866485596
2010-11-24,6.369999885559082,5.630000114440918,5.630000114440918,6.119999885559082,191100,6.119999885559082
2010-11-26,6.199999809265137,6.059999942779541,6.150000095367432,6.150000095367432,18000,6.150000095367432
2010-11-29,6.159999847412109,6.0,6.159999847412109,6.010000228881836,69200,6.010000228881836
2010-11-30,6.039999961853027,5.860000133514404,5.860000133514404,5.940000057220459,48500,5.940000057220459
2010-12-01,6.300000190734863,6.0,6.039999961853027,6.269999980926514,73600,6.269999980926514
2010-12-02,6.96999979019165,6.300000190734863,6.300000190734863,6.690000057220459,169600,6.690000057220459
2010-12-03,6.659999847412109,6.449999809265137,6.659999847412109,6.590000152587891,51000,6.590000152587891
2010-12-06,6.659999847412109,6.53000020980835,6.559999942779541,6.559999942779541,26000,6.559999942779541
2010-12-07,6.690000057220459,6.5,6.619999885559082,6.5,25900,6.5
2010-12-08,6.519999980926514,6.170000076293945,6.489999771118164,6.239999771118164,39000,6.239999771118164
2010-12-09,6.25,5.940000057220459,6.25,6.099999904632568,57700,6.099999904632568
2010-12-10,6.21999979019165,5.960000038146973,6.090000152587891,6.159999847412109,21200,6.159999847412109
2010-12-13,6.239999771118164,6.059999942779541,6.139999866485596,6.110000133514404,25900,6.110000133514404
2010-12-14,6.190000057220459,6.090000152587891,6.090000152587891,6.110000133514404,32500,6.110000133514404
2010-12-15,6.110000133514404,6.079999923706055,6.079999923706055,6.110000133514404,28200,6.110000133514404
2010-12-16,6.21999979019165,6.079999923706055,6.139999866485596,6.210000038146973,41700,6.210000038146973
2010-12-17,6.210000038146973,6.110000133514404,6.110000133514404,6.150000095367432,40700,6.150000095367432
2010-12-20,6.230000019073486,6.099999904632568,6.199999809265137,6.099999904632568,28100,6.099999904632568
2010-12-21,6.230000019073486,6.099999904632568,6.099999904632568,6.210000038146973,20800,6.210000038146973
2010-12-22,6.239999771118164,6.110000133514404,6.110000133514404,6.210000038146973,20600,6.210000038146973
2010-12-23,6.21999979019165,6.119999885559082,6.170000076293945,6.170000076293945,10100,6.170000076293945
2010-12-27,6.150000095367432,6.070000171661377,6.119999885559082,6.150000095367432,62500,6.150000095367432
2010-12-28,6.25,6.099999904632568,6.099999904632568,6.119999885559082,29000,6.119999885559082
2010-12-29,6.199999809265137,6.070000171661377,6.070000171661377,6.119999885559082,45100,6.119999885559082
2010-12-30,6.25,6.010000228881836,6.130000114440918,6.139999866485596,24700,6.139999866485596
2010-12-31,6.269999980926514,6.079999923706055,6.079999923706055,6.269999980926514,53600,6.269999980926514
2011-01-03,6.25,6.039999961853027,6.25,6.25,76300,6.25
2011-01-04,6.25,6.070000171661377,6.25,6.070000171661377,21200,6.070000171661377
2011-01-05,6.329999923706055,6.039999961853027,6.039999961853027,6.289999961853027,83200,6.289999961853027
2011-01-06,6.349999904632568,6.260000228881836,6.300000190734863,6.340000152587891,77100,6.340000152587891
2011-01-07,6.400000095367432,6.21999979019165,6.329999923706055,6.400000095367432,46100,6.400000095367432
2011-01-10,6.400000095367432,6.190000057220459,6.340000152587891,6.190000057220459,53300,6.190000057220459
2011-01-11,6.289999961853027,6.099999904632568,6.199999809265137,6.28000020980835,35200,6.28000020980835
2011-01-12,6.289999961853027,6.199999809265137,6.21999979019165,6.260000228881836,42000,6.260000228881836
2011-01-13,6.340000152587891,6.019999980926514,6.25,6.199999809265137,177900,6.199999809265137
2011-01-14,6.25,6.159999847412109,6.159999847412109,6.230000019073486,27900,6.230000019073486
2011-01-18,6.269999980926514,6.0,6.269999980926514,6.070000171661377,83200,6.070000171661377
2011-01-19,6.099999904632568,5.900000095367432,6.039999961853027,5.949999809265137,37600,5.949999809265137
2011-01-20,5.949999809265137,5.670000076293945,5.920000076293945,5.889999866485596,44900,5.889999866485596
2011-01-21,5.920000076293945,5.75,5.909999847412109,5.880000114440918,59100,5.880000114440918
2011-01-24,6.03000020980835,5.760000228881836,5.820000171661377,6.0,28300,6.0
2011-01-25,6.039999961853027,5.940000057220459,6.03000020980835,6.039999961853027,15500,6.039999961853027
2011-01-26,6.059999942779541,5.929999828338623,6.059999942779541,5.980000019073486,26600,5.980000019073486
2011-01-27,6.130000114440918,5.889999866485596,5.929999828338623,6.130000114440918,18200,6.130000114440918
2011-01-28,6.039999961853027,5.869999885559082,6.039999961853027,5.920000076293945,23300,5.920000076293945
2011-01-31,5.920000076293945,5.75,5.769999980926514,5.769999980926514,17000,5.769999980926514
2011-02-01,5.980000019073486,5.769999980926514,5.829999923706055,5.769999980926514,21900,5.769999980926514
2011-02-02,5.860000133514404,5.75,5.789999961853027,5.789999961853027,15200,5.789999961853027
2011-02-03,6.070000171661377,5.820000171661377,5.820000171661377,5.96999979019165,26200,5.96999979019165
2011-02-04,6.0,5.880000114440918,6.0,5.880000114440918,8700,5.880000114440918
2011-02-07,5.880000114440918,5.769999980926514,5.860000133514404,5.860000133514404,23500,5.860000133514404
2011-02-08,5.820000171661377,5.730000019073486,5.820000171661377,5.75,14000,5.75
2011-02-09,5.730000019073486,5.650000095367432,5.710000038146973,5.699999809265137,28200,5.699999809265137
2011-02-10,5.78000020980835,5.690000057220459,5.699999809265137,5.71999979019165,17700,5.71999979019165
2011-02-11,5.78000020980835,5.670000076293945,5.730000019073486,5.769999980926514,10100,5.769999980926514
2011-02-14,5.730000019073486,5.639999866485596,5.639999866485596,5.690000057220459,51000,5.690000057220459
2011-02-15,5.760000228881836,5.650000095367432,5.75,5.760000228881836,53200,5.760000228881836
2011-02-16,6.059999942779541,5.760000228881836,5.769999980926514,5.869999885559082,36000,5.869999885559082
2011-02-17,6.059999942779541,5.869999885559082,5.869999885559082,5.900000095367432,12600,5.900000095367432
2011-02-18,5.940000057220459,5.78000020980835,5.929999828338623,5.820000171661377,11300,5.820000171661377
2011-02-22,5.860000133514404,5.139999866485596,5.809999942779541,5.389999866485596,177300,5.389999866485596
2011-02-23,5.389999866485596,5.170000076293945,5.389999866485596,5.349999904632568,46600,5.349999904632568
2011-02-24,5.380000114440918,5.349999904632568,5.369999885559082,5.349999904632568,17000,5.349999904632568
2011-02-25,5.420000076293945,5.349999904632568,5.360000133514404,5.400000095367432,10800,5.400000095367432
2011-02-28,5.440000057220459,5.349999904632568,5.409999847412109,5.349999904632568,8200,5.349999904632568
2011-03-01,5.380000114440918,5.289999961853027,5.369999885559082,5.329999923706055,47800,5.329999923706055
2011-03-02,5.320000171661377,5.25,5.300000190734863,5.309999942779541,12400,5.309999942779541
2011-03-03,5.380000114440918,5.260000228881836,5.340000152587891,5.28000020980835,8000,5.28000020980835
2011-03-04,5.320000171661377,5.179999828338623,5.28000020980835,5.179999828338623,11500,5.179999828338623
2011-03-07,5.210000038146973,5.019999980926514,5.170000076293945,5.039999961853027,21800,5.039999961853027
2011-03-08,5.150000095367432,5.019999980926514,5.019999980926514,5.099999904632568,20000,5.099999904632568
2011-03-09,5.119999885559082,5.050000190734863,5.099999904632568,5.110000133514404,3700,5.110000133514404
2011-03-10,5.130000114440918,4.900000095367432,5.130000114440918,4.929999828338623,63900,4.929999828338623
2011-03-11,4.989999771118164,4.840000152587891,4.849999904632568,4.900000095367432,28500,4.900000095367432
2011-03-14,4.920000076293945,4.78000020980835,4.880000114440918,4.809999942779541,31100,4.809999942779541
2011-03-15,4.860000133514404,4.75,4.75,4.849999904632568,36700,4.849999904632568
2011-03-16,4.900000095367432,4.550000190734863,4.860000133514404,4.579999923706055,74100,4.579999923706055
2011-03-17,4.880000114440918,4.599999904632568,4.650000095367432,4.769999980926514,31100,4.769999980926514
2011-03-18,4.909999847412109,4.429999828338623,4.829999923706055,4.900000095367432,85300,4.900000095367432
2011-03-21,4.989999771118164,4.730000019073486,4.869999885559082,4.829999923706055,34900,4.829999923706055
2011-03-22,4.860000133514404,4.75,4.820000171661377,4.820000171661377,22300,4.820000171661377
2011-03-23,4.880000114440918,4.78000020980835,4.820000171661377,4.849999904632568,21900,4.849999904632568
2011-03-24,4.900000095367432,4.829999923706055,4.869999885559082,4.900000095367432,24500,4.900000095367432
2011-03-25,4.900000095367432,4.849999904632568,4.900000095367432,4.860000133514404,8500,4.860000133514404
2011-03-28,4.860000133514404,4.71999979019165,4.860000133514404,4.760000228881836,40800,4.760000228881836
2011-03-29,4.769999980926514,4.679999828338623,4.730000019073486,4.769999980926514,30300,4.769999980926514
2011-03-30,4.769999980926514,4.650000095367432,4.769999980926514,4.699999809265137,162200,4.699999809265137
2011-03-31,5.300000190734863,4.670000076293945,4.679999828338623,5.300000190734863,223600,5.300000190734863
2011-04-01,5.489999771118164,5.139999866485596,5.300000190734863,5.199999809265137,41600,5.199999809265137
2011-04-04,5.289999961853027,5.039999961853027,5.199999809265137,5.130000114440918,31600,5.130000114440918
2011-04-05,5.659999847412109,5.139999866485596,5.179999828338623,5.650000095367432,120500,5.650000095367432
2011-04-06,5.75,5.5,5.639999866485596,5.550000190734863,52400,5.550000190734863
2011-04-07,5.579999923706055,5.440000057220459,5.519999980926514,5.489999771118164,23000,5.489999771118164
2011-04-08,5.510000228881836,5.289999961853027,5.46999979019165,5.400000095367432,18700,5.400000095367432
2011-04-11,5.449999809265137,5.300000190734863,5.400000095367432,5.389999866485596,21900,5.389999866485596
2011-04-12,5.409999847412109,5.28000020980835,5.389999866485596,5.289999961853027,12300,5.289999961853027
2011-04-13,5.360000133514404,5.190000057220459,5.289999961853027,5.300000190734863,24800,5.300000190734863
2011-04-14,5.360000133514404,5.300000190734863,5.340000152587891,5.320000171661377,11900,5.320000171661377
2011-04-15,5.480000019073486,5.289999961853027,5.320000171661377,5.460000038146973,11000,5.460000038146973
2011-04-18,5.510000228881836,5.329999923706055,5.389999866485596,5.400000095367432,22000,5.400000095367432
2011-04-19,5.440000057220459,5.21999979019165,5.440000057220459,5.300000190734863,20700,5.300000190734863
2011-04-20,5.420000076293945,5.309999942779541,5.380000114440918,5.340000152587891,14200,5.340000152587891
2011-04-21,5.380000114440918,5.210000038146973,5.380000114440918,5.300000190734863,12300,5.300000190734863
2011-04-25,5.269999980926514,5.150000095367432,5.269999980926514,5.199999809265137,21300,5.199999809265137
2011-04-26,5.239999771118164,5.019999980926514,5.199999809265137,5.050000190734863,13200,5.050000190734863
2011-04-27,5.119999885559082,4.940000057220459,5.119999885559082,4.96999979019165,28500,4.96999979019165
2011-04-28,4.96999979019165,4.820000171661377,4.929999828338623,4.880000114440918,30300,4.880000114440918
2011-04-29,5.0,4.75,4.860000133514404,5.0,33000,5.0
2011-05-02,5.210000038146973,5.010000228881836,5.039999961853027,5.039999961853027,22000,5.039999961853027
2011-05-03,5.099999904632568,4.869999885559082,5.039999961853027,4.920000076293945,29000,4.920000076293945
2011-05-04,5.039999961853027,4.880000114440918,4.940000057220459,4.889999866485596,27000,4.889999866485596
2011-05-05,4.940000057220459,4.840000152587891,4.880000114440918,4.909999847412109,41700,4.909999847412109
2011-05-06,4.949999809265137,4.869999885559082,4.940000057220459,4.940000057220459,14200,4.940000057220459
2011-05-09,4.949999809265137,4.880000114440918,4.940000057220459,4.949999809265137,12000,4.949999809265137
2011-05-10,5.210000038146973,4.949999809265137,4.949999809265137,5.179999828338623,17400,5.179999828338623
2011-05-11,5.320000171661377,5.119999885559082,5.150000095367432,5.170000076293945,33900,5.170000076293945
2011-05-12,5.239999771118164,5.110000133514404,5.150000095367432,5.21999979019165,29000,5.21999979019165
2011-05-13,5.21999979019165,5.059999942779541,5.210000038146973,5.119999885559082,10000,5.119999885559082
2011-05-16,5.260000228881836,4.980000019073486,5.119999885559082,5.190000057220459,20700,5.190000057220459
2011-05-17,5.190000057220459,4.989999771118164,5.190000057220459,5.03000020980835,19900,5.03000020980835
2011-05-18,5.050000190734863,4.96999979019165,5.050000190734863,5.03000020980835,26100,5.03000020980835
2011-05-19,5.059999942779541,4.960000038146973,5.03000020980835,4.989999771118164,12700,4.989999771118164
2011-05-20,5.0,4.900000095367432,5.0,4.940000057220459,12100,4.940000057220459
2011-05-23,4.900000095367432,4.699999809265137,4.900000095367432,4.820000171661377,22500,4.820000171661377
2011-05-24,5.130000114440918,4.829999923706055,4.829999923706055,5.090000152587891,14800,5.090000152587891
2011-05-25,5.050000190734863,4.940000057220459,5.039999961853027,5.050000190734863,3500,5.050000190734863
2011-05-26,5.070000171661377,5.0,5.070000171661377,5.03000020980835,9700,5.03000020980835
2011-05-27,5.099999904632568,4.989999771118164,5.059999942779541,5.039999961853027,9800,5.039999961853027
2011-05-31,5.090000152587891,4.980000019073486,5.070000171661377,5.0,37600,5.0
2011-06-01,5.079999923706055,4.980000019073486,5.0,5.039999961853027,27100,5.039999961853027
2011-06-02,5.130000114440918,5.019999980926514,5.019999980926514,5.119999885559082,12000,5.119999885559082
2011-06-03,5.28000020980835,4.949999809265137,4.949999809265137,5.21999979019165,39100,5.21999979019165
2011-06-06,5.5,5.239999771118164,5.239999771118164,5.369999885559082,140100,5.369999885559082
2011-06-07,5.400000095367432,5.320000171661377,5.400000095367432,5.340000152587891,40000,5.340000152587891
2011-06-08,5.400000095367432,5.210000038146973,5.349999904632568,5.309999942779541,62800,5.309999942779541
2011-06-09,5.5,5.300000190734863,5.5,5.400000095367432,76400,5.400000095367432
2011-06-10,5.5,5.130000114440918,5.5,5.369999885559082,96900,5.369999885559082
2011-06-13,5.480000019073486,5.300000190734863,5.320000171661377,5.340000152587891,75400,5.340000152587891
2011-06-14,5.630000114440918,5.340000152587891,5.369999885559082,5.489999771118164,65200,5.489999771118164
2011-06-15,5.5,5.309999942779541,5.46999979019165,5.46999979019165,60900,5.46999979019165
2011-06-16,5.840000152587891,5.320000171661377,5.46999979019165,5.789999961853027,112800,5.789999961853027
2011-06-17,5.889999866485596,5.400000095367432,5.809999942779541,5.519999980926514,64800,5.519999980926514
2011-06-20,5.699999809265137,5.489999771118164,5.53000020980835,5.599999904632568,49900,5.599999904632568
2011-06-21,5.880000114440918,5.570000171661377,5.630000114440918,5.739999771118164,34300,5.739999771118164
2011-06-22,5.769999980926514,5.5,5.739999771118164,5.53000020980835,46800,5.53000020980835
2011-06-23,5.75,5.360000133514404,5.5,5.599999904632568,53100,5.599999904632568
2011-06-24,5.949999809265137,5.380000114440918,5.610000133514404,5.670000076293945,1600300,5.670000076293945
2011-06-27,5.760000228881836,5.409999847412109,5.659999847412109,5.730000019073486,93400,5.730000019073486
2011-06-28,5.940000057220459,5.71999979019165,5.730000019073486,5.860000133514404,66700,5.860000133514404
2011-06-29,5.880000114440918,5.599999904632568,5.880000114440918,5.619999885559082,27400,5.619999885559082
2011-06-30,5.650000095367432,5.46999979019165,5.619999885559082,5.519999980926514,68900,5.519999980926514
2011-07-01,5.840000152587891,5.519999980926514,5.53000020980835,5.769999980926514,64600,5.769999980926514
2011-07-05,5.889999866485596,5.579999923706055,5.789999961853027,5.840000152587891,53700,5.840000152587891
2011-07-06,5.860000133514404,5.659999847412109,5.829999923706055,5.690000057220459,47200,5.690000057220459
2011-07-07,5.869999885559082,5.75,5.75,5.860000133514404,57400,5.860000133514404
2011-07-08,5.909999847412109,5.800000190734863,5.800000190734863,5.889999866485596,24500,5.889999866485596
2011-07-11,5.909999847412109,5.710000038146973,5.769999980926514,5.840000152587891,30700,5.840000152587891
2011-07-12,5.900000095367432,5.760000228881836,5.840000152587891,5.769999980926514,25400,5.769999980926514
2011-07-13,6.03000020980835,5.800000190734863,5.809999942779541,6.019999980926514,94000,6.019999980926514
2011-07-14,6.010000228881836,5.949999809265137,6.0,5.96999979019165,37000,5.96999979019165
2011-07-15,6.019999980926514,5.880000114440918,5.960000038146973,6.010000228881836,36000,6.010000228881836
2011-07-18,6.079999923706055,5.940000057220459,6.03000020980835,6.050000190734863,37900,6.050000190734863
2011-07-19,6.150000095367432,6.059999942779541,6.119999885559082,6.150000095367432,67500,6.150000095367432
2011-07-20,6.170000076293945,6.070000171661377,6.170000076293945,6.079999923706055,17600,6.079999923706055
2011-07-21,6.190000057220459,6.090000152587891,6.130000114440918,6.139999866485596,21900,6.139999866485596
2011-07-22,6.159999847412109,6.090000152587891,6.150000095367432,6.130000114440918,10000,6.130000114440918
2011-07-25,6.150000095367432,5.949999809265137,6.059999942779541,5.949999809265137,28000,5.949999809265137
2011-07-26,5.96999979019165,5.739999771118164,5.940000057220459,5.760000228881836,31000,5.760000228881836
2011-07-27,5.739999771118164,5.440000057220459,5.699999809265137,5.53000020980835,86400,5.53000020980835
2011-07-28,5.619999885559082,5.400000095367432,5.400000095367432,5.429999828338623,43100,5.429999828338623
2011-07-29,5.46999979019165,5.300000190734863,5.389999866485596,5.46999979019165,22600,5.46999979019165
2011-08-01,5.610000133514404,5.429999828338623,5.480000019073486,5.579999923706055,28700,5.579999923706055
2011-08-02,5.610000133514404,5.400000095367432,5.610000133514404,5.400000095367432,33000,5.400000095367432
2011-08-03,5.579999923706055,5.320000171661377,5.400000095367432,5.489999771118164,195800,5.489999771118164
2011-08-04,5.75,5.349999904632568,5.550000190734863,5.440000057220459,107600,5.440000057220459
2011-08-05,5.539999961853027,5.309999942779541,5.480000019073486,5.369999885559082,31500,5.369999885559082
2011-08-08,5.460000038146973,4.75,5.28000020980835,4.75,88000,4.75
2011-08-09,4.960000038146973,4.449999809265137,4.860000133514404,4.579999923706055,98200,4.579999923706055
2011-08-10,4.559999942779541,4.360000133514404,4.539999961853027,4.369999885559082,80900,4.369999885559082
2011-08-11,4.71999979019165,4.380000114440918,4.380000114440918,4.619999885559082,81400,4.619999885559082
2011-08-12,4.630000114440918,4.449999809265137,4.630000114440918,4.519999980926514,32000,4.519999980926514
2011-08-15,4.739999771118164,4.570000171661377,4.570000171661377,4.71999979019165,47500,4.71999979019165
2011-08-16,4.789999961853027,4.550000190734863,4.670000076293945,4.579999923706055,51300,4.579999923706055
2011-08-17,4.650000095367432,4.5,4.650000095367432,4.519999980926514,27100,4.519999980926514
2011-08-18,4.5,4.340000152587891,4.440000057220459,4.389999866485596,55900,4.389999866485596
2011-08-19,4.5,4.320000171661377,4.349999904632568,4.320000171661377,36700,4.320000171661377
2011-08-22,4.550000190734863,4.309999942779541,4.429999828338623,4.480000019073486,15700,4.480000019073486
2011-08-23,4.650000095367432,4.420000076293945,4.489999771118164,4.590000152587891,39900,4.590000152587891
2011-08-24,4.639999866485596,4.420000076293945,4.570000171661377,4.630000114440918,35600,4.630000114440918
2011-08-25,4.639999866485596,4.400000095367432,4.639999866485596,4.409999847412109,38600,4.409999847412109
2011-08-26,4.550000190734863,4.400000095367432,4.420000076293945,4.510000228881836,23800,4.510000228881836
2011-08-29,4.78000020980835,4.510000228881836,4.53000020980835,4.760000228881836,25500,4.760000228881836
2011-08-30,4.710000038146973,4.550000190734863,4.659999847412109,4.679999828338623,25400,4.679999828338623
2011-08-31,4.710000038146973,4.5,4.679999828338623,4.550000190734863,34800,4.550000190734863
2011-09-01,4.659999847412109,4.349999904632568,4.550000190734863,4.460000038146973,61100,4.460000038146973
2011-09-02,4.550000190734863,4.260000228881836,4.409999847412109,4.269999980926514,61300,4.269999980926514
2011-09-06,4.429999828338623,4.179999828338623,4.179999828338623,4.260000228881836,41100,4.260000228881836
2011-09-07,4.670000076293945,4.329999923706055,4.329999923706055,4.510000228881836,50300,4.510000228881836
2011-09-08,4.579999923706055,4.28000020980835,4.510000228881836,4.309999942779541,22300,4.309999942779541
2011-09-09,4.340000152587891,4.099999904632568,4.239999771118164,4.119999885559082,98800,4.119999885559082
2011-09-12,4.28000020980835,4.059999942779541,4.119999885559082,4.099999904632568,63100,4.099999904632568
2011-09-13,4.239999771118164,4.070000171661377,4.150000095367432,4.199999809265137,29500,4.199999809265137
2011-09-14,4.449999809265137,4.21999979019165,4.25,4.360000133514404,28500,4.360000133514404
2011-09-15,4.409999847412109,4.28000020980835,4.409999847412109,4.360000133514404,20400,4.360000133514404
2011-09-16,4.480000019073486,4.349999904632568,4.389999866485596,4.409999847412109,51600,4.409999847412109
2011-09-19,4.480000019073486,4.320000171661377,4.409999847412109,4.349999904632568,14300,4.349999904632568
2011-09-20,4.349999904632568,4.119999885559082,4.349999904632568,4.170000076293945,26300,4.170000076293945
2011-09-21,4.150000095367432,4.050000190734863,4.150000095367432,4.050000190734863,50300,4.050000190734863
2011-09-22,4.119999885559082,3.9000000953674316,4.0,4.010000228881836,75000,4.010000228881836
2011-09-23,4.179999828338623,4.03000020980835,4.03000020980835,4.070000171661377,33900,4.070000171661377
2011-09-26,4.130000114440918,4.019999980926514,4.090000152587891,4.130000114440918,26500,4.130000114440918
2011-09-27,4.269999980926514,4.050000190734863,4.25,4.170000076293945,47100,4.170000076293945
2011-09-28,4.170000076293945,4.03000020980835,4.170000076293945,4.059999942779541,47000,4.059999942779541
2011-09-29,4.199999809265137,4.03000020980835,4.150000095367432,4.150000095367432,20100,4.150000095367432
2011-09-30,4.260000228881836,4.070000171661377,4.130000114440918,4.099999904632568,36900,4.099999904632568
2011-10-03,4.199999809265137,3.8399999141693115,4.070000171661377,3.8399999141693115,93900,3.8399999141693115
2011-10-04,4.460000038146973,3.809999942779541,3.859999895095825,4.340000152587891,110400,4.340000152587891
2011-10-05,4.320000171661377,4.199999809265137,4.309999942779541,4.28000020980835,17400,4.28000020980835
2011-10-06,4.449999809265137,4.239999771118164,4.239999771118164,4.440000057220459,33000,4.440000057220459
2011-10-07,4.46999979019165,4.170000076293945,4.420000076293945,4.21999979019165,32900,4.21999979019165
2011-10-10,4.5,4.28000020980835,4.309999942779541,4.5,45500,4.5
2011-10-11,4.480000019073486,4.360000133514404,4.440000057220459,4.46999979019165,25200,4.46999979019165
2011-10-12,4.599999904632568,4.5,4.53000020980835,4.579999923706055,27900,4.579999923706055
2011-10-13,4.659999847412109,4.539999961853027,4.570000171661377,4.630000114440918,15900,4.630000114440918
2011-10-14,4.679999828338623,4.570000171661377,4.679999828338623,4.650000095367432,48900,4.650000095367432
2011-10-17,4.670000076293945,4.5,4.650000095367432,4.599999904632568,95100,4.599999904632568
2011-10-18,4.78000020980835,4.400000095367432,4.619999885559082,4.75,212200,4.75
2011-10-19,4.849999904632568,4.610000133514404,4.75,4.619999885559082,27500,4.619999885559082
2011-10-20,4.670000076293945,4.5,4.670000076293945,4.579999923706055,19400,4.579999923706055
2011-10-21,4.679999828338623,4.559999942779541,4.679999828338623,4.650000095367432,32700,4.650000095367432
2011-10-24,4.699999809265137,4.559999942779541,4.630000114440918,4.699999809265137,40500,4.699999809265137
2011-10-25,4.659999847412109,4.349999904632568,4.650000095367432,4.389999866485596,39600,4.389999866485596
2011-10-26,4.599999904632568,4.449999809265137,4.480000019073486,4.599999904632568,51900,4.599999904632568
2011-10-27,5.039999961853027,4.670000076293945,4.699999809265137,5.019999980926514,103700,5.019999980926514
2011-10-28,5.050000190734863,4.860000133514404,5.010000228881836,4.920000076293945,41500,4.920000076293945
2011-10-31,4.989999771118164,4.800000190734863,4.840000152587891,4.829999923706055,33200,4.829999923706055
2011-11-01,4.730000019073486,4.440000057220459,4.679999828338623,4.489999771118164,34300,4.489999771118164
2011-11-02,4.690000057220459,4.5,4.599999904632568,4.610000133514404,34000,4.610000133514404
2011-11-03,4.769999980926514,4.590000152587891,4.630000114440918,4.75,33500,4.75
2011-11-04,4.769999980926514,4.650000095367432,4.730000019073486,4.670000076293945,9800,4.670000076293945
2011-11-07,4.690000057220459,4.570000171661377,4.679999828338623,4.630000114440918,8700,4.630000114440918
2011-11-08,4.699999809265137,4.489999771118164,4.630000114440918,4.559999942779541,41600,4.559999942779541
2011-11-09,4.559999942779541,4.21999979019165,4.449999809265137,4.260000228881836,51600,4.260000228881836
2011-11-10,4.5,4.170000076293945,4.289999961853027,4.320000171661377,173700,4.320000171661377
2011-11-11,4.420000076293945,4.320000171661377,4.360000133514404,4.409999847412109,33500,4.409999847412109
2011-11-14,4.46999979019165,4.28000020980835,4.409999847412109,4.300000190734863,38900,4.300000190734863
2011-11-15,4.440000057220459,4.269999980926514,4.269999980926514,4.420000076293945,24500,4.420000076293945
2011-11-16,4.400000095367432,4.329999923706055,4.360000133514404,4.329999923706055,22700,4.329999923706055
2011-11-17,4.519999980926514,4.260000228881836,4.329999923706055,4.489999771118164,90800,4.489999771118164
2011-11-18,4.829999923706055,4.460000038146973,4.46999979019165,4.800000190734863,40200,4.800000190734863
2011-11-21,4.75,4.610000133514404,4.710000038146973,4.630000114440918,31400,4.630000114440918
2011-11-22,4.730000019073486,4.570000171661377,4.630000114440918,4.570000171661377,31000,4.570000171661377
2011-11-23,4.559999942779541,4.329999923706055,4.559999942779541,4.360000133514404,32000,4.360000133514404
2011-11-25,4.400000095367432,4.25,4.380000114440918,4.28000020980835,35200,4.28000020980835
2011-11-28,4.449999809265137,4.260000228881836,4.409999847412109,4.440000057220459,40200,4.440000057220459
2011-11-29,4.400000095367432,4.289999961853027,4.400000095367432,4.300000190734863,8200,4.300000190734863
2011-11-30,4.849999904632568,4.449999809265137,4.460000038146973,4.849999904632568,58100,4.849999904632568
2011-12-01,5.050000190734863,4.619999885559082,4.789999961853027,4.880000114440918,202800,4.880000114440918
2011-12-02,4.980000019073486,4.75,4.980000019073486,4.829999923706055,28100,4.829999923706055
2011-12-05,4.889999866485596,4.699999809265137,4.889999866485596,4.75,45600,4.75
2011-12-06,4.820000171661377,4.639999866485596,4.75,4.789999961853027,106900,4.789999961853027
2011-12-07,4.75,4.590000152587891,4.730000019073486,4.650000095367432,27700,4.650000095367432
2011-12-08,4.599999904632568,4.380000114440918,4.599999904632568,4.400000095367432,32900,4.400000095367432
2011-12-09,4.590000152587891,4.400000095367432,4.400000095367432,4.550000190734863,38000,4.550000190734863
2011-12-12,4.610000133514404,4.5,4.5,4.570000171661377,21700,4.570000171661377
2011-12-13,4.599999904632568,4.28000020980835,4.599999904632568,4.329999923706055,34200,4.329999923706055
2011-12-14,4.539999961853027,4.320000171661377,4.320000171661377,4.5,47700,4.5
2011-12-15,4.559999942779541,4.340000152587891,4.53000020980835,4.400000095367432,32900,4.400000095367432
2011-12-16,4.579999923706055,4.21999979019165,4.400000095367432,4.579999923706055,115900,4.579999923706055
2011-12-19,4.699999809265137,4.510000228881836,4.559999942779541,4.510000228881836,26300,4.510000228881836
2011-12-20,4.550000190734863,4.400000095367432,4.550000190734863,4.449999809265137,59200,4.449999809265137
2011-12-21,4.460000038146973,4.349999904632568,4.409999847412109,4.440000057220459,26900,4.440000057220459
2011-12-22,4.670000076293945,4.400000095367432,4.449999809265137,4.550000190734863,47600,4.550000190734863
2011-12-23,4.639999866485596,4.420000076293945,4.559999942779541,4.440000057220459,18400,4.440000057220459
2011-12-27,4.5,4.400000095367432,4.420000076293945,4.409999847412109,35400,4.409999847412109
2011-12-28,4.449999809265137,4.380000114440918,4.389999866485596,4.400000095367432,54600,4.400000095367432
2011-12-29,4.519999980926514,4.380000114440918,4.400000095367432,4.519999980926514,172900,4.519999980926514
2011-12-30,4.519999980926514,4.409999847412109,4.489999771118164,4.510000228881836,57100,4.510000228881836
2012-01-03,5.050000190734863,4.599999904632568,4.599999904632568,5.050000190734863,51500,5.050000190734863
2012-01-04,5.050000190734863,4.920000076293945,5.0,4.96999979019165,18600,4.96999979019165
2012-01-05,5.070000171661377,4.789999961853027,4.920000076293945,5.070000171661377,23100,5.070000171661377
2012-01-06,5.090000152587891,4.920000076293945,5.0,5.019999980926514,35400,5.019999980926514
2012-01-09,5.050000190734863,4.940000057220459,5.050000190734863,5.0,53100,5.0
2012-01-10,5.039999961853027,4.949999809265137,5.039999961853027,5.0,25700,5.0
2012-01-11,5.039999961853027,4.949999809265137,4.960000038146973,4.980000019073486,24200,4.980000019073486
2012-01-12,4.980000019073486,4.869999885559082,4.949999809265137,4.920000076293945,23400,4.920000076293945
2012-01-13,4.940000057220459,4.820000171661377,4.820000171661377,4.880000114440918,15000,4.880000114440918
2012-01-17,4.929999828338623,4.840000152587891,4.909999847412109,4.909999847412109,20300,4.909999847412109
2012-01-18,4.960000038146973,4.639999866485596,4.900000095367432,4.949999809265137,48700,4.949999809265137
2012-01-19,4.980000019073486,4.889999866485596,4.980000019073486,4.949999809265137,28500,4.949999809265137
2012-01-20,4.980000019073486,4.829999923706055,4.96999979019165,4.909999847412109,22800,4.909999847412109
2012-01-23,4.960000038146973,4.880000114440918,4.880000114440918,4.929999828338623,6500,4.929999828338623
2012-01-24,5.090000152587891,4.889999866485596,4.889999866485596,5.090000152587891,22200,5.090000152587891
2012-01-25,5.289999961853027,5.0,5.039999961853027,5.289999961853027,36000,5.289999961853027
2012-01-26,5.329999923706055,5.130000114440918,5.329999923706055,5.21999979019165,49000,5.21999979019165
2012-01-27,5.360000133514404,5.090000152587891,5.179999828338623,5.25,40100,5.25
2012-01-30,5.269999980926514,5.110000133514404,5.21999979019165,5.199999809265137,25600,5.199999809265137
2012-01-31,5.28000020980835,5.159999847412109,5.260000228881836,5.21999979019165,15500,5.21999979019165
2012-02-01,5.389999866485596,5.159999847412109,5.260000228881836,5.349999904632568,57100,5.349999904632568
2012-02-02,5.489999771118164,5.199999809265137,5.329999923706055,5.449999809265137,34100,5.449999809265137
2012-02-03,5.599999904632568,5.25,5.599999904632568,5.53000020980835,70500,5.53000020980835
2012-02-06,5.579999923706055,5.289999961853027,5.5,5.539999961853027,23900,5.539999961853027
2012-02-07,5.670000076293945,5.460000038146973,5.5,5.550000190734863,38600,5.550000190734863
2012-02-08,5.650000095367432,5.46999979019165,5.550000190734863,5.579999923706055,27100,5.579999923706055
2012-02-09,5.639999866485596,5.449999809265137,5.639999866485596,5.46999979019165,18200,5.46999979019165
2012-02-10,5.440000057220459,5.269999980926514,5.440000057220459,5.289999961853027,37800,5.289999961853027
2012-02-13,5.449999809265137,5.289999961853027,5.380000114440918,5.389999866485596,27400,5.389999866485596
2012-02-14,5.360000133514404,5.269999980926514,5.360000133514404,5.28000020980835,21400,5.28000020980835
2012-02-15,5.349999904632568,5.070000171661377,5.300000190734863,5.119999885559082,66400,5.119999885559082
2012-02-16,5.150000095367432,5.0,5.130000114440918,5.079999923706055,81300,5.079999923706055
2012-02-17,5.21999979019165,5.050000190734863,5.150000095367432,5.170000076293945,29100,5.170000076293945
2012-02-21,5.269999980926514,5.150000095367432,5.159999847412109,5.190000057220459,21600,5.190000057220459
2012-02-22,5.340000152587891,5.130000114440918,5.199999809265137,5.130000114440918,26800,5.130000114440918
2012-02-23,5.230000019073486,5.099999904632568,5.130000114440918,5.21999979019165,25200,5.21999979019165
2012-02-24,5.320000171661377,5.159999847412109,5.210000038146973,5.199999809265137,17900,5.199999809265137
2012-02-27,5.190000057220459,5.050000190734863,5.099999904632568,5.070000171661377,17700,5.070000171661377
2012-02-28,5.170000076293945,5.090000152587891,5.090000152587891,5.110000133514404,13500,5.110000133514404
2012-02-29,5.119999885559082,4.960000038146973,5.119999885559082,4.960000038146973,51900,4.960000038146973
2012-03-01,5.159999847412109,4.949999809265137,5.0,4.96999979019165,15000,4.96999979019165
2012-03-02,5.03000020980835,4.71999979019165,4.989999771118164,4.71999979019165,54200,4.71999979019165
2012-03-05,5.079999923706055,4.710000038146973,4.71999979019165,4.949999809265137,18300,4.949999809265137
2012-03-06,5.079999923706055,4.78000020980835,4.880000114440918,4.829999923706055,56300,4.829999923706055
2012-03-07,5.139999866485596,4.869999885559082,4.869999885559082,5.130000114440918,26700,5.130000114440918
2012-03-08,5.190000057220459,4.989999771118164,5.190000057220459,5.070000171661377,18700,5.070000171661377
2012-03-09,5.139999866485596,5.039999961853027,5.039999961853027,5.079999923706055,17600,5.079999923706055
2012-03-12,5.21999979019165,5.03000020980835,5.070000171661377,5.210000038146973,49500,5.210000038146973
2012-03-13,5.489999771118164,5.190000057220459,5.21999979019165,5.489999771118164,37700,5.489999771118164
2012-03-14,5.519999980926514,5.369999885559082,5.449999809265137,5.380000114440918,15400,5.380000114440918
2012-03-15,5.440000057220459,5.28000020980835,5.400000095367432,5.429999828338623,12700,5.429999828338623
2012-03-16,5.489999771118164,5.309999942779541,5.449999809265137,5.420000076293945,50700,5.420000076293945
2012-03-19,5.739999771118164,5.309999942779541,5.360000133514404,5.739999771118164,51400,5.739999771118164
2012-03-20,5.840000152587891,5.590000152587891,5.670000076293945,5.739999771118164,62300,5.739999771118164
2012-03-21,5.789999961853027,5.599999904632568,5.769999980926514,5.650000095367432,37800,5.650000095367432
2012-03-22,6.369999885559082,5.510000228881836,6.019999980926514,5.78000020980835,158300,5.78000020980835
2012-03-23,5.840000152587891,5.659999847412109,5.789999961853027,5.679999828338623,76600,5.679999828338623
2012-03-26,5.809999942779541,5.610000133514404,5.769999980926514,5.690000057220459,76800,5.690000057220459
2012-03-27,5.829999923706055,5.599999904632568,5.71999979019165,5.619999885559082,49500,5.619999885559082
2012-03-28,5.699999809265137,5.510000228881836,5.650000095367432,5.639999866485596,20700,5.639999866485596
2012-03-29,5.650000095367432,5.519999980926514,5.579999923706055,5.550000190734863,18000,5.550000190734863
2012-03-30,6.070000171661377,5.519999980926514,5.619999885559082,6.070000171661377,164300,6.070000171661377
2012-04-02,6.159999847412109,5.900000095367432,5.929999828338623,6.090000152587891,102700,6.090000152587891
2012-04-03,6.800000190734863,6.059999942779541,6.090000152587891,6.599999904632568,257500,6.599999904632568
2012-04-04,6.590000152587891,6.329999923706055,6.510000228881836,6.489999771118164,60500,6.489999771118164
2012-04-05,6.5,6.400000095367432,6.440000057220459,6.429999828338623,62900,6.429999828338623
2012-04-09,6.510000228881836,6.230000019073486,6.300000190734863,6.46999979019165,71000,6.46999979019165
2012-04-10,6.480000019073486,6.070000171661377,6.46999979019165,6.070000171661377,59800,6.070000171661377
2012-04-11,6.21999979019165,6.070000171661377,6.110000133514404,6.190000057220459,39700,6.190000057220459
2012-04-12,6.5,6.190000057220459,6.190000057220459,6.420000076293945,36100,6.420000076293945
2012-04-13,6.369999885559082,6.230000019073486,6.369999885559082,6.309999942779541,20500,6.309999942779541
2012-04-16,6.730000019073486,6.260000228881836,6.380000114440918,6.599999904632568,108600,6.599999904632568
2012-04-17,6.599999904632568,6.269999980926514,6.599999904632568,6.340000152587891,57600,6.340000152587891
2012-04-18,6.329999923706055,6.25,6.28000020980835,6.25,21600,6.25
2012-04-19,6.289999961853027,5.880000114440918,6.269999980926514,5.949999809265137,37800,5.949999809265137
2012-04-20,6.190000057220459,5.980000019073486,6.099999904632568,6.130000114440918,48900,6.130000114440918
2012-04-23,6.300000190734863,6.010000228881836,6.010000228881836,6.199999809265137,58700,6.199999809265137
2012-04-24,6.320000171661377,6.03000020980835,6.190000057220459,6.300000190734863,35500,6.300000190734863
2012-04-25,6.349999904632568,6.179999828338623,6.349999904632568,6.21999979019165,27200,6.21999979019165
2012-04-26,6.260000228881836,6.059999942779541,6.190000057220459,6.21999979019165,44800,6.21999979019165
2012-04-27,6.230000019073486,6.059999942779541,6.199999809265137,6.21999979019165,81900,6.21999979019165
2012-04-30,6.230000019073486,6.090000152587891,6.179999828338623,6.119999885559082,55000,6.119999885559082
2012-05-01,6.309999942779541,6.110000133514404,6.110000133514404,6.110000133514404,52700,6.110000133514404
2012-05-02,6.21999979019165,5.949999809265137,6.110000133514404,6.070000171661377,60000,6.070000171661377
2012-05-03,6.179999828338623,5.960000038146973,6.050000190734863,5.96999979019165,26000,5.96999979019165
2012-05-04,6.0,5.829999923706055,5.949999809265137,5.860000133514404,47300,5.860000133514404
2012-05-07,6.039999961853027,5.809999942779541,5.809999942779541,5.989999771118164,26000,5.989999771118164
2012-05-08,6.25,5.880000114440918,5.960000038146973,6.210000038146973,19300,6.210000038146973
2012-05-09,6.28000020980835,5.889999866485596,6.119999885559082,6.039999961853027,137000,6.039999961853027
2012-05-10,6.190000057220459,5.980000019073486,6.130000114440918,6.119999885559082,10700,6.119999885559082
2012-05-11,6.150000095367432,5.829999923706055,6.130000114440918,5.860000133514404,46000,5.860000133514404
2012-05-14,5.840000152587891,5.639999866485596,5.78000020980835,5.650000095367432,37000,5.650000095367432
2012-05-15,5.809999942779541,5.539999961853027,5.619999885559082,5.699999809265137,27000,5.699999809265137
2012-05-16,5.840000152587891,5.670000076293945,5.75,5.769999980926514,25100,5.769999980926514
2012-05-17,5.78000020980835,5.650000095367432,5.769999980926514,5.659999847412109,31200,5.659999847412109
2012-05-18,5.610000133514404,5.510000228881836,5.610000133514404,5.53000020980835,50500,5.53000020980835
2012-05-21,5.579999923706055,5.21999979019165,5.519999980926514,5.559999942779541,42100,5.559999942779541
2012-05-22,5.659999847412109,5.380000114440918,5.579999923706055,5.429999828338623,22000,5.429999828338623
2012-05-23,5.429999828338623,5.300000190734863,5.360000133514404,5.409999847412109,32000,5.409999847412109
2012-05-24,5.429999828338623,5.289999961853027,5.429999828338623,5.409999847412109,19100,5.409999847412109
2012-05-25,5.449999809265137,5.190000057220459,5.409999847412109,5.400000095367432,55400,5.400000095367432
2012-05-29,5.539999961853027,5.25,5.389999866485596,5.320000171661377,25000,5.320000171661377
2012-05-30,5.349999904632568,5.090000152587891,5.289999961853027,5.099999904632568,32800,5.099999904632568
2012-05-31,5.239999771118164,5.039999961853027,5.130000114440918,5.110000133514404,55900,5.110000133514404
2012-06-01,5.210000038146973,4.980000019073486,5.039999961853027,5.079999923706055,60300,5.079999923706055
2012-06-04,5.320000171661377,5.079999923706055,5.079999923706055,5.28000020980835,36500,5.28000020980835
2012-06-05,5.460000038146973,5.21999979019165,5.21999979019165,5.349999904632568,19600,5.349999904632568
2012-06-06,5.619999885559082,5.289999961853027,5.349999904632568,5.46999979019165,51900,5.46999979019165
2012-06-07,5.599999904632568,5.420000076293945,5.539999961853027,5.460000038146973,29300,5.460000038146973
2012-06-08,5.800000190734863,5.320000171661377,5.539999961853027,5.75,100100,5.75
2012-06-11,6.0,5.619999885559082,5.860000133514404,5.670000076293945,50200,5.670000076293945
2012-06-12,5.989999771118164,5.590000152587891,5.670000076293945,5.869999885559082,38800,5.869999885559082
2012-06-13,6.0,5.550000190734863,5.909999847412109,5.730000019073486,69400,5.730000019073486
2012-06-14,5.949999809265137,5.639999866485596,5.900000095367432,5.900000095367432,42900,5.900000095367432
2012-06-15,5.989999771118164,5.579999923706055,5.860000133514404,5.840000152587891,107900,5.840000152587891
2012-06-18,5.800000190734863,5.550000190734863,5.789999961853027,5.659999847412109,46700,5.659999847412109
2012-06-19,6.0,5.590000152587891,5.690000057220459,5.960000038146973,87000,5.960000038146973
2012-06-20,6.199999809265137,5.78000020980835,5.980000019073486,6.190000057220459,63600,6.190000057220459
2012-06-21,6.309999942779541,6.059999942779541,6.139999866485596,6.28000020980835,58700,6.28000020980835
2012-06-22,6.699999809265137,6.21999979019165,6.289999961853027,6.610000133514404,474300,6.610000133514404
2012-06-25,6.539999961853027,6.110000133514404,6.170000076293945,6.46999979019165,78300,6.46999979019165
2012-06-26,6.559999942779541,6.400000095367432,6.510000228881836,6.460000038146973,26000,6.460000038146973
2012-06-27,6.699999809265137,6.429999828338623,6.460000038146973,6.639999866485596,40400,6.639999866485596
2012-06-28,6.650000095367432,6.539999961853027,6.610000133514404,6.619999885559082,20400,6.619999885559082
2012-06-29,6.760000228881836,6.519999980926514,6.760000228881836,6.699999809265137,51900,6.699999809265137
2012-07-02,6.829999923706055,6.579999923706055,6.659999847412109,6.809999942779541,83900,6.809999942779541
2012-07-03,6.849999904632568,6.690000057220459,6.78000020980835,6.849999904632568,22600,6.849999904632568
2012-07-05,6.940000057220459,6.800000190734863,6.800000190734863,6.940000057220459,74800,6.940000057220459
2012-07-06,7.099999904632568,6.880000114440918,6.880000114440918,7.050000190734863,45800,7.050000190734863
2012-07-09,7.360000133514404,7.059999942779541,7.059999942779541,7.21999979019165,114700,7.21999979019165
2012-07-10,7.380000114440918,7.230000019073486,7.300000190734863,7.300000190734863,84700,7.300000190734863
2012-07-11,7.329999923706055,7.210000038146973,7.329999923706055,7.300000190734863,39100,7.300000190734863
2012-07-12,7.480000019073486,7.179999828338623,7.230000019073486,7.269999980926514,128800,7.269999980926514
2012-07-13,7.429999828338623,7.179999828338623,7.269999980926514,7.269999980926514,65500,7.269999980926514
2012-07-16,7.349999904632568,7.210000038146973,7.28000020980835,7.230000019073486,26100,7.230000019073486
2012-07-17,7.369999885559082,7.110000133514404,7.230000019073486,7.300000190734863,29800,7.300000190734863
2012-07-18,7.460000038146973,7.239999771118164,7.300000190734863,7.389999866485596,32700,7.389999866485596
2012-07-19,7.420000076293945,7.130000114440918,7.420000076293945,7.170000076293945,31000,7.170000076293945
2012-07-20,7.21999979019165,7.090000152587891,7.090000152587891,7.139999866485596,22700,7.139999866485596
2012-07-23,6.980000019073486,6.550000190734863,6.909999847412109,6.559999942779541,73300,6.559999942779541
2012-07-24,6.650000095367432,6.5,6.599999904632568,6.519999980926514,38800,6.519999980926514
2012-07-25,6.650000095367432,6.5,6.579999923706055,6.519999980926514,28400,6.519999980926514
2012-07-26,6.75,6.639999866485596,6.659999847412109,6.690000057220459,27600,6.690000057220459
2012-07-27,6.699999809265137,6.519999980926514,6.699999809265137,6.650000095367432,37400,6.650000095367432
2012-07-30,6.690000057220459,6.489999771118164,6.690000057220459,6.539999961853027,17400,6.539999961853027
2012-07-31,6.630000114440918,6.369999885559082,6.5,6.630000114440918,28000,6.630000114440918
2012-08-01,6.659999847412109,6.300000190734863,6.639999866485596,6.300000190734863,59900,6.300000190734863
2012-08-02,6.409999847412109,6.300000190734863,6.320000171661377,6.360000133514404,27200,6.360000133514404
2012-08-03,6.710000038146973,5.960000038146973,6.389999866485596,6.679999828338623,64100,6.679999828338623
2012-08-06,6.880000114440918,6.659999847412109,6.659999847412109,6.869999885559082,43300,6.869999885559082
2012-08-07,6.989999771118164,6.860000133514404,6.860000133514404,6.920000076293945,42600,6.920000076293945
2012-08-08,6.960000038146973,6.570000171661377,6.860000133514404,6.610000133514404,34000,6.610000133514404
2012-08-09,6.869999885559082,6.5,6.579999923706055,6.53000020980835,15600,6.53000020980835
2012-08-10,6.590000152587891,6.260000228881836,6.5,6.309999942779541,43100,6.309999942779541
2012-08-13,6.400000095367432,6.199999809265137,6.320000171661377,6.380000114440918,16800,6.380000114440918
2012-08-14,6.389999866485596,6.21999979019165,6.389999866485596,6.349999904632568,25600,6.349999904632568
2012-08-15,6.409999847412109,6.150000095367432,6.349999904632568,6.260000228881836,57800,6.260000228881836
2012-08-16,6.21999979019165,6.0,6.21999979019165,6.130000114440918,44800,6.130000114440918
2012-08-17,6.320000171661377,6.110000133514404,6.110000133514404,6.28000020980835,34600,6.28000020980835
2012-08-20,6.28000020980835,6.119999885559082,6.28000020980835,6.210000038146973,14400,6.210000038146973
2012-08-21,6.269999980926514,6.099999904632568,6.210000038146973,6.139999866485596,29200,6.139999866485596
2012-08-22,6.329999923706055,6.119999885559082,6.130000114440918,6.139999866485596,9000,6.139999866485596
2012-08-23,6.130000114440918,6.0,6.110000133514404,6.0,54400,6.0
2012-08-24,6.059999942779541,5.960000038146973,5.96999979019165,6.050000190734863,10900,6.050000190734863
2012-08-27,6.059999942779541,5.96999979019165,6.010000228881836,5.989999771118164,18800,5.989999771118164
2012-08-28,6.050000190734863,6.010000228881836,6.010000228881836,6.050000190734863,19100,6.050000190734863
2012-08-29,6.349999904632568,6.010000228881836,6.039999961853027,6.309999942779541,27100,6.309999942779541
2012-08-30,6.570000171661377,6.349999904632568,6.349999904632568,6.360000133514404,25900,6.360000133514404
2012-08-31,6.429999828338623,5.980000019073486,6.429999828338623,5.980000019073486,69600,5.980000019073486
2012-09-04,6.409999847412109,6.050000190734863,6.050000190734863,6.269999980926514,44500,6.269999980926514
2012-09-05,6.440000057220459,6.25,6.349999904632568,6.340000152587891,34900,6.340000152587891
2012-09-06,6.75,6.349999904632568,6.409999847412109,6.730000019073486,104700,6.730000019073486
2012-09-07,6.849999904632568,6.670000076293945,6.760000228881836,6.690000057220459,31300,6.690000057220459
2012-09-10,6.659999847412109,6.289999961853027,6.659999847412109,6.289999961853027,28500,6.289999961853027
2012-09-11,6.400000095367432,6.139999866485596,6.360000133514404,6.170000076293945,32500,6.170000076293945
2012-09-12,6.300000190734863,6.179999828338623,6.210000038146973,6.260000228881836,18300,6.260000228881836
2012-09-13,6.420000076293945,6.159999847412109,6.159999847412109,6.389999866485596,67400,6.389999866485596
2012-09-14,6.550000190734863,6.389999866485596,6.400000095367432,6.53000020980835,40100,6.53000020980835
2012-09-17,6.519999980926514,6.340000152587891,6.46999979019165,6.480000019073486,28200,6.480000019073486
2012-09-18,6.699999809265137,6.440000057220459,6.440000057220459,6.619999885559082,26700,6.619999885559082
2012-09-19,6.710000038146973,6.5,6.619999885559082,6.570000171661377,45800,6.570000171661377
2012-09-20,6.570000171661377,6.46999979019165,6.519999980926514,6.480000019073486,10800,6.480000019073486
2012-09-21,6.849999904632568,6.590000152587891,6.599999904632568,6.75,77900,6.75
2012-09-24,6.809999942779541,6.639999866485596,6.71999979019165,6.739999771118164,23600,6.739999771118164
2012-09-25,6.889999866485596,6.659999847412109,6.800000190734863,6.690000057220459,47500,6.690000057220459
2012-09-26,6.739999771118164,6.599999904632568,6.710000038146973,6.699999809265137,35300,6.699999809265137
2012-09-27,6.699999809265137,6.559999942779541,6.699999809265137,6.699999809265137,29900,6.699999809265137
2012-09-28,6.75,6.5,6.639999866485596,6.730000019073486,116100,6.730000019073486
2012-10-01,6.889999866485596,6.550000190734863,6.760000228881836,6.610000133514404,16600,6.610000133514404
2012-10-02,6.619999885559082,6.5,6.619999885559082,6.539999961853027,29300,6.539999961853027
2012-10-03,6.519999980926514,6.190000057220459,6.519999980926514,6.329999923706055,61900,6.329999923706055
2012-10-04,6.480000019073486,6.329999923706055,6.329999923706055,6.409999847412109,80900,6.409999847412109
2012-10-05,6.449999809265137,6.269999980926514,6.449999809265137,6.409999847412109,55200,6.409999847412109
2012-10-08,6.449999809265137,6.340000152587891,6.400000095367432,6.409999847412109,5300,6.409999847412109
2012-10-09,6.429999828338623,6.230000019073486,6.429999828338623,6.300000190734863,11400,6.300000190734863
2012-10-10,6.639999866485596,6.25,6.329999923706055,6.599999904632568,24400,6.599999904632568
2012-10-11,6.710000038146973,6.650000095367432,6.670000076293945,6.699999809265137,19000,6.699999809265137
2012-10-12,6.699999809265137,6.53000020980835,6.699999809265137,6.650000095367432,13300,6.650000095367432
2012-10-15,6.690000057220459,6.489999771118164,6.650000095367432,6.630000114440918,12200,6.630000114440918
2012-10-16,6.690000057220459,6.590000152587891,6.690000057220459,6.659999847412109,6000,6.659999847412109
2012-10-17,6.699999809265137,6.570000171661377,6.639999866485596,6.659999847412109,12100,6.659999847412109
2012-10-18,6.690000057220459,6.539999961853027,6.679999828338623,6.650000095367432,7800,6.650000095367432
2012-10-19,6.650000095367432,6.409999847412109,6.579999923706055,6.480000019073486,40400,6.480000019073486
2012-10-22,6.5,6.21999979019165,6.449999809265137,6.239999771118164,12200,6.239999771118164
2012-10-23,6.360000133514404,6.199999809265137,6.210000038146973,6.21999979019165,11900,6.21999979019165
2012-10-24,6.300000190734863,6.150000095367432,6.260000228881836,6.210000038146973,17600,6.210000038146973
2012-10-25,6.28000020980835,6.139999866485596,6.28000020980835,6.179999828338623,5600,6.179999828338623
2012-10-26,6.389999866485596,6.139999866485596,6.170000076293945,6.239999771118164,10900,6.239999771118164
2012-10-31,6.46999979019165,6.210000038146973,6.21999979019165,6.389999866485596,8500,6.389999866485596
2012-11-01,6.739999771118164,6.420000076293945,6.420000076293945,6.639999866485596,41000,6.639999866485596
2012-11-02,6.730000019073486,6.28000020980835,6.639999866485596,6.28000020980835,31600,6.28000020980835
2012-11-05,6.440000057220459,6.150000095367432,6.300000190734863,6.300000190734863,15200,6.300000190734863
2012-11-06,6.440000057220459,6.210000038146973,6.340000152587891,6.400000095367432,12700,6.400000095367432
2012-11-07,6.320000171661377,6.110000133514404,6.300000190734863,6.130000114440918,45400,6.130000114440918
2012-11-08,6.550000190734863,6.099999904632568,6.260000228881836,6.139999866485596,39800,6.139999866485596
2012-11-09,6.199999809265137,6.070000171661377,6.099999904632568,6.070000171661377,26200,6.070000171661377
2012-11-12,6.170000076293945,6.050000190734863,6.070000171661377,6.119999885559082,25200,6.119999885559082
2012-11-13,6.199999809265137,6.099999904632568,6.110000133514404,6.099999904632568,7700,6.099999904632568
2012-11-14,6.159999847412109,6.019999980926514,6.130000114440918,6.079999923706055,42100,6.079999923706055
2012-11-15,6.099999904632568,5.949999809265137,6.050000190734863,5.949999809265137,31900,5.949999809265137
2012-11-16,5.929999828338623,5.71999979019165,5.929999828338623,5.820000171661377,32000,5.820000171661377
2012-11-19,6.449999809265137,6.039999961853027,6.420000076293945,6.25,50400,6.25
2012-11-20,6.21999979019165,6.039999961853027,6.21999979019165,6.099999904632568,14300,6.099999904632568
2012-11-21,6.369999885559082,6.079999923706055,6.099999904632568,6.340000152587891,21100,6.340000152587891
2012-11-23,6.380000114440918,6.260000228881836,6.369999885559082,6.340000152587891,12600,6.340000152587891
2012-11-26,6.380000114440918,6.230000019073486,6.300000190734863,6.349999904632568,19500,6.349999904632568
2012-11-27,6.369999885559082,6.21999979019165,6.320000171661377,6.25,14900,6.25
2012-11-28,6.329999923706055,6.110000133514404,6.210000038146973,6.320000171661377,12400,6.320000171661377
2012-11-29,6.460000038146973,6.230000019073486,6.380000114440918,6.460000038146973,29700,6.460000038146973
2012-11-30,6.460000038146973,6.269999980926514,6.460000038146973,6.360000133514404,29700,6.360000133514404
2012-12-03,6.449999809265137,6.309999942779541,6.429999828338623,6.429999828338623,8900,6.429999828338623
2012-12-04,6.440000057220459,6.360000133514404,6.440000057220459,6.380000114440918,33500,6.380000114440918
2012-12-05,6.429999828338623,6.239999771118164,6.420000076293945,6.329999923706055,20800,6.329999923706055
2012-12-06,6.320000171661377,6.25,6.309999942779541,6.300000190734863,14800,6.300000190734863
2012-12-07,6.329999923706055,5.989999771118164,6.329999923706055,6.139999866485596,15800,6.139999866485596
2012-12-10,6.260000228881836,6.119999885559082,6.170000076293945,6.260000228881836,51200,6.260000228881836
2012-12-11,6.690000057220459,6.320000171661377,6.320000171661377,6.639999866485596,30600,6.639999866485596
2012-12-12,6.699999809265137,6.5,6.639999866485596,6.570000171661377,15800,6.570000171661377
2012-12-13,6.570000171661377,6.429999828338623,6.46999979019165,6.539999961853027,9800,6.539999961853027
2012-12-14,6.670000076293945,6.510000228881836,6.510000228881836,6.659999847412109,17000,6.659999847412109
2012-12-17,6.75,6.579999923706055,6.670000076293945,6.75,36300,6.75
2012-12-18,6.849999904632568,6.639999866485596,6.75,6.849999904632568,28400,6.849999904632568
2012-12-19,6.849999904632568,6.650000095367432,6.800000190734863,6.849999904632568,53700,6.849999904632568
2012-12-20,6.849999904632568,6.480000019073486,6.829999923706055,6.840000152587891,56300,6.840000152587891
2012-12-21,6.860000133514404,6.559999942779541,6.800000190734863,6.860000133514404,122300,6.860000133514404
2012-12-24,6.75,6.380000114440918,6.75,6.650000095367432,38900,6.650000095367432
2012-12-26,6.590000152587891,6.460000038146973,6.570000171661377,6.53000020980835,58100,6.53000020980835
2012-12-27,6.599999904632568,6.460000038146973,6.550000190734863,6.480000019073486,40200,6.480000019073486
2012-12-28,6.480000019073486,6.389999866485596,6.480000019073486,6.440000057220459,21800,6.440000057220459
2012-12-31,6.690000057220459,6.409999847412109,6.449999809265137,6.690000057220459,40100,6.690000057220459
2013-01-02,6.989999771118164,6.670000076293945,6.75,6.980000019073486,83400,6.980000019073486
2013-01-03,7.050000190734863,6.78000020980835,6.960000038146973,6.78000020980835,30000,6.78000020980835
2013-01-04,7.159999847412109,6.610000133514404,6.849999904632568,7.019999980926514,30700,7.019999980926514
2013-01-07,7.039999961853027,6.909999847412109,6.960000038146973,6.96999979019165,24700,6.96999979019165
2013-01-08,7.130000114440918,6.929999828338623,6.989999771118164,7.059999942779541,24500,7.059999942779541
2013-01-09,7.199999809265137,7.0,7.059999942779541,7.130000114440918,19900,7.130000114440918
2013-01-10,7.25,7.019999980926514,7.159999847412109,7.239999771118164,17200,7.239999771118164
2013-01-11,7.260000228881836,7.150000095367432,7.260000228881836,7.239999771118164,34000,7.239999771118164
2013-01-14,7.289999961853027,7.039999961853027,7.199999809265137,7.159999847412109,11800,7.159999847412109
2013-01-15,7.260000228881836,7.0,7.099999904632568,7.150000095367432,8600,7.150000095367432
2013-01-16,7.21999979019165,7.019999980926514,7.150000095367432,7.070000171661377,25000,7.070000171661377
2013-01-17,7.130000114440918,7.019999980926514,7.110000133514404,7.090000152587891,14600,7.090000152587891
2013-01-18,7.059999942779541,6.949999809265137,7.059999942779541,6.960000038146973,26500,6.960000038146973
2013-01-22,7.150000095367432,6.940000057220459,6.949999809265137,7.099999904632568,20300,7.099999904632568
2013-01-23,7.139999866485596,6.96999979019165,7.079999923706055,6.989999771118164,18900,6.989999771118164
2013-01-24,7.059999942779541,6.78000020980835,7.019999980926514,6.889999866485596,16500,6.889999866485596
2013-01-25,7.039999961853027,6.860000133514404,6.940000057220459,6.989999771118164,18100,6.989999771118164
2013-01-28,6.980000019073486,6.699999809265137,6.980000019073486,6.900000095367432,25800,6.900000095367432
2013-01-29,7.119999885559082,6.789999961853027,6.869999885559082,7.099999904632568,22500,7.099999904632568
2013-01-30,7.070000171661377,6.840000152587891,7.070000171661377,6.880000114440918,10500,6.880000114440918
2013-01-31,7.039999961853027,6.800000190734863,6.980000019073486,6.820000171661377,105200,6.820000171661377
2013-02-01,7.329999923706055,6.789999961853027,6.869999885559082,7.25,63200,7.25
2013-02-04,7.260000228881836,7.0,7.210000038146973,7.0,18100,7.0
2013-02-05,7.550000190734863,7.050000190734863,7.050000190734863,7.53000020980835,39600,7.53000020980835
2013-02-06,7.840000152587891,7.440000057220459,7.46999979019165,7.699999809265137,231200,7.699999809265137
2013-02-07,7.860000133514404,7.679999828338623,7.679999828338623,7.820000171661377,95500,7.820000171661377
2013-02-08,7.889999866485596,7.670000076293945,7.849999904632568,7.829999923706055,77400,7.829999923706055
2013-02-11,7.860000133514404,7.730000019073486,7.829999923706055,7.769999980926514,9100,7.769999980926514
2013-02-12,7.889999866485596,7.630000114440918,7.71999979019165,7.869999885559082,27500,7.869999885559082
2013-02-13,7.889999866485596,7.769999980926514,7.849999904632568,7.800000190734863,121400,7.800000190734863
2013-02-14,7.960000038146973,7.760000228881836,7.760000228881836,7.940000057220459,35400,7.940000057220459
2013-02-15,7.989999771118164,7.849999904632568,7.989999771118164,7.889999866485596,39000,7.889999866485596
2013-02-19,8.050000190734863,7.71999979019165,7.889999866485596,8.039999961853027,80200,8.039999961853027
2013-02-20,8.0600004196167,7.989999771118164,8.050000190734863,8.010000228881836,46700,8.010000228881836
2013-02-21,8.069999694824219,7.929999828338623,8.0,8.069999694824219,8500,8.069999694824219
2013-02-22,8.119999885559082,7.849999904632568,8.119999885559082,8.0,107900,8.0
2013-02-25,8.09000015258789,7.690000057220459,8.069999694824219,7.699999809265137,21900,7.699999809265137
2013-02-26,8.260000228881836,7.75,7.75,8.180000305175781,32600,8.180000305175781
2013-02-27,8.210000038146973,8.079999923706055,8.15999984741211,8.119999885559082,39800,8.119999885559082
2013-02-28,8.140000343322754,8.050000190734863,8.050000190734863,8.140000343322754,52900,8.140000343322754
2013-03-01,8.210000038146973,7.880000114440918,7.980000019073486,8.210000038146973,28800,8.210000038146973
2013-03-04,8.289999961853027,8.079999923706055,8.220000267028809,8.260000228881836,35500,8.260000228881836
2013-03-05,8.630000114440918,8.319999694824219,8.319999694824219,8.550000190734863,71700,8.550000190734863
2013-03-06,8.5600004196167,8.170000076293945,8.5600004196167,8.369999885559082,24700,8.369999885559082
2013-03-07,8.5,8.25,8.350000381469727,8.40999984741211,16800,8.40999984741211
2013-03-08,8.520000457763672,8.34000015258789,8.520000457763672,8.40999984741211,24100,8.40999984741211
2013-03-11,8.59000015258789,8.3100004196167,8.350000381469727,8.449999809265137,33200,8.449999809265137
2013-03-12,8.430000305175781,8.050000190734863,8.390000343322754,8.220000267028809,25600,8.220000267028809
2013-03-13,8.369999885559082,8.15999984741211,8.1899995803833,8.359999656677246,16000,8.359999656677246
2013-03-14,8.449999809265137,8.260000228881836,8.300000190734863,8.430000305175781,17400,8.430000305175781
2013-03-15,8.539999961853027,8.329999923706055,8.380000114440918,8.329999923706055,164800,8.329999923706055
2013-03-18,8.300000190734863,8.119999885559082,8.229999542236328,8.170000076293945,19800,8.170000076293945
2013-03-19,8.25,8.069999694824219,8.069999694824219,8.199999809265137,37200,8.199999809265137
2013-03-20,8.550000190734863,8.050000190734863,8.199999809265137,8.510000228881836,45400,8.510000228881836
2013-03-21,8.229999542236328,7.940000057220459,8.229999542236328,8.0,169600,8.0
2013-03-22,8.09000015258789,7.96999979019165,8.010000228881836,8.0600004196167,421900,8.0600004196167
2013-03-25,8.140000343322754,7.880000114440918,8.130000114440918,7.920000076293945,19700,7.920000076293945
2013-03-26,8.0600004196167,7.710000038146973,7.960000038146973,7.809999942779541,36900,7.809999942779541
2013-03-27,7.710000038146973,7.429999828338623,7.699999809265137,7.489999771118164,22300,7.489999771118164
2013-03-28,7.630000114440918,7.449999809265137,7.579999923706055,7.480000019073486,26300,7.480000019073486
2013-04-01,7.5,6.909999847412109,7.449999809265137,7.190000057220459,103700,7.190000057220459
2013-04-02,7.25,6.809999942779541,7.210000038146973,6.849999904632568,81400,6.849999904632568
2013-04-03,6.889999866485596,6.699999809265137,6.789999961853027,6.789999961853027,183300,6.789999961853027
2013-04-04,7.099999904632568,6.809999942779541,6.809999942779541,7.090000152587891,62900,7.090000152587891
2013-04-05,7.130000114440918,6.929999828338623,6.929999828338623,7.070000171661377,31600,7.070000171661377
2013-04-08,7.110000133514404,6.980000019073486,7.079999923706055,7.010000228881836,11600,7.010000228881836
2013-04-09,7.150000095367432,6.920000076293945,7.050000190734863,6.940000057220459,25600,6.940000057220459
2013-04-10,7.199999809265137,6.980000019073486,6.980000019073486,7.179999828338623,33000,7.179999828338623
2013-04-11,7.210000038146973,6.989999771118164,7.190000057220459,6.989999771118164,16200,6.989999771118164
2013-04-12,7.170000076293945,6.860000133514404,6.949999809265137,7.079999923706055,33900,7.079999923706055
2013-04-15,7.070000171661377,6.75,7.070000171661377,6.760000228881836,51900,6.760000228881836
2013-04-16,6.949999809265137,6.800000190734863,6.800000190734863,6.880000114440918,26200,6.880000114440918
2013-04-17,6.809999942779541,6.570000171661377,6.78000020980835,6.650000095367432,41300,6.650000095367432
2013-04-18,6.960000038146973,6.559999942779541,6.670000076293945,6.909999847412109,54200,6.909999847412109
2013-04-19,7.239999771118164,6.940000057220459,7.239999771118164,6.989999771118164,68000,6.989999771118164
2013-04-22,6.940000057220459,6.739999771118164,6.940000057220459,6.880000114440918,21900,6.880000114440918
2013-04-23,6.980000019073486,6.820000171661377,6.980000019073486,6.960000038146973,19000,6.960000038146973
2013-04-24,7.079999923706055,6.949999809265137,7.050000190734863,7.03000020980835,9800,7.03000020980835
2013-04-25,6.96999979019165,6.840000152587891,6.949999809265137,6.909999847412109,7100,6.909999847412109
2013-04-26,7.010000228881836,6.809999942779541,6.889999866485596,6.940000057220459,29800,6.940000057220459
2013-04-29,7.010000228881836,6.849999904632568,7.0,6.980000019073486,29000,6.980000019073486
2013-04-30,6.989999771118164,6.800000190734863,6.940000057220459,6.809999942779541,54500,6.809999942779541
2013-05-01,6.800000190734863,6.5,6.800000190734863,6.75,107300,6.75
2013-05-02,7.099999904632568,6.670000076293945,6.78000020980835,7.050000190734863,37800,7.050000190734863
2013-05-03,7.179999828338623,7.0,7.139999866485596,7.179999828338623,42800,7.179999828338623
2013-05-06,7.25,7.079999923706055,7.179999828338623,7.179999828338623,11400,7.179999828338623
2013-05-07,7.269999980926514,7.019999980926514,7.179999828338623,7.269999980926514,39800,7.269999980926514
2013-05-08,7.320000171661377,7.199999809265137,7.28000020980835,7.320000171661377,21800,7.320000171661377
2013-05-09,7.260000228881836,7.159999847412109,7.239999771118164,7.190000057220459,4200,7.190000057220459
2013-05-10,7.28000020980835,7.119999885559082,7.230000019073486,7.190000057220459,10000,7.190000057220459
2013-05-13,7.119999885559082,6.96999979019165,7.090000152587891,7.099999904632568,11500,7.099999904632568
2013-05-14,7.349999904632568,7.03000020980835,7.03000020980835,7.340000152587891,39400,7.340000152587891
2013-05-15,7.300000190734863,7.159999847412109,7.300000190734863,7.269999980926514,9700,7.269999980926514
2013-05-16,7.349999904632568,7.070000171661377,7.21999979019165,7.28000020980835,13000,7.28000020980835
2013-05-17,7.349999904632568,7.190000057220459,7.320000171661377,7.309999942779541,59900,7.309999942779541
2013-05-20,7.760000228881836,7.170000076293945,7.28000020980835,7.699999809265137,28700,7.699999809265137
2013-05-21,8.0,7.630000114440918,7.639999866485596,7.940000057220459,22900,7.940000057220459
2013-05-22,8.239999771118164,7.829999923706055,7.909999847412109,7.869999885559082,26500,7.869999885559082
2013-05-23,8.239999771118164,7.769999980926514,7.78000020980835,8.15999984741211,40500,8.15999984741211
2013-05-24,8.449999809265137,8.199999809265137,8.199999809265137,8.34000015258789,58600,8.34000015258789
2013-05-28,8.649999618530273,8.270000457763672,8.489999771118164,8.489999771118164,51700,8.489999771118164
2013-05-29,8.4399995803833,8.170000076293945,8.3100004196167,8.369999885559082,28500,8.369999885559082
2013-05-30,8.75,8.300000190734863,8.380000114440918,8.579999923706055,75900,8.579999923706055
2013-05-31,8.59000015258789,8.40999984741211,8.489999771118164,8.479999542236328,50500,8.479999542236328
2013-06-03,8.760000228881836,8.479999542236328,8.539999961853027,8.680000305175781,99000,8.680000305175781
2013-06-04,8.770000457763672,8.5,8.6899995803833,8.619999885559082,73300,8.619999885559082
2013-06-05,8.600000381469727,8.449999809265137,8.569999694824219,8.520000457763672,25900,8.520000457763672
2013-06-06,8.65999984741211,8.4399995803833,8.5,8.600000381469727,53400,8.600000381469727
2013-06-07,8.680000305175781,8.529999732971191,8.640000343322754,8.600000381469727,37600,8.600000381469727
2013-06-10,8.710000038146973,8.59000015258789,8.65999984741211,8.649999618530273,21300,8.649999618530273
2013-06-11,8.729999542236328,8.470000267028809,8.550000190734863,8.59000015258789,32100,8.59000015258789
2013-06-12,8.75,8.529999732971191,8.6899995803833,8.609999656677246,53900,8.609999656677246
2013-06-13,8.75,7.849999904632568,8.550000190734863,8.670000076293945,105000,8.670000076293945
2013-06-14,8.640000343322754,8.34000015258789,8.640000343322754,8.369999885559082,43900,8.369999885559082
2013-06-17,8.59000015258789,8.380000114440918,8.470000267028809,8.520000457763672,46600,8.520000457763672
2013-06-18,8.649999618530273,8.369999885559082,8.5600004196167,8.630000114440918,42800,8.630000114440918
2013-06-19,8.649999618530273,8.34000015258789,8.649999618530273,8.520000457763672,26100,8.520000457763672
2013-06-20,8.449999809265137,8.329999923706055,8.380000114440918,8.390000343322754,24000,8.390000343322754
2013-06-21,8.5600004196167,8.289999961853027,8.40999984741211,8.470000267028809,78500,8.470000267028809
2013-06-24,8.4399995803833,8.199999809265137,8.369999885559082,8.300000190734863,29800,8.300000190734863
2013-06-25,8.350000381469727,8.170000076293945,8.350000381469727,8.210000038146973,49000,8.210000038146973
2013-06-26,8.34000015258789,8.239999771118164,8.329999923706055,8.300000190734863,23100,8.300000190734863
2013-06-27,8.4399995803833,8.220000267028809,8.390000343322754,8.40999984741211,25700,8.40999984741211
2013-06-28,8.510000228881836,8.270000457763672,8.40999984741211,8.449999809265137,128400,8.449999809265137
2013-07-01,8.59000015258789,8.359999656677246,8.550000190734863,8.579999923706055,20300,8.579999923706055
2013-07-02,8.699999809265137,8.430000305175781,8.550000190734863,8.619999885559082,22100,8.619999885559082
2013-07-03,8.880000114440918,8.5600004196167,8.59000015258789,8.880000114440918,21400,8.880000114440918
2013-07-05,9.029999732971191,8.789999961853027,8.899999618530273,9.010000228881836,33300,9.010000228881836
2013-07-08,9.029999732971191,8.899999618530273,9.020000457763672,8.989999771118164,28500,8.989999771118164
2013-07-09,9.069999694824219,8.930000305175781,9.050000190734863,9.039999961853027,23600,9.039999961853027
2013-07-10,9.029999732971191,8.800000190734863,8.949999809265137,8.979999542236328,45800,8.979999542236328
2013-07-11,9.069999694824219,8.930000305175781,9.0,9.020000457763672,60100,9.020000457763672
2013-07-12,9.020000457763672,8.90999984741211,8.989999771118164,9.0,57700,9.0
2013-07-15,9.0600004196167,8.930000305175781,8.970000267028809,9.039999961853027,42200,9.039999961853027
2013-07-16,9.079999923706055,8.890000343322754,9.020000457763672,9.050000190734863,26100,9.050000190734863
2013-07-17,9.100000381469727,8.890000343322754,9.039999961853027,8.930000305175781,22200,8.930000305175781
2013-07-18,9.0600004196167,8.859999656677246,8.989999771118164,9.0,20800,9.0
2013-07-19,9.149999618530273,8.869999885559082,9.010000228881836,9.09000015258789,17200,9.09000015258789
2013-07-22,9.1899995803833,9.0,9.09000015258789,9.15999984741211,20600,9.15999984741211
2013-07-23,9.15999984741211,8.880000114440918,9.15999984741211,8.989999771118164,17900,8.989999771118164
2013-07-24,9.0,8.869999885559082,9.0,8.9399995803833,10100,8.9399995803833
2013-07-25,9.15999984741211,8.899999618530273,8.899999618530273,9.109999656677246,32200,9.109999656677246
2013-07-26,9.010000228881836,8.609999656677246,9.010000228881836,8.65999984741211,21700,8.65999984741211
2013-07-29,8.819999694824219,8.460000038146973,8.720000267028809,8.5,10000,8.5
2013-07-30,8.5600004196167,8.140000343322754,8.5600004196167,8.1899995803833,11900,8.1899995803833
2013-07-31,8.300000190734863,8.029999732971191,8.199999809265137,8.039999961853027,63300,8.039999961853027
2013-08-01,8.180000305175781,8.039999961853027,8.140000343322754,8.09000015258789,13100,8.09000015258789
2013-08-02,8.229999542236328,7.940000057220459,8.079999923706055,8.170000076293945,10200,8.170000076293945
2013-08-05,8.420000076293945,8.210000038146973,8.210000038146973,8.369999885559082,22800,8.369999885559082
2013-08-06,8.6899995803833,8.220000267028809,8.319999694824219,8.529999732971191,21600,8.529999732971191
2013-08-07,8.65999984741211,8.4399995803833,8.489999771118164,8.569999694824219,10500,8.569999694824219
2013-08-08,8.680000305175781,8.470000267028809,8.649999618530273,8.649999618530273,9400,8.649999618530273
2013-08-09,8.75,8.479999542236328,8.600000381469727,8.6899995803833,19200,8.6899995803833
2013-08-12,8.720000267028809,8.5600004196167,8.600000381469727,8.710000038146973,15400,8.710000038146973
2013-08-13,8.720000267028809,8.579999923706055,8.720000267028809,8.600000381469727,4300,8.600000381469727
2013-08-14,8.539999961853027,8.420000076293945,8.539999961853027,8.470000267028809,3500,8.470000267028809
2013-08-15,8.460000038146973,7.96999979019165,8.350000381469727,8.100000381469727,19700,8.100000381469727
2013-08-16,8.130000114440918,7.900000095367432,8.029999732971191,7.949999809265137,16500,7.949999809265137
2013-08-19,8.050000190734863,7.929999828338623,7.960000038146973,7.980000019073486,8100,7.980000019073486
2013-08-20,8.0600004196167,7.860000133514404,7.949999809265137,7.889999866485596,16200,7.889999866485596
2013-08-21,7.949999809265137,7.75,7.829999923706055,7.849999904632568,8200,7.849999904632568
2013-08-22,8.0,7.829999923706055,7.940000057220459,7.989999771118164,6300,7.989999771118164
2013-08-23,7.980000019073486,7.809999942779541,7.980000019073486,7.920000076293945,10200,7.920000076293945
2013-08-26,8.079999923706055,7.690000057220459,7.900000095367432,7.710000038146973,20600,7.710000038146973
2013-08-27,7.619999885559082,7.289999961853027,7.619999885559082,7.389999866485596,43500,7.389999866485596
2013-08-28,7.369999885559082,7.25,7.369999885559082,7.25,7400,7.25
2013-08-29,7.349999904632568,7.21999979019165,7.21999979019165,7.340000152587891,15500,7.340000152587891
2013-08-30,7.309999942779541,6.949999809265137,7.309999942779541,7.010000228881836,56300,7.010000228881836
2013-09-03,7.170000076293945,6.980000019073486,7.079999923706055,7.03000020980835,15100,7.03000020980835
2013-09-04,7.090000152587891,6.989999771118164,7.019999980926514,7.03000020980835,9600,7.03000020980835
2013-09-05,7.449999809265137,7.059999942779541,7.059999942779541,7.369999885559082,13400,7.369999885559082
2013-09-06,7.510000228881836,7.289999961853027,7.429999828338623,7.360000133514404,13600,7.360000133514404
2013-09-09,7.650000095367432,7.329999923706055,7.329999923706055,7.630000114440918,9200,7.630000114440918
2013-09-10,7.670000076293945,7.360000133514404,7.670000076293945,7.409999847412109,19100,7.409999847412109
2013-09-11,7.440000057220459,7.349999904632568,7.420000076293945,7.349999904632568,11300,7.349999904632568
2013-09-12,7.460000038146973,7.349999904632568,7.360000133514404,7.369999885559082,8100,7.369999885559082
2013-09-13,7.420000076293945,7.300000190734863,7.420000076293945,7.329999923706055,5300,7.329999923706055
2013-09-16,7.420000076293945,7.25,7.420000076293945,7.269999980926514,15600,7.269999980926514
2013-09-17,7.329999923706055,7.260000228881836,7.28000020980835,7.309999942779541,23900,7.309999942779541
2013-09-18,7.289999961853027,7.239999771118164,7.289999961853027,7.260000228881836,31100,7.260000228881836
2013-09-19,7.340000152587891,7.269999980926514,7.340000152587891,7.320000171661377,6900,7.320000171661377
2013-09-20,7.389999866485596,7.239999771118164,7.389999866485596,7.289999961853027,52600,7.289999961853027
2013-09-23,7.320000171661377,7.21999979019165,7.309999942779541,7.28000020980835,20100,7.28000020980835
2013-09-24,7.380000114440918,7.300000190734863,7.309999942779541,7.329999923706055,17400,7.329999923706055
2013-09-25,7.349999904632568,7.309999942779541,7.340000152587891,7.320000171661377,8100,7.320000171661377
2013-09-26,7.360000133514404,7.269999980926514,7.360000133514404,7.320000171661377,16300,7.320000171661377
2013-09-27,7.340000152587891,7.150000095367432,7.320000171661377,7.239999771118164,11400,7.239999771118164
2013-09-30,7.320000171661377,7.130000114440918,7.170000076293945,7.179999828338623,59800,7.179999828338623
2013-10-01,7.159999847412109,6.869999885559082,7.159999847412109,7.010000228881836,36100,7.010000228881836
2013-10-02,7.050000190734863,6.929999828338623,6.929999828338623,6.960000038146973,40500,6.960000038146973
2013-10-03,6.960000038146973,6.78000020980835,6.960000038146973,6.78000020980835,24800,6.78000020980835
2013-10-04,6.820000171661377,6.760000228881836,6.760000228881836,6.789999961853027,9400,6.789999961853027
2013-10-07,6.829999923706055,6.489999771118164,6.75,6.550000190734863,47800,6.550000190734863
2013-10-08,6.599999904632568,6.5,6.599999904632568,6.510000228881836,27800,6.510000228881836
2013-10-09,6.769999980926514,6.510000228881836,6.519999980926514,6.639999866485596,20200,6.639999866485596
2013-10-10,6.940000057220459,6.710000038146973,6.739999771118164,6.929999828338623,11900,6.929999828338623
2013-10-11,7.170000076293945,6.920000076293945,6.960000038146973,7.130000114440918,40800,7.130000114440918
2013-10-14,7.269999980926514,7.059999942779541,7.170000076293945,7.25,19600,7.25
2013-10-15,7.25,7.070000171661377,7.179999828338623,7.099999904632568,17300,7.099999904632568
2013-10-16,7.329999923706055,7.179999828338623,7.25,7.28000020980835,14200,7.28000020980835
2013-10-17,7.369999885559082,7.25,7.25,7.329999923706055,31100,7.329999923706055
2013-10-18,7.519999980926514,7.260000228881836,7.429999828338623,7.480000019073486,44900,7.480000019073486
2013-10-21,7.579999923706055,7.449999809265137,7.53000020980835,7.559999942779541,25000,7.559999942779541
2013-10-22,7.809999942779541,7.570000171661377,7.590000152587891,7.769999980926514,28500,7.769999980926514
2013-10-23,7.820000171661377,7.619999885559082,7.699999809265137,7.670000076293945,31200,7.670000076293945
2013-10-24,7.829999923706055,7.650000095367432,7.699999809265137,7.820000171661377,31100,7.820000171661377
2013-10-25,7.940000057220459,7.690000057220459,7.860000133514404,7.860000133514404,27500,7.860000133514404
2013-10-28,8.050000190734863,7.75,7.860000133514404,8.020000457763672,30100,8.020000457763672
2013-10-29,8.229999542236328,8.020000457763672,8.069999694824219,8.149999618530273,22100,8.149999618530273
2013-10-30,8.180000305175781,8.010000228881836,8.180000305175781,8.039999961853027,17700,8.039999961853027
2013-10-31,8.0600004196167,7.610000133514404,8.0600004196167,7.659999847412109,33600,7.659999847412109
2013-11-01,7.619999885559082,7.210000038146973,7.619999885559082,7.289999961853027,54200,7.289999961853027
2013-11-04,7.46999979019165,7.170000076293945,7.25,7.400000095367432,20900,7.400000095367432
2013-11-05,7.449999809265137,7.260000228881836,7.420000076293945,7.389999866485596,10200,7.389999866485596
2013-11-06,7.590000152587891,7.309999942779541,7.420000076293945,7.420000076293945,21800,7.420000076293945
2013-11-07,7.5,7.099999904632568,7.420000076293945,7.389999866485596,31300,7.389999866485596
2013-11-08,7.559999942779541,7.369999885559082,7.369999885559082,7.550000190734863,16700,7.550000190734863
2013-11-11,7.559999942779541,7.489999771118164,7.559999942779541,7.519999980926514,10000,7.519999980926514
2013-11-12,7.53000020980835,7.300000190734863,7.440000057220459,7.519999980926514,8000,7.519999980926514
2013-11-13,7.559999942779541,7.400000095367432,7.449999809265137,7.559999942779541,10400,7.559999942779541
2013-11-14,7.539999961853027,7.389999866485596,7.539999961853027,7.46999979019165,7200,7.46999979019165
2013-11-15,7.539999961853027,7.309999942779541,7.440000057220459,7.46999979019165,17500,7.46999979019165
2013-11-18,7.489999771118164,7.369999885559082,7.369999885559082,7.400000095367432,9500,7.400000095367432
2013-11-19,7.559999942779541,7.380000114440918,7.380000114440918,7.420000076293945,10900,7.420000076293945
2013-11-20,7.480000019073486,7.21999979019165,7.360000133514404,7.309999942779541,19100,7.309999942779541
2013-11-21,7.519999980926514,7.320000171661377,7.320000171661377,7.510000228881836,17200,7.510000228881836
2013-11-22,7.650000095367432,7.460000038146973,7.53000020980835,7.639999866485596,19500,7.639999866485596
2013-11-25,7.96999979019165,7.630000114440918,7.630000114440918,7.909999847412109,16400,7.909999847412109
2013-11-26,8.0,7.630000114440918,7.889999866485596,7.980000019073486,29100,7.980000019073486
2013-11-27,8.739999771118164,7.920000076293945,8.0,8.729999542236328,18800,8.729999542236328
2013-11-29,8.989999771118164,8.829999923706055,8.859999656677246,8.979999542236328,18900,8.979999542236328
2013-12-02,9.149999618530273,8.649999618530273,9.0,8.699999809265137,27400,8.699999809265137
2013-12-03,8.8100004196167,8.329999923706055,8.739999771118164,8.380000114440918,23300,8.380000114440918
2013-12-04,8.359999656677246,7.78000020980835,8.319999694824219,7.860000133514404,19300,7.860000133514404
2013-12-05,7.880000114440918,7.539999961853027,7.800000190734863,7.760000228881836,30100,7.760000228881836
2013-12-06,8.329999923706055,7.849999904632568,7.849999904632568,8.319999694824219,34900,8.319999694824219
2013-12-09,8.300000190734863,7.75,8.300000190734863,7.829999923706055,56600,7.829999923706055
2013-12-10,7.800000190734863,7.409999847412109,7.800000190734863,7.449999809265137,38000,7.449999809265137
2013-12-11,7.619999885559082,7.150000095367432,7.460000038146973,7.21999979019165,28300,7.21999979019165
2013-12-12,7.25,7.139999866485596,7.210000038146973,7.159999847412109,13900,7.159999847412109
2013-12-13,7.380000114440918,7.099999904632568,7.159999847412109,7.300000190734863,15500,7.300000190734863
2013-12-16,7.510000228881836,7.269999980926514,7.389999866485596,7.460000038146973,19700,7.460000038146973
2013-12-17,7.559999942779541,7.269999980926514,7.559999942779541,7.28000020980835,6500,7.28000020980835
2013-12-18,7.659999847412109,7.150000095367432,7.269999980926514,7.630000114440918,28200,7.630000114440918
2013-12-19,7.619999885559082,7.380000114440918,7.619999885559082,7.420000076293945,20400,7.420000076293945
2013-12-20,7.949999809265137,7.28000020980835,7.349999904632568,7.679999828338623,78700,7.679999828338623
2013-12-23,7.860000133514404,7.510000228881836,7.739999771118164,7.829999923706055,25400,7.829999923706055
2013-12-24,8.010000228881836,7.849999904632568,8.010000228881836,7.900000095367432,11200,7.900000095367432
2013-12-26,7.96999979019165,7.659999847412109,7.900000095367432,7.849999904632568,30400,7.849999904632568
2013-12-27,7.920000076293945,7.170000076293945,7.920000076293945,7.320000171661377,48100,7.320000171661377
2013-12-30,7.610000133514404,7.289999961853027,7.289999961853027,7.480000019073486,30700,7.480000019073486
2013-12-31,7.75,7.329999923706055,7.5,7.71999979019165,42500,7.71999979019165
2014-01-02,7.71999979019165,7.329999923706055,7.71999979019165,7.440000057220459,31600,7.440000057220459
2014-01-03,7.599999904632568,7.369999885559082,7.440000057220459,7.480000019073486,15500,7.480000019073486
2014-01-06,7.440000057220459,7.25,7.440000057220459,7.269999980926514,13300,7.269999980926514
2014-01-07,7.340000152587891,7.239999771118164,7.340000152587891,7.260000228881836,24500,7.260000228881836
2014-01-08,7.190000057220459,6.980000019073486,7.190000057220459,7.03000020980835,21300,7.03000020980835
2014-01-09,7.260000228881836,6.849999904632568,7.079999923706055,7.0,33600,7.0
2014-01-10,7.019999980926514,6.71999979019165,7.019999980926514,6.809999942779541,32200,6.809999942779541
2014-01-13,6.909999847412109,6.800000190734863,6.829999923706055,6.849999904632568,36800,6.849999904632568
2014-01-14,7.21999979019165,6.860000133514404,6.949999809265137,7.210000038146973,37800,7.210000038146973
2014-01-15,7.25,7.010000228881836,7.25,7.130000114440918,36400,7.130000114440918
2014-01-16,7.25,7.039999961853027,7.159999847412109,7.210000038146973,57800,7.210000038146973
2014-01-17,7.25,7.170000076293945,7.25,7.190000057220459,29200,7.190000057220459
2014-01-21,7.199999809265137,7.090000152587891,7.199999809265137,7.199999809265137,42500,7.199999809265137
2014-01-22,7.210000038146973,7.110000133514404,7.199999809265137,7.159999847412109,27300,7.159999847412109
2014-01-23,7.150000095367432,7.050000190734863,7.130000114440918,7.119999885559082,20900,7.119999885559082
2014-01-24,7.110000133514404,7.0,7.110000133514404,7.03000020980835,23900,7.03000020980835
2014-01-27,7.079999923706055,6.940000057220459,7.010000228881836,6.949999809265137,27300,6.949999809265137
2014-01-28,7.010000228881836,6.800000190734863,6.989999771118164,6.829999923706055,41100,6.829999923706055
2014-01-29,6.889999866485596,6.75,6.769999980926514,6.760000228881836,31600,6.760000228881836
2014-01-30,6.900000095367432,6.800000190734863,6.840000152587891,6.820000171661377,31700,6.820000171661377
2014-01-31,6.800000190734863,6.510000228881836,6.730000019073486,6.53000020980835,64800,6.53000020980835
2014-02-03,6.590000152587891,6.059999942779541,6.53000020980835,6.130000114440918,73700,6.130000114440918
2014-02-04,6.21999979019165,6.050000190734863,6.139999866485596,6.110000133514404,34000,6.110000133514404
2014-02-05,6.199999809265137,6.059999942779541,6.090000152587891,6.130000114440918,46700,6.130000114440918
2014-02-06,6.21999979019165,6.059999942779541,6.119999885559082,6.070000171661377,24200,6.070000171661377
2014-02-07,6.090000152587891,6.0,6.070000171661377,6.070000171661377,45600,6.070000171661377
2014-02-10,6.110000133514404,6.010000228881836,6.099999904632568,6.090000152587891,28800,6.090000152587891
2014-02-11,6.25,6.119999885559082,6.119999885559082,6.199999809265137,22300,6.199999809265137
2014-02-12,6.230000019073486,6.150000095367432,6.21999979019165,6.179999828338623,20900,6.179999828338623
2014-02-13,6.25,6.110000133514404,6.110000133514404,6.230000019073486,8500,6.230000019073486
2014-02-14,6.28000020980835,6.190000057220459,6.239999771118164,6.21999979019165,14400,6.21999979019165
2014-02-18,6.400000095367432,6.260000228881836,6.269999980926514,6.349999904632568,44200,6.349999904632568
2014-02-19,6.329999923706055,6.099999904632568,6.329999923706055,6.159999847412109,43500,6.159999847412109
2014-02-20,6.28000020980835,6.139999866485596,6.139999866485596,6.190000057220459,19400,6.190000057220459
2014-02-21,6.420000076293945,6.150000095367432,6.230000019073486,6.300000190734863,33400,6.300000190734863
2014-02-24,6.400000095367432,6.210000038146973,6.28000020980835,6.300000190734863,19100,6.300000190734863
2014-02-25,6.309999942779541,6.199999809265137,6.260000228881836,6.210000038146973,15300,6.210000038146973
2014-02-26,6.340000152587891,6.199999809265137,6.239999771118164,6.309999942779541,17800,6.309999942779541
2014-02-27,6.329999923706055,6.25,6.260000228881836,6.320000171661377,25000,6.320000171661377
2014-02-28,6.380000114440918,6.300000190734863,6.309999942779541,6.349999904632568,32500,6.349999904632568
2014-03-03,6.400000095367432,6.260000228881836,6.300000190734863,6.340000152587891,32400,6.340000152587891
2014-03-04,6.909999847412109,6.440000057220459,6.440000057220459,6.630000114440918,71100,6.630000114440918
2014-03-05,6.690000057220459,6.510000228881836,6.590000152587891,6.550000190734863,21600,6.550000190734863
2014-03-06,6.599999904632568,6.460000038146973,6.550000190734863,6.539999961853027,21700,6.539999961853027
2014-03-07,6.639999866485596,6.550000190734863,6.610000133514404,6.559999942779541,19800,6.559999942779541
2014-03-10,6.570000171661377,6.480000019073486,6.559999942779541,6.53000020980835,12200,6.53000020980835
2014-03-11,6.510000228881836,6.300000190734863,6.510000228881836,6.340000152587891,17000,6.340000152587891
2014-03-12,6.320000171661377,6.170000076293945,6.28000020980835,6.230000019073486,52700,6.230000019073486
2014-03-13,6.289999961853027,6.090000152587891,6.289999961853027,6.170000076293945,24200,6.170000076293945
2014-03-14,6.320000171661377,6.119999885559082,6.119999885559082,6.309999942779541,18100,6.309999942779541
2014-03-17,6.389999866485596,6.300000190734863,6.380000114440918,6.380000114440918,36600,6.380000114440918
2014-03-18,6.590000152587891,6.369999885559082,6.369999885559082,6.590000152587891,21000,6.590000152587891
2014-03-19,6.550000190734863,6.300000190734863,6.550000190734863,6.46999979019165,35500,6.46999979019165
2014-03-20,6.869999885559082,6.429999828338623,6.429999828338623,6.730000019073486,31600,6.730000019073486
2014-03-21,6.849999904632568,6.369999885559082,6.769999980926514,6.429999828338623,109000,6.429999828338623
2014-03-24,6.429999828338623,6.159999847412109,6.429999828338623,6.190000057220459,33900,6.190000057220459
2014-03-25,6.510000228881836,6.050000190734863,6.269999980926514,6.050000190734863,58400,6.050000190734863
2014-03-26,6.170000076293945,5.889999866485596,6.119999885559082,5.900000095367432,64100,5.900000095367432
2014-03-27,6.070000171661377,5.920000076293945,5.929999828338623,6.050000190734863,27400,6.050000190734863
2014-03-28,6.239999771118164,6.039999961853027,6.039999961853027,6.119999885559082,32200,6.119999885559082
2014-03-31,6.260000228881836,6.090000152587891,6.150000095367432,6.159999847412109,42700,6.159999847412109
2014-04-01,6.369999885559082,6.150000095367432,6.199999809265137,6.289999961853027,32100,6.289999961853027
2014-04-02,6.389999866485596,6.210000038146973,6.300000190734863,6.369999885559082,23800,6.369999885559082
2014-04-03,6.420000076293945,6.230000019073486,6.349999904632568,6.309999942779541,12100,6.309999942779541
2014-04-04,6.53000020980835,5.980000019073486,6.400000095367432,6.019999980926514,43400,6.019999980926514
2014-04-07,6.03000020980835,5.900000095367432,6.0,5.989999771118164,37300,5.989999771118164
2014-04-08,6.130000114440918,5.96999979019165,6.119999885559082,6.039999961853027,33500,6.039999961853027
2014-04-09,6.130000114440918,5.989999771118164,6.039999961853027,6.019999980926514,24900,6.019999980926514
2014-04-10,6.010000228881836,5.900000095367432,5.989999771118164,5.960000038146973,40100,5.960000038146973
2014-04-11,5.989999771118164,5.849999904632568,5.849999904632568,5.869999885559082,57100,5.869999885559082
2014-04-14,6.010000228881836,5.829999923706055,5.929999828338623,5.960000038146973,30100,5.960000038146973
2014-04-15,6.059999942779541,5.78000020980835,6.0,5.809999942779541,44100,5.809999942779541
2014-04-16,5.849999904632568,5.599999904632568,5.840000152587891,5.710000038146973,45400,5.710000038146973
2014-04-17,5.739999771118164,5.659999847412109,5.670000076293945,5.71999979019165,22100,5.71999979019165
2014-04-21,5.75,5.630000114440918,5.710000038146973,5.659999847412109,24700,5.659999847412109
2014-04-22,5.96999979019165,5.639999866485596,5.639999866485596,5.929999828338623,33300,5.929999828338623
2014-04-23,5.889999866485596,5.690000057220459,5.889999866485596,5.710000038146973,36500,5.710000038146973
2014-04-24,5.869999885559082,5.650000095367432,5.869999885559082,5.75,44000,5.75
2014-04-25,5.730000019073486,5.619999885559082,5.710000038146973,5.619999885559082,51100,5.619999885559082
2014-04-28,5.670000076293945,5.5,5.559999942779541,5.550000190734863,52600,5.550000190734863
2014-04-29,5.690000057220459,5.539999961853027,5.610000133514404,5.559999942779541,24400,5.559999942779541
2014-04-30,5.519999980926514,5.400000095367432,5.519999980926514,5.420000076293945,76900,5.420000076293945
2014-05-01,5.46999979019165,5.349999904632568,5.400000095367432,5.420000076293945,70400,5.420000076293945
2014-05-02,5.400000095367432,5.210000038146973,5.400000095367432,5.239999771118164,113800,5.239999771118164
2014-05-05,5.239999771118164,5.050000190734863,5.199999809265137,5.079999923706055,132200,5.079999923706055
2014-05-06,5.179999828338623,4.96999979019165,5.03000020980835,5.050000190734863,96000,5.050000190734863
2014-05-07,5.059999942779541,4.929999828338623,5.059999942779541,5.03000020980835,69900,5.03000020980835
2014-05-08,5.119999885559082,4.909999847412109,5.059999942779541,4.920000076293945,59200,4.920000076293945
2014-05-09,5.150000095367432,4.829999923706055,4.880000114440918,5.119999885559082,56700,5.119999885559082
2014-05-12,5.53000020980835,5.119999885559082,5.139999866485596,5.460000038146973,111300,5.460000038146973
2014-05-13,5.519999980926514,5.380000114440918,5.429999828338623,5.489999771118164,75600,5.489999771118164
2014-05-14,5.460000038146973,5.300000190734863,5.449999809265137,5.329999923706055,47800,5.329999923706055
2014-05-15,5.28000020980835,5.050000190734863,5.28000020980835,5.059999942779541,52000,5.059999942779541
2014-05-16,5.170000076293945,4.900000095367432,5.079999923706055,5.059999942779541,57700,5.059999942779541
2014-05-19,5.130000114440918,5.010000228881836,5.050000190734863,5.070000171661377,29900,5.070000171661377
2014-05-20,5.139999866485596,4.960000038146973,5.019999980926514,4.96999979019165,81200,4.96999979019165
2014-05-21,5.050000190734863,4.889999866485596,4.929999828338623,4.980000019073486,52500,4.980000019073486
2014-05-22,5.139999866485596,4.96999979019165,5.0,5.110000133514404,49000,5.110000133514404
2014-05-23,5.139999866485596,5.019999980926514,5.130000114440918,5.110000133514404,28500,5.110000133514404
2014-05-27,5.340000152587891,5.059999942779541,5.199999809265137,5.260000228881836,29100,5.260000228881836
2014-05-28,5.269999980926514,4.960000038146973,5.269999980926514,5.050000190734863,39100,5.050000190734863
2014-05-29,5.329999923706055,5.070000171661377,5.119999885559082,5.099999904632568,44000,5.099999904632568
2014-05-30,5.210000038146973,4.989999771118164,5.130000114440918,5.03000020980835,40700,5.03000020980835
2014-06-02,5.119999885559082,4.960000038146973,5.03000020980835,5.0,57700,5.0
2014-06-03,5.019999980926514,4.920000076293945,4.989999771118164,4.949999809265137,67100,4.949999809265137
2014-06-04,5.0,4.860000133514404,4.949999809265137,4.869999885559082,54600,4.869999885559082
2014-06-05,5.320000171661377,4.860000133514404,4.900000095367432,5.25,61300,5.25
2014-06-06,5.429999828338623,5.260000228881836,5.349999904632568,5.269999980926514,45800,5.269999980926514
2014-06-09,5.360000133514404,5.199999809265137,5.28000020980835,5.28000020980835,55000,5.28000020980835
2014-06-10,5.28000020980835,5.150000095367432,5.230000019073486,5.190000057220459,27400,5.190000057220459
2014-06-11,5.199999809265137,5.0,5.170000076293945,5.050000190734863,70600,5.050000190734863
2014-06-12,5.300000190734863,4.920000076293945,5.03000020980835,5.199999809265137,108700,5.199999809265137
2014-06-13,5.460000038146973,4.960000038146973,5.349999904632568,5.039999961853027,134300,5.039999961853027
2014-06-16,5.090000152587891,4.940000057220459,5.0,5.0,66600,5.0
2014-06-17,5.079999923706055,4.960000038146973,5.010000228881836,4.960000038146973,76100,4.960000038146973
2014-06-18,5.130000114440918,4.949999809265137,5.03000020980835,4.980000019073486,80200,4.980000019073486
2014-06-19,5.260000228881836,4.960000038146973,5.03000020980835,5.110000133514404,88300,5.110000133514404
2014-06-20,5.150000095367432,4.960000038146973,5.150000095367432,5.0,145600,5.0
2014-06-23,5.059999942779541,4.949999809265137,5.019999980926514,5.039999961853027,141300,5.039999961853027
2014-06-24,5.130000114440918,4.960000038146973,5.019999980926514,4.989999771118164,166200,4.989999771118164
2014-06-25,5.039999961853027,4.960000038146973,4.960000038146973,5.019999980926514,129300,5.019999980926514
2014-06-26,5.099999904632568,4.96999979019165,5.03000020980835,5.050000190734863,63700,5.050000190734863
2014-06-27,5.329999923706055,5.0,5.0,5.289999961853027,1580500,5.289999961853027
2014-06-30,6.010000228881836,5.28000020980835,5.289999961853027,5.880000114440918,340500,5.880000114440918
2014-07-01,5.980000019073486,5.679999828338623,5.909999847412109,5.75,140200,5.75
2014-07-02,5.760000228881836,5.679999828338623,5.75,5.679999828338623,48900,5.679999828338623
2014-07-03,5.75,5.650000095367432,5.659999847412109,5.670000076293945,26100,5.670000076293945
2014-07-07,5.699999809265137,5.550000190734863,5.639999866485596,5.550000190734863,38400,5.550000190734863
2014-07-08,5.610000133514404,5.320000171661377,5.610000133514404,5.369999885559082,75700,5.369999885559082
2014-07-09,5.570000171661377,5.409999847412109,5.46999979019165,5.449999809265137,55800,5.449999809265137
2014-07-10,5.489999771118164,5.320000171661377,5.420000076293945,5.429999828338623,56200,5.429999828338623
2014-07-11,5.409999847412109,5.25,5.409999847412109,5.25,22900,5.25
2014-07-14,5.420000076293945,5.260000228881836,5.269999980926514,5.369999885559082,43300,5.369999885559082
2014-07-15,5.340000152587891,5.21999979019165,5.309999942779541,5.239999771118164,41500,5.239999771118164
2014-07-16,5.340000152587891,5.25,5.260000228881836,5.260000228881836,19900,5.260000228881836
2014-07-17,5.349999904632568,5.230000019073486,5.300000190734863,5.230000019073486,34600,5.230000019073486
2014-07-18,5.289999961853027,5.210000038146973,5.230000019073486,5.25,28300,5.25
2014-07-21,5.199999809265137,5.010000228881836,5.190000057220459,5.159999847412109,60300,5.159999847412109
2014-07-22,5.210000038146973,5.079999923706055,5.210000038146973,5.130000114440918,24500,5.130000114440918
2014-07-23,5.170000076293945,5.050000190734863,5.170000076293945,5.150000095367432,45100,5.150000095367432
2014-07-24,5.21999979019165,5.070000171661377,5.119999885559082,5.210000038146973,35600,5.210000038146973
2014-07-25,5.230000019073486,5.110000133514404,5.199999809265137,5.230000019073486,32800,5.230000019073486
2014-07-28,5.190000057220459,5.070000171661377,5.190000057220459,5.110000133514404,24500,5.110000133514404
2014-07-29,5.179999828338623,5.070000171661377,5.090000152587891,5.070000171661377,19800,5.070000171661377
2014-07-30,5.099999904632568,5.050000190734863,5.070000171661377,5.059999942779541,22800,5.059999942779541
2014-07-31,5.070000171661377,5.0,5.050000190734863,5.019999980926514,30400,5.019999980926514
2014-08-01,5.070000171661377,4.960000038146973,5.070000171661377,5.0,33500,5.0
2014-08-04,5.03000020980835,4.960000038146973,5.019999980926514,4.960000038146973,20000,4.960000038146973
2014-08-05,4.980000019073486,4.889999866485596,4.960000038146973,4.900000095367432,27100,4.900000095367432
2014-08-06,5.090000152587891,4.880000114440918,4.909999847412109,5.010000228881836,32600,5.010000228881836
2014-08-07,5.179999828338623,5.019999980926514,5.019999980926514,5.159999847412109,33200,5.159999847412109
2014-08-08,5.260000228881836,5.179999828338623,5.199999809265137,5.210000038146973,14800,5.210000038146973
2014-08-11,5.340000152587891,5.179999828338623,5.21999979019165,5.300000190734863,21200,5.300000190734863
2014-08-12,5.369999885559082,5.269999980926514,5.269999980926514,5.329999923706055,19000,5.329999923706055
2014-08-13,5.449999809265137,5.360000133514404,5.380000114440918,5.429999828338623,12600,5.429999828338623
2014-08-14,5.440000057220459,5.380000114440918,5.440000057220459,5.400000095367432,15600,5.400000095367432
2014-08-15,5.46999979019165,5.360000133514404,5.46999979019165,5.360000133514404,19300,5.360000133514404
2014-08-18,5.400000095367432,5.289999961853027,5.389999866485596,5.340000152587891,12900,5.340000152587891
2014-08-19,5.340000152587891,5.300000190734863,5.340000152587891,5.320000171661377,16300,5.320000171661377
2014-08-20,5.320000171661377,5.289999961853027,5.300000190734863,5.320000171661377,22200,5.320000171661377
2014-08-21,5.320000171661377,5.25,5.300000190734863,5.260000228881836,14000,5.260000228881836
2014-08-22,5.269999980926514,5.25,5.25,5.25,11800,5.25
2014-08-25,5.289999961853027,5.25,5.25,5.260000228881836,19000,5.260000228881836
2014-08-26,5.360000133514404,5.28000020980835,5.289999961853027,5.320000171661377,18000,5.320000171661377
2014-08-27,5.46999979019165,5.349999904632568,5.369999885559082,5.420000076293945,38100,5.420000076293945
2014-08-28,5.579999923706055,5.369999885559082,5.389999866485596,5.5,36100,5.5
2014-08-29,5.579999923706055,5.460000038146973,5.46999979019165,5.489999771118164,22200,5.489999771118164
2014-09-02,5.53000020980835,5.5,5.519999980926514,5.5,10300,5.5
2014-09-03,5.579999923706055,5.300000190734863,5.489999771118164,5.300000190734863,32700,5.300000190734863
2014-09-04,5.460000038146973,5.300000190734863,5.329999923706055,5.340000152587891,18700,5.340000152587891
2014-09-05,5.389999866485596,5.260000228881836,5.329999923706055,5.269999980926514,15300,5.269999980926514
2014-09-08,5.300000190734863,5.179999828338623,5.289999961853027,5.210000038146973,20800,5.210000038146973
2014-09-09,5.329999923706055,5.059999942779541,5.230000019073486,5.110000133514404,16400,5.110000133514404
2014-09-10,5.21999979019165,5.110000133514404,5.110000133514404,5.199999809265137,21200,5.199999809265137
2014-09-11,5.21999979019165,5.119999885559082,5.21999979019165,5.150000095367432,24900,5.150000095367432
2014-09-12,5.170000076293945,4.900000095367432,5.170000076293945,4.960000038146973,70500,4.960000038146973
2014-09-15,5.010000228881836,4.960000038146973,4.960000038146973,4.980000019073486,18400,4.980000019073486
2014-09-16,5.070000171661377,4.980000019073486,4.989999771118164,5.070000171661377,20200,5.070000171661377
2014-09-17,5.099999904632568,5.039999961853027,5.079999923706055,5.050000190734863,35600,5.050000190734863
2014-09-18,5.099999904632568,5.019999980926514,5.039999961853027,5.090000152587891,31300,5.090000152587891
2014-09-19,5.300000190734863,5.070000171661377,5.110000133514404,5.300000190734863,72100,5.300000190734863
2014-09-22,5.309999942779541,5.179999828338623,5.309999942779541,5.269999980926514,27000,5.269999980926514
2014-09-23,5.25,5.110000133514404,5.21999979019165,5.199999809265137,36000,5.199999809265137
2014-09-24,5.210000038146973,5.179999828338623,5.199999809265137,5.190000057220459,12600,5.190000057220459
2014-09-25,5.21999979019165,5.179999828338623,5.199999809265137,5.199999809265137,19400,5.199999809265137
2014-09-26,5.239999771118164,5.179999828338623,5.199999809265137,5.190000057220459,9000,5.190000057220459
2014-09-29,5.369999885559082,5.190000057220459,5.199999809265137,5.340000152587891,25500,5.340000152587891
2014-09-30,5.380000114440918,5.28000020980835,5.300000190734863,5.320000171661377,12400,5.320000171661377
2014-10-01,5.369999885559082,5.099999904632568,5.269999980926514,5.099999904632568,29200,5.099999904632568
2014-10-02,5.389999866485596,5.119999885559082,5.150000095367432,5.239999771118164,45700,5.239999771118164
2014-10-03,5.329999923706055,5.230000019073486,5.260000228881836,5.260000228881836,20100,5.260000228881836
2014-10-06,5.349999904632568,5.099999904632568,5.349999904632568,5.119999885559082,37100,5.119999885559082
2014-10-07,5.150000095367432,5.090000152587891,5.090000152587891,5.090000152587891,37500,5.090000152587891
2014-10-08,5.190000057220459,5.059999942779541,5.099999904632568,5.139999866485596,30800,5.139999866485596
2014-10-09,5.119999885559082,4.989999771118164,5.099999904632568,4.989999771118164,24300,4.989999771118164
2014-10-10,5.119999885559082,5.0,5.050000190734863,5.110000133514404,37800,5.110000133514404
2014-10-13,5.230000019073486,5.0,5.230000019073486,5.079999923706055,23300,5.079999923706055
2014-10-14,5.119999885559082,5.0,5.070000171661377,5.110000133514404,21300,5.110000133514404
2014-10-15,5.059999942779541,4.900000095367432,5.039999961853027,5.03000020980835,41400,5.03000020980835
2014-10-16,5.170000076293945,4.849999904632568,4.920000076293945,5.099999904632568,33800,5.099999904632568
2014-10-17,5.239999771118164,5.010000228881836,5.159999847412109,5.119999885559082,26100,5.119999885559082
2014-10-20,5.119999885559082,4.980000019073486,5.119999885559082,5.050000190734863,69400,5.050000190734863
2014-10-21,5.079999923706055,5.0,5.039999961853027,5.050000190734863,13900,5.050000190734863
2014-10-22,5.050000190734863,4.980000019073486,5.050000190734863,5.010000228881836,26000,5.010000228881836
2014-10-23,5.079999923706055,4.980000019073486,5.019999980926514,5.03000020980835,27000,5.03000020980835
2014-10-24,5.050000190734863,4.929999828338623,5.050000190734863,5.03000020980835,18300,5.03000020980835
2014-10-27,5.010000228881836,4.920000076293945,4.929999828338623,4.980000019073486,8600,4.980000019073486
2014-10-28,5.059999942779541,4.949999809265137,4.96999979019165,5.0,16700,5.0
2014-10-29,5.0,4.960000038146973,5.0,4.96999979019165,20500,4.96999979019165
2014-10-30,5.019999980926514,4.96999979019165,5.019999980926514,4.980000019073486,10800,4.980000019073486
2014-10-31,5.010000228881836,4.96999979019165,4.980000019073486,4.989999771118164,23300,4.989999771118164
2014-11-03,5.079999923706055,4.96999979019165,4.96999979019165,5.039999961853027,12300,5.039999961853027
2014-11-04,5.070000171661377,5.010000228881836,5.059999942779541,5.050000190734863,2100,5.050000190734863
2014-11-05,5.070000171661377,5.039999961853027,5.070000171661377,5.059999942779541,8200,5.059999942779541
2014-11-06,5.070000171661377,5.0,5.019999980926514,5.050000190734863,5700,5.050000190734863
2014-11-07,5.070000171661377,5.03000020980835,5.050000190734863,5.039999961853027,9400,5.039999961853027
2014-11-10,5.050000190734863,4.96999979019165,5.0,4.980000019073486,21000,4.980000019073486
2014-11-11,5.019999980926514,4.880000114440918,4.960000038146973,4.889999866485596,38800,4.889999866485596
2014-11-12,4.900000095367432,4.75,4.900000095367432,4.769999980926514,54100,4.769999980926514
2014-11-13,4.880000114440918,4.75,4.769999980926514,4.860000133514404,23100,4.860000133514404
2014-11-14,4.889999866485596,4.789999961853027,4.789999961853027,4.849999904632568,13600,4.849999904632568
2014-11-17,4.889999866485596,4.760000228881836,4.800000190734863,4.769999980926514,24600,4.769999980926514
2014-11-18,4.829999923706055,4.760000228881836,4.78000020980835,4.760000228881836,20200,4.760000228881836
2014-11-19,4.800000190734863,4.760000228881836,4.760000228881836,4.760000228881836,2800,4.760000228881836
2014-11-20,4.789999961853027,4.710000038146973,4.78000020980835,4.760000228881836,15900,4.760000228881836
2014-11-21,5.0,4.71999979019165,4.71999979019165,4.949999809265137,28500,4.949999809265137
2014-11-24,4.980000019073486,4.929999828338623,4.940000057220459,4.960000038146973,9700,4.960000038146973
2014-11-25,4.980000019073486,4.880000114440918,4.96999979019165,4.940000057220459,4400,4.940000057220459
2014-11-26,4.940000057220459,4.829999923706055,4.940000057220459,4.900000095367432,6200,4.900000095367432
2014-11-28,4.949999809265137,4.849999904632568,4.849999904632568,4.869999885559082,5900,4.869999885559082
2014-12-01,4.940000057220459,4.840000152587891,4.940000057220459,4.860000133514404,8700,4.860000133514404
2014-12-02,4.96999979019165,4.820000171661377,4.820000171661377,4.960000038146973,15400,4.960000038146973
2014-12-03,4.920000076293945,4.869999885559082,4.880000114440918,4.900000095367432,6100,4.900000095367432
2014-12-04,4.920000076293945,4.840000152587891,4.849999904632568,4.849999904632568,7100,4.849999904632568
2014-12-05,4.869999885559082,4.800000190734863,4.829999923706055,4.800000190734863,14600,4.800000190734863
2014-12-08,4.800000190734863,4.71999979019165,4.71999979019165,4.769999980926514,15400,4.769999980926514
2014-12-09,4.829999923706055,4.710000038146973,4.710000038146973,4.78000020980835,13500,4.78000020980835
2014-12-10,4.989999771118164,4.800000190734863,4.840000152587891,4.809999942779541,9500,4.809999942779541
2014-12-11,4.860000133514404,4.710000038146973,4.829999923706055,4.78000020980835,29600,4.78000020980835
2014-12-12,4.889999866485596,4.710000038146973,4.710000038146973,4.889999866485596,6600,4.889999866485596
2014-12-15,4.840000152587891,4.75,4.840000152587891,4.75,12000,4.75
2014-12-16,4.820000171661377,4.71999979019165,4.789999961853027,4.71999979019165,9500,4.71999979019165
2014-12-17,4.960000038146973,4.75,4.789999961853027,4.880000114440918,30900,4.880000114440918
2014-12-18,5.010000228881836,4.579999923706055,5.0,4.579999923706055,87700,4.579999923706055
2014-12-19,4.650000095367432,4.539999961853027,4.579999923706055,4.579999923706055,35500,4.579999923706055
2014-12-22,4.710000038146973,4.53000020980835,4.550000190734863,4.610000133514404,22500,4.610000133514404
2014-12-23,4.619999885559082,4.519999980926514,4.619999885559082,4.539999961853027,38300,4.539999961853027
2014-12-24,4.579999923706055,4.510000228881836,4.519999980926514,4.519999980926514,14600,4.519999980926514
2014-12-26,4.630000114440918,4.519999980926514,4.519999980926514,4.559999942779541,11700,4.559999942779541
2014-12-29,4.559999942779541,4.510000228881836,4.550000190734863,4.510000228881836,36900,4.510000228881836
2014-12-30,4.590000152587891,4.480000019073486,4.5,4.489999771118164,58600,4.489999771118164
2014-12-31,4.670000076293945,4.380000114440918,4.460000038146973,4.550000190734863,88600,4.550000190734863
2015-01-02,4.539999961853027,4.5,4.5,4.539999961853027,12600,4.539999961853027
2015-01-05,4.570000171661377,4.380000114440918,4.489999771118164,4.420000076293945,28200,4.420000076293945
2015-01-06,4.449999809265137,4.380000114440918,4.409999847412109,4.429999828338623,24100,4.429999828338623
2015-01-07,4.5,4.380000114440918,4.460000038146973,4.480000019073486,51700,4.480000019073486
2015-01-08,4.789999961853027,4.510000228881836,4.510000228881836,4.71999979019165,39000,4.71999979019165
2015-01-09,4.760000228881836,4.659999847412109,4.760000228881836,4.71999979019165,3200,4.71999979019165
2015-01-12,4.75,4.610000133514404,4.630000114440918,4.679999828338623,4400,4.679999828338623
2015-01-13,4.800000190734863,4.610000133514404,4.800000190734863,4.610000133514404,16700,4.610000133514404
2015-01-14,4.820000171661377,4.369999885559082,4.5,4.800000190734863,41900,4.800000190734863
2015-01-15,4.650000095367432,4.480000019073486,4.650000095367432,4.510000228881836,19300,4.510000228881836
2015-01-16,4.610000133514404,4.5,4.5,4.5,13800,4.5
2015-01-20,4.639999866485596,4.480000019073486,4.559999942779541,4.489999771118164,9200,4.489999771118164
2015-01-21,4.480000019073486,4.380000114440918,4.380000114440918,4.429999828338623,6100,4.429999828338623
2015-01-22,4.659999847412109,4.46999979019165,4.619999885559082,4.510000228881836,28900,4.510000228881836
2015-01-23,4.559999942779541,4.449999809265137,4.510000228881836,4.489999771118164,2700,4.489999771118164
2015-01-26,4.75,4.400000095367432,4.409999847412109,4.71999979019165,27300,4.71999979019165
2015-01-27,4.809999942779541,4.670000076293945,4.679999828338623,4.760000228881836,29500,4.760000228881836
2015-01-28,4.849999904632568,4.730000019073486,4.760000228881836,4.840000152587891,43900,4.840000152587891
2015-01-29,4.900000095367432,4.809999942779541,4.849999904632568,4.840000152587891,19800,4.840000152587891
2015-01-30,4.900000095367432,4.840000152587891,4.849999904632568,4.880000114440918,53700,4.880000114440918
2015-02-02,5.03000020980835,4.809999942779541,4.889999866485596,4.960000038146973,62700,4.960000038146973
2015-02-03,5.329999923706055,4.920000076293945,4.96999979019165,5.239999771118164,96500,5.239999771118164
2015-02-04,5.230000019073486,5.059999942779541,5.230000019073486,5.199999809265137,24700,5.199999809265137
2015-02-05,5.239999771118164,4.96999979019165,5.239999771118164,5.03000020980835,52800,5.03000020980835
2015-02-06,5.119999885559082,5.0,5.03000020980835,5.090000152587891,41600,5.090000152587891
2015-02-09,5.110000133514404,5.010000228881836,5.070000171661377,5.099999904632568,52300,5.099999904632568
2015-02-10,5.139999866485596,5.0,5.139999866485596,5.099999904632568,51900,5.099999904632568
2015-02-11,5.139999866485596,4.920000076293945,5.059999942779541,5.099999904632568,53600,5.099999904632568
2015-02-12,5.139999866485596,5.050000190734863,5.079999923706055,5.059999942779541,14400,5.059999942779541
2015-02-13,5.130000114440918,5.03000020980835,5.099999904632568,5.03000020980835,10400,5.03000020980835
2015-02-17,5.119999885559082,5.050000190734863,5.070000171661377,5.110000133514404,33600,5.110000133514404
2015-02-18,5.340000152587891,5.099999904632568,5.110000133514404,5.300000190734863,64700,5.300000190734863
2015-02-19,5.400000095367432,5.21999979019165,5.309999942779541,5.349999904632568,38800,5.349999904632568
2015-02-20,5.519999980926514,5.329999923706055,5.389999866485596,5.510000228881836,57600,5.510000228881836
2015-02-23,5.53000020980835,5.269999980926514,5.53000020980835,5.289999961853027,40200,5.289999961853027
2015-02-24,5.71999979019165,5.369999885559082,5.369999885559082,5.650000095367432,89200,5.650000095367432
2015-02-25,5.929999828338623,5.679999828338623,5.739999771118164,5.789999961853027,91700,5.789999961853027
2015-02-26,5.880000114440918,5.420000076293945,5.880000114440918,5.659999847412109,89200,5.659999847412109
2015-02-27,5.639999866485596,5.519999980926514,5.579999923706055,5.599999904632568,20900,5.599999904632568
2015-03-02,5.730000019073486,5.409999847412109,5.630000114440918,5.489999771118164,41600,5.489999771118164
2015-03-03,5.71999979019165,5.510000228881836,5.550000190734863,5.699999809265137,43500,5.699999809265137
2015-03-04,5.679999828338623,5.539999961853027,5.650000095367432,5.619999885559082,14700,5.619999885559082
2015-03-05,5.579999923706055,5.489999771118164,5.579999923706055,5.510000228881836,18200,5.510000228881836
2015-03-06,5.710000038146973,5.400000095367432,5.579999923706055,5.519999980926514,11100,5.519999980926514
2015-03-09,5.71999979019165,5.409999847412109,5.71999979019165,5.550000190734863,104500,5.550000190734863
2015-03-10,5.489999771118164,5.349999904632568,5.489999771118164,5.429999828338623,24000,5.429999828338623
2015-03-11,5.449999809265137,5.260000228881836,5.449999809265137,5.380000114440918,92200,5.380000114440918
2015-03-12,5.559999942779541,5.380000114440918,5.380000114440918,5.559999942779541,24000,5.559999942779541
2015-03-13,5.559999942779541,5.119999885559082,5.559999942779541,5.349999904632568,33000,5.349999904632568
2015-03-16,5.480000019073486,5.230000019073486,5.400000095367432,5.360000133514404,14000,5.360000133514404
2015-03-17,5.349999904632568,5.179999828338623,5.210000038146973,5.349999904632568,20100,5.349999904632568
2015-03-18,5.360000133514404,5.199999809265137,5.230000019073486,5.28000020980835,12800,5.28000020980835
2015-03-19,5.349999904632568,5.130000114440918,5.21999979019165,5.340000152587891,18100,5.340000152587891
2015-03-20,5.570000171661377,5.340000152587891,5.349999904632568,5.400000095367432,38100,5.400000095367432
2015-03-23,5.480000019073486,5.230000019073486,5.480000019073486,5.230000019073486,56500,5.230000019073486
2015-03-24,5.28000020980835,4.900000095367432,5.139999866485596,5.159999847412109,85300,5.159999847412109
2015-03-25,5.170000076293945,4.909999847412109,5.010000228881836,4.949999809265137,24300,4.949999809265137
2015-03-26,5.090000152587891,4.840000152587891,4.840000152587891,5.019999980926514,21400,5.019999980926514
2015-03-27,5.0,4.78000020980835,4.949999809265137,4.909999847412109,88600,4.909999847412109
2015-03-30,5.099999904632568,4.949999809265137,4.949999809265137,5.050000190734863,28800,5.050000190734863
2015-03-31,5.25,5.050000190734863,5.059999942779541,5.190000057220459,259200,5.190000057220459
2015-04-01,5.349999904632568,5.099999904632568,5.139999866485596,5.340000152587891,97200,5.340000152587891
2015-04-02,5.480000019073486,5.349999904632568,5.380000114440918,5.400000095367432,26600,5.400000095367432
2015-04-06,5.429999828338623,5.239999771118164,5.320000171661377,5.28000020980835,53400,5.28000020980835
2015-04-07,5.519999980926514,5.25,5.289999961853027,5.429999828338623,197500,5.429999828338623
2015-04-08,5.519999980926514,5.389999866485596,5.420000076293945,5.429999828338623,13000,5.429999828338623
2015-04-09,5.489999771118164,5.349999904632568,5.489999771118164,5.400000095367432,31600,5.400000095367432
2015-04-10,5.46999979019165,5.340000152587891,5.440000057220459,5.340000152587891,26700,5.340000152587891
2015-04-13,5.409999847412109,5.25,5.349999904632568,5.369999885559082,117300,5.369999885559082
2015-04-14,5.480000019073486,5.269999980926514,5.349999904632568,5.420000076293945,36600,5.420000076293945
2015-04-15,5.46999979019165,5.28000020980835,5.46999979019165,5.369999885559082,27000,5.369999885559082
2015-04-16,5.440000057220459,5.309999942779541,5.429999828338623,5.369999885559082,21700,5.369999885559082
2015-04-17,5.400000095367432,5.199999809265137,5.389999866485596,5.340000152587891,23200,5.340000152587891
2015-04-20,5.440000057220459,5.199999809265137,5.300000190734863,5.380000114440918,18600,5.380000114440918
2015-04-21,5.480000019073486,5.320000171661377,5.480000019073486,5.369999885559082,24800,5.369999885559082
2015-04-22,5.5,5.349999904632568,5.349999904632568,5.449999809265137,39400,5.449999809265137
2015-04-23,5.5,5.349999904632568,5.5,5.380000114440918,32700,5.380000114440918
2015-04-24,5.519999980926514,5.389999866485596,5.449999809265137,5.519999980926514,22000,5.519999980926514
2015-04-27,5.550000190734863,5.369999885559082,5.539999961853027,5.369999885559082,17600,5.369999885559082
2015-04-28,5.539999961853027,5.400000095367432,5.449999809265137,5.440000057220459,23400,5.440000057220459
2015-04-29,5.519999980926514,5.409999847412109,5.519999980926514,5.409999847412109,19000,5.409999847412109
2015-04-30,5.429999828338623,5.210000038146973,5.349999904632568,5.300000190734863,50300,5.300000190734863
2015-05-01,5.440000057220459,5.25,5.320000171661377,5.420000076293945,11000,5.420000076293945
2015-05-04,5.440000057220459,5.25,5.309999942779541,5.289999961853027,19900,5.289999961853027
2015-05-05,5.340000152587891,5.199999809265137,5.21999979019165,5.300000190734863,8500,5.300000190734863
2015-05-06,5.309999942779541,5.199999809265137,5.309999942779541,5.21999979019165,7200,5.21999979019165
2015-05-07,5.340000152587891,5.150000095367432,5.21999979019165,5.159999847412109,12600,5.159999847412109
2015-05-08,5.380000114440918,5.210000038146973,5.210000038146973,5.25,4200,5.25
2015-05-11,5.309999942779541,5.099999904632568,5.230000019073486,5.139999866485596,18000,5.139999866485596
2015-05-12,5.190000057220459,5.130000114440918,5.139999866485596,5.190000057220459,17800,5.190000057220459
2015-05-13,5.269999980926514,5.130000114440918,5.150000095367432,5.260000228881836,25900,5.260000228881836
2015-05-14,5.289999961853027,5.130000114440918,5.28000020980835,5.199999809265137,9300,5.199999809265137
2015-05-15,5.269999980926514,5.170000076293945,5.170000076293945,5.269999980926514,12900,5.269999980926514
2015-05-18,5.269999980926514,5.150000095367432,5.21999979019165,5.150000095367432,20100,5.150000095367432
2015-05-19,5.25,5.170000076293945,5.199999809265137,5.210000038146973,34500,5.210000038146973
2015-05-20,5.25,5.170000076293945,5.190000057220459,5.210000038146973,11700,5.210000038146973
2015-05-21,5.260000228881836,5.179999828338623,5.239999771118164,5.179999828338623,14500,5.179999828338623
2015-05-22,5.300000190734863,5.190000057220459,5.190000057220459,5.25,40600,5.25
2015-05-26,5.300000190734863,5.179999828338623,5.199999809265137,5.25,26400,5.25
2015-05-27,5.389999866485596,5.210000038146973,5.25,5.309999942779541,18400,5.309999942779541
2015-05-28,5.360000133514404,5.199999809265137,5.28000020980835,5.239999771118164,7800,5.239999771118164
2015-05-29,5.210000038146973,5.150000095367432,5.179999828338623,5.190000057220459,36500,5.190000057220459
2015-06-01,5.170000076293945,5.119999885559082,5.159999847412109,5.119999885559082,9300,5.119999885559082
2015-06-02,5.230000019073486,5.099999904632568,5.099999904632568,5.159999847412109,9000,5.159999847412109
2015-06-03,5.25,5.119999885559082,5.150000095367432,5.170000076293945,9700,5.170000076293945
2015-06-04,5.190000057220459,5.099999904632568,5.179999828338623,5.099999904632568,11300,5.099999904632568
2015-06-05,5.210000038146973,5.119999885559082,5.119999885559082,5.210000038146973,9200,5.210000038146973
2015-06-08,5.239999771118164,5.190000057220459,5.230000019073486,5.230000019073486,5600,5.230000019073486
2015-06-09,5.230000019073486,5.119999885559082,5.179999828338623,5.190000057220459,10800,5.190000057220459
2015-06-10,5.300000190734863,5.199999809265137,5.25,5.289999961853027,14700,5.289999961853027
2015-06-11,5.289999961853027,5.130000114440918,5.130000114440918,5.239999771118164,14200,5.239999771118164
2015-06-12,5.300000190734863,5.150000095367432,5.150000095367432,5.25,7300,5.25
2015-06-15,5.199999809265137,5.119999885559082,5.119999885559082,5.170000076293945,52100,5.170000076293945
2015-06-16,5.300000190734863,5.150000095367432,5.170000076293945,5.179999828338623,82900,5.179999828338623
2015-06-17,5.190000057220459,5.090000152587891,5.179999828338623,5.119999885559082,25000,5.119999885559082
2015-06-18,5.199999809265137,5.059999942779541,5.130000114440918,5.070000171661377,307900,5.070000171661377
2015-06-19,5.139999866485596,5.050000190734863,5.050000190734863,5.050000190734863,25300,5.050000190734863
2015-06-22,5.199999809265137,5.079999923706055,5.199999809265137,5.099999904632568,46800,5.099999904632568
2015-06-23,5.079999923706055,4.96999979019165,5.059999942779541,5.03000020980835,70300,5.03000020980835
2015-06-24,5.03000020980835,4.949999809265137,4.96999979019165,4.949999809265137,41100,4.949999809265137
2015-06-25,5.099999904632568,4.96999979019165,5.010000228881836,4.980000019073486,64100,4.980000019073486
2015-06-26,5.0,4.960000038146973,4.980000019073486,4.980000019073486,21100,4.980000019073486
2015-06-29,5.070000171661377,4.949999809265137,4.960000038146973,4.980000019073486,103600,4.980000019073486
2015-06-30,5.03000020980835,4.699999809265137,5.0,4.849999904632568,596700,4.849999904632568
2015-07-01,5.03000020980835,4.920000076293945,4.940000057220459,4.929999828338623,40700,4.929999828338623
2015-07-02,5.090000152587891,4.949999809265137,4.980000019073486,5.059999942779541,60200,5.059999942779541
2015-07-06,5.070000171661377,4.949999809265137,5.0,5.010000228881836,21200,5.010000228881836
2015-07-07,5.070000171661377,4.78000020980835,4.980000019073486,5.050000190734863,75700,5.050000190734863
2015-07-08,5.039999961853027,4.860000133514404,4.929999828338623,4.889999866485596,36200,4.889999866485596
2015-07-09,5.039999961853027,4.929999828338623,5.03000020980835,4.989999771118164,11500,4.989999771118164
2015-07-10,5.090000152587891,4.960000038146973,4.960000038146973,5.050000190734863,8000,5.050000190734863
2015-07-13,5.070000171661377,4.96999979019165,5.03000020980835,5.070000171661377,4700,5.070000171661377
2015-07-14,5.090000152587891,4.989999771118164,5.019999980926514,5.050000190734863,6900,5.050000190734863
2015-07-15,5.099999904632568,5.03000020980835,5.050000190734863,5.050000190734863,16000,5.050000190734863
2015-07-16,5.110000133514404,4.949999809265137,5.039999961853027,5.110000133514404,29200,5.110000133514404
2015-07-17,5.119999885559082,5.050000190734863,5.099999904632568,5.099999904632568,44400,5.099999904632568
2015-07-20,5.090000152587891,4.980000019073486,5.059999942779541,5.039999961853027,17400,5.039999961853027
2015-07-21,5.079999923706055,4.989999771118164,5.03000020980835,5.070000171661377,10400,5.070000171661377
2015-07-22,5.110000133514404,5.0,5.070000171661377,5.110000133514404,29800,5.110000133514404
2015-07-23,5.119999885559082,4.940000057220459,5.110000133514404,4.949999809265137,26300,4.949999809265137
2015-07-24,5.019999980926514,4.920000076293945,4.920000076293945,5.019999980926514,11000,5.019999980926514
2015-07-27,5.0,4.849999904632568,4.96999979019165,4.940000057220459,10700,4.940000057220459
2015-07-28,4.940000057220459,4.829999923706055,4.849999904632568,4.829999923706055,21300,4.829999923706055
2015-07-29,4.989999771118164,4.840000152587891,4.840000152587891,4.900000095367432,12800,4.900000095367432
2015-07-30,4.960000038146973,4.869999885559082,4.869999885559082,4.920000076293945,15500,4.920000076293945
2015-07-31,4.96999979019165,4.840000152587891,4.909999847412109,4.849999904632568,448500,4.849999904632568
2015-08-03,4.940000057220459,4.78000020980835,4.889999866485596,4.849999904632568,29000,4.849999904632568
2015-08-04,4.929999828338623,4.809999942779541,4.809999942779541,4.880000114440918,201500,4.880000114440918
2015-08-05,4.940000057220459,4.849999904632568,4.869999885559082,4.889999866485596,17700,4.889999866485596
2015-08-06,5.079999923706055,4.829999923706055,4.949999809265137,4.900000095367432,19000,4.900000095367432
2015-08-07,5.0,4.889999866485596,4.920000076293945,4.980000019073486,19200,4.980000019073486
2015-08-10,4.949999809265137,4.880000114440918,4.940000057220459,4.900000095367432,7900,4.900000095367432
2015-08-11,4.929999828338623,4.769999980926514,4.829999923706055,4.920000076293945,32500,4.920000076293945
2015-08-12,4.900000095367432,4.760000228881836,4.900000095367432,4.78000020980835,321600,4.78000020980835
2015-08-13,4.880000114440918,4.78000020980835,4.78000020980835,4.78000020980835,27800,4.78000020980835
2015-08-14,4.869999885559082,4.619999885559082,4.789999961853027,4.869999885559082,50400,4.869999885559082
2015-08-17,4.860000133514404,4.679999828338623,4.679999828338623,4.730000019073486,14400,4.730000019073486
2015-08-18,4.829999923706055,4.699999809265137,4.730000019073486,4.710000038146973,16600,4.710000038146973
2015-08-19,4.880000114440918,4.699999809265137,4.75,4.809999942779541,38000,4.809999942779541
2015-08-20,4.849999904632568,4.739999771118164,4.78000020980835,4.809999942779541,521000,4.809999942779541
2015-08-21,4.760000228881836,4.630000114440918,4.730000019073486,4.679999828338623,28800,4.679999828338623
2015-08-24,4.599999904632568,4.519999980926514,4.550000190734863,4.559999942779541,57500,4.559999942779541
2015-08-25,4.610000133514404,4.519999980926514,4.610000133514404,4.539999961853027,23500,4.539999961853027
2015-08-26,4.699999809265137,4.539999961853027,4.550000190734863,4.659999847412109,26600,4.659999847412109
2015-08-27,4.840000152587891,4.53000020980835,4.630000114440918,4.789999961853027,26500,4.789999961853027
2015-08-28,4.789999961853027,4.630000114440918,4.699999809265137,4.679999828338623,43300,4.679999828338623
2015-08-31,4.869999885559082,4.739999771118164,4.739999771118164,4.840000152587891,23000,4.840000152587891
2015-09-01,4.869999885559082,4.769999980926514,4.840000152587891,4.789999961853027,17700,4.789999961853027
2015-09-02,4.889999866485596,4.730000019073486,4.800000190734863,4.739999771118164,59900,4.739999771118164
2015-09-03,4.949999809265137,4.75,4.860000133514404,4.949999809265137,549200,4.949999809265137
2015-09-04,5.119999885559082,4.96999979019165,5.0,5.119999885559082,67900,5.119999885559082
2015-09-08,5.150000095367432,5.019999980926514,5.150000095367432,5.139999866485596,78100,5.139999866485596
2015-09-09,5.150000095367432,5.059999942779541,5.150000095367432,5.110000133514404,51800,5.110000133514404
2015-09-10,5.210000038146973,5.130000114440918,5.130000114440918,5.159999847412109,78200,5.159999847412109
2015-09-11,5.199999809265137,5.090000152587891,5.130000114440918,5.199999809265137,62500,5.199999809265137
2015-09-14,5.190000057220459,5.059999942779541,5.130000114440918,5.130000114440918,59900,5.130000114440918
2015-09-15,5.139999866485596,4.980000019073486,5.099999904632568,5.0,47800,5.0
2015-09-16,5.050000190734863,5.0,5.0,5.050000190734863,31100,5.050000190734863
2015-09-17,5.090000152587891,5.0,5.010000228881836,5.070000171661377,27800,5.070000171661377
2015-09-18,5.059999942779541,4.949999809265137,5.059999942779541,4.949999809265137,101100,4.949999809265137
2015-09-21,5.050000190734863,4.940000057220459,4.960000038146973,4.960000038146973,43900,4.960000038146973
2015-09-22,5.03000020980835,4.900000095367432,4.949999809265137,4.960000038146973,7100,4.960000038146973
2015-09-23,5.039999961853027,4.889999866485596,5.0,5.039999961853027,26900,5.039999961853027
2015-09-24,5.070000171661377,4.96999979019165,5.03000020980835,4.989999771118164,48200,4.989999771118164
2015-09-25,5.019999980926514,4.809999942779541,4.840000152587891,4.909999847412109,19700,4.909999847412109
2015-09-28,4.949999809265137,4.769999980926514,4.949999809265137,4.809999942779541,14500,4.809999942779541
2015-09-29,4.880000114440918,4.690000057220459,4.75,4.829999923706055,14200,4.829999923706055
2015-09-30,5.0,4.760000228881836,4.880000114440918,4.96999979019165,36700,4.96999979019165
2015-10-01,4.96999979019165,4.789999961853027,4.829999923706055,4.900000095367432,32400,4.900000095367432
2015-10-02,4.900000095367432,4.78000020980835,4.820000171661377,4.840000152587891,33200,4.840000152587891
2015-10-05,4.920000076293945,4.849999904632568,4.849999904632568,4.920000076293945,11000,4.920000076293945
2015-10-06,4.869999885559082,4.769999980926514,4.860000133514404,4.800000190734863,12500,4.800000190734863
2015-10-07,4.860000133514404,4.760000228881836,4.809999942779541,4.769999980926514,4700,4.769999980926514
2015-10-08,4.840000152587891,4.760000228881836,4.789999961853027,4.800000190734863,20300,4.800000190734863
2015-10-09,4.800000190734863,4.75,4.789999961853027,4.789999961853027,9800,4.789999961853027
2015-10-12,4.760000228881836,4.71999979019165,4.75,4.730000019073486,21400,4.730000019073486
2015-10-13,4.789999961853027,4.710000038146973,4.789999961853027,4.710000038146973,2000,4.710000038146973
2015-10-14,4.730000019073486,4.590000152587891,4.730000019073486,4.599999904632568,43100,4.599999904632568
2015-10-15,4.639999866485596,4.449999809265137,4.599999904632568,4.510000228881836,40600,4.510000228881836
2015-10-16,4.679999828338623,4.400000095367432,4.480000019073486,4.670000076293945,360200,4.670000076293945
2015-10-19,4.71999979019165,4.699999809265137,4.699999809265137,4.71999979019165,13400,4.71999979019165
2015-10-20,4.71999979019165,4.650000095367432,4.650000095367432,4.690000057220459,6500,4.690000057220459
2015-10-21,4.730000019073486,4.559999942779541,4.730000019073486,4.559999942779541,40700,4.559999942779541
2015-10-22,4.699999809265137,4.619999885559082,4.619999885559082,4.650000095367432,9100,4.650000095367432
2015-10-23,4.679999828338623,4.630000114440918,4.639999866485596,4.630000114440918,7200,4.630000114440918
2015-10-26,4.699999809265137,4.599999904632568,4.630000114440918,4.639999866485596,37600,4.639999866485596
2015-10-27,4.659999847412109,4.550000190734863,4.639999866485596,4.550000190734863,18400,4.550000190734863
2015-10-28,4.730000019073486,4.5,4.559999942779541,4.630000114440918,31100,4.630000114440918
2015-10-29,4.789999961853027,4.639999866485596,4.679999828338623,4.690000057220459,25300,4.690000057220459
2015-10-30,4.869999885559082,4.639999866485596,4.710000038146973,4.659999847412109,97000,4.659999847412109
2015-11-02,4.960000038146973,4.690000057220459,4.690000057220459,4.900000095367432,44800,4.900000095367432
2015-11-03,4.960000038146973,4.760000228881836,4.900000095367432,4.909999847412109,36000,4.909999847412109
2015-11-04,4.889999866485596,4.75,4.769999980926514,4.860000133514404,7300,4.860000133514404
2015-11-05,4.849999904632568,4.71999979019165,4.730000019073486,4.769999980926514,8900,4.769999980926514
2015-11-06,5.0,4.75,4.800000190734863,4.96999979019165,37000,4.96999979019165
2015-11-09,4.989999771118164,4.849999904632568,4.96999979019165,4.869999885559082,31700,4.869999885559082
2015-11-10,4.920000076293945,4.849999904632568,4.909999847412109,4.909999847412109,5900,4.909999847412109
2015-11-11,4.940000057220459,4.829999923706055,4.940000057220459,4.889999866485596,2800,4.889999866485596
2015-11-12,4.900000095367432,4.739999771118164,4.739999771118164,4.820000171661377,6500,4.820000171661377
2015-11-13,4.809999942779541,4.699999809265137,4.75,4.769999980926514,6200,4.769999980926514
2015-11-16,4.829999923706055,4.75,4.75,4.760000228881836,13000,4.760000228881836
2015-11-17,4.800000190734863,4.53000020980835,4.650000095367432,4.71999979019165,15400,4.71999979019165
2015-11-18,4.929999828338623,4.670000076293945,4.670000076293945,4.900000095367432,23700,4.900000095367432
2015-11-19,5.0,4.809999942779541,4.849999904632568,4.960000038146973,32100,4.960000038146973
2015-11-20,4.989999771118164,4.909999847412109,4.980000019073486,4.949999809265137,10200,4.949999809265137
2015-11-23,4.960000038146973,4.869999885559082,4.929999828338623,4.949999809265137,10700,4.949999809265137
2015-11-24,4.960000038146973,4.860000133514404,4.960000038146973,4.880000114440918,2800,4.880000114440918
2015-11-25,4.900000095367432,4.869999885559082,4.889999866485596,4.889999866485596,5700,4.889999866485596
2015-11-27,4.960000038146973,4.849999904632568,4.960000038146973,4.900000095367432,2900,4.900000095367432
2015-11-30,4.880000114440918,4.760000228881836,4.820000171661377,4.78000020980835,26600,4.78000020980835
2015-12-01,4.869999885559082,4.75,4.829999923706055,4.78000020980835,14700,4.78000020980835
2015-12-02,4.769999980926514,4.650000095367432,4.760000228881836,4.679999828338623,17200,4.679999828338623
2015-12-03,4.760000228881836,4.610000133514404,4.730000019073486,4.639999866485596,15300,4.639999866485596
2015-12-04,4.730000019073486,4.619999885559082,4.679999828338623,4.630000114440918,20900,4.630000114440918
2015-12-07,4.630000114440918,4.53000020980835,4.599999904632568,4.599999904632568,8600,4.599999904632568
2015-12-08,4.610000133514404,4.480000019073486,4.519999980926514,4.510000228881836,19500,4.510000228881836
2015-12-09,4.619999885559082,4.46999979019165,4.539999961853027,4.489999771118164,27500,4.489999771118164
2015-12-10,4.53000020980835,4.429999828338623,4.449999809265137,4.46999979019165,19600,4.46999979019165
2015-12-11,4.519999980926514,4.400000095367432,4.519999980926514,4.409999847412109,31800,4.409999847412109
2015-12-14,4.5,4.260000228881836,4.489999771118164,4.360000133514404,29600,4.360000133514404
2015-12-15,4.570000171661377,4.300000190734863,4.570000171661377,4.369999885559082,16700,4.369999885559082
2015-12-16,4.440000057220459,4.300000190734863,4.340000152587891,4.300000190734863,26000,4.300000190734863
2015-12-17,4.489999771118164,4.300000190734863,4.300000190734863,4.300000190734863,15600,4.300000190734863
2015-12-18,4.340000152587891,4.25,4.300000190734863,4.25,23800,4.25
2015-12-21,4.320000171661377,4.289999961853027,4.309999942779541,4.289999961853027,10100,4.289999961853027
2015-12-22,4.420000076293945,4.260000228881836,4.300000190734863,4.389999866485596,19100,4.389999866485596
2015-12-23,4.480000019073486,4.340000152587891,4.389999866485596,4.380000114440918,11100,4.380000114440918
2015-12-24,4.449999809265137,4.340000152587891,4.400000095367432,4.440000057220459,31900,4.440000057220459
2015-12-28,4.449999809265137,4.360000133514404,4.420000076293945,4.369999885559082,7600,4.369999885559082
2015-12-29,4.440000057220459,4.349999904632568,4.349999904632568,4.369999885559082,7300,4.369999885559082
2015-12-30,4.429999828338623,4.25,4.409999847412109,4.320000171661377,18800,4.320000171661377
2015-12-31,4.710000038146973,4.320000171661377,4.349999904632568,4.46999979019165,80000,4.46999979019165
2016-01-04,4.400000095367432,4.269999980926514,4.329999923706055,4.28000020980835,18900,4.28000020980835
2016-01-05,4.480000019073486,4.25,4.440000057220459,4.360000133514404,14300,4.360000133514404
2016-01-06,4.429999828338623,4.25,4.429999828338623,4.260000228881836,33800,4.260000228881836
2016-01-07,4.300000190734863,4.0,4.269999980926514,4.070000171661377,54500,4.070000171661377
2016-01-08,4.170000076293945,4.110000133514404,4.110000133514404,4.130000114440918,7100,4.130000114440918
2016-01-11,4.210000038146973,4.070000171661377,4.070000171661377,4.179999828338623,5300,4.179999828338623
2016-01-12,4.260000228881836,4.050000190734863,4.260000228881836,4.070000171661377,10000,4.070000171661377
2016-01-13,4.190000057220459,3.75,4.070000171661377,3.759999990463257,116600,3.759999990463257
2016-01-14,4.03000020980835,3.7100000381469727,3.890000104904175,3.990000009536743,38400,3.990000009536743
2016-01-15,3.9800000190734863,3.759999990463257,3.8499999046325684,3.859999895095825,44700,3.859999895095825
2016-01-19,3.990000009536743,3.890000104904175,3.990000009536743,3.9000000953674316,4800,3.9000000953674316
2016-01-20,3.9200000762939453,3.7100000381469727,3.9200000762939453,3.8499999046325684,18600,3.8499999046325684
2016-01-21,4.190000057220459,3.8399999141693115,3.859999895095825,4.179999828338623,57300,4.179999828338623
2016-01-22,4.449999809265137,4.099999904632568,4.449999809265137,4.199999809265137,50900,4.199999809265137
2016-01-25,4.289999961853027,4.199999809265137,4.230000019073486,4.199999809265137,9500,4.199999809265137
2016-01-26,4.349999904632568,4.210000038146973,4.28000020980835,4.329999923706055,13500,4.329999923706055
2016-01-27,4.440000057220459,4.28000020980835,4.440000057220459,4.309999942779541,14800,4.309999942779541
2016-01-28,4.400000095367432,4.28000020980835,4.380000114440918,4.389999866485596,18400,4.389999866485596
2016-01-29,4.429999828338623,4.320000171661377,4.429999828338623,4.320000171661377,32300,4.320000171661377
2016-02-01,4.389999866485596,4.239999771118164,4.320000171661377,4.320000171661377,29200,4.320000171661377
2016-02-02,4.400000095367432,4.239999771118164,4.329999923706055,4.400000095367432,22500,4.400000095367432
2016-02-03,4.400000095367432,4.320000171661377,4.400000095367432,4.389999866485596,36600,4.389999866485596
2016-02-04,4.400000095367432,4.329999923706055,4.400000095367432,4.400000095367432,12400,4.400000095367432
2016-02-05,4.389999866485596,4.329999923706055,4.389999866485596,4.349999904632568,14100,4.349999904632568
2016-02-08,4.360000133514404,4.25,4.349999904632568,4.309999942779541,33600,4.309999942779541
2016-02-09,4.380000114440918,4.239999771118164,4.239999771118164,4.340000152587891,20600,4.340000152587891
2016-02-10,4.400000095367432,4.329999923706055,4.329999923706055,4.389999866485596,10300,4.389999866485596
2016-02-11,4.369999885559082,4.289999961853027,4.369999885559082,4.329999923706055,27000,4.329999923706055
2016-02-12,4.400000095367432,4.329999923706055,4.329999923706055,4.400000095367432,8800,4.400000095367432
2016-02-16,4.400000095367432,4.360000133514404,4.389999866485596,4.389999866485596,10900,4.389999866485596
2016-02-17,4.699999809265137,4.329999923706055,4.329999923706055,4.659999847412109,42800,4.659999847412109
2016-02-18,4.659999847412109,4.570000171661377,4.630000114440918,4.639999866485596,2600,4.639999866485596
2016-02-19,4.690000057220459,4.519999980926514,4.570000171661377,4.519999980926514,17900,4.519999980926514
2016-02-22,4.650000095367432,4.550000190734863,4.590000152587891,4.610000133514404,11800,4.610000133514404
2016-02-23,4.650000095367432,4.590000152587891,4.590000152587891,4.639999866485596,8300,4.639999866485596
2016-02-24,4.699999809265137,4.599999904632568,4.639999866485596,4.639999866485596,35900,4.639999866485596
2016-02-25,4.760000228881836,4.590000152587891,4.590000152587891,4.730000019073486,20500,4.730000019073486
2016-02-26,4.760000228881836,4.699999809265137,4.699999809265137,4.760000228881836,10400,4.760000228881836
2016-02-29,5.0,4.710000038146973,4.710000038146973,4.949999809265137,51900,4.949999809265137
2016-03-01,5.010000228881836,4.949999809265137,4.96999979019165,4.989999771118164,40800,4.989999771118164
2016-03-02,5.0,4.949999809265137,5.0,4.980000019073486,10400,4.980000019073486
2016-03-03,5.0,4.909999847412109,4.980000019073486,4.909999847412109,12800,4.909999847412109
2016-03-04,4.96999979019165,4.760000228881836,4.940000057220459,4.829999923706055,25100,4.829999923706055
2016-03-07,4.920000076293945,4.889999866485596,4.920000076293945,4.900000095367432,6700,4.900000095367432
2016-03-08,5.0,4.929999828338623,4.929999828338623,4.960000038146973,13100,4.960000038146973
2016-03-09,5.0,4.96999979019165,4.96999979019165,5.0,16100,5.0
2016-03-10,5.0,4.900000095367432,5.0,4.929999828338623,14500,4.929999828338623
2016-03-11,5.0,4.929999828338623,5.0,4.929999828338623,11100,4.929999828338623
2016-03-14,5.0,4.769999980926514,4.769999980926514,5.0,27700,5.0
2016-03-15,5.0,4.940000057220459,5.0,4.980000019073486,12200,4.980000019073486
2016-03-16,5.010000228881836,4.880000114440918,4.989999771118164,4.880000114440918,37900,4.880000114440918
2016-03-17,5.0,4.829999923706055,4.889999866485596,4.980000019073486,30500,4.980000019073486
2016-03-18,5.019999980926514,4.949999809265137,4.980000019073486,4.949999809265137,16700,4.949999809265137
2016-03-21,5.050000190734863,4.980000019073486,4.980000019073486,5.050000190734863,58100,5.050000190734863
2016-03-22,5.059999942779541,4.929999828338623,4.929999828338623,5.050000190734863,27200,5.050000190734863
2016-03-23,5.019999980926514,4.920000076293945,5.0,4.949999809265137,17300,4.949999809265137
2016-03-24,5.0,4.909999847412109,4.989999771118164,4.980000019073486,19500,4.980000019073486
2016-03-28,4.989999771118164,4.920000076293945,4.949999809265137,4.929999828338623,11200,4.929999828338623
2016-03-29,4.900000095367432,4.800000190734863,4.900000095367432,4.860000133514404,46600,4.860000133514404
2016-03-30,4.949999809265137,4.880000114440918,4.900000095367432,4.940000057220459,25000,4.940000057220459
2016-03-31,4.949999809265137,4.809999942779541,4.940000057220459,4.849999904632568,107200,4.849999904632568
2016-04-01,4.909999847412109,4.769999980926514,4.900000095367432,4.769999980926514,35500,4.769999980926514
2016-04-04,4.889999866485596,4.809999942779541,4.809999942779541,4.880000114440918,16400,4.880000114440918
2016-04-05,4.900000095367432,4.610000133514404,4.900000095367432,4.610000133514404,50200,4.610000133514404
2016-04-06,4.800000190734863,4.619999885559082,4.619999885559082,4.78000020980835,45600,4.78000020980835
2016-04-07,4.869999885559082,4.679999828338623,4.800000190734863,4.760000228881836,15100,4.760000228881836
2016-04-08,4.829999923706055,4.75,4.769999980926514,4.800000190734863,42300,4.800000190734863
2016-04-11,4.869999885559082,4.769999980926514,4.820000171661377,4.800000190734863,24400,4.800000190734863
2016-04-12,5.0,4.869999885559082,4.900000095367432,4.949999809265137,18600,4.949999809265137
2016-04-13,5.019999980926514,4.880000114440918,4.920000076293945,4.980000019073486,60400,4.980000019073486
2016-04-14,5.050000190734863,4.699999809265137,4.909999847412109,5.0,43600,5.0
2016-04-15,5.039999961853027,4.849999904632568,4.960000038146973,4.849999904632568,17800,4.849999904632568
2016-04-18,5.039999961853027,4.909999847412109,4.929999828338623,4.960000038146973,50200,4.960000038146973
2016-04-19,5.0,4.949999809265137,4.989999771118164,4.96999979019165,7900,4.96999979019165
2016-04-20,4.989999771118164,4.829999923706055,4.96999979019165,4.829999923706055,41500,4.829999923706055
2016-04-21,4.989999771118164,4.760000228881836,4.760000228881836,4.96999979019165,31500,4.96999979019165
2016-04-22,4.989999771118164,4.960000038146973,4.96999979019165,4.980000019073486,6200,4.980000019073486
2016-04-25,5.0,4.980000019073486,4.989999771118164,5.0,15400,5.0
2016-04-26,5.090000152587891,5.0,5.0,5.090000152587891,24700,5.090000152587891
2016-04-27,5.079999923706055,5.0,5.050000190734863,5.039999961853027,26600,5.039999961853027
2016-04-28,5.090000152587891,5.039999961853027,5.050000190734863,5.050000190734863,8600,5.050000190734863
2016-04-29,5.079999923706055,4.949999809265137,5.0,5.03000020980835,29500,5.03000020980835
2016-05-02,5.099999904632568,4.909999847412109,4.909999847412109,5.090000152587891,21100,5.090000152587891
2016-05-03,5.099999904632568,4.989999771118164,5.079999923706055,5.090000152587891,16000,5.090000152587891
2016-05-04,5.0,4.989999771118164,4.989999771118164,4.989999771118164,26800,4.989999771118164
2016-05-05,5.079999923706055,4.949999809265137,4.949999809265137,5.010000228881836,23200,5.010000228881836
2016-05-06,5.050000190734863,4.940000057220459,5.03000020980835,5.0,11500,5.0
2016-05-09,5.039999961853027,4.960000038146973,4.960000038146973,4.989999771118164,29900,4.989999771118164
2016-05-10,5.050000190734863,5.0,5.03000020980835,5.050000190734863,14900,5.050000190734863
2016-05-11,5.070000171661377,4.989999771118164,5.0,5.010000228881836,27400,5.010000228881836
2016-05-12,5.070000171661377,4.980000019073486,5.010000228881836,5.050000190734863,27100,5.050000190734863
2016-05-13,5.070000171661377,4.980000019073486,5.03000020980835,5.050000190734863,22100,5.050000190734863
2016-05-16,5.070000171661377,4.989999771118164,5.03000020980835,5.019999980926514,23200,5.019999980926514
2016-05-17,5.079999923706055,5.0,5.059999942779541,5.079999923706055,19500,5.079999923706055
2016-05-18,5.099999904632568,5.019999980926514,5.039999961853027,5.019999980926514,30100,5.019999980926514
2016-05-19,5.059999942779541,4.989999771118164,4.989999771118164,5.0,37100,5.0
2016-05-20,5.099999904632568,5.010000228881836,5.099999904632568,5.050000190734863,7800,5.050000190734863
2016-05-23,5.099999904632568,5.019999980926514,5.070000171661377,5.079999923706055,28100,5.079999923706055
2016-05-24,5.090000152587891,5.039999961853027,5.079999923706055,5.059999942779541,16400,5.059999942779541
2016-05-25,5.099999904632568,5.03000020980835,5.099999904632568,5.090000152587891,21700,5.090000152587891
2016-05-26,5.099999904632568,5.019999980926514,5.070000171661377,5.03000020980835,20500,5.03000020980835
2016-05-27,5.050000190734863,4.96999979019165,5.010000228881836,5.019999980926514,54500,5.019999980926514
2016-05-31,5.050000190734863,4.980000019073486,5.0,4.989999771118164,16800,4.989999771118164
2016-06-01,5.019999980926514,4.849999904632568,4.949999809265137,4.849999904632568,49300,4.849999904632568
2016-06-02,4.989999771118164,4.849999904632568,4.989999771118164,4.860000133514404,17300,4.860000133514404
2016-06-03,4.929999828338623,4.829999923706055,4.920000076293945,4.929999828338623,19200,4.929999828338623
2016-06-06,4.989999771118164,4.820000171661377,4.880000114440918,4.900000095367432,25800,4.900000095367432
2016-06-07,4.980000019073486,4.860000133514404,4.940000057220459,4.909999847412109,32900,4.909999847412109
2016-06-08,5.079999923706055,4.960000038146973,4.960000038146973,5.039999961853027,46200,5.039999961853027
2016-06-09,5.03000020980835,4.829999923706055,4.989999771118164,4.849999904632568,22800,4.849999904632568
2016-06-10,4.929999828338623,4.75,4.75,4.789999961853027,32100,4.789999961853027
2016-06-13,4.889999866485596,4.690000057220459,4.820000171661377,4.769999980926514,47600,4.769999980926514
2016-06-14,4.769999980926514,4.699999809265137,4.730000019073486,4.710000038146973,23100,4.710000038146973
2016-06-15,4.829999923706055,4.670000076293945,4.75,4.760000228881836,15900,4.760000228881836
2016-06-16,4.800000190734863,4.679999828338623,4.800000190734863,4.690000057220459,32100,4.690000057220459
2016-06-17,4.78000020980835,4.630000114440918,4.78000020980835,4.659999847412109,43100,4.659999847412109
2016-06-20,4.800000190734863,4.699999809265137,4.71999979019165,4.78000020980835,33700,4.78000020980835
2016-06-21,4.820000171661377,4.710000038146973,4.710000038146973,4.820000171661377,42200,4.820000171661377
2016-06-22,5.0,4.75,4.78000020980835,4.989999771118164,67800,4.989999771118164
2016-06-23,5.099999904632568,5.0,5.0,5.039999961853027,110800,5.039999961853027
2016-06-24,5.099999904632568,4.900000095367432,4.929999828338623,4.949999809265137,1464300,4.949999809265137
2016-06-27,4.909999847412109,4.739999771118164,4.869999885559082,4.760000228881836,50800,4.760000228881836
2016-06-28,4.940000057220459,4.769999980926514,4.769999980926514,4.860000133514404,48700,4.860000133514404
2016-06-29,5.019999980926514,4.920000076293945,4.929999828338623,4.989999771118164,49400,4.989999771118164
2016-06-30,5.059999942779541,4.980000019073486,4.980000019073486,5.019999980926514,31600,5.019999980926514
2016-07-01,5.03000020980835,4.940000057220459,4.980000019073486,4.989999771118164,25700,4.989999771118164
2016-07-05,4.989999771118164,4.909999847412109,4.96999979019165,4.989999771118164,42500,4.989999771118164
2016-07-06,5.019999980926514,4.909999847412109,4.96999979019165,4.949999809265137,24300,4.949999809265137
2016-07-07,5.070000171661377,4.96999979019165,4.989999771118164,5.050000190734863,70800,5.050000190734863
2016-07-08,4.940000057220459,4.679999828338623,4.869999885559082,4.739999771118164,179500,4.739999771118164
2016-07-11,4.739999771118164,4.679999828338623,4.710000038146973,4.710000038146973,52200,4.710000038146973
2016-07-12,4.829999923706055,4.71999979019165,4.75,4.769999980926514,90700,4.769999980926514
2016-07-13,4.789999961853027,4.610000133514404,4.769999980926514,4.690000057220459,84000,4.690000057220459
2016-07-14,4.78000020980835,4.670000076293945,4.670000076293945,4.75,26500,4.75
2016-07-15,4.809999942779541,4.670000076293945,4.789999961853027,4.760000228881836,72000,4.760000228881836
2016-07-18,4.75,4.670000076293945,4.710000038146973,4.690000057220459,33700,4.690000057220459
2016-07-19,4.769999980926514,4.659999847412109,4.699999809265137,4.710000038146973,44900,4.710000038146973
2016-07-20,4.739999771118164,4.659999847412109,4.710000038146973,4.690000057220459,56500,4.690000057220459
2016-07-21,4.699999809265137,4.619999885559082,4.670000076293945,4.650000095367432,19200,4.650000095367432
2016-07-22,4.679999828338623,4.619999885559082,4.619999885559082,4.670000076293945,10400,4.670000076293945
2016-07-25,4.71999979019165,4.579999923706055,4.71999979019165,4.630000114440918,15000,4.630000114440918
2016-07-26,4.659999847412109,4.590000152587891,4.599999904632568,4.650000095367432,33400,4.650000095367432
2016-07-27,4.670000076293945,4.570000171661377,4.619999885559082,4.659999847412109,40300,4.659999847412109
2016-07-28,4.75,4.590000152587891,4.739999771118164,4.670000076293945,35700,4.670000076293945
2016-07-29,4.670000076293945,4.599999904632568,4.659999847412109,4.639999866485596,47700,4.639999866485596
2016-08-01,4.650000095367432,4.610000133514404,4.630000114440918,4.610000133514404,8000,4.610000133514404
2016-08-02,4.619999885559082,4.550000190734863,4.619999885559082,4.570000171661377,25600,4.570000171661377
2016-08-03,4.559999942779541,4.53000020980835,4.539999961853027,4.539999961853027,22000,4.539999961853027
2016-08-04,4.610000133514404,4.519999980926514,4.559999942779541,4.570000171661377,36400,4.570000171661377
2016-08-05,4.619999885559082,4.559999942779541,4.579999923706055,4.610000133514404,38100,4.610000133514404
2016-08-08,4.630000114440918,4.539999961853027,4.579999923706055,4.570000171661377,17100,4.570000171661377
2016-08-09,4.570000171661377,4.510000228881836,4.570000171661377,4.539999961853027,15300,4.539999961853027
2016-08-10,4.599999904632568,4.5,4.559999942779541,4.510000228881836,14400,4.510000228881836
2016-08-11,4.590000152587891,4.510000228881836,4.539999961853027,4.559999942779541,17000,4.559999942779541
2016-08-12,4.610000133514404,4.519999980926514,4.53000020980835,4.590000152587891,29300,4.590000152587891
2016-08-15,4.599999904632568,4.510000228881836,4.559999942779541,4.590000152587891,26700,4.590000152587891
2016-08-16,4.599999904632568,4.559999942779541,4.599999904632568,4.579999923706055,21000,4.579999923706055
2016-08-17,4.619999885559082,4.510000228881836,4.53000020980835,4.619999885559082,36500,4.619999885559082
2016-08-18,4.619999885559082,4.590000152587891,4.599999904632568,4.619999885559082,23600,4.619999885559082
2016-08-19,4.619999885559082,4.579999923706055,4.610000133514404,4.579999923706055,20200,4.579999923706055
2016-08-22,4.590000152587891,4.550000190734863,4.559999942779541,4.570000171661377,4800,4.570000171661377
2016-08-23,4.630000114440918,4.579999923706055,4.590000152587891,4.610000133514404,22300,4.610000133514404
2016-08-24,4.639999866485596,4.570000171661377,4.599999904632568,4.619999885559082,24700,4.619999885559082
2016-08-25,4.630000114440918,4.579999923706055,4.619999885559082,4.610000133514404,4500,4.610000133514404
2016-08-26,4.619999885559082,4.550000190734863,4.619999885559082,4.590000152587891,21300,4.590000152587891
2016-08-29,4.619999885559082,4.550000190734863,4.590000152587891,4.559999942779541,25600,4.559999942779541
2016-08-30,4.559999942779541,4.5,4.559999942779541,4.539999961853027,23700,4.539999961853027
2016-08-31,4.559999942779541,4.46999979019165,4.559999942779541,4.5,35900,4.5
2016-09-01,4.53000020980835,4.449999809265137,4.519999980926514,4.5,41000,4.5
2016-09-02,4.53000020980835,4.440000057220459,4.53000020980835,4.480000019073486,28500,4.480000019073486
2016-09-06,4.480000019073486,4.389999866485596,4.449999809265137,4.400000095367432,22200,4.400000095367432
2016-09-07,4.460000038146973,4.360000133514404,4.360000133514404,4.440000057220459,24500,4.440000057220459
2016-09-08,4.460000038146973,4.349999904632568,4.400000095367432,4.380000114440918,17100,4.380000114440918
2016-09-09,4.380000114440918,4.170000076293945,4.349999904632568,4.190000057220459,30700,4.190000057220459
2016-09-12,4.329999923706055,4.199999809265137,4.210000038146973,4.320000171661377,27700,4.320000171661377
2016-09-13,4.349999904632568,4.210000038146973,4.329999923706055,4.21999979019165,33400,4.21999979019165
2016-09-14,4.25,4.199999809265137,4.25,4.210000038146973,15800,4.210000038146973
2016-09-15,4.230000019073486,4.179999828338623,4.21999979019165,4.21999979019165,20400,4.21999979019165
2016-09-16,4.28000020980835,4.150000095367432,4.269999980926514,4.239999771118164,74900,4.239999771118164
2016-09-19,4.269999980926514,4.119999885559082,4.239999771118164,4.150000095367432,20100,4.150000095367432
2016-09-20,4.199999809265137,4.150000095367432,4.199999809265137,4.159999847412109,13100,4.159999847412109
2016-09-21,4.230000019073486,4.110000133514404,4.179999828338623,4.230000019073486,18100,4.230000019073486
2016-09-22,4.289999961853027,4.210000038146973,4.269999980926514,4.230000019073486,27200,4.230000019073486
2016-09-23,4.25,4.159999847412109,4.159999847412109,4.210000038146973,21900,4.210000038146973
2016-09-26,4.199999809265137,4.139999866485596,4.199999809265137,4.150000095367432,19900,4.150000095367432
2016-09-27,4.230000019073486,4.159999847412109,4.179999828338623,4.170000076293945,21400,4.170000076293945
2016-09-28,4.369999885559082,4.190000057220459,4.190000057220459,4.349999904632568,101600,4.349999904632568
2016-09-29,4.360000133514404,4.190000057220459,4.360000133514404,4.190000057220459,19800,4.190000057220459
2016-09-30,4.289999961853027,4.190000057220459,4.190000057220459,4.289999961853027,20800,4.289999961853027
2016-10-03,4.269999980926514,4.150000095367432,4.260000228881836,4.190000057220459,14100,4.190000057220459
2016-10-04,4.25,4.190000057220459,4.199999809265137,4.199999809265137,33100,4.199999809265137
2016-10-05,4.289999961853027,4.190000057220459,4.190000057220459,4.21999979019165,8100,4.21999979019165
2016-10-06,4.260000228881836,4.199999809265137,4.25,4.239999771118164,11400,4.239999771118164
2016-10-07,4.25,4.150000095367432,4.210000038146973,4.190000057220459,19600,4.190000057220459
2016-10-10,4.28000020980835,4.139999866485596,4.139999866485596,4.239999771118164,11300,4.239999771118164
2016-10-11,4.239999771118164,4.090000152587891,4.199999809265137,4.190000057220459,21900,4.190000057220459
2016-10-12,4.230000019073486,4.190000057220459,4.230000019073486,4.210000038146973,2800,4.210000038146973
2016-10-13,4.190000057220459,4.139999866485596,4.179999828338623,4.139999866485596,8000,4.139999866485596
2016-10-14,4.179999828338623,4.099999904632568,4.139999866485596,4.119999885559082,12800,4.119999885559082
2016-10-17,4.099999904632568,4.070000171661377,4.099999904632568,4.090000152587891,11300,4.090000152587891
2016-10-18,4.150000095367432,4.070000171661377,4.139999866485596,4.079999923706055,12200,4.079999923706055
2016-10-19,4.190000057220459,4.070000171661377,4.070000171661377,4.139999866485596,11400,4.139999866485596
2016-10-20,4.150000095367432,4.059999942779541,4.079999923706055,4.130000114440918,7800,4.130000114440918
2016-10-21,4.329999923706055,4.079999923706055,4.079999923706055,4.309999942779541,52800,4.309999942779541
2016-10-24,4.349999904632568,4.289999961853027,4.329999923706055,4.309999942779541,4500,4.309999942779541
2016-10-25,4.340000152587891,4.239999771118164,4.25,4.269999980926514,13300,4.269999980926514
2016-10-26,4.260000228881836,4.230000019073486,4.260000228881836,4.230000019073486,9300,4.230000019073486
2016-10-27,4.28000020980835,4.199999809265137,4.28000020980835,4.230000019073486,21000,4.230000019073486
2016-10-28,4.320000171661377,4.190000057220459,4.28000020980835,4.21999979019165,5800,4.21999979019165
2016-10-31,4.269999980926514,4.139999866485596,4.199999809265137,4.190000057220459,38400,4.190000057220459
2016-11-01,4.21999979019165,4.059999942779541,4.190000057220459,4.070000171661377,18000,4.070000171661377
2016-11-02,4.099999904632568,4.0,4.099999904632568,4.059999942779541,31300,4.059999942779541
2016-11-03,4.090000152587891,4.019999980926514,4.090000152587891,4.03000020980835,10400,4.03000020980835
2016-11-04,4.079999923706055,4.019999980926514,4.070000171661377,4.039999961853027,28700,4.039999961853027
2016-11-07,4.170000076293945,4.039999961853027,4.090000152587891,4.150000095367432,28700,4.150000095367432
2016-11-08,4.230000019073486,4.099999904632568,4.170000076293945,4.210000038146973,45900,4.210000038146973
2016-11-09,4.230000019073486,4.059999942779541,4.139999866485596,4.179999828338623,38700,4.179999828338623
2016-11-10,4.239999771118164,4.059999942779541,4.199999809265137,4.199999809265137,47700,4.199999809265137
2016-11-11,4.289999961853027,4.190000057220459,4.210000038146973,4.28000020980835,89800,4.28000020980835
2016-11-14,4.300000190734863,4.150000095367432,4.260000228881836,4.210000038146973,31000,4.210000038146973
2016-11-15,4.179999828338623,4.070000171661377,4.110000133514404,4.110000133514404,13700,4.110000133514404
2016-11-16,4.130000114440918,4.03000020980835,4.079999923706055,4.119999885559082,19400,4.119999885559082
2016-11-17,4.21999979019165,4.0,4.139999866485596,4.199999809265137,44400,4.199999809265137
2016-11-18,4.230000019073486,4.130000114440918,4.230000019073486,4.179999828338623,39900,4.179999828338623
2016-11-21,4.289999961853027,4.170000076293945,4.170000076293945,4.239999771118164,43500,4.239999771118164
2016-11-22,4.28000020980835,4.119999885559082,4.230000019073486,4.239999771118164,34500,4.239999771118164
2016-11-23,4.340000152587891,4.210000038146973,4.210000038146973,4.329999923706055,37200,4.329999923706055
2016-11-25,4.329999923706055,4.289999961853027,4.300000190734863,4.329999923706055,9100,4.329999923706055
2016-11-28,4.320000171661377,4.239999771118164,4.289999961853027,4.239999771118164,28000,4.239999771118164
2016-11-29,4.28000020980835,4.190000057220459,4.28000020980835,4.21999979019165,15500,4.21999979019165
2016-11-30,4.349999904632568,4.239999771118164,4.25,4.260000228881836,90100,4.260000228881836
2016-12-01,4.340000152587891,4.289999961853027,4.289999961853027,4.309999942779541,22600,4.309999942779541
2016-12-02,4.340000152587891,4.28000020980835,4.300000190734863,4.309999942779541,15700,4.309999942779541
2016-12-05,4.349999904632568,4.210000038146973,4.349999904632568,4.260000228881836,31200,4.260000228881836
2016-12-06,4.300000190734863,4.21999979019165,4.300000190734863,4.28000020980835,27700,4.28000020980835
2016-12-07,4.300000190734863,4.230000019073486,4.25,4.260000228881836,22400,4.260000228881836
2016-12-08,4.380000114440918,4.239999771118164,4.300000190734863,4.360000133514404,59600,4.360000133514404
2016-12-09,4.449999809265137,4.320000171661377,4.389999866485596,4.380000114440918,56500,4.380000114440918
2016-12-12,4.429999828338623,4.309999942779541,4.360000133514404,4.349999904632568,26700,4.349999904632568
2016-12-13,4.429999828338623,4.300000190734863,4.309999942779541,4.400000095367432,29000,4.400000095367432
2016-12-14,4.420000076293945,4.300000190734863,4.420000076293945,4.309999942779541,40500,4.309999942779541
2016-12-15,4.340000152587891,4.28000020980835,4.28000020980835,4.289999961853027,28100,4.289999961853027
2016-12-16,4.449999809265137,4.300000190734863,4.320000171661377,4.440000057220459,88000,4.440000057220459
2016-12-19,4.5,4.369999885559082,4.400000095367432,4.460000038146973,18600,4.460000038146973
2016-12-20,4.460000038146973,4.340000152587891,4.460000038146973,4.360000133514404,23700,4.360000133514404
2016-12-21,4.400000095367432,4.289999961853027,4.340000152587891,4.329999923706055,11900,4.329999923706055
2016-12-22,4.329999923706055,4.260000228881836,4.329999923706055,4.300000190734863,15300,4.300000190734863
2016-12-23,4.300000190734863,4.210000038146973,4.300000190734863,4.28000020980835,20500,4.28000020980835
2016-12-27,4.300000190734863,4.190000057220459,4.300000190734863,4.239999771118164,37000,4.239999771118164
2016-12-28,4.21999979019165,4.050000190734863,4.21999979019165,4.170000076293945,36300,4.170000076293945
2016-12-29,4.369999885559082,4.119999885559082,4.190000057220459,4.329999923706055,42300,4.329999923706055
2016-12-30,4.320000171661377,4.170000076293945,4.309999942779541,4.28000020980835,50600,4.28000020980835
2017-01-03,4.349999904632568,4.199999809265137,4.349999904632568,4.210000038146973,9700,4.210000038146973
2017-01-04,4.289999961853027,4.150000095367432,4.170000076293945,4.239999771118164,15800,4.239999771118164
2017-01-05,4.239999771118164,4.179999828338623,4.239999771118164,4.190000057220459,8200,4.190000057220459
2017-01-06,4.179999828338623,4.090000152587891,4.179999828338623,4.119999885559082,16000,4.119999885559082
2017-01-09,4.119999885559082,4.050000190734863,4.099999904632568,4.090000152587891,14000,4.090000152587891
2017-01-10,4.159999847412109,4.119999885559082,4.119999885559082,4.159999847412109,10300,4.159999847412109
2017-01-11,4.179999828338623,4.070000171661377,4.179999828338623,4.079999923706055,15400,4.079999923706055
2017-01-12,4.119999885559082,4.010000228881836,4.099999904632568,4.050000190734863,27200,4.050000190734863
2017-01-13,4.329999923706055,3.9700000286102295,4.090000152587891,4.059999942779541,59800,4.059999942779541
2017-01-17,4.059999942779541,3.950000047683716,4.059999942779541,3.9600000381469727,35600,3.9600000381469727
2017-01-18,4.079999923706055,3.940000057220459,3.940000057220459,4.03000020980835,9900,4.03000020980835
2017-01-19,3.9800000190734863,3.890000104904175,3.940000057220459,3.890000104904175,41600,3.890000104904175
2017-01-20,3.950000047683716,3.8499999046325684,3.890000104904175,3.880000114440918,29800,3.880000114440918
2017-01-23,3.930000066757202,3.869999885559082,3.869999885559082,3.9100000858306885,8800,3.9100000858306885
2017-01-24,4.03000020980835,3.880000114440918,3.930000066757202,4.010000228881836,14800,4.010000228881836
2017-01-25,4.130000114440918,4.0,4.070000171661377,4.050000190734863,28600,4.050000190734863
2017-01-26,4.119999885559082,3.890000104904175,3.9200000762939453,3.9100000858306885,59900,3.9100000858306885
2017-01-27,3.940000057220459,3.859999895095825,3.9100000858306885,3.869999885559082,11100,3.869999885559082
2017-01-30,3.869999885559082,3.7699999809265137,3.869999885559082,3.7899999618530273,67000,3.7899999618530273
2017-01-31,3.8299999237060547,3.630000114440918,3.75,3.6700000762939453,64500,3.6700000762939453
2017-02-01,3.7300000190734863,3.630000114440918,3.630000114440918,3.640000104904175,32400,3.640000104904175
2017-02-02,3.6700000762939453,3.559999942779541,3.6500000953674316,3.569999933242798,37100,3.569999933242798
2017-02-03,3.7100000381469727,3.549999952316284,3.549999952316284,3.680000066757202,37000,3.680000066757202
2017-02-06,3.680000066757202,3.6500000953674316,3.680000066757202,3.6700000762939453,7600,3.6700000762939453
2017-02-07,3.7300000190734863,3.6500000953674316,3.7200000286102295,3.6600000858306885,17200,3.6600000858306885
2017-02-08,3.6600000858306885,3.4600000381469727,3.630000114440918,3.5,41000,3.5
2017-02-09,3.619999885559082,3.450000047683716,3.5399999618530273,3.5299999713897705,35100,3.5299999713897705
2017-02-10,3.630000114440918,3.559999942779541,3.559999942779541,3.609999895095825,38400,3.609999895095825
2017-02-13,3.6600000858306885,3.5999999046325684,3.640000104904175,3.630000114440918,39800,3.630000114440918
2017-02-14,3.6500000953674316,3.5899999141693115,3.609999895095825,3.619999885559082,25000,3.619999885559082
2017-02-15,3.680000066757202,3.549999952316284,3.5899999141693115,3.619999885559082,17200,3.619999885559082
2017-02-16,3.6700000762939453,3.569999933242798,3.609999895095825,3.5999999046325684,45500,3.5999999046325684
2017-02-17,3.630000114440918,3.5899999141693115,3.619999885559082,3.609999895095825,29900,3.609999895095825
2017-02-21,3.640000104904175,3.509999990463257,3.640000104904175,3.5799999237060547,21000,3.5799999237060547
2017-02-22,3.559999942779541,3.4600000381469727,3.5399999618530273,3.4700000286102295,44900,3.4700000286102295
2017-02-23,3.509999990463257,3.4600000381469727,3.5,3.4700000286102295,15100,3.4700000286102295
2017-02-24,3.450000047683716,3.380000114440918,3.450000047683716,3.4200000762939453,39400,3.4200000762939453
2017-02-27,3.4700000286102295,3.430000066757202,3.450000047683716,3.440000057220459,20200,3.440000057220459
2017-02-28,3.450000047683716,3.369999885559082,3.430000066757202,3.380000114440918,39600,3.380000114440918
2017-03-01,3.4100000858306885,3.369999885559082,3.4100000858306885,3.4100000858306885,28800,3.4100000858306885
2017-03-02,3.5199999809265137,3.369999885559082,3.390000104904175,3.4600000381469727,55700,3.4600000381469727
2017-03-03,3.490000009536743,3.359999895095825,3.490000009536743,3.390000104904175,18100,3.390000104904175
2017-03-06,3.4100000858306885,3.319999933242798,3.3499999046325684,3.359999895095825,26900,3.359999895095825
2017-03-07,3.359999895095825,3.2699999809265137,3.3299999237060547,3.319999933242798,55800,3.319999933242798
2017-03-08,3.369999885559082,3.299999952316284,3.3299999237060547,3.3299999237060547,26500,3.3299999237060547
2017-03-09,3.3499999046325684,3.2899999618530273,3.309999942779541,3.299999952316284,37500,3.299999952316284
2017-03-10,3.369999885559082,3.259999990463257,3.309999942779541,3.3399999141693115,23300,3.3399999141693115
2017-03-13,3.359999895095825,3.2699999809265137,3.3399999141693115,3.299999952316284,21600,3.299999952316284
2017-03-14,3.359999895095825,3.2799999713897705,3.2799999713897705,3.309999942779541,17400,3.309999942779541
2017-03-15,3.390000104904175,3.299999952316284,3.3299999237060547,3.3299999237060547,17900,3.3299999237060547
2017-03-16,3.359999895095825,3.309999942779541,3.3299999237060547,3.319999933242798,18900,3.319999933242798
2017-03-17,3.4000000953674316,3.299999952316284,3.309999942779541,3.319999933242798,70600,3.319999933242798
2017-03-20,3.3499999046325684,3.2799999713897705,3.3299999237060547,3.2799999713897705,20100,3.2799999713897705
2017-03-21,3.2899999618530273,3.2300000190734863,3.2899999618530273,3.240000009536743,41200,3.240000009536743
2017-03-22,3.240000009536743,3.180000066757202,3.240000009536743,3.190000057220459,53500,3.190000057220459
2017-03-23,3.2200000286102295,3.1600000858306885,3.1700000762939453,3.180000066757202,27800,3.180000066757202
2017-03-24,3.200000047683716,3.1500000953674316,3.1500000953674316,3.1700000762939453,33500,3.1700000762939453
2017-03-27,3.1700000762939453,3.130000114440918,3.1500000953674316,3.1600000858306885,32700,3.1600000858306885
2017-03-28,3.180000066757202,3.0999999046325684,3.130000114440918,3.1500000953674316,14600,3.1500000953674316
2017-03-29,3.180000066757202,3.109999895095825,3.130000114440918,3.1500000953674316,18900,3.1500000953674316
2017-03-30,3.1700000762939453,3.069999933242798,3.1600000858306885,3.130000114440918,33300,3.130000114440918
2017-03-31,3.1500000953674316,3.0899999141693115,3.0899999141693115,3.109999895095825,114200,3.109999895095825
2017-04-03,3.299999952316284,3.109999895095825,3.130000114440918,3.190000057220459,58700,3.190000057220459
2017-04-04,3.2100000381469727,3.069999933242798,3.2100000381469727,3.0899999141693115,39900,3.0899999141693115
2017-04-05,3.200000047683716,3.049999952316284,3.140000104904175,3.059999942779541,63600,3.059999942779541
2017-04-06,3.1700000762939453,3.0399999618530273,3.049999952316284,3.119999885559082,51800,3.119999885559082
2017-04-07,3.25,3.0999999046325684,3.109999895095825,3.1700000762939453,97700,3.1700000762939453
2017-04-10,3.2300000190734863,3.1700000762939453,3.200000047683716,3.2200000286102295,40900,3.2200000286102295
2017-04-11,3.2899999618530273,3.2100000381469727,3.2200000286102295,3.2300000190734863,38500,3.2300000190734863
2017-04-12,3.240000009536743,3.140000104904175,3.2300000190734863,3.1600000858306885,32000,3.1600000858306885
2017-04-13,3.1500000953674316,3.0799999237060547,3.119999885559082,3.0999999046325684,45900,3.0999999046325684
2017-04-17,3.190000057220459,3.059999942779541,3.180000066757202,3.140000104904175,24300,3.140000104904175
2017-04-18,3.1700000762939453,3.0899999141693115,3.130000114440918,3.140000104904175,43100,3.140000104904175
2017-04-19,3.180000066757202,3.059999942779541,3.180000066757202,3.0899999141693115,69100,3.0899999141693115
2017-04-20,3.0799999237060547,2.8499999046325684,3.049999952316284,2.940000057220459,174700,2.940000057220459
2017-04-21,2.930000066757202,2.859999895095825,2.930000066757202,2.9100000858306885,108700,2.9100000858306885
2017-04-24,3.0,2.9000000953674316,2.9100000858306885,2.990000009536743,36700,2.990000009536743
2017-04-25,3.069999933242798,2.9000000953674316,3.0,2.990000009536743,68300,2.990000009536743
2017-04-26,3.0799999237060547,2.990000009536743,2.990000009536743,3.0,104900,3.0
2017-04-27,3.0,2.9600000381469727,3.0,2.9800000190734863,26700,2.9800000190734863
2017-04-28,2.990000009536743,2.9200000762939453,2.990000009536743,2.940000057220459,55000,2.940000057220459
2017-05-01,2.9700000286102295,2.869999885559082,2.950000047683716,2.9000000953674316,40000,2.9000000953674316
2017-05-02,2.930000066757202,2.9000000953674316,2.930000066757202,2.9100000858306885,18700,2.9100000858306885
2017-05-03,2.940000057220459,2.880000114440918,2.9000000953674316,2.9000000953674316,25300,2.9000000953674316
2017-05-04,2.9000000953674316,2.8399999141693115,2.890000104904175,2.890000104904175,59800,2.890000104904175
2017-05-05,2.890000104904175,2.819999933242798,2.8499999046325684,2.859999895095825,38100,2.859999895095825
2017-05-08,2.859999895095825,2.819999933242798,2.8499999046325684,2.819999933242798,20600,2.819999933242798
2017-05-09,2.8499999046325684,2.7899999618530273,2.819999933242798,2.819999933242798,33900,2.819999933242798
2017-05-10,2.8499999046325684,2.799999952316284,2.819999933242798,2.819999933242798,42800,2.819999933242798
2017-05-11,2.819999933242798,2.759999990463257,2.809999942779541,2.7799999713897705,53300,2.7799999713897705
2017-05-12,2.819999933242798,2.75,2.759999990463257,2.75,39700,2.75
2017-05-15,2.7799999713897705,2.7200000286102295,2.75,2.7200000286102295,31400,2.7200000286102295
2017-05-16,2.740000009536743,2.6600000858306885,2.7300000190734863,2.680000066757202,46200,2.680000066757202
2017-05-17,2.700000047683716,2.6500000953674316,2.6600000858306885,2.6600000858306885,41300,2.6600000858306885
2017-05-18,2.6500000953674316,2.619999885559082,2.640000104904175,2.619999885559082,41700,2.619999885559082
2017-05-19,2.6700000762939453,2.5799999237060547,2.609999895095825,2.609999895095825,61700,2.609999895095825
2017-05-22,2.5999999046325684,2.5399999618530273,2.5999999046325684,2.569999933242798,59100,2.569999933242798
2017-05-23,2.619999885559082,2.509999990463257,2.559999942779541,2.5199999809265137,80200,2.5199999809265137
2017-05-24,2.640000104904175,2.509999990463257,2.5199999809265137,2.569999933242798,29800,2.569999933242798
2017-05-25,2.5899999141693115,2.5,2.569999933242798,2.5,40600,2.5
2017-05-26,2.569999933242798,2.5,2.5199999809265137,2.5199999809265137,30600,2.5199999809265137
2017-05-30,2.5899999141693115,2.450000047683716,2.5299999713897705,2.4600000381469727,49300,2.4600000381469727
2017-05-31,2.6600000858306885,2.450000047683716,2.450000047683716,2.6600000858306885,116100,2.6600000858306885
2017-06-01,2.950000047683716,2.680000066757202,2.690000057220459,2.819999933242798,150400,2.819999933242798
2017-06-02,3.049999952316284,2.8499999046325684,2.8499999046325684,3.009999990463257,144700,3.009999990463257
2017-06-05,3.2100000381469727,2.9600000381469727,3.009999990463257,3.190000057220459,277100,3.190000057220459
2017-06-06,3.430000066757202,3.1600000858306885,3.1600000858306885,3.4100000858306885,178000,3.4100000858306885
2017-06-07,3.430000066757202,3.1500000953674316,3.4100000858306885,3.1700000762939453,87500,3.1700000762939453
2017-06-08,3.1600000858306885,2.990000009536743,3.1600000858306885,3.0199999809265137,61000,3.0199999809265137
2017-06-09,3.059999942779541,2.950000047683716,3.0399999618530273,3.009999990463257,73600,3.009999990463257
2017-06-12,3.0399999618530273,2.9100000858306885,3.009999990463257,2.940000057220459,62500,2.940000057220459
2017-06-13,3.130000114440918,2.950000047683716,2.950000047683716,3.119999885559082,66700,3.119999885559082
2017-06-14,3.0999999046325684,3.0199999809265137,3.049999952316284,3.0899999141693115,28800,3.0899999141693115
2017-06-15,3.109999895095825,2.990000009536743,3.059999942779541,3.009999990463257,29700,3.009999990463257
2017-06-16,3.049999952316284,2.940000057220459,2.940000057220459,3.049999952316284,104000,3.049999952316284
2017-06-19,3.0899999141693115,3.0,3.0899999141693115,3.009999990463257,37900,3.009999990463257
2017-06-20,3.0,2.9100000858306885,3.0,2.9600000381469727,42200,2.9600000381469727
2017-06-21,2.9700000286102295,2.9100000858306885,2.9600000381469727,2.940000057220459,27800,2.940000057220459
2017-06-22,3.0299999713897705,2.9200000762939453,2.9600000381469727,3.0199999809265137,49100,3.0199999809265137
2017-06-23,3.0299999713897705,2.880000114440918,3.0199999809265137,2.9000000953674316,1664500,2.9000000953674316
2017-06-26,3.130000114440918,2.930000066757202,2.930000066757202,3.109999895095825,111000,3.109999895095825
2017-06-27,3.0899999141693115,3.009999990463257,3.0799999237060547,3.0199999809265137,34900,3.0199999809265137
2017-06-28,3.0899999141693115,3.009999990463257,3.009999990463257,3.049999952316284,38700,3.049999952316284
2017-06-29,3.049999952316284,2.8399999141693115,3.0399999618530273,2.8499999046325684,114700,2.8499999046325684
2017-06-30,2.880000114440918,2.7899999618530273,2.859999895095825,2.809999942779541,111300,2.809999942779541
2017-07-03,3.0199999809265137,2.9000000953674316,2.9100000858306885,2.9700000286102295,29900,2.9700000286102295
2017-07-05,3.009999990463257,2.819999933242798,2.950000047683716,2.8499999046325684,34400,2.8499999046325684
2017-07-06,2.859999895095825,2.799999952316284,2.859999895095825,2.819999933242798,57900,2.819999933242798
2017-07-07,2.930000066757202,2.819999933242798,2.8399999141693115,2.859999895095825,44500,2.859999895095825
2017-07-10,2.990000009536743,2.8499999046325684,2.869999885559082,2.869999885559082,89600,2.869999885559082
2017-07-11,2.9100000858306885,2.8399999141693115,2.859999895095825,2.8499999046325684,31100,2.8499999046325684
2017-07-12,2.9100000858306885,2.8399999141693115,2.869999885559082,2.880000114440918,86900,2.880000114440918
2017-07-13,2.990000009536743,2.8399999141693115,2.869999885559082,2.9100000858306885,40800,2.9100000858306885
2017-07-14,2.950000047683716,2.8499999046325684,2.880000114440918,2.880000114440918,46200,2.880000114440918
2017-07-17,2.9200000762939453,2.8499999046325684,2.859999895095825,2.9000000953674316,126100,2.9000000953674316
2017-07-18,2.940000057220459,2.8499999046325684,2.9000000953674316,2.880000114440918,41800,2.880000114440918
2017-07-19,2.990000009536743,2.869999885559082,2.930000066757202,2.9700000286102295,53700,2.9700000286102295
2017-07-20,2.9700000286102295,2.880000114440918,2.9600000381469727,2.950000047683716,39500,2.950000047683716
2017-07-21,2.9800000190734863,2.890000104904175,2.930000066757202,2.950000047683716,17900,2.950000047683716
2017-07-24,2.9600000381469727,2.869999885559082,2.9200000762939453,2.869999885559082,14200,2.869999885559082
2017-07-25,2.940000057220459,2.9000000953674316,2.9000000953674316,2.9000000953674316,43100,2.9000000953674316
2017-07-26,2.9200000762939453,2.819999933242798,2.880000114440918,2.869999885559082,83800,2.869999885559082
2017-07-27,2.990000009536743,2.9100000858306885,2.9200000762939453,2.950000047683716,39300,2.950000047683716
2017-07-28,2.950000047683716,2.9000000953674316,2.9200000762939453,2.9100000858306885,8600,2.9100000858306885
2017-07-31,2.950000047683716,2.859999895095825,2.950000047683716,2.869999885559082,28100,2.869999885559082
2017-08-01,2.930000066757202,2.8499999046325684,2.880000114440918,2.890000104904175,20900,2.890000104904175
2017-08-02,2.880000114440918,2.8499999046325684,2.880000114440918,2.859999895095825,16100,2.859999895095825
2017-08-03,2.859999895095825,2.799999952316284,2.859999895095825,2.8499999046325684,44000,2.8499999046325684
2017-08-04,2.890000104904175,2.8499999046325684,2.859999895095825,2.869999885559082,18700,2.869999885559082
2017-08-07,2.8399999141693115,2.799999952316284,2.8399999141693115,2.809999942779541,44800,2.809999942779541
2017-08-08,2.809999942779541,2.759999990463257,2.799999952316284,2.7699999809265137,19600,2.7699999809265137
2017-08-09,2.7699999809265137,2.680000066757202,2.759999990463257,2.7200000286102295,61400,2.7200000286102295
2017-08-10,2.75,2.680000066757202,2.690000057220459,2.680000066757202,27600,2.680000066757202
2017-08-11,2.799999952316284,2.6500000953674316,2.6500000953674316,2.740000009536743,128400,2.740000009536743
2017-08-14,2.8299999237060547,2.680000066757202,2.75,2.7799999713897705,35700,2.7799999713897705
2017-08-15,2.9100000858306885,2.7699999809265137,2.7699999809265137,2.880000114440918,440500,2.880000114440918
2017-08-16,2.9000000953674316,2.740000009536743,2.9000000953674316,2.740000009536743,19500,2.740000009536743
2017-08-17,2.759999990463257,2.6600000858306885,2.75,2.700000047683716,35700,2.700000047683716
2017-08-18,2.700000047683716,2.5999999046325684,2.6700000762939453,2.630000114440918,27600,2.630000114440918
2017-08-21,2.7699999809265137,2.630000114440918,2.640000104904175,2.700000047683716,56200,2.700000047683716
2017-08-22,2.7799999713897705,2.640000104904175,2.700000047683716,2.6600000858306885,24900,2.6600000858306885
2017-08-23,2.680000066757202,2.6600000858306885,2.6600000858306885,2.6700000762939453,22400,2.6700000762939453
2017-08-24,2.7699999809265137,2.6600000858306885,2.6600000858306885,2.740000009536743,11900,2.740000009536743
2017-08-25,2.7899999618530273,2.7300000190734863,2.7300000190734863,2.7699999809265137,15800,2.7699999809265137
2017-08-28,2.7899999618530273,2.6500000953674316,2.7699999809265137,2.680000066757202,188900,2.680000066757202
2017-08-29,2.7100000381469727,2.630000114440918,2.690000057220459,2.640000104904175,54400,2.640000104904175
2017-08-30,2.700000047683716,2.630000114440918,2.640000104904175,2.640000104904175,28000,2.640000104904175
2017-08-31,2.690000057220459,2.630000114440918,2.640000104904175,2.6500000953674316,50400,2.6500000953674316
2017-09-01,2.6700000762939453,2.640000104904175,2.640000104904175,2.6600000858306885,2900,2.6600000858306885
2017-09-05,2.6600000858306885,2.5799999237060547,2.630000114440918,2.5799999237060547,18600,2.5799999237060547
2017-09-06,2.6500000953674316,2.5399999618530273,2.5799999237060547,2.5399999618530273,27600,2.5399999618530273
2017-09-07,2.700000047683716,2.5299999713897705,2.5799999237060547,2.680000066757202,69800,2.680000066757202
2017-09-08,2.7300000190734863,2.5899999141693115,2.6700000762939453,2.5999999046325684,41100,2.5999999046325684
2017-09-11,2.6700000762939453,2.5799999237060547,2.630000114440918,2.640000104904175,15100,2.640000104904175
2017-09-12,2.680000066757202,2.5899999141693115,2.619999885559082,2.6500000953674316,15400,2.6500000953674316
2017-09-13,2.700000047683716,2.630000114440918,2.6600000858306885,2.6500000953674316,24200,2.6500000953674316
2017-09-14,2.6700000762939453,2.609999895095825,2.640000104904175,2.619999885559082,20600,2.619999885559082
2017-09-15,2.680000066757202,2.6500000953674316,2.6700000762939453,2.680000066757202,104300,2.680000066757202
2017-09-18,2.7100000381469727,2.6600000858306885,2.6700000762939453,2.6600000858306885,16400,2.6600000858306885
2017-09-19,2.690000057220459,2.6500000953674316,2.6500000953674316,2.6600000858306885,20700,2.6600000858306885
2017-09-20,2.700000047683716,2.6700000762939453,2.690000057220459,2.690000057220459,5100,2.690000057220459
2017-09-21,2.690000057220459,2.619999885559082,2.680000066757202,2.619999885559082,31400,2.619999885559082
2017-09-22,2.630000114440918,2.5799999237060547,2.630000114440918,2.630000114440918,27600,2.630000114440918
2017-09-25,2.619999885559082,2.559999942779541,2.5799999237060547,2.559999942779541,75400,2.559999942779541
2017-09-26,2.619999885559082,2.569999933242798,2.569999933242798,2.5999999046325684,12800,2.5999999046325684
2017-09-27,2.609999895095825,2.5899999141693115,2.609999895095825,2.5899999141693115,4900,2.5899999141693115
2017-09-28,2.630000114440918,2.569999933242798,2.609999895095825,2.619999885559082,18200,2.619999885559082
2017-09-29,2.680000066757202,2.6500000953674316,2.6700000762939453,2.6500000953674316,27500,2.6500000953674316
2017-10-02,2.700000047683716,2.630000114440918,2.700000047683716,2.680000066757202,20100,2.680000066757202
2017-10-03,2.740000009536743,2.6700000762939453,2.680000066757202,2.700000047683716,12200,2.700000047683716
2017-10-04,2.75,2.700000047683716,2.700000047683716,2.700000047683716,10300,2.700000047683716
2017-10-05,2.690000057220459,2.640000104904175,2.6600000858306885,2.640000104904175,37400,2.640000104904175
2017-10-06,2.6500000953674316,2.5999999046325684,2.6500000953674316,2.6500000953674316,27400,2.6500000953674316
2017-10-09,2.630000114440918,2.569999933242798,2.630000114440918,2.5799999237060547,52900,2.5799999237060547
2017-10-10,2.6700000762939453,2.569999933242798,2.569999933242798,2.630000114440918,26100,2.630000114440918
2017-10-11,2.640000104904175,2.5799999237060547,2.640000104904175,2.5899999141693115,26000,2.5899999141693115
2017-10-12,2.619999885559082,2.5799999237060547,2.5899999141693115,2.5799999237060547,19900,2.5799999237060547
2017-10-13,2.5999999046325684,2.549999952316284,2.5999999046325684,2.559999942779541,22100,2.559999942779541
2017-10-16,2.5999999046325684,2.450000047683716,2.5999999046325684,2.450000047683716,69100,2.450000047683716
2017-10-17,2.5199999809265137,2.430000066757202,2.4700000286102295,2.450000047683716,37400,2.450000047683716
2017-10-18,2.5,2.4100000858306885,2.4800000190734863,2.4200000762939453,44500,2.4200000762939453
2017-10-19,2.509999990463257,2.440000057220459,2.440000057220459,2.4600000381469727,111200,2.4600000381469727
2017-10-20,2.4800000190734863,2.4200000762939453,2.4700000286102295,2.440000057220459,66200,2.440000057220459
2017-10-23,2.440000057220459,2.4200000762939453,2.4200000762939453,2.430000066757202,9300,2.430000066757202
2017-10-24,2.509999990463257,2.4100000858306885,2.430000066757202,2.430000066757202,21300,2.430000066757202
2017-10-25,2.450000047683716,2.4200000762939453,2.440000057220459,2.440000057220459,6700,2.440000057220459
2017-10-26,2.450000047683716,2.4200000762939453,2.450000047683716,2.4200000762939453,6300,2.4200000762939453
2017-10-27,2.440000057220459,2.4100000858306885,2.4200000762939453,2.430000066757202,16400,2.430000066757202
2017-10-30,2.4800000190734863,2.4200000762939453,2.4800000190734863,2.4200000762939453,6400,2.4200000762939453
2017-10-31,2.430000066757202,2.4100000858306885,2.430000066757202,2.4100000858306885,10300,2.4100000858306885
2017-11-01,2.430000066757202,2.4100000858306885,2.4100000858306885,2.4100000858306885,17600,2.4100000858306885
2017-11-02,2.450000047683716,2.4000000953674316,2.450000047683716,2.4200000762939453,41700,2.4200000762939453
2017-11-03,2.4600000381469727,2.380000114440918,2.390000104904175,2.4200000762939453,9200,2.4200000762939453
2017-11-06,2.4600000381469727,2.4100000858306885,2.4100000858306885,2.4200000762939453,18700,2.4200000762939453
2017-11-07,2.4100000858306885,2.359999895095825,2.4100000858306885,2.369999885559082,43200,2.369999885559082
2017-11-08,2.380000114440918,2.359999895095825,2.359999895095825,2.359999895095825,38100,2.359999895095825
2017-11-09,2.4800000190734863,2.4100000858306885,2.4100000858306885,2.4800000190734863,33700,2.4800000190734863
2017-11-10,2.6500000953674316,2.450000047683716,2.450000047683716,2.619999885559082,227500,2.619999885559082
2017-11-13,2.640000104904175,2.509999990463257,2.640000104904175,2.5399999618530273,65200,2.5399999618530273
2017-11-14,2.559999942779541,2.4600000381469727,2.490000009536743,2.5299999713897705,45600,2.5299999713897705
2017-11-15,2.5999999046325684,2.5199999809265137,2.549999952316284,2.5199999809265137,16900,2.5199999809265137
2017-11-16,2.5799999237060547,2.450000047683716,2.549999952316284,2.4800000190734863,105100,2.4800000190734863
2017-11-17,2.5399999618530273,2.509999990463257,2.5199999809265137,2.5399999618530273,7800,2.5399999618530273
2017-11-20,2.7699999809265137,2.569999933242798,2.5899999141693115,2.7200000286102295,146500,2.7200000286102295
2017-11-21,2.75,2.6700000762939453,2.700000047683716,2.680000066757202,12600,2.680000066757202
2017-11-22,2.6600000858306885,2.609999895095825,2.609999895095825,2.6500000953674316,21300,2.6500000953674316
2017-11-24,2.680000066757202,2.609999895095825,2.6600000858306885,2.680000066757202,6500,2.680000066757202
2017-11-27,2.700000047683716,2.640000104904175,2.6500000953674316,2.6700000762939453,7900,2.6700000762939453
2017-11-28,2.690000057220459,2.680000066757202,2.680000066757202,2.680000066757202,12800,2.680000066757202
2017-11-29,2.819999933242798,2.690000057220459,2.700000047683716,2.7699999809265137,34900,2.7699999809265137
2017-11-30,2.8299999237060547,2.759999990463257,2.7799999713897705,2.7899999618530273,52800,2.7899999618530273
2017-12-01,2.819999933242798,2.7699999809265137,2.809999942779541,2.809999942779541,33900,2.809999942779541
2017-12-04,2.819999933242798,2.75,2.799999952316284,2.799999952316284,38800,2.799999952316284
2017-12-05,2.8299999237060547,2.7799999713897705,2.799999952316284,2.819999933242798,15600,2.819999933242798
2017-12-06,2.819999933242798,2.75,2.7899999618530273,2.7699999809265137,17900,2.7699999809265137
2017-12-07,2.869999885559082,2.7300000190734863,2.75,2.7799999713897705,19800,2.7799999713897705
2017-12-08,2.819999933242798,2.7699999809265137,2.7699999809265137,2.819999933242798,14800,2.819999933242798
2017-12-11,2.8499999046325684,2.680000066757202,2.819999933242798,2.7699999809265137,64000,2.7699999809265137
2017-12-12,2.7899999618530273,2.700000047683716,2.75,2.740000009536743,26700,2.740000009536743
2017-12-13,2.819999933242798,2.7100000381469727,2.7300000190734863,2.740000009536743,67900,2.740000009536743
2017-12-14,2.799999952316284,2.690000057220459,2.75,2.75,17900,2.75
2017-12-15,2.8399999141693115,2.740000009536743,2.740000009536743,2.75,39300,2.75
2017-12-18,2.819999933242798,2.7699999809265137,2.7699999809265137,2.7899999618530273,16900,2.7899999618530273
2017-12-19,2.819999933242798,2.7300000190734863,2.740000009536743,2.7799999713897705,41600,2.7799999713897705
2017-12-20,2.819999933242798,2.7200000286102295,2.7899999618530273,2.7300000190734863,97600,2.7300000190734863
2017-12-21,2.7799999713897705,2.740000009536743,2.75,2.75,63800,2.75
2017-12-22,2.8399999141693115,2.7300000190734863,2.7300000190734863,2.799999952316284,54200,2.799999952316284
2017-12-26,2.799999952316284,2.7200000286102295,2.7899999618530273,2.740000009536743,14900,2.740000009536743
2017-12-27,2.799999952316284,2.630000114440918,2.75,2.6700000762939453,126700,2.6700000762939453
2017-12-28,2.740000009536743,2.5999999046325684,2.6700000762939453,2.609999895095825,96200,2.609999895095825
2017-12-29,2.700000047683716,2.609999895095825,2.609999895095825,2.640000104904175,76500,2.640000104904175
2018-01-02,2.75,2.619999885559082,2.619999885559082,2.7300000190734863,40000,2.7300000190734863
2018-01-03,2.7899999618530273,2.7100000381469727,2.740000009536743,2.7200000286102295,16200,2.7200000286102295
2018-01-04,2.809999942779541,2.680000066757202,2.7300000190734863,2.7300000190734863,10700,2.7300000190734863
2018-01-05,2.75,2.640000104904175,2.640000104904175,2.740000009536743,4400,2.740000009536743
2018-01-08,2.700000047683716,2.6500000953674316,2.6500000953674316,2.680000066757202,2400,2.680000066757202
2018-01-09,2.7799999713897705,2.640000104904175,2.640000104904175,2.7699999809265137,22900,2.7699999809265137
2018-01-10,2.799999952316284,2.7200000286102295,2.759999990463257,2.759999990463257,44000,2.759999990463257
2018-01-11,2.7899999618530273,2.759999990463257,2.7699999809265137,2.759999990463257,16800,2.759999990463257
2018-01-12,2.75,2.700000047683716,2.7100000381469727,2.740000009536743,7500,2.740000009536743
2018-01-16,2.799999952316284,2.75,2.7699999809265137,2.7799999713897705,24100,2.7799999713897705
2018-01-17,2.7899999618530273,2.740000009536743,2.7899999618530273,2.75,11900,2.75
2018-01-18,2.7799999713897705,2.6600000858306885,2.740000009536743,2.759999990463257,46100,2.759999990463257
2018-01-19,2.799999952316284,2.75,2.759999990463257,2.7899999618530273,13000,2.7899999618530273
2018-01-22,2.950000047683716,2.759999990463257,2.819999933242798,2.950000047683716,127100,2.950000047683716
2018-01-23,3.1700000762939453,2.9600000381469727,2.9600000381469727,3.109999895095825,86800,3.109999895095825
2018-01-24,3.140000104904175,3.0199999809265137,3.109999895095825,3.0199999809265137,27000,3.0199999809265137
2018-01-25,3.1700000762939453,3.0,3.049999952316284,3.0199999809265137,49200,3.0199999809265137
2018-01-26,3.200000047683716,2.990000009536743,2.990000009536743,3.140000104904175,102000,3.140000104904175
2018-01-29,3.1700000762939453,2.9000000953674316,3.1700000762939453,2.9800000190734863,74200,2.9800000190734863
2018-01-30,2.880000114440918,2.7100000381469727,2.880000114440918,2.819999933242798,50700,2.819999933242798
2018-01-31,3.0799999237060547,2.7699999809265137,2.799999952316284,3.059999942779541,506400,3.059999942779541
2018-02-01,3.109999895095825,2.9800000190734863,3.0999999046325684,3.0199999809265137,120800,3.0199999809265137
2018-02-02,3.0399999618530273,2.9000000953674316,3.0399999618530273,2.950000047683716,150300,2.950000047683716
2018-02-05,2.9800000190734863,2.9100000858306885,2.950000047683716,2.950000047683716,49900,2.950000047683716
2018-02-06,3.1500000953674316,2.9200000762939453,2.9200000762939453,2.9700000286102295,926400,2.9700000286102295
2018-02-07,3.049999952316284,2.940000057220459,2.950000047683716,2.9600000381469727,7700,2.9600000381469727
2018-02-08,2.940000057220459,2.859999895095825,2.940000057220459,2.869999885559082,6200,2.869999885559082
2018-02-09,2.940000057220459,2.7300000190734863,2.859999895095825,2.9200000762939453,42800,2.9200000762939453
2018-02-12,3.0,2.869999885559082,2.869999885559082,2.9000000953674316,35000,2.9000000953674316
2018-02-13,2.940000057220459,2.9000000953674316,2.9000000953674316,2.940000057220459,2700,2.940000057220459
2018-02-14,2.940000057220459,2.8299999237060547,2.8399999141693115,2.9000000953674316,8100,2.9000000953674316
2018-02-15,2.940000057220459,2.9100000858306885,2.930000066757202,2.930000066757202,4800,2.930000066757202
2018-02-16,2.930000066757202,2.859999895095825,2.930000066757202,2.9000000953674316,13300,2.9000000953674316
2018-02-20,2.940000057220459,2.890000104904175,2.9000000953674316,2.9000000953674316,20400,2.9000000953674316
2018-02-21,3.0,2.890000104904175,2.9100000858306885,2.950000047683716,46300,2.950000047683716
2018-02-22,2.950000047683716,2.9000000953674316,2.9200000762939453,2.9000000953674316,5800,2.9000000953674316
2018-02-23,2.950000047683716,2.9100000858306885,2.9100000858306885,2.950000047683716,2400,2.950000047683716
2018-02-26,2.9700000286102295,2.859999895095825,2.9200000762939453,2.9100000858306885,8400,2.9100000858306885
2018-02-27,2.950000047683716,2.819999933242798,2.950000047683716,2.8499999046325684,6400,2.8499999046325684
2018-02-28,2.890000104904175,2.799999952316284,2.809999942779541,2.799999952316284,47700,2.799999952316284
2018-03-01,2.8399999141693115,2.7799999713897705,2.799999952316284,2.799999952316284,1800,2.799999952316284
2018-03-02,2.8499999046325684,2.7100000381469727,2.7200000286102295,2.8499999046325684,155500,2.8499999046325684
2018-03-05,2.940000057220459,2.819999933242798,2.880000114440918,2.8399999141693115,8400,2.8399999141693115
2018-03-06,2.880000114440918,2.759999990463257,2.869999885559082,2.759999990463257,32300,2.759999990463257
2018-03-07,2.9200000762939453,2.759999990463257,2.759999990463257,2.859999895095825,137900,2.859999895095825
2018-03-08,2.9100000858306885,2.8399999141693115,2.8499999046325684,2.869999885559082,8600,2.869999885559082
2018-03-09,2.9600000381469727,2.9000000953674316,2.9200000762939453,2.950000047683716,21400,2.950000047683716
2018-03-12,2.9700000286102295,2.9200000762939453,2.9700000286102295,2.9200000762939453,9900,2.9200000762939453
2018-03-13,2.9600000381469727,2.9200000762939453,2.9200000762939453,2.940000057220459,2500,2.940000057220459
2018-03-14,2.950000047683716,2.9000000953674316,2.950000047683716,2.940000057220459,1000,2.940000057220459
2018-03-15,3.059999942779541,2.809999942779541,2.930000066757202,2.8499999046325684,9000,2.8499999046325684
2018-03-16,2.940000057220459,2.8299999237060547,2.8499999046325684,2.859999895095825,17300,2.859999895095825
2018-03-19,2.890000104904175,2.799999952316284,2.799999952316284,2.819999933242798,4500,2.819999933242798
2018-03-20,2.8399999141693115,2.819999933242798,2.819999933242798,2.8299999237060547,5900,2.8299999237060547
2018-03-21,2.8299999237060547,2.809999942779541,2.819999933242798,2.819999933242798,2600,2.819999933242798
2018-03-22,2.819999933242798,2.7699999809265137,2.809999942779541,2.7699999809265137,22000,2.7699999809265137
2018-03-23,2.8499999046325684,2.75,2.809999942779541,2.759999990463257,29900,2.759999990463257
2018-03-26,2.7799999713897705,2.75,2.759999990463257,2.759999990463257,14100,2.759999990463257
2018-03-27,2.799999952316284,2.759999990463257,2.799999952316284,2.759999990463257,10400,2.759999990463257
2018-03-28,2.799999952316284,2.75,2.759999990463257,2.75,20300,2.75
2018-03-29,2.9000000953674316,2.7699999809265137,2.819999933242798,2.7799999713897705,81000,2.7799999713897705
2018-04-02,2.819999933242798,2.740000009536743,2.75,2.7699999809265137,17700,2.7699999809265137
2018-04-03,2.799999952316284,2.7100000381469727,2.7699999809265137,2.7200000286102295,28300,2.7200000286102295
2018-04-04,2.8299999237060547,2.740000009536743,2.75,2.809999942779541,8200,2.809999942779541
2018-04-05,2.819999933242798,2.7699999809265137,2.809999942779541,2.799999952316284,1700,2.799999952316284
2018-04-06,2.890000104904175,2.7699999809265137,2.799999952316284,2.8299999237060547,2100,2.8299999237060547
2018-04-09,2.8399999141693115,2.700000047683716,2.819999933242798,2.7300000190734863,10600,2.7300000190734863
2018-04-10,2.7699999809265137,2.6500000953674316,2.7200000286102295,2.740000009536743,28200,2.740000009536743
2018-04-11,2.7799999713897705,2.690000057220459,2.7799999713897705,2.7100000381469727,19500,2.7100000381469727
2018-04-12,2.7200000286102295,2.6700000762939453,2.7100000381469727,2.690000057220459,5800,2.690000057220459
2018-04-13,2.7799999713897705,2.690000057220459,2.7100000381469727,2.7100000381469727,6500,2.7100000381469727
2018-04-16,2.740000009536743,2.630000114440918,2.7300000190734863,2.640000104904175,28300,2.640000104904175
2018-04-17,2.740000009536743,2.6700000762939453,2.6700000762939453,2.690000057220459,8500,2.690000057220459
2018-04-18,2.7100000381469727,2.6600000858306885,2.7100000381469727,2.680000066757202,8900,2.680000066757202
2018-04-19,2.759999990463257,2.6700000762939453,2.6700000762939453,2.7200000286102295,13700,2.7200000286102295
2018-04-20,2.740000009536743,2.700000047683716,2.740000009536743,2.7300000190734863,10000,2.7300000190734863
2018-04-23,2.680000066757202,2.3499999046325684,2.5,2.6600000858306885,181900,2.6600000858306885
2018-04-24,2.700000047683716,2.559999942779541,2.559999942779541,2.6700000762939453,112900,2.6700000762939453
2018-04-25,2.700000047683716,2.569999933242798,2.6500000953674316,2.619999885559082,18100,2.619999885559082
2018-04-26,2.680000066757202,2.5799999237060547,2.5899999141693115,2.640000104904175,89300,2.640000104904175
2018-04-27,2.640000104904175,2.609999895095825,2.619999885559082,2.630000114440918,4600,2.630000114440918
2018-04-30,2.6500000953674316,2.559999942779541,2.630000114440918,2.5799999237060547,11100,2.5799999237060547
2018-05-01,2.619999885559082,2.5199999809265137,2.569999933242798,2.559999942779541,111800,2.559999942779541
2018-05-02,2.6700000762939453,2.5899999141693115,2.609999895095825,2.609999895095825,58800,2.609999895095825
2018-05-03,2.6600000858306885,2.559999942779541,2.6500000953674316,2.5999999046325684,35700,2.5999999046325684
2018-05-04,2.6500000953674316,2.5899999141693115,2.640000104904175,2.609999895095825,2200,2.609999895095825
2018-05-07,2.609999895095825,2.549999952316284,2.5899999141693115,2.5799999237060547,7100,2.5799999237060547
2018-05-08,2.609999895095825,2.549999952316284,2.609999895095825,2.549999952316284,27000,2.549999952316284
2018-05-09,2.5999999046325684,2.509999990463257,2.5899999141693115,2.559999942779541,14000,2.559999942779541
2018-05-10,2.619999885559082,2.5399999618530273,2.5799999237060547,2.5999999046325684,42800,2.5999999046325684
2018-05-11,2.630000114440918,2.569999933242798,2.609999895095825,2.5899999141693115,7400,2.5899999141693115
2018-05-14,2.609999895095825,2.5199999809265137,2.569999933242798,2.5999999046325684,30800,2.5999999046325684
2018-05-15,2.5999999046325684,2.5299999713897705,2.5299999713897705,2.5799999237060547,2100,2.5799999237060547
2018-05-16,2.640000104904175,2.5199999809265137,2.5999999046325684,2.5199999809265137,27100,2.5199999809265137
2018-05-17,2.569999933242798,2.5,2.559999942779541,2.5,49300,2.5
2018-05-18,2.5399999618530273,2.4800000190734863,2.5199999809265137,2.5199999809265137,3100,2.5199999809265137
2018-05-21,2.609999895095825,2.4800000190734863,2.4800000190734863,2.5999999046325684,33800,2.5999999046325684
2018-05-22,2.6500000953674316,2.5999999046325684,2.609999895095825,2.609999895095825,11700,2.609999895095825
2018-05-23,2.6700000762939453,2.5399999618530273,2.6700000762939453,2.5399999618530273,174200,2.5399999618530273
2018-05-24,2.6700000762939453,2.549999952316284,2.5799999237060547,2.640000104904175,30000,2.640000104904175
2018-05-25,2.700000047683716,2.630000114440918,2.630000114440918,2.700000047683716,48100,2.700000047683716
2018-05-29,2.700000047683716,2.690000057220459,2.700000047683716,2.700000047683716,8700,2.700000047683716
2018-05-30,2.8499999046325684,2.6600000858306885,2.700000047683716,2.6600000858306885,51300,2.6600000858306885
2018-05-31,2.740000009536743,2.6600000858306885,2.740000009536743,2.690000057220459,9100,2.690000057220459
2018-06-01,2.700000047683716,2.680000066757202,2.680000066757202,2.700000047683716,9400,2.700000047683716
2018-06-04,2.7300000190734863,2.690000057220459,2.690000057220459,2.7100000381469727,8900,2.7100000381469727
2018-06-05,2.75,2.6500000953674316,2.7300000190734863,2.6500000953674316,61200,2.6500000953674316
2018-06-06,2.7300000190734863,2.6700000762939453,2.700000047683716,2.6700000762939453,14800,2.6700000762939453
2018-06-07,2.700000047683716,2.6500000953674316,2.700000047683716,2.690000057220459,11600,2.690000057220459
2018-06-08,2.7200000286102295,2.680000066757202,2.680000066757202,2.7200000286102295,83800,2.7200000286102295
2018-06-11,2.809999942779541,2.7100000381469727,2.7100000381469727,2.7799999713897705,4600,2.7799999713897705
2018-06-12,2.890000104904175,2.759999990463257,2.759999990463257,2.799999952316284,10400,2.799999952316284
2018-06-13,2.809999942779541,2.680000066757202,2.680000066757202,2.7699999809265137,2200,2.7699999809265137
2018-06-14,2.799999952316284,2.759999990463257,2.799999952316284,2.759999990463257,18300,2.759999990463257
2018-06-15,2.740000009536743,2.690000057220459,2.700000047683716,2.7200000286102295,13800,2.7200000286102295
2018-06-18,2.75,2.630000114440918,2.7200000286102295,2.630000114440918,66500,2.630000114440918
2018-06-19,2.7100000381469727,2.640000104904175,2.680000066757202,2.700000047683716,25000,2.700000047683716
2018-06-20,2.740000009536743,2.690000057220459,2.690000057220459,2.7100000381469727,2500,2.7100000381469727
2018-06-21,2.700000047683716,2.6700000762939453,2.690000057220459,2.6700000762939453,6900,2.6700000762939453
2018-06-22,2.680000066757202,2.640000104904175,2.6500000953674316,2.640000104904175,11000,2.640000104904175
2018-06-25,2.6600000858306885,2.549999952316284,2.6600000858306885,2.559999942779541,9400,2.559999942779541
2018-06-26,2.630000114440918,2.549999952316284,2.549999952316284,2.609999895095825,4200,2.609999895095825
2018-06-27,2.569999933242798,2.549999952316284,2.569999933242798,2.549999952316284,26200,2.549999952316284
2018-06-28,2.6600000858306885,2.569999933242798,2.5799999237060547,2.619999885559082,33800,2.619999885559082
2018-06-29,2.630000114440918,2.5799999237060547,2.5999999046325684,2.5899999141693115,1900,2.5899999141693115
2018-07-02,2.5999999046325684,2.549999952316284,2.5799999237060547,2.5899999141693115,7500,2.5899999141693115
2018-07-03,2.609999895095825,2.569999933242798,2.609999895095825,2.569999933242798,700,2.569999933242798
2018-07-05,2.619999885559082,2.569999933242798,2.5999999046325684,2.569999933242798,7600,2.569999933242798
2018-07-06,2.619999885559082,2.5999999046325684,2.5999999046325684,2.619999885559082,4900,2.619999885559082
2018-07-09,2.759999990463257,2.5999999046325684,2.619999885559082,2.7300000190734863,24200,2.7300000190734863
2018-07-10,2.7300000190734863,2.6600000858306885,2.7200000286102295,2.6600000858306885,5200,2.6600000858306885
2018-07-11,2.75,2.6600000858306885,2.75,2.680000066757202,2200,2.680000066757202
2018-07-12,2.6600000858306885,2.630000114440918,2.6500000953674316,2.640000104904175,3800,2.640000104904175
2018-07-13,2.5999999046325684,2.549999952316284,2.5999999046325684,2.549999952316284,24100,2.549999952316284
2018-07-16,2.549999952316284,2.5,2.509999990463257,2.5299999713897705,39200,2.5299999713897705
2018-07-17,2.549999952316284,2.369999885559082,2.5,2.450000047683716,101000,2.450000047683716
2018-07-18,2.490000009536743,2.450000047683716,2.4600000381469727,2.4700000286102295,6900,2.4700000286102295
2018-07-19,2.4800000190734863,2.4100000858306885,2.450000047683716,2.440000057220459,11200,2.440000057220459
2018-07-20,2.5299999713897705,2.4200000762939453,2.4200000762939453,2.5,12500,2.5
2018-07-23,2.509999990463257,2.430000066757202,2.4800000190734863,2.5,22800,2.5
2018-07-24,2.5299999713897705,2.4700000286102295,2.509999990463257,2.4800000190734863,4500,2.4800000190734863
2018-07-25,2.5299999713897705,2.4200000762939453,2.440000057220459,2.509999990463257,11100,2.509999990463257
2018-07-26,2.549999952316284,2.4200000762939453,2.509999990463257,2.4200000762939453,16600,2.4200000762939453
2018-07-27,2.549999952316284,2.440000057220459,2.4600000381469727,2.4700000286102295,21800,2.4700000286102295
2018-07-30,2.5399999618530273,2.4200000762939453,2.440000057220459,2.509999990463257,13600,2.509999990463257
2018-07-31,2.5,2.4200000762939453,2.5,2.450000047683716,15100,2.450000047683716
2018-08-01,2.5199999809265137,2.4000000953674316,2.450000047683716,2.509999990463257,40800,2.509999990463257
2018-08-02,2.490000009536743,2.440000057220459,2.490000009536743,2.4700000286102295,3700,2.4700000286102295
2018-08-03,2.5199999809265137,2.450000047683716,2.450000047683716,2.4700000286102295,24700,2.4700000286102295
2018-08-06,2.5199999809265137,2.450000047683716,2.450000047683716,2.5,45300,2.5
2018-08-07,2.509999990463257,2.4700000286102295,2.5,2.5,7200,2.5
2018-08-08,2.509999990463257,2.440000057220459,2.450000047683716,2.4600000381469727,12400,2.4600000381469727
2018-08-09,2.4700000286102295,2.450000047683716,2.450000047683716,2.450000047683716,3600,2.450000047683716
2018-08-10,2.450000047683716,2.4200000762939453,2.450000047683716,2.4200000762939453,4200,2.4200000762939453
2018-08-13,2.440000057220459,2.4000000953674316,2.430000066757202,2.4000000953674316,4900,2.4000000953674316
2018-08-14,2.390000104904175,2.200000047683716,2.359999895095825,2.240000009536743,65500,2.240000009536743
2018-08-15,2.2300000190734863,2.1600000858306885,2.1700000762939453,2.190000057220459,47600,2.190000057220459
2018-08-16,2.2699999809265137,2.200000047683716,2.2699999809265137,2.200000047683716,4400,2.200000047683716
2018-08-17,2.2100000381469727,2.1500000953674316,2.200000047683716,2.1500000953674316,27100,2.1500000953674316
2018-08-20,2.2799999713897705,2.1700000762939453,2.1700000762939453,2.2799999713897705,83400,2.2799999713897705
2018-08-21,2.25,2.119999885559082,2.180000066757202,2.200000047683716,64600,2.200000047683716
2018-08-22,2.240000009536743,2.130000114440918,2.180000066757202,2.140000104904175,39900,2.140000104904175
2018-08-23,2.1700000762939453,2.140000104904175,2.140000104904175,2.1500000953674316,16100,2.1500000953674316
2018-08-24,2.190000057220459,2.119999885559082,2.119999885559082,2.130000114440918,16800,2.130000114440918
2018-08-27,2.1500000953674316,2.140000104904175,2.1500000953674316,2.140000104904175,63600,2.140000104904175
2018-08-28,2.1500000953674316,2.009999990463257,2.119999885559082,2.0199999809265137,54800,2.0199999809265137
2018-08-29,2.0999999046325684,2.0,2.049999952316284,2.0399999618530273,58300,2.0399999618530273
2018-08-30,2.0899999141693115,2.0,2.0399999618530273,2.009999990463257,41000,2.009999990463257
2018-08-31,2.069999933242798,2.009999990463257,2.0299999713897705,2.0199999809265137,9000,2.0199999809265137
2018-09-04,2.049999952316284,1.9800000190734863,2.0299999713897705,1.9800000190734863,73500,1.9800000190734863
2018-09-05,2.0299999713897705,1.9900000095367432,2.009999990463257,1.9900000095367432,27200,1.9900000095367432
2018-09-06,2.0,1.909999966621399,1.9199999570846558,1.9199999570846558,38900,1.9199999570846558
2018-09-07,1.9600000381469727,1.8600000143051147,1.940000057220459,1.8600000143051147,58600,1.8600000143051147
2018-09-10,1.9299999475479126,1.809999942779541,1.809999942779541,1.8799999952316284,36600,1.8799999952316284
2018-09-11,1.899999976158142,1.8300000429153442,1.8799999952316284,1.8300000429153442,26900,1.8300000429153442
2018-09-12,1.8700000047683716,1.6799999475479126,1.8200000524520874,1.6799999475479126,328000,1.6799999475479126
2018-09-13,1.7999999523162842,1.690000057220459,1.7200000286102295,1.7899999618530273,87300,1.7899999618530273
2018-09-14,1.8799999952316284,1.7999999523162842,1.7999999523162842,1.8300000429153442,76500,1.8300000429153442
2018-09-17,1.850000023841858,1.7300000190734863,1.850000023841858,1.7300000190734863,9300,1.7300000190734863
2018-09-18,1.850000023841858,1.7300000190734863,1.7799999713897705,1.75,65300,1.75
2018-09-19,1.7799999713897705,1.7000000476837158,1.75,1.7000000476837158,11600,1.7000000476837158
2018-09-20,1.7400000095367432,1.690000057220459,1.7100000381469727,1.7000000476837158,91400,1.7000000476837158
2018-09-21,1.7300000190734863,1.690000057220459,1.7300000190734863,1.7100000381469727,85900,1.7100000381469727
2018-09-24,1.7300000190734863,1.7100000381469727,1.7300000190734863,1.7200000286102295,34100,1.7200000286102295
2018-09-25,1.7300000190734863,1.7100000381469727,1.7100000381469727,1.7200000286102295,9600,1.7200000286102295
2018-09-26,1.7300000190734863,1.7100000381469727,1.7300000190734863,1.7100000381469727,15400,1.7100000381469727
2018-09-27,1.7300000190734863,1.7100000381469727,1.7200000286102295,1.7100000381469727,2400,1.7100000381469727
2018-09-28,1.7100000381469727,1.690000057220459,1.7000000476837158,1.7000000476837158,13100,1.7000000476837158
2018-10-01,1.7000000476837158,1.6799999475479126,1.7000000476837158,1.6799999475479126,30800,1.6799999475479126
2018-10-02,1.7100000381469727,1.6699999570846558,1.7100000381469727,1.690000057220459,12500,1.690000057220459
2018-10-03,1.690000057220459,1.6200000047683716,1.690000057220459,1.6200000047683716,215500,1.6200000047683716
2018-10-04,1.6399999856948853,1.5700000524520874,1.6299999952316284,1.6399999856948853,49800,1.6399999856948853
2018-10-05,1.6399999856948853,1.5800000429153442,1.6399999856948853,1.590000033378601,17400,1.590000033378601
2018-10-08,1.6299999952316284,1.5800000429153442,1.6299999952316284,1.5800000429153442,13400,1.5800000429153442
2018-10-09,1.649999976158142,1.559999942779541,1.6299999952316284,1.559999942779541,14100,1.559999942779541
2018-10-10,1.5800000429153442,1.559999942779541,1.5700000524520874,1.559999942779541,13100,1.559999942779541
2018-10-11,1.5800000429153442,1.5099999904632568,1.5499999523162842,1.5299999713897705,82900,1.5299999713897705
2018-10-12,1.5299999713897705,1.4700000286102295,1.5199999809265137,1.4800000190734863,69900,1.4800000190734863
2018-10-15,1.5,1.4600000381469727,1.4800000190734863,1.4600000381469727,60500,1.4600000381469727
2018-10-16,1.5199999809265137,1.4600000381469727,1.4600000381469727,1.4600000381469727,101400,1.4600000381469727
2018-10-17,1.5099999904632568,1.4600000381469727,1.4600000381469727,1.5,115400,1.5
2018-10-18,1.5099999904632568,1.4800000190734863,1.4800000190734863,1.4800000190734863,15300,1.4800000190734863
2018-10-19,1.5,1.4600000381469727,1.4800000190734863,1.4700000286102295,16100,1.4700000286102295
2018-10-22,1.4800000190734863,1.4299999475479126,1.4600000381469727,1.440000057220459,136300,1.440000057220459
2018-10-23,1.4800000190734863,1.399999976158142,1.4299999475479126,1.409999966621399,38100,1.409999966621399
2018-10-24,1.4700000286102295,1.440000057220459,1.4600000381469727,1.440000057220459,14200,1.440000057220459
2018-10-25,1.4700000286102295,1.409999966621399,1.4199999570846558,1.440000057220459,56400,1.440000057220459
2018-10-26,1.4600000381469727,1.1699999570846558,1.4600000381469727,1.2599999904632568,1453300,1.2599999904632568
2018-10-29,1.340000033378601,1.2699999809265137,1.2999999523162842,1.340000033378601,72600,1.340000033378601
2018-10-30,1.4500000476837158,1.3300000429153442,1.3300000429153442,1.399999976158142,30900,1.399999976158142
2018-10-31,1.440000057220459,1.3600000143051147,1.440000057220459,1.3799999952316284,43200,1.3799999952316284
2018-11-01,1.440000057220459,1.4199999570846558,1.4199999570846558,1.440000057220459,1100,1.440000057220459
2018-11-02,1.440000057220459,1.3700000047683716,1.440000057220459,1.3700000047683716,16900,1.3700000047683716
2018-11-05,1.399999976158142,1.350000023841858,1.3600000143051147,1.399999976158142,35000,1.399999976158142
2018-11-06,1.440000057220459,1.3700000047683716,1.4299999475479126,1.399999976158142,25700,1.399999976158142
2018-11-07,1.440000057220459,1.350000023841858,1.3799999952316284,1.409999966621399,27200,1.409999966621399
2018-11-08,1.409999966621399,1.3600000143051147,1.3899999856948853,1.3799999952316284,47500,1.3799999952316284
2018-11-09,1.409999966621399,1.2799999713897705,1.3600000143051147,1.2899999618530273,130800,1.2899999618530273
2018-11-12,1.2799999713897705,0.9900000095367432,1.2799999713897705,1.0499999523162842,559500,1.0499999523162842
2018-11-13,1.2100000381469727,1.059999942779541,1.1799999475479126,1.100000023841858,44200,1.100000023841858
2018-11-14,1.190000057220459,1.0700000524520874,1.1299999952316284,1.100000023841858,27000,1.100000023841858
2018-11-15,1.2000000476837158,1.100000023841858,1.100000023841858,1.2000000476837158,40100,1.2000000476837158
2018-11-16,1.2100000381469727,1.1200000047683716,1.1699999570846558,1.1799999475479126,42700,1.1799999475479126
2018-11-19,1.25,1.149999976158142,1.1799999475479126,1.2200000286102295,139500,1.2200000286102295
2018-11-20,1.2599999904632568,1.1799999475479126,1.2200000286102295,1.25,72900,1.25
2018-11-21,1.340000033378601,1.2300000190734863,1.340000033378601,1.2599999904632568,7300,1.2599999904632568
2018-11-23,1.2699999809265137,1.2400000095367432,1.2400000095367432,1.2400000095367432,3000,1.2400000095367432
2018-11-26,1.4500000476837158,1.25,1.25,1.409999966621399,466900,1.409999966621399
2018-11-27,1.4500000476837158,1.309999942779541,1.4199999570846558,1.3799999952316284,167200,1.3799999952316284
2018-11-28,1.559999942779541,1.4199999570846558,1.4199999570846558,1.5299999713897705,362600,1.5299999713897705
2018-11-29,1.559999942779541,1.4800000190734863,1.5099999904632568,1.559999942779541,223900,1.559999942779541
2018-11-30,1.590000033378601,1.5099999904632568,1.559999942779541,1.5199999809265137,357200,1.5199999809265137
2018-12-03,1.600000023841858,1.5199999809265137,1.559999942779541,1.5700000524520874,351100,1.5700000524520874
2018-12-04,1.6399999856948853,1.5199999809265137,1.5399999618530273,1.559999942779541,85200,1.559999942779541
2018-12-06,1.6200000047683716,1.5399999618530273,1.5399999618530273,1.559999942779541,18800,1.559999942779541
2018-12-07,1.600000023841858,1.5299999713897705,1.5499999523162842,1.559999942779541,49100,1.559999942779541
2018-12-10,1.5499999523162842,1.5099999904632568,1.5499999523162842,1.5099999904632568,11300,1.5099999904632568
2018-12-11,1.5700000524520874,1.5299999713897705,1.5299999713897705,1.559999942779541,25300,1.559999942779541
2018-12-12,1.559999942779541,1.5099999904632568,1.559999942779541,1.5199999809265137,4900,1.5199999809265137
2018-12-13,1.559999942779541,1.5,1.5199999809265137,1.5099999904632568,54100,1.5099999904632568
2018-12-14,1.559999942779541,1.4600000381469727,1.5099999904632568,1.4600000381469727,319500,1.4600000381469727
2018-12-17,1.5399999618530273,1.4800000190734863,1.4800000190734863,1.4800000190734863,44300,1.4800000190734863
2018-12-18,1.5199999809265137,1.4800000190734863,1.5099999904632568,1.4800000190734863,21700,1.4800000190734863
2018-12-19,1.5099999904632568,1.4800000190734863,1.5,1.4800000190734863,17100,1.4800000190734863
2018-12-20,1.5099999904632568,1.4600000381469727,1.4900000095367432,1.4600000381469727,23000,1.4600000381469727
2018-12-21,1.4800000190734863,1.4299999475479126,1.4700000286102295,1.440000057220459,56200,1.440000057220459
2018-12-24,1.440000057220459,1.3799999952316284,1.440000057220459,1.3799999952316284,19700,1.3799999952316284
2018-12-26,1.4199999570846558,1.2300000190734863,1.4199999570846558,1.2300000190734863,140100,1.2300000190734863
2018-12-27,1.2999999523162842,1.1399999856948853,1.2300000190734863,1.1399999856948853,64900,1.1399999856948853
2018-12-28,1.2000000476837158,1.1399999856948853,1.1399999856948853,1.1799999475479126,59500,1.1799999475479126
2018-12-31,1.2200000286102295,1.149999976158142,1.1799999475479126,1.2000000476837158,131100,1.2000000476837158
2019-01-02,1.350000023841858,1.2000000476837158,1.2000000476837158,1.3200000524520874,20200,1.3200000524520874
2019-01-03,1.3899999856948853,1.2000000476837158,1.3200000524520874,1.3799999952316284,56000,1.3799999952316284
2019-01-04,1.3799999952316284,1.3200000524520874,1.3799999952316284,1.3200000524520874,9800,1.3200000524520874
2019-01-07,1.4299999475479126,1.340000033378601,1.3799999952316284,1.409999966621399,54600,1.409999966621399
2019-01-08,1.590000033378601,1.4500000476837158,1.4600000381469727,1.5499999523162842,140200,1.5499999523162842
2019-01-09,1.7999999523162842,1.4900000095367432,1.6100000143051147,1.7699999809265137,231700,1.7699999809265137
2019-01-10,1.75,1.5299999713897705,1.75,1.6100000143051147,27400,1.6100000143051147
2019-01-11,1.7300000190734863,1.6200000047683716,1.6299999952316284,1.7300000190734863,57400,1.7300000190734863
2019-01-14,1.9500000476837158,1.7699999809265137,1.8600000143051147,1.8300000429153442,101600,1.8300000429153442
2019-01-15,1.850000023841858,1.7200000286102295,1.850000023841858,1.7999999523162842,113700,1.7999999523162842
2019-01-16,1.8300000429153442,1.4700000286102295,1.7999999523162842,1.5199999809265137,30600,1.5199999809265137
2019-01-17,1.7000000476837158,1.5199999809265137,1.5199999809265137,1.600000023841858,19200,1.600000023841858
2019-01-18,1.6200000047683716,1.5299999713897705,1.6100000143051147,1.5299999713897705,15700,1.5299999713897705
2019-01-22,1.659999966621399,1.5299999713897705,1.559999942779541,1.600000023841858,32300,1.600000023841858
2019-01-23,1.840000033378601,1.590000033378601,1.590000033378601,1.7999999523162842,74700,1.7999999523162842
2019-01-24,1.840000033378601,1.7599999904632568,1.840000033378601,1.809999942779541,36700,1.809999942779541
2019-01-25,1.9900000095367432,1.5399999618530273,1.809999942779541,1.559999942779541,310800,1.559999942779541
2019-01-28,1.7000000476837158,1.4500000476837158,1.590000033378601,1.4800000190734863,337700,1.4800000190734863
2019-01-29,1.5399999618530273,1.4500000476837158,1.4700000286102295,1.5,25500,1.5
2019-01-30,1.590000033378601,1.4700000286102295,1.5199999809265137,1.590000033378601,176600,1.590000033378601
2019-01-31,1.5800000429153442,1.4900000095367432,1.5800000429153442,1.5,30000,1.5
2019-02-01,1.5700000524520874,1.4900000095367432,1.5299999713897705,1.5700000524520874,117100,1.5700000524520874
2019-02-04,1.5700000524520874,1.4800000190734863,1.5700000524520874,1.5,124300,1.5
2019-02-05,1.559999942779541,1.5,1.5199999809265137,1.5,22400,1.5
2019-02-06,1.559999942779541,1.4800000190734863,1.5099999904632568,1.5299999713897705,4700,1.5299999713897705
2019-02-07,1.5299999713897705,1.4199999570846558,1.5299999713897705,1.5299999713897705,43100,1.5299999713897705
2019-02-08,1.559999942779541,1.5,1.5299999713897705,1.5,4200,1.5
2019-02-11,1.5299999713897705,1.5,1.5,1.5,8100,1.5
2019-02-12,1.5299999713897705,1.5,1.5299999713897705,1.5199999809265137,8800,1.5199999809265137
2019-02-13,1.5199999809265137,1.4600000381469727,1.5199999809265137,1.4900000095367432,36100,1.4900000095367432
2019-02-14,1.5099999904632568,1.4900000095367432,1.5099999904632568,1.4900000095367432,7500,1.4900000095367432
2019-02-15,1.5199999809265137,1.5,1.5099999904632568,1.5,95500,1.5
2019-02-19,1.6399999856948853,1.5199999809265137,1.5199999809265137,1.590000033378601,15500,1.590000033378601
2019-02-20,1.6399999856948853,1.4800000190734863,1.6299999952316284,1.4800000190734863,23000,1.4800000190734863
2019-02-21,1.5700000524520874,1.5,1.5,1.5499999523162842,7600,1.5499999523162842
2019-02-22,1.559999942779541,1.5299999713897705,1.5399999618530273,1.5399999618530273,23200,1.5399999618530273
2019-02-25,1.600000023841858,1.4900000095367432,1.5499999523162842,1.5,73300,1.5
2019-02-26,1.5399999618530273,1.5,1.5,1.5199999809265137,10600,1.5199999809265137
2019-02-27,1.559999942779541,1.5199999809265137,1.5299999713897705,1.559999942779541,4100,1.559999942779541
2019-02-28,1.5499999523162842,1.5,1.5399999618530273,1.5499999523162842,6700,1.5499999523162842
2019-03-01,1.5499999523162842,1.4900000095367432,1.5499999523162842,1.5099999904632568,29400,1.5099999904632568
2019-03-04,1.5499999523162842,1.5199999809265137,1.5499999523162842,1.5399999618530273,3500,1.5399999618530273
2019-03-05,1.5199999809265137,1.4700000286102295,1.5199999809265137,1.5099999904632568,5300,1.5099999904632568
2019-03-06,1.5099999904632568,1.4500000476837158,1.5099999904632568,1.4600000381469727,19500,1.4600000381469727
2019-03-07,1.5199999809265137,1.4600000381469727,1.4800000190734863,1.5099999904632568,8000,1.5099999904632568
2019-03-08,1.5,1.4299999475479126,1.4700000286102295,1.4700000286102295,12300,1.4700000286102295
2019-03-11,1.4800000190734863,1.440000057220459,1.4700000286102295,1.4700000286102295,12200,1.4700000286102295
2019-03-12,1.4800000190734863,1.4600000381469727,1.4800000190734863,1.4700000286102295,78000,1.4700000286102295
2019-03-13,1.4800000190734863,1.4700000286102295,1.4800000190734863,1.4800000190734863,6500,1.4800000190734863
2019-03-14,1.4800000190734863,1.4600000381469727,1.4800000190734863,1.4800000190734863,210500,1.4800000190734863
2019-03-15,1.5099999904632568,1.4500000476837158,1.4800000190734863,1.4600000381469727,24900,1.4600000381469727
2019-03-18,1.5399999618530273,1.4600000381469727,1.4800000190734863,1.4900000095367432,8400,1.4900000095367432
2019-03-19,1.4900000095367432,1.4700000286102295,1.4900000095367432,1.4700000286102295,9300,1.4700000286102295
2019-03-20,1.5099999904632568,1.4600000381469727,1.5099999904632568,1.5,9300,1.5
2019-03-21,1.5800000429153442,1.4600000381469727,1.5099999904632568,1.559999942779541,324000,1.559999942779541
2019-03-22,1.5800000429153442,1.5,1.5800000429153442,1.5,22900,1.5
2019-03-25,1.5299999713897705,1.4800000190734863,1.5,1.4800000190734863,16500,1.4800000190734863
2019-03-26,1.5499999523162842,1.4800000190734863,1.5199999809265137,1.4800000190734863,13600,1.4800000190734863
2019-03-27,1.5,1.4500000476837158,1.4700000286102295,1.4600000381469727,43100,1.4600000381469727
2019-03-28,1.4900000095367432,1.4299999475479126,1.4600000381469727,1.4299999475479126,13800,1.4299999475479126
2019-03-29,1.4600000381469727,1.4299999475479126,1.440000057220459,1.440000057220459,18700,1.440000057220459
2019-04-01,1.4800000190734863,1.440000057220459,1.4600000381469727,1.4600000381469727,13400,1.4600000381469727
2019-04-02,1.4600000381469727,1.3200000524520874,1.4500000476837158,1.3700000047683716,55500,1.3700000047683716
2019-04-03,1.3899999856948853,1.350000023841858,1.3600000143051147,1.3899999856948853,15600,1.3899999856948853
2019-04-04,1.5099999904632568,1.3899999856948853,1.3899999856948853,1.4700000286102295,15900,1.4700000286102295
2019-04-05,1.5499999523162842,1.4700000286102295,1.4700000286102295,1.5199999809265137,522000,1.5199999809265137
2019-04-08,1.5399999618530273,1.5199999809265137,1.5199999809265137,1.5399999618530273,12800,1.5399999618530273
2019-04-09,1.5399999618530273,1.4800000190734863,1.5399999618530273,1.4800000190734863,9100,1.4800000190734863
2019-04-10,1.5399999618530273,1.399999976158142,1.5099999904632568,1.4199999570846558,19300,1.4199999570846558
2019-04-11,1.5299999713897705,1.4299999475479126,1.4299999475479126,1.5299999713897705,8800,1.5299999713897705
2019-04-12,1.5299999713897705,1.4299999475479126,1.5,1.4299999475479126,4600,1.4299999475479126
2019-04-15,1.4600000381469727,1.440000057220459,1.4600000381469727,1.4600000381469727,2500,1.4600000381469727
2019-04-16,1.4900000095367432,1.4500000476837158,1.4500000476837158,1.4900000095367432,2300,1.4900000095367432
2019-04-17,1.4800000190734863,1.4500000476837158,1.4500000476837158,1.4500000476837158,3500,1.4500000476837158
2019-04-18,1.4900000095367432,1.440000057220459,1.4500000476837158,1.4900000095367432,16000,1.4900000095367432
2019-04-22,1.5399999618530273,1.399999976158142,1.4700000286102295,1.5299999713897705,65500,1.5299999713897705
2019-04-23,1.5299999713897705,1.4600000381469727,1.5299999713897705,1.5,11200,1.5
2019-04-24,1.5399999618530273,1.4500000476837158,1.4900000095367432,1.4900000095367432,5700,1.4900000095367432
2019-04-25,1.5299999713897705,1.4500000476837158,1.5,1.4600000381469727,19500,1.4600000381469727
2019-04-26,1.5099999904632568,1.4500000476837158,1.4500000476837158,1.4700000286102295,2700,1.4700000286102295
2019-04-29,1.5399999618530273,1.4199999570846558,1.5099999904632568,1.4199999570846558,13000,1.4199999570846558
2019-04-30,1.4800000190734863,1.4500000476837158,1.4500000476837158,1.4500000476837158,5100,1.4500000476837158
2019-05-01,1.4800000190734863,1.409999966621399,1.4800000190734863,1.440000057220459,11300,1.440000057220459
2019-05-02,1.4700000286102295,1.399999976158142,1.399999976158142,1.4299999475479126,5300,1.4299999475479126
2019-05-03,1.4800000190734863,1.4299999475479126,1.4700000286102295,1.4800000190734863,2900,1.4800000190734863
2019-05-06,1.4800000190734863,1.4299999475479126,1.4600000381469727,1.4299999475479126,3900,1.4299999475479126
2019-05-07,1.440000057220459,1.409999966621399,1.440000057220459,1.4199999570846558,8500,1.4199999570846558
2019-05-08,1.4299999475479126,1.4299999475479126,1.4299999475479126,1.4299999475479126,700,1.4299999475479126
2019-05-09,1.440000057220459,1.409999966621399,1.409999966621399,1.409999966621399,2700,1.409999966621399
2019-05-10,1.440000057220459,1.399999976158142,1.399999976158142,1.409999966621399,16100,1.409999966621399
2019-05-13,1.440000057220459,1.3700000047683716,1.409999966621399,1.409999966621399,5000,1.409999966621399
2019-05-14,1.399999976158142,1.3300000429153442,1.399999976158142,1.350000023841858,21600,1.350000023841858
2019-05-15,1.350000023841858,1.350000023841858,1.350000023841858,1.350000023841858,2400,1.350000023841858
2019-05-16,1.3700000047683716,1.350000023841858,1.3700000047683716,1.3700000047683716,1100,1.3700000047683716
2019-05-17,1.3700000047683716,1.3300000429153442,1.3700000047683716,1.3300000429153442,21900,1.3300000429153442
2019-05-20,1.350000023841858,1.3200000524520874,1.3300000429153442,1.3300000429153442,14900,1.3300000429153442
2019-05-21,1.340000033378601,1.3300000429153442,1.340000033378601,1.3300000429153442,10600,1.3300000429153442
2019-05-22,1.340000033378601,1.3200000524520874,1.3200000524520874,1.3200000524520874,5300,1.3200000524520874
2019-05-23,1.3300000429153442,1.3200000524520874,1.3200000524520874,1.3300000429153442,3700,1.3300000429153442
2019-05-24,1.3300000429153442,1.3200000524520874,1.3300000429153442,1.3200000524520874,8500,1.3200000524520874
2019-05-28,1.3200000524520874,1.3200000524520874,1.3200000524520874,1.3200000524520874,1600,1.3200000524520874
2019-05-29,1.3300000429153442,1.3200000524520874,1.3200000524520874,1.3200000524520874,10500,1.3200000524520874
2019-05-30,1.340000033378601,1.2999999523162842,1.2999999523162842,1.3300000429153442,5000,1.3300000429153442
2019-05-31,1.350000023841858,1.309999942779541,1.340000033378601,1.309999942779541,5900,1.309999942779541
2019-06-03,1.340000033378601,1.309999942779541,1.309999942779541,1.3200000524520874,32500,1.3200000524520874
2019-06-04,1.3300000429153442,1.3200000524520874,1.3200000524520874,1.3200000524520874,6600,1.3200000524520874
2019-06-05,1.350000023841858,1.3200000524520874,1.3200000524520874,1.340000033378601,8000,1.340000033378601
2019-06-06,1.3700000047683716,1.3200000524520874,1.3200000524520874,1.3600000143051147,2500,1.3600000143051147
2019-06-07,1.3899999856948853,1.3300000429153442,1.3300000429153442,1.3600000143051147,1000,1.3600000143051147
2019-06-10,1.4199999570846558,1.3899999856948853,1.4199999570846558,1.399999976158142,1400,1.399999976158142
2019-06-11,1.3899999856948853,1.3600000143051147,1.3600000143051147,1.3899999856948853,2500,1.3899999856948853
2019-06-12,1.350000023841858,1.2999999523162842,1.350000023841858,1.3300000429153442,51900,1.3300000429153442
2019-06-13,1.309999942779541,1.25,1.309999942779541,1.2799999713897705,17300,1.2799999713897705
2019-06-14,1.3300000429153442,1.1699999570846558,1.3300000429153442,1.2300000190734863,47200,1.2300000190734863
2019-06-17,1.25,1.190000057220459,1.2400000095367432,1.190000057220459,18900,1.190000057220459
2019-06-18,1.2300000190734863,1.090000033378601,1.100000023841858,1.1399999856948853,86200,1.1399999856948853
2019-06-19,1.190000057220459,1.1299999952316284,1.149999976158142,1.149999976158142,38200,1.149999976158142
2019-06-20,1.2000000476837158,1.149999976158142,1.2000000476837158,1.149999976158142,11800,1.149999976158142
2019-06-21,1.2000000476837158,1.149999976158142,1.159999966621399,1.159999966621399,36700,1.159999966621399
2019-06-24,1.1799999475479126,1.149999976158142,1.1799999475479126,1.1699999570846558,6800,1.1699999570846558
2019-06-25,1.1799999475479126,1.1200000047683716,1.149999976158142,1.1200000047683716,20300,1.1200000047683716
2019-06-26,1.149999976158142,1.1200000047683716,1.1399999856948853,1.1399999856948853,15700,1.1399999856948853
2019-06-27,1.190000057220459,1.149999976158142,1.149999976158142,1.190000057220459,1400,1.190000057220459
2019-06-28,1.2000000476837158,1.0800000429153442,1.1699999570846558,1.0800000429153442,43600,1.0800000429153442
2019-07-01,1.1200000047683716,1.0800000429153442,1.0800000429153442,1.100000023841858,15300,1.100000023841858
2019-07-02,1.1200000047683716,1.090000033378601,1.090000033378601,1.1100000143051147,75500,1.1100000143051147
2019-07-03,1.1100000143051147,1.0800000429153442,1.1100000143051147,1.1100000143051147,8900,1.1100000143051147
2019-07-05,1.149999976158142,1.1100000143051147,1.1200000047683716,1.1399999856948853,20900,1.1399999856948853
2019-07-08,1.1399999856948853,1.1100000143051147,1.1299999952316284,1.1100000143051147,4400,1.1100000143051147
2019-07-09,1.1699999570846558,1.1299999952316284,1.1399999856948853,1.1399999856948853,40700,1.1399999856948853
2019-07-10,1.1699999570846558,1.1100000143051147,1.1299999952316284,1.149999976158142,77500,1.149999976158142
2019-07-11,1.1799999475479126,1.1299999952316284,1.1399999856948853,1.1299999952316284,13400,1.1299999952316284
2019-07-12,1.190000057220459,1.159999966621399,1.1699999570846558,1.190000057220459,61400,1.190000057220459
2019-07-15,1.2200000286102295,1.149999976158142,1.190000057220459,1.159999966621399,272900,1.159999966621399
2019-07-16,1.190000057220459,1.1299999952316284,1.149999976158142,1.149999976158142,269800,1.149999976158142
2019-07-17,1.2000000476837158,1.149999976158142,1.159999966621399,1.149999976158142,292300,1.149999976158142
2019-07-18,1.2000000476837158,1.1100000143051147,1.1799999475479126,1.149999976158142,57500,1.149999976158142
2019-07-19,1.2000000476837158,1.159999966621399,1.190000057220459,1.190000057220459,19400,1.190000057220459
2019-07-22,1.190000057220459,1.149999976158142,1.159999966621399,1.1699999570846558,14400,1.1699999570846558
2019-07-23,1.2000000476837158,1.1699999570846558,1.1799999475479126,1.1699999570846558,18400,1.1699999570846558
2019-07-24,1.1799999475479126,1.1699999570846558,1.1799999475479126,1.1699999570846558,6500,1.1699999570846558
2019-07-25,1.190000057220459,1.159999966621399,1.159999966621399,1.1699999570846558,6600,1.1699999570846558
2019-07-26,1.2000000476837158,1.149999976158142,1.190000057220459,1.149999976158142,5600,1.149999976158142
2019-07-29,1.1799999475479126,1.149999976158142,1.159999966621399,1.149999976158142,9000,1.149999976158142
2019-07-30,1.190000057220459,1.149999976158142,1.149999976158142,1.190000057220459,23000,1.190000057220459
2019-07-31,1.2000000476837158,1.159999966621399,1.190000057220459,1.159999966621399,12100,1.159999966621399
2019-08-01,1.190000057220459,1.149999976158142,1.1799999475479126,1.149999976158142,10500,1.149999976158142
2019-08-02,1.159999966621399,1.1299999952316284,1.1299999952316284,1.149999976158142,4800,1.149999976158142
2019-08-05,1.149999976158142,1.1200000047683716,1.1399999856948853,1.1399999856948853,14300,1.1399999856948853
2019-08-06,1.149999976158142,1.1200000047683716,1.1299999952316284,1.149999976158142,6300,1.149999976158142
2019-08-07,1.190000057220459,1.159999966621399,1.1799999475479126,1.1699999570846558,22800,1.1699999570846558
2019-08-08,1.2000000476837158,1.149999976158142,1.1699999570846558,1.149999976158142,4000,1.149999976158142
2019-08-09,1.190000057220459,1.159999966621399,1.190000057220459,1.159999966621399,1100,1.159999966621399
2019-08-12,1.149999976158142,1.1200000047683716,1.149999976158142,1.1200000047683716,1700,1.1200000047683716
2019-08-13,1.1699999570846558,1.1399999856948853,1.1399999856948853,1.159999966621399,10700,1.159999966621399
2019-08-14,1.1699999570846558,1.0700000524520874,1.1399999856948853,1.1699999570846558,23700,1.1699999570846558
2019-08-15,1.1699999570846558,1.1100000143051147,1.149999976158142,1.1100000143051147,42200,1.1100000143051147
2019-08-16,1.1699999570846558,1.149999976158142,1.149999976158142,1.1699999570846558,22700,1.1699999570846558
2019-08-19,1.1699999570846558,1.149999976158142,1.149999976158142,1.1699999570846558,9900,1.1699999570846558
2019-08-20,1.1699999570846558,1.1699999570846558,1.1699999570846558,1.1699999570846558,2500,1.1699999570846558
2019-08-21,1.2999999523162842,1.1799999475479126,1.1799999475479126,1.2400000095367432,235700,1.2400000095367432
2019-08-22,1.3200000524520874,1.2300000190734863,1.2300000190734863,1.3200000524520874,161600,1.3200000524520874
2019-08-23,1.399999976158142,1.2999999523162842,1.2999999523162842,1.399999976158142,51300,1.399999976158142
2019-08-26,1.649999976158142,1.4199999570846558,1.4199999570846558,1.649999976158142,49100,1.649999976158142
2019-08-27,1.7000000476837158,1.5,1.649999976158142,1.5099999904632568,40900,1.5099999904632568
2019-08-28,1.5199999809265137,1.4700000286102295,1.5199999809265137,1.4800000190734863,20700,1.4800000190734863
2019-08-29,1.4800000190734863,1.4500000476837158,1.4800000190734863,1.4500000476837158,19400,1.4500000476837158
2019-08-30,1.5,1.4600000381469727,1.4700000286102295,1.4600000381469727,13600,1.4600000381469727
2019-09-03,1.5,1.4800000190734863,1.4800000190734863,1.4900000095367432,5600,1.4900000095367432
2019-09-04,1.4900000095367432,1.4800000190734863,1.4900000095367432,1.4800000190734863,2800,1.4800000190734863
2019-09-05,1.5,1.4700000286102295,1.4900000095367432,1.4700000286102295,5000,1.4700000286102295
2019-09-06,1.5199999809265137,1.4900000095367432,1.5,1.4900000095367432,7400,1.4900000095367432
2019-09-09,1.5499999523162842,1.4800000190734863,1.4800000190734863,1.5399999618530273,120500,1.5399999618530273
2019-09-10,1.5499999523162842,1.5299999713897705,1.5299999713897705,1.5299999713897705,14900,1.5299999713897705
2019-09-11,2.0999999046325684,1.6200000047683716,1.649999976158142,1.8799999952316284,197100,1.8799999952316284
2019-09-12,1.9199999570846558,1.7899999618530273,1.899999976158142,1.8300000429153442,30200,1.8300000429153442
2019-09-13,2.009999990463257,1.8200000524520874,1.8200000524520874,1.8899999856948853,61300,1.8899999856948853
2019-09-16,1.899999976158142,1.6699999570846558,1.899999976158142,1.75,48300,1.75
2019-09-17,1.75,1.6799999475479126,1.7000000476837158,1.7100000381469727,18100,1.7100000381469727
2019-09-18,1.7899999618530273,1.690000057220459,1.690000057220459,1.7100000381469727,22000,1.7100000381469727
2019-09-19,1.7799999713897705,1.7000000476837158,1.7100000381469727,1.7000000476837158,53200,1.7000000476837158
2019-09-20,2.0999999046325684,1.7000000476837158,1.7000000476837158,1.9500000476837158,78000,1.9500000476837158
2019-09-23,2.0999999046325684,1.8700000047683716,1.8899999856948853,1.9800000190734863,52600,1.9800000190734863
2019-09-24,2.049999952316284,1.9800000190734863,1.9800000190734863,2.0399999618530273,20500,2.0399999618530273
2019-09-25,2.0899999141693115,1.899999976158142,2.059999942779541,1.9299999475479126,28400,1.9299999475479126
2019-09-26,2.009999990463257,1.940000057220459,1.940000057220459,1.9700000286102295,6600,1.9700000286102295
2019-09-27,2.0899999141693115,1.8799999952316284,2.049999952316284,1.9299999475479126,54700,1.9299999475479126
2019-09-30,1.9500000476837158,1.7999999523162842,1.9299999475479126,1.899999976158142,63400,1.899999976158142
2019-10-01,2.0299999713897705,1.940000057220459,1.9500000476837158,2.009999990463257,9500,2.009999990463257
2019-10-02,1.9900000095367432,1.840000033378601,1.9700000286102295,1.840000033378601,80700,1.840000033378601
2019-10-03,1.9199999570846558,1.7000000476837158,1.7699999809265137,1.9199999570846558,38200,1.9199999570846558
2019-10-04,1.9800000190734863,1.909999966621399,1.9299999475479126,1.940000057220459,6400,1.940000057220459
2019-10-07,2.049999952316284,1.940000057220459,1.940000057220459,2.009999990463257,7300,2.009999990463257
2019-10-08,2.0399999618530273,1.9600000381469727,2.0,2.0,4700,2.0
2019-10-09,2.200000047683716,2.0,2.059999942779541,2.0799999237060547,311600,2.0799999237060547
2019-10-10,2.119999885559082,2.0399999618530273,2.119999885559082,2.0399999618530273,18400,2.0399999618530273
2019-10-11,2.0999999046325684,1.9700000286102295,2.0899999141693115,2.0,18200,2.0
2019-10-14,2.0,1.840000033378601,1.9800000190734863,1.9500000476837158,17300,1.9500000476837158
2019-10-15,1.9500000476837158,1.8600000143051147,1.909999966621399,1.8799999952316284,7600,1.8799999952316284
2019-10-16,1.909999966621399,1.850000023841858,1.8700000047683716,1.899999976158142,11000,1.899999976158142
2019-10-17,1.899999976158142,1.850000023841858,1.899999976158142,1.850000023841858,2500,1.850000023841858
2019-10-18,1.899999976158142,1.840000033378601,1.8899999856948853,1.8600000143051147,7100,1.8600000143051147
2019-10-21,1.899999976158142,1.7699999809265137,1.809999942779541,1.8200000524520874,12200,1.8200000524520874
2019-10-22,1.8899999856948853,1.7999999523162842,1.809999942779541,1.8200000524520874,29100,1.8200000524520874
2019-10-23,1.909999966621399,1.809999942779541,1.809999942779541,1.8200000524520874,7100,1.8200000524520874
2019-10-24,1.909999966621399,1.8899999856948853,1.8899999856948853,1.8899999856948853,5300,1.8899999856948853
2019-10-25,1.909999966621399,1.850000023841858,1.850000023841858,1.899999976158142,2500,1.899999976158142
2019-10-28,1.909999966621399,1.850000023841858,1.899999976158142,1.899999976158142,2500,1.899999976158142
2019-10-29,1.8899999856948853,1.8700000047683716,1.8700000047683716,1.8899999856948853,2900,1.8899999856948853
2019-10-30,1.9299999475479126,1.850000023841858,1.8600000143051147,1.8700000047683716,16100,1.8700000047683716
2019-10-31,1.8700000047683716,1.7999999523162842,1.8700000047683716,1.840000033378601,17500,1.840000033378601
2019-11-01,1.8799999952316284,1.7999999523162842,1.7999999523162842,1.850000023841858,7600,1.850000023841858
2019-11-04,1.8799999952316284,1.8200000524520874,1.8200000524520874,1.8700000047683716,7500,1.8700000047683716
2019-11-05,1.8899999856948853,1.850000023841858,1.8899999856948853,1.8700000047683716,5300,1.8700000047683716
2019-11-06,1.8700000047683716,1.8600000143051147,1.8700000047683716,1.8600000143051147,400,1.8600000143051147
2019-11-07,1.8899999856948853,1.850000023841858,1.8899999856948853,1.8799999952316284,1800,1.8799999952316284
2019-11-08,1.8799999952316284,1.840000033378601,1.8700000047683716,1.8799999952316284,24900,1.8799999952316284
2019-11-11,1.9500000476837158,1.850000023841858,1.850000023841858,1.9500000476837158,11900,1.9500000476837158
2019-11-12,2.0199999809265137,1.909999966621399,1.9500000476837158,2.0199999809265137,22400,2.0199999809265137
2019-11-13,2.0199999809265137,1.9800000190734863,2.009999990463257,2.0,12900,2.0
2019-11-14,2.0199999809265137,1.9299999475479126,2.0199999809265137,1.9299999475479126,18000,1.9299999475479126
2019-11-15,2.0199999809265137,1.9800000190734863,2.0,2.009999990463257,5700,2.009999990463257
2019-11-18,2.259999990463257,2.0199999809265137,2.0399999618530273,2.1500000953674316,36400,2.1500000953674316
2019-11-19,2.2899999618530273,2.180000066757202,2.190000057220459,2.259999990463257,44500,2.259999990463257
2019-11-20,2.3499999046325684,2.0199999809265137,2.2799999713897705,2.059999942779541,99500,2.059999942779541
2019-11-21,2.1600000858306885,2.069999933242798,2.069999933242798,2.119999885559082,16300,2.119999885559082
2019-11-22,2.200000047683716,2.009999990463257,2.1700000762939453,2.0799999237060547,22400,2.0799999237060547
2019-11-25,2.1600000858306885,2.0799999237060547,2.1600000858306885,2.1500000953674316,13900,2.1500000953674316
2019-11-26,2.0999999046325684,1.8200000524520874,2.069999933242798,1.8799999952316284,65800,1.8799999952316284
2019-11-27,2.0799999237060547,1.8300000429153442,1.850000023841858,2.0399999618530273,77700,2.0399999618530273
2019-11-29,2.119999885559082,2.0,2.0,2.0799999237060547,4000,2.0799999237060547
2019-12-02,2.140000104904175,2.009999990463257,2.140000104904175,2.0999999046325684,12100,2.0999999046325684
2019-12-03,2.130000114440918,2.049999952316284,2.0899999141693115,2.049999952316284,23400,2.049999952316284
2019-12-04,2.1500000953674316,2.0799999237060547,2.130000114440918,2.0799999237060547,23500,2.0799999237060547
2019-12-05,2.1500000953674316,2.049999952316284,2.059999942779541,2.0999999046325684,21200,2.0999999046325684
2019-12-06,2.190000057220459,2.0899999141693115,2.0899999141693115,2.0999999046325684,26500,2.0999999046325684
2019-12-09,2.180000066757202,2.0799999237060547,2.140000104904175,2.1500000953674316,31500,2.1500000953674316
2019-12-10,2.190000057220459,2.119999885559082,2.140000104904175,2.140000104904175,29200,2.140000104904175
2019-12-11,2.180000066757202,2.0999999046325684,2.0999999046325684,2.1500000953674316,33500,2.1500000953674316
2019-12-12,2.190000057220459,2.109999895095825,2.109999895095825,2.190000057220459,30700,2.190000057220459
2019-12-13,2.190000057220459,2.0999999046325684,2.1600000858306885,2.180000066757202,27700,2.180000066757202
2019-12-16,2.190000057220459,2.140000104904175,2.190000057220459,2.1500000953674316,14200,2.1500000953674316
2019-12-17,2.180000066757202,2.109999895095825,2.180000066757202,2.1600000858306885,37700,2.1600000858306885
2019-12-18,2.25,2.140000104904175,2.190000057220459,2.2200000286102295,13200,2.2200000286102295
2019-12-19,2.2300000190734863,2.1700000762939453,2.190000057220459,2.200000047683716,11100,2.200000047683716
2019-12-20,2.25,2.1700000762939453,2.1700000762939453,2.25,27900,2.25
2019-12-23,2.2799999713897705,2.180000066757202,2.2799999713897705,2.190000057220459,25800,2.190000057220459
2019-12-24,2.190000057220459,2.0999999046325684,2.1700000762939453,2.190000057220459,31900,2.190000057220459
2019-12-26,2.2899999618530273,2.200000047683716,2.2200000286102295,2.2699999809265137,16500,2.2699999809265137
2019-12-27,2.2899999618530273,2.2200000286102295,2.2699999809265137,2.2699999809265137,6000,2.2699999809265137
2019-12-30,2.359999895095825,2.2799999713897705,2.2899999618530273,2.299999952316284,20500,2.299999952316284
2019-12-31,2.319999933242798,2.200000047683716,2.2699999809265137,2.200000047683716,22700,2.200000047683716
2020-01-02,2.25,2.180000066757202,2.200000047683716,2.2100000381469727,16900,2.2100000381469727
2020-01-03,2.2200000286102295,2.1600000858306885,2.200000047683716,2.1600000858306885,5800,2.1600000858306885
2020-01-06,2.1600000858306885,2.140000104904175,2.1500000953674316,2.1600000858306885,7500,2.1600000858306885
2020-01-07,2.200000047683716,2.1600000858306885,2.200000047683716,2.180000066757202,3900,2.180000066757202
2020-01-08,2.190000057220459,2.180000066757202,2.180000066757202,2.190000057220459,9100,2.190000057220459
2020-01-09,2.2200000286102295,2.1600000858306885,2.1700000762939453,2.2200000286102295,3700,2.2200000286102295
2020-01-10,2.25,2.1700000762939453,2.25,2.2100000381469727,2800,2.2100000381469727
2020-01-13,2.240000009536743,2.200000047683716,2.200000047683716,2.2300000190734863,13700,2.2300000190734863
2020-01-14,2.25,2.2300000190734863,2.2300000190734863,2.25,8300,2.25
2020-01-15,2.319999933242798,2.2300000190734863,2.2300000190734863,2.309999942779541,5900,2.309999942779541
2020-01-16,2.359999895095825,2.319999933242798,2.3299999237060547,2.359999895095825,53000,2.359999895095825
2020-01-17,2.390000104904175,2.3299999237060547,2.3299999237060547,2.359999895095825,13400,2.359999895095825
2020-01-21,2.4000000953674316,2.309999942779541,2.309999942779541,2.3399999141693115,9300,2.3399999141693115
2020-01-22,2.4000000953674316,2.3399999141693115,2.3499999046325684,2.4000000953674316,34900,2.4000000953674316
2020-01-23,2.4000000953674316,2.369999885559082,2.390000104904175,2.4000000953674316,5700,2.4000000953674316
2020-01-24,2.4000000953674316,2.3499999046325684,2.4000000953674316,2.3499999046325684,7900,2.3499999046325684
2020-01-27,2.5,2.2699999809265137,2.359999895095825,2.4000000953674316,29400,2.4000000953674316
2020-01-28,2.440000057220459,2.380000114440918,2.440000057220459,2.390000104904175,13600,2.390000104904175
2020-01-29,2.4200000762939453,2.380000114440918,2.380000114440918,2.4200000762939453,5600,2.4200000762939453
2020-01-30,2.440000057220459,2.3399999141693115,2.4000000953674316,2.390000104904175,7400,2.390000104904175
2020-01-31,2.450000047683716,2.369999885559082,2.369999885559082,2.4200000762939453,7200,2.4200000762939453
2020-02-03,2.440000057220459,2.3499999046325684,2.390000104904175,2.4100000858306885,53700,2.4100000858306885
2020-02-04,2.4700000286102295,2.380000114440918,2.4600000381469727,2.430000066757202,26800,2.430000066757202
2020-02-05,2.4800000190734863,2.119999885559082,2.4800000190734863,2.309999942779541,84600,2.309999942779541
2020-02-06,2.369999885559082,2.2899999618530273,2.2899999618530273,2.3499999046325684,8800,2.3499999046325684
2020-02-07,2.390000104904175,2.3499999046325684,2.3499999046325684,2.380000114440918,21700,2.380000114440918
2020-02-10,2.450000047683716,2.4100000858306885,2.430000066757202,2.4200000762939453,27600,2.4200000762939453
2020-02-11,2.450000047683716,2.380000114440918,2.450000047683716,2.440000057220459,18500,2.440000057220459
2020-02-12,2.490000009536743,2.440000057220459,2.450000047683716,2.440000057220459,17400,2.440000057220459
2020-02-13,2.5,2.450000047683716,2.450000047683716,2.4700000286102295,10200,2.4700000286102295
2020-02-14,2.6500000953674316,2.5,2.5,2.559999942779541,17600,2.559999942779541
2020-02-18,2.559999942779541,2.5199999809265137,2.5199999809265137,2.549999952316284,9100,2.549999952316284
2020-02-19,2.5399999618530273,2.5,2.5399999618530273,2.5299999713897705,16900,2.5299999713897705
2020-02-20,2.549999952316284,2.5199999809265137,2.5199999809265137,2.5299999713897705,2800,2.5299999713897705
2020-02-21,2.549999952316284,2.5,2.549999952316284,2.5,10800,2.5
2020-02-24,2.490000009536743,2.430000066757202,2.440000057220459,2.4800000190734863,38000,2.4800000190734863
2020-02-25,2.5,2.450000047683716,2.4800000190734863,2.450000047683716,41400,2.450000047683716
2020-02-26,2.450000047683716,2.4000000953674316,2.440000057220459,2.4000000953674316,75300,2.4000000953674316
2020-02-27,2.4200000762939453,2.369999885559082,2.4000000953674316,2.380000114440918,30100,2.380000114440918
2020-02-28,2.390000104904175,2.3299999237060547,2.3499999046325684,2.359999895095825,54800,2.359999895095825
2020-03-02,2.3499999046325684,2.3299999237060547,2.3399999141693115,2.3399999141693115,20800,2.3399999141693115
2020-03-03,2.430000066757202,2.309999942779541,2.3399999141693115,2.4100000858306885,14000,2.4100000858306885
2020-03-04,2.440000057220459,2.369999885559082,2.369999885559082,2.4000000953674316,7400,2.4000000953674316
2020-03-05,2.3299999237060547,2.200000047683716,2.319999933242798,2.2899999618530273,17400,2.2899999618530273
2020-03-06,2.25,2.1500000953674316,2.2300000190734863,2.180000066757202,14500,2.180000066757202
2020-03-09,2.1700000762939453,1.690000057220459,2.119999885559082,1.690000057220459,61300,1.690000057220459
2020-03-10,1.909999966621399,1.7100000381469727,1.7400000095367432,1.8300000429153442,46900,1.8300000429153442
2020-03-11,1.850000023841858,1.5299999713897705,1.850000023841858,1.600000023841858,118800,1.600000023841858
2020-03-12,1.590000033378601,1.0199999809265137,1.5499999523162842,1.2200000286102295,154700,1.2200000286102295
2020-03-13,1.3799999952316284,1.1100000143051147,1.159999966621399,1.2799999713897705,181300,1.2799999713897705
2020-03-16,1.0800000429153442,0.9100000262260437,1.0499999523162842,0.9599999785423279,201200,0.9599999785423279
2020-03-17,0.9800000190734863,0.8500000238418579,0.8999999761581421,0.8600000143051147,62400,0.8600000143051147
2020-03-18,1.1200000047683716,0.800000011920929,0.800000011920929,0.9200000166893005,1342800,0.9200000166893005
2020-03-19,1.190000057220459,0.8600000143051147,1.100000023841858,0.9700000286102295,1406300,0.9700000286102295
2020-03-20,0.699999988079071,0.5,0.699999988079071,0.5600000023841858,1537300,0.5600000023841858
2020-03-23,0.5799999833106995,0.4699999988079071,0.5799999833106995,0.5099999904632568,401300,0.5099999904632568
2020-03-24,0.6200000047683716,0.46000000834465027,0.5,0.6200000047683716,561500,0.6200000047683716
2020-03-25,0.7699999809265137,0.5699999928474426,0.6299999952316284,0.7599999904632568,547200,0.7599999904632568
2020-03-26,0.8399999737739563,0.6800000071525574,0.75,0.7599999904632568,554900,0.7599999904632568
2020-03-27,0.7599999904632568,0.6100000143051147,0.7300000190734863,0.6800000071525574,188700,0.6800000071525574
2020-03-30,0.7799999713897705,0.6399999856948853,0.6700000166893005,0.6800000071525574,190800,0.6800000071525574
2020-03-31,0.7300000190734863,0.6299999952316284,0.7099999785423279,0.6700000166893005,71900,0.6700000166893005
2020-04-01,0.7099999785423279,0.6200000047683716,0.6600000262260437,0.6600000262260437,192900,0.6600000262260437
2020-04-02,0.699999988079071,0.6200000047683716,0.6700000166893005,0.6200000047683716,89900,0.6200000047683716
2020-04-03,0.6700000166893005,0.5600000023841858,0.6399999856948853,0.6100000143051147,71900,0.6100000143051147
2020-04-06,0.6800000071525574,0.6000000238418579,0.6399999856948853,0.6499999761581421,76900,0.6499999761581421
2020-04-07,0.7400000095367432,0.6000000238418579,0.7099999785423279,0.6299999952316284,155800,0.6299999952316284
2020-04-08,0.699999988079071,0.6299999952316284,0.6299999952316284,0.6800000071525574,117600,0.6800000071525574
2020-04-09,0.7400000095367432,0.6499999761581421,0.699999988079071,0.6899999976158142,118800,0.6899999976158142
2020-04-13,0.7400000095367432,0.6700000166893005,0.7300000190734863,0.6700000166893005,82200,0.6700000166893005
2020-04-14,0.7200000286102295,0.6800000071525574,0.699999988079071,0.6800000071525574,71200,0.6800000071525574
2020-04-15,0.8199999928474426,0.6600000262260437,0.699999988079071,0.699999988079071,399600,0.699999988079071
2020-04-16,0.7699999809265137,0.6800000071525574,0.75,0.75,111000,0.75
2020-04-17,0.7699999809265137,0.7300000190734863,0.7300000190734863,0.7599999904632568,63100,0.7599999904632568
2020-04-20,0.8100000023841858,0.7799999713897705,0.800000011920929,0.7799999713897705,94000,0.7799999713897705
2020-04-21,0.800000011920929,0.75,0.800000011920929,0.7699999809265137,54600,0.7699999809265137
2020-04-22,0.8100000023841858,0.75,0.7799999713897705,0.7799999713897705,37400,0.7799999713897705
2020-04-23,0.8299999833106995,0.7599999904632568,0.8199999928474426,0.7900000214576721,32500,0.7900000214576721
2020-04-24,0.800000011920929,0.7599999904632568,0.800000011920929,0.7900000214576721,67900,0.7900000214576721
2020-04-27,0.8600000143051147,0.7599999904632568,0.8199999928474426,0.8100000023841858,296300,0.8100000023841858
2020-04-28,0.8399999737739563,0.75,0.8399999737739563,0.75,120600,0.75
2020-04-29,0.8399999737739563,0.7799999713897705,0.7799999713897705,0.8399999737739563,273500,0.8399999737739563
2020-04-30,0.8799999952316284,0.800000011920929,0.8399999737739563,0.8399999737739563,131900,0.8399999737739563
2020-05-01,0.8799999952316284,0.7200000286102295,0.8399999737739563,0.8100000023841858,283100,0.8100000023841858
2020-05-04,0.8500000238418579,0.7099999785423279,0.75,0.7400000095367432,101300,0.7400000095367432
2020-05-05,0.7799999713897705,0.7200000286102295,0.7799999713897705,0.75,25600,0.75
2020-05-06,0.7900000214576721,0.7099999785423279,0.7900000214576721,0.7400000095367432,35500,0.7400000095367432
2020-05-07,0.7799999713897705,0.6800000071525574,0.7799999713897705,0.699999988079071,70200,0.699999988079071
2020-05-08,0.9200000166893005,0.6899999976158142,0.699999988079071,0.8199999928474426,491100,0.8199999928474426
2020-05-11,0.8199999928474426,0.7400000095367432,0.7699999809265137,0.75,138700,0.75
2020-05-12,0.8299999833106995,0.6899999976158142,0.7300000190734863,0.7599999904632568,434200,0.7599999904632568
2020-05-13,0.800000011920929,0.6899999976158142,0.800000011920929,0.7200000286102295,129700,0.7200000286102295
2020-05-14,0.75,0.6899999976158142,0.7200000286102295,0.699999988079071,74200,0.699999988079071
2020-05-15,0.7300000190734863,0.699999988079071,0.699999988079071,0.7200000286102295,41500,0.7200000286102295
2020-05-18,0.7799999713897705,0.7099999785423279,0.7400000095367432,0.7599999904632568,147600,0.7599999904632568
2020-05-19,0.7799999713897705,0.7300000190734863,0.7799999713897705,0.7599999904632568,50200,0.7599999904632568
2020-05-20,0.8500000238418579,0.75,0.75,0.8299999833106995,295600,0.8299999833106995
2020-05-21,0.8600000143051147,0.800000011920929,0.8600000143051147,0.800000011920929,48900,0.800000011920929
2020-05-22,0.8199999928474426,0.800000011920929,0.8199999928474426,0.800000011920929,34900,0.800000011920929
2020-05-26,0.8399999737739563,0.8100000023841858,0.8399999737739563,0.8199999928474426,79300,0.8199999928474426
2020-05-27,0.8600000143051147,0.8199999928474426,0.8600000143051147,0.8399999737739563,125200,0.8399999737739563
2020-05-28,0.8600000143051147,0.800000011920929,0.8600000143051147,0.800000011920929,76400,0.800000011920929
2020-05-29,0.8299999833106995,0.800000011920929,0.800000011920929,0.8199999928474426,47100,0.8199999928474426
2020-06-01,0.8199999928474426,0.7599999904632568,0.8199999928474426,0.800000011920929,60700,0.800000011920929
2020-06-02,0.8199999928474426,0.7900000214576721,0.8199999928474426,0.800000011920929,48200,0.800000011920929
2020-06-03,0.8600000143051147,0.7699999809265137,0.7799999713897705,0.8500000238418579,919600,0.8500000238418579
2020-06-04,1.9900000095367432,1.5,1.7200000286102295,1.8700000047683716,4528000,1.8700000047683716
2020-06-05,1.8700000047683716,1.5499999523162842,1.7000000476837158,1.850000023841858,685400,1.850000023841858
2020-06-08,1.8700000047683716,1.600000023841858,1.6699999570846558,1.75,314300,1.75
2020-06-09,1.7100000381469727,1.6100000143051147,1.6799999475479126,1.7000000476837158,109400,1.7000000476837158
2020-06-10,1.7000000476837158,1.5199999809265137,1.6100000143051147,1.6399999856948853,145100,1.6399999856948853
2020-06-11,1.5399999618530273,1.399999976158142,1.5,1.5299999713897705,108600,1.5299999713897705
2020-06-12,1.5099999904632568,1.409999966621399,1.5099999904632568,1.4500000476837158,77500,1.4500000476837158
2020-06-15,1.690000057220459,1.399999976158142,1.399999976158142,1.590000033378601,120900,1.590000033378601
2020-06-16,1.6299999952316284,1.5,1.559999942779541,1.559999942779541,37900,1.559999942779541
2020-06-17,1.6399999856948853,1.5099999904632568,1.5099999904632568,1.5399999618530273,124400,1.5399999618530273
2020-06-18,1.600000023841858,1.4900000095367432,1.4900000095367432,1.5700000524520874,163700,1.5700000524520874
2020-06-19,1.559999942779541,1.5,1.5299999713897705,1.5,73300,1.5
2020-06-22,1.5199999809265137,1.399999976158142,1.4600000381469727,1.4500000476837158,48300,1.4500000476837158
2020-06-23,1.5,1.4199999570846558,1.4199999570846558,1.4900000095367432,62400,1.4900000095367432
2020-06-24,1.4900000095367432,1.4199999570846558,1.4900000095367432,1.4199999570846558,28000,1.4199999570846558
2020-06-25,1.5099999904632568,1.4199999570846558,1.4199999570846558,1.5,64500,1.5
2020-06-26,1.5099999904632568,1.4199999570846558,1.4900000095367432,1.4199999570846558,136100,1.4199999570846558
2020-06-29,1.5299999713897705,1.440000057220459,1.440000057220459,1.4500000476837158,49700,1.4500000476837158
2020-06-30,1.4900000095367432,1.4299999475479126,1.440000057220459,1.4500000476837158,16200,1.4500000476837158
2020-07-01,1.4700000286102295,1.4299999475479126,1.4600000381469727,1.4299999475479126,20100,1.4299999475479126
2020-07-02,1.4900000095367432,1.4199999570846558,1.4900000095367432,1.440000057220459,35000,1.440000057220459
2020-07-06,1.440000057220459,1.3600000143051147,1.440000057220459,1.3799999952316284,65400,1.3799999952316284
2020-07-07,1.4199999570846558,1.2200000286102295,1.3799999952316284,1.2300000190734863,86400,1.2300000190734863
2020-07-08,1.2999999523162842,1.25,1.25,1.2899999618530273,45700,1.2899999618530273
2020-07-09,1.2899999618530273,1.2100000381469727,1.2899999618530273,1.25,35600,1.25
2020-07-10,1.2799999713897705,1.2000000476837158,1.2200000286102295,1.2300000190734863,21900,1.2300000190734863
2020-07-13,1.25,1.0499999523162842,1.2100000381469727,1.0700000524520874,57200,1.0700000524520874
2020-07-14,1.2000000476837158,1.090000033378601,1.1399999856948853,1.1699999570846558,64600,1.1699999570846558
2020-07-15,1.2699999809265137,1.1799999475479126,1.2000000476837158,1.2100000381469727,32300,1.2100000381469727
2020-07-16,1.2300000190734863,1.159999966621399,1.2100000381469727,1.190000057220459,14300,1.190000057220459
2020-07-17,1.2200000286102295,1.0700000524520874,1.2200000286102295,1.1200000047683716,59800,1.1200000047683716
2020-07-20,1.2000000476837158,1.090000033378601,1.1200000047683716,1.1100000143051147,75000,1.1100000143051147
2020-07-21,1.25,1.059999942779541,1.1100000143051147,1.2100000381469727,63100,1.2100000381469727
2020-07-22,1.190000057220459,1.159999966621399,1.1699999570846558,1.1699999570846558,8300,1.1699999570846558
2020-07-23,1.2200000286102295,1.1299999952316284,1.1299999952316284,1.1799999475479126,25200,1.1799999475479126
2020-07-24,1.190000057220459,1.149999976158142,1.190000057220459,1.149999976158142,5900,1.149999976158142
2020-07-27,1.1799999475479126,1.1100000143051147,1.1299999952316284,1.1699999570846558,20800,1.1699999570846558
2020-07-28,1.149999976158142,1.1100000143051147,1.1399999856948853,1.1299999952316284,11000,1.1299999952316284
2020-07-29,1.190000057220459,1.1100000143051147,1.1100000143051147,1.149999976158142,13600,1.149999976158142
2020-07-30,1.1699999570846558,1.1399999856948853,1.1699999570846558,1.159999966621399,7300,1.159999966621399
2020-07-31,1.190000057220459,1.1100000143051147,1.149999976158142,1.1399999856948853,21200,1.1399999856948853
2020-08-03,1.159999966621399,1.1200000047683716,1.159999966621399,1.1200000047683716,7800,1.1200000047683716
2020-08-04,1.1699999570846558,1.1100000143051147,1.1100000143051147,1.1699999570846558,11800,1.1699999570846558
2020-08-05,1.1799999475479126,1.159999966621399,1.1799999475479126,1.1699999570846558,9600,1.1699999570846558
2020-08-06,1.2400000095367432,1.1699999570846558,1.190000057220459,1.1699999570846558,7500,1.1699999570846558
2020-08-07,1.190000057220459,1.159999966621399,1.159999966621399,1.1799999475479126,7300,1.1799999475479126
2020-08-10,1.2000000476837158,1.159999966621399,1.159999966621399,1.2000000476837158,22900,1.2000000476837158
2020-08-11,1.25,1.149999976158142,1.2100000381469727,1.149999976158142,16500,1.149999976158142
2020-08-12,1.2000000476837158,1.1299999952316284,1.2000000476837158,1.149999976158142,13200,1.149999976158142
2020-08-13,1.1699999570846558,1.1399999856948853,1.1699999570846558,1.149999976158142,3200,1.149999976158142
2020-08-14,1.149999976158142,1.1100000143051147,1.1100000143051147,1.149999976158142,8200,1.149999976158142
2020-08-17,1.1399999856948853,1.090000033378601,1.1299999952316284,1.100000023841858,44200,1.100000023841858
2020-08-18,1.1299999952316284,1.090000033378601,1.1299999952316284,1.1100000143051147,5600,1.1100000143051147
2020-08-19,1.1200000047683716,1.100000023841858,1.1100000143051147,1.1100000143051147,16000,1.1100000143051147
2020-08-20,1.1200000047683716,1.0800000429153442,1.1200000047683716,1.100000023841858,7200,1.100000023841858
2020-08-21,1.1100000143051147,1.0800000429153442,1.100000023841858,1.1100000143051147,12400,1.1100000143051147
2020-08-24,1.100000023841858,1.0700000524520874,1.090000033378601,1.0800000429153442,44200,1.0800000429153442
2020-08-25,1.1100000143051147,1.0800000429153442,1.0800000429153442,1.100000023841858,7600,1.100000023841858
2020-08-26,1.100000023841858,1.090000033378601,1.100000023841858,1.100000023841858,3400,1.100000023841858
2020-08-27,1.100000023841858,1.0800000429153442,1.090000033378601,1.090000033378601,15600,1.090000033378601
2020-08-28,1.149999976158142,1.0800000429153442,1.0800000429153442,1.149999976158142,94100,1.149999976158142
2020-08-31,1.190000057220459,1.1299999952316284,1.149999976158142,1.149999976158142,85500,1.149999976158142
2020-09-01,1.1799999475479126,1.0800000429153442,1.1799999475479126,1.149999976158142,73600,1.149999976158142
2020-09-02,1.1399999856948853,1.100000023841858,1.1399999856948853,1.100000023841858,15100,1.100000023841858
2020-09-03,1.1100000143051147,0.8999999761581421,1.090000033378601,1.0299999713897705,118000,1.0299999713897705
2020-09-04,1.0499999523162842,0.9900000095367432,1.0499999523162842,1.0499999523162842,23500,1.0499999523162842
2020-09-08,2.3299999237060547,1.649999976158142,1.909999966621399,2.2200000286102295,166735300,2.2200000286102295
2020-09-09,2.4800000190734863,1.8799999952316284,1.940000057220459,2.2899999618530273,10068200,2.2899999618530273
2020-09-10,2.4800000190734863,2.180000066757202,2.200000047683716,2.4800000190734863,2438700,2.4800000190734863
2020-09-11,2.5399999618530273,2.299999952316284,2.490000009536743,2.380000114440918,1344900,2.380000114440918
2020-09-14,2.5199999809265137,2.3499999046325684,2.390000104904175,2.4600000381469727,717100,2.4600000381469727
2020-09-15,2.690000057220459,2.4700000286102295,2.6500000953674316,2.490000009536743,601900,2.490000009536743
2020-09-16,2.5199999809265137,2.380000114440918,2.4700000286102295,2.380000114440918,449200,2.380000114440918
2020-09-17,2.450000047683716,2.2699999809265137,2.4200000762939453,2.369999885559082,410900,2.369999885559082
2020-09-18,2.4700000286102295,2.2799999713897705,2.369999885559082,2.299999952316284,490000,2.299999952316284
2020-09-21,2.5899999141693115,2.3299999237060547,2.3299999237060547,2.4800000190734863,571600,2.4800000190734863
2020-09-22,2.680000066757202,2.380000114440918,2.5,2.4000000953674316,342000,2.4000000953674316
2020-09-23,2.640000104904175,2.450000047683716,2.450000047683716,2.5399999618530273,446400,2.5399999618530273
2020-09-24,2.5799999237060547,2.4200000762939453,2.5199999809265137,2.5299999713897705,177600,2.5299999713897705
2020-09-25,2.619999885559082,2.490000009536743,2.509999990463257,2.5799999237060547,331400,2.5799999237060547
2020-09-28,2.8499999046325684,2.569999933242798,2.569999933242798,2.7799999713897705,650500,2.7799999713897705
2020-09-29,2.940000057220459,2.7300000190734863,2.740000009536743,2.9100000858306885,314300,2.9100000858306885
2020-09-30,2.930000066757202,2.809999942779541,2.8499999046325684,2.859999895095825,317800,2.859999895095825
2020-10-01,2.9200000762939453,2.759999990463257,2.7799999713897705,2.880000114440918,478100,2.880000114440918
2020-10-02,3.299999952316284,2.700000047683716,2.7699999809265137,3.2200000286102295,725900,3.2200000286102295
2020-10-05,3.180000066757202,2.819999933242798,3.1500000953674316,2.859999895095825,510300,2.859999895095825
2020-10-06,2.930000066757202,2.819999933242798,2.890000104904175,2.8299999237060547,260400,2.8299999237060547
2020-10-07,2.9100000858306885,2.7699999809265137,2.7899999618530273,2.809999942779541,367000,2.809999942779541
2020-10-08,2.8499999046325684,2.7100000381469727,2.759999990463257,2.75,94600,2.75
2020-10-09,2.799999952316284,2.7100000381469727,2.7699999809265137,2.7200000286102295,76800,2.7200000286102295
2020-10-12,2.799999952316284,2.6500000953674316,2.700000047683716,2.6700000762939453,242500,2.6700000762939453
2020-10-13,2.7100000381469727,2.5799999237060547,2.630000114440918,2.6500000953674316,126800,2.6500000953674316
2020-10-14,2.809999942779541,2.609999895095825,2.609999895095825,2.759999990463257,118100,2.759999990463257
2020-10-15,2.799999952316284,2.6600000858306885,2.700000047683716,2.7200000286102295,45100,2.7200000286102295
2020-10-16,2.799999952316284,2.630000114440918,2.740000009536743,2.630000114440918,89900,2.630000114440918
2020-10-19,2.740000009536743,2.559999942779541,2.740000009536743,2.5899999141693115,116300,2.5899999141693115
2020-10-20,2.6700000762939453,2.569999933242798,2.5899999141693115,2.6500000953674316,69600,2.6500000953674316
2020-10-21,2.7899999618530273,2.630000114440918,2.6500000953674316,2.7699999809265137,118200,2.7699999809265137
2020-10-22,2.7899999618530273,2.680000066757202,2.7899999618530273,2.7200000286102295,85300,2.7200000286102295
2020-10-23,2.75,2.6600000858306885,2.700000047683716,2.740000009536743,41100,2.740000009536743
2020-10-26,2.75,2.630000114440918,2.6600000858306885,2.680000066757202,179300,2.680000066757202
2020-10-27,2.7200000286102295,2.6500000953674316,2.7200000286102295,2.690000057220459,47400,2.690000057220459
2020-10-28,2.7300000190734863,2.619999885559082,2.7100000381469727,2.700000047683716,110800,2.700000047683716
2020-10-29,2.759999990463257,2.6500000953674316,2.7200000286102295,2.7300000190734863,69500,2.7300000190734863
2020-10-30,2.740000009536743,2.619999885559082,2.6600000858306885,2.690000057220459,158200,2.690000057220459
2020-11-02,2.75,2.5999999046325684,2.75,2.640000104904175,84800,2.640000104904175
2020-11-03,2.7799999713897705,2.6500000953674316,2.7100000381469727,2.7200000286102295,74300,2.7200000286102295
2020-11-04,2.7899999618530273,2.6600000858306885,2.7899999618530273,2.700000047683716,42400,2.700000047683716
2020-11-05,2.950000047683716,2.680000066757202,2.680000066757202,2.890000104904175,190200,2.890000104904175
2020-11-06,3.0299999713897705,2.9000000953674316,2.9200000762939453,2.9600000381469727,167200,2.9600000381469727
2020-11-09,3.0999999046325684,2.809999942779541,3.069999933242798,2.819999933242798,164400,2.819999933242798
2020-11-10,2.890000104904175,2.8399999141693115,2.869999885559082,2.869999885559082,47600,2.869999885559082
2020-11-11,2.8499999046325684,2.75,2.8499999046325684,2.7799999713897705,100800,2.7799999713897705
2020-11-12,2.880000114440918,2.75,2.75,2.869999885559082,107400,2.869999885559082
2020-11-13,2.9000000953674316,2.7899999618530273,2.880000114440918,2.819999933242798,60100,2.819999933242798
2020-11-16,3.0,2.859999895095825,2.890000104904175,2.9100000858306885,112900,2.9100000858306885
2020-11-17,2.930000066757202,2.819999933242798,2.9000000953674316,2.9200000762939453,46200,2.9200000762939453
2020-11-18,2.9600000381469727,2.809999942779541,2.9000000953674316,2.9000000953674316,95942,2.9000000953674316
